6.64272646579694,119.357760111491,80.6191440789378,65.5387135782549,72.9591789245605,97.5433349609375,62.7934065659841,25.2950540391466,23.5804508451366,60.2531677497612,35.4719227993873,115.839527423565,101.074375152588,141.555755615234,9.8511285810189,86.9015113830566,101.093393961589,89.9193531570622,115.737808227539,108.69267302069,77.531681060791,68.5577913284302,85.5195363954056,71.5221300796226,67.8306135737319,0,95.8368734148698,109.521144080708,61.6798263364717,11.6520577552476,27.588111030442,0,63.2092933654785,24.0532528049541,59.6299285409439,0,0,132.887924194336,81.9331436157227,0,0,195.433547973633,127.67080783844,145.974420547485,0,154.683837890625,0,0,0,161.054983956473,0,0,0,0,0,0,110.822204589844,119.460452488491,141.329930623372,126.298372056749,0,161.141357421875,165.384375939002,121.959797143936,163.266012573242,145.474739074707,0,0,141.008636474609,169.966331481934
119.357760111491,5.6483969729729,38.1166612355396,11.7188514751724,169.465286254883,0,145.917755126953,116.216639709473,154.893489837646,63.4482761334769,141.641754150391,52.7676707458496,103.861042022705,39.6923999501698,117.893225351969,122.61212310791,54.6343202863421,50.6167305867909,50.0299907260471,58.9370177709139,0,86.7873018052843,19.032855944649,61.1299236237057,78.7413637497846,24.0306386124227,38.7046741083128,27.0775668169748,90.6145684378488,128.49184526716,103.865936551775,51.8210870392468,0,118.415913391113,58.3878098247207,0,60.5051879882812,103.268283843994,47.9154362678528,0,0,0,0,0,89.8915939331055,178.834340413411,0,148.017944335938,67.5476417541504,0,0,0,0,109.52452545166,127.735504150391,0,0,68.42746925354,106.132484436035,0,56.2223625183105,71.4218680063884,107.985431671143,0,0,119.722396850586,0,0,0,113.924011230469
80.6191440789378,38.1166612355396,9.8558835872034,37.5199769189753,110.521578979492,149.98469543457,123.387635102143,83.0669072856533,113.82037334631,88.7197518599661,96.0886360591077,71.1527254897936,120.710624694824,79.723813826038,99.7688870751382,115.73620223999,69.3789142502679,39.8521449135057,77.0959428486071,61.4195330646246,120.57218170166,61.9734477954441,36.5900627951952,23.7522502397247,88.2733663882849,0,26.716427849693,23.6476921601772,76.4135357148658,84.2154373931885,64.2929413165553,74.1588920593262,159.120808919271,87.5736809306675,54.3289394758299,149.225318908691,50.201432800293,83.404297010273,54.1380827201987,0,0,0,144.18514251709,178.015330723354,0,0,139.192184448242,0,157.972633361816,164.909111609826,0,88.2930471756879,97.1413513323583,133.370475769043,115.350085667201,0,113.566370010376,50.3905811309814,92.7903566704422,150.143881988525,0,93.2082279104935,83.0173632111212,135.745662855065,154.071105957031,140.455408477783,144.970367431641,204.999145507812,0,108.876082771703
65.5387135782549,11.7188514751724,37.5199769189753,18.1145212165893,65.8949040272197,105.958618164062,74.0702982766288,55.6057360374321,75.1840824824507,15.1342883241357,71.2371755070711,44.0677761609041,53.1933967045375,32.4096762235047,71.2915850240131,62.6606300527399,37.1040955178825,57.7479201394158,51.3681192398071,51.2275848024674,79.6876675742013,48.4243451903466,32.4528543553628,45.7749540697865,35.1281312974811,18.1714683702054,37.1906107521199,36.0408605764094,48.2363667267161,65.1347107688979,51.1928493246848,51.1241096408888,0,55.2027677070337,59.2069365970672,88.2932529449463,82.2142524719238,71.3733961922782,12.20457719187,98.1245381281926,0,93.8971079046076,65.1381881327569,95.8409458082549,21.0189364933577,89.7692468915667,105.091940307617,76.8827428817749,44.692575992682,98.9977237156459,0,57.4181861877441,57.0787136077881,68.3990885416667,62.2914639348569,113.239342689514,66.3136238098145,51.0205522289983,70.9032879137013,55.2946762561798,32.9743876987033,55.0907723563058,63.715073135376,64.4965001787458,88.0146048973347,74.5506861069623,73.480827331543,0,79.4186231439764,86.6169621011485
72.9591789245605,169.465286254883,110.521578979492,65.8949040272197,8.9730076259235,104.184364318848,52.7104201466513,45.681913120406,69.1001931445699,44.4686589350227,17.5367742832336,0,32.020545594377,0,79.9765923045506,55.4908083982246,97.7245254516602,0,0,176.688110351562,12.9425594769134,112.974310302734,111.411337852478,91.1742932637533,22.321123503078,143.448837280273,142.755162556966,121.560389200846,18.3032992237016,86.3702235221863,101.028458595276,0,130.043411254883,76.3919361962213,86.817965046052,0,0,184.136596679688,64.7933826446533,51.2942340243215,0,143.169599420884,121.222752497746,166.474055153983,79.6369799886431,138.3212216802,0,100.431183406285,0,180.798319498698,105.162955147879,0,0,0,0,129.591511420484,0,144.106307983398,0,102.274954000333,0,0,0,140.087676574137,172.441974639893,0,0,0,133.960159301758,168.683151245117
97.5433349609375,0,149.98469543457,105.958618164062,104.184364318848,6.5024116760571,8.53786869468477,105.899122064764,14.8107184645008,83.6500610351563,97.4622052001953,55.1819152832031,95.3145734998915,79.6081848144531,19.9208020773357,11.2287530201573,0,0,99.2135848999023,0,116.595278422038,0,0,88.2215245564779,147.170570373535,0,161.288101196289,132.798487345378,109.219763861762,17.4376983431669,100.629734039307,0,9.69890724465556,63.9396095275879,32.9274093358204,0,0,0,0,0,0,0,0,0,0,0,0,0,0,0,0,0,0,0,0,0,0,0,0,171.55061340332,0,0,0,0,0,0,0,0,0,0
62.7934065659841,145.917755126953,123.387635102143,74.0702982766288,52.7104201466513,8.53786869468477,7.47095966827489,52.7287292788658,16.375634374177,36.0304483336371,20.8633109912062,73.220515039232,20.9785187656038,64.0290056864421,20.1117039443952,11.4888950463064,0,147.512218475342,0,132.082233428955,37.5165026115208,93.7751820882161,79.3968819512261,97.4344551984002,51.9836180186966,0,139.417502441406,140.558869552612,57.6392693023682,19.8977745058335,77.9875411987305,0,14.9741208096882,78.9335826237996,47.0088642935396,0,0,0,74.1897354125977,154.073993458467,0,158.198692321777,130.887934516458,168.12924363878,82.79537339644,146.631971597672,0,112.446663856506,0,188.454925537109,106.363582611084,0,204.112579345703,0,0,147.92014503479,0,0,0,112.841234842936,0,185.756042480469,193.6513671875,145.214110324257,151.786352157593,0,0,0,142.737548828125,159.5451171875
25.2950540391466,116.216639709473,83.0669072856533,55.6057360374321,45.681913120406,105.899122064764,52.7287292788658,8.58408328575908,47.490896733324,50.3034828495858,13.9338147421254,135.625373363495,52.8586655703458,143.663689749581,48.9213828497186,65.3994373055392,77.5651824587867,93.0052329311852,129.680801391602,118.627917055224,64.7521445232889,60.2876028270024,65.7779848409254,64.3371848299926,48.1757665773297,0,104.45220464376,100.920407018527,23.958697701196,51.0091864890981,13.4406720705569,140.336471557617,113.224875313895,54.0604692804174,69.5149935208834,105.993461608887,0,155.146893819173,75.0922967737371,149.318093617757,0,129.17595464533,112.62319875318,141.361795697893,72.6773088895358,136.133031972249,0,127.094230651855,0,143.463110860189,89.9574508666992,200.044509887695,153.676055908203,0,174.661682128906,118.868879699707,113.165946960449,115.252108982631,148.280366625105,102.089350002915,0,150.289855957031,145.805776323591,118.082428181966,139.617098758095,144.499877929688,0,0,139.790466308594,138.755095048384
23.5804508451366,154.893489837646,113.82037334631,75.1840824824507,69.1001931445699,14.8107184645008,16.375634374177,47.490896733324,9.31493524590497,69.3867368878059,23.4504122186841,72.0647622195157,26.7528477353741,105.036844400259,12.2016457514265,25.0634746109004,144.774593353271,122.095714262162,105.541046142578,139.927849811056,70.8419287745432,96.0135774612427,90.6966495139926,95.8173763125968,72.7682938210818,0,126.359944135038,131.073036579604,67.8572408993453,22.4685293074334,65.413740661909,146.359432220459,11.4928626078597,67.6095241239701,52.9518843189055,157.975152587891,0,182.859539794922,100.306242509322,133.278072102865,0,147.482521057129,137.698767608067,157.935413707386,91.0807884216309,155.364317617109,190.320663452148,121.728946685791,0,167.820430210658,202.178565979004,0,178.733779907227,0,0,138.120213826497,0,114.089093526204,160.530174255371,118.621014607747,163.817245483398,188.090286254883,163.116705322266,141.850919772417,163.296993255615,0,0,183.333724975586,141.929992675781,158.445727030436
60.2531677497612,63.4482761334769,88.7197518599661,15.1342883241357,44.4686589350227,83.6500610351563,36.0304483336371,50.3034828495858,69.3867368878059,7.84137108675202,63.7931408505691,113.151654052734,9.73443945488215,106.952588353838,70.5416217288455,17.6608154488673,81.9085213797433,107.990725835164,119.789123535156,117.110354423523,31.5591539692705,81.7094795053656,23.0040757295234,92.4170060591264,16.5351707843718,95.3986692810059,99.8280738194783,95.0067207604124,45.4844874351509,62.025672056237,53.5461820884259,120.108231862386,0,54.9749120659784,63.6811202889058,173.036468505859,102.791694641113,0,56.3575812253085,99.2974869410197,0,96.228010559082,85.3293585343794,114.886998494466,38.9937590735299,103.868449232313,0,82.1979026794434,128.527603149414,136.824394226074,62.4121612548828,0,0,0,0,92.2760942247179,189.019744873047,0,0,59.4377971528068,0,0,175.513341267904,96.6481695736156,115.730738639832,77.4969177246094,0,0,0,0
35.4719227993873,141.641754150391,96.0886360591077,71.2371755070711,17.5367742832336,97.4622052001953,20.8633109912062,13.9338147421254,23.4504122186841,63.7931408505691,8.73467990815566,129.922690171462,21.1940464632785,155.329635620117,21.1490086079075,50.9223159021801,0,108.406715665545,143.111251831055,133.635145278204,15.2710671946755,84.2267490955109,95.5038812425401,75.4266475930598,46.0676754301742,113.15754699707,112.486769897769,110.86450958252,28.5873196019478,69.3619951854911,46.6706273136426,0,106.52530343192,60.5802553228216,79.2732168491908,144.880256652832,0,151.720377604167,95.3257846832275,138.121988604146,0,153.301806749616,135.308600616455,167.396987328163,86.8542129115054,150.463577647786,0,134.555904036302,0,153.578283456656,130.563209533691,0,0,0,0,145.2919570568,0,132.604518890381,212.084833780924,111.240688415394,0,165.482977294922,154.328271484375,148.182227690756,165.315270423889,108.926597595215,0,236.805145263672,0,165.431832631429
115.839527423565,52.7676707458496,71.1527254897936,44.0677761609041,0,55.1819152832031,73.220515039232,135.625373363495,72.0647622195157,113.151654052734,129.922690171462,10.1796728081589,138.146728515625,15.9968649769932,72.8815904717696,66.8338565826416,98.0116176605225,56.2091795899147,20.8767611330218,18.5991373551765,0,92.9767015245226,88.4524307250977,81.2519843612892,134.587446424696,26.1176387062073,24.6084408171177,44.2719290776593,131.961831955683,45.156319186562,97.4462960561116,29.4038928317673,56.3760623931885,95.0118204752604,25.8055285618011,0,68.5108947753906,103.953811645508,49.923542536222,0,0,0,0,0,0,213.873794555664,70.5763893127441,0,36.6009400089582,0,0,151.750915527344,0,92.7129461115057,90.8211517333984,0,0,0,164.35326385498,0,53.5846396854946,81.4682286580404,95.8957730168882,0,0,0,103.269060134888,0,0,86.6068496704102
101.074375152588,103.861042022705,120.710624694824,53.1933967045375,32.020545594377,95.3145734998915,20.9785187656038,52.8586655703458,26.7528477353741,9.73443945488215,21.1940464632785,138.146728515625,9.01829212525535,0,73.5337926607866,12.8969878129344,0,0,0,0,14.7281687160221,146.646453857422,68.0150501544659,158.415420532227,25.2318258515879,135.09245300293,157.632202148438,126.347372436523,43.6814306986837,86.0182504018148,96.4965915679932,0,121.736150741577,87.0328463040865,90.9469469189644,162.028671264648,0,0,68.8049335479736,63.8696958358029,0,94.1506990814209,105.987144470215,130.084049987793,70.617213010788,103.129817649966,0,12.9344243699128,0,85.1207656860352,95.6302070617676,0,0,0,0,13.6400004476722,0,0,0,98.5027255546756,0,0,0,123.972398546007,151.416905721029,135.295593261719,0,0,0,0
141.555755615234,39.6923999501698,79.723813826038,32.4096762235047,0,79.6081848144531,64.0290056864421,143.663689749581,105.036844400259,106.952588353838,155.329635620117,15.9968649769932,0,7.11710673845368,115.078570048014,136.417861938477,174.102928161621,75.3179242610931,47.4774659103817,47.356956363161,148.866973876953,99.0568161010742,76.3582572384157,99.8736557006836,131.004562650408,19.7669872965433,29.1177118038231,20.0998059257031,149.619280133929,71.406976558544,141.22548421224,11.2379430252647,75.6820170084635,0,46.4307594126207,0,82.6052309672038,0,34.9895749030175,213.481185913086,0,0,0,0,154.264938354492,0,76.9098806381226,173.436828613281,31.7078853808658,0,0,0,0,79.109847164154,93.3817418416341,0,0,0,0,141.645030975342,46.2042610168457,78.7710939889931,83.466806656275,207.096313476562,0,0,73.6280968405984,0,0,115.356864929199
9.8511285810189,117.893225351969,99.7688870751382,71.2915850240131,79.9765923045506,19.9208020773357,20.1117039443952,48.9213828497186,12.2016457514265,70.5416217288455,21.1490086079075,72.8815904717696,73.5337926607866,115.078570048014,6.25978666266621,30.4216147872517,106.907011032104,105.704861814326,115.171888987223,122.607205595289,78.7502929592921,83.375638184724,92.0725859365156,80.9462864885893,72.4151488786394,118.745616912842,113.63862079279,121.183974802313,68.6035245980012,13.8313436456229,53.6228704266082,185.644714355469,12.2654592002676,38.5528834474167,44.6941472116393,143.054634094238,147.738830566406,161.982809066772,90.4156074523926,153.924602508545,0,162.247475624084,129.703119417516,158.710718301626,94.7026646931966,148.283826745075,0,171.240036010742,0,162.437802124023,0,0,0,0,0,155.282936096191,0,121.658323923747,162.855880737305,125.050697871617,0,189.47380065918,159.498596191406,131.667130545284,153.103134944521,166.448674519857,0,198.68505859375,153.813724517822,149.981120182918
86.9015113830566,122.61212310791,115.73620223999,62.6606300527399,55.4908083982246,11.2287530201573,11.4888950463064,65.3994373055392,25.0634746109004,17.6608154488673,50.9223159021801,66.8338565826416,12.8969878129344,136.417861938477,30.4216147872517,7.10007010615049,0,0,0,0,49.6531429933698,77.8146591186523,68.444109656594,94.3877906799316,36.4110134766358,130.06360244751,137.643325805664,126.533580144246,70.2399354662214,23.2860708208226,89.0188102722168,0,33.3400663733482,81.4936552781325,33.1413190486067,200.549880981445,0,0,0,106.842737833659,0,0,0,137.476791381836,51.8752708435059,138.276412963867,0,158.250076293945,0,0,0,0,0,0,0,133.394271850586,0,0,0,67.483325958252,0,0,0,145.261560440063,158.863891601562,0,0,0,0,0
101.093393961589,54.6343202863421,69.3789142502679,37.1040955178825,97.7245254516602,0,0,77.5651824587867,144.774593353271,81.9085213797433,0,98.0116176605225,0,174.102928161621,106.907011032104,0,12.560021514448,87.6476743788946,0,109.881995201111,0,20.0849559632834,28.3000239529123,25.9727212515148,19.5086659016784,114.038963317871,80.8966326559744,28.4813405912677,28.961065687888,101.65649171309,61.9165146220814,0,169.120315551758,89.2205028533936,68.0596728812743,0,84.4123840332031,102.227390148022,56.6065967082977,0,0,173.105392456055,155.905731201172,136.783248901367,0,0,0,0,0,236.572296142578,0,91.8174508136252,130.613161359515,0,0,0,98.8650600599206,49.1855047060096,89.876055456157,98.4769337972005,0,119.951051330566,106.479720182197,106.171585575227,161.804321289062,106.510115305583,0,0,127.098876953125,129.494983673096
89.9193531570622,50.6167305867909,39.8521449135057,57.7479201394158,0,0,147.512218475342,93.0052329311852,122.095714262162,107.990725835164,108.406715665545,56.2091795899147,0,75.3179242610931,105.704861814326,0,87.6476743788946,8.92691997053236,43.4891945828674,21.7887335587855,0,49.7562286856701,70.5519320706287,19.4787785194062,115.90099352882,82.8484503428141,20.370901511482,57.6657884544344,110.359819396203,81.2652841160158,64.3614203231387,79.3394795293393,0,81.2922872112643,28.0507853077621,171.324905395508,67.7137568547175,95.9410558089115,68.1651703761174,0,0,0,171.882334391276,0,191.591644287109,243.970886230469,110.866310119629,0,165.975128173828,179.735448201497,0,104.535318374634,109.469166111302,130.506072998047,117.533865737915,0,0,68.2706402369908,127.696460354713,168.360394795736,0,102.253743458943,97.4139760430179,157.317815144857,178.773307800293,151.875640869141,0,0,0,103.659180274376
115.737808227539,50.0299907260471,77.0959428486071,51.3681192398071,0,99.2135848999023,0,129.680801391602,105.541046142578,119.789123535156,143.111251831055,20.8767611330218,0,47.4774659103817,115.171888987223,0,0,43.4891945828674,5.87880845716285,10.7536118410475,0,118.051469421387,91.3609359741211,75.6733679199219,142.411979675293,48.4496301412582,22.0276491543046,53.6118904255673,128.289890289307,71.9121602186516,99.3535520765517,52.1785882355331,0,107.799423217773,52.2722047956587,0,0,0,55.6349404652913,0,0,0,232.09602355957,0,0,0,100.610553741455,0,81.6301111074594,0,0,0,0,100.984382629395,114.286769866943,0,0,0,0,0,73.2692402430943,93.8204792943494,102.566299438477,0,0,0,106.293546040853,0,0,0
108.69267302069,58.9370177709139,61.4195330646246,51.2275848024674,176.688110351562,0,132.082233428955,118.627917055224,139.927849811056,117.110354423523,133.635145278204,18.5991373551765,0,47.356956363161,122.607205595289,0,109.881995201111,21.7887335587855,10.7536118410475,8.60666867317303,174.995559692383,85.8182832868837,95.987566027725,55.1140552539731,121.391942596436,40.5918210795228,24.998951918938,53.9693623880065,120.882813405182,90.1625306288401,84.8018804710602,52.4341139554977,0,92.1978784376575,38.0207627634287,175.317306518555,88.2057113647461,112.588678442914,60.8857770459405,0,0,0,183.200119018555,199.0888671875,148.30094909668,0,84.3792953491211,0,84.6995113917759,191.360382080078,0,147.041458129883,110.452613830566,98.0806811939586,107.299413169303,0,0,84.8865642547607,156.203633626302,132.081115722656,74.8291670481364,94.939510345459,98.5600179227671,0,180.916580200195,156.59370803833,94.3916091918945,0,0,120.020163642036
77.531681060791,0,120.57218170166,79.6876675742013,12.9425594769134,116.595278422038,37.5165026115208,64.7521445232889,70.8419287745432,31.5591539692705,15.2710671946755,0,14.7281687160221,148.866973876953,78.7502929592921,49.6531429933698,0,0,0,174.995559692383,10.0365601098135,133.640803019206,84.5819416046143,128.25787789481,26.5339690235247,0,162.226463317871,120.539487838745,26.9583841859412,85.308511900965,100.038436889648,0,119.372584025065,83.5540908813477,89.0875642499851,0,0,0,101.219942092896,36.0726989061198,197.241088867188,135.287263146762,134.388932800293,151.286539459229,78.8005867004395,138.11612875437,0,43.1941668899896,0,173.41033744812,81.3790798187256,0,0,0,0,35.9420042659925,0,0,0,94.542694607903,0,0,0,125.800177852,193.312984466553,0,0,0,0,0
68.5577913284302,86.7873018052843,61.9734477954441,48.4243451903466,112.974310302734,0,93.7751820882161,60.2876028270024,96.0135774612427,81.7094795053656,84.2267490955109,92.9767015245226,146.646453857422,99.0568161010742,83.375638184724,77.8146591186523,20.0849559632834,49.7562286856701,118.051469421387,85.8182832868837,133.640803019206,9.62222760447792,46.7759417354664,20.2666900240759,23.4894706606364,106.148849487305,81.5043351061932,80.0254732944059,25.1481642772381,63.0423851129132,23.3598027745658,112.896312713623,94.3846435546875,49.3255475906737,39.7435174723983,129.986231486003,0,118.301604637733,70.3391922981508,0,0,0,135.148071289062,173.853385925293,0,0,0,0,0,136.118000030518,0,99.7907568124624,126.194854736328,0,169.521797180176,0,104.976328117903,65.1193827946981,107.543869484795,99.2030372619629,0,139.276248931885,130.451846440633,104.81954379198,149.781267438616,111.068049782201,0,0,161.502479553223,135.800743103027
85.5195363954056,19.032855944649,36.5900627951952,32.4528543553628,111.411337852478,0,79.3968819512261,65.7779848409254,90.6966495139926,23.0040757295234,95.5038812425401,88.4524307250977,68.0150501544659,76.3582572384157,92.0725859365156,68.444109656594,28.3000239529123,70.5519320706287,91.3609359741211,95.987566027725,84.5819416046143,46.7759417354664,8.11376659635458,43.7623742590926,27.4207761847472,66.8917499410695,71.1798188506054,39.6523573790686,49.8495167395132,80.8340589108674,49.4675238514359,90.97796875,0,60.0516307723354,58.4051930114513,66.7178344726562,89.9045867919922,76.5440111467915,48.8813106637252,110.144008636475,0,133.705963134766,103.154072352818,138.067555745443,84.336667742048,119.451679992676,0,97.026008605957,106.448514302572,123.085266113281,92.8501014709473,55.6460454493393,102.067966461182,121.936332702637,120.429578781128,138.030456542969,61.8472799325918,42.0491857778194,60.4066555023193,68.945426940918,0,131.450748867459,84.269914150238,65.8934717178345,166.68359375,75.062568359375,0,220.409774780273,80.1570625305176,96.5608901977539
71.5221300796226,61.1299236237057,23.7522502397247,45.7749540697865,91.1742932637533,88.2215245564779,97.4344551984002,64.3371848299926,95.8173763125968,92.4170060591264,75.4266475930598,81.2519843612892,158.415420532227,99.8736557006836,80.9462864885893,94.3877906799316,25.9727212515148,19.4787785194062,75.6733679199219,55.1140552539731,128.25787789481,20.2666900240759,43.7623742590926,14.4005933781204,60.3444383939107,104.077644348145,50.2524630552644,38.9784122009305,51.4624707426223,74.7152388966273,39.5143830638827,94.6677714756557,158.677494049072,71.6627492953569,44.3271289472299,157.064476013184,83.4133063868472,94.778719308493,55.3903198917815,231.914764404297,0,190.369903564453,144.159962158203,176.484233856201,0,146.05707804362,0,0,162.589088439941,172.64438035753,0,90.3242682828248,117.922978487882,184.747909545898,139.64247639974,173.328369140625,99.1350726947918,54.6874848855693,93.4911923984058,107.906915990318,0,121.636316472834,97.5971103940103,118.946790863486,160.929098765055,117.517582233136,0,0,130.723480224609,121.098807634626
67.8306135737319,78.7413637497846,88.2733663882849,35.1281312974811,22.321123503078,147.170570373535,51.9836180186966,48.1757665773297,72.7682938210818,16.5351707843718,46.0676754301742,134.587446424696,25.2318258515879,131.004562650408,72.4151488786394,36.4110134766358,19.5086659016784,115.90099352882,142.411979675293,121.391942596436,26.5339690235247,23.4894706606364,27.4207761847472,60.3444383939107,10.2936022257662,111.02134930248,120.015530864085,87.6365294667472,19.4262452543836,69.58290535809,55.2823885805694,141.111692640516,119.995287577311,61.9638210482953,67.8810985998674,124.240778069747,115.470737457275,154.206796264648,56.199897840288,101.800828356542,158.881446838379,112.246849750502,101.157414596446,129.687130802362,44.1124120118483,109.002318754096,169.198776245117,102.049727106669,0,138.261198248182,91.5640260908339,121.427474975586,176.939567565918,216.409805297852,0,100.566202475808,110.350716590881,89.0006430149078,130.030791572903,72.8289789065396,145.856098175049,211.460189819336,159.826400756836,106.513418073278,134.262351418839,131.11671295166,0,159.523778279622,116.512629699707,135.731769256592
0,24.0306386124227,0,18.1714683702054,143.448837280273,0,0,0,0,95.3986692810059,113.15754699707,26.1176387062073,135.09245300293,19.7669872965433,118.745616912842,130.06360244751,114.038963317871,82.8484503428141,48.4496301412582,40.5918210795228,0,106.148849487305,66.8917499410695,104.077644348145,111.02134930248,10.9938385301217,37.2562199829102,23.6549325269631,121.173327636719,89.2272736685617,97.9754943847656,42.5507803252249,0,144.032257080078,57.3870700465308,139.981689453125,56.2818603515625,112.100677490234,24.9059585215763,0,0,0,0,0,124.671762466431,0,59.4671773638044,0,47.0596340196029,209.602035522461,150.896072387695,0,98.2806625366211,69.0058687068214,66.2797236723058,193.301544189453,0,91.1145528157552,0,183.347198486328,36.8254084390463,63.8422094683781,65.7018895653205,0,124.693420410156,0,67.4238431637104,0,0,81.0319091796875
95.8368734148698,38.7046741083128,26.716427849693,37.1906107521199,142.755162556966,161.288101196289,139.417502441406,104.45220464376,126.359944135038,99.8280738194783,112.486769897769,24.6084408171177,157.632202148438,29.1177118038231,113.63862079279,137.643325805664,80.8966326559744,20.370901511482,22.0276491543046,24.998951918938,162.226463317871,81.5043351061932,71.1798188506054,50.2524630552644,120.015530864085,37.2562199829102,11.2604285286275,23.8231854645547,103.868263617016,92.6500480029995,81.6171536602223,22.1350115452409,145.803067525228,96.3933844045431,51.9589414768662,149.770034790039,78.1029777526855,88.7475449664038,47.6102383970483,200.509704589844,0,0,171.616297403971,175.200847625732,147.301910400391,0,104.330368041992,0,76.3541896382316,171.913289388021,0,116.724380493164,97.3873668985629,95.1290311505718,92.5631367742679,0,137.314258575439,81.718183629653,125.734515053885,185.853713989258,63.7728063143217,84.3423449826606,86.7132501014291,180.402194976807,175.158849080404,148.709493637085,98.5951529110179,0,168.928649902344,107.181873321533
109.521144080708,27.0775668169748,23.6476921601772,36.0408605764094,121.560389200846,132.798487345378,140.558869552612,100.920407018527,131.073036579604,95.0067207604124,110.86450958252,44.2719290776593,126.347372436523,20.0998059257031,121.183974802313,126.533580144246,28.4813405912677,57.6657884544344,53.6118904255673,53.9693623880065,120.539487838745,80.0254732944059,39.6523573790686,38.9784122009305,87.6365294667472,23.6549325269631,23.8231854645547,12.1945831904654,79.3653266501735,105.940826240291,91.240078770949,15.3381389981346,0,106.003824783584,59.9269439895275,161.380091349284,59.9688508942371,86.0211340769251,48.9199305981566,181.822579956055,0,202.34364827474,150.164551326207,175.925370436448,148.389135572645,194.983609286222,89.1307122972276,174.866786956787,73.1310085312592,179.186611938477,168.99690246582,88.3696958101713,99.3077552609327,92.012473691743,100.012039151685,194.593688964844,139.563445409139,53.3785354192532,97.727964907087,147.656290608068,61.9241257607937,88.2478014071782,88.0462854328945,149.5177397477,155.36577129364,136.589145826257,88.5698342756792,0,0,108.191234465568
61.6798263364717,90.6145684378488,76.4135357148658,48.2363667267161,18.3032992237016,109.219763861762,57.6392693023682,23.958697701196,67.8572408993453,45.4844874351509,28.5873196019478,131.961831955683,43.6814306986837,149.619280133929,68.6035245980012,70.2399354662214,28.961065687888,110.359819396203,128.289890289307,120.882813405182,26.9583841859412,25.1481642772381,49.8495167395132,51.4624707426223,19.4262452543836,121.173327636719,103.868263617016,79.3653266501735,10.3693890553295,65.9584209763529,27.1313709027501,142.508087158203,114.346689860026,56.3458601063348,62.3811629003778,119.551659584045,106.426868438721,140.998352050781,63.4025431760808,112.211590223223,0,139.887424850464,109.512505115391,140.875335110558,77.3999275408293,140.817746571132,0,140.070811165704,0,140.867661265145,129.199622017997,121.398003133138,167.465265909831,0,182.825843811035,140.441420697151,108.212681095775,88.8463108990643,126.020016850652,101.448711118934,169.1494140625,159.430759429932,149.262892058401,110.037811083671,129.609703375369,113.278484922467,0,179.183303833008,116.126390155993,133.087251082711
11.6520577552476,128.49184526716,84.2154373931885,65.1347107688979,86.3702235221863,17.4376983431669,19.8977745058335,51.0091864890981,22.4685293074334,62.025672056237,69.3619951854911,45.156319186562,86.0182504018148,71.406976558544,13.8313436456229,23.2860708208226,101.65649171309,81.2652841160158,71.9121602186516,90.1625306288401,85.308511900965,63.0423851129132,80.8340589108674,74.7152388966273,69.58290535809,89.2272736685617,92.6500480029995,105.940826240291,65.9584209763529,7.06097454313368,24.1380527979724,84.6063710992987,7.83259989062226,9.1134267848422,27.6604706348711,144.841577148437,0,136.089083353678,81.8882609208425,142.351606750488,0,151.856971740723,131.119576055353,165.099931604722,101.99078478132,152.274744370404,0,130.680801391602,0,161.663095225459,165.083221435547,138.33073425293,139.242744445801,0,123.197723388672,173.126256306966,98.6473388671875,101.072764587402,155.481658935547,123.538491160599,0,174.171983337402,161.900944232941,124.935107938705,148.694131602412,123.394013722738,0,229.644607543945,112.876468658447,156.862209955851
27.588111030442,103.865936551775,64.2929413165553,51.1928493246848,101.028458595276,100.629734039307,77.9875411987305,13.4406720705569,65.413740661909,53.5461820884259,46.6706273136426,97.4462960561116,96.4965915679932,141.22548421224,53.6228704266082,89.0188102722168,61.9165146220814,64.3614203231387,99.3535520765517,84.8018804710602,100.038436889648,23.3598027745658,49.4675238514359,39.5143830638827,55.2823885805694,97.9754943847656,81.6171536602223,91.240078770949,27.1313709027501,24.1380527979724,9.90543788824322,0,109.666496276855,28.2438370111458,32.7373204208707,0,82.1715621948242,125.086046854655,66.6660926652991,0,0,180.135147094727,127.320266723633,187.564319610596,54.8213081359863,157.355392456055,0,0,0,139.614437103271,0,92.7187271118164,156.835879516602,0,0,0,98.1355793601588,76.231824239095,133.03732926505,101.243792215983,0,150.019939422607,132.557057444255,101.625255066671,126.704301452637,101.790399551392,0,0,104.929430643717,130.036298751831
0,51.8210870392468,74.1588920593262,51.1241096408888,0,0,0,140.336471557617,146.359432220459,120.108231862386,0,29.4038928317673,0,11.2379430252647,185.644714355469,0,0,79.3394795293393,52.1785882355331,52.4341139554977,0,112.896312713623,90.97796875,94.6677714756557,141.111692640516,42.5507803252249,22.1350115452409,15.3381389981346,142.508087158203,84.6063710992987,0,5.12942084894207,0,136.848815917969,60.5431169108341,0,116.035297393799,0,56.3141380807628,0,0,0,0,0,0,0,127.014343261719,0,77.5856355667114,0,0,0,169.343658447266,97.7303187052409,103.612214521928,0,0,0,0,0,68.4223733789781,96.2991541269663,97.3222991279934,0,0,0,98.6607911851671,0,0,0
63.2092933654785,0,159.120808919271,0,130.043411254883,9.69890724465556,14.9741208096882,113.224875313895,11.4928626078597,0,106.52530343192,56.3760623931885,121.736150741577,75.6820170084635,12.2654592002676,33.3400663733482,169.120315551758,0,0,0,119.372584025065,94.3846435546875,0,158.677494049072,119.995287577311,0,145.803067525228,0,114.346689860026,7.83259989062226,109.666496276855,0,4.9614148287324,0,37.1159826737863,0,0,0,0,0,0,0,0,0,0,0,0,0,0,0,0,0,0,0,0,0,0,0,0,0,0,0,0,221.555450439453,0,0,0,0,0,0
24.0532528049541,118.415913391113,87.5736809306675,55.2027677070337,76.3919361962213,63.9396095275879,78.9335826237996,54.0604692804174,67.6095241239701,54.9749120659784,60.5802553228216,95.0118204752604,87.0328463040865,0,38.5528834474167,81.4936552781325,89.2205028533936,81.2922872112643,107.799423217773,92.1978784376575,83.5540908813477,49.3255475906737,60.0516307723354,71.6627492953569,61.9638210482953,144.032257080078,96.3933844045431,106.003824783584,56.3458601063348,9.1134267848422,28.2438370111458,136.848815917969,0,5.53828079043084,21.5873227487166,146.832092285156,0,152.420239766439,68.2944253285726,112.611713409424,0,150.951452636719,123.679291381836,154.009420776367,103.851943969727,136.67384185791,0,169.252075195312,0,159.312548828125,0,120.388885498047,0,0,139.636032104492,0,97.6340255737305,104.826663970947,155.342374165853,110.252809478015,132.415939331055,123.378723144531,172.847091674805,116.389275687081,137.972083435059,122.426469802856,0,0,130.719967433384,165.917569841657
59.6299285409439,58.3878098247207,54.3289394758299,59.2069365970672,86.817965046052,32.9274093358204,47.0088642935396,69.5149935208834,52.9518843189055,63.6811202889058,79.2732168491908,25.8055285618011,90.9469469189644,46.4307594126207,44.6941472116393,33.1413190486067,68.0596728812743,28.0507853077621,52.2722047956587,38.0207627634287,89.0875642499851,39.7435174723983,58.4051930114513,44.3271289472299,67.8810985998674,57.3870700465308,51.9589414768662,59.9269439895275,62.3811629003778,27.6604706348711,32.7373204208707,60.5431169108341,37.1159826737863,21.5873227487166,10.7027527714308,169.80837504069,56.1222720675998,96.5496420609324,74.595297757317,170.56808980306,0,161.713413238525,132.678653717041,165.620210127397,92.757932027181,154.682473318917,149.642059326172,158.082046508789,92.8844747543335,160.310885261087,0,111.205093052076,117.802509489514,119.140350341797,121.485230922699,138.396011352539,119.349641418457,65.9920957849381,108.209478113035,124.780749285663,100.138576507568,100.131033916863,99.4366147734902,127.615589042332,152.788926124573,123.18413772583,96.4185028076172,0,0,136.224400446965
0,0,149.225318908691,88.2932529449463,0,0,0,105.993461608887,157.975152587891,173.036468505859,144.880256652832,0,162.028671264648,0,143.054634094238,200.549880981445,0,171.324905395508,0,175.317306518555,0,129.986231486003,66.7178344726562,157.064476013184,124.240778069747,139.981689453125,149.770034790039,161.380091349284,119.551659584045,144.841577148437,0,0,0,146.832092285156,169.80837504069,9.88889855614722,107.50511441912,96.6823936769332,67.6324267796108,90.6863922542996,100.443687438965,84.4709866172389,21.8164635482787,40.1846549439786,66.846085589865,52.5775241335037,110.157572359652,101.521127065023,152.286880493164,13.213919705532,66.1039009094238,83.5969747396616,88.0329139830574,120.582437955416,109.133588776222,94.4478318956163,64.1404072282501,80.7657881723323,82.9329180277016,66.5993768938126,116.350361633301,105.099292337563,112.35393434615,68.7943519934843,15.3395374814171,22.2117586352362,141.85546875,82.8461332321167,38.1658841802719,62.29250366525
0,60.5051879882812,50.201432800293,82.2142524719238,0,0,0,0,0,102.791694641113,0,68.5108947753906,0,82.6052309672038,147.738830566406,0,84.4123840332031,67.7137568547175,0,88.2057113647461,0,0,89.9045867919922,83.4133063868472,115.470737457275,56.2818603515625,78.1029777526855,59.9688508942371,106.426868438721,0,82.1715621948242,116.035297393799,0,0,56.1222720675998,107.50511441912,6.70796210265897,36.6431888169414,17.9222298163288,0,0,0,111.733007330644,145.656913757324,62.3569064023384,153.904383341471,65.0558752580123,112.463439941406,36.9771104936281,124.323047002157,105.272782461984,37.4645253741552,52.1239059107475,69.2639845305798,53.6419575941478,123.82975769043,83.8789842128754,13.3306243005187,60.9756545531444,74.7636558698571,20.4864575273383,42.4664168862923,30.5984822581845,118.393587517016,110.17428894043,98.7876861890157,63.0943453171674,0,95.0962753295898,59.1537214813232
132.887924194336,103.268283843994,83.404297010273,71.3733961922782,184.136596679688,0,0,155.146893819173,182.859539794922,0,151.720377604167,103.953811645508,0,0,161.982809066772,0,102.227390148022,95.9410558089115,0,112.588678442914,0,118.301604637733,76.5440111467915,94.778719308493,154.206796264648,112.100677490234,88.7475449664038,86.0211340769251,140.998352050781,136.089083353678,125.086046854655,0,0,152.420239766439,96.5496420609324,96.6823936769332,36.6431888169414,11.587054746695,40.9631909222162,147.838059997559,160.945821126302,118.996603181091,89.0825161391275,116.468715492455,97.081323294804,106.966014963786,79.0814073024652,144.031265258789,80.0517739688649,112.176848330994,113.590761184692,57.143595718756,42.4214697368046,78.2105032415951,62.0786448803145,142.911224365234,63.6875174223487,35.2440106341489,32.9603045977706,105.377213668823,82.4621551513672,33.6755377151923,25.9373497499709,76.9071787477937,117.046298843931,89.2660140991211,86.7766244676378,167.03475189209,117.560737609863,61.9792784175487
81.9331436157227,47.9154362678528,54.1380827201987,12.20457719187,64.7933826446533,0,74.1897354125977,75.0922967737371,100.306242509322,56.3575812253085,95.3257846832275,49.923542536222,68.8049335479736,34.9895749030175,90.4156074523926,0,56.6065967082977,68.1651703761174,55.6349404652913,60.8857770459405,101.219942092896,70.3391922981508,48.8813106637252,55.3903198917815,56.199897840288,24.9059585215763,47.6102383970483,48.9199305981566,63.4025431760808,81.8882609208425,66.6660926652991,56.3141380807628,0,68.2944253285726,74.595297757317,67.6324267796108,17.9222298163288,40.9631909222162,11.3274145364516,68.6338270537707,173.629844665527,84.7519589852596,61.2638394264603,85.9243720019305,14.1039161831291,82.6715516887727,56.1256466631619,76.8339316368103,23.6164356503783,84.3784007537059,60.6800903451854,34.8000385245882,53.0580948276156,57.6823400769915,49.0474267485206,63.3047239939372,51.4409884744713,32.103158060027,45.8206837519927,38.0110047878605,14.1495305957416,39.1432680262357,38.0832047114584,48.7451283042615,74.8084778776482,59.8052642927741,55.4870128631592,126.950860595703,64.2525697642359,63.0112875783703
0,0,0,98.1245381281926,51.2942340243215,0,154.073993458467,149.318093617757,133.278072102865,99.2974869410197,138.121988604146,0,63.8696958358029,213.481185913086,153.924602508545,106.842737833659,0,0,0,0,36.0726989061198,0,110.144008636475,231.914764404297,101.800828356542,0,200.509704589844,181.822579956055,112.211590223223,142.351606750488,0,0,0,112.611713409424,170.56808980306,90.6863922542996,0,147.838059997559,68.6338270537707,7.74241481932207,127.26153755188,60.4876468363262,63.7968294090695,90.5001096487894,52.8590882594191,26.1451174210618,144.757319132487,33.9680865379415,0,98.4459319555459,61.5570365181805,0,156.010848999023,0,166.811264038086,13.1231434984403,128.208801269531,117.222310384115,130.784633636475,23.024269920419,158.144271850586,138.896408081055,151.140759468079,16.6413794599195,94.4743895263672,104.460632324219,0,123.317245483398,91.4920501708984,95.4872982401243
0,0,0,0,0,0,0,0,0,0,0,0,0,0,0,0,0,0,0,0,197.241088867188,0,0,0,158.881446838379,0,0,0,0,0,0,0,0,0,0,100.443687438965,0,160.945821126302,173.629844665527,127.26153755188,6.61484688753401,7.72123918936367,99.2770121647761,10.9681611286473,0,99.7313734112364,58.2887940179734,98.7056045532227,55.7027893066406,30.301962369605,11.1595308885583,0,133.933471679688,87.7429428100586,0,101.001289367676,130.698635101318,0,146.80283610026,106.229315757751,0,115.218427022298,0,118.458096027374,28.671486628683,0,92.4713668823242,9.31183934427549,0,37.7311416105791
195.433547973633,0,0,93.8971079046076,143.169599420884,0,158.198692321777,129.17595464533,147.482521057129,96.228010559082,153.301806749616,0,94.1506990814209,0,162.247475624084,0,173.105392456055,0,0,0,135.287263146762,0,133.705963134766,190.369903564453,112.246849750502,0,0,202.34364827474,139.887424850464,151.856971740723,180.135147094727,0,0,150.951452636719,161.713413238525,84.4709866172389,0,118.996603181091,84.7519589852596,60.4876468363262,7.72123918936367,7.71186785628494,53.0928425568715,15.0493330961805,40.4589560578722,26.7368959333457,70.6543976314484,23.4181184057873,78.4001176016671,42.364403799864,12.7933361780854,118.278373718262,147.231946159812,124.303649902344,146.479748535156,44.5061215453116,101.897469656808,105.444207327706,108.123030931522,56.3923394650363,82.9558219909668,139.218899602475,150.970517158508,68.3923309246379,73.6551965955278,91.13183434065,155.79670715332,18.7414645636401,93.8582019805908,83.7012251308986
127.67080783844,0,144.18514251709,65.1381881327569,121.222752497746,0,130.887934516458,112.62319875318,137.698767608067,85.3293585343794,135.308600616455,0,105.987144470215,0,129.703119417516,0,155.905731201172,171.882334391276,232.09602355957,183.200119018555,134.388932800293,135.148071289062,103.154072352818,144.159962158203,101.157414596446,0,171.616297403971,150.164551326207,109.512505115391,131.119576055353,127.320266723633,0,0,123.679291381836,132.678653717041,21.8164635482787,111.733007330644,89.0825161391275,61.2638394264603,63.7968294090695,99.2770121647761,53.0928425568715,8.28454160385523,52.1833922437144,58.5309206684555,14.441011884851,121.599104216605,76.7360968589783,151.149308946398,31.3314945704291,77.6883996775452,93.2850360870361,85.5802902326847,125.59066730656,110.974711076929,79.0354383419722,65.3552258855815,79.2734073174966,74.6739718136545,53.7094924327454,122.673393249512,103.789032582155,107.602852286424,34.8182185629918,58.1537990728644,19.0339037177344,179.720520019531,113.311850411551,71.3944435819573,75.4724969965227
