12.1161972525602,129.176400320871,95.0326770987236,81.1532181346484,87.6349262491862,86.1652908325195,73.4410244567054,26.9655376839496,32.7649952031516,67.3102184772492,38.4339365636279,120.848053359985,98.9728959027459,136.068145751953,13.7645487292914,59.6831077575684,130.986345926921,103.115438286612,152.919055938721,127.082159007679,93.5371579014978,79.6030906459263,90.8186418533325,86.9999402637131,77.6714258695904,166.56867980957,116.601760260803,125.450291021083,75.253131707898,18.1874540454474,33.0804270114893,167.491683959961,80.2779044238004,34.4269004703797,76.9737563746991,0,151.778442382812,165.169218699137,80.2129866282145,101.231668744768,0,0,113.287518819173,243.303558349609,93.3487701416016,122.684242248535,0,137.230842590332,0,150.486991882324,0,109.951133728027,193.997029622396,0,0,0,115.414184570312,0,167.6343863351,123.862954457601,0,198.537342071533,174.974207305908,134.163410731724,137.385025024414,134.363993326823,0,0,159.274147033691,177.396369934082
129.176400320871,7.85482922768192,41.3337096426596,12.2054459444878,109.235698699951,0,161.586559840611,123.842614173889,153.927555084229,66.8237237743303,126.259727478027,68.1608585993449,103.452894846598,53.5268392432226,131.912495006214,141.719264984131,51.5026306152344,57.3621703681596,69.2227822580645,59.3353456800634,0,89.7943572998047,21.7523777051769,70.4116342383695,81.5783268804136,22.5403512837726,49.4393546588343,30.0031216946481,104.827809533408,91.2398628961472,106.101118527926,68.3736598151071,90.7966003417969,93.650520324707,56.6317584644664,0,0,109.822978210449,76.9519729614258,0,0,193.52880859375,119.445693969727,225.130294799805,0,0,0,0,83.4252243041992,0,0,0,118.600772857666,0,133.227607727051,0,0,0,132.01072883606,129.954364776611,91.4046783447266,108.750566263668,116.41888148444,119.24275970459,0,138.912231445312,0,0,0,0
95.0326770987236,41.3337096426596,12.1709961718971,45.734636698088,128.442920684814,162.455123901367,130.672103411778,94.1645241320485,120.197792429673,115.245731578154,107.335813723112,83.2506938562161,141.694882074992,116.117264487527,109.042059765903,128.223295211792,85.0420206387838,39.2678958243986,95.1918466091156,68.489328219499,163.07338104248,59.7639990937166,53.9175870522813,22.737311437347,107.965395212173,103.706720140245,28.4405446084864,31.7266515102686,95.1472105055921,95.6708054542542,82.2351885861712,94.331566619873,184.086062113444,108.727919006348,55.2852168726117,164.85665512085,72.7679582075639,97.444100907434,67.8749008178711,215.30717976888,0,177.216369628906,158.539491271973,192.209997558594,0,194.344345092773,157.528831481934,0,0,175.057370867048,0,131.933166503906,107.304921367976,153.886286417643,134.838371753693,0,121.739864002575,103.142301940918,100.66403450912,153.636651992798,105.951560974121,106.80738960084,95.4920604146063,144.957353591919,174.523356119792,131.670311821832,0,0,184.049591064453,112.919547796249
81.1532181346484,12.2054459444878,45.734636698088,27.4447122027021,57.2383787708898,116.786061968122,90.2340431674834,66.8849693964398,84.5916971437544,13.0387055467154,77.1177869509896,83.26526827131,52.8962646520363,64.6433222672035,93.7227485437187,65.258101087628,41.970531835723,61.8445520505623,91.6690564685398,64.0228327647545,79.4017559687297,56.3734323008836,25.4486219419772,53.5541031145809,43.3056598178549,41.7747590818503,53.9740074882626,39.2233672290778,58.7606354995423,74.2870647047982,63.0137235469908,70.6364551667244,117.152861531576,55.9512209050796,66.7944956830671,73.7376937866211,99.598139444987,83.992270551409,23.0602998137474,89.2379211425781,135.744064331055,101.772019348145,79.7948833099783,90.8258282643444,31.7945370992025,93.4601340780453,0,71.8514401753743,89.8372163772583,105.599857330322,132.70337677002,76.1433002948761,109.084618759155,164.627540588379,136.761001110077,89.2021728515625,74.151627627286,24.3475205248052,68.0090442516186,51.7067680845869,0,117.800960089571,92.1213531284542,75.5551958271101,100.112722941807,90.0710705348423,130.348852157593,129.317211151123,84.5065056937081,96.2489056905111
87.6349262491862,109.235698699951,128.442920684814,57.2383787708898,14.4360216687468,140.331829071045,55.4012851569858,45.106400026034,93.9276936986054,21.0585335857427,27.7465824147235,163.424674987793,24.6010148678573,0,106.263456460201,63.2112357098123,83.4234294891357,212.478614807129,149.90446472168,181.192260742188,18.2543487045704,111.838709150042,79.9245135784149,115.951950073242,19.1374527174269,0,147.362697124481,129.695508003235,13.7159438758196,92.6529221111283,78.4445095062256,0,136.783307162198,79.4841542397776,90.2229835911801,149.83927154541,0,0,88.179380607605,12.8261496406062,189.284088134766,133.323440335832,131.324812633235,143.482879638672,102.744156341553,98.0113509546512,0,13.4584327471027,0,149.868339191784,146.740782165527,0,0,0,0,15.3858635687214,0,119.833358764648,167.93628692627,102.112794354836,0,226.256271362305,170.556091308594,98.7444728660583,147.688409341348,116.988922119141,0,190.613891601562,145.177085876465,154.024119146939
86.1652908325195,0,162.455123901367,116.786061968122,140.331829071045,7.37749254084253,10.7899836671824,132.822744369507,23.5477322291431,0,107.913362503052,60.2550992098722,95.6798617045085,0,40.4466322568747,13.6602869229386,0,0,0,83.3088188171387,107.549099731445,100.032760620117,0,94.8726226806641,118.119932556152,74.4697647094727,129.497980117798,98.5939915974935,123.082359313965,24.2504013426164,97.4209747314453,0,10.214686549967,0,39.9881551162056,0,0,0,0,0,0,0,0,228.567459106445,0,0,0,0,0,209.143905639648,0,0,0,0,0,0,0,0,239.876739501953,0,0,166.116348266602,132.550842285156,0,177.369232177734,159.842239379883,0,0,0,219.439575195312
73.4410244567054,161.586559840611,130.672103411778,90.2340431674834,55.4012851569858,10.7899836671824,9.59088248977995,70.5046565226005,18.7057476320594,73.1742573815423,24.1895194300048,79.7883903446482,26.7641777967525,92.7416795094808,33.7769069679118,12.5838837901255,131.860996246338,148.35291697881,118.70044259464,125.024894367565,36.1298225125941,108.435232668507,111.979754924774,123.164532702902,74.5771784848945,100.799420674642,147.094698422197,144.975524603152,62.1982063734403,30.3429762015503,97.2831236945258,119.533774058024,12.2097037507688,79.4529116312663,65.3056852998405,140.654403686523,211.242431640625,203.486656188965,110.065901620047,78.9995104471842,0,164.176727988503,154.806775526567,174.110248565674,123.05913289388,166.751450538635,0,103.128899002075,0,172.279512602707,172.254241943359,0,0,0,160.451629638672,126.756698608398,136.157821655273,0,195.60026550293,128.221350972245,0,174.391766866048,172.571323394775,150.197279633069,175.092858123779,140.89225769043,129.422836303711,0,159.541769845145,178.97442150116
26.9655376839496,123.842614173889,94.1645241320485,66.8849693964398,45.106400026034,132.822744369507,70.5046565226005,9.05493275767379,67.7573444035584,59.2464330909315,15.6367823681141,145.653822183609,67.9056952076574,163.758448282878,39.9336890898999,72.3963913084969,82.70886523907,121.15769723021,165.881118774414,147.694724373195,103.228549674705,60.7253754840763,77.8917615413666,77.6137907637171,60.531455570552,141.710960388184,119.413884496629,98.7836892677076,24.686334385869,41.3271101142623,14.234974899268,163.154774983724,129.906370357591,69.9221264669828,85.5389220275247,147.312020301819,169.224238077799,171.918824848376,79.6002014227081,137.801349216037,0,157.068278919567,124.922088305155,154.96788722447,99.649516241891,143.084924614948,0,126.946881103516,224.968963623047,151.590896735757,153.92565612793,195.732536315918,190.702420043945,225.80290222168,0,147.428713117327,166.76463508606,125.682418823242,153.528319432185,118.217687045827,0,189.94556511773,159.677894269916,124.246671634869,150.098804308021,131.939912062425,245.604751586914,206.026428222656,141.88318238435,141.701969146729
32.7649952031516,153.927555084229,120.197792429673,84.5916971437544,93.9276936986054,23.5477322291431,18.7057476320594,67.7573444035584,12.9553438404711,79.1139975337659,37.5132530556425,77.8062011213055,79.667887833304,98.2385985238212,16.5112486369302,23.1450212447381,123.020813681863,133.240891431601,108.356893892641,123.007594368675,86.6099754757351,98.273690855122,101.005821372889,112.346801216172,85.3990829634747,150.318650817871,137.459813958378,140.704818665748,82.6747228809919,31.618870569174,80.0077903288648,131.491425408257,26.9668202236896,75.0256196975708,63.3998702253032,160.506293160575,157.484382629395,184.377115885417,96.78345051031,119.552247249719,0,169.964548211349,150.682944012503,175.463672514885,111.405590057373,158.907007217407,0,125.738248651678,0,170.396896147392,176.980346679688,183.439758300781,211.215301513672,0,0,148.174294722708,163.739130655924,118.588073730469,189.505929129464,135.908229181675,247.0576171875,175.374274212381,187.497672231574,149.08585615561,172.354247320266,153.191262986925,0,0,149.968883196513,165.401226244475
67.3102184772492,66.8237237743303,115.245731578154,13.0387055467154,21.0585335857427,0,73.1742573815423,59.2464330909315,79.1139975337659,8.24699626062961,63.1698558484737,131.273498890012,9.9156510276082,115.330917079699,86.5142932256063,21.9294381607903,55.0492432730539,123.706078269265,136.884773254395,128.927326202393,16.7413780085871,54.2178754326251,25.0078731414487,85.1084307380345,17.8628780791994,94.4969706078098,119.190646993703,102.865833492602,48.6204809771012,72.6435322195797,56.7498494089209,124.521905422211,120.082635243734,51.4271786870183,77.9423225178438,117.471076965332,0,212.164184570312,48.2531248728434,96.7831254256399,0,123.229137420654,112.232235378689,159.222374916077,70.2796446482341,115.426669401281,155.539428710938,66.8946159362793,186.128402709961,119.680508204869,120.984016418457,0,0,0,0,102.083120073591,0,98.6443252563477,0,68.780784660286,0,185.401604788644,178.801334727894,98.2038086399888,136.923628670829,0,0,0,103.130101013184,135.867446899414
38.4339365636279,126.259727478027,107.335813723112,77.1177869509896,27.7465824147235,107.913362503052,24.1895194300048,15.6367823681141,37.5132530556425,63.1698558484737,10.8476171213179,144.320515405564,21.7782704002333,169.639739990234,35.5609509198224,56.9781710529885,110.125439235142,140.092281538187,174.698846181234,160.092056274414,20.6681986546197,80.4562739554168,89.517097010757,93.9998572356719,59.5122894653907,137.73518371582,130.769919611827,130.546856394985,21.0716278803508,90.451851530722,61.5369846702556,0,119.028206934694,82.6567581616915,90.0737681566087,152.505281720843,230.192779541016,191.645116170247,96.8522222900391,46.0851839702562,0,168.106576538086,139.583280642171,163.356633528224,114.012497558594,142.85708770752,0,66.7392809881884,0,164.836162355211,167.070737202962,145.643432617188,0,0,219.800979614258,75.8636471827825,0,124.33028793335,178.011274719238,121.532659298665,0,207.508305867513,177.911037190755,137.798360878694,165.014181009928,149.869167963664,0,207.23481241862,158.917361919697,157.3588105982
120.848053359985,68.1608585993449,83.2506938562161,83.26526827131,163.424674987793,60.2550992098722,79.7883903446482,145.653822183609,77.8062011213055,131.273498890012,144.320515405564,14.6852806254296,146.323273128933,20.3693246003113,81.7191576185173,77.937606048584,115.969432830811,51.7921412000469,21.757772086347,30.2365144601858,145.062862537525,92.1115265870706,98.3440064220894,88.4951984448866,151.623739842006,33.6665068627489,37.9198614335834,68.8304065297764,146.242963975476,57.4727894936375,101.818603373019,39.2834352925262,64.4590836953426,99.5295987129211,29.7652098621552,0,135.75059000651,138.963835580008,140.546886097301,0,0,0,235.251876831055,218.966756184896,180.553894042969,0,110.132975006104,0,86.6693383921748,198.398498535156,0,0,133.440016746521,102.260889434814,104.681695152732,0,152.859008789062,145.017780303955,134.105220031738,196.974456787109,67.7848114967346,98.5892393243568,101.647143818658,0,229.206466674805,0,97.855596224467,0,0,138.273236955915
98.9728959027459,103.452894846598,141.694882074992,52.8962646520363,24.6010148678573,95.6798617045085,26.7641777967525,67.9056952076574,79.667887833304,9.9156510276082,21.7782704002333,146.323273128933,11.0098433658889,121.740388870239,99.4790896588218,12.5069158262886,112.410530090332,179.336970011393,155.728352864583,184.626129150391,14.3688632494196,96.9045181274414,60.4558342204374,109.383515675863,19.585963079425,120.455450057983,171.249176025391,155.683096313477,40.8710463657777,98.9089105881772,91.2726543567799,0,113.056696256002,79.6218762397766,92.0235285701522,136.568328857422,0,234.879364013672,82.6242603725857,22.5499805362285,0,92.2314374711778,130.012269083659,167.783271202674,83.0917053222656,35.1784000505101,0,11.9377047118586,0,153.840441894531,95.3444004058838,0,0,0,0,14.0098446531934,0,0,0,79.1207676887512,0,203.70556640625,0,125.51384624682,156.247701856825,165.848785400391,0,0,115.323894500732,153.589802333287
136.068145751953,53.5268392432226,116.117264487527,64.6433222672035,0,0,92.7416795094808,163.758448282878,98.2385985238212,115.330917079699,169.639739990234,20.3693246003113,121.740388870239,8.09475180464589,106.958032177341,114.902389526367,134.686331431071,87.700999886649,52.4423768408597,73.1052451373862,0,137.209509849548,87.7454840742697,112.82717023577,136.054737384503,17.908453094463,35.5115056162512,31.2434741256442,147.883950666948,80.3470672808195,153.33587773641,12.8588341876911,94.6471981249358,0,57.1187385676457,203.154891967773,110.872431755066,0,74.7201403209141,0,0,0,0,0,144.722961425781,0,94.5464113023546,0,79.6817225234768,235.296356201172,0,172.964553833008,134.499082814092,97.4373489601025,105.240325845698,0,175.868118286133,131.786862182617,162.812408447266,187.137573242188,58.5970335860751,92.1564130538549,94.4304568562873,167.873550415039,0,169.497085571289,88.3053986533394,151.569274902344,0,117.33421421051
13.7645487292914,131.912495006214,109.042059765903,93.7227485437187,106.263456460201,40.4466322568747,33.7769069679118,39.9336890898999,16.5112486369302,86.5142932256063,35.5609509198224,81.7191576185173,99.4790896588218,106.958032177341,10.510258961904,40.5571055042651,119.621942138672,123.927489677878,109.554490104554,115.822670319501,100.02548977312,91.5971826769642,106.016292615869,102.135725868808,95.9997201816056,130.98506503635,130.204468292716,136.16465888427,89.3262963666734,28.6732165624783,61.7643266270479,132.700395202637,20.4580164781728,39.3241808619992,50.0483402087009,0,143.225708007812,184.064540608724,115.041438832003,124.663770039876,0,177.540841909555,157.496151924133,179.817437235514,122.453358459473,162.96862411499,0,137.637272227894,192.842936197917,177.041097005208,224.712432861328,0,174.877705383301,0,0,137.983966480602,163.8037109375,137.996162414551,179.643153797496,136.87382915658,0,178.987984066918,182.755145189239,151.926070799311,183.801114862615,148.55757598877,0,0,158.233809153239,173.078510284424
59.6831077575684,141.719264984131,128.223295211792,65.258101087628,63.2112357098123,13.6602869229386,12.5838837901255,72.3963913084969,23.1450212447381,21.9294381607903,56.9781710529885,77.937606048584,12.5069158262886,114.902389526367,40.5571055042651,7.90912770804379,0,166.596838814872,154.151000976562,0,45.6837477586707,95.7626834445529,58.3903834645341,91.383235168457,40.6287217898802,119.132214864095,132.114542961121,126.970027378627,74.5170477253117,38.0906426205355,69.9477340698242,0,36.2258580436169,79.9195404052734,49.4036084115505,167.993301391602,0,0,101.282405853271,81.2577514648438,0,0,155.585626220703,149.015098571777,84.1606216430664,0,0,81.7161808013916,0,0,0,0,194.951354980469,0,0,0,0,0,0,105.748112996419,0,0,184.33723449707,130.022053527832,161.285720825195,0,0,0,0,246.961563110352
130.986345926921,51.5026306152344,85.0420206387838,41.970531835723,83.4234294891357,0,131.860996246338,82.70886523907,123.020813681863,55.0492432730539,110.125439235142,115.969432830811,112.410530090332,134.686331431071,119.621942138672,0,11.568629376824,102.293529912045,112.014205932617,107.505111000755,0,17.5646876672998,32.2674959004073,16.3917250118535,29.7580441751532,119.039402008057,94.6784355914006,29.0086467925458,38.8295338913728,89.3377052307129,61.5880642709015,124.66263071696,0,41.9260580880301,78.2180033503352,0,0,117.160863876343,96.5020408630371,0,0,0,178.003883361816,221.944107055664,89.7556171417236,158.956405639648,183.863311767578,0,0,0,0,99.3327340518727,185.37663269043,187.889022827148,221.845260620117,0,99.7526652018229,57.2793846343483,99.1778767270126,126.487588882446,0,146.209058761597,104.900659179687,130.592149734497,140.16145324707,117.945320129395,0,0,0,125.318495178223
103.115438286612,57.3621703681596,39.2678958243986,61.8445520505623,212.478614807129,0,148.35291697881,121.15769723021,133.240891431601,123.706078269265,140.092281538187,51.7921412000469,179.336970011393,87.700999886649,123.927489677878,166.596838814872,102.293529912045,12.4121270629707,50.5512883622212,23.57245641055,199.895538330078,56.6968082404824,80.9312582641955,30.4138546874093,120.274920533343,69.4990626248446,31.0850948228401,64.8893728438568,126.526343663534,88.7188931627588,76.9424174429763,92.2194966855256,126.645401318868,76.1762100973247,44.4885832715153,170.77961730957,84.0041776958265,109.102781577188,91.1194739568801,0,0,0,164.06999206543,193.679462977818,164.319831848145,169.621612548828,150.057334899902,0,131.465572902134,183.205317179362,0,132.615623474121,116.505976707705,149.757563273112,133.966565732603,0,122.986232757568,125.661437988281,121.132230572996,168.588809204102,104.967181396484,110.533228691051,109.943134386569,161.973944981893,214.544057210286,161.01163482666,144.957973480225,0,0,110.646801147461
152.919055938721,69.2227822580645,95.1918466091156,91.6690564685398,149.90446472168,0,118.70044259464,165.881118774414,108.356893892641,136.884773254395,174.698846181234,21.757772086347,155.728352864583,52.4423768408597,109.554490104554,154.151000976562,112.014205932617,50.5512883622212,6.57768408585699,17.0072428721711,186.140777587891,100.58488146464,101.884777166905,101.58188434177,158.557435716901,48.9579013113588,32.5071367504775,64.8331727489719,164.29407925076,85.9372011331411,113.741280691964,52.6358464947869,93.9439421433669,135.845767974854,58.9270722586349,189.701507568359,131.412406921387,131.133441380092,127.385952758789,0,0,0,186.417887369792,0,0,0,120.971829133875,0,105.331320636677,224.244644165039,0,173.754676818848,137.545991608591,115.051003774007,115.405997583422,0,0,0,157.476102193197,0,83.9769214448475,104.793210391115,103.562385351702,0,0,190.495254516602,109.480505807059,0,0,128.344316864014
127.082159007679,59.3353456800634,68.489328219499,64.0228327647545,181.192260742188,83.3088188171387,125.024894367565,147.694724373195,123.007594368675,128.927326202393,160.092056274414,30.2365144601858,184.626129150391,73.1052451373862,115.822670319501,0,107.505111000755,23.57245641055,17.0072428721711,9.10371813904304,159.76131439209,86.1297540747601,93.887129412757,73.5093377257838,139.876590929533,53.1335153620294,28.4777721335845,67.3111819332342,138.563156576718,84.7538710412406,98.2158230515777,71.2658877563477,94.0500344564748,94.7717643737793,45.6453722938069,0,120.230367961683,123.938734690348,75.647484588623,0,0,0,174.963934326172,213.138326009115,0,0,126.648570469448,0,121.573039715107,0,0,146.552729797363,116.47386554877,128.853941726685,118.196014573839,0,153.567672729492,121.179870605469,141.270172373454,175.34464263916,119.699947902134,106.608430458843,107.279224298651,198.009284973145,208.849922180176,172.045857149012,127.28897450765,0,0,118.431228637695
93.5371579014978,0,163.07338104248,79.4017559687297,18.2543487045704,107.549099731445,36.1298225125941,103.228549674705,86.6099754757351,16.7413780085871,20.6681986546197,145.062862537525,14.3688632494196,0,100.02548977312,45.6837477586707,0,199.895538330078,186.140777587891,159.76131439209,12.3834165467649,142.748259226481,120.061637878418,157.287471226283,21.9997196529943,0,185.986377716064,188.437381744385,29.3679988710701,99.1598614529446,126.224269443088,0,128.033325958252,84.5645432472229,90.7912448883057,0,117.23649597168,0,77.8678512573242,23.2869277477264,0,100.420389175415,144.875522266735,168.779517037528,94.0618858337402,100.700423853738,0,15.8604989319646,0,165.784264700753,0,0,0,0,0,26.383452956416,0,0,0,107.827702782371,0,0,213.52742767334,138.016305674677,174.181159973145,158.176193237305,0,0,156.323348999023,172.988087972005
79.6030906459263,89.7943572998047,59.7639990937166,56.3734323008836,111.838709150042,100.032760620117,108.435232668507,60.7253754840763,98.273690855122,54.2178754326251,80.4562739554168,92.1115265870706,96.9045181274414,137.209509849548,91.5971826769642,95.7626834445529,17.5646876672998,56.6968082404824,100.58488146464,86.1297540747601,142.748259226481,11.7952373106409,49.8608621185518,21.1533582519853,18.193370979066,101.022430419922,95.6803085207939,65.4574515053204,21.7305989545688,22.4767703906789,28.6790818961776,155.630310058594,96.2664403915405,35.4871241925047,39.3758502977988,137.358316421509,0,128.457106559507,70.6712725213233,0,0,174.145050048828,118.95371723175,207.743499755859,113.880043029785,0,0,0,0,165.044728597005,0,109.886547512478,160.75252859933,0,0,0,106.933289337158,72.0250837598528,109.399511021205,114.816489257813,0,146.374492645264,124.720796639579,119.812712235884,153.156843821208,124.426254966042,0,0,108.960569000244,132.201323032379
90.8186418533325,21.7523777051769,53.9175870522813,25.4486219419772,79.9245135784149,0,111.979754924774,77.8917615413666,101.005821372889,25.0078731414487,89.517097010757,98.3440064220894,60.4558342204374,87.7454840742697,106.016292615869,58.3903834645341,32.2674959004073,80.9312582641955,101.884777166905,93.887129412757,120.061637878418,49.8608621185518,8.22015079567253,50.9601798741729,25.8260821621715,64.549402501848,83.0394596672668,30.0789073832221,58.5547881327402,77.5490315004906,62.6097970225876,91.4784484863281,122.165536880493,58.8966304461161,68.4165731021336,0,98.477783203125,98.9663755893707,53.7515311922346,177.479751586914,0,120.566734313965,108.136637369792,174.481170654297,134.523410797119,138.719581604004,0,172.767913818359,116.532245635986,167.590240478516,0,62.508531443278,131.569471359253,147.628448486328,156.418899536133,137.425903320312,65.2603721618652,36.4799748182297,85.5957671184929,95.6527113342285,156.420104980469,120.992956797282,108.730426536812,121.09965474982,124.877777099609,123.884970664978,170.107849121094,0,92.7451019287109,113.439970652262
86.9999402637131,70.4116342383695,22.737311437347,53.5541031145809,115.951950073242,94.8726226806641,123.164532702902,77.6137907637171,112.346801216172,85.1084307380345,93.9998572356719,88.4951984448866,109.383515675863,112.82717023577,102.135725868808,91.383235168457,16.3917250118535,30.4138546874093,101.58188434177,73.5093377257838,157.287471226283,21.1533582519853,50.9601798741729,15.1097199970356,47.1707659341395,93.4100513458252,66.1034061672861,35.9016653611721,61.1988195082945,59.7995113265418,54.4035335168245,126.898443222046,117.196952819824,53.6265428215265,48.6016931829593,143.361480712891,100.87660853068,105.451901960083,79.2365021207439,100.05785369873,0,0,147.922680409749,195.933756510417,104.629599320261,0,171.737022399902,0,0,213.677658081055,0,104.491634320609,123.377816220547,177.330070495605,154.275747299194,0,113.477965999294,65.8304016246131,102.927073515956,133.716238542037,0,130.916987472706,100.98853957811,136.66410354496,139.989398956299,134.181541442871,0,0,124.35640335083,120.525424771193
77.6714258695904,81.5783268804136,107.965395212173,43.3056598178549,19.1374527174269,118.119932556152,74.5771784848945,60.531455570552,85.3990829634747,17.8628780791994,59.5122894653907,151.623739842006,19.585963079425,136.054737384503,95.9997201816056,40.6287217898802,29.7580441751532,120.274920533343,158.557435716901,139.876590929533,21.9997196529943,18.193370979066,25.8260821621715,47.1707659341395,11.0518112990278,112.287665597324,113.965646316066,77.87350753183,18.4019975674657,77.6783168037732,63.2195990130791,145.826602172852,126.866725921631,59.4123140419609,81.0328214428738,132.656458341158,130.197757720947,154.868669509888,65.1636923137464,74.4512817274849,158.953948974609,131.618971337212,111.321544560911,138.011141711519,77.2019128799438,121.967953369141,180.144966125488,94.879036174101,196.377960205078,136.301909019834,129.472553525652,99.9287634955512,183.611990356445,0,183.981170654297,116.618168200477,121.317699008518,83.4990888323103,144.74661546595,86.0927267661309,157.931488037109,180.360738653886,146.64895483788,110.131697858785,137.685151326288,113.056959194607,225.692840576172,155.101165771484,116.41588984309,129.79885828495
166.56867980957,22.5403512837726,103.706720140245,41.7747590818503,0,74.4697647094727,100.799420674642,141.710960388184,150.318650817871,94.4969706078098,137.73518371582,33.6665068627489,120.455450057983,17.908453094463,130.98506503635,119.132214864095,119.039402008057,69.4990626248446,48.9579013113588,53.1335153620294,0,101.022430419922,64.549402501848,93.4100513458252,112.287665597324,7.22435458481118,41.7701238680891,24.2809520727391,136.694551195417,93.3217486143112,140.741658528646,41.7906221074795,85.3459249223982,120.557804107666,60.0561083503391,0,91.5649817330497,136.784496307373,113.520578384399,0,0,0,187.550918579102,0,139.641754150391,0,76.6837747361925,0,62.6327362605504,0,0,0,108.890064586293,83.32951075236,80.3753769167008,0,0,0,0,152.43229675293,31.6649315697806,74.8610299454044,75.4428615693922,0,0,172.687934875488,67.9300773257301,0,0,88.3780899047852
116.601760260803,49.4393546588343,28.4405446084864,53.9740074882626,147.362697124481,129.497980117798,147.094698422197,119.413884496629,137.459813958378,119.190646993703,130.769919611827,37.9198614335834,171.249176025391,35.5115056162512,130.204468292716,132.114542961121,94.6784355914006,31.0850948228401,32.5071367504775,28.4777721335845,185.986377716064,95.6803085207939,83.0394596672668,66.1034061672861,113.965646316066,41.7701238680891,16.5387029054974,37.3265089094886,123.670621660021,106.822061684824,106.239842004645,32.8595737218329,122.591641594382,111.323872884115,65.4568622543151,174.354156494141,97.7724254995153,105.33093547821,67.8256023770287,175.43083190918,0,0,173.114793528681,192.263889659535,186.450103759766,214.15915222168,119.593893638024,0,103.745102519574,188.989938735962,0,131.479327392578,107.657367784606,114.571590770375,108.110837440929,0,135.05437151591,144.11285608465,127.764020077817,174.797010149275,79.5048709267064,97.2459362726058,96.4742310300025,165.056231498718,220.519287109375,151.939061557545,110.322407066822,0,0,111.951741112603
125.450291021083,30.0031216946481,31.7266515102686,39.2233672290778,129.695508003235,98.5939915974935,144.975524603152,98.7836892677076,140.704818665748,102.865833492602,130.546856394985,68.8304065297764,155.683096313477,31.2434741256442,136.16465888427,126.970027378627,29.0086467925458,64.8893728438568,64.8331727489719,67.3111819332342,188.437381744385,65.4574515053204,30.0789073832221,35.9016653611721,77.87350753183,24.2809520727391,37.3265089094886,14.7458162413786,80.7746472718746,109.093552963289,104.072575032795,42.2527961962416,117.828637186686,105.175204167601,65.4686701012419,173.977373123169,75.5284990298203,96.8966968935088,61.3123894432778,0,0,192.874855041504,154.071618485124,188.347160644531,151.654607772827,186.820533752441,119.518253251618,0,108.06966045076,187.914204915365,0,118.875554402669,110.548398619763,121.633416408963,112.645156138388,0,132.268655519228,93.5472482140384,99.1101338405664,154.348334441314,86.1551492137294,99.3035142333249,95.6851058245729,141.329515230858,180.683737182617,146.570869227818,116.550262231093,0,168.781641642253,114.203897297676
75.253131707898,104.827809533408,95.1472105055921,58.7606354995423,13.7159438758196,123.082359313965,62.1982063734403,24.686334385869,82.6747228809919,48.6204809771012,21.0716278803508,146.242963975476,40.8710463657777,147.883950666948,89.3262963666734,74.5170477253117,38.8295338913728,126.526343663534,164.29407925076,138.563156576718,29.3679988710701,21.7305989545688,58.5547881327402,61.1988195082945,18.4019975674657,136.694551195417,123.670621660021,80.7746472718746,10.5944563180072,74.3738853199504,36.9284437908619,161.178192138672,126.48810611554,57.822520901394,70.5478507162014,131.790166219076,108.580501556396,160.804423014323,76.3756837546825,29.0639925820212,0,150.066534224011,125.060463218689,151.43229663645,100.32020278599,137.363675462877,204.889038085938,100.799727403201,173.196884155273,149.024731722745,148.115579877581,114.482826777867,185.953976949056,0,239.025344848633,73.2226311076771,111.50070783827,103.195980389913,144.537801348974,108.208902938328,0,184.989671186967,152.819831954108,121.665217890274,146.899202069033,116.356072661165,0,178.243133544922,128.327260426113,140.191580436599
18.1874540454474,91.2398628961472,95.6708054542542,74.2870647047982,92.6529221111283,24.2504013426164,30.3429762015503,41.3271101142623,31.618870569174,72.6435322195797,90.451851530722,57.4727894936375,98.9089105881772,80.3470672808195,28.6732165624783,38.0906426205355,89.3377052307129,88.7188931627588,85.9372011331411,84.7538710412406,99.1598614529446,22.4767703906789,77.5490315004906,59.7995113265418,77.6783168037732,93.3217486143112,106.822061684824,109.093552963289,74.3738853199504,13.73640623147,20.5092566424769,102.215303861178,16.0904522345776,17.0829915624647,28.6446161552397,121.938232421875,133.226890563965,158.136311270974,100.386708940778,113.759785392068,0,195.367686680385,139.725506286621,178.800762400908,109.781326293945,171.86060660226,156.077911376953,104.526746749878,141.777539571126,165.622911580404,198.212341308594,143.699253082275,188.03288269043,0,160.087711334229,116.834957122803,96.0863723754883,90.361888885498,159.089427185059,133.692338067132,116.326198577881,162.394492839945,152.285667287892,136.579710433732,168.278453826904,125.590500873068,0,193.365356445312,148.374195522732,157.700168385225
33.0804270114893,106.101118527926,82.2351885861712,63.0137235469908,78.4445095062256,97.4209747314453,97.2831236945258,14.234974899268,80.0077903288648,56.7498494089209,61.5369846702556,101.818603373019,91.2726543567799,153.33587773641,61.7643266270479,69.9477340698242,61.5880642709015,76.9424174429763,113.741280691964,98.2158230515777,126.224269443088,28.6790818961776,62.6097970225876,54.4035335168245,63.2195990130791,140.741658528646,106.239842004645,104.072575032795,36.9284437908619,20.5092566424769,11.6064504558264,143.531138102214,126.197564315796,36.9083226855889,39.5248306551626,132.176963806152,111.45288848877,149.850964016385,82.2123512540545,127.420516967773,0,157.633900960286,125.655750819615,170.845945085798,105.644858466254,149.583480834961,193.674514770508,127.751670837402,194.3125,146.49340057373,151.442642211914,117.488895597912,172.552838897705,0,194.584434509277,203.519500732422,114.355125427246,85.3222654887608,136.845347798665,122.059744065808,0,164.241399591619,153.34051565928,115.685608953023,144.370235624767,119.39545573359,0,187.218154907227,126.380833217076,127.705647982084
167.491683959961,68.3736598151071,94.331566619873,70.6364551667244,0,0,119.533774058024,163.154774983724,131.491425408257,124.521905422211,0,39.2834352925262,0,12.8588341876911,132.700395202637,0,124.66263071696,92.2194966855256,52.6358464947869,71.2658877563477,0,155.630310058594,91.4784484863281,126.898443222046,145.826602172852,41.7906221074795,32.8595737218329,42.2527961962416,161.178192138672,102.215303861178,143.531138102214,6.8161043812697,111.815203857422,0,70.8123658795223,0,123.237534659249,150.204393386841,165.7017578125,0,0,223.917556762695,242.691421508789,0,0,0,114.729877471924,0,94.3092469735579,0,0,0,128.65148632343,109.496859073639,108.445952185269,0,0,0,167.32829284668,0,65.3943316437477,100.279447078705,98.7686719237609,0,0,224.59928894043,103.276511744449,0,0,128.605937004089
80.2779044238004,90.7966003417969,184.086062113444,117.152861531576,136.783307162198,10.214686549967,12.2097037507688,129.906370357591,26.9668202236896,120.082635243734,119.028206934694,64.4590836953426,113.056696256002,94.6471981249358,20.4580164781728,36.2258580436169,0,126.645401318868,93.9439421433669,94.0500344564748,128.033325958252,96.2664403915405,122.165536880493,117.196952819824,126.866725921631,85.3459249223982,122.591641594382,117.828637186686,126.48810611554,16.0904522345776,126.197564315796,111.815203857422,5.47550097293682,57.8161334991455,42.1113641981472,214.413543701172,0,200.271621704102,130.521759033203,158.623199462891,0,0,172.767608642578,224.527852376302,213.761154174805,206.949193318685,0,194.217109680176,0,190.828857421875,0,0,0,148.118515014648,208.322074890137,0,0,0,0,180.162083943685,0,150.945562744141,187.81086730957,204.314418792725,193.353698730469,187.464584350586,0,0,0,0
34.4269004703797,93.650520324707,108.727919006348,55.9512209050796,79.4841542397776,0,79.4529116312663,69.9221264669828,75.0256196975708,51.4271786870183,82.6567581616915,99.5295987129211,79.6218762397766,0,39.3241808619992,79.9195404052734,41.9260580880301,76.1762100973247,135.845767974854,94.7717643737793,84.5645432472229,35.4871241925047,58.8966304461161,53.6265428215265,59.4123140419609,120.557804107666,111.323872884115,105.175204167601,57.822520901394,17.0829915624647,36.9083226855889,0,57.8161334991455,7.9463703279979,13.1774456238597,0,0,149.374382019043,66.2862010002136,93.379077911377,0,0,163.88151550293,0,111.368934631348,170.654876708984,0,131.400390625,198.753982543945,138.288833618164,0,110.818710327148,0,0,0,102.176048278809,0,97.10205078125,135.351323127747,114.936636491255,0,185.997116088867,153.627552456326,110.778300476074,0,109.380090332031,198.528121948242,0,134.364761352539,123.957158406576
76.9737563746991,56.6317584644664,55.2852168726117,66.7944956830671,90.2229835911801,39.9881551162056,65.3056852998405,85.5389220275247,63.3998702253032,77.9423225178438,90.0737681566087,29.7652098621552,92.0235285701522,57.1187385676457,50.0483402087009,49.4036084115505,78.2180033503352,44.4885832715153,58.9270722586349,45.6453722938069,90.7912448883057,39.3758502977988,68.4165731021336,48.6016931829593,81.0328214428738,60.0561083503391,65.4568622543151,65.4686701012419,70.5478507162014,28.6446161552397,39.5248306551626,70.8123658795223,42.1113641981472,13.1774456238597,11.1674139980753,133.846668243408,92.8093439737956,115.073967079064,95.2823130743844,100.677610015869,0,163.286585489909,150.392492506239,186.709199693468,108.421682739258,172.474864959717,155.605840047201,118.412955284119,127.815949249268,183.786419677734,0,128.690624782017,129.387191772461,144.618101501465,131.943587303162,116.120608011882,136.796220143636,90.3788202073839,111.492965178056,128.963510131836,109.715599060059,118.187857980439,112.136858344801,140.49901763916,181.439968109131,127.233944819524,156.901831054688,0,176.296758015951,139.929710388184
0,0,164.85665512085,73.7376937866211,149.83927154541,0,140.654403686523,147.312020301819,160.506293160575,117.471076965332,152.505281720843,0,136.568328857422,203.154891967773,0,167.993301391602,0,170.77961730957,189.701507568359,0,0,137.358316421509,0,143.361480712891,132.656458341158,0,174.354156494141,173.977373123169,131.790166219076,121.938232421875,132.176963806152,0,214.413543701172,0,133.846668243408,9.94283046408023,107.24543762207,110.647070545261,66.3015789922639,76.6436445713043,50.7762565612793,66.2042205447242,23.2330077743351,16.8867641962492,65.2844575353935,52.0984896541735,123.4596376921,81.7841148376465,141.519439697266,9.44751809920744,65.6360497107873,60.9904964281165,106.993432942003,129.056945037842,119.143027843129,74.264582193026,76.1777695320748,65.9587190151215,96.3982113491405,65.6401515234084,150.097625732422,114.043163891664,125.930474175347,67.4072049090844,15.3184071143669,24.2111588140188,175.231012980143,76.7861198425293,30.6832221658313,75.9527165235258
151.778442382812,0,72.7679582075639,99.598139444987,0,0,211.242431640625,169.224238077799,157.484382629395,0,230.192779541016,135.75059000651,0,110.872431755066,143.225708007812,0,0,84.0041776958265,131.412406921387,120.230367961683,117.23649597168,0,98.477783203125,100.87660853068,130.197757720947,91.5649817330497,97.7724254995153,75.5284990298203,108.580501556396,133.226890563965,111.45288848877,123.237534659249,0,0,92.8093439737956,107.24543762207,6.86936506896855,42.6234341789694,18.6831948535471,0,0,0,100.153602294922,132.354469299316,57.0511019675597,112.355934143066,69.5188673268194,125.809420267741,56.4399085823549,127.631984710693,86.3030960083008,67.345839600814,56.4758829317595,82.2499437505549,72.0533290603786,0,77.8565462552584,18.0034638395775,57.8558822269857,66.3257016004142,21.13451869134,54.3309590961622,30.9206714306712,98.4079989264993,128.259005955287,87.2377832076129,71.6683231516087,0,102.026405334473,62.1341205173069
165.169218699137,109.822978210449,97.444100907434,83.992270551409,0,0,203.486656188965,171.918824848376,184.377115885417,212.164184570312,191.645116170247,138.963835580008,234.879364013672,0,184.064540608724,0,117.160863876343,109.102781577188,131.133441380092,123.938734690348,0,128.457106559507,98.9663755893707,105.451901960083,154.868669509888,136.784496307373,105.33093547821,96.8966968935088,160.804423014323,158.136311270974,149.850964016385,150.204393386841,200.271621704102,149.374382019043,115.073967079064,110.647070545261,42.6234341789694,9.60605823115964,43.8667962445224,146.489887237549,201.277130126953,129.164660993829,90.4677385051599,117.561367182769,103.767735481262,118.383962136728,85.559001604716,123.768304951986,90.6892013549805,117.922616157823,127.420623779297,59.4374778253569,45.104176444428,88.525469744647,73.6361439329205,150.4644947052,67.9635653561109,58.3208412397776,24.622757188458,95.9718219212123,109.901475906372,26.5811390120257,25.5113744643216,82.4911735575214,125.641017780437,71.4131852169426,101.781860351562,0,114.073483158992,66.207363764445
80.2129866282145,76.9519729614258,67.8749008178711,23.0602998137474,88.179380607605,0,110.065901620047,79.6002014227081,96.78345051031,48.2531248728434,96.8522222900391,140.546886097301,82.6242603725857,74.7201403209141,115.041438832003,101.282405853271,96.5020408630371,91.1194739568801,127.385952758789,75.647484588623,77.8678512573242,70.6712725213233,53.7515311922346,79.2365021207439,65.1636923137464,113.520578384399,67.8256023770287,61.3123894432778,76.3756837546825,100.386708940778,82.2123512540545,165.7017578125,130.521759033203,66.2862010002136,95.2823130743844,66.3015789922639,18.6831948535471,43.8667962445224,36.0719548749046,68.1490956544876,0,90.1949974371462,56.2682811048865,88.8805931143386,13.4610564938931,76.4134779114654,59.8763330017311,77.0446301373568,52.4830652752308,79.95142503964,75.5771583557129,38.0615085422191,61.4058288361066,90.7550945281982,79.4186360677083,94.8420972824097,47.3799280793228,19.7317895743728,47.8013280072497,41.401452068119,32.6437044762005,57.9273366340647,36.8037924681748,48.9099968099432,73.2690079269778,51.1172849871847,69.5173007845879,109.887199401855,52.7844095865885,59.0309497449525
