10.423171397026,0,114.185465848004,69.3408377917845,91.9636573791504,74.5568774541219,72.4626288339882,29.0683159618714,25.7524509811444,71.5785764058431,77.4302592386726,126.796675164359,102.970365842183,135.217085361481,19.9353696872675,74.6691984093708,135.115277216985,106.427689419517,138.074842961629,130.724066193804,89.7835432399403,90.9235463889248,72.5632834434509,102.362700046097,81.4403384944371,95.0731582641602,135.126660269134,138.265456812342,84.0823065913179,20.2624561116971,30.0925306915908,140.049011817345,83.0071932036301,53.2862497329712,72.7703272353771,139.961153897372,0,177.424305915833,91.4210637410482,0,0,140.046997070312,144.03485078078,163.228765215193,166.917404174805,169.818071637835,0,0,0,164.608657836914,0,167.266342163086,171.868614196777,0,193.126106262207,209.371124267578,155.053550720215,110.527374267578,165.542453765869,130.949330213593,0,191.585851396833,179.398682967476,140.976955369971,160.455346732304,154.690856270168,0,0,164.172286987305,151.121664047241
0,8.05097754111698,76.5768877665202,27.0720786310963,0,125.910397338867,126.651405334473,106.194667816162,113.061248779297,68.5741332578941,143.906478881836,67.466933854421,85.7190837860107,52.558120180997,131.704927825928,101.435847691127,56.005851020813,65.1630513509115,69.6196278889974,77.493597733347,77.0395774841309,125.638477325439,20.1664798082146,108.983171844482,74.5137669406094,28.2289319564674,64.7570632519108,31.3131891948009,94.5829607009888,118.903229933519,104.866822984484,68.190322126661,157.627014160156,100.597511291504,77.7742319840651,0,102.602653503418,105.423751068115,81.4726928710938,0,0,0,158.086853027344,0,0,0,105.104715983073,0,102.65608243589,0,192.338348388672,100.666343688965,101.675266265869,117.766117858887,109.765815734863,162.539100646973,201.396896362305,135.443344116211,89.6717643737793,167.413146972656,90.0868617466518,109.593974979444,98.1493643766605,181.15453338623,0,0,122.575833892822,0,0,140.290560041155
114.185465848004,76.5768877665202,12.6914211751762,126.254761695862,131.828486124674,121.807872772217,131.072296917757,106.984647050196,121.277329596239,133.821843465169,118.339374842269,95.7199484950812,178.021680559431,102.716914999074,121.084326082117,142.699094136556,86.7004099718229,41.7385351416383,94.9105785436798,76.2561303332747,143.810089111328,69.2249078166451,92.2689083862305,33.8760757111276,117.321996073085,127.514742533366,38.3927963480032,34.266260538997,93.3257451102769,137.173755014543,75.0202658185488,95.1774871826172,162.976596069336,118.033450820229,66.1765398394424,205.740036010742,89.1839141845703,99.4725854430536,100.008499908447,151.997161865234,0,214.85080871582,175.242153036183,176.600697040558,186.175010681152,197.642486572266,142.187563578288,211.337142944336,221.560180664062,168.361623128255,177.039260864258,125.392434837705,111.459463449625,153.895675023397,127.274308522542,0,151.128264957004,85.8997248913868,111.21287596577,157.637284267096,161.641845703125,115.736749565459,99.1211697998537,163.525076947893,180.162487211682,143.807766458263,161.769908905029,175.588485717773,124.374526977539,135.126619974772
69.3408377917845,27.0720786310963,126.254761695862,25.1483775491584,61.6671327590942,107.028296334403,90.1372237038779,63.8348239424961,77.4593136263209,23.0918237270453,80.967674577391,94.5518724881686,84.7699158986409,62.639731204673,90.8572575323183,71.3976988111224,42.3834939536348,117.667310551235,97.4039969010787,89.2462307714647,67.3151336397443,63.0263330368769,42.9304397872516,69.8447413174611,43.0929461624629,26.1515118984544,58.8553033622715,44.2611607162877,58.7535326261047,80.4208598915412,64.7010530943979,61.6886250422551,121.544031143188,67.3192727830675,86.1415972069128,93.0783267550998,121.449452718099,143.08953666687,16.4318431453271,103.062129211426,0,151.89904361301,90.783226852417,129.810507340865,26.9707692080531,115.990103403727,135.725135803223,117.406630516052,87.4618094126383,118.028088482943,91.4521636962891,71.7994469642639,207.935653686523,156.764506022135,145.398337364197,181.097834269206,86.7466136791088,107.369444529215,100.276993400172,73.7873178430506,61.3466348648071,122.360742034912,112.547766618561,89.8511535057655,106.806105680244,99.2565603513975,126.389931572808,0,91.1508911980523,99.0861215591431
91.9636573791504,0,131.828486124674,61.6671327590942,7.7839427809108,121.299812316895,58.9516484050928,61.8255225780398,98.3389586535367,47.5294390262411,15.1644167332225,163.782409667969,30.6483109680802,171.438537597656,110.080530237269,64.425862416625,0,185.031875610352,0,0,13.5797227956905,104.439476013184,92.9306030273438,177.895561218262,20.8914694725894,204.405059814453,161.3544921875,158.380947113037,19.830477974323,99.9830040564904,112.147968292236,0,133.034736633301,89.0047302246094,97.3955858670748,0,0,197.545417785645,88.1360900878906,44.764900337688,0,152.565472231073,141.846695347836,173.601019582441,98.2072037916917,148.5959815979,0,84.2504143490217,0,185.720982142857,121.138111114502,154.412994384766,200.580963134766,0,0,143.538439863819,0,0,170.481094360352,116.114369873607,0,0,231.454360961914,147.885074600635,191.241208757673,0,0,0,0,204.247210184733
74.5568774541219,125.910397338867,121.807872772217,107.028296334403,121.299812316895,7.77875643740734,13.3973510303137,123.360281291761,29.2208465635777,67.6787186699945,104.677504703916,61.9443280537923,88.4716749329498,78.9365971883138,41.9957717259725,21.0396986771556,113.512508392334,141.511975860596,102.31167678833,108.230072021484,111.321625709534,127.678342183431,110.058446017179,93.5519714355469,92.3140951605404,82.5215072631836,118.285234451294,130.445134662447,121.125526428223,27.5177466406751,115.76413269043,113.333971659342,9.83707559373644,0,34.3593068888158,0,0,0,214.336059570312,208.090667724609,0,214.136001586914,202.20304107666,0,152.754791259766,0,0,0,0,0,0,0,0,0,0,0,0,0,0,177.706600952148,0,190.743591308594,179.906692504883,188.637324015299,243.378051757812,0,0,0,0,0
72.4626288339882,126.651405334473,131.072296917757,90.1372237038779,58.9516484050928,13.3973510303137,11.3124069736592,58.5549678680126,24.5708392153962,67.8882410015379,31.5641505693051,89.0705485529276,24.0688600590942,103.459961807519,52.4868296012731,16.7405060950402,137.847638448079,144.260595473032,120.346749352627,157.412907420338,39.313714053966,108.712391373379,110.463096618652,129.372308630692,83.290929273611,87.0419769287109,151.408736199326,151.319111614693,67.2832928081225,44.6849700631044,93.0244226732689,140.852221047006,22.0045021068444,98.8628433148066,59.4751010746791,157.89856338501,0,193.99270884196,94.8314722234553,158.198034459894,0,166.842646135603,154.725149361191,178.605046081543,137.651811079545,168.039074113634,219.677357991536,101.187526484898,166.452827453613,186.610572637514,194.621612548828,184.643882751465,233.051597595215,0,232.893852233887,164.699996439616,187.106754302979,133.348930358887,190.187866973877,140.591916811045,0,212.157180786133,197.533376693726,158.013339923259,180.756984579152,189.01328125,192.223068237305,213.743413289388,163.255912780762,185.553267415365
29.0683159618714,106.194667816162,106.984647050196,63.8348239424961,61.8255225780398,123.360281291761,58.5549678680126,12.2066996869303,57.8380641413259,61.7406424045052,19.4439655030855,155.576331002372,47.6063996385408,167.92600778433,34.1898958074704,75.47762317422,116.038949303005,109.289857185549,166.68454186391,145.316038106507,55.7368781487673,78.7188778765387,82.9617603772307,98.8261202689989,66.6629696527917,0,138.537643133195,128.830647160743,34.8757596799854,77.5464543635173,26.4688429677234,165.348655268831,131.115661621094,76.0155757056342,92.5829679482851,134.347464455499,181.063278198242,176.568986745981,91.6561186578539,141.441443604308,0,150.45777130127,134.879507999496,164.426700520066,124.121653366089,148.08836027953,222.129920959473,142.000238291423,225.437210083008,160.526965169512,166.631549835205,145.112469640271,190.546171824137,216.729809570313,218.264121161567,150.959409077962,153.33177084293,123.862044886539,165.194388558524,121.554459098504,0,203.103847968869,174.592295113864,135.114115809406,150.452995688228,142.7457650292,0,165.575126647949,140.205115141692,156.063871964164
25.7524509811444,113.061248779297,121.277329596239,77.4593136263209,98.3389586535367,29.2208465635777,24.5708392153962,57.8380641413259,12.2800312389355,85.7879236967667,38.1927435100925,103.741820657204,86.8627191956363,111.897365916859,17.8331026667698,33.2164186800559,144.548270463943,125.882565725226,127.405123402195,146.508103655193,93.7280028225187,100.420248070279,133.587997838071,116.818116995005,88.9682874268194,89.5637944539388,144.774638295945,142.982338187621,87.9013281291937,44.3405314581704,70.4034824995675,137.046359130314,23.5908509534127,89.2205264253436,64.6106321575977,151.046417627579,154.601943969727,185.667756615615,112.042918031866,159.674753386399,0,171.092852754413,151.696538202386,181.947710323334,123.101448516846,169.866815387078,213.697659301758,172.393826652976,197.057231903076,176.691043469333,167.296180725098,174.079556601388,217.448856898717,229.668663024902,222.560262680054,179.75194138747,207.194207327706,154.73210144043,183.451977711804,138.92549340912,207.88557434082,204.248691953462,187.226546971144,151.929276957554,174.922071569106,169.255390313955,0,217.163345336914,162.651442718506,171.940031660364
71.5785764058431,68.5741332578941,133.821843465169,23.0918237270453,47.5294390262411,67.6787186699945,67.8882410015379,61.7406424045052,85.7879236967667,8.80518381595612,71.7927938156579,129.002475331131,13.234472750574,117.846272740303,88.222861135649,27.2196356457084,46.9089509083675,115.921333644701,145.992530441284,146.132192472132,43.1373515600687,77.5260594854292,35.8156702590947,113.393778271145,25.1833086737047,104.003817144791,130.417603854475,106.945705496051,55.438973763954,77.2580079722101,60.6440478219216,131.506269537884,99.1054294292743,65.1136036668803,88.2935776409802,116.440051555634,101.69694519043,168.759271474985,20.9567735018554,111.496200731066,0,145.369777202606,109.758868408203,165.195049558367,46.9362843878129,119.656635466076,184.96088663737,69.9020257107047,171.083585466657,157.861336203182,120.480497741699,116.203491659725,135.215316772461,193.44446182251,176.634813944499,106.138282429088,120.916220855713,78.1313243442112,157.49901676178,91.5946199085401,168.478286743164,197.404850815282,175.005421735238,107.642749343872,129.958732265896,119.533235476567,179.080221557617,0,103.87685224745,127.389077504476
77.4302592386726,143.906478881836,118.339374842269,80.967674577391,15.1644167332225,104.677504703916,31.5641505693051,19.4439655030855,38.1927435100925,71.7927938156579,13.3657156416909,156.18435376604,30.3725638597812,166.179336547852,64.5863867179852,67.6397685402805,119.813441685268,139.427704744561,167.873946159117,173.182962455002,20.1979116014081,89.5890646714431,82.7214279174805,113.221783749469,64.1080572473272,138.949569702148,155.405788792973,164.649880055631,24.3473584644392,95.5774026353207,79.6911347365077,172.506118774414,121.445409243869,90.8989755707669,91.1754840071618,158.154950655424,0,193.689778645833,117.800015169031,143.979905981767,0,163.534687103271,152.41660657025,179.81013684082,110.396194175438,160.589416693778,0,137.982210660503,0,191.312831333705,159.869702878206,185.750259399414,246.969680786133,0,0,156.177266743978,179.120590209961,150.092608133952,178.037441253662,131.747939871613,0,230.056813557943,200.427999159869,156.324803750346,187.641275545446,180.504276820592,0,244.726547241211,159.809463500977,196.07932027181
126.796675164359,67.466933854421,95.7199484950812,94.5518724881686,163.782409667969,61.9443280537923,89.0705485529276,155.576331002372,103.741820657204,129.002475331131,156.18435376604,13.2520089593467,142.514712469918,24.8709496980868,97.1602080189223,130.188858032227,124.951614379883,58.507443094635,26.6742366799073,33.5235281910232,151.035793011005,106.037197647673,89.8245671354694,95.1563214760322,146.510833046653,33.6775346094248,34.9230989217044,69.4638811861132,158.953018349095,95.516707758963,114.05380937597,51.141846948409,65.006389162343,105.532386613929,28.3844243988893,208.633171081543,93.7058958165786,155.429309300014,114.981025483873,0,0,242.286346435547,210.720245361328,245.621551513672,160.615432739258,0,74.3210719880604,199.069702148438,71.3343157200272,234.198059082031,0,168.13671875,0,123.340919270235,142.219378662109,0,190.548027038574,126.124087863498,189.699541727702,187.631625835712,63.3832901881291,114.121431329593,114.931872781326,208.009083467371,204.454315185547,214.44612121582,106.434226389006,0,0,198.313069661458
102.970365842183,85.7190837860107,178.021680559431,84.7699158986409,30.6483109680802,88.4716749329498,24.0688600590942,47.6063996385408,86.8627191956363,13.234472750574,30.3725638597812,142.514712469918,8.90347616819797,153.663293457031,103.152070700124,21.0213751632502,156.126159667969,202.235866546631,157.002591301413,189.376764085558,11.3244261567316,163.357275644938,65.3559355054583,212.41771697998,19.6132600435435,0,178.717387919523,170.952724954356,50.6969111121257,105.147389480141,139.099382471155,167.478693644206,118.876420454545,101.259487333752,97.6821948631137,224.189819335938,0,171.767143249512,135.532086690267,91.3574592480894,0,86.0612127516005,135.436691732968,116.98343715383,67.4780177161807,88.8161654261361,0,13.0510842159784,0,125.806009447252,83.4948625564575,149.395065307617,0,176.565719604492,0,26.0928747094911,0,137.820495605469,199.703018188477,110.440824595365,0,212.700885009766,179.531547546387,122.572115937058,177.181247075399,175.444737752279,0,0,0,139.934312438965
135.217085361481,52.558120180997,102.716914999074,62.639731204673,171.438537597656,78.9365971883138,103.459961807519,167.92600778433,111.897365916859,117.846272740303,166.179336547852,24.8709496980868,153.663293457031,9.97650124638508,107.72796523331,154.38461444996,118.785734994071,120.711985518293,54.6608801836743,85.2936633897864,151.641403198242,141.233940124512,77.7445156668391,156.845255533854,131.409656688614,17.578148213974,54.0231214667551,36.3766109859011,167.914293642397,100.638522795268,153.479019880295,20.9189202652272,85.4826993134062,160.479717254639,64.4096228688262,190.279218037923,90.6776078098504,166.453720092773,88.6854512532552,0,0,160.626373291016,208.023876614041,211.592349243164,152.164965043988,0,70.5637467566957,0,63.9932280390716,205.928379058838,188.981214735243,160.288482666016,0,101.589027105593,129.252490275615,0,170.240325927734,128.695769851272,170.792765299479,175.406028202602,53.7283495469527,95.6210098545337,98.9924510896515,206.277918497721,190.31862894694,196.060607910156,86.7638625433279,161.656021118164,192.661209106445,148.042353312174
19.9353696872675,131.704927825928,121.084326082117,90.8572575323183,110.080530237269,41.9957717259725,52.4868296012731,34.1898958074704,17.8331026667698,88.222861135649,64.5863867179852,97.1602080189223,103.152070700124,107.72796523331,10.9326788000336,60.9641069396725,144.060911269415,120.969428644394,115.10651383917,136.37414011421,102.63369908265,100.598468191255,121.3719774882,113.989100866098,100.739192098165,112.946222941081,137.996842580051,136.882393389117,98.434432683153,27.3313498670632,50.4236410417664,125.492180667706,21.9537585840242,82.46442426954,51.7471657400631,155.862232555043,0,196.839638002457,114.941430155436,197.943645477295,0,188.705691019694,162.035007107642,190.443394400857,135.883541742961,187.981313069661,0,175.779745737712,179.151990890503,187.637278130714,208.984298706055,207.809490203857,197.717926025391,174.650146484375,223.610931396484,205.661846160889,189.488384246826,134.754545211792,177.54627517174,150.496459211622,158.771331787109,196.713515599569,183.161641742872,162.233003641764,180.500033787319,161.7713859312,179.954170227051,0,180.497192382812,170.673316506778
74.6691984093708,101.435847691127,142.699094136556,71.3976988111224,64.425862416625,21.0396986771556,16.7405060950402,75.47762317422,33.2164186800559,27.2196356457084,67.6397685402805,130.188858032227,21.0213751632502,154.38461444996,60.9641069396725,8.53395422738088,113.248878479004,146.033444213867,126.043601989746,158.109528975053,49.1588959731455,124.003588867188,73.5319725242821,116.62050819397,45.8637828351256,140.386151240422,163.129178097374,132.25501036644,81.2015414942581,57.5737856825193,96.3085566433993,167.995933532715,38.1656629210378,95.2485369443893,100.810302234831,0,207.022125244141,170.224279785156,113.208065032959,158.786268234253,0,163.151194254557,158.521220906576,167.887100219727,107.760447184245,142.431137084961,0,55.7993572780064,194.346867879232,194.282084147135,73.7127380371094,0,0,238.716690063477,212.99649810791,124.119415283203,137.730776468913,88.4476196289063,166.045291900635,135.191396395365,0,206.019521077474,192.033790001502,159.131598234177,152.786031723022,128.509824117025,0,219.118423461914,0,207.516296386719
135.115277216985,56.005851020813,86.7004099718229,42.3834939536348,0,113.512508392334,137.847638448079,116.038949303005,144.548270463943,46.9089509083675,119.813441685268,124.951614379883,156.126159667969,118.785734994071,144.060911269415,113.248878479004,15.5538008334981,91.0251026689767,131.790561676025,120.525032860892,136.558891296387,20.014522567668,31.0522628762538,27.9424212427827,25.3790374379444,115.105737304687,121.743938959562,41.2514227899183,51.6551566364229,105.24161952734,80.6216633227444,141.83758354187,179.582641601562,74.1983459472656,86.1478085042266,137.519757270813,53.9492797851562,112.605408433723,113.389644350324,189.954277038574,0,203.523330688477,151.146902615907,176.125749111176,145.409656524658,173.154397583008,182.070440673828,172.002716064453,151.088745117188,167.707217876728,149.577415466309,100.913128914461,139.222429990768,166.760696411133,171.149676731655,0,118.661608418987,68.2021338757486,106.927066899016,120.241817220052,0,157.724364295373,99.2391474479119,125.774800788843,161.81066594805,119.452098301479,175.653442382812,0,123.248372395833,124.265472467395
106.427689419517,65.1630513509115,41.7385351416383,117.667310551235,185.031875610352,141.511975860596,144.260595473032,109.289857185549,125.882565725226,115.921333644701,139.427704744561,58.507443094635,202.235866546631,120.711985518293,120.969428644394,146.033444213867,91.0251026689767,11.7935650351731,59.4711467512163,30.1907697382316,198.741687011719,55.0941282337762,103.914278597445,36.7351946656742,129.827371719036,86.6446120318245,41.3464897674275,66.2627405971638,122.43998403422,100.017160867559,70.5312576021568,99.7190600364439,136.434011358964,89.9570453977122,31.972630639165,203.344538370768,98.3569077385797,109.994628667417,122.412480417887,0,0,206.586935424805,183.976028442383,201.675177940956,169.295321873256,186.256301879883,198.494750976562,0,151.696704864502,205.946124606662,185.191741943359,150.361883897048,118.756734003786,137.086762019566,129.43044930316,0,183.459066390991,111.348619159899,134.041384242525,180.896961514912,113.942264011928,118.676276397705,114.768283455935,180.5867915298,195.501358668009,175.174892425537,142.177819824219,0,0,146.887090162797
138.074842961629,69.6196278889974,94.9105785436798,97.4039969010787,0,102.31167678833,120.346749352627,166.68454186391,127.405123402195,145.992530441284,167.873946159117,26.6742366799073,157.002591301413,54.6608801836743,115.10651383917,126.043601989746,131.790561676025,59.4711467512163,10.6371606323726,21.2863560223675,161.460716247559,123.545537854804,112.713166456956,113.718846608357,168.87858215332,46.9075320358817,38.569940056184,63.2780533679726,167.947626214278,112.749084799097,123.328050672393,52.0686066642279,95.2815697880115,121.785972595215,57.6304214433147,195.643051147461,130.251852035522,168.112153371175,149.570898267958,0,0,0,211.532867431641,0,194.744918823242,0,107.526958465576,0,94.7745063872564,237.120315551758,230.447830200195,194.202270507812,132.804046630859,113.944936810118,135.907354181463,0,0,160.033699035645,0,216.079653058733,99.7046746148004,110.440351605809,113.474768475274,233.94909286499,231.333717346191,246.440444946289,111.414822387695,0,0,143.409545898438
130.724066193804,77.493597733347,76.2561303332747,89.2462307714647,0,108.230072021484,157.412907420338,145.316038106507,146.508103655193,146.132192472132,173.182962455002,33.5235281910232,189.376764085558,85.2936633897864,136.37414011421,158.109528975053,120.525032860892,30.1907697382316,21.2863560223675,11.2450715532091,169.084480285645,97.4203766490138,114.082717664314,86.9504370899433,157.503099109816,57.5153712837064,34.82475866994,68.6722310353542,155.860727174587,116.749437866572,106.298583968245,68.8039408820815,101.014770064243,117.657583029873,42.0182334041433,208.885028839111,105.734925703569,129.941309911554,132.232008252825,0,0,208.214477539062,205.463629586356,228.840296427409,199.746561686198,242.101852416992,119.580368041992,0,113.538400081166,210.750366210938,0,171.843746948242,138.602184041341,125.970057649432,124.464782309743,0,200.892977396647,156.704254150391,171.494584925034,189.700905433068,92.8051834106445,113.58620365879,115.471071639593,209.171473185221,197.967038472493,195.295892715454,120.35406063449,182.016235351562,213.052917480469,168.656022913316
89.7835432399403,77.0395774841309,143.810089111328,67.3151336397443,13.5797227956905,111.321625709534,39.313714053966,55.7368781487673,93.7280028225187,43.1373515600687,20.1979116014081,151.035793011005,11.3244261567316,151.641403198242,102.63369908265,49.1588959731455,136.558891296387,198.741687011719,161.460716247559,169.084480285645,10.3811273244749,113.987764994303,52.5992108662923,160.154684066772,21.4123549512454,0,181.551868214327,145.583333015442,34.5671844382561,100.748743593815,137.704060690744,173.238520304362,117.455776468913,95.4300036430359,95.4040046360182,220.044036865234,0,167.645240783691,99.5674449375698,40.0858726117571,107.946716308594,162.22211067044,153.362400748513,178.156017010029,110.896365425803,148.977047792415,0,35.3799795635745,0,183.633398691813,146.875701904297,0,0,0,0,23.1327016278052,121.664070129395,53.5360450744629,177.989532470703,121.039280853271,0,0,184.611770629883,128.835189180224,164.89313659668,178.739990234375,0,0,0,0
90.9235463889248,125.638477325439,69.2249078166451,63.0263330368769,104.439476013184,127.678342183431,108.712391373379,78.7188778765387,100.420248070279,77.5260594854292,89.5890646714431,106.037197647673,163.357275644938,141.233940124512,100.598468191255,124.003588867188,20.014522567668,55.0941282337762,123.545537854804,97.4203766490138,113.987764994303,15.1451570971186,58.7541817077483,30.200832764569,42.4482270009372,138.508659362793,103.798319767575,74.221356451351,33.5259909810343,37.1517745213439,34.186473245561,144.217975963246,133.890994262695,53.0875192416106,53.0023942980265,142.751696536415,149.115046183268,145.009283649678,97.3315466367281,156.773803710938,150.209457397461,200.86966281467,155.856290844903,168.224268595378,129.566599891299,191.992207845052,0,143.424751281738,171.372085571289,170.107873535156,141.637060801188,116.27136223437,167.120697715066,181.12060546875,178.541265869141,0,125.952451086465,87.0518106845994,124.847466240482,121.966416220511,0,178.923258001154,147.98283690498,130.713266046936,143.970829205635,124.909731066576,0,0,129.213103594099,140.268909990295
72.5632834434509,20.1664798082146,92.2689083862305,42.9304397872516,92.9306030273438,110.058446017179,110.463096618652,82.9617603772307,133.587997838071,35.8156702590947,82.7214279174805,89.8245671354694,65.3559355054583,77.7445156668391,121.3719774882,73.5319725242821,31.0522628762538,103.914278597445,112.713166456956,114.082717664314,52.5992108662923,58.7541817077483,9.16307890517643,61.8554315223968,31.4508800147507,62.1167833265915,107.960266367594,42.8091660028858,57.8589383199905,81.7614773595056,63.1914270587996,98.9009228268185,120.659393310547,73.8856113835385,91.0887409816279,104.122024536133,93.4553597768148,114.264887173971,15.6274004820231,55.4663200378418,0,164.519830322266,107.320565919618,183.569452667236,19.4749035079305,137.834660339355,159.783131917318,0,121.286305236816,154.264287312826,161.300847371419,65.4031437641866,122.914468765259,168.054138183594,147.039582824707,150.194641113281,82.1590346819089,38.5013041209026,101.218379485301,80.1862158649846,108.541094098772,140.418751878005,130.435989404979,97.833823584522,109.608908782134,86.9813503976596,146.045977274577,0,81.4791543143136,115.687172698975
102.362700046097,108.983171844482,33.8760757111276,69.8447413174611,177.895561218262,93.5519714355469,129.372308630692,98.8261202689989,116.818116995005,113.393778271145,113.221783749469,95.1563214760322,212.41771697998,156.845255533854,113.989100866098,116.62050819397,27.9424212427827,36.7351946656742,113.718846608357,86.9504370899433,160.154684066772,30.200832764569,61.8554315223968,19.4747290394885,65.2682970015983,0,67.5343496061955,39.9565426844748,71.5003443215699,56.834160595593,54.4802146822504,120.875081961496,131.970953369141,86.9234568155729,55.8452495452931,174.018003191267,120.820108686175,108.703005397131,135.503206106333,165.389623006185,0,188.957502365112,165.533515092803,185.327631694515,160.456192016602,187.97603225708,153.243077596029,221.182823181152,160.632085164388,184.574719905853,148.088554382324,110.802395643264,134.313838058643,178.554562159947,166.248220343339,187.995796203613,128.366636845738,83.087049152749,116.138135833048,143.722420971009,0,152.039759842391,107.20630342565,151.125983135241,184.490513021296,139.018778899006,0,0,144.892542752353,136.262710122501
81.4403384944371,74.5137669406094,117.321996073085,43.0929461624629,20.8914694725894,92.3140951605404,83.290929273611,66.6629696527917,88.9682874268194,25.1833086737047,64.1080572473272,146.510833046653,19.6132600435435,131.409656688614,100.739192098165,45.8637828351256,25.3790374379444,129.827371719036,168.87858215332,157.503099109816,21.4123549512454,42.4482270009372,31.4508800147507,65.2682970015983,12.7459398658521,113.855462929055,144.783770776173,98.0760204524977,25.2279849317313,85.5106348082517,73.7362057843985,151.276102373677,125.154282040066,75.8408580949793,96.9918335225491,122.114254081642,138.975074768066,157.127267769888,72.9524968596259,116.508375222342,136.256301879883,138.51347742464,121.623792691057,149.734481173614,95.4330734753501,129.82790309217,201.468021937779,107.477486154307,184.705651855469,146.908053742996,137.296578979492,109.86527175341,170.582033206255,207.335049715909,193.226624587487,118.582623610625,121.175481916548,78.128921382335,138.103352778791,105.488184529239,172.357330322266,191.29353776089,158.930408077475,119.24044746036,137.918290391679,119.923888799144,224.501026153564,187.820770263672,117.982729307363,137.383958293967
95.0731582641602,28.2289319564674,127.514742533366,26.1515118984544,204.405059814453,82.5215072631836,87.0419769287109,0,89.5637944539388,104.003817144791,138.949569702148,33.6775346094248,0,17.578148213974,112.946222941081,140.386151240422,115.105737304687,86.6446120318245,46.9075320358817,57.5153712837064,0,138.508659362793,62.1167833265915,0,113.855462929055,9.40152000261807,48.6077535528886,26.965328399967,133.729624176025,93.7493616739909,130.73731842041,45.9207677372166,92.9614219665527,141.27116394043,68.063691565331,0,82.1176414489746,107.387727101644,78.223179730502,0,0,239.769187927246,180.496292114258,202.549235026042,159.012206337669,0,72.2582487852677,0,57.043988276149,174.836090087891,176.609176635742,201.381622314453,0,86.3483977684608,89.2456715901693,223.743087768555,0,137.061302185059,155.097320556641,167.595069885254,45.0753308346397,79.9643205230982,83.5115977177351,193.07740020752,188.256103515625,163.630157470703,77.9529265126874,0,0,109.108012199402
135.126660269134,64.7570632519108,38.3927963480032,58.8553033622715,161.3544921875,118.285234451294,151.408736199326,138.537643133195,144.774638295945,130.417603854475,155.405788792973,34.9230989217044,178.717387919523,54.0231214667551,137.996842580051,163.129178097374,121.743938959562,41.3464897674275,38.569940056184,34.82475866994,181.551868214327,103.798319767575,107.960266367594,67.5343496061955,144.783770776173,48.6077535528886,17.2751724272412,37.0969107630315,138.818463657679,130.473909300788,113.233418638689,27.9082851625449,110.824773311615,120.934357107502,63.4055399947655,199.640607561384,104.804278834113,108.220952122028,111.007590798771,238.451599121094,0,215.200504847935,202.751100158691,210.623143364401,192.610934448242,238.030258178711,122.255625714313,226.355323791504,97.3507039517772,200.910513626902,204.421979268392,158.804706696541,115.290182762958,113.412976409168,113.009211707661,0,184.231199998122,145.206275353065,157.417514337557,190.025134587692,83.7869452772469,103.389263038477,104.764334117201,207.101335434687,206.056200761061,188.913540039062,108.848309203065,182.297795613607,164.909816741943,139.828890709361
138.265456812342,31.3131891948009,34.266260538997,44.2611607162877,158.380947113037,130.445134662447,151.319111614693,128.830647160743,142.982338187621,106.945705496051,164.649880055631,69.4638811861132,170.952724954356,36.3766109859011,136.882393389117,132.25501036644,41.2514227899183,66.2627405971638,63.2780533679726,68.6722310353542,145.583333015442,74.221356451351,42.8091660028858,39.9565426844748,98.0760204524977,26.965328399967,37.0969107630315,19.2913388477404,80.5463197830169,124.789625815856,115.765991486425,21.2836721679853,113.077762804533,123.013191395236,69.5030892728685,178.415204648618,89.5009136579254,96.1601761640322,75.1272230793313,213.152076721191,208.866493225098,188.883476995653,165.882256409218,183.642558345088,179.613532326438,201.754113939073,123.994889027974,206.554590861003,97.8694800072974,189.831234147063,201.854374186198,112.154742707981,112.531856012868,118.615950979479,116.239107326585,204.017776489258,145.020501556396,81.2788431100912,110.689757268425,157.466055817656,89.3588998087772,104.470772295828,97.8736929362689,164.72993256064,178.273380225813,157.661352199057,111.56617724131,195.751873016357,170.455137634277,129.662526226044
84.0823065913179,94.5829607009888,93.3257451102769,58.7535326261047,19.830477974323,121.125526428223,67.2832928081225,34.8757596799854,87.9013281291937,55.438973763954,24.3473584644392,158.953018349095,50.6969111121257,167.914293642397,98.434432683153,81.2015414942581,51.6551566364229,122.43998403422,167.947626214278,155.860727174587,34.5671844382561,33.5259909810343,57.8589383199905,71.5003443215699,25.2279849317313,133.729624176025,138.818463657679,80.5463197830169,14.5664372708404,86.067194123844,51.9200206803731,172.384802567331,138.829255342484,72.4344181326974,85.6720346830294,132.247981066023,142.618900299072,158.53457493825,84.5006811141968,139.470365213417,181.941131591797,153.073358627466,132.636097021948,163.226091033936,115.005784180205,154.202738123518,207.302501477693,130.553764939308,244.901657104492,157.416189909582,156.722911319217,121.076625788156,190.721027047294,206.592595418294,205.541472801795,150.432846108261,133.595264422056,97.5775236637472,145.679735658628,118.693466903448,163.812301635742,199.527586716872,154.155946900469,134.314662277866,147.771177798412,131.033487526625,221.467758178711,195.808471679688,128.987837639408,146.509156279868
20.2624561116971,118.903229933519,137.173755014543,80.4208598915412,99.9830040564904,27.5177466406751,44.6849700631044,77.5464543635173,44.3405314581704,77.2580079722101,95.5774026353207,95.516707758963,105.147389480141,100.638522795268,27.3313498670632,57.5737856825193,105.24161952734,100.017160867559,112.749084799097,116.749437866572,100.748743593815,37.1517745213439,81.7614773595056,56.834160595593,85.5106348082517,93.7493616739909,130.473909300788,124.789625815856,86.067194123844,12.6512972521917,32.8338876098098,123.822711346196,12.5309970199459,14.4014117042717,42.6483803967189,150.743232647578,119.433166503906,179.438045426911,86.7720829084808,186.612555367606,0,180.467897968908,149.695033440223,182.547869895821,141.367519069362,178.142244466146,208.677093505859,176.406281904741,198.241954803467,172.238855171204,160.99072265625,143.067478574556,203.622817993164,214.7822265625,195.167700631278,199.697752210829,153.022516103891,109.412572358784,157.409273096033,135.88339777709,121.598434448242,180.308939252581,171.654183511173,144.092984060079,161.312161495811,144.625834620276,0,0,137.799071539016,162.365890350342
30.0925306915908,104.866822984484,75.0202658185488,64.7010530943979,112.147968292236,115.76413269043,93.0244226732689,26.4688429677234,70.4034824995675,60.6440478219216,79.6911347365077,114.05380937597,139.099382471155,153.479019880295,50.4236410417664,96.3085566433993,80.6216633227444,70.5312576021568,123.328050672393,106.298583968245,137.704060690744,34.186473245561,63.1914270587996,54.4802146822504,73.7362057843985,130.73731842041,113.233418638689,115.765991486425,51.9200206803731,32.8338876098098,12.454514350339,148.530363949862,131.022782545823,44.8322880912717,48.8084011951663,134.087257665232,144.23600769043,160.445283072335,80.3654272328252,148.762032248757,0,182.595925140381,130.192758990161,174.178590466899,121.221347897552,177.403757095337,200.407844543457,169.902486165365,144.668533325195,158.480314366958,138.566665649414,117.491851175985,177.050467751243,214.94010925293,191.319901784261,163.688564300537,129.980146722479,86.9995337654562,140.074061446947,119.452836294782,0,185.72251020159,168.493937762486,129.769061673903,145.053883092867,129.343978677145,0,0,125.850925292969,138.235744079986
140.049011817345,68.190322126661,95.1774871826172,61.6886250422551,0,113.333971659342,140.852221047006,165.348655268831,137.046359130314,131.506269537884,172.506118774414,51.141846948409,167.478693644206,20.9189202652272,125.492180667706,167.995933532715,141.83758354187,99.7190600364439,52.0686066642279,68.8039408820815,173.238520304362,144.217975963246,98.9009228268185,120.875081961496,151.276102373677,45.9207677372166,27.9082851625449,21.2836721679853,172.384802567331,123.822711346196,148.530363949862,8.79812897613106,113.229315052862,141.233192443848,71.052323245769,0,126.556432088216,152.517010615422,123.765335980584,0,0,238.471054077148,234.995834350586,224.767538452148,190.570421854655,0,104.511709393195,0,89.2779603437944,227.042271931966,220.040878295898,184.981018066406,161.758975982666,113.110426272986,127.347473507836,0,199.368225097656,167.479476928711,231.462066650391,197.53071975708,88.3788723781191,104.806127212666,109.493732412418,0,171.823270161947,219.518753051758,104.978026749501,197.399948120117,226.873519897461,167.166611411355
83.0071932036301,157.627014160156,162.976596069336,121.544031143188,133.034736633301,9.83707559373644,22.0045021068444,131.115661621094,23.5908509534127,99.1054294292743,121.445409243869,65.006389162343,118.876420454545,85.4826993134062,21.9537585840242,38.1656629210378,179.582641601562,136.434011358964,95.2815697880115,101.014770064243,117.455776468913,133.890994262695,120.659393310547,131.970953369141,125.154282040066,92.9614219665527,110.824773311615,113.077762804533,138.829255342484,12.5309970199459,131.022782545823,113.229315052862,5.85391315136294,95.395378112793,34.2706699385001,189.796051025391,0,0,0,0,0,0,206.40633392334,217.969650268555,160.000244140625,0,0,137.511581420898,105.324169158936,213.550796508789,0,0,225.416915893555,0,0,0,0,0,0,190.070318603516,0,166.046946207682,172.654336409135,189.498340606689,201.292015075684,209.895584106445,192.586669921875,0,0,242.544509887695
53.2862497329712,100.597511291504,118.033450820229,67.3192727830675,89.0047302246094,0,98.8628433148066,76.0155757056342,89.2205264253436,65.1136036668803,90.8989755707669,105.532386613929,101.259487333752,160.479717254639,82.46442426954,95.2485369443893,74.1983459472656,89.9570453977122,121.785972595215,117.657583029873,95.4300036430359,53.0875192416106,73.8856113835385,86.9234568155729,75.8408580949793,141.27116394043,120.934357107502,123.013191395236,72.4344181326974,14.4014117042717,44.8322880912717,141.233192443848,95.395378112793,7.95374675900409,32.8909752389392,143.525458744594,0,161.91118367513,73.9887338365827,160.502883911133,0,182.390637207031,135.545840355658,180.022303263346,122.792986188616,195.053558349609,208.269241333008,232.750610351562,167.930213928223,155.877565082751,0,125.336961534288,205.737167358398,213.285354614258,215.450607299805,212.237686157227,151.370982699924,102.899130821228,163.482106889997,123.564642333984,0,172.959982554118,173.021206195538,127.544101715088,143.56825365339,137.153816810021,0,0,130.739984130859,140.902901240758
72.7703272353771,77.7742319840651,66.1765398394424,86.1415972069128,97.3955858670748,34.3593068888158,59.4751010746791,92.5829679482851,64.6106321575977,88.2935776409802,91.1754840071618,28.3844243988893,97.6821948631137,64.4096228688262,51.7471657400631,100.810302234831,86.1478085042266,31.972630639165,57.6304214433147,42.0182334041433,95.4040046360182,53.0023942980265,91.0887409816279,55.8452495452931,96.9918335225491,68.063691565331,63.4055399947655,69.5030892728685,85.6720346830294,42.6483803967189,48.8084011951663,71.052323245769,34.2706699385001,32.8909752389392,11.7935299046983,159.348846718117,99.0723022460938,125.990217147335,94.1466211591448,204.081756591797,229.186920166016,190.622156778971,157.836691384787,192.629462949691,132.350638253348,180.391896565755,188.321451822917,151.474641799927,122.180501302083,174.582026163737,164.763727823893,127.355352659483,142.849254608154,159.696680450439,143.430433878085,203.659790039062,147.796957333883,104.262330113625,136.359793402932,139.588095151461,106.372442765669,139.292395107988,130.775510126851,153.78329834711,165.429826474657,144.561996922348,134.418066297259,0,137.2254114151,154.494439894153
139.961153897372,0,205.740036010742,93.0783267550998,0,0,157.89856338501,134.347464455499,151.046417627579,116.440051555634,158.154950655424,208.633171081543,224.189819335938,190.279218037923,155.862232555043,0,137.519757270813,203.344538370768,195.643051147461,208.885028839111,220.044036865234,142.751696536415,104.122024536133,174.018003191267,122.114254081642,0,199.640607561384,178.415204648618,132.247981066023,150.743232647578,134.087257665232,0,189.796051025391,143.525458744594,159.348846718117,11.0481502132421,114.415885925293,115.968649174617,63.8485597597136,88.5212206407027,0,107.53423614502,34.5112741351022,39.8828672944327,62.7050550403017,84.1676624534056,128.119492293849,124.711438315255,146.788804190499,18.2798876665359,97.6117794799805,83.2125339508057,102.835346771366,127.845929495896,121.576948940587,99.7208609947791,81.4799021051285,77.6430637218334,100.274861947814,74.740862933848,155.226409912109,129.572214916208,132.366996116888,80.204977702702,18.6327537894436,36.5458994776295,150.805672327677,114.08980178833,39.9066759826791,76.3745888755435
0,102.602653503418,89.1839141845703,121.449452718099,0,0,0,181.063278198242,154.601943969727,101.69694519043,0,93.7058958165786,0,90.6776078098504,0,207.022125244141,53.9492797851562,98.3569077385797,130.251852035522,105.734925703569,0,149.115046183268,93.4553597768148,120.820108686175,138.975074768066,82.1176414489746,104.804278834113,89.5009136579254,142.618900299072,119.433166503906,144.23600769043,126.556432088216,0,0,99.0723022460938,114.415885925293,8.19270055394403,46.6095075240502,17.9108533349559,89.8730443318685,131.734964370728,135.707639421735,111.245561218262,140.022082519531,71.2403661468883,159.285430908203,64.5045997619629,105.582625071208,46.7715765237808,140.653255462646,112.957653135201,58.1550154751294,63.8983931705869,77.7623019748264,79.9752750974713,120.394775390625,113.66291809082,24.1569256326752,92.4861848013742,77.8036524772644,22.4603784495415,68.3506034187649,31.8116713314309,112.070423671177,107.673805999756,100.592660903931,65.6707811991374,98.5293426513672,96.0401229858398,78.5512858942935
