9.95290408971696,119.901968955994,91.8101092719297,74.9140506450946,71.1342043876648,82.9974278041295,48.6155896377564,27.4695376880015,25.6339820085876,69.0310461144698,37.9648045663955,134.205784430871,69.9066721598307,153.241966247559,10.05377738702,25.397559113936,0,93.0023419534006,167.248386383057,125.766465713729,67.0710182189941,59.1043794449424,99.6314075469971,73.2897199022478,72.9769537642195,0,113.887608024809,118.851256150466,43.8223175872707,11.9046244707499,29.4871121173823,163.219375610352,73.8689866499467,40.4679372509321,85.7251374156205,136.184569222587,0,153.861487070719,88.4711584611373,0,0,149.411766052246,129.718172015566,164.811682128906,82.8107000986735,163.910190582275,231.727890014648,0,0,160.823777851306,0,145.185907999674,197.240715026855,0,215.408798217773,0,166.599243164062,122.923667907715,163.388785226004,114.137467465158,0,196.252705891927,166.312186912254,131.673564147949,144.107746621837,132.532313028971,0,178.042877197266,143.309098379953,146.297795976911
119.901968955994,9.15954861418748,37.5856440405443,13.2726784963557,96.5250396728516,102.608070373535,98.1664619445801,118.631063842773,150.820838928223,62.0798270039539,124.919452667236,63.6944619113959,88.7470893859863,51.9415786334017,126.535356794085,96.1780014038086,67.8568033490862,50.7439866020566,71.4836754535311,62.8538755181454,0,84.1091306637495,25.1623204423741,65.012675110405,69.7743884086609,25.2502445025739,48.5955327897762,33.1621895036953,97.8933850801908,112.398766411675,105.504115456029,66.4067841302781,0,117.424598693848,58.6114084392095,113.942001342773,133.97639465332,90.3737131201703,57.3866769075394,0,0,0,134.249186706543,176.657241821289,106.672534942627,119.475105285645,95.0664733886719,0,94.8366838652512,162.396820068359,0,0,121.02281443278,108.239309692383,141.297227478027,0,0,116.45472869873,116.677960168748,0,76.4332861219134,120.038725614548,109.755697179724,128.909820556641,175.060455322266,106.373886108398,120.262817382812,0,0,129.863092422485
91.8101092719297,37.5856440405443,11.1873190935476,39.0745309448242,110.175827026367,0,130.150547790527,92.0672134297434,120.950843078802,88.0570949330049,101.853812612336,79.137587625009,96.0863571166992,80.3019592285156,104.924848429362,134.153461456299,78.8511119965584,31.9016287770317,87.4000715528216,77.9926073404351,0,55.9814198744499,36.7879199679372,21.9212734782365,86.8625892026581,0,28.0329151732844,32.546881177979,64.1376470039237,92.2745299905033,81.6530425430595,82.9449191093445,167.916125488281,98.0925180162702,53.6260999714869,152.434768168132,87.3698035792301,85.7196183957954,90.4329349633419,0,0,174.489735073513,140.710352159084,168.340826467306,114.749229976109,157.910604448461,141.482996940613,0,169.227615356445,166.425013975664,174.569488525391,98.555929598601,111.430449641608,154.305797576904,132.9960191308,155.030838012695,119.029966683223,75.010358220055,96.8596054689314,133.250486716246,0,115.279278275234,85.6795102656526,138.392578795716,161.920812225342,142.542314751204,0,0,165.121047973633,116.830042416287
74.9140506450946,13.2726784963557,39.0745309448242,17.4642362321094,48.0141727547897,106.87419128418,84.0465137358635,58.5822148323059,86.1884540489742,22.2473482278899,61.6848806331032,69.219709981027,57.1264400482178,62.8378140682644,78.2082670446028,66.3998719453812,44.377080227602,56.2980816912907,84.5033463268745,64.2127865529097,67.3350248790923,49.2911851283119,25.1734243300709,50.4199973459807,34.9014820583459,23.5859881941701,45.9572431643305,38.5575278945219,48.676499502233,63.7210030664592,52.0277795861165,79.7675062526356,110.410461425781,52.7397820019814,55.5445155125515,99.664852142334,69.5433448791504,54.8793900807699,26.8322381323034,94.3345985412598,0,117.230265808105,112.969767390071,136.933479309082,22.14855645895,107.747532894737,111.129926045736,0,78.5611256190709,125.693009853363,151.384948730469,71.8059942311254,89.6034172603062,112.517369588216,89.0820428530375,55.7179126739502,84.0323636580487,19.0575019029471,82.2637447001887,63.6014080810547,73.4089111328125,78.8787992086755,53.756797661942,86.5158351463608,116.168386936188,91.1061192954459,142.478462219238,0,87.8353201548259,82.7888559861617
71.1342043876648,96.5250396728516,110.175827026367,48.0141727547897,7.78822320518506,0,48.8030753949793,39.7929626811634,82.1335514831543,31.4970426081726,13.5424084416194,0,17.101672981381,0,82.9385562223547,45.9774784555241,0,135.733444213867,0,0,10.7825354103091,0,54.5139323643276,0,15.5887863666957,0,144.445175170898,84.9028091430664,10.713715949838,84.5170835653941,97.2912483215332,0,0,72.9912501743862,86.5297538757324,130.923105875651,0,0,80.9843292236328,11.3081400162432,0,132.085836930708,124.123027801514,150.451850891113,62.3082071940104,102.052005907384,0,19.4894247885104,0,118.04842376709,0,0,232.732025146484,0,0,22.0651563286151,0,107.462913513184,0,76.2942798861751,0,0,210.59016418457,22.5132973786168,139.030729293823,135.504055023193,0,0,158.313858032227,167.315567016602
82.9974278041295,102.608070373535,0,106.87419128418,0,6.20465565854873,14.6343244276174,106.352129849521,22.4170605689756,105.700332641602,88.151617867606,55.121975962321,101.927562713623,67.6537367876838,26.2832733448887,11.6766007698718,0,0,95.9213523864746,108.753555297852,135.306091308594,114.928085327148,167.606742858887,107.837445576986,116.924072265625,82.5793024698893,141.38444519043,168.135040283203,113.381599807739,22.2934440798268,109.837860107422,0,9.37074886169962,51.13068262736,38.4740996557819,0,0,228.369232177734,144.487823486328,0,0,0,189.096130371094,206.724268595378,130.176452636719,195.350280761719,0,0,112.511581420898,228.808227539062,0,129.714645385742,0,0,0,0,222.767791748047,0,167.88444519043,172.60684967041,0,0,194.544723510742,168.994464111328,191.683555603027,169.981643676758,0,0,0,0
48.6155896377564,98.1664619445801,130.150547790527,84.0465137358635,48.8030753949793,14.6343244276174,8.15115126734107,49.0310454756965,19.5712715666181,67.9421070847556,24.7491720618274,55.5313203151409,12.3985418842972,68.9549009535048,32.6707360017401,11.619354317569,135.549320220947,135.236687155331,91.224375406901,171.063613891602,28.4797556354867,104.772670269012,96.180084922097,116.945312887935,65.961558367755,178.004150390625,152.47986386617,149.532438278198,72.3340412044789,30.986130851863,93.9038708069745,96.7684783935547,19.4690421314324,73.7970576286316,31.1996701650632,156.063846043178,0,198.740356445312,96.4392816643966,0,0,180.151818169488,143.535906733299,181.579041701097,99.9441981845432,156.09869037975,199.553039550781,64.2980803535098,0,185.799964211204,0,133.041496276855,0,0,0,36.9991280691964,0,0,196.631741841634,120.910726111276,0,182.103805541992,175.896209716797,140.532139067954,169.449566256615,158.750367971567,0,0,151.23740456321,166.240075005425
27.4695376880015,118.631063842773,92.0672134297434,58.5822148323059,39.7929626811634,106.352129849521,49.0310454756965,8.74814054273732,57.1995097821818,54.1745182720583,13.2022607239186,160.967697143555,37.1770155605854,144.912109375,29.5688637045554,59.2847293217977,78.9121055603027,116.756419038773,168.836532592773,155.147384643555,64.1917612552643,71.2791612703506,71.0073904557662,70.9845330252576,43.7870438473089,0,120.29090184992,110.071850783737,17.6603479900224,42.7308283492995,14.1662865785692,155.468185424805,100.704123687744,45.3859639457576,76.3581765690205,133.82906703949,169.55924987793,163.883158365885,69.5786610810653,116.46299150255,0,133.532507444683,111.62511427859,145.955690852931,81.9079374694824,124.807120386759,203.39230855306,112.141308254666,0,152.207328704466,129.667743682861,132.584481811523,180.001612345378,0,176.473907470703,104.074743270874,0,150.301096598307,162.239253117488,92.5131136894226,0,203.889994303385,161.272198396571,113.35766424649,135.563884454024,130.31173409356,0,0,128.155865859985,129.689027639536
25.6339820085876,150.820838928223,120.950843078802,86.1884540489742,82.1335514831543,22.4170605689756,19.5712715666181,57.1995097821818,10.8727026243476,83.7483251471268,18.8330012866229,75.428695603913,28.8623056947417,80.6174550307424,13.9938449105917,32.1606153750111,0,123.727819122044,145.659889221191,152.817292531331,81.4253288777669,88.6188205417834,113.517578488305,99.7499533514282,81.8657204462281,113.73991394043,141.292991397617,138.447320055606,75.2172487924948,28.3208002995691,74.5116846544029,143.699991861979,17.8199760835302,53.4234017458829,41.6291067903589,163.942383660211,0,193.667563120524,98.0957649985513,128.581680297852,0,154.055974324544,142.076925456524,171.35380450162,112.904246920631,159.566989075904,238.440780639648,129.307590484619,0,180.64569568634,0,193.503997802734,227.95832824707,0,0,87.9812278747559,157.919591267904,130.499315897624,181.214955946978,124.111413926934,0,216.834530639648,182.177321624756,142.7227553313,164.662055969238,157.582700168385,153.629760742188,244.225357055664,159.958981196086,166.242356520433
69.0310461144698,62.0798270039539,88.0570949330049,22.2473482278899,31.4970426081726,105.700332641602,67.9421070847556,54.1745182720583,83.7483251471268,10.4060943924336,59.8256882716269,130.77362610573,12.0484463946764,122.821249278318,72.6573856671651,17.2465285252441,27.1962925515524,106.779750432724,138.456670973036,129.136184183757,31.0868027170277,67.0448637528853,21.8785083028913,82.2324900854202,15.4035359952943,102.702284226395,114.502136543753,93.6671432673931,44.3216868903814,59.647553178578,52.7717954349793,134.680011204311,109.974452209473,50.920064433521,85.7976434329029,106.112019348145,0,122.295509338379,52.3272981643677,81.5056880950928,0,0,109.387891496931,103.310874938965,24.0870900941127,123.245315551758,139.958511352539,0,157.281063304228,0,0,129.016052246094,206.477030436198,179.787811279297,237.058746337891,64.863787651062,0,164.71169535319,122.547229766846,51.0320330657959,142.94051361084,209.433614095052,161.89543999566,105.34646660941,111.4222240448,63.5186703999837,169.928741455078,0,85.897061920166,179.531433105469
37.9648045663955,124.919452667236,101.853812612336,61.6848806331032,13.5424084416194,88.151617867606,24.7491720618274,13.2022607239186,18.8330012866229,59.8256882716269,8.59284628896446,86.9456329345703,22.3175310054023,148.635167439779,28.864248012638,45.0580590987692,112.711248397827,125.416295438199,154.720448811849,155.841846466064,13.634011103075,84.3250459810583,79.1254116780049,87.3782725912987,49.0416691646069,0,126.550032209056,122.282253466154,23.2041566874567,57.8932255854815,71.9717759973863,170.576739501953,91.7065887451172,51.903626883834,69.7911501628597,142.492206997342,0,165.91709790911,80.5200182391751,107.695009640285,206.423751831055,138.857369912637,119.090023952577,148.215404905122,90.1750336560336,132.450692925571,198.261795043945,53.9559657390301,0,160.968481231154,140.474322001139,129.988887786865,180.100616455078,0,205.444488525391,48.4214936392648,160.354965209961,125.30087852478,183.00057554245,97.5073127504122,0,200.619537353516,162.159868367513,119.626688714397,142.611775277675,140.719287618001,0,0,151.88376083374,151.767217000326
134.205784430871,63.6944619113959,79.137587625009,69.219709981027,0,55.121975962321,55.5313203151409,160.967697143555,75.428695603913,130.77362610573,86.9456329345703,13.2245966023626,0,26.4440984022131,107.673741947521,143.673695882161,119.504688807896,52.2758870587301,22.1845764951949,23.1485110870878,0,80.303863313463,105.474571961623,85.2103218786495,141.632158279419,37.1844701413482,26.6156272647833,61.0870195563565,128.328426502369,46.0876250517996,94.3545662260404,36.6607587299003,59.9045389236942,115.387001037598,30.1838462842369,198.033935546875,113.249342600505,122.034866756863,70.4123004731678,0,0,0,179.960762023926,200.092994689941,180.067249298096,0,86.8110190800258,0,70.4166296550206,203.455520629883,0,132.701843261719,135.002259767973,107.584198072845,114.568354658647,0,0,143.185734558105,151.192775892175,0,63.518426486424,105.595952712738,109.208691362022,0,0,177.811031341553,97.1601074414375,0,144.959487915039,131.610470940085
69.9066721598307,88.7470893859863,96.0863571166992,57.1264400482178,17.101672981381,101.927562713623,12.3985418842972,37.1770155605854,28.8623056947417,12.0484463946764,22.3175310054023,0,7.28771443316678,0,74.8543752564324,8.68690014582231,91.556640625,155.585662841797,0,0,11.6147961750373,62.6329498291016,54.5690318020907,0,17.1336285817856,0,131.765693664551,141.132666269938,32.8977631252177,76.4748563893636,110.298957824707,171.545623779297,98.7129135131836,78.3621420426802,75.0373165296472,148.575546264648,126.709350585938,146.144653320312,0,28.9949409770966,0,149.813557942708,119.073056030273,0,55.0419347286224,126.156724598097,0,8.86297930785115,0,160.107275390625,0,0,0,0,0,13.641695681937,0,105.553131103516,149.857940673828,87.0993637857558,0,0,179.813491821289,123.755656433105,155.256698608398,0,0,0,144.224456787109,180.894775390625
153.241966247559,51.9415786334017,80.3019592285156,62.8378140682644,0,67.6537367876838,68.9549009535048,144.912109375,80.6174550307424,122.821249278318,148.635167439779,26.4440984022131,0,9.49668950153162,85.719115363227,128.413703918457,136.355062866211,105.482609835538,54.5386815728812,74.657502416154,0,135.377876281738,97.1767729706374,123.86828994751,136.464568879869,19.8135949468456,40.1125177333881,31.056778361901,164.884493509928,51.8029592678111,152.738072713216,17.6271861282836,63.9086649277631,97.0558242797852,47.1694143667773,0,92.4637722969055,133.467922210693,51.7652155223646,0,0,0,0,0,149.964219093323,0,68.7174108754034,0,59.509741766952,0,0,0,108.576326370239,96.0825362827467,122.327199433979,0,0,119.916952896118,163.554321289062,0,54.306186245976,102.434743662972,103.817981249221,0,105.990875244141,179.996925354004,82.8394668803495,0,0,119.274084472656
10.05377738702,126.535356794085,104.924848429362,78.2082670446028,82.9385562223547,26.2832733448887,32.6707360017401,29.5688637045554,13.9938449105917,72.6573856671651,28.864248012638,107.673741947521,74.8543752564324,85.719115363227,6.42746806030138,35.667607526111,133.132916768392,109.771068459126,143.070246015276,137.424772625878,83.0608359921363,69.0470943450928,98.9708136099356,86.6851441909237,73.2306408078867,86.1638031005859,126.70112151805,131.117690612223,64.9327296275055,13.494997099652,50.3633407955957,176.484901428223,13.1147414456764,24.795087649359,56.1298745375912,154.044034004211,129.643676757812,164.547171274821,99.3857900557979,122.923500061035,189.983108520508,176.09424495697,135.723983101223,163.023916684664,94.667033700382,155.485453651065,215.2431640625,116.255744934082,0,164.518388475691,149.64542388916,119.937042236328,203.761444091797,0,195.642944335938,87.2404632568359,158.743520100911,139.964935302734,171.195327148438,119.376501157963,0,207.303782145182,173.877915382385,133.222134081845,157.580499053001,157.719023052015,0,0,146.908908843994,165.240036010742
25.397559113936,96.1780014038086,134.153461456299,66.3998719453812,45.9774784555241,11.6766007698718,11.619354317569,59.2847293217977,32.1606153750111,17.2465285252441,45.0580590987692,143.673695882161,8.68690014582231,128.413703918457,35.667607526111,6.6752941888526,108.708045959473,172.052803039551,0,0,44.4550467146204,0,62.3082847595215,101.629969278971,29.3892470411821,141.143402099609,142.011796569824,124.932945251465,73.2488176915553,27.3287879876385,75.5999491764949,0,52.1432843208313,37.2664283469871,28.9353693543578,0,0,0,76.5471064249675,60.4994468688965,0,0,122.941487630208,141.887619018555,73.7117249170939,210.970413208008,0,0,0,186.078119913737,0,0,0,0,0,65.1731719970703,124.146408081055,0,147.273406982422,82.0525026823345,0,171.733856201172,146.215805053711,123.79699123607,137.878100077311,124.05467376709,0,0,0,154.829193115234
0,67.8568033490862,78.8511119965584,44.377080227602,0,0,135.549320220947,78.9121055603027,0,27.1962925515524,112.711248397827,119.504688807896,91.556640625,136.355062866211,133.132916768392,108.708045959473,14.3398858036781,94.4210666363056,170.157379150391,114.669162456806,0,18.0241999689802,30.6118246412642,12.6760632040742,28.0740800963683,133.86083984375,102.051879625642,28.2151069741576,34.5617853944212,93.2453704833984,79.5953250820354,122.390357971191,157.794952392578,94.2583198547363,85.4166695311829,125.030838012695,0,114.34547328949,78.6938767866655,0,0,0,148.682586669922,193.580284118652,0,164.57292175293,190.28685760498,0,0,0,0,52.8866532537874,154.526969909668,0,176.77717590332,0,103.07616927203,54.1372673771962,85.1317358718365,90.3544952392578,0,156.325136184692,107.751181367156,123.867572402954,162.570098876953,114.331944783529,0,0,137.355336507161,118.774611579047
93.0023419534006,50.7439866020566,31.9016287770317,56.2980816912907,135.733444213867,0,135.236687155331,116.756419038773,123.727819122044,106.779750432724,125.416295438199,52.2758870587301,155.585662841797,105.482609835538,109.771068459126,172.052803039551,94.4210666363056,8.04056233721715,72.6097321686921,16.7005973358377,0,39.4177628379684,74.9807374925756,16.950623581224,115.934349259086,90.5570182800293,23.27898504442,63.2220250758196,106.897790173517,84.9732507747762,70.9147211859803,112.902129229377,89.2793655395508,110.276847727158,33.1326384964265,168.97789255778,93.7366775512695,98.8456744429183,81.3330831174497,0,0,204.627731323242,156.859549917826,180.665988806522,134.879826863607,176.394631958008,134.953953213162,0,144.731491088867,186.605440886124,0,130.46875,117.064535607232,160.624089558919,134.363863545079,165.009674072266,139.863948186239,105.698483626048,120.020867338149,159.243839610707,211.467849731445,114.560548570421,101.628998478254,156.517319573296,173.501770019531,158.637162376853,167.077590942383,0,0,119.579161032652
167.248386383057,71.4836754535311,87.4000715528216,84.5033463268745,0,95.9213523864746,91.224375406901,168.836532592773,145.659889221191,138.456670973036,154.720448811849,22.1845764951949,0,54.5386815728812,143.070246015276,0,170.157379150391,72.6097321686921,6.70303647165016,11.0256310235484,0,102.801562969501,115.985534667969,99.0450520234949,149.041772024972,49.0621032587899,29.211603680486,62.912078538181,161.562721252441,87.8363209144742,116.82023021153,53.8635270734345,92.8488464355469,170.020523071289,60.6132540219901,0,126.67961247762,137.085120391846,88.531197309494,0,0,0,0,0,186.335830688477,0,105.024220005158,0,87.1482538572499,162.284072875977,0,0,147.731251307896,107.572852123215,120.260240936279,0,0,157.091461181641,166.055598449707,0,76.0448204040527,106.186450940912,109.737097082291,0,225.869613647461,158.046318054199,103.668854183621,0,0,133.89650777181
125.766465713729,62.8538755181454,77.9926073404351,64.2127865529097,0,108.753555297852,171.063613891602,155.147384643555,152.817292531331,129.136184183757,155.841846466064,23.1485110870878,0,74.657502416154,137.424772625878,0,114.669162456806,16.7005973358377,11.0256310235484,10.6828332641195,0,72.0922955263842,100.865879861932,62.0549730004143,141.769810438156,49.5028609294517,27.7401998483171,68.3847137933008,133.814568691566,106.360055136815,93.9452603351111,69.8180459232654,143.534671783447,137.548282199436,47.4787909569323,195.783786010742,113.894527210909,114.831323159708,82.882452583313,0,0,0,190.607922145299,215.040985107422,165.719446818034,207.521629333496,115.874479505751,0,101.403926589272,206.878723144531,0,142.74117787679,120.382919004985,110.617617145274,113.25912520029,0,156.58816019694,138.257247924805,138.20855821882,183.750340053013,74.790049235026,104.866041145398,108.198245353622,186.354107943448,216.327275594076,179.632000393338,109.795442754572,0,208.970932006836,124.263044827226
67.0710182189941,0,0,67.3350248790923,10.7825354103091,135.306091308594,28.4797556354867,64.1917612552643,81.4253288777669,31.0868027170277,13.634011103075,0,11.6147961750373,0,83.0608359921363,44.4550467146204,0,0,0,0,6.36625231606262,0,0,117.477874755859,17.0633716732136,0,0,0,21.4699922059424,85.0727993593378,88.3560638427734,0,122.452674865723,77.9308031867532,85.1563960181342,0,0,0,82.337272644043,10.0083895921707,219.026840209961,151.054112752279,134.809541066488,172.070587158203,57.6264688592208,138.945973714193,0,9.30386946205651,0,173.700174967448,0,0,0,0,0,7.34883764466243,0,0,0,90.9912566856102,0,206.032974243164,0,118.442914772034,164.19713973999,167.744084676107,0,0,0,0
59.1043794449424,84.1091306637495,55.9814198744499,49.2911851283119,0,114.928085327148,104.772670269012,71.2791612703506,88.6188205417834,67.0448637528853,84.3250459810583,80.303863313463,62.6329498291016,135.377876281738,69.0470943450928,0,18.0241999689802,39.4177628379684,102.801562969501,72.0922955263842,0,9.96807342435417,43.8490110946756,23.8443511289047,34.1645878208801,110.788379669189,104.27179754934,65.0425088065011,19.2257310944219,57.1850143597334,25.5169667780536,160.169555664062,131.783866882324,16.0711480745505,37.2387421545346,127.907779196034,0,126.481774806976,58.13969113967,168.926116943359,170.107246398926,0,126.088271063727,155.120369359067,74.0536308288574,163.751745223999,157.104064941406,0,226.538009643555,144.449711754209,184.0400390625,97.9286553980941,146.737297847353,197.341331481934,171.618290492467,0,105.707049821859,64.9029965881908,106.579293688478,110.195846176147,0,163.119216021369,126.75956995347,103.25728076675,124.686929900071,108.778135752748,0,179.430389404297,109.006458282471,119.10817693354
99.6314075469971,25.1623204423741,36.7879199679372,25.1734243300709,54.5139323643276,167.606742858887,96.180084922097,71.0073904557662,113.517578488305,21.8785083028913,79.1254116780049,105.474571961623,54.5690318020907,97.1767729706374,98.9708136099356,62.3082847595215,30.6118246412642,74.9807374925756,115.985534667969,100.865879861932,0,43.8490110946756,7.77249863799066,45.8575578606727,20.3145610040473,78.8947636006161,83.2167888103387,32.6565373831791,46.5605204802983,72.2940140830146,47.7677486748309,115.174703216553,104.722536722819,60.4946179962158,65.2829492864125,113.754661560059,126.48442586263,93.9523224077727,40.5725804487864,0,0,197.295669555664,116.478043500115,172.736392974854,85.9727620211515,181.834132194519,133.796379089355,0,141.400821461397,140.778839111328,0,55.4070094851997,134.348210503073,164.107925415039,154.926732635498,0,75.8412827650706,43.262364512682,71.0063356172054,87.2572877066476,126.452678256565,137.184715634301,81.4967628717422,85.3449239730835,102.334575653076,77.5780556018536,141.750701904297,0,82.3680339813232,90.7033746892756
73.2897199022478,65.012675110405,21.9212734782365,50.4199973459807,0,107.837445576986,116.945312887935,70.9845330252576,99.7499533514282,82.2324900854202,87.3782725912987,85.2103218786495,0,123.86828994751,86.6851441909237,101.629969278971,12.6760632040742,16.950623581224,99.0450520234949,62.0549730004143,117.477874755859,23.8443511289047,45.8575578606727,15.1676989533245,55.0361959769662,113.704026794434,60.4528395693873,40.8884353570578,32.8584984787506,71.8577378571126,53.5711254654115,105.172837393624,128.772441864014,75.91202575203,46.3178078143909,155.224808120728,107.749697004046,100.302105084588,96.7206000666465,174.649047851562,0,177.242148357889,143.772609180173,176.245430455063,95.6589750289917,163.779019070655,163.576872018667,189.347900390625,181.021682739258,176.250018692017,176.720726013184,92.9593608077846,134.018590109689,169.783294677734,151.997708129883,212.782363891602,106.13924029327,67.3077113393039,100.841100081652,122.475342886789,0,142.738833348891,98.2333939112312,129.427718407997,145.886778611403,115.725630490285,173.45378112793,0,130.55850982666,119.248836517334
72.9769537642195,69.7743884086609,86.8625892026581,34.9014820583459,15.5887863666957,116.924072265625,65.961558367755,43.7870438473089,81.8657204462281,15.4035359952943,49.0416691646069,141.632158279419,17.1336285817856,136.464568879869,73.2306408078867,29.3892470411821,28.0740800963683,115.934349259086,149.041772024972,141.769810438156,17.0633716732136,34.1645878208801,20.3145610040473,55.0361959769662,9.93181150115087,111.469843350924,119.835655532197,66.4499735066714,17.7430519299928,67.9537623796148,59.9990839655437,140.489677429199,126.56792640686,64.0083233290144,76.2364607302018,123.385683492025,185.788375854492,144.048932393392,58.1040856743365,95.7033047940996,0,107.862001642835,92.8483579979568,128.579664431936,45.3953633633738,98.053387172552,205.944905598958,85.6554453980689,144.311393737793,135.034943928438,114.993628501892,104.601210594177,180.45855821882,201.251037597656,168.955238342285,89.1916257779892,111.318005536054,97.060293382214,140.727885084886,57.9436599863353,0,189.251497268677,143.799113053542,96.6835838910537,123.72048471363,115.945117042178,220.043045043945,172.013610839844,120.670021152496,127.822404702504
0,25.2502445025739,0,23.5859881941701,0,82.5793024698893,178.004150390625,0,113.73991394043,102.702284226395,0,37.1844701413482,0,19.8135949468456,86.1638031005859,141.143402099609,133.86083984375,90.5570182800293,49.0621032587899,49.5028609294517,0,110.788379669189,78.8947636006161,113.704026794434,111.469843350924,8.92522133421247,43.0070749961749,24.3306853433798,143.242340087891,68.5746593475342,141.797302246094,43.9980986719934,0,148.070404052734,59.665270642692,0,73.1485967636108,132.036295572917,43.3711216449738,0,0,0,237.52131652832,0,138.874114990234,0,62.2379596058915,0,50.5939995587882,0,0,184.850250244141,155.572952270508,71.9108550402583,123.0236085745,0,0,99.8790283203125,134.843719482422,0,36.9049560766426,70.5120721526493,74.3523516997448,172.941650390625,0,0,67.246395111084,0,0,79.6138544082642
113.887608024809,48.5955327897762,28.0329151732844,45.9572431643305,144.445175170898,141.38444519043,152.47986386617,120.29090184992,141.292991397617,114.502136543753,126.550032209056,26.6156272647833,131.765693664551,40.1125177333881,126.70112151805,142.011796569824,102.051879625642,23.27898504442,29.211603680486,27.7401998483171,0,104.27179754934,83.2167888103387,60.4528395693873,119.835655532197,43.0070749961749,12.1000462317284,37.3220152632222,105.16257462166,105.019231580098,96.4848105964478,27.7061028295845,154.159238542829,124.193373895461,62.7003627532237,181.468967784535,98.2782233101981,98.1553288008612,71.5043523425148,199.494964599609,0,200.932151794434,174.21674601237,193.721713111514,167.795589447021,190.247344970703,106.757301016699,0,82.4767094211837,198.49000453949,0,144.979574764476,105.218716802353,104.625948830021,106.617385475432,0,145.203921216599,117.62335722787,119.934268534425,167.186204020182,66.898949414977,96.2154633342489,99.6450483696634,167.468246823265,188.457249450684,155.181412495358,100.1950767345,121.616966247559,177.413955688477,115.367519517885
118.851256150466,33.1621895036953,32.546881177979,38.5575278945219,84.9028091430664,168.135040283203,149.532438278198,110.071850783737,138.447320055606,93.6671432673931,122.282253466154,61.0870195563565,141.132666269938,31.056778361901,131.117690612223,124.932945251465,28.2151069741576,63.2220250758196,62.912078538181,68.3847137933008,0,65.0425088065011,32.6565373831791,40.8884353570578,66.4499735066714,24.3306853433798,37.3220152632222,14.4527926803218,64.315111362563,110.158934664564,105.660519131908,34.3787605403409,99.6725578308105,108.373133720236,65.1937522497155,162.890515362775,101.759967585972,89.5523659020139,73.0999397348475,168.735148111979,220.070083618164,178.996059599377,150.043554010238,175.50647017535,147.979294670953,162.830242580838,105.858360111713,172.599273681641,90.0499131352527,172.192273792468,178.220764160156,96.2765817594765,112.63162467059,108.441527454889,114.595568688468,0,113.004054518604,72.8579144918002,100.482998849372,141.056072347304,73.7263087608554,103.033529445003,94.5791053690809,141.667108433847,171.881067449396,151.216004281674,105.337712295656,137.937309265137,151.32969156901,116.773242567145
43.8223175872707,97.8933850801908,64.1376470039237,48.676499502233,10.713715949838,113.381599807739,72.3340412044789,17.6603479900224,75.2172487924948,44.3216868903814,23.2041566874567,128.328426502369,32.8977631252177,164.884493509928,64.9327296275055,73.2488176915553,34.5617853944212,106.897790173517,161.562721252441,133.814568691566,21.4699922059424,19.2257310944219,46.5605204802983,32.8584984787506,17.7430519299928,143.242340087891,105.16257462166,64.315111362563,9.22371906971139,54.8490103641798,27.2804499019719,139.950479507446,119.238943417867,55.4305677136171,59.5532680714093,125.900116006327,130.745452880859,143.930350004737,65.0279378549455,87.7492767715454,186.661659240723,132.845006942749,109.374139308364,139.844316720963,67.2089696300629,126.920177827802,193.05419921875,87.6019653451854,201.715194702148,142.606235180871,129.260488891602,106.328595941717,174.929222412109,204.461502075195,203.706776936849,101.458466064098,113.91369865936,86.4106771762554,132.887414414753,85.8903295967016,173.461761474609,193.64988781157,138.157451911513,105.224039272759,130.516479892923,115.054830295646,221.146484375,171.892532348633,118.772567468531,131.79015110256
11.9046244707499,112.398766411675,92.2745299905033,63.7210030664592,84.5170835653941,22.2934440798268,30.986130851863,42.7308283492995,28.3208002995691,59.647553178578,57.8932255854815,46.0876250517996,76.4748563893636,51.8029592678111,13.494997099652,27.3287879876385,93.2453704833984,84.9732507747762,87.8363209144742,106.360055136815,85.0727993593378,57.1850143597334,72.2940140830146,71.8577378571126,67.9537623796148,68.5746593475342,105.019231580098,110.158934664564,54.8490103641798,8.27655309455481,16.6096302547146,86.7939259455754,8.96772671998419,13.441682251077,27.6697143115431,143.351565419892,208.146835327148,163.608800252279,83.5051569731339,137.686847686768,148.443298339844,160.134655164636,129.641625114109,163.103522102788,80.7296163724816,156.238197620098,238.435546875,129.16185760498,0,158.380197106338,152.495269775391,117.934903144836,179.16692679269,211.338043212891,190.12287902832,92.8778953552246,122.643382481166,114.996079762777,151.236154121265,115.913320882431,136.079045613607,180.554628499349,158.995956299797,123.93995575874,149.038288797651,128.669752237748,0,0,137.803809928894,152.872045135498
29.4871121173823,105.504115456029,81.6530425430595,52.0277795861165,97.2912483215332,109.837860107422,93.9038708069745,14.1662865785692,74.5116846544029,52.7717954349793,71.9717759973863,94.3545662260404,110.298957824707,152.738072713216,50.3633407955957,75.5999491764949,79.5953250820354,70.9147211859803,116.82023021153,93.9452603351111,88.3560638427734,25.5169667780536,47.7677486748309,53.5711254654115,59.9990839655437,141.797302246094,96.4848105964478,105.660519131908,27.2804499019719,16.6096302547146,8.86734688883496,149.806289672852,107.570622762044,44.7554538460726,36.4168579337968,130.251461466805,0,144.454315409941,71.8447817686562,0,0,136.071965304288,118.005318576342,147.63593781884,65.6308947669135,140.898653411865,163.279586791992,0,157.568344116211,145.817286271315,149.675067901611,102.596897972955,149.921741779034,190.98168182373,179.64647547404,0,108.477021690616,75.2379662195842,113.752539914296,104.165213496675,0,172.69426241788,143.899270284744,107.664371425332,130.420214779406,110.599058708374,0,0,114.689858891414,124.631415582472
163.219375610352,66.4067841302781,82.9449191093445,79.7675062526356,0,0,96.7684783935547,155.468185424805,143.699991861979,134.680011204311,170.576739501953,36.6607587299003,171.545623779297,17.6271861282836,176.484901428223,0,122.390357971191,112.902129229377,53.8635270734345,69.8180459232654,0,160.169555664062,115.174703216553,105.172837393624,140.489677429199,43.9980986719934,27.7061028295845,34.3787605403409,139.950479507446,86.7939259455754,149.806289672852,6.93041534814009,0,0,72.7783154564342,0,115.95630645752,145.336288452148,81.078254699707,0,0,0,214.756797790527,0,162.209075927734,0,93.6938194418853,0,81.9260126749675,212.955429077148,0,0,158.888359069824,101.698688204326,126.593326144748,0,0,149.630537414551,166.536787033081,0,71.5256479504039,106.46454026964,110.512806609183,0,0,187.197929382324,97.9305615341454,0,0,131.163852146694
73.8689866499467,0,167.916125488281,110.410461425781,0,9.37074886169962,19.4690421314324,100.704123687744,17.8199760835302,109.974452209473,91.7065887451172,59.9045389236942,98.7129135131836,63.9086649277631,13.1147414456764,52.1432843208313,157.794952392578,89.2793655395508,92.8488464355469,143.534671783447,122.452674865723,131.783866882324,104.722536722819,128.772441864014,126.56792640686,0,154.159238542829,99.6725578308105,119.238943417867,8.96772671998419,107.570622762044,0,5.0233513277029,52.5454635620117,40.2544996023178,0,0,0,126.897132873535,0,0,0,176.753341674805,220.031646728516,113.614318847656,0,0,0,0,186.493347167969,0,0,0,0,0,0,0,0,233.391143798828,161.179538726807,0,0,191.67741394043,167.097938537598,202.456817626953,0,0,0,0,0
40.4679372509321,117.424598693848,98.0925180162702,52.7397820019814,72.9912501743862,51.13068262736,73.7970576286316,45.3859639457576,53.4234017458829,50.920064433521,51.903626883834,115.387001037598,78.3621420426802,97.0558242797852,24.795087649359,37.2664283469871,94.2583198547363,110.276847727158,170.020523071289,137.548282199436,77.9308031867532,16.0711480745505,60.4946179962158,75.91202575203,64.0083233290144,148.070404052734,124.193373895461,108.373133720236,55.4305677136171,13.441682251077,44.7554538460726,0,52.5454635620117,7.97334996940313,21.0246508498844,140.071416854858,0,160.584495544434,72.2859071493149,148.472671508789,0,147.447525024414,126.647175287796,155.807659657796,75.9886567687988,177.92866897583,207.988204956055,93.4462242126465,0,152.552838375694,155.399795532227,85.3504257202148,240.308471679688,0,0,86.720775604248,106.479272024972,103.789670944214,137.244367599487,106.511384657872,0,160.417999267578,151.381765577528,113.292613983154,142.809790177779,124.473921203613,0,198.255859375,129.642479705811,139.762739562988
85.7251374156205,58.6114084392095,53.6260999714869,55.5445155125515,86.5297538757324,38.4740996557819,31.1996701650632,76.3581765690205,41.6291067903589,85.7976434329029,69.7911501628597,30.1838462842369,75.0373165296472,47.1694143667773,56.1298745375912,28.9353693543578,85.4166695311829,33.1326384964265,60.6132540219901,47.4787909569323,85.1563960181342,37.2387421545346,65.2829492864125,46.3178078143909,76.2364607302018,59.665270642692,62.7003627532237,65.1937522497155,59.5532680714093,27.6697143115431,36.4168579337968,72.7783154564342,40.2544996023178,21.0246508498844,10.2725141951172,153.601992289225,99.8131847381592,98.4981756409009,81.7771427946271,151.448787689209,0,168.467957814535,141.2977136389,168.08646886489,78.7946744848181,169.333480834961,141.872608184814,90.3268356323242,111.217383665197,166.620610700335,192.049453735352,104.479069150727,118.200960832484,132.676161872016,120.032091379166,102.691246032715,113.217608981662,87.9410072775448,110.879468117051,124.259909387845,87.318166923523,112.646173429212,106.023044476721,117.495891837187,145.091534834642,120.489129250094,135.134470487896,0,123.92230436537,125.224525595611
136.184569222587,113.942001342773,152.434768168132,99.664852142334,130.923105875651,0,156.063846043178,133.82906703949,163.942383660211,106.112019348145,142.492206997342,198.033935546875,148.575546264648,0,154.044034004211,0,125.030838012695,168.97789255778,0,195.783786010742,0,127.907779196034,113.754661560059,155.224808120728,123.385683492025,0,181.468967784535,162.890515362775,125.900116006327,143.351565419892,130.251461466805,0,0,140.071416854858,153.601992289225,9.56693867663325,125.115900312151,112.996322407442,70.1926013923691,84.7731867703525,78.076952457428,39.0169947196026,18.0195099569999,35.1770616100308,71.4106851016774,69.9637098811546,123.95738005906,80.3679016113281,153.17505972726,16.3236097547769,56.6068091185197,89.9222696238551,103.780793560876,142.583546876907,124.883686136755,87.3726287841797,85.6392386219289,76.8988070878826,100.807922317505,68.1918304685562,159.84464263916,125.174530773628,126.024118446442,77.92702210493,17.5855408569846,30.6917635092108,151.512915039063,84.1838655471802,39.1845202861485,69.9926499209358
0,133.97639465332,87.3698035792301,69.5433448791504,0,0,0,169.55924987793,0,0,0,113.249342600505,126.709350585938,92.4637722969055,129.643676757812,0,0,93.7366775512695,126.67961247762,113.894527210909,0,0,126.48442586263,107.749697004046,185.788375854492,73.1485967636108,98.2782233101981,101.759967585972,130.745452880859,208.146835327148,0,115.95630645752,0,0,99.8131847381592,125.115900312151,7.48264174436651,40.5715399290386,19.1388685256877,0,0,143.330352783203,108.552429707845,131.748497856988,63.5663779238437,122.254014492035,69.3948916843959,88.9314804077148,54.2311034569373,135.038063396107,126.819435119629,56.7219567685514,58.4599648518073,78.6440374312862,59.420414791015,0,82.9280039469401,15.0484387846672,63.2888648623512,74.7781825709987,15.1073306602199,49.8837420851116,33.9327945046329,107.516756804093,126.414005824498,108.995783996582,71.0231387194465,0,132.958740234375,61.8117293640597
153.861487070719,90.3737131201703,85.7196183957954,54.8793900807699,0,228.369232177734,198.740356445312,163.883158365885,193.667563120524,122.295509338379,165.91709790911,122.034866756863,146.144653320312,133.467922210693,164.547171274821,0,114.34547328949,98.8456744429183,137.085120391846,114.831323159708,0,126.481774806976,93.9523224077727,100.302105084588,144.048932393392,132.036295572917,98.1553288008612,89.5523659020139,143.930350004737,163.608800252279,144.454315409941,145.336288452148,0,160.584495544434,98.4981756409009,112.996322407442,40.5715399290386,11.0176110036509,40.8157963645119,117.634470621745,169.105682373047,122.337763127065,83.2339499257626,113.779972091054,101.834385774574,102.500050651858,90.9672406514486,132.472919464111,84.1574422000499,119.002491831526,125.74786729079,72.4204817771912,46.335611772869,93.855438988488,68.8227665202768,0,64.3094802501813,47.6231732721114,26.9183750050573,110.198729861866,73.1904275682237,35.986545991927,32.6440926204521,70.4728430470009,136.008106500962,92.5030149788692,90.3872754132306,219.457168579102,113.463934856912,70.1594689464312
88.4711584611373,57.3866769075394,90.4329349633419,26.8322381323034,80.9843292236328,144.487823486328,96.4392816643966,69.5786610810653,98.0957649985513,52.3272981643677,80.5200182391751,70.4123004731678,0,51.7652155223646,99.3857900557979,76.5471064249675,78.6938767866655,81.3330831174497,88.531197309494,82.882452583313,82.337272644043,58.13969113967,40.5725804487864,96.7206000666465,58.1040856743365,43.3711216449738,71.5043523425148,73.0999397348475,65.0279378549455,83.5051569731339,71.8447817686562,81.078254699707,126.897132873535,72.2859071493149,81.7771427946271,70.1926013923691,19.1388685256877,40.8157963645119,34.0447119727279,49.8908855801537,125.830169677734,78.9647448221842,56.1596815090865,84.8179954828001,35.8486610358616,79.7738054804929,76.7994757234381,64.7471878745339,47.1820294681566,85.0547210483803,96.5171729193793,45.1738666713238,56.4228558086428,78.2716218110557,59.1219805844625,77.9101943969727,53.7622390112992,27.5003607830852,65.0512634049978,35.8264883105636,24.5402278394007,45.5984968271194,39.3885329724836,50.580798635647,75.660308028827,60.6815106210078,70.5954430898031,117.612705993652,63.2324960255079,66.7962711980337
0,0,0,94.3345985412598,11.3081400162432,0,0,116.46299150255,128.581680297852,81.5056880950928,107.695009640285,0,28.9949409770966,0,122.923500061035,60.4994468688965,0,0,0,0,10.0083895921707,168.926116943359,0,174.649047851562,95.7033047940996,0,199.494964599609,168.735148111979,87.7492767715454,137.686847686768,0,0,0,148.472671508789,151.448787689209,84.7731867703525,0,117.634470621745,49.8908855801537,8.17030382193791,0,58.2247696920158,48.0856160937615,90.3448048909505,39.6786070299578,12.1785927406954,166.914016723633,17.0806881585641,0,96.3331208758884,64.6881826945714,0,162.594459533691,0,165.026229858398,10.4436957849106,101.970783233643,46.8219772161439,118.538259506226,14.4656873868546,0,0,121.314179314507,14.4585878602284,93.8758218184761,67.4804267883301,0,143.327751159668,88.3948504130046,97.5691945693072
