9.49695925200145,90.5069274902344,75.7306437920667,67.5625713509573,84.3411344497923,0,86.3587083713983,36.8532095137619,39.5887791117475,66.3372146082288,55.2411977437078,116.02300898234,77.7182238652156,146.912563323975,16.6548282155516,97.9398287259615,113.54136244456,83.506418899114,124.232156541612,101.2267407504,75.7000416420602,61.6997437003063,90.3811005679044,69.7633393363808,72.0820264785619,0,116.648628197094,108.386286095922,72.4383048170526,17.9170749764828,26.8527149552453,154.944534301758,51.849365234375,35.0763718352026,60.420512943733,141.577292633057,0,182.364309692383,99.8643716176351,140.546362443404,0,160.623872236772,126.793306095084,162.437686626728,85.4429120150479,155.118620300293,0,151.801755632673,0,170.044513702393,143.644241333008,141.743816375732,149.921981811523,0,171.371704101562,170.832099914551,137.400015258789,145.702682495117,179.900823974609,112.961736221313,0,175.699859619141,164.228610568576,125.914345811053,158.594875517346,129.050161089216,0,221.935546875,148.386337280273,170.253625488281
90.5069274902344,5.68257848541786,34.651455342556,11.7963088397064,0,144.013458251953,152.785821533203,106.80517859208,149.28612391154,77.7696903027986,112.849385579427,60.493194325765,104.498359680176,46.038723193816,125.130114237467,103.745826721191,46.0309873649052,49.8735776729271,66.7859435611301,52.733367069658,0,88.9669658115932,22.5771298040853,60.9561470236097,80.9334275529191,17.0961480580315,39.3800014356889,26.633612195843,88.3802893610284,128.539836338588,107.612628936768,55.6470493740506,101.38655090332,91.9194564819336,46.0949473197644,0,0,78.9847024988245,52.6579452514648,0,0,154.041397094727,0,185.595565795898,0,0,0,0,89.4070885398171,188.508255004883,0,52.4311752319336,87.8403756713867,111.420109558105,87.5349359317702,0,0,88.5010528564453,127.35601348877,115.206962585449,84.6382522583008,82.6724232584238,79.8403925153944,147.035217285156,0,118.275146484375,104.698890686035,0,0,77.7561094495985
75.7306437920667,34.651455342556,11.6022107352281,44.1464567620137,140.333893432617,131.207927703857,121.872754072278,89.0438813871763,106.505591326815,101.976331451793,108.82493684506,74.8992551502429,155.792913336503,85.2755966186523,95.1182810150082,127.507823181152,81.9646790148476,28.0786051650721,73.6249077055189,57.3880806640342,157.774817726829,60.3403748500989,47.1649550215488,24.5276474862175,108.656982527839,126.966245015462,30.0494183962402,33.5535773195723,87.1869515673949,106.997559948653,68.109406239359,81.6327374776204,157.184930419922,96.5793944767543,67.592546560291,139.650787353516,57.1168425423758,90.7298526763916,62.6283090863909,235.233688354492,0,197.568576049805,180.791884286063,169.653323173523,143.941350301107,202.09470476423,130.67490456321,0,137.726617431641,184.119979858398,0,123.430587980482,101.086755540636,127.229730045094,108.809636272084,191.536819458008,141.896277034984,80.7457327706473,111.211759111523,150.136326768663,128.825996398926,97.6104367144382,89.4067108525815,164.174486541748,182.34870323768,168.847008599175,133.132904052734,0,153.283782958984,91.9083912430178
67.5625713509573,11.7963088397064,44.1464567620137,10.2769818706177,70.2653866098888,0,83.6271950216854,61.2094860732351,84.3237208385094,34.8705440261227,92.6285685835213,69.2949237823486,92.2506168506764,47.4877861401507,84.436282334824,85.6501839286403,37.7323928316251,59.9707610249519,60.8797019720078,56.4163904055743,84.8318288803101,51.2663510068972,19.6226770044714,57.6471205782007,47.8170224454743,30.4378437014761,47.4604460386338,43.5311550183635,57.4800009816415,75.8485019869921,58.6081079197469,57.7135820388794,112.090516662598,66.1015731692314,64.8580028965788,81.9148559570312,104.440055847168,104.50755850474,35.3575976111672,130.847129821777,0,182.875789642334,100.921122701545,101.196846008301,12.2237615585327,139.849712371826,87.530029296875,0,96.7523788452148,153.978472391764,90.8177261352539,56.920138737512,88.6647634506226,104.468424115862,101.157475153605,146.71142578125,65.5981530409593,23.1969310556139,71.9295193127223,89.7002673971242,39.4636192321777,98.63382364356,86.0498660859608,114.378550574893,116.476875892052,80.4327333450317,90.7624416351318,0,68.0757656097412,88.2644904000419
84.3411344497923,0,140.333893432617,70.2653866098888,9.88354286145316,136.16242980957,67.390325626651,74.6066215386551,93.1687931904305,47.3559871768624,31.3808404066853,152.920225143433,36.5755085442407,172.491847991943,99.4389043210158,69.3619524170371,114.11060333252,152.074696858724,222.866195678711,174.902496337891,15.8633689388669,151.376983642578,75.5282958348592,133.141257815891,27.3812505705496,150.350726318359,156.990959522336,136.641123673012,17.8506019309441,98.5481161031367,109.785338083903,0,130.021350860596,93.1641036987305,103.622450006833,145.797729492188,0,227.416488647461,85.6241960525513,46.3432039683464,168.116577148438,133.703112915485,126.229959743539,158.956502369472,86.9810825694691,147.878331436649,233.620590209961,71.4188718188893,0,159.272107637846,113.25471496582,170.903416951497,0,0,200.576354980469,62.9392050690338,225.880584716797,130.652801513672,179.410898844401,95.6351544399784,0,225.44889831543,189.204333496094,85.448912256258,166.269257863363,148.679989284939,0,0,133.521820068359,170.547437032064
0,144.013458251953,131.207927703857,0,136.16242980957,6.42742926105057,11.5993186956521,120.621317545573,21.0792142265446,52.2140884399414,124.487407977764,61.0909015185212,85.310920715332,80.8371090359158,36.1983094745212,12.0615421760264,164.346649169922,0,0,0,115.416320800781,0,0,122.99853515625,92.3614985148112,0,154.359789530436,170.420639038086,135.797147115072,27.6753633920248,0,0,10.8020165227596,0,32.1761080763722,0,0,0,0,0,0,0,0,0,0,0,0,0,0,0,0,0,0,0,0,0,0,0,0,151.599838256836,0,0,0,0,0,0,0,0,0,0
86.3587083713983,152.785821533203,121.872754072278,83.6271950216854,67.390325626651,11.5993186956521,9.71984689069125,59.6772171628527,17.7240724142881,71.4975862826331,33.6494060154204,74.6299004741743,27.4386323226289,88.2019116537912,42.9305541845433,11.715227364343,120.504002075195,138.788113185338,124.910116577148,150.744823189669,51.4823089300569,101.272945284843,109.556243048774,118.721465113826,78.061290219998,71.1337814331055,147.701106562275,139.186677382296,66.2617057488165,61.2855168709476,105.928411383378,143.779275894165,16.942396921393,99.5784446052883,57.083087793986,174.009014129639,0,186.446688334147,135.751391410828,139.214854649135,0,156.772130737305,140.59717376709,166.910522460938,125.561002291166,169.971841528061,0,136.602640005258,0,179.396960987764,183.948247273763,171.164174397786,205.752370198568,0,229.923049926758,147.750260188662,170.620318603516,156.212844848633,196.0263671875,119.480305653698,0,185.61311340332,186.013562520345,149.62296727192,172.936649445565,158.059382120768,225.342544555664,202.771942138672,0,171.506253560384
36.8532095137619,106.80517859208,89.0438813871763,61.2094860732351,74.6066215386551,120.621317545573,59.6772171628527,10.8588656708074,58.4864253750697,57.3557232269554,22.3031867889338,141.55885255103,95.929577857729,167.443519592285,42.133998425723,81.2059531438918,85.603229370757,116.946859465705,154.671282450358,141.165860764524,96.862072467804,62.6948849431265,82.1918819972447,76.3018249166571,60.6499969776283,153.902593994141,126.360685930461,102.713894450581,31.1103390939257,68.1968366538598,22.9127343501205,155.112621600811,120.976330027861,61.2573724622312,86.069327422614,135.642143943093,124.011985778809,156.700007068868,86.3048510807817,131.438717286978,0,139.590123253147,118.219911352522,150.613906143058,77.5982966831752,148.6258932043,0,111.58730840683,211.986251831055,156.493216620551,144.306727091471,155.10549621582,180.260788550744,198.4873046875,180.577323913574,118.671756528459,140.903918489497,131.270866155624,158.62687395621,101.535779271046,180.943099975586,173.382465180897,156.443281231504,115.69207884136,145.77763223328,122.706976038615,0,187.016311645508,139.690081546181,144.840046144881
39.5887791117475,149.28612391154,106.505591326815,84.3237208385094,93.1687931904305,21.0792142265446,17.7240724142881,58.4864253750697,11.1043577903086,87.472098493028,34.253103382172,80.3436211083581,75.8300259651351,85.3575368014249,15.6198529092124,36.465975632306,125.517260442015,120.80376489974,135.186735214726,142.039450642029,83.6657736155908,85.6226710951894,117.437793116416,99.1675535092697,86.6439141203455,106.240028381348,137.274718124663,126.687312901067,77.1414492906198,44.8655834046739,69.2623430224721,144.423391399962,22.7375782049208,95.1674501328241,63.3512697337191,155.896624845617,141.881858825684,169.961318969727,109.414623401783,142.839001464844,0,158.855536516975,145.022897454195,166.564782665622,106.339005364312,170.827528998965,0,139.893539428711,0,176.363098144531,177.710868835449,153.425552368164,180.263851512562,197.635040283203,202.690488542829,153.080885045669,183.936737060547,150.16132245745,185.394734191895,125.882422784034,0,193.540844290597,168.282297810232,145.42996264397,175.38353581215,148.804005384445,152.595611572266,0,142.880630493164,175.4751458419
66.3372146082288,77.7696903027986,101.976331451793,34.8705440261227,47.3559871768624,52.2140884399414,71.4975862826331,57.3557232269554,87.472098493028,8.11904249711951,87.8898248672485,123.884865461077,11.189498186699,113.708354286836,82.9308052371871,19.1916027159377,42.4320950609572,112.751926256263,133.573063190167,124.728074391683,56.493766784668,77.1579251607259,21.1376575904469,105.296974714412,19.5433998670918,99.5734431335681,113.38313852946,105.597514578215,52.5806828539344,73.0912984143133,55.2540930977351,130.42127557703,115.284149169922,59.1599154265031,83.5623388248393,96.7257986068726,0,154.055534362793,67.1195066625422,81.8326541900635,0,114.299387151545,87.9974442081175,126.316107498972,57.6271335667577,134.666542900933,132.988204956055,83.4387100537618,149.246327718099,139.466005498713,130.709564208984,0,172.197647094727,0,166.244018554688,94.6477904068796,162.16338857015,74.2591919898987,154.414943695068,69.8624640896789,0,171.954200157752,161.53773029034,89.3032162097073,123.802025504734,93.6143550872803,0,0,92.3242111206055,157.847058614095
55.2411977437078,112.849385579427,108.82493684506,92.6285685835213,31.3808404066853,124.487407977764,33.6494060154204,22.3031867889338,34.253103382172,87.8898248672485,13.8935129072069,147.123757433535,24.5420198915076,160.328057607015,48.4312187239533,74.5660092131106,101.471156742262,142.940153661764,154.567162906422,157.167213698565,20.6472007394668,78.5493529276414,108.542139097702,99.3328864144165,60.2001977501456,175.758524576823,143.485861226132,123.840053187691,36.6100198608646,87.4231908468198,74.3532646688922,170.42562514085,118.324971492474,90.4659192675636,98.3571817176777,171.56277683803,0,171.563282470703,119.599857198781,145.902014877622,198.832939147949,158.864210145086,152.488462393624,176.927714699193,115.24710544787,167.721825065194,0,140.056691446612,0,196.726783752441,153.477782440186,175.632553100586,215.730981445312,0,232.21418762207,143.641348243656,182.853510538737,142.548543294271,175.294574737549,125.495964977788,0,194.644174194336,171.784433465255,150.90350013826,177.863292324928,157.661131598733,0,221.317108154297,0,156.741897583008
116.02300898234,60.493194325765,74.8992551502429,69.2949237823486,152.920225143433,61.0909015185212,74.6299004741743,141.55885255103,80.3436211083581,123.884865461077,147.123757433535,14.1316653006728,138.114963154216,15.2262850966479,78.8043678283691,79.8395076751709,119.185093349881,36.1494965987885,24.6315347098063,20.841377710228,141.313974207098,94.915516444615,94.7606001581464,80.7161528367263,143.394453543204,35.9443762359619,25.8749530782454,54.1102649209523,147.894408592811,54.4850157893909,99.5438754272461,36.5013005641249,52.8444625466943,100.452782440186,28.649926520674,223.028686523438,83.4398880004883,122.536268615723,117.87474332537,0,0,200.095397949219,204.11558787028,228.646896362305,0,211.163566589355,89.8746045430501,0,66.0668418815544,234.799102783203,0,140.536193847656,135.89527130127,99.5820163633765,106.159003646285,185.009704589844,0,124.131805419922,162.610805511475,173.676693725586,74.4523618144374,101.787657399816,96.635182216914,190.403189086914,235.862434387207,0,98.2032852172852,0,0,117.999572753906
77.7182238652156,104.498359680176,155.792913336503,92.2506168506764,36.5755085442407,85.310920715332,27.4386323226289,95.929577857729,75.8300259651351,11.189498186699,24.5420198915076,138.114963154216,10.8906294403078,146.285555839539,86.5716763463514,18.9023339925094,120.300005594889,164.012793404715,144.906420898437,148.437973022461,16.7142218068546,130.792240905762,104.694561004639,151.479963863597,29.8518777499857,129.60941696167,167.707212413441,160.563539644567,56.7727080564595,91.1407792585006,133.358565110427,187.506713867188,108.616809562401,120.251182556152,97.1730490941513,0,0,0,123.8816502889,132.432689666748,0,153.947397533216,142.935135904948,158.951195610894,92.9157393319266,151.595514569964,214.341812133789,114.194335120065,0,205.918029785156,60.5164031982422,0,243.20751953125,0,220.402481079102,125.602415508694,0,0,0,119.926610183716,0,0,174.676666259766,144.020111694336,185.704000473022,183.900426228841,0,191.910827636719,0,160.799377441406
146.912563323975,46.038723193816,85.2755966186523,47.4877861401507,172.491847991943,80.8371090359158,88.2019116537912,167.443519592285,85.3575368014249,113.708354286836,160.328057607015,15.2262850966479,146.285555839539,8.47858305286272,77.9166049076961,130.707815731273,113.766547066825,80.3320848676893,54.1900244385657,62.2604936353203,148.609767913818,152.522808837891,82.254571400518,132.782422383626,126.366814949662,14.6364606255632,34.0246277091718,26.9194351344537,161.022555215018,70.2591336194207,152.328785366482,14.9917325775491,65.080477512244,0,51.2908618923921,0,110.802612304688,132.585403442383,51.5983846028646,0,0,0,186.735855102539,0,142.754536946615,217.001434326172,71.0999436378479,0,56.8973562214552,0,0,0,127.951440175374,88.6962910970052,101.327388922373,0,0,0,187.014846801758,170.521855672201,55.0717858415309,83.8514865219213,75.4707257237416,221.198857625326,239.667709350586,0,78.4820148200746,0,0,134.665979003906
16.6548282155516,125.130114237467,95.1182810150082,84.436282334824,99.4389043210158,36.1983094745212,42.9305541845433,42.133998425723,15.6198529092124,82.9308052371871,48.4312187239533,78.8043678283691,86.5716763463514,77.9166049076961,9.5161250519544,64.3313835967671,134.489134098933,109.787961024623,132.570018846162,133.870370385771,88.3938101100083,80.2889887658235,115.840052450857,91.6465134123916,89.8133934443582,108.627925872803,131.793780168345,122.109229385021,83.8443492542614,22.3367250156132,55.4170774571163,122.091780718635,14.5794603871263,69.2313279603657,60.1358125231855,159.253068847656,0,170.263287630948,102.492533547538,156.935917941007,0,171.554506350786,142.358446814797,174.435538155692,109.135277642144,178.123719186494,0,170.257865905762,229.353637695312,180.8683385849,158.382598876953,193.889068603516,184.401112365723,222.521759033203,200.180599975586,166.332453409831,177.775463104248,138.532715691461,181.063383556548,128.175178439801,0,187.117094421387,166.009619596963,143.198746164161,170.594310336643,150.368125004555,0,208.921691894531,152.279335021973,172.207549322219
97.9398287259615,103.745826721191,127.507823181152,85.6501839286403,69.3619524170371,12.0615421760264,11.715227364343,81.2059531438918,36.465975632306,19.1916027159377,74.5660092131106,79.8395076751709,18.9023339925094,130.707815731273,64.3313835967671,8.28232840605521,0,135.702959333147,0,156.810857137044,54.2337623970418,100.872723388672,86.5560484666091,117.462754385812,54.3362881962846,140.986571678749,149.535040283203,147.042922319685,82.3527450300243,83.6294959021396,90.0838521321615,0,29.9314244679828,87.9376525878906,87.7167084433816,0,0,0,89.145393371582,124.50616607666,0,158.421472821917,141.440188598633,186.556121826172,83.0889778137207,155.153086344401,0,134.504389444987,0,172.473236083984,195.276794433594,0,0,0,0,141.52704111735,0,0,0,112.951846313477,0,194.668014526367,187.894416809082,139.915128435407,186.463516235352,0,0,0,0,0
113.54136244456,46.0309873649052,81.9646790148476,37.7323928316251,114.11060333252,164.346649169922,120.504002075195,85.603229370757,125.517260442015,42.4320950609572,101.471156742262,119.185093349881,120.300005594889,113.766547066825,134.489134098933,0,14.2057126805775,96.7490462157952,121.225688510471,110.561882866753,134.103740692139,34.2639279050118,21.9042612257947,34.2950565025612,31.8318643425935,88.9332758585612,100.60577569079,34.4999020309226,46.1404327833921,109.863436471848,68.8834299644778,127.775399949816,133.723251342773,73.9883350190662,71.9711350131735,156.251011241566,131.804847717285,102.20817946365,60.7010183491723,181.012565612793,0,176.305063883464,155.309865022317,181.90454864502,129.398371378581,174.402673721313,0,0,0,175.068130493164,178.723129272461,78.3668297552393,127.259475708008,0,147.618208885193,0,110.479186642554,51.8837050930571,106.566289683698,126.912782630142,0,139.204288736979,99.9662040108848,139.104614105225,164.342524528503,129.716765630813,141.022918701172,0,111.046211242676,102.808071723351
83.506418899114,49.8735776729271,28.0786051650721,59.9707610249519,152.074696858724,0,138.788113185338,116.946859465705,120.80376489974,112.751926256263,142.940153661764,36.1494965987885,164.012793404715,80.3320848676893,109.787961024623,135.702959333147,96.7490462157952,8.91106691371523,49.6166734198258,18.8613883011855,167.701412200928,55.6183209193014,71.677852491899,21.0787611421352,123.322079631118,65.3021049499512,38.4396499362752,61.0093906291013,125.675075413372,93.5000186803048,67.0466583843889,89.306602824818,177.019638061523,73.3436868455675,30.9892359223395,181.72590637207,95.9362459182739,110.586748573997,84.0994879707458,0,0,0,201.858899797712,237.661376953125,0,0,137.788541793823,0,138.150457382202,208.306157430013,0,129.119630293413,111.607815442766,125.824942196117,116.265104956208,0,147.094240188599,106.933223876953,140.644000462123,182.379237781871,111.113191604614,107.402949855639,104.736022203328,185.574740600586,159.669059753418,187.068521499634,128.941162109375,0,0,114.223472425673
124.232156541612,66.7859435611301,73.6249077055189,60.8797019720078,222.866195678711,0,124.910116577148,154.671282450358,135.186735214726,133.573063190167,154.567162906422,24.6315347098063,144.906420898437,54.1900244385657,132.570018846162,0,121.225688510471,49.6166734198258,5.55758319138674,7.13437933555648,158.881988525391,101.473772621155,92.0749974931989,83.1498962129865,150.916905721029,45.6528358644652,19.8859039111629,61.0361645268032,131.21183013916,95.0116914510727,97.4534246271307,51.8545068698459,89.364629305326,99.1421381632487,48.2473195567368,0,0,142.675720214844,114.634527206421,0,0,0,209.073516845703,0,0,0,92.267461504255,0,84.8180749075753,0,0,194.265167236328,165.574584960938,101.469385782878,109.204865060201,0,0,117.724945068359,186.044715881348,175.481857299805,75.8990249633789,96.4656017609756,97.3031613899,214.84587097168,223.914505004883,0,93.368363753609,0,0,103.201385498047
101.2267407504,52.733367069658,57.3880806640342,56.4163904055743,174.902496337891,0,150.744823189669,141.165860764524,142.039450642029,124.728074391683,157.167213698565,20.841377710228,148.437973022461,62.2604936353203,133.870370385771,156.810857137044,110.561882866753,18.8613883011855,7.13437933555648,6.24600141668913,171.210426330566,83.3447675290315,90.9517764004794,58.7979425089901,141.562938343395,42.3269588020113,27.3737980928882,64.464879124901,135.223644462792,105.089937191198,86.8911320571358,57.773650818885,111.95147450765,82.1851722277128,40.3451102037561,0,96.8953070207076,128.227500035213,99.4563284249141,0,0,0,206.732559204102,0,159.78791809082,0,102.376738993327,0,91.568279478285,136.802459716797,0,167.647753397624,125.785298453437,103.558940528804,108.232356726299,0,192.993942260742,124.011632537842,147.867311330942,184.196166992188,80.3968761547192,97.9298058608733,97.4125816019336,202.299542236328,188.059916178385,189.204452514648,104.211753151634,149.791854858398,0,113.18715763092
75.7000416420602,0,157.774817726829,84.8318288803101,15.8633689388669,115.416320800781,51.4823089300569,96.862072467804,83.6657736155908,56.493766784668,20.6472007394668,141.313974207098,16.7142218068546,148.609767913818,88.3938101100083,54.2337623970418,134.103740692139,167.701412200928,158.881988525391,171.210426330566,12.412423686704,175.509976704915,142.393413543701,151.998623371124,18.8696109195651,136.948776245117,174.06858513572,162.880751568338,29.2890944359896,91.2622500992974,123.51891871861,172.865814208984,121.750315962167,111.018658955892,96.1438462664972,179.14714050293,0,180.330230712891,123.868303934733,138.40140612372,0,153.88251982344,137.99224876635,188.069244384766,99.309941246396,160.832192854448,0,130.797119140625,0,196.42832438151,151.844970703125,167.921005249023,0,0,0,131.413868977473,0,0,0,120.003744674056,0,0,240.61701965332,148.645338991855,192.584348042806,0,0,0,180.174453735352,211.192337036133
61.6997437003063,88.9669658115932,60.3403748500989,51.2663510068972,151.376983642578,0,101.272945284843,62.6948849431265,85.6226710951894,77.1579251607259,78.5493529276414,94.915516444615,130.792240905762,152.522808837891,80.2889887658235,100.872723388672,34.2639279050118,55.6183209193014,101.473772621155,83.3447675290315,175.509976704915,14.1285314983683,50.9602555592855,25.5254157720574,67.4280159608119,0,100.819360590427,73.0673211501868,36.5540676508119,47.9590285519676,23.3142908647968,0,124.081705729167,38.6099132624539,44.195916767645,158.158222961426,124.641288757324,121.389267357028,62.2466100379997,199.506637573242,0,176.219345092773,160.675178766251,187.228355407715,0,162.747090657552,0,0,0,156.204198983999,0,103.243716977891,142.572535514832,0,169.725889587402,0,113.288629281575,64.5635634885734,114.58467654347,123.096514717477,0,155.363947901232,122.358443093956,132.13851126846,142.118141174316,123.094137352633,0,0,123.621262550354,123.525388605454
90.3811005679044,22.5771298040853,47.1649550215488,19.6226770044714,75.5282958348592,0,109.556243048774,82.1918819972447,117.437793116416,21.1376575904469,108.542139097702,94.7606001581464,104.694561004639,82.254571400518,115.840052450857,86.5560484666091,21.9042612257947,71.677852491899,92.0749974931989,90.9517764004794,142.393413543701,50.9602555592855,7.87163452421833,56.8409963412401,32.5786535310116,68.4201523109719,73.4914325745638,45.2791116474649,58.8178928631529,82.346929509589,56.1614765439715,89.538294728597,113.067192077637,58.784851682947,63.9413689830516,131.731419881185,33.4869739532471,79.7162595509055,27.8785116326096,140.762460708618,0,181.746047973633,150.081134449352,158.392585754395,59.9755029678345,143.61710357666,138.064262390137,142.815521240234,123.748026529948,145.659884982639,0,63.8675712917162,89.253002748651,121.813056945801,119.9868661386,125.388332366943,73.0832029183706,17.9362515460199,97.2416393280029,109.375600814819,0,98.1651089913505,81.9708256721497,112.717743613503,141.307594299316,90.1138621738979,0,0,0,84.4696363449097
69.7633393363808,60.9561470236097,24.5276474862175,57.6471205782007,133.141257815891,122.99853515625,118.721465113826,76.3018249166571,99.1675535092697,105.296974714412,99.3328864144165,80.7161528367263,151.479963863597,132.782422383626,91.6465134123916,117.462754385812,34.2950565025612,21.0787611421352,83.1498962129865,58.7979425089901,151.998623371124,25.5254157720574,56.8409963412401,17.2217819055129,83.5975663070587,97.3858770890669,62.1655592215792,51.4401939226213,63.60380367748,74.1560352973836,42.2003581628018,101.047356923421,129.118073599679,58.6675434491492,46.9983049143125,157.008437885958,80.2258934607873,101.855392345484,76.8912827845982,188.377833775112,192.179397583008,179.650054106841,160.003446336226,184.704701378232,130.277682168143,176.16009441175,163.703056335449,0,147.573984146118,176.734359196254,166.520497639974,95.0435060843443,117.344123702555,136.315432230632,136.67903914275,0,127.275863924893,63.8617555946227,110.848233286658,142.641446940104,151.002319335938,118.85776961747,100.370092243105,148.554228576959,180.741350867532,146.334957064115,163.977834065755,0,150.777083396912,101.874633641777
72.0820264785619,80.9334275529191,108.656982527839,47.8170224454743,27.3812505705496,92.3614985148112,78.061290219998,60.6499969776283,86.6439141203455,19.5433998670918,60.2001977501456,143.394453543204,29.8518777499857,126.366814949662,89.8133934443582,54.3362881962846,31.8318643425935,123.322079631118,150.916905721029,141.562938343395,18.8696109195651,67.4280159608119,32.5786535310116,83.5975663070587,10.8944884546004,112.18139445575,124.17375208928,98.0461055209984,19.5645474833202,81.1977026290252,69.700474302541,142.402499464692,133.277638244629,68.6168173332487,89.708353943098,125.993537167469,126.187980651855,147.465370525013,62.9361664421902,109.969655623259,163.2822265625,123.899435020075,110.17084548368,139.750180301896,67.1877927417997,134.966465928819,201.220809936523,106.488662719727,169.309680938721,149.408810968752,126.634033203125,108.635559269639,164.076862501061,201.414779663086,186.327739715576,105.954054808005,123.850741655399,80.2388155955189,139.399711551523,88.6379450081039,246.804489135742,180.152832950454,152.941879272461,110.040894887452,137.785659950236,118.268727864305,196.923385620117,188.772839016385,125.684405190604,138.663673787177
0,17.0961480580315,126.966245015462,30.4378437014761,150.350726318359,0,71.1337814331055,153.902593994141,106.240028381348,99.5734431335681,175.758524576823,35.9443762359619,129.60941696167,14.6364606255632,108.627925872803,140.986571678749,88.9332758585612,65.3021049499512,45.6528358644652,42.3269588020113,136.948776245117,0,68.4201523109719,97.3858770890669,112.18139445575,5.91960794545256,35.3424712974607,20.3420354289201,136.221781253815,143.365886341442,134.767101764679,40.8052059930699,102.320465087891,152.986827850342,46.6283612518311,0,72.2477289835612,198.30778503418,60.5553483963013,198.617065429688,0,186.649703979492,144.780227661133,0,0,201.346725463867,64.0388210130775,0,52.1019493218624,0,0,0,127.540470123291,73.9520802497864,83.5151638128819,175.247400919596,0,117.032211303711,101.760704040527,164.297451019287,40.576098665779,68.9202783887631,61.0864555280117,215.874534606934,112.932830810547,0,66.9365750153859,0,0,107.222103754679
116.648628197094,39.3800014356889,30.0494183962402,47.4604460386338,156.990959522336,154.359789530436,147.701106562275,126.360685930461,137.274718124663,113.38313852946,143.485861226132,25.8749530782454,167.707212413441,34.0246277091718,131.793780168345,149.535040283203,100.60577569079,38.4396499362752,19.8859039111629,27.3737980928882,174.06858513572,100.819360590427,73.4914325745638,62.1655592215792,124.17375208928,35.3424712974607,11.0335346053013,35.3641133136078,127.337061186233,133.03030662077,111.318826090339,21.9887395663622,130.17948289351,116.497433892612,51.2144017336056,174.730353219169,92.4829962710117,121.191951876781,86.9285744984945,198.637336730957,0,200.583168029785,186.948913574219,181.23636674881,168.352523803711,212.009028116862,97.8250356534632,190.882942199707,86.6614683459619,186.463667602539,0,143.020286213268,107.843243996302,96.5176978748515,98.455834272729,195.426132202148,163.977096557617,123.47346786499,127.734408840056,180.88498376917,68.5200603692107,89.1918475353417,87.9148662289621,197.200382995605,172.20896094186,178.717784627279,95.057999363652,126.423866271973,171.497817993164,97.4685437176679
108.386286095922,26.633612195843,33.5535773195723,43.5311550183635,136.641123673012,170.420639038086,139.186677382296,102.713894450581,126.687312901067,105.597514578215,123.840053187691,54.1102649209523,160.563539644567,26.9194351344537,122.109229385021,147.042922319685,34.4999020309226,61.0093906291013,61.0361645268032,64.464879124901,162.880751568338,73.0673211501868,45.2791116474649,51.4401939226213,98.0461055209984,20.3420354289201,35.3641133136078,14.5055585493498,91.9854005203499,127.936560127786,91.6645293134984,18.7971899136937,133.8995314378,114.495634101419,62.3296463770727,165.14422416687,71.9444213699508,94.6213310373099,71.0668265004111,204.967884063721,242.773956298828,193.760693504697,172.564565785726,191.080169228946,142.71237150828,189.854576474144,103.527694967058,189.257681274414,81.0598085263355,182.200421064328,169.944026947021,83.0166436731815,106.681251624819,99.840315563844,106.427174700121,176.547760009766,137.022432838998,75.9031411633221,116.829098812369,140.050046551612,66.8016961952309,95.7330446624073,90.3069678111127,164.088278059526,170.538260283294,155.385827105978,89.8441486619923,137.915191650391,140.033884684245,96.2109838301136
72.4383048170526,88.3802893610284,87.1869515673949,57.4800009816415,17.8506019309441,135.797147115072,66.2617057488165,31.1103390939257,77.1414492906198,52.5806828539344,36.6100198608646,147.894408592811,56.7727080564595,161.022555215018,83.8443492542614,82.3527450300243,46.1404327833921,125.675075413372,131.21183013916,135.223644462792,29.2890944359896,36.5540676508119,58.8178928631529,63.60380367748,19.5645474833202,136.221781253815,127.337061186233,91.9854005203499,11.4475780051195,83.8341900259584,45.2226310094552,151.112612210787,128.704819742839,60.4813726637099,78.4255583885535,128.01349169709,137.02569732666,145.145758272421,69.95221506914,129.418565970004,177.093383789062,138.126417706464,115.66197467535,150.467923579009,89.2130704511676,149.184095205129,192.560550689697,121.233030864171,0,151.837471655643,127.025380452474,113.527720434015,176.036036173503,190.926330566406,201.94748618386,128.129719303079,129.263804178389,91.376801778035,143.536888208766,100.249274848005,216.900939941406,181.03922549161,148.863660176595,117.784961657069,140.976277734313,115.576450714284,0,183.534283447266,121.087295200514,142.175084832009
17.9170749764828,128.539836338588,106.997559948653,75.8485019869921,98.5481161031367,27.6753633920248,61.2855168709476,68.1968366538598,44.8655834046739,73.0912984143133,87.4231908468198,54.4850157893909,91.1407792585006,70.2591336194207,22.3367250156132,83.6294959021396,109.863436471848,93.5000186803048,95.0116914510727,105.089937191198,91.2622500992974,47.9590285519676,82.346929509589,74.1560352973836,81.1977026290252,143.365886341442,133.03030662077,127.936560127786,83.8341900259584,9.58823767435621,21.513751358659,108.325841730291,12.5496794099944,15.0231791336642,32.3398377997702,151.284890879755,0,182.027991943359,81.5600094018981,156.043799149363,211.306747436523,165.524733627899,138.042319852169,169.944634157069,106.660124820212,169.896358538278,0,154.349820878771,99.654296875,174.743549110615,176.295307159424,113.058586120605,180.66649055481,121.60033416748,183.639166259766,157.886786827674,147.385244178772,121.00348815918,159.056224556856,122.840928011449,99.5018692016602,180.584955088298,182.121104472392,134.878530568428,162.960148142345,134.290788452655,0,216.785761515299,138.951276506696,166.810803731283
26.8527149552453,107.612628936768,68.109406239359,58.6081079197469,109.785338083903,0,105.928411383378,22.9127343501205,69.2623430224721,55.2540930977351,74.3532646688922,99.5438754272461,133.358565110427,152.328785366482,55.4170774571163,90.0838521321615,68.8834299644778,67.0466583843889,97.4534246271307,86.8911320571358,123.51891871861,23.3142908647968,56.1614765439715,42.2003581628018,69.700474302541,134.767101764679,111.318826090339,91.6645293134984,45.2226310094552,21.513751358659,12.077386905942,147.183080037435,124.627750396729,29.9655996489867,38.8236745536443,131.652713278066,86.256950378418,141.688185392921,66.290430400186,142.023672739665,0,153.572678702218,126.375500366559,159.209342833488,74.8778671264648,160.460270002776,0,162.616352081299,0,159.777691282075,154.907414754232,111.938336614353,173.74735441662,172.343017578125,174.560376848493,167.884343465169,117.462204984339,84.9053798958107,136.397003173828,111.628835336564,209.906478881836,175.581572638618,144.090229191192,119.28880323622,141.011809107769,120.23240785341,0,175.572372436523,125.801281668923,131.934981918335
154.944534301758,55.6470493740506,81.6327374776204,57.7135820388794,0,0,143.779275894165,155.112621600811,144.423391399962,130.42127557703,170.42562514085,36.5013005641249,187.506713867188,14.9917325775491,122.091780718635,0,127.775399949816,89.306602824818,51.8545068698459,57.773650818885,172.865814208984,0,89.538294728597,101.047356923421,142.402499464692,40.8052059930699,21.9887395663622,18.7971899136937,151.112612210787,108.325841730291,147.183080037435,7.48108453930934,96.107942199707,136.24157333374,61.1007111125522,0,101.933430989583,163.035110473633,106.669403711955,0,0,0,220.976409912109,0,176.038513183594,228.030723571777,86.6032056808472,0,79.0823004937941,195.440093994141,0,170.895736694336,136.356513977051,98.314077462723,104.137380517047,0,0,154.73356628418,142.899017333984,202.639846801758,67.8846172664476,95.349132263858,88.5502853393555,0,176.825180053711,0,91.6200584642815,0,0,106.575244903564
51.849365234375,101.38655090332,157.184930419922,112.090516662598,130.021350860596,10.8020165227596,16.942396921393,120.976330027861,22.7375782049208,115.284149169922,118.324971492474,52.8444625466943,108.616809562401,65.080477512244,14.5794603871263,29.9314244679828,133.723251342773,177.019638061523,89.364629305326,111.95147450765,121.750315962167,124.081705729167,113.067192077637,129.118073599679,133.277638244629,102.320465087891,130.17948289351,133.8995314378,128.704819742839,12.5496794099944,124.627750396729,96.107942199707,5.60884787221746,0,24.6336510873085,0,0,0,123.465599060059,0,0,208.250549316406,174.172073364258,207.786875406901,0,208.724517822266,0,0,101.073677062988,0,0,0,0,0,0,0,242.001190185547,0,226.416290283203,173.741115570068,141.989624023438,151.970169067383,139.640640258789,186.416986465454,0,193.415328979492,0,0,0,0
35.0763718352026,91.9194564819336,96.5793944767543,66.1015731692314,93.1641036987305,0,99.5784446052883,61.2573724622312,95.1674501328241,59.1599154265031,90.4659192675636,100.452782440186,120.251182556152,0,69.2313279603657,87.9376525878906,73.9883350190662,73.3436868455675,99.1421381632487,82.1851722277128,111.018658955892,38.6099132624539,58.784851682947,58.6675434491492,68.6168173332487,152.986827850342,116.497433892612,114.495634101419,60.4813726637099,15.0231791336642,29.9655996489867,136.24157333374,0,7.44894098559832,25.948577058853,132.87092590332,0,145.477748325893,59.0596976409087,169.738876342773,0,146.600465774536,123.545173384186,163.869351704915,84.5592880249023,160.517590114049,0,148.787775675456,0,160.251499176025,0,109.689193725586,154.965586344401,0,172.811396280924,129.657855987549,111.713308400121,133.27515411377,133.894253817472,108.771922047933,174.27547454834,158.932754516602,146.394119262695,119.789673971093,144.127203030056,119.521150848012,0,185.144622802734,125.857006072998,166.227888319227
60.420512943733,46.0949473197644,67.592546560291,64.8580028965788,103.622450006833,32.1761080763722,57.083087793986,86.069327422614,63.3512697337191,83.5623388248393,98.3571817176777,28.649926520674,97.1730490941513,51.2908618923921,60.1358125231855,87.7167084433816,71.9711350131735,30.9892359223395,48.2473195567368,40.3451102037561,96.1438462664972,44.195916767645,63.9413689830516,46.9983049143125,89.708353943098,46.6283612518311,51.2144017336056,62.3296463770727,78.4255583885535,32.3398377997702,38.8236745536443,61.1007111125522,24.6336510873085,25.948577058853,9.24308414497211,153.225745137533,81.3873394012451,107.979930552401,72.3201262627119,158.651457650321,0,173.727239227295,141.20559324635,173.532968000932,113.576710939407,174.544364929199,103.673010253906,131.088317871094,97.020829634233,177.185792984501,0,104.632240941969,118.075864130908,111.672328505405,113.86408764803,154.176773071289,123.57067883601,79.9839052660712,127.406918607439,125.382449127907,78.329210917155,103.846944671316,101.68054032913,136.177592713954,152.829043978737,132.747230075655,112.815527915955,182.943771362305,159.343573570251,108.356603028344
141.577292633057,0,139.650787353516,81.9148559570312,145.797729492188,0,174.009014129639,135.642143943093,155.896624845617,96.7257986068726,171.56277683803,223.028686523438,0,0,159.253068847656,0,156.251011241566,181.72590637207,0,0,179.14714050293,158.158222961426,131.731419881185,157.008437885958,125.993537167469,0,174.730353219169,165.14422416687,128.01349169709,151.284890879755,131.652713278066,0,0,132.87092590332,153.225745137533,10.1265898113809,116.605089187622,102.364325657697,79.6869957515172,101.711572989439,85.0328819274902,46.1589069631365,33.1642925451123,60.5313097676144,71.9588353073388,61.3862613653784,125.006145477295,103.994708721454,134.901824951172,24.2910158085598,56.1605542500814,106.601504576834,96.9872891090824,124.288277943929,112.079310420945,110.522787284851,56.5461331818576,97.3460002406951,80.4122882345786,79.5346014469809,153.917198181152,110.367085832945,111.920889973337,78.8569481546711,18.4208100430157,19.7263643494822,146.428356170654,83.9514229184105,33.0805628105086,62.2522431389103
0,0,57.1168425423758,104.440055847168,0,0,0,124.011985778809,141.881858825684,0,0,83.4398880004883,0,110.802612304688,0,0,131.804847717285,95.9362459182739,0,96.8953070207076,0,124.641288757324,33.4869739532471,80.2258934607873,126.187980651855,72.2477289835612,92.4829962710117,71.9444213699508,137.02569732666,0,86.256950378418,101.933430989583,0,0,81.3873394012451,116.605089187622,7.05312257340198,41.0873923509017,14.1204705476091,171.805755615234,0,144.515935262044,134.361154344347,148.417680740356,71.5034032761325,136.348190307617,59.943234836354,138.491561889648,46.2048790605762,129.150411333357,106.639840443929,62.4638905311698,52.7702953499484,65.6753385634649,57.4590844211415,0,96.384405074581,27.1455996795334,70.5125096130371,77.1096343682991,18.4346759257982,46.2443751324889,27.277647666599,99.7634233568536,127.944659096854,112.596124194917,61.2624543507894,113.069519042969,100.62278175354,49.124975495666
182.364309692383,78.9847024988245,90.7298526763916,104.50755850474,227.416488647461,0,186.446688334147,156.700007068868,169.961318969727,154.055534362793,171.563282470703,122.536268615723,0,132.585403442383,170.263287630948,0,102.20817946365,110.586748573997,142.675720214844,128.227500035213,180.330230712891,121.389267357028,79.7162595509055,101.855392345484,147.465370525013,198.30778503418,121.191951876781,94.6213310373099,145.145758272421,182.027991943359,141.688185392921,163.035110473633,0,145.477748325893,107.979930552401,102.364325657697,41.0873923509017,15.4345289597518,48.9790455325619,131.667992690514,164.54615347726,123.900485184845,96.7713039824648,120.787365642175,102.316684014457,121.148201915988,133.999229431152,163.762111239963,97.6369230482313,113.715111682669,133.011311531067,58.9172251675208,42.1328270813869,103.41136770982,71.9230989199073,146.876285552979,68.7120610185572,51.5142513114528,34.0105565259337,100.074581271449,122.791231791178,34.1754546126348,30.7672126901166,90.5732681383445,135.215261197002,84.7684352951578,91.490084214644,172.760693141392,88.9545581524189,55.7256622549101
