10.2512625210531,145.151803758409,131.388060728709,79.1437725740321,94.069713168674,108.723798116048,92.3267381927113,40.7655449343427,54.0551007961598,73.055669805055,65.8457205177534,127.236736522001,120.250419616699,139.523089090983,19.9514981422201,116.227188110352,108.697101593018,98.4278612660838,137.792081451416,127.147774198162,110.55599416097,73.2589513306977,91.9842418577613,90.5142254508664,87.6852042739456,129.323402404785,137.777033620066,142.631472300898,85.6658050571245,17.5054025130059,34.6892086274727,186.874843597412,103.670967102051,41.1369606985975,69.5619137707879,142.203825950623,0,189.604833602905,106.517755508423,146.211151123047,0,174.716595967611,146.730922304351,171.288043430873,107.88197517395,164.4350938797,0,236.12646484375,0,165.365981631809,190.916351318359,96.6093597412109,184.247314453125,0,215.012995402018,141.687797546387,137.683346748352,115.60996500651,181.439683702257,124.037811369054,205.005523681641,196.746619591346,181.948115030924,134.071621189947,162.7488322258,151.319186401367,0,0,156.565607706706,167.677673339844
145.151803758409,10.4542122910175,50.8266403675079,26.1153493309573,0,149.430236816406,176.562947591146,157.691561491593,149.844677469005,81.7054781562404,188.418308681912,69.2841661137306,144.100927352905,55.4977704648618,144.974742889404,129.00368270874,74.9095008099665,60.8272828905994,82.723771245856,64.0317846158656,0,122.961573123932,31.8168803870861,87.074890244175,91.3909975200606,29.8947417762661,50.0321191490755,36.5667271172441,115.995096073594,126.624896360247,118.29479100154,69.1529836262742,140.320526123047,112.536294301351,69.3507011565824,171.854843139648,124.937037150065,108.404718610975,58.0195101224459,214.305633544922,0,189.109313964844,165.364898681641,0,131.994354248047,0,102.526609802246,0,94.1836875781678,223.23942565918,0,144.076581954956,114.176975631714,153.425765991211,128.588443409313,192.42350769043,0,0,140.051193237305,127.357844034831,90.6486656882546,107.570207118988,106.214592474478,197.140472412109,0,162.374069213867,120.319160461426,0,0,133.552947044373
131.388060728709,50.8266403675079,12.3281906765245,47.7674108257677,155.011652166193,157.555145263672,134.145817779299,107.676438604216,118.755846373568,120.913322607676,129.633164032086,114.988006094228,159.232783635457,105.462560902471,123.78866980375,155.870536804199,85.3172846093642,32.0594085708423,94.7325377464294,73.778098876388,163.303850809733,70.3443812461056,60.8408886821,28.7919393337613,115.710696113555,90.2982009887695,33.6979660566587,29.5550239282649,103.602938054802,147.087285783556,101.595836140389,82.8737891702091,157.868044535319,127.281453609467,67.8253237114677,161.311833699544,79.905505657196,98.123341729113,67.1967451801039,193.597396850586,0,208.119715372721,171.062116237502,191.629913965861,154.563344319661,189.174087524414,124.756791687012,0,150.754684448242,188.431143760681,0,123.032974916346,111.333704242792,147.621983846029,124.851928474977,203.088078816732,146.912469579818,78.926542151208,114.182237296881,170.970916393191,144.615430831909,109.170376926935,94.3731392292427,168.695030888425,172.747144911024,159.790868514623,165.662322998047,0,147.48127746582,112.950286356608
79.1437725740321,26.1153493309573,47.7674108257677,20.0592843275614,94.4948764801025,143.392636617025,86.3340360853407,83.9587873937959,79.0676902797487,24.3093255527301,91.0640792299115,81.6597392499939,123.766493479411,56.8926055596003,90.3719354164627,86.2494608837625,51.3595811726946,64.5903355990625,74.3644939075817,59.3389545285762,97.7856937755238,70.118118926769,43.2117152345773,66.8377168636129,43.8489396901888,31.0995033126575,50.7524601812076,43.0941504115241,64.9945779273759,89.0741930616663,65.7472887056004,86.4816553452436,129.442829677037,68.657733555844,70.0662732146507,90.335819537823,36.0188102722168,106.901222730938,16.866675158108,89.3673181533813,0,90.6622061956496,83.8047494599313,93.9055650610673,11.3141839143002,91.9523068805074,130.405431111654,72.1967412508451,111.156827472505,102.23250246048,102.692733764648,82.6566556294759,113.454016777777,127.78599802653,112.368535218415,89.5344862937927,72.8043852719394,68.8586357661656,119.099849554209,55.8952975428382,73.966477654197,111.215566841332,104.311700430783,80.1551053857291,105.065075768365,91.1636656710976,0,0,94.8169986179897,98.4846603393555
94.069713168674,0,155.011652166193,94.4948764801025,10.0142831341534,137.96667098999,69.5637748207202,70.525356873222,105.173531595866,58.4340364563633,18.4275940096374,158.748153686523,24.5684096105145,178.474365234375,119.171466974112,80.1100006882025,0,192.406814575195,199.36457824707,241.019912719727,13.035628853964,0,82.6660263061523,137.041936238607,23.9709869991497,0,188.194527762277,170.559246699015,19.2315653742788,116.163528724953,147.480319213867,0,151.368835449219,130.486549377441,107.795529755069,203.825454711914,0,0,85.0958099365234,12.4555195276604,0,136.432547887166,137.866981300148,148.125982284546,91.502106628418,141.713801351087,0,26.1013381071945,0,169.109095646785,92.8958101272583,0,0,0,0,14.3067616376342,0,148.170043945312,0,80.7895209591692,0,234.553253173828,169.751080322266,77.2577467411122,155.791586134169,0,0,0,190.732208251953,142.792068481445
108.723798116048,149.430236816406,157.555145263672,143.392636617025,137.96667098999,5.74561610925393,8.95890000550676,114.119276428223,12.5082647940871,60.0056851704915,120.903232727051,97.22416472435,89.1546659469604,128.341468811035,27.8984354040358,12.3808769903986,0,189.098709106445,137.064758300781,190.682830810547,114.490914916992,0,96.1188068389893,179.520851135254,80.5715355873108,0,157.566604614258,156.040644168854,137.199957784017,28.5685002485911,130.500038146973,106.156631469727,10.3182862404186,136.028839111328,45.3749365629973,0,0,0,243.091583251953,0,0,0,0,0,138.442169189453,0,0,0,0,0,0,0,0,0,0,0,0,0,0,179.784568786621,0,0,195.987121582031,193.803741455078,0,0,0,0,0,0
92.3267381927113,176.562947591146,134.145817779299,86.3340360853407,69.5637748207202,8.95890000550676,11.780699573548,61.8360838335897,18.1569634952519,72.4380049755176,35.5583196144673,111.451284215314,23.1437628040689,120.16107583046,55.68951929376,13.0592142022442,163.011638641357,144.614694373008,128.890704068271,155.303786797957,56.6005083060183,109.560267898272,122.768713298597,124.930171484551,77.0699079939323,133.591529846191,156.663931005141,152.44270306433,76.0543304995487,75.4453213447231,114.360288656675,162.255625798152,25.2157295136011,111.118793796849,88.4717497970119,161.834368387858,207.521347045898,186.372952270508,97.6197662353516,150.392989617807,0,159.040813446045,150.079071664568,162.237612933097,108.293703842163,163.078184298384,216.455978393555,135.195618093014,0,173.192379202894,177.539546966553,185.108688354492,231.313613891602,0,229.123077392578,139.82144214261,204.16125793457,159.997038523356,186.034472147624,126.929023211275,180.565444946289,207.854575417259,198.831243074857,152.711022767154,184.419397121522,173.663584391276,208.853424072266,0,163.076237605168,193.181168776292
40.7655449343427,157.691561491593,107.676438604216,83.9587873937959,70.525356873222,114.119276428223,61.8360838335897,12.280751848016,53.048607527774,66.5939783546287,23.9122419944831,165.716240397671,62.8901710339955,184.749286749424,49.8687251568135,73.8711895189787,123.792479434256,108.449544918876,156.654497483197,147.939856610979,90.5850867446588,74.3003047693842,95.1998434867568,89.7186176885946,63.2308508774171,180.317971801758,140.37367202176,133.489798425745,32.7665188226695,81.2580586825316,27.0772497525791,176.929069801613,128.652017550998,84.7069063831479,93.3191289279935,136.17342376709,163.747062683105,179.428886413574,99.7404130723741,146.220333814621,0,139.164403674672,142.834343667356,152.50674503033,104.685992314265,146.805652264037,229.108042399089,139.985214996338,216.082382202148,161.930572227195,182.619176228841,141.15233001709,200.191659545898,0,211.935691833496,141.771810319689,151.665967941284,134.120073133899,173.542716801167,119.993355661884,193.935562133789,205.011695861816,176.572181585476,139.493475093842,160.378826577323,163.637059968093,0,204.953942871094,145.661004747663,164.325714111328
54.0551007961598,149.844677469005,118.755846373568,79.0676902797487,105.173531595866,12.5082647940871,18.1569634952519,53.048607527774,10.041879424013,79.7597092322583,40.0882141661968,86.8976264244141,77.3396199040958,108.519907796705,17.5218297421469,32.3550196599789,144.537879943848,122.618747119031,108.55932603059,137.809046493293,96.5600908539753,94.7164043127066,109.604974013108,109.342336274739,85.0271268450598,109.540436311202,142.085353401968,142.796924776019,86.8080079019103,41.4639872870709,81.0164441374159,142.65216477712,24.0249555001788,108.317155161212,66.4190414122173,150.661125030518,0,183.251388549805,99.8757056186074,136.648796717326,206.121109008789,159.847349127945,150.914981158131,159.712669843203,99.9907453854879,158.614542910927,223.634918212891,132.197763442993,146.911348978678,165.822071268589,153.446193695068,147.232632446289,208.663993835449,157.420959472656,205.71187210083,159.737155490451,163.838185310364,157.871662726769,192.844410031341,126.127084560103,127.817532348633,189.94589276995,181.493578592936,142.668719843565,172.772016704082,156.127459897833,0,202.415974934896,156.288241916233,167.948734406502
73.055669805055,81.7054781562404,120.913322607676,24.3093255527301,58.4340364563633,60.0056851704915,72.4380049755176,66.5939783546287,79.7597092322583,8.79182207079942,76.9626182312984,141.040215047201,10.6377488905776,131.717943936988,90.576697728541,23.2921061191219,83.8610020773751,134.661628258747,147.188958266686,141.81779149067,27.0873127873875,86.1323417663574,21.3539227572535,115.136877945491,23.7593562044775,112.056993378533,130.544087636102,115.962161719493,58.3720067052784,86.0211693052079,65.9669745426714,148.440293255974,115.385337136009,70.4358615686398,111.446387353491,94.5043029785156,166.953277587891,178.857962036133,22.5158059306261,97.8058394716497,143.886901855469,97.7005819472591,90.056826710701,109.908714919794,27.4975614726543,105.468055046929,176.612411499023,93.8339245605469,165.148108891078,109.262848854065,92.2687191963196,155.328905741374,219.995452880859,219.45068359375,0,95.7328562485544,148.522547403971,96.1824105580648,146.302471160889,61.321950041573,161.23762512207,205.37508392334,171.520533857674,99.7529818107342,115.080066784008,84.959129969279,0,169.248977661133,131.099632263184,108.398957388742
65.8457205177534,188.418308681912,129.633164032086,91.0640792299115,18.4275940096374,120.903232727051,35.5583196144673,23.9122419944831,40.0882141661968,76.9626182312984,13.1454816237775,160.03164213707,24.1895782999611,175.884196171995,61.1808336676784,70.2540968478714,148.65839268611,140.44662587523,180.146660327911,165.534090587071,16.8732316685554,98.5781167918238,128.418343328661,115.907973105691,54.3990933464577,173.619142320421,165.283507285712,161.224862162272,31.2562721465946,101.099799102028,94.873300539437,190.080545865572,129.016198664536,100.683092039459,100.343036982948,156.3337890625,191.402618408203,193.180759630705,110.06525331385,118.227149395876,0,150.589507783077,149.343851574397,157.809149910884,100.105044301351,159.626391092936,230.250701904297,146.15458180953,0,171.749784216417,157.184604099819,178.12087097168,215.601964950562,0,216.397878011068,57.5885498746533,208.922180175781,170.52600479126,194.699737548828,121.887836591269,0,218.206546020508,193.977033441717,153.613922476554,183.043492172704,183.618707275391,0,232.428436279297,162.758404541016,189.727317478346
127.236736522001,69.2841661137306,114.988006094228,81.6597392499939,158.748153686523,97.22416472435,111.451284215314,165.716240397671,86.8976264244141,141.040215047201,160.03164213707,13.693730917491,147.502614249646,27.8444689686846,84.0988730163184,126.876814948188,130.254328918457,58.625581111189,22.5933783929786,20.9189025678042,151.728721313477,120.259091186523,114.699151672363,104.641999370647,164.482891273499,38.1797951114384,36.9310898772759,60.5945795047624,167.473731863088,66.4051749073055,119.274000133168,48.6838219884538,67.8472732753929,109.824185053507,26.6009233222108,199.776657104492,107.475387573242,151.778311729431,68.7729339599609,0,0,0,243.235310872396,0,185.972981770833,237.397399902344,93.9292400584501,0,75.4896952456936,213.652164459229,0,133.583755493164,163.034446716309,103.007949829102,121.738470531645,0,0,182.819244384766,175.739603678385,215.355537414551,70.8984614610672,103.765886238643,94.0022261374337,228.692059834798,184.395904541016,186.63663482666,89.7126970291138,0,0,128.747296651204
120.250419616699,144.100927352905,159.232783635457,123.766493479411,24.5684096105145,89.1546659469604,23.1437628040689,62.8901710339955,77.3396199040958,10.6377488905776,24.1895782999611,147.502614249646,11.5827249616626,159.357444581531,104.950157221902,14.2140990786236,86.5292949676514,186.314872154823,170.28371963501,171.667858348173,17.1404323971671,0,106.355902952306,163.872308458601,19.4425010594389,170.266751098633,177.227689470564,182.062307323109,53.6265363438042,108.686907155251,156.841815948486,189.511000199751,118.812833786011,101.613984425863,105.952607497004,225.609283447266,0,0,86.9559936523438,49.8766808790319,133.480911254883,76.3203538430704,147.849511464437,115.636778923773,71.611256980896,73.2225758458527,163.178636823382,14.8554590262193,174.160461425781,111.486052764089,59.5073146820068,0,230.293167114258,0,0,20.1821168542067,0,0,180.583534240723,86.0191305419545,183.046592712402,181.120441436768,202.068945748465,82.6198165695389,116.710447099474,0,0,173.841583251953,125.01383972168,115.61884035383
139.523089090983,55.4977704648618,105.462560902471,56.8926055596003,178.474365234375,128.341468811035,120.16107583046,184.749286749424,108.519907796705,131.717943936988,175.884196171995,27.8444689686846,159.357444581531,9.62622600851359,98.132229099026,178.676470438639,144.97087097168,110.112597434751,58.5627965846075,67.6169414646578,166.873495919364,179.860887799944,102.392422820001,138.275769551595,151.094101828717,23.1335391713556,52.3663274645805,35.3774762676018,185.977292378743,93.8762538307592,169.411856079102,20.1081085848019,91.1279574802944,124.734367370605,45.2191353556949,235.318374633789,99.5358581542969,181.319030761719,86.8379970550537,228.168495178223,0,213.801345825195,216.764456176758,0,147.178726196289,0,76.1979649694342,0,55.0455449463215,196.005026245117,0,0,160.429695129395,104.320045253209,118.563098234289,0,0,125.399375915527,188.752019246419,186.477396647135,55.5244107791858,106.31012412098,84.6115075880987,238.346534729004,132.515981038411,0,91.6599731445312,122.896194458008,0,96.6449012756348
19.9514981422201,144.974742889404,123.78866980375,90.3719354164627,119.171466974112,27.8984354040358,55.68951929376,49.8687251568135,17.5218297421469,90.576697728541,61.1808336676784,84.0988730163184,104.950157221902,98.132229099026,11.4651318635702,56.0369143660051,141.54733022054,118.798101604009,109.584838810252,132.539775919978,108.052605237459,93.5297014020347,110.939796501863,107.836853551592,99.2225906686096,109.358037583371,140.164504034001,144.981625375339,100.829811783794,24.6317206650396,65.1471412956144,129.587355991579,18.5368849053542,78.4867933660314,60.9131273633545,165.997549904717,183.061752319336,183.018961738138,113.116148526551,176.385498682658,0,175.359696252005,160.93076152282,172.561653715191,115.261922882824,177.640636710233,178.185858154297,165.871316092355,150.207542419434,174.576397950622,188.206604003906,161.510879516602,205.559267316546,190.792404174805,220.006597900391,161.512690226237,154.605114987022,147.966222635905,194.383964233398,138.972531492265,140.565058390299,192.35467323097,179.613856288365,151.92543625336,175.73862692026,161.142443606728,172.337814331055,224.822845458984,164.411039079939,181.52489789327
116.227188110352,129.00368270874,155.870536804199,86.2494608837625,80.1100006882025,12.3808769903986,13.0592142022442,73.8711895189787,32.3550196599789,23.2921061191219,70.2540968478714,126.876814948188,14.2140990786236,178.676470438639,56.0369143660051,7.26609740805703,119.228298950195,169.79420705942,0,171.884490119086,55.5873181647861,0,75.5031901768276,166.031948852539,47.8940323078433,157.889927164714,167.09369354248,152.323057810465,90.6853161844714,76.0154997770451,107.862789154053,175.748397827148,36.7561647237002,129.386149088542,109.734494304657,0,0,0,60.1809959411621,94.5857086181641,0,123.711237589518,157.780031204224,150.302586146763,62.8350944519043,169.871610641479,0,62.0261421203613,220.649429321289,153.067825317383,0,0,0,0,0,102.036991119385,219.132263183594,0,0,111.636736128065,0,0,199.565012613932,136.116045633952,180.177322387695,0,0,0,0,0
108.697101593018,74.9095008099665,85.3172846093642,51.3595811726946,0,0,163.011638641357,123.792479434256,144.537879943848,83.8610020773751,148.65839268611,130.254328918457,86.5292949676514,144.97087097168,141.54733022054,119.228298950195,13.7460123926976,103.133902034928,132.60270690918,130.195264892578,0,22.1334217181687,27.8050342775349,30.3158510111445,34.6261615249155,125.478309044471,116.768384066495,31.0840270730247,39.2486350923852,119.62895526886,73.9889241751138,164.352508544922,0,110.964178466797,74.0575342901822,122.213839213053,130.645965576172,114.653780162334,88.0665203974797,174.460540771484,0,185.215347290039,149.271394070712,182.00141398112,0,166.28719414605,191.095825195312,212.319915771484,196.419158935547,165.09928894043,0,88.9666451137292,153.71391776756,0,182.197062174479,0,107.4943924747,62.990632382068,99.3582066545789,115.444097599513,0,155.515356002315,96.8321890426356,122.215337626139,133.198919932048,111.182962351832,0,0,0,119.455628028283
98.4278612660838,60.8272828905994,32.0594085708423,64.5903355990625,192.406814575195,189.098709106445,144.614694373008,108.449544918876,122.618747119031,134.661628258747,140.44662587523,58.625581111189,186.314872154823,110.112597434751,118.798101604009,169.79420705942,103.133902034928,9.92161601573446,56.1539084924519,28.954328728662,150.832336425781,69.3990995340414,80.2737338787576,32.908568578395,134.636951281978,71.6957668728299,33.656980722768,68.3041916761807,122.816573660294,112.786553721156,80.911639392848,96.4018402099609,166.325427128718,87.4731455666678,35.2005023667996,175.236373901367,108.246565755208,111.248461783878,80.1746494137511,202.636810302734,0,218.403394063314,191.817094873499,216.131357828776,187.576614379883,206.444044748942,140.049786037869,0,156.082124710083,211.708370811061,0,139.34548577597,121.839550982166,141.95450592041,128.6191689022,206.619110107422,148.608015361585,92.4574094701696,139.08088020178,182.410222371419,107.959606933594,115.451768592695,109.960687618238,188.744917239783,205.296978759766,175.804864582263,169.301188151042,0,176.884811401367,140.340081995184
137.792081451416,82.723771245856,94.7325377464294,74.3644939075817,199.36457824707,137.064758300781,128.890704068271,156.654497483197,108.55932603059,147.188958266686,180.146660327911,22.5933783929786,170.28371963501,58.5627965846075,109.584838810252,0,132.60270690918,56.1539084924519,8.54588741256965,15.8683364045932,172.500069754464,116.511993408203,122.639586639404,118.648514846276,172.006908416748,47.3466844579137,28.636678506271,63.5742687979336,183.118153498723,99.7444447682316,121.692319234212,56.0624075414928,99.7388777299361,125.688681793213,54.8252547735618,218.778045654297,78.0758972167969,150.091136932373,111.106866836548,0,0,0,0,0,0,238.652603149414,97.8126583099365,0,90.1310796737671,0,0,0,160.661209106445,103.78200562795,111.705703333804,0,0,0,190.689697265625,219.830062866211,72.0856455022638,105.65596220597,96.2661545771971,0,0,219.950119018555,101.062475585938,149.003845214844,0,135.40093421936
127.147774198162,64.0317846158656,73.778098876388,59.3389545285762,241.019912719727,190.682830810547,155.303786797957,147.939856610979,137.809046493293,141.81779149067,165.534090587071,20.9189025678042,171.667858348173,67.6169414646578,132.539775919978,171.884490119086,130.195264892578,28.954328728662,15.8683364045932,10.901144416405,171.009643554688,100.628592057662,110.344598690669,74.4921379863706,157.460732687087,46.4467415128435,31.1732603407951,61.8373287298018,158.090778680495,110.442078423443,109.242955592849,60.494905045692,89.376254717509,110.738700866699,44.5517507053557,163.311813354492,108.033799489339,138.250651191263,94.5336703250283,0,0,0,212.491147994995,0,189.954864501953,225.210453033447,106.274278120561,0,104.425711411696,184.18603515625,0,173.217575073242,129.441805521647,102.715218197216,111.034560251454,0,176.918437957764,150.14661026001,164.092866648798,204.79741414388,75.5688859010354,101.500051077976,99.6509913878821,214.163087632921,169.606653849284,192.968843732561,110.774507522583,0,0,124.772623589698
110.55599416097,0,163.303850809733,97.7856937755238,13.035628853964,114.490914916992,56.6005083060183,90.5850867446588,96.5600908539753,27.0873127873875,16.8732316685554,151.728721313477,17.1404323971671,166.873495919364,108.052605237459,55.5873181647861,0,150.832336425781,172.500069754464,171.009643554688,7.40527237921268,182.066772460938,58.8386344909668,157.272109985352,13.0556837902357,184.055360412598,177.064438956124,188.547256469727,28.7528234129223,107.915979999159,122.585502624512,188.911798095703,129.124659129551,101.929176330566,103.935779080069,0,0,0,125.886851840549,17.2785037397804,0,131.049266576767,147.376502297141,117.995559692383,90.1430525779724,138.255015026439,0,24.7886548130601,217.185836791992,140.360147094727,70.1953620910645,0,0,235.68879699707,0,18.474545920437,157.748168945312,0,0,58.3595308916909,0,235.467742919922,221.970783233643,63.0641674869939,160.357233047485,232.162612915039,0,0,0,152.209201812744
73.2589513306977,122.961573123932,70.3443812461056,70.118118926769,0,0,109.560267898272,74.3003047693842,94.7164043127066,86.1323417663574,98.5781167918238,120.259091186523,0,179.860887799944,93.5297014020347,0,22.1334217181687,69.3990995340414,116.511993408203,100.628592057662,182.066772460938,13.7639408265742,57.0686988228246,28.2376910881247,49.7320726512558,137.453097025553,121.463516259193,80.2869108377305,33.1240012226046,75.3995942079441,30.7854796789326,157.444625854492,217.182006835938,66.9902024611332,47.1213651130312,111.902072906494,0,143.705146995751,125.671883106232,130.358520507812,0,186.798904418945,154.250448029617,163.337745666504,113.894966125488,169.050430297852,157.951354980469,0,185.248199462891,156.315811157227,0,103.997622407157,164.727047511509,0,189.950678507487,0,117.657627954832,77.8021521749376,115.300329027176,118.245463279442,0,174.858706022564,126.099812727708,129.68738002878,139.519313139074,118.00389522264,0,0,123.713461134169,140.75166744656
91.9842418577613,31.8168803870861,60.8408886821,43.2117152345773,82.6660263061523,96.1188068389893,122.768713298597,95.1998434867568,109.604974013108,21.3539227572535,128.418343328661,114.699151672363,106.355902952306,102.392422820001,110.939796501863,75.5031901768276,27.8050342775349,80.2737338787576,122.639586639404,110.344598690669,58.8386344909668,57.0686988228246,9.56198434924087,57.288835212421,33.8170376303722,80.8438728121718,90.2061955310165,50.0236286178971,57.0723810507701,85.5346312222781,61.566021078884,122.01357626915,128.395599365234,63.5320208014511,70.8268071342917,76.749947139195,71.5375289916992,121.475200578278,76.2887325286865,96.40540599823,0,169.185948689779,121.157844225566,121.573831558228,53.2298468589783,134.375156826443,168.329126993815,0,144.768025779724,109.50988528603,82.5931396484375,51.3384239416328,123.994928430628,182.102691650391,158.47093878852,133.65739440918,69.4322840763972,22.097712825043,77.3515637162803,71.500132855502,123.798661973741,136.713350183824,108.617767572403,88.9493737512705,97.6246799345939,81.3323504584176,0,0,68.8427753448486,102.138360023499
90.5142254508664,87.074890244175,28.7919393337613,66.8377168636129,137.041936238607,179.520851135254,124.930171484551,89.7186176885946,109.342336274739,115.136877945491,115.907973105691,104.641999370647,163.872308458601,138.275769551595,107.836853551592,166.031948852539,30.3158510111445,32.908568578395,118.648514846276,74.4921379863706,157.272109985352,28.2376910881247,57.288835212421,18.8820850561369,83.0544371397288,128.656359354655,70.2094629323824,53.7944873972397,64.5376188381063,102.715827984374,56.6334720536752,116.421446950812,174.963004430135,83.7984747356839,46.5077465665249,158.321968078613,113.532022264269,111.678545404517,102.078446252005,179.670581817627,138.846572875977,180.137210083008,170.235114128359,192.308901335064,158.428134918213,184.638480834961,179.023975372314,0,202.577941894531,188.233864678277,216.729888916016,98.522588284096,131.635481262207,169.100936889648,154.444975137711,0,128.195446607304,76.82834333362,111.703271109183,143.829157915982,160.061325073242,145.613526749284,103.491981436849,150.477434278368,184.580659484863,150.704855320817,0,0,163.11668548584,125.670185126881
87.6852042739456,91.3909975200606,115.710696113555,43.8489396901888,23.9709869991497,80.5715355873108,77.0699079939323,63.2308508774171,85.0271268450598,23.7593562044775,54.3990933464577,164.482891273499,19.4425010594389,151.094101828717,99.2225906686096,47.8940323078433,34.6261615249155,134.636951281978,172.006908416748,157.460732687087,13.0556837902357,49.7320726512558,33.8170376303722,83.0544371397288,12.2628815594519,129.905892530364,141.793855921034,108.075276649495,23.0636581441289,94.9043485194901,79.8663217908202,166.188009161698,136.436482149012,81.1368501680391,102.611407791238,123.597900787989,190.335678100586,167.47921701205,63.5079343185812,118.301885023474,157.933479309082,117.478849498657,118.779970100676,129.83404084102,66.6057785374458,123.396539652282,214.685970306396,111.800725358256,195.803480834961,139.815536339365,116.499768307334,112.060814130424,185.774910421932,226.375411987305,209.863367716471,119.263542698276,115.894938203477,100.113801300526,141.941494661219,92.9684215599949,175.367565917969,198.10923277657,169.88897199409,113.369862084733,140.128500375134,126.161672927626,220.544967651367,175.000379562378,128.999764233101,139.573331518081
129.323402404785,29.8947417762661,90.2982009887695,31.0995033126575,0,0,133.591529846191,180.317971801758,109.540436311202,112.056993378533,173.619142320421,38.1797951114384,170.266751098633,23.1335391713556,109.358037583371,157.889927164714,125.478309044471,71.6957668728299,47.3466844579137,46.4467415128435,184.055360412598,137.453097025553,80.8438728121718,128.656359354655,129.905892530364,10.5729924920331,40.8570767012723,32.361863741249,156.395604324341,95.0203245621693,151.29381267841,45.6542955879273,103.136700820923,124.106245040894,63.8337024122549,0,84.94677734375,141.220512390137,51.3027483622233,0,0,226.074279785156,214.226203918457,240.387817382812,143.409217834473,203.454452514648,67.1364395141602,0,62.84758298691,0,0,235.484588623047,118.721239725749,77.8720641502967,92.6475,202.797149658203,148.891616821289,143.921539306641,0,181.986081441243,40.9198281570357,85.1950901525992,73.4361639735537,207.358093261719,0,0,81.5226531982422,0,0,99.089542388916
137.777033620066,50.0321191490755,33.6979660566587,50.7524601812076,188.194527762277,157.566604614258,156.663931005141,140.37367202176,142.085353401968,130.544087636102,165.283507285712,36.9310898772759,177.227689470564,52.3663274645805,140.164504034001,167.09369354248,116.768384066495,33.656980722768,28.636678506271,31.1732603407951,177.064438956124,121.463516259193,90.2061955310165,70.2094629323824,141.793855921034,40.8570767012723,12.5846787169454,37.7178669097199,145.515262235028,128.39158977536,127.865951064026,31.6160358711406,117.165902273996,124.09947458903,63.7785351819905,176.803709030151,108.893184026082,117.016085230786,71.6773247743264,242.090621948242,0,213.297159830729,193.3048491227,202.413748847114,198.302241007487,228.475297546387,107.507417979993,215.684945678711,89.3422398072555,195.024192156111,0,167.67817905971,117.915786969984,101.752898793825,107.277525998233,237.083404541016,183.570165724981,121.168081156413,145.976161391647,201.260613441467,66.6225356214187,97.4726705013024,94.3226481780187,212.122374761672,181.695115462593,173.785932064056,107.316404342651,0,233.112609863281,121.210388273351
142.631472300898,36.5667271172441,29.5550239282649,43.0941504115241,170.559246699015,156.040644168854,152.44270306433,133.489798425745,142.796924776019,115.962161719493,161.224862162272,60.5945795047624,182.062307323109,35.3774762676018,144.981625375339,152.323057810465,31.0840270730247,68.3041916761807,63.5742687979336,61.8373287298018,188.547256469727,80.2869108377305,50.0236286178971,53.7944873972397,108.075276649495,32.361863741249,37.7178669097199,18.6674865358243,95.9092309636655,130.82197564685,128.541481542742,18.3736679872845,110.139343473646,131.374313354492,73.1216337747968,183.763493855794,100.831594537806,100.202336348055,64.9312392413719,206.172297159831,0,205.485675811768,170.072255341903,189.111844098126,189.914463806152,191.224136724705,110.217192146995,221.252517700195,91.6041656711532,185.058025050808,0,106.373307809597,115.901885334315,108.859901756761,114.794618277714,188.262929280599,145.357763803133,66.1415241996011,110.172423291957,163.011324900501,72.0360339093252,104.510364380301,94.5197959689238,167.702212103482,175.920897165934,165.708445987186,106.547559667517,0,181.347663879395,121.21752284344
85.6658050571245,115.995096073594,103.602938054802,64.9945779273759,19.2315653742788,137.199957784017,76.0543304995487,32.7665188226695,86.8080079019103,58.3720067052784,31.2562721465946,167.473731863088,53.6265363438042,185.977292378743,100.829811783794,90.6853161844714,39.2486350923852,122.816573660294,183.118153498723,158.090778680495,28.7528234129223,33.1240012226046,57.0723810507701,64.5376188381063,23.0636581441289,156.395604324341,145.515262235028,95.9092309636655,13.6673620717082,94.0298418335914,49.0038638178134,186.638621280068,144.930166516985,73.061755328434,76.5999379395894,125.405852076519,129.542490641276,172.556439093824,85.4499627855089,121.740390081795,169.21272277832,145.84416226575,129.934796745784,147.544266590422,98.1541976371821,150.529691386223,216.447776100852,130.010519325733,200.44649887085,144.426224449969,132.36072246845,112.585452288047,177.374542744954,215.069747924805,200.676467895508,137.548695300488,119.354330335345,104.619875590007,146.132569376628,110.109089416595,0,205.791193345014,162.437153935432,128.510433859886,146.888769683838,124.044767846365,0,207.601572036743,138.557339477539,153.337503080015
17.5054025130059,126.624896360247,147.087285783556,89.0741930616663,116.163528724953,28.5685002485911,75.4453213447231,81.2580586825316,41.4639872870709,86.0211693052079,101.099799102028,66.4051749073055,108.686907155251,93.8762538307592,24.6317206650396,76.0154997770451,119.62895526886,112.786553721156,99.7444447682316,110.442078423443,107.915979999159,75.3995942079441,85.5346312222781,102.715827984374,94.9043485194901,95.0203245621693,128.39158977536,130.82197564685,94.0298418335914,11.6580526033519,34.5571180709008,113.18531815211,12.2128978084365,18.2168986892094,36.9604121314736,156.78339659862,184.91845703125,200.115873637952,117.678501950777,166.212662308304,182.792625427246,175.835898179274,159.388472278913,175.736822032928,113.600919785038,178.051413399833,193.338460286458,155.999845504761,147.648974609375,174.322431201777,172.807228088379,134.909145756772,207.20805867513,140.78638458252,169.475639343262,180.286416625977,136.245877192571,126.229220997203,186.308147975377,138.131749926254,116.774870065542,181.285641053144,163.569794508127,151.03124852641,175.619963114694,150.901079672354,0,199.031387329102,167.305423042991,170.619947618054
34.6892086274727,118.29479100154,101.595836140389,65.7472887056004,147.480319213867,130.500038146973,114.360288656675,27.0772497525791,81.0164441374159,65.9669745426714,94.873300539437,119.274000133168,156.841815948486,169.411856079102,65.1471412956144,107.862789154053,73.9889241751138,80.911639392848,121.692319234212,109.242955592849,122.585502624512,30.7854796789326,61.566021078884,56.6334720536752,79.8663217908202,151.29381267841,127.865951064026,128.541481542742,49.0038638178134,34.5571180709008,12.0630949094511,170.546812269423,135.046520579945,37.8541762599629,43.2832911091241,142.898919146994,157.700454711914,164.951765500582,88.5892939249674,153.490984598796,0,179.472648620605,140.710484322081,164.07095489502,95.6203740437825,162.472784042358,216.657257080078,0,224.875015258789,152.505152480047,0,109.877622483094,189.934089073768,237.633285522461,200.292543411255,235.860321044922,119.017545707988,92.297705485903,135.472288358009,118.963271092657,194.94819132487,184.633751146721,160.86740041097,130.091314271022,144.466183423996,128.970881870815,0,0,140.923585745005,145.363917631262
186.874843597412,69.1529836262742,82.8737891702091,86.4816553452436,0,106.156631469727,162.255625798152,176.929069801613,142.65216477712,148.440293255974,190.080545865572,48.6838219884538,189.511000199751,20.1081085848019,129.587355991579,175.748397827148,164.352508544922,96.4018402099609,56.0624075414928,60.494905045692,188.911798095703,157.444625854492,122.01357626915,116.421446950812,166.188009161698,45.6542955879273,31.6160358711406,18.3736679872845,186.638621280068,113.18531815211,170.546812269423,7.07000270199027,108.796099344889,160.805206298828,77.6661671487909,0,90.8055725097656,153.914375305176,102.194776916504,0,0,0,0,0,0,0,91.9524062020438,0,84.7134771614431,183.382850646973,0,0,140.777408599854,106.183933639526,125.495729923248,0,0,0,0,234.033203125,69.9756301304079,108.553121515223,94.5525527734023,234.920608520508,146.075622558594,200.338737487793,101.353306110089,0,0,124.557371956961
103.670967102051,140.320526123047,157.868044535319,129.442829677037,151.368835449219,10.3182862404186,25.2157295136011,128.652017550998,24.0249555001788,115.385337136009,129.016198664536,67.8472732753929,118.812833786011,91.1279574802944,18.5368849053542,36.7561647237002,0,166.325427128718,99.7388777299361,89.376254717509,129.124659129551,217.182006835938,128.395599365234,174.963004430135,136.436482149012,103.136700820923,117.165902273996,110.139343473646,144.930166516985,12.2128978084365,135.046520579945,108.796099344889,5.41908626543725,171.599044799805,47.2475511273767,220.121307373047,0,0,131.372863769531,223.249099731445,0,211.376182556152,199.838298797607,218.419897460938,154.527191162109,212.774932861328,0,0,0,230.671505737305,0,0,156.697021484375,0,175.464935302734,0,0,233.656265258789,0,185.096320258247,124.409673055013,134.96484375,149.630812072754,202.730227152507,192.855377197266,0,0,0,0,0
41.1369606985975,112.536294301351,127.281453609467,68.657733555844,130.486549377441,136.028839111328,111.118793796849,84.7069063831479,108.317155161212,70.4358615686398,100.683092039459,109.824185053507,101.613984425863,124.734367370605,78.4867933660314,129.386149088542,110.964178466797,87.4731455666678,125.688681793213,110.738700866699,101.929176330566,66.9902024611332,63.5320208014511,83.7984747356839,81.1368501680391,124.106245040894,124.09947458903,131.374313354492,73.061755328434,18.2168986892094,37.8541762599629,160.805206298828,171.599044799805,8.50909982215491,22.0867326704812,149.72080884661,185.54118347168,150.748443603516,87.7714029947917,147.97375869751,0,157.536010742188,152.409070332845,160.284755482393,98.1897583007812,173.321965026855,0,106.237205505371,0,161.177701226596,178.979476928711,111.08625793457,186.860122680664,0,192.869186401367,170.295806884766,118.101348876953,102.667081197103,161.704391479492,121.887983063121,0,186.063568115234,181.983840942383,133.771750526867,155.220230102539,134.604585474188,0,0,123.825611114502,170.093273925781
69.5619137707879,69.3507011565824,67.8253237114677,70.0662732146507,107.795529755069,45.3749365629973,88.4717497970119,93.3191289279935,66.4190414122173,111.446387353491,100.343036982948,26.6009233222108,105.952607497004,45.2191353556949,60.9131273633545,109.734494304657,74.0575342901822,35.2005023667996,54.8252547735618,44.5517507053557,103.935779080069,47.1213651130312,70.8268071342917,46.5077465665249,102.611407791238,63.8337024122549,63.7785351819905,73.1216337747968,76.5999379395894,36.9604121314736,43.2832911091241,77.6661671487909,47.2475511273767,22.0867326704812,10.1879275561357,141.579164716932,133.519625345866,115.59640852504,105.902871249015,147.881589412689,0,178.389481977983,156.714369215104,169.144746592347,130.189489682515,174.258316327941,143.576593017578,167.261250813802,103.846299065484,168.94964159452,141.079830169678,106.054549749966,129.948516082764,132.784026817039,136.357708352511,147.321158272879,124.018784409269,93.6031335366739,119.21404164504,127.277161606797,97.8517859141032,121.766199995832,111.437893370312,147.559357635735,162.050670115153,141.039750034369,130.935668945312,222.359603881836,130.696719360352,141.602659509537
142.203825950623,171.854843139648,161.311833699544,90.335819537823,203.825454711914,0,161.834368387858,136.17342376709,150.661125030518,94.5043029785156,156.3337890625,199.776657104492,225.609283447266,235.318374633789,165.997549904717,0,122.213839213053,175.236373901367,218.778045654297,163.311813354492,0,111.902072906494,76.749947139195,158.321968078613,123.597900787989,0,176.803709030151,183.763493855794,125.405852076519,156.78339659862,142.898919146994,0,220.121307373047,149.72080884661,141.579164716932,13.0599588938439,126.684714577415,134.770925438922,71.9184568899649,108.701598167419,65.6632703145345,86.5494376767066,24.0955131751573,59.1620986706404,67.3569716664104,88.8668666074341,120.726105160183,97.8266654179014,151.731957175515,18.9365777202476,99.5548553466797,95.2416348266602,113.842557408259,139.428462437221,125.432511352539,98.7569981384277,76.7491012384862,70.2966697255119,93.6200871864955,80.0560767570238,161.440826416016,128.480513187877,138.814922968547,86.1561539364557,22.4081501999642,25.1271078488789,160.317308425903,83.3991798400879,34.7957369507,62.0023614812342
0,124.937037150065,79.905505657196,36.0188102722168,0,0,207.521347045898,163.747062683105,0,166.953277587891,191.402618408203,107.475387573242,0,99.5358581542969,183.061752319336,0,130.645965576172,108.246565755208,78.0758972167969,108.033799489339,0,0,71.5375289916992,113.532022264269,190.335678100586,84.94677734375,108.893184026082,100.831594537806,129.542490641276,184.91845703125,157.700454711914,90.8055725097656,0,185.54118347168,133.519625345866,126.684714577415,7.47965060186726,43.6620462356768,16.0022340805279,139.823425292969,0,0,123.448499855875,153.960650634766,81.7854304222544,151.357359992133,77.3384519506384,112.20629035102,55.578712155742,140.894018924598,126.171621322632,47.9831704024611,58.6067145443093,73.5935380935669,65.0390607970102,97.3721174760298,98.5645255011481,22.1017586466077,69.3308116232995,91.7651850648088,20.5997895150035,51.9512756687321,24.8251896753877,112.236000475676,134.335204686874,110.213821986936,0,0,148.995147705078,69.3125085686919
