10.8501051815738,124.19344884699,118.399509000107,93.3083232481088,103.304048992339,119.302158355713,91.5617829394597,28.0263418748952,49.6200214908237,73.5979453421928,60.6778305075527,128.229624006483,120.950974600656,112.038276672363,16.4408286895365,69.9363348824637,152.85583190918,96.9228971550716,139.988577591745,122.585706103932,103.419023895264,74.5960705522178,81.7637108311509,86.3206461598633,83.9786993980408,151.648620605469,130.939595551326,143.855392787767,84.7984626897976,19.7515803825402,31.413269934215,165.785664149693,109.057167053223,46.1961572126909,83.069207914583,126.583877563477,0,182.351541137695,78.3085378011068,179.731536865234,0,181.230895996094,146.417499433245,166.975528717041,128.867892456055,154.840759277344,0,0,180.947601318359,156.921494876637,0,118.556238446917,180.599266052246,0,199.744668579102,169.332550048828,120.849690755208,79.0348663330078,216.923332214355,126.493478031482,0,187.619426879883,181.539386749268,133.42710945823,150.401465824672,153.162992858887,0,0,123.910034179688,184.468173217773
124.19344884699,8.11549822319221,46.8006806519354,23.9615080303087,153.022428512573,0,160.538896179199,134.990466163272,142.034344528661,76.3411021335869,170.779231678356,73.5181608788761,141.978623962402,60.4443497474747,140.344592939104,112.79994913737,81.0696501876369,55.9280244246999,84.2681751251221,67.7637920553826,183.275573730469,127.923480987549,28.3927848865548,82.9632423909505,88.2660298722514,25.0129138754731,48.1226735343972,34.4794543730946,114.287915660217,124.440439143651,115.642729290461,81.7941996574402,101.626844406128,103.836569786072,67.8058963449668,161.429890950521,22.6149764657021,116.62500743866,82.5270384379796,154.51741027832,0,173.162124633789,189.909205118815,183.128082275391,111.647806440081,179.6834081014,0,191.119812011719,104.375319798787,223.558624267578,0,214.979949951172,119.009157896042,137.803443908691,107.347553730011,178.664310455322,204.115468343099,131.06075668335,146.820216369629,133.961108000382,102.486964139071,109.095259644264,114.040047728497,172.820002746582,183.202705383301,208.328091430664,120.960147857666,0,0,107.316439628601
118.399509000107,46.8006806519354,12.4072990267149,46.5832174249923,135.500272623698,166.519147872925,133.72645965688,106.147403134644,122.167203412546,121.544016607876,127.053048485878,105.025003923689,151.244341278076,106.451257879084,117.385392061547,145.034278869629,88.7727459141466,37.7771516812004,121.154184341431,78.5840019463257,148.802500043597,72.7225823323661,51.3976504303688,27.1330822587244,114.557327313011,92.309414583094,28.6085715775049,33.9787903986411,100.948348668564,143.078645198303,100.011584219042,97.969564354938,162.069450378418,129.21091583252,67.9956163128096,174.140643310547,76.3980468114217,99.5559636110208,63.0512622554128,199.892158508301,0,213.110599517822,172.098992726159,199.111749649048,164.084762573242,192.722946166992,141.554600185818,198.860717773438,157.787075042725,188.564641224254,172.966827392578,114.416730353173,110.955093429,158.309278488159,127.10808030094,0,140.29930750529,72.3524580165318,109.871644671497,158.431126594543,139.057098388672,108.111791971765,96.1323472622034,170.443540785048,178.146570841471,156.193837603401,146.764114379883,0,172.326131184896,112.829866157388
93.3083232481088,23.9615080303087,46.5832174249923,20.7667858569971,58.8147039837307,126.849976857503,118.707820658781,85.3145339568079,100.170617426474,16.7394628689658,120.808816432953,101.865513194691,121.699273926871,96.0635360786301,101.69006820941,54.6295565091647,38.2746452734155,61.2265577563485,106.395997267503,67.3081701863019,107.775114059448,70.3309537102194,29.6704134882575,61.5125476314554,44.2009204926364,60.4979040949952,51.1110926658213,44.0124508699863,69.2252937828934,87.5933874511719,66.2830128219892,93.4029482136602,111.46711730957,65.4502202987671,68.1314879979843,83.2636962303748,67.7875937053135,97.265431095177,22.8306781848272,93.5907554626465,0,91.0113275701349,102.005582388345,107.781033833822,36.3870892971754,113.055090268453,138.849090576172,99.6755752563477,117.148001861572,103.426599502563,0,68.5798362449363,107.9511686813,167.205801391602,120.585615622031,107.660980224609,106.844267038199,67.2261367597078,99.2334975618305,57.8834667764059,89.2049259609646,99.2991840964869,106.807729677721,93.2138968847131,101.90730036222,88.3414279174805,0,128.529495239258,71.3402404785156,127.23031264085
103.304048992339,153.022428512573,135.500272623698,58.8147039837307,8.83455927297788,103.016815185547,70.2634492888486,50.5974336577498,98.8472576858406,33.4055610069287,17.7745724944797,164.647518157959,21.2693772632057,193.457733154297,115.574978957305,57.5606336466471,147.509262084961,164.669634246826,189.930885314941,202.853012084961,12.6272548412499,182.883796691895,71.2907849187436,147.574811458588,17.7547217041209,192.44157409668,163.74036859583,150.535816587251,18.7309773350378,107.33115663493,106.636400010851,0,137.592367808024,85.3045021860223,111.27861328125,103.043970743815,0,160.352416992188,71.8604954806241,8.51098720110482,0,126.732636354407,131.383047855262,143.776621418615,83.6356589858596,81.9369894045789,0,32.1726006145089,217.81079864502,142.534290514494,100.310180664062,164.148971557617,247.348236083984,0,0,26.0379201223453,0,117.592254638672,181.247924804688,82.5646274724656,0,176.287338256836,187.97106628418,37.8173805642058,135.98646291097,132.918698628743,0,171.57438659668,139.974761962891,126.087120056152
119.302158355713,0,166.519147872925,126.849976857503,103.016815185547,6.16750745988463,14.8450345781401,117.276476033529,22.4521789443506,52.8497708638509,114.684281143488,68.985572052002,105.974138600486,91.7576751708984,44.8021933968003,15.7710985340424,0,166.768975830078,89.6546020507812,100.769432067871,126.191825866699,146.135945638021,0,160.688907623291,120.679186014029,104.389114379883,169.32375682484,150.864251273019,0,44.7992224326501,129.138103485107,98.9819183349609,10.5643978785138,0,35.9161130642069,0,0,0,0,178.468490600586,0,0,0,0,143.03483581543,0,0,134.699499766032,0,213.177032470703,0,0,0,0,0,0,0,0,0,169.918899536133,0,0,0,0,0,0,0,0,0,0
91.5617829394597,160.538896179199,133.72645965688,118.707820658781,70.2634492888486,14.8450345781401,10.6688332489672,65.4365747396683,18.6931556145631,80.6575091414981,31.9919037903091,109.656202548888,23.2981689304112,122.397513525827,54.3477310204626,14.7697553106535,171.576370239258,146.484931844749,119.893733215332,153.06546883834,53.8485405708942,119.777457693349,136.076708625345,133.504419177648,85.0632935366226,136.352593739827,155.898687380608,156.530809190538,75.8061926309661,82.503086183278,117.882955169678,151.163306100028,17.4869997503526,103.499084766094,78.2265331624628,167.117263793945,0,207.114433288574,112.376671424279,130.598027722589,0,160.857986841446,156.389951628398,165.915619221139,115.240800476074,170.587916332742,239.117210388184,83.4031942640032,219.817810058594,169.037707893216,160.227188110352,173.722396850586,190.937942504883,0,201.275703430176,161.813638051351,0,158.351501464844,199.648864746094,125.116332435608,178.284492492676,212.736426459418,198.216773704246,153.168916152074,185.664762951079,160.902856445312,0,214.423461914062,140.073287963867,179.241128540039
28.0263418748952,134.990466163272,106.147403134644,85.3145339568079,50.5974336577498,117.276476033529,65.4365747396683,11.7930401728109,56.9620909330317,62.2558057398736,23.8124882378634,164.199242203324,59.4731488761255,173.133169555664,50.0875744307548,84.6017819086711,123.421659088135,106.336379196333,179.284197126116,139.590248057048,53.0521096249844,74.5386029314524,95.2966128549758,89.6633849424715,67.4724848067114,177.830000305176,135.525757125535,128.823213843997,34.1501241991136,63.2167579594196,24.1398633738939,176.910690307617,131.257959886031,78.58526317364,95.6164568962508,136.513532750747,189.290061950684,179.026349535175,78.1202328064862,114.644444552335,0,139.42825069943,138.165799656621,153.423731181933,88.7901312305081,152.475802386249,0,137.744210924421,227.851541137695,152.103611190231,109.42684173584,137.208768761676,198.584260206956,232.833129882812,243.422019958496,145.44852142334,153.539296236905,127.578621546427,174.606821453761,113.051049872449,0,194.772718758419,176.098496261908,130.752582298456,159.705406188965,143.373849051339,0,0,136.646911621094,171.810546211574
49.6200214908237,142.034344528661,122.167203412546,100.170617426474,98.8472576858406,22.4521789443506,18.6931556145631,56.9620909330317,11.3016272051925,80.3488234770925,34.3871342663459,94.9759032491368,69.6155828455753,113.175340652466,18.2944425793474,29.4532725390538,124.234194755554,127.572030661178,111.469076156616,131.547103866138,86.5309104743235,100.949012508525,101.417381630288,113.811255025975,85.8984565916516,123.684425636574,143.325743483642,144.917332471881,84.586160918576,49.1483995591322,82.0041931262119,136.602763911656,18.3607936783947,90.2791558123649,63.2917047878719,153.242094773513,174.844947814941,193.505399120097,101.875488894326,148.221988512122,0,154.779206015847,152.118353280676,163.460450974186,105.991913644891,164.210904220055,203.547344207764,117.109169608668,176.700021362305,166.741023112818,0,144.795164925712,201.647563680013,197.74355061849,207.389135742188,149.471668243408,165.932466779436,135.440121241978,194.56613100492,124.251499263488,163.363873291016,198.26166245033,182.965808898445,146.940415566428,164.219220280647,153.311928282393,0,227.015716552734,158.599006065956,157.712805043096
73.5979453421928,76.3411021335869,121.544016607876,16.7394628689658,33.4055610069287,52.8497708638509,80.6575091414981,62.2558057398736,80.3488234770925,8.63155423071365,72.6968929679306,141.879863543388,8.77500414995137,132.858574071579,89.7687162324494,18.8303950688925,106.521968460083,131.26204106948,152.483046722412,147.104201982606,35.7493608352986,117.429934365409,33.2393714007366,115.372141156878,19.6034302423191,112.62274914253,128.245000160347,118.434688605286,53.8756230672201,86.732398725373,63.6979664014733,146.928373413086,145.205837249756,72.437715389854,108.357177487542,104.386892795563,94.2925796508789,172.31044921875,35.816446463267,106.810966173808,0,92.5351000467936,100.484625816345,118.255497160412,47.8501691137041,103.723762291065,0,59.8433119001843,170.332709864566,118.386551955651,74.2412389119466,0,204.5009765625,219.754776000977,194.940551757812,94.8031257629395,116.482925415039,137.795780181885,182.808715820312,69.2045472698447,157.984891619001,180.548368835449,180.444543691782,105.389474962578,120.417914170485,96.1366291046143,189.104370117188,0,88.2699584960938,115.68544514974
60.6778305075527,170.779231678356,127.053048485878,120.808816432953,17.7745724944797,114.684281143488,31.9919037903091,23.8124882378634,34.3871342663459,72.6968929679306,12.2894901825706,160.150312412005,20.3979499164555,175.942665833693,43.5736676666755,69.7971417060265,153.594984054565,138.8301365501,168.439098473751,166.643865232114,16.495263663592,105.445939991925,116.924106288601,118.265608774105,63.162417628916,172.244634719122,158.666869099935,164.842837635269,28.5970276002087,95.3792766828752,94.0521811654557,189.437898115678,125.991654360736,98.126001221793,98.2015135136735,191.63111114502,186.010841369629,201.365632375081,94.0224052429199,61.4287570645986,0,152.17190322876,150.680056912558,172.15072555542,100.897612664007,157.004481038089,232.370918273926,113.068255124027,201.958789825439,162.342765172323,187.145233154297,166.209164428711,218.635513305664,0,247.051162719727,154.3187926443,182.986236572266,172.617287529839,180.241557651096,121.853012422172,200.090759277344,220.393904368083,195.411820729574,151.103147731805,168.443493090178,177.654735989041,0,227.948684692383,193.131085713704,180.930668640137
128.229624006483,73.5181608788761,105.025003923689,101.865513194691,164.647518157959,68.985572052002,109.656202548888,164.199242203324,94.9759032491368,141.879863543388,160.150312412005,13.0962612176787,153.191909615653,27.0738715490916,84.6300061559797,106.10037167867,130.095703125,51.0137572058018,18.8815307689372,20.2251585743052,163.403442737668,114.005794652303,111.488632202148,85.5085016659328,166.263142997836,39.4921523679729,28.5116837607807,63.9913514650438,173.480879573499,78.0001997017762,131.140342089595,49.1916620197368,71.610552853877,104.942828587123,31.339588684281,198.065902709961,103.853616078695,154.528695678711,102.730639219284,247.10319519043,0,239.992797851562,224.596139090402,242.279907226562,179.760096958705,236.293312072754,89.0334209714617,165.365432739258,73.8363535360857,220.868586222331,0,148.245712280273,150.222357432048,107.971916913986,116.926436633599,0,234.412353515625,129.908007621765,162.639987945557,196.328854370117,69.6674543380737,103.839574123951,101.69113612296,199.912580490112,178.333913167318,222.866165161133,100.917075779127,142.961029052734,0,137.127366807726
120.950974600656,141.978623962402,151.244341278076,121.699273926871,21.2693772632057,105.974138600486,23.2981689304112,59.4731488761255,69.6155828455753,8.77500414995137,20.3979499164555,153.191909615653,10.1684019284894,160.306285045186,105.154395476184,19.176850079647,172.351806640625,185.318588256836,163.282566776982,171.249803504165,14.5578723692299,167.021282958984,82.5586711338588,175.442620050339,14.2519787353525,161.786184583391,175.35767384757,188.945539241884,54.0164244297935,105.176592339339,186.934704780579,178.52064334645,120.197265566312,102.510711669922,107.678900663706,91.2097244262695,0,0,0,35.666054725647,126.073684692383,73.8193752534928,129.811709594727,107.483156442642,63.6390013694763,42.1945508464969,159.850587632921,12.3119366768843,199.085296630859,103.532711029053,75.8337084452311,0,0,195.824234008789,235.483001708984,16.2280913321399,0,0,180.508392333984,68.2685830136563,189.433776855469,205.204296535916,203.825034401634,75.1755732084575,104.809346471514,0,227.979888916016,127.545906066895,164.834915161133,117.953499720647
112.038276672363,60.4443497474747,106.451257879084,96.0635360786301,193.457733154297,91.7576751708984,122.397513525827,173.133169555664,113.175340652466,132.858574071579,175.942665833693,27.0738715490916,160.306285045186,10.0031757019734,90.4877973188434,161.807833535331,0,105.74301055382,53.4937881773168,69.3598108443003,172.424428304036,123.180057525635,106.41380704533,133.291728279807,153.049218556766,20.8979346026571,44.8239698474183,31.6940611515089,175.849905534224,109.572103377311,159.279475212097,17.3980890193287,78.0798806277188,151.365309143066,45.4429268128467,0,96.8250668334961,173.906639099121,83.2041957378387,229.041595458984,0,237.372428894043,207.839715576172,90.8119659423828,193.704888237847,215.549189249674,73.491137727778,136.656753540039,66.2141185037266,178.813937187195,0,0,156.313714599609,106.174305979411,123.618007914225,227.732828776042,159.180709838867,120.371237321333,187.180274963379,187.283480326335,56.8511327254919,101.524973905539,88.9828955143056,222.583089655096,87.2982368469238,191.811071777344,93.1391760508219,89.9558906555176,0,98.8827253723145
16.4408286895365,140.344592939104,117.385392061547,101.69006820941,115.574978957305,44.8021933968003,54.3477310204626,50.0875744307548,18.2944425793474,89.7687162324494,43.5736676666755,84.6300061559797,105.154395476184,90.4877973188434,10.8499204421508,50.4630033075809,158.922903272841,117.619696569619,105.699474283167,122.285511875605,105.974055624569,96.2437368580993,101.649121909306,108.636684379081,99.717175394694,116.745956305302,132.282230235035,138.365529592017,99.3649980856724,21.1525735913781,66.9382838780251,130.487268749036,16.8056116580853,68.1246958512526,51.1152685428488,160.767437274639,194.423202514648,185.623307909284,102.722743055556,153.381019592285,194.619003295898,177.261171976725,160.936994363333,179.64113594504,100.795133368914,179.717035512455,148.881607055664,118.617824207653,126.456287384033,179.535006205241,130.511642456055,152.1545216487,206.369615994967,171.545442581177,185.967000007629,174.739113547585,156.415159437391,147.532370567322,193.615146983754,133.960287808322,128.022884368896,183.398359907434,181.41223481644,151.826771454584,173.902768816267,157.391196131706,199.465965270996,0,160.536100115095,174.189938545227
69.9363348824637,112.79994913737,145.034278869629,54.6295565091647,57.5606336466471,15.7710985340424,14.7697553106535,84.6017819086711,29.4532725390538,18.8303950688925,69.7971417060265,106.10037167867,19.176850079647,161.807833535331,50.4630033075809,6.96691853966641,128.272262573242,156.353216317984,188.428909301758,130.966979980469,47.2196257218071,83.2856216430664,77.3258864304115,141.778773716518,46.1454323815338,140.098177909851,150.29580389935,152.470959981283,81.1347575717502,81.7941075279599,81.785698360867,155.478401184082,43.8675179417928,101.85125986735,91.5218930244446,161.394104003906,0,222.793060302734,98.6405906677246,75.645923614502,0,0,159.375498453776,191.928482055664,52.2871520996094,154.396450805664,0,59.0830088222728,0,201.082504272461,0,0,0,0,0,109.890678405762,0,0,182.601257324219,113.260806083679,0,0,210.253138224284,151.063873291016,155.553604125977,140.62809753418,0,0,0,0
152.85583190918,81.0696501876369,88.7727459141466,38.2746452734155,147.509262084961,0,171.576370239258,123.421659088135,124.234194755554,106.521968460083,153.594984054565,130.095703125,172.351806640625,0,158.922903272841,128.272262573242,12.9766743775856,109.647041817234,143.926986694336,137.921024546904,0,22.3523092371879,30.6110650926314,20.6771244827378,36.3725463400107,128.005210876465,108.248573062294,33.5692805740087,39.006125258772,111.63179842631,77.6107892280768,129.120544433594,0,89.3356704711914,85.6342088748247,127.810901935284,97.1438751220703,115.507962593665,72.6258947199041,0,0,183.452362060547,144.154342064491,184.694671630859,66.4106979370117,0,0,0,0,149.870276557075,0,91.1099326538738,148.848568507603,0,186.361526489258,0,108.548562674687,62.1790402880787,100.158691692092,106.817440114123,168.298217773438,153.210378170013,99.3706912582727,118.682906246185,124.499892044067,109.968320123081,0,0,112.02308400472,117.447518088601
96.9228971550716,55.9280244246999,37.7771516812004,61.2265577563485,164.669634246826,166.768975830078,146.484931844749,106.336379196333,127.572030661178,131.26204106948,138.8301365501,51.0137572058018,185.318588256836,105.74301055382,117.619696569619,156.353216317984,109.647041817234,9.75967074223696,55.2728627352107,26.0206095909023,181.404700724284,71.0437663426189,87.4743522167206,27.0645062323923,133.35961428967,73.3054340776191,29.5965595399745,67.319798733089,123.038163016362,105.845110387295,81.6155388780733,87.6523771787945,159.543992723737,84.7083259529167,35.7644316383124,184.72723197937,95.0258177185059,112.808894083774,87.3651321647094,219.903938293457,0,216.763854980469,187.075812599876,209.214627947126,148.721841430664,213.641511705187,140.658841913397,218.331985473633,132.218402099609,202.120481637808,0,144.899799469979,121.931904150334,135.292111714681,124.540743269159,213.513427734375,163.294002532959,109.61758852872,133.701466570402,179.757810188062,92.9950523376465,109.006183962399,108.987758060827,195.346579625056,179.010450575087,176.252705474398,150.425186157227,0,0,133.551707016794
139.988577591745,84.2681751251221,121.154184341431,106.395997267503,189.930885314941,89.6546020507812,119.893733215332,179.284197126116,111.469076156616,152.483046722412,168.439098473751,18.8815307689372,163.282566776982,53.4937881773168,105.699474283167,188.428909301758,143.926986694336,55.2728627352107,6.770865572864,15.9076783152188,170.487269810268,112.745608647664,115.274374643962,94.5965106487274,172.095929597553,45.0159366660648,25.6580969385549,62.3759909268083,177.66895421346,104.14147462516,130.369800991482,54.3643338160878,85.0503364562988,118.709668673002,55.0436182774671,0,0,154.218605041504,83.5765419006348,207.299041748047,0,0,200.12085723877,202.063980102539,0,227.845794677734,101.088201522827,209.436378479004,92.1213678156288,183.996164957682,0,189.742685953776,163.141836547852,106.421472783674,120.448807993243,0,0,0,189.620300292969,198.212265014648,70.7668848345357,102.105170574003,101.326890996072,220.522151947021,156.268264770508,198.845230102539,107.522143644445,0,0,126.650199890137
122.585706103932,67.7637920553826,78.5840019463257,67.3081701863019,202.853012084961,100.769432067871,153.06546883834,139.590248057048,131.547103866138,147.104201982606,166.643865232114,20.2251585743052,171.249803504165,69.3598108443003,122.285511875605,130.966979980469,137.921024546904,26.0206095909023,15.9076783152188,12.3777977788309,172.382976531982,99.9615446329117,115.25633435133,72.747290573667,159.4247361669,48.0393615805584,29.9779068367153,62.7617713181778,158.268486362033,110.756432067726,107.824611970108,61.3581736329673,85.3021247651842,104.863699534583,44.2050538118183,199.502311706543,161.314532470703,137.514403552544,68.6426846734409,244.042175292969,0,219.2841796875,207.710581240447,157.579483032227,231.081298828125,235.990898132324,116.746185975916,223.568664550781,109.20517539978,174.141647338867,0,150.880132039388,134.602711648652,106.978061846833,112.892767066286,0,186.285533905029,114.416819981166,162.052234302868,197.29178314209,83.5838945706685,101.867909784289,103.847976300667,221.665991465251,168.338915506999,186.893165851461,114.30563499814,144.675552368164,0,131.764927880239
103.419023895264,183.275573730469,148.802500043597,107.775114059448,12.6272548412499,126.191825866699,53.8485405708942,53.0521096249844,86.5309104743235,35.7493608352986,16.495263663592,163.403442737668,14.5578723692299,172.424428304036,105.974055624569,47.2196257218071,0,181.404700724284,170.487269810268,172.382976531982,7.5623505667848,142.930377960205,63.33620262146,140.307042439779,17.3315442055877,181.012489318848,179.073634754528,182.800883731327,29.2849826477817,103.823893052033,141.470616340637,188.599967956543,129.115351104736,107.761456489563,103.133974532006,0,0,0,120.43349647522,17.0706473543809,0,150.393412272135,156.466150665283,225.30876159668,113.154801940918,148.388990190294,0,10.3226912005099,213.419982910156,144.183239746094,90.530158996582,197.291931152344,0,0,233.563802083333,140.75217183431,0,0,0,115.409366723263,207.433456420898,224.740287780762,214.293006896973,149.919296851525,180.682067871094,0,0,0,0,0
74.5960705522178,127.923480987549,72.7225823323661,70.3309537102194,182.883796691895,146.135945638021,119.777457693349,74.5386029314524,100.949012508525,117.429934365409,105.445939991925,114.005794652303,167.021282958984,123.180057525635,96.2437368580993,83.2856216430664,22.3523092371879,71.0437663426189,112.745608647664,99.9615446329117,142.930377960205,13.1596804885451,60.5956887192463,31.3259926440512,40.5223449547664,142.972628593445,117.21847769718,72.0665053660163,34.4323189884988,65.0890093609026,32.6333704099329,169.47087097168,152.729309082031,51.6689045836286,50.7402119276659,119.989581298828,92.7935485839844,141.096702243971,120.657430376325,0,0,149.483474731445,155.376720537458,178.442025756836,98.2548421223958,178.531946818034,0,168.989181518555,0,153.83810563521,0,108.10450048139,171.248306274414,0,174.573783874512,98.2622375488281,116.729378226754,74.8518724770382,122.243164154144,113.024933605659,191.152389526367,169.130915323893,140.980356354074,126.163543966081,148.658351421356,122.394262502859,0,0,110.897336959839,121.396338689895
81.7637108311509,28.3927848865548,51.3976504303688,29.6704134882575,71.2907849187436,0,136.076708625345,95.2966128549758,101.417381630288,33.2393714007366,116.924106288601,111.488632202148,82.5586711338588,106.41380704533,101.649121909306,77.3258864304115,30.6110650926314,87.4743522167206,115.274374643962,115.25633435133,63.33620262146,60.5956887192463,10.8784798995983,56.0580580063533,34.886768208384,82.7619026512786,88.6858245345565,43.9211869577633,59.013198744805,86.2958813513111,66.3981024166668,115.680593109131,236.288589477539,63.57611985259,73.0477995109965,83.2225646972656,78.5133514404297,104.263322775705,74.2548329734802,155.663619995117,0,160.223482131958,131.888027976541,156.927617073059,53.6909633212619,151.474868774414,142.292709350586,150.00789642334,154.996682303292,152.071976881761,103.372840881348,50.5685494504076,127.713942135082,0,154.062070846558,150.981016540527,77.4353851650072,36.4575401491194,72.499774940005,98.4558184290507,113.954109191895,132.153613921135,75.9068225150885,116.329481776168,134.224986076355,94.0407530132093,185.245376586914,154.782470703125,66.3097133636475,107.32647895813
86.3206461598633,82.9632423909505,27.1330822587244,61.5125476314554,147.574811458588,160.688907623291,133.504419177648,89.6633849424715,113.811255025975,115.372141156878,118.265608774105,85.5085016659328,175.442620050339,133.291728279807,108.636684379081,141.778773716518,20.6771244827378,27.0645062323923,94.5965106487274,72.747290573667,140.307042439779,31.3259926440512,56.0580580063533,17.4043147000664,82.8426608552028,123.055320739746,60.2530875985884,51.2824828810654,70.096731472051,60.6018492115029,56.0549319013667,141.88804880778,165.361219787598,77.4056809614545,45.8967934997715,205.891230991908,105.915791749954,110.432126648572,99.2832516688927,187.030822753906,0,204.066028594971,172.749598031092,203.122612693093,137.575794219971,193.499418470595,140.477432250977,0,0,197.753818893433,0,101.117157771358,130.808518042931,174.874809265137,161.681377919515,0,127.893301625984,78.1643188129772,110.796685271783,144.354113355095,175.927825927734,131.27163003505,102.379433478737,151.749242883605,179.623234624448,142.138755090458,0,0,128.938354492188,128.636412789888
83.9786993980408,88.2660298722514,114.557327313011,44.2009204926364,17.7547217041209,120.679186014029,85.0632935366226,67.4724848067114,85.8984565916516,19.6034302423191,63.162417628916,166.263142997836,14.2519787353525,153.049218556766,99.717175394694,46.1454323815338,36.3725463400107,133.35961428967,172.095929597553,159.4247361669,17.3315442055877,40.5223449547664,34.886768208384,82.8426608552028,11.7918862386912,130.388131077714,133.224888373374,97.4877890149894,20.1803640689177,91.9465566092108,82.2612326569502,169.891622755263,143.918896484375,78.0329881136931,98.9196624791813,119.219711250729,141.762363433838,165.094104409218,60.4275909626123,85.313826452891,185.86360168457,117.932983258191,119.536350077385,132.376382191976,65.8393240254554,123.067887438965,212.88533782959,109.109321834805,204.600155101103,137.176754550462,111.108345794678,106.339704353391,181.027384440104,0,215.100818210178,117.698383010981,118.625282465025,103.666299413045,143.204181377704,89.2551549781082,178.511311848958,196.784319723806,164.028198983329,111.789786273004,133.584498182105,118.28477070721,204.966323852539,177.110346476237,123.666195518092,131.659894586919
151.648620605469,25.0129138754731,92.309414583094,60.4979040949952,192.44157409668,104.389114379883,136.352593739827,177.830000305176,123.684425636574,112.62274914253,172.244634719122,39.4921523679729,161.786184583391,20.8979346026571,116.745956305302,140.098177909851,128.005210876465,73.3054340776191,45.0159366660648,48.0393615805584,181.012489318848,142.972628593445,82.7619026512786,123.055320739746,130.388131077714,8.56452309590424,38.7845182209684,28.6036772648249,154.007753601074,103.019988745974,140.789223921926,45.8985628758081,85.6781000409808,135.35527910505,66.2211590848228,0,90.314079284668,128.251979827881,68.6566124757131,0,0,200.604927062988,181.866065979004,192.377700805664,154.321784973145,198.635864257812,75.9035821914673,200.993644714355,61.4272186112905,216.498077392578,0,189.72639465332,170.005833943685,95.2204339644488,109.460284002896,224.471412658691,0,126.70760345459,147.297779083252,171.395300728934,47.8767496301222,80.7908967211356,80.1364213040001,206.852142333984,107.450256347656,163.811737060547,79.1674964904785,162.656936645508,0,114.766222000122
130.939595551326,48.1226735343972,28.6085715775049,51.1110926658213,163.74036859583,169.32375682484,155.898687380608,135.525757125535,143.325743483642,128.245000160347,158.666869099935,28.5116837607807,175.35767384757,44.8239698474183,132.282230235035,150.29580389935,108.248573062294,29.5965595399745,25.6580969385549,29.9779068367153,179.073634754528,117.21847769718,88.6858245345565,60.2530875985884,133.224888373374,38.7845182209684,12.6987891896547,36.9216621560855,137.563254837313,126.454725690196,121.677106143864,30.3739545053265,111.895616029438,126.144411638048,60.5004654257732,173.95466336337,104.398706209862,109.643467027182,73.4791272092594,232.124298095703,0,205.197296142578,190.938201630187,209.85838470459,177.733319091797,209.091108434341,107.810836917064,205.37029838562,89.3097848347255,193.411101164641,150.106094360352,156.304557800293,114.338533791363,103.563242200727,107.365561101208,224.518508911133,167.306906806098,123.888306357644,137.878024921551,185.653945119757,70.4290650685628,95.3904188767175,96.5587405492192,196.089319266525,161.87857027407,168.400932480307,106.771131152198,155.117595672607,198.618743896484,121.581564639096
143.855392787767,34.4794543730946,33.9787903986411,44.0124508699863,150.535816587251,150.864251273019,156.530809190538,128.823213843997,144.917332471881,118.434688605286,164.842837635269,63.9913514650438,188.945539241884,31.6940611515089,138.365529592017,152.470959981283,33.5692805740087,67.319798733089,62.3759909268083,62.7617713181778,182.800883731327,72.0665053660163,43.9211869577633,51.2824828810654,97.4877890149894,28.6036772648249,36.9216621560855,16.8364117954274,90.0056536299563,128.942202995949,124.59369104143,16.8156504269446,108.621370232624,129.514350891113,71.6720290854437,185.489616725756,85.412348040828,99.1075937250609,71.5988551181296,196.011947631836,0,194.077485148112,173.060103615562,199.787099347796,178.466487339565,200.897099370542,108.749581269295,199.329202651978,92.6630706592283,187.270578575134,174.327713012695,100.42165768272,116.106375291118,106.459704203001,111.928166565118,203.107654571533,141.883246029125,67.6462740139698,107.136781860471,163.311949786018,73.4385790206768,100.446957344053,95.7775790171065,171.201694584372,172.321232000987,162.464916209064,109.672177034266,168.425160725911,167.483622233073,120.714564438575
84.7984626897976,114.287915660217,100.948348668564,69.2252937828934,18.7309773350378,0,75.8061926309661,34.1501241991136,84.586160918576,53.8756230672201,28.5970276002087,173.480879573499,54.0164244297935,175.849905534224,99.3649980856724,81.1347575717502,39.006125258772,123.038163016362,177.66895421346,158.268486362033,29.2849826477817,34.4323189884988,59.013198744805,70.096731472051,20.1803640689177,154.007753601074,137.563254837313,90.0056536299563,13.0678620898053,91.3550957330201,45.4287112234328,180.130081176758,144.687589533189,69.7103141402329,81.3629260848463,126.474790862112,164.485010782878,166.548975384425,85.1615431590747,29.8515976169312,175.093566894531,143.439360552056,131.759431146692,149.691766266429,82.1878484579233,148.424003893015,204.996449788411,116.397085307974,243.57829284668,146.711131159152,126.248947906494,113.978646373749,190.518520121672,247.539947509766,209.596899032593,145.854560940765,122.613976343667,106.801603610699,144.028055324111,105.108904478941,0,201.269286114237,166.36644254412,127.512740379156,142.727749914493,125.310372749261,227.370697021484,194.51782989502,132.675550955313,142.148618810317
19.7515803825402,124.440439143651,143.078645198303,87.5933874511719,107.33115663493,44.7992224326501,82.503086183278,63.2167579594196,49.1483995591322,86.732398725373,95.3792766828752,78.0001997017762,105.176592339339,109.572103377311,21.1525735913781,81.7941075279599,111.63179842631,105.845110387295,104.14147462516,110.756432067726,103.823893052033,65.0890093609026,86.2958813513111,60.6018492115029,91.9465566092108,103.019988745974,126.454725690196,128.942202995949,91.3550957330201,10.875343576751,28.6830501465843,101.967857837677,8.03046731834621,17.3696871645685,38.1094563673237,152.299667794364,228.216247558594,184.634174601237,98.8458385467529,147.016046524048,212.387222290039,171.267565851626,157.104248865253,174.008872459675,102.343198097358,171.741213245552,145.230641682943,137.155636506922,179.916955947876,170.475153426049,179.606826782227,141.073637281145,193.457951136998,147.534711201986,182.562173282399,169.099356878371,132.520306541806,128.040284837995,167.543510945638,129.553491490287,138.554753621419,175.005705677379,170.523903795468,146.761879758137,164.411944956019,149.566079966227,190.941818237305,213.653783162435,172.260292053223,172.188604603643
31.413269934215,115.642729290461,100.011584219042,66.2830128219892,106.636400010851,129.138103485107,117.882955169678,24.1398633738939,82.0041931262119,63.6979664014733,94.0521811654557,131.140342089595,186.934704780579,159.279475212097,66.9382838780251,81.785698360867,77.6107892280768,81.6155388780733,130.369800991482,107.824611970108,141.470616340637,32.6333704099329,66.3981024166668,56.0549319013667,82.2612326569502,140.789223921926,121.677106143864,124.59369104143,45.4287112234328,28.6830501465843,10.8505175203828,147.525202178955,155.109521865845,27.6862417843741,43.2272397817467,129.824963463677,132.393046061198,171.191351457076,93.7998748779297,0,209.074966430664,162.259030151367,137.906370464124,167.145724089249,72.6016943189833,153.907306377704,178.046432495117,156.736328125,0,153.123005311881,0,109.312754385812,183.65057552562,221.672973632812,186.500246683757,0,126.383085418166,89.9926361576203,141.585713421857,111.034179254627,0,177.047388537177,160.822525314138,125.690887331213,137.283570519809,125.698170487599,0,0,127.632518005371,136.787490844727
165.785664149693,81.7941996574402,97.969564354938,93.4029482136602,0,98.9819183349609,151.163306100028,176.910690307617,136.602763911656,146.928373413086,189.437898115678,49.1916620197368,178.52064334645,17.3980890193287,130.487268749036,155.478401184082,129.120544433594,87.6523771787945,54.3643338160878,61.3581736329673,188.599967956543,169.47087097168,115.680593109131,141.88804880778,169.891622755263,45.8985628758081,30.3739545053265,16.8156504269446,180.130081176758,101.967857837677,147.525202178955,6.94029113103774,115.163199530707,158.767875671387,78.0759957472483,0,92.7634048461914,159.751007080078,98.4926305498396,0,0,0,233.468437194824,0,0,243.454818725586,96.4286231182991,186.787185668945,86.134430932099,218.474334716797,0,184.948501586914,144.905979919434,110.590539471856,124.392525211457,0,0,125.116287231445,193.496688842773,0,71.1982465383169,104.009733200073,101.553681307826,228.89306640625,199.616882324219,198.466400146484,102.878660678864,0,0,154.479879379272
109.057167053223,101.626844406128,162.069450378418,111.46711730957,137.592367808024,10.5643978785138,17.4869997503526,131.257959886031,18.3607936783947,145.205837249756,125.991654360736,71.610552853877,120.197265566312,78.0798806277188,16.8056116580853,43.8675179417928,0,159.543992723737,85.0503364562988,85.3021247651842,129.115351104736,152.729309082031,236.288589477539,165.361219787598,143.918896484375,85.6781000409808,111.895616029438,108.621370232624,144.687589533189,8.03046731834621,155.109521865845,115.163199530707,5.50194499252021,140.796427408854,37.8723362037934,0,0,0,0,0,0,0,213.549807739258,210.030609130859,0,216.465042114258,0,121.690302530924,126.462879180908,199.132797241211,0,0,0,126.80689239502,0,167.059265136719,0,142.551338195801,0,170.7825050354,109.832817077637,153.058311462402,161.189113071987,189.262783343975,216.658309936523,211.012535095215,0,0,0,0
46.1961572126909,103.836569786072,129.21091583252,65.4502202987671,85.3045021860223,0,103.499084766094,78.58526317364,90.2791558123649,72.437715389854,98.126001221793,104.942828587123,102.510711669922,151.365309143066,68.1246958512526,101.85125986735,89.3356704711914,84.7083259529167,118.709668673002,104.863699534583,107.761456489563,51.6689045836286,63.57611985259,77.4056809614545,78.0329881136931,135.35527910505,126.144411638048,129.514350891113,69.7103141402329,17.3696871645685,27.6862417843741,158.767875671387,140.796427408854,9.02103555646032,29.5305468851742,126.814778137207,149.347076416016,190.923258463542,80.9472858722393,154.703642272949,188.681533813477,156.773491599343,139.488731056131,154.071078345889,79.674353549355,161.579114278158,0,197.908325195312,209.778411865234,153.550842994867,0,105.125975759406,172.019371032715,0,0,163.273018836975,113.304636955261,118.284655570984,156.915928649902,109.047213429152,0,151.871088663737,162.473376105813,129.676630020142,151.761157594878,130.656723022461,0,159.151596069336,139.336983680725,146.827072143555
83.069207914583,67.8058963449668,67.9956163128096,68.1314879979843,111.27861328125,35.9161130642069,78.2265331624628,95.6164568962508,63.2917047878719,108.357177487542,98.2015135136735,31.339588684281,107.678900663706,45.4429268128467,51.1152685428488,91.5218930244446,85.6342088748247,35.7644316383124,55.0436182774671,44.2050538118183,103.133974532006,50.7402119276659,73.0477995109965,45.8967934997715,98.9196624791813,66.2211590848228,60.5004654257732,71.6720290854437,81.3629260848463,38.1094563673237,43.2272397817467,78.0759957472483,37.8723362037934,29.5305468851742,12.1662597445159,152.192632293701,127.064122517904,110.500889304832,89.2164711110732,144.462593078613,0,175.661749098036,158.733403058733,171.341874406144,114.434438412006,180.616760253906,130.418518066406,132.595465716194,127.813742844955,165.743107623365,0,112.817498432506,125.992186326247,136.450636448004,133.467532348633,161.890041351318,128.899369632497,85.5007518969084,117.950529017593,126.483488629955,105.69603225708,117.49207498377,112.371233163504,150.511769207203,159.5919045535,154.827359941271,142.459795951843,95.3642349243164,141.462148666382,139.540692387795
126.583877563477,161.429890950521,174.140643310547,83.2636962303748,103.043970743815,0,167.117263793945,136.513532750747,153.242094773513,104.386892795563,191.63111114502,198.065902709961,91.2097244262695,0,160.767437274639,161.394104003906,127.810901935284,184.72723197937,0,199.502311706543,0,119.989581298828,83.2225646972656,205.891230991908,119.219711250729,0,173.95466336337,185.489616725756,126.474790862112,152.299667794364,129.824963463677,0,0,126.814778137207,152.192632293701,12.3481689940991,121.720520019531,122.157841306744,91.2231612094613,99.530180497603,95.656197865804,78.5139870299506,24.0825192830633,66.8684336326935,63.5155419966754,91.2503247627845,119.233978271484,100.709540336363,143.96407463437,15.8308720348057,136.202072143555,77.5847184317453,111.015087689851,129.444662278698,122.577957198733,88.201057954268,77.7986538099206,71.1167779347253,99.3703129655224,73.8806905979064,129.55201121739,127.907425649704,134.40594280197,82.6547740589489,20.3931677395658,25.9940220053146,156.289000771262,80.5201187133789,34.6765878700916,66.398689512425
0,22.6149764657021,76.3980468114217,67.7875937053135,0,0,0,189.290061950684,174.844947814941,94.2925796508789,186.010841369629,103.853616078695,0,96.8250668334961,194.423202514648,0,97.1438751220703,95.0258177185059,0,161.314532470703,0,92.7935485839844,78.5133514404297,105.915791749954,141.762363433838,90.314079284668,104.398706209862,85.412348040828,164.485010782878,228.216247558594,132.393046061198,92.7634048461914,0,149.347076416016,127.064122517904,121.720520019531,8.30656439830632,45.111355563787,17.8857148677745,237.446517944336,0,163.362295532227,129.019254357474,148.705635918511,84.1221110749005,162.770611849698,84.3068474800356,151.622692108154,55.7094913679978,140.986858286756,119.516236623128,52.1998227333111,55.2309953239975,84.2212877909342,64.2712262017386,120.915382385254,99.5848794664655,23.0524361456091,70.7468439458491,87.4985355437475,18.4084558280473,48.2130674624048,31.6253126808137,116.678810299144,119.549757564769,113.900970226026,139.177427927653,119.565925598145,109.85587310791,63.9643217253205
