8.49036920797699,139.460620880127,105.87322850471,67.0092635907625,75.4724258754564,102.243271827698,85.8705687931606,25.8768817412357,52.9892166722841,69.5873374602868,70.4539879913905,126.724797288032,101.897727530343,132.934929847717,18.2234969050678,82.8018951416016,98.348383585612,91.1611507632516,132.318609449599,109.99490592263,96.1227979352397,72.3941480412203,103.956801096598,85.9006570685994,74.858245097011,181.831367492676,115.783365304129,129.342752783148,76.9605382277519,16.2449955473042,29.8797643259371,157.998886108398,92.8401365280151,31.9298713740181,72.1718105660792,144.159693717957,163.419733683268,174.791873168945,97.3104051862444,166.179168701172,0,155.490673065186,138.057143102718,167.013743313876,85.9956836700439,178.286592923678,216.32373046875,112.571922302246,0,163.188491821289,155.565902709961,112.652290344238,186.024975585938,0,175.843729654948,161.599365234375,138.293345133464,123.201998392741,162.390467834473,121.488971313873,0,176.850623168945,167.171820547066,137.55574154463,156.607437324524,138.869415565773,0,0,139.838104248047,165.881108601888
139.460620880127,9.28390338525667,55.2602344961727,58.2983546040275,0,0,111.027404785156,115.844688415527,101.066970825195,75.5712153057719,147.815017700195,66.7993656080596,90.9820200602214,56.7463175142728,142.579326629639,118.446968896048,89.6417236328125,60.6739245520698,78.1522344589233,61.0793349609375,159.152252197266,119.47188949585,30.5112555088141,114.030136108398,88.088820528101,38.6536460752554,54.8580173509462,35.7658517901851,120.961819240025,139.050198872884,114.472831726074,73.988603394607,112.812911987305,122.14453125,73.9737524305071,0,63.2540918986003,108.846266004774,43.685917288065,0,0,0,202.163681030273,0,0,188.246444702148,84.3252406650119,0,79.0024688357399,0,0,0,101.04666519165,116.326337814331,117.535886976454,0,0,0,130.920967102051,139.191284179688,47.7798073867272,103.998929468791,103.986648680672,158.747467041016,191.418563842773,0,105.226921081543,0,0,100.028442382812
105.87322850471,55.2602344961727,13.3954836312392,107.318332954689,140.739802140456,178.709716796875,116.99194624903,95.8709096748,111.323919154609,118.29681261848,105.606883216793,96.193252348564,167.841725349426,104.431230672201,111.860009961012,128.097292007939,101.339849223261,38.406647832723,85.9439622163773,69.1115103981712,155.236370849609,62.5827994853452,50.513168927361,25.5352185503263,112.261054950756,81.8192539215088,24.892010520957,29.2769693947576,90.0919048282058,128.002748354213,91.8606646855672,91.5625421860639,166.21829562717,115.635998831855,60.7507186322994,172.669523451063,57.1664447301551,91.5392049413149,62.0681484106815,0,0,190.530651385968,163.565737497239,176.859590677115,158.962473551432,179.332179478237,133.976725064791,0,138.558360629612,176.870271955218,200.974395751953,118.542008863177,100.99917678833,142.223635673523,118.988118830735,179.895278930664,135.016326549441,72.9481549664078,105.151725800921,154.297065884459,151.345347086589,91.8861837280727,88.1094234296064,167.024397575992,189.361019736842,147.041434987386,151.751719156901,0,160.923755645752,111.529963740596
67.0092635907625,58.2983546040275,107.318332954689,16.1431534843168,71.6202982266744,115.049859619141,89.3381610446506,60.9351707815881,78.2702560307429,19.0876294228224,84.6008129593748,109.864387817383,101.46643781662,90.4518463828347,84.6125228755282,71.3242079416911,40.4668945154228,83.2070944150289,109.480478922526,81.8494226530001,93.2086390742549,53.6466882913962,25.0211256936139,59.7984931407831,39.8446805689825,70.7821494477694,58.4599189758301,45.6111198386668,56.6829052559045,80.0001683602995,62.0999266827693,110.724364280701,126.401257324219,70.5756105903451,76.4344376840899,97.411536693573,0,124.917419433594,52.9238551457723,115.355146408081,0,127.914161682129,89.9225124904088,137.74644809299,12.8335094451904,105.255717644325,0,70.4697456359863,103.087285995483,112.117942810059,0,72.9229125976562,152.714831760951,0,122.117022196452,95.0900688171387,79.5010842822847,34.6400810877482,117.15771891276,76.7505098978678,75.8163097926548,124.149735927582,117.449101090431,85.9524756983707,103.461450493854,100.033988849537,0,0,108.497034454346,123.868783133371
75.4724258754564,0,140.739802140456,71.6202982266744,9.86885919297317,125.546913146973,74.8304063899239,66.1581650217071,101.733158930547,50.6319201911976,29.0404723241916,152.942624872381,32.4327691390462,166.74153137207,108.896651589226,71.8905908836509,61.3185094197591,145.867615950735,205.799865722656,189.46764755249,16.754883658894,157.200716291155,90.0180522373744,133.723453267415,18.6620938818399,168.471862792969,138.229383295233,128.950762067522,21.9734609523484,100.101071316263,83.2105453305128,0,139.223281097412,79.1144795586081,99.0673503875732,173.795593261719,0,191.406472342355,106.069989585876,78.9924808268075,0,158.073016294499,141.829344415045,159.10053107079,95.668092636835,158.741388267843,235.960952758789,63.3240103134381,0,181.431258307563,151.07858022054,142.045407613118,159.246185302734,0,195.192520141602,143.897678900622,122.30997467041,110.798179626465,224.881484985352,111.043603086297,0,0,201.312670026507,148.760056069426,187.524182637533,187.216649373372,0,198.911895751953,188.016494750977,169.121700286865
102.243271827698,0,178.709716796875,115.049859619141,125.546913146973,7.64931791780198,14.6497034111895,108.251370112101,19.5740129367025,65.9819330215454,117.272599206455,58.8600650024414,106.239269144395,68.978749593099,29.984940137578,17.0450463088276,0,150.175025353065,142.090892791748,154.05855178833,121.294136047363,147.443939208984,116.937267303467,132.596165974935,101.394822692871,74.6630935668945,132.1464440482,161.586201137967,130.786797417535,29.316458873669,111.329025268555,104.462997436523,9.01699827305513,61.9756908416748,38.6452701432364,240.067260742188,0,0,0,219.562057495117,0,193.437545776367,196.108245849609,212.664566040039,0,0,0,130.094493865967,0,0,0,0,0,0,0,0,0,176.829895019531,0,174.193918863932,0,0,0,185.865249633789,0,0,0,0,0,0
85.8705687931606,111.027404785156,116.99194624903,89.3381610446506,74.8304063899239,14.6497034111895,12.0523666419542,67.4250836344599,22.2896062989667,68.2700899078185,43.3403497395393,94.8344481933949,30.0130263834904,120.988924938699,44.4287216815232,15.7809312148166,157.389846801758,129.289447937012,143.833892822266,160.20862642924,59.7829338706914,114.460980097453,108.622095522673,108.064662961747,78.8699208775455,118.035755157471,137.454391479492,140.534322446109,74.2197374486432,54.1117580502631,94.4183072057264,0,28.580360417383,94.6490913018948,76.892023243855,161.05480617947,0,178.02503712972,101.398708343506,164.205088342939,0,161.728742377703,149.499779052734,160.212659463115,132.98975649747,174.752084666285,0,88.1280648973253,0,181.785044917354,173.312492370605,0,185.094479878743,0,196.649017333984,169.729745774042,204.226287841797,137.42738087972,190.342929840088,131.541585273144,0,204.970865885417,171.337512207031,162.453857599303,177.237483978271,171.704555164684,0,177.061859130859,164.309769850511,159.037465413411
25.8768817412357,115.844688415527,95.8709096748,60.9351707815881,66.1581650217071,108.251370112101,67.4250836344599,11.9012088453983,61.2746491531889,61.6406880605181,18.6958534689603,149.863830566406,83.1181329696898,177.955177894005,40.7317601024553,85.7982651008355,101.514111952348,88.3193997256815,174.385352394798,108.171359726478,77.6777284689117,63.9252743404147,76.0292639515617,76.047553112545,66.6650618925228,157.747482299805,128.436650944327,107.256752792312,31.4636727340995,60.5646119817443,23.4078429938918,0,123.265427144368,69.482286736904,84.5859748961274,142.802340507507,165.31356048584,164.078909100227,91.2066136185004,154.143358230591,0,149.143745525463,132.22332745332,148.74978314699,91.1843147748782,154.914867699665,230.411697387695,155.895695495605,240.078857421875,153.866537824358,142.859255981445,122.920800507958,180.373629200215,0,211.007115681966,149.578787151136,140.44947719574,103.013808626117,156.619846431354,113.96469943354,0,183.028024561265,162.333743336995,127.300041938276,148.055610585436,134.205258322544,240.447891235352,189.88981628418,141.613733425946,151.4373303289
52.9892166722841,101.066970825195,111.323919154609,78.2702560307429,101.733158930547,19.5740129367025,22.2896062989667,61.2746491531889,10.3836888453556,86.4198439539974,49.6871822056279,72.0013446638212,94.8108775634012,94.0162440762661,17.6901007521378,30.6385808282401,106.09016418457,118.852157288192,142.755435095893,141.767423708867,95.8512769508362,97.4854382856176,118.644714532897,100.636607905932,86.722139455597,108.897083575909,136.966141043038,141.939332580566,87.2465537650856,36.9813146329611,76.6450456979637,131.917938995361,21.8316062992772,91.7722540123518,55.3504731028244,168.756222679501,0,174.80352744078,120.625380572151,165.339458606861,0,154.401470699826,148.655307654952,157.599182405083,123.263153358742,163.933056734046,216.933578491211,125.284575306286,0,174.70786635455,227.93489074707,153.593504769462,192.761372157506,0,207.092902047294,159.794553420123,195.737426757812,147.967347797595,190.289284706116,129.545261553864,0,202.187174870418,180.922195773655,149.053059547061,173.801154269967,170.084558633658,0,211.257258097331,172.2173390108,184.546229044596
69.5873374602868,75.5712153057719,118.29681261848,19.0876294228224,50.6319201911976,65.9819330215454,68.2700899078185,61.6406880605181,86.4198439539974,9.44287969495172,82.8070746020994,143.600326387009,19.958649203201,130.178054969768,91.1549463918654,28.5588407330418,66.9774746704102,120.448615677055,142.102795600891,141.976121902466,43.1767149761745,82.0718404134115,35.2724998796841,107.731766686073,24.6291587695501,114.357696516936,131.424517782111,112.170284111269,56.3619325188039,79.3485078516226,64.2932074271784,146.02826722463,126.554565429688,68.6173105120659,85.1030395332424,157.072668075562,171.797691345215,170.936657206217,67.0393075488863,101.844783176075,0,119.709629603795,111.741178685969,127.750695546468,84.9318155561175,114.349690537226,174.75937906901,100.335225191983,157.718984222412,157.215810503278,128.112274169922,111.900468826294,150.289605276925,187.322146606445,201.036515808105,101.122456141881,145.518043518066,70.8473146226671,191.418446858724,75.0910038389889,127.770194420448,167.934851253734,162.771835721772,111.951149012418,142.569593641493,131.559885152181,166.384338378906,0,127.200143432617,134.851747512817
70.4539879913905,147.815017700195,105.606883216793,84.6008129593748,29.0404723241916,117.272599206455,43.3403497395393,18.6958534689603,49.6871822056279,82.8070746020994,15.4467730317792,151.420856596658,23.7427666428097,172.516335449219,76.6974489385762,83.565218342944,128.91553401947,112.269626119075,182.358412679036,147.571341578166,21.7741164578255,81.135854219779,104.055105113983,88.0155877128874,82.2078339877787,167.209828694661,143.728520605299,132.222672294541,30.955849057968,103.217422634379,53.8289578260328,196.885749816895,124.958254568917,86.3927292430073,100.802774029549,179.526124572754,146.568069458008,175.660726395864,100.682403773478,161.287926990765,190.236381530762,164.537799846327,151.954718190461,163.245516756748,119.110358254951,170.526110001766,228.6689453125,147.026251640726,0,176.583617179624,153.05661714994,159.574155171712,186.561947909268,0,200.963734944661,163.149527802187,183.867910766602,137.315397474501,181.817430019379,125.829028842605,234.180023193359,202.122440883092,184.738272947424,157.810188530928,183.92196447199,163.190063808275,0,215.070171356201,187.687395222982,178.522980651855
126.724797288032,66.7993656080596,96.193252348564,109.864387817383,152.942624872381,58.8600650024414,94.8344481933949,149.863830566406,72.0013446638212,143.600326387009,151.420856596658,13.8099656780885,143.121131469727,21.031850089331,81.8915305090319,129.874187268709,113.476123174032,62.1920100303241,23.2002621176816,26.5470098902975,146.990652281663,98.3331969191388,104.767257035144,92.7034915669759,157.981061060288,34.2006362908994,31.3642910663888,64.1460155399366,153.713932636356,71.3795265124306,112.223681131999,39.3090314805024,60.0633264076053,93.3711088025892,30.5553983188383,163.802673339844,94.0445446968079,158.384129524231,92.6673628644245,0,0,221.446296691895,213.073078918457,206.875068664551,149.362205505371,224.202346801758,94.4138157367706,0,71.7250751524933,204.568715413411,0,142.892412821452,130.847892142631,96.6797532739106,109.339796548361,0,183.489196777344,108.606708526611,164.08468170166,177.684494018555,54.7251287225175,93.9642392136997,93.8727339240396,204.007344563802,185.795789930556,215.819046020508,86.367634492762,0,0,112.589626948039
101.897727530343,90.9820200602214,167.841725349426,101.46643781662,32.4327691390462,106.239269144395,30.0130263834904,83.1181329696898,94.8108775634012,19.958649203201,23.7427666428097,143.121131469727,12.0179239406865,164.303497924805,110.140147785149,24.7257952352907,109.132484436035,191.58636266535,188.293179321289,186.478969573975,15.8991141189995,137.559366861979,80.278337779798,161.327428690592,22.3893847567951,158.545968797472,177.421344898365,144.942994240003,51.9905195958178,110.012849374618,117.156234196254,176.827941894531,117.839142434467,99.6478396329013,103.456035835266,167.2138671875,0,204.497055053711,102.812829759386,101.03575153661,0,118.459757551362,163.616390228271,149.134542700363,117.537379794651,154.373001098633,141.763038635254,14.6744575747723,0,161.318899084021,82.836772441864,0,193.306411743164,0,0,79.188201376108,0,96.550910949707,219.489196777344,118.853013940358,0,215.587509155273,197.086784362793,143.592560195923,149.464646283318,177.65454864502,0,155.313771565755,171.502126057943,109.321678161621
132.934929847717,56.7463175142728,104.431230672201,90.4518463828347,166.74153137207,68.978749593099,120.988924938699,177.955177894005,94.0162440762661,130.178054969768,172.516335449219,21.031850089331,164.303497924805,9.69627476596801,94.8100094985962,170.300736298432,129.18285369873,97.5786291469227,55.8172017792893,73.8316676343074,173.746289253235,159.892525672913,90.2590440463337,140.9370262146,149.222421736944,16.8236291523709,31.0995199483928,41.7123443735507,164.80178242345,97.9318276864511,153.077396937779,19.0219529788675,77.3040032998109,151.652151107788,60.3932570677537,184.786677042643,76.9570523775541,137.122692108154,67.6166880359388,0,0,185.385437011719,204.690727233887,0,140.337950134277,0,81.7317154581954,0,61.6452026690467,218.887817382812,0,0,141.682068888346,88.9701539955887,104.671396816478,0,244.167022705078,143.201400756836,158.470150756836,208.482480367025,46.5292839398042,87.9603434971401,82.5193131883372,213.414993286133,182.396648406982,186.374521891276,79.4338027056526,120.194602966309,0,106.907587051392
18.2234969050678,142.579326629639,111.860009961012,84.6125228755282,108.896651589226,29.984940137578,44.4287216815232,40.7317601024553,17.6901007521378,91.1549463918654,76.6974489385762,81.8915305090319,110.140147785149,94.8100094985962,10.5318359618169,39.5110321331024,124.940814369603,107.11552951542,127.064753214518,129.552153420761,108.385882975088,91.1743946310915,108.787689208984,98.0982768595857,94.9048064614791,131.723728179932,130.400087120083,141.742454158013,97.4014234100213,23.4503356675216,58.5338225618998,155.721736907959,15.9267585369165,43.9574478190878,57.0239437126952,164.618833269392,183.285766601562,179.310680456329,119.686503256521,168.481161753337,199.626846313477,164.402293056912,158.860781045785,173.414559609549,132.516748046875,173.703497673483,232.169639587402,139.874646432059,0,184.932019379179,162.915370178223,151.419820658366,199.220602035522,0,212.98258972168,198.641477584839,164.486522129604,130.710853894552,182.687486921038,142.47019617221,0,196.879601614816,183.757634376993,155.814213088989,175.809437620874,165.28093120616,0,0,171.541102091471,179.98922333894
82.8018951416016,118.446968896048,128.097292007939,71.3242079416911,71.8905908836509,17.0450463088276,15.7809312148166,85.7982651008355,30.6385808282401,28.5588407330418,83.565218342944,129.874187268709,24.7257952352907,170.300736298432,39.5110321331024,8.35337049248509,110.966960906982,135.937964237098,195.943389892578,168.719092118113,55.7086253988332,107.321411132812,77.8353574288324,124.021220814098,46.9994313358345,156.731193336281,153.570693969727,140.822844324502,87.5893183704391,76.2317091440983,97.9398193359375,183.651326497396,44.3495998451426,89.2254159450531,78.2390036185582,0,129.009979248047,201.868743896484,133.970095316569,121.078264872233,0,196.267799377441,162.315292358398,160.090293884277,0,155.156587982178,0,88.4248352050781,180.664611816406,213.509719848633,0,140.523422241211,167.786315917969,227.314224243164,230.151077270508,189.287038167318,0,128.541311899821,0,122.572138786316,0,206.406514485677,179.28016444615,160.36187952215,181.285405476888,143.677719116211,0,0,151.842315673828,0
98.348383585612,89.6417236328125,101.339849223261,40.4668945154228,61.3185094197591,0,157.389846801758,101.514111952348,106.09016418457,66.9774746704102,128.91553401947,113.476123174032,109.132484436035,129.18285369873,124.940814369603,110.966960906982,12.9416945816428,95.7400838644198,183.067558288574,123.313123512268,0,28.9421386130185,31.272754557768,22.334359613986,39.8334355678055,108.622615814209,112.452778155987,28.0816908294424,41.9266044949401,100.650378648625,71.2033411187011,160.059432983398,0,84.5766970316569,75.2087052459272,131.456186294556,72.3056488037109,107.580823328588,58.3842096455892,0,0,174.850875854492,148.609385841771,167.609495544434,0,158.530730353461,182.355278015137,199.298629760742,0,170.280849109996,0,98.2259549863504,127.478293837162,197.942672729492,164.832765367296,0,112.993832897666,57.1445304786131,101.57099769924,112.313141728791,0,152.603164085975,95.7335798090155,117.64096471016,137.683830897013,113.390485968472,179.408142089844,0,129.422043270535,115.83288075765
91.1611507632516,60.6739245520698,38.406647832723,83.2070944150289,145.867615950735,150.175025353065,129.289447937012,88.3193997256815,118.852157288192,120.448615677055,112.269626119075,62.1920100303241,191.58636266535,97.5786291469227,107.11552951542,135.937964237098,95.7400838644198,11.7666920616269,55.5165474315484,23.1850656412096,192.538521902902,51.0210534337658,74.3546597147672,23.3779882754557,126.551239923136,81.510382152739,25.8951325024361,61.4995058629412,102.072730207291,97.6601657219833,62.7647304772716,83.7206474304199,147.969386206733,98.4152921420425,32.2887536256766,176.927424112956,71.3218659550311,100.906189141011,70.4060646644005,0,0,215.826847076416,172.781348403619,190.257818019136,175.822583516439,190.389404990456,149.555992126465,0,137.706956651476,187.878607125118,0,132.670724283854,107.60576310117,129.95537853241,119.625997784195,0,146.359686316513,94.1707805218083,118.298477423818,165.549456096831,114.106839497884,97.2784102330566,96.2450670077386,170.728278360249,190.657210032145,153.4767578125,171.45524597168,0,163.895754496257,118.002033571654
132.318609449599,78.1522344589233,85.9439622163773,109.480478922526,205.799865722656,142.090892791748,143.833892822266,174.385352394798,142.755435095893,142.102795600891,182.358412679036,23.2002621176816,188.293179321289,55.8172017792893,127.064753214518,195.943389892578,183.067558288574,55.5165474315484,9.10097142331913,15.8337489526727,149.901306152344,130.310025215149,122.147337072036,105.607633891859,175.955373128255,49.3728429747791,28.4447925468733,62.6178100230446,164.179609934489,120.052159150441,126.868268330892,55.1546194112227,101.284557342529,150.830766296387,58.1455697708941,0,109.903816223145,155.424354553223,93.9663611518012,0,0,0,211.527481079102,0,158.537063598633,0,107.143351468173,0,99.3275541825728,214.220962524414,0,0,129.010185241699,108.679713558841,108.608411331177,0,0,0,140.942977905273,0,84.018485729511,97.6976816600542,99.7830833031489,0,214.344696044922,239.26969909668,109.13508605957,0,0,108.92200978597
109.99490592263,61.0793349609375,69.1115103981712,81.8494226530001,189.46764755249,154.05855178833,160.20862642924,108.171359726478,141.767423708867,141.976121902466,147.571341578166,26.5470098902975,186.478969573975,73.8316676343074,129.552153420761,168.719092118113,123.313123512268,23.1850656412096,15.8337489526727,11.3908336965264,187.158075968424,83.5890938774232,99.9900952875614,71.2607701715564,151.938703484491,50.1533497337281,30.994460447848,63.5110978499858,133.132759760884,110.358447036638,87.5137346474521,61.7744940873031,101.107139587402,100.087381803072,40.8168954869748,185.149163818359,80.399524797712,122.038879741322,76.2754814313806,215.137512207031,0,212.778480529785,184.181317329407,192.957865397135,173.239547729492,221.396213531494,110.738815014179,0,112.635613282522,208.559891836984,0,156.186609441584,116.643646708934,116.472278690338,109.341838405525,0,153.614422480265,123.886858198378,146.087376695998,204.182155064174,88.8084911933312,97.1006283544904,98.2454033942767,192.095656622024,188.233973452919,168.941588150827,130.836479773888,0,154.791778564453,116.594253203448
96.1227979352397,159.152252197266,155.236370849609,93.2086390742549,16.754883658894,121.294136047363,59.7829338706914,77.6777284689117,95.8512769508362,43.1767149761745,21.7741164578255,146.990652281663,15.8991141189995,173.746289253235,108.385882975088,55.7086253988332,0,192.538521902902,149.901306152344,187.158075968424,9.66630503932219,167.329109191895,108.851154872349,156.078321283514,25.1577187840413,160.224319458008,198.309409005301,155.562739562988,35.5807127963856,108.694190201486,124.047753767534,167.412185668945,126.035048411443,95.9908452715192,104.345162190548,229.749282836914,0,0,96.8135894775391,115.154296668496,0,160.924416605632,146.926903194851,157.915890180148,109.225676430596,160.227203832805,0,28.618524797379,0,172.79011053788,110.914173126221,0,0,0,200.24641418457,146.079594104321,0,171.7998046875,201.521240234375,113.646636618707,0,221.315277099609,186.469139099121,151.829389131105,183.809113722581,226.089653015137,0,191.741836547852,176.634994506836,181.691230773926
72.3941480412203,119.47188949585,62.5827994853452,53.6466882913962,157.200716291155,147.443939208984,114.460980097453,63.9252743404147,97.4854382856176,82.0718404134115,81.135854219779,98.3331969191388,137.559366861979,159.892525672913,91.1743946310915,107.321411132812,28.9421386130185,51.0210534337658,130.310025215149,83.5890938774232,167.329109191895,12.1011904172872,58.8065944531213,28.1850919979795,35.6379858480917,169.23609161377,108.150684356689,69.4521230625533,26.0994783586797,28.8822084830643,22.1042513001805,151.085561116536,106.930534362793,56.8093283662228,48.0239374213102,138.574118720161,82.9751434326172,135.639675065583,76.061465113996,122.94686126709,0,183.70334370931,144.395626798589,174.191933949788,109.23898824056,155.267599487305,168.654602050781,215.728149414062,178.043090820312,154.537467153449,0,111.031045277913,147.360409062083,0,181.793223063151,0,118.009164522772,72.5860260221204,115.804672430997,113.906919223746,0,158.193576315175,130.256357683454,119.957365425009,138.899959466396,115.206034371022,0,0,125.537705898285,130.606110328852
103.956801096598,30.5112555088141,50.513168927361,25.0211256936139,90.0180522373744,116.937267303467,108.622095522673,76.0292639515617,118.644714532897,35.2724998796841,104.055105113983,104.767257035144,80.278337779798,90.2590440463337,108.787689208984,77.8353574288324,31.272754557768,74.3546597147672,122.147337072036,99.9900952875614,108.851154872349,58.8065944531213,10.9399515543426,52.322750096645,33.8192720263965,74.5529912397315,86.0740139076926,40.5331046883666,54.9837745820116,80.1812023683028,59.6162023596283,108.5980124638,117.645581563314,64.7547191326435,67.1552208755956,113.636600494385,81.8362658364432,100.417947365256,65.7608069919405,162.619766235352,0,118.791221618652,117.140227097731,173.453033447266,78.1683959960938,150.574242909749,173.35432434082,118.031066894531,118.915818786621,134.057859420776,0,72.5618657684326,120.035076307214,144.818852742513,146.728902062704,0,90.8256936754499,37.8803254286448,97.0468723269275,92.9056125268704,75.3491756732647,121.645708300404,101.707891373073,96.7088819791193,121.383483886719,88.3111035443734,125.995830535889,0,99.585166237571,106.246042812572
85.9006570685994,114.030136108398,25.5352185503263,59.7984931407831,133.723453267415,132.596165974935,108.064662961747,76.047553112545,100.636607905932,107.731766686073,88.0155877128874,92.7034915669759,161.327428690592,140.9370262146,98.0982768595857,124.021220814098,22.334359613986,23.3779882754557,105.607633891859,71.2607701715564,156.078321283514,28.1850919979795,52.322750096645,16.5875842847899,81.8230693120756,116.673900604248,74.1259167758367,45.7770723913257,55.5075814221061,36.8403885647177,49.2141685009198,123.973541259766,145.907804790296,78.4402463452569,47.6082586222601,179.274631500244,118.20049571991,101.363223625559,77.989963899579,182.899017333984,0,183.97887802124,157.789446912493,183.637314084976,145.473160743713,168.608529493544,149.323015485491,182.856323242188,206.457550048828,184.131189378641,202.661468505859,100.70133840905,119.872529401618,212.220565795898,150.993537287558,200.048578898112,116.464419447724,69.8142365150688,106.529772768843,141.315751062681,0,138.290466747065,98.1461470008555,146.073298440051,169.853014831543,130.676349906034,0,0,159.487559599035,117.408576743117
74.858245097011,88.088820528101,112.261054950756,39.8446805689825,18.6620938818399,101.394822692871,78.8699208775455,66.6650618925228,86.722139455597,24.6291587695501,82.2078339877787,157.981061060288,22.3893847567951,149.222421736944,94.9048064614791,46.9994313358345,39.8334355678055,126.551239923136,175.955373128255,151.938703484491,25.1577187840413,35.6379858480917,33.8192720263965,81.8230693120756,11.3739174794033,129.896718234551,137.534043384774,81.9493302638479,24.1481620704878,87.0052872179687,74.4674544422715,153.215544267134,125.652164459229,74.1953315734863,89.7291677267567,125.726966741431,128.640272521973,149.016258125018,71.4950699698332,120.865285302423,163.558532714844,128.267113584153,116.709386930854,133.159128513177,71.9456797737387,130.09514214883,193.039208306207,127.764891768947,206.614864349365,143.603866410386,145.340961456299,97.0944336494899,164.177189362355,199.14582824707,193.781033325195,120.965706210666,122.931832284638,65.6520866314014,135.155263870481,95.0392223521641,120.217273712158,169.507241269375,150.045648964502,111.512721427975,134.901267385725,119.027543204171,217.372863769531,178.185349897905,123.159995986755,132.57829274358
181.831367492676,38.6536460752554,81.8192539215088,70.7821494477694,168.471862792969,74.6630935668945,118.035755157471,157.747482299805,108.897083575909,114.357696516936,167.209828694661,34.2006362908994,158.545968797472,16.8236291523709,131.723728179932,156.731193336281,108.622615814209,81.510382152739,49.3728429747791,50.1533497337281,160.224319458008,169.23609161377,74.5529912397315,116.673900604248,129.896718234551,7.95598329883375,40.5780801046462,30.9440487495315,156.822364807129,128.144802093506,147.952017890082,45.3814958650239,76.8827056884766,0,65.1109330044236,0,71.7670469284058,140.91953531901,55.7761307358742,0,0,0,0,219.607131958008,127.212327575684,0,77.4389378138951,0,56.35429745276,205.288063049316,0,0,112.384350169789,78.0049215952555,86.1407315428828,0,182.828262329102,115.435989379883,143.28716023763,180.941579182943,37.2613630183907,74.2300504997595,71.8915844584358,172.367485046387,178.941032409668,0,72.3266264971565,116.363525390625,167.284271240234,100.918159484863
115.783365304129,54.8580173509462,24.892010520957,58.4599189758301,138.229383295233,132.1464440482,137.454391479492,128.436650944327,136.966141043038,131.424517782111,143.728520605299,31.3642910663888,177.421344898365,31.0995199483928,130.400087120083,153.570693969727,112.452778155987,25.8951325024361,28.4447925468733,30.994460447848,198.309409005301,108.150684356689,86.0740139076926,74.1259167758367,137.534043384774,40.5780801046462,12.3691813790022,35.5913762512404,132.046079822771,129.29694530551,110.706395939418,18.67206359304,122.090152393688,126.537383641952,60.7504367465463,181.004422701322,78.2203975284801,107.685828570023,63.404722669685,0,0,185.506790161133,170.74781363351,184.388358376243,193.020118713379,201.870951334635,109.677484709641,188.658142089844,100.083937422137,195.804953324167,202.87321472168,127.673757280622,102.422631460611,105.977877224193,101.813070724707,0,157.419878179377,118.364634094238,133.263934703355,183.804107666016,76.4624971243051,87.6296951475479,89.2937199404247,188.518650599888,172.567072841099,166.331277211507,114.275811397668,0,160.604674530029,111.714300812268
129.342752783148,35.7658517901851,29.2769693947576,45.6111198386668,128.950762067522,161.586201137967,140.534322446109,107.256752792312,141.939332580566,112.170284111269,132.222672294541,64.1460155399366,144.942994240003,41.7123443735507,141.742454158013,140.822844324502,28.0816908294424,61.4995058629412,62.6178100230446,63.5110978499858,155.562739562988,69.4521230625533,40.5331046883666,45.7770723913257,81.9493302638479,30.9440487495315,35.5913762512404,15.4347864343337,68.8707566627112,129.649903428769,105.548531748948,23.5582018738785,135.53308444553,124.656276527895,65.2670915906329,165.720078090452,55.6907202000819,89.9897949233894,50.8302287003173,190.374277750651,0,190.351196289062,159.491073801199,176.98471769568,153.238723209926,168.745959189086,116.253305328559,200.272094726562,99.1472183684731,176.867962176983,188.868316650391,99.8953393932125,101.056699131042,109.930654419482,106.283040232678,217.499599456787,132.61024021458,66.4343714543541,100.88781217132,148.699888275891,78.6041008234024,89.5856554282659,86.4418973453623,154.755877312813,176.970223681761,152.495577151059,124.165904716209,225.610743204753,145.749062076692,108.021328269959
76.9605382277519,120.961819240025,90.0919048282058,56.6829052559045,21.9734609523484,130.786797417535,74.2197374486432,31.4636727340995,87.2465537650856,56.3619325188039,30.955849057968,153.713932636356,51.9905195958178,164.80178242345,97.4014234100213,87.5893183704391,41.9266044949401,102.072730207291,164.179609934489,133.132759760884,35.5807127963856,26.0994783586797,54.9837745820116,55.5075814221061,24.1481620704878,156.822364807129,132.046079822771,68.8707566627112,13.3854208101595,87.0525972093855,51.8130526285362,182.683752441406,136.025926264321,66.3893079290203,74.7951239643481,134.912372224227,158.790597279867,158.472433625982,87.5646074251695,140.374088676891,207.098686218262,158.224798862065,129.331835359725,151.405695997638,96.9828689813614,162.047915895043,193.617801242405,123.295884278654,215.966791788737,151.734299332175,153.68253502479,108.98724491442,169.385630314893,0,194.074545053335,153.543226017671,124.559471405877,76.6879091926243,140.827281553354,110.270921359062,146.349044799805,171.699532699585,153.529960295283,129.267162153509,142.209081276603,123.485239515535,225.913650512695,184.294010925293,130.472623162091,141.839293720053
16.2449955473042,139.050198872884,128.002748354213,80.0001683602995,100.101071316263,29.316458873669,54.1117580502631,60.5646119817443,36.9813146329611,79.3485078516226,103.217422634379,71.3795265124306,110.012849374618,97.9318276864511,23.4503356675216,76.2317091440983,100.650378648625,97.6601657219833,120.052159150441,110.358447036638,108.694190201486,28.8822084830643,80.1812023683028,36.8403885647177,87.0052872179687,128.144802093506,129.29694530551,129.649903428769,87.0525972093855,9.51232505881555,29.5974049988175,108.637036837064,15.2979060032374,17.4673422825361,48.3116574513477,158.164640426636,139.530052185059,167.728464399065,115.072969718058,169.183162689209,0,186.887128656561,151.765510646027,178.125650506271,103.277759019719,177.133275689019,217.317437744141,130.724967507755,0,176.769902365548,164.390060424805,120.365787159313,189.854853862041,171.454010009766,194.957676937706,169.590968540737,142.593700014312,93.8514754836624,158.114528274536,132.048392843213,223.944183349609,173.1348279953,176.381252957374,143.860532098887,167.485472226276,145.738918575782,208.808746337891,212.96604309082,161.588862800598,173.455345817234
29.8797643259371,114.472831726074,91.8606646855672,62.0999266827693,83.2105453305128,111.329025268555,94.4183072057264,23.4078429938918,76.6450456979637,64.2932074271784,53.8289578260328,112.223681131999,117.156234196254,153.077396937779,58.5338225618998,97.9398193359375,71.2033411187011,62.7647304772716,126.868268330892,87.5137346474521,124.047753767534,22.1042513001805,59.6162023596283,49.2141685009198,74.4674544422715,147.952017890082,110.706395939418,105.548531748948,51.8130526285362,29.5974049988175,10.1419006569202,149.201313018799,129.332620794123,33.6726777954481,37.5156640666748,141.027021498907,137.864372253418,148.535007245613,86.8281311292327,155.640217590332,0,174.035995483398,135.338153952419,164.97346496582,92.7034427097866,174.078798467463,224.37516784668,0,0,163.631685492698,0,106.745925142193,165.738186427525,169.076248168945,181.699633084811,160.010202026367,120.735443611316,73.3420994835931,133.366787515035,116.099889677715,0,156.838027151007,152.517125310125,123.94466579327,149.321102842071,124.585781712259,0,193.770797729492,134.472603822366,139.228181934357
157.998886108398,73.988603394607,91.5625421860639,110.724364280701,0,104.462997436523,0,0,131.917938995361,146.02826722463,196.885749816895,39.3090314805024,176.827941894531,19.0219529788675,155.721736907959,183.651326497396,160.059432983398,83.7206474304199,55.1546194112227,61.7744940873031,167.412185668945,151.085561116536,108.5980124638,123.973541259766,153.215544267134,45.3814958650239,18.67206359304,23.5582018738785,182.683752441406,108.637036837064,149.201313018799,7.2723137096269,99.6723912556966,0,76.1897951554279,0,0,149.810676574707,72.1863294328962,0,0,0,218.040130615234,0,154.358535766602,0,119.052079200745,0,93.03177734375,206.049957275391,0,0,137.838072458903,108.314064679827,110.431062192333,0,0,0,0,214.944976806641,74.5180034637451,103.071203691531,100.691723895329,0,147.542770385742,0,104.968353271484,0,0,105.61487197876
92.8401365280151,112.812911987305,166.21829562717,126.401257324219,139.223281097412,9.01699827305513,28.580360417383,123.265427144368,21.8316062992772,126.554565429688,124.958254568917,60.0633264076053,117.839142434467,77.3040032998109,15.9267585369165,44.3495998451426,0,147.969386206733,101.284557342529,101.107139587402,126.035048411443,106.930534362793,117.645581563314,145.907804790296,125.652164459229,76.8827056884766,122.090152393688,135.53308444553,136.025926264321,15.2979060032374,129.332620794123,99.6723912556966,4.67331902036448,99.7706146240234,39.5505453512702,0,0,198.134338378906,0,0,0,0,191.676916503906,213.907867431641,0,208.301727294922,0,132.621059962681,0,215.836990356445,0,0,0,0,203.298126220703,223.876617431641,234.881332397461,157.903793334961,0,182.730519975935,0,0,132.193473815918,188.107284545898,205.846458435059,201.315846761068,0,0,211.709403991699,0
31.9298713740181,122.14453125,115.635998831855,70.5756105903451,79.1144795586081,61.9756908416748,94.6490913018948,69.482286736904,91.7722540123518,68.6173105120659,86.3927292430073,93.3711088025892,99.6478396329013,151.652151107788,43.9574478190878,89.2254159450531,84.5766970316569,98.4152921420425,150.830766296387,100.087381803072,95.9908452715192,56.8093283662228,64.7547191326435,78.4402463452569,74.1953315734863,0,126.537383641952,124.656276527895,66.3893079290203,17.4673422825361,33.6726777954481,0,99.7706146240234,7.52739782937623,28.7019356632364,138.079973856608,0,159.108600616455,116.943976084391,178.91189066569,0,152.462732950846,137.149121363023,153.35174407959,107.114839172363,161.073032545007,214.773228963216,211.714340209961,0,161.73199332101,203.110481262207,109.47662226359,173.127759660993,0,186.257235717773,140.447341918945,134.630546569824,74.1551691202017,150.340413180265,117.896762447757,0,176.016952514648,152.983667282831,129.457419725334,154.431920687358,125.879573039519,0,191.622817993164,150.378128051758,142.453958511353
72.1718105660792,73.9737524305071,60.7507186322994,76.4344376840899,99.0673503875732,38.6452701432364,76.892023243855,84.5859748961274,55.3504731028244,85.1030395332424,100.802774029549,30.5553983188383,103.456035835266,60.3932570677537,57.0239437126952,78.2390036185582,75.2087052459272,32.2887536256766,58.1455697708941,40.8168954869748,104.345162190548,48.0239374213102,67.1552208755956,47.6082586222601,89.7291677267567,65.1109330044236,60.7504367465463,65.2670915906329,74.7951239643481,48.3116574513477,37.5156640666748,76.1897951554279,39.5505453512702,28.7019356632364,12.2760299480343,157.71475897895,90.1015355727252,99.9402079732308,79.6985020005559,173.428756713867,0,180.453546377329,152.935892399525,174.377612801485,127.495347273977,171.869663238525,145.938624382019,107.969158935547,132.119064876011,172.151943566664,175.942138671875,114.633267375401,117.700009692474,132.955714702606,123.374209110553,244.744125366211,123.774673551672,75.6005166371663,114.518020824676,129.897451760634,113.860359736851,104.734968517138,101.693345835624,141.614326012177,167.235050727581,135.268620286669,135.190765380859,0,149.951354980469,129.931310810027
144.159693717957,0,172.669523451063,97.411536693573,173.795593261719,240.067260742188,161.05480617947,142.802340507507,168.756222679501,157.072668075562,179.526124572754,163.802673339844,167.2138671875,184.786677042643,164.618833269392,0,131.456186294556,176.927424112956,0,185.149163818359,229.749282836914,138.574118720161,113.636600494385,179.274631500244,125.726966741431,0,181.004422701322,165.720078090452,134.912372224227,158.164640426636,141.027021498907,0,0,138.079973856608,157.71475897895,12.695866895256,133.562552558051,117.412436066481,74.0728295892477,93.8925181973365,0,95.2720573743184,29.4167871884574,64.0527283370129,70.8410912813061,85.1928945996159,126.392372185076,113.941485881805,144.5140625,20.4707893293455,59.1294979519314,79.2828122919256,100.904488908922,140.785673777262,124.792791389447,105.363925933838,78.148394200709,84.2846585702205,94.910872232689,80.8928875753324,124.438372802734,120.005172796417,134.711469675476,81.9624143602385,18.6005977181819,29.3394396921486,159.807770385742,97.8806712938392,48.7286924105972,86.9445492782091
163.419733683268,63.2540918986003,57.1664447301551,0,0,0,0,165.31356048584,0,171.797691345215,146.568069458008,94.0445446968079,0,76.9570523775541,183.285766601562,129.009979248047,72.3056488037109,71.3218659550311,109.903816223145,80.399524797712,0,82.9751434326172,81.8362658364432,118.20049571991,128.640272521973,71.7670469284058,78.2203975284801,55.6907202000819,158.790597279867,139.530052185059,137.864372253418,0,0,0,90.1015355727252,133.562552558051,7.22997478347632,41.3824580907822,17.3214524159949,0,0,145.591139793396,124.85875584529,141.981854756673,72.8822326660156,130.951904296875,66.6394327016977,104.05146244594,41.4761790837997,149.432030172909,120.499986376081,80.8741252296849,54.9693840822146,66.5173432723336,58.7511166816062,0,94.7792644500732,26.3154363092208,76.9802576065063,81.0278079950921,18.1394777175329,43.2188475344194,24.3302741620051,112.7270703125,121.719723939896,114.83326043023,66.8446438653128,0,107.772316826714,60.612918989999
