8.54292626643974,108.248385342685,83.8954680279526,68.0145515714373,80.5359532165527,93.0185267130534,87.9056277121267,31.0519884639914,49.7657927928673,63.3260596535423,60.8695974162059,113.167725185178,67.7542333602905,149.919697570801,13.5003101226587,115.47765045166,85.0803057352702,85.6191660769998,124.986206837189,109.46616265014,77.6522722244263,64.7887382050474,68.4912397596571,79.3920876965551,74.9569861672141,137.33723449707,105.355480398451,112.082592895276,73.5021227105559,17.7019301441636,26.0599301506432,142.502197265625,69.4106550216675,27.720630830648,56.6824893568414,138.766407012939,147.552551269531,143.516732788086,83.6264419555664,0,0,133.337314605713,117.023998805455,154.986534812234,0,146.876174926758,198.342239379883,0,0,145.47889654977,0,120.882797241211,0,0,0,0,152.074714660645,122.951223373413,177.591873168945,120.463526518449,0,187.886082967122,162.021470206124,119.338555908203,134.273300170898,134.86048227946,0,188.877838134766,144.953186035156,157.61021270752
108.248385342685,9.57282661357068,35.7015336742838,18.6812384443353,107.936874389648,125.537118530273,134.725689974698,112.251105088454,114.823709375718,60.4523263202716,125.219191741943,56.3975155527999,106.31363067627,48.0186817628522,112.199210331358,112.052332136366,63.1953146914218,51.7803856771878,69.5750086749042,61.1584354141384,0,85.7837811424619,19.0348892224099,51.2078582017318,72.3760878197233,22.09458016794,45.5067527501723,26.6359209310747,93.4964730398996,109.133974136845,97.3263584260018,65.8815682151101,0,121.085060119629,62.7276008529151,0,113.159652709961,87.2325439453125,18.1089119576571,0,0,180.140522003174,128.601119995117,0,174.519973754883,0,0,0,87.5603704452515,0,0,0,85.3690582275391,0,113.093715667725,0,0,8.40791511535645,95.9515838623047,134.652980804443,69.0236638387044,109.713935279846,100.521059282364,0,175.018882751465,0,117.232184092204,0,0,124.347946166992
83.8954680279526,35.7015336742838,11.3013229296277,38.0235188209231,138.127928924561,132.661702473958,110.158631021132,85.9646461728804,105.061830017004,104.025771484375,105.366372632153,85.3719313772101,158.458475494385,80.137583748239,97.8122430375022,107.561651865641,90.8700360142907,41.1512181880851,83.3984890260558,70.1378313713074,177.424142456055,63.7330958118922,39.7273526741226,28.1703883734616,98.3846739684643,82.7598462785993,35.193826477631,30.0378491483112,74.455706655694,104.639217998912,73.4998635635425,82.8199243808011,148.409127807617,93.5616188844045,59.6677721664847,139.184439765082,76.6432253519694,82.3280785830334,49.7722210009423,180.117568969727,0,188.466457366943,139.697940874703,168.878761291504,128.040836334229,155.538156781878,122.186729431152,0,131.089107513428,157.486259460449,0,114.03914642334,103.138684945513,133.648864746094,129.669371895168,0,111.448134002686,87.4503998529343,100.42175757806,148.955144781815,118.352752685547,102.345840765505,85.881985977567,144.137737736557,170.349334716797,130.003186689104,128.702968597412,0,130.03849029541,101.991852722168
68.0145515714373,18.6812384443353,38.0235188209231,14.9491257845741,57.1373375518413,142.424812316895,72.9418723099715,65.4988326460487,77.6101005390219,35.8666172400598,73.2441681692176,64.3351998988206,81.2293372270538,41.6862278368006,82.8852340017046,84.3382656790993,35.5763271691711,56.8114393410033,66.2252627478705,69.1715447611925,63.5507954597473,53.6540814071894,25.1231718809233,47.7194324257707,38.4410352849932,21.4550903830902,50.4738914593089,36.0507263884414,52.9833487683237,75.5452203060451,57.4188347537418,62.4018539428711,115.399626731873,60.8680307019141,60.9458770974255,83.2298629760742,46.9497973918915,54.8384489171645,8.81730613008488,135.686164855957,0,113.554902648926,90.3237482343401,105.087016877674,70.1845556894938,98.8030448489719,100.812790679932,65.1795806884766,68.7474069595337,104.11086049894,44.9822158813477,65.0857743984315,75.7457753197621,95.3015357971191,66.936084424035,121.456424713135,72.2409850611831,20.82262570858,62.3129977665696,60.3451247348964,44.1015363420759,62.3012872019122,58.4048516790072,72.1196611287208,105.406480667439,82.3848589897156,78.0061264038086,0,88.8599119186401,79.7881423351811
80.5359532165527,107.936874389648,138.127928924561,57.1373375518413,8.13172945452038,103.785427093506,59.5142646564378,56.1268362265367,90.0674243829189,42.3471915604638,18.3942412550718,145.301414489746,23.3984383379737,166.789855957031,95.1120406851118,64.1178788405198,69.2059656778971,137.585192108154,0,180.956659952799,12.5393229084454,93.7571245829264,76.876754283905,103.636482932351,21.4371187057451,0,155.561127002423,112.519509039985,13.1700674101273,89.2235508503887,91.5291421413422,0,120.995165506999,77.3194077014923,90.4187385397898,175.837501525879,0,176.74089050293,76.414482239754,44.5305127067566,192.386749267578,123.802363652768,114.224451541901,134.084166124132,75.5113845918237,126.330148531761,0,31.6461229310794,0,160.18578338623,91.0037175496419,101.528282165527,207.336029052734,205.632583618164,0,79.1018453148322,0,103.226518249512,179.589057922363,81.4089072039461,0,180.442962646484,134.761772155762,111.072532111651,164.906105041504,150.370578765869,0,0,135.76371383667,144.281169346401
93.0185267130534,125.537118530273,132.661702473958,142.424812316895,103.785427093506,6.26370349336569,13.6922691257958,105.556247711182,15.0545437639052,58.0568432185961,111.129285049438,51.3430012274968,69.3132626724243,88.1676063537598,19.0293293600806,12.7883321351112,81.7448654174805,148.991032409668,98.5606018066406,166.44361114502,103.234473733341,0,89.3505541483561,0,84.9810360875623,150.330993652344,142.858422756195,148.71243540446,110.165670394897,19.265516284265,117.496030807495,111.677029418945,8.94567653073733,0,30.5614568574941,0,111.043823242188,0,113.751403808594,0,0,127.709175109863,183.624130249023,0,0,134.041931152344,0,0,0,186.918304443359,0,0,177.763717651367,0,0,120.458683013916,0,0,0,128.498332977295,0,0,0,174.673492431641,0,0,0,0,0,0
87.9056277121267,134.725689974698,110.158631021132,72.9418723099715,59.5142646564378,13.6922691257958,9.424254230777,46.7354613901663,19.110447773072,65.251926092128,22.6356778255645,72.0198880169843,23.6211423748425,135.186482535468,32.6983714092628,13.5657693064604,106.014156542326,125.881404792561,141.508362543015,139.075274676811,39.7956175513349,92.038717534807,90.8472284803204,100.71084154174,75.0986982809132,163.286521911621,135.937382456623,134.499513293069,67.2517466354222,55.7118388294504,100.008786160722,159.784509658813,12.9260666382948,109.242313861847,63.2462414751281,157.236646379743,0,165.345121383667,106.448918392784,140.481544876099,0,140.863764978904,126.629367173776,147.008652430147,85.9943756103516,141.173139035123,218.86498260498,80.5065018913963,238.345840454102,157.568505615234,117.992372512817,146.856700897217,227.305038452148,0,216.197578430176,143.47141962466,208.966059366862,129.921045091417,177.780862535749,111.987274478731,0,182.311340332031,176.78971862793,127.798120482575,168.02436312162,150.483727010091,0,0,166.071577072144,163.059895050831
31.0519884639914,112.251105088454,85.9646461728804,65.4988326460487,56.1268362265367,105.556247711182,46.7354613901663,8.76468550731591,49.3750652877472,56.192673038301,18.9698657875908,140.731744130452,58.3773593799488,151.93717956543,39.1506624922172,74.2705689838954,83.3335128494456,100.762313442419,158.952257596529,134.825496787796,68.9016998563494,66.2086966729696,79.8032251652455,70.8961041933273,58.6909666456126,136.750373840332,116.526525191839,108.444061214121,28.5166525820135,66.2582378437325,16.2995091168105,151.363761098761,112.970366104789,68.3639379243319,79.6525005392565,137.514317989349,139.645401000977,156.978525797526,91.9330464601517,138.201895713806,0,129.581827897292,125.698183147724,131.944925016515,84.515601348877,127.841211925853,184.174743652344,131.051105499268,0,148.839396122524,147.148574829102,139.710708618164,164.675318036761,0,185.181991577148,134.040753981646,152.171346028646,125.971659342448,148.836729621887,100.068611834682,0,182.249693128798,158.578028843321,119.279956959966,150.755396993537,137.36528968811,224.21728515625,0,143.38483581543,149.774133855646
49.7657927928673,114.823709375718,105.061830017004,77.6101005390219,90.0674243829189,15.0545437639052,19.110447773072,49.3750652877472,10.3585797878482,74.0481458740234,33.2141605250497,76.6029804623316,74.1125836977499,131.063589620066,16.241502477253,19.9631836544491,121.192048390706,115.439918164674,138.001115341187,133.541855017344,83.384580187831,89.0459399040785,88.5986592461081,96.2979443069984,83.2842821135397,147.968519210815,129.482309553924,129.337740642841,79.183497175302,34.6449917573511,65.8933168143903,153.507828480489,24.5781199331712,115.1206870185,55.1690345432447,154.515400074146,168.893783569336,169.897417405072,108.280538716036,149.859166463216,0,148.055559547202,135.043839471189,151.010241007067,139.942850385393,146.401166359584,243.719451904297,130.298851013184,231.570739746094,161.868087286698,151.69282023112,179.572402954102,202.311576843262,0,192.835047403971,153.798939791593,159.996036529541,122.593510627747,177.833297184535,120.742619576072,0,197.4398324149,173.609488725662,130.382403824577,166.535480499268,147.856681200923,0,203.394805908203,146.952551705497,159.912458066587
63.3260596535423,60.4523263202716,104.025771484375,35.8666172400598,42.3471915604638,58.0568432185961,65.251926092128,56.192673038301,74.0481458740234,7.7003641242585,66.0286327516901,118.289465308189,12.716204121383,112.885665870152,84.5592947115843,21.9770119557302,60.5813152676537,112.278386811952,123.270330810547,126.292296273368,30.0072358514845,69.225773377852,23.0301610180485,98.3486670416755,19.3524550576125,94.5710327458118,116.795051401312,101.150797903955,47.257388878397,81.5687897366831,60.6116817358768,130.983632521196,94.5661239624023,75.3613692522049,86.5068311798439,0,0,143.524307250977,72.3375197649002,81.8807106018066,0,109.71585559845,100.838196754456,114.393920898438,37.6905784077115,96.9585937923855,0,59.1699590682983,150.326836268107,129.519957224528,54.3684921264648,0,0,205.828460693359,0,86.6842211673134,0,106.930000305176,111.034477233887,54.8063248287548,0,166.102961222331,163.973147759071,87.9032343848277,155.315704345703,126.026187896729,164.058433532715,0,108.57389831543,148.665536880493
60.8695974162059,125.219191741943,105.366372632153,73.2441681692176,18.3942412550718,111.129285049438,22.6356778255645,18.9698657875908,33.2141605250497,66.0286327516901,10.6716779458132,135.95052867033,21.4632196321059,171.070379638672,57.6914797186491,72.8126060130984,92.7121200561523,143.407490075153,191.653605143229,166.7136326242,17.6153717588262,91.2801281143637,96.5039899760279,100.08945615475,63.3010880556197,160.957153320312,143.16999097059,128.932408582899,27.2828018526408,84.8520025731418,90.9545608300429,195.434200286865,108.58844432425,89.5353244199591,88.3002071503406,153.651271820068,161.760543823242,202.04280090332,98.3654999616669,131.168014924918,0,136.224922992993,126.292663220538,144.982677314395,96.4632341003418,136.991395428133,0,114.316894054413,207.012680053711,165.074832556383,110.999486796061,155.692050298055,188.819595336914,0,0,136.688783226944,141.357421875,128.034844970703,152.72793006897,101.0599660507,189.117401123047,199.042572021484,180.726085117885,124.384388876962,161.767919783159,153.597987651825,0,216.092300415039,0,161.503148180373
113.167725185178,56.3975155527999,85.3719313772101,64.3351998988206,145.301414489746,51.3430012274968,72.0198880169843,140.731744130452,76.6029804623316,118.289465308189,135.95052867033,11.924316870483,130.401515112983,22.9227203151766,72.4732997546247,112.670653025309,133.304143269857,52.9142106033713,20.5539915558794,20.9329591199318,136.962252298991,99.4338714735849,82.1325274950837,85.692698876063,134.944796153477,25.8467551280522,20.7781596040983,63.1923783964682,138.010078938802,64.3035258794848,106.107130293413,20.9656132564475,49.6811287502073,90.5617539710605,23.6429607911896,172.934394836426,92.8995107014974,125.989297485352,69.0190037621392,0,0,0,181.692016601562,0,139.16194152832,220.02490234375,88.4470386505127,0,78.9932256845327,206.167404174805,0,0,127.102709960938,89.9222272675613,113.300315493629,0,151.545265197754,109.392654418945,166.473987579346,197.530456542969,64.1442057745797,89.0053930095598,100.052900675723,189.035110473633,203.721138000488,181.737449645996,98.3918258666992,0,0,127.81238861084
67.7542333602905,106.31363067627,158.458475494385,81.2293372270538,23.3984383379737,69.3132626724243,23.6211423748425,58.3773593799488,74.1125836977499,12.716204121383,21.4632196321059,130.401515112983,9.02730002372096,152.921798706055,91.3254217273812,15.487143753286,83.1070709228516,165.486260806813,151.116943359375,143.727057320731,12.8695008717838,135.418047124689,76.9227728410201,135.597195943197,22.5969448439041,128.826725769043,168.844095865885,140.296829522825,46.8536189881707,94.1462422916237,103.1561571757,173.371287027995,96.1915706089565,91.0681940714518,91.4675481099724,162.412572224935,0,0,83.7116584777832,121.570403235299,0,138.604494730632,136.4517121315,159.467807167455,79.9894989013672,136.712992854235,0,13.1361682810314,181.108596801758,163.793879191081,104.016949393532,0,216.428802490234,0,0,107.4596356028,0,143.119232177734,0,102.751035021497,0,181.702590942383,190.116275787354,126.55187064723,178.636740112305,0,0,0,153.597381591797,171.519195556641
149.919697570801,48.0186817628522,80.137583748239,41.6862278368006,166.789855957031,88.1676063537598,135.186482535468,151.93717956543,131.063589620066,112.885665870152,171.070379638672,22.9227203151766,152.921798706055,7.77856495841098,117.031302558051,146.725373701616,119.511956787109,81.6458332923151,45.2378004129651,69.6959998941867,0,139.864459644664,78.9149373667423,111.18081342257,130.691814500458,19.7507431529345,40.046117823611,36.2757242892453,147.701863182916,114.349986757551,141.752675836737,13.1017361630099,64.8001584139737,177.560317993164,54.919534925981,169.406986236572,92.6328557332357,134.297679138184,39.5781989655766,0,0,187.898590087891,166.973564147949,217.621566772461,134.238352094378,205.393417358398,90.3900900341216,0,65.8964435520457,175.89892578125,0,175.195983886719,119.055917491084,94.1789305930914,104.551467418671,0,0,125.561045510428,152.524597167969,162.434926350911,50.3095457884256,90.6765517173929,93.9232188644409,190.32373046875,0,159.218444824219,86.1467634051034,0,0,117.740922927856
13.5003101226587,112.199210331358,97.8122430375022,82.8852340017046,95.1120406851118,19.0293293600806,32.6983714092628,39.1506624922172,16.241502477253,84.5592947115843,57.6914797186491,72.4732997546247,91.3254217273812,117.031302558051,8.65434094077525,42.1023941365155,118.946184331721,101.89692103976,128.183652398045,122.798346645642,96.4087466769748,83.9429564130655,95.1764823010093,90.8784769647853,91.6595003165762,134.033222198486,122.260916846341,123.447057785279,84.2701445373248,19.35229016844,47.8318119200776,144.923564189189,18.5718955199989,54.0001776165432,43.9800551229702,163.351419067383,0,162.213279137245,104.713004724303,169.989547729492,0,172.760848999023,152.038138462947,163.303821563721,128.572992324829,161.96322183048,227.165176391602,172.846466064453,0,174.867164732918,0,154.509983062744,171.642295837402,0,189.95597076416,187.8381892613,135.436609649658,121.677719116211,163.347804114932,136.436720633292,133.838550567627,189.704483032227,167.205973991981,138.679498216583,169.663338510614,156.783323141245,0,0,139.277660369873,157.182026949796
115.47765045166,112.052332136366,107.561651865641,84.3382656790993,64.1178788405198,12.7883321351112,13.5657693064604,74.2705689838954,19.9631836544491,21.9770119557302,72.8126060130984,112.670653025309,15.487143753286,146.725373701616,42.1023941365155,7.27456089550326,94.1872329711914,125.547985712687,161.536270141602,170.296269008092,49.7771446884319,96.5945320129395,73.4974037709862,126.655891418457,45.2383126133964,133.799580256144,149.032889335386,134.158047616482,72.5923135219476,82.4020601908366,91.9839312235514,160.09267171224,34.9500153213739,97.1856937408447,83.0541371663411,0,0,0,86.0566266377767,88.5406867980957,0,121.505655288696,156.589294433594,129.446746826172,55.869481086731,121.206155141195,0,105.263578414917,196.583122253418,158.766441345215,62.7086410522461,0,0,0,0,95.9894151687622,170.476745605469,0,0,85.1301353772481,0,0,183.257507324219,110.736557006836,0,0,236.46354675293,0,0,132.696968078613
85.0803057352702,63.1953146914218,90.8700360142907,35.5763271691711,69.2059656778971,81.7448654174805,106.014156542326,83.3335128494456,121.192048390706,60.5813152676537,92.7121200561523,133.304143269857,83.1070709228516,119.511956787109,118.946184331721,94.1872329711914,10.8651724153557,95.3407545667706,128.407680511475,114.830697901109,84.6563212076823,20.4377874841631,28.3019733476176,18.1054581656191,29.1953091060255,94.7559766769409,106.722154362996,25.4879214943161,39.722945490805,89.8612518310547,68.7632858585769,136.171139187283,0,78.9910292448821,72.2432900925129,95.9959716796875,0,121.947523117065,63.6328461428723,0,0,157.823593139648,127.929489983453,157.555844116211,0,231.857650756836,0,0,0,144.355000813802,0,91.3671989097252,126.310522715251,170.361267089844,163.196311950684,0,101.543396184474,49.9564269601482,96.1517006877001,100.397322336833,0,168.18469456264,111.672506305533,104.528860473633,136.957313537598,105.455811663372,0,0,109.477732340495,114.666812744141
85.6191660769998,51.7803856771878,41.1512181880851,56.8114393410033,137.585192108154,148.991032409668,125.881404792561,100.762313442419,115.439918164674,112.278386811952,143.407490075153,52.9142106033713,165.486260806813,81.6458332923151,101.89692103976,125.547985712687,95.3407545667706,9.12422427309748,53.9857838294806,24.8732582211665,162.802697317941,52.426382301659,74.4113069000829,30.890021084749,115.809907451612,81.3912258148193,34.3374996938203,64.1359018532862,109.132726316099,90.4086822524844,64.1454279671736,90.9838748345008,142.212203979492,75.9119278794035,34.6651658853189,157.678421020508,90.2251478830973,98.0569059423498,76.8950355012538,0,0,216.398111979167,161.391491844541,186.267879486084,0,186.31595993042,155.440307617188,0,143.671092224121,182.227326202393,0,132.335770827073,114.105675753425,130.237859090169,126.611305600121,0,132.581538551732,118.08666405311,120.676062768744,156.697540976784,142.231369018555,110.186152271389,100.009611728465,172.202894064096,168.142288208008,148.51979192098,0,0,149.592864990234,116.745192076031
124.986206837189,69.5750086749042,83.3984890260558,66.2252627478705,0,98.5606018066406,141.508362543015,158.952257596529,138.001115341187,123.270330810547,191.653605143229,20.5539915558794,151.116943359375,45.2378004129651,128.183652398045,161.536270141602,128.407680511475,53.9857838294806,5.47949567864289,13.8933273509126,0,103.520251105813,103.279777526855,93.9366014588554,152.798315865653,44.8420902598988,23.2745134054436,60.1537195830118,144.125420706613,120.731274564501,118.165351473052,51.6933293122512,92.0866114298503,106.493978647085,62.540668799327,196.677444458008,137.438171386719,121.238408406576,85.9121997833252,0,0,0,186.310180664062,0,195.985946655273,0,103.985745021275,0,94.0795356487406,0,0,0,124.191123962402,105.741336149328,110.166741027832,0,0,0,149.96012878418,0,76.8909808567592,101.047545162248,103.914890825748,0,162.958648681641,151.161636352539,97.6287479400635,0,0,138.353961651142
109.46616265014,61.1584354141384,70.1378313713074,69.1715447611925,180.956659952799,166.44361114502,139.075274676811,134.825496787796,133.541855017344,126.292296273368,166.7136326242,20.9329591199318,143.727057320731,69.6959998941867,122.798346645642,170.296269008092,114.830697901109,24.8732582211665,13.8933273509126,9.78613270984489,159.467247009277,84.1007338814113,97.6516991473259,73.3335043210595,138.300915245871,41.6070795306912,30.7683816832949,64.9841026267972,134.383451550212,108.45556976044,93.1785533137609,66.757151757217,98.4311332702637,91.154784115878,41.4004172464179,152.030263264974,100.64808400472,113.760171813965,88.862021446228,0,0,0,182.312078857422,187.495956420898,165.073387145996,206.735778808594,103.62855275472,0,108.69098628651,192.95198059082,0,146.892196655273,121.133172450921,104.6863972057,107.846055956854,0,186.206275939941,132.393536885579,138.882107127797,206.875452677409,93.7642233106825,101.727085178181,104.263748607897,196.866123199463,0,162.941704489968,116.617805480957,0,163.619277954102,117.605994056253
77.6522722244263,0,177.424142456055,63.5507954597473,12.5393229084454,103.234473733341,39.7956175513349,68.9016998563494,83.384580187831,30.0072358514845,17.6153717588262,136.962252298991,12.8695008717838,0,96.4087466769748,49.7771446884319,84.6563212076823,162.802697317941,0,159.467247009277,12.6357869052783,122.520357131958,118.961235046387,127.041933695475,19.0656203237193,0,172.730167388916,161.848091634115,26.9127470720566,95.2611080182351,123.098276774089,0,119.170822143555,92.908447265625,91.4425846469018,181.401824951172,0,0,83.9369799296061,123.047153141188,0,134.415885261867,128.350028686523,148.341548804081,82.1335140409924,134.5120504838,0,28.1239927614698,240.046600341797,167.113163842095,97.477108001709,162.997451782227,240.724273681641,0,0,130.459111531576,0,134.616073608398,0,94.2883921285999,0,0,161.286166381836,122.18182359662,160.166761779785,157.082667759487,0,0,0,159.336441040039
64.7887382050474,85.7837811424619,63.7330958118922,53.6540814071894,93.7571245829264,0,92.038717534807,66.2086966729696,89.0459399040785,69.225773377852,91.2801281143637,99.4338714735849,135.418047124689,139.864459644664,83.9429564130655,96.5945320129395,20.4377874841631,52.426382301659,103.520251105813,84.1007338814113,122.520357131958,13.071942690474,51.0032449224507,32.6590639402606,37.2299053015774,110.886110578265,107.136069146756,77.6938868593235,28.353908886878,47.367760146321,33.5572476265226,161.494903564453,113.13646697998,54.7286954966271,48.1217296578308,114.120140477231,0,126.771283285958,63.7228942505301,0,0,180.681064605713,129.612422943115,156.31036529541,0,168.579142252604,199.725860595703,0,0,143.929382324219,0,104.793621426537,152.96625773112,0,167.2509765625,0,106.036884038135,61.7040127701496,117.088945238214,114.300889078776,0,173.600050608317,125.627515672128,103.726072196501,131.869818914504,110.045783930811,0,0,122.409590657552,117.923324902852
68.4912397596571,19.0348892224099,39.7273526741226,25.1231718809233,76.876754283905,89.3505541483561,90.8472284803204,79.8032251652455,88.5986592461081,23.0301610180485,96.5039899760279,82.1325274950837,76.9227728410201,78.9149373667423,95.1764823010093,73.4974037709862,28.3019733476176,74.4113069000829,103.279777526855,97.6516991473259,118.961235046387,51.0032449224507,7.60096389604861,46.2070577057003,24.1358487438802,62.7789912592605,81.4320193285133,35.9613835375328,53.0481621912284,77.538060023132,59.4646758617917,92.9529584558999,110.870872497559,66.4970764584012,64.0301623901764,0,208.846206665039,82.8847040922745,7.95750985651538,0,0,126.953167724609,140.661022949219,150.685674031576,0,142.729202270508,0,0,109.846641091739,149.124674479167,0,53.2790881886202,108.642366136823,0,137.763513565063,0,71.5740886264377,6.98595664602645,59.4281427352155,86.6311843395233,105.924264907837,135.894277572632,74.0396501847676,106.804050304272,121.513163248698,74.2708587646484,137.719802856445,0,0,90.0516576131185
79.3920876965551,51.2078582017318,28.1703883734616,47.7194324257707,103.636482932351,0,100.71084154174,70.8961041933273,96.2979443069984,98.3486670416755,100.08945615475,85.692698876063,135.597195943197,111.18081342257,90.8784769647853,126.655891418457,18.1054581656191,30.890021084749,93.9366014588554,73.3335043210595,127.041933695475,32.6590639402606,46.2070577057003,17.0995081875513,62.0462899914634,94.3526865641276,64.2255605382457,46.4563494207182,48.059166833078,82.9439338748679,48.9499260723046,113.520708637853,141.430358886719,66.5628995060921,51.7518249535076,143.980433377353,93.6270802815755,89.8570792170057,60.5725787491634,0,0,171.685307312012,143.040861129761,166.523329109981,0,166.226116853602,143.679718017578,0,197.587783813477,164.531287900863,0,98.9214604613865,117.968109300401,0,163.812292832595,0,108.515116480296,57.7835461534773,100.977346186453,134.500172615051,0,143.117195541794,95.9952013744571,131.890401589243,172.462555595066,128.463425159454,210.56307220459,0,121.781661987305,114.875941332649
74.9569861672141,72.3760878197233,98.3846739684643,38.4410352849932,21.4371187057451,84.9810360875623,75.0986982809132,58.6909666456126,83.2842821135397,19.3524550576125,63.3010880556197,134.944796153477,22.5969448439041,130.691814500458,91.6595003165762,45.2383126133964,29.1953091060255,115.809907451612,152.798315865653,138.300915245871,19.0656203237193,37.2299053015774,24.1358487438802,62.0462899914634,9.41528956354919,104.356069628824,120.777400211735,81.0390022993847,16.8645033156317,84.2977187349717,68.3466347680576,140.183941947089,118.98764592951,72.6908113948202,89.6257097073414,120.860330061479,116.401794433594,145.964273369831,66.8274027923417,94.4209679452997,0,114.085625003707,106.066284150568,121.871301157979,61.5487591725475,107.427503807349,196.503289794922,99.5841966577478,179.811505126953,131.578091539332,63.5026943206787,143.429200744629,166.263949439639,0,175.242568969727,105.824850994608,114.190124511719,103.438283505647,139.732094446818,68.8850271891779,177.412086486816,172.907852866433,143.534670908517,98.9842358077544,134.749528175177,122.405910915799,203.149284362793,171.463333129883,118.666227589483,128.110909362793
137.33723449707,22.09458016794,82.7598462785993,21.4550903830902,0,150.330993652344,163.286521911621,136.750373840332,147.968519210815,94.5710327458118,160.957153320312,25.8467551280522,128.826725769043,19.7507431529345,134.033222198486,133.799580256144,94.7559766769409,81.3912258148193,44.8420902598988,41.6070795306912,0,110.886110578265,62.7789912592605,94.3526865641276,104.356069628824,9.62356771739374,39.889414412252,18.3441753092082,118.016389846802,134.985163601962,141.023403167725,42.3706975195143,59.5640258789062,134.845962524414,63.1382655189151,146.229156494141,78.7313051859538,0,30.9799507467786,0,0,189.564010620117,157.533843994141,0,123.848426818848,0,87.9428073658663,0,55.8676455508579,139.356735229492,196.052871704102,0,103.500470479329,70.4175345284598,85.8299257278442,0,0,101.339262742263,142.563125610352,173.372184753418,31.9734469095866,69.2083605317508,73.7017460089887,197.364944458008,0,132.972915649414,71.7157635605126,0,0,87.8604337904188
105.355480398451,45.5067527501723,35.193826477631,50.4738914593089,155.561127002423,142.858422756195,135.937382456623,116.526525191839,129.482309553924,116.795051401312,143.16999097059,20.7781596040983,168.844095865885,40.046117823611,122.260916846341,149.032889335386,106.722154362996,34.3374996938203,23.2745134054436,30.7683816832949,172.730167388916,107.136069146756,81.4320193285133,64.2255605382457,120.777400211735,39.889414412252,15.7405622712134,39.097310591119,120.936225216563,116.171060414761,100.387314867664,26.2678860552494,98.8356189727783,111.883677816799,63.1584899484601,159.664800008138,98.3327291352408,92.5074692373201,68.2384581948347,0,0,221.498474121094,162.732762230767,185.342389424642,142.323391723633,204.883224487305,104.142339777063,181.417556762695,91.513749239473,171.650760650635,203.734252929688,136.565900802612,102.674467691561,99.5196510901818,97.7537412224961,170.443328857422,146.271064758301,123.294838968913,133.250455690467,163.635437965393,73.459509738656,92.4605540660578,93.1320307912408,170.909503609794,164.273962656657,157.770304293246,103.584164966236,0,139.750213623047,111.782092931319
112.082592895276,26.6359209310747,30.0378491483112,36.0507263884414,112.519509039985,148.71243540446,134.499513293069,108.444061214121,129.337740642841,101.150797903955,128.932408582899,63.1923783964682,140.296829522825,36.2757242892453,123.447057785279,134.158047616482,25.4879214943161,64.1359018532862,60.1537195830118,64.9841026267972,161.848091634115,77.6938868593235,35.9613835375328,46.4563494207182,81.0390022993847,18.3441753092082,39.097310591119,15.6584076309152,80.1360189529209,119.796441314244,101.335116760779,31.8693272609854,132.381254196167,106.163307787636,63.9853122346306,156.005998478379,90.9362293366463,88.0124582795393,52.5666978486827,188.441416422526,0,174.208770751953,149.680157023265,178.870876312256,161.34372652494,172.205023060674,104.923116778383,0,92.0964304441782,168.278521982829,186.81636428833,109.232810825978,104.923590861652,100.464224754864,101.24837961024,185.176417032878,122.671372684432,74.7485556552285,103.115642425609,150.030762329102,69.0342981417974,91.8383895517985,91.2916641766136,146.47212487793,158.900649756716,144.990469920484,102.353207527323,244.387359619141,145.38078508879,108.08555372706
73.5021227105559,93.4964730398996,74.455706655694,52.9833487683237,13.1700674101273,110.165670394897,67.2517466354222,28.5166525820135,79.183497175302,47.257388878397,27.2828018526408,138.010078938802,46.8536189881707,147.701863182916,84.2701445373248,72.5923135219476,39.722945490805,109.132726316099,144.125420706613,134.383451550212,26.9127470720566,28.353908886878,53.0481621912284,48.059166833078,16.8645033156317,118.016389846802,120.936225216563,80.1360189529209,11.1008499576832,79.0722146872987,45.0145834545596,148.10191199893,121.009496835562,63.2832096387202,69.9688866789268,123.991614689903,209.818222045898,153.820538571006,78.5657069579415,120.865027141571,0,122.713842890813,111.779454632535,130.69609903947,80.9671842787001,124.423716646285,219.13610458374,110.577164774356,220.821781158447,138.925948693886,93.4086439344618,113.451090567453,167.698126983643,238.204467773438,192.515889485677,125.753072620493,119.437913985479,97.8625030517578,137.358609437943,83.1140756997195,0,183.185896737235,143.302966195566,106.501592186528,136.021691442693,120.785639052423,0,176.930953979492,118.3301614832,134.852514747682
17.7019301441636,109.133974136845,104.639217998912,75.5452203060451,89.2235508503887,19.265516284265,55.7118388294504,66.2582378437325,34.6449917573511,81.5687897366831,84.8520025731418,64.3035258794848,94.1462422916237,114.349986757551,19.35229016844,82.4020601908366,89.8612518310547,90.4086822524844,120.731274564501,108.45556976044,95.2611080182351,47.367760146321,77.538060023132,82.9439338748679,84.2977187349717,134.985163601962,116.171060414761,119.796441314244,79.0722146872987,9.40639591882121,25.7755965762874,130.954618974165,8.64160448739392,13.8007073014115,29.0899226157414,135.326014709473,0,136.927118028913,90.2237686064185,154.851496378581,0,157.412734440395,142.708228061074,160.512521826703,162.233606338501,166.605951436361,208.704132080078,155.528361002604,0,164.235191837434,0,127.680469512939,170.84203338623,0,192.74538675944,164.710703531901,136.694332667759,156.009344100952,169.77721862793,129.62529909888,216.252304077148,193.751708984375,171.232032444166,133.39447373421,157.992198077115,143.449867248535,225.409561157227,185.495025634766,136.970008850098,152.103954042707
26.0599301506432,97.3263584260018,73.4998635635425,57.4188347537418,91.5291421413422,117.496030807495,100.008786160722,16.2995091168105,65.8933168143903,60.6116817358768,90.9545608300429,106.107130293413,103.1561571757,141.752675836737,47.8318119200776,91.9839312235514,68.7632858585769,64.1454279671736,118.165351473052,93.1785533137609,123.098276774089,33.5572476265226,59.4646758617917,48.9499260723046,68.3466347680576,141.023403167725,100.387314867664,101.335116760779,45.0145834545596,25.7755965762874,9.90137184973001,155.976890563965,85.6565526326497,36.8187883040283,39.7682762360225,128.543573856354,0,135.432593078613,74.5136833724442,0,0,175.638412475586,128.34244740804,154.324534606934,107.729734420776,199.619633992513,209.944381713867,124.363304138184,0,145.463929383651,0,117.741159439087,158.83846282959,235.776123046875,0,163.117858886719,112.594520926476,67.68330263624,129.654754759773,110.593964894613,0,143.445327758789,147.736149136982,114.297415461406,138.717610106176,119.228611193205,0,0,128.906460898263,131.134403892185
142.502197265625,65.8815682151101,82.8199243808011,62.4018539428711,0,111.677029418945,159.784509658813,151.363761098761,153.507828480489,130.983632521196,195.434200286865,20.9656132564475,173.371287027995,13.1017361630099,144.923564189189,160.09267171224,136.171139187283,90.9838748345008,51.6933293122512,66.757151757217,0,161.494903564453,92.9529584558999,113.520708637853,140.183941947089,42.3706975195143,26.2678860552494,31.8693272609854,148.10191199893,130.954618974165,155.976890563965,7.84508980714081,91.2017883300781,154.658622741699,71.0217504745875,190.782684326172,121.097625732422,132.314783096313,65.4554849682432,0,0,193.126007080078,230.487030029297,0,147.78883972168,0,97.1929518755745,0,86.1116339654634,0,0,0,131.888672722711,104.917087451832,109.656164768764,0,0,128.879163742065,176.746564229329,240.742599487305,69.0722600535343,98.5958473205566,104.391149537753,0,201.289031982422,0,98.2268401554653,0,0,119.536346435547
69.4106550216675,0,148.409127807617,115.399626731873,120.995165506999,8.94567653073733,12.9260666382948,112.970366104789,24.5781199331712,94.5661239624023,108.58844432425,49.6811287502073,96.1915706089565,64.8001584139737,18.5718955199989,34.9500153213739,0,142.212203979492,92.0866114298503,98.4311332702637,119.170822143555,113.13646697998,110.870872497559,141.430358886719,118.98764592951,59.5640258789062,98.8356189727783,132.381254196167,121.009496835562,8.64160448739392,85.6565526326497,91.2017883300781,4.88072235132913,0,29.0142036225163,0,0,0,111.695526123047,0,0,0,0,0,0,0,0,0,0,0,0,0,0,0,0,0,0,0,0,150.37712097168,0,173.733516693115,0,175.665100097656,228.964065551758,0,0,0,0,216.617935180664
27.720630830648,121.085060119629,93.5616188844045,60.8680307019141,77.3194077014923,0,109.242313861847,68.3639379243319,115.1206870185,75.3613692522049,89.5353244199591,90.5617539710605,91.0681940714518,177.560317993164,54.0001776165432,97.1856937408447,78.9910292448821,75.9119278794035,106.493978647085,91.154784115878,92.908447265625,54.7286954966271,66.4970764584012,66.5628995060921,72.6908113948202,134.845962524414,111.883677816799,106.163307787636,63.2832096387202,13.8007073014115,36.8187883040283,154.658622741699,0,7.76273755401606,33.0718787110888,126.263503074646,0,153.594535827637,69.6063972473144,0,0,134.158828735352,134.611725440392,158.312618255615,120.12425994873,138.710231781006,0,0,0,164.075597909781,0,115.190518697103,168.795677185059,0,187.080444335938,0,104.962233225505,77.8391621907552,155.336772918701,116.313332644376,0,0,157.254736582438,121.232690117576,144.063250541687,134.228449249268,197.806015014648,0,113.066734313965,158.305951799665
56.6824893568414,62.7276008529151,59.6677721664847,60.9458770974255,90.4187385397898,30.5614568574941,63.2462414751281,79.6525005392565,55.1690345432447,86.5068311798439,88.3002071503406,23.6429607911896,91.4675481099724,54.919534925981,43.9800551229702,83.0541371663411,72.2432900925129,34.6651658853189,62.540668799327,41.4004172464179,91.4425846469018,48.1217296578308,64.0301623901764,51.7518249535076,89.6257097073414,63.1382655189151,63.1584899484601,63.9853122346306,69.9688866789268,29.0899226157414,39.7682762360225,71.0217504745875,29.0142036225163,33.0718787110888,11.0093432295836,141.418404388428,110.940563201904,102.131814279864,69.6111418880633,208.021850585938,0,164.837929619683,139.023000890558,164.863185882568,123.214205423991,159.878628001494,0,101.187259674072,168.805046081543,169.267925516764,0,124.617966715495,124.11381816864,0,127.978910173689,169.074803670247,119.836186091105,79.4814081192017,115.636294285456,125.897035699142,134.123718261719,116.566857933998,107.010559465243,138.47476771428,149.842097388373,133.57933013916,0,0,121.400417327881,151.111956787109
138.766407012939,0,139.184439765082,83.2298629760742,175.837501525879,0,157.236646379743,137.514317989349,154.515400074146,0,153.651271820068,172.934394836426,162.412572224935,169.406986236572,163.351419067383,0,95.9959716796875,157.678421020508,196.677444458008,152.030263264974,181.401824951172,114.120140477231,0,143.980433377353,120.860330061479,146.229156494141,159.664800008138,156.005998478379,123.991614689903,135.326014709473,128.543573856354,190.782684326172,0,126.263503074646,141.418404388428,8.63287539171891,103.952881989656,102.727289276123,66.4239007160581,77.6100406646729,0,82.2974841242251,17.1195386343888,55.0137342168139,69.0893105847097,69.9790765036767,119.816872205602,91.5618782043457,145.212147361354,13.4511553812218,105.870503198533,100.64703414917,95.7744107438844,119.537102483934,107.184860437223,86.4752250398908,62.6936697469327,69.4124388013567,84.4533780260784,68.8818828051131,122.572914123535,117.801874885209,113.211285426907,70.3388292574956,18.8782467141684,23.1764151633405,145.122242518834,100.279805501302,40.7962956746419,60.6368787157536
147.552551269531,113.159652709961,76.6432253519694,46.9497973918915,0,111.043823242188,0,139.645401000977,168.893783569336,0,161.760543823242,92.8995107014974,0,92.6328557332357,0,0,0,90.2251478830973,137.438171386719,100.64808400472,0,0,208.846206665039,93.6270802815755,116.401794433594,78.7313051859538,98.3327291352408,90.9362293366463,209.818222045898,0,0,121.097625732422,0,0,110.940563201904,103.952881989656,8.07377912906886,37.8987597122107,24.5245066042944,87.4493179321289,0,0,100.799559638614,129.218160292682,63.8696025501598,116.530836105347,72.4185587294558,0,49.335211374047,120.088048051043,101.500699361165,33.2438195354967,53.5174459221478,67.4027638802162,64.3570921725914,0,70.9222023612574,18.0120316078778,57.5148278735933,76.1651267380011,26.2436420186436,53.4144122024226,30.0396497049816,92.7969225424307,112.475538755718,97.3793867323134,68.6485247064809,0,93.3632481892904,59.875548492178
143.516732788086,87.2325439453125,82.3280785830334,54.8384489171645,176.74089050293,0,165.345121383667,156.978525797526,169.897417405072,143.524307250977,202.04280090332,125.989297485352,0,134.297679138184,162.213279137245,0,121.947523117065,98.0569059423498,121.238408406576,113.760171813965,0,126.771283285958,82.8847040922745,89.8570792170057,145.964273369831,0,92.5074692373201,88.0124582795393,153.820538571006,136.927118028913,135.432593078613,132.314783096313,0,153.594535827637,102.131814279864,102.727289276123,37.8987597122107,10.6208119770654,36.3482539532727,0,155.647659301758,117.783312364058,79.3768973683766,106.662721540796,107.613961029053,95.3209357261658,84.7819615318662,163.989573669434,90.0930232512645,105.010458605723,163.206436157227,71.1759284766945,35.7127854745363,80.1778232029506,61.3969537918466,174.497512817383,61.4356627638747,43.8297676783736,25.9314395244279,94.6799004653405,72.7605463663737,29.1572525030368,26.2871755537492,62.6169049488148,122.918963207918,67.4294679694706,85.105121406349,0,100.360888937245,66.5879550718925
