5710,11,403,140,25,3,62,4076,319,55,203,53,4,10,9869,5,18,1168,39,364,8,334,45,501,220,1,672,263,634,9626,8486,13,12,98,249,4,1,5,21,0,0,2,7,11,0,4,1,0,0,14,0,1,0,0,0,0,2,2,4,23,0,3,14,40,4,15,0,1,1,5
11,2581,393,409,1,5,11,26,51,466,10,82,10,681,29,18,47,331,27,103,0,21,2348,230,399,2834,425,8895,63,31,31,66,0,1,149,0,1,3,57,0,0,4,1,0,1,0,0,0,16,0,0,0,5,0,4,0,0,1,3,4,6,20,62,0,2,0,6,0,0,3
403,393,18243,933,10,3,446,2806,2136,25,173,152,10,61,2107,6,43,5786,69,500,5,632,269,15312,147,7,9822,6464,1254,515,1547,109,5,48,1386,9,18,792,338,1,0,4,79,6,2,7,1,0,4,30,0,16,129,1,23,0,50,42,453,19,1,98,1084,66,8,35,4,0,2,100
140,409,933,388,158,2,429,573,884,620,399,123,41,796,560,22,3063,727,18,164,40,640,1090,3334,3334,1328,849,7713,1343,608,1244,55,8,124,429,10,8,204,688,4,0,5,70,21,6,18,5,2,56,41,1,41,59,5,59,2,33,90,408,107,28,155,480,179,47,40,11,0,8,51
25,1,10,158,12489,10,576,182,273,183,10704,13,4247,2,271,52,15,10,0,3,14243,9,16,22,3852,0,26,45,12765,354,16,0,9,32,142,2,0,2,31,250,1,115,32,45,41,231,0,176,0,18,15,1,1,1,0,123,0,5,4,421,0,1,2,292,11,4,0,0,4,7
3,5,3,2,10,9074,2093,12,2179,46,20,283,50,15,1411,4047,1,5,5,2,17,0,6,0,29,1,16,9,20,608,4,5,8032,0,479,0,1,0,1,0,0,1,1,0,0,3,0,0,0,1,0,0,1,0,0,2,0,0,0,2,0,0,0,1,0,0,0,0,0,0
62,11,446,429,576,2093,69712,2742,31110,289,19300,555,16759,36,4738,2440,19,272,21,82,1689,288,51,297,1292,2,632,252,2573,1601,117,12,3418,16,879,21,0,8,38,40,0,181,169,219,5,206,2,66,1,125,4,4,1,0,2,46,3,9,14,420,0,1,24,593,65,15,0,0,8,39
4076,26,2806,573,182,12,2742,90220,5963,210,12950,60,185,44,10427,28,79,1010,26,167,70,2598,149,3856,1957,2,1810,995,26588,4398,19932,38,23,377,1174,16,1,21,64,8,0,78,65,85,5,88,1,8,0,70,1,6,14,0,1,17,3,12,40,177,0,9,58,268,38,20,1,0,5,33
319,51,2136,884,273,2179,31110,5963,74568,375,9119,1260,985,91,32776,806,30,1576,100,504,427,1071,170,1450,1614,8,2998,975,3174,4409,1063,74,1648,45,1748,27,1,34,85,6,0,103,173,194,7,96,1,9,1,190,3,4,4,0,3,22,4,8,42,387,0,7,64,569,90,49,0,1,21,54
55,466,25,620,183,46,289,210,375,9972,271,64,1006,326,174,1273,21,74,5,28,97,11,3395,37,10189,542,132,1144,1083,251,231,44,3,32,89,0,0,3,16,24,0,8,8,6,18,36,0,4,12,6,9,0,0,1,0,19,0,1,1,88,0,3,26,59,5,2,2,0,1,4
203,10,173,399,10704,20,19300,12950,9119,271,131882,98,11838,10,3964,86,27,115,3,47,13863,136,58,208,1787,1,177,225,14435,2597,156,4,47,59,932,12,1,3,82,134,0,413,151,210,50,694,0,84,1,106,15,12,5,0,0,164,1,10,8,963,1,3,21,858,55,16,0,1,0,47
53,82,152,123,13,283,555,60,1260,64,98,53551,54,2889,1666,12,9,551,7445,4123,18,56,73,192,56,951,11287,1578,75,1055,110,3002,530,97,11075,2,3,5,36,0,0,0,1,0,1,1,8,0,117,2,0,0,5,29,21,0,2,1,8,7,28,102,190,4,2,2,30,0,0,5
4,10,10,41,4247,50,16759,185,985,1006,11838,54,80943,7,651,2280,1,17,1,7,23265,11,22,9,1194,5,18,51,971,369,6,3,35,3,293,3,0,0,6,28,0,54,16,19,20,82,0,772,1,9,11,0,1,0,0,38,0,1,0,154,0,1,4,114,5,0,0,0,3,3
10,681,61,796,2,15,36,44,91,326,10,2889,7,14180,90,22,10,31,206,107,0,11,431,26,147,4718,1488,6156,36,42,11,6868,22,1,220,4,24,5,299,0,0,1,2,1,7,1,21,0,804,2,0,1,23,43,64,0,0,14,1,3,267,188,500,1,0,2,89,0,0,16
9869,29,2107,560,271,1411,4738,10427,32776,174,3964,1666,651,90,87317,88,33,2633,163,839,360,787,152,1708,961,4,2698,996,2871,22730,5092,37,2238,90,3143,10,0,26,67,3,0,23,52,40,4,17,1,4,0,63,0,2,4,0,2,7,10,3,21,111,2,10,52,205,38,26,0,0,4,22
5,18,6,22,52,4047,2440,28,806,1273,86,12,2280,22,88,15935,2,12,2,7,93,2,99,6,504,24,31,128,156,30,6,3,128,4,15,0,0,0,3,5,0,4,1,1,4,6,0,4,4,4,1,0,0,0,0,8,1,0,0,24,0,0,2,12,0,0,1,0,0,2
18,47,43,3063,15,1,19,79,30,21,27,9,1,10,33,2,14222,132,4,17,3,7901,5251,13415,1759,4,60,4728,952,86,1011,9,0,27,342,2,0,28,83,0,0,2,9,5,0,1,0,0,0,6,0,111,6,1,2,0,81,292,327,18,0,7,71,35,3,41,0,0,3,25
1168,331,5786,727,10,5,272,1010,1576,74,115,551,17,31,2633,12,132,21997,389,7681,7,1812,261,8669,438,12,5377,9746,648,2530,4223,26,3,327,3246,5,12,370,118,0,0,3,21,16,0,4,1,0,5,20,0,13,68,3,21,0,19,13,129,11,1,97,583,26,3,12,0,0,1,38
39,27,69,18,0,5,21,26,100,5,3,7445,1,206,163,2,4,389,9950,4798,0,17,17,53,14,264,5868,1680,14,142,58,260,3,26,416,1,1,3,10,0,0,0,1,0,1,0,7,0,29,0,0,0,8,17,25,0,0,0,2,0,7,81,128,0,1,1,8,0,0,13
364,103,500,164,3,2,82,167,504,28,47,4123,7,107,839,7,17,7681,4798,14892,2,230,47,638,103,308,8576,4596,151,1168,681,205,9,286,3594,3,3,50,32,0,0,0,5,1,2,1,6,0,22,3,0,1,39,11,69,0,2,3,22,3,9,177,365,4,0,11,6,0,1,34
8,0,5,40,14243,17,1689,70,427,97,13863,18,23265,0,360,93,3,7,0,2,5504,4,8,6,1368,0,8,15,2839,301,6,0,9,5,155,1,0,0,15,46,0,69,25,33,21,158,0,161,1,18,4,1,1,0,0,57,0,1,0,263,0,0,5,171,10,7,0,0,0,4
334,21,632,640,9,0,288,2598,1071,11,136,56,11,11,787,2,7901,1812,17,230,4,69806,1161,27213,803,7,221,1378,8933,2051,24821,2,1,463,9284,19,0,14,146,0,0,2,18,5,0,3,1,0,0,22,0,84,9,0,1,0,198,199,152,30,0,6,79,166,42,116,0,0,15,48
45,2348,269,1090,16,6,51,149,170,3395,58,73,22,431,152,99,5251,261,17,47,8,1161,9511,4136,9095,737,171,7126,645,179,643,41,1,54,308,0,1,23,622,0,0,5,5,6,0,6,0,0,17,3,0,17,7,0,4,0,9,188,183,16,4,12,112,27,3,2,2,0,0,15
501,230,15312,3334,22,0,297,3856,1450,37,208,192,9,26,1708,6,13415,8669,53,638,6,27213,4136,70415,1262,3,3510,17602,7490,1373,10831,31,3,320,9595,11,3,373,580,0,0,10,72,29,0,17,3,0,1,31,0,311,45,0,13,0,167,700,2341,64,0,37,1230,152,23,64,2,0,2,102
220,399,147,3334,3852,29,1292,1957,1614,10189,1787,56,1194,147,961,504,1759,438,14,103,1368,803,9095,1262,71162,149,362,3138,23437,1655,1656,36,11,289,681,33,1,46,183,95,0,247,262,383,53,353,5,37,5,337,20,10,21,0,2,69,10,23,60,1117,2,22,109,1165,172,90,2,2,23,125
1,2834,7,1328,0,1,2,2,8,542,1,951,5,4718,4,24,4,12,264,308,0,7,737,3,149,9203,712,8758,20,11,4,180,1,2,21,1,15,0,181,0,0,1,2,0,4,0,17,0,352,1,1,0,6,35,20,0,0,13,1,2,135,136,346,1,0,2,57,0,0,9
672,425,9822,849,26,16,632,1810,2998,132,177,11287,18,1488,2698,31,60,5377,5868,8576,8,221,171,3510,362,712,109683,24542,656,1346,1232,5379,16,117,2219,12,56,381,187,0,0,2,36,12,5,1,54,1,253,16,1,16,287,130,433,1,14,30,92,24,129,1241,2759,35,12,37,88,0,4,196
263,8895,6464,7713,45,9,252,995,975,1144,225,1578,51,6156,996,128,4728,9746,1680,4596,15,1378,7126,17602,3138,8758,24542,129634,2109,808,1047,4913,8,217,7517,43,124,1572,1065,3,0,12,133,36,13,23,101,0,619,60,4,103,705,331,717,3,81,190,1282,75,288,2250,6037,125,57,79,188,1,19,424
634,63,1254,1343,12765,20,2573,26588,3174,1083,14435,75,971,36,2871,156,952,648,14,151,2839,8933,645,7490,23437,20,656,2109,83689,4929,12447,21,13,1301,3004,63,2,38,184,80,0,325,366,418,36,443,4,46,4,322,9,35,20,1,6,113,42,44,96,1265,0,14,135,1557,206,149,0,3,27,123
9626,31,515,608,354,608,1601,4398,4409,251,2597,1055,369,42,22730,30,86,2530,142,1168,301,2051,179,1373,1655,11,1346,808,4929,111631,11852,22,3367,7006,5326,15,0,14,82,3,0,28,76,46,4,30,2,6,0,62,0,14,2,0,3,3,14,4,20,172,1,7,46,310,44,42,1,1,10,28
8486,31,1547,1244,16,4,117,19932,1063,231,156,110,6,11,5092,6,1011,4223,58,681,6,24821,643,10831,1656,4,1232,1047,12447,11852,73472,14,6,698,3016,16,0,25,143,0,0,4,30,15,4,6,1,1,0,46,0,16,4,1,0,1,64,51,63,66,0,4,63,249,49,76,0,0,14,46
13,66,109,55,0,5,12,38,74,44,4,3002,3,6868,37,3,9,26,260,205,0,2,41,31,36,180,5379,4913,21,22,14,6219,10,2,156,1,8,4,66,0,0,1,1,0,5,0,17,0,264,0,0,0,9,37,35,0,0,8,3,1,76,160,339,0,1,0,56,0,0,13
12,0,5,8,9,8032,3418,23,1648,3,47,530,35,22,2238,128,0,3,3,9,9,1,1,3,11,1,16,8,13,3367,6,10,18145,0,708,0,0,0,1,0,0,0,0,0,0,0,0,0,0,0,0,0,0,0,0,0,0,0,0,1,0,2,0,4,1,0,0,0,0,2
98,1,48,124,32,0,16,377,45,32,59,97,3,1,90,4,27,327,26,286,5,463,54,320,289,2,117,217,1301,7006,698,2,0,3971,1082,8,0,2,15,0,0,1,13,4,1,4,0,0,0,13,0,3,2,0,1,0,6,3,6,22,0,0,12,44,8,10,1,0,2,7
249,149,1386,429,142,479,879,1174,1748,89,932,11075,293,220,3143,15,342,3246,416,3594,155,9284,308,9595,681,21,2219,7517,3004,5326,3016,156,708,1082,28643,10,4,93,67,1,0,9,44,26,3,17,0,6,4,30,0,15,16,0,14,3,24,24,96,76,2,64,219,130,18,25,0,0,4,30
4,0,9,10,2,0,21,16,27,0,12,2,3,4,10,0,2,5,1,3,1,19,0,11,33,1,12,43,63,15,16,1,0,8,10,14971,27,100,580,36,0,115,13030,231,171,347,217,27,19,12978,21,25,223,93,404,28,243,98,246,409,1,545,633,967,11039,5099,21,3,105,800
1,1,18,8,0,1,0,1,1,0,1,3,0,24,0,0,0,12,1,3,0,0,1,3,1,15,56,124,2,0,0,8,0,0,4,27,4752,897,411,1,0,0,84,17,77,8,94,0,1027,41,6,166,477,104,305,0,38,2461,525,61,2547,786,8628,54,38,45,122,0,12,361
5,3,792,204,2,0,8,21,34,3,3,5,0,5,26,0,28,370,3,50,0,14,23,373,46,0,381,1572,38,14,25,4,0,2,93,100,897,22275,1812,0,1,66,2361,635,10,240,84,5,39,731,1,74,2787,42,447,1,328,372,10058,58,3,11772,11905,1563,136,288,74,0,23,426
21,57,338,688,31,1,38,64,85,16,82,36,6,299,67,3,83,118,10,32,15,146,622,580,183,181,187,1065,184,82,143,66,1,15,67,580,411,1812,962,45,3,333,1984,960,1202,542,97,52,1059,1215,38,1901,786,93,277,49,1485,1235,5654,4996,2964,723,7553,4007,1167,1849,59,4,242,847
0,0,1,4,250,0,40,8,6,24,134,0,28,0,3,5,0,0,0,0,46,0,0,0,95,0,0,3,80,3,0,0,0,0,1,36,1,0,45,13209,0,181,74,67,591,10610,1,5946,0,106,68,9,2,1,1,10124,2,6,3,5105,0,4,19,8936,115,6,0,0,12,44
0,0,0,0,1,0,0,0,0,0,0,0,0,0,0,0,0,0,0,0,0,0,0,0,0,0,0,0,0,0,0,0,0,0,0,0,0,1,3,0,3878,6493,4,1689,1,1,117,4,2,207,1482,1,1,2,0,0,0,0,0,3,0,1,1,2,291,0,0,1274,0,76
2,4,4,5,115,1,181,78,103,8,413,0,54,1,23,4,2,3,0,0,69,2,5,10,247,1,2,12,325,28,4,1,0,1,9,115,0,66,333,181,6493,59696,4457,28565,141,14816,345,9581,24,2840,8364,29,61,11,17,684,21,35,104,807,0,187,251,2580,1359,67,6,1461,28,539
7,1,79,70,32,1,169,65,173,8,151,1,16,2,52,1,9,21,1,5,25,18,5,72,262,2,36,133,366,76,30,1,0,13,44,13030,84,2361,1984,74,4,4457,130566,6858,641,37874,438,210,72,11785,24,158,1964,263,1623,162,776,248,3068,1475,7,3886,2757,26400,2587,13227,90,17,219,1701
11,0,6,21,45,0,219,85,194,6,210,0,19,1,40,1,5,16,0,1,33,5,6,29,383,0,12,36,418,46,15,0,0,4,26,231,17,635,960,67,1689,28565,6858,102264,313,13874,1145,514,56,39382,542,34,357,57,195,506,63,75,485,794,0,1705,980,1743,6386,169,63,8541,34,1517
0,1,2,6,41,0,5,5,7,18,50,1,20,7,4,4,0,0,1,2,21,0,0,0,53,4,5,13,36,4,4,5,0,1,3,171,77,10,1202,591,1,141,641,313,5766,154,17,1672,249,414,2203,77,36,10,51,578,20,1797,53,6814,327,123,577,973,438,428,18,1,97,179
4,0,7,18,231,3,206,88,96,36,694,1,82,1,17,6,1,4,0,1,158,3,6,17,353,0,1,23,443,30,6,0,0,4,17,347,8,240,542,10610,1,14816,37874,13874,154,141342,48,22164,10,5495,68,31,129,10,70,14849,47,61,323,1488,1,460,487,15004,1502,132,10,26,73,897
1,0,1,5,0,0,2,1,1,0,0,8,0,21,1,0,0,1,7,6,0,1,0,3,5,17,54,101,4,2,1,17,0,0,0,217,94,84,97,1,117,345,438,1145,17,48,44120,7,2620,1600,3,2,286,14283,916,6,76,42,222,33,337,5787,1461,47,2180,289,1425,672,46,10636
0,0,0,2,176,0,66,8,9,4,84,0,772,0,4,4,0,0,0,0,161,0,0,0,37,0,1,0,46,6,1,0,0,0,6,27,0,5,52,5946,4,9581,210,514,1672,22164,7,61669,4,279,2972,8,1,0,0,22619,3,27,3,2389,1,7,25,1361,143,3,1,4,4,119
0,16,4,56,0,0,1,0,1,12,1,117,1,804,0,4,0,5,29,22,1,0,17,1,5,352,253,619,4,0,0,264,0,0,4,19,1027,39,1059,0,2,24,72,56,249,10,2620,4,27192,87,22,19,50,193,136,0,7,563,34,98,5497,1091,9987,15,66,22,5389,17,2,190
14,0,30,41,18,1,125,70,190,6,106,2,9,2,63,4,6,20,0,3,18,22,3,31,337,1,16,60,322,62,46,0,0,13,30,12978,41,731,1215,106,207,2840,11785,39382,414,5495,1600,279,87,122929,98,44,570,171,544,349,122,138,427,844,11,2649,1090,2152,18859,1239,89,3219,127,4307
0,0,0,1,15,0,4,1,3,9,15,0,11,0,0,1,0,0,0,0,4,0,0,0,20,1,1,4,9,0,0,0,0,0,0,21,6,1,38,68,1482,8364,24,542,2203,68,3,2972,22,98,11737,6,7,0,2,88,2,73,2,599,15,12,74,104,77,8,0,58,6,27
1,0,16,41,1,0,4,6,4,0,12,0,0,1,2,0,111,13,0,1,1,84,17,311,10,0,16,103,35,14,16,0,0,3,15,25,166,74,1901,9,1,29,158,34,77,31,2,8,19,44,6,22100,183,10,51,5,4814,6014,8634,5378,17,124,5365,3115,72,1679,5,0,49,715
0,5,129,59,1,1,1,14,4,0,5,5,1,23,4,0,6,68,8,39,1,9,7,45,21,6,287,705,20,2,4,9,0,2,16,223,477,2787,786,2,1,61,1964,357,36,129,286,1,50,570,7,183,23880,271,11222,2,1414,195,11379,172,47,4291,10457,809,269,2597,40,1,54,6407
0,0,1,5,1,0,0,0,0,1,0,29,0,43,0,0,1,3,17,11,0,0,0,0,0,35,130,331,1,0,1,37,0,0,0,93,104,42,93,1,2,11,263,57,10,10,14283,0,193,171,0,10,271,13729,2818,0,54,44,131,21,612,5648,1765,45,179,220,414,13,32,1693
0,4,23,59,0,0,2,1,3,0,0,21,0,64,2,0,2,21,25,69,0,1,4,13,2,20,433,717,6,3,0,35,0,1,14,404,305,447,277,1,0,17,1623,195,51,70,916,0,136,544,2,51,11222,2818,23365,4,352,156,1385,80,441,12343,5931,273,296,1435,137,4,70,2677
0,0,0,2,123,2,46,17,22,19,164,0,38,0,7,8,0,0,0,0,57,0,0,0,69,0,1,3,113,3,1,0,0,0,3,28,0,1,49,10124,0,684,162,506,578,14849,6,22619,0,349,88,5,2,0,4,5895,5,6,5,2037,1,9,12,1949,235,7,0,2,9,135
2,0,50,33,0,0,3,3,4,0,1,2,0,0,10,1,81,19,0,2,0,198,9,167,10,0,14,81,42,14,64,0,0,6,24,243,38,328,1485,2,0,21,776,63,20,47,76,3,7,122,2,4814,1414,54,352,5,73552,1331,25036,290,3,294,1892,6348,504,24586,6,0,304,10382
2,1,42,90,5,0,9,12,8,1,10,1,1,14,3,0,292,13,0,3,1,199,188,700,23,13,30,190,44,4,51,8,0,3,24,98,2461,372,1235,6,0,35,248,75,1797,61,42,27,563,138,73,6014,195,44,156,6,1331,11264,5698,8009,1042,348,6458,1169,225,1289,43,1,104,495
4,3,453,408,4,0,14,40,42,1,8,8,0,1,21,0,327,129,2,22,0,152,183,2341,60,1,92,1282,96,20,63,3,0,6,96,246,525,10058,5654,3,0,104,3068,485,53,323,222,3,34,427,2,8634,11379,131,1385,5,25036,5698,91220,1152,10,3816,21426,9656,522,10640,63,0,179,8690
23,4,19,107,421,2,420,177,387,88,963,7,154,3,111,24,18,11,0,3,263,30,16,64,1117,2,24,75,1265,172,66,1,1,22,76,409,61,58,4996,5105,3,807,1475,794,6814,1488,33,2389,98,844,599,5378,172,21,80,2037,290,8009,1152,58995,107,251,2040,28343,1014,1001,9,1,245,531
0,6,1,28,0,0,0,0,0,0,1,28,0,267,2,0,0,1,7,9,0,0,4,0,2,135,129,288,0,1,0,76,0,0,2,1,2547,3,2964,0,0,0,7,0,327,1,337,1,5497,11,15,17,47,612,441,1,3,1042,10,107,10507,926,6636,10,10,9,204,0,3,159
3,20,98,155,1,0,1,9,7,3,3,102,1,188,10,0,7,97,81,177,0,6,12,37,22,136,1241,2250,14,7,4,160,2,0,64,545,786,11772,723,4,1,187,3886,1705,123,460,5787,7,1091,2649,12,124,4291,5648,12343,9,294,348,3816,251,926,86442,31010,1117,555,909,3837,13,76,2634
14,62,1084,480,2,0,24,58,64,26,21,190,4,500,52,2,71,583,128,365,5,79,112,1230,109,346,2759,6037,135,46,63,339,0,12,219,633,8628,11905,7553,19,1,251,2757,980,577,487,1461,25,9987,1090,74,5365,10457,1765,5931,12,1892,6458,21426,2040,6636,31010,107037,4345,983,1854,4141,4,335,6967
40,0,66,179,292,1,593,268,569,59,858,4,114,1,205,12,35,26,0,4,171,166,27,152,1165,1,35,125,1557,310,249,0,4,44,130,967,54,1563,4007,8936,2,2580,26400,1743,973,15004,47,1361,15,2152,104,3115,809,45,273,1949,6348,1169,9656,28343,10,1117,4345,120327,2642,12416,25,5,803,2611
4,2,8,47,11,0,65,38,90,5,55,2,5,0,38,0,3,3,1,0,10,42,3,23,172,0,12,57,206,44,49,1,1,8,18,11039,38,136,1167,115,291,1359,2587,6386,438,1502,2180,143,66,18859,77,72,269,179,296,235,504,225,522,1014,10,555,983,2642,112268,4287,26,5094,4808,5779
15,0,35,40,4,0,15,20,49,2,16,2,0,2,26,0,41,12,1,11,7,116,2,64,90,2,37,79,149,42,76,0,0,10,25,5099,45,288,1849,6,0,67,13227,169,428,132,289,3,22,1239,8,1679,2597,220,1435,7,24586,1289,10640,1001,9,909,1854,12416,4287,80223,29,1,739,9690
0,6,4,11,0,0,0,1,0,2,0,30,0,89,0,1,0,0,8,6,0,0,2,2,2,57,88,188,0,1,0,56,0,1,0,21,122,74,59,0,0,6,90,63,18,10,1425,1,5389,89,0,5,40,414,137,0,6,43,63,9,204,3837,4141,25,26,29,1953,1,6,207
1,0,0,0,0,0,0,0,1,0,1,0,0,0,0,0,0,0,0,0,0,0,0,0,2,0,0,1,3,1,0,0,0,0,0,3,0,0,4,0,1274,1461,17,8541,1,26,672,4,17,3219,58,0,1,13,4,2,0,1,0,1,0,13,4,5,5094,1,1,7537,0,295
1,0,2,8,4,0,8,5,21,1,0,0,3,0,4,0,3,1,0,1,0,15,0,2,23,0,4,19,27,10,14,0,0,2,4,105,12,23,242,12,0,28,219,34,97,73,46,4,2,127,6,49,54,32,70,9,304,104,179,245,3,76,335,803,4808,739,6,0,4104,2037
5,3,100,51,7,0,39,33,54,4,47,5,3,16,22,2,25,38,13,34,4,48,15,102,125,9,196,424,123,28,46,13,2,7,30,800,361,426,847,44,76,539,1701,1517,179,897,10636,119,190,4307,27,715,6407,1693,2677,135,10382,495,8690,531,159,2634,6967,2611,5779,9690,207,295,2037,24680
