9.03233307818411,136.819394198331,86.6742624467419,84.3771010262626,65.6183083398002,67.0645712919013,36.2574711644372,26.6126989877874,19.573437731854,67.7834823226929,35.149260564237,116.583805887323,55.0457891155692,124.855003356934,9.47161253962456,32.1177044176076,85.5723146711077,106.861088040636,139.693496255314,127.69929994282,61.9555745884992,60.5750556054053,71.2257537841797,75.7666084540518,65.3798413453279,138.927932739258,125.067936392391,126.380348443985,48.4303398601772,11.1529289789928,22.8243670678561,182.34147644043,73.1356091978689,28.083498495862,84.5783299666185,140.240089416504,138.579879760742,147.282338460286,89.16792938926,180.784164428711,0,165.214553833008,134.211349487305,162.374581473214,85.6338206699916,163.943681335449,0,0,0,163.253021240234,157.688774108887,0,185.534403483073,212.31103515625,209.146722412109,178.053970336914,0,116.998641014099,178.096338907878,115.652070247766,0,201.422702026367,153.866098022461,126.545494868838,0,132.994968414307,218.786193847656,0,137.155839920044,179.504039764404
136.819394198331,7.40387034699281,39.5295938562464,15.5923863416913,0,0,102.401798248291,121.861824035645,185.69132232666,67.0747927412202,0,67.8812378863899,0,53.5899811382442,135.447291056315,0,57.4134930466161,55.9225290990343,90.0954061437536,67.1588307166284,0,109.54821395874,23.0861449408441,58.927381856552,75.5349221300723,22.010102485862,49.3192470550537,28.9369239878533,86.5337403949938,107.242978876287,104.202425130208,61.1104345014018,104.16870880127,96.8785247802734,64.1662436935502,0,78.9782861982073,73.6586332159527,39.8291450887918,0,0,147.319519042969,141.823631286621,0,0,0,98.6403401692708,0,97.5467742919922,0,0,124.825500488281,96.1277944776747,114.646515740289,113.110129292806,0,0,98.8453979492188,88.647332411546,111.507362365723,81.3278350830078,97.7754058837891,81.7119577938748,131.408432006836,0,125.017433166504,111.103867848714,0,0,114.05706431071
86.6742624467419,39.5295938562464,12.0897234184682,37.620765232975,0,123.006071726481,136.849309002912,85.1236876605308,107.475670400292,87.3333959579468,108.253538513184,86.1551588359632,136.860248565674,91.3626890916091,105.169456164042,134.907302856445,77.8786166204165,29.7099037197962,87.4612277104304,70.716814922279,124.222400665283,66.3406024179059,43.0714934651445,19.5522100596128,89.7813016396982,86.0181770324707,26.9758135445073,25.2931685366486,59.6171242149927,96.3448985900879,68.9118021678629,94.366626739502,96.0997363003817,109.754110972087,49.0265955947852,156.458084106445,74.0484650611877,82.4044520634087,53.1507511479514,0,0,0,138.52608122649,185.919749450684,0,171.880177815755,145.582330322266,0,143.305015563965,157.730888366699,0,120.082678731283,103.492688664419,154.393173217773,136.773059654236,0,134.343802452087,52.8430420718616,96.4902056899725,135.039100646973,151.874099731445,100.462556790083,85.2840596290075,139.878848040545,164.780334472656,165.266448974609,154.568237304688,0,140.666519165039,110.877552841649
84.3771010262626,15.5923863416913,37.620765232975,13.3813445788648,47.2912433624268,135.435994466146,94.8943998917289,54.3859763287298,87.5653688858966,11.1255920477491,69.7857115474748,59.5612046590665,76.4270452416461,47.6711295729592,97.4416258159437,76.5250821113586,43.2677283698604,54.2353885647312,61.1261566632415,61.0545930516056,90.4899569920131,49.4399647671482,31.2679924168554,46.306455857783,27.3401363503563,16.2540269095113,45.0907290076477,37.4353296643894,45.2287822466904,88.4816102485436,71.2930330827203,50.1668955355274,118.061311340332,61.961011870011,64.7923895310783,114.37070719401,112.727062861125,78.1947339001824,22.0266169317617,71.1628265380859,0,0,74.107899257115,80.481554667155,25.3748987141777,88.5626411437988,113.888389587402,0,63.5975560274991,134.399570465088,0,46.6040577888489,90.4806804656982,128.013993263245,104.585368083074,0,72.1557540893555,50.1871209255485,112.670055736195,46.343993775388,67.4751057624817,93.9294373841412,87.2210934502738,70.2077035903931,96.2959060668945,121.498474121094,119.505752563477,0,108.110771179199,108.207740783691
65.6183083398002,0,0,47.2912433624268,8.1336508380427,116.565940856934,61.0529649180751,43.5731204577855,77.609228679112,40.5305652274742,18.6584294188073,0,17.0034495752657,0,98.5334489686148,79.5918679237366,128.230377197266,0,0,0,11.4646177997755,0,0,148.459075927734,22.2387388584324,0,0,0,13.80602229806,87.2230888500548,69.3367490768433,0,143.677006530762,63.4254769219293,92.3894351078914,147.532165527344,0,0,70.215206691197,8.27280486737928,0,138.951217651367,134.159194946289,139.880611419678,80.8215535481771,33.4998303125071,0,16.1647761487585,0,195.38996887207,0,0,0,0,0,5.21497838622645,0,178.385070800781,0,80.8201731513528,0,0,0,66.5891317934603,152.237731933594,128.142852783203,0,0,0,147.756572723389
67.0645712919013,0,123.006071726481,135.435994466146,116.565940856934,7.26764981267163,12.5751312819298,109.758359909058,18.8263658114694,82.8719638824463,101.20183245341,62.8055572509766,66.5741050026634,76.0334282829648,37.6595138225003,15.299133007415,0,91.5234959920247,89.1708646501814,94.5364151000977,110.865827560425,84.8701324462891,107.203475952148,92.2048284357244,90.7213134765625,81.2914123535156,91.6867265701294,104.952083587646,120.364678519113,22.4350849741764,96.562084197998,97.878666469029,13.3947118791253,0,33.1391657164067,0,0,0,118.968729654948,0,0,0,0,0,123.89054107666,0,0,0,102.526962280273,0,0,0,0,0,0,0,0,101.68399810791,0,163.751625061035,130.520706176758,122.545791625977,0,171.519836425781,0,193.693786621094,0,0,0,0
36.2574711644372,102.401798248291,136.849309002912,94.8943998917289,61.0529649180751,12.5751312819298,8.77520025310749,48.1315804627168,20.3831073997006,91.6860699235347,16.3141701817867,74.6483755893395,14.020799245643,87.3956182830188,29.7690919157241,15.2542068960404,110.162382761637,162.451379255815,101.263640459846,120.033100128174,38.1975816436906,101.450214809842,112.450623035431,113.024405867965,60.1772239749417,81.80344581604,126.791567484538,145.125994595614,69.3404073118032,40.3291497019301,84.0306303090063,100.605641682943,29.5453657960116,85.2077142888849,45.9372665949053,181.561559041341,0,152.553588867188,111.761725174753,179.101486206055,0,0,164.582517623901,184.787322998047,124.140917460124,177.359680175781,0,39.8876634010902,114.660171508789,201.039025878906,0,0,0,135.863265991211,155.945938110352,62.540559387207,218.511016845703,0,207.477691650391,135.145963430405,0,0,176.267913818359,155.15789159139,165.891151428223,181.912239074707,0,0,165.276724243164,194.352841186523
26.6126989877874,121.861824035645,85.1236876605308,54.3859763287298,43.5731204577855,109.758359909058,48.1315804627168,8.63789164730886,35.7291520156437,50.5369615482562,17.3843519703223,154.779117039272,38.9230312766917,168.465118408203,20.6485568807922,67.9591237581693,61.4729486107826,103.257230847381,139.496499197824,126.393159866333,31.6739835168813,41.8318281510297,52.9812117561775,68.5952628475803,45.593041490867,0,119.920902501757,104.591285875528,22.1559609978185,31.396418884188,11.5535825969652,0,118.021244525909,46.0699111841463,71.6182631563257,134.428694504958,0,151.151068253951,68.1717197139089,136.098402404785,0,141.578111436632,110.182977502996,146.620079464383,78.0149736404419,121.05462078338,0,97.6828952365451,0,144.142876258263,0,192.505554199219,177.649463653564,0,193.889801025391,142.157155354818,0,77.1216368675232,153.981500244141,95.6444581267122,0,176.566510009766,152.107957839966,109.334391818957,149.721914117987,140.762962341309,0,0,119.218706766764,143.096648624965
19.573437731854,185.69132232666,107.475670400292,87.5653688858966,77.609228679112,18.8263658114694,20.3831073997006,35.7291520156437,13.6164387257021,91.2082080194506,19.0832421876274,85.9658152463408,26.7298526074543,93.5430006790161,17.0576690841894,24.2833438801544,99.5873498916626,136.500299968417,115.147508488145,113.05836721567,65.0737738898306,86.4485888047652,100.998666869269,89.3320332494275,77.5008954488522,98.4348576863607,135.940171542233,131.545306798031,60.2827093440331,36.1602589136603,60.849307510879,112.029450416565,31.9688500684328,63.6379314050442,49.4116205209425,168.838571401743,0,175.603396097819,106.110231572931,131.560307820638,0,168.95528793335,147.909238433838,166.307665506999,114.014945983887,165.220782688686,0,63.7253481547038,144.018697102865,161.326435089111,0,145.528991699219,0,211.89868927002,0,112.770206451416,0,109.617034912109,179.237487792969,127.633306659636,0,188.682942708333,160.190727233887,133.205824092943,191.813285827637,157.474466959635,0,202.94189453125,152.350503104074,186.670413970947
67.7834823226929,67.0747927412202,87.3333959579468,11.1255920477491,40.5305652274742,82.8719638824463,91.6860699235347,50.5369615482562,91.2082080194506,9.29699043185421,64.6775873337669,135.719155883789,20.2609597452326,128.701367476891,87.27445361079,19.9195793410161,48.0504988397871,120.395123672485,145.493103027344,163.535610198975,35.2729381398952,58.0460487756974,19.9944136565907,77.323720574379,17.6219214813668,107.65870166647,125.464499337333,105.431163326725,38.4343561286706,85.0858443524204,57.5047621340365,141.291885375977,123.431035614014,60.1250036125941,77.3764740516399,109.66682434082,0,0,42.0297530272911,63.6596221923828,0,106.921083450317,92.6753845214844,98.6543375651042,46.7334573493814,97.6521406907302,185.536727905273,51.1016998291016,0,121.251157488142,0,0,0,151.567138671875,169.70166015625,0,0,0,0,58.7617532673767,143.943496704102,163.587473551432,149.331782023112,82.4298803156072,126.270317077637,0,0,0,105.225547790527,119.673159281413
35.149260564237,0,108.253538513184,69.7857115474748,18.6584294188073,101.20183245341,16.3141701817867,17.3843519703223,19.0832421876274,64.6775873337669,8.28541475881333,135.220053778754,22.5632406190298,146.285185496012,33.7595027024293,47.8609078644188,108.791702270508,173.30618540446,0,0,16.5164252076911,103.78347996303,101.754573822021,95.3738021850586,45.580524276925,125.261871337891,162.321212768555,143.901098251343,15.0545051662364,68.4534571072984,62.7634642544915,0,105.322599659795,64.1297939419746,87.1810807483952,147.723823547363,0,0,87.7759421853458,34.253482409886,0,150.022059122721,123.062431335449,149.967145647321,81.7091217041016,138.374698638916,0,44.9341773192088,0,159.610511779785,0,0,0,0,0,47.9993873596191,0,0,240.232345581055,104.002747663811,0,0,240.328582763672,124.23489906048,167.236587524414,138.196762084961,0,0,143.827825927734,165.816543579102
116.583805887323,67.8812378863899,86.1551588359632,59.5612046590665,0,62.8055572509766,74.6483755893395,154.779117039272,85.9658152463408,135.719155883789,135.220053778754,12.5621255391434,136.890520731608,27.3310518599973,79.5652646401989,86.0133159637451,131.109262968365,55.7499845155323,23.7737330098307,31.6054058570926,123.682998657227,105.8296659643,103.299652489283,83.3347680192245,148.292886173024,35.6801490017072,32.7579406278435,64.9391320144407,146.607553818647,62.7183056879444,115.65233975365,29.2278886827286,64.3504480556159,112.131443405151,37.4273450184635,209.508193969727,107.425258289684,144.418833414714,57.4905665675296,0,0,0,203.988861083984,0,0,0,81.3534422797126,0,71.0834002887501,209.821472167969,0,0,144.906136830648,97.1964139701906,110.833252850701,0,0,139.904088338216,143.184097290039,172.162307739258,71.0268798715928,97.8861078674143,103.537653550452,0,144.759902954102,180.828689575195,89.3717072268566,0,0,125.007116871495
55.0457891155692,0,136.860248565674,76.4270452416461,17.0034495752657,66.5741050026634,14.020799245643,38.9230312766917,26.7298526074543,20.2609597452326,22.5632406190298,136.890520731608,8.06035985450599,168.607482910156,77.3573623208439,14.2469339281499,0,182.712661743164,152.592044830322,185.111999511719,16.4734676561195,109.170995076497,117.967468261719,135.705141703288,16.0786367236829,0,159.993743896484,137.657327651978,39.5455376355703,81.9706364435865,75.6725632060658,146.216125488281,110.012590408325,82.5594938772696,92.8655928475516,150.792724609375,0,173.533813476562,61.4487241109212,28.0495497385661,0,58.7414665222168,101.769386291504,169.262969970703,51.4182949066162,30.4338265395746,0,13.1175516399134,0,0,0,0,0,0,0,21.1722498217674,0,0,0,94.7443524528952,0,0,0,135.894862781871,161.110020955404,0,0,0,168.722747802734,0
124.855003356934,53.5899811382442,91.3626890916091,47.6711295729592,0,76.0334282829648,87.3956182830188,168.465118408203,93.5430006790161,128.701367476891,146.285185496012,27.3310518599973,168.607482910156,9.49085302244191,89.0306661566909,107.598358154297,119.196873910086,96.7045445899441,53.5426431760769,75.7624198163404,179.503135681152,180.495834350586,94.8695501831621,116.74143371582,130.657796759354,24.1701533947275,45.4433655033856,39.1040462706867,152.486781727184,70.9810565353988,148.319942474365,22.9405629076074,75.817487706583,139.717544555664,55.8355511843303,0,110.722691944667,154.442764282227,48.337935034434,228.563629150391,105.721099853516,134.438417053223,0,94.9912796020508,0,0,76.1480713894493,0,70.8680687055483,0,0,0,146.247784932454,96.1189879055681,113.780382525536,0,0,133.339517974854,157.682047526042,158.242655436198,67.4606502154642,93.3025763488558,98.2491087020497,0,101.444244384766,182.829643249512,84.5458905398846,90.5737762451172,0,115.197458093817
9.47161253962456,135.447291056315,105.169456164042,97.4416258159437,98.5334489686148,37.6595138225003,29.7690919157241,20.6485568807922,17.0576690841894,87.27445361079,33.7595027024293,79.5652646401989,77.3573623208439,89.0306661566909,8.39006372592667,29.56783795567,82.8514158075506,129.720120637313,105.16242275238,105.590292663574,86.0216590678284,82.2154268537249,85.5291986220922,88.1873860102828,83.810489918926,98.7670059204102,117.958648931785,125.671680995396,63.6203534700475,19.3720249091848,49.0002729502591,108.638498783112,21.4903603284079,31.5871908136907,38.9640723999923,163.458372328016,0,157.336853027344,107.815058098465,0,172.51774597168,206.108459472656,164.656150817871,154.882095336914,99.922119140625,173.734420776367,0,0,134.842559814453,162.59323992048,0,0,206.362869262695,0,148.949172973633,0,168.105033874512,184.045532226562,187.287775675456,134.236831842467,0,145.219680786133,168.538787841797,144.850920225445,185.657102584839,161.340606689453,0,0,166.750076293945,176.157099405924
32.1177044176076,0,134.907302856445,76.5250821113586,79.5918679237366,15.299133007415,15.2542068960404,67.9591237581693,24.2833438801544,19.9195793410161,47.8609078644188,86.0133159637451,14.2469339281499,107.598358154297,29.56783795567,7.74342485885634,56.9992065429688,0,119.772842407227,0,60.3947059086391,0,73.8897365993924,111.384854634603,39.441952085495,0,120.519760131836,120.247584025065,69.685367849138,49.110515611981,78.5121231079102,0,45.3165924219795,96.3624229431152,47.7783031463623,129.960296630859,0,0,75.2216551303864,77.7894515991211,0,0,0,139.098014831543,74.9266204833984,0,0,0,0,202.812171936035,0,0,0,0,0,0,0,0,0,68.1464149212015,0,0,0,122.70809173584,0,0,0,0,0,157.192626953125
85.5723146711077,57.4134930466161,77.8786166204165,43.2677283698604,128.230377197266,0,110.162382761637,61.4729486107826,99.5873498916626,48.0504988397871,108.791702270508,131.109262968365,0,119.196873910086,82.8514158075506,56.9992065429688,13.555978797184,106.027293380426,136.443739318848,125.047063403659,117.712295532227,11.0867547225942,24.7785720599143,18.3901520299433,25.7777275126865,92.3671558925084,101.62112073756,33.9902255458597,23.8932093611262,59.3664911096746,49.4642986554778,110.298486328125,132.991401672363,43.7275024243255,71.6396832543035,0,129.220714569092,101.46313495636,66.2913979121617,0,0,0,144.603893280029,0,68.9562644958496,0,203.469970703125,0,0,158.767211914062,0,11.2899969181707,137.2113670936,192.477615356445,159.114387512207,0,52.1762978690011,48.0097303754501,51.3067855786055,62.656231880188,0,136.576959680628,79.5705665986231,99.1268863677979,0,170.812442779541,177.286931355794,0,0,84.9355686732701
106.861088040636,55.9225290990343,29.7099037197962,54.2353885647312,0,91.5234959920247,162.451379255815,103.257230847381,136.500299968417,120.395123672485,173.30618540446,55.7499845155323,182.712661743164,96.7045445899441,129.720120637313,0,106.027293380426,10.0280401935616,53.6707677589779,19.2226559088133,190.787521362305,58.6221774495881,82.6673410537091,22.4861847181889,129.114959125371,66.9038247328538,33.9380279509872,61.6227756943128,104.970793457031,95.3224679431776,83.442510289506,104.715803237188,127.175305684408,89.4369559764862,40.730038262434,199.314640045166,106.826706780328,101.290242311766,73.6409253503522,0,0,0,168.450772966657,0,187.626693725586,219.336486816406,139.624967257182,0,123.307456970215,194.523654937744,0,150.977599007743,116.983808844753,127.511346944173,121.090531802044,0,163.994911193848,109.304179743717,133.120081650583,177.213689168294,103.697991943359,104.673313957537,109.558956779093,172.42112121582,0,166.29326171875,150.528667449951,0,0,126.267121656886
139.693496255314,90.0954061437536,87.4612277104304,61.1261566632415,0,89.1708646501814,101.263640459846,139.496499197824,115.147508488145,145.493103027344,0,23.7737330098307,152.592044830322,53.5426431760769,105.16242275238,119.772842407227,136.443739318848,53.6707677589779,7.53031080712619,20.4095622354388,0,118.121535164969,116.693589835331,85.6108410846756,174.309210205078,44.7996077185011,30.3377501191142,64.2932212387116,153.330956776937,93.8270866058685,119.348145715122,54.7763576049071,93.37014169404,115.329807281494,65.6650011968099,185.247009277344,138.6724641588,117.308540344238,70.6442490986415,0,0,228.183212280273,193.371017456055,0,0,0,100.816857753656,0,97.9343415773832,216.518737792969,0,0,141.936433792114,99.2157834529877,109.452805452569,0,0,202.924263000488,205.559371948242,0,90.7291223626388,99.5326520308708,105.660856984634,0,122.488201141357,170.235290527344,98.1994162665473,168.420532226562,0,136.78341378106
127.69929994282,67.1588307166284,70.716814922279,61.0545930516056,0,94.5364151000977,120.033100128174,126.393159866333,113.05836721567,163.535610198975,0,31.6054058570926,185.111999511719,75.7624198163404,105.590292663574,0,125.047063403659,19.2226559088133,20.4095622354388,9.72474690151008,0,89.350883777325,106.189384589761,66.4409829314227,148.987928390503,47.9000451954928,27.9012479427253,66.203466139273,130.612942737082,101.02618429594,103.90718376177,64.9772660515525,102.371795371727,103.550653457642,56.6422085984485,200.377624511719,125.598160687615,130.292667812771,93.0366420256786,0,0,195.239410400391,178.312347412109,152.151840209961,0,175.003753662109,117.257918904622,0,118.167236674916,198.213780721029,0,180.640838623047,126.846132425162,109.739179883684,111.279272306333,0,165.769401550293,143.586807250977,154.692816029424,196.50873819987,104.397099812826,104.011345198064,110.952474984919,197.369476318359,159.886489868164,169.637851715088,111.89002048268,148.095687866211,0,127.271532810096
61.9555745884992,0,124.222400665283,90.4899569920131,11.4646177997755,110.865827560425,38.1975816436906,31.6739835168813,65.0737738898306,35.2729381398952,16.5164252076911,123.682998657227,16.4734676561195,179.503135681152,86.0216590678284,60.3947059086391,117.712295532227,190.787521362305,0,0,9.16961323131355,153.968627929688,150.770072937012,172.654479980469,18.2785568595718,0,180.844589233398,159.80989074707,21.4479684689636,82.0374305198382,88.6954956054688,0,124.507833934966,76.1224501194098,87.9231271147728,0,0,0,150.187873840332,10.7462321573229,0,249.025665283203,0,210.61930847168,90.5452982584635,129.119181224278,0,11.4241107549172,0,144.368713378906,0,0,0,0,0,20.3259219154716,0,0,0,103.375618525914,0,0,0,145.490605163574,0,0,0,0,0,0
60.5750556054053,109.54821395874,66.3406024179059,49.4399647671482,0,84.8701324462891,101.450214809842,41.8318281510297,86.4485888047652,58.0460487756974,103.78347996303,105.8296659643,109.170995076497,180.495834350586,82.2154268537249,0,11.0867547225942,58.6221774495881,118.121535164969,89.350883777325,153.968627929688,9.6742259357965,38.9185628505794,22.1832083516128,13.1518631930055,112.981353759766,109.47349862738,67.98970532921,16.1869963985317,54.9277370357513,26.6593704268314,0,102.611105782645,49.3364347528528,36.6013899754599,118.301910400391,91.6550827026367,126.999371846517,69.0415421510354,0,0,0,98.5639190673828,150.295379638672,65.9275360107422,0,0,0,176.279800415039,0,0,34.9532410621643,146.269119262695,0,179.363072713216,0,215.551803588867,57.23760872063,116.889002799988,32.9413225867532,0,158.532538780799,116.690324036971,112.486534118652,157.049346923828,0,0,0,107.472256469727,159.324257659912
71.2257537841797,23.0861449408441,43.0714934651445,31.2679924168554,0,107.203475952148,112.450623035431,52.9812117561775,100.998666869269,19.9944136565907,101.754573822021,103.299652489283,117.967468261719,94.8695501831621,85.5291986220922,73.8897365993924,24.7785720599143,82.6673410537091,116.693589835331,106.189384589761,150.770072937012,38.9185628505794,7.84908802036626,42.6398623244966,19.4385943092927,75.9232060621326,84.2847975440647,29.8764518804943,38.6507378403484,75.7180339486841,50.8362660847111,103.536461523024,130.868545532227,51.3145094608915,66.149328518722,136.275527954102,117.847785949707,86.9100278489133,57.1528438134627,0,0,127.293930053711,112.013790130615,130.366554260254,64.5008937290737,100.707340240479,153.356552124023,0,132.215244092439,136.582595825195,0,59.2048877218495,94.664400100708,145.292011260986,153.610049907978,0,93.6643123626709,24.2376435171579,93.1090614731247,75.7044669015067,123.389589945475,132.936933664175,97.3912056583469,105.808560180664,0,152.181304931641,139.846717834473,231.787780761719,0,136.671451023647
75.7666084540518,58.927381856552,19.5522100596128,46.306455857783,148.459075927734,92.2048284357244,113.024405867965,68.5952628475803,89.3320332494275,77.323720574379,95.3738021850586,83.3347680192245,135.705141703288,116.74143371582,88.1873860102828,111.384854634603,18.3901520299433,22.4861847181889,85.6108410846756,66.4409829314227,172.654479980469,22.1832083516128,42.6398623244966,14.565498438952,50.9521147616498,106.372606277466,59.5416357796038,37.7162074331726,30.0019258444126,78.8913195092338,49.0634321246822,151.563135782878,94.7317216203019,79.9476812208021,39.5703503388859,143.152720133464,98.1114231109619,88.6187053471605,64.5778906175068,0,0,181.801447550456,146.183670941521,181.94482421875,0,162.583831787109,194.070755004883,186.341293334961,0,182.549201965332,0,34.7774186785033,115.990348159626,0,148.830796518633,0,113.165659162733,53.7818710539939,94.2797986733411,139.164515177409,159.178657531738,125.126862258911,88.8018768526765,128.837385940552,190.802032470703,151.91203212738,0,0,155.736831665039,116.95058409373
65.3798413453279,75.5349221300723,89.7813016396982,27.3401363503563,22.2387388584324,90.7213134765625,60.1772239749417,45.593041490867,77.5008954488522,17.6219214813668,45.580524276925,148.292886173024,16.0786367236829,130.657796759354,83.810489918926,39.441952085495,25.7777275126865,129.114959125371,174.309210205078,148.987928390503,18.2785568595718,13.1518631930055,19.4385943092927,50.9521147616498,10.252758055935,111.951802422019,124.017783647702,80.8817110990517,14.5471079165792,75.6158107240448,52.5939019272325,140.529466629028,129.30361626365,56.221437444793,66.2827667746845,123.901123329445,152.223136901855,137.951474116399,55.170169748109,65.7360081305871,0,128.979878234863,99.7733001708984,120.918218612671,54.7100580403062,110.275211970011,0,52.8831832673815,153.265762329102,137.231850760324,72.2096748352051,51.1560077667236,164.602244059245,182.486557006836,203.525502522786,52.4144991874695,0,86.1717439015706,132.114720344543,51.1998100787992,0,168.114404531626,139.638285682315,93.2836261665734,140.879387749566,137.69692103068,0,0,127.274135388826,142.880750241487
138.927932739258,22.010102485862,86.0181770324707,16.2540269095113,0,81.2914123535156,81.80344581604,0,98.4348576863607,107.65870166647,125.261871337891,35.6801490017072,0,24.1701533947275,98.7670059204102,0,92.3671558925084,66.9038247328538,44.7996077185011,47.9000451954928,0,112.981353759766,75.9232060621326,106.372606277466,111.951802422019,8.85230413557114,39.4065148624881,28.5876974835138,127.878898620605,78.0379816691081,119.353088378906,39.3630675570869,77.8279392719269,0,61.5286599421034,0,131.604843139648,0,59.7954966227214,0,0,0,0,0,0,0,82.8300748552595,0,79.1325982746325,158.827194213867,0,0,0,97.313003138492,102.71396950313,0,0,0,0,0,56.0655310153961,96.314362895732,105.646997239855,0,0,0,99.053059387207,0,0,113.135089874268
125.067936392391,49.3192470550537,26.9758135445073,45.0907290076477,0,91.6867265701294,126.791567484538,119.920902501757,135.940171542233,125.464499337333,162.321212768555,32.7579406278435,159.993743896484,45.4433655033856,117.958648931785,120.519760131836,101.62112073756,33.9380279509872,30.3377501191142,27.9012479427253,180.844589233398,109.47349862738,84.2847975440647,59.5416357796038,124.017783647702,39.4065148624881,11.6812461559331,29.5953155962708,103.126653701302,107.528631643284,106.591543731007,18.0016784640018,102.442100185818,109.945054796007,64.7567206703085,186.205767822266,98.4022751976462,98.7334183981252,66.6862340810348,0,143.101364135742,138.432891845703,183.0380859375,184.972943987165,0,202.327560424805,99.4364452630701,0,91.9897079959992,177.921023050944,0,216.112251281738,110.661939901072,98.0861903010188,103.092094681342,0,154.312046051025,128.38027381897,137.259458736498,192.755355834961,86.7206846343146,91.9949459708139,98.4707834603816,174.09587097168,174.060317993164,174.319323730469,96.6478545245002,168.675420125326,173.39330291748,119.934758356804
126.380348443985,28.9369239878533,25.2931685366486,37.4353296643894,0,104.952083587646,145.125994595614,104.591285875528,131.545306798031,105.431163326725,143.901098251343,64.9391320144407,137.657327651978,39.1040462706867,125.671680995396,120.247584025065,33.9902255458597,61.6227756943128,64.2932212387116,66.203466139273,159.80989074707,67.98970532921,29.8764518804943,37.7162074331726,80.8817110990517,28.5876974835138,29.5953155962708,13.0357137946113,75.2020009796801,118.289505489289,108.493381762814,23.5088702628781,107.644586472284,114.20606159714,69.5711140138999,179.364344510165,92.535872017465,86.3912648861726,57.9936274666768,0,150.734100341797,173.087455749512,153.565608244676,171.48505859375,138.232154846191,162.80736541748,108.734297295773,0,107.427344760379,171.522605895996,0,67.0596127412757,110.373971041166,105.12149512959,108.063496753518,0,116.798976311317,50.3981578183789,100.171508384963,153.154276972232,87.1389142629262,96.9041373339193,94.0147102144762,140.266203774346,166.335548400879,165.136074799758,105.321511507034,142.204303741455,165.727722167969,117.174642071034
48.4303398601772,86.5337403949938,59.6171242149927,45.2287822466904,13.80602229806,120.364678519113,69.3404073118032,22.1559609978185,60.2827093440331,38.4343561286706,15.0545051662364,146.607553818647,39.5455376355703,152.486781727184,63.6203534700475,69.685367849138,23.8932093611262,104.970793457031,153.330956776937,130.612942737082,21.4479684689636,16.1869963985317,38.6507378403484,30.0019258444126,14.5471079165792,127.878898620605,103.126653701302,75.2020009796801,9.74298154357904,64.0303516018193,16.8272721587054,144.535710652669,120.569121727577,47.4175934697541,47.759621056133,127.898496666733,121.534144083659,133.341652234395,59.2976274925643,71.4357619058518,0,141.847949557834,104.304938690572,131.465201895578,69.4073264201482,115.40742611716,0,63.4843673706055,0,137.246448147681,115.792976379395,94.2780956268311,162.933795928955,0,201.541130065918,121.100542068481,127.254336547852,72.750275860094,136.310540941026,78.6767527724172,0,153.233293442499,135.045721175823,95.8374325076476,134.119966577601,127.406113473993,0,0,114.462230906767,126.955155555238
11.1529289789928,107.242978876287,96.3448985900879,88.4816102485436,87.2230888500548,22.4350849741764,40.3291497019301,31.396418884188,36.1602589136603,85.0858443524204,68.4534571072984,62.7183056879444,81.9706364435865,70.9810565353988,19.3720249091848,49.110515611981,59.3664911096746,95.3224679431776,93.8270866058685,101.02618429594,82.0374305198382,54.9277370357513,75.7180339486841,78.8913195092338,75.6158107240448,78.0379816691081,107.528631643284,118.289505489289,64.0303516018193,10.4979347229877,17.4981769325477,88.4345411412856,15.5473304589942,14.8012146686334,32.1638810763698,159.295358657837,0,158.16822052002,95.8544389163747,127.197757720947,0,192.244190761021,158.662252807617,181.941171264648,103.219425201416,168.31904740767,133.24446105957,97.1856384277344,100.434776306152,177.741585731506,0,0,190.839202880859,181.840972900391,155.621910095215,127.337646484375,167.902557373047,94.7166948318481,158.582659912109,138.952781194373,0,180.782950265067,151.881195613316,136.466149179559,185.729131062826,167.943967437744,0,0,146.715718950544,175.184213738692
22.8243670678561,104.202425130208,68.9118021678629,71.2930330827203,69.3367490768433,96.562084197998,84.0306303090063,11.5535825969652,60.849307510879,57.5047621340365,62.7634642544915,115.65233975365,75.6725632060658,148.319942474365,49.0002729502591,78.5121231079102,49.4642986554778,83.442510289506,119.348145715122,103.90718376177,88.6954956054688,26.6593704268314,50.8362660847111,49.0634321246822,52.5939019272325,119.353088378906,106.591543731007,108.493381762814,16.8272721587054,17.4981769325477,10.1133364287341,145.996959686279,107.48722076416,28.2531822147193,43.1832255647924,118.490357971191,0,131.756956803171,81.6355754089356,140.126739501953,0,0,152.717195510864,0,76.1776466369629,125.534725952148,0,0,0,134.765975952148,0,0,150.642959594727,0,180.039453294542,0,0,60.5304707527161,164.75493367513,99.8497548421224,0,165.987156794621,143.490875048515,101.25782423753,147.800870259603,114.195373535156,0,0,117.4431640625,166.035823822021
182.34147644043,61.1104345014018,94.366626739502,50.1668955355274,0,97.878666469029,100.605641682943,0,112.029450416565,141.291885375977,0,29.2278886827286,146.216125488281,22.9405629076074,108.638498783112,0,110.298486328125,104.715803237188,54.7763576049071,64.9772660515525,0,0,103.536461523024,151.563135782878,140.529466629028,39.3630675570869,18.0016784640018,23.5088702628781,144.535710652669,88.4345411412856,145.996959686279,5.13116662421485,103.931247711182,0,73.6314968811838,0,113.509261131287,144.689743041992,56.2767055422761,0,0,0,173.377182006836,0,0,0,92.7320330142975,0,90.3058004530649,0,0,0,147.635353088379,98.6925768611407,110.920862470354,0,0,153.121765136719,0,156.860198974609,85.0787889957428,93.949981058055,102.276112490687,182.207931518555,151.670257568359,0,96.1614480154855,0,0,140.076171027289
73.1356091978689,104.16870880127,96.0997363003817,118.061311340332,143.677006530762,13.3947118791253,29.5453657960116,118.021244525909,31.9688500684328,123.431035614014,105.322599659795,64.3504480556159,110.012590408325,75.817487706583,21.4903603284079,45.3165924219795,132.991401672363,127.175305684408,93.37014169404,102.371795371727,124.507833934966,102.611105782645,130.868545532227,94.7317216203019,129.30361626365,77.8279392719269,102.442100185818,107.644586472284,120.569121727577,15.5473304589942,107.48722076416,103.931247711182,6.22461973571568,80.1903310503278,37.9562974953503,199.2255859375,0,0,133.913021087646,0,0,0,0,213.577644348145,0,0,137.982120513916,0,122.09107208252,220.559356689453,0,0,0,0,0,0,0,0,0,176.901828765869,0,175.468978881836,161.269521077474,172.954391479492,237.146224975586,207.30876159668,0,0,204.239212036133,223.149139404297
28.083498495862,96.8785247802734,109.754110972087,61.961011870011,63.4254769219293,0,85.2077142888849,46.0699111841463,63.6379314050442,60.1250036125941,64.1297939419746,112.131443405151,82.5594938772696,139.717544555664,31.5871908136907,96.3624229431152,43.7275024243255,89.4369559764862,115.329807281494,103.550653457642,76.1224501194098,49.3364347528528,51.3145094608915,79.9476812208021,56.221437444793,0,109.945054796007,114.20606159714,47.4175934697541,14.8012146686334,28.2531822147193,0,80.1903310503278,6.85234162772946,23.2700611755583,128.477244059245,0,0,70.7587515732338,234.636993408203,0,157.355491638184,116.497543334961,147.081207275391,91.4784994125366,146.317662556966,0,0,0,158.676818847656,0,0,176.965713500977,0,150.586013793945,166.852600097656,123.307739257812,58.0091715918647,178.569183349609,117.469789414179,0,193.926579793294,201.341278076172,115.397653198242,158.747640609741,117.372815450033,0,0,126.61130065918,124.695638020833
84.5783299666185,64.1662436935502,49.0265955947852,64.7923895310783,92.3894351078914,33.1391657164067,45.9372665949053,71.6182631563257,49.4116205209425,77.3764740516399,87.1810807483952,37.4273450184635,92.8655928475516,55.8355511843303,38.9640723999923,47.7783031463623,71.6396832543035,40.730038262434,65.6650011968099,56.6422085984485,87.9231271147728,36.6013899754599,66.149328518722,39.5703503388859,66.2827667746845,61.5286599421034,64.7567206703085,69.5711140138999,47.759621056133,32.1638810763698,43.1832255647924,73.6314968811838,37.9562974953503,23.2700611755583,12.8773807943281,164.596993582589,125.7215162913,103.628156571161,87.3977927768353,141.910373687744,0,190.713424682617,161.719782315768,175.342063903809,95.8175937107631,162.305463518415,110.335749435425,0,102.57970950478,178.837145487467,0,134.256861114502,124.229718344552,129.572075707572,133.971522275863,0,154.01823425293,74.7315790043321,124.12379743788,146.057355544146,130.368262972151,117.217915357944,120.17265271765,145.458115768433,184.513412475586,152.395021711077,113.22099010761,176.29621887207,154.910302480062,148.058759155273
140.240089416504,0,156.458084106445,114.37070719401,147.532165527344,0,181.561559041341,134.428694504958,168.838571401743,109.66682434082,147.723823547363,209.508193969727,150.792724609375,0,163.458372328016,129.960296630859,0,199.314640045166,185.247009277344,200.377624511719,0,118.301910400391,136.275527954102,143.152720133464,123.901123329445,0,186.205767822266,179.364344510165,127.898496666733,159.295358657837,118.490357971191,0,199.2255859375,128.477244059245,164.596993582589,11.7694173539422,122.087303161621,110.316723245089,77.2146857380867,74.801487604777,61.7595831218519,30.5919141059855,21.660886741761,18.6220376404435,67.8919699238074,31.3005972300032,124.911134607652,49.5314447207329,123.590391540527,11.6464484332925,24.1352386621328,71.2780318260193,107.176748584131,134.486803454022,128.113905632633,82.4704365200467,66.6724777412415,67.8072856786839,78.0438342264047,64.5668146911621,132.1911277771,124.321685584816,129.106358946338,65.2225625148705,12.7192752701507,27.0689573398471,175.590713500977,77.4324491882324,25.6385478611234,66.3467456568842
138.579879760742,78.9782861982073,74.0484650611877,112.727062861125,0,0,0,0,0,0,0,107.425258289684,0,110.722691944667,0,0,129.220714569092,106.826706780328,138.6724641588,125.598160687615,0,91.6550827026367,117.847785949707,98.1114231109619,152.223136901855,131.604843139648,98.4022751976462,92.535872017465,121.534144083659,0,0,113.509261131287,0,0,125.7215162913,122.087303161621,6.54001360955769,37.2386014079759,14.1482950191512,0,0,148.528980255127,103.035198042128,136.28501187838,69.5581148320978,131.364372253418,65.953215299078,0,56.1458512836032,123.132884979248,0,81.433733739351,55.3554515286959,71.554426904452,61.3292522468003,0,79.5414094924927,15.9353137791602,64.0323857527513,79.0949194937041,20.5932032524195,45.7207867361865,29.2347952124285,107.163220805507,118.717672348022,111.078592647206,68.6568016841494,99.8871078491211,106.595849990845,66.4813310888749
147.282338460286,73.6586332159527,82.4044520634087,78.1947339001824,0,0,152.553588867188,151.151068253951,175.603396097819,0,0,144.418833414714,173.533813476562,154.442764282227,157.336853027344,0,101.46313495636,101.290242311766,117.308540344238,130.292667812771,0,126.999371846517,86.9100278489133,88.6187053471605,137.951474116399,0,98.7334183981252,86.3912648861726,133.341652234395,158.16822052002,131.756956803171,144.689743041992,0,0,103.628156571161,110.316723245089,37.2386014079759,11.4991525017733,36.0722811693874,114.287986755371,0,139.873065948486,75.7297093141163,120.980601168227,94.5442590713501,118.455384325625,87.0943224850823,120.220977783203,90.3354489253118,117.128094497236,163.865371704102,72.3780047181365,42.6916321650829,81.0592301686605,69.9146877048172,0,58.0254857087747,37.1717749409175,22.1000490488449,87.5139387496794,85.300403050014,32.6269058342516,25.8353151722892,70.1214769349344,119.174934952347,85.5629396169958,84.2159976959229,0,111.127025146484,63.3835825628164
89.16792938926,39.8291450887918,53.1507511479514,22.0266169317617,70.215206691197,118.968729654948,111.761725174753,68.1717197139089,106.110231572931,42.0297530272911,87.7759421853458,57.4905665675296,61.4487241109212,48.337935034434,107.815058098465,75.2216551303864,66.2913979121617,73.6409253503522,70.6442490986415,93.0366420256786,150.187873840332,69.0415421510354,57.1528438134627,64.5778906175068,55.170169748109,59.7954966227214,66.6862340810348,57.9936274666768,59.2976274925643,95.8544389163747,81.6355754089356,56.2767055422761,133.913021087646,70.7587515732338,87.3977927768353,77.2146857380867,14.1482950191512,36.0722811693874,15.9374861892317,69.1217946504292,107.256203651428,90.8544494365824,71.7021238466444,85.7052807042628,12.1719603708944,73.1818657692033,60.4641623961796,59.7074777815077,30.6622878499114,86.4408438630806,48.1841819597327,48.8171393213393,55.5602041128935,59.7098329937647,58.5901226330264,81.9854485648019,54.3452113784186,33.407739829854,59.2872029745532,29.2333497963658,12.9127958033302,43.2691740267955,39.3021351318755,45.5739599620112,82.0326935349849,66.0414036342076,47.1913394695375,114.733869552612,60.5918339490891,66.1256976471625
180.784164428711,0,0,71.1628265380859,8.27280486737928,0,179.101486206055,136.098402404785,131.560307820638,63.6596221923828,34.253482409886,0,28.0495497385661,228.563629150391,0,77.7894515991211,0,0,0,0,10.7462321573229,0,0,0,65.7360081305871,0,0,0,71.4357619058518,127.197757720947,140.126739501953,0,0,234.636993408203,141.910373687744,74.801487604777,0,114.287986755371,69.1217946504292,7.16498863971626,0,55.038836895978,58.5817868632655,80.1088489532471,39.4660196161982,18.7107041771612,0,24.1249041101906,0,94.1390965779622,53.3936834335327,103.241500854492,0,0,0,10.6740100243512,101.418800354004,128.184341430664,130.409057617188,13.8844012292731,0,0,118.550605773926,10.0268018596255,95.9403347439236,84.5526580810547,0,131.688583374023,84.3642740751568,87.7787518220789
0,0,0,0,0,0,0,0,0,0,0,0,0,105.721099853516,172.51774597168,0,0,0,0,0,0,0,0,0,0,0,143.101364135742,150.734100341797,0,0,0,0,0,0,0,61.7595831218519,0,0,107.256203651428,0,7.12361672882854,7.90739041997044,105.493766784668,13.2384393277565,76.918092250824,82.326084391276,65.9636496159068,114.753082275391,80.6603430175781,29.768361382073,10.9214071999114,160.93034362793,93.9351844787598,89.1864064534505,93.9458474053277,0,0,108.706436157227,0,112.685922796076,97.3135719299316,98.0452766418457,119.258685811361,97.0924682617188,26.1530045782808,183.483215332031,94.0966819763184,10.981342513271,49.0230484008789,33.2607771788186
