11.1590922191589,140.481245676676,101.437919211032,80.0336527597337,92.544375388853,79.7947138618021,84.3758007124358,35.3419309450011,56.3643277250512,77.1956316034845,69.0853521840213,127.985764796632,98.7321442634829,148.394192622258,17.7112869120166,116.90212726593,105.981558426567,105.461711221371,132.982020187378,123.9441665411,95.3557929992676,83.3423507431806,97.3265042986189,97.0325954306839,82.4618690428315,140.185796101888,125.242080457749,133.943375192037,81.1964272331244,20.4213190179827,32.0183590164499,164.906428745815,75.488678636222,36.4583857937863,70.8789393596799,152.951349894206,130.171039581299,181.03388432094,100.800046243975,166.829833984375,0,162.976800537109,152.770658290133,178.203451056229,98.8748649597168,168.622431828425,0,156.265228271484,224.350769042969,182.124441823652,0,146.698306274414,193.803115844727,0,199.457683563232,135.771647644043,140.095863342285,116.000714619954,208.40517578125,129.246207722072,0,177.585322062174,190.426178876091,135.769332742691,161.677723986037,144.792706242314,0,206.345611572266,157.137924194336,165.003900381235
140.481245676676,8.53052166934502,42.5667819902878,22.7781508894598,116.450424194336,146.783428192139,150.776688711984,143.145953877767,137.655693580364,79.9616967834011,165.427331542969,63.8828590572582,128.982014126248,49.660498644233,120.544502397017,118.078991572062,86.5987810655074,53.8390913902245,64.2939063525591,55.4649314335414,0,103.341648910985,24.2266138301087,62.5346302263664,83.3565994942025,17.383052998325,44.4554672580128,31.2065324462128,105.73439275002,120.854766845703,114.060199064367,60.9816428985596,151.288772583008,123.573284912109,64.0491876571409,203.713424682617,93.2868423461914,90.5955190658569,68.3006660198343,0,0,184.080337524414,173.049743652344,171.208984375,167.09071858724,161.179832458496,97.9552046457926,172.706878662109,100.110039075216,199.056991577148,0,126.784069061279,107.269914899554,118.155747413635,95.4699897766113,0,0,126.911106872559,139.649444580078,163.335840861003,78.1997614966498,97.7066034044538,101.947238099341,175.290645599365,173.424423217773,187.570953369141,106.326519648234,0,0,137.954534912109
101.437919211032,42.5667819902878,14.2323834062526,43.2352688688062,146.371699523926,174.238740285238,143.768745891864,101.965334576323,129.318340004317,116.988471590239,121.602969913093,84.705078368072,180.440568712023,91.0270341207396,121.052794915972,146.516123845027,89.6659860378358,48.1588394203921,81.6291894299245,66.3204689320553,178.319525400798,74.6026111260743,54.1369990644784,30.2651963908855,121.029808500893,86.1177713730756,38.7582680959191,32.6506230322278,94.3724257082922,126.90356990087,88.443122230966,85.7801187324524,170.649236505682,106.070759020354,62.2958327203925,183.56940375434,77.4702509774102,92.8553891305479,61.263765624525,194.316970825195,0,202.061571393694,160.282523415305,192.261589050293,156.754558139377,192.200546264648,139.23698425293,212.163513183594,141.955836825901,181.662986331516,0,140.652088994565,109.663840778057,137.669985844539,125.078533313893,0,138.720599583217,76.3244246441385,116.145771509695,158.205161889394,118.551649911063,99.6845170945388,96.4547557258033,169.204197810246,200.763672772576,144.779872547496,148.519486745199,0,165.746744791667,115.48621224666
80.0336527597337,22.7781508894598,43.2352688688062,19.7453417165339,95.014657891315,112.138288497925,87.9515349978492,66.4195826127179,86.6204332684313,23.7421976864767,80.8536530968977,76.9477873765029,111.519902610779,56.8068614579289,93.2584034115987,72.00397605896,37.2944889525471,60.8655154895904,84.2587551181599,67.3715544201079,89.1371191464938,61.3272504260089,28.5143448157033,59.3782268479252,38.2005967324546,28.2791186461836,52.1851816084521,39.5541263528532,55.1338049047992,79.9297878549188,64.3956068209156,82.7445443601024,128.001169541303,63.6494878793692,67.0828822444384,108.968919425175,48.5369874514066,68.7500867922444,9.28916512459163,144.162078857422,0,92.085196685791,78.6272291183472,117.248239633988,10.1145905683625,108.235079356602,124.214364793566,112.187861124674,100.928781208239,113.352251467497,0,51.3570678971379,88.6776488234357,131.133775983538,99.4172507976664,99.9788029988607,78.5870787811279,18.6242571602697,68.5274565847296,63.6207188870044,100.041112379594,76.4967162346965,65.3162924546462,78.4679574091077,95.1450159610846,89.218600240247,96.0382919311523,144.187438964844,93.7030968299279,93.0536578893661
92.544375388853,116.450424194336,146.371699523926,95.014657891315,9.50464919542548,107.233996464656,62.1679424573589,51.9520075304755,100.766559449966,47.9774590156339,25.235966248369,164.435855102539,26.6675464851375,160.49137878418,107.691567378761,61.9708028940054,113.697364807129,209.073699951172,202.957794189453,235.09944152832,12.4327308371618,161.929328918457,82.9088846842448,142.96236483256,20.4037946962296,0,184.74973825308,178.406366729736,21.5572156038476,104.130538033439,119.190709795271,183.819125366211,134.332572460175,92.7410608927409,99.009544653051,168.020788574219,0,188.509857177734,74.2087275187175,12.876029502887,0,145.585308000153,130.383409954253,159.793034362793,89.9193473815918,115.200323826849,0,84.0119953522315,233.21492767334,152.835675407858,104.628752457468,0,224.99649810791,0,216.289321899414,21.537908082423,0,144.602656046549,184.100509643555,104.92418327659,202.679061889648,0,242.190170288086,80.4719566429363,156.044103269224,127.129974365234,0,0,0,149.953363691057
79.7947138618021,146.783428192139,174.238740285238,112.138288497925,107.233996464656,8.25504926778944,13.3349459254277,107.089833146435,24.9325071764226,63.9952090127127,100.747156380318,57.9270822244798,80.4800515362597,90.7291812896729,26.8501226566759,18.4300803546438,0,107.479614257812,117.919209798177,135.77027130127,112.102259318034,130.803922653198,113.386170281304,158.304008483887,92.5762048779112,82.6859499613444,137.505868639265,145.63535209324,126.308949002353,21.9127057852128,121.944104003906,119.943481445312,11.872473845627,131.958274841309,28.2863621946241,0,0,190.244895935059,140.065994262695,0,0,0,191.702163696289,215.845883178711,167.633239746094,0,0,187.22624206543,125.414657592773,205.233520507812,0,0,146.047027587891,0,0,187.926396687826,0,0,0,178.33108990009,0,155.537353515625,145.053497314453,185.119094848633,219.967308044434,238.648040771484,0,0,0,0
84.3758007124358,150.776688711984,143.768745891864,87.9515349978492,62.1679424573589,13.3349459254277,12.1693769478626,58.7894409887212,20.9547612629151,68.7648507146876,28.6492823393586,98.3292119426112,24.7091845184702,114.573333793963,40.915582002104,12.7146615515193,152.660070146833,155.029526265462,107.367606099447,173.713810640223,42.3675892944774,129.974692320212,122.433283487956,141.28649591363,75.5058420220786,78.2185115814209,160.018796144418,156.780040214802,77.2519987074883,39.7564763038434,121.143139793759,145.992576599121,28.9391905274036,90.7942600250244,79.5006112399167,174.105859375,212.993041992188,214.3708152771,114.151616040398,145.234106826782,0,161.030422929404,154.664102554321,176.0254402531,137.011789321899,158.218984836485,222.841087341309,103.932886948457,111.741119384766,178.773469052072,216.481300354004,194.673370361328,224.99365234375,246.954452514648,200.718963623047,103.164956439625,190.355239868164,154.30178416859,195.384140014648,133.774652223329,201.065383911133,198.784091949463,204.835852622986,148.178239098207,175.70185443717,176.886927604675,0,211.333274841309,0,180.494646857767
35.3419309450011,143.145953877767,101.965334576323,66.4195826127179,51.9520075304755,107.089833146435,58.7894409887212,11.1184243844417,55.6868735229974,57.8210945777989,23.7821732419287,151.796342729013,62.9555039590643,172.530738567484,46.581639279062,78.606403463027,113.044687361944,114.311627649999,144.074394836426,137.41536414105,64.9026827879992,77.3535574113775,93.9689582352786,89.9540449957104,57.3722302989232,194.457611083984,131.329054995222,129.057309006845,37.2822826393392,64.1497248507746,26.8079865454685,169.299244689941,118.956600376817,69.7094588059645,94.6173811739261,141.813134476945,162.802510579427,168.608758365407,86.635720155677,132.132934276874,217.392974853516,143.508798758189,137.768380576686,161.008938124686,98.2699971450003,138.79338200887,206.540618896484,139.84247316633,241.504287719727,157.994816040725,133.989852905273,151.854183055736,189.970918828791,231.501075744629,206.125053405762,131.276693089803,165.107553754534,105.871720433235,157.399289449056,114.845361258237,212.513717651367,196.422112857594,168.501090761215,128.185580864051,157.581763166722,151.40784807903,0,223.758087158203,134.224266052246,152.95378709876
56.3643277250512,137.655693580364,129.318340004317,86.6204332684313,100.766559449966,24.9325071764226,20.9547612629151,55.6868735229974,12.585831444226,85.1102743090296,33.9347456184324,84.0203906315476,87.1174060615005,105.805974441662,16.4561327588771,35.0494539192947,139.506451924642,144.54494385268,115.229151407878,146.388867526584,89.9498180382543,111.788132656143,126.921167226938,125.620865672694,89.5721363564313,94.2689287185669,141.838787108486,147.355329694246,92.0764455071517,28.7541905641556,88.269464143565,117.474380760862,21.9108857938664,96.2760928017752,57.0815991982332,164.909195920254,167.825202941895,197.390820185343,109.629015662453,170.826760609945,239.511322021484,168.874266147614,154.735583598797,176.478003518623,134.896629333496,166.392344105,181.832145690918,169.81077448527,205.95681254069,179.050554051893,176.473059082031,164.484352111816,202.468914794922,169.920583089193,198.507967631022,141.425544314914,166.447881062826,133.105318422671,193.049178413723,137.718844898732,113.61083984375,192.067581979852,186.51247215271,145.624794087339,175.151234455598,167.741209716797,190.684087117513,200.355407714844,169.752801513672,177.888131075127
77.1956316034845,79.9616967834011,116.988471590239,23.7421976864767,47.9774590156339,63.9952090127127,68.7648507146876,57.8210945777989,85.1102743090296,7.66398167880128,68.8215686459638,133.336172077018,12.6842018052725,128.125803801513,92.0235044171733,19.2866234222184,77.7507841994123,132.130488273425,133.329390323523,145.579086812337,29.7033612530702,103.35873756946,27.694796583135,120.485556266677,17.403387872801,106.837922284703,124.888086396504,103.543590103299,48.6124486390412,81.4305490146984,65.8990973185883,137.646166275959,126.212316131592,67.9056434631348,98.1959052001231,116.690498352051,0,157.336512247721,48.5221433947163,90.1923027038574,0,125.761837352406,122.824661254883,134.8921380294,56.6494580048781,98.0859078117039,0,93.0245139178108,162.783192952474,148.825166320801,59.4971496582031,133.708037240165,188.330307006836,0,193.86888885498,77.8357563018799,180.422653198242,116.01860332489,145.270065307617,88.5583261805257,170.260655721029,179.772318522135,172.882764928481,99.6872608967316,139.344959483427,113.698143959045,199.897232055664,0,0,130.460676193237
69.0853521840213,165.427331542969,121.602969913093,80.8536530968977,25.235966248369,100.747156380318,28.6492823393586,23.7821732419287,33.9347456184324,68.8215686459638,12.4136411309953,159.531909342562,24.992099469311,173.937871115548,66.5176779674119,68.9888612901842,141.631564617157,148.185943346345,180.799021720886,160.355161794027,18.8047467204858,98.7661556872455,113.456143951416,111.061501654771,61.6330972544421,186.732989501953,151.223172040563,150.103562425447,30.0973359867315,96.7641310014158,77.835258156781,181.757043318315,114.424848877982,85.3737340406938,97.058388159527,154.831146240234,171.653928484235,179.13043123133,100.023353145434,123.370374898557,202.216171264648,156.420285423766,144.739671937351,165.085550603896,105.680871800014,148.113067119535,219.016235351562,137.651231064516,225.495269775391,171.218066949495,140.942018236433,169.244204203288,211.82440839495,0,245.827751159668,85.7939854419593,202.990637642997,139.390678405762,177.509973526001,122.524186064999,203.614929199219,216.113506919459,193.246024889824,139.80904822551,169.993825924624,165.349436569214,243.455688476562,206.54434967041,179.422870635986,176.911882019043
127.985764796632,63.8828590572582,84.705078368072,76.9477873765029,164.435855102539,57.9270822244798,98.3292119426112,151.796342729013,84.0203906315476,133.336172077018,159.531909342562,10.7219868140576,148.182024148794,28.0809713244085,79.1250496535685,146.600516891479,125.550381796701,46.7628522630298,23.976321903113,22.1198066909623,154.909384591239,85.4643958920921,102.39637645803,78.8995311115727,148.238189591302,36.3815858807004,35.4749265611955,68.1830489385296,152.035271205785,76.2006454176575,104.07041209153,42.6132078815496,56.6090164952115,87.8301548361778,26.3324530125862,192.496868133545,102.437817891439,155.682042312622,85.8667619984324,0,0,0,195.168644496373,230.794540405273,187.847900390625,0,74.0959613058302,0,68.3860404478675,184.45565359933,0,144.421679178874,144.510962486267,103.395771789551,118.716974111704,0,176.991634368896,139.187394142151,181.788257598877,202.067825317383,55.7850418529291,105.901535630791,116.270630142905,211.647228534405,209.003723144531,185.512759399414,93.2218466496122,111.802223205566,0,117.737454414368
98.7321442634829,128.982014126248,180.440568712023,111.519902610779,26.6675464851375,80.4800515362597,24.7091845184702,62.9555039590643,87.1174060615005,12.6842018052725,24.992099469311,148.182024148794,11.4991444333959,166.636979239328,103.597000993448,19.5181358161798,174.841934204102,194.061983380999,161.553204345703,187.207560221354,16.3707023052034,175.000432332357,70.8966050889757,159.303343380199,20.0648937547446,182.505748748779,178.323330116272,140.768495929775,46.3958234517343,108.709519005243,132.896926533092,177.176223754883,117.835696079934,137.701019287109,102.725223351084,175.40017191569,0,235.942779541016,79.4097747187461,127.609463095665,241.949905395508,168.24461925731,150.292954531583,178.723035459165,95.7238631870436,158.915815147987,232.235443115234,18.5018626667324,238.334823608398,176.984381103516,107.745234171549,0,0,234.786682128906,0,49.7996315396862,0,125.136148452759,147.994857788086,126.504762380895,0,0,175.685496738979,144.888858456082,183.886047363281,181.256312779018,0,0,177.865036010742,200.078926086426
148.394192622258,49.660498644233,91.0270341207396,56.8068614579289,160.49137878418,90.7291812896729,114.573333793963,172.530738567484,105.805974441662,128.125803801513,173.937871115548,28.0809713244085,166.636979239328,8.70324943484631,99.7623304023117,193.288330078125,146.170047413219,91.6750435739193,44.9144261223929,56.4260456693684,155.980400085449,145.371325683594,95.3161799670216,114.988180472181,140.514317145714,21.5248434092326,40.1573858636739,45.5632331179284,165.599643198649,98.4825698165532,142.556366078994,14.9020238016411,76.3264674962124,107.009651184082,64.1177622057357,191.252334594727,107.369166692098,160.806368509928,55.2889861520731,181.214508056641,114.064872741699,0,201.597076416016,174.919057573591,162.066253662109,0,69.685667514801,198.657363891602,66.8427602079905,188.466267903646,0,0,157.937860488892,103.564102554321,126.825469970703,213.576568603516,0,140.294807434082,185.835459391276,225.682913208008,54.7568954584253,97.9927998984732,105.613129035576,232.336669921875,171.105429077148,188.322425842285,83.8600063323975,144.063995361328,0,98.5538776104267
17.7112869120166,120.544502397017,121.052794915972,93.2584034115987,107.691567378761,26.8501226566759,40.915582002104,46.581639279062,16.4561327588771,92.0235044171733,66.5176779674119,79.1250496535685,103.597000993448,99.7623304023117,8.92240162227395,55.7199183872768,139.665878861039,126.479969567626,109.214408072872,119.90623591068,100.944165524819,105.689630967949,110.264551732958,114.228283823871,97.1010070370023,96.0902760225184,124.628121596435,135.151264540728,96.0316180436212,21.681789338788,67.6909559661865,113.092161778041,11.7281990902576,36.1487655448914,42.4812936341995,176.293431034795,166.759633382161,186.954355149042,114.073800685042,185.110441843669,208.686157226562,190.312415675113,158.150997161865,191.48317357996,121.201552472796,181.889444351196,205.111310958862,173.980177307129,169.672673543294,187.75008719308,212.35368347168,173.146769205729,192.512438260592,158.02240562439,168.222376896785,140.605172899034,179.093991597493,121.970909705529,175.553161621094,141.294069912559,131.19928656684,173.596986987923,180.330670633624,148.808235104524,182.188326049805,163.502712968467,147.538005828857,206.188491821289,153.892044067383,181.909506903754
116.90212726593,118.078991572062,146.516123845027,72.00397605896,61.9708028940054,18.4300803546438,12.7146615515193,78.606403463027,35.0494539192947,19.2866234222184,68.9888612901842,146.600516891479,19.5181358161798,193.288330078125,55.7199183872768,8.58627615992662,0,183.91460164388,0,0,53.7590501805147,123.23198445638,78.518497467041,143.260089527477,46.6124764475878,0,182.93187713623,137.762136697769,78.8498488716457,52.1949853085457,105.867733001709,163.417755126953,37.7419777335044,118.474678039551,115.124416732788,0,0,181.724334716797,62.8464456285749,0,0,158.7958984375,100.964538574219,190.917303466797,55.2336502075195,136.282137552897,216.443954467773,90.6679215431213,0,177.484535217285,0,0,0,0,0,121.20768737793,135.362518310547,0,0,132.543279760024,0,202.789047241211,226.436401367188,140.118820735386,222.847407023112,148.990356445312,0,0,0,0
105.981558426567,86.5987810655074,89.6659860378358,37.2944889525471,113.697364807129,0,152.660070146833,113.044687361944,139.506451924642,77.7507841994123,141.631564617157,125.550381796701,174.841934204102,146.170047413219,139.665878861039,0,13.263857595291,117.603338068182,155.918177286784,123.747712271554,0,29.3364665438741,29.3008290016909,29.3956364344121,27.9974516870982,117.827313741048,119.498954129506,33.4941557683142,43.0281520346031,87.1085842795994,77.1454449371275,136.058128356934,159.904993057251,70.6830938273463,78.0740021051145,123.18316523234,120.451681137085,111.392529805501,58.5121803283691,198.276275634766,0,203.515342712402,139.610068581321,173.650787353516,140.900683085124,188.224665323893,160.14714050293,0,157.374710083008,153.297198486328,0,49.8850763782936,147.562792021653,192.188552856445,167.892358398437,0,108.644084057176,55.4378866751989,104.521616532067,117.443436540876,0,141.649480002267,102.730264878431,114.032778366752,131.970531845093,115.068276508038,0,0,110.581151326497,121.004353841146
105.461711221371,53.8390913902245,48.1588394203921,60.8655154895904,209.073699951172,107.479614257812,155.029526265462,114.311627649999,144.54494385268,132.130488273425,148.185943346345,46.7628522630298,194.061983380999,91.6750435739193,126.479969567626,183.91460164388,117.603338068182,8.88807579986161,45.0080972483605,26.6987407994905,194.540532430013,55.6707098705638,95.6236831921489,26.4666425580535,141.77843166303,61.4783703599657,35.1016484805125,67.9371403461202,124.306047360102,107.202954984034,83.8152260842802,96.653889527192,141.939465332031,94.729418154116,28.8096989040388,170.622776031494,99.922918880687,122.433764390542,69.7527456561339,0,0,0,181.253930898813,220.163798014323,194.071273803711,0,138.124465248801,233.709457397461,124.450597763062,190.718588256836,0,137.690634727478,120.601680526733,130.443579900832,116.545802575571,0,165.900153023856,121.530120001899,150.035640550696,188.744283822867,97.4397994147407,103.865600940278,113.998560123756,186.77414634011,172.900228326971,165.428069220649,133.829020413485,0,186.131225585938,123.006154523577
132.982020187378,64.2939063525591,81.6291894299245,84.2587551181599,202.957794189453,117.919209798177,107.367606099447,144.074394836426,115.229151407878,133.329390323523,180.799021720886,23.976321903113,161.553204345703,44.9144261223929,109.214408072872,0,155.918177286784,45.0080972483605,8.10120126299525,10.3880693156283,176.847351074219,109.934506196242,108.150235748291,80.3631124959409,151.705298574347,46.9147476092723,26.3590502364538,67.3750853911458,165.992245144314,114.612360046023,116.410628890991,46.9424867630005,93.8167461395264,115.191455417209,56.5428445141529,0,115.918677193778,143.22211265564,81.5549173769744,0,0,246.014190673828,0,195.863327026367,0,0,92.4601466587612,0,83.1666631783004,190.90242767334,0,136.842163085938,125.573361714681,102.989451302422,107.540723097952,0,177.491424560547,159.851198832194,162.000717163086,212.292999267578,66.8613337302695,96.093574180603,108.546845864123,0,175.810344696045,227.146789550781,90.8750265212286,0,0,108.811828613281
123.9441665411,55.4649314335414,66.3204689320553,67.3715544201079,235.09944152832,135.77027130127,173.713810640223,137.41536414105,146.388867526584,145.579086812337,160.355161794027,22.1198066909623,187.207560221354,56.4260456693684,119.90623591068,0,123.747712271554,26.6987407994905,10.3880693156283,7.98295588354002,210.139236450195,87.5274314420769,106.920200160292,63.8877902215131,159.007168185326,44.4600663986881,23.4152811098559,69.3829908235996,152.97724472267,116.228238881429,105.065879131654,60.0577862286809,115.785592820909,102.228358571122,39.5852883675429,180.821197509766,117.035278320312,138.593316214425,68.0752375676082,0,0,0,200.933529663086,209.557693481445,184.703819274902,0,98.1837163125315,0,90.1231328790838,201.731630597796,0,173.353286743164,131.61316095988,103.387528555734,102.979528227849,0,166.409194946289,155.729071299235,170.883399963379,193.95938873291,71.1108083255955,95.0416553882512,103.983548243627,238.728276570638,184.134889602661,154.385762532552,95.6550378799438,104.50318145752,180.72403717041,114.845123817181
95.3557929992676,0,178.319525400798,89.1371191464938,12.4327308371618,112.102259318034,42.3675892944774,64.9026827879992,89.9498180382543,29.7033612530702,18.8047467204858,154.909384591239,16.3707023052034,155.980400085449,100.944165524819,53.7590501805147,0,194.540532430013,176.847351074219,210.139236450195,9.53431471183276,114.245226542155,70.24201130867,151.185528564453,16.6836185080056,164.242792765299,174.764477433829,155.080663469103,30.3624591967091,106.029178454425,143.809048788888,186.351333618164,130.365489666279,115.094606018066,96.8992804013766,143.311721801758,179.552658081055,0,75.4027249472482,52.1326358143876,0,154.562205580414,143.290980777225,165.043649362963,98.3326583490139,145.536402404785,0,15.5371002976237,0,172.758428631407,122.932609558105,0,215.073333740234,0,228.744659423828,16.9226254828182,206.035003662109,129.759601593018,184.639724731445,119.165763322697,214.102752685547,229.535507202148,208.132545471191,139.644049692154,176.056074354384,177.882967267718,225.634460449219,0,0,190.595441182454
83.3423507431806,103.341648910985,74.6026111260743,61.3272504260089,161.929328918457,130.803922653198,129.974692320212,77.3535574113775,111.788132656143,103.35873756946,98.7661556872455,85.4643958920921,175.000432332357,145.371325683594,105.689630967949,123.23198445638,29.3364665438741,55.6707098705638,109.934506196242,87.5274314420769,114.245226542155,14.4770940128,59.5104785226726,30.310017389299,79.7701328626046,117.737888336182,101.763921286843,80.6804498521949,32.0580440630288,56.3975933296419,34.1255071940915,162.805065155029,147.872980753581,60.0307991180891,46.2899347234272,172.56035396031,105.360416412354,125.271685155233,76.1334367370605,195.620178222656,0,169.260070800781,155.545003255208,204.619361877441,130.379269191197,166.981338500977,159.52571105957,0,162.731521606445,188.593727620443,0,84.0521190919374,159.645197550456,0,143.392565409342,238.037811279297,119.767470267511,80.5663789113363,128.651129164137,123.22222270522,136.696029663086,163.679701861213,125.213738634407,126.531515938895,150.558675977919,121.581129220816,0,0,136.413743336995,135.440564864721
97.3265042986189,24.2266138301087,54.1369990644784,28.5143448157033,82.9088846842448,113.386170281304,122.433283487956,93.9689582352786,126.921167226938,27.694796583135,113.456143951416,102.39637645803,70.8966050889757,95.3161799670216,110.264551732958,78.518497467041,29.3008290016909,95.6236831921489,108.150235748291,106.920200160292,70.24201130867,59.5104785226726,9.38651691104119,54.9523141292671,30.4431966595059,76.3223997751872,98.4081924293615,42.7976594332262,56.870982707476,79.7825089968168,63.0723453243029,105.138586662185,135.640141078404,58.1386775355185,74.7755392824015,111.067781236437,0,98.0531922943738,29.7568104142944,97.3601913452148,0,134.56335067749,104.374433102815,139.510774400499,15.8202819806558,131.717042922974,135.34610748291,141.317474365234,145.665161371231,124.546201433454,97.5845794677734,50.0297439605835,132.552440643311,0,136.639790621671,133.039777119954,77.7526265924627,14.7390463827178,71.4461391582045,80.5877632940969,148.758015950521,133.894234058469,97.1970013914437,93.5433361508431,107.655700949735,85.2313514285617,0,0,69.0483322143555,90.8654063680898
97.0325954306839,62.5346302263664,30.2651963908855,59.3782268479252,142.96236483256,158.304008483887,141.28649591363,89.9540449957104,125.620865672694,120.485556266677,111.061501654771,78.8995311115727,159.303343380199,114.988180472181,114.228283823871,143.260089527477,29.3956364344121,26.4666425580535,80.3631124959409,63.8877902215131,151.185528564453,30.310017389299,54.9523141292671,17.057604200073,100.937079990792,99.7741902669271,65.0086561835696,57.3620980491443,72.9454093069038,95.1552988139607,61.7137250593372,118.099450707436,162.997304769663,83.7289829522791,50.45806913652,183.959373474121,105.853348703095,103.63289438014,69.1379835445989,198.833847045898,0,191.865043640137,173.360647651587,200.855491189396,159.186613195083,195.070790608724,157.666002909342,0,156.463005065918,198.71926093824,164.223785400391,60.8131237046819,127.216957092285,155.764429092407,147.479639325823,163.35920715332,124.149242980318,73.8662367577248,112.494008869171,153.851828555933,136.946582794189,125.152116551119,102.265341879761,156.311697702559,185.440720484807,156.721219991048,177.187103271484,0,189.842371622721,131.463907804421
82.4618690428315,83.3565994942025,121.029808500893,38.2005967324546,20.4037946962296,92.5762048779112,75.5058420220786,57.3722302989232,89.5721363564313,17.403387872801,61.6330972544421,148.238189591302,20.0648937547446,140.514317145714,97.1010070370023,46.6124764475878,27.9974516870982,141.77843166303,151.705298574347,159.007168185326,16.6836185080056,79.7701328626046,30.4431966595059,100.937079990792,10.1697476640611,122.074108695984,139.670548796654,85.5849932314796,22.6706587637251,89.6951944818945,74.1494149517163,146.445614207875,137.950361633301,75.4535360154997,92.2469922302339,123.96034051618,144.968948364258,147.196257664607,58.905987835435,53.20275285743,157.227500915527,126.818700624124,113.888827839022,139.128909080562,70.6128517953973,113.600602981892,193.760772705078,84.9559699240185,187.60771484375,138.389761724392,97.0737682978312,97.5937534633436,178.560789320204,225.621681213379,199.890869140625,61.3868446783586,120.180509609646,73.0318842642648,147.659337711334,92.1886837720871,183.771154785156,182.084579467773,145.98615137736,101.952968875441,131.495526166029,118.697300410362,215.324501037598,165.903200422015,121.493984719981,136.882858561046
140.185796101888,17.383052998325,86.1177713730756,28.2791186461836,0,82.6859499613444,78.2185115814209,194.457611083984,94.2689287185669,106.837922284703,186.732989501953,36.3815858807004,182.505748748779,21.5248434092326,96.0902760225184,0,117.827313741048,61.4783703599657,46.9147476092723,44.4600663986881,164.242792765299,117.737888336182,76.3223997751872,99.7741902669271,122.074108695984,7.28622789344132,37.6074485404207,33.1546275169701,160.015783309937,112.021474326529,131.299027442932,40.6703179832939,78.4498076805702,132.291046142578,61.4937144756317,179.679817199707,106.536582946777,132.925853729248,38.7013224124908,0,0,0,196.572807312012,238.443832397461,0,0,77.7685993596127,204.1162109375,67.9996493432374,191.41335550944,0,0,101.04663848877,81.591913011339,78.7529319556984,0,119.118240356445,129.035079956055,160.899810791016,177.818496704102,48.4442083070863,77.3324047785539,83.4479362263399,216.616302490234,183.943899154663,177.130508422852,83.0266216993332,115.751705169678,143.336975097656,87.5326630728585
125.242080457749,44.4554672580128,38.7582680959191,52.1851816084521,184.74973825308,137.505868639265,160.018796144418,131.329054995222,141.838787108486,124.888086396504,151.223172040563,35.4749265611955,178.323330116272,40.1573858636739,124.628121596435,182.93187713623,119.498954129506,35.1016484805125,26.3590502364538,23.4152811098559,174.764477433829,101.763921286843,98.4081924293615,65.0086561835696,139.670548796654,37.6074485404207,14.0014452016901,34.7381064655705,139.27250400016,121.426286074885,111.830829850589,26.5590180560869,128.502306011361,116.420815531413,58.1186597842758,174.42844136556,102.986399287269,118.378512466786,59.6059176416519,241.793823242188,0,223.314682006836,177.297407670455,195.305462791806,179.696284484863,208.309020996094,95.2282198066385,210.598594665527,86.6809432304512,186.655599306708,0,161.879081726074,109.601070536815,98.0243501742461,98.5058045169676,228.200332641602,165.355975710112,138.784368726942,145.256862881817,198.812596321106,64.0581731174303,89.5771308272089,97.0677741667804,200.018780008952,175.622837987439,159.236216391287,93.0128597043595,172.99341583252,152.948600769043,112.960763963064
133.943375192037,31.2065324462128,32.6506230322278,39.5541263528532,178.406366729736,145.63535209324,156.780040214802,129.057309006845,147.355329694246,103.543590103299,150.103562425447,68.1830489385296,140.768495929775,45.5632331179284,135.151264540728,137.762136697769,33.4941557683142,67.9371403461202,67.3750853911458,69.3829908235996,155.080663469103,80.6804498521949,42.7976594332262,57.3620980491443,85.5849932314796,33.1546275169701,34.7381064655705,16.7060921398133,88.4881290772702,130.816160460752,118.004060997153,24.7468209664206,140.339804472747,122.599475356768,71.6076885812225,180.195895385742,86.5647553955482,96.3187220290388,56.6561639124892,180.400619506836,162.240928649902,198.333130685907,168.750740156503,195.320023901669,160.442971882067,195.710251548074,104.654386343607,182.408233642578,95.2729149046687,181.532873116288,165.142221069336,92.641852361891,113.591988566578,107.57435206993,108.554190101308,168.257469177246,137.124773717189,71.2681858740393,111.474896389246,159.096827481244,71.9284411839077,96.399344660157,96.8557343292236,162.164924296927,178.001478649321,158.03525018692,102.901157363706,0,152.668817138672,115.3980723422
81.1964272331244,105.73439275002,94.3724257082922,55.1338049047992,21.5572156038476,126.308949002353,77.2519987074883,37.2822826393392,92.0764455071517,48.6124486390412,30.0973359867315,152.035271205785,46.3958234517343,165.599643198649,96.0316180436212,78.8498488716457,43.0281520346031,124.306047360102,165.992245144314,152.97724472267,30.3624591967091,32.0580440630288,56.870982707476,72.9454093069038,22.6706587637251,160.015783309937,139.27250400016,88.4881290772702,13.7632769752502,86.2858417369214,42.0847275119734,163.868223063151,137.343906220936,69.821564605891,79.776367021182,130.839745700949,158.634405136108,147.924443100438,73.7631397468731,113.640612653784,165.763830820719,143.463980585337,122.583159820649,150.622214265131,78.5824495536284,135.776728143755,205.591743918026,134.619824727376,201.077508544922,152.004748169542,131.250257155474,110.823432607388,184.393526810866,207.826171875,205.570586395264,84.9706368790833,128.154309182797,81.9657617379691,147.42791311476,105.570954468262,191.242141723633,192.8918678647,153.379713520251,116.418539062565,142.573891546398,125.660463731939,0,183.467083740234,131.264501607643,144.065268776634
20.4213190179827,120.854766845703,126.90356990087,79.9297878549188,104.130538033439,21.9127057852128,39.7564763038434,64.1497248507746,28.7541905641556,81.4305490146984,96.7641310014158,76.2006454176575,108.709519005243,98.4825698165532,21.681789338788,52.1949853085457,87.1085842795994,107.202954984034,114.612360046023,116.228238881429,106.029178454425,56.3975933296419,79.7825089968168,95.1552988139607,89.6951944818945,112.021474326529,121.426286074885,130.816160460752,86.2858417369214,10.4509594323251,23.6664495081499,103.011173248291,8.82349366984001,13.6297518804913,38.9539424125612,160.260792773703,193.18503112793,170.931655883789,96.535066275761,172.389339793812,0,178.410764840933,149.697383356094,186.771469447924,107.434041207297,179.890808105469,166.248767089844,160.200973510742,151.775333404541,176.44533267551,197.633183797201,121.760763021616,217.192227681478,187.432327270508,174.99934387207,156.086928734413,138.660980224609,97.9467274270407,174.666187452233,134.687860247411,168.461601257324,187.737293052673,172.594137328012,141.901099530183,168.865939910153,150.199689108228,197.036117553711,0,154.863531748454,164.654315747713
32.0183590164499,114.060199064367,88.443122230966,64.3956068209156,119.190709795271,121.944104003906,121.143139793759,26.8079865454685,88.269464143565,65.8990973185883,77.835258156781,104.07041209153,132.896926533092,142.556366078994,67.6909559661865,105.867733001709,77.1454449371275,83.8152260842802,116.410628890991,105.065879131654,143.809048788888,34.1255071940915,63.0723453243029,61.7137250593372,74.1494149517163,131.299027442932,111.830829850589,118.004060997153,42.0847275119734,23.6664495081499,10.8328890898674,141.667884318034,128.515921783447,33.3481568358998,44.6903599093822,146.780575343541,163.79372215271,155.979015422317,80.5113404151237,145.13124593099,0,160.503734241832,135.538456321782,174.870158319888,90.6516755869691,157.00643157959,181.680274963379,133.388214111328,178.753186035156,161.863914759019,131.817977905273,109.631973210088,179.451546302209,221.735092163086,184.743676757812,175.183300018311,124.427634025107,80.4699153370327,163.680051091892,119.771667956315,0,170.581616928998,162.214315573374,123.036002981503,148.817598104477,132.821139065725,0,173.999816894531,131.050399086692,141.915059364448
164.906428745815,60.9816428985596,85.7801187324524,82.7445443601024,183.819125366211,119.943481445312,145.992576599121,169.299244689941,117.474380760862,137.646166275959,181.757043318315,42.6132078815496,177.176223754883,14.9020238016411,113.092161778041,163.417755126953,136.058128356934,96.653889527192,46.9424867630005,60.0577862286809,186.351333618164,162.805065155029,105.138586662185,118.099450707436,146.445614207875,40.6703179832939,26.5590180560869,24.7468209664206,163.868223063151,103.011173248291,141.667884318034,5.98363743823066,97.9267112731934,0,70.0099373829516,0,163.263885498047,158.544055938721,82.0781435285296,0,0,0,238.884124755859,115.204200744629,0,0,91.206389082239,0,85.0163115167417,174.484436035156,0,0,131.696623484294,100.957861858865,126.959331088596,0,0,150.263473510742,203.08618927002,0,64.5885158538818,96.8538991647173,104.982431521361,232.038141886393,108.567665100098,208.980972290039,92.8566698048213,123.674263000488,0,114.312403869629
75.488678636222,151.288772583008,170.649236505682,128.001169541303,134.332572460175,11.872473845627,28.9391905274036,118.956600376817,21.9108857938664,126.212316131592,114.424848877982,56.6090164952115,117.835696079934,76.3264674962124,11.7281990902576,37.7419777335044,159.904993057251,141.939465332031,93.8167461395264,115.785592820909,130.365489666279,147.872980753581,135.640141078404,162.997304769663,137.950361633301,78.4498076805702,128.502306011361,140.339804472747,137.343906220936,8.82349366984001,128.515921783447,97.9267112731934,5.09910527392504,167.263458251953,28.0122800888671,208.513076782227,0,226.733871459961,141.130375948819,0,0,0,193.92751566569,227.278905232747,0,214.803680419922,0,0,103.311462402344,238.042144775391,0,0,0,0,0,219.128128051758,0,175.345342000326,0,174.413626670837,125.534774780273,154.688186645508,193.940963745117,186.86745522239,223.875089009603,210.388427734375,127.39533996582,0,0,0
36.4583857937863,123.573284912109,106.070759020354,63.6494878793692,92.7410608927409,131.958274841309,90.7942600250244,69.7094588059645,96.2760928017752,67.9056434631348,85.3737340406938,87.8301548361778,137.701019287109,107.009651184082,36.1487655448914,118.474678039551,70.6830938273463,94.729418154116,115.191455417209,102.228358571122,115.094606018066,60.0307991180891,58.1386775355185,83.7289829522791,75.4535360154997,132.291046142578,116.420815531413,122.599475356768,69.821564605891,13.6297518804913,33.3481568358998,0,167.263458251953,6.46140178599328,18.7590300996652,148.77145046658,0,183.403381347656,84.7897220302273,0,0,160.606903076172,133.402252833048,180.744668579102,86.885814666748,175.307057698568,227.46565246582,168.475540161133,0,162.346255962665,0,112.917845589774,187.301788330078,0,216.89860534668,0,116.904211680094,72.994142078218,141.48352432251,124.243925317541,0,170.63677406311,172.700031280518,127.975652669271,153.835337099822,133.837873840332,196.737586975098,0,0,156.046193440755
70.8789393596799,64.0491876571409,62.2958327203925,67.0828822444384,99.009544653051,28.2863621946241,79.5006112399167,94.6173811739261,57.0815991982332,98.1959052001231,97.058388159527,26.3324530125862,102.725223351084,64.1177622057357,42.4812936341995,115.124416732788,78.0740021051145,28.8096989040388,56.5428445141529,39.5852883675429,96.8992804013766,46.2899347234272,74.7755392824015,50.45806913652,92.2469922302339,61.4937144756317,58.1186597842758,71.6076885812225,79.776367021182,38.9539424125612,44.6903599093822,70.0099373829516,28.0122800888671,18.7590300996652,10.5603707954199,161.564187937769,104.988375509939,112.736857581977,80.683225255813,0,200.417121887207,198.887484036959,154.821494554219,185.744513702393,89.9425700378418,196.402747521034,129.302776561064,206.577243041992,121.015738423665,182.327856722745,0,105.54944545992,127.058587507768,122.9384350444,123.069109824852,139.661041259766,132.70030875828,89.7420333022371,129.951904986538,134.791429325026,93.6781995946711,113.293693075607,114.646401622627,138.792874002692,165.498044410119,142.636330453973,122.936800921405,0,148.44085257394,137.916806277107
152.951349894206,203.713424682617,183.56940375434,108.968919425175,168.020788574219,0,174.105859375,141.813134476945,164.909195920254,116.690498352051,154.831146240234,192.496868133545,175.40017191569,191.252334594727,176.293431034795,0,123.18316523234,170.622776031494,0,180.821197509766,143.311721801758,172.56035396031,111.067781236437,183.959373474121,123.96034051618,179.679817199707,174.42844136556,180.195895385742,130.839745700949,160.260792773703,146.780575343541,0,208.513076782227,148.77145046658,161.564187937769,11.0462915011291,116.580612182617,117.43683807832,77.0714731826525,87.5255689166841,79.1824203491211,94.6463961107978,29.4076527406173,62.3188991464653,74.2874582322977,76.2789952483358,125.052493446752,102.796473783605,144.429061477249,17.765694208078,99.7538113594055,91.2369124094645,113.834264794175,130.260705105094,120.619522478756,93.869488961356,82.7613242634556,83.0487865596623,106.487043468769,78.8468991793119,127.131784509729,124.785016978009,129.444508838046,78.1974422108605,19.1265063481034,26.0014079299439,151.621840000153,81.9374542236328,29.2821337257335,62.0430464341411
