10.6748226755084,120.924770355225,80.5195133771013,57.5376564730131,69.6896936243231,78.6685756336559,65.3531189441681,32.4310100455255,46.0107078428538,58.4560636036704,55.8563934926745,96.4430642127991,69.3500174354105,127.576081412179,11.4970892297722,63.9452833175659,102.646333966936,77.6392096843267,123.437297821045,109.573404989952,71.4284087371826,67.1901200680023,53.7527536699849,79.3717892664783,65.5686567451882,197.606628417969,105.377679567079,109.173219544969,59.0651332333557,14.6283699535669,30.9509021593525,138.894845962524,71.8758222139799,30.6090021597373,64.1986390323174,121.543559265137,108.83952331543,151.590511745877,64.2390263366699,0,0,160.190536499023,120.369980761879,157.386726379395,70.1713848114014,158.991527557373,0,0,173.450042724609,145.543774159749,0,201.283157348633,168.616427612305,0,0,172.216133117676,104.866096496582,0,156.989466349284,113.22950071447,188.999114990234,168.431749784029,155.084667205811,118.088801247733,135.250960299843,126.936135390709,0,189.518295288086,120.873124440511,151.548081534249
120.924770355225,7.49114999889833,47.3422506826895,18.8711335236333,0,0,89.9544067382812,0,98.0137710571289,65.1583638345042,0,54.7265406972994,95.169002532959,46.8053477507371,153.955642700195,103.756126403809,67.9258506774902,54.5804176139832,64.3217291150774,60.2200859069824,0,0,21.515022933344,80.5989638880679,88.3645482744489,23.3160884082237,47.8941066718777,33.7296991489982,107.200682067871,127.129684448242,94.3180770874023,68.3576038660628,0,91.8238372802734,59.3143300307424,0,111.68480682373,112.583480834961,59.428840637207,0,0,0,0,0,155.138244628906,0,80.842472076416,0,72.830352935791,0,0,0,83.2756690979004,124.1243019104,92.5855331420898,0,177.836715698242,0,0,187.714691162109,71.7959389686584,105.83064341995,93.6953387347135,156.143447875977,0,0,113.133193969727,0,0,174.446578979492
80.5195133771013,47.3422506826895,12.3663422749445,49.8852507682523,119.179981231689,151.15502166748,122.801153540611,84.1640026199048,106.545592529747,108.541557312012,98.8932458951876,80.220474467558,134.108729044596,88.8223764170771,99.706413518872,108.41788155692,73.6083424555791,42.9940233904345,74.3569745150479,63.3723866949276,153.854538917542,61.0414934194178,44.0710486836543,28.5831456427132,79.7786190229304,90.4527893066406,29.5182708786264,29.1418343015694,63.0990486831217,94.4209352585463,62.1229819582953,80.3959243666958,155.134549458822,85.2345525064776,60.3843848154268,162.315218607585,90.2741159292368,92.3733410525632,102.087561713325,0,0,0,146.228076319541,186.597476959229,164.885589599609,165.918121337891,133.606377737863,0,128.148499488831,167.03169795445,0,103.1737353007,104.44742193511,134.646735104648,108.723263215254,203.482528686523,136.565492175874,104.045346957534,107.51250472578,136.825681489089,109.275067416104,98.597322398541,94.4979667579624,143.214688244988,148.867746988932,146.722599665324,134.171578979492,0,136.714370727539,110.115516266265
57.5376564730131,18.8711335236333,49.8852507682523,27.0355950310626,56.744333927448,105.609898037381,83.3697682686572,54.7104890216813,72.8390166896513,14.7095847883281,71.0933333393393,66.0171452739782,72.0738073587418,62.470851952689,70.9087991366985,86.9255838394165,44.3294636583906,69.1178424585743,71.9039446512858,66.1885335286458,86.1527325125302,51.2810170791111,20.0275435789654,58.4614634245421,34.9568395572821,32.7216858831444,50.4567711400051,44.3557023382292,44.721307359154,62.2832114421538,50.6145620073591,77.1629785325792,117.529661479749,50.0653835925859,66.0417138944269,80.5314857165019,100.995308240255,92.7059210368565,16.3002075787747,81.5710055033366,105.343559265137,100.929402033488,67.4321969799373,104.406283867068,26.6322023510933,100.08789990743,98.4651896158854,80.62655321757,52.986132405021,101.862093569627,47.9737944602966,59.106299511798,93.3245425633022,94.9504413604736,101.313612620036,96.3370576338335,66.4232705252511,59.1737228393555,86.3662323506673,57.0045096234577,34.3541076728276,83.6652869135956,68.3748892211914,62.1999945761282,77.1784871245084,68.0561653248315,103.836534500122,96.73046875,69.8492513656616,79.289629947992
69.6896936243231,0,119.179981231689,56.744333927448,7.78833753283069,114.620279312134,56.7515395331004,42.8054954952664,72.2267747423542,39.4638093823064,19.8069133929508,129.258087158203,17.2003255644821,0,79.7727596130371,57.4941945075989,61.8095703125,119.880744934082,0,0,11.4758693904638,92.0653228759766,46.6197601318359,0,19.098225968822,0,123.840936660767,98.3266830444336,13.1460091129219,87.5591589437949,82.5423793792725,0,131.214549473354,72.6417623247419,88.1964689493179,0,0,205.112121582031,87.0751237869263,9.36898589874934,0,119.267404885128,126.150652382591,127.887712944878,80.7338318143572,109.418536843605,0,65.0577385130893,0,146.186044546274,92.407667350769,0,0,0,0,30.8515073644872,0,0,0,61.7178821961085,0,190.392677307129,192.496810913086,85.9264854565263,137.711240768433,0,0,0,0,0
78.6685756336559,0,151.15502166748,105.609898037381,114.620279312134,7.52378511422489,10.7349697894524,107.960824012756,24.0414837265937,101.841945994984,106.43641673194,54.4697599237615,103.965073903402,0,35.0807687044144,14.9165353707233,0,157.504730224609,89.8839492797852,100.172860717773,110.825175055142,0,92.0017166137695,150.065166473389,98.2254043247389,0,144.671852111816,124.004198710124,108.351600646973,23.9482279609578,108.718739827474,106.030220031738,14.6921891234767,60.6776542663574,40.2752005824336,0,0,0,114.601320902507,0,0,0,178.20934677124,211.723724365234,0,188.890029907227,0,0,0,186.88298034668,0,0,222.879501342773,0,0,0,0,0,0,168.773450215658,0,0,0,169.896421432495,177.879699707031,194.4423828125,0,0,0,0
65.3531189441681,89.9544067382812,122.801153540611,83.3697682686572,56.7515395331004,10.7349697894524,8.85204783516214,46.6995404955681,17.048865216502,75.2961604427284,26.3277450955246,55.4057207107544,18.4965261331773,79.3807907104492,28.7371388846769,11.682702839639,100.21085357666,134.763291389711,123.709533691406,136.508031572614,45.1485776192961,135.964230855306,112.993811663459,120.051439154638,65.1081209582735,0,132.66279650749,136.267566401784,61.9425395377695,24.2893616980783,86.8769389152527,117.840632120768,23.2621402063192,81.2331195831299,46.3557515221435,161.697395324707,0,193.028973388672,126.987457275391,105.363956451416,0,137.752553499662,142.21152325894,164.60812614704,118.279853820801,143.366312866211,217.025405883789,134.972729492188,0,167.452719295726,119.744537353516,0,0,0,0,136.120889027913,0,0,177.6240234375,125.413145101295,0,0,195.73979695638,142.641834972351,172.050770686223,160.08617401123,0,0,127.744384765625,199.717412312826
32.4310100455255,0,84.1640026199048,54.7104890216813,42.8054954952664,107.960824012756,46.6995404955681,11.0652008352884,50.1614636345023,52.7207588188444,17.2364612290923,131.396317036947,36.0439065461216,147.570412105984,41.5676944709514,65.8224694879205,81.6991032048276,102.821653295818,141.492321014404,129.439637683687,48.8630853380476,67.0463321230827,67.4601580257147,73.7606917227549,50.8109555162334,144.223983764648,114.890325021354,94.0195652461552,25.229071774703,59.0782691887975,13.625490540213,145.488426795373,122.237415790558,58.9626676418163,74.6921645847646,138.062542506627,0,143.946587010434,71.7464881646829,131.021931838989,181.964248657227,127.14101927621,113.891943566387,138.489699921051,84.2133600870768,124.710967239068,212.853698730469,121.865202767508,190.218734741211,143.592448652836,141.990127563477,141.686315536499,174.353031921387,213.209754943848,178.428143310547,122.369596862793,120.175155639648,130.213671366374,149.569487591179,104.812180083932,163.21012878418,167.28012344685,163.01363881429,115.453546223742,138.74607991364,126.067577258961,0,0,122.381349945068,142.250559586745
46.0107078428538,98.0137710571289,106.545592529747,72.8390166896513,72.2267747423542,24.0414837265937,17.048865216502,50.1614636345023,9.31552002767139,69.883226579357,23.0940965635438,63.0580778074969,53.5801255699287,94.0904210408529,13.7118055644347,26.6603783380821,105.7158203125,122.021962820006,113.154131571452,139.939358711243,68.7820026672595,103.455079078674,93.8920166201708,105.400663999411,70.5165178228597,76.3585662841797,129.952229854039,126.734059112751,64.4048667346958,21.8084909264258,68.8062124478615,146.777517700195,19.6467167900249,80.4692569971085,50.856992213757,156.823615519206,0,188.745897733248,110.391532897949,141.008474013385,0,141.069804011164,134.613715333759,151.472185568376,124.044276555379,138.892000906808,230.883117675781,141.467658996582,0,157.875257201114,140.803514480591,187.344505310059,203.789459228516,230.613800048828,0,140.320136437049,220.726219177246,0,179.325749715169,119.176473521223,0,187.007011413574,170.805778503418,132.438314020066,165.643713700144,154.366867574056,0,0,157.095555623372,174.924092909869
58.4560636036704,65.1583638345042,108.541557312012,14.7095847883281,39.4638093823064,101.841945994984,75.2961604427284,52.7207588188444,69.883226579357,7.3078470957169,65.5448009238755,110.293313003168,13.1408059247128,107.508994632297,72.1521142633219,26.1678280157395,68.604449166192,106.562139975058,131.594940185547,125.869310880962,49.1698763978248,92.2890065511068,13.1663629373125,87.0159163841834,13.2090349852322,90.4274354486194,110.319186367831,102.499315340091,43.2859889965444,68.5597009917299,54.4837734302301,119.534245808919,113.596370697021,59.1470832353757,75.8472204725143,79.7559640066964,0,136.335006713867,10.8521439636455,74.2770175025577,0,90.1723098754883,74.716208301891,117.375274658203,18.4253200680377,85.208449445452,181.592056274414,65.6358959674835,146.617710876465,110.722655741374,56.3865365982056,0,162.587951660156,163.330093383789,0,77.3657444000244,0,0,114.409103393555,49.0299895791446,121.612586975098,203.205596923828,168.098997328016,75.6952533288435,86.9085875617133,82.5788006252713,181.164184570312,144.776733398438,67.9981670379639,86.8574371337891
55.8563934926745,0,98.8932458951876,71.0933333393393,19.8069133929508,106.43641673194,26.3277450955246,17.2364612290923,23.0940965635438,65.5448009238755,8.43988112752705,125.441263580322,22.8734700194714,151.323852539062,48.3236590355457,51.9095985912582,88.6835110982259,121.77030041753,162.747543334961,140.134913974338,14.8706900417327,86.8812290373303,75.3728725827973,91.4329316065862,41.3574497662145,0,123.710430177868,114.33158262011,22.1638070877387,77.1180415513474,58.5075406210763,145.728841145833,111.044343635217,69.329454236326,82.5747817369946,153.490109034947,0,174.100370134626,105.676224708557,27.0040888742164,190.630035400391,134.752828008478,124.024244950644,141.440048892482,101.385788888642,134.250958683515,215.381317138672,134.422644805908,235.248962402344,148.356724789268,111.730848832564,0,197.926681518555,0,0,132.727422367443,0,0,166.316135406494,107.401629184155,0,188.637481689453,162.548006057739,125.98600211732,152.449536837064,150.76428527832,0,190.900352478027,131.174674987793,156.952980041504
96.4430642127991,54.7265406972994,80.220474467558,66.0171452739782,129.258087158203,54.4697599237615,55.4057207107544,131.396317036947,63.0580778074969,110.293313003168,125.441263580322,10.0531914282731,121.672037506104,17.5289093268121,64.284426560273,153.594299316406,102.952935791016,37.5894487292734,17.0515104745959,19.9371857585983,121.772059122721,89.0031309127808,82.2822160011481,69.0938600457233,130.994047725902,33.2778822633955,25.408816116921,57.040543542412,124.889293670654,54.8062996689154,93.3845173005135,28.6939168258843,56.4831667813388,89.8189457484654,20.4218913289039,0,183.763626098633,0,68.8200709025065,0,0,0,178.57453918457,227.698272705078,0,0,99.3145370483398,0,66.9366867341191,188.496315002441,0,0,140.458267211914,88.1651595266242,124.613712017353,0,0,0,0,201.40852355957,64.2936994971299,109.328420775277,98.5546648642596,178.662757873535,205.026000976562,0,105.553691864014,0,0,0
69.3500174354105,95.169002532959,134.108729044596,72.0738073587418,17.2003255644821,103.965073903402,18.4965261331773,36.0439065461216,53.5801255699287,13.1408059247128,22.8734700194714,121.672037506104,7.93357501403233,132.877794265747,80.1952026499923,11.5644326468114,0,131.003829956055,0,143.751686096191,10.6243558264344,133.275355021159,59.1143883296422,134.32165222168,23.1939686371885,112.228454589844,148.929902648926,135.086881425646,36.2039847431734,89.6981114771829,85.2294845581055,0,114.051648457845,93.2886406580607,87.4649376241784,0,0,166.009246826172,80.8162409464518,51.2435900143215,0,132.703558240618,119.572198347612,141.56903046828,68.5040164746736,121.434639966046,0,35.2612715096309,0,159.190055847168,88.8809257507324,0,0,0,0,115.281903584798,0,0,234.733062744141,95.2587110007681,0,205.81330871582,183.103363037109,121.689824523926,203.327262878418,189.406692504883,0,0,0,158.876892089844
127.576081412179,46.8053477507371,88.8223764170771,62.470851952689,0,0,79.3807907104492,147.570412105984,94.0904210408529,107.508994632297,151.323852539062,17.5289093268121,132.877794265747,8.90311890182822,100.749806213379,128.782020568848,128.874543762207,85.4716336650233,54.3218009979999,61.7635801315308,0,0,75.8232620852676,114.183361053467,119.43705378352,21.6228232496696,37.1683194573201,36.3712809149027,131.05589502508,89.2006416320801,142.828421020508,16.1487531986988,53.9089584350586,0,51.9941588417514,0,65.4113471984863,0,52.3579251425607,0,0,0,0,0,127.668597412109,0,74.0941057098046,0,50.7434243330257,167.280986785889,141.174438476562,0,149.625295003255,93.4075303979822,126.59597818475,0,0,160.03205871582,0,140.91584777832,54.3578705869589,98.3877343842478,90.3175772934156,0,0,0,84.9550308900721,0,0,113.352653503418
11.4970892297722,153.955642700195,99.706413518872,70.9087991366985,79.7727596130371,35.0807687044144,28.7371388846769,41.5676944709514,13.7118055644347,72.1521142633219,48.3236590355457,64.284426560273,80.1952026499923,100.749806213379,8.56702888468428,40.5551879337856,116.06033706665,102.59240629693,117.958953857422,130.860519621107,79.8146265416446,83.6802537562483,79.1712756081233,95.3619160288559,73.9421459092453,161.173614501953,123.872661820669,121.481782441729,66.0663039738861,16.115152031419,36.4405996601838,145.709970855713,10.9711532833446,72.2851465988159,38.3839252007376,145.219889127291,0,174.197830200195,83.1803879988821,134.044595506456,192.809089660645,148.797611745199,130.987837379629,155.449745562437,102.759253365653,144.412114610859,0,140.570133633084,222.550575256348,160.732045076331,135.374490102132,130.65807800293,177.022512817383,0,184.919692993164,139.091505262587,164.356321334839,146.478307088216,186.348524475098,125.018621195918,136.260543823242,176.557378980849,172.991920717301,133.119669742965,155.905618045205,136.325981374887,0,175.711120605469,139.205317179362,161.467875671387
63.9452833175659,103.756126403809,108.41788155692,86.9255838394165,57.4941945075989,14.9165353707233,11.682702839639,65.8224694879205,26.6603783380821,26.1678280157395,51.9095985912582,153.594299316406,11.5644326468114,128.782020568848,40.5551879337856,8.9306226735727,66.4925231933594,140.690668741862,0,0,52.1771889910286,0,54.9530556088402,108.231282552083,34.3563598211558,127.80495707194,152.935765075684,138.273744265238,65.6184869246049,44.2180738951031,84.6884651184082,168.094964599609,40.2738281049226,83.3717765808105,67.1104866663615,0,0,0,0,108.901885986328,0,0,139.256913503011,150.326681137085,61.8968410491943,126.916742324829,0,94.6913070678711,0,154.905456542969,75.6112213134766,0,0,0,0,98.3865737915039,0,0,0,89.6980361938477,0,211.906814575195,164.101669311523,132.606858825684,0,0,0,0,0,0
102.646333966936,67.9258506774902,73.6083424555791,44.3294636583906,61.8095703125,0,100.21085357666,81.6991032048276,105.7158203125,68.604449166192,88.6835110982259,102.952935791016,0,128.874543762207,116.06033706665,66.4925231933594,12.7847914883059,86.6366247449602,108.01229095459,111.544498443604,151.624740600586,26.5892245337565,29.2358998640336,23.5262107278939,20.8816273976485,86.8520317077637,91.9942050890976,30.2121791058533,36.6414625772408,71.3264620099749,67.3275874949649,116.885311889648,0,66.8422198295593,78.0659670432409,157.60791015625,78.3240814208984,105.960630120171,124.626121520996,0,0,119.763748168945,103.254356384277,0,133.770156860352,120.002555847168,145.467895507812,0,203.819900512695,0,0,92.5997673264123,133.889531707764,0,107.500366210938,0,115.441434074851,68.0884802076552,100.227637623792,106.96547807966,0,124.763119784268,104.886311640505,119.07165309361,0,125.940406163534,0,0,0,124.262380981445
77.6392096843267,54.5804176139832,42.9940233904345,69.1178424585743,119.880744934082,157.504730224609,134.763291389711,102.821653295818,122.021962820006,106.562139975058,121.77030041753,37.5894487292734,131.003829956055,85.4716336650233,102.59240629693,140.690668741862,86.6366247449602,9.43909408776111,38.4913635575144,23.9847458209272,199.666152954102,52.1245858238574,71.0719795514591,20.3698415875348,105.807324856142,59.2730057456277,34.392478757395,61.3115932576685,92.6882401146366,79.7751258265489,58.416255284308,84.7234554290771,148.552091598511,71.119431332425,30.967563316537,0,84.0592873891195,117.050463431222,92.4166723251343,0,0,0,156.097280714247,187.134315490723,0,0,153.009172058105,0,125.154843330383,181.128082275391,0,122.90373916626,113.085257988471,125.750427246094,111.268365465361,0,147.000541687012,121.113574981689,126.299491002009,144.715166727702,109.688732147217,104.955718206981,108.657066754555,136.826608022054,162.038455963135,155.914835611979,151.645148383247,0,142.272613525391,129.443864368257
123.437297821045,64.3217291150774,74.3569745150479,71.9039446512858,0,89.8839492797852,123.709533691406,141.492321014404,113.154131571452,131.594940185547,162.747543334961,17.0515104745959,0,54.3218009979999,117.958953857422,0,108.01229095459,38.4913635575144,6.75175069802022,9.19636502808751,0,111.732963562012,105.782528559367,81.1708022223578,0,51.263447693416,18.3313773141801,65.1330643861579,127.504737091064,112.424287649301,113.588847637177,52.5985086268449,86.9118537902832,107.197967529297,55.2420893340814,0,125.629539489746,174.346267700195,0,0,0,0,0,0,0,0,108.471309661865,0,81.9301766289605,0,0,0,0,102.018777974447,123.022439575195,0,0,0,0,0,76.8593139648438,109.816532498314,105.724193985398,0,0,0,99.2484024047852,0,0,122.0185546875
109.573404989952,60.2200859069824,63.3723866949276,66.1885335286458,0,100.172860717773,136.508031572614,129.439637683687,139.939358711243,125.869310880962,140.134913974338,19.9371857585983,143.751686096191,61.7635801315308,130.860519621107,0,111.544498443604,23.9847458209272,9.19636502808751,7.18206890847003,0,90.9750915733544,92.0882699966431,69.5484569805048,125.138265609741,50.9045544671749,25.7936881009283,61.5327933862412,119.627818798197,103.002408862609,93.6263659518698,55.4136871494793,125.813855489095,90.640782946632,40.2887626881179,0,131.526969909668,145.350776672363,111.433615875244,0,0,0,0,0,0,0,114.318538665771,0,87.6806333205279,0,0,151.901565551758,138.039580208915,105.504635372677,115.440920511882,0,0,127.494081497192,158.522045135498,178.830474853516,77.0564133780343,105.452078749765,103.841808832131,189.340515136719,0,185.810562133789,108.615646362305,0,0,148.513731002808
71.4284087371826,0,153.854538917542,86.1527325125302,11.4758693904638,110.825175055142,45.1485776192961,48.8630853380476,68.7820026672595,49.1698763978248,14.8706900417327,121.772059122721,10.6243558264344,0,79.8146265416446,52.1771889910286,151.624740600586,199.666152954102,0,0,9.54231997315237,168.323471069336,79.7288112640381,129.810272216797,17.8778430035362,0,0,154.656730651855,20.8625979271675,87.7806214650472,125.994956970215,0,120.171466282436,82.7117568969727,81.4174738301859,0,0,172.920684814453,109.897350311279,19.0265170268706,0,139.461994828849,127.721429612901,138.482981363932,79.1735856628418,132.788768140576,0,97.4548812041412,0,162.649534606934,102.675955552321,0,0,0,0,127.531899482973,0,0,0,101.289219689748,0,0,188.596618652344,129.304359549063,188.4182472229,175.829879760742,0,0,0,168.882019042969
67.1901200680023,0,61.0414934194178,51.2810170791111,92.0653228759766,0,135.964230855306,67.0463321230827,103.455079078674,92.2890065511068,86.8812290373303,89.0031309127808,133.275355021159,0,83.6802537562483,0,26.5892245337565,52.1245858238574,111.732963562012,90.9750915733544,168.323471069336,10.5007562095449,45.603957158359,23.2229383394317,31.9793355721827,132.223281860352,102.809373723398,67.578406757594,20.3295979533757,56.0095805154447,24.6673190498521,143.600379943848,0,46.6155499071079,40.1803583949179,128.630887349447,0,125.804918501112,58.6365718841553,0,0,134.406295776367,120.473064422607,164.34440612793,97.8357772827148,0,0,0,0,155.069850921631,0,112.986156322338,157.908958435059,0,193.713684082031,0,118.689605031695,87.5617414202009,117.446457635789,118.236114155162,0,139.66909626552,125.138608698259,120.553606109619,133.577995300293,119.402265412467,0,0,105.427782925692,125.836019243513
53.7527536699849,21.515022933344,44.0710486836543,20.0275435789654,46.6197601318359,92.0017166137695,112.993811663459,67.4601580257147,93.8920166201708,13.1663629373125,75.3728725827973,82.2822160011481,59.1143883296422,75.8232620852676,79.1712756081233,54.9530556088402,29.2358998640336,71.0719795514591,105.782528559367,92.0882699966431,79.7288112640381,45.603957158359,8.37963073333006,47.2447797287398,19.252052487084,60.9116223692235,74.1681257159211,39.8794358811811,48.1104419152948,55.5542896873546,44.3719484426293,95.0377094434655,106.323249816895,43.4729633691176,61.5919506043196,120.468441009521,91.6720123291016,69.0272541794122,98.4704761505127,141.846878051758,0,229.006912231445,109.199473987926,148.691410827637,114.994857788086,130.796115875244,122.810737609863,103.527633666992,111.394495093304,106.035438537598,0,51.4287445845004,103.147979191371,151.776023864746,115.352679443359,0,88.7322203318278,41.3207058906555,66.3104864259561,82.2898860168457,133.950850168864,118.293172245934,76.3391316161965,112.947163036891,140.959935506185,97.0946754455566,114.555284500122,0,141.030700683594,113.404851150513
79.3717892664783,80.5989638880679,28.5831456427132,58.4614634245421,0,150.065166473389,120.051439154638,73.7606917227549,105.400663999411,87.0159163841834,91.4329316065862,69.0938600457233,134.32165222168,114.183361053467,95.3619160288559,108.231282552083,23.5262107278939,20.3698415875348,81.1708022223578,69.5484569805048,129.810272216797,23.2229383394317,47.2447797287398,15.0970351189398,47.0083795813701,98.8855094909668,64.3413365405539,46.471698265167,41.5204747446374,78.7011726899459,44.1880914057313,104.328470018175,137.435708045959,65.9356464239267,45.315018581236,158.824236783114,92.955541229248,101.137985930231,112.411357532848,0,0,174.401260375977,149.869630009295,187.346127101353,121.725400924683,189.12771097819,172.261521911621,163.270645141602,154.537517547607,171.8186283818,0,93.3338600459852,121.88152367274,154.474826812744,135.690215935141,127.470680236816,121.759117616426,81.7970563426162,102.58124470284,122.997440156483,101.693656921387,118.301838285855,102.602270108349,129.355346941267,144.484570911952,132.127470288958,159.012852986654,0,141.388496398926,120.374720454216
65.5686567451882,88.3645482744489,79.7786190229304,34.9568395572821,19.098225968822,98.2254043247389,65.1081209582735,50.8109555162334,70.5165178228597,13.2090349852322,41.3574497662145,130.994047725902,23.1939686371885,119.43705378352,73.9421459092453,34.3563598211558,20.8816273976485,105.807324856142,0,125.138265609741,17.8778430035362,31.9793355721827,19.252052487084,47.0083795813701,10.0894344485148,91.136397968639,107.656750818726,67.0914285350144,18.6742232199628,71.6033516423129,58.8520941824283,135.550621509552,117.460444259644,64.9542828628789,79.6732666511235,119.220687279334,0,148.392365848317,51.0419359709087,88.5241914449954,137.755633036296,103.367730947641,101.975993142892,120.629911550891,57.5470847639927,104.429821554303,162.626541137695,90.0520463548265,148.550506591797,127.978582045611,72.2228857112836,118.018268931996,158.163438415527,208.866683959961,190.564136505127,97.0082944739949,117.147302415636,125.568874359131,119.465671691895,74.1316612876961,135.873840332031,163.490666316106,141.606961464395,100.333755645596,123.153575266008,108.567867341589,0,145.282379150391,110.843310269442,129.735383426442
197.606628417969,23.3160884082237,90.4527893066406,32.7216858831444,0,0,0,144.223983764648,76.3585662841797,90.4274354486194,0,33.2778822633955,112.228454589844,21.6228232496696,161.173614501953,127.80495707194,86.8520317077637,59.2730057456277,51.263447693416,50.9045544671749,0,132.223281860352,60.9116223692235,98.8855094909668,91.136397968639,10.9553909160118,44.6059520082639,31.2961766018517,120.70950571696,104.758707682292,142.698560078939,48.7604020068035,0,0,58.5104508229664,0,54.2061386108398,0,57.9236319859823,0,0,0,0,80.796142578125,104.623950958252,0,66.326832872756,0,50.0188258498378,0,0,0,97.9468154907227,81.4176936222957,111.902271815709,0,0,86.5935287475586,0,0,38.6974866421737,85.3473404778375,76.7603265968529,0,204.530548095703,0,73.0385127727802,0,0,131.189750671387
105.377679567079,47.8941066718777,29.5182708786264,50.4567711400051,123.840936660767,144.671852111816,132.66279650749,114.890325021354,129.952229854039,110.319186367831,123.710430177868,25.408816116921,148.929902648926,37.1683194573201,123.872661820669,152.935765075684,91.9942050890976,34.392478757395,18.3313773141801,25.7936881009283,0,102.809373723398,74.1681257159211,64.3413365405539,107.656750818726,44.6059520082639,14.4322224336174,36.0829968449626,104.573927930121,109.12992204188,93.7431516886612,28.9658199420971,98.2483306884766,104.412168786881,54.9223357536687,151.711273193359,107.666266441345,125.648580485377,86.7347273546107,0,0,0,189.339731852214,193.740539550781,160.174479166667,0,105.358846823374,0,85.5262081272794,200.45783996582,182.803955078125,137.518167114258,112.921683071422,101.879130271334,103.491955029577,193.023330688477,124.045806884766,122.869088745117,141.337781759409,165.367933654785,72.1118674878253,95.6110196785612,97.6951142901332,192.517779032389,144.593340192522,162.25830078125,109.024695714315,0,0,123.65746124931
109.173219544969,33.7296991489982,29.1418343015694,44.3557023382292,98.3266830444336,124.004198710124,136.267566401784,94.0195652461552,126.734059112751,102.499315340091,114.33158262011,57.040543542412,135.086881425646,36.3712809149027,121.481782441729,138.273744265238,30.2121791058533,61.3115932576685,65.1330643861579,61.5327933862412,154.656730651855,67.578406757594,39.8794358811811,46.471698265167,67.0914285350144,31.2961766018517,36.0829968449626,16.8269828774831,71.2404577825083,114.123249790415,98.6572147476339,28.456534777538,99.9096374511719,104.812255600124,66.2516439637612,162.816566467285,97.9456279754639,96.7481577126225,80.6451875649247,0,0,225.964380900065,150.825669144139,182.124035644531,147.458935546875,192.027056376139,112.035534057617,162.626602172852,86.607969255207,182.781275996455,0,101.748315113757,110.738176761337,109.70576771044,111.291842188935,188.159088134766,131.594091935591,100.42568178927,102.177809976456,140.233834947859,74.1402049594455,100.778418114049,99.0626935215842,140.833045793616,173.333673477173,146.769738311768,113.985557885006,0,0,117.617864931867
59.0651332333557,107.200682067871,63.0990486831217,44.721307359154,13.1460091129219,108.351600646973,61.9425395377695,25.229071774703,64.4048667346958,43.2859889965444,22.1638070877387,124.889293670654,36.2039847431734,131.05589502508,66.0663039738861,65.6184869246049,36.6414625772408,92.6882401146366,127.504737091064,119.627818798197,20.8625979271675,20.3295979533757,48.1104419152948,41.5204747446374,18.6742232199628,120.70950571696,104.573927930121,71.2404577825083,12.1142646900875,67.3222149240442,39.0065997053503,138.072146974761,116.720984025435,56.3169002019442,68.676150369718,116.195629563442,106.186569213867,148.976296260439,65.7039140787992,27.1108405006275,0,127.922147765195,108.670527218953,132.466689473358,80.2252468532986,124.181262764647,229.53645324707,110.313713164557,179.198905944824,138.503100432167,102.804300308228,127.001590527986,163.677072525024,219.841018676758,174.714757919312,122.846912214491,125.166799418132,125.558851623535,132.332152834806,96.7190395062744,164.492721557617,162.274026598249,142.711730270386,111.644526283252,127.745450650729,114.649961352348,0,176.370330810547,115.028638503131,134.837491134117
14.6283699535669,127.129684448242,94.4209352585463,62.2832114421538,87.5591589437949,23.9482279609578,24.2893616980783,59.0782691887975,21.8084909264258,68.5597009917299,77.1180415513474,54.8062996689154,89.6981114771829,89.2006416320801,16.115152031419,44.2180738951031,71.3264620099749,79.7751258265489,112.424287649301,103.002408862609,87.7806214650472,56.0095805154447,55.5542896873546,78.7011726899459,71.6033516423129,104.758707682292,109.12992204188,114.123249790415,67.3222149240442,8.55188247673459,21.5568801142639,139.145591148963,9.20229532490268,11.4883304725761,35.2888943132548,133.906930106027,0,160.525932312012,78.7587296784814,101.895469665527,178.877670288086,164.304374001243,131.858988347261,161.459058125814,109.828982035319,174.762259892055,0,0,231.519195556641,157.903882061994,172.612037658691,105.874363899231,170.509506225586,183.296676635742,166.884684244792,219.666000366211,116.898487567902,0,177.40047454834,124.747646789551,182.6884765625,175.259394327799,161.85762125651,127.411692202349,141.507608201769,123.712902704875,0,203.133178710938,130.486119270325,151.857339223226
30.9509021593525,94.3180770874023,62.1229819582953,50.6145620073591,82.5423793792725,108.718739827474,86.8769389152527,13.625490540213,68.8062124478615,54.4837734302301,58.5075406210763,93.3845173005135,85.2294845581055,142.828421020508,36.4405996601838,84.6884651184082,67.3275874949649,58.416255284308,113.588847637177,93.6263659518698,125.994956970215,24.6673190498521,44.3719484426293,44.1880914057313,58.8520941824283,142.698560078939,93.7431516886612,98.6572147476339,39.0065997053503,21.5568801142639,9.65644447924893,131.187698364258,111.762609481812,34.4761865503301,36.4641598270886,120.263978437944,0,126.11513264974,65.1739904907928,175.587875366211,155.101486206055,0,114.684687351835,164.677334785461,79.8795796562644,166.298045349121,0,0,0,142.664995247977,0,108.445541050123,163.979690551758,201.044738769531,174.568378448486,178.719940185547,116.685837533739,0,132.532747497559,107.716198794813,0,148.492764282227,154.117838541667,107.549023162697,124.56124186293,113.891187731425,0,0,111.616247389052,123.027729150021
138.894845962524,68.3576038660628,80.3959243666958,77.1629785325792,0,106.030220031738,117.840632120768,145.488426795373,146.777517700195,119.534245808919,145.728841145833,28.6939168258843,0,16.1487531986988,145.709970855713,168.094964599609,116.885311889648,84.7234554290771,52.5985086268449,55.4136871494793,0,143.600379943848,95.0377094434655,104.328470018175,135.550621509552,48.7604020068035,28.9658199420971,28.456534777538,138.072146974761,139.145591148963,131.187698364258,7.81187532804525,109.138717651367,127.719177246094,70.5454240333377,0,104.697643280029,0,127.13090133667,0,0,0,0,0,0,0,96.3016905608001,0,81.8993343923284,115.509239196777,0,0,133.317535400391,109.036483764648,125.807892128273,0,0,0,0,199.822448730469,69.8746941493108,109.539137015665,103.278614544478,0,0,0,104.886146121555,0,0,134.973400115967
71.8758222139799,0,155.134549458822,117.529661479749,131.214549473354,14.6921891234767,23.2621402063192,122.237415790558,19.6467167900249,113.596370697021,111.044343635217,56.4831667813388,114.051648457845,53.9089584350586,10.9711532833446,40.2738281049226,0,148.552091598511,86.9118537902832,125.813855489095,120.171466282436,0,106.323249816895,137.435708045959,117.460444259644,0,98.2483306884766,99.9096374511719,116.720984025435,9.20229532490268,111.762609481812,109.138717651367,5.68667936994489,0,41.5280125186128,0,0,0,113.891223907471,0,0,197.72966003418,174.317516326904,205.915985107422,0,215.900375366211,0,164.414031982422,0,204.051447550456,0,0,0,0,0,0,0,0,0,168.661758422852,0,0,0,175.862865447998,206.824020385742,190.905960083008,0,0,184.474655151367,0
30.6090021597373,91.8238372802734,85.2345525064776,50.0653835925859,72.6417623247419,60.6776542663574,81.2331195831299,58.9626676418163,80.4692569971085,59.1470832353757,69.329454236326,89.8189457484654,93.2886406580607,0,72.2851465988159,83.3717765808105,66.8422198295593,71.119431332425,107.197967529297,90.640782946632,82.7117568969727,46.6155499071079,43.4729633691176,65.9356464239267,64.9542828628789,0,104.412168786881,104.812255600124,56.3169002019442,11.4883304725761,34.4761865503301,127.719177246094,0,6.71050590132318,26.9885411355848,128.123742239816,0,105.870208740234,68.8263168334961,0,185.090103149414,0,118.593177137704,162.056531270345,79.8380400339762,170.780014038086,0,0,0,145.963468074799,0,110.962455749512,146.765537261963,0,203.860778808594,0,106.597270965576,0,139.785459518433,108.402727263314,0,146.868502616882,151.140502929688,115.77512147155,127.858614165207,117.685748443604,0,0,110.500012715658,135.364888000488
64.1986390323174,59.3143300307424,60.3843848154268,66.0417138944269,88.1964689493179,40.2752005824336,46.3557515221435,74.6921645847646,50.856992213757,75.8472204725143,82.5747817369946,20.4218913289039,87.4649376241784,51.9941588417514,38.3839252007376,67.1104866663615,78.0659670432409,30.967563316537,55.2420893340814,40.2887626881179,81.4174738301859,40.1803583949179,61.5919506043196,45.315018581236,79.6732666511235,58.5104508229664,54.9223357536687,66.2516439637612,68.676150369718,35.2888943132548,36.4641598270886,70.5454240333377,41.5280125186128,26.9885411355848,11.04857750519,134.544560750326,102.393310546875,108.585174446675,93.7175385401799,95.741641998291,0,163.165077209473,133.037420218331,170.104335784912,104.918578624725,162.882614135742,138.35333404541,214.751907348633,109.045864868164,164.596254984538,0,106.26650287259,123.446397538619,125.816568548029,133.979233169556,159.518535614014,128.787178937127,101.141366958618,116.040110797417,129.47182252672,110.188309805734,115.541887133049,113.771385553721,131.669345973693,148.975952441876,135.414330073765,0,215.944244384766,133.207409667969,135.233965454102
121.543559265137,0,162.315218607585,80.5314857165019,0,0,161.697395324707,138.062542506627,156.823615519206,79.7559640066964,153.490109034947,0,0,0,145.219889127291,0,157.60791015625,0,0,0,0,128.630887349447,120.468441009521,158.824236783114,119.220687279334,0,151.711273193359,162.816566467285,116.195629563442,133.906930106027,120.263978437944,0,0,128.123742239816,134.544560750326,10.1747359753122,135.705535888672,98.9729494628906,64.8360526432629,82.0010829925537,68.9634132385254,49.599826929862,31.942927764913,63.5111114046467,61.4423777909712,57.1290711595571,114.852995983662,81.7209765785619,122.874995438949,16.6962512453613,77.5978828157697,93.8819843928019,97.2821624019358,121.258227081299,105.9081748498,92.0844506763277,74.7073591039815,85.7938563028971,88.8265278015137,67.3360821215692,102.56351852417,103.564153237257,116.093237278825,64.5603077169481,15.8021035256175,20.6696683549816,132.805168716996,82.3757949829102,31.5618302056549,60.2100348839393
108.83952331543,111.68480682373,90.2741159292368,100.995308240255,0,0,0,0,0,0,0,183.763626098633,0,65.4113471984863,0,0,78.3240814208984,84.0592873891195,125.629539489746,131.526969909668,0,0,91.6720123291016,92.955541229248,0,54.2061386108398,107.666266441345,97.9456279754639,106.186569213867,0,0,104.697643280029,0,0,102.393310546875,135.705535888672,7.07971789976657,54.2126187460763,34.1602714623862,0,125.928932189941,0,106.107924143473,159.456329345703,55.5324538010817,118.63245010376,61.3117261086741,90.3677507288316,42.6378259916563,169.108891805013,90.0976948679229,63.1553223473685,54.912014698419,92.8459405899048,60.9480458025662,0,86.2264022827148,18.9211508043839,78.9758911132812,64.4163129378338,18.3636891915581,48.2743472546603,29.2429180789601,87.9492696126302,122.244483947754,73.5967178344727,71.9188474019368,0,71.8920135498047,59.1853929693049
151.590511745877,112.583480834961,92.3733410525632,92.7059210368565,205.112121582031,0,193.028973388672,143.946587010434,188.745897733248,136.335006713867,174.100370134626,0,166.009246826172,0,174.197830200195,0,105.960630120171,117.050463431222,174.346267700195,145.350776672363,172.920684814453,125.804918501112,69.0272541794122,101.137985930231,148.392365848317,0,125.648580485377,96.7481577126225,148.976296260439,160.525932312012,126.11513264974,0,0,105.870208740234,108.585174446675,98.9729494628906,54.2126187460763,12.4482650903837,60.8083000332117,133.289154052734,164.527618408203,125.374177971665,83.3923983307256,116.13774270927,97.5511935738956,108.640680083146,86.0783164348077,131.155663626535,84.7000651173777,106.181755787768,125.941991632635,71.7557676665637,48.7389623242111,83.7104891901431,60.9160819676752,147.767380850656,65.7061654849791,44.7438157021696,37.5614479153925,87.2036231413845,132.935338973999,32.9737858324743,27.0088926453166,72.7212447156237,116.301228841146,81.4686350134811,84.5083478580822,152.011131286621,96.8148512406783,65.1551244417427
64.2390263366699,59.428840637207,102.087561713325,16.3002075787747,87.0751237869263,114.601320902507,126.987457275391,71.7464881646829,110.391532897949,10.8521439636455,105.676224708557,68.8200709025065,80.8162409464518,52.3579251425607,83.1803879988821,0,124.626121520996,92.4166723251343,0,111.433615875244,109.897350311279,58.6365718841553,98.4704761505127,112.411357532848,51.0419359709087,57.9236319859823,86.7347273546107,80.6451875649247,65.7039140787992,78.7587296784814,65.1739904907928,127.13090133667,113.891223907471,68.8263168334961,93.7175385401799,64.8360526432629,34.1602714623862,60.8083000332117,44.0377239905871,66.486490571097,105.429239273071,73.673143614763,53.085761016425,79.7085340036929,15.7863274654791,70.5617033588,86.7204639781605,71.5882261064317,50.7214416791808,82.0397001175973,66.097165888006,45.9071163943433,78.3601725769043,85.0837930621523,67.4957593381405,66.7184275952014,53.873192293812,43.4198367057963,71.2521622815923,34.5697737139795,31.4621324370528,50.1623730861779,38.6881111329281,50.3398461324152,69.6843984226386,57.9584175952069,79.6185027531215,115.34312286377,55.4049574355005,68.929625709716
0,0,0,81.5710055033366,9.36898589874934,0,105.363956451416,131.021931838989,141.008474013385,74.2770175025577,27.0040888742164,0,51.2435900143215,0,134.044595506456,108.901885986328,0,0,0,0,19.0265170268706,0,141.846878051758,0,88.5241914449954,0,0,0,27.1108405006275,101.895469665527,175.587875366211,0,0,0,95.741641998291,82.0010829925537,0,133.289154052734,66.486490571097,7.00950445058651,120.094491004944,52.1075807201329,71.4437635842856,89.7208925431775,55.3409827002164,13.2432700881442,147.270309448242,20.8267972094497,166.28581237793,98.2897562822293,64.4847430476436,0,210.292373657227,0,198.771901448568,10.2589250862906,141.534866333008,0,110.677742004395,19.4751367282647,149.506385803223,153.739898681641,126.383611891005,14.9491398142452,96.3847879047043,92.2682978312175,185.099914550781,128.881549835205,81.3248634338379,95.8282714080811
0,0,0,105.343559265137,0,0,0,181.964248657227,0,0,190.630035400391,0,0,0,192.809089660645,0,0,0,0,0,0,0,0,0,137.755633036296,0,0,0,0,178.877670288086,155.101486206055,0,0,185.090103149414,0,68.9634132385254,125.928932189941,164.527618408203,105.429239273071,120.094491004944,6.72090275897329,9.2522204872512,103.401499355541,12.497201312708,78.3340443202427,101.682501220703,56.3628877556842,91.4662239639847,71.9218521118164,33.5781830504486,14.8220615173954,107.329933166504,143.769224984305,113.269950866699,108.898824691772,107.903312301636,130.437557220459,0,117.836710248675,85.867217735008,89.6836395263672,145.535190836589,200.771362304688,110.827156716205,23.1320949422211,160.104995727539,0,11.4688727462106,0,23.2857389096861
