12.0152215877116,121.428120663292,108.278989546227,81.6735026286199,105.131959533691,102.521684919085,84.8134194597786,37.1792801207555,39.6404375065248,79.9348408625676,42.734054091342,128.020911262149,85.1677524021694,135.134030151367,20.3335337490482,97.8077545166016,132.34471988678,100.655401542675,141.616089593797,125.91851798895,134.254899597168,80.5344531195504,95.7325222492218,97.6367663553316,90.7853834521133,133.092091369629,127.479543934698,134.114422440133,85.8663120713345,20.2467748590702,33.3632145555704,177.533486938477,82.1307343244553,39.3920342875462,71.8924273058617,166.766448974609,0,184.349060058594,105.377314249674,0,0,0,147.93480317489,190.475107828776,137.154050191243,140.798904418945,0,0,0,176.653312683105,0,175.234161376953,205.337951660156,0,184.294731140137,0,141.424123128255,0,180.818487548828,137.538200551813,208.126342773438,205.998013305664,177.13045501709,142.841136478242,179.385927472796,147.341639200846,0,0,140.109088897705,169.477314758301
121.428120663292,10.9097354617798,47.34609600506,21.5782385538307,126.139744349888,162.900344848633,161.701667785645,132.395223299662,158.90431578263,80.6024940991011,145.991632734026,67.6443873781146,102.329149881999,47.8204635832889,147.963001410166,110.637180873326,48.4607157631526,55.7517773571669,74.3014376351003,62.7266433737681,0,109.105441373937,29.4245092482606,68.8851818491819,87.4200132146518,21.2599973521034,52.9866999956795,28.9478829099513,115.672534416462,122.765517665915,109.144526890346,68.9248920723244,145.872886657715,117.004055023193,67.1227272291829,0,111.760250091553,84.8051494251598,66.5269927978516,0,0,0,162.11994934082,204.525657653809,148.370544433594,242.469451904297,108.141403834025,0,105.679498036702,0,0,136.620012919108,97.8672222810633,120.581192016602,115.2432770502,0,112.671653747559,56.8202285766602,99.9796206825658,145.345212936401,101.299247741699,114.385839520079,88.7037527941275,153.337661743164,149.273963928223,150.625730242048,108.879402160645,0,0,119.398158424779
108.278989546227,47.34609600506,11.7471897034424,45.4166664513751,119.149854711584,182.734020996094,149.717776334222,101.923415712642,133.372654027012,113.348370028618,116.418288897271,94.3538355924645,149.068579673767,104.778233614835,129.222467782537,145.84607965806,86.6938338408599,41.2256298749286,87.4963292258126,69.7950641297802,228.85578918457,70.6066194397355,57.8933001337825,31.2076402154555,110.85272973645,101.137596354765,30.6497340450709,35.0544691192478,97.3105060652191,133.774986438537,90.96308004847,98.0287969252642,182.796240283597,115.427509852818,71.8639302278864,171.297387259347,75.9951177324567,94.8712770847174,76.1561312468156,0,0,236.458541870117,169.740373399523,209.25347328186,192.216458638509,205.580894470215,144.251569112142,0,128.966316223145,187.401965801532,0,119.247482762192,109.576420131066,148.62624613444,128.857784748077,219.699442545573,125.05629112607,69.1997511386871,113.885029431456,160.295253810598,128.432350158691,124.521064538222,96.4659302268119,173.505150510554,186.199544270833,150.03631302406,160.270355224609,0,169.95728302002,111.335741933187
81.6735026286199,21.5782385538307,45.4166664513751,9.4009239000964,67.5539052897486,179.450958251953,121.405514421134,63.8990821900306,109.218139342148,22.632877419905,101.750923094202,63.3089641252221,70.4644399725873,46.0935115683876,104.25986452074,89.259590572781,40.4675320720918,55.744990475367,67.8342921377599,57.8081818290592,86.8049564361572,59.4709827099067,25.7687842506744,64.9410622443413,42.15189100553,22.4467925907209,49.7799962315334,47.2076517037511,63.7280551051271,84.4768500168635,60.3170970569957,66.394204570629,127.346210479736,62.4768812128928,66.2070531902063,85.7412073135376,50.5392251014709,62.0832168186936,20.6923606883244,105.209825788225,0,139.813455200195,91.7679604651944,131.183738980974,82.6312576462241,127.80196944527,67.5309697576316,111.016731262207,55.2840258067086,120.000228766239,108.004699707031,54.0343108776004,82.2991546048956,62.0191220419747,71.9552530842443,158.450996398926,81.0296398535707,46.6575324184754,71.914116317749,67.7407789191262,37.6733299622169,61.3698371996198,63.780139452244,78.1768843370997,104.45025243838,81.187785892036,58.4531461397807,103.640003204346,101.658991763466,80.5281771594331
105.131959533691,126.139744349888,119.149854711584,67.5539052897486,10.7612750894783,124.616952375932,64.6523561421984,40.9720590968191,90.806414810094,45.4256784307546,26.2139896547973,152.680774688721,26.5940996068323,0,105.719714164734,73.9662896148429,77.7320580115685,144.420450310958,0,152.165453592936,12.5991589733638,138.690168380737,74.1892956542969,132.606588016857,21.4354788708041,179.858947753906,149.771816101074,122.320152429434,19.7165047381289,103.874524388994,109.775441976694,0,141.328808124249,90.6792739868164,110.974126688639,167.984016418457,0,178.612915039062,82.5635622660319,21.8656249404571,0,185.904726664225,137.904709243774,175.853792190552,108.901823829202,150.134882896177,0,23.4612275289935,0,181.016434669495,135.317728042603,193.625930786133,176.630554199219,0,0,17.9535492586678,180.54125213623,181.325637817383,188.244155883789,119.526650027225,0,0,192.503074645996,132.141373522647,179.46397290911,150.728725978306,0,0,0,168.934305826823
102.521684919085,162.900344848633,182.734020996094,179.450958251953,124.616952375932,6.81601427810172,13.4612709867451,118.026307549275,21.6322873862747,95.711637878418,109.067565147693,64.8043517303467,105.80414686016,93.4482803344727,32.9686940657992,13.4921705659713,0,201.144538879395,217.787490844727,114.494766235352,125.211997138129,0,0,156.966461181641,132.698962974548,0,172.477100917271,184.054206212362,134.663774998983,23.9464055268388,122.234023539225,232.079086303711,11.3532705672786,0,32.4482599450636,0,0,0,182.473556518555,0,0,0,0,232.32096862793,0,0,0,0,0,0,0,0,0,0,246.57975769043,0,0,0,0,187.771466936384,0,141.49543762207,0,192.061077880859,247.363616943359,0,0,0,0,235.848266601562
84.8134194597786,161.701667785645,149.717776334222,121.405514421134,64.6523561421984,13.4612709867451,13.1276699623514,74.0982559849833,26.9672596352069,71.4083502822452,35.5141700009238,117.06761800507,28.1880966586903,106.149860858917,50.9674152215901,17.2628595553832,141.643190557306,164.455951474748,155.339794921875,177.013993304709,40.6373620515561,132.861607021756,130.887085409725,138.978099695841,82.3089455665986,126.431400299072,167.683711097354,166.220355660575,73.145981284358,48.3045376827228,107.120464137956,117.754793802897,34.4299159060406,91.957160949707,91.815212335342,189.434860229492,0,214.23416519165,110.231690979004,165.893880420261,224.245864868164,207.269106183733,173.008651224772,201.675652821859,139.129841105143,186.360217186712,0,152.224761581421,0,209.207628250122,167.822986602783,177.611129760742,0,0,0,88.5498053939254,184.531883239746,148.304397583008,215.448059082031,155.993769548071,0,0,204.804433649237,174.214560960469,204.405623435974,206.495834350586,0,0,239.135704040527,209.808746337891
37.1792801207555,132.395223299662,101.923415712642,63.8990821900306,40.9720590968191,118.026307549275,74.0982559849833,10.8394084249396,69.3031709388569,64.1425669640953,18.9825509786111,159.20492931744,64.4516039357602,167.18134525844,61.8391402343522,91.0554523744445,95.0623468822903,118.95678213836,169.718959263393,147.050068679365,84.153388595581,71.9766076542466,94.3344587307532,89.3912639104753,62.1940751118055,166.958679199219,133.450475076857,126.140980437562,29.8939221476427,74.9918065050626,24.7899487227294,175.046883216271,129.124948696827,76.8866859327817,94.2410012382616,140.985503283414,197.552276611328,173.617349440052,82.3011960188548,161.643118222555,0,175.825933456421,133.728040311619,176.277302828702,98.0835169792175,155.080170808015,241.850494384766,163.217057448167,0,168.932843547222,127.42113494873,144.708075968424,190.370290756226,0,213.752151489258,150.919681549072,169.905782362994,143.795935997596,167.061492919922,117.345144974558,215.299641927083,203.522032165527,178.48392868042,132.724647020472,157.860454003016,148.435052401778,0,0,148.378685506185,161.545156774387
39.6404375065248,158.90431578263,133.372654027012,109.218139342148,90.806414810094,21.6322873862747,26.9672596352069,69.3031709388569,12.6797089038142,99.0953716675928,38.5941932386182,88.7154509836952,77.680411297342,96.2552063270851,19.7838201934362,25.241261710681,135.528171857198,140.618433254328,144.496517424888,152.521434034931,89.5919115032468,123.967151962164,138.952720823742,124.826226913851,90.456434901398,105.730368764777,154.946804285049,154.645130443153,86.0823824783694,35.0604046325873,80.6914362390545,143.585295677185,22.9896745321413,112.300849914551,70.7032224684332,181.949398585728,0,201.931405460133,114.337511698405,188.306186676025,0,200.433165330153,169.541227901683,192.771241324288,129.69837772145,180.886838359217,126.475135803223,194.982959323459,167.665832519531,197.763795332475,0,203.320053100586,199.254089355469,242.96891784668,190.81075668335,146.589928366921,224.809341430664,147.448829650879,212.186172485352,155.403389538036,0,203.700742721558,189.726247151693,173.696439127768,197.632372719901,192.562137106191,0,234.851295471191,181.448678588867,190.50173256614
79.9348408625676,80.6024940991011,113.348370028618,22.632877419905,45.4256784307546,95.711637878418,71.4083502822452,64.1425669640953,99.0953716675928,8.10062354998452,75.666389465332,144.477960859026,10.7932193861227,131.989461587676,98.6069800741171,15.5651198180132,72.5756630064949,120.40001228699,152.797137366401,139.713648351034,48.1768240206169,88.0246201295119,31.0765172939952,118.45673351753,26.102530338796,111.66132176889,126.478272108598,110.698492052035,57.4469285809019,84.2645005840314,61.7468409665556,151.999594254927,141.332438468933,62.959204527498,88.1916204986572,146.65932900565,160.427230834961,158.130372183663,79.5493167877197,119.235305786133,0,132.27405834198,115.956478729248,144.134714399065,69.6506554285685,121.785502115885,195.976928710938,122.155609130859,175.139389038086,171.793655982384,105.854034423828,110.830723762512,172.178805541992,208.538093566895,181.890078226725,100.810897827148,136.613632202148,0,154.626542524858,97.1186005728585,0,184.710868835449,162.075102025812,113.337482936347,128.978338559469,132.082154846191,0,0,116.042182922363,123.44998550415
42.734054091342,145.991632734026,116.418288897271,101.750923094202,26.2139896547973,109.067565147693,35.5141700009238,18.9825509786111,38.5941932386182,75.666389465332,14.0218041259391,157.827276807313,30.6454080078517,171.240683514139,44.2482609848013,78.677275424381,110.735209764753,133.860226336821,178.016408746893,157.011508675509,16.8069264708626,98.4920703224514,104.613195328485,105.717212630839,60.8125218500577,167.846740722656,144.207132061323,140.668879209246,31.1576821454899,95.9614605230027,59.1080760458458,194.37801361084,122.536155587235,99.0460339596397,104.282775135901,166.688669840495,0,189.530993870326,115.68054300944,156.551454869712,245.700790405273,189.053972327191,153.554482149791,191.18395614624,119.79678894043,176.974881457044,0,108.942575836182,0,200.33319161155,153.35316212972,182.237078857422,203.380889892578,0,0,14.0257305482521,192.379854838053,146.847633361816,186.887243170487,137.282762300795,225.981674194336,207.283813476562,188.847041689116,158.21096876367,172.62579907869,176.862562179565,0,218.111679077148,190.134768676758,190.283134058902
128.020911262149,67.6443873781146,94.3538355924645,63.3089641252221,152.680774688721,64.8043517303467,117.06761800507,159.20492931744,88.7154509836952,144.477960859026,157.827276807313,13.2514163675926,158.816712188721,22.1980347411859,85.0771738588598,201.311553955078,137.530931599935,57.9842406206353,22.5917425669373,28.6241817296658,141.133941650391,117.166894851192,103.823939179721,97.0467071780911,162.979289606998,38.4285385980804,28.1692646694919,64.3091135613688,159.058368317977,58.8440162680122,118.606057552581,36.881893875987,65.5286536892416,115.225229263306,28.1097691530762,0,104.691666030884,149.220620049371,93.476787220348,0,0,0,235.188297271729,180.243522644043,185.697228325738,236.953582763672,93.9503016838661,0,74.1678721386453,178.601033528646,0,0,139.486072833721,107.904020945231,119.837681070964,0,168.094436645508,139.037343111905,215.928833007812,202.762273615057,74.4021020677355,105.208325683093,115.713349998161,222.53030090332,195.849548339844,0,104.533931096395,154.303367614746,0,137.464984669405
85.1677524021694,102.329149881999,149.068579673767,70.4644399725873,26.5940996068323,105.80414686016,28.1880966586903,64.4516039357602,77.680411297342,10.7932193861227,30.6454080078517,158.816712188721,11.7539902686945,155.013936360677,89.6097047700794,16.3256675913101,103.224087715149,173.985405731201,185.075653076172,159.583740234375,15.8267708081564,126.124092102051,85.885646254928,164.767764500209,20.2322970129509,0,189.307762145996,142.786229160854,50.3523565431003,103.580738970342,132.932159423828,208.419723510742,121.033389975808,123.760887145996,111.126088509193,0,0,203.220809936523,72.3919044494629,98.9696408245299,0,169.174508836534,148.426424811868,201.509854634603,102.407106226141,166.472646539862,0,45.1988496061355,0,176.307685852051,107.704971313477,228.53466796875,0,0,0,20.4149691535581,0,0,191.898742675781,132.767432679521,0,0,204.739842224121,156.301316119255,185.161724090576,174.903231811523,0,235.117080688477,0,170.809593200684
135.134030151367,47.8204635832889,104.778233614835,46.0935115683876,0,93.4482803344727,106.149860858917,167.18134525844,96.2552063270851,131.989461587676,171.240683514139,22.1980347411859,155.013936360677,7.47732041236441,96.0220736854955,0,119.398451805115,87.8933947303078,46.7606851524777,67.0810486219506,159.987060546875,158.988515853882,89.4247405932734,126.406658172607,151.81232415176,20.1186244099689,41.8148863491558,27.1966999004692,174.680598258972,80.6314449310303,146.30751546224,15.5763869088331,85.3905395963299,185.905029296875,52.8594590749701,0,90.5172748565674,131.438331604004,72.2125834207686,0,0,0,0,0,168.324388504028,0,74.3707965229833,0,62.7772448535533,177.626239013672,0,0,131.550565931532,94.4636681296609,122.394665273031,0,190.398880004883,116.482274373372,0,176.901666259766,61.3629216264795,93.9239427317744,103.358750013435,222.03352355957,164.125968933105,0,86.3848450149315,139.337554931641,0,107.162159601847
20.3335337490482,147.963001410166,129.222467782537,104.25986452074,105.719714164734,32.9686940657992,50.9674152215901,61.8391402343522,19.7838201934362,98.6069800741171,44.2482609848013,85.0771738588598,89.6097047700794,96.0220736854955,10.287243928186,73.3450481852547,149.13045501709,126.720717526825,122.697269878556,138.414585580939,102.936358410379,106.645003977689,123.773825258822,118.563642830684,99.9045060904974,115.460857152939,143.491183948592,147.849584849417,100.657141815214,20.1460274321353,46.6985245839291,125.478314014191,19.2340157109809,58.5741762601412,60.6413270879412,176.820163433368,0,193.181452700966,117.563813571272,204.685968017578,0,216.835563659668,170.471066658957,201.822201728821,141.994090270996,201.031103033769,0,0,204.489631652832,197.127954711914,0,206.545608520508,205.19177585178,173.769714355469,204.927721659342,175.436538696289,198.512304941813,143.941799163818,195.514631144206,155.820467708087,161.175918579102,207.787969589233,191.12743620439,164.713027151007,187.152509873913,171.24074107203,164.549530029297,242.124572753906,179.003457205636,190.368408651913
97.8077545166016,110.637180873326,145.84607965806,89.259590572781,73.9662896148429,13.4921705659713,17.2628595553832,91.0554523744445,25.241261710681,15.5651198180132,78.677275424381,201.311553955078,16.3256675913101,0,73.3450481852547,7.57440637595542,151.824897766113,177.522079467773,0,177.502704620361,64.5000822760842,0,84.7296531200409,149.080842971802,55.2393584936292,0,173.687689208984,140.106174468994,86.5767590459631,100.642598046197,97.9136345603249,0,41.8205230686214,83.4605407714844,128.36817296346,0,0,0,110.991401672363,0,0,210.657333374023,173.664581298828,0,188.307022094727,160.564796447754,0,211.066772460938,0,214.68798828125,0,0,0,0,0,0,0,0,0,150.136715975675,0,0,0,181.810131835938,183.061611175537,0,0,0,0,200.460456848145
132.34471988678,48.4607157631526,86.6938338408599,40.4675320720918,77.7320580115685,0,141.643190557306,95.0623468822903,135.528171857198,72.5756630064949,110.735209764753,137.530931599935,103.224087715149,119.398451805115,149.13045501709,151.824897766113,12.6387608304019,99.0323072956727,0,124.160321299235,108.989565531413,27.875452790891,25.0983361455648,24.8157898511296,35.7439851176007,115.830667768206,113.265275995782,28.4297941943949,37.8640546686772,113.989408346323,79.0674051349666,147.558843994141,172.25244140625,80.7862896389431,84.616961853552,139.36022567749,0,108.547464497884,92.9917449951172,158.648178100586,0,194.607086181641,157.859885692596,201.548397064209,134.445119857788,190.258871459961,0,0,0,181.669239044189,0,93.7308172990058,132.495669364929,0,133.948837280273,0,112.737065892641,61.775640469153,100.553659808953,126.836853293485,0,151.78063746861,102.516757229133,131.284259033203,165.173879540485,117.51896912711,0,0,191.315933227539,128.417444341323
100.655401542675,55.7517773571669,41.2256298749286,55.744990475367,144.420450310958,201.144538879395,164.455951474748,118.95678213836,140.618433254328,120.40001228699,133.860226336821,57.9842406206353,173.985405731201,87.8933947303078,126.720717526825,177.522079467773,99.0323072956727,10.8919147589424,59.5245673563943,25.2828889034071,184.864715576172,65.4306167803313,76.6260279790526,28.4655724695889,126.545876258128,76.0605139732361,36.8600746305868,68.706500210498,120.840724666869,108.066370334318,76.9702857080255,95.9313875198364,155.513367502313,94.0058199438718,39.3135285635695,172.251510620117,117.973181724548,111.810554545413,101.366551832719,0,0,0,193.159403261931,221.342781066895,168.668441772461,0,136.824514261882,193.138381958008,142.141304016113,205.441065470378,0,147.57727098465,117.402878717943,137.206824747721,119.773632092422,0,150.68297068278,105.490336874257,137.268625234629,175.173572638096,124.609729766846,113.869928438988,110.345839653973,188.18151972844,181.373843383789,163.047519683838,141.559589385986,0,173.786239624023,122.42411435035
141.616089593797,74.3014376351003,87.4963292258126,67.8342921377599,0,217.787490844727,155.339794921875,169.718959263393,144.496517424888,152.797137366401,178.016408746893,22.5917425669373,185.075653076172,46.7606851524777,122.697269878556,0,0,59.5245673563943,8.61832008119357,13.5451592492413,0,125.001890394423,108.781810365874,94.1679497603532,176.108512369792,48.0340898810811,27.0925406560868,66.3458936748809,176.827293395996,100.050627880096,125.565363842508,51.0446989536285,92.2010274251302,122.919052124023,61.2552846402538,237.497329711914,118.225039800008,135.036532592773,116.29072265625,0,0,0,0,200.374580383301,172.220886230469,0,99.248774210612,0,90.8417040052868,166.759852091471,0,0,164.704225328234,107.164276123047,126.091947408823,231.117065429688,0,132.433980941772,169.535034179688,202.662045288086,92.0081074454568,104.07416416617,119.780566689747,228.27040608724,0,178.149719238281,103.99607428189,0,0,139.957440694173
125.91851798895,62.7266433737681,69.7950641297802,57.8081818290592,152.165453592936,114.494766235352,177.013993304709,147.050068679365,152.521434034931,139.713648351034,157.011508675509,28.6241817296658,159.583740234375,67.0810486219506,138.414585580939,177.502704620361,124.160321299235,25.2828889034071,13.5451592492413,11.3444244337476,219.262664794922,94.3214760360184,102.106066659781,61.7505766914401,149.615330166287,49.8058808066628,30.5216364151105,67.143086683851,148.179895143251,112.289995145048,101.683546161652,60.3537285864573,125.500260521384,103.749322353265,46.1890323383,188.967483520508,113.836159555536,125.607503440163,108.119646072388,0,0,0,214.431311035156,221.818664550781,175.489883422852,214.645751953125,108.351215839386,0,96.1002943674723,183.835968017578,0,174.460144042969,128.363665654109,107.713169422555,114.864671253023,0,184.061599731445,158.672563825335,158.320197472206,202.924429757254,91.0311792435185,103.316805308102,110.847079162598,228.915827433268,192.074090576172,192.8966700236,114.925140380859,137.802383422852,0,114.419650027626
134.254899597168,0,228.85578918457,86.8049564361572,12.5991589733638,125.211997138129,40.6373620515561,84.153388595581,89.5919115032468,48.1768240206169,16.8069264708626,141.133941650391,15.8267708081564,159.987060546875,102.936358410379,64.5000822760842,108.989565531413,184.864715576172,0,219.262664794922,8.47006343097643,102.418323516846,97.2996368408203,132.351570129395,27.748723386223,0,168.798793792725,155.027249145508,31.9768876317192,106.225938309071,116.796875,193.548980712891,127.148542785645,111.205202738444,105.870900878906,0,0,0,0,15.4227383095994,0,160.370941162109,164.892294989692,193.041392008464,98.0289840698242,124.911170959473,0,15.6418270428975,0,178.732899983724,89.1437606811523,171.295776367188,142.0478515625,0,0,8.84359656686013,0,0,0,123.255275263931,0,0,181.793395996094,127.464161375295,198.458366394043,210.637161254883,0,153.844970703125,0,203.523010253906
80.5344531195504,109.105441373937,70.6066194397355,59.4709827099067,138.690168380737,0,132.861607021756,71.9766076542466,123.967151962164,88.0246201295119,98.4920703224514,117.166894851192,126.124092102051,158.988515853882,106.645003977689,0,27.875452790891,65.4306167803313,125.001890394423,94.3214760360184,102.418323516846,14.1453299843516,57.3314498436062,35.3817213429118,46.5237736254596,105.936884562174,108.911641013406,83.2676735529824,38.0628707809637,72.6410965671658,33.7678542432059,159.633605957031,212.822868347168,17.1108113124806,50.2242868353954,161.437616984049,0,139.406800759805,111.077519310845,0,0,206.737373352051,161.295866746169,193.086572265625,174.375503540039,208.038317871094,0,0,0,165.244552612305,0,113.445790004063,156.862933819111,0,171.17263285319,0,126.294938265893,83.3202688043768,126.136373417106,128.391174316406,136.527862548828,172.573148091634,136.789732308223,134.481970071793,146.005828163841,127.434631856283,0,0,133.619617462158,148.122820854187
95.7325222492218,29.4245092482606,57.8933001337825,25.7687842506744,74.1892956542969,0,130.887085409725,94.3344587307532,138.952720823742,31.0765172939952,104.613195328485,103.823939179721,85.885646254928,89.4247405932734,123.773825258822,84.7296531200409,25.0983361455648,76.6260279790526,108.781810365874,102.106066659781,97.2996368408203,57.3314498436062,8.34159628457127,53.1894777348813,29.4641427374727,71.3494947958094,91.6135218801674,40.7795093285772,59.3558908848182,88.7556340752578,59.8705522532534,111.293278808594,172.709270477295,65.0520593743575,67.5308715392803,112.346853637695,68.4540198644002,74.520485491366,17.4696002347129,136.797283172607,0,135.33642578125,128.338501092159,150.344607035319,11.0930159886678,160.171876695421,161.992446899414,164.146235148112,123.133335113525,154.025691105769,0,53.2098814925868,105.804433649237,148.447975158691,126.290349960327,0,82.0676935787859,10.003533131597,68.6982987679516,96.2225692272186,0,139.97967177171,64.1319822964968,105.847285018008,127.231654575893,91.2431966673653,0,0,106.991271972656,94.2983687474177
97.6367663553316,68.8851818491819,31.2076402154555,64.9410622443413,132.606588016857,156.966461181641,138.978099695841,89.3912639104753,124.826226913851,118.45673351753,105.717212630839,97.0467071780911,164.767764500209,126.406658172607,118.563642830684,149.080842971802,24.8157898511296,28.4655724695889,94.1679497603532,61.7505766914401,132.351570129395,35.3817213429118,53.1894777348813,19.4649471521949,78.5598536861509,99.2725615067915,71.251814983042,43.8063376351383,66.6688518332439,106.194237180492,61.9772785348501,123.225133722479,160.292463733304,79.9017384723552,51.1081405602415,177.395809467022,106.519647870745,108.005430908203,97.875899856155,0,0,209.431594848633,174.075035341324,194.523382013494,161.530369349888,184.778296334403,190.660873413086,195.993637084961,169.819030761719,187.897338867188,184.11051940918,104.222971791571,130.836004923999,168.346354166667,159.904651896159,0,126.567048586332,72.8832718985421,113.857735089115,149.231143760681,130.246417999268,148.889386144178,105.49105692259,160.293954320701,187.116097927094,148.167737639352,140.71061706543,0,161.751820882161,123.729639707293
90.7853834521133,87.4200132146518,110.85272973645,42.15189100553,21.4354788708041,132.698962974548,82.3089455665986,62.1940751118055,90.456434901398,26.102530338796,60.8125218500577,162.979289606998,20.2322970129509,151.81232415176,99.9045060904974,55.2393584936292,35.7439851176007,126.545876258128,176.108512369792,149.615330166287,27.748723386223,46.5237736254596,29.4641427374727,78.5598536861509,12.8335585787304,129.259883259618,133.023272190737,96.0470987913936,24.3994654180463,91.1575447546159,74.2874604956209,166.565845836293,146.519275665283,74.0274337353663,92.7774428867698,128.934127594208,157.104072570801,152.936844912442,71.0928577846951,144.302923182006,0,159.94692567107,126.555659881803,163.281401725812,96.7131065368652,151.143199261891,210.99841647678,138.008461291973,206.332433064779,159.202832672233,115.889184134347,125.481549580892,184.270303121427,223.190607706706,184.101537068685,134.895981343587,126.086093096052,114.898129172947,149.110011170813,106.731475830078,0,189.078834865404,162.019740315227,119.881465311949,142.128885338776,123.148314646442,0,213.663548787435,128.356820344925,142.949797747428
133.092091369629,21.2599973521034,101.137596354765,22.4467925907209,179.858947753906,0,126.431400299072,166.958679199219,105.730368764777,111.66132176889,167.846740722656,38.4285385980804,0,20.1186244099689,115.460857152939,0,115.830667768206,76.0605139732361,48.0340898810811,49.8058808066628,0,105.936884562174,71.3494947958094,99.2725615067915,129.259883259618,7.50363841381612,42.4215644817025,22.7516065591421,177.638977050781,93.1800470854107,124.895114898682,45.8880543122526,95.9232521057129,112.330173492432,65.3247766969761,0,68.9234017764821,108.581172307332,58.3362950628454,0,0,0,194.94140625,130.416229248047,152.283641815186,0,70.6253331152947,219.222061157227,48.6223857535825,142.917788696289,0,0,104.087108612061,78.9486705638744,86.3525012846916,0,118.789169311523,103.427343888716,0,162.003778076172,46.6644855592309,72.7273423194885,80.158611110383,221.141448974609,211.54239654541,155.860549926758,73.6902561187744,0,0,87.3119237687853
127.479543934698,52.9866999956795,30.6497340450709,49.7799962315334,149.771816101074,172.477100917271,167.683711097354,133.450475076857,154.946804285049,126.478272108598,144.207132061323,28.1692646694919,189.307762145996,41.8148863491558,143.491183948592,173.687689208984,113.265275995782,36.8600746305868,27.0925406560868,30.5216364151105,168.798793792725,108.911641013406,91.6135218801674,71.251814983042,133.023272190737,42.4215644817025,13.2161102105644,38.3866338806225,134.278828973639,128.426008901063,112.970847898643,21.989787962805,142.862718996794,121.459117789018,69.0789339010444,188.259292602539,99.4594429595561,109.622507509236,90.6248066789013,197.785339355469,0,207.315181732178,199.560778913827,192.480040116744,183.043228149414,221.424205780029,105.075003445421,226.609710693359,93.9795792303353,191.081469328507,0,159.203896658761,115.362867926909,103.630109916878,105.075280370322,211.520523071289,153.436757174405,132.957980632782,144.876520408774,189.161547147311,86.4423915529714,97.654021885293,104.202260364716,202.283765290913,188.382266773897,171.070313086876,104.420705000559,139.114898681641,189.719436645508,112.700099039886
134.114422440133,28.9478829099513,35.0544691192478,47.2076517037511,122.320152429434,184.054206212362,166.220355660575,126.140980437562,154.645130443153,110.698492052035,140.668879209246,64.3091135613688,142.786229160854,27.1966999004692,147.849584849417,140.106174468994,28.4297941943949,68.706500210498,66.3458936748809,67.143086683851,155.027249145508,83.2676735529824,40.7795093285772,43.8063376351383,96.0470987913936,22.7516065591421,38.3866338806225,15.5197672553744,93.925026883567,131.474049398733,116.748028109735,22.6319133426398,140.751339467367,129.293864828641,76.6145897954034,177.112258013557,104.181508919627,96.6304286342197,82.2256515156139,206.449239095052,0,195.195037841797,163.420511654445,197.540851169162,180.031947209285,184.578575611115,110.799571623285,185.136497497559,102.174193109185,180.970257401466,0,105.392355294063,113.218283404211,106.410502454445,109.963341859934,224.351745605469,125.111059650097,65.782383011735,107.739095410299,162.483806758732,94.0327753547494,101.926708711733,100.16724480839,162.839032118488,175.908966419309,154.127197859022,112.88816746303,242.088272094727,160.991020202637,111.505039868757
85.8663120713345,115.672534416462,97.3105060652191,63.7280551051271,19.7165047381289,134.663774998983,73.145981284358,29.8939221476427,86.0823824783694,57.4469285809019,31.1576821454899,159.058368317977,50.3523565431003,174.680598258972,100.657141815214,86.5767590459631,37.8640546686772,120.840724666869,176.827293395996,148.179895143251,31.9768876317192,38.0628707809637,59.3558908848182,66.6688518332439,24.3994654180463,177.638977050781,134.278828973639,93.925026883567,12.6324308371223,88.7436035149781,47.1305471893036,171.296709333147,139.623379125004,69.6647271373928,71.8957956791282,140.484348133632,197.410259246826,170.555276340908,93.3639180880066,143.139596186893,205.342544555664,176.793845040458,135.792069338778,175.735694455429,110.449068693014,163.428596968217,226.464019775391,119.771965087728,215.024307250977,169.805525151005,159.153613620334,131.708101977099,184.88990347726,212.085327148438,215.744548797607,118.545895649837,133.476574208002,112.192864074707,150.576123411759,119.66470518319,0,210.075569484545,162.449884113513,131.888618775921,153.767417907715,132.627044819258,0,209.576431274414,140.634810737942,153.640840678635
20.2467748590702,122.765517665915,133.774986438537,84.4768500168635,103.874524388994,23.9464055268388,48.3045376827228,74.9918065050626,35.0604046325873,84.2645005840314,95.9614605230027,58.8440162680122,103.580738970342,80.6314449310303,20.1460274321353,100.642598046197,113.989408346323,108.066370334318,100.050627880096,112.289995145048,106.225938309071,72.6410965671658,88.7556340752578,106.194237180492,91.1575447546159,93.1800470854107,128.426008901063,131.474049398733,88.7436035149781,10.2226768701496,29.8068719517425,102.333858348705,11.5836847258284,13.8793213351877,30.9583241789526,155.888191223145,0,180.584946695964,106.387656833815,204.647504170736,0,210.04326171875,155.12908407822,194.38299734933,130.122739156087,190.89473355201,168.371929931641,192.572941371373,156.250119018555,190.074857439314,0,166.736449105399,192.323977302102,179.554925537109,185.760326930455,192.615676879883,142.192405299137,179.441646575928,187.196246010917,140.511578923296,183.629720052083,170.266264695388,171.681587512677,151.469089905828,174.360018772865,155.83478453263,0,246.67463684082,157.723731593082,177.954501716458
33.3632145555704,109.144526890346,90.96308004847,60.3170970569957,109.775441976694,122.234023539225,107.120464137956,24.7899487227294,80.6914362390545,61.7468409665556,59.1080760458458,118.606057552581,132.932159423828,146.30751546224,46.6985245839291,97.9136345603249,79.0674051349666,76.9702857080255,125.565363842508,101.683546161652,116.796875,33.7678542432059,59.8705522532534,61.9772785348501,74.2874604956209,124.895114898682,112.970847898643,116.748028109735,47.1305471893036,29.8068719517425,12.4820852609645,164.022184753418,123.622674865723,31.2874414307471,38.5019089161669,139.569113991477,200.592399597168,158.73344222359,91.9439828736441,178.32946395874,0,214.391334533691,137.369335738865,184.618572711945,128.051119995117,173.750360825483,215.584678649902,173.681803385417,0,171.21581509908,193.42253112793,127.173089176775,177.035391065809,227.250869750977,173.086429595947,173.118961334229,126.697657116389,112.597482507879,150.253114146571,122.279852934091,156.817626953125,170.538818359375,160.937223926033,128.413217027679,153.225723106824,129.890174701296,0,215.789764404297,142.433372703758,150.085654165231
177.533486938477,68.9248920723244,98.0287969252642,66.394204570629,0,232.079086303711,117.754793802897,175.046883216271,143.585295677185,151.999594254927,194.37801361084,36.881893875987,208.419723510742,15.5763869088331,125.478314014191,0,147.558843994141,95.9313875198364,51.0446989536285,60.3537285864573,193.548980712891,159.633605957031,111.293278808594,123.225133722479,166.565845836293,45.8880543122526,21.989787962805,22.6319133426398,171.296709333147,102.333858348705,164.022184753418,7.7757118614033,114.520849609375,155.250473022461,82.3273885647456,210.469848632812,106.715299606323,140.161847795759,95.6937078748431,0,0,0,0,245.820648193359,212.862998962402,245.335647583008,103.032892862956,0,90.0816359701036,182.52840423584,0,0,176.391578674316,103.149499257406,128.825997161865,0,174.353210449219,135.221466064453,208.875366210938,220.76969909668,83.7189795754173,104.614882282827,112.142004013062,233.787109375,0,0,111.798805236816,0,0,130.940672556559
82.1307343244553,145.872886657715,182.796240283597,127.346210479736,141.328808124249,11.3532705672786,34.4299159060406,129.124948696827,22.9896745321413,141.332438468933,122.536155587235,65.5286536892416,121.033389975808,85.3905395963299,19.2340157109809,41.8205230686214,172.25244140625,155.513367502313,92.2010274251302,125.500260521384,127.148542785645,212.822868347168,172.709270477295,160.292463733304,146.519275665283,95.9232521057129,142.862718996794,140.751339467367,139.623379125004,11.5836847258284,123.622674865723,114.520849609375,6.09131452755395,0,41.5284988890133,0,0,0,154.165496826172,238.809173583984,0,0,217.084634399414,240.74658203125,0,225.919174194336,0,0,0,242.046997070312,0,0,0,0,0,0,0,0,0,202.97686920166,0,144.288650512695,219.928344726562,213.324189758301,228.118576049805,0,0,0,0,230.256927490234
39.3920342875462,117.004055023193,115.427509852818,62.4768812128928,90.6792739868164,0,91.957160949707,76.8866859327817,112.300849914551,62.959204527498,99.0460339596397,115.225229263306,123.760887145996,185.905029296875,58.5741762601412,83.4605407714844,80.7862896389431,94.0058199438718,122.919052124023,103.749322353265,111.205202738444,17.1108113124806,65.0520593743575,79.9017384723552,74.0274337353663,112.330173492432,121.459117789018,129.293864828641,69.6647271373928,13.8793213351877,31.2874414307471,155.250473022461,0,7.70147343490885,30.7322911717378,142.704430716378,0,0,126.142908368792,181.235610961914,0,0,146.196116005502,240.898574829102,133.083469390869,183.441655476888,0,0,0,173.064610290527,0,134.971248626709,174.567855834961,0,171.637222290039,0,149.929109845843,155.733200073242,158.651440429688,123.057191444166,0,0,166.75393931071,130.438415406242,155.442670822144,138.758208935077,0,194.54670715332,179.670806884766,158.194203186035
71.8924273058617,67.1227272291829,71.8639302278864,66.2070531902063,110.974126688639,32.4482599450636,91.815212335342,94.2410012382616,70.7032224684332,88.1916204986572,104.282775135901,28.1097691530762,111.126088509193,52.8594590749701,60.6413270879412,128.36817296346,84.616961853552,39.3135285635695,61.2552846402538,46.1890323383,105.870900878906,50.2242868353954,67.5308715392803,51.1081405602415,92.7774428867698,65.3247766969761,69.0789339010444,76.6145897954034,71.8957956791282,30.9583241789526,38.5019089161669,82.3273885647456,41.5284988890133,30.7322911717378,10.7135766882861,162.66995010376,135.561229070028,122.702717555388,117.067219229305,208.875793457031,0,204.853637695312,157.131219402112,203.726350784302,127.039786020915,183.742700195312,134.214863827354,0,118.902543567476,181.51684815543,0,130.180504608154,132.128840535482,129.529950459798,127.075133072703,93.5505447387695,144.915517171224,105.388015556335,136.124523861307,136.594386158094,118.930512237549,119.699671673518,121.302685565713,141.473785490502,161.002604045565,141.329016746359,124.291389465332,244.428359985352,143.055382864816,136.981720944668
166.766448974609,0,171.297387259347,85.7412073135376,167.984016418457,0,189.434860229492,140.985503283414,181.949398585728,146.65932900565,166.688669840495,0,0,0,176.820163433368,0,139.36022567749,172.251510620117,237.497329711914,188.967483520508,0,161.437616984049,112.346853637695,177.395809467022,128.934127594208,0,188.259292602539,177.112258013557,140.484348133632,155.888191223145,139.569113991477,210.469848632812,0,142.704430716378,162.66995010376,9.95394636021847,126.610599171032,114.334258116008,68.6380292599478,123.979572296143,101.485637664795,114.280839708116,25.626030099494,76.702438791315,72.0447344838837,77.3431607455742,137.1916377885,131.330504099528,154.587399651023,27.4789356355924,98.3473129272461,104.075290256076,104.742337687423,138.312509710138,118.668130090994,157.552841186523,76.1463624163372,89.8247317359561,92.7177299038394,77.0461582925946,157.402262369792,120.186683308977,131.384746585726,82.723898288423,19.5406429557944,24.7593177815569,180.971809387207,115.854516983032,46.7374122096043,76.4986895526852
0,111.760250091553,75.9951177324567,50.5392251014709,0,0,0,197.552276611328,0,160.427230834961,0,104.691666030884,0,90.5172748565674,0,0,0,117.973181724548,118.225039800008,113.836159555536,0,0,68.4540198644002,106.519647870745,157.104072570801,68.9234017764821,99.4594429595561,104.181508919627,197.410259246826,0,200.592399597168,106.715299606323,0,0,135.561229070028,126.610599171032,7.18426095443038,48.4315627114067,16.8976081782655,105.294593811035,0,167.72688293457,140.280382902726,141.344323294503,71.5604499772322,171.6135597229,68.2761941498401,0,52.1128932392702,147.142735617501,112.107666015625,48.0213094932446,57.7507293002015,77.9736977052153,63.6413472918321,234.332443237305,93.5087457544663,26.0573831358572,65.0904071205541,82.0481114083148,27.9199112687267,57.8179680113877,34.6519599858741,107.39695249285,137.030454535233,110.704598005428,74.459381942749,133.542892456055,100.843190511068,64.4093918119158
184.349060058594,84.8051494251598,94.8712770847174,62.0832168186936,178.612915039062,0,214.23416519165,173.617349440052,201.931405460133,158.130372183663,189.530993870326,149.220620049371,203.220809936523,131.438331604004,193.181452700966,0,108.547464497884,111.810554545413,135.036532592773,125.607503440163,0,139.406800759805,74.520485491366,108.005430908203,152.936844912442,108.581172307332,109.622507509236,96.6304286342197,170.555276340908,180.584946695964,158.73344222359,140.161847795759,0,0,122.702717555388,114.334258116008,48.4315627114067,13.9264121477584,52.1334392117077,163.368515650431,0,155.416683729305,105.312141880502,143.576301915574,123.857800175593,133.817098407422,80.0221504821777,167.874962942941,93.6340191969231,129.634274197232,162.261834716797,91.2865804158724,41.7394936617493,80.9718659488604,60.5609429896327,188.01079305013,68.9832531680018,60.0690571695964,31.7646517597181,121.186988830566,93.4793500033292,36.4438699607191,38.1605037804005,100.300426938641,139.926787794234,88.0450938042794,91.7709698994954,181.567984686957,124.274939400809,69.2258854572907
