10.1391131863871,122.829326084682,95.667797088623,66.042776650245,76.1210347565127,0,64.5885099569957,23.8096501232325,32.4883266228437,63.1216623687744,61.2332552329839,122.443375220666,84.6554430007935,99.9013214111328,11.4404756240038,87.0741536617279,92.8782660744407,101.787921695534,0,126.21320783175,82.1407939807789,74.4937816952595,86.5549752553304,79.1119400017169,65.3944822506225,142.1461353302,116.03310391996,118.220739603043,64.8422567708411,13.5139066650946,27.2175154026657,155.105949401855,69.666130065918,49.0438717042699,64.9178119892246,139.419662475586,146.041076660156,165.430431365967,108.369008890788,83.8079299926758,0,159.264450073242,126.258836599497,136.664245605469,92.0556030273438,146.231297810872,0,0,0,166.192509969076,126.419128417969,167.634735107422,169.272930145264,0,188.367095947266,0,161.340339660645,131.665166219076,172.305332946777,117.727487608444,0,180.505813598633,162.542979558309,126.791769572667,142.584932327271,130.414470672607,0,0,128.847286224365,157.451824951172
122.829326084682,8.14350116347452,42.3241434739792,21.3890513439973,101.152705192566,0,107.352378845215,110.635099411011,136.243240356445,68.3842897103503,121.689336923453,58.2288075174604,96.243168422154,44.6353327461153,134.979850260417,103.860902497263,46.6768616192961,51.0631655895804,81.7186846733093,59.3994782059281,100.995330810547,85.1933251458245,23.456238342646,67.7663682012847,79.014592713195,19.3171071287225,45.5355676658723,28.4668282916139,95.8781193975192,103.892288620408,91.2432189642214,61.5896287238461,0,102.79539320204,61.5064898816551,0,29.2322097619375,107.186139193448,57.1099519729614,0,0,0,166.975883483887,0,0,0,0,0,63.4549446105957,0,0,0,109.416982014974,0,134.609386444092,0,165.85563659668,0,112.661949157715,150.337066650391,84.397398630778,110.400303807752,103.801712933709,196.970443725586,0,153.78044128418,0,0,0,118.7265625
95.667797088623,42.3241434739792,10.2237096028882,45.9052620202524,124.764409383138,168.714782714844,122.631211130243,86.9989574417035,111.004967260271,95.2111480886286,105.636383698718,87.4704349620922,163.654621124268,105.798573303223,109.389110369246,115.286555203525,74.0594175656637,27.2739707220735,90.1100891960992,59.5250875421819,161.655378977458,56.9256390678004,47.8081167407721,27.5766204362274,97.0991326270165,74.4586270650228,30.4379833108422,35.7552784687423,80.5125477392023,94.2091656465454,78.5858770763274,87.1040592599422,0,90.177275645582,65.6301278407366,151.002988179525,59.4353514006644,91.8168075006333,53.4146083468904,137.49560546875,0,0,152.208789367676,177.19208017985,129.940418243408,170.529912312826,134.745363871257,0,118.785888671875,176.202545166016,0,100.781351643224,103.718777828181,148.791819254557,126.333767954508,0,132.189718119303,90.7933937355324,106.950008081835,147.335970772637,132.454467773438,105.213667658631,88.2079381253411,145.963800702776,175.748664855957,134.540923563639,140.28148651123,0,182.413696289062,103.250921470241
66.042776650245,21.3890513439973,45.9052620202524,11.8540929333173,49.4653143155373,92.4052543640137,78.8789547069653,55.5291402833764,76.8834330147388,15.4530073306348,68.5704483959556,54.4901613886394,90.3162658328102,39.1375363351429,79.1472724061034,50.5678205490112,37.9663784320148,56.2983571045788,59.9263384588834,57.8515526796209,89.6598879496257,49.2737496837097,20.5477526802047,49.0785382905414,34.3006743383622,22.5053207765926,50.3919902166697,38.3342459471087,46.9750883195954,66.6581801264232,53.1615577831769,59.2226663018665,0,52.7957535810012,56.4938388619312,79.7665180769123,9.29983707031293,63.5704792044257,15.0147726750028,52.9217580159505,0,91.0359756469727,71.9583210772779,96.6170501708984,89.2573742866516,87.7205247879028,102.078146107992,0,64.1029016494751,96.9071526300339,0,55.2405217942737,67.9450979045793,95.248866558075,81.5394070943197,66.7533311843872,67.0477699196857,57.2903858947754,68.1976443827152,56.4814410110084,42.3116663174752,61.6348787256189,53.7382780176993,68.5781164079058,91.0391734344791,82.7639377940785,80.6763825416565,131.777206420898,69.4834664997302,72.3203803515825
76.1210347565127,101.152705192566,124.764409383138,49.4653143155373,7.49612541611209,96.0406555175781,50.4205689363825,50.4015095934106,80.2875189684139,41.023424836926,25.0741604743876,131.196947733561,31.1521379186001,148.231151580811,91.1987106853061,54.6288956233433,75.3750381469727,151.332903544108,0,145.645465087891,11.2440203572863,116.675230026245,60.5005805366918,107.09792582194,22.3558086697059,137.779624938965,170.451373291016,114.380892181396,12.5786198945008,91.3581243111537,104.173165130615,0,0,73.5739063989548,91.3850747621976,173.535888671875,187.00895690918,181.067001342773,80.9372634887695,9.51536343140262,0,133.261807385613,128.39169813947,137.71076563785,101.914461408343,28.0999412196023,0,76.8027016032826,0,158.287181854248,104.380714416504,0,210.887613932292,0,0,34.9236625400308,210.576385498047,170.094657897949,152.935129801432,113.67826874244,0,0,172.581873575846,126.908507377382,169.228719075521,0,0,0,144.579166412354,0
0,0,168.714782714844,92.4052543640137,96.0406555175781,6.94230652222519,9.57624136420465,103.342104593913,13.470897155789,45.7613000869751,110.750490315755,46.9278246561686,69.3802272796631,0,27.5097300224779,11.1706644678631,0,177.277313232422,0,136.76810836792,76.0523567199707,80.6669667561849,68.0344848632812,91.2055028279622,75.1555661095513,99.7547836303711,0,99.2895802089146,89.5776737758091,22.7269612618212,87.2811889648438,0,6.3531525946656,0,26.1848250797817,161.744903564453,0,0,0,0,0,0,0,0,0,0,0,0,0,0,0,0,134.983703613281,0,0,0,0,0,0,0,0,0,0,0,0,0,0,0,0,0
64.5885099569957,107.352378845215,122.631211130243,78.8789547069653,50.4205689363825,9.57624136420465,9.00994723747093,45.8907354987372,15.9545767601487,47.3888932909284,31.4207672121255,64.2862030767625,24.9295923689764,73.2939639621311,30.1934430684629,10.2405940147578,105.443918228149,142.663775761922,120.516277313232,122.316869354248,43.1326659635292,102.258490085602,113.188707791842,107.916392698126,59.4099758868943,77.5178787231445,130.297053909302,129.063945225307,58.4805269621244,21.4262146713472,86.8682767806515,102.118064880371,11.2680039310411,80.4280090332031,53.7150818483153,175.425666809082,0,196.55078125,88.2749633789062,0,0,142.133331298828,130.185573778654,153.834180391752,115.993209838867,141.375639779227,0,127.19514465332,0,140.244079589844,0,0,223.991851806641,0,0,73.1717338562012,0,0,0,120.252427237374,0,0,189.056655883789,134.740406916692,158.397821044922,0,0,0,0,0
23.8096501232325,110.635099411011,86.9989574417035,55.5291402833764,50.4015095934106,103.342104593913,45.8907354987372,8.08340424585239,55.3220780039367,52.7933838788201,16.9407418693566,132.61691347758,48.3579169688017,156.506544113159,30.1838619702505,63.3103277087212,74.8729202464475,109.857700557499,0,140.798047065735,66.0157997824929,58.1032984958211,71.8102404359911,69.6748924843001,48.1782763815238,144.548884391785,113.454888802988,101.466852623178,30.4285465411552,59.2919599790739,11.6777770654468,160.211250305176,102.899917602539,53.3937273920264,70.9385035545144,120.949352851281,134.232470703125,158.006297235904,95.3166871070862,121.080772399902,0,134.144812992641,117.368447148843,140.867593955994,95.6968584927646,125.949350693647,0,96.9597142537435,0,146.972170003255,96.1467590332031,134.604064941406,167.249338059198,0,192.829681396484,115.807898748489,145.501722971598,134.222412109375,161.220680729035,105.439757599424,0,191.695407443576,153.134468541001,117.239414853748,138.739653292569,123.013721466064,0,0,121.22486114502,126.706904820033
32.4883266228437,136.243240356445,111.004967260271,76.8834330147388,80.2875189684139,13.470897155789,15.9545767601487,55.3220780039367,9.07549875142372,72.7518890054696,42.0367198274405,77.097574788281,65.3762049731104,94.9078477712778,13.7841466648641,29.6410762025199,105.147495778402,120.407935147458,96.2525300979614,130.313059880183,75.3530387269902,90.2729386232667,100.557611694336,96.7398684465177,69.5617204961247,110.86566734314,132.427317900885,133.221235903785,73.7963650317032,21.7536977122934,71.3074638278498,162.324405670166,6.72784511419045,81.6874657727163,60.5815953486469,139.409435090565,169.764602661133,171.029665433444,119.934215545654,136.062647138323,0,151.971442589393,134.468295086871,148.167419751485,117.627451215472,141.119752582751,0,0,0,162.45026459565,106.059633890788,155.120674133301,196.094730922154,0,207.210876464844,110.999623616536,168.349522908529,154.824775695801,188.187848772321,119.30091603597,0,195.385174837979,171.995035622337,135.925931622905,165.353701455253,149.478597005208,0,0,148.446502685547,167.44287109375
63.1216623687744,68.3842897103503,95.2111480886286,15.4530073306348,41.023424836926,45.7613000869751,47.3888932909284,52.7933838788201,72.7518890054696,8.48136345454479,61.5270978099895,120.034225181297,8.42237934204129,108.474347798561,78.7658391903608,17.0900674588957,47.1852612631662,115.440756674374,156.132570902507,120.881670299329,16.2355960493316,69.1196536628567,19.9451053429993,79.6957088919247,18.8884227487645,92.5424445507323,111.16920672301,95.0712353967335,45.9757574132323,65.6735784446492,54.4358999343689,120.094568888346,0,50.9109409742119,75.8460727980157,122.003028869629,107.82364654541,145.712524414062,118.379110972087,0,0,0,97.1326909065247,179.436111450195,0,0,0,0,127.528625488281,137.014715194702,118.396202087402,0,173.322315761021,0,152.583043416341,43.2380485534668,0,235.82536315918,195.136558532715,92.7802105953819,158.544174194336,167.173241509332,156.955696105957,119.998230743408,121.139865875244,104.081769307454,0,180.581268310547,0,102.11385345459
61.2332552329839,121.689336923453,105.636383698718,68.5704483959556,25.0741604743876,110.750490315755,31.4207672121255,16.9407418693566,42.0367198274405,61.5270978099895,11.3999634360825,130.949932734172,26.6862983914421,158.423271179199,49.1248081066417,57.5448982817898,89.7350557115343,145.58652381897,136.621047973633,171.081732177734,16.2844661302274,81.1927848199401,87.163691025746,91.2345836930356,47.2164702247888,154.801544189453,142.406494140625,121.221580331976,27.2801461395418,79.7424936449384,95.0054848262242,0,105.793536376953,69.5351661589088,77.4615706430899,142.883232116699,0,169.404418945312,90.4477296717027,116.381667613983,0,149.001351815683,128.787106191512,146.4427060579,109.95045198713,140.680623661388,0,121.407209396362,0,148.775020252575,115.520288739886,170.543395996094,174.197853088379,0,0,122.399550676346,180.935180664062,122.170692443848,172.407161365856,111.953482178657,0,194.780120849609,168.6325977032,134.837300006254,152.827408761689,158.261703491211,0,188.365203857422,151.982444763184,146.223346710205
122.443375220666,58.2288075174604,87.4704349620922,54.4901613886394,131.196947733561,46.9278246561686,64.2862030767625,132.61691347758,77.097574788281,120.034225181297,130.949932734172,11.2977466194423,133.565452575684,23.8064562215345,71.6000584227627,86.6798620223999,0,51.5735838642548,21.7971380929176,23.3682221145036,132.727175625888,87.8683572769165,78.5350549285476,75.0956639183892,133.042826538086,27.6074790282519,22.4264999620257,50.408056719446,136.287801854751,50.7975779921815,114.657431284587,32.1069373483772,58.5338684082031,105.661171722412,29.0954041307168,0,114.463981628418,143.611587524414,49.6868249719793,0,0,0,0,0,0,0,94.1774937022816,0,80.7117213587607,0,0,0,131.804135322571,99.6548271179199,98.5867628370013,0,0,0,190.179779052734,194.370483398438,63.146232805754,90.7660585234437,93.1134891335024,0,0,0,95.9780417548286,0,0,122.901011149089
84.6554430007935,96.243168422154,163.654621124268,90.3162658328102,31.1521379186001,69.3802272796631,24.9295923689764,48.3579169688017,65.3762049731104,8.42237934204129,26.6862983914421,133.565452575684,9.96173039986382,141.043951851981,88.2631173728439,17.0418395148103,0,173.731860351562,140.001327514648,145.734916687012,11.9351425798875,152.335397720337,85.9242553710938,128.569582257952,25.3824334462307,140.547627766927,171.707474448464,118.182083129883,43.5779593052331,86.7207084343742,122.887746265956,165.580093383789,102.138196309408,81.231455485026,86.3761748177665,171.835800170898,0,0,107.503211975098,51.7630643844604,0,43.3162352244059,137.64737374442,79.5086812973022,66.9610811869303,22.8960261113435,0,7.77242346127099,0,0,88.8759460449219,0,0,0,0,15.1916399957667,0,0,158.234268188477,107.120374202728,0,158.029739379883,0,147.54607963562,0,0,0,0,0,0
99.9013214111328,44.6353327461153,105.798573303223,39.1375363351429,148.231151580811,0,73.2939639621311,156.506544113159,94.9078477712778,108.474347798561,158.423271179199,23.8064562215345,141.043951851981,6.8850169559056,84.4394118073699,143.026069641113,136.070117950439,80.5090678430373,48.2736539195701,56.9712464941553,147.812184651693,127.127627563477,73.3865527775696,121.592474895975,126.099823110797,15.3051722047548,39.8335758962092,30.6407319230527,137.917446454366,69.9763287488152,140.735013961792,12.1906580116718,76.3953704833984,138.726186116536,52.6091658558827,0,61.7200241088867,130.431941986084,41.4606467056274,0,0,0,0,0,0,0,75.041131178538,0,22.0295829158329,0,0,0,128.839206695557,86.2737045288086,94.3701026293696,0,0,0,106.79328918457,0,51.8856034856854,84.7639129252373,80.5533010641734,0,0,0,84.9873750474718,0,0,113.960098266602
11.4404756240038,134.979850260417,109.389110369246,79.1472724061034,91.1987106853061,27.5097300224779,30.1934430684629,30.1838619702505,13.7841466648641,78.7658391903608,49.1248081066417,71.6000584227627,88.2631173728439,84.4394118073699,7.48926737058599,50.8289415535807,110.395169417063,115.997192281895,97.965725291859,119.20405398133,87.7105981729153,86.8377598902976,105.93658273485,93.471956979028,77.7742205548674,94.8900527954102,127.335710561875,131.644225310047,77.0399341484499,16.0597243816897,54.7378269209503,116.941981506348,6.82844310240175,57.67728174094,53.2445100740788,145.076666398482,126.727333068848,169.843862533569,122.247459411621,110.090408325195,0,150.126317342122,139.676710746658,163.951971574263,91.4051818847656,164.838095092773,236.562133789062,0,107.174034118652,189.255218505859,0,0,191.311335972377,0,207.611694335938,154.262874603271,204.201148986816,0,184.157663133409,128.620909245809,0,213.021962483724,170.755818684896,138.023223645759,162.561654227121,151.863772583008,0,191.567687988281,148.579216003418,140.260919189453
87.0741536617279,103.860902497263,115.286555203525,50.5678205490112,54.6288956233433,11.1706644678631,10.2405940147578,63.3103277087212,29.6410762025199,17.0900674588957,57.5448982817898,86.6798620223999,17.0418395148103,143.026069641113,50.8289415535807,6.61547172302874,95.8490982055664,133.277784729004,0,155.137275695801,44.4719727834066,56.4814796447754,66.289140732562,124.336043039958,35.7334548238317,133.460443597091,134.464755665172,124.561049027876,67.8008097882541,67.0216042748813,103.940423965454,148.753921508789,30.8178153202452,69.4822196960449,67.4330934797015,0,0,157.334396362305,120.659568786621,105.419609069824,0,0,128.780450439453,0,0,0,0,0,0,0,0,0,0,0,0,61.0907046000163,0,0,0,106.934646606445,0,194.270080566406,170.663375854492,137.419052124023,0,0,0,0,0,0
92.8782660744407,46.6768616192961,74.0594175656637,37.9663784320148,75.3750381469727,0,105.443918228149,74.8729202464475,105.147495778402,47.1852612631662,89.7350557115343,0,0,136.070117950439,110.395169417063,95.8490982055664,9.00325473906894,89.166262238114,149.830032348633,119.320668538411,0,38.3363129147943,25.1543885898185,17.6474825523432,25.3584337042638,119.961217244466,99.3186674679027,23.410462227723,34.0848947574006,90.6222056706746,71.4214310116238,121.946907043457,0,75.9698862146448,66.0682120042689,125.843906402588,74.9861011505127,121.433150291443,64.8474168777466,0,0,0,124.256069946289,129.13362121582,0,0,0,0,0,196.45664469401,0,91.2374265193939,119.095700263977,0,0,0,102.659413473947,73.9922663370768,98.0376940392829,108.337158711751,0,149.578092575073,99.2226926167806,107.635550181071,152.982393900553,117.428163146973,0,0,0,116.555117289225
101.787921695534,51.0631655895804,27.2739707220735,56.2983571045788,151.332903544108,177.277313232422,142.663775761922,109.857700557499,120.407935147458,115.440756674374,145.58652381897,51.5735838642548,173.731860351562,80.5090678430373,115.997192281895,133.277784729004,89.166262238114,10.774293039111,59.4231756932987,18.2385520331653,155.572677612305,52.8863482309383,71.5956648079453,29.5614583381822,115.753676353617,62.2031663803827,45.4552052537015,62.0102823591092,102.568532097609,89.4674018235793,70.4128567634216,74.4743998908997,0,83.5618676703593,38.0220234109491,168.553606669108,74.8146277165067,102.958850739768,63.7906710800615,0,0,0,183.194043840681,196.219909667969,0,0,142.244406806098,0,111.74268951416,193.186795043945,0,125.588421161358,111.639945738906,130.693830490112,124.615195689482,0,140.416289288065,105.155591011047,120.477485126919,153.44926876492,89.3540700276693,108.43893587819,99.7804989561743,157.197103881836,170.542411804199,146.750971476237,146.734329223633,0,191.346389770508,108.708444731576
0,81.7186846733093,90.1100891960992,59.9263384588834,0,0,120.516277313232,0,96.2525300979614,156.132570902507,136.621047973633,21.7971380929176,140.001327514648,48.2736539195701,97.965725291859,0,149.830032348633,59.4231756932987,6.52675695968971,8.39248566966747,160.986694335938,108.051341247559,99.1216812133789,90.4495275991934,167.254185994466,41.526251429135,20.8732342113377,55.5134746331435,140.28786722819,78.5297082265218,141.437278747559,50.7227938872907,0,136.66584777832,55.7333738816007,0,0,149.150344848633,56.7587575912476,0,0,0,0,0,0,0,105.388027191162,0,84.0434399773093,0,0,0,127.590858459473,100.243293762207,107.686110063033,0,0,147.064987182617,0,0,68.5895489659803,104.411666196935,89.3857608083951,0,0,0,109.82982635498,0,0,96.2734680175781
126.21320783175,59.3994782059281,59.5250875421819,57.8515526796209,145.645465087891,136.76810836792,122.316869354248,140.798047065735,130.313059880183,120.881670299329,171.081732177734,23.3682221145036,145.734916687012,56.9712464941553,119.20405398133,155.137275695801,119.320668538411,18.2385520331653,8.39248566966747,9.54912218843912,154.86279296875,86.6571224822095,91.3528116084327,68.5725819475897,142.910987490699,43.1437920936476,27.2493743259798,56.1963148872567,135.753382143767,88.9876200910928,98.8805484298832,53.2852264072584,0,96.175295715332,43.2928964669521,0,101.652658462524,120.823713649403,75.8811618403385,0,0,0,209.509574890137,217.306793212891,0,0,112.707302347819,0,94.6759301462481,176.260009765625,0,0,116.608235308999,115.3807331432,109.47583015519,0,154.026567731585,143.082107543945,133.265633669767,182.00267791748,71.0782684846358,100.495994820381,98.0787149685532,193.237319946289,175.296661376953,148.104044596354,107.489709642198,0,0,115.620893038236
82.1407939807789,100.995330810547,161.655378977458,89.6598879496257,11.2440203572863,76.0523567199707,43.1326659635292,66.0157997824929,75.3530387269902,16.2355960493316,16.2844661302274,132.727175625888,11.9351425798875,147.812184651693,87.7105981729153,44.4719727834066,0,155.572677612305,160.986694335938,154.86279296875,6.87747749187555,138.726806640625,109.646255493164,149.722919464111,26.691248080533,146.38362121582,185.789343939887,150.000044389205,22.002071099013,86.8016274340518,129.671968313364,0,94.4065322875977,73.4187039767995,84.4871610864863,135.568115234375,0,185.775543212891,0,33.5616989135742,0,153.691897583008,132.913602828979,142.793126424154,110.232573191325,135.036931991577,0,107.590492248535,0,172.539749145508,98.35027440389,0,0,0,0,18.5477104746934,0,156.600662231445,0,116.754073199104,0,0,196.221588134766,137.029409581965,159.314463297526,0,0,0,141.048690795898,0
74.4937816952595,85.1933251458245,56.9256390678004,49.2737496837097,116.675230026245,80.6669667561849,102.258490085602,58.1032984958211,90.2729386232667,69.1196536628567,81.1927848199401,87.8683572769165,152.335397720337,127.127627563477,86.8377598902976,56.4814796447754,38.3363129147943,52.8863482309383,108.051341247559,86.6571224822095,138.726806640625,10.9796203414751,52.189997586998,28.3251393708124,41.2893773956732,137.411163330078,85.4088332186766,77.4434093387518,27.5468734898466,50.6840036893882,28.2473874062697,117.331392288208,0,57.2990365165054,44.2833382475089,142.862777709961,100.437549591064,126.242142346441,86.5667953491211,0,0,155.644622802734,124.484282242624,158.263918558757,0,157.654294331868,0,0,197.865951538086,182.182092030843,0,104.816607306985,140.633790651957,0,160.259150187174,0,111.072863145308,111.686932881673,122.47510268662,114.108077258599,156.963562011719,147.35082804362,125.81401348114,115.21576263945,143.533538818359,124.34938881614,0,0,136.504196166992,133.430202007294
86.5549752553304,23.456238342646,47.8081167407721,20.5477526802047,60.5005805366918,68.0344848632812,113.188707791842,71.8102404359911,100.557611694336,19.9451053429993,87.163691025746,78.5350549285476,85.9242553710938,73.3865527775696,105.93658273485,66.289140732562,25.1543885898185,71.5956648079453,99.1216812133789,91.3528116084327,109.646255493164,52.189997586998,8.07009818887106,44.7234287952228,31.6748791905432,58.7216665192008,79.8128281254922,38.5056588174934,54.2819694998605,83.4809755886302,60.9028842772804,90.0558345679081,0,64.7359166549424,60.1458525549007,0,53.8549035390218,65.6018827196578,52.9762728074018,0,0,0,114.467674255371,154.522525787354,102.230224609375,129.053077697754,189.435356140137,0,124.569702148438,106.842750549316,0,46.4142360131717,93.6764326448794,144.763000488281,119.228941917419,0,71.6119411609791,14.0113482475281,66.8590456589046,113.995470523834,105.682205200195,118.684035762664,55.7183565595257,101.054684758186,133.84152730306,110.245542738173,0,0,158.909912109375,78.3703867594401
79.1119400017169,67.7663682012847,27.5766204362274,49.0785382905414,107.09792582194,91.2055028279622,107.916392698126,69.6748924843001,96.7398684465177,79.6957088919247,91.2345836930356,75.0956639183892,128.569582257952,121.592474895975,93.471956979028,124.336043039958,17.6474825523432,29.5614583381822,90.4495275991934,68.5725819475897,149.722919464111,28.3251393708124,44.7234287952228,12.3241245321344,47.3649607607786,101.886791737874,61.6528897038447,45.8975619174631,42.9446025639092,80.100319616107,53.7601560663546,104.637026751483,155.372406005859,77.6119676371337,45.014436459832,145.790941874186,74.1364194808468,106.654124064618,70.2964359323184,0,0,201.859776814779,156.422945271368,173.966423988342,157.839401245117,159.672693888346,172.361367797852,0,135.864837646484,175.325623732347,0,91.1602368223901,122.201574433839,0,146.98563778785,0,118.338717016843,87.2409091949463,106.776363836596,135.266458907217,133.63697052002,132.145438354492,100.061934162637,132.214864626036,145.757288764505,133.611738128662,0,0,118.632884979248,112.333045378185
65.3944822506225,79.014592713195,97.0991326270165,34.3006743383622,22.3558086697059,75.1555661095513,59.4099758868943,48.1782763815238,69.5617204961247,18.8884227487645,47.2164702247888,133.042826538086,25.3824334462307,126.099823110797,77.7742205548674,35.7334548238317,25.3584337042638,115.753676353617,167.254185994466,142.910987490699,26.691248080533,41.2893773956732,31.6748791905432,47.3649607607786,9.73395212516757,109.674841668871,125.236139125578,86.1270739406153,19.3385464647833,71.2261000518799,61.9135352342595,136.306591199792,117.238121032715,57.9913674944041,67.3424444907336,114.37718001279,98.9840469360352,152.391607920329,69.8433244824409,94.6743538003219,162.535568237305,119.340674051424,106.415497074814,127.020794023786,74.7784346474542,109.943724142539,214.011001586914,87.3646659851074,0,133.548202256025,97.5058642069499,115.699068242853,161.001091741746,151.711822509766,177.846366882324,93.3878910795171,122.585000258226,110.844715881348,142.782165718079,90.1951826250231,130.573425292969,166.184819673237,151.236829310288,104.040253933478,128.141569318563,120.906952305844,0,165.160018920898,116.893048241025,113.826300048828
142.1461353302,19.3171071287225,74.4586270650228,22.5053207765926,137.779624938965,99.7547836303711,77.5178787231445,144.548884391785,110.86566734314,92.5424445507323,154.801544189453,27.6074790282519,140.547627766927,15.3051722047548,94.8900527954102,133.460443597091,119.961217244466,62.2031663803827,41.526251429135,43.1437920936476,146.38362121582,137.411163330078,58.7216665192008,101.886791737874,109.674841668871,9.58959192680738,37.9904542270199,24.4505759673392,125.218859808786,72.8908305849348,124.121915643865,42.470044341977,0,130.764640808105,53.9012470524486,0,0,154.655176798503,26.9132476555674,0,0,0,0,232.384582519531,0,0,73.444060252263,0,53.6066511685086,0,0,0,106.974870300293,68.2179728421298,73.5362161489633,0,125.890716552734,114.478775024414,0,155.679794311523,33.4628502344474,63.7289370035721,56.2340870619459,0,0,0,67.3526038169861,0,0,88.953912462507
116.03310391996,45.5355676658723,30.4379833108422,50.3919902166697,170.451373291016,0,130.297053909302,113.454888802988,132.427317900885,111.16920672301,142.406494140625,22.4264999620257,171.707474448464,39.8335758962092,127.335710561875,134.464755665172,99.3186674679027,45.4552052537015,20.8732342113377,27.2493743259798,185.789343939887,85.4088332186766,79.8128281254922,61.6528897038447,125.236139125578,37.9904542270199,13.470060183653,31.834598773501,122.392058569056,104.670112345736,100.869513303432,27.7366456828235,0,104.393272452884,58.6833477250142,162.577220916748,83.7977947142066,107.703296242991,70.9673485854576,0,0,0,174.934938218859,192.987080891927,167.299369812012,0,106.417073965073,0,87.1836259676063,193.634162902832,0,149.411478678385,108.282027385274,104.516952991486,99.7419726053874,0,152.423184712728,115.881881713867,130.768447565839,163.081949869792,66.9178108268684,92.9854102496859,91.7220596061018,161.308639526367,159.334854125977,144.929757944743,99.0135228583153,0,0,108.592287663051
118.220739603043,28.4668282916139,35.7552784687423,38.3342459471087,114.380892181396,99.2895802089146,129.063945225307,101.466852623178,133.221235903785,95.0712353967335,121.221580331976,50.408056719446,118.182083129883,30.6407319230527,131.644225310047,124.561049027876,23.410462227723,62.0102823591092,55.5134746331435,56.1963148872567,150.000044389205,77.4434093387518,38.5056588174934,45.8975619174631,86.1270739406153,24.4505759673392,31.834598773501,13.4041560799713,77.4128553423745,111.906685112401,98.7759633842421,19.6985374610827,0,103.498103673945,64.8834578749349,162.98252751277,50.9102078631408,93.3260051152334,48.767772807374,159.827033996582,0,192.391304016113,153.20278995793,174.216624668666,159.757037162781,163.804347991943,110.05350680229,0,92.6280386326677,191.029860973358,151.446136474609,90.2801256424341,102.142713518114,116.362677995549,105.544708456312,0,125.999096709903,73.6725743770599,105.330069721503,151.740352710088,66.7657376574231,95.6101349180502,88.6033835601021,148.77046977004,165.27744362571,141.460479812622,106.205048939538,0,148.344715118408,99.817532204682
64.8422567708411,95.8781193975192,80.5125477392023,46.9750883195954,12.5786198945008,89.5776737758091,58.4805269621244,30.4285465411552,73.7963650317032,45.9757574132323,27.2801461395418,136.287801854751,43.5779593052331,137.917446454366,77.0399341484499,67.8008097882541,34.0848947574006,102.568532097609,140.28786722819,135.753382143767,22.002071099013,27.5468734898466,54.2819694998605,42.9446025639092,19.3385464647833,125.218859808786,122.392058569056,77.4128553423745,11.2133443353751,74.1476550884996,32.8923165113658,157.751397705078,126.035598754883,58.3406014273353,59.5313190762345,121.82648523303,114.301780700684,157.70554994282,85.0478728400336,50.1466014809079,0,137.28004419236,118.693129977166,140.041722938196,108.063677141743,131.507228342692,0,115.449744484641,0,142.937956518056,147.284536361694,113.053192138672,163.455597877502,0,195.170600891113,119.357690057089,117.682111566717,115.055679321289,137.690460898659,105.567190701676,0,179.718419855291,150.803149819374,112.986482125253,129.421061130549,119.774748334698,0,0,121.153984324137,122.250298959238
13.5139066650946,103.892288620408,94.2091656465454,66.6581801264232,91.3581243111537,22.7269612618212,21.4262146713472,59.2919599790739,21.7536977122934,65.6735784446492,79.7424936449384,50.7975779921815,86.7207084343742,69.9763287488152,16.0597243816897,67.0216042748813,90.6222056706746,89.4674018235793,78.5297082265218,88.9876200910928,86.8016274340518,50.6840036893882,83.4809755886302,80.100319616107,71.2261000518799,72.8908305849348,104.670112345736,111.906685112401,74.1476550884996,9.47491853231456,27.3096755371921,94.1203573667086,12.6721737517514,16.2505318030305,34.6693750346816,149.026417658879,120.320209503174,150.232814331055,115.166499288459,0,0,156.780975341797,134.938152486628,148.751726150513,147.92431640625,159.198063441685,0,0,176.352081298828,153.569235229492,0,125.822761535645,175.787902832031,0,184.164662679036,184.496887207031,149.174398422241,0,163.422805786133,119.189360780536,148.182136535645,158.408944447835,154.577381229401,122.621302460971,148.065995025635,129.455207061768,0,0,131.585739135742,154.110728672573
27.2175154026657,91.2432189642214,78.5858770763274,53.1615577831769,104.173165130615,87.2811889648438,86.8682767806515,11.6777770654468,71.3074638278498,54.4358999343689,95.0054848262242,114.657431284587,122.887746265956,140.735013961792,54.7378269209503,103.940423965454,71.4214310116238,70.4128567634216,141.437278747559,98.8805484298832,129.671968313364,28.2473874062697,60.9028842772804,53.7601560663546,61.9135352342595,124.121915643865,100.869513303432,98.7759633842421,32.8923165113658,27.3096755371921,11.5068714341836,133.567539215088,113.307586669922,39.4154151212264,40.4988731620831,123.363867134883,108.204366048177,140.86424853755,98.5126835591084,0,206.025985717773,176.807861328125,119.982914701421,143.470596313477,94.7748680114746,139.47339630127,0,0,0,147.455902099609,0,117.519683837891,152.306886827624,0,186.84139251709,0,111.598331451416,131.760524749756,149.939376244178,109.705425362838,0,158.138319188898,143.277833680849,109.812364020956,126.614209541908,115.504319763184,0,0,116.404649098714,121.742162867955
155.105949401855,61.5896287238461,87.1040592599422,59.2226663018665,0,0,102.118064880371,160.211250305176,162.324405670166,120.094568888346,0,32.1069373483772,165.580093383789,12.1906580116718,116.941981506348,148.753921508789,121.946907043457,74.4743998908997,50.7227938872907,53.2852264072584,0,117.331392288208,90.0558345679081,104.637026751483,136.306591199792,42.470044341977,27.7366456828235,19.6985374610827,157.751397705078,94.1203573667086,133.567539215088,6.49235772729151,107.580303192139,145.483219146729,69.0042299855404,0,129.119590759277,147.179847717285,75.7024035020308,0,0,0,0,214.69660949707,0,0,100.965603168194,0,84.1597588117733,0,0,0,130.052151679993,109.091117477417,106.364248402913,0,0,145.394912719727,0,0,68.4047015797008,96.9956750663922,92.3498711934904,0,0,167.900268554688,96.7734390258789,0,0,114.341782706124
69.666130065918,0,0,0,0,6.3531525946656,11.2680039310411,102.899917602539,6.72784511419045,0,105.793536376953,58.5338684082031,102.138196309408,76.3953704833984,6.82844310240175,30.8178153202452,0,0,0,0,94.4065322875977,0,0,155.372406005859,117.238121032715,0,0,0,126.035598754883,12.6721737517514,113.307586669922,107.580303192139,4.65947656627548,75.028678894043,40.8584974462336,0,0,0,0,0,0,0,0,0,0,0,0,0,0,0,0,0,0,0,0,0,0,0,0,0,0,0,0,0,0,0,0,0,0,0
49.0438717042699,102.79539320204,90.177275645582,52.7957535810012,73.5739063989548,0,80.4280090332031,53.3937273920264,81.6874657727163,50.9109409742119,69.5351661589088,105.661171722412,81.231455485026,138.726186116536,57.67728174094,69.4822196960449,75.9698862146448,83.5618676703593,136.66584777832,96.175295715332,73.4187039767995,57.2990365165054,64.7359166549424,77.6119676371337,57.9913674944041,130.764640808105,104.393272452884,103.498103673945,58.3406014273353,16.2505318030305,39.4154151212264,145.483219146729,75.028678894043,7.89631935556979,20.5822416395156,123.168491363525,0,153.736764526367,124.280548095703,0,0,143.410736083984,119.892579714457,127.994888305664,66.0260696411133,0,204.266357421875,0,0,138.069519042969,0,0,146.722599029541,0,164.104064941406,0,139.316070556641,0,139.466567993164,102.660499191284,0,141.325242360433,142.865099126642,113.104024675157,127.305547714233,97.3686345418294,0,0,111.567169189453,129.060718536377
64.9178119892246,61.5064898816551,65.6301278407366,56.4938388619312,91.3850747621976,26.1848250797817,53.7150818483153,70.9385035545144,60.5815953486469,75.8460727980157,77.4615706430899,29.0954041307168,86.3761748177665,52.6091658558827,53.2445100740788,67.4330934797015,66.0682120042689,38.0220234109491,55.7333738816007,43.2928964669521,84.4871610864863,44.2833382475089,60.1458525549007,45.014436459832,67.3424444907336,53.9012470524486,58.6833477250142,64.8834578749349,59.5313190762345,34.6693750346816,40.4988731620831,69.0042299855404,40.8584974462336,20.5822416395156,10.7819769717781,166.575310843331,84.8258785671658,108.773751500141,78.6242869630152,0,0,0,135.732735527886,147.774551391602,85.4261093139648,0,138.783099365234,0,163.435243225098,140.029218037923,0,106.428147997175,117.310701642718,126.962203979492,122.292320489883,0,130.821636199951,109.768606567383,125.78109179045,123.264682476337,73.1888961791992,116.442189534505,108.128614809455,111.503103129069,150.366233348846,136.429212188721,121.575940450033,0,131.085042317708,115.173822756167
139.419662475586,0,151.002988179525,79.7665180769123,173.535888671875,161.744903564453,175.425666809082,120.949352851281,139.409435090565,122.003028869629,142.883232116699,0,171.835800170898,0,145.076666398482,0,125.843906402588,168.553606669108,0,0,135.568115234375,142.862777709961,0,145.790941874186,114.37718001279,0,162.577220916748,162.98252751277,121.82648523303,149.026417658879,123.363867134883,0,0,123.168491363525,166.575310843331,7.86823943260327,114.805801391602,97.1022696679877,64.7336484258046,75.1150571187337,83.1255747477214,68.2924941503085,27.5385321200699,46.1584826457183,62.8838100211565,48.5523058595104,118.248544904921,57.0542958577474,142.822331746419,18.1858045770546,72.989119052887,85.6297994474085,93.6611906000086,132.256301879883,115.065114060493,58.6263857269287,73.179871389799,80.0741620063782,87.0856574469922,66.6188328168909,119.823707580566,111.287971496582,120.515767772295,69.237103413512,17.1832913576986,27.4149314267191,136.00016784668,83.0324666876542,37.3782453049313,51.4152753646361
146.041076660156,29.2322097619375,59.4353514006644,9.29983707031293,187.00895690918,0,0,134.232470703125,169.764602661133,107.82364654541,0,114.463981628418,0,61.7200241088867,126.727333068848,0,74.9861011505127,74.8146277165067,0,101.652658462524,0,100.437549591064,53.8549035390218,74.1364194808468,98.9840469360352,0,83.7977947142066,50.9102078631408,114.301780700684,120.320209503174,108.204366048177,129.119590759277,0,0,84.8258785671658,114.805801391602,6.30869192225352,43.193187361004,11.8251806209827,85.1515612602234,0,136.501403808594,103.954123863807,137.349533081055,63.2506812149781,196.832061767578,64.5191626853131,105.815452575684,48.4177420750137,145.762507629395,92.7232182820638,62.767964720726,52.7948615450105,67.7883383433024,57.2749411849167,123.132049560547,79.154441016061,20.057032717369,67.2104606239163,76.1626536357834,18.1369347940952,46.4580307422905,24.2913149465792,97.5981113330738,116.831083409926,98.6224399294172,67.6479958565004,0,92.8106791178385,58.2577887315017
165.430431365967,107.186139193448,91.8168075006333,63.5704792044257,181.067001342773,0,196.55078125,158.006297235904,171.029665433444,145.712524414062,169.404418945312,143.611587524414,0,130.431941986084,169.843862533569,157.334396362305,121.433150291443,102.958850739768,149.150344848633,120.823713649403,185.775543212891,126.242142346441,65.6018827196578,106.654124064618,152.391607920329,154.655176798503,107.703296242991,93.3260051152334,157.70554994282,150.232814331055,140.86424853755,147.179847717285,0,153.736764526367,108.773751500141,97.1022696679877,43.193187361004,11.9474487301059,45.0441809471978,122.272449146618,165.218378702799,115.279427301316,88.1989715218399,112.191403350723,97.6860228389143,98.5831174011855,97.0955378214518,0,91.6510116577148,116.295365203815,157.251050313314,88.265880884443,35.8797777233996,89.9382880361457,66.5536044001215,111.967047373454,70.5259457364219,58.4165504102354,39.2807275269378,104.986207044274,89.5634961809431,33.8935275398301,38.5025434646701,84.592933422425,124.423867152287,88.2349146602984,82.7857560244474,172.068614959717,101.743091583252,80.7161910916552
108.369008890788,57.1099519729614,53.4146083468904,15.0147726750028,80.9372634887695,0,88.2749633789062,95.3166871070862,119.934215545654,118.379110972087,90.4477296717027,49.6868249719793,107.503211975098,41.4606467056274,122.247459411621,120.659568786621,64.8474168777466,63.7906710800615,56.7587575912476,75.8811618403385,0,86.5667953491211,52.9762728074018,70.2964359323184,69.8433244824409,26.9132476555674,70.9673485854576,48.767772807374,85.0478728400336,115.166499288459,98.5126835591084,75.7024035020308,0,124.280548095703,78.6242869630152,64.7336484258046,11.8251806209827,45.0441809471978,11.1816487147017,35.6939956737015,105.19905090332,81.9868127277919,57.2582680224725,80.6456773645738,13.2221693336915,69.5694963932037,59.319221866941,91.581485748291,37.3835011363547,82.588344849404,44.3035529000419,33.7931811762683,54.6847422809501,55.5121206346449,59.4971228229203,52.504788178664,59.4098416103477,19.9914717069899,47.5204091371072,35.2120575241978,21.4743107611701,47.2250226769554,36.7387753254304,55.128583395659,76.3655378002703,70.6102271791192,52.7698474121094,110.852382659912,57.8442620257942,57.6539253254527
83.8079299926758,0,137.49560546875,52.9217580159505,9.51536343140262,0,0,121.080772399902,136.062647138323,0,116.381667613983,0,51.7630643844604,0,110.090408325195,105.419609069824,0,0,0,0,33.5616989135742,0,0,0,94.6743538003219,0,0,159.827033996582,50.1466014809079,0,0,0,0,0,0,75.1150571187337,85.1515612602234,122.272449146618,35.6939956737015,7.421971238403,0,61.4747045526954,50.6430462093677,74.2353584067873,33.5880802656475,16.2876043073627,164.795903523763,20.7165899321447,0,96.1322448234248,68.8267998695374,92.790465037028,125.566774156359,0,129.124172210693,13.3662019005551,153.886131286621,49.642388857328,116.069192886353,13.3715178088138,112.302055358887,127.399265289307,98.7631732940674,12.4808384676939,89.9372893673691,97.1818106515067,0,129.941177368164,75.0079002380371,85.5606318217952
0,0,0,0,0,0,0,0,0,0,0,0,0,0,0,0,0,0,0,0,0,0,0,0,162.535568237305,0,0,0,0,0,206.025985717773,0,0,0,0,83.1255747477214,0,165.218378702799,105.19905090332,0,7.138989270546,9.5998783299917,112.189495287443,15.8299632471564,38.3110630512238,96.723804473877,56.2546573215061,63.3800587654114,72.9397112528483,32.3347085154099,10.3006446368341,0,150.940437316895,88.6844940185547,72.8042335510254,110.058773040771,0,0,125.184547424316,109.934558868408,0,132.999246385362,150.961921691895,117.748055197976,22.2605247951689,99.6709480285645,0,10.8556986372838,56.4311256408691,27.5713211877005
