9.16511583390261,132.118705749512,92.5161397354193,69.304887927724,69.7121710941709,0,60.9234836578369,22.57313832879,29.2072455011599,65.2635049110602,34.7810156738216,118.014555497603,91.0208829243978,163.675542195638,10.4892929237674,82.1639991760254,91.8048395429339,102.914416092346,188.27995300293,120.507018542681,90.2005471622243,68.9513207196296,87.2197218864195,75.0445485739957,65.1920103478619,140.075139363607,114.040654278923,116.826888637648,55.8327283859253,13.8516004816048,26.1322389042916,146.071853637695,72.9226608276367,52.3233096277392,71.2636580617804,135.956848144531,0,157.982034301758,82.9030820061179,0,0,0,120.749866485596,174.723487854004,106.304298400879,148.38503519694,0,0,0,162.146018981934,0,114.468002319336,169.889511108398,0,0,0,175.631576538086,152.832746505737,173.389580862863,107.095164299011,0,169.054168701172,159.721317984841,127.065758841378,155.628505706787,145.928357805525,0,0,0,184.442611694336
132.118705749512,7.80061006391159,41.4695695958239,28.9354148140017,0,0,109.980285644531,107.426248822893,140.268980916341,73.937321832575,133.707015991211,65.5628649393717,113.512447357178,43.5713188180096,130.791903177897,95.6730834960938,73.5043003979851,51.9889065337108,75.0905857086182,57.1548361113577,84.5232238769531,91.7859919411795,18.1081098308345,78.5293536376953,81.7042710055068,20.3223718223016,43.5010990304085,28.2536858771062,95.8419277756302,106.93695127047,107.034937438965,59.2749998358232,0,104.915390014648,59.1280983516148,0,0,127.498568725586,60.7164740128951,0,0,0,0,0,0,0,0,0,91.9384253365653,0,0,0,139.687871297201,0,135.875114440918,0,0,152.282150268555,133.302856445312,0,51.1902370452881,96.6078838549162,107.079613807874,0,0,0,100.52172088623,0,0,124.393775939941
92.5161397354193,41.4695695958239,9.91988175648689,44.4455300025126,142.701538085938,0,122.347974053745,86.6614447822256,109.837470038378,100.892058082249,97.9651521656611,106.922971133528,179.832659403483,103.386066860623,108.700052286241,114.031615257263,84.2897044262254,28.3074339799293,85.8688259124756,57.7499404748281,149.312967936198,59.4610808612379,49.0718469872046,25.4214824962109,101.438920544531,113.668123517718,33.1233315694973,36.340327070624,74.978206486951,90.4191085168991,78.0510250651523,87.7233894348145,160.999923706055,91.1852151278792,56.1952281944554,164.08395690918,72.5088781515757,89.5250257248897,75.01129681551,185.160263061523,0,201.000869750977,147.03756570816,185.454948425293,171.935101318359,155.343577067057,134.84428024292,0,133.977096557617,171.810429890951,0,102.895037078857,103.320187127412,162.854476928711,128.571930905606,0,123.648395385742,83.4289202834621,104.575403136559,139.637148770419,130.719997406006,104.73853989722,89.5749664306641,139.448496863956,179.558975219727,140.11081451416,0,0,195.924407958984,105.029259465167
69.304887927724,28.9354148140017,44.4455300025126,18.6214085180985,61.5544081905432,0,82.6593350728353,63.311864347488,83.0659058543755,20.5728148718952,72.0807515209868,59.5131410053798,72.3318714565701,43.2680894337833,86.3328924853392,82.4739779422158,42.5629226337093,55.3484278306814,61.2086416978102,57.6909381297597,79.3932318687439,51.2293374443629,25.0846960324366,50.8907325064795,40.9481924927812,25.2960498891327,46.9923426990667,39.2888791693443,49.0359201624871,66.5911090930303,53.3026288971282,61.6933872099846,0,49.4742045544563,52.869062187011,92.1571412519975,33.5638272527238,54.7401179859033,16.0438084768937,65.0605773925781,0,78.9289944966634,86.6839365525679,122.242179107666,9.71344306337552,72.244457244873,94.9417238235474,74.6173629760742,89.6182620708759,108.981853485107,0,65.4663662765965,65.7771846192782,95.1463928222656,76.7759372417743,65.081958770752,61.6755308080603,14.5224991319373,69.8555348113453,43.1364496801172,67.8540399451005,59.8948693379435,54.3499416398458,75.5713614638971,95.2449111938477,81.0233575380766,91.5718658447266,0,81.9659194946289,72.2077761940334
69.7121710941709,0,142.701538085938,61.5544081905432,6.72245742588589,0,51.0092628102244,42.3972597122192,80.8523279221777,35.2168498308086,15.2123707461386,150.701824951172,25.611783405019,0,90.360069674275,49.8738580406259,0,151.949284871419,157.538291931152,154.721984863281,11.3221530419456,153.115325927734,67.4430170059204,119.886629740397,18.1183223028294,162.15673828125,155.149383544922,120.756337483724,10.110006255015,79.6592198910921,91.6766395568848,0,0,60.7423595560008,79.7532799270127,0,0,0,74.329492750622,138.362493896484,0,150.280583699544,127.071868591309,145.763324101766,87.9085071980953,124.136523494014,0,27.089226102829,0,151.695636749268,99.1698257446289,0,0,0,0,12.1742596130867,139.329360961914,0,0,95.9692881560523,0,0,168.590698242188,127.970420837402,0,0,0,155.830718994141,0,202.539962768555
0,0,0,0,0,5.35780329410268,10.9450458759162,96.9946823120117,13.210904689477,40.2294362386068,104.879432678223,86.5982729593913,69.9648532867432,0,23.8512721564699,12.3226435376924,0,0,0,83.4969024658203,58.9081001281738,0,101.124351501465,0,78.9868144989014,0,81.0784378051758,0,76.4018402099609,22.9199136804651,0,99.3566589355469,5.5549853045111,0,29.7465948377337,0,0,0,0,0,0,0,0,0,0,0,0,0,0,0,0,0,0,0,0,0,0,0,0,0,0,0,0,0,0,0,0,0,0,0
60.9234836578369,109.980285644531,122.347974053745,82.6593350728353,51.0092628102244,10.9450458759162,9.54180754283035,44.6962081706228,13.7076800376911,48.1765870535245,25.3225539509266,92.3098624547323,24.5169887482259,82.9792297363281,33.3503688137348,13.2027296078305,111.025012969971,130.145847744412,98.8069038391113,96.7009124755859,41.8400591819102,116.556889851888,87.9604301452637,109.295922040939,57.0173599299263,149.660430908203,135.49809047154,127.977821350098,47.7531781733721,23.7040452957153,90.6474049886068,123.999727884928,9.50106550858715,70.4433636384852,48.11228823326,0,0,194.431625366211,120.185834248861,0,209.332458496094,0,128.218853759766,140.137462615967,99.4248657226562,132.081570943197,0,39.0697719029018,0,146.506195068359,0,0,175.032028198242,0,232.582290649414,81.5548553466797,0,0,178.255630493164,113.334959291944,0,0,180.318161010742,138.879986763,145.65739440918,0,0,0,0,0
22.57313832879,107.426248822893,86.6614447822256,63.311864347488,42.3972597122192,96.9946823120117,44.6962081706228,7.99982264415936,50.6631751752726,54.4798949708077,17.6361739527761,144.750589810885,35.0871480863119,155.722769601004,33.3107942231066,64.8769416809082,75.3545998304318,115.529840581557,0,134.443471636091,90.3380273342133,57.9522536877075,67.5024266682868,68.0907318061243,48.7510190913759,140.858286176409,118.783665078909,98.7908618055659,23.1012385820063,50.4467314309771,10.4803408319919,149.93741607666,100.752154032389,47.4769928961908,70.0261818658222,131.064950942993,112.496322631836,153.105245774792,80.0987568768588,0,0,132.677539825439,113.023995922458,140.301917226691,75.5259915669759,125.554582214355,0,0,0,139.580360412598,97.0764617919922,135.330898284912,169.131440734863,0,197.580879211426,106.947207132975,149.007007598877,97.3042919452374,156.421512876238,97.7527236313116,0,166.056332397461,149.548116607666,115.62722996303,130.870855712891,159.01639175415,0,0,120.789750671387,148.345346723284
29.2072455011599,140.268980916341,109.837470038378,83.0659058543755,80.8523279221777,13.210904689477,13.7076800376911,50.6631751752726,9.58455054311149,72.5396434424058,31.8504050717076,82.6015799894171,69.7649195800795,100.899869918823,14.5244130392589,20.25503942285,103.769392286028,123.119834793939,108.316182989823,137.895391040378,76.128274892427,88.9365131776411,98.7871045354587,95.0810520378319,67.9731441762899,125.827564784459,132.256818371341,131.172971623118,67.833832013405,26.9479898069767,66.2595046499501,152.116570212624,8.26833061109742,73.0068664550781,64.9913802423973,139.119437217712,207.383544921875,178.019144330706,99.1498641967773,140.126739501953,0,143.56219651964,133.51067759196,151.273610201749,91.961843763079,126.478008270264,231.251602172852,108.368998718262,0,157.340293884277,137.464492797852,173.64086151123,191.736889487819,0,0,110.989646911621,185.041061401367,122.288763046265,180.575145721436,112.108478623994,213.329010009766,199.696083577474,184.634822663807,134.32761036266,158.333965301514,182.603900909424,0,218.253326416016,140.420349121094,166.405883789062
65.2635049110602,73.937321832575,100.892058082249,20.5728148718952,35.2168498308086,40.2294362386068,48.1765870535245,54.4798949708077,72.5396434424058,8.56408824051468,62.0468721634302,119.932980290166,7.3497563183253,110.379951783669,79.4156948046738,17.1917909784573,68.7528626124064,113.072161587802,131.173265457153,130.99628745185,27.895007956028,68.275796767204,25.6662356627429,86.0314514453595,21.3866442253466,97.1665835829019,116.208430320986,101.424297636773,44.636397166515,63.1398453983394,51.3261788181055,125.768603801727,0,50.3764727384049,69.2301936856023,0,0,139.541030883789,33.5450940132141,0,0,99.0208435058594,0,127.76362991333,56.200728225708,101.525871276855,0,60.1141726175944,155.608840942383,0,0,0,151.886566162109,195.220809936523,0,96.7034950256348,0,107.355634053548,0,65.865611521403,142.03003692627,157.194636027018,158.98020807902,80.971794128418,140.692581176758,179.008209228516,186.436172485352,0,0,154.320022583008
34.7810156738216,133.707015991211,97.9651521656611,72.0807515209868,15.2123707461386,104.879432678223,25.3225539509266,17.6361739527761,31.8504050717076,62.0468721634302,9.3715561561647,137.901793907429,22.913506983443,158.816647338867,42.5380034121785,63.5500085954186,103.061914884127,137.605892658234,161.311016082764,149.079136241566,14.944280833457,71.1726027143763,77.7955301245864,81.6736046437467,53.6567614155096,156.588439941406,126.613857362329,111.900509689793,18.7742988195325,75.9119366309756,54.5980488639517,168.966049194336,106.284759521484,63.0525746899982,76.8492015344575,151.668838500977,0,182.388530731201,76.6984904153006,135.393138122559,0,141.427472432454,126.065295071072,147.749171381411,92.1003077992222,130.643371370104,0,101.695861101151,208.533676147461,154.597003936768,112.682006835938,144.469039916992,190.516006469727,0,0,11.8312390865935,141.090835571289,118.958728245326,170.485983276367,100.820123819204,0,187.600440979004,176.207637786865,134.677345820836,147.205278396606,0,0,0,121.825202941895,166.385696411133
118.014555497603,65.5628649393717,106.922971133528,59.5131410053798,150.701824951172,86.5982729593913,92.3098624547323,144.750589810885,82.6015799894171,119.932980290166,137.901793907429,11.8577481720834,144.936036609468,25.3389448688823,69.9659963527459,157.928161621094,148.846473693848,47.229324248985,22.5579540551893,25.4823602470863,140.689359828404,86.4756308103862,93.7153916676839,77.7200968382788,144.390852850837,26.8552718944,25.9155470022996,55.9065665128112,137.748440777814,53.0405552938456,105.124651987045,39.8577448734095,61.3746276654695,96.8603459676107,27.5315274139584,0,130.23072052002,134.315761566162,61.1542548129433,0,0,238.664260864258,0,0,0,0,104.25826772054,0,79.6083225813068,0,0,0,130.830112457275,97.394304448908,93.9881612337553,0,0,122.606048583984,146.806915283203,0,67.1871592203776,96.1962220873151,92.1097812554775,0,0,0,96.573787689209,0,0,139.538722991943
91.0208829243978,113.512447357178,179.832659403483,72.3318714565701,25.611783405019,69.9648532867432,24.5169887482259,35.0871480863119,69.7649195800795,7.3497563183253,22.913506983443,144.936036609468,8.95717234189838,150.580677032471,88.1302492027609,14.0905782975601,0,118.29955291748,156.189964294434,156.108184814453,11.5273045070551,149.89469909668,71.3425147533417,161.814453125,19.7522928059126,128.617980957031,166.913104248047,119.228925851675,39.1014562628486,86.8174063878577,86.6721350351969,180.859924316406,106.847688674927,78.8351631164551,86.4222278287334,0,0,0,168.860763549805,0,0,32.9069592952728,0,0,69.2788558959961,15.749891604696,0,6.43113505041902,0,0,0,0,0,0,0,12.0144153161574,0,0,211.908828735352,85.1187289101737,0,0,0,126.062438964844,144.459609985352,0,0,0,0,188.780746459961
163.675542195638,43.5713188180096,103.386066860623,43.2680894337833,0,0,82.9792297363281,155.722769601004,100.899869918823,110.379951783669,158.816647338867,25.3389448688823,150.580677032471,6.93830763242969,90.5702843788343,144.386527167426,131.861547470093,77.2857281013771,46.0528260628382,54.8413133362065,146.874249267578,150.864778137207,76.5782918248858,132.016150734641,123.720170153847,13.1295677783941,38.788678792191,28.8563205557286,140.654273714338,73.5709855363176,143.12787882487,10.6978431176497,0,145.835418701172,52.2402333383975,0,102.609591166178,0,44.0867122497559,0,0,0,0,193.271530151367,184.080505371094,0,86.1485028796726,0,18.9749856229291,0,0,0,113.787312189738,85.4061286232688,88.8411927223206,171.598251342773,0,138.608734130859,0,0,50.7127432594133,86.3531719570246,76.1017651991411,0,0,168.245643615723,85.3754199101375,0,0,94.377347946167
10.4892929237674,130.791903177897,108.700052286241,86.3328924853392,90.360069674275,23.8512721564699,33.3503688137348,33.3107942231066,14.5244130392589,79.4156948046738,42.5380034121785,69.9659963527459,88.1302492027609,90.5702843788343,8.58079992817241,50.349456391893,115.336253517552,117.994484217821,95.9235984514344,112.465832594329,87.1889949042676,88.5242818933754,104.205660138811,93.2944729875363,80.0224922207919,92.8880822658539,127.7088635597,131.228308482092,74.3856929557203,16.0865603842041,54.9807377429062,117.466975953844,8.87698123104045,63.1467739885504,44.743272209669,149.060284423828,134.672286987305,176.075608473558,99.3283131917318,128.311462402344,0,175.844985961914,136.422877225009,177.743672688802,74.6649475097656,145.16509552002,141.204177856445,91.9114227294922,0,172.279408772786,0,140.046826171875,187.286290949041,0,209.125717163086,106.079032897949,0,120.845726013184,176.567553871556,124.164913959992,133.560905456543,189.273763656616,168.737567329407,138.47822845459,162.394451904297,152.192372639974,0,0,149.539192199707,146.570770263672
82.1639991760254,95.6730834960938,114.031615257263,82.4739779422158,49.8738580406259,12.3226435376924,13.2027296078305,64.8769416809082,20.25503942285,17.1917909784573,63.5500085954186,157.928161621094,14.0905782975601,144.386527167426,50.349456391893,7.02024909695908,0,113.641044616699,0,164.009536743164,44.0262557730024,0,64.8775184986203,0,33.4645547081745,122.56508577787,143.970188140869,123.303365641627,61.35185318473,65.4306489504301,79.3344326019287,0,29.6882113690646,65.0120969919058,51.3259233328012,0,0,0,51.0452404022217,0,0,0,0,0,79.4177780151367,153.762817382812,0,63.3101921081543,0,0,0,0,0,0,0,0,0,0,213.906204223633,97.9888467788696,0,0,0,123.437660217285,0,0,0,0,0,0
91.8048395429339,73.5043003979851,84.2897044262254,42.5629226337093,0,0,111.025012969971,75.3545998304318,103.769392286028,68.7528626124064,103.061914884127,148.846473693848,0,131.861547470093,115.336253517552,0,13.2098541336738,100.452058304188,146.942199707031,111.60190473284,98.6880569458008,19.6910233663333,30.8791239327709,18.155862200169,34.2806409414567,135.209902954102,113.793991088867,31.5140356625183,35.0669669032753,96.4797513484955,74.575831565128,121.587117513021,0,71.6263574299059,59.6332093498924,0,0,113.132173856099,50.1091101328532,0,0,0,134.082219696045,168.420867919922,0,0,0,146.878494262695,0,0,0,87.8225036621094,123.164941515241,0,116.86157989502,0,101.131109110514,56.0779428609212,95.0668831350414,102.474464416504,0,127.217542012533,96.4695406326881,119.30400390625,182.037445068359,117.336005074637,0,0,110.828796386719,105.594052054665
102.914416092346,51.9889065337108,28.3074339799293,55.3484278306814,151.949284871419,0,130.145847744412,115.529840581557,123.119834793939,113.072161587802,137.605892658234,47.229324248985,118.29955291748,77.2857281013771,117.994484217821,113.641044616699,100.452058304188,10.0550795776406,57.5518461330771,21.8513784537156,186.673619588216,59.1736938203069,71.1889287508451,24.8995469619161,115.655524541197,57.3469528871424,39.4845791910828,61.225039555501,119.313996258904,88.706871191785,73.7623380252552,77.8653774000194,167.704681396484,77.595510963502,37.469178207176,166.628836495536,87.6663729349772,103.26329870224,85.0024664025558,0,0,0,168.492858886719,203.747283935547,171.234420776367,0,136.994562149048,0,118.698001861572,173.358968098958,0,131.510557174683,113.0774090472,127.464693705241,119.970339624505,0,137.140532998478,111.130591944644,118.382434410385,156.655427296956,120.279499053955,105.400753092945,101.370197974145,166.536982536316,171.776721954346,152.184066772461,126.467276679145,0,0,118.132342093331
188.27995300293,75.0905857086182,85.8688259124756,61.2086416978102,157.538291931152,0,98.8069038391113,0,108.316182989823,131.173265457153,161.311016082764,22.5579540551893,156.189964294434,46.0528260628382,95.9235984514344,0,146.942199707031,57.5518461330771,7.39690894960953,10.3948111997134,164.777183532715,112.688926696777,94.2698257446289,90.2567596435547,152.897616577148,41.0900807682966,23.5319107608747,56.3333508590767,160.431584676107,75.5691824792658,118.477073033651,51.4584955533346,98.9549179077148,102.312204996745,59.988225376426,0,117.298011779785,157.186279296875,113.558004760742,0,0,0,176.855590820312,0,0,202.117568969727,107.568221410116,0,87.7565686875495,0,0,0,128.409969329834,100.912813822428,101.443910462516,0,0,0,150.829986572266,0,69.6137450723087,95.9991314616424,91.7205957932906,0,131.547988891602,0,98.5063230074369,0,0,109.476957702637
120.507018542681,57.1548361113577,57.7499404748281,57.6909381297597,154.721984863281,83.4969024658203,96.7009124755859,134.443471636091,137.895391040378,130.99628745185,149.079136241566,25.4823602470863,156.108184814453,54.8413133362065,112.465832594329,164.009536743164,111.60190473284,21.8513784537156,10.3948111997134,10.2875094745788,161.374394734701,87.7551999669166,94.333063869153,65.0671295070928,134.702469961984,42.9065430803997,29.2025255852148,58.0177769534487,142.347725909689,81.591537346403,93.3885213207725,54.2434794033712,81.4756927490234,93.2829566724373,48.5182549236918,166.747802734375,103.699281311035,117.232144272118,82.4219175974528,0,0,0,178.148559570312,196.344085693359,0,187.500350952148,113.903294881185,0,92.8481770609761,192.023262023926,0,134.825576782227,118.351702682845,112.227523140285,102.910239881505,0,165.659810384115,130.023508071899,133.752923404469,217.590362548828,75.1303430640179,98.8730616004271,96.5271825281779,203.449417114258,0,165.574493408203,104.070940884677,0,0,109.174315929413
90.2005471622243,84.5232238769531,149.312967936198,79.3932318687439,11.3221530419456,58.9081001281738,41.8400591819102,90.3380273342133,76.128274892427,27.895007956028,14.944280833457,140.689359828404,11.5273045070551,146.874249267578,87.1889949042676,44.0262557730024,98.6880569458008,186.673619588216,164.777183532715,161.374394734701,7.2057544569091,140.880027770996,65.6762512207031,150.793890816825,15.0189433771265,0,178.237342834473,183.433359781901,22.4644233465106,86.0926159504482,125.274757385254,163.036834716797,113.665287017822,65.9544327475808,81.9816723472194,0,0,0,100.527689933777,137.980587005615,0,180.177393595378,132.065048217773,136.792190551758,96.4714826500934,131.218524932861,0,8.16513769860778,0,0,120.987895965576,0,0,0,0,4.24145657033901,0,157.463226318359,205.578887939453,101.039194403754,0,236.475982666016,0,139.036908830915,164.835968017578,0,0,0,0,0
68.9513207196296,91.7859919411795,59.4610808612379,51.2293374443629,153.115325927734,0,116.556889851888,57.9522536877075,88.9365131776411,68.275796767204,71.1726027143763,86.4756308103862,149.89469909668,150.864778137207,88.5242818933754,0,19.6910233663333,59.1736938203069,112.688926696777,87.7551999669166,140.880027770996,11.8376432272389,52.9284450778403,26.8555794339431,30.7348688353404,124.165440877279,88.3706811904907,73.0263468169681,24.9175788154073,50.7748587439355,31.6357116576746,128.395418167114,0,46.3797690551405,39.8390396472411,113.833431243896,143.894897460938,123.081463475381,63.9941616361103,0,0,0,128.874988555908,210.2509765625,0,0,0,0,0,134.15177154541,0,111.801343705919,142.95976969401,0,152.103225708008,0,110.572832436397,61.3009344036296,123.042473754883,106.607567650931,0,152.018458896213,123.076590594123,111.462926563464,134.393266677856,114.287704581645,0,0,113.846707661947,115.522783739813
87.2197218864195,18.1081098308345,49.0718469872046,25.0846960324366,67.4430170059204,101.124351501465,87.9604301452637,67.5024266682868,98.7871045354587,25.6662356627429,77.7955301245864,93.7153916676839,71.3425147533417,76.5782918248858,104.205660138811,64.8775184986203,30.8791239327709,71.1889287508451,94.2698257446289,94.333063869153,65.6762512207031,52.9284450778403,7.85427419920054,47.8524880503648,32.9229156062094,57.9016026932469,76.6751462250508,33.9658520160585,51.2661985218835,75.6336746037563,60.2879310580133,93.1999751499721,0,52.9408342393778,53.7798846193989,157.865180969238,104.292288208008,75.4989532412905,14.7782768509123,0,0,0,107.61134665353,149.548934936523,0,123.928311665853,81.2850112915039,0,117.798950195312,149.460856119792,0,40.8500588734945,85.6519658224923,0,115.502065658569,0,88.3721160888672,7.53317350311847,62.0201805667008,85.1171234130859,76.0446891784668,109.703343527658,49.848024436743,87.5753370012556,120.479120890299,115.877967410617,130.982395172119,0,0,69.1355668429671
75.0445485739957,78.5293536376953,25.4214824962109,50.8907325064795,119.886629740397,0,109.295922040939,68.0907318061243,95.0810520378319,86.0314514453595,81.6736046437467,77.7200968382788,161.814453125,132.016150734641,93.2944729875363,0,18.155862200169,24.8995469619161,90.2567596435547,65.0671295070928,150.793890816825,26.8555794339431,47.8524880503648,13.3432680205508,56.6027710252213,97.7405370076497,63.1990009181628,42.8016224271056,40.3145579113062,46.099253664915,54.5191512273223,102.083568226207,110.047546386719,67.660815065012,42.0438779956252,159.943507724338,134.359168158637,97.758724090977,69.3784450135141,0,0,184.463368733724,143.108505102304,167.239222208659,195.351821899414,156.85302734375,150.596542358398,0,163.752619425456,180.549978637695,152.391555786133,89.0312515931971,115.314844373246,163.492706298828,143.903399658203,0,113.622836045816,65.1367728114128,103.763580768811,134.281765136719,0,131.123783860251,96.4553729388588,127.614920920514,149.445892333984,122.629656592081,164.412521362305,196.043891906738,140.211051940918,108.776724674391
65.1920103478619,81.7042710055068,101.438920544531,40.9481924927812,18.1183223028294,78.9868144989014,57.0173599299263,48.7510190913759,67.9731441762899,21.3866442253466,53.6567614155096,144.390852850837,19.7522928059126,123.720170153847,80.0224922207919,33.4645547081745,34.2806409414567,115.655524541197,152.897616577148,134.702469961984,15.0189433771265,30.7348688353404,32.9229156062094,56.6027710252213,11.5506407836232,110.980660784274,122.182962908889,84.6765368387765,15.731784014974,64.1007106047564,60.9623886007506,145.704456329346,125.51035563151,52.9966182435059,66.9295644776892,113.725967407227,0,147.686457316081,56.5433387999322,126.786803109305,187.630874633789,132.476533889771,105.441622450545,133.540812232278,66.196539179484,108.230303408495,222.183074951172,74.1010208129883,150.534744262695,130.156652562758,0,99.74974738227,157.069520950317,181.736389160156,0,95.7186289978027,128.225326538086,79.0873523712158,146.292998438296,65.048883895594,139.555877685547,180.878675981001,147.183276637908,104.889620290638,123.585558742947,111.967363993327,0,156.77033996582,118.299556096395,125.526868057251
140.075139363607,20.3223718223016,113.668123517718,25.2960498891327,162.15673828125,0,149.660430908203,140.858286176409,125.827564784459,97.1665835829019,156.588439941406,26.8552718944,128.617980957031,13.1295677783941,92.8880822658539,122.56508577787,135.209902954102,57.3469528871424,41.0900807682966,42.9065430803997,0,124.165440877279,57.9016026932469,97.7405370076497,110.980660784274,6.21978743896154,37.4613528251648,19.2053839540285,125.412827385796,84.6241905212402,127.154438365589,43.2630430518604,59.2891159057617,137.073129272461,57.9802994421351,148.048370361328,90.4451421101888,129.366185506185,43.5577204619782,0,0,0,168.023864746094,0,134.981094360352,0,78.3551875523159,0,57.0335305294144,0,0,0,142.300944010417,80.6156643458775,76.7964970026261,0,0,0,123.242385864258,148.736190795898,37.2266291167385,68.0963939428329,63.0665470540099,0,0,127.291358947754,70.9674711961013,0,0,95.0371271769206
114.040654278923,43.5010990304085,33.1233315694973,46.9923426990667,155.149383544922,81.0784378051758,135.49809047154,118.783665078909,132.256818371341,116.208430320986,126.613857362329,25.9155470022996,166.913104248047,38.788678792191,127.7088635597,143.970188140869,113.793991088867,39.4845791910828,23.5319107608747,29.2025255852148,178.237342834473,88.3706811904907,76.6751462250508,63.1990009181628,122.182962908889,37.4613528251648,15.4444070480611,31.7414662192298,125.291908490776,102.33914019887,102.329993399548,31.5564586574381,96.6759490966797,102.983144521713,64.4638401501151,179.123828464084,89.8834866490857,107.008757213836,77.0323356151581,0,0,0,163.099510192871,205.853567504883,162.868717193604,174.753486633301,110.491117255632,0,87.9539964189414,180.763652038574,0,150.720527648926,108.395984106917,102.263095537821,97.2983139283067,0,133.47552355598,140.719830513,118.086586222929,167.935131496853,67.0256904363632,92.8430865846686,90.4034165847574,167.793843078613,169.493869781494,148.205121994019,100.559039838386,0,163.903915405273,109.930105373777
116.826888637648,28.2536858771062,36.340327070624,39.2888791693443,120.756337483724,0,127.977821350098,98.7908618055659,131.172971623118,101.424297636773,111.900509689793,55.9065665128112,119.228925851675,28.8563205557286,131.228308482092,123.303365641627,31.5140356625183,61.225039555501,56.3333508590767,58.0177769534487,183.433359781901,73.0263468169681,33.9658520160585,42.8016224271056,84.6765368387765,19.2053839540285,31.7414662192298,14.1963750741585,70.7338236911155,107.063112651246,98.3410751307936,25.3000264177567,85.8532333374023,100.12917323779,62.3552907505418,160.325957298279,84.627470192789,89.9059519647182,79.9322413011031,0,0,184.184377034505,150.674122133117,184.709611159105,116.455841064453,154.713649749756,108.333737898846,0,88.6500144567245,177.354205953664,0,89.4409236907959,104.891642338328,110.817579789595,100.261904936304,0,129.093758937291,71.6662719565094,102.176200136955,144.744405438823,66.0392607356725,94.7755022230787,88.3451000098026,139.443827483614,167.222305297852,133.967374788661,99.9665116702809,0,132.304026285807,103.728894850787
55.8327283859253,95.8419277756302,74.978206486951,49.0359201624871,10.110006255015,76.4018402099609,47.7531781733721,23.1012385820063,67.833832013405,44.636397166515,18.7742988195325,137.748440777814,39.1014562628486,140.654273714338,74.3856929557203,61.35185318473,35.0669669032753,119.313996258904,160.431584676107,142.347725909689,22.4644233465106,24.9175788154073,51.2661985218835,40.3145579113062,15.731784014974,125.412827385796,125.291908490776,70.7338236911155,9.91367980655356,65.113709740211,32.6887842821077,150.526819864909,122.858874003092,50.3542865171824,50.4048481938698,123.125689775516,202.689605712891,130.703545570374,64.2493825954861,138.505121612549,0,136.325146198273,110.583197864134,140.11798657869,89.2729490943577,120.369084983036,166.203247070312,95.962260055542,0,131.763916798127,114.413080215454,105.685805358887,164.323297773089,0,188.960161844889,67.2007699012756,118.489512443542,72.7174474781957,135.795747423929,97.9568822172136,0,184.324781629774,135.942052911829,106.77087050911,119.049312046596,111.931505349966,0,179.02197265625,107.298497713529,120.416989175897
13.8516004816048,106.93695127047,90.4191085168991,66.5911090930303,79.6592198910921,22.9199136804651,23.7040452957153,50.4467314309771,26.9479898069767,63.1398453983394,75.9119366309756,53.0405552938456,86.8174063878577,73.5709855363176,16.0865603842041,65.4306489504301,96.4797513484955,88.706871191785,75.5691824792658,81.591537346403,86.0926159504482,50.7748587439355,75.6336746037563,46.099253664915,64.1007106047564,84.6241905212402,102.33914019887,107.063112651246,65.113709740211,10.1576621720872,22.680279897904,92.4423781500922,13.0148302782217,18.3656562782606,26.4105959159186,132.44931640625,147.373672485352,145.141585826874,78.7879228397291,0,0,133.906911214193,124.874408569336,135.414378356934,106.509607315063,133.989639282227,0,95.6737174987793,119.808609008789,129.423528398786,0,130.382099914551,156.262470245361,0,192.59597269694,90.7220344543457,161.530624389648,140.300704956055,151.994845997203,113.35087890625,146.372932434082,157.8252825737,145.478826053807,118.601309159223,139.722078595843,119.90599822998,0,0,136.324298858643,154.669773101807
26.1322389042916,107.034937438965,78.0510250651523,53.3026288971282,91.6766395568848,0,90.6474049886068,10.4803408319919,66.2595046499501,51.3261788181055,54.5980488639517,105.124651987045,86.6721350351969,143.12787882487,54.9807377429062,79.3344326019287,74.575831565128,73.7623380252552,118.477073033651,93.3885213207725,125.274757385254,31.6357116576746,60.2879310580133,54.5191512273223,60.9623886007506,127.154438365589,102.329993399548,98.3410751307936,32.6887842821077,22.680279897904,10.853889768704,134.331129286024,141.580276489258,38.1503424549577,33.0883811923553,125.065612792969,188.019271850586,138.488592441265,66.2270392528555,0,0,0,109.131906480056,147.589624677386,94.8082733154297,146.037662506104,178.695426940918,0,214.866180419922,137.427021026611,0,105.006904602051,152.076565333775,0,172.937299455915,145.752136230469,112.010203997294,65.8831860678537,142.326138178507,103.9340001558,0,163.839442812163,140.109483659267,106.081816052634,122.12859603106,111.508806668795,194.695671081543,0,113.924296210794,120.001437337775
146.071853637695,59.2749998358232,87.7233894348145,61.6933872099846,0,99.3566589355469,123.999727884928,149.93741607666,152.116570212624,125.768603801727,168.966049194336,39.8577448734095,180.859924316406,10.6978431176497,117.466975953844,0,121.587117513021,77.8653774000194,51.4584955533346,54.2434794033712,163.036834716797,128.395418167114,93.1999751499721,102.083568226207,145.704456329346,43.2630430518604,31.5564586574381,25.3000264177567,150.526819864909,92.4423781500922,134.331129286024,10.525006043092,0,130.682950337728,74.5399306762261,186.221481323242,109.183299255371,145.809880574544,71.0673716227214,0,0,0,0,0,0,0,108.68385219574,0,85.0663862573095,0,0,0,142.255448150635,101.007942199707,99.4692060974823,0,139.808212280273,141.444885253906,155.76681137085,236.465042114258,67.7872814414775,95.1973626420305,89.2660751058801,205.087020874023,0,190.714637756348,102.249844270594,0,0,106.820366859436
72.9226608276367,0,160.999923706055,0,0,5.5549853045111,9.50106550858715,100.752154032389,8.26833061109742,0,106.284759521484,61.3746276654695,106.847688674927,0,8.87698123104045,29.6882113690646,0,167.704681396484,98.9549179077148,81.4756927490234,113.665287017822,0,0,110.047546386719,125.51035563151,59.2891159057617,96.6759490966797,85.8532333374023,122.858874003092,13.0148302782217,141.580276489258,0,4.63024706970393,92.9651260375977,22.4464745521545,0,0,0,0,0,0,0,0,0,0,0,0,0,0,0,0,0,0,0,0,0,0,0,0,0,0,0,0,0,0,0,0,0,0,0
52.3233096277392,104.915390014648,91.1852151278792,49.4742045544563,60.7423595560008,0,70.4433636384852,47.4769928961908,73.0068664550781,50.3764727384049,63.0525746899982,96.8603459676107,78.8351631164551,145.835418701172,63.1467739885504,65.0120969919058,71.6263574299059,77.595510963502,102.312204996745,93.2829566724373,65.9544327475808,46.3797690551405,52.9408342393778,67.660815065012,52.9966182435059,137.073129272461,102.983144521713,100.12917323779,50.3542865171824,18.3656562782606,38.1503424549577,130.682950337728,92.9651260375977,9.2034175819643,15.1102351370414,139.927265167236,0,142.402804056803,58.9409171513149,0,0,0,102.138449532645,125.886590957642,109.620292663574,0,0,0,0,111.494071960449,0,111.662689208984,0,0,158.338592529297,78.4553451538086,0,0,176.407165527344,108.221899032593,146.970794677734,159.808441162109,140.348520914714,100.656250586876,125.338912963867,111.719748497009,0,0,105.0085105896,133.664123535156
71.2636580617804,59.1280983516148,56.1952281944554,52.869062187011,79.7532799270127,29.7465948377337,48.11228823326,70.0261818658222,64.9913802423973,69.2301936856023,76.8492015344575,27.5315274139584,86.4222278287334,52.2402333383975,44.743272209669,51.3259233328012,59.6332093498924,37.469178207176,59.988225376426,48.5182549236918,81.9816723472194,39.8390396472411,53.7798846193989,42.0438779956252,66.9295644776892,57.9802994421351,64.4638401501151,62.3552907505418,50.4048481938698,26.4105959159186,33.0883811923553,74.5399306762261,22.4464745521545,15.1102351370414,10.5764504150838,139.79887898763,100.152952194214,98.1824077713155,74.6091226577759,0,0,166.848022460938,114.317118718074,160.78914642334,0,155.621036529541,126.801645551409,77.8992385864258,107.386252339681,0,0,106.317729949951,115.288337291371,148.320571899414,125.330709669325,0,113.775105794271,79.6283235549927,113.318435176726,106.928096044631,86.7754971430852,111.957512872869,103.543495458029,104.937628525954,140.897721862793,118.845566885812,127.345728556315,0,80.4653549194336,127.74959934119
135.956848144531,0,164.08395690918,92.1571412519975,0,0,0,131.064950942993,139.119437217712,0,151.668838500977,0,0,0,149.060284423828,0,0,166.628836495536,0,166.747802734375,0,113.833431243896,157.865180969238,159.943507724338,113.725967407227,148.048370361328,179.123828464084,160.325957298279,123.125689775516,132.44931640625,125.065612792969,186.221481323242,0,139.927265167236,139.79887898763,9.21347669306516,104.616292572021,90.4517476712054,60.8292565774145,72.6619507499363,120.166313171387,69.2059500800239,23.977337624713,37.2045324081273,62.9149741692977,44.5274930778361,126.378074645996,78.1613108317057,138.588163757324,15.1698919704982,77.1492446899414,83.7123319919293,93.7611298154822,131.084028879801,114.91262720399,56.732258605957,72.8906140157155,75.3757466888428,86.5501954510864,63.1686356557559,119.243450927734,110.963148909006,113.943193425359,65.0957433487588,12.8761306340893,18.2736517152979,137.790582275391,85.1415237426758,30.6993047572948,40.572472773954
0,0,72.5088781515757,33.5638272527238,0,0,0,112.496322631836,207.383544921875,0,0,130.23072052002,0,102.609591166178,134.672286987305,0,0,87.6663729349772,117.298011779785,103.699281311035,0,143.894897460938,104.292288208008,134.359168158637,0,90.4451421101888,89.8834866490857,84.627470192789,202.689605712891,147.373672485352,188.019271850586,109.183299255371,0,0,100.152952194214,104.616292572021,7.09615672638577,40.4031523204985,18.09250135494,108.647857666016,0,0,109.06551767985,144.9684715271,59.0675451039361,126.583959960938,66.0154364550555,0,47.2350614892335,133.056663513184,92.0062198638916,65.6500946044922,50.6469919817788,73.6287538528442,57.1213630967076,0,78.6445870832963,17.503800140695,57.706682974642,55.390269243395,18.3517140127849,44.581204225289,27.480181866704,99.3178648515181,116.364791107178,96.8835884543026,61.9932476968476,0,84.9248352050781,59.0124238897253
157.982034301758,127.498568725586,89.5250257248897,54.7401179859033,0,0,194.431625366211,153.105245774792,178.019144330706,139.541030883789,182.388530731201,134.315761566162,0,0,176.075608473558,0,113.132173856099,103.26329870224,157.186279296875,117.232144272118,0,123.081463475381,75.4989532412905,97.758724090977,147.686457316081,129.366185506185,107.008757213836,89.9059519647182,130.703545570374,145.141585826874,138.488592441265,145.809880574544,0,142.402804056803,98.1824077713155,90.4517476712054,40.4031523204985,10.6813073271021,50.4251088419078,133.17133585612,151.283584594727,112.751400596217,82.6292545979678,109.214704507901,98.8189886769941,94.2054151797019,75.7048893321644,125.132287979126,84.7177920871311,107.931855980486,114.604516601562,71.859441170927,32.0135519852873,74.3088465372721,62.7115905028123,116.647201538086,60.5336033334891,53.2767297178507,26.1497318102076,97.1943529302424,103.69817199707,27.2271035105624,34.9555182200594,63.6349419766061,113.276253949679,70.4696618980441,81.7228664275139,156.140121459961,101.676973130968,63.4045483537777
82.9030820061179,60.7164740128951,75.01129681551,16.0438084768937,74.329492750622,0,120.185834248861,80.0987568768588,99.1498641967773,33.5450940132141,76.6984904153006,61.1542548129433,168.860763549805,44.0867122497559,99.3283131917318,51.0452404022217,50.1091101328532,85.0024664025558,113.558004760742,82.4219175974528,100.527689933777,63.9941616361103,14.7782768509123,69.3784450135141,56.5433387999322,43.5577204619782,77.0323356151581,79.9322413011031,64.2493825954861,78.7879228397291,66.2270392528555,71.0673716227214,0,58.9409171513149,74.6091226577759,60.8292565774145,18.09250135494,50.4251088419078,14.7490692833809,76.1840314865112,106.164581298828,86.9441128166354,51.781177883519,80.9910588068505,8.76450595142593,68.26339732476,70.2468713202128,71.0988082885742,30.653731949226,75.1298946380615,77.9714762369792,34.69951035548,56.8817188099665,75.4780217950994,64.6262973878119,95.5217218399048,45.5025231879439,25.6943075412677,45.236882731195,33.4029931014629,20.5130788711029,48.1848138211954,43.71555519104,45.1238787174225,66.9364919460348,54.0582895175324,65.8224529939539,115.856750488281,51.9484423178214,55.0816161311178
0,0,185.160263061523,65.0605773925781,138.362493896484,0,0,0,140.126739501953,0,135.393138122559,0,0,0,128.311462402344,0,0,0,0,0,137.980587005615,0,0,0,126.786803109305,0,0,0,138.505121612549,0,0,0,0,0,0,72.6619507499363,108.647857666016,133.17133585612,76.1840314865112,7.56096726634639,0,66.4801990952603,71.1201633279974,84.2401963812964,41.7397245168686,13.1869594936052,134.001495361328,29.2203847209466,0,86.5337699856527,80.0561890602112,0,0,0,0,14.8523814182201,141.393035888672,68.3218282063802,122.334882736206,13.9345640336064,0,157.147346496582,138.393475850423,11.5557350382176,86.0508854773737,103.247708129883,0,134.803924560547,80.5570167913669,75.1932052025428
0,0,0,0,0,0,209.332458496094,0,0,0,0,0,0,0,0,0,0,0,0,0,0,0,0,0,187.630874633789,0,0,0,0,0,0,0,0,0,0,120.166313171387,0,151.283584594727,106.164581298828,0,7.28030847835189,10.2414388293163,91.2410692487444,15.8429836980254,87.4886493682861,88.5464893687855,54.127370077021,76.0884780883789,56.6386741638184,25.8475879637763,11.132394268511,0,0,0,70.5041427612305,82.530029296875,0,90.1428108215332,129.445521763393,107.854409790039,0,85.3192901611328,0,120.927709960938,16.0982528823515,88.2917137145996,0,8.46986275341463,0,23.2464919191726
0,0,201.000869750977,78.9289944966634,150.280583699544,0,0,132.677539825439,143.56219651964,99.0208435058594,141.427472432454,238.664260864258,32.9069592952728,0,175.844985961914,0,0,0,0,0,180.177393595378,0,0,184.463368733724,132.476533889771,0,0,184.184377034505,136.325146198273,133.906911214193,0,0,0,0,166.848022460938,69.2059500800239,0,112.751400596217,86.9441128166354,66.4801990952603,10.2414388293163,7.54773331117646,62.3877292567389,14.0754872942339,68.8178786147725,21.4106647522557,64.344046274821,13.928149444855,69.233633858817,24.9992349542074,9.05403251366903,109.900124983354,130.807460560518,69.1905746459961,105.858098983765,18.5121350816045,96.5481385451097,102.040479660034,102.731840976449,65.0050580711503,0,127.259610968121,125.33878843246,57.8595582764803,19.1919436243965,95.5024642944336,96.0919952392578,21.3613761133104,80.4828758239746,34.56373593272
