7.10034956295334,122.87021891276,107.225193189538,75.2837753295898,74.1193266974555,72.0210037231445,67.1728277316039,25.9830449562555,33.897769038031,62.0755262067241,34.2427066079588,115.300327007587,104.806842803955,159.893391927083,9.68434038459822,46.0236215591431,85.1393203735352,107.592393756968,135.810404096331,122.318916527001,84.5824822925386,75.3951945224051,68.9948104858398,90.0666208686558,65.696800303909,0,131.466648461684,132.031244618552,60.3679693590131,10.6631697235207,27.3885548635273,175.666809082031,87.8243038470928,23.4855659720824,83.3418298650671,142.394266764323,0,183.426483154297,79.1861248016357,0,0,203.248352050781,131.742010328505,181.09267171224,99.9833526611328,0,0,0,0,182.798097398546,0,126.139549255371,0,0,0,0,123.773002624512,78.1332372029622,178.883309936523,124.601041793823,0,209.707550048828,173.843030489408,134.086675446609,186.149340820312,132.028686523438,0,0,154.095306396484,135.514874776204
122.87021891276,8.16258663819876,43.364228429358,19.1197488490749,117.385589599609,0,134.481872558594,107.099040291526,146.640951538086,72.5945581845254,129.963186645508,69.3403184851822,100.231201171875,55.0564747493652,126.80669631958,104.348220825195,61.9450427293777,59.6521022972694,95.291676940918,74.6413641505771,0,93.1455359025435,24.3550174490671,59.7848243713379,74.2733839193524,28.8180140419119,60.4145023651767,29.7764749236592,101.208653259277,112.604371643066,94.8604791429308,69.7184538407759,157.268081665039,104.252377319336,70.7055022798736,0,98.5085220336914,76.1377245959114,86.0978113810221,0,0,231.321075439453,115.673759460449,179.464195251465,0,0,160.364501953125,0,128.167622375488,0,0,119.06601524353,93.5406504179302,128.516723632812,117.179866245815,0,0,76.1560088396072,99.1634834289551,120.180619812012,107.090999603271,102.575842874092,81.1047163618372,144.525820414225,0,0,126.619522094727,0,0,98.2664794921875
107.225193189538,43.364228429358,11.2487545625219,39.9215362858128,130.32902431488,169.49592590332,141.933605709591,89.9967268287539,122.641358563802,100.032185641202,100.770071552646,86.3471210419186,159.337860107422,134.596792221069,116.785210392692,123.011163330078,84.7936524508292,47.4425535162992,95.3604652404785,76.0493992541699,159.542068481445,57.0282315864837,58.8981934251456,29.724713836085,95.0714826965332,0,36.4603917987708,33.6491028572426,74.8085766618827,117.575249195099,89.9341201931238,100.739663441976,172.066566467285,109.461493203806,66.2684504183929,142.733024597168,81.9975038008256,93.4097380125277,66.0593448701452,0,0,0,157.523603312174,192.20187886556,0,208.936386108398,206.231338500977,0,161.062154134115,186.670656476702,0,109.120046566694,112.903176078583,148.584096272786,135.297692691579,0,127.743699391683,84.498115335192,103.661681045065,153.526081582774,0,112.489514375344,95.3861802435102,150.658143906366,148.63459777832,161.760622024536,143.187866210938,0,177.314224243164,106.675574660301
75.2837753295898,19.1197488490749,39.9215362858128,11.1023863834397,51.7559605342586,0,97.4980902420847,56.9921499969762,84.7312146216324,13.0142662587327,76.1593022823334,65.9440847786751,93.9286097208659,50.0761979672065,88.9206194334392,59.8767204284668,45.0653652726558,70.4596479239203,82.8333587646484,79.3332970937093,90.7634345463344,49.3223106502359,19.9996915189163,55.3835023025566,32.3530433649604,25.6980279210967,60.3339248784383,41.0821249022874,50.5942082914228,70.1452663718216,51.0889160716743,73.3025855541229,126.260328674316,62.7668240793635,71.9554922502119,84.3017169189453,62.642088669997,81.7167944590251,16.210572875036,85.5439145014836,0,114.43321574818,72.2029406972175,110.536475214465,13.4601607390812,93.8597272906387,179.131922403971,74.7742303212484,93.4994652611869,106.142195529625,52.657958984375,59.2139956665039,96.8610993089347,80.0230075291225,100.004517364502,96.6463005759499,74.6425844256798,19.6927438150976,88.42691240407,59.5435237344314,79.2448132038116,84.0887173243931,71.2522452902287,73.7662122930799,99.723762512207,72.3724565897902,75.3674087524414,0,71.3143672180176,84.9043798446655
74.1193266974555,117.385589599609,130.32902431488,51.7559605342586,8.61165700167329,102.703872680664,57.5603309038626,54.7271837146077,82.2452568980311,40.7957356348386,19.080712249556,175.101016235352,32.2073841407319,0,107.57879778055,67.3818026848559,81.6355209350586,159.151630401611,157.338447570801,0,10.8473946738355,101.495398203532,49.5625402277166,117.145616319444,23.4419090383125,113.994750976562,126.527359008789,134.00208791097,13.7700140701763,90.528593145098,82.6701836585999,0,136.839107513428,76.0490209670294,89.646790452437,130.723342895508,0,0,79.6152620817486,8.5837073177481,217.427673339844,135.707501888275,128.539678910199,164.731449974908,100.307708740234,114.328445808308,0,28.5407807519359,0,163.790208435059,153.428314208984,0,0,0,0,19.3748545192537,145.873291015625,89.7688140869141,183.620941162109,102.346463347426,0,0,0,94.3631274761931,153.8267993927,139.527725219727,0,0,132.6708984375,175.593818664551
72.0210037231445,0,169.49592590332,0,102.703872680664,9.79280273058892,11.5198052307763,110.812172629616,17.7274286907141,59.7456600666046,107.139895847866,75.862003326416,89.6606324768066,100.082244873047,30.2873963903874,14.5593504909869,176.680389404297,175.956008911133,84.7975921630859,103.415138244629,113.49355844351,139.595458984375,0,146.433604649135,81.2533645629883,0,0,0,118.788241577148,29.3284700545797,0,0,10.2046821466022,157.962020874023,37.462817205899,0,0,0,0,0,0,0,200.638229370117,244.560928344727,0,0,0,128.803146362305,0,0,0,0,0,0,0,0,0,0,0,0,0,0,0,0,0,0,0,0,0,0
67.1728277316039,134.481872558594,141.933605709591,97.4980902420847,57.5603309038626,11.5198052307763,9.28161683442536,70.4599904599397,16.115476500129,89.7437390592909,26.4735777721828,73.276948372523,24.6333812125378,111.22149004255,26.5793863047056,14.5285663589404,202.442687988281,151.672705041357,105.931171764027,124.600364685059,41.3336656610302,127.887307303292,110.530871800014,132.563350517209,62.3154424929296,95.6469192504883,153.152164562328,165.982722509475,64.8788890908682,29.4402368944375,98.9623270901767,107.393850326538,18.7986071220808,73.2266551932109,50.1482535609321,180.454767862956,0,199.569412231445,107.416443961007,83.0395460128784,0,181.656602647569,151.281474480262,196.85494656033,153.249391555786,168.431350708008,0,56.4843098710223,165.71875,197.13340250651,0,0,0,0,0,0,0,145.35698445638,199.250534057617,151.367032073265,0,0,205.9775390625,159.673312342444,199.205116271973,168.161126708984,0,0,156.360580444336,209.593804931641
25.9830449562555,107.099040291526,89.9967268287539,56.9921499969762,54.7271837146077,110.812172629616,70.4599904599397,9.23320171443615,64.2527738330989,51.1522254633108,15.7754828733366,149.677195035494,46.023862993395,150.234697614397,45.8142675948348,75.271268081665,93.9888453050093,103.218462235772,145.962367248535,120.670249938965,81.9893130522508,57.9745132764861,59.2636799709991,77.874324354657,46.04186498361,139.794288635254,117.774692467281,103.077493383345,19.6598984414379,49.1664856446189,12.7515331153222,174.267969767253,121.853227023421,58.1480706409131,76.0183695855802,141.582005909511,135.225280761719,155.807469367981,81.2265052199364,151.507920485276,0,156.744625091553,122.513819448265,165.340928077698,84.661998055198,136.752816248422,0,140.653638458252,217.073959350586,161.230859644273,144.365379333496,121.119181632996,174.628316705877,0,213.55387878418,147.678264141083,131.041331204501,93.5539014180501,162.090426635742,112.990462655504,0,196.104454040527,162.033881206902,123.284504261269,155.001627171293,125.653836780124,0,181.176467895508,126.241146850586,144.364640778186
33.897769038031,146.640951538086,122.641358563802,84.7312146216324,82.2452568980311,17.7274286907141,16.115476500129,64.2527738330989,9.71060332368767,84.6646968332098,35.0605063480688,76.3286671946126,64.9678631650636,102.044594678012,16.7383643306706,24.2507606503013,143.207889556885,130.469162337634,109.463460922241,141.363396369086,78.8849649339889,103.900790788011,94.5695660032075,112.497574141665,77.8459916551348,123.362038748605,140.531020410282,145.337786973412,72.5329295599932,39.6768249946065,77.8877575853136,128.883877754211,23.4393820192811,85.5241136833055,58.0755651774614,165.18465247521,167.694442749023,187.433485243056,112.090312194824,171.228627522786,0,177.063396747296,154.197967529297,189.871842193604,158.807383728027,161.156557603316,147.736526489258,115.917379085834,0,194.116374206543,186.254379272461,174.673350742885,197.247978210449,0,233.975596110026,180.711098807199,148.181228637695,124.505877176921,190.864212036133,144.07436466217,0,216.648361206055,189.390921020508,154.482444533728,182.521674455915,158.740323153409,0,222.027659098307,170.775025587815,185.946098327637
62.0755262067241,72.5945581845254,100.032185641202,13.0142662587327,40.7957356348386,59.7456600666046,89.7437390592909,51.1522254633108,84.6646968332098,8.26330616315233,71.8048507161223,127.826524157857,25.5778430887171,120.780421109544,81.6376528430717,19.0235661589226,64.3407389135922,125.610280637388,145.74672164917,139.268793741862,40.0885261353992,68.7823993682861,19.6397141245297,91.3884567716228,21.613905532363,99.8027802387267,123.162972548912,101.826186391662,45.781208399097,66.9366811116536,54.6143669208075,132.824488685245,122.956198692322,58.918115859169,74.2296530846322,83.744068145752,0,169.842102050781,29.4339403597514,126.393832736545,0,129.888679504395,86.6329809824626,131.45831129286,65.165935198466,111.02418346405,0,96.8743961879185,169.742930094401,125.848855452104,91.4369468688965,100.935230255127,170.01335144043,223.870239257812,185.49755859375,115.746656978832,0,76.3011474609375,186.77156829834,74.7720409550079,0,183.76301574707,169.184195624457,92.0217017414414,108.448999132429,94.4003856182098,201.450653076172,0,97.3483066558838,139.428432718913
34.2427066079588,129.963186645508,100.770071552646,76.1593022823334,19.080712249556,107.139895847866,26.4735777721828,15.7754828733366,35.0605063480688,71.8048507161223,8.46376533227304,158.30657280816,28.7940182561325,188.071769714355,49.7679409912301,65.6442037158542,134.008562723796,110.610663834152,180.695358276367,130.543400234646,12.9190420038983,76.2221790082527,89.7170524597168,88.0465178523503,40.5926439238758,178.020378112793,128.539517622728,122.413955338504,16.4870148397569,77.8509106636047,53.7347562092516,168.41820526123,121.424810858334,66.9815100581857,85.5406541132158,227.385284423828,179.664169311523,169.995077950614,103.834498935276,52.3841074373987,0,170.05556640625,140.300408561275,171.236058728448,104.263849530901,152.976741966834,0,62.3031565592839,0,186.762612479074,167.975769042969,134.521092732747,0,0,0,154.954938448392,0,123.452705383301,155.782913208008,130.553011910957,0,209.692821502686,177.892286300659,145.558106511017,175.504274368286,140.721682548523,0,227.804382324219,139.744659423828,161.750226338704
115.300327007587,69.3403184851822,86.3471210419186,65.9440847786751,175.101016235352,75.862003326416,73.276948372523,149.677195035494,76.3286671946126,127.826524157857,158.30657280816,12.9765216237379,153.872981678356,28.8255502084282,74.3643561031507,91.2157211303711,119.559539794922,51.8175753741314,23.747172184115,28.6943673825166,145.213685255784,102.111788855659,92.4065028387285,75.6693888557028,142.864536119544,35.5477199067943,23.8570578300553,63.3729692350632,138.708276447497,54.0559921781145,107.5076236301,30.1871221405891,69.3156622210119,136.883712768555,26.8767245483157,0,119.577124277751,137.085558573405,102.928838602702,0,0,0,199.612579345703,128.534456888835,167.46888923645,218.975555419922,77.6458823236926,0,78.0962019507767,112.578735351562,0,0,160.27928352356,104.208975439673,124.833708190918,0,204.937622070312,132.623170551501,162.093269348145,183.945631239149,58.716362280439,99.1454671981487,104.52439666748,195.426900227865,135.202323913574,148.309417724609,89.6824048630735,104.13060760498,0,111.998956952776
104.806842803955,100.231201171875,159.337860107422,93.9286097208659,32.2073841407319,89.6606324768066,24.6333812125378,46.023862993395,64.9678631650636,25.5778430887171,28.7940182561325,153.872981678356,10.3843798845227,0,99.8788039467552,10.9603304307097,0,192.760940551758,135.097778320312,0,15.7020126838234,0,121.491713205973,192.102015177409,15.3665321065291,0,177.181759643555,149.557808685303,53.2697057386572,90.4679396224515,117.351626586914,184.851669311523,124.596585435134,82.6831742956283,89.9033788086532,0,0,0,142.803248087565,80.0648788452148,0,103.373097313775,146.952060154506,163.12705300071,0,106.278254109044,0,11.899610025463,0,189.076708984375,0,0,0,0,0,16.0657914731561,0,0,0,118.79850208516,0,0,0,136.275528285814,197.188262939453,0,0,0,0,168.420310974121
159.893391927083,55.0564747493652,134.596792221069,50.0761979672065,0,100.082244873047,111.22149004255,150.234697614397,102.044594678012,120.780421109544,188.071769714355,28.8255502084282,0,10.2111035412257,101.156442188081,175.098602294922,175.483474731445,98.8874057676734,57.9769653749349,78.7671012481054,138.952621459961,150.694366455078,88.3435537037832,134.998731994629,129.712875422725,22.3185095165944,33.2667612467935,37.8755869628908,148.859629821777,86.2812491825649,156.061889648438,17.3663838886727,92.6807495117187,167.061164855957,61.1620734331776,0,105.63458072438,168.159339904785,85.2017841996818,0,0,205.778121948242,231.091262817383,218.880950927734,161.831839425223,0,74.6425902381845,0,74.54586406156,155.138158162435,0,169.965660095215,160.369834899902,93.8160471277913,105.651782620338,0,209.045623779297,124.628925323486,185.398216247559,190.426132202148,51.3395201021487,90.586454233992,96.3116804787872,218.891586303711,158.806701660156,202.688034057617,87.1903074252531,125.784763336182,0,110.420083132657
9.68434038459822,126.80669631958,116.785210392692,88.9206194334392,107.57879778055,30.2873963903874,26.5793863047056,45.8142675948348,16.7383643306706,81.6376528430717,49.7679409912301,74.3643561031507,99.8788039467552,101.156442188081,8.87578076626802,45.1675943092064,121.996879577637,119.414915716411,114.997917175293,129.157164589653,98.1362479436312,87.7587965901693,82.823038319179,101.293930382975,88.5895710746841,116.542939758301,131.511240903069,140.998639676437,71.3790119252306,23.4403908096394,58.454692173807,124.908535350453,17.5305957411879,36.3580400233573,47.5073076801094,167.503463745117,0,184.820373535156,119.859025435014,218.010894775391,0,186.300842285156,156.402950286865,192.309154934353,151.892630004883,188.864690144857,0,123.403215026855,0,185.800207519531,207.782257080078,135.644477257362,196.901260375977,0,0,215.39909362793,163.253021240234,120.732142130534,190.250455583845,152.229623039849,0,215.95964050293,188.623798511646,155.270606703431,165.714152971903,149.768453216553,0,243.554718017578,170.888677597046,186.847188313802
46.0236215591431,104.348220825195,123.011163330078,59.8767204284668,67.3818026848559,14.5593504909869,14.5285663589404,75.271268081665,24.2507606503013,19.0235661589226,65.6442037158542,91.2157211303711,10.9603304307097,175.098602294922,45.1675943092064,7.55312605179923,0,135.493724822998,0,0,57.5628337860107,92.1399993896484,67.8340175462806,108.475269317627,40.7277611261956,150.976526896159,165.234085083008,139.493699391683,74.6013983960422,35.9747292898535,71.2360218048096,0,32.7087062688974,49.9478877839588,27.5015146820633,0,0,0,76.3146629333496,157.178478240967,0,0,147.957557678223,168.160987854004,119.743827819824,153.98383585612,0,70.4839859008789,221.472946166992,0,0,0,0,0,0,128.254348754883,0,0,0,117.99872807094,0,0,176.171310424805,145.596152169364,0,150.789031982422,0,0,126.261207580566,0
85.1393203735352,61.9450427293777,84.7936524508292,45.0653652726558,81.6355209350586,176.680389404297,202.442687988281,93.9888453050093,143.207889556885,64.3407389135922,134.008562723796,119.559539794922,0,175.483474731445,121.996879577637,0,15.2812830422387,102.105272081163,138.927459716797,114.956541442871,0,17.0348896793898,31.404208069514,22.1642746310316,25.2237324945834,116.294347127279,110.44159300431,31.631189487156,35.3317806112246,88.9528155326843,59.7776764317563,0,0,65.9996922810872,71.9188961549239,127.821643829346,140.861404418945,116.271913146973,57.2461730202476,0,0,0,131.387221392463,168.075775146484,0,127.528785705566,144.831909179688,0,0,153.892210006714,0,23.8454052967734,144.789108276367,0,163.932144165039,0,109.983493317949,63.3824176098927,98.9517584006657,113.896545008609,0,148.850073496501,115.566355657916,111.466543031775,133.30495262146,106.126397995722,0,0,110.330894470215,108.256954996209
107.592393756968,59.6521022972694,47.4425535162992,70.4596479239203,159.151630401611,175.956008911133,151.672705041357,103.218462235772,130.469162337634,125.610280637388,110.610663834152,51.8175753741314,192.760940551758,98.8874057676734,119.414915716411,135.493724822998,102.105272081163,12.801136060733,61.0902230482307,25.1337307366153,188.749913533529,57.3750047852864,85.8038075411761,30.4803677196432,111.151829597645,90.3480162187056,37.5291648344291,65.379031777057,94.5243055799366,100.361357136635,76.9358869469236,98.7435313924154,169.609060399673,103.980549485716,43.5409063234042,171.921035766602,106.680558946398,114.155706093528,92.6838658109624,0,0,0,185.756890614827,0,0,232.389793395996,137.595812988281,0,146.49206966824,223.063522338867,185.652969360352,132.233909130096,125.192993827488,142.971536159515,132.617824787996,0,157.904618157281,111.973741077241,137.203535041553,180.256354014079,113.765159606934,115.457099501033,114.563788441209,163.655497233073,0,173.559406056124,131.60023244222,0,149.834060668945,137.896905953544
135.810404096331,95.291676940918,95.3604652404785,82.8333587646484,157.338447570801,84.7975921630859,105.931171764027,145.962367248535,109.463460922241,145.74672164917,180.695358276367,23.747172184115,135.097778320312,57.9769653749349,114.997917175293,0,138.927459716797,61.0902230482307,7.94894380352205,23.1400100021213,130.926559448242,122.974939786471,113.259605754506,98.3590477429903,141.661293029785,45.1733608554911,29.8316694126449,67.0443089271469,164.85413784451,93.3411173051403,120.710552922002,56.5568628635863,95.9340154474432,143.985706329346,60.2876462699783,0,124.653922271729,162.895202636719,96.8837518692017,0,0,0,196.887634277344,140.12703704834,193.143882751465,0,91.1558966434363,0,90.0720370076869,160.569541931152,0,0,135.554068247477,101.033268878738,109.982933391224,0,0,161.340749104818,184.968002319336,197.218330383301,81.370407161428,98.3444492580654,103.743366265675,0,158.274154663086,0,98.2250422680472,169.543701171875,0,111.983911786761
122.318916527001,74.6413641505771,76.0493992541699,79.3332970937093,0,103.415138244629,124.600364685059,120.670249938965,141.363396369086,139.268793741862,130.543400234646,28.6943673825166,0,78.7671012481054,129.157164589653,0,114.956541442871,25.1337307366153,23.1400100021213,11.0867988452598,174.79517364502,76.42877155397,108.788575236003,68.8102991497366,140.370594024658,53.8010948120602,31.5399319390876,68.3061203634207,115.888059272141,104.521831821751,93.4782850801064,67.7421963194497,99.9771639506022,109.400394571239,48.1265865361718,0,133.930782318115,146.091766074852,104.265778950283,0,0,212.906539916992,181.493202209473,0,0,0,106.403905160086,0,105.322324856845,152.947372436523,232.941604614258,135.123666381836,136.496143140291,105.583444931928,113.896120111993,0,177.808395385742,139.410425186157,154.800764770508,188.181131998698,92.7948224467616,104.000266214019,112.786546876574,0,152.663528442383,198.55725479126,109.944611685617,165.389404296875,0,113.245856285095
84.5824822925386,0,159.542068481445,90.7634345463344,10.8473946738355,113.49355844351,41.3336656610302,81.9893130522508,78.8849649339889,40.0885261353992,12.9190420038983,145.213685255784,15.7020126838234,138.952621459961,98.1362479436312,57.5628337860107,0,188.749913533529,130.926559448242,174.79517364502,9.54358856674076,147.758003234863,112.103471374512,179.718068440755,21.5086467881585,0,142.153579711914,180.779998779297,26.5636289791699,86.4733951474106,142.557988484701,0,127.027326534956,76.2370437684098,83.7220784736402,0,0,234.970764160156,99.8523578643799,18.2871543845192,0,165.293878555298,155.621770477295,182.037854003906,101.389415486654,149.039954547224,0,13.3840715106991,194.976760864258,194.394182840983,141.487976074219,0,0,0,0,45.7402249002457,0,152.716438293457,0,124.204256340698,196.471878051758,0,205.174118041992,132.722005039454,168.747640609741,168.52946472168,0,0,0,176.412872314453
75.3951945224051,93.1455359025435,57.0282315864837,49.3223106502359,101.495398203532,139.595458984375,127.887307303292,57.9745132764861,103.900790788011,68.7823993682861,76.2221790082527,102.111788855659,0,150.694366455078,87.7587965901693,92.1399993896484,17.0348896793898,57.3750047852864,122.974939786471,76.42877155397,147.758003234863,10.3163050605333,44.0367240583029,24.2484979301112,18.4798125566459,123.426048278809,91.5879763117376,72.1190774709909,28.2605565573351,65.812089068599,26.8346293933205,172.152565002441,142.750091552734,65.9925877553112,42.9893397041793,135.892506599426,0,143.396356582642,69.7574893870252,0,0,187.737426757812,125.268088600852,167.444911956787,91.9028930664062,135.439875793457,0,0,181.9443359375,143.645339162726,0,59.4696826851524,152.73154703776,206.591857910156,175.405471801758,0,114.448179579273,69.4422741889954,119.22583984375,117.437124207962,0,158.236698913574,132.891971241344,114.761199716421,130.9946113869,112.196007393502,0,0,106.629056490385,130.257087344215
68.9948104858398,24.3550174490671,58.8981934251456,19.9996915189163,49.5625402277166,0,110.530871800014,59.2636799709991,94.5695660032075,19.6397141245297,89.7170524597168,92.4065028387285,121.491713205973,88.3435537037832,82.823038319179,67.8340175462806,31.404208069514,85.8038075411761,113.259605754506,108.788575236003,112.103471374512,44.0367240583029,8.67531237194962,47.4586562833868,23.6063626930913,68.7249927907578,95.8996184254421,42.0113310115361,46.4368833847988,58.9078588182429,43.6969490328098,105.419957699983,134.934700012207,53.7426535459173,64.9486730575561,83.5871717012846,87.878231048584,82.7327793666295,11.9172055721283,122.750625610352,0,92.5451889038086,86.6686628659566,142.904959360758,16.6016044983497,133.387265014648,134.517356872559,192.240287780762,144.649124145508,121.868826548258,0,55.5834471295137,115.745754423596,167.554893493652,168.826107449002,124.189300537109,78.4042562128423,15.2865648763482,67.8780700495392,76.8947191808978,121.226989746094,142.169405982608,77.7405388800652,77.5815088497186,97.8022681644985,78.7281133690659,149.138771057129,0,71.8731321607317,80.202610249422
90.0666208686558,59.7848243713379,29.724713836085,55.3835023025566,117.145616319444,146.433604649135,132.563350517209,77.874324354657,112.497574141665,91.3884567716228,88.0465178523503,75.6693888557028,192.102015177409,134.998731994629,101.293930382975,108.475269317627,22.1642746310316,30.4803677196432,98.3590477429903,68.8102991497366,179.718068440755,24.2484979301112,47.4586562833868,14.6029373880031,62.5139760058373,112.847072601318,59.9091035230382,47.3501017901475,57.5446314880877,87.0982075848846,54.5736912492415,121.338322230748,157.669244675409,87.4300930961889,47.0156257936849,165.510780334473,113.377742513021,103.126645664177,61.8836217090134,0,0,219.9609375,155.334203338623,198.078706359863,142.154874165853,179.650707244873,182.82234954834,0,0,170.048578435724,0,55.2344400855992,128.075256543282,186.341850280762,148.928863101535,0,126.789721012115,71.2411745421741,103.519076084689,138.699671936035,156.747077941895,145.145334344161,103.544629266388,139.685680007935,160.768805367606,136.640660074022,224.70573425293,0,150.071398417155,114.111443074544
65.696800303909,74.2733839193524,95.0714826965332,32.3530433649604,23.4419090383125,81.2533645629883,62.3154424929296,46.04186498361,77.8459916551348,21.613905532363,40.5926439238758,142.864536119544,15.3665321065291,129.712875422725,88.5895710746841,40.7277611261956,25.2237324945834,111.151829597645,141.661293029785,140.370594024658,21.5086467881585,18.4798125566459,23.6063626930913,62.5139760058373,10.372339835908,110.548418064707,128.906772522699,82.3426036752539,16.0588272291389,65.1109195607243,52.1973853834666,144.898228599912,132.757245680865,60.6214531003967,68.7311271885008,123.758260272798,127.301509857178,165.999561309814,61.3659509688385,125.403037552006,0,142.39765623504,111.018948550677,151.405257981058,73.7530675534849,121.983614310944,199.153564453125,114.161100666697,174.849166870117,156.433038385903,112.777367655436,60.0185316762617,182.257410685221,220.716171264648,0,121.286284316433,129.004032679967,73.0274204650483,128.901335417335,96.8957259948385,162.871409098307,188.337365722656,154.493787934509,111.568265184443,146.759557985792,119.520057678223,198.620040893555,190.67673034668,122.999225071498,131.714178308264
0,28.8180140419119,0,25.6980279210967,113.994750976562,0,95.6469192504883,139.794288635254,123.362038748605,99.8027802387267,178.020378112793,35.5477199067943,0,22.3185095165944,116.542939758301,150.976526896159,116.294347127279,90.3480162187056,45.1733608554911,53.8010948120602,0,123.426048278809,68.7249927907578,112.847072601318,110.548418064707,9.25314017476619,44.4986675296322,26.5830474136852,116.902525094839,91.4007816314697,131.478811264038,45.1368200747998,107.146008809408,130.721697489421,71.8946937414316,0,87.2918167114258,135.781097412109,38.4329082825605,0,0,0,226.397247314453,0,145.169222513835,0,70.4563855880346,0,70.7595257421937,130.273452758789,0,0,139.352986653646,84.5007876834354,90.5686182768449,0,0,111.491212463379,179.860946655273,187.285957336426,42.2233603477478,85.2202806000662,85.9050447600228,165.002044677734,0,0,88.704095655872,0,0,98.0905227661133
131.466648461684,60.4145023651767,36.4603917987708,60.3339248784383,126.527359008789,0,153.152164562328,117.774692467281,140.531020410282,123.162972548912,128.539517622728,23.8570578300553,177.181759643555,33.2667612467935,131.511240903069,165.234085083008,110.44159300431,37.5291648344291,29.8316694126449,31.5399319390876,142.153579711914,91.5879763117376,95.8996184254421,59.9091035230382,128.906772522699,44.4986675296322,18.1142758293442,43.7634764536681,108.794408787319,113.364158341865,105.499454246219,34.6866177643733,119.164643181695,131.997074584961,65.9890979139517,195.559838867187,114.196628332138,118.048903056553,82.533946707442,0,176.624908447266,0,183.63258972168,179.510330200195,189.358032226562,230.876022338867,92.9704945056469,0,91.9103752166809,185.104583740234,0,159.0270652771,118.493120894473,100.593287932567,105.644354644162,0,156.303579711914,133.652124677386,140.611289978027,191.568026455966,79.8472544828201,95.1694554467586,101.645451759787,187.500455583845,175.599235534668,163.353717803955,99.5608867331979,158.934794108073,0,118.315490630736
132.031244618552,29.7764749236592,33.6491028572426,41.0821249022874,134.00208791097,0,165.982722509475,103.077493383345,145.337786973412,101.826186391662,122.413955338504,63.3729692350632,149.557808685303,37.8755869628908,140.998639676437,139.493699391683,31.631189487156,65.379031777057,67.0443089271469,68.3061203634207,180.779998779297,72.1190774709909,42.0113310115361,47.3501017901475,82.3426036752539,26.5830474136852,43.7634764536681,16.4707759876459,82.1295557057623,125.538778938247,107.483061444557,31.3842360188994,167.683833821615,125.108898439269,72.3083696813266,187.046539306641,98.0504365830194,97.9660796674796,73.1888404531895,189.13126373291,0,192.314236450195,163.98396813115,185.806262745577,170.98674541971,191.208716837565,107.653912966068,205.390431722005,100.726162334065,194.039288674631,199.767669677734,94.9303894397974,114.570609133051,106.463047753311,114.671412068659,186.594772338867,135.822391933865,79.8265205312658,101.781854475112,155.606966479071,89.2827291705392,98.9824584224494,98.7232860267705,155.2538264613,166.589084443592,152.365166053343,106.95415013273,0,145.168451944987,114.690445924417
60.3679693590131,101.208653259277,74.8085766618827,50.5942082914228,13.7700140701763,118.788241577148,64.8788890908682,19.6598984414379,72.5329295599932,45.781208399097,16.4870148397569,138.708276447497,53.2697057386572,148.859629821777,71.3790119252306,74.6013983960422,35.3317806112246,94.5243055799366,164.85413784451,115.888059272141,26.5636289791699,28.2605565573351,46.4368833847988,57.5446314880877,16.0588272291389,116.902525094839,108.794408787319,82.1295557057623,10.2860170519605,72.7830659419662,37.2683015961226,151.255264282227,128.711737381785,64.6114536407935,65.5027105215505,129.943450808525,117.896556854248,159.807710086598,70.0277083657005,69.0072161810739,180.601638793945,160.352687072754,115.066627921858,155.286325578209,101.211097717285,137.659170574612,0,138.107765197754,0,153.491070327363,160.283477783203,91.3013283320836,158.44504699707,241.615783691406,183.951817830404,138.306476886456,129.471646990095,75.996652554243,137.49713970366,107.702043895957,0,187.244613647461,148.368693987528,117.70897954305,146.088300580564,113.59865001922,0,190.506052652995,115.245987818791,137.314877967312
10.6631697235207,112.604371643066,117.575249195099,70.1452663718216,90.528593145098,29.3284700545797,29.4402368944375,49.1664856446189,39.6768249946065,66.9366811116536,77.8509106636047,54.0559921781145,90.4679396224515,86.2812491825649,23.4403908096394,35.9747292898535,88.9528155326843,100.361357136635,93.3411173051403,104.521831821751,86.4733951474106,65.812089068599,58.9078588182429,87.0982075848846,65.1109195607243,91.4007816314697,113.364158341865,125.538778938247,72.7830659419662,9.05218560592174,24.8272488433651,100.024646065452,12.6894892730154,16.9777296173098,32.4306685027554,144.143828964233,0,180.448331832886,98.4110128130232,129.485219955444,0,176.54824590683,138.249825837182,183.034910763011,137.487212287055,159.914090376634,0,114.100790235731,120.986890157064,168.128474371774,161.00186920166,121.021272277832,172.235864639282,235.001266479492,187.28581237793,166.397164238824,127.495460510254,92.0955160988702,169.520075480143,128.879666246014,151.761444091797,155.655709584554,169.002426147461,135.540919777397,165.268336913165,131.435416490604,121.008972167969,189.107131958008,141.237502574921,151.670441238968
27.3885548635273,94.8604791429308,89.9341201931238,51.0889160716743,82.6701836585999,0,98.9623270901767,12.7515331153222,77.8877575853136,54.6143669208075,53.7347562092516,107.5076236301,117.351626586914,156.061889648438,58.454692173807,71.2360218048096,59.7776764317563,76.9358869469236,120.710552922002,93.4782850801064,142.557988484701,26.8346293933205,43.6969490328098,54.5736912492415,52.1973853834666,131.478811264038,105.499454246219,107.483061444557,37.2683015961226,24.8272488433651,10.8370430573583,159.711688232422,130.719141218397,47.5687646169474,39.34726220685,138.300245557513,131.975769042969,150.826485225133,78.155188293457,137.185653686523,0,181.76392364502,127.987273617067,163.553796132406,117.298118591309,147.57174987793,0,149.291412353516,0,167.389698573521,0,103.4948634221,175.292153930664,0,234.228713989258,206.770294189453,118.473017250619,71.9120177066687,127.682602717959,115.966678388191,175.511596679688,164.974970499674,157.232413836888,117.156026031334,149.634783576517,112.835109052987,180.934036254883,0,114.771313985189,126.559742977745
175.666809082031,69.7184538407759,100.739663441976,73.3025855541229,0,0,107.393850326538,174.267969767253,128.883877754211,132.824488685245,168.41820526123,30.1871221405891,184.851669311523,17.3663838886727,124.908535350453,0,0,98.7435313924154,56.5568628635863,67.7421963194497,0,172.152565002441,105.419957699983,121.338322230748,144.898228599912,45.1368200747998,34.6866177643733,31.3842360188994,151.255264282227,100.024646065452,159.711688232422,8.7430656706056,106.447210947673,0,82.5555225183934,0,116.893993377686,145.634410858154,91.1961226993137,0,0,0,0,140.240219116211,185.511131286621,0,90.2608543966903,0,89.7751248721877,178.367935180664,0,221.024459838867,132.478267124721,105.571988810664,115.925412802861,0,0,152.621500651042,0,200.331136067708,76.0311655171712,102.039709732522,104.074419972468,200.852294921875,137.064262390137,216.877212524414,98.6363207970137,147.719841003418,0,135.724084854126
87.8243038470928,157.268081665039,172.066566467285,126.260328674316,136.839107513428,10.2046821466022,18.7986071220808,121.853227023421,23.4393820192811,122.956198692322,121.424810858334,69.3156622210119,124.596585435134,92.6807495117187,17.5305957411879,32.7087062688974,0,169.609060399673,95.9340154474432,99.9771639506022,127.027326534956,142.750091552734,134.934700012207,157.669244675409,132.757245680865,107.146008809408,119.164643181695,167.683833821615,128.711737381785,12.6894892730154,130.719141218397,106.447210947673,6.18244648849365,61.8395051956177,41.2390871942917,0,0,0,160.62183380127,0,0,0,180.931915283203,0,0,0,0,0,0,0,0,0,0,0,167.531188964844,0,0,0,0,186.081628417969,0,0,168.974782307943,233.855941772461,196.363021850586,237.809448242188,0,0,0,0
23.4855659720824,104.252377319336,109.461493203806,62.7668240793635,76.0490209670294,157.962020874023,73.2266551932109,58.1480706409131,85.5241136833055,58.918115859169,66.9815100581857,136.883712768555,82.6831742956283,167.061164855957,36.3580400233573,49.9478877839588,65.9996922810872,103.980549485716,143.985706329346,109.400394571239,76.2370437684098,65.9925877553112,53.7426535459173,87.4300930961889,60.6214531003967,130.721697489421,131.997074584961,125.108898439269,64.6114536407935,16.9777296173098,47.5687646169474,0,61.8395051956177,8.89773155790654,20.8819449928101,150.73251953125,0,177.428058624268,83.3616668701172,157.992111206055,0,0,136.479635339034,171.713844299316,221.599395751953,159.491521661932,0,0,0,158.615923368014,184.490791320801,130.319546699524,0,0,0,0,130.724234444754,74.455982208252,148.310769217355,126.081888198853,0,200.189178466797,172.715940202985,131.363803482056,159.22356816342,127.941110483805,0,0,130.424487304687,136.149711608887
83.3418298650671,70.7055022798736,66.2684504183929,71.9554922502119,89.646790452437,37.462817205899,50.1482535609321,76.0183695855802,58.0755651774614,74.2296530846322,85.5406541132158,26.8767245483157,89.9033788086532,61.1620734331776,47.5073076801094,27.5015146820633,71.9188961549239,43.5409063234042,60.2876462699783,48.1265865361718,83.7220784736402,42.9893397041793,64.9486730575561,47.0156257936849,68.7311271885008,71.8946937414316,65.9890979139517,72.3083696813266,65.5027105215505,32.4306685027554,39.34726220685,82.5555225183934,41.2390871942917,20.8819449928101,11.4786311446953,157.023997913707,107.774032592773,116.658591625737,95.2618595926385,190.743560791016,0,184.778274536133,141.609823638318,186.978746541341,91.0636761983236,155.43413734436,122.383522796631,93.4034790039063,120.300750330875,194.28335016424,0,111.187917709351,132.745363871257,118.358577183315,135.351995641535,181.496643066406,131.747574329376,92.7370560294703,122.919667701199,135.953476341403,108.173722948347,124.325606664022,121.972566375342,139.892561710242,156.628285725911,146.909365463257,145.549030303955,0,132.069892883301,149.749692598979
142.394266764323,0,142.733024597168,84.3017169189453,130.723342895508,0,180.454767862956,141.582005909511,165.18465247521,83.744068145752,227.385284423828,0,0,0,167.503463745117,0,127.821643829346,171.921035766602,0,0,0,135.892506599426,83.5871717012846,165.510780334473,123.758260272798,0,195.559838867187,187.046539306641,129.943450808525,144.143828964233,138.300245557513,0,0,150.73251953125,157.023997913707,13.0400898323924,130.605171203613,119.500149907293,68.3876169062843,96.2368381206806,0,83.2846169594007,23.2640285382552,62.5035025889247,69.7578432343223,68.8116934261864,114.310773849487,97.1612923566033,176.493789672852,17.1052735367591,106.491724650065,76.7953826056586,104.293297446646,128.679383308657,119.547380589727,89.0941273371379,80.028446546567,70.4225448502435,93.2186501520985,73.0983665695518,120.494333902995,129.276239238802,138.120017233859,74.3906248913668,20.3538878713679,23.25873678955,151.563446044922,89.7731463783666,36.4569355971622,62.3428195979144
0,98.5085220336914,81.9975038008256,62.642088669997,0,0,0,135.225280761719,167.694442749023,0,179.664169311523,119.577124277751,0,105.63458072438,0,0,140.861404418945,106.680558946398,124.653922271729,133.930782318115,0,0,87.878231048584,113.377742513021,127.301509857178,87.2918167114258,114.196628332138,98.0504365830194,117.896556854248,0,131.975769042969,116.893993377686,0,0,107.774032592773,130.605171203613,8.68128219079991,42.8423793973594,35.2320521152936,0,0,118.683368682861,112.438472074621,152.578842163086,72.9835688042964,0,75.5952728271484,156.485599517822,54.9240750362999,149.205646514893,111.091328938802,53.425525008655,57.8065389066503,83.7579981940133,70.4669008669646,0,103.747341700963,24.1424521340954,64.7823889481394,84.0024800044234,23.8898408997436,49.2245358303003,32.1861031280256,102.428288269043,133.594117906359,106.53395652771,69.7556828465955,133.186828613281,121.081130981445,70.1747642574888
183.426483154297,76.1377245959114,93.4097380125277,81.7167944590251,0,0,199.569412231445,155.807469367981,187.433485243056,169.842102050781,169.995077950614,137.085558573405,0,168.159339904785,184.820373535156,0,116.271913146973,114.155706093528,162.895202636719,146.091766074852,234.970764160156,143.396356582642,82.7327793666295,103.126645664177,165.999561309814,135.781097412109,118.048903056553,97.9660796674796,159.807710086598,180.448331832886,150.826485225133,145.634410858154,0,177.428058624268,116.658591625737,119.500149907293,42.8423793973594,16.4631631724631,48.4432316142988,109.465385437012,0,140.502267664129,89.8616785694129,128.396760507792,110.145115939054,104.295588439366,86.506696022163,158.80793762207,100.149070739746,130.908336432084,0,86.1367528946673,45.6953212413747,90.8616911789467,72.5916149220078,132.157684326172,81.5170655128283,49.2896372152213,32.1000017781975,98.8155777838922,121.679219563802,37.0614686569596,34.146412783365,89.6596916597586,126.343377211998,96.0996663582266,102.655426979065,115.250503540039,111.392051696777,62.3329446783476
79.1861248016357,86.0978113810221,66.0593448701452,16.210572875036,79.6152620817486,0,107.416443961007,81.2265052199364,112.090312194824,29.4339403597514,103.834498935276,102.928838602702,142.803248087565,85.2017841996818,119.859025435014,76.3146629333496,57.2461730202476,92.6838658109624,96.8837518692017,104.265778950283,99.8523578643799,69.7574893870252,11.9172055721283,61.8836217090134,61.3659509688385,38.4329082825605,82.533946707442,73.1888404531895,70.0277083657005,98.4110128130232,78.155188293457,91.1961226993137,160.62183380127,83.3616668701172,95.2618595926385,68.3876169062843,35.2320521152936,48.4432316142988,22.1827506561523,59.2516075481068,126.795837402344,93.7509641425554,55.4429454705654,92.8037265071163,16.1978355869311,75.1882084379805,67.7812259337481,88.2188926696777,68.3672200424084,92.7063083573292,72.8774522145589,42.0177676499032,66.4842981702826,67.1989143277392,65.2345775169662,113.684542126126,65.2832133925964,30.5606043375362,52.8619370412483,27.501275386652,27.9904673795301,49.7563774560087,42.052023932633,54.5417562098365,81.1530480369395,61.3226930835345,65.2876942283229,129.692820462314,63.5336529541016,68.5323655392642
