8.52035846746628,99.6749291419983,84.9338635531339,43.4964227172045,58.6882076263428,89.5230331420898,66.9573168610082,15.6738122504809,27.401235581955,44.2710136891469,34.2419705201572,111.36608553983,114.465171813965,120.62549940745,14.8134417323584,102.756408691406,74.8223326546805,81.0100206247153,120.938560837966,108.046712398529,101.299945831299,42.8501517295837,62.1857820857655,77.1147943426062,45.0496596105738,113.087519836426,115.228844625087,112.695562853132,40.5048720134388,8.17534863659558,9.79314101505821,0,80.6943613688151,18.2914308713467,36.6443955575266,0,0,132.944206237793,56.3120922782204,0,0,0,94.9663833618164,0,54.6471798337739,0,0,80.6272125244141,0,144.179473876953,0,86.1115188598633,0,0,0,0,0,52.4714965820312,0,73.4531440734863,0,135.246322631836,143.773044404529,82.7418785095215,156.367874145508,0,0,0,0,0
99.6749291419983,7.33218640083335,36.4101840427944,12.61316587181,0,0,0,102.13909556071,132.471585845947,77.751883300085,109.999782562256,53.9933406182055,0,43.6989784785679,134.596576145717,113.051840305328,49.0549368540446,44.3427115587989,61.7085941683861,49.1423628644692,0,66.410146077474,27.1025408728191,57.8303216661726,82.5462048053741,19.10896297471,42.3148850824079,25.2275924708754,81.2194103084198,113.687966664632,71.5533440329812,55.1579322814941,182.739944458008,84.0716590881348,46.9623605143817,0,79.8853521347046,86.5570251710953,42.16146941185,0,0,0,0,0,0,0,69.583683013916,0,66.3114882575141,148.825424194336,0,165.421798706055,82.6422576904297,70.5925521850586,79.3511397043864,0,0,90.6241073608398,96.4074338277181,0,65.4065072801378,72.2743479864938,78.2654805864607,129.351547241211,0,0,87.8130950927734,0,0,188.812576293945
84.9338635531339,36.4101840427944,7.38018533154599,56.8242391745249,92.2319145202637,0,100.390775680542,69.1597460109385,101.015622933706,75.5252566728436,88.7398757148035,65.6512064252581,101.04313659668,69.413981835819,112.462296157587,110.100631713867,61.7896343807005,25.5938532869668,69.5979846688204,51.0927043656603,0,46.0579637421502,36.1757628122965,16.4434862022505,79.9952251494877,58.8113644248561,23.0211960093951,25.5811054643305,50.1932241239665,101.939685306034,46.2411792848331,70.8712966918945,81.90869140625,102.734767913818,43.5574649884863,136.260576036241,96.4251174926758,73.969403620545,52.9240007815154,0,0,0,124.412101745605,156.818422589983,97.7093836466471,0,133.05464553833,0,124.964986165365,151.609798431396,0,82.7852065563202,99.5195620218913,0,109.274251601275,168.67578125,94.6268564860026,45.5689679890463,82.6062935967919,143.604236602783,103.905611673991,98.9827287363452,69.9967556786769,145.010359870063,141.876287333171,119.044786893404,143.026992797852,0,122.431819915771,92.4908534779268
43.4964227172045,12.61316587181,56.8242391745249,17.5184000166942,53.0941979090373,106.261726379395,62.2220275409785,40.0883143646442,82.2101898612557,54.433160975047,64.1044810093366,60.0236664368556,82.1617763743681,38.0491849459135,83.0625313794171,91.5310131708781,44.425143367196,55.0735748076103,60.8940180264986,49.6990413841912,64.6622999191284,42.6588051280959,32.1545936284845,38.903331515925,36.1617685057869,18.6769840067909,42.4434521768091,35.3757411995892,35.0383085043377,68.9405091557747,43.8818776742297,68.2157440185547,111.105199541364,52.870151651533,56.0379084884197,108.125411987305,49.2250844034655,67.5184446970622,33.789653813839,0,0,0,108.548530578613,133.493408203125,28.8257238978431,79.8702049255371,44.735767312952,88.3011741638184,41.61171274715,129.351173400879,0,63.2863472832574,72.9190127849579,51.7356414794922,68.5783034876773,0,161.940994262695,7.88586470836016,98.0626640319824,63.7377710342407,25.3805170059204,62.0146446780882,58.3890814118038,87.6375961303711,0,89.31480662028,47.0758991241455,0,0,77.4511486933782
58.6882076263428,0,92.2319145202637,53.0941979090373,8.15029682037054,127.092147827148,55.1601230076381,49.4461950000964,89.9692729501163,32.9232291463005,15.4805807900028,0,18.0714062379367,0,104.930374145508,28.9342876379041,0,0,0,0,11.2319771044948,0,55.4778121312459,85.3850326538086,10.9884097437467,0,0,0,10.7547273765858,94.092350853814,0,0,146.275756835938,84.6208305358887,95.7616500854492,71.7962706429618,0,0,79.3390407562256,4.54399952008174,0,60.7389644754344,118.496304829915,90.0527411699295,62.7597567240397,40.4437875186696,0,24.7914151951932,0,76.4360555532027,61.2051620483398,0,0,0,0,6.86037774360476,0,0,0,76.2589363907323,0,0,247.973770141602,105.898081461589,82.4339787165324,0,0,0,0,89.268607548305
89.5230331420898,0,0,106.261726379395,127.092147827148,6.62269330880013,12.0214986117855,102.787696838379,16.0281348043422,54.7732648849487,98.0035756429036,109.350614547729,55.7738629254428,0,28.8403933576959,18.5247892484848,147.316650390625,161.591796875,0,0,80.4944442749023,0,98.356125793457,88.4821975708008,61.4488751888275,0,185.111175537109,159.996157559482,89.6550540924072,26.7757717238532,113.866050720215,0,8.64755791150738,0,0,0,0,0,0,0,0,0,0,0,93.4194717407227,0,0,0,0,0,0,0,0,0,0,0,0,0,0,95.7806549072266,0,0,0,0,0,0,0,0,0,0
66.9573168610082,0,100.390775680542,62.2220275409785,55.1601230076381,12.0214986117855,7.47595821555101,41.5069025533524,12.3812227326977,59.6629361416164,21.9883002501238,127.118338200953,18.0739115912619,154.76695098877,28.6107451573364,10.3922758137007,0,114.792665438219,154.852711486816,145.887707324738,35.7486371715758,94.332773844401,105.833895514993,99.3517514605855,48.6909031538803,158.161460028754,144.647508313579,138.856685638428,51.726270250995,28.5725587138466,75.8657851219177,0,13.9934455295508,82.1918907165527,63.6318202540278,0,0,168.098434448242,73.8717277163551,137.60945892334,0,131.736839294434,114.122204971313,141.958162307739,72.3929371039073,122.576907348633,0,55.556519392949,0,149.798716227214,95.3629760742188,0,0,0,0,95.0566484551681,0,127.174385070801,169.365631103516,80.5248782982987,0,192.758811950684,173.787742614746,114.809923612154,147.97940826416,0,0,0,0,134.184631347656
15.6738122504809,102.13909556071,69.1597460109385,40.0883143646442,49.4461950000964,102.787696838379,41.5069025533524,8.61361714411258,41.263533647819,39.6354827804012,12.3471017093242,122.993412555792,61.3057890392485,125.308647832563,25.415999429822,60.8654193878174,78.3556381225586,67.7231157331324,120.014038824266,107.082768452118,40.5961471704336,47.5925393814034,69.5388056550707,57.5428439616483,36.0651481516479,116.385899066925,113.506768531566,98.5969409525513,21.6952748955061,57.9749745913525,13.9006337067981,139.358693440755,101.583286762238,43.7706878831651,65.2309187774231,146.655654907227,88.8955078125,136.00821685791,55.8938595156803,122.415222167969,0,131.482487996419,93.7374475267198,118.845541381836,56.1066519873483,103.01538848877,0,63.5559577941895,0,117.561428324382,0,93.7437698364258,0,0,163.832786560059,0,138.248245239258,79.4155052185059,125.005858379862,76.0494052971734,0,154.747785568237,138.256507873535,87.3204773547603,127.544427972091,115.357406616211,0,0,0,133.053676952015
27.401235581955,132.471585845947,101.015622933706,82.2101898612557,89.9692729501163,16.0281348043422,12.3812227326977,41.263533647819,9.24903186132478,76.5422771905215,20.6498252377976,129.7890723236,67.1721477200055,149.324049220366,14.0445620941872,26.8840135407859,119.912817818778,109.364896357945,149.954774176556,140.0311637513,76.4758760012113,82.5918080256535,105.216477016233,100.37021576018,70.4703200080178,154.23652787642,145.173561029413,142.136302254417,71.3711937100715,26.5706289020638,56.8615988466792,162.762748718262,14.7459637498738,57.5282660091625,58.5245878427153,0,0,175.299199422201,92.9407260806062,0,0,164.410423278809,148.163199684837,0,91.4470860407903,178.229705810547,0,91.0367440848515,0,143.140106201172,0,172.718704223633,0,0,0,119.286380004883,0,120.759567260742,165.715270996094,105.612313253838,0,190.341751098633,174.831720596705,118.74591255188,160.800979614258,188.532455444336,0,0,132.0068359375,0
44.2710136891469,77.751883300085,75.5252566728436,54.433160975047,32.9232291463005,54.7732648849487,59.6629361416164,39.6354827804012,76.5422771905215,6.91627974793182,61.6517391781299,139.161656188965,28.6197476130013,115.619759259905,82.4301516147905,17.57138973489,60.9979373562721,102.446893005371,139.90608215332,132.279294808706,33.216524603519,77.0870517233144,30.885187856134,79.6617914129187,16.3166403102754,109.944520976209,119.693242446236,106.521206659043,33.9485837422016,71.6972537000846,46.429110806072,0,110.765241146088,57.2000999450684,72.7146982435363,0,0,170.466851370675,74.2596130371094,73.5735321044922,0,94.0987930297852,83.0879516601562,0,46.4751118251256,0,113.441482543945,59.3990142822266,137.111961364746,0,69.1540679931641,192.773071289062,0,0,185.987297058105,71.056947072347,0,94.6878509521484,170.064300537109,62.6254383722941,0,174.617984008789,140.988917032878,0,113.610549926758,0,0,0,0,0
34.2419705201572,109.999782562256,88.7398757148035,64.1044810093366,15.4805807900028,98.0035756429036,21.9883002501238,12.3471017093242,20.6498252377976,61.6517391781299,9.01776049455199,141.636522928874,19.1538680727288,143.587090301514,48.0418993440896,63.8923195629585,94.044750213623,91.5437720449347,148.418243408203,141.721086389878,21.3273437947488,86.823282068426,90.7250193082369,70.4871799702547,44.4243476698475,170.127456665039,130.849057284268,124.424744990834,21.1234527390183,79.9971727828817,68.7044821166992,0,105.800920668102,61.6214028408653,77.8480727948233,0,0,156.002258300781,80.2089555418337,24.7581881770381,0,147.558575630188,119.241921901703,131.085149129232,84.184202061143,105.422422790527,0,34.5392482340336,0,116.559933980306,107.646209716797,99.3223495483398,0,0,0,18.96639505686,0,101.15348815918,149.992460250854,89.4870982406163,0,185.669982910156,144.387943267822,109.681444549561,138.164855957031,0,0,0,0,147.548176356724
111.36608553983,53.9933406182055,65.6512064252581,60.0236664368556,0,109.350614547729,127.118338200953,122.993412555792,129.7890723236,139.161656188965,141.636522928874,12.2952497316328,128.078598022461,18.6503580661042,105.341064092848,162.978897094727,102.244783401489,50.38705315512,22.7458526776942,30.0130439119729,135.463779449463,72.0156967456524,88.9963182391542,75.6605317404104,145.245275878906,24.6952928366892,24.6336133661014,42.3276487899077,137.561559804281,80.9225732521306,88.5227521535513,23.9955131793844,74.1645178618254,116.613240661621,23.8731285372586,0,73.7219797770182,113.431941509247,87.1935958862305,0,0,0,0,0,0,0,83.9139753069196,0,100.917451222738,0,0,0,108.279772440592,0,104.266025318819,0,0,89.6916859944661,147.876739501953,0,72.4747633500533,101.891097435584,107.532331334482,0,0,146.511505126953,0,0,0,123.48738861084
114.465171813965,0,101.04313659668,82.1617763743681,18.0714062379367,55.7738629254428,18.0739115912619,61.3057890392485,67.1721477200055,28.6197476130013,19.1538680727288,128.078598022461,9.11557720565503,228.367416381836,100.143783920113,11.0481971605658,0,166.716049194336,0,160.194229125977,14.5808858480715,0,60.9274444580078,0,20.1523282493957,0,187.654571533203,125.649476369222,32.3240902761896,99.229951398126,0,0,103.16130045298,116.802627563477,92.2622085147434,66.7818632125854,0,0,71.1213254928589,33.7158842609353,110.752853393555,65.5086556530874,106.174174499512,89.2762843861299,57.3322743980252,54.8249084071109,0,13.5512843458098,0,76.883158200747,69.1983325792396,162.589904785156,0,0,0,19.0957966057701,0,0,0,66.3634711058243,0,0,0,76.5049405097961,87.7798385620117,0,0,143.501907348633,0,88.2619259357452
120.62549940745,43.6989784785679,69.413981835819,38.0491849459135,0,0,154.76695098877,125.308647832563,149.324049220366,115.619759259905,143.587090301514,18.6503580661042,228.367416381836,6.7090946813909,146.201968193054,148.350135803223,94.917293548584,69.3599049615078,32.2153962970704,46.3642598382044,0,100.008535766602,77.8725168074685,84.2555624189831,135.956052652995,20.2763458409256,18.9135755901173,21.9916233131926,128.484077866013,113.616773854131,108.883115407583,8.65265294720462,78.7152633666992,130.085536663349,29.8172458684827,0,69.5405813217163,112.135900224958,47.3271899223328,0,0,0,0,0,140.412338256836,0,61.3938169808223,0,58.8742796216692,0,0,0,133.499473571777,72.4534072875977,86.5456726074219,0,132.233764648438,98.4783803766424,125.791122436523,0,52.8599749715705,85.0973201479231,86.7814972437725,0,0,161.034027099609,0,0,0,85.3654812404088
14.8134417323584,134.596576145717,112.462296157587,83.0625313794171,104.930374145508,28.8403933576959,28.6107451573364,25.415999429822,14.0445620941872,82.4301516147905,48.0418993440896,105.341064092848,100.143783920113,146.201968193054,7.94291752134762,66.2416355133057,116.641222635905,111.737183142682,150.289776871844,139.039543396934,106.565872087871,81.2597448031108,103.635962501901,103.757659626007,77.2115540919097,159.109119762074,145.206230796256,142.707192288169,74.4516679380631,13.6518435582841,53.7408212418419,0,12.2136422787352,24.7516388160487,39.15792194222,197.621032714844,0,173.619024276733,95.960339137486,0,0,0,133.277404785156,135.448059082031,82.7313885158963,0,0,117.363111707899,0,155.929580688477,0,0,228.220840454102,0,171.338012695312,118.177622477214,0,105.982883453369,185.149616241455,132.294241818515,0,180.413848876953,173.404958089193,124.71822865804,0,0,0,0,0,173.053649902344
102.756408691406,113.051840305328,110.100631713867,91.5310131708781,28.9342876379041,18.5247892484848,10.3922758137007,60.8654193878174,26.8840135407859,17.57138973489,63.8923195629585,162.978897094727,11.0481971605658,148.350135803223,66.2416355133057,8.28885941723069,103.200765991211,136.493099212646,167.65901184082,155.548095703125,40.1683319354879,0,67.7341248673391,100.236394882202,28.7678770667989,141.502960653866,148.126609802246,128.451541423798,50.3045526071757,77.3222059522356,139.684020996094,0,29.3635069119033,0,99.0914684931437,0,0,159.072494506836,45.1681976318359,0,0,0,0,0,61.775815817026,100.501136779785,174.630325317383,85.3989388602121,0,0,72.5576960245768,0,0,0,0,102.330591474261,0,0,0,64.8902630689667,0,0,151.68376486642,0,0,0,0,0,0,0
74.8223326546805,49.0549368540446,61.7896343807005,44.425143367196,0,147.316650390625,0,78.3556381225586,119.912817818778,60.9979373562721,94.044750213623,102.244783401489,0,94.917293548584,116.641222635905,103.200765991211,12.3274844651236,70.8676266670227,175.77214050293,114.934600830078,0,12.7759060530692,37.0161788126771,11.0274248617712,30.760482608093,105.094635009766,91.605167388916,29.7410387443152,31.025130785132,86.6883926391602,52.8931362477384,0,0,68.6194610595703,51.370463777938,0,0,100.569529695331,78.320294120095,0,0,0,0,0,0,0,0,0,0,0,0,12.2246614425163,116.248435974121,0,136.243629455566,0,112.291107177734,53.3237999738273,91.7817599177361,0,0,141.087717692057,95.986837288429,155.852325439453,0,119.46098836263,0,0,0,192.530822753906
81.0100206247153,44.3427115587989,25.5938532869668,55.0735748076103,0,161.591796875,114.792665438219,67.7231157331324,109.364896357945,102.446893005371,91.5437720449347,50.38705315512,166.716049194336,69.3599049615078,111.737183142682,136.493099212646,70.8676266670227,9.36716231795558,49.3272017445196,23.6345506014269,0,33.9671613789812,58.445214058916,17.6030745704181,97.5254089978276,70.2645201432077,22.2482678652369,53.8895019016398,79.9501786429501,102.00731516921,49.8030191922446,72.0003910064697,161.769874572754,92.0968366769644,23.7928103826774,148.1814549764,77.062794821603,83.5366867322726,57.4397057753343,0,0,0,145.209209442139,143.013931274414,116.642799377441,0,131.499717712402,0,141.407577514648,175.678217569987,0,102.326626426295,96.6782345241971,0,117.51705129523,0,113.613993027631,65.7571809859503,98.6208574977922,174.276382446289,120.253976186117,94.8355632358127,83.9355084934841,128.551792144775,138.778312683105,138.536721229553,0,0,143.02978515625,105.093646499346
120.938560837966,61.7085941683861,69.5979846688204,60.8940180264986,0,0,154.852711486816,120.014038824266,149.954774176556,139.90608215332,148.418243408203,22.7458526776942,0,32.2153962970704,150.289776871844,167.65901184082,175.77214050293,49.3272017445196,7.05519121474911,17.2886659848376,0,91.782708062066,101.472574869792,95.0874167154002,156.565475463867,31.8208484261723,15.1188797624896,52.0562819130987,139.22257232666,145.58217723553,103.002604998075,33.6655186462402,196.135437011719,126.022853851318,55.155543655042,0,80.0507685343425,123.700163523356,62.2935209274292,0,0,0,172.857284545898,0,0,0,92.9254722595215,0,87.0844734191895,175.994552612305,0,0,111.192779541016,0,111.692678663466,0,0,118.421157836914,128.739654541016,0,69.2763233184814,101.015824551053,104.658461655243,244.247650146484,0,158.489036560059,0,0,0,154.242279052734
108.046712398529,49.1423628644692,51.0927043656603,49.6990413841912,0,0,145.887707324738,107.082768452118,140.0311637513,132.279294808706,141.721086389878,30.0130439119729,160.194229125977,46.3642598382044,139.039543396934,155.548095703125,114.934600830078,23.6345506014269,17.2886659848376,10.1897259513752,0,76.9465114305604,84.9330705419763,72.9079151738641,134.295200694691,45.9511529831659,25.9539247332352,57.4967721242486,122.663328838348,125.038808912146,86.9427050211343,65.2094224294027,182.223459879557,112.94419332651,30.3365559041063,0,94.8131660461426,99.1954864994172,102.528289159139,0,0,0,145.083679199219,178.748428344727,0,183.800094604492,140.911895751953,0,110.59982993386,185.714587402344,0,105.585662841797,99.9142152194319,145.618988037109,102.565740505854,0,120.236260732015,132.356250762939,118.860524071587,183.574427286784,93.3921881011038,92.1743159761616,95.0949062879107,123.589389801025,175.652018229167,152.722697575887,112.643814086914,0,0,112.32329864502
101.299945831299,0,0,64.6622999191284,11.2319771044948,80.4944442749023,35.7486371715758,40.5961471704336,76.4758760012113,33.216524603519,21.3273437947488,135.463779449463,14.5808858480715,0,106.565872087871,40.1683319354879,0,0,0,0,10.3030917972004,0,62.8506278991699,0,16.8942962783025,0,0,0,20.4137096763463,102.028025113619,0,0,122.779783248901,89.3141555786133,87.4998291015625,0,0,0,79.611011505127,22.3381782609683,0,85.3178100585938,135.959442138672,104.184684753418,59.5353421811704,53.3704770406087,0,20.7909203425444,0,88.6741809844971,37.4414825439453,0,0,0,0,12.070534355452,0,0,0,72.4349712675268,0,0,0,54.2051630020142,106.60778427124,0,0,0,0,84.068239847819
42.8501517295837,66.410146077474,46.0579637421502,42.6588051280959,0,0,94.332773844401,47.5925393814034,82.5918080256535,77.0870517233144,86.823282068426,72.0156967456524,0,100.008535766602,81.2597448031108,0,12.7759060530692,33.9671613789812,91.782708062066,76.9465114305604,0,7.48356468448444,41.3320167948666,13.4792477450235,11.1672684761711,123.988868713379,95.8719506581624,44.4665641021018,17.9086265974778,67.3201581730562,13.5732482451038,0,154.763336181641,62.4789093017578,28.91159557383,0,0,105.148173014323,68.5915145874023,0,0,0,0,0,77.2805061340332,0,0,0,0,0,0,43.8397008647089,0,0,0,0,112.443725585938,51.2325631054965,103.407850211007,78.8711853027344,0,117.462066650391,103.520842552185,115.388534545898,0,0,0,0,0,104.248481750488
62.1857820857655,27.1025408728191,36.1757628122965,32.1545936284845,55.4778121312459,98.356125793457,105.833895514993,69.5388056550707,105.216477016233,30.885187856134,90.7250193082369,88.9963182391542,60.9274444580078,77.8725168074685,103.635962501901,67.7341248673391,37.0161788126771,58.445214058916,101.472574869792,84.9330705419763,62.8506278991699,41.3320167948666,8.11372169269994,39.1359584438587,27.6058263160988,66.5011989315493,76.1573439325605,38.3485333658473,35.3262560304341,81.854326457362,46.0946083373147,0,111.461917877197,55.1196906251727,59.4526557422621,0,97.7767105102539,82.2493682468639,67.0843440055847,0,0,0,111.629776000977,0,66.7820167541504,0,111.386940002441,0,89.9383316040039,163.772964477539,0,45.8305373513019,111.064021519252,0,121.674713134766,110.848480224609,86.9452934265137,15.8594436385051,81.0451508785816,111.190396118164,96.2084281227805,112.832815270675,63.0415019893646,120.08438873291,193.413040161133,141.082244873047,0,0,0,100.494917975532
77.1147943426062,57.8303216661726,16.4434862022505,38.903331515925,85.3850326538086,88.4821975708008,99.3517514605855,57.5428439616483,100.37021576018,79.6617914129187,70.4871799702547,75.6605317404104,0,84.2555624189831,103.757659626007,100.236394882202,11.0274248617712,17.6030745704181,95.0874167154002,72.9079151738641,0,13.4792477450235,39.1359584438587,11.1758162373967,49.9597486118938,87.7124186924526,74.1852346357408,31.0310807460626,26.2671817888402,84.7170190357027,30.9180891807447,92.6845359802246,173.644012451172,77.4562157524957,37.5239064289944,0,114.232192993164,93.5416649919215,73.6493105570475,0,0,0,107.505073547363,0,73.5360577901204,0,0,0,0,174.264831542969,0,19.9864946350979,110.650230407715,0,135.121989250183,0,99.7064066435161,50.42597304943,84.1044072562267,85.6724395751953,0,123.468282318115,87.1429672390807,113.993732997349,0,107.908640289307,0,0,0,105.300373446557
45.0496596105738,82.5462048053741,79.9952251494877,36.1617685057869,10.9884097437467,61.4488751888275,48.6909031538803,36.0651481516479,70.4703200080178,16.3166403102754,44.4243476698475,145.245275878906,20.1523282493957,135.956052652995,77.2115540919097,28.7678770667989,30.760482608093,97.5254089978276,156.565475463867,134.295200694691,16.8942962783025,11.1672684761711,27.6058263160988,49.9597486118938,8.85980078476697,117.709427727593,127.066146002875,75.6580707491361,12.6140276766431,71.8520882307479,49.0268030240326,0,108.204124026828,57.5022851498191,67.1987891308097,0,0,134.326103210449,54.0025436245665,6.565053100406,0,122.216873168945,91.3962719257061,132.654350280762,55.9993292342785,99.4357325236003,0,64.6490698920356,0,110.687459945679,62.1770553588867,93.8113822937012,0,0,181.879989624023,50.6443344116211,0,76.043986638387,132.686256408691,60.6044225531109,0,192.834060668945,122.975682406955,78.1707806587219,127.320813496908,166.607666015625,0,0,131.12272644043,128.030938720703
113.087519836426,19.10896297471,58.8113644248561,18.6769840067909,0,0,158.161460028754,116.385899066925,154.23652787642,109.944520976209,170.127456665039,24.6952928366892,0,20.2763458409256,159.109119762074,141.502960653866,105.094635009766,70.2645201432077,31.8208484261723,45.9511529831659,0,123.988868713379,66.5011989315493,87.7124186924526,117.709427727593,9.68658643189936,28.0442936467652,16.9640315609762,112.617081382058,146.20635816786,103.758276367188,37.1973323822021,0,138.630153656006,41.552365221296,0,52.9282151767186,104.156122207642,38.2376329558236,0,0,0,0,0,110.610725402832,0,48.286168997433,0,50.7161593156702,0,0,0,82.7846183776855,70.4356174468994,73.4754546483358,0,0,77.5361384128002,105.926391601562,0,39.6930996220583,66.9717807154502,66.4035063718821,0,0,116.469060262044,66.2538937159947,0,123.426666259766,59.5175472058748
115.228844625087,42.3148850824079,23.0211960093951,42.4434521768091,0,185.111175537109,144.647508313579,113.506768531566,145.173561029413,119.693242446236,130.849057284268,24.6336133661014,187.654571533203,18.9135755901173,145.206230796256,148.126609802246,91.605167388916,22.2482678652369,15.1188797624896,25.9539247332352,0,95.8719506581624,76.1573439325605,74.1852346357408,127.066146002875,28.0442936467652,10.4192669709724,21.4871406422823,104.600396567244,139.037443552262,95.2072514581947,7.91937017492124,181.442092895508,127.106640930176,54.6956876851918,157.116125742594,79.5145476556593,84.4429100623498,67.5922747160259,0,0,177.761901855469,158.570400238037,159.72868347168,134.598209381104,0,83.3769929068429,0,89.1205743442882,166.762243652344,0,125.174959455218,96.3371941460504,106.177047729492,96.5048589596803,0,142.767484876845,110.436767924916,106.83540311067,0,70.9266554681878,87.4856381990523,86.6097495989141,138.268370310465,157.610240936279,124.954447428385,106.378002166748,0,166.949157714844,98.6017901861846
112.695562853132,25.2275924708754,25.5811054643305,35.3757411995892,0,159.996157559482,138.856685638428,98.5969409525513,142.136302254417,106.521206659043,124.424744990834,42.3276487899077,125.649476369222,21.9916233131926,142.707192288169,128.451541423798,29.7410387443152,53.8895019016398,52.0562819130987,57.4967721242486,0,44.4665641021018,38.3485333658473,31.0310807460626,75.6580707491361,16.9640315609762,21.4871406422823,13.0210999462458,64.5921629936101,122.429209223333,79.8379526290758,10.1371289441155,204.314539591471,108.59799041748,57.6140995738482,148.607958929879,77.7922781830901,82.403191550271,52.4378027839573,0,0,168.163986206055,143.775121154785,169.180363464355,105.463938903809,157.151748657227,80.2365898219022,0,76.6795254716969,160.525878643167,0,63.4831264563433,95.6361249530126,104.946765899658,97.1702780472605,0,105.088850814305,54.063904776674,90.8224391475929,172.460865783691,62.6269209940631,87.3874874127352,81.7702015794956,128.378468758719,153.87527891647,130.455212673898,115.836755116781,0,153.720739746094,102.421585324253
40.5048720134388,81.2194103084198,50.1932241239665,35.0383085043377,10.7547273765858,89.6550540924072,51.726270250995,21.6952748955061,71.3711937100715,33.9485837422016,21.1234527390183,137.561559804281,32.3240902761896,128.484077866013,74.4516679380631,50.3045526071757,31.025130785132,79.9501786429501,139.22257232666,122.663328838348,20.4137096763463,17.9086265974778,35.3262560304341,26.2671817888402,12.6140276766431,112.617081382058,104.600396567244,64.5921629936101,8.43350250517431,60.4890282869291,24.6397603792965,139.559921264648,104.59946332659,38.4710972556651,38.8927506178716,106.492721557617,146.790786743164,121.506891800185,47.4414807643728,10.647071557002,0,115.592872619629,90.5104024602079,139.712732950846,43.2980011834039,105.272939046224,0,38.1393375743519,0,114.037358452292,118.628253936768,69.170473575592,165.482482910156,0,168.153925577799,64.1745816935664,133.776765823364,63.4660511532345,115.737762324015,71.4507725706888,0,165.911529541016,117.472991644167,80.1175441741943,124.520207722982,102.516925811768,0,0,103.448112487793,115.261627833049
8.17534863659558,113.687966664632,101.939685306034,68.9405091557747,94.092350853814,26.7757717238532,28.5725587138466,57.9749745913525,26.5706289020638,71.6972537000846,79.9971727828817,80.9225732521306,99.229951398126,113.616773854131,13.6518435582841,77.3222059522356,86.6883926391602,102.00731516921,145.58217723553,125.038808912146,102.028025113619,67.3201581730562,81.854326457362,84.7170190357027,71.8520882307479,146.20635816786,139.037443552262,122.429209223333,60.4890282869291,6.70650210424122,15.3625379236753,0,8.01663567393664,16.3625148409961,24.4906596292225,0,0,139.318133036296,81.4588710711553,0,0,177.708801269531,131.942204284668,186.349136352539,68.559119444627,132.322082519531,0,114.962283452352,0,190.340560913086,0,0,0,0,0,0,0,80.6777877807617,0,118.711163689108,0,181.132034301758,152.625374427209,115.513244628906,119.187747955322,113.133804321289,0,0,0,196.788569132487
9.79314101505821,71.5533440329812,46.2411792848331,43.8818776742297,0,113.866050720215,75.8657851219177,13.9006337067981,56.8615988466792,46.429110806072,68.7044821166992,88.5227521535513,0,108.883115407583,53.7408212418419,139.684020996094,52.8931362477384,49.8030191922446,103.002604998075,86.9427050211343,0,13.5732482451038,46.0946083373147,30.9180891807447,49.0268030240326,103.758276367188,95.2072514581947,79.8379526290758,24.6397603792965,15.3625379236753,7.44464836916393,0,100.644686381022,18.8818111055889,25.6583310965455,0,0,111.185385227203,58.7354944402521,0,0,148.920867919922,104.38037109375,0,57.1818253729079,0,0,118.899032592773,0,151.516789754232,0,99.9214370727539,129.858342488607,0,142.345397949219,0,0,57.0391495673211,110.381948471069,78.3390045166016,0,140.020344543457,116.90215423584,90.617081451416,140.62809753418,94.719352722168,0,0,113.181770324707,115.830230712891
0,55.1579322814941,70.8712966918945,68.2157440185547,0,0,0,139.358693440755,162.762748718262,0,0,23.9955131793844,0,8.65265294720462,0,0,0,72.0003910064697,33.6655186462402,65.2094224294027,0,0,0,92.6845359802246,0,37.1973323822021,7.91937017492124,10.1371289441155,139.559921264648,0,0,4.41299976037473,0,152.60514831543,60.9472312927246,0,0,0,0,0,0,0,0,0,0,0,0,0,0,0,0,0,0,0,0,0,143.074020385742,0,0,0,0,83.6449508666992,106.99034009661,0,0,147.010589599609,0,0,0,0
80.6943613688151,182.739944458008,81.90869140625,111.105199541364,146.275756835938,8.64755791150738,13.9934455295508,101.583286762238,14.7459637498738,110.765241146088,105.800920668102,74.1645178618254,103.16130045298,78.7152633666992,12.2136422787352,29.3635069119033,0,161.769874572754,196.135437011719,182.223459879557,122.779783248901,154.763336181641,111.461917877197,173.644012451172,108.204124026828,0,181.442092895508,204.314539591471,104.59946332659,8.01663567393664,100.644686381022,0,5.13191397598697,0,41.7838195121452,0,0,0,0,0,0,0,0,0,0,0,0,134.757879638672,0,0,0,0,0,0,0,130.221885681152,0,0,0,142.194091796875,0,209.351486206055,192.840148925781,136.801879882812,0,0,0,0,0,0
18.2914308713467,84.0716590881348,102.734767913818,52.870151651533,84.6208305358887,0,82.1918907165527,43.7706878831651,57.5282660091625,57.2000999450684,61.6214028408653,116.613240661621,116.802627563477,130.085536663349,24.7516388160487,0,68.6194610595703,92.0968366769644,126.022853851318,112.94419332651,89.3141555786133,62.4789093017578,55.1196906251727,77.4562157524957,57.5022851498191,138.630153656006,127.106640930176,108.59799041748,38.4710972556651,16.3625148409961,18.8818111055889,152.60514831543,0,6.36186565342462,18.595694474839,0,0,139.240737915039,68.0671026810356,0,0,0,124.213871002197,0,62.4784866333008,132.818298339844,0,132.87336730957,0,227.238739013672,0,0,0,0,166.806106567383,0,0,70.468391418457,0,101.495929718018,0,0,128.403411865234,110.981483459473,0,105.578201293945,0,0,0,0
36.6443955575266,46.9623605143817,43.5574649884863,56.0379084884197,95.7616500854492,0,63.6318202540278,65.2309187774231,58.5245878427153,72.7146982435363,77.8480727948233,23.8731285372586,92.2622085147434,29.8172458684827,39.15792194222,99.0914684931437,51.370463777938,23.7928103826774,55.155543655042,30.3365559041063,87.4998291015625,28.91159557383,59.4526557422621,37.5239064289944,67.1987891308097,41.552365221296,54.6956876851918,57.6140995738482,38.8927506178716,24.4906596292225,25.6583310965455,60.9472312927246,41.7838195121452,18.595694474839,11.2986749069104,0,87.0805755615234,94.3825167936437,84.931770324707,0,0,155.920471191406,146.232641855876,195.705291748047,71.225857925415,0,0,100.121172587077,138.192489624023,0,0,82.2052871704102,105.257451057434,105.487411499023,111.61173693339,0,112.47513071696,60.0360295495322,96.1356301741167,124.589917864118,79.5190162658691,90.5979956458597,91.8952657927328,114.445159912109,0,106.003997802734,0,0,0,103.326095581055
0,0,136.260576036241,108.125411987305,71.7962706429618,0,0,146.655654907227,0,0,0,0,66.7818632125854,0,197.621032714844,0,0,148.1814549764,0,0,0,0,0,0,0,0,157.116125742594,148.607958929879,106.492721557617,0,0,0,0,0,0,8.1296118969141,111.034473419189,103.099350970724,69.1649985413451,71.6975048912896,0,83.6551280831391,23.4017718691841,24.087866928208,57.7171114603678,56.6809472470244,142.282213413969,64.8209916819697,150.875619021329,9.95721571982041,80.4218273162842,68.2242426718435,111.877499171666,165.59440612793,129.113754721249,68.0876930482926,71.0505168369838,91.2564231327602,85.4992002759661,54.9234954281813,128.764106750488,119.033225761665,109.954862901381,42.5331416108159,11.0852335501258,13.0971014724244,155.940058390299,0,24.5203661378824,65.8190668029273
0,79.8853521347046,96.4251174926758,49.2250844034655,0,0,0,88.8955078125,0,0,0,73.7219797770182,0,69.5405813217163,0,0,0,77.062794821603,80.0507685343425,94.8131660461426,0,0,97.7767105102539,114.232192993164,0,52.9282151767186,79.5145476556593,77.7922781830901,146.790786743164,0,0,0,0,0,87.0805755615234,111.034473419189,7.7135496633675,35.6913799405633,18.642372236726,0,0,0,109.538879394531,126.507634162903,79.2220759536281,206.181976318359,52.1930264111223,133.277603149414,52.03499638731,124.702090944563,0,112.933311462402,47.4841622965676,64.4544839859009,47.9441492927266,0,75.6126136779785,20.914252894499,58.9814650300261,82.8117820194789,26.7285839816347,40.8186429071908,30.3646468371245,81.938995078758,118.691549218219,85.284107208252,65.1502814292908,0,0,48.8866147794222
132.944206237793,86.5570251710953,73.969403620545,67.5184446970622,0,0,168.098434448242,136.00821685791,175.299199422201,170.466851370675,156.002258300781,113.431941509247,0,112.135900224958,173.619024276733,159.072494506836,100.569529695331,83.5366867322726,123.700163523356,99.1954864994172,0,105.148173014323,82.2493682468639,93.5416649919215,134.326103210449,104.156122207642,84.4429100623498,82.403191550271,121.506891800185,139.318133036296,111.185385227203,0,0,139.240737915039,94.3825167936437,103.099350970724,35.6913799405633,8.4904618713989,36.2250463595757,0,179.566589355469,117.545280456543,86.5890743327591,114.566358222336,76.7341398941843,92.9808666395104,64.4665254068653,0,72.361159064553,114.001510801769,133.919339497884,55.3318620456263,13.2906580443021,62.3297523498535,41.9475303961984,157.740020751953,37.1093972821828,38.0627957073699,16.9085045298904,94.0619180613551,64.4239229474749,14.7248893442112,22.6283004451779,53.1376373486869,112.79474550883,46.0723103002559,78.7927500406901,165.637542724609,92.8217531840007,30.2898798809992
56.3120922782204,42.16146941185,52.9240007815154,33.789653813839,79.3390407562256,0,73.8717277163551,55.8938595156803,92.9407260806062,74.2596130371094,80.2089555418337,87.1935958862305,71.1213254928589,47.3271899223328,95.960339137486,45.1681976318359,78.320294120095,57.4397057753343,62.2935209274292,102.528289159139,79.611011505127,68.5915145874023,67.0843440055847,73.6493105570475,54.0025436245665,38.2376329558236,67.5922747160259,52.4378027839573,47.4414807643728,81.4588710711553,58.7354944402521,0,0,68.0671026810356,84.931770324707,69.1649985413451,18.642372236726,36.2250463595757,11.9053126113621,35.3477561657245,61.4478988647461,70.8103810310364,40.405629111556,80.0590932092001,7.19502802382053,55.1304949496655,40.8076251542204,110.719773292542,45.961117934355,78.3978814952699,47.5231786727905,33.0135451744343,50.8136546676223,47.9391117095947,56.0566550572713,85.2268892923991,52.2489507014935,45.4666013793041,56.3351505978007,19.4122126395953,23.804145085735,47.8501299125714,35.0797762763965,28.1279189736475,63.1684811016745,49.9380877728494,84.603343963623,102.412895202637,50.0414263186247,56.7441707877226
0,0,0,0,4.54399952008174,0,137.60945892334,122.415222167969,0,73.5735321044922,24.7581881770381,0,33.7158842609353,0,0,0,0,0,0,0,22.3381782609683,0,0,0,6.565053100406,0,0,0,10.647071557002,0,0,0,0,0,0,71.6975048912896,0,0,35.3477561657245,8.17049568402326,112.266426086426,63.3027903854206,62.8011370764838,80.429169522799,30.2040000221356,16.1903940171833,0,19.0246405782938,0,79.0194240223278,50.9058341457419,111.45873260498,0,0,137.613372802734,8.96717284358285,0,0,0,14.7054947239483,0,0,0,11.1508217942093,82.128294015647,95.8472747802734,0,0,81.8060427347819,78.9563016805563
0,0,0,0,0,0,0,0,0,0,0,0,110.752853393555,0,0,0,0,0,0,0,0,0,0,0,0,0,0,0,0,0,0,0,0,0,0,0,0,179.566589355469,61.4478988647461,112.266426086426,7.93128109277751,8.6336787744177,99.3927612304688,17.1114561488758,53.7977055636319,97.5032061408548,54.9193801879883,103.464362080892,0,27.4205759058362,11.4386601288105,0,0,0,0,106.015378316243,0,0,0,74.8011703491211,0,0,100.201114654541,98.6120376586914,26.3117476147858,90.2184371948242,0,10.2459848160778,0,25.0177216782211
0,0,0,0,60.7389644754344,0,131.736839294434,131.482487996419,164.410423278809,94.0987930297852,147.558575630188,0,65.5086556530874,0,0,0,0,0,0,0,85.3178100585938,0,0,0,122.216873168945,0,177.761901855469,168.163986206055,115.592872619629,177.708801269531,148.920867919922,0,0,0,155.920471191406,83.6551280831391,0,117.545280456543,70.8103810310364,63.3027903854206,8.6336787744177,8.00958002351633,55.8071185588837,15.2439662610766,31.9758734579896,21.2315464715397,165.447104875432,24.4074658197674,176.589055148038,30.829168862931,12.033966634555,102.907806396484,0,209.191879272461,151.055104573568,51.0613252363057,110.553927103678,121.582321166992,96.8170774359452,50.0445137015083,0,155.406616563063,151.995002746582,55.6110160832939,32.2009565334534,102.210541861398,173.703544616699,12.6867624237969,97.9068639654862,28.2904178690403
94.9663833618164,0,124.412101745605,108.548530578613,118.496304829915,0,114.122204971313,93.7374475267198,148.163199684837,83.0879516601562,119.241921901703,0,106.174174499512,0,133.277404785156,0,0,145.209209442139,172.857284545898,145.083679199219,135.959442138672,0,111.629776000977,107.505073547363,91.3962719257061,0,158.570400238037,143.775121154785,90.5104024602079,131.942204284668,104.38037109375,0,0,124.213871002197,146.232641855876,23.4017718691841,109.538879394531,86.5890743327591,40.405629111556,62.8011370764838,99.3927612304688,55.8071185588837,8.50571263999269,26.6850627614546,37.7970743824199,12.0931479424132,132.322171475025,46.004579612187,135.127683466131,20.3238884560698,74.5464859008789,42.7086751950498,97.4118227277483,123.067487080892,112.303618262796,78.7657330376761,43.917277696656,83.3778426306588,58.2264151951623,35.0722681863553,121.831020355225,115.039124198582,100.45305284917,13.3029943276386,42.2537993847801,11.647452981606,141.691284179688,97.5572509765625,42.8352324925936,51.1155151458324
0,0,156.818422589983,133.493408203125,90.0527411699295,0,141.958162307739,118.845541381836,0,0,131.085149129232,0,89.2762843861299,0,135.448059082031,0,0,143.013931274414,0,178.748428344727,104.184684753418,0,0,0,132.654350280762,0,159.72868347168,169.180363464355,139.712732950846,186.349136352539,0,0,0,0,195.705291748047,24.087866928208,126.507634162903,114.566358222336,80.0590932092001,80.429169522799,17.1114561488758,15.2439662610766,26.6850627614546,8.59798315886127,55.7274352709452,18.1385161143803,159.09365485371,69.1729154635824,167.161160234092,12.4451341673303,22.79257294043,84.1116214328342,174.329132080078,144.108474731445,140.064436912537,75.2643901230632,82.2112922668457,120.119448735164,91.8662487833123,63.7142805906616,172.822662353516,146.078775617811,136.677677681776,55.0577193052548,18.7154666886572,63.3212132087121,176.056208292643,11.5668066064243,111.179778205024,26.0827941515507
54.6471798337739,0,97.7093836466471,28.8257238978431,62.7597567240397,93.4194717407227,72.3929371039073,56.1066519873483,91.4470860407903,46.4751118251256,84.184202061143,0,57.3322743980252,140.412338256836,82.7313885158963,61.775815817026,0,116.642799377441,0,0,59.5353421811704,77.2805061340332,66.7820167541504,73.5360577901204,55.9993292342785,110.610725402832,134.598209381104,105.463938903809,43.2980011834039,68.559119444627,57.1818253729079,0,0,62.4784866333008,71.225857925415,57.7171114603678,79.2220759536281,76.7341398941843,7.19502802382053,30.2040000221356,53.7977055636319,31.9758734579896,37.7970743824199,55.7274352709452,6.05230227969906,48.0195706433589,106.405481610979,14.772169265084,109.182630750868,62.3714822003631,18.9084009969093,22.0424153754901,97.6509895324707,0,104.454954528809,21.3746043230405,43.0190932640663,10.4394261239661,55.6369966462601,11.7572026474786,85.6511856470353,99.4662584577288,86.6530052133509,27.0708450269869,60.8130786844889,48.0373247548803,108.832824707031,0,52.5699267272949,56.4979807929655
