9.04993911024408,0,60.8653325035459,70.698013539217,54.859972076416,69.9490979512533,47.7634852572185,22.8623781553645,21.199987465411,54.2937422047491,28.4846673778399,118.291687088013,58.2293156215123,140.463523864746,12.4317842433689,43.5794955166903,67.4520282745361,91.4512800216675,128.146861356847,108.634102765252,62.6523086284769,58.1510992483659,50.7371470063597,49.123852161446,48.5436877857555,0,116.606716659834,117.163259277344,19.5211004468656,9.07458587345976,13.0003358479761,135.090617370605,64.8185020895565,14.3065820652116,40.9485661773389,0,0,148.919692993164,0,0,0,0,104.275798797607,157.400482177734,0,126.688598632812,0,0,0,0,0,0,155.798080444336,0,0,0,0,0,0,105.493596394857,0,181.160110473633,165.714401245117,115.979808044434,148.780044555664,0,0,0,0,141.354461669922
0,8.86746968834504,34.2246829910784,18.9684935481318,0,0,0,94.3551254272461,0,67.6764674716526,0,56.6913649869926,0,42.1296176391073,0,0,68.1834591952237,49.0034186531516,66.5109274727958,56.1828070171809,0,82.751196043832,18.7131774762344,78.953593866149,78.2460056304932,24.1593922414689,45.1091335558159,32.0923610936254,101.971670670943,116.072631835938,106.629493430809,59.7656585161076,0,107.442985534668,59.6444556871134,0,94.7709045410156,108.903022766113,56.8533980051676,0,0,0,0,0,0,0,130.160167694092,0,70.965247074763,0,0,0,100.689921908908,106.89232635498,99.5389413833618,0,132.988998413086,104.654299418132,126.054766337077,0,57.5263586680094,98.3538431509947,98.2830400466919,0,0,122.647834777832,96.3282232284546,0,0,89.1147969563802
60.8653325035459,34.2246829910784,8.41594860819682,27.5166565636136,0,0,98.4575233459473,77.253104870136,95.1648725621841,86.9819157918294,110.514049530029,71.8133367261245,0,79.0865837962357,99.9828071594238,69.8822746276855,57.6059646606445,29.4214443232316,70.6011508962962,54.7155314376879,0,43.6730767620934,25.9608648531207,14.0046261337692,67.0841491699219,58.2463340759277,24.8268637927299,34.2338950640558,42.7580846294444,68.4330791410853,58.4438586366769,82.8901717049735,0,61.7329381306966,35.6633399862536,0,98.0278803507487,70.5592833243952,100.58588663737,0,0,0,0,0,0,0,127.419278826032,0,156.769912719727,0,0,98.8823654174805,94.3316421179936,141.81325785319,116.318789762609,0,91.2329112461635,39.8742690453163,83.0842293613362,0,150.072463989258,103.356302981906,75.0341794250638,0,0,134.999820709229,129.908782958984,0,0,102.767092704773
70.698013539217,18.9684935481318,27.5166565636136,29.2090051968892,50.55916879442,100.172911393015,83.35102373288,38.3945782742318,77.6625338479671,11.3557984768,69.7310771318822,61.9705825707851,69.4275759887695,38.9829537466671,73.7140095695775,65.4448061429537,58.9097056273677,46.2298761539705,66.0611939162351,55.5233670158386,78.5805345423081,42.2399240204605,22.0659135487211,45.4113113570184,28.3329183424182,18.6808363446442,40.402103277231,36.9609448584489,36.5547567316573,67.4512833922449,46.887114131518,58.83097735945,108.429230083119,45.814017607434,57.2427921806977,85.6110534667969,48.1156787872314,47.1915820272345,18.3778548681435,0,0,84.3822962443034,51.0611114501953,90.5853915744358,33.3835741678874,65.7268085479736,46.8315620422363,79.716791788737,42.7060421494877,98.0508689880371,42.8642959594727,0,83.530303137643,57.8030128479004,96.3739581637912,0,89.4843444824219,56.2789680957794,78.4935479597612,54.0563542565634,30.0223705976912,77.2053555575284,67.0837109852307,53.5956673092312,86.7428665161133,98.0477512904576,82.9272029583271,0,77.066520690918,85.8895736107459
54.859972076416,0,0,50.55916879442,8.24006478226029,108.659174601237,53.1502603308618,31.1161659282952,72.0057631195316,31.5324675175532,17.5015775397859,0,19.1700739947047,0,88.1352275801294,57.9224722181048,0,0,0,0,10.3413749252785,121.45401763916,96.6378955841064,0,10.5960852008619,0,0,116.723197937012,10.930418054409,72.0624938983822,113.066230773926,0,113.189168144675,65.2983614603678,71.3545662347524,133.910339355469,0,0,59.4662024180094,8.8918091900069,0,59.1681842803955,98.1792017618815,109.338007609049,78.1919326782227,68.570818456014,0,27.001906600653,0,0,0,0,0,0,0,8.48558450356508,0,0,0,91.3738948684966,0,0,0,71.095797668383,148.322689056396,0,0,0,0,102.495891571045
69.9490979512533,0,0,100.172911393015,108.659174601237,6.62574095886097,9.42756695476069,98.2891400655111,18.796955758121,91.6585352579753,94.4239804884967,66.7369006763805,87.3102940453423,74.7892990112305,32.1833114376316,15.6504696975612,0,0,0,0,112.821516854422,105.408007303874,96.7737449977709,0,87.3972993850708,0,0,119.220588684082,95.1519022854892,23.7461635116177,139.312927246094,0,7.55224592121327,0,31.2122073418538,0,0,0,0,0,0,0,154.562866210938,0,0,0,0,0,0,0,0,0,0,0,0,0,0,0,0,163.531768798828,0,0,0,144.729858398438,0,0,0,0,0,0
47.7634852572185,0,98.4575233459473,83.35102373288,53.1502603308618,9.42756695476069,7.44572717383942,51.1136730709054,15.6445883315825,73.0667932822224,23.86125800128,70.1427050696479,12.881417569368,78.9814427693685,24.5490121742037,12.5432908342261,80.6166424221463,0,0,131.550617218018,39.6750132935438,106.133847554525,83.0991825855954,87.1286427815755,52.8142067532207,0,105.81901550293,112.90015411377,55.8702291027883,24.9202746743023,83.1391443105844,91.5278244018555,16.8326773506449,50.2905628967285,26.5251870076034,0,0,0,0,0,0,166.265777587891,123.655956268311,161.728660583496,0,160.50112588065,0,0,0,0,0,0,0,0,0,0,0,0,0,133.499525282118,0,0,0,120.493213229709,178.218994140625,0,0,0,0,183.050094604492
22.8623781553645,94.3551254272461,77.253104870136,38.3945782742318,31.1161659282952,98.2891400655111,51.1136730709054,8.27897890483066,48.1257109595454,38.082487507472,13.6349226355915,97.045168096369,34.1463717308241,134.30647277832,21.3255574476013,54.8927265551032,64.6726106714319,83.4085264939528,0,99.054086473253,28.1167899307061,55.3717735980419,60.9267716103412,62.8153559997792,33.7254047955893,0,106.717376708984,83.9630683898926,17.3361014153086,32.7897694696453,12.8851788355855,0,99.3914239920822,37.9822960763401,44.8846161107963,102.11750793457,0,0,61.6387154862687,133.506622314453,0,127.077847290039,87.5864306167817,128.884217500687,70.6435797214508,105.90269752785,215.389175415039,119.278194774281,0,119.807024637858,81.4611663818359,117.830131530762,0,0,0,146.077655792236,0,101.129707336426,136.834487915039,87.571894161607,0,0,0,81.3416264404604,119.992561340332,99.5498911539714,0,0,116.533335004534,116.595240910848
21.199987465411,0,95.1648725621841,77.6625338479671,72.0057631195316,18.796955758121,15.6445883315825,48.1257109595454,10.4399530750292,73.2792608577743,21.8104324372724,75.2645119258336,28.2997560896722,77.2253341674805,13.9111456211256,24.2591863236594,80.8867514474051,104.457092285156,86.8571701049805,136.137650807699,67.9187621207947,94.931642804827,81.7718156930005,79.3095492194681,62.5985412683962,0,138.480952262878,129.417728424072,57.6432712528085,19.603658519721,68.3181988021075,153.183555603027,11.3684972395287,38.0659698457208,32.9132810004334,124.331807454427,0,0,98.3172583146529,0,0,145.680669148763,121.71762449845,160.726779937744,98.6380615234375,138.707756845575,0,146.584197998047,0,161.885368347168,167.09076944987,0,216.134735107422,0,0,0,0,136.082366943359,0,120.551721845354,0,0,0,118.530977319788,151.864345843975,134.160217285156,0,182.926300048828,154.886210123698,140.852233886719
54.2937422047491,67.6764674716526,86.9819157918294,11.3557984768,31.5324675175532,91.6585352579753,73.0667932822224,38.082487507472,73.2792608577743,9.19009553786172,55.6356251650078,136.162366231283,15.3760300127032,108.038847181532,76.315893458934,26.6795732437248,81.3660354614258,0,0,108.821784973145,41.1723249150419,81.1719017028809,28.695380962339,83.1171697889056,15.1844895535918,88.752460826527,108.181623186384,96.4536810980903,31.5949984513196,65.3628272430673,44.157012355074,114.738471984863,109.18586730957,52.3917776190716,61.5454443866957,0,0,0,32.2211666722451,0,0,0,94.0077285766602,0,49.8183113098145,0,0,69.5334281921387,0,0,65.5378204345703,0,0,0,0,0,0,45.2960739135742,0,60.2026504848314,0,175.131607055664,0,69.1241167130009,133.589752197266,0,0,0,0,0
28.4846673778399,0,110.514049530029,69.7310771318822,17.5015775397859,94.4239804884967,23.86125800128,13.6349226355915,21.8104324372724,55.6356251650078,8.89216930480192,0,19.566760263227,0,17.3979048470383,49.8808012277308,94.335823059082,0,0,0,18.7142577580776,98.6884094238281,87.2035756429036,83.5397288004557,34.2238812079098,0,0,122.673831939697,16.2680385568609,64.7733295552768,53.5269046858245,0,105.610216631208,40.9700022910718,68.6886202561228,0,0,0,59.7771339416504,14.1777161403294,0,172.115238189697,109.241603088379,158.877914428711,82.5922724405925,121.612319946289,0,128.589981079102,0,151.835235595703,0,0,0,0,0,0,0,0,0,102.178876604353,0,0,0,101.98723102438,141.656447410583,0,0,0,157.985336303711,124.390641784668
118.291687088013,56.6913649869926,71.8133367261245,61.9705825707851,0,66.7369006763805,70.1427050696479,97.045168096369,75.2645119258336,136.162366231283,0,11.2776657031941,0,16.1652979390919,89.2533988952637,0,108.300350189209,51.7566168476352,24.1630547751128,25.1875312794884,0,76.4213135475336,87.7254539695946,74.1140940797095,116.00754699707,28.0286210398004,22.9217698984864,60.9294348862385,108.103923139901,82.1631151214242,95.4410900216354,28.9846870833763,61.824634327608,107.862147521973,26.4792600046403,0,88.2219886779785,120.323468526204,57.6641456604004,0,0,0,0,0,0,0,93.280110168457,0,76.8489827756529,0,0,176.325820922852,121.007569965563,109.622875560414,106.622400171617,0,164.380828857422,96.0946782430013,155.154182434082,0,63.7462253257877,102.936509757206,99.8951689654058,0,0,147.557518005371,114.625293186733,0,0,119.176979064941
58.2293156215123,0,0,69.4275759887695,19.1700739947047,87.3102940453423,12.881417569368,34.1463717308241,28.2997560896722,15.3760300127032,19.566760263227,0,7.4290825941767,0,72.7468961015039,12.635019113955,0,0,0,0,10.9427052593245,113.265576680501,93.1734313964844,115.941680908203,18.7583509984279,0,0,0,33.0959550869139,73.7032006448774,60.0825462341309,0,88.9418261051178,72.8366181509835,58.6431897018129,0,0,0,55.8300105503627,29.8286445254371,0,56.0431698608398,0,83.5829010009766,0,27.9490483072069,0,10.1844116242068,0,0,34.0746994018555,0,0,0,0,12.0640441120163,0,0,150.469299316406,47.5599097235728,0,0,0,88.7859373092651,78.4206714630127,0,0,0,0,79.824239730835
140.463523864746,42.1296176391073,79.0865837962357,38.9829537466671,0,74.7892990112305,78.9814427693685,134.30647277832,77.2253341674805,108.038847181532,0,16.1652979390919,0,6.40449968913137,0,0,127.219184875488,86.6981204106257,48.4617307859124,68.2663177737483,0,120.84546661377,75.4603078185009,101.911130269368,102.211413065592,19.3556027379343,31.5331528966998,37.4182277656751,117.513366453109,87.2756992975871,119.267211914062,11.7759366920171,82.6250152587891,0,48.0823774760142,0,78.72535157815,122.526062011719,47.8057250335437,0,0,0,0,0,0,0,77.4190312978384,0,63.447966384391,0,0,183.217575073242,129.931554794312,89.079553552576,104.414510572279,0,134.915618896484,91.8961013572803,113.02747853597,0,53.2913690050072,87.8237026704324,84.0802094175824,172.791679382324,0,156.722615559896,86.852745926171,0,0,117.985265096029
12.4317842433689,0,99.9828071594238,73.7140095695775,88.1352275801294,32.1833114376316,24.5490121742037,21.3255574476013,13.9111456211256,76.315893458934,17.3979048470383,89.2533988952637,72.7468961015039,0,7.51912605061511,37.0742636947632,67.3466606140137,0,0,148.089219665527,92.9735572534964,81.9963722229004,78.167124701328,81.2341842651367,76.3478042429144,0,144.226008097331,146.294748942057,51.8564532226914,13.2508131489167,57.9169435046968,94.4957275390625,10.9572161199808,21.27676435678,32.4768088459969,0,0,0,92.3477798461914,0,0,159.417999267578,108.78889465332,165.58576965332,92.5811500549316,156.644500732422,0,0,0,0,0,0,0,0,0,0,0,0,0,150.429491678874,0,0,0,122.206884860992,163.371391296387,0,0,0,144.247299194336,163.663518269857
43.5794955166903,0,69.8822746276855,65.4448061429537,57.9224722181048,15.6504696975612,12.5432908342261,54.8927265551032,24.2591863236594,26.6795732437248,49.8808012277308,0,12.635019113955,0,37.0742636947632,7.88794889558616,0,0,0,0,59.3576225825718,79.4811954498291,66.573049388948,81.4868255615234,37.8799090746677,0,104.973297119141,93.6769231160482,54.7176321524161,34.134810124547,77.0743179321289,0,36.0305971552114,28.8778654734294,24.033969565345,0,0,0,79.007080078125,0,0,0,119.871723175049,161.289237976074,0,0,0,0,0,0,0,0,0,0,0,0,0,0,0,123.812278747559,0,0,0,112.190439224243,0,0,0,0,0,0
67.4520282745361,68.1834591952237,57.6059646606445,58.9097056273677,0,0,80.6166424221463,64.6726106714319,80.8867514474051,81.3660354614258,94.335823059082,108.300350189209,0,127.219184875488,67.3466606140137,0,13.5343564539621,83.6180513763428,117.432285308838,102.86516784668,109.791867574056,15.1117833268019,31.0054318762909,10.8830279290766,23.0184966883452,0,102.25719833374,27.9561789935375,27.2680038276661,52.4841862139494,36.4115887124306,121.98104095459,0,38.1170618057251,42.6964175174111,0,0,118.540480041504,108.903343200684,0,0,0,0,193.566360473633,0,0,0,0,0,0,0,0,0,0,0,0,0,108.932064056396,127.666519165039,0,0,156.617774963379,103.454951695033,0,0,0,0,0,0,135.725234985352
91.4512800216675,49.0034186531516,29.4214443232316,46.2298761539705,0,0,0,83.4085264939528,104.457092285156,0,0,51.7566168476352,0,86.6981204106257,0,0,83.6180513763428,8.2747844384516,61.1796042066102,28.0636972867852,0,40.2247703544786,56.2782765548053,17.4774091849762,81.2845198313395,69.0996466742621,22.8495289570543,49.8580391238552,85.8092012945211,80.1274338890524,64.753942106118,87.4754835275503,107.067314147949,108.815505981445,28.0314625984627,0,89.5688967023577,86.5986422554391,76.8478342692057,0,0,0,0,0,0,0,144.432987213135,0,112.2177734375,168.061325073242,0,123.226061820984,101.997033954489,139.580454508464,115.414535522461,0,127.174841308594,81.2962141036987,107.907919532374,0,82.7948913574219,100.94615559807,90.6854239153058,0,0,138.941497802734,159.413930257161,0,0,104.486094244595
128.146861356847,66.5109274727958,70.6011508962962,66.0611939162351,0,0,0,0,86.8571701049805,0,0,24.1630547751128,0,48.4617307859124,0,0,117.432285308838,61.1796042066102,9.13936138102349,14.0849592867254,0,100.601042429606,96.0587319594163,87.3842762641187,0,45.8921685567716,24.2591714697884,61.8611619875029,116.114909871419,114.192861987698,111.396243944081,51.1287784316913,88.7064590454102,0,60.1796127070683,0,106.588394165039,126.5274699818,115.689176940918,0,0,0,0,0,0,0,105.884579467773,0,82.3234746297201,0,0,0,137.520490646362,122.876560557972,111.705493795461,0,0,106.679866790771,143.512649536133,0,70.5126512967623,104.29257886482,107.432058000073,0,0,160.059457397461,119.03756089644,0,0,105.36018371582
108.634102765252,56.1828070171809,54.7155314376879,55.5233670158386,0,0,131.550617218018,99.054086473253,136.137650807699,108.821784973145,0,25.1875312794884,0,68.2663177737483,148.089219665527,0,102.86516784668,28.0636972867852,14.0849592867254,9.55690421256814,0,72.8373664981029,86.5999766129714,62.9980487823486,110.283215114049,46.6707527802722,24.7158533056245,60.5262161517168,87.6636230166596,98.8317307949066,87.6525457607265,61.9005944682103,88.3757629394531,101.072868347168,37.4982161600563,0,107.526829719543,104.784285856548,115.286268060858,0,0,0,0,0,0,0,122.446854727609,0,113.487210273743,0,0,166.547164916992,111.163425761692,123.14912084631,104.336772965412,0,115.093772888184,156.327253341675,123.142960103353,0,91.4089531734072,97.2371322291376,99.8015646264573,136.421104431152,173.784790039062,144.633503253643,119.193872769674,0,0,115.594651794434
62.6523086284769,0,0,78.5805345423081,10.3413749252785,112.821516854422,39.6750132935438,28.1167899307061,67.9187621207947,41.1723249150419,18.7142577580776,0,10.9427052593245,0,92.9735572534964,59.3576225825718,109.791867574056,0,0,0,8.34948344712794,0,118.526078542074,100.650245666504,18.4707061777297,0,0,0,24.5898872586251,75.5738619532254,0,0,114.491499582926,70.1196812849778,75.8856081697676,0,0,0,81.9343566894531,9.48403438499996,0,37.6139450073242,130.558181762695,0,0,93.7360572814941,0,18.6942979107555,0,0,0,0,0,0,0,12.8505151748657,0,0,0,82.320995092392,0,0,0,126.928431510925,138.177017211914,0,0,0,0,0
58.1510992483659,82.751196043832,43.6730767620934,42.2399240204605,121.45401763916,105.408007303874,106.133847554525,55.3717735980419,94.931642804827,81.1719017028809,98.6884094238281,76.4213135475336,113.265576680501,120.84546661377,81.9963722229004,79.4811954498291,15.1117833268019,40.2247703544786,100.601042429606,72.8373664981029,0,7.30798832255001,32.3723230811562,13.3648837326321,12.186489924024,106.430236816406,92.5221977891593,45.3699210321956,16.5023116131599,54.5438226064046,15.5386571243089,121.534084320068,115.269241333008,48.8214782946038,35.3092413215272,0,0,118.570877075195,0,0,0,0,0,0,0,0,0,0,0,0,0,0,145.729377746582,0,141.651733398438,0,0,65.7251445225307,121.530822753906,94.8558959960938,0,136.622800191243,110.244667053223,0,0,0,0,0,0,132.047409057617
50.7371470063597,18.7131774762344,25.9608648531207,22.0659135487211,96.6378955841064,96.7737449977709,83.0991825855954,60.9267716103412,81.7718156930005,28.695380962339,87.2035756429036,87.7254539695946,93.1734313964844,75.4603078185009,78.167124701328,66.573049388948,31.0054318762909,56.2782765548053,96.0587319594163,86.5999766129714,118.526078542074,32.3723230811562,6.67994367785804,33.8242717256849,12.9869944267972,65.3972507167507,77.5044566931674,32.6164127352212,31.7238610937589,55.3515715826125,39.0335044088818,92.3821983337402,108.348724952111,37.6946768088218,50.0971412260256,0,61.0804084142049,42.3151772042979,18.1492745280266,0,0,0,101.961397171021,0,69.7495562235514,147.046020507812,106.684753417969,0,100.656108220418,0,78.2341384887695,70.642182783647,87.5223536771886,165.751663208008,139.181131998698,0,73.41477394104,28.6027327205824,59.5506253469558,88.6761747087751,83.4784317016602,103.016285167021,54.1813575102358,71.7099151611328,113.991249084473,165.490928649902,171.223167419434,0,0,98.4641898018973
49.123852161446,78.953593866149,14.0046261337692,45.4113113570184,0,0,87.1286427815755,62.8153559997792,79.3095492194681,83.1171697889056,83.5397288004557,74.1140940797095,115.941680908203,101.911130269368,81.2341842651367,81.4868255615234,10.8830279290766,17.4774091849762,87.3842762641187,62.9980487823486,100.650245666504,13.3648837326321,33.8242717256849,10.6706893745546,38.1628382027149,95.3639625549316,60.8376928223253,29.3942697794564,16.6088396385823,53.3443285830609,27.4884645683821,100.744054927382,0,48.0030226085497,31.8501664370838,0,133.658332824707,84.9970317568098,54.7355995178223,0,0,0,156.056289672852,0,0,0,0,0,132.787261962891,0,0,128.882609558105,124.181337868295,146.543167114258,145.700840343129,0,104.438528442383,51.852666548082,98.7573085619056,0,0,128.886808333858,91.0625403930094,154.581878662109,0,183.279891967773,167.416137695312,0,0,110.839996337891
48.5436877857555,78.2460056304932,67.0841491699219,28.3329183424182,10.5960852008619,87.3972993850708,52.8142067532207,33.7254047955893,62.5985412683962,15.1844895535918,34.2238812079098,116.00754699707,18.7583509984279,102.211413065592,76.3478042429144,37.8799090746677,23.0184966883452,81.2845198313395,0,110.283215114049,18.4707061777297,12.186489924024,12.9869944267972,38.1628382027149,8.60527144701508,98.559928894043,105.816363408015,54.707317730328,11.6596714725494,57.4683055088625,35.103695418596,121.965858459473,102.490016712862,42.7317472883492,47.6923121557186,117.147804260254,0,115.140907287598,34.588155634263,23.1696434020996,0,123.334340413411,87.0145297580295,127.345021565755,54.4277298821343,101.009138006913,0,68.8099142710368,0,127.31396484375,67.8434410095215,0,153.430892944336,0,153.101821899414,108.885055541992,0,64.1456718444824,115.546752929688,65.8866616440907,0,153.75373840332,0,78.1301091449096,123.727835083008,0,0,0,114.799476623535,117.580444335938
0,24.1593922414689,58.2463340759277,18.6808363446442,0,0,0,0,0,88.752460826527,0,28.0286210398004,0,19.3556027379343,0,0,0,69.0996466742621,45.8921685567716,46.6707527802722,0,106.430236816406,65.3972507167507,95.3639625549316,98.559928894043,7.59228454545986,41.4835575813855,18.1105699748238,124.767143249512,87.7113647460938,97.0812187194824,45.2451344377854,0,0,54.5236210425695,0,49.892716884613,112.28581237793,31.2524200746383,0,0,0,0,0,96.8509368896484,0,60.89138678142,0,47.4387623791533,0,0,0,136.277526855469,80.2619412740072,75.2931942186858,0,0,66.6059682992788,165.751663208008,0,33.1019538336718,72.4784588405064,69.1336741258394,0,0,0,75.9940243191189,0,0,100.246948242188
116.606716659834,45.1091335558159,24.8268637927299,40.402103277231,0,0,105.81901550293,106.717376708984,138.480952262878,108.181623186384,0,22.9217698984864,0,31.5331528966998,144.226008097331,104.973297119141,102.25719833374,22.8495289570543,24.2591714697884,24.7158533056245,0,92.5221977891593,77.5044566931674,60.8376928223253,105.816363408015,41.4835575813855,12.8346549824873,28.6555939101915,89.6538839948938,108.898452879891,103.559194050967,23.1254744278372,92.9522743225098,0,58.2496424286411,139.576098850795,101.541046869187,83.2824530799268,90.281237351267,0,0,0,0,142.898529052734,174.378128051758,0,111.479703994024,0,91.2968475182019,156.520034790039,0,135.656103610992,93.0519231569017,109.872042020162,96.344586883111,0,123.427053011381,120.119494438171,104.702662608663,0,72.643709599577,86.9506144180584,89.4371756865905,139.661122639974,140.863580322266,134.516786702474,110.493220703125,0,135.632690429688,99.9989290042799
117.163259277344,32.0923610936254,34.2338950640558,36.9609448584489,116.723197937012,119.220588684082,112.90015411377,83.9630683898926,129.417728424072,96.4536810980903,122.673831939697,60.9294348862385,0,37.4182277656751,146.294748942057,93.6769231160482,27.9561789935375,49.8580391238552,61.8611619875029,60.5262161517168,0,45.3699210321956,32.6164127352212,29.3942697794564,54.707317730328,18.1105699748238,28.6555939101915,13.0538750076138,60.9160174973222,110.775759092519,98.6184216247746,27.8115116891796,0,65.1535924275716,57.6241239459629,145.712188720703,99.7163478677923,82.6753730773926,87.9370224531307,0,0,0,164.526519775391,144.926498413086,0,0,109.895910386915,0,87.3857123483374,0,0,127.164847237723,96.5950742493505,112.836590408185,102.738310973351,0,118.953436418013,65.0633385789161,98.0099746295384,179.690307617188,69.0562934755529,92.1973650372101,92.3603132543835,148.321720123291,156.631591796875,137.574724546621,111.713407426873,0,160.741348266602,103.060832280698
19.5211004468656,101.971670670943,42.7580846294444,36.5547567316573,10.930418054409,95.1519022854892,55.8702291027883,17.3361014153086,57.6432712528085,31.5949984513196,16.2680385568609,108.103923139901,33.0959550869139,117.513366453109,51.8564532226914,54.7176321524161,27.2680038276661,85.8092012945211,116.114909871419,87.6636230166596,24.5898872586251,16.5023116131599,31.7238610937589,16.6088396385823,11.6596714725494,124.767143249512,89.6538839948938,60.9160174973222,8.56958447988695,46.072396345145,17.3324082445756,120.673976516724,100.018442482784,34.6282297486525,43.1303257764193,136.518061319987,0,123.894927978516,56.3168029037176,9.03233357734486,191.499603271484,131.676923803381,87.6114027693465,127.389287829399,71.8529702163324,109.8972631426,0,111.796670584843,0,127.843029294695,110.183937072754,106.193885803223,138.858465576172,178.977096557617,0,127.525171279907,0,76.441042582194,152.495819091797,87.5089517433216,0,149.431997680664,141.270355224609,87.511451927282,125.604127832361,112.937927246094,0,0,118.840785217285,120.918528747559
9.07458587345976,116.072631835938,68.4330791410853,67.4512833922449,72.0624938983822,23.7461635116177,24.9202746743023,32.7897694696453,19.603658519721,65.3628272430673,64.7733295552768,82.1631151214242,73.7032006448774,87.2756992975871,13.2508131489167,34.134810124547,52.4841862139494,80.1274338890524,114.192861987698,98.8317307949066,75.5738619532254,54.5438226064046,55.3515715826125,53.3443285830609,57.4683055088625,87.7113647460938,108.898452879891,110.775759092519,46.072396345145,6.61385922955947,11.6127024186993,127.601123809814,13.3392617266915,9.42476029285668,28.4885818487072,147.064880371094,0,0,71.9998372395833,91.4761810302734,0,165.221155802409,116.182527542114,159.594072614397,0,134.088252067566,165.088775634766,147.32926940918,0,157.18857828776,0,179.401412963867,0,0,159.98454284668,0,0,177.535945892334,188.821563720703,127.707229069301,0,165.157017299107,151.372304916382,123.646078055246,161.423516845703,137.481307983398,0,194.168212890625,0,144.045104980469
13.0003358479761,106.629493430809,58.4438586366769,46.887114131518,113.066230773926,139.312927246094,83.1391443105844,12.8851788355855,68.3181988021075,44.157012355074,53.5269046858245,95.4410900216354,60.0825462341309,119.267211914062,57.9169435046968,77.0743179321289,36.4115887124306,64.753942106118,111.396243944081,87.6525457607265,0,15.5386571243089,39.0335044088818,27.4884645683821,35.103695418596,97.0812187194824,103.559194050967,98.6184216247746,17.3324082445756,11.6127024186993,7.91319266554459,121.934981107712,0,27.9652756837698,35.9416429185105,0,118.821159362793,121.748605728149,217.274795532227,0,0,134.336929321289,103.255925496419,127.399002075195,0,0,0,0,190.737869262695,136.581565856934,0,0,132.297894795736,179.898567199707,168.503574371338,0,0,0,210.252304077148,0,118.144897460938,149.521213713146,153.27250123024,93.2701873779297,111.054962158203,191.401123046875,176.48104095459,0,0,169.833396911621
135.090617370605,59.7656585161076,82.8901717049735,58.83097735945,0,0,91.5278244018555,0,153.183555603027,114.738471984863,0,28.9846870833763,0,11.7759366920171,94.4957275390625,0,121.98104095459,87.4754835275503,51.1287784316913,61.9005944682103,0,121.534084320068,92.3821983337402,100.744054927382,121.965858459473,45.2451344377854,23.1254744278372,27.8115116891796,120.673976516724,127.601123809814,121.934981107712,6.5802662380943,0,0,75.0357334231153,0,94.1511383056641,0,67.4419759114583,0,0,0,0,0,0,0,107.912663777669,0,86.1658264816992,0,0,195.002334594727,126.078085327148,115.224759238107,104.763378849736,0,0,129.968347549438,141.581570943197,0,70.5401767989964,102.15245163171,100.671010678774,0,0,154.628713607788,105.002953483945,0,0,143.142419433594
64.8185020895565,0,0,108.429230083119,113.189168144675,7.55224592121327,16.8326773506449,99.3914239920822,11.3684972395287,109.18586730957,105.610216631208,61.824634327608,88.9418261051178,82.6250152587891,10.9572161199808,36.0305971552114,0,107.067314147949,88.7064590454102,88.3757629394531,114.491499582926,115.269241333008,108.348724952111,0,102.490016712862,0,92.9522743225098,0,100.018442482784,13.3392617266915,0,0,4.37882294075283,65.1124057769775,33.7463397653694,0,0,0,0,0,0,0,0,0,0,0,0,0,0,0,0,0,0,0,0,0,0,0,0,160.857543945312,0,0,0,148.714599609375,0,0,0,0,0,0
14.3065820652116,107.442985534668,61.7329381306966,45.814017607434,65.2983614603678,0,50.2905628967285,37.9822960763401,38.0659698457208,52.3917776190716,40.9700022910718,107.862147521973,72.8366181509835,0,21.27676435678,28.8778654734294,38.1170618057251,108.815505981445,0,101.072868347168,70.1196812849778,48.8214782946038,37.6946768088218,48.0030226085497,42.7317472883492,0,0,65.1535924275716,34.6282297486525,9.42476029285668,27.9652756837698,0,65.1124057769775,6.85500045348098,10.5740013128431,0,0,123.827880859375,68.1907119750977,0,0,0,0,150.985801696777,0,137.376235961914,0,0,0,0,0,0,0,0,0,0,0,73.8939514160156,0,125.482788085938,0,0,96.9524726867676,117.98832484654,163.114410400391,0,0,0,0,138.499496459961
40.9485661773389,59.6444556871134,35.6633399862536,57.2427921806977,71.3545662347524,31.2122073418538,26.5251870076034,44.8846161107963,32.9132810004334,61.5454443866957,68.6886202561228,26.4792600046403,58.6431897018129,48.0823774760142,32.4768088459969,24.033969565345,42.6964175174111,28.0314625984627,60.1796127070683,37.4982161600563,75.8856081697676,35.3092413215272,50.0971412260256,31.8501664370838,47.6923121557186,54.5236210425695,58.2496424286411,57.6241239459629,43.1303257764193,28.4885818487072,35.9416429185105,75.0357334231153,33.7463397653694,10.5740013128431,11.0517119016556,153.114532470703,105.621940612793,93.0584828925855,86.4648323059082,0,0,184.764078776042,110.868835449219,172.856239318848,104.10767364502,126.871143341064,139.374032592773,121.589012145996,108.633257085627,190.518402099609,0,122.552450180054,119.136690593901,122.476182417436,112.482142346971,0,101.208391189575,64.2090157728929,107.73891805013,125.665112813314,92.5593788146973,104.736893373377,104.523500175886,113.25151645436,150.380340576172,145.717063903809,136.685538397895,0,0,139.430387878418
0,0,0,85.6110534667969,133.910339355469,0,0,102.11750793457,124.331807454427,0,0,0,0,0,0,0,0,0,0,0,0,0,0,0,117.147804260254,0,139.576098850795,145.712188720703,136.518061319987,147.064880371094,0,0,0,0,153.114532470703,9.47163926301653,98.1611070632935,93.8266067504883,58.7445856211137,66.0794720900686,67.5895891189575,44.0329741501227,22.2158891593428,19.124314343137,56.0366003248427,31.4812314713598,120.123013215906,58.8975939401766,133.001343621148,10.6347840760838,37.1208003651012,46.7164292217565,98.1124008178711,118.930914306641,112.769025914809,63.3530261230469,49.1691327871278,54.075675646464,73.3894729614258,55.1829321947221,0,119.186934273198,107.135965787447,35.8695616302757,8.54714385919497,18.8370577746794,140.765724182129,61.3514221191406,13.4299273540715,36.5685157730029
0,94.7709045410156,98.0278803507487,48.1156787872314,0,0,0,0,0,0,0,88.2219886779785,0,78.72535157815,0,0,0,89.5688967023577,106.588394165039,107.526829719543,0,0,61.0804084142049,133.658332824707,0,49.892716884613,101.541046869187,99.7163478677923,0,0,118.821159362793,94.1511383056641,0,0,105.621940612793,98.1611070632935,5.77232252454776,34.7743133697189,18.0866160327974,0,70.8189392089844,0,101.518630981445,89.6731414794922,0,0,68.0667420140019,0,47.5329897769176,0,0,79.6968875004695,50.2697652390918,75.712829721385,61.956417699014,0,79.3857138218024,10.1714630543061,61.9785021556507,92.0566533406575,20.9063751490489,43.3881277289501,30.6706136367872,86.6512196858724,97.3228467305501,85.6762113571167,69.5956264138222,0,0,56.3667173177394
148.919692993164,108.903022766113,70.5592833243952,47.1915820272345,0,0,0,0,0,0,0,120.323468526204,0,122.526062011719,0,0,118.540480041504,86.5986422554391,126.5274699818,104.784285856548,0,118.570877075195,42.3151772042979,84.9970317568098,115.140907287598,112.28581237793,83.2824530799268,82.6753730773926,123.894927978516,0,121.748605728149,0,0,123.827880859375,93.0584828925855,93.8266067504883,34.7743133697189,10.3811942880386,36.8904342134471,0,0,117.837924957275,74.7176254272461,114.424159123347,98.7367115020752,95.6225109100342,68.2224161529541,0,79.1650114388301,113.322228325738,113.967674255371,65.0173934045499,20.9489759875571,71.0635432581748,53.8372097829617,0,48.4316735353298,34.7331994948594,17.217290935953,87.8749202381481,71.3154563903809,22.082065596263,24.2183794325451,52.5832486723619,98.6289669672648,73.9246314206569,76.4463627997865,84.5274887084961,89.5627174377441,43.067216305855
0,56.8533980051676,100.58588663737,18.3778548681435,59.4662024180094,0,0,61.6387154862687,98.3172583146529,32.2211666722451,59.7771339416504,57.6641456604004,55.8300105503627,47.8057250335437,92.3477798461914,79.007080078125,108.903343200684,76.8478342692057,115.689176940918,115.286268060858,81.9343566894531,0,18.1492745280266,54.7355995178223,34.588155634263,31.2524200746383,90.281237351267,87.9370224531307,56.3168029037176,71.9998372395833,217.274795532227,67.4419759114583,0,68.1907119750977,86.4648323059082,58.7445856211137,18.0866160327974,36.8904342134471,17.1327364119315,102.343137887808,102.932042439779,77.7624866074207,32.0071799238998,77.1270107607298,8.28985829601757,56.3713318690781,40.4689115104029,43.3215824127197,32.6035350259384,71.9465945287404,37.5174592238206,51.4421592853687,50.2842894610237,80.214651743571,59.5472045898438,90.4003914727105,49.0405671579854,26.8991427785116,45.8585426681343,30.4725185390288,20.0915699444946,45.0891870045571,35.1110454608361,28.7310319232068,69.7309133376849,50.0397573665697,58.4071780024348,105.841507466634,58.5882391027502,59.5626169599527
0,0,0,0,8.8918091900069,0,0,133.506622314453,0,0,14.1777161403294,0,29.8286445254371,0,0,0,0,0,0,0,9.48403438499996,0,0,0,23.1696434020996,0,0,0,9.03233357734486,91.4761810302734,0,0,0,0,0,66.0794720900686,0,0,102.343137887808,7.70107253856381,115.089798609416,57.9020877803138,78.864385816786,82.9988098144531,20.4850658636827,17.7464991124282,0,19.7363425413795,0,76.0957864655389,65.3264534894158,110.468627929688,0,0,0,10.9613196352193,0,75.4181796482631,122.130741119385,11.836046848472,0,0,0,9.30479844186968,78.2334337660537,93.0416679382324,0,121.018796920776,73.068225315639,74.1237813753147
0,0,0,0,0,0,0,0,0,0,0,0,0,0,0,0,0,0,0,0,0,0,0,0,0,0,0,0,191.499603271484,0,0,0,0,0,0,67.5895891189575,70.8189392089844,0,102.932042439779,115.089798609416,6.65468860459894,9.70242758423082,86.6160801478795,12.7132399132449,84.2344932556152,93.3745790564496,54.2592397417341,50.6542372703552,66.2229995727539,26.2931541381998,13.3063359812641,102.507080078125,0,0,65.1994552612305,104.525999069214,0,98.0909591674805,93.2298884391785,100.560481207711,0,107.939292907715,116.671356201172,99.3560038248698,24.827741516961,105.386360168457,0,8.98588965254517,55.5754280090332,27.9414812647502
0,0,0,84.3822962443034,59.1681842803955,0,166.265777587891,127.077847290039,145.680669148763,0,172.115238189697,0,56.0431698608398,0,159.417999267578,0,0,0,0,0,37.6139450073242,0,0,0,123.334340413411,0,0,0,131.676923803381,165.221155802409,134.336929321289,0,0,0,184.764078776042,44.0329741501227,0,117.837924957275,77.7624866074207,57.9020877803138,9.70242758423082,8.30122243024069,46.7960240720498,14.3736756441614,57.9746415423945,16.7210366624848,59.3112666917884,17.2467298772806,174.813069661458,29.3837100472881,11.2314338268345,78.390265113429,152.971374511719,0,67.0022811889648,45.7521927747359,111.633781433105,78.0537514064623,86.6126263936361,48.4868638082683,0,163.579394870334,141.003126144409,53.4651668597879,27.9006032278758,78.1144381130443,181.212226867676,17.2010247310003,78.3996175130208,34.8836371009355
104.275798797607,0,0,51.0611114501953,98.1792017618815,154.562866210938,123.655956268311,87.5864306167817,121.71762449845,94.0077285766602,109.241603088379,0,0,0,108.78889465332,119.871723175049,0,0,0,0,130.558181762695,0,101.961397171021,156.056289672852,87.0145297580295,0,0,164.526519775391,87.6114027693465,116.182527542114,103.255925496419,0,0,0,110.868835449219,22.2158891593428,101.518630981445,74.7176254272461,32.0071799238998,78.864385816786,86.6160801478795,46.7960240720498,7.91307332662604,32.0274938901265,37.4279250151722,14.2602845202971,112.623303731283,47.4766869455014,187.88166809082,20.6946074534386,59.2741973583515,54.775706752654,95.4293685913086,140.383209228516,112.918073654175,82.3282333374023,39.9215975822286,58.204034661347,49.9928873697917,37.3537619333009,0,123.67862877479,94.4461259841919,11.2830745055253,32.0945701272069,11.6869890189101,0,96.2314313252767,42.6940916406316,47.5633025440743
157.400482177734,0,0,90.5853915744358,109.338007609049,0,161.728660583496,128.884217500687,160.726779937744,0,158.877914428711,0,83.5829010009766,0,165.58576965332,161.289237976074,193.566360473633,0,0,0,0,0,0,0,127.345021565755,0,142.898529052734,144.926498413086,127.389287829399,159.594072614397,127.399002075195,0,0,150.985801696777,172.856239318848,19.124314343137,89.6731414794922,114.424159123347,77.1270107607298,82.9988098144531,12.7132399132449,14.3736756441614,32.0274938901265,8.5926465903974,80.1531986392274,20.4258651342722,78.8731012220506,43.4995320582161,139.994695027669,14.2754025916036,21.2565991079929,76.9574469550181,138.578536987305,140.074513753255,131.026511192322,68.8630087292384,89.6392227172852,84.1573318347596,92.756965637207,70.1659106348648,0,154.110833909776,120.093664749809,54.7862398520367,22.4204331234475,60.9195687756567,168.393300374349,12.7310042352096,54.7402882185139,31.0009417847216
0,0,0,33.3835741678874,78.1919326782227,0,0,70.6435797214508,98.6380615234375,49.8183113098145,82.5922724405925,0,0,0,92.5811500549316,0,0,0,0,0,0,0,69.7495562235514,0,54.4277298821343,96.8509368896484,174.378128051758,0,71.8529702163324,0,0,0,0,0,104.10767364502,56.0366003248427,0,98.7367115020752,8.28985829601757,20.4850658636827,84.2344932556152,57.9746415423945,37.4279250151722,80.1531986392274,6.86644333244168,52.3246767456467,0,9.69717230736507,0,73.8499598093162,19.198410807131,19.7285888597563,115.350288391113,0,142.070190429688,33.637749922396,50.211176169546,11.0231677009356,63.0166398154365,21.4851177774372,97.0118560791016,109.725305829729,75.364790058136,31.9229043289174,68.4278882128521,44.3232579940205,0,106.535404878504,55.2313705357638,57.6993331727527
126.688598632812,0,0,65.7268085479736,68.570818456014,0,160.50112588065,105.90269752785,138.707756845575,0,121.612319946289,0,27.9490483072069,0,156.644500732422,0,0,0,0,0,93.7360572814941,0,147.046020507812,0,101.009138006913,0,0,0,109.8972631426,134.088252067566,0,0,0,137.376235961914,126.871143341064,31.4812314713598,0,95.6225109100342,56.3713318690781,17.7464991124282,93.3745790564496,16.7210366624848,14.2602845202971,20.4258651342722,52.3246767456467,8.63369695607022,0,19.2576375090397,201.413360595703,27.6562067511615,45.4865103070698,102.562065818093,178.825408935547,113.15552520752,135.297653198242,17.6704327269318,70.8832893371582,89.6769098917643,93.4342562357585,20.9266000753506,0,151.640916612413,117.532383728027,17.6592488086995,64.1119450069271,52.9972890805797,163.167027791341,95.4192730131603,58.081410179257,65.4194296480429
0,130.160167694092,127.419278826032,46.8315620422363,0,0,0,215.389175415039,0,0,0,93.280110168457,0,77.4190312978384,0,0,0,144.432987213135,105.884579467773,122.446854727609,0,0,106.684753417969,0,0,60.89138678142,111.479703994024,109.895910386915,0,165.088775634766,0,107.912663777669,0,0,139.374032592773,120.123013215906,68.0667420140019,68.2224161529541,40.4689115104029,0,54.2592397417341,59.3112666917884,112.623303731283,78.8731012220506,0,0,8.546193867323,0,19.2774378655924,72.7111614772252,76.9313812255859,115.841219815341,52.3053313833768,20.484258505903,17.1079764307281,133.02864074707,80.1675013265302,77.6503357696533,75.3566614300879,119.247119903564,21.1259761376613,30.2128846908335,58.0720768401363,104.419932427344,50.7514265567885,94.6777588746149,27.0518480288115,49.8288230021795,117.239582824707,24.0049845942086
0,0,0,79.716791788737,27.001906600653,0,0,119.278194774281,146.584197998047,69.5334281921387,128.589981079102,0,10.1844116242068,0,0,0,0,0,0,0,18.6942979107555,0,0,0,68.8099142710368,0,0,0,111.796670584843,147.32926940918,0,0,0,0,121.589012145996,58.8975939401766,0,0,43.3215824127197,19.7363425413795,50.6542372703552,17.2467298772806,47.4766869455014,43.4995320582161,9.69717230736507,19.2576375090397,0,8.20507857770063,0,57.7389231291684,10.323775046162,56.640510559082,0,0,0,13.8512193354036,0,54.8877416757437,0,20.4796168687947,0,0,0,40.7291755711755,76.9725157601493,155.900009155273,0,109.984439849854,79.3533866405487,76.4035015106201
