9.87023710634286,0,99.3588996858198,69.9086125772211,94.2713322793284,86.8152773720877,40.8686576636948,37.0941840505198,13.6699573566308,69.9422655413228,39.1344985727223,115.344998550415,105.711356341839,130.833407931858,15.125545881088,64.7771651928241,87.9028587341309,108.451295166844,138.305484098547,130.872812685759,97.9072116670154,77.994966650728,99.3062337875366,90.3766331017178,77.9865639234497,0,127.256112090254,129.263888123215,77.1322588284229,13.2447998106925,37.3262581020415,155.132695515951,81.273003578186,59.1848414983505,70.7971623479104,143.476370239258,194.265121459961,166.337476457868,114.6969611428,0,0,166.528495788574,137.257906272195,150.668592180525,123.102210998535,172.900690714518,0,168.881317138672,0,161.058373843922,0,151.171446800232,180.344551086426,0,0,150.745956420898,137.627139282227,147.178630828857,159.605583190918,130.357454387958,0,195.857666015625,173.985779633393,136.746605011354,171.856082569469,150.875118255615,0,0,158.310033162435,163.28076171875
0,7.00259568158627,38.8723350431098,12.8488068879457,112.050586700439,0,0,109.587635040283,146.554878234863,75.2467564429556,133.990966796875,75.5745048522949,105.004322052002,51.8847432883389,0,105.339300055253,62.8962032863072,59.0879987989153,98.3425498962402,70.4354215860367,192.126068115234,95.9406661987305,23.5721604272074,96.148489634196,83.7212186400423,17.0685211711718,54.8509812127976,24.6928480915113,110.439882738837,117.478626251221,112.870227813721,73.3510355949402,0,138.528030395508,81.4150156656901,0,32.5677127838135,76.734304179316,52.9380457136366,0,0,206.204391479492,120.152000427246,0,0,0,125.296051025391,0,143.004928588867,203.052825927734,0,122.756269836426,82.5020703209771,0,97.2945048014323,0,105.487955729167,103.592124938965,83.2527345929827,114.357205708822,60.1755332946777,92.9986057281494,74.0414635888461,132.531402587891,0,0,112.831245422363,0,0,102.987410227458
99.3588996858198,38.8723350431098,11.2988381465934,46.7623448146539,137.156094094981,168.797836303711,129.059422342401,102.185632677715,116.353404084731,110.771236921612,115.076147901943,106.852844840602,170.296458653041,99.9957125981649,113.751599494687,134.553102811178,90.4162783739043,40.9895079858925,103.593506041027,75.5780761871,151.090209960938,70.0941952765496,73.3690428557219,28.1195622219953,113.394239485531,107.118207295736,33.1354676472015,36.0596775526224,87.3347015512401,113.543492930423,75.9555394747424,99.6300432609789,185.538218180339,118.947451469226,72.2751097127694,164.084831237793,98.6791576517039,101.116172568832,80.8760874536302,0,0,196.778911590576,169.052282614786,191.179173583984,166.72151184082,191.318767200817,177.585642496745,0,154.325588989258,194.12365940639,166.6669921875,124.548810451846,108.957474942693,144.993982950846,122.825297256996,0,144.992390599744,120.302269829644,115.57191285511,158.090642755682,176.904998779297,111.275753914438,102.808027031147,166.961700084598,212.175104777018,160.567697991265,155.172760009766,0,0,122.102632522583
69.9086125772211,12.8488068879457,46.7623448146539,13.612157519062,60.0451311284846,118.322823842367,79.3996468735887,60.9752909144795,78.8810364918679,34.2992849177152,72.0859031267064,75.8496662008351,79.0693148588523,39.1346063044534,90.2686189159549,58.066212634651,39.5154950596413,57.7196487678276,80.0508111523044,75.7391845949234,79.8859562541163,62.5698699951172,35.1135677760085,54.583250947733,39.4996969820578,20.4376210634181,55.4524176247352,34.8534135504709,55.820648090182,75.2911124165853,62.1222291103629,53.5574067831039,118.443630981445,64.0328898429871,72.7933689508683,104.836356480916,66.1920527380866,77.6992833614349,19.6206186191456,89.5790691375732,0,102.077623748779,81.9751963759914,105.995684264136,27.8018572226815,97.4435013991136,116.161969502767,140.915393829346,70.5516902630146,102.953948720296,44.5305137634277,72.8419670104981,74.9515301386515,105.804080581665,83.7136113484701,102.757522583008,75.7208304452424,59.6209178447723,82.3107474563468,68.1206672892851,43.1046607771585,63.4902824726511,62.4512695068716,83.3790913780264,102.381866809934,77.7643174330394,73.30406443278,0,87.1691093444824,86.7089912777855
94.2713322793284,112.050586700439,137.156094094981,60.0451311284846,9.50628701435884,115.079643249512,51.4127940629658,54.9257254544426,95.982042642945,32.9703529657436,17.1353856211472,163.906573704311,21.8322391916405,186.728172302246,109.568036592924,47.5592221247007,78.0057373046875,162.939706166585,0,176.720742797852,14.7651213415005,97.4644597371419,59.0586528778076,131.312211990356,19.0917723019804,159.233200073242,147.359433174133,139.846296081543,12.3569523047094,95.0748077420627,105.060163180033,0,130.485939025879,75.9056098662227,97.1985791440042,167.30347442627,145.512153625488,0,101.15753993988,25.0088226069356,0,142.65646302965,131.65206775968,156.987415495373,84.3018418153127,139.416412408403,182.708908081055,130.77538440102,192.558013916016,174.0925877889,109.300884246826,0,200.045944213867,0,181.417907714844,137.958383139078,187.290435791016,164.424204508464,185.161056518555,106.576878013793,0,221.290008544922,200.610145568848,131.046784076691,175.624727319788,151.333648681641,0,210.039031982422,196.814056396484,175.539118149701
86.8152773720877,0,168.797836303711,118.322823842367,115.079643249512,7.66014591085112,8.50581837713644,119.846133422852,17.1915572984195,94.9692733764648,111.511514362536,77.3557477678571,83.0123487619253,0,35.9112783925602,16.1531591023408,228.047821044922,166.76078578404,123.093128204346,0,120.799382527669,102.459007263184,96.248664855957,156.781785583496,95.1425978342692,0,181.174752807617,187.472318013509,128.374984741211,26.7764588764736,112.672039031982,0,10.7107014384574,56.6916236877441,77.6525400335138,0,0,0,0,0,0,183.329986572266,187.196939086914,185.251220703125,0,0,0,0,0,241.054397583008,0,0,0,0,0,0,201.505325317383,0,0,182.097808837891,0,0,227.727981567383,181.464398193359,0,174.501113891602,0,0,0,0
40.8686576636948,0,129.059422342401,79.3996468735887,51.4127940629658,8.50581837713644,11.1278884065055,55.963141758784,20.531430340541,81.7232525136211,27.5306770071449,99.310843868532,18.8430582487548,129.979176065196,37.5536671505986,16.1294361800404,98.7222671508789,138.360468879579,135.719431304932,155.248155536074,38.0180605962129,110.924819277044,92.3174882616316,122.414872988306,75.1612431516066,0,150.602156972009,156.96914510524,59.8118041227427,45.8009902101882,90.0655111944561,138.01229095459,19.481568647353,41.63418922231,87.9517674196522,153.892263793945,0,207.457703908285,121.029154641288,148.957818857829,0,163.601453381915,147.548803795709,167.029238190314,119.866630859375,162.635136555151,213.084631783622,163.65333366394,0,180.606604911186,146.16236114502,168.294479370117,214.684900919596,0,236.749908447266,161.613011446866,178.903765360514,159.358654022217,197.933191152719,133.757872806896,0,214.602722167969,204.223564841531,148.973365443413,182.118918910171,173.094281514486,0,236.929183959961,182.814425150553,173.120328463041
37.0941840505198,109.587635040283,102.185632677715,60.9752909144795,54.9257254544426,119.846133422852,55.963141758784,10.2710923106501,65.6793379028882,57.6329547675552,17.7103836390279,158.476796417236,53.4073539294785,174.176123301188,39.0166121271658,74.7570680222421,91.5249895208022,129.059838819074,175.644907633464,156.266810062953,86.7080394824346,69.3457881732579,83.5443420024833,89.9066047668457,58.4044771687738,0,129.473623570309,113.705263142113,26.6668724845371,58.049420257359,20.0547584145334,174.965438842773,127.315515790667,63.9170287886628,86.5525452875028,143.952344374223,154.797760009766,168.739258214047,100.068320093928,140.465588496282,0,143.288295269012,128.870245577109,151.34856695599,92.8292553765433,140.402615356445,221.943267822266,139.365684509277,0,155.416717445457,159.12419128418,144.593930093866,181.502283732096,219.038780212402,194.184368896484,146.058348083496,144.20009297338,124.908336094448,157.351472129285,113.133044324831,0,196.244248526437,166.436082826812,128.640155215822,162.699015964161,139.234343318616,0,215.437141418457,150.566175672743,151.651339126846
13.6699573566308,146.554878234863,116.353404084731,78.8810364918679,95.982042642945,17.1915572984195,20.531430340541,65.6793379028882,12.5779230233015,82.1741652885267,45.3312929803459,79.66080956796,85.0040265301389,103.6599337415,18.4800432043412,32.7282501791308,119.97984568278,128.858260406243,122.735523901253,136.231507285899,93.4264255443089,98.133749563863,96.1069503263994,110.541466418923,85.8332232188676,115.759722709656,141.948783261788,143.60740787672,88.3114328565581,36.3081352551382,73.787662033972,134.874757385254,16.8285556465726,68.7142608719643,65.8183050402607,166.567071353688,205.037628173828,181.540024280548,112.236520996094,176.188896179199,0,165.350428808303,148.333081682991,165.249692143621,112.27462447317,164.538785743713,231.236013793945,202.010533650716,156.857192993164,177.842158378439,0,151.412317911784,191.420375823975,0,230.054211425781,172.152702331543,173.037018996019,162.660125732422,191.937291020932,138.904154434012,237.112075805664,207.951709747314,190.642030630539,145.805494122099,173.965782888312,160.444928741455,0,216.585754394531,154.727617117075,172.011344485813
69.9422655413228,75.2467564429556,110.771236921612,34.2992849177152,32.9703529657436,94.9692733764648,81.7232525136211,57.6329547675552,82.1741652885267,8.19170127129418,70.9910567851549,144.727072866339,10.9770774381081,115.329438924789,86.7337503192805,20.5391752984564,83.7736344770952,121.853548796281,144.389572143555,145.248638982358,42.6237434167128,79.5911358692607,28.6805490246092,109.888158679008,20.9005379660917,100.672329142556,121.14783115387,101.908904202395,49.3789728960244,69.671549183851,59.3280016268629,135.380305203525,125.060420445033,63.2121259156648,72.3995855422247,112.41329498291,184.024658203125,134.761281694685,63.0431925600225,99.0317834924768,0,123.491891225179,82.2807364212839,119.174458256474,35.0560447502136,108.369308770872,166.346603393555,101.306915283203,0,116.125230012117,67.2019577026367,105.812992858887,151.826038360596,0,156.654403686523,104.788580189581,127.832344055176,0,161.902156829834,68.3234791024331,0,198.374186197917,171.802543903219,91.3940856742859,118.282422746931,92.2519829489968,0,0,100.73814646403,119.193923314412
39.1344985727223,133.990966796875,115.076147901943,72.0859031267064,17.1353856211472,111.511514362536,27.5306770071449,17.7103836390279,45.3312929803459,70.9910567851549,9.73439805604737,150.247600870395,22.5720746714299,177.81623113723,50.5326996366662,62.2935228323996,85.0218912760417,141.975067273308,181.771716031161,173.620653788249,17.0678691297697,83.6530834866553,104.275851176335,105.384242527376,65.3952167597852,0,143.960571956207,142.09502019109,26.5076773533454,86.0252993352507,66.2473541918174,189.952523803711,118.915762080703,73.9571208012731,92.0333044432082,167.706634521484,191.639266967773,184.518558277803,106.286670872423,143.180586868609,201.026138305664,153.910286017224,142.259645290129,162.844727578475,109.071332077753,153.868764814637,225.938299996512,148.078689793178,0,174.59684199503,166.81861114502,165.709664481027,194.063789367676,0,0,155.406196244266,170.545764160156,160.185041427612,178.913679122925,122.722014629914,207.431442260742,207.088363647461,191.257821703714,141.014201402242,179.251653301182,158.736634572347,0,232.25617980957,162.815832955497,174.011734875766
115.344998550415,75.5745048522949,106.852844840602,75.8496662008351,163.906573704311,77.3557477678571,99.310843868532,158.476796417236,79.66080956796,144.727072866339,150.247600870395,11.8186192692172,154.267415214987,25.6098072295908,77.0404909636538,92.1563898722331,111.928100585938,58.4230858921789,17.0836325427484,23.5127490758896,158.614427046342,100.289026516587,94.4546725533225,97.4605625984364,155.245334740841,20.6809832534644,31.8962991224098,58.8714885707793,157.566668733637,61.7224974060901,117.932196033093,45.2766574478884,61.4655063540436,99.9158407592773,28.7788741219928,0,145.78406829834,136.941968282064,98.6269859313965,0,0,0,223.114433288574,222.223690032959,169.518367343479,0,63.6334084730882,0,76.6086301482126,227.294715881348,0,0,176.802551269531,94.0556082725525,116.020891825358,0,0,167.599553426107,167.077326456706,204.44828338623,82.4997351169586,99.7202719193471,107.846584320068,209.231381007603,226.046966552734,0,93.5991949601607,0,203.101806640625,135.469342549642
105.711356341839,105.004322052002,170.296458653041,79.0693148588523,21.8322391916405,83.0123487619253,18.8430582487548,53.4073539294785,85.0040265301389,10.9770774381081,22.5720746714299,154.267415214987,8.0118137915712,150.203852335612,107.787405269031,14.4222068546752,203.33137512207,187.278986612956,189.941757202148,180.452842712402,11.2689718792135,121.400489807129,62.0690686543783,165.839492797852,19.4442707290479,0,168.496280376728,142.442021687826,52.1087079653839,101.122643046575,117.501865040172,188.523071289062,120.179658253988,84.092283855785,98.9505546183526,204.948150634766,0,0,94.8829498291016,104.228970421685,234.83415222168,162.402745863971,164.876269749233,174.981991975204,116.270021057129,143.291207671165,0,31.5270229354501,0,187.298185076032,116.722680409749,0,0,0,0,101.192526769638,0,0,0,121.784982383798,145.48908996582,0,0,147.64084779894,204.569282531738,0,0,0,0,167.908421107701
130.833407931858,51.8847432883389,99.9957125981649,39.1346063044534,186.728172302246,0,129.979176065196,174.176123301188,103.6599337415,115.329438924789,177.81623113723,25.6098072295908,150.203852335612,7.75568974730471,101.654600603827,113.93052037557,117.46614074707,92.4249078659784,48.7887771110953,66.899254850162,174.411993408203,113.78854115804,84.5558983055321,137.434763128107,138.611343383789,13.271694948023,46.2810480109264,23.9287611620858,187.465724945068,91.5117696221195,156.216626485189,16.4070097550535,88.2335357666016,120.196685791016,63.8892474528483,0,120.881367402918,198.132369995117,77.8078993956248,0,0,0,245.697601318359,233.133636474609,160.151760864258,0,74.0344847270421,0,77.261498086724,0,0,0,204.952941894531,88.0790899176347,117.052127838135,0,0,142.881429036458,0,214.427592686244,77.9833164581886,93.1027374267578,101.00156682865,224.966941833496,134.867172241211,0,93.202491644657,0,0,121.946099853516
15.125545881088,0,113.751599494687,90.2686189159549,109.568036592924,35.9112783925602,37.5536671505986,39.0166121271658,18.4800432043412,86.7337503192805,50.5326996366662,77.0404909636538,107.787405269031,101.654600603827,9.53404222860905,54.3803654814188,112.644969940186,123.962351387425,107.774498974835,120.994136117788,101.600739853374,93.5525825294906,98.2747644696917,105.597165375178,97.4363493317539,99.9048737419976,137.680249668893,132.208646935153,94.6096287105807,22.4678980056874,63.8427035274152,115.460792541504,15.4724649055241,40.060906087651,51.2682716614755,171.691214425223,205.199813842773,188.920544433594,124.474555969238,162.714508056641,0,182.396553887261,151.70058625609,173.93764759944,138.902972630092,177.737384796143,222.092163085938,169.190017700195,141.934112548828,178.7414894104,0,144.104682922363,213.88424987793,244.016036987305,0,0,184.10799407959,0,187.417147549716,149.336436638465,197.3779296875,207.575956726074,185.26815032959,154.74319126997,178.84523044933,166.505113601685,0,0,167.742645263672,167.803592681885
64.7771651928241,105.339300055253,134.553102811178,58.066212634651,47.5592221247007,16.1531591023408,16.1294361800404,74.7570680222421,32.7282501791308,20.5391752984564,62.2935228323996,92.1563898722331,14.4222068546752,113.93052037557,54.3803654814188,8.27448148966914,0,137.198830286662,154.029262542725,134.390329996745,52.0239613118596,84.7773548473011,67.8991053622702,121.992630591759,39.9955469527335,145.901754760742,143.513799314146,136.153581915961,66.887822032305,48.8599074517979,89.212594350179,143.502685546875,37.3741006777268,31.2613162274631,59.6740050620221,0,0,176.830474853516,0,0,0,171.149696350098,140.843982696533,159.262439434345,0,154.917724609375,0,202.787567138672,0,173.135917663574,0,0,0,0,0,148.691802978516,165.932052612305,0,178.398338317871,128.28309391163,0,0,175.656188964844,148.974672529432,166.109024047852,152.87718963623,0,0,160.60489654541,171.535925292969
87.9028587341309,62.8962032863072,90.4162783739043,39.5154950596413,78.0057373046875,228.047821044922,98.7222671508789,91.5249895208022,119.97984568278,83.7736344770952,85.0218912760417,111.928100585938,203.33137512207,117.46614074707,112.644969940186,0,12.5617110274214,96.5535074094447,144.559459686279,112.624820391337,0,24.227956395763,27.5546857086794,21.255932388454,30.5734094500374,115.155895233154,102.346614020211,36.1835443391058,46.3169605593983,110.761030050424,70.5673368729372,0,172.335739135742,75.8539261451134,86.6526865768433,0,156.140289306641,123.63557434082,61.4534500014614,0,0,203.881261189779,144.229017145493,156.600354875837,119.833592732747,151.474857875279,165.872489929199,0,222.501586914062,160.601282119751,128.437561035156,93.2516900591631,124.570665486654,0,179.118831634521,0,110.549227782853,51.9677230710906,99.7269116996889,111.032980969078,0,149.272743770054,107.906906469748,117.92333462707,139.321290152413,111.735452107021,0,0,115.771398925781,115.621256123418
108.451295166844,59.0879987989153,40.9895079858925,57.7196487678276,162.939706166585,166.76078578404,138.360468879579,129.059838819074,128.858260406243,121.853548796281,141.975067273308,58.4230858921789,187.278986612956,92.4249078659784,123.962351387425,137.198830286662,96.5535074094447,12.4581339416653,60.7130102581448,20.7829058536035,201.704950185922,63.1981881478647,81.8552252754333,29.8746048194489,125.422227895038,69.6657840183803,30.8551417723488,68.3360329380293,122.286456893162,96.4744577135359,81.5514910351184,82.8482931631583,185.565118408203,87.0410782663446,42.7642045503139,216.470054626465,116.674890371469,112.483494711923,91.3452463651958,0,0,207.509338378906,185.547959391276,207.115936279297,0,200.483657836914,158.322891235352,0,188.514892578125,206.563273111979,0,132.922634124756,116.936441005621,152.834798177083,124.999161646916,0,157.616668277317,117.829451424735,139.377976787334,173.018645019531,156.530120849609,115.961114829946,113.157335379831,184.371898485267,182.548595852322,169.328472900391,153.152282714844,0,0,132.19749420166
138.305484098547,98.3425498962402,103.593506041027,80.0508111523044,0,123.093128204346,135.719431304932,175.644907633464,122.735523901253,144.389572143555,181.771716031161,17.0836325427484,189.941757202148,48.7887771110953,107.774498974835,154.029262542725,144.559459686279,60.7130102581448,7.10199939965198,14.2753350274697,176.137683868408,118.079210169175,122.019729614258,101.531838902256,170.662233352661,48.9785113652547,35.6463162751021,58.4546677614788,184.895942687988,95.5535264867515,119.822952270508,52.7491484374711,93.4998512268066,116.071273803711,52.6947526867948,207.872711181641,142.633491516113,139.222835540771,135.47149810791,0,0,0,212.086242675781,211.730621337891,209.154332478841,0,92.4520206451416,0,93.193395199983,0,0,0,173.297882080078,104.154695453066,170.485074361165,0,0,159.770467122396,168.663360595703,242.954961140951,87.4133601379394,104.137696623071,108.89229603906,232.970016479492,0,195.452682495117,118.537199232313,0,0,122.628079732259
130.872812685759,70.4354215860367,75.5780761871,75.7391845949234,176.720742797852,0,155.248155536074,156.266810062953,136.231507285899,145.248638982358,173.620653788249,23.5127490758896,180.452842712402,66.899254850162,120.994136117788,134.390329996745,112.624820391337,20.7829058536035,14.2753350274697,9.17886910819828,181.248028564453,97.6792518188213,100.316109877366,82.7172204681689,156.397049515336,49.9562964743756,31.7384381180426,64.086079136986,144.715895266146,101.242128516352,108.715172479844,61.0520284058618,154.030927022298,103.098817104763,42.4486735458075,198.113510131836,120.121452331543,132.006434941696,117.23990908536,0,0,201.082489013672,0,209.904146466936,170.150716145833,199.715225219727,130.221402486165,0,125.818175820743,0,0,147.597002665202,133.856671651204,121.346072110263,125.791091587233,0,175.306466674805,175.026626586914,164.377416338239,183.43354288737,111.678450902303,114.534781193995,120.388166139452,216.835030295632,213.257339477539,200.57568359375,113.224695205688,0,0,146.084566388811
97.9072116670154,192.126068115234,151.090209960938,79.8859562541163,14.7651213415005,120.799382527669,38.0180605962129,86.7080394824346,93.4264255443089,42.6237434167128,17.0678691297697,158.614427046342,11.2689718792135,174.411993408203,101.600739853374,52.0239613118596,0,201.704950185922,176.137683868408,181.248028564453,10.5969956855756,153.55998840332,73.86847559611,185.52517191569,19.2496895723245,156.645294189453,177.267705917358,159.83098929269,36.4005902312685,97.1005442006964,143.117956161499,173.612243652344,134.266247749329,85.4668951292296,95.1173444161048,138.687292098999,0,212.855987548828,112.780087280273,21.8781928783098,0,154.368421936035,150.306468278934,164.757951423303,100.239702744917,149.767948600816,0,56.8147820178852,0,180.260829925537,0,0,0,0,0,37.4820595043315,0,169.224670410156,0,115.993903555463,193.967330932617,0,197.455385843913,135.222681988952,183.635684967041,0,0,202.985214233398,174.563944498698,167.142310248481
77.994966650728,95.9406661987305,70.0941952765496,62.5698699951172,97.4644597371419,102.459007263184,110.924819277044,69.3457881732579,98.133749563863,79.5911358692607,83.6530834866553,100.289026516587,121.400489807129,113.78854115804,93.5525825294906,84.7773548473011,24.227956395763,63.1981881478647,118.079210169175,97.6792518188213,153.55998840332,11.5113889156314,51.5758323687898,27.6781762892367,24.4628105786404,143.871536254883,109.246528006889,69.136897599475,24.9237659982678,59.3262386895181,29.9320322908366,134.517623901367,150.272750854492,32.3432524960149,43.1266264381932,130.467879704067,137.036972045898,137.827383225964,74.7319163322449,0,0,171.407836914062,130.706670388408,175.703460693359,127.477146148682,146.389370727539,216.975257873535,0,0,148.634890056792,0,113.366581803661,163.779375076294,0,191.091873168945,196.454071044922,115.988243889263,73.6717910766602,118.774046183176,117.119867683179,0,162.511297052557,137.158648844785,119.514179077148,139.892236792523,117.573306871497,0,0,127.975774492536,123.608234606291
99.3062337875366,23.5721604272074,73.3690428557219,35.1135677760085,59.0586528778076,96.248664855957,92.3174882616316,83.5443420024833,96.1069503263994,28.6805490246092,104.275851176335,94.4546725533225,62.0690686543783,84.5558983055321,98.2747644696917,67.8991053622702,27.5546857086794,81.8552252754333,122.019729614258,100.316109877366,73.86847559611,51.5758323687898,9.93708353402037,51.4234889964263,27.485952551321,58.2840914076868,84.780768989858,33.7230893889426,57.1915286555973,63.6585351084615,56.4128263023767,102.233496529715,0,58.1107939295022,73.0578213178194,101.509098052979,0,97.5669887645824,27.1240980398087,136.298629760742,0,185.837173461914,98.7279137059262,139.063063049316,66.7808709144592,133.484907786051,163.840202331543,155.442138671875,122.691375732422,150.424459457397,0,55.4311369404648,126.258627827962,149.415229797363,139.589248657227,0,69.5745410562676,19.4109881718953,72.909596157357,75.310233208441,108.147018432617,127.031806544254,99.5874533263392,93.9644915597481,119.174802144368,75.9240253118821,143.275955200195,0,75.1572736104329,96.6185063448819
90.3766331017178,96.148489634196,28.1195622219953,54.583250947733,131.312211990356,156.781785583496,122.414872988306,89.9066047668457,110.541466418923,109.888158679008,105.384242527376,97.4605625984364,165.839492797852,137.434763128107,105.597165375178,121.992630591759,21.255932388454,29.8746048194489,101.531838902256,82.7172204681689,185.52517191569,27.6781762892367,51.4234889964263,16.2499019589851,75.142328579021,0,68.4197668198565,47.6295608933864,57.4273957435171,81.4936144938449,53.4864906613568,136.988642605868,162.839429582868,65.3362264694706,50.0613279088476,156.338530222575,132.742653846741,108.805007876108,80.0704919029685,0,0,187.301509510387,158.612551842966,188.341105971225,102.514137268066,162.140210469564,167.101862589518,0,159.883323669434,189.30548168364,155.717529296875,103.631278430886,126.427889319027,153.798004150391,157.551698230562,0,118.737204852779,72.4749230320014,112.292707399959,135.19790975059,118.817970275879,143.308225743911,109.468913272234,146.119369269242,184.997801644462,121.045867485336,0,0,134.422139485677,125.25919077068
77.9865639234497,83.7212186400423,113.394239485531,39.4996969820578,19.0917723019804,95.1425978342692,75.1612431516066,58.4044771687738,85.8332232188676,20.9005379660917,65.3952167597852,155.245334740841,19.4442707290479,138.611343383789,97.4363493317539,39.9955469527335,30.5734094500374,125.422227895038,170.662233352661,156.397049515336,19.2496895723245,24.4628105786404,27.485952551321,75.142328579021,9.47026174288195,116.678093418931,127.703870937909,78.8338408354521,14.9343738266081,75.3154366281762,67.7184692718101,181.117767333984,136.642717633929,67.7606121244885,82.0936544536489,121.602989751642,152.150410970052,151.845671682647,77.3881127328584,115.112758541107,172.606353759766,127.287931593202,113.036742346627,135.670521047841,71.6118387247061,123.857612551624,205.508518642849,117.625686472112,188.069213867188,143.59043613463,141.222541809082,108.709356188774,159.473739013672,0,211.191486358643,126.013677114464,119.247460837676,101.31892535561,137.033748571424,95.2755598708331,192.94477335612,183.151424114521,157.275299246985,111.40217810866,142.048401355743,123.033164150744,219.262557983398,196.918441772461,130.125411323879,137.835327193851
0,17.0685211711718,107.118207295736,20.4376210634181,159.233200073242,0,0,0,115.759722709656,100.672329142556,0,20.6809832534644,0,13.271694948023,99.9048737419976,145.901754760742,115.155895233154,69.6657840183803,48.9785113652547,49.9562964743756,156.645294189453,143.871536254883,58.2840914076868,0,116.678093418931,7.98864450484071,35.0174858525114,16.6284437687375,123.508555094401,91.5837168693542,149.134148733956,42.5771345865159,0,0,58.9987803141276,0,84.3853759765625,0,40.0992710709572,0,0,0,0,180.428771972656,144.986521402995,0,74.3809985536518,0,66.9976203838984,163.327631632487,0,0,128.829378763835,73.0745754241943,111.327942657471,0,0,131.380048116048,143.049926757812,127.274353027344,40.1669416954504,70.7002931439705,73.2143834057976,204.139678955078,215.69206237793,138.046661376953,77.3168464073768,0,0,125.055603790283
127.256112090254,54.8509812127976,33.1354676472015,55.4524176247352,147.359433174133,181.174752807617,150.602156972009,129.473623570309,141.948783261788,121.14783115387,143.960571956207,31.8962991224098,168.496280376728,46.2810480109264,137.680249668893,143.513799314146,102.346614020211,30.8551417723488,35.6463162751021,31.7384381180426,177.267705917358,109.246528006889,84.780768989858,68.4197668198565,127.703870937909,35.0174858525114,18.4448967899582,40.2045042932055,124.039594641866,120.948846803585,110.400120934287,26.6003377664657,173.335788380016,131.889209438015,70.651681786621,169.840885162354,110.715321992573,116.758920070103,95.1115427017212,0,0,225.246795654297,190.171372307671,206.479760487874,185.715138571603,192.27927507673,106.622384045575,0,97.328465461731,205.655288696289,198.281265258789,151.993000411987,115.961427560124,100.861885277001,120.682866167666,0,160.968139648438,142.156986660428,145.105180709088,181.590287307213,84.7285541245917,102.48510872321,104.911783668165,200.200947265625,193.450183105469,179.30903486772,108.744545314623,0,0,126.649755624624
129.263888123215,24.6928480915113,36.0596775526224,34.8534135504709,139.846296081543,187.472318013509,156.96914510524,113.705263142113,143.60740787672,101.908904202395,142.09502019109,58.8714885707793,142.442021687826,23.9287611620858,132.208646935153,136.153581915961,36.1835443391058,68.3360329380293,58.4546677614788,64.086079136986,159.83098929269,69.136897599475,33.7230893889426,47.6295608933864,78.8338408354521,16.6284437687375,40.2045042932055,15.8198346742412,81.2614277272597,115.019047126621,111.437606401722,21.6327023079271,96.2227153778076,120.850486263152,72.3944984637237,178.30778503418,106.383523950166,99.8457206065671,57.5594690790716,196.623306274414,0,197.902850811298,163.370843737313,186.103982007062,179.680434502496,177.906602042062,111.37026327382,187.011154174805,94.873989552959,188.918066471181,242.205993652344,105.855155360473,111.73498487752,106.802460660217,112.058905219526,239.703079223633,137.52090215683,102.929761175382,112.085570269449,158.708504638672,74.0923209898374,98.5044146614392,96.6055191633169,159.268391397264,187.837355651855,155.450936166864,105.929192556462,111.082809448242,154.379165649414,117.373483671237
77.1322588284229,110.439882738837,87.3347015512401,55.820648090182,12.3569523047094,128.374984741211,59.8118041227427,26.6668724845371,88.3114328565581,49.3789728960244,26.5076773533454,157.566668733637,52.1087079653839,187.465724945068,94.6096287105807,66.887822032305,46.3169605593983,122.286456893162,184.895942687988,144.715895266146,36.4005902312685,24.9237659982678,57.1915286555973,57.4273957435171,14.9343738266081,123.508555094401,124.039594641866,81.2614277272597,11.282995274202,78.426878616788,46.4271699552032,168.942794799805,137.729914615029,67.7052287817939,77.4803207424694,132.814713905598,186.399391174316,160.209613037109,88.4695812683105,129.751065261604,180.620300292969,145.334939416849,119.205059877892,148.636555158175,84.1125815810671,142.14988566643,204.502169291178,141.317305776808,192.563232421875,149.484119321222,158.162831987653,120.06906611745,171.619276780349,226.093258666992,198.431190490723,146.45162081251,127.874088870778,106.395076585853,143.462056060791,110.400373423403,0,199.130153309215,157.576519527951,121.359453775658,147.895428849836,128.010885329474,0,202.754847208659,131.945583289778,143.264255662679
13.2447998106925,117.478626251221,113.543492930423,75.2911124165853,95.0748077420627,26.7764588764736,45.8009902101882,58.049420257359,36.3081352551382,69.671549183851,86.0252993352507,61.7224974060901,101.122643046575,91.5117696221195,22.4678980056874,48.8599074517979,110.761030050424,96.4744577135359,95.5535264867515,101.242128516352,97.1005442006964,59.3262386895181,63.6585351084615,81.4936144938449,75.3154366281762,91.5837168693542,120.948846803585,115.019047126621,78.426878616788,9.5564469870359,25.1664808683547,105.994885958158,11.5716575572838,15.2755964384926,39.4995207039448,145.32046063741,0,168.546338762556,93.5596860688308,161.495948791504,182.846923828125,184.883480418812,132.582800425929,164.492257792155,102.68133836634,177.443806574895,212.508560180664,155.197067260742,139.474723815918,163.040856090944,0,123.628356933594,173.744010925293,190.572547912598,216.567405700684,198.681159973145,127.179013338956,195.964157104492,168.326905992296,136.651954548241,135.376220703125,184.666280110677,170.1946043396,134.28258840283,158.026560974121,134.766694082341,155.767974853516,0,148.614770777085,161.676696900398
37.3262581020415,112.870227813721,75.9555394747424,62.1222291103629,105.060163180033,112.672039031982,90.0655111944561,20.0547584145334,73.787662033972,59.3280016268629,66.2473541918174,117.932196033093,117.501865040172,156.216626485189,63.8427035274152,89.212594350179,70.5673368729372,81.5514910351184,119.822952270508,108.715172479844,143.117956161499,29.9320322908366,56.4128263023767,53.4864906613568,67.7184692718101,149.134148733956,110.400120934287,111.437606401722,46.4271699552032,25.1664808683547,11.2447973589181,156.074865722656,118.640869140625,34.0538727792275,39.5506369426106,133.789175155315,161.352462768555,156.891335296631,79.565340476461,0,194.024917602539,170.424069722493,123.235460969444,161.952000254208,90.7677586253096,172.309303977273,202.97681427002,0,200.143646240234,151.310821016928,155.993843078613,119.739430875194,167.312698364258,0,193.105313618978,230.794692993164,122.298386032517,91.6185449872698,139.085172479803,122.042726875848,161.142303466797,183.250927264874,160.437624673995,121.921536566803,147.101942311163,122.872365140915,0,182.346343994141,136.244736878768,143.028540826613
155.132695515951,73.3510355949402,99.6300432609789,53.5574067831039,0,0,138.01229095459,174.965438842773,134.874757385254,135.380305203525,189.952523803711,45.2766574478884,188.523071289062,16.4070097550535,115.460792541504,143.502685546875,0,82.8482931631583,52.7491484374711,61.0520284058618,173.612243652344,134.517623901367,102.233496529715,136.988642605868,181.117767333984,42.5771345865159,26.6003377664657,21.6327023079271,168.942794799805,105.994885958158,156.074865722656,7.69969331770892,101.371185302734,0,77.8381537387246,0,133.57861995697,0,120.367837524414,0,0,0,0,0,198.475082397461,0,102.547557067871,0,90.1017673906073,0,0,0,183.430811564128,97.0395584106445,139.985458374023,0,0,165.386459350586,0,0,86.1214653297707,99.2431165477898,108.337707987371,0,205.05793762207,0,101.641435623169,185.684875488281,0,106.797790527344
81.273003578186,0,185.538218180339,118.443630981445,130.485939025879,10.7107014384574,19.481568647353,127.315515790667,16.8285556465726,125.060420445033,118.915762080703,61.4655063540436,120.179658253988,88.2335357666016,15.4724649055241,37.3741006777268,172.335739135742,185.565118408203,93.4998512268066,154.030927022298,134.266247749329,150.272750854492,0,162.839429582868,136.642717633929,0,173.335788380016,96.2227153778076,137.729914615029,11.5716575572838,118.640869140625,101.371185302734,5.08890064605517,0,44.976869081196,0,0,0,0,0,0,0,188.59912109375,0,0,0,0,0,0,0,0,0,0,0,0,0,0,0,0,191.590356445312,0,0,0,182.908259073893,231.920974731445,0,0,0,0,227.468101501465
59.1848414983505,138.528030395508,118.947451469226,64.0328898429871,75.9056098662227,56.6916236877441,41.63418922231,63.9170287886628,68.7142608719643,63.2121259156648,73.9571208012731,99.9158407592773,84.092283855785,120.196685791016,40.060906087651,31.2613162274631,75.8539261451134,87.0410782663446,116.071273803711,103.098817104763,85.4668951292296,32.3432524960149,58.1107939295022,65.3362264694706,67.7606121244885,0,131.889209438015,120.850486263152,67.7052287817939,15.2755964384926,34.0538727792275,0,0,7.33901597300772,32.877986997366,132.000938415527,0,176.799051920573,87.2180862426758,176.892478942871,0,146.551402500698,126.129182404163,154.345709482829,98.3347396850586,151.235397338867,209.711479187012,216.566146850586,0,154.770912715367,0,112.315064324273,185.485214233398,0,0,0,119.965387026469,58.7472724914551,152.338568793403,123.152041559634,0,0,175.258358764648,121.463280713117,150.975265834642,128.999558375432,0,194.733032226562,108.531867980957,139.912853040193
70.7971623479104,81.4150156656901,72.2751097127694,72.7933689508683,97.1985791440042,77.6525400335138,87.9517674196522,86.5525452875028,65.8183050402607,72.3995855422247,92.0333044432082,28.7788741219928,98.9505546183526,63.8892474528483,51.2682716614755,59.6740050620221,86.6526865768433,42.7642045503139,52.6947526867948,42.4486735458075,95.1173444161048,43.1266264381932,73.0578213178194,50.0613279088476,82.0936544536489,58.9987803141276,70.651681786621,72.3944984637237,77.4803207424694,39.4995207039448,39.5506369426106,77.8381537387246,44.976869081196,32.877986997366,13.1351706279465,131.413222312927,120.805112838745,117.820658789741,82.2255944824219,135.500263214111,0,176.078005109515,139.566443846398,172.362059116364,111.508525848389,183.366979980469,157.721478780111,204.529247283936,160.45711517334,177.207643706223,0,120.027644293649,126.180737813314,148.367290496826,162.279842376709,213.754425048828,127.092450247871,113.326634407043,129.881225512578,143.644785943432,124.074846903483,129.124723473374,120.466382152156,138.051323115477,164.999093569242,134.545806376139,138.964580535889,226.898010253906,177.896202087402,155.603160040719
143.476370239258,0,164.084831237793,104.836356480916,167.30347442627,0,153.892263793945,143.952344374223,166.567071353688,112.41329498291,167.706634521484,0,204.948150634766,0,171.691214425223,0,0,216.470054626465,207.872711181641,198.113510131836,138.687292098999,130.467879704067,101.509098052979,156.338530222575,121.602989751642,0,169.840885162354,178.30778503418,132.814713905598,145.32046063741,133.789175155315,0,0,132.000938415527,131.413222312927,12.0017805342372,116.725215366908,118.932314468642,70.8614549929379,94.841742515564,70.2076263427734,98.1875282287598,20.0108462930167,51.0274771363993,72.0107825646034,85.1579359444705,124.202606308628,100.881576538086,161.672579956055,19.0635763914053,97.2446014404297,108.245765686035,97.8714241648829,135.886837601662,120.483618657141,101.811699676514,73.3454444166543,81.3652944946289,93.6905711491903,78.3716536338285,193.371470133464,120.974009801471,133.445633665044,76.441319334598,17.9327041027939,19.3226654123231,152.80989074707,91.9177529471261,50.8049087524414,70.7843304690542
194.265121459961,32.5677127838135,98.6791576517039,66.1920527380866,145.512153625488,0,0,154.797760009766,205.037628173828,184.024658203125,191.639266967773,145.78406829834,0,120.881367402918,205.199813842773,0,156.140289306641,116.674890371469,142.633491516113,120.121452331543,0,137.036972045898,0,132.742653846741,152.150410970052,84.3853759765625,110.715321992573,106.383523950166,186.399391174316,0,161.352462768555,133.57861995697,0,0,120.805112838745,116.725215366908,9.99150375268233,46.3329808976915,27.7364269748063,108.46976852417,0,129.920425415039,122.921176332416,132.328703038833,79.3248618689558,134.110795974731,66.7035253871571,99.513313293457,60.1905722687658,141.40185508728,112.49698425293,62.2792567034237,51.9681534434474,83.1400267111289,61.7992650729753,0,88.2144785342009,28.3644500194236,69.7759500976302,84.192666090761,29.637791687961,53.0638571690909,34.4792587930834,101.812380751518,141.023838043213,110.263204696331,71.3005714416504,0,113.349123636882,64.481668264559
166.337476457868,76.734304179316,101.116172568832,77.6992833614349,0,0,207.457703908285,168.739258214047,181.540024280548,134.761281694685,184.518558277803,136.941968282064,0,198.132369995117,188.920544433594,176.830474853516,123.63557434082,112.483494711923,139.222835540771,132.006434941696,212.855987548828,137.827383225964,97.5669887645824,108.805007876108,151.845671682647,0,116.758920070103,99.8457206065671,160.209613037109,168.546338762556,156.891335296631,0,0,176.799051920573,117.820658789741,118.932314468642,46.3329808976915,12.5084618919905,50.0947557316503,128.378377532959,165.456932067871,128.374687069237,87.4919210628639,113.980656544703,111.47481262207,98.1393348375956,127.506674357823,196.83927154541,104.383725484212,116.452680240978,134.654161453247,91.6285803658622,37.3509497564534,96.5049491188743,61.1489056348801,161.666606903076,64.6321893692017,55.513401678053,28.5617774430796,104.513993044934,121.174964904785,35.5136825916414,29.4839197235209,81.1871842698699,143.658594044772,92.8076243179257,89.8078473409017,173.808525085449,126.52571021186,76.1496225169007
