10.1585096522377,132.984819030762,98.6375714980345,70.9790311634031,92.9120187759399,83.5590161410245,70.0488089511269,39.2534604197191,34.0858681612968,71.5851487840925,40.8089190183302,108.761033899644,109.64213104248,135.843881607056,16.8341037733657,90.7341515677316,105.244873046875,104.178694146421,144.755935668945,129.899712730856,96.3699705335829,79.4509692909443,102.634238503196,90.2839202933187,79.1290649745775,142.221832275391,119.051816202799,124.041880164348,83.3367089779578,15.5974611776351,32.9328503785188,166.289840698242,81.0405746806752,69.4264383951823,82.5374953208431,153.945724487305,0,162.39638449929,101.210477556501,0,0,152.547035217285,145.168443395736,160.51047668457,128.573616027832,192.495796203613,0,174.674697875977,0,167.821431841169,0,0,0,248.322067260742,0,0,172.468139648438,162.456901550293,161.295809936523,129.549449157715,0,0,163.87431880406,137.136310032436,170.591772079468,135.603317260742,0,0,159.61434173584,160.787569318499
132.984819030762,5.98334461123949,37.3889803796444,10.962375931966,101.32563357883,129.852096557617,143.572601318359,119.796977303245,133.192809104919,76.907349053143,133.523157293146,75.5635261535645,97.2206146240234,46.2641139711653,136.250852584839,105.008506254716,81.1554862712992,48.291449858055,72.9338100978306,57.7254520373398,139.286193847656,98.7714576721191,17.168625662695,61.2973007657635,87.1199728895765,14.9921263788466,44.3319569020658,24.9824064532413,107.163991222643,99.8343916672927,110.14601465861,0,191.369171142578,132.29541015625,52.1968000751652,161.915908813477,81.8664770126343,65.9609116100874,43.8835519154867,0,0,0,138.220058441162,180.33190536499,145.299606323242,171.636947631836,0,0,113.91389465332,170.147270202637,0,132.450874328613,73.8974659659646,0,88.7193627790971,0,101.084098815918,77.1140022277832,99.0802261352539,140.763807816939,89.0354776382446,70.9516863279705,69.6647527855887,177.841718885634,0,141.43674659729,201.352447509766,0,0,110.468993186951
98.6375714980345,37.3889803796444,13.2139452907589,43.6835807681896,145.809577415729,179.37287305749,128.532000965975,99.4736607247369,117.606795810131,105.961573991619,116.057911027123,105.188854687834,155.846327039931,95.3167407823646,116.292749656592,133.113236904144,87.222937360222,43.194535060635,97.0218439102173,79.5952786974087,163.630818684896,67.0446149754821,45.4246433745039,26.9786958786075,115.778739091289,89.4177398681641,32.0246106501304,31.9951373164262,88.3917634403479,119.981844995188,80.0952453230401,85.0922666277204,172.815984974737,120.076542729917,72.5417828025818,195.682673136393,98.2219185462365,95.1171039266324,100.520663619041,192.937782287598,0,204.045206705729,170.181110211273,191.712980973093,154.869424438477,190.921227195046,166.949417114258,0,148.982711791992,191.882768758138,217.14958190918,121.125629321949,99.9541710131096,141.359945933024,120.520783023558,0,127.239401681083,70.388546090377,108.330383898548,159.796784120447,116.378698730469,99.889328088461,95.1946947270856,158.522819169071,208.498604910714,151.334868691184,0,0,0,116.637711122812
70.9790311634031,10.962375931966,43.6835807681896,12.4850191878381,63.5194404465812,120.572212855021,82.3057568250736,71.20449174635,80.1707718136753,30.5084895766524,77.5882302944937,47.2089187120536,78.0420295830929,33.0973216876751,84.4584395062976,71.9422879815102,38.3410917690822,58.4820054809828,72.0770828117759,64.1003313298811,79.6862519004128,58.9553560588671,20.1133229316899,59.2997479923827,41.7433023957221,14.521876682741,50.8245881253122,35.6233318933225,63.2170543275957,77.1238036155701,64.7426656439669,51.2539348602295,121.318472120497,66.8891847839355,69.4753367424011,89.3087904188368,37.0564986410595,59.4078836527738,19.7073187000495,94.1455374497634,0,109.594957015094,82.864344736011,99.3262330971512,44.9328101720565,103.692830986447,127.512336730957,97.6044137137277,84.7933753967285,103.333284606934,100.677843729655,66.1433799939278,70.8684849316561,91.492524210612,72.9594564437866,91.2368055979411,70.2830707180885,69.343646636376,72.5234404558911,58.8552702616197,85.6095512935093,65.0893082226978,60.4326868518031,74.0189167966811,112.725875037057,78.0767858108418,92.7367630004883,0,83.6580063501994,80.4791890924627
92.9120187759399,101.32563357883,145.809577415729,63.5194404465812,10.6052445221051,117.218595504761,55.2994808908461,46.9469918557422,108.637765272384,42.4943799344107,30.5953064487369,171.656122843424,36.3619657152353,182.704627990723,110.116982558678,63.4223054464761,72.1833553314209,178.66175587972,214.098999023438,197.442092895508,11.8789050239234,129.065984725952,69.5418243408203,142.492205047607,18.9181923556246,0,168.612902127779,130.220876279085,17.9528382306857,100.221041518763,108.030865280717,0,141.690176156851,85.7999839782715,104.693638188498,159.536758422852,204.230491638184,184.191384887695,106.882959577772,42.0626228372494,0,140.133275897004,138.281938750168,158.439890368231,84.4916894435883,150.168352407779,153.392364501953,78.7939653087545,0,176.170344426082,126.803224182129,170.949348449707,0,229.129455566406,0,41.9124472487593,0,0,178.09981918335,104.49125758231,0,239.157127380371,196.25628226144,137.891039405629,165.801575400613,145.491828918457,0,0,143.35701751709,173.421949114118
83.5590161410245,129.852096557617,179.37287305749,120.572212855021,117.218595504761,7.555255164709,11.9938422628159,125.487155490451,18.8112602404141,69.7178353203668,112.703285147291,69.3321747779846,109.352933275831,85.621592203776,32.2382636953283,16.8049292763403,0,175.445536931356,0,193.417938232422,120.364730199178,143.282577514648,126.471546173096,160.160765838623,96.7528216622093,0,187.633433948864,190.212071736654,129.771828902395,27.3570931812502,134.702973937988,0,12.2345622183774,0,58.8038673400879,0,0,0,0,239.983520507812,0,239.998809814453,178.909372965495,217.160522460938,0,0,0,0,0,0,0,0,0,0,0,125.61856842041,0,0,248.741989135742,193.461265563965,0,0,0,193.440346854074,208.560150146484,0,0,0,0,0
70.0488089511269,143.572601318359,128.532000965975,82.3057568250736,55.2994808908461,11.9938422628159,11.999710991577,60.9145259721745,20.4875056432037,76.6968192654755,31.443505350917,105.934989171485,23.4520710055874,116.993006675474,40.7714620960658,20.586613104966,120.948229471842,135.987885331034,143.852748325893,164.919603271484,46.9167523212682,122.812133041083,111.915089198521,119.519451628698,78.3775221073805,162.324401855469,147.070254975177,156.889663544712,62.366271702116,66.31942627757,90.4958962820918,0,25.1131149591439,96.9105229505243,92.1296284117482,178.774586995443,238.781936645508,186.691035551183,122.99900000436,163.508462905884,0,156.258537569913,144.359354797022,165.251980121319,131.534999847412,167.686652079116,233.999333699544,164.339047692039,0,181.736802277742,0,169.156509399414,201.736129760742,242.979034423828,227.820098876953,139.949908144334,183.451904296875,152.303144454956,196.106822713216,131.414534302532,0,216.916478474935,190.330710411072,151.240940648859,178.314010111491,172.024375221946,0,0,171.243446350098,175.810656229655
39.2534604197191,119.796977303245,99.4736607247369,71.20449174635,46.9469918557422,125.487155490451,60.9145259721745,12.0942825123251,66.0245221381747,63.5621249351972,25.2973605057724,158.998710632324,87.263037835398,181.294502258301,49.5223691673707,81.2348910140991,90.2180393153223,126.307218763563,185.707272338867,161.717358533074,46.1635574581116,69.7449846201319,84.482490580569,87.6504519464444,65.4747200694328,183.663055419922,130.35970775696,109.152091316045,33.6336229085658,64.8954714433337,23.7525387812258,0,128.195242118835,69.7275643712692,88.3964399471572,141.011680421375,120.985149383545,177.384560267131,84.3071214463976,145.515630353961,0,142.092524473695,132.634233267732,153.051351125617,124.603085327148,149.391966908248,242.822036743164,156.934560775757,0,163.18959534843,170.672927856445,147.125312392776,185.207310994466,236.860641479492,213.445037841797,139.438840804561,154.239200909932,127.313325580798,160.19856739577,116.909874902831,235.028747558594,200.780440266927,168.845240456717,130.037118358212,163.376581314507,143.256203160141,0,0,148.648732060971,151.329643874872
34.0858681612968,133.192809104919,117.606795810131,80.1707718136753,108.637765272384,18.8112602404141,20.4875056432037,66.0245221381747,12.9445561975705,83.971974833758,44.8177930097243,82.5564450066156,97.4088656559833,94.4217571762373,16.7354106194092,28.8138749460138,126.940909491645,127.353066532575,126.400757789612,150.253302422123,98.3671227139374,99.8023252028195,117.854057441323,110.526985741557,90.6257487151582,113.147365570068,139.946380642174,141.841955402553,95.3778698656181,27.8077315408369,76.5882496765486,161.770622253418,16.0203206537367,91.7492505754743,87.9838760746412,158.304478759766,217.131652832031,188.878687438965,119.508257815712,172.430317560832,246.154434204102,158.443400065104,151.374661933618,164.909198063176,133.167894090925,166.642820798434,214.61693572998,178.486450195312,0,180.435545466496,155.287713623047,199.056343078613,201.905334472656,0,221.660697937012,145.368399369089,183.546992710658,153.054209391276,189.485019483064,136.706630981294,234.745361328125,210.068354797363,183.262225573576,148.608362719999,185.150431240306,169.618343505859,0,0,165.339434623718,167.904461330838
71.5851487840925,76.907349053143,105.961573991619,30.5084895766524,42.4943799344107,69.7178353203668,76.6968192654755,63.5621249351972,83.971974833758,8.62299260488102,68.5605966722643,143.891923904419,15.0901154967379,122.265736897786,82.8484621178614,20.2719195897685,53.7132211412702,121.939390141913,167.874519348145,144.284931182861,47.1108237675258,79.6728673299154,30.6773901123462,100.534150532314,22.6019862180336,100.161244817527,131.387538998626,97.6954726729282,54.4645376444889,70.7554938670732,64.457310166582,0,110.66640663147,67.03410381528,79.6998851723867,91.336370641535,0,233.759796142578,43.7713182237413,137.489957173665,0,151.563851492746,94.6870568057141,111.310812863437,4.66625158421628,147.385559082031,0,148.153622627258,175.481864929199,114.220453898112,0,107.935024261475,0,0,174.007034301758,89.0883318583171,0,80.0727767944336,215.996231079102,79.662309248056,0,178.450307210286,140.736257553101,102.66405183687,131.397159375642,95.9466862398035,0,0,86.803466796875,115.565865652902
40.8089190183302,133.523157293146,116.057911027123,77.5882302944937,30.5953064487369,112.703285147291,31.443505350917,25.2973605057724,44.8177930097243,68.5605966722643,13.4121160701456,159.395770368905,26.7851197234388,173.202615356445,30.8536626301918,71.5489621787574,105.807454916147,138.895109183328,179.702416992187,170.091914457433,20.180505888498,88.3195752413079,105.219963420521,107.547364329774,61.5543581497378,164.561126708984,141.96271114502,131.634248795048,31.7798805994653,87.9908781884297,78.8382365767105,202.499084472656,121.533978319544,78.748065927933,96.6130096796896,161.826826095581,149.822402954102,190.158676624298,109.062555408478,156.659573282514,213.807182312012,152.662952935891,142.880898529629,161.045407548384,124.434303006259,159.694787962824,235.225679397583,162.003330041866,0,185.155660387496,159.55758972168,155.597543716431,187.249216715495,0,0,62.5422956558469,154.985556466239,147.512402852376,179.242605952893,123.477267553051,0,202.735349382673,189.847066001287,149.104132627976,187.19614315033,164.30529683431,0,206.490180969238,170.622909545898,185.879296522874
108.761033899644,75.5635261535645,105.188854687834,47.2089187120536,171.656122843424,69.3321747779846,105.934989171485,158.998710632324,82.5564450066156,143.891923904419,159.395770368905,14.4101914634487,150.209505827531,20.848120933128,82.5707113243813,101.546951957371,117.576218454461,51.9565082730995,22.2376762037671,27.8954494459121,154.030631103516,100.24961431137,106.155697909268,97.115082233324,154.115537370954,25.3233710397942,21.9099426192661,49.4985174820125,152.829544067383,54.4800446530397,107.212056963631,31.2933135918643,66.9149168543069,100.650406878927,29.242907408613,0,133.70837020874,127.696021185981,77.9732208251953,0,0,0,209.244116210938,226.151901245117,227.389915466309,212.530548095703,103.453281947545,0,77.3218531175093,199.104721069336,0,156.386077880859,150.443328857422,106.626876831055,110.849881258878,0,149.029495239258,0,166.843966674805,213.066402435303,91.094633622603,101.700019376824,105.753089063308,219.251571655273,208.565139770508,169.530899047852,107.031092325846,0,234.495529174805,141.884989420573
109.64213104248,97.2206146240234,155.846327039931,78.0420295830929,36.3619657152353,109.352933275831,23.4520710055874,87.263037835398,97.4088656559833,15.0901154967379,26.7851197234388,150.209505827531,9.43891785543531,163.718113825871,100.693554186439,19.8082288609418,0,199.060139582707,175.909784952799,194.919891357422,17.2989718494591,0,68.3424695332845,193.311534457737,15.6753735730236,121.222579956055,191.422255295974,152.407055247914,55.8658312597663,97.9927565713947,149.254214893688,195.731552124023,117.55497735288,93.7604525883992,95.2012652295102,184.332946777344,0,0,93.3945770263672,69.2655467305865,128.665054321289,104.966164703369,138.222650655111,144.401825297963,80.4306411743164,75.6248417310188,0,17.220368651897,0,131.668226242065,72.4744834899902,0,0,182.198654174805,0,21.6275972733919,0,0,0,127.717313143672,0,235.639633178711,234.934143066406,144.964278881366,166.803359985352,228.076553344727,0,0,149.489883422852,106.732816060384
135.843881607056,46.2641139711653,95.3167407823646,33.0973216876751,182.704627990723,85.621592203776,116.993006675474,181.294502258301,94.4217571762373,122.265736897786,173.202615356445,20.848120933128,163.718113825871,6.21881829114457,92.9807730402265,101.983371734619,140.519664764404,71.7371891102892,42.4002568934174,52.3306385494414,175.709963989258,116.235889434814,81.7045548756917,121.555224948459,148.453481038411,14.5125812052863,30.0051264222017,32.7611710873501,177.412643432617,70.1152542576645,147.304295349121,8.61167167619763,81.8061650594075,173.182281494141,50.8712899455433,0,104.471442503088,141.945871988932,59.6798030005561,0,0,0,204.458648681641,137.54076385498,140.666301727295,248.071350097656,75.6756109510149,0,62.7233877410159,0,0,144.559127807617,125.925148010254,85.510104786266,112.089130401611,0,0,103.134956359863,186.315475463867,201.134902954102,52.4267257738717,95.3046974971377,88.1737651492274,208.784355163574,175.288455963135,0,82.9718186751656,0,0,123.693883895874
16.8341037733657,136.250852584839,116.292749656592,84.4584395062976,110.116982558678,32.2382636953283,40.7714620960658,49.5223691673707,16.7354106194092,82.8484621178614,30.8536626301918,82.5707113243813,100.693554186439,92.9807730402265,7.94008760413306,62.1719711356693,144.900726318359,121.694170893952,123.575176854287,135.518788051605,101.945950145869,94.3021234305373,111.716032104492,105.116166188735,92.4027372313709,76.331090927124,136.541456579336,138.832798270292,97.4973324264479,18.8530479501237,48.4427010990984,121.749038696289,12.956631073183,61.7186417049832,66.8768261535258,163.681542290582,220.300399780273,186.83405219184,117.309575080872,210.638153076172,0,175.762442452567,152.734493637085,178.082723405626,170.118235270182,185.512685139974,235.888931274414,215.784881591797,0,186.110789959247,165.89683787028,0,201.684997558594,0,217.466354370117,148.044255828857,161.369361877441,133.832301330566,199.502866956923,146.476009451825,0,202.563450622559,181.947853826707,148.685469657496,183.695397627981,163.250295465643,0,0,170.28607749939,176.445405847886
90.7341515677316,105.008506254716,133.113236904144,71.9422879815102,63.4223054464761,16.8049292763403,20.586613104966,81.2348910140991,28.8138749460138,20.2719195897685,71.5489621787574,101.546951957371,19.8082288609418,101.983371734619,62.1719711356693,8.24753844970997,178.802795410156,149.88871307373,124.28532409668,144.877330780029,60.1876048487286,182.983184814453,71.2504894502701,130.065207345145,40.5893678574534,128.113168504503,157.285344441732,123.075383725374,73.5624471416778,62.251055142111,98.1432769775391,118.071441650391,40.2123097683723,97.2832787555197,85.67788650876,0,0,203.18310546875,122.095001220703,170.982612609863,0,161.176834106445,152.633394877116,179.412954711914,114.82544708252,180.026189168294,0,195.458374023438,0,204.121150970459,0,0,0,0,0,170.60221862793,0,0,194.762313842773,135.708937683105,0,0,178.050521850586,161.417759399414,0,0,0,0,0,156.275680541992
105.244873046875,81.1554862712992,87.222937360222,38.3410917690822,72.1833553314209,0,120.948229471842,90.2180393153223,126.940909491645,53.7132211412702,105.807454916147,117.576218454461,0,140.519664764404,144.900726318359,178.802795410156,12.0593146868283,102.090634037072,118.403779983521,121.861637773185,238.422439575195,23.4449972578239,26.6639036694669,26.338952172445,42.9642453496768,105.631350199382,115.263504367405,23.1060667676686,49.5240208518186,92.0987803141276,72.6875650303845,0,0,97.4672099522182,78.1575579494238,137.609199523926,121.853729248047,123.097053315904,77.4468421936035,150.435180664062,193.879501342773,158.83313369751,135.271514763266,159.591729736328,128.516361236572,159.583765203303,0,0,0,148.302295684814,0,93.0153159718055,168.612112862723,228.208480834961,152.99592590332,170.61491394043,103.765937184179,55.7536643916725,95.9414271784353,107.810701545693,0,153.491600730202,105.754703009799,112.669206534915,151.785093688965,108.712982956244,0,0,124.856530507406,119.772358468863
104.178694146421,48.291449858055,43.194535060635,58.4820054809828,178.66175587972,175.445536931356,135.987885331034,126.307218763563,127.353066532575,121.939390141913,138.895109183328,51.9565082730995,199.060139582707,71.7371891102892,121.694170893952,149.88871307373,102.090634037072,12.1125400417598,51.5626652151717,21.7862113145414,179.656348488548,66.0724890084594,61.7068951654096,31.3104405394256,134.453017034763,61.5005461374919,24.597144731966,64.605526147134,126.351516966516,98.571576057099,83.635085090262,83.3872773019891,169.37697492327,98.3912872314453,42.6407285328392,173.440017700195,118.087027809837,108.125216565101,103.211570194789,0,0,217.455242156982,186.861605414029,199.046985973011,227.10179901123,183.210957845052,154.843597412109,0,183.767776489258,206.465859549386,0,137.122130257743,109.747687665154,124.339931488037,118.946495617137,0,162.584781222873,104.254148991903,129.498086764728,177.401644157641,126.835505167643,109.913417743154,110.151517438682,176.781341228079,202.830459594727,165.463383992513,136.947052001953,0,220.996673583984,133.876623280843
144.755935668945,72.9338100978306,97.0218439102173,72.0770828117759,214.098999023438,0,143.852748325893,185.707272338867,126.400757789612,167.874519348145,179.702416992187,22.2376762037671,175.909784952799,42.4002568934174,123.575176854287,124.28532409668,118.403779983521,51.5626652151717,7.81896722249951,16.6240335447618,176.795013427734,122.055144570091,92.9004364013672,102.411984537162,169.348510742188,41.7059793801143,28.5924105375899,55.2681376824135,165.429733276367,87.9132311122934,132.175567626953,51.5334405691727,125.295534133911,123.783441162109,54.703609564533,0,126.998217264811,143.242131551107,98.9222121238708,0,0,0,213.321105957031,0,159.947891235352,0,146.312927246094,0,109.709504021539,226.579818725586,0,198.982482910156,127.616502761841,106.110038121541,112.387458454479,0,0,179.947341918945,175.761871337891,234.513198852539,97.1926644065163,104.883200397642,109.828983125233,0,0,198.75927734375,112.190853118896,0,0,137.117334365845
129.899712730856,57.7254520373398,79.5952786974087,64.1003313298811,197.442092895508,193.417938232422,164.919603271484,161.717358533074,150.253302422123,144.284931182861,170.091914457433,27.8954494459121,194.919891357422,52.3306385494414,135.518788051605,144.877330780029,121.861637773185,21.7862113145414,16.6240335447618,9.70026719420417,0,103.181539327987,90.8166884397849,86.6937492014182,154.148810068766,45.8152912446182,23.7417128105643,59.9922597109988,160.688810649671,97.8629658032308,109.033584983981,57.5165783731561,169.103914896647,108.137269934829,45.9243028679255,205.763549804688,127.128084455218,121.283759387571,102.378778457642,0,0,210.06559753418,220.435241699219,228.747596740723,0,0,110.594659805298,0,124.528100013733,219.791763305664,0,137.244140625,122.352152372661,108.381024254693,110.574811345881,0,188.210144042969,139.899978637695,147.579284667969,182.715393066406,113.408670152937,104.973832038656,112.194841231251,199.12746887207,0,0,125.18615940639,0,0,133.126896752252
96.3699705335829,139.286193847656,163.630818684896,79.6862519004128,11.8789050239234,120.364730199178,46.9167523212682,46.1635574581116,98.3671227139374,47.1108237675258,20.180505888498,154.030631103516,17.2989718494591,175.709963989258,101.945950145869,60.1876048487286,238.422439575195,179.656348488548,176.795013427734,0,10.3982745016628,172.642753601074,89.9836908976237,185.975961303711,18.3141225036962,0,170.665178087023,168.000849405924,34.5576256718039,99.6129613034507,147.84592628479,0,123.158540023001,95.2592276495856,97.7349924689171,183.745697021484,0,0,108.213340759277,27.1882026973755,0,141.310451646285,150.386872768402,157.129932191637,69.0445579080021,146.467530578375,0,43.7726855627818,0,195.509719848633,81.0176137288411,0,0,0,0,28.8385110850992,0,0,181.974527994792,88.7456751303239,0,210.167419433594,177.778076171875,140.257480081809,166.51586151123,0,0,0,0,180.792633056641
79.4509692909443,98.7714576721191,67.0446149754821,58.9553560588671,129.065984725952,143.282577514648,122.812133041083,69.7449846201319,99.8023252028195,79.6728673299154,88.3195752413079,100.24961431137,0,116.235889434814,94.3021234305373,182.983184814453,23.4449972578239,66.0724890084594,122.055144570091,103.181539327987,172.642753601074,13.5805780889198,57.5935622767398,28.6932290118704,60.5378436803818,0,109.035777041787,66.1996343166113,34.7934049141279,67.0372339589823,30.8345244870368,151.305034637451,154.311494827271,62.3236422510204,46.8183653604309,134.926048994064,0,145.149991918493,105.112226247787,0,0,173.110633850098,136.503304592399,164.256572570801,133.772352738814,167.127423095703,208.353713989258,154.024047851562,0,154.077459208171,0,111.497649028039,150.912324905396,0,177.297983805339,0,117.311483186949,86.6175382137299,116.739039936705,116.938277790381,0,164.660995483398,135.681241738676,121.020902040988,158.597057342529,115.774139710698,215.58251953125,0,137.861434936523,134.074917174222
102.634238503196,17.168625662695,45.4246433745039,20.1133229316899,69.5418243408203,126.471546173096,111.915089198521,84.482490580569,117.854057441323,30.6773901123462,105.219963420521,106.155697909268,68.3424695332845,81.7045548756917,111.716032104492,71.2504894502701,26.6639036694669,61.7068951654096,92.9004364013672,90.8166884397849,89.9836908976237,57.5935622767398,8.7137995791524,52.7147335431623,37.6092625001732,58.3388196291808,73.5972517528673,26.8811979273883,61.3531389457062,95.8843716515435,71.9052648835828,0,169.264297485352,84.6791536240351,64.233889327859,84.6319164699978,38.7473046514723,64.7488842691694,43.3747904565599,181.223266601562,0,119.494216918945,107.281741124933,115.135484059652,17.3063637582879,117.539901733398,87.873161315918,0,89.2572402954102,121.144318898519,0,53.8539961301363,90.2684792412652,0,111.940547943115,0,68.8782866628546,30.1097961068153,61.8807710106693,74.0885919193889,144.344680786133,104.165648460388,62.639084447381,85.2447115580241,113.729714827104,77.7349540546376,0,0,97.1698112487793,72.4054949442546
90.2839202933187,61.2973007657635,26.9786958786075,59.2997479923827,142.492205047607,160.160765838623,119.519451628698,87.6504519464444,110.526985741557,100.534150532314,107.547364329774,97.115082233324,193.311534457737,121.555224948459,105.116166188735,130.065207345145,26.338952172445,31.3104405394256,102.411984537162,86.6937492014182,185.975961303711,28.6932290118704,52.7147335431623,16.4199295941238,93.8761166275525,101.96602935791,62.6415073442091,39.2576095973076,70.081089974628,83.0398991142352,55.973144768456,125.969823201497,173.293685913086,84.2993127935073,50.680470436463,151.052602386475,141.407947116428,105.006394965017,128.910127367292,192.746821085612,204.411163330078,182.641551208496,160.279392906927,182.281234741211,161.064586639404,173.35268567956,171.437576293945,0,206.047932942708,183.968824462891,0,103.150745486256,142.003810522691,180.183155059814,157.81182271784,244.115219116211,114.180648363554,79.4026455417756,109.251586184889,124.946989387378,185.212188720703,150.786530508122,104.80841237574,141.626703541908,199.819845199585,126.830280271351,0,0,179.619672775269,123.207612079123
79.1290649745775,87.1199728895765,115.778739091289,41.7433023957221,18.9181923556246,96.7528216622093,78.3775221073805,65.4747200694328,90.6257487151582,22.6019862180336,61.5543581497378,154.115537370954,15.6753735730236,148.453481038411,92.4027372313709,40.5893678574534,42.9642453496768,134.453017034763,169.348510742188,154.148810068766,18.3141225036962,60.5378436803818,37.6092625001732,93.8761166275525,12.1796065288716,112.235307793868,135.369156316662,81.6537483853237,21.2318259848639,80.0532849698827,75.4531808552386,137.498229980469,130.952134609222,71.9675846976021,83.9259230398363,130.133951532273,0,164.215285270445,63.8854425870455,50.1571026104283,0,128.92084273081,117.356711466879,137.979898894515,104.442407407259,131.942031476483,214.079862594604,90.1058501122703,0,151.405621787098,141.254722595215,130.812298801967,182.385168075562,222.758041381836,204.760025024414,52.057838991855,136.957914107885,91.5946524483817,135.592450575395,97.7855910662316,0,200.152961730957,156.680654591527,114.001129773458,148.991842398966,123.298949684416,0,175.247566223145,138.495519638062,138.037523347188
142.221832275391,14.9921263788466,89.4177398681641,14.521876682741,0,0,162.324401855469,183.663055419922,113.147365570068,100.161244817527,164.561126708984,25.3233710397942,121.222579956055,14.5125812052863,76.331090927124,128.113168504503,105.631350199382,61.5005461374919,41.7059793801143,45.8152912446182,0,0,58.3388196291808,101.96602935791,112.235307793868,6.68400790267151,38.8045869208986,13.7376705085397,127.571985880534,79.2794231615568,0,35.6008030573527,58.0779991149902,0,53.5397837192197,0,98.4445591630607,135.186248779297,35.1504683715326,0,0,0,176.398254394531,0,138.727602386475,204.769348144531,65.8096352229043,0,57.1939563030876,182.320007324219,175.843322753906,139.475738525391,119.430264790853,74.5841818537031,83.3342977987753,184.600524902344,0,118.574021559495,171.620185852051,160.037393569946,45.8442768115997,66.9688018844927,76.1521569619218,193.927236938477,158.530376434326,0,74.9166362316577,0,0,108.473083496094
119.051816202799,44.3319569020658,32.0246106501304,50.8245881253122,168.612902127779,187.633433948864,147.070254975177,130.35970775696,139.946380642174,131.387538998626,141.96271114502,21.9099426192661,191.422255295974,30.0051264222017,136.541456579336,157.285344441732,115.263504367405,24.597144731966,28.5924105375899,23.7417128105643,170.665178087023,109.035777041787,73.5972517528673,62.6415073442091,135.369156316662,38.8045869208986,14.2811686635053,31.6577368077074,130.678481291492,116.424159686289,109.649239641181,26.1791061095076,181.677912575858,128.885049819946,67.1079921684086,175.928428649902,114.979699885592,106.658849223609,90.5573605219523,241.489395141602,0,205.330225626628,191.080261893894,196.903753662109,171.36567179362,196.203351338704,104.984151952407,0,100.773194746538,208.710437350803,0,130.432815551758,109.770656764907,106.217708993465,104.366754343812,0,163.565224783761,133.505318290309,137.88030729748,178.024606210214,88.2235431925456,96.8728300123243,100.899117421516,194.053084782192,184.864251030816,177.056909414438,105.589530543277,0,221.596054077148,121.427303357071
124.041880164348,24.9824064532413,31.9951373164262,35.6233318933225,130.220876279085,190.212071736654,156.889663544712,109.152091316045,141.841955402553,97.6954726729282,131.634248795048,49.4985174820125,152.407055247914,32.7611710873501,138.832798270292,123.075383725374,23.1060667676686,64.605526147134,55.2681376824135,59.9922597109988,168.000849405924,66.1996343166113,26.8811979273883,39.2576095973076,81.6537483853237,13.7376705085397,31.6577368077074,13.1302856532089,85.0636509841711,115.17264723498,107.208442108069,12.7084658053864,158.994650840759,126.564844988394,67.9147554565212,171.295718383789,100.710301371983,93.7570146704379,71.0416492651839,192.110712687174,0,182.296229044596,159.759568760538,182.83380143015,172.075733366467,172.760875805004,100.594638824463,199.98420715332,86.496454355668,190.711159682855,204.870691935221,95.948793079751,104.125270181451,97.5526099908547,101.667019866798,187.109062194824,127.501000903902,61.6724880742286,104.656177281115,144.311504254125,77.9733442226744,91.480012599527,92.3532160401472,148.872634612762,187.292614640861,145.761055635151,95.0596399809185,0,151.327648925781,110.602120784499
83.3367089779578,107.163991222643,88.3917634403479,63.2170543275957,17.9528382306857,129.771828902395,62.366271702116,33.6336229085658,95.3778698656181,54.4645376444889,31.7798805994653,152.829544067383,55.8658312597663,177.412643432617,97.4973324264479,73.5624471416778,49.5240208518186,126.351516966516,165.429733276367,160.688810649671,34.5576256718039,34.7934049141279,61.3531389457062,70.081089974628,21.2318259848639,127.571985880534,130.678481291492,85.0636509841711,13.9092901813599,87.1829867875199,48.3692894370613,195.172342936198,143.303086598714,76.1181147813045,84.8165701073745,136.62667650617,170.269729614258,168.500849405924,87.1250116707075,149.714997059295,0,148.196406829051,129.478543908895,152.63600664272,113.723701522464,153.068381263076,219.336455495734,156.988063876912,0,156.813731466021,157.271456400553,137.253385386747,195.848089853923,229.495483398438,206.953676011827,143.877985655014,138.271503210068,105.947551162155,151.840237763762,116.102443569859,237.363372802734,214.75864092509,156.893386929021,128.401844161122,155.636141501634,130.319963015043,0,194.858688354492,144.368264210375,147.904822317607
15.5974611776351,99.8343916672927,119.981844995188,77.1238036155701,100.221041518763,27.3570931812502,66.31942627757,64.8954714433337,27.8077315408369,70.7554938670732,87.9908781884297,54.4800446530397,97.9927565713947,70.1152542576645,18.8530479501237,62.251055142111,92.0987803141276,98.571576057099,87.9132311122934,97.8629658032308,99.6129613034507,67.0372339589823,95.8843716515435,83.0398991142352,80.0532849698827,79.2794231615568,116.424159686289,115.17264723498,87.1829867875199,8.54955178153786,29.382530749756,84.8509190877279,7.76494757836238,14.0058550552787,39.2579212304285,151.378389587402,0,182.176856407752,102.671398509632,192.926330566406,0,177.774758589895,141.63816887384,162.896649143152,144.985506057739,178.233910811575,230.95178604126,202.573621114095,115.35823059082,169.763280500445,110.307281494141,184.127201843262,170.158487955729,0,148.919392903646,148.978215535482,139.874775695801,169.488184611003,177.115170796712,132.203063682274,174.439613342285,154.045338100857,165.851993493867,135.505141648002,170.623543652621,138.96403427124,0,0,154.41749420166,167.755766027114
32.9328503785188,110.14601465861,80.0952453230401,64.7426656439669,108.030865280717,134.702973937988,90.4958962820918,23.7525387812258,76.5882496765486,64.457310166582,78.8382365767105,107.212056963631,149.254214893688,147.304295349121,48.4427010990984,98.1432769775391,72.6875650303845,83.635085090262,132.175567626953,109.033584983981,147.84592628479,30.8345244870368,71.9052648835828,55.973144768456,75.4531808552386,0,109.649239641181,107.208442108069,48.3692894370613,29.382530749756,12.6384441160666,157.430763244629,122.543298267183,43.8521850079617,42.1945590321471,137.607211096812,180.489181518555,153.462827740294,100.957962597118,148.926400756836,217.372940063477,158.276322584886,132.234635242196,158.790386763863,115.200844319661,174.363091102013,221.303553263346,162.271697998047,0,157.491758227348,144.957977294922,130.714715628788,182.400035313198,0,215.018524169922,0,124.304589589437,77.7058613116925,147.616320441751,120.125121437543,0,187.871421120384,154.688963739496,123.776166708838,156.189323479402,126.818347849744,0,0,149.001600566663,140.330370419985
166.289840698242,0,85.0922666277204,51.2539348602295,0,0,0,0,161.770622253418,0,202.499084472656,31.2933135918643,195.731552124023,8.61167167619763,121.749038696289,118.071441650391,0,83.3872773019891,51.5334405691727,57.5165783731561,0,151.305034637451,0,125.969823201497,137.498229980469,35.6008030573527,26.1791061095076,12.7084658053864,195.172342936198,84.8509190877279,157.430763244629,5.23598413602963,0,0,77.5036631191478,0,153.25163269043,0,61.9688987731934,0,0,0,0,0,0,0,108.143669128418,0,105.005378723145,0,238.369400024414,0,0,103.642372131348,118.209101359049,0,0,0,0,0,79.5594965616862,109.598035812378,104.830987294515,0,0,0,0,0,0,104.462623596191
81.0405746806752,191.369171142578,172.815984974737,121.318472120497,141.690176156851,12.2345622183774,25.1131149591439,128.195242118835,16.0203206537367,110.66640663147,121.533978319544,66.9149168543069,117.55497735288,81.8061650594075,12.956631073183,40.2123097683723,0,169.37697492327,125.295534133911,169.103914896647,123.158540023001,154.311494827271,169.264297485352,173.293685913086,130.952134609222,58.0779991149902,181.677912575858,158.994650840759,143.303086598714,7.76494757836238,122.543298267183,0,5.95167985541058,151.109420776367,72.7321058909098,171.817230224609,0,0,0,211.30993270874,0,214.364135742188,189.882914951869,197.829071044922,172.530059814453,237.875061035156,0,0,0,216.132751464844,0,0,0,0,0,180.795051574707,0,0,0,186.601716995239,0,0,222.30158996582,184.044082641602,231.732401529948,0,0,0,0,237.927703857422
69.4264383951823,132.29541015625,120.076542729917,66.8891847839355,85.7999839782715,0,96.9105229505243,69.7275643712692,91.7492505754743,67.03410381528,78.748065927933,100.650406878927,93.7604525883992,173.182281494141,61.7186417049832,97.2832787555197,97.4672099522182,98.3912872314453,123.783441162109,108.137269934829,95.2592276495856,62.3236422510204,84.6791536240351,84.2993127935073,71.9675846976021,0,128.885049819946,126.564844988394,76.1181147813045,14.0058550552787,43.8521850079617,0,151.109420776367,7.54967729288153,31.0630764089492,145.648507254464,0,194.852813720703,73.2652517954509,146.24348449707,0,172.418782552083,132.600907283043,151.521149579216,113.96639251709,229.918441772461,216.952850341797,166.754287719727,0,160.426518366887,134.486831665039,0,0,0,175.565933227539,148.870559692383,132.673686981201,0,163.543163299561,124.914050191243,0,0,175.599418640137,127.486967904227,146.697428131104,127.749355316162,0,0,137.146479288737,170.741513338956
82.5374953208431,52.1968000751652,72.5417828025818,69.4753367424011,104.693638188498,58.8038673400879,92.1296284117482,88.3964399471572,87.9838760746412,79.6998851723867,96.6130096796896,29.242907408613,95.2012652295102,50.8712899455433,66.8768261535258,85.67788650876,78.1575579494238,42.6407285328392,54.703609564533,45.9243028679255,97.7349924689171,46.8183653604309,64.233889327859,50.680470436463,83.9259230398363,53.5397837192197,67.1079921684086,67.9147554565212,84.8165701073745,39.2579212304285,42.1945590321471,77.5036631191478,72.7321058909098,31.0630764089492,13.1283966244473,158.94097810633,172.971000671387,115.945454788208,129.711490631104,192.758097330729,0,184.193453107561,143.240339090536,160.898285522461,174.29613494873,183.390922546387,216.241012573242,131.002452850342,139.299362182617,170.405877249581,186.870193481445,135.44344414605,124.146400027805,187.004176548549,141.31921525435,164.591484069824,141.145319112142,87.6708316802979,124.34816681255,136.453085530599,106.9482421875,123.73060763966,116.726479534463,139.797353172302,166.756239209856,133.285655859745,142.71369934082,0,169.4913965861,162.10343170166
153.945724487305,161.915908813477,195.682673136393,89.3087904188368,159.536758422852,0,178.774586995443,141.011680421375,158.304478759766,91.336370641535,161.826826095581,0,184.332946777344,0,163.681542290582,0,137.609199523926,173.440017700195,0,205.763549804688,183.745697021484,134.926048994064,84.6319164699978,151.052602386475,130.133951532273,0,175.928428649902,171.295718383789,136.62667650617,151.378389587402,137.607211096812,0,171.817230224609,145.648507254464,158.94097810633,8.00615984185621,123.064061482747,106.614585221416,73.6981885712722,85.0607004352644,0,93.3345615552819,22.9293186494674,55.3767122040447,65.4091329266948,62.9377309851967,121.711101655037,111.388911437988,155.373153686523,20.1546772060202,97.7027019262314,139.766285487584,96.3182501359419,133.2636978843,112.980842560988,93.5585571289062,75.1051117022013,94.525779914856,93.7828449975877,77.3957334886114,180.828483581543,120.722376222964,123.252104170486,77.3015538367215,16.4004814755874,24.7516405752638,156.81550470988,77.0608215332031,37.9560504700374,66.2312718920948
0,81.8664770126343,98.2219185462365,37.0564986410595,204.230491638184,0,238.781936645508,120.985149383545,217.131652832031,0,149.822402954102,133.70837020874,0,104.471442503088,220.300399780273,0,121.853729248047,118.087027809837,126.998217264811,127.128084455218,0,0,38.7473046514723,141.407947116428,0,98.4445591630607,114.979699885592,100.710301371983,170.269729614258,0,180.489181518555,153.25163269043,0,0,172.971000671387,123.064061482747,9.87285048541897,46.1835193057393,18.6035330349054,132.287490844727,114.604637145996,150.549950917562,124.938670567104,147.803182983398,75.4085856846401,155.604250590007,66.2755331559615,180.432952880859,62.4533031348026,139.264306545258,117.531788787842,64.6805190204704,47.9863562036733,75.2422452180282,54.0209228912456,107.957611083984,87.0161164325217,27.9139568128166,60.7754631298845,90.1332790839963,29.9890361180206,47.6560198421051,33.7551364392728,110.126247900504,141.027117411296,108.264831944516,70.8467936308488,158.741859436035,130.723192214966,61.7532269547625
162.39638449929,65.9609116100874,95.1171039266324,59.4078836527738,184.191384887695,0,186.691035551183,177.384560267131,188.878687438965,233.759796142578,190.158676624298,127.696021185981,0,141.945871988932,186.83405219184,203.18310546875,123.097053315904,108.125216565101,143.242131551107,121.283759387571,0,145.149991918493,64.7488842691694,105.006394965017,164.215285270445,135.186248779297,106.658849223609,93.7570146704379,168.500849405924,182.176856407752,153.462827740294,0,0,194.852813720703,115.945454788208,106.614585221416,46.1835193057393,11.1293773220119,48.0103887725662,138.636334228516,174.77158203125,118.990251296434,87.4249396323138,112.136991110016,110.053343129712,103.448811470328,186.764148191972,153.605585310194,137.583327484131,115.608170035836,137.116192064787,74.2126197814941,51.1855375737075,118.918132963635,49.9524534569846,158.372780799866,57.4164640062577,48.7307380273801,24.7889563352264,112.407932208833,140.214464823405,27.946069038584,28.06796164637,83.5038765075292,145.850395948622,86.3661699268772,128.714028930664,169.310409545898,131.278150939941,63.5606974175102
