10.9348281949483,132.214218139648,99.0262660073356,81.7268491767975,87.998641204834,93.9499263763428,91.2749070114231,29.3798153547428,45.3627901497855,78.6238646613227,55.0493462068653,112.83549672907,110.029849332922,170.856163024902,16.4760355357745,57.2873937606812,93.7872568766276,105.917088181632,160.912256876628,132.273958929654,92.8176647822062,86.8523645868045,95.1555889674595,93.3387783059541,87.8949332137487,119.798784891764,121.081613793534,129.215499648282,81.8797096365469,19.6130899760845,42.7454016519943,133.179992675781,80.5118509241053,28.4882613147071,75.7632897539837,136.501663208008,0,159.762803649902,113.078253609794,0,0,148.195927937826,142.168809254964,178.773373921712,76.0228729248047,164.687772115072,0,0,0,167.241683959961,0,0,216.748481750488,0,187.352127075195,138.473159790039,180.865409851074,127.352603912354,178.035346984863,127.855074167252,0,0,165.195184595445,137.577787511489,154.563260396322,137.161841583252,0,0,135.112991333008,160.259188334147
132.214218139648,7.78998721307102,34.2873908960931,19.7010833999307,165.8720703125,102.791961669922,182.019073486328,145.73110071818,175.898813883464,88.8873092602617,168.735850016276,57.4112780365763,0,47.3641581409856,165.969200134277,137.641716003418,69.4596565910008,53.8900916788838,62.2556428455171,53.0818813887218,141.759765625,86.935715675354,23.53690261832,82.6367629658092,98.1916853853328,22.587244611792,47.0079743227257,27.4849950819759,110.855067782932,142.47833082411,111.995823786809,61.7658252716064,0,131.052575111389,60.5696566995948,0,97.2964027404785,85.7285379480433,61.9182910919189,0,0,232.357620239258,0,207.971420288086,154.227073669434,0,98.9769134521484,0,87.8903471139761,208.932723999023,0,0,82.4318725040981,93.6545944213867,82.6109021868024,158.254364013672,164.662658691406,121.598159790039,75.2244873046875,130.824363708496,76.3227650324504,80.4347949644335,84.6945509626376,184.984268188477,168.675216674805,118.918006896973,110.098304748535,0,0,98.6817343575614
99.0262660073356,34.2873908960931,12.5683095356005,45.161805812306,154.35807800293,168.018760681152,134.808038595069,100.66101370678,127.970539739921,118.861828613281,126.279109162644,92.4855273190667,153.165997823079,88.0088170691381,117.03850252714,142.936615159776,92.1314850831643,45.4683142925511,90.3146209716797,68.4549669808899,176.281436920166,64.390848102085,64.7937802898074,34.5068601279525,117.356302261353,101.690693446568,34.3848989444744,29.5848166151296,96.904136307248,120.976818540052,81.8382912153255,86.1077919006348,172.393223102276,111.59639402117,58.8223079752258,179.608797709147,90.3442634914232,92.0782936731974,63.3428578599591,199.021759033203,0,197.271575927734,164.169138740091,200.284158979143,136.240292358398,207.173667907715,150.210702896118,0,136.467342376709,167.104602389865,192.146575927734,122.260475158691,103.474350139073,121.525817871094,129.043954409086,0,146.966822814941,80.6255398800499,107.747096975226,145.934567702444,124.471279144287,99.6976341520037,93.0392368035915,147.778419494629,168.620551476112,139.876335144043,0,0,186.53581237793,114.247560145491
81.7268491767975,19.7010833999307,45.161805812306,18.0699663819291,69.2944644240082,124.014589945475,90.1038180250463,63.9712145928807,89.2624381881162,52.9216885919605,75.3421272129328,67.5335219803677,88.537674296986,46.5334870434739,90.2428624918173,106.268092632294,43.7041433149506,64.0127628711613,66.0739026436439,65.1018769662705,81.2763529459635,68.5842095710136,36.9758022112005,57.5824875245877,42.3279264072623,23.8691563053334,51.3802539934357,41.1901184878256,60.2935683176556,84.5210640387876,56.7639927629168,57.478115754969,120.303927466983,75.9017038714161,69.3456798913078,77.9070918385575,67.6941272901452,70.2349288209956,33.259187001808,76.4420080184937,0,78.6904784308539,74.8269728903445,116.263047354562,64.3481479558078,108.902875033292,91.0290781656901,124.109135219029,54.9946052623245,96.4853273756961,0,68.5178305308024,82.7301878160046,93.9193534851074,91.3864743159368,98.6891618208452,120.400630950928,49.0075417595941,78.3267950330462,54.1122695755785,44.4591541145787,81.8644990041746,68.4615098945222,67.6224812745106,90.4755957556553,76.9478174934925,78.4505195617676,128.358917236328,94.057585477829,95.6355355002663
87.998641204834,165.8720703125,154.35807800293,69.2944644240082,9.69095236211199,114.198994954427,64.6284985964811,48.5348915620284,96.3462234428026,41.4965582885742,27.3020003635067,148.063151041667,21.6606122223197,245.342971801758,104.595752784798,57.8376543443282,108.583366394043,193.746063232422,173.433029174805,177.167289733887,11.50586946633,126.480099995931,106.532847086589,142.92240524292,23.9451194780357,0,162.574996948242,161.761693318685,15.5627833335534,103.931093893855,118.991944630941,0,133.930752224392,99.2999496459961,100.974753553217,0,150.534698486328,0,74.0398760828479,26.2308680008097,0,146.451172298855,132.712039299731,153.093681954049,80.9428883428159,137.122466831417,0,141.58581569277,0,161.969797134399,89.0586395263672,0,0,0,0,100.876023100955,0,0,0,105.067956261013,191.34058380127,0,193.632120768229,133.634863502101,159.34791469574,202.788269042969,0,210.192581176758,185.255935668945,171.552993774414
93.9499263763428,102.791961669922,168.018760681152,124.014589945475,114.198994954427,7.18491361714424,11.0677205293925,110.070152992426,16.8327594316742,64.7889323668046,100.736429740643,61.61253930741,70.2798870026119,64.4369533061981,20.1393035441486,15.0413037511484,0,159.452297210693,90.9975763956706,143.920901489258,116.940462646484,153.822102546692,140.418113708496,141.965955734253,103.831703821818,69.8612594604492,134.296908569336,155.504450480143,120.776615408964,26.1056183182141,109.113661448161,104.347160339355,11.1501534140162,70.5922724405925,32.9965198312738,0,0,208.740768432617,200.615951538086,0,0,0,179.8171043396,212.559692382812,156.887481689453,206.408228556315,0,0,0,0,0,0,0,0,0,211.235542297363,0,0,0,181.128814697266,0,0,0,175.464090983073,210.317024230957,0,0,0,0,197.745742797852
91.2749070114231,182.019073486328,134.808038595069,90.1038180250463,64.6284985964811,11.0677205293925,11.4471660027953,63.710994519243,21.5253592991832,71.236199529012,36.1224287006389,93.13998752559,31.3638098604761,153.420390735973,36.5731799442769,12.9427843851039,118.379302978516,160.075872519582,158.106332778931,177.893814478165,56.9493710894621,112.42077443933,124.98180736195,130.983211167362,83.2721092764769,166.314618682861,160.213990584664,155.17425503201,76.1298245912976,46.4391503973613,109.239784577933,173.33328704834,24.5429716154317,100.519710684722,83.2248237038242,161.214485755334,0,205.8564453125,97.6380355212153,154.840321858724,227.856941223145,161.579269189101,145.609692415452,162.986323455284,102.146656545003,154.924503252583,248.905181884766,164.455694580078,0,178.103510538737,161.076065063477,169.876956939697,0,0,0,159.098262786865,244.936386108398,176.582702636719,195.303354899089,128.129727616102,0,231.476554870605,206.804703848703,148.242454772671,180.735010368879,167.997262954712,0,225.050842285156,149.085174560547,181.80778830392
29.3798153547428,145.73110071818,100.66101370678,63.9712145928807,48.5348915620284,110.070152992426,63.710994519243,10.3517690655314,60.438060561082,58.6730533942598,18.556047115214,161.785534611455,61.112325435995,160.943092782157,42.9898723914432,82.5571151232197,92.0594062805176,118.22025547095,165.704254150391,142.929515116924,69.7595223682683,73.4527039240892,90.4567212610437,89.1133945889548,60.598808311946,155.495062934028,133.343681319621,119.969718521387,34.3117626239352,57.6505176499808,22.5627502720808,168.632393973214,122.708508082799,70.0752077695005,92.3981707781211,147.586181004842,0,162.924654824393,92.7916792484752,133.300758079246,0,138.167145729065,123.381456622641,146.078971773035,78.2178005218506,137.363849732934,237.012344360352,160.157117366791,0,156.130147493803,143.434628804525,157.427697753906,194.603404453823,0,199.427352905273,136.631920447716,165.139297485352,119.291811625163,168.107872372582,107.298393617427,0,191.315221150716,179.409702647816,126.163960441993,158.600465429835,140.177713638697,0,0,148.489969106821,155.902062552316
45.3627901497855,175.898813883464,127.970539739921,89.2624381881162,96.3462234428026,16.8327594316742,21.5253592991832,60.438060561082,11.1480279514523,87.3525701901728,39.6458409956428,77.7763433311191,89.3588934299374,116.34420998032,19.3080697647316,29.223668534778,144.922546386719,140.058947471336,111.810724894206,154.139537329813,89.1540737994882,110.813239956494,128.503555509779,121.509174627164,98.1529630346206,126.654534079812,152.531214538373,149.243511033405,89.6741196964231,37.7409408676443,94.826947353854,159.163844585419,19.0539858392402,93.0969083574083,59.860031249888,167.511912841797,0,191.059528057392,105.065457759759,172.312257766724,0,170.446602984173,151.13209825881,177.682767725703,124.74528503418,171.545472578569,0,178.816301981608,0,178.205415887348,195.777038574219,137.243408203125,0,0,0,179.223613194057,187.395437067205,137.756465148926,207.815248761858,140.094219544355,221.015502929688,0,199.951888234992,151.150483888361,182.525128139539,157.734710693359,0,0,177.947613525391,177.060201216717
78.6238646613227,88.8873092602617,118.861828613281,52.9216885919605,41.4965582885742,64.7889323668046,71.236199529012,58.6730533942598,87.3525701901728,9.86621469221753,70.3742034560756,143.474980195363,11.9580210473835,126.808838920754,90.2167270240601,20.7537613564264,80.3945055007935,125.118831114335,161.68381430886,141.920851389567,60.2294293636113,102.979327162651,28.9781131537727,104.355521530402,21.9304677430685,114.21825170837,134.128719945108,112.960040523437,53.4027556254504,84.6168183147907,58.4743169585942,152.280225118001,131.301180158343,72.9123654548938,86.0270359256725,96.7691612243652,0,181.100311279297,77.6316168308258,93.9111190795898,0,131.101934579703,94.455133165632,146.523662022182,68.4566455947028,109.043402099609,0,101.390251159668,156.763328552246,138.287990916859,56.4779090881348,0,206.662109375,0,173.499664306641,120.998440551758,212.769920349121,107.8756275177,153.26513671875,74.0753038846529,149.833581542969,180.37757619222,186.351440853543,90.0567335704016,114.930771297879,78.5938658714294,0,0,80.3907089233398,123.078816633958
55.0493462068653,168.735850016276,126.279109162644,75.3421272129328,27.3020003635067,100.736429740643,36.1224287006389,18.556047115214,39.6458409956428,70.3742034560756,11.6968372236752,144.559924511199,23.3329787111951,174.441003417969,54.9219221106175,69.8164644143016,111.212347412109,155.561016947428,160.220001220703,175.567370328036,18.0520621933216,111.329983424473,106.256135882753,122.278477054753,65.2270416200511,176.280024210612,158.584140996265,145.072250833913,32.6857717584695,96.551541472982,90.6353229271187,0,121.478222943734,91.8798685328846,97.3201999203382,169.26716075224,176.928070068359,189.865310668945,83.1381990051269,135.136640438991,209.286163330078,151.752166106322,136.146859359741,160.849925733592,94.2633536625834,148.656642637042,0,159.131711324056,238.269989013672,177.393926503707,163.25795173645,0,235.730133056641,0,0,148.442946751912,210.49577331543,155.07875932966,222.229339599609,113.180059397055,0,196.702499389648,207.112349076705,141.69258422511,179.690022196089,180.777114868164,0,198.852798461914,168.322143554688,176.26017999649
112.83549672907,57.4112780365763,92.4855273190667,67.5335219803677,148.063151041667,61.61253930741,93.13998752559,161.785534611455,77.7763433311191,143.474980195363,144.559924511199,14.1813929703617,151.455576116388,21.9589579650713,74.5372043404999,81.5381355285645,133.831164042155,47.2630007530236,24.0714519497926,26.5691365918898,137.906917148166,119.940373738607,97.08718685228,91.6149890675264,155.394263418097,31.1870458566459,25.2880800914952,46.1904917111801,159.987315446903,57.7455589232906,125.790652731191,33.82686551841,58.5060715701845,100.545427958171,21.8326513820713,0,87.362831388201,131.733135223389,86.7891622543335,0,0,235.969879150391,210.595367431641,222.656219482422,147.874374389648,217.84114074707,92.5636151631673,0,64.5989358789781,182.87516784668,0,0,141.106517791748,107.619226074219,108.898917939928,0,0,108.019874572754,186.471527099609,202.855796813965,61.904631183572,106.089562533195,102.76938626736,194.373611450195,237.588745117188,176.892990112305,105.499282836914,0,0,142.954274495443
110.029849332922,0,153.165997823079,88.537674296986,21.6606122223197,70.2798870026119,31.3638098604761,61.112325435995,89.3588934299374,11.9580210473835,23.3329787111951,151.455576116388,11.1884514281419,153.993598937988,101.393620161205,20.8777600917555,98.1066436767578,195.954299926758,0,186.80782699585,13.8924551229262,148.580810546875,91.4394149780273,157.151713978161,25.0510000855198,158.87673441569,175.843104969371,140.096764059628,46.4780157521981,106.993804858079,136.910426330566,0,115.671241760254,104.325963338216,103.738696465125,113.29287815094,0,0,91.2135615348816,84.0489543914795,118.729263305664,67.3937902336349,135.637987381373,113.665945286653,84.8592244661771,49.9055715760374,149.393249511719,9.29156729959509,0,116.976044037763,72.1242904663086,0,0,0,199.03254699707,14.5961937395732,225.106964111328,0,171.505680084229,105.898948203516,0,191.129852294922,192.571823120117,126.742451231358,116.335911677434,124.372303009033,0,142.541305541992,143.421112060547,108.953945506703
170.856163024902,47.3641581409856,88.0088170691381,46.5334870434739,245.342971801758,64.4369533061981,153.420390735973,160.943092782157,116.34420998032,126.808838920754,174.441003417969,21.9589579650713,153.993598937988,8.04940450902169,102.374268825923,122.536685943604,121.204032050239,88.4618551808019,47.7800588391278,62.3490943908691,143.98454284668,139.893225533622,82.4356146648431,117.256975708008,150.473333967493,20.607437951293,22.7260897416717,30.7629696099527,155.872964477539,93.2314613250915,144.881284567026,7.97747286732768,68.6502062388829,137.802854919434,50.2543479769917,0,70.0971992916531,129.188861500133,68.8666773588761,0,0,0,0,216.363525390625,147.542812029521,0,74.2403240998586,0,56.6293323523515,0,0,0,111.126976013184,88.9835775274979,102.986508614676,224.005111694336,169.128448486328,100.973731676737,0,159.727960205078,49.0994504031525,94.6138750024744,86.0061395115628,203.874572753906,178.12575785319,192.274520874023,88.9305051167806,0,0,136.211932789196
16.4760355357745,165.969200134277,117.03850252714,90.2428624918173,104.595752784798,20.1393035441486,36.5731799442769,42.9898723914432,19.3080697647316,90.2167270240601,54.9219221106175,74.5372043404999,101.393620161205,102.374268825923,10.8938759630925,32.8638941802834,131.160821181077,126.525098034793,130.080131530762,146.801917689862,101.893128745369,101.182055725628,113.366551567526,110.892519292599,101.1808348376,111.964945341411,141.689748147595,144.947527476329,93.0478153354761,22.0879003160417,71.2380801317379,127.808464050293,15.8301616468751,61.6706733798506,57.477261849868,166.225422363281,177.172058105469,182.642864227295,120.070655641102,141.805912017822,0,179.485568884647,156.230807567206,175.596329012784,141.133865356445,179.40451171875,0,197.998904418945,0,180.392658118046,0,0,194.538836669922,0,0,187.325160980225,156.651962280273,147.313554382324,190.838080958316,145.058615710854,0,201.393225097656,184.008111807016,150.913108543113,176.047078450521,161.647611781529,0,245.860488891602,164.069330124628,181.173131306966
57.2873937606812,137.641716003418,142.936615159776,106.268092632294,57.8376543443282,15.0413037511484,12.9427843851039,82.5571151232197,29.223668534778,20.7537613564264,69.8164644143016,81.5381355285645,20.8777600917555,122.536685943604,32.8638941802834,8.36945835801054,0,155.421297345843,0,171.654009501139,70.1741446313404,128.54736328125,89.9876119825575,127.779116821289,44.2911183900673,148.107706705729,175.643413912865,163.451136271159,86.3969972991943,33.5852125070863,106.710661046645,0,34.7366002639406,96.2000421796526,90.7569801667157,160.781715393066,0,0,96.3231430053711,109.430610656738,0,170.058158874512,154.497064208984,190.138565063477,89.0569534301758,169.803798675537,0,0,0,172.331873575846,0,0,245.208053588867,0,0,150.982833862305,0,128.3076171875,0,131.459163188934,0,0,203.024559020996,151.527229309082,176.454827880859,0,0,0,154.917938232422,229.01579284668
93.7872568766276,69.4596565910008,92.1314850831643,43.7041433149506,108.583366394043,0,118.379302978516,92.0594062805176,144.922546386719,80.3945055007935,111.212347412109,133.831164042155,98.1066436767578,121.204032050239,131.160821181077,0,11.2093838280155,101.591861458712,149.944213867188,128.303835088556,0,52.8410928915142,29.9085887128822,27.3858446397813,25.466802593988,98.9025220870972,113.056580352783,31.6145358479726,30.0290753676423,119.521375904913,70.781946572151,108.193946838379,0,99.0288915634155,83.2698014804295,109.989585876465,0,104.003321329753,53.417092917622,0,0,158.410621643066,154.911628723145,206.207834879557,146.243774414062,148.439102172852,0,0,135.098709106445,182.16919708252,0,98.0079025268555,114.056846618652,0,167.409144083659,0,108.580575913649,54.1565860112508,98.7358657988995,115.378093174526,131.910354614258,136.898541768392,106.223258124457,114.554692661061,134.072204589844,109.131087341309,0,0,93.2559432983398,125.755323282878
105.917088181632,53.8900916788838,45.4683142925511,64.0127628711613,193.746063232422,159.452297210693,160.075872519582,118.22025547095,140.058947471336,125.118831114335,155.561016947428,47.2630007530236,195.954299926758,88.4618551808019,126.525098034793,155.421297345843,101.591861458712,11.5951293775185,58.899384598983,24.3798461532681,162.680837631226,57.7095334342722,80.8526050055899,28.2625442448698,134.437908816647,84.6383073980158,36.7490042877738,64.8238424575877,120.984963153569,101.989133960195,74.3835748446631,80.8723049163818,165.533209367232,92.9720703732651,43.6862633725404,185.664862496512,104.807392883301,108.183532566219,85.6223580496652,0,0,237.008499145508,183.959253311157,199.463409423828,185.056602478027,225.248077392578,157.537348429362,0,158.921882629395,201.697723388672,0,147.965096155802,116.545593439147,138.758585611979,126.636474370956,0,145.126879010882,99.6477358268969,127.711844829803,158.519352306019,0,109.926651000977,108.734700776594,163.303113047282,176.699142456055,157.277274131775,148.85693359375,158.270111083984,0,133.88015411377
160.912256876628,62.2556428455171,90.3146209716797,66.0739026436439,173.433029174805,90.9975763956706,158.106332778931,165.704254150391,111.810724894206,161.68381430886,160.220001220703,24.0714519497926,0,47.7800588391278,130.080131530762,0,149.944213867188,58.899384598983,6.1062981966055,14.5862741799172,210.856246948242,115.619987487793,105.293769359589,96.7895900181362,214.479187011719,47.361368724278,32.2362950065145,60.3690084891744,167.789291381836,92.9737088339669,145.593996683757,52.0348955042222,87.8890896965476,128.656828744071,60.3679549565186,0,114.514439582825,125.153842926025,84.7206788063049,0,0,0,209.434005737305,0,0,0,114.054172740263,0,104.948741566051,0,0,0,137.77751159668,110.376822577582,106.883809089661,0,0,188.281555175781,0,0,79.6987760634649,110.511269760132,106.741015534301,0,0,0,109.294286092122,0,0,109.902951558431
132.273958929654,53.0818813887218,68.4549669808899,65.1018769662705,177.167289733887,143.920901489258,177.893814478165,142.929515116924,154.139537329813,141.920851389567,175.567370328036,26.5691365918898,186.80782699585,62.3490943908691,146.801917689862,171.654009501139,128.303835088556,24.3798461532681,14.5862741799172,11.9667991540024,163.159042358398,89.7351917251017,98.7412502548911,66.8964211890038,148.183265686035,50.3953865622259,35.918523589345,65.5958293358085,142.69022737996,119.193372777565,99.073266946493,63.0152391458487,88.5938097635905,108.259032609033,41.96962751039,209.424751281738,113.528737809923,114.182961357964,86.2630592346191,0,0,0,0,230.308853149414,209.336288452148,0,122.463051452637,0,113.881155831473,0,0,176.244659423828,120.755650043488,112.59423828125,112.410906508162,0,181.661979675293,128.76791229248,140.511883662297,206.999176025391,85.863801574707,107.180429326571,108.841591047493,179.047474452427,213.566477457682,192.204996744792,116.289764404297,0,0,124.077114650181
92.8176647822062,141.759765625,176.281436920166,81.2763529459635,11.50586946633,116.940462646484,56.9493710894621,69.7595223682683,89.1540737994882,60.2294293636113,18.0520621933216,137.906917148166,13.8924551229262,143.98454284668,101.893128745369,70.1741446313404,0,162.680837631226,210.856246948242,163.159042358398,8.77053924315396,155.249450683594,0,175.842374420166,26.1093587693977,170.803314208984,186.962728647085,190.544244384766,28.6736913973401,103.409161274035,144.209615071615,0,128.856042308192,97.5179820469448,98.2809686416235,183.122150421143,0,0,88.4228718015883,89.6503526501308,0,150.642669934185,131.818527730306,155.706999920784,94.5793143510818,144.841611221601,226.78345489502,89.3877613466294,0,172.507885524205,153.710876464844,0,0,0,0,133.476344509919,229.104034423828,185.203369140625,0,108.947654200259,0,0,246.172058105469,142.365204817765,195.34789835612,0,0,0,183.220733642578,180.106619698661
86.8523645868045,86.935715675354,64.390848102085,68.5842095710136,126.480099995931,153.822102546692,112.42077443933,73.4527039240892,110.813239956494,102.979327162651,111.329983424473,119.940373738607,148.580810546875,139.893225533622,101.182055725628,128.54736328125,52.8410928915142,57.7095334342722,115.619987487793,89.7351917251017,155.249450683594,15.3961856912364,54.4711614384371,34.5309643849751,86.8373805592065,176.781740188599,100.637694824113,64.3185704481411,32.7170570144291,78.2864618800407,33.4069716114985,0,148.660862513951,65.2727993154017,42.4958633542617,138.249372308904,92.0490798950195,134.418583159751,75.4169250329335,0,0,180.519569396973,139.877593009703,178.217932128906,99.3659271240234,185.725624084473,157.936828613281,192.911926269531,190.586959838867,184.647316826714,0,103.954282602869,159.513632202148,0,180.748168945312,0,112.609705432909,67.51766745113,118.152732413887,112.566648752902,0,170.422886657715,130.183443126112,115.600975953331,135.143080575126,114.436741721037,0,0,131.156269836426,132.673469543457
95.1555889674595,23.53690261832,64.7937802898074,36.9758022112005,106.532847086589,140.418113708496,124.98180736195,90.4567212610437,128.503555509779,28.9781131537727,106.256135882753,97.08718685228,91.4394149780273,82.4356146648431,113.366551567526,89.9876119825575,29.9085887128822,80.8526050055899,105.293769359589,98.7412502548911,0,54.4711614384371,9.01575804189173,54.7135731226064,37.3199112736148,65.9856608453625,89.6849991969573,42.8298844104588,57.2989873864963,86.6218330540608,59.3714027384342,94.8193626403809,140.844707489014,82.7288679281871,78.0772367697864,156.285823822021,117.400243123372,109.475676727295,106.342047452927,141.950912475586,0,142.708564758301,137.008205189424,159.728372192383,111.70387395223,153.67031733195,111.216640472412,156.234252929688,112.61811726888,172.489562988281,0,74.4700361887614,118.756362915039,129.443318684896,163.19588470459,149.973297119141,65.1759000142415,29.01593038014,85.6063833416633,112.049306597028,94.7838214692615,135.766137582284,125.944508419761,125.066628728594,179.173575083415,145.315937042236,151.855545043945,0,144.481781005859,128.141980307443
93.3387783059541,82.6367629658092,34.5068601279525,57.5824875245877,142.92240524292,141.965955734253,130.983211167362,89.1133945889548,121.509174627164,104.355521530402,122.278477054753,91.6149890675264,157.151713978161,117.256975708008,110.892519292599,127.779116821289,27.3858446397813,28.2625442448698,96.7895900181362,66.8964211890038,175.842374420166,34.5309643849751,54.7135731226064,16.4057073879263,95.2165074631408,110.356632995605,68.9254756871361,45.6885008010226,78.6570143617902,97.3478360725477,57.4984342003434,111.007320404053,153.936596870422,86.2609936893938,46.9501307660721,186.48814239502,94.8935661315918,101.22187712468,64.768494984875,0,0,197.165432739258,163.647632335794,186.457399640765,176.866466522217,176.51549987793,158.602096557617,0,0,174.98538462321,0,109.775122226813,119.130892859565,0,158.671986579895,0,124.705020366899,83.9414955402243,106.707289019115,148.700224435458,0,141.001262318004,100.027086017864,148.988196591978,172.450657314724,147.060298919678,0,0,156.360019683838,119.918411254883
87.8949332137487,98.1916853853328,117.356302261353,42.3279264072623,23.9451194780357,103.831703821818,83.2721092764769,60.598808311946,98.1529630346206,21.9304677430685,65.2270416200511,155.394263418097,25.0510000855198,150.473333967493,101.1808348376,44.2911183900673,25.466802593988,134.437908816647,214.479187011719,148.183265686035,26.1093587693977,86.8373805592065,37.3199112736148,95.2165074631408,12.0626838613072,131.109294866095,142.557916607773,97.3445090412644,21.5254592385046,91.8050427594722,73.4473824018925,166.461883544922,145.560854842023,79.5662395066481,93.2431150652328,126.564276851825,153.15261332194,168.247139563927,57.5721219731128,105.847887668704,177.076071166992,123.790986805172,106.858859724424,133.861622118482,72.1427000628577,116.798114239728,184.94026184082,123.566998404426,190.456049601237,140.247551575613,129.529577775435,107.210839491624,178.342911940355,0,203.524402618408,116.834939290462,134.349012880909,90.1074564507667,138.986783663432,89.0013701092502,167.042500305176,192.707089015416,163.506470326627,108.666767650656,137.461515115395,123.590674395337,0,190.520618438721,122.045971500981,139.192730103908
119.798784891764,22.587244611792,101.690693446568,23.8691563053334,0,69.8612594604492,166.314618682861,155.495062934028,126.654534079812,114.21825170837,176.280024210612,31.1870458566459,158.87673441569,20.607437951293,111.964945341411,148.107706705729,98.9025220870972,84.6383073980158,47.361368724278,50.3953865622259,170.803314208984,176.781740188599,65.9856608453625,110.356632995605,131.109294866095,7.97786325537367,44.5589776508044,21.804242536181,141.303235008603,101.886956242153,149.666110568576,47.0070636385963,71.2566706339518,113.870193481445,56.1140126330512,0,62.524405778344,124.369212559291,56.8887664338817,206.615226745605,0,0,0,0,142.303914751325,0,68.3296847987819,0,52.7114875526776,182.839981079102,0,0,99.8400230407715,83.1216846812855,77.6745414052691,212.389549255371,161.504302978516,95.4302385503595,83.4453506469727,153.040325164795,40.5706202792611,75.4153839584685,73.6583275664699,0,141.180480957031,0,83.0757718086243,0,0,95.7009476555718
121.081613793534,47.0079743227257,34.3848989444744,51.3802539934357,162.574996948242,134.296908569336,160.213990584664,133.343681319621,152.531214538373,134.128719945108,158.584140996265,25.2880800914952,175.843104969371,22.7260897416717,141.689748147595,175.643413912865,113.056580352783,36.7490042877738,32.2362950065145,35.918523589345,186.962728647085,100.637694824113,89.6849991969573,68.9254756871361,142.557916607773,44.5589776508044,17.4195926587253,33.7561343225758,135.591432791045,127.937475985359,109.549501099846,20.8742218625488,128.614845134594,119.631294250488,60.2155660280121,197.918969290597,98.8971012339872,99.5954301067602,86.4065275664377,0,0,201.201736450195,178.954064505441,210.280899047852,179.183227539062,238.3212890625,109.567802429199,0,106.075504560149,205.44841003418,0,160.927841186523,104.252134852472,108.801707217568,103.69803363994,199.97688293457,179.939353942871,119.047149658203,131.479489551891,171.423710717095,75.7871337224973,97.5269559898979,98.2672252978964,171.358060051413,180.073923110962,170.572981400923,126.386427445845,0,179.714197794596,120.039473074454
129.215499648282,27.4849950819759,29.5848166151296,41.1901184878256,161.761693318685,155.504450480143,155.17425503201,119.969718521387,149.243511033405,112.960040523437,145.072250833913,46.1904917111801,140.096764059628,30.7629696099527,144.947527476329,163.451136271159,31.6145358479726,64.8238424575877,60.3690084891744,65.5958293358085,190.544244384766,64.3185704481411,42.8298844104588,45.6885008010226,97.3445090412644,21.804242536181,33.7561343225758,14.8968472925414,87.9715528349946,135.153358076313,111.201451024426,15.4114681599545,123.190844217936,122.825539582695,64.4175899183734,184.218334491436,97.8979238098413,95.9049359892915,71.3446866303242,181.348852539063,133.385147094727,211.907852172852,170.536953121037,194.396910667419,166.114576721191,198.216595736417,110.268040296194,0,105.486502116435,187.204197953387,0,119.368162621392,107.594069670507,108.20452942887,105.191609155755,197.040084838867,135.502286343961,88.2415136810917,106.025736280588,159.34114211233,77.007720275664,98.478296619118,95.9992906261514,156.107712984085,173.774434345524,159.763624158956,119.889710594626,0,164.466064453125,116.328348921471
81.8797096365469,110.855067782932,96.904136307248,60.2935683176556,15.5627833335534,120.776615408964,76.1298245912976,34.3117626239352,89.6741196964231,53.4027556254504,32.6857717584695,159.987315446903,46.4780157521981,155.872964477539,93.0478153354761,86.3969972991943,30.0290753676423,120.984963153569,167.789291381836,142.69022737996,28.6736913973401,32.7170570144291,57.2989873864963,78.6570143617902,21.5254592385046,141.303235008603,135.591432791045,87.9715528349946,12.8776402845471,92.5025225214272,50.7178337845525,178.058736165365,135.66652716965,74.7539790839203,78.6234988366621,131.706030527751,175.17626953125,152.252300643921,83.8697697695564,34.064593333947,192.6516456604,140.475037546836,118.665361092171,145.482275865209,90.487059717593,140.297986135971,0,141.885294947131,198.304784138997,150.917220921192,163.335287094116,112.402880080203,169.802941894531,0,208.643257141113,141.729589385986,134.211598026051,92.8727188688336,141.505005229603,105.019591529162,166.092107137044,195.49278793335,164.093588395552,117.551512578585,144.857642031388,122.360328074521,0,187.475143432617,128.364113136574,141.185420699984
19.6130899760845,142.47833082411,120.976818540052,84.5210640387876,103.931093893855,26.1056183182141,46.4391503973613,57.6505176499808,37.7409408676443,84.6168183147907,96.551541472982,57.7455589232906,106.993804858079,93.2314613250915,22.0879003160417,33.5852125070863,119.521375904913,101.989133960195,92.9737088339669,119.193372777565,103.409161274035,78.2864618800407,86.6218330540608,97.3478360725477,91.8050427594722,101.886956242153,127.937475985359,135.153358076313,92.5025225214272,10.681163288521,31.95033709693,107.692457471575,17.1682814500984,17.208747732826,33.9649040046951,157.80826045445,0,176.52897644043,114.233182862748,138.505312347412,0,181.4108763664,150.377001679974,174.73456126246,125.329857720269,171.347302363469,220.653144836426,220.255737304688,122.726280212402,178.14874875104,0,130.527304513114,171.68888092041,238.174758911133,204.399921417236,186.192108154297,162.337642415365,144.179849624634,181.734694536994,137.823009327145,126.530174255371,174.933045387268,184.727637070876,139.895400684473,173.519422596899,144.190147633455,0,0,158.570606803894,161.854146238233
42.7454016519943,111.995823786809,81.8382912153255,56.7639927629168,118.991944630941,109.113661448161,109.239784577933,22.5627502720808,94.826947353854,58.4743169585942,90.6353229271187,125.790652731191,136.910426330566,144.881284567026,71.2380801317379,106.710661046645,70.781946572151,74.3835748446631,145.593996683757,99.073266946493,144.209615071615,33.4069716114985,59.3714027384342,57.4984342003434,73.4473824018925,149.666110568576,109.549501099846,111.201451024426,50.7178337845525,31.95033709693,11.3606322119115,168.312065124512,123.779030433068,50.8198857334997,32.8482905469145,130.65632686615,109.232406616211,142.125963338216,74.0949047724406,0,0,139.383341008967,120.35153939589,170.709273474557,108.759550094604,180.495413208008,206.436317443848,0,0,155.028939480252,209.737777709961,104.214663557573,157.699476762251,0,158.641326904297,218.761306762695,115.300429005777,75.7155896113469,123.931725675409,111.405800952402,0,179.155160522461,155.288965639861,114.378908504529,136.42591158549,119.148656711657,200.47444152832,0,131.810263061523,130.969935490535
133.179992675781,61.7658252716064,86.1077919006348,57.478115754969,0,104.347160339355,173.33328704834,168.632393973214,159.163844585419,152.280225118001,0,33.82686551841,0,7.97747286732768,127.808464050293,0,108.193946838379,80.8723049163818,52.0348955042222,63.0152391458487,0,0,94.8193626403809,111.007320404053,166.461883544922,47.0070636385963,20.8742218625488,15.4114681599545,178.058736165365,107.692457471575,168.312065124512,6.03568270407118,99.6835975646973,0,75.3257090250651,0,83.6472434997559,200.694458007812,82.684016418457,0,0,0,0,0,218.067520141602,0,113.642192077637,0,98.3964751107352,0,0,0,130.099258422852,103.04651260376,113.567332744598,0,0,121.146766662598,0,170.03239440918,70.3223127282184,111.440388341104,103.431386398943,0,0,0,0,0,0,102.761413574219
80.5118509241053,0,172.393223102276,120.303927466983,133.930752224392,11.1501534140162,24.5429716154317,122.708508082799,19.0539858392402,131.301180158343,121.478222943734,58.5060715701845,115.671241760254,68.6502062388829,15.8301616468751,34.7366002639406,0,165.533209367232,87.8890896965476,88.5938097635905,128.856042308192,148.660862513951,140.844707489014,153.936596870422,145.560854842023,71.2566706339518,128.614845134594,123.190844217936,135.66652716965,17.1682814500984,123.779030433068,99.6835975646973,4.48315713098706,71.9513680594308,32.6753697882999,0,126.673355102539,0,0,0,0,201.92236328125,196.713719685872,217.156084696452,172.671112060547,244.367874145508,0,0,0,234.125457763672,0,0,0,0,0,0,0,215.147964477539,0,183.331158229283,117.918144226074,0,221.629135131836,197.281917572021,207.606791178385,0,0,0,207.627365112305,211.752754211426
28.4882613147071,131.052575111389,111.59639402117,75.9017038714161,99.2999496459961,70.5922724405925,100.519710684722,70.0752077695005,93.0969083574083,72.9123654548938,91.8798685328846,100.545427958171,104.325963338216,137.802854919434,61.6706733798506,96.2000421796526,99.0288915634155,92.9720703732651,128.656828744071,108.259032609033,97.5179820469448,65.2727993154017,82.7288679281871,86.2609936893938,79.5662395066481,113.870193481445,119.631294250488,122.825539582695,74.7539790839203,17.208747732826,50.8198857334997,0,71.9513680594308,10.2207529402717,33.5651592360476,153.916035045277,0,156.248419189453,101.263732910156,0,0,166.548526000977,134.602161510571,167.770776187672,111.653678894043,159.447473526001,0,144.009674072266,0,168.412637149586,0,102.36897277832,166.705642700195,0,0,161.769454956055,149.34274597168,118.199755859375,181.176620483398,122.46819959368,0,195.358905792236,162.730763026646,129.255462887413,164.298990122477,134.729014078776,0,208.21923828125,132.308565775553,156.296321868896
75.7632897539837,60.5696566995948,58.8223079752258,69.3456798913078,100.974753553217,32.9965198312738,83.2248237038242,92.3981707781211,59.860031249888,86.0270359256725,97.3201999203382,21.8326513820713,103.738696465125,50.2543479769917,57.477261849868,90.7569801667157,83.2698014804295,43.6862633725404,60.3679549565186,41.96962751039,98.2809686416235,42.4958633542617,78.0772367697864,46.9501307660721,93.2431150652328,56.1140126330512,60.2155660280121,64.4175899183734,78.6234988366621,33.9649040046951,32.8482905469145,75.3257090250651,32.6753697882999,33.5651592360476,11.3230437791041,141.64197246845,111.723105294364,106.482240023678,92.2513966560364,185.641012191772,209.002563476562,169.480662536621,144.410750638522,180.532352588795,161.206634521484,169.624792916434,138.820187568665,182.133186340332,106.555372238159,180.363063417632,0,118.070890214708,126.672473907471,107.47346496582,120.811563110352,191.593055725098,129.958179292225,93.5993392250755,119.483626990483,132.068152507146,99.0252704620361,118.805461956904,113.173515093695,135.955107090837,167.984921505577,143.50536107082,147.271148681641,0,148.781133015951,145.394492409446
136.501663208008,0,179.608797709147,77.9070918385575,0,0,161.214485755334,147.586181004842,167.511912841797,96.7691612243652,169.26716075224,0,113.29287815094,0,166.225422363281,160.781715393066,109.989585876465,185.664862496512,0,209.424751281738,183.122150421143,138.249372308904,156.285823822021,186.48814239502,126.564276851825,0,197.918969290597,184.218334491436,131.706030527751,157.80826045445,130.65632686615,0,0,153.916035045277,141.64197246845,12.3933328816963,149.701751708984,112.956751337713,72.6417450923844,88.8836581102058,107.050942611694,90.9939914082372,32.6066118080499,46.3695777906989,68.3900682377943,69.5594061995605,126.752632635103,80.5272029113769,139.463260977609,16.6022022024354,101.537715218284,109.345495223999,99.2417208849899,146.156785011292,118.100131578893,81.1006702785074,82.3376244900117,112.058248413934,98.9958686561851,77.0902425439318,117.439628601074,115.998798811048,129.068478152283,80.0501214046191,18.0186509972517,34.7019037364263,159.210436503092,123.643271764119,37.6297477631342,67.3004465854253
0,97.2964027404785,90.3442634914232,67.6941272901452,150.534698486328,0,0,0,0,0,176.928070068359,87.362831388201,0,70.0971992916531,177.172058105469,0,0,104.807392883301,114.514439582825,113.528737809923,0,92.0490798950195,117.400243123372,94.8935661315918,153.15261332194,62.524405778344,98.8971012339872,97.8979238098413,175.17626953125,0,109.232406616211,83.6472434997559,126.673355102539,0,111.723105294364,149.701751708984,6.69026139975716,46.8121968891995,20.2345311539916,0,146.021469116211,161.740737915039,124.317212785993,139.666521708171,73.6911635398865,0,65.0946136181171,108.986572265625,50.5668154907227,146.93293762207,118.562559945243,64.9116833069745,58.9229081643594,64.6297284444173,53.7812032388604,0,84.9969908396403,22.5369742499976,59.6359376907349,70.1283705900867,19.8530393744741,46.693267836067,31.7973641889961,101.08112165663,133.098554992676,98.8524948120117,67.6820137023926,0,104.49696858724,65.0771920181984
159.762803649902,85.7285379480433,92.0782936731974,70.2349288209956,0,208.740768432617,205.8564453125,162.924654824393,191.059528057392,181.100311279297,189.865310668945,131.733135223389,0,129.188861500133,182.642864227295,0,104.003321329753,108.183532566219,125.153842926025,114.182961357964,0,134.418583159751,109.475676727295,101.22187712468,168.247139563927,124.369212559291,99.5954301067602,95.9049359892915,152.252300643921,176.52897644043,142.125963338216,200.694458007812,0,156.248419189453,106.482240023678,112.956751337713,46.8121968891995,13.5122325983939,43.6737089256298,151.348209228516,197.724220275879,139.151350633598,99.874261809308,127.040794996782,114.508042229546,126.860609223357,76.4999115608834,179.82575378418,76.8305325153445,121.778040195129,147.96491417518,84.3035639676181,38.252194518262,82.6349657906426,61.1332351222183,167.365234375,70.6802785777892,45.5610935700768,33.6864653869121,111.128518138503,116.380043029785,25.2232473538246,25.9157760272818,91.3822464139658,135.50003566681,82.5225621672238,76.9083972507053,190.687277657645,108.612030909612,60.0579655227043
