8.59267829951437,117.43533706665,100.222330461065,66.10479015415,93.1822344462077,72.60422706604,70.5741652795824,18.3667755911368,32.5462981059188,68.2931042091519,56.7574444906542,118.132882080078,94.1302154858907,0,17.3490658495786,49.6181831359863,112.57137298584,104.433706743444,149.111010233561,138.263440972132,93.8471488952637,83.8272788281711,91.5747419993083,89.0797556528372,73.86792264192,149.231536865234,117.528117023583,131.698254877207,74.5425967233223,18.0361831775428,32.6934821895931,0,75.2403297424316,58.6679193973541,85.9946138497555,131.521944219416,0,167.92756652832,94.690701007843,0,0,163.884295654297,127.030213241577,154.739369286431,136.29956817627,146.3733253479,0,0,0,150.928368308327,0,142.270023345947,180.96452331543,0,0,0,0,122.998573303223,160.819501241048,112.49075236219,0,0,169.891551208496,123.359117106387,154.076031684875,138.174847920736,0,0,0,160.030479431152
117.43533706665,7.29437265332778,37.7955284295259,15.4131747955984,106.976231384277,151.445376586914,146.646133422852,123.635623168945,165.119735717773,80.4311883381212,128.489105224609,62.2167770385742,86.4228744506836,44.3747255260818,154.602184295654,115.623898258916,46.7980906677246,53.5659862011671,74.8716413057767,59.9998003952987,0,118.008181762695,24.9753446935237,81.0034976535373,89.3405707093603,16.8624469639114,37.3277734553514,26.4653667158312,105.127587869134,128.96270631489,115.350434112549,60.5608122083876,0,157.344950358073,70.4141089916229,0,66.5590343475342,77.7742041128653,60.4627523422241,0,0,0,159.582443237305,167.19709777832,162.80842590332,188.062515258789,0,201.174850463867,95.3115425109863,0,0,128.093612670898,78.0794546944754,0,81.419687906901,0,113.826007843018,76.322390238444,105.492074966431,154.985961914062,66.6069844563802,71.005826293445,66.3152487125237,161.672810872396,0,140.704147338867,0,0,0,104.924905776978
100.222330461065,37.7955284295259,10.425584140354,46.8050113463066,107.512490590413,173.883193969727,126.407302503484,91.250286630086,114.374507107577,104.60137461467,106.6351754536,86.6702572107315,150.050613990197,77.8166082473028,117.347795384271,137.515732235379,76.2201851738824,48.7657151362448,89.8844672961113,76.2601253406422,136.583087921143,62.0870126701537,43.6103099498873,30.3960721231293,105.120689505961,111.324371337891,27.2919535100275,29.4023139384499,78.3771512188594,124.460079356937,87.3889281995369,91.4309645153227,168.84496222602,118.098739878337,65.6782253638627,190.361752319336,93.5290339543269,84.0328501902509,110.602871821477,0,177.184692382812,184.866249084473,160.751582377666,168.649673461914,137.865474065145,162.705991109212,0,0,131.726461138044,202.321450805664,0,104.461508750916,99.4764586394688,0,119.399952888489,0,125.981506347656,86.0309634809734,100.804185581887,146.568912506104,110.361679077148,101.267167973874,85.759193802555,149.674260359544,199.775431706355,134.418741498675,0,0,170.97437286377,110.858680255596
66.10479015415,15.4131747955984,46.8050113463066,12.9014312398461,68.6039478352528,106.828272501628,87.8742052101227,57.076234099296,88.0781891774323,12.6106383357319,77.9695362911949,65.1615667156145,86.426403756869,35.6887926508449,86.7250867608475,83.4869629542033,37.5394244259113,77.5435251490275,68.7996467064167,69.639720796789,93.5356572014945,54.5083195024235,19.2976069257131,53.2602375049784,40.6418920025135,21.2741251813954,43.7734113092372,40.4970621667946,52.0190963263651,82.2129024118872,58.4771902854347,62.8411231994629,129.93721632524,70.0955603027344,78.4767462641922,102.687840895219,58.1149037402609,92.4605995460793,28.3332958716851,156.445022583008,0,179.811004638672,118.63154005393,145.933568000793,31.752016962791,186.279853820801,97.1417594909668,102.914413452148,64.6412276131766,151.313928876604,0,81.777454800076,80.7504198710124,0,59.8372524342638,130.848155975342,64.3749843597412,40.2517154070796,99.3407344458238,91.709835133654,40.9279648917062,54.4120393082087,54.7515949096183,88.7281761169434,106.815398216248,76.1962277094523,74.9046737670898,147.203903198242,114.650712966919,96.0097050666809
93.1822344462077,106.976231384277,107.512490590413,68.6039478352528,10.8721159958465,111.963548872206,76.6672973240891,65.7164815796746,105.175341707865,51.1066668027014,27.110043543476,163.751146952311,37.8389736496584,0,112.297598636512,68.3024999674629,74.1753434632954,177.919111463759,0,192.705795288086,15.8559033436709,84.3841260274251,66.3549460160105,138.980051040649,19.8336797751675,153.349868774414,155.685545349121,106.991941452026,16.8393441927261,104.348637853752,95.0509312278346,0,133.889018249512,84.7524153900146,104.470495979741,172.576610565186,0,156.404729207357,81.467574818929,12.5464642860395,0,147.05774774859,128.478852996826,152.069422403971,99.2732220525327,153.5717052508,0,50.7492374263961,0,161.946087646484,98.7001152038574,153.384490966797,159.452484130859,0,0,55.275153754414,125.111083984375,103.73690032959,184.228778076172,92.6745589781274,0,0,162.22624206543,84.7009901838788,161.803720092773,146.706939697266,0,0,153.222930908203,164.743843078613
72.60422706604,151.445376586914,173.883193969727,106.828272501628,111.963548872206,7.10324998615908,11.8367937612385,102.630516501034,25.3354833928466,55.1346200004457,109.485346695472,58.0341854095459,75.4027351491592,0,34.0388826967097,17.0673332392732,0,161.272285461426,96.0891036987305,103.730511665344,105.10320892334,0,112.760660807292,144.004025777181,84.1976207733154,166.779228210449,157.538303375244,147.074947902134,108.920843801191,24.5920572513487,0,0,12.2026466763486,118.297843933105,32.8929286354467,0,0,0,0,0,0,0,173.044937133789,0,0,0,0,112.973751068115,0,0,0,0,0,0,0,0,0,0,0,0,0,0,0,0,0,0,0,0,0,0
70.5741652795824,146.646133422852,126.407302503484,87.8742052101227,76.6672973240891,11.8367937612385,10.3297476840375,67.6761286255427,18.4113251897636,65.0464798108799,31.4472840404328,84.2622837577898,24.5472751493425,128.226589202881,41.4639178748551,17.089974558993,122.654709625244,136.418507884099,168.9704246521,157.632601854278,59.541623299582,135.130684939298,111.30693769455,118.963257940646,73.5991627599882,144.804077148438,145.616226196289,153.844522402837,75.2339535608089,38.4578313570666,92.934774371161,0,24.7013815095921,86.9906848104377,65.5630261418003,156.86801474435,0,193.046795654297,96.0155029296875,121.853196811676,0,158.002186494715,144.122988967896,179.397278849284,102.607592547381,158.679755783081,0,105.928161621094,0,176.575831095378,90.5060691833496,195.938014984131,0,0,0,153.182324113517,196.874897003174,152.522308349609,189.623389350043,116.795297551283,0,217.09391784668,197.52638898577,144.793978191557,187.642472839355,150.33568572998,0,0,163.053466796875,195.842198689779
18.3667755911368,123.635623168945,91.250286630086,57.076234099296,65.7164815796746,102.630516501034,67.6761286255427,9.6777103375111,49.0499532704131,52.0563206622878,14.6264347619432,141.044367472331,64.8725748355572,165.955131530762,41.9560813014389,79.262517254762,84.5187843220116,107.867886124414,151.817886352539,154.004278818766,95.3139484950474,66.4918521211681,83.5049408582541,76.8731482917011,47.9460937080571,0,122.163003773707,103.417610270889,27.3968056198033,70.0041008774462,20.2266395045312,0,120.540463038853,67.4005745901913,84.1944955513599,130.128765339754,164.165130615234,161.267503893053,72.5307828638884,135.125916816093,0,137.718845315176,116.932606907759,143.391513170515,94.8277778625488,139.181242152623,0,130.340220601935,0,146.854176602121,0,141.860347538204,184.255897521973,0,0,135.742324102493,155.564048156738,114.577095031738,145.81839940789,102.947811511477,0,184.621182250977,161.347869550678,118.367290075054,155.146167381137,131.642362936949,0,214.949783325195,145.536313143643,166.893308367048
32.5462981059188,165.119735717773,114.374507107577,88.0781891774323,105.175341707865,25.3354833928466,18.4113251897636,49.0499532704131,9.79167466148765,84.0140445888442,37.1120986933795,77.3322130151697,79.060532878893,121.312366138805,17.8270369122513,38.9229158412911,118.770475907759,131.444109935352,166.408924396221,156.134515248477,94.9113940687369,111.1144304194,107.277739933559,105.949583337441,85.5240454272036,154.237091064453,136.291424500142,144.149327400403,86.01021607177,31.4976815778443,80.8296061581786,99.6463317871094,18.2346672826229,83.3419759490273,58.2119678408817,158.688282213713,0,188.689255777995,103.525221061707,154.368582292037,0,162.717998962402,142.244315869001,169.211139547414,138.737001037598,162.098240132235,0,102.542750271884,0,171.476019425826,0,163.801610310872,223.899887084961,0,0,174.129944541238,166.268086751302,151.956784929548,174.003269195557,130.81268357497,0,215.37516784668,183.218274797712,144.680274707645,195.736803556743,158.121185302734,0,0,153.598617553711,188.382902145386
68.2931042091519,80.4311883381212,104.60137461467,12.6106383357319,51.1066668027014,55.1346200004457,65.0464798108799,52.0563206622878,84.0140445888442,7.3613271613786,64.7161986775406,121.803982432296,18.6174497549781,118.19470899533,88.498009991494,21.5792517581999,38.3450806595897,130.510788122813,147.887288411458,141.994850354317,51.888886904371,88.797473526001,24.4698062401381,100.445313341477,21.8599331550933,103.467971968897,119.129473893539,102.108583094026,47.7364634743476,83.2207921942075,59.3251895904541,138.925374348958,97.3955434163411,70.9603702650158,92.9094579734054,171.041191101074,0,137.778153852983,47.9657526016235,89.7465570889986,0,138.752365112305,124.085956204322,167.813372802734,63.0327103614807,161.509198869978,210.040328979492,63.8997804853651,0,155.787658691406,0,157.389354705811,180.045394897461,0,157.556335449219,137.540323893229,115.843881607056,46.9369239807129,142.823125362396,106.012197000009,0,175.944381713867,149.474272988059,94.7840396082678,139.72864818573,81.2170968055725,0,0,0,131.115664482117
56.7574444906542,128.489105224609,106.6351754536,77.9695362911949,27.110043543476,109.485346695472,31.4472840404328,14.6264347619432,37.1120986933795,64.7161986775406,10.4766920712783,144.527162679036,27.7977445693319,151.823318481445,58.557054633643,70.8709715117449,97.1901929974556,148.929681177009,204.484725952148,176.669771728516,14.2348847345277,102.829942407742,89.9146132998996,99.2631602617512,61.1679335891223,148.391153971354,136.636809441351,119.874183825411,25.0984435298348,90.371377954396,98.849467554036,0,118.206784820557,78.9019475036793,94.5170496020311,140.636208597819,0,184.389018467494,85.2728956708256,108.578990627523,0,149.083598225911,136.142361635661,166.963036019461,97.7179018905739,153.155855680767,0,90.1095265265434,0,175.943504920373,114.639270019531,152.021417890276,0,0,0,148.898879331701,190.062961578369,117.746028137207,166.012439054601,111.171104409539,0,0,170.302552286784,143.145030282995,183.228825251261,157.767119089762,0,0,173.831420898438,185.817137284712
118.132882080078,62.2167770385742,86.6702572107315,65.1615667156145,163.751146952311,58.0341854095459,84.2622837577898,141.044367472331,77.3322130151697,121.803982432296,144.527162679036,11.9909395929435,128.977079603407,20.1030918900971,88.6474503725767,79.2582559585571,122.084007263184,53.2203315441035,25.134434659761,24.1846536866475,148.330834960937,80.9412839072091,92.0829917362758,71.2417199034983,148.619940863715,29.4008554096392,24.33414763761,54.5027293250674,129.362763468424,78.5977805296082,104.221403557914,32.8131834749253,56.4804154502021,119.169253879123,25.3113626948778,0,0,125.884678310818,141.642318725586,0,0,223.606231689453,216.666558837891,235.177612304688,0,231.594696044922,89.1241505940755,143.052841186523,99.3985580444336,0,0,160.197982788086,0,93.8295516967773,95.4452835083008,0,168.979242960612,159.482322692871,161.29274597168,0,47.1848115921021,105.617378028663,111.834453499835,193.377545166016,0,0,105.08137512207,0,0,141.560577392578
94.1302154858907,86.4228744506836,150.050613990197,86.426403756869,37.8389736496584,75.4027351491592,24.5472751493425,64.8725748355572,79.060532878893,18.6174497549781,27.7977445693319,128.977079603407,11.468026875159,0,95.2403906990649,17.9417401966162,90.190837097168,173.425029209682,133.160400390625,187.583282470703,18.5639649889704,159.598129272461,93.568510055542,183.180248260498,29.5342864740506,0,199.757749557495,150.201354980469,48.7155369622367,98.1426437782806,139.450970967611,0,105.473855044864,97.4379477867713,97.8798398283339,132.753931681315,0,0,83.5253972699565,56.7645138513403,0,60.040318026401,139.634844162885,115.548100625315,81.3454150538291,83.1614422439247,0,14.6949899933378,0,121.118846186885,55.9946257019043,0,0,0,0,19.4489294109095,0,0,198.705947875977,96.0184850648801,0,0,0,118.312252924992,132.624610137939,0,0,140.462905883789,0,126.544053511186
0,44.3747255260818,77.8166082473028,35.6887926508449,0,0,128.226589202881,165.955131530762,121.312366138805,118.19470899533,151.823318481445,20.1030918900971,0,7.62787718533805,125.209068991921,144.619644165039,145.499855041504,90.1638789367676,45.0013379992152,56.710194161853,0,140.620330810547,82.1563974713522,90.2301902770996,131.877886736834,18.4454695916325,21.7308957706626,31.8573725834952,151.725169590541,96.7790869304112,135.484375,11.1929707943911,78.0401032765706,127.657386779785,46.1052608794678,0,57.8058606465658,123.103057861328,52.0707897387053,0,0,0,0,0,138.199718475342,0,71.207275390625,0,71.533739566803,205.241058349609,0,0,105.353652954102,83.8647270202637,86.8853664398193,0,0,105.752722796272,0,155.309768676758,42.6856585711968,82.7488661165591,80.0355230905477,227.467849731445,0,0,95.8687613351004,0,0,0
17.3490658495786,154.602184295654,117.347795384271,86.7250867608475,112.297598636512,34.0388826967097,41.4639178748551,41.9560813014389,17.8270369122513,88.498009991494,58.557054633643,88.6474503725767,95.2403906990649,125.209068991921,10.117882100991,55.7803688381029,134.151501742276,124.886847879268,144.610042572021,148.040744677771,108.525087718722,106.69289273597,126.693933275011,107.843097469178,94.0905669048084,163.153879801432,138.105719607809,142.786907665138,94.3038395534114,20.6986443587181,68.9078741354273,170.728942871094,15.5618812929107,64.0889960896899,57.4557477763167,160.704565609203,0,189.795240402222,100.883411693573,151.373787403107,0,175.63969203404,152.229769545818,178.015677642822,131.718013763428,183.309847663431,0,107.632475535075,0,176.467326308742,0,177.841915130615,207.915487670898,0,0,171.77303641183,164.491943359375,144.208831787109,181.421272277832,140.265565134313,0,196.883585611979,187.981758363785,148.373680821717,190.096557617188,157.588135613336,0,0,160.16633605957,189.51877784729
49.6181831359863,115.623898258916,137.515732235379,83.4869629542033,68.3024999674629,17.0673332392732,17.089974558993,79.262517254762,38.9229158412911,21.5792517581999,70.8709715117449,79.2582559585571,17.9417401966162,144.619644165039,55.7803688381029,9.01480347930616,62.4970893859863,152.990634624775,0,136.622974395752,49.8812975120544,167.301315307617,80.8714354197184,123.782662963867,57.5767720457795,135.344141642253,151.741667005751,129.717780322563,72.407374620996,48.6713501534811,126.489555358887,189.675262451172,36.6630734839209,95.7903246198382,72.8552015032087,171.921417236328,0,0,113.59722366333,118.224321746826,0,141.201604207357,166.241517203195,0,100.029953956604,171.747308519151,0,70.3220129394531,0,0,0,0,224.20295715332,0,0,111.222554206848,0,0,183.892044067383,123.158090342646,0,184.888626098633,160.08723449707,148.410325050354,0,0,0,0,0,0
112.57137298584,46.7980906677246,76.2201851738824,37.5394244259113,74.1753434632954,0,122.654709625244,84.5187843220116,118.770475907759,38.3450806595897,97.1901929974556,122.084007263184,90.190837097168,145.499855041504,134.151501742276,62.4970893859863,9.32999993753172,93.6342848830336,0,127.614586871603,0,21.811462569298,26.5339637313021,17.3751306921347,35.5094476225573,108.290573466908,96.6926827266299,20.0818106446414,41.7312077572111,109.921088723575,74.0238095526915,0,186.513442993164,88.643741607666,71.6164608738453,148.351257324219,0,100.434976252114,60.354935268561,103.475105285645,0,239.822952270508,133.973238327924,150.603057861328,57.6404705407485,163.185508728027,0,0,0,148.044153849284,233.577346801758,74.2551943841566,133.104113859289,0,142.631652832031,0,103.234843511717,52.4853124947384,94.6290335774731,106.480713902688,0,132.453600103205,100.468310622695,107.696108797171,127.535440717425,102.717241999308,0,0,107.38462638855,111.827834751295
104.433706743444,53.5659862011671,48.7657151362448,77.5435251490275,177.919111463759,161.272285461426,136.418507884099,107.867886124414,131.444109935352,130.510788122813,148.929681177009,53.2203315441035,173.425029209682,90.1638789367676,124.886847879268,152.990634624775,93.6342848830336,10.1986250597166,74.7610376502285,27.132337864972,193.650466918945,50.9391407681208,76.4036084955389,31.200963459152,127.2679210104,88.8347541809082,31.0012321891091,67.7476446405435,108.986933145768,115.910650190264,76.8466984844889,91.7296221697772,140.222080924294,111.550133734393,40.4591213206102,172.678548177083,101.232221603394,108.569077099759,118.147321147303,0,0,213.389755249023,183.171544211251,185.702621459961,127.179465399848,218.650901794434,136.144515991211,0,134.07723236084,207.198911394392,199.163391113281,133.703639008278,118.731085530828,0,133.401088513826,0,147.539157594953,100.929509950721,133.355626649494,169.086557812161,127.271919250488,114.462310391222,108.407920739117,164.679221307664,195.313956366645,156.734198310158,175.366958618164,0,0,149.792419433594
149.111010233561,74.8716413057767,89.8844672961113,68.7996467064167,0,96.0891036987305,168.9704246521,151.817886352539,166.408924396221,147.887288411458,204.484725952148,25.134434659761,133.160400390625,45.0013379992152,144.610042572021,0,0,74.7610376502285,7.38938429227801,13.4483670934637,0,118.861031668527,103.990673610142,105.655140161514,0,45.9980447188668,22.9992553238178,57.1821036690901,168.642932891846,139.431085553086,135.48380279541,53.2878707922422,93.3897033691406,141.489447021484,63.3776249674244,0,0,152.068489074707,90.7653249104818,0,0,0,0,0,0,0,100.873210906982,0,117.170712471008,0,0,196.538864135742,115.418487548828,0,91.5685195922852,0,0,0,167.592819213867,0,68.6985232035319,108.366113789876,110.667411560708,0,0,0,115.367603302002,0,0,92.3339080810547
138.263440972132,59.9998003952987,76.2601253406422,69.639720796789,192.705795288086,103.730511665344,157.632601854278,154.004278818766,156.134515248477,141.994850354317,176.669771728516,24.1846536866475,187.583282470703,56.710194161853,148.040744677771,136.622974395752,127.614586871603,27.132337864972,13.4483670934637,11.4192211579981,0,91.8522738485625,93.1675677632177,73.3876121406784,156.20877976851,46.3089602128515,27.958307100657,67.2510235804216,149.538601801946,133.286007925648,109.5143493004,67.8705658806695,96.7353987012591,130.288472219614,45.5317231943103,191.703594207764,115.424919128418,128.118380757121,117.777369689941,214.387313842773,0,0,194.66140238444,0,159.185721079508,0,123.175910949707,0,145.624183654785,229.982971191406,0,167.264985518022,131.316817650428,158.048431396484,113.758711678641,0,160.193202972412,141.758735656738,155.590225219727,185.056311471122,107.811029434204,107.692863251772,112.458893855413,185.545245700412,220.754096984863,163.730753580729,131.924980163574,0,210.144058227539,136.905267333984
93.8471488952637,0,136.583087921143,93.5356572014945,15.8559033436709,105.10320892334,59.541623299582,95.3139484950474,94.9113940687369,51.888886904371,14.2348847345277,148.330834960937,18.5639649889704,0,108.525087718722,49.8812975120544,0,193.650466918945,0,0,11.278020870072,187.518409729004,124.33406829834,149.418950398763,26.6866031192144,0,0,135.230010986328,31.2037012778684,101.6454167613,0,0,128.166696901675,118.569009780884,102.3516904329,0,0,0,94.6536097208659,28.515301575095,0,159.205453491211,145.983405521938,153.918309529622,91.9761550426483,159.161249389648,0,22.2136105587988,0,200.52685546875,118.799263000488,0,0,0,0,86.6353317896525,0,0,0,111.9780846732,0,0,0,160.015543619792,0,0,0,0,0,212.11213684082
83.8272788281711,118.008181762695,62.0870126701537,54.5083195024235,84.3841260274251,0,135.130684939298,66.4918521211681,111.1144304194,88.797473526001,102.829942407742,80.9412839072091,159.598129272461,140.620330810547,106.69289273597,167.301315307617,21.811462569298,50.9391407681208,118.861031668527,91.8522738485625,187.518409729004,10.6167190227637,59.3232577251412,28.0047848766438,37.9973468180902,119.878120422363,95.320955419816,81.9508033343724,29.566643119868,85.1582830520696,26.6442762987211,116.850166320801,143.978831481934,75.0621200471412,39.235906933442,156.055921427409,0,117.390740645559,70.4928410639528,0,0,165.45414352417,135.286941240419,185.380523681641,63.7268152797923,154.896965026855,0,0,0,138.798227945964,0,110.027182264352,148.177931043837,0,182.577346801758,0,108.355412862387,76.9151688541274,113.723644542045,110.464989141984,0,158.486450195312,123.590376726786,108.701235252844,138.455647277832,103.303719619722,0,0,116.604771296183,134.669176256334
91.5747419993083,24.9753446935237,43.6103099498873,19.2976069257131,66.3549460160105,112.760660807292,111.30693769455,83.5049408582541,107.277739933559,24.4698062401381,89.9146132998996,92.0829917362758,93.568510055542,82.1563974713522,126.693933275011,80.8714354197184,26.5339637313021,76.4036084955389,103.990673610142,93.1675677632177,124.33406829834,59.3232577251412,8.66957862362545,50.3886684370816,33.1746332156442,64.1948650569132,74.3916644742412,28.2321748834047,59.3234176276222,95.1155724380956,61.3609374909711,0,138.048324584961,79.5972684224447,66.0390994365399,104.012489318848,69.2871780395508,68.0624764033726,32.8444409370422,0,0,158.791442871094,126.455994567871,196.762069702148,11.6874174985019,181.030258178711,0,209.063186645508,0,0,0,56.1280913580032,71.9613797114446,0,107.077682495117,0,76.8451212474278,12.5555800345906,67.8567605199693,112.328532050638,145.021881103516,103.510105133057,66.2494799595959,106.825146754583,118.464950561523,90.9380264282227,0,0,0,70.1565146446228
89.0797556528372,81.0034976535373,30.3960721231293,53.2602375049784,138.980051040649,144.004025777181,118.963257940646,76.8731482917011,105.949583337441,100.445313341477,99.2631602617512,71.2417199034983,183.180248260498,90.2301902770996,107.843097469178,123.782662963867,17.3751306921347,31.200963459152,105.655140161514,73.3876121406784,149.418950398763,28.0047848766438,50.3886684370816,16.1327388385087,56.0899392368014,78.6610946655273,65.9688933152861,42.3079542874665,50.5370479937077,104.551079013639,56.8585640923861,115.293729782104,134.621732711792,96.8289687651441,49.7731722025915,154.060460707721,126.987243652344,100.716947934889,79.1083903824988,0,0,200.303246392144,158.50781768146,178.566082763672,87.3561190196446,175.943197462294,163.152923583984,167.074569702148,178.193725585938,188.46378326416,0,100.844015853534,124.5363135416,0,149.681387329102,0,107.063582190152,67.6433182670957,103.81896735653,127.27438420643,212.904876708984,137.907752574574,104.426415089373,126.27413157725,169.285060337612,109.997537550719,0,237.275985717773,128.494565691267,118.573269374787
73.86792264192,89.3405707093603,105.120689505961,40.6418920025135,19.8336797751675,84.1976207733154,73.5991627599882,47.9460937080571,85.5240454272036,21.8599331550933,61.1679335891223,148.619940863715,29.5342864740506,131.877886736834,94.0905669048084,57.5767720457795,35.5094476225573,127.2679210104,0,156.20877976851,26.6866031192144,37.9973468180902,33.1746332156442,56.0899392368014,9.5714492268783,116.665083253538,134.509674204951,84.250436588789,21.3710799412554,84.3233765615544,69.064051222241,158.888615926107,126.613369281475,68.3527675609963,76.2834942859152,118.936683797836,138.976150512695,134.433861970901,61.6675425298006,100.522784650326,0,127.032756981483,109.069754301936,137.921897040473,62.1161312623457,137.725115537643,171.401962280273,83.4873683452606,0,142.401771029911,0,120.115544858186,165.647894965278,0,0,133.991842072586,112.120705619691,80.672226746877,129.561383650607,38.3348714500321,0,171.183363596598,142.169918902509,106.349629132045,141.970784620805,104.520345257175,0,0,135.871224539621,141.97909380042
149.231536865234,16.8624469639114,111.324371337891,21.2741251813954,153.349868774414,166.779228210449,144.804077148438,0,154.237091064453,103.467971968897,148.391153971354,29.4008554096392,0,18.4454695916325,163.153879801432,135.344141642253,108.290573466908,88.8347541809082,45.9980447188668,46.3089602128515,0,119.878120422363,64.1948650569132,78.6610946655273,116.665083253538,9.81575284035399,36.6734983825684,23.3168630028764,137.266106305804,142.460450744629,138.874290466309,49.3144001527266,95.7548522949219,0,55.0378193574793,0,54.0213827610016,120.340965270996,53.351121213701,0,0,0,0,0,139.041971842448,0,75.5438718795776,0,73.6201344576749,212.127059936523,0,0,100.947372436523,66.7263870239258,73.3274740331313,0,0,94.486686706543,0,153.528503417969,38.020826558161,70.8537216320372,68.5552251580056,0,0,109.487998962402,83.1260627746582,0,168.222152709961,74.2852172851562
117.528117023583,37.3277734553514,27.2919535100275,43.7734113092372,155.685545349121,157.538303375244,145.616226196289,122.163003773707,136.291424500142,119.129473893539,136.636809441351,24.33414763761,199.757749557495,21.7308957706626,138.105719607809,151.741667005751,96.6926827266299,31.0012321891091,22.9992553238178,27.958307100657,0,95.320955419816,74.3916644742412,65.9688933152861,134.509674204951,36.6734983825684,13.9468981759794,35.7404152602664,126.939664651682,132.492367313598,117.384384197503,31.7495876031708,157.910740443638,127.94564196938,67.9865861827167,184.708307902018,96.1359107034248,105.31426944608,88.8700973987579,0,0,0,176.007478796917,185.148966471354,169.64300264631,210.350021362305,95.988358001709,0,110.00871628406,187.991209242079,0,137.242702007294,108.694329525064,112.578220367432,101.445682014738,0,160.316137041364,117.611442315774,134.507841746012,170.034861755371,72.2974550413049,90.7319211246776,93.6928213665814,183.45355758667,182.758917914497,170.721576088353,110.879416942596,0,221.333297729492,116.752195303781
131.698254877207,26.4653667158312,29.4023139384499,40.4970621667946,106.991941452026,147.074947902134,153.844522402837,103.417610270889,144.149327400403,102.108583094026,119.874183825411,54.5027293250674,150.201354980469,31.8573725834952,142.786907665138,129.717780322563,20.0818106446414,67.7476446405435,57.1821036690901,67.2510235804216,135.230010986328,81.9508033343724,28.2321748834047,42.3079542874665,84.250436588789,23.3168630028764,35.7404152602664,13.1677388977847,75.8223093412873,139.88930978214,107.254124890203,13.9840751644459,139.890190124512,129.459471445235,70.5921165883758,175.43794973273,89.1792898813883,85.4381639717955,87.4721476287842,0,0,213.972094726562,156.99744678679,188.720557803199,136.296850265995,173.719904849404,98.5226007119203,0,116.714249695239,186.997171020508,196.673699951172,97.0764097282087,104.246231344682,88.4618097941081,106.046327628341,0,117.808349359815,74.176135840365,98.9122101793903,142.833180891906,76.7311397447978,93.422405725843,88.1209343586959,143.258257259724,196.084735870361,133.093436813354,120.084723790487,151.030792236328,198.276134490967,113.123221803323
74.5425967233223,105.127587869134,78.3771512188594,52.0190963263651,16.8393441927261,108.920843801191,75.2339535608089,27.3968056198033,86.01021607177,47.7364634743476,25.0984435298348,129.362763468424,48.7155369622367,151.725169590541,94.3038395534114,72.407374620996,41.7312077572111,108.986933145768,168.642932891846,149.538601801946,31.2037012778684,29.566643119868,59.3234176276222,50.5370479937077,21.3710799412554,137.266106305804,126.939664651682,75.8223093412873,10.6368691585984,84.9910485208189,36.228080132102,179.42360941569,131.731668744768,62.3927261016666,56.9787823352926,122.186681591735,171.453277587891,144.626198299347,65.3728074494356,100.32834986885,0,146.049153438834,115.779799564299,139.441252814399,83.7076902036314,145.047114085282,217.752784729004,87.8503449757894,0,142.291143355831,173.554481506348,120.154080232661,163.085016174316,0,197.841817220052,141.994083996477,111.221727112193,85.7017191870738,130.189105502895,104.055248628776,0,176.032378060477,147.961597263813,106.824536674308,135.476909336899,105.287713045199,0,192.571166992188,131.051608972382,145.330862545273
18.0361831775428,128.96270631489,124.460079356937,82.2129024118872,104.348637853752,24.5920572513487,38.4578313570666,70.0041008774462,31.4976815778443,83.2207921942075,90.371377954396,78.5977805296082,98.1426437782806,96.7790869304112,20.6986443587181,48.6713501534811,109.921088723575,115.910650190264,139.431085553086,133.286007925648,101.6454167613,85.1582830520696,95.1155724380956,104.551079013639,84.3233765615544,142.460450744629,132.492367313598,139.88930978214,84.9910485208189,10.6831287398295,32.4331262738273,185.495010375977,12.0373689169223,23.6515523705021,43.4316304942272,154.643188124437,0,180.701581319173,96.1459451981777,149.323537411897,0,179.423310891176,148.217119501727,172.007397079468,125.867935453142,184.957145945231,0,127.279482269287,0,170.545878375018,211.468597412109,145.705322265625,205.992950439453,0,0,181.450268085186,143.316279484675,146.038861592611,167.49481127339,135.284842569768,0,187.99454498291,178.823727788152,137.354796388351,171.999836250588,132.312625191428,0,240.719528198242,160.168421427409,171.826247271369
32.6934821895931,115.350434112549,87.3889281995369,58.4771902854347,95.0509312278346,0,92.934774371161,20.2266395045312,80.8296061581786,59.3251895904541,98.849467554036,104.221403557914,139.450970967611,135.484375,68.9078741354273,126.489555358887,74.0238095526915,76.8466984844889,135.48380279541,109.5143493004,0,26.6442762987211,61.3609374909711,56.8585640923861,69.064051222241,138.874290466309,117.384384197503,107.254124890203,36.228080132102,32.4331262738273,11.1438291213795,140.004249572754,110.427847726004,44.9501242970846,32.923377637437,129.759365702784,0,146.046487761707,71.4554311731359,172.338638305664,0,144.954382462935,123.794436537189,150.537420306289,69.4866941651302,167.498785972595,0,0,0,160.696863570303,0,113.165134205538,172.255145424291,0,172.058797200521,148.727416992188,115.674057904412,79.2278386751811,133.782994002439,112.673539505005,0,175.933921051025,145.267712230414,113.009408275497,140.49098306332,107.562536156696,199.744979858398,0,145.4390738351,147.874116462574
0,60.5608122083876,91.4309645153227,62.8411231994629,0,0,0,0,99.6463317871094,138.925374348958,0,32.8131834749253,0,11.1929707943911,170.728942871094,189.675262451172,0,91.7296221697772,53.2878707922422,67.8705658806695,0,116.850166320801,0,115.293729782104,158.888615926107,49.3144001527266,31.7495876031708,13.9840751644459,179.42360941569,185.495010375977,140.004249572754,5.23294171560458,0,0,73.1174951368763,0,0,137.04460144043,69.7830861409505,0,0,0,0,0,0,0,0,0,125.650207519531,0,0,0,0,0,0,0,173.915710449219,0,137.010955810547,0,63.7168807983398,112.615838424019,109.698636191232,0,0,0,100.889915466309,0,0,135.054183959961
75.2403297424316,0,168.84496222602,129.93721632524,133.889018249512,12.2026466763486,24.7013815095921,120.540463038853,18.2346672826229,97.3955434163411,118.206784820557,56.4804154502021,105.473855044864,78.0401032765706,15.5618812929107,36.6630734839209,186.513442993164,140.222080924294,93.3897033691406,96.7353987012591,128.166696901675,143.978831481934,138.048324584961,134.621732711792,126.613369281475,95.7548522949219,157.910740443638,139.890190124512,131.731668744768,12.0373689169223,110.427847726004,0,4.95352536352318,84.2701269785563,34.1998035945372,199.29280090332,0,0,0,0,0,205.761917114258,187.287564364347,0,0,197.934616088867,0,131.071212768555,0,0,0,0,0,0,0,0,0,0,227.772674560547,165.946098327637,0,0,0,197.087040492467,0,0,0,0,0,0
58.6679193973541,157.344950358073,118.098739878337,70.0955603027344,84.7524153900146,118.297843933105,86.9906848104377,67.4005745901913,83.3419759490273,70.9603702650158,78.9019475036793,119.169253879123,97.4379477867713,127.657386779785,64.0889960896899,95.7903246198382,88.643741607666,111.550133734393,141.489447021484,130.288472219614,118.569009780884,75.0621200471412,79.5972684224447,96.8289687651441,68.3527675609963,0,127.94564196938,129.459471445235,62.3927261016666,23.6515523705021,44.9501242970846,0,84.2701269785563,8.84146795198486,18.0137845082808,138.879002380371,0,214.63655090332,90.0096106756301,152.618148803711,0,162.431498209635,132.373157198467,158.988231658936,137.422718048096,161.793151855469,0,0,0,162.436215487393,0,136.557388305664,213.81916809082,0,0,176.455871582031,150.02040608724,130.43147277832,149.100604587131,127.177068328857,0,0,186.888392130534,121.965341620489,149.135878668891,115.74711227417,0,0,144.199798583984,168.265907287598
85.9946138497555,70.4141089916229,65.6782253638627,78.4767462641922,104.470495979741,32.8929286354467,65.5630261418003,84.1944955513599,58.2119678408817,92.9094579734054,94.5170496020311,25.3113626948778,97.8798398283339,46.1052608794678,57.4557477763167,72.8552015032087,71.6164608738453,40.4591213206102,63.3776249674244,45.5317231943103,102.3516904329,39.235906933442,66.0390994365399,49.7731722025915,76.2834942859152,55.0378193574793,67.9865861827167,70.5921165883758,56.9787823352926,43.4316304942272,32.923377637437,73.1174951368763,34.1998035945372,18.0137845082808,12.8720556816663,158.402102543758,0,110.659933584708,96.7910005522937,140.792358398438,0,171.261276245117,150.660442023442,171.604568481445,121.347638448079,181.713884480794,146.994125366211,137.628201293945,140.400291442871,177.380209786551,0,119.617286392405,136.357793172201,0,141.28698425293,188.118723551432,128.214487791061,91.140468195865,117.458277413504,134.98792560284,0,124.272420766402,114.913111104594,134.472006389073,159.152855613015,113.459179326108,0,0,154.638214111328,158.173704783122
131.521944219416,0,190.361752319336,102.687840895219,172.576610565186,0,156.86801474435,130.128765339754,158.688282213713,171.041191101074,140.636208597819,0,132.753931681315,0,160.704565609203,171.921417236328,148.351257324219,172.678548177083,0,191.703594207764,0,156.055921427409,104.012489318848,154.060460707721,118.936683797836,0,184.708307902018,175.43794973273,122.186681591735,154.643188124437,129.759365702784,0,199.29280090332,138.879002380371,158.402102543758,9.93656387680062,140.072408040365,101.207392135469,63.6251909007197,81.2215806670108,84.0332069396973,81.180105380911,27.6424570203824,40.8716454660623,64.2764307086387,68.0535284120282,125.882726183125,91.9239995586338,149.085510253906,22.75371877327,83.6858139038086,99.6059358384874,110.929255584191,147.28918762207,126.449511822005,84.7054805240116,79.9338602988136,111.360598246257,100.065936892051,61.2192427834198,0,126.064219029254,135.905269505787,72.9605872457391,15.072989091352,20.1248534783942,160.996490478516,101.509539152447,40.1312733465625,65.1474885496801
0,66.5590343475342,93.5290339543269,58.1149037402609,0,0,0,164.165130615234,0,0,0,0,0,57.8058606465658,0,0,0,101.232221603394,0,115.424919128418,0,0,69.2871780395508,126.987243652344,138.976150512695,54.0213827610016,96.1359107034248,89.1792898813883,171.453277587891,0,0,0,0,0,0,140.072408040365,8.29000938162619,38.5356437743656,11.6093142080193,0,0,132.060195922852,123.166996765137,0,73.8712526556564,0,61.5800235582435,99.4207534790039,52.3359612234079,150.360687255859,146.408828735352,64.793332920518,57.9278921399798,53.3989562988281,55.4601525442941,0,98.0415420532227,31.7422775466057,87.7393434697931,82.5068463435789,18.7052595682903,47.6703996192084,31.6109274962635,117.929204668318,123.829193115234,114.019373575846,69.1672172546387,0,175.397491455078,60.0313321068173
167.92756652832,77.7742041128653,84.0328501902509,92.4605995460793,156.404729207357,0,193.046795654297,161.267503893053,188.689255777995,137.778153852983,184.389018467494,125.884678310818,0,123.103057861328,189.795240402222,0,100.434976252114,108.569077099759,152.068489074707,128.118380757121,0,117.390740645559,68.0624764033726,100.716947934889,134.433861970901,120.340965270996,105.31426944608,85.4381639717955,144.626198299347,180.701581319173,146.046487761707,137.04460144043,0,214.63655090332,110.659933584708,101.207392135469,38.5356437743656,8.81020473125522,69.2878869771957,145.734505462646,135.493465423584,120.158715577252,88.5262842572768,109.938715813483,94.9344328210709,109.298466790185,90.182511806488,159.9270564488,101.371829223633,113.933328872336,125.187542506627,65.701036575513,27.3359481623194,111.197293599447,52.9957617438883,140.610520935059,55.12700527887,38.9325303235232,21.0140797279476,98.4368068238963,78.6538848876953,20.3886601395137,20.8018460244722,72.804705437096,129.840562612209,75.4762602064345,95.3921781267439,126.330221176147,127.454184312087,65.3904468528295
94.690701007843,60.4627523422241,110.602871821477,28.3332958716851,81.467574818929,0,96.0155029296875,72.5307828638884,103.525221061707,47.9657526016235,85.2728956708256,141.642318725586,83.5253972699565,52.0707897387053,100.883411693573,113.59722366333,60.354935268561,118.147321147303,90.7653249104818,117.777369689941,94.6536097208659,70.4928410639528,32.8444409370422,79.1083903824988,61.6675425298006,53.351121213701,88.8700973987579,87.4721476287842,65.3728074494356,96.1459451981777,71.4554311731359,69.7830861409505,0,90.0096106756301,96.7910005522937,63.6251909007197,11.6093142080193,69.2878869771957,12.7061540937163,70.0655840484189,67.13037109375,78.1290107241945,52.357709293815,80.033814185175,19.7165038147519,73.8993976147144,93.0824478149414,62.3563316608297,63.729887120864,83.1455163930658,59.2137741851807,38.2436008071,84.0754676183065,0,91.031696955363,67.1995659397073,49.050382899728,22.0544462945529,49.3525658379364,34.9708428216762,33.068748511362,53.4606741426137,37.061035095828,46.9311625616891,76.63460813886,44.5636783303625,71.5499420166016,0,70.4955753857576,75.2923706303472
0,0,0,156.445022583008,12.5464642860395,0,121.853196811676,135.125916816093,154.368582292037,89.7465570889986,108.578990627523,0,56.7645138513403,0,151.373787403107,118.224321746826,103.475105285645,0,0,214.387313842773,28.515301575095,0,0,0,100.522784650326,0,0,0,100.32834986885,149.323537411897,172.338638305664,0,0,152.618148803711,140.792358398438,81.2215806670108,0,145.734505462646,70.0655840484189,9.17573574463396,0,55.4804444665259,66.415702900988,94.9920587687912,61.5673342879101,18.5972811112196,161.302841186523,34.6908204829392,0,103.871653714919,67.2490510940552,107.366576194763,167.784143066406,0,161.798416137695,12.419285409306,116.681596755981,95.8220329284668,125.408317565918,25.6082611419364,0,151.295841217041,143.49317779541,15.6223496534834,108.372020038455,128.234152657645,0,0,101.128177273658,112.544011288597
0,0,177.184692382812,0,0,0,0,0,0,0,0,0,0,0,0,0,0,0,0,0,0,0,0,0,0,0,0,0,0,0,0,0,0,0,0,84.0332069396973,0,135.493465423584,67.13037109375,0,6.71688811882051,11.9847436937289,117.6506690979,11.497112900961,51.035396416982,142.176055908203,69.2776190863715,53.3190491416238,78.5509338378906,33.0638038609304,12.3116973560932,0,95.1148681640625,93.9732818603516,91.8260116577148,0,136.315673828125,0,83.8389434814453,68.6941833496094,0,135.579742431641,133.512542724609,98.6100997924805,27.0764845893497,119.024127960205,91.7706680297852,11.3719901818993,67.5280685424805,29.8935174491189
