9.82140770656006,100.689724349976,81.8061769017026,63.0709416204029,59.5301232724576,65.6868480548524,33.9093778947907,26.0340912329434,21.522493778892,58.3614780359101,24.1864352655506,126.548976898193,31.0988471443199,0,11.3983660784989,28.8590223882105,71.7849769592285,110.555400920364,0,135.40854372297,55.5061363992812,45.6442440598637,74.1194753339214,48.5484037163113,52.9102828813636,147.292572021484,109.339529427615,101.530207616377,32.782300466359,10.9270496776454,13.8221849614146,151.28694152832,77.2923731596574,33.1139752033779,55.0056186512204,141.027700636122,0,0,101.177072906494,126.891184488932,0,165.295135498047,115.872033013238,162.847671508789,64.4303588867188,132.758907483972,0,152.826034545898,0,146.680763244629,167.561782836914,0,0,0,0,133.355960845947,0,75.7528305053711,151.302728271484,103.57825429816,0,0,149.551651000977,112.098619679936,152.133418083191,120.74915095738,0,0,128.966313680013,137.169133758545
100.689724349976,5.886022466591,26.7452118339514,10.4380983701777,124.310518900553,87.0523071289062,0,93.7328637930063,0,77.0248807271322,0,57.9597807925172,0,44.2759550255789,179.14013671875,0,67.240869421708,46.532437808222,66.9208000183105,50.2144112373721,0,66.5973225970601,36.3049666798567,56.7909030057812,95.7816699532901,14.5567597668098,32.6689077935188,27.4669146742505,97.6457513173421,106.808378601074,89.3127380254614,67.5303043789334,90.6742858886719,105.756972176688,49.3085034472513,0,20.9029490152995,52.6815338134766,45.818110148112,0,0,0,0,0,0,0,52.122989654541,0,71.9011566162109,0,0,62.7482566833496,86.0348180135091,0,90.6171417236328,0,95.0425071716309,47.6064410002335,83.600227355957,162.631591796875,0,86.7315581639608,81.0065460205078,0,0,89.9107564290365,102.961265563965,0,0,106.487363179525
81.8061769017026,26.7452118339514,10.0675611162465,33.7826635289636,97.5693312750922,128.685447692871,123.637712751116,68.6842810280303,107.587496701409,82.1585517883301,93.625032043457,72.0895252073965,99.5217721121652,74.0697736740112,109.130040359497,109.864741516113,66.197617653438,45.1541221235898,81.8808756934272,69.9270479588327,0,46.9010528206439,31.161078739893,23.2381607525961,90.1151401270991,71.5749563489642,24.2783756503821,21.3719844505476,42.5944019863547,83.9779414629879,54.4984827348556,88.2960914611816,0,73.7075501221877,42.4143307483931,0,62.7839749654134,0,52.3195877075195,135.356597900391,0,0,0,0,0,0,0,0,0,0,0,0,0,0,153.420181274414,0,0,54.7982851664225,124.201253255208,118.060501098633,0,126.258117675781,0,165.999938964844,0,0,0,0,195.882049560547,0
63.0709416204029,10.4380983701777,33.7826635289636,17.4821984567048,43.2640569692031,112.351273854574,81.2972945404053,43.5943599076431,84.4832943866127,8.7582232977785,63.9040523529053,50.5142024765015,63.9610045202847,45.4425307491369,95.1403133251049,77.7775405435001,56.7785791306269,51.0705106155882,52.4401169776917,48.4540935385683,77.0503749847412,54.5609793995702,11.4485109973147,48.4716962032391,39.4123638287796,22.9172735609246,35.2598980272282,38.4542743084753,41.0681153392131,66.5280395991494,47.4701640557048,49.4912422924507,110.834785461426,59.6069976169837,60.2234863338614,78.0631484985352,18.6341785164767,76.7134201049805,11.9709621590216,71.7471771240234,0,0,58.1899366378784,115.22779083252,0,68.3358256022135,62.5516935076032,0,82.7434240068708,153.16178894043,0,102.076412200928,61.5259397553235,66.7309748331706,58.9540491971103,87.3123931884766,135.26953125,47.0935867513929,70.4238385739534,35.1467056597693,53.2127797444661,49.7648895715527,48.9519367218018,85.3255644904243,102.161254882812,107.1373462677,104.375923156738,0,0,69.4359886169434
59.5301232724576,124.310518900553,97.5693312750922,43.2640569692031,8.09137555962471,0,51.2464446043357,24.1586995415066,45.2274391754814,35.3158473409126,18.012934535107,0,15.71338857814,0,91.5739120483398,54.6653493555581,67.6917259818629,0,0,165.708190917969,10.4412121261855,81.4965647183932,83.2963274442233,83.9373502731323,16.9649833656091,0,152.022857666016,96.3257274501371,10.5445967943177,63.8214609377852,58.9008447910712,0,0,61.1734210688893,70.3605231575344,115.461330413818,0,0,57.6776889878876,12.7629935871176,0,129.710105895996,90.4856548309326,141.247163772583,69.9147261047363,94.3375766892587,0,24.4774816226959,0,0,131.691886901855,0,0,0,0,22.6171128790603,0,80.2545623779297,80.2104644775391,72.0303006378009,0,0,0,39.9270973178778,134.949174669054,0,0,0,125.539237976074,125.541449410575
65.6868480548524,87.0523071289062,128.685447692871,112.351273854574,0,6.43453013467176,8.58976927442688,108.57307434082,13.4923267628249,92.6525243123372,98.6617093293563,63.0812962849935,0,0,23.1184562338222,12.4747878716559,0,0,85.0522537231445,77.6541137695312,103.471468607585,0,96.0839207967122,87.2388515472412,105.505596160889,0,111.282989501953,0,98.1403533935547,21.0527947719233,128.472103118896,0,8.17746136129023,53.0956048965454,28.4130453326838,0,0,0,0,0,0,0,0,0,0,0,0,0,0,0,0,0,0,0,0,0,0,0,0,0,0,0,0,149.143661499023,0,0,0,0,206.686126708984,0
33.9093778947907,0,123.637712751116,81.2972945404053,51.2464446043357,8.58976927442688,7.1257030760929,62.2980857416987,14.8219741483413,77.3269932486794,15.383700624087,63.6033185323079,9.3095237066227,108.343132019043,21.1153651919198,11.7952369375656,107.929016113281,0,0,0,30.5477921893367,0,96.7730560302734,95.7675476074219,78.7326451326028,0,164.328796386719,115.655006408691,60.1759448238448,20.8341119790834,89.5006454930161,0,10.9149286150729,63.7377478281657,26.4392949446891,161.976760864258,0,0,90.3543472290039,164.079696655273,0,0,142.554773966471,171.096150716146,0,150.467490641276,0,0,0,180.251571655273,0,0,0,0,0,183.949325561523,0,0,0,120.823845913536,0,0,0,137.017727244984,172.983042399089,0,0,0,161.366287231445,182.91921488444
26.0340912329434,93.7328637930063,68.6842810280303,43.5943599076431,24.1586995415066,108.57307434082,62.2980857416987,9.43167133338946,38.6466129423979,39.5304558632699,12.7076381290096,121.480331420898,50.4666336499728,0,18.615277034446,56.1909560241699,78.3083541176536,110.815068696675,0,137.572360992432,50.4521813392639,25.8834293777937,73.7336448220646,43.5332166540334,34.5040137155539,0,104.307353437993,84.5510983589368,12.7358513127127,25.1910234273941,14.9282917103011,0,102.259886169434,39.3604585288083,54.8892248506899,124.233736558394,0,0,68.5475845336914,115.576169867265,167.412002563477,138.686553955078,102.68260618116,137.169059390113,99.2752957344055,125.03268153493,0,114.970838274275,0,141.758792114258,127.929847717285,122.411415100098,0,0,0,121.777737617493,120.819079081217,74.6047503153483,117.979190063477,89.6420835227782,0,0,136.164886474609,101.337075032461,138.262601607885,112.862384796143,0,166.266754150391,114.911435763041,129.961766797443
21.522493778892,0,107.587496701409,84.4832943866127,45.2274391754814,13.4923267628249,14.8219741483413,38.6466129423979,9.76695257398721,69.6587391486535,22.2864624357259,74.4785614013672,18.6573209559008,0,13.0117097854878,26.5788549362404,95.0983657836914,0,0,0,34.4226797895229,133.973556518555,79.5911102294922,92.1904411315918,70.2567144082793,0,148.619481404622,114.142623901367,48.2510421356598,23.2981493070522,72.1175000559744,0,12.0694081692243,64.4707880833352,37.92107277785,159.578872680664,0,0,89.6925109863281,137.703770955404,0,182.267944335938,129.559524536133,174.459742954799,143.484367370605,147.134561326769,0,162.624438476562,0,154.0908203125,0,0,0,0,0,147.100021362305,0,134.199947357178,0,111.808934020996,0,0,0,136.45928210747,170.094279697963,163.714920043945,0,0,188.99633026123,168.97907409668
58.3614780359101,77.0248807271322,82.1585517883301,8.7582232977785,35.3158473409126,92.6525243123372,77.3269932486794,39.5304558632699,69.6587391486535,6.80346705097042,62.498336109894,0,12.3367657490933,0,83.429827482804,16.4408182195531,57.539461602105,115.534824371338,0,0,14.5444398533392,59.998836680821,16.8134900975555,85.7054019504123,14.1876422877608,0,127.238750457764,93.9710847158281,38.3495943859691,61.983661912892,47.0641437565792,0,121.343948364258,57.2654306449142,63.5238672924282,0,0,0,33.7614789009094,84.2506653712346,0,152.492782592773,67.5724790236529,106.670127868652,37.0363216400146,95.1867604255676,0,58.4620628356934,0,118.139877319336,0,0,0,0,0,80.0345973968506,0,0,0,51.4895476695127,0,0,0,84.7825729370117,111.964653015137,0,0,0,0,105.840713500977
24.1864352655506,0,93.625032043457,63.9040523529053,18.012934535107,98.6617093293563,15.383700624087,12.7076381290096,22.2864624357259,62.498336109894,8.93332927044819,0,17.2142239267176,0,19.1189663158627,44.4510653052532,93.0547748912465,138.893280029297,0,0,17.8073375371533,82.2449518839518,105.183432896932,89.8220180511475,52.101695047067,0,144.940765380859,103.542615618025,11.5321288329563,61.1928908946572,60.2642322248883,0,89.4842109680176,67.7677452587209,75.2654791176319,0,0,0,76.7333152770996,128.601734508168,0,148.087890625,119.782330036163,148.141892910004,104.796961212158,132.333904457092,0,133.850344340007,0,166.311434427897,0,0,0,0,0,144.728673299154,0,216.625213623047,127.364356994629,92.2774485835323,0,0,0,123.705946496192,158.009087117513,131.170074462891,0,0,147.480911254883,165.513407897949
126.548976898193,57.9597807925172,72.0895252073965,50.5142024765015,0,63.0812962849935,63.6033185323079,121.480331420898,74.4785614013672,0,0,11.3642153442651,0,15.8377486685675,0,0,97.9300476074219,46.4555623653607,22.0468959099677,22.3103335743393,0,86.9957879781723,99.2060668945312,72.3902209382079,135.724868774414,28.9058445033742,19.821168904888,53.9623442919426,136.68406867981,59.3909797668457,96.4016197418498,24.334056767562,57.2938397725423,98.3027143478394,24.9365452716918,0,91.4485702514648,0,114.162979125977,0,0,0,0,0,0,0,78.0692388216655,0,70.8524720490868,0,0,171.558166503906,101.655670166016,88.4509887695312,92.1553433325983,0,0,0,166.883094787598,0,55.09411523281,86.3744605569278,84.1570759727841,0,0,0,83.8466532389323,0,0,109.080014546712
31.0988471443199,0,99.5217721121652,63.9610045202847,15.71338857814,0,9.3095237066227,50.4666336499728,18.6573209559008,12.3367657490933,17.2142239267176,0,6.05287104824617,0,49.194144690909,8.52235412456977,79.2119598388672,0,0,0,10.9338461178689,0,67.1870126724243,122.268592834473,20.8336473552926,0,140.085556030273,107.529626846313,28.8004561691975,63.6360478461543,74.5754127502441,0,0,76.2372565950666,62.0656879425049,0,0,0,44.8271999359131,116.944458007812,0,46.3785400390625,118.919445800781,84.1170425415039,61.3740558624268,29.0071663912605,0,7.29568843429667,0,200.446319580078,58.0589408874512,0,0,0,0,14.6245503642342,0,0,0,102.24211028128,0,0,0,135.583074569702,87.3317947387695,0,0,0,0,115.574897766113
0,44.2759550255789,74.0697736740112,45.4425307491369,0,0,108.343132019043,0,0,0,0,15.8377486685675,0,5.77713668146002,0,0,0,72.4998908664869,44.4842109265033,50.8186284873797,0,0,0,103.993970598493,144.544281005859,17.0784675395581,25.5949293309154,16.1679706605082,0,0,132.541616167341,9.2535317142213,0,180.841156005859,47.932766982913,0,65.6072774614607,0,37.770094871521,0,0,0,0,0,0,0,63.5072969637419,0,56.3369646386096,0,0,0,0,81.3438311576843,76.5417033975775,0,0,0,163.626419067383,0,44.0847786100287,71.4825838369917,71.279828629056,0,0,0,75.0559564266565,0,0,95.3408184051514
11.3983660784989,179.14013671875,109.130040359497,95.1403133251049,91.5739120483398,23.1184562338222,21.1153651919198,18.615277034446,13.0117097854878,83.429827482804,19.1189663158627,0,49.194144690909,0,6.76003256412081,27.5663716636891,90.8288650512695,0,0,0,76.9823955535889,104.215530395508,75.7261861165365,98.7768278121948,80.6555883407593,0,133.418362935384,123.145929972331,50.813657825276,12.2564890882538,69.2674072490019,0,15.8121188617172,28.167341429473,35.0085431647113,0,0,0,88.2063293457031,0,0,0,153.42293548584,0,0,169.350509643555,0,0,0,153.119659423828,0,0,0,0,0,164.413604736328,0,0,0,120.903704556552,0,0,0,148.212394714355,171.692306518555,156.015213012695,0,0,0,0
28.8590223882105,0,109.864741516113,77.7775405435001,54.6653493555581,12.4747878716559,11.7952369375656,56.1909560241699,26.5788549362404,16.4408182195531,44.4510653052532,0,8.52235412456977,0,27.5663716636891,6.38071828786823,82.9534149169922,0,0,0,44.492055824004,0,0,110.592185974121,31.9328732604752,0,0,121.000289916992,55.7924650192261,29.4589398122225,81.5675630008473,0,40.7093493143717,69.5380783081055,29.050798632435,0,0,0,189.701416015625,0,0,0,155.677703857422,0,169.828826904297,162.12232208252,0,164.277374267578,0,0,0,0,0,0,0,0,0,0,0,116.460639351293,0,0,0,138.821402413504,202.897689819336,0,0,0,153.364486694336,169.971084594727
71.7849769592285,67.240869421708,66.197617653438,56.7785791306269,67.6917259818629,0,107.929016113281,78.3083541176536,95.0983657836914,57.539461602105,93.0547748912465,97.9300476074219,79.2119598388672,0,90.8288650512695,82.9534149169922,13.6967557158496,83.7692109492787,117.535652160645,112.179342481825,68.1761105855306,18.8127345077861,22.4321569669646,12.1692375505743,30.1891262157291,0,87.4956646442413,24.0639158871137,25.4041183376434,72.4429612159729,40.3473951095331,0,0,47.1742985824059,54.1867743616281,0,0,0,113.612609863281,0,0,0,0,0,0,150.047988891602,0,0,0,0,0,16.5002000077826,0,0,0,0,5.760209288708,0,7.21961355209351,111.212181091309,0,126.463394165039,0,126.412475585938,0,0,0,0,0,0
110.555400920364,46.532437808222,45.1541221235898,51.0705106155882,0,0,0,110.815068696675,0,115.534824371338,138.893280029297,46.4555623653607,0,72.4998908664869,0,0,83.7692109492787,8.72856706203618,56.2511077805569,21.4482886606865,0,48.1262684442047,79.8466059820993,15.7044863251878,120.45140348162,52.5625910354873,22.3218711837324,53.3022766722067,114.337624660758,79.2675412586757,72.9332783471543,75.9116472516741,0,84.3499849591936,27.968418475551,0,0,0,138.368423461914,0,0,0,0,0,0,0,0,0,145.897232055664,0,0,0,0,0,113.242551803589,0,0,0,0,191.243469238281,0,102.230033874512,100.908073425293,0,0,0,0,0,0,0
0,66.9208000183105,81.8808756934272,52.4401169776917,0,85.0522537231445,0,0,0,0,0,22.0468959099677,0,44.4842109265033,0,0,117.535652160645,56.2511077805569,6.72712702233812,10.569587964087,0,108.670425415039,115.949523925781,96.7198957296518,0,43.5168342375056,17.7268983392857,58.8776004519956,144.478805541992,152.439529418945,119.85112658414,49.3429606970102,0,105.973236083984,52.9708857369005,0,0,0,54.5392875671387,0,0,0,0,0,0,0,94.3383924696181,0,91.8956954956055,0,0,0,144.424942016602,99.9161976405552,96.6963065011161,0,0,0,0,0,86.1635631214489,93.6833548624007,94.1929360467034,0,0,0,90.2036427089146,0,0,110.379373550415
135.40854372297,50.2144112373721,69.9270479588327,48.4540935385683,165.708190917969,77.6541137695312,0,137.572360992432,0,0,0,22.3103335743393,0,50.8186284873797,0,0,112.179342481825,21.4482886606865,10.569587964087,10.3183023749916,0,94.5115661034217,101.684091250102,66.1667899543259,142.579867045085,42.6452613351859,16.7570036404737,58.8305931920123,133.830015182495,108.097634792328,98.712007238926,58.0177511813036,0,98.6081743876139,43.024546945017,0,125.634986877441,0,76.3861306508382,0,0,0,0,0,0,0,99.3974217006138,0,103.29678109976,0,0,0,113.904876708984,102.685666597806,97.0189148231789,0,0,0,0,0,68.1195777893066,92.9975743936309,98.7499313354492,0,0,169.678421020508,94.5156402587891,0,194.439010620117,117.006074523926
55.5061363992812,0,0,77.0503749847412,10.4412121261855,103.471468607585,30.5477921893367,50.4521813392639,34.4226797895229,14.5444398533392,17.8073375371533,0,10.9338461178689,0,76.9823955535889,44.492055824004,68.1761105855306,0,0,0,8.01127351444923,0,95.7742589314779,0,14.5180870509464,0,0,100.073713302612,17.9512345439962,63.0786430276258,70.3544311523438,0,0,70.098725653314,75.5718911777843,0,0,0,39.5655403137207,11.2602740088376,0,0,0,0,51.491569519043,58.4020784551447,0,6.51474782932236,0,0,0,0,0,0,0,10.4257270171033,0,0,0,76.3065013270224,0,0,0,40.9919395446777,0,0,0,0,0,80.4293365478516
45.6442440598637,66.5973225970601,46.9010528206439,54.5609793995702,81.4965647183932,0,0,25.8834293777937,133.973556518555,59.998836680821,82.2449518839518,86.9957879781723,0,0,104.215530395508,0,18.8127345077861,48.1262684442047,108.670425415039,94.5115661034217,0,7.66894002425482,29.5460863597936,16.4966959227,23.1564499634105,98.4364356994629,80.2779227317648,49.2766124084348,12.6329828653528,48.1312326663419,18.3173768986318,0,0,55.3881322860718,38.7290335270863,0,0,0,82.5593223571777,0,0,0,0,0,0,134.020797729492,0,0,0,159.083618164062,0,0,0,0,0,0,0,56.5448226928711,0,134.44458770752,0,0,0,106.448471069336,0,0,0,0,136.36376953125,140.398300170898
74.1194753339214,36.3049666798567,31.161078739893,11.4485109973147,83.2963274442233,96.0839207967122,96.7730560302734,73.7336448220646,79.5911102294922,16.8134900975555,105.183432896932,99.2060668945312,67.1870126724243,0,75.7261861165365,0,22.4321569669646,79.8466059820993,115.949523925781,101.684091250102,95.7742589314779,29.5460863597936,6.58974719639489,34.8471112482545,9.9456523376223,93.0140628814697,77.5052510070801,28.5284232117627,26.743317097934,61.7546393761268,38.679161237665,0,91.4717407226562,46.0163449318178,53.3146811801214,0,29.7320846557617,0,28.4194776444208,102.635032653809,0,0,0,0,0,164.421691894531,0,0,0,0,0,37.1702283661941,0,0,0,103.110504150391,74.5515988667806,21.8533660383785,191.886474609375,75.2297779430043,0,157.695953369141,69.6501007080078,137.761596679688,0,87.5544175042047,0,0,0,184.564926147461
48.5484037163113,56.7909030057812,23.2381607525961,48.4716962032391,83.9373502731323,87.2388515472412,95.7675476074219,43.5332166540334,92.1904411315918,85.7054019504123,89.8220180511475,72.3902209382079,122.268592834473,103.993970598493,98.7768278121948,110.592185974121,12.1692375505743,15.7044863251878,96.7198957296518,66.1667899543259,0,16.4966959227,34.8471112482545,11.1273305777207,59.1797801109209,75.1688337615042,61.0716599363005,31.7826777986418,14.2824832846097,24.2077638608625,40.1162072776976,111.352012634277,0,64.3918865203857,36.0157675195854,0,0,0,0,0,0,0,0,0,0,0,0,0,0,0,0,15.8342276045254,0,0,0,0,0,70.3540649414062,0,159.529281616211,0,163.79426574707,0,0,0,0,0,0,0,0
52.9102828813636,95.7816699532901,90.1151401270991,39.4123638287796,16.9649833656091,105.505596160889,78.7326451326028,34.5040137155539,70.2567144082793,14.1876422877608,52.101695047067,135.724868774414,20.8336473552926,144.544281005859,80.6555883407593,31.9328732604752,30.1891262157291,120.45140348162,0,142.579867045085,14.5180870509464,23.1564499634105,9.9456523376223,59.1797801109209,10.2723572735364,0,118.830353401803,75.3120229153103,16.0987654242695,58.033929133619,45.4661167016425,0,0,51.2419220225016,60.2625148842323,126.744392981896,0,0,52.2450275421143,101.478256488669,0,125.028018951416,98.0905192278434,134.771748086681,29.0026274475397,111.102062815712,0,116.177262369792,0,122.789886474609,132.432556152344,83.7319717407227,0,0,0,114.393562023456,0,93.3778305053711,130.228210449219,50.0843403554195,0,202.935562133789,0,103.660411834717,141.44043970108,121.90419921875,0,0,124.810060388902,131.737623165815
147.292572021484,14.5567597668098,71.5749563489642,22.9172735609246,0,0,0,0,0,0,0,28.9058445033742,0,17.0784675395581,0,0,0,52.5625910354873,43.5168342375056,42.6452613351859,0,98.4364356994629,93.0140628814697,75.1688337615042,0,7.90054952040058,29.4007068362887,20.6245447899599,0,161.203689575195,116.568529569186,37.0536165923075,0,123.944618225098,52.747145224116,0,55.6882667541504,0,47.1271558241411,0,0,0,0,0,0,0,60.2467375741878,0,51.1359317389258,0,0,0,99.4561182657878,78.3834403542911,68.3617213657924,0,0,0,110.965492248535,0,37.642288431914,61.9257984313965,64.5776904263942,0,0,0,65.8513991145764,0,0,80.912377166748
109.339529427615,32.6689077935188,24.2783756503821,35.2598980272282,152.022857666016,111.282989501953,164.328796386719,104.307353437993,148.619481404622,127.238750457764,144.940765380859,19.821168904888,140.085556030273,25.5949293309154,133.418362935384,0,87.4956646442413,22.3218711837324,17.7268983392857,16.7570036404737,0,80.2779227317648,77.5052510070801,61.0716599363005,118.830353401803,29.4007068362887,7.98892891822459,21.3649322747785,112.451780894446,106.866169455164,88.6604434455724,18.3177834692763,0,93.0215122767857,43.4682623773263,0,82.2935269673665,0,69.7865238189697,0,0,0,0,122.950286865234,0,0,86.7412695451216,0,75.9675288622892,241.844955444336,0,0,95.9309616088867,88.0412097093536,85.4533791975542,0,0,72.1169891357422,162.66975402832,0,61.5669526130922,79.4519760802825,84.9071952510001,0,0,157.027473449707,91.5622615814209,0,0,108.985881511982
101.530207616377,27.4669146742505,21.3719844505476,38.4542743084753,96.3257274501371,0,115.655006408691,84.5510983589368,114.142623901367,93.9710847158281,103.542615618025,53.9623442919426,107.529626846313,16.1679706605082,123.145929972331,121.000289916992,24.0639158871137,53.3022766722067,58.8776004519956,58.8305931920123,100.073713302612,49.2766124084348,28.5284232117627,31.7826777986418,75.3120229153103,20.6245447899599,21.3649322747785,10.2653262206419,61.9927605210292,101.071113876674,86.2621927570652,12.7478943256981,0,109.274655855619,54.6841402292961,0,56.9951235453288,0,58.3079166412354,0,0,0,0,191.646469116211,170.892868041992,171.314422607422,89.8657413482666,188.931930541992,85.0872733074686,0,0,50.3204266230265,94.8616371154785,93.1769282023112,88.083106842041,0,0,68.4920983314514,174.699310302734,144.171649586071,71.1616899702284,87.7828690263092,89.9857596079508,140.242374420166,186.808624267578,143.132431030273,92.7512252807617,0,0,128.263066864014
32.782300466359,97.6457513173421,42.5944019863547,41.0681153392131,10.5445967943177,98.1403533935547,60.1759448238448,12.7358513127127,48.2510421356598,38.3495943859691,11.5321288329563,136.68406867981,28.8004561691975,0,50.813657825276,55.7924650192261,25.4041183376434,114.337624660758,144.478805541992,133.830015182495,17.9512345439962,12.6329828653528,26.743317097934,14.2824832846097,16.0987654242695,0,112.451780894446,61.9927605210292,8.93498733081667,46.7302421965166,30.4012345805937,0,0,49.5126083026449,52.3055974652452,125.07956161499,0,160.868103027344,60.9360755654268,118.733700822039,0,141.14185660226,102.460839328996,140.914147377014,92.2516474723816,122.19530471166,0,117.174143473307,0,133.441605201134,149.314717610677,101.890636444092,0,0,0,126.6348873636,129.114889526367,62.0438289642334,115.439926995171,83.4012268619053,0,0,137.89965057373,105.137030191848,137.905402713352,116.609704971313,0,0,119.385431017194,131.464248081423
10.9270496776454,106.808378601074,83.9779414629879,66.5280395991494,63.8214609377852,21.0527947719233,20.8341119790834,25.1910234273941,23.2981493070522,61.983661912892,61.1928908946572,59.3909797668457,63.6360478461543,0,12.2564890882538,29.4589398122225,72.4429612159729,79.2675412586757,152.439529418945,108.097634792328,63.0786430276258,48.1312326663419,61.7546393761268,24.2077638608625,58.033929133619,161.203689575195,106.866169455164,101.071113876674,46.7302421965166,7.29155000417285,13.1338624190593,0,12.0394774243964,12.4290975272193,21.0998924578596,149.496205965678,0,0,90.2466433207194,129.59604771932,0,164.22790145874,123.206664436742,158.699926202947,131.228057861328,148.575580728465,0,140.22233581543,0,165.255792236328,154.224792480469,141.578033447266,0,0,0,153.975891113281,131.736521402995,97.7802396501814,126.161527633667,121.135430128055,0,0,0,130.983684373939,156.147952318192,141.647948044997,0,193.676086425781,136.705454046076,151.142842492392
13.8221849614146,89.3127380254614,54.4984827348556,47.4701640557048,58.9008447910712,128.472103118896,89.5006454930161,14.9282917103011,72.1175000559744,47.0641437565792,60.2642322248883,96.4016197418498,74.5754127502441,132.541616167341,69.2674072490019,81.5675630008473,40.3473951095331,72.9332783471543,119.85112658414,98.712007238926,70.3544311523438,18.3173768986318,38.679161237665,40.1162072776976,45.4661167016425,116.568529569186,88.6604434455724,86.2621927570652,30.4012345805937,13.1338624190593,9.3230144993197,0,0,18.2397813197154,39.2845351768272,127.154479980469,0,0,61.3552443186442,0,0,0,108.502276333896,139.336958312988,68.7948760986328,131.539916992188,0,0,0,115.486804962158,0,0,0,0,0,139.707962036133,0,64.965117931366,0,102.266873931885,0,162.340850830078,162.797566731771,108.902677015825,142.012318293254,120.095085144043,0,0,120.702331542969,121.124030521938
151.28694152832,67.5303043789334,88.2960914611816,49.4912422924507,0,0,0,0,0,0,0,24.334056767562,0,9.2535317142213,0,0,0,75.9116472516741,49.3429606970102,58.0177511813036,0,0,0,111.352012634277,0,37.0536165923075,18.3177834692763,12.7478943256981,0,0,0,5.42060069220526,0,132.650970458984,70.6438792302058,0,0,0,0,0,0,0,0,0,0,0,95.7889592097356,0,79.1903358035617,0,0,0,0,93.9963404337565,93.825251492587,0,0,0,0,0,64.8926347732544,88.4150691176906,91.9125453631083,0,0,0,90.8363410101996,0,0,98.3354320526123
77.2923731596574,90.6742858886719,0,110.834785461426,0,8.17746136129023,10.9149286150729,102.259886169434,12.0694081692243,121.343948364258,89.4842109680176,57.2938397725423,0,0,15.8121188617172,40.7093493143717,0,0,0,0,0,0,91.4717407226562,0,0,0,0,0,0,12.0394774243964,0,0,4.78593054661521,58.55107421875,32.8003567038356,0,0,0,0,0,0,0,187.050323486328,0,0,0,0,0,0,0,0,0,0,0,0,0,0,0,0,0,0,0,0,0,0,0,0,0,0,0
33.1139752033779,105.756972176688,73.7075501221877,59.6069976169837,61.1734210688893,53.0956048965454,63.7377478281657,39.3604585288083,64.4707880833352,57.2654306449142,67.7677452587209,98.3027143478394,76.2372565950666,180.841156005859,28.167341429473,69.5380783081055,47.1742985824059,84.3499849591936,105.973236083984,98.6081743876139,70.098725653314,55.3881322860718,46.0163449318178,64.3918865203857,51.2419220225016,123.944618225098,93.0215122767857,109.274655855619,49.5126083026449,12.4290975272193,18.2397813197154,132.650970458984,58.55107421875,6.03053506272581,23.4714757266798,147.552529907227,0,0,80.6490315331353,147.278656005859,199.199401855469,166.472427368164,122.498683166504,163.795534133911,116.183550516764,146.231087628533,0,158.534538269043,0,153.299694061279,151.659301757812,128.751235961914,0,0,0,156.283882141113,127.306957244873,87.2863998413086,150.739084879557,114.245395606672,0,0,148.076497395833,123.326167733329,148.275179009689,142.449169158936,0,0,134.197302500407,144.739175796509
55.0056186512204,49.3085034472513,42.4143307483931,60.2234863338614,70.3605231575344,28.4130453326838,26.4392949446891,54.8892248506899,37.92107277785,63.5238672924282,75.2654791176319,24.9365452716918,62.0656879425049,47.932766982913,35.0085431647113,29.050798632435,54.1867743616281,27.968418475551,52.9708857369005,43.024546945017,75.5718911777843,38.7290335270863,53.3146811801214,36.0157675195854,60.2625148842323,52.747145224116,43.4682623773263,54.6841402292961,52.3055974652452,21.0998924578596,39.2845351768272,70.6438792302058,32.8003567038356,23.4714757266798,12.2345923388013,146.171316964286,75.8886871337891,0,87.9812668391636,147.811731974284,0,182.817209879557,131.383571443104,162.979608709162,95.954517364502,151.127182006836,132.99324798584,0,0,160.944244384766,0,0,0,124.725918579102,116.339662405161,141.072616577148,140.052383422852,80.3943061828613,150.354843139648,124.400843717614,90.113395690918,104.784656143188,115.236910502116,125.216639015891,180.297437879774,143.782521565755,97.6319808959961,0,133.888559977214,151.03101124483
141.027700636122,0,0,78.0631484985352,115.461330413818,0,161.976760864258,124.233736558394,159.578872680664,0,0,0,0,0,0,0,0,0,0,0,0,0,0,0,126.744392981896,0,0,0,125.07956161499,149.496205965678,127.154479980469,0,0,147.552529907227,146.171316964286,6.90547755045578,121.698210772346,75.4241091595949,75.6967436324718,63.8485579141756,62.68292760849,25.7237963816896,22.6087332924454,24.7837338475279,65.1825503885311,52.738132780553,122.951956176758,54.5411637115479,0,11.181495379468,35.7028089165688,51.5630933309655,94.1774775187175,138.635955810547,118.489709309169,66.190617648038,68.0423597759671,64.9872048811479,73.7795586660118,60.4741327435363,133.358894348145,101.877322460854,108.334496333681,57.830503505889,9.86084995038358,17.3217231657269,185.238464355469,69.2247200012207,14.4352127585194,62.5490420506551
0,20.9029490152995,62.7839749654134,18.6341785164767,0,0,0,0,0,0,0,91.4485702514648,0,65.6072774614607,0,0,0,0,0,125.634986877441,0,0,29.7320846557617,0,0,55.6882667541504,82.2935269673665,56.9951235453288,0,0,0,0,0,0,75.8886871337891,121.698210772346,6.36520316701909,37.8327444861236,12.1417381217313,0,95.885627746582,0,112.086833343506,139.885569763184,78.1203231811523,137.993457794189,64.9228844020678,0,55.5855546619581,133.334382629395,0,69.3740488798722,50.0818822470798,75.2684576851981,59.8924290029014,0,80.0803699493408,27.4985676155016,61.8015066317014,97.1880200703939,14.6733680901479,41.2530642657851,24.4653897206133,101.250514146758,130.871117331765,98.4550722205121,75.3249126434326,0,101.65887298584,54.6563320694933
0,52.6815338134766,0,76.7134201049805,0,0,0,0,0,0,0,0,0,0,0,0,0,0,0,0,0,0,0,0,0,0,0,0,160.868103027344,0,0,0,0,0,0,75.4241091595949,37.8327444861236,8.9163923462277,35.0063140840673,121.387771606445,95.5647201538086,114.148236083984,73.472794867331,101.98842326573,77.6422576904297,103.33165324818,75.3284346840598,0,84.1933135986328,95.2661441305409,119.403736114502,69.6599322972673,14.8039946468444,85.5022684733073,73.9869080323439,0,46.8033810948569,31.2499660780264,19.9024062955219,100.017422324733,91.1483968098958,18.960884469137,23.2692732291483,54.8071824705171,94.4812173358465,52.2438714333207,105.59447479248,0,99.2909264197716,47.5385068486532
101.177072906494,45.818110148112,52.3195877075195,11.9709621590216,57.6776889878876,0,90.3543472290039,68.5475845336914,89.6925109863281,33.7614789009094,76.7333152770996,114.162979125977,44.8271999359131,37.770094871521,88.2063293457031,189.701416015625,113.612609863281,138.368423461914,54.5392875671387,76.3861306508382,39.5655403137207,82.5593223571777,28.4194776444208,0,52.2450275421143,47.1271558241411,69.7865238189697,58.3079166412354,60.9360755654268,90.2466433207194,61.3552443186442,0,0,80.6490315331353,87.9812668391636,75.6967436324718,12.1417381217313,35.0063140840673,18.4838453315553,52.4303120758574,125.34583791097,76.6250664467035,57.182642687284,78.9230058102207,9.74126427015866,60.7806302921192,62.7259503006935,48.3804897509123,64.6904059565344,84.1724028180736,46.8538673235023,26.4757806163723,51.2701499222725,57.5881311753217,53.3385421628874,66.9500758148903,55.0024951139472,13.717942859009,46.5718440304804,22.5037963074358,28.5818439183697,39.3869104251976,36.5298759863112,46.2396544774373,78.3720701236536,76.9189433788431,83.6375376383464,104.762580871582,64.88467205272,58.0013387630571
126.891184488932,0,135.356597900391,71.7471771240234,12.7629935871176,0,164.079696655273,115.576169867265,137.703770955404,84.2506653712346,128.601734508168,0,116.944458007812,0,0,0,0,0,0,0,11.2602740088376,0,102.635032653809,0,101.478256488669,0,0,0,118.733700822039,129.59604771932,0,0,0,147.278656005859,147.811731974284,63.8485579141756,0,121.387771606445,52.4303120758574,10.2178199530336,0,61.7172148777888,41.7758814239502,80.5173958623132,30.4310749513601,20.9670888466154,0,9.68318070544499,0,84.2807700944984,43.7542231877645,65.51975440979,157.236953735352,0,0,11.4240676014709,92.2034950256348,72.3857536315918,67.8035757276747,25.9564173077676,0,0,103.948889414469,11.2255721980342,80.6541310452867,59.1818526131766,0,117.453704833984,74.4284477233887,74.2060713005066
0,0,0,0,0,0,0,167.412002563477,0,0,0,0,0,0,0,0,0,0,0,0,0,0,0,0,0,0,0,0,0,0,0,0,0,199.199401855469,0,62.68292760849,95.885627746582,95.5647201538086,125.34583791097,0,6.55784772815757,9.63037148251364,99.293381430886,14.5323916129627,0,96.1576404571533,65.6465330857497,76.7096481323242,95.7280960083008,22.8814196494199,12.7835550829366,84.2090530395508,0,0,0,113.792190551758,103.306747436523,135.692626953125,0,106.299785614014,0,92.5434417724609,91.7378896077474,114.579605102539,22.7296054571538,0,102.569361368815,7.62134052363365,56.9993743896484,31.0230653213732
165.295135498047,0,0,0,129.710105895996,0,0,138.686553955078,182.267944335938,152.492782592773,148.087890625,0,46.3785400390625,0,0,0,0,0,0,0,0,0,0,0,125.028018951416,0,0,0,141.14185660226,164.22790145874,0,0,0,166.472427368164,182.817209879557,25.7237963816896,0,114.148236083984,76.6250664467035,61.7172148777888,9.63037148251364,7.58527981877006,51.6370099236568,18.5193526245302,50.9305204082938,20.4640617723017,88.497868347168,21.6233787074185,0,24.9287161639015,11.6798583198003,67.0751838684082,0,0,0,29.8711747793605,0,79.3382759094238,95.467342376709,64.5517344166049,0,139.76441519601,128.881563186646,57.0012310246627,26.5543212070387,92.3322036743164,0,11.7865084566552,78.0811596870422,44.8363795804855
115.872033013238,0,0,58.1899366378784,90.4856548309326,0,142.554773966471,102.68260618116,129.559524536133,67.5724790236529,119.782330036163,0,118.919445800781,0,153.42293548584,155.677703857422,0,0,0,0,0,0,0,0,98.0905192278434,0,0,0,102.460839328996,123.206664436742,108.502276333896,0,187.050323486328,122.498683166504,131.383571443104,22.6087332924454,112.086833343506,73.472794867331,57.182642687284,41.7758814239502,99.293381430886,51.6370099236568,10.3746448627173,43.7574445649928,46.3896223324448,16.0569770257644,114.799861907959,39.8197129270022,0,15.6926272538844,55.1840546436799,54.9837959932994,95.4585853801882,151.860504150391,121.204346151913,58.8865054815243,32.1270048388876,77.3707860476011,37.1717700077937,40.4469839128261,143.778259277344,95.1044151853929,94.5099468036574,15.4928642751169,43.3477610771272,11.1381018743312,159.60563659668,118.374453226725,51.9152562984083,65.7898896634579
162.847671508789,0,0,115.22779083252,141.247163772583,0,171.096150716146,137.169059390113,174.459742954799,106.670127868652,148.141892910004,0,84.1170425415039,0,0,0,0,0,0,0,0,0,0,0,134.771748086681,0,122.950286865234,191.646469116211,140.914147377014,158.699926202947,139.336958312988,0,0,163.795534133911,162.979608709162,24.7837338475279,139.885569763184,101.98842326573,78.9230058102207,80.5173958623132,14.5323916129627,18.5193526245302,43.7574445649928,10.608723278749,68.1761804634417,28.9010139532682,69.1743565559387,35.9387107179941,95.4294166564941,15.1439694495409,32.6212899057489,77.5720432115638,121.448540157742,90.0574493408203,0,59.0586414611597,120.474746704102,88.6814106532506,89.2285755381865,74.9047608314154,0,120.481438685508,114.862114551021,70.7942121648279,25.7374563673087,80.0845759073893,0,11.5869280733533,70.9468149457659,39.3596513273115
64.4303588867188,0,0,0,69.9147261047363,0,0,99.2752957344055,143.484367370605,37.0363216400146,104.796961212158,0,61.3740558624268,0,0,169.828826904297,0,0,0,0,51.491569519043,0,0,0,29.0026274475397,0,0,170.892868041992,92.2516474723816,131.228057861328,68.7948760986328,0,0,116.183550516764,95.954517364502,65.1825503885311,78.1203231811523,77.6422576904297,9.74126427015866,30.4310749513601,0,50.9305204082938,46.3896223324448,68.1761804634417,7.09449226503291,58.4655353436455,0,8.36919036271837,0,78.8099927792604,12.172160852592,18.4881089427803,110.838531494141,0,0,45.8667501408419,48.2150392030415,12.2049174202656,65.1632108977347,14.086719072139,0,161.494323730469,63.7792015075684,44.7336329516146,76.2417342868553,53.508876072733,0,117.334609985352,58.0908524596575,67.8239700317383
132.758907483972,0,0,68.3358256022135,94.3375766892587,0,150.467490641276,125.03268153493,147.134561326769,95.1867604255676,132.333904457092,0,29.0071663912605,0,169.350509643555,162.12232208252,150.047988891602,0,0,0,58.4020784551447,134.020797729492,164.421691894531,0,111.102062815712,0,0,171.314422607422,122.19530471166,148.575580728465,131.539916992188,0,0,146.231087628533,151.127182006836,52.738132780553,137.993457794189,103.33165324818,60.7806302921192,20.9670888466154,96.1576404571533,20.4640617723017,16.0569770257644,28.9010139532682,58.4655353436455,10.1194071778849,0,20.4598432028017,0,41.1286261125394,51.232373649579,90.6255265597639,125.861682128906,0,0,21.1018859022713,106.694409370422,92.9744926452637,89.9159585011156,32.3714940195355,0,122.966745034242,113.381778575756,13.5331000879439,70.7577044836247,68.5960031509399,0,114.522096179781,63.4621028240756,68.7606339758833
0,52.122989654541,0,62.5516935076032,0,0,0,0,0,0,0,78.0692388216655,0,63.5072969637419,0,0,0,0,94.3383924696181,99.3974217006138,0,0,0,0,0,60.2467375741878,86.7412695451216,89.8657413482666,0,0,0,95.7889592097356,0,0,132.99324798584,122.951956176758,64.9228844020678,75.3284346840598,62.7259503006935,0,65.6465330857497,88.497868347168,114.799861907959,69.1743565559387,0,0,10.0288632133296,0,17.2005776270496,73.8559928894043,0,112.553820292155,31.9504267234015,19.9129264349059,18.2476146897116,0,76.7014111412896,99.5882034301758,66.0428866718126,0,21.4487618955843,21.5272167708512,48.8686873804225,125.904197692871,53.8155032218771,104.699889773414,26.114436094058,58.6317471663157,106.609410095215,26.012015564641
152.826034545898,0,0,0,24.4774816226959,0,0,114.970838274275,162.624438476562,58.4620628356934,133.850344340007,0,7.29568843429667,0,0,164.277374267578,0,0,0,0,6.51474782932236,0,0,0,116.177262369792,0,0,188.931930541992,117.174143473307,140.22233581543,0,0,0,158.534538269043,0,54.5411637115479,0,0,48.3804897509123,9.68318070544499,76.7096481323242,21.6233787074185,39.8197129270022,35.9387107179941,8.36919036271837,20.4598432028017,0,7.91586313397479,0,57.8912289770026,10.7049806087799,0,0,0,0,14.1984554722735,0,0,92.837899344308,20.1857759413828,0,0,0,40.4574065889631,77.7067190212208,77.1442070007324,0,101.134086608887,84.1858898065029,83.5118543678355
0,71.9011566162109,0,82.7434240068708,0,0,0,0,0,0,0,70.8524720490868,0,56.3369646386096,0,0,0,145.897232055664,91.8956954956055,103.29678109976,0,0,0,0,0,51.1359317389258,75.9675288622892,85.0872733074686,0,0,0,79.1903358035617,0,0,0,0,55.5855546619581,84.1933135986328,64.6904059565344,0,95.7280960083008,0,0,95.4294166564941,0,0,17.2005776270496,0,7.24013598705661,0,0,104.111267089844,94.6870981852214,50.652778477039,51.5536056381773,0,201.946624755859,0,150.029144287109,0,19.0194671781589,31.2442260264677,29.5482313398388,164.999923706055,64.9802398681641,145.03936513265,11.0661693338114,73.1429882049561,0,53.46209763877
146.680763244629,0,0,153.16178894043,0,0,180.251571655273,141.758792114258,154.0908203125,118.139877319336,166.311434427897,0,200.446319580078,0,153.119659423828,0,0,0,0,0,0,159.083618164062,0,0,122.789886474609,0,241.844955444336,0,133.441605201134,165.255792236328,115.486804962158,0,0,153.299694061279,160.944244384766,11.181495379468,133.334382629395,95.2661441305409,84.1724028180736,84.2807700944984,22.8814196494199,24.9287161639015,15.6926272538844,15.1439694495409,78.8099927792604,41.1286261125394,73.8559928894043,57.8912289770026,0,7.23963988501536,25.5121027980643,66.7211343749496,116.918829345703,140.566177368164,142.565758841378,78.1411867839534,83.9282180786133,79.4847088623047,86.5212870725651,72.4738142586061,154.647491455078,116.905371529715,115.493447472067,71.255091042132,14.6133730640238,59.9957282083076,0,21.1560107511195,50.5661179484153,35.0189277062933
167.561782836914,0,0,0,131.691886901855,0,0,127.929847717285,0,0,0,0,58.0589408874512,0,0,0,0,0,0,0,0,0,0,0,132.432556152344,0,0,0,149.314717610677,154.224792480469,0,0,0,151.659301757812,0,35.7028089165688,0,119.403736114502,46.8538673235023,43.7542231877645,12.7835550829366,11.6798583198003,55.1840546436799,32.6212899057489,12.172160852592,51.232373649579,0,10.7049806087799,0,25.5121027980643,7.02900552613874,73.1168594360352,0,0,0,44.0314851760864,0,0,0,34.3934441002048,0,0,0,62.8692696311257,29.1492720365524,77.0550003051758,0,40.2843904080598,86.2825088500977,45.3876814842224
