8518,40,1421,288,74,114,2169,4339,11808,228,3988,6,331,0,15885,539,8,53,0,14,79,789,31,1171,414,3,528,271,2586,28087,5522,1,23,175,163,9,0,0,10,6,0,3,18,3,1,23,0,1,0,4,1,0,0,0,0,4,0,1,5,76,0,0,2,61,8,7,0,0,3,10
40,12105,3082,2591,6,1,0,13,0,6,0,163,0,142,1,0,95,1112,50,1118,0,86,316,579,34,1597,3060,4472,24,10,131,18,1,7,766,0,3,1,6,0,0,0,0,0,0,0,1,0,5,0,0,1,3,0,1,0,2,23,1,1,0,12,3,0,0,3,1,0,0,3
1421,3082,52737,1288,18,3,14,1170,68,10,45,124,7,12,20,5,140,1039,18,499,0,618,2231,15968,184,28,15178,18943,1132,419,3480,5,0,52,2012,0,3,0,1,1,0,0,0,0,0,0,0,0,0,0,0,0,0,0,1,0,0,3,3,1,0,1,0,1,0,0,0,0,1,0
288,2591,1288,546,371,6,50,507,76,836,180,250,29,57,27,17,105,721,160,1518,21,129,3710,783,1883,169,2864,2717,2165,836,878,41,3,623,1064,2,43,5,261,2,0,0,4,1,0,3,7,0,14,1,0,2,82,6,110,1,1,28,23,59,15,439,178,9,1,12,1,0,0,45
74,6,18,371,13762,0,39,115,46,699,3709,0,2588,0,5,41,38,0,0,1,12077,13,13,8,5365,0,6,151,16492,214,123,0,0,164,115,2,0,0,49,1029,0,8,8,4,25,124,0,50,0,0,2,0,0,0,0,234,0,2,1,1112,0,0,0,178,9,0,0,0,2,14
114,1,3,6,0,8793,6230,9,5243,3,23,3,0,0,2273,2204,0,0,1,1,3,0,3,4,2,0,1,0,10,3114,2,0,7415,4,246,0,0,0,0,0,0,0,0,0,0,0,0,0,0,0,0,0,0,0,0,0,0,0,0,0,0,0,0,1,0,0,0,0,1,0
2169,0,14,50,39,6230,54739,256,22246,33,9774,3,8998,1,6887,5421,1,0,0,0,653,0,4,3,39,0,1,3,204,4536,33,0,2935,36,412,2,0,0,5,1,0,0,3,3,0,15,0,0,0,1,0,0,0,0,0,1,0,0,0,38,0,0,0,11,3,0,0,0,1,3
4339,13,1170,507,115,9,256,62981,2329,637,11872,2,52,0,2196,125,11,19,0,6,8,874,17,537,662,0,114,117,22010,2979,27771,0,5,382,135,22,0,0,49,19,1,7,61,21,16,41,0,7,0,15,1,1,0,0,0,8,3,6,5,207,0,0,3,223,39,12,0,1,24,43
11808,0,68,76,46,5243,22246,2329,78466,65,6685,4,1546,0,50716,1725,2,0,0,0,376,2,2,12,141,0,6,16,1155,9613,199,0,5237,129,571,2,0,0,10,3,0,4,10,7,6,27,0,5,0,1,0,0,0,0,0,1,0,2,0,110,0,0,0,41,7,1,0,0,2,5
228,6,10,836,699,3,33,637,65,8760,151,0,825,0,23,1049,45,4,0,0,487,35,509,18,8956,0,2,63,1803,511,757,0,1,510,397,0,0,0,52,26,0,1,17,1,45,16,0,2,0,1,0,0,0,0,0,4,0,0,0,318,0,0,0,5,2,0,0,0,0,2
3988,0,45,180,3709,23,9774,11872,6685,151,91873,0,7568,0,2540,426,11,1,0,0,7960,3,12,20,349,0,1,28,17314,2685,288,0,2,519,256,0,0,0,20,11,0,2,16,16,10,80,0,12,0,6,0,0,0,0,0,6,0,1,2,432,0,0,0,94,15,1,0,0,1,10
6,163,124,250,0,3,3,2,4,0,0,48794,0,21891,0,0,5,936,6917,7709,0,32,5,219,1,1608,16082,1224,4,21,107,1873,3,8,10134,0,1,0,2,0,0,0,0,0,0,0,24,0,67,0,0,1,4,17,31,0,0,0,2,0,39,102,84,0,0,0,15,0,0,6
331,0,7,29,2588,0,8998,52,1546,825,7568,0,58641,0,41,3559,1,0,0,0,15208,0,4,1,412,0,1,4,773,158,21,0,0,28,40,0,0,0,2,2,0,12,5,6,2,170,0,903,0,1,1,0,0,0,0,154,0,0,0,33,0,0,0,8,1,0,0,0,0,1
0,142,12,57,0,0,1,0,0,0,0,21891,0,31170,0,0,0,23,827,368,0,0,0,7,1,2467,2896,2792,0,0,7,3695,0,1,320,0,7,0,8,0,0,0,0,0,0,0,76,0,304,0,0,0,0,40,44,0,0,0,1,0,304,129,207,0,0,0,53,0,0,8
15885,1,20,27,5,2273,6887,2196,50716,23,2540,0,41,0,80127,687,1,0,0,0,10,1,3,8,20,0,3,3,413,16373,68,0,2504,237,254,0,0,0,3,0,0,0,2,0,0,3,0,0,0,1,0,0,0,0,0,1,0,0,0,11,0,0,0,5,1,1,0,0,0,0
539,0,5,17,41,2204,5421,125,1725,1049,426,0,3559,0,687,8806,1,0,0,0,83,0,0,7,334,0,0,1,140,488,17,0,39,13,97,0,0,0,1,0,0,0,1,0,1,2,0,1,0,0,0,0,0,0,0,0,0,0,0,19,0,0,0,7,2,0,0,0,1,1
8,95,140,105,38,0,1,11,2,45,11,5,1,0,1,1,18786,57,1,36,3,6416,2959,19658,1377,0,80,11557,781,8,2076,0,0,29,699,0,0,0,1,0,0,0,0,0,0,1,0,0,0,0,0,122,0,0,0,0,86,0,2,6,0,1,0,1,0,0,0,0,0,0
53,1112,1039,721,0,0,0,19,0,4,1,936,0,23,0,0,57,38744,152,14445,0,532,56,9760,28,177,4646,3509,43,35,851,7,0,35,6214,0,0,0,1,0,0,0,0,0,0,0,0,0,1,0,0,0,0,0,4,0,0,0,0,1,0,1,1,0,0,0,0,0,0,0
0,50,18,160,0,1,0,0,0,0,0,6917,0,827,0,0,1,152,4673,9603,0,6,1,26,0,443,5274,464,1,1,22,163,0,1,456,0,0,0,1,0,0,0,0,0,0,0,9,0,15,0,0,0,1,7,21,0,0,0,0,0,11,61,37,0,0,0,7,0,0,4
14,1118,499,1518,1,1,0,6,0,0,0,7709,0,368,0,0,36,14445,9603,34566,0,130,24,985,6,1275,16020,3544,12,16,390,134,0,30,5651,0,2,0,6,0,0,0,0,0,0,0,14,0,13,0,0,0,2,13,54,0,0,0,0,0,10,141,54,0,0,1,4,0,1,5
79,0,0,21,12077,3,653,8,376,487,7960,0,15208,0,10,83,3,0,0,0,8150,0,3,0,1054,0,0,4,3438,277,8,0,0,77,44,0,0,0,1,275,0,0,0,0,1,11,0,249,0,0,0,0,0,0,0,309,0,0,0,31,0,0,0,1,0,0,0,0,0,1
789,86,618,129,13,0,0,874,2,35,3,32,0,0,1,0,6416,532,6,130,0,91791,1673,23254,1582,4,94,1220,8146,304,22319,0,0,60,7584,0,0,0,2,0,0,0,0,0,0,1,0,0,0,1,0,0,0,0,0,0,0,1,0,2,0,0,0,1,0,0,0,0,1,1
31,316,2231,3710,13,3,4,17,2,509,12,5,4,0,3,0,2959,56,1,24,3,1673,28033,8763,7570,6,50,6449,1172,65,1328,0,1,124,646,0,5,0,21,1,0,0,0,0,0,1,0,0,0,0,0,29,0,0,0,1,3,68,1,11,0,1,2,1,0,9,0,0,0,2
1171,579,15968,783,8,4,3,537,12,18,20,219,1,7,8,7,19658,9760,26,985,0,23254,8763,140945,292,33,931,11682,5967,1037,6945,3,0,50,12691,0,0,0,0,0,0,0,0,0,0,0,0,0,0,0,0,56,0,0,0,0,0,1,0,1,0,1,0,0,0,0,0,0,0,0
414,34,184,1883,5365,2,39,662,141,8956,349,1,412,1,20,334,1377,28,0,6,1054,1582,7570,292,60781,0,74,2250,16639,585,3195,0,0,900,1214,13,0,0,127,58,0,10,69,23,102,168,0,15,0,8,1,1,0,0,0,26,0,4,1,2464,0,1,0,204,32,5,0,0,17,39
3,1597,28,169,0,0,0,0,0,0,0,1608,0,2467,0,0,0,177,443,1275,0,4,6,33,0,10037,2557,2316,0,2,13,153,0,1,287,0,2,0,11,0,0,0,0,0,0,0,71,0,303,0,0,0,3,17,35,0,0,0,1,0,230,125,139,0,0,0,59,0,0,10
528,3060,15178,2864,6,1,1,114,6,2,1,16082,1,2896,3,0,80,4646,5274,16020,0,94,50,931,74,2557,153170,41830,63,191,1134,2956,0,35,2873,0,3,0,14,0,0,0,0,1,0,0,44,0,79,1,0,0,5,41,121,0,0,1,1,0,62,307,197,0,0,2,16,0,0,13
271,4472,18943,2717,151,0,3,117,16,63,28,1224,4,2792,3,1,11557,3509,464,3544,4,1220,6449,11682,2250,2316,41830,169938,2189,92,740,3843,0,26,4706,0,3,0,17,0,0,0,0,1,2,1,10,1,23,0,0,6,2,18,50,0,0,8,2,11,18,122,60,2,1,2,5,0,0,10
2586,24,1132,2165,16492,10,204,22010,1155,1803,17314,4,773,0,413,140,781,43,1,12,3438,8146,1172,5967,16639,0,63,2189,78184,2750,6991,0,0,1328,2063,20,0,1,86,41,0,14,83,32,24,192,0,24,0,13,3,2,0,0,0,23,5,4,9,1063,0,0,3,291,54,8,0,0,14,53
28087,10,419,836,214,3114,4536,2979,9613,511,2685,21,158,0,16373,488,8,35,1,16,277,304,65,1037,585,2,191,92,2750,110917,4830,0,3642,12622,1043,24,0,0,30,6,0,4,38,11,5,29,0,5,0,5,1,2,0,0,0,3,3,7,4,133,0,0,0,138,32,13,0,1,11,43
5522,131,3480,878,123,2,33,27771,199,757,288,107,21,7,68,17,2076,851,22,390,8,22319,1328,6945,3195,13,1134,740,6991,4830,127391,0,0,314,7919,2,0,0,6,0,0,0,11,5,1,4,0,0,0,2,0,0,0,0,0,1,0,8,0,30,0,1,3,22,12,3,0,0,2,14
1,18,5,41,0,0,0,0,0,0,0,1873,0,3695,0,0,0,7,163,134,0,0,0,3,0,153,2956,3843,0,0,0,2287,0,1,65,0,0,0,0,0,0,0,0,0,0,0,13,0,36,0,0,0,0,9,11,0,0,0,0,0,20,33,48,0,0,0,9,0,0,4
23,1,0,3,0,7415,2935,5,5237,1,2,3,0,0,2504,39,0,0,0,0,0,0,1,0,0,0,0,0,0,3642,0,0,21763,5,148,0,0,0,0,0,0,0,1,0,0,0,0,0,0,0,0,0,0,0,0,0,0,0,0,0,0,0,0,0,0,0,0,0,0,0
175,7,52,623,164,4,36,382,129,510,519,8,28,1,237,13,29,35,1,30,77,60,124,50,900,1,35,26,1328,12622,314,1,5,7646,323,10,0,0,18,4,1,5,25,8,6,17,0,2,0,8,1,1,0,0,0,2,2,3,3,71,0,0,3,70,19,8,0,0,6,20
163,766,2012,1064,115,246,412,135,571,397,256,10134,40,320,254,97,699,6214,456,5651,44,7584,646,12691,1214,287,2873,4706,2063,1043,7919,65,148,323,33128,7,1,0,14,6,0,3,21,11,2,12,2,0,0,4,0,0,0,5,13,1,1,4,1,49,2,20,3,55,9,3,1,0,6,17
9,0,0,2,2,0,2,22,2,0,0,0,0,0,0,0,0,0,0,0,0,0,0,0,13,0,0,0,20,24,2,0,0,10,7,8221,17,274,129,41,8,713,6611,1893,137,1281,5,50,0,6640,32,249,168,2,28,55,36,55,193,1020,3,730,116,1403,18627,2087,2,7,417,208
0,3,3,43,0,0,0,0,0,0,0,1,0,7,0,0,0,0,0,2,0,0,5,0,0,2,3,3,0,0,0,0,0,0,1,17,6178,1648,860,0,1,0,50,5,1,4,46,0,92,10,0,115,2167,14,328,0,60,257,751,12,1960,3072,7153,41,11,115,10,0,5,713
0,1,0,5,0,0,0,0,0,0,0,0,0,0,0,0,0,0,0,0,0,0,0,0,0,0,0,0,1,0,0,0,0,0,0,274,1648,30869,2010,1,1,5,992,70,1,33,11,0,2,115,2,89,2693,6,52,0,252,1204,15633,19,3,11872,8541,722,118,1157,1,0,13,750
10,6,1,261,49,0,5,49,10,52,20,2,2,8,3,1,1,1,1,6,1,2,21,0,127,11,14,17,86,30,6,0,0,18,14,129,860,2010,315,118,3,43,390,131,1859,296,64,57,43,129,23,472,1454,51,738,43,259,1054,2896,3682,186,3503,4275,1170,202,290,9,1,68,848
6,0,1,2,1029,0,1,19,3,26,11,0,2,0,0,0,0,0,0,0,275,0,1,0,58,0,0,0,41,6,0,0,0,4,6,41,0,1,118,23552,0,39,175,86,527,4821,0,2707,0,46,12,6,2,0,0,17915,2,3,9,3214,0,0,6,7812,174,14,0,1,39,200
0,0,0,0,0,0,0,1,0,0,0,0,0,0,0,0,0,0,0,0,0,0,0,0,0,0,0,0,0,0,0,0,0,1,0,8,1,1,3,0,11227,4537,11,3392,0,28,26,4,1,1290,2411,1,0,0,0,1,1,1,0,4,0,1,3,4,1179,0,3,4606,2,396
3,0,0,0,8,0,0,7,4,1,2,0,12,0,0,0,0,0,0,0,0,0,0,0,10,0,0,0,14,4,0,0,0,5,3,713,0,5,43,39,4537,87155,1152,21549,68,20499,5,2980,0,4513,5364,3,0,0,0,1389,0,2,18,139,0,7,8,192,2430,5,0,1999,20,391
18,0,0,4,8,0,3,61,10,17,16,0,5,0,2,1,0,0,0,0,0,0,0,0,69,0,0,0,83,38,11,0,1,25,21,6611,50,992,390,175,11,1152,148449,3057,268,27727,2,513,0,7668,78,166,271,2,34,156,478,77,2015,1896,2,1546,392,14143,5112,9696,1,3,567,640
3,0,0,1,4,0,3,21,7,1,16,0,6,0,0,0,0,0,0,0,0,0,0,0,23,0,1,1,32,11,5,0,0,8,11,1893,5,70,131,86,3392,21549,3057,100762,142,15045,40,771,2,43458,551,46,18,1,0,417,2,14,102,466,0,137,51,562,7661,30,0,5102,35,1337
1,0,0,0,25,0,0,16,6,45,10,0,2,0,0,1,0,0,0,0,1,0,0,0,102,0,0,2,24,5,1,0,0,6,2,137,1,1,1859,527,0,68,268,142,5519,313,0,2250,0,87,824,158,2,0,0,139,19,674,33,9097,0,1,13,1158,197,152,0,1,103,125
23,0,0,3,124,0,15,41,27,16,80,0,170,0,3,2,1,0,0,0,11,1,1,0,168,0,0,1,192,29,4,0,0,17,12,1281,4,33,296,4821,28,20499,27727,15045,313,138589,0,16843,0,2728,419,29,5,0,0,13908,8,10,79,5795,0,39,27,12481,3812,80,0,21,781,2226
0,1,0,7,0,0,0,0,0,0,0,24,0,76,0,0,0,0,9,14,0,0,0,0,0,71,44,10,0,0,0,13,0,0,2,5,46,11,64,0,26,5,2,40,0,0,57846,0,9046,10,0,3,339,10977,4744,0,18,2,92,0,2716,8923,1010,1,47,42,1730,48,5,6781
1,0,0,0,50,0,0,7,5,2,12,0,903,0,0,1,0,0,0,0,249,0,0,0,15,0,0,1,24,5,0,0,0,2,0,50,0,0,57,2707,4,2980,513,771,2250,16843,0,52077,0,76,3630,0,0,0,0,17905,0,0,7,655,0,0,0,322,182,2,0,4,39,107
0,5,0,14,0,0,0,0,0,0,0,67,0,304,0,0,0,1,15,13,0,0,0,0,0,303,79,23,0,0,0,36,0,0,0,0,92,2,43,0,1,0,0,2,0,0,9046,0,34828,0,0,3,12,424,251,0,1,0,3,0,3366,2123,7013,1,2,6,4992,4,0,395
4,0,0,1,0,0,1,15,1,1,6,0,1,0,1,0,0,0,0,0,0,1,0,0,8,0,1,0,13,5,2,0,0,8,4,6640,10,115,129,46,1290,4513,7668,43458,87,2728,10,76,0,100055,307,121,50,1,7,82,10,25,97,623,1,336,68,592,17065,57,0,1861,49,664
1,0,0,0,2,0,0,1,0,0,0,0,1,0,0,0,0,0,0,0,0,0,0,0,1,0,0,0,3,1,0,0,0,1,0,32,0,2,23,12,2411,5364,78,551,824,419,0,3630,0,307,5971,1,0,0,0,100,0,0,0,98,0,0,0,22,120,1,0,23,2,16
0,1,0,2,0,0,0,1,0,0,0,1,0,0,0,0,122,0,0,0,0,0,29,56,1,0,0,6,2,2,0,0,0,1,0,249,115,89,472,6,1,3,166,46,158,29,3,0,3,121,1,19164,105,0,12,2,10347,2978,22588,1705,12,124,9997,1831,204,2768,1,0,151,808
0,3,0,82,0,0,0,0,0,0,0,4,0,0,0,0,0,0,1,2,0,0,0,0,0,3,5,2,0,0,0,0,0,0,0,168,2167,2693,1454,2,0,0,271,18,2,5,339,0,12,50,0,105,29951,61,14968,0,1475,43,22255,23,72,6201,6275,96,53,1805,6,0,36,5908
0,0,0,6,0,0,0,0,0,0,0,17,0,40,0,0,0,0,7,13,0,0,0,0,0,17,41,18,0,0,0,9,0,0,5,2,14,6,51,0,0,0,2,1,0,0,10977,0,424,1,0,0,61,17203,4212,0,4,1,19,1,377,6286,375,1,0,18,247,0,1,425
0,1,1,110,0,0,0,0,0,0,0,31,0,44,0,0,0,4,21,54,0,0,0,0,0,35,121,50,0,0,0,11,0,0,13,28,328,52,738,0,0,0,34,0,0,0,4744,0,251,7,0,12,14968,4212,25999,0,159,7,1475,3,1146,10560,2096,13,24,575,115,1,37,2890
4,0,0,1,234,0,1,8,1,4,6,0,154,0,1,0,0,0,0,0,309,0,1,0,26,0,0,0,23,3,1,0,0,2,1,55,0,0,43,17915,1,1389,156,417,139,13908,0,17905,0,82,100,2,0,0,0,12941,1,0,6,960,0,0,1,800,439,2,0,4,46,330
0,2,0,1,0,0,0,3,0,0,0,0,0,0,0,0,86,0,0,0,0,0,3,0,0,0,0,0,5,3,0,0,0,2,1,36,60,252,259,2,1,0,478,2,19,8,18,0,1,10,0,10347,1475,4,159,1,82438,1544,17414,1293,7,175,901,7026,33,20565,3,0,164,8245
1,23,3,28,2,0,0,6,2,0,1,0,0,0,0,0,0,0,0,0,0,1,68,1,4,0,1,8,4,7,8,0,0,3,4,55,257,1204,1054,3,1,2,77,14,674,10,2,0,0,25,0,2978,43,1,7,0,1544,19876,9881,4408,7,37,5157,487,52,603,0,0,54,456
5,1,3,23,1,0,0,5,0,0,2,2,0,1,0,0,2,0,0,0,0,0,1,0,1,1,1,2,9,4,0,0,0,3,1,193,751,15633,2896,9,0,18,2015,102,33,79,92,7,3,97,0,22588,22255,19,1475,6,17414,9881,104807,737,32,3103,12922,8580,140,8602,1,1,124,11609
76,1,1,59,1112,0,38,207,110,318,432,0,33,0,11,19,6,1,0,0,31,2,11,1,2464,0,0,11,1063,133,30,0,0,71,49,1020,12,19,3682,3214,4,139,1896,466,9097,5795,0,655,0,623,98,1705,23,1,3,960,1293,4408,737,71285,0,29,427,23388,1132,1814,0,0,669,987
0,0,0,15,0,0,0,0,0,0,0,39,0,304,0,0,0,0,11,10,0,0,0,0,0,230,62,18,0,0,0,20,0,0,2,3,1960,3,186,0,0,0,2,0,0,0,2716,0,3366,1,0,12,72,377,1146,0,7,7,32,0,8713,3036,7172,1,1,20,292,2,0,371
0,12,1,439,0,0,0,0,0,0,0,102,0,129,0,0,1,1,61,141,0,0,1,1,1,125,307,122,0,0,1,33,0,0,20,730,3072,11872,3503,0,1,7,1546,137,1,39,8923,0,2123,336,0,124,6201,6286,10560,0,175,37,3103,29,3036,148574,19138,451,332,2514,2597,6,78,2636
2,3,0,178,0,0,0,3,0,0,0,84,0,207,0,0,0,1,37,54,0,0,2,0,0,139,197,60,3,0,3,48,0,3,3,116,7153,8541,4275,6,3,8,392,51,13,27,1010,0,7013,68,0,9997,6275,375,2096,1,901,5157,12922,427,7172,19138,198758,860,72,638,2169,0,42,3941
61,0,1,9,178,1,11,223,41,5,94,0,8,0,5,7,1,0,0,0,1,1,1,0,204,0,0,2,291,138,22,0,0,70,55,1403,41,722,1170,7812,4,192,14143,562,1158,12481,1,322,1,592,22,1831,96,1,13,800,7026,487,8580,23388,1,451,860,106520,2008,6068,1,7,1024,2255
8,0,0,1,9,0,3,39,7,2,15,0,1,0,1,2,0,0,0,0,0,0,0,0,32,0,0,1,54,32,12,0,0,19,9,18627,11,118,202,174,1179,2430,5112,7661,197,3812,47,182,2,17065,120,204,53,0,24,439,33,52,140,1132,1,332,72,2008,137013,1873,2,6096,8690,1443
7,3,0,12,0,0,0,12,1,0,1,0,0,0,1,0,0,0,0,1,0,0,9,0,5,0,2,2,8,13,3,0,0,8,3,2087,115,1157,290,14,0,5,9696,30,152,80,42,2,6,57,1,2768,1805,18,575,2,20565,603,8602,1814,20,2514,638,6068,1873,82387,2,0,280,8231
0,1,0,1,0,0,0,0,0,0,0,15,0,53,0,0,0,0,7,4,0,0,0,0,0,59,16,5,0,0,0,9,0,0,1,2,10,1,9,0,3,0,1,0,0,0,1730,0,4992,0,0,1,6,247,115,0,3,0,1,0,292,2597,2169,1,2,2,1435,0,0,155
0,0,0,0,0,0,0,1,0,0,0,0,0,0,0,0,0,0,0,0,0,0,0,0,0,0,0,0,0,1,0,0,0,0,0,7,0,0,1,1,4606,1999,3,5102,1,21,48,4,4,1861,23,0,0,0,1,4,0,0,1,0,2,6,0,7,6096,0,0,13558,0,632
3,0,1,0,2,1,1,24,2,0,1,0,0,0,0,1,0,0,0,1,0,1,0,0,17,0,0,0,14,11,2,0,0,6,6,417,5,13,68,39,2,20,567,35,103,781,5,39,0,49,2,151,36,1,37,46,164,54,124,669,0,78,42,1024,8690,280,0,0,2609,424
10,3,0,45,14,0,3,43,5,2,10,6,1,8,0,1,0,0,4,5,1,1,2,0,39,10,13,10,53,43,14,4,0,20,17,208,713,750,848,200,396,391,640,1337,125,2226,6781,107,395,664,16,808,5908,425,2890,330,8245,456,11609,987,371,2636,3941,2255,1443,8231,155,632,424,39316
