9.4948966831221,117.55845896403,105.886862552527,73.3685730153864,94.4133098436439,0,90.331865860244,35.7533901408176,49.9898534073093,68.5634994506836,48.0327583013425,134.213679122925,129.89654976981,114.93155670166,22.5253439882801,91.6729214986165,0,103.733789200703,155.890940348307,126.69201076274,110.024225870768,75.4653884561304,111.049471282959,88.3162131661374,79.7565214556579,0,122.203157486454,130.719021079815,87.1183730934468,15.3269591228618,33.0142557598633,157.505716959635,108.605247497559,35.3469991355107,81.7004583118767,154.029174804688,0,189.715621948242,82.014207986685,0,0,211.46662902832,147.597806428608,175.771280924479,86.5458908081055,139.441314697266,0,0,0,161.89953994751,132.050693511963,0,0,0,247.339950561523,156.477508544922,201.464691162109,0,0,128.940891490263,0,195.164680480957,0,140.704635033241,154.921841789694,134.171409606934,0,0,138.088356781006,134.229801177979
117.55845896403,7.72243599517335,41.0934794586805,19.3928830017478,101.831802368164,118.947929382324,131.23716990153,134.640218734741,126.436319497915,66.7436855611667,143.635563243519,61.8268650224474,94.630443572998,54.6377441485723,142.315749577114,100.35328121843,77.2971004909939,52.6910115794132,74.453863283483,67.9593313376109,0,98.5800657726469,26.4245532193969,61.1622971864504,82.7701304174501,17.4203844459741,45.0391954300015,34.5671845462008,112.607643304869,126.368980195787,113.396773843204,67.9584378917315,104.344459533691,88.703685760498,59.9769743627893,114.627212524414,19.3395423491796,57.0800089964996,61.636252784729,0,0,0,145.367538452148,205.833145141602,155.862716674805,186.476837158203,131.323780059814,0,104.883003234863,167.106937408447,0,97.3347371419271,74.1155931381952,147.66837310791,95.4904625504105,0,93.5436134338379,0,82.7555680708452,152.471435546875,82.9216384887695,83.0844439253022,76.1233422705468,167.22110748291,0,125.721285502116,121.413726806641,120.322265625,0,83.555729675293
105.886862552527,41.0934794586805,10.9205876286051,54.6540528317715,131.410983704684,0,134.214214324951,105.229567030341,121.339761192582,100.908887638765,120.347191897306,95.1132682133647,143.800103994516,104.226641054507,126.949972063898,119.328066507975,83.1511319643491,42.4576975250887,90.0841337203979,67.6353115723512,158.229583740234,68.5145622119426,51.8393386082299,34.699269365823,107.736323944767,106.356624126434,29.5457216924166,33.3835000202705,93.0172299077835,133.174981096056,96.9326908200818,86.4878691913926,160.204788208008,110.781229324341,66.7087079465515,167.902862548828,56.738431930542,95.9341420026926,77.9473110961914,228.998519897461,225.034210205078,0,180.632922628651,202.726669311523,124.921772003174,207.701965332031,161.238098144531,0,145.679496765137,187.20290998979,0,131.871530386118,105.258641912582,0,121.772152745446,0,148.535891215007,108.918420155843,121.523443302638,182.280776390663,0,112.582464691392,101.018903391984,205.805551702326,193.734970092773,163.97194035848,143.000091552734,0,143.598892211914,142.733641190962
73.3685730153864,19.3928830017478,54.6540528317715,12.3640968066615,68.1548529104753,0,97.2743367904272,67.7924015251874,87.1858826645282,17.4330167144897,88.342049481576,71.1003269662662,71.8060520172119,53.0771242167852,95.0079121445165,59.6489640076955,81.7421813540988,58.1267893647494,75.2435796564276,57.3824274029794,65.8316040039062,83.2323615703177,21.4208251094061,100.028726828726,43.3293360974724,33.2321398690824,40.1187194901089,44.4357051190736,61.3311988218331,80.5493439205906,63.2959540997521,66.9232573301896,115.433290481567,65.2115308321439,63.5162492969869,82.3426938056946,37.9042094230652,62.3463887532552,25.0281884054984,83.3285511016846,0,101.456298828125,83.8474478721619,111.42346572876,26.0036399489955,93.2493591308594,99.4081077575684,129.981960296631,107.999947865804,100.723558124743,80.1118316650391,81.4984283447266,72.1705711364746,115.002212524414,93.3140872319539,83.704174041748,126.954600016276,0,106.766571044922,63.7924822619838,55.0141126314799,72.8879879222197,74.2949204322619,94.2423068455287,103.134649525518,92.352934660735,0,0,67.3301181793213,80.0949306488037
94.4133098436439,101.831802368164,131.410983704684,68.1548529104753,10.1587601420604,101.156214396159,62.4589185063846,49.5111644800044,92.5299887591243,54.8796091809903,29.2341381690545,151.114677429199,38.7662677491905,195.11979675293,109.311892243825,70.7836192287294,131.880935668945,148.190166766827,170.371353149414,179.707702636719,15.3453292401407,149.851387023926,69.8221293362704,133.432472773961,23.7981963023581,0,157.234574568899,141.286726492423,20.4570317153466,102.824512208234,98.0312976321659,199.212989807129,147.792411804199,87.9572052333666,102.033134146912,149.90608215332,181.191268920898,216.736938476562,99.5549954501065,21.4710211784993,147.833480834961,153.801528549194,139.524661195044,145.858584353798,99.6443329394703,150.395594614202,0,114.589187133007,0,155.20253443718,121.026025251909,0,184.759017944336,0,0,140.602399764522,0,211.482635498047,0,116.628949977733,0,0,203.818496704102,151.269542111291,156.015640258789,205.041191101074,0,0,169.160313924154,156.506355285645
0,118.947929382324,0,0,101.156214396159,7.18302569754481,11.047988220812,112.09253777398,19.1002654085117,50.4478026680324,114.784101577032,67.5253320173784,67.5535517472487,88.0708885192871,24.633540181943,12.8397768060774,0,0,91.8411178588867,122.82689666748,113.393913269043,167.709091186523,87.717041015625,145.235336303711,94.7546313892711,0,95.1796951293945,158.787237803141,126.213893127441,29.2661973080003,114.585133870443,0,14.1476431295894,0,53.1515984689036,0,0,0,0,0,0,0,0,209.558731079102,77.5215606689453,0,0,0,0,0,0,0,0,0,0,0,0,0,0,0,0,0,0,190.85237121582,0,0,0,0,0,0
90.331865860244,131.23716990153,134.214214324951,97.2743367904272,62.4589185063846,11.047988220812,12.682922569463,63.8923012764016,19.7760064947519,73.9053912489382,33.4709307770433,91.7841709324571,25.4178006041452,87.8941252572196,52.4003905024886,15.3973625132334,167.859390258789,144.732174822392,127.341088867187,146.298000400349,51.1806887405019,140.227267583211,135.626432037354,126.732537516841,75.2262455840754,121.318328857422,140.969786576399,152.17893862517,63.5085314502455,62.7159269963366,86.4773394333689,141.762855529785,19.3584878299849,98.4912109375,75.6183506320941,193.990711212158,0,219.388020833333,98.7337677001953,155.07250213623,0,166.824506123861,148.905209914498,163.508765642033,103.651290469699,162.109810384115,0,80.3940894298064,0,166.486375596788,149.543040466309,0,185.938659667969,0,0,143.345266723633,0,155.999481201172,208.442901611328,134.048369567319,0,166.413070678711,224.037628173828,154.527690649033,193.742509969076,181.163027082171,0,0,203.265777587891,165.890566507975
35.7533901408176,134.640218734741,105.229567030341,67.7924015251874,49.5111644800044,112.09253777398,63.8923012764016,10.924557725682,58.9485976116667,60.9853646009982,22.9873445870953,160.987737846375,74.2670631857479,184.511385830966,55.977904847342,77.5695730725174,121.348745218913,118.995255535596,173.057209014893,147.575533427476,79.0849281657826,77.1135043277535,101.194609066047,89.6321060076282,59.9418489325209,198.077163696289,127.311942420572,119.864632187944,37.3110000064157,74.9265230876004,27.1900324936089,170.78923436215,133.143313090007,76.7468052850253,96.0134409699565,137.887302664823,160.055526733398,177.634040549949,82.3683981172966,142.363604458896,0,157.796296339769,136.126709712268,148.43296097736,92.8763266509434,150.067528606331,0,150.601501464844,205.200393676758,156.14378076097,121.251084463937,145.772397613525,186.962038907138,0,193.123031616211,142.286279296875,171.529914855957,118.139040629069,168.199148911696,120.825510870375,0,193.42894744873,161.236571663304,137.64640156043,155.490077066765,147.198108828798,0,0,144.92715847131,155.092233203706
49.9898534073093,126.436319497915,121.339761192582,87.1858826645282,92.5299887591243,19.1002654085117,19.7760064947519,58.9485976116667,10.934559189016,85.5492318140996,37.787744012096,83.1451899210612,81.5385583302914,92.7951302906824,19.9656634853339,29.1856711971116,164.886042022705,124.488102320131,121.198009266573,135.811891209568,89.9285294002957,106.159120251151,133.442273170717,112.650977804518,89.9390094667934,114.411834716797,131.08610061486,135.869313229173,91.7767375651143,36.4803233774085,65.1930247447681,134.961107590619,23.5691934376998,73.3793406979791,63.011439399559,161.885072187944,0,194.092644585503,101.662454504716,159.304909446023,0,149.539749145508,151.159394632975,165.917251586914,131.622395967182,162.486749649048,194.236938476562,147.380579630534,111.008773803711,172.104461987813,121.164657592773,188.65576171875,197.600982666016,149.284240722656,203.476323445638,146.699325561523,173.80615234375,143.072326660156,206.291680908203,139.028178870678,0,191.181835174561,191.754931363192,153.556178597843,177.216235616933,166.209787783415,0,0,153.651639302572,187.472981044224
68.5634994506836,66.7436855611667,100.908887638765,17.4330167144897,54.8796091809903,50.4478026680324,73.9053912489382,60.9853646009982,85.5492318140996,8.14343707819099,73.5558358428207,131.951093110584,9.0207571857546,126.90991024971,92.5586360728247,18.63832784723,73.4807684878085,112.33555809021,140.776117706299,138.55149790446,43.0120974973191,108.241355447208,23.5346848625489,102.357541446028,29.4652192574784,102.692275651919,116.125248385147,97.8953204215841,59.9516059043712,83.7243135153175,66.0583624485561,145.125548085859,163.436391194661,65.2768805948893,92.6823120875074,100.592300415039,0,147.582085927327,50.4629394610723,114.45701789856,87.9374313354492,94.4548950195312,119.457226493142,113.914064025879,41.3298816327695,119.649013943142,197.806533813477,87.4659377506801,0,131.759281703404,65.0401184082031,68.7110595703125,148.964141845703,168.922821044922,0,85.6091365814209,123.383682250977,75.7170878819057,227.585083007812,81.6198661211625,0,181.582711113824,162.915576389858,114.891148834229,130.34672088623,124.406690979004,0,0,130.522651672363,160.104400634766
48.0327583013425,143.635563243519,120.347191897306,88.342049481576,29.2341381690545,114.784101577032,33.4709307770433,22.9873445870953,37.787744012096,73.5558358428207,13.6158101185927,151.977899710337,30.3166422152928,179.019311904907,64.9061851796542,71.53775843452,141.0359471639,131.852630097662,171.87406463623,160.294091028525,17.9747646877943,101.923384422113,132.108993530273,109.197248302313,60.5441729107817,158.429916381836,140.276546904495,140.449060323006,33.2776096095934,93.0093983362499,59.9796777655369,177.604372297015,125.390355890447,86.8436831930409,97.7308305889864,161.846445356097,143.506942749023,200.862749735514,98.3570751614041,88.9894451358974,0,153.291507297092,152.829148517392,160.193153769283,103.006886440775,159.811671822531,0,67.2078906176042,0,169.693268947914,141.240294320243,174.190315246582,185.143513997396,0,0,150.992785453796,202.046681722005,0,190.549767127404,128.9998277211,0,208.301422119141,176.636023627387,161.580397526423,178.391599984005,172.213962009975,0,0,175.175555419922,176.508506774902
134.213679122925,61.8268650224474,95.1132682133647,71.1003269662662,151.114677429199,67.5253320173784,91.7841709324571,160.987737846375,83.1451899210612,131.951093110584,151.977899710337,13.0081963074844,158.848777770996,25.4336172445802,87.6361060378575,157.848808288574,140.497849782308,54.6079136536816,24.9192435080819,33.7836921048744,163.385528564453,125.491954040527,103.609508434376,96.742488561892,154.407412355596,36.7488155698726,35.0689464511646,58.4450900160444,163.600033760071,68.2266171313347,123.17185755245,41.0291915626113,72.8764468462039,106.550052097866,26.0116363666232,0,112.644239252264,148.859401702881,85.5798267523448,0,0,0,0,0,188.900581359863,0,88.4652549743652,150.032409667969,75.5603930533597,180.175594329834,0,0,145.514587402344,107.151506151472,132.733228984632,0,0,129.52566019694,112.769622802734,204.075664520264,72.2678304211847,109.343210545982,102.760781221612,227.015319824219,223.761917114258,0,98.659738100492,0,0,120.75292078654
129.89654976981,94.630443572998,143.800103994516,71.8060520172119,38.7662677491905,67.5535517472487,25.4178006041452,74.2670631857479,81.5385583302914,9.0207571857546,30.3166422152928,158.848777770996,10.1712399091988,140.040618896484,103.396215734028,18.5422585145669,100.218994140625,169.536986033122,0,197.765445709229,13.705162810903,172.332565307617,83.9135924119216,116.311223347982,29.5021212042625,0,194.978947957357,135.259630584717,53.2886689943625,108.134985206771,107.559535980225,0,112.86228129069,99.610689163208,101.562554310944,0,113.544189453125,239.260803222656,65.7870869106717,61.5032895406087,0,123.242862701416,148.314297993978,170.631192525228,79.3661281040737,157.426326424735,0,11.4244712893219,0,135.154342651367,91.4057833353678,0,242.008575439453,0,0,20.4189772889728,234.205871582031,0,183.451156616211,113.239235973358,0,0,0,136.686353138515,0,187.394592285156,0,0,0,0
114.93155670166,54.6377441485723,104.226641054507,53.0771242167852,195.11979675293,88.0708885192871,87.8941252572196,184.511385830966,92.7951302906824,126.90991024971,179.019311904907,25.4336172445802,140.040618896484,7.93215910614623,94.1612955729167,156.85737101237,133.317824227469,109.695468376423,52.4446752153594,73.2660837304102,0,146.181147257487,96.2573284365096,142.892220391168,143.353010009317,22.1498285711867,47.423227902525,33.7924169284395,164.857028961182,83.8869532684782,164.324920654297,21.0627469447322,84.4384231567383,181.722732543945,60.9080561560553,0,101.004412390969,134.475563049316,63.5885821448432,0,0,0,160.693099975586,154.616905212402,182.435531616211,0,79.7274056275686,0,45.1338916666865,197.531944274902,0,0,0,98.6560780560529,118.867874145508,0,0,120.89047410753,0,179.8405418396,60.0677325725555,93.9098417695868,91.2798231265557,244.871673583984,183.421597798665,171.913223266602,88.1453245670424,104.845886230469,0,127.875466918945
22.5253439882801,142.315749577114,126.949972063898,95.0079121445165,109.311892243825,24.633540181943,52.4003905024886,55.977904847342,19.9656634853339,92.5586360728247,64.9061851796542,87.6361060378575,103.396215734028,94.1612955729167,12.6038779938821,64.7058980590419,162.499069595337,123.755744819895,121.258075301712,137.245644631146,108.690999945816,103.167571978623,130.020279039655,111.862866377979,101.553027989599,107.361010360718,133.805082709339,139.772759969044,105.772101453777,31.0706518531454,57.4051286650098,134.573945363363,20.5403031067164,41.7415878285644,56.0163767544696,153.253903198242,0,189.388900756836,101.59805369827,182.197822570801,0,205.892906188965,161.295130530069,181.043916373417,119.634341071634,183.157267520302,0,179.490303039551,0,188.282805613982,149.947814941406,152.131805419922,208.101298014323,169.778182983398,212.19081624349,0,189.709190368652,185.215202331543,216.981796264648,148.977537573838,0,181.226307678223,204.593292236328,167.92255749422,179.53969507632,163.911654385653,165.938766479492,0,195.787780761719,168.070638020833
91.6729214986165,100.35328121843,119.328066507975,59.6489640076955,70.7836192287294,12.8397768060774,15.3973625132334,77.5695730725174,29.1856711971116,18.63832784723,71.53775843452,157.848808288574,18.5422585145669,156.85737101237,64.7058980590419,7.32836376042144,114.903537750244,142.676214364859,173.782104492188,157.626347859701,52.6376612916285,175.721279144287,71.1658673493758,132.138976573944,43.2901802911118,139.759156227112,134.4935546875,131.339967974494,78.2208116036874,85.5491375625134,89.6061177571615,186.795951843262,35.0738158196759,97.1880126953125,120.532736278716,0,134.473297119141,0,58.5473670959473,130.223736354283,0,0,167.293273925781,153.492599487305,77.7524850027902,126.811763339572,0,93.6993708610535,0,155.611740112305,74.1276931762695,152.520553588867,0,0,0,0,0,0,160.780868530273,106.029406229655,0,181.565475463867,0,125.761553764343,0,0,0,0,0,216.464828491211
0,77.2971004909939,83.1511319643491,81.7421813540988,131.880935668945,0,167.859390258789,121.348745218913,164.886042022705,73.4807684878085,141.0359471639,140.497849782308,100.218994140625,133.317824227469,162.499069595337,114.903537750244,13.8885736893933,97.1852396629952,116.233428955078,124.720351409912,155.36848449707,23.561976074467,32.8110191338793,24.6062630101876,40.5321802584212,125.028991699219,102.150102527863,33.0056629212448,36.2272915470738,145.301417032878,87.891248478609,131.881850242615,0,132.300404866536,86.3360227802456,0,82.314754486084,117.135076098972,94.305609703064,0,0,0,144.936845397949,0,0,186.671691894531,0,0,0,164.448211669922,0,96.7063262192622,130.493718465169,0,159.412181091309,0,120.856409345354,56.0745607554118,104.201894121861,134.433924865723,0,133.288352272727,104.613996692732,133.063290776433,170.066696166992,139.487147013346,0,0,0,118.692655563354
103.733789200703,52.6910115794132,42.4576975250887,58.1267893647494,148.190166766827,0,144.732174822392,118.995255535596,124.488102320131,112.33555809021,131.852630097662,54.6079136536816,169.536986033122,109.695468376423,123.755744819895,142.676214364859,97.1852396629952,9.99240044144291,62.1789824104309,25.4071438544872,172.425491333008,62.0812574698203,68.1691418223911,26.4691932648341,123.706801567178,88.2824802398682,31.7038721145204,63.4541230390776,117.647164431485,107.270491497747,80.297547090249,89.2529067015037,180.526357014974,88.3748966890223,35.2119342096839,0,86.8292309443156,107.372477407041,84.9200788580853,199.187469482422,0,169.105926513672,185.215540835732,202.988754272461,152.115224202474,215.403762817383,174.187240600586,0,0,212.690069198608,0,127.923933410645,117.154096740723,186.199310302734,127.989190082161,0,150.007110595703,106.311064583915,129.596938734788,189.329186179421,220.990249633789,114.052001953125,106.573891463934,189.402133178711,192.67632039388,171.499041470614,0,0,0,145.534971618652
155.890940348307,74.453863283483,90.0841337203979,75.2435796564276,170.371353149414,91.8411178588867,127.341088867187,173.057209014893,121.198009266573,140.776117706299,171.87406463623,24.9192435080819,0,52.4446752153594,121.258075301712,173.782104492188,116.233428955078,62.1789824104309,8.85237338747196,16.7396148346922,0,126.075798621544,112.285645378961,112.747370095089,165.531149727958,49.771699287522,27.5960711788047,59.2016093590067,174.06500680106,109.423498113105,131.02950902139,45.1167468843351,93.068478902181,133.412485599518,56.0649453296118,0,127.0468588935,153.620193481445,86.562788772583,0,0,0,0,0,0,0,107.252153669085,0,91.6829181539601,214.699661254883,0,0,176.770530700684,107.631418228149,126.693920359892,0,149.602401733398,140.227096557617,242.645980834961,0,77.9257528516981,101.840358303439,101.179588751359,0,0,0,103.103072166443,0,0,133.875503540039
126.69201076274,67.9593313376109,67.6353115723512,57.3824274029794,179.707702636719,122.82689666748,146.298000400349,147.575533427476,135.811891209568,138.55149790446,160.294091028525,33.7836921048744,197.765445709229,73.2660837304102,137.245644631146,157.626347859701,124.720351409912,25.4071438544872,16.7396148346922,11.8039224420083,0,99.9725401329272,96.0585363322291,71.6262523972586,149.908870041633,52.5053590181712,31.8589772774307,65.7053829067658,149.734929402669,118.977835754141,111.192008137474,55.7053905560825,106.037856468788,105.325063705444,47.5067413112482,0,96.1461448669434,125.150088991438,73.7821867054906,0,0,0,218.008560180664,232.496276855469,152.572265625,201.469436645508,120.576430765788,0,105.191299438477,158.327138264974,0,0,137.423903378573,109.748987638033,112.875380554199,0,183.408950805664,153.499828338623,141.398116111755,206.745821634928,100.04328918457,104.736564740386,105.113456192712,0,206.041259765625,170.121225992839,113.700294494629,0,191.843566894531,121.615369796753
110.024225870768,0,158.229583740234,65.8316040039062,15.3453292401407,113.393913269043,51.1806887405019,79.0849281657826,89.9285294002957,43.0120974973191,17.9747646877943,163.385528564453,13.705162810903,0,108.690999945816,52.6376612916285,155.36848449707,172.425491333008,0,0,8.09648694105276,0,165.431190490723,132.274932861328,26.3419622444053,0,168.20068359375,193.795745849609,32.4774049470543,105.552549997965,112.931066894531,0,128.45955657959,88.1110610961914,104.767362883597,0,0,0,82.9893983205159,35.8546122541331,0,160.551289876302,154.304830932617,154.432553100586,99.3318808419364,157.77118900844,0,10.0530652989557,0,174.090045928955,120.072102355957,168.89616394043,0,0,0,127.979858398438,0,203.798614501953,0,123.468387943683,0,0,0,153.812155587333,203.950848388672,0,0,0,0,0
75.4653884561304,98.5800657726469,68.5145622119426,83.2323615703177,149.851387023926,167.709091186523,140.227267583211,77.1135043277535,106.159120251151,108.241355447208,101.923384422113,125.491954040527,172.332565307617,146.181147257487,103.167571978623,175.721279144287,23.561976074467,62.0812574698203,126.075798621544,99.9725401329272,0,10.158189304314,57.9683695271259,30.6403314008813,48.0898261391326,143.242431640625,103.347353073858,67.9951906183078,25.1301991525348,67.4951512089036,31.5256966141321,0,0,56.7400578558445,50.0669089859159,147.237756093343,133.32120513916,134.384481430054,79.441540253468,0,0,0,160.480478559222,194.56684366862,113.245910644531,0,0,0,0,168.143366241455,0,111.945494030368,143.555524190267,0,205.371643066406,0,123.175916481018,68.5731827966098,125.513427110152,141.258735393656,0,160.860516357422,123.804956243279,139.652709325155,141.833494822184,131.933280792236,0,0,159.233535766602,124.035034628475
111.049471282959,26.4245532193969,51.8393386082299,21.4208251094061,69.8221293362704,87.717041015625,135.626432037354,101.194609066047,133.442273170717,23.5346848625489,132.108993530273,103.609508434376,83.9135924119216,96.2573284365096,130.020279039655,71.1658673493758,32.8110191338793,68.1691418223911,112.285645378961,96.0585363322291,165.431190490723,57.9683695271259,8.86837142753217,54.0286674494324,38.409659780556,72.0462306040638,86.2044742962786,40.6440750513801,65.8627723496195,107.785615427741,62.9370262243186,109.589335332151,0,82.9630077503346,73.0377948864086,105.919342041016,103.294214248657,95.7759297019557,69.5267588464837,0,0,0,135.480075454712,200.547805786133,83.313777923584,146.693716049194,0,0,149.227460861206,161.889018467494,0,56.8490192332166,111.776339394706,0,135.7503792899,104.926452636719,76.4457870665051,29.8208059911375,68.8684850132505,108.897443771362,133.004150390625,122.979412694131,77.5431357203303,119.008264632452,142.1491065979,82.6808725629534,177.795913696289,0,151.326736450195,97.301889692034
88.3162131661374,61.1622971864504,34.699269365823,100.028726828726,133.432472773961,145.235336303711,126.732537516841,89.6321060076282,112.650977804518,102.357541446028,109.197248302313,96.742488561892,116.311223347982,142.892220391168,111.862866377979,132.138976573944,24.6062630101876,26.4691932648341,112.747370095089,71.6262523972586,132.274932861328,30.6403314008813,54.0286674494324,15.2243923967422,84.7664857460267,107.491781870524,67.2801565275374,42.0397945113164,66.2981043021757,94.2225389812233,58.9538679898486,125.363884735107,178.149566650391,84.6689701080322,45.3312332556029,199.191090901693,102.597705205282,110.038429417793,117.327521397517,0,238.362274169922,0,167.699516607791,189.753176007952,122.914630889893,183.671865844727,244.478851318359,228.833389282227,202.166809082031,194.956518319937,0,106.373082615584,136.001345849806,156.180603027344,153.500383649554,0,131.052344489343,69.9661024797602,113.303896062042,149.336988687515,0,137.41661244054,109.385759602696,154.328081267221,203.564901351929,156.71658203125,0,0,225.950622558594,136.192375652607
79.7565214556579,82.7701304174501,107.736323944767,43.3293360974724,23.7981963023581,94.7546313892711,75.2262455840754,59.9418489325209,89.9390094667934,29.4652192574784,60.5441729107817,154.407412355596,29.5021212042625,143.353010009317,101.553027989599,43.2901802911118,40.5321802584212,123.706801567178,165.531149727958,149.908870041633,26.3419622444053,48.0898261391326,38.409659780556,84.7664857460267,13.1315559063253,121.071413116455,130.194542164705,90.9147898930654,23.608752967396,88.6255219907177,74.4797141572602,155.619522975041,133.297986984253,73.9004170123342,89.7075875515408,135.7385094716,200.015776062012,156.326637699919,64.2339293281276,121.251386369978,190.079711914062,135.001469096199,128.536789706976,134.635746253465,73.6201357600665,130.766543713379,190.798207600911,123.095914320512,159.471343994141,149.222127131412,105.30319922311,114.558049785557,169.642798975894,203.457453409831,191.703116375467,122.411501614553,138.9381779262,74.0223344256621,142.199201278356,105.865772958849,150.126586914062,181.361806532916,154.563726471692,128.124731895027,145.116266146901,127.490054188159,0,178.821884155273,131.438634042521,135.087443577966
0,17.4203844459741,106.356624126434,33.2321398690824,0,0,121.318328857422,198.077163696289,114.411834716797,102.692275651919,158.429916381836,36.7488155698726,0,22.1498285711867,107.361010360718,139.759156227112,125.028991699219,88.2824802398682,49.771699287522,52.5053590181712,0,143.242431640625,72.0462306040638,107.491781870524,121.071413116455,8.34241993549883,40.7829612102787,30.2057461878199,150.073879241943,90.540990447998,144.070871988932,43.7225253824602,161.323089599609,0,64.8328829359734,0,107.167655944824,152.175277709961,64.7237148284912,0,0,0,0,0,0,0,86.2945175170898,0,69.7515891019036,0,0,0,106.480175018311,92.9033508300781,90.9626231193542,0,0,114.940238952637,0,0,38.7765900611877,80.3119705014113,81.8135728079175,0,161.842468261719,0,78.6888591221401,0,0,104.757381439209
122.203157486454,45.0391954300015,29.5457216924166,40.1187194901089,157.234574568899,95.1796951293945,140.969786576399,127.311942420572,131.08610061486,116.125248385147,140.276546904495,35.0689464511646,194.978947957357,47.423227902525,133.805082709339,134.4935546875,102.150102527863,31.7038721145204,27.5960711788047,31.8589772774307,168.20068359375,103.347353073858,86.2044742962786,67.2801565275374,130.194542164705,40.7829612102787,16.3427330644575,35.0213998804113,125.720940279673,117.362942627852,116.043703082397,36.0001824529053,135.197314613744,116.715754554385,54.2075741894644,179.858505249023,106.269427906383,104.748402335427,60.0814460478217,0,0,0,173.728616333008,201.739481608073,160.490875244141,238.969703674316,105.02537936256,210.669067382812,93.2073179653713,187.403102329799,0,134.145948410034,111.639654432024,103.013755528273,105.581335866773,0,158.505859375,152.621612548828,132.026414235433,185.877170562744,72.2725663618608,94.8007908669664,94.6314690920798,200.797805786133,177.943570454915,173.80738067627,104.516618347168,124.578872680664,194.266616821289,119.03749621356
130.719021079815,34.5671845462008,33.3835000202705,44.4357051190736,141.286726492423,158.787237803141,152.17893862517,119.864632187944,135.869313229173,97.8953204215841,140.449060323006,58.4450900160444,135.259630584717,33.7924169284395,139.772759969044,131.339967974494,33.0056629212448,63.4541230390776,59.2016093590067,65.7053829067658,193.795745849609,67.9951906183078,40.6440750513801,42.0397945113164,90.9147898930654,30.2057461878199,35.0213998804113,15.2485832711172,83.1834574242625,128.263676859969,111.680852776605,25.3745182996475,123.400909423828,117.855023408547,65.986658236924,155.408103942871,96.8533145189285,98.3195277261952,66.8789892479925,222.31908416748,153.098358154297,210.799644470215,189.025144788954,195.415733337402,170.076103210449,215.095142364502,110.528720889471,0,99.865422198647,177.336690630232,220.466583251953,108.109133263157,108.143658394907,108.63674375573,111.763861533923,0,158.842078526815,85.5178593494853,110.350890311548,174.356066385905,71.2215674205493,98.8555036930879,99.8760891038481,159.932541438511,192.486357552665,159.880394853864,105.472807055322,0,184.304153442383,121.0443433536
87.1183730934468,112.607643304869,93.0172299077835,61.3311988218331,20.4570317153466,126.213893127441,63.5085314502455,37.3110000064157,91.7767375651143,59.9516059043712,33.2776096095934,163.600033760071,53.2886689943625,164.857028961182,105.772101453777,78.2208116036874,36.2272915470738,117.647164431485,174.06500680106,149.734929402669,32.4774049470543,25.1301991525348,65.8627723496195,66.2981043021757,23.608752967396,150.073879241943,125.720940279673,83.1834574242625,11.4813467411734,91.5452324039161,49.0826170986572,171.035113525391,144.937570571899,68.7861621672107,79.3255174525415,140.725198327041,112.75678507487,152.871198018392,77.3593731804898,105.949933362007,0,160.310803620712,133.750213771396,147.962459093259,92.5209664883821,156.085184629973,207.35661315918,152.461650501598,0,156.617065938314,141.684521484375,127.05736134269,174.436293029785,221.005966186523,180.305461883545,154.387852888841,145.759498232887,82.3733846162495,145.118995628357,119.924015121394,0,185.827847290039,143.241315364838,138.034896789059,150.853083152771,134.12208097563,0,176.400604248047,131.287851969401,138.023265406771
15.3269591228618,126.368980195787,133.174981096056,80.5493439205906,102.824512208234,29.2661973080003,62.7159269963366,74.9265230876004,36.4803233774085,83.7243135153175,93.0093983362499,68.2266171313347,108.134985206771,83.8869532684782,31.0706518531454,85.5491375625134,145.301417032878,107.270491497747,109.423498113105,118.977835754141,105.552549997965,67.4951512089036,107.785615427741,94.2225389812233,88.6255219907177,90.540990447998,117.362942627852,128.263676859969,91.5452324039161,11.50299657123,35.0345005293077,120.099265560027,11.3937717417453,19.3398497239806,29.8747741594234,150.629605461569,154.982849121094,192.492687988281,91.9708074196098,159.515405273437,0,181.535313924154,152.832488361158,175.648738316127,100.78099357605,182.360407902644,233.027648925781,166.714758300781,115.327713012695,180.456245422363,163.538436889648,195.545989990234,198.270988464355,151.466812133789,183.940006256104,191.086387634277,165.992141723633,112.902563476563,193.746202468872,142.747156230587,96.2402496337891,174.019813537598,182.840049342105,153.105282792421,170.821474920843,145.96575639306,155.328216552734,0,150.113167140795,157.227299725568
33.0142557598633,113.396773843204,96.9326908200818,63.2959540997521,98.0312976321659,114.585133870443,86.4773394333689,27.1900324936089,65.1930247447681,66.0583624485561,59.9796777655369,123.17185755245,107.559535980225,164.324920654297,57.4051286650098,89.6061177571615,87.891248478609,80.297547090249,131.02950902139,111.192008137474,112.931066894531,31.5256966141321,62.9370262243186,58.9538679898486,74.4797141572602,144.070871988932,116.043703082397,111.680852776605,49.0826170986572,35.0345005293077,11.2311884792591,154.491828918457,129.274170557658,32.0108428488259,43.6126700058357,142.998705083674,165.308975219727,166.793746948242,75.1117867011886,176.56453704834,0,171.83801487514,135.953770995771,151.93677854538,88.953180623609,158.931155642948,237.613021850586,177.862861633301,0,160.349429186653,198.208694458008,108.364232870249,185.442092895508,0,203.05260848999,0,137.995852661133,74.0257911271946,153.645067638821,124.004966859226,0,187.669039045061,178.211306254069,135.393298768997,151.575356148385,132.651615017063,0,0,137.265628269741,139.410721895988
157.505716959635,67.9584378917315,86.4878691913926,66.9232573301896,199.212989807129,0,141.762855529785,170.78923436215,134.961107590619,145.125548085859,177.604372297015,41.0291915626113,0,21.0627469447322,134.573945363363,186.795951843262,131.881850242615,89.2529067015037,45.1167468843351,55.7053905560825,0,0,109.589335332151,125.363884735107,155.619522975041,43.7225253824602,36.0001824529053,25.3745182996475,171.035113525391,120.099265560027,154.491828918457,7.29944855457323,0,0,67.8791324789754,0,118.368404041637,133.80206489563,102.201539039612,0,0,0,0,127.416206359863,171.946502685547,0,102.433904298594,0,91.9137482021166,200.298568725586,213.969161987305,0,174.73161315918,106.646811614165,118.666563819436,0,150.213195800781,149.191150665283,155.134632110596,219.081527709961,75.1317029680525,100.763637485789,101.283634995561,209.805358886719,0,0,102.90479759548,0,0,134.579669189453
108.605247497559,104.344459533691,160.204788208008,115.433290481567,147.792411804199,14.1476431295894,19.3584878299849,133.143313090007,23.5691934376998,163.436391194661,125.390355890447,72.8764468462039,112.86228129069,84.4384231567383,20.5403031067164,35.0738158196759,0,180.526357014974,93.068478902181,106.037856468788,128.45955657959,0,0,178.149566650391,133.297986984253,161.323089599609,135.197314613744,123.400909423828,144.937570571899,11.3937717417453,129.274170557658,0,5.16737655554347,72.8613135019938,49.2639105363326,0,0,0,138.695446014404,235.114288330078,0,0,0,0,196.942657470703,237.827621459961,0,0,0,0,0,0,0,0,0,0,0,0,0,190.962074279785,0,0,0,0,213.818740844727,209.240478515625,0,0,207.475173950195,0
35.3469991355107,88.703685760498,110.781229324341,65.2115308321439,87.9572052333666,0,98.4912109375,76.7468052850253,73.3793406979791,65.2768805948893,86.8436831930409,106.550052097866,99.610689163208,181.722732543945,41.7415878285644,97.1880126953125,132.300404866536,88.3748966890223,133.412485599518,105.325063705444,88.1110610961914,56.7400578558445,82.9630077503346,84.6689701080322,73.9004170123342,0,116.715754554385,117.855023408547,68.7861621672107,19.3398497239806,32.0108428488259,0,72.8613135019938,8.10515037546843,29.4856871361898,150.607788085938,0,0,79.629548740387,151.625579833984,0,0,137.440163135529,162.411638895671,80.2864109039307,157.942364501953,0,0,0,156.297826593572,0,0,137.050994873047,0,154.151741027832,0,114.633960723877,102.325934092204,164.859268188477,132.516866472032,0,151.715354919434,150.705825805664,136.530478300872,154.735778808594,135.414192893288,0,0,148.070644378662,131.827647816051
81.7004583118767,59.9769743627893,66.7087079465515,63.5162492969869,102.033134146912,53.1515984689036,75.6183506320941,96.0134409699565,63.011439399559,92.6823120875074,97.7308305889864,26.0116363666232,101.562554310944,60.9080561560553,56.0163767544696,120.532736278716,86.3360227802456,35.2119342096839,56.0649453296118,47.5067413112482,104.767362883597,50.0669089859159,73.0377948864086,45.3312332556029,89.7075875515408,64.8328829359734,54.2075741894644,65.986658236924,79.3255174525415,29.8747741594234,43.6126700058357,67.8791324789754,49.2639105363326,29.4856871361898,10.2790086426489,150.238266944885,120.068084716797,110.77179727675,79.5636523984513,172.257907867432,0,221.329833984375,146.16867409983,175.912863595145,106.415925979614,188.478176879883,136.526202610561,161.484939575195,116.284797668457,180.460006713867,204.873779296875,122.011172367976,116.267215456281,148.451724461147,134.172076832164,174.086013793945,116.2578125,93.6968024571737,131.032132065087,140.81514913994,109.914162635803,111.527646724994,112.279613450516,146.030077376456,170.757410783034,141.051396142869,109.136692047119,0,149.590177536011,135.467492294312
154.029174804688,114.627212524414,167.902862548828,82.3426938056946,149.90608215332,0,193.990711212158,137.887302664823,161.885072187944,100.592300415039,161.846445356097,0,0,0,153.253903198242,0,0,0,0,0,0,147.237756093343,105.919342041016,199.191090901693,135.7385094716,0,179.858505249023,155.408103942871,140.725198327041,150.629605461569,142.998705083674,0,0,150.607788085938,150.238266944885,10.2241890738673,108.508380042182,120.715246928822,70.8149429288545,87.9928721110026,87.2358245849609,98.947910118103,35.8134381826272,66.8190099517932,70.0584580441739,83.9353008425966,127.633361324187,95.0754585266113,139.559600830078,19.2692175527586,93.6662604014079,82.6961687261408,102.002133296086,128.869784037272,118.103387370862,103.735735575358,80.6547486481843,76.9247606946276,99.8105728637138,77.521527551456,126.845634460449,121.397177141104,123.844853043556,84.8065065982658,18.7754411657939,22.3381465911865,119.14289855957,0,28.7782179140809,62.0882776778879
0,19.3395423491796,56.738431930542,37.9042094230652,181.191268920898,0,0,160.055526733398,0,0,143.506942749023,112.644239252264,113.544189453125,101.004412390969,0,134.473297119141,82.314754486084,86.8292309443156,127.0468588935,96.1461448669434,0,133.32120513916,103.294214248657,102.597705205282,200.015776062012,107.167655944824,106.269427906383,96.8533145189285,112.75678507487,154.982849121094,165.308975219727,118.368404041637,0,0,120.068084716797,108.508380042182,6.59309282213609,41.5588823324991,17.122587837824,0,123.752147674561,103.156505584717,123.969538189116,138.271876471383,64.6254256215839,143.818314185509,77.8910569387769,134.66357421875,57.8575995461853,133.377594218535,113.877784729004,83.8088282071627,52.6956964919556,74.6640114181343,59.1026469365818,0,92.7229707990374,18.8830615726645,64.9734656605096,86.3208549261093,16.203151076875,48.5638200238922,30.8436517916168,115.501332816431,122.820958008637,104.390784263611,68.0310934487875,121.463684082031,111.605227334159,63.2526981026117
189.715621948242,57.0800089964996,95.9341420026926,62.3463887532552,216.736938476562,0,219.388020833333,177.634040549949,194.092644585503,147.582085927327,200.862749735514,148.859401702881,239.260803222656,134.475563049316,189.388900756836,0,117.135076098972,107.372477407041,153.620193481445,125.150088991438,0,134.384481430054,95.7759297019557,110.038429417793,156.326637699919,152.175277709961,104.748402335427,98.3195277261952,152.871198018392,192.492687988281,166.793746948242,133.80206489563,0,0,110.77179727675,120.715246928822,41.5588823324991,11.3506716194072,55.256567055452,135.660417175293,150.550155639648,135.584702067905,102.419384505734,130.634209689484,104.821299777942,126.031612073366,99.5156808828379,158.249611748589,95.9652145385742,126.714246676855,143.550451839671,81.5928476706318,43.9168602072491,90.7556133270264,69.9961559634089,152.829494476318,75.1875834512238,43.42425149344,38.5243510804012,104.928190786027,104.383087158203,35.4725794652271,34.213518776847,93.1222114400661,143.360846859849,97.5633299925726,90.95353515625,135.373390197754,121.584328692892,82.6459101674425
82.014207986685,61.636252784729,77.9473110961914,25.0281884054984,99.5549954501065,0,98.7337677001953,82.3683981172966,101.662454504716,50.4629394610723,98.3570751614041,85.5798267523448,65.7870869106717,63.5885821448432,101.59805369827,58.5473670959473,94.305609703064,84.9200788580853,86.562788772583,73.7821867054906,82.9893983205159,79.441540253468,69.5267588464837,117.327521397517,64.2339293281276,64.7237148284912,60.0814460478217,66.8789892479925,77.3593731804898,91.9708074196098,75.1117867011886,102.201539039612,138.695446014404,79.629548740387,79.5636523984513,70.8149429288545,17.122587837824,55.256567055452,8.89207858580171,69.4976346550918,69.2831506729126,79.2904320217314,67.4584526629487,86.412091785007,13.1662795254991,90.5541234970093,67.2600257482873,51.937967641013,37.7821812201291,90.7924780750486,31.1053864051556,44.2220829554967,58.1466825073841,63.9325003851028,56.717628713514,57.0444949300666,82.7360274950663,37.6488182762691,91.4641643242548,39.6781774544702,14.4473321699272,44.5987086053373,43.9680591918747,67.8486482318496,80.6492872563686,63.6401396480533,64.324884481991,127.506373087565,62.6897643102358,67.4741898616155
