9.37308627408701,126.273016793387,112.226429036458,79.9275541305542,96.6174071462531,81.7328247070313,81.0720770218793,34.7427063635682,45.353598344326,74.1447385705036,46.4084890012425,119.794578552246,101.50904006958,156.627258300781,23.6065312638041,92.2056518554687,124.199718475342,106.417565867665,151.031614576067,132.850730219195,95.4815351698134,80.6484211222331,101.480903625488,93.1931050646253,83.1053116246274,155.492202758789,124.9884317679,136.437140927996,90.6184810551448,14.6723128925571,28.9630777544927,197.356838226318,80.2046292622884,35.5013548473142,68.3190159081177,153.790245056152,0,126.186866760254,92.6465617588588,125.223972320557,0,167.249969482422,146.455939928691,161.917706576261,85.8912124633789,176.264859517415,0,0,0,174.308970860073,0,0,175.822288513184,0,0,0,0,0,158.631210327148,135.573370513916,0,181.79354095459,174.014930725098,162.451133728027,170.752743312291,160.87291293674,0,0,134.135299682617,169.315565109253
126.273016793387,8.1756285247753,41.4435484013502,14.7730444598786,119.770652770996,0,131.909049987793,118.787198235007,141.958752950033,76.7393651673631,138.117597406561,63.1455261729588,97.03564453125,47.6701185202143,140.729785718416,107.943469707782,75.0710427684169,54.7162151861191,69.0842523120699,58.4641742754832,0,94.0757361820766,27.3346244183627,71.502734202259,88.0536118736563,18.4951825137073,45.7922559151283,33.1128181002814,109.197541373117,124.151387329102,97.8973113468715,71.9722984020527,108.979827880859,119.481991767883,61.8808929495615,153.439819335938,14.0616654482755,55.6574545398201,29.0480595906576,0,0,126.697257995605,133.049345536665,149.458976745605,74.093879699707,150.169924926758,127.615097045898,0,85.4992218017578,147.368200683594,0,152.950881958008,65.4562262641059,0,76.8286399841309,0,108.661959330241,79.5661595662435,79.866446358817,120.840001424154,87.5128326416016,80.4039552407187,62.6563166390478,135.064086914062,151.634404500326,97.4586582183838,127.195205688477,0,0,87.1387596130371
112.226429036458,41.4435484013502,11.5052816572997,47.301702869096,134.055825510333,129.108303070068,133.705076694489,104.042888103768,124.313279665966,115.126510385367,120.210376593158,90.0636639468884,136.785659790039,94.5938738103498,128.832037719615,141.535493850708,89.9793195270357,40.6807655224271,92.3488098365673,66.8535344723663,155.093574523926,67.4293520130861,61.1794195669669,32.3263879462547,109.989230883176,93.4761462741428,33.5280930199653,35.539465263839,93.6795785316835,133.023784882245,92.4067329182128,88.7317016047816,171.136474609375,121.739300500779,66.1941121202208,146.800216674805,77.1164178114671,93.0838680370434,70.4447774533872,176.917915344238,0,224.169807434082,171.754774205825,182.037831624349,149.939313252767,179.902267456055,133.900169372559,0,140.191421508789,182.563787841797,0,136.180839538574,101.344045760784,129.711227416992,112.296586536226,0,138.184009007045,58.7800201924642,118.396322423762,176.514646848043,0,104.506253234342,98.8078370965045,174.280045942827,179.726984024048,156.923296928406,149.011810302734,0,154.382736206055,122.880397033691
79.9275541305542,14.7730444598786,47.301702869096,9.52295458765708,68.8291475296021,104.389762878418,94.2825805664063,67.6576843196287,94.5511351531407,16.2806873014479,86.3688408757599,63.1705907710548,85.675938470023,48.4323047861323,95.803219050169,50.8197370726487,68.1268645777847,56.0322037627365,70.3189203262329,52.5337809702796,96.67613474528,70.562518119812,25.8240487799984,81.9079866206392,47.4234007437483,14.3482514061405,43.9470466780948,43.0892706125367,64.0046815936485,85.0291437669234,66.1808271121569,74.7658292906625,91.8635635375977,73.9461039558786,65.6820734235975,78.3288879394531,57.3723581631978,68.8235815139044,12.2773790075145,65.238427734375,0,125.575843811035,101.89703137534,154.533837890625,15.468408878033,123.256466456822,80.0853414535522,0,73.6427277459039,107.443041184369,0,99.022087097168,68.9297381083171,65.7097127914429,66.4580094814301,0,78.8728561401367,33.2621504068375,102.262205941336,70.7930918020361,24.7891832590103,60.9137713801753,60.4917151681308,84.7927387782506,101.502573533492,89.8683892822266,76.045581817627,0,76.4021987915039,74.2538408799605
96.6174071462531,119.770652770996,134.055825510333,68.8291475296021,11.7600043437764,130.010589599609,61.0883188744386,65.3249880472819,92.7588065083822,53.8688956365566,30.8309196294375,163.963582356771,33.2417351617849,177.121910095215,106.212556013824,66.5517451527354,0,155.529187982733,0,166.424205780029,14.8511873062156,97.9845352172852,80.1509335425592,144.167463129217,20.3062102327888,165.477386474609,159.317606789725,135.66442601821,20.6704699994174,103.953995112955,114.886672125922,183.883560180664,134.016143798828,95.6079932318793,113.1474609375,149.077667236328,0,0,83.7451269460279,7.0603110710087,0,148.100197641473,152.414263758166,160.29846603806,98.8338308999705,154.07870744404,0,96.331894437472,0,162.903586443733,113.537857055664,0,244.103576660156,0,0,146.610866546631,173.339385986328,132.389358520508,206.542350769043,117.306417590282,0,0,0,160.083718848951,158.20229448591,181.887691497803,0,0,151.987655639648,172.571067810059
81.7328247070313,0,129.108303070068,104.389762878418,130.010589599609,7.4418182164281,8.63800948262625,109.612005869548,16.3764404996133,48.2191747029622,112.14283074273,58.4046084540231,69.7062220573425,82.2803217569987,32.1664132562978,12.7637755666222,0,0,123.35131072998,150.095226287842,0,0,0,158.694446563721,92.7824848720006,89.2207336425781,101.174229708585,124.014721461705,127.323112487793,27.5902520022104,128.215026855469,103.044311523438,11.1828616264571,50.2200469970703,38.1112251083056,0,0,0,180.1953125,0,0,0,0,0,0,0,0,0,0,0,0,0,0,164.248306274414,0,0,0,0,0,205.441986083984,0,0,0,0,242.32373046875,0,0,0,202.01203918457,0
81.0720770218793,131.909049987793,133.705076694489,94.2825805664063,61.0883188744386,8.63800948262625,10.6606911259176,64.3555261378855,16.1055205460406,70.5337746268824,28.5249126724327,77.7708639313903,23.1110872801329,65.9580901009696,34.9302764873549,12.088076897964,158.198261260986,144.864290201439,118.039912223816,139.958527491643,48.2934421451393,119.71652003697,116.610195583767,134.325301324754,73.3009821711442,71.1649551391602,141.211412603205,145.883153357873,63.8419300435452,34.1666475893663,100.262786084955,120.114709218343,14.9320948657449,102.555350167411,53.5623625459342,183.666561889648,0,167.411193847656,97.8380425397088,118.857232570648,0,168.009159088135,156.856520758735,157.063229487492,120.283058166504,167.392569859823,0,64.3215560913086,0,178.387701283331,0,0,0,0,0,134.308746337891,0,202.610305786133,0,128.020510377002,0,0,216.51257019043,160.980496520996,177.832327524821,212.615117390951,0,0,164.516098022461,198.03407796224
34.7427063635682,118.787198235007,104.042888103768,67.6576843196287,65.3249880472819,109.612005869548,64.3555261378855,11.7324756141935,63.7698749415049,64.6882673600951,28.2182560307323,163.319991378784,73.3915601269952,176.043573819674,61.4680111986421,82.2065164346611,113.340661941036,116.769881930881,161.764049275716,144.22530832245,92.09317445755,75.6741406345161,87.1970604975289,89.7604354242184,66.4459587926037,159.359405517578,125.785373783913,121.835690414867,36.8613197976192,60.336674707632,28.3293886546221,175.276323106554,129.443812650793,78.5074757237588,96.9748656948943,150.327883826362,114.576108296712,177.467464578563,78.3078694453325,106.245087742805,185.280487060547,147.805041503906,138.471778752254,150.199866563846,104.383676959622,156.736392605689,0,142.337894439697,246.303680419922,160.34307430712,143.260879516602,152.137096405029,181.223595513238,0,202.618807983398,149.211629231771,165.580257839627,109.260168026655,172.237515585763,118.004357435438,0,197.911715698242,170.280622077711,141.230849304199,158.117872764622,152.779991221205,0,204.195533752441,148.246393330892,155.791400120176
45.353598344326,141.958752950033,124.313279665966,94.5511351531407,92.7588065083822,16.3764404996133,16.1055205460406,63.7698749415049,10.0382731103716,84.3775627829812,37.963086833971,76.6777368868635,64.5878157090014,108.275671044175,15.5935938199102,21.0915731380257,170.582600184849,126.693042926264,125.372175889857,134.029028362698,82.478706982671,110.498464885511,121.375841827393,116.004374024136,91.9108351941379,104.100648498535,133.109032588219,138.824645159196,88.5769151931643,30.7427228565993,76.0914070617531,131.16997058575,19.1490337144073,71.717912654082,52.6089356762089,167.810658046177,191.886657714844,206.626663208008,98.122841389974,155.388260735406,0,159.39345703125,148.10380995901,162.876067803831,122.714226616753,172.712950010557,0,175.484558105469,124.57234954834,168.465574645996,0,0,174.974159240723,0,170.95859375,144.831832885742,181.107650756836,146.52799987793,188.634375,131.745087881457,94.2492065429688,179.469525146484,189.484370761447,155.986915128777,179.129367363162,169.003504753113,0,0,174.368011474609,175.449626668294
74.1447385705036,76.7393651673631,115.126510385367,16.2806873014479,53.8688956365566,48.2191747029622,70.5337746268824,64.6882673600951,84.3775627829812,8.6110697821081,75.2823972605696,137.644518019278,7.48942281402175,125.787901006193,96.5349560528994,19.1183491081961,74.8548324848043,127.084767228466,150.538032023112,134.241933114188,21.4642411433353,78.409596966159,31.8689314291358,110.930555201288,28.7254507333265,105.140544155188,121.97334448971,106.89716223308,61.8849547353841,83.7632271707343,71.5012063525972,148.077246704102,127.458656311035,75.2597797817654,96.4359615467213,0,0,202.18579864502,48.0212659835815,85.2276473575168,0,226.28059387207,119.983198547363,165.402233123779,52.7906127770742,137.206021742387,0,42.8429298400879,0,130.865943908691,112.938891410828,108.370452880859,157.741007486979,0,0,91.5404205322266,162.027191162109,58.516907119751,136.549894332886,83.4409117990611,0,162.933130900065,172.470614624023,138.074513753255,145.56033039093,126.477301703559,0,0,0,149.500823974609
46.4084890012425,138.117597406561,120.210376593158,86.3688408757599,30.8309196294375,112.14283074273,28.5249126724327,28.2182560307323,37.963086833971,75.2823972605696,13.6510141043358,158.963671907466,29.2664292069376,177.851876831055,41.206076763356,82.680154800415,130.869845799037,129.827611247945,171.964102311568,153.392282155639,18.7349458208958,101.848620906757,107.724920137964,109.793958511517,65.8518035470294,178.436956787109,140.895812317916,142.606350440979,35.5397571483187,96.3151395009281,73.7425786509015,194.167595757378,127.09929386262,89.9221306937081,104.518256187439,166.308607313368,113.585762023926,189.701590643989,96.100087293938,18.7014506523481,153.009002685547,154.007883142542,151.792354685015,161.232778742072,107.031564076742,160.697479678738,0,102.386305014292,0,172.786119695295,157.857795715332,0,222.23747253418,0,214.614517211914,155.652210235596,0,136.200970241002,204.630561828613,126.954569914691,0,224.304195404053,189.484739685059,162.143788577589,182.39262060217,171.240174513597,0,0,157.181134541829,177.370941162109
119.794578552246,63.1455261729588,90.0636639468884,63.1705907710548,163.963582356771,58.4046084540231,77.7708639313903,163.319991378784,76.6777368868635,137.644518019278,158.963671907466,11.1300673306146,151.574348449707,23.1776718988677,84.7018066995962,162.132179260254,141.643038068499,51.9054721781526,21.3606925066838,32.1770156238545,169.340693155924,98.8401090076992,97.0403877453926,101.660210696134,151.015813812008,34.6672175283424,40.332952444098,71.4011215267003,171.45844850086,59.1233150115272,113.620434038567,39.2412730391747,64.4372331465798,120.230380830311,23.2189994573593,230.710494995117,112.519856452942,145.582698059082,95.8689507378472,0,0,0,214.023101806641,0,166.514083862305,228.218353271484,85.0053307669503,0,79.7565145492554,0,0,0,169.776878356934,112.626183319092,120.996639675564,0,184.271194458008,132.889909744263,0,166.880493164062,69.1221420853226,103.937049139114,102.212041175972,219.311279296875,0,216.10041809082,96.190371126742,0,197.741333007812,150.014976501465
101.50904006958,97.03564453125,136.785659790039,85.675938470023,33.2417351617849,69.7062220573425,23.1110872801329,73.3915601269952,64.5878157090014,7.48942281402175,29.2664292069376,151.574348449707,10.9177619140125,159.542058308919,100.022100867955,18.8662270224505,96.6522064208984,182.064229329427,0,157.532150268555,12.7691521460305,171.346466064453,80.9645229975383,140.294985453288,21.311498128182,135.605529785156,169.987896728516,147.6393094744,55.2655758111655,103.519470124018,117.614190419515,0,116.918829600016,106.530347824097,108.110588378906,188.088500976562,0,0,87.1349081993103,54.101651354039,0,47.4381686123935,167.564076741536,154.043340047201,89.825008392334,55.371773477328,148.496253967285,11.5087643899816,0,140.074494679769,179.559478759766,0,0,0,0,14.162379759885,176.680252075195,182.330459594727,192.377380371094,108.664081827799,0,0,172.75553894043,88.7997990312248,128.686080932617,140.300369262695,0,0,0,158.72696685791
156.627258300781,47.6701185202143,94.5938738103498,48.4323047861323,177.121910095215,82.2803217569987,65.9580901009696,176.043573819674,108.275671044175,125.787901006193,177.851876831055,23.1776718988677,159.542058308919,7.69721003102822,111.807931576135,154.363688877651,127.307372093201,97.4017535967705,52.4171701428721,67.7273203055064,0,141.13550567627,84.4908745444033,123.208150227865,141.514598741057,15.291917027554,47.5483457495313,35.9188102738602,161.209404754639,100.787046723447,142.623279918324,17.8373261792049,89.2380104064941,142.532911300659,54.6202895915371,0,94.2485602696737,139.89643351237,60.7837843894958,0,0,0,210.239685058594,106.018131256104,144.452743530273,0,75.1484944063074,0,71.5015833308931,0,185.064483642578,187.330062866211,126.384351730347,88.3997266215663,109.625220235189,240.447906494141,0,112.388684082031,0,181.06613667806,57.706232403952,88.8138941757971,91.4313737123297,231.047218322754,0,153.381301879883,88.2264006897643,0,0,124.825271606445
23.6065312638041,140.729785718416,128.832037719615,95.803219050169,106.212556013824,32.1664132562978,34.9302764873549,61.4680111986421,15.5935938199102,96.5349560528994,41.206076763356,84.7018066995962,100.022100867955,111.807931576135,11.6410766676723,49.3356856922112,159.782771519252,124.612036850409,128.714330355326,136.543610539512,106.150311386376,106.338345559438,123.726787397597,113.893217039697,102.524277617966,118.00212725471,132.901107092023,143.603070635114,106.173340439325,22.4602626282151,67.4078943132943,144.970708649734,14.3243256643495,46.5554196024404,54.8703130971843,172.377079554967,0,195.961480712891,105.737799275716,183.874379475911,0,202.891647338867,162.453525295505,191.5503516564,123.895529496042,182.816189236111,107.826522827148,211.733352661133,0,189.790340314593,175.234385172526,181.455284118652,194.927494049072,192.167144775391,164.933322906494,0,192.164901733398,143.972357177734,204.531987508138,153.183930660318,0,210.680590820312,167.455841064453,170.241323551662,181.714519191433,168.485357804732,0,0,164.563247680664,178.328825632731
92.2056518554687,107.943469707782,141.535493850708,50.8197370726487,66.5517451527354,12.7637755666222,12.088076897964,82.2065164346611,21.0915731380257,19.1183491081961,82.680154800415,162.132179260254,18.8662270224505,154.363688877651,49.3356856922112,8.51140617535802,0,159.997688293457,168.510803222656,169.684181213379,51.6494558248947,129.131416320801,67.7934537035354,111.776025136312,44.1536715752559,134.456749598185,156.782657199436,135.035490948221,84.5990741212489,78.5250126858975,103.637736002604,154.760787963867,32.7579458050612,113.789892196655,105.46538734436,0,0,0,59.2641270955404,117.881942749023,0,0,106.930778503418,190.180969238281,77.1505126953125,130.191421508789,0,65.3858795166016,0,0,210.551605224609,0,0,0,0,103.520202636719,0,0,0,98.3853120803833,0,0,165.169708251953,139.876678466797,172.717300415039,0,0,0,0,168.633270263672
124.199718475342,75.0710427684169,89.9793195270357,68.1268645777847,0,0,158.198261260986,113.340661941036,170.582600184849,74.8548324848043,130.869845799037,141.643038068499,96.6522064208984,127.307372093201,159.782771519252,0,13.4601269093868,99.1658401489258,150.927658081055,127.361709331644,0,20.7757977598208,34.6391531480923,22.6842967124215,35.3535625858021,111.291927337646,107.779565641195,31.3158518373899,42.3893249108581,146.43141784668,81.5188694000244,142.532323201497,0,122.313997268677,80.5026881694794,0,0,109.832818712507,65.5389251708984,0,0,0,146.484443664551,0,88.199649810791,0,0,0,0,202.785278320312,0,103.233070520254,136.081355285645,0,187.689697265625,0,117.737546539307,57.9342704278877,107.509082233989,132.159020015172,0,116.957534790039,107.340849257608,134.102723257882,193.109298706055,120.085206095378,0,0,155.146540323893,144.227829827203
106.417565867665,54.7162151861191,40.6807655224271,56.0322037627365,155.529187982733,0,144.864290201439,116.769881930881,126.693042926264,127.084767228466,129.827611247945,51.9054721781526,182.064229329427,97.4017535967705,124.612036850409,159.997688293457,99.1658401489258,10.5493106183098,60.2778408845909,25.2861597394555,158.979486083984,58.1578881187477,73.7528260515622,22.6626765385348,128.115742665714,69.7276418281324,32.0197009952517,66.820185015125,121.090201748449,106.605188094044,77.2550954780425,85.381091764995,132.725698682997,85.5877272288005,36.401194221183,172.044357299805,102.551189422607,114.292006429036,82.7521509310094,219.05842590332,0,0,191.685539832482,207.663772583008,0,193.346942901611,144.271537780762,0,109.15747833252,194.579998016357,0,153.733160400391,117.194681121082,174.196754455566,125.373918151855,0,195.221206665039,80.0109279155731,145.00915951199,196.822449904222,92.967887878418,114.949353984758,114.092988095965,201.047080993652,186.275817871094,163.684651692708,154.761383056641,0,187.841968536377,116.453359603882
151.031614576067,69.0842523120699,92.3488098365673,70.3189203262329,0,123.35131072998,118.039912223816,161.764049275716,125.372175889857,150.538032023112,171.964102311568,21.3606925066838,0,52.4171701428721,128.714330355326,168.510803222656,150.927658081055,60.2778408845909,7.15125223339359,24.2536470448303,0,121.893885803223,113.125390272874,102.027139027913,168.366269429525,47.9868650835614,37.0531946844844,67.3910579772832,164.957925969904,111.497106842768,137.4551325259,49.4119441429057,92.711905343192,129.068304697673,56.20703459012,0,105.684574127197,155.979690551758,78.2055956522624,0,0,0,0,0,0,0,109.404835040753,0,100.023406164987,0,0,0,144.537470499674,108.956765856062,111.707127219752,0,0,154.053527832031,181.596481323242,0,87.7193512549767,103.305322494507,108.643079298961,0,0,0,100.940770116346,0,0,127.140516281128
132.850730219195,58.4641742754832,66.8535344723663,52.5337809702796,166.424205780029,150.095226287842,139.958527491643,144.22530832245,134.029028362698,134.241933114188,153.392282155639,32.1770156238545,157.532150268555,67.7273203055064,136.543610539512,169.684181213379,127.361709331644,25.2861597394555,24.2536470448303,11.0479494714582,170.243171691895,102.741497772217,97.5056282354861,79.4341786486954,151.437273567106,44.1844046532162,39.5467092521452,67.0893525510065,150.430090075341,111.757804541752,108.521449196236,61.8294817975589,74.0519060770671,106.680195228726,39.5208017960023,199.954330444336,124.036447143555,132.308409881592,75.1862137134259,144.211837768555,0,0,191.981414794922,227.623458862305,0,234.501693725586,104.893131602894,220.153915405273,121.681282941033,231.30158996582,0,165.306205749512,126.935284508599,118.419154774059,112.957437569754,0,153.776386260986,101.357721964518,152.298655192057,193.892794291178,80.6536420186361,106.208572804602,113.654618267373,172.003784179688,232.926528930664,183.452336629232,128.218858718872,0,0,136.485649653843
95.4815351698134,0,155.093574523926,96.67613474528,14.8511873062156,0,48.2934421451393,92.09317445755,82.478706982671,21.4642411433353,18.7349458208958,169.340693155924,12.7691521460305,0,106.150311386376,51.6494558248947,0,158.979486083984,0,170.243171691895,9.56918328975549,0,0,202.6162109375,25.2763385960611,0,154.073404947917,162.76876449585,31.1305271323472,104.84485304983,114.193166097005,0,110.984970092773,120.606781005859,106.504801940918,0,0,0,98.4509368896484,15.7977578270603,0,0,169.469062805176,161.482823689779,90.9349517822266,159.511875152588,0,13.7671276820557,0,183.107844034831,106.96688079834,0,0,0,0,2.5370180606842,0,0,0,122.005695549217,0,216.057144165039,0,172.611942836217,164.894805908203,0,0,0,0,0
80.6484211222331,94.0757361820766,67.4293520130861,70.562518119812,97.9845352172852,0,119.71652003697,75.6741406345161,110.498464885511,78.409596966159,101.848620906757,98.8401090076992,171.346466064453,141.13550567627,106.338345559438,129.131416320801,20.7757977598208,58.1578881187477,121.893885803223,102.741497772217,0,10.2889751194986,58.6315171637503,31.184127568334,30.8041506273953,105.978546142578,100.882872032843,67.1065704091092,28.5671334718159,80.6273097797976,26.014430448536,120.081332736545,172.561832427979,66.497632081692,43.6028731698799,126.12181854248,0,134.631679992676,100.486652374268,93.8300018310547,0,0,149.4433432685,156.009963989258,94.9741058349609,140.351024627686,0,0,0,208.097844441732,0,113.16480942847,178.593226114909,0,183.303901672363,0,125.597155094147,70.8206759463535,121.49686090806,121.90343875885,0,145.213481358119,129.549499739462,135.22298913253,174.312944412231,119.390961185578,0,0,174.928901672363,138.649926405687
101.480903625488,27.3346244183627,61.1794195669669,25.8240487799984,80.1509335425592,0,116.610195583767,87.1970604975289,121.375841827393,31.8689314291358,107.724920137964,97.0403877453926,80.9645229975383,84.4908745444033,123.726787397597,67.7934537035354,34.6391531480923,73.7528260515622,113.125390272874,97.5056282354861,0,58.6315171637503,9.15417524649214,54.787424664644,43.6052337113937,61.2413102626801,89.1437327388392,39.9700509856415,68.0696167414367,100.787408597542,65.1654779917017,107.134805425008,133.521091461182,90.1131455103556,73.2209354922068,100.111962636312,45.1165957450867,64.0473020216998,57.9803460597992,72.902825491769,0,0,122.647805622646,138.182642618815,72.7102790832519,159.891835992987,108.810157775879,0,146.577560424805,150.267140388489,0,57.8656687095984,85.5160725911458,148.851898193359,120.219500950405,0,72.9179781649975,14.9590170566852,69.6685653474596,81.6254538094125,0,102.634648429023,63.4407573154994,106.533200757257,119.621081760951,83.8796532370827,137.243041992188,0,126.045373916626,102.094440460205
93.1931050646253,71.502734202259,32.3263879462547,81.9079866206392,144.167463129217,158.694446563721,134.325301324754,89.7604354242184,116.004374024136,110.930555201288,109.793958511517,101.660210696134,140.294985453288,123.208150227865,113.893217039697,111.776025136312,22.6842967124215,22.6626765385348,102.027139027913,79.4341786486954,202.6162109375,31.184127568334,54.787424664644,13.9209464284873,77.3175412738282,116.564122517904,66.1808736677633,43.2907325890361,65.5948747186991,97.9769483254769,57.5163774282968,124.04023697797,149.594856262207,75.5610965745418,44.1315786093291,171.969459533691,118.103010559082,105.929313659668,119.230836001309,168.296005249023,0,0,174.259394152411,187.579571533203,0,193.904006958008,0,205.298599243164,0,182.965033213298,0,108.682909116101,130.071761160186,0,171.02469329834,0,132.866679986318,68.0931443590806,114.936783874035,155.651451435495,0,136.015006807115,110.54857503556,159.815411451386,185.22669643826,152.169044494629,0,0,169.821784973145,129.287876447042
83.1053116246274,88.0536118736563,109.989230883176,47.4234007437483,20.3062102327888,92.7824848720006,73.3009821711442,66.4459587926037,91.9108351941379,28.7254507333265,65.8518035470294,151.015813812008,21.311498128182,141.514598741057,102.524277617966,44.1536715752559,35.3535625858021,128.115742665714,168.366269429525,151.437273567106,25.2763385960611,30.8041506273953,43.6052337113937,77.3175412738282,12.314773816595,119.34873330858,130.992490968397,90.0924286698936,22.1819915822502,91.4460200042055,79.124981929848,164.641310671543,138.159522162543,78.0474558620588,92.9733467102051,132.480160447418,105.501770019531,155.039504157172,64.4237122873362,26.8762029120416,0,147.283108605279,128.407236779127,139.798819146505,78.0118411266021,139.538339437898,193.769485473633,124.946645216508,191.071060180664,149.12114134289,133.086620330811,120.480845747323,172.551412167756,191.82975769043,189.872919718424,129.231684366862,132.709385716638,75.7545589549201,147.616021184638,86.1746664588564,0,188.009406407674,155.327923974326,132.120946076239,144.301830049343,133.92769587242,0,0,127.882474742216,142.74789076585
155.492202758789,18.4951825137073,93.4761462741428,14.3482514061405,165.477386474609,89.2207336425781,71.1649551391602,159.359405517578,104.100648498535,105.140544155188,178.436956787109,34.6672175283424,135.605529785156,15.291917027554,118.00212725471,134.456749598185,111.291927337646,69.7276418281324,47.9868650835614,44.1844046532162,0,105.978546142578,61.2413102626801,116.564122517904,119.34873330858,7.26817404957206,37.8562649026287,22.9254003269143,150.014914957682,96.0444019458912,161.520202636719,44.1533618104567,85.4904378255208,111.940105438232,62.4731699932052,0,71.8310661315918,0,45.5456815132728,140.171813964844,0,0,0,0,116.981018066406,0,54.0057544708252,0,50.7781677693129,154.687789916992,0,0,84.6887893676758,63.5104145050049,73.7360604938708,0,0,109.512641906738,101.692676544189,128.217458089193,28.4957405263727,58.1563975139729,63.2523240082024,0,128.984970092773,183.556106567383,59.4817205837795,0,0,95.4136759440104
124.9884317679,45.7922559151283,33.5280930199653,43.9470466780948,159.317606789725,101.174229708585,141.211412603205,125.785373783913,133.109032588219,121.97334448971,140.895812317916,40.332952444098,169.987896728516,47.5483457495313,132.901107092023,156.782657199436,107.779565641195,32.0197009952517,37.0531946844844,39.5467092521452,154.073404947917,100.882872032843,89.1437327388392,66.1808736677633,130.992490968397,37.8562649026287,17.5454901789983,40.7944320960879,129.201657672639,108.973086452484,112.846080309494,34.4878633878542,106.740173339844,123.701008815391,61.7510432933737,0,99.852353316087,109.147495863173,60.4286154092076,142.504222869873,0,0,197.341045379639,143.53125,151.017242431641,217.340469360352,102.564183591017,0,95.8366762090612,194.86872253418,0,165.775756835938,112.45901054672,104.136962982545,104.761568776377,0,140.064338684082,109.121524265834,148.269646780831,189.699637095133,70.6281950690529,96.1285958128851,97.4353209859507,192.71174621582,186.588970184326,168.466868809291,101.507797140824,154.983932495117,162.976531982422,112.446930040632
136.437140927996,33.1128181002814,35.539465263839,43.0892706125367,135.66442601821,124.014721461705,145.883153357873,121.835690414867,138.824645159196,106.89716223308,142.606350440979,71.4011215267003,147.6393094744,35.9188102738602,143.603070635114,135.035490948221,31.3158518373899,66.820185015125,67.3910579772832,67.0893525510065,162.76876449585,67.1065704091092,39.9700509856415,43.2907325890361,90.0924286698936,22.9254003269143,40.7944320960879,16.2738304361737,87.7746015893822,122.352011873626,114.095131870762,23.6933654591804,105.310143062047,125.519550937346,70.120407540262,171.72166595459,88.2211344075757,96.8078312814129,67.1666835025676,127.737442016602,0,207.53849029541,169.674590320122,188.12760925293,183.499516296387,174.623733520508,109.673951384309,0,101.111966313543,188.000321282281,0,117.101825273954,107.68027527753,103.482454299927,110.808458955581,0,126.750531514486,58.7172882328295,112.799011956091,158.95843403156,75.972500928243,103.346964944737,101.002519948933,173.005897521973,198.525882496553,165.17633868802,109.421247399372,0,212.13695526123,120.77544548398
90.6184810551448,109.197541373117,93.6795785316835,64.0046815936485,20.6704699994174,127.323112487793,63.8419300435452,36.8613197976192,88.5769151931643,61.8849547353841,35.5397571483187,171.45844850086,55.2655758111655,161.209404754639,106.173340439325,84.5990741212489,42.3893249108581,121.090201748449,164.957925969904,150.430090075341,31.1305271323472,28.5671334718159,68.0696167414367,65.5948747186991,22.1819915822502,150.014914957682,129.201657672639,87.7746015893822,11.4795128691156,93.5068054541715,45.7141258887983,174.111616134644,133.922323747115,75.6434425354004,76.1616295770459,134.546602884928,0,155.262049506692,78.8010871076354,64.3444022052693,0,156.655859375,135.839088014696,152.601607666016,99.8144299465677,160.031964063644,242.394393920898,146.845936139425,0,158.45820881496,147.429276784261,123.026970087096,173.157764010959,0,192.283131917318,139.765676710341,141.966990879604,85.766087770462,156.054180811322,118.03986554391,196.85530090332,194.722768783569,148.062413159539,144.330758345755,153.33268699646,135.951266071584,0,0,135.21614818573,148.575913367333
14.6723128925571,124.151387329102,133.023784882245,85.0291437669234,103.953995112955,27.5902520022104,34.1666475893663,60.336674707632,30.7427228565993,83.7632271707343,96.3151395009281,59.1233150115272,103.519470124018,100.787046723447,22.4602626282151,78.5250126858975,146.43141784668,106.605188094044,111.497106842768,111.757804541752,104.84485304983,80.6273097797976,100.787408597542,97.9769483254769,91.4460200042055,96.0444019458912,108.973086452484,122.352011873626,93.5068054541715,10.3998360996351,25.8786924819021,103.655914488293,15.2188282068256,17.0508381158719,29.0669233059076,151.617308616638,0,198.601699829102,94.315299431483,138.193469365438,0,186.555700683594,154.17043476535,180.75426124124,116.951139068604,187.172090911865,233.157363891602,229.170364379883,125.616874694824,178.307505289714,0,145.297563552856,199.794891357422,163.063915252686,158.949951171875,0,168.481781005859,136.674865722656,198.107501983643,144.105724185705,0,150.403451283773,170.261849143288,160.929498525766,172.791893226513,159.150194721837,132.510147094727,212.028091430664,155.609175788032,163.277131539804
28.9630777544927,97.8973113468715,92.4067329182128,66.1808271121569,114.886672125922,128.215026855469,100.262786084955,28.3293886546221,76.0914070617531,71.5012063525972,73.7425786509015,113.620434038567,117.614190419515,142.623279918324,67.4078943132943,103.637736002604,81.5188694000244,77.2550954780425,137.4551325259,108.521449196236,114.193166097005,26.014430448536,65.1654779917017,57.5163774282968,79.124981929848,161.520202636719,112.846080309494,114.095131870762,45.7141258887983,25.8786924819021,10.1433167775354,165.614667452299,115.25754477761,32.3308832425676,37.8589899475387,131.903300198642,0,164.971105957031,83.8764312825304,66.7334976196289,0,180.389350891113,139.333766466951,164.053834394975,86.650149875217,162.43588811701,0,201.412338256836,0,163.080021070397,0,117.411696041332,163.645263671875,0,168.619725545247,133.141326904297,132.951119995117,73.3643820626395,154.465756503018,127.848081086811,0,175.520771026611,159.474678937127,135.189377353616,150.47099444331,138.660451854359,221.369049072266,0,125.86927096049,142.054968026968
197.356838226318,71.9722984020527,88.7317016047816,74.7658292906625,183.883560180664,103.044311523438,120.114709218343,175.276323106554,131.16997058575,148.077246704102,194.167595757378,39.2412730391747,0,17.8373261792049,144.970708649734,154.760787963867,142.532323201497,85.381091764995,49.4119441429057,61.8294817975589,0,120.081332736545,107.134805425008,124.04023697797,164.641310671543,44.1533618104567,34.4878633878542,23.6933654591804,174.111616134644,103.655914488293,165.614667452299,7.65596980714465,105.217449733189,142.081024169922,72.5641914460717,0,111.662932656028,166.510772705078,88.9587425231934,0,0,0,0,0,0,0,97.8063754272461,0,99.3919275162068,0,0,0,121.744316101074,107.171243395124,104.487117767334,0,0,135.304595947266,175.520645141602,219.844284057617,72.3517147944524,103.347407305682,108.754513247982,0,0,183.255544026693,104.681521967838,0,0,128.779612949916
80.2046292622884,108.979827880859,171.136474609375,91.8635635375977,134.016143798828,11.1828616264571,14.9320948657449,129.443812650793,19.1490337144073,127.458656311035,127.09929386262,64.4372331465798,116.918829600016,89.2380104064941,14.3243256643495,32.7579458050612,0,132.725698682997,92.711905343192,74.0519060770671,110.984970092773,172.561832427979,133.521091461182,149.594856262207,138.159522162543,85.4904378255208,106.740173339844,105.310143062047,133.922323747115,15.2188282068256,115.25754477761,105.217449733189,6.16955204970242,63.7631072998047,40.105606931596,0,0,0,134.067962646484,0,0,0,191.79362487793,0,0,0,0,0,0,0,0,0,0,0,0,0,0,0,0,189.314765930176,0,0,0,208.652603149414,0,0,0,0,0,0
35.5013548473142,119.481991767883,121.739300500779,73.9461039558786,95.6079932318793,50.2200469970703,102.555350167411,78.5074757237588,71.717912654082,75.2597797817654,89.9221306937081,120.230380830311,106.530347824097,142.532911300659,46.5554196024404,113.789892196655,122.313997268677,85.5877272288005,129.068304697673,106.680195228726,120.606781005859,66.497632081692,90.1131455103556,75.5610965745418,78.0474558620588,111.940105438232,123.701008815391,125.519550937346,75.6434425354004,17.0508381158719,32.3308832425676,142.081024169922,63.7631072998047,7.66509589273335,26.2853888866826,153.853900146484,0,153.546630859375,93.597417195638,110.394519805908,0,168.718643188477,136.588853018624,159.101939610073,80.1238327026367,172.400842285156,0,0,0,179.276709816673,0,100.406120300293,0,0,135.264312744141,0,117.03854115804,101.051368713379,178.007972717285,129.172344970703,0,177.822926839193,0,146.092664545233,157.14558492388,137.338440418243,0,0,124.813752916124,154.800216674805
68.3190159081177,61.8808929495615,66.1941121202208,65.6820734235975,113.1474609375,38.1112251083056,53.5623625459342,96.9748656948943,52.6089356762089,96.4359615467213,104.518256187439,23.2189994573593,108.110588378906,54.6202895915371,54.8703130971843,105.46538734436,80.5026881694794,36.401194221183,56.20703459012,39.5208017960023,106.504801940918,43.6028731698799,73.2209354922068,44.1315786093291,92.9733467102051,62.4731699932052,61.7510432933737,70.120407540262,76.1616295770459,29.0669233059076,37.8589899475387,72.5641914460717,40.105606931596,26.2853888866826,9.82409643621079,170.561923980713,148.127777099609,107.831226573271,96.0915891859267,0,0,214.477406819661,156.905639012655,200.457130432129,124.023208618164,176.749298095703,142.392477671305,148.217010498047,90.562126159668,175.404010009766,0,135.825172424316,117.907241821289,124.467693873814,120.816338094076,0,164.804833984375,58.4158750261579,127.112907409668,134.84173080769,112.205736796061,122.002287879357,118.664701119447,155.842512030351,169.49388032801,133.546503167403,129.775199890137,0,187.587837219238,128.372592926025
153.790245056152,153.439819335938,146.800216674805,78.3288879394531,149.077667236328,0,183.666561889648,150.327883826362,167.810658046177,0,166.308607313368,230.710494995117,188.088500976562,0,172.377079554967,0,0,172.044357299805,0,199.954330444336,0,126.12181854248,100.111962636312,171.969459533691,132.480160447418,0,0,171.72166595459,134.546602884928,151.617308616638,131.903300198642,0,0,153.853900146484,170.561923980713,9.53901387850644,123.591722760882,124.719876469793,69.4095735282541,91.6463180541992,91.8616027832031,86.847651431435,26.7622537623082,52.1363513916338,69.1662673690692,78.5174847805139,112.290069316996,130.345932006836,122.961761474609,19.5911748768789,62.2379412651062,86.1727299357569,99.3893370748568,119.297471698962,114.759869416555,90.5666834513346,74.8545725504557,75.5873183250427,90.1157843482415,77.187079135036,0,114.747300294388,122.031093369669,82.1004202213693,17.2641582125723,22.2378691864573,154.860092163086,80.0392227172852,39.3483500505105,60.1550490542156
0,14.0616654482755,77.1164178114671,57.3723581631978,0,0,0,114.576108296712,191.886657714844,0,113.585762023926,112.519856452942,0,94.2485602696737,0,0,0,102.551189422607,105.684574127197,124.036447143555,0,0,45.1165957450867,118.103010559082,105.501770019531,71.8310661315918,99.852353316087,88.2211344075757,0,0,0,111.662932656028,0,0,148.127777099609,123.591722760882,7.57000366158245,43.4318863432647,14.2164324305882,0,0,139.954256057739,123.093760140335,142.816965375628,69.730616241921,139.674880436489,68.8421995712936,150.398314158122,59.1782139048857,124.87805898566,126.659888458252,74.1650135968183,52.4152895567433,71.0884362697601,59.0339067086462,0,91.8754676080519,24.8917290703686,68.0458055910857,87.4206778508312,21.945011674557,49.9386152559823,30.2467426887697,120.719257354736,121.304540634155,98.0461180034437,70.3319902968133,101.247492980957,100.109970092773,56.7658648552833
126.186866760254,55.6574545398201,93.0838680370434,68.8235815139044,0,0,167.411193847656,177.467464578563,206.626663208008,202.18579864502,189.701590643989,145.582698059082,0,139.89643351237,195.961480712891,0,109.832818712507,114.292006429036,155.979690551758,132.308409881592,0,134.631679992676,64.0473020216998,105.929313659668,155.039504157172,0,109.147495863173,96.8078312814129,155.262049506692,198.601699829102,164.971105957031,166.510772705078,0,153.546630859375,107.831226573271,124.719876469793,43.4318863432647,12.1268315137827,52.0126957494562,136.573216287713,141.810569763184,136.350933983212,103.840067139706,130.806120986813,100.540413703448,125.905126064382,99.6426280039661,138.105752944946,109.126038261082,123.984550444678,135.806035359701,82.3841304655998,45.1202057360016,84.9954160802505,71.7409568282287,129.536174229213,71.6406893862954,49.2132487203561,31.7155531772512,103.300328080825,0,31.5129319903099,37.0686702358534,96.36665971195,136.360366551563,96.4431929324536,93.7885638872782,110.904830932617,110.42783149513,70.4792959976196
92.6465617588588,29.0480595906576,70.4447774533872,12.2773790075145,83.7451269460279,180.1953125,97.8380425397088,78.3078694453325,98.122841389974,48.0212659835815,96.100087293938,95.8689507378472,87.1349081993103,60.7837843894958,105.737799275716,59.2641270955404,65.5389251708984,82.7521509310094,78.2055956522624,75.1862137134259,98.4509368896484,100.486652374268,57.9803460597992,119.230836001309,64.4237122873362,45.5456815132728,60.4286154092076,67.1666835025676,78.8010871076354,94.315299431483,83.8764312825304,88.9587425231934,134.067962646484,93.597417195638,96.0915891859267,69.4095735282541,14.2164324305882,52.0126957494562,8.25214309368319,65.8201174124693,73.1758143107096,79.1194569102505,63.9507832224776,83.2488579730598,13.9288996294906,80.1695478439331,69.872217008383,64.8009679894698,55.8668626816546,91.6162857996274,37.3192976127237,60.8173101716122,57.7249564450834,72.8310579102615,56.5858287302296,67.8337574005127,85.2329861995948,34.1253471125727,86.0325751917322,35.8507210810979,18.0061359525477,47.6829035043519,49.3487835882499,69.7191858086975,83.6430794796513,67.7459038936961,65.491571819081,107.72638130188,67.9511130249616,70.6127887108747
125.223972320557,0,176.917915344238,65.238427734375,7.0603110710087,0,118.857232570648,106.245087742805,155.388260735406,85.2276473575168,18.7014506523481,0,54.101651354039,0,183.874379475911,117.881942749023,0,219.05842590332,0,144.211837768555,15.7977578270603,93.8300018310547,72.902825491769,168.296005249023,26.8762029120416,140.171813964844,142.504222869873,127.737442016602,64.3444022052693,138.193469365438,66.7334976196289,0,0,110.394519805908,0,91.6463180541992,0,136.573216287713,65.8201174124693,8.70672189666627,141.909454345703,56.0694024228213,64.1649837869359,88.7234179178874,49.8939055620238,27.0719557446003,149.156288146973,27.6800427607519,222.432479858398,97.9213352941018,63.9460850468388,72.2311697006226,149.866253444127,159.919128417969,165.857765197754,12.2878668782478,107.356099446615,76.8218678065709,125.338466644287,20.3687637269443,0,153.465757242839,137.319063932999,18.6514110942564,99.7308025360107,102.460015487671,0,184.234466552734,89.0062587738037,101.197294675387
