10.0075343328738,145.780125209263,93.3073839344798,70.1200424599763,91.2582055796748,71.2470117048784,49.5927713295932,29.3095592222664,31.032354978956,66.1213578679954,58.6538236581761,124.584828384523,80.6919697523117,150.497381687164,13.1094479500141,37.4864582443237,0,101.393205616925,137.478810599191,119.491469041051,76.832544166811,75.460570847016,88.7458585103353,84.8006866127392,71.0080351325555,131.783340454102,119.154533966542,121.504020768178,61.607848399122,15.3581904601008,23.5891055252378,163.757494608561,77.509378362585,45.3312221765518,83.8959696633475,0,0,158.746881103516,81.9753535726796,87.5504379272461,0,160.288172403971,142.224259694417,199.738191604614,76.9952606201172,139.320938110352,191.360656738281,169.511840820312,227.521621704102,169.078640407986,169.259887695312,0,184.850102351262,0,205.327036539714,154.296783447266,156.864730834961,170.158142089844,162.400508485991,127.868601923404,191.833928426107,200.620045588567,169.40321932706,137.856520928277,160.123381478446,135.052054268973,0,0,170.91032409668,170.903530544705
145.780125209263,9.01072745353317,45.9819259937558,13.7164571461543,0,0,149.957239151001,112.854994297028,161.318748474121,63.5997684976329,122.668863932292,60.108452048353,0,53.0379715012569,148.086917241414,0,70.0552418357448,58.1126293752385,70.4872083778841,60.9294577791928,0,88.1807516098022,33.6322801116381,68.7934669384853,66.3127045712229,23.7465528350675,54.5809324636376,27.8102563581119,107.806472301483,113.614558410645,107.707106908162,70.8658346557617,107.165134429932,93.2952301025391,57.0676801107187,0,51.4814300537109,82.2223536842748,21.549234284295,0,0,0,0,0,84.4638061523438,0,119.602763584682,0,64.7979875206947,0,0,82.534304300944,111.313906742976,122.515108744303,98.8429489135742,0,100.877716064453,169.019775390625,94.1621149966591,155.246200561523,40.413461254489,102.044773887185,82.0311853737667,104.11506652832,196.465270996094,163.168899536133,102.964179992676,0,0,140.562744776408
93.3073839344798,45.9819259937558,13.1342392394802,47.5324934602105,211.004516601562,112.761371612549,139.183083627738,87.1503352893796,125.796030552113,95.7229996901292,92.7090681750511,87.5413803736369,127.968191146851,92.8015674623121,101.365898538344,138.920138222831,93.4485288766714,36.1407590292779,83.1569395733935,63.8177287395661,147.504768371582,61.8312128817497,44.7275006592803,29.6028193415979,106.811199291332,129.23709324428,39.6835432486072,34.4471968556591,65.6619338107756,107.417383910487,81.8285981988394,90.5898883595186,151.234900580512,107.86627000378,63.4801960087786,151.677876790365,94.5397055090928,91.9062643834042,91.2008877345494,0,129.1328125,177.814865112305,148.435694417646,189.495510864258,192.604064941406,163.709325154622,140.070693969727,0,144.361277103424,179.988639831543,0,112.638235700891,103.777183900589,148.946394856771,125.449976492619,0,119.363401677058,69.1216178112719,100.57596921287,146.219004081957,131.584054311117,107.815836016004,93.7696158779654,135.683714575801,187.588227215935,135.695802576402,139.245719909668,0,162.362724304199,108.323838174561
70.1200424599763,13.7164571461543,47.5324934602105,25.6808807079385,56.6211387634277,112.807283189562,94.8476895345768,55.1912943825715,92.6050159516542,20.1425529625432,68.512354865441,59.5124145405633,57.8125523232125,43.689125485211,88.0430444964241,61.1035269984493,40.3780390290797,62.8499904431795,68.8214279475965,68.8665312358311,79.2300518498276,50.6471821955042,34.7029812549595,51.2944476673099,38.9722078336573,29.3284017041549,55.8268680431094,36.506496982846,45.9049339559904,74.6056812634731,53.0766668223371,64.7934648019296,119.309909172778,62.3322997962572,67.3973814668909,97.301736311479,39.2130755817189,87.2368763685226,16.1387268795687,101.457153956095,0,99.6967130388532,69.539857641443,112.115049300655,24.8233113834657,93.6688704057173,69.0711924904271,57.7346725463867,53.5031912783359,103.612323125203,103.514579772949,60.3438060514389,88.0873275756836,72.8579840226607,79.0504530629804,105.784076343883,79.80351046512,57.8897369033412,75.0095737085933,53.9125706580377,31.7203307842386,72.2608084646212,59.2563401274248,66.600124697142,104.029537721114,75.6180756308816,95.3304347991943,100.919006347656,83.3768098013742,96.9913768279247
91.2582055796748,0,211.004516601562,56.6211387634277,8.56884850204973,120.854559326172,67.2774497277098,30.9117833266695,94.1390669463111,41.9354087623818,25.1492619269819,167.963600158691,19.5782687682851,0,101.914831135008,71.2749549547831,50.7494812011719,135.401626586914,0,0,13.8060124813735,0,60.6832141876221,107.481819152832,18.6068012186852,151.131607055664,0,156.224563598633,12.5066477039524,96.5411127780346,80.1796932220459,0,134.04075050354,82.1358344554901,104.039412160074,145.345092773438,0,0,74.9153093798407,12.4158562852501,204.182205200195,152.847288513184,124.563386050138,167.780311221168,73.359298248291,111.981212578123,0,71.0084770233073,0,168.989053165211,95.5377494812012,92.3611221313477,177.248748779297,0,0,26.6413505572644,0,0,145.762680053711,86.9232946228419,0,0,0,113.021928315704,173.532765388489,119.094581604004,0,181.033416748047,158.867858886719,167.413209394975
71.2470117048784,0,112.761371612549,112.807283189562,120.854559326172,7.13798810842866,12.9970936037184,106.129492739414,19.0471938228485,88.6198256920124,106.308497148402,60.725471163259,96.9285394350688,54.6980819702148,37.4186412770553,15.0949562549798,93.2071380615234,132.584615707397,104.512424468994,142.735303878784,113.919698780981,110.194190979004,104.079300880432,114.83203125,105.20077271895,0,180.440450286865,114.432164972479,115.541270509058,23.1916147043872,113.306304931641,106.359886169434,11.999603597491,79.7583646774292,41.3612514008257,0,0,149.952407836914,128.969772338867,0,0,0,170.28532409668,210.019954681396,149.255508422852,204.833938598633,0,0,0,0,0,0,0,0,0,0,0,205.005920410156,150.720062255859,159.172062465123,0,0,151.472663879395,170.061006546021,154.827926635742,168.163650512695,0,0,0,175.865524291992
49.5927713295932,149.957239151001,139.183083627738,94.8476895345768,67.2774497277098,12.9970936037184,8.68246867796275,52.5921631364694,18.7286594499029,68.5474516345609,28.1458416084988,74.8646340552797,16.5956542556534,123.345190502348,38.6313005737175,9.46459210941232,0,149.254044325455,179.343656539917,163.608758365407,43.1154276310145,129.745316354852,114.210407829285,132.170250946621,80.1370346145412,124.023391723633,161.135300230837,145.092005615234,82.0098989737154,44.1015298719072,113.494136991955,205.869094848633,17.4929852196033,83.1703796386719,50.9072810477105,167.37228012085,0,183.632568359375,109.202972412109,122.368068348278,0,188.323248726981,157.443156869071,215.18442662557,100.841310119629,162.298140026274,0,117.236200141907,155.196273803711,189.590986887614,190.700347900391,0,228.21265411377,0,0,161.961896623884,172.930221557617,208.895294189453,208.115882873535,136.203969632662,0,218.170906066895,202.617119422326,151.67647519886,186.317704144646,182.325808933803,0,0,168.732424926758,189.889575195312
29.3095592222664,112.854994297028,87.1503352893796,55.1912943825715,30.9117833266695,106.129492739414,52.5921631364694,8.77313451280022,48.6214020369483,51.7219092255339,12.9211984130851,141.486979196238,39.1238185817013,153.556711912155,24.3150404485935,67.7236088707334,85.7787695990668,102.081554654348,147.753461248224,126.468402369269,39.2724672796813,61.7320152944554,73.5687202735235,68.1086652072436,40.3283971347383,159.029698689779,119.934022388842,111.114092773031,19.4783365393377,51.6525015679567,15.6999971778132,151.741920208109,110.868494883305,55.6238837531774,81.1501623371304,142.956362724304,160.413757324219,153.818074596171,70.8267229304594,126.096059350406,0,146.933420726231,117.427937383237,150.453952431679,83.6086227566588,129.074042715677,195.944938659668,123.518743969145,217.97966003418,149.384194194407,117.976783752441,187.350929260254,164.442068833571,0,211.169378662109,129.312908226336,149.66265411377,121.391029944787,145.396887769977,93.9221913009595,178.013626098633,182.876164189091,164.39463627723,109.16204734412,150.45797753334,122.427391688029,204.35237121582,181.035930633545,140.043300628662,152.528429349264
31.032354978956,161.318748474121,125.796030552113,92.6050159516542,94.1390669463111,19.0471938228485,18.7286594499029,48.6214020369483,10.1645940267229,91.2595102350009,30.7260530739915,80.5114231109619,30.8842000668891,121.904163519541,15.8111385887721,24.1575870501829,127.886839294434,135.461708331284,160.484783227893,149.987929168838,76.8478865866522,113.394461371682,110.040964981605,120.093313233606,74.9594248618513,138.525754292806,151.900609758165,149.089015822813,97.1658246448008,28.4037309761039,86.1864970692417,175.031324598524,19.8055332639121,67.5498614858409,48.5587638551953,161.790429009332,218.338226318359,187.611190069289,103.892317685214,137.87664974437,0,182.701984405518,151.208196976606,182.236173741958,121.564212065477,162.926834106445,192.810516357422,136.641055425008,187.697395324707,189.415699410946,168.052947998047,123.410942077637,191.715075683594,0,196.473327636719,159.474165482955,160.496032714844,153.598062303331,197.290672302246,138.178901409281,219.309356689453,193.61386680603,193.065286044417,147.470270252228,182.074521086937,158.028976077125,0,0,173.501141357422,178.313224460768
66.1213578679954,63.5997684976329,95.7229996901292,20.1425529625432,41.9354087623818,88.6198256920124,68.5474516345609,51.7219092255339,91.2595102350009,7.86321277209003,58.9994536086443,131.632117498489,13.778937203588,113.291006156376,86.8759959300198,25.8531742131257,52.5713225773403,109.035347071561,129.327132701874,118.892586557489,24.8825054227089,75.8821221033732,13.0354920958381,98.4366947671641,17.5772359314378,92.1330238090263,110.247073401868,94.2322117116549,44.4265224722252,77.4204846602942,59.5913694998375,123.326761245728,124.386358184814,67.2169016306274,86.2603528817495,83.1686019897461,129.656692504883,168.932571411133,19.6774625949722,92.7758969952983,0,101.872919718424,76.7775692258562,124.824464525495,20.7507030690039,101.961273193359,169.199254353841,67.9108965256635,155.331651687622,115.790257045201,50.9859784444173,133.467582702637,131.296340942383,0,171.547866821289,93.469206078108,0,68.4324188232422,133.3427734375,56.2294022683744,144.420394897461,187.923184204102,167.435346429998,83.7930851104153,113.518346284565,113.094245062934,157.890533447266,0,104.489109039307,103.739712524414
58.6538236581761,122.668863932292,92.7090681750511,68.512354865441,25.1492619269819,106.308497148402,28.1458416084988,12.9211984130851,30.7260530739915,58.9994536086443,8.8737596890516,139.307991822561,19.2262207645828,150.884127530185,31.0328052978793,61.8500894692547,0,109.152763202036,145.771406090778,130.100759057438,17.0230387689313,86.7361111763196,112.274081638881,83.2136398237579,37.7624048070115,139.588562011719,123.508554895045,132.930732838429,12.5729430761212,86.5823997991174,101.283889441655,156.392570495605,112.31459832829,78.7586393870279,95.5782484421874,137.306391034807,214.072952270508,167.115469539867,78.7964925048172,68.2880732019742,0,158.782017047589,129.770212710482,172.725233565929,116.727066713221,150.757054555984,192.361602783203,132.354625020708,223.523773193359,165.531532287598,128.626370747884,0,184.619550704956,0,0,145.060667532462,177.723983764648,176.859107971191,158.263277227228,115.530381346981,0,175.012054443359,157.931005918063,128.620506123522,169.328352677195,158.961049397786,0,194.155151367188,146.783757527669,184.79118431939
124.584828384523,60.108452048353,87.5413803736369,59.5124145405633,167.963600158691,60.725471163259,74.8646340552797,141.486979196238,80.5114231109619,131.632117498489,139.307991822561,11.8993286064316,136.062929153442,17.6708985583946,95.1298240460366,153.991963704427,126.781949361165,52.6616947863048,17.2355537163487,29.8663805630021,147.264651905407,82.4230602411123,101.188517774854,74.4771176966225,136.889910080854,28.3154899421254,25.0607188353261,56.9854404544893,136.74705291748,90.4494179969642,94.7214783939679,23.5674513420362,58.9483517906218,95.5198790413993,27.7429864268464,223.525039672852,99.1858576456706,144.0007715861,80.3718458557129,190.689926147461,0,0,195.24550374349,227.916404724121,159.723585128784,237.570617675781,69.6116331183392,0,72.9797954027867,209.307932535807,0,133.554077148438,151.076262664795,97.6235760775479,103.962007795061,0,147.617156982422,136.67497029024,152.46735867587,174.51309640067,65.9421642848423,95.5877223675068,100.089887572291,190.332187652588,206.215423583984,177.270179748535,90.5465501425923,109.973937988281,0,107.507122039795
80.6919697523117,0,127.968191146851,57.8125523232125,19.5782687682851,96.9285394350688,16.5956542556534,39.1238185817013,30.8842000668891,13.778937203588,19.2262207645828,136.062929153442,8.45500324538434,0,82.8826667193709,15.8231289168225,0,0,166.775466918945,205.538208007812,14.1728249178375,133.431427001953,129.698558044434,114.511657714844,20.3935662050754,0,150.150999450684,141.742160797119,41.0072774065177,95.0217254767984,122.796339035034,0,115.038747242519,91.6427705552843,102.336588849519,137.806032816569,0,0,65.6542868980995,65.1955194887908,0,66.8477725276241,121.142268213732,173.686921339769,72.8933742046356,42.2567837765342,0,11.2468292896952,0,165.632963700728,65.3367233276367,0,0,0,0,39.1592993686597,0,0,0,89.5658790363985,0,215.983215332031,0,120.47631065732,151.491792951311,159.356109619141,0,0,153.784637451172,163.677124023438
150.497381687164,53.0379715012569,92.8015674623121,43.689125485211,0,54.6980819702148,123.345190502348,153.556711912155,121.904163519541,113.291006156376,150.884127530185,17.6708985583946,0,6.99386275755532,137.223195326956,173.80094909668,116.771034240723,95.5474040382787,49.1590633463904,65.5366142614564,0,126.443632125854,94.6716397184155,117.711091652895,117.030474635533,19.8036687092762,32.5765125174676,38.3402200366389,143.626982116699,125.489178871622,138.371211751302,11.3484220772623,70.975252532959,138.840377807617,52.0778356603674,173.310722351074,100.319752804069,168.114139556885,61.7891737285413,211.865127563477,0,94.654914855957,0,144.784688313802,143.422736612956,0,62.5619910865702,0,63.4346964843461,138.804096221924,0,176.822708129883,165.303485107422,99.2666820949978,97.7465998617451,219.560180664062,166.312342325846,117.366910067472,171.443762207031,147.529602813721,58.7354736912358,93.0881645985139,93.8770642894909,192.389907836914,200.97583770752,182.99274597168,83.0232387665779,116.410797119141,0,96.6863585079417
13.1094479500141,148.086917241414,101.365898538344,88.0430444964241,101.914831135008,37.4186412770553,38.6313005737175,24.3150404485935,15.8111385887721,86.8759959300198,31.0328052978793,95.1298240460366,82.8826667193709,137.223195326956,7.63264267884694,41.037451044014,105.398337364197,116.931208905646,147.173073577881,134.648737868002,88.6230884251529,94.6614712235195,98.7047172363647,95.5395695306117,85.3750037833779,141.87823638916,130.501817626953,131.07791025614,90.2738452543736,16.7992988828811,27.0833541041853,175.559043884277,13.5418266491769,35.510497135311,49.8891739342205,168.014923095703,0,160.191731929779,103.993443787098,94.4280090332031,0,190.112609863281,150.541825739543,193.625762939453,133.034041771522,189.289582316081,0,169.952819824219,214.886184692383,189.597627851698,0,143.957951863607,171.343933105469,244.593078613281,185.879051208496,179.68748147147,180.324938964844,140.87398952908,169.72914455248,143.227419895408,227.623260498047,194.730263449929,179.633150650283,148.895595780338,183.308170724422,163.618502616882,205.326583862305,223.231948852539,155.743407113212,172.716718673706
37.4864582443237,0,138.920138222831,61.1035269984493,71.2749549547831,15.0949562549798,9.46459210941232,67.7236088707334,24.1575870501829,25.8531742131257,61.8500894692547,153.991963704427,15.8231289168225,173.80094909668,41.037451044014,8.49508245121159,0,139.339453887939,181.973220825195,162.17301940918,66.1888851366545,118.827102661133,52.0469182332357,116.477271270752,39.9141537447027,0,159.372854727286,158.574461503462,75.5492611224835,41.9864824749175,87.9135147094727,0,41.7543862452273,72.9894856044224,56.1043872152056,0,0,178.996505737305,98.4698486328125,117.361839294434,0,198.28857421875,0,169.823989868164,45.7047782897949,104.301162719727,0,57.3852005004883,0,185.001754760742,84.3882827758789,0,0,0,0,114.981155395508,0,0,215.041152954102,73.1953163146973,0,0,194.471893310547,131.360508311879,151.264205932617,0,0,0,0,0
0,70.0552418357448,93.4485288766714,40.3780390290797,50.7494812011719,93.2071380615234,0,85.7787695990668,127.886839294434,52.5713225773403,0,126.781949361165,0,116.771034240723,105.398337364197,0,15.4839305216069,101.64107170105,139.841567357381,122.088164834415,0,15.6191396287226,32.6211825629247,13.106427598833,20.7372981635095,0,111.782328491211,34.461987745331,45.4873530973638,83.0810693594126,57.7538474233527,109.584022521973,0,56.0272425601357,73.9090958038966,143.246063232422,146.286117553711,122.121594746908,80.1057151158651,0,0,0,135.72948328654,0,102.399826049805,0,0,116.171127319336,0,193.356674194336,0,97.4522457885742,128.694763877175,0,186.177234649658,187.832702636719,108.760655283928,59.3446208045596,100.563206699916,114.831589698792,0,146.219409942627,131.433248431866,107.164575518984,119.131146748861,110.239500722577,0,201.634643554688,95.329963684082,111.62278137207
101.393205616925,58.1126293752385,36.1407590292779,62.8499904431795,135.401626586914,132.584615707397,149.254044325455,102.081554654348,135.461708331284,109.035347071561,109.152763202036,52.6616947863048,0,95.5474040382787,116.931208905646,139.339453887939,101.64107170105,9.72668638140564,59.3287311235695,20.160152744906,180.933139801025,61.7784741818194,81.3868247421695,31.2381708951767,119.729679021942,102.208821432931,33.9752728590713,67.1631059351185,113.055865583749,100.32643959554,76.3283057142044,86.1306495666504,155.068298339844,96.6713936454371,41.3922148051093,187.814860026042,78.2208525085449,109.787562011225,104.596935565655,204.38362121582,0,0,176.192452748617,201.122100830078,0,185.735721588135,146.410794067383,0,134.337459217418,202.848197937012,0,131.060574251063,117.354849593084,146.404293484158,131.997776426118,0,153.439715576172,117.179063415527,132.513382554054,166.120592984286,138.368222554525,112.726874691938,109.130113182693,162.582545725505,195.047023773193,163.259147644043,150.75016784668,0,175.397537231445,126.777519136317
137.478810599191,70.4872083778841,83.1569395733935,68.8214279475965,0,104.512424468994,179.343656539917,147.753461248224,160.484783227893,129.327132701874,145.771406090778,17.2355537163487,166.775466918945,49.1590633463904,147.173073577881,181.973220825195,139.841567357381,59.3287311235695,7.33993801847706,26.3882157602064,142.312637329102,115.36227162679,112.161785419171,92.4576331103759,150.062670477505,45.4814319977393,32.3614771952033,63.7781598111649,151.64563257554,128.155078663132,118.290080579122,51.9509074281493,127.472023646037,119.562584400177,59.6971050977478,210.372665405273,114.128446405584,144.040756471695,91.7906104378078,0,0,0,180.85228729248,237.324096679688,149.681365966797,244.629333496094,95.2809377599646,0,93.9134820404053,235.135696411133,0,184.154815673828,148.954201624944,106.936949614052,107.817971449632,0,165.508224487305,150.061403656006,163.197761535645,169.689880371094,80.7049333333969,108.246438967744,109.876667910942,202.87158203125,219.759788513184,171.236136300223,106.178027368361,0,217.253036499023,119.281599948281
119.491469041051,60.9294577791928,63.8177287395661,68.8665312358311,0,142.735303878784,163.608758365407,126.468402369269,149.987929168838,118.892586557489,130.100759057438,29.8663805630021,205.538208007812,65.5366142614564,134.648737868002,162.17301940918,122.088164834415,20.160152744906,26.3882157602064,10.8663618647123,185.687568664551,83.3844478449871,97.6247680510708,64.6707534468673,134.393217722575,53.4495302148767,33.7651714432568,68.4873574218946,127.098499636107,111.003719326187,94.1509645396265,65.8067536908527,140.082265753495,106.807102987211,32.1315103778598,192.375,113.168951371137,121.337526334749,113.697336717085,0,0,0,195.999778747559,202.933563232422,0,191.631205240885,119.635023034137,0,119.815125552091,196.810824584961,189.228424072266,162.300796508789,124.273006039574,130.769751915565,116.316519657771,0,183.785237630208,147.47707257952,151.970876815471,159.974998474121,93.5814837501163,113.401507965971,113.101053086076,171.489763259888,175.99951171875,168.309910583496,120.331363677979,0,0,137.553718566895
76.832544166811,0,147.504768371582,79.2300518498276,13.8060124813735,113.919698780981,43.1154276310145,39.2724672796813,76.8478865866522,24.8825054227089,17.0230387689313,147.264651905407,14.1728249178375,0,88.6230884251529,66.1888851366545,0,180.933139801025,142.312637329102,185.687568664551,8.62350262237978,169.839668273926,143.790271759033,163.424481201172,19.5567137518389,0,194.528295898438,165.795190175374,20.5324693711681,92.3801844253153,138.800052936261,0,119.849803742908,91.9712121582031,97.7027632445097,143.322605133057,0,0,100.209659703573,17.2767539192681,0,164.924237060547,134.070717766171,174.525663375854,91.5517195065816,149.70076675415,0,33.6424345943061,0,178.567790031433,0,0,232.743606567383,0,0,21.5702567392365,194.454696655273,128.710800170898,0,103.866400814056,0,228.298919677734,0,127.11594121066,166.211330067028,163.162445068359,0,0,213.320007324219,191.937503051758
75.460570847016,88.1807516098022,61.8312128817497,50.6471821955042,0,110.194190979004,129.745316354852,61.7320152944554,113.394461371682,75.8821221033732,86.7361111763196,82.4230602411123,133.431427001953,126.443632125854,94.6614712235195,118.827102661133,15.6191396287226,61.7784741818194,115.36227162679,83.3844478449871,169.839668273926,12.259050920241,50.8540146871908,26.2750103999028,19.667743473367,0,107.328264830023,73.5951143855508,26.7502498614993,58.2939654232126,27.5762106694072,134.63578414917,98.325810945951,57.5870651215237,42.474307665033,128.623774937221,173.605911254883,129.127057320731,80.5779565175374,0,0,169.033365885417,122.180642780505,147.866984367371,97.4631890517015,182.680679321289,187.066940307617,167.039520263672,218.300811767578,149.860727219355,0,106.181152698606,147.11119226309,175.623830159505,162.074371337891,128.586791992188,115.184828469342,77.6261126200358,115.27987469991,107.650950899991,0,167.226664456454,129.782640833433,109.302905416357,132.955215036053,113.556684002967,0,172.976852416992,117.659966278076,124.840920268625
88.7458585103353,33.6322801116381,44.7275006592803,34.7029812549595,60.6832141876221,104.079300880432,114.210407829285,73.5687202735235,110.040964981605,13.0354920958381,112.274081638881,101.188517774854,129.698558044434,94.6716397184155,98.7047172363647,52.0469182332357,32.6211825629247,81.3868247421695,112.161785419171,97.6247680510708,143.790271759033,50.8540146871908,9.42812494808407,48.5839010477149,20.6072107844532,72.7191943721877,91.2297945498288,39.3742499403422,53.7981829370771,73.2093528131278,51.3840256243477,102.264554341634,118.126355684721,56.337674905446,62.9281347851757,100.91796875,130.142237345378,74.4565235284659,61.6093744670644,0,0,132.128494262695,104.29236253779,146.904889787946,88.2310121059418,156.925359090169,148.782468159993,0,140.534788834421,136.15976041906,0,59.3718091011047,102.096185714479,169.151733398438,135.597440447126,110.980907440186,77.5364907798121,15.2593799153312,75.8537875193994,87.6745817494947,126.205667707655,128.684489069758,84.4873570428378,94.3509272274218,122.336301057235,95.581173385399,0,164.558334350586,98.3344548543294,92.5050380578202
84.8006866127392,68.7934669384853,29.6028193415979,51.2944476673099,107.481819152832,114.83203125,132.170250946621,68.1086652072436,120.093313233606,98.4366947671641,83.2136398237579,74.4771176966225,114.511657714844,117.711091652895,95.5395695306117,116.477271270752,13.106427598833,31.2381708951767,92.4576331103759,64.6707534468673,163.424481201172,26.2750103999028,48.5839010477149,14.9590118742591,57.0231904752676,111.554693603516,67.9777416769862,44.4625281892695,39.4953701987626,86.1946854365988,50.800393619551,108.823191474466,119.985567613081,67.2645619769429,49.690086632377,167.084915161133,127.08195904323,102.271447551296,76.2262844435513,140.894996643066,154.342620849609,173.826779683431,149.446246699283,172.626978556315,123.226154674183,167.299671718052,160.07997248723,117.054573059082,209.539192199707,175.995464960734,104.25146484375,98.5581174842742,118.928703231812,170.760905674526,149.282368387495,185.3544921875,111.432412683611,71.0631066894531,106.306008176955,124.071579415458,153.426063537598,145.967304059654,105.075669012244,129.992337880117,142.174190248762,112.497815358705,163.826942443848,0,110.097515869141,116.290635840293
71.0080351325555,66.3127045712229,106.811199291332,38.9722078336573,18.6068012186852,105.20077271895,80.1370346145412,40.3283971347383,74.9594248618513,17.5772359314378,37.7624048070115,136.889910080854,20.3935662050754,117.030474635533,85.3750037833779,39.9141537447027,20.7372981635095,119.729679021942,150.062670477505,134.393217722575,19.5567137518389,19.667743473367,20.6072107844532,57.0231904752676,9.97412777834979,91.9492044041299,124.26412249709,79.3647535021442,18.6335364901834,74.2527225950647,60.8661504516285,145.872580210368,120.80258340102,65.6046941053421,84.1325411167357,125.769576072693,173.46989440918,143.065972177606,56.6279684527684,104.386372441831,169.398162841797,139.575592323586,106.531245434538,150.275992020317,58.1977646594911,119.114888351807,202.324100494385,96.4124116425467,0,145.425275988695,82.7856669425964,96.6884498596191,153.179501533508,0,161.206390380859,110.727295362478,115.48942565918,104.785341262817,129.22148539922,73.50865593214,177.968516031901,178.017887115479,150.313660010863,97.7173677802015,139.672231560784,117.790881527171,0,191.727203369141,127.703780464504,145.582883413214
131.783340454102,23.7465528350675,129.23709324428,29.3284017041549,151.131607055664,0,124.023391723633,159.029698689779,138.525754292806,92.1330238090263,139.588562011719,28.3154899421254,0,19.8036687092762,141.87823638916,0,0,102.208821432931,45.4814319977393,53.4495302148767,0,0,72.7191943721877,111.554693603516,91.9492044041299,8.65908324188893,44.288523989339,17.6092872254207,128.410916646322,117.147786458333,115.96533203125,47.4127769193788,92.9391021728516,103.871454874674,48.239448985538,144.685852050781,71.4224327087402,134.86057027181,48.6328011593187,0,0,0,163.289667765299,0,142.464094373915,0,63.9854677985696,0,61.9043809192814,184.56810760498,0,165.493263244629,111.515837351481,80.9816903444094,78.2345340870045,177.418380737305,132.04887008667,116.504357837495,171.418008422852,137.932355244954,47.6514744088891,75.5692462991266,75.6794684054002,146.226918538411,155.916308085124,130.406438827515,76.8754440725666,0,0,88.8668655982384
119.154533966542,54.5809324636376,39.6835432486072,55.8268680431094,0,180.440450286865,161.135300230837,119.934022388842,151.900609758165,110.247073401868,123.508554895045,25.0607188353261,150.150999450684,32.5765125174676,130.501817626953,159.372854727286,111.782328491211,33.9752728590713,32.3614771952033,33.7651714432568,194.528295898438,107.328264830023,91.2297945498288,67.9777416769862,124.26412249709,44.288523989339,18.6525885289901,39.4255046414956,115.854598943738,126.312057367226,113.993939145863,32.6503668534571,148.163702329,127.99553795748,74.2839613743317,180.863132052951,91.3429136957441,110.046008662174,86.5658465540686,0,0,199.523600260417,181.964426040649,183.251726670699,178.739415486654,188.647714233398,91.3771123325124,0,90.1289204614402,188.161975315639,0,161.775031145881,110.918864615304,107.650955302375,103.951236937767,0,162.096386432648,127.540380779066,142.194687071301,174.35948844578,78.9163415208995,101.153282856367,101.447410616776,175.452982584635,181.884965260824,163.560390077788,104.569249678631,164.288619995117,164.531244913737,115.467285064697
121.504020768178,27.8102563581119,34.4471968556591,36.506496982846,156.224563598633,114.432164972479,145.092005615234,111.114092773031,149.089015822813,94.2322117116549,132.930732838429,56.9854404544893,141.742160797119,38.3402200366389,131.07791025614,158.574461503462,34.461987745331,67.1631059351185,63.7781598111649,68.4873574218946,165.795190175374,73.5951143855508,39.3742499403422,44.4625281892695,79.3647535021442,17.6092872254207,39.4255046414956,15.0500117821762,86.7080163858705,121.954896824439,107.609885870242,23.0139305005422,127.047159555796,117.832942332392,65.9705482359486,177.224808791588,86.9183954775059,91.9380416753815,80.3873163361789,0,148.346038818359,201.582008361816,157.23637008667,182.515278116862,163.618420527532,169.157161215077,95.5997523313724,181.219604492188,93.0604258643256,186.290383105008,0,114.577659799271,102.977174754625,108.337510568124,100.956047701196,204.218551635742,131.094439110389,85.1353414595439,104.296975039808,147.059437913161,76.6084713066949,97.8852152226056,92.7661360672044,142.69582089838,181.762468525008,144.790782749653,103.271921707412,150.396006266276,163.571324666341,109.622288843749
61.607848399122,107.806472301483,65.6619338107756,45.9049339559904,12.5066477039524,115.541270509058,82.0098989737154,19.4783365393377,97.1658246448008,44.4265224722252,12.5729430761212,136.74705291748,41.0072774065177,143.626982116699,90.2738452543736,75.5492611224835,45.4873530973638,113.055865583749,151.64563257554,127.098499636107,20.5324693711681,26.7502498614993,53.7981829370771,39.4953701987626,18.6335364901834,128.410916646322,115.854598943738,86.7080163858705,10.5838485850892,72.0680365759134,44.2063291939598,142.54434967041,124.647695805476,59.6238845630475,66.0379520193625,127.509347182054,124.374668121338,140.833440072196,64.6251481511629,106.917728646235,166.234585571289,144.469184186724,107.974716712689,152.392694402624,81.8807179533093,130.201653530028,177.119237263997,115.347067511761,164.514404296875,148.052577037292,117.905198669434,106.888995626698,157.336660238413,208.836196899414,198.753583908081,128.101435475879,125.415120887756,102.148986721039,132.013741027477,90.4440855150173,206.195495605469,197.42568879969,152.612124936334,107.825971376489,140.368633548797,116.715565408243,0,176.489528656006,125.566717011588,143.852107336355
15.3581904601008,113.614558410645,107.417383910487,74.6056812634731,96.5411127780346,23.1916147043872,44.1015298719072,51.6525015679567,28.4037309761039,77.4204846602942,86.5823997991174,90.4494179969642,95.0217254767984,125.489178871622,16.7992988828811,41.9864824749175,83.0810693594126,100.32643959554,128.155078663132,111.003719326187,92.3801844253153,58.2939654232126,73.2093528131278,86.1946854365988,74.2527225950647,117.147786458333,126.312057367226,121.954896824439,72.0680365759134,8.57984314957019,27.0814215271269,143.967226946795,12.8542533922287,15.5648217108682,44.683858437735,145.179235284979,146.721908569336,156.834741646903,99.776190801498,115.007598114014,178.842330932617,176.778803507487,139.885264897751,190.147800586842,109.222245931625,189.408390808105,154.983512878418,159.169911702474,180.561933244978,173.272128735558,170.712875366211,108.512934003557,164.656022644043,209.359443664551,201.865994771322,186.953743674538,129.803188323975,131.882292938232,145.808562667282,131.732703853298,156.992153167725,181.22417432997,170.784365997314,133.002972213474,162.986021973366,131.367726313603,0,0,132.167676289876,152.596765099502
23.5891055252378,107.707106908162,81.8285981988394,53.0766668223371,80.1796932220459,113.306304931641,113.494136991955,15.6999971778132,86.1864970692417,59.5913694998375,101.283889441655,94.7214783939679,122.796339035034,138.371211751302,27.0833541041853,87.9135147094727,57.7538474233527,76.3283057142044,118.290080579122,94.1509645396265,138.800052936261,27.5762106694072,51.3840256243477,50.800393619551,60.8661504516285,115.96533203125,113.993939145863,107.609885870242,44.2063291939598,27.0814215271269,10.3278980867608,140.188211777631,117.419558598445,39.8901088805836,38.5668711599486,126.359663391113,153.808120727539,143.654885973249,74.8158711835373,0,184.498580932617,166.807757568359,112.545368274053,156.871725082397,99.1613287244524,152.514888000488,0,136.544738769531,201.277563476563,151.379021438898,152.584538777669,102.299242331765,159.511556413439,0,173.675060272217,177.468331473214,113.152977471603,95.7551042383367,116.79571391918,104.871825982325,0,165.281493414016,154.420924436699,108.117401147777,134.842721145519,111.985713999322,225.886108398438,0,119.189683852657,126.544749158494
163.757494608561,70.8658346557617,90.5898883595186,64.7934648019296,0,106.359886169434,205.869094848633,151.741920208109,175.031324598524,123.326761245728,156.392570495605,23.5674513420362,0,11.3484220772623,175.559043884277,0,109.584022521973,86.1306495666504,51.9509074281493,65.8067536908527,0,134.63578414917,102.264554341634,108.823191474466,145.872580210368,47.4127769193788,32.6503668534571,23.0139305005422,142.54434967041,143.967226946795,140.188211777631,8.4188174754471,0,0,80.2379381933878,0,107.584561824799,164.958282470703,89.945686340332,0,0,0,192.120620727539,216.05241394043,0,0,82.0474175044468,0,81.6041852828904,182.596832275391,0,0,130.080627441406,99.0588459968567,115.010150029109,0,176.714553833008,147.51124420166,159.245048522949,0,73.5837720414283,105.259267409643,106.491376786005,0,0,0,103.529905531141,0,0,92.3518020629883
77.509378362585,107.165134429932,151.234900580512,119.309909172778,134.04075050354,11.999603597491,17.4929852196033,110.868494883305,19.8055332639121,124.386358184814,112.31459832829,58.9483517906218,115.038747242519,70.975252532959,13.5418266491769,41.7543862452273,0,155.068298339844,127.472023646037,140.082265753495,119.849803742908,98.325810945951,118.126355684721,119.985567613081,120.80258340102,92.9391021728516,148.163702329,127.047159555796,124.647695805476,12.8542533922287,117.419558598445,0,5.80448810858724,57.9800916399275,35.4302157993367,174.446426391602,0,215.670028686523,132.342174183239,201.444046020508,0,197.880813598633,178.848185221354,223.344172159831,168.70424079895,206.892356872559,0,0,148.079391479492,199.605834960938,0,0,151.535415649414,0,0,204.096130371094,0,174.727836608887,201.982696533203,168.986957804362,0,0,136.326690673828,173.144365946452,214.784713745117,189.369338989258,0,0,0,198.733520507812
45.3312221765518,93.2952301025391,107.86627000378,62.3322997962572,82.1358344554901,79.7583646774292,83.1703796386719,55.6238837531774,67.5498614858409,67.2169016306274,78.7586393870279,95.5198790413993,91.6427705552843,138.840377807617,35.510497135311,72.9894856044224,56.0272425601357,96.6713936454371,119.562584400177,106.807102987211,91.9712121582031,57.5870651215237,56.337674905446,67.2645619769429,65.6046941053421,103.871454874674,127.99553795748,117.832942332392,59.6238845630475,15.5648217108682,39.8901088805836,0,57.9800916399275,7.56094061537289,25.9641120257286,135.160076141357,0,136.4951171875,84.2606774648031,153.253005981445,0,166.536102294922,125.469384706937,172.135099931197,141.545046488444,159.576884460449,0,143.866117477417,0,159.370789471795,0,99.5360039605035,199.705574035645,212.801162719727,158.338317871094,142.448858642578,111.013671875,98.2378875732422,122.106853303455,113.526026306152,177.453384399414,168.404472351074,176.69674428304,118.022635438388,146.626963152204,118.759416509558,0,0,122.549683094025,129.754494593694
83.8959696633475,57.0676801107187,63.4801960087786,67.3973814668909,104.039412160074,41.3612514008257,50.9072810477105,81.1501623371304,48.5587638551953,86.2603528817495,95.5782484421874,27.7429864268464,102.336588849519,52.0778356603674,49.8891739342205,56.1043872152056,73.9090958038966,41.3922148051093,59.6971050977478,32.1315103778598,97.7027632445097,42.474307665033,62.9281347851757,49.690086632377,84.1325411167357,48.239448985538,74.2839613743317,65.9705482359486,66.0379520193625,44.683858437735,38.5668711599486,80.2379381933878,35.4302157993367,25.9641120257286,13.7489077573953,150.236530848912,86.5169590541295,108.915837307634,91.6948347399312,191.040283203125,0,183.030752563477,150.973211410198,188.691736857096,128.486506535457,162.502597045898,105.68252325058,200.697113037109,116.347292175293,188.572718867549,0,106.782272491455,119.979994743101,120.945156097412,121.971175217047,168.716888427734,118.384837949179,90.1315226864505,117.318432769775,142.407978938176,123.031019357535,115.410769625408,112.332591852686,136.738580844103,169.981313460912,123.239031546456,146.579491933187,0,142.752127511161,130.552933839651
0,0,151.677876790365,97.301736311479,145.345092773438,0,167.37228012085,142.956362724304,161.790429009332,83.1686019897461,137.306391034807,223.525039672852,137.806032816569,173.310722351074,168.014923095703,0,143.246063232422,187.814860026042,210.372665405273,192.375,143.322605133057,128.623774937221,100.91796875,167.084915161133,125.769576072693,144.685852050781,180.863132052951,177.224808791588,127.509347182054,145.179235284979,126.359663391113,0,174.446426391602,135.160076141357,150.236530848912,8.36421093561304,135.642488861084,102.089802828702,70.6710874501941,87.051643595976,76.2387491861979,28.298170917229,18.1245656473838,23.4721790252317,66.7176463594162,61.8168021637259,124.071322696965,74.6448416392008,155.360783894857,10.3043709525971,51.6342489454481,99.1082549095154,103.530691722895,139.020496801897,116.936797626683,82.2658434221821,77.4086342917548,75.5554427513709,95.5569335193169,68.6768379624943,125.141725328234,131.306804439414,134.254097121918,59.4121067616091,14.6398734832176,18.2429330110201,158.103030118075,92.7149276733398,25.4079606647675,69.1293407466314
0,51.4814300537109,94.5397055090928,39.2130755817189,0,0,0,160.413757324219,218.338226318359,129.656692504883,214.072952270508,99.1858576456706,0,100.319752804069,0,0,146.286117553711,78.2208525085449,114.128446405584,113.168951371137,0,173.605911254883,130.142237345378,127.08195904323,173.46989440918,71.4224327087402,91.3429136957441,86.9183954775059,124.374668121338,146.721908569336,153.808120727539,107.584561824799,0,0,86.5169590541295,135.642488861084,8.58296208676408,43.8938513930963,18.4189435997254,0,0,0,129.741066672585,147.875720977783,77.6970839941201,150.989049275716,65.3243614254576,0,50.8026772947014,149.479550043742,119.938682556152,75.1207747459412,57.6511609054381,78.669858192911,53.8994432682365,0,88.1912664266733,28.4233763861357,64.5596579294356,69.8168880785283,30.7094650737497,55.7099189898136,33.2307661082395,101.889723036024,125.313851928711,98.5901129150391,73.5693688286675,116.888385772705,0,61.4120862385225
158.746881103516,82.2223536842748,91.9062643834042,87.2368763685226,0,149.952407836914,183.632568359375,153.818074596171,187.611190069289,168.932571411133,167.115469539867,144.0007715861,0,168.114139556885,160.191731929779,178.996505737305,122.121594746908,109.787562011225,144.040756471695,121.337526334749,0,129.127057320731,74.4565235284659,102.271447551296,143.065972177606,134.86057027181,110.046008662174,91.9380416753815,140.833440072196,156.834741646903,143.654885973249,164.958282470703,215.670028686523,136.4951171875,108.915837307634,102.089802828702,43.8938513930963,12.6343763045506,47.5027736568451,229.137329101562,0,133.454273971086,84.5812628032119,115.348728179932,117.068110942841,99.4340286254883,84.9306652762673,151.084300994873,99.0806339808873,113.046863190865,131.520420074463,78.3660443623861,38.3042962081991,88.9187873130621,62.2884465252912,128.166458129883,65.553912550211,42.7213723105895,25.5050712056313,82.7110470757968,0,31.2280955772133,28.8685394727588,64.599299315236,124.017144666399,87.1278826819526,100.925083507191,0,124.832134670681,61.756791908887
