9.1374537409586,137.532289293077,89.0703063399093,65.9839556738551,87.7772168611225,56.780569152832,59.4241247240702,37.5309040759322,22.5433508201595,65.5781348092215,54.2254377857935,102.902685334411,86.7332997079623,134.301145935059,10.7027213394427,32.9458548341479,134.810806274414,91.9298128259196,138.702234395345,115.673428659482,84.9660330414772,70.7146535488804,68.5651271901232,76.3980007162313,78.5945821158148,155.519332885742,103.630298894246,120.057067316632,66.8295913827553,17.6341156325915,26.2284427980442,164.750175476074,70.0541127522786,22.0982796592989,76.7036535048921,130.667392985026,177.970283508301,148.618509846349,92.1314415564904,0,171.473480224609,164.175857543945,126.380739623425,168.39545962685,81.8202728763703,161.965898786272,0,145.980850219727,0,156.086320495605,0,130.209982872009,159.610584259033,0,188.97297668457,182.344955444336,139.4586857387,98.5742823860862,157.078315124512,121.541083348941,139.908802032471,174.090606689453,160.091748412226,129.909637217619,139.412010803223,128.154606694761,0,164.320190429688,125.580206650954,137.44627780006
137.532289293077,9.64809153645493,49.4775097256615,14.4061591813853,0,89.6803359985352,178.080490112305,139.785766601562,125.748794555664,93.178452205658,169.922836303711,60.9038237058199,133.936454772949,58.6917743118557,176.306705474854,123.12986946106,53.664317435825,53.8974919128418,72.0880493164063,54.1052159868049,190.508163452148,85.1971480051676,35.8360911454806,64.4132310184864,82.8191519843207,28.3674786143405,49.6980415459062,33.0606555310717,97.075119972229,109.292611440023,110.289072036743,63.7963619675747,0,117.006980895996,58.1448228483516,0,63.1164646148682,71.6230255930047,41.8131702377135,0,0,0,155.443572998047,175.340087890625,0,0,85.524923324585,0,100.834661310369,0,0,157.110153198242,89.3213418579102,111.786233901978,114.187590557596,0,0,82.6440372467041,120.682257334391,161.195770263672,73.0581637791225,93.60716683524,85.6422896191357,0,0,130.365818023682,100.207065037319,0,0,89.4966850280762
89.0703063399093,49.4775097256615,11.1108246492809,42.6145689511736,119.966757774353,148.459192403158,130.968915255565,92.8968608329417,114.144851203513,102.618802663442,109.509419630115,102.706024776806,137.15772374471,89.4020182291667,109.077090855377,143.344007492065,97.0000158037458,40.5442991939919,90.8718214596019,72.5216470234549,162.208303451538,61.1596272731649,58.3313841338551,30.2195584494844,100.299239047368,107.948267618815,24.5602486901239,29.5594159029038,70.0345431972294,100.359327854682,86.2827843737118,150.548427581787,139.933369954427,86.6109668047,53.7457692970535,151.91432317098,109.413835005327,84.0476818041983,56.1507580904353,0,0,220.41438293457,146.585542890761,173.914798736572,113.07315499442,173.655155181885,128.856081008911,0,163.748867034912,163.960674095154,0,106.834923850165,104.268817205014,133.515687942505,127.846637180873,0,124.176124217898,55.1157976270796,95.94694302687,139.3041532244,118.845916748047,110.244759932808,86.4826628556892,151.249387953016,164.525285720825,138.277758430032,0,177.984313964844,152.429623921712,106.640438624791
65.9839556738551,14.4061591813853,42.6145689511736,14.6874610046869,52.2547248102004,106.986283416748,89.5719233512878,55.1711790282842,79.3613793749946,22.2091084090098,73.9166661303976,59.2090101856019,77.2972650238962,46.2055418030706,77.6088758023831,58.2304575864006,40.0868951965634,61.7598770828609,55.0510485172272,55.636344535678,64.4146523909135,54.6697559893727,30.38051828276,49.7204121553464,45.0592411375169,23.1252374007775,48.5733612802294,42.6590151185251,53.9668632205357,75.1619476617551,55.451729955249,56.28984392193,107.406737694374,59.6258934684422,65.5875847583102,66.6955497741699,75.2334823608398,101.368416104998,41.765798323495,164.545839945475,0,118.314186096191,87.6883254278274,122.957091808319,13.2657524487552,119.245431082589,55.6133071354457,76.6070976257324,52.0091827392578,110.150828933716,0,65.8648007710775,132.521501159668,128.37117767334,122.150135040283,90.5568542480469,65.5395421981812,60.7818805042066,72.2935027363144,73.822114944458,32.2350636751224,122.890266418457,85.3382051100425,85.621554674421,86.408385685512,77.4632274082729,80.5034481395375,0,110.195434570312,111.667325156076
87.7772168611225,0,119.966757774353,52.2547248102004,8.25835431883017,125.711639404297,51.277050634754,31.7700424445303,87.0632645948878,46.6491353252147,17.3288483585651,159.30130259196,22.4047506488742,0,99.8792781096238,75.5950465732151,0,0,0,163.615758260091,13.6855229949627,107.368377685547,84.1434028625488,102.989218139648,17.2442016777371,0,153.252382550921,116.255476270403,15.4032571498529,96.1463622700084,75.879150390625,0,135.881507873535,74.8783098856608,101.823417926657,0,0,0,74.6689510345459,24.1692133204822,0,137.137810407366,110.277725219727,156.687249501546,76.880000206732,131.424086017373,225.806350708008,39.8428608260371,0,165.914544423421,108.078818581321,140.981857299805,0,0,0,48.9865579508446,0,0,0,95.2321745073473,0,0,187.632804870605,128.708746306101,170.266599019368,0,0,0,125.623634338379,134.823867797852
56.780569152832,89.6803359985352,148.459192403158,106.986283416748,125.711639404297,7.10749641949849,13.1632001857643,109.457527160645,20.664960611782,59.4896633189212,94.9287528822907,54.5823760063026,90.3971682567986,86.3131747612586,22.9592156052897,12.6411804223018,0,132.642791748047,86.8015929328071,92.9714251066509,108.552100441673,91.2332140604655,97.5804284902719,109.10374138572,92.6963664160834,64.7789993286133,101.924058532715,106.970267847965,116.037765248617,18.8396401689344,97.9056065877279,95.1191075642904,9.5724692946594,103.218944549561,30.8535582637148,167.186706542969,0,194.90234375,125.104990005493,0,0,0,165.655277252197,189.230270385742,109.158172607422,212.068939208984,0,0,118.74634552002,226.368850708008,0,0,0,0,150.661956787109,0,0,155.000427246094,133.464088439941,159.013034057617,0,0,186.73218536377,170.955775960286,227.598930358887,172.254592895508,0,0,176.227422078451,168.375923156738
59.4241247240702,178.080490112305,130.968915255565,89.5719233512878,51.277050634754,13.1632001857643,9.15108477777306,42.1561024748249,20.7603197553334,60.5958538781042,16.7137486182309,74.7495910826907,25.7454016125918,97.9022046043759,36.1970972778749,11.7165482697901,0,148.634072197808,111.355332946777,125.472146407418,38.5568743145014,124.299251556396,118.838192866399,117.225948100187,52.3130888452335,152.851778666178,131.33079294058,135.651696341378,53.7227673162399,46.4751226103869,140.978449503581,122.969677395291,26.5569966194651,94.5842891693115,56.2949560212751,0,0,0,106.507767359416,159.76159961407,194.999458312988,165.249949599757,162.478422769686,172.032094319661,118.092565264021,165.494451186236,0,157.938547574557,0,183.488376193576,158.099055480957,0,195.293960571289,0,0,164.308338165283,0,164.13249206543,0,132.743711199079,0,209.763648986816,168.241038004557,159.210327625275,188.93928527832,170.736535208566,0,0,162.375071207682,160.802942911784
37.5309040759322,139.785766601562,92.8968608329417,55.1711790282842,31.7700424445303,109.457527160645,42.1561024748249,10.8474209071668,47.590641122831,52.3507035819433,18.1094950009113,129.967182159424,46.239416723382,165.59001159668,53.0889011817514,75.9314770168728,92.7812712819953,99.420884727975,165.796142578125,129.996403146297,54.0603851556778,67.8938193014491,68.9436825505009,72.683454825628,56.7732533542309,0,114.805966519116,107.146785205856,25.230224962724,65.1796038482257,19.3412548609294,0,106.839596557617,67.9191290521002,85.2677894478414,132.293492126465,0,146.03997443704,70.8307644210699,136.921130371094,165.832060072157,140.201749165853,123.909684740264,140.428265462786,73.6894412321203,137.335277425832,200.624351501465,119.39946715037,0,145.028154199774,151.528411865234,120.875197092692,176.602537790934,221.262283325195,225.905208587646,135.152422391451,127.896569442749,97.7111880653783,140.70703406083,108.761135998894,175.57763671875,185.792067464193,157.255955663221,122.028639451513,150.133629163106,122.021182411595,0,172.538711547852,121.486539459229,142.383156670464
22.5433508201595,125.748794555664,114.144851203513,79.3613793749946,87.0632645948878,20.664960611782,20.7603197553334,47.590641122831,10.8986441451478,73.7271561003163,25.4648697580446,66.8783203245283,80.952726617047,96.5473084741709,14.7838305198251,26.8991491010349,139.6234261649,119.315801172448,99.0188093566895,128.502519861857,89.16012143869,137.877426147461,86.7578633146466,97.5160792057331,85.5856319311709,89.7394302368164,124.61857357316,131.361892912967,79.8172830954247,22.4103796233421,93.8645213293651,115.346879812387,11.5290987542429,78.0252167628362,46.7630018548539,145.504211425781,0,172.082247924805,97.3776140213013,154.820053100586,186.775273640951,165.487216846363,144.737239837646,161.283118059535,101.622585805257,158.937859902015,224.332473754883,138.706715175084,242.73030090332,171.203022685804,153.179143269857,164.790339660645,206.56000773112,0,151.050186157227,162.475185394287,160.674622599284,133.647207641602,176.389086405436,132.01959421067,98.2601318359375,209.671455383301,171.115726879665,146.404307482994,174.42271194458,154.991556803385,0,194.757766723633,159.427301025391,167.439767201742
65.5781348092215,93.178452205658,102.618802663442,22.2091084090098,46.6491353252147,59.4896633189212,60.5958538781042,52.3507035819433,73.7271561003163,8.63002606834073,70.2036929870985,122.157059249344,12.8815761293832,119.312628613243,73.2075639621232,23.8834232644916,86.471181233724,133.140298570905,122.433227539062,135.38949911935,31.363367201677,93.0398835076226,23.0003188953372,97.8692568370274,23.6190652143028,101.27014568698,129.909133783976,116.093600233025,49.0769393657816,74.7122452521639,59.2924289992361,130.227280560662,120.375563621521,70.2258320228726,96.535917755127,97.5335807800293,0,145.828002929688,42.5283749103546,92.8589358572233,82.2869033813477,117.901175689697,98.2171123729033,122.225436457881,47.4593961593953,111.122690640963,124.130241394043,87.0582343014804,134.709410349528,120.604849815369,63.7831856863839,134.602767944336,174.106338500977,0,194.516258239746,84.903559142468,119.228866577148,90.5276222229004,135.663678487142,62.0026847427967,129.267031669617,180.96614074707,153.081477078525,101.310447531687,136.668403625488,116.486373901367,0,0,144.582168579102,105.463661193848
54.2254377857935,169.922836303711,109.509419630115,73.9166661303976,17.3288483585651,94.9287528822907,16.7137486182309,18.1094950009113,25.4648697580446,70.2036929870985,10.0815626879026,135.794996839051,25.3179545049359,164.887490844727,50.8060383875679,67.7735473162507,117.684394836426,135.487095938789,155.421627044678,153.164888528677,14.5380732420407,118.248054836107,123.733709789458,93.9550857867225,61.5268076410481,174.25146484375,134.248513617167,131.731722181494,24.0338796493999,88.468127760695,54.967680292392,167.221084594727,111.375131137129,77.3115369220113,94.650608507589,172.515960693359,0,169.598648071289,92.0369664001465,148.062028605143,192.998046875,158.323587299865,142.85679769516,161.67970123291,101.475315340104,154.332898816033,231.348449707031,129.646177162558,0,179.272986672141,159.109676906041,0,0,0,0,149.274317116573,184.345169067383,136.718465805054,177.098083496094,118.832903169042,0,216.42403956822,186.557524414062,148.009848613613,179.830674489339,167.424741109212,0,211.173072814941,218.304161071777,173.670447213309
102.902685334411,60.9038237058199,102.706024776806,59.2090101856019,159.30130259196,54.5823760063026,74.7495910826907,129.967182159424,66.8783203245283,122.157059249344,135.794996839051,9.79935725877961,136.456645522007,17.5811932744057,67.7531037808333,83.7859635353088,118.253885904948,40.8474545648569,19.7921601655196,14.8307895582427,140.113584136963,76.9879660484118,93.8594471793505,78.5479735981334,147.606137727436,27.9727885960966,21.2443722136056,46.2073932192996,147.430843619413,63.2352262261796,89.9873748506818,25.8327940076399,55.5861205359526,85.6775530860538,21.7916209083659,184.96826171875,90.8181716918945,110.718181610107,86.0409628061148,0,0,235.048004150391,197.497143554688,214.981292724609,162.622463226318,0,81.0470603660301,222.365798950195,49.8458481939215,206.223368326823,0,0,106.436630249023,93.7337973458426,102.186311562856,213.01676940918,0,0,181.613470077515,187.885965983073,54.7850178309849,81.2419582235402,85.1902513089387,198.438357543945,161.422037760417,220.691032409668,85.4936197454279,0,0,118.283308029175
86.7332997079623,133.936454772949,137.15772374471,77.2972650238962,22.4047506488742,90.3971682567986,25.7454016125918,46.239416723382,80.952726617047,12.8815761293832,25.3179545049359,136.456645522007,9.90463394979653,170.406117030552,94.1102308130735,14.2225633998104,0,149.825553894043,175.265221732003,163.878554026286,12.9220005011443,116.741149902344,81.3892542521159,150.190206354315,17.3111510938258,145.149485996791,168.606607119242,163.669817307416,45.1766140085264,95.8058044110086,108.206670125326,186.304087320964,108.933588736398,107.438346862793,98.9372326930364,0,176.000732421875,0,76.6303321838379,117.197656957115,195.230056762695,145.600628807431,131.729521751404,156.717853677684,63.484867541821,142.770465922805,0,9.81366305469726,0,189.777526855469,86.7252950668335,0,0,0,0,75.7679786761602,0,135.04048538208,0,91.7062059290269,0,0,0,135.252812082117,184.592889404297,0,0,108.245086669922,209.382110595703,0
134.301145935059,58.6917743118557,89.4020182291667,46.2055418030706,0,86.3131747612586,97.9022046043759,165.59001159668,96.5473084741709,119.312628613243,164.887490844727,17.5811932744057,170.406117030552,9.05696624080994,106.991135353266,153.033642578125,127.003297805786,91.7573699951172,48.7360304229114,61.1781983837005,167.479312896729,152.90348815918,89.5651788680817,174.843671162923,141.908115386963,20.6672640942052,21.2266189641698,31.37910606376,184.531084696452,87.2622138432094,0,15.7731992257971,85.8854782921927,0,53.965199506867,0,85.0035007183368,0,64.5833530880156,0,0,111.977920532227,229.464347839355,178.836952209473,147.671129862467,0,71.2300335189043,163.939392089844,33.2898262246137,154.88903503418,168.252227783203,210.574234008789,145.059631347656,90.6542862400864,114.586587270101,0,0,116.113121032715,0,213.358200073242,52.907177237364,86.9522524653254,83.0704964849968,0,139.615282694499,0,82.6446455530373,0,0,87.604266166687
10.7027213394427,176.306705474854,109.077090855377,77.6088758023831,99.8792781096238,22.9592156052897,36.1970972778749,53.0889011817514,14.7838305198251,73.2075639621232,50.8060383875679,67.7531037808333,94.1102308130735,106.991135353266,7.06525707753585,27.5199291009819,110.494555155436,107.658152110269,98.3130426117868,125.89462541175,92.4214302912197,95.1366514652333,80.2650211836941,94.9265360347727,81.4405996611325,98.0890941619873,118.90106672215,126.766604142066,80.9339554251204,16.4372131837895,48.0657568363966,104.261616099964,11.8589000016834,57.9879757485739,41.3632218278204,145.721947224935,0,166.772436414446,95.7266607551931,164.781951904297,193.039929707845,158.127247225854,138.605267410278,158.881568660581,94.5432774311787,154.705201092888,203.556594848633,157.153900840066,0,165.911243366745,153.07275390625,138.729339599609,199.399594988142,226.722511291504,204.22599029541,141.521003723145,153.615367216222,128.82561316857,167.80768761268,125.309657787455,0,185.645060221354,167.654931575694,141.102197366602,159.46484942314,140.128422612729,155.458679199219,0,138.779750061035,164.132984924316
32.9458548341479,123.12986946106,143.344007492065,58.2304575864006,75.5950465732151,12.6411804223018,11.7165482697901,75.9314770168728,26.8991491010349,23.8834232644916,67.7735473162507,83.7859635353088,14.2225633998104,153.033642578125,27.5199291009819,7.36149674225437,150.021095275879,199.330749511719,113.34097442627,148.901456197103,62.2649706626425,112.396644592285,67.7616646435796,130.729154586792,51.7709827765103,144.102931096004,146.427424839565,147.232834773277,72.5819275379181,56.4425164826062,90.1584625244141,155.609336853027,31.4404920209356,108.926213582357,61.2719730801053,0,0,0,46.9543418884277,104.302375793457,0,120.285057067871,232.234970092773,167.744741439819,64.5629590352376,170.142349243164,0,86.7244049072266,0,187.557540893555,71.2301737467448,0,0,0,0,119.400890350342,0,0,0,78.9640623910087,0,0,0,123.421294472434,0,0,0,0,0,0
134.810806274414,53.664317435825,97.0000158037458,40.0868951965634,0,0,0,92.7812712819953,139.6234261649,86.471181233724,117.684394836426,118.253885904948,0,127.003297805786,110.494555155436,150.021095275879,15.1521763457614,104.93087387085,0,123.93476071565,0,18.0223632839798,32.281251614682,21.2696845016051,28.7884686228067,103.11643409729,103.260995410738,36.4553108040351,32.341841705184,98.1355823170055,71.8729437345241,111.602021789551,0,69.9373044100675,84.9419495602872,157.813865661621,113.971244812012,96.8308435696274,59.1811608774909,0,0,0,141.850985717773,156.555358886719,105.960222880046,163.737251281738,0,0,0,161.790790557861,0,104.438672228557,132.790174383866,0,154.007253011068,0,107.704683452633,55.677739438294,95.097916354841,126.680276350542,0,142.038600921631,98.93756517715,137.673203362359,122.594403584798,108.847813590628,0,0,117.468116760254,118.603935241699
91.9298128259196,53.8974919128418,40.5442991939919,61.7598770828609,0,132.642791748047,148.634072197808,99.420884727975,119.315801172448,133.140298570905,135.487095938789,40.8474545648569,149.825553894043,91.7573699951172,107.658152110269,199.330749511719,104.93087387085,8.89790974199788,56.4758485711139,20.8472853686403,237.882171630859,39.4777786043793,85.3324850891992,19.7916412758898,132.16211104119,82.0550870895386,24.7816268294628,60.1327264673402,113.740570327998,89.156752598056,68.5962158682026,102.886756896973,0,80.6139338811239,30.0789451231858,0,78.5508897954767,100.721289624666,62.1623369661489,0,0,0,165.463882446289,184.034393310547,0,186.224497477214,111.313949584961,0,98.2547798156738,200.333979288737,195.115280151367,147.859634399414,108.768180475002,139.221229553223,116.705140537686,0,153.430742536272,89.1213003087927,133.439697830765,183.5277113481,85.7521385192871,100.893803779115,99.9645453613281,197.540634155273,182.438655308315,143.180432128906,123.330711364746,0,0,115.908241780599
138.702234395345,72.0880493164063,90.8718214596019,55.0510485172272,0,86.8015929328071,111.355332946777,165.796142578125,99.0188093566895,122.433227539062,155.421627044678,19.7921601655196,175.265221732003,48.7360304229114,98.3130426117868,113.34097442627,0,56.4758485711139,6.29010681739528,8.42255099931931,160.155423845564,82.4359010060628,111.665161132812,83.7627815246582,153.691619873047,49.5156933356976,29.2295942518903,61.804349130659,159.683792114258,96.3539502997147,113.660573832194,53.9868903495896,89.713529586792,105.565612792969,53.1058919742983,0,82.3601570129395,0,68.9752578735352,0,0,0,0,0,173.627868652344,0,82.5258814493815,0,77.9267616271973,0,0,0,119.675018310547,104.594344456991,120.538357204861,0,223.638702392578,114.012344360352,0,235.342880249023,71.4535935443381,96.5911507239709,99.0092452276321,227.411254882812,0,0,97.5759938557943,0,0,0
115.673428659482,54.1052159868049,72.5216470234549,55.636344535678,163.615758260091,92.9714251066509,125.472146407418,129.996403146297,128.502519861857,135.38949911935,153.164888528677,14.8307895582427,163.878554026286,61.1781983837005,125.89462541175,148.901456197103,123.93476071565,20.8472853686403,8.42255099931931,10.2507903075395,160.26735756614,75.4610578541891,97.8236911241398,56.083468966903,154.545970522124,43.0381334890233,24.212388905598,61.0451251449524,142.745194857238,103.905783245257,93.343128808919,54.2152186137874,93.7881669264573,91.2379722124265,34.702142405569,183.049626668294,69.7284019258287,126.6528280349,59.8861395402388,0,0,0,182.664535522461,169.861282348633,166.052337646484,0,97.3406794230143,183.66650390625,83.5934690093994,205.199752807617,0,151.151748657227,110.902433667864,103.67413738162,101.420081020741,0,0,118.815727233887,145.071169026693,198.420849609375,64.9193321055612,94.8361529072204,92.1531574229762,211.695124308268,0,176.782608032227,94.44056447347,0,0,115.365809585109
84.9660330414772,190.508163452148,162.208303451538,64.4146523909135,13.6855229949627,108.552100441673,38.5568743145014,54.0603851556778,89.16012143869,31.363367201677,14.5380732420407,140.113584136963,12.9220005011443,167.479312896729,92.4214302912197,62.2649706626425,0,237.882171630859,160.155423845564,160.26735756614,8.10009975334956,148.708374023438,137.033690134684,163.418409347534,16.7690710735955,156.524673461914,165.155445643834,169.577241457426,27.880428667245,94.0525618279731,84.7390518188477,164.011741638184,124.279591221963,87.8972511291504,95.7273594768727,0,0,0,76.8561065196991,129.714365525679,167.158863067627,152.84725189209,158.874317593045,169.473707639254,79.2657506638679,148.116480684828,0,48.2144136501633,0,179.86631665911,128.971717834473,232.559097290039,244.389434814453,0,208.54670715332,133.848216056824,155.840484619141,0,199.8740234375,104.438103812081,0,196.984039306641,200.46676381429,139.581870776265,190.209803263346,0,0,0,0,0
70.7146535488804,85.1971480051676,61.1596272731649,54.6697559893727,107.368377685547,91.2332140604655,124.299251556396,67.8938193014491,137.877426147461,93.0398835076226,118.248054836107,76.9879660484118,116.741149902344,152.90348815918,95.1366514652333,112.396644592285,18.0223632839798,39.4777786043793,82.4359010060628,75.4610578541891,148.708374023438,9.76769340705675,49.1812077240725,25.6891911684396,23.7923198336068,133.073425292969,91.6288440730296,76.8562488028111,23.9831491332784,57.3483728012407,27.8215063221308,0,70.9264259338379,48.6146762043822,38.6995322652578,140.871550665961,0,128.814684965173,68.9885481958804,0,0,0,134.57375162298,196.163510131836,118.502933502197,0,0,0,0,121.348063659668,0,108.760604131789,147.895983123779,0,173.460372924805,0,107.441916290173,62.4888795342244,108.215917283708,114.073045942518,0,151.285864693778,122.934393832558,119.03198126088,114.697102355957,107.894735574161,0,0,101.244199371338,123.825943275734
68.5651271901232,35.8360911454806,58.3313841338551,30.38051828276,84.1434028625488,97.5804284902719,118.838192866399,68.9436825505009,86.7578633146466,23.0003188953372,123.733709789458,93.8594471793505,81.3892542521159,89.5651788680817,80.2650211836941,67.7616646435796,32.281251614682,85.3324850891992,111.665161132812,97.8236911241398,137.033690134684,49.1812077240725,8.79324398833769,50.2966997388771,30.179355321748,67.2928534898844,88.6812648687662,54.1283681598207,51.7040037862892,68.988118037662,49.4148676539737,98.2539239501953,123.897459030151,54.9281590779622,74.3929666386973,88.4922313690186,127.157485961914,94.0820104425604,66.0731572034408,116.994323730469,0,0,133.534274631076,128.9411277771,55.8935356140137,134.952672958374,114.184387207031,101.549163818359,110.445396728516,149.321014404297,87.1017608642578,52.8945369720459,115.435012817383,134.880729675293,125.975475947062,0,66.0050769624256,18.6994476177359,68.1233461022377,73.2526785135269,95.606667027329,126.346001180013,97.189808454269,117.515369762074,0,68.0455781555176,118.439266204834,0,97.3167724609375,115.255010986328
76.3980007162313,64.4132310184864,30.2195584494844,49.7204121553464,102.989218139648,109.10374138572,117.225948100187,72.683454825628,97.5160792057331,97.8692568370274,93.9550857867225,78.5479735981334,150.190206354315,174.843671162923,94.9265360347727,130.729154586792,21.2696845016051,19.7916412758898,83.7627815246582,56.083468966903,163.418409347534,25.6891911684396,50.2966997388771,14.380744317473,69.2476719336674,105.982098897298,59.1830913203646,44.9716707471628,44.1755551165288,82.5221778042798,49.0019427716248,142.931028366089,98.2196907043457,69.051334571295,45.1941726923373,167.188369750977,126.209019978841,91.9263052019757,61.103366294487,173.4248046875,0,179.347035217285,150.624939252745,174.845144362677,132.493331091745,168.681275587815,169.265431722005,169.226687113444,195.534973144531,167.785197538488,175.594902038574,104.463962030637,116.748229772866,167.196069717407,142.81301591203,0,110.067020267015,61.1017099222227,97.9945984920212,138.155986616347,94.1011905670166,121.614438374837,94.5885618397491,143.621484048711,156.514240264893,118.805600980433,0,0,126.732891376202,120.293014822654
78.5945821158148,82.8191519843207,100.299239047368,45.0592411375169,17.2442016777371,92.6963664160834,52.3130888452335,56.7732533542309,85.5856319311709,23.6190652143028,61.5268076410481,147.606137727436,17.3111510938258,141.908115386963,81.4405996611325,51.7709827765103,28.7884686228067,132.16211104119,153.691619873047,154.545970522124,16.7690710735955,23.7923198336068,30.179355321748,69.2476719336674,11.8002238484333,158.823486328125,130.804424241532,84.3383062804247,20.7839033639866,80.4513197041372,71.8049923994734,141.79709815979,124.347764968872,71.3675346374512,93.337598942072,119.559692382812,162.493743896484,148.110446166992,64.0766742207721,106.637145451137,160.49599287245,133.723551840678,112.687098032633,140.978104142953,60.2824848787284,125.032937272264,177.800186157227,115.10871592435,178.533248901367,144.039716786352,99.1020307540894,103.80388433283,193.374609375,226.669102986654,197.674252319336,108.051983566284,117.729679829365,83.4327424199958,137.913098848783,86.043638492781,0,172.926991389348,153.527757870254,114.917002022068,139.161577158961,116.377192351778,0,0,118.29019317627,130.667585584852
155.519332885742,28.3674786143405,107.948267618815,23.1252374007775,0,64.7789993286133,152.851778666178,0,89.7394302368164,101.27014568698,174.25146484375,27.9727885960966,145.149485996791,20.6672640942052,98.0890941619873,144.102931096004,103.11643409729,82.0550870895386,49.5156933356976,43.0381334890233,156.524673461914,133.073425292969,67.2928534898844,105.982098897298,158.823486328125,9.0952566456618,40.4021417555208,31.9488344024797,118.186391194661,69.3446655273438,0,46.9477415026331,86.9924240112305,0,55.1194496051685,0,71.3256731033325,0,51.0936629613241,0,0,158.356262207031,0,0,0,207.53776550293,61.1663080388849,0,50.5730315192801,104.326995849609,0,0,0,74.1108075310202,108.346745300293,0,0,102.890747070312,0,169.768432617188,38.3040036833688,74.3341548626239,74.0547878732158,0,0,0,72.0614025327894,0,0,96.4790738423665
103.630298894246,49.6980415459062,24.5602486901239,48.5733612802294,153.252382550921,101.924058532715,131.33079294058,114.805966519116,124.61857357316,129.909133783976,134.248513617167,21.2443722136056,168.606607119242,21.2266189641698,118.90106672215,146.427424839565,103.260995410738,24.7816268294628,29.2295942518903,24.212388905598,165.155445643834,91.6288440730296,88.6812648687662,59.1830913203646,130.804424241532,40.4021417555208,13.1407772461879,29.2848362539041,107.474050630742,102.904795322077,96.2748916808595,17.6430188597712,108.177131347656,113.960457048918,54.6595704067129,161.094762166341,73.8877851647067,98.1116889141224,54.7406191101074,0,0,153.074806213379,168.594813028971,182.698559847745,155.832022666931,209.076652526855,92.1593022581007,0,74.088237464095,168.514722551618,248.358322143555,155.96900503976,103.87324197912,99.0092199061944,99.8997396111778,0,151.803803580148,106.635523605347,118.769235845198,181.08706011091,60.1191167071423,91.1931909790575,88.5686723673071,170.492515563965,162.612148284912,153.385161336263,90.567076365153,0,0,110.902961730957
120.057067316632,33.0606555310717,29.5594159029038,42.6590151185251,116.255476270403,106.970267847965,135.651696341378,107.146785205856,131.361892912967,116.093600233025,131.731722181494,46.2073932192996,163.669817307416,31.37910606376,126.766604142066,147.232834773277,36.4553108040351,60.1327264673402,61.804349130659,61.0451251449524,169.577241457426,76.8562488028111,54.1283681598207,44.9716707471628,84.3383062804247,31.9488344024797,29.2848362539041,16.1353282203626,79.6832493552546,117.374891951894,106.083759187495,30.567210125852,93.4578595842634,112.085101970191,60.6248662117437,167.870138549805,79.5710100338159,88.7823017160826,53.2253250555108,195.161356608073,0,188.350540161133,157.009330955712,179.739696091872,133.145772298177,176.991980119185,87.832131025807,206.418251037598,74.3706774179471,171.326272906679,182.367744445801,111.085925038656,103.569366749404,102.629486358423,103.889867515866,0,127.634871320027,57.1450033187866,98.5600619710366,146.809948323568,59.122588293134,93.5044951113514,87.9690018483091,159.18578527307,165.671402740479,153.631577833643,92.5566708332783,125.130432128906,158.882300636985,110.451641745549
66.8295913827553,97.075119972229,70.0345431972294,53.9668632205357,15.4032571498529,116.037765248617,53.7227673162399,25.230224962724,79.8172830954247,49.0769393657816,24.0338796493999,147.430843619413,45.1766140085264,184.531084696452,80.9339554251204,72.5819275379181,32.341841705184,113.740570327998,159.683792114258,142.745194857238,27.880428667245,23.9831491332784,51.7040037862892,44.1755551165288,20.7839033639866,118.186391194661,107.474050630742,79.6832493552546,11.8461789940994,73.563465404373,39.1692687477277,156.60871887207,123.464043452822,57.8243782392669,72.8815019971821,118.575806442572,174.288731892904,135.54121573075,72.2205221414566,134.363766582839,171.621566227504,142.304613060421,113.427992426934,141.725616276897,80.3048027276993,137.852803523841,192.25647277832,131.301083906986,0,145.532510950945,133.812623886835,106.123923081618,165.723432413737,224.666069030762,195.890657697405,136.277002912841,112.794556516282,78.4930163974869,126.272399057869,100.446763425004,0,171.677903442383,147.628977504996,126.60895539502,133.822934918699,111.485114207033,0,175.661911010742,118.066070556641,132.643234083388
17.6341156325915,109.292611440023,100.359327854682,75.1619476617551,96.1463622700084,18.8396401689344,46.4751226103869,65.1796038482257,22.4103796233421,74.7122452521639,88.468127760695,63.2352262261796,95.8058044110086,87.2622138432094,16.4372131837895,56.4425164826062,98.1355823170055,89.156752598056,96.3539502997147,103.905783245257,94.0525618279731,57.3483728012407,68.988118037662,82.5221778042798,80.4513197041372,69.3446655273438,102.904795322077,117.374891951894,73.563465404373,8.48590713880172,22.3675237579609,96.7625454989347,9.38332459525505,12.7382734637074,39.6281191851209,141.986856633967,165.340026855469,155.096455660733,102.070712290312,195.860179901123,186.541390991211,175.679704284668,138.347525829405,172.984953986274,94.0661096759871,176.451465788342,129.587753295898,152.805352644487,0,165.650376701355,0,120.890628814697,165.621353149414,203.309135437012,174.277471689078,177.262390136719,125.859241138805,92.2871643991181,155.623660932268,129.847840672774,133.969934463501,162.660476430257,166.715463161469,139.027384020619,139.875045289385,128.533871968587,0,198.478225708008,125.590982537521,148.239911079407
26.2284427980442,110.289072036743,86.2827843737118,55.451729955249,75.879150390625,97.9056065877279,140.978449503581,19.3412548609294,93.8645213293651,59.2924289992361,54.967680292392,89.9873748506818,108.206670125326,0,48.0657568363966,90.1584625244141,71.8729437345241,68.5962158682026,113.660573832194,93.343128808919,84.7390518188477,27.8215063221308,49.4148676539737,49.0019427716248,71.8049923994734,0,96.2748916808595,106.083759187495,39.1692687477277,22.3675237579609,10.4757351959702,123.76001739502,0,30.8434179246128,34.0435930817528,123.878579662692,0,137.436567881751,89.9936415598943,183.616188049316,164.691101074219,180.837059020996,117.414113786485,152.282058238983,74.3897310098012,170.479629516602,192.313705444336,233.594604492188,192.74951171875,142.676480399238,0,105.405074547077,151.851670917712,0,159.66953531901,188.412864685059,107.680260736375,63.3700794893153,116.422661459658,114.357585630555,176.608810424805,160.633320858604,149.185171688304,119.2976676285,122.967273196659,109.110570815893,0,170.412231445312,106.410085640702,123.550886478064
164.750175476074,63.7963619675747,150.548427581787,56.28984392193,0,95.1191075642904,122.969677395291,0,115.346879812387,130.227280560662,167.221084594727,25.8327940076399,186.304087320964,15.7731992257971,104.261616099964,155.609336853027,111.602021789551,102.886756896973,53.9868903495896,54.2152186137874,164.011741638184,0,98.2539239501953,142.931028366089,141.79709815979,46.9477415026331,17.6430188597712,30.567210125852,156.60871887207,96.7625454989347,123.76001739502,7.01294063095757,97.2355556488037,0,62.6931660563447,208.721900939941,90.369384765625,0,63.47293065389,223.249969482422,0,125.556991577148,0,132.639831542969,0,0,84.2731312932195,0,77.753694127115,241.073425292969,0,0,141.049957275391,96.911011589898,108.272282600403,0,0,135.734222412109,0,237.299072265625,66.8700737387447,101.179316033257,97.4251712523785,0,0,0,94.4955333841258,0,0,111.835651397705
70.0541127522786,0,139.933369954427,107.406737694374,135.881507873535,9.5724692946594,26.5569966194651,106.839596557617,11.5290987542429,120.375563621521,111.375131137129,55.5861205359526,108.933588736398,85.8854782921927,11.8589000016834,31.4404920209356,0,0,89.713529586792,93.7881669264573,124.279591221963,70.9264259338379,123.897459030151,98.2196907043457,124.347764968872,86.9924240112305,108.177131347656,93.4578595842634,123.464043452822,9.38332459525505,0,97.2355556488037,4.41067416179909,96.960563659668,31.466651428705,0,0,0,144.57103729248,0,0,202.21516418457,188.42919921875,215.013809204102,126.686614990234,197.238586425781,159.436859130859,0,68.1017227172852,208.022956848145,0,0,0,0,168.270538330078,0,157.020874023438,0,0,184.174530029297,137.955154418945,134.139404296875,132.611676534017,175.890846252441,173.185302734375,174.488647460938,0,0,0,151.347946166992
22.0982796592989,117.006980895996,86.6109668047,59.6258934684422,74.8783098856608,103.218944549561,94.5842891693115,67.9191290521002,78.0252167628362,70.2258320228726,77.3115369220113,85.6775530860538,107.438346862793,0,57.9879757485739,108.926213582357,69.9373044100675,80.6139338811239,105.565612792969,91.2379722124265,87.8972511291504,48.6146762043822,54.9281590779622,69.051334571295,71.3675346374512,0,113.960457048918,112.085101970191,57.8243782392669,12.7382734637074,30.8434179246128,0,96.960563659668,5.52978063531221,27.9742715988392,119.752118428548,0,174.230514526367,102.401461791992,0,166.464324951172,148.737930297852,116.418856620789,164.65234375,78.3104148864746,155.802917480469,0,148.6988697052,0,144.264280319214,0,97.4012184143066,140.460169474284,0,0,0,107.018817098517,71.8604602813721,143.155175103082,110.258239746094,128.244537353516,159.84432220459,144.415285110474,122.219534787265,177.691975911458,108.707498386928,0,0,0,107.454231262207
76.7036535048921,58.1448228483516,53.7457692970535,65.5875847583102,101.823417926657,30.8535582637148,56.2949560212751,85.2677894478414,46.7630018548539,96.535917755127,94.650608507589,21.7916209083659,98.9372326930364,53.965199506867,41.3632218278204,61.2719730801053,84.9419495602872,30.0789451231858,53.1058919742983,34.702142405569,95.7273594768727,38.6995322652578,74.3929666386973,45.1941726923373,93.337598942072,55.1194496051685,54.6595704067129,60.6248662117437,72.8815019971821,39.6281191851209,34.0435930817528,62.6931660563447,31.466651428705,27.9742715988392,10.0227528416001,164.460679117839,83.0077749888102,102.485931116873,70.0250852565573,165.289863586426,0,164.125373840332,152.999306075874,181.981552995954,98.2029296875,182.251669989692,129.955692836217,172.389856610979,86.2076182158097,179.607081326571,0,120.077039591471,118.363573186538,128.591265164889,115.888072967529,187.328857421875,127.847287450518,86.6372640132904,113.389797080647,138.17333994685,77.9832684443547,104.558290056787,100.352945633816,148.930570174237,153.998295177113,136.611302088177,99.7329053878784,0,142.727170308431,131.836845636368
130.667392985026,0,151.91432317098,66.6955497741699,0,167.186706542969,0,132.293492126465,145.504211425781,97.5335807800293,172.515960693359,184.96826171875,0,0,145.721947224935,0,157.813865661621,0,0,183.049626668294,0,140.871550665961,88.4922313690186,167.188369750977,119.559692382812,0,161.094762166341,167.870138549805,118.575806442572,141.986856633967,123.878579662692,208.721900939941,0,119.752118428548,164.460679117839,12.8016185339,129.390890757243,108.373488330487,65.263253597503,85.5388259887695,96.3957034024325,73.4334062258402,32.3843138819575,34.9821921771617,60.3097633043925,55.2385036805878,121.267787353234,94.463923726763,130.286917920383,14.7829716743543,96.9837711879185,75.2979200774548,103.332539059026,128.950738271077,119.050071590549,95.0684592148353,77.9328188270029,61.645934823565,94.5689024010483,68.078317082794,124.653941684299,114.905164647652,124.744582963665,76.4329230350518,14.5738712650614,31.9280768306315,137.297082689073,90.439866065979,32.07470757077,69.1194650175658
177.970283508301,63.1164646148682,109.413835005327,75.2334823608398,0,0,0,0,0,0,0,90.8181716918945,176.000732421875,85.0035007183368,0,0,113.971244812012,78.5508897954767,82.3601570129395,69.7284019258287,0,0,127.157485961914,126.209019978841,162.493743896484,71.3256731033325,73.8877851647067,79.5710100338159,174.288731892904,165.340026855469,0,90.369384765625,0,0,83.0077749888102,129.390890757243,7.17059031959287,40.8558250893938,10.672605651332,0,145.376892089844,0,110.260567474365,138.692336654663,67.5315026351011,122.056610107422,66.6575895610609,138.971214294434,43.0780482797912,138.391059875488,106.857427808974,54.5173711776733,51.5993889924957,78.8632696469625,58.5017115430134,168.778762817383,99.4558327414773,12.886841896289,53.6351744837041,65.9238673618862,18.7280700710423,47.475200599499,24.2963142435026,115.24254989624,99.20043097602,105.85149151346,62.0895191539418,0,122.182075500488,61.1688290550595
148.618509846349,71.6230255930047,84.0476818041983,101.368416104998,0,194.90234375,0,146.03997443704,172.082247924805,145.828002929688,169.598648071289,110.718181610107,0,0,166.772436414446,0,96.8308435696274,100.721289624666,0,126.6528280349,0,128.814684965173,94.0820104425604,91.9263052019757,148.110446166992,0,98.1116889141224,88.7823017160826,135.54121573075,155.096455660733,137.436567881751,0,0,174.230514526367,102.485931116873,108.373488330487,40.8558250893938,14.4207708333961,38.1310841401548,140.127459716797,150.142858293321,127.752465807702,90.7626681234118,118.091399333478,133.14095270066,105.615275394541,98.7317288175542,159.13402393886,86.6664441426595,118.500314952763,127.537063598633,78.7216431209019,39.8807686921182,86.5352587577624,71.1448630855582,163.489046478271,69.8007735340651,42.8989261523798,31.6741232008672,110.745974721135,131.918164571126,28.5584584041328,33.2457649208492,81.2857257792058,126.634991244993,93.695315751387,78.1733207702637,166.583831787109,106.318195227421,74.7372387394761
92.1314415564904,41.8131702377135,56.1507580904353,41.765798323495,74.6689510345459,125.104990005493,106.507767359416,70.8307644210699,97.3776140213013,42.5283749103546,92.0369664001465,86.0409628061148,76.6303321838379,64.5833530880156,95.7266607551931,46.9543418884277,59.1811608774909,62.1623369661489,68.9752578735352,59.8861395402388,76.8561065196991,68.9885481958804,66.0731572034408,61.103366294487,64.0766742207721,51.0936629613241,54.7406191101074,53.2253250555108,72.2205221414566,102.070712290312,89.9936415598943,63.47293065389,144.57103729248,102.401461791992,70.0250852565573,65.263253597503,10.672605651332,38.1310841401548,11.344207010145,73.0646409048161,107.227484130859,73.5611837169792,55.9465099371574,74.8166744148723,32.4188811890781,74.765582069397,69.3077836759163,66.8988581473783,45.4014139246058,82.8204343924251,84.2391551971436,36.9476941958577,50.877002816797,82.0595632112943,54.9133999945579,87.7119875889198,63.1128711071643,33.8083451057474,48.2406199429486,34.688200102104,33.8182073595195,47.7220342521208,32.7421531703422,56.7207149778094,77.4910519816888,63.3086209417391,75.4532911127264,111.459554399763,60.9394931793213,63.6733544933858
