11.8934331192695,128.55480839656,98.0550205886101,76.8249195132937,87.2944515991211,115.799377441406,85.0854591400393,29.9829250173019,38.3150295388058,65.7769688078298,53.9299555267334,143.350767176786,86.0414308246813,158.913565862746,15.20500781183,94.2654876708984,124.246144104004,101.607803410434,145.453627995082,127.279665446413,84.3267498481564,84.0330560472276,80.037770608314,87.9730575461955,79.8306644340757,155.280095418294,117.087765934423,126.944542471818,70.5941892866307,16.4024708307752,27.0689627994502,161.654098510742,93.0066880120172,46.7829575884169,64.8215597008677,144.865263938904,150.504898071289,166.952936808268,82.5952503497784,0,204.999145507812,197.969052124023,142.944320896694,175.462945847284,104.214471817017,169.593787453391,0,170.476486206055,0,155.957703439813,0,146.727633158366,185.041673932757,0,0,0,130.660419718424,130.295416259766,168.970050518329,128.631133770121,0,194.491333007812,170.305741683297,132.059692483199,149.009583950043,135.879879760742,0,0,161.167060852051,145.961990356445
128.55480839656,7.85881803992911,41.9190471937736,24.8509886014977,0,104.591751098633,145.919348144531,128.517730924818,146.01535097758,80.6636134940134,147.048282199436,66.8144498469712,134.325558980306,53.9873777873329,140.756893920898,107.069618225098,62.5204603260961,61.5456624183102,79.5627101400624,66.2673224166588,0,84.2599386017898,23.5671819859408,70.8194294709426,90.7808299852454,28.3906404667457,50.4338794328093,33.3093885434746,108.270557627958,135.650933265686,111.884960272373,72.0744052383135,0,116.961180114746,65.3503904528191,170.32551574707,108.363079071045,123.614338874817,59.3723073005676,0,0,0,201.174194335938,0,241.352828979492,222.653518676758,72.2287864685059,0,88.548543385097,218.511154174805,0,0,123.466623942057,166.272613525391,103.022676467896,0,0,0,149.00998433431,0,64.9402353037959,110.228827640928,102.052470225208,222.586853027344,0,190.488189697266,119.63968149821,0,0,106.181304931641
98.0550205886101,41.9190471937736,10.6806280320051,46.9187416691656,115.860734558105,167.813196818034,129.921767174443,90.0800308668214,113.672146357425,106.977224561903,106.350786223666,89.9139423026075,139.923840840658,96.1743735828619,111.20857691227,118.825592041016,87.9453524885506,36.8715066373002,93.7390700446235,82.2906553597286,197.672286987305,52.9141876908157,45.4119644783161,23.1089854950163,115.191150214082,107.770299530029,24.6854407071136,33.189384529119,60.9856109359572,115.014619073507,72.5165178243528,98.609538453998,183.944492340088,103.013855567345,59.6991578042918,162.91819152832,78.3556489562988,89.6576345083314,67.6663951258506,221.917007446289,0,198.312057495117,153.161351756046,179.74486214774,137.158996582031,175.2170753479,153.082724434989,0,143.438182067871,165.724958292643,0,110.866637878418,103.830047043674,141.833043416341,123.315619820043,0,121.866982628317,91.3583920565518,102.16502269773,163.451254102919,167.039098103841,106.827431083285,92.1025747490214,147.195658419995,169.675137837728,137.647176789074,157.496574401855,0,160.542175292969,108.683172035217
76.8249195132937,24.8509886014977,46.9187416691656,65.3236262999083,63.7061005525811,129.180094401042,87.7007729119853,63.4890927014466,86.792598933094,48.476258227764,75.0296994153191,75.5976082603886,80.0725671450297,60.5730266463891,88.8616189834919,77.4164571347444,46.1676840552641,60.3950329199143,76.1061279033792,66.9334357899322,85.7955837249756,56.3256445268457,25.3436799940771,50.5644344707629,45.3417004786265,33.9411244676227,45.3271428087821,41.227414023754,53.3058394990113,83.8451571210902,65.4388323089167,85.952254652977,131.479290644328,66.6116367758137,66.6093329261331,86.622554910594,48.1367258184096,80.3020456548323,16.7279318490643,93.4864523514457,142.794486999512,93.1831397384894,70.263510771241,87.8439776199399,13.7039092371923,84.045151163737,104.130475362142,72.8462791442871,101.544171227349,107.153730045665,119.585840861003,82.2274823506673,72.6883502390193,85.8086001078288,75.6828461697227,90.5425711737739,118.25262928009,51.3165508409341,96.6798302255026,54.517945763263,52.2614300376491,65.6672853723728,63.5198104553223,65.5292884248676,101.766000704001,89.9082197401259,101.584648132324,144.552505493164,90.9986141204834,93.6686566925049
87.2944515991211,0,115.860734558105,63.7061005525811,9.56263570901387,0,64.2210883848129,63.9576539295476,101.558839971369,42.9030714035034,16.3093207469268,200.068130493164,30.7344641804831,175.165840148926,103.548593657357,71.6279968685574,84.9379844665527,180.388000488281,0,0,13.1658028332168,140.83150100708,103.102694193522,0,26.6562860969198,0,153.516254425049,138.970211452908,14.9346232122881,98.1135981144049,127.464152018229,0,145.706207275391,90.4587637583415,102.082560095989,148.302993774414,0,0,98.7615041732788,17.4452453201875,0,153.608135647244,136.242944626581,154.547669497403,92.8926558721633,145.360763578814,0,137.004842904898,0,179.082046508789,100.746765136719,169.247192382812,0,0,0,140.242105554651,0,153.41072845459,171.140769958496,109.963004973627,0,247.509536743164,224.622421264648,134.82410615066,180.764238993327,173.925338745117,0,0,181.33967590332,196.574459075928
115.799377441406,104.591751098633,167.813196818034,129.180094401042,0,5.99562086295566,8.17173520943268,118.81927054269,16.8575906804077,85.6431545257568,114.15763197274,65.7846537409602,85.8929595947266,79.215970993042,32.0599086962248,15.5383916594606,0,107.684959411621,0,0,147.770797729492,0,174.05094909668,0,121.252304077148,0,156.904328482492,127.564989725749,130.800075877797,21.3932518706142,95.757204691569,0,9.59280764788144,0,34.4064862792556,0,0,0,136.887664794922,0,0,223.096862792969,189.794723510742,206.62336730957,0,223.031196594238,0,0,0,0,0,0,0,0,0,0,0,0,0,202.548965454102,0,0,0,228.876937866211,194.482315063477,0,0,0,0,231.005233764648
85.0854591400393,145.919348144531,129.921767174443,87.7007729119853,64.2210883848129,8.17173520943268,10.5880726196779,45.9787204524956,19.5805260549722,85.975072198499,27.6501343748052,103.584616122038,28.5205424270281,108.0148898038,37.5917944620143,13.657981474927,141.228393554688,156.203555636936,169.960968017578,169.934342425802,40.0192011290534,129.622625805083,116.631196694296,136.063759974429,84.3567286512062,184.139419555664,155.541894147625,155.798750419617,62.2468052024102,31.5717728499951,102.882547611144,160.657485961914,17.6425931573145,103.491272926331,61.8975247201095,168.168941921658,0,197.521516587999,112.833696076364,140.53070028897,211.889083862305,169.745987922915,151.781870221335,173.747357153123,135.271700541178,160.911780894304,0,102.760748121474,0,186.660997314453,141.715209960938,170.237663269043,0,0,0,155.88094153771,192.21598815918,164.802272796631,188.419462937575,137.653970217572,0,210.60132598877,197.332492828369,150.223198465554,185.889652174346,177.098849128274,0,0,187.785190582275,183.432653326737
29.9829250173019,128.517730924818,90.0800308668214,63.4890927014466,63.9576539295476,118.81927054269,45.9787204524956,11.3836655181886,52.6628035339694,56.6586708450914,16.5819726024514,160.141111722557,45.1710689926147,166.998952229818,38.992618248161,70.0082533624437,93.0231000416314,113.29155206326,166.117090861003,148.074032847087,77.719247529001,80.9853885665478,79.6252490004448,82.3931466610288,58.4505894947299,156.872672186957,119.379939823914,114.468788700807,28.1031784676241,62.860986492799,15.7443410877619,170.42615814209,122.718022273137,71.0438341676649,88.8824230610502,141.975309916905,0,157.104335021973,86.7517159644594,140.177208293568,190.732040405273,152.928124277215,125.784318255563,145.569795519685,109.954787042406,139.538915262926,218.496948242188,145.674809265137,189.414932250977,155.958741580739,120.915466308594,131.133076316432,184.542037963867,215.963302612305,0,127.906552995954,148.358550262451,133.414491826838,156.989282735189,112.342333769995,0,198.20931558048,161.11993031624,121.696177427561,157.117119425161,146.676562556514,238.468627929688,195.110255650112,140.821790059408,154.03835429316
38.3150295388058,146.01535097758,113.672146357425,86.792598933094,101.558839971369,16.8575906804077,19.5805260549722,52.6628035339694,10.193454160937,80.8314234586801,32.8298430559652,126.143452887902,83.6499195296872,143.062606649196,17.3323063274958,28.7248545652703,123.046190598432,130.252879675503,160.033295851487,153.660743264591,92.1661047236935,118.106194097346,101.846337250301,107.694369236942,90.6528728877629,155.442356109619,138.417663045409,143.495984339329,78.6877623327372,25.672302461221,71.2051650189617,170.796566009521,13.3914504323602,90.2233700752258,51.4550891639252,167.895309448242,0,177.454632989291,106.485891227263,141.233596801758,0,174.489844185965,152.081832563106,170.906359354655,123.885690689087,174.942309766713,0,186.662040710449,219.793319702148,177.785532226563,152.48323059082,150.561946868896,181.289260864258,0,207.166173299154,210.623168945312,151.48351933406,136.245108795166,179.211572152597,135.596983913564,96.8174209594727,221.471747080485,184.250635019938,145.318981271572,177.840042716578,163.845223477012,0,0,160.192682902018,173.119127001081
65.7769688078298,80.6636134940134,106.977224561903,48.476258227764,42.9030714035034,85.6431545257568,85.975072198499,56.6586708450914,80.8314234586801,7.28967264570634,73.5984258596819,147.019044289222,14.209561211655,129.463063430786,83.7645560308944,22.4506379474444,74.977850114977,131.982964748806,0,137.123144450941,31.4305850324177,82.5705508804321,29.6080987532627,93.145347740814,21.397655377544,112.179260874903,139.892459716797,106.051362094244,48.0882510597275,76.4898990019791,60.6318019205274,142.824579874674,132.680712959983,61.562286707639,81.4803492072742,135.646419525146,0,157.474472045898,26.5924589210086,87.4751786624684,0,123.366872151693,90.5460387009841,111.410750579834,40.8247874259949,113.423123889499,0,93.7451951163156,139.623039245605,113.088727315267,66.3616571426392,185.961807250977,195.628204345703,0,198.252090454102,86.2662887573242,142.247216796875,99.3793243408203,126.965385437012,67.1626400990529,0,165.062589009603,147.327295939128,95.2714418773809,129.390827814738,134.183430480957,0,215.028411865234,113.18716261122,106.837840270996
53.9299555267334,147.048282199436,106.350786223666,75.0296994153191,16.3093207469268,114.15763197274,27.6501343748052,16.5819726024514,32.8298430559652,73.5984258596819,11.0878997419313,165.318137868245,19.6586698668455,176.357339223226,43.0885881862769,62.5161574469672,126.80390385219,138.321067609285,162.207397460938,163.157125619742,14.8362956375054,108.436606571592,103.585743238341,101.832813792759,57.4233977076519,167.683400472005,138.254605782696,132.500762759636,22.0085950312312,89.2633602383262,67.851566542927,194.51171875,123.367204364977,86.5805475690724,91.9513782082396,163.876661936442,0,170.361316680908,106.233027582583,123.968330870618,0,159.541621709274,139.660074387681,155.798680818998,105.749078945851,152.773271994013,0,128.195830374956,0,176.975054423014,116.305294036865,142.307973225911,174.706715901693,0,0,149.464658807825,157.931549072266,152.259084065755,178.349794241098,124.10981204325,223.78816986084,197.543319702148,183.071450666948,140.499368914079,189.068875371193,168.464487176192,0,228.612243652344,187.698760986328,178.313254356384
143.350767176786,66.8144498469712,89.9139423026075,75.5976082603886,200.068130493164,65.7846537409602,103.584616122038,160.141111722557,126.143452887902,147.019044289222,165.318137868245,12.6836734340485,172.560902913411,18.4018898350075,104.62551446157,108.58606338501,139.685385704041,55.2327787813118,18.4841031727488,24.3952945906818,145.489196777344,106.839570075274,104.306129609696,93.4662873178158,166.88298249856,27.2945950177991,25.8726279756224,52.9628344287736,148.065486571368,89.5478520981809,132.514210867953,26.040828285249,63.918573991968,115.213609348644,30.7977292817153,0,115.716328430176,143.943433321439,80.9965818330839,0,0,0,210.412796020508,209.937377929688,205.426345825195,0,130.821276855469,0,87.0800506663772,221.921615600586,0,0,143.73578453064,103.648012161255,113.941407662851,0,183.165303548177,128.806564331055,164.711454391479,194.966743469238,66.114279606763,107.852893977202,105.005073709691,235.781173706055,0,171.451122283936,101.901731109619,0,0,147.6416015625
86.0414308246813,134.325558980306,139.923840840658,80.0725671450297,30.7344641804831,85.8929595947266,28.5205424270281,45.1710689926147,83.6499195296872,14.209561211655,19.6586698668455,172.560902913411,8.56694339288909,164.796714782715,100.253975175067,16.438056195564,227.510513305664,191.078720092773,0,0,11.9138618251306,182.295684814453,82.4281789461772,164.680061340332,29.1574928807163,155.485809326172,159.092325846354,149.551571846008,47.3609015415931,104.313327291737,136.797789001465,0,123.656360626221,103.195119222005,100.98502168817,183.58324432373,0,0,77.9320575169155,89.2531624818459,0,62.2880879915678,145.942162831624,149.942391531808,98.6411115206205,137.685488803046,0,8.46899088686961,0,211.161834716797,71.2127075195312,137.927673339844,0,0,0,20.535162831297,192.998428344727,95.1809158325195,169.323944091797,127.071045227051,0,0,0,146.386028378509,0,209.829734802246,0,0,192.949256896973,174.881759643555
158.913565862746,53.9873777873329,96.1743735828619,60.5730266463891,175.165840148926,79.215970993042,108.0148898038,166.998952229818,143.062606649196,129.463063430786,176.357339223226,18.4018898350075,164.796714782715,7.31100100789979,129.039027756911,160.021057128906,134.981994628906,88.8610605512347,54.4994845872515,65.2386525667631,0,125.472453777607,89.1771097367593,128.019611011852,144.4554063797,23.0171591885401,38.3433746389561,38.0997567509445,144.402272905622,96.0242718129918,151.922616288469,17.1076439825569,78.0760052998861,147.491022382464,54.2204636907804,0,81.0601565043132,180.043467203776,63.9754904429118,0,0,0,226.960113525391,0,148.874884033203,0,96.6842470169067,0,69.2875654875343,203.584625244141,195.355422973633,165.901580810547,131.047332763672,99.6203500366211,100.839770317078,0,167.236930847168,122.816647847493,153.108062744141,178.916061401367,54.5171229646608,96.0221321853166,90.3094087947499,242.553840637207,0,0,92.0471416655041,0,0,120.765325927734
15.20500781183,140.756893920898,111.20857691227,88.8616189834919,103.548593657357,32.0599086962248,37.5917944620143,38.992618248161,17.3323063274958,83.7645560308944,43.0885881862769,104.62551446157,100.253975175067,129.039027756911,9.65407659426435,49.9163201585108,136.226735432943,120.342836584513,158.753096008301,144.367998136891,101.077266825417,103.686465999944,99.4470442670831,99.7532862985734,95.6372584749268,121.872883387974,132.132091834482,140.993869520797,77.5182937269659,17.7180205598472,56.6985231329384,152.659163157145,17.8373468456228,37.5672374177941,42.45262568491,161.399826852899,165.604721069336,184.735297066825,98.5857508087158,144.442156473796,0,185.179563082181,158.178889131341,180.412246866429,127.62420129776,172.734979729903,0,0,234.847381591797,177.289528740777,0,159.755744934082,182.308237711589,0,153.045516967773,175.912155151367,147.041205342611,143.245311961454,181.934365590413,142.842276021737,201.560012817383,178.365562438965,174.529629340539,150.284924834629,170.367334620158,165.423990677814,0,213.948252360026,181.827685546875,176.430833604601
94.2654876708984,107.069618225098,118.825592041016,77.4164571347444,71.6279968685574,15.5383916594606,13.657981474927,70.0082533624437,28.7248545652703,22.4506379474444,62.5161574469672,108.58606338501,16.438056195564,160.021057128906,49.9163201585108,7.8259863692736,0,135.453315734863,0,0,54.7455668593898,0,80.0781366984049,100.20027923584,44.7611587496771,146.151245117188,155.500050136021,147.707961082458,77.3638144549201,62.8957205329623,92.2231140136719,0,48.9191224471382,111.66335550944,75.8837985992432,0,0,0,42.2781944274902,110.903224945068,0,179.709815979004,161.973229980469,179.728147234235,64.7263164520264,142.876533508301,0,0,0,186.495223999023,87.8977928161621,0,0,0,0,87.4479675292969,0,0,0,134.64964502508,0,0,223.41414642334,149.33230452104,0,195.205352783203,0,0,0,0
124.246144104004,62.5204603260961,87.9453524885506,46.1676840552641,84.9379844665527,0,141.228393554688,93.0231000416314,123.046190598432,74.977850114977,126.80390385219,139.685385704041,227.510513305664,134.981994628906,136.226735432943,0,12.3857476395094,99.0838256625954,0,124.071807861328,0,27.8981160337017,36.6269535723268,17.1569478495448,35.9087405949654,101.247543334961,106.887515141414,29.0742603848184,40.2124795540519,104.382540500525,76.3305850899133,0,0,61.2266700744629,89.7508626902326,0,0,113.065222698709,53.279125166528,0,0,0,153.127064296177,164.042297363281,0,148.817337036133,0,0,160.224449157715,181.93478012085,0,112.428972244263,128.984773908343,0,0,0,113.447147271572,62.9456974597687,106.16305068561,149.061431884766,0,143.83798789978,106.957303640005,126.816808064779,154.282623291016,114.629910555753,0,0,132.592514038086,114.591091156006
101.607803410434,61.5456624183102,36.8715066373002,60.3950329199143,180.388000488281,107.684959411621,156.203555636936,113.29155206326,130.252879675503,131.982964748806,138.321067609285,55.2327787813118,191.078720092773,88.8610605512347,120.342836584513,135.453315734863,99.0838256625954,10.1339045433861,46.731490787045,17.2963873256237,175.602635701497,41.0147040490298,83.37446195341,20.2452044110597,138.203598144858,72.6292313711984,37.1301523451335,66.7720388306161,118.166188543591,100.371179777349,75.8945049503155,86.0666961669922,110.306584676107,87.1931679209725,37.5704088388175,172.358469645182,93.5148963928223,107.353635495426,78.9558059972361,0,0,0,180.982581303037,186.673910776774,99.6032257080078,204.714935302734,146.393829345703,0,138.235877990723,182.580378214518,0,138.058284759521,118.302924939056,123.179705301921,134.501082333651,0,151.806594848633,113.193877105713,126.455439931696,173.767692565918,123.349552154541,112.397778535864,109.70044872263,176.395780835833,205.739669799805,157.810322423135,154.803737640381,0,0,136.628752844674
145.453627995082,79.5627101400624,93.7390700446235,76.1061279033792,0,0,169.960968017578,166.117090861003,160.033295851487,0,162.207397460938,18.4841031727488,0,54.4994845872515,158.753096008301,0,0,46.731490787045,6.39354973451821,10.5075327950173,0,114.360140482585,117.013556671143,92.464715719223,183.450617472331,42.6022235789198,13.565470028326,64.2894820727398,171.106025695801,127.447152273996,138.259419934503,55.4966057513623,99.6521977015904,122.647687276204,60.0367128542154,0,125.450032552083,159.217102050781,78.8397769927979,0,0,0,0,242.465637207031,0,0,89.3496589660645,0,92.7468196868897,0,0,0,125.374042510986,105.300464630127,118.025144577026,0,0,114.490623474121,141.050567626953,0,74.6727420261928,110.172523498535,100.2685748509,0,0,166.500778198242,100.309204101562,0,0,117.844233194987
127.279665446413,66.2673224166588,82.2906553597286,66.9334357899322,0,0,169.934342425802,148.074032847087,153.660743264591,137.123144450941,163.157125619742,24.3952945906818,0,65.2386525667631,144.367998136891,0,124.071807861328,17.2963873256237,10.5075327950173,8.3970411398108,0,86.2676005271411,110.525587263561,69.7010215361913,159.382926940918,50.0216397397658,24.7024069964792,66.0491578102364,139.494075775146,119.95181369342,110.209391634003,61.5076626800909,102.271005630493,101.55422813014,39.8753029202633,189.091247558594,111.778350830078,136.889999898275,71.0148871849323,0,0,0,195.666819254557,206.550003051758,223.968063354492,0,126.582310267857,0,112.759343465169,186.719390869141,0,0,118.330685559441,123.673858642578,113.082628023826,0,168.39241027832,139.840216064453,151.841814041138,0,93.9162718454997,103.632376547783,105.190499311053,191.23594156901,0,203.566462198893,116.851854960124,0,200.603500366211,125.203739711217
84.3267498481564,0,197.672286987305,85.7955837249756,13.1658028332168,147.770797729492,40.0192011290534,77.719247529001,92.1661047236935,31.4305850324177,14.8362956375054,145.489196777344,11.9138618251306,0,101.077266825417,54.7455668593898,0,175.602635701497,0,0,11.8387956658132,0,83.5453516642253,137.877582550049,15.9918539237372,0,197.777870178223,156.388805934361,27.7635721799126,101.476343812061,126.401807149251,0,133.917639160156,98.5663442611694,99.1927396401592,197.655242919922,0,0,68.2238566080729,26.3695533967466,0,152.408783912659,138.705831593481,189.241770426432,100.884743446528,151.97891355242,0,46.7131039301554,0,203.418292999268,124.197790145874,0,0,0,0,153.610305786133,245.154525756836,0,0,118.318687192855,215.074867248535,0,241.322326660156,146.858135816786,214.123146057129,170.717742919922,0,0,0,205.354690551758
84.0330560472276,84.2599386017898,52.9141876908157,56.3256445268457,140.83150100708,0,129.622625805083,80.9853885665478,118.106194097346,82.5705508804321,108.436606571592,106.839570075274,182.295684814453,125.472453777607,103.686465999944,0,27.8981160337017,41.0147040490298,114.360140482585,86.2676005271411,0,10.3036917165284,50.7720670243931,24.863191067561,60.5121920400531,152.051742553711,96.8591027118751,78.5025163906724,19.4769537064611,51.0316372403288,21.878491119851,132.123267037528,117.668497721354,51.4645824194549,36.0574731943855,122.200782775879,123.139015197754,124.614593187968,59.3848219977485,0,217.801727294922,0,142.303390979767,161.975786590576,149.021690368652,186.358543395996,165.43408203125,0,220.573557535807,165.249325222439,0,111.235272216797,147.014423370361,0,169.020594278971,0,113.275434805677,69.8527591471769,114.687497256847,121.488214492798,0,148.303254071404,125.856281719377,118.669329404831,130.87858359019,120.899549765665,0,0,119.93245974454,121.768560621474
80.037770608314,23.5671819859408,45.4119644783161,25.3436799940771,103.102694193522,174.05094909668,116.631196694296,79.6252490004448,101.846337250301,29.6080987532627,103.585743238341,104.306129609696,82.4281789461772,89.1771097367593,99.4470442670831,80.0781366984049,36.6269535723268,83.37446195341,117.013556671143,110.525587263561,83.5453516642253,50.7720670243931,8.49843882363531,49.2129052272494,27.6467268466104,71.2135329739801,92.0619099572884,42.9729185228649,51.8097676499349,76.0920467419,56.7658005974035,105.652567545573,152.057556152344,55.0323528630773,75.6796631568749,105.93176651001,0,106.957429885864,14.5335246517852,166.235076904297,0,170.372253417969,120.837019500732,155.97200457255,21.8686468402545,160.001477922712,167.090744018555,142.968776702881,110.360392570496,104.62290763855,0,62.5514089584351,111.966322157118,130.089374542236,139.673419189453,0,69.0669072224544,11.1750043097295,80.4402989597185,98.0459275679155,100.980207269842,134.14190746489,110.870193862915,105.84408009847,114.034965515137,78.413080888636,147.049346923828,0,86.1271896362305,109.10805384318
87.9730575461955,70.8194294709426,23.1089854950163,50.5644344707629,0,0,136.063759974429,82.3931466610288,107.694369236942,93.145347740814,101.832813792759,93.4662873178158,164.680061340332,128.019611011852,99.7532862985734,100.20027923584,17.1569478495448,20.2452044110597,92.464715719223,69.7010215361913,137.877582550049,24.863191067561,49.2129052272494,12.507329448094,58.087244540453,134.42582244873,62.2528155472116,44.9350603440704,40.1359439674065,88.2915518995271,49.9053513490561,122.723055158343,120.079200744629,74.1138881417208,47.4172442496376,149.131319999695,104.656586456299,99.2442095005766,75.8774869972878,0,0,189.400001525879,160.105182994496,176.636144537675,148.4208984375,176.172089520623,184.862159729004,0,179.895175933838,181.608483632406,0,104.393911099215,122.803702915416,0,157.263443840875,0,123.613264334829,76.2338319064519,106.289582454482,149.514589691162,175.495223999023,142.075865275065,102.293598050637,144.659793398796,160.984357561384,142.330957474247,0,0,150.462233734131,126.771368829828
79.8306644340757,90.7808299852454,115.191150214082,45.3417004786265,26.6562860969198,121.252304077148,84.3567286512062,58.4505894947299,90.6528728877629,21.397655377544,57.4233977076519,166.88298249856,29.1574928807163,144.4554063797,95.6372584749268,44.7611587496771,35.9087405949654,138.203598144858,183.450617472331,159.382926940918,15.9918539237372,60.5121920400531,27.6467268466104,58.087244540453,10.5486433024115,124.263941023085,137.976889447468,86.1559535936209,21.0957420800933,83.8301813949773,72.6484653214029,163.839488983154,136.910181427002,73.7224293182784,91.9705041852491,129.048902965727,199.612869262695,156.249774809807,56.234224580292,105.454750973691,0,138.608257535138,113.067529085206,131.326721871253,71.7740641771737,123.069566676561,218.529235839844,106.385787963867,0,144.880045547485,102.651571655273,135.904808998108,178.818691253662,0,185.511672973633,116.209823983615,118.716054098947,101.886451319644,146.491990778996,95.2186628866799,178.904594421387,175.258731842041,165.025590896606,109.324090995427,142.134087600277,122.648406982422,239.948623657227,185.865610758464,125.725017547607,147.656355098802
155.280095418294,28.3906404667457,107.770299530029,33.9411244676227,0,0,184.139419555664,156.872672186957,155.442356109619,112.179260874903,167.683400472005,27.2945950177991,155.485809326172,23.0171591885401,121.872883387974,146.151245117188,101.247543334961,72.6292313711984,42.6022235789198,50.0216397397658,0,152.051742553711,71.2135329739801,134.42582244873,124.263941023085,9.0397414091361,42.7363192775707,23.8336583458773,158.435639190674,100.862100601196,125.787075042725,47.8266080202058,80.1138954162598,0,63.4043607269691,0,47.4003274100167,124.99641418457,47.7234242395921,0,0,0,0,0,0,0,60.4888854980469,0,51.8130062309471,0,0,0,120.431385040283,69.9121708340115,93.0322281686883,0,0,110.586421966553,182.053359985352,165.17610168457,34.7906345406244,80.48624606566,67.3565793124112,0,0,0,82.5771280924479,0,0,0
117.087765934423,50.4338794328093,24.6854407071136,45.3271428087821,153.516254425049,156.904328482492,155.541894147625,119.379939823914,138.417663045409,139.892459716797,138.254605782696,25.8726279756224,159.092325846354,38.3433746389561,132.132091834482,155.500050136021,106.887515141414,37.1301523451335,13.565470028326,24.7024069964792,197.777870178223,96.8591027118751,92.0619099572884,62.2528155472116,137.976889447468,42.7363192775707,13.7029703178852,34.6470744742776,98.5963359468189,123.895904721511,104.09676480007,32.6717604105212,131.523979518725,119.788107254926,59.7237919138656,167.619203839983,105.859049987793,99.5396228366428,62.523087314017,216.629104614258,0,216.031421661377,176.229271746696,194.382503509521,233.341247558594,187.227737426758,121.933471523986,0,99.5948514630718,188.552096366882,0,143.685874938965,104.927032182801,114.761297891306,105.795774423656,0,141.367044802065,138.718587538775,132.706838646714,197.144487821139,68.6964497710719,95.1497617228835,94.9611416103604,189.194323585147,188.785331032493,159.292751453541,113.243889399937,0,159.784825134277,112.106929491925
126.944542471818,33.3093885434746,33.189384529119,41.227414023754,138.970211452908,127.564989725749,155.798750419617,114.468788700807,143.495984339329,106.051362094244,132.500762759636,52.9628344287736,149.551571846008,38.0997567509445,140.993869520797,147.707961082458,29.0742603848184,66.7720388306161,64.2894820727398,66.0491578102364,156.388805934361,78.5025163906724,42.9729185228649,44.9350603440704,86.1559535936209,23.8336583458773,34.6470744742776,14.946261725213,77.4823448714533,132.107750214394,112.793248717032,30.0243427148947,106.483355658395,115.835887413898,67.0945066150646,174.975391642253,91.1425409143621,96.3525201287462,63.7841802009303,204.749267578125,245.216217041016,207.112699236189,168.724598596966,184.636944089617,162.387232644217,183.573737008231,119.888642060129,210.84162902832,93.5643527608522,173.651367429703,0,109.735399443528,109.779258028999,110.830108951878,107.70419356855,212.555236816406,140.214779044097,85.4315173194522,107.292473940799,152.070233726501,70.4587667964179,97.0799146665444,94.9905426165762,157.488975734886,170.469895362854,140.981281993835,111.78872150845,166.592666625977,176.19329398019,116.484845570156
70.5941892866307,108.270557627958,60.9856109359572,53.3058394990113,14.9346232122881,130.800075877797,62.2468052024102,28.1031784676241,78.6877623327372,48.0882510597275,22.0085950312312,148.065486571368,47.3609015415931,144.402272905622,77.5182937269659,77.3638144549201,40.2124795540519,118.166188543591,171.106025695801,139.494075775146,27.7635721799126,19.4769537064611,51.8097676499349,40.1359439674065,21.0957420800933,158.435639190674,98.5963359468189,77.4823448714533,12.6739942707214,83.0893358973952,26.6151942638171,166.153732299805,137.580699443817,65.5928104301254,72.2031337956291,127.617916764884,127.490884780884,134.550150987579,61.4713328060134,114.990822362048,187.020568847656,141.905275691639,118.733974227488,137.078870442491,96.0196946597268,136.492507547625,0,123.590490068708,0,144.53479337511,121.738675117493,111.883765674028,173.237118675595,0,196.871999104818,140.843182918004,110.526234809926,103.111110010455,133.798545837402,99.177857054987,0,188.434213256836,145.255096666741,118.330811505491,140.234952320424,121.535380167504,0,166.174057006836,128.886918092385,142.217989391751
16.4024708307752,135.650933265686,115.014619073507,83.8451571210902,98.1135981144049,21.3932518706142,31.5717728499951,62.860986492799,25.672302461221,76.4898990019791,89.2633602383262,89.5478520981809,104.313327291737,96.0242718129918,17.7180205598472,62.8957205329623,104.382540500525,100.371179777349,127.447152273996,119.95181369342,101.476343812061,51.0316372403288,76.0920467419,88.2915518995271,83.8301813949773,100.862100601196,123.895904721511,132.107750214394,83.0893358973952,10.102616728131,27.2348737893792,132.805645624797,12.3551283017494,14.3516795029301,40.0791369820096,160.283690643311,203.226643880208,168.492654883343,92.1279340074552,126.651283957741,0,186.576285044352,155.896995957849,174.673914489746,138.375209461559,181.251718990138,0,208.390350341797,203.775238037109,170.579900882119,0,134.048258100237,173.522729056222,0,198.194137573242,185.231452941895,128.004612334787,128.469473775228,150.742988348007,137.522693160677,0,177.865459666533,181.548168430081,139.852848688761,159.141889718863,139.391721301609,0,204.55078125,136.536192321777,156.918125521752
27.0689627994502,111.884960272373,72.5165178243528,65.4388323089167,127.464152018229,95.757204691569,102.882547611144,15.7443410877619,71.2051650189617,60.6318019205274,67.851566542927,132.514210867953,136.797789001465,151.922616288469,56.6985231329384,92.2231140136719,76.3305850899133,75.8945049503155,138.259419934503,110.209391634003,126.401807149251,21.878491119851,56.7658005974035,49.9053513490561,72.6484653214029,125.787075042725,104.09676480007,112.793248717032,26.6151942638171,27.2348737893792,10.6761319953624,159.980445861816,139.080468314035,38.8657681163849,38.6434092813836,127.020840236119,169.23258972168,143.757326415091,63.590894657111,0,0,147.670333862305,138.599730996525,157.71412037037,99.1026834760393,166.791412353516,0,0,155.570907592773,151.235733032227,0,114.662762892874,165.832044813368,0,189.326278686523,172.415313720703,118.770545011441,79.255063533783,133.006901397705,122.726651165936,198.81812286377,173.02347869873,147.629582640945,124.42111329358,140.226354573568,125.917848486649,0,170.334411621094,128.094227981567,147.520607581505
161.654098510742,72.0744052383135,98.609538453998,85.952254652977,0,0,160.657485961914,170.42615814209,170.796566009521,142.824579874674,194.51171875,26.040828285249,0,17.1076439825569,152.659163157145,0,0,86.0666961669922,55.4966057513623,61.5076626800909,0,132.123267037528,105.652567545573,122.723055158343,163.839488983154,47.8266080202058,32.6717604105212,30.0243427148947,166.153732299805,132.805645624797,159.980445861816,5.98744749860218,98.37939453125,0,75.8765800739157,0,121.16919708252,163.763343811035,72.3057076590402,0,0,0,0,0,0,0,112.115514482771,0,91.7293266417488,222.751968383789,0,0,145.164800643921,104.66678912823,111.656906636556,0,0,176.288455963135,172.024164835612,0,70.5284194557034,106.735425654146,100.059563305913,0,0,0,105.705151149205,0,0,120.270915985107
93.0066880120172,0,183.944492340088,131.479290644328,145.706207275391,9.59280764788144,17.6425931573145,122.718022273137,13.3914504323602,132.680712959983,123.367204364977,63.918573991968,123.656360626221,78.0760052998861,17.8373468456228,48.9191224471382,0,110.306584676107,99.6521977015904,102.271005630493,133.917639160156,117.668497721354,152.057556152344,120.079200744629,136.910181427002,80.1138954162598,131.523979518725,106.483355658395,137.580699443817,12.3551283017494,139.080468314035,98.37939453125,5.04107950037095,171.354156494141,33.3431688506302,192.386154174805,0,0,137.985229492188,0,0,0,196.699854532878,222.54926554362,222.399810791016,0,0,0,0,211.106414794922,0,0,0,0,0,0,236.292022705078,0,0,193.521324157715,0,0,0,195.333720397949,229.197166442871,212.066680908203,0,0,0,209.254684448242
46.7829575884169,116.961180114746,103.013855567345,66.6116367758137,90.4587637583415,0,103.491272926331,71.0438341676649,90.2233700752258,61.562286707639,86.5805475690724,115.213609348644,103.195119222005,147.491022382464,37.5672374177941,111.66335550944,61.2266700744629,87.1931679209725,122.647687276204,101.55422813014,98.5663442611694,51.4645824194549,55.0323528630773,74.1138881417208,73.7224293182784,0,119.788107254926,115.835887413898,65.5928104301254,14.3516795029301,38.8657681163849,0,171.354156494141,7.4508569909707,22.2496090121515,142.533039093018,0,127.578643798828,71.8180737617688,85.185661315918,0,177.409652709961,135.065151062012,161.196821424696,75.7188758850098,171.677133178711,0,0,0,156.995338984898,0,103.526483015581,147.974849700928,0,184.048149108887,0,116.787404469081,70.8894920349121,143.483195965107,116.426888359918,0,171.184478759766,155.185162135533,127.153270527468,146.143585487648,121.290942852314,0,163.698028564453,138.533587646484,132.628050062391
64.8215597008677,65.3503904528191,59.6991578042918,66.6093329261331,102.082560095989,34.4064862792556,61.8975247201095,88.8824230610502,51.4550891639252,81.4803492072742,91.9513782082396,30.7977292817153,100.98502168817,54.2204636907804,42.45262568491,75.8837985992432,89.7508626902326,37.5704088388175,60.0367128542154,39.8753029202633,99.1927396401592,36.0574731943855,75.6796631568749,47.4172442496376,91.9705041852491,63.4043607269691,59.7237919138656,67.0945066150646,72.2031337956291,40.0791369820096,38.6434092813836,75.8765800739157,33.3431688506302,22.2496090121515,12.3580226062277,149.403701019287,103.34860458374,108.93535464323,81.9506676285355,159.911003112793,0,188.292741563585,156.982623100281,182.835163214268,144.303239440918,188.883762066181,126.191157023112,0,125.715479924129,173.277426719666,0,125.627046585083,121.867764830589,138.7004737854,117.944175581499,0,123.639969334458,121.844438993014,120.21183253697,135.638106259433,107.021189371745,114.708063083225,111.92483933209,140.83986563276,169.927645819528,144.128273010254,132.536235809326,0,141.849903742472,136.513827260335
144.865263938904,170.32551574707,162.91819152832,86.622554910594,148.302993774414,0,168.168941921658,141.975309916905,167.895309448242,135.646419525146,163.876661936442,0,183.58324432373,0,161.399826852899,0,0,172.358469645182,0,189.091247558594,197.655242919922,122.200782775879,105.93176651001,149.131319999695,129.048902965727,0,167.619203839983,174.975391642253,127.617916764884,160.283690643311,127.020840236119,0,192.386154174805,142.533039093018,149.403701019287,12.8611577169187,125.454412078857,115.244410603841,69.4609667618082,94.3735100428263,75.788138071696,92.38842980758,27.7072684066972,61.9273104296977,69.5431080818176,72.2775433844578,129.334679023892,97.6166864122663,144.445633951823,17.2864708540105,120.528923034668,99.4449752358829,110.209597870156,138.076173843876,126.530959800438,86.0023674684412,80.3434235906026,68.835830584321,101.070581708636,73.6513045716681,129.108271280924,127.150689954343,122.752477486295,80.0495164107856,23.4381402111799,25.3454639139593,152.424667358398,84.2825053288386,43.4338417991263,67.1563108187195
150.504898071289,108.363079071045,78.3556489562988,48.1367258184096,0,0,0,0,0,0,0,115.716328430176,0,81.0601565043132,165.604721069336,0,0,93.5148963928223,125.450032552083,111.778350830078,0,123.139015197754,0,104.656586456299,199.612869262695,47.4003274100167,105.859049987793,91.1425409143621,127.490884780884,203.226643880208,169.23258972168,121.16919708252,0,0,103.34860458374,125.454412078857,7.57199698977029,41.7116887180816,22.850455617746,0,0,0,119.687078302557,144.596517562866,81.8106341815103,143.867279052734,62.2663957526885,122.150173187256,47.9999266259464,134.864443664551,117.784354073661,36.5326610980648,53.3069303026671,73.6361539504107,59.456493211485,147.732376098633,97.4887580871582,23.6391975803204,67.4786273320516,91.4375645205271,17.1294849556194,47.0649465746252,29.7357384148076,117.620881271362,122.440528468082,108.558449613131,79.7120045979818,83.48583984375,99.5299110412598,63.0819794169643
166.952936808268,123.614338874817,89.6576345083314,80.3020456548323,0,0,197.521516587999,157.104335021973,177.454632989291,157.474472045898,170.361316680908,143.943433321439,0,180.043467203776,184.735297066825,0,113.065222698709,107.353635495426,159.217102050781,136.889999898275,0,124.614593187968,106.957429885864,99.2442095005766,156.249774809807,124.99641418457,99.5396228366428,96.3525201287462,134.550150987579,168.492654883343,143.757326415091,163.763343811035,0,127.578643798828,108.93535464323,115.244410603841,41.7116887180816,13.0640077831285,44.0464689513127,191.923843383789,181.84008026123,143.779906136649,95.9316384903869,118.919989585876,114.868568572998,108.290564479185,97.3500723044078,159.844902038574,83.6883675711496,114.378675324911,121.054508209229,72.5148058872597,42.0650319286173,88.0438615253994,74.2455188543146,0,61.5809699415988,50.7772858030698,29.9933779933397,140.817826204522,69.6398677825928,27.5731088386872,38.4684035303378,70.9847929983428,136.944562896969,74.0811115384542,97.1620271643814,173.223239898682,107.888137817383,71.0475158285587
82.5952503497784,59.3723073005676,67.6663951258506,16.7279318490643,98.7615041732788,136.887664794922,112.833696076364,86.7517159644594,106.485891227263,26.5924589210086,106.233027582583,80.9965818330839,77.9320575169155,63.9754904429118,98.5857508087158,42.2781944274902,53.279125166528,78.9558059972361,78.8397769927979,71.0148871849323,68.2238566080729,59.3848219977485,14.5335246517852,75.8774869972878,56.234224580292,47.7234242395921,62.523087314017,63.7841802009303,61.4713328060134,92.1279340074552,63.590894657111,72.3057076590402,137.985229492188,71.8180737617688,81.9506676285355,69.4609667618082,22.850455617746,44.0464689513127,25.5915111057945,70.1861251579536,133.917081560407,87.2511542687049,59.7656251490556,84.2657688930942,39.9990001050164,77.2141601152434,61.0895332990374,94.3026959737142,36.1764223017421,86.0713295102744,82.9446868896484,40.7478657761009,57.6232157152862,87.9830174446106,62.2799461719602,81.2524145803144,53.2633924612762,31.9353537029495,49.3193723903322,35.9897985126024,16.9857761252768,50.0037763607324,37.4745320196523,55.0477490196431,84.4483667644886,68.429044046328,78.9241069793701,123.748687235514,64.3498650011809,69.682094872581
