9.83376525009333,128.732574462891,93.2522386312485,79.4462527434031,71.6063639900901,65.0794019699097,74.9771875080309,31.7932651757214,24.9358920412549,72.8756671068145,51.2527583262642,111.373331366645,84.2605832417806,108.521162414551,10.1114857388232,84.6378936767578,77.1769779750279,97.8111832824276,143.245414733887,119.587434357288,68.5634878249395,67.1144290500217,62.5742138819908,81.8970459306744,69.2798318686309,182.646286010742,120.148451071519,119.978895722243,58.0697716980626,12.2082954053229,25.1372917491034,0,74.1809220995222,15.3129293509892,65.8294710456778,155.885767618815,0,191.426162719727,95.8663311004639,139.163696289062,0,0,158.636864295373,166.931627546038,157.334167480469,151.87818145752,0,0,0,162.253952026367,0,0,177.823059082031,0,0,0,0,93.8051323523888,142.004623413086,129.630781320425,0,0,161.980127970378,134.542731198398,181.37141418457,142.393844604492,0,0,0,183.709228515625
128.732574462891,7.46127707751384,39.2145302246357,8.8565452574023,0,0,0,114.013545696552,133.933481852214,67.3537164785094,128.360641479492,62.2084644058813,0,52.8314487012845,142.10334777832,0,61.7532777120901,54.8266673202407,70.4071262822007,46.5935932434711,0,93.3447494506836,25.6728261860632,71.2855735601381,76.6156439208984,24.2969517001053,42.2477288809882,34.2971217997404,93.1898278130425,116.780704975128,108.185290527344,71.4375683466593,96.4948425292969,99.9949442545573,51.3108120173281,0,73.4072036743164,0,68.722286939621,151.678024291992,0,0,0,0,0,0,106.197723388672,0,0,0,0,0,0,88.0882797241211,153.454315185547,0,0,107.274363926479,0,143.956283569336,63.9281339645386,91.6509113311768,84.8013458251953,0,0,0,0,0,0,108.98462677002
93.2522386312485,39.2145302246357,10.1140301880265,37.1650685515503,101.055316925049,141.730743408203,136.606085641044,83.4170276317911,113.242551765186,93.8078226361956,93.5517787205354,72.5310833333333,0,90.4977536355295,100.557278762995,100.624603271484,77.2152028018481,32.2359845476898,74.6489704847336,57.3852039004025,106.413269042969,60.9244137926305,46.5212822162499,20.0241575255295,80.3776717873948,79.3137141333686,20.1044799100939,26.5372157236296,54.3024672025821,100.907881380215,68.1248381639138,89.6959564208984,175.162254333496,80.7560414853303,44.3532798719265,206.674835205078,66.833381652832,81.9807374373726,50.0761948323322,0,0,193.587997436523,154.416427612305,197.005035400391,120.028511047363,191.201705932617,0,0,0,184.301727294922,0,134.083358764648,103.183115751847,0,0,0,0,48.6615464534666,99.0300674438477,154.969304402669,98.0461463928223,112.402335030692,82.0227590961221,126.380577087402,124.832824707031,117.888011932373,0,0,0,94.4556369781494
79.4462527434031,8.8565452574023,37.1650685515503,12.4136043170076,62.1578272377572,145.872004191081,86.1970498902457,62.51696808207,80.6000649269591,24.8253504359263,69.0927716991569,69.7830570796349,71.3397994205869,53.4216472861743,101.412463648935,72.6427898406982,43.9420135827473,58.0906601669197,77.796433694022,53.920260263949,86.3035135622378,54.0316174164027,27.3069875851967,48.7984162240272,39.9194333618282,21.3770012993283,49.1249465695032,39.5521468212943,51.9603871167025,79.2094463924008,58.976013120133,68.7182100469416,136.926817321777,62.2232123288241,58.3213533825345,120.769488525391,22.6205081939697,58.8995852470398,19.5919005246389,98.4268493652344,0,105.448486328125,98.1358957290649,103.092375013563,40.6997871398926,103.770018144087,0,0,0,107.532104492188,0,49.2078874376085,63.9357535044352,96.6982269287109,0,0,77.625431060791,13.9861211361864,56.0643155309889,51.880394981021,40.0260620117188,59.4298718770345,53.9640018826439,81.7543460845947,118.099685668945,93.5110092163086,0,0,0,60.6414947509766
71.6063639900901,0,101.055316925049,62.1578272377572,8.96337414546746,128.533477783203,76.9393541717529,51.1273102351597,84.7329358259837,41.521747401684,18.6394006866574,154.722390311105,13.1846787178331,137.031066894531,97.5135803222656,72.381368637085,73.4653167724609,150.129810333252,0,0,10.167937235017,94.7991714477539,77.7015546162923,103.874764760335,20.0528155070783,0,0,105.832626342773,10.635745231084,96.0698985049599,76.9827919006348,0,136.448715209961,0,98.8993712715481,0,0,0,69.7922063555036,8.595912069576,0,83.7659238179525,98.9930392674037,75.0940907796224,89.1313095092773,40.050042027625,0,13.5037208687175,0,155.235239028931,87.7903518676758,0,0,0,0,10.4201519172803,0,178.427505493164,116.160636901855,75.1457753635588,0,0,192.367004394531,36.4016378115764,167.071365356445,0,0,0,0,0
65.0794019699097,0,141.730743408203,145.872004191081,128.533477783203,6.78848543647734,8.0506109284683,93.8826446533203,14.4395056620312,94.3613357543945,113.491077423096,58.832634299142,70.0512100219727,64.8279838562012,24.6246652383409,13.176254348893,0,0,85.0106506347656,0,0,0,0,157.107711791992,115.401561737061,108.049217224121,87.895378112793,144.562942504883,115.523465474447,23.2954007762551,101.378108978271,0,11.6775115605827,66.5785293579102,32.2032967028411,0,0,0,131.472900390625,0,0,0,0,0,0,0,0,0,0,0,0,0,0,0,0,0,0,117.779949188232,0,148.391220092773,0,0,0,0,0,0,0,0,0,0
74.9771875080309,0,136.606085641044,86.1970498902457,76.9393541717529,8.0506109284683,7.52245133486198,45.3475983339837,16.1161993422125,75.5260840307308,20.5373657647815,67.2194939116518,12.2478172895176,97.8157944930227,20.9415263888772,9.79914444977249,123.80989074707,151.080116271973,126.745864868164,153.170692443848,37.9950245260771,164.584655761719,99.0633674904152,116.675394961708,82.6223084596212,0,122.735150655111,154.635683877128,71.2273120395581,30.1632020699084,101.740351540702,0,22.1372011216069,90.7615032196045,45.6942532216902,164.346858978271,0,0,98.0437207221985,96.5039571126302,0,194.211499023438,147.433052062988,180.387090047201,163.523696899414,145.989584241595,0,38.3394765853882,0,187.232078552246,0,141.23991394043,0,0,0,154.901290893555,0,121.364143371582,0,134.748518450507,0,0,0,145.017819722493,185.010566711426,136.424072265625,0,0,0,188.047729492188
31.7932651757214,114.013545696552,83.4170276317911,62.51696808207,51.1273102351597,93.8826446533203,45.3475983339837,9.65079642044966,39.4604153488945,49.4316651056398,13.2826960777683,132.143126755618,30.6604264268781,148.563059488932,25.7891025539406,66.9158622600414,73.5408941904704,95.954703027651,145.510317166646,123.24275409932,49.5627840088635,54.8100531303276,60.5536073925208,64.8559484586788,46.6936644245677,129.181137084961,114.804633365149,103.603905687941,21.3111440498775,49.12217842193,14.0691345292599,0,110.808182936448,32.2709625472485,76.0618446935994,140.465135657269,132.291015625,156.147644042969,74.2026703778435,103.612519582113,0,144.345236968994,111.252878761291,150.709663225257,97.2811107635498,124.548501125602,0,121.244873046875,0,144.486213684082,99.8789443969727,121.465283203125,173.640823364258,0,0,150.811787414551,0,86.7447630564372,176.240493774414,97.4698875095533,0,0,173.473248799642,109.089067474125,158.220361328125,144.15225537618,0,0,129.442047119141,155.964012145996
24.9358920412549,133.933481852214,113.242551765186,80.6000649269591,84.7329358259837,14.4395056620312,16.1161993422125,39.4604153488945,8.1942100833532,79.6446418068626,20.7270018667149,75.5939070976387,34.0311153258994,97.9715723310198,11.8722779341647,25.7891827853678,99.4787050882975,123.575914534311,115.158285958426,134.47839537121,67.8489050896339,95.1248867637233,94.5566678728376,100.843031751431,77.6864610420499,112.744601779514,133.562016667546,130.76054997598,71.1689683731429,37.6106556831425,71.756887586189,135.516830444336,20.4919368527046,75.6489344510165,55.206835373362,159.352866196051,0,142.066711425781,100.471872268185,107.883370354062,0,185.794313870944,138.776401219743,172.303118387858,169.997283935547,149.232139587402,0,0,0,174.522569756759,0,138.984327043806,0,0,242.840042114258,201.278884887695,0,110.264192581177,183.626304626465,131.810465270996,116.149528503418,0,180.699864705404,137.867131643922,165.186506144206,169.391504923503,0,211.558776855469,179.01245880127,190.5566002982
72.8756671068145,67.3537164785094,93.8078226361956,24.8253504359263,41.521747401684,94.3613357543945,75.5260840307308,49.4316651056398,79.6446418068626,7.02294293456349,60.9184004692804,125.010671021508,10.6322737597553,123.1443930848,89.116489841092,19.5213854892834,67.0187709514911,125.065870040502,137.672163391113,118.631827277106,34.376688612832,69.3945256551107,12.4397279150285,119.94849395752,16.7631242386393,103.221176935622,114.823883056641,102.576592833497,41.8158401668705,85.329047106625,70.4840948486328,139.1155128479,123.469486781529,67.2281564985003,99.4025326538086,131.41812286377,113.130210876465,0,46.0116458780625,83.0568385654026,0,104.166376113892,66.7589130401611,102.002964019775,41.6130964817145,91.1897495814732,0,68.9529299054827,0,100.801231384277,51.0624348776681,72.8308258056641,0,0,0,80.8801463200496,0,74.3883438110352,0,51.5204138687679,122.409984588623,0,133.534648895264,86.1822886996799,0,0,0,0,0,112.956192016602
51.2527583262642,128.360641479492,93.5517787205354,69.0927716991569,18.6394006866574,113.491077423096,20.5373657647815,13.2826960777683,20.7270018667149,60.9184004692804,9.07333086343966,141.178789520264,20.7941455679558,160.421827316284,21.3688346352628,60.6529986622569,104.697546958923,105.635364919469,153.383193969727,137.174326383151,14.8392875384965,67.5990580422538,96.1807776557075,71.3211071784036,41.6721852504801,136.41174697876,128.952922415226,112.583116506601,17.0934016137013,74.1696405392462,44.9103549412319,0,120.680542945862,78.6551007588704,90.2879432072149,144.311286232688,0,0,78.890078699866,43.6524736657739,0,154.848297812722,127.057481157019,158.821741104126,82.8054504394531,133.776165326436,0,52.0303249359131,0,154.734409332275,105.205993652344,129.510902404785,0,0,0,128.958653259277,0,108.021991729736,0,102.377427913216,0,0,172.020111083984,123.548629326549,165.129725138346,172.453646850586,0,0,188.232025146484,179.261726379395
111.373331366645,62.2084644058813,72.5310833333333,69.7830570796349,154.722390311105,58.832634299142,67.2194939116518,132.143126755618,75.5939070976387,125.010671021508,141.178789520264,9.89579077706427,133.976071166992,15.9958204255881,68.8192392463282,81.0404350280762,128.750134554776,59.3952708595049,19.0080836684169,16.7444997703479,139.540350232806,110.626006879305,107.235100542913,88.5915323194567,142.062866740757,31.5087985041277,18.3137849675631,53.8030952098919,130.575186388833,66.5785050416113,112.696947954703,16.986719274165,60.6503969687003,137.497304643903,26.6951121853419,216.544311523438,78.4402084350586,0,84.5149980691763,238.343383789062,0,0,206.482833862305,227.250564575195,0,207.615219116211,93.182627360026,0,80.4917805989583,0,0,0,124.374620056152,96.7381598732688,85.6201248168945,0,0,126.411214192708,0,191.164024353027,66.6162124796117,89.7255529923873,83.2914569289596,197.049118041992,0,0,105.151893615723,0,0,94.9773445129395
84.2605832417806,0,0,71.3397994205869,13.1846787178331,70.0512100219727,12.2478172895176,30.6604264268781,34.0311153258994,10.6322737597553,20.7941455679558,133.976071166992,7.75511718304436,156.077072143555,89.7534393454498,14.4250625134291,120.108127593994,134.151336669922,162.613662719727,0,11.0333936086968,0,71.3765417734782,0,24.8455271005865,148.339393615723,159.677978515625,151.345500946045,38.2279321262913,102.394934844971,122.181518554688,0,100.767343139648,0,99.1087288234545,0,0,0,73.6429145812988,26.8744092413357,0,44.8561994934082,137.765735081264,132.463273366292,49.7647132873535,40.2145161517831,0,6.52858342188541,0,105.90763092041,64.2184867858887,0,0,0,0,10.0290971513188,0,90.5294189453125,0,75.6825089705618,0,0,0,123.142305501302,0,0,0,0,0,0
108.521162414551,52.8314487012845,90.4977536355295,53.4216472861743,137.031066894531,64.8279838562012,97.8157944930227,148.563059488932,97.9715723310198,123.1443930848,160.421827316284,15.9958204255881,156.077072143555,9.07799743125929,90.4299648911206,132.614590962728,131.051460266113,89.5987729697392,53.7573438318764,57.0483104609236,159.831298828125,122.98278427124,96.013418481925,120.34238020579,133.164421081543,19.77118507267,21.8368560582742,41.1310949765656,143.238916669573,96.1975655873617,129.487631661551,11.4701313167916,81.1298046112061,0,51.8256222611767,0,71.9522933959961,0,82.0032955805461,0,0,0,218.187522888184,0,0,0,76.5117164611816,0,53.5456913842095,0,0,0,0,103.361740112305,102.844713846842,0,0,162.987981160482,0,217.170989990234,69.7604068120321,102.946602884928,82.7119642404409,0,0,0,0,0,0,0
10.1114857388232,142.10334777832,100.557278762995,101.412463648935,97.5135803222656,24.6246652383409,20.9415263888772,25.7891025539406,11.8722779341647,89.116489841092,21.3688346352628,68.8192392463282,89.7534393454498,90.4299648911206,7.72343718344032,34.876699944617,80.7005128860474,109.583877500162,118.450975379165,128.080577055613,95.5031801638396,76.9915974632142,84.3937801876584,85.4853094994734,88.1437292138571,112.675103505452,118.664222943007,126.359080150874,79.2793027117229,23.5630468620643,50.3955534225377,107.693901062012,20.1386764656911,43.5344332781705,42.4347435918802,174.050509284524,0,0,115.60161443857,140.198165893555,0,174.147735595703,165.183451652527,179.772387913295,227.612258911133,177.692161560059,0,0,0,184.785907200405,187.079360961914,210.568084716797,209.043518066406,0,0,204.161010742188,0,109.603057861328,130.706283569336,157.117639732361,0,0,195.174682617188,161.262883134322,203.762112426758,178.382517496745,0,0,196.193496704102,200.536188761393
84.6378936767578,0,100.624603271484,72.6427898406982,72.381368637085,13.176254348893,9.79914444977249,66.9158622600414,25.7891827853678,19.5213854892834,60.6529986622569,81.0404350280762,14.4250625134291,132.614590962728,34.876699944617,7.97030617186125,100.977836608887,144.04524230957,0,0,79.4746258075421,0,74.2647692362467,0,38.4953697977086,147.0390625,156.87328338623,131.856674194336,68.0225081216721,52.6979017575582,63.0672149658203,0,35.9592612078235,0,40.3515259334019,188.153564453125,0,0,72.5216884613037,0,0,0,81.3037948608398,0,53.1532516479492,0,0,64.2216796875,0,0,68.5292072296143,0,0,0,0,0,0,70.2520751953125,0,70.1925815235485,0,0,0,140.391557693481,0,0,0,0,125.80135345459,0
77.1769779750279,61.7532777120901,77.2152028018481,43.9420135827473,73.4653167724609,0,123.80989074707,73.5408941904704,99.4787050882975,67.0187709514911,104.697546958923,128.750134554776,120.108127593994,131.051460266113,80.7005128860474,100.977836608887,11.7706463749278,111.425867759575,0,110.974401300604,0,14.9189911047276,31.41993442277,12.6570471919477,29.1150648155887,105.390820503235,100.490814409758,29.3669243263679,28.221432572834,68.9374304498945,48.7619432765945,0,0,34.3390552997589,75.3868093396177,0,0,80.3469467163086,97.0184467860631,0,0,0,198.441787719727,0,0,86.5306091308594,0,0,0,0,0,7.43839869883236,183.896896362305,0,139.215454101562,0,8.78226064101994,55.5259306096875,22.9158101602626,51.0375817616781,0,0,66.1796006289395,68.8835582733154,0,65.7238345146179,0,0,0,82.3084077835083
97.8111832824276,54.8266673202407,32.2359845476898,58.0906601669197,150.129810333252,0,151.080116271973,95.954703027651,123.575914534311,125.065870040502,105.635364919469,59.3952708595049,134.151336669922,89.5987729697392,109.583877500162,144.04524230957,111.425867759575,10.2220064564624,54.9040595080009,19.8983944456521,0,49.7182913966499,86.9971203938067,20.2750093447929,122.996108114719,66.617182413737,33.366052489362,60.2782921602986,97.2126200503151,100.079186600905,67.8719472681355,99.9427070617676,180.495361328125,68.3994577407837,28.1860891112798,0,85.3673679351807,101.666135515485,66.5810071540601,0,0,0,154.56867980957,0,0,0,0,0,0,0,0,0,113.366570399358,124.383701324463,108.958042907715,0,0,90.1713485717773,137.885718209403,182.465667724609,88.7934150695801,106.538087754023,97.0166811139396,0,0,144.001327514648,0,0,0,125.96654510498
143.245414733887,70.4071262822007,74.6489704847336,77.796433694022,0,85.0106506347656,126.745864868164,145.510317166646,115.158285958426,137.672163391113,153.383193969727,19.0080836684169,162.613662719727,53.7573438318764,118.450975379165,0,0,54.9040595080009,6.66581231352817,13.9772989258356,178.348373413086,122.160471598307,111.586644340964,92.4960434829133,148.461573282878,48.2190164200803,25.5029974126839,66.6115080278816,136.725231565278,114.29217959673,122.079619463752,61.8681195576986,96.8467948219993,106.77156829834,57.8751818764174,0,105.053253173828,114.019233703613,85.0428695678711,0,0,0,0,0,0,0,98.5841133811257,0,90.0305404663086,0,0,0,133.219233194987,100.393775939941,111.543673197428,0,0,0,0,0,72.2088585662842,95.7922584533691,80.5684539552719,0,0,0,0,0,0,0
119.587434357288,46.5935932434711,57.3852039004025,53.920260263949,0,0,153.170692443848,123.24275409932,134.47839537121,118.631827277106,137.174326383151,16.7444997703479,0,57.0483104609236,128.080577055613,0,110.974401300604,19.8983944456521,13.9772989258356,7.61854205799558,0,79.4242300600619,92.9107507380044,64.2473506837308,130.604386102586,35.5140757203627,22.7270407552529,55.2437287961856,116.250886874729,117.887299658547,91.2101023687075,65.3425785064697,92.0529098510742,85.173034123012,40.2986304314287,0,82.0191879272461,117.368263244629,62.5475486197123,0,0,0,0,0,0,0,90.6963798522949,0,140.148380279541,0,0,0,126.289024353027,91.8891765049526,89.8435417175293,0,0,131.134357452393,0,0,62.8241731552851,88.9304790496826,76.3490385915719,0,0,0,0,0,0,105.765514373779
68.5634878249395,0,106.413269042969,86.3035135622378,10.167937235017,0,37.9950245260771,49.5627840088635,67.8489050896339,34.376688612832,14.8392875384965,139.540350232806,11.0333936086968,159.831298828125,95.5031801638396,79.4746258075421,0,0,178.348373413086,0,7.17144371984723,0,141.45911916097,162.292274475098,17.1568773058345,0,181.342472076416,211.876487731934,19.0886495189473,102.803365860862,0,0,134.090315246582,84.0851440429688,101.751416866596,146.311676025391,0,0,76.3953628540039,12.6561313118359,0,138.377212524414,130.700958251953,145.10326385498,85.5567226409912,140.782198905945,0,8.35164151026768,0,191.053695678711,108.208457946777,0,0,0,0,5.38520946854764,0,0,0,105.686175028483,0,0,0,124.745399093628,156.081497192383,0,0,0,0,156.395889282227
67.1144290500217,93.3447494506836,60.9244137926305,54.0316174164027,94.7991714477539,0,164.584655761719,54.8100531303276,95.1248867637233,69.3945256551107,67.5990580422538,110.626006879305,0,122.98278427124,76.9915974632142,0,14.9189911047276,49.7182913966499,122.160471598307,79.4242300600619,0,9.70216147293104,45.5712158175769,19.5541991094658,13.8188042443045,102.976574707031,95.0829536642804,57.9683180373505,16.5529636109418,54.3025032095007,21.219276740407,0,118.518951416016,39.4745379553901,38.4100807958343,141.770034790039,0,117.982330322266,77.5330285465016,0,0,0,0,151.830459594727,0,0,163.212646484375,0,0,0,0,122.255432128906,235.417327880859,0,0,0,0,73.1575456619263,106.57184431288,108.619678497314,0,0,123.237983703613,147.932591756185,159.876358032227,107.075736999512,0,0,155.325164794922,146.282135009766
62.5742138819908,25.6728261860632,46.5212822162499,27.3069875851967,77.7015546162923,0,99.0633674904152,60.5536073925208,94.5566678728376,12.4397279150285,96.1807776557075,107.235100542913,71.3765417734782,96.013418481925,84.3937801876584,74.2647692362467,31.41993442277,86.9971203938067,111.586644340964,92.9107507380044,141.45911916097,45.5712158175769,8.61218478373346,48.0013053188404,20.3378424074254,74.6062268895427,83.8820732344821,39.0661425219715,49.3939958257213,62.954274197776,47.1988627663248,120.077657699585,119.242008502667,49.168988311992,66.3607143033452,0,0,67.0686922073364,48.6369060754776,0,0,156.598861694336,114.00740814209,170.140625,38.0413513183594,131.598706563314,0,0,0,205.640213012695,106.730690002441,51.2166061401367,110.928176879883,0,0,124.660514831543,92.8777770996094,13.8180710574414,55.7928528255887,102.399082819621,95.8455295562744,134.823104858398,100.559565226237,141.045591566298,162.117904663086,0,0,0,0,0
81.8970459306744,71.2855735601381,20.0241575255295,48.7984162240272,103.874764760335,157.107711791992,116.675394961708,64.8559484586788,100.843031751431,119.94849395752,71.3211071784036,88.5915323194567,0,120.34238020579,85.4853094994734,0,12.6570471919477,20.2750093447929,92.4960434829133,64.2473506837308,162.292274475098,19.5541991094658,48.0013053188404,11.9438550176656,52.2301309765055,102.324922943115,62.5290111937037,31.6076755452967,33.2362023932108,83.4323869011241,37.6609747794658,123.633140563965,128.073406764439,52.1768663279216,36.6822035534473,201.616317749023,94.3380233764648,87.4566513061523,67.9080833088268,0,0,0,150.279357910156,179.059204101562,0,163.122680664062,0,0,0,0,0,21.0911906071198,116.79873085022,143.253387451172,145.642033894857,0,138.290859222412,55.7116519661166,95.4845912538726,156.249122619629,0,128.059791564941,106.103830649636,138.340607537164,0,181.710662841797,0,0,148.498245239258,103.731955210368
69.2798318686309,76.6156439208984,80.3776717873948,39.9194333618282,20.0528155070783,115.401561737061,82.6223084596212,46.6936644245677,77.6864610420499,16.7631242386393,41.6721852504801,142.062866740757,24.8455271005865,133.164421081543,88.1437292138571,38.4953697977086,29.1150648155887,122.996108114719,148.461573282878,130.604386102586,17.1568773058345,13.8188042443045,20.3378424074254,52.2301309765055,9.44509093699181,105.864811823918,113.190506715041,67.3869211144786,13.2255077603037,75.9993442608897,61.3181788028126,144.310760498047,126.171965232262,63.1812025909424,84.2733210101987,126.765012712621,0,171.489883422852,62.9297188114476,66.2106408653678,0,119.282715074944,102.514751919833,137.44885448381,59.6939891599259,105.498609615278,0,84.1749755541484,0,139.28271194458,68.3574235098703,111.033392164442,0,0,226.427734375,60.2247250464655,163.162109375,69.3063903643931,108.336522102356,64.9800573972167,0,188.367294311523,150.574792044503,96.7355134778636,133.913981628418,121.502234372226,0,0,114.38777923584,144.042756887583
182.646286010742,24.2969517001053,79.3137141333686,21.3770012993283,0,108.049217224121,0,129.181137084961,112.744601779514,103.221176935622,136.41174697876,31.5087985041277,148.339393615723,19.77118507267,112.675103505452,147.0390625,105.390820503235,66.617182413737,48.2190164200803,35.5140757203627,0,102.976574707031,74.6062268895427,102.324922943115,105.864811823918,11.0531866176563,35.5425015191731,31.9589529866126,125.357315063477,112.151837158203,129.69575718471,43.5735134921231,85.1244888305664,0,52.6583259767956,0,82.0256576538086,60.1646881103516,49.5162046332108,0,0,0,0,0,0,0,66.8254597981771,0,57.6525955200195,0,0,138.565505981445,0,92.0661783218384,78.1070194244385,0,0,0,0,245.926300048828,51.241473045902,75.3649334763036,66.8872622865619,242.225067138672,0,0,0,0,0,108.916198730469
120.148451071519,42.2477288809882,20.1044799100939,49.1249465695032,0,87.895378112793,122.735150655111,114.804633365149,133.562016667546,114.823883056641,128.952922415226,18.3137849675631,159.677978515625,21.8368560582742,118.664222943007,156.87328338623,100.490814409758,33.366052489362,25.5029974126839,22.7270407552529,181.342472076416,95.0829536642804,83.8820732344821,62.5290111937037,113.190506715041,35.5425015191731,10.7522528286855,20.7786102671574,92.7472836627205,121.066845079991,97.3618898860744,17.546938405635,98.6949803278996,107.900628407796,52.8455174917848,0,72.1230236933782,90.1080093383789,52.5734304238481,0,0,0,182.225082397461,0,0,0,86.4747498830159,0,85.4757867110403,0,0,0,100.131495952606,88.0453961690267,89.3508097330729,0,0,99.1205842759874,116.894947052002,194.627281188965,60.1734036242114,82.5221243465648,73.695354786325,0,0,162.145874023438,89.9532826741536,0,0,122.619375228882
119.978895722243,34.2971217997404,26.5372157236296,39.5521468212943,105.832626342773,144.562942504883,154.635683877128,103.603905687941,130.76054997598,102.576592833497,112.583116506601,53.8030952098919,151.345500946045,41.1310949765656,126.359080150874,131.856674194336,29.3669243263679,60.2782921602986,66.6115080278816,55.2437287961856,211.876487731934,57.9683180373505,39.0661425219715,31.6076755452967,67.3869211144786,31.9589529866126,20.7786102671574,12.7430221906382,67.9706970593944,117.520920212204,95.3012179640473,25.2918825594114,144.106139549842,104.98075896043,59.0137968578746,169.111442565918,79.5671007256759,85.1625194549561,53.3804704282411,174.981216430664,0,180.810241699219,152.708536783854,0,159.190902709961,170.402938842773,93.630022834329,0,99.4282984300093,173.666598510742,102.242874145508,160.258806864421,106.501013014052,101.773569555844,103.084504168967,0,112.496650695801,51.5367492762033,104.346858083466,150.175800323486,67.9554319417166,93.3365909845503,81.7546538944027,140.297270638602,155.366577148438,138.334276199341,95.661619013006,0,0,101.928124060998
58.0697716980626,93.1898278130425,54.3024672025821,51.9603871167025,10.635745231084,115.523465474447,71.2273120395581,21.3111440498775,71.1689683731429,41.8158401668705,17.0934016137013,130.575186388833,38.2279321262913,143.238916669573,79.2793027117229,68.0225081216721,28.221432572834,97.2126200503151,136.725231565278,116.250886874729,19.0886495189473,16.5529636109418,49.3939958257213,33.2362023932108,13.2255077603037,125.357315063477,92.7472836627205,67.9706970593944,9.60000830536507,57.4089179448398,25.2429666618506,168.952590942383,120.918850846724,31.061184174777,53.2549476208498,127.613540395101,0,145.272895812988,65.4672199271576,23.6813574916438,0,135.259736776352,106.839003185893,137.395168884941,86.4225163459778,117.67203822606,0,102.030327320099,0,139.466170709783,129.170660400391,126.799189431327,179.717315673828,0,148.314407348633,95.0907208794042,161.85112508138,71.060052734375,117.316224839952,86.4428153968439,0,0,131.314619064331,105.90285852904,142.749891281128,127.811357498169,0,177.059280395508,128.727234976632,152.552538996157
12.2082954053229,116.780704975128,100.907881380215,79.2094463924008,96.0698985049599,23.2954007762551,30.1632020699084,49.12217842193,37.6106556831425,85.329047106625,74.1696405392462,66.5785050416113,102.394934844971,96.1975655873617,23.5630468620643,52.6979017575582,68.9374304498945,100.079186600905,114.29217959673,117.887299658547,102.803365860862,54.3025032095007,62.954274197776,83.4323869011241,75.9993442608897,112.151837158203,121.066845079991,117.520920212204,57.4089179448398,9.53968765803262,20.6933819568685,111.479137420654,13.2547537992741,10.9596711011207,30.7108701559986,158.815998301787,0,132.30241394043,106.435238838196,150.945877075195,0,194.318494524275,158.051968710763,187.047175598145,154.584983825684,171.475374723736,0,0,0,185.553389231364,0,171.218622843424,213.072631835938,0,0,0,0,88.9028906388716,190.689926147461,144.731298174177,0,142.137809753418,138.589492797852,149.794584613957,174.853744506836,161.451522827148,0,0,160.570220947266,195.250009155273
25.1372917491034,108.185290527344,68.1248381639138,58.976013120133,76.9827919006348,101.378108978271,101.740351540702,14.0691345292599,71.756887586189,70.4840948486328,44.9103549412319,112.696947954703,122.181518554688,129.487631661551,50.3955534225377,63.0672149658203,48.7619432765945,67.8719472681355,122.079619463752,91.2101023687075,0,21.219276740407,47.1988627663248,37.6609747794658,61.3181788028126,129.69575718471,97.3618898860744,95.3012179640473,25.2429666618506,20.6933819568685,9.10433758031624,0,118.705692836217,24.2235730023014,34.2881548959891,145.77100944519,134.002212524414,135.675184249878,76.8115714788437,0,0,0,133.095697402954,182.006732177734,99.2016448974609,157.648325602214,0,0,0,158.270576477051,0,0,181.951560974121,0,0,0,0,72.5674511302601,117.407945905413,149.300175984701,0,0,145.25798034668,153.199938456217,160.721145629883,103.684513092041,0,0,0,0
0,71.4375683466593,89.6959564208984,68.7182100469416,0,0,0,0,135.516830444336,139.1155128479,0,16.986719274165,0,11.4701313167916,107.693901062012,0,0,99.9427070617676,61.8681195576986,65.3425785064697,0,0,120.077657699585,123.633140563965,144.310760498047,43.5735134921231,17.546938405635,25.2918825594114,168.952590942383,111.479137420654,0,3.99399604247167,0,0,71.3936557769775,0,0,0,0,0,0,0,0,0,0,0,0,0,0,0,0,0,0,104.945156097412,112.349060058594,0,0,0,0,0,76.0108089447021,92.1054382324219,92.9128360748291,0,0,0,0,0,0,0
74.1809220995222,96.4948425292969,175.162254333496,136.926817321777,136.448715209961,11.6775115605827,22.1372011216069,110.808182936448,20.4919368527046,123.469486781529,120.680542945862,60.6503969687003,100.767343139648,81.1298046112061,20.1386764656911,35.9592612078235,0,180.495361328125,96.8467948219993,92.0529098510742,134.090315246582,118.518951416016,119.242008502667,128.073406764439,126.171965232262,85.1244888305664,98.6949803278996,144.106139549842,120.918850846724,13.2547537992741,118.705692836217,0,5.81261558951984,73.6547630310059,34.3284845872637,0,0,0,146.450553894043,0,0,0,0,227.373489379883,0,228.334915161133,0,0,0,0,0,0,0,0,0,0,0,143.559494018555,219.633316040039,193.330108642578,114.681617736816,0,0,187.74197769165,0,0,0,0,0,0
15.3129293509892,99.9949442545573,80.7560414853303,62.2232123288241,0,66.5785293579102,90.7615032196045,32.2709625472485,75.6489344510165,67.2281564985003,78.6551007588704,137.497304643903,0,0,43.5344332781705,0,34.3390552997589,68.3994577407837,106.77156829834,85.173034123012,84.0851440429688,39.4745379553901,49.168988311992,52.1768663279216,63.1812025909424,0,107.900628407796,104.98075896043,31.061184174777,10.9596711011207,24.2235730023014,0,73.6547630310059,6.55467930093584,12.0426580753281,178.469401041667,0,0,72.09707959493,0,0,0,0,219.123550415039,0,153.429058074951,0,0,0,0,0,0,0,0,0,0,0,81.848908996582,0,143.380132039388,0,0,140.401489257812,120.330574035645,0,0,0,0,0,0
65.8294710456778,51.3108120173281,44.3532798719265,58.3213533825345,98.8993712715481,32.2032967028411,45.6942532216902,76.0618446935994,55.206835373362,99.4025326538086,90.2879432072149,26.6951121853419,99.1087288234545,51.8256222611767,42.4347435918802,40.3515259334019,75.3868093396177,28.1860891112798,57.8751818764174,40.2986304314287,101.751416866596,38.4100807958343,66.3607143033452,36.6822035534473,84.2733210101987,52.6583259767956,52.8455174917848,59.0137968578746,53.2549476208498,30.7108701559986,34.2881548959891,71.3936557769775,34.3284845872637,12.0426580753281,10.3037905128362,166.850143432617,72.8921527862549,96.1254685345818,69.1484105494115,107.151921590169,0,204.441017150879,151.68461151123,188.769313465465,0,169.158641815186,106.020629882812,0,105.57600402832,186.038694381714,0,189.089813232422,115.092539860652,122.302362442017,105.207997639974,0,116.486183166504,78.1374086707529,136.451045227051,151.825362735324,93.6469969315962,93.4713683128357,94.7044115253523,158.146937494693,193.419882202148,207.190284729004,0,0,170.013732910156,136.551640828451
155.885767618815,0,206.674835205078,120.769488525391,0,0,164.346858978271,140.465135657269,159.352866196051,131.41812286377,144.311286232688,216.544311523438,0,0,174.050509284524,188.153564453125,0,0,0,0,146.311676025391,141.770034790039,0,201.616317749023,126.765012712621,0,0,169.111442565918,127.613540395101,158.815998301787,145.77100944519,0,0,178.469401041667,166.850143432617,11.2847048850666,109.875190734863,108.804172506977,72.6109699647119,71.2785505211872,63.7966849009196,25.8357404658874,35.0459380514392,20.7645580889855,63.5557765960693,42.455617411607,136.58550974528,61.9639528447931,147.275044759115,10.3974218461797,26.0194224403018,59.0268761704608,120.274017022581,146.446131388346,135.747832725788,59.3078693085653,83.3800921213059,64.6324516859922,99.3196241387113,63.8035979901672,134.46484375,127.588458068389,121.012678988153,60.1464386139091,11.689870159431,17.5537559432123,155.414306640625,62.9473316192627,20.7302749437308,31.6613309113162
0,73.4072036743164,66.833381652832,22.6205081939697,0,0,0,132.291015625,0,113.130210876465,0,78.4402084350586,0,71.9522933959961,0,0,0,85.3673679351807,105.053253173828,82.0191879272461,0,0,0,94.3380233764648,0,82.0256576538086,72.1230236933782,79.5671007256759,0,0,134.002212524414,0,0,0,72.8921527862549,109.875190734863,6.882931008036,38.5854946315159,9.07932252963228,0,0,145.925510406494,105.425144619412,145.931599934896,69.9247480924012,171.252380371094,66.75751680798,0,54.7519974196253,109.718240591196,118.030364990234,66.0369442531041,50.6701396423783,71.6381349201444,53.9714952455897,0,71.7986626876028,18.8212686334882,61.609940382686,76.6969675336565,14.4588333038926,42.8232887270295,24.165157666336,85.0957300739904,116.204966953823,87.0548074231176,78.7955096318172,0,137.842849731445,53.2101334484629
191.426162719727,0,81.9807374373726,58.8995852470398,0,0,0,156.147644042969,142.066711425781,0,0,0,0,0,0,0,80.3469467163086,101.666135515485,114.019233703613,117.368263244629,0,117.982330322266,67.0686922073364,87.4566513061523,171.489883422852,60.1646881103516,90.1080093383789,85.1625194549561,145.272895812988,132.30241394043,135.675184249878,0,0,0,96.1254685345818,108.804172506977,38.5854946315159,11.5346752741302,32.1552907736607,148.467710494995,0,139.014958930738,93.0973182229435,126.252258153353,97.1420946121216,111.470081348908,80.6411887535682,179.197418212891,79.7045298326736,114.295236494616,141.573677062988,65.5674048594512,35.7482609095951,81.4714696497857,68.4475228908884,128.129653930664,70.6261386539047,29.4212917167272,19.1605209325846,94.377586730539,62.1181185041155,28.017220367018,34.4994591358285,62.7496385387346,121.105175246054,73.0980519344932,86.8404476768092,0,112.773358513327,64.777795366971
95.8663311004639,68.722286939621,50.0761948323322,19.5919005246389,69.7922063555036,131.472900390625,98.0437207221985,74.2026703778435,100.471872268185,46.0116458780625,78.890078699866,84.5149980691763,73.6429145812988,82.0032955805461,115.60161443857,72.5216884613037,97.0184467860631,66.5810071540601,85.0428695678711,62.5475486197123,76.3953628540039,77.5330285465016,48.6369060754776,67.9080833088268,62.9297188114476,49.5162046332108,52.5734304238481,53.3804704282411,65.4672199271576,106.435238838196,76.8115714788437,0,146.450553894043,72.09707959493,69.1484105494115,72.6109699647119,9.07932252963228,32.1552907736607,11.3246204371944,66.9717614310128,171.565612792969,77.0152118630605,49.8909080272666,78.6630714416504,21.687634697601,62.155624442265,61.4057386771016,46.7616604396275,42.082902967621,78.7919943090429,33.7966787276729,46.8267620153594,49.3756576689239,68.2975579382668,52.1085065685973,68.8986147244771,64.3694540023804,25.9984875352646,56.0169267411354,31.3787298773879,13.9485844480838,39.3500121339528,26.8708307618863,46.0219142085822,84.8796370029449,75.8050912850069,66.2015888690948,127.796630859375,59.0622831072126,54.208125954089
139.163696289062,151.678024291992,0,98.4268493652344,8.595912069576,0,96.5039571126302,103.612519582113,107.883370354062,83.0568385654026,43.6524736657739,238.343383789062,26.8744092413357,0,140.198165893555,0,0,0,0,0,12.6561313118359,0,0,0,66.2106408653678,0,0,174.981216430664,23.6813574916438,150.945877075195,0,0,0,0,107.151921590169,71.2785505211872,0,148.467710494995,66.9717614310128,7.68840726276211,137.263031005859,56.2313894729614,68.1467936245012,81.7564221635649,43.2741771966983,15.6880150992698,0,16.5983857694475,0,83.6321993870522,58.1868826059195,59.2007707868304,0,188.313690185547,185.049194335938,8.94693235304482,105.621658325195,97.2060618930393,96.250456237793,17.7432990140163,0,0,162.883018493652,13.2405787012623,87.1415179496588,84.061329977853,0,128.528228759766,82.4727523803711,91.1428524466122
0,0,0,0,0,0,0,0,0,0,0,0,0,0,0,0,0,0,0,0,0,0,0,0,0,0,0,0,0,0,0,0,0,0,0,63.7966849009196,0,0,171.565612792969,137.263031005859,7.53780457985207,9.85812685213032,94.4946105957031,14.3446163757828,110.291286468506,97.8552716573079,54.3088681962755,0,83.6475410461426,26.053429260598,14.1499203735629,153.311935424805,0,94.4015769958496,74.7518997192383,108.017203330994,0,92.5935287475586,129.555371602376,117.974179585775,0,0,104.95499420166,119.281599862235,21.4626216321776,0,0,10.0125861114351,0,30.6219103474771
0,0,193.587997436523,105.448486328125,83.7659238179525,0,194.211499023438,144.345236968994,185.794313870944,104.166376113892,154.848297812722,0,44.8561994934082,0,174.147735595703,0,0,0,0,0,138.377212524414,0,156.598861694336,0,119.282715074944,0,0,180.810241699219,135.259736776352,194.318494524275,0,0,0,0,204.441017150879,25.8357404658874,145.925510406494,139.014958930738,77.0152118630605,56.2313894729614,9.85812685213032,7.42103015446749,51.0218587539694,13.4295018552729,74.0598744835172,19.9912146004091,55.4385258483887,19.122326141389,0,23.0738617952321,11.2190534899201,90.4648640950521,168.773263931274,97.9206619262695,97.7209091186523,37.174748606545,91.4094543457031,90.6292446681431,129.278179369475,54.8134995562359,0,169.625155639648,138.342791470614,53.8869326805225,24.5875621268374,107.004656704989,0,13.2223847009601,76.3546157836914,51.3699549308845
158.636864295373,0,154.416427612305,98.1358957290649,98.9930392674037,0,147.433052062988,111.252878761291,138.776401219743,66.7589130401611,127.057481157019,206.482833862305,137.765735081264,218.187522888184,165.183451652527,81.3037948608398,198.441787719727,154.56867980957,0,0,130.700958251953,0,114.00740814209,150.279357910156,102.514751919833,0,182.225082397461,152.708536783854,106.839003185893,158.051968710763,133.095697402954,0,0,0,151.68461151123,35.0459380514392,105.425144619412,93.0973182229435,49.8909080272666,68.1467936245012,94.4946105957031,51.0218587539694,8.68217588332772,42.4511899390853,43.7452563101107,17.0711242199102,138.007890319824,46.4624728737297,149.674295425415,24.7964234285609,64.2200271503345,41.5335013482423,115.130818568638,152.458499526978,137.553741455078,63.8929529010125,63.1513201481587,49.8946517982105,76.9536992634969,40.6373925811746,134.891273498535,122.19664438465,103.203207324088,19.6074417368145,42.2832419405431,15.3166719005747,155.76513671875,99.4191447666713,48.4682979390101,70.6474773661296
166.931627546038,0,197.005035400391,103.092375013563,75.0940907796224,0,180.387090047201,150.709663225257,172.303118387858,102.002964019775,158.821741104126,227.250564575195,132.463273366292,0,179.772387913295,0,0,0,0,0,145.10326385498,151.830459594727,170.140625,179.059204101562,137.44885448381,0,0,0,137.395168884941,187.047175598145,182.006732177734,0,227.373489379883,219.123550415039,188.769313465465,20.7645580889855,145.931599934896,126.252258153353,78.6630714416504,81.7564221635649,14.3446163757828,13.4295018552729,42.4511899390853,7.3061149125183,78.665670282913,21.2887855934529,61.41912317276,48.4439956651824,108.190373556955,14.0220699876622,24.2983490022518,86.4557372199164,148.322959612001,125.115979512533,117.070739746094,67.8270987308387,103.335369586945,91.5170949852985,121.538717946699,75.5872882318776,0,153.030556615194,139.818399358679,70.7652825377153,23.0593637042261,101.959526505581,0,10.158379746076,74.1492017110189,39.3980919002015
157.334167480469,0,120.028511047363,40.6997871398926,89.1313095092773,0,163.523696899414,97.2811107635498,169.997283935547,41.6130964817145,82.8054504394531,0,49.7647132873535,0,227.612258911133,53.1532516479492,0,0,0,0,85.5567226409912,0,38.0413513183594,0,59.6939891599259,0,0,159.190902709961,86.4225163459778,154.584983825684,99.2016448974609,0,0,0,0,63.5557765960693,69.9247480924012,97.1420946121216,21.687634697601,43.2741771966983,110.291286468506,74.0598744835172,43.7452563101107,78.665670282913,7.07075353904477,63.3727793218965,113.103660583496,12.8086180563143,116.626197814941,75.1565258112821,11.9786330710417,34.7898320563046,115.410252888997,152.194526672363,109.218803405762,45.4752595424652,61.0461556039205,17.5542582839599,54.4788210156938,14.8000759614095,93.276346206665,125.048978805542,91.084452605829,41.0798014745874,77.0350243845294,55.5269323564925,0,123.801570892334,61.4090932573591,81.4534334716797
