11.3326631106054,128.817161560059,108.360492874594,72.5666194283889,83.8841973738237,93.5866317749023,85.9111002753763,32.3983200137981,42.7517894373696,77.9751508539373,60.0240787984879,126.485645417244,78.0128343582153,200.364776611328,12.5341102555589,108.213231658936,91.7304916381836,102.416940479187,146.346426137288,121.068921261742,78.7195664574118,72.0400579159076,72.5342866977056,90.6267943089235,75.7549740150931,114.928665161133,125.275448390416,125.056670656629,72.6823430834423,15.7042786387734,29.5789285530677,180.593856811523,82.9130619273466,37.6165211365955,70.2440643988285,135.842188517253,151.994567871094,213.84065246582,83.2972359376795,120.75012588501,0,201.865562438965,139.116737365723,179.813856506348,77.2627853393555,155.597274780273,0,0,0,166.534886286809,225.255966186523,0,168.229217529297,0,187.161697387695,133.74783706665,128.833717346191,92.8404793372521,177.486061096191,131.205184459686,0,0,185.256790161133,137.600977325439,168.68384636773,120.336898803711,0,0,138.812622070312,143.755783081055
128.817161560059,8.43091574980524,41.6435408168369,23.6204637882177,0,99.8272399902344,101.726837158203,124.745132099498,133.017333136664,65.5404300689697,149.623175048828,64.374855497609,107.647031995985,51.7696062177538,129.833008236355,103.78258228302,78.8263496891145,55.7344678061995,79.4632716908174,55.649495338759,143.524360656738,105.148265838623,25.6465003571659,68.1465366829273,78.676792638765,21.922240899268,43.6897063404939,35.3223490367591,115.279340744019,112.158653259277,108.359315370259,68.6682433234321,100.337417602539,108.484682355608,58.7189236904712,0,81.7160110473633,110.275266011556,67.2922876064594,0,0,0,138.911987304688,178.306259155273,101.172004699707,178.082143147786,129.928254445394,0,109.515727996826,208.034790039062,0,0,108.053447299533,116.55366973877,142.141286214193,0,0,136.535308837891,134.630294799805,118.219928741455,90.6952749399038,102.107561284846,98.2956419858066,196.857887268066,187.301254272461,0,106.70517985026,0,0,136.512924194336
108.360492874594,41.6435408168369,12.1913176781971,39.6217978242853,126.403957366943,167.794982910156,135.727738791365,89.4257077143513,118.785110565553,101.108214434455,107.481811102805,86.075129699707,141.783522288005,116.020065894494,115.066536605358,141.913603782654,84.9817337308611,37.2409377316134,82.0550776699133,68.2526399356602,135.517042977469,63.43422299714,49.8318637941704,27.0592570239844,100.978159831483,114.897832598005,32.6423123806311,35.1380126501661,82.5739722636783,116.570174230112,82.4501156063998,107.067900763618,169.089465550014,102.223016897837,62.2450806513195,169.349126180013,60.8660710970561,87.7308049920487,58.3957656076021,181.865982055664,0,0,160.603945193083,191.022921970912,126.338124084473,154.472854614258,120.150634765625,192.963638305664,0,182.515916304155,0,115.635547637939,112.661626479205,136.451503753662,132.958360399519,171.445037841797,136.408772982084,65.3039067929929,102.861652170817,173.562926072341,136.075042724609,110.807608911547,91.3053680104223,164.748467878862,183.38479953342,155.903642654419,0,0,0,114.050194634332
72.5666194283889,23.6204637882177,39.6217978242853,18.6631402169626,69.5011320568266,119.671840667725,89.9722190729067,62.9184657685897,85.6780296023801,20.2663217845716,81.8503341503742,75.3709741592407,62.5786394391741,57.6352971506699,90.5738797626123,69.0666342039366,44.3830893497593,61.4714868329737,86.3430292510986,61.1203262687388,78.5845708539409,65.1154249770131,28.2383089849684,55.2537093088608,40.5361172915962,24.0736832747857,46.8623522167978,41.5841659063243,60.4671839780586,77.3650290252966,67.6448327705042,84.2441707187229,137.777214050293,67.6593595464179,71.7681945996646,115.561845952814,25.6990004211176,54.352661980523,10.5416342437799,91.8489240010579,0,119.623723983765,89.3700178897742,111.273231082492,18.6698929922921,119.919017155965,0,166.575973510742,144.594090779622,118.136886333597,92.0003204345703,64.9678922891617,77.2520760245945,0,62.2933095296224,137.589996337891,97.0066795349121,7.76336319016335,58.7935306304092,70.8594872029622,79.892485777537,65.900090717134,57.5301442290797,72.6799811522166,105.629079182943,74.2917054748535,125.031379699707,171.402145385742,104.072780609131,94.5336282903498
83.8841973738237,0,126.403957366943,69.5011320568266,10.2213163724429,125.01636505127,68.6926705367922,45.5974209932443,85.8678488287482,50.4626464067002,23.610115028251,157.200271606445,23.9489643349722,185.154106140137,95.4359903602957,65.2279226457751,106.630832672119,162.00121307373,0,0,10.4519014169155,94.9849970890925,85.3259010314941,127.259198869978,19.0696730901164,0,148.078311573375,145.828603661579,14.9138786264986,90.8108501985583,103.743529183524,0,129.165998458862,83.9491863250732,105.518863766692,113.612281036377,0,138.17767791748,95.5169876098633,10.1963138859564,0,94.0848067434211,113.421886726662,112.635178643304,83.5567945133556,68.9351999863334,0,30.590186096574,0,107.879747663225,93.6567169189453,0,163.598846435547,0,0,14.2435677004415,0,140.335037231445,150.333925519671,79.1547787273349,0,0,173.658665974935,53.8452096780141,118.527718226115,169.174728393555,239.41731262207,0,84.1269607543945,117.646659157493
93.5866317749023,99.8272399902344,167.794982910156,119.671840667725,125.01636505127,6.5805386578492,7.56398750577424,117.779399671053,16.8087733423954,73.592232131958,116.861358642578,58.1961321676931,124.685864766439,76.8812885284424,25.2227112919148,14.0226830964406,0,197.916091918945,95.9705098470052,114.929092407227,122.277860005697,136.572387695312,164.75032043457,159.666920471191,101.832896868388,68.9890213012695,103.794565200806,140.54460228814,131.842188358307,24.4415512395099,111.008953094482,101.012798309326,10.4062902613775,0,37.1149917988295,0,0,0,130.371620178223,0,0,223.524719238281,0,212.833877563477,0,0,0,0,0,0,205.481887817383,0,0,0,0,0,0,0,200.874969482422,178.444061279297,0,0,230.600189208984,183.231775919596,0,0,0,0,0,0
85.9111002753763,101.726837158203,135.727738791365,89.9722190729067,68.6926705367922,7.56398750577424,9.97133338666534,59.9496160190177,19.3111562257129,78.4325015906132,30.1089205049286,78.3808302802009,20.2879796728642,97.7829659779866,24.676409074535,10.7691399412242,121.277912139893,162.284946511009,148.97993850708,164.991962687174,43.2596528252727,112.723603004633,107.471985743596,128.432791213989,81.1901085176947,92.2629547119141,149.971861183097,155.395212288362,69.0850688298889,44.5324588320693,108.08259135655,0,24.4059529703209,106.174772089178,59.3020926456825,166.149341583252,0,216.957572937012,121.064958460191,138.51879085194,238.526138305664,173.232649369673,154.920489356631,176.845324796789,111.014112684462,154.068285028985,0,105.80294084549,0,185.502892812093,0,162.303588867188,0,0,190.669570922852,129.221203358968,143.239685058594,150.397132873535,191.020083618164,130.14882572995,0,148.293045043945,201.159229278564,147.487305914337,181.115123973173,162.91678912823,0,0,0,196.869847106934
32.3983200137981,124.745132099498,89.4257077143513,62.9184657685897,45.5974209932443,117.779399671053,59.9496160190177,10.7074952867853,52.1485980071765,58.9270504930284,16.9514743813422,146.244833909828,49.0699655970589,164.983171735491,34.0409195786513,85.5997689043889,99.2603217385032,103.619738228977,151.465225736974,131.961283890242,47.7209823019553,60.9141165935988,75.463211347472,73.4208177637932,60.3427335357666,186.942474365234,123.790731340114,109.837127138599,30.6194698532622,57.3322555086427,20.7150799159598,175.613456726074,123.281999715169,68.0512443108134,88.4407995236096,142.249530689136,141.674278259277,170.540653991699,79.2425087520054,105.670743942261,0,154.558221340179,125.659805085924,157.156821916688,82.0402717590332,138.617507240989,215.513961791992,197.918403625488,0,156.155723965045,150.384590148926,130.827476501465,202.593667602539,0,191.886428833008,77.8339301518032,158.182300567627,106.180918940791,158.06537882487,115.337131023407,234.06982421875,212.742191314697,163.224630228678,119.408938495002,146.654086642795,131.991795221965,0,197.050476074219,137.967561267671,149.307139132885
42.7517894373696,133.017333136664,118.785110565553,85.6780296023801,85.8678488287482,16.8087733423954,19.3111562257129,52.1485980071765,10.4786316168983,86.4547501465665,31.469051244264,81.4710376459524,60.422419223264,100.558287620544,14.8226878482288,31.6569986343384,132.554742986506,136.684841165863,135.504404441598,141.861794806146,74.1961288452148,104.737432988991,100.619525160108,111.941219878,89.753516910522,94.5121013096401,147.484334510555,138.248729432304,76.5764649164367,37.2707264771248,79.9546354698196,141.53200785319,18.3287966489709,100.707067402926,64.7529610544759,159.524777499112,192.847310384115,202.578880310059,109.667022554001,131.688545772008,223.655639648438,174.014406840007,145.673593730311,178.753408921503,122.988822937012,162.934059143066,217.969520568848,121.849721908569,137.612167358398,176.81021725815,0,149.590794563293,201.773681640625,159.394638061523,210.155883789062,121.830645561218,168.577176411947,139.592801775251,178.466661626642,136.28951613371,0,238.162887573242,187.303547363281,147.460866945599,173.627871586726,161.603987884521,0,0,160.476599557059,174.46851348877
77.9751508539373,65.5404300689697,101.108214434455,20.2663217845716,50.4626464067002,73.592232131958,78.4325015906132,58.9270504930284,86.4547501465665,8.58298162980802,68.7977714001293,131.785777435303,10.9940444374623,122.294233621335,89.7712547798467,26.2642262419193,60.3429895216419,126.260645839146,148.371083068848,136.722153218587,40.7799887692487,99.7032039348896,19.8673651059949,125.633382858769,21.8492496920824,107.150614876583,123.513293480688,112.994695962899,53.8512572708041,80.7087546693327,78.8547273451282,154.730473836263,129.120023091634,68.6594930376325,115.330589818954,151.342514038086,0,132.769912719727,32.2733777270598,89.1813016619001,0,88.2839393615723,99.619402885437,152.47448348999,21.7013214088622,101.28387571636,136.772674560547,21.7141925692558,187.67414855957,127.00349521637,49.9152183532715,0,223.04216003418,0,0,84.428858757019,196.006439208984,97.4465492248535,190.305450439453,63.7377311043117,155.054153442383,190.614219665527,166.255438995361,101.280597019196,109.400596618652,58.5770568847656,0,0,64.0167541503906,0
60.0240787984879,149.623175048828,107.481811102805,81.8503341503742,23.610115028251,116.861358642578,30.1089205049286,16.9514743813422,31.469051244264,68.7977714001293,11.0289848505873,149.510491689046,24.3474760784006,174.908828735352,44.0906699379443,71.8621408354561,129.881079779731,128.847114086151,170.419121742249,160.11699948992,14.4408727787986,85.3383990779068,105.241518540816,91.7843833520467,59.3232049416242,168.973838806152,145.425291776657,131.797085035716,25.9869501655758,87.8375170123015,64.6928822103173,179.72200012207,127.236065584071,90.1790913668546,99.6689013719559,160.420451572963,204.353271484375,219.366973876953,99.4593673944473,55.7672787879904,0,155.924307823181,139.407803574654,172.847889709473,94.1445236206055,143.26028093302,0,83.1012647075038,0,183.864061628069,130.751411437988,136.029846191406,0,0,182.803695678711,14.3030201353011,174.821323394775,131.721640586853,179.040580749512,107.855564335237,0,0,202.515896606445,137.396558704738,178.509182269757,165.745520455497,0,209.170745849609,153.716491699219,172.54733581543
126.485645417244,64.374855497609,86.075129699707,75.3709741592407,157.200271606445,58.1961321676931,78.3808302802009,146.244833909828,81.4710376459524,131.785777435303,149.510491689046,12.3161032439645,155.057546175443,13.2904619542723,78.848180770874,162.181655883789,134.628437995911,57.677542870335,19.7218671322287,22.8633586103221,153.765647888184,122.814705579709,105.200830621234,96.4088737724363,149.190424026981,34.7041047389549,24.8462343042662,57.2416994411673,154.396896362305,67.0816561356756,113.748647557627,30.2185673623975,63.3340381823088,115.385650634766,33.9510346937602,0,92.5344652448382,159.45778910319,80.341349528386,0,0,0,223.860954284668,235.969573974609,168.560752868652,0,92.6160070631239,0,85.5586688154835,213.684204101562,0,169.904983520508,136.014515686035,96.7387448628744,113.197198694403,0,136.338607788086,0,163.972891235352,210.436153411865,71.8104094988034,101.013129019522,100.194447898865,201.087468465169,239.911193847656,203.967216491699,93.7370939254761,0,0,116.222300211589
78.0128343582153,107.647031995985,141.783522288005,62.5786394391741,23.9489643349722,124.685864766439,20.2879796728642,49.0699655970589,60.422419223264,10.9940444374623,24.3474760784006,155.057546175443,9.26785706860626,158.328554425921,94.2944284270081,18.4562360252722,128.268216451009,153.622441609701,196.425247192383,195.250366210938,12.4527105737897,133.337207249233,72.0016255234227,153.584692001343,26.976185799288,151.214485168457,156.918952941895,157.626310779202,47.0738649616695,104.933007942614,111.902031792535,203.179992675781,121.633157730103,89.6639919281006,109.311977288662,166.509618123372,0,0,75.7067362467448,20.5355435289655,0,105.609247107255,127.180568695068,116.967783610026,71.2019732931386,100.486616380753,0,8.94289529291446,0,184.851451873779,71.8741226196289,0,0,0,0,10.6452115393033,0,89.712646484375,0,100.723056197166,0,0,0,132.285779635111,173.318252563477,0,0,0,0,85.4330139160156
200.364776611328,51.7696062177538,116.020065894494,57.6352971506699,185.154106140137,76.8812885284424,97.7829659779866,164.983171735491,100.558287620544,122.294233621335,174.908828735352,13.2904619542723,158.328554425921,9.10974977817406,84.5585046163419,155.502485275269,125.960127258301,99.5001918368869,52.736625901584,66.9675195801933,0,124.406869888306,93.5857966948427,147.023053741455,139.558156107808,18.7312691318099,28.4351080110766,37.6796293403016,160.619927978516,72.23334266044,135.668699264526,7.92044736142178,78.5256612677323,156.395503997803,63.2316746825264,0,99.6605026245117,137.933670043945,76.6866055727005,0,0,0,219.355178833008,0,181.329772949219,184.08674621582,86.4008394877116,0,74.5783781433105,0,0,0,138.165286254883,100.202141981858,101.559212207794,0,0,0,0,198.786918640137,65.722456973532,92.6103114252505,92.1483922805229,228.046607971191,0,0,90.0105296543666,0,0,190.001174926758
12.5341102555589,129.833008236355,115.066536605358,90.5738797626123,95.4359903602957,25.2227112919148,24.676409074535,34.0409195786513,14.8226878482288,89.7712547798467,44.0906699379443,78.848180770874,94.2944284270081,84.5585046163419,8.39858961468983,56.5235793828964,116.30900775685,117.933612086073,114.314083175659,127.013788527337,93.1556877489911,91.522683695743,90.2955113695813,104.194797580939,95.5543323305983,97.6072284991925,133.300149959988,134.540704385558,88.2164690867509,14.9118856859036,56.4276617641187,111.917910257975,16.1883042343922,68.7994000268361,51.8375147145956,164.119123186384,180.895483398438,147.654495239258,104.312482676787,105.040925343831,222.038833618164,183.48469543457,153.660286039465,185.947773933411,106.289971487863,177.843975067139,0,0,0,175.631690081428,0,157.551404953003,215.413004557292,150.585525512695,193.336265563965,122.746912275042,154.04519144694,127.091084932026,191.874198065864,144.056338477681,146.52140045166,180.35018157959,180.031584813045,151.723953970547,173.863287862142,161.589917109563,0,203.930145263672,168.171624319894,184.846021478826
108.213231658936,103.78258228302,141.913603782654,69.0666342039366,65.2279226457751,14.0226830964406,10.7691399412242,85.5997689043889,31.6569986343384,26.2642262419193,71.8621408354561,162.181655883789,18.4562360252722,155.502485275269,56.5235793828964,7.91320825141409,118.975610733032,160.520693097796,0,146.00186920166,53.9025858419913,104.477909088135,70.2784287199682,151.336868286133,39.3573285766126,145.763008965386,160.210227966309,143.1539478302,75.3288458630555,100.975682576497,113.079419453939,164.793685913086,36.6848718501903,109.041580200195,113.602532704671,0,0,0,0,84.0946388244629,0,201.067481994629,0,0,53.6926174163818,130.774782180786,0,39.0883522033691,211.370468139648,176.72883605957,0,0,166.120635986328,0,0,97.6328163146973,0,0,0,110.110425246389,0,218.740020751953,227.419830322266,142.528899298774,0,0,0,0,0,195.907897949219
91.7304916381836,78.8263496891145,84.9817337308611,44.3830893497593,106.630832672119,0,121.277912139893,99.2603217385032,132.554742986506,60.3429895216419,129.881079779731,134.628437995911,128.268216451009,125.960127258301,116.30900775685,118.975610733032,14.3494255386682,110.16995414855,139.477386474609,123.749243600028,120.723037719727,25.1456941582869,31.3626384079926,19.4263615994837,33.3299985246426,0,113.917070388794,31.9548487126198,44.7217614229988,101.035408097871,63.5586420772711,0,0,58.5735127585275,82.4273753285835,142.761154174805,115.268257141113,108.814668382917,59.0813609531948,0,0,0,149.854419708252,188.726684570312,90.1273015340169,122.933891296387,193.887222290039,0,0,208.877429962158,0,94.5431261835871,130.220302581787,0,144.941677093506,0,116.700038274129,52.804074633438,99.6365023841543,130.801510810852,0,133.374000549316,99.7716443025613,124.865589141846,0,103.685913085938,182.315231323242,0,0,131.56023311615
102.416940479187,55.7344678061995,37.2409377316134,61.4714868329737,162.00121307373,197.916091918945,162.284946511009,103.619738228977,136.684841165863,126.260645839146,128.847114086151,57.677542870335,153.622441609701,99.5001918368869,117.933612086073,160.520693097796,110.16995414855,10.6569092429263,56.757051710698,22.1049984714867,172.494041442871,68.1226686622188,86.9602031768701,28.4787233559939,129.531687390045,85.6417253743047,42.6444978047623,67.4402515269886,124.150200543418,104.45926138911,77.4722146326059,103.589641571045,187.876435343424,104.256378364563,38.8881990586819,169.077171325684,84.6867686232475,112.091857486301,70.6460149330005,0,0,225.806655883789,177.70866394043,223.344874064128,121.930152893066,244.816467285156,136.410807800293,0,120.757431030273,202.031097412109,0,149.448234558105,117.487488041753,133.242468516032,125.907145331888,0,160.477279663086,107.565491124203,133.514791942778,178.105422973633,94.6396346459022,110.408238316441,107.194837006279,204.917650495257,0,145.63650894165,0,0,0,125.411574730506
146.346426137288,79.4632716908174,82.0550776699133,86.3430292510986,0,95.9705098470052,148.97993850708,151.465225736974,135.504404441598,148.371083068848,170.419121742249,19.7218671322287,196.425247192383,52.736625901584,114.314083175659,0,139.477386474609,56.757051710698,7.61952514159556,17.3712259901705,180.023315429688,125.481442981296,120.318010542128,101.548608341436,164.853389316135,48.6496015771643,29.8169035806191,70.3494481429076,167.972618865967,103.331759550861,133.188033537431,56.5585119043078,102.732409667969,105.151100158691,63.0148364520935,0,114.629943847656,169.932327270508,100.381257193429,0,0,0,220.260772705078,0,194.558120727539,0,96.009089383212,0,90.3278738021851,0,0,0,143.201624189104,102.142230170114,110.302066802979,0,0,0,165.073486328125,0,74.6814716657003,100.140253468564,97.7142996853345,208.859512329102,0,164.423919677734,104.396662030901,0,0,145.141876220703
121.068921261742,55.649495338759,68.2526399356602,61.1203262687388,0,114.929092407227,164.991962687174,131.961283890242,141.861794806146,136.722153218587,160.11699948992,22.8633586103221,195.250366210938,66.9675195801933,127.013788527337,146.00186920166,123.749243600028,22.1049984714867,17.3712259901705,10.4385929685812,161.982269287109,101.699044336591,99.725150346756,71.9708813868071,148.573394298553,49.5165961215371,27.6060561059347,67.5314555803303,149.444678688049,110.227316851173,101.64093609576,66.0881431803984,107.786598205566,111.288840611776,42.9152059443382,0,84.2823484420776,107.744747416178,65.8590945983201,0,0,0,219.410766601562,0,217.123764038086,0,97.9978733062744,0,96.4285873413086,0,0,158.707801818848,120.129930114746,102.534726576372,103.388203430176,0,144.277431488037,122.770042419434,157.457454681396,0,66.5507022539775,98.1790686166415,97.5079680377173,0,217.334930419922,177.788101196289,105.733918762207,0,0,138.685747782389
78.7195664574118,143.524360656738,135.517042977469,78.5845708539409,10.4519014169155,122.277860005697,43.2596528252727,47.7209823019553,74.1961288452148,40.7799887692487,14.4408727787986,153.765647888184,12.4527105737897,0,93.1556877489911,53.9025858419913,120.723037719727,172.494041442871,180.023315429688,161.982269287109,8.9641496903201,117.558826446533,95.3083735874721,157.11137008667,14.1490076967529,0,159.934108734131,140.028205178001,28.7099768793985,93.7752009532491,135.979229736328,0,138.174499511719,84.3447418212891,99.7858007521856,0,0,0,98.2625274658203,13.7249409660958,0,157.251582336426,139.429733276367,177.789803641183,88.5978162765503,143.680189835398,0,12.928296601168,0,157.812194824219,0,169.91862487793,0,0,0,7.22068547076933,0,132.742736816406,0,100.808157348633,0,0,187.503005981445,134.57258439064,178.647537231445,187.268981933594,0,195.660354614258,0,0
72.0400579159076,105.148265838623,63.43422299714,65.1154249770131,94.9849970890925,136.572387695312,112.723603004633,60.9141165935988,104.737432988991,99.7032039348896,85.3383990779068,122.814705579709,133.337207249233,124.406869888306,91.522683695743,104.477909088135,25.1456941582869,68.1226686622188,125.481442981296,101.699044336591,117.558826446533,12.4668014114916,51.8325409638055,30.1924970281584,29.9600086922948,132.526163101196,110.354949647615,74.0285350483126,26.8827670444246,64.4292569411428,26.3200303688473,150.94095916748,142.632207234701,57.847611213798,45.3078909241909,160.509799957275,143.227015177409,131.96660563151,79.2520334212506,0,0,188.910659790039,134.187779998779,185.365165710449,78.9254249572754,181.228759765625,0,0,0,145.275853474935,0,109.854066576277,163.688613891602,179.164855957031,186.286041259766,0,115.03859162942,69.289574991061,116.079715785696,129.527154402299,0,160.41837310791,145.946647437843,122.7846853322,145.832860310872,113.516053592457,0,0,102.530329386393,118.313732692174
72.5342866977056,25.6465003571659,49.8318637941704,28.2383089849684,85.3259010314941,164.75032043457,107.471985743596,75.463211347472,100.619525160108,19.8673651059949,105.241518540816,105.200830621234,72.0016255234227,93.5857966948427,90.2955113695813,70.2784287199682,31.3626384079926,86.9602031768701,120.318010542128,99.725150346756,95.3083735874721,51.8325409638055,8.81970803249306,50.4729097729485,28.058245331655,72.0817271093043,89.474462000529,42.6611938126166,61.6963830749374,75.3298270154198,55.7040482221671,103.583963871002,145.030130386353,52.4206251082882,71.4388755286411,142.549893697103,95.9734283447266,90.9921907278208,36.3995500292097,129.708221435547,0,197.778925577799,139.926996612549,160.876064300537,16.2091480663845,155.442807515462,0,0,126.408683776855,166.602227783203,0,94.08283106486,124.795961380005,148.18822479248,110.261192321777,0,63.6423454284668,14.1269076783121,76.4480554262797,113.880189308753,124.012776692708,130.210048675537,92.3393476054353,126.897537818322,136.937656402588,88.9688462151422,163.208023071289,0,77.7590408325195,149.65887260437
90.6267943089235,68.1465366829273,27.0592570239844,55.2537093088608,127.259198869978,159.666920471191,128.432791213989,73.4208177637932,111.941219878,125.633382858769,91.7843833520467,96.4088737724363,153.584692001343,147.023053741455,104.194797580939,151.336868286133,19.4263615994837,28.4787233559939,101.548608341436,71.9708813868071,157.11137008667,30.1924970281584,50.4729097729485,15.969813277784,75.6377344874926,113.737795766195,72.8369405327138,42.6179379765411,52.6181091160234,91.6244673520643,51.0411011788233,127.432992414995,167.956324768066,69.8724767185698,44.7025305684002,162.068984985352,90.4253461020333,98.749408380772,66.7363338765714,0,0,244.25993347168,155.21402463046,189.223499073702,98.1208095550537,183.66280909947,161.078881835937,0,0,189.234321594238,0,99.1767580186999,128.001230973464,212.05403137207,145.963906721635,0,122.704843000932,61.1111118043659,103.569888503928,138.514451980591,145.089729309082,140.785968356662,101.809689045608,152.297613854502,158.374064445496,143.620901925223,0,0,120.386402130127,126.676597008338
75.7549740150931,78.676792638765,100.978159831483,40.5361172915962,19.0696730901164,101.832896868388,81.1901085176947,60.3427335357666,89.753516910522,21.8492496920824,59.3232049416242,149.190424026981,26.976185799288,139.558156107808,95.5543323305983,39.3573285766126,33.3299985246426,129.531687390045,164.853389316135,148.573394298553,14.1490076967529,29.9600086922948,28.058245331655,75.6377344874926,11.718048093224,120.158711173318,130.014959129029,84.0723072779404,19.0243822200889,78.6851876784607,73.1192888921134,148.829301834106,129.457221291282,70.7843243856458,96.2640572754343,131.788544089107,136.054861068726,157.524335114852,65.6483620050262,107.812962745798,177.213134765625,138.167557705654,115.540356595751,146.792745939724,61.0080374220143,118.00555702492,200.338508605957,118.213051291073,0,143.218187705758,89.9083680046929,115.530849774679,192.41563873291,0,225.118591308594,101.312738948398,122.291834513346,76.0840941111247,137.846657268818,87.7511517438588,150.388956705729,197.237579345703,152.932002796846,110.045360695098,137.129344422938,118.582588795866,0,200.247108459473,119.832168579102,140.684633230234
114.928665161133,21.922240899268,114.897832598005,24.0736832747857,0,68.9890213012695,92.2629547119141,186.942474365234,94.5121013096401,107.150614876583,168.973838806152,34.7041047389549,151.214485168457,18.7312691318099,97.6072284991925,145.763008965386,0,85.6417253743047,48.6496015771643,49.5165961215371,0,132.526163101196,72.0817271093043,113.737795766195,120.158711173318,9.78834335028458,42.1407130441236,30.3722275642316,141.962635040283,93.118145942688,127.592643737793,48.3359756784991,80.8438701629639,157.755096435547,64.2255737998269,0,70.5246887207031,125.210208892822,13.3824587271368,0,0,0,0,0,125.125831604004,0,62.3226842013272,0,32.6584255311547,0,0,0,107.98738861084,81.9672256469727,64.667241414388,0,0,127.708478291829,221.48225402832,176.676116943359,24.8948341250773,74.9739450396913,65.5841098415608,0,115.194023132324,0,74.4376747824929,0,0,0
125.275448390416,43.6897063404939,32.6423123806311,46.8623522167978,148.078311573375,103.794565200806,149.971861183097,123.790731340114,147.484334510555,123.513293480688,145.425291776657,24.8462343042662,156.918952941895,28.4351080110766,133.300149959988,160.210227966309,113.917070388794,42.6444978047623,29.8169035806191,27.6060561059347,159.934108734131,110.354949647615,89.474462000529,72.8369405327138,130.014959129029,42.1407130441236,15.107732825495,36.1282715161085,125.063858404825,117.919222645093,113.437727431056,16.4071122784956,119.840123176575,127.089492210975,59.0924118314243,161.532348632812,76.9863226548681,104.127776219295,55.0331753817472,0,0,0,210.243310546875,186.813232421875,157.643838500977,238.21711730957,97.6607952365627,246.002014160156,84.5528747157047,151.742149353027,0,169.244094848633,107.590731067192,97.833468132019,97.130202523905,189.498199462891,163.650133132935,132.379492623465,143.200925744098,188.46487681071,64.1849790922911,89.6146493179582,88.0374167544768,199.280689493815,227.501686096191,150.594108581543,96.7257745596079,0,0,114.596105984279
125.056670656629,35.3223490367591,35.1380126501661,41.5841659063243,145.828603661579,140.54460228814,155.395212288362,109.837127138599,138.248729432304,112.994695962899,131.797085035716,57.2416994411673,157.626310779202,37.6796293403016,134.540704385558,143.1539478302,31.9548487126198,67.4402515269886,70.3494481429076,67.5314555803303,140.028205178001,74.0285350483126,42.6611938126166,42.6179379765411,84.0723072779404,30.3722275642316,36.1282715161085,17.1832482218165,80.6057217329958,121.615577926395,104.854326473855,34.3045050329862,139.563972819935,111.741403516134,69.7949800484016,164.545127020942,78.2614821977513,92.8013778970849,56.3694612682869,218.257331848145,0,190.263282775879,153.004502383145,178.939476928711,172.795523071289,196.8592487682,103.624488358645,220.719390869141,91.8484987845788,177.839799245199,0,107.177192161823,113.284329801617,105.011010394833,108.423715023284,0,139.235078231148,60.8798305673556,102.007932516245,161.941080266779,71.0972547923049,97.0733632213502,92.9810446518075,162.839624701606,180.113761901855,154.840468911564,108.675799369812,0,127.212646484375,117.95234377422
72.6823430834423,115.279340744019,82.5739722636783,60.4671839780586,14.9138786264986,131.842188358307,69.0850688298889,30.6194698532622,76.5764649164367,53.8512572708041,25.9869501655758,154.396896362305,47.0738649616695,160.619927978516,88.2164690867509,75.3288458630555,44.7217614229988,124.150200543418,167.972618865967,149.444678688049,28.7099768793985,26.8827670444246,61.6963830749374,52.6181091160234,19.0243822200889,141.962635040283,125.063858404825,80.6057217329958,11.7491929043572,75.9528458851845,33.2438869415646,160.102250840929,136.405968375828,60.2668201540447,72.1718864219501,139.245700387394,155.135147094727,157.451134272984,74.8505835750987,44.6795585140105,192.086944580078,145.565428658818,120.53194611648,152.856473469602,83.9369482017425,136.660710144043,205.187976837158,125.230853186713,238.509742736816,150.767062447288,141.77725315094,122.18113381522,188.146924972534,0,0,66.0684245632541,136.552390705455,82.5715702176094,146.49597568512,104.912769049256,0,0,150.932548924496,121.162585810611,149.10312686247,123.276871840159,0,204.459861755371,126.887754058838,147.970936009141
15.7042786387734,112.158653259277,116.570174230112,77.3650290252966,90.8108501985583,24.4415512395099,44.5324588320693,57.3322555086427,37.2707264771248,80.7087546693327,87.8375170123015,67.0816561356756,104.933007942614,72.23334266044,14.9118856859036,100.975682576497,101.035408097871,104.45926138911,103.331759550861,110.227316851173,93.7752009532491,64.4292569411428,75.3298270154198,91.6244673520643,78.6851876784607,93.118145942688,117.919222645093,121.615577926395,75.9528458851845,9.16907882413839,26.8250921192498,112.422948564802,7.17490728652036,12.543291279244,38.6727857937509,171.148943481445,154.326756795247,154.166842142741,88.4052918297904,160.906478881836,0,178.593073918269,148.252534404554,180.395628072448,81.0497338555076,166.64402961731,0,0,160.808227539062,177.585392734461,162.472732543945,143.145465305873,177.936650594076,0,159.663736979167,182.333084106445,123.080619812012,82.1861138116746,172.717044067383,137.735736202186,0,161.899179585775,171.403968517597,142.758227820869,150.489625083076,137.788604736328,0,0,143.788014003209,165.814907618931
29.5789285530677,108.359315370259,82.4501156063998,67.6448327705042,103.743529183524,111.008953094482,108.08259135655,20.7150799159598,79.9546354698196,78.8547273451282,64.6928822103173,113.748647557627,111.902031792535,135.668699264526,56.4276617641187,113.079419453939,63.5586420772711,77.4722146326059,133.188033537431,101.64093609576,135.979229736328,26.3200303688473,55.7040482221671,51.0411011788233,73.1192888921134,127.592643737793,113.437727431056,104.854326473855,33.2438869415646,26.8250921192498,10.1410458011505,160.226104736328,124.357776641846,37.3050463585823,39.4926044654171,129.102104187012,139.658546447754,165.999100579156,80.2414826447109,179.273391723633,0,163.339538574219,130.277931876805,174.510118484497,75.8191815889799,154.169138590495,0,0,0,152.371229383681,0,119.052870614188,155.902796427409,0,179.601753234863,0,117.390788170599,72.6532158374786,120.512589045933,129.11931403478,0,158.94849395752,152.565100236373,133.147881388664,132.951564788818,115.826437541417,0,0,132.908721923828,128.232791355678
180.593856811523,68.6682433234321,107.067900763618,84.2441707187229,0,101.012798309326,0,175.613456726074,141.53200785319,154.730473836263,179.72200012207,30.2185673623975,203.179992675781,7.92044736142178,111.917910257975,164.793685913086,0,103.589641571045,56.5585119043078,66.0881431803984,0,150.94095916748,103.583963871002,127.432992414995,148.829301834106,48.3359756784991,16.4071122784956,34.3045050329862,160.102250840929,112.422948564802,160.226104736328,6.64731478711409,96.1922302246094,0,85.4666986120752,0,112.764741516113,0,69.2416607783391,0,0,0,0,0,0,0,95.1346206665039,0,83.2843560112847,226.08268737793,0,0,0,120.688890075684,136.220266723633,229.969680786133,0,0,0,0,78.4186349166067,98.6582244873047,104.210171835763,0,0,0,99.3185081481934,0,0,0
82.9130619273466,100.337417602539,169.089465550014,137.777214050293,129.165998458862,10.4062902613775,24.4059529703209,123.281999715169,18.3287966489709,129.120023091634,127.236065584071,63.3340381823088,121.633157730103,78.5256612677323,16.1883042343922,36.6848718501903,0,187.876435343424,102.732409667969,107.786598205566,138.174499511719,142.632207234701,145.030130386353,167.956324768066,129.457221291282,80.8438701629639,119.840123176575,139.563972819935,136.405968375828,7.17490728652036,124.357776641846,96.1922302246094,5.96858143986439,125.895133972168,37.2500188110411,216.351425170898,0,0,155.625282287598,0,0,0,203.167503356934,220.580625261579,119.774604797363,217.230916341146,0,0,0,230.726722717285,0,0,0,147.884414672852,0,145.669097900391,0,0,231.507247924805,186.935397338867,0,239.555068969727,0,186.547129313151,229.752075195312,0,0,0,0,195.208084106445
37.6165211365955,108.484682355608,102.223016897837,67.6593595464179,83.9491863250732,0,106.174772089178,68.0512443108134,100.707067402926,68.6594930376325,90.1790913668546,115.385650634766,89.6639919281006,156.395503997803,68.7994000268361,109.041580200195,58.5735127585275,104.256378364563,105.151100158691,111.288840611776,84.3447418212891,57.847611213798,52.4206251082882,69.8724767185698,70.7843243856458,157.755096435547,127.089492210975,111.741403516134,60.2668201540447,12.543291279244,37.3050463585823,0,125.895133972168,7.89987399670463,18.0251033775537,149.068893432617,0,148.946556091309,67.4336083152077,0,0,171.276351928711,132.85067653656,179.882099151611,76.19921875,175.119140625,0,0,0,156.73420715332,0,0,162.828659057617,0,0,0,112.077388763428,64.4501138687134,147.81521097819,123.264496436486,0,0,0,131.723987426758,156.831298828125,126.350348917643,0,0,148.110992431641,157.353636169434
70.2440643988285,58.7189236904712,62.2450806513195,71.7681945996646,105.518863766692,37.1149917988295,59.3020926456825,88.4407995236096,64.7529610544759,115.330589818954,99.6689013719559,33.9510346937602,109.311977288662,63.2316746825264,51.8375147145956,113.602532704671,82.4273753285835,38.8881990586819,63.0148364520935,42.9152059443382,99.7858007521856,45.3078909241909,71.4388755286411,44.7025305684002,96.2640572754343,64.2255737998269,59.0924118314243,69.7949800484016,72.1718864219501,38.6727857937509,39.4926044654171,85.4666986120752,37.2500188110411,18.0251033775537,10.2832257217482,174.20942905971,86.8580468177795,105.263174577193,78.0751862679758,169.219408671061,0,188.622157287598,157.673738178454,191.421898978097,108.251168314616,190.453268868583,153.05172475179,0,121.033151245117,184.542094983553,182.173599243164,146.927294413249,118.577555634255,129.472460428874,124.275179463048,138.766304016113,121.209646860758,87.590815151439,125.658951229519,154.925052833557,85.0460992540632,110.103430291881,110.10964726813,156.548866907756,178.907306126186,147.993579864502,146.005348205566,212.91975402832,148.306037902832,165.109308624268
135.842188517253,0,169.349126180013,115.561845952814,113.612281036377,0,166.149341583252,142.249530689136,159.524777499112,151.342514038086,160.420451572963,0,166.509618123372,0,164.119123186384,0,142.761154174805,169.077171325684,0,0,0,160.509799957275,142.549893697103,162.068984985352,131.788544089107,0,161.532348632812,164.545127020942,139.245700387394,171.148943481445,129.102104187012,0,216.351425170898,149.068893432617,174.20942905971,11.785021284803,111.119980875651,118.830817045167,71.7343535936796,88.2680786288514,70.4608953475952,59.2687117080299,35.8280004752389,26.4091966854556,72.2166204906645,51.1020423606519,123.870761256064,81.9342960781521,156.594005237926,12.7924291847231,93.7094815572103,86.5948947906494,119.179956269264,144.494053649902,126.990730164543,75.3155228464227,85.4541204977727,72.3262237086441,105.098487710262,73.9305193988597,141.465316772461,137.281431606838,128.401124706441,75.7718711999136,15.5797698428987,32.695461222279,162.248826768663,80.3061831338065,23.2234181339821,47.6817976951599
151.994567871094,81.7160110473633,60.8660710970561,25.6990004211176,0,0,0,141.674278259277,192.847310384115,0,204.353271484375,92.5344652448382,0,99.6605026245117,180.895483398438,0,115.268257141113,84.6867686232475,114.629943847656,84.2823484420776,0,143.227015177409,95.9734283447266,90.4253461020333,136.054861068726,70.5246887207031,76.9863226548681,78.2614821977513,155.135147094727,154.326756795247,139.658546447754,112.764741516113,0,0,86.8580468177795,111.119980875651,7.73220307760028,44.059823511983,14.6029825279897,157.091130574544,0,133.306112501356,111.920647841233,133.569791693436,77.5121429498247,132.240125020345,66.3459199125116,0,53.5175043935994,126.315611733331,117.829820421007,68.4002540588379,53.2495570942733,74.5884013662533,57.251248093249,154.576881408691,89.7420615219488,27.3549276308751,64.6479359944662,85.7018449156434,20.5204198160881,46.8981411321043,28.0248026454169,110.219311777751,123.921491476206,97.2055772145589,68.4848479032516,108.66773223877,92.9369964599609,65.1280883452471
213.84065246582,110.275266011556,87.7308049920487,54.352661980523,138.17767791748,0,216.957572937012,170.540653991699,202.578880310059,132.769912719727,219.366973876953,159.45778910319,0,137.933670043945,147.654495239258,0,108.814668382917,112.091857486301,169.932327270508,107.744747416178,0,131.96660563151,90.9921907278208,98.749408380772,157.524335114852,125.210208892822,104.127776219295,92.8013778970849,157.451134272984,154.166842142741,165.999100579156,0,0,148.946556091309,105.263174577193,118.830817045167,44.059823511983,14.9021709308691,39.3237702245298,135.840625056514,173.260021972656,134.776099384695,99.4720134369906,129.384774345516,114.168336595808,113.394025921822,91.1017483442258,136.332917531331,95.6211550730579,123.425053496376,135.513212680817,72.1792947710348,49.8877386390544,84.626921631041,70.8793224310485,135.764769554138,79.0570692423425,40.9838839927968,33.4781047464209,105.783160459911,87.9309975306193,36.4921929954762,36.7906274337312,92.924881036333,132.337089328831,101.950189185526,96.0130023956299,180.659313964844,115.006495307474,70.2064226818085
83.2972359376795,67.2922876064594,58.3957656076021,10.5416342437799,95.5169876098633,130.371620178223,121.064958460191,79.2425087520054,109.667022554001,32.2733777270598,99.4593673944473,80.341349528386,75.7067362467448,76.6866055727005,104.312482676787,0,59.0813609531948,70.6460149330005,100.381257193429,65.8590945983201,98.2625274658203,79.2520334212506,36.3995500292097,66.7363338765714,65.6483620050262,13.3824587271368,55.0331753817472,56.3694612682869,74.8505835750987,88.4052918297904,80.2414826447109,69.2416607783391,155.625282287598,67.4336083152077,78.0751862679758,71.7343535936796,14.6029825279897,39.3237702245298,11.0741913878483,90.77643094744,117.907869974772,86.1847300191564,57.0957166135189,87.3313971432773,23.1559112157848,79.456434759294,65.8316101298613,104.06599855423,34.3135490164763,84.5360011123297,77.8850048289579,33.8735433849481,54.6932427852111,73.7166085726973,58.0054330730119,71.6637627737863,65.1223647253854,24.1946119817772,53.379853928194,35.8420189249027,12.2209780330255,46.7879713423612,34.0045373345912,48.7072771124288,72.5613163837268,60.9785634932979,55.8622608574069,115.36257425944,56.2113446061329,67.2829604194862
