7876,18,204,163,55,3,102,6467,871,55,492,62,20,1,14506,10,11,418,30,105,34,312,96,716,414,1,203,314,771,16158,5621,1,17,101,394,6,1,2,34,2,0,2,21,10,5,10,0,0,0,13,1,0,1,0,1,2,4,13,2,32,0,0,9,60,9,10,0,0,1,2
18,4119,360,613,0,1,1,22,9,354,5,368,9,1257,18,16,31,843,85,263,2,35,2378,172,278,3206,1689,9065,28,45,38,90,1,7,470,0,11,3,26,0,0,0,2,1,1,3,6,0,4,1,0,0,9,5,3,0,0,1,1,2,13,11,66,2,1,0,3,0,0,3
204,360,32563,1634,10,2,123,2553,830,34,263,305,12,13,512,8,112,6801,228,589,7,1383,732,19799,405,7,12976,13061,1784,296,706,9,7,48,1341,3,120,438,321,1,0,0,23,14,5,3,1,1,0,22,0,24,85,2,14,1,13,111,150,13,1,59,725,22,9,20,0,0,0,18
163,613,1634,635,63,4,179,816,556,1387,223,220,49,739,359,37,906,548,50,181,31,402,1575,1548,4417,960,1334,6311,860,545,335,27,16,47,409,11,61,117,896,6,0,8,33,18,77,12,0,1,3,29,1,32,46,0,6,1,12,1064,109,75,6,42,330,96,18,25,2,1,2,22
55,0,10,63,8796,1,254,279,333,221,4112,1,3714,2,214,74,2,4,0,0,19150,13,5,14,2820,0,11,23,11628,173,14,0,4,4,43,10,0,5,5,1682,0,38,27,37,44,276,0,339,0,28,5,0,1,0,0,1720,0,1,7,398,0,0,3,408,12,5,1,0,2,11
3,1,2,4,1,1882,7682,19,2003,10,18,62,3,8,531,1875,0,1,3,3,6,1,2,5,12,1,4,9,16,123,2,2,2942,0,89,0,0,0,2,0,0,1,0,1,0,0,0,0,0,0,1,0,0,0,0,0,0,0,1,1,0,0,2,3,0,0,0,0,0,0
102,1,123,179,254,7682,67653,1835,31233,132,15625,185,13318,18,4478,10591,2,55,12,15,679,43,26,100,537,3,109,83,1837,784,70,0,2075,11,306,16,0,2,34,11,1,11,63,34,9,47,0,8,0,24,0,2,0,0,1,15,1,4,5,158,0,1,4,199,17,13,0,0,0,10
6467,22,2553,816,279,19,1835,108102,8935,225,23982,131,244,14,11613,61,55,916,59,97,149,2113,265,3713,2125,1,1230,1095,24103,3071,13390,4,60,202,946,37,3,10,182,10,0,32,108,106,28,44,2,2,0,97,2,2,5,0,1,7,6,27,24,256,1,4,45,427,45,48,0,4,21,47
871,9,830,556,333,2003,31233,8935,75906,223,13521,545,878,48,27958,947,22,387,97,77,445,251,112,849,984,7,583,530,2813,2433,533,9,5752,44,942,33,3,6,101,14,3,42,155,113,36,47,2,4,1,113,0,8,2,1,1,8,6,7,22,242,0,1,25,436,52,40,0,0,7,36
55,354,34,1387,221,10,132,225,223,7507,284,50,1594,204,123,927,31,35,10,15,135,13,3310,31,9364,145,129,586,857,213,62,6,6,7,80,4,0,2,51,7,0,2,4,4,84,19,1,16,1,8,3,0,1,0,0,8,1,5,1,92,1,2,10,40,1,2,0,0,1,0
492,5,263,223,4112,18,15625,23982,13521,284,128364,48,12545,3,3518,212,9,104,16,14,16203,132,44,303,1179,4,160,151,13492,1039,198,1,68,22,320,7,1,3,32,192,0,56,73,40,64,212,0,31,0,28,5,3,0,0,1,854,4,8,4,613,0,0,10,369,13,7,0,1,3,10
62,368,305,220,1,62,185,131,545,50,48,43431,13,6649,548,10,8,1084,12554,2913,10,78,118,258,93,1034,13594,5364,86,524,101,691,190,6,4510,0,7,6,52,0,0,0,2,4,2,0,18,0,59,1,0,1,10,30,22,0,1,0,5,4,81,111,260,9,1,2,16,0,0,3
20,9,12,49,3714,3,13318,244,878,1594,12545,13,82904,7,158,1487,3,6,1,1,25197,7,33,8,1854,4,12,31,1766,129,9,1,8,4,39,3,0,0,3,175,0,19,10,6,23,62,0,1484,0,4,1,0,0,0,0,685,0,1,0,128,0,0,0,48,3,0,0,0,0,1
1,1257,13,739,2,8,18,14,48,204,3,6649,7,18628,41,12,5,45,174,53,0,4,383,20,91,8896,1139,6871,15,37,4,3514,19,2,168,0,5,1,32,0,0,0,1,0,1,1,18,0,50,0,0,0,5,13,16,0,0,0,0,4,46,46,137,4,0,0,7,0,0,1
14506,18,512,359,214,531,4478,11613,27958,123,3518,548,158,41,82153,80,17,538,100,138,151,266,154,938,796,13,450,536,1515,16172,1967,12,3798,63,1178,14,5,1,85,6,1,9,85,48,28,12,0,0,0,34,0,4,3,1,2,7,3,19,9,131,2,4,26,232,30,26,0,2,7,22
10,16,8,37,74,1875,10591,61,947,927,212,10,1487,12,80,11960,4,7,0,2,81,2,98,4,1445,9,18,52,266,39,3,1,54,3,6,0,0,0,0,2,0,2,0,0,2,4,0,2,1,1,0,0,1,0,0,2,0,0,0,19,0,1,1,9,0,0,0,0,0,1
11,31,112,906,2,0,2,55,22,31,9,8,3,5,17,4,18423,126,5,21,1,10657,7227,18272,3495,0,96,8621,986,49,409,0,0,21,279,1,2,35,98,0,0,0,4,1,3,1,1,0,0,4,0,74,4,0,2,0,12,678,242,8,0,3,158,16,0,4,1,0,0,8
418,843,6801,548,4,1,55,916,387,35,104,1084,6,45,538,7,126,20646,707,8938,4,937,313,10152,267,46,7832,10272,327,489,1268,20,15,40,2711,2,73,108,228,0,0,1,5,3,1,1,5,0,2,2,0,5,92,6,34,0,6,19,21,4,13,111,460,7,0,4,0,0,0,13
30,85,228,50,0,3,12,59,97,10,16,12554,1,174,100,0,5,707,9383,3634,1,36,18,174,18,154,9526,1560,20,107,44,112,15,1,664,0,7,2,21,0,0,0,1,0,1,0,11,0,40,0,0,0,7,28,8,0,0,0,1,0,48,76,146,1,0,1,14,0,0,1
105,263,589,181,0,3,15,97,77,15,14,2913,1,53,138,2,21,8938,3634,10256,3,140,64,760,32,95,10558,3018,40,183,212,34,11,12,1708,0,20,15,89,0,0,0,1,0,1,0,8,0,15,0,0,2,20,22,20,0,2,2,4,0,24,93,247,0,1,2,5,0,0,3
34,2,7,31,19150,6,679,149,445,135,16203,10,25197,0,151,81,1,4,1,3,8603,2,7,4,1853,0,4,11,3560,122,5,0,4,2,42,0,0,0,3,456,0,10,7,7,20,38,0,217,0,1,0,1,0,0,0,466,0,1,0,135,0,0,1,64,3,1,0,1,0,0
312,35,1383,402,13,1,43,2113,251,13,132,78,7,4,266,2,10657,937,36,140,2,63701,2525,33392,1922,4,377,2182,7508,665,18559,5,3,201,6946,4,3,15,61,0,0,1,10,6,5,2,0,0,0,3,0,28,4,1,1,0,39,127,67,11,0,4,37,29,12,34,0,0,6,7
96,2378,732,1575,5,2,26,265,112,3310,44,118,33,383,154,98,7227,313,18,64,7,2525,15926,3582,13819,328,420,7995,663,361,962,16,4,155,462,3,10,39,105,1,0,3,10,8,14,6,0,0,1,5,0,21,8,2,1,0,1,627,72,26,3,6,106,39,6,9,1,0,1,8
716,172,19799,1548,14,5,100,3713,849,31,303,258,8,20,938,4,18272,10152,174,760,4,33392,3582,109758,1116,15,2197,22793,4249,847,7640,11,10,149,10739,7,28,246,323,0,0,1,22,17,4,7,5,0,0,6,0,148,52,1,11,0,22,1062,608,32,2,27,727,51,8,14,0,0,2,26
414,278,405,4417,2820,12,537,2125,984,9364,1179,93,1854,91,796,1445,3495,267,18,32,1853,1922,13819,1116,71552,44,527,3435,19127,1774,799,8,22,337,559,59,4,23,487,58,2,89,284,191,184,189,2,17,0,194,9,24,10,0,2,36,18,180,65,919,3,3,68,969,118,89,0,2,27,77
1,3206,7,960,0,1,3,1,7,145,4,1034,4,8896,13,9,0,46,154,95,0,4,328,15,44,7864,754,7837,2,16,4,121,4,1,132,0,11,2,278,0,0,0,0,0,1,0,11,0,205,0,0,0,1,20,6,0,0,3,1,3,337,66,196,0,1,0,11,0,0,0
203,1689,12976,1334,11,4,109,1230,583,129,160,13594,12,1139,450,18,96,7832,9526,10558,4,377,420,2197,527,754,115045,29985,860,465,447,1799,32,39,3587,2,159,130,682,0,0,0,10,5,5,2,77,1,171,2,0,2,205,200,211,1,4,28,23,12,289,818,2169,15,2,22,65,0,0,56
314,9065,13061,6311,23,9,83,1095,530,586,151,5364,31,6871,536,52,8621,10272,1560,3018,11,2182,7995,22793,3435,7837,29985,116735,2192,634,955,2766,22,60,6517,9,279,805,1188,2,0,16,44,25,15,11,97,1,208,24,0,58,330,246,188,0,23,659,520,55,438,887,3377,45,10,34,64,0,1,63
771,28,1784,860,11628,16,1837,24103,2813,857,13492,86,1766,15,1515,266,986,327,20,40,3560,7508,663,4249,19127,2,860,2192,82491,2903,6366,9,46,853,1809,34,4,14,197,155,1,89,261,181,83,220,4,27,2,154,8,14,8,0,0,62,22,64,40,796,0,0,57,798,68,48,0,2,10,61
16158,45,296,545,173,123,784,3071,2433,213,1039,524,129,37,16172,39,49,489,107,183,122,665,361,847,1774,16,465,634,2903,105594,6546,7,3240,4447,2132,25,3,6,140,2,0,13,95,59,44,20,0,0,1,57,1,7,6,0,6,1,9,42,10,142,0,15,26,222,36,49,0,0,14,21
5621,38,706,335,14,2,70,13390,533,62,198,101,9,4,1967,3,409,1268,44,212,5,18559,962,7640,799,4,447,955,6366,6546,45365,2,16,463,5512,4,2,9,106,1,0,2,23,8,13,3,0,0,0,9,0,7,3,0,4,0,31,80,14,48,0,4,22,64,8,28,0,0,4,7
1,90,9,27,0,2,0,4,9,6,1,691,1,3514,12,1,0,20,112,34,0,5,16,11,8,121,1799,2766,9,7,2,1174,2,0,83,0,5,0,13,0,0,0,0,0,0,0,1,0,9,1,0,0,0,5,5,1,0,0,0,0,19,20,42,0,0,0,2,0,0,0
17,1,7,16,4,2942,2075,60,5752,6,68,190,8,19,3798,54,0,15,15,11,4,3,4,10,22,4,32,22,46,3240,16,2,10465,1,258,1,0,0,2,0,0,0,4,7,2,3,0,0,0,6,0,0,0,1,0,1,0,0,1,5,0,1,0,12,1,0,0,0,0,2
101,7,48,47,4,0,11,202,44,7,22,6,4,2,63,3,21,40,1,12,2,201,155,149,337,1,39,60,853,4447,463,0,1,7124,1285,1,0,2,22,0,0,3,8,4,5,2,0,0,0,2,0,0,1,0,0,0,4,20,3,13,0,0,0,25,2,15,0,0,2,5
394,470,1341,409,43,89,306,946,942,80,320,4510,39,168,1178,6,279,2711,664,1708,42,6946,462,10739,559,132,3587,6517,1809,2132,5512,83,258,1285,37222,7,40,44,124,3,0,10,38,28,15,7,3,0,5,19,1,6,43,15,31,2,12,51,36,40,14,92,324,72,14,18,3,1,3,10
6,0,3,11,10,0,16,37,33,4,7,0,3,0,14,0,1,2,0,0,0,4,3,7,59,0,2,9,34,25,4,0,1,1,7,10392,15,344,260,49,20,196,6325,1979,105,992,31,36,11,14643,12,30,320,15,63,38,138,165,345,414,1,112,331,1201,20762,6701,18,14,534,470
1,11,120,61,0,0,0,3,3,0,1,7,0,5,5,0,2,73,7,20,0,3,10,28,4,11,159,279,4,3,2,5,0,0,40,15,6622,455,1582,3,0,9,39,19,417,12,88,0,393,36,9,45,1142,98,383,2,41,2032,285,143,2258,929,7746,30,26,96,64,1,4,170
2,3,438,117,5,0,2,10,6,2,3,6,0,1,1,0,35,108,2,15,0,15,39,246,23,2,130,805,14,6,9,0,0,2,44,344,455,29286,1035,27,5,207,2298,902,14,832,195,18,53,943,16,227,11164,336,1102,16,523,932,19121,141,12,13401,13242,1251,291,683,72,5,17,800
34,26,321,896,5,2,34,182,101,51,32,52,3,32,85,0,98,228,21,89,3,61,105,323,487,278,682,1188,197,140,106,13,2,22,124,260,1582,1035,741,7,9,127,974,440,361,161,85,8,717,635,17,549,845,69,299,14,224,896,1023,3199,1798,841,6654,1470,439,930,49,6,93,311
2,0,1,6,1682,0,11,10,14,7,192,0,175,0,6,2,0,0,0,0,456,0,1,0,58,0,0,2,155,2,1,0,0,0,3,49,3,27,7,15494,0,520,170,239,112,10956,1,4299,1,172,29,1,5,1,3,22139,13,2,11,3297,0,4,13,8954,103,19,0,3,8,70
0,0,0,0,0,0,1,0,3,0,0,0,0,0,1,0,0,0,0,0,0,0,0,0,2,0,0,0,1,0,0,0,0,0,0,20,0,5,9,0,3823,7140,15,4109,2,35,185,12,26,1548,2159,0,2,7,6,6,3,1,2,12,4,4,6,18,740,4,5,1877,1,286
2,0,0,8,38,1,11,32,42,2,56,0,19,0,9,2,0,1,0,0,10,1,3,1,89,0,0,16,89,13,2,0,0,3,10,196,9,207,127,520,7140,126354,1565,31985,163,33246,205,9426,23,4231,7575,13,62,16,14,1466,52,17,157,581,2,41,83,2041,1525,71,7,2476,11,495
21,2,23,33,27,0,63,108,155,4,73,2,10,1,85,0,4,5,1,1,7,10,10,22,284,0,10,44,261,95,23,0,4,8,38,6325,39,2298,974,170,15,1565,113578,6274,272,18911,65,50,11,13082,90,123,1218,55,207,81,1920,475,4222,1600,2,412,1128,31079,2911,17607,9,18,156,962
10,1,14,18,37,1,34,106,113,4,40,4,6,0,48,0,1,3,0,0,7,6,8,17,191,0,5,25,181,59,8,0,7,4,28,1979,19,902,440,239,4109,31985,6274,77503,208,14194,727,630,85,39653,1591,36,370,63,72,346,164,80,715,684,5,254,377,2387,6058,452,20,8298,20,1348
5,1,5,77,44,0,9,28,36,84,64,2,23,1,28,2,3,1,1,1,20,5,14,4,184,1,5,15,83,44,13,0,2,5,15,105,417,14,361,112,2,163,272,208,6793,361,15,643,52,245,1683,23,24,10,8,106,2,2337,22,13184,119,25,420,1603,205,184,10,1,30,89
10,3,3,12,276,0,47,44,47,19,212,0,62,1,12,4,1,1,0,0,38,2,6,7,189,0,2,11,220,20,3,0,3,2,7,992,12,832,161,10956,35,33246,18911,14194,361,152933,24,22911,5,6393,368,32,175,10,8,12352,208,48,630,2680,1,110,320,12594,1349,332,4,38,61,696
0,6,1,0,0,0,0,2,2,1,0,18,0,18,0,0,1,5,11,8,0,0,0,5,2,11,77,97,4,0,0,1,0,0,3,31,88,195,85,1,185,205,65,727,15,24,47874,4,4397,649,4,9,1275,12207,2358,5,95,36,269,20,231,6678,2747,39,1189,170,2137,552,2,7127
0,0,1,1,339,0,8,2,4,16,31,0,1484,0,0,2,0,0,0,0,217,0,0,0,17,0,1,1,27,0,0,0,0,0,0,36,0,18,8,4299,12,9426,50,630,643,22911,4,74119,1,194,5085,6,2,0,0,33494,0,8,8,2148,0,3,9,1664,77,10,0,13,6,85
0,4,0,3,0,0,0,0,1,1,0,59,0,50,0,1,0,2,40,15,0,0,1,0,0,205,171,208,2,1,0,9,0,0,5,11,393,53,717,1,26,23,11,85,52,5,4397,1,16625,58,2,9,76,256,74,1,3,124,34,24,3179,454,5774,8,94,16,3286,35,2,288
13,1,22,29,28,0,24,97,113,8,28,1,4,0,34,1,4,2,0,0,1,3,5,6,194,0,2,24,154,57,9,1,6,2,19,14643,36,943,635,172,1548,4231,13082,39653,245,6393,649,194,58,145177,225,46,746,97,155,197,190,169,903,886,6,388,604,2608,8765,2523,42,5379,71,1681
1,0,0,1,5,1,0,2,0,3,5,0,1,0,0,0,0,0,0,0,0,0,0,0,9,0,0,0,8,1,0,0,0,0,1,12,9,16,17,29,2159,7575,90,1591,1683,368,4,5085,2,225,12963,1,8,0,1,157,2,57,14,949,4,8,23,233,94,5,0,18,3,10
0,0,24,32,0,0,2,2,8,0,3,1,0,0,4,0,74,5,0,2,1,28,21,148,24,0,2,58,14,7,7,0,0,0,6,30,45,227,549,1,0,13,123,36,23,32,9,6,9,46,1,25308,193,8,25,4,7497,7926,11155,2627,4,52,5783,1108,85,653,11,1,32,253
1,9,85,46,1,0,0,5,2,1,0,10,0,5,3,1,4,92,7,20,0,4,8,52,10,1,205,330,8,6,3,0,0,1,43,320,1142,11164,845,5,2,62,1218,370,24,175,1275,2,76,746,8,193,24266,1203,12366,1,1955,278,18716,117,26,7640,11832,349,210,2374,79,4,19,4466
0,5,2,0,0,0,0,0,1,0,0,30,0,13,1,0,0,6,28,22,0,1,2,1,0,20,200,246,0,0,0,5,1,0,15,15,98,336,69,1,7,16,55,63,10,10,12207,0,256,97,0,8,1203,12001,9353,1,50,23,163,6,191,12109,3160,9,114,91,385,38,0,662
1,3,14,6,0,0,1,1,1,0,1,22,0,16,2,0,2,34,8,20,0,1,1,11,2,6,211,188,0,6,4,5,0,0,31,63,383,1102,299,3,6,14,207,72,8,8,2358,0,74,155,1,25,12366,9353,25283,0,231,89,833,20,175,11581,5987,49,112,452,98,20,4,3622
2,0,1,1,1720,0,15,7,8,8,854,0,685,0,7,2,0,0,0,0,466,0,0,0,36,0,1,0,62,1,0,1,1,0,2,38,2,16,14,22139,6,1466,81,346,106,12352,5,33494,1,197,157,4,1,1,0,8816,3,6,8,3648,0,3,9,2542,88,13,1,2,5,89
4,0,13,12,0,0,1,6,6,1,4,1,0,0,3,0,12,6,0,2,0,39,1,22,18,0,4,23,22,9,31,0,0,4,12,138,41,523,224,13,3,52,1920,164,2,208,95,0,3,190,2,7497,1955,50,231,3,77510,1823,28505,1919,3,121,1480,12976,305,34526,4,1,167,6786
13,1,111,1064,1,0,4,27,7,5,8,0,1,0,19,0,678,19,0,2,1,127,627,1062,180,3,28,659,64,42,80,0,0,20,51,165,2032,932,896,2,1,17,475,80,2337,48,36,8,124,169,57,7926,278,23,89,6,1823,16069,4561,6892,416,178,7672,1122,393,1794,27,1,140,340
2,1,150,109,7,1,5,24,22,1,4,5,0,0,9,0,242,21,1,4,0,67,72,608,65,1,23,520,40,10,14,0,1,3,36,345,285,19121,1023,11,2,157,4222,715,22,630,269,8,34,903,14,11155,18716,163,833,8,28505,4561,132769,907,4,1455,24072,6259,336,9112,30,3,94,8048
32,2,13,75,398,1,158,256,242,92,613,4,128,4,131,19,8,4,0,0,135,11,26,32,919,3,12,55,796,142,48,0,5,13,40,414,143,141,3199,3297,12,581,1600,684,13184,2680,20,2148,24,886,949,2627,117,6,20,3648,1919,6892,907,60380,47,58,1304,23077,1053,1849,5,16,279,574
0,13,1,6,0,0,0,1,0,1,0,81,0,46,2,0,0,13,48,24,0,0,3,2,3,337,289,438,0,0,0,19,0,0,14,1,2258,12,1798,0,4,2,2,5,119,1,231,0,3179,6,4,4,26,191,175,0,3,416,4,47,9781,485,4302,5,9,2,37,2,0,45
0,11,59,42,0,0,1,4,1,2,0,111,0,46,4,1,3,111,76,93,0,4,6,27,3,66,818,887,0,15,4,20,1,0,92,112,929,13401,841,4,4,41,412,254,25,110,6678,3,454,388,8,52,7640,12109,11581,3,121,178,1455,58,485,91849,27281,150,146,313,1185,23,8,1188
9,66,725,330,3,2,4,45,25,10,10,260,0,137,26,1,158,460,146,247,1,37,106,727,68,196,2169,3377,57,26,22,42,0,0,324,331,7746,13242,6654,13,6,83,1128,377,420,320,2747,9,5774,604,23,5783,11832,3160,5987,9,1480,7672,24072,1304,4302,27281,112692,1803,309,1459,2306,23,25,3565
60,2,22,96,408,3,199,427,436,40,369,9,48,4,232,9,16,7,1,0,64,29,39,51,969,0,15,45,798,222,64,0,12,25,72,1201,30,1251,1470,8954,18,2041,31079,2387,1603,12594,39,1664,8,2608,233,1108,349,9,49,2542,12976,1122,6259,23077,5,150,1803,107620,2789,9730,8,33,970,2332
9,1,9,18,12,0,17,45,52,1,13,1,3,0,30,0,0,0,0,1,3,12,6,8,118,1,2,10,68,36,8,0,1,2,14,20762,26,291,439,103,740,1525,2911,6058,205,1349,1189,77,94,8765,94,85,210,114,112,88,305,393,336,1053,9,146,309,2789,201959,7445,21,8883,8661,5314
10,0,20,25,5,0,13,48,40,2,7,2,0,0,26,0,4,4,1,2,1,34,9,14,89,0,22,34,48,49,28,0,0,15,18,6701,96,683,930,19,4,71,17607,452,184,332,170,10,16,2523,5,653,2374,91,452,13,34526,1794,9112,1849,2,313,1459,9730,7445,74841,8,8,546,7476
0,3,0,2,1,0,0,0,0,0,0,16,0,7,0,0,1,0,14,5,0,0,1,0,0,11,65,64,0,0,0,2,0,0,3,18,64,72,49,0,5,7,9,20,10,4,2137,0,3286,42,0,11,79,385,98,1,4,27,30,5,37,1185,2306,8,21,8,760,7,0,87
0,0,0,1,0,0,0,4,0,0,1,0,0,0,2,0,0,0,0,0,1,0,0,0,2,0,0,0,2,0,0,0,0,0,1,14,1,5,6,3,1877,2476,18,8298,1,38,552,13,35,5379,18,1,4,38,20,2,1,1,3,16,2,23,23,33,8883,8,7,12268,0,636
1,0,0,2,2,0,0,21,7,1,3,0,0,0,7,0,0,0,0,0,0,6,1,2,27,0,0,1,10,14,4,0,0,2,3,534,4,17,93,8,1,11,156,20,30,61,2,6,2,71,3,32,19,0,4,5,167,140,94,279,0,8,25,970,8661,546,0,0,1576,848
2,3,18,22,11,0,10,47,36,0,10,3,1,1,22,1,8,13,1,3,0,7,8,26,77,0,56,63,61,21,7,0,2,5,10,470,170,800,311,70,286,495,962,1348,89,696,7127,85,288,1681,10,253,4466,662,3622,89,6786,340,8048,574,45,1188,3565,2332,5314,7476,87,636,848,51654
