8.7966900183026,111.608342170715,85.7077049255371,74.1223129463794,64.0988258361816,79.008683681488,58.6691394708095,19.7280969884842,27.9239068053008,68.4726721319069,38.7108316729683,119.004745200828,88.4249629974365,132.935012817383,17.8686630996947,60.985666002546,91.1911108834403,91.337391234733,137.02105140686,120.699191759217,89.3413600921631,64.8043100410533,89.943011701107,77.0382390082637,58.4412037764544,137.326995849609,119.432558037253,119.386834865146,58.2138620294057,19.3544726899423,19.3311698150931,0,93.6902465820312,60.7770210148133,75.7742535287116,142.206718444824,178.287704467773,161.838714599609,91.9220771789551,0,0,159.997634887695,0,144.314849853516,162.42512512207,0,0,0,0,173.871307373047,0,163.261215209961,0,0,0,0,166.422714233398,0,150.302122497559,132.237239837646,0,0,149.079120635986,135.44728905814,0,0,0,0,0,201.604156494141
111.608342170715,6.65680810624104,36.5985495281219,10.2272980536716,101.718650817871,122.868804931641,155.690452575684,122.296651666815,154.26455116272,60.4432842383224,121.336502075195,63.9104229155041,90.1796245574951,53.9356173639712,135.100833199241,94.1769376482282,42.6985955298701,47.8265232361836,62.9993172622308,49.8456724455077,0,99.2093580245972,14.1947448237276,61.3436815842338,75.3207940370338,23.5151950622118,38.4715214257288,14.0194942388872,84.0867484884059,120.692041135302,104.895112718855,57.5923385620117,0,134.659364318848,56.4103700476633,0,66.0833282470703,59.8270500183105,44.8374156951904,0,0,0,0,0,129.105545043945,0,0,0,62.791332244873,0,0,83.4682083129883,89.5210342407227,116.908355712891,0,0,76.7203750610352,75.7739791870117,95.9309883117676,0,79.2286987304688,68.431128692627,71.799976348877,0,0,0,0,0,0,73.6517562866211
85.7077049255371,36.5985495281219,8.51271546129747,38.9594922987081,99.0868606567383,155.994891357422,116.145681805081,84.5780507929583,106.498881484523,107.634402224892,98.1069938448578,78.5300927691989,159.253730773926,77.50456367655,114.489136874676,131.155990600586,58.4978759990019,27.5357375360676,84.955444922814,66.7258554991855,146.536407470703,57.9784996790044,34.7970677885015,21.928873993255,87.3657540143546,69.685014851888,21.1332581370268,29.5041718907805,61.0797249353849,114.203239492468,65.1734232212047,85.6205805460612,0,129.083497619629,55.0401263899867,120.114166259766,84.934455871582,78.9997777717058,0,0,0,0,0,166.650604248047,139.087600708008,0,148.153335571289,0,0,0,0,88.8309101414036,105.575900486537,0,167.758491516113,0,103.023700169155,84.2740917205811,88.1848466119101,128.381317138672,0,124.893501281738,86.1823703515484,124.890769958496,0,128.933746337891,0,0,206.840118408203,108.233678964468
74.1223129463794,10.2272980536716,38.9594922987081,11.2246237614911,58.1597596771863,120.307773243297,84.7368481076997,62.2074282639692,89.0096596077038,26.1512249028811,79.6728684609396,66.1020838223971,83.911008644104,43.456343126297,90.5169684636722,75.2055281125582,39.0081313376253,56.3686178976031,60.565003600775,55.2694155690688,80.9848680496216,54.52894503479,20.5703712376349,44.2143739803417,33.7196622873075,20.8676546721921,41.9480685289547,34.6261414022276,42.6089869166783,84.9812853806817,60.5155032373469,71.4556105477469,118.132717132568,72.0375661487821,73.1410478853997,104.595243930817,39.9543665105646,45.9374227523804,9.53246470430489,0,0,122.163760375977,86.1076981226603,111.169276428223,13.3756865040074,115.765948159354,72.0341727393014,224.106185913086,56.1570321491786,159.381009419759,0,48.4336795544255,63.2996864905724,74.3155642422763,61.9307875243373,0,65.7483619729472,16.2921757686256,49.8683339569858,73.4626685895418,42.3517640298154,52.6735209193798,51.6884772650788,61.9739848911362,109.451355252947,61.5675201849504,92.0461463928223,0,87.0142517089844,63.7560594277304
64.0988258361816,101.718650817871,99.0868606567383,58.1597596771863,8.31615954544297,0,55.7960730658637,42.9921324803279,79.0690964729555,45.9847114491013,19.9123067848218,0,24.0356130319969,0,94.5937444141933,42.4871598482132,0,130.920777638753,0,168.802833557129,10.2955594225038,0,61.0004130276767,93.1289024353027,21.1367937825102,0,127.683554755317,133.468878609794,12.7032946637653,95.0813158636224,79.3753923269419,0,136.420295715332,68.4662017822266,91.2957321166992,0,0,0,79.3571792602539,4.10842330761445,0,142.931320953369,147.380737304688,0,0,131.252475738525,0,28.0757997477496,0,0,0,0,0,0,0,26.8036032156511,0,0,0,100.383077284869,0,0,0,131.220344543457,0,0,0,0,0,0
79.008683681488,122.868804931641,155.994891357422,120.307773243297,0,8.14858909212239,13.2766075583695,107.69600836436,22.642243803983,56.0426393979556,98.7189654056157,43.90576171875,77.8151479867788,206.688232421875,28.8223846455766,17.1806214616259,0,167.011434555054,0,189.86888885498,110.62148030599,0,101.408158983503,147.503005981445,88.8455468882685,172.29899597168,193.797927856445,172.725468953451,118.832705688477,21.2673623067252,101.350519816081,0,6.66203357290573,108.873497009277,45.1467672586441,0,0,0,123.419403076172,0,0,0,199.804473876953,0,0,0,0,0,0,0,0,0,0,0,0,0,0,0,0,164.368179321289,0,0,0,0,0,0,0,0,0,0
58.6691394708095,155.690452575684,116.145681805081,84.7368481076997,55.7960730658637,13.2766075583695,9.2144506245757,63.614163136233,19.6347850073691,79.7465514675263,23.7089358435894,71.8596600850423,18.6224508660239,165.914301554362,33.7421585961733,10.9941632935214,88.9245567321777,129.576785342794,190.496963500977,170.662095785141,60.6301552656758,112.287857055664,114.062980016073,114.305961871969,53.1570087011858,0,146.989166840263,146.162464523315,64.4815251381167,31.9630581009088,77.361303986096,0,14.7439538439034,105.63565826416,59.9150348504384,0,0,173.905090332031,104.083137512207,151.158302307129,0,157.155718289889,144.698226928711,179.003089904785,112.426259358724,157.605743408203,0,95.8041381835938,0,195.389358520508,0,0,0,0,0,154.386764526367,0,0,239.94938659668,116.660805982702,0,0,169.909764607747,149.585607051849,185.193183898926,0,0,0,174.013824462891,0
19.7280969884842,122.296651666815,84.5780507929583,62.2074282639692,42.9921324803279,107.69600836436,63.614163136233,8.03965528109836,44.3863769985969,60.0332999986036,14.0985714143172,138.741081931374,86.9687335968018,142.126756032308,30.2874900647699,77.5658538818359,77.3354408068535,92.5099877891652,141.476953125,126.252577603248,85.4658740650524,64.434704210244,75.0172803453404,65.9243485219148,36.2287608199022,141.180496879246,116.691394229848,108.868177467767,21.7075306654372,78.2148789312343,14.242549337513,147.312477111816,110.116101582845,71.4099991480509,85.4931540509317,119.96201578776,138.755554199219,185.598190307617,77.4631219591413,0,0,134.71438533238,126.682466506958,148.228491973877,95.4663208007812,139.13389452766,0,135.69593963623,0,179.418594360352,0,133.766338348389,208.476867675781,0,0,140.484130859375,139.254330952962,145.277328491211,150.406336975098,96.3097854981939,0,191.178703308105,147.984795570374,122.025514313669,170.035316467285,135.460037231445,0,0,0,154.932479858398
27.9239068053008,154.26455116272,106.498881484523,89.0096596077038,79.0690964729555,22.642243803983,19.6347850073691,44.3863769985969,10.0987350240534,85.7979910691579,30.9950565903567,109.484615325928,51.9516615664087,131.473973274231,18.2270114447715,32.2652601156916,103.83368619283,113.088459687047,151.938776652018,141.686061301928,80.9306146294408,95.0276314629449,105.608883717021,95.3827066600696,65.4756671025203,171.473243713379,139.219570725964,137.354179433357,68.5562566009878,31.3639219945454,63.0685499578282,150.330856323242,12.8049592823658,89.3535420009068,70.1966015790638,161.70654296875,0,181.783630371094,104.301651402524,0,0,163.685664749146,0,163.256014506022,131.572799682617,154.707763671875,0,121.956497192383,0,153.263732910156,0,168.279174804688,0,0,216.901336669922,175.183319091797,175.401245117188,243.63493347168,158.819435119629,119.750283484365,0,181.810974121094,169.492460632324,142.554368478281,176.850719451904,136.34814453125,0,0,0,170.544548034668
68.4726721319069,60.4432842383224,107.634402224892,26.1512249028811,45.9847114491013,56.0426393979556,79.7465514675263,60.0332999986036,85.7979910691579,6.27861340135305,78.9842976991295,151.291035970052,9.47851886452035,127.224943978446,85.816068860034,18.3262617078105,38.5286289606339,108.89536702474,123.737174224854,116.252366785418,30.2103716210474,68.3996335484037,30.0307689183115,102.799704918495,17.9919721889137,92.710541659562,103.497433242484,97.3384111977408,39.1707678320605,83.0043149728295,60.1633668551322,145.563636779785,76.0849478585379,69.8048002421856,87.9011869923822,115.862884521484,0,0,51.3516578674316,0,0,104.925939559937,0,0,56.3061676025391,0,0,59.230531056722,0,0,0,0,0,0,0,0,0,0,159.408729553223,57.3684453964233,0,0,0,101.201442718506,167.133850097656,0,0,0,0,117.755661010742
38.7108316729683,121.336502075195,98.1069938448578,79.6728684609396,19.9123067848218,98.7189654056157,23.7089358435894,14.0985714143172,30.9950565903567,78.9842976991295,9.5444491098217,142.903722127279,14.1224824187659,155.026874248798,69.8045397177128,60.0700922012329,95.43982357449,111.284720857682,156.693810599191,143.961663868116,10.8150502290205,107.938101026747,85.6341824219606,85.6832809202133,42.0958648739606,147.990488433838,129.374594079947,124.825277058815,20.9474462469498,87.5504375514302,60.7052964523059,164.551216125488,109.807509358724,82.2862633213852,90.4641968003401,150.275199890137,0,158.811849975586,90.0210855445083,151.444109598796,0,145.496449751012,137.858846028646,160.91680431366,118.726760228475,152.446245071736,0,111.516440582275,0,179.463643391927,124.325736999512,151.453224182129,0,0,0,153.494556971959,0,0,156.474568684896,106.502340755361,0,0,175.099988937378,135.628460154814,178.446868896484,0,0,0,0,183.748432159424
119.004745200828,63.9104229155041,78.5300927691989,66.1020838223971,0,43.90576171875,71.8596600850423,138.741081931374,109.484615325928,151.291035970052,142.903722127279,12.6803554166202,0,19.1095055512754,103.044168798773,0,115.085129737854,43.7258725526317,25.4400398194036,21.1135684158433,0,95.166885471344,118.944808415004,71.1850655343797,147.877151489258,23.1898730190884,28.9222349005559,63.1595246887207,125.086764812469,54.9467332191717,110.509286954805,35.339340202422,48.0273193359375,126.838368415833,24.7949837429704,0,0,134.901847839355,119.407829284668,0,0,0,0,0,0,0,0,0,0,0,0,0,0,0,0,0,0,0,146.383758544922,0,0,94.7718734741211,134.748891830444,179.556457519531,0,0,0,0,0,0
88.4249629974365,90.1796245574951,159.253730773926,83.911008644104,24.0356130319969,77.8151479867788,18.6224508660239,86.9687335968018,51.9516615664087,9.47851886452035,14.1224824187659,0,8.24552049849764,0,76.6357319036387,14.4703340564932,0,180.520545959473,0,184.331726074219,13.0684688845605,143.348907470703,76.7089780171712,158.6494140625,13.8910120830678,0,160.849723815918,163.97492980957,36.6315973639952,78.4320872295862,114.504028320312,0,94.7581187161532,84.617073059082,86.3065132930361,0,0,0,0,0,0,0,0,0,0,147.791475931803,0,17.9301624474525,0,0,0,0,0,0,0,115.359977722168,0,0,0,106.082084655762,0,0,0,136.2995262146,0,0,0,0,0,0
132.935012817383,53.9356173639712,77.50456367655,43.456343126297,0,206.688232421875,165.914301554362,142.126756032308,131.473973274231,127.224943978446,155.026874248798,19.1095055512754,0,6.47599214704194,141.641008230356,156.256256103516,84.7508392333984,69.7727147102356,38.2263986772212,43.1149413699195,0,121.845203399658,87.0072727203369,90.4020042419434,135.893455505371,13.5861685694258,18.8325491091141,21.0464048621386,119.525033950806,66.7870339613694,127.328129196167,8.31868675327147,69.9485015869141,0,43.5799073853561,0,0,0,52.4279518127441,0,0,0,0,0,0,0,0,0,4.64891362190247,0,0,0,0,0,0,0,0,0,0,0,54.9810314178467,0,95.4466171264648,0,0,0,0,0,0,0
17.8686630996947,135.100833199241,114.489136874676,90.5169684636722,94.5937444141933,28.8223846455766,33.7421585961733,30.2874900647699,18.2270114447715,85.816068860034,69.8045397177128,103.044168798773,76.6357319036387,141.641008230356,10.7816974184861,36.945838141576,111.38605655768,111.999129263677,155.152444590693,141.24634097646,95.5462607181433,92.5653003177841,104.853595926792,100.415390140629,75.8488013188899,154.46240568161,143.49108289293,141.821478100111,79.0998418320455,21.9011266746641,47.4037362490974,175.658279418945,14.031385351651,74.6964811145669,67.252080193783,173.722808837891,0,163.472686767578,109.122126826534,153.183013916016,0,168.578602600098,160.080916086833,186.964627075195,148.401730855306,173.383033752441,0,145.047317504883,0,0,0,156.720481872559,0,0,0,200.11360168457,200.410720825195,0,189.607398986816,145.295615282926,0,0,185.818940596147,147.118050223903,207.573202514648,0,0,0,0,0
60.985666002546,94.1769376482282,131.155990600586,75.2055281125582,42.4871598482132,17.1806214616259,10.9941632935214,77.5658538818359,32.2652601156916,18.3262617078105,60.0700922012329,0,14.4703340564932,156.256256103516,36.945838141576,7.00454148731967,0,134.445424166593,0,148.715599060059,31.7270343674132,0,68.2863511585054,124.601336161296,26.0258269997143,136.440490722656,146.57878112793,134.007512709674,67.0172606437437,45.9327851976667,99.9953346252441,0,32.226382284808,0,112.428088665009,0,0,0,0,0,0,189.091583251953,0,197.113143920898,70.627685546875,173.899810791016,0,105.043304443359,0,0,0,0,0,0,0,0,0,0,0,137.803955078125,0,0,0,146.476768493652,0,0,0,0,0,0
91.1911108834403,42.6985955298701,58.4978759990019,39.0081313376253,0,0,88.9245567321777,77.3354408068535,103.83368619283,38.5286289606339,95.43982357449,115.085129737854,0,84.7508392333984,111.38605655768,0,8.66098966557655,76.0541186776721,127.544990539551,108.960399743282,0,14.5404733768892,25.5666362593434,13.3093130961949,28.9832168492231,117.555397033691,92.5580250024796,21.0851029713932,26.4031367576756,97.7649364725749,57.9523427990602,0,0,72.6232387937348,66.7431984460942,145.162431716919,0,94.3959762573242,58.6983922322591,0,0,0,99.1983489990234,146.536849975586,58.4515368143717,0,0,0,0,0,0,91.4497717152471,151.963119506836,0,0,0,102.584602355957,36.9327926635742,84.1324103546143,99.0741986361417,0,177.613212585449,96.9602289835612,95.8440500207849,139.386357625326,97.8117278416951,0,0,117.888961791992,118.180923461914
91.337391234733,47.8265232361836,27.5357375360676,56.3686178976031,130.920777638753,167.011434555054,129.576785342794,92.5099877891652,113.088459687047,108.89536702474,111.284720857682,43.7258725526317,180.520545959473,69.7727147102356,111.999129263677,134.445424166593,76.0541186776721,9.48551285559991,62.4009521699721,28.1050896406404,0,52.1135092081292,62.1102231723159,23.3537836627373,112.388083678025,69.2351800282796,23.9534337199678,55.8553724320575,92.2645734351451,88.6816632412248,72.7273824076665,77.5184417724609,175.966018676758,90.4086224347696,30.5524946661168,0,0,95.1282191467285,83.9667739868164,0,0,0,163.902374267578,178.287170410156,0,173.486862182617,0,0,0,0,0,104.273414611816,117.577997334798,0,113.198143005371,0,119.404543096369,94.1920120239258,110.308115800222,145.058398776584,0,115.557022942437,103.393386083491,177.471143086751,0,146.812057495117,0,0,0,109.716497294108
137.02105140686,62.9993172622308,84.955444922814,60.565003600775,0,0,190.496963500977,141.476953125,151.938776652018,123.737174224854,156.693810599191,25.4400398194036,0,38.2263986772212,155.152444590693,0,127.544990539551,62.4009521699721,9.06142648527013,12.6116855781202,0,103.440391540527,93.1834335327148,86.7536574623801,146.801086425781,43.5230754244644,22.2056544478248,58.4998484669561,150.604612350464,134.928775543862,129.859350658598,44.8867572335636,0,133.385187784831,50.046063899243,0,0,0,66.9602470397949,0,0,0,0,0,0,0,86.1753921508789,0,0,0,0,0,0,0,104.055806477865,0,0,0,0,184.854934692383,68.3056507110596,0,113.677350362142,0,0,0,0,0,0,0
120.699191759217,49.8456724455077,66.7258554991855,55.2694155690688,168.802833557129,189.86888885498,170.662095785141,126.252577603248,141.686061301928,116.252366785418,143.961663868116,21.1135684158433,184.331726074219,43.1149413699195,141.24634097646,148.715599060059,108.960399743282,28.1050896406404,12.6116855781202,9.65406126559479,172.355316162109,86.8309797725767,86.9890159867768,63.6021651157113,135.119508657882,41.5028486235245,24.4491211930803,57.4214435486776,124.978195901644,128.581961629992,107.63615339114,54.3530268859863,187.77449798584,118.206930841718,32.1411377139096,240.97282409668,88.6063491821289,117.437385559082,65.2948777335031,164.299942016602,0,0,197.350692749023,0,203.339019775391,0,109.811869303385,0,90.1195869445801,0,0,153.144411722819,116.09258215768,125.45694732666,108.574660644531,0,161.863555908203,150.106216430664,131.786478315081,0,101.353960990906,101.322309329186,102.558574459417,0,0,138.422225952148,0,0,0,105.363834635417
89.3413600921631,0,146.536407470703,80.9848680496216,10.2955594225038,110.62148030599,60.6301552656758,85.4658740650524,80.9306146294408,30.2103716210474,10.8150502290205,0,13.0684688845605,0,95.5462607181433,31.7270343674132,0,0,0,172.355316162109,8.23466514919907,0,72.1682100296021,119.051349639893,15.3383485128413,0,175.571586608887,160.435096740723,22.7660610506141,97.6379740534602,152.521929423014,0,129.889300028483,71.5093765258789,96.1648027692522,0,0,0,0,0,0,160.782691955566,0,0,76.6991653442383,157.767311096191,0,14.4316104349292,0,0,0,0,0,0,0,0,0,0,0,130.532932281494,0,0,0,140.064407348633,0,0,0,0,0,0
64.8043100410533,99.2093580245972,57.9784996790044,54.52894503479,0,0,112.287857055664,64.434704210244,95.0276314629449,68.3996335484037,107.938101026747,95.166885471344,143.348907470703,121.845203399658,92.5653003177841,0,14.5404733768892,52.1135092081292,103.440391540527,86.8309797725767,0,8.59614484916376,51.6146399879589,23.836948302821,12.2911167089329,126.982477823893,95.4434153041023,72.3116326097068,17.1968582210397,56.0445572554614,19.9976234919126,130.84782409668,114.275909423828,61.6285835538592,41.081234846913,122.66835294451,135.128875732422,151.429751078288,68.1205063988181,0,0,0,126.651196479797,138.464189147949,65.831657409668,119.483367919922,0,0,0,177.224075317383,0,103.009788513184,0,0,0,149.908782958984,110.890015193394,70.0627975463867,103.884537487495,112.478286488851,0,201.093475341797,146.583978652954,106.122859573364,136.821914367676,110.304659186469,0,0,131.268716812134,135.70783996582
89.943011701107,14.1947448237276,34.7970677885015,20.5703712376349,61.0004130276767,101.408158983503,114.062980016073,75.0172803453404,105.608883717021,30.0307689183115,85.6341824219606,118.944808415004,76.7089780171712,87.0072727203369,104.853595926792,68.2863511585054,25.5666362593434,62.1102231723159,93.1834335327148,86.9890159867768,72.1682100296021,51.6146399879589,6.9624791618895,38.5140305363715,26.9102143589771,67.4281064151378,77.841254607873,30.8209843756594,47.2499863729409,93.0384399240667,60.4198966363464,78.2322616577148,173.750122070312,72.928532661648,62.8906227454283,0,40.8786087036133,49.5612213134766,19.9274245759715,0,0,130.175659179688,123.10756111145,0,13.6707248687744,90.9491195678711,0,0,0,150.548736572266,0,53.3344606539098,69.0794397989909,0,85.1457672119141,0,66.3700229938214,24.8237165874905,51.9194716582427,105.463024684361,80.6196517944336,142.819534301758,54.4523297606922,92.7843595232282,0,61.3388917711046,0,0,0,80.5600929260254
77.0382390082637,61.3436815842338,21.928873993255,44.2143739803417,93.1289024353027,147.503005981445,114.305961871969,65.9243485219148,95.3827066600696,102.799704918495,85.6832809202133,71.1850655343797,158.6494140625,90.4020042419434,100.415390140629,124.601336161296,13.3093130961949,23.3537836627373,86.7536574623801,63.6021651157113,119.051349639893,23.836948302821,38.5140305363715,12.1073928032895,58.946799689612,89.1428878219039,65.5286140978372,38.8833956218733,32.6683941254761,54.8209290557722,43.2096845026806,99.2565905253092,135.634750366211,72.3627983619427,38.5176914104668,138.239456176758,0,104.690175114846,55.0061820896193,0,0,118.014102935791,134.252920532227,145.580596923828,135.668655395508,117.649322509766,182.834747314453,0,0,133.727035522461,0,95.7553528186887,118.19003868103,0,159.424697875977,0,100.623519966819,57.3355792733126,88.9446399888388,122.778624343872,154.285751342773,131.770057678223,102.898420952691,105.70682369579,148.833409627279,102.329795976119,0,0,0,124.898444747925
58.4412037764544,75.3207940370338,87.3657540143546,33.7196622873075,21.1367937825102,88.8455468882685,53.1570087011858,36.2287608199022,65.4756671025203,17.9919721889137,42.0958648739606,147.877151489258,13.8910120830678,135.893455505371,75.8488013188899,26.0258269997143,28.9832168492231,112.388083678025,146.801086425781,135.119508657882,15.3383485128413,12.2911167089329,26.9102143589771,58.946799689612,8.68781578852708,111.430593450019,119.602683455856,82.5849953528541,13.0036841317558,78.2534393078768,55.3376906285277,0,106.604524230957,64.8399730635567,76.3620392389446,112.923093318939,0,145.550181070964,53.8695312751519,106.18782528964,0,111.176149808444,106.196275292373,127.581481586803,78.3266058529125,112.058712790994,0,87.0404413011339,0,143.592709541321,146.380187988281,97.2274360656738,188.923416137695,0,0,120.475658641142,114.247543334961,0,130.33402633667,71.8981790515814,0,168.611022949219,140.122694015503,97.5738400689487,142.45466521292,117.337103525798,0,185.726776123047,123.848854064941,135.843417358398
137.326995849609,23.5151950622118,69.685014851888,20.8676546721921,0,172.29899597168,0,141.180496879246,171.473243713379,92.710541659562,147.990488433838,23.1898730190884,0,13.5861685694258,154.46240568161,136.440490722656,117.555397033691,69.2351800282796,43.5230754244644,41.5028486235245,0,126.982477823893,67.4281064151378,89.1428878219039,111.430593450019,10.4173300190981,33.0522140504919,20.7635452618966,124.983497074672,131.546074676514,147.542739174583,28.5904594885336,0,0,44.9651165925539,0,50.9395996440541,0,31.148074513051,0,0,0,0,0,107.37197265625,0,52.1848538047389,0,45.2757274627686,0,0,0,0,0,70.7648900349935,0,121.606132507324,86.6130652794471,0,114.724361419678,42.0594867978777,75.6042283376058,68.7604551315308,0,0,0,0,0,0,99.0419311523438
119.432558037253,38.4715214257288,21.1332581370268,41.9480685289547,127.683554755317,193.797927856445,146.989166840263,116.691394229848,139.219570725964,103.497433242484,129.374594079947,28.9222349005559,160.849723815918,18.8325491091141,143.49108289293,146.57878112793,92.5580250024796,23.9534337199678,22.2056544478248,24.4491211930803,175.571586608887,95.4434153041023,77.841254607873,65.5286140978372,119.602683455856,33.0522140504919,10.7579514324772,23.3147429296303,104.16260736137,144.538398849298,105.719129818828,21.0896760090411,188.386695861816,147.195563846164,59.2457011575284,227.559112548828,77.73214059127,106.371213785807,57.0505969047546,0,0,0,155.533187866211,0,0,238.837982177734,0,0,54.3381309509277,0,0,147.841888427734,100.248038854354,120.367832183838,97.5882637500763,0,135.533924102783,97.2882181803385,109.225483364529,170.616388320923,84.9120881822374,89.8478197869454,90.8530017723471,0,242.036865234375,141.215193612235,0,0,0,103.977616683297
119.386834865146,14.0194942388872,29.5041718907805,34.6261414022276,133.468878609794,172.725468953451,146.162464523315,108.868177467767,137.354179433357,97.3384111977408,124.825277058815,63.1595246887207,163.97492980957,21.0464048621386,141.821478100111,134.007512709674,21.0851029713932,55.8553724320575,58.4998484669561,57.4214435486776,160.435096740723,72.3116326097068,30.8209843756594,38.8833956218733,82.5849953528541,20.7635452618966,23.3147429296303,10.7134328023128,71.0097806774141,129.355394428202,103.6174561985,9.66221309921791,111.031188964844,118.546892570727,63.2995561050876,233.118896484375,88.563636302948,79.1965603957305,61.1277416584104,0,0,0,147.300412859235,151.818400065104,0,185.461164855957,114.728080749512,0,95.9666261672974,0,0,86.8473350062515,99.2490383869893,125.74840927124,99.5383565802323,0,104.468516382678,98.478698185512,88.5438673901914,155.121529212365,84.5340381198459,92.0921104007297,87.2626886620986,131.568556722005,184.913948059082,113.37565612793,0,0,0,97.2912804388231
58.2138620294057,84.0867484884059,61.0797249353849,42.6089869166783,12.7032946637653,118.832705688477,64.4815251381167,21.7075306654372,68.5562566009878,39.1707678320605,20.9474462469498,125.086764812469,36.6315973639952,119.525033950806,79.0998418320455,67.0172606437437,26.4031367576756,92.2645734351451,150.604612350464,124.978195901644,22.7660610506141,17.1968582210397,47.2499863729409,32.6683941254761,13.0036841317558,124.983497074672,104.16260736137,71.0097806774141,8.75536057891747,76.2115208849866,25.8851367967078,138.536966323853,118.728986104329,53.9206345447002,64.8506472072904,113.146656188965,0,132.800548553467,61.7202172960554,137.45858001709,0,128.477730362504,111.122589983259,140.724532462455,96.7797030280618,131.358261975375,0,73.5790076717254,0,153.281050364176,155.804611206055,100.238545372373,210.795303344727,0,0,146.860417366028,108.603763156467,83.7898368835449,110.744639587402,89.8821879187934,0,0,137.038740075153,95.5015323183952,134.841664971246,104.043898495761,0,0,127.29089050293,148.438972949982
19.3544726899423,120.692041135302,114.203239492468,84.9812853806817,95.0813158636224,21.2673623067252,31.9630581009088,78.2148789312343,31.3639219945454,83.0043149728295,87.5504375514302,54.9467332191717,78.4320872295862,66.7870339613694,21.9011266746641,45.9327851976667,97.7649364725749,88.6816632412248,134.928775543862,128.581961629992,97.6379740534602,56.0445572554614,93.0384399240667,54.8209290557722,78.2534393078768,131.546074676514,144.538398849298,129.355394428202,76.2115208849866,11.0296122070527,35.8732610765243,192.817962646484,11.8894842257785,21.5046671159885,38.4065278007746,155.567644755046,0,128.516565322876,101.15985338078,169.502237955729,0,176.88446866549,156.223454793294,179.72437286377,139.068269729614,166.130476379395,0,141.96842956543,0,199.431232028537,0,145.159609476725,0,0,0,182.603240966797,0,0,138.187365722656,136.425978745086,0,188.044410705566,176.452906095065,133.411591136127,176.026047926683,141.510434468587,0,0,172.953941345215,160.820259094238
19.3311698150931,104.895112718855,65.1734232212047,60.5155032373469,79.3753923269419,101.350519816081,77.361303986096,14.242549337513,63.0685499578282,60.1633668551322,60.7052964523059,110.509286954805,114.504028320312,127.328129196167,47.4037362490974,99.9953346252441,57.9523427990602,72.7273824076665,129.859350658598,107.63615339114,152.521929423014,19.9976234919126,60.4198966363464,43.2096845026806,55.3376906285277,147.542739174583,105.719129818828,103.6174561985,25.8851367967078,35.8732610765243,8.3883243483492,137.482672119141,113.78758430481,44.1203039366449,46.8281701756127,125.630780944824,0,140.405548095703,75.7202773690224,148.981323242188,0,129.74877166748,121.739535331726,150.266878763835,68.5635827382406,0,0,0,0,143.539007822673,0,113.6748773484,162.13688659668,0,0,0,121.314399719238,140.684398651123,123.449040004185,111.922718895806,0,141.38916015625,146.007444835844,103.962998642641,141.422928704156,108.223592789447,0,0,122.766899108887,146.881217956543
0,57.5923385620117,85.6205805460612,71.4556105477469,0,0,0,147.312477111816,150.330856323242,145.563636779785,164.551216125488,35.339340202422,0,8.31868675327147,175.658279418945,0,0,77.5184417724609,44.8867572335636,54.3530268859863,0,130.84782409668,78.2322616577148,99.2565905253092,0,28.5904594885336,21.0896760090411,9.66221309921791,138.536966323853,192.817962646484,137.482672119141,3.70969414483933,0,0,62.858491377397,0,0,0,0,0,0,0,0,0,0,0,0,0,0,0,0,0,0,0,0,0,0,0,0,0,0,0,0,0,0,0,0,0,0,0
93.6902465820312,0,0,118.132717132568,136.420295715332,6.66203357290573,14.7439538439034,110.116101582845,12.8049592823658,76.0849478585379,109.807509358724,48.0273193359375,94.7581187161532,69.9485015869141,14.031385351651,32.226382284808,0,175.966018676758,0,187.77449798584,129.889300028483,114.275909423828,173.750122070312,135.634750366211,106.604524230957,0,188.386695861816,111.031188964844,118.728986104329,11.8894842257785,113.78758430481,0,4.68073095109616,176.770233154297,36.2000251611074,220.46516418457,0,0,169.201614379883,0,0,0,0,0,0,0,0,0,0,0,0,0,0,0,0,0,0,0,0,0,0,0,219.389251708984,0,0,0,0,0,0,0
60.7770210148133,134.659364318848,129.083497619629,72.0375661487821,68.4662017822266,108.873497009277,105.63565826416,71.4099991480509,89.3535420009068,69.8048002421856,82.2862633213852,126.838368415833,84.617073059082,0,74.6964811145669,0,72.6232387937348,90.4086224347696,133.385187784831,118.206930841718,71.5093765258789,61.6285835538592,72.928532661648,72.3627983619427,64.8399730635567,0,147.195563846164,118.546892570727,53.9206345447002,21.5046671159885,44.1203039366449,0,176.770233154297,7.90938789019424,28.7176872347886,150.84538269043,0,148.68049621582,89.5446281433105,0,0,155.383377075195,129.63346862793,132.738021850586,0,177.978424072266,0,0,0,0,0,0,0,0,0,0,0,0,175.246826171875,119.316425323486,0,0,221.101165771484,116.041784498427,180.050201416016,141.026901245117,0,0,0,0
75.7742535287116,56.4103700476633,55.0401263899867,73.1410478853997,91.2957321166992,45.1467672586441,59.9150348504384,85.4931540509317,70.1966015790638,87.9011869923822,90.4641968003401,24.7949837429704,86.3065132930361,43.5799073853561,67.252080193783,112.428088665009,66.7431984460942,30.5524946661168,50.046063899243,32.1411377139096,96.1648027692522,41.081234846913,62.8906227454283,38.5176914104668,76.3620392389446,44.9651165925539,59.2457011575284,63.2995561050876,64.8506472072904,38.4065278007746,46.8281701756127,62.858491377397,36.2000251611074,28.7176872347886,10.8716558191224,141.825508117676,0,99.6811683654785,106.534891673497,0,0,157.654174804688,148.778131103516,158.777030944824,0,0,0,184.78645324707,0,177.705703735352,0,112.868447875977,123.850905100505,0,148.054428100586,0,125.339853559222,0,107.595978691464,134.390416232022,127.669692993164,116.533278329032,109.647299096939,126.443854823257,172.803143819173,119.697975158691,0,0,0,121.302253723145
142.206718444824,0,120.114166259766,104.595243930817,0,0,0,119.96201578776,161.70654296875,115.862884521484,150.275199890137,0,0,0,173.722808837891,0,145.162431716919,0,0,240.97282409668,0,122.66835294451,0,138.239456176758,112.923093318939,0,227.559112548828,233.118896484375,113.146656188965,155.567644755046,125.630780944824,0,220.46516418457,150.84538269043,141.825508117676,9.46199269849834,109.762907240126,80.8427138730704,58.6881954301264,60.1276050914418,0,74.4685292001498,17.5883813811006,17.3491675146377,59.0213045672183,52.6066008759691,108.877404022217,85.9600820541382,150.452980041504,11.9998330570971,87.1080589294434,80.9792016925234,83.3656472977094,118.774693806966,106.873128450834,73.2490852757504,53.2932657402189,74.0598073439165,82.6149184912966,52.4813924163999,152.691045125326,108.595599974562,112.040716949463,52.3628713188894,14.4326013039253,15.6362051283009,136.486457824707,94.7708463668823,39.842517789403,46.1791242145357
178.287704467773,66.0833282470703,84.934455871582,39.9543665105646,0,0,0,138.755554199219,0,0,0,0,0,0,0,0,0,0,0,88.6063491821289,0,135.128875732422,40.8786087036133,0,0,50.9395996440541,77.73214059127,88.563636302948,0,0,0,0,0,0,0,109.762907240126,7.70399244984431,37.0805944442749,14.7597471453943,94.6227852957589,0,106.358444213867,112.336264579527,134.252781261097,64.5851161322997,113.815264383952,56.077996171551,0,50.2726942779152,139.749130249023,0,46.3201061857158,45.8901830960259,59.2911231429489,47.9597815475351,0,65.9128498443185,28.2336282495331,63.1180011450999,71.9278587298447,23.7035857478222,40.6685435690354,27.7369347274948,97.4155008416427,113.03821864881,88.1916748682658,68.8988599777222,0,0,50.4031467340678
161.838714599609,59.8270500183105,78.9997777717058,45.9374227523804,0,0,173.905090332031,185.598190307617,181.783630371094,0,158.811849975586,134.901847839355,0,0,163.472686767578,0,94.3959762573242,95.1282191467285,0,117.437385559082,0,151.429751078288,49.5612213134766,104.690175114846,145.550181070964,0,106.371213785807,79.1965603957305,132.800548553467,128.516565322876,140.405548095703,0,0,148.68049621582,99.6811683654785,80.8427138730704,37.0805944442749,9.071598402416,38.6652645827253,106.173881530762,0,116.597000394549,71.4194077296849,85.496351418375,73.0130323410034,76.5304539223457,80.6894399854872,126.659341812134,76.4920333862305,100.941177653756,109.86304473877,61.3931894420106,27.2441771249052,67.8154854774475,51.3469199192377,0,52.0344673296727,45.9402933864729,17.9230234552316,82.1221506258862,68.8856035868327,17.2313986412994,17.2883162053795,63.103144332834,110.498620074728,47.4672877628851,84.1118865966797,147.699279785156,117.430341932509,50.6576139539735
91.9220771789551,44.8374156951904,0,9.53246470430489,79.3571792602539,123.419403076172,104.083137512207,77.4631219591413,104.301651402524,51.3516578674316,90.0210855445083,119.407829284668,0,52.4279518127441,109.122126826534,0,58.6983922322591,83.9667739868164,66.9602470397949,65.2948777335031,0,68.1205063988181,19.9274245759715,55.0061820896193,53.8695312751519,31.148074513051,57.0505969047546,61.1277416584104,61.7202172960554,101.15985338078,75.7202773690224,0,169.201614379883,89.5446281433105,106.534891673497,58.6881954301264,14.7597471453943,38.6652645827253,10.8967913249715,65.3246858384874,134.200820922852,67.632543069345,51.6570133702568,73.4432978400741,36.1681172662785,63.5710107950064,44.5773414220565,75.6338176727295,39.8538466462302,83.7743602926081,0,35.8888521524797,51.0877349164226,57.8999904087612,48.3197096440587,84.9420110914442,47.694823522766,31.9300373371201,34.7671725810453,29.2493401170242,21.0846494316612,43.006965523233,39.703658790457,39.5896125702481,81.3712324976103,49.8266430321049,64.6566599065607,124.389673868815,75.8503618336687,62.985424580498
0,0,0,0,4.10842330761445,0,151.158302307129,0,0,0,151.444109598796,0,0,0,153.183013916016,0,0,0,0,164.299942016602,0,0,0,0,106.18782528964,0,0,0,137.45858001709,169.502237955729,148.981323242188,0,0,0,0,60.1276050914418,94.6227852957589,106.173881530762,65.3246858384874,7.61648572046789,0,44.3041192335604,47.7219754973454,78.6786632068052,39.9275966002562,17.7575103198333,0,32.9492024347685,127.029586791992,94.4733608922651,55.8703009741647,60.709423828125,134.962785508898,0,125.015548706055,10.8632900987277,112.466426849365,51.2040117703951,114.119026729039,16.8432237532054,116.284572601318,134.973266601562,106.856092224121,10.0528723180341,93.7185201510577,108.765119280134,0,126.606838226318,77.5337664286296,90.5390734915006
0,0,0,0,0,0,0,0,0,0,0,0,0,0,0,0,0,0,0,0,0,0,0,0,0,0,0,0,0,0,0,0,0,0,0,0,0,0,134.200820922852,0,7.93642710631602,11.5225067626423,0,19.0299560566362,46.5023230677066,95.5062891642253,53.8708572387695,46.0411949157715,0,24.4705608558655,14.7351664161853,0,0,0,0,66.9241180419922,0,0,0,67.0189440590995,0,0,0,113.361213684082,27.8935802967177,96.711311340332,0,13.0263600023936,0,25.209739000657
159.997634887695,0,0,122.163760375977,142.931320953369,0,157.155718289889,134.71438533238,163.685664749146,104.925939559937,145.496449751012,0,0,0,168.578602600098,189.091583251953,0,0,0,0,160.782691955566,0,130.175659179688,118.014102935791,111.176149808444,0,0,0,128.477730362504,176.88446866549,129.74877166748,0,0,155.383377075195,157.654174804688,74.4685292001498,106.358444213867,116.597000394549,67.632543069345,44.3041192335604,11.5225067626423,7.94425306994998,37.8445350905478,15.0688588279201,24.770316426754,16.8818393264925,80.31838242904,20.7799847745757,87.6968015034993,46.1703156234686,8.47687278106061,85.1017333984375,142.350241978963,116.392112731934,106.940748214722,34.1399502392057,137.451551437378,126.562400817871,114.28198724044,43.2052592260604,0,140.219771385193,116.928300901901,44.0126358443885,50.159422974283,98.6412435259138,0,15.3028430750975,92.1305799484253,54.6970929068488
0,0,0,86.1076981226603,147.380737304688,199.804473876953,144.698226928711,126.682466506958,0,0,137.858846028646,0,0,0,160.080916086833,0,99.1983489990234,163.902374267578,0,197.350692749023,0,126.651196479797,123.10756111145,134.252920532227,106.196275292373,0,155.533187866211,147.300412859235,111.122589983259,156.223454793294,121.739535331726,0,0,129.63346862793,148.778131103516,17.5883813811006,112.336264579527,71.4194077296849,51.6570133702568,47.7219754973454,0,37.8445350905478,7.11150752757677,30.2127790269519,52.549453042359,11.1538654375806,107.489714379404,29.8636295636495,132.068164401584,21.2110910464611,70.4086570739746,74.7007403055827,81.6115117944697,130.12459400722,105.590497592627,70.5810619990031,62.1038661023815,75.2611188292503,68.2273058146456,40.1890340474203,124.637758527483,106.010469919708,94.5616765839713,16.2849294883056,47.6488772209304,12.6370328169799,139.23112487793,106.93271484375,57.7151000670024,67.4858568565222
144.314849853516,0,166.650604248047,111.169276428223,0,0,179.003089904785,148.228491973877,163.256014506022,0,160.91680431366,0,0,0,186.964627075195,197.113143920898,146.536849975586,178.287170410156,0,0,0,138.464189147949,0,145.580596923828,127.581481586803,0,0,151.818400065104,140.724532462455,179.72437286377,150.266878763835,0,0,132.738021850586,158.777030944824,17.3491675146377,134.252781261097,85.496351418375,73.4432978400741,78.6786632068052,19.0299560566362,15.0688588279201,30.2127790269519,7.90425816974422,73.3954985992253,21.6758964706453,81.4760168604104,71.7016254987331,116.861894607544,15.0560488390828,19.6846177231552,107.456951141357,98.2240483075723,108.658487108019,122.689917865981,78.1125506581487,86.8317022034616,87.3875555992126,89.1505681328152,66.2936122701326,174.091552734375,120.979262208403,121.377205231116,61.7607187613463,29.2286812698652,53.5230362600066,161.22582244873,20.1811157592341,58.4708638243623,41.7121123735453
162.42512512207,129.105545043945,139.087600708008,13.3756865040074,0,0,112.426259358724,95.4663208007812,131.572799682617,56.3061676025391,118.726760228475,0,0,0,148.401730855306,70.627685546875,58.4515368143717,0,0,203.339019775391,76.6991653442383,65.831657409668,13.6707248687744,135.668655395508,78.3266058529125,107.37197265625,0,0,96.7797030280618,139.068269729614,68.5635827382406,0,0,0,0,59.0213045672183,64.5851161322997,73.0130323410034,36.1681172662785,39.9275966002562,46.5023230677066,24.770316426754,52.549453042359,73.3954985992253,5.53914418490402,56.8444225132065,115.634385245187,9.91929312055991,111.060624878982,83.4160370988911,18.3952566640075,30.06362038656,107.013837602403,121.331700134277,108.682482870002,32.2130259445735,95.1337041121263,22.4742107636122,90.3865317711463,14.433619003227,92.1899479610819,106.878583117743,98.0294331244703,37.416073423762,82.2258444334331,53.747218811649,116.088794708252,95.7427177429199,76.5018750927116,89.4554734506915
0,0,0,115.765948159354,131.252475738525,0,157.605743408203,139.13389452766,154.707763671875,0,152.446245071736,0,147.791475931803,0,173.383033752441,173.899810791016,0,173.486862182617,0,0,157.767311096191,119.483367919922,90.9491195678711,117.649322509766,112.058712790994,0,238.837982177734,185.461164855957,131.358261975375,166.130476379395,0,0,0,177.978424072266,0,52.6066008759691,113.815264383952,76.5304539223457,63.5710107950064,17.7575103198333,95.5062891642253,16.8818393264925,11.1538654375806,21.6758964706453,56.8444225132065,9.32942478029917,146.117479801178,22.6862072523133,154.124797821045,22.1400404627057,58.9252291520437,92.2731160764341,95.0954153321006,134.961074829102,121.170958275888,14.2412451499128,87.5455675836819,77.6061840057373,76.2773929085842,36.0236514861816,158.635696411133,111.406000302533,101.667017288697,21.0474861764364,87.2251590249784,37.9944045472597,0,117.784308800331,91.5786188802412,90.8101525650024
