11.4707011907914,120.330343073065,74.2941439164247,78.7800279151736,79.9297381314364,67.0576734542847,46.8786565295437,27.7637470041615,33.7430917878962,70.3142644177686,55.1150258258431,134.851009792752,75.3607740402222,136.986424763997,13.9394919893457,47.7147494348986,83.3196258544922,89.1776573874734,138.050863265991,122.17450352719,84.0460074288504,69.5397226692426,84.9103113614596,63.2475700842211,72.621406268048,136.185241699219,106.099384353822,122.072099738165,61.6396390712204,9.98957783163758,28.6693876299143,163.721572875977,73.74875831604,41.816807601187,84.1156332530673,141.981155395508,0,143.059051513672,90.4736196583715,166.489456176758,0,177.746566772461,0,164.488502502441,99.2903544108073,165.014465332031,0,0,0,196.253845214844,0,120.568440755208,168.138031005859,0,0,0,0,0,171.219869995117,113.857990264893,0,181.970428466797,156.927820841471,140.624168395996,177.829563140869,133.656829833984,0,0,0,175.246551513672
120.330343073065,6.92364096915807,32.7727158987281,11.306820114809,113.75734601702,0,177.675018310547,101.978607904343,126.116399129232,73.9199077778883,122.191576524214,66.1321075227525,88.0682963321083,40.3644441578486,137.594224196214,93.2353826250349,43.8713299816747,51.9162161556972,71.4378530440792,56.9026878505734,98.5044809977214,86.4079827202691,27.3198664330694,67.7763197664729,81.5737478058165,15.7122512947429,38.250545084346,22.5257667587152,88.284330578508,109.380043376576,98.8698527018229,60.4758033752441,0,97.9560816838191,57.4663775428224,0,0,108.334602355957,60.901718378067,0,0,163.73161315918,147.354827880859,226.543746948242,0,0,0,0,63.4218273162842,0,0,0,88.2432246208191,0,144.164825439453,179.820770263672,150.427474975586,84.4822285970052,121.721614074707,132.918273925781,0,76.4689046686346,82.774284362793,145.045486450195,169.153060913086,0,0,0,0,0
74.2941439164247,32.7727158987281,10.5489092486264,39.7814652812374,110.067268371582,0,114.507771742971,75.4994638553144,103.318029532755,93.997301940918,92.1915957439377,87.5122179985046,114.582229614258,69.616024408585,96.5850505714645,103.557090759277,63.5268169489122,29.0244350853773,88.4119440714518,70.9659494738425,136.988834381104,57.4497127807178,41.8665034200834,19.4582114953935,90.7071894327799,65.2647361755371,22.024422979886,27.9149821118652,68.4474987851981,85.3868955650077,68.9752977719097,82.6436487833659,0,97.6812051137288,54.5837233675287,143.918930053711,71.2074178059896,84.9911536077895,54.7763410428675,177.911926269531,0,0,145.801005045573,163.386033194406,106.310249328613,143.535861968994,0,0,0,162.078747558594,0,94.5528038426449,98.5489458524264,0,115.568519592285,172.154403686523,111.788194064436,62.6665430242365,100.334371982921,127.876885414124,141.672332763672,99.9050068325467,89.6783942287251,142.888540970652,163.163751602173,136.276403808594,0,0,197.332778930664,115.85914872822
78.7800279151736,11.306820114809,39.7814652812374,25.5306644855846,60.3088728033978,106.232704925537,99.4100054227389,71.4492610550855,93.2285077689898,14.8263519098982,88.9416518757362,65.2185481598503,40.9482613669501,36.5965223058065,90.3914665439265,37.4950816505834,42.6888699287649,59.0477722986573,57.7064998742306,55.2712376833619,69.4273720847236,62.0808425738657,29.5492261249738,53.5437802293201,45.1887860013634,15.0352760989919,42.0655613677368,40.2559644141478,58.6036614850362,68.2176614284515,64.9275005949583,51.9929935352222,0,57.1190695808631,64.1595387394364,125.374664306641,40.7348753792899,61.0844356446039,14.3363199787245,93.1964416503906,0,80.2519226074219,111.833528518677,148.555292129517,24.2976484298706,119.104286193848,58.0002161661784,0,51.0047543843587,95.2265930175781,0,71.8428699493408,64.818800294903,0,66.9776770371657,91.5391464233398,89.4360733032227,7.88124115821396,73.3292880979907,73.7854129617864,53.5434325218201,51.7568086687025,53.6869372602282,89.8425707609757,95.9725973946708,107.77792335959,93.2714385986328,0,69.4738159179688,65.63944384257
79.9297381314364,113.75734601702,110.067268371582,60.3088728033978,8.89890437787093,119.438591003418,50.0269536154611,56.2657936414083,93.846720457077,50.2377139432931,22.0425314473256,0,21.0588938540424,0,91.5388252258301,58.1005321502686,0,123.409698486328,0,0,12.701076587805,0,57.320382470954,107.521480560303,20.8755012159358,0,133.749130249023,113.142265319824,13.1038627683331,84.9408225293429,76.1400115966797,0,0,75.0402544772986,88.0565719604492,0,0,0,79.6205285016228,6.50556399524212,0,0,0,169.728815714518,92.7603378295898,142.159393310547,0,16.4975566118956,0,161.729095458984,0,0,0,0,0,13.225857257843,0,0,0,60.5831976085901,0,0,0,109.70063273112,228.672897338867,0,0,0,0,84.1432266235352
67.0576734542847,0,0,106.232704925537,119.438591003418,6.39740587527572,11.9337352663666,104.786968431975,25.9971407727693,125.073445638021,100.283411208897,50.6019477844238,76.951669546274,0,30.3648997525135,15.4048642435695,0,144.970291137695,0,0,117.58493746244,106.620750427246,112.21169535319,115.199739456177,109.349545070103,0,141.561103820801,120.575950622559,116.127250671387,17.9172879787938,102.479232788086,0,7.70057284800163,101.249549865723,32.3884700199343,0,0,0,118.023300170898,0,0,0,0,0,0,0,0,0,0,0,0,0,0,0,0,0,143.905014038086,0,163.927551269531,159.984085083008,0,0,0,175.1767578125,0,0,0,0,0,0
46.8786565295437,177.675018310547,114.507771742971,99.4100054227389,50.0269536154611,11.9337352663666,8.78502480044688,59.7937873591963,19.9675937182062,85.2330917730564,23.2110181557384,69.6550476074219,15.3370572479674,76.8302993774414,28.2104109555008,11.6582456357768,146.510070800781,128.368725246853,0,146.613451385498,37.9318472252914,117.560003662109,103.517076932467,102.569869264643,77.8900095468544,141.084930419922,140.316832893773,142.842799018411,65.6255063333455,31.684712737143,78.018721110026,0,18.1320376422327,74.4640010145844,42.9280946046403,149.170104980469,0,213.24528503418,106.777015686035,92.2181529998779,0,0,140.97981262207,189.571395874023,112.672569274902,144.094253540039,0,37.1259332384382,0,162.275787353516,0,0,0,0,0,0,0,0,194.042510986328,121.600219249725,0,247.918121337891,180.01505279541,146.30738394601,174.311874389648,0,0,0,217.917297363281,191.908584594727
27.7637470041615,101.978607904343,75.4994638553144,71.4492610550855,56.2657936414083,104.786968431975,59.7937873591963,8.5598948374713,49.0198290499155,57.7006726457615,13.017983764639,152.039649963379,54.6422374497599,138.239936828613,42.7958005752484,64.4762928009033,87.52595945505,94.2909225262209,167.830718994141,134.828970947266,69.4312973851743,58.7876793146133,72.1595542475862,55.3178483591784,51.8966709844554,0,105.856305974874,104.533888654889,30.0597180864775,56.5797094024326,11.3622694996738,139.677062988281,99.7350446260892,55.0251258994048,78.6991807592607,157.045692443848,0,152.025680541992,80.491728868434,115.062627792358,0,130.248936335246,134.631455739339,161.800827026367,101.045691013336,146.144848505656,0,85.5367279052734,0,159.802324567522,0,127.546714782715,176.464332580566,0,0,149.460628509521,139.090436299642,97.4452143351237,145.581426520097,99.5275620713746,0,170.454425811768,164.672669728597,128.440400238037,162.441818237305,142.823637962341,0,0,0,164.829022216797
33.7430917878962,126.116399129232,103.318029532755,93.2285077689898,93.846720457077,25.9971407727693,19.9675937182062,49.0198290499155,10.6822982787162,86.9281364190774,24.0145512572565,105.867128071032,30.3103267131434,125.629869733538,14.070520089215,28.5439003137645,114.26318359375,115.65387831277,153.829844156901,150.640849373557,78.9302488382046,98.8514685997596,99.1398916625977,90.1455022386936,85.5709435599191,182.536666870117,129.948004471628,138.832938665076,77.6430113566843,25.6511501302987,62.5175634824313,159.211578369141,15.6219994058838,67.4437780941234,60.2606173830648,191.358940124512,0,0,107.057152748108,78.9077377319336,0,173.126449584961,163.579002380371,0,101.601713562012,173.902094523112,0,0,0,200.526054382324,0,232.427963256836,187.232513427734,0,0,0,178.293975830078,157.324127197266,0,142.183824221293,0,171.535934448242,183.167370605469,151.593975067139,165.095367431641,181.760208129883,0,0,0,0
70.3142644177686,73.9199077778883,93.997301940918,14.8263519098982,50.2377139432931,125.073445638021,85.2330917730564,57.7006726457615,86.9281364190774,9.02858230203739,67.4754464592732,126.655670166016,9.15798662763995,112.890345255534,87.3315866871884,19.8777489573042,84.3194739023844,115.117696661698,143.402099609375,141.627447128296,52.636848031658,79.7766434596135,25.1237213104192,87.0070094092418,26.2868720059424,91.794813397287,113.206118345261,100.054999171077,46.9414681397372,59.2684701916339,58.5580817839679,0,119.462446212769,51.9109480837558,68.0354339264251,0,0,0,46.7270438120915,101.567507425944,0,114.284222920736,105.355761210124,129.999145507812,69.9384002685547,110.195762634277,0,82.1367321014404,0,135.660140991211,99.2259750366211,171.650253295898,0,0,0,98.9024004255022,167.195465087891,58.3350238800049,0,64.3037743672837,0,187.225570678711,0,98.9224998072574,145.355745315552,148.467864990234,0,0,0,0
55.1150258258431,122.191576524214,92.1915957439377,88.9416518757362,22.0425314473256,100.283411208897,23.2110181557384,13.017983764639,24.0145512572565,67.4754464592732,9.88931577145754,148.321594238281,16.0893814188108,148.266693115234,43.0137477435034,60.9363745563435,108.413538614909,118.804238433838,166.996943155924,150.591529846191,14.4158673912061,102.270780944824,88.7289211099798,87.0565905999281,57.9491369437722,153.928461710612,123.073887280825,122.071673994305,25.8862907390502,76.1566393123788,60.8238409576416,191.405151367188,110.416654221555,67.0719205912977,79.1311387229014,0,0,159.504428863525,93.5877721985774,26.2432461903419,0,153.930926005046,142.739305768694,182.457799275716,121.69873046875,163.854029337565,0,48.2257678508759,0,185.239166259766,154.019180297852,0,218.069885253906,0,0,152.693791707357,178.253158569336,109.271297454834,161.221301269531,106.9973487854,0,0,186.410816192627,137.583314476944,181.573738098145,167.777150472005,0,0,214.495666503906,175.067133585612
134.851009792752,66.1321075227525,87.5122179985046,65.2185481598503,0,50.6019477844238,69.6550476074219,152.039649963379,105.867128071032,126.655670166016,148.321594238281,15.701540849694,0,19.5988341562069,116.323249053955,0,120.575834274292,56.6016922275008,26.5249458288985,24.3354690653448,0,97.3047524104043,94.8699467976888,84.2489504212315,152.086096869575,23.4166982682679,22.6319295708421,69.1035277493578,145.469098091125,54.8164396830967,102.967510491087,31.8686111182895,56.8813635508219,95.6978081151059,29.3475788151245,0,0,149.258288065592,63.2906494140625,0,0,0,192.154754638672,0,143.277633666992,0,0,0,86.3631235758464,0,0,0,128.940730285645,0,121.116477966309,0,0,0,141.582448323568,165.441589355469,60.7279853820801,105.294290815081,121.5853158274,0,0,192.387481689453,0,0,0,137.756088256836
75.3607740402222,88.0682963321083,114.582229614258,40.9482613669501,21.0588938540424,76.951669546274,15.3370572479674,54.6422374497599,30.3103267131434,9.15798662763995,16.0893814188108,0,8.69835232037893,0,75.7882379215196,11.5149212910925,0,170.26245880127,0,0,11.6795980885477,121.979385375977,54.2413279332152,102.973157246908,19.9954200897328,110.42341003418,129.559084574382,118.436763218471,37.1640202483175,75.5848962411113,74.475462436676,0,95.2605094909668,70.3475610097249,81.2551011172208,0,0,0,57.9743946075439,35.9137962095199,0,45.9045796827836,97.7143020629883,0,64.6637948843149,66.6937238693237,0,11.7192758384269,0,151.200828552246,69.4760284423828,0,0,0,0,12.8468868759857,0,0,0,69.7871169589815,0,170.465606689453,0,111.031266784668,0,0,0,0,0,171.773727416992
136.986424763997,40.3644441578486,69.616024408585,36.5965223058065,0,0,76.8302993774414,138.239936828613,125.629869733538,112.890345255534,148.266693115234,19.5988341562069,0,5.71807504894768,164.080106099447,0,112.078688621521,77.7000403333066,41.6471561562525,49.8852023090328,0,106.110965183803,70.9421675205231,101.927512804667,129.986065257679,14.4074832526488,19.2911462667899,17.4594111760139,137.20628956386,71.3175751014992,126.563734788161,9.41401135480546,0,127.848918914795,49.9917399397661,0,79.667534056164,123.308563232422,42.5592807224819,0,0,0,0,0,126.866708755493,0,64.7529919147491,0,61.2526933601104,0,0,0,154.880863189697,87.6304044723511,78.1518971920013,0,168.779891967773,94.796102142334,155.166915893555,140.258117675781,51.7335435967696,73.5604150560167,78.8638306189021,173.829177856445,166.312744140625,196.478141784668,85.6874582041865,0,0,86.765510559082
13.9394919893457,137.594224196214,96.5850505714645,90.3914665439265,91.5388252258301,30.3648997525135,28.2104109555008,42.7958005752484,14.070520089215,87.3315866871884,43.0137477435034,116.323249053955,75.7882379215196,164.080106099447,7.48148882699746,33.1870547565845,133.422611999512,105.134340166652,154.982743157281,143.506266185216,86.6445222639702,90.8317877054214,106.944402868097,88.0413811006784,84.7022813981579,130.147239685059,125.012109103733,144.281679752099,77.6218960467433,13.1636015869718,49.4665967042686,0,14.2004893224595,41.3088209746314,62.308327785513,0,0,186.979792277018,98.8400369945325,98.7773399353027,0,162.030090332031,144.466468048096,178.544326782227,107.363558451335,193.288818359375,0,178.581741333008,0,172.822708129883,181.152481079102,187.866826375326,209.40217590332,0,0,0,164.489517211914,164.319961547852,205.48397064209,123.57325055049,0,187.768030802409,193.548368665907,146.588689531599,181.382931518555,155.307459513346,0,0,0,207.153289794922
47.7147494348986,93.2353826250349,103.557090759277,37.4950816505834,58.1005321502686,15.4048642435695,11.6582456357768,64.4762928009033,28.5439003137645,19.8777489573042,60.9363745563435,0,11.5149212910925,0,33.1870547565845,6.64147127478947,0,120.986030578613,0,177.806701660156,47.2678062069801,74.7786140441895,54.5862023405326,103.632598876953,37.258728590792,109.188233375549,128.819305419922,131.072602408273,59.3908582687378,43.4244628813532,80.7931837784617,0,41.3782882054647,76.6987173897879,23.846636476651,0,0,0,102.163095092773,0,0,0,132.549438476562,0,0,137.47639465332,0,0,0,0,0,0,0,0,0,99.5750961303711,0,96.7159856160482,0,83.7806396484375,0,0,0,124.092864990234,0,0,0,0,0,0
83.3196258544922,43.8713299816747,63.5268169489122,42.6888699287649,0,0,146.510070800781,87.52595945505,114.26318359375,84.3194739023844,108.413538614909,120.575834274292,0,112.078688621521,133.422611999512,0,13.933204370842,93.39582746274,129.369384765625,115.172269300981,0,23.5879415846509,32.5071926882108,20.38945115454,27.4320027505522,87.2560246785482,91.262461864587,24.5038481303767,39.8935783881586,88.2811653137207,81.8482980604296,124.295293172201,121.595657348633,78.1999117533366,78.2618845923472,140.227226257324,0,95.4223736849698,60.6005931653474,0,0,0,135.687652587891,154.15552520752,61.0859069824219,0,0,0,0,151.067535400391,0,99.8743185903512,133.011422157288,0,174.269805908203,0,108.91491830349,52.0127726737152,96.4377608833924,63.530813369751,0,140.413514570756,109.165919454474,119.022470408473,148.346929376776,120.127859206427,0,0,146.542205810547,131.273593902588
89.1776573874734,51.9162161556972,29.0244350853773,59.0477722986573,123.409698486328,144.970291137695,128.368725246853,94.2909225262209,115.65387831277,115.117696661698,118.804238433838,56.6016922275008,170.26245880127,77.7000403333066,105.134340166652,120.986030578613,93.39582746274,8.56969537066808,63.7595177455921,27.0454318693774,117.02619934082,46.4576301034754,63.0072660099376,17.1986853741581,115.619700996964,61.1335589090983,17.1690092876829,61.4086464713037,108.103342846186,80.248025373979,67.875180138482,80.6139856974284,173.345893859863,71.3735821533203,32.4073368832625,170.53108215332,98.1255168914795,103.103554161796,77.2295149869697,150.460159301758,0,200.806610107422,162.501362609863,192.602177937826,141.681777954102,178.43251546224,0,0,0,187.194464111328,0,122.141186053936,114.34534962972,0,124.476647949219,0,132.582524980818,102.744544102595,121.71141041347,160.96969350179,131.905670166016,113.081390380859,106.519333528391,169.723570251465,197.694506835937,160.452515193394,0,0,0,123.669980932165
138.050863265991,71.4378530440792,88.4119440714518,57.7064998742306,0,0,0,167.830718994141,153.829844156901,143.402099609375,166.996943155924,26.5249458288985,0,41.6471561562525,154.982743157281,0,129.369384765625,63.7595177455921,5.91382435266227,15.0760840834513,0,104.331272888184,123.23394203186,98.4185054920338,142.576950073242,46.1192387076965,16.6138949387122,59.2405283935368,168.816822052002,104.828375407628,118.176137623034,49.8161323301254,0,113.950268554687,55.3058773162635,0,103.269500732422,142.743830362956,90.0454566955566,0,0,0,0,0,150.654724121094,0,140.802871704102,0,0,0,0,0,119.649728775024,0,108.83140039444,0,0,0,152.05265045166,209.453811645508,88.2367986043294,100.04629038148,109.828541107178,206.684448242188,228.130279541016,0,112.434516906738,0,0,125.906946818034
122.17450352719,56.9026878505734,70.9659494738425,55.2712376833619,0,0,146.613451385498,134.828970947266,150.640849373557,141.627447128296,150.591529846191,24.3354690653448,0,49.8852023090328,143.506266185216,177.806701660156,115.172269300981,27.0454318693774,15.0760840834513,12.0136883454879,0,87.8816220175006,106.018693529326,68.861186340863,147.962443796794,44.3582228307855,17.7021754698914,62.1487652891999,130.812335395813,101.964112106323,99.8617236004678,59.7433670623393,190.133399963379,89.1818703039369,37.8666743515156,0,95.6068439483643,120.97738915159,82.4432982059947,0,0,0,178.528182983398,0,150.875768025716,0,0,0,101.208979288737,0,0,142.447235107422,121.822015015975,113.656376647949,110.543779307398,0,151.386039733887,121.823072433472,146.831417670617,245.610321044922,91.3480930328369,102.130457249271,109.755239062839,183.460479736328,157.057113647461,184.088104248047,0,0,0,117.70630607605
84.0460074288504,98.5044809977214,136.988834381104,69.4273720847236,12.701076587805,117.58493746244,37.9318472252914,69.4312973851743,78.9302488382046,52.636848031658,14.4158673912061,0,11.6795980885477,0,86.6445222639702,47.2678062069801,0,117.02619934082,0,0,6.69896927762126,0,68.6457966219994,0,16.1708631048065,0,170.005793253581,132.644882202148,25.7569253928685,86.8375950472071,72.9442814418248,0,130.576612472534,79.0645201173547,89.4630587100983,0,0,0,97.8391437530518,15.7817083787007,0,156.389755249023,0,0,0,141.392997741699,0,7.89137248039246,0,0,0,0,0,0,0,0,0,0,0,109.690695020888,0,0,0,120.140949249268,0,0,0,0,0,165.737014770508
69.5397226692426,86.4079827202691,57.4497127807178,62.0808425738657,0,106.620750427246,117.560003662109,58.7876793146133,98.8514685997596,79.7766434596135,102.270780944824,97.3047524104043,121.979385375977,106.110965183803,90.8317877054214,74.7786140441895,23.5879415846509,46.4576301034754,104.331272888184,87.8816220175006,0,10.2212638448453,53.1748169486002,20.1429124873655,35.1095974661106,92.3845935397678,90.5336689881239,66.8548707906266,23.2190536699179,46.483086534125,24.2421174594409,106.43656539917,0,28.1687035469104,41.8852671908548,139.986604690552,0,134.415439605713,71.6985294405975,0,0,0,127.645260947091,158.699731009347,79.2070954640706,179.905838012695,0,0,0,156.439594068025,0,102.672866226791,146.931158277724,0,174.397331237793,0,116.287600152286,69.0928064852345,116.573707305633,102.933410114712,0,151.240236918132,143.475723060402,119.108798454548,141.567994401262,120.863355084884,0,0,124.59534107555,136.874832416403
84.9103113614596,27.3198664330694,41.8665034200834,29.5492261249738,57.320382470954,112.21169535319,103.517076932467,72.1595542475862,99.1398916625977,25.1237213104192,88.7289211099798,94.8699467976888,54.2413279332152,70.9421675205231,106.944402868097,54.5862023405326,32.5071926882108,63.0072660099376,123.23394203186,106.018693529326,68.6457966219994,53.1748169486002,7.71977366534489,47.6746740246619,37.427874231441,52.7483783721924,87.32331046157,34.6746781558565,54.1289346162581,70.6653413422254,62.5671817145064,103.004234313965,141.929306030273,60.3436582075442,63.5501867021833,121.497749328613,0,89.5878695437783,60.6917629480362,0,0,0,104.87996673584,113.729766845703,82.1495513916016,0,0,108.277046203613,105.218406677246,232.632690429688,0,72.1855837504069,112.177281188965,0,178.070663452148,130.869861602783,87.9731178283691,57.3941139333388,75.8798686100886,90.5230722780581,0,131.59041595459,85.5671590566635,126.82472038269,190.070358276367,113.797298113505,0,0,184.564407348633,145.581994056702
63.2475700842211,67.7763197664729,19.4582114953935,53.5437802293201,107.521480560303,115.199739456177,102.569869264643,55.3178483591784,90.1455022386936,87.0070094092418,87.0565905999281,84.2489504212315,102.973157246908,101.927512804667,88.0413811006784,103.632598876953,20.38945115454,17.1986853741581,98.4185054920338,68.861186340863,0,20.1429124873655,47.6746740246619,14.7778428104591,55.2606850090737,80.2842976706369,66.1760241341456,39.70402440609,47.1911321420349,63.1239759790201,44.2768947966458,96.8407440185547,157.870315551758,55.3370636708638,43.5960584623249,154.832949829102,81.7559986114502,100.997025426724,66.7933942402879,0,0,171.239715576172,148.819888375022,161.892111206055,0,138.801717122396,159.183970133464,0,0,173.554096221924,0,102.684708833694,127.810135099623,179.552383422852,144.086740112305,0,113.433254676137,62.199254895765,102.195913629177,109.519692720686,212.368240356445,133.944916643415,108.926898516599,125.237729259373,152.784823303223,125.675015733049,0,0,117.806451797485,125.839512348175
72.621406268048,81.5737478058165,90.7071894327799,45.1887860013634,20.8755012159358,109.349545070103,77.8900095468544,51.8966709844554,85.5709435599191,26.2868720059424,57.9491369437722,152.086096869575,19.9954200897328,129.986065257679,84.7022813981579,37.258728590792,27.4320027505522,115.619700996964,142.576950073242,147.962443796794,16.1708631048065,35.1095974661106,37.427874231441,55.2606850090737,11.4416496792118,104.838684521133,117.819769541423,76.8989344089635,18.2053849107988,66.8882507960241,62.9376872055778,139.563091278076,114.53764702292,56.7654637069961,76.8845614085869,127.240348452613,0,141.223110675812,62.2159469125179,87.8217275282916,0,124.916771661668,116.903096398642,144.217555858471,63.7969245661318,124.228464273306,225.674560546875,86.628225962321,0,159.86636913524,125.603755950928,105.860548257828,152.541198730469,0,178.608039855957,112.152766091483,111.211669921875,72.5599535049931,137.279166221619,83.5413466791929,0,183.619633992513,143.924155235291,113.06507229324,144.752742854032,133.152853677439,0,189.847381591797,128.192845662435,140.085672440067
136.185241699219,15.7122512947429,65.2647361755371,15.0352760989919,0,0,141.084930419922,0,182.536666870117,91.794813397287,153.928461710612,23.4166982682679,110.42341003418,14.4074832526488,130.147239685059,109.188233375549,87.2560246785482,61.1335589090983,46.1192387076965,44.3582228307855,0,92.3845935397678,52.7483783721924,80.2842976706369,104.838684521133,7.76441349424133,30.9481616408541,17.7457206996036,116.458423838896,101.635298538208,114.270920201352,39.5577875707567,0,110.342090606689,52.7778818515237,0,71.4059888666326,108.81143951416,36.0871961008796,0,0,0,0,0,124.139639718192,0,54.5347120223507,0,54.731404083252,0,0,159.42658996582,123.596755981445,76.9092246161567,70.4037434504582,0,0,86.7481298828125,0,140.213414510091,44.4397995036135,67.2253048279706,71.7264760395266,0,165.194641113281,114.569488525391,76.3283125559489,0,0,79.4642868041992
106.099384353822,38.250545084346,22.024422979886,42.0655613677368,133.749130249023,141.561103820801,140.316832893773,105.856305974874,129.948004471628,113.206118345261,123.073887280825,22.6319295708421,129.559084574382,19.2911462667899,125.012109103733,128.819305419922,91.262461864587,17.1690092876829,16.6138949387122,17.7021754698914,170.005793253581,90.5336689881239,87.32331046157,66.1760241341456,117.819769541423,30.9481616408541,9.08304884478363,22.9330598424131,104.45971686486,101.923855877919,97.7294131572171,13.9955821848867,187.811546325684,111.76086030183,56.744811810114,165.517111206055,83.650486907959,98.6144837273492,67.2577840991136,173.224563598633,0,204.217895507812,170.962247212728,194.940353393555,158.644142150879,0,116.287267684937,0,84.2570605686733,0,0,137.888365003798,103.871682399028,93.4100483485631,100.11478122445,0,152.195065816243,96.4744329452515,122.827324343399,150.823467254639,75.8382259191469,89.9298621028303,93.8982153893501,168.047339545356,176.910690307617,156.687738591974,102.337380842729,0,0,109.695235818119
122.072099738165,22.5257667587152,27.9149821118652,40.2559644141478,113.142265319824,120.575950622559,142.842799018411,104.533888654889,138.832938665076,100.054999171077,122.071673994305,69.1035277493578,118.436763218471,17.4594111760139,144.281679752099,131.072602408273,24.5038481303767,61.4086464713037,59.2405283935368,62.1487652891999,132.644882202148,66.8548707906266,34.6746781558565,39.70402440609,76.8989344089635,17.7457206996036,22.9330598424131,11.4816785395164,74.662032961763,111.670434152332,105.940382540306,9.97297873667663,0,103.459870322806,64.5324272989611,166.711112976074,86.6039724349976,91.6801359664562,58.6202955460838,0,0,159.313242594401,153.293608925559,164.681120300293,167.288704872131,159.517463684082,107.374130249023,0,92.2167897224426,180.15045038859,0,103.058048248291,103.86175883185,113.088459014893,99.8070945739746,0,121.421130313149,67.182493719255,104.58689890035,147.203836587759,71.7543204567649,93.1536622063372,94.1768862379473,151.219659532819,163.042402414175,134.798345293318,105.381724766323,0,136.533828735352,117.192130691704
61.6396390712204,88.284330578508,68.4474987851981,58.6036614850362,13.1038627683331,116.127250671387,65.6255063333455,30.0597180864775,77.6430113566843,46.9414681397372,25.8862907390502,145.469098091125,37.1640202483175,137.20628956386,77.6218960467433,59.3908582687378,39.8935783881586,108.103342846186,168.816822052002,130.812335395813,25.7569253928685,23.2190536699179,54.1289346162581,47.1911321420349,18.2053849107988,116.458423838896,104.45971686486,74.662032961763,10.3493515250495,60.1385381357247,32.7586194595704,137.198436737061,121.001263300578,52.724075263486,63.7445630025307,131.816136169434,0,142.887186262343,70.8084558309968,32.4797646640098,0,134.284009297689,126.390054671491,153.230504760742,70.6874908086822,137.665653652615,0,101.058498382568,0,156.884064092869,155.252868652344,106.034351921082,167.265292358398,0,226.804718017578,117.268980026245,118.939690285541,80.147019258186,133.974399287526,83.4248308315313,0,163.687421798706,152.168621769658,117.098284403483,146.278319372647,128.280525371593,0,0,131.80399746365,143.643235524495
9.98957783163758,109.380043376576,85.3868955650077,68.2176614284515,84.9408225293429,17.9172879787938,31.684712737143,56.5797094024326,25.6511501302987,59.2684701916339,76.1566393123788,54.8164396830967,75.5848962411113,71.3175751014992,13.1636015869718,43.4244628813532,88.2811653137207,80.248025373979,104.828375407628,101.964112106323,86.8375950472071,46.483086534125,70.6653413422254,63.1239759790201,66.8882507960241,101.635298538208,101.923855877919,111.670434152332,60.1385381357247,9.00228072794109,16.678953197175,111.864538192749,9.36503740100117,16.0835343202427,25.8490209668899,122.07398223877,0,167.120722452799,81.4363350324183,124.424809265137,0,152.264837411734,128.489604949951,164.356732368469,86.6228139241536,169.899442036947,0,149.284104919434,0,158.943358477424,170.761932373047,88.9257074991862,0,0,207.883041381836,127.540704727173,141.88493837629,80.8122863769531,175.187642415365,107.707415913427,228.401916503906,144.868110656738,161.00125418769,125.075420404571,157.325515374905,148.423382895333,0,0,172.442832946777,163.602993774414
28.6693876299143,98.8698527018229,68.9752977719097,64.9275005949583,76.1400115966797,102.479232788086,78.018721110026,11.3622694996738,62.5175634824313,58.5580817839679,60.8238409576416,102.967510491087,74.475462436676,126.563734788161,49.4665967042686,80.7931837784617,81.8482980604296,67.875180138482,118.176137623034,99.8617236004678,72.9442814418248,24.2421174594409,62.5671817145064,44.2768947966458,62.9376872055778,114.270920201352,97.7294131572171,105.940382540306,32.7586194595704,16.678953197175,8.47725800853359,130.910822550456,106.869369506836,27.9774362711384,44.4326507328872,132.663846066124,140.117977142334,151.247623443604,75.297922870091,208.335678100586,0,128.950958251953,133.595031212116,172.815979003906,73.2364776046188,148.606346130371,0,0,0,160.480748103215,0,100.067286564754,161.313336690267,0,225.655319213867,144.433944702148,117.193255204421,72.9173785700943,141.497727711995,108.742345588152,0,162.441323852539,157.014297153639,120.141987554377,152.778203770734,129.746249629002,0,0,138.538505554199,147.245861726649
163.721572875977,60.4758033752441,82.6436487833659,51.9929935352222,0,0,0,139.677062988281,159.211578369141,0,191.405151367188,31.8686111182895,0,9.41401135480546,0,0,124.295293172201,80.6139856974284,49.8161323301254,59.7433670623393,0,106.43656539917,103.004234313965,96.8407440185547,139.563091278076,39.5577875707567,13.9955821848867,9.97297873667663,137.198436737061,111.864538192749,130.910822550456,6.05348660365012,0,115.689834594727,69.6258138524424,0,0,0,78.0023490905762,0,0,0,0,0,155.459754943848,0,0,0,95.7905197143555,0,0,0,0,112.402267456055,98.376012802124,0,0,0,0,0,80.1200790405273,97.9161782945905,97.930302090115,0,0,0,113.740753173828,0,0,155.177139282227
73.74875831604,0,0,0,0,7.70057284800163,18.1320376422327,99.7350446260892,15.6219994058838,119.462446212769,110.416654221555,56.8813635508219,95.2605094909668,0,14.2004893224595,41.3782882054647,121.595657348633,173.345893859863,0,190.133399963379,130.576612472534,0,141.929306030273,157.870315551758,114.53764702292,0,187.811546325684,0,121.001263300578,9.36503740100117,106.869369506836,0,4.18368114733237,0,35.7687918564369,0,0,0,124.266731262207,0,0,0,0,0,246.287902832031,0,0,0,0,0,0,0,0,0,0,0,0,0,0,0,0,0,0,0,0,0,0,0,0,0
41.816807601187,97.9560816838191,97.6812051137288,57.1190695808631,75.0402544772986,101.249549865723,74.4640010145844,55.0251258994048,67.4437780941234,51.9109480837558,67.0719205912977,95.6978081151059,70.3475610097249,127.848918914795,41.3088209746314,76.6987173897879,78.1999117533366,71.3735821533203,113.950268554687,89.1818703039369,79.0645201173547,28.1687035469104,60.3436582075442,55.3370636708638,56.7654637069961,110.342090606689,111.76086030183,103.459870322806,52.724075263486,16.0835343202427,27.9774362711384,115.689834594727,0,8.09731023298883,32.5407161376228,126.536538124084,0,155.986297607422,69.4956081117902,0,0,136.500022888184,123.762148175921,153.003963470459,70.9520856221517,140.567474365234,0,0,0,147.945096697126,0,89.876708984375,0,0,0,120.903007507324,105.042096819196,89.7361005147298,165.987433297294,103.212584177653,0,140.161735534668,138.611930847168,115.075207878562,139.01910273234,122.977997999925,0,0,139.415000915527,144.348803202311
84.1156332530673,57.4663775428224,54.5837233675287,64.1595387394364,88.0565719604492,32.3884700199343,42.9280946046403,78.6991807592607,60.2606173830648,68.0354339264251,79.1311387229014,29.3475788151245,81.2551011172208,49.9917399397661,62.308327785513,23.846636476651,78.2618845923472,32.4073368832625,55.3058773162635,37.8666743515156,89.4630587100983,41.8852671908548,63.5501867021833,43.5960584623249,76.8845614085869,52.7778818515237,56.744811810114,64.5324272989611,63.7445630025307,25.8490209668899,44.4326507328872,69.6258138524424,35.7687918564369,32.5407161376228,12.4257424406309,148.36750793457,95.3511016845703,106.18806495396,74.6572760122794,98.7282218933105,0,160.540424346924,150.538628387451,172.433696400036,97.0926509433322,0,0,175.286483764648,0,160.590760972765,0,124.774153489333,118.460772673289,131.353668212891,128.913067287869,173.225708007812,135.766069083378,85.6064462372751,120.945179950232,122.806894107741,104.190832349989,118.516692141269,111.96275695165,125.803388997128,157.913535076639,148.204612350464,132.756858825684,0,154.288218688965,148.790122477214
141.981155395508,0,143.918930053711,125.374664306641,0,0,149.170104980469,157.045692443848,191.358940124512,0,0,0,0,0,0,0,140.227226257324,170.53108215332,0,0,0,139.986604690552,121.497749328613,154.832949829102,127.240348452613,0,165.517111206055,166.711112976074,131.816136169434,122.07398223877,132.663846066124,0,0,126.536538124084,148.36750793457,8.77174161002192,114.244116889106,92.2534781402012,67.7836158395671,80.4918668270111,111.561553955078,86.6179297932407,27.6079645114422,20.0649833223019,67.2467068117056,46.5999204112152,117.850177764893,81.2652683258057,144.244229634603,14.4458697033739,98.7288198471069,83.599575360616,96.9742644095535,121.053052266439,116.605197620392,81.338839681525,71.1092689015844,71.3482871133773,86.9403490255807,64.0704613005978,142.20330657959,117.022157816984,118.56082227495,73.3984031264599,17.5164644526491,18.771927060547,181.164527893066,74.9525375366211,43.3927898066384,68.1457564454674
0,0,71.2074178059896,40.7348753792899,0,0,0,0,0,0,0,0,0,79.667534056164,0,0,0,98.1255168914795,103.269500732422,95.6068439483643,0,0,0,81.7559986114502,0,71.4059888666326,83.650486907959,86.6039724349976,0,0,140.117977142334,0,0,0,95.3511016845703,114.244116889106,9.05532730561435,41.4067034063668,21.3358108037766,0,0,144.538589477539,111.047778659397,141.824633916219,73.7846474154242,134.807159423828,59.5264295664701,0,58.2294694613306,138.653104994032,112.869438171387,50.1429218585675,50.1145934534237,72.32080078125,52.8209463232728,0,91.6379853384835,18.5655702031858,69.7402611626519,81.7230017852783,23.0649923461697,41.5487061254589,33.211131857178,122.594756317139,127.126587422689,101.104542541504,72.792262395223,0,133.121864318848,51.1496449196175
143.059051513672,108.334602355957,84.9911536077895,61.0844356446039,0,0,213.24528503418,152.025680541992,0,0,159.504428863525,149.258288065592,0,123.308563232422,186.979792277018,0,95.4223736849698,103.103554161796,142.743830362956,120.97738915159,0,134.415439605713,89.5878695437783,100.997025426724,141.223110675812,108.81143951416,98.6144837273492,91.6801359664562,142.887186262343,167.120722452799,151.247623443604,0,0,155.986297607422,106.18806495396,92.2534781402012,41.4067034063668,11.2243538468668,37.8430636053575,157.566205978394,160.929779052734,116.700010165362,86.4070090309518,104.624813238492,115.837841288249,100.524227868943,79.7850154876709,0,85.5689392089844,112.010981713572,117.720277786255,67.7736359220563,32.7429821806281,90.4942245483398,65.1388529609231,120.297973632812,60.1937280688765,41.9325858596401,31.1886403530508,95.357795715332,86.7598807017009,17.9877079619544,23.9756649503893,82.1910634214861,120.866232891472,76.2275119828589,161.763542175293,161.363204956055,112.957346343994,64.5224657411928
90.4736196583715,60.901718378067,54.7763410428675,14.3363199787245,79.6205285016228,118.023300170898,106.777015686035,80.491728868434,107.057152748108,46.7270438120915,93.5877721985774,63.2906494140625,57.9743946075439,42.5592807224819,98.8400369945325,102.163095092773,60.6005931653474,77.2295149869697,90.0454566955566,82.4432982059947,97.8391437530518,71.6985294405975,60.6917629480362,66.7933942402879,62.2159469125179,36.0871961008796,67.2577840991136,58.6202955460838,70.8084558309968,81.4363350324183,75.297922870091,78.0023490905762,124.266731262207,69.4956081117902,74.6572760122794,67.7836158395671,21.3358108037766,37.8430636053575,16.0214686841364,63.4283749461174,107.203819274902,85.6018684932164,65.1184304792195,95.1532787877088,32.8982997433614,83.8654036113194,38.4749701706938,54.244252985174,33.2270301949637,92.0739425035484,80.5749303644354,40.2091717394357,53.0996909054843,61.8853137804114,52.9602228166159,63.2814661661784,60.1415628545424,38.9494618718342,53.2653851540826,33.7643655653256,20.2433204259826,40.9412962070423,38.7422778367459,56.8355377283819,87.6783981403636,75.2229731006387,55.957060219585,140.120094299316,73.7738648187546,61.5004355073417
166.489456176758,0,177.911926269531,93.1964416503906,6.50556399524212,0,92.2181529998779,115.062627792358,78.9077377319336,101.567507425944,26.2432461903419,0,35.9137962095199,0,98.7773399353027,0,0,150.460159301758,0,0,15.7817083787007,0,0,0,87.8217275282916,0,173.224563598633,0,32.4797646640098,124.424809265137,208.335678100586,0,0,0,98.7282218933105,80.4918668270111,0,157.566205978394,63.4283749461174,8.46886630771915,0,48.0167074328975,59.2371122496469,86.2052410350126,46.6694977195175,18.8356887099397,172.29736328125,29.2418684121761,0,103.568296909332,52.4925654602051,67.6694058009556,138.882602267795,0,170.45036315918,11.3888477632937,132.610689798991,54.8804228726555,136.706117630005,17.3673665833114,141.568691253662,142.107680100661,125.524519178602,15.8016619547824,99.2771957011162,92.2853611537388,0,0,98.8765716552734,96.4864530966315
0,0,0,0,0,0,0,0,0,0,0,0,0,0,0,0,0,0,0,0,0,0,0,0,0,0,0,0,0,0,0,0,0,0,0,111.561553955078,0,160.929779052734,107.203819274902,0,8.4421601561417,8.79251535355015,121.937432607015,17.3926004495834,38.5264117377145,99.5609729073264,57.3098886277941,64.5379307086651,64.2404861450195,24.3670993033876,13.5638550196173,0,0,0,0,110.039545694987,0,0,105.162971496582,57.3229086134169,0,164.537506103516,121.697578430176,103.679838180542,28.0442004131548,0,0,12.2938196323223,0,33.8906036903118
177.746566772461,163.73161315918,0,80.2519226074219,0,0,0,130.248936335246,173.126449584961,114.284222920736,153.930926005046,0,45.9045796827836,0,162.030090332031,0,0,200.806610107422,0,0,156.389755249023,0,0,171.239715576172,124.916771661668,0,204.217895507812,159.313242594401,134.284009297689,152.264837411734,128.950958251953,0,0,136.500022888184,160.540424346924,86.6179297932407,144.538589477539,116.700010165362,85.6018684932164,48.0167074328975,8.79251535355015,9.50947299240712,51.2155720955743,16.4919216541872,38.4734122394898,22.6589054840128,80.2954926924272,19.3143684915125,91.8508033752441,38.5749252307279,9.47598333918363,109.097106170654,136.495312372843,119.439186096191,148.048183441162,33.7542170211113,111.757585754395,101.82707528507,108.323098414153,50.9631074474943,167.388870239258,144.485066945316,126.606101707176,51.9741834005839,50.8721606160553,102.866871130271,0,17.3563943844591,92.5237537565685,64.8050612486326
0,147.354827880859,145.801005045573,111.833528518677,0,0,140.97981262207,134.631455739339,163.579002380371,105.355761210124,142.739305768694,192.154754638672,97.7143020629883,0,144.466468048096,132.549438476562,135.687652587891,162.501362609863,0,178.528182983398,0,127.645260947091,104.87996673584,148.819888375022,116.903096398642,0,170.962247212728,153.293608925559,126.390054671491,128.489604949951,133.595031212116,0,0,123.762148175921,150.538628387451,27.6079645114422,111.047778659397,86.4070090309518,65.1184304792195,59.2371122496469,121.937432607015,51.2155720955743,8.90120955751984,48.779464569514,60.6135416962635,14.2209420137468,127.485777230098,39.3825634657735,158.600172042847,31.5608205742287,76.9498292266345,72.4419410831326,95.6424176601534,148.211056300572,119.069624376297,57.8142856997113,67.6223175245399,77.1976807279737,73.1358481071129,51.3458269324084,133.082032339913,114.281608268863,98.2011555470397,21.4894832252252,70.3402076267318,16.1961561947592,141.570337931315,115.060534550593,66.8655331378847,87.4681790231288
