7.84330632638856,0,110.040600876581,71.5711687670814,94.9056558609009,74.3607478332519,78.4635977865267,33.9486213317067,41.6734386702801,69.6639970397949,53.5704016163625,110.543663024902,85.4050275629217,160.361476898193,20.3549082190226,119.650721073151,111.060443878174,105.941668303117,132.906873366412,126.580456398629,89.3390107702036,93.3057559785389,71.9016089439392,96.8408244963615,80.7488078301263,148.607162475586,129.192895164785,119.875776631492,73.8238925001675,17.4074724442201,29.4005661163945,183.270233154297,80.3483852180275,74.713196182251,60.9243494669596,137.753387451172,0,178.753819783529,90.6665214538574,226.250396728516,180.468978881836,164.203369140625,134.517290751139,195.010920206706,113.781140136719,152.426467895508,0,0,0,177.909909057617,0,0,204.157516479492,0,0,175.55394744873,133.605365753174,109.798944091797,173.037805175781,136.033572387695,0,176.179092407227,166.267013549805,126.700877021341,179.663881937663,141.095681084527,0,0,186.137924194336,141.473831176758
0,7.95209527607232,47.5386192798615,88.3517192204793,129.162246704102,129.70679473877,0,98.8190205891927,145.564863204956,63.8451562887765,0,64.4495506286621,0,48.3976412670953,177.831840515137,97.4630972055288,94.9886054992676,43.5245353503105,56.8171564737956,47.5006454609059,0,90.3415934244792,28.504081191192,81.4615230560303,69.1970818732396,24.6930121490636,51.5558536583778,25.9794778513307,100.49738468268,121.015245819092,112.189814567566,61.5860786437988,0,0,58.0167542139689,166.292007446289,0,112.69359588623,20.8559974034627,0,0,0,0,0,149.267166137695,0,79.7679837544759,0,75.2171719868978,0,0,0,86.0440666892312,136.19743347168,85.0606817948191,0,148.207321166992,101.738739013672,178.255477905273,128.1884765625,55.6706741734555,79.292043706873,76.902099223364,167.664978027344,0,142.757553100586,86.5892181396484,0,124.364570617676,115.031996154785
110.040600876581,47.5386192798615,12.3227062493829,98.7702853554174,145.714096069336,149.994319152832,126.875229517619,92.7251699252854,125.959662679036,118.594422531128,116.105366452535,88.9316508305537,134.281403174767,92.6172322591146,120.829638844087,142.897239685059,83.8453763040264,42.1716912162829,88.6422629650728,67.7457610192074,184.435465494792,63.92638972079,74.6128878835904,32.1048689917678,98.3419535440112,101.804252624512,36.0231499765587,27.1726192760963,83.1329127530583,121.335955196339,92.0044179584256,95.3741414923417,160.411620330811,100.478126102024,60.6740572800282,160.451251983643,92.2315088907878,90.7979958522611,85.3331902243874,0,0,0,160.344295183818,189.408754984538,138.273950576782,176.273956298828,0,0,150.632926940918,155.237648010254,0,110.288936233521,105.284322728225,178.071235656738,135.118960640647,0,130.49998626709,73.4167758623759,110.878897783233,151.532051086426,111.140430450439,102.321084982409,94.454733409613,169.516869178185,185.712377548218,153.704144795736,144.483749389648,0,0,112.428586832682
71.5711687670814,88.3517192204793,98.7702853554174,67.9482004287395,72.27868945258,111.432541587136,89.676041455336,65.8815266867519,82.8305484701734,21.2918437614953,86.4165232670357,124.094334125519,85.9992415048544,95.5919120094993,89.731019446686,62.66880681298,41.9918851027368,103.991956138611,94.7271957397461,127.914773794321,83.5154893057687,58.4794272695269,13.7376857233369,55.7762479104801,44.8988009243405,96.1399936098041,139.572229067485,53.9103902546603,57.9147437402669,78.3439561620252,60.3503461676015,135.076034545898,118.213293826941,57.4318131477602,76.8181400378878,88.333249773298,0,88.3215675354004,23.9259491490794,76.1598815917969,146.332000732422,140.962181091309,86.4023356051058,131.051912095812,7.00584091928792,110.388136863708,133.050323486328,105.678193664551,149.83667755127,105.852492081492,0,50.8998023986816,149.773880004883,0,0,83.9826354980469,65.6541701868961,9.56931011727516,55.6340506417411,90.6382670073674,0,169.238943481445,157.955746459961,95.3508726091527,109.52174689553,77.0172870635986,0,214.682159423828,82.3327856063843,174.694023132324
94.9056558609009,129.162246704102,145.714096069336,72.27868945258,8.83639573636569,127.339732899385,64.147816973877,57.8073615498013,93.2322273790836,58.090095241418,24.8297305450214,162.747484479632,38.179449865124,158.342346191406,108.27653022361,67.0247175195715,0,240.198318481445,0,0,14.3811885096261,158.927932739258,113.142404556274,124.241957092285,20.4804802064991,0,170.247634887695,176.688437143962,16.026477126315,105.319957295402,118.638454861111,0,140.815852289614,85.3612589154925,107.770666344221,146.053680419922,157.40380859375,0,88.6213334401449,17.0738790190283,0,158.73664372762,139.228063236583,166.110940333775,101.666453334263,130.508532229337,0,104.574724622395,0,169.050467300415,142.342247009277,0,0,0,0,19.0464925716172,0,125.7493019104,220.88671875,114.360721695591,0,0,176.013305664062,121.030622582687,193.927436828613,144.483459472656,0,0,166.204696655273,165.586268833705
74.3607478332519,129.70679473877,149.994319152832,111.432541587136,127.339732899385,8.24560538858887,18.5038259339769,110.763577763038,18.0299969277763,81.2589883319402,112.462897955203,63.4320822964195,102.369324251602,111.333550589425,37.2789773587483,17.4462594202195,0,175.659903786399,91.4326658248901,106.937388828823,110.628120510057,127.044075012207,122.462696075439,152.796962556385,97.1684031583825,117.458034515381,161.864915030343,148.034130212032,122.60102050473,26.2032224387719,106.570726076762,117.530136108398,10.4065800981377,123.653579711914,40.2346476682257,0,0,0,124.084780375163,213.899467468262,0,215.555287679036,191.630056762695,207.253043038504,122.522778828939,198.128646850586,0,127.77660369873,0,203.459795633952,211.18049621582,0,0,0,231.100799560547,0,0,0,0,168.684663560655,0,111.321006774902,194.081919352214,189.209863836115,202.016014099121,180.713447570801,0,0,170.948364257812,173.221343994141
78.4635977865267,0,126.875229517619,89.676041455336,64.147816973877,18.5038259339769,10.6203703004782,55.2818275865844,16.4968073364257,78.2642548202623,37.2350693001641,82.1682816067257,30.8506094026007,119.162256240845,49.1418405132867,16.6787768141128,112.40599822998,144.484069188436,131.049198150635,148.469938913981,45.9504663828207,139.505796813965,113.909033881293,122.365636401706,81.4857995656768,135.73868560791,152.451818802777,136.777235513205,68.7195296004389,46.9895714762272,99.2522746910483,158.27409362793,12.6898227502625,98.9057022897821,69.1971995309402,158.763519287109,0,186.547467041016,108.03180226972,163.626854419708,0,178.606171925863,152.562805802855,178.771776619604,121.756798153832,165.490574886924,0,64.3964856569884,0,184.454141315661,0,0,180.85041809082,0,213.916152954102,159.67505645752,237.423461914062,157.727508544922,181.860702514648,140.208160765275,0,190.747825622559,183.381741841634,156.894220440204,184.315431594849,158.329124450684,0,217.245635986328,154.115127563477,169.585508346558
33.9486213317067,98.8190205891927,92.7251699252854,65.8815266867519,57.8073615498013,110.763577763038,55.2818275865844,11.795574029128,62.4413616357679,64.7799761105428,21.2726864657613,137.027695407387,57.1497422681339,161.628719075521,56.1989206402791,71.4881742072828,92.4546539306641,107.899334736085,157.123048400879,135.437982363579,77.3594968543862,74.2719743008784,86.2958892186483,78.3987676956818,62.2998442571806,147.288608551025,125.816485409809,108.544415100865,30.7135728522007,71.5331371370053,21.9423547185113,173.602722167969,115.087155042376,66.4613420853921,84.2213176300782,151.38809299469,0,152.994633568658,88.5161426579841,163.4632396698,202.764389038086,160.013568639755,129.309200774458,158.594448318481,93.362236146004,149.348934972009,188.730941772461,136.482386016846,225.115325927734,158.652075033272,158.809455871582,146.920916239421,197.696039835612,0,224.491744995117,162.62578646342,144.00535463032,116.931886526255,152.072350056966,118.323185652255,205.099685668945,181.475602213542,163.985714823405,131.632726662059,153.735810568166,144.11479013008,200.900863647461,199.558059692383,140.965912818909,160.617077595479
41.6734386702801,145.564863204956,125.959662679036,82.8305484701734,93.2322273790836,18.0299969277763,16.4968073364257,62.4413616357679,10.5915385332236,83.2485533661312,37.8119412470578,78.0538723736825,77.6385831471303,114.697185315584,20.9505874739192,27.3873870520304,156.003044128418,130.177216472323,122.686553492691,145.844440321489,80.3951632635934,112.175909423828,117.592725541857,115.886955578593,91.2547188866523,148.884101867676,148.311171291796,135.107996528093,87.7369815104002,33.575251933547,73.8695264443669,153.052238464355,21.4393880830258,91.5914796193441,57.815609351096,168.999347686768,0,175.892530653212,97.6083491150762,165.078988211496,204.351234436035,178.281748591243,148.545908350853,178.129646709987,117.141027662489,171.357722812229,151.992782592773,120.113394260406,169.797088623047,180.811601465399,189.28532409668,201.807403564453,198.230125427246,0,0,167.287254333496,150.652038574219,142.302707672119,188.117636940696,141.505075792804,0,187.58863067627,179.740626181326,150.178786554069,175.359134581031,150.388366468025,0,208.659580230713,163.968392944336,174.847514225886
69.6639970397949,63.8451562887765,118.594422531128,21.2918437614953,58.090095241418,81.2589883319402,78.2642548202623,64.7799761105428,83.2485533661312,9.24877331348297,79.9079961523546,113.639001135733,11.9138272327051,108.771511446034,90.1073412350246,28.4431694755131,58.0422840776115,122.202344027433,128.784500708947,128.835598415799,69.5426380028159,57.4029398662288,20.0591711596451,134.855191802979,26.2148060710989,95.8699690203074,115.440062386649,101.61472201236,53.5955147659569,77.5332920682026,62.3286954936501,131.634834289551,117.076337353937,64.0628437140049,88.342658419569,0,150.208831787109,172.844757080078,44.1110358834267,124.017135620117,0,132.530223846436,100.269674142202,134.161743164062,38.9050146860954,118.802980174189,145.728075027466,88.1210284233093,144.993782997131,139.675330607096,71.8550186157227,0,199.401519775391,0,168.69292755127,89.3975049532377,0,117.500368754069,110.91178894043,76.4861795460094,117.617992054332,177.344998168945,161.797032586459,101.66005702135,122.416016387939,120.472208023071,0,0,0,133.643882751465
53.5704016163625,0,116.105366452535,86.4165232670357,24.8297305450214,112.462897955203,37.2350693001641,21.2726864657613,37.8119412470578,79.9079961523546,13.4868064312212,144.385118343956,30.3116966266803,166.608993530273,61.2927410119775,68.0042832741371,0,144.255611751391,169.701629638672,158.085709791917,18.016284282458,127.191272735596,111.680163574219,107.165841513122,61.5617977666629,146.659576416016,152.001378608472,138.38268848766,31.8603079449269,95.0688688371065,64.700895044078,181.06260172526,118.547785553751,96.6799012756348,98.141353395586,179.065743340386,0,161.122566223145,101.143288107479,152.745596694946,210.280548095703,165.666363716125,144.093986081405,176.335057576497,108.535558700562,160.90691844204,0,51.4034776072348,245.629653930664,183.159078169842,130.801868438721,182.428527832031,0,0,0,158.478677318942,186.005462646484,154.52099609375,166.901245117188,128.285254788247,0,205.608428955078,197.484442138672,153.287660955838,180.034161885579,180.025967407227,0,0,160.67919921875,177.440582275391
110.543663024902,64.4495506286621,88.9316508305537,124.094334125519,162.747484479632,63.4320822964195,82.1682816067257,137.027695407387,78.0538723736825,113.639001135733,144.385118343956,10.7525132658855,142.455617995489,16.3464799088425,79.0678458712911,128.690372212728,117.705280303955,50.058899369496,20.2520409736205,24.4262507172656,140.283471990515,88.5717834559354,86.404208195674,75.4425694938084,137.04094097661,21.3838182681901,20.6257868795005,54.3143787669715,136.364056600651,71.689891782986,102.10777836995,28.636541197184,62.1173614357548,98.2012506484985,25.0594176206329,241.23957824707,90.645036315918,152.122126261393,87.2916417329208,224.600708007812,0,0,207.29103742327,205.656936645508,166.843580881755,219.218444824219,82.7144200461251,206.633827209473,72.8824361048707,0,0,0,150.356391906738,89.6354367733002,101.158725332707,0,183.772094726562,89.309326171875,167.132301330566,194.780264718192,60.8357607819313,97.4427682897244,96.2130864595112,206.169805526733,218.657638549805,212.713261922201,92.2516782356031,0,0,131.954921086629
85.4050275629217,0,134.281403174767,85.9992415048544,38.179449865124,102.369324251602,30.8506094026007,57.1497422681339,77.6385831471303,11.9138272327051,30.3116966266803,142.455617995489,11.8302035493414,158.103408813477,100.215697168421,15.4019352724241,0,175.505954742432,138.57787322998,160.926150512695,14.6532336420155,136.133880615234,76.1222667694092,137.462211608887,26.6035821219702,120.997814178467,154.890441894531,139.585494648327,54.6986911322901,104.831109459584,121.47677394322,161.271308898926,111.929895149087,117.339277648926,105.679567106102,0,0,221.526412963867,85.5835930960519,145.913446214464,0,149.159902954102,137.008021939185,156.858113288879,94.5740888495194,159.496669062862,0,12.3616382302147,0,174.228103637695,106.086338043213,0,0,0,0,132.345098876953,0,85.9194793701172,214.421478271484,121.841612262726,0,0,175.786422729492,143.05924349053,164.299401855469,118.541999816895,0,0,94.4314727783203,171.893730163574
160.361476898193,48.3976412670953,92.6172322591146,95.5919120094993,158.342346191406,111.333550589425,119.162256240845,161.628719075521,114.697185315584,108.771511446034,166.608993530273,16.3464799088425,158.103408813477,7.99992457058119,117.158022387274,150.118239629836,133.585645675659,84.2246141741353,47.5486283818147,73.0648901435766,138.928512573242,112.310925483704,83.1997122035307,117.730256122092,122.297633761451,16.6385681076267,22.4388193760437,36.978427430735,149.740113258362,114.284796249035,137.075504889855,12.9173214224873,87.535217103504,140.665256500244,57.6517707500679,0,91.3969501256943,149.210014343262,51.167363936441,205.298049926758,0,0,149.326690673828,0,132.850419362386,198.799911499023,72.832119344355,0,65.2697382681051,0,0,0,131.317448425293,87.5258014678955,100.336576108579,0,178.818504333496,111.234828948975,170.27294921875,175.427318572998,49.0616789030153,90.3934345328652,85.9890365822113,0,0,235.904098510742,82.7335528564453,99.2457427978516,0,107.206315260667
20.3549082190226,177.831840515137,120.829638844087,89.731019446686,108.27653022361,37.2789773587483,49.1418405132867,56.1989206402791,20.9505874739192,90.1073412350246,61.2927410119775,79.0678458712911,100.215697168421,117.158022387274,10.7203659282859,70.7857109917535,121.285060882568,123.493734991314,115.048200861613,137.252309537401,95.7333664467994,115.466558016264,103.115760040283,110.205009520054,98.8705207250004,157.46876335144,140.401723031222,133.517682207622,94.9133561334721,27.9041239532734,59.7583566024335,145.157906595866,22.3584635603535,87.2336551745733,51.1556290644697,169.050214767456,0,176.120641072591,112.650188221651,196.598169962565,228.006080627441,201.783212280273,157.579798171099,194.696351092795,112.080672672817,172.452958540483,0,110.100444793701,201.527435302734,189.837155009425,159.037567138672,111.241901397705,177.514697265625,0,0,171.823207855225,159.429649353027,114.619398498535,191.945256551107,152.376631676734,0,185.921864827474,167.45190271838,158.838923249421,183.436520385742,163.149185028076,0,0,159.729178534614,164.887893013332
119.650721073151,97.4630972055288,142.897239685059,62.66880681298,67.0247175195715,17.4462594202195,16.6787768141128,71.4881742072828,27.3873870520304,28.4431694755131,68.0042832741371,128.690372212728,15.4019352724241,150.118239629836,70.7857109917535,7.89276382536477,163.454048156738,142.372039794922,120.524602254232,155.275985717773,55.5315711585275,0,71.6298636642157,128.511070251465,40.3772966736741,135.896703592936,157.039488269437,137.815117269068,79.6774550934541,73.3171723821889,99.1867904663086,165.647604370117,51.66298142258,112.815979003906,73.5618780384893,155.75415802002,0,0,76.6531219482422,173.395477294922,0,123.714248657227,138.436285654704,184.95499420166,72.8408034188407,149.005393981934,0,91.9644737243652,170.714683532715,146.946834564209,0,0,0,0,0,0,0,0,0,100.063845539093,0,201.267837524414,204.945365905762,130.17290242513,188.033330281576,163.468719482422,0,0,0,0
111.060443878174,94.9886054992676,83.8453763040264,41.9918851027368,0,0,112.40599822998,92.4546539306641,156.003044128418,58.0422840776115,0,117.705280303955,0,133.585645675659,121.285060882568,163.454048156738,15.9276609811858,106.257999932588,150.261276245117,125.593649057242,0,21.3362120742281,31.0995635340562,18.8206803208143,31.2932371675693,118.336843490601,108.811258119957,31.3435459832851,33.7927800975058,116.762679466834,74.0548422179953,138.406173706055,104.463470458984,57.9295509338379,70.5395384175437,208.934722900391,0,106.655142706794,56.271044546274,0,0,170.746917724609,148.214546203613,215.626113891602,57.8098754882812,0,0,0,0,146.091908772786,0,101.356982189676,132.336196899414,0,188.420333862305,0,114.124068520286,57.8977851867676,98.7458430970569,154.945371627808,0,143.178716023763,107.894208673845,128.889701843262,127.211971282959,118.477245483398,0,0,104.107358296712,123.79303571913
105.941668303117,43.5245353503105,42.1716912162829,103.991956138611,240.198318481445,175.659903786399,144.484069188436,107.899334736085,130.177216472323,122.202344027433,144.255611751391,50.058899369496,175.505954742432,84.2246141741353,123.493734991314,142.372039794922,106.257999932588,10.2083670543501,58.1185411288414,26.0747023314208,221.875373840332,56.8689275966269,83.4804063192228,32.2058118192063,130.349884924951,78.6217937469482,37.6930098971367,63.8420888470555,114.742646257346,100.110933050437,81.3298782781816,92.7962556496645,146.383952522278,84.8086456834224,37.7566327151139,199.910675048828,91.9466737111409,105.258015375068,103.817843573434,0,0,0,189.643076578776,0,142.800804138184,184.479354858398,123.571774800618,0,131.37183380127,205.20058186849,0,154.086470031738,116.708263134134,129.905349731445,120.482012430827,0,165.602915445964,90.3295135498047,131.43932560512,167.438297271729,92.6140251159668,110.120323072549,108.523568981532,179.377578735352,184.477920532227,168.283087594169,132.679275512695,0,155.132237752279,125.144900639852
132.906873366412,56.8171564737956,88.6422629650728,94.7271957397461,0,91.4326658248901,131.049198150635,157.123048400879,122.686553492691,128.784500708947,169.701629638672,20.2520409736205,138.57787322998,47.5486283818147,115.048200861613,120.524602254232,150.261276245117,58.1185411288414,6.88256983755718,17.9158556761465,152.196243286133,110.428939487623,104.23983001709,92.6398723265704,153.306702931722,42.2362361450195,22.6958738856244,62.8541953660465,142.217968435848,108.64325889945,119.357023921326,51.6050594081617,93.9393512501436,112.271303812663,59.046851677752,204.441268920898,90.0127191543579,0,67.7760940898549,0,0,0,208.972702026367,0,0,222.128189086914,94.2257583053024,0,84.3601258908465,0,0,0,140.54974822998,99.7172158209832,103.18053508627,0,0,145.515487670898,208.042442321777,219.73747253418,69.8385563763705,99.2613355564772,98.13648930857,235.522308349609,0,197.914688110352,97.9124964838443,0,0,110.252521168102
126.580456398629,47.5006454609059,67.7457610192074,127.914773794321,0,106.937388828823,148.469938913981,135.437982363579,145.844440321489,128.835598415799,158.085709791917,24.4262507172656,160.926150512695,73.0648901435766,137.252309537401,155.275985717773,125.593649057242,26.0747023314208,17.9158556761465,11.2241466196345,181.225946044922,88.8447702805773,94.0247834639116,71.9641641190178,138.790932246617,49.8255774554084,30.2213460910504,66.3057964948738,134.156454636275,113.929276217933,102.774896866701,66.1109679270599,97.881186803182,101.486234491522,46.8538247809154,186.956695556641,92.0964416503906,125.683689541287,72.7027596064976,0,0,225.005065917969,212.439829508464,212.180419921875,151.12971496582,205.828559875488,104.033833065548,0,109.2633673928,233.373992919922,0,160.739898681641,129.264971132632,107.354311050907,106.924572297676,0,145.695892333984,107.544447157118,173.824281692505,186.557983398438,82.8732967083271,101.214330129534,102.0095934754,184.337860107422,173.228164672852,179.164215087891,110.570783233643,0,0,124.001030815972
89.3390107702036,0,184.435465494792,83.5154893057687,14.3811885096261,110.628120510057,45.9504663828207,77.3594968543862,80.3951632635934,69.5426380028159,18.016284282458,140.283471990515,14.6532336420155,138.928512573242,95.7333664467994,55.5315711585275,0,221.875373840332,152.196243286133,181.225946044922,11.3373997557644,0,0,189.984981536865,20.0371733996261,0,181.358999252319,185.962939453125,30.4901427632985,98.649510041448,137.673837549546,0,116.147161702163,93.4854919433594,98.5579301796707,0,0,0,90.8475849628448,18.4076763914136,237.401550292969,165.436998494466,148.026629130046,167.558424516158,108.415544033051,148.256004651388,0,13.9433700004694,212.499717712402,173.658014634076,145.201239013672,0,0,0,0,24.2058187882105,0,117.218322753906,0,120.021742431572,174.65608215332,0,196.462209065755,117.04280791207,174.12590874566,211.68448638916,0,0,0,143.353633880615
93.3057559785389,90.3415934244792,63.92638972079,58.4794272695269,158.927932739258,127.044075012207,139.505796813965,74.2719743008784,112.175909423828,57.4029398662288,127.191272735596,88.5717834559354,136.133880615234,112.310925483704,115.466558016264,0,21.3362120742281,56.8689275966269,110.428939487623,88.8447702805773,0,11.0001814226965,52.483985934878,28.9445179190312,24.2391062670261,112.000381469727,108.529907078288,73.3495108809402,24.3916733893258,44.5915490713613,31.4932851576358,153.745269775391,145.701789855957,44.7448790623591,46.389191750734,139.072026570638,0,118.862291245233,72.7284856276079,0,0,0,130.984102102426,211.167709350586,103.363288879395,230.449722290039,220.933563232422,0,138.464233398438,176.311791992187,0,117.284730965751,160.989896138509,214.352493286133,169.081047058105,0,117.98430960519,77.4302741686503,122.904137579949,122.025580596924,0,162.470409393311,132.692841765168,119.682713738803,127.174597167969,118.185070252151,163.847869873047,0,112.794921239217,125.975240979876
71.9016089439392,28.504081191192,74.6128878835904,13.7376857233369,113.142404556274,122.462696075439,113.909033881293,86.2958892186483,117.592725541857,20.0591711596451,111.680163574219,86.404208195674,76.1222667694092,83.1997122035307,103.115760040283,71.6298636642157,31.0995635340562,83.4804063192228,104.23983001709,94.0247834639116,0,52.483985934878,8.24774252568265,49.1658418382402,29.4964129638317,68.0612971278599,91.5478006564716,40.5213325338588,52.9722360197394,74.548412072854,54.8882929875301,103.451897841233,173.739898681641,45.975060376254,63.1922377710757,135.595153808594,112.195472717285,77.8745309580927,53.0000659889645,0,0,0,126.105447769165,185.500862121582,8.85443887710571,149.656753540039,131.345096588135,0,122.08251226516,176.817588806152,0,98.6906916300456,104.579880714417,152.516754150391,170.39038848877,0,105.229175567627,22.8571201752925,107.124693128798,112.488429260254,98.8061612447103,138.139484405518,99.2939805984497,125.993310292562,0,105.318501472473,144.892761230469,0,0,128.898829868862
96.8408244963615,81.4615230560303,32.1048689917678,55.7762479104801,124.241957092285,152.796962556385,122.365636401706,78.3987676956818,115.886955578593,134.855191802979,107.165841513122,75.4425694938084,137.462211608887,117.730256122092,110.205009520054,128.511070251465,18.8206803208143,32.2058118192063,92.6398723265704,71.9641641190178,189.984981536865,28.9445179190312,49.1658418382402,16.0888934947896,69.3920220442808,103.380827331543,69.6037461497025,42.4427704838555,52.7868213069022,92.5147280631127,57.1296084003474,112.989036842629,149.197444514224,62.4596868463465,45.7261039058068,182.543134901259,136.849655151367,99.4893648519456,61.7714135879861,0,0,220.779876708984,151.955439249674,184.844542283278,123.627148946126,164.419380187988,152.627243041992,0,113.507701873779,171.191193389893,166.157730102539,106.559075761349,118.300697907158,163.326075236003,147.09395305927,0,132.691144307454,63.5913282728743,106.063275855437,146.213296678331,0,131.37185049057,104.481095025176,146.697161894578,181.65219561259,156.151228713989,0,0,127.702419281006,127.18978314067
80.7488078301263,69.1970818732396,98.3419535440112,44.8988009243405,20.4804802064991,97.1684031583825,81.4857995656768,62.2998442571806,91.2547188866523,26.2148060710989,61.5617977666629,137.04094097661,26.6035821219702,122.297633761451,98.8705207250004,40.3772966736741,31.2932371675693,130.349884924951,153.306702931722,138.790932246617,20.0371733996261,24.2391062670261,29.4964129638317,69.3920220442808,11.9216516153573,106.793976065896,127.255025795797,94.3290850333678,23.9862121230008,85.7941414084977,73.9224517274395,140.015786170959,130.967786912794,72.5553660017721,86.9652732564257,133.9272052447,130.838875906808,155.154649658203,67.2801705954911,138.111908210503,184.608123779297,146.834616898173,118.500307296816,147.276457214355,73.5494361235717,131.694700067694,195.801973978678,113.525545560397,164.138853806716,147.910020997094,108.779956817627,113.958758672078,168.77552456326,194.510604858398,193.926657104492,128.938472747803,129.271663264224,80.944346733813,134.609086717878,100.38587445251,148.334590911865,184.276112218057,158.742309724442,118.963150884064,145.879133300781,125.534807608161,0,189.325247870551,127.592709859212,141.080006917318
148.607162475586,24.6930121490636,101.804252624512,96.1399936098041,0,117.458034515381,135.73868560791,147.288608551025,148.884101867676,95.8699690203074,146.659576416016,21.3838182681901,120.997814178467,16.6385681076267,157.46876335144,135.896703592936,118.336843490601,78.6217937469482,42.2362361450195,49.8255774554084,0,112.000381469727,68.0612971278599,103.380827331543,106.793976065896,7.12056033557901,46.6240394580289,16.53921698073,130.223955917358,112.86913721185,125.638750712077,49.6679055474021,0,108.387924194336,57.1662393902975,190.120811462402,57.0923180213341,0,28.246497150866,0,0,0,0,219.083465576172,107.905811309814,0,58.3709899383841,0,51.5119030766103,168.987609863281,0,0,87.7972549438477,73.7600536861935,79.0947640544236,0,112.691360473633,87.1579702695211,127.565912246704,156.059777832031,28.6287916528303,72.3992261091868,65.6648804817466,177.320963541667,147.175689697266,143.055358886719,71.7756744240815,0,0,96.518389638265
129.192895164785,51.5558536583778,36.0231499765587,139.572229067485,170.247634887695,161.864915030343,152.451818802777,125.816485409809,148.311171291796,115.440062386649,152.001378608472,20.6257868795005,154.890441894531,22.4388193760437,140.401723031222,157.039488269437,108.811258119957,37.6930098971367,22.6958738856244,30.2213460910504,181.358999252319,108.529907078288,91.5478006564716,69.6037461497025,127.255025795797,46.6240394580289,18.0480140536747,33.5342423323344,121.138711808384,123.044437161579,114.590546628685,28.2698704888063,120.123873392741,121.877750621122,61.5309212197846,188.681588066949,82.7827629421068,115.677167768959,64.8975700444473,0,0,0,191.601184844971,0,181.181262676532,195.056527709961,100.312283845705,183.652084350586,85.3075054720895,205.739146305965,186.242141723633,167.52990436554,110.471586587546,100.169948761591,102.479076174289,0,169.332429673937,126.20979791758,141.04753778631,187.020978655134,68.4887561907504,95.998546299949,95.8215960942163,188.141556876046,177.361907958984,167.775655573065,101.973336241966,0,199.781539916992,115.746115831228
119.875776631492,25.9794778513307,27.1726192760963,53.9103902546603,176.688437143962,148.034130212032,136.777235513205,108.544415100865,135.107996528093,101.61472201236,138.38268848766,54.3143787669715,139.585494648327,36.978427430735,133.517682207622,137.815117269068,31.3435459832851,63.8420888470555,62.8541953660465,66.3057964948738,185.962939453125,73.3495108809402,40.5213325338588,42.4427704838555,94.3290850333678,16.53921698073,33.5342423323344,17.3012829103504,82.3464508990339,121.276326477528,105.559686597047,23.7138474572163,125.036494890849,104.607473645891,64.2716265935629,170.95515164462,70.4539526606715,88.0034267714657,56.8079966449738,0,0,181.180114746094,158.170438289642,191.840343128551,151.966509768837,165.343029446072,106.612705149979,141.588836669922,84.8852045752785,176.914664713542,161.474548339844,111.04069752847,105.156016191781,106.369643542231,105.926711309181,200.3974609375,145.833998010514,64.7118056696704,104.534856289205,159.770923069545,66.5951899576791,96.6775320864844,91.7006423606105,146.117113295056,174.690483456566,161.645436470969,102.605334457842,192.617279052734,193.978244781494,112.840047773768
73.8238925001675,100.49738468268,83.1329127530583,57.9147437402669,16.026477126315,122.60102050473,68.7195296004389,30.7135728522007,87.7369815104002,53.5955147659569,31.8603079449269,136.364056600651,54.6986911322901,149.740113258362,94.9133561334721,79.6774550934541,33.7927800975058,114.742646257346,142.217968435848,134.156454636275,30.4901427632985,24.3916733893258,52.9722360197394,52.7868213069022,23.9862121230008,130.223955917358,121.138711808384,82.3464508990339,11.9920090359818,80.841677667343,39.2540016965852,152.369585037231,128.855010593639,59.6856224619548,66.6642607627688,142.766676746715,144.976402282715,145.401036994402,81.3211944151116,144.056116830735,205.15990121024,154.032668117947,125.268358746697,151.753004703116,95.4325813835648,143.138863420862,0,125.969207763672,190.77555847168,154.071159815788,139.633816019694,123.149712040739,165.59367980957,172.861785888672,204.92246055603,143.502943265236,120.794427711545,87.9241729907775,140.14007433723,112.94570487306,156.094100952148,180.601524353027,157.839409632399,129.2358751739,147.929648233116,122.478955707853,0,199.990703582764,128.199637899593,138.728498369734
17.4074724442201,121.015245819092,121.335955196339,78.3439561620252,105.319957295402,26.2032224387719,46.9895714762272,71.5331371370053,33.575251933547,77.5332920682026,95.0688688371065,71.689891782986,104.831109459584,114.284796249035,27.9041239532734,73.3171723821889,116.762679466834,100.110933050437,108.64325889945,113.929276217933,98.649510041448,44.5915490713613,74.548412072854,92.5147280631127,85.7941414084977,112.86913721185,123.044437161579,121.276326477528,80.841677667343,11.4525211053369,23.2957653751141,120.018399672075,14.6728147603886,16.7269982006332,37.1479405447802,148.71332804362,0,161.088282865637,88.7695685068766,182.318913777669,0,184.565989176432,149.0517284139,192.600207913306,96.7222734723772,181.346946716309,0,124.583905537923,151.770325978597,176.018122185601,164.661376953125,128.462820870536,188.009899902344,160.312759399414,175.081092834473,182.680229187012,130.939183950424,83.7501470777724,152.316024780273,150.353289442796,145.078880310059,160.557208251953,161.224721781413,139.866927724489,162.059633208484,132.291432279699,165.211624145508,0,140.335858796772,147.347470490829
29.4005661163945,112.189814567566,92.0044179584256,60.3503461676015,118.638454861111,106.570726076762,99.2522746910483,21.9423547185113,73.8695264443669,62.3286954936501,64.700895044078,102.10777836995,121.47677394322,137.075504889855,59.7583566024335,99.1867904663086,74.0548422179953,81.3298782781816,119.357023921326,102.774896866701,137.673837549546,31.4932851576358,54.8882929875301,57.1296084003474,73.9224517274395,125.638750712077,114.590546628685,105.559686597047,39.2540016965852,23.2957653751141,10.7311175773551,140.880800247192,101.921544479111,20.6326766166891,35.7820352694533,136.574710693359,171.917722066243,145.469949001736,75.0391848513955,224.620513916016,0,163.580959320068,130.050776972915,168.706736973354,79.5264164317738,145.569193522135,197.765525817871,0,168.10345916748,156.635326385498,0,113.798651435158,152.256100177765,171.888847351074,180.139804840088,0,122.012874526465,81.1789020650527,131.10073642073,124.255660820007,161.759658813477,172.175091897288,154.053262616148,120.072801412995,135.965579533981,118.810315054983,155.580261230469,0,115.184241208163,124.640929688799
183.270233154297,61.5860786437988,95.3741414923417,135.076034545898,0,117.530136108398,158.27409362793,173.602722167969,153.052238464355,131.634834289551,181.06260172526,28.636541197184,161.271308898926,12.9173214224873,145.157906595866,165.647604370117,138.406173706055,92.7962556496645,51.6050594081617,66.1109679270599,0,153.745269775391,103.451897841233,112.989036842629,140.015786170959,49.6679055474021,28.2698704888063,23.7138474572163,152.369585037231,120.018399672075,140.880800247192,9.08201221089688,97.1781794230143,117.46955871582,75.0062270046266,0,94.3456615871853,0,74.5153872626168,0,0,0,0,0,0,0,89.6826281229655,0,83.7522571960725,0,0,203.272933959961,142.432094573975,107.891233825684,108.633592501554,0,0,141.555241394043,134.049911499023,224.716995239258,67.6596039733887,106.892287762712,102.973758665543,226.273559570312,163.482894897461,178.295166015625,101.792120228643,0,0,130.836926142375
80.3483852180275,0,160.411620330811,118.213293826941,140.815852289614,10.4065800981377,12.6898227502625,115.087155042376,21.4393880830258,117.076337353937,118.547785553751,62.1173614357548,111.929895149087,87.535217103504,22.3584635603535,51.66298142258,104.463470458984,146.383952522278,93.9393512501436,97.881186803182,116.147161702163,145.701789855957,173.739898681641,149.197444514224,130.967786912794,0,120.123873392741,125.036494890849,128.855010593639,14.6728147603886,101.921544479111,97.1781794230143,5.66184609079517,79.4279492696126,36.5268502217373,0,0,0,133.383499145508,202.389938354492,0,218.096324920654,184.220063153435,210.101001315647,127.04027557373,196.482406616211,0,150.825983683268,0,216.418054580688,215.689575195312,0,0,0,0,0,0,0,0,180.549941168891,0,127.685844421387,141.145779927572,189.742280847886,218.164484659831,190.193176269531,0,0,0,0
74.713196182251,0,100.478126102024,57.4318131477602,85.3612589154925,123.653579711914,98.9057022897821,66.4613420853921,91.5914796193441,64.0628437140049,96.6799012756348,98.2012506484985,117.339277648926,140.665256500244,87.2336551745733,112.815979003906,57.9295509338379,84.8086456834224,112.271303812663,101.486234491522,93.4854919433594,44.7448790623591,45.975060376254,62.4596868463465,72.5553660017721,108.387924194336,121.877750621122,104.607473645891,59.6856224619548,16.7269982006332,20.6326766166891,117.46955871582,79.4279492696126,7.01892867086246,21.4542061557606,0,0,0,70.3797916412354,0,0,0,159.288670131138,0,62.6599082946777,0,0,0,0,213.689735412598,0,94.9078318277995,0,0,0,0,101.985101064046,77.6680316925049,108.302207946777,113.113765716553,0,154.176528930664,142.309585571289,125.383680555556,107.979377746582,108.749481894753,0,0,101.566986083984,135.129277038574
60.9243494669596,58.0167542139689,60.6740572800282,76.8181400378878,107.770666344221,40.2346476682257,69.1971995309402,84.2213176300782,57.815609351096,88.342658419569,98.141353395586,25.0594176206329,105.679567106102,57.6517707500679,51.1556290644697,73.5618780384893,70.5395384175437,37.7566327151139,59.046851677752,46.8538247809154,98.5579301796707,46.389191750734,63.1922377710757,45.7261039058068,86.9652732564257,57.1662393902975,61.5309212197846,64.2716265935629,66.6642607627688,37.1479405447802,35.7820352694533,75.0062270046266,36.5268502217373,21.4542061557606,10.2710245361494,156.103006362915,78.1509560479058,102.880479267665,81.257666080556,157.891845703125,0,194.32103729248,144.347653424298,190.69778621898,105.862831115723,195.371017456055,112.317536671956,117.513236999512,117.049514389038,168.991624014718,0,125.936307634626,117.865124657041,103.540104548136,94.3110327720642,0,109.617538928986,79.8428599357605,111.252127280602,147.536681076576,67.7813926109901,94.290393943063,103.345575808407,151.464934692383,166.631988974179,122.367520051844,115.397504170736,0,135.862814585368,121.065178934733
137.753387451172,166.292007446289,160.451251983643,88.333249773298,146.053680419922,0,158.763519287109,151.38809299469,168.999347686768,0,179.065743340386,241.23957824707,0,0,169.050214767456,155.75415802002,208.934722900391,199.910675048828,204.441268920898,186.956695556641,0,139.072026570638,135.595153808594,182.543134901259,133.9272052447,190.120811462402,188.681588066949,170.95515164462,142.766676746715,148.71332804362,136.574710693359,0,0,0,156.103006362915,10.5561557831749,176.860698699951,101.625146910202,71.7911306988498,94.9773658430073,90.1912371317546,90.2906636929293,30.4805003869396,45.1817331840094,73.9796294204327,61.0536794753302,136.405773162842,87.8964060544968,139.161880493164,13.5808073988878,101.137986183167,99.2672655582428,104.266557713845,139.838820084282,128.655716176619,89.5653376821744,86.4869717684659,65.5129785699359,96.5825561656896,76.5478595567097,173.675231933594,120.547411180579,129.871019629793,76.4266664113754,17.5110011950167,24.402858756338,164.765209960938,76.4817137284712,32.9017436813425,70.2811651508303
0,0,92.2315088907878,0,157.40380859375,0,0,0,0,150.208831787109,0,90.645036315918,0,91.3969501256943,0,0,0,91.9466737111409,90.0127191543579,92.0964416503906,0,0,112.195472717285,136.849655151367,130.838875906808,57.0923180213341,82.7827629421068,70.4539526606715,144.976402282715,0,171.917722066243,94.3456615871853,0,0,78.1509560479058,176.860698699951,7.7275382380959,44.8814858523282,16.627935939813,0,0,0,114.911748250326,0,64.544229322405,0,62.0389359572838,92.4437815348307,48.1311458842431,123.164006551107,116.504794529506,75.87805720738,56.5964036279795,72.7577325647528,59.5996326065063,0,114.420011520386,19.9666015853463,79.646017074585,57.8656096315669,17.6735571923902,47.2738723080908,25.7753321025922,106.475696139865,115.527416229248,103.466649736677,64.0071744918823,0,125.35177230835,67.1025371551514
178.753819783529,112.69359588623,90.7979958522611,88.3215675354004,0,0,186.547467041016,152.994633568658,175.892530653212,172.844757080078,161.122566223145,152.122126261393,221.526412963867,149.210014343262,176.120641072591,0,106.655142706794,105.258015375068,0,125.683689541287,0,118.862291245233,77.8745309580927,99.4893648519456,155.154649658203,0,115.677167768959,88.0034267714657,145.401036994402,161.088282865637,145.469949001736,0,0,0,102.880479267665,101.625146910202,44.8814858523282,12.5879813574468,54.026350756304,199.719125366211,163.41641998291,122.773069441946,79.0727894214886,110.669441975585,84.6303257412381,89.5410054898729,83.9702990271828,160.130111694336,98.053600856236,101.281647888915,119.190486907959,72.4260003921833,38.9874897262544,79.526496887207,71.3671716295717,167.062622070312,68.1079636577474,39.793337220412,28.4868162699415,92.5188836904672,133.41476949056,27.4208426240599,23.2263566625382,61.9123198636373,123.259172365647,83.575579840204,105.259906005859,171.338190714518,98.950231552124,54.9061777252248
90.6665214538574,20.8559974034627,85.3331902243874,23.9259491490794,88.6213334401449,124.084780375163,108.03180226972,88.5161426579841,97.6083491150762,44.1110358834267,101.143288107479,87.2916417329208,85.5835930960519,51.167363936441,112.650188221651,76.6531219482422,56.271044546274,103.817843573434,67.7760940898549,72.7027596064976,90.8475849628448,72.7284856276079,53.0000659889645,61.7714135879861,67.2801705954911,28.246497150866,64.8975700444473,56.8079966449738,81.3211944151116,88.7695685068766,75.0391848513955,74.5153872626168,133.383499145508,70.3797916412354,81.257666080556,71.7911306988498,16.627935939813,54.026350756304,12.4728948049398,79.5723305779534,119.512324333191,88.9080001681459,53.0492783151517,81.9904307868119,16.229951572289,74.7502063562661,57.2645184582677,68.5385968344552,33.6176946266182,80.498925512134,67.8058997883516,42.2987511715878,82.2955667383531,69.2714669363839,67.9642364420789,90.4500030370859,50.3985674023458,35.00491400343,47.3509063330785,37.1048922615,18.6546650451944,52.2436579081638,36.4760727126479,53.1097589558627,74.5678201175217,55.9929869672843,65.4656753540039,118.506917681013,57.3927842467578,66.3715274934846
