8.39125046387129,141.11164855957,101.565016313033,81.1221501967486,83.0280648936396,78.9754851205008,87.0489598867055,30.7106777655859,38.904442823307,80.112242418177,55.6485765948683,176.16081237793,91.6364017486572,0,15.7330085959548,113.41712697347,105.851179213751,100.712621084849,141.072769165039,132.850911004203,82.0475957234701,76.1964723576095,116.275499297351,87.6544229514046,84.7533946718488,0,134.591624270203,133.744262038477,76.195892630423,16.7669915815865,35.3788260946281,193.124374389648,83.5247040557861,38.7392631079021,83.9476686162273,198.790344238281,0,163.170364379883,94.8155154059915,0,0,192.955581665039,200.804786682129,169.442623138428,93.5085754394531,172.273025512695,0,0,0,206.962699890137,0,0,195.512064615885,0,0,165.760635375977,0,109.533639526367,178.254531860352,124.33005288931,0,0,172.5068359375,143.697134229872,171.890354156494,164.65393447876,0,0,167.773986816406,189.547584533691
141.11164855957,7.44287873590125,50.557806717722,17.2584914046355,152.339813232422,94.3825912475586,148.442260742188,161.450245448521,165.302705764771,76.8485243661063,145.531842041016,72.6147432656124,0,60.8913500407957,166.940685272217,101.594793701172,101.747929139571,60.6671415904441,74.4134105213901,63.17276535979,0,102.697963237762,28.2524929121587,73.6769555409749,90.5567276099739,32.0010695229452,54.6319979212163,42.6698802616285,114.444751033077,125.388059234619,115.543863123113,71.9772961356423,107.317543029785,133.070823669434,60.4785277096193,0,6.52509117126465,92.1480262756348,31.299250456003,0,0,0,122.993766784668,0,0,0,69.9957580566406,0,0,0,0,84.3503799438477,99.8108177185059,114.175219726563,117.796133422852,0,0,21.1417969294957,79.9013481140137,148.31090927124,92.3831567764282,103.550494829814,99.4941133352426,0,0,0,0,0,0,0
101.565016313033,50.557806717722,13.5165037306131,52.9515601381342,138.163514818464,157.665965687145,147.123996348863,101.089479632026,128.881107123575,114.379161052215,122.090324203321,97.2226216272654,152.764324612088,105.417105964992,119.110658891686,146.619328816732,84.8554340565698,42.7876064302518,84.2262142562866,67.3554198816161,159.204467010498,68.8824818584069,58.3293004334617,31.0200438852338,114.953454893094,113.945916493734,41.6069301306375,33.0987555350101,94.553907380659,116.671521097277,90.9917181197263,93.4801873101129,167.04565264384,112.779365437826,69.5126286763905,162.332908630371,56.6947920663016,97.0844057178066,57.2047260178038,149.033645629883,0,0,166.857385423448,163.485687255859,0,182.855087280273,144.584930419922,0,0,186.040634155273,0,155.077690124512,120.837561143183,139.131334940592,131.814074348001,170.643844604492,0,71.1978710058964,115.817970072428,159.180909156799,113.283767700195,113.600649166107,103.698835967017,162.699108886719,166.229843139648,154.149450302124,191.84423828125,0,0,134.665554470486
81.1221501967486,17.2584914046355,52.9515601381342,18.1020576984718,80.7224724713494,110.590063095093,106.339599609375,64.6205960591634,95.6331820805867,18.1541891810902,85.0341385479631,74.4938582507047,93.1726699405246,57.7588320503119,101.34670021896,86.8964108058384,43.6501854467186,66.1537359650783,71.4624102308943,64.432092629227,83.7582965426975,64.3140484884344,35.063419312001,62.59178949853,40.6851099509484,28.5344877369695,55.6055766526453,64.2557436036032,57.0755536114728,86.2735860419996,65.5001270406021,69.9970435490684,133.956543786185,71.3504163221879,68.8138332839239,94.3809097290039,7.52141698201497,64.0726498195103,13.739623105526,96.6465339660645,0,95.127981821696,87.7475767869216,142.430363246373,26.6256946764494,97.0427440643311,0,93.0070266723633,94.8123970031738,120.77730741955,0,61.4662725660536,98.3295459747314,0,113.239073435465,78.3342819213867,89.6706390380859,10.0529005075047,72.9087194554946,53.0234012118841,0,84.6979657686674,97.2273818969727,76.0330884352974,109.745106258908,84.6123988411643,0,152.498428344727,87.8207986619737,102.139212608337
83.0280648936396,152.339813232422,138.163514818464,80.7224724713494,10.3075127212631,118.56666692098,68.8893275614762,65.1792288129292,89.4402488484556,47.1290373926039,31.5412635567465,165.704868861607,31.4615653871799,206.387680053711,108.328491849138,63.2083886953501,116.35341389974,193.270009358724,0,166.530069986979,14.7062509779353,134.3438539505,93.23346824646,149.487768445696,25.6493512928387,204.776290893555,173.277114868164,148.998462041219,20.4122142605972,106.854539590885,107.171289716448,0,144.8302409334,87.0595406984028,102.061508585612,0,155.112243652344,0,83.8920146942139,15.2122877349688,0,154.069991149902,136.809483846029,181.132678440639,98.6896514892578,122.812772060962,0,25.3445026444184,0,203.691307067871,86.6022728814019,0,241.08154296875,0,0,19.873525098033,0,117.419311523438,0,104.375790056975,0,192.418014526367,206.318511962891,104.746879436826,182.85595703125,176.976943969727,0,0,184.093200683594,186.319137573242
78.9754851205008,94.3825912475586,157.665965687145,110.590063095093,118.56666692098,8.05764966739372,13.4161902847349,107.818139781123,23.7380880761829,60.0722829919112,101.990364074707,62.3252001116353,68.474155108134,63.1269226074219,34.9907546889614,16.8104120068533,0,153.179977416992,0,199.466812133789,124.994567177512,141.546311950684,124.592906951904,147.438689168294,94.6295589100231,197.285354614258,143.652729034424,184.676645914714,128.402869591346,33.6762908075897,102.94323348999,0,14.2472992429688,0,40.594522355913,0,0,0,147.054489135742,99.6803283691406,0,0,0,0,198.303604125977,223.089401245117,0,125.135437011719,0,0,0,0,0,0,0,0,0,0,0,173.511220296224,0,0,0,0,214.801162719727,0,0,0,0,212.762405395508
87.0489598867055,148.442260742188,147.123996348863,106.339599609375,68.8893275614762,13.4161902847349,12.2950664425173,71.0223451964331,20.3298224444236,82.9862001472049,27.824960365796,88.3039568764823,28.3913211524007,95.4760695563422,39.4231925529499,12.7153539478259,172.620132446289,165.810308103208,131.180271911621,174.40037689209,43.5343842570603,132.107188151433,125.673117574056,139.251721887028,83.9720691997764,189.114852905273,164.634800415039,165.317244347106,79.3363657095224,72.2059896148254,120.546217661055,0,24.6319599301115,104.938103385594,72.470586676785,212.692428588867,0,0,107.928497314453,129.438762029012,0,179.489991324288,173.039936065674,193.459939575195,102.493876457214,168.504117716914,0,94.5654485702515,0,214.546869277954,209.472930908203,181.922317504883,245.802429199219,0,0,110.289577272203,0,169.961868286133,229.475799560547,123.476835047945,0,247.074096679688,227.210403442383,162.983908726619,193.239055088588,0,0,0,201.861297607422,0
30.7106777655859,161.450245448521,101.089479632026,64.6205960591634,65.1792288129292,107.818139781123,71.0223451964331,10.791613767691,60.2966141146574,63.5852119987344,20.7591364465423,162.63427901268,77.291053430358,193.025756835938,34.3930753123702,82.400202404369,99.613647265312,130.427801331808,156.761487960815,148.757714491624,76.7321742864756,72.5912690084721,89.6601783479963,87.8363529338973,60.9421029923062,176.744144984654,141.292373395048,118.199169526376,37.0544536829503,63.7475740404086,19.5653219888445,173.500524520874,123.940441959462,73.190687789398,101.663782491724,161.695202914151,0,181.62880452474,79.0694235376565,132.401078542074,0,155.999494280134,143.674802017212,171.491611133922,98.474498455341,153.633323510488,0,136.433917999268,0,173.865772792271,151.276817321777,155.677907307943,216.858173915318,0,0,127.293288094657,172.075439453125,117.963507259593,174.372991943359,107.637746617414,0,207.387832641602,178.173778533936,138.171338437208,164.264186277228,161.754343206232,0,0,151.720966884068,168.209788004557
38.904442823307,165.302705764771,128.881107123575,95.6331820805867,89.4402488484556,23.7380880761829,20.3298224444236,60.2966141146574,12.2723694420886,95.7983124565532,36.5138551935204,77.992803255717,65.5252437970832,120.477750778198,18.2359049824077,33.6598771034725,137.154061021476,137.598384600967,125.318432944162,171.184885025024,86.7662498123483,109.60300463842,132.413676076121,116.347845908923,92.2238621603159,151.117748684353,160.665408001722,152.039767777531,86.9202768655105,40.1320652485494,80.3827040884732,196.031408309937,31.4387802957141,85.5920007824898,74.5533234953674,167.19514465332,192.104232788086,196.720885056716,107.541217079645,132.087364355723,0,177.970441436768,169.819897651672,197.545339457194,123.573143592248,171.795834813799,240.468246459961,123.602244873047,0,205.948919296265,207.165115356445,168.991226196289,244.133407592773,0,239.194610595703,152.119462405934,0,154.647742135184,223.847930908203,132.24074898856,205.381072998047,172.807029724121,199.260746348988,162.461897463412,199.500897334172,189.190591430664,0,0,187.097162882487,195.320455932617
80.112242418177,76.8485243661063,114.379161052215,18.1541891810902,47.1290373926039,60.0722829919112,82.9862001472049,63.5852119987344,95.7983124565532,9.21008430282068,73.9063968774513,148.415418252178,16.3974579353584,139.941619067935,103.114206862176,17.5475212817496,69.5408877281293,130.657186485199,149.245643615723,140.626754130214,46.6848717262005,87.3243499168983,25.291714111495,116.411911921715,21.7262649620654,118.005878949749,134.81224934014,115.640317769813,56.6062484588762,87.1457645517673,67.7953650507703,149.377815628052,137.113036815937,73.0357201439994,106.960448208977,0,0,186.618682861328,23.617539730072,92.9197367915401,0,0,91.8654346466064,113.365707397461,38.5073714937483,110.651053110758,184.589752197266,90.5025685628255,150.697326660156,146.870999654134,63.3874130249023,62.6466045379639,0,0,0,88.3652687072754,0,52.6649034321308,225.053215026855,76.6731185913086,153.078048706055,169.150351206462,182.614248657227,91.5433714389801,124.186786015828,74.5864334106445,0,174.386169433594,0,112.029528299967
55.6485765948683,145.531842041016,122.090324203321,85.0341385479631,31.5412635567465,101.990364074707,27.824960365796,20.7591364465423,36.5138551935204,73.9063968774513,11.8647532228419,150.741950700868,31.4282431544175,159.441598510742,40.8722120719261,71.4839484914144,124.793867874146,161.095461863392,191.1958984375,159.942955780029,20.0357542682131,90.5369414424037,105.776083104751,108.149437091534,61.8811233143368,186.046646118164,158.883821836082,142.601513785285,37.2531506302053,99.3674690172727,76.1598761269216,186.459116617839,123.123559545702,83.9282235904616,100.589616568984,184.411679585775,169.454986572266,217.924657185872,91.6782817522685,77.0830121040344,0,161.622949714335,147.933311834568,183.18536771577,102.974405452183,153.134391788964,0,62.9321600365962,0,183.709670618961,131.765602111816,0,232.985069274902,0,238.936965942383,97.3439718284863,192.309600830078,120.406716346741,205.423748016357,113.362565896891,0,234.76383972168,181.519131978353,146.192688198909,184.823832321167,0,0,214.665222167969,170.47477722168,178.498366038005
176.16081237793,72.6147432656124,97.2226216272654,74.4938582507047,165.704868861607,62.3252001116353,88.3039568764823,162.63427901268,77.992803255717,148.415418252178,150.741950700868,12.7115874586589,142.515720094953,18.6632316601005,79.7011340588939,126.142738342285,131.653170013428,57.9221844386805,25.4737247491974,23.0287208944603,146.304054260254,119.963644834665,106.038880871188,101.03588218689,162.773605022025,34.7382519242747,27.6128456066794,65.4231176834888,160.435292380197,52.6088069577297,139.464772127113,31.5507927410107,59.9712960196973,183.178997039795,26.5202092223555,0,144.026447296143,149.171460151672,128.668706258138,224.112228393555,0,0,0,0,0,223.942291259766,123.072807947795,136.686584472656,106.69937286377,0,0,0,168.211194356283,115.497800744098,116.981846458034,234.468521118164,203.266586303711,134.878761291504,185.488352457682,222.980239868164,85.425653330485,105.731889680374,102.642937840642,0,0,0,122.893782043457,0,0,237.951553344727
91.6364017486572,0,152.764324612088,93.1726699405246,31.4615653871799,68.474155108134,28.3913211524007,77.291053430358,65.5252437970832,16.3974579353584,31.4282431544175,142.515720094953,13.4057410673313,170.285527547201,100.529558282444,18.7961431517302,173.700218200684,177.10671081543,188.062393188477,200.369003295898,18.9064832771281,128.643124898275,96.5527687072754,159.120450337728,33.0694428449907,179.876434326172,181.022807071083,179.698851776123,50.4200797115438,105.802177526558,103.498406728109,201.385177612305,124.591090398292,101.049343109131,107.699911216453,172.897644042969,0,0,105.680819791906,49.4009998918096,0,180.771259014423,175.169809977214,208.088634490967,107.532616170247,161.773984359483,0,21.6899692199169,0,201.01230875651,0,0,212.373550415039,0,0,42.0196456405687,0,0,0,117.80508630926,0,0,192.68724822998,138.795699225532,212.881645202637,0,0,0,0,209.726913452148
0,60.8913500407957,105.417105964992,57.7588320503119,206.387680053711,63.1269226074219,95.4760695563422,193.025756835938,120.477750778198,139.941619067935,159.441598510742,18.6632316601005,170.285527547201,10.716560370973,104.8981590271,177.815643310547,140.794818115234,113.854291098458,67.0652374977289,79.0560952628531,0,168.404748535156,98.4181940297611,132.577063473788,154.502495645107,24.3724362639026,36.115659382801,41.131055136229,166.774209273489,102.418719839542,165.577960205078,20.4958220186656,83.9143390140018,158.561614990234,73.1700947803,0,0,151.624443054199,99.6144981384277,0,0,0,0,0,179.894027709961,231.188705444336,103.456342843863,230.884872436523,83.9786562765798,0,0,0,145.121444702148,97.5525232042585,111.428077004173,0,0,180.255889892578,0,173.521174112956,72.7920449298361,97.6518050432205,102.220816382046,242.357482910156,242.782913208008,0,101.997582329644,0,0,119.906026204427
15.7330085959548,166.940685272217,119.110658891686,101.34670021896,108.328491849138,34.9907546889614,39.4231925529499,34.3930753123702,18.2359049824077,103.114206862176,40.8722120719261,79.7011340588939,100.529558282444,104.8981590271,9.40421678643133,45.0612748061554,125.926239799051,121.159798681086,147.970381055559,138.834958031064,98.9854399941184,96.6943653841403,127.100779589485,105.597962871425,100.884790974822,191.4071337382,152.530124601427,143.821127034035,92.5009789895825,23.5103596141598,57.6583376219719,147.291680472238,24.4964803925301,43.2000562015333,68.0001054751929,187.981948852539,190.212066650391,195.384065416124,114.970269357004,144.962584686279,0,190.443812561035,186.994391808143,198.132354736328,133.807619268244,183.317695617676,0,114.555964152018,0,210.055644989014,187.135177612305,0,212.698776245117,0,0,144.84285736084,219.218302408854,140.036856515067,216.306831359863,144.917487008231,0,217.962641398112,196.794100443522,171.842789120144,199.926962171282,189.051953996931,0,0,192.953053065709,203.930288042341
113.41712697347,101.594793701172,146.619328816732,86.8964108058384,63.2083886953501,16.8104120068533,12.7153539478259,82.400202404369,33.6598771034725,17.5475212817496,71.4839484914144,126.142738342285,18.7961431517302,177.815643310547,45.0612748061554,7.62909920561739,0,0,0,153.398788452148,55.6708164744907,125.827621459961,79.2976553175184,142.46741027832,38.0226360185612,155.00122833252,156.077685546875,165.489627075195,82.1162031324286,112.496544376496,115.303362528483,0,40.1763858874309,108.519638061523,130.585608164469,0,0,0,47.9624519348145,76.0011503431532,0,0,0,0,72.2033233642578,146.776123046875,0,96.8007621765137,0,0,0,0,0,0,241.107727050781,79.282470703125,0,0,0,111.795671463013,0,0,0,166.565790812174,0,0,0,0,0,237.238586425781
105.851179213751,101.747929139571,84.8554340565698,43.6501854467186,116.35341389974,0,172.620132446289,99.613647265312,137.154061021476,69.5408877281293,124.793867874146,131.653170013428,173.700218200684,140.794818115234,125.926239799051,0,14.16906328788,106.657721706945,151.720511300223,124.851947378605,0,26.6456384203742,31.2647691869171,25.881144395492,34.0687594267649,138.175091743469,119.1567241513,34.9307337860524,43.4473175300547,123.960640948752,79.9274298257201,152.523513793945,189.132328578404,96.3023667768999,83.1559569158474,141.894989013672,0,118.912258625031,64.5460940140944,0,0,0,169.291549682617,180.81037902832,0,0,0,0,197.520721435547,180.823120117188,0,99.861941746303,154.830528259277,0,0,0,117.355555216471,55.1098238748217,106.760326759488,148.256912231445,0,196.452011108398,127.497258112981,116.40162563324,148.640243530273,131.231252670288,0,224.603546142578,226.429077148438,132.890159606934
100.712621084849,60.6671415904441,42.7876064302518,66.1537359650783,193.270009358724,153.179977416992,165.810308103208,130.427801331808,137.598384600967,130.657186485199,161.095461863392,57.9221844386805,177.10671081543,113.854291098458,121.159798681086,0,106.657721706945,10.8649428534068,49.6232887754504,22.7262461113216,171.679664611816,69.0581039202334,84.4921306503153,37.2155267668716,136.825172541178,79.7736865679423,32.2791655894884,69.774744938487,125.134778413428,106.914361521576,80.8760022141251,105.18848063151,160.522662056817,112.692931305278,38.271548410665,202.525161743164,73.9998809151028,116.293810342488,79.1306038933831,0,0,0,205.199886322021,0,145.559829711914,208.802215576172,165.768531799316,0,168.015161132812,221.170163472493,0,190.874893188477,129.072527928139,134.573593139648,138.480883563006,204.776741027832,181.52806854248,112.173666000366,147.757729394095,174.835315159389,119.002876281738,125.25839193662,126.502183914185,195.646633911133,243.678070068359,167.839009602865,0,0,0,134.085920333862
141.072769165039,74.4134105213901,84.2262142562866,71.4624102308943,0,0,131.180271911621,156.761487960815,125.318432944162,149.245643615723,191.1958984375,25.4737247491974,188.062393188477,67.0652374977289,147.970381055559,0,151.720511300223,49.6232887754504,10.8052718743444,19.2640141693799,202.841842651367,123.994958010587,110.298004590548,87.3036383236156,164.828908284505,49.9605715064242,27.184548632239,67.2145947383683,164.588094711304,92.8503850913909,132.538264274597,63.0376671801557,98.5036491394043,168.02953338623,65.8421561037471,0,92.107531229655,155.000106811523,107.271186828613,220.254364013672,0,0,0,0,0,0,104.924922180176,195.993682861328,100.66491232978,0,0,0,150.980373382568,111.378035695929,121.505328814189,0,0,160.543670654297,0,0,78.5387443093692,103.531842996786,104.476437731487,0,0,0,115.542088826497,0,0,141.44153213501
132.850911004203,63.17276535979,67.3554198816161,64.432092629227,166.530069986979,199.466812133789,174.40037689209,148.757714491624,171.184885025024,140.626754130214,159.942955780029,23.0287208944603,200.369003295898,79.0560952628531,138.834958031064,153.398788452148,124.851947378605,22.7262461113216,19.2640141693799,11.3507930227681,0,99.0387060501996,101.421018193277,58.8899796729154,151.736287500951,49.3530171576967,25.6079804182561,66.8008687661525,151.322943369548,121.640478063513,109.22666370952,72.1444096565247,151.615251064301,143.507758004325,40.5299813045233,0,96.6930821736654,141.876373291016,96.1807068534519,0,0,0,205.748741149902,0,0,223.296508789062,115.991199840199,0,108.610201517741,0,0,0,137.55922435892,117.318808611702,121.339637462909,0,178.345275878906,98.4429194132487,166.098114013672,164.111297607422,86.2840342521667,106.672629072859,104.238653114864,194.218170166016,0,0,0,0,0,136.685451931424
82.0475957234701,0,159.204467010498,83.7582965426975,14.7062509779353,124.994567177512,43.5343842570603,76.7321742864756,86.7662498123483,46.6848717262005,20.0357542682131,146.304054260254,18.9064832771281,0,98.9854399941184,55.6708164744907,0,171.679664611816,202.841842651367,0,11.8665499868993,202.974395751953,136.910793304443,168.882231140137,18.0860405081441,182.860870361328,196.985778808594,192.78783331977,34.2335167421667,103.728891323545,147.749132156372,0,133.442981682935,89.4786946614583,100.04998490183,0,0,241.958587646484,92.416349029541,22.595743172257,0,167.552132346413,152.283824920654,159.104721069336,96.7148827446832,129.590089612537,0,14.1934799670272,0,190.410931396484,135.468681335449,0,0,0,0,24.7776746846611,165.469085693359,0,0,108.318532457157,0,0,169.440231323242,92.6205348407521,217.2392578125,0,0,0,0,0
76.1964723576095,102.697963237762,68.8824818584069,64.3140484884344,134.3438539505,141.546311950684,132.107188151433,72.5912690084721,109.60300463842,87.3243499168983,90.5369414424037,119.963644834665,128.643124898275,168.404748535156,96.6943653841403,125.827621459961,26.6456384203742,69.0581039202334,123.994958010587,99.0387060501996,202.974395751953,14.1777824882164,60.8471153323518,32.1623634804988,50.0885413588857,148.269633900036,113.139710001538,69.6951960806778,31.1926067886833,75.2510521786479,32.0149203675697,155.098827362061,145.731488077264,70.5474486880832,38.2262392020553,212.4384765625,0,141.620886908637,78.7344045737355,0,0,0,167.107504708426,226.610366821289,90.3794231414795,161.894683837891,0,0,0,171.388488769531,0,122.018817265828,170.719863891602,0,0,0,135.000346790661,67.3332428419058,135.434836832682,121.660413434429,0,0,156.826071166992,131.31156539917,180.954980289235,140.396957788712,0,0,167.787954966227,167.978300476074
116.275499297351,28.2524929121587,58.3293004334617,35.063419312001,93.23346824646,124.592906951904,125.673117574056,89.6601783479963,132.413676076121,25.291714111495,105.776083104751,106.038880871188,96.5527687072754,98.4181940297611,127.100779589485,79.2976553175184,31.2647691869171,84.4921306503153,110.298004590548,101.421018193277,136.910793304443,60.8471153323518,9.48272157601476,55.8228206356482,36.0756691437915,76.3037890568162,92.8838087423348,46.1297220759865,57.3096394827411,103.725183630708,70.958092020124,111.876896972656,153.537141164144,93.6389122009277,74.7649553736208,0,0,112.757657877604,26.9506450201336,127.847999572754,0,179.837440490723,135.176086425781,185.400380452474,63.1396498680115,192.660850524902,0,138.486671447754,151.52611541748,174.95662689209,0,59.8041123782887,138.609697977702,175.317680358887,163.807510375977,125.38207244873,74.2862712860107,9.36463187543357,71.0429904174805,98.779768371582,104.663013458252,154.215930393764,107.879926300049,94.1086894444057,175.830569180575,89.4897609710693,165.011138916016,0,136.207248142787,114.622405418983
87.6544229514046,73.6769555409749,31.0200438852338,62.59178949853,149.487768445696,147.438689168294,139.251721887028,87.8363529338973,116.347845908923,116.411911921715,108.149437091534,101.03588218689,159.120450337728,132.577063473788,105.597962871425,142.46741027832,25.881144395492,37.2155267668716,87.3036383236156,58.8899796729154,168.882231140137,32.1623634804988,55.8228206356482,15.8368872187534,100.074769384093,123.239117431641,77.6753312453454,53.365138334867,68.6575145811474,95.8964570516759,57.8793700279056,125.668658447266,153.502800423758,96.2210401066014,49.5843543762146,206.043294270833,91.9908627596768,109.536032153714,74.8692455343438,205.746551513672,0,217.445114135742,176.100912023474,207.262761433919,147.334814453125,179.952800750732,173.831207275391,226.798446655273,0,201.195061819894,0,116.881574522774,140.267086069207,192.348658243815,164.880232069227,0,139.794762134552,68.4149891441944,119.968025731329,152.312152985604,0,135.333786519368,116.407168934363,171.456617181951,207.672194417318,161.778379652235,203.841018676758,0,196.217132568359,139.622657230922
84.7533946718488,90.5567276099739,114.953454893094,40.6851099509484,25.6493512928387,94.6295589100231,83.9720691997764,60.9421029923062,92.2238621603159,21.7262649620654,61.8811233143368,162.773605022025,33.0694428449907,154.502495645107,100.884790974822,38.0226360185612,34.0687594267649,136.825172541178,164.828908284505,151.736287500951,18.0860405081441,50.0885413588857,36.0756691437915,100.074769384093,12.9792679630579,134.28105629815,141.830385250515,94.7195529327492,25.5375799283153,89.9700351637547,74.1302568143302,164.606789522393,142.850970603324,76.3360645957197,102.171245649471,148.890941619873,0,170.807309237393,61.132391055425,83.6721465859637,0,135.194608234224,132.80709213507,162.85675502169,69.278528982134,119.658803523495,0,110.480604852949,0,159.200681292821,97.4833354949951,106.273324330648,200.468490600586,206.367721557617,194.276885986328,93.8863167052573,153.898749215262,74.6001822380793,164.003422207303,87.8690515183911,0,213.611138916016,175.694085184733,115.28092918396,153.506472632999,136.179137820289,0,206.234230041504,146.068685195025,148.096393500434
0,32.0010695229452,113.945916493734,28.5344877369695,204.776290893555,197.285354614258,189.114852905273,176.744144984654,151.117748684353,118.005878949749,186.046646118164,34.7382519242747,179.876434326172,24.3724362639026,191.4071337382,155.00122833252,138.175091743469,79.7736865679423,49.9605715064242,49.3530171576967,182.860870361328,148.269633900036,76.3037890568162,123.239117431641,134.28105629815,10.3200796712881,41.8471542091809,34.2978021222057,148.462441957914,93.6795332535453,149.57183265686,48.2422651699212,119.48115234375,217.928314208984,69.1962016867526,0,81.4908599853516,165.670964558919,106.324192592076,206.711008707682,0,0,189.078903198242,0,0,229.98469543457,107.264779227121,0,62.8062111990792,0,0,188.958389282227,111.894569396973,85.3961875915527,103.504318237305,0,0,87.1248550415039,208.227905273438,158.783499581473,50.3427084142512,87.1412709180047,77.4619456875709,187.743148803711,0,0,96.2962684631348,0,0,127.350187301636
134.591624270203,54.6319979212163,41.6069301306375,55.6055766526453,173.277114868164,143.652729034424,164.634800415039,141.292373395048,160.665408001722,134.81224934014,158.883821836082,27.6128456066794,181.022807071083,36.115659382801,152.530124601427,156.077685546875,119.1567241513,32.2791655894884,27.184548632239,25.6079804182561,196.985778808594,113.139710001538,92.8838087423348,77.6753312453454,141.830385250515,41.8471542091809,13.5538476186862,39.3851319358263,140.74237897371,133.834761496702,126.943607822134,26.490291911798,141.334301492442,146.859834272783,67.7690943923145,195.532501220703,104.837540676719,121.109311373729,75.075886875391,192.301025390625,0,0,203.191762288411,0,177.209494018555,220.775721232096,104.655048370361,235.681655883789,83.9324774906553,207.027033487956,0,164.262176513672,129.195680852522,102.572339584578,116.672864501953,0,164.141662597656,106.292856389826,155.792751659047,188.773863474528,71.9654982757568,99.6258889935874,100.932793152982,214.4359375,210.744762420654,215.93856048584,105.404706872028,0,225.917912801107,131.887831687927
133.744262038477,42.6698802616285,33.0987555350101,64.2557436036032,148.998462041219,184.676645914714,165.317244347106,118.199169526376,152.039767777531,115.640317769813,142.601513785285,65.4231176834888,179.698851776123,41.131055136229,143.821127034035,165.489627075195,34.9307337860524,69.774744938487,67.2145947383683,66.8008687661525,192.78783331977,69.6951960806778,46.1297220759865,53.365138334867,94.7195529327492,34.2978021222057,39.3851319358263,17.9712344584022,77.6905529330347,132.850682127551,113.066152192027,36.0175602726407,138.187016913231,132.996030750841,71.5296745171817,181.784408569336,81.7656175440008,101.871613736518,71.212560849312,211.333755493164,0,0,161.10748726981,197.77587890625,161.453338623047,188.445345197405,120.140437182258,0,98.1248642090828,199.583017522638,0,141.243911107381,134.369059602979,111.205311126709,122.192169189453,175.595855712891,151.10722896031,78.2278431053448,117.650149546171,161.908694458008,79.418676512582,110.467276546542,107.552309918644,173.292843745305,193.925580851237,156.764763726128,114.2219961066,0,211.974716186523,146.595764366356
76.195892630423,114.444751033077,94.553907380659,57.0755536114728,20.4122142605972,128.402869591346,79.3363657095224,37.0544536829503,86.9202768655105,56.6062484588762,37.2531506302053,160.435292380197,50.4200797115438,166.774209273489,92.5009789895825,82.1162031324286,43.4473175300547,125.134778413428,164.588094711304,151.322943369548,34.2335167421667,31.1926067886833,57.3096394827411,68.6575145811474,25.5375799283153,148.462441957914,140.74237897371,77.6905529330347,12.9746933553557,90.6429636921829,48.1043858137255,175.931288285689,143.369401579637,74.571723080672,71.5448579689187,159.712193080357,170.430404663086,161.319643656413,75.3379092152913,53.4415020897275,223.314651489258,158.114228321956,145.305134823448,178.336950620015,98.5777245193231,152.16014515588,0,58.8459868458654,0,178.029219580478,113.135093688965,118.833795819964,205.066028594971,0,0,57.2524640967809,143.500457763672,71.1943408949969,149.069583740234,109.600064399915,0,206.145683288574,172.621667300954,136.064395622521,164.680603027344,143.990877701064,0,0,144.653891513222,160.131868611211
16.7669915815865,125.388059234619,116.671521097277,86.2735860419996,106.854539590885,33.6762908075897,72.2059896148254,63.7475740404086,40.1320652485494,87.1457645517673,99.3674690172727,52.6088069577297,105.802177526558,102.418719839542,23.5103596141598,112.496544376496,123.960640948752,106.914361521576,92.8503850913909,121.640478063513,103.728891323545,75.2510521786479,103.725183630708,95.8964570516759,89.9700351637547,93.6795332535453,133.834761496702,132.850682127551,90.6429636921829,12.9028210050603,38.18744211574,118.262340711511,15.800212046918,20.0359114278341,41.0505395695514,168.738052368164,0,182.111475492779,104.571943600972,172.314362265847,0,189.690182854148,174.621467199081,204.087068080902,107.967010879517,189.47392578125,0,124.421049017655,0,198.224319881863,0,165.813837687174,200.575664520264,169.593826293945,186.439407348633,113.489303588867,234.510818481445,106.421777786747,196.680223737444,139.746410985147,193.54313659668,173.467036437988,181.886193847656,156.884568786621,191.316556338606,157.078818118933,0,241.839660644531,173.932177080427,175.958867221408
35.3788260946281,115.543863123113,90.9917181197263,65.5001270406021,107.171289716448,102.94323348999,120.546217661055,19.5653219888445,80.3827040884732,67.7953650507703,76.1598761269216,139.464772127113,103.498406728109,165.577960205078,57.6583376219719,115.303362528483,79.9274298257201,80.8760022141251,132.538264274597,109.22666370952,147.749132156372,32.0149203675697,70.958092020124,57.8793700279056,74.1302568143302,149.57183265686,126.943607822134,113.066152192027,48.1043858137255,38.18744211574,10.9562091737555,157.996788024902,120.426949177892,58.6567165557652,35.7527128917049,167.921587626139,113.270263671875,176.402056607333,83.1260434007092,133.796600341797,0,209.939228057861,160.332059733073,173.182929992676,90.8666580863621,176.094085693359,0,0,0,176.668781280518,177.976547241211,134.717980702718,201.809555053711,0,0,0,139.962462531196,77.655258846283,177.838824801975,124.498495467986,0,198.18204498291,151.938387189593,132.561513900757,170.992124150308,144.479144069127,0,190.013473510742,154.699255741004,164.933908815737
193.124374389648,71.9772961356423,93.4801873101129,69.9970435490684,0,0,0,173.500524520874,196.031408309937,149.377815628052,186.459116617839,31.5507927410107,201.385177612305,20.4958220186656,147.291680472238,0,152.523513793945,105.18848063151,63.0376671801557,72.1444096565247,0,155.098827362061,111.876896972656,125.668658447266,164.606789522393,48.2422651699212,26.490291911798,36.0175602726407,175.931288285689,118.262340711511,157.996788024902,7.39341755744057,101.601524353027,203.344375610352,87.0079834866686,0,0,148.176773071289,164.336433410645,0,0,240.70881652832,206.994827270508,0,0,0,113.666473388672,0,87.0018043518066,0,0,0,142.917343139648,107.774072983686,123.13721593221,0,0,108.003372192383,168.703018188477,0,76.5120048522949,110.285461970738,105.304222931733,0,0,0,109.646789550781,0,0,123.872756958008
83.5247040557861,107.317543029785,167.04565264384,133.956543786185,144.8302409334,14.2472992429688,24.6319599301115,123.940441959462,31.4387802957141,137.113036815937,123.123559545702,59.9712960196973,124.591090398292,83.9143390140018,24.4964803925301,40.1763858874309,189.132328578404,160.522662056817,98.5036491394043,151.615251064301,133.442981682935,145.731488077264,153.537141164144,153.502800423758,142.850970603324,119.48115234375,141.334301492442,138.187016913231,143.369401579637,15.800212046918,120.426949177892,101.601524353027,6.9484035113144,65.418666176174,41.3426586048237,0,220.636596679688,145.127593994141,158.651617431641,0,0,213.689414978027,222.136972045898,245.399108886719,132.173690795898,0,0,153.002487182617,0,233.270690917969,0,0,0,161.111709594727,0,206.965972900391,0,149.473861694336,191.757911682129,187.380779266357,0,0,208.913558959961,202.464159011841,237.131439208984,232.438606262207,0,0,225.041732788086,0
38.7392631079021,133.070823669434,112.779365437826,71.3504163221879,87.0595406984028,0,104.938103385594,73.190687789398,85.5920007824898,73.0357201439994,83.9282235904616,183.178997039795,101.049343109131,158.561614990234,43.2000562015333,108.519638061523,96.3023667768999,112.692931305278,168.02953338623,143.507758004325,89.4786946614583,70.5474486880832,93.6389122009277,96.2210401066014,76.3360645957197,217.928314208984,146.859834272783,132.996030750841,74.571723080672,20.0359114278341,58.6567165557652,203.344375610352,65.418666176174,9.1013014783783,21.8714923448766,164.230978393555,137.772109985352,0,88.1985863579644,127.387120928083,0,186.028007507324,154.54368540446,189.745366414388,108.983950042725,173.627418518066,214.068634033203,82.1014862060547,0,185.852759467231,0,0,186.649200439453,0,0,108.563323974609,0,87.0394339561462,151.319480895996,125.903528016189,0,242.30322265625,211.567581176758,140.225227124763,176.20259475708,155.284769439697,0,226.778945922852,162.743250528971,162.732597859701
83.9476686162273,60.4785277096193,69.5126286763905,68.8138332839239,102.061508585612,40.594522355913,72.470586676785,101.663782491724,74.5533234953674,106.960448208977,100.589616568984,26.5202092223555,107.699911216453,73.1700947803,68.0001054751929,130.585608164469,83.1559569158474,38.271548410665,65.8421561037471,40.5299813045233,100.04998490183,38.2262392020553,74.7649553736208,49.5843543762146,102.171245649471,69.1962016867526,67.7690943923145,71.5296745171817,71.5448579689187,41.0505395695514,35.7527128917049,87.0079834866686,41.3426586048237,21.8714923448766,12.968698060514,190.733817206489,95.8437812111595,116.075230841543,78.2514138197536,127.996386210124,0,193.8625831604,169.101789550781,189.696261935764,123.845009543679,182.813302612305,135.320902824402,130.634213765462,113.419311523438,196.684350967407,0,121.454704284668,133.393296813965,132.597519768609,137.728024996244,138.389785766602,167.448446485731,74.449730692683,137.280565738678,141.64375283983,102.327323913574,124.153219071646,119.821704782465,152.088745276133,182.105633439689,151.033900669643,162.653388977051,0,162.776434898376,151.169540405273
198.790344238281,0,162.332908630371,94.3809097290039,0,0,212.692428588867,161.695202914151,167.19514465332,0,184.411679585775,0,172.897644042969,0,187.981948852539,0,141.894989013672,202.525161743164,0,0,0,212.4384765625,0,206.043294270833,148.890941619873,0,195.532501220703,181.784408569336,159.712193080357,168.738052368164,167.921587626139,0,0,164.230978393555,190.733817206489,10.3844633281662,138.538828108046,116.627967590332,87.7398414978614,106.668901616877,78.7392044067383,95.1789026129736,30.4384407948484,68.6219497423295,81.5196993704618,74.0958181054969,138.523733350966,118.621000671387,162.858989368786,19.8499068258341,111.579639434814,134.211429905247,116.343912478387,150.527745008469,131.775252554757,102.921867370605,82.8209809185707,97.053027507237,98.1871273442593,89.3288553642504,154.228574117025,133.387976494614,135.608195932154,94.3193428488339,22.7631312084622,25.5222114112447,184.118974304199,83.4001939019492,44.2112477678771,82.262903414779
0,6.52509117126465,56.6947920663016,7.52141698201497,155.112243652344,0,0,0,192.104232788086,0,169.454986572266,144.026447296143,0,0,190.212066650391,0,0,73.9998809151028,92.107531229655,96.6930821736654,0,0,0,91.9908627596768,0,81.4908599853516,104.837540676719,81.7656175440008,170.430404663086,0,113.270263671875,0,220.636596679688,137.772109985352,95.8437812111595,138.538828108046,8.48392513587921,47.3083214866468,16.0467669195132,0,0,133.960306803385,132.814248688367,182.383908589681,69.1302554025299,172.785961151123,80.5673792769269,0,54.111766260137,154.826334100021,124.690892900739,63.1270943880081,61.1945588505297,77.4177709000834,68.647362129361,0,104.577101100575,17.5791494175476,74.0208340248866,79.5000944429514,19.8091145912767,55.5331364705012,34.0536747712304,110.519213508157,150.995055632158,110.726803461711,80.7063529968262,90.9384613037109,121.910107082791,75.2047850368469
163.170364379883,92.1480262756348,97.0844057178066,64.0726498195103,0,0,0,181.62880452474,196.720885056716,186.618682861328,217.924657185872,149.171460151672,0,151.624443054199,195.384065416124,0,118.912258625031,116.293810342488,155.000106811523,141.876373291016,241.958587646484,141.620886908637,112.757657877604,109.536032153714,170.807309237393,165.670964558919,121.109311373729,101.871613736518,161.319643656413,182.111475492779,176.402056607333,148.176773071289,145.127593994141,0,116.075230841543,116.627967590332,47.3083214866468,17.7411389826214,47.163167809022,146.043198721749,157.27180480957,152.863151550293,99.3605892755085,143.54439469688,118.495722598121,126.351868009567,103.401084206321,165.19663103889,100.97024121004,126.934575514147,148.694408416748,80.47686448136,53.7321886824457,96.5880406106165,80.1756152432818,149.21923828125,73.6965846378992,58.7869615878511,36.7004204620037,112.183883013593,93.5821512010362,40.5427152492168,35.9741703575887,99.3074672156776,139.2294350928,93.0515127605414,98.4899981610187,186.011567615327,123.470924329758,97.4760064136369
94.8155154059915,31.299250456003,57.2047260178038,13.739623105526,83.8920146942139,147.054489135742,107.928497314453,79.0694235376565,107.541217079645,23.617539730072,91.6782817522685,128.668706258138,105.680819791906,99.6144981384277,114.970269357004,47.9624519348145,64.5460940140944,79.1306038933831,107.271186828613,96.1807068534519,92.416349029541,78.7344045737355,26.9506450201336,74.8692455343438,61.132391055425,106.324192592076,75.075886875391,71.212560849312,75.3379092152913,104.571943600972,83.1260434007092,164.336433410645,158.651617431641,88.1985863579644,78.2514138197536,87.7398414978614,16.0467669195132,47.163167809022,15.3164188367399,61.0830174922943,134.134979248047,89.069705347861,88.2258626876339,113.281713161828,16.581813219761,80.4937487443288,84.6402586495004,92.9792823791504,52.0444274596226,113.586240721143,57.6857924461365,50.4793363882571,66.3489205052958,83.4064237950212,67.6209392006516,79.5955054759979,71.2697608446338,24.2084670968769,58.60176021509,34.1066230238328,29.6770385211966,55.3557010308568,45.4275138106147,61.9547320523017,95.4046225220618,74.6677228315935,87.1278179393095,139.85392888387,79.4763751396766,77.3231312469279
0,0,149.033645629883,96.6465339660645,15.2122877349688,99.6803283691406,129.438762029012,132.401078542074,132.087364355723,92.9197367915401,77.0830121040344,224.112228393555,49.4009998918096,0,144.962584686279,76.0011503431532,0,0,220.254364013672,0,22.595743172257,0,127.847999572754,205.746551513672,83.6721465859637,206.711008707682,192.301025390625,211.333755493164,53.4415020897275,172.314362265847,133.796600341797,0,0,127.387120928083,127.996386210124,106.668901616877,0,146.043198721749,61.0830174922943,11.0281286047031,0,72.7603550930412,69.0244572496167,102.180891036987,40.3443070292125,28.0305182264946,179.598663330078,37.4185890673252,188.746337890625,107.039994557699,63.2522337692675,0,182.301766967773,205.442527770996,204.731221516927,13.4588349716879,124.540635681152,74.0762205123901,148.28720370206,18.8891354431329,0,175.18134765625,156.695687753183,24.1162212728139,112.948656082153,117.19069480896,0,0,109.910446166992,110.929889831543
