7252,4,432,59,12,0,113,6321,2700,33,494,51,6,1,11064,0,13,388,49,250,17,373,30,706,150,1,599,448,575,20075,14193,3,9,145,244,2,0,23,5,0,0,0,14,1,2,0,0,0,0,3,0,5,1,0,0,0,3,7,15,12,0,4,33,17,8,11,1,0,3,0
4,2297,31,1288,3,0,4,13,13,262,2,55,3,248,7,0,276,98,7,47,0,29,1502,82,382,937,222,6389,26,4,26,77,0,4,142,1,1,9,22,1,0,0,0,0,4,1,6,1,8,1,0,2,2,1,6,0,0,6,4,9,6,26,30,1,2,2,1,0,0,11
432,31,17616,430,1,1,123,1464,734,24,113,168,1,29,291,0,40,2593,65,586,2,1425,283,12238,207,15,11963,7604,3444,216,1160,22,3,20,1363,3,57,791,97,0,0,1,41,13,2,3,0,0,3,15,0,75,28,1,5,0,55,359,702,27,0,47,1465,48,6,33,1,0,2,23
59,1288,430,2225,43,1,32,277,119,2051,43,261,15,778,80,4,1628,223,30,98,4,1184,2174,1540,3769,2086,558,9315,729,217,2245,128,0,163,461,22,24,70,143,12,0,2,23,5,125,7,24,4,24,16,0,41,16,12,57,2,45,122,70,171,36,109,194,62,25,114,3,0,1,46
12,3,1,43,13897,0,932,44,360,299,3134,11,6452,0,204,63,0,4,1,0,22620,1,24,3,5301,1,2,32,12254,335,17,0,3,17,115,3,0,1,14,2641,0,29,19,4,66,126,0,737,1,8,2,1,0,0,0,1815,1,7,0,758,2,1,6,167,7,1,0,0,1,3
0,0,1,1,0,4033,4056,5,922,0,17,6,2,0,144,2166,0,0,0,1,6,0,0,0,2,0,5,0,8,161,1,0,4291,1,8,0,0,0,0,0,0,0,0,0,0,0,0,0,0,0,0,0,0,0,0,0,0,0,0,0,0,0,0,0,0,0,0,0,0,0
113,4,123,32,932,4056,88182,1267,33979,84,17830,55,16175,4,2284,5995,6,47,8,41,3068,45,8,96,536,2,174,173,2705,2655,124,4,8619,52,308,1,3,5,10,7,0,9,12,7,11,31,1,9,1,14,0,1,0,0,1,6,2,5,5,228,0,1,12,58,19,5,0,0,1,3
6321,13,1464,277,44,5,1267,85771,9983,262,16713,67,75,10,4283,21,31,307,15,81,36,1013,86,1544,961,7,1121,1332,25510,3422,28895,11,14,506,638,17,5,48,92,7,0,23,79,10,32,31,1,3,2,21,0,13,2,0,2,3,13,24,29,382,1,7,61,178,55,42,0,0,7,9
2700,13,734,119,360,922,33979,9983,114084,164,16868,297,884,21,46153,593,7,328,70,286,910,320,31,685,956,5,1203,822,3128,4750,1004,16,3652,54,692,19,3,40,24,6,0,9,65,17,10,16,0,3,0,20,0,5,1,1,1,4,5,18,21,246,1,6,60,106,46,15,1,0,9,12
33,262,24,2051,299,0,84,262,164,7225,167,44,915,151,95,372,18,51,4,21,75,50,3929,52,13824,301,124,1440,1596,282,1024,30,1,205,185,2,2,3,16,17,0,2,1,1,63,9,2,5,5,4,0,2,2,0,3,12,1,3,3,234,1,11,17,12,1,3,0,0,0,5
494,2,113,43,3134,17,17830,16713,16868,167,100286,41,4566,6,4082,62,13,33,3,7,8379,47,32,42,910,0,105,224,10412,3439,122,1,79,145,968,2,3,3,31,31,0,25,29,8,78,82,0,44,0,8,4,2,2,1,0,37,2,7,6,987,1,0,4,114,12,8,0,0,2,3
51,55,168,261,11,6,55,67,297,44,41,66976,9,4649,177,0,4,283,8098,2808,18,68,64,194,45,772,7065,1931,54,830,264,1587,30,50,7490,1,3,6,58,0,0,0,3,4,1,1,581,0,945,0,0,1,3,112,9,0,0,10,4,6,49,225,245,2,1,3,93,0,1,38
6,3,1,15,6452,2,16175,75,884,915,4566,9,42622,0,430,4274,0,3,1,0,12004,0,23,3,1819,0,8,23,2711,516,6,0,19,6,114,1,0,0,3,29,0,57,1,5,14,18,0,3241,0,3,8,0,0,1,0,1912,0,1,1,128,0,0,0,16,4,0,0,0,0,0
1,248,29,778,0,0,4,10,21,151,6,4649,0,27011,10,0,12,12,100,44,0,4,180,9,89,3601,642,5214,10,41,10,4010,0,2,288,5,4,1,92,0,0,0,0,1,3,1,462,0,939,3,0,0,5,99,20,1,0,5,2,5,66,236,243,0,1,3,57,0,0,28
11064,7,291,80,204,144,2284,4283,46153,95,4082,177,430,10,66108,26,7,253,61,285,594,124,16,328,409,0,572,417,1479,15185,820,5,3177,43,529,7,1,17,13,2,0,3,36,10,3,3,1,3,1,12,0,4,1,0,0,4,0,5,12,95,0,2,29,36,19,14,0,0,5,5
0,0,0,4,63,2166,5995,21,593,372,62,0,4274,0,26,14048,0,0,0,1,100,1,14,0,495,4,1,13,94,28,4,0,274,2,6,0,0,0,0,0,0,0,1,0,0,0,0,0,0,0,0,0,0,0,0,0,0,0,0,5,0,0,0,2,1,0,0,0,0,0
13,276,40,1628,0,0,6,31,7,18,13,4,0,12,7,0,7377,32,0,9,0,4375,5606,12825,1484,16,41,5985,758,4,221,4,0,7,114,3,0,50,235,1,0,4,13,4,1,2,1,0,1,1,0,328,4,2,1,0,113,454,791,40,0,3,158,46,2,59,0,0,2,8
388,98,2593,223,4,0,47,307,328,51,33,283,3,12,253,0,32,7518,277,3035,1,1205,147,5268,168,9,4254,6223,301,358,1753,19,1,48,2944,1,22,59,41,0,0,1,5,2,2,3,3,0,4,2,0,8,11,1,1,0,4,33,40,8,1,44,132,4,4,5,1,0,0,25
49,7,65,30,1,0,8,15,70,4,3,8098,1,100,61,0,0,277,9914,4123,3,31,8,121,11,21,2512,583,14,109,153,106,1,24,1122,1,0,6,7,0,0,0,1,0,3,0,95,0,108,0,0,0,1,105,17,0,0,2,2,1,29,202,181,0,2,3,33,0,1,13
250,47,586,98,0,1,41,81,286,21,7,2808,0,44,285,1,9,3035,4123,11904,0,178,29,609,39,38,6612,2662,66,419,802,86,3,57,2470,3,2,9,33,0,0,1,4,4,2,0,20,0,16,3,0,1,9,40,35,0,0,6,9,0,15,170,126,0,3,3,10,0,0,41
17,0,2,4,22620,6,3068,36,910,75,8379,18,12004,0,594,100,0,1,3,0,4929,0,2,3,428,0,6,4,4882,674,0,0,16,12,194,0,0,0,6,20,0,5,3,2,11,11,0,70,0,0,0,0,0,0,0,110,0,1,0,163,0,0,0,11,1,0,0,0,0,1
373,29,1425,1184,1,0,45,1013,320,50,47,68,0,4,124,1,4375,1205,31,178,0,66297,1300,21743,1853,4,333,1803,10030,241,22576,1,0,225,9745,6,0,28,208,0,0,2,24,4,4,2,0,0,0,7,0,216,4,0,1,0,156,465,218,155,0,5,110,143,12,183,0,0,15,33
30,1502,283,2174,24,0,8,86,31,3929,32,64,23,180,16,14,5606,147,8,29,2,1300,20193,2667,15517,436,207,8174,557,49,811,41,2,33,323,3,2,22,56,7,0,1,10,1,38,8,4,0,4,8,0,84,8,3,4,1,35,211,211,68,1,13,76,25,5,29,0,0,2,8
706,82,12238,1540,3,0,96,1544,685,52,42,194,3,9,328,0,12825,5268,121,609,3,21743,2667,83705,985,12,2248,9113,5407,385,7912,16,2,92,8285,5,10,538,451,0,0,5,71,8,1,13,2,0,2,7,1,1167,35,2,9,0,321,724,3440,76,0,31,1708,123,9,72,0,0,3,33
150,382,207,3769,5301,2,536,961,956,13824,910,45,1819,89,409,495,1484,168,11,39,428,1853,15517,985,97633,185,274,4581,23613,1241,3658,31,12,915,850,104,5,35,501,162,0,48,364,84,377,131,3,31,7,138,8,92,13,0,5,44,71,153,93,2552,3,19,78,936,272,360,1,2,64,74
1,937,15,2086,1,0,2,7,5,301,0,772,0,3601,0,4,16,9,21,38,0,4,436,12,185,7824,321,7720,8,2,8,566,0,1,60,0,1,2,47,0,0,0,2,1,5,0,97,0,93,2,1,1,3,95,24,0,1,2,4,6,72,271,229,1,2,4,28,0,0,33
599,222,11963,558,2,5,174,1121,1203,124,105,7065,8,642,572,1,41,4254,2512,6612,6,333,207,2248,274,321,84624,21638,1043,631,1198,1778,7,81,3547,14,36,83,273,1,0,1,16,6,7,1,295,0,422,15,2,9,71,284,178,1,7,30,39,23,134,974,872,9,14,16,87,0,1,222
448,6389,7604,9315,32,0,173,1332,822,1440,224,1931,23,5214,417,13,5985,6223,583,2662,4,1803,8174,9113,4581,7720,21638,119316,3121,582,1645,5067,5,111,6192,40,293,1836,955,7,0,9,118,69,52,25,386,6,475,73,3,430,236,494,426,1,140,962,2099,172,286,2026,5136,104,54,114,84,0,6,533
575,26,3444,729,12254,8,2705,25510,3128,1596,10412,54,2711,10,1479,94,758,301,14,66,4882,10030,557,5407,23613,8,1043,3121,91945,3249,11504,10,31,1679,2717,66,10,72,230,65,1,66,325,58,175,179,1,74,1,99,3,56,6,1,6,49,50,121,111,2152,1,16,115,739,206,310,1,1,32,56
20075,4,216,217,335,161,2655,3422,4750,282,3439,830,516,41,15185,28,4,358,109,419,674,241,49,385,1241,2,631,582,3249,104429,7177,13,1553,10718,2626,26,0,8,56,6,0,7,102,19,14,5,0,6,3,29,0,1,2,3,3,4,7,14,10,203,0,7,25,149,69,33,0,0,12,16
14193,26,1160,2245,17,1,124,28895,1004,1024,122,264,6,10,820,4,221,1753,153,802,0,22576,811,7912,3658,8,1198,1645,11504,7177,97329,9,1,810,7887,64,5,40,469,3,0,6,196,36,84,8,3,0,1,93,0,111,6,0,5,0,111,309,117,595,1,18,116,695,158,446,1,0,60,47
3,77,22,128,0,0,4,11,16,30,1,1587,0,4010,5,0,4,19,106,86,0,1,41,16,31,566,1778,5067,10,13,9,7262,1,0,248,4,1,3,34,0,0,0,0,0,1,1,198,0,266,7,0,0,1,126,22,0,1,3,3,2,53,255,232,1,3,2,46,0,0,38
9,0,3,0,3,4291,8619,14,3652,1,79,30,19,0,3177,274,0,1,1,3,16,0,2,2,12,0,7,5,31,1553,1,1,10459,2,59,0,0,0,0,0,0,0,3,0,1,0,0,0,1,1,0,0,0,0,0,0,0,0,0,3,0,0,0,1,1,0,0,0,0,0
145,4,20,163,17,1,52,506,54,205,145,50,6,2,43,2,7,48,24,57,12,225,33,92,915,1,81,111,1679,10718,810,0,2,11292,1189,18,0,1,43,1,0,1,49,10,8,4,0,0,1,19,1,8,3,1,0,1,7,12,5,111,1,5,4,112,43,58,0,1,5,10
244,142,1363,461,115,8,308,638,692,185,968,7490,114,288,529,6,114,2944,1122,2470,194,9745,323,8285,850,60,3547,6192,2717,2626,7887,248,59,1189,36550,17,15,62,92,3,0,3,63,12,17,5,16,0,21,20,1,35,9,16,15,0,26,71,83,118,10,83,198,117,42,105,5,0,6,27
2,1,3,22,3,0,1,17,19,2,2,1,1,5,7,0,3,1,1,3,0,6,3,5,104,0,14,40,66,26,64,4,0,18,17,9309,11,154,631,34,0,64,7042,431,429,284,163,6,12,10073,2,37,221,88,145,8,483,39,234,1154,6,648,306,757,15137,7132,5,7,204,835
0,1,57,24,0,0,3,5,3,2,3,3,0,4,1,0,0,22,0,2,0,0,2,10,5,1,36,293,10,0,5,1,0,0,15,11,7453,84,2479,0,0,1,6,8,164,0,33,2,208,14,5,298,144,11,33,0,7,1794,58,182,2584,299,3362,9,10,18,30,0,1,258
23,9,791,70,1,0,5,48,40,3,3,6,0,1,17,0,50,59,6,9,0,28,22,538,35,2,83,1836,72,8,40,3,0,1,62,154,84,20713,1220,7,3,638,3772,1943,24,730,116,11,17,898,9,139,2223,88,484,8,921,329,15659,227,6,9976,10518,1912,394,693,10,8,25,737
5,22,97,143,14,0,10,92,24,16,31,58,3,92,13,0,235,41,7,33,6,208,56,451,501,47,273,955,230,56,469,34,0,43,92,631,2479,1220,3568,14,2,56,1468,324,495,123,294,9,3233,669,2,1631,523,137,343,7,1017,2751,3297,3158,3948,1276,5245,1233,1066,1658,91,3,128,606
0,1,0,12,2641,0,7,7,6,17,31,0,29,0,2,0,1,0,0,0,20,0,7,0,162,0,1,7,65,6,3,0,0,1,3,34,0,7,14,16623,0,303,42,166,40,7767,5,1636,0,113,18,0,1,0,0,28554,3,1,10,7986,0,2,10,5225,184,2,0,2,11,32
0,0,0,0,0,0,0,0,0,0,0,0,0,0,0,0,0,0,0,0,0,0,0,0,0,0,0,0,1,0,0,0,0,0,0,0,0,3,2,0,8390,6718,8,2887,6,17,2,13,0,382,3518,0,2,0,0,8,1,0,2,4,0,0,1,9,418,1,0,3489,1,20
0,0,1,2,29,0,9,23,9,2,25,0,57,0,3,0,4,1,0,1,5,2,1,5,48,0,1,9,66,7,6,0,0,1,3,64,1,638,56,303,6718,98177,2687,32135,177,40261,47,15092,2,1638,6822,6,102,11,25,1517,173,14,230,1133,4,344,130,2939,806,75,0,1282,28,143
14,0,41,23,19,0,12,79,65,1,29,3,1,0,36,1,13,5,1,4,3,24,10,71,364,2,16,118,325,102,196,0,3,49,63,7042,6,3772,1468,42,8,2687,153387,13126,866,25092,243,39,9,24276,21,139,1028,148,455,29,3506,99,3825,3983,10,2132,1214,23862,4739,14679,5,34,498,1408
1,0,13,5,4,0,7,10,17,1,8,4,5,1,10,0,4,2,0,4,2,4,1,8,84,1,6,69,58,19,36,0,0,10,12,431,8,1943,324,166,2887,32135,13126,119728,209,12746,407,589,16,34069,785,17,624,114,253,583,402,32,736,959,13,2037,460,1951,4075,624,11,4620,44,1037
2,4,2,125,66,0,11,32,10,63,78,1,14,3,3,0,1,2,3,2,11,4,38,1,377,5,7,52,175,14,84,1,1,8,17,429,164,24,495,40,6,177,866,209,6347,137,18,959,106,460,2249,33,44,3,17,67,49,2185,65,15964,227,94,500,891,846,1037,9,3,141,144
0,1,3,7,126,0,31,31,16,9,82,1,18,1,3,0,2,3,0,0,11,2,8,13,131,0,1,25,179,5,8,1,0,4,5,284,0,730,123,7767,17,40261,25092,12746,137,133523,82,19002,3,4507,89,33,103,12,24,14493,316,20,378,4575,5,269,198,16353,2286,143,5,70,124,429
0,6,0,24,0,0,1,1,0,2,0,581,0,462,1,0,1,3,95,20,0,0,4,2,3,97,295,386,1,0,3,198,0,0,16,163,33,116,294,5,2,47,243,407,18,82,50175,9,2936,673,1,8,220,5903,3308,29,97,38,226,39,633,3977,2045,70,898,248,906,34,11,12569
0,1,0,4,737,0,9,3,3,5,44,0,3241,0,3,0,0,0,0,0,70,0,0,0,31,0,0,6,74,6,0,0,0,0,0,6,2,11,9,1636,13,15092,39,589,959,19002,9,69578,0,286,3414,1,3,0,0,22817,2,4,5,2021,1,5,11,993,128,7,0,17,1,28
0,8,3,24,1,0,1,2,0,5,0,945,0,939,1,0,1,4,108,16,0,0,4,2,7,93,422,475,1,3,1,266,1,1,21,12,208,17,3233,0,0,2,9,16,106,3,2936,0,32978,37,3,11,11,188,31,3,6,377,10,62,4068,611,5316,4,34,12,3654,3,0,256
3,1,15,16,8,0,14,21,20,4,8,0,3,3,12,0,1,2,0,3,0,7,8,7,138,2,15,73,99,29,93,7,1,19,20,10073,14,898,669,113,382,1638,24276,34069,460,4507,673,286,37,87917,80,32,645,158,301,453,462,46,553,1447,16,1620,575,1532,17123,2693,15,2690,83,2315
0,0,0,0,2,0,0,0,0,0,4,0,8,0,0,0,0,0,0,0,0,0,0,1,8,1,2,3,3,0,0,0,0,1,1,2,5,9,2,18,3518,6822,21,785,2249,89,1,3414,3,80,8825,0,2,0,0,133,0,5,3,437,1,9,14,26,20,4,0,84,0,4
5,2,75,41,1,0,1,13,5,2,2,1,0,0,4,0,328,8,0,1,0,216,84,1167,92,1,9,430,56,1,111,0,0,8,35,37,298,139,1631,0,0,6,139,17,33,33,8,1,11,32,0,18379,149,10,34,0,4688,5090,11354,2918,35,188,6046,1456,47,1230,3,0,29,307
1,2,28,16,0,0,0,2,1,2,2,3,0,5,1,0,4,11,1,9,0,4,8,35,13,3,71,236,6,2,6,1,0,3,9,221,144,2223,523,1,2,102,1028,624,44,103,220,3,11,645,2,149,23835,232,5567,1,1234,149,10324,195,11,4690,4965,354,225,1374,6,6,19,2363
0,1,1,12,0,0,0,0,1,0,1,112,1,99,0,0,2,1,105,40,0,0,3,2,0,95,284,494,1,3,0,126,0,1,16,88,11,88,137,0,0,11,148,114,3,12,5903,0,188,158,0,10,232,13741,5110,1,36,20,123,7,378,5300,1909,28,109,143,129,1,4,2339
0,6,5,57,0,0,1,2,1,3,0,9,0,20,0,0,1,1,17,35,0,1,4,9,5,24,178,426,6,3,5,22,0,0,15,145,33,484,343,0,0,25,455,253,17,24,3308,0,31,301,0,34,5567,5110,21426,0,160,48,592,35,115,8995,1746,114,132,365,19,0,3,1806
0,0,0,2,1815,0,6,3,4,12,37,0,1912,1,4,0,0,0,0,0,110,0,1,0,44,0,1,1,49,4,0,0,0,1,0,8,0,8,7,28554,8,1517,29,583,67,14493,29,22817,3,453,133,0,1,1,0,8338,8,0,2,4181,0,7,4,1509,376,5,0,19,3,83
3,0,55,45,1,0,2,13,5,1,2,0,0,0,0,0,113,4,0,0,0,156,35,321,71,1,7,140,50,7,111,1,0,7,26,483,7,921,1017,3,1,173,3506,402,49,316,97,2,6,462,0,4688,1234,36,160,8,54270,1409,25919,1211,8,499,1243,9431,987,23846,0,4,170,5076
7,6,359,122,7,0,5,24,18,3,7,10,1,5,5,0,454,33,2,6,1,465,211,724,153,2,30,962,121,14,309,3,0,12,71,39,1794,329,2751,1,0,14,99,32,2185,20,38,4,377,46,5,5090,149,20,48,0,1409,13725,3404,5694,723,311,3947,261,91,1515,16,0,32,294
15,4,702,70,0,0,5,29,21,3,6,4,1,2,12,0,791,40,2,9,0,218,211,3440,93,4,39,2099,111,10,117,3,0,5,83,234,58,15659,3297,10,2,230,3825,736,65,378,226,5,10,553,3,11354,10324,123,592,2,25919,3404,69107,925,15,3355,16737,6004,668,5655,7,0,81,4845
12,9,27,171,758,0,228,382,246,234,987,6,128,5,95,5,40,8,1,0,163,155,68,76,2552,6,23,172,2152,203,595,2,3,111,118,1154,182,227,3158,7986,4,1133,3983,959,15964,4575,39,2021,62,1447,437,2918,195,7,35,4181,1211,5694,925,76482,114,313,1720,30590,2904,3688,11,16,739,831
0,6,0,36,2,0,0,1,1,1,1,49,0,66,0,0,0,1,29,15,0,0,1,0,3,72,134,286,1,0,1,53,0,1,10,6,2584,6,3948,0,0,4,10,13,227,5,633,1,4068,16,1,35,11,378,115,0,8,723,15,114,6823,1191,3553,0,13,12,221,1,1,256
4,26,47,109,1,0,1,7,6,11,0,225,0,236,2,0,3,44,202,170,0,5,13,31,19,271,974,2026,16,7,18,255,0,5,83,648,299,9976,1276,2,0,344,2132,2037,94,269,3977,5,611,1620,9,188,4690,5300,8995,7,499,311,3355,313,1191,102200,21711,601,675,1134,936,10,37,5690
33,30,1465,194,6,0,12,61,60,17,4,245,0,243,29,0,158,132,181,126,0,110,76,1708,78,229,872,5136,115,25,116,232,0,4,198,306,3362,10518,5245,10,1,130,1214,460,500,198,2045,11,5316,575,14,6046,4965,1909,1746,4,1243,3947,16737,1720,3553,21711,96122,1646,349,886,3470,5,42,5138
17,1,48,62,167,0,58,178,106,12,114,2,16,0,36,2,46,4,0,0,11,143,25,123,936,1,9,104,739,149,695,1,1,112,117,757,9,1912,1233,5225,9,2939,23862,1951,891,16353,70,993,4,1532,26,1456,354,28,114,1509,9431,261,6004,30590,0,601,1646,107917,3011,11061,1,21,847,1980
8,2,6,25,7,0,19,55,46,1,12,1,4,1,19,1,2,4,2,3,1,12,5,9,272,2,14,54,206,69,158,3,1,43,42,15137,10,394,1066,184,418,806,4739,4075,846,2286,898,128,34,17123,20,47,225,109,132,376,987,91,668,2904,13,675,349,3011,117779,5315,17,4429,5237,5044
11,2,33,114,1,0,5,42,15,3,8,3,0,3,14,0,59,5,3,3,0,183,29,72,360,4,16,114,310,33,446,2,0,58,105,7132,18,693,1658,2,1,75,14679,624,1037,143,248,7,12,2693,4,1230,1374,143,365,5,23846,1515,5655,3688,12,1134,886,11061,5315,71993,7,1,588,5895
1,1,1,3,0,0,0,0,1,0,0,93,0,57,0,0,0,1,33,10,0,0,0,0,1,28,87,84,1,0,1,46,0,0,5,5,30,10,91,0,0,0,5,11,9,5,906,0,3654,15,0,3,6,129,19,0,0,16,7,11,221,936,3470,1,17,7,5045,1,1,130
0,0,0,0,0,0,0,0,0,0,0,0,0,0,0,0,0,0,0,0,0,0,0,0,2,0,0,0,1,0,0,0,0,1,0,7,0,8,3,2,3489,1282,34,4620,3,70,34,17,3,2690,84,0,6,1,0,19,4,0,0,16,1,10,5,21,4429,1,1,7972,4,586
3,0,2,1,1,0,1,7,9,0,2,1,0,0,5,0,2,0,1,0,0,15,2,3,64,0,1,6,32,12,60,0,0,5,6,204,1,25,128,11,1,28,498,44,141,124,11,1,0,83,0,29,19,4,3,3,170,32,81,739,1,37,42,847,5237,588,1,4,2956,816
0,11,23,46,3,0,3,9,12,5,3,38,0,28,5,0,8,25,13,41,1,33,8,33,74,33,222,533,56,16,47,38,0,10,27,835,258,737,606,32,20,143,1408,1037,144,429,12569,28,256,2315,4,307,2363,2339,1806,83,5076,294,4845,831,256,5690,5138,1980,5044,5895,130,586,816,47125
