9.63063368495498,96.3439655303955,80.7280243591026,86.6434781349311,61.4428027470907,0,56.8780460020082,25.8553840968074,19.3155145802321,67.951027841279,41.4089724158469,123.358148313036,93.4765866597493,152.35725402832,10.7240238663561,0,95.4878575251653,86.4078545816166,124.093325556541,105.933542358398,72.0370205149931,63.4039168524039,84.1762599945068,69.0719581096098,68.7271787770589,123.81534576416,107.84189187943,112.462119715554,57.5442291956362,12.5429596565076,18.9310663440368,156.243693033854,78.7394019232856,28.2979686276666,71.2049178920808,116.421276092529,0,140.604281549868,86.3282012939453,0,0,0,119.989527021136,140.761901855469,63.8206577301025,0,0,0,0,174.005767822266,0,120.810319519043,152.015365600586,0,0,0,142.667188008626,109.671127319336,149.976521809896,129.472482045492,0,170.388259887695,143.454419453939,135.949497896082,151.562232971191,127.108179959384,195.218276977539,0,157.886957804362,0
96.3439655303955,7.0017915739409,49.4874856395106,15.5536234395474,91.8195826212565,0,154.641172409058,99.5818868783804,128.201911339393,72.3199802427801,159.92643737793,60.8956633827903,86.4986063639323,52.0364635375238,119.925532749721,0,42.5385024720344,49.3854093357008,65.0415671212333,55.6001699325886,0,77.6314622287093,26.9881568205817,58.5107556319818,74.7335132678766,29.3322068690745,50.4989436897072,26.986187883378,81.8474033062275,117.859968185425,93.5474339998685,62.0396826112425,0,97.9920883178711,58.1708441989523,144.569305419922,43.1087379455566,82.4898215399848,61.0026050914418,74.9482345581055,0,0,0,0,122.702238082886,177.415954589844,102.705912272135,168.276397705078,91.0421142578125,145.291717529297,0,128.765487670898,80.4506607055664,124.349655151367,100.392598470052,0,0,75.7429866790771,123.027681350708,114.724442376031,99.9248555501302,96.4845515031081,93.5020075480143,136.379043579102,201.299644470215,128.021823883057,124.586898803711,0,0,93.5674792203036
80.7280243591026,49.4874856395106,9.33112490638671,41.4630864431692,100.738777160645,178.007308959961,113.226920957488,78.8395643703273,100.959577409708,106.767169634501,104.147193436074,78.7856542042324,135.524505615234,91.942730344575,105.076994643588,0,73.3524150848389,39.8718847633557,85.717547255296,58.4592318290737,145.849891662598,51.9606369868496,40.8439312250791,23.2102321047159,86.3693188469191,72.6232457478841,28.7608049381619,30.0469145730318,58.5467084254399,97.5037916501363,65.8453678180431,94.6096087369052,154.382970174154,85.9504974365234,51.7963931852636,144.606775919596,70.2942571807326,85.7017896148257,53.2725646028814,0,0,181.165603637695,140.424479973025,156.732666015625,133.233409881592,171.469004313151,0,0,128.433703104655,159.965029907227,0,97.6264661661784,108.396898542132,138.424468994141,132.113784790039,0,113.433969116211,67.7869132528066,95.8997197979875,135.802228009259,0,104.240129186752,83.2505064355635,129.96098502477,167.186622619629,133.445826906146,183.54621887207,0,135.414253234863,111.005707118822
86.6434781349311,15.5536234395474,41.4630864431692,12.9365916598245,55.5527027041413,164.382415771484,103.647634148598,60.1162046163951,88.9876231986935,21.1692609467313,88.011571307515,62.2420754633644,58.0571612040202,53.4601980518253,90.439239358902,38.6114716529846,39.0185566089077,59.9806781563524,81.2882638295492,66.5111683826057,93.0208168029785,50.1727506180067,21.7293798764474,46.9220396834534,38.3348103957456,31.5873842851999,54.9328460317359,35.8943367958069,53.4742840059173,69.445792483844,51.6091731736283,70.0574850738049,0,51.9296818832678,56.0839647512374,95.3053118965843,43.4480724334717,62.7716983250209,26.4246012414252,70.1753662427266,0,118.02267074585,91.343760283097,113.263284301758,20.4747118110657,113.585655212402,98.4993586540222,62.965124130249,85.2225302060445,109.827391147614,0,53.9804567476598,90.4984369277954,85.3616418838501,64.9772992719684,131.611404418945,75.3207489013672,28.7740227980692,81.3578898293631,57.4828382793226,43.280793984731,69.585203188275,66.4571305304459,72.0442155407321,105.035954284668,66.4720774198833,102.227386474609,0,102.398559570312,73.6552926768427
61.4428027470907,91.8195826212565,100.738777160645,55.5527027041413,8.27533288992608,0,45.2617061107455,58.6831283569336,89.9066080517239,43.410715626235,24.2549405448666,154.435144597834,19.6357426015176,0,92.1095031663483,48.8969099256727,0,130.023847579956,156.865295410156,0,10.358009677435,79.5502090454102,58.77405834198,111.854258219401,17.2414810645358,126.23526763916,146.360954284668,114.820349693298,15.8329742764189,85.4074751327287,83.0785327238195,0,123.844029744466,74.8409928714528,86.1478560074516,109.323964436849,0,121.28279876709,78.0949578966413,8.37574853431271,0,82.2429073596823,113.233704014828,108.794710159302,70.248694044171,68.1428459523216,0,11.5554425823155,174.522384643555,132.752603530884,81.0303039550781,143.302993774414,0,0,0,11.3596304348349,108.3603515625,111.68159702846,0,70.084654657067,178.588088989258,210.977951049805,169.03328704834,54.2950528310445,139.100005013602,165.973510742188,0,0,86.029167175293,139.752400716146
0,0,178.007308959961,164.382415771484,0,7.1279787437927,9.51511730062656,104.971000671387,22.2648568520577,0,124.657874612247,77.7820765177409,92.7636413574219,0,37.4507046805488,14.0503752524393,0,0,0,186.239440917969,122.998615264893,0,0,0,134.320678710938,0,166.673745727539,0,130.407385826111,25.7298905034983,103.362777709961,0,10.2862421096107,67.4916763305664,65.1456122398376,0,0,0,0,0,0,0,0,0,0,0,0,0,0,0,0,0,0,0,0,0,0,0,0,0,0,0,0,0,0,0,0,0,0,0
56.8780460020082,154.641172409058,113.226920957488,103.647634148598,45.2617061107455,9.51511730062656,8.94497074107482,50.8920864979865,20.5176125163345,65.0332914079939,25.2368653220269,96.3700583024458,17.136672668457,177.915153503418,41.9570508130586,10.3778257412549,99.8744290669759,141.303961408899,148.993680953979,145.275890071218,36.9983359063931,96.5816752963596,81.5658760070801,95.1285869677861,67.2493596094758,161.338607788086,138.526421294815,136.918716254262,50.6312033411756,35.1643538828848,77.3557468844998,162.251377105713,12.3966450112258,75.4990843626169,68.5531942689574,123.186851501465,162.149637858073,183.487661743164,114.46402053833,140.420404706682,0,142.418583340115,125.511020024618,168.145342145647,88.3533741344105,136.851248710386,207.439392089844,91.567818959554,101.755058288574,168.418866838728,0,136.321243286133,0,0,196.33447265625,89.9460004170736,179.527565002441,158.290213012695,174.185064697266,106.452255951731,0,179.532333374023,174.48331451416,132.827083324564,156.462346528706,148.300588989258,0,0,140.079238891602,158.753138224284
25.8553840968074,99.5818868783804,78.8395643703273,60.1162046163951,58.6831283569336,104.971000671387,50.8920864979865,7.68516297661227,30.9110187204331,52.4672509622938,10.8930421797383,135.653345022629,47.3468723805745,144.485569763184,32.8751644223142,77.3681769598098,81.2826351042717,106.465119178598,141.47903696696,115.682505666474,88.8615333769057,56.0510261136476,73.0092336521592,59.0512884120249,53.2582999952874,132.130975995745,107.471524771997,103.82580849931,19.3041479993923,47.8015079966489,15.9358243308156,145.503447792747,110.4475844247,54.7945875499559,73.6410335134189,118.592124041389,131.832597351074,146.363562583923,71.1600079329118,114.511518205915,0,133.061633234439,107.852151701722,149.181053924561,66.3358520269394,120.240474577873,167.897048950195,111.903834025065,227.036926269531,145.942194257464,0,112.649111821101,181.264488220215,0,175.694160461426,141.431711832682,131.06970332219,96.3361078898112,144.140434528219,92.2529683337786,189.511352539062,154.076939174107,146.293434143066,111.006179938156,139.665760109641,118.89942859468,0,0,120.242707388742,126.350465562609
19.3155145802321,128.201911339393,100.959577409708,88.9876231986935,89.9066080517239,22.2648568520577,20.5176125163345,30.9110187204331,10.3316610516202,80.6066320000625,26.7508414939791,81.6326664882878,80.827589413699,96.5996809459868,12.8743618132014,32.0659342769025,136.457747323172,120.048720057418,144.752073560442,129.3320318102,84.1260306138259,84.516871380806,118.17909068446,89.9453202240659,75.0945227136173,141.554960632324,130.318294870784,131.162030816368,69.5654454853224,24.0251914879146,64.4284950670493,134.849189758301,15.1899062956542,73.7466735839844,56.6551948599733,145.218479357268,148.774241129557,164.220252227783,112.741300582886,102.207049687703,0,159.470812479655,136.567971801758,170.53595643885,108.98298034668,148.515960693359,0,112.798583984375,0,153.080976104736,0,132.783087158203,177.485076904297,202.390823364258,213.080718994141,103.436115264893,167.21858215332,127.572754753961,170.196320306687,118.130061917189,172.816436767578,176.924074808757,162.026999409993,136.398164641182,161.420964448348,147.737503560384,214.783538818359,0,149.675661722819,165.113596598307
67.951027841279,72.3199802427801,106.767169634501,21.1692609467313,43.410715626235,0,65.0332914079939,52.4672509622938,80.6066320000625,8.11482631769147,65.2505200551656,136.535733829845,8.29199472880754,118.810705879666,80.7167046396356,14.4434486236624,73.2208466000027,114.139860863779,139.422054290771,125.611953372047,37.7139629999797,83.3149102783203,27.0319407696213,91.7292587573712,22.4876631402445,107.154841578284,114.664361338462,102.223837873671,46.9057870938963,70.0693103032755,50.9302318599075,133.010388437907,132.197891235352,56.1935924716112,72.3579177547145,105.249370574951,138.420154571533,175.449844360352,65.7608926296234,48.6429825951071,0,87.7434234619141,137.139007568359,159.143615722656,34.7591401508876,94.6950098673503,164.137054443359,57.8494018554687,145.448271179199,147.801525115967,0,111.553596496582,162.397956848145,0,179.846761067708,73.8022645314534,155.819885253906,88.5884958902995,181.92746480306,57.3029740243895,165.119400024414,178.634585293857,168.331079819623,105.195421536764,165.021224975586,116.868174235026,0,0,0,169.021722412109
41.4089724158469,159.92643737793,104.147193436074,88.011571307515,24.2549405448666,124.657874612247,25.2368653220269,10.8930421797383,26.7508414939791,65.2505200551656,9.33780856508182,130.305993615127,23.464452988998,161.276323954264,54.6919371938075,65.0989557696927,88.2183162982647,132.945239673961,143.169420878092,150.99242074149,15.1147840531519,86.3439079446996,86.3274440765381,103.693584896269,52.0234372359056,0,133.047635541643,119.895827633994,25.8234435991512,77.81075894122,78.2848882206151,177.846893310547,118.129638865024,71.1092100472286,81.1564441673027,135.84806060791,142.601791381836,184.426793416341,83.6847836894374,130.623784957394,0,131.077782287598,125.345414786503,147.222770690918,81.9175408681234,127.991797191341,0,49.0932579907504,0,161.92989730835,106.412406921387,125.720417022705,183.782615661621,233.953887939453,0,92.4360009786245,132.568717956543,98.5383605957031,181.258061726888,95.6376812518428,201.04866027832,0,158.616409301758,124.419475020024,171.814682006836,147.484708786011,0,0,125.56856918335,168.44130452474
123.358148313036,60.8956633827903,78.7856542042324,62.2420754633644,154.435144597834,77.7820765177409,96.3700583024458,135.653345022629,81.6326664882878,136.535733829845,130.305993615127,8.89620118378183,134.476177639431,17.6724200650784,88.1045485674325,0,133.04669380188,42.1230613149097,15.7454722852994,18.2148774113411,126.75830078125,92.7928310843075,91.4382330179214,78.6189465473608,141.027693345812,22.5359605612532,20.4805937229448,56.4166906930695,130.55166555334,50.3296943710511,94.049420486797,28.9952006346036,63.0493181864421,84.4521076202393,30.1091464522366,158.461669921875,101.111241658529,120.029131571452,47.9689708578176,0,0,0,168.02788289388,192.379703521729,154.938751220703,194.5791015625,62.6078149792249,0,61.8440112058448,0,0,173.857528686523,140.808359781901,81.3298524107252,93.0634994506836,0,0,129.586054229736,165.418802261353,176.449694315592,62.4891348079759,81.91226723565,84.7838864851971,197.907783508301,139.703750610352,163.357518513997,79.277091077579,0,132.632614135742,104.784226467735
93.4765866597493,86.4986063639323,135.524505615234,58.0571612040202,19.6357426015176,92.7636413574219,17.136672668457,47.3468723805745,80.827589413699,8.29199472880754,23.464452988998,134.476177639431,7.45839296620811,0,89.4821316918661,8.75717062642209,0,136.198598225911,173.757400512695,0,12.4619165305216,0,58.5080904753312,128.591669718424,23.4499396099502,0,181.766923904419,121.689915864364,37.168315724929,87.466896012772,75.4999217987061,0,117.877737346448,84.2126846313477,86.8409573404412,142.753677368164,0,0,93.1104558308919,51.2368700093236,0,48.3576510579963,117.600799560547,99.426496887207,52.346317427499,83.9287887149387,0,9.41807560948669,0,89.3649291992188,41.4438338279724,0,0,206.777313232422,0,7.48209678777591,0,71.2189407348633,151.379638671875,84.3212382048368,0,0,0,95.3238734006882,122.363039016724,0,0,0,0,0
152.35725402832,52.0364635375238,91.942730344575,53.4601980518253,0,0,177.915153503418,144.485569763184,96.5996809459868,118.810705879666,161.276323954264,17.6724200650784,0,7.04658036802024,122.801078796387,0,111.668241500854,91.393944422404,49.7852815437317,65.7814021544023,0,132.559169769287,86.6954689873589,108.70568508572,132.638538403457,19.0376701901205,27.9018672247913,31.3671606135725,147.156776428223,77.03986386555,139.449630737305,16.2071761529642,0,128.328689575195,55.2244416342841,181.305197143555,108.908418655396,136.033416748047,49.566960417706,0,0,0,0,113.072242736816,162.103724161784,217.242324829102,64.9478349933377,0,57.6932372155662,161.037239074707,0,0,133.202742004395,84.4517079748288,99.7405605316162,202.765640258789,0,134.514019775391,161.851757049561,166.272937011719,63.864394159028,84.8666398161549,86.6857345172898,0,243.682220458984,163.754597981771,84.018965670937,0,0,106.985934393747
10.7240238663561,119.925532749721,105.076994643588,90.439239358902,92.1095031663483,37.4507046805488,41.9570508130586,32.8751644223142,12.8743618132014,80.7167046396356,54.6919371938075,88.1045485674325,89.4821316918661,122.801078796387,8.93812129673453,50.0913759378287,122.25830078125,109.979941567885,140.19403939169,122.374411224901,88.4688628289836,83.8701156185519,116.582088470459,94.6721055333207,82.8364876185186,0,130.832335078633,134.451460346615,79.122447696709,14.6244585780199,58.3549626606267,176.896459960938,10.8864896694444,49.1338202010754,51.1441389869877,148.874154227121,164.055603027344,171.940155926873,104.157061650203,80.1163711547852,0,148.674494425456,128.499835544162,171.352351379395,121.789934794108,170.037877400716,113.383460998535,128.391054789225,104.753448486328,178.242919921875,0,135.878910064697,171.268524169922,0,0,83.0328330993652,0,145.70262298584,168.544268290202,130.107368870785,0,193.612243652344,165.242571600552,139.174290339152,162.934401662726,143.917851039342,0,0,149.964581298828,165.90368347168
0,0,0,38.6114716529846,48.8969099256727,14.0503752524393,10.3778257412549,77.3681769598098,32.0659342769025,14.4434486236624,65.0989557696927,0,8.75717062642209,0,50.0913759378287,7.33297604890986,0,0,0,152.311630249023,36.442728023529,100.946159362793,57.4803992680141,0,31.4627847883436,128.895252227783,154.604263305664,124.063531142015,61.5410350637233,34.4889926229204,71.7490797042847,0,32.4969626795636,83.8992385864258,78.9363169670105,0,0,0,0,0,0,0,240.650238037109,0,0,0,0,0,0,0,0,0,0,0,0,0,0,0,0,93.0691413879395,0,0,0,146.392402648926,202.084350585938,0,0,0,0,0
95.4878575251653,42.5385024720344,73.3524150848389,39.0185566089077,0,0,99.8744290669759,81.2826351042717,136.457747323172,73.2208466000027,88.2183162982647,133.04669380188,0,111.668241500854,122.25830078125,0,13.2073569826855,101.061980485916,0,116.097301059299,0,17.9890255010877,27.6144356867946,15.719821563743,37.9447107093353,102.383252620697,99.869198310666,33.581606963842,31.5034970359626,105.576499938965,67.9354635212756,132.100904464722,0,79.8921443394252,73.6799236766079,124.318298339844,0,103.131581268311,55.3283361232027,70.6654586791992,0,146.295505523682,132.929985046387,154.292833328247,64.1032562255859,153.53182220459,130.625335693359,0,200.889633178711,209.229858398438,0,79.6494172229999,122.180587768555,188.896438598633,182.788360595703,0,101.275548816782,52.5266625450571,93.5527067847559,100.117823219299,0,126.504437764486,97.0660030509852,108.154472351074,120.888191223145,107.684322939081,0,0,132.285045623779,133.409106254578
86.4078545816166,49.3854093357008,39.8718847633557,59.9806781563524,130.023847579956,0,141.303961408899,106.465119178598,120.048720057418,114.139860863779,132.945239673961,42.1230613149097,136.198598225911,91.393944422404,109.979941567885,0,101.061980485916,9.19025465616935,47.991517524857,20.5578423699594,147.263854980469,45.231892463874,69.1939429588058,19.2276545030743,118.448936644055,83.6245350307888,28.7341136832612,58.1376385094938,104.842665054473,90.4956033163231,60.6275701321538,92.1691840322394,78.7157821655273,65.8750044504801,22.0429354188559,139.065948486328,81.1401089754972,99.1144614785404,69.8865139658858,0,0,177.077911376953,156.456692504883,167.474884033203,107.472160339355,164.069859822591,134.70699818929,0,140.678367614746,168.524017333984,0,131.941026687622,101.072103326971,107.146141052246,113.311058044434,0,165.673225402832,91.2751698349461,119.468520927429,168.951483726501,98.908203125,111.779515699907,103.738321824507,155.628036499023,176.129081726074,168.852096557617,140.752136230469,0,0,111.574885253906
124.093325556541,65.0415671212333,85.717547255296,81.2882638295492,156.865295410156,0,148.993680953979,141.47903696696,144.752073560442,139.422054290771,143.169420878092,15.7454722852994,173.757400512695,49.7852815437317,140.19403939169,0,0,47.991517524857,5.35709758331056,17.1935273420166,152.844421386719,100.506012209,99.9407577514648,83.9597082216878,155.825309059837,47.8221947806222,19.1000221697198,69.4465265650283,148.708886827741,111.001897759394,105.12173377143,50.4052615795495,85.8672485351562,99.0169760386149,50.8823887354125,165.734466552734,0,150.658953348796,77.6925991603306,0,0,0,157.612930297852,0,164.321940104167,0,83.1938508686266,0,79.2190695868598,0,0,0,148.636077880859,86.7555220831008,96.9969329833984,0,0,138.608818054199,122.176284790039,159.783645629883,66.9700673859695,86.3011064812689,84.6233066537762,0,128.458023071289,152.122095743815,86.9146025686553,0,188.129913330078,108.060397808368
105.933542358398,55.6001699325886,58.4592318290737,66.5111683826057,0,186.239440917969,145.275890071218,115.682505666474,129.3320318102,125.611953372047,150.99242074149,18.2148774113411,0,65.7814021544023,122.374411224901,152.311630249023,116.097301059299,20.5578423699594,17.1935273420166,7.7051264532311,0,71.9758310639456,91.0995683341191,61.9358777013318,133.931907849434,59.1287655579416,26.5310690205024,60.2030339273271,118.238475105979,104.883562757178,82.9864453294331,59.0778574389081,152.626637776693,82.673220048871,30.671981609302,176.388575236003,87.2948799133301,116.790562947591,62.8341674804688,0,0,239.456268310547,179.505821228027,179.568840026855,139.781051635742,0,84.0452508926392,0,93.6513721942902,170.362533569336,0,118.437019348145,110.454433017307,88.6411849975586,95.710272870745,0,0,108.393048604329,147.203359815809,0,70.401789855957,86.3955591987161,89.4147350674584,0,168.57529703776,160.43972269694,86.2582656860352,0,0,93.3802034331531
72.0370205149931,0,145.849891662598,93.0208168029785,10.358009677435,122.998615264893,36.9983359063931,88.8615333769057,84.1260306138259,37.7139629999797,15.1147840531519,126.75830078125,12.4619165305216,0,88.4688628289836,36.442728023529,0,147.263854980469,152.844421386719,0,10.0049410544972,0,61.2736282348633,158.44687906901,29.1332160869491,0,157.490313212077,167.494037628174,29.5133735305313,85.8565778873794,0,0,118.019381046295,83.4571177164714,83.5675964158835,0,0,0,87.256238301595,34.5637777805328,0,124.337426757812,112.621798197428,146.524635314941,80.6210015036843,98.6165584217418,0,18.5362959453038,0,0,0,0,0,0,0,15.9531809806824,0,134.356292724609,0,95.9854862938629,0,0,0,139.450150923295,151.466796875,0,0,0,0,151.001937866211
63.4039168524039,77.6314622287093,51.9606369868496,50.1727506180067,79.5502090454102,0,96.5816752963596,56.0510261136476,84.516871380806,83.3149102783203,86.3439079446996,92.7928310843075,0,132.559169769287,83.8701156185519,100.946159362793,17.9890255010877,45.231892463874,100.506012209,71.9758310639456,0,10.6593986328765,47.6636426294767,25.3765200821866,28.5601116086236,119.341732025146,90.0351341407936,72.6852436055095,25.1718329863914,66.1676985475532,24.1787173976973,153.146423339844,0,38.7917722151015,35.4359453928171,126.012758890788,0,119.419016156878,63.9465998869676,0,0,149.700317382812,132.115432739258,157.585500717163,76.5603084564209,141.783264160156,0,0,0,174.489543369838,0,90.4582140004193,146.002101898193,0,143.564910888672,0,101.824958361112,58.8189400293494,111.780393302987,99.308992742723,0,166.307357788086,121.200454018333,108.102726809628,133.305266062419,108.501558981307,0,0,116.075019836426,126.596772165009
84.1762599945068,26.9881568205817,40.8439312250791,21.7293798764474,58.77405834198,0,81.5658760070801,73.0092336521592,118.17909068446,27.0319407696213,86.3274440765381,91.4382330179214,58.5080904753312,86.6954689873589,116.582088470459,57.4803992680141,27.6144356867946,69.1939429588058,99.9407577514648,91.0995683341191,61.2736282348633,47.6636426294767,9.02145068363172,43.3048854988078,25.7770409300715,72.1851944879654,78.7344036378722,41.2210923835821,53.9026988935214,79.9113356142628,53.1103516424628,101.386475725872,126.427486419678,58.0969560796564,55.9769065136511,143.023089090983,144.180183410645,88.1367435455322,40.5141103863716,60.9574089050293,0,199.837814331055,91.3248329162598,158.235061645508,28.6410989949578,137.108220100403,142.25479888916,0,135.261512756348,131.013268470764,0,50.9768025534494,113.835480690002,143.71001180013,130.084327697754,101.256759643555,79.8179873875209,21.0930628211577,73.0458458633784,82.660778466393,93.1297836303711,125.752815833459,78.3423631818671,104.690086975098,100.237626647949,89.0636954471983,0,0,107.354846954346,128.351243019104
69.0719581096098,58.5107556319818,23.2102321047159,46.9220396834534,111.854258219401,0,95.1285869677861,59.0512884120249,89.9453202240659,91.7292587573712,103.693584896269,78.6189465473608,128.591669718424,108.70568508572,94.6721055333207,0,15.719821563743,19.2276545030743,83.9597082216878,61.9358777013318,158.44687906901,25.3765200821866,43.3048854988078,14.0899365025804,56.4044198070081,97.6013997395833,62.3178703929182,41.333838605572,41.5309381335946,81.0543484080922,40.7837910853454,117.384872436523,163.614349365234,60.322514285212,40.0484681900971,157.14158782959,89.2963890075684,95.0549453111386,59.1777630317502,0,0,163.408831787109,140.300104920293,165.342748641968,125.601432800293,173.657079843374,180.241844177246,0,152.276519775391,174.849844796317,191.492782592773,77.3416927332743,121.070293535505,167.476547241211,150.978591071235,0,109.54978500794,61.6461709638985,96.9412585979284,115.631945258693,0,129.021603491998,92.7391438942045,130.424313615008,142.670885721842,127.766993522644,0,0,154.557383219401,116.548942797112
68.7271787770589,74.7335132678766,86.3693188469191,38.3348103957456,17.2414810645358,134.320678710938,67.2493596094758,53.2582999952874,75.0945227136173,22.4876631402445,52.0234372359056,141.027693345812,23.4499396099502,132.638538403457,82.8364876185186,31.4627847883436,37.9447107093353,118.448936644055,155.825309059837,133.931907849434,29.1332160869491,28.5601116086236,25.7770409300715,56.4044198070081,9.31067726296415,113.700518097749,119.347766959754,90.0792842341208,18.8526933626567,71.5510249387632,59.4101723706937,143.864897204984,122.802181879679,59.9861390556794,76.4306366797055,112.656279197106,136.548284912109,141.503194754464,57.5857090902424,54.0269325574239,0,119.542490641276,101.693277442848,133.893454324631,49.6711237677212,111.234490663951,167.707575480143,77.6928629721365,170.156531197684,129.223641381747,71.3379487991333,90.4775626970374,153.324258657602,0,174.371011352539,94.9831288077614,108.242392311633,66.7635376375485,127.105315998036,71.6634856053281,169.998667399089,172.324680529143,140.196124932705,98.8556631080106,127.082446687362,107.125108867221,190.581512451172,186.493057250977,113.871279835701,124.065274315911
123.81534576416,29.3322068690745,72.6232457478841,31.5873842851999,126.23526763916,0,161.338607788086,132.130975995745,141.554960632324,107.154841578284,0,22.5359605612532,0,19.0376701901205,0,128.895252227783,102.383252620697,83.6245350307888,47.8221947806222,59.1287655579416,0,119.341732025146,72.1851944879654,97.6013997395833,113.700518097749,8.58292526530829,35.1496978831068,23.968381652375,131.088875770569,94.3274173736572,143.393980026245,37.5064817233136,0,161.498641967773,70.1937311172485,0,161.191955566406,116.498458862305,30.7152608506223,0,0,0,144.781181335449,198.440078735352,139.939227294922,0,68.0049682302573,0,60.5911263496645,155.484176635742,152.086318969727,126.358406066895,108.95302327474,68.9740837900262,77.4709113438924,0,153.911895751953,115.71170425415,117.816816329956,148.256754557292,41.8621966706382,67.7124044270533,63.093236481779,214.50749206543,127.300457000732,146.246162414551,71.730584689549,0,0,92.5253206888835
107.84189187943,50.4989436897072,28.7608049381619,54.9328460317359,146.360954284668,166.673745727539,138.526421294815,107.471524771997,130.318294870784,114.664361338462,133.047635541643,20.4805937229448,181.766923904419,27.9018672247913,130.832335078633,154.604263305664,99.869198310666,28.7341136832612,19.1000221697198,26.5310690205024,157.490313212077,90.0351341407936,78.7344036378722,62.3178703929182,119.347766959754,35.1496978831068,11.4999227832533,28.3467061991546,97.227541875062,113.524756109658,94.5612754630724,15.275759803699,158.245872497559,103.563973415045,54.4176688413402,161.809135437012,88.8887697855632,102.992884072913,56.7409858004951,121.719146728516,0,154.615219116211,156.838748455048,187.580830891927,137.058159964425,171.209030151367,76.7083961357505,0,73.1385997030972,168.779605102539,185.705848693848,139.783841451009,95.8338376972037,86.3847955515687,90.0143223451764,167.501556396484,144.619493756975,113.129651133219,130.037388923841,150.070535742718,62.6634673502908,84.6943592330024,88.030969921602,165.932454427083,170.856928144182,153.400325775146,84.3786109836622,0,175.933883666992,90.9915472838256
112.462119715554,26.986187883378,30.0469145730318,35.8943367958069,114.820349693298,0,136.918716254262,103.82580849931,131.162030816368,102.223837873671,119.895827633994,56.4166906930695,121.689915864364,31.3671606135725,134.451460346615,124.063531142015,33.581606963842,58.1376385094938,69.4465265650283,60.2030339273271,167.494037628174,72.6852436055095,41.2210923835821,41.333838605572,90.0792842341208,23.968381652375,28.3467061991546,12.961292229595,81.3230007053071,116.448332678411,97.022209529239,21.4436728972195,200.030947875977,111.065850541398,62.3042598830329,161.996726989746,74.6873293020619,89.2072755755422,54.3589086143134,139.190405709403,0,167.994205050998,146.752743025958,173.63215747778,128.798986141498,165.654904174805,90.5327929758655,162.572545369466,84.7236925225509,171.46077383381,161.239852905273,90.5012404330941,100.347684359146,92.5539261976234,95.3919067561906,164.210220336914,117.658748517718,72.8235835156669,96.8810250153707,141.595595071482,65.3436387468885,89.7719416001707,86.6882398997512,142.719569866474,171.771850585938,143.633273342199,95.3930393400646,0,159.017196655273,96.0232645575146
57.5442291956362,81.8474033062275,58.5467084254399,53.4742840059173,15.8329742764189,130.407385826111,50.6312033411756,19.3041479993923,69.5654454853224,46.9057870938963,25.8234435991512,130.55166555334,37.168315724929,147.156776428223,79.122447696709,61.5410350637233,31.5034970359626,104.842665054473,148.708886827741,118.238475105979,29.5133735305313,25.1718329863914,53.9026988935214,41.5309381335946,18.8526933626567,131.088875770569,97.227541875062,81.3230007053071,9.5723055116387,69.5157229152596,36.9951219262351,152.188259887695,122.351417295394,51.5720935631821,61.3153152525491,113.962483377168,122.766455078125,133.864162339105,68.6239668970523,108.161621152438,207.499282836914,127.375783978087,102.941169621394,137.63377774995,71.8394788796561,122.66670985728,208.266815185547,55.6226396818419,160.157165527344,128.706412960785,93.2104415893555,100.660650117057,142.772261301676,210.386123657227,197.779980977376,83.9130322203344,122.139416809082,76.8150751413393,129.87117224341,91.5947908610659,151.927032470703,157.517022609711,135.937606015413,106.874828209574,129.895316966529,109.393224703881,174.833633422852,176.031173706055,116.121683835983,121.813756397792
12.5429596565076,117.859968185425,97.5037916501363,69.445792483844,85.4074751327287,25.7298905034983,35.1643538828848,47.8015079966489,24.0251914879146,70.0693103032755,77.81075894122,50.3296943710511,87.466896012772,77.03986386555,14.6244585780199,34.4889926229204,105.576499938965,90.4956033163231,111.001897759394,104.883562757178,85.8565778873794,66.1676985475532,79.9113356142628,81.0543484080922,71.5510249387632,94.3274173736572,113.524756109658,116.448332678411,69.5157229152596,9.60773043731638,18.2365959498881,120.469531132625,15.2269853685874,16.5742499463303,25.3850776533634,138.343435434195,0,149.39267539978,78.4920172691345,82.4740619659424,0,166.443628583636,120.712768031102,145.378175032766,100.401131766183,175.224780273437,0,99.9552981058757,96.8847020467122,156.567124991581,0,118.163047790527,150.630870819092,171.190541585286,173.77582804362,106.812776565552,148.403569902693,91.1410530635289,151.891616821289,116.391871297301,0,165.165856497628,155.279134521484,123.994767054615,156.510688339455,124.55397865989,0,0,153.556990941366,155.902073383331
18.9310663440368,93.5474339998685,65.8453678180431,51.6091731736283,83.0785327238195,103.362777709961,77.3557468844998,15.9358243308156,64.4284950670493,50.9302318599075,78.2848882206151,94.049420486797,75.4999217987061,139.449630737305,58.3549626606267,71.7490797042847,67.9354635212756,60.6275701321538,105.12173377143,82.9864453294331,0,24.1787173976973,53.1103516424628,40.7837910853454,59.4101723706937,143.393980026245,94.5612754630724,97.022209529239,36.9951219262351,18.2365959498881,8.42914977383938,120.123284233941,135.874130249023,30.5800772001714,31.9320308968068,119.95830321312,123.336817932129,128.117634010315,65.8432743828942,83.0798950195312,0,156.055498758952,111.868319803355,136.550112194485,65.9513804571969,150.492191314697,187.961730957031,0,153.548980712891,137.301286020587,0,89.2728965003211,142.866415659587,0,166.376950073242,0,113.135860340015,64.884944150363,129.583492963742,97.2434174417448,137.699035644531,164.906083424886,133.77611226049,105.100538130287,130.036639442927,110.224368245078,172.744766235352,0,119.297539011637,121.471197737024
156.243693033854,62.0396826112425,94.6096087369052,70.0574850738049,0,0,162.251377105713,145.503447792747,134.849189758301,133.010388437907,177.846893310547,28.9952006346036,0,16.2071761529642,176.896459960938,0,132.100904464722,92.1691840322394,50.4052615795495,59.0778574389081,0,153.146423339844,101.386475725872,117.384872436523,143.864897204984,37.5064817233136,15.275759803699,21.4436728972195,152.188259887695,120.469531132625,120.123284233941,6.22042185450611,97.0700302124023,0,69.9051707636926,202.072486877441,104.724655151367,151.732381184896,62.4278957142549,0,0,0,0,0,176.964080810547,228.496109008789,83.3149739660398,0,80.1893845895179,178.153708321708,0,0,113.191787719727,92.8843381367032,104.199316891757,0,137.135070800781,149.01161702474,135.72080485026,204.310691833496,69.1779017178518,87.7642478793275,90.5605588781423,245.456192016602,163.653053283691,160.294784545898,91.6495971679688,0,0,108.877416911878
78.7394019232856,0,154.382970174154,0,123.844029744466,10.2862421096107,12.3966450112258,110.4475844247,15.1899062956542,132.197891235352,118.129638865024,63.0493181864421,117.877737346448,0,10.8864896694444,32.4969626795636,0,78.7157821655273,85.8672485351562,152.626637776693,118.019381046295,0,126.427486419678,163.614349365234,122.802181879679,0,158.245872497559,200.030947875977,122.351417295394,15.2269853685874,135.874130249023,97.0700302124023,4.78224004512878,104.602474212646,42.2551635806843,0,0,0,0,0,0,0,187.205123901367,0,167.835098266602,0,0,0,112.075332641602,188.147872924805,0,0,0,0,0,0,0,0,0,177.262278238932,0,0,0,170.082382202148,202.994659423828,0,0,0,0,0
28.2979686276666,97.9920883178711,85.9504974365234,51.9296818832678,74.8409928714528,67.4916763305664,75.4990843626169,54.7945875499559,73.7466735839844,56.1935924716112,71.1092100472286,84.4521076202393,84.2126846313477,128.328689575195,49.1338202010754,83.8992385864258,79.8921443394252,65.8750044504801,99.0169760386149,82.673220048871,83.4571177164714,38.7917722151015,58.0969560796564,60.322514285212,59.9861390556794,161.498641967773,103.563973415045,111.065850541398,51.5720935631821,16.5742499463303,30.5800772001714,0,104.602474212646,8.72990955776075,17.0972507619577,120.107848273383,0,151.062545776367,70.6813766124637,192.792663574219,0,182.382797241211,110.630112472846,143.289591217041,56.0455241203308,169.726821899414,0,0,149.947525024414,142.955895273309,128.907241821289,93.6563668251038,166.526006062826,220.185836791992,0,82.7306594848633,121.590857369559,79.8015982309977,137.93097076416,100.685616742383,142.890441894531,148.572204589844,149.527633666992,107.467411381858,134.747175349746,111.318852523278,0,179.555145263672,127.460719299316,135.072240447998
71.2049178920808,58.1708441989523,51.7963931852636,56.0839647512374,86.1478560074516,65.1456122398376,68.5531942689574,73.6410335134189,56.6551948599733,72.3579177547145,81.1564441673027,30.1091464522366,86.8409573404412,55.2244416342841,51.1441389869877,78.9363169670105,73.6799236766079,22.0429354188559,50.8823887354125,30.671981609302,83.5675964158835,35.4359453928171,55.9769065136511,40.0484681900971,76.4306366797055,70.1937311172485,54.4176688413402,62.3042598830329,61.3153152525491,25.3850776533634,31.9320308968068,69.9051707636926,42.2551635806843,17.0972507619577,9.37222220476936,124.123375387753,89.5096471150716,107.603073858446,68.1645387566608,136.362024943034,0,147.59651184082,124.467078314887,156.008574167887,81.2546225155101,142.549624633789,104.785512447357,0,96.9444556463332,148.898984909058,176.10693359375,86.9508777073451,121.036508348253,125.845144271851,109.736686197917,0,111.632845951961,75.8910456912618,112.369466115193,106.545686721802,81.6286510467529,112.045656778726,106.31391532975,112.272282070584,141.52142788115,112.502545601981,118.519937133789,0,127.615334828695,119.656456558793
116.421276092529,144.569305419922,144.606775919596,95.3053118965843,109.323964436849,0,123.186851501465,118.592124041389,145.218479357268,105.249370574951,135.84806060791,158.461669921875,142.753677368164,181.305197143555,148.874154227121,0,124.318298339844,139.065948486328,165.734466552734,176.388575236003,0,126.012758890788,143.023089090983,157.14158782959,112.656279197106,0,161.809135437012,161.996726989746,113.962483377168,138.343435434195,119.95830321312,202.072486877441,0,120.107848273383,124.123375387753,7.61879395332177,111.00560760498,102.246108166583,61.5632835545366,76.8334599663229,0,75.8369183838367,24.7711444498971,33.6517189041368,59.7530167408479,59.6081636959398,117.93698049908,84.8277854919434,134.303353627523,12.7228587949736,83.4208450317383,97.135061418688,98.8302249822142,122.91696843234,115.300912159887,84.7073421478271,64.1490952943916,76.1913143060146,86.0967388968182,61.2455945502534,123.894763946533,114.247891743978,118.809003244039,67.3262570531082,17.4973469607588,26.8654361810834,138.864678955078,77.9085927690778,33.1594419526119,68.4599760044121
0,43.1087379455566,70.2942571807326,43.4480724334717,0,0,162.149637858073,131.832597351074,148.774241129557,138.420154571533,142.601791381836,101.111241658529,0,108.908418655396,164.055603027344,0,0,81.1401089754972,0,87.2948799133301,0,0,144.180183410645,89.2963890075684,136.548284912109,161.191955566406,88.8887697855632,74.6873293020619,122.766455078125,0,123.336817932129,104.724655151367,0,0,89.5096471150716,111.00560760498,5.66012193429523,38.7231849488758,13.3532517892115,0,0,121.593452453613,102.154074350993,120.146879196167,69.7309742439084,0,67.2713527101459,97.8414115905762,56.3974975255819,116.701210021973,97.8115112304688,39.7901596542973,44.7929360071818,70.1298207369718,53.4919179280599,0,95.9422569274902,25.5408041196789,56.7298989131533,68.4766813634516,18.994356888182,42.7232147204039,22.8312239137028,96.7412554423014,107.508550262451,97.7611495123969,61.1414343516032,0,151.938293457031,36.7614274209784
140.604281549868,82.4898215399848,85.7017896148257,62.7716983250209,121.28279876709,0,183.487661743164,146.363562583923,164.220252227783,175.449844360352,184.426793416341,120.029131571452,0,136.033416748047,171.940155926873,0,103.131581268311,99.1144614785404,150.658953348796,116.790562947591,0,119.419016156878,88.1367435455322,95.0549453111386,141.503194754464,116.498458862305,102.992884072913,89.2072755755422,133.864162339105,149.39267539978,128.117634010315,151.732381184896,0,151.062545776367,107.603073858446,102.246108166583,38.7231849488758,13.0304703661126,42.7212128514149,137.034424918038,165.758427937826,112.39688536067,87.9139532461399,109.451675226562,100.504500389099,105.506782688507,86.923075840391,128.95645904541,81.9676163617302,112.580429085644,115.903464423286,68.680672213328,43.543835952697,77.2061596350236,60.9606566941443,142.386276245117,62.3061404378355,50.4193634856436,29.9286686126372,94.654380781535,95.454537709554,26.7779106068057,30.4197690865911,84.5789112087074,132.798856067173,71.7245186121777,85.2631698608398,174.307069778442,123.984220275879,60.508341437279
86.3282012939453,61.0026050914418,53.2725646028814,26.4246012414252,78.0949578966413,0,114.46402053833,71.1600079329118,112.741300582886,65.7608926296234,83.6847836894374,47.9689708578176,93.1104558308919,49.566960417706,104.157061650203,0,55.3283361232027,69.8865139658858,77.6925991603306,62.8341674804688,87.256238301595,63.9465998869676,40.5141103863716,59.1777630317502,57.5857090902424,30.7152608506223,56.7409858004951,54.3589086143134,68.6239668970523,78.4920172691345,65.8432743828942,62.4278957142549,0,70.6813766124637,68.1645387566608,61.5632835545366,13.3532517892115,42.7212128514149,10.1452868089013,74.9780752999442,110.489925384521,82.6681376865932,52.8396833417201,85.2002978501497,41.5035851468944,75.2689525635262,40.7041774639467,70.6182323031955,33.1209440026311,81.0721873239195,87.7276268005371,30.6577020343427,52.1442748447221,53.8291471161111,51.7804866712921,76.0051367623465,50.0579703208151,19.5554457708343,49.9545483824915,32.8926416230096,23.4772560087381,48.2248817581368,33.6793716870682,51.4806965366187,76.1518842471697,57.1250061028254,49.15417438549,112.063875834147,65.5371000170708,51.0931332245125
0,74.9482345581055,0,70.1753662427266,8.37574853431271,0,140.420404706682,114.511518205915,102.207049687703,48.6429825951071,130.623784957394,0,51.2368700093236,0,80.1163711547852,0,70.6654586791992,0,0,0,34.5637777805328,0,60.9574089050293,0,54.0269325574239,0,121.719146728516,139.190405709403,108.161621152438,82.4740619659424,83.0798950195312,0,0,192.792663574219,136.362024943034,76.8334599663229,0,137.034424918038,74.9780752999442,7.72149933792226,0,54.7178573923142,65.723989940825,85.5673648880189,53.6975010871887,13.1644290586965,140.91926574707,28.6402383474383,0,96.9701116443735,60.6192266676161,0,137.756149291992,0,0,9.79757829026247,108.323272705078,91.1206359863281,131.143067169189,16.7495795195186,0,209.139617919922,126.225339508057,16.4165485740735,97.7462562063466,118.061752319336,0,124.806835174561,87.6965859153054,99.7832522392273
