10.5901082465063,121.677059597439,97.6702075046776,96.4508389317712,86.8204968770345,76.8020324707031,81.2648491632371,28.1967999966392,42.9838059286132,70.1933726719448,40.7158193562236,121.105574131012,116.517451286316,132.163157145182,18.1066923720861,71.7739353179932,102.284664154053,100.887513357834,0,119.782184254039,103.351406642369,80.0965259340074,98.5695121765137,85.1769916492195,84.1075454918114,136.270248413086,109.704483493062,116.485871001213,74.9707769196609,17.6863643769492,34.2777435427579,0,85.8309730529785,57.3237984698752,68.7089173066701,158.915451049805,0,174.678642272949,93.9364624023438,159.018646240234,0,173.977752685547,144.972399393717,160.537844848633,102.879837036133,158.864756266276,0,141.318870544434,0,175.931424458822,0,178.791702270508,205.510467529297,0,0,0,155.28341293335,134.571746826172,0,126.980801490045,0,0,162.260285949707,145.620848178864,169.804262601412,145.261563618978,0,0,147.294647216797,146.37077331543
121.677059597439,7.79721141304227,43.2670570349543,29.5790217828912,107.973138173421,0,137.319188435872,117.078093937465,135.116078463468,76.3082300635692,122.425594874791,64.284324504711,118.39670753479,47.1979188159504,145.931346257528,115.998184967041,70.3088972173585,54.7994795408221,74.6329419495629,66.1416187740508,95.2092952728271,90.0156846764969,20.2483773864293,65.2292172800955,85.6912711296582,20.4196492369159,45.5408189797173,32.183512767528,95.2242229747123,115.266028546272,103.097653727378,68.4746547426496,0,108.191486358643,54.4784663211425,0,0,140.357164001465,93.2072359720866,0,0,215.326370239258,170.973754882812,0,95.4525527954102,0,110.673751831055,152.898803710938,97.623176574707,200.844467163086,0,92.6195220947266,113.115368434361,118.217769622803,129.428706577846,0,200.030601501465,129.550521850586,147.661108834403,154.723420363206,0,113.308289591471,116.113645826067,203.013229370117,212.92692565918,0,113.095418930054,0,0,158.099117279053
97.6702075046776,43.2670570349543,14.1988458980117,46.2983461288998,146.947421482631,170.335117340088,137.285352864397,94.2515386697845,120.01006022086,111.4433785372,111.492341004215,85.4777008056641,188.786214192708,117.683099534776,122.961693304556,139.320999145508,93.1127476162381,50.2849165188849,86.5533510446548,67.4358267069592,0,62.9215030099057,49.7004363053329,28.9879122299446,114.138546966925,108.856104278564,25.9595272821514,28.8666314886672,91.9814552452132,105.534946659439,86.9457869730906,102.769511222839,179.856073552912,98.0526685714722,58.7820735821848,156.833374023438,108.974164326986,95.2698446131464,65.6504297006443,200.082931518555,0,243.868171691895,162.029510289022,191.219703674316,138.148907470703,204.955462646484,218.127883911133,0,157.834358215332,188.924883674173,0,103.593631108602,112.923343700833,162.87232208252,130.269013655813,0,133.142177734375,63.2406098502023,107.109069877758,152.838187872195,0,117.164044879732,98.4024577333671,156.552354324696,171.771803719657,146.618379502069,138.688507080078,0,140.594268798828,119.981716062964
96.4508389317712,29.5790217828912,46.2983461288998,26.9058754250467,54.6605004020359,124.042419433594,87.0201565071389,70.1951745636058,88.5646171943814,24.1258022702663,82.7853771618434,64.4045874354351,126.701946735382,60.3871900738768,105.334923766908,73.9610737248471,42.814076836504,56.9908299665549,67.2459879960164,57.1853538166802,69.8722118030895,58.6103303102788,28.7182725266596,55.5101519243086,46.8822886196114,29.6344774651249,45.7102730937322,42.4232039295508,60.7964037799195,85.501412115097,62.4614255718283,67.1209927183209,138.462745666504,69.6725948878697,61.9245275426794,99.8822309970856,72.8416724886213,62.5581533601969,33.9402194670423,94.1995339827104,0,119.902486528669,103.631318794107,121.463937198415,31.1397180190453,106.911857868063,80.9994063838836,116.767112731934,60.9938694408962,130.637415678605,0,62.8410338931614,69.7305251340137,82.5793719972883,68.6078452421038,111.252431233724,83.482929683867,24.4188010114612,78.3016867261705,67.0221824495811,48.0176584344161,55.2760800181842,56.0363746458921,79.3447230086367,98.3037921626393,89.3573176193237,87.9253950573149,0,94.6449413299561,81.7968536861359
86.8204968770345,107.973138173421,146.947421482631,54.6605004020359,8.90887017755184,79.6545562744141,64.2419932213055,55.2171554756165,80.1207318208656,39.2043768689969,23.8878647465526,162.287790934245,22.7761021069429,0,107.902763465782,68.1480405595567,0,138.268310546875,0,0,12.077486333661,89.0374069213867,72.60357800652,144.466888427734,20.0616078039937,152.362480163574,141.081727345785,132.285890102386,17.51569549115,95.2829375747562,85.6926356421577,192.253753662109,123.321586608887,80.1214555104574,99.0616121292114,172.666931152344,0,0,76.5372886657715,33.2403630411684,0,149.020088426995,127.789752415248,164.239450454712,85.1888015581214,146.168198684166,0,33.9867617478028,0,186.234128511869,162.147232055664,230.533020019531,0,0,0,19.1009890483731,0,136.468566894531,140.774597167969,108.596874921994,180.14289855957,0,208.66845703125,132.082252794902,188.598420715332,162.259368896484,0,0,153.638809204102,155.598170471191
76.8020324707031,0,170.335117340088,124.042419433594,79.6545562744141,7.27236592309158,12.9543324093482,122.897371419271,24.886675515809,57.0917435848352,117.100107404921,69.2691622133608,89.9704223260647,80.859305911594,28.5634487061571,15.1551323912656,0,0,90.6112798055013,0,117.374076843262,0,112.9680519104,157.666137695312,110.110785484314,81.9034322102865,95.2757225036621,154.981357574463,137.269729614258,25.965531823164,112.057855606079,0,11.5279942268798,0,32.5591804656115,0,0,0,156.355514526367,0,0,0,0,0,0,220.766372680664,0,0,0,0,0,0,0,0,0,0,0,0,0,0,0,0,0,0,0,192.877250671387,0,0,0,0
81.2648491632371,137.319188435872,137.285352864397,87.0201565071389,64.2419932213055,12.9543324093482,10.4725619341311,67.0268648840808,21.6059139917363,71.0099934454887,29.9702557424743,94.3339035511017,23.2624762560852,105.74163382394,48.0992778361733,14.8168290558479,166.368659973145,165.670327322824,121.35256652832,154.762249755859,40.22703727345,108.478501059792,107.204137166341,131.066167852852,87.9539314400596,177.984306335449,144.834570913604,149.948623227402,72.7027621636024,66.1714322320086,93.8843794485823,0,14.9883275868854,92.0507659912109,65.8095629547753,164.033359527588,0,0,94.9454303609914,154.731522409539,0,173.701216561454,154.071776422961,180.713013567243,109.190094276711,169.383511781693,0,71.6043794751167,0,186.993425523913,0,0,0,0,0,168.170802307129,189.396682739258,195.586250305176,173.110397338867,132.844756865769,0,170.081609090169,181.180704752604,150.695993423462,175.169816450639,149.271076202393,0,0,159.17473449707,177.51091003418
28.1967999966392,117.078093937465,94.2515386697845,70.1951745636058,55.2171554756165,122.897371419271,67.0268648840808,10.2718265309252,58.7811527015105,57.2014819691016,21.2642332383123,143.182119097028,78.2048840029486,183.388916015625,56.6739339353437,80.3131675104941,86.5507544751437,120.347684270008,164.026416015625,148.081999834846,59.5022773325008,65.1275422258595,87.1239714581033,82.0009936822052,56.8674150908841,147.851567586263,117.268443888557,106.054292022345,31.7591298514084,59.7735067952637,27.4892373112201,179.796073913574,124.244113731384,63.1131971418395,83.1929727726845,139.091780253819,0,172.92226911846,78.2759252742013,137.046921789119,203.10210164388,150.559530590427,127.48789625471,159.022181755674,88.1186486748373,144.680870966656,0,130.316041564941,0,156.233838671036,148.792856852214,133.947434743245,176.979067715732,0,226.602752685547,145.431908840603,146.971466064453,124.342079162598,158.048420560533,109.814284507406,0,206.123340606689,159.814377480365,127.116973370437,152.06271706289,128.658283538818,235.510589599609,189.56689453125,132.92467397054,145.476987075806
42.9838059286132,135.116078463468,120.01006022086,88.5646171943814,80.1207318208656,24.886675515809,21.6059139917363,58.7811527015105,12.3890933371367,83.6386579316238,31.2000195349182,84.9866155801817,67.0547401754614,93.8545644518355,22.6079511120227,27.71385142215,126.778648376465,128.145062593313,100.899652581466,119.072212219238,87.0822780750416,101.814739315326,115.023476095761,109.076321555271,85.2361819957672,103.920253481184,134.978417290582,138.754191711169,81.3396720272057,44.3278049670964,70.1220748365523,134.567533493042,20.1904437157937,96.1080167497907,60.6818342344859,149.559911092122,0,203.281312942505,92.41465247018,143.680139414469,0,162.95678743403,147.991678466797,171.870215054216,106.49329254844,161.450260560904,0,133.590624375777,0,173.036256439832,0,0,243.32861328125,0,0,159.972241719564,203.738540649414,184.779113769531,203.102099609375,128.608614440918,0,193.182991027832,187.044127570258,141.973558793988,170.545478691489,157.526252237956,0,0,163.938537597656,168.803814974698
70.1933726719448,76.3082300635692,111.4433785372,24.1258022702663,39.2043768689969,57.0917435848352,71.0099934454887,57.2014819691016,83.6386579316238,9.27998379748012,69.7844674958656,138.026561003465,10.8920691456976,124.210848490397,95.5170043054288,24.773005282605,49.171559214592,124.621939132463,144.225945328221,134.86456725557,25.7513977277847,64.8577906567117,28.0846340352699,98.8633930630154,23.5038839240667,104.786449338952,124.211961851647,119.030534335145,47.7895507659197,69.2590030821243,56.9499939542238,137.904258728027,93.9420291355678,52.5950695564007,97.4418728973555,85.6313629150391,133.818599700928,144.08065032959,43.1164290973118,90.4909018154802,0,116.379663550335,103.680606103713,124.622364468045,44.4907480188318,118.068949858348,177.812881469727,86.8290061950684,170.569617377387,123.241439183553,57.2781028747559,0,202.685302734375,197.792495727539,0,94.8295646080604,124.504531860352,0,126.15631212507,71.1232479398768,0,193.286379300631,173.201271860223,101.012647791112,133.374262029474,114.550032479422,207.40754699707,172.052856445312,111.826018333435,124.835823604039
40.7158193562236,122.425594874791,111.492341004215,82.7853771618434,23.8878647465526,117.100107404921,29.9702557424743,21.2642332383123,31.2000195349182,69.7844674958656,12.200242248028,147.316081316043,25.824590884052,155.02250289917,44.8285105130831,69.9236525959439,107.910603523254,140.160068229393,188.190490722656,179.003051757812,17.4029056358466,82.4430772970011,99.3742787837982,98.8213211657053,70.5128866955385,154.674434661865,130.303182156881,125.821264143913,36.2315512045924,90.9915376621034,69.5667602810639,179.950485229492,118.812833241054,81.156595102946,91.3491349945562,165.032653808594,0,179.547260284424,104.923715923143,136.070931942432,214.054168701172,162.262515627105,146.381042730613,171.796670277913,98.4348893761635,159.408141495939,0,96.5874121739314,0,178.017380912349,0,147.252258300781,188.721878051758,0,235.104125976562,159.855808803013,152.611101150513,159.738432747977,173.067208426339,126.281657107,0,194.163879394531,176.74385409885,142.150035114715,177.684888431004,156.290448506673,0,226.566757202148,133.027064005534,182.961666107178
121.105574131012,64.284324504711,85.4777008056641,64.4045874354351,162.287790934245,69.2691622133608,94.3339035511017,143.182119097028,84.9866155801817,138.026561003465,147.316081316043,13.0665238847487,132.383625323956,21.3611468139278,83.7342596180113,107.837085723877,178.832092285156,53.2534753543474,24.6013122249135,25.8481106028089,154.32470703125,102.290632662566,100.575290821217,89.9705165454319,154.21446885003,31.8553098045982,28.0416025212325,62.3714037442458,156.216485830454,60.6146237296516,121.83199264064,44.6923925193626,67.5818751695994,106.381721496582,30.2991199434607,236.960922241211,108.97349395752,160.428810119629,107.131737709045,0,0,0,214.846135457357,0,156.510538736979,0,102.605781470405,0,86.7250370525178,218.700698852539,0,153.821853637695,117.081582502885,105.308516885633,113.35596928831,0,106.732223510742,127.239282608032,162.781387329102,232.864944458008,77.7676530565534,98.1076562280395,102.304566730401,212.313517252604,0,0,98.8719328744071,0,0,137.735458374023
116.517451286316,118.39670753479,188.786214192708,126.701946735382,22.7761021069429,89.9704223260647,23.2624762560852,78.2048840029486,67.0547401754614,10.8920691456976,25.824590884052,132.383625323956,9.67899680952526,162.650184631348,95.5365191985568,12.5335205689596,0,176.519088745117,173.100517272949,154.772918701172,13.4368632497449,174.994338989258,80.8070945739746,144.346284866333,19.4771651127513,104.102745056152,169.548080444336,145.157155990601,44.9254618961996,93.8726057160435,122.642038133409,164.735824584961,107.179075998803,0,89.519764561807,0,0,0,97.0453948974609,58.2745931148529,0,77.1362266540527,139.199794769287,105.390614827474,85.2713980674744,75.4654471489691,0,10.1424451464221,0,196.139125279018,65.6901245117188,0,0,0,0,19.9724009439543,0,0,0,116.511470728907,0,0,0,139.676998986138,183.692054748535,195.968063354492,0,0,200.992370605469,177.04878616333
132.163157145182,47.1979188159504,117.683099534776,60.3871900738768,0,80.859305911594,105.74163382394,183.388916015625,93.8545644518355,124.210848490397,155.02250289917,21.3611468139278,162.650184631348,7.90236203251704,98.781766962122,166.26762898763,130.523692321777,108.78065625359,52.10580986202,68.7464876174927,163.515464782715,132.103691101074,91.8454529091164,130.929800415039,138.138685173945,14.3249489432906,30.0376353677537,24.6423908843628,148.646407494178,70.0456179176889,149.101533253988,12.5027884231449,76.1638487035578,0,51.3514453361393,227.645126342773,101.257995910645,0,99.8874792801706,0,0,0,244.792755126953,162.210159301758,152.402094523112,0,87.7205219884073,0,70.6562891386153,191.036071777344,0,195.983612060547,0,92.3245766489129,109.971358299255,220.463088989258,188.203102111816,111.724270213734,0,187.042179652623,67.7812565565109,84.0670028234783,88.6803184577397,226.539443969727,0,0,84.5640622781762,0,0,115.881878099943
18.1066923720861,145.931346257528,122.961693304556,105.334923766908,107.902763465782,28.5634487061571,48.0992778361733,56.6739339353437,22.6079511120227,95.5170043054288,44.8285105130831,83.7342596180113,95.5365191985568,98.781766962122,10.8064837254182,38.4430533430311,119.176848093669,127.853981836831,123.995866029159,140.887299378713,105.413253744025,107.558639983336,126.712403488159,111.868862942902,98.4562808952816,114.153063297272,132.747296395781,143.048271296876,95.1550599790216,27.601698325869,68.7688528424978,113.688749694824,14.4360499178695,56.8871265776614,56.694802774733,169.251444498698,172.853713989258,170.062433878581,103.900536481072,171.265621948242,0,182.018313500189,159.654004714068,174.068813693139,121.237380743027,182.829801005702,0,155.20045598348,0,192.755829383587,224.249435424805,173.646275111607,165.872589111328,164.296112060547,0,176.898628234863,155.769485473633,162.070487976074,182.64556757609,141.772244199117,0,191.774464198521,195.473858642578,153.616110250252,183.088943893845,152.464030456543,0,236.192565917969,146.53755569458,164.546139187283
71.7739353179932,115.998184967041,139.320999145508,73.9610737248471,68.1480405595567,15.1551323912656,14.8168290558479,80.3131675104941,27.71385142215,24.773005282605,69.9236525959439,107.837085723877,12.5335205689596,166.26762898763,38.4430533430311,8.11443076854027,0,137.415977478027,153.339078267415,194.865112304688,54.5168132781982,122.381484985352,83.0611261367798,133.208239237467,52.6149279005984,138.155400202825,163.705358505249,152.819723649458,75.4814682006836,60.2743483632803,90.7048433091905,190.406066894531,35.0902052033419,104.753936767578,87.6950475252592,166.972717285156,0,0,0,129.948341369629,0,145.636680603027,169.332229614258,0,62.1118927001953,130.37325668335,0,66.6646900177002,0,0,0,0,0,0,0,0,0,0,0,119.381602894176,0,196.41845703125,0,134.462885538737,0,0,0,0,0,0
102.284664154053,70.3088972173585,93.1127476162381,42.814076836504,0,0,166.368659973145,86.5507544751437,126.778648376465,49.171559214592,107.910603523254,178.832092285156,0,130.523692321777,119.176848093669,0,14.0670424186902,104.27437199773,134.200708389282,136.322200012207,0,25.0871571581775,33.4333325450234,17.6829129038812,33.4756722973779,102.922540937151,116.010114980298,32.9218740792041,34.9265605755773,103.299114061439,72.8472134134044,0,0,81.7132629394531,82.8179284520896,116.775932312012,0,111.542070388794,65.598196222541,181.544387817383,0,0,143.36446241899,159.225372314453,0,0,0,0,0,156.992191314697,0,97.9198412412173,148.389640808105,173.686447143555,149.490058898926,162.459548950195,106.714824162476,59.5298157403635,103.224019794564,103.020670792152,0,174.712715148926,112.080559015274,119.075222142537,0,113.756468399711,0,0,0,124.814989362444
100.887513357834,54.7994795408221,50.2849165188849,56.9908299665549,138.268310546875,0,165.670327322824,120.347684270008,128.145062593313,124.621939132463,140.160068229393,53.2534753543474,176.519088745117,108.78065625359,127.853981836831,137.415977478027,104.27437199773,11.099216959158,51.9391286904145,26.1866369066898,149.748611450195,50.9479668564514,75.8820969162473,22.3676712875105,129.594195373535,72.0831327438354,35.7695852825103,69.6976400279171,118.693283989316,91.1140095826351,73.7017722097962,91.9886877271864,170.023895263672,71.4479264639766,37.2974852659179,204.450584411621,125.968119303385,112.86656036377,84.4429861704509,0,0,0,174.895257949829,211.8232421875,171.565127563477,0,147.991628265381,0,136.546186447144,197.616539001465,0,139.890047709147,120.334924877815,132.80755179269,120.718267440796,0,143.928335571289,91.4081944552335,130.347293762934,157.248674665179,0,110.222519924766,114.706828780238,165.664358774821,181.656075613839,170.568109263544,167.297439575195,0,0,118.413016534621
0,74.6329419495629,86.5533510446548,67.2459879960164,0,90.6112798055013,121.35256652832,164.026416015625,100.899652581466,144.225945328221,188.190490722656,24.6013122249135,173.100517272949,52.10580986202,123.995866029159,153.339078267415,134.200708389282,51.9391286904145,9.59994810113071,19.2174559333253,216.603637695312,98.7706470489502,106.277768135071,94.3956904176806,158.867687807245,48.6614429880432,30.1995380814731,62.0512334140438,137.905279541016,87.0466535671337,121.078238677979,57.6126498493475,85.5521151224772,108.348192003038,48.462022858697,0,129.003708430699,160.715738932292,120.163507461548,0,147.973846435547,0,195.184951782227,0,204.97339630127,0,119.556979959661,0,101.99943510015,195.36408996582,0,217.232040405273,142.042690501494,109.111943533761,110.201884954748,0,0,156.110290527344,169.834285736084,190.818903605143,97.3027200698853,102.199716275389,104.700360950288,207.763900756836,191.777084350586,197.925109863281,115.037458066587,0,0,105.191832042876
119.782184254039,66.1416187740508,67.4358267069592,57.1853538166802,0,0,154.762249755859,148.081999834846,119.072212219238,134.86456725557,179.003051757812,25.8481106028089,154.772918701172,68.7464876174927,140.887299378713,194.865112304688,136.322200012207,26.1866369066898,19.2174559333253,13.2800061440631,0,90.9798984751982,103.484079697553,73.853071396811,144.788877731715,49.269155040864,28.3402794404284,63.9271205639437,139.453825143667,99.3233152953873,97.3167072006419,66.6631325411509,90.2633171081543,84.8189060211182,36.4026180347764,0,107.50209236145,124.154460362026,94.0259768168132,197.99755859375,0,0,185.824718475342,0,201.030787150065,0,122.956547905417,0,113.281354904175,195.958053588867,0,172.905990600586,114.036289520264,115.806792789035,107.645365722656,0,0,131.49969291687,144.412640707833,197.814002990723,83.7467575073242,100.298456063791,105.149726451224,190.131444295247,0,156.064860026042,124.896982366388,0,0,115.697634528665
103.351406642369,95.2092952728271,0,69.8722118030895,12.077486333661,117.374076843262,40.22703727345,59.5022773325008,87.0822780750416,25.7513977277847,17.4029056358466,154.32470703125,13.4368632497449,163.515464782715,105.413253744025,54.5168132781982,0,149.748611450195,216.603637695312,0,8.77105156198757,137.502868652344,51.8458976745605,190.714538574219,19.3434016224303,114.520334243774,164.403162638346,141.321738243103,27.3465430474769,102.307473452586,95.4940423965454,0,131.309912363688,119.675369262695,103.51561077221,0,0,0,92.7727236066546,15.6193155955551,0,156.345743996756,152.950298309326,167.424865722656,102.167708763709,153.905059814453,0,11.1827566310494,0,156.857299804688,0,0,0,0,0,164.897838592529,0,0,0,119.625789793711,0,217.596466064453,167.643437703451,143.755980936686,194.634647369385,130.167129516602,0,0,176.035888671875,221.004150390625
80.0965259340074,90.0156846764969,62.9215030099057,58.6103303102788,89.0374069213867,0,108.478501059792,65.1275422258595,101.814739315326,64.8577906567117,82.4430772970011,102.290632662566,174.994338989258,132.103691101074,107.558639983336,122.381484985352,25.0871571581775,50.9479668564514,98.7706470489502,90.9798984751982,137.502868652344,10.5407055312001,51.9622701958044,26.2367811561053,31.3214554659761,109.473832448324,92.4538656183191,64.3133091571483,33.2283583520344,23.9969058636206,28.0719478396104,156.748728434245,114.451685587565,48.382237017624,38.1575746771308,136.066710335868,131.432735443115,139.519518235151,67.1088299410684,123.465408325195,0,163.956359863281,134.658767609369,155.290588378906,78.1908960342407,164.722599983215,0,219.364639282227,0,157.818690079909,0,104.893155217171,152.526035308838,183.801940917969,0,0,110.983280358365,71.2496119907924,114.757697268983,107.777159907237,0,178.751163482666,131.322104384259,115.093448245472,141.987369537354,115.598154808288,0,0,118.03644997733,130.386918938678
98.5695121765137,20.2483773864293,49.7004363053329,28.7182725266596,72.60357800652,112.9680519104,107.204137166341,87.1239714581033,115.023476095761,28.0846340352699,99.3742787837982,100.575290821217,80.8070945739746,91.8454529091164,126.712403488159,83.0611261367798,33.4333325450234,75.8820969162473,106.277768135071,103.484079697553,51.8458976745605,51.9622701958044,9.84028295577121,52.2267604477586,35.3720012845055,62.2268425657394,83.836870863631,36.9028964203172,55.1674345589726,88.0893321250802,63.5550745836461,110.275088840061,0,72.2150944073995,70.3605475312188,0,73.8125305175781,76.0574619293213,62.8096840802361,128.757381439209,0,0,147.825172969273,0,83.0762779929421,149.225560506185,0,0,148.339594523112,149.667963027954,0,96.0532918506198,116.131327311198,0,136.571929931641,0,87.068260866053,52.8121531009674,93.8271054298647,103.389158884684,0,160.106642586844,78.4040653033134,116.985105161314,176.520590209961,105.288472689115,136.522323608398,0,0,75.7307039896647
85.1769916492195,65.2292172800955,28.9879122299446,55.5101519243086,144.466888427734,157.666137695312,131.066167852852,82.0009936822052,109.076321555271,98.8633930630154,98.8213211657053,89.9705165454319,144.346284866333,130.929800415039,111.868862942902,133.208239237467,17.6829129038812,22.3676712875105,94.3956904176806,73.853071396811,190.714538574219,26.2367811561053,52.2267604477586,15.0575456686026,71.7303012370011,116.515042304993,59.5560449497812,40.1694720153514,61.7728518575384,77.6990789465533,57.2557459818734,140.904022216797,168.318344116211,59.1949098250445,44.2492503861559,153.42084757487,138.136312484741,105.743711312612,76.8698684128237,0,0,210.659439086914,157.840433832425,186.990829467773,115.777351966271,185.090511322021,216.342346191406,0,0,189.093733787537,0,100.950544966759,132.196528820281,167.72900390625,168.534076266819,212.82421875,115.337700202119,66.5607470435065,105.602331772616,127.581640596743,0,144.211466913638,104.221761131577,140.463903007778,172.783743051382,131.578574066162,0,0,147.12952041626,127.415103780812
84.1075454918114,85.6912711296582,114.138546966925,46.8822886196114,20.0616078039937,110.110785484314,87.9539314400596,56.8674150908841,85.2361819957672,23.5038839240667,70.5128866955385,154.21446885003,19.4771651127513,138.138685173945,98.4562808952816,52.6149279005984,33.4756722973779,129.594195373535,158.867687807245,144.788877731715,19.3434016224303,31.3214554659761,35.3720012845055,71.7303012370011,10.96127921527,113.596622075175,128.030013044729,92.21832444846,16.1979139585905,78.0715320988228,66.978298772606,147.222244262695,138.0949122111,66.1401795532744,87.1248339878694,131.58935101827,144.44770304362,170.674352773031,62.3423799657895,117.263610690832,176.588645935059,133.819260389647,117.141169545348,141.858959589778,64.7806776679267,132.255217344241,217.066184997559,111.839485630845,187.882564544678,144.398755146907,113.328985850016,106.594935432809,186.11307558806,0,197.045444488525,125.96094613824,111.817542427465,93.9825186729431,132.459818637732,94.3956365136007,0,180.758095150902,161.928892424612,110.958172341835,143.416318458847,113.405277858445,191.295181274414,181.720068359375,124.881870269775,129.71207301664
136.270248413086,20.4196492369159,108.856104278564,29.6344774651249,152.362480163574,81.9034322102865,177.984306335449,147.851567586263,103.920253481184,104.786449338952,154.674434661865,31.8553098045982,104.102745056152,14.3249489432906,114.153063297272,138.155400202825,102.922540937151,72.0831327438354,48.6614429880432,49.269155040864,114.520334243774,109.473832448324,62.2268425657394,116.515042304993,113.596622075175,7.54855431820814,40.5294750390621,22.2166788066933,121.963806152344,77.4391519052011,134.745297171853,40.4545312183244,74.7199724370783,113.292877197266,51.9647221125609,0,75.2828534444173,247.476303100586,92.3433789704975,0,0,0,182.305236816406,0,144.684617996216,0,76.9026426409112,0,60.1873058766045,171.479131062826,170.271636962891,0,145.100659688314,77.1113447570801,92.8462086632138,0,0,100.840349833171,0,168.705938720703,55.6147265588084,70.7997404494376,67.9010715073946,185.513732910156,0,179.601364135742,73.9219949580421,0,0,104.992831303523
109.704483493062,45.5408189797173,25.9595272821514,45.7102730937322,141.081727345785,95.2757225036621,144.834570913604,117.268443888557,134.978417290582,124.211961851647,130.303182156881,28.0416025212325,169.548080444336,30.0376353677537,132.747296395781,163.705358505249,116.010114980298,35.7695852825103,30.1995380814731,28.3402794404284,164.403162638346,92.4538656183191,83.836870863631,59.5560449497812,128.030013044729,40.5294750390621,14.0705374640618,33.8263970811104,121.567537961122,105.60671877861,100.869307928604,27.2207555166721,127.352797826131,95.1725703648159,58.8285650733822,170.152563476563,110.367668151855,102.140748785646,80.9866785199455,0,0,206.833656311035,171.83625793457,213.245132446289,153.183887481689,211.383541870117,112.8900025177,0,91.7604282881862,191.838943481445,0,143.978234291077,107.79432707109,102.930978196391,99.5966218489477,0,142.846878577923,118.30838394165,130.153905854402,179.525631332397,100.122273006955,91.8361238648432,96.9110608959893,195.294762420654,173.485261099679,164.510039236031,111.633674059416,127.320655822754,164.624160766602,109.551854245803
116.485871001213,32.183512767528,28.8666314886672,42.4232039295508,132.285890102386,154.981357574463,149.948623227402,106.054292022345,138.754191711169,119.030534335145,125.821264143913,62.3714037442458,145.157155990601,24.6423908843628,143.048271296876,152.819723649458,32.9218740792041,69.6976400279171,62.0512334140438,63.9271205639437,141.321738243103,64.3133091571483,36.9028964203172,40.1694720153514,92.21832444846,22.2166788066933,33.8263970811104,14.8027295034413,78.5217029390232,118.902544554207,103.864790067151,24.2382781061885,114.397928619385,103.884834647179,67.4180649615169,180.057675529929,116.385500066421,98.7014291231749,68.3863663427609,205.231006622314,0,195.567459106445,166.760189111682,191.256374359131,159.162145614624,188.840387616839,110.827925741261,178.966575622559,92.4953711706263,195.737607209579,0,103.751812495742,115.306466950075,106.29597918718,105.039294948423,196.246520996094,123.036073568593,63.6350090945209,106.461242702532,152.550924036625,102.626034206814,96.1739236994794,99.9241932240518,150.780145739833,176.215305805206,147.595739856209,109.785100770228,0,168.807778676351,115.132388353348
74.9707769196609,95.2242229747123,91.9814552452132,60.7964037799195,17.51569549115,137.269729614258,72.7027621636024,31.7591298514084,81.3396720272057,47.7895507659197,36.2315512045924,156.216485830454,44.9254618961996,148.646407494178,95.1550599790216,75.4814682006836,34.9265605755773,118.693283989316,137.905279541016,139.453825143667,27.3465430474769,33.2283583520344,55.1674345589726,61.7728518575384,16.1979139585905,121.963806152344,121.567537961122,78.5217029390232,11.3818835451239,77.2783825979416,35.6243706701083,158.57964070638,132.534340381622,62.1266974164294,75.3167088042888,130.239057100736,145.283432006836,157.282202885069,70.2775684809776,127.572966978285,206.568649291992,147.77772831713,122.546660597479,155.230404550058,83.3558159263766,146.314964647131,229.125747680664,97.8162944453537,0,151.157669265036,126.491723632812,110.971269714355,172.891445922852,0,194.28163655599,143.9739372947,117.349569564475,99.8546249389648,133.25894023754,107.554191797402,0,188.110913594564,151.010211672102,120.699964279247,144.927399438003,115.75517292412,0,205.262237548828,120.799019122946,136.776208704168
17.6863643769492,115.266028546272,105.534946659439,85.501412115097,95.2829375747562,25.965531823164,66.1714322320086,59.7735067952637,44.3278049670964,69.2590030821243,90.9915376621034,60.6146237296516,93.8726057160435,70.0456179176889,27.601698325869,60.2743483632803,103.299114061439,91.1140095826351,87.0466535671337,99.3233152953873,102.307473452586,23.9969058636206,88.0893321250802,77.6990789465533,78.0715320988228,77.4391519052011,105.60671877861,118.902544554207,77.2783825979416,11.4102153046364,28.1627162450159,104.915839195251,10.8670081432384,17.0646952511477,31.5515456082758,144.910692850749,143.42333984375,161.555260658264,92.1226880614822,146.325862226815,162.574203491211,168.447266798753,134.195331011632,176.805710928781,98.8681371688843,161.83596830368,234.681030273438,128.777225748698,141.162559509277,164.786943647597,0,140.780723571777,179.222290039062,218.609985351562,175.048924037388,187.71083984375,138.291131239671,143.299204508464,158.241435889042,125.544632273963,0,173.592442964253,158.379948570615,132.289438122144,156.350110244751,128.884275356928,0,0,146.97079745206,151.341060716279
34.2777435427579,103.097653727378,86.9457869730906,62.4614255718283,85.6926356421577,112.057855606079,93.8843794485823,27.4892373112201,70.1220748365523,56.9499939542238,69.5667602810639,121.83199264064,122.642038133409,149.101533253988,68.7688528424978,90.7048433091905,72.8472134134044,73.7017722097962,121.078238677979,97.3167072006419,95.4940423965454,28.0719478396104,63.5550745836461,57.2557459818734,66.978298772606,134.745297171853,100.869307928604,103.864790067151,35.6243706701083,28.1627162450159,11.0903003829367,174.168975830078,121.190512657166,28.8126829399492,44.0753905633967,140.260074517666,0,152.859508991241,75.3361452022069,132.86348385281,0,159.146154615614,125.517529081791,153.75845276682,74.5508355882433,158.28746907304,0,164.070927937826,0,149.496638379778,161.718048095703,113.176799674656,178.713898468018,0,190.346397399902,143.336486816406,119.424130141735,103.29432144165,137.485839111328,109.540441000732,0,178.840727233887,155.316532188738,116.526472506316,139.676334772355,117.909749497854,0,0,115.393814780495,133.048668389571
0,68.4746547426496,102.769511222839,67.1209927183209,192.253753662109,0,0,179.796073913574,134.567533493042,137.904258728027,179.950485229492,44.6923925193626,164.735824584961,12.5027884231449,113.688749694824,190.406066894531,0,91.9886877271864,57.6126498493475,66.6631325411509,0,156.748728434245,110.275088840061,140.904022216797,147.222244262695,40.4545312183244,27.2207555166721,24.2382781061885,158.57964070638,104.915839195251,174.168975830078,6.10155006713359,106.983978271484,0,74.9137339937514,190.845855712891,123.495195007324,138.757537841797,134.403715515137,0,0,0,0,0,167.126708984375,0,111.082140276509,0,96.2649692002163,0,0,172.133071899414,126.928001403809,105.016660081579,113.357257843018,0,204.503051757812,133.121170043945,186.182907104492,230.734161376953,96.0005493164062,99.5423958310474,102.17996384641,0,0,0,103.318659136372,0,0,127.372018814087
85.8309730529785,0,179.856073552912,138.462745666504,123.321586608887,11.5279942268798,14.9883275868854,124.244113731384,20.1904437157937,93.9420291355678,118.812833241054,67.5818751695994,107.179075998803,76.1638487035578,14.4360499178695,35.0902052033419,0,170.023895263672,85.5521151224772,90.2633171081543,131.309912363688,114.451685587565,0,168.318344116211,138.0949122111,74.7199724370783,127.352797826131,114.397928619385,132.534340381622,10.8670081432384,121.190512657166,106.983978271484,4.82984994120402,78.0813140869141,34.1142496359153,0,0,0,0,0,0,0,194.959564208984,211.689178466797,0,224.637298583984,0,0,0,228.156127929688,0,0,0,0,0,0,0,0,0,199.989863077799,0,134.381866455078,143.579681396484,206.276840209961,0,195.877502441406,0,0,0,0
57.3237984698752,108.191486358643,98.0526685714722,69.6725948878697,80.1214555104574,0,92.0507659912109,63.1131971418395,96.1080167497907,52.5950695564007,81.156595102946,106.381721496582,0,0,56.8871265776614,104.753936767578,81.7132629394531,71.4479264639766,108.348192003038,84.8189060211182,119.675369262695,48.382237017624,72.2150944073995,59.1949098250445,66.1401795532744,113.292877197266,95.1725703648159,103.884834647179,62.1266974164294,17.0646952511477,28.8126829399492,0,78.0813140869141,8.62622207164048,31.802540497998,137.935492379325,204.645095825195,233.727630615234,84.4853724429482,0,0,192.932929992676,121.979611143774,160.965217590332,68.6376028060913,167.981430053711,0,138.508071899414,0,151.7697362264,0,100.373292922974,155.521072387695,0,158.139541625977,0,135.908147539411,133.774475097656,157.623573303223,114.326180568961,0,150.761260986328,147.202337900798,117.181855746678,151.06657409668,117.642711986195,0,0,129.352874755859,138.613084411621
68.7089173066701,54.4784663211425,58.7820735821848,61.9245275426794,99.0616121292114,32.5591804656115,65.8095629547753,83.1929727726845,60.6818342344859,97.4418728973555,91.3491349945562,30.2991199434607,89.519764561807,51.3514453361393,56.694802774733,87.6950475252592,82.8179284520896,37.2974852659179,48.462022858697,36.4026180347764,103.51561077221,38.1575746771308,70.3605475312188,44.2492503861559,87.1248339878694,51.9647221125609,58.8285650733822,67.4180649615169,75.3167088042888,31.5515456082758,44.0753905633967,74.9137339937514,34.1142496359153,31.802540497998,11.3856016865127,150.912225087484,120.971189498901,110.520543924967,83.7522706582513,0,0,173.549468994141,141.635662708468,183.116018295288,97.1609266371954,182.784203529358,146.270678593562,220.631408691406,102.142735407903,170.904729989859,0,123.023246049881,119.71094555325,129.149660181116,119.070511653506,204.328140258789,132.597453573476,86.5999031066895,127.18352435884,126.917513979074,109.672105407715,111.53068035841,112.56622558811,135.424696990422,162.574982587029,132.440122847124,125.792579650879,0,161.74796295166,128.217647411205
158.915451049805,0,156.833374023438,99.8822309970856,172.666931152344,0,164.033359527588,139.091780253819,149.559911092122,85.6313629150391,165.032653808594,236.960922241211,0,227.645126342773,169.251444498698,166.972717285156,116.775932312012,204.450584411621,0,0,0,136.066710335868,0,153.42084757487,131.58935101827,0,170.152563476563,180.057675529929,130.239057100736,144.910692850749,140.260074517666,190.845855712891,0,137.935492379325,150.912225087484,10.4985107338794,133.914685058594,119.792589606968,78.4283714294434,105.98368560791,70.9616012573242,89.8907348452591,33.2837523898236,45.8149940362617,69.8182185116936,76.7912787653736,131.977272542318,88.9015051034781,171.286702473958,17.6903552100641,71.4828114509583,103.177097197502,111.079207522198,148.110556030273,130.799417453342,102.304977416992,81.4467064197247,89.7184203011649,101.433086376746,81.137577566003,233.407623291016,127.392581527298,132.103084546948,82.5243141454294,19.0725412088026,27.2979270365252,159.401699829102,87.5963472065173,49.6717038577116,72.2482094472768
0,0,108.974164326986,72.8416724886213,0,0,0,0,0,133.818599700928,0,108.97349395752,0,101.257995910645,172.853713989258,0,0,125.968119303385,129.003708430699,107.50209236145,0,131.432735443115,73.8125305175781,138.136312484741,144.44770304362,75.2828534444173,110.367668151855,116.385500066421,145.283432006836,143.42333984375,0,123.495195007324,0,204.645095825195,120.971189498901,133.914685058594,8.14341758302352,40.5472630368003,18.0119909364873,102.132755279541,0,115.470825195312,126.532713753836,121.275815327962,69.6353808970767,135.865180969238,59.5435407827566,107.854015350342,46.8170527823984,154.224004745483,103.312409718831,49.6942416815449,65.4260755299094,86.8943181355794,73.8895949488101,0,84.8008275713239,19.4035900212516,67.0268631337959,77.6348867977367,19.5081265817401,52.4998927908722,30.8287570031961,97.314047451677,124.452528635661,111.531655883789,67.2085281213125,0,116.695693969727,70.3091630374684
174.678642272949,140.357164001465,95.2698446131464,62.5581533601969,0,0,0,172.92226911846,203.281312942505,144.08065032959,179.547260284424,160.428810119629,0,0,170.062433878581,0,111.542070388794,112.86656036377,160.715738932292,124.154460362026,0,139.519518235151,76.0574619293213,105.743711312612,170.674352773031,247.476303100586,102.140748785646,98.7014291231749,157.282202885069,161.555260658264,152.859508991241,138.757537841797,0,233.727630615234,110.520543924967,119.792589606968,40.5472630368003,14.1077510502228,44.3463453921555,146.993026733398,182.80428314209,142.120273180244,100.95556931763,132.072420120239,107.611336036965,122.036814731949,105.274664719899,163.603014628092,101.524402073451,128.8587159838,158.241271972656,83.9794571740287,44.0287029059554,88.5423067996376,67.8992436080143,157.444165547689,65.4787659297804,46.9529465392045,34.794872812367,105.448360517367,0,31.0432569914113,34.3719359581872,93.3665006379158,137.184971354558,96.1546733782368,95.1958499484592,181.202022007533,116.296355692546,73.3990632896749
93.9364624023438,93.2072359720866,65.6504297006443,33.9402194670423,76.5372886657715,156.355514526367,94.9454303609914,78.2759252742013,92.41465247018,43.1164290973118,104.923715923143,107.131737709045,97.0453948974609,99.8874792801706,103.900536481072,0,65.598196222541,84.4429861704509,120.163507461548,94.0259768168132,92.7727236066546,67.1088299410684,62.8096840802361,76.8698684128237,62.3423799657895,92.3433789704975,80.9866785199455,68.3863663427609,70.2775684809776,92.1226880614822,75.3361452022069,134.403715515137,0,84.4853724429482,83.7522706582513,78.4283714294434,18.0119909364873,44.3463453921555,36.337628047345,60.4997549865205,130.143955230713,100.243963114421,76.0307896204426,98.1205188932873,24.8178921424699,87.3514573309157,77.0089612554331,73.6689068720891,53.9740084855583,95.9032122166952,80.61471824646,38.9899183737479,58.5123815946281,77.7363806780647,61.6014525040336,102.064719200134,54.7401884103388,31.4066182129361,54.3974947946906,37.4878986455917,24.6914638856641,45.5337997449257,38.2274241049609,58.1081841248126,86.6688548354505,61.0676157043457,74.9054302509014,134.240191141764,58.1860991464534,64.2751457931211
