6.92572812987122,109.490501403809,79.7864281032396,71.0332712744862,74.0324058532715,73.8737392425537,55.716675005461,19.3942954132619,22.9139573726681,67.4052943694286,63.4883451461792,119.376427544488,91.8206062316895,0,9.60786523465324,42.8479919433594,59.6115827252788,87.8808106316461,129.084004211426,117.962745836046,70.756467183431,74.432210256887,63.4034612081884,67.5019117821264,63.7691838097951,0,106.39182169684,105.761240298931,50.5642136340866,10.7488885281721,31.7477118053304,148.18928527832,76.2892861366272,24.5038423319809,54.1651446793106,194.063369750977,0,146.00715637207,0,0,0,176.457366943359,132.576207478841,149.055717468262,76.0953640407986,147.941180419922,0,0,0,141.670902252197,0,123.161010742188,0,0,0,0,0,80.3558985392253,129.876068115234,116.342901229858,0,0,154.986358642578,127.199667710524,147.204122543335,131.555419921875,0,0,152.479156494141,150.092463175456
109.490501403809,7.11494396815572,38.7119847662905,16.469381640279,0,0,0,116.823013305664,137.325607299805,160.88818359375,131.260818481445,57.2152634881864,0,49.2438847487364,145.440235137939,0,62.9125096751194,41.3617387428596,66.5694317064787,54.1419217498214,0,71.6993769691104,21.3142136872341,59.3032484196905,79.0901444753011,21.9626957818259,35.847871769167,28.300868212558,84.1081104278564,93.026162147522,84.381448948637,63.3437167228536,0,90.7896461486816,44.8278795899145,0,42.5509967803955,68.7054479498612,58.5341186523438,0,0,0,140.757263183594,0,0,0,115.934658050537,0,103.09824625651,0,0,0,86.8051745096842,135.036556243896,109.42470741272,0,0,111.205688476562,102.170330047607,123.294456481934,66.5040102005005,93.8011967202891,79.8300468303539,110.124806722005,0,107.876823425293,0,0,0,78.1526756286621
79.7864281032396,38.7119847662905,11.1068464524113,37.3775674164621,147.60188293457,171.281448364258,110.683710871516,84.53607660532,100.093745190164,131.722076416016,101.788348689224,77.1274065441555,107.301303863525,93.7140248616536,89.7761752766774,107.682273864746,75.8215389251709,30.0154443567671,70.3673314314622,59.4634700731674,144.885452270508,48.8994190394878,41.1016181696241,19.4431046739693,80.1834008066278,74.9505844116211,16.8848297825737,24.262404824071,46.0153438672389,81.8332034165297,54.1433921188958,83.5925178527832,158.009773254395,83.7093835718491,41.6165625462378,142.953833770752,65.9999604225159,80.7692183482074,60.5205004765437,0,0,0,136.682729085286,0,139.955490112305,0,116.228480021159,0,0,169.083267211914,0,123.966354370117,98.4607249757097,131.331020355225,118.955158308441,0,116.090496063232,45.4952456802972,90.2273341224307,0,0,100.769879505552,81.5921724703577,111.573242373583,0,122.092475891113,127.230293273926,0,0,93.8365902370877
71.0332712744862,16.469381640279,37.3775674164621,29.5460186217392,84.7211959236547,111.375042597453,82.8079025069279,57.4058398505887,80.6977254990994,9.13169483757307,68.9625900479993,73.7689882667319,70.1299294588859,60.5883270826558,85.5471163592891,59.3862946828206,47.283361214241,49.4545324035142,78.1351362554039,60.9190793322093,99.890157362994,45.6877514065887,19.1823149691736,42.1483205847676,34.4695956218706,28.1976786210896,41.7091758910679,36.4674234922762,40.1896014910066,69.0701954025939,54.2163232349052,76.0290403163179,119.519933260404,55.7892764750743,52.0939316117472,80.774628745185,91.4688949584961,60.563848816188,13.1765796526058,108.561950683594,0,92.356362286736,61.6929294307057,96.189115524292,51.9096307754517,87.197336397673,65.60032081604,88.1558151245117,115.126396179199,86.7586140950521,82.7384414672852,65.6878929138184,78.7442310147169,92.4902862548828,91.6529121398926,134.378314971924,79.6738967895508,17.2361824006745,55.8917785378002,51.4644333766057,36.9134290483263,65.3204450787238,54.3294166753322,58.1797763964269,99.3363854041466,69.7834234237671,121.137898763021,0,65.4941244125366,90.950844818691
74.0324058532715,0,147.60188293457,84.7211959236547,7.46942695888946,117.759404269132,75.1589898003472,36.4251418188214,79.1896569941594,33.8048973036747,16.667870210875,139.051078796387,19.2560060668636,0,96.644823720136,61.319341913859,103.50959777832,0,0,179.11540222168,11.525231236567,113.629440307617,85.8710488539476,162.025299072266,19.3629356447404,0,165.834884643555,161.799041748047,10.3109202868492,80.7050385533738,114.711462402344,0,122.924520032159,69.8499251471625,79.3221386928184,108.218470891317,0,0,76.4423904418945,6.80992231181316,0,123.770493507385,112.828718332144,141.102540449663,123.775788443429,45.6561669111252,0,48.7585078875224,0,80.6768951416016,0,114.112545013428,0,0,0,14.152681061602,0,101.295944213867,0,15.6510747752222,0,244.252304077148,0,14.5439831129054,125.63720703125,0,0,0,116.344285329183,103.760327911377
73.8737392425537,0,171.281448364258,111.375042597453,117.759404269132,7.15269115137956,13.5708915844088,96.4009840829032,21.3844511034017,93.1331405639648,97.5867801789314,61.998200458029,81.9665058983697,86.0466384887695,32.9544392824173,11.8845208206231,0,127.421905517578,204.499588012695,126.335865020752,106.580010986328,115.150825500488,99.6005121866862,124.910242716471,111.506381225586,0,94.577870686849,96.539665222168,103.027439117432,19.4243273838146,101.393589019775,0,10.2480115017598,54.4103956222534,33.5254086647325,187.987800598145,0,0,0,0,0,201.399291992188,174.34455871582,198.384409586589,115.002975463867,175.726852416992,0,0,0,185.304885864258,0,0,0,0,0,0,0,0,0,177.958435058594,0,0,182.176696777344,169.741897583008,185.618967692057,160.782928466797,0,0,0,191.42308807373
55.716675005461,0,110.683710871516,82.8079025069279,75.1589898003472,13.5708915844088,7.73557786023645,44.4088012322847,16.4260693452608,66.5820812834907,21.6100407664382,64.4081439625133,12.4193468951291,84.2197875976562,31.9431232614636,10.6181393710018,81.6181800842285,130.922730255127,87.0982971191406,130.048540751139,45.0942231222866,112.196643829346,86.2929519437394,96.2064718766646,68.5340919398298,72.5783812204997,136.645771490079,129.625471719881,57.3017653017488,29.6967798079517,68.0918453957537,94.0414009094238,18.2178932257427,31.1931270531246,43.4195115626543,150.124233669705,0,167.07283782959,85.0330657958984,0,0,168.078811645508,135.043461935861,157.058007134332,106.300440597534,148.540468362661,102.161720275879,165.14049987793,0,165.631667073568,0,175.680198669434,230.943405151367,0,0,144.914517211914,0,88.9182977676392,166.503280639648,130.985329726647,0,179.576080322266,160.370559692383,129.254474373751,163.410393269857,136.831984202067,0,0,172.342140197754,156.004612690694
19.3942954132619,116.823013305664,84.53607660532,57.4058398505887,36.4251418188214,96.4009840829032,44.4088012322847,8.51197588159913,35.3131958851023,50.2032795949699,12.6633678550828,125.518871885357,31.7508833197264,165.127899169922,31.1316132033489,52.0709926060268,64.002132616545,116.483444387263,133.854941734901,124.114890876858,26.3214990599817,55.3601642790295,61.0522277232928,59.5396578266024,45.4408963560915,144.140213012695,99.6078671248013,82.7340256684243,24.2218364767008,33.0213209594322,14.0678881252223,145.85251159668,104.457529558454,35.2723440781483,64.46029915147,130.313121730998,0,141.04186706543,71.4380233071067,130.882033348083,0,140.89380246117,106.876916472117,139.098234436729,71.9783719380697,122.970142685364,0,131.048840761185,0,136.50117155563,0,109.686369154188,169.307510375977,0,0,144.482082366943,191.997665405273,86.0220181695346,147.133808135986,103.915471905704,0,172.133321126302,142.472771538628,106.382666343298,139.465174599299,114.029006958008,0,0,134.355882432726,131.064761290679
22.9139573726681,137.325607299805,100.093745190164,80.6977254990994,79.1896569941594,21.3844511034017,16.4260693452608,35.3131958851023,10.0272258783251,77.0670179226359,24.8797646721876,74.4002293756217,28.8095792924684,102.838524429886,12.7493651240307,21.9498838632478,78.4725748062134,120.431633615881,119.583058547974,131.455334396362,76.7648390749911,99.8420585964037,82.3773922167326,91.0933192264603,70.5683541855471,86.3152826097276,124.349770008833,120.346919013459,62.56438091522,24.4042862585985,61.0674659011653,117.615400140936,20.515982640417,50.638248376679,42.2192728063612,145.957578121087,0,160.977519989014,80.6012649536133,154.112365722656,185.888977050781,163.863120145576,129.793089294434,157.687483301703,89.7140600514966,146.602692195347,0,158.204856872559,0,155.823834469444,196.156814575195,136.734455108643,182.446216583252,0,0,167.521495819092,0,95.1188770294189,161.256335449219,127.525506770357,0,187.492977142334,154.105269295829,132.986840240226,157.184028994653,142.713194194593,0,0,149.642949422201,148.92000012207
67.4052943694286,160.88818359375,131.722076416016,9.13169483757307,33.8048973036747,93.1331405639648,66.5820812834907,50.2032795949699,77.0670179226359,7.50107375057213,60.5250419984784,132.674894332886,13.8925781838076,119.26850605011,83.8105855794213,16.2990598414917,59.1742170878819,121.048716227214,0,117.884426116943,43.1018777780755,82.7829551696777,16.6817596399982,90.1218198140462,13.4110551241876,91.443603515625,111.744562530518,90.3155382596529,34.4467510093711,64.8586209187141,51.8433858579588,114.290473937988,131.774226718479,56.7662235851019,68.442663913303,124.952917916434,0,0,28.7402651468913,0,0,113.109410603841,80.2347485351563,107.996433439709,37.1691988557577,112.141468248869,0,134.829574584961,0,124.451278686523,125.679130554199,150.348999023438,0,0,0,112.46216583252,0,65.5781378312544,147.637191772461,64.8644354078505,0,0,123.456195831299,81.3890270764315,106.269796098982,75.7794825236003,0,0,161.14705657959,122.866100311279
63.4883451461792,131.260818481445,101.788348689224,68.9625900479993,16.667870210875,97.5867801789314,21.6100407664382,12.6633678550828,24.8797646721876,60.5250419984784,8.64176616309238,123.768282341235,29.6330095666825,125.083869934082,31.3079460509565,51.8541239958543,65.8741193498884,124.720846652985,144.499603271484,130.405253092448,20.8017228301388,80.1724586486816,77.0616079711914,77.6671070185575,51.9438058126957,0,116.303638754951,102.52102463586,12.3795051096588,73.8112231310142,50.770296264113,180.65202331543,106.929435403006,60.4413339573404,75.9861033697264,138.898803541395,0,165.557815551758,75.8053884506226,147.701629638672,186.269027709961,148.613706021696,114.284828367687,144.921292572021,79.4184646606445,133.505748715021,0,137.334376525879,0,151.361606343587,162.882176717122,149.332481384277,0,0,0,141.839517593384,0,91.863505970348,172.050918579102,115.108875610352,0,183.745020548503,151.273834228516,115.523580940606,150.243136723836,135.923122752797,0,0,144.656173706055,144.681564331055
119.376427544488,57.2152634881864,77.1274065441555,73.7689882667319,139.051078796387,61.998200458029,64.4081439625133,125.518871885357,74.4002293756217,132.674894332886,123.768282341235,8.43982354561105,144.638578414917,12.1673156683919,71.3622395508271,69.5280158996582,128.92141494751,41.5564283265008,13.5495167012128,21.1948495934246,131.016512552897,78.3903285435268,90.6648899881463,84.7409072603498,139.923545837402,27.3150926658854,20.5774922338669,45.7554099848357,120.056771737558,58.6420605639194,96.6453732252121,25.089722350992,69.0773774816635,105.319913864136,28.9029404915946,0,111.26097869873,129.404067993164,47.1702072377108,0,0,0,213.538345336914,242.834106445312,0,0,77.9233739230098,0,74.9836047647993,0,0,0,145.331176757812,87.8353245511968,96.0325052597943,0,181.517028808594,142.19194984436,0,0,59.4873577020107,86.9950034530075,84.7849561184813,170.402328491211,0,157.871932983398,84.1962386821878,0,185.826019287109,145.185016087123
91.8206062316895,0,107.301303863525,70.1299294588859,19.2560060668636,81.9665058983697,12.4193468951291,31.7508833197264,28.8095792924684,13.8925781838076,29.6330095666825,144.638578414917,7.44141495053169,0,88.922422170639,8.6039318651727,0,135.148223876953,0,138.521362304688,12.2817873952713,78.7875722249349,87.9803237915039,86.7067489624023,18.432497708404,0,119.794416155134,109.949807303292,31.4130385896593,78.8842648355584,69.8567652021136,0,99.6187540690104,71.8143340216743,78.8143356215786,136.376834869385,0,165.233428955078,0,37.5268287658691,0,110.089498901367,121.855060577393,150.589582589956,112.415102640788,74.0923882508889,0,5.80638399660695,0,148.52880859375,0,128.203685760498,0,0,0,13.9907637323652,0,0,0,77.706897388805,0,0,0,114.497478961945,138.858239310128,0,0,195.5693359375,0,139.391627841526
0,49.2438847487364,93.7140248616536,60.5883270826558,0,86.0466384887695,84.2197875976562,165.127899169922,102.838524429886,119.26850605011,125.083869934082,12.1673156683919,0,7.08770266862472,87.2798621885238,0,117.677551616322,82.4974168630747,47.4947572319428,56.7921050781899,171.209350585938,132.140838623047,85.4964550100144,115.29869333903,161.48690032959,15.9391664495779,20.7271333801637,29.2300560112619,134.173446655273,86.6473735686271,130.179647445679,11.3667539852936,87.6096120198568,0,57.5783491597592,161.81282043457,0,118.547294616699,50.7678755866157,0,0,0,0,0,0,0,83.6854736748643,0,79.5382294990647,200.798248291016,0,0,123.57893371582,90.2516995446157,98.4987790291769,0,0,100.976272583008,131.163234710693,161.432189941406,61.7647803447865,86.3390251273539,81.8177408718791,0,0,129.113464355469,93.1836995576557,0,0,112.977546691895
9.60786523465324,145.440235137939,89.7761752766774,85.5471163592891,96.644823720136,32.9544392824173,31.9431232614636,31.1316132033489,12.7493651240307,83.8105855794213,31.3079460509565,71.3622395508271,88.922422170639,87.2798621885238,8.42755202949467,30.3061075754116,75.3283677534624,107.684028779307,114.521879973235,123.974940973487,92.0151445173448,91.1907637278239,80.4253396701403,81.2357174390322,79.1384780998517,88.113362121582,116.810177141141,119.07821735969,69.8102344786474,18.5085033419767,47.4853079195484,119.217931111654,25.8456173876827,29.4871763458195,41.8738833669428,153.944705200195,117.660827636719,154.499979654948,134.547782897949,0,210.783981323242,170.48302883572,145.168190002441,174.641509233895,101.013050994873,169.044687747955,154.549697875977,189.865386962891,0,170.686844398235,158.689392089844,0,157.761978149414,175.2294921875,0,157.226211547852,0,101.182518005371,154.31830406189,147.812419289037,0,185.586334228516,157.870344308706,137.850873227979,165.48376048695,146.164376152886,0,173.103363037109,161.528067588806,163.954822998047
42.8479919433594,0,107.682273864746,59.3862946828206,61.319341913859,11.8845208206231,10.6181393710018,52.0709926060268,21.9498838632478,16.2990598414917,51.8541239958543,69.5280158996582,8.6039318651727,0,30.3061075754116,6.24738915544925,62.1838607788086,142.015274047852,0,156.844268798828,63.7004077288569,0,60.3237706964666,105.398994445801,33.8164167274423,0,135.272824605306,121.555904388428,55.9381759383462,19.3440798260518,63.7726493248573,0,42.0873969563267,17.2510652284364,29.0985126784354,0,0,0,34.6411781311035,0,0,155.715225219727,159.905120849609,169.986978149414,47.5386695861816,0,0,0,0,165.481246948242,0,0,0,0,0,0,0,0,0,102.473205566406,0,0,206.739791870117,106.537673950195,159.531133015951,0,0,0,0,144.441528320312
59.6115827252788,62.9125096751194,75.8215389251709,47.283361214241,103.50959777832,0,81.6181800842285,64.002132616545,78.4725748062134,59.1742170878819,65.8741193498884,128.92141494751,0,117.677551616322,75.3283677534624,62.1838607788086,10.2844789531857,88.8009772745768,116.481182098389,111.714630635579,0,13.4545088174411,33.9377689335201,10.9307019918368,22.9420210248981,107.386391321818,80.5895327853385,33.7516977758792,31.1826762949357,50.0414748009835,40.0559146313267,129.050527954102,126.117088317871,39.1955834591027,60.246769726487,125.961845397949,0,108.3195507343,100.954660415649,148.55305480957,0,0,0,163.801162719727,105.365249633789,139.830780029297,0,169.333572387695,177.177581787109,0,0,0,137.198838806152,0,139.54564666748,0,0,70.6179773933009,98.8341507684617,83.1413497924805,0,130.771975348977,112.509772356819,81.786792755127,115.741851806641,163.151203155518,0,0,0,140.846135457357
87.8808106316461,41.3617387428596,30.0154443567671,49.4545324035142,0,127.421905517578,130.922730255127,116.483444387263,120.431633615881,121.048716227214,124.720846652985,41.5564283265008,135.148223876953,82.4974168630747,107.684028779307,142.015274047852,88.8009772745768,8.8184217749127,45.32611894941,18.4242800131053,174.137908935547,35.9345908324834,76.763928262811,14.9574772764414,98.3245559692383,61.5112578448127,21.7715906922122,46.3088370947662,83.7360924243927,79.7974083407613,60.9799592899826,81.3008193969727,134.644874572754,84.8056148952908,35.1218646947911,182.690437316895,92.3030014038086,91.5052469817685,61.1344386318274,0,0,0,0,0,0,0,131.720069885254,0,0,141.086303710938,0,154.475219726562,107.131026595386,128.062149047852,118.732934096764,0,105.415664672852,77.1807819713246,109.933667403001,0,78.5872325897217,97.1417351558291,91.974587415488,124.832458496094,0,153.379389444987,137.349594116211,0,0,118.184505208333
129.084004211426,66.5694317064787,70.3673314314622,78.1351362554039,0,204.499588012695,87.0982971191406,133.854941734901,119.583058547974,0,144.499603271484,13.5495167012128,0,47.4947572319428,114.521879973235,0,116.481182098389,45.32611894941,5.56493681381376,13.1077738189558,0,83.5711199442546,99.829731790643,89.7347371237619,127.622871398926,38.2487315207805,23.7200031446951,52.1524470985012,111.192619655443,98.517344292174,107.311965397426,44.4059692027598,90.267399597168,115.521118164062,51.9875558033082,0,0,97.1089019775391,61.1416773796082,0,0,0,0,0,163.028503417969,0,81.6389534690163,0,84.2810466990751,0,0,0,144.326614379883,94.492431640625,107.193757277269,0,0,0,0,0,65.123191016061,93.0060965355406,87.9986865135931,0,192.669174194336,162.359008789062,99.8774215698242,0,0,0
117.962745836046,54.1419217498214,59.4634700731674,60.9190793322093,179.11540222168,126.335865020752,130.048540751139,124.114890876858,131.455334396362,117.884426116943,130.405253092448,21.1948495934246,138.521362304688,56.7921050781899,123.974940973487,156.844268798828,111.714630635579,18.4242800131053,13.1077738189558,8.46627904381265,0,67.4280821607004,95.0938387075182,66.9570327276471,128.535395050049,42.7277581641015,24.6373497544118,55.7013356231923,97.2774841112968,101.798205148902,90.9165959846316,54.1453780032801,105.544860839844,110.959140777588,36.0990657994557,213.939407348633,0,110.72124077292,66.7796505637791,0,0,224.114074707031,176.104553222656,0,0,0,119.30997543335,0,89.6030545915876,0,0,0,116.042360305786,108.582270812988,107.297402402188,0,0,140.747634887695,138.532739257812,0,69.5652408084354,95.9600503264355,91.4961632151663,162.349578857422,0,156.404312133789,98.1091969807943,0,0,127.899620056152
70.756467183431,0,144.885452270508,99.890157362994,11.525231236567,106.580010986328,45.0942231222866,26.3214990599817,76.7648390749911,43.1018777780755,20.8017228301388,131.016512552897,12.2817873952713,171.209350585938,92.0151445173448,63.7004077288569,0,174.137908935547,0,0,10.8098062753662,125.7580909729,113.462484359741,154.650825500488,19.9384165468518,0,148.600448608398,122.569122314453,17.7452493251299,80.8666765596474,122.922991434733,170.781692504883,115.646097717285,70.330653326852,81.2809249632949,0,0,0,0,5.05607175827026,0,165.491195678711,148.623889923096,0,154.983955383301,127.557388305664,0,6.72800617218018,0,0,0,0,0,0,0,0,0,126.404693603516,0,122.159370422363,0,0,0,121.387772369385,165.240905761719,0,0,0,0,142.732360839844
74.432210256887,71.6993769691104,48.8994190394878,45.6877514065887,113.629440307617,115.150825500488,112.196643829346,55.3601642790295,99.8420585964037,82.7829551696777,80.1724586486816,78.3903285435268,78.7875722249349,132.140838623047,91.1907637278239,0,13.4545088174411,35.9345908324834,83.5711199442546,67.4280821607004,125.7580909729,7.8016294283272,36.9484567342314,20.5404794002681,11.4755484978421,99.2524394989014,76.3510691514656,56.6860576542219,13.6028412264619,59.3358022271692,18.2768310628151,0,0,44.4758392042584,32.2159071960296,200.333969116211,0,105.97576379776,72.7118428548177,0,0,135.258377075195,130.070709228516,0,0,0,0,0,0,0,0,0,136.767424265544,0,0,0,0,63.8695617386057,107.368066067166,83.1389923095703,0,132.757099151611,105.519964356353,103.795196533203,114.781633377075,0,0,0,90.961669921875,115.668376922607
63.4034612081884,21.3142136872341,41.1016181696241,19.1823149691736,85.8710488539476,99.6005121866862,86.2929519437394,61.0522277232928,82.3773922167326,16.6817596399982,77.0616079711914,90.6648899881463,87.9803237915039,85.4964550100144,80.4253396701403,60.3237706964666,33.9377689335201,76.763928262811,99.829731790643,95.0938387075182,113.462484359741,36.9484567342314,6.82526300112612,37.8503237291098,11.630458350232,69.5877480078889,74.7449736227429,43.3441371589773,35.0746618290495,55.9709030236612,47.8265165127336,97.3122921324613,117.596436240456,48.5849303878116,59.7943885353174,151.969394683838,102.541076660156,51.734342056772,63.9299208777291,0,0,98.3395500183105,79.3054633140564,81.9695892333984,66.083044052124,105.517588806152,134.856137593587,0,147.090021769206,115.530864715576,0,0,118.559923905593,130.763684590658,130.428387959798,0,0,8.36002140920519,53.0986500605484,68.3199601784731,108.721380869548,129.864677082409,52.3949757700097,74.4330364465714,100.324944972992,83.2035884857178,175.963150024414,0,101.816722869873,100.251688957214
67.5019117821264,59.3032484196905,19.4431046739693,42.1483205847676,162.025299072266,124.910242716471,96.2064718766646,59.5396578266024,91.0933192264603,90.1218198140462,77.6671070185575,84.7409072603498,86.7067489624023,115.29869333903,81.2357174390322,105.398994445801,10.9307019918368,14.9574772764414,89.7347371237619,66.9570327276471,154.650825500488,20.5404794002681,37.8503237291098,12.4558897779186,42.335709914116,106.301406860352,49.5710015501467,32.3728980057692,22.4073078367245,65.1860004732801,32.9899434675013,118.376590183803,128.763645717076,56.9583569823718,38.0278566704655,158.530176798503,77.6296463012695,89.6681613095499,63.6071198781331,0,0,0,136.206880187988,179.774047851562,65.0289001464844,160.246673583984,138.364842732747,0,0,142.29449005127,0,103.385916276412,108.383019324576,142.120544433594,129.698554992676,186.904067993164,112.273428483443,55.0209753745132,94.0749264690075,133.025881449382,0,120.256629716105,86.4421089217508,119.45862132747,155.22412109375,91.8758163452148,0,0,167.246704101562,102.748306839554
63.7691838097951,79.0901444753011,80.1834008066278,34.4695956218706,19.3629356447404,111.506381225586,68.5340919398298,45.4408963560915,70.5683541855471,13.4110551241876,51.9438058126957,139.923545837402,18.432497708404,161.48690032959,79.1384780998517,33.8164167274423,22.9420210248981,98.3245559692383,127.622871398926,128.535395050049,19.9384165468518,11.4755484978421,11.630458350232,42.335709914116,7.82056421229615,141.996465682983,92.1473992718153,62.9627408897299,13.8627954161467,58.5260773985474,47.1784184333452,156.76545715332,108.643290006197,51.0510522587635,64.6080415295016,114.112058585031,0,146.349019731794,40.1273589910463,120.187267303467,0,123.034467424665,80.0620195459436,124.300282013722,53.1152716931843,101.823071398766,0,104.345067596436,0,123.294802529471,0,84.6254730224609,152.35962677002,0,0,123.320482889811,0,63.0622181959555,125.081472396851,69.8816112729912,0,152.699855804443,126.827898661296,80.9405997790762,134.131075459142,102.575518608093,0,0,119.638400607639,124.287711096592
0,21.9626957818259,74.9505844116211,28.1976786210896,0,0,72.5783812204997,144.140213012695,86.3152826097276,91.443603515625,0,27.3150926658854,0,15.9391664495779,88.113362121582,0,107.386391321818,61.5112578448127,38.2487315207805,42.7277581641015,0,99.2524394989014,69.5877480078889,106.301406860352,141.996465682983,9.65166594040807,38.9584547328864,27.8637924785731,129.591944376628,80.8754325866699,108.746967315674,43.0538589970166,81.3797637939453,0,47.416791753566,0,0,78.2732391357422,28.9613035540038,0,0,0,0,0,0,0,74.65005305556,0,63.3155857296441,0,0,0,119.256896972656,69.7198711048473,74.5026471109101,0,0,94.3093528747559,0,0,35.2013758718967,63.2293005450019,57.8204093553402,0,0,128.376314798991,72.4514836957378,0,0,75.2808952331543
106.39182169684,35.847871769167,16.8848297825737,41.7091758910679,165.834884643555,94.577870686849,136.645771490079,99.6078671248013,124.349770008833,111.744562530518,116.303638754951,20.5774922338669,119.794416155134,20.7271333801637,116.810177141141,135.272824605306,80.5895327853385,21.7715906922122,23.7200031446951,24.6373497544118,148.600448608398,76.3510691514656,74.7449736227429,49.5710015501467,92.1473992718153,38.9584547328864,11.1447839612057,20.8779075388093,75.1766279513693,100.549308690376,83.1868911972342,16.8816824116884,122.225989341736,115.541568153783,43.5692895087758,166.105415344238,109.690626144409,85.1502977799396,51.897257715678,0,0,198.360275268555,182.719085693359,238.912063598633,0,215.488159179688,94.8400568644206,0,87.5039574453764,0,0,0,97.6762685188185,95.0176249912807,103.048510324795,0,0,87.8853534698486,112.303096098058,188.446258544922,62.1808268229167,88.2917840110845,83.0616677925583,132.800053187779,172.56462097168,131.5885887146,97.5591585371229,0,0,97.328074614207
105.761240298931,28.300868212558,24.262404824071,36.4674234922762,161.799041748047,96.539665222168,129.625471719881,82.7340256684243,120.346919013459,90.3155382596529,102.52102463586,45.7554099848357,109.949807303292,29.2300560112619,119.07821735969,121.555904388428,33.7516977758792,46.3088370947662,52.1524470985012,55.7013356231923,122.569122314453,56.6860576542219,43.3441371589773,32.3728980057692,62.9627408897299,27.8637924785731,20.8779075388093,10.9085296061907,63.0420803790326,99.6687034814536,81.782879117169,26.4691857603662,164.299747043186,95.9353329340617,49.5602400941364,162.626197814941,67.9580135345459,80.6207211875109,53.3548107604458,0,0,195.906890869141,147.621398925781,156.502212524414,104.613956451416,164.176879882812,104.62358891964,0,95.5094884143156,182.927057902018,0,99.9448120810769,97.0955509623966,103.39752537654,103.892431568896,0,126.237098693848,47.7951655076071,88.5010758829015,150.183961486816,65.5222201620697,92.287657222785,80.99852184146,117.768929438805,0,147.477197435167,109.36259066674,0,189.000198364258,100.077720858016
50.5642136340866,84.1081104278564,46.0153438672389,40.1896014910066,10.3109202868492,103.027439117432,57.3017653017488,24.2218364767008,62.56438091522,34.4467510093711,12.3795051096588,120.056771737558,31.4130385896593,134.173446655273,69.8102344786474,55.9381759383462,31.1826762949357,83.7360924243927,111.192619655443,97.2774841112968,17.7452493251299,13.6028412264619,35.0746618290495,22.4073078367245,13.8627954161467,129.591944376628,75.1766279513693,63.0420803790326,8.69310117066479,56.4093062818223,24.9010346541791,137.732637405396,109.519740929764,44.3633415907816,60.2482907781341,115.758964170259,96.1877288818359,120.048121525691,50.0079488481794,126.433282118577,162.585258483887,125.11986737135,87.9770515095932,127.069784655542,62.9222394680155,109.281245237601,0,120.787163399361,0,123.297903060913,129.16015625,93.4457717895508,146.427398681641,0,171.817029680525,120.755843811035,108.136642456055,61.7144150532467,121.220949445452,82.6147415549514,0,136.047966003418,129.020164489746,87.6331849640919,126.403308328956,104.168852567673,0,190.744522094727,117.003913260795,119.031457506377
10.7488885281721,93.026162147522,81.8332034165297,69.0701954025939,80.7050385533738,19.4243273838146,29.6967798079517,33.0213209594322,24.4042862585985,64.8586209187141,73.8112231310142,58.6420605639194,78.8842648355584,86.6473735686271,18.5085033419767,19.3440798260518,50.0414748009835,79.7974083407613,98.517344292174,101.798205148902,80.8666765596474,59.3358022271692,55.9709030236612,65.1860004732801,58.5260773985474,80.8754325866699,100.549308690376,99.6687034814536,56.4093062818223,8.28593431290386,24.7863024741864,87.5237067086356,11.2907808777327,14.5899039376727,24.8378460242599,154.891245292895,0,139.328742218018,0,132.286590576172,0,160.67437165359,132.224288092719,156.173891316289,92.8150946299235,152.051672078795,96.3411254882812,172.122123718262,114.136279296875,146.79386973381,0,113.075553894043,161.061065673828,0,190.909362792969,161.590591430664,0,75.4793949956479,120.904081344604,132.996865567294,0,145.513885498047,144.261833190918,118.582074652778,144.932821986187,142.476353327433,0,0,159.860565185547,145.986420238719
31.7477118053304,84.381448948637,54.1433921188958,54.2163232349052,114.711462402344,101.393589019775,68.0918453957537,14.0678881252223,61.0674659011653,51.8433858579588,50.770296264113,96.6453732252121,69.8567652021136,130.179647445679,47.4853079195484,63.7726493248573,40.0559146313267,60.9799592899826,107.311965397426,90.9165959846316,122.922991434733,18.2768310628151,47.8265165127336,32.9899434675013,47.1784184333452,108.746967315674,83.1868911972342,81.782879117169,24.9010346541791,24.7863024741864,8.86676201800157,124.59376335144,109.606674466814,12.9863804069103,33.7658755939938,121.500232696533,0,123.507336139679,82.2766036987305,0,0,142.062837219238,115.883348352769,143.806611765986,75.6820966932509,125.349551114169,0,0,0,132.036076068878,120.247489929199,104.015739440918,144.412728309631,181.716171264648,0,0,0,63.7112862904867,112.574350738525,103.852195739746,0,142.648385789659,125.146688624791,108.188736249816,131.50747291078,153.694062550863,0,0,127.297487258911,127.764653523763
148.18928527832,63.3437167228536,83.5925178527832,76.0290403163179,0,0,94.0414009094238,145.85251159668,117.615400140936,114.290473937988,180.65202331543,25.089722350992,0,11.3667539852936,119.217931111654,0,129.050527954102,81.3008193969727,44.4059692027598,54.1453780032801,170.781692504883,0,97.3122921324613,118.376590183803,156.76545715332,43.0538589970166,16.8816824116884,26.4691857603662,137.732637405396,87.5237067086356,124.59376335144,5.54517726130134,99.74072265625,0,68.2694443211411,0,126.590179443359,0,62.4534351642315,0,0,0,0,0,0,0,95.0442343139649,0,89.7261879260723,0,0,0,134.931655883789,96.7061610751682,103.872771043044,0,0,0,0,0,66.8816358947754,95.256947956388,90.6212022160909,0,0,0,99.4785631619967,0,0,125.601287841797
76.2892861366272,0,158.009773254395,119.519933260404,122.924520032159,10.2480115017598,18.2178932257427,104.457529558454,20.515982640417,131.774226718479,106.929435403006,69.0773774816635,99.6187540690104,87.6096120198568,25.8456173876827,42.0873969563267,126.117088317871,134.644874572754,90.267399597168,105.544860839844,115.646097717285,0,117.596436240456,128.763645717076,108.643290006197,81.3797637939453,122.225989341736,164.299747043186,109.519740929764,11.2907808777327,109.606674466814,99.74072265625,4.98371547779144,63.2886461111215,40.1158790974482,185.716415405273,0,0,0,213.015625,0,200.660598754883,160.380744934082,202.986862182617,118.778411865234,214.165878295898,0,200.606674194336,124.797142028809,194.029632568359,0,0,0,0,0,0,0,121.205179214478,0,197.514175415039,0,0,0,174.830360412598,186.577545166016,181.868576049805,0,0,175.569549560547,199.28382619222
24.5038423319809,90.7896461486816,83.7093835718491,55.7892764750743,69.8499251471625,54.4103956222534,31.1931270531246,35.2723440781483,50.638248376679,56.7662235851019,60.4413339573404,105.319913864136,71.8143340216743,0,29.4871763458195,17.2510652284364,39.1955834591027,84.8056148952908,115.521118164062,110.959140777588,70.330653326852,44.4758392042584,48.5849303878116,56.9583569823718,51.0510522587635,0,115.541568153783,95.9353329340617,44.3633415907816,14.5899039376727,12.9863804069103,0,63.2886461111215,6.68115416954041,17.8317019129592,129.000356234037,0,0,69.5440139770508,177.689903259277,0,143.41813744439,110.732186889648,139.014370258038,62.43385627053,136.530100141253,0,143.412384033203,0,133.406131744385,117.824592590332,123.247444152832,0,0,0,182.280242919922,0,75.854606628418,105.544166564941,111.700151616877,0,0,157.868846893311,107.587883710861,133.039586475917,122.664570617676,0,0,127.379058837891,127.840367057107
54.1651446793106,44.8278795899145,41.6165625462378,52.0939316117472,79.3221386928184,33.5254086647325,43.4195115626543,64.46029915147,42.2192728063612,68.442663913303,75.9861033697264,28.9029404915946,78.8143356215786,57.5783491597592,41.8738833669428,29.0985126784354,60.246769726487,35.1218646947911,51.9875558033082,36.0990657994557,81.2809249632949,32.2159071960296,59.7943885353174,38.0278566704655,64.6080415295016,47.416791753566,43.5692895087758,49.5602400941364,60.2482907781341,24.8378460242599,33.7658755939938,68.2694443211411,40.1158790974482,17.8317019129592,9.99704186986724,146.936101150513,80.9133758544922,90.6810678754534,73.0382744925363,145.768569946289,0,157.40543164705,141.016919877794,156.204672919379,90.0679574012756,156.102992338293,99.589719136556,172.224179077148,104.168347445401,151.604731241862,0,135.515747070312,105.106638277494,120.398399353027,132.329144564542,142.09211730957,0,63.2012903020623,99.8055687644265,138.086745689655,82.9270286560059,99.073200314544,93.0091444215818,133.174118341184,153.869851854112,137.291085379464,107.228668212891,0,146.699306488037,136.863001585007
194.063369750977,0,142.953833770752,80.774628745185,108.218470891317,187.987800598145,150.124233669705,130.313121730998,145.957578121087,124.952917916434,138.898803541395,0,136.376834869385,161.81282043457,153.944705200195,0,125.961845397949,182.690437316895,0,213.939407348633,0,200.333969116211,151.969394683838,158.530176798503,114.112058585031,0,166.105415344238,162.626197814941,115.758964170259,154.891245292895,121.500232696533,0,185.716415405273,129.000356234037,146.936101150513,7.17001301223962,101.981336593628,74.3724623310904,66.4223146194067,67.9518908785101,66.7024974822998,35.4350261380596,32.1240960981112,22.8525787601834,58.4103687622968,39.4257591939801,118.100309960636,66.0973152406754,133.984416081355,12.184778570104,40.0993296524574,44.6577157449285,89.1859804698399,115.848467910499,107.462300433711,58.1786142201184,62.4825979868571,47.6394554790966,57.2993311465071,50.1357164909696,164.791893005371,102.353168962396,100.025916851526,41.5779598517145,9.12940309483911,16.8685611768959,134.613687515259,71.9737743377686,14.3018523549351,37.8827135587646
0,42.5509967803955,65.9999604225159,91.4688949584961,0,0,0,0,0,0,0,111.26097869873,0,0,117.660827636719,0,0,92.3030014038086,0,0,0,0,102.541076660156,77.6296463012695,0,0,109.690626144409,67.9580135345459,96.1877288818359,0,0,126.590179443359,0,0,80.9133758544922,101.981336593628,5.06652116433329,31.0864469210307,5.72852149846467,0,0,171.978225708008,94.300464630127,174.900314331055,0,0,61.4202028910319,0,41.260379168452,0,0,34.4306945800781,48.785983599753,60.8408955891927,57.9978101036765,0,75.4759979248047,11.7593298100783,51.1737870176633,185.714599609375,17.5915931490499,42.8987879464537,23.6370043099003,70.1294812422532,153.763847351074,91.4280747004918,59.6543350219727,0,112.932476043701,47.7831960157915
146.00715637207,68.7054479498612,80.7692183482074,60.563848816188,0,0,167.07283782959,141.04186706543,160.977519989014,0,165.557815551758,129.404067993164,165.233428955078,118.547294616699,154.499979654948,0,108.3195507343,91.5052469817685,97.1089019775391,110.72124077292,0,105.97576379776,51.734342056772,89.6681613095499,146.349019731794,78.2732391357422,85.1502977799396,80.6207211875109,120.048121525691,139.328742218018,123.507336139679,0,0,0,90.6810678754534,74.3724623310904,31.0864469210307,9.48474958922582,33.6687525081968,0,0,123.804821968079,77.4525751610325,110.616714200107,116.467231750488,101.088101387024,66.0629464819076,0,69.7099609375,102.899676838859,0,61.3703242637016,32.0077150293551,70.2380270957947,65.399957644394,0,43.1186079036045,36.0811170662413,14.5046883246995,82.3176021575928,81.8183631896973,21.544861328659,23.5391593417212,47.8137773218783,84.2306704251271,41.8689527932335,65.5846176147461,0,92.656701138145,46.9650904159546
0,58.5341186523438,60.5205004765437,13.1765796526058,76.4423904418945,0,85.0330657958984,71.4380233071067,80.6012649536133,28.7402651468913,75.8053884506226,47.1702072377108,0,50.7678755866157,134.547782897949,34.6411781311035,100.954660415649,61.1344386318274,61.1416773796082,66.7796505637791,0,72.7118428548177,63.9299208777291,63.6071198781331,40.1273589910463,28.9613035540038,51.897257715678,53.3548107604458,50.0079488481794,0,82.2766036987305,62.4534351642315,0,69.5440139770508,73.0382744925363,66.4223146194067,5.72852149846467,33.6687525081968,9.73196813451695,85.7493200302124,130.050033569336,75.9032344471325,47.393825129044,75.3903616608166,7.29371355827852,60.523107780205,38.8997858306508,71.1664763556586,29.1711746790289,73.093808359914,55.1025505065918,39.0141947446985,51.4225379094356,51.3851449048078,59.5948820506057,73.4980752127511,72.0673361558181,18.4368125512703,35.8001795090589,17.5052404812404,11.1733722951677,43.1234216759125,31.2124203586126,44.6906846774522,78.9292487094277,63.9565266353983,48.7301115738718,117.291473388672,63.768384552002,52.8625727649704
0,0,0,108.561950683594,6.80992231181316,0,0,130.882033348083,154.112365722656,0,147.701629638672,0,37.5268287658691,0,0,0,148.55305480957,0,0,0,5.05607175827026,0,0,0,120.187267303467,0,0,0,126.433282118577,132.286590576172,0,0,213.015625,177.689903259277,145.768569946289,67.9518908785101,0,0,85.7493200302124,7.9721132490096,121.103446960449,59.6289850870768,71.9738751579733,76.8644070234455,21.1571834227618,14.4080880432091,0,12.3679649623013,0,78.8501876092726,72.7267681121826,116.20622253418,0,0,0,8.5966046825316,0,82.5416259765625,0,11.5208729429337,0,0,0,9.17656000763343,82.2936784276422,0,0,0,74.1689906873201,74.7898302518404
0,0,0,0,0,0,0,0,185.888977050781,0,186.269027709961,0,0,0,210.783981323242,0,0,0,0,0,0,0,0,0,0,0,0,0,162.585258483887,0,0,0,0,0,0,66.7024974822998,0,0,130.050033569336,121.103446960449,6.43235467275918,10.0169979634102,99.7833830180921,13.8086490709977,0,96.8092428354117,51.4663270462391,112.499153137207,77.6038612365723,27.8444169725104,12.8118888564446,84.0706901550293,69.0700988769531,83.3769378662109,0,111.186431884766,0,103.085010528564,70.3247375488281,95.3102554321289,0,86.8065338134766,90.2519454956055,95.7756614685059,21.2816930982802,129.802792867025,0,9.44037797392043,0,29.6149518263967
176.457366943359,0,0,92.356362286736,123.770493507385,201.399291992188,168.078811645508,140.89380246117,163.863120145576,113.109410603841,148.613706021696,0,110.089498901367,0,170.48302883572,155.715225219727,0,0,0,224.114074707031,165.491195678711,135.258377075195,98.3395500183105,0,123.034467424665,0,198.360275268555,195.906890869141,125.11986737135,160.67437165359,142.062837219238,0,200.660598754883,143.41813744439,157.40543164705,35.4350261380596,171.978225708008,123.804821968079,75.9032344471325,59.6289850870768,10.0169979634102,8.20190630328725,51.7244965567683,18.3690203432987,57.719016482995,20.3532244755457,53.1002527342902,15.0664914212754,71.6893692016602,27.4833362491218,11.3632030759143,73.3678145157663,137.927726745605,0,81.2337341308594,34.9860333191744,0,78.758046796245,95.4996147155762,34.5504005271941,0,151.496500015259,132.778930240207,52.5898257584936,26.1717660505827,83.4662438754378,0,16.8036033749769,87.9742710113525,32.5161458652893
