7.83537254734781,105.797364057121,82.0054972503411,59.8216292278583,70.4870022919218,66.5776077270508,50.3183070425153,25.8894333565032,22.1628849245266,63.3066920287927,35.0630158987912,150.662647022921,72.92394353473,157.324474025417,11.94015959839,46.159341444049,82.9058625357492,106.505864726173,149.963907241821,138.669490467418,57.8314905324694,64.063170260231,64.9613231913249,67.2459903216914,63.9094780574631,128.00023651123,104.56228508814,108.427869489116,54.4751000717163,8.95960586083852,26.605601279058,167.791618347168,71.0976894923619,14.5011952798358,95.9103091784886,142.242372131348,228.274291992188,154.895239512126,79.8289325420673,128.259540557861,0,153.780629475911,123.801314510516,164.83270839769,114.653139386858,135.483830134074,207.08837890625,130.891006469727,217.720741271973,159.762496723848,0,148.335990905762,170.254109700521,0,206.291650390625,0,145.803847312927,106.314703941345,171.353057225545,114.158997185286,0,175.959899902344,150.198508853004,123.755959510803,148.250385530533,139.800029246012,0,192.916198730469,133.383145258977,144.537894676472
105.797364057121,5.65746969499532,29.227198913356,35.6039633154869,0,0,174.689254760742,110.996544610886,127.379827084749,48.9046178181966,122.337341308594,56.5247361861651,144.613586425781,42.2647155869175,119.045816861666,113.357349395752,75.1226651564888,43.046595302804,67.9611852010091,49.5427623075597,0,82.7289670861286,25.1880584768085,45.4347150319134,91.8470770891975,28.6068983280912,24.8295507804207,20.1989919179889,90.4794250488281,102.666719818115,76.3328858737288,65.4468269348145,0,105.140721457345,52.3178802526222,129.374847412109,67.4374758402507,63.8324865861373,56.3594974941678,0,0,0,126.089500427246,142.772331237793,0,0,95.9910992213658,0,82.237019220988,148.242935180664,0,98.2276763916016,66.1796386394095,95.3563217163086,70.1364108784993,0,82.5791397094727,15.5625085830688,78.5964448547363,134.448230743408,64.7747657775879,59.5662058621752,65.0260006336684,0,156.491165161133,107.224840164185,104.001052856445,97.3488388061523,0,70.5415168762207
82.0054972503411,29.227198913356,10.347642316388,87.03392967811,103.259788513184,149.150924682617,117.941473545172,69.4171897018639,110.218090938445,94.8909320831299,92.0846365116261,78.2565500378835,109.305711110433,83.5197349304849,99.88723822201,109.450073242188,67.645181065514,37.4046948967119,81.9170293563452,68.4403524513704,107.732763290405,50.7762645802599,31.5654973151899,17.7497806661884,81.9244970341319,51.2680639648437,20.9095964084581,33.0666302630174,49.8863808539179,86.7343641638756,47.3321853206127,89.9888038635254,165.610061645508,85.8251927569326,43.0881984657904,148.494039916992,98.5200262630687,81.7400178393802,70.6471990312849,162.975234985352,0,157.234008789062,136.751825650533,156.155270576477,153.367721557617,150.751510620117,129.173450469971,0,115.222705841064,159.210608048873,0,93.0676699551669,96.976965533637,128.914646148682,115.019140516009,0,100.682826519012,48.5393973780042,89.4355608139142,140.290943622589,118.766906738281,93.609443285886,80.1024997730744,121.884270804269,155.703552246094,129.419686423408,0,0,112.520065307617,93.4800348589497
59.8216292278583,35.6039633154869,87.03392967811,21.3033035772818,57.1051772435506,104.896785736084,88.046483968099,44.0723577899697,80.4162469665056,9.64500026076527,77.8141039501537,162.300231933594,79.4964752197266,0,73.8311688458478,64.1140255737305,46.1695172735985,98.8614711761475,150.084716796875,105.205989837646,93.890692259136,47.29946121889,18.1051575490172,59.3003870272169,27.6716862396578,0,120.087135314941,73.0281681442261,42.0970470703896,71.9864745692203,45.7079883230738,0,113.11340637207,48.9832261839909,55.1336245132705,83.1448971430461,118.713317871094,111.226430892944,18.6256845167705,77.9542083740234,0,119.069218953451,68.5888659269913,110.410529174805,22.9204555858265,96.4555728618915,0,49.5318311055501,0,101.11868130077,109.03556060791,56.4466023127238,129.165143966675,0,127.642364501953,129.49089050293,56.8830083959243,31.4322895095462,71.2954901418378,56.5879850320883,0,136.21875667572,100.562486012777,62.06670738669,89.0922456221147,72.8241653124491,0,0,74.4740831711713,77.4424768175398
70.4870022919218,0,103.259788513184,57.1051772435506,6.93095155047709,0,64.1066281245305,28.7360390071928,86.1260452270508,30.212479769699,12.726223704881,0,10.9077476359656,0,85.2174232189472,59.5344950358073,82.1472320556641,0,0,0,8.39280590808403,95.5306015014648,110.394416809082,0,13.536913897175,0,0,141.370340983073,11.3059427460518,83.9599552619748,54.4438591003418,0,0,71.2180343693138,73.5080687874242,0,130.350646972656,0,0,16.4995476913452,0,90.7391357421875,143.713077545166,142.110443115234,72.5827903747559,34.7616844177246,0,7.85936228785895,0,173.657180786133,0,0,0,0,0,7.7350974240935,0,0,0,55.9502263625463,0,0,0,48.4305709838867,97.3316345214844,0,0,0,0,106.117790222168
66.5776077270508,0,149.150924682617,104.896785736084,0,5.9343486222414,7.9163432653222,92.1813634236654,14.0412956937931,77.0876731872559,89.2756867842241,72.1725845336914,60.4525553385417,0,23.0140463476139,12.321381379611,0,0,0,0,108.058525085449,140.047378540039,96.9460754394531,91.4694717407227,101.438995361328,94.1663589477539,0,102.002983093262,104.393310546875,19.2633534405856,0,0,7.97200080951055,0,32.4833758328412,0,0,0,0,0,0,0,157.602793375651,0,0,0,0,0,0,197.952102661133,0,0,0,0,0,0,0,0,0,0,0,0,0,174.747825622559,179.142959594727,0,0,0,0,0
50.3183070425153,174.689254760742,117.941473545172,88.046483968099,64.1066281245305,7.9163432653222,8.05194364170268,50.0909764152922,18.5414055948279,51.7591787901792,13.1627739713,88.4564897873822,19.461777303081,94.6401112874349,18.6324675941269,12.5898726027101,84.3874168395996,146.439443969727,0,0,36.1844183501631,100.594944953918,96.3085645039876,107.379941425626,68.4377560684646,164.161544799805,135.016377617331,132.631534310274,69.6394634246826,22.3980962607849,85.6161006689072,130.588213602702,12.9212465831455,76.8975560021779,36.5279722754695,171.239093780518,0,0,105.47631072998,220.005981445312,0,0,156.277320014106,185.006063287908,132.133926391602,171.769889831543,0,94.0638246536255,0,193.095247541155,0,146.820808410645,0,0,0,0,0,0,0,142.933489250414,0,246.262847900391,188.239334106445,158.093140738351,180.800799560547,170.287126541138,0,0,170.723370869954,151.936024983724
25.8894333565032,110.996544610886,69.4171897018639,44.0723577899697,28.7360390071928,92.1813634236654,50.0909764152922,9.0232181531302,48.4146528512787,44.2806263519507,18.1806138489127,161.109072777533,43.1912243327156,157.775862121582,18.3337244718351,58.1104827442685,79.8738800048828,127.300759815034,0,147.682922363281,35.6162370999654,47.8568453969182,67.5923954507579,58.6677058210277,44.0696997123573,131.092025756836,114.286285751744,99.4532285364921,22.5814827810428,24.8273351216004,12.376518365279,160.821952819824,108.452362060547,46.3652667829045,63.7605123092879,123.3341027719,0,162.829557146345,60.6006173434323,118.272099304199,0,148.55469790372,107.055316461993,145.20771601293,84.8174129832875,126.251835542567,213.296142578125,141.483421325684,0,138.116938604825,95.564826965332,129.538579940796,179.883316040039,0,0,153.253178914388,122.878701782227,121.476014709473,142.616181624563,98.2851327821704,0,181.347937447684,163.892583432405,108.08362614597,130.613839375604,113.441296895345,0,177.683151245117,117.220227675004,129.065946691176
22.1628849245266,127.379827084749,110.218090938445,80.4162469665056,86.1260452270508,14.0412956937931,18.5414055948279,48.4146528512787,11.8344073451136,73.3669813254134,23.8949392204441,138.658515816304,18.3226665181606,155.184416453044,13.9882979621304,22.5590035571331,110.161500549316,148.936755206134,198.098594665527,157.111958503723,51.3922783578192,91.500878841319,93.449217300415,95.1819688934824,75.1084405734215,148.286087036133,130.530764517305,134.543512580508,67.2927379770655,27.330235572163,69.816802456975,186.315251668294,16.5334611849472,68.9643655805027,45.6257423827397,173.287826538086,142.058013916016,183.340362548828,100.00663333469,154.86213684082,0,145.395076751709,140.87791797093,179.559820713141,141.082372029622,147.316696166992,0,44.9875717163086,0,176.1459463614,0,166.250096638997,193.305025736491,0,209.563674926758,203.594696044922,175.432960510254,144.975542704264,176.856101142036,133.310656121437,0,205.663743591309,185.501659393311,142.097439679233,166.463383483887,161.141687729779,0,0,153.743695576986,168.989735107422
63.3066920287927,48.9046178181966,94.8909320831299,9.64500026076527,30.212479769699,77.0876731872559,51.7591787901792,44.2806263519507,73.3669813254134,8.02831885850572,65.2462059220457,119.458583831787,12.373268896632,152.916458129883,76.6705488907663,15.4430797228857,31.9539772207087,106.607509613037,0,0,28.3587242645743,56.4188902537028,23.7001115067061,72.2458728051955,19.2036391005459,0,114.243677775065,75.1422707388334,45.2702888162438,73.0010501086555,47.7295162130933,0,109.299785614014,53.4595495844006,56.4610443392667,82.7782711452908,107.330560684204,111.110660552979,22.3681525810092,106.833583831787,0,93.1575736999512,68.0613153202018,102.889300452338,25.5769334883585,107.813192579481,0,98.6540771484375,0,113.097123500279,70.8315734863281,73.9567705790202,152.343882242839,0,149.872360229492,132.87328338623,0,75.0660584767659,170.358673095703,60.8093039677861,0,130.939067840576,123.632678985596,69.62745314378,92.7387882232666,84.3833507669383,201.209732055664,0,67.5538652593439,79.4613212136661
35.0630158987912,122.337341308594,92.0846365116261,77.8141039501537,12.726223704881,89.2756867842241,13.1627739713,18.1806138489127,23.8949392204441,65.2462059220457,8.37523600097514,175.789526197645,17.3264358789593,183.517913818359,24.4746507133592,43.3668930847757,88.2354409354074,138.511883735657,194.729644775391,139.404907226562,13.7071115730324,71.9590807134455,98.2550169626872,79.0116010731664,37.5985007471852,0,123.359006552861,119.83095975955,25.2744622420448,66.2461880640267,52.9869449486893,185.350723266602,100.522990756565,61.3025581873627,64.046389515643,148.86826578776,0,156.739791870117,78.5877479553223,123.987106323242,0,137.306854248047,123.737763655813,160.470604790582,91.4839641026088,137.809371100532,0,29.8128182195848,0,154.171292114258,0,0,0,0,0,230.628082275391,0,0,182.681040445964,120.148509841367,0,208.0712890625,168.328866958618,140.657282829285,154.940074247472,198.322090148926,0,0,174.786387125651,186.743270874023
150.662647022921,56.5247361861651,78.2565500378835,162.300231933594,0,72.1725845336914,88.4564897873822,161.109072777533,138.658515816304,119.458583831787,175.789526197645,11.1238153746557,195.939453125,23.3685035780249,135.9360901682,183.486953735352,124.365705602309,53.0845878028748,18.7501904966953,21.8388983477163,0,93.6641961839464,110.810771560669,86.2363571271504,152.073724746704,26.4476102231123,28.104811192166,57.9246995775908,147.326125250922,74.9670339340859,117.994949402848,40.8626828957201,60.6793880462646,124.499590024843,33.5408053196524,0,94.1379297429865,164.85865020752,67.8891215854221,0,0,154.601287841797,0,154.691108703613,127.096794128418,0,77.6508879790435,0,73.5724992450915,144.719940185547,0,0,126.097588062286,92.9186721600984,100.206261105008,0,163.475494384766,0,188.036229451497,0,64.6719389446711,89.913111782074,95.499429468523,0,0,161.456832885742,88.6967774257865,0,0,102.298633741296
72.92394353473,144.613586425781,109.305711110433,79.4964752197266,10.9077476359656,60.4525553385417,19.461777303081,43.1912243327156,18.3226665181606,12.373268896632,17.3264358789593,195.939453125,8.7122657663771,0,66.314864953359,13.9340750102517,68.3187675476074,148.482086181641,0,0,13.1230590764966,83.5745964050293,66.3180400707104,96.2428741455078,18.7059118716156,0,128.175649007161,134.350537109375,47.6557321429747,74.1026675944426,75.2376747131348,0,93.4277699788411,74.2776866658529,65.0576278686523,0,234.330581665039,159.155151367188,91.8987528483073,31.6706572312575,0,40.103453318278,140.432167053223,104.532997131348,63.8617744445801,93.2298423222133,0,8.5356520266877,0,0,0,0,211.827713012695,0,0,9.56754293211971,0,0,0,86.621695171703,0,0,0,124.520347595215,194.693176269531,0,0,0,0,130.915557861328
157.324474025417,42.2647155869175,83.5197349304849,0,0,0,94.6401112874349,157.775862121582,155.184416453044,152.916458129883,183.517913818359,23.3685035780249,0,6.96702784751133,159.310536702474,0,0,81.348094813029,48.2437004214428,49.9391721777014,0,0,108.416645050049,103.890991612485,0,17.4609192121639,32.2932215662746,25.504382621543,148.248497009277,80.727972470797,129.74401550293,13.5115817070657,98.8968734741211,165.270055770874,55.0343937081806,0,82.3365894116853,150.601623535156,55.4017712327301,0,0,0,0,139.706176757812,129.683774507963,0,66.4754116246195,0,60.3393971979773,0,0,0,114.472724914551,81.9723536173503,95.7603899933571,0,229.889511108398,116.35221862793,111.000625610352,165.659862518311,51.7598311750195,79.8305231050003,85.4239200038981,0,99.8358739217122,200.517631530762,79.5517587597738,125.538833618164,0,109.143219539097
11.94015959839,119.045816861666,99.88723822201,73.8311688458478,85.2174232189472,23.0140463476139,18.6324675941269,18.3337244718351,13.9882979621304,76.6705488907663,24.4746507133592,135.9360901682,66.314864953359,159.310536702474,7.17623007040846,29.9183253025089,82.8990058898926,130.177819087588,103.507446289062,163.840126037598,74.464444952496,76.6562279234541,73.3270659250756,80.0546764373779,76.9011501513029,148.893483479818,123.963183064106,127.876361474758,62.2080781683326,11.9610532344509,51.8284919261932,0,11.8981746249499,45.1957793293229,40.9237009462188,150.192250569661,0,176.841328938802,95.9643615722656,224.050643920898,0,175.537414550781,135.002209575236,172.17315494313,114.201593017578,132.102592468262,0,0,0,165.816466080515,0,142.573706309001,184.718360900879,0,0,0,172.270896911621,138.236469268799,190.521593093872,126.483904058283,0,201.079264322917,174.986133030483,136.903557812726,156.30069972447,149.592673853824,0,0,150.838725163386,147.658655019907
46.159341444049,113.357349395752,109.450073242188,64.1140255737305,59.5344950358073,12.321381379611,12.5898726027101,58.1104827442685,22.5590035571331,15.4430797228857,43.3668930847757,183.486953735352,13.9340750102517,0,29.9183253025089,7.27889871452017,0,133.918563842773,0,0,48.773478825887,104.534854888916,58.9658729689462,105.846515856291,37.7299276929383,0,141.974282582601,141.231783086603,67.7179778331035,33.4438048193329,77.9270559038435,0,33.4038895501031,71.4318811416626,32.184139808019,160.447998046875,0,0,94.7578277587891,0,0,0,135.014340718587,142.302978515625,59.2767530168806,89.6086730957031,0,0,0,143.260147094727,57.1439399719238,0,0,0,0,0,0,102.077934265137,101.573516845703,102.428249134737,0,0,0,130.001513163249,184.154235839844,136.191925048828,0,0,140.734588623047,176.255905151367
82.9058625357492,75.1226651564888,67.645181065514,46.1695172735985,82.1472320556641,0,84.3874168395996,79.8738800048828,110.161500549316,31.9539772207087,88.2354409354074,124.365705602309,68.3187675476074,0,82.8990058898926,0,12.2861104547679,88.8515496163998,123.721687316895,113.305425497202,90.7853713989258,14.4506400354057,22.5876896215441,16.9440870432223,22.7384355957629,131.059310913086,94.6309031318216,24.792409623516,30.4137446006301,75.737427520752,42.6439942259743,146.070526123047,94.6290893554688,51.2611895969936,61.5541932121825,154.603515625,0,106.76352255685,57.4233357747396,0,0,0,106.667912074498,162.130264282227,0,0,0,0,0,142.355743408203,0,16.4303540525337,130.055912562779,0,149.582778930664,0,14.5129435538056,70.1397132873535,61.305818129559,84.0464481940636,0,165.633706665039,94.7713565623507,93.0507600490863,125.232111612956,110.261870306891,0,0,105.046913146973,108.507358296712
106.505864726173,43.046595302804,37.4046948967119,98.8614711761475,0,0,146.439443969727,127.300759815034,148.936755206134,106.607509613037,138.511883735657,53.0845878028748,148.482086181641,81.348094813029,130.177819087588,133.918563842773,88.8515496163998,9.21918860633026,54.14930858991,24.1457673311454,0,44.0004335874244,73.7193475450788,16.920832068226,109.600392977397,47.8147159065168,27.9815267450638,54.096159124686,113.803415457408,116.888292919506,61.060177735205,82.2208389931537,0,81.4225425091419,42.066392860887,163.199432373047,108.066656112671,97.8377929415022,100.165911160983,0,0,0,165.261858258929,197.903617858887,0,0,127.128931522369,0,124.165120442708,188.471221923828,0,164.452896118164,103.019386598728,120.397548675537,109.164237288741,0,155.67414855957,137.860198974609,115.486861835827,182.118217468262,130.295928955078,98.1726238454571,100.892778882241,153.325584411621,172.221059163411,144.891702752364,127.637646993001,151.128982543945,0,99.4253222378817
149.963907241821,67.9611852010091,81.9170293563452,150.084716796875,0,0,0,0,198.098594665527,0,194.729644775391,18.7501904966953,0,48.2437004214428,103.507446289062,0,123.721687316895,54.14930858991,5.40066008583315,14.5164809346587,0,135.700122833252,111.91968536377,90.6399723501766,0,40.4266452268173,18.8649908344317,61.6656073631599,0,108.114446163177,117.932099024455,52.3779297025779,0,127.92877306257,63.0923758210807,0,0,0,150.66948890686,0,0,158.409729003906,0,0,0,0,99.3525335523817,0,85.5142611385731,0,0,0,126.109285990397,96.4027361747546,101.83856128511,0,0,0,165.10888671875,0,80.0895900726318,95.5047911566657,98.5821096632216,0,172.596252441406,0,96.4898011949327,0,0,147.508368355887
138.669490467418,49.5427623075597,68.4403524513704,105.205989837646,0,0,0,147.682922363281,157.111958503723,0,139.404907226562,21.8388983477163,0,49.9391721777014,163.840126037598,0,113.305425497202,24.1457673311454,14.5164809346587,9.06312161807815,0,77.742383149954,104.02131652832,55.6067165724575,142.806642532349,37.0736437930962,17.3847637072436,57.6802794539185,116.814420700073,99.844838823591,93.2326934602525,53.3209003299564,101.94743347168,101.313408338107,45.4028107214004,0,127.140455627441,121.590070088704,131.230763753255,0,0,0,175.205017089844,168.425033569336,0,0,98.6786206563314,0,89.5236291018399,0,0,0,111.427134773948,102.194145496075,106.677116747256,0,153.986480712891,0,142.109411451552,235.338851928711,79.9438082377116,93.0026896757238,98.2847919632903,0,150.414721171061,158.339869181315,98.6919453938802,0,138.323577880859,104.175332205636
57.8314905324694,0,107.732763290405,93.890692259136,8.39280590808403,108.058525085449,36.1844183501631,35.6162370999654,51.3922783578192,28.3587242645743,13.7071115730324,0,13.1230590764966,0,74.464444952496,48.773478825887,90.7853713989258,0,0,0,6.40294444191476,108.309376525879,103.443250928606,117.991443634033,19.8958994369993,0,0,133.739622497559,18.702250797729,68.7770633065937,64.1581344604492,0,104.07999420166,60.6738720954733,60.5137946059584,185.307907104492,0,0,123.77912902832,0,0,0,153.892501831055,0,61.0913543701172,0,0,7.36174913869804,0,0,0,150.136810302734,0,0,0,7.95736002922058,168.275207519531,0,0,129.995123545329,0,0,0,0,219.814315795898,243.063842773438,0,0,0,0
64.063170260231,82.7289670861286,50.7762645802599,47.29946121889,95.5306015014648,140.047378540039,100.594944953918,47.8568453969182,91.500878841319,56.4188902537028,71.9590807134455,93.6641961839464,83.5745964050293,0,76.6562279234541,104.534854888916,14.4506400354057,44.0004335874244,135.700122833252,77.742383149954,108.309376525879,8.81073674964823,37.1002019344496,16.903455233984,19.2795989640216,90.8498092651367,76.5635074224227,52.8982804509855,17.3202283712615,76.56721574433,19.190957943492,129.998443603516,0,51.4662561137774,38.4874492891355,127.06510925293,0,134.822843279157,60.2561153337067,0,0,0,108.18516142472,140.017295837402,118.892517089844,0,0,0,0,141.68968963623,0,97.1490294933319,148.892189025879,0,173.167808532715,0,106.883104705811,58.5183067321777,100.106009793569,100.618887038458,0,130.319277954102,120.491605970595,98.1531339946546,132.123744540744,105.076772439359,0,152.097732543945,98.7867273183969,105.04412484169
64.9613231913249,25.1880584768085,31.5654973151899,18.1051575490172,110.394416809082,96.9460754394531,96.3085645039876,67.5923954507579,93.449217300415,23.7001115067061,98.2550169626872,110.810771560669,66.3180400707104,108.416645050049,73.3270659250756,58.9658729689462,22.5876896215441,73.7193475450788,111.91968536377,104.02131652832,103.443250928606,37.1002019344496,8.09006458840964,38.8414189786614,14.9008241059332,0,84.4385499759596,26.8195760721705,39.4271763025592,67.7681373458311,40.884700402229,0,101.065307617188,44.1288295868904,51.4181811599258,96.4278284708659,87.1706314086914,79.5411916879507,22.828397001539,106.283869062151,0,113.900726318359,95.1877764892578,132.251662445068,69.5976774851481,117.201241387261,152.259689331055,126.979820251465,0,137.776161193848,87.7130177815755,49.9026088185645,123.352272033691,166.505966186523,133.334815979004,0,64.1687880282932,24.6464825227857,50.9588933741206,84.4187293419471,0,125.853823852539,59.8823186601911,77.234846578061,121.297957897186,68.362829208374,0,0,68.7577177683512,79.796206817627
67.2459903216914,45.4347150319134,17.7497806661884,59.3003870272169,0,91.4694717407227,107.379941425626,58.6677058210277,95.1819688934824,72.2458728051955,79.0116010731664,86.2363571271504,96.2428741455078,103.890991612485,80.0546764373779,105.846515856291,16.9440870432223,16.920832068226,90.6399723501766,55.6067165724575,117.991443634033,16.903455233984,38.8414189786614,11.38477634319,42.6571283548018,78.3852641765888,55.3622242207584,43.8558292970458,29.5954869295931,74.6268985608485,40.9095920113117,109.542663029262,129.475944519043,70.4777408190665,41.8752950444111,150.599355061849,113.77524693807,91.0311938311603,63.4089981202156,0,0,173.670879364014,143.6279196058,170.145725250244,166.22721862793,155.112266540527,123.807327270508,0,140.441146850586,162.884059143066,0,49.0744276231733,120.801754324777,156.39022064209,132.663809383617,0,84.0929313765632,58.3801423366939,94.1141533825598,127.1168187292,126.400428771973,127.304962158203,89.734715367562,120.884263743525,158.04527352073,116.901853203773,0,0,134.030223846436,108.96408429827
63.9094780574631,91.8470770891975,81.9244970341319,27.6716862396578,13.536913897175,101.438995361328,68.4377560684646,44.0696997123573,75.1084405734215,19.2036391005459,37.5985007471852,152.073724746704,18.7059118716156,0,76.9011501513029,37.7299276929383,22.7384355957629,109.600392977397,0,142.806642532349,19.8958994369993,19.2795989640216,14.9008241059332,42.6571283548018,10.0405751061819,0,112.066523465243,56.7009880883935,15.7326437395294,71.1739969519929,45.538380057943,0,107.466552734375,52.6878701606377,55.9886094436429,109.468387735301,127.548840114049,143.93486328125,54.470429725647,9.20208047839349,0,116.308906131321,96.383944757097,131.042617068929,55.7362735407139,111.406628703023,189.769683837891,60.5630948037812,157.117950439453,135.510566921892,71.4154748916626,94.8783340454102,156.339069366455,0,0,32.1650061375886,109.506006094126,97.3196840593892,129.794468610715,63.4689852042745,216.028335571289,163.149233136858,128.929923748148,97.2930595132789,120.983409691911,109.414919433594,0,166.200790405273,102.93281733195,117.961579564106
128.00023651123,28.6068983280912,51.2680639648437,0,0,94.1663589477539,164.161544799805,131.092025756836,148.286087036133,0,0,26.4476102231123,0,17.4609192121639,148.893483479818,0,131.059310913086,47.8147159065168,40.4266452268173,37.0736437930962,0,90.8498092651367,0,78.3852641765888,0,6.69135025189135,25.1564050740072,17.5619935300457,0,61.8845119476318,97.2291870117188,35.2173620909923,0,108.682110595703,55.3292634656813,0,80.8320257013494,0,50.0152848317073,0,0,97.124870300293,0,165.892852783203,119.386515299479,170.537124633789,61.8546030834468,0,53.4791056026112,0,0,0,76.0949016370271,75.4347023282732,68.8156647124848,0,112.915222167969,142.631046295166,92.4835624694824,171.489028930664,43.1994320403698,62.8183215673153,67.421428759563,0,168.393966674805,119.746356964111,71.5475697150597,97.543212890625,0,89.6123102823893
104.56228508814,24.8295507804207,20.9095964084581,120.087135314941,0,0,135.016377617331,114.286285751744,130.530764517305,114.243677775065,123.359006552861,28.104811192166,128.175649007161,32.2932215662746,123.963183064106,141.974282582601,94.6309031318216,27.9815267450638,18.8649908344317,17.3847637072436,0,76.5635074224227,84.4385499759596,55.3622242207584,112.066523465243,25.1564050740072,10.350701879439,21.6873236786986,98.2865582874843,107.246025256257,79.2527804141929,27.3690762053423,75.7117385864258,105.349190420034,52.6333679630809,150.149276733398,105.912921088082,91.4507214832891,100.856219544703,0,140.358322143555,169.012481689453,162.993615044488,175.369915008545,172.242630004883,204.200469970703,98.6882488501333,0,83.2840633111842,181.427156720843,0,154.585723876953,90.9390710180357,96.2078209151765,91.1696277274905,0,126.360176086426,114.645366668701,106.653080293502,169.694320678711,78.1343514291864,82.6759914592524,87.1679408828619,193.825839996338,163.822950575087,141.956182306463,95.3163811503977,175.172637939453,165.195400238037,91.3942356774973
108.427869489116,20.1989919179889,33.0666302630174,73.0281681442261,141.370340983073,102.002983093262,132.631534310274,99.4532285364921,134.543512580508,75.1422707388334,119.83095975955,57.9246995775908,134.350537109375,25.504382621543,127.876361474758,141.231783086603,24.792409623516,54.096159124686,61.6656073631599,57.6802794539185,133.739622497559,52.8982804509855,26.8195760721705,43.8558292970458,56.7009880883935,17.5619935300457,21.6873236786986,10.5668823674309,63.0120379617634,117.147579229795,83.7147118426052,20.0851842337913,0,102.956710468639,59.3490593835475,165.368221706814,108.662079281277,83.7510677221508,80.7975621859233,193.112335205078,0,163.784524536133,145.494405000106,169.614670435588,173.677951812744,163.127865878018,106.956707763672,0,84.8718820953369,168.070280287001,0,51.6296410091588,95.0080284077853,96.8088603686261,95.5993722470748,0,112.351868044946,49.8276411208554,93.5150474512593,136.443336486816,86.6581709890655,85.097837683609,84.1958724720184,127.36479658647,152.918232844426,132.75340699313,93.4131209809901,0,137.003547668457,96.0301329964086
54.4751000717163,90.4794250488281,49.8863808539179,42.0970470703896,11.3059427460518,104.393310546875,69.6394634246826,22.5814827810428,67.2927379770655,45.2702888162438,25.2744622420448,147.326125250922,47.6557321429747,148.248497009277,62.2080781683326,67.7179778331035,30.4137446006301,113.803415457408,0,116.814420700073,18.702250797729,17.3202283712615,39.4271763025592,29.5954869295931,15.7326437395294,0,98.2865582874843,63.0120379617634,9.42196308097602,68.7583636378168,21.7973491441708,147.065765380859,126.20086924235,50.1905884377998,57.3398933159992,119.874316745334,114.295196533203,151.912588639693,61.5672789277702,127.670620188994,159.313400268555,142.831481260412,102.48243437255,137.213698931438,88.6913010034806,125.530624389648,183.077644348145,109.633355712891,221.532867431641,137.295925057091,95.4669418334961,102.537046220567,154.528614807129,211.528503417969,185.571510314941,102.93846988678,118.118337843153,117.612419446309,129.127721898696,92.6705513438959,0,170.348003680889,142.443970773734,103.561214695255,130.613392050496,112.672985917431,0,182.332997639974,115.082268424656,121.573884340796
8.95960586083852,102.666719818115,86.7343641638756,71.9864745692203,83.9599552619748,19.2633534405856,22.3980962607849,24.8273351216004,27.330235572163,73.0010501086555,66.2461880640267,74.9670339340859,74.1026675944426,80.727972470797,11.9610532344509,33.4438048193329,75.737427520752,116.888292919506,108.114446163177,99.844838823591,68.7770633065937,76.56721574433,67.7681373458311,74.6268985608485,71.1739969519929,61.8845119476318,107.246025256257,117.147579229795,68.7583636378168,5.98032453935455,19.0762391647075,109.042626953125,9.98125618434357,10.2858180880356,17.858158333283,149.985152851452,0,187.13557434082,86.2843797683716,127.942602157593,0,183.465502421061,137.087947603551,174.422542406165,116.102401733398,167.696198714407,227.022567749023,0,0,172.310010207327,0,122.888716697693,185.715143839518,195.894790649414,223.559478759766,225.254409790039,140.755653381348,149.032320022583,167.344578552246,125.48811176845,237.064422607422,187.78515625,171.939784779268,134.225311452038,162.584655652727,145.29131825765,0,0,151.089760131836,151.10085550944
26.605601279058,76.3328858737288,47.3321853206127,45.7079883230738,54.4438591003418,0,85.6161006689072,12.376518365279,69.816802456975,47.7295162130933,52.9869449486893,117.994949402848,75.2376747131348,129.74401550293,51.8284919261932,77.9270559038435,42.6439942259743,61.060177735205,117.932099024455,93.2326934602525,64.1581344604492,19.190957943492,40.884700402229,40.9095920113117,45.538380057943,97.2291870117188,79.2527804141929,83.7147118426052,21.7973491441708,19.0762391647075,8.74776404324557,137.345335388184,0,41.0139380514863,34.9552148249534,125.099752011506,133.872650146484,146.372597945364,69.6414066812266,169.559763590495,0,146.220386505127,110.367110953147,151.507631262954,91.1280665079753,132.160249498155,197.869232177734,99.122688293457,0,146.41570762966,0,100.344492682095,142.499592372349,0,166.320205688477,178.244323730469,104.777884589301,63.7914006974962,118.309217940929,101.288809484365,0,158.683449881417,129.926292820981,106.057779369932,134.111813075106,111.677169946524,0,168.662300109863,112.287575941819,121.497966108651
167.791618347168,65.4468269348145,89.9888038635254,0,0,0,130.588213602702,160.821952819824,186.315251668294,0,185.350723266602,40.8626828957201,0,13.5115817070657,0,0,146.070526123047,82.2208389931537,52.3779297025779,53.3209003299564,0,129.998443603516,0,109.542663029262,0,35.2173620909923,27.3690762053423,20.0851842337913,147.065765380859,109.042626953125,137.345335388184,6.5054645549244,0,150.648480224609,69.0375308227539,0,125.550662994385,0,82.8986473083496,0,0,0,0,172.215682983398,0,0,93.421950241615,0,86.6463210639052,0,0,0,0,99.2257840773639,100.35327911377,0,0,153.425094604492,149.286911010742,0,74.9499716985793,96.0133690329159,97.9102898948213,0,0,0,99.2280945248074,0,0,117.308865138463
71.0976894923619,0,165.610061645508,113.11340637207,0,7.97200080951055,12.9212465831455,108.452362060547,16.5334611849472,109.299785614014,100.522990756565,60.6793880462646,93.4277699788411,98.8968734741211,11.8981746249499,33.4038895501031,94.6290893554688,0,0,101.94743347168,104.07999420166,0,101.065307617188,129.475944519043,107.466552734375,0,75.7117385864258,0,126.20086924235,9.98125618434357,0,0,4.3698090244742,0,36.5989176135952,0,0,0,0,0,0,0,158.923202514648,0,0,0,0,0,0,0,0,0,0,0,0,0,0,0,0,181.311248779297,0,0,0,182.222267150879,187.937759399414,179.453689575195,0,0,0,0
14.5011952798358,105.140721457345,85.8251927569326,48.9832261839909,71.2180343693138,0,76.8975560021779,46.3652667829045,68.9643655805027,53.4595495844006,61.3025581873627,124.499590024843,74.2776866658529,165.270055770874,45.1957793293229,71.4318811416626,51.2611895969936,81.4225425091419,127.92877306257,101.313408338107,60.6738720954733,51.4662561137774,44.1288295868904,70.4777408190665,52.6878701606377,108.682110595703,105.349190420034,102.956710468639,50.1905884377998,10.2858180880356,41.0139380514863,150.648480224609,0,6.46453679182824,57.2997411470565,125.984928554959,155.3720703125,163.44926234654,70.9067977622703,116.49259185791,0,156.687825520833,115.299463128531,155.061287095812,108.598479715983,135.868464152018,206.782119750977,0,0,150.818578402201,154.694061279297,101.33118117483,166.802314758301,0,163.244654337565,231.747146606445,114.529967308044,95.1382989883423,144.76362101237,105.273782528513,0,160.170440673828,158.277040608724,113.69023649024,140.007492574056,121.69384059906,0,0,137.317503792899,129.824059168498
95.9103091784886,52.3178802526222,43.0881984657904,55.1336245132705,73.5080687874242,32.4833758328412,36.5279722754695,63.7605123092879,45.6257423827397,56.4610443392667,64.046389515643,33.5408053196524,65.0576278686523,55.0343937081806,40.9237009462188,32.184139808019,61.5541932121825,42.066392860887,63.0923758210807,45.4028107214004,60.5137946059584,38.4874492891355,51.4181811599258,41.8752950444111,55.9886094436429,55.3292634656813,52.6333679630809,59.3490593835475,57.3398933159992,17.858158333283,34.9552148249534,69.0375308227539,36.5989176135952,57.2997411470565,10.8074054556257,136.142317199707,110.13452911377,95.2255202929179,84.0726377487183,159.082336425781,0,178.336303710938,115.656276409443,169.766010131836,135.077928161621,151.934913635254,132.998590087891,170.010894775391,113.787208133274,161.124079617587,0,105.153343473162,108.993510654994,133.591063181559,116.444510086723,0,124.403798675537,66.8839210061466,115.358326557254,114.619934737682,80.1223106384277,111.026033864856,108.08205452157,113.804656203912,138.744500619394,122.225901320174,117.982441711426,0,117.903335571289,118.605508461977
142.242372131348,129.374847412109,148.494039916992,83.1448971430461,0,0,171.239093780518,123.3341027719,173.287826538086,82.7782711452908,148.86826578776,0,0,0,150.192250569661,160.447998046875,154.603515625,163.199432373047,0,0,185.307907104492,127.06510925293,96.4278284708659,150.599355061849,109.468387735301,0,150.149276733398,165.368221706814,119.874316745334,149.985152851452,125.099752011506,0,0,125.984928554959,136.142317199707,11.6989881654878,99.8117126464844,81.2603073613701,74.2580520456488,82.0341464451381,83.4636154174805,79.3307479467147,22.6659960659572,21.6829630984968,65.3022857934386,33.6322331294207,129.876165046067,81.4348891122001,150.545387268066,11.5968186506163,92.4664586385091,77.3916496276856,89.8104470794947,129.00678092555,107.172674260988,87.9818681415759,82.797910236177,74.545850982666,79.9405621463305,65.9567998814806,116.85107421875,95.6984995306855,103.808860948351,64.6463438390376,12.3660822788586,28.0546283162857,0,87.2876103719075,28.8844434211129,57.3778444974477
228.274291992188,67.4374758402507,98.5200262630687,118.713317871094,130.350646972656,0,0,0,142.058013916016,107.330560684204,0,94.1379297429865,234.330581665039,82.3365894116853,0,0,0,108.066656112671,0,127.140455627441,0,0,87.1706314086914,113.77524693807,127.548840114049,80.8320257013494,105.912921088082,108.662079281277,114.295196533203,0,133.872650146484,125.550662994385,0,155.3720703125,110.13452911377,99.8117126464844,7.67125918567625,38.4421553210533,25.1573034716903,84.5947418212891,0,123.953212738037,98.2999503395774,128.137494828966,57.4735702539419,117.868585586548,73.5215388009715,118.524780273438,51.0532312044283,125.166423373752,100.770859527588,64.1265324486627,53.2456843975893,84.1525080544608,62.6066386439219,0,66.888123243283,18.5548171639817,53.9006675485212,78.8571769006994,27.5661525840498,43.856521290327,32.6988950257321,105.315207230417,116.839726534757,85.6566809562788,68.1197274306725,104.495262145996,92.5047134399414,51.4433281974953
154.895239512126,63.8324865861373,81.7400178393802,111.226430892944,0,0,0,162.829557146345,183.340362548828,111.110660552979,156.739791870117,164.85865020752,159.155151367188,150.601623535156,176.841328938802,0,106.76352255685,97.8377929415022,0,121.590070088704,0,134.822843279157,79.5411916879507,91.0311938311603,143.93486328125,0,91.4507214832891,83.7510677221508,151.912588639693,187.13557434082,146.372597945364,0,0,163.44926234654,95.2255202929179,81.2603073613701,38.4421553210533,11.0006407900674,42.3733760397053,148.10942586263,145.926162719727,126.379937709063,74.2149083848093,104.254642606221,107.450580195377,90.1349512358843,82.0013784520766,0,88.9581400553385,101.40122656113,135.471788406372,73.2943752122962,28.3158531421277,87.1629199275264,60.2401653374031,148.76501083374,56.3470627369772,41.5891431286512,24.3185923941313,111.250844955444,81.8915621439616,19.0103183762259,21.9302561766484,86.4387230093962,99.9881735249569,58.3009300466619,87.5048570632935,113.01725769043,98.068150555646,52.2404599868468
79.8289325420673,56.3594974941678,70.6471990312849,18.6256845167705,0,0,105.47631072998,60.6006173434323,100.00663333469,22.3681525810092,78.5877479553223,67.8891215854221,91.8987528483073,55.4017712327301,95.9643615722656,94.7578277587891,57.4233357747396,100.165911160983,150.66948890686,131.230763753255,123.77912902832,60.2561153337067,22.828397001539,63.4089981202156,54.470429725647,50.0152848317073,100.856219544703,80.7975621859233,61.5672789277702,86.2843797683716,69.6414066812266,82.8986473083496,0,70.9067977622703,84.0726377487183,74.2580520456488,25.1573034716903,42.3733760397053,30.3762734344414,80.1246435377333,0,93.0011964277788,54.0120507144928,94.18844472488,10.3031085379405,83.190374673131,65.8163479437096,54.8309160073598,44.5697832114925,88.9745892723008,43.5266792691987,45.3634419594056,55.181549440039,69.5146205856139,56.7657953083944,120.504168987274,51.4652507871984,39.6916240117489,54.2184864413637,34.4515792912807,22.5888782252475,41.9475452217881,40.4307858264735,46.3419694342322,75.111281487012,58.7753810639077,56.5344877133424,116.651635390062,55.0188493831183,57.120360586765
128.259540557861,0,162.975234985352,77.9542083740234,16.4995476913452,0,220.005981445312,118.272099304199,154.86213684082,106.833583831787,123.987106323242,0,31.6706572312575,0,224.050643920898,0,0,0,0,0,0,0,106.283869062151,0,9.20208047839349,0,0,193.112335205078,127.670620188994,127.942602157593,169.559763590495,0,0,116.49259185791,159.082336425781,82.0341464451381,84.5947418212891,148.10942586263,80.1246435377333,6.9622805717072,125.781949361165,59.8933287110931,60.1391886197604,84.6986213471663,50.1946668457567,19.9693402974494,154.056930541992,26.5351305550254,163.293441772461,97.8298490681779,87.1653487465598,53.6418048858643,149.226821899414,0,176.092109680176,11.5011200046139,103.448867797852,58.6871227536883,108.345400129046,12.557586862319,0,175.807289971246,105.000569725037,11.9099121273159,92.699028968811,92.433900197347,0,133.285621643066,90.7555295504057,88.9104484166854
0,0,0,0,0,0,0,0,0,0,0,0,0,0,0,0,0,0,0,0,0,0,0,0,0,0,140.358322143555,0,159.313400268555,0,0,0,0,0,0,83.4636154174805,0,145.926162719727,0,125.781949361165,6.6151258179512,9.69187445021506,99.1351547241211,10.8750743102372,108.154438018799,88.16728515625,66.9901421158402,0,83.9953282674154,30.9964328629087,13.9530274970816,0,0,89.4000511169434,89.9733047485352,109.611770629883,0,163.450729370117,0,124.771903991699,0,103.262628443101,111.459971110026,111.76762008667,24.8388414036144,128.333801269531,95.640754699707,6.2524856647382,64.3230819702148,26.4024513968586
153.780629475911,0,157.234008789062,119.069218953451,90.7391357421875,0,0,148.55469790372,145.395076751709,93.1575736999512,137.306854248047,154.601287841797,40.103453318278,0,175.537414550781,0,0,0,158.409729003906,0,0,0,113.900726318359,173.670879364014,116.308906131321,97.124870300293,169.012481689453,163.784524536133,142.831481260412,183.465502421061,146.220386505127,0,0,156.687825520833,178.336303710938,79.3307479467147,123.953212738037,126.379937709063,93.0011964277788,59.8933287110931,9.69187445021506,9.06254093114124,65.1511875894335,21.4256227506397,82.7642018065161,22.7477885088177,84.4381556037728,14.1175614330254,92.3733995982579,41.5262639147638,13.0467941848016,120.333258056641,144.320607965643,105.075994491577,116.684381925143,36.6257159581371,96.5782989501953,114.729035949707,103.497589182631,48.5954477726145,79.7068786621094,116.182653008438,114.92176211964,59.6011783224914,37.9473209175747,97.2075126647949,115.251771109445,16.5936998492661,67.5025413737578,37.7010758754535
