10.6278836770837,132.55054473877,91.6664889407257,70.236695098877,81.5948079427083,65.6966117858887,69.1672552946572,25.6867269524731,26.0602836605737,66.5251553948246,59.3067457477784,163.467361450195,84.9349551481359,168.134562174479,11.1493449389107,49.8027118047078,108.938245487213,102.200538390133,0,139.952667823205,79.4773243613865,89.5909108734131,101.12468104576,88.420427087591,60.4290081776825,158.055374145508,128.984359005381,113.360387703622,60.6746716757645,13.410705687994,26.7563844143794,0,73.2076862880162,18.7920630720356,59.5685460681007,0,0,175.314605712891,0,0,0,0,129.301162719727,0,0,0,0,0,0,0,0,0,183.180648803711,0,0,0,0,0,151.484466552734,0,0,0,169.762685139974,0,0,0,0,0,0,164.405120849609
132.55054473877,4.88070696094329,27.1620095068525,14.0238342719389,0,0,0,110.187291145325,130.756071090698,0,216.417343139648,54.7565031119272,0,50.8265285026736,141.02503712972,0,64.3644209641677,42.399524650382,53.352164048415,41.7044356548003,0,70.3810797471266,26.1600560988149,62.3127425107089,88.6099243164062,19.7714106459037,29.1573655071792,15.1363358672255,104.975916181292,129.725172042847,96.2852522532145,73.2363917032878,0,113.615047454834,47.6423885717938,126.927093505859,40.9142610325533,53.5045065268492,34.2765010765621,0,0,0,106.188110351562,0,0,0,55.9388210296631,0,54.4551023483276,0,0,0,63.3300877106495,0,72.4750035603841,0,92.5247344970703,77.4454857962472,68.1234352111816,91.0107040405273,32.5878540707618,59.2843464374542,66.3311014175415,0,0,0,0,0,0,64.5906066894531
91.6664889407257,27.1620095068525,13.296717383722,62.255650639534,0,166.118109130859,126.053884524391,74.8436391780423,112.159636371286,117.185769301194,111.098930116684,77.9508869141106,156.627730051676,83.6118265187965,108.848160214977,128.226186828613,63.830355975363,45.8844534351933,80.6304241629208,58.1034971194505,136.605542500814,57.3116520697538,43.0765706166064,27.7314033333832,108.290750764546,70.3676336353693,26.6467706322932,34.1119507293378,51.8999539160489,87.5592004229987,64.3780512505633,89.5027725219727,158.177453613281,84.811950923814,55.7012809449458,135.742856343587,54.4762969970703,76.8233309872328,49.2199107899385,0,0,0,120.83399772644,0,0,140.817031860352,0,0,97.4403457641602,0,0,123.932842254639,92.3057468732198,0,108.479259490967,0,95.7194168908255,72.1322153363909,89.6248631477356,158.49169921875,109.818473815918,95.2528245507217,78.7216021916638,128.537801106771,137.95068359375,112.981338500977,0,0,0,89.7642441749573
70.236695098877,14.0238342719389,62.255650639534,11.2022990202292,55.9890791575114,134.756973266602,76.4553352882122,44.8291712267761,83.7110243903266,9.97380546188954,59.6242376410443,36.3143040211995,60.7896737185391,30.6162999106235,85.2524228142303,108.567291259766,40.6987935212942,43.7076207674467,48.8234918382433,31.385599723229,62.6224864778065,61.104922358195,12.1809961422015,64.8234687951895,13.1573839675171,16.5621903149735,30.4637321405243,25.2400515201974,34.4878911196,66.1844038408856,49.3209643495676,0,0,64.4006339179145,44.4537874735319,0,38.5704240509958,97.3895645141602,30.9498321056366,81.8759943644206,0,93.6859529283312,56.9884418140758,93.6546666071965,22.4629287719727,63.7733543395996,53.5534529252486,68.1243215288435,42.6523591746455,105.434553146362,84.907356262207,115.085250854492,66.4267275193158,0,66.9785095850627,77.0946362813314,80.6552894592285,59.4596163431803,138.827346801758,38.5218152132901,37.1780798506029,59.9087335268656,61.0284768927912,52.4006008203479,105.196787834167,64.6222779410226,0,0,0,70.575226020813
81.5948079427083,0,0,55.9890791575114,5.60839022730744,0,52.2756132612041,29.8371346386996,82.6515952079527,51.8849095431241,13.8579746699257,0,13.3485167801541,0,86.6462104797363,63.9306779588972,0,0,0,0,7.13607045510682,125.484283447266,0,0,9.94029521743061,0,0,89.7436447143555,10.4090423610611,82.3105764389038,97.6900253295898,0,0,69.8560093470982,80.5067873001099,0,0,0,0,4.55514686772342,0,0,131.525981903076,0,0,0,0,6.83474722105203,0,177.045761108398,0,0,0,0,0,3.63486036774832,0,0,0,20.4954002530951,0,0,0,8.57366259170301,159.82275390625,0,0,0,0,0
65.6966117858887,0,166.118109130859,134.756973266602,0,6.26119837788251,8.25282540915345,102.251863267687,13.895900228074,47.445484161377,102.032724253337,0,113.438410949707,0,28.3488179885682,13.1012011797933,0,0,0,0,116.480406188965,111.212257385254,155.4775390625,141.404458999634,111.871738433838,0,219.353424072266,180.000514984131,108.204907226562,18.9725880880523,0,0,9.7470126988595,0,30.0759258270264,0,0,0,0,0,0,0,0,0,0,0,0,0,0,0,0,0,0,0,0,0,0,0,0,0,0,0,0,0,0,0,0,0,0,0
69.1672552946572,0,126.053884524391,76.4553352882122,52.2756132612041,8.25282540915345,7.86073943444879,47.9219985375961,17.0666619930893,34.0430950627607,26.8356787129552,114.510200500488,23.3900885413317,179.134567260742,19.7816951621536,9.80845452470637,160.339162190755,158.388997395833,0,0,53.0998742103577,116.314067840576,124.352759679159,120.611610224218,52.7929265176928,193.20267868042,164.019329440209,137.369869007784,60.6200453777702,17.2601413394226,109.943813165029,0,16.1443049810371,87.5669865463719,49.7018864935289,147.434448242188,0,0,120.883430480957,172.336471557617,0,128.239212036133,123.49565633138,161.115055629185,91.7056452433268,128.181292303677,0,53.5157014755976,0,164.936033460829,0,0,0,0,0,0,0,90.6172523498535,0,103.313080469767,0,0,0,125.704862447885,175.226913452148,0,0,190.009338378906,150.539657592773,165.632514953613
25.6867269524731,110.187291145325,74.8436391780423,44.8291712267761,29.8371346386996,102.251863267687,47.9219985375961,8.26367104143454,51.1031797687833,44.0725964014563,20.466571072623,147.585535049438,39.0797598300836,143.698139190674,29.2321373367257,66.0222170456596,70.3526117823145,83.936923927731,132.161273956299,121.711267380487,35.3832099929111,59.1921126621017,64.3552629038231,64.5532330517267,35.0797740397446,138.438105106354,116.795750961304,85.269355207501,17.50633672547,36.6016610872974,15.0353913224339,0,106.229512532552,48.1841243279131,56.6570459249577,119.521687825521,0,115.047782897949,71.200980758667,91.1569595336914,0,166.410866873605,100.143574476242,140.543496973374,83.959846496582,101.629798771785,0,79.081324005127,0,136.635946468431,133.698978424072,0,0,0,0,121.608032226562,0,81.68439356486,162.640762329102,85.82806998805,204.369689941406,0,0,92.1867262741615,144.440438537598,0,0,180.052673339844,0,143.375175476074
26.0602836605737,130.756071090698,112.159636371286,83.7110243903266,82.6515952079527,13.895900228074,17.0666619930893,51.1031797687833,10.2600642511695,72.4955387374982,24.4864906916475,171.155824661255,67.8529621752138,181.614288330078,15.5423966820025,22.6253603253964,124.03955832295,128.536519147348,190.464237213135,163.271522521973,71.2763225085115,104.020641615897,118.591857873652,104.591824217256,61.7594144734308,176.197160402934,149.41621386854,128.544586123512,60.2213129519953,24.0699104120838,74.9974999704669,231.422912597656,11.3685473216055,83.3878366874926,46.278312373015,0,151.474639892578,175.81568145752,95.4482955932617,0,0,0,122.912015914917,184.134777832031,0,132.000420888265,0,76.9383268810454,0,191.295247395833,0,0,171.186676025391,0,0,0,183.89741007487,0,184.864688873291,128.679659525553,0,178.933654785156,0,118.533203125,171.143005371094,0,0,0,0,185.53638458252
66.5251553948246,0,117.185769301194,9.97380546188954,51.8849095431241,47.445484161377,34.0430950627607,44.0725964014563,72.4955387374982,6.90948167897507,54.068571422411,0,11.8819708948946,0,79.823197445627,16.7809690899905,57.9126255852835,103.907674407959,0,0,38.1972626223423,60.0160482332304,15.3748726971944,69.667889882283,10.6004072826646,0,114.245586395264,82.7877664980681,32.6891163720412,68.8212251161274,48.9233808570973,0,117.221468607585,63.7899820539686,71.4452252595321,0,0,0,118.48650487264,97.8835515975952,0,107.995764414469,75.6241959658536,115.693035291589,50.2403633117676,80.6348717212677,0,62.8469768762589,0,106.972825702868,76.1641387939453,0,0,0,0,93.615195534446,0,0,0,54.2608059750328,0,0,139.499618530273,74.1459275371624,113.736675262451,0,0,0,0,128.487922668457
59.3067457477784,216.417343139648,111.098930116684,59.6242376410443,13.8579746699257,102.032724253337,26.8356787129552,20.466571072623,24.4864906916475,54.068571422411,8.51837217942076,209.90119934082,17.9638353541965,189.842468261719,36.5486338009141,57.4863577960009,146.718755086263,170.919775390625,0,221.626983642578,11.9438495783981,113.852516174316,110.883428573608,106.590887977082,36.5697035897321,194.279525756836,151.79564666748,114.696712493896,19.9784048515035,78.4759470587378,87.4243859742817,0,122.143740567294,72.1568746731199,80.9405957308683,142.48969523112,0,0,83.7589950561523,138.259189605713,181.832305908203,146.69093170166,119.553404547951,163.009529359879,100.619130452474,121.203570292546,0,67.8929849821946,0,154.313398573134,119.596473693848,0,0,0,0,131.654518127441,0,92.9936294555664,0,100.114041222466,0,0,191.038192749023,113.795019973171,161.51030343039,0,0,183.716583251953,0,157.420684814453
163.467361450195,54.7565031119272,77.9508869141106,36.3143040211995,0,0,114.510200500488,147.585535049438,171.155824661255,0,209.90119934082,7.94646003894189,0,16.5135142668184,183.915684700012,0,123.60801188151,54.4750798543294,14.2907462206963,21.9379525830689,126.069580078125,106.872884477888,141.064811706543,104.224639211382,189.092376708984,26.785911949766,28.5048882128444,48.7208061699829,151.418788909912,148.821281909943,110.182190486363,31.7273920368362,0,144.333255004883,23.9161895173246,0,55.5113922119141,117.397899627686,50.6154653549194,0,0,0,0,0,0,0,62.3216087341309,0,22.8891578337725,0,0,0,119.271741867065,0,116.28039264679,0,0,0,0,0,54.4883665357317,99.8306539198932,103.111557419236,0,0,0,0,0,0,131.13446299235
84.9349551481359,0,156.627730051676,60.7896737185391,13.3485167801541,113.438410949707,23.3900885413317,39.0797598300836,67.8529621752138,11.8819708948946,17.9638353541965,0,9.08814677151645,0,85.970884287402,14.2150573932808,130.172889709473,171.079971313477,0,248.660675048828,12.3614715057676,0,109.400225321452,148.590030670166,27.8607912549796,0,132.207138061523,147.348936080933,44.1003124045163,87.5963378425117,92.0756950378418,0,109.980126698812,84.3558221114309,84.9371222022763,150.804023742676,0,0,77.3765258789062,140.223932902018,0,136.528358459473,115.365733337402,154.470008850098,66.2757541111537,118.791756385981,0,17.1142139692198,0,146.723241632635,0,0,0,0,0,0,0,0,0,83.0852014878217,0,0,0,109.98742696974,167.664355807834,134.705871582031,0,0,0,156.746215820312
168.134562174479,50.8265285026736,83.6118265187965,30.6162999106235,0,0,179.134567260742,143.698139190674,181.614288330078,0,189.842468261719,16.5135142668184,0,6.13741176295439,179.804931640625,0,0,67.8367359599129,45.1672093829593,42.518455673298,0,121.177536010742,0,110.75186421321,0,15.3396437504679,28.7308276413072,44.5886607005936,131.897379557292,185.903881072998,0,13.9151793501446,0,159.638774871826,36.609389456796,0,35.4886932373047,0,34.4136180877686,0,0,0,0,0,0,0,53.2677711486816,0,5.29935776376724,0,0,0,114.742199707031,0,0,0,0,0,0,0,36.3163934435163,102.224745530349,100.755305897106,0,0,0,0,0,0,65.0335845947266
11.1493449389107,141.02503712972,108.848160214977,85.2524228142303,86.6462104797363,28.3488179885682,19.7816951621536,29.2321373367257,15.5423966820025,79.823197445627,36.5486338009141,183.915684700012,85.970884287402,179.804931640625,8.2927711549705,22.858952173955,126.182687271473,118.684111446804,181.029327392578,154.914327854063,84.3208181717817,100.419946679009,115.338372137032,101.42243442562,69.6759587392499,173.860507965088,147.760787228809,128.557853074173,66.257394939661,18.5376599793499,67.7012485453587,0,13.7306441301473,33.5413750880473,43.1608228867313,0,0,180.204559326172,123.28923034668,0,0,0,137.793781280518,0,0,0,0,98.351526260376,0,0,0,0,0,0,0,0,197.508712768555,132.110794067383,168.526624043783,0,0,206.35710144043,172.29426574707,126.404851277669,0,0,0,0,0,187.092468261719
49.8027118047078,0,128.226186828613,108.567291259766,63.9306779588972,13.1012011797933,9.80845452470637,66.0222170456596,22.6253603253964,16.7809690899905,57.4863577960009,0,14.2150573932808,0,22.858952173955,8.05686350370278,0,187.191040039062,0,173.389022827148,48.4003540992737,133.172210693359,145.411982218424,119.929887771606,36.9601743174534,0,175.22966003418,158.782232012068,73.3718157874213,19.5679244105778,0,0,28.7040705680847,0,31.3689518668435,0,0,0,0,132.157028198242,0,0,112.114685058594,149.04940032959,0,90.380313873291,0,63.5657094955444,0,0,0,0,0,0,0,0,0,0,0,65.9172821044922,0,0,0,92.4166412353516,0,0,0,0,0,0
108.938245487213,64.3644209641677,63.830355975363,40.6987935212942,0,0,160.339162190755,70.3526117823145,124.03955832295,57.9126255852835,146.718755086263,123.60801188151,130.172889709473,0,126.182687271473,0,10.9006521103143,81.6700556897742,118.470176696777,112.043906471946,0,25.6946177773008,14.0369662232275,20.2991446836129,20.3234306873384,117.923207092285,92.7650120863274,21.563263629903,37.4276707730906,111.733565875462,44.134565208927,0,126.017013549805,102.668408146611,61.7121430078437,0,0,109.34619140625,57.7056064605713,0,0,0,0,0,0,0,0,0,0,0,0,6.40309243806651,0,0,0,0,119.130252838135,49.3573163350423,100.240693410238,0,0,109.304439544678,76.3035001754761,67.2772216796875,218.452102661133,0,0,0,0,0
102.200538390133,42.399524650382,45.8844534351933,43.7076207674467,0,0,158.388997395833,83.936923927731,128.536519147348,103.907674407959,170.919775390625,54.4750798543294,171.079971313477,67.8367359599129,118.684111446804,187.191040039062,81.6700556897742,11.6044618632893,50.3377703825633,24.2956713911314,0,46.1590870744774,71.205291789511,17.9369173270872,110.710524691068,60.1830344441336,23.4889335649167,56.3530820258703,102.64697110296,91.8418729970743,67.5293898194523,80.268726348877,141.013971964518,91.0530239239074,37.0633335739349,0,95.7925392150879,88.4131111871629,70.1725705464681,0,0,0,0,0,0,0,0,0,55.4933815002441,0,0,0,93.4185003024429,0,103.231174621582,0,124.383651733398,89.7767839431763,112.699954605103,0,125.292137145996,90.5711590160023,96.9729995727539,157.40559387207,0,0,0,0,0,100.055411297342
0,53.352164048415,80.6304241629208,48.8234918382433,0,0,0,132.161273956299,190.464237213135,0,0,14.2907462206963,0,45.1672093829593,181.029327392578,0,118.470176696777,50.3377703825633,5.6536725738821,13.650626941609,0,142.782541275024,0,108.398981730143,0,43.0099663584644,16.5970021047815,51.1139728406842,126.422950744629,162.44457244873,124.402359008789,59.056396484375,0,0,47.2698727713691,0,89.0396041870117,0,0,0,0,0,0,0,0,0,0,0,0,0,0,0,105.767860412598,0,121.54109954834,0,0,0,0,0,121.853965759277,108.344226201375,107.880740574428,0,0,0,0,0,0,127.400207519531
139.952667823205,41.7044356548003,58.1034971194505,31.385599723229,0,0,0,121.711267380487,163.271522521973,0,221.626983642578,21.9379525830689,248.660675048828,42.518455673298,154.914327854063,173.389022827148,112.043906471946,24.2956713911314,13.650626941609,9.91569313868353,0,88.89800794308,89.5493555704753,68.410150007313,128.728864229642,36.8564876768886,20.3950986229931,53.5390123227033,126.057621002197,122.39835272895,96.7544231414795,56.4440269470215,0,114.187597198486,46.1636439923672,166.333053588867,85.841423034668,117.091857062446,78.5134836832682,0,0,0,0,0,0,0,96.2201080322266,0,88.7752469380697,0,0,153.958755493164,95.8952838352748,0,101.048121643066,0,0,140.025726318359,120.677330970764,0,95.1041688919067,88.1512748393607,97.1642307731676,0,0,0,0,0,0,105.68951525007
79.4773243613865,0,136.605542500814,62.6224864778065,7.13607045510682,116.480406188965,53.0998742103577,35.3832099929111,71.2763225085115,38.1972626223423,11.9438495783981,126.069580078125,12.3614715057676,0,84.3208181717817,48.4003540992737,0,0,0,0,6.32711486873555,135.717483520508,0,167.763893127441,14.2279358274703,0,138.693893432617,158.10835647583,16.4380171761355,84.9993127521716,80.9222412109375,0,114.222511291504,78.2643998244713,82.842617232224,140.761711120605,0,0,93.9344787597656,157.752563476562,0,142.540214538574,122.747241627086,165.199303366921,89.2078857421875,122.5093472455,0,10.5960785864446,0,154.723976135254,118.74169921875,0,0,0,0,97.5937940279643,0,112.837146759033,0,97.5416812896729,0,0,0,115.505434308733,163.43204498291,0,0,197.76676940918,0,163.981211344401
89.5909108734131,70.3810797471266,57.3116520697538,61.104922358195,125.484283447266,111.212257385254,116.314067840576,59.1921126621017,104.020641615897,60.0160482332304,113.852516174316,106.872884477888,0,121.177536010742,100.419946679009,133.172210693359,25.6946177773008,46.1590870744774,142.782541275024,88.89800794308,135.717483520508,8.67955987659885,31.6910709504811,17.968676833502,47.7434128838024,115.963605378803,93.9540577082671,52.9806295512675,19.1439458320251,72.815258026123,20.2748761461527,129.274032592773,0,68.5276223568434,43.1685169601455,0,0,116.747957865397,0,0,0,0,0,0,0,0,0,0,0,0,0,69.6999053955078,118.135643005371,0,0,199.972274780273,121.825540542603,46.5202407836914,122.066481590271,0,0,143.373608907064,0,0,0,0,0,0,0,146.841064453125
101.12468104576,26.1600560988149,43.0765706166064,12.1809961422015,0,155.4775390625,124.352759679159,64.3552629038231,118.591857873652,15.3748726971944,110.883428573608,141.064811706543,109.400225321452,0,115.338372137032,145.411982218424,14.0369662232275,71.205291789511,0,89.5493555704753,0,31.6910709504811,6.41178073672027,35.5458584137475,9.85281224940952,85.5014635721842,85.6023418147389,21.1648951805354,35.9209728009539,88.7660674911609,41.1987894537778,131.253341674805,166.246688842773,83.1863457815988,57.4721147801437,0,0,72.4347081184387,19.5827511988188,0,0,0,78.5918045043945,0,28.5385818481445,0,0,0,0,0,0,44.7124334062849,74.3614377975464,0,0,0,63.5309403991699,11.4594613524044,50.4249731365003,0,0,66.1261820111956,66.8268356323242,51.2132398431951,100.997406005859,64.7136402130127,0,0,59.0645332336426,70.4469909667969
88.420427087591,62.3127425107089,27.7314033333832,64.8234687951895,0,141.404458999634,120.611610224218,64.5532330517267,104.591824217256,69.667889882283,106.590887977082,104.224639211382,148.590030670166,110.75186421321,101.42243442562,119.929887771606,20.2991446836129,17.9369173270872,108.398981730143,68.410150007313,167.763893127441,17.968676833502,35.5458584137475,12.2750953271178,58.1432764196092,99.2392906957819,69.5206162151567,43.2884843781082,36.5086755642232,86.9363016268102,36.907763688336,115.461259460449,131.873072306315,85.426479819141,47.0462801047924,0,76.2641696929932,99.2283925075157,67.2619596208845,0,0,0,149.271430969238,0,0,129.051239013672,0,0,0,0,0,0,118.357415517171,0,0,0,103.105529785156,70.2243804931641,103.524981794686,126.796592712402,0,126.525291442871,92.1493502530185,153.95972442627,0,0,0,0,0,109.140859331403
60.4290081776825,88.6099243164062,108.290750764546,13.1573839675171,9.94029521743061,111.871738433838,52.7929265176928,35.0797740397446,61.7594144734308,10.6004072826646,36.5697035897321,189.092376708984,27.8607912549796,0,69.6759587392499,36.9601743174534,20.3234306873384,110.710524691068,0,128.728864229642,14.2279358274703,47.7434128838024,9.85281224940952,58.1432764196092,8.16864599007421,149.075370788574,135.927660260882,74.0294880616037,13.4316615559373,62.3352456255763,48.3868766071416,0,108.45659828186,57.8604443931263,67.9092008542803,92.4653981526693,0,138.978900909424,43.3781318664551,10.3057765330675,152.48508199056,117.097312511097,77.5670515983335,118.37419082772,49.7638536626642,81.5134164917882,0,79.5174518851347,0,114.116968566895,82.8928518295288,148.206436157227,0,0,0,44.661827037209,0,62.7735595703125,0,52.2599270379472,0,0,0,72.0540622537483,122.15982699924,89.8487396240234,0,153.418151855469,0,119.147764669882
158.055374145508,19.7714106459037,70.3676336353693,16.5621903149735,0,0,193.20267868042,138.438105106354,176.197160402934,0,194.279525756836,26.785911949766,0,15.3396437504679,173.860507965088,0,117.923207092285,60.1830344441336,43.0099663584644,36.8564876768886,0,115.963605378803,85.5014635721842,99.2392906957819,149.075370788574,9.05139655189268,30.6884374157302,19.3045739839759,125.339053883272,152.525947062174,139.242657979329,42.4598664153706,0,147.065305709839,40.6504103351284,0,45.53829933761,107.851587931315,29.3685584813356,0,0,0,0,0,0,184.69499206543,46.2383832197923,0,37.7329477971914,0,0,0,74.6830487251282,99.4002151489258,92.2316027554599,0,156.28076171875,60.1785714891222,173.871307373047,0,39.6442687107967,71.6256100523706,69.6817137972514,0,0,0,0,0,0,83.8334240913391
128.984359005381,29.1573655071792,26.6467706322932,30.4637321405243,0,219.353424072266,164.019329440209,116.795750961304,149.41621386854,114.245586395264,151.79564666748,28.5048882128444,132.207138061523,28.7308276413072,147.760787228809,175.22966003418,92.7650120863274,23.4889335649167,16.5970021047815,20.3950986229931,138.693893432617,93.9540577082671,85.6023418147389,69.5206162151567,135.927660260882,30.6884374157302,12.5659209504746,22.9079484350835,107.592253651338,127.681843189278,100.617767333984,29.7652868798508,0,123.28251953125,47.3973284233726,141.017883300781,76.6934347481563,79.887694171656,80.6991999149323,0,0,0,142.673016866048,0,0,0,104.102261861165,0,34.7101907730103,0,0,133.233529663086,87.8778726549571,119.601921081543,94.0314917835763,0,132.81079864502,121.221110026042,113.803943980824,0,71.0671113332113,81.8832993004579,88.3356240590413,144.594818115234,0,109.437889099121,0,0,157.290267944336,95.7604842924736
113.360387703622,15.1363358672255,34.1119507293378,25.2400515201974,89.7436447143555,180.000514984131,137.369869007784,85.269355207501,128.544586123512,82.7877664980681,114.696712493896,48.7208061699829,147.348936080933,44.5886607005936,128.557853074173,158.782232012068,21.563263629903,56.3530820258703,51.1139728406842,53.5390123227033,158.10835647583,52.9806295512675,21.1648951805354,43.2884843781082,74.0294880616037,19.3045739839759,22.9079484350835,11.0684662075069,56.6515707525842,112.336655568055,88.7609655557604,23.033901703601,181.119145711263,110.897550930531,58.0452186232653,125.874698638916,59.9519314236111,74.4804230627612,66.1603139964017,0,0,0,146.080039978027,0,0,0,95.8707449776786,0,75.5256639368394,0,0,44.7986863165191,86.4061475690905,101.396053314209,91.7595975775468,0,98.547520210003,64.0798746964027,85.8229247859267,145.226989746094,60.4959207160451,80.6832341921019,77.2149080610838,146.796020507812,143.292195638021,96.1011047363281,0,0,0,92.5938976642697
60.6746716757645,104.975916181292,51.8999539160489,34.4878911196,10.4090423610611,108.204907226562,60.6200453777702,17.50633672547,60.2213129519953,32.6891163720412,19.9784048515035,151.418788909912,44.1003124045163,131.897379557292,66.257394939661,73.3718157874213,37.4276707730906,102.64697110296,126.422950744629,126.057621002197,16.4380171761355,19.1439458320251,35.9209728009539,36.5086755642232,13.4316615559373,125.339053883272,107.592253651338,56.6515707525842,9.43864841422694,60.1150191902525,27.4301485125046,0,107.689697265625,52.4179493835401,56.4504748258271,0,0,0,68.2496152605329,129.963912963867,0,147.67396736145,97.8624121926048,136.505717686244,76.3855094909668,93.4252671741304,0,78.2222366333008,0,140.023628898289,0,0,0,0,0,0,126.4231300354,68.1669778823853,116.005140032087,81.6338900862069,0,0,117.866321563721,83.0095169838895,137.650465111983,99.1737518310547,0,150.48957824707,0,131.330532954289
13.410705687994,129.725172042847,87.5592004229987,66.1844038408856,82.3105764389038,18.9725880880523,17.2601413394226,36.6016610872974,24.0699104120838,68.8212251161274,78.4759470587378,148.821281909943,87.5963378425117,185.903881072998,18.5376599793499,19.5679244105778,111.733565875462,91.8418729970743,162.44457244873,122.39835272895,84.9993127521716,72.815258026123,88.7660674911609,86.9363016268102,62.3352456255763,152.525947062174,127.681843189278,112.336655568055,60.1150191902525,6.45553937089034,22.192740328999,204.032958984375,10.9926488105615,11.9768489132146,37.100988394022,0,0,154.802340189616,0,0,0,0,171.844863891602,0,0,148.985916137695,0,89.6205764770508,0,182.910751342773,0,0,152.780097961426,0,0,231.146697998047,0,125.558609008789,170.379135131836,0,0,180.162857055664,0,0,0,0,0,0,0,189.845413208008
26.7563844143794,96.2852522532145,64.3780512505633,49.3209643495676,97.6900253295898,0,109.943813165029,15.0353913224339,74.9974999704669,48.9233808570973,87.4243859742817,110.182190486363,92.0756950378418,0,67.7012485453587,0,44.134565208927,67.5293898194523,124.402359008789,96.7544231414795,80.9222412109375,20.2748761461527,41.1987894537778,36.907763688336,48.3868766071416,139.242657979329,100.617767333984,88.7609655557604,27.4301485125046,22.192740328999,9.87068723171926,0,0,37.0020170386102,36.3396763250235,0,0,107.49924214681,0,0,0,213.242523193359,0,0,0,0,0,0,0,0,0,0,158.633712768555,0,0,0,137.577799479167,77.5870513916016,109.81330871582,0,0,127.46541595459,134.12158203125,95.9256057739258,0,0,0,0,0,132.750854492188
0,73.2363917032878,89.5027725219727,0,0,0,0,0,231.422912597656,0,0,31.7273920368362,0,13.9151793501446,0,0,0,80.268726348877,59.056396484375,56.4440269470215,0,129.274032592773,131.253341674805,115.461259460449,0,42.4598664153706,29.7652868798508,23.033901703601,0,204.032958984375,0,6.01348507958789,0,0,64.6245830059052,0,0,0,0,0,0,0,0,0,0,0,0,0,38.6081911722819,0,0,0,0,0,0,0,0,0,0,0,104.625366210938,0,106.002941131592,0,0,0,0,0,0,0
73.2076862880162,0,158.177453613281,0,0,9.7470126988595,16.1443049810371,106.229512532552,11.3685473216055,117.221468607585,122.143740567294,0,109.980126698812,0,13.7306441301473,28.7040705680847,126.017013549805,141.013971964518,0,0,114.222511291504,0,166.246688842773,131.873072306315,108.45659828186,0,0,181.119145711263,107.689697265625,10.9926488105615,0,0,5.38386531914696,0,33.5400684717539,0,0,0,0,0,0,0,0,0,0,0,0,0,0,0,0,0,0,0,0,0,0,0,0,0,0,0,0,0,0,0,0,0,0,0
18.7920630720356,113.615047454834,84.811950923814,64.4006339179145,69.8560093470982,0,87.5669865463719,48.1841243279131,83.3878366874926,63.7899820539686,72.1568746731199,144.333255004883,84.3558221114309,159.638774871826,33.5413750880473,0,102.668408146611,91.0530239239074,0,114.187597198486,78.2643998244713,68.5276223568434,83.1863457815988,85.426479819141,57.8604443931263,147.065305709839,123.28251953125,110.897550930531,52.4179493835401,11.9768489132146,37.0020170386102,0,0,6.10540686968505,31.9328373077692,0,0,142.52685546875,0,0,0,0,134.629150390625,0,0,0,0,0,0,0,0,0,159.199066162109,0,0,0,0,0,161.695114135742,0,0,147.707061767578,0,125.923271179199,0,0,0,0,0,0
59.5685460681007,47.6423885717938,55.7012809449458,44.4537874735319,80.5067873001099,30.0759258270264,49.7018864935289,56.6570459249577,46.278312373015,71.4452252595321,80.9405957308683,23.9161895173246,84.9371222022763,36.609389456796,43.1608228867313,31.3689518668435,61.7121430078437,37.0633335739349,47.2698727713691,46.1636439923672,82.842617232224,43.1685169601455,57.4721147801437,47.0462801047924,67.9092008542803,40.6504103351284,47.3973284233726,58.0452186232653,56.4504748258271,37.100988394022,36.3396763250235,64.6245830059052,33.5400684717539,31.9328373077692,11.3646843652018,0,126.255977630615,101.822272033691,0,0,0,0,144.92106628418,0,0,0,0,88.764461517334,40.9161605834961,0,0,0,97.4212219238281,0,95.2047602335612,0,110.604362487793,0,107.359881314364,162.591522216797,71.9404563903809,92.7971221568973,102.639540388777,191.622573852539,0,0,0,0,0,105.156560262044
0,126.927093505859,135.742856343587,0,0,0,147.434448242188,119.521687825521,0,0,142.48969523112,0,150.804023742676,0,0,0,0,0,0,166.333053588867,140.761711120605,0,0,0,92.4653981526693,0,141.017883300781,125.874698638916,0,0,0,0,0,0,0,7.57905678775766,99.078753019634,71.0160634933956,59.9394973616167,88.2575217352973,0,60.6571991660378,16.5054417866837,16.2958627799889,58.2238774888971,25.9705471482443,132.772186279297,68.3941842463979,0,8.99304986647085,0,82.7841720581055,81.2678057407511,0,102.31845664978,67.3471616109212,57.4307952783047,78.3979640287511,76.4263295370435,56.8369130805687,0,84.1126406655383,89.9722396157005,40.4474735625602,10.8505199713618,20.7218856992562,0,0,24.2085132890818,47.5427244191099
0,40.9142610325533,54.4762969970703,38.5704240509958,0,0,0,0,151.474639892578,0,0,55.5113922119141,0,35.4886932373047,0,0,0,95.7925392150879,89.0396041870117,85.841423034668,0,0,0,76.2641696929932,0,45.53829933761,76.6934347481563,59.9519314236111,0,0,0,0,0,0,126.255977630615,99.078753019634,6.80105528883509,33.4857410849718,9.02962477281331,0,0,0,94.3486200968425,0,119.175399780273,97.478889465332,58.185644452534,0,49.685688626939,0,0,73.696885661075,37.8098125103238,63.1753664016724,45.8070151313903,0,64.1212769994196,11.0696698523462,57.7570987080419,106.290977478027,17.0743290347476,36.5689504347452,35.0672091560707,81.773070526123,109.857369486491,88.4220962524414,0,0,114.326313018799,46.2299120487311
175.314605712891,53.5045065268492,76.8233309872328,97.3895645141602,0,0,0,115.047782897949,175.81568145752,0,0,117.397899627686,0,0,180.204559326172,0,109.34619140625,88.4131111871629,0,117.091857062446,0,116.747957865397,72.4347081184387,99.2283925075157,138.978900909424,107.851587931315,79.887694171656,74.4804230627612,0,154.802340189616,107.49924214681,0,0,142.52685546875,101.822272033691,71.0160634933956,33.4857410849718,10.8267194951183,34.4424508586866,0,0,0,56.7656530445458,94.9410334004984,108.816769526555,74.2623758951823,65.5588748638447,0,69.8626811687763,90.275745985243,0,56.3986797163972,23.7866544840355,61.8921813964844,54.744631174991,0,40.6946926857661,35.4859859437125,16.5795122773094,98.5992815835135,61.0601865450541,15.5054070497168,17.2670413068785,50.5612848793588,83.584627643074,50.6610896948612,69.6456832885742,0,82.4938777287801,30.193344492415
0,34.2765010765621,49.2199107899385,30.9498321056366,0,0,120.883430480957,71.200980758667,95.4482955932617,118.48650487264,83.7589950561523,50.6154653549194,77.3765258789062,34.4136180877686,123.28923034668,0,57.7056064605713,70.1725705464681,0,78.5134836832682,93.9344787597656,0,19.5827511988188,67.2619596208845,43.3781318664551,29.3685584813356,80.6991999149323,66.1603139964017,68.2496152605329,0,0,0,0,0,0,59.9394973616167,9.02962477281331,34.4424508586866,18.2614623298164,65.9495985666911,123.151103973389,83.1550363813128,45.2952784073969,85.345294157664,15.9982781249124,49.1126294502845,35.9141857331799,89.7673072814941,26.3211092948914,79.9984414791633,86.5581403459821,69.0695521680615,43.3453691079066,61.951940536499,51.4498911579763,69.1281371892885,56.7458945873172,39.115960364318,49.5943314872975,20.8591989978924,19.8233273557341,36.6132343959614,39.866062361457,36.1662413266609,79.3612741180895,53.0020914693827,0,123.85662651062,64.3972759488263,54.7858930044767
0,0,0,81.8759943644206,4.55514686772342,0,172.336471557617,91.1569595336914,0,97.8835515975952,138.259189605713,0,140.223932902018,0,0,132.157028198242,0,0,0,0,157.752563476562,0,0,0,10.3057765330675,0,0,0,129.963912963867,0,0,0,0,0,0,88.2575217352973,0,0,65.9495985666911,7.81924507050389,0,42.0447021631094,75.8535771369934,86.8370955033736,61.6060031833071,12.9339494831604,0,30.8362285948378,0,87.4047299027443,53.1061935424805,62.5209121704102,0,0,0,10.1467862324546,0,36.9085788726807,96.909049987793,15.0340917662474,0,0,100.167282104492,11.6538826843557,94.447514026196,0,0,131.844390869141,0,93.8437705569797
0,0,0,0,0,0,0,0,0,0,181.832305908203,0,0,0,0,0,0,0,0,0,0,0,0,0,152.48508199056,0,0,0,0,0,0,0,0,0,0,0,0,0,123.151103973389,0,6.52687803466725,10.44813942242,106.671745300293,13.4338587224887,68.7928676605225,100.599282900492,0,94.6918512232163,0,26.1008340520416,10.1225638691124,0,0,0,0,114.150750296456,0,130.890609741211,0,93.012152671814,0,0,0,99.2515956333705,25.5331488296276,0,0,9.5748100979507,0,28.6070908400972
0,0,0,93.6859529283312,0,0,128.239212036133,166.410866873605,0,107.995764414469,146.69093170166,0,136.528358459473,0,0,0,0,0,0,0,142.540214538574,0,0,0,117.097312511097,0,0,0,147.67396736145,0,213.242523193359,0,0,0,0,60.6571991660378,0,0,83.1550363813128,42.0447021631094,10.44813942242,10.0189655273041,48.061500761244,21.5968407890147,70.674773867925,22.4764653589821,0,21.8223542823815,67.9483642578125,32.2555296297471,12.2287026734748,0,0,0,0,37.1050205732647,0,0,146.639450073242,63.066723209943,0,0,110.583045959473,53.1694015353821,28.6831458940029,0,0,16.7423464093593,93.5350875854492,30.6636077303532
129.301162719727,106.188110351562,120.83399772644,56.9884418140758,131.525981903076,0,123.49565633138,100.143574476242,122.912015914917,75.6241959658536,119.553404547951,0,115.365733337402,0,137.793781280518,112.114685058594,0,0,0,0,122.747241627086,0,78.5918045043945,149.271430969238,77.5670515983335,0,142.673016866048,146.080039978027,97.8624121926048,171.844863891602,0,0,0,134.629150390625,144.92106628418,16.5054417866837,94.3486200968425,56.7656530445458,45.2952784073969,75.8535771369934,106.671745300293,48.061500761244,7.79756162494416,19.607553281721,47.2764075478842,14.4977396368228,107.890845162528,103.557046890259,130.97824605306,17.351577441177,69.2277431488037,82.2946200370789,74.5060439760268,122.910362243652,95.1313771649826,103.630122375488,52.6908138932737,76.4254256603765,46.9867213814558,41.3440744211644,0,75.4089954334301,79.7530232960593,20.2100788975933,34.4865143590293,20.4993671854174,135.730377197266,0,34.2012752091804,52.2525261334471
0,0,0,93.6546666071965,0,0,161.115055629185,140.543496973374,184.134777832031,115.693035291589,163.009529359879,0,154.470008850098,0,0,149.04940032959,0,0,0,0,165.199303366921,0,0,0,118.37419082772,0,0,0,136.505717686244,0,0,0,0,0,0,16.2958627799889,0,94.9410334004984,85.345294157664,86.8370955033736,13.4338587224887,21.5968407890147,19.607553281721,9.19179897280926,84.7373605406428,20.3415819046765,0,66.3816335799798,157.878143310547,13.0369569089368,25.4876018464967,0,0,0,78.6857452392578,78.5689529292988,0,104.505029042562,78.7049411805738,67.3996449099539,0,112.802676165545,107.794711521694,57.7747821039802,23.9304652696725,39.7195529937744,0,10.454007022926,44.4623937606812,31.1727493755471
0,0,0,22.4629287719727,0,0,91.7056452433268,83.959846496582,0,50.2403633117676,100.619130452474,0,66.2757541111537,0,0,0,0,0,0,0,89.2078857421875,0,28.5385818481445,0,49.7638536626642,0,0,0,76.3855094909668,0,0,0,0,0,0,58.2238774888971,119.175399780273,108.816769526555,15.9982781249124,61.6060031833071,68.7928676605225,70.674773867925,47.2764075478842,84.7373605406428,5.22307198575348,51.1525194089707,0,11.9560492064822,0,80.3968968363203,16.3164700990163,50.3158103942871,111.735366821289,0,123.43247795105,44.2575653526518,79.5539704102736,19.8849726937083,70.3878845415617,13.5506362007358,0,113.513294219971,96.8543182373047,35.4977436045089,75.2442181101775,51.6144728626861,0,121.56467183431,62.290953189343,62.9020023695046
0,0,140.817031860352,63.7733543395996,0,0,128.181292303677,101.629798771785,132.000420888265,80.6348717212677,121.203570292546,0,118.791756385981,0,0,90.380313873291,0,0,0,0,122.5093472455,0,0,129.051239013672,81.5134164917882,184.69499206543,0,0,93.4252671741304,148.985916137695,0,0,0,0,0,25.9705471482443,97.478889465332,74.2623758951823,49.1126294502845,12.9339494831604,100.599282900492,22.4764653589821,14.4977396368228,20.3415819046765,51.1525194089707,9.34724385920564,0,16.7646142307313,0,43.4101653721877,52.2871887817383,85.3636894226074,119.292816162109,0,116.07984161377,12.9357328433958,93.0041513442993,83.4277142611417,54.7815298169677,29.5083616408177,0,88.8441714625205,85.4969827988568,30.5743274735231,53.2074439108868,35.8811143935029,0,97.5312616684858,40.8827376670026,51.345796585083
0,55.9388210296631,0,53.5534529252486,0,0,0,0,0,0,0,62.3216087341309,0,53.2677711486816,0,0,0,0,0,96.2201080322266,0,0,0,0,0,46.2383832197923,104.102261861165,95.8707449776786,0,0,0,0,0,0,0,132.772186279297,58.185644452534,65.5588748638447,35.9141857331799,0,0,0,107.890845162528,0,0,0,8.08752295252688,0,15.1824632261107,84.6485977172852,0,112.805918375651,47.0854854391079,14.0199425530458,25.4885778325414,0,81.2887191772461,105.467547416687,82.0412662142799,0,23.6008266951431,29.0627793418895,40.108187352694,0,132.588184356689,0,12.60383128915,0,0,21.4085219353218
0,0,0,68.1243215288435,6.83474722105203,0,53.5157014755976,79.081324005127,76.9383268810454,62.8469768762589,67.8929849821946,0,17.1142139692198,0,98.351526260376,63.5657094955444,0,0,0,0,10.5960785864446,0,0,0,79.5174518851347,0,0,0,78.2222366333008,89.6205764770508,0,0,0,0,88.764461517334,68.3941842463979,0,0,89.7673072814941,30.8362285948378,94.6918512232163,21.8223542823815,103.557046890259,66.3816335799798,11.9560492064822,16.7646142307313,0,8.26254572086139,0,71.5463475122784,17.5440380643915,0,0,0,0,13.4868450420738,137.812713623047,0,0,27.0767702646334,0,0,0,47.6397682966825,76.1730964105926,0,0,100.916447583367,84.5670394897461,78.3426834138637
0,54.4551023483276,97.4403457641602,42.6523591746455,0,0,0,0,0,0,0,22.8891578337725,0,5.29935776376724,0,0,0,55.4933815002441,0,88.7752469380697,0,0,0,0,0,37.7329477971914,34.7101907730103,75.5256639368394,0,0,0,38.6081911722819,0,0,40.9161605834961,0,49.685688626939,69.8626811687763,26.3211092948914,0,0,67.9483642578125,130.97824605306,157.878143310547,0,0,15.1824632261107,0,6.2299682606125,0,0,112.19702911377,59.6601805510344,39.7688996155069,44.3748240782645,0,61.7240028381348,72.1833648681641,100.35990524292,0,12.7593325841831,26.2539824722865,27.1275251496244,166.895446777344,125.065132141113,0,9.8103828833299,0,0,38.6344748735428
0,0,0,105.434553146362,177.045761108398,0,164.936033460829,136.635946468431,191.295247395833,106.972825702868,154.313398573134,0,146.723241632635,0,0,0,0,0,0,0,154.723976135254,0,0,0,114.116968566895,0,0,0,140.023628898289,182.910751342773,0,0,0,0,0,8.99304986647085,0,90.275745985243,79.9984414791633,87.4047299027443,26.1008340520416,32.2555296297471,17.351577441177,13.0369569089368,80.3968968363203,43.4101653721877,84.6485977172852,71.5463475122784,0,7.15318544446563,32.2467529900982,0,109.993929862976,0,133.231948852539,74.3684674759357,83.8071517944336,111.917568206787,84.6378042576677,70.2264178629672,0,110.53453403049,107.996537344796,57.2035470695009,11.7109038774531,60.5867233276367,0,10.5597585783738,16.7805576778594,29.0767141717901
0,0,0,84.907356262207,0,0,0,133.698978424072,0,76.1641387939453,119.596473693848,0,0,0,0,0,0,0,0,0,118.74169921875,0,0,0,82.8928518295288,0,0,0,0,0,0,0,0,0,0,0,0,0,86.5581403459821,53.1061935424805,10.1225638691124,12.2287026734748,69.2277431488037,25.4876018464967,16.3164700990163,52.2871887817383,0,17.5440380643915,0,32.2467529900982,7.34343730516383,0,0,0,0,51.6937374618818,0,75.7847213745117,110.380752563477,35.6680942432739,0,0,0,68.922109101948,36.6474638180855,0,0,43.5257705541757,0,30.845620072805
0,0,123.932842254639,115.085250854492,0,0,0,0,0,0,0,0,0,0,0,0,6.40309243806651,0,0,153.958755493164,0,69.6999053955078,44.7124334062849,0,148.206436157227,0,133.233529663086,44.7986863165191,0,0,0,0,0,0,0,82.7841720581055,73.696885661075,56.3986797163972,69.0695521680615,62.5209121704102,0,0,82.2946200370789,0,50.3158103942871,85.3636894226074,112.805918375651,0,112.19702911377,0,0,15.5566703530056,84.3040843539768,0,106.156639099121,0,16.2059119689802,29.726169726264,18.9604989169984,21.3180701773729,86.3173011779785,80.4330472042686,32.9101972187889,42.0467811060993,81.6529235839844,49.4914438779964,0,0,67.0612487792969,54.4600620638345
