14.7285044742047,134.945497785296,95.7279812829692,115.722976854112,84.6536923576804,66.5280170440674,69.8975959726282,26.8372330409528,29.5897089367244,78.993294746645,38.2900880553636,152.728192647298,84.8328138987223,176.741027832031,16.2372192263462,64.3047271728516,105.530532836914,100.569322291637,139.810134887695,124.465409808689,90.4789237976074,81.4328415192753,115.323998345269,84.3605510798149,82.5469904152346,145.915145874023,114.848798923054,118.571500976056,74.958879728575,13.5420754850519,27.9576445325631,164.867202758789,83.2471090463492,42.950828096141,93.0740467134069,0,0,162.732468377976,99.0284779866536,0,0,235.9306640625,150.515126546224,181.761013031006,101.032344818115,156.389007568359,230.150772094727,0,0,160.654525756836,0,122.867418924967,173.547202477088,209.633728027344,202.843711853027,178.669250488281,151.514636993408,110.483070373535,173.886489868164,129.215048527372,0,181.607996368408,174.102181174538,142.00356840476,140.614651997884,148.916549682617,0,0,138.939399719238,157.431884765625
134.945497785296,5.82045697333394,41.9360796335702,27.6436450302121,144.973834991455,221.109848022461,168.361099243164,134.633468062789,148.673226765224,68.1425468131553,146.51002629598,67.2535630943131,100.048066457113,55.4790420430229,146.279988375577,104.41950093145,80.6119647778963,50.245479831732,81.8380685533796,54.7179593673119,0,105.270173390706,21.0555837416887,81.0038737577551,82.1765278081463,20.5086206744551,36.0326373165346,32.4956982195104,126.441675652398,116.664183517982,105.175946940546,69.9308749834696,115.427047729492,160.917114257812,59.4984861082501,0,0,119.353797912598,123.797172546387,133.646423339844,0,0,176.992324829102,214.82470703125,118.515001296997,0,87.8871719837189,172.003379821777,76.3891327597878,0,0,162.157278060913,113.300101230019,108.32999420166,105.604827668932,174.517723083496,0,147.798482259115,115.731910705566,135.975972917345,49.9349608421326,93.2236747741699,98.2015288342005,180.029458182199,0,0,0,0,0,127.269032478333
95.7279812829692,41.9360796335702,11.822497543142,43.0788431960808,135.37297744751,155.944669087728,137.488107458945,99.3626395146089,127.548640819865,110.126494646072,118.661213298205,82.158881072998,165.389211654663,89.8487212810111,115.856108627275,137.185085296631,102.124618236835,37.5190613342306,97.9362280709403,76.4259547378078,156.865521240234,72.1946853284966,55.1011679058983,28.9572869109519,120.160164407937,83.7867800394694,25.3493541754931,28.0514067043793,98.5863762510381,90.903028148623,80.2912141458921,90.8415145874023,179.207281748454,107.205332705849,56.9984668753488,151.835887908936,104.481841087341,91.6543563062494,67.6844376650724,136.089553833008,126.337333679199,214.354187011719,171.00289255778,193.001949807872,167.099327087402,174.488618469238,139.768668038504,0,136.974498748779,189.064557902018,0,130.01563743923,103.545489373006,139.992261250814,129.649467896879,0,135.662150175675,62.7610228402274,105.947837302752,159.751671666684,134.144983291626,97.221229663262,95.1643496656142,168.387335018236,196.804351806641,152.12737038022,137.025408426921,0,161.157948811849,105.643909801136
115.722976854112,27.6436450302121,43.0788431960808,36.622712653154,101.216251767915,112.743560791016,98.7167587280273,100.279008200674,120.307544806065,16.5843942814782,112.818741953965,89.1378877753885,112.088999938965,94.5525841068577,128.776472786877,96.453795115153,43.303190227871,53.70544389332,86.5386533737183,56.2818704318839,97.4647949763707,57.0345193163199,32.2738378103667,52.3388308887917,45.9507364490054,68.6337589850793,42.7442704055041,42.3428411879089,71.9163859767299,89.1823801382994,62.2205593508675,84.4315550062392,147.273422241211,76.7257077447299,61.3319531107897,97.7900543212891,31.1865524351597,64.8009891627025,25.8069363502746,83.3213657803006,0,164.378900527954,113.851403130425,133.904996871948,44.6875737422221,136.078619820731,103.767668682596,153.118179321289,100.89855617947,144.809768676758,0,60.4206388261583,75.3386088588781,90.541132245745,72.0745264097702,0,81.9979244729747,11.5042157173157,76.9321792748324,67.402486585384,109.458592096965,60.5213183491679,60.9690855338598,96.9173277282715,124.202049255371,94.09374229863,122.914786020915,0,102.309692382812,70.4836323179048
84.6536923576804,144.973834991455,135.37297744751,101.216251767915,8.62065047542294,138.586547851562,64.5100265577728,57.1435472658365,89.7981728754546,33.7639045968769,20.7208890009681,0,28.4928889290755,0,106.780307895535,71.6277839826501,119.060317993164,159.421350751604,0,0,10.1577736147908,177.973138809204,102.546948024205,123.764982096354,24.6065745261234,0,155.375891113281,132.524090428506,16.7160685804059,90.7333500518232,106.474796295166,0,143.917158338759,85.7841061062283,95.5928407396589,115.911613464355,150.796112060547,202.383544921875,109.15828704834,9.62363088166168,0,113.882200695219,138.98490524292,144.458301544189,101.040517716181,57.5407888306512,0,30.7974893188477,0,185.679710388184,128.962610880534,159.482113647461,237.710906982422,0,0,17.3602341439672,182.124771118164,164.839248657227,0,124.866581013661,0,200.937210083008,197.214347839355,72.41280872113,152.71637878418,144.297180175781,0,0,153.792928059896,193.31489944458
66.5280170440674,221.109848022461,155.944669087728,112.743560791016,138.586547851562,7.76562957509629,10.0314241754086,129.133025275336,20.211557721065,121.366334915161,121.061702575684,58.6347868992732,99.8324324938716,75.3972263336182,28.877479907943,16.8073788510398,0,179.275619506836,0,0,139.652095794678,0,0,108.963177490234,127.028023529053,0,145.1298424857,170.935686747233,128.249331883022,31.7446852048238,0,96.9069213867188,11.7265287545258,0,32.4323291272189,242.594589233398,0,0,0,0,0,0,174.408660888672,0,160.993240356445,0,0,0,0,0,0,0,0,0,0,0,0,0,0,0,0,0,0,209.082473754883,0,156.485427856445,0,0,0,0
69.8975959726282,168.361099243164,137.488107458945,98.7167587280273,64.5100265577728,10.0314241754086,9.92866178159876,65.1254485674026,19.8567221406846,79.5658147853354,30.7405830439241,93.3861268696032,22.463586515427,100.2339957101,41.2388995140696,11.0069319998548,131.387959798177,166.486170316997,176.3193359375,133.000363349915,44.6623771845203,107.063186645508,125.912505149841,125.532930704753,83.8481595822553,103.260259628296,149.777179310157,143.254248546953,69.9982245370015,39.3008186001044,123.987843965229,98.3663444519043,28.7214187616774,86.9174587943337,62.296701060128,198.057072957357,179.2197265625,0,101.804446676503,114.92214382396,0,180.665611960671,149.304191080729,193.168956756592,116.426131354438,174.975621904646,0,50.1942666625977,0,0,131.901931762695,175.500617980957,199.042124430339,0,233.450485229492,181.329742431641,195.756996154785,168.821155548096,196.118232727051,135.651246805485,0,212.174443562826,202.531064987183,154.524119320079,162.038410186768,169.900737338596,0,220.920379638672,160.160430908203,185.113105773926
26.8372330409528,134.633468062789,99.3626395146089,100.279008200674,57.1435472658365,129.133025275336,65.1254485674026,9.34218050870397,64.5710332480223,59.3340175252565,15.9768766391001,168.285171060001,52.5574826568854,178.573526000977,37.011680503647,75.2701839870877,111.908870976146,111.19290914291,169.549407958984,138.360342025757,47.8748942968008,70.0341627233169,90.5686890386766,76.7329194502643,62.5031465972272,172.392471313477,123.110310248314,111.15764866225,31.8150546343578,44.567573206832,20.1433898336443,151.270004272461,125.264442161277,67.1820882097075,79.0382676975361,137.097025090998,156.987203979492,164.277316729228,95.9017536357298,137.344187927246,0,161.000686645508,133.811760266622,167.47876018948,97.1882830888797,152.435857772827,237.454818725586,0,0,161.406330871582,0,147.004579782486,189.518402686486,0,200.455947875977,151.864596557617,153.802045345306,113.437456893921,161.090666498457,120.875764655209,0,183.770898227034,168.419392989854,136.636644027775,144.06374780063,144.701442718506,0,206.879287719727,146.796401390663,144.309758867536
29.5897089367244,148.673226765224,127.548640819865,120.307544806065,89.7981728754546,20.211557721065,19.8567221406846,64.5710332480223,13.1492924029529,87.2719374400813,42.2008606557267,107.420639285192,76.193807040093,123.418876061073,16.7953909194966,28.4619691556798,141.836188316345,142.093263023405,128.302962621053,143.548386891683,86.0743047904313,106.736114452731,114.38834580921,113.045793354209,95.684761929139,89.4497413635254,142.812798346052,141.784177123625,84.6871632825343,30.8211770409193,87.6777090133597,127.157879638672,18.9049240695608,89.0085924336168,56.533908020533,166.151672973633,194.99828338623,196.534943119172,118.338615982621,154.359670850966,0,173.846658706665,158.304602256188,189.296659957531,126.733000296134,190.654304504395,226.420822143555,103.78046308245,0,187.123843473547,0,165.934144973755,208.309146118164,242.129241943359,220.915084838867,175.493244716099,168.841681798299,146.271272512583,191.588522338867,141.506191926266,242.923873901367,206.505121866862,191.803745160784,156.616656140882,172.448256294682,162.15269710593,0,226.831436157227,161.36869015901,167.647731178685
78.993294746645,68.1425468131553,110.126494646072,16.5843942814782,33.7639045968769,121.366334915161,79.5658147853354,59.3340175252565,87.2719374400813,8.69925464904209,71.5026603975604,132.201402282715,9.48127992927092,130.144996230667,88.4577812807901,18.7024032126961,45.5798540645175,127.912598003041,0,146.70979309082,60.3800739022188,72.9317473209265,27.7841940665467,113.076787567139,22.9973191294244,95.9914952972789,112.13377055716,91.722109265802,55.1461497587316,70.6948554958917,62.0514408004618,139.870538191362,144.655746459961,66.8506371347528,93.1256908738469,113.680997212728,112.975273132324,143.968379974365,44.922499991752,110.217021397182,212.245666503906,127.991529846191,102.160803574782,140.950596618652,56.2200601632647,116.094542185465,0,93.1529445648193,148.277984619141,132.625364780426,0,115.824778043307,0,0,194.888214111328,106.523122151693,111.107503370805,87.1784161654386,154.173472595215,84.8543243272352,138.494911193848,174.011027018229,158.219887415568,112.104702292802,134.658551302823,115.191135993371,0,0,130.476008097331,114.223963928223
38.2900880553636,146.51002629598,118.661213298205,112.818741953965,20.7208890009681,121.061702575684,30.7405830439241,15.9768766391001,42.2008606557267,71.5026603975604,13.0636881840245,177.73948314578,29.8187985890773,173.797719955444,30.346225702594,71.5881516798487,113.960501098633,146.774790318807,208.120048522949,161.924797058105,19.4115392195031,89.5240609762552,105.961599941911,96.3509468837091,62.7103623679371,0,141.412953121561,127.093116853154,32.3870824619324,81.5678321827038,71.5521093491585,189.383441162109,128.188594187861,76.4490174069124,88.5282078479304,171.396209716797,174.375036621094,181.590975593118,103.665845754195,58.8608201904297,0,173.291769174429,168.868476418888,195.017501831055,111.465245314047,177.429113478888,0,78.6433241102431,217.672149658203,192.966020202637,117.437385559082,148.165000915527,198.27387491862,0,245.419158935547,171.713396939364,156.826289876302,157.607669285366,173.130302124023,137.472624938552,211.873321533203,205.465213775635,181.251784752155,155.182005119324,189.443883895874,160.519464492798,0,0,176.623476300921,177.19637298584
152.728192647298,67.2535630943131,82.158881072998,89.1378877753885,0,58.6347868992732,93.3861268696032,168.285171060001,107.420639285192,132.201402282715,177.73948314578,9.98913556583893,146.281068589952,17.6990621913579,118.056224923385,86.0334968566895,147.529577636719,49.989139205072,21.027250563442,20.95782136822,197.203262329102,102.059410982354,106.425110626221,86.8616528696828,175.009464263916,26.5426445932889,26.0041858168616,56.5111815866931,169.441088267735,78.5859367284343,105.5958353216,41.1473942818833,56.2746755743539,120.047903562847,32.0990659502798,0,120.950517654419,158.327262878418,115.478695869446,0,0,0,0,0,151.689102172852,0,89.0361796328896,0,68.3817043803749,217.688095092773,0,0,135.730388641357,108.75243918101,115.657728764049,0,0,105.010677337646,174.798518371582,199.538841247559,58.6871610920081,102.821523227523,97.3041350742181,0,109.215461730957,173.305450439453,89.6821396316307,0,0,108.569709553438
84.8328138987223,100.048066457113,165.389211654663,112.088999938965,28.4928889290755,99.8324324938716,22.463586515427,52.5574826568854,76.193807040093,9.48127992927092,29.8187985890773,146.281068589952,9.49924924668136,136.600059509277,95.9343459985818,14.9862454676748,115.760604858398,0,0,155.343887329102,12.8060136071522,131.910888671875,63.0915883382161,147.701509748186,18.3629744584491,0,173.18925337358,126.689688546317,57.1500482735235,91.1711524013798,215.013397216797,0,107.722904246341,90.2565756577712,90.0746576124622,0,0,0,89.3480377197266,22.2103202738569,0,54.36838722229,0,169.691841125488,102.246997833252,62.7243555003199,0,16.3209826409454,0,199.560897827148,0,140.239095052083,0,0,0,8.56785312198823,134.722259521484,0,0,127.865373022762,0,0,0,110.24100112915,82.5817947387695,163.292892456055,0,0,0,0
176.741027832031,55.4790420430229,89.8487212810111,94.5525841068577,0,75.3972263336182,100.2339957101,178.573526000977,123.418876061073,130.144996230667,173.797719955444,17.6990621913579,136.600059509277,7.11855075526008,128.865267647637,147.859418233236,129.720886230469,100.178923924764,50.2006187595305,62.9427548705554,0,205.420127868652,95.5310658164646,126.268058776855,148.464934405159,20.4146483939509,38.8768131044815,39.6190444918432,190.544313049316,88.4572815644114,155.716737365723,17.4574189420577,68.1689041852951,142.365804036458,48.8585858351265,0,69.4860458374023,142.592720031738,154.611972045898,0,0,0,0,0,166.098262786865,0,68.7459271944486,0,57.8189434712728,0,0,0,143.435995483398,109.092920684814,125.723853519985,0,152.075836181641,108.75609588623,203.884796142578,0,46.3405494267962,103.081312956633,91.0341802711695,0,0,210.402557373047,86.1054205213274,0,0,70.5958206176758
16.2372192263462,146.279988375577,115.856108627275,128.776472786877,106.780307895535,28.877479907943,41.2388995140696,37.011680503647,16.7953909194966,88.4577812807901,30.346225702594,118.056224923385,95.9343459985818,128.865267647637,8.13641039585774,38.4519062859671,169.515119280134,124.080041420169,134.395820617676,143.094630286807,95.6203868756975,97.0321023752401,111.601633300781,99.1553599649546,95.4140082955502,129.969863891602,133.642813578537,131.446586305061,85.0593597656505,17.2851938153911,61.1548102328079,135.813466389974,14.3157508906414,29.525612557976,57.5693715772699,175.05685043335,0,182.148082026729,113.889410095215,145.048617045085,0,190.096633911133,167.6510371158,189.02747928395,139.380477318397,188.17805480957,0,0,0,176.939733505249,0,168.085285949707,193.342150236431,0,220.791865030924,171.495300292969,186.337195502387,139.292647225516,174.54703725179,145.672774645238,0,194.898910522461,186.082386632119,162.168232181208,171.496629714966,154.810864693778,0,0,150.698458862305,153.063576507568
64.3047271728516,104.41950093145,137.185085296631,96.453795115153,71.6277839826501,16.8073788510398,11.0069319998548,75.2701839870877,28.4619691556798,18.7024032126961,71.5881516798487,86.0334968566895,14.9862454676748,147.859418233236,38.4519062859671,8.24722292176877,118.480934143066,134.347091674805,0,0,55.7203193846203,0,75.0514340400696,127.440111796061,44.9665978200948,128.13249206543,163.333919525146,123.755672454834,86.0192663084786,23.852542840693,202.441497802734,0,40.0961254994074,106.617515563965,49.2025539792817,165.836456298828,0,0,117.657131195068,0,0,122.059539794922,0,0,67.3426532745361,0,0,98.1164728800456,0,0,0,0,0,0,0,0,0,99.4046783447266,0,116.316837734646,0,242.664505004883,0,147.88184261322,0,0,0,0,0,0
105.530532836914,80.6119647778963,102.124618236835,43.303190227871,119.060317993164,0,131.387959798177,111.908870976146,141.836188316345,45.5798540645175,113.960501098633,147.529577636719,115.760604858398,129.720886230469,169.515119280134,118.480934143066,13.763364643565,109.106628417969,0,127.928294499715,152.591506958008,23.3829369184185,33.6637488182552,18.3257342152162,37.0496283585808,109.007083892822,107.621978947374,37.3506841291697,58.0098582823672,100.771239336799,81.2913173841393,145.464360555013,0,87.3388010660807,83.3035976158645,174.839228312174,172.682464599609,101.104291136836,55.7440441449483,0,0,198.50260925293,148.158783467611,215.887822469076,116.178562164307,179.634124755859,0,0,0,195.846598307292,0,68.4305554812594,130.596527099609,0,161.524749755859,0,111.256646646036,59.7793597095418,102.928409333863,121.659280993275,0,153.902906799316,105.44102494613,135.856444532221,175.130009969076,118.343385087683,0,0,162.812891642253,118.876688321431
100.569322291637,50.245479831732,37.5190613342306,53.70544389332,159.421350751604,179.275619506836,166.486170316997,111.19290914291,142.093263023405,127.912598003041,146.774790318807,49.989139205072,0,100.178923924764,124.080041420169,134.347091674805,109.106628417969,8.9153262686005,60.1209516676645,22.6316839064404,217.118453979492,41.8483820557111,83.3682699839274,19.1432955747371,129.341159456095,70.8804988861084,22.4317685996128,61.6530517492495,122.380162108178,83.1993591486827,68.7268539640795,93.7869110107422,192.346900939941,88.3782439113648,35.2459557759033,195.163487752279,102.792480634606,103.87016634039,79.5375516649703,0,0,219.889198303223,180.401583099365,212.548723008898,177.496047973633,198.600639343262,134.785097757975,0,138.947874886649,206.763713291713,0,140.738185628255,109.84358513471,130.483728408813,121.431214058236,0,152.892407226563,102.424190347845,120.932289357088,177.117614746094,99.0296432495117,101.065723426306,106.203554458379,197.171697998047,192.558573404948,161.926251983643,128.718147277832,0,173.408477783203,107.660544724898
139.810134887695,81.8380685533796,97.9362280709403,86.5386533737183,0,0,176.3193359375,169.549407958984,128.302962621053,0,208.120048522949,21.027250563442,0,50.2006187595305,134.395820617676,0,0,60.1209516676645,7.11432506536183,9.62070811014234,0,111.182084655762,110.450103759766,99.9881732647236,0,47.255162510119,17.0310068309289,55.075535336235,189.149002075195,91.5076576055482,123.536068256085,51.7250423004378,86.4341718233549,131.019550323486,64.5852475206124,0,157.611808776855,0,0,0,0,223.114105224609,0,0,0,0,95.8049535282323,0,80.7982942169788,0,0,0,159.104248046875,107.301804391961,109.583755044376,0,0,0,0,231.00846862793,69.1286735534668,95.4722241598462,99.6734479322966,0,103.610130310059,172.196128845215,95.1134560528923,0,0,118.503309770064
124.465409808689,54.7179593673119,76.4259547378078,56.2818704318839,0,0,133.000363349915,138.360342025757,143.548386891683,146.70979309082,161.924797058105,20.95782136822,155.343887329102,62.9427548705554,143.094630286807,0,127.928294499715,22.6316839064404,9.62070811014234,10.4996628730475,0,90.0549212610999,112.669153340658,73.391838617691,145.014052170974,47.5356176591689,20.4333634187494,64.4265805337098,146.133303833008,100.11376365583,91.7778699271287,61.2645337422689,86.9777058192662,104.154792785645,42.6129256541753,188.447240193685,107.805576324463,121.27564868927,92.8421780904134,0,0,0,207.690358479818,203.379413604736,0,240.248229980469,102.078788708102,0,110.110341886195,173.168380737305,0,167.289767456055,115.720114135742,109.760094932888,109.272519572028,0,153.630434672038,126.289447784424,144.003004139867,192.255035400391,74.4031832736471,98.3585515563318,102.534320878433,195.906562805176,170.112186431885,163.282404466109,106.213796554073,0,193.857925415039,107.701259052837
90.4789237976074,0,156.865521240234,97.4647949763707,10.1577736147908,139.652095794678,44.6623771845203,47.8748942968008,86.0743047904313,60.3800739022188,19.4115392195031,197.203262329102,12.8060136071522,0,95.6203868756975,55.7203193846203,152.591506958008,217.118453979492,0,0,7.7156209912118,109.059356689453,103.838817596436,128.326126098633,19.308155173515,0,159.502820795233,136.382765633719,33.5854073082508,92.4331833920236,107.882982889811,0,135.846981302897,83.103762366555,91.490549029726,0,0,0,110.531422932943,17.8633604751279,0,149.552734375,160.385238647461,165.477935791016,104.243946748621,181.05197652181,0,8.38722436217701,0,189.196952819824,0,196.054336547852,0,0,0,140.717567443848,0,158.548212687174,184.573776245117,132.525461890481,0,0,0,150.732541517778,183.194641113281,209.781814575195,0,0,0,200.719528198242
81.4328415192753,105.270173390706,72.1946853284966,57.0345193163199,177.973138809204,0,107.063186645508,70.0341627233169,106.736114452731,72.9317473209265,89.5240609762552,102.059410982354,131.910888671875,205.420127868652,97.0321023752401,0,23.3829369184185,41.8483820557111,111.182084655762,90.0549212610999,109.059356689453,11.0749309496086,52.7798135501235,27.0198460290292,30.861857985608,127.111961364746,103.291234079997,70.4894695224848,27.1374027033755,53.5885937210046,29.7504477279087,169.05153910319,155.01335144043,63.6306147975776,42.3667787654401,152.161346435547,171.474914550781,131.429026955052,75.4479204813639,162.277389526367,154.849349975586,162.290596008301,140.376584794786,166.580278669085,100.787384279313,168.066655476888,177.252517700195,0,0,177.586138725281,0,106.808837206555,153.347760633989,0,189.752847290039,192.929748535156,112.099127362155,80.1640520095825,109.917537509786,111.258187554099,142.671630859375,148.327091640896,129.096473058065,124.316455160434,146.70168762207,114.587558587992,0,0,107.679525522085,114.210023136462
115.323998345269,21.0555837416887,55.1011679058983,32.2738378103667,102.546948024205,0,125.912505149841,90.5686890386766,114.38834580921,27.7841940665467,105.961599941911,106.425110626221,63.0915883382161,95.5310658164646,111.601633300781,75.0514340400696,33.6637488182552,83.3682699839274,110.450103759766,112.669153340658,103.838817596436,52.7798135501235,7.59697698060036,50.6363217547595,27.9426616207053,71.2714023216098,76.0292438298316,34.9280247387679,73.2866508675358,73.4034854519752,60.7932596590929,106.48239440918,0,76.3006590062922,68.6287458756391,102.502258300781,0,72.4492498029742,38.5404551778521,121.647651672363,0,177.07991027832,131.960264205933,161.790079752604,67.2673734029134,129.791549682617,106.72779083252,0,0,148.45645904541,0,62.6102946171394,102.306688547134,0,129.192675272624,0,82.1891886393229,17.7266774551343,72.8660680098499,91.9879284734311,99.8850250244141,145.79407043457,50.5228121924022,100.199388148421,130.690572738647,87.2349862819765,0,0,0,96.6270442538791
84.3605510798149,81.0038737577551,28.9572869109519,52.3388308887917,123.764982096354,108.963177490234,125.532930704753,76.7329194502643,113.045793354209,113.076787567139,96.3509468837091,86.8616528696828,147.701509748186,126.268058776855,99.1553599649546,127.440111796061,18.3257342152162,19.1432955747371,99.9881732647236,73.391838617691,128.326126098633,27.0198460290292,50.6363217547595,14.8971123841365,60.249618368613,124.209336280823,64.2910813315338,42.3984874862428,60.8816189003824,66.0825246356893,52.34227554175,144.734674072266,179.562885284424,87.539742238898,47.452446003834,166.912921905518,120.223878860474,97.327253824582,63.3552597772507,177.223165512085,0,210.331314086914,158.855937671661,188.65925320712,120.223751068115,171.159497774564,165.108690534319,0,201.260739135742,180.426210403442,0,102.434111422935,115.349729632804,164.279541015625,146.998427285088,0,119.134282158642,65.7297942171864,106.719033198817,134.64149848165,159.522819519043,122.77101557805,102.395958399179,148.741834372805,191.849411010742,134.849208589584,161.244079589844,0,177.440284729004,116.506603910212
82.5469904152346,82.1765278081463,120.160164407937,45.9507364490054,24.6065745261234,127.028023529053,83.8481595822553,62.5031465972272,95.684761929139,22.9973191294244,62.7103623679371,175.009464263916,18.3629744584491,148.464934405159,95.4140082955502,44.9665978200948,37.0496283585808,129.341159456095,0,145.014052170974,19.308155173515,30.861857985608,27.9426616207053,60.249618368613,10.9285253804277,121.623973083496,126.786790870758,80.8439823527941,19.3645484791367,75.6936631756769,72.0939706303708,167.530085245768,146.118555935946,72.816689576043,81.3391939315506,128.595010990719,145.201675415039,157.651247660319,62.5579394592958,120.588174231699,0,153.600727301984,122.756833586706,152.630242404775,83.6726013125131,143.910663861907,228.950271606445,118.38234576057,197.550918579102,145.543751008329,151.595527648926,106.548587724111,177.164421081543,206.543190002441,196.422637939453,133.558130308639,110.875788838256,79.228171120392,123.23033803823,102.452518207278,177.677937825521,190.363742828369,158.75946969986,119.588789069288,136.214355903887,116.679396893116,219.907928466797,169.718989054362,118.448162781565,127.574423535035
145.915145874023,20.5086206744551,83.7867800394694,68.6337589850793,0,0,103.260259628296,172.392471313477,89.4497413635254,95.9914952972789,0,26.5426445932889,0,20.4146483939509,129.969863891602,128.13249206543,109.007083892822,70.8804988861084,47.255162510119,47.5356176591689,0,127.111961364746,71.2714023216098,124.209336280823,121.623973083496,8.31859645202319,35.1964347290917,28.9768289110663,142.392936706543,87.7626183827718,127.139369419643,38.3260505116584,76.2722787857056,109.819850921631,57.7671550485691,0,0,135.479034423828,115.141288757324,0,0,0,0,204.055618286133,0,0,67.5760607285933,0,56.0399132461548,0,0,0,141.705497741699,102.236279296875,106.285840454102,0,0,0,0,176.538513183594,43.6594500774807,89.5019890240261,83.8050476449435,0,248.744003295898,0,76.654772679011,0,0,88.7215283711751
114.848798923054,36.0326373165346,25.3493541754931,42.7442704055041,155.375891113281,145.1298424857,149.777179310157,123.110310248314,142.812798346052,112.13377055716,141.412953121561,26.0041858168616,173.18925337358,38.8768131044815,133.642813578537,163.333919525146,107.621978947374,22.4317685996128,17.0310068309289,20.4333634187494,159.502820795233,103.291234079997,76.0292438298316,64.2910813315338,126.786790870758,35.1964347290917,10.1105491521829,27.7464388821449,135.734029407465,101.014940570735,95.7462430604747,21.4164967949899,111.148569880305,112.492603092403,53.02536663179,184.437689463298,105.585426382116,99.0602502932494,86.5720008567528,155.907623291016,0,205.80500793457,181.736791732463,198.712557838077,177.296381632487,207.594826592339,92.7214573575739,0,87.2492712360539,195.27998490767,0,165.851067097982,102.461321002147,97.8829781171438,99.1196058998912,0,152.078443050385,125.273348881648,125.285329897542,186.454252763228,62.7369065145303,89.3614690137288,90.7830510604837,190.910508962778,136.671871185303,163.472713756561,94.486901266533,153.314025878906,155.512261526925,100.384768918383
118.571500976056,32.4956982195104,28.0514067043793,42.3428411879089,132.524090428506,170.935686747233,143.254248546953,111.15764866225,141.784177123625,91.722109265802,127.093116853154,56.5111815866931,126.689688546317,39.6190444918432,131.446586305061,123.755672454834,37.3506841291697,61.6530517492495,55.075535336235,64.4265805337098,136.382765633719,70.4894695224848,34.9280247387679,42.3984874862428,80.8439823527941,28.9768289110663,27.7464388821449,12.9374997367776,83.5400927533857,109.893990882638,103.332889231484,21.355066023966,119.228717603182,119.579275697142,62.8464904611402,174.413386418269,101.216996176201,94.9758855274745,66.5746938020755,164.869445800781,0,214.732414245605,165.997987573797,201.451734973538,152.472721446644,186.182939009233,93.8569538693176,182.670387268066,79.6552777763541,195.433816329293,168.729049682617,112.266030202146,107.489457900965,101.984355590962,108.988611501267,194.579783121745,139.603410794185,60.2331619745568,108.448839279643,158.885455901806,61.9034649422233,95.2487610027607,95.6114448821909,164.411386270992,165.119185227614,156.677793113931,91.1685495791228,113.812896728516,164.651887681749,106.787880093444
74.958879728575,126.441675652398,98.5863762510381,71.9163859767299,16.7160685804059,128.249331883022,69.9982245370015,31.8150546343578,84.6871632825343,55.1461497587316,32.3870824619324,169.441088267735,57.1500482735235,190.544313049316,85.0593597656505,86.0192663084786,58.0098582823672,122.380162108178,189.149002075195,146.133303833008,33.5854073082508,27.1374027033755,73.2866508675358,60.8816189003824,19.3645484791367,142.392936706543,135.734029407465,83.5400927533857,12.1194330562226,68.6820276281734,40.7026260056353,181.971499125163,139.26563501358,68.910709490958,66.2649014427654,131.286541849772,153.4215763637,157.714335528287,79.2665370195761,55.9252998527439,0,162.892205654046,131.745745138689,160.789025350717,98.7155289269389,160.929655097513,0,130.420180002848,218.913711547852,152.450201355585,155.845720291138,119.84595759569,190.235814695005,0,189.84294128418,157.266945232045,121.892577858471,101.434460265727,136.921188228386,115.547479395281,190.536061604818,186.739703511083,158.895059488587,129.411179456633,140.783325246175,124.261491532366,0,191.437313842773,125.576702280247,139.591514655522
13.5420754850519,116.664183517982,90.903028148623,89.1823801382994,90.7333500518232,31.7446852048238,39.3008186001044,44.567573206832,30.8211770409193,70.6948554958917,81.5678321827038,78.5859367284343,91.1711524013798,88.4572815644114,17.2851938153911,23.852542840693,100.771239336799,83.1993591486827,91.5076576055482,100.11376365583,92.4331833920236,53.5885937210046,73.4034854519752,66.0825246356893,75.6936631756769,87.7626183827718,101.014940570735,109.893990882638,68.6820276281734,8.12023676923313,19.8356440251322,90.0113405080942,10.3892107125764,13.9196190599259,34.2598487490569,142.402980380588,0,159.373430887858,87.5579715397047,142.407775115967,236.134735107422,172.651069641113,144.716634356786,172.549164454142,103.800129621457,153.544745225173,155.101779937744,133.226539611816,206.818267822266,154.997547987031,167.395568847656,115.17018032074,172.984385172526,157.23518371582,171.004201889038,185.916625976562,127.849166506813,99.8670142491658,154.835245666504,122.545519195827,0,160.995441113488,160.017864493437,136.371750356262,151.016947886983,130.508305093516,0,223.670074462891,134.256192720853,140.849889294855
27.9576445325631,105.175946940546,80.2912141458921,62.2205593508675,106.474796295166,0,123.987843965229,20.1433898336443,87.6777090133597,62.0514408004618,71.5521093491585,105.5958353216,215.013397216797,155.716737365723,61.1548102328079,202.441497802734,81.2913173841393,68.7268539640795,123.536068256085,91.7778699271287,107.882982889811,29.7504477279087,60.7932596590929,52.34227554175,72.0939706303708,127.139369419643,95.7462430604747,103.332889231484,40.7026260056353,19.8356440251322,9.96486187137814,138.769926071167,129.647535051618,48.1687834278849,31.4915200439859,135.434083826402,147.805973052979,147.077620721632,77.27052011944,149.611464182536,0,196.957710266113,133.581150712638,171.843504472212,108.283988634745,158.514446605336,226.797637939453,186.095016479492,184.857223510742,163.382228248998,0,108.78282202874,165.707239591158,183.680519104004,173.808029174805,164.38761138916,115.155298623979,82.9767147375613,120.812511027943,111.899216807972,134.978744506836,160.215905391809,152.874091834353,122.93107740014,140.554040238664,116.318520355225,191.508209228516,0,116.071257972717,122.964224893539
164.867202758789,69.9308749834696,90.8415145874023,84.4315550062392,0,96.9069213867188,98.3663444519043,151.270004272461,127.157879638672,139.870538191362,189.383441162109,41.1473942818833,0,17.4574189420577,135.813466389974,0,145.464360555013,93.7869110107422,51.7250423004378,61.2645337422689,0,169.05153910319,106.48239440918,144.734674072266,167.530085245768,38.3260505116584,21.4164967949899,21.355066023966,181.971499125163,90.0113405080942,138.769926071167,6.91899773964455,85.8804962158203,0,70.1919436473327,195.44563293457,103.963935852051,173.901321411133,174.306983947754,0,0,0,0,0,0,0,85.9210662841797,0,76.5711672994114,0,0,0,113.419624328613,99.6050085449219,123.471246199174,0,0,0,0,0,59.7159929275513,95.6377113929162,96.5172851053874,0,0,0,90.3495729886568,0,0,129.850828170776
83.2471090463492,115.427047729492,179.207281748454,147.273422241211,143.917158338759,11.7265287545258,28.7214187616774,125.264442161277,18.9049240695608,144.655746459961,128.188594187861,56.2746755743539,107.722904246341,68.1689041852951,14.3157508906414,40.0961254994074,0,192.346900939941,86.4341718233549,86.9777058192662,135.846981302897,155.01335144043,0,179.562885284424,146.118555935946,76.2722787857056,111.148569880305,119.228717603182,139.26563501358,10.3892107125764,129.647535051618,85.8804962158203,6.48478402145686,111.335039138794,35.837032894239,192.586402893066,0,0,0,0,0,0,180.370086669922,0,0,208.296417236328,110.255027770996,127.320732116699,126.444759368896,0,0,0,0,0,0,0,0,129.520263671875,0,180.386151994978,0,137.102569580078,245.126190185547,214.380645751953,203.566772460938,178.660512288411,0,0,0,166.938293457031
42.950828096141,160.917114257812,107.205332705849,76.7257077447299,85.7841061062283,0,86.9174587943337,67.1820882097075,89.0085924336168,66.8506371347528,76.4490174069124,120.047903562847,90.2565756577712,142.365804036458,29.525612557976,106.617515563965,87.3388010660807,88.3782439113648,131.019550323486,104.154792785645,83.103762366555,63.6306147975776,76.3006590062922,87.539742238898,72.816689576043,109.819850921631,112.492603092403,119.579275697142,68.910709490958,13.9196190599259,48.1687834278849,0,111.335039138794,8.26897416857288,25.956088979607,141.563865661621,138.412475585938,152.839935302734,99.8459679285685,143.467781066895,0,149.21955871582,132.470681254069,173.71832711356,116.057549612863,154.104034423828,0,181.306854248047,0,150.929999215262,213.100067138672,113.535689036051,198.393371582031,0,177.375920613607,0,116.115282694499,95.086057027181,143.04341670445,115.758418055943,0,189.931720440204,160.311855316162,131.669136773972,144.179571533203,123.979987080892,0,0,138.621395874023,127.942652702332
93.0740467134069,59.4984861082501,56.9984668753488,61.3319531107897,95.5928407396589,32.4323291272189,62.296701060128,79.0382676975361,56.533908020533,93.1256908738469,88.5282078479304,32.0990659502798,90.0746576124622,48.8585858351265,57.5693715772699,49.2025539792817,83.3035976158645,35.2459557759033,64.5852475206124,42.6129256541753,91.490549029726,42.3667787654401,68.6287458756391,47.452446003834,81.3391939315506,57.7671550485691,53.02536663179,62.8464904611402,66.2649014427654,34.2598487490569,31.4915200439859,70.1919436473327,35.837032894239,25.956088979607,11.4606855022,147.194540405273,125.152378506131,100.884533707814,89.3429208331638,123.809478759766,0,207.408126831055,162.784544677734,185.805591159397,126.935094393217,162.901514053345,129.028254582332,243.003479003906,110.598241375339,181.820129394531,0,111.546017696983,115.713120043278,127.127498024388,121.106607818604,0,114.974801301956,75.8612677391539,120.401778786046,122.40663397983,89.2949708474649,107.724833988008,111.788190355772,138.754672865434,154.604826609294,132.383561657321,109.17940097385,0,140.432226392958,118.849469706217
0,0,151.835887908936,97.7900543212891,115.911613464355,242.594589233398,198.057072957357,137.097025090998,166.151672973633,113.680997212728,171.396209716797,0,0,0,175.05685043335,165.836456298828,174.839228312174,195.163487752279,0,188.447240193685,0,152.161346435547,102.502258300781,166.912921905518,128.595010990719,0,184.437689463298,174.413386418269,131.286541849772,142.402980380588,135.434083826402,195.44563293457,192.586402893066,141.563865661621,147.194540405273,12.7665046063801,116.133316040039,119.677352700915,69.1468524639423,92.8418606489133,69.6975402832031,84.1002182650876,22.8658436063838,32.8707227051735,71.9516723920714,45.7206650024672,138.256861955692,93.0187145233154,144.722673132065,15.8152327223806,0,113.587203979492,104.948288371728,132.717873255412,125.441112352454,89.9135189480252,83.9220659007197,104.699052474078,100.331499707568,76.8614351143514,130.634916687012,116.555102990224,136.025854928153,74.6509937615564,15.1864949168463,16.0810875543859,159.093978881836,88.9495128631592,27.9977267043396,84.1571110997881
0,0,104.481841087341,31.1865524351597,150.796112060547,0,179.2197265625,156.987203979492,194.99828338623,112.975273132324,174.375036621094,120.950517654419,0,69.4860458374023,0,0,172.682464599609,102.792480634606,157.611808776855,107.805576324463,0,171.474914550781,0,120.223878860474,145.201675415039,0,105.585426382116,101.216996176201,153.4215763637,0,147.805973052979,103.963935852051,0,138.412475585938,125.152378506131,116.133316040039,6.06826330477053,39.1073276792254,39.7529511540683,103.558752441406,0,152.815872192383,122.603378295898,141.826926231384,72.3977825920388,134.372950744629,75.5817705618369,91.0749664306641,57.7975977230695,142.557743835449,111.992475891113,83.3987466844462,51.852809489807,80.2255086725408,57.8306865220659,0,92.1902317470974,23.6638872376699,59.0934962669428,77.5080916220554,11.6155743666943,40.5695764782686,34.8101769081687,135.185694252572,113.423825836182,100.62411007059,74.3838833702935,0,87.9604771931966,54.3042426354329
162.732468377976,119.353797912598,91.6543563062494,64.8009891627025,202.383544921875,0,0,164.277316729228,196.534943119172,143.968379974365,181.590975593118,158.327262878418,0,142.592720031738,182.148082026729,0,101.104291136836,103.87016634039,0,121.27564868927,0,131.429026955052,72.4492498029742,97.327253824582,157.651247660319,135.479034423828,99.0602502932494,94.9758855274745,157.714335528287,159.373430887858,147.077620721632,173.901321411133,0,152.839935302734,100.884533707814,119.677352700915,39.1073276792254,12.9353815340835,38.9711457531715,141.08697865804,0,139.202446957852,93.5935180007479,126.680386798565,105.567805396186,110.759617659745,94.0407551527023,154.868141174316,106.359148297991,120.825011825562,0,72.6165484938511,33.6090202650455,99.5391117976262,81.0163379850842,154.429013061523,63.09725570218,40.6065257689532,26.3850459078654,100.662334807376,84.1291184425354,25.3655845282423,27.7751408121817,89.3809382691906,135.289805003575,77.4966258546382,93.9342142740885,187.114349365234,120.11594619751,64.9258159127907
99.0284779866536,123.797172546387,67.6844376650724,25.8069363502746,109.15828704834,0,101.804446676503,95.9017536357298,118.338615982621,44.922499991752,103.665845754195,115.478695869446,89.3480377197266,154.611972045898,113.889410095215,117.657131195068,55.7440441449483,79.5375516649703,0,92.8421780904134,110.531422932943,75.4479204813639,38.5404551778521,63.3552597772507,62.5579394592958,115.141288757324,86.5720008567528,66.5746938020755,79.2665370195761,87.5579715397047,77.27052011944,174.306983947754,0,99.8459679285685,89.3429208331638,69.1468524639423,39.7529511540683,38.9711457531715,18.0460093223741,66.3174225379681,122.077812194824,128.575173011193,87.8582725369833,114.819549531648,15.8581494741995,115.916410363239,86.3669458736073,74.7419474124908,88.7904464006424,108.680699613359,90.7122383117676,39.4194088193323,53.118042900983,83.34906739455,68.6961814880371,115.875765482585,52.7223052854177,24.6781643510005,51.4510726582095,36.4552249793744,82.9797932942708,43.5829568859165,39.5040618690101,73.0447603885126,75.3525673389435,59.9579938484144,76.2408530495384,157.499435424805,62.0552961176092,58.1808031591152
