12.5438244667421,135.607070922852,98.804848095248,97.4480118221707,97.9148928324382,67.5872181483677,93.9299429001347,27.9090050819798,44.5158622626398,75.6859816693245,68.3174459925869,135.431973001231,99.9081535339355,138.638024902344,19.0054036776814,84.8876495361328,113.530990600586,108.487641195233,143.548789978027,129.508652674009,86.2632476806641,78.9634975790977,110.014952439528,88.0501217490337,86.5261114193843,161.155657450358,119.678195850003,128.52078353791,79.7807449121126,14.1606090463626,29.441170110988,169.337066650391,84.7790142556895,41.5412641763687,97.8826406142291,152.942947387695,0,159.301780700684,95.6992030143738,0,0,169.656850179036,141.968011856079,194.705403645833,94.9954071044922,164.538017272949,0,0,0,184.678314208984,226.688293457031,141.031620025635,181.357650756836,0,204.753402709961,0,160.850140889486,0,187.987753295898,131.822371987736,0,184.590728759766,172.315985107422,142.21326107449,159.277969360352,141.894445419312,0,217.530914306641,170.72238667806,184.738037109375
135.607070922852,7.01759340691004,44.9134814134285,18.4166536636987,120.420082092285,172.148162841797,160.761932373047,127.412830352783,162.098579406738,72.2272376014403,151.313369750977,71.1778732299805,98.5477956136068,51.9120103605501,147.665887015206,108.922353472028,59.1225439488203,59.9747359266559,75.317004998525,66.1320583636944,105.439994812012,98.6321557362874,21.3935749407168,67.4636722140842,80.4069817358012,23.2783625286423,53.1263712433443,28.6074096944114,102.350872251723,124.780769348145,97.0181709289551,71.8981455848331,87.5945129394531,111.504501342773,67.8115131450149,171.321533203125,101.806358337402,109.227803911482,80.5441935857137,0,0,199.108276367188,196.497253417969,0,0,177.995704650879,80.3356704711914,0,78.7127349853516,0,0,157.942329406738,98.3274555206299,115.48384475708,111.276351928711,0,161.686477661133,0,98.1732063293457,146.510058266776,85.8084602355957,97.2021406220227,104.688861378452,161.765650431315,0,201.912208557129,80.3642807006836,0,0,88.9722658793132
98.804848095248,44.9134814134285,12.9260091406112,47.9205284410966,141.974706377302,184.607945251465,142.990962982178,101.210100546616,135.218355174521,129.990238896123,119.474028994912,97.479573400397,197.338921440972,97.942585080169,120.434137073623,148.745910644531,99.485297295355,46.1345272959967,94.2611413796743,69.8573004944684,164.441182817732,71.0387782324389,59.6851570098126,33.5731267106842,124.190709269639,108.729724884033,33.8676972271656,35.0064855942855,97.6253151241953,107.52130728577,92.2124787502962,94.5581570060886,181.811698913574,124.892938467172,69.4289917969664,186.738210042318,114.428379906548,95.9734654903894,101.176020891238,0,0,221.757705688477,169.09827041626,197.541877159706,162.772285461426,184.099526541574,135.582210540771,0,163.983039855957,201.80381657527,192.288467407227,130.528231901281,104.922648582138,138.310012817383,132.615255887391,0,149.562256622314,119.522684830886,113.663170513722,164.616617111933,159.457580566406,102.231022034114,98.7116266221522,180.290957817665,199.179486592611,152.994891357422,159.898330688477,0,225.853912353516,112.824661498374
97.4480118221707,18.4166536636987,47.9205284410966,22.6057989167262,76.7203820364816,113.560854593913,97.8495905476232,83.8955476985258,100.105156295968,32.9581070488401,97.0379468082042,73.6053360180977,88.4689753850301,46.5754547360577,100.345368516555,71.4192397117615,44.2501471530808,67.3801310944442,81.5574241761238,72.6989874619704,126.913108189901,57.5574647076054,31.3948827693621,53.2136343945937,48.9003697060755,23.55428167561,52.7926519106512,39.0701097112786,61.9600898430381,76.3301292309262,59.2751478560735,73.6766139810736,139.86570412772,62.6801770528158,70.9794288157058,155.866004943848,76.6805419921875,67.7218975530607,29.5214607386753,89.6291796366374,0,138.34114074707,112.611532803239,166.052999708388,72.9669116792225,147.318320380317,102.724839346749,59.5200805664062,75.52282169887,142.705339219835,0,56.7435762352414,84.0871362357304,97.0271209716797,82.4450713447903,148.115310668945,78.0903235695579,12.614895330535,68.7241292427545,90.5015661495248,68.5039702824184,70.3373585964771,65.1528941505834,111.856625511533,141.780606269836,83.4642041858874,90.002326965332,0,88.1165971755981,83.4688631693522
97.9148928324382,120.420082092285,141.974706377302,76.7203820364816,8.27246398157936,102.589363098145,59.9478502135346,54.3099224671074,96.8862773516706,56.5500776001901,23.8217571417111,178.694869995117,30.9347801606776,0,107.703131905917,71.0437784892757,0,0,215.297470092773,196.989904785156,11.1581439690488,149.265289306641,115.667301177979,158.292221069336,24.1008437123284,189.856964111328,160.242440795898,139.03217288426,14.6468118903643,102.312516148105,92.1033401489258,203.705795288086,140.38124593099,92.0598326462966,100.817165565491,177.021469116211,0,214.048416137695,90.4266346151178,10.1939415158657,0,176.008775983538,154.573060777452,189.520112037659,93.0819123131888,161.728158280656,0,50.0860304991404,0,202.074020385742,0,169.565696716309,220.585189819336,0,0,153.679434342818,222.122741699219,185.674530029297,184.880508422852,123.98051868997,0,0,213.132843017578,145.802693148272,208.463818868001,198.362564086914,0,0,0,203.90934753418
67.5872181483677,172.148162841797,184.607945251465,113.560854593913,102.589363098145,6.80877941746806,10.4787568309766,121.584410667419,27.4466247294445,72.2760827541351,117.206698690142,50.025943706562,95.969325300576,81.6215471540179,36.0348060395983,15.4408537949601,108.797760009766,188.348098754883,0,101.750839233398,126.949659347534,0,100.45295715332,104.934389287775,105.037985165914,80.4703674316406,142.380765533447,134.223766871861,132.409064349006,30.830757420996,123.517477035522,87.6163431803385,10.5718245707633,150.673309326172,35.7873724395154,198.410140991211,0,0,0,0,0,0,189.231460571289,0,0,0,0,0,0,203.573959350586,0,0,0,0,0,0,0,0,0,183.263450622559,0,0,143.40852355957,188.188426971436,0,0,0,0,0,0
93.9299429001347,160.761932373047,142.990962982178,97.8495905476232,59.9478502135346,10.4787568309766,10.0085194701732,69.2379326486588,19.7693336097987,82.2556518498998,34.546660990368,71.9529198851261,26.4553886975199,104.572654558265,61.1651113253195,17.15837851517,151.344579696655,171.933531443278,114.927750651042,142.6886645097,46.8038862193811,124.041309155916,105.266370137533,130.817446308751,83.5063790399363,124.356338500977,158.728899916013,157.317023944138,69.4647521630312,67.7372852249696,115.944139882138,137.323429107666,11.7509071046531,86.2616155502644,69.9632325686797,174.828704833984,0,203.941383361816,111.944578594632,118.276107441295,0,179.364343261719,158.289033328786,184.82746887207,117.078063011169,176.689976567807,0,64.4333181734438,0,199.242094039917,129.837036132812,0,0,0,0,197.983001708984,202.613403320312,201.358825683594,210.55165608724,142.846986222541,0,207.054402669271,211.00425974528,159.302530104114,198.867283747746,202.388872146606,0,0,183.2004737854,196.634687943892
27.9090050819798,127.412830352783,101.210100546616,83.8955476985258,54.3099224671074,121.584410667419,69.2379326486588,9.00489529442616,58.9981645683624,58.6576078756532,12.5700064308125,159.342392815484,67.6486277478807,168.37787583295,35.6588268624974,78.7467786471049,105.682041349865,118.420363110805,173.287319946289,148.378450578259,74.0297492218018,69.7443216328609,89.0346650017632,83.4786286160671,60.7514861047846,147.962196350098,129.643452775911,113.720672141293,27.2556644029757,49.0359069799026,19.7920464378773,177.97589969635,126.86165661282,68.6298358283131,91.8662680936302,163.324354553223,0,172.452999441964,85.524223494948,147.344710667928,209.699523925781,156.565415993715,132.953351950344,171.327900950114,89.4253572736468,154.093823432922,220.795372009277,150.121649605887,0,178.308616638184,169.405502319336,155.651567247179,189.341641512784,0,213.617008209229,155.040473937988,144.14933347702,120.959636688232,173.487260489628,116.676780504779,0,185.143025324895,176.29274543556,131.741344145366,169.943706207275,151.091350373768,0,214.155906677246,147.643189566476,167.060415722075
44.5158622626398,162.098579406738,135.218355174521,100.105156295968,96.8862773516706,27.4466247294445,19.7693336097987,58.9981645683624,13.148934720301,92.6753693057992,38.6964326166176,74.8554838869752,90.0541834279876,111.055708016922,21.0263802612257,24.6010294988803,150.077921549479,147.311918395144,130.964454278713,154.609632936243,95.6540257017189,114.770830188277,139.495743324017,124.458626877581,99.6451195718218,114.546669006348,154.587819646881,150.400975361992,89.3557574417801,44.6911330527123,88.67816339421,137.71270682595,21.2060257348771,78.2713263782103,63.8798115534878,175.706887986925,199.484359741211,197.360533905029,113.330054502134,181.548993428548,0,175.249943588719,160.263268198286,192.416103210449,117.616483666431,180.164451599121,0,165.379650115967,155.588394165039,194.45411491394,247.842193603516,196.698776245117,204.155221557617,145.76823425293,238.647888183594,181.053224836077,188.356451416016,203.621170043945,200.168547566732,147.149547056489,147.03596496582,217.898897443499,199.656602096558,158.412479658272,186.441471409153,179.607645938271,0,216.402908325195,167.480395148782,185.823511396136
75.6859816693245,72.2272376014403,129.990238896123,32.9581070488401,56.5500776001901,72.2760827541351,82.2556518498998,58.6576078756532,92.6753693057992,10.0129467524162,75.6249804677843,140.523466055734,12.7261571248601,125.147541348896,91.9077660254447,23.1294137406329,72.523528323454,134.547171341745,143.99070619282,146.338819185893,66.625506060464,90.7136511802673,33.4220417512992,111.094518865858,26.8846650013657,105.482509150924,128.574343475848,103.973211560617,51.0621597900391,71.063228714634,62.2214394076713,145.050760803223,112.52020740509,66.0882788880231,88.5787057876587,148.968114852905,156.338516235352,165.462173461914,50.8554583029314,130.049467820388,108.080497741699,138.889037392356,103.544289328835,146.234114510672,41.6453270604534,129.532096862793,160.906936645508,92.1579920450846,171.717976888021,131.308515276228,90.9962946573893,123.17000579834,205.566722869873,0,166.111287434896,111.528467814128,115.391166687012,0,176.846145629883,87.6657850528586,117.531826019287,179.621355056763,171.091457498485,110.362730632457,145.036773232853,109.746200561523,0,0,134.873247146606,197.562184651693
68.3174459925869,151.313369750977,119.474028994912,97.0379468082042,23.8217571417111,117.206698690142,34.546660990368,12.5700064308125,38.6964326166176,75.6249804677843,11.2753433829964,150.278820037842,25.6131607475476,182.681730270386,46.8612481197522,75.2682043376722,104.057728160511,151.522802829742,168.362051391602,172.433557637533,16.5967944270204,98.1058055676912,102.62939453125,104.436977818807,67.6840751152752,157.622431437174,146.473826703686,128.677852006679,28.1758529688689,90.6881454988674,81.113639754218,183.477365112305,128.82203572233,78.8093545980621,97.7166889266463,189.819747924805,0,173.346378326416,101.84444577929,121.053528495457,0,172.728024291992,150.985960388184,196.767018037684,110.664433256109,174.755846659342,0,133.192547884854,0,207.882331000434,150.127667744954,226.940353393555,213.214797973633,0,0,170.012771606445,152.951205444336,200.598075866699,182.551196628147,134.786112654517,0,187.886299720177,196.925705759149,153.880701204626,189.414741516113,166.922920227051,0,0,177.372273763021,176.959175109863
135.431973001231,71.1778732299805,97.479573400397,73.6053360180977,178.694869995117,50.025943706562,71.9529198851261,159.342392815484,74.8554838869752,140.523466055734,150.278820037842,11.9228364467636,145.930747292259,26.2200518119854,75.1761617971811,104.7252368927,152.567952473958,59.7787628069487,22.5885041451933,30.4687588056295,157.693684169224,105.505889247841,108.570223533501,100.055543078492,164.06059895391,31.4229856512068,33.3971227477107,65.7370546594269,158.801392632562,57.8310125916243,119.350459394784,41.8764381040673,56.2665643862316,96.9186589167668,30.1464267757261,214.439956665039,108.826477397572,160.410287039621,94.9716400146484,0,0,0,212.538589477539,0,143.666366577148,248.605621337891,66.8884595788043,0,75.387292440314,212.67700958252,0,197.300498962402,173.138209025065,106.58622117476,122.580154927572,0,0,140.08171081543,147.665307998657,210.016555786133,66.2804500438549,115.73661475346,107.674951123762,222.537387084961,199.49137878418,211.033599853516,88.623780470628,0,0,134.584932327271
99.9081535339355,98.5477956136068,197.338921440972,88.4689753850301,30.9347801606776,95.969325300576,26.4553886975199,67.6486277478807,90.0541834279876,12.7261571248601,25.6131607475476,145.930747292259,9.87549267286886,178.661521911621,105.480984009815,21.146586900886,0,202.601638793945,167.971870422363,158.963572184245,11.5917912618938,0,73.4848976135254,161.760018920898,20.4512612288057,0,201.559625478891,141.635333341711,52.4453449915326,102.89754499054,0,0,121.515883712769,88.5440105091442,102.041506484703,144.445693969727,0,0,113.416127522786,24.3337025918822,0,179.456278483073,153.81827545166,196.954544067383,89.936470413208,164.359466552734,0,12.2868868751843,0,244.772918701172,0,0,0,0,0,6.11912572878712,0,0,0,128.112035324324,0,0,0,155.382632877516,204.532005310059,0,0,0,217.105514526367,0
138.638024902344,51.9120103605501,97.942585080169,46.5754547360577,0,81.6215471540179,104.572654558265,168.37787583295,111.055708016922,125.147541348896,182.681730270386,26.2200518119854,178.661521911621,6.54924538094285,122.983478044209,93.8822021484375,156.656555175781,89.2958789401584,45.5709287029202,69.5251892753269,0,204.893379211426,92.7107460657756,116.995427565141,148.706406529744,15.8680814695759,32.275315519842,34.0897424884972,166.321582569796,89.8726289272308,148.524953741776,12.9401127716654,77.3355966914784,0,49.4682022395887,0,95.0356084038229,154.092319488525,83.4616456627846,0,0,0,197.587600708008,206.919982910156,149.757824707031,0,53.7136919820631,0,32.6896156986582,156.414764404297,0,231.635009765625,142.144870758057,95.1111152648926,110.638583410354,0,0,124.955775867809,171.930282592773,189.736377292209,47.4664469520644,98.0828082909745,88.0319222897899,183.631019592285,94.6523895263672,197.261322021484,79.8053201211465,0,0,89.7447375129251
19.0054036776814,147.665887015206,120.434137073623,100.345368516555,107.703131905917,36.0348060395983,61.1651113253195,35.6588268624974,21.0263802612257,91.9077660254447,46.8612481197522,75.1761617971811,105.480984009815,122.983478044209,10.0450584106399,62.695495371233,158.59884752546,134.064149936823,119.347649845076,141.878021144388,106.393317741856,94.1692188509661,132.323988158127,105.921861155621,102.967317929205,96.1747478908963,142.592810722859,140.755127127783,87.0954209208344,21.0834391028523,63.9533159546835,138.755938513804,18.2105983062065,60.2195746188468,59.0905695259571,178.380730262169,175.894638061523,181.550971439907,110.968207628299,161.855834960938,0,190.498899459839,160.057399139404,191.624365234375,122.241861915588,181.035183299672,179.968002319336,154.962015151978,216.408195495605,193.16139755249,0,180.810791015625,196.145114605243,191.518280029297,226.480072021484,169.960271199544,170.213750839233,155.901774088542,192.386060078939,147.620751769099,0,203.422159671783,194.987925642628,160.087310731873,186.722966657366,164.601162719727,0,0,169.693597157796,184.191979980469
84.8876495361328,108.922353472028,148.745910644531,71.4192397117615,71.0437784892757,15.4408537949601,17.15837851517,78.7467786471049,24.6010294988803,23.1294137406329,75.2682043376722,104.7252368927,21.146586900886,93.8822021484375,62.695495371233,8.04226806171723,0,132.901443481445,0,211.398574829102,53.4840660095215,87.1564025878906,83.7001036071777,155.358169555664,50.3699584788078,140.089813232422,167.218612670898,135.009401063661,74.8389656980273,69.5121479034424,96.4757881164551,0,35.4477155405133,105.295316060384,56.8373353746202,0,0,0,149.260162353516,131.836791992188,0,156.002950032552,0,198.497146606445,76.2606544494629,0,0,57.3481817245483,0,0,0,0,0,0,0,138.08869934082,0,0,0,114.461759839739,0,204.234680175781,214.005271911621,161.848553248814,193.119608561198,0,0,0,0,0
113.530990600586,59.1225439488203,99.485297295355,44.2501471530808,0,108.797760009766,151.344579696655,105.682041349865,150.077921549479,72.523528323454,104.057728160511,152.567952473958,0,156.656555175781,158.59884752546,0,12.9819739751324,110.610020195086,154.983413696289,134.637087771767,0,22.9573949941578,33.2412109469184,19.4537426531441,31.9614245852243,0,123.652256925341,34.0345940361715,42.657372479089,102.757558529194,79.4931269940281,143.157897949219,186.633102416992,82.7991149902344,89.0125863892691,168.54997253418,0,104.167399961557,87.7371722950655,0,0,151.088165283203,137.371250152588,202.358261108398,143.873504638672,199.650608062744,0,0,0,226.189254760742,153.488891601562,37.2152125915057,131.038599395752,172.991134643555,143.296539306641,0,113.792862828573,116.361885070801,105.918622629429,127.174321101262,0,153.714867535759,107.684299366997,129.862964718841,138.552750723703,116.774126325335,0,0,117.750308990479,123.537091996935
108.487641195233,59.9747359266559,46.1345272959967,67.3801310944442,0,188.348098754883,171.933531443278,118.420363110805,147.311918395144,134.547171341745,151.522802829742,59.7787628069487,202.601638793945,89.2958789401584,134.064149936823,132.901443481445,110.610020195086,10.4922437482044,60.6271618843079,26.4420981009341,215.567924499512,56.0473491123744,89.0297678522317,32.186738090014,138.251840815825,88.3534002304077,41.3316651772665,71.4028504915151,124.168733945806,96.2455003039557,75.1273448836902,102.371744384766,131.547704315186,93.4719851281908,46.199227262392,191.05850982666,126.056955610003,111.39624842781,107.773974852128,0,0,227.504597981771,182.636565109779,210.645706176758,141.073509216309,185.86012878418,145.96944288774,0,160.279339599609,201.259334564209,0,143.169924284282,118.199029111862,157.198098318917,132.02317867857,0,155.979335361057,102.77739906311,132.944963862978,191.278334140778,125.807978312174,108.608455074927,115.356836073269,183.842056967995,217.316139221191,162.687567574637,135.199851989746,0,0,121.854748916626
143.548789978027,75.317004998525,94.2611413796743,81.5574241761238,215.297470092773,0,114.927750651042,173.287319946289,130.964454278713,143.99070619282,168.362051391602,22.5885041451933,167.971870422363,45.5709287029202,119.347649845076,0,154.983413696289,60.6271618843079,8.58627528136137,19.3090828699407,0,113.963980992635,114.149229503813,108.500046055491,171.777966586026,46.7148015881762,20.778291713572,63.8227844821406,174.482868739537,100.555536651611,125.302988852224,50.3512265726536,92.994855946508,128.554956436157,59.7910153175312,0,128.32285563151,163.643380737305,111.498141818576,0,0,207.843597412109,211.579788208008,158.209538777669,221.334854125977,0,114.23804473877,0,97.9913265003878,197.829635620117,0,0,145.391368192785,106.116233825684,112.732666804873,0,166.43180847168,142.675506591797,178.739664713542,183.597900390625,76.9434901646205,111.90991960253,109.120571588215,0,224.646148681641,181.068298339844,109.418932596842,0,0,135.588478088379
129.508652674009,66.1320583636944,69.8573004944684,72.6989874619704,196.989904785156,101.750839233398,142.6886645097,148.378450578259,154.609632936243,146.338819185893,172.433557637533,30.4687588056295,158.963572184245,69.5251892753269,141.878021144388,211.398574829102,134.637087771767,26.4420981009341,19.3090828699407,10.7340997914134,0,94.0483990981116,102.791433419754,81.5105313227727,157.083925181422,51.9348603499563,35.9236789492352,71.9248990432455,149.325347351074,104.539096110831,100.129124826381,63.0291376470036,114.546076225512,101.612176192434,43.8801597221429,208.546272277832,128.057813517253,136.417666650588,92.1812582969665,0,0,0,190.062288284302,0,199.294366455078,0,124.761080989131,0,112.877884483337,206.792135620117,0,150.269803365072,126.164634296912,117.523917606899,116.621338873794,0,174.776477389865,156.281531594016,146.801953633626,202.171372633714,98.9437567058363,108.317173776451,110.777115092558,209.055805206299,190.820947647095,175.972632514106,135.422764587402,0,0,118.595246361904
86.2632476806641,105.439994812012,164.441182817732,126.913108189901,11.1581439690488,126.949659347534,46.8038862193811,74.0297492218018,95.6540257017189,66.625506060464,16.5967944270204,157.693684169224,11.5917912618938,0,106.393317741856,53.4840660095215,0,215.567924499512,0,0,8.47211264602736,193.669830322266,112.857864379883,149.521911621094,20.3693739892227,0,185.913909912109,169.783732096354,27.4740884918322,101.373053703308,130.092884063721,194.766479492188,139.44070401399,88.5546836853027,101.485784717635,0,0,0,99.3229656219482,8.40767621121489,216.888336181641,190.101739501953,156.113269042969,194.823650360107,114.067018508911,178.05830078125,0,7.68418429374695,0,190.189163208008,0,222.495193481445,0,0,0,0,221.837295532227,0,205.665374755859,141.038182927274,0,222.400360107422,0,159.885205243085,203.022548675537,205.550094604492,0,0,0,185.062225341797
78.9634975790977,98.6321557362874,71.0387782324389,57.5574647076054,149.265289306641,0,124.041309155916,69.7443216328609,114.770830188277,90.7136511802673,98.1058055676912,105.505889247841,0,204.893379211426,94.1692188509661,87.1564025878906,22.9573949941578,56.0473491123744,113.963980992635,94.0483990981116,193.669830322266,12.1788765038411,52.4012477300145,32.1487125224111,39.4519636419084,142.713638305664,108.354139963786,72.4349102785285,31.7527843782505,65.64122367914,33.3228543627817,126.997166951497,131.402523040771,50.7793744057988,46.4144903587771,143.113156405362,147.016578674316,125.800164674458,74.9211980858628,0,194.628234863281,186.255081176758,124.143751144409,156.727513631185,103.23149751362,182.103088378906,180.318000793457,0,168.60034942627,165.370655604771,0,108.13308742884,143.085899353027,0,162.296085357666,167.672454833984,114.142402435631,95.7095792293549,115.09616399765,114.451192033702,0,169.909535544259,135.596439750827,121.036070101189,137.365329347808,110.428908650786,0,0,113.096759193822,129.488536834717
110.014952439528,21.3935749407168,59.6851570098126,31.3948827693621,115.667301177979,100.45295715332,105.266370137533,89.0346650017632,139.495743324017,33.4220417512992,102.62939453125,108.570223533501,73.4848976135254,92.7107460657756,132.323988158127,83.7001036071777,33.2412109469184,89.0297678522317,114.149229503813,102.791433419754,112.857864379883,52.4012477300145,9.66687944321302,50.3733212868966,39.2586778366612,62.741874513172,98.6122427101595,36.9494276159992,60.5122565423516,76.5722692839953,54.2582407097833,107.362131245931,126.420246124268,55.6424356807362,70.6938572519833,0,129.01717376709,75.8321280846229,63.8047834777832,0,0,186.947341918945,151.638414823092,171.515567016602,95.7822901407878,149.113311767578,0,0,108.486715316772,191.12357711792,0,58.0515844104359,100.539605140686,147.816925048828,115.815414428711,0,89.4514942902785,14.4772726070313,93.3960478933234,114.167946600145,106.63011932373,140.210381099156,77.3488566184956,108.926022052765,122.369761149089,89.2737318674723,137.659744262695,0,118.776285171509,115.280194091797
88.0501217490337,67.4636722140842,33.5731267106842,53.2136343945937,158.292221069336,104.934389287775,130.817446308751,83.4786286160671,124.458626877581,111.094518865858,104.436977818807,100.055543078492,161.760018920898,116.995427565141,105.921861155621,155.358169555664,19.4537426531441,32.186738090014,108.500046055491,81.5105313227727,149.521911621094,32.1487125224111,50.3733212868966,17.2932309735544,82.0577740550338,169.746072387695,69.1548063286633,48.4995915443344,63.6791477058846,86.096744358195,56.060276753658,124.744903564453,177.295283847385,79.4015315483356,53.4785839026653,184.116078694661,136.875239054362,100.088224776586,104.045454859734,0,0,235.22492980957,157.579108453566,186.867886352539,139.039790344238,183.251220703125,152.84789276123,0,162.187210083008,192.585643005371,0,89.71853742606,122.582873838168,169.18815612793,155.528871470484,0,118.388222827333,105.382446348667,111.358812380062,140.620175083705,153.77229309082,135.391882042184,104.541096502619,150.64185673305,176.607667541504,125.955622014311,0,0,150.897839864095,118.219713760635
86.5261114193843,80.4069817358012,124.190709269639,48.9003697060755,24.1008437123284,105.037985165914,83.5063790399363,60.7514861047846,99.6451195718218,26.8846650013657,67.6840751152752,164.06059895391,20.4512612288057,148.706406529744,102.967317929205,50.3699584788078,31.9614245852243,138.251840815825,171.777966586026,157.083925181422,20.3693739892227,39.4519636419084,39.2586778366612,82.0577740550338,12.9166905704364,123.094101472334,141.004403882765,91.6590780288137,19.9484749487229,81.4435353415692,73.3811360229091,158.45976524353,137.236757166245,74.3445768048686,94.9020139823181,140.892722852302,152.561813354492,159.890119194984,68.2432719995883,135.276523977086,169.73949432373,149.23195783175,121.63202549722,159.06035975406,74.0092449698715,145.040549283902,221.85986328125,135.46465548347,169.990242004395,157.72945827908,124.172752380371,115.480358728088,186.070966280424,214.110176086426,199.000759548611,146.678087907679,118.477790870858,109.493571162224,139.369733314815,104.710500534,176.244720458984,181.585447156751,168.239086054548,120.020620084196,148.155895904756,120.193147720829,0,189.052597045898,135.818796920776,146.642288079783
161.155657450358,23.2783625286423,108.729724884033,23.55428167561,189.856964111328,80.4703674316406,124.356338500977,147.962196350098,114.546669006348,105.482509150924,157.622431437174,31.4229856512068,0,15.8680814695759,96.1747478908963,140.089813232422,0,88.3534002304077,46.7148015881762,51.9348603499563,0,142.713638305664,62.741874513172,169.746072387695,123.094101472334,7.2532852468196,44.4844072820309,22.0269010716614,156.417491149902,76.2153121948242,149.911064147949,47.6214095115662,81.462085723877,0,54.2134515380859,0,80.6729217529297,0,43.5123254798708,0,0,126.355194091797,183.180320739746,91.8555297851562,147.518818941983,0,63.5258739029152,0,55.2009568030132,148.749862670898,0,150.970748901367,101.537982940674,76.584627532959,76.2251689049505,0,0,111.831042395698,129.799812316895,177.509866333008,40.5507765407511,68.8769571732502,68.8713360421451,158.96794128418,0,165.936386108398,74.3588487080165,0,0,77.2809327932505
119.678195850003,53.1263712433443,33.8676972271656,52.7926519106512,160.242440795898,142.380765533447,158.728899916013,129.643452775911,154.587819646881,128.574343475848,146.473826703686,33.3971227477107,201.559625478891,32.275315519842,142.592810722859,167.218612670898,123.652256925341,41.3316651772665,20.778291713572,35.9236789492352,185.913909912109,108.354139963786,98.6122427101595,69.1548063286633,141.004403882765,44.4844072820309,17.6930645996867,39.1392162328194,135.678588010712,119.242152452663,115.105480761003,34.5832071242555,149.241142681667,138.47737294323,70.6772681336347,180.880224609375,112.983530807495,114.765367497035,89.4141882167143,0,125.398231506348,196.869422912598,178.461491759394,208.467633415671,182.954981717196,216.543106079102,115.658770552925,0,99.0815284766403,198.140653170072,194.820159912109,160.808069402521,107.280359928425,112.81501206319,106.094613622447,0,154.031237284342,131.115956963433,124.138467132568,187.191118240356,76.0555017970552,96.7093856313705,98.999241577756,192.072689677394,179.372573852539,159.778874397278,120.076467367319,135.151443481445,187.862899780273,109.931920071622
128.52078353791,28.6074096944114,35.0064855942855,39.0701097112786,139.03217288426,134.223766871861,157.317023944138,113.720672141293,150.400975361992,103.973211560617,128.677852006679,65.7370546594269,141.635333341711,34.0897424884972,140.755127127783,135.009401063661,34.0345940361715,71.4028504915151,63.8227844821406,71.9248990432455,169.783732096354,72.4349102785285,36.9494276159992,48.4995915443344,91.6590780288137,22.0269010716614,39.1392162328194,15.3417625149396,80.7088082520115,118.594580441713,110.979575111233,30.0765332283978,120.989363670349,127.036838581036,71.2224305044561,179.031410910866,105.113064906636,95.7986786322729,73.7037050879373,194.795244852702,0,202.13843536377,172.745047721689,191.257791137695,168.954474827029,188.816741943359,107.053144389933,137.885360717773,88.9781379121723,195.017094571825,228.299301147461,114.721299316657,107.3715453269,108.914697948255,108.430407345907,222.582000732422,133.391195581314,127.197462111712,114.071789344714,164.883842931585,65.2462729410408,96.680567507742,95.4665617461582,170.165882055839,183.727855287749,156.399619607364,107.701839447021,0,183.143869400024,106.607012400731
79.7807449121126,102.350872251723,97.6253151241953,61.9600898430381,14.6468118903643,132.409064349006,69.4647521630312,27.2556644029757,89.3557574417801,51.0621597900391,28.1758529688689,158.801392632562,52.4453449915326,166.321582569796,87.0954209208344,74.8389656980273,42.657372479089,124.168733945806,174.482868739537,149.325347351074,27.4740884918322,31.7527843782505,60.5122565423516,63.6791477058846,19.9484749487229,156.417491149902,135.678588010712,80.7088082520115,11.264114498888,73.2073868495514,42.0196091550816,183.161433919271,137.644489620043,65.268280770175,68.3620608744595,140.095369539763,138.190956115723,158.154214202381,76.8888237966875,98.9285594881043,0,159.350701316458,126.585206125297,161.008991363386,85.3686831920822,157.814771270752,217.008097330729,140.91136625078,0,159.770205672499,153.649191538493,118.801003183637,170.277520430715,197.778564453125,218.225311279297,154.716929949247,123.945473392804,103.151696246603,147.862751988002,112.832039032165,0,190.226316972212,160.653866335642,125.534730914564,148.677658425886,122.00051279629,0,206.294169108073,135.040786294376,151.542363827045
14.1606090463626,124.780769348145,107.52130728577,76.3301292309262,102.312516148105,30.830757420996,67.7372852249696,49.0359069799026,44.6911330527123,71.063228714634,90.6881454988674,57.8310125916243,102.89754499054,89.8726289272308,21.0834391028523,69.5121479034424,102.757558529194,96.2455003039557,100.555536651611,104.539096110831,101.373053703308,65.64122367914,76.5722692839953,86.096744358195,81.4435353415692,76.2153121948242,119.242152452663,118.594580441713,73.2073868495514,8.61262507321756,21.27896637045,112.261754760742,10.2923213256347,15.849602219631,33.4761593063518,152.452376229422,168.084747314453,168.269395051179,98.7941607033334,208.434501647949,0,191.993928389116,139.502526273432,175.596790858677,103.398234981961,166.444400185033,0,178.609252929688,118.192741394043,171.049200115782,0,133.303572914817,191.750752766927,203.926147460938,191.814517211914,200.883407592773,140.46738334324,152.504960196359,154.701358594392,129.026390250917,175.364650726318,172.279744148254,159.253656889263,136.842242832601,155.540076695131,129.185206053687,0,0,145.012733968099,150.04894880815
29.441170110988,97.0181709289551,92.2124787502962,59.2751478560735,92.1033401489258,123.517477035522,115.944139882138,19.7920464378773,88.67816339421,62.2214394076713,81.113639754218,119.350459394784,0,148.524953741776,63.9533159546835,96.4757881164551,79.4931269940281,75.1273448836902,125.302988852224,100.129124826381,130.092884063721,33.3228543627817,54.2582407097833,56.060276753658,73.3811360229091,149.911064147949,115.105480761003,110.979575111233,42.0196091550816,21.27896637045,10.1166791169894,150.201043870714,124.405022144318,31.6168897951115,33.489151342457,129.822357177734,0,148.944617913694,75.9346443933385,181.459400177002,0,183.433258056641,125.478537321091,157.673106317935,99.8176884805003,162.080728149414,211.39030456543,0,0,154.320611572266,0,112.587422214337,161.161949157715,0,193.032274246216,174.782836914062,116.111883008039,100.464567729405,124.767156351024,112.296084367974,0,177.827629284981,159.369288983552,117.031925499017,137.457292977026,112.726224543254,0,0,120.147078664679,131.150671941584
169.337066650391,71.8981455848331,94.5581570060886,73.6766139810736,203.705795288086,87.6163431803385,137.323429107666,177.97589969635,137.71270682595,145.050760803223,183.477365112305,41.8764381040673,0,12.9401127716654,138.755938513804,0,143.157897949219,102.371744384766,50.3512265726536,63.0291376470036,194.766479492188,126.997166951497,107.362131245931,124.744903564453,158.45976524353,47.6214095115662,34.5832071242555,30.0765332283978,183.161433919271,112.261754760742,150.201043870714,6.65889942449243,97.0852446122603,152.220706939697,71.5736525708979,0,109.720649719238,166.382637023926,66.364800453186,0,0,244.738540649414,0,141.698196411133,169.27512105306,0,95.8103332519531,0,87.1664055718316,0,0,148.660171508789,163.530141830444,112.16732302579,113.489378709059,0,193.171234130859,139.661720275879,146.28857421875,223.487323760986,70.2813929777879,113.443408860101,103.023246765137,0,0,208.596206665039,98.0240539550781,0,0,118.490121968587
84.7790142556895,87.5945129394531,181.811698913574,139.86570412772,140.38124593099,10.5718245707633,11.7509071046531,126.86165661282,21.2060257348771,112.52020740509,128.82203572233,56.2665643862316,121.515883712769,77.3355966914784,18.2105983062065,35.4477155405133,186.633102416992,131.547704315186,92.994855946508,114.546076225512,139.44070401399,131.402523040771,126.420246124268,177.295283847385,137.236757166245,81.462085723877,149.241142681667,120.989363670349,137.644489620043,10.2923213256347,124.405022144318,97.0852446122603,6.71818839257224,156.789127349854,36.6061041823126,0,0,0,143.658638000488,0,0,0,212.130271911621,0,149.664573669434,0,0,117.709114074707,0,218.991058349609,0,0,0,0,0,0,0,0,0,189.13996442159,0,0,135.887760162354,193.254870766088,218.586171468099,183.146110534668,0,0,0,0
41.5412641763687,111.504501342773,124.892938467172,62.6801770528158,92.0598326462966,150.673309326172,86.2616155502644,68.6298358283131,78.2713263782103,66.0882788880231,78.8093545980621,96.9186589167668,88.5440105091442,0,60.2195746188468,105.295316060384,82.7991149902344,93.4719851281908,128.554956436157,101.612176192434,88.5546836853027,50.7793744057988,55.6424356807362,79.4015315483356,74.3445768048686,0,138.47737294323,127.036838581036,65.268280770175,15.849602219631,31.6168897951115,152.220706939697,156.789127349854,8.20838336112182,17.8111790434931,148.859156799316,0,0,88.2155406475067,230.159797668457,0,183.404460906982,136.630474090576,177.371893310547,96.2116470336914,156.469436645508,0,120.107048034668,0,159.074621582031,145.995346069336,109.390185038249,197.323890686035,0,0,198.514541625977,121.104947090149,103.439151763916,162.281658172607,122.570958305808,0,208.270313262939,187.247111002604,136.169201121611,155.22456817627,131.963417384935,0,0,150.772541999817,156.821019172668
97.8826406142291,67.8115131450149,69.4289917969664,70.9794288157058,100.817165565491,35.7873724395154,69.9632325686797,91.8662680936302,63.8798115534878,88.5787057876587,97.7166889266463,30.1464267757261,102.041506484703,49.4682022395887,59.0905695259571,56.8373353746202,89.0125863892691,46.199227262392,59.7910153175312,43.8801597221429,101.485784717635,46.4144903587771,70.6938572519833,53.4785839026653,94.9020139823181,54.2134515380859,70.6772681336347,71.2224305044561,68.3620608744595,33.4761593063518,33.489151342457,71.5736525708979,36.6061041823126,17.8111790434931,12.015449265954,159.277314503988,120.372184753418,113.326214716985,86.9758310699463,166.09358215332,0,187.593753814697,151.300787766775,186.528664725167,119.578186728738,193.579002380371,146.77906036377,150.49153137207,109.25692313058,177.001981735229,0,119.081206280252,128.23457274145,155.184871673584,134.279170092414,0,121.402153753465,126.634151713053,124.386118480137,137.078106336001,107.023412916395,120.111850969719,119.36242175787,147.666388000488,167.593848818824,150.771260775053,97.4274406433105,0,134.352868216378,133.320659455799
152.942947387695,171.321533203125,186.738210042318,155.866004943848,177.021469116211,198.410140991211,174.828704833984,163.324354553223,175.706887986925,148.968114852905,189.819747924805,214.439956665039,144.445693969727,0,178.380730262169,0,168.54997253418,191.05850982666,0,208.546272277832,0,143.113156405362,0,184.116078694661,140.892722852302,0,180.880224609375,179.031410910866,140.095369539763,152.452376229422,129.822357177734,0,0,148.859156799316,159.277314503988,8.85256024797855,127.036646525065,121.251884460449,71.9988131989214,97.0570413589478,93.7711334228516,89.655354395634,23.6701791174934,36.7852272464758,77.6037477521754,56.0951104523213,132.099372479555,99.5691564679146,151.936592102051,19.8098121115543,64.0176258087158,80.4830951690674,108.586915241923,140.644777459613,123.872222759106,90.8519869717685,81.6663516759872,78.360257687776,101.772206667307,83.4104337280731,119.305847167969,126.548391184743,138.027562942505,81.8987946576613,17.4338264551438,18.3556538334059,161.634777069092,105.102604866028,38.7570232224944,72.7288784128151
0,101.806358337402,114.428379906548,76.6805419921875,0,0,0,0,199.484359741211,156.338516235352,0,108.826477397572,0,95.0356084038229,175.894638061523,0,0,126.056955610003,128.32285563151,128.057813517253,0,147.016578674316,129.01717376709,136.875239054362,152.561813354492,80.6729217529297,112.983530807495,105.113064906636,138.190956115723,168.084747314453,0,109.720649719238,0,0,120.372184753418,127.036646525065,8.00405700074982,46.7857049599672,31.8432049045285,0,0,155.74967956543,120.457416958279,171.352316538493,74.2562523569379,0,68.0477979706555,0,62.6933864446787,174.625527518136,126.892816543579,75.5749199731009,53.8990584222556,82.7085803488027,67.337224428771,0,96.9563174777561,24.7707370346379,64.6322674286671,76.4010947671267,26.6780595495526,50.2618919079986,36.1735023681262,110.830840615665,130.489768981934,99.4587932385896,75.978898525238,0,111.308982849121,59.2497619173062
159.301780700684,109.227803911482,95.9734654903894,67.7218975530607,214.048416137695,0,203.941383361816,172.452999441964,197.360533905029,165.462173461914,173.346378326416,160.410287039621,0,154.092319488525,181.550971439907,0,104.167399961557,111.39624842781,163.643380737305,136.417666650588,0,125.800164674458,75.8321280846229,100.088224776586,159.890119194984,0,114.765367497035,95.7986786322729,158.154214202381,168.269395051179,148.944617913694,166.382637023926,0,0,113.326214716985,121.251884460449,46.7857049599672,11.9477879305952,46.1155387220712,123.539009094238,0,136.244917551676,95.815358269322,128.270160862965,100.316781107585,113.426695717706,99.9711036112771,198.618049621582,107.555301242405,127.74972960684,152.331792195638,78.7780626248091,37.6916955406986,93.6004571682069,73.3539773128072,149.732621329171,63.8502759283508,45.6279598436858,36.8215061494182,102.253598989442,126.35421861921,30.2916676311753,29.7886669354765,88.7600511013716,148.200125051099,95.6156269807082,97.9358837421124,219.549352010091,116.549836658296,71.2379979990296
95.6992030143738,80.5441935857137,101.176020891238,29.5214607386753,90.4266346151178,0,111.944578594632,85.524223494948,113.330054502134,50.8554583029314,101.84444577929,94.9716400146484,113.416127522786,83.4616456627846,110.968207628299,149.260162353516,87.7371722950655,107.773974852128,111.498141818576,92.1812582969665,99.3229656219482,74.9211980858628,63.8047834777832,104.045454859734,68.2432719995883,43.5123254798708,89.4141882167143,73.7037050879373,76.8888237966875,98.7941607033334,75.9346443933385,66.364800453186,143.658638000488,88.2155406475067,86.9758310699463,71.9988131989214,31.8432049045285,46.1155387220712,23.9984910063948,71.5360991021861,106.006472269694,91.5124222278595,63.6436648422682,94.8878949096448,23.4144243713424,91.744265802445,74.6233800091321,88.2789874443641,60.2505775367689,91.2268430133199,79.2284846532912,51.540613684161,55.6153921675175,87.3600322059963,63.7792301571826,77.4723287640196,54.2841224630591,33.1840638685315,66.3204125544822,35.2871244551854,26.8553097486496,49.5847092994987,40.776111294095,58.2009697477891,81.7080815727503,58.1650220558001,74.5947491963704,168.526504516602,61.2582373879173,66.4159518241882
