11.0808505490438,143.197647094727,102.555143799003,80.7781871327183,102.442688791375,60.5433006286621,72.4372886215768,34.1186617128979,15.4516049997173,66.3108189490534,37.5489008173169,128.789948599679,89.3791915492008,155.440505981445,11.6023041933105,60.5932765007019,111.431199815538,105.54549799298,151.194825213888,126.177531441489,78.0049823125203,81.2074456726764,112.748503112793,92.4714547997654,81.5980486825248,142.391983032227,122.658541519986,129.637542746983,78.700303113019,15.6985821614144,38.3621432865519,148.819107055664,84.0313199361165,32.9325075463245,68.2705066874876,0,214.709487915039,172.826094055176,119.679191589355,176.555236816406,0,0,114.092951456706,147.876556396484,0,202.283309936523,0,108.938812255859,0,161.969696044922,0,130.261255264282,192.671737670898,0,0,155.427337646484,0,116.994355773926,163.791427612305,120.489424943924,0,186.443133544922,170.256644112723,129.972613864475,145.735136032104,129.636254882812,0,0,0,0
143.197647094727,7.48361892099745,46.5147717793783,23.3774981649215,0,0,125.888475036621,117.945078849792,129.507278442383,67.4068925837035,112.807787577311,58.4416446530722,78.5170822143555,46.6439320681846,134.907901340061,99.1461809598483,54.3863540225559,57.2160236628975,72.7560943603516,57.9753938835358,0,103.73365347726,26.7135398358215,81.9242919921875,74.2681931173725,24.4565210228754,50.3285314816148,26.7859228616234,99.9786865234375,109.972337245941,96.7752086094448,59.7119472606762,123.919694900513,109.632995605469,63.0937181279279,0,0,68.105172475179,85.7417147159576,0,0,162.919403076172,0,0,97.7575759887695,0,102.934867858887,0,97.6113510131836,183.51594543457,130.967803955078,128.017333984375,115.093418121338,107.933171590169,77.6504783630371,0,0,0,118.963973999023,115.148127237956,62.504469871521,95.1299522399902,104.428923866966,178.343063354492,0,0,111.470371246338,0,0,190.642890930176
102.555143799003,46.5147717793783,12.4383017401321,48.6086592174921,122.524263235239,181.258982340495,128.889076258285,97.4871908823649,122.034589624711,121.663248879569,110.289183024204,98.7128265760222,156.870074396548,96.9519604542216,121.681763679277,135.472373657227,87.7537275314331,44.6457975860315,87.5405999580316,71.5373398622491,165.581630706787,68.1718209193303,56.8662264015101,31.9066809829744,109.197259267171,93.4013854980469,39.9681533560952,39.5407049690378,84.2969077249368,122.107672156833,84.6404941715683,92.3517862185083,176.350251261393,114.292864007465,72.1407230133204,165.91606648763,95.2402076721191,90.8692863045372,67.9454868616683,178.900273640951,0,0,158.702190126692,188.753768920898,160.983381791548,176.506973266602,131.426635742188,192.255065917969,159.547796630859,173.626597813198,0,117.42526228163,109.967016458511,144.175830841064,124.714383400093,0,148.521015167236,83.3821521864997,105.327955091509,148.53576290992,112.626377105713,105.912141036987,93.4983326832575,160.254875540733,189.948860862038,151.871944774281,0,0,141.835456848145,112.388013567243
80.7781871327183,23.3774981649215,48.6086592174921,29.2576290025161,68.9109467851355,101.218006134033,92.4009157697731,65.1848782278551,87.609551295181,16.4808733601661,88.9919683737833,80.3563339526837,83.5943677348475,62.1620060654263,94.1143034027844,57.1733348846436,39.226915088081,71.7640692512944,95.7362340291341,76.3117829731533,88.6353052684239,56.1401245872844,22.5778402048895,52.9637867661369,44.2408006641554,34.691358238337,63.9754650319806,37.2849161855053,64.055630057297,81.0710111564422,56.3785393768499,79.1703930086303,129.275075639997,65.012556156642,72.7457204061012,86.0200119018555,39.6491473061698,66.3128032315162,25.1254881904239,113.315934499105,0,120.056121826172,92.5405479431152,124.373449178842,51.5323543357849,97.8749659611629,119.711120605469,78.8250872294108,68.1568959554036,118.61521089994,0,54.6189518068046,94.652960035536,100.589171091715,113.637486850514,129.823106384277,69.2817014421735,25.5257378395158,65.4743304591303,65.9898907316833,29.695963270524,90.9276370578342,63.6565701075963,90.2150621414185,117.53160349528,76.2608311500078,104.422523498535,0,82.6093147277832,102.677326083183
102.442688791375,0,122.524263235239,68.9109467851355,8.5292879368515,120.140586853027,59.480232427312,34.6820798185137,90.1823215149997,49.8111326746697,23.7979336903294,138.423345565796,26.1519207142465,155.744491577148,103.416218522666,75.4633558392525,92.1454391479492,155.261302947998,0,156.566795349121,11.6001088935608,108.807071685791,75.6435921986898,141.526911222018,18.3459826302934,0,164.47444152832,122.281611124674,14.6097919561453,95.7903449398348,117.771307373047,196.06135559082,123.335712432861,83.6639815739223,98.8602618923435,146.163726806641,146.441589355469,0,73.9717554838761,11.6359503522355,0,150.933511734009,124.249210902623,170.360059564764,89.0254952280145,156.303650103117,0,41.650277911571,196.096817016602,184.4201075236,117.047527313232,0,0,0,197.754089355469,58.0597826025703,143.798294067383,141.268145561218,169.73469543457,109.231877885785,0,221.987721761068,181.340961456299,137.709361130629,189.153457641602,0,0,0,160.119346618652,164.535308837891
60.5433006286621,0,181.258982340495,101.218006134033,120.140586853027,6.51418152893103,10.3970057825939,121.682764555279,15.37057889007,75.9980427135121,108.488090896606,58.7569767345082,111.9909493231,77.7776293754578,25.3171970552014,13.8023691990119,0,160.108823988173,93.0761413574219,98.6042144775391,124.179833984375,112.418655395508,0,156.974802398682,89.1306629180908,85.2893142700195,121.672862713154,108.119764328003,128.539145036177,17.0970030132799,120.472849527995,95.8380889892578,10.4661843552656,145.442047119141,38.5975167371789,0,0,166.068389892578,0,0,0,242.031509399414,166.242874145508,233.763854980469,0,0,0,0,0,0,0,0,0,0,138.876922607422,0,0,0,0,187.047180175781,0,140.494750976562,170.193389892578,183.965530395508,0,0,0,0,0,0
72.4372886215768,125.888475036621,128.889076258285,92.4009157697731,59.480232427312,10.3970057825939,11.7987488382349,58.4232244691105,20.3053306728902,89.1270095589235,24.9137406186775,75.3966444747893,35.2870024309492,102.818085882399,34.0371088247478,15.0159486239878,124.399381256104,143.909176104465,124.886591372283,140.688155711781,45.6069499565916,115.032328708113,101.492272627981,119.24629745852,73.2332323201095,125.57593536377,145.915297706172,144.130740180945,61.6685766372625,41.3744506933601,88.7832099988265,126.797593010796,16.5175665036455,100.920693375682,64.6379953017166,168.962142944336,0,190.875815836589,113.562598164876,139.614984750748,0,153.29908074273,146.855618885585,188.102069854736,103.680703596635,157.944467163086,246.140625,51.6140975952148,0,188.180210113525,124.413080851237,153.155578613281,183.78434753418,180.218139648438,239.958023071289,173.480523427327,196.581700642904,146.386219024658,191.225236372514,127.046597392619,0,200.717475891113,187.448514302572,146.791616462799,181.689558919271,181.591728210449,0,0,145.284046936035,189.415756225586
34.1186617128979,117.945078849792,97.4871908823649,65.1848782278551,34.6820798185137,121.682764555279,58.4232244691105,9.11411846056037,58.9433428358607,62.9874497004918,17.4124721352636,149.930041144876,60.1807693950201,173.182702382406,63.7305187908283,81.105873515305,101.216856989367,116.846171300671,163.776344700863,141.001380264759,60.5321482703799,74.7130558392137,79.3686729121853,82.1330894067503,59.8190791299708,156.251586914062,125.887289717809,118.335875205689,31.1665755672833,59.2842272582019,23.3403452882204,169.04448445638,127.583401100308,64.2602526977645,82.9272762105085,163.277459716797,169.385940551758,171.874085248527,79.8327104023525,81.4074324165903,0,149.170065244039,122.47683877656,152.176491681267,94.1463021566701,149.021959032331,202.414642333984,84.7148857116699,0,158.381554690274,133.867073059082,137.885168529692,190.230375289917,0,200.973880004883,143.478569030762,147.990697479248,125.241455526913,167.166682996248,108.419500405796,0,194.631868489583,163.217349436091,123.922522434885,153.191421818089,148.681828308105,0,0,138.823364766439,153.09227120004
15.4516049997173,129.507278442383,122.034589624711,87.609551295181,90.1823215149997,15.37057889007,20.3053306728902,58.9433428358607,13.7963536524415,91.9590333377614,27.2300131837882,76.6144698807192,84.0082534682279,118.517846107483,16.3170053123591,32.1364836255375,144.290907287598,130.66563307972,121.852540304494,137.86235710082,88.0396798105266,105.821449991862,98.3002002716064,114.010016638998,92.6797695839167,130.007472229004,137.024963001011,144.071123336533,84.816162309914,32.9007825426423,75.3483048209007,124.241190376928,16.0192874991329,84.2811487218836,60.7694292212091,181.609092712402,158.694427490234,186.222931543986,94.660847345988,145.945945739746,0,163.700319925944,137.188177047237,171.597832419656,124.125193023682,166.906716918945,152.375732421875,126.095359802246,0,177.577811501243,0,174.174862670898,190.670837402344,144.826690673828,0,193.658111572266,139.063652038574,96.9590702056885,181.943630511944,127.823570000498,101.132766723633,176.11156463623,183.582803865758,142.921369405893,173.108491685655,152.277976989746,0,0,149.767539978027,181.334817068917
66.3108189490534,67.4068925837035,121.663248879569,16.4808733601661,49.8111326746697,75.9980427135121,89.1270095589235,62.9874497004918,91.9590333377614,9.67286615329062,77.471450360152,129.33807817146,10.4651772211947,119.92493264041,99.3530292752423,21.6809041598597,62.040746251742,128.132278708524,136.1441016564,133.746603131294,52.9402837457583,82.0945026513302,27.5069574800031,113.775586099336,21.2008654321977,102.688733729449,122.244018830449,101.414883802508,54.2576346320425,83.6439826219602,61.3564297342058,132.493035165887,203.888793945312,73.9874765777588,105.442067455936,86.0296325683594,110.698600769043,181.492518107096,37.9342408273734,94.9762340467803,0,103.493183898926,112.531972673204,112.713693141937,36.649242904951,105.780159214565,210.515213012695,81.633050101144,165.77604675293,116.376585740309,64.162115914481,155.011810302734,166.767051696777,0,168.348658243815,102.26464508801,157.300903320312,80.9648265838623,172.583323160807,61.8484821352018,151.889846801758,169.05163269043,147.610383987427,95.7720390747641,133.867370605469,138.10343170166,0,0,116.423357963562,133.924155426025
37.5489008173169,112.807787577311,110.289183024204,88.9919683737833,23.7979336903294,108.488090896606,24.9137406186775,17.4124721352636,27.2300131837882,77.471450360152,10.1172397581626,143.429085914125,27.093277573642,164.589965820312,58.2053550287487,75.3531697493333,124.931101989746,138.141884292381,172.343116066673,169.526374816895,18.3025794667831,90.3118758962936,109.816326565213,97.6525924615888,49.0438365374154,0,142.075362555725,141.86307344384,29.2115935239386,85.7444944864985,61.6631796338143,173.036421034071,118.25362057156,79.5040624417252,94.6746794851203,0,0,168.761454264323,102.648251253016,27.8195913829706,229.423416137695,162.375717163086,142.815120531165,179.080804824829,98.0122398963341,172.635234832764,0,42.158098615449,0,185.480467362837,152.066848754883,167.373157501221,206.833541870117,0,215.187042236328,159.757441007174,171.719177246094,145.802536010742,181.198534878817,125.92136721862,0,185.624181111654,189.708197201,149.523582996466,164.372022356306,150.216049194336,0,221.193511962891,216.845977783203,181.398725509644
128.789948599679,58.4416446530722,98.7128265760222,80.3563339526837,138.423345565796,58.7569767345082,75.3966444747893,149.930041144876,76.6144698807192,129.33807817146,143.429085914125,11.2160738415718,129.784251134536,27.217652513225,76.6392448653638,77.9521609715053,124.909356203946,55.3063133881155,20.0595040056755,26.2110317538969,137.474517822266,97.4915369498629,105.126440403825,90.4058815133418,146.516532897949,31.6843143271213,36.9663797506697,65.7724068579431,147.920011155149,63.1834383858865,109.47396697998,46.2668306098086,64.2962421867418,93.6578046162923,24.6423947636541,0,133.908039093018,138.733185450236,84.3838684775613,0,0,183.168670654297,197.193473815918,237.449417114258,164.611000061035,234.070686340332,106.430514907837,192.537445068359,73.0396611830767,0,0,168.911338806152,166.770879109701,95.6073206388033,113.832886946829,0,202.180786132812,190.469459533691,179.299468994141,197.119163513184,72.1700298309326,100.739121965367,106.353655935123,197.796696980794,182.611103057861,236.257400512695,103.039909362793,148.607025146484,0,163.739789962769
89.3791915492008,78.5170822143555,156.870074396548,83.5943677348475,26.1519207142465,111.9909493231,35.2870024309492,60.1807693950201,84.0082534682279,10.4651772211947,27.093277573642,129.784251134536,10.6089062656541,170.273384094238,94.2755257784465,16.8934702281498,99.0060405731201,187.755357106527,161.118275960286,155.833110809326,11.7770135222475,180.891578674316,92.7179322242737,180.288091278076,17.9803285580803,0,167.299021584647,160.204684055213,48.2031467310403,95.7201152790583,133.668177678035,185.039419555664,121.634231809586,95.1316240244898,98.9957141349776,0,0,177.535209655762,75.7715105329241,45.8665680081011,0,151.097848074777,156.818744659424,165.438496907552,68.0212262471517,171.810455322266,0,10.5848096341849,0,172.735107421875,62.8769889831543,0,211.290344238281,227.513793945312,0,19.4307646985147,0,110.983867645264,0,111.399793082789,0,241.583053588867,213.594629923503,141.813095255101,206.399925231934,244.259292602539,0,0,0,165.409324645996
155.440505981445,46.6439320681846,96.9519604542216,62.1620060654263,155.744491577148,77.7776293754578,102.818085882399,173.182702382406,118.517846107483,119.92493264041,164.589965820312,27.217652513225,170.273384094238,9.06000756850379,135.17534866333,137.049903869629,98.4616826375325,94.4321407102189,42.0295110973152,60.4238800541047,160.18505859375,138.5988184611,89.6525399284258,127.828961266412,125.292028331757,16.4495710258897,29.3519054864215,26.7868999631688,166.951439993722,103.274725737395,155.719088745117,14.4001337397078,91.4435330559226,131.077936808268,58.0797208448251,0,78.066151936849,148.42176361084,79.1478142874581,0,0,0,0,176.38028717041,148.272959391276,0,72.1280855510546,0,66.3900701018498,219.81255086263,0,128.19303894043,137.933667500814,84.0905439914801,113.857389177595,0,0,129.959320068359,178.066452026367,200.250061035156,46.9974838539406,83.359327583313,83.7554800851004,209.88427734375,139.629676818848,0,85.5285090303969,0,0,152.018563406808
11.6023041933105,134.907901340061,121.681763679277,94.1143034027844,103.416218522666,25.3171970552014,34.0371088247478,63.7305187908283,16.3170053123591,99.3530292752423,58.2053550287487,76.6392448653638,94.2755257784465,135.17534866333,8.16846433357564,42.9819644386246,137.79672404698,124.000053158054,134.833722523281,128.144453850018,95.574654322159,100.047017664997,112.837224721909,111.380804893298,101.922004525379,97.3203252156575,134.023240720483,138.079258556607,95.9365231087301,21.5916932763248,65.5795862289785,123.012265132024,13.7521556782704,65.2675267072824,56.7730310702293,222.841278076172,0,201.012115478516,130.835433006287,163.365222930908,0,0,149.271307945251,191.350900268555,125.202503204346,192.957997639974,0,106.842048058143,153.41251373291,189.744208595969,0,0,202.410545349121,151.030776977539,172.395350138346,187.590850830078,144.679799397786,152.683783721924,188.078229904175,142.746922012203,200.403747558594,186.412636496804,178.638963971819,153.140355473071,172.51954460144,154.822217559814,190.423950195312,0,151.580870056152,176.78568812779
60.5932765007019,99.1461809598483,135.472373657227,57.1733348846436,75.4633558392525,13.8023691990119,15.0159486239878,81.105873515305,32.1364836255375,21.6809041598597,75.3531697493333,77.9521609715053,16.8934702281498,137.049903869629,42.9819644386246,7.963765772718,87.1892642974854,159.156177775065,188.509017944336,144.727533976237,73.7524018374356,124.442273457845,75.6808772616916,129.463880327013,48.7067304569515,137.94846089681,157.453549033717,131.227874130499,80.5686311924711,41.9023878153633,90.4482774000901,142.902097702026,35.7600228552725,99.8086514472961,87.2667222273977,0,0,0,0,0,0,0,150.666458129883,135.915618896484,49.1591968536377,112.576766967773,0,66.9500169754028,0,129.685306549072,59.1818008422852,248.271591186523,0,0,0,0,0,0,0,92.5319946834019,0,0,0,131.026088421161,0,0,0,0,0,243.366577148438
111.431199815538,54.3863540225559,87.7537275314331,39.226915088081,92.1454391479492,0,124.399381256104,101.216856989367,144.290907287598,62.040746251742,124.931101989746,124.909356203946,99.0060405731201,98.4616826375325,137.79672404698,87.1892642974854,11.5328508394414,111.730581078163,132.09264755249,118.270302182152,119.526172637939,19.8893053373282,17.8842835659179,17.2092370641511,34.0918275938338,114.969348907471,112.443138198853,32.0607062466237,38.2026784146388,99.4072538722645,79.9089270727975,135.705526351929,156.537826538086,83.2283411527935,87.708022388659,0,125.242149353027,122.022433823806,71.1523062966087,0,0,172.834014892578,147.235768404874,169.482231987847,111.985576629639,156.075149536133,204.817565917969,0,0,182.7744140625,181.129409790039,99.9077809986315,156.727419376373,172.560709635417,150.822343444824,164.438537597656,115.850656533543,59.0685106676678,106.874081457752,123.414850592613,137.810104370117,145.404558967142,108.225617041955,132.658777439848,146.518363952637,115.637289914218,0,0,159.206192016602,127.595566231864
105.54549799298,57.2160236628975,44.6457975860315,71.7640692512944,155.261302947998,160.108823988173,143.909176104465,116.846171300671,130.66563307972,128.132278708524,138.141884292381,55.3063133881155,187.755357106527,94.4321407102189,124.000053158054,159.156177775065,111.730581078163,12.3471818926683,64.9604543125999,28.1715949306748,160.053168402778,59.7069515594538,91.4601830896342,28.9524935873022,135.284006957108,89.972526550293,45.6838696454196,70.604272948066,133.3163681825,102.52495662706,79.1449487579535,92.2815555871702,145.612087794713,84.8283949906264,46.875518965149,210.559814453125,93.7980219523112,112.05294702961,77.0630337811898,0,0,201.159001668294,178.432359175249,215.23291015625,143.425933837891,240.031692504883,134.14680480957,0,138.733238220215,213.595291137695,0,141.587232462565,128.564792364416,140.884045410156,122.953270360043,0,159.456573486328,105.821475781892,131.016060923802,176.079546610514,127.960327148438,109.698251996722,111.271255084446,175.94967811986,208.891418457031,161.388153076172,145.068928527832,0,0,128.028754752023
151.194825213888,72.7560943603516,87.5405999580316,95.7362340291341,0,93.0761413574219,124.886591372283,163.776344700863,121.852540304494,136.1441016564,172.343116066673,20.0595040056755,161.118275960286,42.0295110973152,134.833722523281,188.509017944336,132.09264755249,64.9604543125999,8.84865618265371,21.5621207132674,168.093349456787,123.864243727464,115.522492726644,93.429534803118,171.736522129604,44.3154635474226,34.2625877909855,66.8070123507393,176.651260375977,118.480937355443,130.410967826843,49.5497603068817,94.9640294392904,119.563280741374,64.4953837394714,0,134.685607910156,164.108283996582,74.7189384460449,0,0,0,0,213.737030029297,0,0,98.4930316925049,0,79.0612092208862,211.929412841797,0,188.440673828125,118.715316772461,96.5634110549401,120.053385925293,0,171.151329040527,248.163528442383,0,216.080764770508,66.3407290649414,103.362692306291,104.669813004215,219.197662353516,0,0,95.3125334240141,0,0,118.104535420736
126.177531441489,57.9753938835358,71.5373398622491,76.3117829731533,156.566795349121,98.6042144775391,140.688155711781,141.001380264759,137.86235710082,133.746603131294,169.526374816895,26.2110317538969,155.833110809326,60.4238800541047,128.144453850018,144.727533976237,118.270302182152,28.1715949306748,21.5621207132674,12.4975876961793,191.219931466239,89.9893369183098,102.550410735301,68.8801835170343,144.117917537689,48.7442798467783,31.9109507688301,67.9239147494914,149.094595698987,109.857179825061,101.888194632023,59.0666851887505,96.5172793070475,96.8015606938576,41.6951237692015,241.312347412109,94.5591812133789,123.438302928004,68.8746221542358,0,0,0,216.082229614258,0,165.227732340495,0,115.398579647667,0,102.02686513265,204.324714660645,0,158.245890299479,141.671865675184,105.795041864569,108.655486829353,0,199.664489746094,115.754592895508,162.330751037598,206.022876739502,82.0789813995361,103.844264781938,109.36834766419,208.466529846191,214.61735534668,185.866470336914,118.790236155192,0,0,124.869317896226
78.0049823125203,0,165.581630706787,88.6353052684239,11.6001088935608,124.179833984375,45.6069499565916,60.5321482703799,88.0396798105266,52.9402837457583,18.3025794667831,137.474517822266,11.7770135222475,160.18505859375,95.574654322159,73.7524018374356,119.526172637939,160.053168402778,168.093349456787,191.219931466239,10.0203783827512,126.715427943638,155.3203125,160.549029541016,17.7640234427609,0,172.760595468374,166.960295268467,26.8774295040248,94.4715236231338,151.259402804905,195.691963195801,128.73618108576,95.8602000149814,95.1450165066518,0,0,0,77.1319795088335,15.1969428503481,0,165.610087585449,157.006953648158,167.459051513672,92.2057357364231,152.247804121538,231.640289306641,10.4724015884399,0,197.442199707031,117.648640950521,0,0,0,234.434463500977,24.7295815156352,0,165.061073303223,207.704833984375,116.819140369107,0,216.931549072266,169.435979207357,147.869761698955,173.156562805176,0,0,0,235.535125732422,221.695472717285
81.2074456726764,103.73365347726,68.1718209193303,56.1401245872844,108.807071685791,112.418655395508,115.032328708113,74.7130558392137,105.821449991862,82.0945026513302,90.3118758962936,97.4915369498629,180.891578674316,138.5988184611,100.047017664997,124.442273457845,19.8893053373282,59.7069515594538,123.864243727464,89.9893369183098,126.715427943638,13.7013434449213,53.2072786107237,30.9683139542932,24.976882392725,130.21875,110.836667185244,70.4555364673657,26.132521415687,53.6392101484124,31.5230025438925,158.779879252116,127.029741287231,39.304691708962,47.1290820773174,136.858501434326,120.611480712891,143.075229042455,127.073318481445,0,0,143.99104309082,137.530468589381,167.318352835519,141.420392990112,171.028020222982,165.988220214844,195.599212646484,0,200.319630940755,0,113.102913082347,166.96152305603,0,171.422607421875,0,120.829881329908,69.6226423006531,130.362264184391,119.872290786432,0,151.770304870605,136.796091053584,125.647333637361,143.487402234759,117.923497183281,0,0,116.179759979248,126.482527036925
112.748503112793,26.7135398358215,56.8662264015101,22.5778402048895,75.6435921986898,0,101.492272627981,79.3686729121853,98.3002002716064,27.5069574800031,109.816326565213,105.126440403825,92.7179322242737,89.6525399284258,112.837224721909,75.6808772616916,17.8842835659179,91.4601830896342,115.522492726644,102.550410735301,155.3203125,53.2072786107237,8.33057166893863,53.3705066993731,25.9925513742198,73.2438272603353,90.0079034008557,34.9644459683406,61.1730024966201,80.6561275417522,55.5840098719118,104.558646653828,142.832494099935,64.1479853461771,86.7694506554087,88.3311284383138,138.192993164062,108.145334561666,77.6206970214844,0,0,146.886367797852,76.5047179002028,119.820744832357,72.6080598831177,116.625305175781,166.200098673503,135.611373901367,128.307933807373,118.717642466227,0,54.0978463542077,124.561147054036,154.906880696615,139.523859659831,134.226989746094,65.1258761779122,21.9914723271909,68.2102246685563,72.0224883776753,73.6840591430664,131.174795150757,98.2757280913877,95.4576374635858,97.7355194091797,68.8521127488878,226.15592956543,0,81.1369333267212,93.6730888366699
92.4714547997654,81.9242919921875,31.9066809829744,52.9637867661369,141.526911222018,156.974802398682,119.24629745852,82.1330894067503,114.010016638998,113.775586099336,97.6525924615888,90.4058815133418,180.288091278076,127.828961266412,111.380804893298,129.463880327013,17.2092370641511,28.9524935873022,93.429534803118,68.8801835170343,160.549029541016,30.9683139542932,53.3705066993731,16.1906233852319,71.7473386131774,148.265289306641,65.7960432453576,46.2433786038901,58.215321734978,90.8720093507722,60.3653373053295,124.888969421387,179.621010674371,73.4446973067064,50.5618862645281,181.121510823568,0,100.829211518734,72.3169581792126,203.309684753418,0,183.7388671875,162.001383590698,185.484209272597,160.334365844727,181.361209324428,140.641502380371,0,0,176.177268981934,0,103.440086303893,134.164840587671,0,151.176754542759,179.820663452148,126.215914408366,68.9376813724209,108.779994170749,134.604979387919,0,141.410053007064,102.291525854715,149.518559832906,176.619137446086,139.630019346873,0,0,154.720428466797,128.416582695792
81.5980486825248,74.2681931173725,109.197259267171,44.2408006641554,18.3459826302934,89.1306629180908,73.2332323201095,59.8190791299708,92.6797695839167,21.2008654321977,49.0438365374154,146.516532897949,17.9803285580803,125.292028331757,101.922004525379,48.7067304569515,34.0918275938338,135.284006957108,171.736522129604,144.117917537689,17.7640234427609,24.976882392725,25.9925513742198,71.7473386131774,10.0749328794533,107.653341659392,134.905634256057,84.2637527838189,20.0068938780661,78.5313934246837,73.1722609770559,140.236070779654,135.097697864879,67.8142763752891,87.3617234815631,120.365778241839,143.209276835124,154.281072591146,60.2846649714879,110.920199897073,0,134.153633435567,109.76738050964,139.988618429605,64.999902420044,134.450669058918,195.563807169596,121.872498494274,186.10124206543,148.646314137777,96.7540754590716,127.235425662994,193.036973317464,0,190.404113769531,131.680307632838,122.395846390143,84.7596815745036,142.954910220956,93.0125886880018,0,181.145698098575,156.423139131986,110.429659195346,145.892395926811,124.119152750288,0,163.523498535156,127.211848068237,139.255801368306
142.391983032227,24.4565210228754,93.4013854980469,34.691358238337,0,85.2893142700195,125.57593536377,156.251586914062,130.007472229004,102.688733729449,0,31.6843143271213,0,16.4495710258897,97.3203252156575,137.94846089681,114.969348907471,89.972526550293,44.3154635474226,48.7442798467783,0,130.21875,73.2438272603353,148.265289306641,107.653341659392,9.47252706820711,41.5384414515157,26.8514533422937,145.110147476196,111.717420404608,128.460662841797,42.4021839012259,85.7261791229248,0,57.6913189149239,223.726638793945,0,100.452613830566,32.050248104593,0,0,0,0,188.069371541341,139.309776306152,0,61.4336960315704,0,48.7726044992762,0,0,99.8233184814453,101.743375778198,73.0756490880793,92.1196455522017,0,0,117.924932861328,0,154.582458496094,23.1832313927737,71.0328721419625,63.2751041049573,213.884994506836,112.323314666748,0,74.9527517046247,0,0,80.0128784179688
122.658541519986,50.3285314816148,39.9681533560952,63.9754650319806,164.47444152832,121.672862713154,145.915297706172,125.887289717809,137.024963001011,122.244018830449,142.075362555725,36.9663797506697,167.299021584647,29.3519054864215,134.023240720483,157.453549033717,112.443138198853,45.6838696454196,34.2625877909855,31.9109507688301,172.760595468374,110.836667185244,90.0079034008557,65.7960432453576,134.905634256057,41.5384414515157,16.0502845572838,38.8995843178929,129.4267322614,121.575112686944,110.006220004637,17.9967042196135,110.664734042421,116.677466291062,65.4266289449783,178.04440053304,101.746857881546,107.560623931885,60.5321347984901,0,0,149.906951904297,183.493934631348,190.01471383231,162.792568630642,214.357978820801,96.441373885624,193.38801574707,82.8454534416525,197.170162200928,0,143.60161251492,116.964691162109,98.3764161913807,102.244295368195,0,171.42805480957,113.447672526042,142.355375845221,179.456789456881,63.6419767379761,91.6151702829375,95.1865113969283,187.402119954427,170.758094094016,163.005972544352,102.520796914702,0,170.814628601074,122.187649773163
129.637542746983,26.7859228616234,39.5407049690378,37.2849161855053,122.281611124674,108.119764328003,144.130740180945,118.335875205689,144.071123336533,101.414883802508,141.86307344384,65.7724068579431,160.204684055213,26.7868999631688,138.079258556607,131.227874130499,32.0607062466237,70.604272948066,66.8070123507393,67.9239147494914,166.960295268467,70.4555364673657,34.9644459683406,46.2433786038901,84.2637527838189,26.8514533422937,38.8995843178929,15.1809292964612,79.8947786636029,122.597622001462,111.604583296221,28.363591302693,118.326260743318,120.160046960554,74.0469418267123,173.79445286801,100.232015455091,92.7271846439527,58.6215875874395,193.324564615885,162.766632080078,206.718583848741,162.669637522978,185.709600633191,157.960868835449,191.755829987703,111.143178396851,185.109024047852,91.3565055538464,185.594280787877,0,106.757300600861,113.292916329773,108.715350923084,111.626405857536,199.487449645996,134.808435907904,72.9004335281489,105.498722721618,151.826292207926,66.2714733891673,99.2419101257438,95.229631664622,159.238537404332,174.826663565128,157.163273425812,111.424247233073,156.937469482422,153.634240286691,121.096598472968
78.700303113019,99.9786865234375,84.2969077249368,64.055630057297,14.6097919561453,128.539145036177,61.6685766372625,31.1665755672833,84.816162309914,54.2576346320425,29.2115935239386,147.920011155149,48.2031467310403,166.951439993722,95.9365231087301,80.5686311924711,38.2026784146388,133.3163681825,176.651260375977,149.094595698987,26.8774295040248,26.132521415687,61.1730024966201,58.215321734978,20.0068938780661,145.110147476196,129.4267322614,79.8947786636029,11.0708795088336,81.6244859788103,33.6226371513917,165.550091136586,141.822674560547,64.2375049672228,75.0607916822021,148.600609588623,0,160.53105990092,76.4061450958252,42.4006328960008,196.378768920898,145.838572757345,115.543729280171,153.599861901654,84.535269247519,154.210811968203,205.969039916992,102.481182289124,196.093688964844,162.508313204335,112.301455815633,126.034032933852,176.540314618279,0,217.549850463867,138.87670521026,135.679517237345,96.0764880309234,141.736621570587,106.436534994351,0,190.595443725586,155.918260331587,123.214702415189,152.875614542357,128.659889812617,220.174118041992,183.954528808594,130.018092001638,152.534932740977
15.6985821614144,109.972337245941,122.107672156833,81.0710111564422,95.7903449398348,17.0970030132799,41.3744506933601,59.2842272582019,32.9007825426423,83.6439826219602,85.7444944864985,63.1834383858865,95.7201152790583,103.274725737395,21.5916932763248,41.9023878153633,99.4072538722645,102.52495662706,118.480937355443,109.857179825061,94.4715236231338,53.6392101484124,80.6561275417522,90.8720093507722,78.5313934246837,111.717420404608,121.575112686944,122.597622001462,81.6244859788103,11.3720869980279,26.7867356922028,117.987932434082,11.0921588182764,12.8970384653988,33.7482324078337,136.152010599772,187.732460021973,178.19222301907,105.859206459739,102.932319641113,0,0,142.58743187689,164.252528103915,121.973278045654,167.784955705915,0,117.816431382123,0,179.981972588433,160.175304412842,138.894402821859,179.950172424316,0,149.269493103027,218.169357299805,124.751791112563,110.287007141113,170.64838552475,134.700797990567,85.6570129394531,154.083590874305,155.476355688913,148.99049782753,172.71217695872,141.237584967362,0,0,138.516390991211,157.269786232396
38.3621432865519,96.7752086094448,84.6404941715683,56.3785393768499,117.771307373047,120.472849527995,88.7832099988265,23.3403452882204,75.3483048209007,61.3564297342058,61.6631796338143,109.47396697998,133.668177678035,155.719088745117,65.5795862289785,90.4482774000901,79.9089270727975,79.1449487579535,130.410967826843,101.888194632023,151.259402804905,31.5230025438925,55.5840098719118,60.3653373053295,73.1722609770559,128.460662841797,110.006220004637,111.604583296221,33.6226371513917,26.7867356922028,12.06848391654,158.975341796875,124.934201558431,34.2847202613302,40.3651364728797,134.306835174561,0,154.271748012967,128.99723815918,0,0,142.132217407227,117.842783355713,162.121923446655,81.4263079325358,171.939215087891,214.046722412109,156.902275085449,0,144.777593930562,0,122.32553814619,183.690532139369,0,188.80989074707,0,117.60721057614,68.6421246560204,143.555163171556,112.319933081875,138.692779541016,174.713826693021,159.487411499023,116.043810500312,144.039009571075,118.719359545204,0,176.865234375,115.803839492798,126.973385265895
148.819107055664,59.7119472606762,92.3517862185083,79.1703930086303,196.06135559082,95.8380889892578,126.797593010796,169.04448445638,124.241190376928,132.493035165887,173.036421034071,46.2668306098086,185.039419555664,14.4001337397078,123.012265132024,142.902097702026,135.705526351929,92.2815555871702,49.5497603068817,59.0666851887505,195.691963195801,158.779879252116,104.558646653828,124.888969421387,140.236070779654,42.4021839012259,17.9967042196135,28.363591302693,165.550091136586,117.987932434082,158.975341796875,7.25583066511359,111.091771443685,127.146900177002,71.6300686493661,0,119.566738673619,143.198263168335,86.0882539367676,0,0,0,211.143440246582,0,169.854019165039,0,92.0006558100383,184.016342163086,80.0364396905386,199.621627807617,0,0,151.140735626221,100.562859576681,116.245658874512,0,0,140.57421875,158.181854248047,229.376571655273,66.0428816957294,98.7458455012395,98.8715752452409,215.718963623047,186.952809651693,186.560836791992,97.0831782414363,0,0,116.273965454102
84.0313199361165,123.919694900513,176.350251261393,129.275075639997,123.335712432861,10.4661843552656,16.5175665036455,127.583401100308,16.0192874991329,203.888793945312,118.25362057156,64.2962421867418,121.634231809586,91.4435330559226,13.7521556782704,35.7600228552725,156.537826538086,145.612087794713,94.9640294392904,96.5172793070475,128.73618108576,127.029741287231,142.832494099935,179.621010674371,135.097697864879,85.7261791229248,110.664734042421,118.326260743318,141.822674560547,11.0921588182764,124.934201558431,111.091771443685,5.09428115145802,97.9232187271118,44.276893128422,0,0,246.812377929688,161.901524861654,0,0,0,218.334579467773,0,0,0,0,127.352184295654,0,204.794967651367,0,0,167.499984741211,0,155.32341003418,0,0,0,0,184.345235188802,107.141426086426,160.866325378418,140.026397705078,213.422831217448,206.672622680664,0,0,0,0,0
32.9325075463245,109.632995605469,114.292864007465,65.012556156642,83.6639815739223,145.442047119141,100.920693375682,64.2602526977645,84.2811487218836,73.9874765777588,79.5040624417252,93.6578046162923,95.1316240244898,131.077936808268,65.2675267072824,99.8086514472961,83.2283411527935,84.8283949906264,119.563280741374,96.8015606938576,95.8602000149814,39.304691708962,64.1479853461771,73.4446973067064,67.8142763752891,0,116.677466291062,120.160046960554,64.2375049672228,12.8970384653988,34.2847202613302,127.146900177002,97.9232187271118,6.47134397213781,24.204575606544,0,0,161.5654296875,113.435859680176,125.482894897461,0,173.817799886068,110.062787055969,122.001167297363,169.388412475586,164.579116821289,0,0,0,168.098068237305,0,110.923052469889,0,0,0,162.764007568359,105.697008132935,59.7616229057312,148.420689174107,113.805595560277,0,212.300621032715,171.484644889832,123.067037337866,193.138844807943,109.026434580485,0,0,0,143.970664978027
68.2705066874876,63.0937181279279,72.1407230133204,72.7457204061012,98.8602618923435,38.5975167371789,64.6379953017166,82.9272762105085,60.7694292212091,105.442067455936,94.6746794851203,24.6423947636541,98.9957141349776,58.0797208448251,56.7730310702293,87.2667222273977,87.708022388659,46.875518965149,64.4953837394714,41.6951237692015,95.1450165066518,47.1290820773174,86.7694506554087,50.5618862645281,87.3617234815631,57.6913189149239,65.4266289449783,74.0469418267123,75.0607916822021,33.7482324078337,40.3651364728797,71.6300686493661,44.276893128422,24.204575606544,12.3334915240798,168.279602050781,103.288023630778,112.295947283683,89.7213331082972,147.087647574288,0,176.818283081055,146.521451849686,178.244667053223,134.81637878418,175.973302205404,136.999280293783,104.713140487671,119.386046091715,169.801471165248,123.615829467773,120.8454830772,140.029268080188,115.059103393555,124.15305259011,190.727193196615,124.894861602783,92.6906181335449,123.369002812345,134.94930239077,101.987390136719,117.758407796224,113.839036372806,142.819228923426,175.770552317301,120.978077888489,154.445552062988,0,163.567073822021,136.319819030762
0,0,165.91606648763,86.0200119018555,146.163726806641,0,168.962142944336,163.277459716797,181.609092712402,86.0296325683594,0,0,0,0,222.841278076172,0,0,210.559814453125,0,241.312347412109,0,136.858501434326,88.3311284383138,181.121510823568,120.365778241839,223.726638793945,178.04440053304,173.79445286801,148.600609588623,136.152010599772,134.306835174561,0,0,0,168.279602050781,10.7502134022365,122.164906819661,116.445791997408,89.396588687239,99.2961933135986,0,90.3058303964549,36.264641351006,65.044167932011,72.9267996788025,73.2675702355125,118.580691228147,99.0404887199402,132.428244527181,21.6252544226083,68.3224124908447,116.576352972733,104.160503815077,127.113536979579,112.148444166461,96.4457447782476,70.5461284479446,81.8877165658133,92.6646687622855,76.5192577639106,118.672653198242,118.675454527467,130.489653787899,75.7707872540298,16.3818415273364,21.3906493399141,147.447217305501,116.143436976842,37.9668628841103,71.4563784735543
214.709487915039,0,95.2402076721191,39.6491473061698,146.441589355469,0,0,169.385940551758,158.694427490234,110.698600769043,0,133.908039093018,0,78.066151936849,0,0,125.242149353027,93.7980219523112,134.685607910156,94.5591812133789,0,120.611480712891,138.192993164062,0,143.209276835124,0,101.746857881546,100.232015455091,0,187.732460021973,0,119.566738673619,0,0,103.288023630778,122.164906819661,6.52751231311299,42.2504033909904,14.1016989733074,155.201629638672,127.45645904541,210.249870300293,114.002098083496,127.553468068441,65.0012543548734,0,57.927487327939,115.690739949544,46.76724638701,123.642035348075,115.896139144897,55.2570430755615,58.3970505164949,73.8501052856445,60.4556706880268,0,116.064120701381,23.2110376881877,70.1928410683909,73.5300079913849,19.3585946670356,46.8607714717374,33.8824316319899,119.690549410306,134.419088745117,97.7289548601423,76.8702541351318,0,109.414165496826,71.911606885949
172.826094055176,68.105172475179,90.8692863045372,66.3128032315162,0,166.068389892578,190.875815836589,171.874085248527,186.222931543986,181.492518107096,168.761454264323,138.733185450236,177.535209655762,148.42176361084,201.012115478516,0,122.022433823806,112.05294702961,164.108283996582,123.438302928004,0,143.075229042455,108.145334561666,100.829211518734,154.281072591146,100.452613830566,107.560623931885,92.7271846439527,160.53105990092,178.19222301907,154.271748012967,143.198263168335,246.812377929688,161.5654296875,112.295947283683,116.445791997408,42.2504033909904,11.3512293377563,46.6155476855792,156.476520337557,189.370506286621,127.29521841654,96.6987913038347,122.663034546879,100.36221237938,121.136236506103,92.2482458545316,173.609963311089,99.1759044940655,120.025569436489,141.393364800347,87.6281051635742,46.5076010087901,94.3245242856584,68.1485382318497,180.760425567627,75.9921265782004,50.9391405711802,34.8892770387375,111.002168832823,90.9409141540527,34.6407579898402,34.3272395221813,94.1965637627344,141.034151488887,98.967612173705,94.0673131698217,161.58006477356,125.894315665109,74.5295828595219
