6.71742538585172,128.138475920025,81.5945313004466,69.0900056627062,76.7636204472295,62.3249066670736,63.366379809739,33.0981622548421,15.1245400554068,63.4542403587928,56.3182647773055,119.119122314453,81.7969040764703,164.279174804688,9.21140519753091,80.1531438093919,138.788743411793,91.9275667164601,131.43320148396,118.252901196779,72.1940071671097,70.5841852654351,105.6391002849,71.2646667949753,70.3298849048036,152.794766743978,108.660448136421,115.63169892719,59.6844646550841,11.1490311871994,25.1877303231332,134.919303894043,62.7921315973455,30.8123058596934,75.6312467718637,154.926223754883,0,137.628630065918,84.6411826092264,0,226.149459838867,212.02082824707,152.125614000403,178.021233452691,0,219.907409667969,200.696838378906,0,213.645579020182,164.153802490234,0,165.182887486049,168.467945643834,0,180.082336425781,0,114.915817260742,103.292221069336,156.277660663311,123.108104847096,139.18142191569,164.684419111772,151.106877644857,129.962510560688,158.919694519043,161.497502644857,213.267303466797,0,139.56519317627,176.020004272461
128.138475920025,7.86823233781627,43.5701482824031,12.7711330291328,0,108.245628356934,148.412017822266,104.902488708496,127.025452423096,66.078013865153,126.326473236084,60.1135921177902,0,47.4811178450722,134.018565586635,122.066017150879,54.6628839446277,54.3042430787075,73.130614526493,57.4205924549852,0,118.291245200417,25.3154040185332,84.268529686561,73.3140662588724,18.4590605630858,46.8961551371177,30.1624018120642,135.81021270752,109.881809997559,94.6109220331365,63.2374340693156,0,124.974797566732,55.0394979676048,0,56.3681271870931,84.0555686950684,61.2460612654686,148.717559814453,0,0,125.568458557129,162.477340698242,0,0,105.139672851562,0,90.4408636654125,194.955474853516,0,108.180583953857,82.1133580889021,108.099206288656,91.3594682481554,0,147.688415527344,65.2801761627197,112.035280863444,102.058059692383,71.0696382522583,97.3717462448847,67.0100586138274,0,0,0,106.423662185669,0,0,87.8723275926378
81.5945313004466,43.5701482824031,11.8463412620284,41.4401904857147,134.175321578979,164.697769165039,127.286145731608,89.9488656706209,116.266649208719,93.3248864535628,96.6607936497029,80.5849652236767,108.105209350586,111.872360923074,104.050642124812,137.118933359782,82.9162657364555,41.6774119996652,87.5726232528687,69.4039484782687,140.494304112026,62.8266107463182,53.2750553892707,31.6055654298,102.233069785287,90.7344917297363,28.6210625558505,37.0781027001618,78.6370062064403,100.447226243469,58.387393354227,101.838401794434,177.984033203125,107.703376485341,63.1272171607021,145.509456089565,74.5957819994758,87.0338998224191,58.5863575954987,0,0,179.570170084635,145.775049741151,176.328286709993,174.736557006836,152.510111490885,127.791609191895,173.430801391602,119.520784378052,160.835397033691,0,109.800137031369,103.92493707903,137.32901763916,121.644785962786,0,129.242370128632,93.7455518769055,102.489376818547,154.836614435369,139.917181968689,105.276963127984,90.0869207121319,145.356356430054,170.260534286499,140.140009953425,146.974594116211,224.0068359375,135.161204020182,109.017886476021
69.0900056627062,12.7711330291328,41.4401904857147,24.1715853608572,50.023164031852,107.502154541016,84.7835106116075,56.0910606275905,86.9130081516681,14.8377354347178,72.4575740789912,68.3290104411897,55.4496290145382,45.7392845521549,82.6211061517564,61.4614517211914,41.32185552699,58.4552321511466,70.8070843815804,66.0748920709315,68.3181730719174,54.1127460247904,24.6837793432902,54.0205352279334,39.7469877261712,21.4202402152763,52.7005970898797,39.2469722494724,49.9840323099047,66.5232290612443,51.6403533850192,69.261593745305,137.577434539795,53.3331977713342,61.5964905365941,91.9093437194824,29.8596093314035,51.3166223270878,15.3353243954561,115.157667432513,0,105.950761413574,83.4635359513132,112.505184936523,25.9804390668869,99.6463305155436,68.2011344216087,0,56.4640178065146,109.895589773996,0,66.2282797347668,79.1683929761251,85.2441267716257,70.3379092583289,0,71.3388882742988,25.8543179672818,64.399747467041,61.389797043156,23.2565795881995,69.2418857183982,51.6275311181305,67.5097006242828,98.7696658275166,76.7697175343831,76.7943572998047,174.373138427734,86.8574075698853,77.2032236371722
76.7636204472295,0,134.175321578979,50.023164031852,8.312361645865,106.685905456543,57.5852639776595,63.465441123299,74.2408144269671,34.0422366728079,18.2307301182505,0,15.3063109658759,0,92.3248970862662,63.8393901478161,0,168.286163330078,0,0,12.8454506406124,103.922040939331,51.083607413552,125.03706741333,15.7329028643265,125.112319946289,169.316469464983,110.24123840332,11.2577542459476,90.1120935842532,72.5375654432509,0,131.46081161499,75.0051569816394,91.0598143944374,0,0,0,77.1014273507254,10.5015310803102,0,157.088550861065,116.740935074656,143.812505307405,80.7118699210031,108.823281326294,203.763641357422,7.03454966875382,0,157.379916599819,95.3844528198242,0,0,0,0,7.71343460272659,0,129.606246948242,189.514953613281,87.4943265361171,0,0,0,111.197001048497,164.03394241333,0,0,0,0,166.713484191895
62.3249066670736,108.245628356934,164.697769165039,107.502154541016,106.685905456543,7.43098472178266,10.5858820880825,104.113500595093,16.9286828850458,64.9588445663452,96.0161936833308,53.2450278815577,58.381921450297,82.8247966766357,40.5400278279276,13.3235773654943,0,176.012420654297,87.8997209337023,95.4290237426758,108.321542104085,0,119.948926289876,153.371078491211,98.7173761640276,80.2005767822266,98.1676201453576,106.711047036307,119.594352722168,18.3564338553951,102.434036254883,88.9807100296021,13.207497034125,0,28.1242946177873,0,0,0,138.932708740234,0,0,0,174.77783203125,0,0,0,0,0,131.345993041992,0,0,0,168.604064941406,0,0,0,0,0,214.196563720703,0,0,0,0,169.769866943359,0,0,144.716110229492,0,0,0
63.366379809739,148.412017822266,127.286145731608,84.7835106116075,57.5852639776595,10.5858820880825,7.56760196783237,43.3284415049883,18.7655334679899,66.8805783617085,20.9513012241275,64.5895182506458,21.672250036828,84.7140050252279,28.5586862744686,9.60691480153637,107.668258666992,138.158247140738,97.2662974039714,125.489511762347,33.9771405614925,100.327567672729,117.37167263031,122.221526104471,78.0356222313141,0,143.063332755611,142.086168176988,45.8004811089318,46.2755157058913,78.7318328221639,101.018664042155,25.0891798160526,99.8326582067153,47.4922180931743,160.035369873047,0,183.512275695801,112.754330635071,139.317321777344,0,164.28983931108,141.549289321899,167.533646583557,129.097328186035,161.16272190639,0,33.4103298187256,129.830972671509,179.258984883626,178.100601196289,187.083755493164,206.966323852539,0,0,155.453460693359,0,134.833812713623,175.051677703857,125.964411802966,141.456359863281,0,184.643295288086,140.194535021512,174.721902029855,177.089080810547,0,0,146.01467590332,186.314036778041
33.0981622548421,104.902488708496,89.9488656706209,56.0910606275905,63.465441123299,104.113500595093,43.3284415049883,8.43166643097361,52.5927956209331,47.5407929894284,11.100030989312,138.198347303602,36.4815066568858,176.802505493164,23.512567082905,71.7152557373047,81.3570397240775,103.433427603848,146.016960144043,128.907063590156,35.4894356068985,63.9715661218924,77.5217859368575,71.3685349286331,42.2905869471432,150.270614624023,117.806792211533,102.485104728125,13.1018776713098,57.4466381367448,13.2667646914245,0,117.642987569173,61.1267555830047,81.6674213037056,182.864067077637,166.21875,149.159716033936,75.2014450746424,0,0,136.827880859375,114.684466847202,136.074650672174,98.459854888916,129.835156758626,0,248.982635498047,0,157.29228918893,138.797546386719,144.398886680603,178.639767964681,0,0,0,144.4807472229,107.164710304954,146.431162102278,100.702963124151,187.806488037109,197.713010152181,161.641547066825,112.063133485856,143.437984848022,132.31186567034,0,188.005401611328,141.569564819336,154.978691549862
15.1245400554068,127.025452423096,116.266649208719,86.9130081516681,74.2408144269671,16.9286828850458,18.7655334679899,52.5927956209331,8.55507492831722,80.4158437917161,14.7268197031986,65.5776800127997,23.2460322412951,86.5787388483683,12.9403022285923,29.8886485248572,137.88850402832,129.816187333833,111.047047701749,133.172065185547,65.2729413907899,101.556673501284,115.658211749533,98.5659642727737,85.1503654383406,96.1539789835612,131.42152026828,132.260455011917,70.1226240640371,25.5771888557067,65.8575718644736,100.5248014662,13.7363169742845,82.9154078960419,42.9828217007175,164.360859870911,0,170.166627150315,93.569274357387,131.548614501953,0,152.281004098745,137.315106611985,161.996052106222,72.3754196166992,141.503604125977,175.253154754639,0,106.198356628418,173.876126861572,200.993774414062,188.254786173503,197.87026807997,0,178.027923583984,0,176.589004516602,196.441741943359,172.780149732317,133.681523332692,135.833236694336,179.5917137146,174.386892046247,137.340988025331,181.410035875109,203.007797241211,0,186.158706665039,179.081069946289,169.528376652644
63.4542403587928,66.078013865153,93.3248864535628,14.8377354347178,34.0422366728079,64.9588445663452,66.8805783617085,47.5407929894284,80.4158437917161,8.80577555252989,69.509713416552,126.732934359846,11.2352701597731,112.82883682251,80.3097578705753,21.4939455882226,79.6827863057454,111.677745274135,134.117932637533,125.55608996223,34.8620737030238,69.232472313775,28.2917562480496,101.479802072048,16.2680685048477,97.4352837639886,113.869443144622,94.8963282141887,44.5209065025283,70.3249517828793,51.1667618899875,157.52326965332,112.461628723145,59.4958300524835,79.1112133915094,71.5396308898926,0,142.754837036133,22.6533008946313,82.7684118097479,93.3120803833008,107.828770955404,78.5121584574381,144.456771850586,35.5500895613331,104.224099636078,144.781234741211,90.8837102254232,151.265317281087,124.866300964355,95.2798328399658,0,0,0,159.038726806641,92.8152803693499,116.861190795898,109.835605621338,132.647571563721,51.3409919036931,125.532592773438,205.468490600586,139.082601928711,88.3622139824761,143.287243434361,100.969741821289,0,177.993759155273,86.5629730224609,106.35131072998
56.3182647773055,126.326473236084,96.6607936497029,72.4575740789912,18.2307301182505,96.0161936833308,20.9513012241275,11.100030989312,14.7268197031986,69.509713416552,7.70628104460121,135.034392315408,25.1545715484125,147.52345123291,33.9145131230857,55.7151868073837,93.9497985839844,119.850059509277,201.233184814453,141.017379195602,14.4397325159155,69.600359381699,102.734112907858,81.5120054631075,52.2900435024634,170.142883300781,121.19814113513,123.068726979131,14.6417671225127,82.9961712081322,48.2349887794548,159.921775817871,108.339530309041,76.3278096125676,88.1772720836033,147.590168762207,117.448738098145,165.15805707659,98.6466646609099,40.9288707375526,0,146.939717267011,122.510787482011,149.2504347229,153.216159057617,141.791178894043,234.269485473633,79.8808142344157,0,163.371667715219,105.932991027832,145.551802635193,184.215549468994,0,234.058647155762,157.069112141927,138.6715965271,147.034469604492,157.462123747795,106.268775939941,0,193.791641235352,162.085528564453,125.817539026241,172.736872072573,160.155853271484,0,189.246994018555,148.236607869466,165.136836460658
119.119122314453,60.1135921177902,80.5849652236767,68.3290104411897,0,53.2450278815577,64.5895182506458,138.198347303602,65.5776800127997,126.732934359846,135.034392315408,10.2237404188354,0,19.1164742640666,69.2557590145862,79.3076095581055,111.32280476888,45.5261982072074,18.6246812705281,25.2789308536043,128.800212860107,81.1019206829925,92.8996184666951,80.9107230504354,139.340265546526,29.9448409844228,20.6206840126004,55.3873113889345,141.281084794265,51.893748898555,83.924687681527,33.4106370967128,56.0650675296783,101.029585266113,23.6582168206122,0,97.1202980041504,131.10179901123,63.95609181722,0,0,0,181.890808105469,134.17077255249,0,164.313049316406,83.6587302344186,0,70.6787637134768,153.106250762939,0,128.265713500977,133.155567462628,88.2067218217693,107.016291155134,0,0,0,147.583201938205,205.136123657227,61.0085250477732,94.2817326538952,95.0006769696871,204.225543212891,166.338966369629,0,89.8276380456012,0,0,128.952214922224
81.7969040764703,0,108.105209350586,55.4496290145382,15.3063109658759,58.381921450297,21.672250036828,36.4815066568858,23.2460322412951,11.2352701597731,25.1545715484125,0,8.2879267383332,171.463333129883,79.657538157243,12.3625112532771,0,156.483474731445,0,196.609268188477,10.3281630925197,91.82053565979,57.6644965580532,93.5617145191539,12.5106362496432,0,131.790551503499,119.933672904968,36.1622563286563,91.3824777161049,100.566514151437,0,130.287399291992,92.0410675048828,91.9166709545047,133.41047668457,0,0,91.3870229721069,16.6851427806051,0,114.694868850708,108.304393567537,134.03440322876,78.6077117919922,38.3947619147923,0,5.17743776839647,0,165.928290049235,103.786682128906,123.63597869873,0,0,0,10.6460964842037,0,0,158.098991394043,73.2782280980324,0,0,0,69.0477535850123,144.324481964111,166.567047119141,0,0,147.223754882812,0
164.279174804688,47.4811178450722,111.872360923074,45.7392845521549,0,82.8247966766357,84.7140050252279,176.802505493164,86.5787388483683,112.82883682251,147.52345123291,19.1164742640666,171.463333129883,7.08430708445668,92.0331833975656,0,128.047477722168,110.430284353403,52.5634988624359,64.7517431965024,157.361328125,182.978416442871,81.4491520928998,129.239193256085,121.08293633712,20.7701568472667,17.5494352005194,29.6142829290878,171.0163230896,69.79919674522,162.781539916992,9.44745876418961,80.783011118571,0,58.1688639750334,150.007736206055,100.398181915283,0,39.8638813457792,0,0,0,0,133.41968536377,146.774101257324,0,74.4658202153103,0,50.5109728821266,0,0,0,124.023040771484,88.6747491751144,94.7410570780436,0,0,107.890359731821,157.047248840332,157.544479370117,50.5610676667081,91.6781504410964,86.1191874639084,0,161.406288146973,130.024871826172,79.0609604102978,0,0,112.179868062337
9.21140519753091,134.018565586635,104.050642124812,82.6211061517564,92.3248970862662,40.5400278279276,28.5586862744686,23.512567082905,12.9403022285923,80.3097578705753,33.9145131230857,69.2557590145862,79.657538157243,92.0331833975656,6.8778079366635,40.0173692703247,152.402844238281,119.741245139517,117.682879412616,135.466324652395,79.3274366754064,84.3971463253624,119.231746292114,84.1167348849228,82.9395453166962,81.7708377838135,125.30833381204,126.879493713379,66.7190989813537,14.1262564172484,29.919471505322,109.887078285217,33.9656366310327,33.1282027085622,45.1340387146398,155.294581095378,0,159.732882412997,123.060024261475,106.293062210083,0,190.310424804688,142.827128251394,188.729739597866,112.123945236206,179.391090393066,163.375968933105,0,162.08598836263,187.021895188552,191.458633422852,158.355206807454,187.630065917969,0,136.019393920898,0,158.513809204102,124.728637695312,175.412128614343,133.355878067017,0,179.066044398717,169.388194234748,141.794945094896,186.01370093936,166.376927693685,0,0,175.907414754232,170.765086780895
80.1531438093919,122.066017150879,137.118933359782,61.4614517211914,63.8393901478161,13.3235773654943,9.60691480153637,71.7152557373047,29.8886485248572,21.4939455882226,55.7151868073837,79.3076095581055,12.3625112532771,0,40.0173692703247,7.52632989089459,0,148.778491210937,0,178.091766357422,59.0532895496913,0,65.4527755150428,105.654781341553,47.4810838906019,0,146.812099456787,128.448725700378,67.3251785610033,31.2185296871044,94.4419288635254,116.004455566406,42.2016014644078,108.048807144165,50.5596035548619,0,0,0,48.9296480814616,0,0,112.92724609375,113.7594871521,177.031982421875,55.4516792297363,111.422897338867,0,0,0,0,0,0,0,241.134399414062,0,106.677833557129,0,0,0,68.9615621895626,0,0,161.294036865234,139.407760620117,148.504653930664,0,0,0,157.970474243164,0
138.788743411793,54.6628839446277,82.9162657364555,41.32185552699,0,0,107.668258666992,81.3570397240775,137.88850402832,79.6827863057454,93.9497985839844,111.32280476888,0,128.047477722168,152.402844238281,0,13.0894542427332,97.2555774744006,137.010165405273,118.05467054579,126.041999816895,19.7801192281692,28.0711589480626,18.6668399328022,29.1871033238685,112.770233154297,95.6358834133353,25.9464157460701,31.3336166293934,98.601746517679,65.0494781764208,0,0,67.9415016174316,77.1822277223221,184.096481323242,0,103.720161946615,56.7448547550889,0,0,194.167251586914,132.024142338679,164.29118347168,128.923522949219,139.957000732422,197.607940673828,0,156.380676269531,159.561779022217,0,41.8724912948979,137.622979845319,0,138.921671549479,0,110.655384063721,49.3033022966804,96.1519360154675,137.844969749451,0,157.478686523437,107.276894061596,133.885807238127,173.954142252604,121.061630249023,0,0,125.580307006836,116.835279381793
91.9275667164601,54.3042430787075,41.6774119996652,58.4552321511466,168.286163330078,176.012420654297,138.158247140738,103.433427603848,129.816187333833,111.677745274135,119.850059509277,45.5261982072074,156.483474731445,110.430284353403,119.741245139517,148.778491210937,97.2555774744006,8.81808970718066,49.5635438544728,23.8208934253744,128.05012512207,60.5650960470984,79.8051933321673,31.1322857657643,117.333312864561,66.5773945976706,32.5228801927079,65.5150602975813,114.233859705841,87.4108955092231,66.4578236087544,98.5989262717111,214.635787963867,94.9997191630619,32.8686513121101,169.251235961914,90.4890094170204,105.6011494807,74.7596872175062,0,0,0,166.638499209755,195.735014481978,152.005025227865,185.096862792969,124.05738067627,0,129.874279022217,181.889047475962,0,128.163404713506,113.64847868681,131.583034038544,115.164842319489,0,137.865488052368,102.050633707354,126.963078308105,178.832038879395,104.08453805106,107.9290230653,106.638368743622,183.509918212891,164.555404663086,159.276999733665,155.681106567383,0,0,118.284958790925
131.43320148396,73.130614526493,87.5726232528687,70.8070843815804,0,87.8997209337023,97.2662974039714,146.016960144043,111.047047701749,134.117932637533,201.233184814453,18.6246812705281,0,52.5634988624359,117.682879412616,0,137.010165405273,49.5635438544728,7.66739425315449,14.723219255318,150.853485107422,123.954002380371,104.496211647987,104.287355124232,152.735885620117,40.550983481937,33.8354753377035,59.7443219467742,147.539206504822,102.363730698489,114.614817986122,45.7929085996962,84.7667839050293,127.595150756836,63.2113242687007,176.766471862793,114.446464538574,143.401184082031,61.08269627889,0,0,0,0,174.256942749023,0,0,90.9925136064228,0,78.4176128335195,181.381579589844,0,143.93342590332,139.824073791504,95.5300547281901,106.872149253378,0,0,127.790824890137,157.354820251465,0,67.7492289029635,102.14295689956,101.035225659951,0,144.258071899414,186.199676513672,92.1958655221122,131.186309814453,0,132.612551520852
118.252901196779,57.4205924549852,69.4039484782687,66.0748920709315,0,95.4290237426758,125.489511762347,128.907063590156,133.172065185547,125.55608996223,141.017379195602,25.2789308536043,196.609268188477,64.7517431965024,135.466324652395,178.091766357422,118.05467054579,23.8208934253744,14.723219255318,8.9785902371817,215.425186157227,90.6992140487886,96.4661628118171,80.9937125583966,137.641980078913,42.8143421933542,27.5875077641355,62.2682048118221,135.803710339116,108.70460955433,94.3403576134928,57.1959892770518,92.639068031311,117.312309123852,46.48123072059,168.795681762695,84.0740697951544,124.677137073718,72.6310947224245,0,0,229.755355834961,199.50301688058,151.046813964844,182.527633666992,0,88.6480044238972,0,86.9154954910278,177.244437217712,0,161.640185546875,131.401853897992,93.0168175026222,102.288823552005,0,148.174321492513,130.945501963298,154.497778574626,198.456733703613,65.1952614001374,93.5779102491296,99.5973375499648,179.111038208008,148.355657958984,186.457431030273,101.414330875172,136.981693267822,176.330337524414,112.301159049891
72.1940071671097,0,140.494304112026,68.3181730719174,12.8454506406124,108.321542104085,33.9771405614925,35.4894356068985,65.2729413907899,34.8620737030238,14.4397325159155,128.800212860107,10.3281630925197,157.361328125,79.3274366754064,59.0532895496913,126.041999816895,128.05012512207,150.853485107422,215.425186157227,9.830762258649,107.592025756836,73.6975453694661,131.090703964233,20.7022439216121,0,158.420265197754,155.279900984331,21.1857126489288,86.6874801995983,90.2239189147949,0,113.622125244141,75.2060451507568,84.0619623835494,146.164703369141,0,0,80.7507128715515,22.555313740906,0,146.16240814209,126.172800863943,160.258920288086,106.566327095032,139.972611745199,0,32.9768974304199,227.535308837891,159.760262383355,0,128.958511352539,0,0,0,143.361159006755,166.88289642334,134.53791809082,173.965255737305,99.7622047193123,0,0,141.083106994629,125.082457309299,172.681830512153,182.278213500977,0,0,158.586563110352,169.737510681152
70.5841852654351,118.291245200417,62.8266107463182,54.1127460247904,103.922040939331,0,100.327567672729,63.9715661218924,101.556673501284,69.232472313775,69.600359381699,81.1019206829925,91.82053565979,182.978416442871,84.3971463253624,0,19.7801192281692,60.5650960470984,123.954002380371,90.6992140487886,107.592025756836,10.9179940103451,46.7698518713037,26.7950416460112,42.5761582482029,113.264289855957,96.3230056065947,68.5170313880719,22.2758040271251,58.5395265722601,28.3306194796194,117.589599609375,0,58.3241543669801,44.764110831996,0,139.845596313477,122.51021693303,62.8417869899584,0,0,0,146.822462463379,173.367454528809,144.140121459961,0,0,0,139.722279866536,156.393167114258,0,101.479252429719,150.939745903015,224.08708190918,162.947257995605,0,112.911056756973,58.783851066645,121.932894318679,132.65816192627,92.8057098388672,151.537888960405,130.427510247714,125.853348255157,141.780857086182,125.938791547503,0,0,0,141.163373506986
105.6391002849,25.3154040185332,53.2750553892707,24.6837793432902,51.083607413552,119.948926289876,117.37167263031,77.5217859368575,115.658211749533,28.2917562480496,102.734112907858,92.8996184666951,57.6644965580532,81.4491520928998,119.231746292114,65.4527755150428,28.0711589480626,79.8051933321673,104.496211647987,96.4661628118171,73.6975453694661,46.7698518713037,8.09776575505251,49.4912060447612,20.097545870029,62.0837743099887,85.3419276722691,42.4453900066598,55.0183170479222,82.4053812684684,48.4099077359595,101.717134952545,120.864295959473,65.0044573231747,66.316007166269,210.15998840332,102.689383188883,97.5632628122965,25.67104995414,132.182052612305,0,0,121.867681503296,148.11767578125,74.5984344482422,95.7235107421875,171.707496643066,117.30269241333,128.172746340434,186.297431945801,87.4689025878906,59.1435467674619,108.391607284546,180.14426167806,135.971611022949,0,82.0793084537282,16.5621923255088,78.9357270216331,82.2043782511065,107.72583770752,142.150225830078,93.9964396269425,103.530640920003,186.243782043457,83.7836967468262,0,0,0,88.1560202704536
71.2646667949753,84.268529686561,31.6055654298,54.0205352279334,125.03706741333,153.371078491211,122.221526104471,71.3685349286331,98.5659642727737,101.479802072048,81.5120054631075,80.9107230504354,93.5617145191539,129.239193256085,84.1167348849228,105.654781341553,18.6668399328022,31.1322857657643,104.287355124232,80.9937125583966,131.090703964233,26.7950416460112,49.4912060447612,15.728366078985,55.04626328612,122.210411071777,71.501225310882,50.010488265053,50.1354373214742,74.640227044379,41.1025415658763,120.595006306966,171.467132568359,80.4025882568359,50.4564068917372,164.326123918806,103.602352778117,99.5963141435245,69.6434416034878,0,0,177.708454478871,147.498905149828,168.552137313351,132.608922958374,159.127918467802,153.040362548828,0,132.580032348633,176.785864693778,203.811782836914,61.6436623877997,131.529017084295,150.195732116699,149.552484893799,0,120.908889285001,63.7774963682866,104.554915632562,142.340653737386,120.422714233398,146.684435424805,104.200484115466,140.983640524057,186.346314650315,140.85586121503,163.462692260742,176.760955810547,0,117.061133158576
70.3298849048036,73.3140662588724,102.233069785287,39.7469877261712,15.7329028643265,98.7173761640276,78.0356222313141,42.2905869471432,85.1503654383406,16.2680685048477,52.2900435024634,139.340265546526,12.5106362496432,121.08293633712,82.9395453166962,47.4810838906019,29.1871033238685,117.333312864561,152.735885620117,137.641980078913,20.7022439216121,42.5761582482029,20.097545870029,55.04626328612,10.2564953600694,100.376502990723,121.723831260597,75.5669844287004,16.4956788149419,72.4595541787246,60.8402123259609,150.090751647949,130.637217203776,63.8426845579076,79.2754336278373,122.919618818495,121.313138326009,148.174718756425,61.8057539575387,89.9585333535838,100.845489501953,125.076244466445,102.717803560454,132.17485194615,58.356870244761,111.860105046686,172.333847045898,113.263646443685,228.428253173828,150.617988484701,125.360546112061,73.8971474965413,172.368988037109,0,176.96907043457,111.74558851454,127.551499106667,81.0191738128662,139.309045791626,71.4220547764109,0,188.023545837402,145.710556723855,103.626303642884,139.424896332155,141.059876875444,0,189.744689941406,127.810733032227,134.934214331887
152.794766743978,18.4590605630858,90.7344917297363,21.4202402152763,125.112319946289,80.2005767822266,0,150.270614624023,96.1539789835612,97.4352837639886,170.142883300781,29.9448409844228,0,20.7701568472667,81.7708377838135,0,112.770233154297,66.5773945976706,40.550983481937,42.8143421933542,0,113.264289855957,62.0837743099887,122.210411071777,100.376502990723,8.23947762060856,41.4829828164058,24.9604581108159,133.216400146484,128.263777051653,81.8960113525391,42.288741079609,78.0921325683594,0,58.7678196784293,0,46.1641058240618,84.4259338378906,23.9660600729748,0,0,0,0,126.110951741536,94.8923873901367,196.314910888672,61.0576677449544,0,50.5814021980139,154.052647908529,112.727386474609,0,84.4541492462158,63.2799606323242,69.7238903330333,0,0,92.2619138445173,205.322006225586,159.432144165039,24.1527984080261,61.0701048363943,61.9589006118774,0,142.716941833496,151.958129882812,65.6766553479572,111.070266723633,0,82.0249298759129
108.660448136421,46.8961551371177,28.6210625558505,52.7005970898797,169.316469464983,98.1676201453576,143.063332755611,117.806792211533,131.42152026828,113.869443144622,121.19814113513,20.6206840126004,131.790551503499,17.5494352005194,125.30833381204,146.812099456787,95.6358834133353,32.5228801927079,33.8354753377035,27.5875077641355,158.420265197754,96.3230056065947,85.3419276722691,71.501225310882,121.723831260597,41.4829828164058,14.7438301885644,36.8323563601379,113.955498893086,116.61622426033,88.5885640613103,14.1862785228683,105.083969116211,123.95151353919,56.5857459619182,182.505159378052,78.0635290927574,102.157041045855,62.7507353766116,0,0,0,176.181715572582,175.688278198242,151.469524383545,204.331399536133,92.1978055556043,0,81.553101159736,178.790047687033,0,143.275004993786,107.279624742331,96.8018876906724,98.523860159265,0,134.94102369036,129.54170197707,130.917773517809,191.128695170085,63.9588236030267,94.079213376493,94.9499725429968,185.397796630859,172.37786222759,150.496346791585,97.8441195334158,136.127925872803,155.419067382812,109.013977804849
115.63169892719,30.1624018120642,37.0781027001618,39.2469722494724,110.24123840332,106.711047036307,142.086168176988,102.485104728125,132.260455011917,94.8963282141887,123.068726979131,55.3873113889345,119.933672904968,29.6142829290878,126.879493713379,128.448725700378,25.9464157460701,65.5150602975813,59.7443219467742,62.2682048118221,155.279900984331,68.5170313880719,42.4453900066598,50.010488265053,75.5669844287004,24.9604581108159,36.8323563601379,14.1292125691683,75.1953070156323,117.335442724228,96.8330120176781,24.2017597302921,105.033646374214,116.201342453191,66.2412023558752,153.351314968533,77.5379990981175,89.3470358854938,59.1052130016163,187.572261810303,137.316802978516,169.43310546875,147.854294433594,169.654362554136,149.050052442049,153.510413558395,85.9241219668251,0,75.6275967332653,166.950642017836,187.972020467122,93.875544046696,108.402652659602,92.2695802565544,98.3576338208499,0,124.157056487008,64.7990295031906,98.3127172166474,152.731779387503,58.5401258453369,92.0434587099346,90.3244801066654,140.959164641624,158.346978012396,142.679056687789,91.7993305932908,133.488166809082,164.82555934361,107.968548706125
59.6844646550841,135.81021270752,78.6370062064403,49.9840323099047,11.2577542459476,119.594352722168,45.8004811089318,13.1018776713098,70.1226240640371,44.5209065025283,14.6417671225127,141.281084794265,36.1622563286563,171.0163230896,66.7190989813537,67.3251785610033,31.3336166293934,114.233859705841,147.539206504822,135.803710339116,21.1857126489288,22.2758040271251,55.0183170479222,50.1354373214742,16.4956788149419,133.216400146484,113.955498893086,75.1953070156323,9.19469099147974,70.6789067242597,26.4363810697379,174.883361816406,130.412389119466,60.6235189597812,65.9659661891266,131.188998882587,114.448379516602,142.192853060636,64.37681493696,17.3742742024786,0,134.901074066162,110.13165134025,138.622925418547,79.8433173252986,136.880002180735,199.372207641602,117.437912940979,225.309936523438,157.837984244029,157.057379150391,105.082728951066,174.903569539388,230.289184570312,180.212398529053,128.838548140092,129.902361783114,78.933572769165,135.038665095462,91.0000596723298,0,169.245947519938,149.335993183193,106.883866948667,145.379787509724,121.526813083225,0,220.730499267578,130.369027357835,133.778189169394
11.1490311871994,109.881809997559,100.447226243469,66.5232290612443,90.1120935842532,18.3564338553951,46.2755157058913,57.4466381367448,25.5771888557067,70.3249517828793,82.9961712081322,51.893748898555,91.3824777161049,69.79919674522,14.1262564172484,31.2185296871044,98.601746517679,87.4108955092231,102.363730698489,108.70460955433,86.6874801995983,58.5395265722601,82.4053812684684,74.640227044379,72.4595541787246,128.263777051653,116.61622426033,117.335442724228,70.6789067242597,8.45691704704751,23.489080641404,92.3523447854178,10.9953454868628,10.7966196789562,27.9015230098771,185.759255981445,145.750621795654,152.770534197489,80.4164846846201,107.21759223938,0,163.147120157878,138.229534926238,182.897073561145,82.5851794156161,186.110420227051,168.415486653646,0,155.063671875,176.725121571467,171.897972106934,193.648736572266,180.667831420898,129.705619812012,176.38727484809,164.278610229492,142.02641078404,152.195098876953,167.937940782116,135.919424448582,120.717628479004,164.74614982605,161.946152268795,133.799074554443,163.831079250429,128.340185685591,114.581993103027,243.983383178711,151.662330627441,168.983911185429
25.1877303231332,94.6109220331365,58.387393354227,51.6403533850192,72.5375654432509,102.434036254883,78.7318328221639,13.2667646914245,65.8575718644736,51.1667618899875,48.2349887794548,83.924687681527,100.566514151437,162.781539916992,29.919471505322,94.4419288635254,65.0494781764208,66.4578236087544,114.614817986122,94.3403576134928,90.2239189147949,28.3306194796194,48.4099077359595,41.1025415658763,60.8402123259609,81.8960113525391,88.5885640613103,96.8330120176781,26.4363810697379,23.489080641404,9.52516382788385,128.062789916992,84.6016311645508,31.3961724099659,33.0286654209371,120.772336959839,141.533747355143,126.719045285825,66.7140724658966,0,0,0,135.195165634155,173.056360880534,67.1940469741821,0,0,0,0,150.67328898112,0,110.374889373779,158.085620533336,0,160.51784769694,159.678970336914,112.661852749911,64.9671460319968,132.14237832332,118.777787152459,0,150.234669025128,141.155308914185,128.798708597819,146.212556838989,129.893077850342,0,0,121.507970809937,139.873600769043
134.919303894043,63.2374340693156,101.838401794434,69.261593745305,0,88.9807100296021,101.018664042155,0,100.5248014662,157.52326965332,159.921775817871,33.4106370967128,0,9.44745876418961,109.887078285217,116.004455566406,0,98.5989262717111,45.7929085996962,57.1959892770518,0,117.589599609375,101.717134952545,120.595006306966,150.090751647949,42.288741079609,14.1862785228683,24.2017597302921,174.883361816406,92.3523447854178,128.062789916992,5.9321348084736,91.5732421875,0,68.4964289557665,0,0,0,80.8025774274554,0,0,0,0,141.877548217773,156.950119018555,0,91.4334475868627,0,76.1715029716492,0,0,0,129.366348266602,121.054690769741,96.0251502990723,0,134.05290222168,0,0,0,63.1366771062215,96.8932992686396,105.185438484981,0,0,0,91.0197987874349,0,0,122.891835530599
62.7921315973455,0,177.984033203125,137.577434539795,131.46081161499,13.207497034125,25.0891798160526,117.642987569173,13.7363169742845,112.461628723145,108.339530309041,56.0650675296783,130.287399291992,80.783011118571,33.9656366310327,42.2016014644078,0,214.635787963867,84.7667839050293,92.639068031311,113.622125244141,0,120.864295959473,171.467132568359,130.637217203776,78.0921325683594,105.083969116211,105.033646374214,130.412389119466,10.9953454868628,84.6016311645508,91.5732421875,5.65809676353922,0,27.7089235907581,0,0,0,118.145805358887,0,0,0,179.962997436523,242.231002807617,0,0,0,0,116.139678955078,0,0,0,0,0,0,0,0,0,225.870162963867,182.887851715088,0,144.45706431071,150.248764038086,0,0,0,0,0,0,0
30.8123058596934,124.974797566732,107.703376485341,53.3331977713342,75.0051569816394,0,99.8326582067153,61.1267555830047,82.9154078960419,59.4958300524835,76.3278096125676,101.029585266113,92.0410675048828,0,33.1282027085622,108.048807144165,67.9415016174316,94.9997191630619,127.595150756836,117.312309123852,75.2060451507568,58.3241543669801,65.0044573231747,80.4025882568359,63.8426845579076,0,123.95151353919,116.201342453191,60.6235189597812,10.7966196789562,31.3961724099659,0,0,5.52306290553851,20.7754612185991,0,0,148.601147969564,65.7765833266238,127.106101989746,0,163.421508789062,128.606554870605,161.932149446928,65.1000118255615,128.95841217041,219.819412231445,0,0,168.775410970052,142.63508605957,149.207550048828,233.912155151367,0,197.361526489258,0,118.706057230632,0,155.103768920898,116.072306093962,0,165.201095581055,158.510540771484,118.870150710597,149.863535563151,136.911561148507,0,176.414962768555,138.061726888021,144.478608703613
75.6312467718637,55.0394979676048,63.1272171607021,61.5964905365941,91.0598143944374,28.1242946177873,47.4922180931743,81.6674213037056,42.9828217007175,79.1112133915094,88.1772720836033,23.6582168206122,91.9166709545047,58.1688639750334,45.1340387146398,50.5596035548619,77.1822277223221,32.8686513121101,63.2113242687007,46.48123072059,84.0619623835494,44.764110831996,66.316007166269,50.4564068917372,79.2754336278373,58.7678196784293,56.5857459619182,66.2412023558752,65.9659661891266,27.9015230098771,33.0286654209371,68.4964289557665,27.7089235907581,20.7754612185991,10.5066925789807,157.378748575846,93.8084382143888,106.559245590092,78.6786843124701,124.662227630615,0,184.504451751709,149.550133387248,183.141715367635,125.082878112793,173.674914550781,112.965344515714,0,104.324364922263,183.15751407021,0,110.955383300781,123.058503723145,109.264238056384,111.089121370234,0,133.684451856111,83.2456131606805,116.281600952148,142.353796445406,75.2282566833496,104.393467953331,106.141804695129,141.981338119507,171.775919375212,151.036064147949,113.293698310852,127.202545166016,148.004649353027,117.256520380739
154.926223754883,0,145.509456089565,91.9093437194824,0,0,160.035369873047,182.864067077637,164.360859870911,71.5396308898926,147.590168762207,0,133.41047668457,150.007736206055,155.294581095378,0,184.096481323242,169.251235961914,176.766471862793,168.795681762695,146.164703369141,0,210.15998840332,164.326123918806,122.919618818495,0,182.505159378052,153.351314968533,131.188998882587,185.759255981445,120.772336959839,0,0,0,157.378748575846,9.31942393033614,115.362833658854,109.941579635055,73.4704869858762,83.0052853670987,73.3519172668457,89.3565891265869,28.6761964010441,44.5990787278971,69.6877859539456,55.5560638590062,114.046910840412,68.229237874349,142.938306808472,16.6999724125699,100.844094848633,81.0261650085449,100.939853112674,127.333118352023,113.5460540727,88.0260649787055,73.990787545029,73.0577384793029,89.0792568317358,69.8657185782248,129.432748582628,117.838464386217,119.068113486351,71.3715317147281,13.473755053738,24.6027757303245,140.695698547363,92.6956253051758,37.1057255864143,66.3318667852155
0,56.3681271870931,74.5957819994758,29.8596093314035,0,0,0,166.21875,0,0,117.448738098145,97.1202980041504,0,100.398181915283,0,0,0,90.4890094170204,114.446464538574,84.0740697951544,0,139.845596313477,102.689383188883,103.602352778117,121.313138326009,46.1641058240618,78.0635290927574,77.5379990981175,114.448379516602,145.750621795654,141.533747355143,0,0,0,93.8084382143888,115.362833658854,8.14231100110781,46.6846030780247,13.3313885496689,0,0,0,116.943319320679,127.18777179718,65.8985302488683,113.135229746501,59.5036103585187,0,44.9623024260045,135.150937619417,102.414363861084,76.151937115577,54.8355287276314,58.0855299426663,53.6200968618611,0,103.799202813043,24.9668426504318,72.3967534763607,72.3906539215178,19.6309646574845,48.8808464710373,29.4537554869423,114.141619873047,111.506668539608,100.579669751619,66.0814417575268,75.7322216033936,93.213550567627,59.0445526110457
137.628630065918,84.0555686950684,87.0338998224191,51.3166223270878,0,0,183.512275695801,149.159716033936,170.166627150315,142.754837036133,165.15805707659,131.10179901123,0,0,159.732882412997,0,103.720161946615,105.6011494807,143.401184082031,124.677137073718,0,122.51021693303,97.5632628122965,99.5963141435245,148.174718756425,84.4259338378906,102.157041045855,89.3470358854938,142.192853060636,152.770534197489,126.719045285825,0,0,148.601147969564,106.559245590092,109.941579635055,46.6846030780247,11.6787001266348,41.6442550758095,126.514906230726,132.328559875488,134.185834577007,91.7350586588188,124.353746059512,99.8332872593656,102.386637738773,90.1904003062147,121.666475931803,94.6304281779698,119.713133798766,138.076514180501,88.5193465818842,44.4536028355052,79.9163144025853,62.8022463202657,128.635265350342,64.8511590713458,53.7387148834938,31.0279598974425,115.450674740236,77.5566286359515,32.1691495946248,32.0409943611115,85.3614299762884,136.305809920532,88.2463599836735,87.7596850559629,148.73265511649,128.22038269043,65.510485543395
84.6411826092264,61.2460612654686,58.5863575954987,15.3353243954561,77.1014273507254,138.932708740234,112.754330635071,75.2014450746424,93.569274357387,22.6533008946313,98.6466646609099,63.95609181722,91.3870229721069,39.8638813457792,123.060024261475,48.9296480814616,56.7448547550889,74.7596872175062,61.08269627889,72.6310947224245,80.7507128715515,62.8417869899584,25.67104995414,69.6434416034878,61.8057539575387,23.9660600729748,62.7507353766116,59.1052130016163,64.37681493696,80.4164846846201,66.7140724658966,80.8025774274554,118.145805358887,65.7765833266238,78.6786843124701,73.4704869858762,13.3313885496689,41.6442550758095,20.2390221750379,73.5117994308472,81.4962921142578,93.3831330299377,61.5690223512498,91.2210043528723,13.8610064831256,93.8267310933864,84.8943464279175,65.779348564148,30.4565539076389,92.9289860725403,60.495535513934,45.4189695839224,57.0589147673713,78.4905994839138,59.0729520691455,95.6089172363281,55.6856770749603,36.6932943849824,51.5428753095876,37.1859683294521,19.3389135928381,52.3385110764905,36.2477631592339,50.6569031516523,81.3464269699589,62.4505338692027,64.2042954184792,128.767294141981,65.0265337454306,65.5568197129317
