10.2079937705541,129.179969363742,80.8830255399084,79.0925677677371,88.6241169208434,74.8859939575195,63.6359529153114,33.906942987046,46.6466048638373,78.9352205497067,88.5025741971772,116.051854133606,89.5675089219037,142.024711608887,18.3097560659267,113.648329053606,117.886141459147,94.024413982725,133.104838901096,117.598541121766,101.372113576749,73.4576217212351,102.520533617805,82.6111471582914,79.6115619091729,126.064445495605,113.881288927655,122.598616177154,76.8943759066387,19.1371434923111,29.8021049366205,161.869343348912,91.5910220554897,30.7929747194614,72.7759918935986,140.662278747559,0,159.13098005815,100.605904428582,145.118167877197,0,216.519332885742,136.658189333402,180.730350494385,87.9840418497721,185.858306884766,0,235.450424194336,196.221099853516,170.74706624349,154.818824768066,158.320304870605,173.342155456543,0,195.697288513184,0,169.092344665527,184.680404663086,153.093977864583,129.075549716041,0,174.727639334542,156.494729325578,139.70654740767,159.058462524414,139.734704971313,0,0,124.909240722656,169.826934814453
129.179969363742,9.05776399597346,42.8223391098551,16.2706547691709,118.634395599365,126.303949991862,156.396776199341,130.845328521729,140.796443786621,69.773840451609,154.977462768555,65.4745247123777,131.681833267212,53.6332918077325,132.807182947795,111.15222076416,59.3919792487973,53.3209014044347,81.1996117697822,63.4359417752736,89.4210357666016,107.483960305491,21.0013447528916,86.1876449584961,85.1089065319283,24.9273727165686,46.1253809790089,32.9636803210223,103.464902131454,121.807786778041,97.2194829305013,65.4650803652677,100.518065558539,112.666698455811,54.3193561710837,0,52.5457124710083,108.292523384094,62.3576551278432,0,0,0,138.877349853516,0,0,0,103.038183848063,0,101.726255326044,201.94108581543,0,0,95.4099884033203,110.477001190186,102.636085987091,0,0,0,130.249072265625,165.922485351562,53.2731450398763,89.5965223312378,95.4928459167481,0,0,146.645034790039,117.102043151855,0,135.759399414062,90.5305658976237
80.8830255399084,42.8223391098551,12.5872867776254,44.0249964640691,126.11772109523,136.764963785807,124.444950843925,93.4995126970771,112.922050933251,98.2484520488882,113.987358743084,93.9942883809408,130.102359771729,108.42203244296,101.597116857282,132.003665008545,78.0490232493779,35.2498967871859,92.8755108601338,71.1907146740337,156.148661295573,62.5901976315729,56.4492499311948,35.1367987200758,108.315866869549,81.3866128921509,32.0134457135111,37.5112784979403,96.6956336378049,109.580588387971,76.2484017414678,95.1242422806589,152.957565025047,106.552628430453,67.7990554676666,147.401283772786,71.2370063118313,85.7937989548951,58.0048915395197,170.675521850586,0,197.097904205322,149.439949768066,179.543754245924,147.383059183757,161.315311138447,125.238636016846,0,143.734573364258,171.910758972168,0,101.636485512801,106.618345766243,145.063700358073,117.361143081907,226.864517211914,127.42477918926,102.389183468289,102.516609177194,152.692387580872,121.951362609863,108.460049905582,88.0710640607155,154.828905666576,166.815952618917,147.345620438859,163.72775777181,0,163.881259155273,107.941307173835
79.0925677677371,16.2706547691709,44.0249964640691,13.0272208174614,56.659512036912,114.44670232137,83.0301681051449,70.2307990550995,98.3805259967672,32.4641178601883,78.6643109608845,69.345780806108,66.2683061981201,51.7849277100062,98.9483856496231,80.1948469061601,36.0285948631838,60.6034997174288,78.8986016887508,66.6099101106326,64.4332725024614,57.8450885635713,21.5220160415392,55.4457856722829,42.500089307213,21.2279518767924,55.4985212187836,39.2769720879397,59.44349305752,79.3358061087875,58.5280468619081,63.8738049921,120.919045511882,61.8094966304195,62.3170851237296,76.3916625976562,17.6608760356903,74.8662633542661,11.4213954991308,106.426904678345,0,94.2410481770833,77.1911172654894,103.34356275286,12.551048245651,119.872702026367,76.1094717025757,110.324314117432,75.6532765556784,104.984732833563,0,67.2984348126312,92.0946896201686,111.250374158223,73.1497664451599,79.6870295206706,71.0905152145697,48.2220706004722,89.3055762761756,60.9227616721815,37.861089145436,66.1047265870231,64.9696624072981,72.676941538966,93.8115707397461,80.5192685808454,71.9655151367188,0,87.5572525024414,89.2629926469591
88.6241169208434,118.634395599365,126.11772109523,56.659512036912,8.92971034849743,100.64892578125,58.7331635397652,72.4690969100365,97.4934613397045,38.4742482774339,28.1408292508614,153.071214675903,31.164851819449,170.670043945312,105.871020911628,74.6771675581001,74.9350560506185,147.316372845624,164.437350463867,170.310391743978,15.3545806638501,118.139389855521,60.8778522491455,120.046556378974,19.7517904323405,0,146.132498423258,124.025807230096,15.6712478108082,100.313297193478,89.5188724703905,0,138.405388183594,83.318982712766,100.303039520979,127.861958821615,170.97590637207,0,68.7752976417542,13.5957778884519,0,141.066817474365,120.603417396545,139.251208518868,85.5155207316081,134.856210666233,199.354988098145,43.5096817458117,0,169.098416415128,0,189.696772257487,219.706237792969,0,0,135.637357499864,127.14478302002,160.477325439453,146.701354980469,101.150598929403,0,221.397232055664,180.666886901855,123.473034945401,148.301762430291,137.439008076986,0,0,152.03660774231,186.097830200195
74.8859939575195,126.303949991862,136.764963785807,114.44670232137,100.64892578125,7.05668366851492,9.66910055166373,125.33995274135,13.936610114018,54.8422812784999,111.619583702087,56.9482350287499,62.022648246425,74.639949798584,18.908517055614,16.1905922698406,131.587844848633,164.02678527832,84.2318687438965,81.5889155069987,106.238396167755,145.041858673096,99.4152630615234,154.05899810791,80.1285213254533,0,141.116703033447,139.827950448701,108.569672804612,30.6569293639945,0,0,12.0685271666289,119.157958984375,34.0452350173866,0,0,0,76.7201271057129,163.26651763916,0,0,0,0,79.6834259033203,0,0,96.0784568786621,209.837905883789,0,0,0,0,0,0,0,0,0,0,134.015281677246,0,125.714210510254,195.558222452799,109.749732971191,0,0,0,0,0,151.03385925293
63.6359529153114,156.396776199341,124.444950843925,83.0301681051449,58.7331635397652,9.66910055166373,11.3674998847471,64.178826352285,19.0029171186059,79.9845016219399,32.1535665321864,79.0570805903231,23.4867698418365,107.70179096345,35.1065143258991,17.1192355570061,140.032333374023,146.707553634644,126.071156221278,148.098216672487,49.5369209758167,108.545642269982,120.219276428223,117.463520067155,78.4792305786839,87.9551315307617,147.70444384257,149.266868388399,62.0499901233725,56.6119890108049,111.599200557655,137.498860994975,33.1770488098698,106.406317777412,79.1132008065983,172.170524597168,0,167.97890663147,103.576693157817,98.8062920040555,0,157.858154296875,147.260165039922,168.101615015666,106.964403788249,175.719148055367,236.620635986328,49.5642761638146,124.508651733398,174.285796221565,164.728729248047,174.782875061035,195.891693115234,0,220.363815307617,146.692436218262,209.208221435547,120.16771697998,168.497064590454,131.087803681691,0,177.024841308594,184.700521850586,148.110553185917,180.067234357198,189.36255645752,129.69010925293,200.276168823242,175.669403076172,183.489368983677
33.906942987046,130.845328521729,93.4995126970771,70.2307990550995,72.4690969100365,125.33995274135,64.178826352285,10.2095000351261,62.0083615909354,61.1585408165341,16.1842900822636,139.143101501465,55.6472739648381,162.671674455915,37.2037464501583,80.6425733371657,90.9773728297307,111.779390530508,152.758676280146,139.0877890625,68.3300768769818,69.0060790532098,87.7310168707549,78.3777980215217,59.206792739647,0,122.609319476027,116.949231778422,24.8915936850823,71.8345242638259,19.1523738663994,163.172655741374,122.697848284686,66.108850061993,89.8632597500516,169.742563883464,144.794235229492,159.357107798258,93.4482766009392,95.3728847503662,227.791519165039,140.335939195421,124.427034105573,149.417023722331,92.5426474861477,128.10281590053,189.220352172852,127.855130513509,0,160.824241002401,153.882705688477,138.626825968424,190.267218695747,0,176.332962036133,111.973339080811,151.312247594198,109.881162790152,148.549392457992,113.87749770592,0,197.406513214111,157.406917638946,126.235554781827,152.80509968293,146.11402130127,0,0,134.56466217041,152.742028372628
46.6466048638373,140.796443786621,112.922050933251,98.3805259967672,97.4934613397045,13.936610114018,19.0029171186059,62.0083615909354,10.9415727271731,88.2048337396586,47.7123281262691,69.4767270996094,84.9438887125839,95.2599336938951,19.993950577366,35.2249642793591,153.583622859075,127.171557048086,119.268823144032,139.721478921014,90.1387871778928,98.522872096496,136.415208816528,106.07492722042,97.5008200475775,100.879166497125,137.348762612447,136.555488992553,85.773099475553,44.1029570021872,84.5109962474005,113.905956540789,33.4094326046408,93.3670123113345,59.0898952155491,164.906257629395,208.958694458008,165.566341876984,113.178662073045,134.351503372192,0,203.819638061523,151.189929493687,170.057169268208,124.179229191371,160.517936706543,202.870132446289,98.8735912692162,127.127034505208,188.508573913574,0,158.897899025365,185.1333855523,0,173.58606338501,153.609451293945,182.615791320801,146.615604400635,173.746462847735,143.826240604207,147.722793579102,179.641391209194,172.547969416568,149.804585904491,178.33988246633,186.344579060872,164.592102050781,0,170.914009094238,175.864909871419
78.9352205497067,69.773840451609,98.2484520488882,32.4641178601883,38.4742482774339,54.8422812784999,79.9845016219399,61.1585408165341,88.2048337396586,7.67588204987463,68.336373306492,132.412636178439,13.8994036325205,121.491052196872,92.9915212735738,26.2202216298976,73.6418320607331,112.728267266498,142.164319447109,130.320053992333,33.0194577098477,105.582618045807,28.6438474067561,103.257264089584,21.2925627677864,103.474036097527,118.775222722834,101.443267244281,54.5706784718921,84.4645683477213,63.6543091317882,129.128752572196,113.857460470761,65.735998626149,94.3525374154859,92.5384521484375,122.438234965007,138.782842508952,39.2400080871582,70.8655006408691,0,130.522514343262,101.098354505456,125.135707007514,21.4848073641459,101.89294535319,0,62.7504870096842,170.64754486084,138.63064066569,67.303915977478,123.554194450378,164.667750767299,209.759475708008,203.076194763184,98.4272567749023,104.269666671753,90.7259260813395,137.861979370117,67.7820890610477,151.103797912598,176.754424540202,136.682013653694,79.8242165536592,102.860523011949,79.4933443936435,202.115936279297,0,71.9319152832031,122.719461881197
88.5025741971772,154.977462768555,113.987358743084,78.6643109608845,28.1408292508614,111.619583702087,32.1535665321864,16.1842900822636,47.7123281262691,68.336373306492,10.3001177222819,145.744639961087,25.9955789631295,156.056536356608,70.1198211756504,76.3285355960136,99.6212860107422,154.231971740723,170.752539952596,164.864272173713,17.1729626599065,86.7363555003021,111.573266710554,98.2382534344991,54.5439960249733,159.637649536133,142.314012647115,142.831093092222,22.6963199188188,101.349883531544,98.1962407930629,175.724845192649,121.211550394694,90.4402933698712,103.155933803982,147.174819946289,194.294250488281,153.368919372559,88.1295045755677,44.2562871482394,0,156.617526323367,139.410177041556,160.516856826354,106.650064804975,153.724408097701,219.545099894206,42.5362775177791,0,179.061416050173,154.918454170227,156.79738963734,194.976058959961,172.480438232422,0,148.912398598411,175.667179107666,148.971008300781,170.911708831787,115.36672522601,0,200.387170965021,171.029888446514,139.339706869686,171.953253692051,170.457478841146,0,0,151.632915496826,175.400759887695
116.051854133606,65.4745247123777,93.9942883809408,69.345780806108,153.071214675903,56.9482350287499,79.0570805903231,139.143101501465,69.4767270996094,132.412636178439,145.744639961087,10.5925217121384,145.417640686035,21.8075962180965,66.9196746622804,90.0588161761944,121.838488260905,53.1634972293202,21.73317356208,25.501633665208,146.71387496649,95.8387350217261,98.4450795875405,96.9699961669254,149.654217856271,28.1012676295509,17.9424693305778,57.8645110959209,146.193667342023,68.5101484996835,100.938511930193,33.1233727266385,52.8455488352596,91.7766961490407,24.1272390880954,0,71.3934661865234,155.129071553548,68.6431340535482,240.684295654297,0,0,202.843068440755,222.39567565918,168.441162109375,226.529190063477,81.893477692896,0,67.8439952090024,192.44948832194,0,142.797991943359,133.939882066515,92.5701690359214,101.076779895359,0,170.880096435547,0,158.593678792318,198.55714971369,58.4884371571727,97.4880560459235,97.5922108261674,206.237821578979,209.802583966936,205.060302734375,86.5580366425595,125.100772857666,0,109.559430993122
89.5675089219037,131.681833267212,130.102359771729,66.2683061981201,31.164851819449,62.022648246425,23.4867698418365,55.6472739648381,84.9438887125839,13.8994036325205,25.9955789631295,145.417640686035,10.1351897137523,158.585828145345,103.380609367772,18.645060073085,119.282164001465,152.584317987615,172.490701675415,183.713777330187,15.8912304861013,133.885252888997,63.3283639034982,147.089330785415,19.505886423036,147.645680745443,152.048919112594,134.978284506962,54.0806308159461,106.951390358588,117.621198381696,174.547454833984,117.374007407655,93.2123796022855,107.911004744236,126.778854370117,0,161.194122314453,68.5200520470029,55.1992530510074,104.980171203613,92.2157734661567,129.244160334269,150.434727837058,72.9342676798503,61.0611839229558,190.618659973145,11.3117246524385,0,167.426666870117,78.5657625198364,168.172199249268,168.564880371094,0,0,23.8464123448239,193.509918212891,140.763610839844,169.867902119954,106.891282464704,0,188.453514099121,158.303677645597,124.019889795213,155.392945942126,189.750961303711,188.34814453125,0,168.601280212402,177.47811126709
142.024711608887,53.6332918077325,108.42203244296,51.7849277100062,170.670043945312,74.639949798584,107.70179096345,162.671674455915,95.2599336938951,121.491052196872,156.056536356608,21.8075962180965,158.585828145345,7.92173308964917,93.7184641817783,161.602124140813,126.245440165202,106.892942337763,56.4696726048658,79.1623475706423,179.064060211182,136.547284444173,88.4776331233227,133.451790304745,142.697402887759,21.0367533955152,45.5552456947188,30.4310913056257,154.336239769345,97.9674607170953,160.308096749442,14.7563696108351,76.5243264545094,0,64.0628828931211,0,76.6826544541579,151.50191192627,43.3924278108944,0,0,0,198.014038085938,151.432235717773,149.219528198242,0,69.3085508719503,0,59.8044756362225,228.623001098633,0,190.232442220052,132.211126708984,83.67780474399,107.235350608826,0,0,128.283251953125,0,199.571441650391,46.8302702816255,90.5038441181183,86.2911115927774,218.277516682943,126.646527099609,148.295997619629,79.8406582088261,0,0,118.491117304022
18.3097560659267,132.807182947795,101.597116857282,98.9483856496231,105.871020911628,18.908517055614,35.1065143258991,37.2037464501583,19.993950577366,92.9915212735738,70.1198211756504,66.9196746622804,103.380609367772,93.7184641817783,9.62467195204779,40.7290252534683,140.890968640645,116.084116615909,108.861135313497,130.74611481015,103.990383330258,88.5086584058968,128.771369756654,95.6183928646938,98.2165249813391,91.2043707711356,130.517237681263,131.375774063508,84.8375608711243,22.6945108282775,60.8057154046471,106.945822415287,15.5629847108527,52.170997096374,47.6154668836033,172.448310852051,238.154495239258,165.529079271399,113.108327200246,142.120325724284,0,174.427783966064,156.139995574951,178.567291259766,115.690035612687,209.016033935547,149.86939239502,107.961001309482,146.204273223877,199.603192256047,179.167747497559,170.73724822998,183.234283447266,162.830400739397,169.239630126953,174.710540771484,191.980094909668,163.415360586984,176.786333773999,154.742771838085,188.572334289551,154.322323706842,166.879633843144,155.371642719616,174.06597004766,172.960978916713,140.325855255127,0,155.370267595564,184.888470241002
113.648329053606,111.15222076416,132.003665008545,80.1948469061601,74.6771675581001,16.1905922698406,17.1192355570061,80.6425733371657,35.2249642793591,26.2202216298976,76.3285355960136,90.0588161761944,18.645060073085,161.602124140813,40.7290252534683,8.43348291676828,96.4057261149089,148.017508073287,170.355169296265,161.124702453613,67.0581032446332,128.136997646756,78.7380441029866,121.068569946289,55.0932363242795,143.34232711792,152.010546129803,130.841082981655,84.3266825982702,42.7823157150652,109.408564249674,169.504852294922,42.926251450398,103.511455535889,86.4791768965174,0,0,135.870281219482,70.3051088773287,91.337108929952,0,0,153.472383771624,175.807235717773,62.1202960968018,119.760782029894,0,76.397279402789,0,221.778495788574,75.8538335164388,138.066970825195,176.208221435547,0,0,112.330574035645,0,184.563217163086,0,108.160742661049,0,190.867721557617,159.164606366839,144.946774291992,171.525411987305,0,0,0,130.728622436523,182.525466918945
117.886141459147,59.3919792487973,78.0490232493779,36.0285948631838,74.9350560506185,131.587844848633,140.032333374023,90.9773728297307,153.583622859075,73.6418320607331,99.6212860107422,121.838488260905,119.282164001465,126.245440165202,140.890968640645,96.4057261149089,12.6719165868151,98.2279004183683,143.103810628255,122.234579137854,75.9894104003906,29.8693111705074,27.5924977453159,21.7706463701701,37.5439165636852,116.413801574707,105.44700625343,31.8199965192137,43.4506939926919,111.965986194033,73.8519890750747,150.863494873047,117.523513793945,83.6724383036296,78.2591671103111,154.700567245483,102.245208740234,101.768630981445,52.1386671812638,0,0,168.371520996094,141.749386378697,180.838359832764,118.372570673625,145.644704818726,0,0,0,149.57527256012,0,51.4954903762117,131.809965694652,0,135.141212463379,0,99.9025789631738,49.7272380292416,95.4532691502975,112.045132429703,0,150.093206882477,92.0831683987818,121.772329483032,172.403886413574,121.256504574338,0,0,0,105.530351451799
94.024413982725,53.3209014044347,35.2498967871859,60.6034997174288,147.316372845624,164.02678527832,146.707553634644,111.779390530508,127.171557048086,112.728267266498,154.231971740723,53.1634972293202,152.584317987615,106.892942337763,116.084116615909,148.017508073287,98.2279004183683,9.61889460574181,53.0379165777281,25.8520361684165,159.567397117615,67.1447724740897,81.7712494146944,40.113428479622,123.331970052021,70.0292999267578,40.1256343116929,65.8260474829108,120.853886071841,93.4129412478774,71.23027052314,83.703422677928,143.560952080621,86.5627898414536,39.1653966100007,182.551677158901,77.128030649821,102.506203502417,74.9306644517548,181.013366699219,0,0,172.320569719587,194.622211032444,154.745322227478,188.057198418511,120.849440438407,196.746826171875,139.243155343192,186.368540445964,0,132.981503863667,115.069532225404,133.494901384626,118.571422292225,0,143.831314086914,112.6288022995,131.05590363853,170.725344489602,85.4350318908691,110.495452396453,103.488776299412,177.317497840294,200.576950073242,160.111242021833,139.686901637486,0,215.824127197266,116.923276432225
133.104838901096,81.1996117697822,92.8755108601338,78.8986016887508,164.437350463867,84.2318687438965,126.071156221278,152.758676280146,119.268823144032,142.164319447109,170.752539952596,21.73317356208,172.490701675415,56.4696726048658,108.861135313497,170.355169296265,143.103810628255,53.0379165777281,7.78639235510259,16.7571139736693,173.872886657715,114.390958362155,108.102695133375,105.259859831437,175.573676427205,47.4718695396744,27.7496479550027,63.5854654702729,166.960819591175,111.837009974888,130.002277047294,46.490125308343,83.6683883666992,128.928250630697,59.3940986970655,179.074234008789,86.913782119751,134.785341262817,64.0784651438395,0,0,0,223.428283691406,143.422485351562,207.61435953776,0,99.1745611337515,0,81.5522312026426,149.829772949219,0,184.580571492513,179.48017578125,97.2025613617479,104.418461628449,0,171.57795715332,166.621887207031,179.751732962472,222.64762878418,71.5104269474111,100.320026217128,100.417770558019,216.430435180664,144.814097086589,0,94.74059513637,0,0,121.5159178109
117.598541121766,63.4359417752736,71.1907146740337,66.6099101106326,170.310391743978,81.5889155069987,148.098216672487,139.0877890625,139.721478921014,130.320053992333,164.864272173713,25.501633665208,183.713777330187,79.1623475706423,130.74611481015,161.124702453613,122.234579137854,25.8520361684165,16.7571139736693,9.56468594630139,172.023620605469,104.447309588043,100.881680269854,87.0302502950033,148.099923270089,53.290885541263,33.993039908618,70.3557515461745,145.764967654614,117.711618579802,103.483589611555,64.812175604815,84.8369360893003,104.406645145056,45.677285035004,188.797866821289,80.1417770385742,121.445925512979,78.3988436017718,201.279357910156,0,0,179.948053995768,191.503453572591,194.930732727051,230.19401550293,101.40200854886,0,92.6955379231771,160.86631081321,0,192.695429484049,127.679971437196,101.6304584223,101.856319070976,0,159.847112019857,187.413192749023,159.830284118652,230.960137939453,75.7486328548855,99.0110824825047,103.436915017298,215.362075805664,163.888857841492,171.93977355957,105.781789779663,141.1591796875,170.060583496094,121.216418438647
101.372113576749,89.4210357666016,156.148661295573,64.4332725024614,15.3545806638501,106.238396167755,49.5369209758167,68.3300768769818,90.1387871778928,33.0194577098477,17.1729626599065,146.71387496649,15.8912304861013,179.064060211182,103.990383330258,67.0581032446332,75.9894104003906,159.567397117615,173.872886657715,172.023620605469,10.2978992449477,138.84099444221,66.0315300868108,145.572071075439,20.370322479991,169.774635314941,169.206348419189,154.439840861729,26.092859319042,105.500017999889,117.335006713867,166.888946533203,129.619744300842,89.0794105529785,105.15731831086,232.399459838867,0,0,84.8386740251021,12.1506561186803,0,153.117274357722,122.837893894741,147.868979862758,99.4500002179827,143.439725927404,0,11.4784032851058,0,182.812007904053,143.068782806396,149.071299235026,0,0,0,118.105637897145,130.789505004883,0,173.873802185059,110.87768472444,0,237.342361450195,230.739517211914,131.922050123948,162.842428588867,0,0,0,152.026393890381,168.446116129557
73.4576217212351,107.483960305491,62.5901976315729,57.8450885635713,118.139389855521,145.041858673096,108.545642269982,69.0060790532098,98.522872096496,105.582618045807,86.7363555003021,95.8387350217261,133.885252888997,136.547284444173,88.5086584058968,128.136997646756,29.8693111705074,67.1447724740897,114.390958362155,104.447309588043,138.84099444221,13.5921115613605,55.6352108255628,34.3345069039787,69.2347280458472,116.771850585938,102.776310096184,78.4750071119582,35.583842199391,45.3682109620679,32.2003353002491,138.832260131836,146.943671006423,61.2582021644317,50.184340498582,172.639739990234,126.659721374512,137.184860944748,78.2394513386052,110.99906539917,0,222.251045227051,146.813688579359,196.193074544271,120.286010742188,186.958282470703,164.963882446289,0,214.442276000977,166.939407348633,0,113.50251194075,160.799290974935,179.207962036133,170.040719604492,0,118.897967529297,71.0168637752533,118.688889320451,119.196780948849,0,176.078625149197,134.601013898849,126.101463168275,148.849960327148,124.844947814941,0,0,121.471431732178,139.309502919515
102.520533617805,21.0013447528916,56.4492499311948,21.5220160415392,60.8778522491455,99.4152630615234,120.219276428223,87.7310168707549,136.415208816528,28.6438474067561,111.573266710554,98.4450795875405,63.3283639034982,88.4776331233227,128.771369756654,78.7380441029866,27.5924977453159,81.7712494146944,108.102695133375,100.881680269854,66.0315300868108,55.6352108255628,8.36589997819682,52.0681053805131,35.3149578793605,67.1291172762345,85.5867859567275,44.5892821107354,60.5357227435479,97.3279525322643,58.6154380654389,104.942507963914,189.700691223145,65.863894144694,70.7608629837188,86.5584233601888,85.2502136230469,84.098458143381,51.3113025804845,129.453994750977,0,117.010345458984,120.842845153809,146.357423400879,17.4529836972555,146.612726847331,178.827285766602,0,144.84582901001,132.663177490234,0,65.8428442977196,116.540407517377,152.072746276855,146.994958877563,0,73.0707939147949,14.2677772697948,90.9240644579736,88.1861351475571,0,127.891201621608,94.995817225614,120.490283525907,142.134417215983,68.5127789179484,141.975360870361,0,125.045501708984,94.5070392063686
82.6111471582914,86.1876449584961,35.1367987200758,55.4457856722829,120.046556378974,154.05899810791,117.463520067155,78.3777980215217,106.07492722042,103.257264089584,98.2382534344991,96.9699961669254,147.089330785415,133.451790304745,95.6183928646938,121.068569946289,21.7706463701701,40.113428479622,105.259859831437,87.0302502950033,145.572071075439,34.3345069039787,52.0681053805131,17.456338290456,79.5402657843293,109.520237513951,74.3264311485018,50.4027903909465,65.6713977607553,76.257734994939,51.0207579170608,121.503475824992,138.938459777832,75.1091915801331,52.7312156696649,160.536207199097,166.096179962158,103.95192720655,70.5854369933347,163.496116638184,0,184.31691148546,157.846485561795,177.715373883929,160.435194015503,165.00490546949,165.805976867676,245.699310302734,209.395492553711,190.064963446723,0,99.6888503146773,141.771238262734,177.353632609049,165.999622889927,0,121.818793013289,70.1299320014126,107.822537739089,140.612376812807,130.119400024414,149.369861098955,104.918603403755,146.339046166868,166.180480625318,132.679507744022,209.639602661133,0,126.709892272949,121.046323318481
79.6115619091729,85.1089065319283,108.315866869549,42.500089307213,19.7517904323405,80.1285213254533,78.4792305786839,59.206792739647,97.5008200475775,21.2925627677864,54.5439960249733,149.654217856271,19.505886423036,142.697402887759,98.2165249813391,55.0932363242795,37.5439165636852,123.331970052021,175.573676427205,148.099923270089,20.370322479991,69.2347280458472,35.3149578793605,79.5402657843293,13.106677786885,120.236844799187,127.482102305619,88.2711934953922,22.345880957219,87.7064824756039,73.5103724901401,160.326579809189,134.496463666643,72.1501398993755,91.4178577021816,125.560012944539,123.427997589111,138.100112915039,61.9151253083657,79.6013592551736,164.084205627441,131.410161798651,114.001632155755,136.418703812819,67.9549239083622,130.255038098591,206.455810546875,121.712326049805,0,145.555763165156,114.42066192627,116.729904671393,162.372438557943,198.956868489583,200.045132446289,117.254061744327,119.870050381391,75.2776660233093,132.699499191776,100.307373869527,183.302993774414,172.21927682977,142.393676302849,111.754860040796,135.912335362928,121.79997316413,0,186.505635579427,126.408853229723,137.98468786478
126.064445495605,24.9273727165686,81.3866128921509,21.2279518767924,0,0,87.9551315307617,0,100.879166497125,103.474036097527,159.637649536133,28.1012676295509,147.645680745443,21.0367533955152,91.2043707711356,143.34232711792,116.413801574707,70.0292999267578,47.4718695396744,53.290885541263,169.774635314941,116.771850585938,67.1291172762345,109.520237513951,120.236844799187,7.16705463054973,43.6983412744729,24.9744712749973,137.750761032104,97.4313305941495,0,42.5016415580374,79.4775060017904,0,68.1472319382888,0,54.0438826424735,0,28.1545479365758,0,0,0,173.414939880371,147.092346191406,0,0,61.7309482162063,0,52.9250484149948,114.152679443359,0,0,97.6169738769531,67.354520196784,75.3600544520787,0,0,122.284484863281,0,142.28678894043,31.3004371707256,66.708915652061,66.2825836259492,209.907470703125,129.587664794922,139.112632751465,65.2508896955355,0,0,84.3685880962171
113.881288927655,46.1253809790089,32.0134457135111,55.4985212187836,146.132498423258,141.116703033447,147.70444384257,122.609319476027,137.348762612447,118.775222722834,142.314012647115,17.9424693305778,152.048919112594,45.5552456947188,130.517237681263,152.010546129803,105.44700625343,40.1256343116929,27.7496479550027,33.993039908618,169.206348419189,102.776310096184,85.5867859567275,74.3264311485018,127.482102305619,43.6983412744729,16.8930408549416,40.9439528910495,127.244654750824,129.294510078855,108.198131408691,27.0024429893663,105.841023170785,120.741708085344,61.3225971890636,166.357319831848,83.0297054714627,103.799535305564,76.0876259914664,0,0,177.178741455078,173.120190742688,190.87590637207,162.791854858398,199.985504150391,97.6584301088831,0,82.1480243306764,170.592607044038,0,146.46475385583,107.795830554116,92.8673590920188,99.4433569946289,0,162.4499705388,131.811364746094,141.061519211989,167.869525655111,68.9626678404261,92.7878397086752,94.7678617676531,187.007682800293,157.085233688354,149.957473754883,96.9643293868664,166.156204223633,151.173767089844,108.119853006282
122.598616177154,32.9636803210223,37.5112784979403,39.2769720879397,124.025807230096,139.827950448701,149.266868388399,116.949231778422,136.555488992553,101.443267244281,142.831093092222,57.8645110959209,134.978284506962,30.4310913056257,131.375774063508,130.841082981655,31.8199965192137,65.8260474829108,63.5854654702729,70.3557515461745,154.439840861729,78.4750071119582,44.5892821107354,50.4027903909465,88.2711934953922,24.9744712749973,40.9439528910495,16.8369325480511,80.5669201832373,125.244153820704,103.902525347416,32.8641501485492,105.066139221191,112.253634346856,68.5539785644856,161.155574349796,87.1547619925605,87.0054963564289,55.1636316309976,177.201223754883,0,183.408941904704,152.920317463491,168.71568879627,145.083629887278,163.075749345259,95.1167721090092,179.869895935059,80.4619093589094,171.583686671845,203.327011108398,87.6681635594854,110.460292288836,93.5519251601243,102.108439540863,175.295150756836,134.296837615967,87.252098467039,101.643568824495,151.212847606952,64.8447378192629,95.8381363906988,89.4929914900878,149.848837985268,162.428045682818,155.096883327403,95.2322364860234,136.60221862793,147.658589045207,109.566414989531
76.8943759066387,103.464902131454,96.6956336378049,59.44349305752,15.6712478108082,108.569672804612,62.0499901233725,24.8915936850823,85.773099475553,54.5706784718921,22.6963199188188,146.193667342023,54.0806308159461,154.336239769345,84.8375608711243,84.3266825982702,43.4506939926919,120.853886071841,166.960819591175,145.764967654614,26.092859319042,35.583842199391,60.5357227435479,65.6713977607553,22.345880957219,137.750761032104,127.244654750824,80.5669201832373,12.1130569982146,87.4640856348524,43.2611474562431,171.410648052509,134.089245750791,68.4331293908835,82.75649133834,141.49685456032,143.055820465088,158.932880401611,75.470713848021,38.5235289405374,0,151.357854900938,121.951059619026,148.454256875174,98.7062259250217,141.908651488168,187.655494689941,103.472325007121,192.396499633789,157.459916946736,150.573997497559,127.449918251038,184.777515117939,226.345085144043,204.884799957275,142.893989562988,124.338552720476,86.2843785881996,142.196976816931,111.095715560768,220.489753723145,196.412898472377,155.990743342134,121.169405193837,141.850255115491,123.808643927941,0,219.868850708008,128.661143239339,142.579859210599
19.1371434923111,121.807786778041,109.580588387971,79.3358061087875,100.313297193478,30.6569293639945,56.6119890108049,71.8345242638259,44.1029570021872,84.4645683477213,101.349883531544,68.5101484996835,106.951390358588,97.9674607170953,22.6945108282775,42.7823157150652,111.965986194033,93.4129412478774,111.837009974888,117.711618579802,105.500017999889,45.3682109620679,97.3279525322643,76.257734994939,87.7064824756039,97.4313305941495,129.294510078855,125.244153820704,87.4640856348524,10.6423686943419,29.5157046692064,111.206303575304,12.2469793312878,17.3911966908757,37.8080642130982,154.158477783203,166.305221557617,169.003324599493,101.198383373684,131.54698235648,230.671936035156,177.804482199929,146.815229544962,178.030353606693,109.84651904636,187.462003072103,206.443504333496,121.237435477121,110.779809570312,177.775675873258,191.75422668457,153.641670227051,202.054089355469,159.331562042236,174.587166341146,166.97688293457,146.604415575663,152.179244631813,173.920015288562,139.379207869708,98.7125778198242,179.905201721191,165.698544486624,141.547296550912,168.430473489964,152.122784423828,0,0,162.740925181996,183.70206430796
29.8021049366205,97.2194829305013,76.2484017414678,58.5280468619081,89.5188724703905,0,111.599200557655,19.1523738663994,84.5109962474005,63.6543091317882,98.1962407930629,100.938511930193,117.621198381696,160.308096749442,60.8057154046471,109.408564249674,73.8519890750747,71.23027052314,130.002277047294,103.483589611555,117.335006713867,32.2003353002491,58.6154380654389,51.0207579170608,73.5103724901401,0,108.198131408691,103.902525347416,43.2611474562431,29.5157046692064,11.4699720612374,138.083474731445,122.872158595494,37.4238162391985,38.6329661653966,130.886455535889,0,149.457919727672,76.0691273775968,125.915107727051,0,173.946838378906,143.27409362793,161.219203186035,81.2377685546875,179.9146484375,0,164.492080688477,0,164.908210754395,0,111.77346163663,185.095439910889,225.561866760254,169.414443969727,0,117.457528147978,67.8034498315108,141.664593396868,120.439765475444,0,165.294191148546,147.516610781352,124.26750851749,145.208617588259,115.964145265777,0,231.269454956055,130.514282226562,135.737987317537
161.869343348912,65.4650803652677,95.1242422806589,63.8738049921,0,0,137.498860994975,163.172655741374,113.905956540789,129.128752572196,175.724845192649,33.1233727266385,174.547454833984,14.7563696108351,106.945822415287,169.504852294922,150.863494873047,83.703422677928,46.490125308343,64.812175604815,166.888946533203,138.832260131836,104.942507963914,121.503475824992,160.326579809189,42.5016415580374,27.0024429893663,32.8641501485492,171.410648052509,111.206303575304,138.083474731445,9.1434710438832,96.1124438476563,0,70.1114617820098,0,84.3208013262067,157.174112955729,59.359667301178,0,0,183.160079956055,0,169.002426147461,0,0,88.9215631813839,0,75.6373962592025,185.662658691406,0,0,140.675257364909,97.0257373385959,111.319108382515,0,0,155.054458618164,0,244.521911621094,63.4741592407227,102.038784484863,101.205949917646,0,146.175827026367,0,92.2139118512471,0,138.964462280273,140.439826965332
91.5910220554897,100.518065558539,152.957565025047,120.919045511882,138.405388183594,12.0685271666289,33.1770488098698,122.697848284686,33.4094326046408,113.857460470761,121.211550394694,52.8455488352596,117.374007407655,76.5243264545094,15.5629847108527,42.926251450398,117.523513793945,143.560952080621,83.6683883666992,84.8369360893003,129.619744300842,146.943671006423,189.700691223145,138.938459777832,134.496463666643,79.4775060017904,105.841023170785,105.066139221191,134.089245750791,12.2469793312878,122.872158595494,96.1124438476563,5.89729904853337,127.169973645891,29.5385164504293,195.212844848633,139.395965576172,204.056793212891,115.510063171387,0,0,236.642196655273,188.911415100098,210.093841552734,0,0,0,134.083181381226,137.374404907227,222.727066040039,0,0,178.674880981445,139.596557617188,134.397602081299,0,0,0,0,182.734480116102,86.3902359008789,137.361434349647,150.308876800537,187.705164591471,223.279434204102,238.105697631836,106.846641540527,0,0,170.505256652832
30.7929747194614,112.666698455811,106.552628430453,61.8094966304195,83.318982712766,119.157958984375,106.406317777412,66.108850061993,93.3670123113345,65.735998626149,90.4402933698712,91.7766961490407,93.2123796022855,0,52.170997096374,103.511455535889,83.6724383036296,86.5627898414536,128.928250630697,104.406645145056,89.0794105529785,61.2582021644317,65.863894144694,75.1091915801331,72.1501398993755,0,120.741708085344,112.253634346856,68.4331293908835,17.3911966908757,37.4238162391985,0,127.169973645891,6.50929406055141,27.1009801268578,127.926417350769,0,0,87.3437803517217,0,0,165.891311645508,123.780271429765,160.589195251465,77.7580855233329,153.137817382812,173.39116414388,0,0,157.411168185147,180.58837890625,123.255090985979,210.933395385742,0,0,149.444076538086,120.971910749163,69.7564498901367,141.460788726807,114.159488541739,0,0,148.698132324219,124.747322522677,148.509152526855,129.279258728027,0,0,130.986009216309,134.37523651123
72.7759918935986,54.3193561710837,67.7990554676666,62.3170851237296,100.303039520979,34.0452350173866,79.1132008065983,89.8632597500516,59.0898952155491,94.3525374154859,103.155933803982,24.1272390880954,107.911004744236,64.0628828931211,47.6154668836033,86.4791768965174,78.2591671103111,39.1653966100007,59.3940986970655,45.677285035004,105.15731831086,50.184340498582,70.7608629837188,52.7312156696649,91.4178577021816,68.1472319382888,61.3225971890636,68.5539785644856,82.75649133834,37.8080642130982,38.6329661653966,70.1114617820098,29.5385164504293,27.1009801268578,10.7956987246278,157.839289738582,95.6653234693739,100.58253752632,78.7341850543844,131.426233927409,0,204.150901794434,150.99097422007,178.531673290111,96.7442000539679,182.53405900435,117.914452616374,114.256351470947,98.9126082333651,178.411306762695,149.595832824707,111.270500695145,124.854223150956,113.646644115448,112.427304029465,190.392517089844,137.393164680118,85.5993966460228,119.723596777967,135.987331709838,89.1213192409939,106.011691022802,105.589942530292,142.200356539558,162.385407698782,138.313884311252,132.934065598708,0,142.402969360352,131.201077355279
140.662278747559,0,147.401283772786,76.3916625976562,127.861958821615,0,172.170524597168,169.742563883464,164.906257629395,92.5384521484375,147.174819946289,0,126.778854370117,0,172.448310852051,0,154.700567245483,182.551677158901,179.074234008789,188.797866821289,232.399459838867,172.639739990234,86.5584233601888,160.536207199097,125.560012944539,0,166.357319831848,161.155574349796,141.49685456032,154.158477783203,130.886455535889,0,195.212844848633,127.926417350769,157.839289738582,10.0320871246945,110.421063936674,107.542225519816,78.5118868384563,94.6528932398016,0,101.109104993867,33.2199476385273,55.7387902757614,73.5330623093472,70.862108520983,114.717730551055,117.772738647461,143.459331936306,23.5423327565721,93.4303698539734,105.290066878001,97.2193679320507,126.073569975038,111.963341276986,95.0860538482666,72.95900637978,76.9195048014323,88.463456810365,76.9200823929933,118.49239730835,119.477430652437,121.069997716833,80.1408420171493,14.3442966436926,20.0078402036062,148.436256408691,93.4808035956489,39.5675553179335,72.9450358727788
0,52.5457124710083,71.2370063118313,17.6608760356903,170.97590637207,0,0,144.794235229492,208.958694458008,122.438234965007,194.294250488281,71.3934661865234,0,76.6826544541579,238.154495239258,0,102.245208740234,77.128030649821,86.913782119751,80.1417770385742,0,126.659721374512,85.2502136230469,166.096179962158,123.427997589111,54.0438826424735,83.0297054714627,87.1547619925605,143.055820465088,166.305221557617,0,84.3208013262067,139.395965576172,0,95.6653234693739,110.421063936674,7.61139702560579,38.255389170097,17.6676132049953,105.529304504395,190.428588867188,168.396022796631,114.348240925716,128.349480628967,66.2131015250353,131.569291008843,59.4807619841202,121.422969818115,46.6430443286033,131.278030171114,111.950478186974,69.1094102980215,52.1605056435974,65.4138642587969,52.0762137168365,0,92.3222374386258,34.6707946373969,72.1237968113111,74.1543505953387,27.5759039757193,47.6707254513617,27.0186499620705,110.386572647095,110.195800595167,105.094941880968,63.0370631095691,81.9037857055664,120.27353837755,55.9301835397574
