10.8116352434217,167.925933837891,89.9360634760945,83.3528515951974,82.4393005371094,77.9291702719296,76.8013557362779,27.9096354094771,38.0570708481803,96.0025177001953,71.9741468478979,109.570584701279,113.050676727295,126.701467443396,20.2431821703976,84.8837884267171,167.341105143229,103.792197787885,137.723703384399,128.10505857306,134.146485328674,75.1757899197665,151.51053237915,83.7082254924913,94.0674031217333,122.895304361979,117.301347905939,124.893418151341,76.1160935482509,16.7006494444603,30.9009194986041,141.394191741943,80.9998547753622,79.415689604623,80.3670946817262,186.597923278809,0,163.258964538574,135.847540283203,0,0,155.686248779297,171.936482747396,214.179634094238,0,0,0,0,0,189.129653930664,0,167.70588684082,198.050308227539,0,210.483123779297,0,0,0,192.250915527344,145.225495656331,0,193.692016601562,189.881208939986,156.770493189494,182.943824768066,200.126007080078,0,0,164.111709594727,146.990921020508
167.925933837891,7.15481005376919,57.6148661860713,13.1513330498374,110.719629015241,0,161.927856445312,110.384373474121,152.439148494175,73.2677482877459,136.683915274484,64.1466188212387,105.972872924805,52.3743396378874,130.260144042969,112.534477472305,73.6537649178807,65.986353045312,74.3459803694386,70.4252019029983,135.051910400391,93.8372240066528,26.6442783572067,74.7228522560813,82.6933639697814,23.1316033793607,50.5813245553237,33.3448774990956,104.251620638198,127.304889951433,104.380967639741,67.140845257303,101.045562744141,119.9814453125,74.6768597642036,0,202.141738891602,65.5475091934204,61.1403860364641,0,0,0,0,147.021041870117,0,0,120.589300973075,0,82.7740300496419,0,0,0,95.8154525756836,127.095486958822,106.290717230903,0,0,127.327865600586,0,120.697090148926,78.8947741190592,102.911579526704,99.7069211560626,0,0,0,109.392499287923,0,0,0
89.9360634760945,57.6148661860713,13.3861186386237,60.4311257007858,170.807054138184,167.990005493164,147.032483402987,91.7501376690251,127.648470163345,150.567201886858,108.847549837027,108.633475056682,144.161178588867,113.073567334343,116.072444371883,131.024627685547,87.8194825545601,41.2998149388567,96.422593991781,74.4022734600565,200.299692789714,66.6522471138991,62.1138562422532,28.1584867669843,136.659139789519,98.9729639689128,38.3046312544611,34.0279013868262,82.8097938453139,101.105168698658,81.1945529969936,107.157209543081,169.489428858603,107.914191506126,84.1944829140671,187.235283987863,73.4400228612563,102.157454406911,59.7902415109717,0,0,0,165.315853412335,190.446771240234,248.023239135742,189.229245503743,152.14342880249,0,192.004035949707,202.782571792603,0,112.266573698624,117.96891409938,171.616521199544,130.477719170707,0,151.372867584229,106.449598693848,113.10474726359,151.842457164418,164.761016845703,121.217906814024,105.23311167201,179.440013212316,181.784855769231,132.546306610107,140.462707519531,0,150.007995605469,136.727012329102
83.3528515951974,13.1513330498374,60.4311257007858,15.8212047172433,52.5940423303721,130.59642791748,95.8167829088345,64.6367058586111,92.6258979151326,33.0613141902919,73.4303007821967,69.2063101226208,90.9408676226934,46.7806773917385,100.414631481319,78.2539909981393,51.8092601270561,70.2934472929171,68.2789179673835,83.1520610871862,74.5393974836483,61.0133584304895,30.0796784545778,85.0912980659335,43.5369307387183,22.0541051428765,58.657862601894,44.4520717565279,55.2333453062147,87.6482098324354,57.8582633215765,64.3627862672548,128.103122711182,70.8528037648564,82.1349078836575,177.405536651611,83.6735153198242,75.0188501993815,28.8252914602106,190.773376464844,0,113.860317230225,119.543338326847,117.834479014079,13.5884372826779,81.15087890625,79.0276066173207,71.1619186401367,61.4122621041757,167.986691792806,0,105.221356709798,70.2199761072795,86.5012340545654,94.021026134491,0,126.817760467529,104.643501281738,153.270604133606,76.9476901888847,58.144411277771,84.5618270527233,87.6220601547596,97.88698869593,141.444659423828,168.684206962585,84.7812779744466,0,0,147.374519348145
82.4393005371094,110.719629015241,170.807054138184,52.5940423303721,10.9759764807853,133.251625061035,77.0896970524507,45.1147815449031,96.9859795170789,36.1386580964367,21.4212575469007,163.024483816964,23.573972565845,172.359736851283,105.947508417327,59.3758838470668,83.8878269195557,161.876218795776,159.706100463867,0,12.5289235518741,0,57.7938672362781,118.287695748465,18.2911849541072,135.62707901001,145.78478580051,122.686185948989,12.4818019064778,96.3390037861276,104.28903503418,0,135.627593040466,83.0504072438116,102.63192180877,0,0,0,63.7671222782614,8.31541015550045,0,130.813202514648,114.486288662614,150.04977162679,74.6562877655029,92.7077933830944,0,24.4424155913677,0,154.562060546875,67.1192684173584,116.286804199219,0,0,0,13.3178159880192,0,113.341888427734,203.722869873047,77.9513059391414,0,0,203.754322052002,76.3007337891053,146.537923812866,169.202194213867,0,202.408157348633,0,147.592971801758
77.9291702719296,0,167.990005493164,130.59642791748,133.251625061035,7.73286900749554,10.6598799004899,108.792515974778,23.2097864565896,104.50843963623,110.247435397789,57.7072823588053,136.960807800293,80.8289079284668,30.0845346808993,13.1294993844262,0,167.540336608887,118.813861083984,155.923615773519,131.001118469238,0,127.28900718689,146.788475623498,126.450337001256,62.0374183654785,147.735910143171,162.236352920532,120.612515202275,25.858015477927,87.4613367716471,0,13.2678459700838,0,35.6800109939575,0,0,240.581420898438,135.491668701172,0,0,0,196.256072998047,225.808746337891,0,0,0,0,0,0,0,0,0,0,0,0,0,0,0,194.646629333496,0,0,246.747833251953,184.156326293945,228.343231201172,0,0,0,0,0
76.8013557362779,161.927856445312,147.032483402987,95.8167829088345,77.0896970524507,10.6598799004899,9.17344699655323,57.8528951975881,19.6035123759651,89.108033727612,30.1389204984475,78.8477008835676,20.6025857124397,94.7956304347261,37.4924031176359,9.97187042384414,127.605386734009,165.342790270609,144.896618113798,168.594420909882,26.9128560036634,136.152836990356,110.477637699672,140.388498808208,93.5473908970996,95.687009538923,164.891939502292,163.717445035524,81.3777269599712,38.1701228861906,122.873447179794,120.346742248535,21.5122119347945,111.626829587496,55.5521786018992,189.204387119838,0,234.716786702474,101.4042455922,152.309677124023,0,174.887361006303,153.073569379534,186.11536359787,119.729513549805,165.92751865761,0,170.869018554688,0,196.812131881714,0,187.978876749674,226.295639038086,0,200.574691772461,0,191.473838806152,0,207.223190307617,133.183184916178,0,200.773259480794,210.340072631836,156.363531594748,198.817970275879,202.203887939453,0,0,0,210.573471069336
27.9096354094771,110.384373474121,91.7501376690251,64.6367058586111,45.1147815449031,108.792515974778,57.8528951975881,10.0628589431363,57.5138936439245,61.5619344219085,18.3423477372567,145.144144020333,56.2414712382526,160.9625161065,39.5010831395692,76.4658006032308,105.175380931181,126.719681619228,167.745032705912,153.125638553074,65.5193656041072,71.0277373233399,78.5898483276367,82.3205901611241,56.1284942075361,156.091989135742,128.516449264667,118.734326122227,25.3370074809731,51.5930446080886,23.0747073245408,168.368263753255,118.552631675774,71.9198769811374,93.3042724507154,156.064529418945,0,166.290080677379,73.1933738055982,146.25668988909,0,146.432613796658,121.161641554399,161.049122287916,94.4448396301269,135.282560076032,237.457168579102,140.196662902832,0,171.064039168819,119.894371032715,158.139873504639,196.516892751058,222.855880737305,220.710060119629,151.800145467122,171.667536417643,0,171.989612579346,105.583106287268,233.474716186523,203.11252339681,177.767514203046,126.460006535402,167.330816095526,183.887691497803,0,201.748738606771,154.56472269694,168.711148348722
38.0570708481803,152.439148494175,127.648470163345,92.6258979151326,96.9859795170789,23.2097864565896,19.6035123759651,57.5138936439245,10.8673391364782,91.8591357070582,35.9122495541637,87.1586288906162,58.4497649905155,106.175476853744,20.4438784538562,41.0094348564638,140.349172804091,138.90360597687,153.412479452891,151.610006848504,95.7252938444565,118.362507542201,120.981411908124,122.103921434325,93.413716483226,107.922083900088,146.45474101938,150.332712484143,90.7849103859998,41.4798515027457,86.5688401507093,136.442060010187,30.0917219447937,103.493706827578,67.5410953931627,177.062527126736,212.962516784668,189.640075683594,108.027818831929,198.300857543945,0,175.397584533691,156.713553936451,186.456793836368,123.148771362305,170.519753985935,236.113744099935,158.369071960449,72.4626770019531,197.881331743513,0,174.003753662109,212.032224382673,236.556640625,213.758979797363,212.284271240234,197.15210723877,154.994522094727,202.938299325796,148.483280521271,0,216.642537434896,204.470624334162,155.772491228783,197.360938921367,202.80197652181,0,225.473937988281,184.97063293457,188.568159836989
96.0025177001953,73.2677482877459,150.567201886858,33.0613141902919,36.1386580964367,104.50843963623,89.108033727612,61.5619344219085,91.8591357070582,8.33430550269376,68.1643414178111,140.858759262983,12.4682110314373,129.828614312249,101.072360893349,23.8297579411651,57.3258989061628,149.779103162812,145.8022124679,146.055763721466,35.240252202557,84.896481468564,26.1620741055478,104.045707767293,19.7650770809615,106.662579766635,129.103515319824,112.782401790727,50.3409527192866,86.1582174758281,63.0125716865485,137.227645263672,136.610240300496,76.0221889769833,97.3638074946276,77.9808197021484,0,227.522445678711,49.9912243893272,97.9015102386475,0,127.713787623814,113.741507393973,154.624328613281,21.1988177200158,99.6895342740146,163.109039306641,126.113441467285,198.584030151367,175.321517944336,126.212577819824,71.8144912719727,0,0,213.91667175293,82.1678619384766,0,76.100798034668,135.724268595378,71.8911240651057,144.30908203125,191.629379272461,194.168218340193,101.274681091309,237.28125,140.487548828125,200.018661499023,0,0,0
71.9741468478979,136.683915274484,108.847549837027,73.4303007821967,21.4212575469007,110.247435397789,30.1389204984475,18.3423477372567,35.9122495541637,68.1643414178111,9.22390959109992,144.523089478656,30.7684082974112,160.947832503409,37.9251831593773,75.4248171274641,105.080921173096,150.552080724146,177.657392955962,167.95971521838,19.8690335646734,93.8652052445845,92.4782615661621,101.146216407372,60.1013653195581,160.103937784831,138.959329139138,139.839102133726,26.6876630708808,104.817166367065,98.1760540008545,178.1115429218,128.672894906307,93.8925671964078,109.483861905655,158.772654215495,0,175.991189575195,79.8919158445722,145.537716456822,0,147.932870483398,127.21758116685,163.138629150391,93.2343963557838,139.444427330735,210.429560343424,140.924289449056,245.76838684082,177.680692952474,164.550211588542,150.43789100647,221.396703720093,0,0,144.173311869303,201.693607330322,139.251523971558,192.284187316895,105.999451746352,0,0,180.087517874581,132.716707180708,179.905821769468,192.637760162354,0,205.638465881348,176.258370535714,185.604768880208
109.570584701279,64.1466188212387,108.633475056682,69.2063101226208,163.024483816964,57.7072823588053,78.8477008835676,145.144144020333,87.1586288906162,140.858759262983,144.523089478656,10.6781449939102,153.589597287385,27.3135642914277,87.2199422461051,136.214339256287,146.993932088216,56.2160103512662,23.2352203310908,27.3345098846617,153.999879625109,115.256152909378,103.634883668688,107.35172494389,153.601057673075,27.4386871723288,28.6399220298701,63.3605845883231,156.889642882765,81.1477440384911,115.294976202647,36.5642552662925,65.2768076299945,106.030554354191,31.2334637978746,0,113.257154464722,122.669456481934,72.3770693097796,0,0,246.766845703125,220.580134073893,235.286666870117,149.661651611328,227.229400634766,89.6371357310902,0,64.1948510223294,0,0,0,151.466448465983,110.8120667307,124.791220664978,0,215.584976196289,144.542301177979,181.517349243164,205.303004455566,70.2296271742436,108.158284711838,111.368281822992,216.724867600661,0,190.887351989746,90.0775080754207,0,0,159.09741973877
113.050676727295,105.972872924805,144.161178588867,90.9408676226934,23.573972565845,136.960807800293,20.6025857124397,56.2414712382526,58.4497649905155,12.4682110314373,30.7684082974112,153.589597287385,10.6121979831251,161.50828742981,108.919015570863,13.5299818437731,0,177.303512573242,188.28135172526,182.407516479492,14.3555491505937,163.733245849609,73.8197684452451,161.82289995466,20.4832581290598,138.61927541097,166.273260116577,148.722534342015,37.8640433406761,109.718197366466,100.522079467773,206.663777669271,133.754919492281,99.34015528361,117.134932489678,0,0,0,79.7051423943561,97.1715647379557,0,154.240049188787,140.02101220025,169.47712504069,100.349041748047,144.196303231376,0,0,0,184.45288848877,0,198.499450683594,242.508255004883,0,0,129.921465555827,0,0,181.58805847168,116.208695749136,0,0,188.31653213501,139.079206085205,179.449356079102,0,0,0,0,0
126.701467443396,52.3743396378874,113.073567334343,46.7806773917385,172.359736851283,80.8289079284668,94.7956304347261,160.9625161065,106.175476853744,129.828614312249,160.947832503409,27.3135642914277,161.50828742981,8.36297164929883,104.958539962769,164.022488911947,136.530420030866,97.1608248258892,58.3550718938801,74.2880261443382,173.556720440204,155.312835693359,97.9787205563316,141.647615671158,147.481526221758,18.6070703312607,43.6451151611559,36.6731178543893,160.844489812851,90.8578844299316,157.029234822591,18.1635444056657,83.565116702809,166.540362548828,52.4863791104137,0,104.970884884105,185.353062947591,65.4587534810161,0,0,0,244.192993164062,115.253559112549,182.868980407715,0,80.7395940171075,0,31.165209816323,242.648254394531,0,183.552444458008,171.55855015346,112.485742881081,122.640387852987,0,0,159.285675048828,175.937225341797,177.390665690104,62.2327002140514,109.775300143058,103.818362806209,0,140.789421081543,185.388442993164,87.5789173380534,89.5771789550781,0,145.846777779715
20.2431821703976,130.260144042969,116.072444371883,100.414631481319,105.947508417327,30.0845346808993,37.4924031176359,39.5010831395692,20.4438784538562,101.072360893349,37.9251831593773,87.2199422461051,108.919015570863,104.958539962769,10.5160124577159,96.4457343325895,144.555690220424,129.636398461174,142.261345922099,143.595963099013,109.894220402632,104.133039106402,121.061796524945,110.58930263335,101.851356417634,89.8463487625122,137.620465452703,143.538515005026,93.598802792076,31.0968350864237,66.1588545089971,130.261135008277,17.9905146145704,56.5186460980198,58.2255133053851,196.749957493373,174.303409576416,195.432593451606,122.500732862032,0,0,179.914535522461,163.709636535645,199.941302959736,155.14092763265,190.838990529378,194.03918762207,0,80.2406311035156,197.812901633126,0,204.931462605794,220.928155899048,191.00671005249,192.010297139486,0,184.525901794434,186.261978149414,201.551790025499,152.949445936415,0,188.513170878092,186.271475399242,169.160035754007,194.243715922038,226.99919128418,142.10661315918,0,185.488396780831,197.770375569661
84.8837884267171,112.534477472305,131.024627685547,78.2539909981393,59.3758838470668,13.1294993844262,9.97187042384414,76.4658006032308,41.0094348564638,23.8297579411651,75.4248171274641,136.214339256287,13.5299818437731,164.022488911947,96.4457343325895,8.40908636211195,139.267097473145,171.341842651367,180.964309692383,0,72.0640977478027,0,78.1471002578735,151.306932237413,42.5310814162175,143.334027862549,161.262570467862,144.301002262146,71.4369333631852,96.417513463915,92.8134225209554,199.934143066406,40.1149759983671,99.0287596384684,111.857151911809,0,0,0,80.6376094818115,0,0,155.063583374023,153.674577331543,179.644271850586,54.5538063049316,174.411224365234,0,0,222.025360107422,174.799468994141,0,0,0,0,0,0,0,86.0641021728516,0,107.846207682292,0,0,0,163.511871337891,0,0,0,0,0,176.510314941406
167.341105143229,73.6537649178807,87.8194825545601,51.8092601270561,83.8878269195557,0,127.605386734009,105.175380931181,140.349172804091,57.3258989061628,105.080921173096,146.993932088216,0,136.530420030866,144.555690220424,139.267097473145,16.7176563542397,117.887806727968,172.487152099609,144.294534856623,84.2399520874023,29.8559281576475,30.6584276987569,24.1445918379929,31.924615782806,124.770483228895,123.975337982178,32.1480352051738,48.7207608735864,146.206347995334,84.8333258027012,145.603500366211,177.382759094238,121.447156270345,91.6116384807386,135.495803833008,0,133.404938252767,92.9171999151056,0,0,0,157.228507995605,192.373306274414,136.446395874023,0,0,0,0,197.5810546875,0,102.859929981346,169.758386230469,203.763031005859,172.667381286621,0,127.385912068685,54.5608402320317,110.763421563831,146.956192016602,0,138.839680989583,129.110323905945,150.951081848145,195.075805664062,0,175.701614379883,0,0,147.15746307373
103.792197787885,65.986353045312,41.2998149388567,70.2934472929171,161.876218795776,167.540336608887,165.342790270609,126.719681619228,138.90360597687,149.779103162812,150.552080724146,56.2160103512662,177.303512573242,97.1608248258892,129.636398461174,171.341842651367,117.887806727968,11.5240061989915,54.5457489720856,26.9573017248111,181.509918212891,62.2482316484095,96.0099925994873,28.0729921823402,142.207295912283,98.8938229878743,36.6201140568201,70.7228509742205,125.51870199146,100.234352887687,72.9824047572006,103.860194312202,162.139761768688,89.1804510337025,45.1445025906001,213.695236206055,118.190608024597,121.654511244401,82.3567275385703,0,0,0,193.296625773112,200.04549407959,215.076332092285,208.010345458984,165.371868133545,0,154.90478515625,195.695432027181,0,142.441163635254,133.815157125924,128.749671936035,133.841930934361,0,198.371765136719,139.554786682129,146.12009865897,189.956395467122,130.160064697266,126.850144512885,120.061292052269,184.368057250977,190.869132302024,160.563896179199,0,0,188.796875,125.233271280924
137.723703384399,74.3459803694386,96.422593991781,68.2789179673835,159.706100463867,118.813861083984,144.896618113798,167.745032705912,153.412479452891,145.8022124679,177.657392955962,23.2352203310908,188.28135172526,58.3550718938801,142.261345922099,180.964309692383,172.487152099609,54.5457489720856,8.46934266563753,15.7120342060076,198.824824015299,123.038572411788,108.825263595581,97.7473917067426,166.619288921356,48.7326659758886,36.2604130666448,64.6033191460475,167.120906927647,126.148040594644,120.260390770145,49.6338856302161,111.052827546091,119.866585023942,57.4317334318983,233.457778930664,122.005571805514,140.707139151437,95.878422787315,0,0,0,0,0,175.955001831055,0,113.229015087259,0,95.7606522242228,173.719413757324,0,0,156.812544250488,118.744147007761,124.207730360434,0,197.233856201172,149.783283233643,189.618438720703,237.995178222656,104.416989898682,114.532458406953,119.212554912756,238.336410522461,221.409439086914,0,101.632086890084,0,0,140.217899068197
128.10505857306,70.4252019029983,74.4022734600565,83.1520610871862,0,155.923615773519,168.594420909882,153.125638553074,151.610006848504,146.055763721466,167.95971521838,27.3345098846617,182.407516479492,74.2880261443382,143.595963099013,0,144.294534856623,26.9573017248111,15.7120342060076,8.79607821696347,0,101.450252122145,101.703969637553,80.9149043984609,162.613095911538,49.1609764714395,29.7750178004496,67.8215314828047,155.344533326196,121.105615995969,97.7355500948061,66.4223421031031,132.752991040548,108.011613094445,40.9883467479788,179.965187072754,126.061674935477,147.345959981283,75.9449155807495,0,0,0,0,0,226.227752685547,0,125.780822060325,0,116.277520315988,202.08081817627,0,156.925155639648,143.717425210135,115.452610309307,123.896181141246,0,166.103118896484,144.60107421875,143.302505493164,211.743591308594,98.8138765607561,114.038080763109,116.750950085787,0,212.306935628255,0,119.626241048177,0,0,136.007936176501
134.146485328674,135.051910400391,200.299692789714,74.5393974836483,12.5289235518741,131.001118469238,26.9128560036634,65.5193656041072,95.7252938444565,35.240252202557,19.8690335646734,153.999879625109,14.3555491505937,173.556720440204,109.894220402632,72.0640977478027,84.2399520874023,181.509918212891,198.824824015299,0,11.5144493208564,143.798123677572,0,194.633190155029,23.5450402907743,180.965118408203,181.644108165394,177.223858061291,22.9665631277546,117.267828941345,100.329116821289,0,141.989472150803,0,116.288633558485,0,0,0,81.1798574420768,16.0022986888886,0,153.029589233398,139.27527096397,167.940208435059,100.379890843442,140.577925559802,0,7.88710186420343,0,210.74133682251,53.2853622436523,0,0,0,0,12.1816096253255,0,0,0,110.53614152179,0,0,219.743779500326,117.312787157424,215.804779052734,203.85041809082,0,0,0,0
75.1757899197665,93.8372240066528,66.6522471138991,61.0133584304895,0,0,136.152836990356,71.0277373233399,118.362507542201,84.896481468564,93.8652052445845,115.256152909378,163.733245849609,155.312835693359,104.133039106402,0,29.8559281576475,62.2482316484095,123.038572411788,101.450252122145,143.798123677572,11.801605872069,54.5326853016861,28.2982024785814,41.8105911385546,122.25319480896,112.085559584137,72.2384119075196,28.9017316636311,72.4501715264042,29.4917886795697,152.983306884766,155.451895280318,51.4437469143531,46.0117825185569,177.528518676758,0,138.203852335612,146.532356262207,0,0,0,187.153953552246,0,216.069854736328,0,0,0,0,208.842720031738,0,112.061563440271,156.60986328125,216.253265380859,0,0,141.309973144531,94.777594933143,115.957764707293,147.694313049316,0,189.807891845703,143.306090383819,144.796434402466,160.045001983643,161.520360310872,0,0,209.03369140625,132.817772674561
151.51053237915,26.6442783572067,62.1138562422532,30.0796784545778,57.7938672362781,127.28900718689,110.477637699672,78.5898483276367,120.981411908124,26.1620741055478,92.4782615661621,103.634883668688,73.8197684452451,97.9787205563316,121.061796524945,78.1471002578735,30.6584276987569,96.0099925994873,108.825263595581,101.703969637553,0,54.5326853016861,8.05223757903548,53.1526618890427,30.3516354930179,71.3275342318091,93.3938723870044,40.7098605145383,55.8465145745476,94.3941620136129,60.4092002639501,96.3413173675537,0,75.2622061064749,87.2485044956207,0,0,127.104076385498,69.656791142055,0,0,0,152.747133890788,0,108.289093017578,131.47599029541,0,0,159.970924377441,216.942794799805,0,58.280689239502,138.766706466675,154.095634460449,191.802393595378,0,119.320556640625,28.3049683406435,114.196603775024,111.439100901286,0,156.518840244838,131.775774002075,151.387667338053,0,0,125.099571228027,0,0,140.207313537598
83.7082254924913,74.7228522560813,28.1584867669843,85.0912980659335,118.287695748465,146.788475623498,140.388498808208,82.3205901611241,122.103921434325,104.045707767293,101.146216407372,107.35172494389,161.82289995466,141.647615671158,110.58930263335,151.306932237413,24.1445918379929,28.0729921823402,97.7473917067426,80.9149043984609,194.633190155029,28.2982024785814,53.1526618890427,17.0281609098002,68.7228861629348,128.027057647705,66.3810229381485,55.2737264195674,59.9790441276824,88.9070910692438,53.7027472293493,154.609460830688,163.788222708353,72.4202447528205,50.0084601198519,195.445129394531,68.2349252700806,114.559597308819,71.5869694253673,0,0,205.775451660156,176.393788655599,208.788092041016,195.931957244873,204.563280378069,191.242492675781,0,175.920501708984,209.6548828125,0,108.499444771998,136.024516457006,172.391143798828,161.616555023193,0,135.17883165421,81.0024445166955,113.708797514694,159.366657680935,217.844146728516,156.529721186711,111.449575150331,166.782257503933,196.018712361654,153.012683444553,0,0,149.793548583984,136.937778291248
94.0674031217333,82.6933639697814,136.659139789519,43.5369307387183,18.2911849541072,126.450337001256,93.5473908970996,56.1284942075361,93.413716483226,19.7650770809615,60.1013653195581,153.601057673075,20.4832581290598,147.481526221758,101.851356417634,42.5310814162175,31.924615782806,142.207295912283,166.619288921356,162.613095911538,23.5450402907743,41.8105911385546,30.3516354930179,68.7228861629348,10.2661010175396,115.548266654179,138.562495386033,90.9006690329799,18.21871011368,86.8386329015096,71.403719285377,151.017093365009,141.345499185415,78.4053050845051,103.457998068592,144.171781037983,181.740524291992,171.200268336705,52.3697240791645,111.298307800293,0,121.034914722181,105.375608550178,140.87830050629,60.808724615309,114.88558966016,0,102.22692489624,217.401321411133,157.604871641915,146.453628540039,129.517683664958,185.858804490831,0,194.51664352417,123.365827178955,149.300811767578,108.322547912598,159.462240467901,80.9418601828448,0,191.367723737444,175.211214701335,116.142581994983,155.648937634059,162.901880264282,0,176.351623535156,151.17359161377,166.441385541643
122.895304361979,23.1316033793607,98.9729639689128,22.0541051428765,135.62707901001,62.0374183654785,95.687009538923,156.091989135742,107.922083900088,106.662579766635,160.103937784831,27.4386871723288,138.61927541097,18.6070703312607,89.8463487625122,143.334027862549,124.770483228895,98.8938229878743,48.7326659758886,49.1609764714395,180.965118408203,122.25319480896,71.3275342318091,128.027057647705,115.548266654179,7.43434562147042,45.0597801325511,21.4220671278605,136.005360653526,88.9486221313477,0,39.8114758446103,97.7029476165771,155.82048034668,55.6425178527832,0,98.6855227152507,84.519172668457,35.6916021922278,0,0,0,200.575210571289,0,0,184.05322265625,66.4680308317527,0,44.284244645181,0,0,0,122.110201517741,80.6197129567464,93.8800842850297,0,172.208160400391,111.257638113839,233.659286499023,201.289855957031,48.9304607709249,77.8467834833506,81.8401051620764,0,172.637222290039,0,74.4686331021584,0,0,111.115868308327
117.301347905939,50.5813245553237,38.3046312544611,58.657862601894,145.78478580051,147.735910143171,164.891939502292,128.516449264667,146.45474101938,129.103515319824,138.959329139138,28.6399220298701,166.273260116577,43.6451151611559,137.620465452703,161.262570467862,123.975337982178,36.6201140568201,36.2604130666448,29.7750178004496,181.644108165394,112.085559584137,93.3938723870044,66.3810229381485,138.562495386033,45.0597801325511,14.5998938962827,41.6685439702266,126.226682535807,121.36722558286,106.891199324873,27.9330102290207,149.243082354146,124.468885248358,65.8826736228705,181.128782484266,111.705963737086,113.369462331136,74.6189426816743,0,0,180.980387369792,196.38677743765,203.135882568359,184.413311958313,0,103.337979909536,0,103.260333852565,196.410919189453,215.492248535156,157.271228790283,119.586845670428,106.502928071864,109.824957088188,0,181.944877624512,131.965622711182,153.969591940603,224.291968027751,93.0917967337149,102.277075642287,101.626580158797,205.622126988002,189.069680350167,167.63033803304,98.9848891314338,0,167.118138122559,119.272915934468
124.893418151341,33.3448774990956,34.0279013868262,44.4520717565279,122.686185948989,162.236352920532,163.717445035524,118.734326122227,150.332712484143,112.782401790727,139.839102133726,63.3605845883231,148.722534342015,36.6731178543893,143.538515005026,144.301002262146,32.1480352051738,70.7228509742205,64.6033191460475,67.8215314828047,177.223858061291,72.2384119075196,40.7098605145383,55.2737264195674,90.9006690329799,21.4220671278605,41.6685439702266,16.1603708468462,84.5759775894089,129.212021364553,112.3997283238,27.9027049799446,147.851116253779,122.681238008238,78.4704114383441,187.59722068093,88.4326623068915,105.190526230075,61.25168856998,0,0,200.105197143555,169.991321018764,206.165634546524,179.730204148726,190.196988423665,108.988400522139,198.967788696289,97.4386063963175,189.898971557617,194.205741882324,106.61870754406,119.973457758477,109.497231854333,115.244365156458,216.779983520508,135.644093513489,110.835186296039,112.472167716041,166.62382037823,94.1662248410053,106.898057085271,105.749818127594,173.667639365563,186.438853309268,175.390696525574,104.558160759421,161.433858235677,174.385556902204,124.246998724536
76.1160935482509,104.251620638198,82.8097938453139,55.2333453062147,12.4818019064778,120.612515202275,81.3777269599712,25.3370074809731,90.7849103859998,50.3409527192866,26.6876630708808,156.889642882765,37.8640433406761,160.844489812851,93.598802792076,71.4369333631852,48.7207608735864,125.51870199146,167.120906927647,155.344533326196,22.9665631277546,28.9017316636311,55.8465145745476,59.9790441276824,18.21871011368,136.005360653526,126.226682535807,84.5759775894089,12.5137544820105,85.4393414050718,37.475129048297,162.117531996507,133.741868475209,67.9601607668688,73.9351127176914,145.198970691578,124.952114105225,168.051361083984,67.7717755508423,136.91960471017,0,134.905268826931,117.5659410551,151.641716360349,79.7050280041165,126.890552870893,0,123.507982635498,0,163.826327249278,148.49348449707,127.698315429687,192.941988344546,217.637245178223,216.758778889974,128.039222717285,138.996156964983,106.656188964844,147.740070384036,95.6760540008545,209.189300537109,208.402818467882,174.875368118286,122.032839091137,158.810831423159,147.919962343962,0,198.330520629883,151.706564903259,169.027030496036
16.7006494444603,127.304889951433,101.105168698658,87.6482098324354,96.3390037861276,25.858015477927,38.1701228861906,51.5930446080886,41.4798515027457,86.1582174758281,104.817166367065,81.1477440384911,109.718197366466,90.8578844299316,31.0968350864237,96.417513463915,146.206347995334,100.234352887687,126.148040594644,121.105615995969,117.267828941345,72.4501715264042,94.3941620136129,88.9070910692438,86.8386329015096,88.9486221313477,121.36722558286,129.212021364553,85.4393414050718,10.9337560265345,25.4002954880006,102.895907351845,18.2454263075688,17.1759883134556,42.9005870591961,174.91389138358,153.262519836426,166.540263584682,118.876222254866,175.161575317383,0,201.546362740653,160.474850910466,202.280585012128,128.300628662109,197.219819810655,204.120422363281,0,152.982940673828,193.590840956744,0,145.993576049805,209.741759300232,199.171928405762,209.951479230608,0,188.513484954834,152.906982421875,197.736205101013,150.413108432416,0,174.50430393219,185.947522809429,154.748091708408,192.477108466916,179.205410003662,0,0,194.578404744466,200.525765158913
30.9009194986041,104.380967639741,81.1945529969936,57.8582633215765,104.28903503418,87.4613367716471,122.873447179794,23.0747073245408,86.5688401507093,63.0125716865485,98.1760540008545,115.294976202647,100.522079467773,157.029234822591,66.1588545089971,92.8134225209554,84.8333258027012,72.9824047572006,120.260390770145,97.7355500948061,100.329116821289,29.4917886795697,60.4092002639501,53.7027472293493,71.403719285377,0,106.891199324873,112.3997283238,37.475129048297,25.4002954880006,14.1239432384517,0,104.477458045596,27.1666023785236,38.1893305891136,130.108734130859,0,162.65616607666,103.340560913086,0,0,0,161.588406562805,165.293930053711,87.5641860961914,197.061767578125,0,0,0,183.289957682292,0,145.015174865723,164.985275268555,0,184.942138671875,0,111.088943481445,99.2445983886719,163.842229366302,124.620544433594,0,194.16272354126,175.589782169887,134.087851388114,160.3998014662,124.277271270752,0,242.843231201172,128.877132415771,181.34631652832
141.394191741943,67.140845257303,107.157209543081,64.3627862672548,0,0,120.346742248535,168.368263753255,136.442060010187,137.227645263672,178.1115429218,36.5642552662925,206.663777669271,18.1635444056657,130.261135008277,199.934143066406,145.603500366211,103.860194312202,49.6338856302161,66.4223421031031,0,152.983306884766,96.3413173675537,154.609460830688,151.017093365009,39.8114758446103,27.9330102290207,27.9027049799446,162.117531996507,102.895907351845,0,7.15843452680214,121.146653311593,0,78.8190857431163,196.738311767578,128.770793151855,144.681777954102,80.9263999245384,0,0,0,196.026947021484,0,0,0,98.9675225650563,0,86.5528402848677,149.576477050781,209.185302734375,0,136.756225585938,107.017729539138,119.250274071327,0,0,120.793277740479,0,0,83.5745997275076,107.949118754069,107.7308922048,0,0,0,101.317362467448,0,0,142.15114847819
80.9998547753622,101.045562744141,169.489428858603,128.103122711182,135.627593040466,13.2678459700838,21.5122119347945,118.552631675774,30.0917219447937,136.610240300496,128.672894906307,65.2768076299945,133.754919492281,83.565116702809,17.9905146145704,40.1149759983671,177.382759094238,162.139761768688,111.052827546091,132.752991040548,141.989472150803,155.451895280318,0,163.788222708353,141.345499185415,97.7029476165771,149.243082354146,147.851116253779,133.741868475209,18.2454263075688,104.477458045596,121.146653311593,6.03307151561219,68.749750773112,39.2987863960266,0,0,0,167.522619247437,0,0,241.71533203125,211.071207046509,238.73551940918,149.860870361328,0,109.993003845215,201.85725402832,71.3664093017578,235.617517089844,0,0,0,0,0,0,0,0,0,199.734166925604,0,0,171.432235717773,199.190160751343,234.570843505859,0,0,0,0,0
79.415689604623,119.9814453125,107.914191506126,70.8528037648564,83.0504072438116,0,111.626829587496,71.9198769811374,103.493706827578,76.0221889769833,93.8925671964078,106.030554354191,99.34015528361,166.540362548828,56.5186460980198,99.0287596384684,121.447156270345,89.1804510337025,119.866585023942,108.011613094445,0,51.4437469143531,75.2622061064749,72.4202447528205,78.4053050845051,155.82048034668,124.468885248358,122.681238008238,67.9601607668688,17.1759883134556,27.1666023785236,0,68.749750773112,8.84631632659622,24.9904128559466,166.258674621582,0,0,119.87911605835,0,0,217.765716552734,141.609334309896,185.315746307373,94.2785237630208,143.309829711914,0,0,0,196.964216444227,0,160.305099487305,175.00212097168,0,178.97240447998,0,0,140.579204559326,181.66092300415,129.273897298177,0,159.078094482422,163.983367919922,143.967764767733,182.777844515714,0,0,0,129.012176513672,161.327407836914
80.3670946817262,74.6768597642036,84.1944829140671,82.1349078836575,102.63192180877,35.6800109939575,55.5521786018992,93.3042724507154,67.5410953931627,97.3638074946276,109.483861905655,31.2334637978746,117.134932489678,52.4863791104137,58.2255133053851,111.857151911809,91.6116384807386,45.1445025906001,57.4317334318983,40.9883467479788,116.288633558485,46.0117825185569,87.2485044956207,50.0084601198519,103.457998068592,55.6425178527832,65.8826736228705,78.4704114383441,73.9351127176914,42.9005870591961,38.1893305891136,78.8190857431163,39.2987863960266,24.9904128559466,12.1368674222617,179.075065612793,114.368497212728,144.379779130985,104.962719952619,0,0,180.511606852214,172.553080749512,196.128135279605,108.928187561035,197.233923339844,131.008213996887,0,138.235370635986,211.370237986247,0,135.870606422424,154.13250986735,128.77106329111,146.562998617849,0,114.182147979736,134.090909957886,138.207154969911,153.970328330994,74.2532424926758,130.809686749895,127.878574754633,165.329605594758,198.743753533614,186.800590515137,153.145095825195,0,188.673248291016,155.559233347575
186.597923278809,0,187.235283987863,177.405536651611,0,0,189.204387119838,156.064529418945,177.062527126736,77.9808197021484,158.772654215495,0,0,0,196.749957493373,0,135.495803833008,213.695236206055,233.457778930664,179.965187072754,0,177.528518676758,0,195.445129394531,144.171781037983,0,181.128782484266,187.59722068093,145.198970691578,174.91389138358,130.108734130859,196.738311767578,0,166.258674621582,179.075065612793,7.50619361724437,121.890514797635,108.868406122381,83.8644138945251,92.2759060579188,84.5346755981445,79.0248291750988,25.3324589463264,35.4273835011509,78.7727907880952,57.265553349462,127.786542654037,105.727967398507,141.384051005046,14.3600149794238,94.2738314541903,107.85103974519,96.6692623907169,128.546372753079,113.378913298286,96.9466470082601,77.2013832165294,81.2271058725756,90.9341579900127,77.2759999384299,133.681427001953,111.054258656911,128.483505984519,82.6260045186294,14.6565183072467,36.9831946966069,142.236870356968,78.3353555467394,37.8756105956577,59.5403513637627
0,202.141738891602,73.4400228612563,83.6735153198242,0,0,0,0,212.962516784668,0,0,113.257154464722,0,104.970884884105,174.303409576416,0,0,118.190608024597,122.005571805514,126.061674935477,0,0,0,68.2349252700806,181.740524291992,98.6855227152507,111.705963737086,88.4326623068915,124.952114105225,153.262519836426,0,128.770793151855,0,0,114.368497212728,121.890514797635,7.30203337043071,50.480901730525,12.7348665010318,0,161.85920715332,163.074110031128,138.391401502821,175.238196633079,66.7797486748494,104.738166809082,69.3023573402467,110.833717346191,56.0775724871922,139.985237121582,144.238128662109,67.9570616969356,65.7742280927084,70.8350525657729,65.7382174656309,0,125.708480834961,16.7206428827919,78.4988662219438,68.7542133479155,23.3894269378459,58.9897706992644,36.2252107230081,113.103407723563,127.32424510609,120.30872446696,64.6976372782389,132.007358551025,121.499044145857,72.0079860437929
163.258964538574,65.5475091934204,102.157454406911,75.0188501993815,0,240.581420898438,234.716786702474,166.290080677379,189.640075683594,227.522445678711,175.991189575195,122.669456481934,0,185.353062947591,195.432593451606,0,133.404938252767,121.654511244401,140.707139151437,147.345959981283,0,138.203852335612,127.104076385498,114.559597308819,171.200268336705,84.519172668457,113.369462331136,105.190526230075,168.051361083984,166.540263584682,162.65616607666,144.681777954102,0,0,144.379779130985,108.868406122381,50.480901730525,14.9886177405331,47.4829730353048,142.639016893175,151.711929321289,144.260987671328,86.3502724450379,124.414223988851,111.926458994548,106.06041091047,104.243016137017,120.049499511719,119.708729014677,117.687766807051,142.737903050014,88.3916938445147,42.5706408649907,80.1178364000822,68.0940792479677,161.131301879883,71.0091912430294,58.139534055141,38.5059164188707,117.466671113045,95.3125143051147,32.5368702329201,41.853894783407,91.3126791520139,133.64899396153,90.9581672876262,98.7135632324219,179.909822463989,121.026651910011,88.1647888160333
135.847540283203,61.1403860364641,59.7902415109717,28.8252914602106,63.7671222782614,135.491668701172,101.4042455922,73.1933738055982,108.027818831929,49.9912243893272,79.8919158445722,72.3770693097796,79.7051423943561,65.4587534810161,122.500732862032,80.6376094818115,92.9171999151056,82.3567275385703,95.878422787315,75.9449155807495,81.1798574420768,146.532356262207,69.656791142055,71.5869694253673,52.3697240791645,35.6916021922278,74.6189426816743,61.25168856998,67.7717755508423,118.876222254866,103.340560913086,80.9263999245384,167.522619247437,119.87911605835,104.962719952619,83.8644138945251,12.7348665010318,47.4829730353048,9.91374871894175,59.3801790705898,117.844838460286,77.6475621012898,61.6938959211524,94.844632546107,22.7073677965573,72.1716151385984,50.9736204241143,39.2370647802585,41.460305817868,102.100862700364,50.7809534259871,78.1758477854174,63.0011858869795,61.2111849243388,63.1844396997417,55.093765347503,97.6115697224935,36.0358264883001,70.7675827378077,29.2582193029086,16.6707025971906,55.8307068810743,43.0818349383178,55.9029577080974,98.8686830434906,105.753484424792,59.1153541387514,101.704936981201,96.4434499007005,76.7968865960045
0,0,0,190.773376464844,8.31541015550045,0,152.309677124023,146.25668988909,198.300857543945,97.9015102386475,145.537716456822,0,97.1715647379557,0,0,0,0,0,0,0,16.0022986888886,0,0,0,111.298307800293,0,0,0,136.91960471017,175.161575317383,0,0,0,0,0,92.2759060579188,0,142.639016893175,59.3801790705898,8.69714119150988,134.58358001709,70.9790795603369,89.4964787883143,91.7443965502266,27.4721136305634,18.3131493557939,152.793692848899,20.7012131838916,159.657913208008,104.54662405478,65.2382684301158,109.463172912598,165.521061197917,170.008911132812,0,13.7127006722124,131.881381225586,73.6505955287388,143.047803011808,20.7638632103183,0,172.108812332153,134.322718556722,18.9097907433063,107.04634475708,116.952222824097,0,141.474256243025,104.155196380615,112.265082566634
