13.7673831934148,149.62890625,89.2025596912091,67.5046769865267,86.4097068423317,108.699634552002,75.6318744659424,31.0110937002067,68.1865791265781,59.2698110377535,56.0422099502223,136.590334574382,105.514358520508,140.268377130682,18.1845576610101,80.2591781616211,114.564660072327,89.5928930119821,128.379030863444,118.800953376584,85.0321337381999,71.258176746177,90.3034047665803,80.9216151578545,77.8549857957022,112.981246948242,105.104862488564,117.524810574579,74.4368045218957,18.3311932907903,32.2415980089038,141.701171875,93.2461878458659,38.0947499829669,68.9574053338233,123.667035189542,0,148.958190070258,78.5283918638487,136.868227640788,0,184.40128326416,134.264478583085,168.156044854058,67.6549472808838,155.915863037109,0,0,0,165.068408421108,0,134.163524082729,187.263239542643,0,202.913940429688,172.349815368652,148.652755737305,193.206588745117,158.635762264854,122.733016286577,0,170.515197753906,156.269902454723,130.928290865315,145.580092343417,135.812381998698,0,0,0,153.321671379937
149.62890625,7.0521142220618,45.5629872542161,13.3505315409418,99.6292724609375,0,145.082397460938,142.956954956055,151.534689585368,68.9808469337992,137.157943725586,67.5118534176849,94.3780242919922,47.5636304033351,155.596801757812,99.8875894257517,64.4530554877387,53.7323122873356,68.3294574596264,57.1522015872067,134.345611572266,90.7168731689453,16.2618635783472,70.948750672517,81.3088878359113,17.494903227029,55.2148963182822,24.4963448345729,116.57801472057,145.188766479492,99.2708404541016,64.7208187103272,0,163.479370117188,60.6937328338623,0,54.1797336578369,75.8561497738487,64.7031211853027,0,0,0,92.2501754760742,152.523574829102,136.440444946289,0,87.1632308959961,0,88.1254978179932,169.225826263428,0,98.5267969767253,89.1315089861552,98.9553680419922,127.143249511719,0,0,127.912448883057,146.443023681641,149.453224182129,30.3341197967529,83.6445164399989,68.6588202285767,0,0,151.333625793457,0,0,0,86.4890857696533
89.2025596912091,45.5629872542161,13.5244682619801,51.5354064805937,152.605593363444,159.716975402832,132.121526241302,94.8587376406076,121.510021203703,108.922030151867,107.069923416077,93.4162431335449,172.442979079026,82.9096936567114,111.470036010821,138.610679626465,86.9859148661296,43.5406378811257,92.9734152687921,72.5457425652978,170.122374534607,64.9584676577594,58.2800549216892,36.1054931805304,114.931571146076,72.2143173217773,32.8159157326608,37.9574589170744,85.2945311721345,112.306311504261,78.8852447727681,89.0854439673486,168.145641326904,108.328879744918,64.6748742960361,170.795633850098,83.7371204376221,96.9045424719858,84.0722072014442,0,0,205.39862714495,161.366218273456,185.367009735107,158.880516052246,217.727945963542,134.025093926324,0,129.736182318793,168.66716969442,185.506927490234,121.028924391005,109.839550307303,149.126312255859,136.979246286245,193.603721618652,135.614172991584,90.5991022895364,111.870679057117,161.560119751961,115.782600402832,109.899783644565,97.6208049981997,169.191000880965,173.742416381836,147.387222657721,157.01540629069,0,156.302766799927,109.795154959123
67.5046769865267,13.3505315409418,51.5354064805937,17.2021622387568,60.0595025337591,108.204672495524,82.3443917855204,65.9721679628357,83.785311281083,18.9680655503872,72.662709240986,73.3367961448959,74.6969619957176,57.5031369527181,85.984222777277,76.1460753849575,38.9978576749516,60.7445783978802,66.5194202920665,79.8706152272779,81.5447455958316,67.0813396283368,32.4190448437174,55.1195341005679,47.0440013941158,34.6853131686461,65.9706433933214,39.764693769758,59.5159930212539,74.887618423487,64.9782155888193,90.8173332214355,126.64842376709,57.849832810296,63.5691767810436,83.4133127274052,91.6400890350342,73.7045383453369,53.6604453772306,78.4297008514404,0,109.177377319336,87.2293313516153,131.196462097168,21.6503251923455,121.464165006365,0,163.578426361084,37.9113807678223,133.485003709793,0,58.8455235531456,105.045895209679,0,158.677429199219,101.037881851196,88.8226506710052,27.7527061664697,76.9603998811095,75.2661565343539,41.1763926612006,98.8965229034424,78.3940737057576,100.242650760117,97.9710543705867,90.1051224928636,137.655029296875,0,82.150016784668,96.0959823608398
86.4097068423317,99.6292724609375,152.605593363444,60.0595025337591,9.93173204360857,123.423760732015,68.201790003941,63.2091690003872,85.9125833442743,51.6874171932681,30.3504844194565,0,27.3405250978348,0,93.9335925809799,64.0791767318814,88.3426370620728,141.224105834961,0,180.238647460938,10.2431622745605,58.408447265625,69.9165419851031,122.177185058594,21.0257161513376,155.798294067383,148.585489908854,121.853651780349,20.3923361443805,94.9252903807397,97.1403342026931,0,129.759624481201,83.4330605400933,88.5725432133329,146.142702102661,0,195.606246948242,89.4194760640462,26.0491303134789,236.106048583984,149.945183407177,129.150233097214,148.39047618748,97.2507217043922,142.686189001578,0,40.8850895378806,0,164.406255639118,124.617986951556,120.964653015137,176.628768920898,0,0,57.2021924165992,0,139.110746383667,168.823476155599,100.288867901783,0,173.494537353516,195.565483093262,133.614489780532,172.677574559262,138.479858398438,0,0,0,167.362066268921
108.699634552002,0,159.716975402832,108.204672495524,123.423760732015,7.53913230992391,14.3997579881134,108.926653862,18.9668777947605,96.1578941345215,110.694545088143,58.0809108643305,92.0318058677342,85.9137382507324,19.8152597231877,16.2954531961861,0,99.0638732910156,95.2895698547363,101.466345469157,104.506313323975,0,126.818458557129,180.243358612061,111.674857854843,86.2956466674805,125.878637949626,117.943858337402,121.008335494995,18.7022263252883,117.984966278076,0,10.1719808089946,0,28.6085273826515,0,0,0,119.151794433594,0,0,0,191.313975016276,190.134450276693,111.027656555176,211.777008056641,0,0,0,221.512092590332,0,0,0,0,0,0,0,0,0,163.323654174805,0,0,198.518432617188,170.333511352539,192.058654785156,197.123809814453,0,0,0,0
75.6318744659424,145.082397460938,132.121526241302,82.3443917855204,68.201790003941,14.3997579881134,9.62668897335317,62.9511548174279,21.3533764058735,78.2557007970889,30.9895751956565,70.5721557561089,32.1868615346265,123.569250788007,37.7027108956525,11.7089588583069,109.025311061314,149.149740600586,113.97993183136,111.596725637263,51.1079916311669,115.760200772967,98.1746239497744,129.20295511443,80.1076565211921,140.12287902832,150.321958347243,143.062789916992,67.379723669363,39.6878927488347,112.522729219709,227.337966918945,16.1833782590271,93.4169165834467,46.695223559504,164.100242165958,0,199.275014241536,105.97893172044,139.464885838826,0,164.600804567337,145.958479547501,168.377443949382,142.368919372559,155.032660369873,0,145.33650970459,0,173.522758608959,148.896118164062,165.187141418457,203.320693969727,0,144.445999145508,155.441715587269,196.232639312744,131.785232543945,180.935895284017,130.380508141439,0,0,186.482315063477,151.573935735793,182.353020163143,177.813391367594,0,0,0,180.446467081706
31.0110937002067,142.956954956055,94.8587376406076,65.9721679628357,63.2091690003872,108.926653862,62.9511548174279,12.0007661021918,59.8964029672754,64.0486909061498,20.2580002859001,141.622908115387,77.6147320270538,147.251605987549,43.1976787699273,73.8143080302647,94.3067713698296,120.029931374646,145.624496459961,138.745999504538,97.0801018608941,69.2705924241518,87.9265295836303,82.8124887180742,65.1660934207501,167.426549275716,122.562311901207,110.783109697245,32.4399811210898,51.3783756233579,17.8300100088974,161.495180130005,120.682655334473,69.1542829296257,81.4877893663735,147.696366446359,0,163.562584372128,82.7189820269321,124.67197587755,212.895263671875,148.877303653293,137.304369976066,155.104004269555,108.638409614563,143.913905686599,190.160491943359,135.905019124349,0,162.041212899344,204.598541259766,138.193368699816,187.271621704102,0,206.002868652344,146.656101226807,152.547520955404,117.587043762207,156.961991060697,122.849619783877,155.159332275391,181.97189839681,166.076366424561,134.014769676404,157.259389446628,152.629708914921,0,191.185562133789,148.89545694987,153.589199701945
68.1865791265781,151.534689585368,121.510021203703,83.785311281083,85.9125833442743,18.9668777947605,21.3533764058735,59.8964029672754,12.8558562914317,84.7331069946289,35.5063187411248,77.3320045177753,68.3835536925402,144.788600129901,15.9339699909552,32.4706655418348,122.967661612374,136.303303675865,139.24483537674,128.025184012748,82.9821984072526,107.098945658475,106.536876158281,114.892579455708,86.7817737752587,134.160794576009,145.173970297109,138.247948407671,73.5366684076407,29.9251725051765,85.3749618964584,166.336266653878,19.8655301603846,92.4901695251465,53.057170079449,168.213545227051,0,184.957236656776,105.206935428438,136.277783711751,209.597106933594,161.451364461658,150.968685751317,167.043025949383,126.994080679757,154.728238870809,215.670227050781,138.103248596191,0,172.178331472578,182.094441731771,182.276516723633,213.695291519165,0,217.112915039062,160.066495259603,186.404769897461,169.17640838623,182.824774605887,135.243806269572,0,201.225551605225,195.967973739382,152.866299725454,176.745343376608,163.773344251845,0,222.224380493164,177.519973754883,174.621595185379
59.2698110377535,68.9808469337992,108.922030151867,18.9680655503872,51.6874171932681,96.1578941345215,78.2557007970889,64.0486909061498,84.7331069946289,8.9756196090269,68.2959940025056,125.126972558363,13.0223159454238,112.751612359014,81.7706637669277,22.50203370397,42.5973151683807,117.29882077473,132.044892935917,128.782426834106,56.0376094431659,83.6426489586924,28.2925394852678,101.176365107706,26.3744883276231,98.0532379297392,120.36678787673,95.7469423137033,56.1002570273693,71.4565844530302,63.0227469982986,142.505170822144,117.10319519043,57.1823848535207,69.3258802498201,113.14120721817,105.433654785156,165.739213943481,45.2558032540714,86.1780827303967,0,110.028179841883,111.513372103373,125.279052225749,47.9969074498052,103.479101769718,0,82.2136376903903,109.800689697266,129.517463191863,79.9103444417318,0,216.402633666992,163.95231628418,0,91.3841131383722,186.038314819336,84.5177993774414,164.47085486518,61.1972611824473,119.110847473145,158.364086151123,146.499135971069,109.025105453119,147.064364115397,110.545167105539,0,0,0,149.092778523763
56.0422099502223,137.157943725586,107.069923416077,72.662709240986,30.3504844194565,110.694545088143,30.9895751956565,20.2580002859001,35.5063187411248,68.2959940025056,11.5445093601957,152.484493800572,26.3368491655021,159.699117660522,45.3264771527856,64.5220629985516,92.7815215852525,142.119162849758,236.417724609375,171.750317382813,16.5304670607171,81.9553381601969,91.5571889179509,98.3393940434311,62.0358364745064,0,139.649663264208,118.254959903943,35.6822943498675,83.2865198962879,74.7721507517497,0,117.280056602076,79.0446184848217,81.3838245515232,165.809452056885,0,185.819753374372,105.584387803689,127.656895987049,0,153.567581059383,136.530311978053,158.697050848673,107.115910616788,148.780192758845,214.56746673584,133.693335412254,0,162.548202514648,146.628701210022,123.317758178711,205.66276550293,207.263442993164,0,142.947205645483,0,121.98942565918,164.807648552789,111.494587016195,0,180.450187683105,186.927715301514,144.290003632054,177.012362786059,169.642115275065,0,203.865188598633,0,172.372202997622
136.590334574382,67.5118534176849,93.4162431335449,73.3367961448959,0,58.0809108643305,70.5721557561089,141.622908115387,77.3320045177753,125.126972558363,152.484493800572,12.1314230671678,131.598860740662,22.9797761602322,83.0782201122679,80.5220699310303,119.041907174247,45.0253687214738,23.472242840514,26.1887357909035,126.268608093262,103.206515700729,93.4283764648438,89.7618788677713,158.387218309485,28.2518575467832,29.2094620121887,63.0275752960689,145.633528573172,58.0754400281345,122.477472706845,32.4814104456609,56.2360536237306,110.432251930237,25.8176264868312,0,115.455671310425,136.010267084295,120.608546829224,0,0,0,0,202.604675292969,0,0,89.9870820045471,0,71.9438261083654,208.415855407715,0,132.726654052734,138.196333312988,95.3110037909614,109.394278003323,0,170.069892883301,0,184.114730834961,194.191841125488,55.9666590009417,100.624694135112,106.172966111966,0,121.293762207031,203.972946166992,102.547561645508,0,0,119.918394470215
105.514358520508,94.3780242919922,172.442979079026,74.6969619957176,27.3405250978348,92.0318058677342,32.1868615346265,77.6147320270538,68.3835536925402,13.0223159454238,26.3368491655021,131.598860740662,10.0094956270667,164.152378082275,87.353294991778,13.6889245830953,126.949653625488,159.086985270182,0,166.202629089355,14.2227129010601,150.915252685547,72.9643216626397,157.142044067383,24.5105680459058,119.283507210868,153.009854125977,117.687461344401,46.5092393218494,90.166505358296,115.75074089898,0,101.944000807675,87.724619547526,89.940860748291,0,0,0,80.4722254616874,58.2827773580746,216.853881835938,139.970309448242,139.650264539217,148.049858093262,58.9630253071688,132.829761133785,0,56.2201298533416,0,173.609811782837,88.9088376363118,0,0,0,0,114.082796641759,0,0,0,91.4878332349989,0,0,186.979866027832,145.048332214355,174.402145385742,0,0,0,139.204406738281,178.445327758789
140.268377130682,47.5636304033351,82.9096936567114,57.5031369527181,0,85.9137382507324,123.569250788007,147.251605987549,144.788600129901,112.751612359014,159.699117660522,22.9797761602322,164.152378082275,7.19849622789597,145.945731435503,143.31018447876,114.970676422119,78.5016695284376,40.5451887406324,59.4695077130175,180.270126342773,134.932135264079,80.3258118013135,107.968172073364,131.914721662348,16.0966958798968,31.6697210583292,22.8791751055249,152.73423131307,101.338333298178,138.604916381836,12.144223681233,80.4448631482247,154.299354553223,51.7949620546754,152.357070922852,87.3649210929871,141.459626515706,55.1659670582524,0,0,0,195.457168579102,179.180404663086,134.06852722168,206.441482543945,69.5796544600506,0,61.7672864531053,139.272857666016,0,144.996292114258,115.526887257894,81.1496565998464,90.007101014603,0,0,116.491853713989,153.14459821913,174.080497741699,44.7769212515111,84.2770496644585,81.840370841218,228.324096679688,122.60717010498,168.00053024292,80.4259761571884,125.778190612793,0,105.201427010929
18.1845576610101,155.596801757812,111.470036010821,85.984222777277,93.9335925809799,19.8152597231877,37.7027108956525,43.1976787699273,15.9339699909552,81.7706637669277,45.3264771527856,83.0782201122679,87.353294991778,145.945731435503,9.64399216825108,55.8777196277272,140.60334802443,116.472860324709,120.880873786079,128.955177752771,89.3396938837702,91.9319041448695,107.783531188965,102.15421801529,94.0503022891039,126.121663411458,130.004282578402,136.075241125784,86.6574970910988,16.8311794123525,56.6936799288995,168.79168250344,20.623576587469,31.2600903826465,48.6504954820299,156.307465953212,146.216690063477,173.579662322998,98.2344711487552,162.527594430106,0,177.729965591431,153.669347763062,175.894543984779,117.812572337963,167.733781074075,0,173.548307800293,192.831153869629,178.727303968157,176.807601928711,159.035406930106,196.150382995605,0,0,170.456365966797,143.335624694824,139.363850911458,182.587744841705,143.540556157222,0,202.450509389242,180.501907463361,149.219258483491,170.913795117979,160.678263783455,0,0,150.187339782715,179.648332483628
80.2591781616211,99.8875894257517,138.610679626465,76.1460753849575,64.0791767318814,16.2954531961861,11.7089588583069,73.8143080302647,32.4706655418348,22.50203370397,64.5220629985516,80.5220699310303,13.6889245830953,143.31018447876,55.8777196277272,7.9156234449379,65.6390327453613,146.551376342773,180.72900390625,156.181518554688,46.3819278169073,124.876560211182,66.2267660044007,131.901077270508,43.6196167270667,132.576296170553,149.324518286664,120.751977935551,73.2976760633064,47.1244527089227,89.8417010837131,0,41.405165729238,107.750255584717,52.2870546976725,0,0,0,81.9756332397461,90.8749368840998,0,139.421001434326,141.209091186523,182.651885986328,58.9340905409593,148.929262542725,0,70.6335357666016,0,165.44376373291,71.6117057800293,106.103500366211,167.321212768555,0,0,117.483520507812,0,0,0,122.299426714579,0,202.968322753906,0,138.732047080994,136.321166992188,0,0,0,0,0
114.564660072327,64.4530554877387,86.9859148661296,38.9978576749516,88.3426370620728,0,109.025311061314,94.3067713698296,122.967661612374,42.5973151683807,92.7815215852525,119.041907174247,126.949653625488,114.970676422119,140.60334802443,65.6390327453613,13.5234244489514,104.327176084223,129.018264770508,120.222560384999,0,20.3443433033586,29.2879646006443,24.3524631003983,38.8220145861848,118.817892074585,112.237752914429,26.0726732013683,46.4101178671593,118.207357618544,83.8038124508328,134.420794169108,0,86.9609151567732,78.9944122031883,220.827728271484,93.8695487976074,119.027896144934,60.9614041175371,215.558929443359,0,186.377629597982,152.02927838839,166.629862467448,94.8499946594238,173.432693481445,174.466079711914,0,0,176.91001020159,0,97.0620128341586,148.606980895996,0,169.004302978516,0,112.96095161438,59.5123889559791,100.099321115836,112.927615404129,0,148.641899108887,110.974033450606,131.634176853725,136.824492136637,117.774340029116,0,0,136.638828277588,110.66722547091
89.5928930119821,53.7323122873356,43.5406378811257,60.7445783978802,141.224105834961,99.0638732910156,149.149740600586,120.029931374646,136.303303675865,117.29882077473,142.119162849758,45.0253687214738,159.086985270182,78.5016695284376,116.472860324709,146.551376342773,104.327176084223,8.83375374801854,48.2035095546023,25.5216835238966,163.627532958984,67.4901243453204,82.3668082025316,27.4862132652537,130.729414025132,57.5919162829717,37.0220628362273,65.3439438445825,123.679851624125,94.3798222060056,77.8147091594574,79.9580029078892,85.1955509185791,79.6385397417792,34.9768122521638,171.615835016424,86.6035308837891,105.811567604542,88.0073453812372,0,0,207.032892862956,169.617893419768,189.716590372721,144.296356201172,183.300971984863,128.922058105469,0,125.332083384196,187.204129536947,0,139.801959493886,115.806894589094,135.812009175618,136.998808019301,0,157.051734924316,119.950127011254,123.544682820638,165.772379788485,85.183349609375,109.535397193801,103.959916115678,161.531193003935,166.46907043457,166.828622817993,146.267440795898,0,144.449295043945,117.246406160552
128.379030863444,68.3294574596264,92.9734152687921,66.5194202920665,0,95.2895698547363,113.97993183136,145.624496459961,139.24483537674,132.044892935917,236.417724609375,23.472242840514,0,40.5451887406324,120.880873786079,180.72900390625,129.018264770508,48.2035095546023,7.57859287448454,17.4155957886628,0,116.666892418495,102.7394323349,105.087326322283,152.320541381836,40.9878849453396,25.3261785980638,56.8912088814428,144.616136169434,104.880069255829,123.584666781955,52.9313293543729,87.1427879333496,115.352827072144,61.2209654108683,0,113.562381744385,136.16170501709,64.7230739593506,0,0,208.423736572266,233.202529907227,0,0,0,100.275182723999,0,115.441571553548,205.479347229004,0,157.653579711914,143.812024434408,103.606082492405,105.084431584676,0,0,162.155807495117,167.407440185547,0,69.1212554439422,102.005896865344,102.949814724057,208.80290222168,164.093195597331,161.140045166016,103.485359191895,0,0,119.363504727681
118.800953376584,57.1522015872067,72.5457425652978,79.8706152272779,180.238647460938,101.466345469157,111.596725637263,138.745999504538,128.025184012748,128.782426834106,171.750317382813,26.1887357909035,166.202629089355,59.4695077130175,128.955177752771,156.181518554688,120.222560384999,25.5216835238966,17.4155957886628,10.3920927315642,189.995628356934,102.005843801813,96.4047866920372,80.5439994995853,146.154422548082,47.6384659519902,32.5852556223052,64.5971220552647,136.920511154901,99.4218951505773,106.332515915828,68.2756412946261,85.4931811457095,94.3876776308627,41.188544906532,179.985733032227,110.565674521706,123.548189544678,101.782816251119,0,0,0,196.673789978027,186.144657679967,181.572428385417,219.83723449707,136.540621757507,0,121.810581207275,188.081728848544,0,168.546480814616,121.974910785626,117.777537027995,109.950162455983,0,173.444221496582,123.224708557129,136.040406121148,194.364267985026,94.8850326538086,104.118448263783,105.199549935878,159.75341796875,172.880686442057,154.26831817627,142.190625,0,0,119.12955407929
85.0321337381999,134.345611572266,170.122374534607,81.5447455958316,10.2431622745605,104.506313323975,51.1079916311669,97.0801018608941,82.9821984072526,56.0376094431659,16.5304670607171,126.268608093262,14.2227129010601,180.270126342773,89.3396938837702,46.3819278169073,0,163.627532958984,0,189.995628356934,8.14967586316642,204.301628112793,93.3530502319336,138.471771240234,29.5033871199237,0,208.928939819336,150.560952322824,27.0524209599603,92.6093593459945,129.196849822998,0,115.452433994838,84.6034164428711,84.5489711975783,146.846393585205,0,0,119.196358574761,22.2626665443044,0,156.198587832244,148.485696456012,156.253990650177,100.086448669434,150.42287211813,0,22.2067059422984,0,160.411783854167,104.043319702148,167.032073974609,0,0,0,20.7010355114937,0,118.373668670654,0,101.327005465414,0,0,199.870162963867,137.180296358855,178.665178571429,0,0,0,0,193.197189331055
71.258176746177,90.7168731689453,64.9584676577594,67.0813396283368,58.408447265625,0,115.760200772967,69.2705924241518,107.098945658475,83.6426489586924,81.9553381601969,103.206515700729,150.915252685547,134.932135264079,91.9319041448695,124.876560211182,20.3443433033586,67.4901243453204,116.666892418495,102.005843801813,204.301628112793,12.2590980618168,51.8783273628487,29.0789197313107,50.6383035705742,124.289558410645,97.5969328543719,79.2948843688813,29.1896587145195,69.8442759459359,27.9017523255223,138.150993347168,169.472915649414,56.8985267960748,43.327114335222,132.687943557213,0,131.950482087977,81.2405000329018,186.50602722168,0,148.358245849609,140.222897906636,185.155584161932,133.55039469401,178.601506551107,165.749725341797,0,0,154.170022074382,0,112.841771125793,155.022333780924,0,172.424884033203,0,122.297059704009,110.384143284389,126.119747746098,124.673705951588,0,171.463050842285,143.584632510231,130.362188075139,134.695231301444,123.309803267657,0,0,111.524933624268,118.948826673554
90.3034047665803,16.2618635783472,58.2800549216892,32.4190448437174,69.9165419851031,126.818458557129,98.1746239497744,87.9265295836303,106.536876158281,28.2925394852678,91.5571889179509,93.4283764648438,72.9643216626397,80.3258118013135,107.783531188965,66.2267660044007,29.2879646006443,82.3668082025316,102.7394323349,96.4047866920372,93.3530502319336,51.8783273628487,8.94522601927062,53.5034452873471,36.4631773994185,61.5476322855268,90.5394936316523,34.6340415894201,59.2888888719171,98.1725540161133,62.7795073369701,103.190782026811,0,65.3501968383789,66.2637447107618,133.258097330729,0,119.915755699421,32.9210391150581,0,0,146.427536010742,129.002522468567,179.406845092773,163.640553792318,158.34635925293,0,142.458019256592,0,187.064643859863,216.630081176758,55.1241274568223,134.718330383301,125.466659545898,161.531097412109,132.566528320312,66.9978327543839,17.2013380554285,72.9286588707749,96.8146892894398,103.986527442932,130.584816427792,113.196504116058,120.818202972412,128.8988410102,106.25967317469,125.603004455566,0,0,118.446625232697
80.9216151578545,70.948750672517,36.1054931805304,55.1195341005679,122.177185058594,180.243358612061,129.20295511443,82.8124887180742,114.892579455708,101.176365107706,98.3393940434311,89.7618788677713,157.142044067383,107.968172073364,102.15421801529,131.901077270508,24.3524631003983,27.4862132652537,105.087326322283,80.5439994995853,138.471771240234,29.0789197313107,53.5034452873471,17.2981937160885,79.8279315468304,90.1221656799316,60.0918647966259,45.7315052548766,59.0585661590772,90.6747573960212,52.2318547629196,106.759994506836,134.823694402521,69.4929162494207,44.2450472243761,164.201284508956,153.468168258667,102.296747644613,81.5299018894861,183.581436157227,0,195.188006446475,156.700880235241,186.300548866147,150.329437255859,192.510291205512,171.433073043823,0,159.440490722656,173.667523701986,166.545135498047,104.635616143912,138.486061504909,194.029373168945,152.990952173869,0,122.187857106954,71.8128193996682,108.663529010606,152.183599536339,199.385833740234,141.766390936715,108.461114915564,147.256255409934,157.439302797671,138.4058141557,0,0,134.831797281901,122.599941591673
77.8549857957022,81.3088878359113,114.931571146076,47.0440013941158,21.0257161513376,111.674857854843,80.1076565211921,65.1660934207501,86.7817737752587,26.3744883276231,62.0358364745064,158.387218309485,24.5105680459058,131.914721662348,94.0503022891039,43.6196167270667,38.8220145861848,130.729414025132,152.320541381836,146.154422548082,29.5033871199237,50.6383035705742,36.4631773994185,79.8279315468304,13.0683300470153,110.23906878571,135.634776731397,87.891425370989,21.4000252126267,86.214563325793,78.5967495564425,162.964279174805,137.160344986689,75.2747323443781,85.3517459826796,130.170196757597,111.362411499023,163.947705630598,67.0570879218787,98.9377611324351,191.561874389648,138.433566279305,122.460576553113,141.21100487165,75.019211556414,125.058637387962,0,113.274940071525,0,146.880805380991,140.184909820557,111.999510473135,179.720687866211,246.567749023438,0,116.664513072748,136.246468680246,112.078570324442,144.843971619239,95.9050082427917,149.547620137533,199.901328346946,163.15600654339,121.330726545399,146.589262250969,129.669535168147,0,191.908264160156,126.928884506226,148.730582201922
112.981246948242,17.494903227029,72.2143173217773,34.6853131686461,155.798294067383,86.2956466674805,140.12287902832,167.426549275716,134.160794576009,98.0532379297392,0,28.2518575467832,119.283507210868,16.0966958798968,126.121663411458,132.576296170553,118.817892074585,57.5919162829717,40.9878849453396,47.6384659519902,0,124.289558410645,61.5476322855268,90.1221656799316,110.23906878571,7.46830314000005,38.5792614304574,13.0664047252501,0,87.0771546363831,128.91162109375,39.4082921065536,98.3117027282715,119.247592926025,49.1865734100342,138.094111124674,70.1630760192871,96.2133445739746,21.3083625308105,0,0,0,197.873428344727,143.351387023926,133.963178634644,0,56.5309518178304,0,50.7361146891775,115.401107788086,0,121.166328430176,92.9094647494229,71.9894859130124,75.1188460919036,0,162.266677856445,109.290414428711,122.768037414551,160.15803527832,30.4098504886908,68.2401463076365,66.9729701681922,210.10546875,168.405385335286,152.775588989258,69.198699315389,124.576019287109,179.498291015625,88.9233513726128
105.104862488564,55.2148963182822,32.8159157326608,65.9706433933214,148.585489908854,125.878637949626,150.321958347243,122.562311901207,145.173970297109,120.36678787673,139.649663264208,29.2094620121887,153.009854125977,31.6697210583292,130.004282578402,149.324518286664,112.237752914429,37.0220628362273,25.3261785980638,32.5852556223052,208.928939819336,97.5969328543719,90.5394936316523,60.0918647966259,135.634776731397,38.5792614304574,16.330722848038,41.0477060530313,128.206949325269,113.925304925399,103.062116379968,30.3992168948896,117.936881655738,108.18905040196,67.1360527695515,173.431189219157,97.936857256973,108.337582685585,78.1872516832854,192.484817504883,0,211.343603515625,185.716578628078,190.248825345721,165.311413574219,220.551620483398,108.217300851004,0,108.926440689915,189.775008114901,207.930068969727,142.031239271164,111.276050117927,103.219776289804,101.99419511103,0,164.38929279034,122.139934945614,138.542863170917,178.061793645223,69.360317164454,98.183406438583,98.3691268512074,188.818806648254,170.551670837402,160.915361551138,129.246641431536,147.011402130127,0,113.075661834405
117.524810574579,24.4963448345729,37.9574589170744,39.764693769758,121.853651780349,117.943858337402,143.062789916992,110.783109697245,138.247948407671,95.7469423137033,118.254959903943,63.0275752960689,117.687461344401,22.8791751055249,136.075241125784,120.751977935551,26.0726732013683,65.3439438445825,56.8912088814428,64.5971220552647,150.560952322824,79.2948843688813,34.6340415894201,45.7315052548766,87.891425370989,13.0664047252501,41.0477060530313,14.3439814791819,83.8061209840016,125.324919194126,110.008249935881,27.6467101137339,120.166518529256,117.091792624337,67.1672957548572,161.108392959986,72.0586632815274,96.2669364222165,71.4659887867057,154.123875935872,0,189.995029650236,159.657537672255,183.066125221623,159.005172220866,195.786200783469,116.026534662014,0,108.097649826542,168.170764295361,227.615097045898,113.674578818008,105.934013027218,97.7118654251099,94.2875603845109,172.160522460938,127.095065463673,89.3388253556921,107.901575846844,152.654545887862,71.0134344349737,92.1498069009442,90.80932780837,164.039293784795,162.361944345328,149.80428345477,116.184910860929,131.08757019043,120.087646484375,106.801465377067
74.4368045218957,116.57801472057,85.2945311721345,59.5159930212539,20.3923361443805,121.008335494995,67.379723669363,32.4399811210898,73.5366684076407,56.1002570273693,35.6822943498675,145.633528573172,46.5092393218494,152.73423131307,86.6574970910988,73.2976760633064,46.4101178671593,123.679851624125,144.616136169434,136.920511154901,27.0524209599603,29.1896587145195,59.2888888719171,59.0585661590772,21.4000252126267,0,128.206949325269,83.8061209840016,11.6660515335482,83.1882038821088,39.9928944596829,163.376976013184,132.410219088468,65.8246282648157,67.6224902042685,130.605532482417,0,158.050648570061,74.7718211973729,70.2071942313989,206.81559753418,146.401731830754,127.519885935682,150.80438205381,97.0268623295115,144.714107864716,202.155029296875,115.059891658359,213.07773844401,151.234686649811,150.896155039469,117.830957438151,176.636562771267,219.690521240234,209.245346069336,140.077905103895,139.20313792326,141.618889186693,144.131463727084,84.0945280873451,169.294891357422,200.079235839844,160.097919543036,126.472101438905,146.233513528174,128.55723797735,191.520126342773,207.6083984375,126.120195890728,147.273396492004
18.3311932907903,145.188766479492,112.306311504261,74.887618423487,94.9252903807397,18.7022263252883,39.6878927488347,51.3783756233579,29.9251725051765,71.4565844530302,83.2865198962879,58.0754400281345,90.166505358296,101.338333298178,16.8311794123525,47.1244527089227,118.207357618544,94.3798222060056,104.880069255829,99.4218951505773,92.6093593459945,69.8442759459359,98.1725540161133,90.6747573960212,86.214563325793,87.0771546363831,113.925304925399,125.324919194126,83.1882038821088,9.89569392587247,24.7144228538211,145.809776851109,10.4235063454155,16.0444058053251,29.6520221450932,141.924528187719,0,163.851042026427,89.2711201255203,131.251695760091,208.795440673828,179.08588663737,145.064458825122,174.269698757595,96.4081253841006,171.495510204418,0,135.688152313232,241.133483886719,163.05521440506,189.646614074707,128.119902801514,171.175057983398,0,195.005100250244,203.646793365479,145.269521077474,154.684106826782,172.78041712443,136.783618568715,0,184.659206683819,167.785373950827,141.27864015431,152.833792759822,141.321101972792,0,0,151.606240844727,153.544765048557
32.2415980089038,99.2708404541016,78.8852447727681,64.9782155888193,97.1403342026931,117.984966278076,112.522729219709,17.8300100088974,85.3749618964584,63.0227469982986,74.7721507517497,122.477472706845,115.75074089898,138.604916381836,56.6936799288995,89.8417010837131,83.8038124508328,77.8147091594574,123.584666781955,106.332515915828,129.196849822998,27.9017523255223,62.7795073369701,52.2318547629196,78.5967495564425,128.91162109375,103.062116379968,110.008249935881,39.9928944596829,24.7144228538211,12.0231088475723,159.354730779474,145.879931979709,40.7172812805176,37.5759491546416,135.457088666084,0,144.647913239219,80.9531000007703,145.42490641276,0,164.328606160482,135.775134355594,164.427293999251,76.0165753173828,159.15367465549,202.849945068359,0,0,157.190527792538,0,109.430519104004,179.391543579102,0,194.680338541667,199.130737304688,131.707539292633,130.788024902344,146.424211300121,126.088991925433,0,187.085741315569,149.728219168527,131.279306573061,142.261815889614,128.33687865812,0,0,120.818270728702,135.149994757868
141.701171875,64.7208187103272,89.0854439673486,90.8173332214355,0,0,227.337966918945,161.495180130005,166.336266653878,142.505170822144,0,32.4814104456609,0,12.144223681233,168.79168250344,0,134.420794169108,79.9580029078892,52.9313293543729,68.2756412946261,0,138.150993347168,103.190782026811,106.759994506836,162.964279174805,39.4082921065536,30.3992168948896,27.6467101137339,163.376976013184,145.809776851109,159.354730779474,5.34970117163006,101.475043296814,0,75.2218423809922,233.194183349609,142.567151387533,140.574882507324,81.8139953613281,0,0,0,0,0,0,0,87.1549835205078,0,87.5078948974609,0,0,0,175.496154785156,103.623538425991,108.864929199219,0,0,147.434326171875,0,166.585968017578,66.8373703956604,106.956038254958,111.36158152989,0,0,213.361114501953,101.842170715332,145.30012512207,0,135.315935134888
93.2461878458659,0,168.145641326904,126.64842376709,129.759624481201,10.1719808089946,16.1833782590271,120.682655334473,19.8655301603846,117.10319519043,117.280056602076,56.2360536237306,101.944000807675,80.4448631482247,20.623576587469,41.405165729238,0,85.1955509185791,87.1427879333496,85.4931811457095,115.452433994838,169.472915649414,0,134.823694402521,137.160344986689,98.3117027282715,117.936881655738,120.166518529256,132.410219088468,10.4235063454155,145.879931979709,101.475043296814,5.31217085846672,177.14680480957,35.7921229471702,171.695587158203,0,0,133.153175354004,209.030151367188,0,214.872314453125,188.275685628255,205.535403442383,0,197.039306640625,0,0,0,207.299949645996,0,0,134.104949951172,0,0,0,0,0,138.880935668945,180.382496883995,0,0,114.681709289551,185.106335231236,219.75276184082,203.853561401367,0,0,0,217.408248901367
38.0947499829669,163.479370117188,108.328879744918,57.849832810296,83.4330605400933,0,93.4169165834467,69.1542829296257,92.4901695251465,57.1823848535207,79.0446184848217,110.432251930237,87.724619547526,154.299354553223,31.2600903826465,107.750255584717,86.9609151567732,79.6385397417792,115.352827072144,94.3876776308627,84.6034164428711,56.8985267960748,65.3501968383789,69.4929162494207,75.2747323443781,119.247592926025,108.18905040196,117.091792624337,65.8246282648157,16.0444058053251,40.7172812805176,0,177.14680480957,8.52562796692558,17.1863696411152,127.527394746479,0,157.129681178502,70.6865121249495,141.494288126628,0,159.62829284668,137.835166778564,158.598913019354,74.852778116862,167.21768951416,0,0,0,146.335686316857,0,104.40572865804,184.74446105957,0,0,0,154.55248260498,85.8111343383789,145.066200256348,118.352677590506,0,183.371966044108,190.104214477539,124.520513262068,127.330526351929,124.236570570204,0,0,139.666000366211,124.672688293457
68.9574053338233,60.6937328338623,64.6748742960361,63.5691767810436,88.5725432133329,28.6085273826515,46.695223559504,81.4877893663735,53.057170079449,69.3258802498201,81.3838245515232,25.8176264868312,89.940860748291,51.7949620546754,48.6504954820299,52.2870546976725,78.9944122031883,34.9768122521638,61.2209654108683,41.188544906532,84.5489711975783,43.327114335222,66.2637447107618,44.2450472243761,85.3517459826796,49.1865734100342,67.1360527695515,67.1672957548572,67.6224902042685,29.6520221450932,37.5759491546416,75.2218423809922,35.7921229471702,17.1863696411152,10.9031762188053,135.480502495399,110.580558776855,109.032339526761,76.1737387520926,122.817108154297,0,167.374404907227,146.629529534317,168.140902927944,87.9064136505127,163.550476074219,157.268269856771,0,125.535860061646,166.389068834709,0,118.153428268433,121.895961962248,129.270095825195,118.576332092285,209.963836669922,139.347265309301,121.459797117445,125.735845095151,131.905648464627,90.012269337972,109.503434417445,109.815110118354,134.800273300311,154.786814662388,130.107158842541,0,190.469955444336,120.916465759277,125.237946472168
123.667035189542,0,170.795633850098,83.4133127274052,146.142702102661,0,164.100242165958,147.696366446359,168.213545227051,113.14120721817,165.809452056885,0,0,152.357070922852,156.307465953212,0,220.827728271484,171.615835016424,0,179.985733032227,146.846393585205,132.687943557213,133.258097330729,164.201284508956,130.170196757597,138.094111124674,173.431189219157,161.108392959986,130.605532482417,141.924528187719,135.457088666084,233.194183349609,171.695587158203,127.527394746479,135.480502495399,11.3247376221163,103.67631149292,104.281476001082,62.8981935331137,81.896311990146,104.319529215495,76.2853171079213,35.3500946985761,37.8081809215791,67.1586484069824,75.1583703395174,108.457789900291,86.1191614786784,136.48662349156,17.9221143289782,99.9657964706421,86.9268387303208,99.6023971746256,123.620312160916,107.821794903468,84.5342300915327,75.0636761199807,70.8586082692527,87.1904880742359,69.7923087497686,128.499862670898,111.13723427494,117.030823464629,74.0716036156655,15.6302848420716,31.6633550894314,140.322496414185,106.946465492249,29.9534147580465,58.9592893175457
0,54.1797336578369,83.7371204376221,91.6400890350342,0,0,0,0,0,105.433654785156,0,115.455671310425,0,87.3649210929871,146.216690063477,0,93.8695487976074,86.6035308837891,113.562381744385,110.565674521706,0,0,0,153.468168258667,111.362411499023,70.1630760192871,97.936857256973,72.0586632815274,0,0,0,142.567151387533,0,0,110.580558776855,103.67631149292,8.26025662807759,48.4473213041672,12.5701143711479,109.918029785156,0,124.79341506958,104.26330044395,141.597003936768,58.0543069212345,0,70.0254208108653,201.860214233398,56.7541828070872,135.166767120361,97.5385502406529,54.9164679199457,59.9031086268387,78.8972186212954,71.2122871111024,113.809211730957,107.220153808594,16.1887381850141,68.2172435919444,65.6846438965511,28.2684361810897,52.9819191221757,33.0634393649284,113.263522033691,116.635533905029,104.076288369986,74.9753778631037,138.887168884277,0,64.722827911377
148.958190070258,75.8561497738487,96.9045424719858,73.7045383453369,195.606246948242,0,199.275014241536,163.562584372128,184.957236656776,165.739213943481,185.819753374372,136.010267084295,0,141.459626515706,173.579662322998,0,119.027896144934,105.811567604542,136.16170501709,123.548189544678,0,131.950482087977,119.915755699421,102.296747644613,163.947705630598,96.2133445739746,108.337582685585,96.2669364222165,158.050648570061,163.851042026427,144.647913239219,140.574882507324,0,157.129681178502,109.032339526761,104.281476001082,48.4473213041672,11.3001660097621,52.6349193625254,145.682197570801,176.728511810303,127.512484100474,87.8159506689418,113.516976991368,116.130346859203,119.256861500926,114.35260288532,164.155680338542,114.68966620309,105.78889975533,124.095664433071,84.3371488783095,41.755970843394,102.646076626248,81.7015499728067,160.46063486735,59.1916664924198,46.62063328025,30.3999121722737,111.831362667463,47.7882919311523,24.5643095709103,31.2330099410287,75.1503272059109,125.132531037202,67.2203908387266,102.354189191546,152.336082458496,78.618558883667,63.2166163031021
