10.6307022012037,101.904167175293,97.6459785353969,66.8802584511893,82.0327309828538,0,92.2595456441243,32.0713207925777,72.9165142765752,65.695636611387,61.3260785903931,136.717147378361,113.635372161865,142.643096923828,24.3844982401006,0,123.382024129232,96.8664628846305,139.483349270291,120.936314250148,92.8648796081543,79.9342009518125,101.219800313314,90.3964533034724,86.9159430992313,135.450149536133,110.171805530337,128.505929347447,82.67566684141,20.1725269868832,36.7587338448557,172.773173014323,92.4359130859375,41.5583426080099,51.2083679026803,137.718460083008,0,161.404663085938,78.9304439463514,0,0,169.633967081706,143.63033803304,165.820733206613,96.1324831644694,167.707805633545,195.612380981445,0,0,166.927057902018,161.515296936035,124.03768157959,0,0,178.479629516602,159.305587768555,151.173553466797,175.113510131836,180.941228866577,128.243208062159,0,190.84792582194,164.900085449219,138.070398243991,163.592776707241,142.636215209961,0,0,153.732971191406,178.068004063198
101.904167175293,6.86613313228623,49.6584148406982,16.5104972531416,114.93998336792,127.565559387207,122.622484842936,137.082528114319,141.166619040749,70.6405805305198,119.644142150879,66.9607609182164,100.74536980523,52.5777310578115,142.541595458984,101.796031494141,58.8266905707282,47.1049297620665,71.2880910508176,55.5641919649564,118.257466634115,104.033735656738,18.0834276213162,73.7737609863281,79.6905865439449,20.3656922630043,54.8278626814121,28.2134926998667,104.62325668335,138.731653213501,105.565960884094,70.5375831921895,100.195327758789,92.3844909667969,65.4092237426013,0,0,119.445388793945,34.7304525375366,0,0,0,123.930564880371,146.985275268555,0,0,0,0,99.6027596791585,0,0,125.893188476562,94.2988189697266,101.132255554199,80.2862599690755,0,135.37353515625,83.8631439208984,0,173.002965291341,69.7383062189276,86.0976088674445,80.0769839505537,190.819610595703,0,0,0,0,0,94.1934943199158
97.6459785353969,49.6584148406982,15.0214184903519,55.5393464949073,161.178062438965,158.358596801758,128.696435255628,102.048030108919,122.151635957679,126.069030877316,120.400954205732,95.1279379681843,184.83201272147,96.0558643341064,115.345656605217,135.445570373535,98.0839994506836,41.68862536733,86.1712160934637,69.2631667542853,195.493591308594,73.5933833253428,60.9658602133565,38.9643193990277,117.503924648684,81.4733266830444,36.7409011800303,39.4720987393531,101.885402011583,118.174783922468,84.4716778012492,99.3617661420037,171.941389196059,116.458309505297,72.8512114820809,167.362772058558,95.7279046002556,99.9637397815979,83.9224113464356,220.030151367188,0,207.167190551758,171.774486888539,188.458701625015,152.166889190674,195.06937789917,158.983544921875,0,133.805644226074,176.961865892597,0,130.861871702481,119.046400326734,152.183629353841,148.335091552734,229.340980529785,152.592605390047,128.000820028371,116.797960178693,170.7487174067,118.65465927124,116.343774957172,100.601104637848,179.330946803093,184.244149294767,158.153255161486,147.706611633301,147.1904296875,177.329528808594,109.474081847627
66.8802584511893,16.5104972531416,55.5393464949073,17.2347631376298,60.5981456637383,115.248051961263,85.5310391242351,66.2240656539109,85.1990323985512,30.0338550215612,77.2511410378121,74.1274520406183,82.8048487998344,54.2565372943878,87.7421305510164,69.0723450823528,41.4887260347722,62.7179417080349,81.8083932183006,75.1193758249283,78.381358555385,62.2176110721551,23.1203051106362,58.7798754006914,46.1364057560338,27.7738401126303,70.5608034780751,38.4356820656389,64.0206331319976,82.2079242123566,65.749100755924,79.7716933356391,135.107121394231,61.6681428557461,68.6081203200062,89.6938257217407,56.4552302360535,67.2934786115374,28.5347218990326,89.0655875735813,0,118.097693344642,87.7922986701683,110.630392034003,34.0053066646352,98.0341100692749,138.74333517892,130.213846206665,87.6557204506614,108.062794941228,80.8437728881836,56.7023427694233,96.1221021505503,72.0098724365234,104.748384793599,93.4494842529297,70.0889087090125,22.7408472738768,83.3490244894002,69.590443501242,43.7677054405212,96.8716024334511,68.851568343231,84.9425590478101,98.2922763181536,87.6702301129192,99.6168518066406,151.871627807617,90.2706098556519,84.1311074022977
82.0327309828538,114.93998336792,161.178062438965,60.5981456637383,10.2984526200108,0,64.9091616442604,59.6644419443976,83.9086064375364,46.9628123766416,22.9736529612509,179.856018066406,24.5766921232428,154.29736328125,100.041291957279,58.6620777483028,67.3113203048706,129.056896209717,196.554550170898,153.968551635742,10.5313514445375,142.397455851237,74.7209676545242,178.791389465332,20.0688599139958,126.215320587158,150.331607055664,131.467663800275,20.5431447054969,100.577978134155,104.250333786011,0,129.769213867187,94.6598777770996,95.7005784277822,178.88324991862,235.100296020508,221.052146911621,86.0506858825684,20.6012531042544,0,143.708665145071,138.934908757444,146.753251580631,97.7813408430233,144.957575684502,0,43.6523181210304,226.33332824707,153.129049821333,109.576616923014,0,220.190856933594,0,0,68.0564812800331,0,0,204.244987487793,108.651450693311,0,221.48836517334,187.534427218967,141.80222730238,182.004265679253,165.69932047526,0,0,0,188.300563812256
0,127.565559387207,158.358596801758,115.248051961263,0,6.52083736541799,9.51394434293111,96.8771667480469,13.5268768979612,56.7219295501709,120.355116526286,65.6054863307787,89.0723253885905,106.894477844238,24.8526824635008,13.851444424976,0,174.876037597656,94.7022476196289,0,106.048454284668,0,103.050595092773,120.930032730103,88.4733416239421,0,103.885620117188,125.757988823785,128.51887512207,22.8256260461406,141.645797729492,101.540946960449,13.4238123481152,0,21.0758983948651,0,0,0,0,193.471740722656,0,0,0,202.624176025391,0,208.149398803711,0,0,0,235.614608764648,0,0,0,0,0,0,0,0,132.553817749023,154.465240478516,0,0,0,0,0,0,0,0,0,0
92.2595456441243,122.622484842936,128.696435255628,85.5310391242351,64.9091616442604,9.51394434293111,10.0562931311048,66.9041397408669,20.6968040756275,71.0738148555577,30.9369910040345,78.7851108380943,29.8542260405392,101.982081031799,47.5170622793337,15.7381005149131,116.477098464966,159.401370104621,120.615177154541,136.469077148437,43.9893184378241,115.711935315813,109.712538677713,126.21626974407,76.4126250300513,126.73729095459,150.579343576142,142.964807883076,63.5733738544675,60.4804020941622,107.803912904527,147.961540222168,20.3478300056972,105.715909957886,76.4118471312356,174.487572224935,0,210.939862569173,115.791184997559,127.749592888434,0,159.229776364281,146.907789806019,161.442954505622,117.511521148682,154.480839375087,0,164.158253261021,0,177.760433918721,140.138125610352,166.813478469849,0,0,0,160.97210783117,182.629165649414,158.533958435059,187.218993292914,137.150630826083,0,218.301441192627,206.400164286296,152.070015421027,185.059717924699,163.683532714844,0,0,0,184.216363271077
32.0713207925777,137.082528114319,102.048030108919,66.2240656539109,59.6644419443976,96.8771667480469,66.9041397408669,13.2787109539421,63.2730136304664,65.615916907151,21.9352248621275,154.256734786495,76.3379828279669,164.542754229377,50.0708412985269,81.3741539001465,95.7774231586981,120.995538793185,157.924597347484,150.936782980865,119.507656606038,75.4830799742756,90.8169508604246,86.7228340534092,62.6514139073504,137.559733072917,129.924192851749,117.355449597502,39.6709949907993,72.6355020086444,23.6647535274433,165.716112409319,129.334699842665,84.1101261448216,88.6475040109578,148.553540039063,0,176.229771489682,96.508703692206,140.208263039589,0,150.766796405499,138.446002643292,154.198910091922,114.709306793213,143.486845580625,219.883783340454,184.338012695312,0,163.081650023765,166.885494232178,147.267515916091,183.82479095459,240.963180541992,217.147090911865,150.024843215942,171.895521375868,145.225998618386,160.741705189581,127.040083588781,0,211.174407958984,169.859777506992,137.044549646884,164.731950584033,152.910570608603,0,0,172.312625461155,165.803688201904
72.9165142765752,141.166619040749,122.151635957679,85.1990323985512,83.9086064375364,13.5268768979612,20.6968040756275,63.2730136304664,11.7957526257296,83.0724372653786,36.0870000724594,78.6032199993939,75.9471040102211,119.819889674111,17.5533984592183,47.5586067130057,113.800788243612,131.327226387526,116.400457162123,120.425580163904,83.260261399691,106.83781015214,116.562458190918,114.926830758259,87.3111246858124,130.472135543823,142.485334161985,146.705078164531,77.7604435243454,39.4390690163578,84.7689174115113,143.066775235263,23.7640091193518,91.8609216751591,56.8809038965326,160.732277552287,0,187.556110200428,112.725697081766,148.823307743779,245.216949462891,164.123006127097,154.955874752689,169.328427156374,135.694553744408,160.923569391909,226.128677368164,187.594519297282,216.854080200195,179.319374042782,163.69769178118,183.101991133256,206.421478271484,161.56005859375,134.88703918457,162.109583740234,174.708661760603,184.694519042969,185.35338766533,144.056931608467,153.190338134766,217.356139549842,194.019240061442,154.167497815877,182.822413173291,167.361035823822,0,220.235710144043,184.026252746582,188.726093585675
65.695636611387,70.6405805305198,126.069030877316,30.0338550215612,46.9628123766416,56.7219295501709,71.0738148555577,65.615916907151,83.0724372653786,8.33477884627815,66.2968155716585,135.134092013041,11.4461174330002,119.768497202131,83.9508661783929,21.6107647864545,48.5294696136757,123.027391400254,137.496690432231,133.179555087619,27.9916651944319,77.1662664191667,28.3263942777213,113.785734345641,24.2859503019085,100.387298124177,127.067315917969,99.0861151626625,58.9370208260779,79.8553663889567,65.2323601756515,137.620677601207,115.485709381104,62.5401913215374,87.7786148334372,101.288233757019,0,201.79471043178,32.824738740921,79.2319101333618,0,146.17702331543,113.267322649275,138.108966827393,32.3804101026975,125.890021270176,186.833526611328,104.362963540213,163.870513916016,150.872087097168,69.627613067627,143.685424804688,171.423377990723,184.599662780762,167.170837402344,109.252443012438,166.415245056152,57.4363441467285,158.078989664714,86.4497352435434,105.247444152832,173.773892489347,159.800586155483,111.859906094415,128.575753298673,92.4867037259615,0,0,0,159.374936785017
61.3260785903931,119.644142150879,120.400954205732,77.2511410378121,22.9736529612509,120.355116526286,30.9369910040345,21.9352248621275,36.0870000724594,66.2968155716585,13.4016315522789,162.115656026204,26.3170733801744,180.812210083008,40.7457432641172,71.1588355775863,105.389320373535,155.64813041687,186.572301228841,151.508924147662,19.5766451814369,100.09886698569,91.3213765862283,107.424903897816,62.3401194060027,159.961502075195,149.929909415867,127.777729368029,31.8017507342281,89.8529029929769,92.2480204025609,0,124.30401357015,87.0614472413674,87.9308501966509,173.046528209339,206.770680745443,189.714346078726,105.629193249871,118.659889744174,0,153.770302080128,143.936662720471,160.487706023138,111.271183634913,152.092104170057,0,154.284497833252,246.839614868164,170.201339006424,126.246649169922,169.164237976074,230.223968505859,0,181.388412475586,151.764563844011,172.898197174072,143.290618896484,176.308178100586,126.482855010769,0,199.857485453288,188.340459611681,148.534353264962,175.679074800931,180.30381640266,0,193.225529988607,168.047714233398,184.611241658529
136.717147378361,66.9607609182164,95.1279379681843,74.1274520406183,179.856018066406,65.6054863307787,78.7851108380943,154.256734786495,78.6032199993939,135.134092013041,162.115656026204,12.9778635583488,128.480351448059,23.8138752564374,77.416595806733,161.740656534831,130.370759010315,44.8641176013827,21.4551957797056,24.9285986438336,128.575359344482,107.778042965844,90.1111712287454,96.874996653143,150.602753448486,26.1717697563227,27.4580767824974,62.3389244140821,149.304847717285,70.8948932853905,114.067295532227,39.7483807438352,66.4265674752599,103.89974925829,24.7169273313123,219.473121643066,84.0432210649763,148.862640380859,78.6192700068156,222.536712646484,0,188.465698242188,196.303329467773,163.933822631836,209.464416503906,0,89.0126652187771,0,73.0362016471328,183.133712768555,0,202.509185791016,128.164808654785,93.7946984427316,103.525409910414,0,165.397171020508,117.704859924316,150.426672799247,193.993626912435,59.1589721627787,99.9869888768052,96.784311204121,212.766194661458,149.239265441895,176.133911132812,90.1113874912262,0,196.497116088867,102.831691265106
113.635372161865,100.74536980523,184.83201272147,82.8048487998344,24.5766921232428,89.0723253885905,29.8542260405392,76.3379828279669,75.9471040102211,11.4461174330002,26.3170733801744,128.480351448059,11.2731245032657,152.003187561035,93.8459101955907,16.7939095788112,81.3363265991211,173.196162223816,173.178833007812,153.889846801758,13.0388107465737,142.754547119141,70.7213457356329,165.661483071067,30.8703347879532,125.012140274048,156.893725308505,121.144264221191,45.9772548047097,103.741889514923,119.324746131897,0,108.034795617545,114.284420013428,98.6655158066168,0,0,0,47.7198905944824,48.330908618625,0,72.5042776285216,154.300661298964,109.450897932053,64.0121805402968,76.379390225266,181.951446533203,13.850978713873,164.715759277344,124.92452681692,75.8299969264439,0,0,0,0,19.5680611674588,0,225.709930419922,182.203857421875,105.67177929197,0,187.880218505859,212.083923339844,121.746899366379,119.173400878906,237.545028686523,0,0,0,171.779960632324
142.643096923828,52.5777310578115,96.0558643341064,54.2565372943878,154.29736328125,106.894477844238,101.982081031799,164.542754229377,119.819889674111,119.768497202131,180.812210083008,23.8138752564374,152.003187561035,8.69949020133814,105.737417856852,154.156005565937,133.13002166748,84.4336716788156,53.5024268919962,62.6030831513581,0,140.770922851562,82.4559253669647,125.075238661333,133.714488209905,16.8068858344308,32.5073348608493,27.5198781323675,163.863693237305,107.50960003246,143.447157541911,17.079606611422,88.2398860536773,0,53.5807592284005,0,88.067199019135,138.160474141439,72.8697826972375,213.826141357422,0,138.386123657227,198.510902404785,155.862696329753,150.90624332428,0,77.8317613781623,0,67.0718714759463,157.288325718471,0,153.086944580078,126.207959493001,85.7768585641044,94.4345117766282,0,0,115.547010248358,154.03394317627,177.283505121867,51.1175111192976,90.385052092023,84.1988469408395,219.885903930664,145.886964797974,193.539916992188,86.4708708093521,140.030380249023,136.395202636719,101.075196605618
24.3844982401006,142.541595458984,115.345656605217,87.7421305510164,100.041291957279,24.8526824635008,47.5170622793337,50.0708412985269,17.5533984592183,83.9508661783929,40.7457432641172,77.416595806733,93.8459101955907,105.737417856852,12.6002967171448,85.6198321533203,124.291554260254,118.316470980998,122.155993083525,120.367397637537,102.183357450697,99.3465788566816,122.713209375159,109.027173319672,98.6027721575837,122.914790562221,131.713135074802,142.263675209831,93.2184784086715,29.9658755005637,63.0869728657459,133.799407958984,20.1838630526743,61.5599915390015,50.0056463173423,158.173256024922,151.114562988281,185.350887889593,104.790986263391,171.852722531273,209.659103393555,175.286043959398,159.37931932049,175.34737996586,117.633754861766,168.341667961828,227.745861816406,174.056939019097,205.615417480469,179.193292728547,159.971323649089,162.920067977905,202.819905598958,231.330513000488,218.201599121094,169.301874796549,163.645881652832,164.808995564779,188.420031008513,147.327662084857,195.966232299805,204.272247314453,181.318871871285,155.513121606186,180.270192464193,165.847576649984,247.494079589844,229.386688232422,157.022328694661,178.962889171782
0,101.796031494141,135.445570373535,69.0723450823528,58.6620777483028,13.851444424976,15.7381005149131,81.3741539001465,47.5586067130057,21.6107647864545,71.1588355775863,161.740656534831,16.7939095788112,154.156005565937,85.6198321533203,7.49781795371737,145.912536621094,141.308380126953,162.980453491211,166.713106427874,42.287483859592,0,69.3952514392704,159.88525390625,43.018589594776,137.894091172652,150.06815826416,126.005243105309,75.2716431945335,87.6671655828303,106.680624389648,173.207939147949,47.1023251113071,103.322067260742,118.731868743896,0,0,0,47.2813992219813,95.3174542018345,0,154.884521484375,149.572200775146,114.466581344604,68.2203352791922,143.786455939798,0,88.0281433105469,0,0,59.4926261901855,0,0,0,0,112.833941141764,0,0,146.568786621094,100.912058049982,0,0,170.838340759277,140.39056930542,0,0,0,0,0,0
123.382024129232,58.8266905707282,98.0839994506836,41.4887260347722,67.3113203048706,0,116.477098464966,95.7774231586981,113.800788243612,48.5294696136757,105.389320373535,130.370759010315,81.3363265991211,133.13002166748,124.291554260254,145.912536621094,13.5153788414133,100.578557733904,125.38716506958,115.8697479793,114.272911071777,26.1390769210501,29.0711734816316,29.4050438316047,34.0589252587223,94.6806732177734,107.667959346328,27.9244147374919,52.2538690424095,111.152411756844,82.7330687966677,168.925735473633,0,113.718627929688,80.3796820687776,143.697606086731,95.246021270752,115.439823786418,70.1777809544614,143.562596638997,0,168.128818088108,147.288737062548,165.974565946139,113.06280670166,155.981952373798,0,174.86897277832,0,153.099769005409,0,98.0459980392456,154.262275695801,0,0,0,116.453310050964,68.9573869587463,103.668253123141,117.445238487393,0,163.56327395969,104.759750799561,128.111039936836,149.345582531345,128.446127837559,0,0,120.015647888184,120.3601447796
96.8664628846305,47.1049297620665,41.68862536733,62.7179417080349,129.056896209717,174.876037597656,159.401370104621,120.995538793185,131.327226387526,123.027391400254,155.64813041687,44.8641176013827,173.196162223816,84.4336716788156,118.316470980998,141.308380126953,100.578557733904,9.61733258236414,52.489522303346,20.2817490352327,178.426063537598,62.0141548219934,82.4654199899721,29.3638937542066,126.398397213945,47.2297347816261,36.1304019688553,64.6290570768676,126.520135887302,99.2652191746692,79.2073490288656,98.9373957316081,114.790088017782,88.407931382094,32.7193997073527,190.813243865967,84.3023996353149,107.493137164992,105.57688663624,0,0,0,177.06462097168,192.099381880327,140.325729370117,0,136.02219543457,0,125.340009901259,186.49472618103,0,143.67071090206,116.023367473057,131.805587768555,112.743974304199,0,166.770201789008,108.949146270752,136.01237005117,177.439197540283,108.513888041178,110.414588594697,105.737566794959,170.813242945178,187.984517415365,170.612250328064,0,0,192.933883666992,129.606557143362
139.483349270291,71.2880910508176,86.1712160934637,81.8083932183006,196.554550170898,94.7022476196289,120.615177154541,157.924597347484,116.400457162123,137.496690432231,186.572301228841,21.4551957797056,173.178833007812,53.5024268919962,122.155993083525,162.980453491211,125.38716506958,52.489522303346,7.64958515575876,16.8866229841902,0,124.165488060485,99.5635009273406,96.1856795750307,146.484363555908,43.3751073097696,29.4374603447439,63.056130317469,165.828443739149,105.47476344538,127.043702087402,55.3610062599182,97.9734833661248,123.775249481201,57.967318493387,0,107.756577385796,153.112635294596,82.8801676432292,0,0,159.490135192871,202.122329711914,210.085632324219,0,0,120.318572998047,0,108.205695412376,167.32991027832,0,187.787658691406,140.239306926727,102.939455132735,109.157827128535,0,0,0,163.953647613525,165.267501831055,73.1608808517456,107.994755313821,104.808997848554,203.709030151367,203.462280273438,202.762395222982,119.007788085938,161.739532470703,0,124.506210327148
120.936314250148,55.5641919649564,69.2631667542853,75.1193758249283,153.968551635742,0,136.469077148437,150.936782980865,120.425580163904,133.179555087619,151.508924147662,24.9285986438336,153.889846801758,62.6030831513581,120.367397637537,166.713106427874,115.8697479793,20.2817490352327,16.8866229841902,10.1085265005808,0,94.3966500905639,91.7119957467784,77.3234797041804,148.22411592545,41.8618898288063,32.2192975855471,64.0023731896372,147.011816286573,102.300216494925,106.976684628775,65.2719479494317,86.2492964817927,91.8951998679869,38.7884769349899,184.614440917969,109.001965742845,131.68595123291,104.265390777588,0,0,196.802734375,195.226539611816,243.666488647461,201.013412475586,0,119.071690368652,0,108.595345098322,168.229782104492,0,163.939331054688,123.759060723441,109.751033489521,111.476704915365,204.683029174805,164.82763671875,143.115290323893,155.288820539202,195.691896711077,73.2249606560017,104.554336924612,100.578055033608,212.839889526367,160.37712097168,159.561435699463,105.833498636882,0,0,113.227857918575
92.8648796081543,118.257466634115,195.493591308594,78.381358555385,10.5313514445375,106.048454284668,43.9893184378241,119.507656606038,83.260261399691,27.9916651944319,19.5766451814369,128.575359344482,13.0388107465737,0,102.183357450697,42.287483859592,114.272911071777,178.426063537598,0,0,9.27553616161237,156.834075927734,88.3359091622489,167.771705627441,28.4281462885493,0,197.135803222656,149.686117172241,28.7492676575666,104.964721338709,144.36577911377,0,124.106678771973,0,97.6016168033375,155.883152008057,0,0,96.7379315694173,17.6048707288928,0,166.134116432884,155.287276324104,157.098754882812,100.676714579264,151.68823517346,0,26.0644537342919,0,169.881912231445,121.444801330566,0,0,0,0,54.704235690396,0,0,0,121.033924822537,0,0,0,127.382834259893,194.084564208984,220.259132385254,0,0,0,0
79.9342009518125,104.033735656738,73.5933833253428,62.2176110721551,142.397455851237,0,115.711935315813,75.4830799742756,106.83781015214,77.1662664191667,100.09886698569,107.778042965844,142.754547119141,140.770922851562,99.3465788566816,0,26.1390769210501,62.0141548219934,124.165488060485,94.3966500905639,156.834075927734,15.5179920050145,54.9733645004061,36.5548555203129,38.5586951538817,100.359687805176,108.287318348435,85.0858747474102,31.2705620416406,70.7049022353836,33.4857186559606,0,144.677492141724,60.6584377768135,49.1809420400188,137.548977519191,0,144.085330806366,81.4037828860076,0,0,186.587182617187,146.03662748115,162.225441242086,76.7605183919271,157.028266398112,0,168.329765319824,0,163.713479995728,0,116.924232812474,172.393437957764,220.191062927246,197.133250645229,0,126.399052952741,100.565027052356,126.892496662088,123.36052756216,0,168.173658752441,145.9816246833,128.537441736189,141.86638852074,127.986905515864,184.850952148438,169.859375,112.75078646342,126.669848515437
101.219800313314,18.0834276213162,60.9658602133565,23.1203051106362,74.7209676545242,103.050595092773,109.712538677713,90.8169508604246,116.562458190918,28.3263942777213,91.3213765862283,90.1111712287454,70.7213457356329,82.4559253669647,122.713209375159,69.3952514392704,29.0711734816316,82.4654199899721,99.5635009273406,91.7119957467784,88.3359091622489,54.9733645004061,8.04912512245226,56.9371411399236,38.2969512724738,62.8656662111697,89.412520606162,35.6659600725648,63.7112732243452,99.902607409985,64.4433523622052,99.3111796908908,169.322387695312,52.2522754669189,76.9086363149244,154.064407348633,99.6932487487793,103.949658146611,74.6728398940142,109.557849884033,0,169.811955769857,143.769715118408,173.832717201926,83.8776143391927,169.619306564331,151.011596679688,172.783813476562,139.01833597819,167.669027328491,0,58.2239644219986,132.400862121582,167.020126342773,168.916213989258,115.140586853027,75.0081465537088,49.2893637269735,76.249891394024,105.043222795453,122.312294006348,123.976610183716,94.0742228538981,105.170113972255,145.281764030457,94.36907787323,130.793060302734,0,59.3948402404785,94.455987294515
90.3964533034724,73.7737609863281,38.9643193990277,58.7798754006914,178.791389465332,120.930032730103,126.21626974407,86.7228340534092,114.926830758259,113.785734345641,107.424903897816,96.874996653143,165.661483071067,125.075238661333,109.027173319672,159.88525390625,29.4050438316047,29.3638937542066,96.1856795750307,77.3234797041804,167.771705627441,36.5548555203129,56.9371411399236,18.6313970021803,82.6190061307683,97.4561053189364,69.9134793149891,53.0091257502159,66.5990702773104,92.3370554445856,61.0020536023694,129.623308454241,157.158586120605,78.4917914572727,52.6364128803679,173.170278930664,145.663780905984,104.820241457847,107.789287029169,171.434071350098,0,182.651737758092,163.632649421692,194.50145444003,149.853628794352,176.503252563477,174.275619506836,205.545143127441,0,179.616686259231,0,108.477075300409,148.644376214945,140.625671386719,182.266109890408,239.292053222656,129.824557328836,93.5915025472641,113.05380912813,153.974939053652,186.385818481445,149.917494890166,109.99653609524,151.387961149932,172.663851737976,150.038106766958,0,0,163.516067504883,127.143191127912
86.9159430992313,79.6905865439449,117.503924648684,46.1364057560338,20.0688599139958,88.4733416239421,76.4126250300513,62.6514139073504,87.3111246858124,24.2859503019085,62.3401194060027,150.602753448486,30.8703347879532,133.714488209905,98.6027721575837,43.018589594776,34.0589252587223,126.398397213945,146.484363555908,148.22411592545,28.4281462885493,38.5586951538817,38.2969512724738,82.6190061307683,13.3702052861971,110.86041973955,132.784039339812,90.2208912371776,25.5220313064639,94.2141115462231,81.1491454636897,157.037216186523,149.140226027545,79.7327884608864,95.0286081042879,130.029536846072,144.625929514567,163.039880089138,66.3909054919205,97.8794917412311,191.321375528971,134.590601751647,125.193897435009,140.813010382729,73.9205469957648,125.266206805192,200.921594619751,128.340927863306,0,146.911199948973,102.888532337389,119.832499487925,183.393371582031,237.259394327799,178.14554087321,119.372456558352,127.90044126203,131.835503287937,152.108048209931,105.53903724592,145.040767669678,184.048275209823,165.18879661304,120.822802914753,146.625960065607,131.070863544941,0,197.806312561035,124.508371550461,149.332858488732
135.450149536133,20.3656922630043,81.4733266830444,27.7738401126303,126.215320587158,0,126.73729095459,137.559733072917,130.472135543823,100.387298124177,159.961502075195,26.1717697563227,125.012140274048,16.8068858344308,122.914790562221,137.894091172652,94.6806732177734,47.2297347816261,43.3751073097696,41.8618898288063,0,100.359687805176,62.8656662111697,97.4561053189364,110.86041973955,7.83949315466057,45.0120591493695,14.186162204709,134.105633326939,98.6867851983933,141.809358596802,49.2866349220276,93.8247100830078,92.3559150695801,44.2517785292405,0,57.6012644237942,98.5750350952148,49.9594317653723,172.751083374023,0,198.93586730957,220.648368835449,126.726955837674,118.929602305094,187.811950683594,70.3570250390281,214.416854858398,56.4351327923761,135.834670066833,182.16495513916,151.594583129883,95.471505800883,74.5732913384071,77.5555864490053,0,126.865280151367,105.67479133606,153.876340230306,147.629938761393,34.8051418135243,74.9247913288073,67.848169257558,190.082107543945,110.986151885986,158.669967651367,74.7769843070738,98.9313354492188,106.991813659668,80.1342097691127
110.171805530337,54.8278626814121,36.7409011800303,70.5608034780751,150.331607055664,103.885620117188,150.579343576142,129.924192851749,142.485334161985,127.067315917969,149.929909415867,27.4580767824974,156.893725308505,32.5073348608493,131.713135074802,150.06815826416,107.667959346328,36.1304019688553,29.4374603447439,32.2192975855471,197.135803222656,108.287318348435,89.412520606162,69.9134793149891,132.784039339812,45.0120591493695,20.1178652330724,43.9343061316765,136.136977620971,119.402390582889,105.851081038966,31.0568443830197,113.349315316337,113.884743910569,67.027821870363,161.571262904576,83.2512257744284,118.328998161085,88.9479233314251,222.95783996582,0,188.037475585938,200.39424975165,186.621234348842,167.363662719727,224.726008097331,113.509568108453,228.423095703125,109.572351664054,185.140154568654,170.64909362793,149.854738871257,114.340186474839,106.320931827321,108.918714749186,0,168.850119696723,127.907329700611,150.692516803741,178.062387498759,71.9892172598624,103.888550716853,99.6044670073403,191.389064904415,182.870272681827,175.203129330197,134.186263674781,182.674728393555,140.52387491862,115.359932026535
128.505929347447,28.2134926998667,39.4720987393531,38.4356820656389,131.467663800275,125.757988823785,142.964807883076,117.355449597502,146.705078164531,99.0861151626625,127.777729368029,62.3389244140821,121.144264221191,27.5198781323675,142.263675209831,126.005243105309,27.9244147374919,64.6290570768676,63.056130317469,64.0023731896372,149.686117172241,85.0858747474102,35.6659600725648,53.0091257502159,90.2208912371776,14.186162204709,43.9343061316765,16.300751851913,90.4486334542328,134.902437542798,116.292227880232,24.5966689222755,121.33421761649,122.942745089531,69.4290528632616,162.059211421657,69.2840326330164,98.4117617363115,62.8612113813075,180.724269321987,0,190.69395324707,164.149323518397,187.139175477575,151.627766829271,193.642294921875,108.0957226093,221.465667724609,105.348832762211,171.359230006666,200.874324798584,108.050608172859,108.730737048695,104.435152903324,100.924456772215,211.173538208008,136.213834584188,110.601709806002,107.89655604031,158.869281172319,60.8788476767363,99.1007528359863,92.1791574329388,162.832511298845,173.248635101318,152.266226409584,121.750449762112,158.143257141113,114.358127593994,107.875330758002
82.67566684141,104.62325668335,101.885402011583,64.0206331319976,20.5431447054969,128.51887512207,63.5733738544675,39.6709949907993,77.7604435243454,58.9370208260779,31.8017507342281,149.304847717285,45.9772548047097,163.863693237305,93.2184784086715,75.2716431945335,52.2538690424095,126.520135887302,165.828443739149,147.011816286573,28.7492676575666,31.2705620416406,63.7112732243452,66.5990702773104,25.5220313064639,134.105633326939,136.136977620971,90.4486334542328,13.7818324926427,90.5080400108452,48.0881765390763,187.21845703125,141.552009887695,70.9010011634048,78.32179415009,131.687288017993,156.76690864563,166.981842750727,77.9711980532883,81.282980665218,183.369862874349,150.607526575624,135.074728319496,153.18247545887,99.2186199256352,148.25999441362,200.17766085538,159.513116729393,243.372299194336,158.043263955007,149.376972198486,123.054489322737,183.512797355652,226.336390177409,200.416143798828,150.310786093435,131.538207462856,126.637520423302,151.86537459801,110.134774286976,204.386123657227,209.8454883282,170.195910443,133.206142971691,152.16446756108,133.55203046463,0,207.570834350586,140.124429941177,148.971587091899
20.1725269868832,138.731653213501,118.174783922468,82.2079242123566,100.577978134155,22.8256260461406,60.4804020941622,72.6355020086444,39.4390690163578,79.8553663889567,89.8529029929769,70.8948932853905,103.741889514923,107.50960003246,29.9658755005637,87.6671655828303,111.152411756844,99.2652191746692,105.47476344538,102.300216494925,104.964721338709,70.7049022353836,99.902607409985,92.3370554445856,94.2141115462231,98.6867851983933,119.402390582889,134.902437542798,90.5080400108452,12.3608315570879,36.5062854007677,107.652999267578,15.8251072995357,17.2919579146071,35.2702704388582,146.36026999291,191.703346252441,172.439849175347,89.4838064148158,152.563182830811,210.622787475586,177.852529164907,154.029163036269,178.198905389959,102.041211327841,183.749166554418,198.070266723633,222.931732177734,132.629068374634,176.675369984395,0,137.120725359235,182.206900024414,201.570678710938,184.164775848389,205.126475016276,145.092540740967,142.99166245894,176.123424224854,139.134786330074,142.444519042969,181.458734685724,172.832621144724,148.883518811338,169.326260497605,148.65534375,0,228.386744181315,133.919448852539,165.722619728964
36.7587338448557,105.565960884094,84.4716778012492,65.749100755924,104.250333786011,141.645797729492,107.803912904527,23.6647535274433,84.7689174115113,65.2323601756515,92.2480204025609,114.067295532227,119.324746131897,143.447157541911,63.0869728657459,106.680624389648,82.7330687966677,79.2073490288656,127.043702087402,106.976684628775,144.36577911377,33.4857186559606,64.4433523622052,61.0020536023694,81.1491454636897,141.809358596802,105.851081038966,116.292227880232,48.0881765390763,36.5062854007677,12.2358704146311,152.468238830566,123.957595825195,49.0882369051937,47.2546819925966,137.513467452105,182.280665079753,156.254554859106,78.4164843576732,156.610664769223,0,177.871884482247,143.850679770283,167.369748433431,82.4182355880737,173.678580185463,215.423181152344,203.077768961589,190.363128662109,157.194903429817,166.417419433594,121.132593124632,164.521906072443,224.462743123372,186.922714233398,0,134.327000956382,135.982630642978,153.348147960978,126.709346552134,0,188.287260437012,165.180834740213,135.621681910531,152.502356444354,137.622338399933,0,0,128.898376888699,143.959876142229
172.773173014323,70.5375831921895,99.3617661420037,79.7716933356391,0,101.540946960449,147.961540222168,165.716112409319,143.066775235263,137.620677601207,0,39.7483807438352,0,17.079606611422,133.799407958984,173.207939147949,168.925735473633,98.9373957316081,55.3610062599182,65.2719479494317,0,0,99.3111796908908,129.623308454241,157.037216186523,49.2866349220276,31.0568443830197,24.5966689222755,187.21845703125,107.652999267578,152.468238830566,8.35018181800842,109.95932674408,181.286769866943,70.053626561569,167.072494506836,109.057096862793,157.660919189453,59.0379219055176,167.386749267578,0,0,0,0,217.276031494141,0,94.5466355217828,0,87.3795542930489,0,0,0,138.246673583984,104.653311024541,106.818109400132,0,0,219.844390869141,0,216.477119445801,70.1634137630463,110.342785305447,104.773761962271,0,0,0,111.54625193278,0,0,120.443764822824
92.4359130859375,100.195327758789,171.941389196059,135.107121394231,129.769213867187,13.4238123481152,20.3478300056972,129.334699842665,23.7640091193518,115.485709381104,124.30401357015,66.4265674752599,108.034795617545,88.2398860536773,20.1838630526743,47.1023251113071,0,114.790088017782,97.9734833661248,86.2492964817927,124.106678771973,144.677492141724,169.322387695312,157.158586120605,149.140226027545,93.8247100830078,113.349315316337,121.33421761649,141.552009887695,15.8251072995357,123.957595825195,109.95932674408,5.79392583253519,0,37.8406732320786,206.504974365234,0,0,148.534962972005,161.220069885254,0,0,195.987716674805,215.57300567627,0,213.229385375977,0,0,0,0,0,211.77116394043,0,0,0,196.363571166992,0,0,0,185.811431884766,0,150.770812988281,203.271190643311,196.533325195312,207.394790649414,188.780868530273,0,0,0,0
41.5583426080099,92.3844909667969,116.458309505297,61.6681428557461,94.6598777770996,0,105.715909957886,84.1101261448216,91.8609216751591,62.5401913215374,87.0614472413674,103.89974925829,114.284420013428,0,61.5599915390015,103.322067260742,113.718627929688,88.407931382094,123.775249481201,91.8951998679869,0,60.6584377768135,52.2522754669189,78.4917914572727,79.7327884608864,92.3559150695801,113.884743910569,122.942745089531,70.9010011634048,17.2919579146071,49.0882369051937,181.286769866943,0,7.40800064968635,27.4520732554168,153.04419793023,0,167.042100906372,74.3279556274414,144.869834899902,0,145.961311340332,138.237965901693,158.646709865994,77.0768884023031,165.839691162109,0,0,0,162.191371663411,0,130.434430902654,231.390274047852,0,0,0,128.195941380092,106.527828216553,154.591400146484,122.958106748519,0,0,168.181227111816,133.329292297363,145.667497488169,128.235605340255,0,191.435562133789,124.46070098877,126.849487304688
51.2083679026803,65.4092237426013,72.8512114820809,68.6081203200062,95.7005784277822,21.0758983948651,76.4118471312356,88.6475040109578,56.8809038965326,87.7786148334372,87.9308501966509,24.7169273313123,98.6655158066168,53.5807592284005,50.0056463173423,118.731868743896,80.3796820687776,32.7193997073527,57.967318493387,38.7884769349899,97.6016168033375,49.1809420400188,76.9086363149244,52.6364128803679,95.0286081042879,44.2517785292405,67.027821870363,69.4290528632616,78.32179415009,35.2702704388582,47.2546819925966,70.053626561569,37.8406732320786,27.4520732554168,10.4483778476299,154.600529806955,105.948796272278,107.935468946184,92.5523990182316,156.33978398641,0,177.136123657227,157.434884134928,175.261665344238,125.860971723284,172.782897949219,138.970082600911,195.590881347656,101.849293178982,175.031840188163,0,113.532820249859,151.793595314026,155.771957397461,148.861632664998,0,128.939033508301,124.830073547363,125.33748702061,141.103599153716,86.195810953776,116.507014439024,113.017691437079,146.68815612793,155.151197545669,148.74927520752,94.074577331543,0,115.076530456543,120.638852206143
137.718460083008,0,167.362772058558,89.6938257217407,178.88324991862,0,174.487572224935,148.553540039063,160.732277552287,101.288233757019,173.046528209339,219.473121643066,0,0,158.173256024922,0,143.697606086731,190.813243865967,0,184.614440917969,155.883152008057,137.548977519191,154.064407348633,173.170278930664,130.029536846072,0,161.571262904576,162.059211421657,131.687288017993,146.36026999291,137.513467452105,167.072494506836,206.504974365234,153.04419793023,154.600529806955,11.7003766849251,122.235811233521,108.639034422019,66.1457811788248,88.5784757534663,77.9859987894694,82.2731459985568,29.9444503676367,61.0839830371116,66.8668638332724,79.4092742145652,113.694334262755,101.787981257719,165.180910382952,19.8700700308907,88.4402212816126,101.579182392842,98.7136282314912,126.979041517827,111.415795184196,99.8718143262361,74.0709074935472,88.497335848601,89.177101234337,76.506726899147,147.288619995117,115.766732801771,118.784952599883,77.7947568880717,18.0747045220122,38.7872062496532,153.549028015137,109.003604343959,33.2814156449081,62.5305241632313
0,0,95.7279046002556,56.4552302360535,235.100296020508,0,0,0,0,0,206.770680745443,84.0432210649763,0,88.067199019135,151.114562988281,0,95.246021270752,84.3023996353149,107.756577385796,109.001965742845,0,0,99.6932487487793,145.663780905984,144.625929514567,57.6012644237942,83.2512257744284,69.2840326330164,156.76690864563,191.703346252441,182.280665079753,109.057096862793,0,0,105.948796272278,122.235811233521,6.8793421896273,55.2754575137434,15.8715769050425,93.6335277557373,0,129.408564249674,123.509479522705,137.114229202271,60.4960352062413,155.819381713867,67.8065492085048,0,60.1652064290987,131.754951477051,105.378817631648,64.0458391835867,62.1805866180904,81.1025482177734,68.5966345688392,0,103.905115300959,15.1570790923304,76.1479695927013,74.9698140407125,28.7326235911573,57.8648267542274,34.3421321415845,107.42129673102,113.258675765991,104.778225291859,74.2213362416913,128.7116355896,89.9549674987793,60.8327620212848
161.404663085938,119.445388793945,99.9637397815979,67.2934786115374,221.052146911621,0,210.939862569173,176.229771489682,187.556110200428,201.79471043178,189.714346078726,148.862640380859,0,138.160474141439,185.350887889593,0,115.439823786418,107.493137164992,153.112635294596,131.68595123291,0,144.085330806366,103.949658146611,104.820241457847,163.039880089138,98.5750350952148,118.328998161085,98.4117617363115,166.981842750727,172.439849175347,156.254554859106,157.660919189453,0,167.042100906372,107.935468946184,108.639034422019,55.2754575137434,12.4472180460898,60.6475831860694,153.575560251872,172.877635955811,131.870455824484,93.8071142273962,119.471357759936,114.856899988084,133.308614887175,115.564404099076,175.993620130751,114.535606384277,109.182289780763,145.832695960999,87.966679619354,42.7618308043808,104.648858437171,87.0999045934433,173.560974121094,67.5363143781901,64.2512949690034,32.4889573634009,115.675961111194,84.8666458129883,35.8117397312865,33.4990188245645,88.6014139298342,140.013981536734,80.6231198185048,102.44383950069,181.396112060547,125.589784622192,71.3693036572198
