12.7156864855324,0,104.785250406417,81.797553331424,105.408042060004,88.4722061157227,90.9227837207271,33.8777159225347,83.0004438854927,74.9549823337131,86.9487439138026,143.127157211304,131.939029693604,169.137365722656,28.7609073893547,66.8770399093628,157.563011169434,107.609784545898,164.022674560547,144.617219778208,133.693159103394,84.8062402224211,103.583343505859,92.2735493247342,84.2700294129392,169.631004333496,122.218737150493,137.357570250829,84.3893997206617,23.0620509716065,39.1167972875175,0,96.2112066095526,57.2238873839378,75.7030262736093,161.323875427246,0,172.638549804688,82.0851304190499,156.100067138672,0,0,146.459769112723,173.40810139974,80.3809814453125,189.964575631278,220.504440307617,0,0,173.821530659993,0,150.839680989583,0,0,0,0,160.60595703125,0,166.767252604167,138.055497131348,0,219.566635131836,194.084789276123,143.486040555514,161.270369309645,169.523483276367,0,0,180.671124267578,160.110580444336
0,8.63229822613068,64.2732622246993,30.5571791187046,109.803527832031,133.177536010742,158.696240743001,147.305341084798,133.246717453003,76.0146620203237,174.839639282227,77.255686118386,120.164278302874,57.9734709826651,143.730382537842,111.49215722084,70.2351701985235,64.2267215598343,85.3541331168933,64.614845057202,87.8286259969075,93.0415954589844,32.9677061339797,95.11246241056,85.9800899156779,23.9504940941523,55.8828425676875,35.5439922183017,107.938152949015,133.243600845337,119.390710269704,68.9685182986052,121.977786472866,137.611238479614,74.7674808908016,0,0,99.7260735829671,83.6368405268743,0,0,0,168.390090942383,0,0,0,100.061864217122,0,102.677158203125,248.979782104492,0,0,124.832778237083,143.001815795898,120.581696943803,0,0,97.2509155273438,118.436701965332,152.411140441895,90.3969755172729,112.20203969016,111.143054114448,113.548400878906,0,0,115.207600402832,0,0,126.152778625488
104.785250406417,64.2732622246993,17.9324618858712,69.3753918282128,132.546587842576,148.247753143311,135.632705398753,111.287626912841,123.636663486401,124.477116246377,129.111539932021,109.35711129071,148.937753335024,131.867133331299,123.435054913322,148.716460623392,101.968985795975,48.8853836243574,102.758551612267,80.0847431290318,161.825903756278,70.693870739302,65.1091766357422,32.7931670841787,122.267317642812,103.129007611956,38.7580196150349,40.2931237709155,104.792274320155,123.823393850989,104.759288531763,98.2951785393481,162.060792880588,114.795176782341,68.7244894520401,167.650936126709,100.307359695435,102.349450940095,102.556598547733,192.537498474121,0,201.79719543457,176.519380018446,197.759107528194,196.697917938232,194.551397572393,169.476933797201,200.169807434082,185.148579915365,188.281324199602,0,117.204649788993,124.508869289123,147.658004760742,146.549693782155,0,143.193300882975,114.873654765467,117.232842070968,161.268038542374,155.295791625977,131.761456905267,103.201558395308,173.403096177843,193.344549560547,165.285505814986,152.736578369141,0,176.784561157227,121.153920037406
81.797553331424,30.5571791187046,69.3753918282128,18.164804214655,58.7543626036381,83.4998893737793,85.7107000518263,69.5735172446893,75.8127457517369,27.5412590953711,78.3774964841377,96.3518267822266,60.543021463093,70.0427818625782,94.9322420107264,61.2500782791449,42.5605398416947,77.0791526325246,98.4450252757353,94.00367300851,60.0704657923092,63.6590786314847,28.1411704556637,62.4043621836842,48.0195290275118,48.9885437717482,77.2753249903045,41.9635142759171,63.3999582257464,84.9923791625068,67.3674755863466,81.9263435363769,130.741391499837,75.4436832081188,73.775194510767,96.6955261230469,164.287460327148,110.927821864253,32.4385576449649,74.5076211823358,71.4417724609375,102.032527075873,94.3580609560013,147.879964828491,17.7141475047705,79.0210672809232,95.1350301106771,68.7101236979167,97.4821094331287,128.830102103097,50.6381149291992,98.8381115408505,120.110385386149,213.901779174805,164.538475036621,77.5782047618519,109.381889979045,62.7310742139816,122.718997955322,46.099124401291,92.7545356750488,133.467241995675,108.72715784374,91.4320260970319,124.151091257731,108.273228963216,120.108055114746,0,75.0404815673828,120.015443166097
105.408042060004,109.803527832031,132.546587842576,58.7543626036381,9.35020552912408,125.541319274902,66.747041173675,70.1376923203468,103.070615111545,47.0629133140202,24.8962613905849,160.847321730394,33.0800921413779,184.317860921224,117.442115895069,65.0788215426948,97.0856628417969,173.460103352865,204.602595011393,189.71312713623,11.5165548040121,144.519853591919,114.137626647949,140.156410061583,20.301589884794,175.051045735677,166.764005388532,143.498318339503,20.2494862110175,108.461478036025,105.155089569092,164.310440063477,135.446618556976,90.770864940825,104.840640832882,161.203587849935,0,0,74.4896857592524,135.875259530955,130.799285888672,151.661071375797,139.106933887188,155.780287000868,82.7419078261764,142.860373001525,0,147.282725016276,0,187.174089558919,91.5773544311523,150.860748291016,0,0,0,17.9410800717445,176.008796691895,110.273056983948,183.499114990234,101.878740310669,0,245.864608764648,193.719413757324,141.315766349671,171.494781494141,178.938968658447,0,0,0,192.32243347168
88.4722061157227,133.177536010742,148.247753143311,83.4998893737793,125.541319274902,6.97216696612076,15.722295865905,122.228968452005,23.9383345013189,57.0541091587233,113.452549789891,59.8834876608341,87.3950339691548,73.4734950432411,35.0871981085455,13.0241755788496,0,137.788005828857,221.296340942383,87.489564334645,103.798804283142,142.975425720215,90.1487681070964,145.648028654211,102.683472560002,142.143801371257,156.94654083252,145.96301977975,113.162274678548,27.9485859086242,108.889255523682,95.7635841369629,12.14189625955,0,35.6998866112876,0,0,0,0,0,0,218.504257202148,0,0,0,192.809539794922,0,0,0,0,0,0,0,0,0,0,0,0,237.220321655273,163.368911743164,0,232.556030273438,0,0,0,0,0,0,0,0
90.9227837207271,158.696240743001,135.632705398753,85.7107000518263,66.747041173675,15.722295865905,14.0310890459459,72.4265060149452,22.7190463992699,74.2397088468744,44.9438079215353,103.269840230413,31.1577092967668,111.0860732845,63.462012794224,19.9331606845937,137.841668023003,153.093446953352,139.58658516407,149.625194960374,53.8193382550592,119.717176914215,129.768672596325,127.966297435238,85.6866731086624,120.789928211885,161.299913687784,150.691552506443,72.6697248846311,64.0191619505252,109.30368562338,138.30165977478,26.1987311731526,105.784890003693,86.8201948444495,165.610005305364,0,205.777969360352,103.783850775825,155.214411510121,0,157.13174372134,151.971653697937,173.079271204331,92.8870142300924,155.273273015426,226.95344543457,142.577016194661,0,181.230741014668,120.33762105306,163.090677897135,237.078811645508,0,0,122.881533849807,192.003486633301,0,197.990158081055,126.44000669815,123.665588378906,214.313928222656,196.87364543568,157.5609536065,183.380177612305,164.55726776123,0,201.348175048828,172.304054260254,167.728351593018
33.8777159225347,147.305341084798,111.287626912841,69.5735172446893,70.1376923203468,122.228968452005,72.4265060149452,12.8431757494351,63.3971311349131,63.2604322786684,21.1724481460271,156.728349083348,71.6989313594958,164.393283497203,54.8110854384427,86.0968910793088,108.512629880744,151.130767124592,180.213790090461,168.653799190078,78.410829056141,78.982799606029,95.8751146365435,96.6487314828805,68.0023595929146,149.603145599365,149.782505923304,117.454478592921,39.2860289903033,69.538036933503,30.7518362281958,176.571634928385,126.567853671401,80.6177700502086,96.3357389251907,169.756950378418,0,180.074884711372,84.4793761448307,137.05904079128,0,145.169133835945,138.959060051862,161.744353376116,78.3685870170593,143.648609895884,235.031219482422,143.59130859375,219.416839599609,167.295215794298,0,159.850145975749,210.478811645508,236.359283447266,239.059242248535,135.093463579814,160.816463216146,106.513313293457,175.132525724523,117.562888789821,0,215.171582539876,179.129993693034,138.240314631786,161.916224276082,152.891128322056,0,0,145.700888497489,145.331686401367
83.0004438854927,133.246717453003,123.636663486401,75.8127457517369,103.070615111545,23.9383345013189,22.7190463992699,63.3971311349131,12.4172698227459,78.4934722068615,41.6514740688391,73.7201456897523,85.2755161199005,86.2341823887181,18.8707321862015,35.427657752449,140.033007370798,129.438017201357,112.775128768662,116.924599613863,100.134115287236,104.708370797657,131.914360523224,112.449030131031,83.7130968809868,95.6067638821072,138.390296911424,139.064660529035,86.3473226807958,47.8513639114788,86.7683757128297,113.08134728509,23.3732568618589,96.0458532159979,69.5442855296991,157.655006953648,176.489379882812,188.678385282818,89.477408354099,151.3325510892,0,150.876583565911,147.093561045329,164.402541183844,94.8000308537887,149.963239507472,188.560389200846,149.272899627686,192.590682983398,172.33306989597,201.886306762695,177.682604009455,209.828872680664,0,192.014836629232,158.12553829617,188.599445343018,143.938443865095,188.694321788441,126.195923139883,0,197.013723373413,184.690478357775,148.170877778685,171.035496024198,178.823865890503,120.542404174805,182.802947998047,161.022991362072,164.732850646973
74.9549823337131,76.0146620203237,124.477116246377,27.5412590953711,47.0629133140202,57.0541091587233,74.2397088468744,63.2604322786684,78.4934722068615,9.54894855526486,71.2724737476658,131.087156880697,11.5891114797615,121.776058404467,95.9655525433728,21.9394408522931,85.7064116934071,130.838375400852,146.103473497474,138.428064161731,34.817385322735,93.1455428059896,27.0481681315469,104.528850746155,25.333755041129,104.113596235003,125.300393116625,109.390833472972,53.9936724274336,83.9117065646691,63.8655923233341,136.431815556117,131.912844276428,68.503481656185,83.461298012152,111.966407775879,190.159484863281,160.657435417175,70.9414595622642,89.5377853393555,0,100.95933380127,117.443560028076,145.393001556396,33.4897557258606,119.633456230164,172.693641662598,85.3221793174744,163.265271273526,146.434180450439,75.2952117919922,128.077683766683,172.224723815918,209.315440586635,215.720748901367,81.8806249830458,167.983108520508,116.545013427734,154.418984153054,84.4426426887512,162.301919555664,178.581480172964,177.56850865682,126.167515001799,154.602174886068,147.027264404297,198.883804321289,0,141.619082641602,125.757493019104
86.9487439138026,174.839639282227,129.111539932021,78.3774964841377,24.8962613905849,113.452549789891,44.9438079215353,21.1724481460271,41.6514740688391,71.2724737476658,15.2907367741868,154.131330779105,31.2082614958746,171.589212888247,64.2023825268223,78.0726271838677,115.743571281433,180.899044211394,185.694989190585,179.515799938793,22.8635550737085,109.784313754759,118.91863377889,124.639633778302,76.7741894618325,161.776246948242,167.708962459692,145.446543037891,32.3729659999331,109.249822642099,103.793723127268,183.026651170519,126.661723096147,98.1544448596805,105.503386826239,166.252628871373,0,198.304579598563,99.0277259001861,152.349048164453,0,158.479786382513,154.775184609917,169.860731150537,101.131438746597,155.041530430757,213.026054382324,151.906224266957,0,184.040790323439,160.843655395508,167.207483927409,233.514343261719,0,0,65.4357254596157,168.35764058431,130.241892496745,195.44640819843,121.384466305458,0,228.390037536621,204.274440966154,152.610061593958,182.229013150626,183.832825469971,0,198.287414550781,176.830759684245,178.279005527496
143.127157211304,77.255686118386,109.35711129071,96.3518267822266,160.847321730394,59.8834876608341,103.269840230413,156.728349083348,73.7201456897523,131.087156880697,154.131330779105,12.6139398475495,143.312634994735,27.7445232908272,75.3113021486214,115.128715515137,145.576382446289,55.1988577803042,27.614474649381,36.6667497494186,155.082475413447,111.152187815884,107.079193418676,124.784868788531,154.15762090683,37.1902327400057,33.8562276733023,67.6392409588996,157.642865628612,71.7347113785234,135.393002999795,44.0146264920573,60.4426946471676,98.2964174798194,29.5221896572918,230.419609069824,117.131370544434,152.204390207926,87.5401285344904,0,0,0,208.822270711263,243.988609313965,176.277713012695,217.165783691406,102.401443948551,0,80.3336518717091,177.507389068604,0,0,158.614649091448,107.652454052941,123.762799722177,0,185.872283935547,136.948157310486,183.009412493025,198.121852111816,87.7451713198707,110.898166122832,112.375361428942,208.955390930176,223.553028106689,212.904418945312,98.5456935882568,0,0,129.640912909257
131.939029693604,120.164278302874,148.937753335024,60.543021463093,33.0800921413779,87.3950339691548,31.1577092967668,71.6989313594958,85.2755161199005,11.5891114797615,31.2082614958746,143.312634994735,11.3098850751177,154.661585441002,108.953980740422,22.9099687503979,111.291923522949,173.140952477088,184.126855173419,172.368922792632,15.9933164165582,157.875371297201,76.5092990057809,152.139436397912,24.578280247908,157.283289822665,167.508692248114,138.091269815379,49.4694367241261,113.781906457849,122.807205708822,181.559172058105,109.33608933499,100.237014770508,107.891481485798,159.301354980469,0,179.335261027018,100.538706643241,103.697389753853,0,97.7896318562826,158.035517883301,117.314934239243,71.5229413232138,116.867055822302,140.788551330566,12.6079063540559,0,130.778153991699,74.2290528241326,180.262603759766,223.524383544922,0,242.777648925781,25.5433336641187,0,75.2931480407715,209.062957763672,89.7325640524219,0,215.895462036133,209.250340779622,134.156630462071,173.45848274231,0,174.904388427734,217.843154907227,180.674133300781,106.876266479492
169.137365722656,57.9734709826651,131.867133331299,70.0427818625782,184.317860921224,73.4734950432411,111.0860732845,164.393283497203,86.2341823887181,121.776058404467,171.589212888247,27.7445232908272,154.661585441002,12.0130442317122,90.9870252125299,161.997179603577,135.239977155413,108.52391256288,56.1976438252735,81.1112827407979,163.132195212624,181.166757202148,98.1094261811028,176.368564884837,141.836330988935,24.7532258916711,56.6628156629418,46.0887581362664,164.429639304557,90.7230774796249,170.064699808757,23.1698059376295,75.9972512780166,178.74768371582,58.3471972761483,208.927124023438,109.261622378701,158.434731876149,51.033860724517,0,0,0,202.283416748047,224.747482299805,183.118498060438,193.463012695312,91.6779503353758,0,74.8512775177559,147.829027557373,0,212.108192443848,140.578896077474,103.150921221133,127.100142751421,0,200.493023681641,138.674476623535,155.320268630981,198.271259307861,62.6391346284321,106.093913887121,102.894723898479,247.03498840332,152.457456970215,206.360969543457,91.9846241448515,0,227.832702636719,115.595621669994
28.7609073893547,143.730382537842,123.435054913322,94.9322420107264,117.442115895069,35.0871981085455,63.462012794224,54.8110854384427,18.8707321862015,95.9655525433728,64.2023825268223,75.3113021486214,108.953980740422,90.9870252125299,11.8481937165736,60.3029239845276,152.07798374721,124.690648130547,114.442424441141,113.773948435056,115.682148577372,100.122388242292,135.048316955566,109.507315549178,100.782812768816,104.844596595095,135.208957851543,140.73850375165,100.340603989056,29.8626907000157,69.5391913359782,112.277948819674,16.5562365201095,63.4592969298363,57.6379345557,178.316203308105,149.916976928711,196.506003856659,103.886329070866,180.018779436747,0,162.667911861254,161.325694820745,185.949768066406,112.63698757396,173.646976974775,106.506683349609,181.573529052734,165.245796203613,194.123389959335,0,177.633521584903,196.173263549805,0,199.766237894694,152.069890594482,184.641702270508,160.437713623047,188.524153489333,145.772577417611,0,177.711525752627,182.916287376767,167.439213086974,188.73812043265,186.210860358344,149.160171508789,0,188.910545349121,187.135488722059
66.8770399093628,111.49215722084,148.716460623392,61.2500782791449,65.0788215426948,13.0241755788496,19.9331606845937,86.0968910793088,35.427657752449,21.9394408522931,78.0726271838677,115.128715515137,22.9099687503979,161.997179603577,60.3029239845276,8.21305536829259,112.27903842926,161.433795207256,154.10327911377,153.02870686849,58.3162918726603,125.107308197021,80.1537188603328,132.195607892205,41.486213380267,144.263475116931,164.392333290794,132.612519034504,76.7478786481179,81.4794109033984,93.1210372924805,0,39.1469109401398,92.7364336649577,79.5103817515903,235.466751098633,0,195.996180725098,118.034081595285,110.048014472513,0,120.629560198103,154.744519551595,156.508087158203,58.3814911842346,137.914584350586,0,98.3443603515625,0,216.074508666992,73.6329498291016,0,201.690788269043,0,221.959625244141,86.8646958669027,137.431381225586,90.3996899922689,206.65522257487,98.9557013511658,0,209.98913192749,194.250843394886,146.017276470478,0,0,207.338851928711,0,0,130.443336486816
157.563011169434,70.2351701985235,101.968985795975,42.5605398416947,97.0856628417969,0,137.841668023003,108.512629880744,140.033007370798,85.7064116934071,115.743571281433,145.576382446289,111.291923522949,135.239977155413,152.07798374721,112.27903842926,15.5174200405548,111.529736192259,143.460447692871,129.086657206217,120.373264312744,23.8141104228256,31.1045185201613,21.3862454693216,47.8020945090414,118.620628356934,121.026740289504,36.2082213489173,37.4447721805222,115.045070224338,84.4435198198665,0,202.614802042643,120.802092234294,82.4273042566636,159.705879211426,152.058368682861,122.796078468437,68.0469830999311,149.077713012695,0,170.542072296143,150.751178625858,178.11538028717,149.258567810059,157.205593109131,155.551818847656,165.107406616211,183.189147949219,178.985215407151,0,98.3187293310147,175.215069580078,0,196.820732116699,153.211730957031,117.387018965624,56.0371887637892,106.633225659814,115.207004376312,171.754180908203,163.429687206562,116.180661971481,130.103888581439,182.673173792222,132.684465097827,193.29175567627,0,154.928151811872,136.146407572428
107.609784545898,64.2267215598343,48.8853836243574,77.0791526325246,173.460103352865,137.788005828857,153.093446953352,151.130767124592,129.438017201357,130.838375400852,180.899044211394,55.1988577803042,173.140952477088,108.52391256288,124.690648130547,161.433795207256,111.529736192259,13.7287044303915,63.383319655824,24.3680097288893,186.862069702148,72.6703044650162,84.6302293476305,40.8178088014776,140.572344579195,79.9403864542643,40.8741431232535,72.98931843565,138.421554196265,107.266411793421,79.6193754413925,86.897283707542,118.498459313133,90.3696034509754,49.4339280706709,180.801825387137,111.497567749023,113.572927335661,87.8092670694987,0,0,192.871124267578,184.72539469401,196.28157043457,182.773051579793,211.165148925781,153.998704910278,0,178.245647854275,194.468020403827,0,135.436173575265,126.252836512423,172.825157165527,137.507523430718,0,172.702632141113,111.687787010556,133.973250750537,180.772817275103,137.70062713623,123.31524490045,112.649463032686,181.408329716435,201.087385911208,179.626057942708,162.170215061733,0,171.913024902344,141.847026493238
164.022674560547,85.3541331168933,102.758551612267,98.4450252757353,204.602595011393,221.296340942383,139.58658516407,180.213790090461,112.775128768662,146.103473497474,185.694989190585,27.614474649381,184.126855173419,56.1976438252735,114.442424441141,154.10327911377,143.460447692871,63.383319655824,10.4550110879607,28.9535855368863,172.833545684814,129.310510971967,116.183848732396,118.979240091836,168.931939029694,52.6310227505881,34.9966958637089,66.257166786415,179.863408043271,113.331294550372,127.830666097005,51.516632722941,102.605646230407,120.122637884957,71.0434301445775,0,134.810078430176,154.770790100098,81.7243884893564,0,0,0,0,0,196.139226277669,227.227752685547,121.455072937012,0,108.802541208791,157.494176228841,0,197.096240234375,151.218026968149,121.490446679386,122.873722202175,0,160.20735168457,158.725591023763,173.463360595703,216.98605855306,91.3936093648275,113.964876878346,115.22276070755,231.54475402832,210.644846598307,0,112.70419772466,0,0,124.430878610322
144.617219778208,64.614845057202,80.0847431290318,94.00367300851,189.71312713623,87.489564334645,149.625194960374,168.653799190078,116.924599613863,138.428064161731,179.515799938793,36.6667497494186,172.368922792632,81.1112827407979,113.773948435056,153.02870686849,129.086657206217,24.3680097288893,28.9535855368863,12.5287945791864,174.861471993583,113.482668749491,104.787760341869,85.7267469556528,150.57378688101,53.4603000858076,37.6789689047817,70.2504201407905,162.515078226725,107.516353184147,107.321229836375,66.4293866157532,94.1330988538134,108.001557181863,51.8221063261712,213.184143066406,115.173040601942,132.748471227185,111.332543141133,211.07349395752,0,0,206.759658813477,195.233757019043,181.18047441755,240.439178466797,126.498525792902,0,120.35007019043,209.668188095093,0,168.945587158203,130.360242955825,127.107266743978,119.363707802512,0,170.924179077148,144.553570556641,149.473550216011,192.496206919352,97.1912612915039,111.621399424434,114.996708209698,201.747586568197,198.037862141927,191.601787022182,124.185894213225,0,195.469551086426,127.864192199707
133.693159103394,87.8286259969075,161.825903756278,60.0704657923092,11.5165548040121,103.798804283142,53.8193382550592,78.410829056141,100.134115287236,34.817385322735,22.8635550737085,155.082475413447,15.9933164165582,163.132195212624,115.682148577372,58.3162918726603,120.373264312744,186.862069702148,172.833545684814,174.861471993583,8.46449436910189,234.706207275391,99.6368366588246,178.843254089355,15.463016694506,157.661524454753,177.574668884277,143.938044379739,28.567483916777,115.910022017244,141.429217529297,0,126.69449874333,101.941168785095,113.533383808439,163.918449401855,0,0,85.3524309794108,97.6896389187246,0,132.17830005445,154.963505620542,175.340677261353,75.4958204905192,147.257461192996,0,16.0818414523684,0,189.939488728841,100.595100402832,0,0,0,0,11.4659045290093,0,0,0,95.2711877507612,0,219.143676757812,0,129.388617817949,179.219195279208,151.1240234375,0,0,194.780456542969,153.778213500977
84.8062402224211,93.0415954589844,70.693870739302,63.6590786314847,144.519853591919,142.975425720215,119.717176914215,78.982799606029,104.708370797657,93.1455428059896,109.784313754759,111.152187815884,157.875371297201,181.166757202148,100.122388242292,125.107308197021,23.8141104228256,72.6703044650162,129.310510971967,113.482668749491,234.706207275391,12.4772953115691,55.4246235000653,28.9058010735841,50.1376983467641,186.019744873047,131.781381260265,83.6557507134009,28.4133536992883,77.9616946284043,31.2871647698247,128.497299194336,148.85105763311,68.6334302175613,45.8783438861335,142.750603812081,0,153.787593494762,81.1859823226929,149.460914611816,0,180.176574707031,140.358506814027,171.526748657227,109.431667327881,0,0,0,0,178.84741973877,0,114.325417421718,177.171649169922,0,181.561660766602,0,121.486204896298,69.4169051552659,131.358900556893,114.812341807578,210.900238037109,193.646430969238,146.792023431687,123.2678371126,159.607000942888,128.742286318824,0,0,139.995567321777,138.68841923305
103.583343505859,32.9677061339797,65.1091766357422,28.1411704556637,114.137626647949,90.1487681070964,129.768672596325,95.8751146365435,131.914360523224,27.0481681315469,118.91863377889,107.079193418676,76.5092990057809,98.1094261811028,135.048316955566,80.1537188603328,31.1045185201613,84.6302293476305,116.183848732396,104.787760341869,99.6368366588246,55.4246235000653,9.95267849458271,60.4950456784163,40.2559583411958,74.4743516118393,89.0319547607127,40.5208250090264,58.8922398270808,121.236555608114,68.273528152042,110.608579884405,140.40548359264,95.9571133781882,79.0613504818508,133.816930135091,108.681797027588,112.721027857821,70.6944990719066,134.617279052734,0,192.315678914388,146.492656707764,195.786075592041,108.886192321777,126.379928588867,154.375025939941,0,137.594267708915,183.933128356934,0,73.8484312239147,145.691382598877,181.303817749023,150.248631068638,0,103.037706521841,40.1142001833235,106.993949153207,105.045252147474,83.4219741821289,139.063905756524,122.097386260827,123.425828366666,136.81109728132,127.394735336304,151.359062194824,0,0,141.442006792341
92.2735493247342,95.11246241056,32.7931670841787,62.4043621836842,140.156410061583,145.648028654211,127.966297435238,96.6487314828805,112.449030131031,104.528850746155,124.639633778302,124.784868788531,152.139436397912,176.368564884837,109.507315549178,132.195607892205,21.3862454693216,40.8178088014776,118.979240091836,85.7267469556528,178.843254089355,28.9058010735841,60.4950456784163,19.5757451206496,93.9603915671625,174.343555450439,73.4294536837888,44.3233917898242,66.2555204515143,99.1061406786395,57.1137349420845,141.477761586507,159.721224645141,83.9643657059662,54.0113513361563,178.052961561415,132.418998718262,113.02904608184,89.0030024073145,170.630209786551,0,175.046766801314,170.027687939731,188.324981689453,133.019076347351,181.282406234741,195.896549224854,194.578811645508,222.611907958984,193.121813092913,0,105.645730115055,152.872388503131,155.843734741211,190.37725575765,166.590179443359,122.305827585856,71.0528874957641,115.071509665943,140.465930829729,123.585090637207,155.370218953779,115.251589927072,145.715153902769,185.638050384521,151.880420804024,195.832489013672,0,170.641892024449,132.478415807088
84.2700294129392,85.9800899156779,122.267317642812,48.0195290275118,20.301589884794,102.683472560002,85.6866731086624,68.0023595929146,83.7130968809868,25.333755041129,76.7741894618325,154.15762090683,24.578280247908,141.836330988935,100.782812768816,41.486213380267,47.8020945090414,140.572344579195,168.931939029694,150.57378688101,15.463016694506,50.1376983467641,40.2559583411958,93.9603915671625,12.8736477456694,120.113395986402,137.697447249801,100.706754972112,19.9070712370128,92.2595645384554,76.6688598664612,152.933731189672,134.373200049767,79.3958778381348,92.9030293360608,138.560746413011,168.170954386393,159.297806744414,64.0876594873575,43.6000213787473,0,134.136206825181,125.089682075712,148.007421357291,65.7841435489276,127.258818842939,197.556234741211,61.6677389588467,179.786776838631,152.284579077985,81.6678848266602,116.971297604478,187.425203232538,234.358810424805,198.52580624535,25.15638901058,124.116553137313,66.6009560830467,140.257576189543,100.517984307144,170.929650878906,190.579593692814,166.824121755577,116.726551941157,145.622284711697,131.291073125302,200.206052144368,193.75927734375,131.606295208598,139.990586048036
169.631004333496,23.9504940941523,103.129007611956,48.9885437717482,175.051045735677,142.143801371257,120.789928211885,149.603145599365,95.6067638821072,104.113596235003,161.776246948242,37.1902327400057,157.283289822665,24.7532258916711,104.844596595095,144.263475116931,118.620628356934,79.9403864542643,52.6310227505881,53.4603000858076,157.661524454753,186.019744873047,74.4743516118393,174.343555450439,120.113395986402,9.92366296298695,49.4163258377588,34.0237260280709,151.208261161015,97.4235520473746,146.899257884306,50.7922338087167,84.3319811719529,158.025573730469,65.9471982683454,0,98.334103902181,133.641742706299,41.267346906662,0,0,0,215.428092956543,0,156.382118225098,0,80.0100462171767,0,68.5160290168611,121.312370300293,0,227.851226806641,104.456237792969,92.0711323773419,108.891442691579,0,230.638198852539,107.564664840698,171.900225321452,199.431640625,43.3909720370644,93.6077156585901,89.6698360925117,0,0,227.052612304688,82.3964435743249,0,0,110.163584709167
122.218737150493,55.8828425676875,38.7580196150349,77.2753249903045,166.764005388532,156.94654083252,161.299913687784,149.782505923304,138.390296911424,125.300393116625,167.708962459692,33.8562276733023,167.508692248114,56.6628156629418,135.208957851543,164.392333290794,121.026740289504,40.8741431232535,34.9966958637089,37.6789689047817,177.574668884277,131.781381260265,89.0319547607127,73.4294536837888,137.697447249801,49.4163258377588,19.7743751903821,42.9897988663877,146.356230768029,121.864398420711,131.52133933534,32.4279818875351,105.929573540939,122.700811862946,72.6625734655555,191.153889973958,113.707219646823,111.344566850017,81.7341554152906,194.993362426758,0,218.587005615234,193.348455255682,201.914502825056,178.540733337402,204.815272013346,119.388851634243,184.006011962891,107.496172359224,193.985388920225,243.129470825195,148.294732344778,114.772283558442,116.863760948181,113.886024447304,0,165.605197361537,140.003410763211,138.701546342406,193.511775788807,87.8079945748312,103.627000223013,103.90323146505,197.324330647786,198.696664663462,179.488640594482,116.297554258316,132.906019210815,173.701735687256,121.182089866476
137.357570250829,35.5439922183017,40.2931237709155,41.9635142759171,143.498318339503,145.96301977975,150.691552506443,117.454478592921,139.064660529035,109.390833472972,145.446543037891,67.6392409588996,138.091269815379,46.0887581362664,140.73850375165,132.612519034504,36.2082213489173,72.98931843565,66.257166786415,70.2504201407905,143.938044379739,83.6557507134009,40.5208250090264,44.3233917898242,100.706754972112,34.0237260280709,42.9897988663877,20.243451468462,90.3726077664116,134.547324702425,117.614818552303,26.4324615923696,126.200196971064,131.602222600632,76.7082963052028,166.75571169172,117.516747078529,98.4804142039846,71.2144006272437,202.317329406738,0,192.300644584324,166.941044990053,188.826078380238,184.419336830697,189.448708785208,124.543410517375,194.301872253418,106.98482586578,183.290440109541,206.001647949219,104.733275323897,117.273299655802,119.191942828441,120.134707554131,193.785369873047,137.390759508149,92.721901394072,111.11361200677,162.742742759747,82.8917221513767,107.264970992707,101.282939558968,164.823174953461,187.536816847952,171.600119707061,117.283873921349,150.578590393066,159.95783441717,120.214672547008
84.3893997206617,107.938152949015,104.792274320155,63.3999582257464,20.2494862110175,113.162274678548,72.6697248846311,39.2860289903033,86.3473226807958,53.9936724274336,32.3729659999331,157.642865628612,49.4694367241261,164.429639304557,100.340603989056,76.7478786481179,37.4447721805222,138.421554196265,179.863408043271,162.515078226725,28.567483916777,28.4133536992883,58.8922398270808,66.2555204515143,19.9070712370128,151.208261161015,146.356230768029,90.3726077664116,13.2930318795044,94.2017392221433,42.9383196268427,183.631941477458,133.924449564616,75.959234307029,75.0734748002088,145.0935643514,196.887802124023,169.101709503488,74.4733550649294,137.204475221898,185.914398193359,148.598345052509,131.142663611435,162.873672941811,91.0091619103905,142.52280545146,202.319753011068,139.872468611773,211.427209472656,160.551515025477,129.871585845947,126.228069404503,193.958923339844,210.613067626953,215.632120768229,60.8907439146149,129.613596309315,73.9972509678786,148.922713389948,108.15361966364,182.638458251953,202.085430642833,160.923734385496,127.304992171833,152.21908571479,130.549274428751,0,198.825775146484,139.013705177913,150.545967597466
23.0620509716065,133.243600845337,123.823393850989,84.9923791625068,108.461478036025,27.9485859086242,64.0191619505252,69.538036933503,47.8513639114788,83.9117065646691,109.249822642099,71.7347113785234,113.781906457849,90.7230774796249,29.8626907000157,81.4794109033984,115.045070224338,107.266411793421,113.331294550372,107.516353184147,115.910022017244,77.9616946284043,121.236555608114,99.1061406786395,92.2595645384554,97.4235520473746,121.864398420711,134.547324702425,94.2017392221433,12.5488234591582,34.4205399640749,106.809012244729,17.2225785516898,19.3796362146364,41.8824400107294,160.062491760254,192.956939697266,182.182017008464,98.3598546409607,176.09139831543,222.56005859375,177.142576904297,152.473092622395,184.612220255534,114.227868870326,177.296370579646,227.601501464844,167.541620890299,196.533528645833,184.271525065104,174.307678222656,167.697510528564,203.847875976563,0,162.434346516927,153.15420627594,168.624649741433,128.5452003479,174.715022874915,138.371960569019,0,176.925412641253,174.290225367392,156.318171618278,176.548033184475,159.660124994093,197.388336181641,0,160.26188659668,169.643380416067
39.1167972875175,119.390710269704,104.759288531763,67.3674755863466,105.155089569092,108.889255523682,109.30368562338,30.7518362281958,86.7683757128297,63.8655923233341,103.793723127268,135.393002999795,122.807205708822,170.064699808757,69.5391913359782,93.1210372924805,84.4435198198665,79.6193754413925,127.830666097005,107.321229836375,141.429217529297,31.2871647698247,68.273528152042,57.1137349420845,76.6688598664612,146.899257884306,131.52133933534,117.614818552303,42.9383196268427,34.4205399640749,13.6216872114396,170.485702514648,128.69541813777,29.8668130508117,37.8968504434145,151.437211843637,0,167.706052278218,79.4127104240551,106.395362854004,0,170.044145202637,129.472947215582,168.876585083008,106.789885061759,170.983062744141,0,201.619400024414,200.53662109375,164.536032570733,0,122.676796459761,188.181415557861,198.157409667969,0,174.782302856445,137.59928373857,76.9656155351279,151.170091604258,116.710002763897,0,210.350245884487,165.336981221249,127.494601560954,156.938324802944,137.81328756159,0,0,137.094631781945,148.06375840131
0,68.9685182986052,98.2951785393481,81.9263435363769,164.310440063477,95.7635841369629,138.30165977478,176.571634928385,113.08134728509,136.431815556117,183.026651170519,44.0146264920573,181.559172058105,23.1698059376295,112.277948819674,0,0,86.897283707542,51.516632722941,66.4293866157532,0,128.497299194336,110.608579884405,141.477761586507,152.933731189672,50.7922338087167,32.4279818875351,26.4324615923696,183.631941477458,106.809012244729,170.485702514648,10.5834288000417,107.299951900135,162.634811401367,79.0415713090163,189.178527832031,121.444459438324,138.782836914062,58.2947919091513,0,0,159.684967041016,229.987571716309,138.061508178711,192.390777587891,0,107.882677290175,0,94.7649249366267,157.648849487305,0,215.426315307617,137.669801330566,107.548433477228,115.247778998481,0,183.537338256836,147.636698404948,182.244300842285,208.108807373047,67.7730654354753,108.444358695932,106.030273313947,0,153.037628173828,0,103.729537963867,119.283401489258,183.775062561035,122.155728560228
96.2112066095526,121.977786472866,162.060792880588,130.741391499837,135.446618556976,12.14189625955,26.1987311731526,126.567853671401,23.3732568618589,131.912844276428,126.661723096147,60.4426946471676,109.33608933499,75.9972512780166,16.5562365201095,39.1469109401398,202.614802042643,118.498459313133,102.605646230407,94.1330988538134,126.69449874333,148.85105763311,140.40548359264,159.721224645141,134.373200049767,84.3319811719529,105.929573540939,126.200196971064,133.924449564616,17.2225785516898,128.69541813777,107.299951900135,7.22942636894627,71.8290013765034,32.8946191167613,214.858535766602,0,157.720703125,127.05948475429,0,0,220.548975626628,201.939332750109,231.646606445312,162.805282592773,225.662185668945,0,0,139.365615844727,211.171772003174,0,0,157.54077911377,150.759658813477,174.264526367188,0,0,0,0,175.255075073242,117.904861450195,158.72610727946,166.810086250305,202.649649483817,217.085623604911,188.06591796875,189.502288818359,0,193.20068359375,0
57.2238873839378,137.611238479614,114.795176782341,75.4436832081188,90.770864940825,0,105.784890003693,80.6177700502086,96.0458532159979,68.503481656185,98.1544448596805,98.2964174798194,100.237014770508,178.74768371582,63.4592969298363,92.7364336649577,120.802092234294,90.3696034509754,120.122637884957,108.001557181863,101.941168785095,68.6334302175613,95.9571133781882,83.9643657059662,79.3958778381348,158.025573730469,122.700811862946,131.602222600632,75.959234307029,19.3796362146364,29.8668130508117,162.634811401367,71.8290013765034,7.88820002770403,30.4817870356716,156.495180765788,0,151.512129211426,84.6770675509584,169.00239054362,0,164.869998168945,141.477346646584,182.108781602648,97.4833484996449,152.266464820275,0,123.764305114746,0,177.049808848988,0,164.864820480347,243.035766601562,0,0,144.447723388672,152.725672403971,91.4790579477946,186.930068969727,127.259060125241,162.109680175781,179.457188924154,184.009188842773,140.433249004817,160.932787758963,148.071357303196,234.483551025391,0,148.15007909139,182.980663299561
75.7030262736093,74.7674808908016,68.7244894520401,73.775194510767,104.840640832882,35.6998866112876,86.8201948444495,96.3357389251907,69.5442855296991,83.461298012152,105.503386826239,29.5221896572918,107.891481485798,58.3471972761483,57.6379345557,79.5103817515903,82.4273042566636,49.4339280706709,71.0434301445775,51.8221063261712,113.533383808439,45.8783438861335,79.0613504818508,54.0113513361563,92.9030293360608,65.9471982683454,72.6625734655555,76.7082963052028,75.0734748002088,41.8824400107294,37.8968504434145,79.0415713090163,32.8946191167613,30.4817870356716,11.5031760893613,156.808683776855,162.575717926025,113.972006225586,93.8897760983171,168.661141289605,0,188.436254327947,148.781462574005,186.986097717285,98.005620320638,164.431632833278,156.650514602661,200.129150390625,133.791935511998,181.105368041992,0,123.031000064898,142.987964448475,146.389320373535,142.610467910767,182.170074462891,157.574438985189,88.6501770019531,127.813678296084,131.145852722168,175.097297668457,129.481355479066,119.066029534085,143.387835237169,172.834149017334,160.738539559501,159.631423950195,0,149.126640319824,143.994823728289
161.323875427246,0,167.650936126709,96.6955261230469,161.203587849935,0,165.610005305364,169.756950378418,157.655006953648,111.966407775879,166.252628871373,230.419609069824,159.301354980469,208.927124023438,178.316203308105,235.466751098633,159.705879211426,180.801825387137,0,213.184143066406,163.918449401855,142.750603812081,133.816930135091,178.052961561415,138.560746413011,0,191.153889973958,166.75571169172,145.0935643514,160.062491760254,151.437211843637,189.178527832031,214.858535766602,156.495180765788,156.808683776855,14.2751325614601,144.575256347656,112.331615033541,74.9123840332031,89.1748051919228,97.6644337972005,95.6329851059687,37.7448665333014,67.0930246126724,77.041346711722,83.142031671373,122.629888343811,114.900715192159,151.415710449219,26.0150700002825,97.9577293395996,110.859121909508,111.677722869132,134.598029210017,125.682730320522,84.6572744706098,92.046552994672,95.6573574542999,103.481714517995,79.1876196334052,173.177444458008,119.956101833246,137.247791630207,88.0619484343985,30.3805570257151,27.8706356737677,158.360019683838,86.8469268798828,57.0661588592529,87.9332482432142
0,0,100.307359695435,164.287460327148,0,0,0,0,176.489379882812,190.159484863281,0,117.131370544434,0,109.261622378701,149.916976928711,0,152.058368682861,111.497567749023,134.810078430176,115.173040601942,0,0,108.681797027588,132.418998718262,168.170954386393,98.334103902181,113.707219646823,117.516747078529,196.887802124023,192.956939697266,0,121.444459438324,0,0,162.575717926025,144.575256347656,8.93377289646746,51.5529285366252,29.9113096412993,86.0677719116211,125.342308044434,134.855940682547,132.348481314523,160.88200463189,74.5860321685558,114.726057052612,74.6386479168403,129.560084751674,54.6503690557965,152.536108265752,123.513330078125,52.2296630905335,64.3047334534207,84.6153303610312,70.0465763912925,0,108.404856363932,22.7099880267572,74.102776421441,80.1894308712938,23.2075550188344,58.5686198877946,35.811702570925,101.853536551339,135.398757510715,121.439458574568,68.7127224184432,0,113.986013412476,73.7455822197167
