1.0000000000000,0.3809216359631,0.4523700415177,0.5115070650032,0.4868293849948,-0.0853581854283,0.3580922499764,0.1286258658144,0.2201772165048,0.4241030370512,0.3448542440230,0.2886681875859,0.5390375102037,0.3672197994288,0.6300817453621,0.1666753393077,0.4598452362626,0.7222161299187,0.3914246832499,0.5316849853376,0.7181895708829,0.5487516829815,0.4882737540151,0.6140933143468,0.3920033739396,0.3604713306940,0.3698801521421,0.1357103805781,0.4846823266765,0.5840687043171,0.4441738752167,-0.3265439183461,0.0843176845163,0.4097012703652,0.3872826581683,0.0228175100520,0.0040584957690,-0.2320659346358,0.2172759627825,0.2980939419594,-0.3513985492031,0.0386957333144,-0.3719775280011,-0.3380049173824,0.3361349683699,0.2814027897136,-0.1700334915199,0.4230136222799,0.1048600273667,-0.3219234855597,0.0137746158846,0.4514165167694,0.1467066629855,0.0361509446323,-0.1717082515745,0.4633747482691,-0.1533950586724,0.4337673951064,0.0452456328328,0.2416356438350,-0.4539519221546,-0.5040139566017,-0.3750704107743,-0.1406640906504,-0.1746007060040,-0.0833854200397,-0.2060100904974,-0.1729434358476,0.1053330094387,0.1919155160048
0.3809216359631,1.0000000000000,0.1628157351939,0.7486912714099,0.0965434798204,-0.1121978711961,0.2384271740519,0.2420346160557,0.2314996740504,0.1523488232972,0.0512716982666,0.2655302305019,0.2206459512786,0.2750596149717,0.2990846712354,0.2085444512803,0.0725792029238,0.5803335366489,0.2609036167861,0.3401989163072,0.2799501575102,0.1802728909307,0.4953723506224,0.2460941613161,0.3368244402527,0.6965434047961,0.4912790601625,0.0342878938182,0.1799264548155,0.6321538966570,0.5969252583979,-0.2010380953191,0.1204060493912,0.3932352639274,0.6792842883464,0.1983088466716,0.5196106676704,-0.0801970436942,0.4377983433391,-0.0994865422006,-0.1791730753781,-0.1611501495414,-0.1624421134743,-0.2697878902924,0.1766745997583,-0.0057194866695,-0.1187267717685,0.1058501749805,0.0079978778805,-0.2357109394045,0.0093283680309,0.0403085142524,0.2371130578345,-0.0473146448336,-0.2570757165339,0.0771089491379,-0.3771169035117,0.2806119924338,-0.2137122738539,0.4377085514624,-0.0243989763455,-0.1534260473156,-0.1047490111694,-0.3533925653244,-0.0137682437121,-0.0234326074453,0.0746470691710,-0.1071943625515,0.1124254580436,0.5097297109461
0.4523700415177,0.1628157351939,1.0000000000000,0.3497719427985,0.0542699705824,0.0037503712453,-0.0023208729182,0.3718930028093,0.1356891075839,0.2390189160164,-0.1106583780134,0.0907792572089,0.0215032717696,-0.0052876574006,0.1474666227884,0.0091826546303,0.3234125640144,0.5711830744399,0.0559719543769,0.3633886887522,0.1918910527361,0.4901497347750,0.2457751347628,0.7106988597902,0.3023326248828,0.2270818734128,0.6539400095716,0.5116617988445,0.4985331480362,0.0788212272045,0.3974395652656,-0.0375811510003,-0.1566037863807,0.0287646894558,0.2013035546905,-0.1987728313082,-0.1249103543845,0.0683412976880,0.1617920356489,-0.1246847338708,-0.2445013771467,-0.1199259240934,-0.1459465684543,-0.1938078314513,0.1843765498877,-0.2054840957956,-0.2529187813664,-0.1117894208855,-0.1515769215088,-0.2626585140714,-0.2313730372569,0.2998900311407,0.1208509866758,-0.1825738743822,-0.0870997198044,-0.0583102136259,-0.1265843984730,0.1516922616459,0.2373600286967,0.1088496892195,-0.1468974298400,-0.2066991419211,0.1473891708014,0.1765814714260,-0.3755818096014,-0.2007899801340,0.0754183850372,-0.2622613094518,-0.1141446273144,-0.0391170839774
0.5115070650032,0.7486912714099,0.3497719427985,1.0000000000000,0.1390181566942,-0.0315068249698,0.2632378176162,0.3235353825307,0.3654608430560,0.3500657287166,0.0568146743818,0.3568438296463,0.2721662935979,0.4180811653616,0.4013256309211,0.3409798450889,0.1993368932233,0.6684881321076,0.3353945765813,0.3542027426257,0.3557616185120,0.2985313408756,0.5979072166708,0.3470472022782,0.4995055276198,0.7814083735060,0.5546680142293,0.0848204947816,0.4420750204131,0.5674224694597,0.5604351444357,-0.2535367999015,0.0816363050307,0.4291997868546,0.6067662040791,0.1445445000706,0.3117588440001,-0.1403980488222,0.6742329443797,-0.0637669929600,-0.2114192964236,0.0178596352942,-0.1406638520701,-0.1113019593882,0.4243873962383,0.1075458985197,-0.0336273727842,0.0595763673390,0.0978941776886,-0.1662062027593,0.1114122858574,0.1993767850124,0.0497913998254,-0.0371399919572,-0.3879220786313,0.1159233657493,-0.3858899157787,0.4376952071253,-0.2233353623239,0.5399743265575,0.0074664465835,-0.2093278700651,-0.1622112315423,-0.1827288654146,-0.1594681780474,-0.0485667701065,0.0353129928992,-0.1515852694075,0.0712008002581,0.4553239035346
0.4868293849948,0.0965434798204,0.0542699705824,0.1390181566942,1.0000000000000,-0.0530843356948,0.5244222847856,-0.1395341405636,0.1773915694208,0.4843049529186,0.6126015255651,0.0208436141183,0.8421962329284,0.3087824164275,0.4116418232377,0.3140566286577,0.6699115777105,0.4024446414551,0.3802892197711,0.4359147218009,0.8110676097792,0.6568600649493,0.3129618451546,0.5076002901963,0.4108437937125,0.1118168764132,0.1951072168172,0.0566412383935,0.4526633651673,0.3713371801482,0.1493679636259,-0.2994048101541,0.1516948705686,0.3206615592647,0.1208688604278,-0.3029194535139,-0.4045837282604,-0.3466961436440,-0.2150621415305,0.9037263407151,-0.1684312728158,0.2476505017843,-0.5561648380594,-0.2124289272677,0.2496604789852,0.5689532129988,-0.2610611296231,0.8089813883231,0.1158141292773,-0.3284116573846,0.3147007974860,0.5753185307808,-0.1311211683774,-0.1019018836596,-0.2196660352826,0.8265471228595,0.1409740511624,0.2297514136242,0.0694439237348,0.1845492543959,-0.5912111009836,-0.6740548026418,-0.2824260794988,-0.0049839960711,-0.3320508963706,-0.2830889968550,-0.1899799490487,-0.0452257015004,-0.0306770542118,-0.0820128540135
-0.0853581854283,-0.1121978711961,0.0037503712453,-0.0315068249698,-0.0530843356948,1.0000000000000,0.0404232333052,0.2444033746843,0.4005180144220,0.0113303355300,0.0865017046151,0.2355654100032,-0.0857075387471,0.0494676579056,0.1165549591187,0.3397846976662,-0.0706880143057,-0.1229008059448,0.0897191601929,-0.1347323790334,-0.1412007432258,0.0661098170533,-0.0411161268778,-0.0323151717076,0.1136381562421,-0.0499356217190,0.0637533633243,0.0470705132145,0.1851569927942,0.0311432310788,0.0114570369626,0.1533347081633,0.5758436149285,0.0349321692256,-0.0558448113510,-0.0558576221418,-0.1417582949343,-0.2023472365182,-0.0133607427627,0.0492046253017,-0.0211069653394,0.1928496285294,-0.0053463846610,0.1572618236567,0.1263045983639,0.0137451759450,0.0987064078676,-0.0473984773713,0.0901220497544,0.1660924864358,0.1042369450514,-0.0988673583037,-0.1948558928532,-0.0839147325456,-0.0444029158507,0.0215951066041,-0.1297478856055,-0.1660032086907,-0.0920173554517,0.0839140036109,0.1141305390237,-0.1054568206144,-0.0122783898899,0.2160454599065,0.0189873936705,-0.2432366475786,0.0247304351336,0.0327339348437,-0.0271492894708,0.0180948581710
0.3580922499764,0.2384271740519,-0.0023208729182,0.2632378176162,0.5244222847856,0.0404232333052,1.0000000000000,-0.1420911317737,0.6536271660090,0.3475590207814,0.7306948308184,0.3962989878776,0.6986094148905,0.5151743354464,0.5455024851913,0.4069089652666,0.3254344030561,0.4098148594142,0.5304680215925,0.4641082283623,0.5929656143036,0.3489383451418,0.1130117964919,0.2864466040594,0.2326460278204,0.2712943586415,0.2262321576878,-0.0264359872656,0.2581154766678,0.5143016897035,0.1069393757934,-0.4079530842361,0.2676074764846,0.2108562635342,0.0931029928385,-0.4080981558082,-0.2850471126515,-0.1059423567762,-0.0058866705996,0.4222059096142,-0.0596192061136,0.5383250702893,-0.4840470385628,0.0550887351292,0.1994465814060,0.5983683614446,-0.0464048276440,0.6207801436165,0.3397106519977,-0.2740480502793,0.4015519542474,0.2635416577677,-0.1045413809619,0.1248074675481,-0.2274081177609,0.5183278424519,-0.2573816895119,-0.0031909638500,-0.1981928531333,0.0724565592958,-0.3089700278369,-0.5867127578436,-0.2213693278466,-0.2589466065599,-0.2922376941631,-0.2815934586370,-0.2619115328528,0.1375709571949,-0.1723599476689,-0.1098726599999
0.1286258658144,0.2420346160557,0.3718930028093,0.3235353825307,-0.1395341405636,0.2444033746843,-0.1420911317737,1.0000000000000,0.2237626180109,0.1974813585392,-0.1314617411331,0.0942616415008,-0.1207426473766,-0.0211810143675,0.1786999889845,0.2556058709059,0.0486988885947,0.1229020488992,-0.0337051310687,-0.1594901907322,-0.1282978482896,0.1982696726276,0.2281774463681,0.1705317241266,0.3450045656621,0.3103588348263,0.3239545731750,0.4087673650592,0.3887623830638,0.0947647769902,0.5921607653973,0.2429727407256,0.0616243173999,0.1230064753649,0.1944340614920,0.0355827095797,0.0862225834598,-0.0848248983022,0.2362177557872,-0.1711844314722,-0.1623425946386,-0.2600297166762,0.1358208876913,-0.2048673773490,0.2734052488116,-0.2920576269144,-0.1602457828360,-0.1611364606342,-0.1371111767646,-0.1700099681142,-0.1920315315454,-0.0202379711463,-0.3021331145531,-0.2272631436441,-0.4520727487433,-0.1228273300769,-0.2605123604135,-0.0480982205432,-0.2494575701170,0.2255417786128,0.2043416052949,0.0016440165439,0.1384786363357,0.0865487254819,-0.2092600392096,-0.3714700934633,0.3404004435490,-0.1487991845363,-0.1205197860103,0.0997040259777
0.2201772165048,0.2314996740504,0.1356891075839,0.3654608430560,0.1773915694208,0.4005180144220,0.6536271660090,0.2237626180109,1.0000000000000,0.2654913159430,0.4217611442167,0.6248466079225,0.2760920005707,0.5582453955921,0.5504472686037,0.4299244578486,0.1935259270179,0.3079761427572,0.5969096754328,0.2587750480912,0.2352090940742,0.2911616887754,0.0801731348067,0.2195054025062,0.2859479399487,0.3822492509646,0.2995706978518,0.1580105064251,0.4119095493142,0.3859482380227,0.1832255306311,-0.3579983850891,0.3202390312840,0.1740041689595,0.0570468317105,-0.3497442988496,-0.2091130152371,0.0294245031354,0.1631945169257,0.0990025332045,-0.0428069073912,0.3644702061891,-0.2866121598430,0.2225029416486,0.2864220949307,0.1546268990074,0.1594428540229,0.1937001604048,0.3388784761253,-0.1867734469775,0.2899966917179,0.1502766706834,-0.2942782728988,0.1026399640140,-0.4285162037611,0.1744470209411,-0.2940775363960,-0.0979238282360,-0.2286427281283,0.1313331116741,-0.0961023279432,-0.3497037590796,-0.0522199452153,-0.0271651304297,-0.4033516669588,-0.3603180534625,-0.2139725629179,0.1111597697468,-0.2183899112189,-0.1060661476376
0.4241030370512,0.1523488232972,0.2390189160164,0.3500657287166,0.4843049529186,0.0113303355300,0.3475590207814,0.1974813585392,0.2654913159430,1.0000000000000,0.2553216054263,0.1114761305587,0.5506419515126,0.3453765211492,0.4716611374477,0.5092724866242,0.3654977195466,0.2894769298513,0.2551806800063,0.2536773169875,0.5070150440076,0.3949929828817,0.4457427786062,0.2970549606912,0.6286785714831,0.3585406544687,0.2091192008233,0.3241041290558,0.4078078874192,0.3102418352506,0.1048854591954,-0.1254548583376,0.0331596219943,0.2956615507773,0.0343591045345,-0.1861276824322,-0.2301918301681,-0.3179284836601,0.2498961567458,0.4190631395291,-0.1836323856120,0.0336597167991,-0.3713529762575,-0.2409987441213,0.8279803628571,0.2542451641045,-0.1982685873040,0.4153916066038,0.2294684088625,-0.2080577293511,0.2777769691797,0.2814825254060,-0.3217960380738,-0.1330965197327,-0.3166819561652,0.4260578946963,-0.0769626047724,0.3057054184857,-0.2483071876101,0.3050963508329,-0.0432810588049,-0.6033251684305,-0.1541079390121,-0.0661271986175,-0.2235099955663,-0.4548243524999,-0.0093845543649,-0.1142380105245,0.0513707101888,-0.1077750007319
0.3448542440230,0.0512716982666,-0.1106583780134,0.0568146743818,0.6126015255651,0.0865017046151,0.7306948308184,-0.1314617411331,0.4217611442167,0.2553216054263,1.0000000000000,0.2584387452731,0.6445697697584,0.3148350547391,0.4683993789432,0.3229517803160,0.3580677917203,0.2214085796017,0.3379957509127,0.2176178754994,0.6377736489093,0.3973076115894,0.0731144724379,0.1998854769220,0.1755829637137,-0.0098006472359,0.0361157188914,-0.1001528425365,0.2852588329547,0.3574125344261,0.0700931088838,-0.2791923739482,0.1878927213073,0.3138694092322,0.0733243559576,-0.2862985079737,-0.3081521104555,-0.3191634267225,-0.1754948021213,0.6190006219583,-0.1037636287807,0.4981180442324,-0.5271945680970,0.0206918911334,0.1349265153949,0.7600384298464,-0.0551765730674,0.6590678089406,0.2516309564083,-0.2576292393864,0.3013250182089,0.2918133863678,-0.1906168007220,0.1286168167346,-0.1823409502224,0.6605731616031,-0.1107725511877,0.0167034143334,-0.0868954731163,-0.0070345197180,-0.4072515972420,-0.4802050814793,-0.3700986377116,-0.0658595574924,-0.2430109462492,-0.2892765385218,-0.2701219912533,0.0257624100977,-0.0086792715640,-0.0577153444551
0.2886681875859,0.2655302305019,0.0907792572089,0.3568438296463,0.0208436141183,0.2355654100032,0.3962989878776,0.0942616415008,0.6248466079225,0.1114761305587,0.2584387452731,1.0000000000000,0.0992928028441,0.7436689916687,0.4351172317218,0.0947115574576,0.0961907413272,0.2817656852284,0.6711499181879,0.2654938849808,0.2181099204917,0.1449254494708,0.0668823575935,0.1142986717966,0.2168821674486,0.3328829112519,0.1509378686272,0.0349822437739,0.2204581676365,0.3851703347059,0.1925126710741,-0.5667685768454,0.2940348233546,0.1070662224246,0.0833604543931,-0.1810173176799,-0.0372431062488,0.1078787239628,0.2202771362695,-0.0904968977293,-0.1881989849292,0.2213387441723,-0.2192879944580,0.2978626619073,0.1445508191157,0.0724043033494,0.5444942933500,0.0700832193005,0.6628648903179,0.0433391549925,0.1611988319686,0.0932734678215,-0.0504459275493,0.6573770546080,-0.1111107764847,0.0382157543673,-0.3708657004928,-0.0061389343931,-0.2744626104827,0.1365944374859,-0.0643840749012,-0.2038539864237,-0.1426909498696,-0.2191673900136,-0.1862002458624,-0.1575562014879,-0.4382792102850,0.1722150815467,-0.1664909553609,-0.0448367365266
0.5390375102037,0.2206459512786,0.0215032717696,0.2721662935979,0.8421962329284,-0.0857075387471,0.6986094148905,-0.1207426473766,0.2760920005707,0.5506419515126,0.6445697697584,0.0992928028441,1.0000000000000,0.3805174087620,0.4822458122450,0.3979384563002,0.5453148095660,0.4313504614512,0.3942662934487,0.4661337017494,0.8635764299117,0.5272554050507,0.3703189506039,0.4183158200067,0.3571477435148,0.2381662717814,0.2134756795316,0.0352264943593,0.3443404242250,0.5158393362173,0.1726816438538,-0.3098564942476,0.1596314936343,0.3738387832364,0.1503280119603,-0.2744434755879,-0.3015938121095,-0.3605708970195,-0.0267920704797,0.7585293165976,-0.2086366263157,0.2836242113547,-0.5756620712301,-0.2359567988324,0.3192607194164,0.6385210165120,-0.2573085368030,0.8643860945708,0.1758639250165,-0.3080985526236,0.3710122847095,0.4613982772813,-0.1263450703114,-0.0606194592856,-0.2345463270637,0.8287814561050,-0.0197837453188,0.2739066031222,-0.1000995620672,0.1563346911282,-0.4179858464969,-0.7152735075975,-0.3405509384374,-0.2113817581922,-0.2084523287978,-0.3228972448589,-0.2061681330700,-0.0551141620980,0.0255591220511,-0.0622773871077
0.3672197994288,0.2750596149717,-0.0052876574006,0.4180811653616,0.3087824164275,0.0494676579056,0.5151743354464,-0.0211810143675,0.5582453955921,0.3453765211492,0.3148350547391,0.7436689916687,0.3805174087620,1.0000000000000,0.5706076878250,0.2438724681048,0.3217373173608,0.3658664810968,0.8209150923092,0.4121199972204,0.4123437962373,0.2562849880808,0.1800764946523,0.1560802480271,0.2601194673318,0.5528535543812,0.2070146473324,0.1795106583712,0.2394472691465,0.4026044483913,0.0934157890714,-0.7217415503103,0.3173130329930,0.2088094623009,0.0805732744391,-0.3179158800015,-0.1944848925573,-0.0338832317608,0.1892603198122,0.1507995008114,-0.1432108390133,0.2820789197126,-0.3328254820589,0.2355964966175,0.3027072088966,0.2389995938888,0.4717825927422,0.2784717495023,0.8329999896157,0.0293155050972,0.3963833380200,0.3023697622882,-0.1931709746465,0.5647643254262,-0.2435292087417,0.2440055388916,-0.2641589981426,0.1130501468366,-0.3454027102540,0.0962907518721,-0.1814348552084,-0.4254278528494,-0.1299626828204,-0.3608571212348,-0.3480654106860,-0.2453413555401,-0.5024112017726,0.2498910651534,-0.1890459993212,-0.0661855041304
0.6300817453621,0.2990846712354,0.1474666227884,0.4013256309211,0.4116418232377,0.1165549591187,0.5455024851913,0.1786999889845,0.5504472686037,0.4716611374477,0.4683993789432,0.4351172317218,0.4822458122450,0.5706076878250,1.0000000000000,0.3669285209777,0.3347277481113,0.5054638546004,0.6392719327555,0.5400190552331,0.5606764715488,0.3614285347721,0.2932552219888,0.3071193780426,0.3509961736172,0.4628073577877,0.3001050753694,0.1901682857395,0.3463788476728,0.6575888140782,0.2268308546517,-0.3129326545389,0.3075678987824,0.3746868849887,0.2363989569008,-0.1321726254637,-0.1233861404057,-0.1942024705066,0.1503367933573,0.2920466445514,-0.0437804834819,0.1446809425232,-0.3562886848843,-0.1181161930222,0.3982740999110,0.2867450599266,0.0010256386432,0.3803689162054,0.3443370889801,-0.1200684561634,0.2582400281552,0.2543502263683,-0.0702782929259,0.0573022666961,-0.1865468017978,0.4154337544596,-0.3265952416834,0.1327616731432,-0.2331354776088,0.1453106805243,-0.2313199792528,-0.5262303141638,-0.1578693983056,-0.2173633511505,-0.2683563725336,-0.3337470195507,-0.2271443059152,0.1595134227810,-0.0500543843400,0.1100237453659
0.1666753393077,0.2085444512803,0.0091826546303,0.3409798450889,0.3140566286577,0.3397846976662,0.4069089652666,0.2556058709059,0.4299244578486,0.5092724866242,0.3229517803160,0.0947115574576,0.3979384563002,0.2438724681048,0.3669285209777,1.0000000000000,0.2542659533126,0.1367330973993,0.1525958690731,0.0049627530643,0.2521154301794,0.3206471939977,0.3734654471602,0.1313216878252,0.4269441986849,0.3083310082675,0.1747728560047,0.1451153223241,0.3623684555211,0.3189779674138,0.1887422483746,0.0465132698031,0.2450377413985,0.2907012681312,0.1052535875518,-0.0943756647732,-0.0907680490561,-0.3737063625802,0.2031496938527,0.3453441652644,-0.0203392955450,0.2983062019382,-0.2401450009965,-0.0808512593548,0.4957296823614,0.3033569208478,-0.1465389095823,0.3308948913384,0.1362434986654,-0.1226566670428,0.3885964125541,0.1701526559284,-0.3422505326903,-0.2294474357144,-0.3836281782107,0.3246583003158,-0.1180016989279,0.2028296127810,-0.2400616823965,0.3117184119666,0.0732297037871,-0.3481582482388,-0.1436488786164,0.0742899342222,-0.1835377225710,-0.3868010739313,0.1102696303789,-0.0581804879281,0.0352454825751,0.0572440993161
0.4598452362626,0.0725792029238,0.3234125640144,0.1993368932233,0.6699115777105,-0.0706880143057,0.3254344030561,0.0486988885947,0.1935259270179,0.3654977195466,0.3580677917203,0.0961907413272,0.5453148095660,0.3217373173608,0.3347277481113,0.2542659533126,1.0000000000000,0.4199995126435,0.3045587806735,0.2910263244916,0.5600780473833,0.8110558178627,0.4173339188631,0.6832541805397,0.3804514536617,0.1597812067931,0.2962371181087,0.3358292514922,0.5302717597358,0.2431232257233,0.3378609942626,-0.3158845787721,0.0427156128615,0.1847671073752,0.0645847916288,-0.3238851933938,-0.3691343610163,-0.2350319541412,-0.1853751789963,0.5312573822167,-0.3468097706495,0.1369742837663,-0.4279909153367,-0.2043221724782,0.1584695184400,0.2652480394922,-0.2330218459820,0.4987165234494,0.1904021849406,-0.3603377243711,0.1080276254084,0.9302991657495,-0.1702563421574,-0.0012428492971,-0.3594921518873,0.4589421175563,0.2971344245614,0.4180298498372,0.3175843163070,0.1972123550750,-0.4829445944549,-0.5963144460522,-0.2220751373433,0.0694512173241,-0.4694578676761,-0.1559324010224,-0.1652089958939,-0.2038896930793,-0.1481154733015,-0.2044213532715
0.7222161299187,0.5803335366489,0.5711830744399,0.6684881321076,0.4024446414551,-0.1229008059448,0.4098148594142,0.1229020488992,0.3079761427572,0.2894769298513,0.2214085796017,0.2817656852284,0.4313504614512,0.3658664810968,0.5054638546004,0.1367330973993,0.4199995126435,1.0000000000000,0.4862298193452,0.8003041374464,0.6056918028491,0.5552644711354,0.4322779584941,0.7209702652482,0.3375390168390,0.6149845104619,0.7630227946392,0.1655890560447,0.4744000539017,0.6170247400716,0.5642999537668,-0.3540684563281,0.0966856368526,0.3787693912153,0.6050844033499,-0.1406527413056,-0.0043091611975,-0.0199867250038,0.2403409581707,0.1058177902106,-0.2958115565809,-0.0087040265384,-0.3453991229462,-0.2749500375004,0.1832479588892,0.1111750430757,-0.2195785014600,0.2325973610070,0.0010981202956,-0.3789225261104,-0.0412878472811,0.3983553271599,0.3678091742441,-0.0596808975941,-0.1403552174085,0.2622737484846,-0.3371660120162,0.3070987286481,0.0696996618888,0.2519161269533,-0.4521455521496,-0.4530558555652,-0.1203039122500,-0.2065425448469,-0.3709495118520,-0.0863311026616,-0.0621904163209,-0.1215628500218,-0.0673001667021,0.3177052337099
0.3914246832499,0.2609036167861,0.0559719543769,0.3353945765813,0.3802892197711,0.0897191601929,0.5304680215925,-0.0337051310687,0.5969096754328,0.2551806800063,0.3379957509127,0.6711499181879,0.3942662934487,0.8209150923092,0.6392719327555,0.1525958690731,0.3045587806735,0.4862298193452,1.0000000000000,0.6512702896272,0.4537967198792,0.3043430556861,0.1156501589123,0.2593087173241,0.2261513612067,0.4776703539483,0.3253877057024,0.1531302659053,0.3069514269866,0.4891457990185,0.1162602274068,-0.7214156812257,0.3724278799816,0.2509657698330,0.1484137197614,-0.3462257013724,-0.2164660566942,0.1078972449333,0.0762346273905,0.1984584152105,-0.0403435295193,0.1781663026230,-0.3189051965132,0.1418672656233,0.1471101252557,0.2175889832666,0.3700525171495,0.2776921110426,0.5604220495857,-0.0856926541710,0.2859563096262,0.2512759563025,-0.0130580387955,0.3494614815459,-0.1737693582074,0.2881001154617,-0.2323994573589,-0.0065748459659,-0.2026927994964,0.0273194529772,-0.3670187815371,-0.3960882981976,-0.0379166591333,-0.2495828041863,-0.3737067346833,-0.2040676783011,-0.4680934468423,0.2882953728106,-0.1948881571181,0.0438238797333
0.5316849853376,0.3401989163072,0.3633886887522,0.3542027426257,0.4359147218009,-0.1347323790334,0.4641082283623,-0.1594901907322,0.2587750480912,0.2536773169875,0.2176178754994,0.2654938849808,0.4661337017494,0.4121199972204,0.5400190552331,0.0049627530643,0.2910263244916,0.8003041374464,0.6512702896272,1.0000000000000,0.5917202930167,0.3816157313134,0.1680927422527,0.5502135542348,0.1426917391949,0.4803854884536,0.6198963015296,0.1812827686262,0.2183285212233,0.5625933592653,0.1789874179624,-0.4171903951760,0.1362025236176,0.2584409290541,0.4076279994851,-0.3255566453619,-0.1606729893747,0.1368075637936,0.0866202291646,0.1895209577547,-0.1027725210348,-0.0125964870217,-0.4255278974455,-0.1952057956373,0.0687343708188,0.1149672714795,-0.1433046727136,0.2748922066322,0.1051240373612,-0.2587582234802,0.0585306772713,0.2371770593037,0.4027045301496,-0.0306365584980,0.1665230405875,0.3041307135531,-0.3227527555169,0.0681675974691,0.0449399995040,-0.0171419042378,-0.4312891529890,-0.4740972703535,0.0924222478659,-0.2968209626959,-0.3197737205532,-0.1850203630974,-0.2014133518673,0.0909119536495,-0.1324845407103,0.1784607304640
0.7181895708829,0.2799501575102,0.1918910527361,0.3557616185120,0.8110676097792,-0.1412007432258,0.5929656143036,-0.1282978482896,0.2352090940742,0.5070150440076,0.6377736489093,0.2181099204917,0.8635764299117,0.4123437962373,0.5606764715488,0.2521154301794,0.5600780473833,0.6056918028491,0.4537967198792,0.5917202930167,1.0000000000000,0.5792917205396,0.4305176725091,0.5405232923403,0.3578003943739,0.2630335371339,0.2772200097812,0.0396144113752,0.4107084386344,0.5541224004469,0.2470987068542,-0.4186855292158,0.1200702797756,0.4829222428805,0.3377450597045,-0.2036249058755,-0.2028809777639,-0.3016601455042,0.0613067969970,0.6617909609577,-0.2750450117708,0.1682211828027,-0.5993596509245,-0.2666733604458,0.3304131332888,0.5425811244102,-0.1755902135582,0.7407852659352,0.1840036757844,-0.3619196701442,0.2263877784298,0.5021732142764,0.0684875903040,0.0529646430330,-0.1247645149167,0.8278297464581,-0.0794434053056,0.3787198163962,0.0224475991529,0.1537101152124,-0.5594452242146,-0.6277921574898,-0.3798322869052,-0.1691030455050,-0.2485353371831,-0.2459549799937,-0.2975769910115,-0.0911302356584,0.1100715590148,0.1093551103549
0.5487516829815,0.1802728909307,0.4901497347750,0.2985313408756,0.6568600649493,0.0661098170533,0.3489383451418,0.1982696726276,0.2911616887754,0.3949929828817,0.3973076115894,0.1449254494708,0.5272554050507,0.2562849880808,0.3614285347721,0.3206471939977,0.8110558178627,0.5552644711354,0.3043430556861,0.3816157313134,0.5792917205396,1.0000000000000,0.4477519237174,0.8691111076799,0.4765455801346,0.2165279266900,0.4494059225468,0.2898011084781,0.6811166090921,0.4109717359612,0.5253036094726,-0.1929185049465,0.0840908248496,0.3258949947672,0.2307954169231,-0.2611884968456,-0.3029874660486,-0.2787620858816,-0.0915095154535,0.5208083538900,-0.2977531930030,0.1436663142242,-0.5265171680245,-0.2390242156364,0.2021878052698,0.2530203275751,-0.2943566182256,0.4801279351992,0.0441081918202,-0.4168186410993,0.0802955620800,0.7418156820370,-0.0992990702727,-0.1550161860478,-0.3308368004579,0.4864043846079,0.1826756618589,0.3340904142285,0.3251730812948,0.2345231594394,-0.4111922786439,-0.6052584858738,-0.1779236150409,0.1115364875520,-0.4148620233304,-0.2465923122791,-0.0535860015994,-0.1753226485293,-0.0110422093526,-0.0745637397025
0.4882737540151,0.4953723506224,0.2457751347628,0.5979072166708,0.3129618451546,-0.0411161268778,0.1130117964919,0.2281774463681,0.0801731348067,0.4457427786062,0.0731144724379,0.0668823575935,0.3703189506039,0.1800764946523,0.2932552219888,0.3734654471602,0.4173339188631,0.4322779584941,0.1156501589123,0.1680927422527,0.4305176725091,0.4477519237174,1.0000000000000,0.4145978609347,0.5611767996480,0.4475884675700,0.2512710602864,0.1069092733059,0.4292167002374,0.4746672865143,0.5552330302372,-0.0733289079992,-0.0641568081297,0.5222569333880,0.4222373244369,0.2118592365593,0.2850498784290,-0.3573402942948,0.3603715090336,0.2244235793498,-0.2685452784573,-0.0980027883146,-0.2466290545535,-0.3782555100362,0.4184583844032,0.1338516808693,-0.2139098451051,0.2500804612845,-0.0339702805843,-0.2937714690811,0.0663974937476,0.3784709391808,0.0134982850192,-0.1798471136935,-0.3139459678293,0.3183325683653,-0.0519918731524,0.7852131606045,-0.0109280424892,0.5271267784538,-0.0581162535836,-0.3159647627194,-0.3163061708184,-0.0603479669765,-0.0403868079820,-0.0538940835142,0.1297463382101,-0.2604498182321,0.2829854338437,0.3269623549652
0.6140933143468,0.2460941613161,0.7106988597902,0.3470472022782,0.5076002901963,-0.0323151717076,0.2864466040594,0.1705317241266,0.2195054025062,0.2970549606912,0.1998854769220,0.1142986717966,0.4183158200067,0.1560802480271,0.3071193780426,0.1313216878252,0.6832541805397,0.7209702652482,0.2593087173241,0.5502135542348,0.5405232923403,0.8691111076799,0.4145978609347,1.0000000000000,0.3808397284469,0.2496882055566,0.5932765867907,0.3263964897509,0.6440225516746,0.3864003368011,0.5520758653575,-0.1898812976506,0.0031671100737,0.2241154575600,0.2914855818027,-0.2551615845481,-0.2240833680332,-0.0599612257325,-0.0438637397904,0.2951151549962,-0.2989213439656,0.0421974154369,-0.4321296620359,-0.2728605589393,0.1038371428198,0.0730001699801,-0.3239828119684,0.3374978382449,-0.0834159475143,-0.4350480774440,-0.0534909814676,0.6311936230454,0.1419781576916,-0.1709727914774,-0.1854274614460,0.3408919525672,0.0716310411862,0.2986824153554,0.3877789384218,0.1487155037312,-0.4184990390512,-0.5100028561134,-0.0490798170862,0.0619617932891,-0.4078178090012,-0.1521992215079,-0.0086733759144,-0.1822940706915,-0.0751569306073,-0.0341961380652
0.3920033739396,0.3368244402527,0.3023326248828,0.4995055276198,0.4108437937125,0.1136381562421,0.2326460278204,0.3450045656621,0.2859479399487,0.6286785714831,0.1755829637137,0.2168821674486,0.3571477435148,0.2601194673318,0.3509961736172,0.4269441986849,0.3804514536617,0.3375390168390,0.2261513612067,0.1426917391949,0.3578003943739,0.4765455801346,0.5611767996480,0.3808397284469,1.0000000000000,0.3272596355079,0.2793223106988,0.1080736346114,0.6676229981316,0.3998602509662,0.4194479245440,-0.1350107781964,0.0431725423867,0.2927780728421,0.2026076539298,0.0518397459087,0.0161212438882,-0.2409024727135,0.2696032945829,0.3428805573357,-0.2065422774937,-0.0088920052131,-0.2415293928714,-0.2380177369842,0.5802995592805,0.1951688167330,-0.1249060639123,0.2893319400931,0.0844207769616,-0.2408999774220,0.1162243237619,0.2878109761777,-0.1784007721228,-0.1431891655825,-0.3727858879074,0.2865511944373,-0.1317978148590,0.3380449384829,-0.1221071874584,0.8029642685372,-0.0653772081785,-0.3796126196162,-0.2049763994878,0.1866253344742,-0.1805151749523,-0.2271821893308,-0.0662623255287,-0.1234314270950,0.0624778549883,0.1179627368928
0.3604713306940,0.6965434047961,0.2270818734128,0.7814083735060,0.1118168764132,-0.0499356217190,0.2712943586415,0.3103588348263,0.3822492509646,0.3585406544687,-0.0098006472359,0.3328829112519,0.2381662717814,0.5528535543812,0.4628073577877,0.3083310082675,0.1597812067931,0.6149845104619,0.4776703539483,0.4803854884536,0.2630335371339,0.2165279266900,0.4475884675700,0.2496882055566,0.3272596355079,1.0000000000000,0.6018654584070,0.3183394561953,0.2542696438228,0.5269088878592,0.4131197006540,-0.2836340623985,0.1147720037199,0.3750405967023,0.5436421822910,-0.0699995617976,0.1816931395567,-0.0483691151816,0.5334405929673,-0.1076216628910,-0.1339913719964,-0.1230883764782,-0.2116354813208,-0.1590153819170,0.3872371774001,-0.0818435549500,-0.0486599907822,0.0162309144260,0.2341064479888,-0.1858412524898,0.1477155379171,0.1368406765529,-0.0513447516473,-0.0613064786590,-0.3912049695676,0.0382700747607,-0.4725056962679,0.2453092398209,-0.3599326236828,0.2742122868739,0.0957334278858,-0.2929049873443,0.0839087139002,-0.3965746182941,-0.3045127526004,-0.2600650146265,0.0442351000983,-0.0333471055314,-0.0580753349523,0.3669463337292
0.3698801521421,0.4912790601625,0.6539400095716,0.5546680142293,0.1951072168172,0.0637533633243,0.2262321576878,0.3239545731750,0.2995706978518,0.2091192008233,0.0361157188914,0.1509378686272,0.2134756795316,0.2070146473324,0.3001050753694,0.1747728560047,0.2962371181087,0.7630227946392,0.3253877057024,0.6198963015296,0.2772200097812,0.4494059225468,0.2512710602864,0.5932765867907,0.2793223106988,0.6018654584070,1.0000000000000,0.4715973121060,0.4127921343141,0.3758381732663,0.5033255483413,-0.1452745247734,0.0964620357382,0.2360656574988,0.4969438527468,-0.2894005294854,-0.0613838166241,-0.0230653952516,0.2293659656370,-0.0329056141949,-0.2152333301719,-0.0974241528744,-0.2649848283487,-0.1872020234915,0.1408647224894,-0.1069361754586,-0.3206834764982,-0.0082341234955,-0.0974864085768,-0.2856932024115,-0.0619777054861,0.2404973206901,0.1367073475599,-0.2546413714704,-0.1906189915043,0.0252618783133,-0.3893753831171,0.0656231684151,-0.0315478423438,0.1611333222720,-0.1727455649967,-0.3056347687584,0.1623772612700,-0.0966139191289,-0.4134651743791,-0.3167439095789,0.1204959651101,-0.1970518837340,-0.1576811875592,0.1722484645126
0.1357103805781,0.0342878938182,0.5116617988445,0.0848204947816,0.0566412383935,0.0470705132145,-0.0264359872656,0.4087673650592,0.1580105064251,0.3241041290558,-0.1001528425365,0.0349822437739,0.0352264943593,0.1795106583712,0.1901682857395,0.1451153223241,0.3358292514922,0.1655890560447,0.1531302659053,0.1812827686262,0.0396144113752,0.2898011084781,0.1069092733059,0.3263964897509,0.1080736346114,0.3183394561953,0.4715973121060,1.0000000000000,0.2141247659183,-0.0839390524936,0.1120383529543,-0.0356840792041,-0.0778104871456,0.0011259403801,-0.0402487545264,-0.4290552439548,-0.2057608305704,0.1283046005712,0.0571743434715,0.0021121626368,-0.1547111129533,-0.2521397886255,-0.1911595029828,-0.1641064021111,0.2541899968994,-0.3271660241867,-0.1908151132292,-0.0624946776330,0.1124669341339,-0.2544932356036,-0.0754989752982,0.2956140980884,-0.3315734347937,-0.1532591098873,-0.2370552966946,-0.0369149450626,0.0012103404970,-0.0084924886611,-0.0041353682834,-0.1883064589384,0.0438174699692,-0.2229838514537,0.5078965738573,-0.0177297427061,-0.4591507318263,-0.4857658462410,0.0986765823946,-0.1998026540258,-0.1962852301744,-0.2431312767308
0.4846823266765,0.1799264548155,0.4985331480362,0.4420750204131,0.4526633651673,0.1851569927942,0.2581154766678,0.3887623830638,0.4119095493142,0.4078078874192,0.2852588329547,0.2204581676365,0.3443404242250,0.2394472691465,0.3463788476728,0.3623684555211,0.5302717597358,0.4744000539017,0.3069514269866,0.2183285212233,0.4107084386344,0.6811166090921,0.4292167002374,0.6440225516746,0.6676229981316,0.2542696438228,0.4127921343141,0.2141247659183,1.0000000000000,0.2820129619646,0.4825066415707,-0.2412602764240,0.1334999688865,0.1976071793787,0.1723475130340,-0.1756306778452,-0.2065924862531,-0.1798337426185,0.1186416588128,0.3401634306452,-0.2420596910519,0.1574033343506,-0.2128496424469,-0.1147450005863,0.3392602707397,0.1924188482951,-0.0977119779105,0.2936256794176,0.0145331491558,-0.3005861222634,0.0819625340369,0.4654900219764,-0.2314221104949,-0.1620732732058,-0.4891940856732,0.3563779355717,0.0161083445360,0.2527153237005,0.0890706724139,0.4049069791706,-0.2698963723912,-0.3436319717709,-0.1862744553234,0.4115360759773,-0.4300583768718,-0.1917776256834,-0.0558298881805,-0.1515349117210,-0.1076454041014,0.0080616573985
0.5840687043171,0.6321538966570,0.0788212272045,0.5674224694597,0.3713371801482,0.0311432310788,0.5143016897035,0.0947647769902,0.3859482380227,0.3102418352506,0.3574125344261,0.3851703347059,0.5158393362173,0.4026044483913,0.6575888140782,0.3189779674138,0.2431232257233,0.6170247400716,0.4891457990185,0.5625933592653,0.5541224004469,0.4109717359612,0.4746672865143,0.3864003368011,0.3998602509662,0.5269088878592,0.3758381732663,-0.0839390524936,0.2820129619646,1.0000000000000,0.5318653301888,-0.2450739357395,0.2663953255929,0.5971254947103,0.5670761127352,0.1248560442486,0.1643001486472,-0.1851732452911,0.2569560463811,0.2223548896274,-0.0930322557769,0.0628914944689,-0.3724633922951,-0.2209032865935,0.2405372725338,0.2964923474929,-0.1683401236923,0.3890564246181,0.0899365753919,-0.1926749234174,0.1828457233922,0.1873235751914,0.1985276006972,-0.0324490438933,-0.1545957333703,0.3895258376472,-0.3621485160185,0.2915236917450,-0.1609173386051,0.3774790479679,-0.1861803586858,-0.4720394938512,-0.2628347076137,-0.3405091381818,0.1100245415183,-0.0918828120882,-0.0860636924267,0.0521862723705,0.2357163804922,0.3534940708723
0.4441738752167,0.5969252583979,0.3974395652656,0.5604351444357,0.1493679636259,0.0114570369626,0.1069393757934,0.5921607653973,0.1832255306311,0.1048854591954,0.0700931088838,0.1925126710741,0.1726816438538,0.0934157890714,0.2268308546517,0.1887422483746,0.3378609942626,0.5642999537668,0.1162602274068,0.1789874179624,0.2470987068542,0.5253036094726,0.5552330302372,0.5520758653575,0.4194479245440,0.4131197006540,0.5033255483413,0.1120383529543,0.4825066415707,0.5318653301888,1.0000000000000,-0.0415728998248,0.0727712814715,0.4636057726121,0.6050385212734,0.1617083592711,0.2590060338694,-0.2032959732753,0.1942534200891,-0.0092882843751,-0.3071616316195,-0.1667418251089,-0.2160620487794,-0.2929584631507,0.0360699774100,-0.0507982987972,-0.2680447714279,0.0770040455409,-0.1737506212068,-0.3569429778445,-0.1767065604526,0.2723088653499,0.0872396135078,-0.1214062784192,-0.3906926208152,0.0975487309588,-0.2571065758429,0.3273098536337,-0.0346163905994,0.3941676889596,-0.1472734162360,-0.2015347735212,-0.2269629553929,-0.1599867938135,-0.1037521055579,-0.0573044701618,0.1578627821848,-0.2333415152908,0.1075041151107,0.3299430477319
-0.3265439183461,-0.2010380953191,-0.0375811510003,-0.2535367999015,-0.2994048101541,0.1533347081633,-0.4079530842361,0.2429727407256,-0.3579983850891,-0.1254548583376,-0.2791923739482,-0.5667685768454,-0.3098564942476,-0.7217415503103,-0.3129326545389,0.0465132698031,-0.3158845787721,-0.3540684563281,-0.7214156812257,-0.4171903951760,-0.4186855292158,-0.1929185049465,-0.0733289079992,-0.1898812976506,-0.1350107781964,-0.2836340623985,-0.1452745247734,-0.0356840792041,-0.2412602764240,-0.2450739357395,-0.0415728998248,1.0000000000000,-0.1561707097166,-0.1290671315506,-0.0909869459120,0.2896639756350,0.1447257111843,-0.1556860317154,-0.0252798317222,-0.1262788891860,0.1957491708499,-0.1991962054072,0.2692750650484,-0.2404149991598,-0.0418679477949,-0.2328884107990,-0.4436398190592,-0.2455493581202,-0.6067862613326,0.0527927731678,-0.2676717017138,-0.2907109664651,-0.0199035467644,-0.5607369344178,0.1027246181248,-0.2193765142528,0.0755007105314,-0.0959000167245,0.0779142278248,-0.0318396696562,0.4041711963696,0.2010131465627,0.1719714866142,0.2216943144304,0.2758804009563,-0.0105435882399,0.6138582747821,-0.0611820563710,0.1582982888440,0.0038044451015
0.0843176845163,0.1204060493912,-0.1566037863807,0.0816363050307,0.1516948705686,0.5758436149285,0.2676074764846,0.0616243173999,0.3202390312840,0.0331596219943,0.1878927213073,0.2940348233546,0.1596314936343,0.3173130329930,0.3075678987824,0.2450377413985,0.0427156128615,0.0966856368526,0.3724278799816,0.1362025236176,0.1200702797756,0.0840908248496,-0.0641568081297,0.0031671100737,0.0431725423867,0.1147720037199,0.0964620357382,-0.0778104871456,0.1334999688865,0.2663953255929,0.0727712814715,-0.1561707097166,1.0000000000000,0.1056925684499,0.1240436190860,-0.0910365098036,-0.1060943637291,-0.1770869818813,-0.0579388135577,0.0984079538934,-0.0239058261578,0.1976043133291,-0.0439695036629,0.1538732385166,0.0647319062904,0.1553738181730,0.1835070623571,0.1985132270579,0.2904166132902,0.1900801939092,0.1096470543074,0.0238710948226,-0.0254146483869,0.1490520911027,-0.0560807279296,0.1943285024766,-0.1318431877941,-0.1970948515589,-0.1570118370434,0.0046911111294,-0.1686438407867,-0.2563014887838,-0.1461123775208,-0.0913770377768,0.0499492201172,-0.0866467663829,-0.2162181724199,0.2644809614962,-0.0553923692582,0.1071412061353
0.4097012703652,0.3932352639274,0.0287646894558,0.4291997868546,0.3206615592647,0.0349321692256,0.2108562635342,0.1230064753649,0.1740041689595,0.2956615507773,0.3138694092322,0.1070662224246,0.3738387832364,0.2088094623009,0.3746868849887,0.2907012681312,0.1847671073752,0.3787693912153,0.2509657698330,0.2584409290541,0.4829222428805,0.3258949947672,0.5222569333880,0.2241154575600,0.2927780728421,0.3750405967023,0.2360656574988,0.0011259403801,0.1976071793787,0.5971254947103,0.4636057726121,-0.1290671315506,0.1056925684499,1.0000000000000,0.6075222611471,0.2128380986455,0.2079640388253,-0.3840185776939,0.3127834588076,0.2847452981873,-0.0806643342896,-0.1159933997646,-0.4349402413288,-0.1668665200640,0.3175473691300,0.2394214788090,-0.1493941867370,0.2432850837626,-0.0300687695283,-0.2081095203048,0.0825763189506,0.1387688709105,-0.0382151211433,-0.1290153007943,-0.2013733662150,0.4344796195732,-0.1977143248070,0.4084533622536,-0.1725297118542,0.2297662156781,-0.1836840672015,-0.2528504022140,-0.2943929948071,-0.2230591230486,0.1405153804132,-0.1825272896340,-0.0548336663245,-0.1314517602498,0.6388587233275,0.4945559541515
