1.0000000000000,0.1527284222316,0.5291468206452,0.4011539883837,0.1092555807535,-0.0241348330801,0.0946847772952,0.2922379203586,0.1131775551579,0.3961078448748,0.0580004265594,0.2422295429151,0.0722811200192,0.2715508402932,0.6917764208771,0.2588215865692,0.1316569854426,0.4770407547116,0.3196142423514,0.4758474068677,0.2475742996823,-0.0208402800608,0.3245084145391,0.0957613991979,0.3342749229054,0.2440158548112,0.2368112622130,0.4124691781108,-0.0214027261077,0.3414300311845,0.3651096981259,-0.0406707815350,0.2325443025383,0.0996852619075,0.1663022010842,0.5864220784942,0.0617079478889,-0.0063306477111,0.3866689453957,0.1039888351408,0.0489356434422,-0.1680423573029,0.2531129425652,-0.0386408954555,0.3560366618854,-0.0615198799091,0.1450767146447,0.1002230132321,0.1258518696307,0.5594799447437,0.1793338786286,0.1073426965235,0.1187965300052,0.1360198732668,0.2246251515854,0.2450839515814,-0.0802312901471,0.2254173345627,-0.0563475762978,0.2922821425905,0.2342342129279,0.0899158660367,0.4154356921593,-0.0211917891896,0.0148729697129,-0.1155652109878,0.2824838534132,0.2404463011124,0.1236546514251,0.1657878578328
0.1527284222316,1.0000000000000,0.2874513217888,0.7551871567694,0.0854891518495,0.0595410794249,0.4057533149708,-0.1746609943421,0.2780445714802,0.2300357997417,0.2179001464976,0.5886560590686,0.2848809082375,0.5262024573679,0.2859280664528,0.4554970529250,0.4553362031179,0.6125435623171,0.4009279276982,0.5680252071542,0.3572680823655,0.3671519327898,0.4798996723860,0.4244456277932,0.2296592213343,0.6506715924890,0.5231756964217,0.3437729849305,0.1321537306038,0.5586297913325,0.5292268507773,-0.3102789444500,0.1309644647887,0.4460997115805,0.6305439533194,0.4510576294964,0.7550627181443,0.1714994883892,0.6639895190166,0.0414730870944,0.2544533409579,0.1848399870136,-0.1695204930047,0.1893902192069,0.2550945296277,-0.0837228865048,0.4920141619946,0.2955176419252,0.3285043706938,-0.2255454342886,0.4016379617975,0.3648806180690,0.5539026438862,-0.1116741692381,0.3764393474866,0.3415556669468,0.2518159601700,0.5180345666114,0.2397332659116,0.2864149581058,0.2653891879936,0.0694454546040,0.5091138396258,0.0947582286163,0.3219861147828,0.5644211871316,0.2498076543866,0.0594938035138,0.3988693559115,0.7144107543926
0.5291468206452,0.2874513217888,1.0000000000000,0.5838560179063,-0.0043340856725,-0.0236549525529,-0.0545089264587,0.4591063348885,-0.0601832914286,0.4261738433032,-0.2404532694933,0.1767183460165,-0.0295703926154,0.2001579737833,0.2801673811359,0.2461466124481,0.3647819965396,0.5526116464875,0.1525328195939,0.4506663334682,0.1455581013442,0.1581359035978,0.4046545788580,0.3854085740898,0.3956084316952,0.4803556247758,0.5628698369795,0.7010043065581,0.2094169525718,0.1665355096711,0.5872749247151,0.0138015258042,0.1063018917553,0.0210332461240,0.3211791266267,0.2829234367419,0.0908908155833,0.5101843026812,0.3673558354592,-0.0356032062128,-0.0709036137875,-0.2096677822710,0.2536658577841,-0.2978271995778,0.3576557817882,-0.3487389628719,-0.0428055502683,0.0207923417037,-0.0456894464273,0.1605377828735,0.1909178000195,0.2817803323408,0.2418215432004,-0.1996782101724,-0.0158763510828,0.2022205245242,0.0381772370031,0.2007621679526,0.1172188682528,0.3380987611983,0.2458292789117,0.2640979710803,0.5716047476843,0.0047362561067,-0.2614520390885,0.1955768610334,0.1735993995686,0.0399774101788,-0.0799418009498,0.2903102198256
0.4011539883837,0.7551871567694,0.5838560179063,1.0000000000000,0.2257662113826,0.0121395833361,0.3615764150654,0.0941994549963,0.2217107446299,0.5534643284028,0.1518130527674,0.5263827391232,0.3522135694179,0.5161097009867,0.3996622231340,0.5782229365853,0.5819091733581,0.6645355667819,0.3850634168042,0.6054478144769,0.4557717142957,0.4421456931133,0.7412265045009,0.5343727997330,0.4851771154354,0.7154086748084,0.5738956957004,0.4329607401067,0.2990638519347,0.5948143357482,0.6573551878482,-0.2616458908967,0.1416488295221,0.3530543247492,0.6566936680078,0.5250847912469,0.6090599041210,0.2601725432233,0.8349290193612,0.1802692474167,0.1749163213782,0.0904234770278,0.0678562123497,0.0294764018606,0.5705248376916,-0.1643148865107,0.3771007552244,0.3755148962868,0.2799515180534,-0.0122288904190,0.5265265868365,0.4717837596074,0.5215309605902,-0.1650472642619,0.3265990522330,0.4779190970490,0.3095190603306,0.6768234117116,0.2751289638306,0.5179081361026,0.3852308869163,0.1200354051864,0.5923651190384,0.2218435803062,0.2033469624690,0.5152345817486,0.3587467885934,0.0509178693203,0.3384438304329,0.7713945636191
0.1092555807535,0.0854891518495,-0.0043340856725,0.2257662113826,1.0000000000000,-0.0946485231232,0.1432321176217,0.2071835131782,0.0157702339075,0.2972385684101,0.6427277148145,-0.0260824071084,0.8345859573920,-0.0365310013123,0.1426527701516,0.1282535989549,0.4266970282106,-0.0244821232116,-0.0551918953350,-0.1384251862720,0.8077793078436,0.5722459470489,0.4065901757974,0.5487956577164,0.4675454543219,0.1024506051076,-0.1798432659481,-0.2408038545018,0.6616181700924,0.5464263563879,0.3225081202772,-0.0122555481633,-0.0181929019585,0.4160690893613,0.2356264202867,0.1461328847858,0.0704225205050,-0.3927988993369,0.1142909784980,0.9741326394363,-0.1442224671401,0.2645238318924,0.1010856332724,-0.1133992867800,0.2827223068619,0.6124462564229,-0.0788240227206,0.7931100065868,-0.0750442134698,-0.0529447125554,0.1289072204967,0.4119062182111,-0.0157681501578,-0.2569857584361,-0.2207092169061,0.7556671371146,0.5352428861630,0.3827268169223,0.5351099267555,0.5208123940717,-0.0523579050621,-0.4279406068572,-0.1760568773762,0.6779118224942,0.5284059701579,-0.0213624674730,-0.0521820950242,-0.0421350234252,0.2506352370779,0.2691921464802
-0.0241348330801,0.0595410794249,-0.0236549525529,0.0121395833361,-0.0946485231232,1.0000000000000,0.5153725226868,-0.0255928989977,0.6605996367955,-0.1794998690049,0.1977210001148,0.3407555882712,-0.0088112525909,0.1837375131341,0.3012081041884,0.4557318627796,-0.1326204205056,-0.0582858883952,0.3619212200368,0.1508235574792,-0.1592628087990,-0.0096498320744,-0.1257270180377,-0.0873046745082,-0.0880440845663,0.1735670589631,0.3077483404844,0.1288744343089,0.0012397707395,0.2096374337150,-0.0831655628690,0.2746031533966,0.3825708195338,0.0368254249743,-0.0424096047888,-0.1022635719456,0.0200691979503,0.0532178559104,-0.1081213109938,-0.1046187574221,0.7376530495647,0.4902124876010,-0.2104011958149,0.5665471051094,-0.2000745653555,0.0866543033759,0.1968825202223,-0.1019736800303,0.2983431602489,0.0478271291092,0.3548740129767,-0.1816446357509,-0.1952124597578,0.3615923662958,-0.1294756325928,-0.2656531646194,-0.1186325357070,-0.2106721408460,-0.1568053372316,-0.1693947410798,-0.0402577151761,0.1517780128019,-0.0728784058704,-0.0372805162886,0.0330531120273,-0.0806052142416,-0.2476962661011,0.3852215799274,-0.0892676057301,-0.0153076827739
0.0946847772952,0.4057533149708,-0.0545089264587,0.3615764150654,0.1432321176217,0.5153725226868,1.0000000000000,-0.2421561842885,0.7567040872933,-0.0210916977133,0.5557973742025,0.6186732281597,0.4413784218868,0.5587408371240,0.5554433211685,0.6186422084308,0.1981703770664,0.2615740920853,0.6063574725856,0.3734900348585,0.2215991646489,0.3238223694627,0.0787218512781,0.1840686067117,0.0067885852306,0.3914203200571,0.3485490659786,0.0172774076508,0.0931871832205,0.6246478890799,0.0836054764103,-0.0815446384757,0.3164677783942,0.4426238755222,0.2606147155437,0.2647016863390,0.2496319030949,-0.0402030419658,0.2814830272211,0.1172551451888,0.6048950435769,0.7725219786928,-0.3662107359514,0.6236276615744,-0.0010024805580,0.2647680028449,0.5161226731048,0.3909164377889,0.5391350405476,-0.0430703869778,0.5306401611693,0.1452799502530,0.0625211044123,0.2048759823762,0.1234486931600,0.1323334245440,0.2030068799754,0.1327181805732,0.0810968673337,-0.0315060411271,-0.0090332981309,-0.0299119131107,-0.0204150640425,0.1325637909547,0.3587096710167,0.1467239376397,0.1189692906475,0.4192146022620,0.3257003026244,0.3244307904023
0.2922379203586,-0.1746609943421,0.4591063348885,0.0941994549963,0.2071835131782,-0.0255928989977,-0.2421561842885,1.0000000000000,-0.1607343647581,0.3992825528134,0.0062701923168,-0.3832682592355,-0.1109292480083,-0.3491669685010,0.1047961138376,0.0215389985547,-0.1301658178550,0.0409133488487,-0.3034657434198,-0.1076031733688,0.0128812678533,-0.1566558688300,0.2109959156733,-0.0187452726846,0.6698884982131,0.1506668011072,0.1264362902271,0.2695498035759,0.4406605915540,-0.1211960021573,0.4266076288246,0.5953741470588,0.0745323335227,-0.0898133855673,0.0243644274121,-0.0115390895889,-0.2815696798445,-0.0243074148166,-0.1080043252706,0.2228743338189,-0.3503598664857,-0.1413849928154,0.7444714377046,-0.3496996467529,0.3518394352629,0.2264353631981,-0.5804597913180,-0.0584099391649,-0.3107833245613,0.4807049510813,-0.0427924087404,-0.2050676166877,-0.1667586044131,-0.0951271256438,-0.3841931292390,0.1361100431166,-0.2534311553462,-0.0726309957088,-0.2000067667746,0.5420756775695,0.1639758799138,0.2122609310287,0.0908570368697,0.3320772071435,-0.2963996971771,-0.2576364914227,-0.1471488293002,-0.0310781720308,-0.2596168930202,-0.0423743892611
0.1131775551579,0.2780445714802,-0.0601832914286,0.2217107446299,0.0157702339075,0.6605996367955,0.7567040872933,-0.1607343647581,1.0000000000000,-0.1037170033412,0.4649672488224,0.6939210563414,0.2060087975759,0.5707187455863,0.6501124557540,0.6241791693641,0.0035935133623,0.1177717781049,0.7389669089565,0.2904706864675,0.0553499997901,0.1884707880760,-0.0314466225852,0.0094097251044,-0.0828159076440,0.2406051710832,0.2567012792472,0.0713274658373,0.0550734048411,0.5083999996274,0.0425596279644,0.0668282442867,0.3994965895403,0.2094924907655,0.0004491691554,0.0394593857630,0.1324840154916,-0.0239441389875,0.1386101104506,-0.0145341558605,0.7210081807263,0.6209063727947,-0.2721554281330,0.8203380914840,-0.0897114592383,0.1717270068448,0.5583465529835,0.1057696174193,0.6042698222889,0.0607055428567,0.4713169905684,-0.0364858125858,-0.1122510322714,0.4935824753610,0.0253475985693,-0.0613796791520,0.0845105151710,0.0138572159380,-0.0542205665683,-0.1402743047494,-0.0891680256707,-0.0902088147654,-0.0237980729674,0.1064058792570,0.2244745640170,0.0595543230125,-0.0268400506856,0.4362617662157,0.1156745044606,0.1438123929782
0.3961078448748,0.2300357997417,0.4261738433032,0.5534643284028,0.2972385684101,-0.1794998690049,-0.0210916977133,0.3992825528134,-0.1037170033412,1.0000000000000,-0.0362697227211,0.0816390501819,0.1845677513932,0.2679723344034,0.2770042137833,0.3206343104508,0.2258401001137,0.2652661362985,0.0994919560830,0.2094010534934,0.3466092784041,0.0962708451883,0.6177541026145,0.1632704278933,0.6602191162403,0.3271985224333,0.1378845335638,0.2254583742402,0.1159058923658,0.2063619374916,0.3774847721882,-0.0513805870287,0.0372479395069,-0.0233938438774,0.2031262450246,0.2050891148084,0.1247360203729,-0.0675496991086,0.5417334042048,0.2912781886730,-0.0680431162255,-0.1030576074709,0.4235260243768,-0.2296999611424,0.9207683374542,-0.0771250249229,0.0086373956844,0.3000634325792,0.1539850621072,0.2831053998134,0.3005485906116,0.1317541001380,0.0635830377872,-0.1473607158341,0.0551260520501,0.4852844979050,0.0436620827783,0.5097419396550,-0.0337472275223,0.6550281760992,0.3378495329413,-0.0668151232407,0.2996728047006,0.0476505891965,0.0154973161371,0.0223140795972,0.3541430168686,-0.0649280325044,0.0171141829585,0.2925473455118
0.0580004265594,0.2179001464976,-0.2404532694933,0.1518130527674,0.6427277148145,0.1977210001148,0.5557973742025,0.0062701923168,0.4649672488224,-0.0362697227211,1.0000000000000,0.2467783625177,0.7175273488045,0.1647996034919,0.4146020964176,0.2816621503170,0.2422301684108,-0.0078463022392,0.2353652015593,-0.0028125002468,0.5379533233371,0.4919403095851,0.1623407953161,0.3475746369923,0.1502605928734,0.1785128990846,-0.0442702762045,-0.2045639608154,0.4860639306615,0.6670709434500,0.1754378871264,0.0671537134283,0.2258240707328,0.5117544173423,0.2117746490615,0.1236813273612,0.1461680311341,-0.4193882730103,0.0589235918388,0.6582268679203,0.1675792603105,0.5308620266725,-0.1155239790033,0.3581628568715,-0.0226630077563,0.7990163049942,0.1764447666590,0.6102736426994,0.2182682317394,-0.0084318516032,0.2114074780689,0.2589245820846,-0.0624207050071,0.0696535268099,-0.1078747335908,0.4606449936010,0.4174042911760,0.2088052653578,0.3445594627246,0.1588745783970,-0.0794704366584,-0.3369931193303,-0.1555158692778,0.5875019720956,0.5728175562558,-0.0324680904987,-0.0652469147161,0.1845498982397,0.3058010419960,0.2733539339213
0.2422295429151,0.5886560590686,0.1767183460165,0.5263827391232,-0.0260824071084,0.3407555882712,0.6186732281597,-0.3832682592355,0.6939210563414,0.0816390501819,0.2467783625177,1.0000000000000,0.2376264605205,0.8785589226706,0.5850719693948,0.5733465854522,0.2723573376935,0.4098897077065,0.8800723511250,0.5878707313096,0.2156359796516,0.3042658984447,0.1409704227937,0.2171597368137,-0.1278472419784,0.4509965057399,0.4725121348805,0.2835425423304,-0.1030806429347,0.5697084797999,0.2035789141099,-0.3529301144449,0.3283191861879,0.2233489471925,0.2170428674135,0.2853568002136,0.3861017111551,0.1203575310852,0.4865460824573,-0.0697025567310,0.6072583856410,0.3828672390360,-0.3881453861175,0.5861894588854,0.0663527262799,-0.1471576977352,0.9002915744121,0.1987663493364,0.7391393847735,-0.1210271453989,0.4632706271097,0.2308241441379,0.2067156145326,0.3947470482220,0.3564413298872,0.1514247407857,0.2145343274992,0.2546542704510,0.1172514041662,-0.1104922719214,0.0756132600817,-0.0429301587387,0.2830764381248,-0.0865487491898,0.3004119993245,0.3172009653253,0.3475415205266,0.3574583656694,0.2243660338220,0.3713807598148
0.0722811200192,0.2848809082375,-0.0295703926154,0.3522135694179,0.8345859573920,-0.0088112525909,0.4413784218868,-0.1109292480083,0.2060087975759,0.1845677513932,0.7175273488045,0.2376264605205,1.0000000000000,0.2157556038822,0.2600651342881,0.2555893631483,0.5298923439068,0.1348063798090,0.1808571291589,0.0609539471222,0.8375567727518,0.6949863412173,0.3654069888184,0.6145625841515,0.2142984764257,0.2374327155102,-0.0260087698253,-0.1926678570769,0.5034144298481,0.7357266083053,0.2440991630900,-0.1596315461900,0.0554416349086,0.5730665122294,0.3302023839833,0.2143128306684,0.2123121130705,-0.2591986965931,0.2418836170264,0.8014885022886,0.0560965009622,0.4694290525232,-0.2258495146422,0.0564546948561,0.1868669830622,0.5416366712650,0.1976855591776,0.9367534342877,0.1400474925524,-0.1769972503807,0.2640614266895,0.5062420786460,0.1312277568054,-0.2275541670647,-0.0485089173578,0.7455199306596,0.6367167176862,0.4055624396429,0.5924741771286,0.2855134116386,-0.0633377952277,-0.3858730863773,-0.1096081481029,0.5212162590231,0.6685539948099,0.1280557904858,0.0558921115679,0.0664831873935,0.3845056807589,0.4146003745028
0.2715508402932,0.5262024573679,0.2001579737833,0.5161097009867,-0.0365310013123,0.1837375131341,0.5587408371240,-0.3491669685010,0.5707187455863,0.2679723344034,0.1647996034919,0.8785589226706,0.2157556038822,1.0000000000000,0.5706297268694,0.5674418907456,0.2997850625841,0.3631182277723,0.8485567634541,0.5000531171570,0.2143007193729,0.2701626954625,0.1462872598629,0.1756284662817,-0.0844680161920,0.4827381114659,0.3614160532019,0.2972152556230,-0.1982404910746,0.4973434219643,0.1494455666041,-0.4241426439835,0.2178797571101,0.1859746149133,0.1738748654886,0.2866441333683,0.3113688851396,0.0895851389197,0.5192154628250,-0.0762571119367,0.5309240805049,0.3227144092218,-0.3389522622070,0.4646005799429,0.2297591201944,-0.2039626093106,0.8443001389152,0.2088450577514,0.8373041088008,-0.0552496281374,0.4779812383108,0.2516311609026,0.1057246531472,0.3066155763955,0.2989806998643,0.1936067133256,0.2073961147495,0.2558828006261,0.0734356961020,-0.0591260584394,0.1655761726103,-0.1115468135670,0.2883105580545,-0.1923910579288,0.2320012663417,0.2074172386058,0.4803873733443,0.3271459309114,0.2132724168224,0.3180059700627
0.6917764208771,0.2859280664528,0.2801673811359,0.3996622231340,0.1426527701516,0.3012081041884,0.5554433211685,0.1047961138376,0.6501124557540,0.2770042137833,0.4146020964176,0.5850719693948,0.2600651342881,0.5706297268694,1.0000000000000,0.5050956488338,0.1038483163461,0.4108622666525,0.6960647536400,0.5419449204179,0.2230900570537,0.1503141669260,0.1901602987920,0.1095187527269,0.1754895141074,0.3517173997995,0.2954304499351,0.3298652239273,0.0517226558024,0.6237891939927,0.2622594292145,0.0931011337766,0.5020155433721,0.2673559203037,0.1385946516855,0.3547257107554,0.0635128370229,-0.1094913431269,0.2934658146717,0.1274449638516,0.3680762669461,0.3107241995742,-0.0227329306502,0.4236116659167,0.2300350688718,0.1760574253457,0.4073302053768,0.2245978288450,0.4599273566052,0.4747095444203,0.3483074584826,0.0610180365155,-0.0071945576040,0.3905607336564,0.1123625018972,0.1703546154006,0.0245996923325,0.1451739597648,-0.0503438090797,0.1063413182161,0.1053847275909,-0.0666824790051,0.2264010902993,0.0838285039719,0.1980216214299,-0.0942613899876,0.2820807613158,0.4810609959631,0.1724856404926,0.2010715688208
0.2588215865692,0.4554970529250,0.2461466124481,0.5782229365853,0.1282535989549,0.4557318627796,0.6186422084308,0.0215389985547,0.6241791693641,0.3206343104508,0.2816621503170,0.5733465854522,0.2555893631483,0.5674418907456,0.5050956488338,1.0000000000000,0.2344986939130,0.3289114674491,0.5532728736036,0.3624853604773,0.2471927105828,0.2632757014357,0.3293317246945,0.2000420590382,0.2262754343457,0.5167842856198,0.3224720244484,0.1975190303953,0.0955855010521,0.5542593129972,0.2700729737982,-0.0244887470287,0.2398712512856,0.2876106171018,0.3491271184063,0.2761686108718,0.3015727424438,0.0450279020545,0.4821802442425,0.0823702301655,0.5968321262541,0.4295612611516,-0.0375451412712,0.4660998313571,0.3330643316953,-0.0455380795299,0.4273844966618,0.2081152932017,0.5475158389696,0.0404169503809,0.8393457179792,0.1378956063466,0.0871575331712,0.2355084880578,0.1050469153516,0.1761978399473,0.1280585343553,0.3092597750086,0.0068894356900,0.2182930778326,0.1809009196898,-0.0471432925379,0.2207234580040,0.0761198544321,0.1643278342836,0.1463157253584,0.1073398043234,0.2722682785618,0.2397287383301,0.4340613245417
0.1316569854426,0.4553362031179,0.3647819965396,0.5819091733581,0.4266970282106,-0.1326204205056,0.1981703770664,-0.1301658178550,0.0035935133623,0.2258401001137,0.2422301684108,0.2723573376935,0.5298923439068,0.2997850625841,0.1038483163461,0.2344986939130,1.0000000000000,0.3149657004780,0.1518391170571,0.2086217974350,0.5430297203598,0.7573507860723,0.5274893205195,0.8081706814205,0.2123372917346,0.4787364895245,0.1969158922660,0.2164553382086,0.4491248722884,0.5550569765086,0.4392020772823,-0.3494325970791,-0.0321953063972,0.4410731106203,0.5202038470218,0.2958668611350,0.4067867128046,0.1633975705216,0.4090519140822,0.3982402543093,-0.0250420551169,0.0890570360546,-0.2373294448585,-0.1611593818945,0.2179621876753,-0.0285256210160,0.2027555555384,0.4921458404510,0.0954137426274,-0.3593645570260,0.2556039456972,0.9408704684668,0.2362904167659,-0.4119445510953,-0.0325320495038,0.5416045429106,0.7220966667978,0.4867277024129,0.7155053819731,0.3402185690024,0.1327223005979,-0.2450470579957,0.2938972274051,0.3432390292925,0.2763129662158,0.4128701043970,0.1142362105697,0.0272287947384,0.3109321294931,0.5285760783537
0.4770407547116,0.6125435623171,0.5526116464875,0.6645355667819,-0.0244821232116,-0.0582858883952,0.2615740920853,0.0409133488487,0.1177717781049,0.2652661362985,-0.0078463022392,0.4098897077065,0.1348063798090,0.3631182277723,0.4108622666525,0.3289114674491,0.3149657004780,1.0000000000000,0.3624243217822,0.7729034874305,0.2400181009729,0.1762669233935,0.4202060242956,0.3692421138541,0.2125670930613,0.4404499343720,0.5157302555680,0.3542938998315,0.0778169119975,0.4305269987580,0.5389979734575,-0.2037438827563,0.0835187441957,0.3897150333774,0.6169809221778,0.5353412335272,0.4903228903646,0.2160974675167,0.5914286748307,-0.0548249123269,0.0997132759347,-0.0355128566121,-0.0445904818831,-0.0182952778140,0.2469671866730,-0.1957555710150,0.2716106481996,0.1910189235875,0.0782158479160,0.0871105494138,0.2507110319178,0.2366223327246,0.7193850906395,-0.0643514189873,0.5365696788877,0.2578878551294,0.0823799338995,0.4096568721824,0.1543316588544,0.1708381326227,0.1564356990909,0.0997745090985,0.4825953154083,-0.0048971535256,0.1771073305246,0.4216638637389,0.2693031442532,0.0125872921406,0.4378978087875,0.5840550558682
0.3196142423514,0.4009279276982,0.1525328195939,0.3850634168042,-0.0551918953350,0.3619212200368,0.6063574725856,-0.3034657434198,0.7389669089565,0.0994919560830,0.2353652015593,0.8800723511250,0.1808571291589,0.8485567634541,0.6960647536400,0.5532728736036,0.1518391170571,0.3624243217822,1.0000000000000,0.5917521678392,0.1041230076620,0.2268400211356,0.0661578336895,0.1186121434312,-0.1538560297248,0.3025395017888,0.3496040117029,0.2667798610805,-0.1629511698939,0.5093133089514,0.1336429261667,-0.3007669321033,0.3036462642273,0.1450038260500,0.0675270550139,0.2163146705350,0.2014098199349,0.0824263832115,0.3480639980119,-0.0903894384440,0.6023375301676,0.3883630642304,-0.3604291611841,0.5783510269213,0.0490363025630,-0.0938827922789,0.7825607827029,0.1337183285461,0.6862892766924,0.0403178361268,0.4106583053884,0.1120468231917,0.0590978649133,0.5395474765636,0.2984200622408,0.0625182639148,0.1547389727276,0.1376646849717,0.0524132300049,-0.1844359971407,0.0097920061075,-0.1085478069666,0.1709482472806,-0.1377103028204,0.2367848231525,0.1718842185875,0.2949217782118,0.4156462912401,0.1508682342615,0.2076182903293
0.4758474068677,0.5680252071542,0.4506663334682,0.6054478144769,-0.1384251862720,0.1508235574792,0.3734900348585,-0.1076031733688,0.2904706864675,0.2094010534934,-0.0028125002468,0.5878707313096,0.0609539471222,0.5000531171570,0.5419449204179,0.3624853604773,0.2086217974350,0.7729034874305,0.5917521678392,1.0000000000000,0.0970323582865,0.1091617291619,0.3317060710584,0.2198340024752,0.0484709374067,0.4727317939897,0.6400926228258,0.4979435221554,-0.0908764144140,0.4213226893582,0.4471837732235,-0.2272758765637,0.1708240768972,0.1420355590520,0.4458671886773,0.4216038855018,0.4124026862820,0.2652277730413,0.5313527110467,-0.1837765074690,0.2736092139361,0.0689413468988,-0.1670631092619,0.1557538046157,0.1328309896481,-0.2653798455010,0.4211331209435,0.0914048668343,0.2000264537583,0.0904425636777,0.2696512580368,0.1490984603775,0.4846731506255,0.1744240741020,0.5796925674723,0.0860606563723,0.0128093578454,0.2793974458805,0.0467010318460,-0.0035672677122,0.1705841137523,0.2197437917565,0.4693346117681,-0.1731585339094,0.1149212237878,0.4128956591738,0.2526872156108,0.1358179605376,0.1821147641961,0.4947563308205
0.2475742996823,0.3572680823655,0.1455581013442,0.4557717142957,0.8077793078436,-0.1592628087990,0.2215991646489,0.0128812678533,0.0553499997901,0.3466092784041,0.5379533233371,0.2156359796516,0.8375567727518,0.2143007193729,0.2230900570537,0.2471927105828,0.5430297203598,0.2400181009729,0.1041230076620,0.0970323582865,1.0000000000000,0.5865982904232,0.4729041141148,0.6047121745964,0.3105588264143,0.2756882134055,-0.0394849910697,-0.0994169754973,0.4807313871408,0.6445205331179,0.3599905621935,-0.2325408305254,-0.0008762725900,0.5617545662846,0.4603592394696,0.3669236703119,0.3389977413165,-0.2313970819294,0.4099350465526,0.7559245781044,-0.0357422626313,0.2097305222340,0.0110441379149,-0.0286204523758,0.3170633380194,0.3738590927808,0.1975470310740,0.8420371799355,0.1250609650556,-0.1006749241316,0.2537941787628,0.5229192538308,0.2729142942561,-0.2280802831995,0.0614838595863,0.9059302271930,0.5742627173104,0.5237242092108,0.5673846860209,0.4170487233123,0.1116389194787,-0.3589104562717,0.1139379203203,0.4899303993679,0.5809294537443,0.1864473573871,0.1451027346729,-0.0455883603020,0.4753864408319,0.5125585775965
-0.0208402800608,0.3671519327898,0.1581359035978,0.4421456931133,0.5722459470489,-0.0096498320744,0.3238223694627,-0.1566558688300,0.1884707880760,0.0962708451883,0.4919403095851,0.3042658984447,0.6949863412173,0.2701626954625,0.1503141669260,0.2632757014357,0.7573507860723,0.1762669233935,0.2268400211356,0.1091617291619,0.5865982904232,1.0000000000000,0.4140008835949,0.8954054181731,0.0848716538038,0.3206663461895,0.0489178341812,0.0578903704213,0.5973305607145,0.7178367001296,0.3641213539441,-0.2485629611922,0.0991871424108,0.5610147238124,0.4393470216634,0.1039482408004,0.3363484957644,0.0192721889216,0.2344190431124,0.5508704799853,0.0169660601103,0.2875104410039,-0.3776879798127,-0.0421277606636,0.0720533044749,0.2253142587961,0.1975724770574,0.6352335551461,0.0854254986046,-0.4308815795568,0.1804016345470,0.7607596726924,0.1509722143109,-0.3349167562641,-0.1619867644026,0.5448472646590,0.9250979229563,0.4331986212094,0.8405956900185,0.1451283741903,-0.1275785901410,-0.4405011123853,0.0650542541137,0.5414110082903,0.4736824040709,0.3896817940320,0.0000537661261,0.1392198805540,0.3978787784576,0.4617782371745
0.3245084145391,0.4798996723860,0.4046545788580,0.7412265045009,0.4065901757974,-0.1257270180377,0.0787218512781,0.2109959156733,-0.0314466225852,0.6177541026145,0.1623407953161,0.1409704227937,0.3654069888184,0.1462872598629,0.1901602987920,0.3293317246945,0.5274893205195,0.4202060242956,0.0661578336895,0.3317060710584,0.4729041141148,0.4140008835949,1.0000000000000,0.4957878796207,0.5875446097254,0.4216957708431,0.2353607927677,0.2124445731154,0.4059645113832,0.4306720425266,0.6534982339250,-0.1607128529326,0.0017307163689,0.2677051117973,0.5429470017206,0.4154313279568,0.5030922899406,0.0376101019329,0.6730965223664,0.3943748246135,-0.0516842190855,-0.1218630050062,0.2789062605614,-0.1779435681027,0.6452405425975,0.0006322497371,0.0571275804671,0.3780083931764,-0.0188398498409,0.0515341774807,0.3383587738162,0.4472218061558,0.4026269288228,-0.2577624605015,0.2453245773618,0.5069154437818,0.3388436030475,0.8730571621232,0.3274311502709,0.6470603083905,0.2981256450068,-0.0384933988884,0.4841913579980,0.3806868175688,0.1983124689947,0.3821712668433,0.2099585894967,-0.1730345807265,0.2970894411838,0.6182818183045
0.0957613991979,0.4244456277932,0.3854085740898,0.5343727997330,0.5487956577164,-0.0873046745082,0.1840686067117,-0.0187452726846,0.0094097251044,0.1632704278933,0.3475746369923,0.2171597368137,0.6145625841515,0.1756284662817,0.1095187527269,0.2000420590382,0.8081706814205,0.3692421138541,0.1186121434312,0.2198340024752,0.6047121745964,0.8954054181731,0.4957878796207,1.0000000000000,0.1953598565967,0.3935877907826,0.1761020333485,0.2148488677401,0.6338177040520,0.6585280052512,0.5114900834146,-0.2365757130764,0.0688300171025,0.5385528011189,0.5873121802962,0.2043220423649,0.4054237634927,0.1087473354191,0.3044121673476,0.5199221464804,-0.0984268278813,0.1053429058154,-0.2379323098263,-0.2047143466161,0.1217089326964,0.1181257047004,0.0790634638781,0.5709279224392,-0.0730310579518,-0.3669219901763,0.1285241504265,0.8088179201666,0.3327153146562,-0.4437025562623,-0.0903646350534,0.5731000769573,0.8246634611694,0.4623695943263,0.8858045072062,0.2592394619316,-0.0113856950610,-0.3098908636238,0.2559896602423,0.5154278766375,0.3859000507018,0.4452956102127,0.0352165659298,0.0555890585167,0.3957079823204,0.5578737062418
0.3342749229054,0.2296592213343,0.3956084316952,0.4851771154354,0.4675454543219,-0.0880440845663,0.0067885852306,0.6698884982131,-0.0828159076440,0.6602191162403,0.1502605928734,-0.1278472419784,0.2142984764257,-0.0844680161920,0.1754895141074,0.2262754343457,0.2123372917346,0.2125670930613,-0.1538560297248,0.0484709374067,0.3105588264143,0.0848716538038,0.5875446097254,0.1953598565967,1.0000000000000,0.2818157470267,0.1987110255726,0.1111276169126,0.5029910582929,0.1698566616544,0.5385539354926,0.2121981796248,0.0055646726921,0.0695179318383,0.2051733380053,0.2817361433988,0.1197832481896,-0.1000492135848,0.3558147676456,0.4709052230204,-0.1664536450538,-0.0268918833093,0.6028972346954,-0.2291623310936,0.7160680330461,0.2188718376648,-0.2483536361444,0.2810903239294,-0.1157187669165,0.2870743902144,0.1960973718594,0.0951988639300,0.0390597252433,-0.2551418866114,-0.1213608504372,0.4111624153111,-0.0295811691586,0.4243837808670,-0.0222113608124,0.9323030649193,0.2059508469756,0.0677405640788,0.1662331771714,0.4542434509993,-0.0210578341945,0.0059418475642,0.0593935951745,-0.1129228092247,-0.0023441073088,0.2451884834967
0.2440158548112,0.6506715924890,0.4803556247758,0.7154086748084,0.1024506051076,0.1735670589631,0.3914203200571,0.1506668011072,0.2406051710832,0.3271985224333,0.1785128990846,0.4509965057399,0.2374327155102,0.4827381114659,0.3517173997995,0.5167842856198,0.4787364895245,0.4404499343720,0.3025395017888,0.4727317939897,0.2756882134055,0.3206663461895,0.4216957708431,0.3935877907826,0.2818157470267,1.0000000000000,0.6345189980920,0.5683826340047,0.2308258634806,0.5200380547490,0.4970391933128,-0.0070932205136,0.1854053158563,0.3489629699563,0.6116152519210,0.3370520735883,0.4098664843332,0.2272051109941,0.4931310345918,0.0582496618115,0.1558926043202,0.1877390402980,0.0027986391885,-0.0171758641215,0.2883390928811,-0.0938444263480,0.2370925170839,0.2231096015589,0.3353680297888,-0.0146458159732,0.4979538842991,0.3843043047607,0.2540386712319,-0.1541680868224,0.0276943680856,0.2937071175578,0.1457414661450,0.2857814773712,0.1361150312650,0.3278290168948,0.5552140755610,0.2693160317870,0.5197743724633,0.0980691437985,0.0280194442579,0.2779665413977,0.1980297828514,0.2273623065381,0.1523606743598,0.6324829721320
0.2368112622130,0.5231756964217,0.5628698369795,0.5738956957004,-0.1798432659481,0.3077483404844,0.3485490659786,0.1264362902271,0.2567012792472,0.1378845335638,-0.0442702762045,0.4725121348805,-0.0260087698253,0.3614160532019,0.2954304499351,0.3224720244484,0.1969158922660,0.5157302555680,0.3496040117029,0.6400926228258,-0.0394849910697,0.0489178341812,0.2353607927677,0.1761020333485,0.1987110255726,0.6345189980920,1.0000000000000,0.6287725279661,0.0256420848756,0.2488603916558,0.4143488533688,0.0664812399765,0.1819219243831,0.0852657563352,0.3700704469541,0.2628198355085,0.3276534658129,0.4490879561895,0.3686629474077,-0.2028971750450,0.2550227895506,0.1140032338479,-0.0840405239774,0.0682224378985,0.1109768054244,-0.2184243020427,0.2411527865630,0.0042634933053,0.1607564369655,-0.0280906198826,0.2435566773970,0.0704734724315,0.2758702397704,-0.0295691373697,0.1843886568075,-0.0313125387804,-0.1321713959621,0.0963350481247,-0.0553653989538,0.1197250217748,0.2692618143670,0.6292935551905,0.4426863155970,-0.1233788979060,-0.1080779888789,0.2973518835298,0.1205837199928,0.1788186867225,-0.0185161039226,0.3639843831448
0.4124691781108,0.3437729849305,0.7010043065581,0.4329607401067,-0.2408038545018,0.1288744343089,0.0172774076508,0.2695498035759,0.0713274658373,0.2254583742402,-0.2045639608154,0.2835425423304,-0.1926678570769,0.2972152556230,0.3298652239273,0.1975190303953,0.2164553382086,0.3542938998315,0.2667798610805,0.4979435221554,-0.0994169754973,0.0578903704213,0.2124445731154,0.2148488677401,0.1111276169126,0.5683826340047,0.6287725279661,1.0000000000000,0.0070346662064,0.1484455299391,0.4178307944402,0.0781255808144,0.2639270130706,-0.0252929644831,0.2368290202486,0.1350378782275,0.1145208695733,0.4935053887422,0.2319698870177,-0.2700813197954,0.0291014067329,-0.1356103991490,0.0697274884510,-0.1616178436582,0.0892545890079,-0.3195800839308,0.0496319396759,-0.1794499794496,0.0656266707546,0.1507558210886,0.1125361526419,0.1753995573107,0.0736137840724,0.0096172811999,-0.0084549562525,-0.0527796962695,-0.0475256600292,-0.0307960979523,0.0161701018913,0.0488605118323,0.3076660990172,0.4205619593511,0.7280282329411,-0.1515953382946,-0.3120421280582,0.1357311804206,0.1573854848291,0.3055769101121,-0.1476067734493,0.2244128993547
-0.0214027261077,0.1321537306038,0.2094169525718,0.2990638519347,0.6616181700924,0.0012397707395,0.0931871832205,0.4406605915540,0.0550734048411,0.1159058923658,0.4860639306615,-0.1030806429347,0.5034144298481,-0.1982404910746,0.0517226558024,0.0955855010521,0.4491248722884,0.0778169119975,-0.1629511698939,-0.0908764144140,0.4807313871408,0.5973305607145,0.4059645113832,0.6338177040520,0.5029910582929,0.2308258634806,0.0256420848756,0.0070346662064,1.0000000000000,0.4065289562898,0.5008291030201,0.2323283327161,0.0742317016108,0.3380541747993,0.3366589737845,0.0089466511430,0.1426760327915,-0.1066479759400,0.0082955766955,0.6463819711525,-0.2360802127205,0.2053692306968,0.1796694315368,-0.1618701895877,0.1125801452676,0.4629178113237,-0.2855258343077,0.4412318496976,-0.2677790259746,-0.0900164168740,0.0494983145105,0.4317066925377,0.0785273145216,-0.3165121362494,-0.3645067168078,0.4734711209912,0.5013343375217,0.2873028216514,0.5238232464313,0.4702793924830,-0.0355158719061,-0.2283292818800,0.0073814052795,0.8936014437650,0.2238437468976,0.2293370716236,-0.2350013710920,-0.0025854023654,0.1291946677339,0.3335581676953
0.3414300311845,0.5586297913325,0.1665355096711,0.5948143357482,0.5464263563879,0.2096374337150,0.6246478890799,-0.1211960021573,0.5083999996274,0.2063619374916,0.6670709434500,0.5697084797999,0.7357266083053,0.4973434219643,0.6237891939927,0.5542593129972,0.5550569765086,0.4305269987580,0.5093133089514,0.4213226893582,0.6445205331179,0.7178367001296,0.4306720425266,0.6585280052512,0.1698566616544,0.5200380547490,0.2488603916558,0.1484455299391,0.4065289562898,1.0000000000000,0.4050104195756,-0.1388429140704,0.3386132344498,0.7020756877804,0.5587274504175,0.3752524240499,0.4407778715900,-0.0945572019840,0.4193075351227,0.5116048843045,0.2878461765527,0.4277850727802,-0.2819967099389,0.2497863287746,0.1828506069886,0.3150848817196,0.4035567170329,0.6620107240629,0.3355262373462,-0.0877989982081,0.4495063701681,0.5221155619315,0.2520676036265,-0.0398040819947,0.0714765293139,0.5290544571989,0.5942208273071,0.4571583107536,0.5262691632277,0.2048076412173,0.0352835594550,-0.2763463940562,0.2126297464173,0.4139949764096,0.6252832392275,0.2830166531243,0.1087610542663,0.3498745947040,0.5269346635564,0.6123467621395
0.3651096981259,0.5292268507773,0.5872749247151,0.6573551878482,0.3225081202772,-0.0831655628690,0.0836054764103,0.4266076288246,0.0425596279644,0.3774847721882,0.1754378871264,0.2035789141099,0.2440991630900,0.1494455666041,0.2622594292145,0.2700729737982,0.4392020772823,0.5389979734575,0.1336429261667,0.4471837732235,0.3599905621935,0.3641213539441,0.6534982339250,0.5114900834146,0.5385539354926,0.4970391933128,0.4143488533688,0.4178307944402,0.5008291030201,0.4050104195756,1.0000000000000,-0.0348934489653,0.0212023430329,0.2944385284971,0.5242188738766,0.3833906208984,0.3275884821946,0.1144540791681,0.4302304664613,0.2867207448050,-0.1091675694225,-0.0474325594379,0.3045467254227,-0.1499045722060,0.3288788268352,0.0635694353406,0.0294888954181,0.2591588695699,-0.0678461391807,0.0512541567989,0.1977957661199,0.3404208250939,0.4096250097060,-0.1888949488720,0.1183842930594,0.4193189339774,0.2594276451126,0.5071783400611,0.2957938621172,0.5035361228311,0.1979237996937,0.0286219185788,0.4581741190875,0.4005857914842,0.1392210576238,0.4847568564495,0.0891113448567,-0.0772108364286,0.1790650485118,0.5574928790044
-0.0406707815350,-0.3102789444500,0.0138015258042,-0.2616458908967,-0.0122555481633,0.2746031533966,-0.0815446384757,0.5953741470588,0.0668282442867,-0.0513805870287,0.0671537134283,-0.3529301144449,-0.1596315461900,-0.4241426439835,0.0931011337766,-0.0244887470287,-0.3494325970791,-0.2037438827563,-0.3007669321033,-0.2272758765637,-0.2325408305254,-0.2485629611922,-0.1607128529326,-0.2365757130764,0.2121981796248,-0.0070932205136,0.0664812399765,0.0781255808144,0.2323283327161,-0.1388429140704,-0.0348934489653,1.0000000000000,0.2570486713516,-0.0647864240653,-0.1556732558701,-0.3298988075202,-0.3448649949084,-0.1531807664693,-0.4869764717650,0.0002271136246,-0.1711972882690,0.0977074530195,0.3085543598354,-0.0388865520298,-0.0814119832966,0.3080006398735,-0.5599409536570,-0.1894247584639,-0.2301499849317,0.3799092970078,-0.1200399530237,-0.4120736833185,-0.3379117261054,0.1198080828176,-0.4901777656829,-0.2269030596304,-0.3719891810344,-0.3916788317136,-0.3221035173273,0.0760893329571,-0.0832819505698,0.2724183914801,-0.1749288171606,0.1497643238993,-0.2175559033796,-0.4172215143372,-0.3573681011120,0.0700269224504,-0.3084149168140,-0.2588632632503
0.2325443025383,0.1309644647887,0.1063018917553,0.1416488295221,-0.0181929019585,0.3825708195338,0.3164677783942,0.0745323335227,0.3994965895403,0.0372479395069,0.2258240707328,0.3283191861879,0.0554416349086,0.2178797571101,0.5020155433721,0.2398712512856,-0.0321953063972,0.0835187441957,0.3036462642273,0.1708240768972,-0.0008762725900,0.0991871424108,0.0017307163689,0.0688300171025,0.0055646726921,0.1854053158563,0.1819219243831,0.2639270130706,0.0742317016108,0.3386132344498,0.0212023430329,0.2570486713516,1.0000000000000,0.1589063226000,0.0548143342362,0.0766493563631,0.0114348820175,-0.0294641268220,0.0192927401842,-0.0126864485252,0.1700910676967,0.2647541015158,-0.0869971747084,0.3015952034537,-0.0078678609145,0.1480152472144,0.1878234739356,0.0248628402625,0.2584235315330,0.2801490997775,0.1145858157344,-0.0169932218345,-0.0547822270871,0.3030774767133,-0.0928293847623,-0.0448536257724,-0.0077719836482,-0.0642336884345,-0.0298393024828,-0.0416204745041,0.0715276657467,0.0643982197749,0.1336593268312,0.0514281896211,0.1321945026386,-0.0915861960660,0.1379701480770,0.5380806047837,0.0584741068359,0.0696932010997
0.0996852619075,0.4460997115805,0.0210332461240,0.3530543247492,0.4160690893613,0.0368254249743,0.4426238755222,-0.0898133855673,0.2094924907655,-0.0233938438774,0.5117544173423,0.2233489471925,0.5730665122294,0.1859746149133,0.2673559203037,0.2876106171018,0.4410731106203,0.3897150333774,0.1450038260500,0.1420355590520,0.5617545662846,0.5610147238124,0.2677051117973,0.5385528011189,0.0695179318383,0.3489629699563,0.0852657563352,-0.0252929644831,0.3380541747993,0.7020756877804,0.2944385284971,-0.0647864240653,0.1589063226000,1.0000000000000,0.6647517069326,0.4242554598563,0.4325773871362,-0.1280427918821,0.2184870265584,0.4002613670213,0.0629115014849,0.2874648297336,-0.2150863950811,0.0813839771680,-0.0356886009532,0.3630130041875,0.1485676959799,0.5466220196532,0.1029289627646,-0.1408842475234,0.2435748092401,0.3953225985914,0.3789112196935,-0.1809080913519,0.0354332496628,0.4531089196606,0.4774989894037,0.3249901038471,0.4620909771882,0.1005973879065,-0.0226505283269,-0.2017280545664,0.1198916153449,0.3768285200331,0.5231575177085,0.2360162314605,0.0290908720350,0.1776571918000,0.8148627517402,0.5206368386519
0.1663022010842,0.6305439533194,0.3211791266267,0.6566936680078,0.2356264202867,-0.0424096047888,0.2606147155437,0.0243644274121,0.0004491691554,0.2031262450246,0.2117746490615,0.2170428674135,0.3302023839833,0.1738748654886,0.1385946516855,0.3491271184063,0.5202038470218,0.6169809221778,0.0675270550139,0.4458671886773,0.4603592394696,0.4393470216634,0.5429470017206,0.5873121802962,0.2051733380053,0.6116152519210,0.3700704469541,0.2368290202486,0.3366589737845,0.5587274504175,0.5242188738766,-0.1556732558701,0.0548143342362,0.6647517069326,1.0000000000000,0.4523139728133,0.6699743133838,0.1160905243126,0.5446614940716,0.2014328399849,-0.0293806479510,-0.0053493022606,-0.0116219273007,-0.1156337191669,0.1825419247903,-0.0010691300376,0.0814055047734,0.3376590776937,-0.0131164527181,-0.1373974722458,0.3179581137560,0.4755088482801,0.6469103072568,-0.2860104224952,0.2867644631646,0.4287729788914,0.3759367658954,0.5104619725478,0.4334739744389,0.2764433597350,0.3432183827371,0.0663079248457,0.4733666641314,0.2614687402429,0.3162266991563,0.5216323633767,0.1045257713024,-0.0188323082754,0.6352438070726,0.8694815130449
