1.0000000000000,0.3794944569231,0.2345038959708,0.4252918664114,0.1891146060478,-0.2386641056212,0.2010629173638,0.1126342003751,0.1038463186005,0.0353830277435,-0.0025532146184,0.1370442081778,0.1689892983618,0.1479476892070,0.4564212525606,0.1458754253107,0.3151207636074,0.4062449899464,0.1425487671601,0.3813388474864,0.3042982146681,0.2372981059259,0.1753755013838,0.2269429517434,0.2791281517293,0.3326350293161,0.4456486906020,0.2212294997789,0.1564879724880,0.5567632468329,0.5414748437771,-0.0780517633751,-0.1140210886711,0.2413831155893,0.3661354319416,0.4133068690110,0.2262932402238,0.0384924386267,0.4132299153395,0.1059340788962,0.0536844936147,-0.0071494698578,-0.0308872437891,-0.1089459936601,0.0481678918707,-0.1126698812238,-0.0943125031641,0.0863389957569,0.0009742204265,0.1338682074542,0.0139070090256,0.2632283036560,0.1576898491426,0.0443967774961,0.1067773721980,0.1532299292399,0.0565152108941,0.1524998153861,0.1780538187440,0.1925052205120,0.1232252314731,0.1019799631069,0.1272502240658,0.0785542052163,0.1016292653935,0.3256853727107,-0.0137931004339,-0.0800627276480,0.0671514008079,0.2312122627718
0.3794944569231,1.0000000000000,0.0171120459211,0.5703375142956,0.1705902657743,-0.0428265551669,0.0779196262242,0.0884926498891,0.0424344033009,-0.0387906558985,0.1379809301203,0.1073903876977,0.1373396965262,-0.0421556921284,0.1283266874877,0.0484500040619,0.4902110125739,0.0836100344601,-0.0825412428776,0.0025654451680,0.2122961826933,0.4143623200010,0.4405473098179,0.4544625394880,0.2206903530752,0.4792200399868,0.3734902417012,0.2965372023386,0.1678403718351,0.3609117058874,0.4804760112094,-0.2272373382308,-0.1583327079054,0.3599594427442,0.4466877653976,0.2215240220071,0.6472175775567,0.0157738131994,0.4271600273911,0.0979201378180,-0.0203911559201,-0.0388870693850,-0.1774065365870,-0.1400868608181,-0.0414586727177,0.0637636704613,-0.0488204962893,0.0686433747580,-0.0748387866131,-0.0462071013163,0.0072497118357,0.5253421554364,-0.1276020496572,-0.1966320695723,0.0259400496920,0.1379186942669,0.2157213752097,0.4179740848095,0.4167139707391,0.1926669101927,0.2614367009614,0.1318636222423,0.2730668552859,0.0854601584287,0.2531075742257,0.3446435948645,-0.0837506151831,-0.0710131499223,0.2752703256757,0.3914077608875
0.2345038959708,0.0171120459211,1.0000000000000,0.2430431934083,-0.0504444047610,-0.1646375946718,0.0118183265912,0.4908211034721,0.1361165817427,0.3805676434867,-0.0970646381103,0.0858111464580,-0.0123119001146,0.1906041231763,0.2426803302533,0.0310472302510,0.1107631368044,0.5559808618784,0.3683738628934,0.4215132464156,0.0732887144154,0.1127554698234,0.0329961067675,0.2191400957090,0.1315671707903,0.1671998452254,0.3862704417306,0.6760781085640,0.0254634539765,0.0979968773001,0.3836247556235,0.1345169952694,-0.1926317765894,0.0080631243735,-0.1610743326210,-0.0181997192768,-0.3549338516595,0.4257497457345,0.2529447716449,-0.1181661031536,0.0005966963165,-0.1567217369619,0.2232695056488,-0.1156213808824,0.2114234277917,-0.1187962668197,-0.0375159477722,0.0124396021712,0.1266950473359,-0.0227615865586,0.0820184456191,0.0701043424623,0.1652806271481,0.1259806766293,-0.1602553066677,0.0167296662124,0.0048128009482,-0.1233421397964,-0.1190795129299,-0.0017233891837,0.0641923069785,0.0774627114455,0.3764142286528,-0.2005627275342,-0.1916352828699,-0.2728816738328,0.0562187200437,-0.0767346012282,-0.0470096474581,-0.2697525518851
0.4252918664114,0.5703375142956,0.2430431934083,1.0000000000000,0.2535674851720,-0.1914765872287,0.0874007973785,0.1198954748077,0.1216161901410,0.2545039593291,0.0547666777035,0.0967944775564,0.2100827394337,0.1126720478663,0.2585723245747,0.1390564438480,0.3035618516173,0.0674896330481,0.0510779122890,0.1335273646515,0.2936202360541,0.2200926389614,0.5537076011406,0.2110447586438,0.3998582706775,0.6401131906049,0.4223272413779,0.2866864816795,0.0272860017497,0.3070887734030,0.3939297371360,0.0086654038916,-0.1216786395793,0.3356656071139,0.5131230489483,0.1114320303302,0.4064035619999,0.1016838923923,0.8482353474862,0.1985152860447,0.2090155203162,-0.1230166042224,0.0170193839936,-0.0896251370880,0.2563533964641,-0.1178750592168,-0.0594487264935,0.0956084851253,0.0595990789070,-0.0303110589630,0.0639776746258,0.3012280491530,-0.0678715312565,-0.0642969353490,-0.0791113892104,0.1879842555469,0.0090304110308,0.5502976437337,0.1332069343417,0.4226157461070,0.4983471276740,0.1636874754352,0.3290325125024,-0.0781469385704,0.0382833261512,0.2333055463891,0.1105597095982,-0.0716009734094,0.1851226470532,0.4394829479747
0.1891146060478,0.1705902657743,-0.0504444047610,0.2535674851720,1.0000000000000,-0.0870584269482,0.3137583229785,-0.2564722904615,0.1060497893348,0.1194238551790,0.5803032704992,0.1887762403656,0.8198618318838,-0.0285772649027,-0.0540877096159,0.2378750281300,0.1812273858679,-0.0569931605626,0.0995041285293,0.0214274251110,0.8314878485547,-0.0473441269029,0.0533435032132,0.0817379387111,0.5166042734006,0.0663355840993,0.1065468352169,-0.0061964275648,0.6417471508414,0.0551956193910,-0.0002355095185,0.0001346033941,-0.0931410670099,-0.0117636120509,0.1559475111188,0.1573143104942,0.1156923499607,0.1607091189809,0.2757326104703,0.9393399195476,0.1690548212072,0.3322489186902,-0.0358184092629,0.0231215146943,0.2127797602985,0.6024626712180,0.1307921434753,0.7512499361508,-0.0487512354985,-0.1250373158299,0.2851296000961,0.1281289105042,0.1943173146645,0.1189250518679,-0.0131171326648,0.8204590099855,-0.1057066998570,0.0875424763423,0.1496785927643,0.4375038441367,0.0334501689670,0.2417589356455,0.0664985713689,0.6330459530111,-0.0706419909596,0.2138230745643,0.0675135092929,-0.1751330891393,-0.0893107563020,0.0927920664730
-0.2386641056212,-0.0428265551669,-0.1646375946718,-0.1914765872287,-0.0870584269482,1.0000000000000,0.2836423186169,0.0630604395462,0.4205132463044,-0.0318167189663,0.1189423582167,0.2974108241686,-0.0548877937778,0.0191990267579,0.1499488425748,0.3069420903220,0.0118005841354,-0.1118830854185,0.0433329749269,-0.1975574224774,-0.1719827056436,0.1224196319636,-0.0649548535345,0.0886206726977,-0.0970043315232,-0.1143850313175,-0.1304081043753,-0.0697005829904,0.1228736961730,-0.0959144503819,0.0638059993215,0.0546130633129,0.6364468919164,0.1260569427034,0.0577006035255,-0.1388721336780,-0.0761233039557,-0.0755272838738,-0.2931050059767,-0.0941317713276,0.2370966359072,0.1994432465687,-0.0636462689111,0.4614561028485,-0.1272468421013,0.1472894677348,0.4552493583364,-0.0619139979819,0.1441992362898,0.2065147587968,0.1898536448581,0.1082883256975,-0.0843851828673,0.1012808821763,0.0941314523619,-0.1296529852076,0.0410777101580,-0.0563777726365,-0.0376724658599,-0.1354496052553,-0.0727184235877,0.0512015040025,-0.0784305231935,0.0933164128153,0.1225315606958,0.0027657373732,-0.1084724131939,0.5089385427006,0.1065636122132,0.0753721832945
0.2010629173638,0.0779196262242,0.0118183265912,0.0874007973785,0.3137583229785,0.2836423186169,1.0000000000000,-0.0884292322057,0.6629584541753,0.0353617548685,0.6232240302954,0.3945615049555,0.4748404396255,0.1512205432502,0.4021509503203,0.3817595182108,-0.0052976479421,0.2084689531113,0.3395532840070,0.2896717296681,0.3113789151438,0.1083820369426,0.0069266494767,0.1956827037112,0.1180413341064,0.1078137264522,0.4091617739295,0.1648649931711,0.3511474266050,0.3385128907777,0.1067897745529,0.1499380900744,0.3896514473694,0.1757319462740,0.2475992274179,-0.0748824603166,0.0329008353389,-0.0016642336321,0.0842589465220,0.2432003999040,0.4072407911087,0.7656022356187,-0.1620534001148,0.5050773431040,-0.0058217121772,0.4316217516439,0.2146944444221,0.3699037223893,0.0898079122019,0.1052400154137,0.2475916630584,0.0873468994989,0.0661936615184,0.3247373905248,0.0239577067065,0.2557943783085,-0.0486284398372,0.0427832388227,-0.0367100112412,-0.0077548151820,-0.0361678309939,0.1950226391216,0.0548513448284,0.2997213931778,0.0966061045918,-0.0267567467999,0.1288662555041,0.3183707367586,0.0093026043879,0.1428179194673
0.1126342003751,0.0884926498891,0.4908211034721,0.1198954748077,-0.2564722904615,0.0630604395462,-0.0884292322057,1.0000000000000,-0.0576367496074,0.4286398264404,-0.0685764140610,-0.0454655553137,-0.1871968135227,0.0248614958405,0.0926753619920,0.1728912982962,0.0563522931739,0.2142199890014,0.0006206586755,-0.0018469510036,-0.1200757674223,0.1229303830387,0.0997298579568,0.0385737566435,0.2105615774886,0.1853635554916,0.1499035495845,0.2494586642819,0.1168495572163,-0.0110519971827,0.4372908237768,-0.1251310449943,-0.0309395144779,0.0884891479316,-0.2251117181297,-0.1203570626666,-0.2826861549780,0.0589391705686,0.0132020650443,-0.2902504796423,-0.1673055667377,-0.1732410550062,0.5289523617517,-0.1366461515240,0.2787077627723,-0.1606270652713,-0.0397201346355,-0.1622534350326,0.0406473296099,0.1643750438075,0.1411557219330,0.1121646973029,-0.0403069416664,-0.2118059375043,-0.1864264130072,-0.1435802304069,-0.0215590294113,-0.0164419745935,-0.3520334615241,0.1392449687078,0.0372156108899,0.0532108610577,0.0479948258054,-0.1070482742495,-0.0282889181215,-0.3051082283356,0.1528014824382,0.0286831068407,0.1124322548967,-0.2181542943246
0.1038463186005,0.0424344033009,0.1361165817427,0.1216161901410,0.1060497893348,0.4205132463044,0.6629584541753,-0.0576367496074,1.0000000000000,-0.0588551569593,0.3784361483974,0.5970147140287,0.1439170325661,0.3188567694504,0.5551581679165,0.1767051951390,0.0228371279919,0.2414746984996,0.5377270089520,0.3241827781586,0.0462408776093,0.1120665398579,-0.0627056727905,0.1859944498108,-0.0228574740056,0.1968013692954,0.4937260655917,0.3136043319753,0.1959265691885,0.1741017074878,0.2049074763881,0.4050928814943,0.3209284228805,0.1318195537408,0.2295892060800,-0.2751344322370,-0.0633222955357,0.0867971784606,0.0834750924867,-0.0061061893646,0.4520528953257,0.3351218176236,-0.2333327170539,0.5606099541282,-0.1198986027160,0.0883729802162,0.3398809063585,-0.0046039241827,0.2565193937577,-0.0301542439592,0.0853263881996,0.0754964221169,-0.0633149706254,0.4180903563743,-0.1597649819291,-0.0733321732997,-0.1981009907855,-0.0720161669368,-0.1293735615682,-0.1335945503382,0.0120631757367,0.1108881241296,0.2336631251585,0.0763556958285,-0.1956168698958,-0.1299570078583,0.1382902913624,0.2579933771705,-0.1645104152425,0.0182172063993
0.0353830277435,-0.0387906558985,0.3805676434867,0.2545039593291,0.1194238551790,-0.0318167189663,0.0353617548685,0.4286398264404,-0.0588551569593,1.0000000000000,0.0037468898302,-0.0668372185446,0.1806863179688,0.3128291369008,0.1080006279557,0.2989353174278,0.0377894737948,-0.0260687871295,-0.0120081579959,-0.0971368714097,0.2198590300172,-0.0641440150795,0.1819292266491,-0.1271793415439,0.5022599134574,0.2941473063872,-0.0574212712679,0.2859339150939,0.0146087674975,-0.0895557626221,-0.1040084158294,0.1483751108736,0.0181249504192,-0.0368311258109,-0.1797596029082,-0.0284940822619,-0.2818683640605,0.1162144720768,0.3275533799784,0.1288879575040,0.1347051555393,0.0423308829227,0.4252162216752,-0.0473117621076,0.8740474598910,0.0037200583087,-0.0043434973914,0.2339962269458,0.3846077762819,0.1371255928857,0.4088609686417,0.0180372729926,-0.1723698336923,0.0219090903741,-0.2382570572662,0.1870345565671,0.0186977095197,0.0784056887666,-0.2536080504744,0.4073617994988,0.2707606408198,-0.0242457706772,0.1804463408550,-0.0844130480440,-0.1164952498647,-0.3384880933412,0.1393344433772,0.0586237212852,0.0401180104590,-0.1816640020243
-0.0025532146184,0.1379809301203,-0.0970646381103,0.0547666777035,0.5803032704992,0.1189423582167,0.6232240302954,-0.0685764140610,0.3784361483974,0.0037468898302,1.0000000000000,0.2311873681435,0.6607745386304,-0.0791033806576,0.1981311130989,0.1374708903437,-0.0305184694069,-0.0926942086993,0.1959451626803,0.0314288605918,0.4628096335125,-0.0335872078977,-0.0539444226155,0.0563836529059,0.2365222050883,0.0382061819573,0.2053712917069,0.0859024734632,0.4739229399052,0.1617931332595,0.0186894966687,-0.0514616830090,0.0892209781240,0.0075361734524,0.0770878022132,-0.1271501981202,0.0411089267834,0.0391394614519,-0.0283304603977,0.5020400329551,0.3062253659358,0.6330983164680,-0.0976678243043,0.2611851600636,0.0032181194422,0.7871610568929,0.1615427654899,0.5741773119221,-0.1478568931784,-0.0172873318822,0.1934393100886,0.0467188914762,-0.0435301657397,0.1402690501217,-0.0291011765575,0.4393249432283,-0.2057184759896,0.0309439092762,-0.1076942523622,0.1724340685774,-0.0701331620160,0.2131920048002,0.1005319596432,0.4111752317807,0.0340522137345,-0.0281515706217,0.0134606472782,0.0457752186850,-0.0531162656451,0.0138474394896
0.1370442081778,0.1073903876977,0.0858111464580,0.0967944775564,0.1887762403656,0.2974108241686,0.3945615049555,-0.0454655553137,0.5970147140287,-0.0668372185446,0.2311873681435,1.0000000000000,0.1967852727707,0.5744868120542,0.4107797263843,0.1476567754168,0.0767154114426,0.2981353187965,0.5815521485622,0.4143796614029,0.2314121090004,0.1068244967574,-0.1037047344551,0.2105613104209,0.0115472622249,0.1467571793546,0.3162541319884,0.2775081786194,0.2730836499313,0.2036720617207,0.1814957415087,0.5089056953566,0.3632346435937,-0.0079580781485,0.2063769081528,-0.1939811866962,-0.0531427130606,0.0103202286721,0.0551910916938,0.1413063960714,0.4054211371239,0.1264194959901,-0.3389630455130,0.1585706565126,-0.0845436021698,0.0247413818266,0.5991808579556,0.0894787028017,0.3264935164190,-0.2589460592193,0.0332945074204,0.0743007337885,-0.1141759953542,0.4814685161089,-0.1197947811919,0.0994573125782,-0.1592590543756,-0.1275429030435,-0.0236396946386,-0.1306754732324,-0.0978060443280,-0.1162466837261,0.1109382317288,0.1604531842887,-0.2720399823649,-0.1614894919188,0.1770182973149,0.0577405629340,-0.3057184902503,-0.1272379581933
0.1689892983618,0.1373396965262,-0.0123119001146,0.2100827394337,0.8198618318838,-0.0548877937778,0.4748404396255,-0.1871968135227,0.1439170325661,0.1806863179688,0.6607745386304,0.1967852727707,1.0000000000000,0.0201509235968,0.0022976092798,0.4212562404680,0.0726732700616,-0.0430188556700,0.1188595033067,0.0278331867098,0.8769070932289,-0.1188729060212,0.0134103518096,-0.0279447118900,0.4349291972786,0.1200011187277,0.0938488380864,-0.0527680359543,0.5225137164221,0.0645878977740,-0.0619722537168,-0.0029070708632,-0.0631895726360,-0.0907848405062,0.0954981323987,0.0895546175770,0.0546210331120,0.1310273068139,0.2372042552836,0.7853806752705,0.2583689857736,0.5203232962319,0.0014442008189,0.0659969428024,0.2742371695311,0.6554363271568,0.1880396207466,0.9333868945170,0.0486919834274,-0.0678889707023,0.4403000618528,0.0447365784518,0.1730018966373,0.1226785175500,-0.0291087249393,0.8664383708819,-0.1784456597173,0.0513805710199,-0.0318690411870,0.3777752524688,0.0737811080103,0.2577869748847,-0.0130879049107,0.5090165603936,-0.0406561724212,0.0907472436210,-0.0024506660260,-0.0618376250200,-0.1404488972948,0.0800002989308
0.1479476892070,-0.0421556921284,0.1906041231763,0.1126720478663,-0.0285772649027,0.0191990267579,0.1512205432502,0.0248614958405,0.3188567694504,0.3128291369008,-0.0791033806576,0.5744868120542,0.0201509235968,1.0000000000000,0.5317936195690,0.1019527443762,-0.0499325752865,0.2022096795862,0.3729458663145,0.2917495436753,0.1223452355467,-0.0181895525504,-0.0171201335919,-0.0237003796024,-0.0276173614596,0.3674115776046,0.0924722097885,0.3008106665427,-0.1160039628593,0.2292029658228,-0.0734265955846,0.5739356813415,0.2592758185002,-0.0786788507014,-0.0443568629229,-0.1997495695409,-0.1655870236461,-0.1108837000957,0.1554124641833,-0.0335474546631,0.2871492394691,-0.0443033989269,-0.2376997472873,-0.1127463623452,0.2211979092511,-0.2316315381864,0.3016253727344,-0.0046878404064,0.7569896057562,-0.1960933612021,0.0441542205793,-0.0747464846400,-0.3360043674854,0.3378279538400,-0.3441038549302,-0.0101465826454,-0.1247897163063,-0.1420466229060,-0.1876587588852,-0.1482993713580,0.0238810838425,-0.4227185008873,0.0873526634930,-0.2107642260883,-0.3312098570351,-0.4481479621294,0.1648299483360,0.1190790064836,-0.3094513146707,-0.3133977889990
0.4564212525606,0.1283266874877,0.2426803302533,0.2585723245747,-0.0540877096159,0.1499488425748,0.4021509503203,0.0926753619920,0.5551581679165,0.1080006279557,0.1981311130989,0.4107797263843,0.0022976092798,0.5317936195690,1.0000000000000,0.0503640261376,0.0683223445020,0.3331011674957,0.4537658084347,0.4996975714365,-0.0357827412682,0.2344531570501,-0.0344304495340,0.1966268302128,-0.0520543091417,0.3971726226599,0.4201672543403,0.4269895316344,-0.1136085495976,0.6066549244155,0.2719943541777,0.2116434331058,0.3264418013865,0.1866524193657,0.2265540796893,-0.0500606884721,-0.0762070190235,-0.0963345818754,0.1733099640005,-0.1471420142059,0.4321269518164,0.0770444587269,-0.2567214329813,0.0833095732777,0.0086125360323,-0.1317092186569,0.1013378769369,-0.1086328303837,0.3151427328373,0.1181320537336,-0.0231426538524,0.0979690167225,-0.2565719232611,0.2324386541275,-0.1588279027581,-0.1975559090659,-0.0767926154610,-0.0811073592208,-0.1274678161835,-0.1545715030353,0.0241030053823,-0.1681794472389,0.2383134276697,-0.2567075105103,-0.0714716712192,-0.2439660465394,0.0172005795839,0.3238671823599,-0.0508436288963,-0.0452290400150
0.1458754253107,0.0484500040619,0.0310472302510,0.1390564438480,0.2378750281300,0.3069420903220,0.3817595182108,0.1728912982962,0.1767051951390,0.2989353174278,0.1374708903437,0.1476567754168,0.4212562404680,0.1019527443762,0.0503640261376,1.0000000000000,0.0842121505010,0.0304140683127,-0.1006550908144,-0.0494333006446,0.3769855335449,0.0068289235946,0.1409641930066,0.0019516787166,0.2805479488827,0.2475244625011,0.0255439919133,-0.1013108223535,0.2724945559122,0.0057223829839,0.0160140448450,-0.0888329386929,0.3088801442155,0.0742894880516,0.1279229821798,-0.0710322639463,-0.0165423636377,0.0470578849630,0.2322230600129,0.2079561117553,0.3102166170821,0.2993122525854,0.1710751743200,0.1659865392531,0.2855638358032,0.1595048713146,0.1850302944695,0.4040524662925,0.1920646877059,0.0541092858596,0.7008843024781,0.0444023240010,0.1439994944908,-0.0442999757650,-0.0730044650814,0.3492412060844,-0.0331221673959,0.1185317314419,-0.0778942528853,0.2068784129696,0.2094891690187,0.1542161111463,-0.0995635144467,0.2491304470085,-0.0656405687538,-0.0164137081827,0.0127023611938,0.3590245481372,-0.0105066457377,0.1128887602520
0.3151207636074,0.4902110125739,0.1107631368044,0.3035618516173,0.1812273858679,0.0118005841354,-0.0052976479421,0.0563522931739,0.0228371279919,0.0377894737948,-0.0305184694069,0.0767154114426,0.0726732700616,-0.0499325752865,0.0683223445020,0.0842121505010,1.0000000000000,0.1020373353160,-0.1179407090399,-0.0224987693223,0.2066186692937,0.6585779142094,0.4439336465495,0.6484542428158,0.3276069144797,0.2454985042975,0.1910432696202,0.2397514604967,0.2992278468311,0.2694637574729,0.4373974006292,-0.1197305521789,-0.1040052057953,0.4111193767833,0.3257240759171,0.1808285153238,0.4010774766294,0.1705486589170,0.2957058219654,0.1314061733015,-0.0058581702615,-0.0898272108644,-0.0266832184841,-0.0278913679265,0.0085343912428,0.0013876714129,-0.0179425770227,0.0619266816798,-0.0007734231639,-0.1150792698911,0.0495773938537,0.8737930474129,-0.0894533897139,-0.1192213705875,-0.0268540501860,0.1426460577509,0.5161657663737,0.3791563807346,0.6426064608467,0.2280350159478,0.1525087234776,0.0858566607072,0.2281111650398,0.2578736731445,0.1277002345812,0.4054004428150,-0.0701658887760,-0.0575704237501,0.3489747092558,0.2944113122768
0.4062449899464,0.0836100344601,0.5559808618784,0.0674896330481,-0.0569931605626,-0.1118830854185,0.2084689531113,0.2142199890014,0.2414746984996,-0.0260687871295,-0.0926942086993,0.2981353187965,-0.0430188556700,0.2022096795862,0.3331011674957,0.0304140683127,0.1020373353160,1.0000000000000,0.4122555777476,0.7663722452867,0.0438968637293,0.2180729931755,-0.1365469709715,0.4387150696187,-0.1472643004587,0.0660138863320,0.5263373594108,0.4481970425776,0.1212469626182,0.3583997650294,0.4734566559470,0.0197573107150,-0.0530570503270,0.1678460443689,0.1194137355231,-0.0373224083760,-0.2028755615392,0.0565039122551,0.0840382009206,-0.1577360386711,0.0391923188495,-0.0789414312650,-0.1566104374908,-0.1459016352381,-0.1445144764797,-0.2429487865647,-0.0969844471452,-0.0770327400267,-0.0622745765330,-0.2225033435433,-0.0676210363489,0.0440169511259,0.3738021260185,0.0939779658362,-0.0687471062617,-0.0584967411815,0.0671905677326,-0.2901164402026,0.0619028192574,-0.3543174602428,-0.2135414852225,-0.0181662958828,0.0256819624436,-0.0518507387621,-0.1675496955074,-0.1360314685594,0.0396701432040,-0.0176952666458,-0.0970586269301,-0.2003633443209
0.1425487671601,-0.0825412428776,0.3683738628934,0.0510779122890,0.0995041285293,0.0433329749269,0.3395532840070,0.0006206586755,0.5377270089520,-0.0120081579959,0.1959451626803,0.5815521485622,0.1188595033067,0.3729458663145,0.4537658084347,-0.1006550908144,-0.1179407090399,0.4122555777476,1.0000000000000,0.6959716524971,0.0746033482338,0.0103855398852,-0.2706294889685,0.0801401498215,-0.1828930082524,0.0507664051091,0.4432779223831,0.3758453397905,0.0532631997383,0.1737350756253,0.1554386505492,0.5493923591093,-0.0030880064224,-0.1251142870289,0.0381042700459,-0.0974929618159,-0.3251015943901,-0.0083838199799,-0.0157335472355,0.0309464064228,0.2076892321041,0.1141746504913,-0.2494310823559,0.1214251124286,-0.0555862190875,0.0289728395119,0.2746221342576,0.0173028272344,0.1766883226947,-0.1133228762212,-0.0420262930764,-0.0785190595952,0.0425072491426,0.6516616848198,0.0921480090270,-0.0090664653578,-0.1748956533959,-0.3083574610024,-0.1234826774307,-0.2813698986422,-0.1392591991227,-0.0529506289442,0.1551239451073,-0.0874709117208,-0.2044243267755,-0.2490784954041,0.1975582028274,-0.0354026970798,-0.3170539937462,-0.1931881051972
0.3813388474864,0.0025654451680,0.4215132464156,0.1335273646515,0.0214274251110,-0.1975574224774,0.2896717296681,-0.0018469510036,0.3241827781586,-0.0971368714097,0.0314288605918,0.4143796614029,0.0278331867098,0.2917495436753,0.4996975714365,-0.0494333006446,-0.0224987693223,0.7663722452867,0.6959716524971,1.0000000000000,0.0345182076247,0.1548680022830,-0.1659212221267,0.3139583503936,-0.2514925507814,0.1132771234812,0.5630747152359,0.4199752851308,-0.0159014021702,0.4692958255833,0.2944964117200,0.2634594836082,-0.0024005586310,0.0929465276846,0.2337824285731,-0.0142872450643,-0.1917980130517,-0.0986198861196,0.1004172686503,-0.0747392676597,0.1824307840362,0.0351113666902,-0.3181468896339,-0.0481226159332,-0.1693108646988,-0.1547373259365,-0.0939962486953,-0.0636051840841,-0.0326120435410,-0.1444853175826,-0.1432167545703,-0.0346175740637,0.2249268600901,0.3720221204180,0.1144899731523,-0.0762434716363,-0.0083827097757,-0.2344621660542,0.0404744040353,-0.4020633428920,-0.1541168158715,-0.1131653145811,0.0726368451257,-0.1519587868540,-0.1054675151085,-0.1707458567719,0.1632305936753,-0.0003242247161,-0.1343915316230,-0.0721825278050
0.3042982146681,0.2122961826933,0.0732887144154,0.2936202360541,0.8314878485547,-0.1719827056436,0.3113789151438,-0.1200757674223,0.0462408776093,0.2198590300172,0.4628096335125,0.2314121090004,0.8769070932289,0.1223452355467,-0.0357827412682,0.3769855335449,0.2066186692937,0.0438968637293,0.0746033482338,0.0345182076247,1.0000000000000,-0.0563374644486,0.1282468657874,0.0706149029644,0.5238716158938,0.1712203123547,0.0829285050315,-0.0506976914196,0.5610661096931,0.1086385074243,0.0394164380249,0.0196491416738,-0.1420807384027,-0.0458283805058,0.1086170611147,0.1327551260321,0.0921239554581,0.1826025926189,0.3615575439165,0.7858604667097,0.1319163415979,0.3277666481822,0.0331890718834,-0.1177402339573,0.3215244667654,0.4813769229909,0.1813091461824,0.8572833976625,0.0912367054443,-0.1882851188121,0.3811499265281,0.1207158618307,0.1849726846885,0.0711445712155,-0.1099850013781,0.9318105590399,-0.1158064589391,0.0953113756954,0.0548390540042,0.4545630637123,0.0689642000780,0.1716844230432,-0.0489122117376,0.5266519104003,-0.1130873814954,0.1197953191909,0.0459211828311,-0.1685141465669,-0.1420994380378,0.0431227340049
0.2372981059259,0.4143623200010,0.1127554698234,0.2200926389614,-0.0473441269029,0.1224196319636,0.1083820369426,0.1229303830387,0.1120665398579,-0.0641440150795,-0.0335872078977,0.1068244967574,-0.1188729060212,-0.0181895525504,0.2344531570501,0.0068289235946,0.6585779142094,0.2180729931755,0.0103855398852,0.1548680022830,-0.0563374644486,1.0000000000000,0.2633364772640,0.8356739804397,0.0187105075411,0.1324103937584,0.2213142020441,0.2464785164139,0.1844508026741,0.4789701190891,0.4904837785556,-0.0791142761947,0.1212827918660,0.6127022879484,0.4599580806051,0.0460672383376,0.2958385156614,-0.0599797202602,0.1483618017720,-0.1063690421945,0.0369743881711,-0.0334114513742,-0.1909548516932,0.0556093665657,-0.1436529057187,-0.0599353478450,-0.1322767224442,-0.1577363299017,-0.1177585809084,-0.0709355368546,-0.0740985176175,0.6541860328742,-0.1097720907312,-0.0917914469801,-0.0141944989776,-0.1445265582279,0.7297729224271,0.2242344807676,0.6347478571891,-0.0586279801288,-0.0454597875877,-0.1237522509456,0.1682528738989,0.1120756616126,0.2582579934401,0.2891184733182,0.0944194573449,0.1289391889428,0.4560999395750,0.3272774972361
0.1753755013838,0.4405473098179,0.0329961067675,0.5537076011406,0.0533435032132,-0.0649548535345,0.0069266494767,0.0997298579568,-0.0627056727905,0.1819292266491,-0.0539444226155,-0.1037047344551,0.0134103518096,-0.0171201335919,-0.0344304495340,0.1409641930066,0.4439336465495,-0.1365469709715,-0.2706294889685,-0.1659212221267,0.1282468657874,0.2633364772640,1.0000000000000,0.2423466185274,0.4144894091569,0.3780523717161,0.1358340022216,0.0941640707524,0.1223206363242,0.1235386649417,0.2619641682091,-0.0802740469166,0.0103970227577,0.3636793446758,0.3234119745686,0.0003356376685,0.5634485732731,0.1040539767083,0.4722888105051,0.0248059039515,-0.0227828216868,-0.0554134531132,0.0484068658606,0.0300131302114,0.1030841819895,-0.0928289566011,-0.0586038654478,0.0086544296012,0.0284905124613,-0.0514076235436,-0.0314739833592,0.4615391573150,-0.1611704683840,-0.1674280080063,0.0019942347325,0.1166027315495,0.2297964872660,0.8870216581284,0.2556657374650,0.3786433489454,0.3163532906563,0.0489390472269,0.1304797035645,0.0939910629918,0.1666565354278,0.3267000621782,-0.0520636477014,0.0058330392664,0.4211342892335,0.4488118178042
0.2269429517434,0.4544625394880,0.2191400957090,0.2110447586438,0.0817379387111,0.0886206726977,0.1956827037112,0.0385737566435,0.1859944498108,-0.1271793415439,0.0563836529059,0.2105613104209,-0.0279447118900,-0.0237003796024,0.1966268302128,0.0019516787166,0.6484542428158,0.4387150696187,0.0801401498215,0.3139583503936,0.0706149029644,0.8356739804397,0.2423466185274,1.0000000000000,0.0507879982318,0.0807971421580,0.3790087780084,0.3573567131969,0.3351560529514,0.4691500791571,0.5425638671248,-0.0560811465247,0.0777576818121,0.5140810505555,0.4637346511983,-0.0409030729746,0.3110342444021,0.0687172332876,0.1593733120294,-0.0138331816835,0.0586223135909,-0.0163138139371,-0.2733491938748,0.0058458279850,-0.2209330217952,-0.0151173164383,-0.1064420349302,-0.0583837078542,-0.1853608564831,-0.2647579206059,-0.1040913811349,0.5976683673879,0.0367044256321,-0.0727308456672,-0.0800507828607,-0.0244662596848,0.5522021632252,0.1660128070284,0.6533689718007,-0.1080354571507,-0.1288690039872,-0.0642943548891,0.1606272134391,0.2018943191336,0.1440957253212,0.2546385726298,-0.0098004602493,0.0278080410671,0.3425897704886,0.2323169819207
0.2791281517293,0.2206903530752,0.1315671707903,0.3998582706775,0.5166042734006,-0.0970043315232,0.1180413341064,0.2105615774886,-0.0228574740056,0.5022599134574,0.2365222050883,0.0115472622249,0.4349291972786,-0.0276173614596,-0.0520543091417,0.2805479488827,0.3276069144797,-0.1472643004587,-0.1828930082524,-0.2514925507814,0.5238716158938,0.0187105075411,0.4144894091569,0.0507879982318,1.0000000000000,0.1930098350904,0.1417357895308,0.0616794533631,0.5611091806562,-0.0467686448277,0.1490961409248,0.0129342357925,-0.0789184967110,0.0695796562847,0.0863664235119,0.1189267000258,0.1917880781654,0.3746547011407,0.4700483686327,0.5373278170247,0.0856960363155,0.1535888110208,0.4507648886555,-0.0074670378699,0.5558949735655,0.2391213481896,0.0598591360687,0.4485156367018,0.0687830311729,0.0135798547135,0.3128355252464,0.2526845575348,-0.0001087652876,-0.0426856121128,-0.1781277128291,0.4814298614952,-0.0536489814899,0.4144072427610,-0.0005841132107,0.8655849379445,0.2044629087909,0.2600064321851,0.1381459402852,0.5066063353247,-0.0945391467209,0.1932232682087,0.0815668859117,-0.2222078382123,0.0645381526794,0.0897141888199
0.3326350293161,0.4792200399868,0.1671998452254,0.6401131906049,0.0663355840993,-0.1143850313175,0.1078137264522,0.1853635554916,0.1968013692954,0.2941473063872,0.0382061819573,0.1467571793546,0.1200011187277,0.3674115776046,0.3971726226599,0.2475244625011,0.2454985042975,0.0660138863320,0.0507664051091,0.1132771234812,0.1712203123547,0.1324103937584,0.3780523717161,0.0807971421580,0.1930098350904,1.0000000000000,0.4036700032900,0.3690583566731,-0.1189394776939,0.3119769793966,0.2462671421066,0.0093867886497,-0.0733013474630,0.2199420012862,0.3631570367123,-0.0199402940993,0.2831196333538,0.0151869512056,0.5799204389369,-0.0018285244346,0.2678069143276,-0.0935877637535,-0.0175133038777,-0.0228171714801,0.2527947405902,-0.1686382181147,0.0705106191410,0.0211092429981,0.3996738468140,-0.0036586212105,0.2033944501674,0.2410635989468,-0.2191411753944,-0.0701412133445,-0.1443474183527,0.0653354968827,-0.0354648196043,0.3356064575502,-0.0470829102257,0.1694516437058,0.6784441465573,0.1505689138303,0.3328267394126,-0.2106165903571,0.0027304643322,-0.0307757806547,-0.0262946833920,0.1242851962003,0.0751336083358,0.2858202098596
0.4456486906020,0.3734902417012,0.3862704417306,0.4223272413779,0.1065468352169,-0.1304081043753,0.4091617739295,0.1499035495845,0.4937260655917,-0.0574212712679,0.2053712917069,0.3162541319884,0.0938488380864,0.0924722097885,0.4201672543403,0.0255439919133,0.1910432696202,0.5263373594108,0.4432779223831,0.5630747152359,0.0829285050315,0.2213142020441,0.1358340022216,0.3790087780084,0.1417357895308,0.4036700032900,1.0000000000000,0.5427002625234,0.2160714802849,0.3440125165919,0.5151449866192,0.1276753151062,-0.1318056202544,0.2148352635937,0.3668624857285,-0.0307915051356,0.1515667394888,0.1463441465210,0.3241626396798,-0.0273619102766,0.1877337850075,0.0837246838192,-0.0987017156044,0.1306382087822,-0.1110303642135,-0.0912103163655,-0.0572952798013,-0.0480213845280,-0.0431377405346,-0.0929430743382,-0.0858217184339,0.1810160460072,0.0818483158394,0.1851695338433,-0.0489556143394,-0.0448511022407,-0.0877785270362,0.1026176834434,0.0199689708884,-0.0134670437191,0.1517853233202,0.2794333215663,0.3427268235527,0.0404202523738,-0.1107684156344,0.0152869195987,0.0761019331956,-0.1579262416018,-0.0570572473694,0.0866668381459
0.2212294997789,0.2965372023386,0.6760781085640,0.2866864816795,-0.0061964275648,-0.0697005829904,0.1648649931711,0.2494586642819,0.3136043319753,0.2859339150939,0.0859024734632,0.2775081786194,-0.0527680359543,0.3008106665427,0.4269895316344,-0.1013108223535,0.2397514604967,0.4481970425776,0.3758453397905,0.4199752851308,-0.0506976914196,0.2464785164139,0.0941640707524,0.3573567131969,0.0616794533631,0.3690583566731,0.5427002625234,1.0000000000000,0.0273127934388,0.2366533700743,0.3365876532868,0.1870539465789,-0.0647224351511,0.1167423013742,-0.0091043672218,0.0081278068823,-0.0516383963220,0.3027588255798,0.2444761304811,-0.0999261662314,0.1833297389593,-0.0236431839184,-0.0832637368544,0.0163846188527,0.0866073579176,-0.0147520263707,0.0077530604136,-0.0867929224755,0.2249029059581,-0.0016645670194,-0.0415217426733,0.2507785059297,-0.1345221566563,0.2089752033763,-0.1061089301987,-0.1220290154355,0.0819715657845,-0.0175028234607,0.0857844044663,-0.1191999314873,0.1976486994187,0.0532146547253,0.7110580341781,-0.1904118706113,-0.0998222290846,-0.2501826798721,0.0775053551195,-0.0139639964969,0.0062825766952,-0.1721502751846
0.1564879724880,0.1678403718351,0.0254634539765,0.0272860017497,0.6417471508414,0.1228736961730,0.3511474266050,0.1168495572163,0.1959265691885,0.0146087674975,0.4739229399052,0.2730836499313,0.5225137164221,-0.1160039628593,-0.1136085495976,0.2724945559122,0.2992278468311,0.1212469626182,0.0532631997383,-0.0159014021702,0.5610661096931,0.1844508026741,0.1223206363242,0.3351560529514,0.5611091806562,-0.1189394776939,0.2160714802849,0.0273127934388,1.0000000000000,0.0015149612483,0.3332983018014,-0.0172182965102,0.0287886643310,0.1051704261296,0.0621393752788,-0.0147181360902,0.0942907951349,0.2923256246163,0.0515256104650,0.6070386944846,0.0754988476663,0.3524324949306,0.1515423975742,0.1239678574313,0.0266141005657,0.4921379360822,0.2041332992615,0.5119778154857,-0.1448152272216,-0.1753806516133,0.2354492631059,0.3011633554932,0.2777785170567,0.0518779135695,-0.0957161694048,0.5556098135385,0.0237047366723,0.1332752911003,0.1790915952259,0.3688841315627,-0.1988805510590,0.2577451450139,-0.0197571556691,0.8809874842498,-0.0754366227440,0.2725593330554,0.1013877978536,-0.1665102015717,-0.0046159926640,-0.0043352005675
0.5567632468329,0.3609117058874,0.0979968773001,0.3070887734030,0.0551956193910,-0.0959144503819,0.3385128907777,-0.0110519971827,0.1741017074878,-0.0895557626221,0.1617931332595,0.2036720617207,0.0645878977740,0.2292029658228,0.6066549244155,0.0057223829839,0.2694637574729,0.3583997650294,0.1737350756253,0.4692958255833,0.1086385074243,0.4789701190891,0.1235386649417,0.4691500791571,-0.0467686448277,0.3119769793966,0.3440125165919,0.2366533700743,0.0015149612483,1.0000000000000,0.4018701976623,-0.0263416976896,0.1440473401756,0.5374229316643,0.5155663957879,0.2497151185727,0.2798491993383,-0.1460413956167,0.2468447454275,-0.0330547795862,0.1996412369225,0.1376055553758,-0.2848746182391,-0.0822852440952,-0.1125724374240,-0.0552083980543,-0.1564800439036,-0.0128587250773,-0.0314008740294,0.1041849697457,-0.0807500622542,0.3388267842722,-0.0535233358603,0.0567316407347,0.0320858555497,-0.0545266443338,0.2792391272678,0.1379511217738,0.2588033855876,-0.1048045780156,-0.0433604242429,-0.1047377786325,0.0904087623398,-0.1012071635913,0.4465768238708,0.1355274507207,0.0434024216488,0.1924236768857,0.2943845204053,0.3429060789047
0.5414748437771,0.4804760112094,0.3836247556235,0.3939297371360,-0.0002355095185,0.0638059993215,0.1067897745529,0.4372908237768,0.2049074763881,-0.1040084158294,0.0186894966687,0.1814957415087,-0.0619722537168,-0.0734265955846,0.2719943541777,0.0160140448450,0.4373974006292,0.4734566559470,0.1554386505492,0.2944964117200,0.0394164380249,0.4904837785556,0.2619641682091,0.5425638671248,0.1490961409248,0.2462671421066,0.5151449866192,0.3365876532868,0.3332983018014,0.4018701976623,1.0000000000000,-0.1211834954921,-0.0459406146007,0.3971232864206,0.3781332887891,0.1151501183741,0.1962463180405,0.1305685425666,0.2233958725618,-0.1023769156175,-0.0661431297910,-0.1436225322538,0.0123010611625,-0.0103286836806,-0.1987716490709,-0.1104129751607,-0.0520864182363,-0.1275532303120,-0.2060913245141,-0.0172385835874,-0.1037576265287,0.4658717334895,0.1567985110120,-0.1345679191777,0.0040560083778,-0.0556796983170,0.1207602357272,0.2074273164967,0.2250113953113,0.0338003573177,0.0174410408819,0.1573990832205,0.1399589661805,0.1265572030862,0.1140178983757,0.3595219223859,0.0149272791511,-0.1055422682514,0.2129367956961,0.2453941012638
-0.0780517633751,-0.2272373382308,0.1345169952694,0.0086654038916,0.0001346033941,0.0546130633129,0.1499380900744,-0.1251310449943,0.4050928814943,0.1483751108736,-0.0514616830090,0.5089056953566,-0.0029070708632,0.5739356813415,0.2116434331058,-0.0888329386929,-0.1197305521789,0.0197573107150,0.5493923591093,0.2634594836082,0.0196491416738,-0.0791142761947,-0.0802740469166,-0.0560811465247,0.0129342357925,0.0093867886497,0.1276753151062,0.1870539465789,-0.0172182965102,-0.0263416976896,-0.1211834954921,1.0000000000000,0.2108506683726,-0.0400284724318,0.0176651062836,-0.1593222698389,-0.1818963093470,0.0016805414775,0.0448327498278,-0.0089073500108,0.1179440324666,0.0677981880498,-0.1659971740565,0.2310515850643,0.1164245620134,-0.0754162790606,0.2706266760660,-0.0238069119109,0.4993610268763,-0.0764276232352,-0.0276799851957,-0.0972594706156,-0.1544996298443,0.6292139282146,-0.0382141359148,-0.0707151282203,-0.1764016796393,-0.1146491945265,-0.1590727345252,-0.0650780124370,0.0194237075411,-0.2284216357836,0.0883960296511,-0.1174310902886,-0.2001890903519,-0.2406037732472,0.4438889028019,-0.1106816159874,-0.1623424533700,-0.1036056839594
-0.1140210886711,-0.1583327079054,-0.1926317765894,-0.1216786395793,-0.0931410670099,0.6364468919164,0.3896514473694,-0.0309395144779,0.3209284228805,0.0181249504192,0.0892209781240,0.3632346435937,-0.0631895726360,0.2592758185002,0.3264418013865,0.3088801442155,-0.1040052057953,-0.0530570503270,-0.0030880064224,-0.0024005586310,-0.1420807384027,0.1212827918660,0.0103970227577,0.0777576818121,-0.0789184967110,-0.0733013474630,-0.1318056202544,-0.0647224351511,0.0287886643310,0.1440473401756,-0.0459406146007,0.2108506683726,1.0000000000000,0.2599001971416,0.2049931613959,-0.1551947776534,-0.0275058295752,-0.1722337178273,-0.1391918054964,-0.0993833160080,0.3126296694728,0.2709943407737,-0.1743498450540,0.4468846743808,-0.0857128921375,0.0736499522342,0.3309373922203,-0.0850379205759,0.2362478577165,0.1910005790329,0.1009367169941,-0.0188606335795,-0.1314829058572,0.1642159183812,0.0771769730130,-0.1603904686841,0.0626422271931,0.0347597768587,-0.0386590401794,-0.1448966554453,-0.0511209462299,-0.1214001767116,-0.1419494924079,0.0202155644121,0.1169194012265,-0.0681305915585,0.0990222235600,0.5588602338596,0.1941484239253,0.1170310271443
0.2413831155893,0.3599594427442,0.0080631243735,0.3356656071139,-0.0117636120509,0.1260569427034,0.1757319462740,0.0884891479316,0.1318195537408,-0.0368311258109,0.0075361734524,-0.0079580781485,-0.0907848405062,-0.0786788507014,0.1866524193657,0.0742894880516,0.4111193767833,0.1678460443689,-0.1251142870289,0.0929465276846,-0.0458283805058,0.6127022879484,0.3636793446758,0.5140810505555,0.0695796562847,0.2199420012862,0.2148352635937,0.1167423013742,0.1051704261296,0.5374229316643,0.3971232864206,-0.0400284724318,0.2599001971416,1.0000000000000,0.5834176124915,0.0970711606813,0.4454156728977,-0.0390950950417,0.3119440159210,-0.1102569562514,0.0103008331592,0.0170755567244,-0.0896198962617,0.1640723009196,-0.0903689445331,-0.0889014093726,-0.2343025325511,-0.1419204245684,-0.1198058060309,0.0811402954619,-0.0358196033537,0.5154852826762,0.0623410027903,-0.1327682554745,0.0124670250788,-0.1470354851886,0.4786137381502,0.4002150946501,0.4008582494774,0.0539752537787,0.1469135409304,0.0650950915796,0.1128275167087,0.0360327936503,0.4307540719199,0.3667117164168,0.2254414061510,0.2106082206738,0.7609474431853,0.5391463603075
0.3661354319416,0.4466877653976,-0.1610743326210,0.5131230489483,0.1559475111188,0.0577006035255,0.2475992274179,-0.2251117181297,0.2295892060800,-0.1797596029082,0.0770878022132,0.2063769081528,0.0954981323987,-0.0443568629229,0.2265540796893,0.1279229821798,0.3257240759171,0.1194137355231,0.0381042700459,0.2337824285731,0.1086170611147,0.4599580806051,0.3234119745686,0.4637346511983,0.0863664235119,0.3631570367123,0.3668624857285,-0.0091043672218,0.0621393752788,0.5155663957879,0.3781332887891,0.0176651062836,0.2049931613959,0.5834176124915,1.0000000000000,0.0638139628676,0.5733473116946,-0.1394525987313,0.4668015152579,0.0705894780202,0.2486529812509,0.0053433619412,-0.3484624964061,0.2147422624861,-0.1380537481112,-0.0961043160528,-0.0315774232434,-0.0586659829118,-0.1510584571372,-0.0612712575213,-0.0040984094010,0.3291787331272,0.0550961937086,0.0202351337975,0.1667067559379,-0.0144488901451,0.2468007626968,0.4196723622169,0.4396592388480,0.0555018399766,0.2950841238535,0.1292814777642,0.0590811009585,0.0388386984800,0.2998574457100,0.5112440086392,0.0600151582950,0.1088481505249,0.3747208915042,0.7621404139981
