1.0000000000000,0.3124122085512,0.4649282190601,0.3843369294435,0.4387015482796,0.0262271130885,0.2451119480954,0.4600818220822,0.0566996161308,0.2734573256678,0.1720307709485,0.3064688429910,0.2764607481608,0.1690693158985,0.4016813703262,0.3331167914200,0.4618055454787,0.6813280970518,0.3008063321356,0.6263552761042,0.4743558864760,0.3342793719194,0.4623932977698,0.4475468015476,0.3410926088486,0.3081911135534,0.2328509400685,0.2633090631247,0.4165758137706,0.4292154755011,0.6006165919328,-0.1713558569104,-0.0366427744357,0.3474084063637,0.5151379395386,0.5948209494683,0.2083144669387,0.0496608478565,0.2337551151810,0.2824694373323,0.0987007203514,0.2036368444669,0.2966654464148,-0.0631437625837,0.2055979489512,0.1785815727227,0.3540863489982,0.1524194233856,0.0294890878100,0.3659909208323,0.3442265540213,0.3751678860907,0.4823029399965,0.2169750511610,0.4743354218254,0.4434507958409,0.2384566383198,0.3057774637954,0.2281945818371,0.3475886803906,0.2911124089298,0.0135289660781,0.1218612988397,0.1182895118121,0.1775874226765,0.3868534665818,-0.3291445640148,0.1080279466812,0.2940218253578,0.4490413454317
0.3124122085512,1.0000000000000,0.1538230420158,0.6156150770971,0.4516207476008,0.0363852562116,0.1129220845371,0.1864578277620,-0.0725900268545,0.3229675065134,0.1701935326656,0.1978814122709,0.2544882134708,0.2803709706615,0.1151522029824,0.1968110738533,0.5642218163330,0.1938522677956,0.0395434707210,0.2183791962144,0.5085062319844,0.4991730437813,0.7548252273885,0.5982111713273,0.4079127484506,0.5248890774481,0.3471117843958,0.4140936584773,0.3768559811693,0.4837896894516,0.4254128925546,-0.1256711336111,-0.1020032313641,0.5384542054963,0.6700257775695,0.5255290542749,0.8558993815150,0.0227485941725,0.6677069173007,0.3265259512200,0.1072978562616,0.0564848923846,0.0963176920940,-0.1445996274412,0.2626212444323,0.1587956837571,0.3239258920423,0.2475993642086,0.2117635272521,0.0872825801881,0.1592879409810,0.5694724249282,0.1326797267786,-0.1070739666378,0.2052971424882,0.5403018155435,0.4176190180066,0.7109638936752,0.5197236768588,0.4335331943875,0.4988216437293,0.1471194461963,0.4521795005924,0.1790774063467,0.3206051925210,0.4551245199245,-0.0993973753493,-0.0021737824056,0.4441497067739,0.6581027855549
0.4649282190601,0.1538230420158,1.0000000000000,0.3779949862445,0.0870095922560,0.0328212729443,0.0147929399033,0.5111695463365,0.1308615382716,0.3390655136347,-0.0620885053679,0.1307651639354,-0.0098408790309,0.2867077289230,0.4220894121048,0.1685479985012,0.2352417223612,0.5329275165662,0.3857555164084,0.2486118155127,0.1326793452607,0.1325033609361,0.2305784434503,0.3751488280947,0.3407259375925,0.4340419176880,0.3165555826750,0.6428695621247,0.1948087302041,0.0098878875655,0.4602827541161,-0.1897588072826,-0.0910220372845,0.0383674765051,0.2099820344395,0.0075673046255,0.1950601970026,0.6504422291780,0.1918261137939,-0.1340806411320,0.0999874613726,0.0487162481541,0.3167944652666,0.0661093462471,0.2387684979582,-0.1081294216037,0.3135647084313,-0.1181739776789,0.2890035073370,0.2261003758365,0.1916322316907,0.1201149118080,0.3616962726049,0.3270199950310,0.1471239709739,0.0839041756241,-0.0666487948358,0.0973730813099,0.0343831708484,0.2103263401994,0.4379122766708,0.2153727914340,0.4743663097187,-0.0952119538832,-0.2587617811311,0.0420551929941,-0.1030129480307,-0.0867521751088,-0.0366505657774,0.0598888087211
0.3843369294435,0.6156150770971,0.3779949862445,1.0000000000000,0.3789471514015,0.0890244200846,0.2273160522213,0.4357723997035,0.0011207402388,0.5385353622410,0.2134039799879,0.2929797743439,0.3305417807592,0.1952813036835,0.2037577365204,0.2602623707333,0.4008636959208,0.2279050523616,0.0595415162211,0.3149720732500,0.3836005434790,0.3090329455248,0.6863307652519,0.3120655777942,0.5763586182963,0.6915784012101,0.5534847114805,0.4275717376759,0.3624731020294,0.3636074490019,0.4213324225873,-0.1424457024909,-0.0676721974506,0.3436499943382,0.5341371700232,0.3659325572872,0.5595720975934,0.2049910632437,0.8260852407710,0.2384396083717,0.0930264976578,0.1577308730100,0.4084366442212,-0.0876670166474,0.4920238847081,0.2564879424439,0.3552229968861,0.2506668759125,0.1740537700440,0.2105976542248,0.2564058246946,0.3372256867874,0.2552095164598,0.0306392142843,0.2062025546492,0.4099961548942,0.2876456020552,0.5832534884581,0.1860354428733,0.5719259158412,0.6514990883629,0.4655243674994,0.4114017518945,0.2913274066278,0.3186257932593,0.4067923068790,-0.0738698710185,0.1287731493747,0.2499996320312,0.5041420759456
0.4387015482796,0.4516207476008,0.0870095922560,0.3789471514015,1.0000000000000,0.0216086465982,0.4199903391953,0.3020940778095,0.0017151708743,0.3686764294925,0.5286117788542,0.2377490217690,0.6785393071036,0.0969989991326,0.0684701533961,0.3961381938176,0.5835524460105,0.1531470552301,0.0772566151245,0.3283101434905,0.8267163365450,0.4246996868903,0.5168371214162,0.3725311053661,0.5013979611864,0.2877670549988,0.1979980142978,0.0886140809476,0.6637625113933,0.4020669996949,0.3168546827072,-0.1151870535246,-0.0047016649745,0.3851809791910,0.3764755672540,0.6081329295061,0.2812585953765,-0.0679493538168,0.3919274160707,0.8857490904873,0.1651157211980,0.3436154953331,0.2575148789203,-0.0772654009706,0.3185241940301,0.5247049281511,0.2204031901970,0.6373246685945,-0.0111234931986,0.1246529255897,0.3551282270264,0.5365767318136,0.1705409266551,0.0011179489406,0.2270761195174,0.7914896645167,0.4446507570153,0.4067343234468,0.3145834522808,0.5809533006824,0.2351037081103,0.0631282439187,0.1071295641234,0.5304925157181,0.3043841044038,0.4647078105395,-0.1266097195126,0.1032165215530,0.3103229460961,0.4092677853224
0.0262271130885,0.0363852562116,0.0328212729443,0.0890244200846,0.0216086465982,1.0000000000000,0.4622160008564,0.0155395492357,0.5984060964331,0.0837705213421,0.0652587494074,0.3454699071508,-0.0211531195043,0.1906316016431,0.3079465128200,0.3938020231620,0.0995741696117,-0.1217091204157,0.2709242654975,-0.0418285566589,0.0783543191540,0.0974650228933,0.1159037081797,0.1492905094491,0.0936834444760,-0.1026431232769,0.0747624245573,-0.0052930050479,0.1604103293696,0.2051064306231,0.0893880243541,0.3643587375970,0.7122885992299,0.1475843372889,0.0997938057980,0.0508136633271,0.0488187404324,0.0656042044684,0.1897501965487,0.0544767320683,0.6849719107358,0.4834874234191,-0.0055229591256,0.5802440072998,0.0760691599682,0.0583163227656,0.3443930152323,-0.0020096618265,0.1239745024535,0.3917893332392,0.3698479392542,0.0496007831611,0.0322246378513,0.2729031443266,-0.0766196489793,0.0789026154782,0.0944967830473,0.1128921313241,0.0667917957757,0.1327448260857,-0.0095623940877,-0.0023821977050,0.0252667074088,0.1320411771849,0.2627060930687,0.1106951983288,0.3675984965286,0.4970925336595,0.1507765147831,0.2038901046769
0.2451119480954,0.1129220845371,0.0147929399033,0.2273160522213,0.4199903391953,0.4622160008564,1.0000000000000,0.0140167256337,0.6290189864539,0.1963422670867,0.5528565829576,0.2757143915472,0.6600559032700,0.2504669787749,0.3339142700215,0.5789603541125,0.1239938615042,-0.0391923955569,0.2669423199638,0.2695916487671,0.4577553091582,0.1205513684503,0.1538768711581,0.1210341892716,0.1953641208787,0.0694383019913,0.2939611053629,-0.0866062377188,0.3681970529753,0.4049254577826,0.0361776989524,0.2052610007096,0.2805780045706,0.2927731947526,0.3085664555930,0.3579489871037,-0.0544860190219,-0.1000102808810,0.3071127094403,0.4187245486286,0.5045326224387,0.8159864991227,0.0062800502173,0.5354925214851,0.1396792982282,0.6091426232240,0.3269432188579,0.6018674995050,0.1337466140633,0.4441408778891,0.5479672347385,0.0695014275559,0.0981945546154,0.2248129120394,0.1510254995625,0.4348860201764,0.1799786730269,0.0221623884702,0.0055293161539,0.2357260138059,0.0866676881800,0.1851855013330,-0.0953170194966,0.3052597006757,0.4304953216571,0.1438409173729,0.2011201912103,0.2855537052900,0.3032650349580,0.3551348489191
0.4600818220822,0.1864578277620,0.5111695463365,0.4357723997035,0.3020940778095,0.0155395492357,0.0140167256337,1.0000000000000,-0.1326808667671,0.5414508277250,0.1002587962153,0.2075866552707,0.1399429295823,0.0125561467590,0.1286726702454,0.3372591492871,0.3420838840362,0.3226637545193,-0.0743695618582,0.1613164794372,0.2814341569546,0.1878334355876,0.4329289930559,0.3092739822408,0.7090878528076,0.2691664370331,0.2222040381962,0.1926503875693,0.5711475243339,0.1139947336301,0.5936870389393,-0.0247185973197,0.0622092649859,0.1519198644183,0.1271908881380,0.1560764917068,0.2326082300728,0.2609996310803,0.2778190511159,0.1573727594266,-0.0131590812524,0.0126744993824,0.6940838465467,-0.2237084232276,0.5023371724035,0.0518584651501,0.0554234142469,0.0606499424966,-0.0682097878070,-0.0072857472545,0.3700494021269,0.2096492493867,0.3341760039645,0.0011335613482,-0.0126650734704,0.2448324395985,0.0913491051084,0.2917608003887,0.0765192301168,0.5709241312934,0.2295815077486,-0.0177059888815,0.0945355491462,0.4059266220284,-0.0260825389605,0.2933882036881,-0.0856026334440,0.0861252832881,0.1237628567750,0.1123656389683
0.0566996161308,-0.0725900268545,0.1308615382716,0.0011207402388,0.0017151708743,0.5984060964331,0.6290189864539,-0.1326808667671,1.0000000000000,-0.0734461161694,0.3717602773377,0.3076140970813,0.0613302151015,0.3914213549858,0.4871885827490,0.3275926117291,-0.0307526665948,-0.0149051529330,0.5094633530288,0.1562626633279,0.0652561636086,-0.0147206610776,-0.0811220784903,0.0952622642199,-0.0663044113944,-0.0551686176792,0.2073107465875,0.0580574888479,0.0656423371216,0.1571875934625,-0.0231040828764,0.3209686530973,0.4547666728597,0.0613058669860,0.0971109250765,-0.0001178428286,-0.1695615682531,0.0627918491996,0.0751060811291,-0.0220766153238,0.6516551248802,0.5607102449193,-0.1723946171037,0.8895546917786,-0.1437904181105,0.3334131849960,0.4464378233540,0.0711416265719,0.2731203183063,0.5239667824963,0.3160415031689,-0.0870969907299,0.0583281687157,0.3830559218610,0.0137861079774,0.0305184980863,-0.0294480060808,-0.1571534628127,-0.0462068232348,-0.0639360305365,-0.0468717997287,0.0779527807315,-0.0069833517013,-0.0326399728316,0.1643629354590,-0.0892752751618,0.3401100438596,0.2446159059306,0.1353877301083,0.1526588764388
0.2734573256678,0.3229675065134,0.3390655136347,0.5385353622410,0.3686764294925,0.0837705213421,0.1963422670867,0.5414508277250,-0.0734461161694,1.0000000000000,0.2482014149314,0.2973061347435,0.3244040733342,0.2938016877247,0.2616257290526,0.4396615798066,0.3100632105231,0.0443863591784,0.0058631801929,0.0013626091071,0.4349070829878,0.2699133112159,0.4772408837798,0.2121447268685,0.7115968477998,0.5297586976818,0.2308284119685,0.3674219992262,0.2283913754026,0.3270481805957,0.1813705597405,0.1073827803468,0.0915942151680,0.2888716162704,0.1443263484616,0.3151700731416,0.2800172387853,0.2331903868837,0.3990436288109,0.2589551939042,0.1381788423238,0.1019330474016,0.5147310710491,-0.1552373297638,0.8960687823383,0.2226913819234,0.2537419128963,0.2651709908963,0.2038085730007,0.1421936382100,0.4180886879693,0.2198627179035,-0.0132099052122,-0.0685856293956,0.0544136818066,0.4063956579050,0.2230547986990,0.3261527765087,0.0565205237915,0.6465658529500,0.4697517104427,0.0167938487682,0.3001139285600,0.1509149555453,0.1627373476105,0.0078836797774,0.1053789827987,0.1937091420625,0.2670911847807,0.1649650585470
0.1720307709485,0.1701935326656,-0.0620885053679,0.2134039799879,0.5286117788542,0.0652587494074,0.5528565829576,0.1002587962153,0.3717602773377,0.2482014149314,1.0000000000000,0.3559920924833,0.5746628667737,0.0811057166343,0.2386107614527,0.2820100975301,0.2431726609000,0.0013843681676,0.0992069482791,0.2549061653433,0.5435667849211,0.2379170026983,0.1792447947435,0.1159944603307,0.2423517229120,0.1720702850057,0.3571758141526,-0.0059545367147,0.3537445749936,0.3173923425359,0.0017760369761,0.1340399929704,0.1199005630069,0.2616762177077,0.0627753062116,0.4138726619618,-0.0032518023697,-0.1696946353861,0.2645394694814,0.5360320887498,0.2788945709420,0.4015593733562,0.1757498016642,0.2470637670215,0.1573839152622,0.9324881323955,0.1823400420022,0.5634647049929,-0.1104234124828,0.2846037995323,0.2635000156943,0.1961847357099,0.0587180037470,0.0552136759519,0.2171989073315,0.5029913101789,0.3116860664939,0.0696305407229,0.0899088298764,0.2755105402572,0.0885956077700,0.2017657192972,-0.0149242093430,0.3885009386434,0.3311149403966,0.1351060225749,0.1373797369790,0.1717667380392,0.2736550390843,0.1670668544116
0.3064688429910,0.1978814122709,0.1307651639354,0.2929797743439,0.2377490217690,0.3454699071508,0.2757143915472,0.2075866552707,0.3076140970813,0.2973061347435,0.3559920924833,1.0000000000000,0.1469309532438,0.1987369340149,0.2910908820439,0.2165629320739,0.3566412466488,0.0621644116165,0.3751085343246,0.2762460526041,0.3834692284741,0.3189574525325,0.2875015233484,0.2224770341057,0.2461194808936,0.2749291312454,0.2826130980682,0.2059574662883,0.2564538979913,0.2908825110826,0.1936012166806,0.5419603105851,0.5839811661302,0.0979279542986,0.1302481640749,0.2582574774724,0.1533359287106,0.0365135943270,0.1701640648050,0.2297897391106,0.3615078254818,0.3270343365028,0.1824111226446,0.3074346219654,0.2179193924129,0.3288186846897,0.6864112233967,0.1291301643795,-0.0320011538361,0.3461551491490,0.2788748020464,0.2810327895361,0.0551954975683,0.3929888451569,0.1937181344292,0.3502806287603,0.2485063482019,0.2382069816989,0.1499734755325,0.2880106430740,0.2524703170263,0.1164353374831,0.1099015598754,0.2047119830249,0.2907317575050,0.1531829458976,0.3296323629532,0.5647426449064,0.2064394743221,0.2703381790990
0.2764607481608,0.2544882134708,-0.0098408790309,0.3305417807592,0.6785393071036,-0.0211531195043,0.6600559032700,0.1399429295823,0.0613302151015,0.3244040733342,0.5746628667737,0.1469309532438,1.0000000000000,0.0602647197908,0.1401820392562,0.4175414858274,0.2693571383826,0.1001332673032,0.0893740131655,0.3921791647342,0.7047809872372,0.2679899262529,0.2565169035939,0.1763221256827,0.2869411915859,0.1719110885032,0.3514843322668,0.0090335084119,0.4982751756534,0.4691190421472,0.1264838529367,-0.0065707966238,-0.1235273702720,0.3011505750983,0.2727241254647,0.4478426337849,0.0645272911674,-0.1598421208729,0.4111802478053,0.6511028914332,0.1122189053984,0.4699084108713,0.1618691935271,-0.0288102604576,0.2767933575045,0.6864713775817,0.0981445930171,0.9280728920779,-0.0441997926568,0.1456714382937,0.3551975390007,0.2329286918743,0.1413133364245,0.0624063099467,0.2901301713058,0.7050742147912,0.3559638350467,0.1242277285927,0.1396891962744,0.3113512115832,0.1383908271572,0.2439750368863,-0.0113342029021,0.5047040700563,0.4489895218156,0.2663618889114,0.0772702024570,0.0904738145849,0.2867214548554,0.2986622992531
0.1690693158985,0.2803709706615,0.2867077289230,0.1952813036835,0.0969989991326,0.1906316016431,0.2504669787749,0.0125561467590,0.3914213549858,0.2938016877247,0.0811057166343,0.1987369340149,0.0602647197908,1.0000000000000,0.5925191361005,0.2396897729471,0.1781764108590,0.0576690673757,0.5940335780023,0.0484646612285,0.2671652073825,0.1924761252651,0.1975458680877,0.2510272302794,0.0388827304537,0.3697284193085,0.1900562913415,0.5088177735831,-0.1241971651309,0.3728875882318,0.1165644933709,0.2446270430798,0.0498988721940,0.2345639723340,0.3166068712352,0.1142501823046,0.2216861951100,0.1549482554423,0.2012847679471,-0.0526827694989,0.3956497161293,0.1692012949417,-0.1318394653818,0.3013150480826,0.1797498186963,0.0411005705472,0.6189708803123,0.0836290619809,0.8652668331161,0.3573158045400,0.1425081407169,0.2003964247469,-0.1714705041903,0.2223927834623,-0.0359925289713,0.2490704057659,0.0572249331216,0.0986622494821,0.0791926600716,0.0022300053591,0.3213649338665,-0.0728501356940,0.4090483181368,-0.3293655676945,0.1379532491320,-0.1369805298760,0.3382317015614,0.0930944757505,0.2540028752226,0.2252511828169
0.4016813703262,0.1151522029824,0.4220894121048,0.2037577365204,0.0684701533961,0.3079465128200,0.3339142700215,0.1286726702454,0.4871885827490,0.2616257290526,0.2386107614527,0.2910908820439,0.1401820392562,0.5925191361005,1.0000000000000,0.2380491480561,0.1453155445165,0.3472309698249,0.6702552411733,0.3054036613793,0.2455133878883,0.0813424540555,0.1410876765081,0.1875842449301,-0.0012141293960,0.2449917190659,0.2856008843595,0.5387658590551,0.0025198611759,0.4403967324971,0.2416789087136,0.1497740509701,0.1772727336464,0.1125061855081,0.1344554742162,0.1385854325961,0.0822339497079,0.1369503114887,0.2271676747700,-0.0577311416647,0.4085677214714,0.2133894642632,0.0280408931168,0.3310241773857,0.1685639064316,0.1858307799682,0.4721886120017,0.1442093858209,0.4863969763584,0.6793928139726,0.2403512486661,0.0774354421774,0.0848380256677,0.4194866926253,0.2601516820233,0.2532191963549,-0.0024909726339,0.0132723551558,-0.0339505006476,-0.0397568967942,0.2622513647964,0.0564490963552,0.3950900113237,-0.2036943419007,0.1292974490515,-0.0992365079764,0.2665921090071,0.2315702900800,0.1539758154479,0.1391032160612
0.3331167914200,0.1968110738533,0.1685479985012,0.2602623707333,0.3961381938176,0.3938020231620,0.5789603541125,0.3372591492871,0.3275926117291,0.4396615798066,0.2820100975301,0.2165629320739,0.4175414858274,0.2396897729471,0.2380491480561,1.0000000000000,0.2437935553395,0.0179806600842,0.1457258253114,0.1462663473063,0.3448747907797,0.1717778332240,0.3064618552323,0.2681781305495,0.4232807382284,0.1923303693596,0.0833754493822,0.0488212689749,0.3711221185048,0.3841271143134,0.1591690932841,0.1537314811606,0.2296741608569,0.3702668645673,0.2755299406053,0.4282976619719,0.1479069946100,0.1784100793689,0.3053158379570,0.3263543475050,0.4226286249616,0.4748030655860,0.3317762169616,0.2281585568114,0.4374867207976,0.2920197485284,0.2337387390378,0.3615307184494,0.1157944126182,0.3309278429569,0.8065616079438,0.2029229142209,0.1845332679960,0.1515715332035,0.1375664230082,0.3152431990951,0.1607974322328,0.2246168951990,0.1565011677084,0.4544639778363,0.2075666748054,-0.0687842984894,0.0884605990975,0.2886713652770,0.3201324726456,0.2031534704481,0.0610505828170,0.3061793386848,0.3550488128989,0.3419190413406
0.4618055454787,0.5642218163330,0.2352417223612,0.4008636959208,0.5835524460105,0.0995741696117,0.1239938615042,0.3420838840362,-0.0307526665948,0.3100632105231,0.2431726609000,0.3566412466488,0.2693571383826,0.1781764108590,0.1453155445165,0.2437935553395,1.0000000000000,0.2947792228512,0.1329075247069,0.3397638054056,0.5552548084129,0.7287654173122,0.6511943547041,0.7287319624224,0.3739443526516,0.3046684840137,0.2008578687747,0.3230515632842,0.6212245369666,0.5033666166165,0.6009300003119,0.0005906065684,0.1140318615826,0.4653106363298,0.4845993638667,0.5658644120487,0.4438258363213,0.0562098834313,0.3845913800716,0.5138326932298,0.1418100175595,0.1095003290104,0.2183200991983,-0.1101954570683,0.2552885685590,0.1948458455431,0.2981790172317,0.2581275208792,0.0135430719467,0.0934001111235,0.2405182533300,0.9238934413974,0.2244252407079,0.0152282367681,0.2439594122453,0.5492121275321,0.6501995929630,0.6425896813417,0.6677918207202,0.4321417974203,0.2565283018705,-0.0620730608007,0.2928182946474,0.4006095657063,0.3188720141574,0.5799217620927,-0.1499117806066,0.1421083537587,0.3933198408963,0.4636142537496
0.6813280970518,0.1938522677956,0.5329275165662,0.2279050523616,0.1531470552301,-0.1217091204157,-0.0391923955569,0.3226637545193,-0.0149051529330,0.0443863591784,0.0013843681676,0.0621644116165,0.1001332673032,0.0576690673757,0.3472309698249,0.0179806600842,0.2947792228512,1.0000000000000,0.3171011903006,0.7193383202059,0.2264062311656,0.2303998989324,0.2065964043165,0.4679624532602,-0.0170359974381,0.1861491091423,0.2195394183469,0.4572030276420,0.2125987430094,0.2516816327825,0.5605884093191,-0.3800173687995,-0.2206240481772,0.1697191759239,0.3611372499654,0.2571086135013,0.1022272701984,0.0816966400971,0.1179862470821,-0.0132490886438,-0.1473770385220,-0.0564011897613,0.1041106117081,-0.1543416023049,-0.0349506461742,0.0179919419951,0.1614619783874,0.0298887188480,-0.0096197632370,0.1349330336077,0.0191672126449,0.2444953334484,0.6264857940299,0.1997623210126,0.5416802705072,0.2272420957080,0.1465615954043,0.0653832784236,0.2883153786906,-0.0801951148834,0.1749709374381,0.0471935585754,0.2196890822576,-0.0728670963566,-0.0562621300329,0.1909967918587,-0.4154204800585,-0.1851366709839,0.1288301179395,0.1898935744854
0.3008063321356,0.0395434707210,0.3857555164084,0.0595415162211,0.0772566151245,0.2709242654975,0.2669423199638,-0.0743695618582,0.5094633530288,0.0058631801929,0.0992069482791,0.3751085343246,0.0893740131655,0.5940335780023,0.6702552411733,0.1457258253114,0.1329075247069,0.3171011903006,1.0000000000000,0.4266256814063,0.1933562660064,-0.0067098563870,0.0192297352925,0.1257378457928,-0.1515583330493,0.1137952827896,0.2228636191460,0.4282625225595,-0.0529594989974,0.2399386278497,0.1384722098234,0.2281630873771,0.0862280487581,-0.0675711938793,0.1354285022282,0.0381701097569,0.0076071601868,0.1623202555782,0.0682028406207,-0.0442036230440,0.4032847086289,0.1951011014669,-0.1639572376779,0.3951176032549,-0.0745475905253,0.0847512654325,0.6243866607762,0.0842511460019,0.4501383309259,0.4762688179970,0.0982041700798,0.1053365537637,0.0965048242616,0.7349212207860,0.2973435521235,0.1857025629475,-0.1129213558714,-0.0591342543767,-0.0478255178830,-0.1546338365310,0.1306109353636,0.1325055488897,0.2977961698828,-0.2572572098567,0.0101978227602,-0.0970029559323,0.2659892724563,0.1087091807405,-0.0069564206517,0.1176865479084
0.6263552761042,0.2183791962144,0.2486118155127,0.3149720732500,0.3283101434905,-0.0418285566589,0.2695916487671,0.1613164794372,0.1562626633279,0.0013626091071,0.2549061653433,0.2762460526041,0.3921791647342,0.0484646612285,0.3054036613793,0.1462663473063,0.3397638054056,0.7193383202059,0.4266256814063,1.0000000000000,0.3817891186914,0.2373254113211,0.2794044496014,0.3335223763308,-0.0197974674900,0.1421486451998,0.3346152758425,0.2061841189797,0.3335227777922,0.4314616837545,0.4727556202465,-0.1609073454247,-0.2052748034204,0.1695937813815,0.4341437431553,0.4126976257800,0.0316748626020,-0.1526025198978,0.2970881809807,0.2261065380383,0.0492153270759,0.1265298157934,0.0143662066102,0.0029705710810,-0.0723971573894,0.3326218498103,0.2586026515269,0.3146831898465,-0.1192532557450,0.2225224012765,0.1468004316378,0.2910863851959,0.4618908073911,0.2968285348706,0.6472778358397,0.3868478848507,0.2243299554380,0.1483198407841,0.2221303129394,-0.0197952890236,0.0646381930631,0.1663904766464,-0.0033785706103,0.1258733368773,0.2980271475794,0.3545391538059,-0.2828761012714,-0.0162193766068,0.1763386219561,0.3769035435020
0.4743558864760,0.5085062319844,0.1326793452607,0.3836005434790,0.8267163365450,0.0783543191540,0.4577553091582,0.2814341569546,0.0652561636086,0.4349070829878,0.5435667849211,0.3834692284741,0.7047809872372,0.2671652073825,0.2455133878883,0.3448747907797,0.5552548084129,0.2264062311656,0.1933562660064,0.3817891186914,1.0000000000000,0.4877932236681,0.4998320617584,0.4449757249305,0.4170394654979,0.2968234771960,0.3272772734849,0.1796675497904,0.5513289093012,0.4855611547433,0.3728489453450,-0.0033735468331,0.0517037102787,0.3784989483128,0.4558915568428,0.5831013255977,0.3100294058915,-0.1202269106151,0.3519689520553,0.7141999994572,0.2373308689707,0.3594783904330,0.1647808488024,-0.0174785095196,0.3218338523668,0.5442875872857,0.3772279276746,0.6864534002774,0.0739763519269,0.2178302854323,0.2852719987196,0.5099211251394,0.1562696658314,0.0538906853574,0.2318694003269,0.9422069945218,0.4387753515907,0.3282308540970,0.3101103378654,0.4419838546707,0.2388328601121,0.0836051531251,0.1203271889696,0.3901241131615,0.3082153384240,0.4080760419043,-0.0100273720917,0.1463358404420,0.3206405212947,0.4710064414879
0.3342793719194,0.4991730437813,0.1325033609361,0.3090329455248,0.4246996868903,0.0974650228933,0.1205513684503,0.1878334355876,-0.0147206610776,0.2699133112159,0.2379170026983,0.3189574525325,0.2679899262529,0.1924761252651,0.0813424540555,0.1717778332240,0.7287654173122,0.2303998989324,-0.0067098563870,0.2373254113211,0.4877932236681,1.0000000000000,0.5173073612206,0.7655546227989,0.2281440581408,0.2100125749971,0.2050968256072,0.2448842068964,0.5081537979024,0.5632101835623,0.5068820522209,0.0689438249477,0.1304477969067,0.5625271337282,0.4958521758750,0.4741998452709,0.3136037256944,-0.0936813680088,0.2589496865839,0.4593008021248,0.0792090719062,0.0772360829736,-0.0270530241221,-0.0734540498884,0.1592332625790,0.2261636764761,0.2439808909795,0.2816940825236,0.0323818273890,-0.0019557014457,0.1417663447500,0.7250892995892,0.1018126008211,-0.1530850814661,0.1101107096355,0.4669668078743,0.8955289880871,0.4843361541446,0.7571708545563,0.2386185142679,0.1466152259588,-0.1065947367940,0.1505500170780,0.3394976683483,0.4346597288230,0.4700102524041,-0.0508322004631,0.0828850886818,0.4845638353369,0.4453190495685
0.4623932977698,0.7548252273885,0.2305784434503,0.6863307652519,0.5168371214162,0.1159037081797,0.1538768711581,0.4329289930559,-0.0811220784903,0.4772408837798,0.1792447947435,0.2875015233484,0.2565169035939,0.1975458680877,0.1410876765081,0.3064618552323,0.6511943547041,0.2065964043165,0.0192297352925,0.2794044496014,0.4998320617584,0.5173073612206,1.0000000000000,0.5661785826257,0.5489901562699,0.4238987439372,0.3513189273038,0.2542188828666,0.5158594812419,0.4882149206680,0.6280507571668,-0.0581530723514,0.0067401878839,0.5300833387724,0.6160075088019,0.5465083458309,0.6726103756977,-0.0033044097524,0.6040405286082,0.4056204288922,0.1748628014540,0.0681548730609,0.3422798904457,-0.1907338940904,0.4418970824278,0.1753952629229,0.2665005725110,0.2115388117139,0.0439407207199,0.1406122099245,0.2650437709333,0.6088377289088,0.2259036146477,-0.0894813706824,0.1240259990857,0.4941771321330,0.4284930290053,0.8945861308310,0.4215763929576,0.5928181059138,0.3786031668663,0.1089068419078,0.2471474767649,0.3186501460690,0.3414671721400,0.6359058380770,-0.1324945912686,0.1519350469245,0.4522676101289,0.6344771796049
0.4475468015476,0.5982111713273,0.3751488280947,0.3120655777942,0.3725311053661,0.1492905094491,0.1210341892716,0.3092739822408,0.0952622642199,0.2121447268685,0.1159944603307,0.2224770341057,0.1763221256827,0.2510272302794,0.1875842449301,0.2681781305495,0.7287319624224,0.4679624532602,0.1257378457928,0.3335223763308,0.4449757249305,0.7655546227989,0.5661785826257,1.0000000000000,0.2603109757993,0.2051616563678,0.1205698089199,0.4012358840919,0.5555426918753,0.4603102317035,0.6240276994154,-0.0656115374395,0.0485890422544,0.5280923556266,0.5932625980956,0.4237610062360,0.4267620376512,0.1197877152608,0.3055295677672,0.2638058122417,0.1674120869941,0.1382982214479,0.0630562917877,0.0111131466389,0.0987597478260,0.0729392171552,0.2756648921834,0.1514988503127,0.1155287562294,0.0863732203071,0.2543958696578,0.7102146643650,0.3670757691747,-0.0163030318823,0.2297091189092,0.4446990456847,0.5976947038278,0.5312960484903,0.8361151231739,0.2310095346716,0.1978598958267,-0.1618523277435,0.3233617646746,0.2543493745825,0.2211367053063,0.4558747539409,-0.1668359023657,-0.0168590375685,0.4775701515379,0.4897417398396
0.3410926088486,0.4079127484506,0.3407259375925,0.5763586182963,0.5013979611864,0.0936834444760,0.1953641208787,0.7090878528076,-0.0663044113944,0.7115968477998,0.2423517229120,0.2461194808936,0.2869411915859,0.0388827304537,-0.0012141293960,0.4232807382284,0.3739443526516,-0.0170359974381,-0.1515583330493,-0.0197974674900,0.4170394654979,0.2281440581408,0.5489901562699,0.2603109757993,1.0000000000000,0.4298792252897,0.2308416278275,0.1432443318743,0.5616828851311,0.1936567866811,0.2800634463908,0.0255751095656,0.0966456970944,0.2978132107633,0.2090039561981,0.3364879459122,0.3744730385605,0.2887541075814,0.4360794521280,0.3768731990556,0.1333697211810,0.1657844210034,0.6652063810816,-0.1147292986871,0.6716760108792,0.2194315906489,0.1310943960515,0.1871679321947,-0.0067848835715,0.0517201691555,0.4407152082171,0.2528279415312,0.1021726329267,-0.1003874252940,-0.0141896971379,0.3766440061454,0.1855487368541,0.4225628892997,0.0885568375759,0.9296412442741,0.3934261381468,0.0799490214051,0.1896817425892,0.4917221958837,0.1314941263672,0.2647477538437,-0.0321327391490,0.1524070473759,0.2073135273476,0.2531951802579
0.3081911135534,0.5248890774481,0.4340419176880,0.6915784012101,0.2877670549988,-0.1026431232769,0.0694383019913,0.2691664370331,-0.0551686176792,0.5297586976818,0.1720702850057,0.2749291312454,0.1719110885032,0.3697284193085,0.2449917190659,0.1923303693596,0.3046684840137,0.1861491091423,0.1137952827896,0.1421486451998,0.2968234771960,0.2100125749971,0.4238987439372,0.2051616563678,0.4298792252897,1.0000000000000,0.3585136086426,0.6199217754386,0.0823366023920,0.2302842941255,0.1810172592073,-0.1936025892394,-0.1377986271305,0.2481501771083,0.4191348788399,0.3402176608687,0.5346499272100,0.3596911546645,0.5714337601578,0.1086753966603,-0.0023868553172,0.0334871830532,0.3230170110468,-0.1010042608935,0.4870088979291,0.1261340693555,0.5038572054150,0.0761897307306,0.4280741976842,0.2255360707540,0.1928995325035,0.2716011285166,0.1345058263822,0.0419965822037,0.2482370977528,0.2844501759454,0.1524076246902,0.3569768012880,0.1099996169166,0.4530864590706,0.9128219812311,0.3717513762337,0.6116047411659,-0.0126089885117,0.0985962933478,0.1040556347594,-0.0958553304749,0.0718977906297,0.1743664637210,0.3492348174348
0.2328509400685,0.3471117843958,0.3165555826750,0.5534847114805,0.1979980142978,0.0747624245573,0.2939611053629,0.2222040381962,0.2073107465875,0.2308284119685,0.3571758141526,0.2826130980682,0.3514843322668,0.1900562913415,0.2856008843595,0.0833754493822,0.2008578687747,0.2195394183469,0.2228636191460,0.3346152758425,0.3272772734849,0.2050968256072,0.3513189273038,0.1205698089199,0.2308416278275,0.3585136086426,1.0000000000000,0.2671201693241,0.2633940901238,0.2805819965315,0.2534184770408,0.0726724256226,-0.0470733406572,0.1448125723627,0.3051419315326,0.1389443065624,0.2682969272848,0.0715125792731,0.4818767510646,0.1068082270633,0.0861707114868,0.0804817797531,0.1965116129339,0.0577037473574,0.1420388883343,0.3839948727794,0.2248666014486,0.3181356682955,0.0639910636127,0.1718239155984,0.0252955725216,0.1359279583576,0.1701301527215,0.0871975329664,0.0643518589726,0.2912563081552,0.1905689504234,0.2027771358619,-0.0265676595892,0.1857158673626,0.2806264399851,0.6836441969887,0.1506423837109,0.2279737755668,0.2288874493530,0.1985310866916,0.1847384818295,-0.0060573863330,0.1079194538243,0.2830653196252
0.2633090631247,0.4140936584773,0.6428695621247,0.4275717376759,0.0886140809476,-0.0052930050479,-0.0866062377188,0.1926503875693,0.0580574888479,0.3674219992262,-0.0059545367147,0.2059574662883,0.0090335084119,0.5088177735831,0.5387658590551,0.0488212689749,0.3230515632842,0.4572030276420,0.4282625225595,0.2061841189797,0.1796675497904,0.2448842068964,0.2542188828666,0.4012358840919,0.1432443318743,0.6199217754386,0.2671201693241,1.0000000000000,-0.0433064789335,0.2635998794903,0.3219066986133,-0.0607527232590,-0.0635441829561,0.1354931828409,0.1972277658638,0.1363872337663,0.3865664839905,0.4688739767107,0.3816799231655,-0.1038272005519,0.0918597622345,-0.0780162354159,0.1000785069172,-0.0178665126460,0.2876123359583,-0.0496792452698,0.4179770639990,-0.0105754470648,0.5045964209289,0.1895945872950,0.0484202659644,0.3139614411917,0.0665997529393,0.1763819577057,0.2630510271017,0.2054762147529,0.1391097029357,0.1920904250200,0.2559719803664,0.0647202964056,0.5989943916685,0.1154652238139,0.8471471881063,-0.2538518088921,-0.0531972722328,-0.0801159860407,0.0792172195588,0.0290490141348,0.1260091847437,0.0677111515881
0.4165758137706,0.3768559811693,0.1948087302041,0.3624731020294,0.6637625113933,0.1604103293696,0.3681970529753,0.5711475243339,0.0656423371216,0.2283913754026,0.3537445749936,0.2564538979913,0.4982751756534,-0.1241971651309,0.0025198611759,0.3711221185048,0.6212245369666,0.2125987430094,-0.0529594989974,0.3335227777922,0.5513289093012,0.5081537979024,0.5158594812419,0.5555426918753,0.5616828851311,0.0823366023920,0.2633940901238,-0.0433064789335,1.0000000000000,0.3315501342672,0.5739697837211,-0.0010105886136,0.1196287335365,0.3467725526979,0.3628416629888,0.4035860579242,0.2608578894918,-0.0481326157294,0.3498906563378,0.6026983365699,0.1302504132503,0.2955805164379,0.3567459063627,-0.0316847578559,0.1687657780479,0.3575624352645,0.0542132879544,0.4276127763126,-0.2585124880443,-0.0023252808059,0.3749755605125,0.5152943399320,0.3494278977077,-0.0068922881501,0.0991874184298,0.5149251266578,0.5050015424117,0.4575513089427,0.4396612370147,0.5360993242373,0.0466926172102,0.0510492861753,-0.0811041098704,0.8154230195738,0.2777078704928,0.6323062427826,-0.1412269337862,0.1022781996327,0.2845125061273,0.3953824846268
0.4292154755011,0.4837896894516,0.0098878875655,0.3636074490019,0.4020669996949,0.2051064306231,0.4049254577826,0.1139947336301,0.1571875934625,0.3270481805957,0.3173923425359,0.2908825110826,0.4691190421472,0.3728875882318,0.4403967324971,0.3841271143134,0.5033666166165,0.2516816327825,0.2399386278497,0.4314616837545,0.4855611547433,0.5632101835623,0.4882149206680,0.4603102317035,0.1936567866811,0.2302842941255,0.2805819965315,0.2635998794903,0.3315501342672,1.0000000000000,0.4099862351617,0.1824042389891,0.1283199068494,0.6802472336321,0.4987531509190,0.6552927351361,0.3125379286232,-0.1741800289434,0.4570941551831,0.3766055894921,0.2747444721981,0.2747988297524,0.0396859721847,0.0049480036937,0.2624662947611,0.3536214508662,0.3143202902976,0.4810408194479,0.2066736825875,0.3022851768202,0.3488775006790,0.4584121871762,0.0895500774108,0.0584627791396,0.3621609090225,0.4882427933737,0.5484701807609,0.4029833091857,0.4258265325842,0.2272212424155,0.1924729997408,-0.0767368032600,0.1902312307121,0.1833856159278,0.8038308879895,0.3683812492251,0.0409211585561,0.2624124888122,0.6568856432662,0.5167075062101
0.6006165919328,0.4254128925546,0.4602827541161,0.4213324225873,0.3168546827072,0.0893880243541,0.0361776989524,0.5936870389393,-0.0231040828764,0.1813705597405,0.0017760369761,0.1936012166806,0.1264838529367,0.1165644933709,0.2416789087136,0.1591690932841,0.6009300003119,0.5605884093191,0.1384722098234,0.4727556202465,0.3728489453450,0.5068820522209,0.6280507571668,0.6240276994154,0.2800634463908,0.1810172592073,0.2534184770408,0.3219066986133,0.5739697837211,0.4099862351617,1.0000000000000,-0.1008872676947,-0.0079841993361,0.3573236020998,0.5297824774849,0.3595822015288,0.4037761822366,0.0190732858391,0.3201064951381,0.1946515378173,0.0904376361000,-0.0103264162457,0.2632219599277,-0.1527508361766,0.1036038450922,-0.0177697875447,0.1809084799460,0.0923707108382,-0.0312896342225,0.0231448675480,0.1473776966593,0.5344743037114,0.4301257899892,0.0525677690668,0.1197391534937,0.3550945405647,0.3868579574080,0.5402073920462,0.3945076202449,0.2081913831457,0.1567341465458,-0.0447211064172,0.1343928959975,0.2480844651096,0.1898502984677,0.6881820656461,-0.2224529689442,0.0306611267124,0.3244855778353,0.4477466184145
-0.1713558569104,-0.1256711336111,-0.1897588072826,-0.1424457024909,-0.1151870535246,0.3643587375970,0.2052610007096,-0.0247185973197,0.3209686530973,0.1073827803468,0.1340399929704,0.5419603105851,-0.0065707966238,0.2446270430798,0.1497740509701,0.1537314811606,0.0005906065684,-0.3800173687995,0.2281630873771,-0.1609073454247,-0.0033735468331,0.0689438249477,-0.0581530723514,-0.0656115374395,0.0255751095656,-0.1936025892394,0.0726724256226,-0.0607527232590,-0.0010105886136,0.1824042389891,-0.1008872676947,1.0000000000000,0.5363090635727,0.0111434818851,-0.1952696452148,-0.0780631388249,-0.1369997335330,-0.0529002179007,-0.1036366880180,-0.0112954986933,0.3627023325313,0.1867604593245,-0.0061671680545,0.3128208392995,0.0773530669868,0.1232852765037,0.2216620251686,0.0197328332159,0.0067375110234,0.0996722223825,0.1482881174675,-0.0285483959117,-0.3657242132284,0.1588679677596,-0.2243560745295,-0.0247120182779,0.0757474530910,-0.0404290890457,-0.0348457985347,0.0141024675527,-0.2143438252165,-0.1631504664350,-0.0943778850350,0.0784586990680,0.2823953543458,-0.1308527056710,0.6840395966933,0.4340027476687,0.1882319214069,-0.0429851576304
-0.0366427744357,-0.1020032313641,-0.0910220372845,-0.0676721974506,-0.0047016649745,0.7122885992299,0.2805780045706,0.0622092649859,0.4547666728597,0.0915942151680,0.1199005630069,0.5839811661302,-0.1235273702720,0.0498988721940,0.1772727336464,0.2296741608569,0.1140318615826,-0.2206240481772,0.0862280487581,-0.2052748034204,0.0517037102787,0.1304477969067,0.0067401878839,0.0485890422544,0.0966456970944,-0.1377986271305,-0.0470733406572,-0.0635441829561,0.1196287335365,0.1283199068494,-0.0079841993361,0.5363090635727,1.0000000000000,0.1025089710727,-0.1289417164479,0.0406408637673,-0.0501798307107,0.0711598678576,-0.0543994336819,0.0910609388846,0.5177862044889,0.4352015892519,0.0989949370832,0.5132783976383,0.0969476328468,0.0767017519420,0.3517503490076,-0.0855412439775,-0.0475701846027,0.3324540596970,0.3247328898665,0.0347247898184,-0.0372137409521,0.2128726094542,-0.1582978529132,0.0315405598187,0.1459451953146,0.0316441470584,0.0718833323183,0.1482006997525,-0.0606999834452,-0.1535081992900,-0.0277190483105,0.1750168161650,0.2300547400711,0.0364901546464,0.4199592317880,0.6546244143939,0.1681719223082,0.0327587179024
0.3474084063637,0.5384542054963,0.0383674765051,0.3436499943382,0.3851809791910,0.1475843372889,0.2927731947526,0.1519198644183,0.0613058669860,0.2888716162704,0.2616762177077,0.0979279542986,0.3011505750983,0.2345639723340,0.1125061855081,0.3702668645673,0.4653106363298,0.1697191759239,-0.0675711938793,0.1695937813815,0.3784989483128,0.5625271337282,0.5300833387724,0.5280923556266,0.2978132107633,0.2481501771083,0.1448125723627,0.1354931828409,0.3467725526979,0.6802472336321,0.3573236020998,0.0111434818851,0.1025089710727,1.0000000000000,0.6212647430328,0.6057536766511,0.4554390677073,0.0034189671050,0.3922468357529,0.3672908991841,0.2056300451421,0.2547078706382,0.1525064003750,-0.0127223021444,0.2454587739231,0.2691829688238,0.1663215868352,0.2711283111812,0.1087375924667,0.1605747811181,0.3651040636851,0.4480477032917,0.2666983284589,-0.1190367211642,0.1325827790748,0.3847817535581,0.5615642167319,0.4946598841120,0.5056367668000,0.3534136700352,0.2554889145613,-0.0613662634471,0.1682309315056,0.2398775640686,0.6189725726297,0.4810264553539,-0.0805287363537,0.1344398853289,0.8209694736367,0.5965768233167
0.5151379395386,0.6700257775695,0.2099820344395,0.5341371700232,0.3764755672540,0.0997938057980,0.3085664555930,0.1271908881380,0.0971109250765,0.1443263484616,0.0627753062116,0.1302481640749,0.2727241254647,0.3166068712352,0.1344554742162,0.2755299406053,0.4845993638667,0.3611372499654,0.1354285022282,0.4341437431553,0.4558915568428,0.4958521758750,0.6160075088019,0.5932625980956,0.2090039561981,0.4191348788399,0.3051419315326,0.1972277658638,0.3628416629888,0.4987531509190,0.5297824774849,-0.1952696452148,-0.1289417164479,0.6212647430328,1.0000000000000,0.5126895122433,0.5468367819877,-0.0321869583792,0.4779740227268,0.2578559472566,0.1731333593004,0.2364282954536,-0.0052812281565,0.0202703981898,0.0766642679545,0.0865477935867,0.3879258337489,0.1877006125407,0.2120664296555,0.2205075488479,0.2563612164599,0.4883875777469,0.3940368258514,0.0059065074650,0.2168902610567,0.4486808474987,0.3930510888805,0.5469473171146,0.4546181004569,0.2702660910499,0.3902524556720,0.1627390581250,0.1795007308764,0.1351007298296,0.3827322373947,0.5927234232060,-0.2708937104233,-0.0140407000376,0.5281297645722,0.8735544576811
