1.0000000000000,0.0078034946662,0.0858073038930,-0.2106559209470,0.4951777500904,-0.1877873043923,0.1115568408782,0.5077982298262,-0.1396266742127,0.0858677775983,0.2387492806007,0.1585679791986,0.1552706518935,-0.1920594019453,0.2928431002429,-0.2211016488592,0.6148873784711,0.1082266457897,0.2095344461963,0.3421262878428,0.3212320109364,0.4012276041630,0.0545720472583,0.4317865650729,0.2907908317991,0.1812926636662,0.1954640799984,0.1161281635987,0.5749088480163,0.5172892196339,0.6309476474191,0.0768792696390,0.0262026882348,0.5511620373998,0.3216512945461,0.4109793714728,0.0846766757083,-0.1685530672033,-0.4032468070386,0.3103042124433,-0.2667146854175,-0.0255281450160,-0.1339438449378,-0.2373385992889,-0.0377780106534,-0.0566957451188,-0.3895609402089,0.3614502725780,0.0090176770000,-0.4144053692580,-0.2613121822753,0.3720264116783,-0.5238857776301,-0.3880043308706,-0.3749258880792,0.2196451291756,-0.0126569531548,0.1484965663253,-0.0714063819265,0.2621459835147,-0.0984644294304,-0.3750291573619,-0.0471061166720,0.0068946572627,0.0724592062326,-0.0939264398148,0.1427812024984,-0.4358638998235,-0.0373897057358,-0.3954810208750
0.0078034946662,1.0000000000000,0.1663098478257,0.5276348872469,-0.1502309585339,-0.1465154263087,-0.2404226232567,0.0546453727443,-0.1310053071751,0.1889942489878,0.0149158747625,0.2431613552989,-0.1869029846336,0.1958728521805,0.0859759155976,0.0190935571893,-0.1634478996435,0.4069516461621,0.1713838203139,0.3245367886459,-0.1986994039609,0.0665651768879,0.5408886098983,0.0305760783942,0.0276947441404,0.4785552408744,0.3945375289860,0.3713258451212,-0.0540598149678,0.1368611808130,0.1937246550076,-0.0124482283749,-0.2036774708571,-0.0255181193261,0.6139053859844,-0.2647602553730,0.7850615888401,0.0420801450666,0.5357567386425,-0.1698621939200,-0.1892004409349,-0.3249883840404,0.0551473592534,-0.2539546110135,0.1597111800919,-0.1541719709855,0.2072540244678,-0.2549494427643,-0.1125667033160,0.0063595663339,0.1217292493670,-0.1587463174562,0.2903580479437,0.3052872121703,0.0242712649968,-0.2162297304038,-0.0505150365140,0.3767738593817,0.0826839699473,0.0588830938483,0.5528038680282,0.4019193937948,0.3077980467392,0.0162709034845,-0.1002422281501,0.0705590159848,-0.1689041383338,0.1873465143616,-0.0684821994521,0.4442387487370
0.0858073038930,0.1663098478257,1.0000000000000,0.0577668284704,-0.1417773252998,0.1122311808390,-0.3443192980204,0.4257839005557,0.1811075240357,0.1603378591639,-0.0619605697163,0.2768488314976,-0.3108667213715,0.2108689882601,0.2046941750339,-0.0208489362760,0.0450120943933,0.5503069558387,0.3347889497110,0.3935560059140,-0.2121134752110,0.2072604372751,0.0122340191307,0.2011289366913,0.0007286568074,0.3923959118109,0.5552921166495,0.8156418578740,0.2152436758115,-0.1514022946494,0.4259388994475,-0.0992899565085,0.1146325384140,-0.1496307982417,0.1447257057497,-0.3959719304375,-0.0222378808004,0.6088204601456,0.0991311239680,-0.1956705093146,-0.0100010488883,-0.2623099598127,0.0860474972989,0.1601142950677,-0.0266679127438,-0.2899892833727,-0.0311753363757,-0.3352561865602,0.0146254508472,-0.0091176602922,-0.0097331496147,-0.0955326836437,-0.0657589378666,0.0638202448359,-0.1643791879269,-0.2161276250754,-0.1635341938625,-0.2734010884073,-0.1181013042314,-0.1245338974358,0.1816553758528,0.0316267323784,0.7015183178024,-0.0329619364411,-0.5007013034109,-0.1538820358979,-0.1433456992721,-0.1348818669417,-0.2314241536261,-0.2553307488604
-0.2106559209470,0.5276348872469,0.0577668284704,1.0000000000000,-0.1637652999118,-0.0504936393666,0.0659110637909,0.0875182838801,0.0676304558787,0.3625612112489,0.0312035676814,0.0528806392819,-0.0542252042633,0.2296911002414,0.0651587271628,0.1387258616901,-0.3206820806578,0.2787247628835,0.0879538310530,0.1537040167722,-0.1375150665666,-0.1883423164456,0.3901876901068,-0.2218925807229,0.2913064746669,0.4216799457932,0.3075368944739,0.1547264615114,-0.2590798672149,-0.0361458555677,-0.0999812327605,-0.0979362534208,-0.1298183460459,-0.1880185593058,0.3426903111954,-0.4274490717366,0.4257989981817,-0.0078047502137,0.6825851189685,-0.1608287283102,-0.0677398881809,-0.0971558095778,0.2529463151475,-0.0723121553131,0.4596452930738,0.0305724919899,0.1378392496431,-0.2418794733487,-0.0179443711433,0.0903412122811,0.1016803704902,-0.2948640700470,0.3212877794633,0.2211239072459,0.0306565945449,-0.2198797055125,-0.2160076000876,0.4177564039389,-0.1437247314589,0.2651588357112,0.5331676572426,0.3550006891231,0.2093694276098,-0.1798119574724,-0.2312024656782,-0.0962700258367,-0.1673959562297,0.3449515968020,-0.2595857008072,0.2806242183517
0.4951777500904,-0.1502309585339,-0.1417773252998,-0.1637652999118,1.0000000000000,-0.2356805207774,0.2745829607984,-0.0742599110246,-0.1800376560279,0.0764368273444,0.4665114668004,-0.1958409761615,0.6438122118651,-0.1618056220332,0.1463341804806,-0.0152886572754,0.6255676055069,0.0058613099402,-0.0128199937929,0.1140682999554,0.7255821607778,0.6600026009646,0.2646813322577,0.6664730952546,0.2159154171721,-0.0046858968130,-0.1786442014985,-0.1114659915071,0.6960052542120,0.5053224256669,0.3082295547403,-0.0351987110878,-0.2082492873415,0.4232431641448,0.0308034604510,0.4740078866434,-0.1160544222865,-0.2993699436746,-0.1912021328596,0.8036721829314,-0.3792569692516,0.1012140906289,-0.4752708085697,-0.2885844763054,0.0564486193120,0.3180599857873,-0.3392353550491,0.7555633348168,-0.1997303082378,-0.4269057234426,-0.1596988613305,0.6799335410563,-0.2659347342946,-0.3354198559572,-0.0842110808018,0.6640571824420,0.4556926050126,0.1956313907628,0.3464947759747,0.3818071925115,-0.3820345112915,-0.4833903971035,-0.2122575276747,0.4765512283965,0.2653240686752,-0.1062888459512,-0.0185469030210,-0.3737901460542,0.2179903707816,-0.2237673950606
-0.1877873043923,-0.1465154263087,0.1122311808390,-0.0504936393666,-0.2356805207774,1.0000000000000,0.0981783078068,-0.1314698801958,0.5414613152134,-0.0913797191847,-0.0751143915469,0.0190641826850,-0.2116953194903,0.1653628154519,0.0126917140342,0.4291643670775,-0.2202354475981,-0.2372030438363,-0.1599697669654,-0.3253458023007,-0.2285167288747,-0.2396805241999,-0.2397778416726,-0.1835944345255,-0.0966472413487,-0.1289523347382,0.0392570509643,0.0656661423590,-0.2853121016463,-0.1906455817530,-0.2823309552753,-0.1818718714784,0.7259907177493,-0.0806352233575,-0.1290991608917,-0.1575212464269,-0.1935736940148,0.0928314570560,-0.0298108787213,-0.1864831404250,0.6781589070786,0.4493277979471,-0.0748798719395,0.6877083391314,-0.0835018662512,-0.0842326258944,0.1771672143351,-0.1938807837213,0.1216065564553,0.2083327621574,0.3443385454568,-0.2053452324156,-0.0544334186857,0.1085796410222,-0.1854020135872,-0.1509274689954,-0.1659952944250,-0.1800962308198,-0.1342334982922,-0.1060562542826,-0.1019053677366,0.0678118287743,0.1517620677147,-0.1143770814664,-0.0813522978823,-0.1207842409554,-0.2303295278468,0.1878992239913,0.0143627665636,0.0765040848925
0.1115568408782,-0.2404226232567,-0.3443192980204,0.0659110637909,0.2745829607984,0.0981783078068,1.0000000000000,-0.0612967454186,0.3595948819866,-0.2122444371346,0.3460604616683,-0.0766594053871,0.5541786861078,-0.2092307673161,-0.0700051982734,0.1641062521452,0.1365873147793,-0.3905677504332,-0.1270267331847,-0.2442233056490,0.4228114428547,-0.1266099067076,-0.1722930655962,0.0046083446343,0.2073438146864,-0.3168030482383,-0.2774335103314,-0.4431881715835,-0.1002508042011,0.1869779297556,-0.1498339812290,-0.1110884232102,0.1060092111504,0.2508449012977,-0.1557401879739,0.2063802576165,-0.1281855395549,-0.4489552388816,-0.3168964544228,0.3142952226052,0.1455823024805,0.6670699347296,-0.3240854790238,0.1625759743948,-0.0983112277204,0.4079280515112,-0.1926320426703,0.4892678209601,0.0991864352715,-0.1741269956882,-0.1070188389146,0.1538735848866,-0.2624541464278,-0.2187408364902,-0.1706990707717,0.2113966387547,-0.1645190264468,0.1262135657695,-0.2441322514896,0.1250012727798,-0.2614863893641,-0.3332409246198,-0.4091007168038,-0.2534721885248,0.2605733134646,-0.3332859607008,0.1511489484803,-0.1496687666465,-0.0659397302433,-0.1666230873404
0.5077982298262,0.0546453727443,0.4257839005557,0.0875182838801,-0.0742599110246,-0.1314698801958,-0.0612967454186,1.0000000000000,-0.1110277013316,0.2994864529815,-0.1510429430874,0.2691249904729,-0.3467383373387,-0.0605000321160,-0.0109779324745,-0.3482223075965,0.2670429080469,0.1885848894662,0.1745620908881,0.2500445024749,-0.2003147667228,-0.1340745484998,-0.1090459093207,-0.1138574009721,0.4780791681146,0.3467825112250,0.5266828094074,0.3190680266452,0.2289155975300,-0.1722458787199,0.5136403237454,0.1424738070110,0.1301520452853,0.1355175000161,0.0981763154145,-0.1675766699036,0.0366468000885,0.1172985833320,-0.3455378801351,-0.1983841649942,-0.0359613540925,-0.0843002625832,0.4442230825016,-0.0815223590151,0.1906909348687,-0.3352817924689,-0.3142064039088,-0.1775807478860,0.2346915754192,-0.2254092578492,-0.2495310807630,-0.1210079475540,-0.5496821902580,-0.3336448362993,-0.4630403936481,-0.3419082594380,-0.5643955375637,0.0820033520484,-0.6280884621434,0.2478593847736,0.2867273979386,-0.0461312393186,0.1399073386718,-0.4610644146618,-0.3932509138540,-0.1868801386057,0.2686916527873,-0.2599917433827,-0.4722570180081,-0.5886375590084
-0.1396266742127,-0.1310053071751,0.1811075240357,0.0676304558787,-0.1800376560279,0.5414613152134,0.3595948819866,-0.1110277013316,1.0000000000000,-0.1065154295722,0.2413360842546,0.2668961370983,0.0858636066941,0.2415994404256,0.4751414365877,0.5556772049321,-0.1873726849871,0.0081727257394,0.2437053041545,0.0254430840444,0.0222100049598,-0.0486405476411,-0.0854665918088,-0.0588423798213,-0.0404806840817,-0.0410077250931,0.0986748591210,0.1176160676552,-0.1803331208408,0.0510558127521,-0.0657140253963,-0.2148882381493,0.3518515973897,-0.0465650978373,-0.0886798043843,-0.2396632408335,-0.2063277447779,0.0879632570583,0.1003236126297,0.0411434835122,0.3103778642227,0.1835194760662,-0.1580135925737,0.4026917909768,-0.1092328212727,-0.0126071280213,0.0942496786844,-0.0373519310928,0.0442904436259,0.2257761947131,0.1828540228593,-0.0809057329877,-0.0154055287122,0.1482181511515,-0.0957312388099,0.0509395444682,-0.0705694231809,-0.2095109183118,-0.1058847870972,-0.1036034091649,-0.0690099043470,-0.0118128285696,0.1594976057441,-0.0173743744793,-0.1087136819422,-0.2148789060681,-0.2020014273780,0.1558808396562,-0.0272146594736,-0.0434143060620
0.0858677775983,0.1889942489878,0.1603378591639,0.3625612112489,0.0764368273444,-0.0913797191847,-0.2122444371346,0.2994864529815,-0.1065154295722,1.0000000000000,-0.0006138411597,0.0866023976118,-0.0659997483494,0.3487395074409,0.1938541497535,0.0461844633677,0.0461330500148,0.1807119306960,0.0028054507876,0.1825985662508,-0.0733104106682,0.0935448551256,0.3152959766802,0.0268400412721,0.6290722959625,0.4945530714534,0.2574658135269,0.2713168135961,0.2225835683486,0.0183843983545,0.0210060189189,0.2507541616086,-0.0793622472329,0.0208115692875,0.0598576274467,-0.0850798166962,-0.0088384752628,0.0349839785112,0.2865539753013,0.0863946097248,-0.2131351886190,-0.2692085296540,0.2233208407612,-0.2154805692892,0.8241706102545,-0.1171789679007,-0.1320290679815,-0.0550241435257,0.1776059009202,0.1076877526375,0.0965908839689,0.0145188239535,-0.1320288987325,-0.2256642735323,-0.2026236989348,-0.0123480432909,0.0489468906694,0.1531788603952,-0.0759594245316,0.5517881643881,0.2537216594814,-0.0834355558123,0.1108590413389,0.1316677253690,-0.2004225989201,-0.2115800632564,0.0262839922261,0.0630424776923,0.0262742010193,-0.1553059435864
0.2387492806007,0.0149158747625,-0.0619605697163,0.0312035676814,0.4665114668004,-0.0751143915469,0.3460604616683,-0.1510429430874,0.2413360842546,-0.0006138411597,1.0000000000000,0.0476855922623,0.5393561892373,0.1636002343619,0.3257327940058,0.1943330979746,0.1220723972219,0.0245775495598,-0.1144754591909,0.1242067021669,0.5309751773149,0.3985217966247,0.2493336929774,0.3163619100459,0.0686215798922,0.1007024877275,0.1572617903019,0.0210316018991,0.4062520973176,0.4014839142288,0.0856090371496,0.1256333632297,-0.1756591643770,0.2594819446170,0.0398545944500,0.1069319500296,-0.0110695157905,-0.2494969832492,0.1707916937582,0.6373039670561,-0.4150125102671,0.0563714720349,-0.3222447816968,-0.0154624611669,0.0150523605194,0.6457321723454,-0.1773722106583,0.5119126060505,0.0427595450042,-0.0603058832066,0.0341611381691,0.2703502702243,-0.0588539502657,-0.1168921818773,-0.1424467521310,0.5440010357944,0.2090316345782,-0.0100210870638,0.1140645267580,0.1785965697194,-0.1002971179745,-0.1464354509761,0.0307559770757,0.4180831058978,0.0339106696760,-0.2834215894911,0.0265156705401,-0.0692562908237,0.1621625434111,-0.0452431511420
0.1585679791986,0.2431613552989,0.2768488314976,0.0528806392819,-0.1958409761615,0.0190641826850,-0.0766594053871,0.2691249904729,0.2668961370983,0.0866023976118,0.0476855922623,1.0000000000000,-0.2311527337858,0.5739378037522,0.3639822283853,0.1056087691705,-0.0538332999781,0.1497270150903,0.5248512659255,0.3169852252699,-0.2237279614766,-0.0058668868064,-0.0402834793945,-0.0675897878442,-0.1193197837239,0.4594823138237,0.3711837330720,0.4509879560735,-0.0367922912130,0.0947288194173,0.1769142299397,0.0756352689347,0.0925449041305,-0.1315961662983,0.2228106922371,-0.2619271081897,0.1031793748631,0.0425933000355,0.0254407083318,-0.1861917965286,-0.1350569552885,-0.1693810450423,-0.0528738083547,0.0366516901511,-0.0733116091620,-0.2333731382807,0.4649965166572,-0.1512514595307,0.4835288168377,0.1303472754297,0.1316195997488,-0.1864167494034,-0.1724349904909,0.3342522248678,-0.2035646720581,-0.3066388008537,-0.2274768946268,-0.1217666026102,-0.2005969755344,-0.2026967921101,0.4011992929281,0.1368946998375,0.3325660332926,-0.1642774407754,-0.1973633356697,-0.3327415929498,0.0735397742969,0.0075544907689,-0.2261530214289,-0.1286807951928
0.1552706518935,-0.1869029846336,-0.3108667213715,-0.0542252042633,0.6438122118651,-0.2116953194903,0.5541786861078,-0.3467383373387,0.0858636066941,-0.0659997483494,0.5393561892373,-0.2311527337858,1.0000000000000,-0.1744458553717,0.1409804880677,0.2541278236310,0.2044277306225,-0.0993430938166,-0.0913239458424,0.0047037363553,0.8945571491949,0.3643879981984,0.1664942509149,0.4173736238145,0.1501085461430,-0.2875572305260,-0.3558511601753,-0.3355879836426,0.3222813199869,0.4702024444341,0.0255320390133,-0.0412077287872,-0.2564134566378,0.3410793168621,-0.0643256995079,0.4235603384104,-0.1205677034812,-0.3549792611080,-0.0267911516030,0.7455619934497,-0.2817109367932,0.2777908731766,-0.4340822674801,-0.1399088506412,0.0562700280855,0.5220294331375,-0.2256890717896,0.8641582668885,-0.1381867846390,-0.1396005121810,-0.0351305450024,0.4255834708115,0.0372116815208,-0.1879394255534,0.1614053753782,0.7985747490303,0.3519732886242,0.1309272994117,0.2948280547412,0.2808576453093,-0.3929126041426,-0.4116926769862,-0.2977900715810,0.3584463183659,0.4494832879597,-0.0902731634521,0.0207638468328,-0.1665947736955,0.3697014768722,-0.0196896663059
-0.1920594019453,0.1958728521805,0.2108689882601,0.2296911002414,-0.1618056220332,0.1653628154519,-0.2092307673161,-0.0605000321160,0.2415994404256,0.3487395074409,0.1636002343619,0.5739378037522,-0.1744458553717,1.0000000000000,0.2584716375125,0.2966253604698,-0.2383468465498,0.0399325757057,0.1537479026468,0.0629294680692,-0.2037900454953,0.0434572961605,0.0890362126099,-0.0579116827706,-0.0327235796941,0.5379153920167,0.2613831927902,0.4540293764934,-0.0970355217746,0.0299600305063,-0.2146557866541,0.0775236719758,0.0286925109349,-0.1664933882640,0.0112863837684,-0.3134219968552,-0.0641302897796,0.0730874850426,0.3579026161575,-0.1164441266081,-0.1039144479945,-0.1031643808069,-0.0889927090744,0.2141175193744,0.2330977836416,-0.0345789068760,0.5321531131761,-0.1653588191065,0.5370329836280,0.3373734140646,0.3818606122175,-0.1710959398774,0.0677278403497,0.3673597982372,-0.1673227736359,-0.1617890586164,0.0075592729789,-0.1134031439115,0.0100262938771,-0.0114837884300,0.3320982045969,0.1522597469567,0.4204520831398,0.0746663477577,-0.1832650427898,-0.3427971128872,-0.1842496244554,0.2913541164872,0.0026125217682,0.0605748318625
0.2928431002429,0.0859759155976,0.2046941750339,0.0651587271628,0.1463341804806,0.0126917140342,-0.0700051982734,-0.0109779324745,0.4751414365877,0.1938541497535,0.3257327940058,0.3639822283853,0.1409804880677,0.2584716375125,1.0000000000000,0.2678181038340,0.0786429034622,0.3558737030011,0.5552892254237,0.5524993154978,0.1727832388072,0.4235486957345,0.2190451008137,0.2928233423921,0.0650829357947,0.3323426178642,0.2207684702330,0.3174424556954,0.2918973091088,0.5233588859681,0.3510731048679,0.0205424230151,0.0277850784720,0.0935443824239,0.2281655326426,0.0181370225190,-0.0560101174243,0.0458872970593,0.2392456423212,0.2474617951692,-0.1557980444160,-0.3625491907213,-0.1832016092116,-0.1634614076059,0.0497932452122,-0.0717506142278,-0.0265490491877,0.0760470399127,-0.0861980917899,0.1026179546053,0.0740876120173,0.1204850894588,-0.0241207472398,0.0380358632250,0.0230247757500,0.2298163620744,0.2497158353708,-0.1393492125928,0.1737888312193,0.0325890618055,-0.0130757191093,-0.1431536248130,0.1973492949133,0.3072632409102,-0.0840339663007,-0.1318825926866,-0.0769414730020,0.1485998538613,0.0711335969043,-0.0695768814989
-0.2211016488592,0.0190935571893,-0.0208489362760,0.1387258616901,-0.0152886572754,0.4291643670775,0.1641062521452,-0.3482223075965,0.5556772049321,0.0461844633677,0.1943330979746,0.1056087691705,0.2541278236310,0.2966253604698,0.2678181038340,1.0000000000000,-0.2253497688893,-0.0661170860187,0.0398003239295,-0.1445915399172,0.1480589304557,0.1124463310702,0.1363412150482,0.0591319998816,-0.0595736183470,-0.0469286713409,-0.1557001868862,0.0041358649370,-0.1417840638620,0.1069572428235,-0.2048899034091,-0.2628148330234,0.1183636320837,-0.0471578158136,0.0347736632261,-0.0766645647334,-0.0863703928311,-0.0028413721192,0.3343473100733,0.1434590543761,0.1832841290041,0.1530534193668,-0.2142759888297,0.3764522525239,0.1295833220569,0.1180814175303,0.2791155223180,0.0927260024845,0.0364472199247,0.3891086513495,0.5265385904087,-0.0160094782391,0.1742980185239,0.3392188264323,0.1156024371446,0.2290129956180,0.2182824909040,-0.0227790835568,0.2232629076570,0.0542338254463,-0.0543208859498,-0.0091676299623,0.1540972460628,0.1896757757049,0.1183621009188,-0.0943417018627,-0.3509682920672,0.1949190464724,0.2244068529007,0.2309364989292
0.6148873784711,-0.1634478996435,0.0450120943933,-0.3206820806578,0.6255676055069,-0.2202354475981,0.1365873147793,0.2670429080469,-0.1873726849871,0.0461330500148,0.1220723972219,-0.0538332999781,0.2044277306225,-0.2383468465498,0.0786429034622,-0.2253497688893,1.0000000000000,0.0760389614555,0.1701610096398,0.2177429118665,0.3614054325647,0.5966738375180,0.1896687162974,0.6812080460179,0.2746439787283,0.0731422713739,0.0126330425206,0.0646616160944,0.6380323599712,0.3848368263538,0.4846587350401,-0.0367441456111,-0.0970338558341,0.4478603071699,0.1009914681654,0.3709369470325,-0.1770765372317,-0.0620330398624,-0.4565140083843,0.4264238671405,-0.2018536930558,-0.0088057103625,-0.3132812589510,-0.2737122479652,-0.0720331097764,-0.0587437420747,-0.4479984714687,0.3950270068229,-0.1150727270739,-0.5038247635793,-0.2935480650635,0.8209093529443,-0.5245328656075,-0.4242411250696,-0.2303136201060,0.2891471231365,0.3058878961703,0.2135598106941,0.1882109091538,0.3003530309899,-0.2788845448576,-0.4490352293111,-0.1416338122092,0.2095539317619,0.0978477593583,-0.0997379608787,0.0637650603208,-0.4735573532514,0.0357647082459,-0.4236752108599
0.1082266457897,0.4069516461621,0.5503069558387,0.2787247628835,0.0058613099402,-0.2372030438363,-0.3905677504332,0.1885848894662,0.0081727257394,0.1807119306960,0.0245775495598,0.1497270150903,-0.0993430938166,0.0399325757057,0.3558737030011,-0.0661170860187,0.0760389614555,1.0000000000000,0.4949508815097,0.7928590251989,0.0014845305658,0.3740595885389,0.3770536707541,0.2861712023856,-0.0578254645530,0.4200298357994,0.5245853199013,0.5484304927066,0.2673214268123,0.1892756649354,0.5159013646947,-0.0684998642152,-0.2626214876299,-0.0325896089938,0.4743741562659,-0.3192328224442,0.2658852447057,0.3565000401964,0.4498029398350,-0.0031667264533,-0.2584615000644,-0.6038158831791,0.0513729927407,-0.3023744433807,0.0143756902426,-0.2345712294774,-0.0460403354128,-0.2067816926126,-0.4034280286033,-0.1793259443834,-0.1445231698842,0.0270649025424,0.3206970381075,0.1420171063303,0.2360322119098,0.0109284872904,0.1361636024215,-0.0152108972030,0.1827333352261,-0.1076007553502,0.2575880291196,0.2055027736285,0.4058959888090,0.2189731397098,-0.3604894702810,0.0935834999142,-0.1838019038918,0.0697430199249,-0.0721700984561,0.0654703246289
0.2095344461963,0.1713838203139,0.3347889497110,0.0879538310530,-0.0128199937929,-0.1599697669654,-0.1270267331847,0.1745620908881,0.2437053041545,0.0028054507876,-0.1144754591909,0.5248512659255,-0.0913239458424,0.1537479026468,0.5552892254237,0.0398003239295,0.1701610096398,0.4949508815097,1.0000000000000,0.6508094203193,-0.0513523454531,0.2477070380821,0.0844041294711,0.1838047726018,-0.1271273128101,0.4055614274995,0.2048541174599,0.4291657315903,0.0914629350519,0.2721134560121,0.4502314513706,-0.2222460310141,-0.0917609403537,-0.1259052283756,0.4287291355411,-0.1830168200566,0.0705031035267,0.1865495068704,0.0774990506433,-0.1224497232687,-0.0514257735595,-0.3926715254854,-0.1566355931769,-0.2085146876092,-0.1845634344867,-0.3796318152375,0.1275119052289,-0.1565791776655,-0.1012901496253,-0.0768085413804,-0.1261917151373,0.0223021966809,-0.0007818497718,0.3531405432731,0.1270418891638,-0.1376163324530,-0.0045815116226,-0.0629928589317,0.0355860467501,-0.2301685821055,0.2350888620415,-0.0222234379678,0.2957541133837,-0.0813730657262,-0.1597431798996,-0.1185410233291,-0.1704790659996,0.0063594394474,-0.2508505210247,-0.0755638525898
0.3421262878428,0.3245367886459,0.3935560059140,0.1537040167722,0.1140682999554,-0.3253458023007,-0.2442233056490,0.2500445024749,0.0254430840444,0.1825985662508,0.1242067021669,0.3169852252699,0.0047037363553,0.0629294680692,0.5524993154978,-0.1445915399172,0.2177429118665,0.7928590251989,0.6508094203193,1.0000000000000,0.0884951279221,0.4006645496369,0.2936602501531,0.2855431629039,-0.0060729980227,0.4947504481074,0.5275475929412,0.4503882670202,0.3090139488226,0.3849225194380,0.5924583183081,0.0487292492470,-0.2324859628749,0.0535986307386,0.5292614794413,-0.1315005657093,0.2059196896715,0.1721103361565,0.2575264973925,0.0568032334189,-0.2489600429680,-0.5575528773893,-0.0270576816928,-0.3885556615050,-0.0196496882095,-0.2317636280918,-0.0595065406142,-0.0418245648185,-0.2636666949839,-0.2085790913580,-0.0972682327857,0.0804851590128,0.0872285885899,0.0756878964515,0.1406797399704,0.0251095001240,0.1012219038574,-0.0404469981009,0.0831784238086,-0.0790088110552,0.2516914795122,0.0611576651153,0.2463790685722,0.1371624302666,-0.2680017615330,0.0054196529033,0.0303447694570,0.0755133696130,-0.0723256426590,-0.0198775676937
0.3212320109364,-0.1986994039609,-0.2121134752110,-0.1375150665666,0.7255821607778,-0.2285167288747,0.4228114428547,-0.2003147667228,0.0222100049598,-0.0733104106682,0.5309751773149,-0.2237279614766,0.8945571491949,-0.2037900454953,0.1727832388072,0.1480589304557,0.3614054325647,0.0014845305658,-0.0513523454531,0.0884951279221,1.0000000000000,0.4679178421118,0.1986105328767,0.5303057882029,0.2038132080672,-0.2307558429872,-0.2547045039740,-0.2075529556998,0.4832043736875,0.4797742976448,0.1714461285621,-0.0689640694622,-0.2328410775912,0.4397970629180,-0.0213147340344,0.4513828334342,-0.1085892004885,-0.2989266663879,-0.0862451223017,0.7980424223708,-0.3286642399343,0.1660134659466,-0.4186016341948,-0.1938123861035,0.0143720255144,0.4468297799739,-0.3274623438663,0.8479684974087,-0.2098406126851,-0.2729928295608,-0.1324968353996,0.5229626057167,-0.0582479846209,-0.2668150366917,0.0702956396523,0.8830082140566,0.3722070217129,0.1767684037356,0.3028278066850,0.3257731860280,-0.4024759080513,-0.4341559518684,-0.2308105837012,0.3887926534404,0.3431968011018,-0.0671128554074,-0.0448247535844,-0.2659711071238,0.3333669820873,-0.1453987225055
0.4012276041630,0.0665651768879,0.2072604372751,-0.1883423164456,0.6600026009646,-0.2396805241999,-0.1266099067076,-0.1340745484998,-0.0486405476411,0.0935448551256,0.3985217966247,-0.0058668868064,0.3643879981984,0.0434572961605,0.4235486957345,0.1124463310702,0.5966738375180,0.3740595885389,0.2477070380821,0.4006645496369,0.4679178421118,1.0000000000000,0.4777899398203,0.9024627112674,0.0093935639020,0.1993027784270,0.0205576104724,0.2849871995093,0.7219860610915,0.5794660726541,0.4819059633825,-0.0876007457011,-0.3280060904307,0.3328321010096,0.2193007212776,0.2402093851343,-0.0436179308880,0.0411081542640,0.0839061568441,0.5933135599041,-0.4611759208688,-0.3276736469170,-0.4659812216341,-0.3208840353957,-0.0090223053352,0.0744053568769,-0.2203341672885,0.4064222029651,-0.3039050290286,-0.2320615067351,-0.0651845222686,0.7209472454284,-0.1021007494247,-0.0975814999557,0.0382374313015,0.5211232306599,0.7322443301464,0.0877969647891,0.6413941751879,0.1921938814668,-0.2531970499547,-0.3386104479357,0.1653115330369,0.6825751311596,0.1058699932111,-0.0315810746766,-0.2241090895972,-0.2344278358401,0.3242802329945,-0.0955367287840
0.0545720472583,0.5408886098983,0.0122340191307,0.3901876901068,0.2646813322577,-0.2397778416726,-0.1722930655962,-0.1090459093207,-0.0854665918088,0.3152959766802,0.2493336929774,-0.0402834793945,0.1664942509149,0.0890362126099,0.2190451008137,0.1363412150482,0.1896687162974,0.3770536707541,0.0844041294711,0.2936602501531,0.1986105328767,0.4777899398203,1.0000000000000,0.3959334550484,0.2497043424530,0.2677984471926,0.2318991438039,0.1940703153141,0.2775376560379,0.3373683852111,0.2481654417941,-0.0675401910310,-0.3539401766425,0.2018997647937,0.3703109862105,-0.0072709706172,0.4289905471382,0.0593406577350,0.5042711797123,0.3459431869796,-0.3692964897093,-0.3886633211778,-0.0275823482793,-0.4031329764903,0.3923627567438,0.0072250732409,-0.0540521508158,0.1241286748034,-0.3024815322583,-0.0582863343442,0.0574473626993,0.4035794511320,0.2137187529064,0.0677715090268,0.0758025186600,0.2715431389551,0.4171792514543,0.6397726450212,0.4127612310986,0.4562124689787,0.1909195140803,0.2028307669703,0.1291630087993,0.4829263450646,0.0692426538996,0.1461191219567,-0.2193264728864,0.1197794887809,0.2858176944720,0.2955097382740
0.4317865650729,0.0305760783942,0.2011289366913,-0.2218925807229,0.6664730952546,-0.1835944345255,0.0046083446343,-0.1138574009721,-0.0588423798213,0.0268400412721,0.3163619100459,-0.0675897878442,0.4173736238145,-0.0579116827706,0.2928233423921,0.0591319998816,0.6812080460179,0.2861712023856,0.1838047726018,0.2855431629039,0.5303057882029,0.9024627112674,0.3959334550484,1.0000000000000,0.0831098353035,0.0457948152884,-0.0678742831363,0.2597124880915,0.6886019423780,0.5635422471188,0.4437383895170,-0.1411346799295,-0.2461840166037,0.4196074131384,0.2042849729787,0.3253693527697,-0.0269119191200,0.0330651843657,-0.0794973726934,0.5905046482081,-0.3712063907903,-0.1269575217351,-0.5322864823475,-0.2504615179585,-0.0605371395825,0.0663514466878,-0.2973904231301,0.4831026710728,-0.2885195016104,-0.3522010252221,-0.1693983935690,0.7990515848478,-0.1423709994935,-0.1860925938320,-0.0169905051337,0.5315613636509,0.6392955290972,0.1826329370616,0.6276367547304,0.2252794793440,-0.3430755174348,-0.4174986969554,0.1343540928567,0.5697027458771,0.2028059852627,-0.0437085291395,-0.2309593145112,-0.3454466589423,0.3280058070739,-0.1385847016127
0.2907908317991,0.0276947441404,0.0007286568074,0.2913064746669,0.2159154171721,-0.0966472413487,0.2073438146864,0.4780791681146,-0.0404806840817,0.6290722959625,0.0686215798922,-0.1193197837239,0.1501085461430,-0.0327235796941,0.0650829357947,-0.0595736183470,0.2746439787283,-0.0578254645530,-0.1271273128101,-0.0060729980227,0.2038132080672,0.0093935639020,0.2497043424530,0.0831098353035,1.0000000000000,0.1215246367276,0.1799286744933,0.0264839300792,0.3136824476456,0.0624916613955,0.1330692454426,0.1483042903603,-0.0002362472426,0.3254501471600,-0.0646357137005,0.1173185600685,0.0066878924536,-0.1331480931211,-0.0801002971600,0.2629305558824,-0.0639820366200,0.0855662088025,0.2837498495586,-0.1126458886537,0.6350328436741,0.0193872180378,-0.4245917434434,0.1966767016125,0.1120460786269,-0.0987724777123,-0.1485380096178,0.2020013783084,-0.3506535001541,-0.4743727049905,-0.3278727937559,0.1607366710211,-0.1180736434652,0.4355005152474,-0.2772952956998,0.8062134847607,0.0195808562957,-0.2132279925114,-0.1083038168124,-0.0490047001231,-0.0030900397701,-0.1742316428443,0.1586953429611,-0.1523308324193,-0.0196527601728,-0.3604135894461
0.1812926636662,0.4785552408744,0.3923959118109,0.4216799457932,-0.0046858968130,-0.1289523347382,-0.3168030482383,0.3467825112250,-0.0410077250931,0.4945530714534,0.1007024877275,0.4594823138237,-0.2875572305260,0.5379153920167,0.3323426178642,-0.0469286713409,0.0731422713739,0.4200298357994,0.4055614274995,0.4947504481074,-0.2307558429872,0.1993027784270,0.2677984471926,0.0457948152884,0.1215246367276,1.0000000000000,0.5962198356933,0.6236779718266,0.1686402958772,0.1266177045616,0.2618682217194,0.1106172518574,-0.0962172760622,-0.0614856552620,0.4299425916642,-0.3755647993725,0.2196222080134,0.1334441421096,0.3903894596841,-0.1615809185271,-0.2367338680522,-0.3949363603921,0.0542264518681,-0.1764189852632,0.3130086810008,-0.2418769632355,0.1370093152097,-0.2594114724932,0.2109397498430,-0.0285349769462,0.1258496143481,-0.1293305429989,-0.1192627484336,0.1169060133040,-0.2273459742781,-0.2660294832993,-0.1162633230956,0.0309520792835,-0.1370353423547,0.0754753857078,0.6682175030115,0.1546214443537,0.4738180243784,-0.0319849072294,-0.4423773408156,-0.2875856473034,-0.0450798733237,0.1777387899175,-0.2839451145059,-0.0550929898077
0.1954640799984,0.3945375289860,0.5552921166495,0.3075368944739,-0.1786442014985,0.0392570509643,-0.2774335103314,0.5266828094074,0.0986748591210,0.2574658135269,0.1572617903019,0.3711837330720,-0.3558511601753,0.2613831927902,0.2207684702330,-0.1557001868862,0.0126330425206,0.5245853199013,0.2048541174599,0.5275475929412,-0.2547045039740,0.0205576104724,0.2318991438039,-0.0678742831363,0.1799286744933,0.5962198356933,1.0000000000000,0.6297395325923,0.1298222591099,-0.0106882142319,0.4017667758221,0.2434321520787,0.0929095602729,-0.0388442893626,0.3476442938683,-0.4885171212459,0.2609282619454,0.2612046797994,0.2251022145356,-0.1657068516410,-0.0826283358961,-0.3160339917527,0.2567636686607,0.0267268283928,0.1458123021290,-0.2436482790164,-0.0461356679963,-0.3035279217024,0.1150648995057,-0.0832231537489,0.0338078853326,-0.1803869927454,-0.1373991360166,-0.0279223477836,-0.3593794660191,-0.2825853973664,-0.3608939536964,0.0136631050248,-0.3753735447138,0.0713821147846,0.5021202877008,0.4169932578874,0.4752164332126,-0.1302396363242,-0.5610219422099,-0.2223809975605,0.1697452507901,0.1159094664894,-0.3382184728658,-0.1369139598322
0.1161281635987,0.3713258451212,0.8156418578740,0.1547264615114,-0.1114659915071,0.0656661423590,-0.4431881715835,0.3190680266452,0.1176160676552,0.2713168135961,0.0210316018991,0.4509879560735,-0.3355879836426,0.4540293764934,0.3174424556954,0.0041358649370,0.0646616160944,0.5484304927066,0.4291657315903,0.4503882670202,-0.2075529556998,0.2849871995093,0.1940703153141,0.2597124880915,0.0264839300792,0.6236779718266,0.6297395325923,1.0000000000000,0.2288758252409,-0.0272916876489,0.3517245609548,-0.0629140604160,0.0416509241841,-0.1605150000119,0.2573330878164,-0.4518133360625,0.1398606896284,0.5303951458970,0.2613506989700,-0.1653856225945,-0.1618296066988,-0.3776485500149,-0.0189149706200,0.0488100808388,0.0831870321566,-0.2908579973975,0.0911167192955,-0.3106233105536,0.0732648741377,0.0150040687977,0.0173556791049,-0.0502969798977,-0.0494604860058,0.1806333036539,-0.2523350717592,-0.1832022837382,-0.0594749484040,-0.1265509332757,-0.0164955097405,-0.0448764307405,0.3662562016632,0.1821476497841,0.8372383214498,0.0465969166170,-0.5051798438448,-0.2663259199457,-0.2611589144769,-0.0463455096024,-0.2234818197695,-0.1698149736799
0.5749088480163,-0.0540598149678,0.2152436758115,-0.2590798672149,0.6960052542120,-0.2853121016463,-0.1002508042011,0.2289155975300,-0.1803331208408,0.2225835683486,0.4062520973176,-0.0367922912130,0.3222813199869,-0.0970355217746,0.2918973091088,-0.1417840638620,0.6380323599712,0.2673214268123,0.0914629350519,0.3090139488226,0.4832043736875,0.7219860610915,0.2775376560379,0.6886019423780,0.3136824476456,0.1686402958772,0.1298222591099,0.2288758252409,1.0000000000000,0.4047095498555,0.5822117687870,0.1527774821339,-0.1961125612162,0.3692363123881,0.0690431373988,0.3066884927896,-0.0868231401016,-0.0535154039040,-0.1568758686049,0.6200346490996,-0.4527377716144,-0.2270334884194,-0.2237972119928,-0.3281890860601,0.0487540561576,0.1350030591400,-0.4051743389927,0.4533419945629,-0.1719687143866,-0.3601385550827,-0.2056285260059,0.6193629885655,-0.3451200212565,-0.3749557050798,-0.1504785515501,0.5133457077662,0.3953573172030,0.0539359143659,0.2851456124301,0.3443182952946,-0.2497393600750,-0.3979065205519,0.0277642292057,0.6045539678627,0.0396916922345,0.0110576843368,0.0612070478761,-0.3777745954639,0.1548528772028,-0.3505081700533
0.5172892196339,0.1368611808130,-0.1514022946494,-0.0361458555677,0.5053224256669,-0.1906455817530,0.1869779297556,-0.1722458787199,0.0510558127521,0.0183843983545,0.4014839142288,0.0947288194173,0.4702024444341,0.0299600305063,0.5233588859681,0.1069572428235,0.3848368263538,0.1892756649354,0.2721134560121,0.3849225194380,0.4797742976448,0.5794660726541,0.3373683852111,0.5635422471188,0.0624916613955,0.1266177045616,-0.0106882142319,-0.0272916876489,0.4047095498555,1.0000000000000,0.3592818961509,0.0309008469991,-0.1397971500187,0.5613413423727,0.4485945717921,0.4446853979867,0.1575724738129,-0.2415512876146,0.0248881231297,0.4999136707859,-0.2535309072907,-0.1166231461026,-0.4752241197773,-0.2963173926054,-0.0298029985885,0.0930499014898,-0.1162776120715,0.4997940264409,-0.1393623941209,-0.2213798724660,0.0008525025265,0.4679668833973,-0.0402426585613,-0.0520184169444,0.0474680856823,0.4509706432197,0.4086656693058,0.1985780419252,0.4024766102218,0.1567825923079,-0.1248242762407,-0.2655943183026,-0.0920201079571,0.3602368309236,0.4623507806936,-0.0480245563452,0.0060764733528,-0.0501204264488,0.3579383275281,0.1453859545487
0.6309476474191,0.1937246550076,0.4259388994475,-0.0999812327605,0.3082295547403,-0.2823309552753,-0.1498339812290,0.5136403237454,-0.0657140253963,0.0210060189189,0.0856090371496,0.1769142299397,0.0255320390133,-0.2146557866541,0.3510731048679,-0.2048899034091,0.4846587350401,0.5159013646947,0.4502314513706,0.5924583183081,0.1714461285621,0.4819059633825,0.2481654417941,0.4437383895170,0.1330692454426,0.2618682217194,0.4017667758221,0.3517245609548,0.5822117687870,0.3592818961509,1.0000000000000,-0.0640220396161,-0.0840451362831,0.2817938327624,0.4505523538891,0.0581474946552,0.2056758992362,0.1602050631144,-0.1716362350286,0.1969879903277,-0.2383748088472,-0.3301559014559,-0.0392504845746,-0.3217588875716,-0.1155617697516,-0.2882364846780,-0.3271561850799,0.1030534472621,-0.2011543408040,-0.4130977846900,-0.2800851688014,0.2682990132456,-0.2846159989309,-0.1149968129597,-0.1292732302641,0.0858236773324,-0.0169601061848,0.1325702795695,0.0135606913381,0.1033212891798,0.0415228329170,-0.1061081980434,0.1974374709321,0.1015381513625,-0.1477540721105,0.1476206631042,0.0486961862030,-0.2907954555745,-0.1653475575442,-0.2579824909003
0.0768792696390,-0.0124482283749,-0.0992899565085,-0.0979362534208,-0.0351987110878,-0.1818718714784,-0.1110884232102,0.1424738070110,-0.2148882381493,0.2507541616086,0.1256333632297,0.0756352689347,-0.0412077287872,0.0775236719758,0.0205424230151,-0.2628148330234,-0.0367441456111,-0.0684998642152,-0.2222460310141,0.0487292492470,-0.0689640694622,-0.0876007457011,-0.0675401910310,-0.1411346799295,0.1483042903603,0.1106172518574,0.2434321520787,-0.0629140604160,0.1527774821339,0.0309008469991,-0.0640220396161,1.0000000000000,-0.0407456296366,0.0466964837835,-0.0941945892117,0.0560543999950,-0.0050872467001,-0.1745650265408,-0.0726518163384,0.0860008007060,-0.1853595786753,-0.0739438198394,0.2034801337240,-0.1065548036265,0.1424956529936,0.1463979605547,-0.0883894611760,0.0705843380463,0.3374932601990,0.0592007028686,0.0492197627499,-0.0730870868748,-0.1561840124012,-0.3676836230291,-0.0946960467098,-0.0035401417063,-0.0363202555579,-0.1342375321544,-0.1409642196300,0.0277493708674,0.1295877272040,-0.0047951150354,-0.1525151703437,0.0583465498932,0.0102452147269,-0.0509977442849,0.6737004343168,0.1315975927415,0.0616411166946,-0.0953300913113
0.0262026882348,-0.2036774708571,0.1146325384140,-0.1298183460459,-0.2082492873415,0.7259907177493,0.1060092111504,0.1301520452853,0.3518515973897,-0.0793622472329,-0.1756591643770,0.0925449041305,-0.2564134566378,0.0286925109349,0.0277850784720,0.1183636320837,-0.0970338558341,-0.2626214876299,-0.0917609403537,-0.2324859628749,-0.2328410775912,-0.3280060904307,-0.3539401766425,-0.2461840166037,-0.0002362472426,-0.0962172760622,0.0929095602729,0.0416509241841,-0.1961125612162,-0.1397971500187,-0.0840451362831,-0.0407456296366,1.0000000000000,0.0174772332804,-0.1390384559866,-0.0711039255861,-0.1760697738836,0.0633003254690,-0.2713104617767,-0.2553047060978,0.6555011237366,0.4348264262079,0.0334119955560,0.4880705756414,-0.1093059028423,-0.1460610461355,0.0341849763317,-0.1855240554305,0.2445967200239,0.0730193859170,0.1281360825893,-0.2172376360758,-0.2344038583334,-0.0521124259506,-0.2668792166400,-0.2220330365994,-0.3368383097551,-0.1630079779933,-0.2973655401257,-0.0822745846131,-0.0796868736281,0.0087035976009,0.0601627837537,-0.2900013810533,-0.0978155559014,-0.0915917627720,0.0274761139286,0.1003838564315,-0.1446564637806,-0.1057486180391
0.5511620373998,-0.0255181193261,-0.1496307982417,-0.1880185593058,0.4232431641448,-0.0806352233575,0.2508449012977,0.1355175000161,-0.0465650978373,0.0208115692875,0.2594819446170,-0.1315961662983,0.3410793168621,-0.1664933882640,0.0935443824239,-0.0471578158136,0.4478603071699,-0.0325896089938,-0.1259052283756,0.0535986307386,0.4397970629180,0.3328321010096,0.2018997647937,0.4196074131384,0.3254501471600,-0.0614856552620,-0.0388442893626,-0.1605150000119,0.3692363123881,0.5613413423727,0.2817938327624,0.0466964837835,0.0174772332804,1.0000000000000,0.2460013084932,0.5649187172027,0.1434145815499,-0.2738063570503,-0.2759114468530,0.3978083622435,-0.0962620515816,0.2030288733765,-0.2175742281118,-0.1070835618290,0.0431967791516,0.1392771743387,-0.3400607204846,0.4817149620437,-0.0232849309908,-0.2638269604280,-0.1321340852549,0.4438619051377,-0.2293974112735,-0.3355631411909,-0.1286956017301,0.3998118903845,0.1674488536336,0.3161791545425,0.1238967774265,0.3462908803568,-0.1718835787551,-0.3295268822529,-0.2144336284958,0.1234556101480,0.4041883322153,-0.0018720195773,0.1345390186281,-0.2103702661754,0.4290017168508,-0.0822750479585
