1.0000000000000,0.3554299008500,0.0705646980415,0.4320721968424,0.3440962807269,0.1265539191266,0.2126953714896,0.4383444269520,0.3220469336238,0.2534414063598,0.4931533408654,0.2428398590918,0.1734080511964,0.1666714217552,0.5972722569989,0.1817458307904,0.1846139377209,0.2788041030991,0.2928322970466,0.2577014119890,0.2710732818952,0.3542402240744,0.2999594623498,0.2251248432830,0.2943143571762,0.2129597704413,0.2839567720268,0.0063017522187,0.2745228874298,0.6207008756849,0.3367758667908,0.0928253932083,-0.1101215426841,0.3676004444792,0.1191038183305,0.4188722092290,0.0593262432005,-0.4560909920212,0.1713355162448,0.2621915478019,-0.1392566300579,-0.0080618674222,-0.0159170949841,-0.1176946155605,0.0542192537782,0.2152637540076,-0.1256129046338,0.1779581186199,0.1262693427402,-0.1483756353842,0.1808586024838,0.2078510601893,-0.1831987019808,-0.0956238804730,-0.0997836300308,0.2049384507978,-0.0806849798337,0.1395985342509,-0.2610862892334,0.2957727504254,-0.1424310272154,-0.3808512989854,-0.4266718610045,0.2306858617986,0.0002825083373,-0.1884451350323,0.0785363682649,-0.1897310922298,0.0964569992509,-0.1192660012593
0.3554299008500,1.0000000000000,0.3328566182056,0.5778432455418,0.0173899368630,-0.0581978230349,-0.1288437078146,0.4290860785619,0.0548795092755,0.1200282661774,-0.0258727465752,0.3331147933311,-0.2394696042967,0.1705382167045,0.1244976896031,-0.0306777580997,0.2955011077612,0.4031533815119,0.1713608986196,0.0344131906119,-0.1642894145383,0.3271176143823,0.6128963649815,0.2572526486445,0.2248204925063,0.5977590282096,0.5910766944762,0.3714054054208,0.2285951423703,0.2030050871945,0.5823431428956,0.1395422383717,-0.2547185191410,0.1989845403530,0.2839992356139,-0.0430046890708,0.5917000247722,-0.3270790028664,0.3145976243346,-0.2021788093058,-0.1327366980723,-0.3394912594734,0.2668783195705,-0.2390562450325,0.0254178205620,-0.2458511518957,-0.1808636708039,-0.2531845332891,0.1124460438447,-0.4030846460479,0.0327391236693,0.1426628483437,-0.2442576997895,-0.2585196411731,-0.2670710977423,-0.2600994090325,-0.0756412159408,0.5095698669715,-0.1532839415171,0.2293142299867,0.0857162398404,-0.1249429926438,-0.0491520687860,0.0176483794856,-0.2855273223261,0.1812739097021,-0.0074858839897,-0.2973280959975,0.0007972309520,-0.0262705064953
0.0705646980415,0.3328566182056,1.0000000000000,0.0804443545102,-0.1821596115936,0.0445628915194,-0.2042714746208,0.6725003641063,-0.0033635001319,-0.0238964347274,-0.2990167946592,0.2251367699073,-0.4556021037958,0.0962706571996,-0.0462516719228,-0.2085176470283,0.3370234789863,0.1769927031044,0.0593462902829,0.1140474882925,-0.4661855124942,0.2986944967298,0.0944891291414,0.4228173968534,0.1543404745560,0.5849034866831,0.5017351460251,0.7849285465313,0.1961455966150,-0.2496095897162,0.3859767417040,0.2196230990175,-0.0740878330439,0.0012826942425,-0.1683702156366,-0.2947159065046,-0.1181155194531,0.1041978485014,0.0637485030626,-0.5093094259528,0.1220931291805,-0.3416071559648,0.4116799389384,-0.0416892814073,-0.0747290242905,-0.4891703733631,-0.2905154581638,-0.4951103488801,0.0904240754375,-0.1913253013888,-0.1931930645227,0.1501895288249,-0.2669851361014,-0.2037468334914,-0.4164322786546,-0.5469006618507,0.0989122119286,-0.0491843036271,0.0360764559155,-0.0510475054144,-0.0590739266148,-0.2033035283123,0.5343889503344,-0.1897115730385,-0.5087379567904,0.1587839583348,0.0273110426130,-0.1776119865844,-0.1371544913745,-0.3939935558316
0.4320721968424,0.5778432455418,0.0804443545102,1.0000000000000,0.0606637091927,0.2510272940520,0.0030509729642,0.3753007826676,0.3684386873465,0.3418013516139,0.2794502566800,0.3857253523379,0.0406598724645,0.3486728778144,0.4700236823836,0.3027968783357,0.0061016888612,0.2690323836336,0.2521977713658,-0.0045339027103,0.1041797904881,0.1646169359348,0.4431341845031,0.0132065546841,0.3343017528329,0.4772057385562,0.5311064100979,0.1773923641213,0.0744724897053,0.3630912174070,0.2448067791035,0.0196945499016,-0.1407569097418,0.2970174436358,0.3138007726842,-0.0879217219931,0.4061031825512,-0.4921962265822,0.6789086122295,-0.0016593925291,0.0646719083331,-0.0606926069838,0.0286285956049,-0.0063293774325,0.2375125832482,-0.0038986693455,-0.0352878805779,-0.0984446523243,0.3433436330187,-0.1560276795065,0.2872682010942,-0.0325649873825,-0.3066494472676,-0.0155378046798,-0.2319383536029,-0.0310656814709,-0.4059129554429,0.3473862848944,-0.4933963150648,0.2639742302764,0.2289578168906,-0.0504664566606,-0.2633639375133,-0.1424812869758,-0.1508876342738,-0.3277759079516,0.0027340527894,-0.2259049309563,-0.0333298617220,0.0388722520254
0.3440962807269,0.0173899368630,-0.1821596115936,0.0606637091927,1.0000000000000,-0.1337292253631,0.4543630289682,0.0631863043625,-0.1122707143308,0.4436836167385,0.5192031403167,-0.2699420224357,0.6835085835668,0.0341213403429,-0.0126481085393,0.0329805665814,0.2246904210137,-0.0835155248201,-0.2401474957287,0.0112323318318,0.6905202619727,0.2410414164463,0.2893650914165,0.1451611485456,0.6065847568588,-0.1298165386924,0.0419544411499,-0.2052061936771,0.4929846468587,0.2421137454429,-0.0176889937728,0.1723406010882,-0.1000120913919,0.2103484951880,-0.2730558367036,0.5451793115408,-0.1340113531854,-0.3464054887071,-0.1277819858983,0.7804169761994,-0.2024945352707,0.3007596129048,-0.0321214362455,-0.1838668859707,0.3928449977973,0.5716538696396,-0.3349853284886,0.7224915201613,-0.0325860108436,-0.1178386028458,0.1062184894761,0.3466239652550,-0.0942771426973,-0.3117117374726,0.0051648786818,0.6973554858750,0.1071393275517,0.1215606773291,-0.0949218676265,0.6562828232462,-0.4319564726006,-0.2930580626495,-0.3638030028248,0.4328181802152,0.2505159917953,-0.1215522868632,0.0554181990749,-0.1470876825876,0.1594823343775,-0.1857793780684
0.1265539191266,-0.0581978230349,0.0445628915194,0.2510272940520,-0.1337292253631,1.0000000000000,0.2230943776925,0.0186807211371,0.7246490878478,-0.0865430773278,0.1834986896869,0.5590662782511,-0.0808434326582,0.5360323529257,0.5610258576258,0.5859580529743,-0.1162527890862,-0.1326029549447,0.4092869714791,-0.1294021229030,-0.1064322137556,-0.0473242203111,-0.0604995755678,-0.0423615452694,-0.0205859295846,0.0444410246172,0.0838510576212,-0.0153542000407,-0.1010076140113,0.2224203416281,-0.0676448808530,-0.0515649428412,0.5193674692386,-0.0392233181953,-0.0733716324054,-0.2068502023534,-0.1483561233420,-0.2433385079094,0.0442930065938,-0.1296686527999,0.7563700212293,0.4196945742539,-0.2237955514116,0.7586752874808,-0.1515901234170,-0.0688219434373,0.2015005140020,-0.1741566669373,0.5677603926657,0.2911574672663,0.4362129506812,-0.1096658349846,-0.4202014818147,0.3743921420957,-0.1701988743482,-0.1420948980614,-0.3618180697889,-0.1850235406256,-0.4037116558958,-0.1258976617677,-0.0630621029392,-0.2493397515217,-0.1238152580160,-0.1882290097051,-0.0391286581440,-0.3752979784308,0.2754054371483,0.0714204402325,-0.2179585504376,-0.1799290815650
0.2126953714896,-0.1288437078146,-0.2042714746208,0.0030509729642,0.4543630289682,0.2230943776925,1.0000000000000,-0.0391058676259,0.4091974430161,-0.0260978847057,0.6602749454551,0.0437926576150,0.7119880277634,0.3501263758350,0.1892565835908,0.2301010765384,-0.1275270385180,-0.2875706568120,0.1020800891994,-0.0115489090705,0.4334905424391,-0.1382588990395,-0.0715600353826,-0.0928827740651,0.3389132148566,-0.0392439241209,0.0853190128892,-0.3673372832453,0.2918883774380,0.2873030591584,-0.2233864857954,0.2570502628562,0.2444442777597,0.0103100768529,-0.2878210806624,0.1154979354142,-0.3005795931834,-0.4998665425061,-0.1324325918940,0.4334239365154,0.1786684804949,0.7810655149433,-0.3961294101797,0.2372201783281,-0.0090328451300,0.6137463500100,-0.1643733089644,0.6499562114103,0.2360983697835,-0.1059365327211,0.2711206983877,-0.0037292921628,-0.2830971117652,-0.0941869954547,-0.0490139195332,0.4326300384781,-0.2786410053081,-0.3197105753060,-0.4135704865544,0.1891673309523,-0.5182751991810,-0.3953552332132,-0.4310496021041,0.0820054079513,0.1581602917131,-0.3784222094135,0.2645677060466,0.0392074114349,-0.2221005490884,-0.2325600066236
0.4383444269520,0.4290860785619,0.6725003641063,0.3753007826676,0.0631863043625,0.0186807211371,-0.0391058676259,1.0000000000000,0.0921721151567,0.2271345155720,0.1171551432304,0.2623377809057,-0.1767056319450,0.1641016872439,0.1569186267957,-0.1675620361790,0.3952855759594,0.3049323413137,0.0186034811235,0.1638199852290,-0.1562911838610,0.4039354276117,0.3170852197162,0.3818454738705,0.4855234032200,0.5805355234732,0.6876106561921,0.5389407220277,0.4272537978954,-0.0603246356167,0.5166800431626,0.2889359069307,-0.2119972573718,0.1898216780495,-0.1701672575844,-0.1367192978421,-0.0494508778719,-0.2194245898693,0.2581835673032,-0.1768332071809,-0.1028090317175,-0.3683074810919,0.4793662811258,-0.2433754485289,0.0998226088153,-0.2352687728511,-0.4466086627559,-0.2328739853767,0.1458395086476,-0.3995244841733,-0.2210261630959,0.2770608614407,-0.4008182567031,-0.4101873155623,-0.5362513498112,-0.2914829345388,0.0120666678906,0.0902284145057,-0.1778070407460,0.2411137479408,-0.1313197267655,-0.2285775810338,0.1245496819171,0.0111665192363,-0.5372455426794,-0.0191659222560,0.1194532760458,-0.3007037429514,-0.1257886813515,-0.5208477687734
0.3220469336238,0.0548795092755,-0.0033635001319,0.3684386873465,-0.1122707143308,0.7246490878478,0.4091974430161,0.0921721151567,1.0000000000000,-0.0930724030723,0.4191988187738,0.5585213531677,0.1178172114307,0.5789216875711,0.7958924683171,0.6740855265971,-0.2841067248478,-0.0344804471136,0.5877815034561,-0.1144743679729,0.0683486289276,-0.1000004242530,-0.1000524390246,-0.0918598548966,-0.0461239660724,0.1095405286836,0.0959792326312,-0.0494377725176,-0.0666177063376,0.4079592731803,-0.0080256851331,-0.1074162717018,0.2593756967123,0.0362462965562,0.0466255901769,-0.2491111539567,-0.0668483399713,-0.3537934816395,0.1978719852835,-0.0298021685002,0.4765864335658,0.4112512794517,-0.3385534172152,0.5652717291353,-0.1930664656482,0.0682458576868,0.2384771992256,-0.0129238729869,0.5064534920367,0.1161420290767,0.4961938591442,-0.2580070424120,-0.3877078139222,0.3662551899249,-0.1372913988708,-0.0057844116681,-0.4619166446061,-0.2935202315146,-0.5009753708434,-0.1825058370343,-0.0678631096789,-0.3786178584345,-0.2637743573746,-0.1425281442173,-0.1247476834009,-0.4814552608245,0.1196166973096,0.0034788126614,-0.2207113628330,-0.0899837308280
0.2534414063598,0.1200282661774,-0.0238964347274,0.3418013516139,0.4436836167385,-0.0865430773278,-0.0260978847057,0.2271345155720,-0.0930724030723,1.0000000000000,0.0689539862277,-0.1081513102497,0.2794306907748,0.0449273526278,0.1442186417463,0.1946836297479,0.0929354298003,0.0776355601312,-0.1378703448184,0.1924414077603,0.4071767442911,0.0775076604101,0.3810489288097,-0.0174283277033,0.6273371490728,0.0466182350832,0.0948543865441,-0.0133101860482,0.0406732775891,0.1155814700052,-0.0881964529264,0.0379301596724,-0.0336272600295,0.1394159512578,-0.0015698490081,0.2802323580585,0.0053164896848,-0.1293353146668,0.3115731756053,0.3013829576057,-0.1242924250377,-0.0732125518369,0.1307188273029,-0.1801510090763,0.8789532614110,0.0605902967189,-0.1842729032253,0.2737742932574,0.0801413055854,0.1213367064887,0.1732207097984,0.1246319774954,-0.0018360543085,-0.2120235050304,0.0871146757103,0.3489442939841,-0.0275303097288,0.2928169625384,-0.1077953635261,0.6645763457900,0.0262595685361,-0.0341737710389,-0.1926521355139,-0.0214036693077,0.0985137714386,-0.2374656968352,-0.0090919970055,-0.0151260397269,0.2151886153209,-0.0138864602889
0.4931533408654,-0.0258727465752,-0.2990167946592,0.2794502566800,0.5192031403167,0.1834986896869,0.6602749454551,0.1171551432304,0.4191988187738,0.0689539862277,1.0000000000000,0.0388406153370,0.6902806386500,0.1611110529961,0.3979632913681,0.2426559018319,-0.1230788602536,-0.0908551504815,0.0623692074278,-0.0510246653613,0.5726405358193,0.1271086094716,0.0079410365763,0.0065754433672,0.3039487126107,-0.0677708011006,0.0996244946847,-0.3540917784381,0.3889390046630,0.4517959385175,0.0095485334714,0.1270465274576,-0.0442020865929,0.2477949949067,-0.0944175824517,0.2035421009949,-0.1082060544422,-0.5731442353859,0.0787454815065,0.6503887833249,-0.0751310280212,0.4688810190262,-0.3161056587779,0.0013778983366,-0.0276979117747,0.8163280013348,-0.1490306686684,0.6145724897520,0.0986357471320,-0.1673886594266,0.2276600036682,0.0416278000733,-0.2715342030267,-0.0871159173550,-0.1392351446779,0.5460820072300,-0.2311541777422,-0.1586055174782,-0.4064598427491,0.1972831215102,-0.2805264732975,-0.4125767168940,-0.5665555389769,0.3248182937026,0.1238103175941,-0.4389639092269,0.0643456577398,-0.0770300568145,-0.0553880179676,-0.1427390713786
0.2428398590918,0.3331147933311,0.2251367699073,0.3857253523379,-0.2699420224357,0.5590662782511,0.0437926576150,0.2623377809057,0.5585213531677,-0.1081513102497,0.0388406153370,1.0000000000000,-0.3142589141824,0.6738977873178,0.5657575799521,0.3482291407062,0.0122240781197,0.0606450763462,0.7167589443086,0.0290500214326,-0.3078446337101,0.0556357324344,0.0290716068145,-0.0418099141240,-0.0918294993573,0.4227883453747,0.3759855209167,0.2171885810730,-0.0357883607569,0.2080730986432,0.1128860316593,0.0970879999336,0.2380881495181,-0.0797366151784,0.0024713075809,-0.2987425486091,-0.0106497888975,-0.3476389995414,0.1118628641495,-0.3407939555112,0.3347597694929,0.0038240086062,-0.0496984757279,0.3766470731933,-0.2220187344463,-0.2703520337056,0.2947530249872,-0.3523174844908,0.7004377891707,0.0579089126418,0.2457623868255,-0.1061142361238,-0.4448605549671,0.3498906299945,-0.1589157838650,-0.4004512370263,-0.3448059832855,-0.1306381049247,-0.4656307540534,-0.1986896747694,0.1132943792934,-0.1920459591562,-0.1010516445111,-0.1710181784870,-0.2821279846686,-0.2829365046527,0.2582105360426,-0.1539117593129,-0.2940678005658,-0.2408251803028
0.1734080511964,-0.2394696042967,-0.4556021037958,0.0406598724645,0.6835085835668,-0.0808434326582,0.7119880277634,-0.1767056319450,0.1178172114307,0.2794306907748,0.6902806386500,-0.3142589141824,1.0000000000000,0.0576916383325,0.0480328160010,0.1783648183616,-0.1827829985989,-0.2071901896379,-0.1947271648503,0.0023037463922,0.8250787797593,-0.1090883295904,-0.0099658309286,-0.1181202069806,0.4148086910386,-0.3160732071173,-0.1205693818755,-0.5070448235512,0.2501121563499,0.2434760995317,-0.2950363671372,0.1335740385591,-0.0534532496461,0.1404230281310,-0.1399640671632,0.3267629383480,-0.1851648014916,-0.4247308128469,0.0313826679069,0.7537077384255,-0.1482883622451,0.5894761593952,-0.3685177593682,-0.0258447348316,0.2666794013984,0.7495283152722,-0.1935793170955,0.8955938320946,-0.0217193377041,-0.0425275836302,0.2284251923254,0.0288301978538,0.0325669858901,-0.1517323221413,0.1608603448009,0.8135904565616,-0.1285414674419,-0.1401522161184,-0.2212259199809,0.3530800022149,-0.3563196086336,-0.2254296256319,-0.5050877980094,0.1791083226798,0.3756695275685,-0.3483502591944,0.0624166809013,-0.0072803322963,0.1029106684432,0.0017788989243
0.1666714217552,0.1705382167045,0.0962706571996,0.3486728778144,0.0341213403429,0.5360323529257,0.3501263758350,0.1641016872439,0.5789216875711,0.0449273526278,0.1611110529961,0.6738977873178,0.0576916383325,1.0000000000000,0.4709673916262,0.3715733734515,0.0641605896047,-0.1224989668644,0.5851942745339,-0.0507524060442,-0.0548586418653,-0.0056056117297,0.0543127989599,-0.0620732219363,0.1653241043457,0.3672101273110,0.3211638012190,0.1184894123170,0.0343251429939,0.2413728797485,-0.1144410093863,0.1557056638637,0.2504456729309,0.0147386387034,-0.2060143268202,-0.1256542411999,-0.2115117204650,-0.4901593408780,0.1023106453909,-0.1469248224801,0.3709531775225,0.3697386364353,-0.2332017771567,0.4709486397886,-0.0196747813286,-0.0846159357340,0.0905345663879,-0.0142907280494,0.9017417716968,0.0251916401670,0.3510567491899,0.0282329806828,-0.5062992070117,0.1921322208302,-0.1179062025131,-0.1372573867212,-0.3550975370407,-0.2308102710529,-0.5429987772812,0.0401764457448,-0.1940245547071,-0.3426660016584,-0.1956340685058,-0.1684098966377,-0.1737215769385,-0.4541671542372,0.3769209508271,-0.1742412560171,-0.2405564857744,-0.3571378616828
0.5972722569989,0.1244976896031,-0.0462516719228,0.4700236823836,-0.0126481085393,0.5610258576258,0.1892565835908,0.1569186267957,0.7958924683171,0.1442186417463,0.3979632913681,0.5657575799521,0.0480328160010,0.4709673916262,1.0000000000000,0.6118167817137,-0.2425419438961,0.1130264781769,0.6885798899056,0.0803468834808,0.1546265261550,0.0147017612974,-0.0209273315235,-0.1055325161810,-0.0000199310504,0.1347076581329,0.0919356082688,-0.0268556728163,-0.0899130317944,0.6030954316860,0.0270411141334,-0.1475276714472,0.2199995694160,0.1651514773598,0.1670765003841,0.0138391840817,0.0074618278634,-0.3454084404082,0.2516270392256,0.0765263851469,0.2877454064415,0.1736351759028,-0.2176272121530,0.3153476120526,-0.0279152422256,0.0723362677971,0.2909550721748,-0.0272901146775,0.4234368326028,0.1982399999117,0.4452158467600,-0.2280568570718,-0.2597218067927,0.3725124670780,-0.0119650903880,0.0815689968835,-0.3873050579660,-0.1487302950425,-0.4739715590742,-0.0397469506610,0.0619314228899,-0.3129752264899,-0.3475607837322,-0.0504631415575,-0.0345455462775,-0.4811437236729,0.0210947217747,0.0626531028219,-0.0954255141087,0.0066924066837
0.1817458307904,-0.0306777580997,-0.2085176470283,0.3027968783357,0.0329805665814,0.5859580529743,0.2301010765384,-0.1675620361790,0.6740855265971,0.1946836297479,0.2426559018319,0.3482291407062,0.1783648183616,0.3715733734515,0.6118167817137,1.0000000000000,-0.3942332681966,-0.1464633197597,0.4179617133161,-0.1588982209768,0.2927556018317,-0.2051734625952,-0.0653205994227,-0.2354752819072,0.0134540285673,-0.0877333843295,-0.2065177563969,-0.2736540768582,-0.2344779740338,0.3994647195009,-0.2146204802136,-0.3223124992012,0.2825303013763,0.0349231590242,0.2411662555925,-0.0475208047795,0.1012107191492,-0.1747623398320,0.2266492361234,0.1168693260760,0.4582992776261,0.3919296343076,-0.3354518656866,0.5509957229379,0.1358370914984,0.0612528347696,0.4408702694709,0.1081286141667,0.4051151630894,0.3991500642088,0.7871801261524,-0.3239625432279,-0.1063660565899,0.5505932997172,0.1642425129049,0.2239515198871,-0.4483333322232,-0.0987913835745,-0.3771829326010,0.0572758630625,0.1893256494194,-0.1898046666791,-0.3067315274733,-0.1472473665092,0.1951752517595,-0.4491839947979,0.0224948127876,0.1174408070790,-0.0285436040001,0.2980520528050
0.1846139377209,0.2955011077612,0.3370234789863,0.0061016888612,0.2246904210137,-0.1162527890862,-0.1275270385180,0.3952855759594,-0.2841067248478,0.0929354298003,-0.1230788602536,0.0122240781197,-0.1827829985989,0.0641605896047,-0.2425419438961,-0.3942332681966,1.0000000000000,0.1942219122528,-0.1215770593460,0.1122217449722,-0.1839791054802,0.7078919997032,0.5548804440166,0.6301274604627,0.3034546907307,0.3149589038610,0.3590046185495,0.4310199126641,0.4988447778486,-0.0934900782679,0.4094006704132,0.2747536124406,-0.1879138199697,0.2413386399469,-0.1639036010232,0.1777545840587,-0.0937315807338,-0.0297130335702,-0.0691358482167,-0.0365488916738,-0.1528942892263,-0.2756882051983,0.3057775802313,-0.2502206391111,-0.0159891716776,-0.1941463302202,-0.5209437998880,-0.0891239816091,0.0392657641034,-0.3773542116939,-0.3735921511726,0.8799872260732,-0.1903344489098,-0.4589289694831,-0.2199403580056,-0.1539543036518,0.5290263462448,0.3748972983043,0.3093200486955,0.3204174465982,-0.2258336030400,-0.1336386576009,0.2040735385968,0.3587962101116,-0.1747516614198,0.2798492656974,0.1686335347936,-0.3598659097217,0.2074002701215,-0.4013158781768
0.2788041030991,0.4031533815119,0.1769927031044,0.2690323836336,-0.0835155248201,-0.1326029549447,-0.2875706568120,0.3049323413137,-0.0344804471136,0.0776355601312,-0.0908551504815,0.0606450763462,-0.2071901896379,-0.1224989668644,0.1130264781769,-0.1464633197597,0.1942219122528,1.0000000000000,0.0598867293297,0.4284846397909,-0.0498930631920,0.1863760874674,0.3461996801963,0.1745667181554,0.0523829922942,0.1056314516913,0.2851307909911,0.1843762192274,0.1282787505700,0.1686270878745,0.4809485419818,0.0970577747664,-0.1696116320649,0.3379078746858,0.3785475917848,0.0025399632687,0.3597670164414,0.0577005288020,0.1488621428925,-0.1302448249545,-0.2633502645560,-0.4064435151946,0.2886965401351,-0.2604852500716,-0.0530811651753,-0.2508646917733,-0.1368393779545,-0.2258006521145,-0.1292933550085,-0.3249265634036,-0.1235691124430,0.1821563930672,0.3436539735854,-0.2256605807270,0.1624343959088,-0.0946971477596,0.1171516286566,0.2672656056840,0.1618838255647,0.0765901082704,0.1851786976677,0.1943908751918,0.0644710293949,0.0545649472131,-0.1736585218599,0.2263978270902,0.0014427291159,-0.1406640827763,0.1973959109851,0.0744164637446
0.2928322970466,0.1713608986196,0.0593462902829,0.2521977713658,-0.2401474957287,0.4092869714791,0.1020800891994,0.0186034811235,0.5877815034561,-0.1378703448184,0.0623692074278,0.7167589443086,-0.1947271648503,0.5851942745339,0.6885798899056,0.4179617133161,-0.1215770593460,0.0598867293297,1.0000000000000,0.1164412006696,-0.1518981465906,-0.0152398815594,-0.0913209500713,-0.1125973116060,-0.2734652376646,0.2923353721335,0.0920040314340,0.0918990306038,-0.1508079528786,0.4219921678279,-0.0120031052685,-0.0858046200016,0.2393877136349,-0.0295892617072,0.1198866132566,-0.1963747198544,-0.0659767147132,-0.2227075988292,0.0541078857847,-0.1932301786293,0.3478662206241,0.0868553208450,-0.2163150058754,0.2837865769063,-0.2340377266758,-0.1525179258835,0.3774220377983,-0.1938000138238,0.4693535408834,0.1254899432495,0.3345121393814,-0.1837982467295,-0.2160251491165,0.4827942159295,0.1077116570687,-0.1848067947159,-0.2829898807989,-0.2113870179397,-0.3498699988863,-0.2682821421600,0.0844211808112,-0.1896153772118,-0.1455248022396,-0.0730244399450,-0.0773057316629,-0.3059537683589,0.0358379327157,0.0715941480100,-0.1563325426287,0.0110326413902
0.2577014119890,0.0344131906119,0.1140474882925,-0.0045339027103,0.0112323318318,-0.1294021229030,-0.0115489090705,0.1638199852290,-0.1144743679729,0.1924414077603,-0.0510246653613,0.0290500214326,0.0023037463922,-0.0507524060442,0.0803468834808,-0.1588982209768,0.1122217449722,0.4284846397909,0.1164412006696,1.0000000000000,-0.0136521166024,-0.0190648641085,0.1361720801011,0.0504137075455,0.1583443457055,0.1014995394808,0.1994200556429,0.0316864413965,0.0550740454762,0.1886338001671,-0.0588932892501,0.5192296144350,0.0166964167427,0.1009489418246,0.1491001030004,0.2156806704869,-0.1277689679271,-0.0708426928104,0.0345095044703,-0.1021692789114,-0.1853439657379,-0.1410125918906,0.1203839646039,-0.1391478777688,0.0999445835385,-0.0867328406899,-0.2644834629944,0.0161913027775,0.0432705947398,-0.0647252658613,-0.0075038082548,0.1622208722815,0.2967074788735,-0.2345638806362,0.2876912174783,-0.0302704754043,0.0793725674797,0.0210421849654,0.0432536592663,0.0810072851548,0.0420128261226,0.0282749392587,-0.0178551973132,-0.1101662015990,0.0623622088706,0.0275497960727,0.4946135422910,-0.0406440146541,0.1111804244162,-0.0553051127962
0.2710732818952,-0.1642894145383,-0.4661855124942,0.1041797904881,0.6905202619727,-0.1064322137556,0.4334905424391,-0.1562911838610,0.0683486289276,0.4071767442911,0.5726405358193,-0.3078446337101,0.8250787797593,-0.0548586418653,0.1546265261550,0.2927556018317,-0.1839791054802,-0.0498930631920,-0.1518981465906,-0.0136521166024,1.0000000000000,-0.0408803873762,0.0898339849464,-0.0720396779766,0.3915608321015,-0.3788930269281,-0.2339164292101,-0.4587704984276,0.1687129462501,0.3178072617027,-0.1925235283699,-0.1088395616979,-0.1250779663991,0.2594533789733,0.0219443592087,0.3856500065968,0.0284423990052,-0.2469245547463,0.0920266254333,0.8241333942867,-0.1640828916204,0.3429883489172,-0.2502923153710,-0.1048379185862,0.3663450462386,0.5928463605442,-0.0573741252442,0.7737459274545,-0.1024422359324,0.0349564412678,0.2420746308584,0.0346138455308,0.1581716561152,-0.0233312446636,0.2314511717807,0.9333747172755,-0.0859201567800,0.0310546643746,-0.1033047097023,0.4544708672970,-0.1582671639875,-0.1015846425887,-0.4133655675536,0.2102103725700,0.3777536439698,-0.2547832180407,-0.1056240167113,-0.0168949112255,0.2187357815232,0.1559149040784
0.3542402240744,0.3271176143823,0.2986944967298,0.1646169359348,0.2410414164463,-0.0473242203111,-0.1382588990395,0.4039354276117,-0.1000004242530,0.0775076604101,0.1271086094716,0.0556357324344,-0.1090883295904,-0.0056056117297,0.0147017612974,-0.2051734625952,0.7078919997032,0.1863760874674,-0.0152398815594,-0.0190648641085,-0.0408803873762,1.0000000000000,0.4424334256758,0.8515444719985,0.2092281795820,0.2331679134872,0.2712741279956,0.4245253682999,0.6210227079580,0.0953824913154,0.5595224674534,0.0810644042744,-0.2139382772257,0.3317450069556,-0.0200198304170,0.1474238347123,0.0434196451279,-0.1202195239648,0.0485626091865,0.1500254626743,-0.1522450940341,-0.2993393879728,0.1460944795557,-0.2950601259706,-0.0619124236485,-0.0433925414109,-0.3864885166277,-0.0433680877999,-0.0452481970633,-0.3109426128851,-0.2909342217810,0.7164288109168,-0.2388413351281,-0.3057108985212,-0.2525530588851,-0.0151781584191,0.5731905066531,0.3307108352401,0.3321317120533,0.2173102850491,-0.1328709160452,-0.2599556281573,0.1203105632972,0.5530061534860,-0.1307339214562,0.1730620200268,-0.0188439888382,-0.2657858009048,0.2549154840430,-0.2645974294338
0.2999594623498,0.6128963649815,0.0944891291414,0.4431341845031,0.2893650914165,-0.0604995755678,-0.0715600353826,0.3170852197162,-0.1000524390246,0.3810489288097,0.0079410365763,0.0290716068145,-0.0099658309286,0.0543127989599,-0.0209273315235,-0.0653205994227,0.5548804440166,0.3461996801963,-0.0913209500713,0.1361720801011,0.0898339849464,0.4424334256758,1.0000000000000,0.3524255422878,0.4753231985452,0.2382822951906,0.3968588848342,0.1757891512971,0.3631267815702,0.2070472238945,0.4808479748541,0.1552867929508,-0.2426689148368,0.2868831091695,0.2002530414595,0.1964440852489,0.3849977497706,-0.2195664184083,0.2466523838006,0.1214648812238,-0.1128821157242,-0.2046380872186,0.2496805620457,-0.2034226799226,0.2973627387874,-0.1082057104013,-0.3641371178469,0.0278349313862,0.0183138960552,-0.2713618599974,-0.0748760411047,0.5359035402993,-0.0578825362537,-0.3254927714294,-0.0675177305554,0.0480057618853,0.1234356333378,0.7988682583275,0.0376860903610,0.5485843557184,-0.0538752690638,0.0115299715696,-0.0682089145573,0.2061925333705,0.0413788985586,0.2128900272627,0.0983132356050,-0.3549009004610,0.2563779267223,-0.0204633754666
0.2251248432830,0.2572526486445,0.4228173968534,0.0132065546841,0.1451611485456,-0.0423615452694,-0.0928827740651,0.3818454738705,-0.0918598548966,-0.0174283277033,0.0065754433672,-0.0418099141240,-0.1181202069806,-0.0620732219363,-0.1055325161810,-0.2354752819072,0.6301274604627,0.1745667181554,-0.1125973116060,0.0504137075455,-0.0720396779766,0.8515444719985,0.3524255422878,1.0000000000000,0.1708458681635,0.1810953048670,0.1884527054037,0.4580557874786,0.5443632128722,0.0039500784152,0.5048736343958,0.1298514365141,-0.2146696391912,0.3186642271943,-0.0577646105346,0.0252171009408,0.0116182632829,-0.0357954646058,-0.0273968017819,0.0471115433508,-0.0960230641570,-0.2599488613260,0.0836035727939,-0.2267706912503,-0.1126347055463,-0.1475700722868,-0.4420707424768,-0.0576528939084,-0.0972652150236,-0.3383371066225,-0.3142529319439,0.6594135193157,-0.1442247027035,-0.3198105234770,-0.2760953200077,-0.0480042500554,0.5891301093599,0.2450422670554,0.4656608144612,0.0987466430837,-0.2050812405333,-0.3407085613868,0.2830718788165,0.3546199207273,-0.1357159617776,0.2564292219672,0.0485231354207,-0.2631055980446,0.2629140953683,-0.2741463712263
0.2943143571762,0.2248204925063,0.1543404745560,0.3343017528329,0.6065847568588,-0.0205859295846,0.3389132148566,0.4855234032200,-0.0461239660724,0.6273371490728,0.3039487126107,-0.0918294993573,0.4148086910386,0.1653241043457,-0.0000199310504,0.0134540285673,0.3034546907307,0.0523829922942,-0.2734652376646,0.1583443457055,0.3915608321015,0.2092281795820,0.4753231985452,0.1708458681635,1.0000000000000,0.1648546049009,0.4281077593262,0.0706372565286,0.5310323193505,0.0556849354370,0.1142612716890,0.3216310567275,-0.0784750605869,0.2073019293188,-0.2177470999225,0.2778246185747,-0.0519288165284,-0.3606182295342,0.1834514196956,0.3632999420996,-0.0777699065420,0.1173147368359,0.2383825730802,-0.1366762966445,0.5735683688788,0.1975647466504,-0.4913995930547,0.3425476409810,0.1599869137513,-0.1779538478344,0.0234421897827,0.3614163549567,-0.2298934102361,-0.4737881952033,-0.1928944391477,0.3227220118316,-0.0429220964211,0.2312335679180,-0.2311303367250,0.8283666357113,-0.3429430213372,-0.1664184780395,-0.1570743402439,0.1323210315498,-0.0260814966174,-0.1410709733466,0.2350515848437,-0.2275037993111,-0.0216033670477,-0.3317184599376
0.2129597704413,0.5977590282096,0.5849034866831,0.4772057385562,-0.1298165386924,0.0444410246172,-0.0392439241209,0.5805355234732,0.1095405286836,0.0466182350832,-0.0677708011006,0.4227883453747,-0.3160732071173,0.3672101273110,0.1347076581329,-0.0877333843295,0.3149589038610,0.1056314516913,0.2923353721335,0.1014995394808,-0.3788930269281,0.2331679134872,0.2382822951906,0.1810953048670,0.1648546049009,1.0000000000000,0.7326661400679,0.5739789409145,0.1086203309960,0.0315542191832,0.3048483764847,0.3215110364910,-0.1426948824357,0.1532798028909,0.0638314723165,-0.2112500201357,0.0908273876360,-0.2801949481789,0.3749118330384,-0.4329841827765,0.0785540513656,-0.2539840072911,0.3014758698542,-0.1263175277056,-0.0113447737898,-0.3120180022055,-0.2560454504842,-0.3756868692488,0.3316836118783,-0.3393735804026,0.0286018736050,0.0739831958453,-0.5120730189589,-0.2334078335597,-0.4971428125000,-0.5034856123741,-0.1576020328301,0.0984310417900,-0.3231584512526,0.0423164066626,0.1329165095970,-0.1576481159090,0.1382873088587,-0.2407035256248,-0.4903947999949,-0.0430924566006,0.0777336813464,-0.1615360649300,-0.1538297546029,-0.2808696608691
0.2839567720268,0.5910766944762,0.5017351460251,0.5311064100979,0.0419544411499,0.0838510576212,0.0853190128892,0.6876106561921,0.0959792326312,0.0948543865441,0.0996244946847,0.3759855209167,-0.1205693818755,0.3211638012190,0.0919356082688,-0.2065177563969,0.3590046185495,0.2851307909911,0.0920040314340,0.1994200556429,-0.2339164292101,0.2712741279956,0.3968588848342,0.1884527054037,0.4281077593262,0.7326661400679,1.0000000000000,0.5126914738727,0.3559924156265,0.0212796470013,0.4133602975567,0.4864815648141,-0.1494394925551,0.1513970030540,-0.0662984242800,-0.1806709438128,0.0846713128854,-0.4807742803063,0.2971420978756,-0.2695776396168,0.0056907985650,-0.2143329577955,0.3072067678943,-0.1868380359746,-0.0009210547815,-0.2016126410576,-0.4782186432993,-0.2224587487255,0.2801997452089,-0.4898268326399,-0.1278138801515,0.2045366814291,-0.5173518046880,-0.4677261232671,-0.5543908621544,-0.3784943932772,-0.2583772107423,0.1672947880819,-0.4530922846814,0.2010465238791,-0.1301404425247,-0.0468083673250,-0.0172170290824,-0.1198747371491,-0.4601274170878,-0.0988195315662,0.2459684564220,-0.3001396931270,-0.2582518810334,-0.4934874444432
0.0063017522187,0.3714054054208,0.7849285465313,0.1773923641213,-0.2052061936771,-0.0153542000407,-0.3673372832453,0.5389407220277,-0.0494377725176,-0.0133101860482,-0.3540917784381,0.2171885810730,-0.5070448235512,0.1184894123170,-0.0268556728163,-0.2736540768582,0.4310199126641,0.1843762192274,0.0918990306038,0.0316864413965,-0.4587704984276,0.4245253682999,0.1757891512971,0.4580557874786,0.0706372565286,0.5739789409145,0.5126914738727,1.0000000000000,0.1561586616087,-0.2600548236117,0.3683199044368,0.0649320896017,-0.1359636992827,-0.0025281280206,-0.1143719539578,-0.2876554354418,-0.0177849371119,0.1405915903555,0.1464012563763,-0.4585878100778,0.0463789301596,-0.4907307398810,0.3363481022684,-0.2031900085900,-0.0865614939471,-0.5409864791273,-0.2534607380390,-0.5294631762056,0.0627284016800,-0.2457038525017,-0.3406591874261,0.2626748025983,-0.2898344455117,-0.2271236643426,-0.4737185126906,-0.5313360755455,0.1790889380672,0.0738430326930,0.1182598423444,-0.0782613817850,0.0232973358301,-0.0865986220688,0.6389722781751,-0.0609410756588,-0.5271274222050,0.1287406154220,-0.1175021502010,-0.1867620665520,-0.0799629778116,-0.3726542411865
0.2745228874298,0.2285951423703,0.1961455966150,0.0744724897053,0.4929846468587,-0.1010076140113,0.2918883774380,0.4272537978954,-0.0666177063376,0.0406732775891,0.3889390046630,-0.0357883607569,0.2501121563499,0.0343251429939,-0.0899130317944,-0.2344779740338,0.4988447778486,0.1282787505700,-0.1508079528786,0.0550740454762,0.1687129462501,0.6210227079580,0.3631267815702,0.5443632128722,0.5310323193505,0.1086203309960,0.3559924156265,0.1561586616087,1.0000000000000,0.0239186644178,0.4412174733655,0.3693836020536,-0.1997126731488,0.2247286356547,-0.2043927027037,0.1282304842884,-0.1149604491514,-0.3451415419751,-0.1167068587706,0.3574330009596,-0.1962333220550,-0.0008355121688,0.1705337331618,-0.2590491839877,-0.0340851923797,0.2814338300967,-0.4950622511858,0.2768516652326,-0.0568042927128,-0.4281605957954,-0.2519835449129,0.6013929700907,-0.2333154706187,-0.4801118463267,-0.2416233904823,0.1972223092245,0.2703442612838,0.1258854483026,0.0309872150457,0.3893301886122,-0.4924704593198,-0.3088953636640,-0.1033496757529,0.6821874022244,-0.1262505302253,0.1441116197763,0.2012474738626,-0.2751103082532,0.0054340758013,-0.4082290271050
0.6207008756849,0.2030050871945,-0.2496095897162,0.3630912174070,0.2421137454429,0.2224203416281,0.2873030591584,-0.0603246356167,0.4079592731803,0.1155814700052,0.4517959385175,0.2080730986432,0.2434760995317,0.2413728797485,0.6030954316860,0.3994647195009,-0.0934900782679,0.1686270878745,0.4219921678279,0.1886338001671,0.3178072617027,0.0953824913154,0.2070472238945,0.0039500784152,0.0556849354370,0.0315542191832,0.0212796470013,-0.2600548236117,0.0239186644178,1.0000000000000,0.0997266406514,-0.0384223583017,0.0954853437382,0.4127122879121,0.3034808646542,0.3393878608709,0.2048072331679,-0.4161840136533,0.0539877601051,0.2941904634335,0.1038276398234,0.2505568656826,-0.3255891668732,0.0628385209918,0.0018270619590,0.3059502472840,0.1281171244331,0.2760216993294,0.1926587621568,0.0396778782631,0.4304035266973,-0.0169709876103,-0.0157165883491,0.1702892027757,0.1870511454633,0.3333005495835,-0.2120953032411,0.1245936416699,-0.2817832123108,0.1105925208261,-0.0175516703239,-0.2900863045296,-0.4861692098512,0.0734812856527,0.4439479903542,-0.2313448788873,0.0174166349599,0.0166276795675,0.1984085227030,0.3120386173144
0.3367758667908,0.5823431428956,0.3859767417040,0.2448067791035,-0.0176889937728,-0.0676448808530,-0.2233864857954,0.5166800431626,-0.0080256851331,-0.0881964529264,0.0095485334714,0.1128860316593,-0.2950363671372,-0.1144410093863,0.0270411141334,-0.2146204802136,0.4094006704132,0.4809485419818,-0.0120031052685,-0.0588932892501,-0.1925235283699,0.5595224674534,0.4808479748541,0.5048736343958,0.1142612716890,0.3048483764847,0.4133602975567,0.3683199044368,0.4412174733655,0.0997266406514,1.0000000000000,0.0085549224362,-0.3265473753293,0.2458588373215,0.2095379605341,-0.0791152073172,0.3874607707078,-0.0177410973631,0.0912843611440,-0.0659662934104,-0.1581291245277,-0.4592410696231,0.3149504883251,-0.3133559231872,-0.2088422811903,-0.2307915238596,-0.2541618359927,-0.2623020388687,-0.2044304676333,-0.5112802536339,-0.3015371862313,0.3054700055504,-0.1563208910313,-0.2812944504621,-0.3858783836494,-0.2197201282480,0.1805174284627,0.4326385514496,0.1327150572184,0.1142804475068,-0.0636734939686,-0.0659635545451,0.1054077147601,0.3327013876433,-0.3404382459035,0.4576260688837,-0.1544226543442,-0.2987900510147,0.0250328973944,-0.1168229215628
0.0928253932083,0.1395422383717,0.2196230990175,0.0196945499016,0.1723406010882,-0.0515649428412,0.2570502628562,0.2889359069307,-0.1074162717018,0.0379301596724,0.1270465274576,0.0970879999336,0.1335740385591,0.1557056638637,-0.1475276714472,-0.3223124992012,0.2747536124406,0.0970577747664,-0.0858046200016,0.5192296144350,-0.1088395616979,0.0810644042744,0.1552867929508,0.1298514365141,0.3216310567275,0.3215110364910,0.4864815648141,0.0649320896017,0.3693836020536,-0.0384223583017,0.0085549224362,1.0000000000000,-0.0432061371033,0.0736716453581,-0.2557619035998,0.0855657513049,-0.2162701424283,-0.3726338246312,-0.1246628886073,-0.0563172716138,-0.1843628143497,0.0475239759911,0.1839854226213,-0.0775630713196,0.0087216446010,0.1063491247617,-0.5451407960916,0.0711062921120,0.2034583309741,-0.3418146982935,-0.1027420887622,0.2572556612290,-0.1395698812764,-0.5534731455022,-0.0843686510979,-0.1245343833380,0.0314214342047,-0.0665924359887,-0.1552542101163,0.1551364705136,-0.3353911290639,-0.1951785257756,-0.0738946164018,-0.0188320509232,-0.1264967053895,0.0125951485055,0.6335870802194,-0.1557344148570,-0.0958856633248,-0.4503119175304
-0.1101215426841,-0.2547185191410,-0.0740878330439,-0.1407569097418,-0.1000120913919,0.5193674692386,0.2444442777597,-0.2119972573718,0.2593756967123,-0.0336272600295,-0.0442020865929,0.2380881495181,-0.0534532496461,0.2504456729309,0.2199995694160,0.2825303013763,-0.1879138199697,-0.1696116320649,0.2393877136349,0.0166964167427,-0.1250779663991,-0.2139382772257,-0.2426689148368,-0.2146696391912,-0.0784750605869,-0.1426948824357,-0.1494394925551,-0.1359636992827,-0.1997126731488,0.0954853437382,-0.3265473753293,-0.0432061371033,1.0000000000000,-0.1579674980338,-0.1060213541285,-0.1189358004349,-0.2720995282828,-0.0011125643622,-0.2528980102961,-0.1011723473684,0.6335858803033,0.4450118691537,-0.2460667088762,0.5133856109905,0.0027754657024,-0.0348118796572,0.2718245124663,-0.0346058145444,0.3134975156106,0.3874708442498,0.2249465604701,-0.2047119515594,-0.1128911687471,0.2775804128189,0.0849590850829,-0.0578463725250,-0.1734644066577,-0.3156097113486,-0.1842373861788,-0.0907931096891,-0.1005207404862,-0.0686586565047,-0.0449898927191,-0.1748978464262,0.0997021005890,-0.2778785208830,0.2099804770993,0.5587018821405,-0.1971610310298,0.0044453376037
0.3676004444792,0.1989845403530,0.0012826942425,0.2970174436358,0.2103484951880,-0.0392233181953,0.0103100768529,0.1898216780495,0.0362462965562,0.1394159512578,0.2477949949067,-0.0797366151784,0.1404230281310,0.0147386387034,0.1651514773598,0.0349231590242,0.2413386399469,0.3379078746858,-0.0295892617072,0.1009489418246,0.2594533789733,0.3317450069556,0.2868831091695,0.3186642271943,0.2073019293188,0.1532798028909,0.1513970030540,-0.0025281280206,0.2247286356547,0.4127122879121,0.2458588373215,0.0736716453581,-0.1579674980338,1.0000000000000,0.3970210395386,0.2728871636687,0.2325470924908,-0.2472774946156,0.2430483146301,0.1474885903232,-0.1307922321937,-0.0492776369392,-0.0084726843931,-0.1677005113875,0.0190679362329,0.1056834601536,-0.2296359901945,0.0787796064653,0.0057424015003,-0.2244763605538,0.0701724363306,0.2965333493704,0.0346725564761,-0.1914189833341,-0.0345632998024,0.1971961738123,0.1640757404002,0.2279820950645,0.0436271795880,0.1849602139346,0.0577330906803,-0.1765228702062,-0.1448839000193,0.0951867605598,0.1441554497179,0.0458482445595,-0.0024750006913,-0.0405592123203,0.6048148384536,0.1336956032313
