1.0000000000000,0.1772510352457,0.2603966546342,0.1961598908790,-0.1350495979877,0.0505447729674,-0.0037272631417,0.0426939055033,0.2950989456647,-0.2281107894016,-0.0389757575007,0.3369334261518,-0.1136310565691,-0.0332656935370,0.5063150067678,-0.0543603423639,-0.0338924527537,0.5616927635522,0.2696482045311,0.5776327095850,-0.1437728673357,0.0773403808700,0.1860169589123,0.2576427053572,0.0574672904100,-0.0590539419724,0.2534307460555,0.2125622816784,0.2098078565300,0.3652634074775,0.4336804770124,-0.0508716129484,-0.0566398489131,0.1686114618024,0.3553298402085,0.5249333283738,0.1205044890854,-0.0207386788703,0.2111966934522,-0.2035014540702,0.0607598676501,0.0024284100646,0.0334067803870,0.2270843678647,-0.2307331457834,-0.0480514747223,0.4197462204656,-0.1986194616151,-0.1654137404457,0.2794872326341,-0.1122283558651,0.0246610376013,0.3462777919413,0.3092642381640,0.4559759675761,-0.1321461891887,-0.0663511505040,0.2096448703290,-0.0169606866777,0.0060319408331,0.0521805119121,0.0459758016927,0.0679568062687,0.0306547367258,0.1196723084571,0.2966043746791,-0.1124639995006,0.1558803164313,0.0313553897123,0.3284120821576
0.1772510352457,1.0000000000000,0.0427251295978,0.4286119927245,0.0044319406279,0.0548855830851,0.1094511489996,-0.0267182110938,0.0839885203277,-0.0737952110487,0.0446993431591,0.3021958755859,-0.0325793462156,0.0516478848183,-0.1407028867138,0.0093038094150,0.0519599140702,0.2955122999003,-0.0171690635490,0.1021013345336,-0.0270027400318,0.1023781586561,0.4996933166806,0.1566049512344,0.2589775541379,0.3485013166358,0.5318488041090,0.2311223519894,0.0791939077613,0.1545957427413,0.4040758238411,-0.1341985911184,0.1838722828964,0.1845621027407,0.6164476183264,0.0781474255454,0.8145212076919,-0.1818530474561,0.4681787996975,-0.0547390590999,0.1291807390439,0.0744733091438,-0.1110480075893,0.0250141059969,-0.0465929932484,0.0200713787712,0.3180805868430,-0.0505570147560,-0.0522048962083,-0.2722152321703,0.0446040039412,0.1145634073696,0.0684008056286,-0.0466308170155,-0.0039360660872,-0.0285419669529,-0.1001114003177,0.4388072242508,-0.0682314092582,0.1985789812488,0.0720434294682,0.1511306536334,0.0814821939587,-0.0584069423550,0.0394980552997,0.2674633991616,-0.1522539596444,0.0853000536534,0.1453960499566,0.6411621550804
0.2603966546342,0.0427251295978,1.0000000000000,0.2578122508858,-0.1235576588532,0.0808356983548,0.0982464693842,0.7446386036307,0.3657920543167,0.1884084782457,-0.1302424441467,0.1930592827181,-0.1351842641347,0.3759859543499,0.5818191343118,0.2094519823531,-0.1553558623774,0.3159677515576,0.5635311512239,0.4325596700024,-0.1399152063827,-0.1971890481569,-0.0638421979520,0.0986572255624,0.2400776311504,0.3787028378942,0.4574589574654,0.7135483325077,0.1507600621466,-0.1187717242932,0.2788202987623,0.0955457349703,-0.0246429123552,-0.0683528463383,-0.0304095687080,0.0023218706590,-0.0815334237725,0.4273860745256,0.1520271680394,-0.2678199602669,0.0557504943445,-0.1803719686807,0.5103439011482,0.1181375714676,0.0923035715715,-0.2675408313924,0.0901518544248,-0.2878315315151,0.3146408475001,0.3812345485480,0.0642488047891,-0.2069000483499,-0.1826125732009,0.2529444002355,-0.0523605740867,-0.2035208801062,-0.3094706843652,-0.1062157519384,-0.2983421379049,0.0737366994022,0.3456469253282,-0.1236699224759,0.6427919692592,-0.1667930817420,-0.3582269359511,-0.1676097616081,0.1222001951628,-0.0028515150218,-0.2290477224019,-0.0993845383338
0.1961598908790,0.4286119927245,0.2578122508858,1.0000000000000,0.1684689364832,0.1088873945310,-0.0146326588609,0.2794367729665,0.2586531827429,0.4368631940459,-0.0596073864597,0.2704175589612,0.0857644865826,0.2438452089302,0.2404496976243,0.1669330065757,0.1999061705178,0.1015950095823,-0.0008997512369,0.0553042706982,0.0559560814864,-0.0147817763747,0.5629084856541,0.0762396763586,0.6466009645063,0.6487024319939,0.6176649153020,0.2968211534152,0.2045687121323,-0.0676853236060,0.2057755800929,-0.0110393802452,-0.2577322112946,0.2241685229838,0.4660826586772,0.1722675407817,0.3996857847212,0.0688610663719,0.8517350421420,-0.0211604036245,0.1040639332963,-0.1248242956516,0.2289891524469,-0.0356293625573,0.4473267733781,-0.0643846533462,0.1582409354068,0.0079412205408,0.2419901604662,0.0805774560795,0.0386042565877,0.2052201731005,-0.0803918645077,-0.0196149544964,-0.0486849072985,0.0205770982852,-0.1684561493688,0.4206755181225,-0.1980381983438,0.5619845016648,0.5386016125611,0.3277275395732,0.3422902656564,0.0004203416386,-0.2714445636913,-0.0564798990529,0.0862645202197,-0.1967562377855,-0.0020694721228,0.3032397028951
-0.1350495979877,0.0044319406279,-0.1235576588532,0.1684689364832,1.0000000000000,-0.1290411983147,-0.0446646918264,0.0774607467107,-0.2691611694877,0.3277910484865,0.6585185244385,-0.0216849793665,0.6926371565555,-0.0037329451121,-0.1379432471046,0.1034734652362,0.4536208836468,-0.0174701086019,-0.2309013000500,-0.1916569106311,0.8241198991489,0.5074195416161,0.2125971268561,0.4276604148042,0.3886117142783,0.0237161878463,-0.0033091195593,-0.1079101820394,0.4155333922337,0.2403417826272,0.0050993819690,0.0369007729357,-0.1412011441267,0.4040493710599,0.2071250424135,0.0694789279957,0.0208995482131,-0.1660233710988,0.0755104271892,0.8995419931563,-0.0699993249564,-0.0061913861043,-0.0991012240900,-0.3030585603118,0.3729322950545,0.5621366436051,-0.2214908155989,0.6272782319987,-0.0600027653424,-0.3115475456354,0.3078147031257,0.5102920156546,-0.0577276848201,-0.3760107957307,-0.2105979342697,0.8289634569821,0.5988835792566,0.1850891718825,0.4989709509830,0.3547876007175,-0.0759160750553,-0.1621500806734,-0.1401018898928,0.4631566635149,0.2536746612458,0.1123118068659,0.0644328399362,-0.1318774742622,0.3490249225190,0.1062657478165
0.0505447729674,0.0548855830851,0.0808356983548,0.1088873945310,-0.1290411983147,1.0000000000000,0.2547542803283,0.0355083998470,0.3455298161574,0.0650974047930,-0.0197675716026,0.1488809259163,0.1536823374789,0.0967437926181,0.2031500642156,0.1144252767034,-0.0847227291256,-0.0038086012931,0.0259232431080,0.0805268182135,0.0467903190670,-0.0626932174936,0.0679891547009,-0.0472937195241,-0.0310021953308,0.0615636297446,0.1085001588351,0.1622614377722,-0.0171250103217,0.0237080010474,-0.0116765718161,0.0286729810062,0.0638111080057,0.0381466217643,-0.0191165752569,-0.0549709484083,-0.0775748836770,-0.0370026828753,0.1579819134578,-0.0726173515544,0.6000905375570,0.2578945611279,-0.0230095958180,0.1450180926189,0.0861023792657,-0.0721917390036,0.0883946116703,0.0969244180533,0.1046145690966,0.1493552284906,-0.1222191349384,-0.0710655781280,-0.0758196486898,0.1769274766593,0.0340285102876,0.0171139593142,-0.1677005731816,0.0221665086116,-0.0811867726958,0.0423908657018,0.1298941722906,0.0492602576551,0.1264857826641,-0.0456601370057,0.0171191323803,-0.2114878515525,0.0593878831022,0.1054429567600,0.0428422662791,0.0337379324833
-0.0037272631417,0.1094511489996,0.0982464693842,-0.0146326588609,-0.0446646918264,0.2547542803283,1.0000000000000,0.0665111070046,0.4672644444166,-0.0899149993670,0.2477758387614,0.1538837891246,0.1569897501830,0.2066474195099,0.1318419211620,0.3257637773523,-0.0638011855065,0.0831136122702,0.2252486978689,0.2981024322118,-0.0636352361643,0.0536532819946,-0.0443020230445,0.0580264904623,-0.0656237620431,0.1053604435279,0.1227789509205,0.1435524866032,0.2306123108092,0.2262607119677,0.0947071750135,0.1212687267618,0.4249547920488,-0.0819936686303,-0.1168039622680,-0.0884061330606,-0.0580760205818,-0.1444843548283,0.0701222606223,0.0039218329921,0.2363022290824,0.6356812721849,-0.0593819241500,0.2220576831807,-0.0583850522104,0.0835595145254,0.1384585313780,0.2175869453848,0.1400117652515,0.0619494269675,0.3322206261325,-0.0549426743087,-0.2412987269102,0.1117076373119,-0.1856930563997,-0.0226197354269,-0.1341486713858,-0.0446385993480,-0.0965977095298,-0.1166295148319,-0.0126009432790,-0.1371501171291,0.0116750080689,0.0981208497675,0.2627892306460,-0.0335042319399,0.1476499744970,0.2656201533665,-0.0688198893101,0.0947686369041
0.0426939055033,-0.0267182110938,0.7446386036307,0.2794367729665,0.0774607467107,0.0355083998470,0.0665111070046,1.0000000000000,0.2157326472073,0.5111106852121,0.0131942695807,0.0556631411036,-0.0215766493093,0.4069086162732,0.4608056287231,0.3353226758781,-0.0898191629549,-0.0394941735158,0.3079239002628,0.1236446701590,-0.0122138373051,-0.1960566019452,0.0183711438099,-0.0668940876468,0.5170656680554,0.4110502648194,0.2976641803995,0.4149290711953,0.1868890546223,-0.1765674314466,0.1588781187254,0.2017998434578,-0.0800007978782,-0.0576218779112,-0.0438753646533,-0.0017208352409,-0.1229778563413,0.4333921499322,0.1725259792113,-0.0387606802910,0.0176232407618,-0.0903363797362,0.7099811577157,-0.0052462139215,0.4151158186165,-0.1116890464472,-0.1112950891981,-0.1230967841152,0.3656974324080,0.3197074314204,0.2926242967061,-0.1675118140121,-0.3105970856909,0.0662226893177,-0.1421738205558,-0.0463655410335,-0.2642089017248,-0.0682305881874,-0.3119116484146,0.4033635100854,0.4131506123616,-0.1523643979609,0.4832001255470,0.0194501276749,-0.3092530183784,-0.2078064961325,0.2688655486212,-0.0915431830253,-0.1547244731861,-0.1460080020319
0.2950989456647,0.0839885203277,0.3657920543167,0.2586531827429,-0.2691611694877,0.3455298161574,0.4672644444166,0.2157326472073,1.0000000000000,-0.0676037068176,-0.0672320533430,0.3813596667676,-0.0176878243990,0.2737899776192,0.5728390964292,0.2569003728560,-0.0534138409947,0.1742815686366,0.3785350073159,0.4970692084747,-0.2180794185287,-0.1007122600291,0.0462455388079,0.0623741500868,0.0560088897280,0.1994297482667,0.4041482459435,0.2746526336525,0.3620281813487,-0.1070782400442,0.3019754343417,0.0592619905025,0.0479018252781,-0.0909351764306,0.0615172146308,-0.0090618425781,-0.0945711584903,0.0168269618332,0.2761580170671,-0.3242605765519,0.2634118973793,0.2286855961307,0.0683247665541,0.5688554445066,-0.0383846234076,-0.1606943640937,0.1963334800521,-0.0782976400308,0.1961946376221,0.4629090338373,0.0179077539827,-0.0518797878296,-0.1668753114831,0.3260617798780,0.0146013617519,-0.2244368896672,-0.2700791762392,-0.0343734828172,-0.2148965861974,-0.0013219880567,0.1915550992027,-0.0155019276975,0.1427604969594,0.0921760858969,-0.2222895811377,-0.0724712696523,0.0065178459778,0.0961062896520,-0.1830259734291,0.0252859838594
-0.2281107894016,-0.0737952110487,0.1884084782457,0.4368631940459,0.3277910484865,0.0650974047930,-0.0899149993670,0.5111106852121,-0.0676037068176,1.0000000000000,0.0600378174523,-0.0029353989859,0.3323734872856,0.5862554857072,0.2734207221544,0.3660067286457,0.0219760970931,-0.2839762053377,-0.0065891042763,-0.2142222683044,0.2919986035168,-0.2093214677180,0.1135211758232,-0.2566830237489,0.6342219622057,0.5929173887078,0.0417282550410,0.1692011016714,-0.1827923236187,-0.2946542760247,-0.4028980556543,0.3773853124292,-0.3271343189827,0.0244296900126,-0.0926424248781,-0.1189306870415,-0.1744557794462,0.1125199201500,0.3832816242266,0.2638018913286,0.0185168897482,-0.0878362563982,0.4134309372656,-0.2346383281035,0.8649169260848,0.0931029907687,-0.2352622505486,0.2778023745238,0.5922488127138,0.0772422659363,0.1571395369262,-0.0326978094999,-0.4330607168748,-0.1773553798537,-0.2046915945232,0.2704807745406,-0.1137558111303,-0.0285452091524,-0.2019495639507,0.5327599498397,0.5526079867745,-0.1656534299683,0.2094867934891,-0.1774865552574,-0.2682696241317,-0.5048743841824,0.4707506094104,-0.2665991852357,-0.0718350325143,-0.2956463472706
-0.0389757575007,0.0446993431591,-0.1302424441467,-0.0596073864597,0.6585185244385,-0.0197675716026,0.2477758387614,0.0131942695807,-0.0672320533430,0.0600378174523,1.0000000000000,0.1845273341212,0.6678750731212,-0.0180152797913,-0.0713374541574,0.0164686687047,0.2222337513396,0.1567076461159,-0.0837297725190,0.0276082594619,0.6920893599505,0.4924489786310,0.0216310058715,0.3928521627251,0.0463588544520,-0.0980684669704,0.0031318286268,0.0187974030523,0.3288540647138,0.3410585572005,0.0494904439909,0.1241674433715,-0.0211432269747,0.2644556144180,0.1775171436832,0.0659326755726,-0.0240979025418,-0.2482825274538,-0.0817165391063,0.7545603797671,0.0104933664095,0.2649021956969,-0.2693600023260,-0.0888450330741,0.1015983783475,0.8345612917538,-0.0339396445349,0.7069685900770,-0.1737127170610,-0.2791184455306,0.2039620287248,0.2989204209139,0.0188145014108,-0.1233632215607,-0.0421058550699,0.7402141709791,0.4197647429783,0.0000343649904,0.3860049165874,-0.0101837430423,-0.1715156429727,-0.1806828367456,-0.0939668020206,0.4493741342443,0.3513135787781,0.1169936710941,0.0133100115061,-0.0694352622444,0.2684466691720,0.1536018992338
0.3369334261518,0.3021958755859,0.1930592827181,0.2704175589612,-0.0216849793665,0.1488809259163,0.1538837891246,0.0556631411036,0.3813596667676,-0.0029353989859,0.1845273341212,1.0000000000000,0.1388595865220,0.3601246874400,0.3246650546125,0.2042507304617,0.0557176479357,0.4077253535641,0.3954282447240,0.5029048917198,0.0683388929685,0.1385570421776,0.2214268186485,0.2317058623079,0.0324812119538,0.2422570897070,0.4048219588408,0.3920958271890,0.1339674959274,0.1656838777191,0.2237432758089,0.2468889340268,-0.0609451890745,0.1111381961476,0.3183876126434,0.0637423668826,0.1070428337903,-0.1084259095458,0.3893940394466,-0.0119546345746,0.1174983218998,0.1345220999775,-0.0778231646000,0.2199586856899,0.0249896662733,0.1284000687185,0.6794892044582,0.0962048154903,0.1500574821243,0.0911383102272,0.0537525091869,0.0926851028709,0.0818327669746,0.4820983876851,0.2979471594571,0.0665565130703,0.0019057274695,0.1633453180122,0.0630995849919,-0.0175258183372,0.1894628540220,0.0539864243488,0.1159587838336,0.0612442624138,-0.0145653476810,0.0034483300421,0.1805583071365,0.0835650002883,-0.0033612425303,0.3493238257037
-0.1136310565691,-0.0325793462156,-0.1351842641347,0.0857644865826,0.6926371565555,0.1536823374789,0.1569897501830,-0.0215766493093,-0.0176878243990,0.3323734872856,0.6678750731212,0.1388595865220,1.0000000000000,0.1029319786363,0.0256912553207,0.2277822063012,0.2492073311985,-0.0032402288541,-0.1173520004296,-0.0040353918783,0.8876647244252,0.3224968875594,0.0870929944881,0.2216722578541,0.1123787144597,0.0378094879466,-0.0428201123145,-0.0455284439876,0.1522332817173,0.0945565949230,-0.1824535149540,0.1659595376771,-0.3214177856646,0.3347094462432,0.0633429321755,0.0104066506381,-0.1495100450618,-0.2392977652996,0.1071194898973,0.7872117358415,-0.0223800822212,0.1584886879672,-0.2131305626262,-0.1967438027324,0.3947570207528,0.5782908782413,-0.1215086106087,0.9107787499404,-0.0039917926798,-0.1336312998976,0.1366286518278,0.3409556282719,-0.0854641258335,-0.1109552908212,-0.0429554206354,0.8871320650635,0.3526044799740,0.0606285081190,0.3500972498349,0.1186880471411,0.0292994336762,-0.1687137760572,-0.1519923267941,0.1955034092191,0.1966001436561,-0.1757915774942,0.0610457215145,-0.1995246966547,0.3544142886474,-0.0347694513871
-0.0332656935370,0.0516478848183,0.3759859543499,0.2438452089302,-0.0037329451121,0.0967437926181,0.2066474195099,0.4069086162732,0.2737899776192,0.5862554857072,-0.0180152797913,0.3601246874400,0.1029319786363,1.0000000000000,0.5255678519455,0.4597535270163,-0.0847408965315,-0.0204947569472,0.4619048376001,0.2355854983763,0.0178344310701,-0.1407780317480,0.0372929303219,-0.0818518880380,0.2752340482623,0.6467765683828,0.1101429609178,0.4606244557203,-0.1778168450898,-0.0564861464728,-0.2002706757142,0.6269038768945,0.0229626675858,-0.0214967818502,-0.1022723471809,-0.1699842680838,-0.1426685941115,0.0441485501675,0.3134050147750,-0.0256143930230,0.1032587957862,0.1068577160535,0.2771401312867,0.0721559523077,0.4670571359618,-0.0699472125542,0.1465552758063,0.0513903912980,0.8392614531163,0.1924451260594,0.2211372790557,-0.1196980760751,-0.4824066166861,0.1918586753234,-0.1535426910149,0.0038668037739,-0.1530275381644,-0.0428551823022,-0.1543282098703,0.1522746987435,0.4946482994688,-0.3534440191303,0.3000889577638,-0.2901781549449,-0.1000037106210,-0.3821546633111,0.5657853921859,0.0357452202978,-0.0992472778862,-0.1509849771625
0.5063150067678,-0.1407028867138,0.5818191343118,0.2404496976243,-0.1379432471046,0.2031500642156,0.1318419211620,0.4608056287231,0.5728390964292,0.2734207221544,-0.0713374541574,0.3246650546125,0.0256912553207,0.5255678519455,1.0000000000000,0.2576189944947,-0.0936920584291,0.2955520549301,0.6134982378548,0.6084527892369,-0.0988024567710,-0.1354292320703,-0.0288534247008,0.0503566948013,0.1782244566160,0.2721139806574,0.2119518756241,0.4703205202297,0.1402073760960,0.0780319871638,0.1046030804562,0.2935271319287,-0.1528407323952,0.0412292463962,-0.0255269544545,0.0678501227161,-0.3108463870279,0.1124650791369,0.2215757793332,-0.2064123484244,0.1091469586043,-0.0786571802210,0.3361156195235,0.1802497679911,0.1331652162690,-0.1533346071249,0.1122169998292,-0.1091520459749,0.3692285446486,0.5428833184807,-0.0011752184127,-0.0849987783154,-0.2057823464245,0.3438109373386,0.1484995537184,-0.1165812342865,-0.1825664500824,-0.0586721777934,-0.1727908077999,0.0669686282515,0.3416878949922,-0.2518536374666,0.3153259434672,-0.1125176240799,-0.1658007360100,-0.2022746894706,0.2362904209896,0.0564775238942,-0.0958845985372,-0.1399933329940
-0.0543603423639,0.0093038094150,0.2094519823531,0.1669330065757,0.1034734652362,0.1144252767034,0.3257637773523,0.3353226758781,0.2569003728560,0.3660067286457,0.0164686687047,0.2042507304617,0.2277822063012,0.4597535270163,0.2576189944947,1.0000000000000,0.0845117518475,-0.1363410652655,0.1955192219108,0.2045827375526,0.1129055385855,-0.0207116971088,0.0798197291745,-0.0125179413869,0.2429969319313,0.3187418560750,0.0035744839320,0.0799320382377,0.0928047301405,0.0373628426709,-0.0745369226944,0.3440113724472,-0.1050208504361,0.1240235433697,0.0458796943900,0.0131660943366,-0.1158435980633,0.0890199598026,0.2810393925056,0.0769534914119,0.0845029164141,0.0978484359728,0.2567796779241,-0.0819359186778,0.3967080155081,-0.1567546050541,0.1081073890406,0.1318901118541,0.4218648743208,0.2247258348306,0.5605497865380,0.0345406315790,-0.2267539406838,0.1478065181891,-0.0822961652824,0.0935949465515,-0.0481372738210,0.0258031718077,-0.0392913397915,0.2360690795098,0.4026587736121,-0.1876253858307,0.0829111185953,-0.0144900101971,0.0336355783516,-0.1555953134392,0.2675291047312,-0.0072341535246,0.0332832401693,0.0440563307501
-0.0338924527537,0.0519599140702,-0.1553558623774,0.1999061705178,0.4536208836468,-0.0847227291256,-0.0638011855065,-0.0898191629549,-0.0534138409947,0.0219760970931,0.2222337513396,0.0557176479357,0.2492073311985,-0.0847408965315,-0.0936920584291,0.0845117518475,1.0000000000000,0.0054919177885,-0.1729813700145,-0.0796549593488,0.3221312474332,0.6707578174834,0.5055200026321,0.6480929499056,0.1867733663336,0.0097486285416,0.0502250811651,0.0153126584695,0.4611661024057,0.1842750626382,0.1795892854680,-0.0465187696578,-0.1662218209173,0.4617056416448,0.3264276118033,-0.0486752337353,0.0430388464436,-0.2349866493352,0.1579377720819,0.4339101327286,-0.0121334971545,-0.0623468915156,-0.2482375743376,-0.2246353492809,0.0830654002344,0.1752909628214,-0.1105215500185,0.2721339565608,-0.1537080208950,-0.2098096295089,0.0974393810770,0.8858011851814,0.0446094799786,-0.2910458806972,-0.0903709226016,0.3726268090528,0.6446690915768,0.4698473690808,0.6496700898521,0.2215931837916,-0.0738341970849,-0.0314714801886,-0.1337135547452,0.4562354576216,0.1907092935322,0.1874184909022,-0.1085730251675,-0.1639967778957,0.3743610018895,0.2232956862394
0.5616927635522,0.2955122999003,0.3159677515576,0.1015950095823,-0.0174701086019,-0.0038086012931,0.0831136122702,-0.0394941735158,0.1742815686366,-0.2839762053377,0.1567076461159,0.4077253535641,-0.0032402288541,-0.0204947569472,0.2955520549301,-0.1363410652655,0.0054919177885,1.0000000000000,0.3618807840100,0.7052087575011,0.0107219033156,0.1957363423743,0.0147642321858,0.4412514484042,-0.1971889823294,0.0205370375102,0.4241028956585,0.4435136675008,0.1736601551030,0.4410751038001,0.3772624835855,-0.0906456478235,0.0321268902995,0.1702375124304,0.3735436000408,0.1313308903068,0.1565096962870,-0.1476989179186,0.0851546301948,-0.0676873007304,0.0174536468802,-0.0450822380837,-0.1700557070505,0.0892178159859,-0.3157602372875,0.1653521616362,0.4154026884376,-0.0808707548101,-0.2260495024504,-0.0840697425016,-0.1124400862825,0.0530380733165,0.3819622382220,0.2088333721877,0.3299799540246,0.0094070340644,0.0672155267371,0.0094230140779,0.1104320467758,-0.3091585847326,-0.1193895143794,-0.0042295872111,0.0755673991080,0.0350050086939,0.1277229736370,0.2221798247636,-0.1412385040939,0.1393955349735,0.0486172332080,0.3643147253217
0.2696482045311,-0.0171690635490,0.5635311512239,-0.0008997512369,-0.2309013000500,0.0259232431080,0.2252486978689,0.3079239002628,0.3785350073159,-0.0065891042763,-0.0837297725190,0.3954282447240,-0.1173520004296,0.4619048376001,0.6134982378548,0.1955192219108,-0.1729813700145,0.3618807840100,1.0000000000000,0.7382504071799,-0.1765762281946,-0.1191391851747,-0.1344754952189,0.0618973501786,-0.0969925041118,0.2225996481830,0.2010951759131,0.5396781314675,0.0031261711177,0.0409309592079,0.1407294390883,0.2426312113754,0.0992098933273,-0.0583779488507,-0.1081124997149,-0.1841086199570,-0.1955401773409,0.1014698374529,0.0053368061480,-0.2705075533457,-0.0170017569940,0.0026945233162,0.2164276135047,0.1210853804570,-0.1581868825752,-0.1872390719058,0.3313633667261,-0.1985573763742,0.3139668801204,0.2488265185216,0.0284677132173,-0.1992096383324,-0.1284597115008,0.5328258886669,0.1862710818202,-0.1908263485450,-0.1739891910337,-0.1514785995330,-0.1456476638606,-0.2768484447272,0.1351803994100,-0.2473050676142,0.2566036296672,-0.1963715391083,-0.1097076422940,-0.1134252988541,0.0539427102780,0.1092884007441,-0.1111458963855,-0.0618797748008
0.5776327095850,0.1021013345336,0.4325596700024,0.0553042706982,-0.1916569106311,0.0805268182135,0.2981024322118,0.1236446701590,0.4970692084747,-0.2142222683044,0.0276082594619,0.5029048917198,-0.0040353918783,0.2355854983763,0.6084527892369,0.2045827375526,-0.0796549593488,0.7052087575011,0.7382504071799,1.0000000000000,-0.1112228496963,0.0333892791194,-0.0027552763605,0.2622914641915,-0.1858410930961,0.0752036983238,0.3144734751322,0.4378248569791,0.1752525071584,0.2848215439324,0.3083023994514,0.1141835261822,0.0367227787942,0.0952280648010,0.1534143958358,0.0367097004798,-0.0890413626033,-0.0819496875544,0.1103728106065,-0.2213496934856,0.0192525844025,0.0679333100365,0.0031405464362,0.1988665793632,-0.2842386059335,-0.0488359196916,0.5048627653210,-0.1064829138634,0.0202855260372,0.2283896601234,0.0129570356944,-0.0335255497170,0.1628994729182,0.5273030270717,0.3958339325234,-0.1052942808322,-0.0752835758167,-0.0223161931218,-0.0107925985295,-0.3161397455004,0.0581908264602,-0.1343560045918,0.0754934146170,-0.0478863213287,0.0729312682413,0.0778372532845,-0.0542239861321,0.1913378729336,0.0028556942829,0.2068414935684
-0.1437728673357,-0.0270027400318,-0.1399152063827,0.0559560814864,0.8241198991489,0.0467903190670,-0.0636352361643,-0.0122138373051,-0.2180794185287,0.2919986035168,0.6920893599505,0.0683388929685,0.8876647244252,0.0178344310701,-0.0988024567710,0.1129055385855,0.3221312474332,0.0107219033156,-0.1765762281946,-0.1112228496963,1.0000000000000,0.3973662921236,0.0761172054802,0.3081250538192,0.1306954497152,0.0123200081930,-0.0837662420427,-0.0464907707822,0.1696647265550,0.1113525664404,-0.1464262859059,0.0756879988403,-0.2884140632922,0.3728237233927,0.1169518015208,0.0263987410123,-0.0691224041818,-0.1784590285981,0.0348293228872,0.8717434582741,-0.0604789772057,0.0017347745584,-0.2004131482052,-0.2578161003511,0.3525997074411,0.6212327853913,-0.1653114917438,0.8044922010979,-0.0721747148197,-0.2656849035388,0.1328247129295,0.4048115621467,0.0042783480221,-0.1983865673166,-0.0362860042912,0.9566835787356,0.4780133967597,0.0520542327240,0.4561734564381,0.1388561969316,-0.0132587659953,-0.1776483814402,-0.1183491734505,0.2640081061490,0.1819615257684,-0.0569718536317,-0.0159344610286,-0.2264596642071,0.3909238987441,0.0022925428762
0.0773403808700,0.1023781586561,-0.1971890481569,-0.0147817763747,0.5074195416161,-0.0626932174936,0.0536532819946,-0.1960566019452,-0.1007122600291,-0.2093214677180,0.4924489786310,0.1385570421776,0.3224968875594,-0.1407780317480,-0.1354292320703,-0.0207116971088,0.6707578174834,0.1957363423743,-0.1191391851747,0.0333892791194,0.3973662921236,1.0000000000000,0.3732793367428,0.8557013571770,-0.0827896861345,-0.2096623529813,-0.0546484116945,0.0090052644681,0.5237907529964,0.5467403163779,0.3348166623404,0.0196803122206,0.0619242583133,0.5979828552311,0.3778558367555,0.0137857409706,0.0567269005099,-0.3963491519214,-0.0559394666340,0.5432120703736,-0.0634819475777,0.0466462126621,-0.4320533044115,-0.1101149418809,-0.1515079534941,0.3970255938667,0.0483405315265,0.3630307502783,-0.3049895724988,-0.3228357548470,0.1478012019970,0.6915926678182,0.1006656639459,-0.1779539711616,-0.1056105363074,0.4610628581639,0.8123787248354,0.4142225226904,0.8145009507944,-0.0634465630631,-0.3499559145517,-0.1913412585883,-0.1653075230647,0.5905361662007,0.4876112004447,0.3697517366661,-0.0617763874880,-0.0209459636553,0.4617643649486,0.3916676379641
0.1860169589123,0.4996933166806,-0.0638421979520,0.5629084856541,0.2125971268561,0.0679891547009,-0.0443020230445,0.0183711438099,0.0462455388079,0.1135211758232,0.0216310058715,0.2214268186485,0.0870929944881,0.0372929303219,-0.0288534247008,0.0798197291745,0.5055200026321,0.0147642321858,-0.1344754952189,-0.0027552763605,0.0761172054802,0.3732793367428,1.0000000000000,0.3213024705398,0.4575146748249,0.2757171315925,0.3294884421120,0.0490913124321,0.3131393776814,0.1856097254201,0.4216376758272,-0.0548387590785,-0.0696397558614,0.3985125751140,0.5415529178541,0.1482773508855,0.5033942521495,-0.1862760236779,0.5354724233541,0.1487395309206,0.0922442830728,0.0169455868753,-0.0465063426473,-0.1292344101254,0.1680743512598,-0.0083865055165,0.1786483092550,0.0729973884838,-0.0591267100890,-0.1463041541131,0.1019297687743,0.5090465337108,0.0333326598255,-0.1063217201951,0.0038195894357,0.1163184599225,0.2144697183998,0.8222303466458,0.2065108695206,0.4475501558230,0.1402256276119,0.1989399963644,0.0168247733913,0.2062126914822,0.1529563759555,0.3107412698718,-0.0519704949129,-0.0494569691386,0.2789914722438,0.5210469773105
0.2576427053572,0.1566049512344,0.0986572255624,0.0762396763586,0.4276604148042,-0.0472937195241,0.0580264904623,-0.0668940876468,0.0623741500868,-0.2566830237489,0.3928521627251,0.2317058623079,0.2216722578541,-0.0818518880380,0.0503566948013,-0.0125179413869,0.6480929499056,0.4412514484042,0.0618973501786,0.2622914641915,0.3081250538192,0.8557013571770,0.3213024705398,1.0000000000000,-0.0513352672148,-0.1238366997437,0.1499994583933,0.2524970059164,0.5958004719885,0.5004194067884,0.4221755006443,-0.0648824239226,0.0275987737150,0.5326358910385,0.4414820872968,0.0726943933174,0.0887007429937,-0.2551605988458,0.0372369582894,0.3720973362123,-0.0182841188400,-0.0448495980084,-0.3220677347322,-0.0495674037585,-0.2189773227551,0.2464781236942,0.1146013676892,0.1712421072453,-0.2337354673146,-0.2008086932480,0.0997498296520,0.6784585747332,0.1759313023023,-0.0755931753275,-0.0284063246120,0.3370066694195,0.6827136252332,0.3564118989539,0.7415938420929,-0.0717192160242,-0.2161804675062,-0.1616724628170,0.0119351306316,0.4969620262858,0.3063160812983,0.3601038131781,-0.1061441303765,-0.0077090512510,0.3628390157853,0.4085223995249
0.0574672904100,0.2589775541379,0.2400776311504,0.6466009645063,0.3886117142783,-0.0310021953308,-0.0656237620431,0.5170656680554,0.0560088897280,0.6342219622057,0.0463588544520,0.0324812119538,0.1123787144597,0.2752340482623,0.1782244566160,0.2429969319313,0.1867733663336,-0.1971889823294,-0.0969925041118,-0.1858410930961,0.1306954497152,-0.0827896861345,0.4575146748249,-0.0513352672148,1.0000000000000,0.4875266263245,0.3854020809360,0.0853386931810,0.2931165591001,-0.1665599368548,0.1153105150317,0.0877005034490,-0.1679833976665,0.0822582851742,0.2510685892728,0.1748095013269,0.2672298718590,0.1448742363970,0.5467559414416,0.1814601626154,0.0853107742436,-0.0754128720977,0.4326108033047,-0.1531363977317,0.5969619082003,0.0024600229682,-0.1479553177899,0.0405160902414,0.2969671410776,0.0520736119342,0.2518827245016,0.1541413367254,-0.2711473698850,-0.3031958926487,-0.2369816334037,0.1169905341790,-0.1049427695391,0.3162148131297,-0.1883671491883,0.8745213782643,0.4289354297475,0.0760478153395,0.2156990887924,0.1359226460439,-0.2214586587788,-0.0467268862840,0.2253621981643,-0.1379269666008,-0.0472492390530,0.1033769898544
-0.0590539419724,0.3485013166358,0.3787028378942,0.6487024319939,0.0237161878463,0.0615636297446,0.1053604435279,0.4110502648194,0.1994297482667,0.5929173887078,-0.0980684669704,0.2422570897070,0.0378094879466,0.6467765683828,0.2721139806574,0.3187418560750,0.0097486285416,0.0205370375102,0.2225996481830,0.0752036983238,0.0123200081930,-0.2096623529813,0.2757171315925,-0.1238366997437,0.4875266263245,1.0000000000000,0.4838107941793,0.5079729205129,-0.0995714644862,-0.2359487766214,-0.0828804581335,0.2086183274843,-0.1643870959345,-0.0150340151306,0.1637225103517,-0.0515846030995,0.2224548475768,0.1068237028101,0.6481250664550,-0.0908894924767,0.0393552264534,-0.0527473582405,0.2847640683518,-0.0822599692061,0.5194985325697,-0.1082405012297,0.1259145616640,-0.0074065776985,0.6010117975288,0.0424498066969,0.1045178826164,-0.0405010531399,-0.3376429230354,-0.0040007326329,-0.1828150548025,-0.0388125185828,-0.3009924463599,0.1546791302455,-0.3239485166919,0.3539712554035,0.6998556910465,0.0573032993930,0.4346776354877,-0.2973210986591,-0.3603618688155,-0.3519691112647,0.2212641769028,-0.2310539251066,-0.1845545498855,0.0187120880247
0.2534307460555,0.5318488041090,0.4574589574654,0.6176649153020,-0.0033091195593,0.1085001588351,0.1227789509205,0.2976641803995,0.4041482459435,0.0417282550410,0.0031318286268,0.4048219588408,-0.0428201123145,0.1101429609178,0.2119518756241,0.0035744839320,0.0502250811651,0.4241028956585,0.2010951759131,0.3144734751322,-0.0837662420427,-0.0546484116945,0.3294884421120,0.1499994583933,0.3854020809360,0.4838107941793,1.0000000000000,0.4548462031017,0.2612827238361,-0.0614544897035,0.4477129905310,-0.0827432517302,-0.0799759822169,-0.0054050286575,0.4174382420028,0.1505230228646,0.4184174896977,0.0336738697663,0.5138332875394,-0.1730810107601,0.1253841457576,-0.0684168788092,0.0568914162371,0.0795372465404,0.0404135952769,-0.0215436741427,0.2681231994041,-0.1068342241507,-0.0153319791554,-0.0170663546069,-0.0355724588402,0.0484684304581,0.0103251077998,0.0682727519827,-0.0094015924509,-0.1224261435987,-0.2927743860181,0.1806550486309,-0.2840066092783,0.2308913103038,0.2303799389441,0.3470681332377,0.2939399614833,-0.0440643995237,-0.2935200034746,-0.0025770063393,-0.1262195934479,-0.0696133054413,-0.1644652628369,0.3430334156252
0.2125622816784,0.2311223519894,0.7135483325077,0.2968211534152,-0.1079101820394,0.1622614377722,0.1435524866032,0.4149290711953,0.2746526336525,0.1692011016714,0.0187974030523,0.3920958271890,-0.0455284439876,0.4606244557203,0.4703205202297,0.0799320382377,0.0153126584695,0.4435136675008,0.5396781314675,0.4378248569791,-0.0464907707822,0.0090052644681,0.0490913124321,0.2524970059164,0.0853386931810,0.5079729205129,0.4548462031017,1.0000000000000,-0.0111237558734,-0.0185924486725,0.1250965038109,0.2088922701958,-0.0042711541914,0.0057005984538,0.0907651248889,-0.1380814967947,0.0350045207424,0.1379903553297,0.2467071555037,-0.1549174637644,0.0713901921898,-0.0522504332652,0.1948113756171,0.0748721822574,0.0454478953269,-0.0650161505118,0.2217920516553,-0.1293992568176,0.3056437489235,0.1198079285012,-0.0718017651747,0.0112554282146,-0.1919166677621,0.2063568702453,-0.0179274081181,-0.0801980817995,-0.1252462714750,0.0167941775512,-0.0590232230251,-0.0874345374604,0.3131790325017,-0.1296547574034,0.6956511389376,-0.2001066676704,-0.2646387337170,-0.2206799336412,0.0715661607294,-0.0598211210056,-0.1628443343775,0.0198823391087
0.2098078565300,0.0791939077613,0.1507600621466,0.2045687121323,0.4155333922337,-0.0171250103217,0.2306123108092,0.1868890546223,0.3620281813487,-0.1827923236187,0.3288540647138,0.1339674959274,0.1522332817173,-0.1778168450898,0.1402073760960,0.0928047301405,0.4611661024057,0.1736601551030,0.0031261711177,0.1752525071584,0.1696647265550,0.5237907529964,0.3131393776814,0.5958004719885,0.2931165591001,-0.0995714644862,0.2612827238361,-0.0111237558734,1.0000000000000,0.2886022785078,0.5611546977399,-0.1791343514864,0.0347777721341,0.3125623716169,0.2916201180639,0.0939894029493,0.0471170842494,-0.1395966785078,0.1078815152480,0.2809298794054,0.0245713326740,0.0453662788243,-0.0610756330119,0.1062557858352,-0.1099042335433,0.1616947339611,-0.0082783266430,0.1077679795661,-0.2401438963418,0.0404442912769,0.2738152738725,0.4788613545920,0.0230257639544,-0.1169618765806,-0.1597432535394,0.2024616661001,0.3788534073526,0.3035727365223,0.3573155955621,0.2623434762327,-0.1631259943490,-0.0544370068033,-0.0542893553413,0.7754389875533,0.1500071535541,0.3846199013220,-0.0996229939018,0.0333769922273,0.1867044872619,0.2929762970912
0.3652634074775,0.1545957427413,-0.1187717242932,-0.0676853236060,0.2403417826272,0.0237080010474,0.2262607119677,-0.1765674314466,-0.1070782400442,-0.2946542760247,0.3410585572005,0.1656838777191,0.0945565949230,-0.0564861464728,0.0780319871638,0.0373628426709,0.1842750626382,0.4410751038001,0.0409309592079,0.2848215439324,0.1113525664404,0.5467403163779,0.1856097254201,0.5004194067884,-0.1665599368548,-0.2359487766214,-0.0614544897035,-0.0185924486725,0.2886022785078,1.0000000000000,0.2991882925161,0.1081529158353,0.3071238121379,0.4841910933600,0.3350078080720,0.2009161731583,0.1153633907750,-0.2655836889904,-0.0344428284158,0.2575490610159,0.1134324181163,0.2180988258655,-0.2467105988086,-0.0877786351381,-0.2634256233909,0.2274858038590,0.2792583412364,0.0994487339802,-0.2245564342534,-0.1772743856315,0.2209408219478,0.2331578997109,0.2270044738316,0.0780301080409,0.0824560924516,0.1676091853859,0.3918908824448,0.2580118500751,0.3904507895695,-0.1443837810684,-0.2985104400152,-0.1152581297663,-0.1820225627011,0.3470882178479,0.7581739816937,0.4153572979277,0.0702726253443,0.3535552333086,0.4344138636795,0.5169954650206
0.4336804770124,0.4040758238411,0.2788202987623,0.2057755800929,0.0050993819690,-0.0116765718161,0.0947071750135,0.1588781187254,0.3019754343417,-0.4028980556543,0.0494904439909,0.2237432758089,-0.1824535149540,-0.2002706757142,0.1046030804562,-0.0745369226944,0.1795892854680,0.3772624835855,0.1407294390883,0.3083023994514,-0.1464262859059,0.3348166623404,0.4216376758272,0.4221755006443,0.1153105150317,-0.0828804581335,0.4477129905310,0.1250965038109,0.5611546977399,0.2991882925161,1.0000000000000,-0.2928710020314,0.2518403621822,0.2129159872953,0.4946177657225,0.1870329633600,0.4545582230792,-0.0619481288211,0.1166952595459,-0.1002596608525,0.1249668364958,0.0613122969152,-0.0489300285867,0.1942064789576,-0.3551953750183,-0.0128984586237,0.2971163212088,-0.2195355126439,-0.3175476625470,0.0086758239696,0.1432373969628,0.1685616522861,0.2744250485244,0.1016462463002,0.1024366955054,-0.1173305170449,0.0792805720581,0.3648891635616,0.0521009218820,0.0343504096898,-0.1830118303162,0.1209722595829,0.0539863207750,0.3291059405751,0.1453247073560,0.6620859806929,-0.2262337490908,0.1572887303030,0.0494331778369,0.5598641832651
-0.0508716129484,-0.1341985911184,0.0955457349703,-0.0110393802452,0.0369007729357,0.0286729810062,0.1212687267618,0.2017998434578,0.0592619905025,0.3773853124292,0.1241674433715,0.2468889340268,0.1659595376771,0.6269038768945,0.2935271319287,0.3440113724472,-0.0465187696578,-0.0906456478235,0.2426312113754,0.1141835261822,0.0756879988403,0.0196803122206,-0.0548387590785,-0.0648824239226,0.0877005034490,0.2086183274843,-0.0827432517302,0.2088922701958,-0.1791343514864,0.1081529158353,-0.2928710020314,1.0000000000000,-0.0181402784279,0.0202176827389,-0.1907035140255,-0.0840403958863,-0.2866984582377,-0.0167245416301,-0.0154674894841,0.0843774586426,-0.0196684220973,0.1429787370107,0.1409945233497,-0.0214607333698,0.2859322335023,0.1248741482727,0.0633778540065,0.1570260432923,0.4579797068322,0.1262063136082,0.1845641791296,-0.0560804037755,-0.3830120919936,0.0832662598419,-0.0934329869254,0.0693024670419,0.0256201277081,-0.0692939595262,0.0454148785749,0.0241810083673,0.1291010355590,-0.2881293963060,0.0950484301049,-0.0683526083352,0.1186923557550,-0.2994762935609,0.5637412543385,0.1351499773785,0.0361300741999,-0.1842357097592
-0.0566398489131,0.1838722828964,-0.0246429123552,-0.2577322112946,-0.1412011441267,0.0638111080057,0.4249547920488,-0.0800007978782,0.0479018252781,-0.3271343189827,-0.0211432269747,-0.0609451890745,-0.3214177856646,0.0229626675858,-0.1528407323952,-0.1050208504361,-0.1662218209173,0.0321268902995,0.0992098933273,0.0367227787942,-0.2884140632922,0.0619242583133,-0.0696397558614,0.0275987737150,-0.1679833976665,-0.1643870959345,-0.0799759822169,-0.0042711541914,0.0347777721341,0.3071238121379,0.2518403621822,-0.0181402784279,1.0000000000000,-0.0830325107841,-0.0694583987548,-0.0763568919172,0.2053409640408,-0.0060941749502,-0.2320439456758,-0.1246499723211,0.2890060640367,0.4578324281843,-0.0222767013333,0.3440959572697,-0.3040220105175,-0.0550765170339,0.1965033171374,-0.2270767549600,0.0138108179006,-0.0463554064361,0.2372312515422,-0.1572962953788,-0.0215903479436,0.0142161635815,-0.0723048834620,-0.2528006960850,-0.0364550145423,-0.0065904351065,-0.0393393799962,-0.1753667807921,-0.3453149167626,-0.1034869510544,-0.0424556983938,0.0726511412955,0.4314943545124,0.2957052165098,0.1194421994754,0.6311363219651,0.0227627484137,0.2433340271616
0.1686114618024,0.1845621027407,-0.0683528463383,0.2241685229838,0.4040493710599,0.0381466217643,-0.0819936686303,-0.0576218779112,-0.0909351764306,0.0244296900126,0.2644556144180,0.1111381961476,0.3347094462432,-0.0214967818502,0.0412292463962,0.1240235433697,0.4617056416448,0.1702375124304,-0.0583779488507,0.0952280648010,0.3728237233927,0.5979828552311,0.3985125751140,0.5326358910385,0.0822582851742,-0.0150340151306,-0.0054050286575,0.0057005984538,0.3125623716169,0.4841910933600,0.2129159872953,0.0202176827389,-0.0830325107841,1.0000000000000,0.4907437084220,0.0927580943619,0.1212874557890,-0.1853059149765,0.1912562211674,0.3832753202201,-0.0336263283101,-0.1054576093249,-0.1802693902734,-0.1666475240353,0.0304929622129,0.1770428331767,0.0611507538497,0.2423133707139,-0.1070970817093,-0.1164998832212,0.0628818119500,0.5185729589472,0.1645740986073,-0.0656735855924,0.0837880211996,0.3860995826588,0.5292504177848,0.4082953952479,0.5267424813646,0.1362337871084,-0.0423139682136,-0.0485824383911,-0.0427174915090,0.3232065071868,0.4377920895462,0.2768413548114,-0.0381637863907,-0.1308273435321,0.7485713497679,0.4074518217718
