1.0000000000000,0.5868746740041,0.3960679434547,0.5212500053312,0.0479656382911,0.3490288654639,0.5210655142282,0.0805604546657,0.5507829102342,-0.0114318291210,0.1811753390752,0.4858901868892,0.2753463330960,0.2969544699463,0.7660509477298,0.3862464040791,0.1903310671967,0.5566400213262,0.5761921648095,0.7303989292675,0.2282931381993,0.5384711693026,0.4181547073160,0.5438387326117,0.2046275494997,0.2937354811284,0.4964583770164,0.3173464660436,0.3005701378206,0.7288797901163,0.5985093736889,0.2595750649964,0.1587972279988,0.5702248196588,0.6706608506420,0.4336319586533,0.4980918925295,-0.0564897071331,0.5805917579764,0.0352483550517,0.1029858362864,-0.2473550206026,-0.3814669091241,-0.0432541200102,-0.0481325130984,-0.4851171465097,0.3278542373112,-0.0139876973841,0.1110414268576,0.0704839706357,0.0485209966437,0.2167227619525,0.1031544326343,0.0620446773893,-0.0802129394194,0.1737446085942,-0.0695421117480,0.3678901572051,0.0174494812027,0.1323520962136,0.4052582144983,-0.2110322582690,0.1906246797580,-0.4153408942267,-0.0304464756982,0.0990464356433,-0.1892158904036,0.0986947847224,0.0400624571905,0.3120919141928
0.5868746740041,1.0000000000000,0.3627360638010,0.6848331849775,0.0858468836719,0.3265387177178,0.5544940524352,0.0466392738025,0.4912881709302,0.1128819198309,0.1084747420636,0.5207133322047,0.3062081546867,0.4426960594787,0.4607578471359,0.5142194804476,0.2525275776252,0.5190767538808,0.5576345403295,0.6840094955026,0.2957146908232,0.5936216309629,0.6655257506019,0.6308543807044,0.3055472315054,0.5017639250890,0.6810532171082,0.3872636185188,0.3621480781703,0.6779263036465,0.6484819755143,0.3647661995067,0.1613881728284,0.5729974262728,0.7568052607409,0.1680347332516,0.7946804609755,-0.2051792955534,0.7296330252950,0.0476631709600,0.2973655875524,0.0100381549315,-0.4046368304643,-0.0753249538822,0.0685418801363,-0.3776723558297,0.5081385389722,0.1016807536996,0.2074309360464,-0.2006557435614,0.1759561782925,0.2983948365304,0.0846713111125,0.0187400530228,-0.1627291538244,0.2152829256724,0.0375787823915,0.5403995209501,0.1484573741734,0.1775864758620,0.3674333201073,-0.1085269051921,0.2111031356546,-0.2789345600277,0.0407409408355,0.2394810085713,-0.1497763322113,0.1881829257552,0.1214469937163,0.5105366177221
0.3960679434547,0.3627360638010,1.0000000000000,0.4765335120377,0.0103801183615,0.2825383777775,0.4828225656723,0.5992204233644,0.5043863668836,0.2829419460906,0.0637947493696,0.4323050520323,0.1475746963141,0.4704063920350,0.5398534412523,0.3385520424373,0.1264965951420,0.4586132833961,0.5552356817764,0.5739326395143,0.1783696616764,0.1984046428963,0.1390783068172,0.4147381381133,0.3229201824547,0.4316831266364,0.5927884586422,0.6863878502074,0.2186537364257,0.2539898404508,0.4754564977379,0.3180663015257,0.1631597374517,0.2229259932531,0.3098550319782,0.0579042355689,0.2721052205834,0.3322181278087,0.4510700382182,-0.0320710776676,0.1822860410440,-0.1112918500146,-0.0715376539039,0.0340443317961,0.2039836695348,-0.3448896879514,0.4013063195443,0.0144093439178,0.3537815353696,-0.0470937394571,0.0945082182502,0.0716904217120,-0.0170855198456,0.1010911817434,-0.1624727206194,0.1161706111774,-0.2204787100992,0.0838588847373,-0.1116275255461,0.0764569851575,0.3993968563015,-0.0994717788780,0.4510879520007,-0.3789706576013,-0.3320256722356,-0.1556584878068,-0.0130312791524,0.0910530878076,-0.1536877632875,0.0682100034362
0.5212500053312,0.6848331849775,0.4765335120377,1.0000000000000,0.3140626502508,0.3630071459548,0.6311313886307,0.2877305933160,0.6522344759059,0.5069713510766,0.1909443955244,0.5211378765127,0.4019427916914,0.6645904086844,0.5763598198714,0.6073361832824,0.3634856468703,0.3307915269462,0.6431484837462,0.6250690794480,0.3823983293572,0.4366742701009,0.6440463357771,0.4665658022275,0.6034401612241,0.7272985195245,0.7151300953296,0.3640038077878,0.4466204467774,0.5440780662736,0.6188603943214,0.4530802577891,0.0134409353122,0.4850145790392,0.5994354399386,0.1385911828683,0.5596064930532,-0.0667272552756,0.9241202409042,0.1787141332744,0.2463656506102,-0.0585918277369,-0.3229131065159,0.0168999891738,0.4568104657893,-0.4028275951513,0.4472936390255,0.1079242750405,0.4871710468527,-0.1824437712402,0.1203276876472,0.3751231251537,-0.1653265269113,0.0435997338595,-0.3304656233714,0.2642119267415,-0.1795632323939,0.5370118504031,-0.0947305004832,0.4287511512651,0.6950297466314,-0.1345781657550,0.3341887348945,-0.2215530570988,-0.2604413899786,0.0060892817872,-0.0621942284027,0.1530880213290,-0.0254879855905,0.1952067841654
0.0479656382911,0.0858468836719,0.0103801183615,0.3140626502508,1.0000000000000,0.1481732700651,0.3147840623206,0.1236071792857,0.1173504203909,0.4561491980677,0.4659164170169,0.2336548509735,0.6586865161198,0.2052863642651,0.0138787762406,0.3715027712647,0.4395579130254,0.0120093285210,0.0627373054404,0.0502470525598,0.7268044696559,0.2519301397954,0.2193158040799,0.2120483772663,0.4455472632173,0.1344374367592,0.1853882546730,-0.0731307317999,0.4404976867371,0.1033420361554,0.0100696976315,0.4019970535907,0.0205260274597,0.2347575372828,0.1114449513745,-0.0260542843090,-0.0276077715796,-0.1092241487309,0.2414969388849,0.8523204556550,0.1717552289371,0.2588689124936,-0.0994368994482,-0.1174097997849,0.4563580456112,0.2319827790599,-0.0001648919916,0.6303853398137,0.1917157455961,-0.2554349510187,0.2928261713017,0.3574504396341,-0.1948477374404,-0.2494972202774,-0.2631994969908,0.6846851513986,0.2273929578434,0.1654137369251,0.2026197212143,0.4013924514560,0.0623765094496,-0.1439770070878,-0.0493495587872,0.2396434142982,0.0095076211746,-0.0957237940323,0.1740340941978,0.1320921884313,0.2328790837938,-0.0741860868942
0.3490288654639,0.3265387177178,0.2825383777775,0.3630071459548,0.1481732700651,1.0000000000000,0.5165429629894,0.0259837134361,0.5894669269371,0.0978707733713,0.3003222981719,0.3418521965181,0.2359223996640,0.2769289572699,0.3870225032771,0.2828980475016,0.1052548129364,0.2289063406746,0.3742351991930,0.3887021627528,0.2093363593639,0.3938384908246,0.2705217147559,0.3629610332342,0.1996188999829,0.2602616860363,0.4153190873523,0.3624519326732,0.1493125450402,0.3666720583111,0.4361460560792,0.3155514052258,0.4040680852036,0.3647900992201,0.4762831364251,0.0027165517941,0.2676981790817,-0.1345789063020,0.3613259038024,0.1044449019844,0.3292665906196,0.0433482907974,-0.4104901654290,0.2047586207869,0.0716611007074,-0.2742544961289,0.1618854228865,0.1183563785392,0.1079341032627,-0.1891462578084,0.1118100803975,0.1396272164964,-0.1381471099785,-0.0362558811410,-0.2450866030302,0.1888768803502,-0.1389022032258,0.2244703093359,-0.0609496372680,0.0847793195115,0.2219764959690,-0.2150093994960,0.2046300134007,-0.3393086437110,-0.2069353396099,0.0104957497158,-0.2092990105327,0.0341492312213,0.0195700489468,0.1380775862414
0.5210655142282,0.5544940524352,0.4828225656723,0.6311313886307,0.3147840623206,0.5165429629894,1.0000000000000,0.1492842915572,0.7732330507783,0.1836641761479,0.4534663955252,0.6387761214247,0.5312606244177,0.4733267040850,0.5639374066764,0.6896086160063,0.3041602374116,0.5404381425338,0.6468092014026,0.7374360407574,0.4540050562538,0.5441965647246,0.3727416743639,0.5613876442506,0.3160326506466,0.4231583485142,0.6279540651572,0.5006587356446,0.4975884459196,0.6425499923519,0.5872306477975,0.5042579697802,0.3643526310464,0.5623003347736,0.6516093393724,-0.1073426621978,0.4737031524727,-0.2131274486377,0.6696157915263,0.2740224457763,0.2395089835791,0.1353106323923,-0.5958337068591,-0.0081022636926,0.1499419787290,-0.3961451502130,0.3864884581262,0.3492764346200,0.2171200997289,-0.3926290530622,0.3099909540311,0.2686219009491,-0.1482060554891,-0.2014898646997,-0.4166808587488,0.3474474669749,-0.1885732973857,0.3346758788012,-0.0664490220427,0.0963354580320,0.3089126137253,-0.4061559246241,0.1802008818996,-0.3398228033469,-0.2602977715846,-0.1032427164882,-0.1255962100849,0.1047633452212,-0.0084897647298,0.1627076335127
0.0805604546657,0.0466392738025,0.5992204233644,0.2877305933160,0.1236071792857,0.0259837134361,0.1492842915572,1.0000000000000,0.1392950790805,0.5244565859366,0.0752001550744,0.2519120048999,-0.0310446206340,0.3627586340812,0.2473649795146,0.2919305635978,0.0171514894599,0.0433586965713,0.2202829843184,0.1143383708610,0.0597489430387,-0.0949478603307,-0.0484229719954,-0.0692513794100,0.5136621082712,0.3587561033650,0.2468214623289,0.2071609162634,0.1762007560335,-0.0797844885859,0.1915913422541,0.2894760533550,-0.0772831824166,-0.0384722509394,0.0057719699131,0.0005542179161,0.0201585999004,0.3206723374487,0.2126319606217,0.1131097033521,-0.0725597593173,-0.2832530528311,0.2511261420354,-0.2345198840820,0.4517480106262,-0.1977571498359,0.0105328078511,-0.0840312402180,0.3279865274343,-0.1432841774521,-0.1191553228326,-0.0490254771757,-0.2925830549220,-0.0733932587106,-0.2579298464448,0.0305537130223,-0.3371260874294,-0.1139976890020,-0.3732565418761,0.3251129106241,0.3661477813805,-0.1518815054558,0.1716037748145,-0.1129699409689,-0.4011468896406,-0.2960154824664,0.0976016282741,-0.0221892447053,-0.1699815139031,-0.2437380741195
0.5507829102342,0.4912881709302,0.5043863668836,0.6522344759059,0.1173504203909,0.5894669269371,0.7732330507783,0.1392950790805,1.0000000000000,0.0931661800782,0.2315874060998,0.5678729452344,0.3289133791245,0.4958925646524,0.6513542291858,0.5214858055891,0.2797258208254,0.3569561537842,0.6686393437031,0.6806541413018,0.2645572006668,0.5174216674025,0.4219727933354,0.5484602675059,0.2890348066557,0.4802394411049,0.6927538476781,0.4616181641079,0.4573776749981,0.5494117564114,0.7424807150800,0.3991444721502,0.2140733362291,0.5358545688028,0.6005110188871,0.0356236154108,0.4224016093580,-0.0982172802265,0.6481770684216,0.0046752973581,0.2561220674076,-0.0163992958143,-0.5244516287914,0.2231901988533,0.0659915595233,-0.4872751008482,0.4454950739730,0.0355209563505,0.2133904147887,-0.2296711771089,0.1412589331626,0.3306897165675,-0.0902661709986,0.0597450039113,-0.3565729661427,0.1593947305110,-0.1849598518563,0.3723295492752,-0.0737870247190,0.1232369943290,0.4055611695775,-0.1897803562972,0.2736094928053,-0.2937778761603,-0.3190750431563,0.0667574104768,-0.1830679360032,0.0783846328864,-0.0188669716383,0.2159278812962
-0.0114318291210,0.1128819198309,0.2829419460906,0.5069713510766,0.4561491980677,0.0978707733713,0.1836641761479,0.5244565859366,0.0931661800782,1.0000000000000,0.0288530188527,0.2010299438609,0.2200299826053,0.5810193609394,0.1031278872997,0.4310239464676,0.2474016008652,-0.1293704238720,0.0933968869612,-0.0065782683245,0.2675340045018,-0.0705944897785,0.2187694873739,-0.0784161834029,0.6952900991087,0.5374541283555,0.2152963370970,0.0774687156552,0.1341570070259,-0.0644691092416,-0.0650513287063,0.4970523640171,-0.1508335526639,0.0164889198228,-0.0024352355830,0.0240026390541,-0.0263329038863,0.1004686541875,0.4220413208807,0.3345655163992,0.1703477877735,0.0796667196356,0.1832084695161,-0.0210168949269,0.8502457723249,-0.0319763779928,0.0902074172323,0.1488960275434,0.6326544259788,-0.0870161750843,0.1374371219636,0.1477202874862,-0.3585978455807,-0.0940061956142,-0.2642780819783,0.1968025354714,-0.1275370189939,0.1191309308669,-0.2043829730460,0.5643793799648,0.5108306133590,-0.0876294954134,0.1647634126110,-0.0409891587050,-0.2140248038271,-0.2781580881862,0.4043538756842,0.1511851829443,-0.0601846536395,-0.1974046671759
0.1811753390752,0.1084747420636,0.0637947493696,0.1909443955244,0.4659164170169,0.3003222981719,0.4534663955252,0.0752001550744,0.2315874060998,0.0288530188527,1.0000000000000,0.3243243509489,0.6019340441516,0.0649465226756,0.2644298404836,0.2156155334037,0.1596472165910,0.1871397683460,0.3135777519295,0.2539784168747,0.5901654775197,0.3371473473834,0.0118626440799,0.2512690510033,0.0188118943285,0.0143679563806,0.1297854912259,0.2230447613339,0.1870655621120,0.3000614492613,0.1396105000363,0.1101042116367,0.1027001571019,0.3003714402179,0.2254219814396,-0.2246988669620,0.0718433029950,-0.2219965616646,0.2007377953681,0.6189668579856,-0.1860886119004,0.0785740916987,-0.4700983049554,-0.1275359136055,0.0004374709163,0.2361681766875,-0.1148284644670,0.5823190927068,-0.0100852683947,-0.2703917376561,-0.0535822535614,0.1039462664876,-0.2095447496288,-0.2135827433091,-0.3455620290114,0.6142577536076,-0.0750802658521,-0.0030662121828,-0.0070085779005,-0.1256243740009,0.0653628990924,-0.4349501715667,-0.0000447286611,-0.0989457094008,-0.1497159870358,-0.2849651043401,-0.2878372746869,-0.1888246340003,0.1309182137520,-0.1749547666902
0.4858901868892,0.5207133322047,0.4323050520323,0.5211378765127,0.2336548509735,0.3418521965181,0.6387761214247,0.2519120048999,0.5678729452344,0.2010299438609,0.3243243509489,1.0000000000000,0.2171463616316,0.4620159720784,0.4335150046576,0.5359556152639,0.3362555771751,0.4449926913626,0.5454515380496,0.5869634920591,0.2644577202125,0.4290860768396,0.3430460299889,0.4506484951582,0.3454331586119,0.3615977541934,0.6577542756197,0.4070585773939,0.2993991956255,0.5036247922031,0.5405993367526,0.5507415556004,0.1452894359179,0.3980652475483,0.5381823955511,0.0588557659965,0.4183281031395,-0.0912576356381,0.4878997228054,0.1822347401538,0.1359235797053,-0.0343662061541,-0.3847583541037,-0.1076452645152,0.1041491386353,-0.3425095755681,0.4695854249249,0.1131628494358,0.2050009436694,-0.2768360211545,0.0477422596484,0.2702361982368,-0.0446642936423,-0.0756085926843,-0.2766874776172,0.2061225744307,-0.1398449444070,0.1424891580199,-0.0584745941601,0.1549445624257,0.2569912082171,-0.2410439128403,0.2004418183053,-0.3560389366665,-0.1957786922134,-0.0684468358896,-0.0974847640115,0.1092777270835,-0.0230770634303,0.1700411334484
0.2753463330960,0.3062081546867,0.1475746963141,0.4019427916914,0.6586865161198,0.2359223996640,0.5312606244177,-0.0310446206340,0.3289133791245,0.2200299826053,0.6019340441516,0.2171463616316,1.0000000000000,0.3113264044356,0.3768685673606,0.4740992043083,0.3738284748222,0.1815539204098,0.4242047599459,0.3810388446436,0.9196558240949,0.4643044131286,0.3068314292785,0.4174481529104,0.1009572509639,0.1857226688934,0.1800995212357,0.1625602001167,0.3257314474679,0.4685036115652,0.1291705068731,0.3871538571119,0.1493938334338,0.5773555024336,0.3071450888475,-0.0714726848426,0.0876470892362,-0.1970900571941,0.4461729515660,0.7561322792926,0.1811342618855,0.2718164980791,-0.3743533858917,-0.0164770640280,0.2362678640395,0.1550393517043,0.1954759049205,0.8361818605297,0.2334040300506,-0.1678497684645,0.3818919486827,0.3951736995672,-0.1592607902830,-0.0306819878904,-0.2477031546654,0.8779784359872,0.2104687186499,0.3211565543907,0.2743485883867,0.0544555053603,0.1983659970799,-0.3391646687762,0.0492148380301,0.0073106679248,0.1007765097630,-0.0967123390764,0.0912292491769,0.1839428438452,0.3755872593680,0.0888632671590
0.2969544699463,0.4426960594787,0.4704063920350,0.6645904086844,0.2052863642651,0.2769289572699,0.4733267040850,0.3627586340812,0.4958925646524,0.5810193609394,0.0649465226756,0.4620159720784,0.3113264044356,1.0000000000000,0.4710162210017,0.5550809560515,0.2608763291549,0.2023456936162,0.6157206228921,0.4661597797630,0.2726211422805,0.2949721047933,0.3702339107039,0.3456510253219,0.3936432690749,0.8064572020355,0.4853954204212,0.4558250864531,0.1763080600744,0.3378466453416,0.2971992542762,0.6815839313891,0.0577845647713,0.3255545032531,0.3299227433023,0.0310165915889,0.2570847524822,0.0019190800439,0.6679228034417,0.1488351937520,0.3070826668939,0.0461539122387,-0.1403361219061,0.1175145211828,0.4954429707332,-0.3144902534903,0.5577821587048,0.1036568159696,0.8419294183305,-0.0741029255017,0.2756983460051,0.2648501094531,-0.2619939001285,0.1567589011151,-0.3024552220714,0.1914135024585,-0.0814929165636,0.2585002092470,-0.0432141813004,0.2781434401597,0.6906824607647,-0.2523413741399,0.4411963995520,-0.2690417660340,-0.2147247847868,-0.1028922811373,0.2463281706252,0.3543835152908,-0.0676272366752,0.0892796123807
0.7660509477298,0.4607578471359,0.5398534412523,0.5763598198714,0.0138787762406,0.3870225032771,0.5639374066764,0.2473649795146,0.6513542291858,0.1031278872997,0.2644298404836,0.4335150046576,0.3768685673606,0.4710162210017,1.0000000000000,0.3918235758972,0.1981369075710,0.4217938351433,0.7522481520752,0.7173007613536,0.3176746327012,0.4509497071622,0.3597325192749,0.4666583026780,0.1487047596273,0.3855393793844,0.4390101984843,0.4418664865383,0.2188458552402,0.6735363930702,0.5129864863019,0.2775483158798,0.1122426334290,0.5529287043337,0.5057242387171,0.1905532395031,0.3149507438196,-0.0847783266141,0.6232805885630,0.0487068890838,0.0291123039914,-0.2946714005769,-0.4052747974467,0.0238000456992,0.0144130721389,-0.4414194659378,0.2880501061877,0.0477309185804,0.2706108645056,0.1348043640911,-0.0484371351451,0.2406724650936,-0.1562387116355,0.1546969159052,-0.2229412062710,0.2429252099276,-0.2012573382558,0.3563737108988,-0.0998293476427,0.0317108928336,0.5517206076145,-0.3816450159835,0.2596241823052,-0.4462185209137,-0.2234244278616,-0.1455613835830,-0.1525295143759,0.0663400357740,0.0382569269387,0.0848549795982
0.3862464040791,0.5142194804476,0.3385520424373,0.6073361832824,0.3715027712647,0.2828980475016,0.6896086160063,0.2919305635978,0.5214858055891,0.4310239464676,0.2156155334037,0.5359556152639,0.4740992043083,0.5550809560515,0.3918235758972,1.0000000000000,0.3209739426237,0.3385801036046,0.4968681893534,0.5398406442032,0.4520084842631,0.4329177545106,0.3818786787944,0.3955737633175,0.4225699078663,0.5186692474286,0.4720174319107,0.2026501491201,0.4298770169780,0.5031062504754,0.4498085909172,0.5550333428060,0.0814561591023,0.4876439354876,0.5463009951925,0.0067170999311,0.4579496087585,-0.0912776898005,0.6453422157345,0.2978171192959,0.2105337315140,0.0373808897157,-0.3257267038529,-0.0987910812473,0.4091348906433,-0.3902067018327,0.3801187736290,0.2607732216190,0.3754642912302,-0.3155262440448,0.3549178633247,0.2970607886886,-0.1216208475526,-0.1211444157546,-0.3699624703607,0.3416810325263,-0.0961090274634,0.3026480862220,-0.0671198700185,0.2838938065478,0.4054254802410,-0.2850652948272,0.1058353736459,-0.1900097039781,-0.1812636604049,-0.0457841012599,0.0955874002570,0.1966835321002,0.0143588763270,0.1392757158461
0.1903310671967,0.2525275776252,0.1264965951420,0.3634856468703,0.4395579130254,0.1052548129364,0.3041602374116,0.0171514894599,0.2797258208254,0.2474016008652,0.1596472165910,0.3362555771751,0.3738284748222,0.2608763291549,0.1981369075710,0.3209739426237,1.0000000000000,0.0221645705816,0.2150267285085,0.1874467486037,0.3885372556011,0.4043618233989,0.5201988719466,0.4415717653826,0.3319265792460,0.1903602476700,0.3296979846340,0.0655422740202,0.4220518593532,0.2381283013447,0.2123120779547,0.3336145027635,-0.1088562017609,0.3738038643018,0.2151892017949,0.0858778369608,0.1018500213910,-0.1490361245800,0.3262082170419,0.3112264611353,0.1961466410737,0.1524526824367,-0.1613020092892,-0.0252155554058,0.2292838615129,0.0378219885578,0.3113848857840,0.2539477045720,0.1588608564732,-0.1691988768088,0.1479120910539,0.8292494466911,-0.1083367368534,0.0651241882280,-0.1019829787512,0.3307949210445,0.3409959512709,0.4538479519906,0.3555618135584,0.3125081638039,0.1280371264638,-0.0011944956690,0.0664246691240,0.2036095149205,0.0892641030934,0.1124476365291,0.1320791457799,0.1606760608585,0.2729374862188,0.1553990816598
0.5566400213262,0.5190767538808,0.4586132833961,0.3307915269462,0.0120093285210,0.2289063406746,0.5404381425338,0.0433586965713,0.3569561537842,-0.1293704238720,0.1871397683460,0.4449926913626,0.1815539204098,0.2023456936162,0.4217938351433,0.3385801036046,0.0221645705816,1.0000000000000,0.5529353221779,0.8164952950648,0.1886538913176,0.4878676718032,0.0955697957978,0.6158098313924,-0.0378594597072,0.1753548628713,0.4598054952758,0.4967754160930,0.3151236416012,0.6245468987950,0.4512530001499,0.1765002565684,0.3933122186924,0.3498708540505,0.6346818040152,-0.0480532303928,0.5896951659616,-0.1409712147366,0.3331768985600,0.0416093565316,0.0345269381753,-0.1769598585158,-0.5090626992890,-0.1846499047933,-0.1707123598512,-0.5200730381797,0.2967204229182,0.0841294549262,0.0165059974613,-0.2522584843420,0.1379302510324,-0.0393364410775,0.2836074595973,-0.1464650584477,-0.1005770094806,0.1363359179486,-0.1249600645997,0.0458011634691,0.0438203430543,-0.2640547964451,0.0904054275392,-0.3278378853527,0.0513502903631,-0.3889108746860,-0.1519997840816,-0.1150198150626,-0.2917649142838,-0.0097920656277,-0.2430224711646,0.1764636436831
0.5761921648095,0.5576345403295,0.5552356817764,0.6431484837462,0.0627373054404,0.3742351991930,0.6468092014026,0.2202829843184,0.6686393437031,0.0933968869612,0.3135777519295,0.5454515380496,0.4242047599459,0.6157206228921,0.7522481520752,0.4968681893534,0.2150267285085,0.5529353221779,1.0000000000000,0.8269690288501,0.3697984262820,0.5428486383711,0.4138045452319,0.5705396567658,0.1160109151726,0.4951624880381,0.5573344736211,0.5432656435156,0.2926697154546,0.6522800454247,0.5999748875122,0.3922912405339,0.1850754662918,0.5736397210731,0.5848161634775,-0.0755408092153,0.4495851439447,-0.1145827103225,0.6557064202314,0.0923489938658,0.0889159543274,-0.2307384977435,-0.4895524603394,-0.0427239337864,0.0036450919861,-0.4805585897653,0.4713312079188,0.1216001060742,0.3635195283007,-0.1488416008419,0.0790277190754,0.2456066549394,-0.0962215435131,0.2343882127743,-0.2495903347545,0.2870481325149,-0.1509739621867,0.3505462600321,-0.0262540191248,-0.0793370490926,0.4925814288343,-0.3803470439611,0.2933008197705,-0.3977748763192,-0.2848297924832,-0.0860086200879,-0.1913808394406,0.1101635828552,-0.0709978692690,0.1072010119791
0.7303989292675,0.6840094955026,0.5739326395143,0.6250690794480,0.0502470525598,0.3887021627528,0.7374360407574,0.1143383708610,0.6806541413018,-0.0065782683245,0.2539784168747,0.5869634920591,0.3810388446436,0.4661597797630,0.7173007613536,0.5398406442032,0.1874467486037,0.8164952950648,0.8269690288501,1.0000000000000,0.3403869665895,0.6490682564896,0.3921085386188,0.7077750912228,0.0834769034069,0.4021539722172,0.6340086945721,0.5454413093841,0.4011192154685,0.7939792109243,0.6769088538686,0.3550338378572,0.3140560781316,0.6203133310180,0.7661690056751,0.0285219027306,0.6202474800189,-0.1642703779615,0.6552360377578,0.0655358862223,0.1647997360293,-0.1620265221573,-0.5832296797823,-0.0858538349960,-0.0694800215842,-0.5704363658492,0.4879047266685,0.1245052382542,0.1977216217179,-0.2097793011651,0.1654527989594,0.1982257743477,0.1206784491127,0.0506850675347,-0.1710268796705,0.2555883172023,-0.1150454330203,0.3307836990176,0.0464691300610,-0.1230885246965,0.3715394464327,-0.3551800457262,0.1975950345971,-0.4351636927399,-0.1748711412554,-0.0244026607415,-0.2546626064948,0.1032325554936,-0.0473346784778,0.2882751590175
0.2282931381993,0.2957146908232,0.1783696616764,0.3823983293572,0.7268044696559,0.2093363593639,0.4540050562538,0.0597489430387,0.2645572006668,0.2675340045018,0.5901654775197,0.2644577202125,0.9196558240949,0.2726211422805,0.3176746327012,0.4520084842631,0.3885372556011,0.1886538913176,0.3697984262820,0.3403869665895,1.0000000000000,0.4461971653865,0.2769447212152,0.4151897760196,0.1406613151214,0.1506738671668,0.1863319806738,0.1467226427914,0.3103405067435,0.3795758821539,0.1247901201880,0.3510321986978,0.0665705518801,0.4953699202946,0.2783404095714,-0.0911234395906,0.0911871303139,-0.1706564843222,0.3832575997010,0.7965459558152,0.1594554125015,0.2143915986421,-0.3212057910386,-0.0872218188966,0.2697705025233,0.1849514043032,0.1501961102495,0.8089484611497,0.1961817568652,-0.2184033833596,0.2758258114023,0.3951823683077,-0.1422453295208,-0.0498961824079,-0.2215229843165,0.9450496937322,0.2146097445103,0.2494305739868,0.2707425394667,0.0803646489583,0.1660993172544,-0.3074518108692,0.0157218161833,-0.0090823337654,0.0350671743371,-0.1300866452471,0.0451269881585,0.1084206191461,0.3804194500739,0.0428593586132
0.5384711693026,0.5936216309629,0.1984046428963,0.4366742701009,0.2519301397954,0.3938384908246,0.5441965647246,-0.0949478603307,0.5174216674025,-0.0705944897785,0.3371473473834,0.4290860768396,0.4643044131286,0.2949721047933,0.4509497071622,0.4329177545106,0.4043618233989,0.4878676718032,0.5428486383711,0.6490682564896,0.4461971653865,1.0000000000000,0.5332155306076,0.8586360648287,0.0078906653748,0.1919119325240,0.3878003334121,0.2480451625091,0.5374257794433,0.7319610746434,0.5873442059044,0.3148622328236,0.2444312877820,0.7450640489797,0.7010231816364,-0.0655186501145,0.5059214956712,-0.3500045500398,0.4671504874513,0.2690513697885,0.1691402149521,-0.0394813115625,-0.6132102315561,-0.1077099756224,-0.0634058474320,-0.3176884036117,0.3166260748758,0.2400082156307,0.0677706066549,-0.2885135889282,0.1980311874460,0.4539156875294,-0.0019893709856,-0.1025110502990,-0.3228900875865,0.4116262585173,0.3581191629668,0.4775186940153,0.4100514754916,-0.0677896899120,0.1222436415955,-0.3970882923409,0.0042211062224,-0.0944543810179,0.1171775475683,0.1679778907416,-0.1618077011060,0.1226569598455,0.3253620696866,0.3490724328340
0.4181547073160,0.6655257506019,0.1390783068172,0.6440463357771,0.2193158040799,0.2705217147559,0.3727416743639,-0.0484229719954,0.4219727933354,0.2187694873739,0.0118626440799,0.3430460299889,0.3068314292785,0.3702339107039,0.3597325192749,0.3818786787944,0.5201988719466,0.0955697957978,0.4138045452319,0.3921085386188,0.2769447212152,0.5332155306076,1.0000000000000,0.4815845606362,0.4275412912837,0.4019660419006,0.4736803274794,0.1000152875815,0.4127151771006,0.4920600785441,0.5274556797059,0.3274996780281,0.0892070028120,0.5403137350448,0.5451489222738,0.1581568701001,0.4954155042920,-0.2301986620262,0.6683875331119,0.0758301626607,0.3151294066552,0.0385987327728,-0.2465118435691,-0.0215025146408,0.2183956704714,-0.2490186264395,0.3989497269474,0.0788128198549,0.1938685600384,-0.1482340266431,0.1558729889046,0.5681807064353,-0.1148728790287,0.1247610955570,-0.0948862576324,0.1817946546099,0.1979602311719,0.8520497853991,0.2234024753295,0.4033199581109,0.3471061448869,0.0039806594336,0.1464326437496,0.0060985785700,0.1184384483398,0.3470954509975,-0.0167253271621,0.2551255121350,0.2733245250650,0.4280850377210
0.5438387326117,0.6308543807044,0.4147381381133,0.4665658022275,0.2120483772663,0.3629610332342,0.5613876442506,-0.0692513794100,0.5484602675059,-0.0784161834029,0.2512690510033,0.4506484951582,0.4174481529104,0.3456510253219,0.4666583026780,0.3955737633175,0.4415717653826,0.6158098313924,0.5705396567658,0.7077750912228,0.4151897760196,0.8586360648287,0.4815845606362,1.0000000000000,0.0041296985011,0.2733231370913,0.5277797574265,0.4729956182252,0.5318156715586,0.6883714906051,0.5962381517689,0.2984248709715,0.2785887398063,0.6398742748606,0.6774699738893,0.0248770733205,0.5212691070707,-0.1951139049302,0.4843929398673,0.1758294110330,0.2799204557381,0.0524125426212,-0.5248731452187,0.0428949600240,-0.0712447876109,-0.2784758207726,0.5176964503056,0.2156190967278,0.1386324922015,-0.1852737621627,0.2937273275886,0.5175350620615,0.1813414708932,0.0323817774469,-0.1898888098630,0.3641327194740,0.3521899821817,0.4331970243928,0.5245115446567,-0.0928982304261,0.1530176152080,-0.2206956064728,0.2131391754004,-0.1144577787772,0.0911598074282,0.2181963287299,-0.1323651516015,0.1528985280454,0.1953256037645,0.4334074864639
0.2046275494997,0.3055472315054,0.3229201824547,0.6034401612241,0.4455472632173,0.1996188999829,0.3160326506466,0.5136621082712,0.2890348066557,0.6952900991087,0.0188118943285,0.3454331586119,0.1009572509639,0.3936432690749,0.1487047596273,0.4225699078663,0.3319265792460,-0.0378594597072,0.1160109151726,0.0834769034069,0.1406613151214,0.0078906653748,0.4275412912837,0.0041296985011,1.0000000000000,0.5018362671738,0.4917221784332,0.0953899121344,0.3954612254888,0.0281486924725,0.3296820872826,0.4200799365380,0.0133614143785,0.0484719115067,0.2300848296860,0.1737637955810,0.2722617870682,0.1420112904865,0.5021273165495,0.2257971741555,0.2106600654256,0.0393029410345,0.1337310915172,-0.0779145025241,0.6630040272123,-0.2110963386907,0.1472303608741,0.0222206744648,0.3316908562451,-0.1708161632592,0.1464859106584,0.2122938782094,-0.2814796290320,-0.1782399276033,-0.2865039257560,0.0581389556404,-0.2191018033696,0.3413963794080,-0.2662836190950,0.8225567607890,0.3940641191658,0.0778397667223,0.2303390411916,-0.0005793485291,-0.2605666142204,0.0317060915401,0.1900848154996,0.1643533859457,-0.1525096874299,0.0113169976483
0.2937354811284,0.5017639250890,0.4316831266364,0.7272985195245,0.1344374367592,0.2602616860363,0.4231583485142,0.3587561033650,0.4802394411049,0.5374541283555,0.0143679563806,0.3615977541934,0.1857226688934,0.8064572020355,0.3855393793844,0.5186692474286,0.1903602476700,0.1753548628713,0.4951624880381,0.4021539722172,0.1506738671668,0.1919119325240,0.4019660419006,0.2733231370913,0.5018362671738,1.0000000000000,0.5984927942804,0.4516343689571,0.2028866609687,0.2743346674603,0.4025693265579,0.4561291863456,0.0032430518762,0.2543840147171,0.3945974832042,0.0793980291372,0.4046834310654,0.0698258078006,0.7249585212953,0.0060363653407,0.2314792859701,-0.0492728614779,-0.1032987592394,0.1224579016413,0.4921637070257,-0.3712687546030,0.4808876384549,-0.0525537002765,0.6803552533383,-0.1071946471267,0.1893207276262,0.1993400106287,-0.1748274023518,0.1054334473527,-0.2522934290451,0.0470654363886,-0.2226203018568,0.3162196128574,-0.1564476017023,0.3837095333562,0.7672197882011,-0.0492307835352,0.4837482482080,-0.2295765040902,-0.2826851634585,-0.0151421227692,0.0924070160324,0.2228321587567,-0.2056357531389,0.1316667151716
0.4964583770164,0.6810532171082,0.5927884586422,0.7151300953296,0.1853882546730,0.4153190873523,0.6279540651572,0.2468214623289,0.6927538476781,0.2152963370970,0.1297854912259,0.6577542756197,0.1800995212357,0.4853954204212,0.4390101984843,0.4720174319107,0.3296979846340,0.4598054952758,0.5573344736211,0.6340086945721,0.1863319806738,0.3878003334121,0.4736803274794,0.5277797574265,0.4917221784332,0.5984927942804,1.0000000000000,0.5295815824490,0.4216797889183,0.4372825093179,0.7426320260303,0.4313704189720,0.1286195412808,0.3887544404387,0.5761977170804,0.1919977056979,0.5513790916523,0.0018540290499,0.6573416227753,-0.0189053185799,0.3197583189680,-0.0021407301049,-0.3232309475091,0.0134585980674,0.1611309414961,-0.3795648896767,0.5501283501727,0.0077736586066,0.2210223258861,-0.2980956455880,0.0937071196678,0.2976588302221,0.0232977631270,-0.0010933295344,-0.2043845254109,0.0898074812965,-0.1563836862511,0.3169046326721,-0.0451468764540,0.2672905837469,0.3622278019259,0.1167699416774,0.3636310392356,-0.2496833307180,-0.2316869839326,0.1131712259294,-0.1516441490624,0.1432350646537,-0.1221103509580,0.3243859334367
0.3173464660436,0.3872636185188,0.6863878502074,0.3640038077878,-0.0731307317999,0.3624519326732,0.5006587356446,0.2071609162634,0.4616181641079,0.0774687156552,0.2230447613339,0.4070585773939,0.1625602001167,0.4558250864531,0.4418664865383,0.2026501491201,0.0655422740202,0.4967754160930,0.5432656435156,0.5454413093841,0.1467226427914,0.2480451625091,0.1000152875815,0.4729956182252,0.0953899121344,0.4516343689571,0.5295815824490,1.0000000000000,0.0366678956795,0.3333662393392,0.3666019227155,0.2659563244325,0.3582983418828,0.2674356289698,0.3562690196684,-0.1109528234684,0.3163891774911,0.1060345241236,0.3730315616649,-0.0646005714190,0.1708998810586,0.0287200851447,-0.2639322744275,0.1668144432503,0.0129426883410,-0.2588757516630,0.4741579248022,0.0913152434042,0.3099774804128,-0.0749795033089,0.1937380294599,0.0173581739576,0.0054187454274,0.0725542385240,-0.1044759824084,0.0963509696058,-0.1725311181191,0.0850850072342,-0.0170302120770,-0.1493296846243,0.2901380167574,-0.1467200048404,0.5969044318394,-0.4574767125435,-0.2373218145402,-0.1543155389783,-0.0492035743691,0.1342802499933,-0.1521961755205,0.1298427816080
0.3005701378206,0.3621480781703,0.2186537364257,0.4466204467774,0.4404976867371,0.1493125450402,0.4975884459196,0.1762007560335,0.4573776749981,0.1341570070259,0.1870655621120,0.2993991956255,0.3257314474679,0.1763080600744,0.2188458552402,0.4298770169780,0.4220518593532,0.3151236416012,0.2926697154546,0.4011192154685,0.3103405067435,0.5374257794433,0.4127151771006,0.5318156715586,0.3954612254888,0.2028866609687,0.4216797889183,0.0366678956795,1.0000000000000,0.3846018683067,0.5185842558685,0.3100871945036,0.0863985885451,0.4153749233453,0.4573749369732,-0.1050170806244,0.3501374888648,-0.2450083639235,0.4070387911699,0.2660213954661,0.1394327691845,-0.0170646038701,-0.3544794698513,-0.1410077370338,0.1196471229638,-0.2524292294374,0.1375389428658,0.1364931373911,-0.0099927484338,-0.4282548609864,0.1806278936627,0.4158845908082,-0.0746750927160,-0.2797511184461,-0.3475217089101,0.2265519732652,0.1327770506979,0.3927767299304,0.1913752024387,0.2479938610983,0.0315686676788,-0.2250863717871,-0.1564123939782,0.3501225108902,-0.1013649245568,0.1631553743558,-0.0544128078543,0.0624101935013,0.0616780825250,0.1293576772078
0.7288797901163,0.6779263036465,0.2539898404508,0.5440780662736,0.1033420361554,0.3666720583111,0.6425499923519,-0.0797844885859,0.5494117564114,-0.0644691092416,0.3000614492613,0.5036247922031,0.4685036115652,0.3378466453416,0.6735363930702,0.5031062504754,0.2381283013447,0.6245468987950,0.6522800454247,0.7939792109243,0.3795758821539,0.7319610746434,0.4920600785441,0.6883714906051,0.0281486924725,0.2743346674603,0.4372825093179,0.3333662393392,0.3846018683067,1.0000000000000,0.5590838339140,0.3417091096836,0.3274615739764,0.7843157407266,0.7996899737415,0.0614156986252,0.5726826320277,-0.3193424981590,0.6302868968243,0.1353400121501,0.1514531098794,-0.1173764493349,-0.6351929833374,-0.0668010870637,-0.0807483090381,-0.4725177806226,0.3970116976997,0.1974942496251,0.0984293754699,-0.1619063496781,0.1976914213503,0.2959013403258,0.0518727934494,-0.0224058686407,-0.2359913287485,0.3116497020902,0.0405898060752,0.4675483122882,0.1749667151608,-0.0898983347435,0.2763624594798,-0.3988145217644,0.0629221727198,-0.3111122563533,0.1446106470024,0.0724244273917,-0.2080142741181,0.1824808972349,0.2118505932013,0.3808216079784
0.5985093736889,0.6484819755143,0.4754564977379,0.6188603943214,0.0100696976315,0.4361460560792,0.5872306477975,0.1915913422541,0.7424807150800,-0.0650513287063,0.1396105000363,0.5405993367526,0.1291705068731,0.2971992542762,0.5129864863019,0.4498085909172,0.2123120779547,0.4512530001499,0.5999748875122,0.6769088538686,0.1247901201880,0.5873442059044,0.5274556797059,0.5962381517689,0.3296820872826,0.4025693265579,0.7426320260303,0.3666019227155,0.5185842558685,0.5590838339140,1.0000000000000,0.2103200666886,0.1944649665784,0.4982371072380,0.7282941673005,0.1213004824562,0.6644234320072,-0.0346533409011,0.6061193301363,-0.1074370033028,0.1932125834686,-0.1858539721445,-0.4257407017814,-0.0133728275878,-0.0397758439633,-0.5616607704226,0.3977165243914,-0.1060061668769,0.0127273411074,-0.2623849176631,0.0215822502929,0.2743118721480,0.0592099888205,0.0101072945387,-0.2326836215133,0.0570985603288,-0.1505647592604,0.4608806188609,-0.0574948013759,0.1767186411199,0.2995425716967,-0.0692072246955,0.2566194424333,-0.2446619773854,-0.2256454387364,0.3329536526718,-0.3669335312339,0.0464176932872,-0.0497496342009,0.3678655280139
0.2595750649964,0.3647661995067,0.3180663015257,0.4530802577891,0.4019970535907,0.3155514052258,0.5042579697802,0.2894760533550,0.3991444721502,0.4970523640171,0.1101042116367,0.5507415556004,0.3871538571119,0.6815839313891,0.2775483158798,0.5550333428060,0.3336145027635,0.1765002565684,0.3922912405339,0.3550338378572,0.3510321986978,0.3148622328236,0.3274996780281,0.2984248709715,0.4200799365380,0.4561291863456,0.4313704189720,0.2659563244325,0.3100871945036,0.3417091096836,0.2103200666886,1.0000000000000,0.2540408428238,0.3808306359565,0.2990832635807,0.0629149108564,0.1263264631110,-0.0415160132638,0.4352024642179,0.3250966027438,0.4754434301622,0.2195523710837,-0.1061364725976,-0.0210680830844,0.4298240308924,-0.1684002825382,0.4551008407993,0.3003725772987,0.5035685094090,-0.2229547701412,0.4371606448274,0.2782538109198,-0.2516541314711,-0.0904611376403,-0.2725799043302,0.2793754297453,0.0543872176033,0.2181628047613,0.0418262913700,0.3395105136712,0.2791290646140,-0.2388690199853,0.2543191708166,-0.0927724480009,-0.0531409424953,-0.0371543625809,0.3998808525728,0.5437263453757,0.1153856100856,0.1307173496830
0.1587972279988,0.1613881728284,0.1631597374517,0.0134409353122,0.0205260274597,0.4040680852036,0.3643526310464,-0.0772831824166,0.2140733362291,-0.1508335526639,0.1027001571019,0.1452894359179,0.1493938334338,0.0577845647713,0.1122426334290,0.0814561591023,-0.1088562017609,0.3933122186924,0.1850754662918,0.3140560781316,0.0665705518801,0.2444312877820,0.0892070028120,0.2785887398063,0.0133614143785,0.0032430518762,0.1286195412808,0.3582983418828,0.0863985885451,0.3274615739764,0.1944649665784,0.2540408428238,1.0000000000000,0.2071126599739,0.3681353082233,-0.1093746852486,0.1959710993023,-0.0970892405952,0.0497659157860,0.0885873903946,0.3042784530865,0.2321761003207,-0.2361475476659,0.0512908505152,-0.0458260536716,-0.2427566874374,0.1932889090701,0.2487567682605,-0.0601861748568,-0.1730900519901,0.4729629281315,-0.1366913413738,0.0340560291837,-0.1642775841737,-0.0514769310569,0.0708125166523,-0.0311955449612,0.1498625295274,0.0359217947736,-0.0740273789694,-0.1549855747029,-0.1951862993632,0.1288130328640,-0.2150632951686,0.0868653707916,0.0826678189665,0.0054532625075,0.2997094821330,-0.0230592115386,0.2445495226749
0.5702248196588,0.5729974262728,0.2229259932531,0.4850145790392,0.2347575372828,0.3647900992201,0.5623003347736,-0.0384722509394,0.5358545688028,0.0164889198228,0.3003714402179,0.3980652475483,0.5773555024336,0.3255545032531,0.5529287043337,0.4876439354876,0.3738038643018,0.3498708540505,0.5736397210731,0.6203133310180,0.4953699202946,0.7450640489797,0.5403137350448,0.6398742748606,0.0484719115067,0.2543840147171,0.3887544404387,0.2674356289698,0.4153749233453,0.7843157407266,0.4982371072380,0.3808306359565,0.2071126599739,1.0000000000000,0.6472088318946,0.0450895824204,0.3944678502473,-0.2778003691693,0.5523050609711,0.2562599524405,0.2111462843996,-0.0335136015796,-0.4883175120738,-0.0211735054533,0.0419461145596,-0.2793523999885,0.3808973662154,0.2912358502998,0.1359977008704,-0.1805180285849,0.2539575378261,0.4318602909716,-0.0284556123236,0.0708556659440,-0.2175988314611,0.4539084152588,0.2162504947011,0.4995682085529,0.2663873100396,0.0251809901467,0.2363503240676,-0.2903110113272,0.0888589509332,-0.1377546842318,0.1794409258395,0.1250825913589,-0.0534357375424,0.1817722096477,0.4917301831799,0.3947480785140
0.6706608506420,0.7568052607409,0.3098550319782,0.5994354399386,0.1114449513745,0.4762831364251,0.6516093393724,0.0057719699131,0.6005110188871,-0.0024352355830,0.2254219814396,0.5381823955511,0.3071450888475,0.3299227433023,0.5057242387171,0.5463009951925,0.2151892017949,0.6346818040152,0.5848161634775,0.7661690056751,0.2783404095714,0.7010231816364,0.5451489222738,0.6774699738893,0.2300848296860,0.3945974832042,0.5761977170804,0.3562690196684,0.4573749369732,0.7996899737415,0.7282941673005,0.2990832635807,0.3681353082233,0.6472088318946,1.0000000000000,0.0687192050337,0.7489107812901,-0.2099029976986,0.6497516272363,0.0540147001775,0.2367554029333,-0.0845524521071,-0.5677842450810,-0.0261403888207,-0.0091794655884,-0.5636601963437,0.3961628533119,0.0811069767441,0.0612314792930,-0.2695019800467,0.2265121595006,0.2387405663073,0.1400882656835,-0.0832572378883,-0.2422745593471,0.2019481077345,-0.0579772974797,0.4784628431606,0.0597780194413,0.0759050136235,0.3086344725216,-0.2704368447123,0.1223743245646,-0.3618504679518,0.0091487136109,0.2337220955940,-0.3246888013607,0.1262909062646,0.0475679028803,0.5036223154075
