1.0000000000000,0.1623021430746,0.4345367941065,0.3434267294507,-0.0691414001857,-0.0075284570113,0.1794697881542,0.5791521062713,0.2569672679177,0.2649446097167,0.1940187380287,0.4228430680644,0.1189240284804,0.2642651630906,0.7137954657722,0.1956440074494,0.1714763695800,0.6416251692772,0.4792596995907,0.5891952986241,0.2622780963578,0.3313426820419,0.3146580112942,0.3267112947087,0.3052883577743,0.0763793693316,0.1459699067310,0.3723047461995,0.2927238882136,0.6897471585466,0.5035197365868,-0.0750809487005,-0.0750165356653,0.2797715438307,0.4088000406118,0.7526512792792,0.1277589523693,-0.0201331818764,0.3575120614686,-0.0141504238798,-0.0573132962882,0.0158755612845,0.3274566383558,0.1459808431303,0.3459714182179,0.1137856155011,0.2586139128883,0.0895532963742,0.2580847836070,0.5310947092439,0.1183895958731,0.1177866937757,0.2988910515012,0.1184930581545,0.1380893937679,0.1394968837881,0.1232689492570,0.2829367182698,0.1305612003373,0.1512566505426,0.0220442036167,-0.1949169334531,0.2457956506560,0.1619844373818,0.2786352300696,0.1103115907184,0.0639457255294,-0.0351939044943,0.0091310805220,0.2889479124823
0.1623021430746,1.0000000000000,0.2647012344224,0.7025898529931,0.2826116328874,0.1948137185480,0.1266329644413,0.3715193689737,0.1512321124174,0.3347103146649,0.1030813650947,0.3498955197977,0.2857076910911,0.3969327636967,0.1759922566818,0.3490806430737,0.4990300952815,0.3544404216879,0.2215359177593,0.3730500354257,0.3707235908870,0.6357518467186,0.7151529161547,0.4945119906016,0.5172263252847,0.5790166110807,0.5711581011196,0.4216730544659,0.4888254866874,0.5025083687990,0.6843978421342,0.1930888689854,0.1162558033188,0.5874820551526,0.6808437240801,0.2060696031590,0.7943355399962,-0.1103499397669,0.5926881108188,0.2979954331228,0.1797173126153,-0.0477936664551,-0.0557303987548,0.0179462540995,0.2483464805505,-0.0567151224592,0.2561848831017,0.2993667337746,0.3297724129087,-0.0804169557775,0.1769863508618,0.4220529662263,0.1015944428475,0.1280862718779,-0.0725389162591,0.2660140265574,0.3915367176767,0.5913890838619,0.2937223227759,0.4828853981787,0.5655073549970,0.1335491034421,0.3045678234418,0.4027497121232,0.2417513149154,0.2970963412689,0.3343620450206,0.1133025550244,0.5383511580467,0.6052911573090
0.4345367941065,0.2647012344224,1.0000000000000,0.4702515229176,-0.0968435394760,0.0665801479625,-0.0127218689773,0.6354903930016,0.2191979580346,0.2015563482521,0.0423839470987,0.5535876485009,-0.0234501867939,0.2958724911130,0.4469107615377,0.2680098668757,0.3767525923365,0.7378846672597,0.4644526520758,0.5830872090408,0.2068433702754,0.3764428819507,0.3795233118979,0.6093997831520,0.2794287347026,0.3705067643014,0.5214907195252,0.8068831969058,0.3337816418233,0.3842262205018,0.5078916720148,-0.1719073395852,-0.0596864150589,0.1179532105065,0.4722444757308,0.2402564353978,0.2851202067461,0.4470734588452,0.5061235093465,-0.0686426975763,-0.0582574848191,-0.2279502534008,0.2171889532077,0.0835860047620,0.1780188784877,-0.1119206959545,0.3214660503076,-0.0384060194180,0.4221544510245,0.1925557717831,0.1330605878117,0.2637211800693,0.3120312590715,0.1427811405213,0.0170698960599,0.0107393835071,0.0333602812805,0.3170040763366,0.2527063657612,0.1453614961083,0.3194317270764,0.0802602618544,0.6800087234718,0.2315963461754,-0.1751427179112,-0.0330216409498,-0.0866270248022,-0.0759136183050,-0.0796771143496,0.3412139236025
0.3434267294507,0.7025898529931,0.4702515229176,1.0000000000000,0.2699581312383,0.2073757123055,0.2443034084419,0.5966990980012,0.3264014629760,0.5391282541351,0.1933876267760,0.5259807525129,0.2789856548001,0.4588316700436,0.4494232657825,0.5441579047523,0.4045995861655,0.4894611517163,0.4278449109576,0.5759329999095,0.4181842896818,0.4781247693130,0.6816132705612,0.4315331421270,0.6196187574804,0.7174124288443,0.6402050376743,0.5079724495873,0.4257777128052,0.5808977617793,0.6580483139025,0.0560550649927,0.0110939157301,0.5548484800578,0.7111613190566,0.2903301972406,0.6041517534330,0.0630569888895,0.8814637407761,0.2173664224054,0.1570861540310,-0.0016264384738,0.1079416429765,0.1428689460839,0.5393606780131,-0.0173128773763,0.4451489463128,0.2887080245283,0.5431143946162,0.0858772968276,0.3140784588935,0.2969884857269,0.1665841562774,0.1968856777818,-0.0419409757731,0.2216915969172,0.1373245056931,0.5407576887006,0.1307389668742,0.5420473379372,0.6286543834645,0.2093340211663,0.4322984340894,0.2958366537430,0.0193096411486,0.0715087372464,0.2202296785957,0.0833226803515,0.3715872897192,0.6548259285065
-0.0691414001857,0.2826116328874,-0.0968435394760,0.2699581312383,1.0000000000000,-0.0239265192649,0.2218922981162,0.0919031783329,0.0407961632183,0.5332916104136,0.2806732796103,0.0477326104147,0.7646448484278,0.2769972639614,-0.0470615230618,0.3214741091797,0.3688563472193,-0.0898974496167,-0.0991030433234,0.0260948068807,0.7261447157620,0.3830425250920,0.2450998598883,0.1644387877390,0.6014608886756,0.2356986572749,0.1333957326582,0.0452316462867,0.5866247004184,0.1804427250138,0.2147885521111,0.3071862121317,0.0310312152119,0.2997951676629,0.0868902892989,0.0517961592707,0.1400143107891,-0.2731180889183,0.1217134001050,0.9128047329920,0.0589603804005,0.1194861403962,-0.1539451340869,-0.0253485432149,0.3148234284983,0.1098210327902,0.0486257250347,0.7368430924079,0.1531380940144,-0.2551251011080,0.2812882372857,0.3402573387073,-0.1773059971246,-0.0188148153096,-0.3278408812199,0.6666748151537,0.3096052755678,0.2853906261787,0.1245860528333,0.6224365244865,0.1089008781132,-0.0693615683208,-0.1053301141610,0.5256183189433,0.1258077026591,0.0339140768620,0.4029652322244,-0.0083838370594,0.2816308850999,0.0557389269821
-0.0075284570113,0.1948137185480,0.0665801479625,0.2073757123055,-0.0239265192649,1.0000000000000,0.3947776297781,0.1099387108558,0.5160919528109,0.0402917088894,0.2001696049199,0.1161298797406,-0.0173187022332,0.1693580692644,0.2329813042545,0.3692196103495,-0.1530467092551,-0.0525381160707,0.1260004687996,-0.0304941042980,-0.0773004317251,-0.0197032230763,0.0135368171516,-0.1560536297298,0.0274489684695,0.0647688863309,0.2715866975949,0.0750505816317,-0.0260578944383,0.1949886867425,0.0899287281139,-0.0490575030173,0.6696352905032,0.1391391461740,0.1391330606710,-0.0700236682339,0.0508268768983,0.0260232883582,0.1888319811959,-0.0071011806044,0.7293319076826,0.4236212333634,-0.0748214904264,0.5305972759113,0.0415438027510,0.1361829030202,0.1072977867474,-0.0007638022175,0.1338249343619,0.2700348179688,0.2898947403709,-0.1977982033935,-0.3148692522449,0.0558943733280,-0.2001718823614,-0.0412865523289,-0.2095221696324,-0.1340465937352,-0.3214722942115,0.0321827507650,0.0529207150543,0.0463504769029,0.0123052021311,-0.0654743694525,0.1427618254298,-0.1903887647456,-0.0273135473449,0.6573301101768,0.1596813347876,0.0878505761944
0.1794697881542,0.1266329644413,-0.0127218689773,0.2443034084419,0.2218922981162,0.3947776297781,1.0000000000000,0.2535168308774,0.7437874818841,0.1725216300468,0.8031337339974,0.2493697948993,0.4996775150822,0.3380869200105,0.4143895548387,0.4762579829791,-0.1202684743201,-0.0054433199285,0.3241322243426,0.1062113418394,0.2662422237283,0.0436554091487,-0.0743033078483,-0.1597955886403,0.1831959869769,0.0451500045235,0.1015902447246,-0.0007645216417,0.2783808442532,0.2981549919276,0.1509226557252,-0.0769617533098,0.2519030387617,0.1391482961494,0.0499655540347,-0.0007844585730,-0.0933446238680,-0.2041433867543,0.1651478948474,0.3040314357833,0.4183587084634,0.8404997521670,-0.0430237805274,0.5324138140289,0.1513038151191,0.7085114470795,0.2798167309519,0.5156855520724,0.2642153793194,0.1711787800169,0.3869487531238,-0.1825165539495,-0.2814189467468,0.1756900252249,-0.3259308194333,0.3933314401287,-0.1900812423746,-0.1292990391919,-0.3386686770943,0.1198733178426,-0.1161439395989,-0.2336481593165,-0.1726533583571,0.2243667402850,0.0824890849192,-0.2555605972547,0.0549601748371,0.2903226803840,0.0011728797882,-0.0340413683609
0.5791521062713,0.3715193689737,0.6354903930016,0.5966990980012,0.0919031783329,0.1099387108558,0.2535168308774,1.0000000000000,0.3222982168603,0.4832925486431,0.2295936695844,0.4438966060046,0.2011060212884,0.3963407817043,0.5548383666149,0.4640977793450,0.2966259467359,0.6830246348845,0.4959529707503,0.6468382663439,0.3663106639988,0.3520762982978,0.4746241900986,0.4189910025236,0.5779103839801,0.3987574010519,0.5224657794917,0.5040736845799,0.4813980782919,0.5527131382733,0.6666384499611,0.0603177670482,0.0201590690233,0.2879374401411,0.5085303080339,0.3781525555271,0.3347005927650,0.0956727248551,0.5648257618997,0.1513843716808,-0.0065056043122,-0.0430166520194,0.5337688074463,0.1208228055872,0.5158776344657,0.0738754436811,0.2647938422537,0.1827309884629,0.3861446846191,0.2278746429291,0.2387523146938,0.2103838786171,0.2516901379296,0.1209220781974,-0.0531033654343,0.2301537437949,-0.0034899654208,0.3354569176948,0.0556856652907,0.4217753690544,0.2866793558665,0.0785601297614,0.3248548806971,0.3474873933933,-0.0223224873279,-0.0376572502842,0.0773111545827,-0.0232054549343,0.0912108966555,0.3846828905094
0.2569672679177,0.1512321124174,0.2191979580346,0.3264014629760,0.0407961632183,0.5160919528109,0.7437874818841,0.3222982168603,1.0000000000000,0.0728562653877,0.6086928903437,0.3804256373198,0.1628891193336,0.3565141693341,0.6661581796035,0.4191057244685,-0.1283803706735,0.1446785904225,0.4861593132862,0.1864200524056,0.1112720640800,0.0394065790060,-0.0205791334523,-0.0384387315109,0.0522126925528,0.1267863537318,0.2311171909602,0.1693321217875,0.1987262966500,0.3876623202945,0.2260138207902,-0.2484050569597,0.3037435750891,0.1822433691076,0.1858919034879,0.0614757093525,-0.0330568821887,0.0644448579911,0.3044366637678,0.0604054583173,0.5403011589898,0.6027179620152,-0.0058529899734,0.6903017507443,0.0507718460323,0.4526723934896,0.4067412873439,0.1816048391297,0.3198802776483,0.3080425158414,0.3476573146282,-0.2130079654810,-0.1265930119861,0.2312400966777,-0.2709022069811,0.1232039112424,-0.2313054606708,-0.1208417069296,-0.2529799651543,-0.0417794260596,-0.0245885979531,-0.0604662513609,0.0347482798758,0.1043117669291,0.0185897706969,-0.1856486851349,-0.1437030700276,0.4080736126188,0.0023808540967,0.1239365447754
0.2649446097167,0.3347103146649,0.2015563482521,0.5391282541351,0.5332916104136,0.0402917088894,0.1725216300468,0.4832925486431,0.0728562653877,1.0000000000000,0.1732468805658,0.2399744060553,0.5636563249660,0.4277814548524,0.2252216469834,0.5042432594303,0.3382586103791,0.1847274035139,0.0810044989030,0.2135151622683,0.6099492648870,0.3766259487245,0.4297795039752,0.2149597814040,0.7923169453009,0.3416118587446,0.2454690799047,0.2279371525073,0.4515052836581,0.3990851154105,0.3561402675298,0.3115156429793,0.0395850252707,0.3354483744974,0.2896239512915,0.2216699541077,0.2948712151012,-0.1421299398022,0.4531395209342,0.5273800314429,0.0779463968753,0.0085827839669,0.2153746655398,-0.0218224856215,0.8184105150814,-0.0143466012642,0.1869299907721,0.5327385314247,0.3822279174501,0.0021646495095,0.4136324401395,0.2688782377869,-0.0125602166519,0.0385983256489,-0.1825807875596,0.5297768012083,0.1840124791376,0.3898483850349,0.0312785923719,0.7044582206905,0.2845036229181,0.0059798840162,0.0900812303249,0.3049643554153,0.1535011205207,-0.0285665409019,0.3407864738073,0.1108075782033,0.3768841150622,0.2294732098354
0.1940187380287,0.1030813650947,0.0423839470987,0.1933876267760,0.2806732796103,0.2001696049199,0.8031337339974,0.2295936695844,0.6086928903437,0.1732468805658,1.0000000000000,0.3376765343561,0.5059179436081,0.4790847930080,0.3881174861032,0.3006831577655,0.0348369274981,0.0264681117938,0.3749394402101,0.1351189017615,0.4093108781255,0.1695792234703,-0.0804387363015,-0.0210192090114,0.2240844799054,0.0139800609302,0.0826577045383,0.1208448678718,0.3929458375401,0.2977487515224,0.1258458488862,-0.1120449030008,0.0730115832476,0.0771906744325,-0.0410334653373,0.0472220401196,-0.1423720442576,-0.1494608091159,0.0806181298114,0.4186796713433,0.2461833907407,0.7018175364503,-0.0472084781508,0.4219986680279,0.1292676827643,0.8717306922087,0.3444536465956,0.5368257675992,0.3790802993192,0.0998084947179,0.1927822351624,-0.0191605537385,-0.2625354508040,0.2250680128684,-0.3988042303149,0.5545701437062,-0.0292116013749,-0.0576889221351,-0.1600750514336,0.1700743234798,-0.1723124860274,-0.2187466305241,-0.0445765067349,0.3696310079471,0.0456740284442,-0.1971323601108,0.1446609892533,0.1092521902915,-0.0916423644614,-0.1215180870303
0.4228430680644,0.3498955197977,0.5535876485009,0.5259807525129,0.0477326104147,0.1161298797406,0.2493697948993,0.4438966060046,0.3804256373198,0.2399744060553,0.3376765343561,1.0000000000000,0.1570287327615,0.7342527625267,0.5538611643957,0.3959808060641,0.3131339658678,0.5738595224652,0.6295003573669,0.5648366043170,0.2942365771453,0.4521103259227,0.2543887204854,0.4880233139978,0.3027084411007,0.4545560178075,0.4418742458330,0.6428515983055,0.4056093642625,0.5719752789294,0.4897791303219,-0.1062799103315,-0.0276404112640,0.2739307200318,0.4902849109923,0.2591442282862,0.2232892061001,0.0998785193617,0.4917496476735,0.0598737190074,0.0368638431666,0.0778561076515,-0.0691794808207,0.1655813815649,0.1574953994761,0.1892431229789,0.7811900460315,0.1747494972776,0.7937426734434,0.2210068056365,0.2117492329514,0.1933665106689,0.1984818219071,0.3204948077798,-0.0832078030723,0.1666007786173,0.1080828525489,0.2468491987009,0.2004981243190,0.1331498435115,0.3125523732223,-0.1053835132333,0.4892787884947,0.3028798205275,0.0407255630232,-0.0089951153970,0.1293590577484,0.0150532475813,0.0130669207529,0.4022382077575
0.1189240284804,0.2857076910911,-0.0234501867939,0.2789856548001,0.7646448484278,-0.0173187022332,0.4996775150822,0.2011060212884,0.1628891193336,0.5636563249660,0.5059179436081,0.1570287327615,1.0000000000000,0.3495320342728,0.0802926243552,0.3692617432680,0.3018391939342,-0.0041466252743,0.0709803175587,0.1223574179178,0.8190359523847,0.4297119206301,0.1896104787107,0.1572293288191,0.5339817447976,0.1080048854039,0.0932677881696,0.0611146328043,0.6187396972564,0.3360202878222,0.3117143367088,0.2444978144564,0.0101872635024,0.2659127643925,0.0827123562875,0.1064882622685,0.1128714655112,-0.3677627548360,0.1469187145110,0.8368895007900,0.0287251347011,0.3425277241962,-0.1296931816424,0.0117909497959,0.3103252692164,0.3392762222649,0.0915853331235,0.9368287937494,0.1985795314299,-0.1701032979840,0.3137359152754,0.2643358832877,-0.2358175891827,0.0456979055299,-0.3792526788108,0.8190330330084,0.2857592645833,0.2252868829592,0.0408790405788,0.4950187252080,-0.0136251097181,-0.2448690655012,-0.1672009177135,0.5432961356318,0.2481079806033,0.0321186357831,0.3633899454191,-0.0069456061064,0.2632530738720,0.0034026069496
0.2642651630906,0.3969327636967,0.2958724911130,0.4588316700436,0.2769972639614,0.1693580692644,0.3380869200105,0.3963407817043,0.3565141693341,0.4277814548524,0.4790847930080,0.7342527625267,0.3495320342728,1.0000000000000,0.4704941493868,0.4121107028553,0.3698532027606,0.3264871089688,0.4604356780250,0.3681998207910,0.3906998348052,0.4916216936706,0.2764440156468,0.3565548764042,0.4758336628823,0.4168164440680,0.3707543666803,0.4646563804658,0.4752813751038,0.4971144037394,0.3860681292747,0.1387881030537,0.1423669501918,0.3411783778318,0.3340660454551,0.1810701058551,0.2145499488780,-0.0290881911619,0.3717572834520,0.3142124639875,0.1920766593325,0.1537244448676,-0.0341382580145,0.0609498025329,0.2743378451607,0.2491018887295,0.6655900598462,0.3665090963199,0.7278909967209,-0.0309319212972,0.2092849337515,0.2714758869428,-0.0635319849772,0.1891073251556,-0.3862825240142,0.3726983263771,0.1988957682681,0.2596207637225,0.1281550788485,0.3634001857165,0.2184823633512,-0.0776169977265,0.2901603148306,0.3986244897650,0.0758408660966,-0.0140395769571,0.4744326139411,0.1396200571977,0.1596744713442,0.2544263288527
0.7137954657722,0.1759922566818,0.4469107615377,0.4494232657825,-0.0470615230618,0.2329813042545,0.4143895548387,0.5548383666149,0.6661581796035,0.2252216469834,0.3881174861032,0.5538611643957,0.0802926243552,0.4704941493868,1.0000000000000,0.4050936942362,0.0259794425144,0.4686710227234,0.7120713050103,0.4795920243530,0.2009189188521,0.1677565681802,0.1709229686085,0.1772672121525,0.2367845081288,0.2465593537109,0.2523692404498,0.3961910678231,0.2074275977798,0.6657381515494,0.3529808527332,-0.2263922522330,0.0535990506885,0.2922871609444,0.3728622430221,0.4519182861634,0.0673697281993,0.1702658018841,0.4736517140722,-0.0285747274733,0.1970082856900,0.2160612526992,0.2217084401419,0.3625669101169,0.2839326573953,0.1983270443354,0.4660934265656,0.0724899062469,0.4436209742546,0.5167755112240,0.2813872706846,-0.0715622199974,0.0968197059254,0.2666164910494,-0.0807047065460,0.1012503949813,-0.1437876509840,0.0873130111944,-0.0903789404290,0.0787540341161,0.1019448450383,-0.1044137297968,0.2936568093715,0.0879932950525,0.0843740462703,-0.1335457230837,-0.0607470509555,0.1992338639369,0.0235992388096,0.3081296993448
0.1956440074494,0.3490806430737,0.2680098668757,0.5441579047523,0.3214741091797,0.3692196103495,0.4762579829791,0.4640977793450,0.4191057244685,0.5042432594303,0.3006831577655,0.3959808060641,0.3692617432680,0.4121107028553,0.4050936942362,1.0000000000000,0.2053179961533,0.2304790943459,0.2863037215384,0.2701146345146,0.3746137027679,0.2514792713982,0.3047099493878,0.1918198739548,0.5140447885410,0.5099847817899,0.2878788832768,0.2801381425359,0.3523662167072,0.4174330014264,0.3818166573431,-0.0187064345110,0.2605623635804,0.3473889703042,0.4779476816910,0.1512127892244,0.3033502647239,-0.0632699176976,0.5460843451091,0.2682233440768,0.3585731446380,0.2867101517677,0.0647404708357,0.3325573147532,0.4956719066153,0.1922332966840,0.3522117194862,0.3747349568418,0.3988188640794,0.1393615189879,0.7117756912570,0.1052174022827,-0.0201234113219,0.0512684539534,-0.2359612804468,0.2528720490090,-0.1067724480959,0.2405997661188,-0.1167319335923,0.4224621150009,0.3701707185078,-0.1248610980177,0.1409023038673,0.2460241299569,-0.0285686555507,-0.1223276760993,0.0615783656166,0.2888373107563,0.2538395186814,0.4537260313345
0.1714763695800,0.4990300952815,0.3767525923365,0.4045995861655,0.3688563472193,-0.1530467092551,-0.1202684743201,0.2966259467359,-0.1283803706735,0.3382586103791,0.0348369274981,0.3131339658678,0.3018391939342,0.3698532027606,0.0259794425144,0.2053179961533,1.0000000000000,0.4032683745113,-0.0117704529458,0.2553678096134,0.4839003950005,0.8054819779748,0.6815339528256,0.8274261425072,0.5983569089914,0.4530302960631,0.3652289838181,0.5341474324763,0.6176271297274,0.2986198870811,0.5438015507288,0.1644014513607,-0.1102863114885,0.2551421932038,0.4376365328726,0.3242049637904,0.5471156233256,-0.0397387227801,0.3345647364757,0.3599149396036,-0.1429118630249,-0.2797051168400,-0.0127974374893,-0.1423207129174,0.2203152558459,-0.1392971894763,0.1452666439833,0.2984277834531,0.3585217100297,-0.2132091984697,0.0825391221413,0.9522670268797,0.2487087313477,-0.0336982093129,-0.1129261942060,0.2892510946154,0.7109382478360,0.7474969378780,0.7376411936285,0.5826156074418,0.3989923870133,0.1034052604655,0.4018342910376,0.5796174258460,0.0339488293325,0.4200274486865,0.2418864562829,-0.2077706417008,0.2069380638499,0.3441049655390
0.6416251692772,0.3544404216879,0.7378846672597,0.4894611517163,-0.0898974496167,-0.0525381160707,-0.0054433199285,0.6830246348845,0.1446785904225,0.1847274035139,0.0264681117938,0.5738595224652,-0.0041466252743,0.3264871089688,0.4686710227234,0.2304790943459,0.4032683745113,1.0000000000000,0.4899737199258,0.8409301630946,0.2520342098804,0.4653305559938,0.4674144574212,0.6823033515737,0.3101210465272,0.3587380186974,0.4926334513969,0.6867323339616,0.4070240234051,0.5329688905738,0.7097216044545,-0.1046230492277,-0.1281979286162,0.2247825052017,0.6229074251601,0.4298336446289,0.3941726003388,0.2209567238421,0.5112117564798,-0.0651994514084,-0.1370942213815,-0.2647347483239,0.2560311705337,-0.0291017406323,0.1931806112499,-0.1427022020777,0.3318700483079,-0.0267800326874,0.3280854423350,0.1186151435231,0.0656362965628,0.3462689023965,0.5935411212107,0.0152089986507,0.0952733745443,0.0396318639816,0.2004540854652,0.4188290591450,0.3997642285140,0.1678308990414,0.2519503807322,-0.0048163828585,0.5162711763377,0.2906822071034,-0.0921842936983,0.1856683872212,0.0467531483570,-0.1768593233384,-0.0600261789837,0.4754469928948
0.4792596995907,0.2215359177593,0.4644526520758,0.4278449109576,-0.0991030433234,0.1260004687996,0.3241322243426,0.4959529707503,0.4861593132862,0.0810044989030,0.3749394402101,0.6295003573669,0.0709803175587,0.4604356780250,0.7120713050103,0.2863037215384,-0.0117704529458,0.4899737199258,1.0000000000000,0.6376129726339,0.1488713190118,0.1101160099756,0.0941252454089,0.1220329143289,0.0948935777144,0.2126116471924,0.3339359583421,0.4118148794655,0.1813005750299,0.5571955752513,0.2940424151741,-0.2329517619758,-0.0849403922547,0.2707233260395,0.3391446314242,0.2508779326721,0.0365079145196,0.1626667027018,0.4139140890547,-0.0394270454176,0.0920967532528,0.1833953516290,0.1638256614152,0.2346529055026,0.1481503944818,0.2741808089218,0.4988444173798,0.0772874658181,0.4496731519150,0.3560646636462,0.0731817220938,-0.1039073872418,0.0688079858438,0.5296368603315,-0.0330663178939,0.1207828068371,-0.1606021614982,0.0213964043766,-0.1356824901624,-0.0245631530205,0.0651607734232,-0.0699624917135,0.2806250776207,0.1031041266810,0.0780715028249,-0.1715467499637,0.0558074262598,0.0435214950294,-0.0166712918876,0.2606778675400
0.5891952986241,0.3730500354257,0.5830872090408,0.5759329999095,0.0260948068807,-0.0304941042980,0.1062113418394,0.6468382663439,0.1864200524056,0.2135151622683,0.1351189017615,0.5648366043170,0.1223574179178,0.3681998207910,0.4795920243530,0.2701146345146,0.2553678096134,0.8409301630946,0.6376129726339,1.0000000000000,0.3203258194332,0.3597247871888,0.4366039492185,0.4544352675002,0.3268825505482,0.4046441382134,0.4931123164134,0.5358008193933,0.3464363062731,0.6119513990964,0.6272999893478,-0.0583743939828,-0.1468400989666,0.4322830494837,0.6168895203885,0.4043910460188,0.3078541712931,0.1562704491316,0.5401386375202,0.0417487222699,-0.0998151584459,-0.1468324779414,0.2263469596506,-0.0303807104289,0.2529663787299,-0.0225540203773,0.3933865541541,0.1074613836918,0.3540960587704,0.0910889097851,0.0683911916538,0.1956498953946,0.4302818996130,0.1314245775920,0.0962414717437,0.1520965278827,0.0832846503486,0.3623173133053,0.1873499516877,0.2186016516118,0.2379710153909,0.0268851961754,0.4006695932084,0.2462027775602,-0.0315133014328,0.0665409841627,0.2248710731345,-0.1869296640456,0.0023345252698,0.5081503443610
0.2622780963578,0.3707235908870,0.2068433702754,0.4181842896818,0.7261447157620,-0.0773004317251,0.2662422237283,0.3663106639988,0.1112720640800,0.6099492648870,0.4093108781255,0.2942365771453,0.8190359523847,0.3906998348052,0.2009189188521,0.3746137027679,0.4839003950005,0.2520342098804,0.1488713190118,0.3203258194332,1.0000000000000,0.5591191465654,0.3748561891324,0.4106873612751,0.6564523057089,0.2694926735966,0.1998380814333,0.2740846608582,0.6652451723826,0.4334055706778,0.4705611053653,0.1419316317297,-0.0905236110683,0.3339438883306,0.2729160257470,0.2569154113706,0.2771588126193,-0.2057674599043,0.3091606714188,0.7757463799954,-0.0404594114257,0.0923095843133,-0.0137979256428,-0.0402766732324,0.4249445693022,0.2014938125738,0.1557190063403,0.7669882453740,0.2998949572289,-0.1508439305966,0.3059819940686,0.4464017292202,0.0020327338758,-0.0072093786022,-0.3200231151663,0.8485607262926,0.3693339381533,0.4530132775952,0.2655944909057,0.6214562484990,0.1209288391753,-0.1616204378841,0.0843108806651,0.5631206154235,0.1052588981874,0.1261775331148,0.3040635626748,-0.0853890915548,0.2284023723448,0.2069350572964
0.3313426820419,0.6357518467186,0.3764428819507,0.4781247693130,0.3830425250920,-0.0197032230763,0.0436554091487,0.3520762982978,0.0394065790060,0.3766259487245,0.1695792234703,0.4521103259227,0.4297119206301,0.4916216936706,0.1677565681802,0.2514792713982,0.8054819779748,0.4653305559938,0.1101160099756,0.3597247871888,0.5591191465654,1.0000000000000,0.6393335497774,0.8007779258677,0.5685124341521,0.3893410256758,0.3740206162192,0.5852678100695,0.7456157728265,0.4871003884289,0.7060592156243,0.1978471620717,-0.0250200399676,0.3796392399224,0.5075464365142,0.3437299625060,0.5437176721651,-0.1270455571498,0.3752722767700,0.4446270610906,-0.0645150112884,-0.1422269689183,-0.1303677942094,-0.0771222904965,0.1804576730573,-0.0497962137123,0.2551490641055,0.4248968517844,0.4352335084055,-0.1372074414583,0.0930484357002,0.7384813498553,0.1721048082159,0.0206901357504,-0.1645841071808,0.4260703913187,0.7859974803312,0.6600140798052,0.6749457934652,0.4796201729460,0.3255840106232,-0.0624607583699,0.3966627796594,0.6742816284283,0.2462476035926,0.4176002433409,0.3638962939302,-0.1100904090717,0.3069814369218,0.3625632916095
0.3146580112942,0.7151529161547,0.3795233118979,0.6816132705612,0.2450998598883,0.0135368171516,-0.0743033078483,0.4746241900986,-0.0205791334523,0.4297795039752,-0.0804387363015,0.2543887204854,0.1896104787107,0.2764440156468,0.1709229686085,0.3047099493878,0.6815339528256,0.4674144574212,0.0941252454089,0.4366039492185,0.3748561891324,0.6393335497774,1.0000000000000,0.6282175427242,0.6359217689793,0.5834799344618,0.4705538929522,0.4484177990766,0.4566963813543,0.4526403311114,0.6991386149316,0.1751549557178,-0.0190641160184,0.5409752333654,0.6609119219031,0.4103234283954,0.7489670036276,-0.0359066505560,0.5979263582258,0.2208578622517,-0.0008490671738,-0.2947705394635,0.1733725455245,-0.0861648440267,0.4460483679589,-0.2398931427148,0.1407976471457,0.1953566451541,0.2623547792338,-0.0774940536702,0.1368236882925,0.6498203116215,0.3101200846474,-0.0066488360649,0.0650517940034,0.1877050330487,0.5035351412450,0.8773541149153,0.4939497243052,0.6072711110977,0.5629954895498,0.2047628501210,0.3602267305741,0.3713531937512,0.1136968383083,0.4364492877080,0.2588232750633,-0.0818861747078,0.4306699847138,0.6059172842862
0.3267112947087,0.4945119906016,0.6093997831520,0.4315331421270,0.1644387877390,-0.1560536297298,-0.1597955886403,0.4189910025236,-0.0384387315109,0.2149597814040,-0.0210192090114,0.4880233139978,0.1572293288191,0.3565548764042,0.1772672121525,0.1918198739548,0.8274261425072,0.6823033515737,0.1220329143289,0.4544352675002,0.4106873612751,0.8007779258677,0.6282175427242,1.0000000000000,0.4389581441016,0.4494440167257,0.4163150230090,0.7161073978670,0.6122554117168,0.3778379010512,0.7145307691878,0.0247070439920,-0.1531417493247,0.2207915579793,0.5574889598829,0.3366051966052,0.5494731110472,0.0779423800788,0.4117707262777,0.1588101002309,-0.2172927839630,-0.3831066962762,-0.0386810285395,-0.1476846340867,0.1006233326198,-0.2056450947006,0.2198448370886,0.1512135128601,0.3655973260451,-0.1323959663699,0.0740568869803,0.7685732656757,0.4461226750875,-0.1048632490222,-0.0656243310448,0.1543662197215,0.6113041867449,0.6687202808414,0.8064645516805,0.3304266303500,0.3648003291729,-0.0225875562765,0.5413583122922,0.5478603938835,-0.0624962044154,0.4345898010019,0.0853207257935,-0.2401208626868,0.0866740667746,0.4474450247008
0.3052883577743,0.5172263252847,0.2794287347026,0.6196187574804,0.6014608886756,0.0274489684695,0.1831959869769,0.5779103839801,0.0522126925528,0.7923169453009,0.2240844799054,0.3027084411007,0.5339817447976,0.4758336628823,0.2367845081288,0.5140447885410,0.5983569089914,0.3101210465272,0.0948935777144,0.3268825505482,0.6564523057089,0.5685124341521,0.6359217689793,0.4389581441016,1.0000000000000,0.5044679560626,0.4462999847809,0.4132039574733,0.6607323677862,0.4485319856652,0.5286135618146,0.2531999490455,0.0534233032163,0.3977187106626,0.4390474556641,0.3261539104703,0.4733244524866,-0.1203647037672,0.5220151478033,0.5981367337385,0.0502359161464,-0.0272974781611,0.2298513243931,-0.0389669321011,0.7165832993357,0.0197863946502,0.1917581544076,0.5074704527193,0.4283783693832,-0.0545248599247,0.3433438464265,0.5455720683825,0.0577518004476,0.0177153197686,-0.1514629583908,0.5216102526947,0.3596380491010,0.6178636009301,0.2586953509071,0.9207289547247,0.4386240164354,0.1289996798842,0.2831939187408,0.5327011578665,0.0939214503590,0.1216756856151,0.3485668200877,0.0094706584771,0.3636255529911,0.3508080083136
0.0763793693316,0.5790166110807,0.3705067643014,0.7174124288443,0.2356986572749,0.0647688863309,0.0451500045235,0.3987574010519,0.1267863537318,0.3416118587446,0.0139800609302,0.4545560178075,0.1080048854039,0.4168164440680,0.2465593537109,0.5099847817899,0.4530302960631,0.3587380186974,0.2126116471924,0.4046441382134,0.2694926735966,0.3893410256758,0.5834799344618,0.4494440167257,0.5044679560626,1.0000000000000,0.5765896277855,0.4682983291695,0.2752146698859,0.3621921325288,0.5065571531178,0.1004020693215,0.0035639833098,0.4529950537398,0.6966616895288,0.1814227201787,0.5888795020161,0.0675015285806,0.7143901514510,0.1294786596759,0.0200708199945,-0.1651808259454,-0.0348877909495,0.0193550767782,0.3317344256414,-0.1211505148637,0.4027204999733,0.1311379753324,0.5301428974134,-0.0662145673168,0.3432601473829,0.3573148541553,0.1957023665252,0.0094003677952,-0.0257518679642,0.0402492463935,0.0978982818846,0.4728774966438,0.2079300018505,0.4442751652909,0.8440892120888,0.2109667746346,0.4250314597343,0.2095116539003,-0.1381053594366,0.0920426098160,0.1788349901382,-0.0115955500937,0.3289276422077,0.6818990238911
0.1459699067310,0.5711581011196,0.5214907195252,0.6402050376743,0.1333957326582,0.2715866975949,0.1015902447246,0.5224657794917,0.2311171909602,0.2454690799047,0.0826577045383,0.4418742458330,0.0932677881696,0.3707543666803,0.2523692404498,0.2878788832768,0.3652289838181,0.4926334513969,0.3339359583421,0.4931123164134,0.1998380814333,0.3740206162192,0.4705538929522,0.4163150230090,0.4462999847809,0.5765896277855,1.0000000000000,0.6106247444347,0.3755120445350,0.3249130731583,0.5644342656551,0.0591737348032,0.1265275543801,0.2020717190624,0.5323599842887,0.0429274563513,0.4654154969186,0.1343161307993,0.6033337700272,0.1497211661630,0.1779763445064,-0.0769233974440,0.0644694827600,0.0925574392617,0.1562313796173,-0.1260740323241,0.3037980372585,0.0864605661474,0.4037198663913,-0.0381096099154,0.0723797527468,0.3050414661921,0.1024002637799,0.0944471610409,-0.0660486032657,0.0599978533801,0.0967467431398,0.3087330768316,0.1319946855689,0.3816985339395,0.5300917752509,0.4877342341254,0.4742806484886,0.2666218525558,-0.0723926591788,0.0289818776344,0.1537085888875,0.0642148491683,0.1361645016637,0.3783851568833
0.3723047461995,0.4216730544659,0.8068831969058,0.5079724495873,0.0452316462867,0.0750505816317,-0.0007645216417,0.5040736845799,0.1693321217875,0.2279371525073,0.1208448678718,0.6428515983055,0.0611146328043,0.4646563804658,0.3961910678231,0.2801381425359,0.5341474324763,0.6867323339616,0.4118148794655,0.5358008193933,0.2740846608582,0.5852678100695,0.4484177990766,0.7161073978670,0.4132039574733,0.4682983291695,0.6106247444347,1.0000000000000,0.5244182768546,0.3903824186375,0.5433848131005,-0.0945526151315,0.0065287930825,0.1471431142356,0.5002281182738,0.2497461236094,0.3881244768503,0.3856105781616,0.4975094879992,0.1014078318910,-0.0467603614627,-0.1967837119714,-0.0070892926577,0.0329092264494,0.1283512043505,-0.0812132372816,0.3626304806290,0.0550307575244,0.5270242761757,0.0829290486795,0.0855404904727,0.4329207529150,0.2335696660861,0.1051855589955,-0.0870491075446,0.0891117056887,0.2836878460257,0.3997301972618,0.4597982706433,0.2625688702106,0.3877446583111,0.0777040621417,0.8628993654033,0.4826305919495,-0.0901758500036,0.0823923673195,0.0596694812892,-0.0645811220312,0.0035836697416,0.3499684634875
0.2927238882136,0.4888254866874,0.3337816418233,0.4257777128052,0.5866247004184,-0.0260578944383,0.2783808442532,0.4813980782919,0.1987262966500,0.4515052836581,0.3929458375401,0.4056093642625,0.6187396972564,0.4752813751038,0.2074275977798,0.3523662167072,0.6176271297274,0.4070240234051,0.1813005750299,0.3464363062731,0.6652451723826,0.7456157728265,0.4566963813543,0.6122554117168,0.6607323677862,0.2752146698859,0.3755120445350,0.5244182768546,1.0000000000000,0.4491383514012,0.6452244026484,0.1914135274095,-0.0090636406064,0.2660623397339,0.3257872414508,0.2561339004350,0.3561236157318,-0.1390635397001,0.2920134274620,0.6575604112615,-0.0406551366305,0.0591174387970,0.0364169841778,0.0476439006954,0.2458672382276,0.1868804554155,0.2195089507152,0.6025638591131,0.3464707482595,-0.1440123591673,0.1974168134332,0.5528528157142,0.1090106273534,0.0312773039983,-0.2882327135987,0.5764237193485,0.5338037398524,0.4901333093531,0.4468970859827,0.5408139332255,0.1451050347368,-0.0763845191443,0.2655806742822,0.9129094441043,0.1831200165124,0.3147204725446,0.3014139967135,-0.1065191950238,0.2097135609071,0.1695494930985
0.6897471585466,0.5025083687990,0.3842262205018,0.5808977617793,0.1804427250138,0.1949886867425,0.2981549919276,0.5527131382733,0.3876623202945,0.3990851154105,0.2977487515224,0.5719752789294,0.3360202878222,0.4971144037394,0.6657381515494,0.4174330014264,0.2986198870811,0.5329688905738,0.5571955752513,0.6119513990964,0.4334055706778,0.4871003884289,0.4526403311114,0.3778379010512,0.4485319856652,0.3621921325288,0.3249130731583,0.3903824186375,0.4491383514012,1.0000000000000,0.6523959335843,0.0448476928908,0.0155960431643,0.6709695310569,0.6002765431383,0.6401542724287,0.3301371059037,-0.0666662779607,0.5049525354524,0.2045524907812,0.0790685470883,0.0882256228748,0.1020663137554,0.1738518949475,0.3734212066470,0.1081134766352,0.4161578396563,0.3471031210427,0.4225110877651,0.3263329045036,0.3200634155733,0.2267443146363,0.1307849355257,0.2070156383102,-0.0461194499706,0.3188246011060,0.2051268641306,0.3988473204142,0.1322471752958,0.3131067833736,0.2317555695689,-0.1370393816264,0.2101017076599,0.3223542476088,0.4865716455161,0.1696265067800,0.1986391129990,0.0662672924223,0.4146362061624,0.5194718354965
0.5035197365868,0.6843978421342,0.5078916720148,0.6580483139025,0.2147885521111,0.0899287281139,0.1509226557252,0.6666384499611,0.2260138207902,0.3561402675298,0.1258458488862,0.4897791303219,0.3117143367088,0.3860681292747,0.3529808527332,0.3818166573431,0.5438015507288,0.7097216044545,0.2940424151741,0.6272999893478,0.4705611053653,0.7060592156243,0.6991386149316,0.7145307691878,0.5286135618146,0.5065571531178,0.5644342656551,0.5433848131005,0.6452244026484,0.6523959335843,1.0000000000000,0.1091462627824,0.0207697423035,0.4612951717568,0.7652157122705,0.4363075222582,0.6104651726016,-0.1070092948458,0.6156738464589,0.2341351245318,0.0098042173446,-0.1357135735917,0.1032553515108,0.0640032939829,0.2768187725247,-0.0501147194067,0.2618627947866,0.2865244246288,0.3175006547420,0.0223675250169,0.2373865100439,0.4724929258263,0.3871203821212,-0.0257961207595,0.0038073593327,0.2352383275257,0.3999644247029,0.6056299125387,0.4345787121803,0.3933524814643,0.4148361609746,0.0032608605546,0.3310319401360,0.5157326726383,0.1610962259544,0.4548767235332,0.1435219626606,-0.0443665469060,0.3117044990429,0.6292958929847
-0.0750809487005,0.1930888689854,-0.1719073395852,0.0560550649927,0.3071862121317,-0.0490575030173,-0.0769617533098,0.0603177670482,-0.2484050569597,0.3115156429793,-0.1120449030008,-0.1062799103315,0.2444978144564,0.1387881030537,-0.2263922522330,-0.0187064345110,0.1644014513607,-0.1046230492277,-0.2329517619758,-0.0583743939828,0.1419316317297,0.1978471620717,0.1751549557178,0.0247070439920,0.2531999490455,0.1004020693215,0.0591737348032,-0.0945526151315,0.1914135274095,0.0448476928908,0.1091462627824,1.0000000000000,0.1397520622341,0.1962583451809,0.0386888186104,0.0495048528866,0.1138965061283,-0.2437935661901,-0.0649877150592,0.2635364151403,-0.1161940313155,-0.1511091679817,0.0283122685869,-0.2889942603685,0.1319146536888,-0.1159004614589,-0.1581266452442,0.2839081222970,-0.0344117640261,-0.1546503470945,-0.0251934549137,0.1362070326884,-0.0902854590749,-0.1060252662067,0.0389026935161,0.1844809164079,0.2249442159012,0.1025766836468,0.0523527679757,0.2370759211945,0.1347739671575,0.0667577423969,-0.1618626460659,0.1785828804024,0.2631546753902,0.0414678449851,0.5086407211232,-0.0133594524583,0.3182027485424,-0.0360210620564
-0.0750165356653,0.1162558033188,-0.0596864150589,0.0110939157301,0.0310312152119,0.6696352905032,0.2519030387617,0.0201590690233,0.3037435750891,0.0395850252707,0.0730115832476,-0.0276404112640,0.0101872635024,0.1423669501918,0.0535990506885,0.2605623635804,-0.1102863114885,-0.1281979286162,-0.0849403922547,-0.1468400989666,-0.0905236110683,-0.0250200399676,-0.0190641160184,-0.1531417493247,0.0534233032163,0.0035639833098,0.1265275543801,0.0065287930825,-0.0090636406064,0.0155960431643,0.0207697423035,0.1397520622341,1.0000000000000,-0.0070866963191,0.0874172762948,-0.0579787892933,0.0806750705590,-0.0276815681876,0.0503936352704,0.0540297991646,0.6309156397716,0.2629505055575,-0.0575008209118,0.3166005106244,-0.0386536911445,0.0194988561983,-0.0295373993200,-0.0224326928582,0.0047862441694,0.0737482705688,0.1952561875169,-0.1359144931829,-0.2619082439258,-0.1365042248888,-0.1596939407236,-0.0647464171875,-0.1260158145965,-0.1248597562909,-0.2406929702122,0.0604120627441,0.0555209143590,0.0475780287294,0.0067656275139,-0.0161844116234,0.1107862960707,-0.0969838576270,0.0761872830902,0.7073614234391,0.1512315916754,0.0540934008766
0.2797715438307,0.5874820551526,0.1179532105065,0.5548484800578,0.2997951676629,0.1391391461740,0.1391482961494,0.2879374401411,0.1822433691076,0.3354483744974,0.0771906744325,0.2739307200318,0.2659127643925,0.3411783778318,0.2922871609444,0.3473889703042,0.2551421932038,0.2247825052017,0.2707233260395,0.4322830494837,0.3339438883306,0.3796392399224,0.5409752333654,0.2207915579793,0.3977187106626,0.4529950537398,0.2020717190624,0.1471431142356,0.2660623397339,0.6709695310569,0.4612951717568,0.1962583451809,-0.0070866963191,1.0000000000000,0.6021883130499,0.4145361324870,0.4057829410506,-0.1475994332102,0.4000419197753,0.2370257322360,0.1331451309789,-0.0270453323778,-0.0547099219658,-0.0011276174583,0.3341710315636,-0.0265998036870,0.2853000436871,0.3015900501387,0.2554485138757,0.0663710389385,0.2393772065836,0.1929797297820,0.0475538207082,0.1880051787142,0.0452795356135,0.2839745558865,0.1990204716884,0.4659479860643,0.0723024187091,0.3535818753845,0.3419531333690,-0.0226781167633,0.0560670081907,0.1585994139831,0.3854270925665,0.1513762876399,0.3017964396083,0.0162218547969,0.6613248713942,0.6124931468274
0.4088000406118,0.6808437240801,0.4722444757308,0.7111613190566,0.0868902892989,0.1391330606710,0.0499655540347,0.5085303080339,0.1858919034879,0.2896239512915,-0.0410334653373,0.4902849109923,0.0827123562875,0.3340660454551,0.3728622430221,0.4779476816910,0.4376365328726,0.6229074251601,0.3391446314242,0.6168895203885,0.2729160257470,0.5075464365142,0.6609119219031,0.5574889598829,0.4390474556641,0.6966616895288,0.5323599842887,0.5002281182738,0.3257872414508,0.6002765431383,0.7652157122705,0.0386888186104,0.0874172762948,0.6021883130499,1.0000000000000,0.3925741572462,0.7142642706326,0.0209303488346,0.7486053227297,0.0332688882149,0.1396959057541,-0.1774940054806,0.0559465682610,0.0746944000536,0.2632108454593,-0.1663148341284,0.3991334013511,0.0834876193603,0.3745294702501,0.1080311186231,0.3676225373952,0.3596373203175,0.4245086385734,0.0838171216703,0.2048931943440,0.0194283133836,0.2098042569417,0.5705234626473,0.2895276149324,0.3407818261248,0.6778553617569,0.1480559656555,0.4280421590008,0.2080561538177,0.1325693405159,0.3215463862711,0.0918523192232,0.1096216957178,0.4504370250771,0.9120025091353
