1.0000000000000,0.3749847926711,0.5305257600446,0.4345090906811,0.4541251948072,-0.1575426157666,0.2944050767159,0.6102067702841,0.2844183543509,0.4263318726491,0.4011574080160,0.4618974108867,0.4736991669871,0.3561755838987,0.6372007271547,0.4876303537673,0.4797937163846,0.6636953658297,0.5668800394071,0.5833895864310,0.4901545839644,0.6793306489166,0.5578137758433,0.6216305076464,0.5716472678780,0.3508349564746,0.5661436767726,0.6679406219326,0.5861438937459,0.7332811969583,0.6461731961377,0.0535445908138,-0.1583210707944,0.4231057200218,0.4890844293594,0.2776567348596,0.2435304444691,0.0213320742100,0.2837644127578,0.3900499970601,-0.0729336448558,-0.2217024773364,-0.0035460447395,-0.1502729558882,0.3573293845424,0.0501843277774,-0.0544505275451,0.3298384569084,0.0432156620584,0.0275400120556,0.2255655646628,0.5114498922812,-0.0215056870225,-0.1754321375536,-0.2572146923938,0.3669817073788,0.2484730310869,0.3857509468839,0.3096706003977,0.4234038741715,0.0543536710052,-0.1642569972421,0.3967013974669,0.3975922323267,0.1049041865256,0.0003004669879,0.2115848473225,-0.0151953678110,0.0528765713013,0.0478651202796
0.3749847926711,1.0000000000000,0.4143718683835,0.8096363331313,0.3404528200666,0.0004614710936,0.3197667573365,0.4309592948874,0.2070643614347,0.3747647782451,0.2195763820700,0.5695309102293,0.2956603359638,0.3473373621299,0.3059968782032,0.5192739364978,0.2939188578462,0.4889263631040,0.3425144990618,0.4822847075625,0.3880008425655,0.4610118896916,0.6456201022914,0.5103712456526,0.5151016869623,0.6268058246697,0.5813155552928,0.5495230384713,0.4137223195607,0.5660168969846,0.6716682729418,-0.1592403957781,0.0375439549000,0.6057688143990,0.7623231116433,0.0592907756565,0.8037759392136,0.0382326395433,0.7171335001972,0.1821538392924,0.1613510035117,-0.0543231312884,-0.0638579340040,-0.0792169557799,0.3343098675058,-0.0326813261642,0.2316856058584,0.2577072696138,0.1883739048404,-0.0966555367948,0.3328987288573,0.3267191000978,0.1104815194608,-0.0300383958541,-0.1076440799896,0.2465364124988,0.1195044222140,0.5593567435906,0.2164463484997,0.4627215633847,0.4642552937158,-0.0638422169930,0.4436931875043,0.2446645476211,0.1394999412912,0.1650756896259,0.2225523441208,0.2068233045979,0.4205674779584,0.4636274170114
0.5305257600446,0.4143718683835,1.0000000000000,0.4728838268333,0.1958119940891,-0.0298378753494,0.1405688002993,0.6506984203556,0.2798602437324,0.2428036874105,0.1498489424456,0.5329944370869,0.1548469475140,0.2848633123724,0.4638946847682,0.4537737715509,0.4499481995568,0.6388837951473,0.5356406158192,0.5801509945532,0.3212641937404,0.5694629733812,0.4619591954064,0.7534564246728,0.4416344878746,0.4584242106563,0.5978854784339,0.8035461645478,0.4116749888339,0.4462636988607,0.6408949941017,-0.1690782466840,-0.0709208489167,0.2942316082380,0.5877636026266,-0.0891070268339,0.3140690050518,0.2128842903985,0.4089280179840,0.0547529091611,-0.0012652678431,-0.2812413959001,-0.1880979821343,-0.0636305446322,0.1691786016591,-0.1987970279759,0.0421931660718,0.0509781297907,0.1108720879059,-0.0957600781322,0.1770257199191,0.3990980143182,-0.0163578830894,-0.0994819405546,-0.2455532631525,0.0918047816083,0.0434230567908,0.3113752387993,0.1822960001122,0.2429546126828,0.2726421753468,-0.1333255363850,0.5887813259801,0.1074206108980,-0.1438245376393,-0.1087896238566,0.0475158285153,-0.0175607052188,-0.0452207374416,0.0711250888302
0.4345090906811,0.8096363331313,0.4728838268333,1.0000000000000,0.3910252094845,-0.0169948003517,0.3919017466616,0.5170355475349,0.3043163791410,0.5124476991191,0.2778822468336,0.6203243925055,0.3218441273288,0.4364127330654,0.3945919591848,0.6419651379455,0.2829721416879,0.5561634656992,0.4168745182840,0.5729995549511,0.3886284892360,0.4349183306041,0.7088069703059,0.4788323960265,0.5752632299920,0.7171034295489,0.6293782550001,0.5908638636445,0.4244368344145,0.5812981820514,0.6237298275953,-0.0815535658609,-0.0268655657219,0.6669971786833,0.7533279673974,0.1285727870916,0.6504538368367,0.1089077871919,0.8551301975968,0.2010084500647,0.1259476565678,-0.0355454761841,0.0148143113690,0.0031436593309,0.5268147823127,0.0293360366948,0.3483992406164,0.2918988088465,0.3415094264211,0.0091447588584,0.4103220685403,0.3176296526209,0.1287177266916,0.0572731864478,-0.0751394989739,0.2352214048285,0.1228551606369,0.5270059588937,0.1808085677839,0.4992577160302,0.5210253130179,-0.0018006147329,0.5084260144260,0.2770933794078,0.1363242168643,0.1347894427715,0.2593284668531,0.1723905763164,0.3854107369895,0.4952403501957
0.4541251948072,0.3404528200666,0.1958119940891,0.3910252094845,1.0000000000000,0.0033160156324,0.3869184750712,0.3758866958158,0.1488222808704,0.5701524840741,0.4869903376736,0.2890381150442,0.7684468042614,0.3711443680326,0.2126934884879,0.4124411210928,0.3584332935608,0.2834040405113,0.1791810815007,0.1657198145046,0.7850860168905,0.5270401993575,0.4910419096135,0.3909899720683,0.7017264985193,0.2398569863603,0.2995030468892,0.3999453369260,0.7239696073724,0.4052842800681,0.3870643965422,0.0535240994172,-0.0622625008045,0.3941357496420,0.2442159943724,0.3371591882187,0.2495683306374,0.1580835198000,0.2317012707381,0.8519870591349,0.0571087863631,0.2062021483630,0.1807939457609,0.1295497682808,0.4901715571573,0.2544623710312,0.2249781341441,0.7098085098947,0.2138773201875,0.1446201372736,0.3858995558363,0.4170547510187,0.1379710461798,0.0476057613097,-0.0641865804480,0.7361469774114,0.4795520773370,0.4224273690666,0.4682492438465,0.6567402171510,0.0821157413700,0.0932078596913,0.3458893404275,0.6805976414705,0.3089103694331,0.2693645498716,0.2955961817640,0.1450340352156,0.3372779965846,0.2315809239569
-0.1575426157666,0.0004614710936,-0.0298378753494,-0.0169948003517,0.0033160156324,1.0000000000000,0.2269176180399,-0.1213582290068,0.4137423431888,-0.0313809711907,0.0275491393846,0.1387823023030,-0.0908514479685,0.1525339813133,0.1856908609618,0.2817296608596,-0.0879684013489,-0.1569938917192,0.0080078129105,-0.1532634636145,-0.0511558863492,-0.1199335573647,-0.1767512691498,-0.1013969425748,-0.0280955145391,0.0123873864103,-0.0222426003680,-0.0701211621153,-0.0898233939866,0.0901159363153,-0.0969032735831,-0.0880369808644,0.7056743676492,-0.0283220317520,-0.0545496864074,-0.1002229074758,-0.0711505346585,0.1923143380226,0.0195183666398,0.0035748708878,0.6146939964671,0.3034040240589,0.0577045639010,0.2539534510856,-0.0522833435846,-0.0957010317388,0.1985778704854,-0.0402594511188,0.0464045097569,0.0167844356365,0.1168690547393,-0.0559556754261,-0.1731510654835,0.0213248603338,-0.0961486859194,-0.0206896292768,-0.0434914123205,-0.1323018878365,-0.0632894468499,0.0333706388234,0.0078316349632,0.0771292671339,0.0072843388399,-0.0425237815558,-0.0463347361470,0.0476198070205,-0.0643956007144,0.5293315305140,0.0432296493028,0.0610423194085
0.2944050767159,0.3197667573365,0.1405688002993,0.3919017466616,0.3869184750712,0.2269176180399,1.0000000000000,0.2178389708815,0.6415696801636,0.3571347244938,0.7482289000773,0.3649814028879,0.5749333088745,0.4350197568065,0.4845079328749,0.5108881012888,0.0724737566419,0.0465929847161,0.3101026580883,0.1747810365239,0.3361981818041,0.2042723115066,0.2337551679578,0.0757158651974,0.2967412733240,0.2572910995635,0.2815103624623,0.2407849840447,0.3689378189105,0.4340048429136,0.2346217923933,0.0083720149961,0.1977657579935,0.3365368511665,0.2259763886601,0.0319734948953,0.1064476262112,0.0305519833015,0.2578718613445,0.4262945986290,0.3113187010841,0.5758188767182,-0.0332419566441,0.1171042761476,0.3276629117496,0.4273899658610,0.1005655329944,0.5816739414773,0.1410460688148,-0.0470618383322,0.3398204611710,0.1490376418839,-0.1900393270394,-0.0748847903065,-0.2001655466865,0.4715156358178,0.0545079193648,0.0677678681346,-0.0564436371630,0.3170683242902,0.0306273514201,-0.0720876575992,0.1661985324490,0.2753881870953,0.1461387660906,0.0015348045708,0.2974940561209,0.2672231750166,0.1728502751114,0.0740176797701
0.6102067702841,0.4309592948874,0.6506984203556,0.5170355475349,0.3758866958158,-0.1213582290068,0.2178389708815,1.0000000000000,0.1313953226280,0.4618788117212,0.2645676616312,0.4782366276115,0.3256610530908,0.3861542316133,0.4146247815737,0.4903495603215,0.2921737799944,0.6324825344464,0.4829105889362,0.5825384256578,0.3846383015269,0.5719760724044,0.5525875962847,0.5806379863867,0.5919319420974,0.4737844137712,0.6756819093463,0.6962783341694,0.5472088542282,0.5203673178800,0.7067479336307,0.0215307438799,-0.0821160923613,0.2981715687861,0.5293306644832,-0.0746331515789,0.2825808346883,-0.0339197493521,0.3878262704553,0.3276062103097,-0.0631031086057,-0.2518087818750,-0.0323499722856,-0.2189623624511,0.3375956541388,-0.1177517170662,0.0338794158665,0.2231574620400,0.1481363986852,-0.0991803683898,0.2111076606932,0.2360525025828,-0.0549797670933,-0.1294784506328,-0.2275619011119,0.2206275488226,-0.0083538651392,0.3291999500279,0.1287291216280,0.3082313222274,0.2563229032530,-0.0944176666899,0.4248492517430,0.2874516102539,-0.0723495786122,-0.1854254307666,0.2918946672417,-0.0340147892145,-0.0286386513181,0.0148289111545
0.2844183543509,0.2070643614347,0.2798602437324,0.3043163791410,0.1488222808704,0.4137423431888,0.6415696801636,0.1313953226280,1.0000000000000,0.1358122230992,0.4645760539105,0.4660830589495,0.1855568848207,0.3982047566714,0.7738307275032,0.5609775360249,0.1325540876438,0.2011920050012,0.5054684067106,0.3498015870566,0.1322244055878,0.2153826182452,0.0743334635814,0.2388432647568,0.1297501232570,0.3573570340827,0.2646355505249,0.3133964481377,0.2284951500654,0.4945502336742,0.2269754368705,-0.1664255865175,0.2340057162532,0.2661698616556,0.2658615168990,-0.0730290617455,-0.0057482148267,0.2321928968859,0.2464754998495,0.0887440346006,0.2427658479764,0.1243604914085,-0.1171704417235,0.0122827622131,0.0721385614387,0.0489418819300,0.0886171917176,0.1069149704140,0.0684748799357,-0.2228301399303,0.1113929361140,0.1825423578382,-0.2139769947062,-0.2293921775533,-0.2904737070544,0.0941115890002,0.0132360019082,-0.0672644489345,0.0381588402321,0.1185293455623,0.0795985007768,-0.1241485639280,0.2770366872897,0.1363932330882,-0.1545697221575,-0.0359590950830,0.0113392510846,0.1904631514816,-0.1444641584508,0.0240851683830
0.4263318726491,0.3747647782451,0.2428036874105,0.5124476991191,0.5701524840741,-0.0313809711907,0.3571347244938,0.4618788117212,0.1358122230992,1.0000000000000,0.2869966521463,0.3142468212391,0.5995376088868,0.3665346368625,0.2640108043669,0.5110999732380,0.3127535671286,0.3010850232376,0.2415100750088,0.2825689727939,0.5913133943453,0.4491807723884,0.6208371112683,0.3052570188429,0.7310837166204,0.3691196691365,0.2684551333174,0.3876302033874,0.4516332164912,0.4199267154258,0.4051393396995,0.0164717560697,-0.0627900032418,0.4047961769360,0.3499343993157,0.1187263353657,0.2715321163857,-0.0247920450710,0.3725460766782,0.4897304380208,0.0058781898919,0.0515344607602,0.0545731485928,-0.0693782798548,0.7795539691769,0.0120977492070,0.0363807698261,0.5393073209374,0.2288039557264,-0.0515851345004,0.4604348964775,0.3430589679060,-0.0333328210167,-0.0505717805417,-0.1476565947374,0.4811203801014,0.2275329443118,0.4934771996198,0.2046895094847,0.6059691507263,0.1755198798749,-0.1121641682162,0.2341318736935,0.3983198637496,0.0899855690395,0.0253729399313,0.1592014530744,0.0217610487470,0.2195160386637,0.1368136572800
0.4011574080160,0.2195763820700,0.1498489424456,0.2778822468336,0.4869903376736,0.0275491393846,0.7482289000773,0.2645676616312,0.4645760539105,0.2869966521463,1.0000000000000,0.2575604505938,0.6556805533235,0.4160894460828,0.4392662541540,0.2770715861346,0.2258465620988,0.1051058065142,0.2643590971281,0.1543825049516,0.4510468832130,0.3289669028249,0.2210100157944,0.1762223554459,0.2842653629010,0.1455366518675,0.2682021856987,0.3266445355019,0.4749049850354,0.3678575761988,0.2283714424911,0.1663748397882,-0.0576911167912,0.2614711505051,0.0681140062440,0.1016450146884,-0.0392731872707,-0.0484012578232,0.0349641289361,0.5958441934548,0.0649291162020,0.4304300954156,-0.0954010058854,0.0544060447364,0.2297820751757,0.5630098609106,-0.0187194318731,0.6556696706958,0.0290392425488,0.0074260167598,0.1143027391732,0.2844514560372,-0.2399220528634,-0.1253797971366,-0.2658412997388,0.6748713919113,0.1250417521336,0.0315314426332,-0.0036743345172,0.2560877657197,-0.1441250056574,-0.1942873095038,0.1146389288535,0.3927142247604,0.1146284925663,-0.0837512921247,0.3623885171900,0.0575221782057,0.0909701158629,-0.0880128845421
0.4618974108867,0.5695309102293,0.5329944370869,0.6203243925055,0.2890381150442,0.1387823023030,0.3649814028879,0.4782366276115,0.4660830589495,0.3142468212391,0.2575604505938,1.0000000000000,0.2686198081731,0.5964046701868,0.5654615310496,0.6313653846000,0.2882166641099,0.5503501315155,0.6825884943996,0.6220518891362,0.3612557913463,0.4251896840319,0.4482240888799,0.5034451680156,0.4267052413752,0.5780399508150,0.5656772230875,0.5898775465422,0.4510993087224,0.5892882448859,0.5383724944721,-0.0040719709427,-0.0201947949448,0.3556885355434,0.5838758202623,0.0418239244889,0.3916524660189,0.1327435815595,0.5243113152107,0.1234030822910,0.0184326455022,-0.1286757603338,-0.1247814620886,0.0188390902274,0.2483010641435,-0.0457103481028,0.3286756304375,0.1949923164481,0.4425385368123,-0.0329006867088,0.2799832813424,0.3172318478970,0.0508158620850,0.0744231084090,-0.0984238391848,0.1716469704483,0.0719430219310,0.2962674426298,0.1672148359220,0.3026142573481,0.3174461693799,-0.1149285106996,0.4581341159876,0.2756401523900,0.0619855197795,0.0302138764217,0.1433423628802,0.1052171903491,0.0976284377271,0.2631787443577
0.4736991669871,0.2956603359638,0.1548469475140,0.3218441273288,0.7684468042614,-0.0908514479685,0.5749333088745,0.3256610530908,0.1855568848207,0.5995376088868,0.6556805533235,0.2686198081731,1.0000000000000,0.3679226822721,0.2399703315197,0.3488007884137,0.3815933027868,0.2435297500052,0.2185241734183,0.1837086978700,0.8301523268280,0.5075665956868,0.4232826875504,0.3120062527222,0.5525129316279,0.1174084829866,0.2379060986019,0.3200865767339,0.6363453559646,0.3863877638046,0.3694266942770,0.1671780810670,-0.1631028730061,0.3163387439246,0.1637766573811,0.2453650284078,0.1685877664818,-0.0367472840712,0.1260754265016,0.8015468995354,-0.0892096901507,0.2801091914933,-0.0170788508354,0.0063848607442,0.4186287370796,0.3770362912604,0.0344287226832,0.8960904596714,0.1133105848526,0.0353463055029,0.3167907272719,0.4020438630170,0.0365238121784,-0.0286196004573,-0.1285838359457,0.8478383273213,0.3600455999566,0.3297166836163,0.2755101269362,0.5125704524782,-0.0723860277818,-0.1018879292007,0.1489413634464,0.5711494368468,0.2618351930431,0.1071704952244,0.2775188367083,0.0009000403779,0.1971433954279,0.0542782138067
0.3561755838987,0.3473373621299,0.2848633123724,0.4364127330654,0.3711443680326,0.1525339813133,0.4350197568065,0.3861542316133,0.3982047566714,0.3665346368625,0.4160894460828,0.5964046701868,0.3679226822721,1.0000000000000,0.5120411509229,0.5128367382389,0.0851135041122,0.2407952646902,0.5284203170019,0.3361691199326,0.2928391542059,0.2588963678890,0.3110503007577,0.2187553517903,0.3768084128223,0.5342375359023,0.4026866219643,0.4851092867372,0.3853100096265,0.4414494122841,0.2411731573645,0.3214478743309,0.1160940170331,0.2449782466770,0.2861292274695,0.0286846641108,0.1667270699347,0.0379774911814,0.2976193201103,0.2477657898697,0.2237001139428,0.1343367022375,0.0417383556262,0.0587850362144,0.3291496138194,0.1646210444654,0.3297063319670,0.3373754693445,0.5477475439572,0.0600806626968,0.2890766261214,0.1461481517160,-0.1100799581881,-0.0352152161284,-0.2576502097103,0.2974769946110,0.0577275361990,0.1470361393627,0.0581400815421,0.2827394132572,0.2170059387916,-0.1355284269762,0.3419801916790,0.2945063751630,0.1166051134453,0.0455183448059,0.5834184717192,0.3649808182663,0.1770417909205,0.1079845561648
0.6372007271547,0.3059968782032,0.4638946847682,0.3945919591848,0.2126934884879,0.1856908609618,0.4845079328749,0.4146247815737,0.7738307275032,0.2640108043669,0.4392662541540,0.5654615310496,0.2399703315197,0.5120411509229,1.0000000000000,0.6072558240585,0.2461296039725,0.5087637324475,0.7717813286936,0.6018452515547,0.2346286435525,0.4068262377391,0.3017276543856,0.4508913568149,0.2781973063771,0.4939086706033,0.5187898061372,0.5852322036137,0.3541059063712,0.7221294876492,0.4419691232853,-0.0452991110477,0.0760914087746,0.3629052211862,0.4260904013542,-0.1077459652118,0.0812429643205,0.1516386256107,0.2684559604215,0.1410980093153,0.0954431915276,-0.1940350053826,-0.1172392249474,-0.2757623298380,0.1502289884486,-0.1105407386676,-0.0567654442414,0.0975827441268,0.0343297806741,-0.3121600529224,0.0954659211045,0.2943528819459,-0.3090231102993,-0.3162742771627,-0.4600062488015,0.1113490218332,-0.0046104363875,0.0810940225031,0.1011705146509,0.1718411909913,0.0963328027393,-0.2810555557510,0.3898107008564,0.2059232110294,-0.2442398440548,-0.1411196904886,0.1743005011727,0.0711309938367,-0.1472693463423,-0.0656399957896
0.4876303537673,0.5192739364978,0.4537737715509,0.6419651379455,0.4124411210928,0.2817296608596,0.5108881012888,0.4903495603215,0.5609775360249,0.5110999732380,0.2770715861346,0.6313653846000,0.3488007884137,0.5128367382389,0.6072558240585,1.0000000000000,0.2928323299330,0.4741719684459,0.4824949627316,0.5139762631192,0.3916201187677,0.4470608080211,0.4739795679842,0.4864837848039,0.5450278498263,0.6175383031703,0.4809327388747,0.5429177661314,0.4611927233182,0.6651898663168,0.4711948895375,-0.1450276785905,0.1602419534492,0.4490513034147,0.5903539342626,0.0734865448665,0.3534094590542,0.1186129446986,0.5871383181490,0.2210517703691,0.2288643591238,-0.0143597032808,0.0729615698624,-0.0339161231307,0.4844526679286,-0.0875134894231,0.2377078893977,0.2753637556601,0.2684630194395,-0.0510942171191,0.5935169565558,0.3546118899078,-0.0188190170660,-0.1482701748164,-0.2399720053494,0.2047368860575,0.0835326552988,0.3747042075378,0.1614490417759,0.4974285011391,0.3687926420129,-0.1095526543808,0.4359370554592,0.3217859182332,-0.0042347043745,0.0448866933747,0.1547747900476,0.2237302354391,0.1662401548770,0.2907105770621
0.4797937163846,0.2939188578462,0.4499481995568,0.2829721416879,0.3584332935608,-0.0879684013489,0.0724737566419,0.2921737799944,0.1325540876438,0.3127535671286,0.2258465620988,0.2882166641099,0.3815933027868,0.0851135041122,0.2461296039725,0.2928323299330,1.0000000000000,0.4386500269879,0.1605254825949,0.2424079022199,0.5080843870487,0.7006731857832,0.5250292391455,0.7306043554489,0.4438273321738,0.1657973927411,0.1846984297572,0.4845812001076,0.5120370676239,0.3013866658178,0.4822911967427,-0.1001673099926,-0.2458336474987,0.2050775142993,0.2567938246437,0.3915179137730,0.3194182784472,0.1338551208562,0.2174877182887,0.3188955830167,-0.2160060698079,-0.1516883979504,-0.0127086131443,0.0636293157699,0.3348033670945,0.1569416310021,0.0740543909823,0.3519871960671,0.1633646123576,0.0949206881666,0.2094899800367,0.9074365164648,0.2430515368907,0.0051799566822,0.0534395685352,0.4158505573209,0.5667417195897,0.5732535557798,0.6172162662907,0.4528701675506,0.1221649720659,0.0175676166939,0.3952351052158,0.4562592125946,0.1815329700461,0.2785587353101,-0.1359640248509,-0.1829858982537,0.0448835581081,0.2037178331287
0.6636953658297,0.4889263631040,0.6388837951473,0.5561634656992,0.2834040405113,-0.1569938917192,0.0465929847161,0.6324825344464,0.2011920050012,0.3010850232376,0.1051058065142,0.5503501315155,0.2435297500052,0.2407952646902,0.5087637324475,0.4741719684459,0.4386500269879,1.0000000000000,0.5966169443102,0.8599165813187,0.4012947117838,0.6037242883837,0.5579322844687,0.7625754503143,0.4247235009038,0.5126353730291,0.6892686362994,0.6976870160422,0.4662611395797,0.6743685839124,0.7713454840412,-0.0284812785080,-0.1859058705500,0.4443655991722,0.7157742719193,0.0551727811240,0.4262734752038,0.0814767955260,0.4489444761314,0.1296315670155,-0.1673312411115,-0.4795403986675,-0.0965955893129,-0.3103525766331,0.1935205693107,-0.2602422977719,-0.0166756488065,0.0823580314272,0.0653435458477,-0.1823848694015,0.1538504904231,0.4208772862168,0.1750416383757,-0.2074185192824,-0.1938728754601,0.1025825252273,0.1176693016458,0.4409922487721,0.3271471424942,0.2579190236830,0.2919759474106,-0.1476742523603,0.4230730264610,0.2479319857661,-0.0850049855874,0.0233150575963,0.0200724733531,-0.1326904790254,-0.0144647023483,0.1894880405481
0.5668800394071,0.3425144990618,0.5356406158192,0.4168745182840,0.1791810815007,0.0080078129105,0.3101026580883,0.4829105889362,0.5054684067106,0.2415100750088,0.2643590971281,0.6825884943996,0.2185241734183,0.5284203170019,0.7717813286936,0.4824949627316,0.1605254825949,0.5966169443102,1.0000000000000,0.7520860462594,0.2137215150737,0.3901477703238,0.3198155120820,0.4310401253997,0.2664435879084,0.4241455231213,0.5574497463361,0.5622793115585,0.3252503252840,0.6120075426433,0.4782991407634,0.0022057801750,-0.1037412287850,0.2676850378621,0.4907304920260,-0.1668293074072,0.1139580944635,0.0366266319463,0.2634020415448,0.0832227377372,-0.0147869462687,-0.2912263456697,-0.2634406277938,-0.2545991261626,0.0641804762462,-0.1720171382353,-0.0302416733661,0.0528585814379,0.0717547400494,-0.2457176556147,0.0863342135693,0.1402391340806,-0.2418878752172,-0.1158525871025,-0.4008336028767,0.0522184676695,-0.0908474281215,0.0487435684024,0.0016993173417,0.0655975616951,0.0213462147208,-0.3397840912038,0.2834296728894,0.0953041908307,-0.1932328205347,-0.1945371100142,0.1511177119792,0.0035533795196,-0.1441995292578,-0.0706550604405
0.5833895864310,0.4822847075625,0.5801509945532,0.5729995549511,0.1657198145046,-0.1532634636145,0.1747810365239,0.5825384256578,0.3498015870566,0.2825689727939,0.1543825049516,0.6220518891362,0.1837086978700,0.3361691199326,0.6018452515547,0.5139762631192,0.2424079022199,0.8599165813187,0.7520860462594,1.0000000000000,0.2342832710875,0.4861577835418,0.4373515468565,0.6082003706855,0.3415996009651,0.6036795614672,0.7024796792703,0.6388540083223,0.3615921542944,0.6803270089581,0.6663661937237,-0.0799960857772,-0.2004641779755,0.3684961448553,0.7247279916458,-0.0934471467200,0.3258894016886,0.0185427536759,0.4803081661066,0.0234536194818,-0.1363609853337,-0.4403439463888,-0.1843573384207,-0.3535136935909,0.1612791505979,-0.2804402491359,-0.0245585429764,0.0221480497050,0.0866562074322,-0.2879380733791,0.1002133186479,0.2293903972807,0.0156944867891,-0.2594148152761,-0.2962613597048,-0.0227033286729,-0.0699846195112,0.2662106465281,0.1079206348016,0.1669118006592,0.2926916179521,-0.2277908376214,0.3628387825982,0.1073935105602,-0.2013868570688,-0.1121014699326,0.0647084110894,-0.1349916429664,-0.1115199002806,0.1070308570195
0.4901545839644,0.3880008425655,0.3212641937404,0.3886284892360,0.7850860168905,-0.0511558863492,0.3361981818041,0.3846383015269,0.1322244055878,0.5913133943453,0.4510468832130,0.3612557913463,0.8301523268280,0.2928391542059,0.2346286435525,0.3916201187677,0.5080843870487,0.4012947117838,0.2137215150737,0.2342832710875,1.0000000000000,0.5680899735406,0.5100124185730,0.5121644896580,0.6288630465685,0.2236404862482,0.2941133109443,0.4436153519832,0.6443476773743,0.4011310250422,0.4935716912390,0.0704048669465,-0.1418307249191,0.3819788033054,0.3076774975371,0.2428906970748,0.3134119789756,0.0532062172576,0.2557228546582,0.7539702006759,-0.0967722974919,0.0267416406579,-0.0499049584744,-0.0249049505765,0.3847557923162,0.1581269975955,0.0697489107402,0.7168368568864,0.1529599082852,-0.0121999362399,0.3222475828607,0.5135223952261,0.1572408786493,-0.0351516606611,-0.1012134179601,0.8118636356266,0.3551456585358,0.4609272335738,0.4004056591468,0.5659098753756,0.0801356393590,-0.0568102442372,0.2923341324899,0.5458737792400,0.1624135653517,0.1407557384542,0.1874287330456,-0.0266381835698,0.2194740669778,0.1651923308163
0.6793306489166,0.4610118896916,0.5694629733812,0.4349183306041,0.5270401993575,-0.1199335573647,0.2042723115066,0.5719760724044,0.2153826182452,0.4491807723884,0.3289669028249,0.4251896840319,0.5075665956868,0.2588963678890,0.4068262377391,0.4470608080211,0.7006731857832,0.6037242883837,0.3901477703238,0.4861577835418,0.5680899735406,1.0000000000000,0.5944033875460,0.8156101058398,0.6025331224196,0.2886581691629,0.3932394613080,0.6192310348547,0.6986095400907,0.5989689279370,0.7292793786279,-0.0998899759666,-0.2155059539874,0.3727286566763,0.4766401403316,0.2028888802807,0.3110282933112,-0.0384171592031,0.2751746960475,0.4628499698157,-0.1376736333572,-0.2192743528167,-0.1852719856912,-0.1211072266660,0.3332682406728,-0.0369462016475,-0.0625458950263,0.3806963631003,0.0389108727972,-0.0964796472548,0.1935044504902,0.6175588232650,-0.0231895239353,-0.1626368190011,-0.2762352490962,0.3930999945419,0.4563082088774,0.5073163514805,0.4982512194913,0.4274700388845,0.0530661006152,-0.2354749937331,0.3586638864377,0.4636998560336,0.0917059937656,0.0252652165889,0.1127067416960,-0.0979985569596,0.0522004703151,0.0333847860603
0.5578137758433,0.6456201022914,0.4619591954064,0.7088069703059,0.4910419096135,-0.1767512691498,0.2337551679578,0.5525875962847,0.0743334635814,0.6208371112683,0.2210100157944,0.4482240888799,0.4232826875504,0.3110503007577,0.3017276543856,0.4739795679842,0.5250292391455,0.5579322844687,0.3198155120820,0.4373515468565,0.5100124185730,0.5944033875460,1.0000000000000,0.5588036777851,0.7008239950250,0.4852224423096,0.5065430997465,0.6023169119603,0.5541871271479,0.4973345065415,0.6949264619808,-0.0040682348373,-0.1448321046853,0.5540934012373,0.5730262515662,0.3226335287663,0.5952786481934,0.0643495207408,0.5584860765184,0.3450207502602,-0.0572954251804,-0.1028926825417,0.1585372541952,-0.0018606913391,0.6687948543047,0.1057534707128,0.2264618844403,0.4052346764695,0.2909691677026,0.0773705033736,0.4197590346961,0.5496248340103,0.2292779780506,0.1146882427509,0.0517592829343,0.3758328785563,0.4114463790030,0.8104762618499,0.4292754488435,0.6456673794605,0.3596631861967,0.0705185762062,0.4997978163733,0.4677866692467,0.2526581966303,0.2935448684718,0.1726591620325,0.0391635316224,0.3255965670884,0.4246955927963
0.6216305076464,0.5103712456526,0.7534564246728,0.4788323960265,0.3909899720683,-0.1013969425748,0.0757158651974,0.5806379863867,0.2388432647568,0.3052570188429,0.1762223554459,0.5034451680156,0.3120062527222,0.2187553517903,0.4508913568149,0.4864837848039,0.7306043554489,0.7625754503143,0.4310401253997,0.6082003706855,0.5121644896580,0.8156101058398,0.5588036777851,1.0000000000000,0.5335509263712,0.4602033388643,0.5409683990582,0.7656279152926,0.6193313050600,0.5837725024726,0.7706339494089,-0.2106941162377,-0.1818635102449,0.3383188445187,0.6183116662011,0.0781135578389,0.4065204254155,0.1268432539162,0.3926368535005,0.2192773776628,-0.1384259384918,-0.3863427694524,-0.1534203350899,-0.1896714394115,0.2150092283091,-0.2277169328020,-0.0197499492290,0.1627344349879,0.0532267764919,-0.1886480010366,0.1898685237798,0.6704758247977,0.0908365625897,-0.2611317246146,-0.2748284998100,0.2124018366870,0.2776452678357,0.5320725658980,0.5108113367909,0.4000451139904,0.2252797016581,-0.2050387157381,0.5199683387294,0.3483405755594,-0.1146350895020,0.0716471460693,0.0133502325210,-0.1520938593891,-0.0348438669944,0.1176553062502
0.5716472678780,0.5151016869623,0.4416344878746,0.5752632299920,0.7017264985193,-0.0280955145391,0.2967412733240,0.5919319420974,0.1297501232570,0.7310837166204,0.2842653629010,0.4267052413752,0.5525129316279,0.3768084128223,0.2781973063771,0.5450278498263,0.4438273321738,0.4247235009038,0.2664435879084,0.3415996009651,0.6288630465685,0.6025331224196,0.7008239950250,0.5335509263712,1.0000000000000,0.4213360552444,0.4556311819465,0.5821828868436,0.7461484267889,0.4786965786094,0.5489992542305,-0.0276040805666,-0.0186471708472,0.4035886973521,0.4758719259300,0.2856987007593,0.4368983889471,0.1597462933108,0.4792948304353,0.5486058907298,0.0445815354642,0.0357686842865,0.2239372640719,0.1075975461518,0.6565797184864,0.0735013139550,0.2065941111622,0.5018474830749,0.3052229224051,0.1328784619643,0.5067213110368,0.4826816511388,0.1554148491774,0.0364299218051,-0.0644643421700,0.4923722990858,0.3800610205246,0.6502122377596,0.4119301146113,0.8459486248974,0.2826633828355,0.0666215064467,0.5109408481297,0.6015353779461,0.2031242989647,0.2293346014331,0.2214826226468,0.0950664629491,0.2913131923652,0.3118313278666
0.3508349564746,0.6268058246697,0.4584242106563,0.7171034295489,0.2398569863603,0.0123873864103,0.2572910995635,0.4737844137712,0.3573570340827,0.3691196691365,0.1455366518675,0.5780399508150,0.1174084829866,0.5342375359023,0.4939086706033,0.6175383031703,0.1657973927411,0.5126353730291,0.4241455231213,0.6036795614672,0.2236404862482,0.2886581691629,0.4852224423096,0.4602033388643,0.4213360552444,1.0000000000000,0.7094693877613,0.6727405969490,0.2888887129435,0.5704421569048,0.4819592008882,-0.1993791920930,0.0581331072565,0.5159769273818,0.7614001946283,-0.0373462895707,0.4644124045056,0.1355660813302,0.7392743566234,-0.0026056539410,0.1697849494902,-0.1652951583240,0.0697853542540,-0.1255946202292,0.3455784261319,-0.1973739559687,0.2737628268882,0.0357104361770,0.3655422474409,-0.1618615997097,0.3333494563458,0.2331032380643,-0.0002994575412,-0.2239266038176,-0.1698273923565,0.0126246735695,-0.0696135263139,0.3589503944169,0.1100060377505,0.3570967593327,0.7435070150958,0.0488511148928,0.5768763188006,0.1105227161147,-0.1163649252987,0.0607960142232,0.3197466979733,0.1661562922284,0.1726687532680,0.3664989198704
0.5661436767726,0.5813155552928,0.5978854784339,0.6293782550001,0.2995030468892,-0.0222426003680,0.2815103624623,0.6756819093463,0.2646355505249,0.2684551333174,0.2682021856987,0.5656772230875,0.2379060986019,0.4026866219643,0.5187898061372,0.4809327388747,0.1846984297572,0.6892686362994,0.5574497463361,0.7024796792703,0.2941133109443,0.3932394613080,0.5065430997465,0.5409683990582,0.4556311819465,0.7094693877613,1.0000000000000,0.7700983678479,0.4402348000692,0.6027239454815,0.6381802823306,-0.0452100779286,0.0521650432827,0.4400527805400,0.7090653085598,-0.0668764390435,0.4153810471447,0.1384267920894,0.5335276933763,0.1194027731183,0.1044720736023,-0.1465395361117,0.0736167823547,-0.1550687479526,0.2159292760382,-0.1678904217196,0.1529902197570,0.1374767861987,0.1367765843045,-0.1372122052904,0.1870335378146,0.2654984503500,-0.0301577424070,-0.1379086222391,-0.2111857392588,0.1131247120769,-0.0324824970424,0.3423473841898,0.1031464153295,0.3432417299950,0.4406359978325,0.0672401209973,0.5463300138794,0.1999796798585,-0.0967217955601,-0.0132385311136,0.3391714594545,0.1168336189106,0.1052500482368,0.1969508691751
0.6679406219326,0.5495230384713,0.8035461645478,0.5908638636445,0.3999453369260,-0.0701211621153,0.2407849840447,0.6962783341694,0.3133964481377,0.3876302033874,0.3266445355019,0.5898775465422,0.3200865767339,0.4851092867372,0.5852322036137,0.5429177661314,0.4845812001076,0.6976870160422,0.5622793115585,0.6388540083223,0.4436153519832,0.6192310348547,0.6023169119603,0.7656279152926,0.5821828868436,0.6727405969490,0.7700983678479,1.0000000000000,0.5820274086578,0.5896339636211,0.6678752332483,-0.0693749131726,-0.0656495684888,0.4108983002503,0.6459289268324,0.0392209058358,0.3906850836345,0.2043465237816,0.4763769144200,0.2177017069890,0.0420276313490,-0.2254761777415,-0.0340843739848,-0.0993110410805,0.3095384043318,-0.0843341615478,0.1089565224818,0.2136397549131,0.2023114838082,-0.0585103825964,0.2384725479192,0.5097490858433,-0.0102578281046,-0.1852651848359,-0.2644165775979,0.2498893861633,0.1682202725380,0.4110613891766,0.3339577231435,0.3946329636050,0.3716990303871,-0.0949556687514,0.7412170106186,0.3703938833290,-0.0613672249173,0.0240080771598,0.3000153367751,0.0812861552661,0.0473805485876,0.1632576037532
0.5861438937459,0.4137223195607,0.4116749888339,0.4244368344145,0.7239696073724,-0.0898233939866,0.3689378189105,0.5472088542282,0.2284951500654,0.4516332164912,0.4749049850354,0.4510993087224,0.6363453559646,0.3853100096265,0.3541059063712,0.4611927233182,0.5120370676239,0.4662611395797,0.3252503252840,0.3615921542944,0.6443476773743,0.6986095400907,0.5541871271479,0.6193313050600,0.7461484267889,0.2888887129435,0.4402348000692,0.5820274086578,1.0000000000000,0.4874319092813,0.5423070654178,0.0507735764669,-0.1731514243533,0.3238528662337,0.3555028961074,0.3300456446082,0.3284429220032,0.0976945746820,0.2783628796486,0.6149188371767,-0.1058635293057,0.0457262559653,0.2013574001939,0.0949369378630,0.4219880067659,0.2164993524196,0.2072034980434,0.5619771917797,0.2424831098555,0.1163950099934,0.3582926043248,0.5376864144434,0.1901762987915,0.0008564314736,-0.0976543772171,0.5555326894501,0.4789626725789,0.5507953640406,0.4914546575911,0.6653639922917,0.1131884269653,0.0136616934633,0.4573871692437,0.8108530502422,0.2406044385229,0.2957299855761,0.2884237346796,-0.0176826674606,0.2017092474334,0.1852291810827
0.7332811969583,0.5660168969846,0.4462636988607,0.5812981820514,0.4052842800681,0.0901159363153,0.4340048429136,0.5203673178800,0.4945502336742,0.4199267154258,0.3678575761988,0.5892882448859,0.3863877638046,0.4414494122841,0.7221294876492,0.6651898663168,0.3013866658178,0.6743685839124,0.6120075426433,0.6803270089581,0.4011310250422,0.5989689279370,0.4973345065415,0.5837725024726,0.4786965786094,0.5704421569048,0.6027239454815,0.5896339636211,0.4874319092813,1.0000000000000,0.6921493064315,-0.1016126942721,0.0637785099697,0.6262679244669,0.6952374796992,0.0955215248864,0.3586127541034,0.0636347043390,0.4551282564368,0.2774814981991,0.1035363754480,-0.1730440865033,-0.0483200900023,-0.2697428545660,0.3076343923088,-0.1545649224565,-0.0004431694124,0.2446269694869,0.0583667956923,-0.2215841522305,0.2901784783090,0.3656377322566,-0.1298659976526,-0.3198408696734,-0.3962301207036,0.2023671398468,0.1131330133246,0.3749797809385,0.2344475359651,0.3799537837090,0.2325256298436,-0.2345814966790,0.3691394458653,0.2809902621981,0.0465019767217,0.0121345397513,0.1825251012590,0.1166824304388,0.1781033059450,0.1771733748830
0.6461731961377,0.6716682729418,0.6408949941017,0.6237298275953,0.3870643965422,-0.0969032735831,0.2346217923933,0.7067479336307,0.2269754368705,0.4051393396995,0.2283714424911,0.5383724944721,0.3694266942770,0.2411731573645,0.4419691232853,0.4711948895375,0.4822911967427,0.7713454840412,0.4782991407634,0.6663661937237,0.4935716912390,0.7292793786279,0.6949264619808,0.7706339494089,0.5489992542305,0.4819592008882,0.6381802823306,0.6678752332483,0.5423070654178,0.6921493064315,1.0000000000000,-0.1296473693919,-0.0995970443311,0.5066122808793,0.7378462716118,0.0251355850678,0.5179202806562,0.0671233079299,0.4824132466980,0.2934754488770,-0.0693418745961,-0.3227908679704,-0.2063937621283,-0.2504355208149,0.2707748351896,-0.1861689894016,-0.0110764076508,0.2369923433049,0.0284689179242,-0.2506854043768,0.1852255675774,0.4165760911982,0.0789731881787,-0.1713038177639,-0.2082823644829,0.2388241024490,0.1741440795282,0.5322378766415,0.3384356984214,0.3632338672794,0.2568602992842,-0.1506155815210,0.4322212185768,0.2788396071330,-0.0108764294948,0.0444262356001,0.0857237905890,-0.0410722116934,0.0708047567715,0.1978079999866
0.0535445908138,-0.1592403957781,-0.1690782466840,-0.0815535658609,0.0535240994172,-0.0880369808644,0.0083720149961,0.0215307438799,-0.1664255865175,0.0164717560697,0.1663748397882,-0.0040719709427,0.1671780810670,0.3214478743309,-0.0452991110477,-0.1450276785905,-0.1001673099926,-0.0284812785080,0.0022057801750,-0.0799960857772,0.0704048669465,-0.0998899759666,-0.0040682348373,-0.2106941162377,-0.0276040805666,-0.1993791920930,-0.0452100779286,-0.0693749131726,0.0507735764669,-0.1016126942721,-0.1296473693919,1.0000000000000,-0.0598524313849,-0.0754808017936,-0.2588771494668,0.1464420419526,-0.0429983274808,-0.1140391922763,-0.2024725395055,0.1611086618149,-0.1479185661097,0.0756320331830,0.1154000639939,-0.0198068736946,0.0632922320225,0.3145331153897,0.0570998374562,0.2422825267526,0.2983094188386,0.1968712748010,-0.0869271371331,-0.0863362187389,0.1097393258784,0.2442090777934,0.1722357130820,0.1914488134306,0.1218591427212,-0.0281645058496,0.0310445962128,-0.0374300104916,-0.0936441861420,0.0730181990379,-0.0749245006967,0.2083098709568,0.2364796746882,0.0134621309060,0.4091082951753,-0.0255028067368,0.1116085102646,-0.0642983172063
-0.1583210707944,0.0375439549000,-0.0709208489167,-0.0268655657219,-0.0622625008045,0.7056743676492,0.1977657579935,-0.0821160923613,0.2340057162532,-0.0627900032418,-0.0576911167912,-0.0201947949448,-0.1631028730061,0.1160940170331,0.0760914087746,0.1602419534492,-0.2458336474987,-0.1859058705500,-0.1037412287850,-0.2004641779755,-0.1418307249191,-0.2155059539874,-0.1448321046853,-0.1818635102449,-0.0186471708472,0.0581331072565,0.0521650432827,-0.0656495684888,-0.1731514243533,0.0637785099697,-0.0995970443311,-0.0598524313849,1.0000000000000,0.0070584173271,0.0275207032869,-0.1866610823472,0.0033921241327,0.1468464663955,0.0425657173947,-0.0960956181310,0.6873646998974,0.2889494989607,0.1214229428955,0.0912427896378,-0.0900573614864,-0.1364092691772,0.0645085982320,-0.1148970973105,-0.0298948862867,-0.0823184748127,0.0984986829553,-0.1598645516386,-0.2373501264940,-0.1292344523373,-0.1203091833391,-0.1226867073354,-0.1388559573803,-0.0853306104424,-0.1349476093542,0.0209151365623,0.0741779654788,0.0883852504069,0.0079430993119,-0.1506387626697,-0.0942526149760,0.0151594949816,0.0856065840282,0.6669254086273,0.0673909260234,0.0386373540163
0.4231057200218,0.6057688143990,0.2942316082380,0.6669971786833,0.3941357496420,-0.0283220317520,0.3365368511665,0.2981715687861,0.2661698616556,0.4047961769360,0.2614711505051,0.3556885355434,0.3163387439246,0.2449782466770,0.3629052211862,0.4490513034147,0.2050775142993,0.4443655991722,0.2676850378621,0.3684961448553,0.3819788033054,0.3727286566763,0.5540934012373,0.3383188445187,0.4035886973521,0.5159769273818,0.4400527805400,0.4108983002503,0.3238528662337,0.6262679244669,0.5066122808793,-0.0754808017936,0.0070584173271,1.0000000000000,0.6465562403255,0.2287841616967,0.5159976116723,0.1713770223725,0.5694761295647,0.2266444456024,0.1211923844785,0.0114968318372,0.0616321776845,-0.0461910716658,0.3853248779223,0.0059675198428,0.2208601702916,0.2414363339734,0.0793017411572,-0.0355536683134,0.3774775097768,0.2777008157225,0.0684096490640,-0.0050449684730,-0.0746244868734,0.2395343562114,0.2058380944344,0.4672069388937,0.2424885790273,0.3974486243236,0.3774038743204,0.0279535386155,0.3934412432074,0.2538794753335,0.1820519614906,0.1820285423793,0.1725720646383,0.1156939910629,0.5199789761260,0.4762169055691
0.4890844293594,0.7623231116433,0.5877636026266,0.7533279673974,0.2442159943724,-0.0545496864074,0.2259763886601,0.5293306644832,0.2658615168990,0.3499343993157,0.0681140062440,0.5838758202623,0.1637766573811,0.2861292274695,0.4260904013542,0.5903539342626,0.2567938246437,0.7157742719193,0.4907304920260,0.7247279916458,0.3076774975371,0.4766401403316,0.5730262515662,0.6183116662011,0.4758719259300,0.7614001946283,0.7090653085598,0.6459289268324,0.3555028961074,0.6952374796992,0.7378462716118,-0.2588771494668,0.0275207032869,0.6465562403255,1.0000000000000,-0.0270522662840,0.6434264076536,0.1362473479619,0.7535102159564,0.0239309505321,0.1559926418776,-0.2389132416492,-0.0629756843196,-0.1782529937778,0.2567493974634,-0.2754398388566,0.1568241768066,0.0420660146772,0.1125399209519,-0.2001858705777,0.3283912389361,0.2850039118723,0.0919952717082,-0.1745793575729,-0.1718719169327,0.0238528883569,0.0083164458382,0.4850244489592,0.1972510215109,0.3678202643994,0.5750851111890,-0.0394142253510,0.5136927395354,0.0876140080908,-0.0530726857396,0.1092889617305,0.0892272013915,0.1370887564150,0.2419623302745,0.4404123338318
