1.0000000000000,0.1769795938439,-0.0593582546533,0.7018987765435,0.5417364114536,0.4875967824175,0.4861281388680,0.2392278992005,0.2248805642870,0.6074973183591,0.1068539428822,-0.3979964999297,0.6357036641527,-0.6071554458737,0.4629126736546,0.6325264585893,0.2342897382960,0.2514189816466,-0.1360137220487,-0.0155857485753,0.7299024412017,-0.0111354197744,0.6686162423282,-0.0470465019688,0.4660774978574,-0.5579869579781,-0.4390508679796,-0.4959551868999,0.1171372238611,0.6924167863957,0.4979908728972,-0.2699670126510,0.2693447573898,0.6392555278998,0.7064409657473,0.7936455178659,0.1259470966819,-0.3399482809960,0.6549869758308,0.5544380033023,0.5331109070654,0.6063054813910,0.5862616277216,0.2695968898046,0.5867955732674,0.5393087752153,-0.3346630790313,0.6679011635027,-0.5545969916007,0.5004124585070,0.6235905753570,0.3515760209361,0.1140869857081,-0.3140541281432,-0.2570655955039,0.7062197227111,0.1102801223211,0.6204169849553,-0.1513631373712,0.6289543386320,-0.5113780893094,-0.6295988912498,-0.6282876583011,0.1923616528867,0.6232866596401,0.5390434375224,-0.2969221566926,0.1851344023421,0.6167571021380,0.6752537927028
0.1769795938439,1.0000000000000,0.2076350712277,0.3818721991917,0.2416439761101,0.0021943832037,0.0137174752215,0.0795399700647,-0.0907230692389,0.1799036825989,0.1018916087465,-0.0333782929132,0.2224314108062,-0.1003206709526,-0.0763626019043,0.0507822446461,0.4799570860069,0.2165405324951,-0.0005808877436,0.0821121115150,0.2740508423839,0.4271376183897,0.4458862822931,0.4254911591390,0.3691726419421,0.1417520525016,0.1272312471831,0.3189725807048,0.4865567126343,0.2564622273682,0.4010241914567,-0.1079335307751,-0.0313666379718,0.2544323955977,0.2946360697757,0.1405487050514,0.6361203630084,-0.0054239501574,0.3729939207594,0.2922433462903,0.0358765952483,-0.0018077940544,-0.0492191963274,-0.2024799340813,0.1249026750703,-0.0060515619045,-0.0578331813044,0.2450136776323,-0.2147355657369,-0.1481139332131,0.1004143939737,0.4085891466129,-0.1960087712035,-0.1799036216677,0.0160129050156,0.2565665507622,0.3351086899975,0.3527164825710,0.3355300946959,0.2597638606051,0.0461655201458,-0.0652114192132,0.0825885319764,0.4682202379891,0.0486884661962,0.0873248130410,-0.2896785455402,-0.0087561396860,0.1202356027003,0.2436033217273
-0.0593582546533,0.2076350712277,1.0000000000000,-0.0574687167829,-0.1938290655702,-0.2583631444332,-0.4098113304999,0.2613892589314,-0.1210136880508,-0.0596173057713,-0.1686656026554,-0.0233058437206,-0.2677840984071,0.0150065002517,-0.0671823500441,-0.2086162856289,0.3008524648116,0.4938208547251,0.0680464146209,0.1834308671523,-0.1436761677718,0.4328797908947,-0.0336258228662,0.6293663332376,0.0599609253328,0.0863719204688,0.3184718191345,0.6665260911240,0.2273020961195,-0.1157573510277,0.2817539651720,-0.0993446228796,-0.1585427861686,-0.0318398791412,-0.1460136561127,-0.2264263216893,-0.0297195397209,0.6492155060093,-0.0447786013550,-0.1778621776502,-0.2476835264798,-0.2917172594119,-0.2177523659327,-0.3269801994633,-0.1153093830166,-0.3726117870864,-0.1587394433910,-0.1754156101600,-0.0642620820563,-0.3041951331406,-0.1524504692870,0.1200947078185,-0.1001845982929,-0.1778726570053,-0.1188116741830,-0.1642949776582,0.1991935192402,-0.1919813037381,0.2451398161653,-0.1655708338653,0.0414738627169,0.0759273616189,0.4554057822622,0.0032184353478,-0.3543009516928,-0.1791014736546,-0.1496449915478,-0.2493633794922,-0.1823248759424,-0.1861067658721
0.7018987765435,0.3818721991917,-0.0574687167829,1.0000000000000,0.6665729550873,0.5270829017794,0.4489822154353,0.2556932653294,0.0572270584376,0.8688632567718,0.0269104048989,-0.5716752323795,0.7832463798863,-0.6062567323122,0.3338677168936,0.8121151533836,0.3991006024637,0.0575857151844,-0.2588100264880,-0.2309327091789,0.8417774195609,0.2416424695355,0.8752103993200,0.1075419034036,0.6779221828172,-0.5623155553094,-0.6195538146724,-0.4778559769201,0.2169360787388,0.6543928696744,0.6075568110803,-0.2174629592337,0.2238402272879,0.7516414036510,0.7940116559490,0.7793111325120,0.2014987134487,-0.3241504202726,0.9281608515142,0.6870999053867,0.6738845945794,0.6738748471158,0.6715062371984,0.3032364114796,0.8380411437782,0.5623881781065,-0.3685526508474,0.8268790493357,-0.5766045832834,0.5793796357999,0.7859731079201,0.5058470876975,0.0935851863533,-0.3040500608184,-0.2986239649006,0.8604191587312,0.4328219476579,0.8577602001962,0.1277300327745,0.8411388501620,-0.6122566648644,-0.7809160734349,-0.6663814369729,0.3156072987242,0.6947381844198,0.7060929750541,-0.2570548440885,0.3680809009315,0.7384245242313,0.8453762287617
0.5417364114536,0.2416439761101,-0.1938290655702,0.6665729550873,1.0000000000000,0.4329804879426,0.4924500986331,0.2839146295509,0.1102208038579,0.6041841624635,0.4155146700481,-0.3315163112446,0.8634426251560,-0.5327552366614,0.1703770602457,0.5720946875620,0.3117287751519,-0.0375270491482,-0.1211924668529,-0.2003163160465,0.8761481356973,-0.0211627190146,0.6835089883740,-0.0561687914237,0.7591436817053,-0.4875718071550,-0.4182882038721,-0.5095921584242,0.3364385290069,0.3989566351012,0.3545760025161,-0.1616870967857,0.0653742439347,0.5942925651249,0.5323677643606,0.6268982930798,0.2038429951858,-0.2925797235393,0.6170952321747,0.9577303186362,0.4373081814613,0.5538656892644,0.5832685765100,0.2084813155063,0.5574182467267,0.6783801667883,-0.2450992149185,0.8112733575387,-0.4800667452463,0.3148154010750,0.5753389141076,0.3740780763681,0.1458909484592,-0.2090902949970,-0.1361299226010,0.8575363208234,0.1142733159248,0.6560223219196,-0.0191718875611,0.7443974608538,-0.4431077698480,-0.5123338207747,-0.5510286581518,0.4803735834918,0.4089303028815,0.4315971161730,-0.2252073300475,0.0535102390453,0.5355628254317,0.5798904060743
0.4875967824175,0.0021943832037,-0.2583631444332,0.5270829017794,0.4329804879426,1.0000000000000,0.7272228087472,-0.0231215459637,0.5009315523517,0.3957015888843,0.1097908835739,-0.1462303056460,0.5757277861021,-0.4005288360737,0.3855562860332,0.7300970278706,0.0758399695325,-0.0586494495021,0.1573827117876,-0.1112482296811,0.5352860183904,-0.1302879267286,0.3797548226249,-0.2109252907157,0.2402272575179,-0.3854226882785,-0.3337883611665,-0.5279093594955,-0.1172080540200,0.4356063576260,0.1548662473065,-0.3697904505638,0.6257523278493,0.4763212955061,0.5243600240727,0.5619031372600,-0.0968600585635,-0.2883012521790,0.5078526105858,0.4035108265292,0.8021576263885,0.7827215104448,0.3438443436582,0.6663257308062,0.4174196664692,0.3947487298933,0.1037962313732,0.5646894032372,-0.3085019943082,0.5909585722912,0.7036929846192,0.1858550946452,0.1201660348590,0.2185410661914,-0.0166642872023,0.5441558226382,0.0149228906035,0.4069578352502,-0.1792542837439,0.4524618605829,-0.4007183626935,-0.4819549049733,-0.5666833088261,-0.0234501867457,0.4974799077431,0.3488450437673,-0.3769085304895,0.1525001406125,0.5102654169012,0.5975957901115
0.4861281388680,0.0137174752215,-0.4098113304999,0.4489822154353,0.4924500986331,0.7272228087472,1.0000000000000,-0.0048641937130,0.6937612153514,0.3243328699992,0.4200608768848,0.0075528083542,0.6464812188626,-0.2494126559392,0.6186356811229,0.5809964450719,-0.1053174142997,-0.0209133896911,0.2263007414886,0.0839870988324,0.5455369737315,-0.3135292897357,0.3023911520612,-0.3985665578165,0.2699696953425,-0.2208286155072,-0.2611817193550,-0.5809395455370,-0.1128175298386,0.5293435402543,0.0340413422130,-0.3255175998622,0.5883946679151,0.3872582302286,0.4894041450037,0.4974813881319,-0.0116899059534,-0.5194237510921,0.4451679585559,0.4796094755341,0.5888739151774,0.7269592186580,0.2951015643408,0.6656146132490,0.3190711899902,0.5962861034028,0.0999392826866,0.5477389435193,-0.1739578891905,0.5917323903331,0.5311630056489,0.0040801300515,0.0862737172441,0.1577659665260,0.0941512258850,0.5068862547333,-0.1804187133942,0.3215178678235,-0.3632511709227,0.4011408228703,-0.2191568528469,-0.3760528012220,-0.5904370650243,0.0030211557641,0.4915471150362,0.2123051453584,-0.2228958985568,0.1975953566755,0.4140063976429,0.4466186986194
0.2392278992005,0.0795399700647,0.2613892589314,0.2556932653294,0.2839146295509,-0.0231215459637,-0.0048641937130,1.0000000000000,-0.0542078446794,0.3251241555581,0.3884986241123,-0.2004402639720,0.1679675431669,-0.1041409955445,0.2370276766077,0.0849028084586,0.1729181726047,0.1485452835985,-0.1482031024250,-0.1088787098045,0.2351606590885,0.0796155018578,0.3840628762881,0.1478813308749,0.4751907566891,-0.1126800264259,-0.0599396204036,0.0858207625079,0.2127511276439,0.1935100838526,0.3735590489731,0.1323207789890,-0.0729215897366,0.3023731865812,0.1529407610592,0.1429887809572,-0.0672906170204,0.0685663760664,0.1568016017894,0.2950694062709,0.0041225370907,0.0181861253863,0.5057243128337,-0.2627078547858,0.2878704232497,0.3810483165434,-0.3061890107002,0.1771817789237,-0.2349067022290,0.0194582565212,0.0777956909132,0.2007874092605,-0.0503502196349,-0.2471308661436,-0.2474213109376,0.2106126889204,-0.0304064807580,0.2662379694041,-0.0921734354146,0.3737088156394,-0.1201705170179,-0.1221174476918,-0.0408793699095,0.3987950935030,0.0825013070095,0.1266463248410,0.0329814690622,0.1357507623145,0.1410202095262,0.1481888171942
0.2248805642870,-0.0907230692389,-0.1210136880508,0.0572270584376,0.1102208038579,0.5009315523517,0.6937612153514,-0.0542078446794,1.0000000000000,-0.0860385522855,0.3616119216732,0.4080455299601,0.1198687879112,0.0809293418626,0.6996119993410,0.1707195142886,-0.2718069541938,0.1276691564858,0.6268749334440,0.3342496339976,0.1020941493252,-0.3871452031189,-0.0558942620630,-0.3369753622833,-0.0765548582789,0.0110736485531,0.0834077564404,-0.2385438861324,-0.2126882199180,0.2540994490813,-0.1282728687389,-0.3617550601482,0.5535354042031,0.0107575239276,0.0788262663268,0.0824962024348,-0.0863032197560,-0.2311735289903,0.0897690395166,0.0560819553738,0.1284767617637,0.2925055859416,-0.0306741520625,0.5808230544927,-0.0954748716529,0.2225731674281,0.3532533332026,0.0265588974062,0.1643409117627,0.3066749696685,0.0779821981537,-0.2239218106145,-0.0190215296696,0.3191853559698,0.1868606718867,0.0343232447098,-0.4125838820141,-0.0989903274851,-0.4336284870251,-0.0234205907050,0.1036911096619,-0.0178058994655,-0.1772706604773,-0.2184803581748,0.0069772005321,-0.1765748731964,-0.1039664052377,-0.0939561894160,-0.0444847349814,-0.0417759493352
0.6074973183591,0.1799036825989,-0.0596173057713,0.8688632567718,0.6041841624635,0.3957015888843,0.3243328699992,0.3251241555581,-0.0860385522855,1.0000000000000,-0.0968762432824,-0.6588702641457,0.7137265683605,-0.5653276590582,0.2237043001294,0.7945710161010,0.3679520663906,-0.1147205855049,-0.3329985520776,-0.3859129441831,0.7593233805699,0.3092093566086,0.8356232731350,0.1054149173596,0.6842390913594,-0.5971043886901,-0.7004535860122,-0.4647423203148,0.1141080864218,0.5507342076407,0.5924137015554,-0.1279962928247,0.0823745024606,0.7109482740179,0.6770311128684,0.7335968893856,0.0389813108602,-0.3333029291382,0.7689977280237,0.6209725382727,0.5988080611667,0.6527513022180,0.7264503072499,0.2368718026924,0.9588720294263,0.5275034562584,-0.4575742404810,0.7970832552218,-0.5501576132678,0.5828437845450,0.7818726236734,0.4800789490107,-0.0220014193765,-0.3604676912330,-0.4433370813231,0.8053807357158,0.5015165894388,0.8465403634202,0.1615799612279,0.8722739715140,-0.6620619253945,-0.8358323974077,-0.6828285100744,0.2697703703217,0.6786370925113,0.7584183263079,-0.1925342945710,0.3348282697489,0.7523610859577,0.7824459503476
0.1068539428822,0.1018916087465,-0.1686656026554,0.0269104048989,0.4155146700481,0.1097908835739,0.4200608768848,0.3884986241123,0.3616119216732,-0.0968762432824,1.0000000000000,0.2325635861301,0.3000232076262,0.0579737949430,0.3133872707137,-0.0926923125691,-0.0547091533779,0.0221968711618,0.1829455826870,0.1846851951619,0.2441451882566,-0.3102413193857,0.0576547179716,-0.1823870452849,0.2012615675195,0.1279158723854,0.1182174866297,-0.0530691410086,0.1274945330604,0.2092777285773,-0.0059131721235,-0.0682832370919,0.0625855479558,0.1616072482596,-0.0148961512495,-0.0450165185338,0.2608888923651,-0.1629750378959,0.0033893270919,0.3693036860047,-0.1131122071117,-0.0113589711555,0.0167230306802,-0.0136023221647,-0.1582101666700,0.5939765257957,0.0759445472103,0.1120444786825,0.0852881999378,-0.0683499245389,-0.1230960753367,-0.1004468439550,0.0208084420804,0.0649517495757,0.2066351492114,0.1389751932406,-0.4378523736550,-0.0307671468251,-0.3073955787351,0.0339482022149,0.2355047009177,0.1806583963894,0.0576818955362,0.1466722003598,-0.0376053391173,-0.2433047980056,0.0896583306508,-0.0073424548852,-0.0465601575253,-0.1017960964824
-0.3979964999297,-0.0333782929132,-0.0233058437206,-0.5716752323795,-0.3315163112446,-0.1462303056460,0.0075528083542,-0.2004402639720,0.4080455299601,-0.6588702641457,0.2325635861301,1.0000000000000,-0.4392372280909,0.7577550109576,0.1282408592374,-0.5872315980613,-0.4140960007762,0.1860584522806,0.7128362854285,0.6093322387360,-0.4847910656460,-0.3591585321137,-0.5623246783257,-0.1966372689244,-0.3809798738663,0.6764432032779,0.6684980406932,0.3331589185060,-0.0913208812560,-0.2663720256621,-0.4369773307660,0.1093903458156,0.1797863497538,-0.5681949715787,-0.4074850061941,-0.5952247863549,0.0317978476953,0.0399843266867,-0.4685404546258,-0.3331135606700,-0.4756383140529,-0.4475647752948,-0.5092543544382,-0.0291996177824,-0.6723945257477,-0.2708554913771,0.8116223799141,-0.5604902733837,0.7506331951687,-0.3736005370972,-0.6464212964559,-0.4796523120681,0.0156252713227,0.6831131531391,0.6604836983653,-0.5554128543400,-0.5239061104470,-0.6078500393210,-0.2720343572118,-0.5318918932071,0.7242032543600,0.6895387408377,0.4416428919475,-0.1401334597078,-0.5680493089233,-0.6452081985149,0.1893114954725,-0.2884823722998,-0.6425639171078,-0.6113109669283
0.6357036641527,0.2224314108062,-0.2677840984071,0.7832463798863,0.8634426251560,0.5757277861021,0.6464812188626,0.1679675431669,0.1198687879112,0.7137265683605,0.3000232076262,-0.4392372280909,1.0000000000000,-0.5994030761796,0.2725964432952,0.7716233548213,0.2479975518062,0.0387142870155,-0.1602475568261,-0.1554475746368,0.9285006023818,0.0211611300009,0.7045508907109,-0.0964505245787,0.6702706995135,-0.5190063318031,-0.5057116375683,-0.5990073121880,0.2418680053986,0.5934268140144,0.3642434524464,-0.1926628246789,0.1742331381560,0.7353084640456,0.7032815860251,0.7547106492575,0.1389443360812,-0.4442089044584,0.7324483466192,0.8832988600498,0.6769317598263,0.7484263009320,0.5767924196819,0.3275397913585,0.6931306252156,0.7150874464485,-0.2990160836409,0.9518998178041,-0.5555383586706,0.5048295053142,0.7733106669970,0.3485248580032,0.1696534727965,-0.2168236681099,-0.1562703623410,0.9380033293308,0.2322520182349,0.7137740569962,-0.0258498221380,0.7647101239479,-0.5794986337774,-0.6630162024115,-0.7220178594032,0.3780001540520,0.6771334987092,0.5449117027843,-0.2704400140516,0.2828010290471,0.7463964463190,0.7607646351947
-0.6071554458737,-0.1003206709526,0.0150065002517,-0.6062567323122,-0.5327552366614,-0.4005288360737,-0.2494126559392,-0.1041409955445,0.0809293418626,-0.5653276590582,0.0579737949430,0.7577550109576,-0.5994030761796,1.0000000000000,-0.0595403884490,-0.6436420490772,-0.3816180826864,-0.0340122510165,0.3675078750022,0.3152733471438,-0.6223469502513,-0.1455242849722,-0.6155092237059,-0.0717726047797,-0.4691797727684,0.8135503630597,0.5019127143658,0.4722815171445,-0.1581223902694,-0.3733250794223,-0.4241204871582,0.3313382651992,0.0462768178817,-0.6062873755203,-0.4836258691567,-0.7509473960366,-0.0512801109589,0.1139353000716,-0.4985906342859,-0.5388552109179,-0.5724196994051,-0.6373571283768,-0.5026071304681,-0.2273629813466,-0.5705135686462,-0.3914294533133,0.6335010077001,-0.7012290078437,0.9159323966252,-0.4194981566937,-0.7400539913897,-0.4463511974919,-0.1078897119164,0.4991337937806,0.4124726168565,-0.6810200400885,-0.3044520107078,-0.6362534524457,-0.0795925557991,-0.5889016697934,0.7935559954542,0.6856556220931,0.5890107327517,-0.1663081046721,-0.5691514716203,-0.5820978562494,0.4893726601109,-0.0626409981535,-0.6731711044806,-0.6515140032419
0.4629126736546,-0.0763626019043,-0.0671823500441,0.3338677168936,0.1703770602457,0.3855562860332,0.6186356811229,0.2370276766077,0.6996119993410,0.2237043001294,0.3133872707137,0.1282408592374,0.2725964432952,-0.0595403884490,1.0000000000000,0.3404848115645,-0.1817539275806,0.2523763575168,0.3860622103985,0.3317344146886,0.2734828947301,-0.3406620744806,0.1945092846828,-0.3530706927165,0.0933228333310,-0.1413704358550,-0.1272209559126,-0.2841559374022,-0.2443287568787,0.5968505262020,0.0694549574487,-0.2148679706020,0.4999930741989,0.2592159111884,0.3805294040808,0.3056430497778,-0.0757814431785,-0.3138408075906,0.3496739083524,0.1529879926563,0.2949337763849,0.3766851163441,0.2899039735743,0.4161963590419,0.2064920103252,0.4456631822189,0.0536772225201,0.2293715398611,-0.0070724729367,0.5102343296729,0.2482351555635,-0.0702653348759,0.1335329977881,0.1189601037228,0.0372223727014,0.2185998572949,-0.2968120595736,0.1443902918714,-0.4794728848694,0.2181579830365,-0.0901553348450,-0.2601721347983,-0.3446418390378,-0.1827056224002,0.3331313637494,0.0697166285466,0.0001556324971,0.2908133018289,0.1968952457333,0.2462797425948
0.6325264585893,0.0507822446461,-0.2086162856289,0.8121151533836,0.5720946875620,0.7300970278706,0.5809964450719,0.0849028084586,0.1707195142886,0.7945710161010,-0.0926923125691,-0.5872315980613,0.7716233548213,-0.6436420490772,0.3404848115645,1.0000000000000,0.2830726784525,-0.0953173266358,-0.2106226270557,-0.3439171359325,0.7701054601905,0.1214146191722,0.6661121866648,-0.0507205391411,0.4899772423055,-0.6369942740061,-0.6627071874596,-0.6425601354503,-0.0230516355412,0.5771060508950,0.4167520260033,-0.2217038804809,0.3390339292230,0.7170168680615,0.7467778504697,0.8134266316830,-0.0756744450621,-0.3650805455043,0.7530956694819,0.5645426174986,0.8588189228496,0.8828308840008,0.6171464121779,0.5151086706509,0.8120907318227,0.5063098974344,-0.3424119608528,0.8346021627148,-0.5787781409139,0.7122242960714,0.9404983077541,0.4247570918834,0.1175526650195,-0.2251702129570,-0.3651430641014,0.8092560894753,0.3503399957893,0.7181437967695,0.0187655504533,0.7524015907260,-0.7191057763135,-0.8463301666846,-0.7746419059383,0.1146963034865,0.7643515561458,0.6924437671801,-0.2963886812149,0.4055992089445,0.8083304774522,0.8763179318520
0.2342897382960,0.4799570860069,0.3008524648116,0.3991006024637,0.3117287751519,0.0758399695325,-0.1053174142997,0.1729181726047,-0.2718069541938,0.3679520663906,-0.0547091533779,-0.4140960007762,0.2479975518062,-0.3816180826864,-0.1817539275806,0.2830726784525,1.0000000000000,-0.0632059760483,-0.2566188450467,-0.3000986793948,0.3612950365814,0.5550530661722,0.5407838160543,0.5436922257064,0.5083272860863,-0.2632734909234,-0.1698390687709,0.1499813510924,0.4101669737147,0.2113525949305,0.5029581583925,-0.1158408764365,-0.0865989901077,0.4170471670396,0.3077648023248,0.3170905276741,0.3756206030158,0.1828836461653,0.3570315288457,0.3234884419506,0.2036128825645,0.1722184118201,0.1607111090383,-0.1988332264291,0.3539629151342,0.0196029912132,-0.3667049166799,0.3579609432582,-0.3992512614658,-0.0697662119960,0.3380387106786,0.9103275974290,-0.2204763837415,-0.3624300423348,-0.2749552678603,0.3766664428858,0.4291855998571,0.5193981639414,0.4487632689562,0.4520054987242,-0.2790172952911,-0.3125816360739,-0.0332508618832,0.3627114269622,0.1496764748677,0.3475564187138,-0.2701433989581,-0.0180792671399,0.3692774607110,0.3799968920873
0.2514189816466,0.2165405324951,0.4938208547251,0.0575857151844,-0.0375270491482,-0.0586494495021,-0.0209133896911,0.1485452835985,0.1276691564858,-0.1147205855049,0.0221968711618,0.1860584522806,0.0387142870155,-0.0340122510165,0.2523763575168,-0.0953173266358,-0.0632059760483,1.0000000000000,0.2076115003260,0.6061816036074,0.0216651274217,-0.0296780773599,0.0102036055701,0.2170360445401,0.0506662257392,0.0676809267668,0.4114930688513,0.2612701598716,0.2420026157459,0.2320273123667,0.1663643448166,-0.1468757356448,-0.0141591248466,0.0970799412779,0.1543834726658,0.0342442695106,0.0113277654452,0.1264563323561,0.0770846887604,0.0584702747172,-0.0627204658166,-0.0814010602239,-0.0358413829860,-0.1639004123848,-0.1153293905829,-0.0379550892917,-0.0089586463850,0.0346718684995,-0.1086967978649,-0.1317499703675,-0.0783768865921,-0.1086980713364,0.3121896673986,-0.0344451931865,0.1914193540106,0.0098377796288,-0.0683521418533,-0.1315073073716,-0.0832451804184,-0.0622677664912,-0.0227274468082,0.0590167606263,0.0334568832560,0.1129136116330,-0.0304009528001,-0.1315889862440,-0.2060154951494,-0.0708790719987,0.0012169394948,0.0032951965296
-0.1360137220487,-0.0005808877436,0.0680464146209,-0.2588100264880,-0.1211924668529,0.1573827117876,0.2263007414886,-0.1482031024250,0.6268749334440,-0.3329985520776,0.1829455826870,0.7128362854285,-0.1602475568261,0.3675078750022,0.3860622103985,-0.2106226270557,-0.2566188450467,0.2076115003260,1.0000000000000,0.6220827514124,-0.2008437452319,-0.2604057460526,-0.3207876097571,-0.1700205318854,-0.1990802210573,0.2979757258498,0.4378607145366,0.2038278111912,-0.0706108649884,-0.0071167582219,-0.2521434528931,-0.1322609765028,0.3178824280758,-0.2885170145932,-0.2173050901079,-0.2571242892735,-0.0534942434818,0.0042289680262,-0.2128039760950,-0.1291126338235,-0.1718474133010,-0.0799757267134,-0.3036458900466,0.1866339199167,-0.3450414830893,-0.1292162410611,0.5987886893241,-0.2088196526016,0.4246184953818,-0.0885183658636,-0.2360639506231,-0.2956895815828,-0.0477298402983,0.5695176413689,0.4460695650879,-0.2347596514657,-0.3515784634758,-0.3611576308276,-0.2803922707154,-0.2804619596935,0.3167463947599,0.2936395529274,0.1719177404132,-0.1738926429931,-0.3032664229677,-0.4095060695941,-0.0034704029315,-0.2948305398782,-0.2983242082818,-0.3382399188775
-0.0155857485753,0.0821121115150,0.1834308671523,-0.2309327091789,-0.2003163160465,-0.1112482296811,0.0839870988324,-0.1088787098045,0.3342496339976,-0.3859129441831,0.1846851951619,0.6093322387360,-0.1554475746368,0.3152733471438,0.3317344146886,-0.3439171359325,-0.3000986793948,0.6061816036074,0.6220827514124,1.0000000000000,-0.2181392006356,-0.3146123139345,-0.2929430842485,-0.1458318107793,-0.2565738525288,0.4417534530013,0.5934961572493,0.2859198140580,-0.0628957527357,0.1550772802483,-0.1917674681328,-0.0413567467043,0.0706614137908,-0.2495365675380,-0.0413737569881,-0.2328855787443,-0.0174854967773,0.0109771631847,-0.1507895740422,-0.1324860811943,-0.2408207452463,-0.2170090762482,-0.3389771502983,-0.0606298952226,-0.4027713043484,-0.0953241694134,0.3298345009027,-0.2128469481322,0.2697969434945,-0.1792383533456,-0.3407310854798,-0.3804763083295,0.1251805442741,0.2753449355161,0.5368558443659,-0.2376885250843,-0.3919703475855,-0.3871128618788,-0.3635734393983,-0.3396886624637,0.3665446674123,0.3462828092352,0.1961169272028,-0.1673652173934,-0.1922567644044,-0.4455816786280,0.0335696835825,-0.1167684953253,-0.3076559742075,-0.3035972469527
0.7299024412017,0.2740508423839,-0.1436761677718,0.8417774195609,0.8761481356973,0.5352860183904,0.5455369737315,0.2351606590885,0.1020941493252,0.7593233805699,0.2441451882566,-0.4847910656460,0.9285006023818,-0.6223469502513,0.2734828947301,0.7701054601905,0.3612950365814,0.0216651274217,-0.2008437452319,-0.2181392006356,1.0000000000000,0.1026959773169,0.7786979509296,0.0027538918447,0.6979669437012,-0.5688949611639,-0.5744172578958,-0.5584301296091,0.2597722213223,0.5756106099414,0.4995288449247,-0.2086638286867,0.1763839950654,0.7295823344463,0.7378007225427,0.7569824378309,0.1859957352126,-0.3459855531700,0.7993361275555,0.8650503883571,0.6325987037649,0.6880467000615,0.6196135925346,0.2879242911858,0.7134299590316,0.6471306389323,-0.3285092477104,0.9092227916158,-0.5606455372194,0.4797449766947,0.7551695850854,0.4485595496322,0.1392644254892,-0.2886117679935,-0.2299569135715,0.9692993449092,0.2789747799229,0.7507459720518,0.0236049511304,0.7942482339759,-0.5531535570676,-0.6981037178522,-0.6506006911040,0.3835826213097,0.5942387145001,0.5887534572173,-0.2512266106295,0.2449602266432,0.6961026744599,0.7774718299906
-0.0111354197744,0.4271376183897,0.4328797908947,0.2416424695355,-0.0211627190146,-0.1302879267286,-0.3135292897357,0.0796155018578,-0.3871452031189,0.3092093566086,-0.3102413193857,-0.3591585321137,0.0211611300009,-0.1455242849722,-0.3406620744806,0.1214146191722,0.5550530661722,-0.0296780773599,-0.2604057460526,-0.3146123139345,0.1026959773169,1.0000000000000,0.3084928867895,0.8590551074083,0.2777664997466,-0.0821270974791,-0.1402005715207,0.3504992335308,0.5288285040412,0.1185879646240,0.6378956013987,-0.0077948426299,-0.1801922834051,0.2140202381416,0.0908719434889,0.0257629296698,0.1969493877452,0.2713244934642,0.2056398872348,0.0262444044757,0.0285516433021,-0.0522875541857,0.0221659270546,-0.2794409570424,0.3095904175667,-0.2394043441088,-0.3110218828949,0.1551091507793,-0.2270289467766,-0.1287286023481,0.1718717952211,0.4455881795948,-0.3178612596297,-0.2948711698713,-0.3231477609042,0.1298058206933,0.8253733244653,0.3087033522297,0.8100082279899,0.2313856075012,-0.1846297295941,-0.2232715580494,0.1446834251274,0.3522016434707,0.0313511163864,0.2977932928540,-0.1535598898049,0.0726982163165,0.1940899287126,0.1639852816897
0.6686162423282,0.4458862822931,-0.0336258228662,0.8752103993200,0.6835089883740,0.3797548226249,0.3023911520612,0.3840628762881,-0.0558942620630,0.8356232731350,0.0576547179716,-0.5623246783257,0.7045508907109,-0.6155092237059,0.1945092846828,0.6661121866648,0.5407838160543,0.0102036055701,-0.3207876097571,-0.2929430842485,0.7786979509296,0.3084928867895,1.0000000000000,0.1866899394670,0.7590455141536,-0.5629095980679,-0.5333950183162,-0.3871646485189,0.3264961275687,0.5800351036838,0.6750587114150,-0.1545272629071,0.0698917693000,0.7305308182180,0.7189370086683,0.7457215399395,0.2887777768237,-0.2779622922456,0.7683280890004,0.7229636998928,0.5171595483389,0.5630788805892,0.6785048004779,0.1065920379558,0.8046195406567,0.5000097006939,-0.4284237974533,0.7778285193160,-0.6357152079785,0.3815793111167,0.6799619575475,0.6341044557535,-0.0306024827032,-0.3910679026212,-0.3286272647880,0.8085665270404,0.4226106330852,0.9407210534417,0.1925519109103,0.8816125152904,-0.5767027352725,-0.6865985621789,-0.5931367441271,0.4946746937208,0.5676346643763,0.6830008481223,-0.2867482260759,0.2367005801202,0.6910322672689,0.7720824493368
-0.0470465019688,0.4254911591390,0.6293663332376,0.1075419034036,-0.0561687914237,-0.2109252907157,-0.3985665578165,0.1478813308749,-0.3369753622833,0.1054149173596,-0.1823870452849,-0.1966372689244,-0.0964505245787,-0.0717726047797,-0.3530706927165,-0.0507205391411,0.5436922257064,0.2170360445401,-0.1700205318854,-0.1458318107793,0.0027538918447,0.8590551074083,0.1866899394670,1.0000000000000,0.2094398066800,0.0276838638973,0.0770168620687,0.5138024881327,0.5508544096494,-0.0047841199386,0.6146640962032,-0.0617932367254,-0.2394497058041,0.1345625094895,0.0014279453175,-0.1326438329084,0.2398053115831,0.4080150791559,0.0916995774858,-0.0250706561391,-0.1319604618992,-0.2073038957975,-0.1074039550717,-0.3999738683822,0.0954565379908,-0.2998883331536,-0.2409537569692,0.0068936158254,-0.1561525776919,-0.3540372634284,-0.0065549998525,0.3904220741936,-0.2416533214475,-0.2668581627560,-0.2035219856178,0.0008226651789,0.6140820670311,0.1237988584207,0.7744724713357,0.0624482641448,-0.0422876634828,-0.0517618133878,0.3152015598689,0.3315009522357,-0.2010490533873,0.1245672539563,-0.2117269408309,-0.0999674866162,0.0293254772716,0.0188458579941
0.4660774978574,0.3691726419421,0.0599609253328,0.6779221828172,0.7591436817053,0.2402272575179,0.2699696953425,0.4751907566891,-0.0765548582789,0.6842390913594,0.2012615675195,-0.3809798738663,0.6702706995135,-0.4691797727684,0.0933228333310,0.4899772423055,0.5083272860863,0.0506662257392,-0.1990802210573,-0.2565738525288,0.6979669437012,0.2777664997466,0.7590455141536,0.2094398066800,1.0000000000000,-0.4142344151417,-0.2898966171200,-0.2322238924192,0.5623330984575,0.3613380817874,0.5093129817333,-0.1052676381139,-0.0373556901444,0.5348323541232,0.4484880119083,0.5740654281859,0.2430107321845,-0.1899312500632,0.5737452930163,0.7950058648808,0.3407943284464,0.4331778468987,0.6035613215471,-0.0131145340731,0.6314054815923,0.4890493277378,-0.3348322638999,0.7013421315598,-0.5020327974686,0.2000522519843,0.5081447478134,0.5683883887329,0.0097851409862,-0.2957794556327,-0.2046481914055,0.6993635752175,0.3008049443280,0.7348624209255,0.1793703915980,0.8332835117294,-0.4517441164537,-0.4960519225323,-0.4483678558483,0.6352057781658,0.3534700931883,0.4951708612344,-0.2755755977683,0.0133433547551,0.5172469810186,0.5324921496735
-0.5579869579781,0.1417520525016,0.0863719204688,-0.5623155553094,-0.4875718071550,-0.3854226882785,-0.2208286155072,-0.1126800264259,0.0110736485531,-0.5971043886901,0.1279158723854,0.6764432032779,-0.5190063318031,0.8135503630597,-0.1413704358550,-0.6369942740061,-0.2632734909234,0.0676809267668,0.2979757258498,0.4417534530013,-0.5688949611639,-0.0821270974791,-0.5629095980679,0.0276838638973,-0.4142344151417,1.0000000000000,0.6808144957512,0.5863751366557,-0.0867131555171,-0.2773441971996,-0.3926945222654,0.1487544844731,-0.0232914408199,-0.5453881473753,-0.3870773733233,-0.7173569686195,0.0641646020095,0.1849922479487,-0.4602151379219,-0.4695678161573,-0.4979913932883,-0.6018991098990,-0.5948946497204,-0.3281097771262,-0.6139049490936,-0.4223129853442,0.4801813469577,-0.6144437191110,0.6892032425293,-0.5256858214556,-0.6805734983330,-0.4069170053409,-0.1097288850629,0.3267722196375,0.4462623166260,-0.6228340538837,-0.3135934573168,-0.6164076100155,-0.0913656308903,-0.5830864892564,0.8665467639344,0.7439512827230,0.6332301585831,-0.0790423158851,-0.5457581150999,-0.6601640841676,0.2166676520543,-0.1106087462454,-0.6427051923248,-0.5726670498877
-0.4390508679796,0.1272312471831,0.3184718191345,-0.6195538146724,-0.4182882038721,-0.3337883611665,-0.2611817193550,-0.0599396204036,0.0834077564404,-0.7004535860122,0.1182174866297,0.6684980406932,-0.5057116375683,0.5019127143658,-0.1272209559126,-0.6627071874596,-0.1698390687709,0.4114930688513,0.4378607145366,0.5934961572493,-0.5744172578958,-0.1402005715207,-0.5333950183162,0.0770168620687,-0.2898966171200,0.6808144957512,1.0000000000000,0.6609959830215,0.0726248227530,-0.3002912131178,-0.3488430934495,0.1040865409840,-0.1515693175989,-0.4981776702010,-0.4782076367095,-0.5439890402757,-0.0081327579336,0.3128769453108,-0.5988894384644,-0.3662516601557,-0.4917866250182,-0.5084659205790,-0.5784570572829,-0.3243283262144,-0.6859725632608,-0.4337767859264,0.3586377322451,-0.5444690640113,0.4013415331283,-0.5721384016222,-0.6241798893819,-0.3145884327994,-0.0636329276283,0.2642832438744,0.4210247377245,-0.5992876989799,-0.4195275996253,-0.6123700849773,-0.1849611162890,-0.5583940531606,0.5544865462889,0.7284241112561,0.5783054700429,-0.0414615584793,-0.5736439969654,-0.6866810796801,-0.0021528854585,-0.4543360398075,-0.5633410722121,-0.6189669694630
-0.4959551868999,0.3189725807048,0.6665260911240,-0.4778559769201,-0.5095921584242,-0.5279093594955,-0.5809395455370,0.0858207625079,-0.2385438861324,-0.4647423203148,-0.0530691410086,0.3331589185060,-0.5990073121880,0.4722815171445,-0.2841559374022,-0.6425601354503,0.1499813510924,0.2612701598716,0.2038278111912,0.2859198140580,-0.5584301296091,0.3504992335308,-0.3871646485189,0.5138024881327,-0.2322238924192,0.5863751366557,0.6609959830215,1.0000000000000,0.1994556454292,-0.3417131503402,-0.0380009847971,0.1071854407309,-0.2732264626455,-0.4007573826464,-0.5166441325165,-0.6524555329001,0.1853527498817,0.5753864210126,-0.4491846683244,-0.4980683653541,-0.5493405613380,-0.6700495250322,-0.6114718745459,-0.5486480169554,-0.5180558577912,-0.5663154894039,0.1145752090186,-0.5737941505846,0.3567133264129,-0.6443363711521,-0.5949104714314,-0.0583560730895,-0.2517747869063,0.0382151088748,0.1352868818279,-0.5912739772563,0.0538592935958,-0.5019237723169,0.2813867703575,-0.5424207653349,0.4852102518489,0.5477398583220,0.8321357717429,-0.0335565704499,-0.6173245547766,-0.5084760206153,0.0625985532759,-0.3043022199022,-0.5213522884034,-0.5806438058668
0.1171372238611,0.4865567126343,0.2273020961195,0.2169360787388,0.3364385290069,-0.1172080540200,-0.1128175298386,0.2127511276439,-0.2126882199180,0.1141080864218,0.1274945330604,-0.0913208812560,0.2418680053986,-0.1581223902694,-0.2443287568787,-0.0230516355412,0.4101669737147,0.2420026157459,-0.0706108649884,-0.0628957527357,0.2597722213223,0.5288285040412,0.3264961275687,0.5508544096494,0.5623330984575,-0.0867131555171,0.0726248227530,0.1994556454292,1.0000000000000,0.1130773598718,0.4668172533547,0.0567126490900,-0.2429823941436,0.1678286656499,0.0403056134477,0.1163655420642,0.3303191050469,0.0000763871543,0.1687895733801,0.3942614621214,-0.0696131085390,-0.1022847062214,0.1145238838572,-0.3429911121935,0.0832997087162,0.0713987555333,-0.1478110890661,0.2533160647785,-0.2293661647924,-0.2558324447532,0.0211024869294,0.3784523424139,-0.1320269008227,-0.1985449547747,-0.0521341752971,0.2613611888278,0.4220599195500,0.2990795119278,0.5325222312553,0.2680118156224,-0.1532165522405,-0.0628782618394,0.0201338545968,0.7286201359263,0.0036076738193,0.1836210032821,-0.1228875254115,-0.1064147812757,0.1299058091944,0.0568742462055
0.6924167863957,0.2564622273682,-0.1157573510277,0.6543928696744,0.3989566351012,0.4356063576260,0.5293435402543,0.1935100838526,0.2540994490813,0.5507342076407,0.2092777285773,-0.2663720256621,0.5934268140144,-0.3733250794223,0.5968505262020,0.5771060508950,0.2113525949305,0.2320273123667,-0.0071167582219,0.1550772802483,0.5756106099414,0.1185879646240,0.5800351036838,-0.0047841199386,0.3613380817874,-0.2773441971996,-0.3002912131178,-0.3417131503402,0.1130773598718,1.0000000000000,0.4752383021734,-0.2067430097772,0.3170434608655,0.6664821644502,0.7086996374451,0.6114904138371,0.1742643457670,-0.3340345994276,0.6360994716984,0.4530072455443,0.5310516874932,0.5303249425355,0.4391618388850,0.2135962241208,0.5597441527091,0.5154963786425,-0.2628162476107,0.6218899501009,-0.3664232859165,0.4992938948707,0.5638636813804,0.2673566225166,0.0755361580298,-0.1788710261733,-0.1310102756330,0.5754055861778,0.1681203380624,0.5613000271904,-0.0857764681804,0.5649708697198,-0.3425945005908,-0.4886642968462,-0.5056309885913,0.1909274226051,0.7154999241729,0.3988868045414,-0.1948965027415,0.4414490519649,0.6189665272885,0.6166863896407
0.4979908728972,0.4010241914567,0.2817539651720,0.6075568110803,0.3545760025161,0.1548662473065,0.0340413422130,0.3735590489731,-0.1282728687389,0.5924137015554,-0.0059131721235,-0.4369773307660,0.3642434524464,-0.4241204871582,0.0694549574487,0.4167520260033,0.5029581583925,0.1663643448166,-0.2521434528931,-0.1917674681328,0.4995288449247,0.6378956013987,0.6750587114150,0.6146640962032,0.5093129817333,-0.3926945222654,-0.3488430934495,-0.0380009847971,0.4668172533547,0.4752383021734,1.0000000000000,-0.1842227696517,-0.0387341381529,0.5318762199310,0.4696395892615,0.4232490745445,0.2415868203045,-0.0294772868188,0.5357543479005,0.3820755401756,0.2330691640012,0.2641326739704,0.4249142456428,-0.0918173960643,0.5593417275936,0.2466089108842,-0.3913458401072,0.4593902791105,-0.4425362396852,0.1603281012195,0.4101470385340,0.4821304328363,-0.1256237114342,-0.3742295461882,-0.3667990387113,0.4900676441952,0.6091500135259,0.5960954403811,0.5006345369223,0.5664567636821,-0.4070503347165,-0.5254783404068,-0.2448476413414,0.3974334669186,0.3205413872939,0.5961626973169,-0.2498064374867,0.1536639719830,0.4389027381566,0.4783519053411
-0.2699670126510,-0.1079335307751,-0.0993446228796,-0.2174629592337,-0.1616870967857,-0.3697904505638,-0.3255175998622,0.1323207789890,-0.3617550601482,-0.1279962928247,-0.0682832370919,0.1093903458156,-0.1926628246789,0.3313382651992,-0.2148679706020,-0.2217038804809,-0.1158408764365,-0.1468757356448,-0.1322609765028,-0.0413567467043,-0.2086638286867,-0.0077948426299,-0.1545272629071,-0.0617932367254,-0.1052676381139,0.1487544844731,0.1040865409840,0.1071854407309,0.0567126490900,-0.2067430097772,-0.1842227696517,1.0000000000000,-0.2564299115341,-0.0958629132787,-0.1365462401937,-0.1784141147928,-0.1163508775289,-0.0054749897521,-0.2768503084871,-0.1155045762778,-0.2533877093968,-0.2798328164483,-0.0409885201076,-0.3111657129933,-0.1012731207410,-0.1111850071440,0.0713891356574,-0.1858497222431,0.2282681146713,-0.2141409788199,-0.2436144004526,-0.0631582350462,-0.0793356139707,-0.0028213044531,0.0104401284938,-0.1715121124841,-0.0761250414395,-0.0951860153704,-0.0111706923257,-0.1296613435725,0.1037073024741,0.2093197367963,0.1414137004120,0.1210373699815,-0.0898071340556,-0.1492650762910,0.6381747305823,0.1316493758447,-0.1014036654059,-0.1674031296744
0.2693447573898,-0.0313666379718,-0.1585427861686,0.2238402272879,0.0653742439347,0.6257523278493,0.5883946679151,-0.0729215897366,0.5535354042031,0.0823745024606,0.0625855479558,0.1797863497538,0.1742331381560,0.0462768178817,0.4999930741989,0.3390339292230,-0.0865989901077,-0.0141591248466,0.3178824280758,0.0706614137908,0.1763839950654,-0.1801922834051,0.0698917693000,-0.2394497058041,-0.0373556901444,-0.0232914408199,-0.1515693175989,-0.2732264626455,-0.2429823941436,0.3170434608655,-0.0387341381529,-0.2564299115341,1.0000000000000,0.1500042372088,0.2991834678999,0.2043342067934,-0.1035149950439,-0.1992380926175,0.2568608359343,0.0498960247008,0.4486749576143,0.4577873304723,0.1208406476557,0.5757522057478,0.0992549582207,0.1699235376071,0.3689028860539,0.1612067901810,0.0987014852797,0.4596137629015,0.2999980225791,-0.0134938482440,0.0350591231154,0.4187348674573,0.1820652291311,0.1514209246316,-0.1110000140106,0.0620294197809,-0.2538185329197,0.1266096591947,-0.0006539843883,-0.1873933285274,-0.2672625632835,-0.1255221946526,0.2194510191433,0.0863217290456,-0.2292638550548,0.2218980041985,0.1299510487193,0.2600265403797
0.6392555278998,0.2544323955977,-0.0318398791412,0.7516414036510,0.5942925651249,0.4763212955061,0.3872582302286,0.3023731865812,0.0107575239276,0.7109482740179,0.1616072482596,-0.5681949715787,0.7353084640456,-0.6062873755203,0.2592159111884,0.7170168680615,0.4170471670396,0.0970799412779,-0.2885170145932,-0.2495365675380,0.7295823344463,0.2140202381416,0.7305308182180,0.1345625094895,0.5348323541232,-0.5453881473753,-0.4981776702010,-0.4007573826464,0.1678286656499,0.6664821644502,0.5318762199310,-0.0958629132787,0.1500042372088,1.0000000000000,0.7005142798374,0.7223292046971,0.2263765135544,-0.2421768259681,0.6437386622342,0.6181151053424,0.5771753985155,0.6204407957963,0.5401623977743,0.1857245936071,0.7017721275602,0.5494584346829,-0.4463957309454,0.7591495448818,-0.5975987468494,0.4338556056478,0.7319379717057,0.4829714208532,0.0562821059028,-0.3585779517019,-0.3672895896306,0.7572061495679,0.2988948356533,0.7167180525792,0.0719555444126,0.6942550060527,-0.6137549832863,-0.6727263569694,-0.5754302813845,0.2844677218005,0.6606644020414,0.5533205217230,-0.2049282312450,0.3080911217481,0.8643098015451,0.7450991057478
