1.0000000000000,-0.1019148673962,-0.1536141764863,-0.2254138229058,0.5491621245679,-0.1332621771400,0.3746014133944,0.5468877412804,0.0736389154292,0.2932511267664,0.3194059272199,0.0671764510454,0.3554715616734,0.0894816992554,0.5522583422065,0.4275356399120,0.5424398698643,0.3914336384021,-0.0907890004737,0.0626299622756,0.4537712631140,0.5853764790366,0.1560619848148,0.5165519523923,0.4302612481667,-0.0436432691790,-0.0508048678996,0.2173070570994,0.4935384717145,0.8000521295010,0.5156362566355,0.1498974433549,0.2675365386560,0.5206920735424,0.2640591118656,0.4707103041396,-0.0862767261304,-0.3510525840646,-0.2903913999437,0.5135017302564,-0.1423546722388,0.2791283606165,0.0909949860387,-0.2040959935020,0.2072412090900,0.1159279816212,-0.3081000652301,0.3086189478174,-0.1954083672675,0.2811357078471,0.3584999535031,0.4399113261180,-0.3174471009804,-0.5068914112318,-0.3663148062011,0.3212844983222,0.4007800955017,-0.0188284098333,0.2196733653174,0.3411354269182,-0.2630398539610,-0.5068198086728,-0.1698571137949,0.2693010056123,0.5707832800079,0.3301669907635,-0.0631026190420,0.0542741951080,0.4048208625385,-0.1292391022857
-0.1019148673962,1.0000000000000,0.4288670304933,0.5308412889187,-0.2132758729889,0.2637266024859,-0.1359877474604,0.0891061105379,0.1219179752296,0.0075631144197,0.0092999696949,0.4237672908052,-0.1041407894672,0.3411895914270,0.0214192693840,0.2327049679077,-0.0872676513153,0.2968465761682,0.2337017115012,0.2155539404644,0.0389874761477,-0.0229713664202,0.5393873494729,0.1275829720253,-0.0482412824551,0.6332672780691,0.5316047604981,0.4032182694125,-0.1980574448252,0.0452903635600,0.3586910244057,0.0026543229801,0.0692129618072,0.2130373456791,0.6446309739714,-0.0564429409841,0.6398126436421,0.2289848576956,0.4829383869145,-0.2211782979636,0.1662179312351,-0.1539654124435,-0.0223797510409,0.0879499728792,-0.0308275809254,-0.2699349270679,0.4630912733455,-0.2332011319823,0.2372659115150,-0.0520738204372,0.0994098021974,-0.1274047654503,0.3646761395052,-0.0378494303140,0.2268545718219,0.0213640436330,-0.3163035318505,0.5129462333186,0.0142447532475,-0.0972157948965,0.4518532050593,0.2468337225113,0.5453016104835,-0.2362854576890,-0.2270785129161,0.0404498345295,-0.1126434661475,0.0447584854114,-0.1586973615490,0.5591593755960
-0.1536141764863,0.4288670304933,1.0000000000000,0.4721415044741,-0.2776643921985,0.3270863349914,-0.2041501968152,0.0899616637219,0.2180977461058,0.0788617012616,-0.0886440669439,0.3631579450469,-0.1528567593371,0.2702639738591,0.1254845990489,0.0617387930093,0.0274245153908,0.4264596281647,0.4851527428406,0.4491951308202,-0.0146357809562,0.0424242486134,0.3049224736573,0.2134043847660,-0.0845621349877,0.4731281644441,0.5533693518061,0.7343780799712,-0.1614725676219,-0.1231185487717,0.2209219093006,-0.0376534283830,0.1248443981254,-0.0431650470005,0.3105236909630,-0.1371964010749,0.1530372264614,0.4163330230782,0.4060659685241,-0.2540459578005,0.1942290261346,-0.1994727800523,-0.1136533934127,0.0568707908630,-0.0900406766820,-0.2970819182932,0.2381107053332,-0.2856299337566,0.1617326450858,-0.0685610360862,-0.0243135554876,0.0114231335932,0.2514207200945,0.0643262105248,0.2991110233022,-0.0259810127934,-0.2170150895328,0.2129155218521,0.1165275897377,-0.1678305726128,0.2991169378899,0.0892145262839,0.6011343529413,-0.2583179485253,-0.2599973733620,-0.1862481978716,-0.2558835094473,0.0020113154151,-0.2115049858717,0.2255517216734
-0.2254138229058,0.5308412889187,0.4721415044741,1.0000000000000,-0.0822457081084,0.3864239911821,-0.2342885284721,-0.3533164818761,0.0153930186276,0.3384413470074,0.0062661395470,0.3226198760563,0.1203542661686,0.2316800080257,0.1095334422614,0.1326714260253,-0.0165719011134,0.4144308979667,0.2477164826828,0.4379135341388,0.1584342321103,0.1341623539172,0.4643696674285,0.1900518262497,-0.1388999887463,0.4098135507316,0.3698471179115,0.4840540234825,-0.2246923639974,0.0767782560225,0.1038551463210,-0.2375005432439,-0.0945584574833,0.2168402325983,0.5463378879257,-0.1451474564567,0.2857739280732,0.2301041348977,0.8954362997294,-0.0454570757497,0.3502173337666,-0.2828432293687,-0.5433781093735,-0.3713129732944,0.1478737504388,-0.1670832402237,0.2595640423424,0.0140142294566,0.1660283189039,-0.3903590431824,-0.0126568937410,0.0520050624925,0.4855770589770,0.1447627768800,0.5454070653324,0.1783992721578,-0.2154653089932,0.3667342986531,0.1940217714893,-0.0939056828305,0.4121065857789,0.0895080151635,0.5180708206635,-0.1835903513787,-0.1321653642586,-0.4334903030308,-0.3891855923021,0.0751874804332,0.0472255062492,0.6530734320149
0.5491621245679,-0.2132758729889,-0.2776643921985,-0.0822457081084,1.0000000000000,-0.1271362153010,0.3972371197946,0.4114094319467,-0.1680686256468,0.4896896282475,0.4876880913971,-0.1827068252506,0.6798778731395,0.0952823112051,0.2444595510874,0.3431260535143,0.5469501802687,0.0907619223400,-0.3192657380787,-0.2017418441160,0.7504020938398,0.6204876297655,0.1798326182720,0.4483763510359,0.6490900794072,-0.3007692044344,-0.1134288038660,0.0311240272023,0.7825313139281,0.6140945700931,0.4460690165957,0.0838982594246,0.1160894581749,0.5348211058012,0.0653077399740,0.3236194532673,-0.1607507243916,-0.3227048242761,-0.2441826533300,0.9672438294507,-0.0586354610917,0.3979989109043,0.0835770371543,-0.3542534872326,0.4914275617369,0.5385402719500,-0.4303973263968,0.6873125468949,-0.2496406184495,0.1162026741235,0.3244520655643,0.5338546093645,-0.3025819804988,-0.4907310893993,-0.3685682100900,0.7317625569008,0.5990219029066,-0.0166210647651,0.2748576199942,0.7306893245917,-0.5170590407087,-0.4890264259626,-0.2752912323284,0.7198190138777,0.6123824267615,0.3144832468257,0.0199999691191,0.0774382705004,0.6284358879674,0.0349083292509
-0.1332621771400,0.2637266024859,0.3270863349914,0.3864239911821,-0.1271362153010,1.0000000000000,0.0586821538983,-0.1684829181206,0.4234649959621,0.0133171458850,0.1201151499583,0.3287245663462,-0.0660784617904,0.2358205417315,0.1342595486162,0.1470476426984,-0.1036261037295,0.0888102158288,0.3179396735739,0.1252528112276,-0.0241559078715,0.0135099921855,0.1559817465685,0.0665247750240,-0.1235753215996,0.1616066688571,0.2463357027742,0.2983737017873,-0.1450681554035,0.0606998676307,0.0964082977852,0.0464298821775,0.2215090798835,0.1089349490603,0.3091769187153,-0.1163509899464,0.0495284605530,0.1956416394868,0.3904343931000,-0.0911191925757,0.6730446467012,0.1393091257456,-0.3537934465431,0.1472389253090,-0.1334697258835,-0.1472394224908,0.1579977069804,-0.1184472554290,0.1777950236744,-0.0951544209064,0.0722320397232,-0.0757020819959,0.0877988607283,0.0491514060100,0.1080825881124,-0.0132279980729,-0.2075317912434,0.0670351292503,0.0095313888436,-0.1454561016131,0.1166125046234,-0.0224637532201,0.3009974532567,-0.1821597866695,-0.1538923807101,-0.2833121191567,-0.2082758005741,0.0656468870383,-0.0676434770435,0.3140660432621
0.3746014133944,-0.1359877474604,-0.2041501968152,-0.2342885284721,0.3972371197946,0.0586821538983,1.0000000000000,0.4741119302914,0.4722358676575,0.2695593580968,0.7018356932181,0.0396501772691,0.5954698794632,0.4992842155124,0.4108534453759,0.3740491314253,-0.0007234382882,-0.2362485065796,-0.0423146898015,-0.2075783130226,0.3048270542048,0.0054472701801,-0.0036032826566,-0.0924403886405,0.5205814257429,-0.0386991322176,0.2389757506434,-0.0493540074888,0.5455438733653,0.2714557624843,0.2284568194291,0.3634197037751,0.1933365096321,0.0735433060234,-0.1242875618298,-0.0399276849796,-0.3177789453638,-0.3333753643096,-0.3848975099285,0.3863234274068,0.0626195338196,0.5854918599841,0.1069931493766,0.0781245223580,0.2694652289300,0.5580380919757,-0.0056202550511,0.5897608861232,0.1205710090213,0.0711173460631,0.2707600346962,-0.0837657521455,-0.6172805590013,-0.3866149147867,-0.6629535480676,0.2063976749889,-0.0816216504906,-0.2499100118065,-0.3566105168453,0.4309860467928,-0.5034695263566,-0.3081708205667,-0.3091117825121,0.4671754536773,-0.0037163430093,-0.0164402144813,0.3942526322945,0.2483964347606,-0.1048219030705,-0.3016456545008
0.5468877412804,0.0891061105379,0.0899616637219,-0.3533164818761,0.4114094319467,-0.1684829181206,0.4741119302914,1.0000000000000,0.2516640068679,0.2471890242663,0.4637260501772,0.0736383913861,0.2511203008021,0.4394943421357,0.4422619451087,0.4072396041766,0.2228709028416,0.0888215466215,0.0136009171744,-0.0357501400020,0.2552208124038,0.1891494041336,0.2529517162539,0.1419250224043,0.6963568004862,0.2297337470750,0.3320483646673,0.2287430339306,0.5658321373157,0.4111905218957,0.5985446334901,0.4780911222201,0.3818763033169,0.2861324568251,0.0733465484552,0.1602733304051,-0.1240129339692,-0.2610187980293,-0.4925415917891,0.3641842788709,-0.2080661800139,0.3197635853618,0.5965808377839,0.1896929447207,0.2638936056500,0.2692016127944,-0.1018016901150,0.2067898611396,0.0349113035757,0.5056131213556,0.3421909089135,0.0369151652708,-0.5442545953243,-0.5667675902575,-0.6069107506134,0.1963809963622,0.0449281238727,-0.0125059171639,-0.2412765776028,0.5471839330771,-0.3239463428129,-0.3438118376270,-0.1226965909252,0.4029905174563,0.1521793167847,0.3452296989205,0.2933940877402,0.1736244504112,0.0150466187859,-0.2739442654663
0.0736389154292,0.1219179752296,0.2180977461058,0.0153930186276,-0.1680686256468,0.4234649959621,0.4722358676575,0.2516640068679,1.0000000000000,-0.0495286499465,0.3858239869169,0.3022076814341,0.0781036935744,0.4514475618403,0.4979331917238,0.2149136604560,-0.2052076666814,-0.0639516433100,0.3984923742035,0.0747165447648,-0.0704503103390,-0.1286379273256,-0.0291363593952,-0.1230580755309,0.0627872236006,0.2458525771265,0.4688142653211,0.1601784809809,0.0814188880671,-0.0007122983013,0.1468577461153,0.3508857099324,0.2863068167349,-0.1685555362226,-0.0220170071233,-0.2209035659578,-0.1456245961527,-0.0788236108434,-0.0405924349354,-0.1397844793319,0.3041808008972,0.1863936089151,-0.0560333117229,0.3980807916914,-0.1827898558084,0.0693074227961,0.1830238644343,0.0228359451075,0.2339329056696,0.0361280391771,0.0631123973657,-0.3008867828064,-0.3527938867767,-0.1720249513529,-0.3888684898214,-0.1399200320696,-0.3889976440917,-0.2207998810873,-0.3771773675748,-0.0663857859058,-0.0990810534638,-0.0616916308611,-0.0000719596453,0.0566958876914,-0.4389456976915,-0.2671099632583,0.1858296016651,0.0973127763333,-0.4612057085339,-0.2494130744429
0.2932511267664,0.0075631144197,0.0788617012616,0.3384413470074,0.4896896282475,0.0133171458850,0.2695593580968,0.2471890242663,-0.0495286499465,1.0000000000000,0.3033462400203,0.0583233951177,0.4921676215226,0.3619986952280,0.3669236554239,0.4943099183569,0.2404908655147,0.1620718784540,-0.0935131632404,0.1581236582649,0.4404482806450,0.2718536767843,0.4188720102694,0.1417444813561,0.6281303924000,0.1450305855402,0.0572057989404,0.2797574914460,0.3188764841269,0.3712384193798,0.1161537007168,0.0535398514085,0.1179500465745,0.3152324431308,0.1668786658078,-0.0489943056572,-0.2196778081358,-0.1742300270591,0.2155514653380,0.4593491001489,0.0472704841364,0.0165511168752,-0.1450719390091,-0.4887403212323,0.8311631291353,0.2767578445243,-0.2568776546457,0.4728016916461,0.1965658299477,-0.0937086376705,0.3326707585769,0.2126400481130,-0.2258605108072,-0.3501930518945,-0.1204635407465,0.4122755690904,0.0839654989118,0.1139878353863,-0.0266782713293,0.5715543639798,-0.0604789870547,-0.4311842167190,-0.0546221875195,0.2197909398629,0.2152068033072,-0.2399668906596,-0.0622722176199,0.1912455872955,0.2718487080834,0.0443335702023
0.3194059272199,0.0092999696949,-0.0886440669439,0.0062661395470,0.4876880913971,0.1201151499583,0.7018356932181,0.4637260501772,0.3858239869169,0.3033462400203,1.0000000000000,0.0138294481219,0.7288334331721,0.5045286034564,0.3695764192791,0.2778772752882,0.0130111990019,-0.0416440513302,-0.0669619850332,-0.0825029210235,0.4754672571703,0.1619038129426,0.1606553475208,0.0554133671803,0.5120367215163,-0.1049716589607,0.3789677226924,0.0951445439631,0.5578466709442,0.3762744600778,0.4019241045466,0.4262052294127,0.0835175179579,0.2754301021579,0.0370489180055,-0.1613279358568,-0.2370510864257,-0.2274941312736,-0.1741801387527,0.4966770354937,0.1646879729006,0.2992984746773,-0.0641308826481,-0.1032077267014,0.2596353627274,0.7198313230019,-0.0620008553071,0.6819093970493,-0.0098937368696,-0.0786874223154,0.1190089774280,-0.0747262811114,-0.4711922786103,-0.4061204946381,-0.4801889294186,0.4166597932906,-0.0785431907669,-0.1366008603450,-0.2858455933578,0.4585307641675,-0.5755441614238,-0.2841025957366,-0.1934510870928,0.5484658227420,-0.0497723143793,-0.0835975275120,0.2095959386848,0.1768316237632,-0.0018113344746,-0.1210515270461
0.0671764510454,0.4237672908052,0.3631579450469,0.3226198760563,-0.1827068252506,0.3287245663462,0.0396501772691,0.0736383913861,0.3022076814341,0.0583233951177,0.0138294481219,1.0000000000000,-0.0826258703499,0.5109315990109,0.3655684250140,0.3494904451627,-0.0258719765545,0.2947889774636,0.7002791348562,0.4066863070977,0.0032809427850,0.0006690951934,0.2322861338097,0.1253304623051,-0.0808888193909,0.4721951022338,0.4278242291546,0.5256378771545,-0.1338528602014,0.1438534383113,0.1219726113604,0.0133013787558,0.3135927850728,0.0710061164993,0.3925849698365,-0.0350723844241,0.1749770653107,0.0907413137653,0.3142724358706,-0.1849235482602,0.2489327754787,0.0104045072324,-0.1163218290581,0.0964582332097,-0.0677669469531,-0.2899101243137,0.5322921138169,-0.1753021643418,0.5136059340831,0.0514716789546,0.1973225339741,-0.0622381122366,0.0343696854419,0.1437682068412,0.1406615012922,-0.0410411932533,-0.1998444034109,0.0980103819309,0.0355217942785,-0.1859130553419,0.2505193755454,-0.0672199537035,0.4642657739826,-0.2451499438526,-0.0851950565585,-0.1144910260230,-0.0028621477155,0.1711966778365,-0.1142291835168,0.2500066192881
0.3554715616734,-0.1041407894672,-0.1528567593371,0.1203542661686,0.6798778731395,-0.0660784617904,0.5954698794632,0.2511203008021,0.0781036935744,0.4921676215226,0.7288334331721,-0.0826258703499,1.0000000000000,0.3236007452543,0.3208054238779,0.2871934226036,0.1675417037705,0.0518447381646,-0.1602628655967,-0.0119050581469,0.7383561360202,0.3322615883916,0.1051788061460,0.1976596962015,0.4917958038028,-0.1971100099383,0.2064189285616,0.0360870554808,0.6104087154256,0.3967770080422,0.2802192797056,0.1760672396084,-0.0188471060093,0.2830937961253,0.0386074374831,0.0143143306076,-0.2657059802068,-0.3018700043603,-0.0712463390986,0.6745416683340,0.0203921154255,0.2479679782347,-0.1761793331089,-0.3952129857173,0.4673379505096,0.6866947693768,-0.1396410034537,0.9012325306323,-0.0804618086732,-0.1408554784765,0.1264068213362,0.1535319524441,-0.2719619097475,-0.3179895453216,-0.2761279973981,0.6615057507486,0.1969584318336,-0.1569965750598,-0.0302309343480,0.5181966836174,-0.5210598639104,-0.3500338216192,-0.2648671066236,0.6046880343680,0.1930177297859,-0.0700939322134,0.1036480816284,0.1254752567215,0.2034894628991,-0.0191663851120
0.0894816992554,0.3411895914270,0.2702639738591,0.2316800080257,0.0952823112051,0.2358205417315,0.4992842155124,0.4394943421357,0.4514475618403,0.3619986952280,0.5045286034564,0.5109315990109,0.3236007452543,1.0000000000000,0.4224601437731,0.4829341634060,-0.0707441864838,-0.0619188403735,0.3442269275964,0.0677467646654,0.1101348784829,-0.0816551376313,0.2726559151722,-0.0915105437609,0.4291156908098,0.5775594756366,0.6792543707428,0.4470560928640,0.2783812381931,0.1241328520327,0.1804689635956,0.3550722179559,0.3402882524893,0.1138604780181,0.1865416615303,-0.2099183429621,-0.1060048165009,-0.1725942174074,0.0745587324064,0.0710886708283,0.2284544093074,0.2523773654107,0.0773420881585,0.1046017527860,0.2999945280177,0.2453178228912,0.4142649435515,0.2276188365489,0.6312425700876,0.0496251999628,0.3229499468118,-0.1958015406424,-0.4145979308270,-0.3249301205541,-0.3793488724671,0.0624036523738,-0.3620823643806,-0.0191271805370,-0.3630378641845,0.3047552681020,-0.0950856382554,-0.2390329437045,0.2348206822477,0.1982541816870,-0.2187329056188,-0.2432205803982,0.3128881016932,0.4802305723729,-0.2159425930149,0.0361890463986
0.5522583422065,0.0214192693840,0.1254845990489,0.1095334422614,0.2444595510874,0.1342595486162,0.4108534453759,0.4422619451087,0.4979331917238,0.3669236554239,0.3695764192791,0.3655684250140,0.3208054238779,0.4224601437731,1.0000000000000,0.3759029532639,0.0975663986678,0.4303200426652,0.3866721730762,0.4974255115912,0.2942369891520,0.1869325726963,0.1737952511857,0.1575831514870,0.3140670853106,0.2186446945181,0.2943845840150,0.3422604052117,0.2514148024399,0.5339479885496,0.3718078583747,0.3183420610719,0.3727884488206,0.2404004251057,0.2541160741205,0.1875264879167,-0.1691624564117,-0.1947636317841,0.0157400087969,0.2279324649976,0.1091608838950,0.0984759592449,-0.0083960196971,-0.1667702449702,0.1971047830816,0.0902715130670,-0.1004808317228,0.2292084331752,0.1566139647601,0.1903641272957,0.1858398648142,0.0144015347066,-0.2736512226744,-0.3183853915928,-0.2074236429105,0.1766889102947,-0.0377149473225,-0.1068651156565,-0.1219546561210,0.1726483534902,-0.1249722002483,-0.4169901572739,-0.0190912514860,0.0958045553319,0.1227727184354,-0.0889872391415,0.0329728588670,0.3056443543506,0.0216145047369,-0.0889533670100
0.4275356399120,0.2327049679077,0.0617387930093,0.1326714260253,0.3431260535143,0.1470476426984,0.3740491314253,0.4072396041766,0.2149136604560,0.4943099183569,0.2778772752882,0.3494904451627,0.2871934226036,0.4829341634060,0.3759029532639,1.0000000000000,0.3244909002724,0.1150190356617,0.0631341294831,-0.0393848071627,0.2648007758782,0.3604590325359,0.3128164396405,0.2731372145823,0.4736850446519,0.3393885824504,0.1841709536430,0.3454355990803,0.3435970998411,0.5141001557033,0.2853275291094,0.1300125005400,0.3442391396583,0.3734492579604,0.3289360940876,-0.0427022617616,-0.0093113657155,-0.3252635624660,0.0903535228248,0.3196723277275,0.1851494065243,0.2945252695169,-0.0461731872780,-0.1138434282016,0.4383205126766,0.0070067172861,0.0127205014935,0.1997415837260,0.2232910730082,0.0489033345278,0.7892345210367,0.1896818496441,-0.2927830851729,-0.4370666899936,-0.3155123474602,0.1676193638513,-0.0181907370148,0.0183171360109,-0.0133561815308,0.3831391248119,0.0068396141044,-0.4423257022893,0.0628146541251,0.1997036761945,0.2359325615501,-0.0656332930285,-0.0513879950891,0.2930693567004,0.1693845757472,0.0952183870414
0.5424398698643,-0.0872676513153,0.0274245153908,-0.0165719011134,0.5469501802687,-0.1036261037295,-0.0007234382882,0.2228709028416,-0.2052076666814,0.2404908655147,0.0130111990019,-0.0258719765545,0.1675417037705,-0.0707441864838,0.0975663986678,0.3244909002724,1.0000000000000,0.2562836701840,-0.1567449037967,-0.1215970640478,0.3821468471917,0.8477962046468,0.1883989555827,0.8027235823224,0.3175171307618,-0.0637188859845,-0.1427936145425,0.3730290979045,0.4817762120731,0.5464018902672,0.3784394555176,-0.0840682929831,0.1220775705400,0.4826506604463,0.2447540355924,0.3195489654987,0.0186222135983,-0.2443941303648,-0.1009475651560,0.5326152616196,-0.1548879949755,0.1780650325531,-0.0406637349705,-0.2959312129022,0.1792424373740,-0.0184318513819,-0.3481392656560,0.1221717281110,-0.3137369950986,0.0148767032316,0.3697039525493,0.9299850269646,-0.0764538198260,-0.4307073605139,-0.1841063375986,0.3240762977140,0.7014087073775,0.1616179545768,0.6722611411650,0.3919966150848,-0.1658390883913,-0.4485583486928,0.0379929645063,0.3571205191583,0.5921038668406,0.3837396919786,-0.3092273195918,-0.1633882034376,0.5997863207898,0.1600632392524
0.3914336384021,0.2968465761682,0.4264596281647,0.4144308979667,0.0907619223400,0.0888102158288,-0.2362485065796,0.0888215466215,-0.0639516433100,0.1620718784540,-0.0416440513302,0.2947889774636,0.0518447381646,-0.0619188403735,0.4303200426652,0.1150190356617,0.2562836701840,1.0000000000000,0.3070334178676,0.7102682923801,0.3369443495765,0.3899991960632,0.3630296553981,0.5299999134253,-0.0898701357779,0.1921312024197,0.2293057042102,0.5134825312646,-0.0620447937670,0.4849208107346,0.5178467406936,-0.0764732783731,0.0878143121602,0.3913648848502,0.6330395489424,0.3053300137985,0.2754600150196,0.1784167145604,0.3899617111623,0.0850306164682,0.0098984855721,-0.2971523229047,-0.2121402956237,-0.4036253790854,-0.0194481064760,-0.3117096585385,-0.0869897817502,-0.0415074747148,-0.1433617830279,-0.0500775547530,-0.0430830476160,0.2714711744749,0.4797394481526,-0.0337680965560,0.4523888248344,0.2593424143147,0.1249796868564,0.2709564527810,0.3744002538063,-0.1500299123952,0.2167084038873,-0.0719150052959,0.3299849164790,-0.2098173466454,0.2597859943071,0.1116778086846,-0.4393271318868,-0.0360114426995,0.2760597154885,0.4378266725489
-0.0907890004737,0.2337017115012,0.4851527428406,0.2477164826828,-0.3192657380787,0.3179396735739,-0.0423146898015,0.0136009171744,0.3984923742035,-0.0935131632404,-0.0669619850332,0.7002791348562,-0.1602628655967,0.3442269275964,0.3866721730762,0.0631341294831,-0.1567449037967,0.3070334178676,1.0000000000000,0.6051037300863,-0.1335344381325,-0.1384777213397,0.0360587064612,-0.0283759290697,-0.2328222835691,0.3757959373571,0.4095093549700,0.4454666184663,-0.2042139794957,-0.0476868811642,0.0607182517768,0.1676206571883,0.1638228835896,-0.1210350602787,0.1772922273615,-0.1224395484975,-0.0007666991021,0.2044692755761,0.2104184503833,-0.3192142370662,0.1624153975342,-0.1413666327621,-0.0973840000719,0.1344042629377,-0.2441139952154,-0.2994251310813,0.4138287451748,-0.2615814115884,0.3597957957556,0.0054336890323,-0.0394890161719,-0.1649229341159,0.0551151855859,0.3496343993482,0.2292376679531,-0.1651240884217,-0.2141063158028,-0.0357349376865,-0.0583084774471,-0.3481160555056,0.1955607361483,0.0249602578896,0.3784763315374,-0.3030438237530,-0.2572093131728,-0.1632315037913,0.0072020230155,0.0813956636444,-0.2391614668657,0.0836016271330
0.0626299622756,0.2155539404644,0.4491951308202,0.4379135341388,-0.2017418441160,0.1252528112276,-0.2075783130226,-0.0357501400020,0.0747165447648,0.1581236582649,-0.0825029210235,0.4066863070977,-0.0119050581469,0.0677467646654,0.4974255115912,-0.0393848071627,-0.1215970640478,0.7102682923801,0.6051037300863,1.0000000000000,0.0328152660148,-0.0529787580479,0.1959515007395,0.0529955829539,-0.2174956701514,0.3073900724593,0.2757272051864,0.4560633051397,-0.2699636260088,0.1327538195214,0.1517671321217,0.0295049407798,-0.0025234088671,0.0487134940480,0.3722858644400,0.0106156741103,0.0227145310043,0.2020590174074,0.4152560891490,-0.2057490619583,0.0447809244272,-0.4178747739160,-0.2675253903020,-0.3428467162992,-0.0456951093494,-0.2713114575898,0.0961592609689,-0.1030687975296,0.1127151115939,-0.0924970091410,-0.1921002341301,-0.0831823426317,0.2916953146857,0.2634135646899,0.5249663530306,0.0055881291432,-0.2000747603252,0.0589571582738,-0.0158895601415,-0.3282075315247,0.3143203913775,0.0033214690684,0.2778167002029,-0.3655158159940,-0.0935600561302,-0.2497004545920,-0.2501225865063,0.0416015102025,-0.0684319582447,0.2036748876953
0.4537712631140,0.0389874761477,-0.0146357809562,0.1584342321103,0.7504020938398,-0.0241559078715,0.3048270542048,0.2552208124038,-0.0704503103390,0.4404482806450,0.4754672571703,0.0032809427850,0.7383561360202,0.1101348784829,0.2942369891520,0.2648007758782,0.3821468471917,0.3369443495765,-0.1335344381325,0.0328152660148,1.0000000000000,0.5212919492913,0.3080904091598,0.4807442424737,0.4325497546381,-0.1688669696067,0.0958563932592,0.1993774899425,0.5277228667680,0.5275166404136,0.4899496300925,0.0448996580897,0.0673628251251,0.5427969708179,0.3067615777429,0.2330155347120,0.1167942335594,0.0087960213343,0.0355867089201,0.7212196490745,0.0199502220492,0.1574112986079,-0.0470945689054,-0.4031053458213,0.4200384558254,0.3788422613830,-0.2065640719302,0.6681531472238,-0.1558719448692,-0.0721560177442,0.1485750700133,0.4008834478809,-0.0187554837602,-0.3064093899789,-0.0988905354055,0.8930789563721,0.4194818323485,0.1778102438622,0.3161521557713,0.4850747746843,-0.3148093395767,-0.2786759839142,0.0408438705163,0.4683561160649,0.3631503326214,0.2576336367248,-0.0970322008874,-0.0238402346476,0.4765713219243,0.2113210110720
0.5853764790366,-0.0229713664202,0.0424242486134,0.1341623539172,0.6204876297655,0.0135099921855,0.0054472701801,0.1891494041336,-0.1286379273256,0.2718536767843,0.1619038129426,0.0006690951934,0.3322615883916,-0.0816551376313,0.1869325726963,0.3604590325359,0.8477962046468,0.3899991960632,-0.1384777213397,-0.0529787580479,0.5212919492913,1.0000000000000,0.1915483556353,0.9002965556810,0.2738818026624,-0.1525594735028,-0.0850073987297,0.3717814806007,0.5264469731885,0.6763762549700,0.5047798542834,-0.1143211716445,0.0983661562339,0.5793565767459,0.3424164677562,0.2738254517099,0.0699588139425,-0.2582261562755,0.0603849789295,0.6280793463846,-0.0153466438647,0.1487927038551,-0.2302726203695,-0.3665070015778,0.1668966221367,0.0366852878939,-0.3818095076694,0.2509083252722,-0.3758122499212,-0.0558674057663,0.3376263005799,0.8153588991437,0.0165244645481,-0.3869318289186,-0.1013851363226,0.4459811064885,0.7126563645454,0.1051398825621,0.7041424713940,0.3484034318659,-0.2175662421261,-0.4837620993405,0.0289588329960,0.4055656280014,0.6057842165942,0.2768788142440,-0.4018469061801,-0.1639310578198,0.6356444129760,0.2460327815434
0.1560619848148,0.5393873494729,0.3049224736573,0.4643696674285,0.1798326182720,0.1559817465685,-0.0036032826566,0.2529517162539,-0.0291363593952,0.4188720102694,0.1606553475208,0.2322861338097,0.1051788061460,0.2726559151722,0.1737952511857,0.3128164396405,0.1883989555827,0.3630296553981,0.0360587064612,0.1959515007395,0.3080904091598,0.1915483556353,1.0000000000000,0.2568573403430,0.3686091610371,0.3691426569438,0.2823917172009,0.3726678000833,0.0585217435102,0.3275817252686,0.5267589186482,0.0368611742993,0.0542437226920,0.5254853469869,0.5926494094831,0.1118647086520,0.3222709287529,0.2171879872709,0.3821328254745,0.1597595423659,0.1099083361375,-0.0774787729088,0.0416139504910,-0.2064066821974,0.3693135552649,-0.0752755708070,0.0591501727465,0.0677716159201,0.1444275358518,0.0279378090652,0.1611528462850,0.1220141616150,0.1435962388477,-0.2527292525729,0.1102146421732,0.3058381555724,-0.0524313142253,0.7616059318326,0.0652386005131,0.3371328639821,0.2412814070009,0.0009492965585,0.3285144072583,0.0395806331287,0.0900209409235,0.1743490116001,-0.1905233945805,0.0679605773044,0.2172271381930,0.4258033852534
0.5165519523923,0.1275829720253,0.2134043847660,0.1900518262497,0.4483763510359,0.0665247750240,-0.0924403886405,0.1419250224043,-0.1230580755309,0.1417444813561,0.0554133671803,0.1253304623051,0.1976596962015,-0.0915105437609,0.1575831514870,0.2731372145823,0.8027235823224,0.5299999134253,-0.0283759290697,0.0529955829539,0.4807442424737,0.9002965556810,0.2568573403430,1.0000000000000,0.1244780479258,-0.0779636457838,0.0193658486011,0.4755123234684,0.3731913467217,0.6151511790592,0.5625644556114,-0.1500496050215,0.0989781955402,0.5185021329653,0.4719177517814,0.3214339208766,0.2511387290804,-0.0668812513122,0.1398273271324,0.4648712946948,0.0001754645379,0.0337141373868,-0.2142705541045,-0.3436640806184,0.0473803145944,-0.1653316623624,-0.2640859240946,0.1055986880579,-0.3384237465396,-0.0718600708926,0.2340901493140,0.7949094780265,0.2033711777305,-0.3207875114626,0.0195921211512,0.3887697233534,0.6193997900651,0.2225671323296,0.7932155998283,0.1864179210390,-0.1152448126120,-0.3325798058298,0.2049881623536,0.2389656910558,0.5408513516762,0.3642668943892,-0.4668363551309,-0.2026754952622,0.5403938093397,0.3599534949059
0.4302612481667,-0.0482412824551,-0.0845621349877,-0.1388999887463,0.6490900794072,-0.1235753215996,0.5205814257429,0.6963568004862,0.0627872236006,0.6281303924000,0.5120367215163,-0.0808888193909,0.4917958038028,0.4291156908098,0.3140670853106,0.4736850446519,0.3175171307618,-0.0898701357779,-0.2328222835691,-0.2174956701514,0.4325497546381,0.2738818026624,0.3686091610371,0.1244780479258,1.0000000000000,0.0348341705299,0.1357404693626,0.1136176003320,0.7316757489362,0.3863324977827,0.4044019031567,0.2910526120727,0.2553012177046,0.3228257206958,0.0275791711354,0.0374252131512,-0.2223150124879,-0.2868693604645,-0.3098504888866,0.6267738447386,-0.0883333327781,0.3329561549910,0.3438630934095,-0.1205291765941,0.6367029279411,0.4820898870402,-0.2730642547266,0.4801657242725,0.1161853873400,0.1905043053928,0.3890510705598,0.1838032449434,-0.5580787290711,-0.5660673409449,-0.5825857606199,0.3895344866466,0.1648643444887,0.0785606180480,-0.1917981108236,0.8971548882178,-0.3941039751554,-0.4462710765552,-0.2149176779703,0.6016073772987,0.2334986883648,0.1616838332138,0.2412230851360,0.2265368343991,0.2093419392281,-0.2098034923777
-0.0436432691790,0.6332672780691,0.4731281644441,0.4098135507316,-0.3007692044344,0.1616066688571,-0.0386991322176,0.2297337470750,0.2458525771265,0.1450305855402,-0.1049716589607,0.4721951022338,-0.1971100099383,0.5775594756366,0.2186446945181,0.3393885824504,-0.0637188859845,0.1921312024197,0.3757959373571,0.3073900724593,-0.1688669696067,-0.1525594735028,0.3691426569438,-0.0779636457838,0.0348341705299,1.0000000000000,0.5894282933381,0.5514893662184,-0.2130887182957,-0.0468899486643,0.1120058631858,0.0038877901047,0.2628549139189,0.0624919129681,0.3972932762230,-0.0895685234016,0.2211263633698,0.0175397759307,0.3632631532380,-0.3331929276461,0.0912879122066,-0.0944314103202,0.1008658354554,0.1714888042432,0.0686138174635,-0.3076001179032,0.5342635494673,-0.3108606035996,0.4808816584615,0.1263145240690,0.2281693167053,-0.1640234499873,0.0263085492245,-0.1180791582964,0.0785452695768,-0.1632362034099,-0.4341008089129,0.2519908141537,-0.1908131470381,-0.0926444960953,0.5799119452124,0.0565439018983,0.5026681695445,-0.3128481177535,-0.3092938000140,-0.1943235801652,-0.0760095663161,0.2210665764469,-0.3050237759362,0.2748060672462
-0.0508048678996,0.5316047604981,0.5533693518061,0.3698471179115,-0.1134288038660,0.2463357027742,0.2389757506434,0.3320483646673,0.4688142653211,0.0572057989404,0.3789677226924,0.4278242291546,0.2064189285616,0.6792543707428,0.2943845840150,0.1841709536430,-0.1427936145425,0.2293057042102,0.4095093549700,0.2757272051864,0.0958563932592,-0.0850073987297,0.2823917172009,0.0193658486011,0.1357404693626,0.5894282933381,1.0000000000000,0.5070162002103,0.0768334058778,-0.0083222642743,0.3562526773998,0.1618083950753,0.1805167342502,0.0146788307230,0.3325608510931,-0.1716190340013,0.0666989805922,0.0357064059672,0.2114325451858,-0.1021337677940,0.1850668884990,0.0103655836821,0.0180019473039,0.1711226610539,-0.0160746873423,0.0676542044421,0.5316529604702,0.0756605955499,0.2633777557405,-0.0191953382757,0.0098010650405,-0.2143138447426,-0.0219244133240,-0.1353447636099,-0.0717967441740,0.0684131046321,-0.4331128936531,0.0821870139366,-0.2526445004751,0.0347027279717,0.0031344651379,0.1624436748609,0.3663723099282,0.0568344232074,-0.3779024526023,-0.1730587297127,0.0523713965314,0.1936400942703,-0.3760213794890,0.2350457582144
0.2173070570994,0.4032182694125,0.7343780799712,0.4840540234825,0.0311240272023,0.2983737017873,-0.0493540074888,0.2287430339306,0.1601784809809,0.2797574914460,0.0951445439631,0.5256378771545,0.0360870554808,0.4470560928640,0.3422604052117,0.3454355990803,0.3730290979045,0.5134825312646,0.4454666184663,0.4560633051397,0.1993774899425,0.3717814806007,0.3726678000833,0.4755123234684,0.1136176003320,0.5514893662184,0.5070162002103,1.0000000000000,0.0897874484689,0.2754793154418,0.3597913175177,-0.0655735747752,0.2415519336596,0.2824040135066,0.4695135367020,-0.0465646209781,0.1300872883294,0.1459970248321,0.3775073656534,0.0341260433603,0.1967158925973,-0.0864185669730,-0.2159624795108,-0.1755145148370,0.0801224519017,-0.2432317495087,0.1961141169838,-0.1076322466121,0.1933813885437,-0.0837321682878,0.2016959720129,0.3171545113722,0.0294393873213,-0.1659184947662,0.1231729194612,0.1470602170221,0.0031444168972,0.2031910505282,0.2866892089498,0.0128519650832,0.2157726673599,-0.2575560430986,0.6634895316032,-0.1203950525102,0.0036876501612,-0.1346250605321,-0.3725185097248,0.0849942889649,0.0446708625207,0.2822857738364
0.4935384717145,-0.1980574448252,-0.1614725676219,-0.2246923639974,0.7825313139281,-0.1450681554035,0.5455438733653,0.5658321373157,0.0814188880671,0.3188764841269,0.5578466709442,-0.1338528602014,0.6104087154256,0.2783812381931,0.2514148024399,0.3435970998411,0.4817762120731,-0.0620447937670,-0.2042139794957,-0.2699636260088,0.5277228667680,0.5264469731885,0.0585217435102,0.3731913467217,0.7316757489362,-0.2130887182957,0.0768334058778,0.0897874484689,1.0000000000000,0.4552254932632,0.4805859236243,0.2473531232373,0.1593017958305,0.3480182485676,-0.0628153180635,0.1196795415425,-0.2447892538663,-0.3819314991439,-0.4431677177686,0.7774943803851,-0.1293151712304,0.4466969181129,0.1801222071990,-0.1369422489868,0.3015920205241,0.5646864465262,-0.2754396483879,0.5846509725040,-0.1560789624015,0.1239178582413,0.3136375768997,0.3788929824124,-0.5081327790288,-0.4801958075861,-0.5976105820617,0.4921154255373,0.4281248146002,-0.1644845827341,0.0744624601182,0.7117384693926,-0.6507391182252,-0.5172123417213,-0.3027896872854,0.8603016400301,0.3764171874516,0.2633992630012,0.2158476120360,0.1024609710161,0.3475158417182,-0.1882718589234
0.8000521295010,0.0452903635600,-0.1231185487717,0.0767782560225,0.6140945700931,0.0606998676307,0.2714557624843,0.4111905218957,-0.0007122983013,0.3712384193798,0.3762744600778,0.1438534383113,0.3967770080422,0.1241328520327,0.5339479885496,0.5141001557033,0.5464018902672,0.4849208107346,-0.0476868811642,0.1327538195214,0.5275166404136,0.6763762549700,0.3275817252686,0.6151511790592,0.3863324977827,-0.0468899486643,-0.0083222642743,0.2754793154418,0.4552254932632,1.0000000000000,0.6250857977997,0.1491132939320,0.2412263659135,0.7516255817923,0.5073587234868,0.3971571262889,0.0297561530069,-0.2865673457597,0.0135956005366,0.6017501200409,0.0685244452399,0.2319334187063,-0.1120417755577,-0.4039036708167,0.2660844066096,0.0760786739307,-0.3149625873477,0.3612411671136,-0.2022339103650,0.1212509491263,0.4055545497447,0.4723375710958,-0.1448136942781,-0.4749629200451,-0.2111906476027,0.4429196047222,0.3783331658990,0.0936075184261,0.3016946258368,0.3534750248340,-0.2249662830739,-0.4920068809796,-0.0654602203493,0.2949841552597,0.6661430105032,0.2459786119198,-0.2115909524964,0.1131052839041,0.5841630603128,0.2179684335068
0.5156362566355,0.3586910244057,0.2209219093006,0.1038551463210,0.4460690165957,0.0964082977852,0.2284568194291,0.5985446334901,0.1468577461153,0.1161537007168,0.4019241045466,0.1219726113604,0.2802192797056,0.1804689635956,0.3718078583747,0.2853275291094,0.3784394555176,0.5178467406936,0.0607182517768,0.1517671321217,0.4899496300925,0.5047798542834,0.5267589186482,0.5625644556114,0.4044019031567,0.1120058631858,0.3562526773998,0.3597913175177,0.4805859236243,0.6250857977997,1.0000000000000,0.2114372626049,0.1569702446643,0.5898125082119,0.5679996634526,0.2974762082357,0.2717664148278,-0.0012936552827,-0.0385361170474,0.4455565645260,-0.0135497094005,0.1511913037189,0.1416789979207,-0.1023247899366,0.0681620472133,0.0478983910435,-0.0988001021973,0.2058494712431,-0.2165738419325,0.1820073751811,0.1504913632064,0.2824592221543,0.0005519985417,-0.3841896462710,-0.1936403218121,0.4194167080425,0.1897790903440,0.3565984470800,0.1830987056780,0.3458597137115,-0.1998979735529,-0.1592445488940,0.1445511263508,0.3359555097777,0.2868969518717,0.4668096754027,-0.1270111566954,-0.0491491791889,0.2832126120520,0.2847695988876
0.1498974433549,0.0026543229801,-0.0376534283830,-0.2375005432439,0.0838982594246,0.0464298821775,0.3634197037751,0.4780911222201,0.3508857099324,0.0535398514085,0.4262052294127,0.0133013787558,0.1760672396084,0.3550722179559,0.3183420610719,0.1300125005400,-0.0840682929831,-0.0764732783731,0.1676206571883,0.0295049407798,0.0448996580897,-0.1143211716445,0.0368611742993,-0.1500496050215,0.2910526120727,0.0038877901047,0.1618083950753,-0.0655735747752,0.2473531232373,0.1491132939320,0.2114372626049,1.0000000000000,0.1441376893903,0.0910913887620,-0.0575483169254,-0.0706579958889,-0.1455825724192,-0.1517187763062,-0.3169005076661,0.0379358492646,-0.0132015212440,0.1748320083922,0.2733021819299,0.1843355662920,0.0435475376515,0.2970386369349,-0.0947756308296,0.1538563652145,0.1396144272801,0.2101192051420,0.1136207663326,-0.1997200657712,-0.3886265672056,-0.2108501340612,-0.4083406944020,-0.0004034130402,-0.1545938971927,-0.1223847987508,-0.3816705561673,0.1990831274085,-0.3088959759634,-0.1736353524527,-0.2155704028498,0.2026071754807,-0.0523860077776,0.0773844845883,0.5982939013392,0.1579298763133,-0.0597174990052,-0.2405409080053
0.2675365386560,0.0692129618072,0.1248443981254,-0.0945584574833,0.1160894581749,0.2215090798835,0.1933365096321,0.3818763033169,0.2863068167349,0.1179500465745,0.0835175179579,0.3135927850728,-0.0188471060093,0.3402882524893,0.3727884488206,0.3442391396583,0.1220775705400,0.0878143121602,0.1638228835896,-0.0025234088671,0.0673628251251,0.0983661562339,0.0542437226920,0.0989781955402,0.2553012177046,0.2628549139189,0.1805167342502,0.2415519336596,0.1593017958305,0.2412263659135,0.1569702446643,0.1441376893903,1.0000000000000,0.1083329442756,0.0549335548093,0.1385000804811,-0.0346286960588,-0.1720484905881,-0.1063781987480,0.0773595533962,0.1456619113403,0.2779795382997,0.2295340680023,0.2378109361348,0.0914909921680,0.0101012830498,0.0326618881589,-0.0229229114700,0.2551947893627,0.4105705953926,0.2513367607467,0.0466766922201,-0.2544841923848,-0.3081006537840,-0.2473102847141,0.0294905686863,-0.0257500890914,-0.0315586252119,-0.0610900504411,0.1821858725031,-0.0250955676590,-0.2847514631194,0.0908999913314,0.0435135705981,0.1225410599010,0.0465453185340,0.1022679672435,0.4507493476380,-0.0253468413613,-0.0557438904322
0.5206920735424,0.2130373456791,-0.0431650470005,0.2168402325983,0.5348211058012,0.1089349490603,0.0735433060234,0.2861324568251,-0.1685555362226,0.3152324431308,0.2754301021579,0.0710061164993,0.2830937961253,0.1138604780181,0.2404004251057,0.3734492579604,0.4826506604463,0.3913648848502,-0.1210350602787,0.0487134940480,0.5427969708179,0.5793565767459,0.5254853469869,0.5185021329653,0.3228257206958,0.0624919129681,0.0146788307230,0.2824040135066,0.3480182485676,0.7516255817923,0.5898125082119,0.0910913887620,0.1083329442756,1.0000000000000,0.6122441495927,0.2881944631082,0.2197207021543,-0.0456009536906,0.1561831022149,0.4991960040403,0.1058414819857,0.1491891381171,-0.0413900950285,-0.3459117543947,0.2931796661824,0.0597327309563,-0.1847670913836,0.2642640291852,-0.1650231191157,0.0546899494556,0.3402797122010,0.4190582468129,-0.0257077767007,-0.3959336966413,-0.0740031715209,0.5165471918819,0.3487250325104,0.3812064170402,0.3129979473686,0.3551736334449,-0.0459634611587,-0.3057799014101,0.1277449043124,0.2663905940052,0.4988366186961,0.3141409798933,-0.2175953775504,0.0081912208498,0.6881974356988,0.4021542117712
0.2640591118656,0.6446309739714,0.3105236909630,0.5463378879257,0.0653077399740,0.3091769187153,-0.1242875618298,0.0733465484552,-0.0220170071233,0.1668786658078,0.0370489180055,0.3925849698365,0.0386074374831,0.1865416615303,0.2541160741205,0.3289360940876,0.2447540355924,0.6330395489424,0.1772922273615,0.3722858644400,0.3067615777429,0.3424164677562,0.5926494094831,0.4719177517814,0.0275791711354,0.3972932762230,0.3325608510931,0.4695135367020,-0.0628153180635,0.5073587234868,0.5679996634526,-0.0575483169254,0.0549335548093,0.6122441495927,1.0000000000000,0.1582398441627,0.5698972378404,0.1936517807978,0.5222370523991,0.0466421944607,0.1960527310590,-0.1419867505469,-0.2104022994632,-0.2615571822507,0.0660220343340,-0.3491451343131,0.1717727096861,-0.0863211506473,0.0750261233727,-0.1329494188057,0.2072259384565,0.2259179914152,0.4086008392999,-0.1379771797571,0.2776499563345,0.2173428462432,-0.0446709410474,0.5510139364043,0.2928751213065,-0.0098672053890,0.3599314657306,0.0486061013546,0.5099380489253,-0.1701695907218,0.1720169752060,0.1386363289465,-0.3535580684525,0.0055904311431,0.2745012785965,0.7002183912315
