1.0000000000000,0.0107700812938,-0.0734795255170,0.2456913381041,0.2296494951402,-0.0187885177729,0.2566886908997,-0.0590317449836,-0.1458890685456,0.0455129978793,0.3488843971395,0.1896380123008,0.1728613794778,0.2653542563314,0.4157840507755,0.1797254602149,0.2620443360456,0.2070557514196,0.0756181282016,0.2535814344508,0.2537069739974,0.3604368491845,0.1809105848675,0.3135035747533,0.1395125900129,-0.0140500655056,-0.1639554959540,0.1766947794147,0.2951391759295,0.5519121513947,0.3068428417156,0.1823798029149,0.0061893195707,0.3606755948604,0.3308992311779,0.6845945583824,0.0130227318810,-0.1918916402395,0.0777332633120,0.1733557348532,0.0010494212056,0.1564130190963,-0.1171081768039,-0.2494101863205,0.0221407435062,0.2596297465762,-0.0995216472538,0.1422209595101,0.1051480748601,0.0275384249880,0.1080883245719,0.1821134766727,0.0711987149962,-0.2136939327953,-0.0959575119059,0.1234078404726,0.2727499814256,0.2509568365548,0.2585483185524,0.2639776600560,-0.1328481853744,-0.3310668173064,0.0833329088148,0.2703020889025,0.4408053253142,0.3037871356868,0.0399318313835,0.1307997899948,0.2681522994439,0.2460944072624
0.0107700812938,1.0000000000000,-0.0542966598209,0.5703780229801,-0.0596427976958,-0.1083552817117,-0.3189806550077,-0.1351158568818,-0.1508822082254,0.0516516091841,-0.2297021805441,-0.0785408651243,-0.1208015594353,-0.0634922813675,-0.3123656635904,-0.2494331497776,0.2455825197554,0.2661182040571,-0.0682505692248,0.0664626451631,-0.0358145136584,0.1429658014361,0.6795758281182,0.2934096288820,0.2350525960288,0.4310720233198,0.2418962902539,0.0965627688419,-0.1689560633472,0.1915980937016,0.3199439967549,-0.1311825004184,-0.2312092436093,0.4949146865264,0.5853756487772,-0.1494357661920,0.8603218207547,0.0635961896847,0.5729515067431,-0.0842852322714,-0.1569000161449,-0.3244588611863,-0.1504123743185,-0.2154751558176,0.0612394848930,-0.1767259693472,-0.0462137524263,-0.1311991910091,-0.0897825604694,-0.3487433860028,-0.2357059413309,0.2625663183403,0.0891795899755,-0.1674454119871,0.0975530354074,-0.0226484117277,0.1195746320313,0.4672333277306,0.2356292538984,0.1785939228044,0.5743544291310,0.2219320037524,0.1180711346693,-0.0856937953867,0.1465000899426,0.3299040752125,-0.2576841786535,-0.1787847859877,0.4433775020642,0.5765529564258
-0.0734795255170,-0.0542966598209,1.0000000000000,0.1979603957708,-0.1689334756591,0.1312922133708,-0.2288420246546,0.7113045724196,0.2127139293679,0.2212081167265,-0.2662481138587,0.1094038783777,-0.2330259470237,-0.0205574695244,0.2005990316859,0.0494273957848,-0.0454153326392,0.3921463016925,0.2591292881545,0.2947759467557,-0.0822870852355,-0.0492700321258,0.0605722332338,0.1705466558209,0.1296623180385,0.2834535172987,0.4008041580614,0.6488389709130,-0.0123064040993,-0.1455329421634,0.3888949512056,0.2002841675740,-0.0183282118731,-0.0472850401410,-0.0612250889023,-0.0173082393077,-0.1061544592762,0.5048990488318,-0.0601331202873,-0.2376209565119,0.0077961959267,-0.2048900736621,0.3858839113443,-0.0340503462755,0.1669969626315,-0.3222770782758,0.0180784700702,-0.2399611732782,-0.0291433706122,0.2650435091608,-0.0096960528768,-0.1057734800373,0.1804566725126,0.1770712480716,-0.0532883711493,-0.0670041075699,-0.1867622753807,-0.1132194179448,-0.1188421507527,0.0005719928541,0.0736942619735,0.0488529655044,0.4233468297734,-0.2151378327821,-0.2426374692688,-0.2082818925061,0.2270187583231,-0.1745644315009,-0.1265257954873,-0.1226761680367
0.2456913381041,0.5703780229801,0.1979603957708,1.0000000000000,0.1361448958841,-0.0122667896042,-0.0722741920662,0.2191138287471,-0.0418992152151,0.4298760787161,0.0131529592461,0.0532903269795,0.0679149630783,0.0752272831515,0.0159450155704,0.0866947610704,0.2187318036617,0.4002408147893,-0.0261986935927,0.2745362014824,0.1689090548843,0.2003863781461,0.6473434834102,0.3139152431311,0.4943558631372,0.5645614497600,0.4001445126760,0.2854274789332,0.1085396232549,0.3044241380748,0.3835586896970,-0.0428445046836,-0.1125050492388,0.4081151455828,0.4303964081207,0.0166435574296,0.5487259781614,0.1307424357327,0.7170021357647,-0.0007620958377,-0.0572863036152,-0.1909725828707,0.1149533640234,-0.2434189050920,0.4146570828450,-0.1138170596602,-0.0104144527940,0.0054600508535,-0.0078604675183,-0.0516028073965,-0.0145112655001,0.1364864787452,0.1312965040016,-0.2651331304311,-0.0537252652900,0.0764587111553,0.0723304514955,0.5041978817804,0.1206373623893,0.4005692058809,0.5148225504702,0.1722536074993,0.1622223130139,-0.0143708541616,0.1830071088105,0.2356468763148,-0.1180437401003,-0.0919877212735,0.3411172774938,0.4425721930185
0.2296494951402,-0.0596427976958,-0.1689334756591,0.1361448958841,1.0000000000000,-0.3079542220939,0.2105643056076,-0.2066050021344,-0.2294471478052,0.1840655981460,0.4150309697655,0.1609056426013,0.8009835928892,0.2227068718502,0.0074631809716,0.3407338174067,0.2560682778721,-0.0901216993109,0.0271423539510,0.0543921209372,0.7971804567858,0.5091816449687,0.0195804042866,0.2380782737483,0.3908522557789,-0.0281555477701,-0.2174345854166,-0.0886208249838,0.5575096475489,0.2690609010802,-0.0194418788621,0.1405997261994,-0.1236190734086,0.2321004801208,0.0347092384123,-0.0331937813064,-0.1129651397361,-0.1217476187204,0.1099512895774,0.8861998125651,-0.1886956861642,0.0867813431973,-0.1436717225791,-0.1919327604778,0.1949814772057,0.1395070603693,-0.0463507468947,0.7653973417957,0.1416697243465,-0.1837960136548,0.3670723957427,0.2486933445697,-0.1658352070042,-0.1336010485854,-0.2696599681570,0.6388732232716,0.4371809838794,0.1824969323539,0.2265874454198,0.5109733654535,-0.1057294271091,-0.2388383150871,-0.1276183222772,0.6187442966084,0.1150035663886,0.1827019522404,-0.0289832969239,0.0355962389506,0.2167420819375,0.0581160108380
-0.0187885177729,-0.1083552817117,0.1312922133708,-0.0122667896042,-0.3079542220939,1.0000000000000,0.1919142687668,0.3180047041194,0.2782402131061,-0.0271858418354,-0.0155507898014,-0.0991790954502,-0.1823918284799,0.0128699573548,0.1806524097266,0.1069717923254,-0.1518654222516,0.0442600358159,0.0322576598740,0.1556638418041,-0.1896071088613,-0.1933261719802,-0.1145651363717,-0.1617417743610,-0.1204116652737,0.0725679260538,0.2442443580246,0.0471335029370,-0.0903052386261,0.0232303901497,0.0579892372325,-0.0007867643917,0.3636059766556,-0.1235762961989,-0.0852453489391,0.0993899288905,-0.1974691901441,-0.0267679242499,-0.1314048255552,-0.2611239299950,0.5749271199911,0.2476747493106,0.0927633735075,0.2034862309611,-0.1069113409437,0.0779248105677,-0.1421873576264,-0.1800621807923,0.1356806423806,0.2600399853721,0.1142191052798,-0.1488153372104,-0.1989528373850,-0.0506357452640,-0.0066784475093,-0.1343738426828,-0.2672691898931,-0.2381037910948,-0.2755108293813,-0.2429775479882,-0.0432797530033,0.0550091252533,-0.1006679583906,-0.1847994377110,0.0647324969973,-0.1957325841279,0.1814835421168,0.0163147642976,-0.1235899984697,-0.1197513658734
0.2566886908997,-0.3189806550077,-0.2288420246546,-0.0722741920662,0.2105643056076,0.1919142687668,1.0000000000000,0.0037996770081,0.3604774907061,0.0381668759352,0.7274747990353,0.1969626081894,0.4309560337013,0.3688620539636,0.4326752380214,0.4238684003363,-0.1689954635525,-0.1278202315406,0.2727818895565,0.2721012381136,0.1959878591404,0.0247346103157,-0.3630296749476,-0.2757256837654,0.0381526772077,-0.2023870660074,-0.2508783683214,-0.2332412288525,0.2260111160361,0.3189869065699,-0.2115496189642,0.0528812743434,0.3045432667809,-0.2162440604631,-0.2352153550295,0.2880072907230,-0.4391506642337,-0.2603552426194,-0.1712710593708,0.2590472251687,0.2735285474016,0.8960409139131,-0.1055831785986,0.3240919636982,-0.0373225947043,0.6748438546738,0.0235655341893,0.4191296245598,0.2230649693418,0.2116825660154,0.4138392435361,-0.1498495787527,-0.2183998126479,0.0100151260334,-0.0973393632995,0.1738310545861,-0.0214652309373,-0.2468995439345,-0.2373662065841,-0.0444928746584,-0.3307510314727,-0.3451547950900,-0.2980291349350,0.2919107404012,0.3002162838845,-0.2180874680086,0.0723880373821,0.3640982496905,-0.1334613776951,-0.2431341599425
-0.0590317449836,-0.1351158568818,0.7113045724196,0.2191138287471,-0.2066050021344,0.3180047041194,0.0037996770081,1.0000000000000,0.2767702072258,0.4027366744702,-0.0074677606229,-0.0917112654515,-0.1748841434141,-0.0609126527617,0.2576153221310,0.1594102178653,-0.1787656182739,0.4309458135390,0.1675027769287,0.3820588770283,-0.0720286266366,-0.1327367351119,0.0295799907086,-0.0343558940735,0.2590102105939,0.2294008440330,0.4865258525688,0.3819808165067,0.0628047925006,-0.0925688275149,0.3846679317612,0.0072076177258,0.0282802198140,-0.1567892239618,-0.1565133241109,0.0152098114470,-0.1956535228847,0.2712020814356,-0.0773857168798,-0.2085753715012,0.1871695265141,0.0021743427872,0.5934363275580,-0.0448680606592,0.2918023212333,-0.0437804608176,-0.1433913467267,-0.1724490116984,-0.0972796665008,0.3200152203524,0.0334631685036,-0.2415293206769,0.1004859003530,0.0099146384452,-0.0874542079810,-0.0393807173330,-0.2927645266868,-0.1415255669937,-0.2764596651461,0.0433442313933,-0.0097201971101,0.1167414885871,0.0874861400589,-0.1712090328225,-0.1563273289637,-0.3216964188137,0.1162060841924,-0.0996906955892,-0.2234419021915,-0.2072276637373
-0.1458890685456,-0.1508822082254,0.2127139293679,-0.0418992152151,-0.2294471478052,0.2782402131061,0.3604774907061,0.2767702072258,1.0000000000000,-0.1407954944531,0.0912667566996,0.2986469825400,-0.2107785944043,0.2682906888290,0.3367188268087,0.2340752099891,-0.1974066825449,0.1170327167657,0.6094407399535,0.3060013010970,-0.2508791997077,-0.1732173136343,-0.2044010602944,-0.1709442549826,-0.0769222445876,0.1716489717925,0.1558534021070,0.0399959985574,0.0581033202607,-0.1093371273039,0.0455958732562,-0.0153019835289,0.4365157185365,-0.2542281622784,-0.1928546992197,-0.0591961730683,-0.1939646148921,0.1434890298387,-0.1721477044164,-0.2449678097871,0.2084353507447,0.3738974789180,0.0622395181344,0.7170917029159,-0.1743822062751,0.0414511988580,0.2690761464784,-0.1675872894406,0.1568171309149,0.3923872383901,0.1971139445965,-0.1704570918129,-0.1875906029705,0.3138448347430,0.0367188071127,-0.1970674477606,-0.3254112032900,-0.2778937314219,-0.3158815091639,-0.2373376994613,0.0401257285272,-0.0259022367706,-0.0801087271755,-0.0817070524511,-0.0953015108073,-0.2992696533024,0.1166203001788,0.3629443666262,-0.2515168688945,-0.1820162362698
0.0455129978793,0.0516516091841,0.2212081167265,0.4298760787161,0.1840655981460,-0.0271858418354,0.0381668759352,0.4027366744702,-0.1407954944531,1.0000000000000,0.0844585921732,-0.0387101080189,0.1698248532416,0.1525882642453,0.1133916275929,0.3306114715727,-0.0220085884965,0.0836170924822,-0.0170678434711,0.0905928685687,0.2525382949340,-0.0159306289041,0.2998742184905,-0.0763344214547,0.5836277324897,0.2286415507229,0.0578286291767,0.1152498766764,-0.0321635309555,0.1649904731161,-0.0252623925679,0.0576448489580,-0.1011028600000,0.1305366614256,0.0149498556370,-0.0486074970008,0.0433442464483,0.1268818075684,0.3570640570236,0.1839444394957,0.0336655659120,-0.0012379135191,0.3433936349577,-0.3305659404602,0.8054488200564,0.0622538297661,-0.1452041113059,0.1352897046692,0.1275842709742,-0.0003553896477,0.2146603956860,-0.0793750586119,0.0095339665116,-0.1786226161548,-0.1484585374956,0.2238930315222,-0.0787902412500,0.2581680889858,-0.1439572082124,0.4744570174016,0.0666310500146,-0.1197597004357,-0.0724420742525,-0.0658993266807,0.0594950111920,-0.1196488830082,-0.0492086196561,-0.1140170664848,0.0958188513347,-0.0173595584156
0.3488843971395,-0.2297021805441,-0.2662481138587,0.0131529592461,0.4150309697655,-0.0155507898014,0.7274747990353,-0.0074677606229,0.0912667566996,0.0844585921732,1.0000000000000,0.0221499375433,0.5967505846023,0.2053151798990,0.3012359534945,0.3064185736922,0.0100018333015,-0.0562847458910,0.0692146588745,0.2346530209042,0.4255589445232,0.3090022386487,-0.1954250111742,-0.0027713524172,0.1954567839820,-0.2375120271098,-0.2074960477318,-0.1481139954072,0.4969843522497,0.3084077724066,-0.0422284643159,0.0166967165178,0.0836739973668,-0.0158537230343,-0.1898814980265,0.2592915674170,-0.3300346963915,-0.3294395507742,-0.1380443060775,0.5139881114662,0.0832945085982,0.6518378581728,-0.1263136690851,0.0380243644376,0.0205898579822,0.8322421391031,-0.2174748034793,0.6030088533706,0.0200120133186,0.0052711038459,0.2401057104870,0.0021746765520,-0.2239911685308,-0.1894765323590,-0.3050006399082,0.3897499198413,0.2148160162551,-0.1083550277052,-0.0333560317210,0.1159561137922,-0.3887457386020,-0.3608228794349,-0.2098902695972,0.5464247670361,0.2517115831062,-0.1320595602315,-0.0027904015277,0.1873845249557,0.0624151623327,-0.1505515894253
0.1896380123008,-0.0785408651243,0.1094038783777,0.0532903269795,0.1609056426013,-0.0991790954502,0.1969626081894,-0.0917112654515,0.2986469825400,-0.0387101080189,0.0221499375433,1.0000000000000,0.0601833153922,0.7294367367453,0.3976452884616,0.0457682222692,0.0101357783271,-0.0946609229078,0.6490261336656,0.1474712344689,0.1357769994115,0.0927012453503,-0.1314632358489,0.0100654724018,-0.0513559663131,0.1924161062213,-0.1206559434434,0.1811070430134,0.0784871524169,0.2483096009386,-0.0191023790387,0.3516027186233,0.3844897318491,-0.0066704754306,0.1727604673318,0.0685642413956,-0.1298696655880,-0.1380302501623,-0.0549177878339,0.0664473251298,-0.1143523167217,0.1691550476564,-0.2820235786198,0.3036713829576,-0.1384438019722,-0.0683846001861,0.7151236788729,0.0578198328113,0.6118060785907,0.0979989647359,0.1879434418526,0.0069747691127,-0.2301451209871,0.4511460712715,0.0019431450236,0.0559114275513,0.0570643233314,-0.1021185504087,-0.0304094925086,-0.0847782046874,0.0885448234728,-0.3262002006048,-0.0371472985956,0.0257190406867,0.1354629470525,0.0518375232336,0.2385202038460,0.3966008605670,-0.0648578718912,0.0673769067249
0.1728613794778,-0.1208015594353,-0.2330259470237,0.0679149630783,0.8009835928892,-0.1823918284799,0.4309560337013,-0.1748841434141,-0.2107785944043,0.1698248532416,0.5967505846023,0.0601833153922,1.0000000000000,0.1425172514415,0.0419621253524,0.2852098312064,0.1648064125140,-0.0710096707261,0.0207352824637,0.1821954996591,0.8306293277286,0.4451603711863,-0.0891870085711,0.1244864526308,0.2260547725813,-0.1464221058169,-0.2137909769359,-0.1354061434682,0.4502699167486,0.2788864842102,-0.0916172458676,0.1447229699144,-0.1076193060819,0.1151911859373,-0.0171603049459,-0.0603647034627,-0.1757930307932,-0.2807946548460,0.0709992267266,0.8574670029483,-0.0731319488797,0.2907656737430,-0.2523122356206,-0.1710836737377,0.1264195319976,0.3748175785657,-0.1772728748137,0.9181002425807,0.0797431738051,-0.1404102887472,0.3230539529908,0.1469946666618,-0.1796275392524,-0.1202762276544,-0.1833369330021,0.7586159383599,0.4035387774796,0.0671694346616,0.1157535747321,0.2401422004580,-0.2083689561399,-0.2598759479212,-0.1766824065462,0.5937637987525,0.1631416334732,0.0238208080549,0.0025856157002,-0.0363932262685,0.2087612093057,0.0275265156507
0.2653542563314,-0.0634922813675,-0.0205574695244,0.0752272831515,0.2227068718502,0.0128699573548,0.3688620539636,-0.0609126527617,0.2682906888290,0.1525882642453,0.2053151798990,0.7294367367453,0.1425172514415,1.0000000000000,0.4358915262755,0.2086250700597,0.1465229616065,-0.1267869854808,0.6685158769304,0.1838598917027,0.2039139367640,0.1880698405862,-0.0742388870296,0.0642818077802,0.1384237339807,0.2010138268810,-0.2648571550994,0.1401836596847,0.1128041588375,0.4108496036398,-0.0705665675544,0.5383197963019,0.2528551706611,0.0757027630877,0.0636931697769,0.1648242685887,-0.1536217884724,-0.0798843770080,-0.0368429558417,0.1914732876532,0.0728943103369,0.3106616710865,-0.2166816968081,0.2194438615493,0.0500413058539,0.1526992993288,0.5169867772667,0.1076253903182,0.7997817024568,0.0206197632166,0.2916379689368,0.1490004945306,-0.3002778302254,0.2796033468616,-0.1396004439320,0.1239499188381,0.0958925925024,-0.0193370570529,0.0214341281077,0.1357127604928,0.0286328975301,-0.4557931160371,0.0030529316873,0.1424278950293,0.2713898425270,-0.0240752607871,0.2901870490845,0.4632455111627,-0.0170658393176,-0.0265710907670
0.4157840507755,-0.3123656635904,0.2005990316859,0.0159450155704,0.0074631809716,0.1806524097266,0.4326752380214,0.2576153221310,0.3367188268087,0.1133916275929,0.3012359534945,0.3976452884616,0.0419621253524,0.4358915262755,1.0000000000000,0.3699531094804,-0.1727672301089,0.0607390478523,0.3704899675341,0.3451102644915,0.0593082861478,-0.0271356321957,-0.2533869168228,-0.1178404500753,0.0285747838214,-0.0487998298393,-0.1334162496279,0.2845364590516,0.1222817544852,0.4673487197587,0.1641525874711,0.4169356109820,0.3568492408412,-0.0694643191577,-0.0172891044773,0.4946221972866,-0.3839716372965,-0.1744884289027,-0.1730480688271,0.0057645999704,0.2228687915373,0.2946290105205,0.0512838815964,0.1273491276830,0.0314044665400,0.1905845875069,0.0395745589089,0.0016451778362,0.2763037461540,0.5682584284033,0.3119330768846,-0.2075553071176,-0.1122206039661,0.0915363635110,-0.1074074886758,0.0314800706493,-0.1385094375433,-0.2069705956095,-0.1977630822047,-0.0390678260700,-0.3277034671744,-0.4407680794574,0.0527758200348,0.0150635197012,0.3428724019115,-0.0894518094640,0.3410967334356,0.3974040495951,-0.1220043980290,-0.1554760340503
0.1797254602149,-0.2494331497776,0.0494273957848,0.0866947610704,0.3407338174067,0.1069717923254,0.4238684003363,0.1594102178653,0.2340752099891,0.3306114715727,0.3064185736922,0.0457682222692,0.2852098312064,0.2086250700597,0.3699531094804,1.0000000000000,-0.0532173978300,0.0337024370722,0.1216229113870,0.1446110797007,0.3235763855225,0.0912762028621,-0.1532286728361,-0.0369200380384,0.2340060405950,-0.0531026170932,-0.1605963057743,-0.0721554382067,0.1567302103443,0.2124365425898,-0.0473648440651,0.0482435251520,0.1401989972175,-0.0439495342682,-0.1241329236056,0.1826092850374,-0.2733407344653,0.0881043594993,-0.0103689438053,0.3079523896194,0.1570558330545,0.3378464265222,0.2138070250543,-0.0046759669678,0.3919086478295,0.1705370143703,-0.0879418623165,0.3019593593874,0.1401007533031,0.2723228199962,0.7703765835340,-0.0491990462451,-0.0540106635252,-0.0846247017397,-0.1397502320687,0.3178853108916,-0.0199030008886,-0.0543578105451,-0.1257150712313,0.3603024807680,-0.1842994873059,-0.2789357570355,-0.1714313023554,0.0717724376214,0.1715285975213,-0.1303582364373,0.0254633830323,0.2280513313595,-0.0334053775379,-0.1166560510719
0.2620443360456,0.2455825197554,-0.0454153326392,0.2187318036617,0.2560682778721,-0.1518654222516,-0.1689954635525,-0.1787656182739,-0.1974066825449,-0.0220085884965,0.0100018333015,0.0101357783271,0.1648064125140,0.1465229616065,-0.1727672301089,-0.0532173978300,1.0000000000000,0.1462088558604,0.0664524579089,0.0888125492213,0.2322603426760,0.6203550286528,0.5024531645299,0.7777222832795,0.1238169886158,0.2702472567438,-0.0209478109047,0.2598443781278,0.2256227977650,0.1887741398668,0.2000051296714,0.1224475857744,-0.1763736058965,0.4883627405329,0.3680615868911,-0.1198281805686,0.3125794299483,-0.0078346987636,0.1668569297755,0.2469376061707,-0.1240210700821,-0.1524281335783,-0.2038122532216,-0.2387965887967,0.0086275531217,-0.0316471516847,-0.0393948814732,0.1382100074301,0.0880712747834,-0.4009333848419,-0.0656528166755,0.9218182481469,-0.0411863594361,-0.1763358634811,-0.2207132527603,0.1706703989504,0.5771301246455,0.5894643979795,0.7173520711566,0.3251267583965,0.2171181207324,-0.1594484717828,0.2714412512593,0.3495956666491,0.0673564589794,0.3004511922655,-0.0494148207640,-0.0969673100311,0.4075071838589,0.4176026200554
0.2070557514196,0.2661182040571,0.3921463016925,0.4002408147893,-0.0901216993109,0.0442600358159,-0.1278202315406,0.4309458135390,0.1170327167657,0.0836170924822,-0.0562847458910,-0.0946609229078,-0.0710096707261,-0.1267869854808,0.0607390478523,0.0337024370722,0.1462088558604,1.0000000000000,0.2155924529753,0.7015761630655,0.0798330357263,0.1275136839045,0.3272077567299,0.4036375772348,0.0119521745995,0.3395741431832,0.5712825020796,0.4576542990417,0.1241748558115,0.1415270022272,0.5217387315080,0.0439758920345,-0.1808715287539,0.3285550066684,0.4345904640544,0.0047387905925,0.2554857240051,0.0797782600977,0.1338115955146,-0.1544717274617,0.0026259124979,-0.2342621184225,0.1392292677610,-0.2465809964637,0.0377712442614,-0.1491247826426,-0.2151941017663,-0.1487088596325,-0.2427251344692,-0.0336961651994,-0.1599560347005,0.1192342073737,0.4566369920602,-0.1187063754476,0.1250911796771,0.0126402037915,0.0624854781029,0.2473851025583,0.2158401973591,-0.0048495163080,0.2228603083705,0.1940194703169,0.1497179611942,-0.0298903150940,0.0197622552342,0.1556561709703,-0.0948561055873,-0.2441880921014,0.2656881565174,0.4276769728819
0.0756181282016,-0.0682505692248,0.2591292881545,-0.0261986935927,0.0271423539510,0.0322576598740,0.2727818895565,0.1675027769287,0.6094407399535,-0.0170678434711,0.0692146588745,0.6490261336656,0.0207352824637,0.6685158769304,0.3704899675341,0.1216229113870,0.0664524579089,0.2155924529753,1.0000000000000,0.4708700446249,0.0765596071271,0.1040483929272,-0.0860385963831,0.0915080052848,-0.0167945091747,0.1905981605002,0.0528209119295,0.2937063493075,0.1122265840893,0.1346047822973,0.1225069281688,0.4540255299252,0.2463320667709,-0.0287643575738,0.0666589284317,-0.0329439472166,-0.1574142814177,0.0463346765698,-0.1442016878130,0.0342863289773,0.0634214311061,0.2421880828348,-0.1476884947304,0.3760899438326,-0.1829672507563,0.0283188798466,0.4053270596753,0.0103807689265,0.4698792235861,0.0809923396316,0.1573540164853,0.0637807411297,-0.1767507592186,0.4872868095008,-0.0107168058463,0.0786771493387,0.0002059049174,-0.1255650818664,-0.0226829466677,-0.1225434030644,0.0135872123448,-0.2346676766819,0.0756431945366,0.0792773317327,-0.0061826709806,-0.0830274300178,0.2090035875949,0.2529291464032,-0.1022524625907,-0.0191200789309
0.2535814344508,0.0664626451631,0.2947759467557,0.2745362014824,0.0543921209372,0.1556638418041,0.2721012381136,0.3820588770283,0.3060013010970,0.0905928685687,0.2346530209042,0.1474712344689,0.1821954996591,0.1838598917027,0.3451102644915,0.1446110797007,0.0888125492213,0.7015761630655,0.4708700446249,1.0000000000000,0.1799240080061,0.1909222757560,0.0636430712677,0.2685895712753,0.0172487887319,0.3606326761713,0.4501699427531,0.4630802296328,0.2529601800521,0.3321801649482,0.3280262957006,0.2079850461467,-0.0289950158078,0.1493932529070,0.3054886264182,0.0263049027921,-0.0316794319186,-0.0640213467749,0.0044184277596,0.0449598797388,0.1680985351281,0.1426196579795,-0.0109576914326,-0.0330226219637,-0.0359936603227,0.1438972587557,-0.0990154272231,0.1214477737202,-0.0152720140869,0.0774464510333,0.0635085584145,0.0715026981251,0.1383212500831,0.0035220109706,0.0938231522377,0.1475934608737,0.0767293602617,0.0117014886698,0.0797141938489,-0.0854602030456,0.1072450594331,0.0499310359434,0.1553557188252,0.1844880544109,0.1734674848185,-0.0075474556752,0.0980802521603,-0.0317407854666,0.1398440514550,0.2594164576784
0.2537069739974,-0.0358145136584,-0.0822870852355,0.1689090548843,0.7971804567858,-0.1896071088613,0.1959878591404,-0.0720286266366,-0.2508791997077,0.2525382949340,0.4255589445232,0.1357769994115,0.8306293277286,0.2039139367640,0.0593082861478,0.3235763855225,0.2322603426760,0.0798330357263,0.0765596071271,0.1799240080061,1.0000000000000,0.5159528578017,0.0704381018514,0.2719536768820,0.3168317040277,-0.0559871192695,-0.1874459970288,-0.0369931565263,0.3826003076763,0.3271467175449,0.0700928814936,0.1954364551433,-0.1204173072319,0.3138310318932,0.1558834207532,0.0008013643592,-0.0570140658990,-0.1358460233056,0.1380697432836,0.8323049403886,-0.0536207862325,0.0682163926896,-0.1440252217600,-0.3273709578286,0.2302596576411,0.1929626862590,-0.1359776280645,0.7748318593098,0.1306109279509,-0.1791168834588,0.2698686673815,0.2049233417916,-0.0399882954838,-0.1393209002053,-0.1337251715659,0.8898563179582,0.4493228852240,0.1838766775223,0.2296337112370,0.3717305257918,-0.1344578236816,-0.2912559706872,-0.1379584478288,0.4501108722956,0.1549918910213,0.1201985486456,-0.0227815147685,-0.0701127722421,0.3200097944256,0.1489109183631
0.3604368491845,0.1429658014361,-0.0492700321258,0.2003863781461,0.5091816449687,-0.1933261719802,0.0247346103157,-0.1327367351119,-0.1732173136343,-0.0159306289041,0.3090022386487,0.0927012453503,0.4451603711863,0.1880698405862,-0.0271356321957,0.0912762028621,0.6203550286528,0.1275136839045,0.1040483929272,0.1909222757560,0.5159528578017,1.0000000000000,0.3374745086618,0.7302167540918,0.2249782663883,0.0266574546083,-0.1127230977306,0.1195672432328,0.4637539682011,0.4056676691212,0.3633568741368,0.1168673249330,-0.1299805376489,0.5372109006826,0.2350595568525,-0.0242504963053,0.1403627659439,-0.0981166485472,0.1486272217150,0.5061130683750,-0.1572387236206,-0.0049890436216,-0.2315049003225,-0.2394972273838,-0.0188161887587,0.1884192258911,-0.1366896857779,0.4721246323388,0.0209175179651,-0.3013531479082,0.0057639729963,0.6001138292024,-0.0648048931128,-0.1825830916412,-0.1992973364281,0.4673757638115,0.8625447429115,0.3941434769299,0.6500020132278,0.3213855842368,-0.0287000217715,-0.2282025611949,0.1365372311949,0.5895103474607,0.2866750900410,0.3056262359686,-0.0386707424425,-0.0069774853905,0.5009700218189,0.2536945373219
0.1809105848675,0.6795758281182,0.0605722332338,0.6473434834102,0.0195804042866,-0.1145651363717,-0.3630296749476,0.0295799907086,-0.2044010602944,0.2998742184905,-0.1954250111742,-0.1314632358489,-0.0891870085711,-0.0742388870296,-0.2533869168228,-0.1532286728361,0.5024531645299,0.3272077567299,-0.0860385963831,0.0636430712677,0.0704381018514,0.3374745086618,1.0000000000000,0.4614375408712,0.4061121982843,0.3893271687211,0.2043048298760,0.2172464174956,-0.0523900981056,0.1732624077529,0.4608307252267,-0.1085731467700,-0.2563415645924,0.6258365380963,0.5119128707740,-0.1069220473716,0.7127108174598,0.0674134981895,0.5837275062844,-0.0322930091128,-0.1230070046881,-0.3910736756746,0.0571604739798,-0.3562071559464,0.2845743721757,-0.1747346649273,-0.1596738704765,-0.0910279710441,-0.1462485711652,-0.3591415839276,-0.2552635277212,0.4389514981604,0.1399925474069,-0.2951655179586,-0.0399749033428,0.0621649135712,0.2559327516349,0.7999822454190,0.3670973196761,0.4101061786408,0.4361738596391,0.1332066607350,0.1879840125155,0.0053554112924,0.0658415090849,0.4284172526565,-0.2500790592557,-0.2130535303120,0.5018012850794,0.5290395310762
0.3135035747533,0.2934096288820,0.1705466558209,0.3139152431311,0.2380782737483,-0.1617417743610,-0.2757256837654,-0.0343558940735,-0.1709442549826,-0.0763344214547,-0.0027713524172,0.0100654724018,0.1244864526308,0.0642818077802,-0.1178404500753,-0.0369200380384,0.7777222832795,0.4036375772348,0.0915080052848,0.2685895712753,0.2719536768820,0.7302167540918,0.4614375408712,1.0000000000000,0.0579691137889,0.2776712197770,0.1274340210898,0.4385821862942,0.3249221801975,0.1584841015079,0.4783760946115,0.1589479339606,-0.2432779550620,0.5137515601887,0.4258945499469,-0.0772618206786,0.3509969641996,0.0708650932089,0.1469092179537,0.1932074947070,-0.1526832080108,-0.2963235282499,-0.1770248398876,-0.2922351005327,-0.0216392075692,-0.1108467306908,-0.1086770375973,0.1033689620673,-0.0556836253090,-0.3032497775514,-0.1127270518030,0.7061632904314,0.0554103126535,-0.2000869972561,-0.2101243189761,0.2034979236824,0.5947001451236,0.4820953791568,0.7522915289366,0.2713236886276,0.2044175558403,-0.0761367950157,0.4012269956133,0.3180040586533,0.0236515480658,0.3470684412723,-0.0120975852504,-0.1549602164006,0.3946545968248,0.4416317965420
0.1395125900129,0.2350525960288,0.1296623180385,0.4943558631372,0.3908522557789,-0.1204116652737,0.0381526772077,0.2590102105939,-0.0769222445876,0.5836277324897,0.1954567839820,-0.0513559663131,0.2260547725813,0.1384237339807,0.0285747838214,0.2340060405950,0.1238169886158,0.0119521745995,-0.0167945091747,0.0172487887319,0.3168317040277,0.2249782663883,0.4061121982843,0.0579691137889,1.0000000000000,0.1715406202092,0.0983260320994,0.0137214307169,0.2651098563971,0.2728288163479,0.1526713664235,-0.0615080334644,-0.1563639872615,0.2292759771826,-0.0284429057557,0.0673507706441,0.1990776487077,0.2777302838269,0.4549080851725,0.3792719019028,-0.1705485946100,-0.0271129961935,0.3302832607248,-0.2623626145822,0.5774430469152,0.0904489924423,-0.1121802829794,0.2167341929954,0.0386694609581,-0.0422135249899,0.1170037198205,0.1167481347730,-0.0085919575724,-0.1608268280225,-0.1845162826714,0.3036262348308,0.0540157608633,0.3252125474121,-0.0457801151458,0.7936922897752,0.0823522963839,0.0201064054210,0.0950093887380,0.2483799960564,0.1970565167827,0.0169270766348,-0.0563310402144,0.0355159147069,0.1775197855824,-0.0202256345892
-0.0140500655056,0.4310720233198,0.2834535172987,0.5645614497600,-0.0281555477701,0.0725679260538,-0.2023870660074,0.2294008440330,0.1716489717925,0.2286415507229,-0.2375120271098,0.1924161062213,-0.1464221058169,0.2010138268810,-0.0487998298393,-0.0531026170932,0.2702472567438,0.3395741431832,0.1905981605002,0.3606326761713,-0.0559871192695,0.0266574546083,0.3893271687211,0.2776712197770,0.1715406202092,1.0000000000000,0.5285751333263,0.4471979310372,-0.0137372040469,0.1130953440022,0.1597931253321,0.0525758367285,0.0222463466561,0.2784934488284,0.4903588837784,-0.2190444030939,0.3964896238493,0.1641805017003,0.4034045846454,-0.1483658776734,-0.0706178264922,-0.2340715870098,-0.0093583284895,0.0034759708690,0.2236507676397,-0.2986186671306,0.2181172981395,-0.2000330250780,0.1884731104911,-0.0509500547726,-0.0565678128752,0.2313845406632,0.0137464119930,-0.0437232343224,-0.0067679834170,-0.1403477819488,-0.0879839274709,0.2427152122139,0.0610682504955,0.1138385764340,0.7570205198870,0.2556493521554,0.2826847495078,-0.1463651457634,-0.0063236322833,0.0018765888726,0.1292597186541,0.0142618284134,0.1987189088535,0.4927461897265
-0.1639554959540,0.2418962902539,0.4008041580614,0.4001445126760,-0.2174345854166,0.2442443580246,-0.2508783683214,0.4865258525688,0.1558534021070,0.0578286291767,-0.2074960477318,-0.1206559434434,-0.2137909769359,-0.2648571550994,-0.1334162496279,-0.1605963057743,-0.0209478109047,0.5712825020796,0.0528209119295,0.4501699427531,-0.1874459970288,-0.1127230977306,0.2043048298760,0.1274340210898,0.0983260320994,0.5285751333263,1.0000000000000,0.4320176931246,0.0855289148710,-0.1532229022601,0.2970501329053,-0.0942130042531,-0.0337563974676,-0.0068891029472,0.1578334856638,-0.2200166951985,0.1954870584938,0.1458230188459,0.1436127349637,-0.2718659322861,0.0261255594642,-0.2535917796403,0.1927697295421,-0.0449639145502,0.0031145888730,-0.2158132469814,-0.0493526328496,-0.2423547670437,-0.2025814251077,0.0438103668669,-0.2284348543693,-0.0402960467175,0.1723739497396,0.0078370553031,0.0933890867166,-0.1704181655749,-0.2126957302411,-0.0075487858634,-0.1154118752711,-0.1227436912813,0.3760717786555,0.6558573636823,0.2168040978303,-0.1269476574111,-0.1662430002197,-0.0759414988136,0.1066604037078,-0.2468865652393,-0.0432158734910,0.1952030609585
0.1766947794147,0.0965627688419,0.6488389709130,0.2854274789332,-0.0886208249838,0.0471335029370,-0.2332412288525,0.3819808165067,0.0399959985574,0.1152498766764,-0.1481139954072,0.1811070430134,-0.1354061434682,0.1401836596847,0.2845364590516,-0.0721554382067,0.2598443781278,0.4576542990417,0.2937063493075,0.4630802296328,-0.0369931565263,0.1195672432328,0.2172464174956,0.4385821862942,0.0137214307169,0.4471979310372,0.4320176931246,1.0000000000000,0.1059043639517,0.0586011494602,0.4027460941821,0.4429868045437,-0.1073301803373,0.1588133207482,0.2493943897157,0.0239152217739,0.0683323537718,0.0923602205861,0.0157580388765,-0.1466778611592,-0.0089694899085,-0.2580476368931,-0.0184142330953,-0.1566043057209,-0.0093449010673,-0.1873368436369,-0.0562586918601,-0.2012730001226,0.0319524363395,0.0625886747429,-0.1085331286254,0.1549212671898,0.0827922269318,0.0063164516231,-0.1062230908580,-0.0699695705699,-0.0252505474748,0.0705700486367,0.1460694789244,-0.0577746902390,0.1461644643952,-0.0470009343442,0.6334771258590,-0.0310021450264,-0.0892917841073,-0.0580703602214,0.2590973372553,-0.1861677619926,0.0601456834731,0.1763201522714
0.2951391759295,-0.1689560633472,-0.0123064040993,0.1085396232549,0.5575096475489,-0.0903052386261,0.2260111160361,0.0628047925006,0.0581033202607,-0.0321635309555,0.4969843522497,0.0784871524169,0.4502699167486,0.1128041588375,0.1222817544852,0.1567302103443,0.2256227977650,0.1241748558115,0.1122265840893,0.2529601800521,0.3826003076763,0.4637539682011,-0.0523900981056,0.3249221801975,0.2651098563971,-0.0137372040469,0.0855289148710,0.1059043639517,1.0000000000000,0.0756952559417,0.2676334911387,0.0730674036273,-0.0011201511592,0.0335566260106,-0.0779271830783,0.0136779083950,-0.1852214316291,-0.1549227394321,-0.1033767849131,0.4724149479986,-0.0828523433837,0.1268461149926,-0.1290086571042,0.0190372094253,-0.0583615520081,0.1922542971029,-0.1069238825949,0.4147596409754,0.0078041625135,-0.0763590832700,0.1127183391938,0.1760462267106,-0.2007327892926,-0.1554245234692,-0.3323441387566,0.2226611585415,0.2654145636982,0.0679675573246,0.1625121695474,0.2393026290052,-0.1797405614033,-0.1384141998848,0.0108072822124,0.7949887552185,-0.0529910711019,0.1251729458372,0.0340005454861,0.0128679866770,-0.0531942711393,-0.0613806638719
0.5519121513947,0.1915980937016,-0.1455329421634,0.3044241380748,0.2690609010802,0.0232303901497,0.3189869065699,-0.0925688275149,-0.1093371273039,0.1649904731161,0.3084077724066,0.2483096009386,0.2788864842102,0.4108496036398,0.4673487197587,0.2124365425898,0.1887741398668,0.1415270022272,0.1346047822973,0.3321801649482,0.3271467175449,0.4056676691212,0.1732624077529,0.1584841015079,0.2728288163479,0.1130953440022,-0.1532229022601,0.0586011494602,0.0756952559417,1.0000000000000,0.1567214291994,0.1632744629431,0.1024014717284,0.5164223223405,0.3995878910616,0.3567354656879,0.0622889677857,-0.2184706771347,0.2765951936055,0.2712199701491,-0.0225770173959,0.1731393479594,-0.1999268714553,-0.2834473666739,0.1292755925479,0.2664047862205,-0.0635141339562,0.2468869736307,0.2624278064298,0.0277082523037,0.1413564314615,0.1966150680380,0.0211849009783,-0.1644773198541,0.0269985315369,0.2673328280294,0.3636216992887,0.1819720949492,0.1844042200297,0.2486355292161,0.0005309865806,-0.3383500756065,-0.0091831007582,0.1838943680749,0.8802612486864,0.2192048527738,0.0361362314388,0.2642602843446,0.5411334960336,0.3417956269648
0.3068428417156,0.3199439967549,0.3888949512056,0.3835586896970,-0.0194418788621,0.0579892372325,-0.2115496189642,0.3846679317612,0.0455958732562,-0.0252623925679,-0.0422284643159,-0.0191023790387,-0.0916172458676,-0.0705665675544,0.1641525874711,-0.0473648440651,0.2000051296714,0.5217387315080,0.1225069281688,0.3280262957006,0.0700928814936,0.3633568741368,0.4608307252267,0.4783760946115,0.1526713664235,0.1597931253321,0.2970501329053,0.4027460941821,0.2676334911387,0.1567214291994,1.0000000000000,0.0697418666104,-0.1419850171038,0.3679680461811,0.3331428897937,0.1276225912539,0.2986487954669,0.0180558425973,0.0999994253388,-0.0592763232100,-0.0075907049422,-0.2948149735915,0.1267823205022,-0.1552573789661,-0.0620532009014,-0.1798597089941,-0.2034416447526,-0.0786917609448,-0.2025005639302,0.0110352118037,-0.1443403793741,0.1349283835850,0.1149474913797,-0.1423721453171,-0.0742559325691,0.0585535790118,0.1779718243519,0.2906060254445,0.2427513077162,0.1227095174854,0.0840710935664,0.0482843723674,0.2505474013937,0.1285843147750,0.0435154899309,0.4860619813828,-0.0023877288962,-0.1007575973341,0.2097116328810,0.2875738037484
0.1823798029149,-0.1311825004184,0.2002841675740,-0.0428445046836,0.1405997261994,-0.0007867643917,0.0528812743434,0.0072076177258,-0.0153019835289,0.0576448489580,0.0166967165178,0.3516027186233,0.1447229699144,0.5383197963019,0.4169356109820,0.0482435251520,0.1224475857744,0.0439758920345,0.4540255299252,0.2079850461467,0.1954364551433,0.1168673249330,-0.1085731467700,0.1589479339606,-0.0615080334644,0.0525758367285,-0.0942130042531,0.4429868045437,0.0730674036273,0.1632744629431,0.0697418666104,1.0000000000000,-0.1206416452175,-0.0219989487014,0.0407363807997,0.1644404162708,-0.2038125140587,-0.0874711450826,-0.1492071727635,0.1299458677525,0.0865678988105,-0.0005280162310,-0.1803927394932,-0.0161830704650,-0.0178930947415,-0.0676753656378,0.1490011517457,0.0465918033771,0.5226462019161,0.1199330704862,0.1902695638127,0.0488351948311,-0.1186643401178,0.2221192139428,-0.1111159623288,0.1069781575336,0.0622974726513,-0.0532304588179,0.0510671281492,-0.0464896419603,-0.1023144798890,-0.2899376661593,0.2620907158179,0.0098096073223,0.0111672691105,-0.0471469128931,0.5972050437217,-0.0369541230408,-0.0943751230395,-0.0865668643739
0.0061893195707,-0.2312092436093,-0.0183282118731,-0.1125050492388,-0.1236190734086,0.3636059766556,0.3045432667809,0.0282802198140,0.4365157185365,-0.1011028600000,0.0836739973668,0.3844897318491,-0.1076193060819,0.2528551706611,0.3568492408412,0.1401989972175,-0.1763736058965,-0.1808715287539,0.2463320667709,-0.0289950158078,-0.1204173072319,-0.1299805376489,-0.2563415645924,-0.2432779550620,-0.1563639872615,0.0222463466561,-0.0337563974676,-0.1073301803373,-0.0011201511592,0.1024014717284,-0.1419850171038,-0.1206416452175,1.0000000000000,-0.1017255113922,-0.1456731392407,0.0885386073384,-0.2652788135992,-0.0998928425501,-0.1848701301881,-0.1298296756649,0.1831184379364,0.3331902510076,-0.0903312305264,0.4389147840845,-0.1866212389374,0.0873429496677,0.2852559120577,-0.0669210170926,0.3279197934528,0.3135777745281,0.1050107649920,-0.1155356355676,-0.2421229839100,0.1867449917569,-0.0935859099359,-0.1215815562267,-0.1476949868894,-0.3040813848039,-0.2270113168397,-0.2565148740656,-0.0840106889242,-0.1606011095748,-0.2106184811907,-0.0553724515159,0.1645941136078,-0.1667948907374,0.1569636860504,0.4970416045164,-0.0798982864200,-0.1143834637921
0.3606755948604,0.4949146865264,-0.0472850401410,0.4081151455828,0.2321004801208,-0.1235762961989,-0.2162440604631,-0.1567892239618,-0.2542281622784,0.1305366614256,-0.0158537230343,-0.0066704754306,0.1151911859373,0.0757027630877,-0.0694643191577,-0.0439495342682,0.4883627405329,0.3285550066684,-0.0287643575738,0.1493932529070,0.3138310318932,0.5372109006826,0.6258365380963,0.5137515601887,0.2292759771826,0.2784934488284,-0.0068891029472,0.1588133207482,0.0335566260106,0.5164223223405,0.3679680461811,-0.0219989487014,-0.1017255113922,1.0000000000000,0.6576859898604,0.0075243584798,0.4799293031827,0.0136756241524,0.4251602696026,0.1823360142101,-0.0826763918704,-0.2955953633841,-0.1584819468417,-0.3867677323628,0.1548107497919,-0.0833317523148,-0.1898944650470,0.0831298226953,-0.0569823837444,-0.3780251292840,-0.2245222141577,0.4719121323712,0.1374727887509,-0.3485282487923,-0.0567531734479,0.2243273887120,0.5503006407257,0.5795793931480,0.5511987446892,0.3101564278418,0.2565405311326,-0.1007042849463,0.1085816776381,0.1783873359217,0.3593497734729,0.5357712811530,-0.1791343034657,-0.0570338370626,0.8530290796573,0.6598996614526
