1.0000000000000,-0.0360805563371,0.3198276515871,0.1983289513459,0.0659397691819,-0.1056458863100,-0.0039477331112,0.4494916399918,0.1346534576205,0.2828386748700,0.0100804578736,0.2788679300058,0.1354290061176,0.0766796248770,0.7414005217508,-0.0625910213966,0.0622513324067,0.3351564407642,0.5135950662010,0.4499442369494,0.3053818285843,0.0666186954435,0.1279650899122,0.1750536168760,0.1359633031824,0.2750470401236,0.3512984834475,0.4971108497269,0.0278372247002,0.1442013569336,0.0490353806724,0.0198893427271,-0.0124643954657,-0.0912117828661,0.0696867792473,0.3340682855777,-0.0639508907915,-0.3991928350653,0.1410444372832,0.0344365671403,-0.1360810909889,-0.1099701013647,-0.0962334301104,-0.1373444783320,0.0246388836095,0.0492103166168,-0.0641168227527,0.0969798861488,-0.2160219028175,0.1108149880199,-0.1800205662969,0.1102077167064,-0.1137006999731,-0.0076731509277,-0.0518005042784,0.2355402231870,-0.0086986077994,-0.0434390522216,-0.0865724910929,-0.2156288137007,-0.0512450806413,-0.3177900682759,-0.1173494224211,-0.3282050954032,0.0596888847475,-0.3076031354809,-0.0637601760238,-0.0120545135962,0.1203957632934,-0.0258876992533
-0.0360805563371,1.0000000000000,-0.0448802774002,0.2636446358408,0.1427852915674,-0.1200769367772,-0.0826135237300,-0.2454962306913,-0.2524349986310,-0.0889047583316,-0.1125096618891,-0.1657021448862,-0.0672573236243,-0.0511876589461,-0.1814034143157,0.0204865108349,0.2792422520302,0.0469910280194,-0.2442697198116,0.1818773501085,0.0317757987136,0.3215037190301,0.4054452369311,0.4350767055203,0.1455948653563,0.3325610553213,0.0874906969734,0.1356606975589,0.0605695090368,0.3766555983812,0.4684627801359,-0.2473429364772,-0.2375162513135,0.2354536736244,0.5955067963189,0.0896839098747,0.8372539284209,0.2154742121102,0.2943238727261,0.2168295610838,-0.0625020802343,-0.0771986338899,-0.1435569711930,-0.2381779728060,-0.1706945088281,-0.0325460046791,-0.4830423255231,-0.0789288419933,-0.1220325724284,-0.1770212807709,0.1076960240390,0.2128927542636,0.1716849077151,-0.2908198336798,0.1577064914941,-0.0023239618879,0.2799498538523,0.4421554626443,0.5008556382637,0.1798616109054,0.0547953971285,-0.1204976400269,0.1445542537011,0.1562965686730,0.3197228110895,0.5055236399178,-0.3082501018980,0.0119908963193,0.1815416216740,0.5491592329587
0.3198276515871,-0.0448802774002,1.0000000000000,0.2496527318733,0.0937093114830,0.0865529168870,-0.2873967482935,0.5177924336653,0.3021510866159,0.1959963067689,-0.0766588904931,0.1314405501896,-0.0609142757735,0.0435839201220,0.1450968935292,-0.0241746172077,0.0957113504804,0.5786139985216,0.3470974224260,0.2729972698471,0.3597495003496,0.0673859475511,0.0434680605112,0.3308768813242,0.3112005750545,0.0130530194262,0.5782137593949,0.6041623567569,0.5289571558749,-0.3494982635175,0.1126856762683,0.0414857588064,-0.0796043331387,-0.0745037342632,-0.0610209328393,-0.3097342331782,0.0074147241386,0.2197391922843,0.0559632865225,0.0657096358232,0.0253865802696,-0.3366687129257,-0.1897677528254,0.0742020492864,0.0666030858181,-0.1647676862470,0.0562057470826,-0.0601223150296,-0.1084001126379,-0.1050720053667,-0.1202298008588,0.0874676211330,0.0654136331928,-0.0259431111919,-0.1633769301913,0.3140807285955,0.1271687301211,-0.0060542960228,0.0591783964471,0.0081899997464,-0.0556192922429,0.0047762644744,0.1621912591278,-0.0190927442798,-0.3704855111295,-0.2360651157722,0.0336923718036,-0.1530252511358,-0.0318678953336,-0.1356985200432
0.1983289513459,0.2636446358408,0.2496527318733,1.0000000000000,0.2202562397206,-0.3117329329734,-0.1009012923795,0.3539666956956,-0.0674350496799,0.4240983227759,-0.2099890601707,0.2363533023941,0.1377545130153,0.1114619630447,0.0800945999542,0.3314800878939,0.2667271522164,0.3432296575834,0.0896958241374,0.2712261603211,0.4189358478597,0.1270718101538,0.4777606969530,0.1739651888681,0.4864431884785,0.4823141057047,0.3069186417456,0.2320829914562,0.2462530068664,-0.0009405842576,0.1739540076374,0.0909421680748,-0.1031702392553,-0.0242941985448,0.3089487252196,-0.0222902394880,0.3618064848740,0.0044954061092,0.7934162668581,0.2265540614549,-0.1661433654641,-0.2000909334408,0.1638263848541,-0.0905689315600,0.4522866823599,-0.1084375906529,0.0034497295949,0.1522282831239,0.1240667027726,-0.1711914333926,0.2194802936853,0.2161144218650,0.2752118357591,-0.1418058780191,0.0682954896903,0.3461879777174,0.0755981167931,0.3817605335755,0.1151745746438,0.4431761035107,0.3767992432102,-0.0025778594804,-0.0235639728918,0.1447281580378,-0.1537747042486,0.0642189861771,0.1194790123391,-0.0077115182333,-0.0328314645830,0.2887800582392
0.0659397691819,0.1427852915674,0.0937093114830,0.2202562397206,1.0000000000000,-0.1283017871406,0.2130437680345,0.1541926416422,-0.1031615655205,0.3636291652018,0.3953370565888,0.0051224665768,0.5863226770009,0.0726351121946,-0.0171209209514,0.3457388766673,0.0657857805673,0.1200164271198,-0.0949671311340,0.0446219106285,0.6809724358046,0.0592654443161,0.0645741451610,0.2303618273133,0.3893953795012,0.2670166174936,0.1939121126201,0.1150264370625,0.2775330837591,0.0489579847052,-0.0688609115497,0.0469145589567,-0.1678637212796,0.1149009711630,0.1454014259023,-0.0613584981139,0.0984888629621,-0.2223625234700,0.2201378342813,0.8932409233385,-0.1531271214696,-0.0324863199303,-0.1575824494087,-0.1948210438192,0.3893255256266,0.4595898908135,-0.2175313707179,0.7227566150366,0.0021944370042,-0.1588801375496,0.2925598104348,0.0455557190051,0.0153642351145,-0.2254530270139,-0.0254315219557,0.6583480030685,0.1426479286619,0.0208092167867,0.1387076383390,0.2565428350251,0.1172591328920,-0.1242745458195,-0.0630844252257,0.1379932482287,-0.0433754805370,-0.1129732420499,-0.0521246562942,-0.0514150437322,0.1808326778344,0.2027243958517
-0.1056458863100,-0.1200769367772,0.0865529168870,-0.3117329329734,-0.1283017871406,1.0000000000000,-0.0663308439687,-0.0797423073859,0.4521029946262,-0.1041962452850,0.1995529604651,-0.0025295381159,-0.2176638240801,0.1720658911145,0.0314289441987,-0.1268952916929,-0.0737270767007,-0.2157753526295,-0.0830019668365,-0.2168915923785,-0.2755385814013,0.0678206445661,-0.1713706626832,0.0371718595814,-0.0623684499996,-0.1926674053244,-0.0094543109124,0.0724732276176,-0.0469141817833,-0.0461676725746,-0.0021524855049,0.1304215765729,0.3432691544699,0.1422705496575,-0.1448427849680,-0.0175624953822,-0.1904112296238,0.1152682344891,-0.3116782792793,-0.1150127643035,0.5228073655340,0.0778634451533,-0.0939079210204,0.3282574731304,-0.0531190324359,-0.0074390782436,0.0949399183740,-0.2429789830359,0.1845158889645,0.3070637832345,0.0286670805381,-0.0084197455334,-0.2513228221208,0.0322756689519,-0.2297361886723,-0.2429859100180,0.1750619871483,-0.0747500518157,0.0670879465955,-0.0540711571224,-0.0701287902131,0.0761424185242,0.1873786963700,-0.0498570569362,-0.0245905899357,-0.0016516996639,0.0670514254601,0.2707483400217,0.0570047326985,-0.1132775470661
-0.0039477331112,-0.0826135237300,-0.2873967482935,-0.1009012923795,0.2130437680345,-0.0663308439687,1.0000000000000,-0.2098731164965,0.2393822474131,-0.1300218342592,0.6525908900056,0.0344300543442,0.6682893440532,0.0791718409064,0.0294390565787,0.0840450337133,-0.2331096938367,-0.2413041293238,-0.0311051079813,-0.0185454284342,0.1038832958138,-0.1916064907618,-0.1941075349127,-0.1722795122766,-0.1403312415483,0.0097437496377,-0.0277528553760,-0.2514934160222,-0.1785290899070,0.2969813367193,-0.1750978001405,-0.0491880155322,-0.0803333778367,-0.1453404346673,-0.0859014308283,0.0077635341418,-0.1117376824481,-0.0562665682893,0.0177288322327,0.1669468091452,-0.0306342239726,0.4699072766790,-0.1227160577993,0.3171027340069,-0.0422025592858,0.5523262224312,-0.0143105033122,0.5375769174920,0.0974555596313,0.1463110468083,0.1882927438566,-0.2402801025622,-0.1374024390799,0.1369214658566,-0.0828633900934,0.0928331170686,-0.2650109690239,-0.1874873124354,-0.2374032514928,-0.0470821247645,-0.1151025955058,0.0847380105106,-0.1216512930033,0.0540226151786,0.1026407807852,-0.0147049953785,-0.0278132733070,0.0001558177917,-0.0699225048135,-0.1103446763532
0.4494916399918,-0.2454962306913,0.5177924336653,0.3539666956956,0.1541926416422,-0.0797423073859,-0.2098731164965,1.0000000000000,0.1273913655098,0.5419405565145,-0.1013966332047,0.3228543822746,0.0302813438689,0.2352758920530,0.3342610706096,0.2550071337386,0.0190796892763,0.2853052198269,0.2187974714236,0.0987158319052,0.3440996158174,-0.0272635926911,0.2106740711659,0.0088039118361,0.5347334618761,0.2553572320829,0.3783097256060,0.3962242283435,0.3349576420813,-0.2152285441400,-0.0313003820584,0.3980070168597,0.0878208081819,-0.0504233601485,-0.1127288468753,0.0023907858803,-0.1334901026772,-0.2789071094576,0.2365060682479,0.1274829991189,-0.0873938698621,-0.2538824003415,0.2605564314404,-0.0885965042427,0.4348193059117,-0.0798606287461,0.1521287250526,0.0426976131542,0.0957139401108,0.1049058793313,0.0643854124569,0.0240912932403,-0.1607030101291,-0.1228664241124,-0.2911449155475,0.2828269309383,-0.0302596633769,0.0596526704703,-0.1975571567036,0.2289349487060,0.1816974485766,-0.1554540557995,-0.0900142794889,0.0574333256088,-0.2538663023411,-0.3460123790211,0.3395359595812,0.1287729218394,0.1219354832508,-0.1454536783940
0.1346534576205,-0.2524349986310,0.3021510866159,-0.0674350496799,-0.1031615655205,0.4521029946262,0.2393822474131,0.1273913655098,1.0000000000000,-0.0411069777265,0.2783758014767,0.1739053818089,0.0633291525561,0.2467082876099,0.3869572123582,-0.0333345499049,-0.1113819352428,0.0194066921153,0.3924822097833,0.0307990020546,-0.0478142050721,-0.0570823967032,-0.1825206267070,0.0217415586124,-0.1304300760102,-0.0835041862187,0.2067095498943,0.1637190767184,0.0222010581454,-0.0392962055077,-0.0348482319749,0.0338652882232,0.2442872310275,-0.0425574090775,-0.1961875699107,-0.0988659574225,-0.2146160624587,0.1560089436752,-0.0540507936443,-0.1049976496756,0.3247980185366,0.1988061095285,-0.1441615414882,0.5122601349333,-0.0363889284912,0.0231848110218,0.2517291950681,0.0395900965143,0.1167089899869,0.2554079110947,0.0555860617113,-0.1164800623574,-0.2087792492523,0.2466439105900,-0.2650600988211,-0.0742892030288,-0.1320026967658,-0.1943277037255,-0.1440291713166,-0.1687129323014,-0.0845931032716,0.0510771222182,0.1722702588480,-0.1578987352959,-0.1394108684218,-0.1433044592577,-0.0454672671117,0.0591095321763,-0.0178210621644,-0.1646429824991
0.2828386748700,-0.0889047583316,0.1959963067689,0.4240983227759,0.3636291652018,-0.1041962452850,-0.1300218342592,0.5419405565145,-0.0411069777265,1.0000000000000,-0.1564296916074,0.2206502977201,0.1941077727910,0.4651805746224,0.2258001096888,0.4995213686853,-0.0503028785880,0.1020897811204,0.1080553646764,0.0471368981227,0.4441966091512,-0.0762487092529,0.2387589664100,-0.1097681846290,0.7168311379916,0.5324141867257,0.2279769766421,0.3534230679987,-0.1139717934546,-0.1966557972634,-0.3961779148559,0.4568305272332,0.1617253945955,0.0040470977249,-0.0669261178258,-0.0545024005670,-0.1101595470687,-0.4441066205189,0.4203219023669,0.2179009711763,-0.0078130167935,-0.0564635142230,-0.0619401811621,-0.2111309125877,0.8015937664635,-0.0700780894426,-0.0540487624074,0.2145089542519,0.3525840486686,0.0275436202187,0.3154826655804,-0.0255952369937,-0.2876070747685,-0.3356402021069,-0.2699156378098,0.4320440489547,-0.0786333415452,0.0504479610229,-0.2067532398735,0.3183740599506,0.4373703342770,-0.3285233822287,-0.2787705852906,-0.3604206065101,-0.0908451183187,-0.5033025536433,0.2487030561753,0.1042962422864,0.1938234872335,-0.0694426186475
0.0100804578736,-0.1125096618891,-0.0766588904931,-0.2099890601707,0.3953370565888,0.1995529604651,0.6525908900056,-0.1013966332047,0.2783758014767,-0.1564296916074,1.0000000000000,0.0536453945558,0.5420791169015,0.1856904245019,0.0584758864315,-0.0782572300621,-0.1607066917337,-0.2374823368422,0.0339714284669,-0.1262350035399,0.2453154428253,-0.0099431545005,-0.2554206189576,0.0779550718228,-0.1448177204325,-0.0933398839817,0.0390833561741,-0.0683710739162,0.0863937708513,0.2511321167463,-0.1214631081450,0.0949547046905,-0.0858447028898,-0.0700480700634,-0.1062235171269,0.0145418584981,-0.2145633980130,-0.0722645365766,-0.2183393628317,0.3688480276868,0.0390477090828,0.1750055341124,-0.2387516384645,0.2633865883243,-0.0388280762905,0.8169695912313,0.0049666028384,0.5117883256700,0.0957829950441,0.1186049407298,0.0257835930324,-0.1515818470947,-0.2753822223036,0.0764381538641,-0.2028958879869,0.2008098208419,0.0134431207518,-0.2143905511769,-0.1114965107916,-0.1540180898324,-0.2240923773208,-0.0132176869082,0.0627335748216,0.1383439571477,0.0210039324082,-0.0765371138179,-0.0374078502799,0.0929116211302,-0.1031871383076,-0.1534604605038
0.2788679300058,-0.1657021448862,0.1314405501896,0.2363533023941,0.0051224665768,-0.0025295381159,0.0344300543442,0.3228543822746,0.1739053818089,0.2206502977201,0.0536453945558,1.0000000000000,0.0794528804409,0.4000687310597,0.1990225886969,0.1454779078955,-0.1159770071238,0.1982962535468,0.4314733091482,0.3089617643713,0.1344017695482,-0.0672194517359,0.0534638333158,-0.1268234204948,0.0595702417226,0.3084260063446,0.3911303464404,0.2336184789226,0.0235980339490,0.1301809869461,-0.0949759907917,0.5176283564865,0.1828097403587,-0.0575281029565,0.0822636384633,0.0527867127441,-0.0285780726039,-0.3321368655250,0.2222293710539,-0.0462080692185,0.1524874694501,-0.0927487437223,0.0233528348896,0.1034983677373,0.1623233356464,0.0555844308115,0.5153277427592,0.0570646521349,0.2481270562742,0.0582234928168,0.0144656716817,0.0180760672268,-0.0985753375358,0.1532702792148,-0.0903282904032,0.1044978433184,-0.0995070672126,-0.0208797522809,-0.2345546105951,-0.1250776370300,0.1693768402839,-0.0721709995380,-0.0727066880805,-0.2068854120242,-0.0458044477752,-0.1825684113648,0.4336449429517,0.2860115255188,0.1422372021085,-0.0139728246893
0.1354290061176,-0.0672573236243,-0.0609142757735,0.1377545130153,0.5863226770009,-0.2176638240801,0.6682893440532,0.0302813438689,0.0633291525561,0.1941077727910,0.5420791169015,0.0794528804409,1.0000000000000,0.0591672176469,0.0434113811705,0.2928987778906,-0.2149988929046,0.0135500686322,0.0257754444284,0.1177359237995,0.6214124468127,-0.1737418053280,-0.0510980982529,-0.0829925117556,0.0992313632710,0.1870137726802,0.0694224008598,-0.0554819080242,0.0079721058014,0.1478363039285,-0.2274077008386,0.0019323464313,-0.1389406020075,-0.0310516976826,0.0583256782106,-0.0960439921481,-0.0608693027083,-0.2204896286039,0.2113304856664,0.5329278436203,-0.1631497018358,0.3217642616632,-0.2139471201780,0.1208977216752,0.1987129712222,0.5721952467515,-0.0403594367802,0.8312972736936,0.0378345706549,0.0032995776094,0.2411496580240,-0.2210455438382,-0.0696173453889,-0.0065623046727,-0.0772553380997,0.6128448665632,-0.1930743127580,-0.1146423797628,-0.1978332544248,0.0164260245957,0.0380681770351,-0.1329495448514,-0.1792041909560,-0.0020730255470,0.0115480984945,-0.1740509647263,-0.0155027169633,-0.0707241693224,-0.0234959190992,0.0156943286446
0.0766796248770,-0.0511876589461,0.0435839201220,0.1114619630447,0.0726351121946,0.1720658911145,0.0791718409064,0.2352758920530,0.2467082876099,0.4651805746224,0.1856904245019,0.4000687310597,0.0591672176469,1.0000000000000,0.2143670721231,0.3769689940331,-0.1043286539836,-0.2110155261683,0.2546484105297,-0.0668398907467,0.0932743921525,0.0792176661269,-0.0584072860920,0.0008810085671,0.2734927809222,0.3853297019143,0.1215068955809,0.2183328105143,-0.2263538334922,0.1931557491743,-0.3278026165771,0.6987377953132,0.3206403519574,0.0460823281778,-0.0173458716683,-0.0415601713679,-0.0580138269711,-0.1636295930646,0.1479377402922,-0.0347566436770,0.3037152652047,0.0526521127171,-0.1077114778302,0.1734540610748,0.3549687550420,0.1713575345433,0.2009557453837,-0.0272305829513,0.7626446390570,0.3790338923883,0.2856790266335,-0.0618929044419,-0.5243409665297,0.0045073310215,-0.4317914150077,0.0596251111048,0.0245251280693,-0.0624017170853,-0.1457727171567,0.0518296022699,0.2748887755662,-0.2396268412150,-0.0025146393099,-0.2870661719981,0.1357823291957,-0.2504018301772,0.3139921989772,0.4411331125668,0.0381531072714,-0.1496403115052
0.7414005217508,-0.1814034143157,0.1450968935292,0.0800945999542,-0.0171209209514,0.0314289441987,0.0294390565787,0.3342610706096,0.3869572123582,0.2258001096888,0.0584758864315,0.1990225886969,0.0434113811705,0.2143670721231,1.0000000000000,-0.0557857996429,-0.0008793151018,0.0486004083055,0.6089133687762,0.2347585257196,0.1349807643096,-0.0075336736399,0.0800209772450,0.0253648571879,0.0301467134931,0.2358452740108,0.1411386236704,0.3828301254844,-0.1191955668965,0.0778526437074,-0.0156156256538,0.0484285241717,0.2271565438310,-0.0773878364745,-0.1060463360787,0.3610520293546,-0.1935582357453,-0.2672992169653,0.0542163960071,-0.0680867856069,-0.0251938275280,0.0125764906570,-0.0544411099302,-0.0408969944531,0.0515521336158,0.0412743469941,0.0070931011826,0.0675433146158,-0.0437359830606,0.2648688955549,-0.1369107645439,-0.0017271757679,-0.2594632926949,0.1238796847036,-0.1262600174872,0.0888276072817,-0.1205748118480,-0.0690161996849,-0.1814077254400,-0.1989562348026,0.0610481932336,-0.2796770872482,0.0551558307040,-0.3466726509915,0.0336294746444,-0.3332786948857,-0.0548981911941,0.0582286028200,0.0419312495826,-0.1639884904618
-0.0625910213966,0.0204865108349,-0.0241746172077,0.3314800878939,0.3457388766673,-0.1268952916929,0.0840450337133,0.2550071337386,-0.0333345499049,0.4995213686853,-0.0782572300621,0.1454779078955,0.2928987778906,0.3769689940331,-0.0557857996429,1.0000000000000,0.0304209796014,-0.0401382711250,-0.1414450248256,-0.0324471354888,0.3169076935642,0.0956342622757,0.0256456712129,-0.0574575949543,0.4515443106450,0.3684926919912,-0.0165969700552,0.0387661617754,-0.0478692582447,0.0677536248826,-0.1623287743837,0.3116934398461,0.1108301094869,0.0889029242549,0.1985219912837,-0.2047888858939,0.0491731108704,-0.1120632568391,0.3620287069587,0.3295809478081,0.0733807788246,0.0604266328323,0.0137852133789,-0.0511725657895,0.4756895265219,0.0095179635697,-0.0055548265533,0.2534228157378,0.4401628449196,0.1112473480586,0.6868056131629,0.0104459690298,-0.1654091805791,-0.2713673277377,-0.1892250595465,0.2542529981130,0.0359211468962,-0.0074362287723,-0.0749194444867,0.3691601773002,0.3052852494250,-0.2170212711501,-0.0775827812252,0.0085117461521,-0.0078715454792,-0.1230513705065,0.2200760395300,0.2626883110801,0.1165537805492,0.1540836451912
0.0622513324067,0.2792422520302,0.0957113504804,0.2667271522164,0.0657857805673,-0.0737270767007,-0.2331096938367,0.0190796892763,-0.1113819352428,-0.0503028785880,-0.1607066917337,-0.1159770071238,-0.2149988929046,-0.1043286539836,-0.0008793151018,0.0304209796014,1.0000000000000,0.2182053018097,-0.0749171131758,0.1165033749064,0.0018126942417,0.6597720893877,0.2318535722274,0.6074517663527,0.1462708137397,0.1618126512973,0.0734671069223,0.2542553715094,0.3029216910649,0.0833288482133,0.4689232605377,-0.2123139224149,-0.0182515771098,0.0985256582974,0.3896605269319,0.0070942414464,0.3422562300956,0.1195544942381,0.1460082416041,0.1849651698631,-0.1190095160464,-0.3417787157473,0.0150033705325,-0.3231768451740,-0.0879578560311,-0.1484904933815,-0.2350280583264,-0.1845864098648,-0.1638773542825,-0.2218035860174,0.0973444337279,0.8664843694452,0.2383089274813,-0.2575185314005,0.1646437525718,-0.1261889105175,0.5858396228765,0.3096244831827,0.6135297128661,0.1506924082506,-0.0272285908417,-0.0822579775061,0.2101208290557,0.2655289898415,0.0228004293870,0.3849547425612,-0.2553927643912,0.0161834097680,0.0153003767751,0.3652348024328
0.3351564407642,0.0469910280194,0.5786139985216,0.3432296575834,0.1200164271198,-0.2157753526295,-0.2413041293238,0.2853052198269,0.0194066921153,0.1020897811204,-0.2374823368422,0.1982962535468,0.0135500686322,-0.2110155261683,0.0486004083055,-0.0401382711250,0.2182053018097,1.0000000000000,0.3406357539977,0.6480203805285,0.3450453860502,0.1466756379773,0.0081013126179,0.3588771036525,0.0219634680105,-0.0705351230317,0.4279283838366,0.2929243926980,0.4620767077155,-0.1137866803824,0.3217569146748,-0.1128997165455,-0.1700842828606,0.0508186178556,0.2194136249171,-0.2027749259357,0.0965981750101,-0.0190035635156,0.2141134162496,0.1295222680019,-0.1801165266757,-0.2545765274744,-0.1852035370013,-0.1231437383601,-0.0435376294040,-0.1750484043663,0.0352699224511,0.0673739276670,-0.4024427210729,-0.3554794742727,-0.1086585376951,0.2069141436646,0.5786981660119,-0.0561031744911,0.3554914471756,0.2960670069945,0.1267716991029,-0.0560873299838,0.2273970392654,-0.1634795709450,-0.2401741389348,-0.1141413945030,-0.1653367577747,-0.0103515589242,-0.1289398316926,-0.0030197225370,-0.1463717897061,-0.1225832420283,0.0180858167425,0.1679989552936
0.5135950662010,-0.2442697198116,0.3470974224260,0.0896958241374,-0.0949671311340,-0.0830019668365,-0.0311051079813,0.2187974714236,0.3924822097833,0.1080553646764,0.0339714284669,0.4314733091482,0.0257754444284,0.2546484105297,0.6089133687762,-0.1414450248256,-0.0749171131758,0.3406357539977,1.0000000000000,0.4791268628710,0.1497053519110,-0.0468457981891,-0.0606262328399,0.0556998569056,-0.1662029154342,0.0278914860447,0.3586334277953,0.3948270491359,-0.0083560452595,-0.0392627010153,-0.0622561949148,0.1438795971972,0.0443154605838,-0.1868065334778,-0.1210649773592,0.0671847666691,-0.1872904186007,-0.1860815598380,0.0394645207523,-0.1874513567341,0.0497530863483,-0.0951752227584,-0.1956093949999,0.1404186890814,-0.0402455822913,0.0081775820423,0.3344953165795,0.0454551648715,0.0043248571782,0.0912548403568,-0.2138443392517,-0.0567094270918,-0.0247864621830,0.4194539704013,0.0224001097930,0.1115360848261,-0.1250814819757,-0.1840706429969,-0.1582364773962,-0.4063855933974,-0.0492785307706,-0.1252731103044,0.0195144449116,-0.3905601460452,-0.0781457542301,-0.3240387989861,-0.0151648306020,-0.0024927267088,-0.0943747751675,-0.1892097249287
0.4499442369494,0.1818773501085,0.2729972698471,0.2712261603211,0.0446219106285,-0.2168915923785,-0.0185454284342,0.0987158319052,0.0307990020546,0.0471368981227,-0.1262350035399,0.3089617643713,0.1177359237995,-0.0668398907467,0.2347585257196,-0.0324471354888,0.1165033749064,0.6480203805285,0.4791268628710,1.0000000000000,0.2927495773574,0.0814261599884,0.2287686824412,0.2209791412780,-0.0634343369064,0.1440934170023,0.4013040453706,0.3072499357765,0.1395628998463,0.2001542040231,0.4080017432356,-0.1184699948346,-0.1446110381020,0.1447836529580,0.4154144028953,-0.0061014151350,0.2072435985924,-0.0936588274268,0.2467068778706,0.0266797157528,-0.1979865850686,-0.0606970540090,-0.2339159763238,-0.0207763698597,-0.1757553512035,-0.0484571067767,-0.0846581116606,0.0852763477730,-0.2997973778457,-0.1305254557219,-0.0584456713168,0.1256204216495,0.4218355372613,0.1508525185400,0.4771518851197,0.2399364690531,0.0113656634068,0.1019654325028,0.1693261789350,-0.1999066621450,-0.1201997272122,-0.1336252127943,-0.0720034738173,-0.1341464243069,0.0773049061654,0.0955803640891,-0.2419024580799,-0.0074941056514,0.0868309577635,0.2879221998991
0.3053818285843,0.0317757987136,0.3597495003496,0.4189358478597,0.6809724358046,-0.2755385814013,0.1038832958138,0.3440996158174,-0.0478142050721,0.4441966091512,0.2453154428253,0.1344017695482,0.6214124468127,0.0932743921525,0.1349807643096,0.3169076935642,0.0018126942417,0.3450453860502,0.1497053519110,0.2927495773574,1.0000000000000,0.0031557616759,0.1135171965695,0.2171712876785,0.3995342746300,0.2985242899055,0.2813917621632,0.3262217480665,0.2288526022747,-0.0789502834505,-0.0683857128222,0.0569538066789,-0.2199830970428,-0.0793058910738,0.1380473568205,-0.1619245883684,0.0176710117421,-0.1915369288130,0.3231057195794,0.6023718262963,-0.2452101266623,-0.2338301309184,-0.2045029173400,-0.1348357243850,0.4016097790622,0.3124938756495,-0.1216183716538,0.6533699698095,-0.0158485466320,-0.1561280467474,0.1958451598754,-0.0278031332871,0.0397250064576,-0.1719649845685,-0.0202841070879,0.9298372413246,0.0214851284770,0.0330898045589,-0.0228332106221,0.2026409612282,0.1262096547969,-0.2008589648105,-0.0334013079086,-0.0032455749552,-0.1816988128065,-0.2772060053554,-0.0064536077409,-0.1539318615514,-0.0374765653679,0.0625365530986
0.0666186954435,0.3215037190301,0.0673859475511,0.1270718101538,0.0592654443161,0.0678206445661,-0.1916064907618,-0.0272635926911,-0.0570823967032,-0.0762487092529,-0.0099431545005,-0.0672194517359,-0.1737418053280,0.0792176661269,-0.0075336736399,0.0956342622757,0.6597720893877,0.1466756379773,-0.0468457981891,0.0814261599884,0.0031557616759,1.0000000000000,0.0623022274684,0.7865840692025,0.0309597176071,0.1334820208921,0.0138039133669,0.3012043626175,0.2404019682354,0.2820718044752,0.3959213427401,-0.0751955970626,0.0450196684163,0.3088525951880,0.5459059392431,-0.0450300172854,0.2963800056337,0.0443487205118,0.0117172707330,0.1473741765796,0.0977905230276,-0.2974203902006,-0.1431799035299,-0.2216699425168,-0.1364861544824,-0.0022752386290,-0.1985015988805,-0.1600799044207,-0.0391843759224,-0.1268642531985,0.1535827920425,0.6140807107424,0.0311340727419,-0.2772726643554,-0.0148839895301,-0.1263466044326,0.8632332250409,0.1880547164456,0.6442713402046,-0.0251200100132,-0.0633753807314,-0.2056788453592,0.2394178268396,0.1369878981755,0.2788401294247,0.3034147361715,-0.1873815738178,0.1755133712853,0.1876238809727,0.4455322353492
0.1279650899122,0.4054452369311,0.0434680605112,0.4777606969530,0.0645741451610,-0.1713706626832,-0.1941075349127,0.2106740711659,-0.1825206267070,0.2387589664100,-0.2554206189576,0.0534638333158,-0.0510980982529,-0.0584072860920,0.0800209772450,0.0256456712129,0.2318535722274,0.0081013126179,-0.0606262328399,0.2287686824412,0.1135171965695,0.0623022274684,1.0000000000000,0.0803280170691,0.4132897027181,0.3959246599943,0.1459145860589,0.1375954809280,0.1401620645760,0.0942836959538,0.3414816490093,-0.0338240807333,-0.0957058160156,0.0802639388649,0.3478764927118,0.1789258016958,0.5236494077438,-0.0697065696964,0.4255971545443,0.1194701311624,-0.2324342225220,-0.1070960392092,0.1477251083309,-0.2510240755464,0.1636548138887,-0.1830212144222,-0.2337004045709,-0.0789412931040,-0.0692773242244,-0.1013487026640,-0.0361313335157,0.1845213180466,0.1761935388119,-0.0972454645145,0.1263662933526,0.1069829871710,0.0370952640150,0.8256943424192,0.2173958635070,0.3874792681460,0.2947411181591,-0.0338462448087,0.0496073530870,0.0803147678067,0.0351594288254,0.2142927957567,-0.0761888616266,-0.0262394363055,0.1604471332270,0.2993968211021
0.1750536168760,0.4350767055203,0.3308768813242,0.1739651888681,0.2303618273133,0.0371718595814,-0.1722795122766,0.0088039118361,0.0217415586124,-0.1097681846290,0.0779550718228,-0.1268234204948,-0.0829925117556,0.0008810085671,0.0253648571879,-0.0574575949543,0.6074517663527,0.3588771036525,0.0556998569056,0.2209791412780,0.2171712876785,0.7865840692025,0.0803280170691,1.0000000000000,0.0265518468799,0.0564237946301,0.1858274566981,0.4051098400843,0.3953490875504,0.2750644397749,0.4964529223549,-0.1997967776585,-0.1168471690775,0.2318006512498,0.4991237700378,-0.0882197573746,0.3682242302145,0.1517211762312,0.0517146835032,0.3137520995465,0.0233663131264,-0.3041650009415,-0.2447685231689,-0.1553916770141,-0.1931548965576,0.0580298143336,-0.2889281810118,-0.0151098824838,-0.2122618666690,-0.2197889552069,0.0224039071030,0.5410950664817,0.1785791675859,-0.2322106379682,0.0536299375427,0.1140459871364,0.7342223232852,0.1844088913447,0.7555234829713,-0.0734453296265,-0.1863083157457,-0.1693988902742,0.2501938432754,0.1641030265517,0.2230217815337,0.3253457238671,-0.3072314376969,0.0529294895319,0.1112655391079,0.4207138984947
0.1359633031824,0.1455948653563,0.3112005750545,0.4864431884785,0.3893953795012,-0.0623684499996,-0.1403312415483,0.5347334618761,-0.1304300760102,0.7168311379916,-0.1448177204325,0.0595702417226,0.0992313632710,0.2734927809222,0.0301467134931,0.4515443106450,0.1462708137397,0.0219634680105,-0.1662029154342,-0.0634343369064,0.3995342746300,0.0309597176071,0.4132897027181,0.0265518468799,1.0000000000000,0.4836964987188,0.3031372280156,0.3024359937243,0.1525767180659,-0.1474637133952,-0.1098038603301,0.2923844814136,0.0241064652528,0.0516714626606,0.0495556582321,-0.1038998353993,0.1608178173417,-0.1271406267388,0.4319908557090,0.3269617496689,-0.0680649054622,-0.2222759481455,0.0861622425410,-0.2340635682712,0.6571247938505,-0.1324082791743,-0.2138012262057,0.0883969063418,0.2578747072189,-0.0035862000350,0.3409415515094,0.1553915281806,-0.2228990750077,-0.4148883419956,-0.3139790788595,0.3709507838143,0.0513872482714,0.2967641258312,-0.0254228531693,0.7440515034838,0.3791637240893,-0.1256967584787,-0.0901620263402,0.0160753461040,-0.1627488947074,-0.1889873956564,0.1719842823833,0.0468474257886,0.1999785787367,0.0338478605950
0.2750470401236,0.3325610553213,0.0130530194262,0.4823141057047,0.2670166174936,-0.1926674053244,0.0097437496377,0.2553572320829,-0.0835041862187,0.5324141867257,-0.0933398839817,0.3084260063446,0.1870137726802,0.3853297019143,0.2358452740108,0.3684926919912,0.1618126512973,-0.0705351230317,0.0278914860447,0.1440934170023,0.2985242899055,0.1334820208921,0.3959246599943,0.0564237946301,0.4836964987188,1.0000000000000,0.2921292111651,0.4454785503762,-0.1186359476292,0.1157657371738,-0.0142970476650,0.1394091082548,-0.0115544695015,0.0449731111430,0.3470187708212,0.1556332963351,0.3559503165515,-0.1617557797663,0.5134103936279,0.2529903340331,-0.0584637645897,-0.0350160413225,0.0093802973748,-0.2218844728295,0.4106926023533,0.0129359157493,-0.2169587809903,0.1726272640097,0.2950409369924,0.0163912925292,0.2915535572269,0.2088468272550,-0.2373160576279,-0.2460433656196,-0.1459524293759,0.2461589230480,0.0861446796234,0.2629610459925,0.0097283905417,0.2864254510907,0.6456747542026,-0.1535368458423,0.1377655591852,-0.1284220250936,0.0454570521865,-0.0362912993505,0.0301333196863,0.0797910140886,0.2244869603404,0.2942091227523
0.3512984834475,0.0874906969734,0.5782137593949,0.3069186417456,0.1939121126201,-0.0094543109124,-0.0277528553760,0.3783097256060,0.2067095498943,0.2279769766421,0.0390833561741,0.3911303464404,0.0694224008598,0.1215068955809,0.1411386236704,-0.0165969700552,0.0734671069223,0.4279283838366,0.3586334277953,0.4013040453706,0.2813917621632,0.0138039133669,0.1459145860589,0.1858274566981,0.3031372280156,0.2921292111651,1.0000000000000,0.5072726912837,0.3233554517592,-0.0447574733600,0.1481558689855,0.1482346147488,-0.1573812674388,-0.0290758685575,0.1036214290096,-0.1181346720063,0.1393965438579,-0.0325507884347,0.2093749854112,0.1160680028070,-0.0343107688207,-0.1285300361811,-0.0752053563289,-0.0018553259960,0.1384540515353,0.0020231282902,-0.0441180907510,0.0566385751811,-0.0293764968828,-0.1389151420188,-0.0723109103731,0.1254317653461,0.0662994377345,0.0134755953977,-0.1106653807942,0.2594649517127,-0.0035893580367,0.0396124024550,-0.0691024655114,0.0623663474597,0.0940759349448,0.2514762668958,0.0056526944769,-0.0960682836619,-0.2052308809882,-0.1400417887943,0.0625917295259,-0.1760137376650,-0.0107540971211,-0.0384697284115
0.4971108497269,0.1356606975589,0.6041623567569,0.2320829914562,0.1150264370625,0.0724732276176,-0.2514934160222,0.3962242283435,0.1637190767184,0.3534230679987,-0.0683710739162,0.2336184789226,-0.0554819080242,0.2183328105143,0.3828301254844,0.0387661617754,0.2542553715094,0.2929243926980,0.3948270491359,0.3072499357765,0.3262217480665,0.3012043626175,0.1375954809280,0.4051098400843,0.3024359937243,0.4454785503762,0.5072726912837,1.0000000000000,0.1052657668924,-0.2002364613495,0.1078266232583,0.1155427426155,0.0033950659799,-0.0654956349994,0.0818220652396,-0.0253206803183,0.0648701772816,-0.0893337921328,0.0656030140581,0.0655140996919,0.0468219895395,-0.3194024716522,-0.2589417258102,-0.1289350935457,0.1165379202797,-0.1002549829232,-0.1145055243116,-0.0601677183916,-0.0297922111009,-0.0572216459259,-0.0236627953542,0.3026554761631,-0.2478125231922,-0.1774924226273,-0.2002915021206,0.2570216639503,0.2985739920361,0.0033688026669,0.0841573973492,-0.1167029680598,0.1140777148873,-0.2225063734714,0.3697938017166,-0.2468685035988,-0.2145018254178,-0.2676327300244,0.0415107913210,-0.0323606768601,0.1125960109293,-0.0000982023810
0.0278372247002,0.0605695090368,0.5289571558749,0.2462530068664,0.2775330837591,-0.0469141817833,-0.1785290899070,0.3349576420813,0.0222010581454,-0.1139717934546,0.0863937708513,0.0235980339490,0.0079721058014,-0.2263538334922,-0.1191955668965,-0.0478692582447,0.3029216910649,0.4620767077155,-0.0083560452595,0.1395628998463,0.2288526022747,0.2404019682354,0.1401620645760,0.3953490875504,0.1525767180659,-0.1186359476292,0.3233554517592,0.1052657668924,1.0000000000000,-0.0802500758882,0.4102058259849,-0.0845683676308,-0.1821682506460,0.0643162890217,0.1646355260323,-0.2464499572898,0.1496162614849,0.1453855305632,0.0993422573172,0.3421826106347,-0.1841545799000,-0.2714075518452,-0.0173460168794,-0.0156360044280,-0.0928659086804,0.1079671100089,-0.0257424376775,0.0697142929140,-0.3326947962693,-0.3327542932397,-0.0596570833912,0.2466415635740,0.3373910410513,-0.1304643614005,0.0511801278637,0.1616537894117,0.3198026656695,0.1590729388764,0.3006456386023,0.0730846737925,-0.2161931093572,0.0232372805748,-0.0077152579653,0.5978097153585,-0.1985346299879,0.2287206386612,-0.0617464845214,-0.0806100056526,-0.0671333716125,0.1402717406163
0.1442013569336,0.3766555983812,-0.3494982635175,-0.0009405842576,0.0489579847052,-0.0461676725746,0.2969813367193,-0.2152285441400,-0.0392962055077,-0.1966557972634,0.2511321167463,0.1301809869461,0.1478363039285,0.1931557491743,0.0778526437074,0.0677536248826,0.0833288482133,-0.1137866803824,-0.0392627010153,0.2001542040231,-0.0789502834505,0.2820718044752,0.0942836959538,0.2750644397749,-0.1474637133952,0.1157657371738,-0.0447574733600,-0.2002364613495,-0.0802500758882,1.0000000000000,0.3175469229530,0.0121915643436,-0.0128174594354,0.3475484300220,0.5439668095783,0.2679745662468,0.3300235772775,-0.0720660332722,0.1341200911768,0.1222563425918,0.0741632847078,0.2372286257490,-0.0067780126604,0.0506905117175,-0.2426515788829,0.3120465184105,-0.1437275553912,0.0699175603918,0.0627966117630,0.1302954834377,0.1239677342793,0.0988960924536,0.0560797415734,0.0473420096980,0.1078143556500,-0.1179461544974,0.1870976944130,0.1601990765904,0.2964804854773,-0.0750841949542,-0.1072146166801,-0.0880809174579,-0.1114474186591,0.0953069007451,0.7250435658733,0.4354136756956,-0.1855679227098,0.2861599990549,0.2358995365546,0.4452604329547
0.0490353806724,0.4684627801359,0.1126856762683,0.1739540076374,-0.0688609115497,-0.0021524855049,-0.1750978001405,-0.0313003820584,-0.0348482319749,-0.3961779148559,-0.1214631081450,-0.0949759907917,-0.2274077008386,-0.3278026165771,-0.0156156256538,-0.1623287743837,0.4689232605377,0.3217569146748,-0.0622561949148,0.4080017432356,-0.0683857128222,0.3959213427401,0.3414816490093,0.4964529223549,-0.1098038603301,-0.0142970476650,0.1481558689855,0.1078266232583,0.4102058259849,0.3175469229530,1.0000000000000,-0.4009503061583,-0.2288655707475,0.2347313423335,0.5098216028414,0.0542543756356,0.4827040019513,0.3246147590193,0.0724561170351,0.0921864457302,-0.0914304794869,-0.1670833639035,0.0598223170393,-0.0526974278839,-0.3934646604329,-0.0893041927610,-0.3226786026039,-0.1882544962678,-0.4539123832487,-0.2085702293326,-0.0452117659111,0.4152651973565,0.4811923486972,-0.0639061695048,0.3978880769511,-0.1359748082838,0.3444359663569,0.3576923836235,0.5420148992980,0.0577891998165,-0.2482671211799,0.0351212960998,0.2694811597515,0.4420550196839,0.1009747146270,0.7195791701904,-0.3822535964711,0.0234362736415,0.0653068198952,0.4687182937171
0.0198893427271,-0.2473429364772,0.0414857588064,0.0909421680748,0.0469145589567,0.1304215765729,-0.0491880155322,0.3980070168597,0.0338652882232,0.4568305272332,0.0949547046905,0.5176283564865,0.0019323464313,0.6987377953132,0.0484285241717,0.3116934398461,-0.2123139224149,-0.1128997165455,0.1438795971972,-0.1184699948346,0.0569538066789,-0.0751955970626,-0.0338240807333,-0.1997967776585,0.2923844814136,0.1394091082548,0.1482346147488,0.1155427426155,-0.0845683676308,0.0121915643436,-0.4009503061583,1.0000000000000,0.2733805495525,0.0115139162834,-0.1912623200370,-0.1108821096888,-0.2281602963895,-0.3799275411751,0.0188397657413,-0.0827619928946,0.1730772914695,-0.0798035656460,0.0277151342640,0.0078273292543,0.3975024874978,0.0943305108827,0.3236185006342,-0.0681429459139,0.5889369153189,0.1862633015218,0.1240597396712,-0.1411110707743,-0.3825135948284,-0.0890021664456,-0.4065401786468,0.0490868517704,-0.0607244062947,-0.0956084903710,-0.2698419028531,0.0337443264118,0.1416514294910,-0.1950108194312,-0.2056646039954,-0.2097373026759,-0.0464185369988,-0.3846154626632,0.6490166049731,0.2887574551166,0.0532316698015,-0.2834681776178
-0.0124643954657,-0.2375162513135,-0.0796043331387,-0.1031702392553,-0.1678637212796,0.3432691544699,-0.0803333778367,0.0878208081819,0.2442872310275,0.1617253945955,-0.0858447028898,0.1828097403587,-0.1389406020075,0.3206403519574,0.2271565438310,0.1108301094869,-0.0182515771098,-0.1700842828606,0.0443154605838,-0.1446110381020,-0.2199830970428,0.0450196684163,-0.0957058160156,-0.1168471690775,0.0241064652528,-0.0115544695015,-0.1573812674388,0.0033950659799,-0.1821682506460,-0.0128174594354,-0.2288655707475,0.2733805495525,1.0000000000000,0.1856968345209,-0.1031667706080,0.1046248097624,-0.1656951571032,-0.0703184781111,0.0258012173493,-0.1556954852921,0.2654058213081,0.2598188099637,0.0716299524867,0.0951185756331,0.1009047189615,-0.1311506888672,0.2749080924251,-0.1863193037998,0.3054318183178,0.3504910633795,0.1095716312093,0.0088551795277,-0.2480674326333,0.0374560116855,-0.1273778181504,-0.1939123651523,0.0498624127200,-0.0368682033990,-0.0511701256362,-0.0144384514621,0.1091012584647,-0.0985092741288,0.0638890181866,-0.1892656295377,0.1507642040562,-0.1566528699352,0.2187098373616,0.4442885046330,0.0740193172722,-0.1646946901421
-0.0912117828661,0.2354536736244,-0.0745037342632,-0.0242941985448,0.1149009711630,0.1422705496575,-0.1453404346673,-0.0504233601485,-0.0425574090775,0.0040470977249,-0.0700480700634,-0.0575281029565,-0.0310516976826,0.0460823281778,-0.0773878364745,0.0889029242549,0.0985256582974,0.0508186178556,-0.1868065334778,0.1447836529580,-0.0793058910738,0.3088525951880,0.0802639388649,0.2318006512498,0.0516714626606,0.0449731111430,-0.0290758685575,-0.0654956349994,0.0643162890217,0.3475484300220,0.2347313423335,0.0115139162834,0.1856968345209,1.0000000000000,0.4664113974174,-0.0106618877152,0.2411097650065,0.0244941843649,0.0867207931861,0.2058069431069,0.0893616746129,0.1478019072593,-0.0268122506123,-0.0203500001698,-0.0350986417089,-0.0037351674683,-0.1152026611267,-0.0087269908246,-0.0118465852955,0.0169924815887,0.1727075437249,0.1338922462579,0.1358351459897,-0.1137276300850,0.1617192790931,-0.0569967262503,0.3035129230450,0.1004995816274,0.3610057000917,0.0603568621126,0.1029166416825,-0.0662687382990,-0.0255419457766,0.0320878637021,0.3618575381255,0.3060243564426,-0.0896017411663,0.2557932830517,0.3869615216500,0.4227839527241
