1.0000000000000,0.6955660398302,0.4967406039588,0.6995273523261,0.3962786910774,0.1006950192297,0.4775934751578,0.4912388754890,0.4954977509760,0.4938764707542,0.3898155697403,0.4447847960952,0.3111359611344,0.5219725887675,0.7320930641113,0.5260339488490,0.3675579041975,0.6311308981415,0.3042171584762,0.5637804807386,0.3462240893833,0.5359845140918,0.5577302519396,0.6682069822487,0.3970367847826,0.6879058572001,0.6151830467842,0.5428519232287,0.2998680335687,0.6644355173050,0.6525824239935,0.3652550495719,0.1944776995746,0.5955676875509,0.7483044890853,0.6182830127717,0.4459389954158,-0.1556663361875,0.6701895598574,0.3972479569604,-0.1127907825609,-0.1020080954624,-0.2542280294935,-0.3245137492997,0.5076530813513,-0.0236754709167,0.2438491156256,0.0253177660640,0.1176262000272,-0.3260601836088,0.4375096084635,0.4243756314434,0.0870471640100,-0.1427298186318,-0.2097347430771,0.3184836913244,-0.2301812908674,0.4693785025817,-0.1425508004783,0.5999620417306,0.1975829207950,0.0617611150410,0.4704509326168,-0.2501670634816,0.0688971884042,-0.3589407025172,0.2040414929678,-0.1435081251853,0.1637931328165,0.6424526259917
0.6955660398302,1.0000000000000,0.5176706677800,0.7453009480012,0.2243664742288,0.0739600429005,0.4390475994481,0.4649431647316,0.2846387408669,0.4492512105522,0.2571718402042,0.4612265119975,0.2671372201939,0.5147213467772,0.5703434006670,0.4180321748935,0.3540640581302,0.7129285947002,0.2456041815210,0.6275633653158,0.3120869899399,0.4770681716801,0.5879627661530,0.6761873832340,0.3036547226153,0.7056546178338,0.7062638645602,0.6311225723606,0.1876250019874,0.5053372950747,0.7089544624909,0.2741816097117,0.1818955016536,0.4640169671184,0.7719561253550,0.3961258128473,0.7128816613711,-0.0516043090684,0.6990285517171,0.2711573883344,-0.1972259753079,-0.2621410199934,-0.3551729880233,-0.4910014070873,0.4207068301571,-0.1787592674007,0.1862709125449,-0.0715631377562,0.1869266737303,-0.4685833718969,0.2929873977654,0.3597724585463,0.1355561815348,-0.1083008797742,-0.2073070948825,0.2026000767184,-0.2702524992354,0.4294318309089,-0.1225273874879,0.5561084194795,0.3279260984501,0.2545861195549,0.5551875808526,-0.2624373233483,-0.0812455074103,-0.3294897464547,0.1336338227153,-0.2022800236633,0.1438364455821,0.6330667478425
0.4967406039588,0.5176706677800,1.0000000000000,0.7538160288283,0.0260981442251,0.0425971040228,0.2346171621110,0.6344938748485,0.4449989687319,0.4740254316023,-0.0077110939711,0.5727222369524,-0.1007903884165,0.7589266055933,0.5770136483629,0.3111988201222,0.4995075998629,0.6119176862732,0.4324065412615,0.5221310365341,0.1019476712640,0.3748552272032,0.4324462634448,0.6516880768284,0.1604851986455,0.8131107107919,0.8620088597317,0.8985570037761,-0.0727838258010,0.3967474867785,0.6318325192852,0.4643675405743,0.2004055312769,0.2730945253819,0.5645598566817,0.0646973770556,0.3343148301505,0.4889747694948,0.6264753551267,0.0082185428060,-0.3453881384615,-0.5120639052823,-0.3713513622210,-0.3634998010059,0.3289988936545,-0.3972566076538,0.4227512201712,-0.4497808592196,0.4124706402040,-0.3564063788770,0.1711971938974,0.4197101077222,-0.1939010829327,0.0440037290734,-0.3230519706258,-0.0458049963835,-0.4011021323607,0.1366546327783,-0.3178948270513,0.4668113346326,0.3482724238453,0.4363845373824,0.8667468507637,-0.5480649701759,-0.3419231201955,-0.5501592295499,0.1581843744060,-0.2717812373864,-0.1294923339428,0.4923432484852
0.6995273523261,0.7453009480012,0.7538160288283,1.0000000000000,0.1811712567664,0.0687545521548,0.4896679957605,0.6918508244801,0.4604204740923,0.7024288477302,0.2114779892960,0.6145832677953,0.1538415129861,0.7520506568925,0.6977690102561,0.5272207197809,0.3350706175013,0.7370652442411,0.3784070353427,0.6512333444117,0.3120005133565,0.4331340785345,0.6352637005801,0.7081354477836,0.2968053960752,0.8754343135027,0.8441459477412,0.8207746657157,0.0794902930197,0.5312556122315,0.7353818749320,0.4083542884724,0.2250457715846,0.4214669757665,0.7503225377224,0.2334252171836,0.6235614635622,0.1219478437380,0.8980635713399,0.2197354837122,-0.2831228768314,-0.4053744147153,-0.3565820526949,-0.5049632251471,0.6384451013506,-0.2370639978362,0.3692764794105,-0.2366641794327,0.4057239374375,-0.4203076211399,0.3307211069097,0.3377189473373,-0.1128715625232,-0.0515574725697,-0.2270518869846,0.1577989697872,-0.4693014418042,0.3910084308178,-0.3491049544538,0.6580824418983,0.4403055038653,0.4030161392817,0.7763033462032,-0.4502178131199,-0.2635349642250,-0.5388286457250,0.2800417277002,-0.2655779918742,-0.0529477594341,0.6334785202294
0.3962786910774,0.2243664742288,0.0260981442251,0.1811712567664,1.0000000000000,-0.0244526082051,0.1832758689119,0.1363499433293,0.2269919204868,0.3758607045547,0.6190169418287,0.0363627474739,0.6760116176016,0.0823495056512,0.2467038590072,0.3416737574884,0.3672101694942,0.1730581012658,-0.0524204306300,0.0661967048123,0.7319486917547,0.6406319322459,0.2653953297147,0.4289323179230,0.6039445476261,0.0850668207869,0.0581043368478,0.0271529009115,0.7031155224112,0.5023900773704,0.3446854343256,0.1541152832571,-0.0132785904548,0.4592272806595,0.1745263792481,0.3385373730184,0.1245175369679,-0.2106794182949,0.0883752262257,0.9088138191053,-0.0576429161251,0.1885881914875,-0.0589504261832,-0.1505632506653,0.5101802852625,0.3491538979714,-0.1402980355061,0.6161185865334,-0.1881853749248,-0.3478540748640,0.3523622317347,0.4902887995089,-0.0248486575992,-0.3554816026024,-0.3130383041418,0.8254007458029,0.2616334413369,0.1965621991637,0.2507051268382,0.6311761011940,-0.3255827410403,-0.3783505275019,0.0000527636238,0.4651959670698,0.4332434043620,-0.0058552205818,0.1104059314520,-0.1076373682442,0.4528182046370,0.1541272161903
0.1006950192297,0.0739600429005,0.0425971040228,0.0687545521548,-0.0244526082051,1.0000000000000,0.1568212085051,0.1941194336477,0.4438016274493,-0.0585899991866,0.0407638683417,-0.1314199937979,-0.1469214026802,-0.0831006403667,0.2330578453062,0.3541525440697,-0.1611658824033,-0.1243518343995,-0.0825086244732,-0.0617680713272,-0.1530977494940,-0.0406973500611,-0.0230397094924,0.0037818251477,0.1799702404412,0.1117456039657,0.0372461740470,-0.0804774929032,0.1262720084470,0.1349731515571,0.1309576833381,0.3184561411841,0.7614136373396,0.0194008316260,0.2136521864811,0.0552772230787,-0.2136512687092,-0.0737487728909,0.0254071309311,-0.1605717792170,0.4523969374814,0.2401182277030,0.1601944274940,0.3010904847393,0.0687318883791,-0.0787650524841,-0.0541721563311,-0.1281287221896,-0.3164834300876,0.2460492350005,0.2923697937243,-0.1850996721479,-0.1316178853642,-0.0837967100391,-0.3339106524143,-0.0126857912627,-0.2428411159663,-0.0908559340926,-0.2191447773436,0.0779164699310,-0.2439582672705,-0.2997596109613,-0.0524865964349,-0.0821618725941,0.1310747953579,0.0816868434687,0.0484368288456,0.4584045133350,0.0916527927084,0.3098495998924
0.4775934751578,0.4390475994481,0.2346171621110,0.4896679957605,0.1832758689119,0.1568212085051,1.0000000000000,0.1361608615266,0.5567496980120,0.2510516434706,0.5810507313743,0.4757308923422,0.4838216919603,0.3767461441740,0.4916275624430,0.5911171511946,0.0857172647358,0.3123317929441,0.4295722151476,0.3042338090378,0.3680590652027,0.2306337105304,0.2282186095297,0.3059003738666,0.0734567419677,0.3176213383335,0.3827620462026,0.2458217623940,0.1299379700455,0.3905182906243,0.3352377067771,0.0215705474389,0.2989932726858,0.2549622592806,0.4133252679580,0.0421809059824,0.2408388562548,-0.0639190027751,0.3949809359301,0.2497051484090,0.0574560950015,0.2009071829982,-0.3957991577326,-0.2559528154961,0.2864572238081,0.3144596886301,0.2329121984542,0.2863392260155,0.2920203852618,-0.2310343445737,0.2732150302765,0.0628672272724,0.0245520901489,0.0705668774004,-0.0288933934177,0.2063788449620,-0.2255523858667,0.0957054458089,-0.1268147899586,0.2788244609301,0.1163249476901,0.1709400920248,0.1968143907161,-0.0839989853976,-0.0861575241506,-0.2176798063142,0.1934354007064,0.0259149458451,0.0298109340831,0.3418832311225
0.4912388754890,0.4649431647316,0.6344938748485,0.6918508244801,0.1363499433293,0.1941194336477,0.1361608615266,1.0000000000000,0.2670579990794,0.5650994887626,0.0136849441012,0.1801500714766,-0.0422642508616,0.4454383563594,0.5782935979780,0.2742697853216,0.1062080535795,0.5542436228150,0.1372871914280,0.4809116172881,0.1132552386062,0.2474750693667,0.4862664645719,0.4881265605944,0.5706053033529,0.6771428832830,0.6362703203929,0.5531793566523,0.2541738770327,0.3245678506729,0.6970430866586,0.5866117235320,0.2590779091321,0.2743989714910,0.5016750900070,0.1851085353487,0.2562931158218,-0.0207028886049,0.5992061726905,0.0374120192629,-0.0597469410869,-0.3107944995231,0.1152763760722,-0.3266421102080,0.5274463888257,-0.4110747903021,0.1266367398936,-0.2780251475880,0.0028620830281,-0.2343159253122,0.2244521901175,0.1247247067738,-0.1369792407140,-0.1849363848376,-0.3857816269910,0.1618335620566,-0.4913299766253,0.2097750881563,-0.4720839414426,0.5987151716031,0.1494031692934,0.1183350179754,0.4777280768132,-0.2714928951650,-0.1992971771273,-0.3518090924923,0.2615095168808,-0.1532205273559,-0.0367223775570,0.4256590205800
0.4954977509760,0.2846387408669,0.4449989687319,0.4604204740923,0.2269919204868,0.4438016274493,0.5567496980120,0.2670579990794,1.0000000000000,0.1507494495263,0.4256717743370,0.4459381846169,0.0885768414029,0.4521281665360,0.6208377490459,0.6830627591746,0.3283760365899,0.1996515070803,0.4774792559958,0.2076673268601,0.1283088803996,0.3887506601284,0.2423088159760,0.4447727464537,0.2262215710661,0.4776553241051,0.4306955549970,0.3382032595342,0.2658568362657,0.5637772148954,0.4244109021343,0.2834046387402,0.4299640384916,0.2797240153271,0.4382978024883,0.0986449790264,0.0202040044873,0.1357069371368,0.3500237721874,0.1423141166370,0.0592676463972,0.2308423218376,-0.3156440476178,0.2150139885424,0.2308939093573,0.1247695691814,0.3283744980718,-0.1110668434180,0.1368335884610,-0.0203110935953,0.4740703853076,0.3264880751413,-0.1804205896377,0.0268867275663,-0.3147860539460,0.1003349684346,-0.1612465676574,0.0880129855059,-0.1032691518846,0.2995378169508,-0.0677118218010,-0.0444814812429,0.3473123584726,-0.1971071093354,0.0537411197056,-0.1577206402064,0.0797476860591,0.2042663324229,0.0228684126179,0.4456006980465
0.4938764707542,0.4492512105522,0.4740254316023,0.7024288477302,0.3758607045547,-0.0585899991866,0.2510516434706,0.5650994887626,0.1507494495263,1.0000000000000,0.2122651522488,0.3884332043178,0.3247481073970,0.6055336703190,0.5492219588128,0.3984205552513,0.1511967275192,0.5093240502278,0.1841063577512,0.4537271051852,0.5624487608776,0.2934653917060,0.4318153134281,0.3952203331617,0.3961412283951,0.5750656522573,0.4513674752241,0.5373215102584,0.0969492336683,0.3912418449007,0.4316313804602,0.2344196293928,0.0319285522620,0.3742407440664,0.4048134684612,0.1846726186025,0.4379985104142,0.0160853844098,0.6646008639613,0.3681098533586,-0.2881823790076,-0.3172161623599,-0.1220337322482,-0.5021398678988,0.8209612043262,-0.0670153588359,0.2355141738069,0.0470431297187,0.4043669769167,-0.3194595628841,0.2227628265077,0.1935619341558,-0.1421540565383,-0.0975241905314,-0.1091964208026,0.4155025612809,-0.3219500379958,0.2742195925324,-0.2444374364726,0.6547045339946,0.4669720042110,0.2047737960955,0.5129554450254,-0.1999648594430,-0.1393706047003,-0.5119151058087,0.2391229294300,-0.3585989018433,0.0960817087637,0.3254878718430
0.3898155697403,0.2571718402042,-0.0077110939711,0.2114779892960,0.6190169418287,0.0407638683417,0.5810507313743,0.0136849441012,0.4256717743370,0.2122651522488,1.0000000000000,0.1544053837097,0.7416971796914,0.1588022757797,0.2357990647283,0.3810384638430,0.1253995401666,0.0789376780187,0.0600498690472,0.0470253235078,0.5611957323774,0.3436954764253,0.1301358886414,0.2340090934150,0.3938731900206,0.1028511972191,0.0764487037811,-0.0096674710469,0.5127925799942,0.3179267725228,0.2043696311369,0.0171663929382,0.0730318728176,0.3065446997249,0.1989599863699,0.1896282491150,0.0573696474008,-0.1489771485452,0.1280642671492,0.5836145594387,0.0052694340021,0.3241984631367,-0.1667309690781,-0.1344348685793,0.3440979141377,0.6787067948637,0.0041609604479,0.6090714912041,0.0482468762353,-0.2163818378059,0.2143958782805,0.1715600312911,0.0154703388201,-0.1577719264489,-0.1041900958746,0.5664972015115,0.0434026292928,0.1010872545364,0.0954238065508,0.4262458121386,-0.1559098321900,-0.1513445523877,-0.0204051564290,0.3507775375473,0.2358705925416,0.0261805066565,0.1312107342935,0.0258656286597,0.2216390244194,0.1465345171280
0.4447847960952,0.4612265119975,0.5727222369524,0.6145832677953,0.0363627474739,-0.1314199937979,0.4757308923422,0.1801500714766,0.4459381846169,0.3884332043178,0.1544053837097,1.0000000000000,0.1271246831370,0.7839077796303,0.5145712028230,0.4733471241621,0.4310908607931,0.5347411277032,0.7322269738038,0.4788715470806,0.2603183306697,0.3784966302010,0.3376056770277,0.5387930935987,-0.1773919891102,0.5551821139997,0.6305877375237,0.6751737362364,-0.1452100573797,0.4728060134759,0.4337341173622,0.1243805483350,0.0583108898031,0.2808217708791,0.4841369351601,0.0680978620891,0.4025658786764,0.2291380473936,0.5258578966904,0.1566808345835,-0.4326856573695,-0.3533751632838,-0.6357046680478,-0.3437220454911,0.2223230414860,-0.1083092970336,0.6683320810951,-0.2011271628250,0.7475385427343,-0.3105199504226,0.2302906534018,0.4052959625946,-0.0321012608275,0.3886159633233,0.0446129662682,-0.0398932452827,-0.1793553532042,0.1939398465990,-0.0429795729302,0.2343354113963,0.4502854062762,0.4736762546972,0.6458824966989,-0.4336093053819,-0.1895351750426,-0.4888533253050,0.2391375670371,-0.2154357582494,-0.0538470889377,0.4271823857953
0.3111359611344,0.2671372201939,-0.1007903884165,0.1538415129861,0.6760116176016,-0.1469214026802,0.4838216919603,-0.0422642508616,0.0885768414029,0.3247481073970,0.7416971796914,0.1271246831370,1.0000000000000,0.1005074173470,0.1902014480601,0.2569085726420,0.1435770210040,0.1670887554516,0.0347784863566,0.0543161445364,0.7875660447716,0.4090060909340,0.1448264506888,0.2559077364860,0.3233574406997,-0.0465586184153,0.0089208366898,-0.0494685980478,0.4507389159925,0.3109675936637,0.1918431196414,-0.1778031960990,0.0090098209724,0.3674590560263,0.1381324183476,0.0966765504263,0.1959745817213,-0.1551710019859,0.0662916554768,0.7055800246713,-0.0104980621153,0.1114750521970,-0.2205646230461,-0.3915650565963,0.3606145604231,0.4778221118529,-0.0938471230591,0.8563940974441,0.0745041069736,-0.3471232152972,0.0677333181431,0.1991102360396,0.1371372723805,-0.2266975054387,-0.0003171910361,0.7308575486083,0.2110187326553,0.1614648963910,0.2841669394930,0.4007251739115,-0.1217860419964,-0.1154709565779,-0.1019103292591,0.4395812807803,0.1491294373513,-0.0016619314685,0.1676156388345,-0.0598118078757,0.2658313090006,0.0143304748140
0.5219725887675,0.5147213467772,0.7589266055933,0.7520506568925,0.0823495056512,-0.0831006403667,0.3767461441740,0.4454383563594,0.4521281665360,0.6055336703190,0.1588022757797,0.7839077796303,0.1005074173470,1.0000000000000,0.6249728674687,0.4174445621043,0.4472664917025,0.5478756060050,0.5883884459190,0.4761903270683,0.2677982190133,0.3306983277200,0.3676848574184,0.5575169984219,0.0446579305714,0.8056531756279,0.7335549390016,0.8374134942727,-0.1345666726803,0.4475043557234,0.4775593458086,0.3421261618581,0.1146516123038,0.2607719926376,0.5493566906297,0.0983981004338,0.3736327484750,0.3167437686488,0.6463851255433,0.0819999574714,-0.3592204649949,-0.4684875012841,-0.5067557348891,-0.4369459470613,0.4171335094619,-0.2290789196520,0.6695469135708,-0.2783347518865,0.7380170645563,-0.3199832988141,0.2014993826094,0.4068346871218,-0.1787284884876,0.2343629623469,-0.1662210588128,0.0414514139033,-0.3667717276435,0.1631314353085,-0.2584733916761,0.4062105890945,0.5521743736793,0.4654075851353,0.8148029868040,-0.5520731769876,-0.2938798811632,-0.6421905029122,0.3006844995488,-0.2939193019555,-0.1708682364055,0.4856308346145
0.7320930641113,0.5703434006670,0.5770136483629,0.6977690102561,0.2467038590072,0.2330578453062,0.4916275624430,0.5782935979780,0.6208377490459,0.5492219588128,0.2357990647283,0.5145712028230,0.1902014480601,0.6249728674687,1.0000000000000,0.5936336897436,0.3072472920280,0.5619785259379,0.4953143463295,0.5478293687281,0.2896179832973,0.4509948783406,0.4831810068475,0.5848924762862,0.3310708823952,0.6966732753730,0.6156186904778,0.5634564320272,0.2082976231026,0.6887727921021,0.6441420397836,0.4390513248661,0.3054941429414,0.4853905564242,0.6476700795552,0.3427741345512,0.3289172513962,-0.0208033169110,0.6219995109889,0.1902937170342,-0.0323889802178,-0.1425024409884,-0.2358431178092,-0.2280027128689,0.4673721217626,-0.2182767599584,0.3213443152985,-0.1056105320082,0.2214955014665,-0.1798590984949,0.4177806724545,0.3294703570611,-0.0381715842301,0.0275746453707,-0.2491946925879,0.2008054527579,-0.2895658287701,0.3161220636513,-0.2296120638849,0.4736466428783,0.2201346824272,0.0676859713517,0.4916467693697,-0.3220701938663,-0.0632150145633,-0.3824490305613,0.2331617327911,-0.0659678447414,0.0643851765064,0.5728216672557
0.5260339488490,0.4180321748935,0.3111988201222,0.5272207197809,0.3416737574884,0.3541525440697,0.5911171511946,0.2742697853216,0.6830627591746,0.3984205552513,0.3810384638430,0.4733471241621,0.2569085726420,0.4174445621043,0.5936336897436,1.0000000000000,0.2905630661143,0.2744268889192,0.3693072346724,0.2976992925035,0.3762927971701,0.4483841750634,0.3062446720312,0.4698576888352,0.2836066399186,0.4330904580335,0.3756203940478,0.3025995026194,0.3211524745240,0.6314497908813,0.4645619807537,0.2574279482559,0.3210891900361,0.3232911107214,0.4978583760397,0.2092429070226,0.1753770145852,-0.0594592883099,0.4186621180411,0.3325775609646,-0.0090158915624,0.1719839550218,-0.3411459135945,-0.0434989082298,0.4904894474472,0.1380858582026,0.2909521647413,0.0779630327818,0.1763099715673,-0.1121425201944,0.7016301309765,0.3086065894132,-0.1563966835371,-0.0018757235278,-0.2329430940739,0.2991717471520,-0.1302610329444,0.1735701277496,-0.0538433903757,0.4477565779098,0.0734424551887,-0.0719687490934,0.2860084837082,-0.0744751391488,0.1651816595066,-0.2233115121907,0.2276831706077,0.0152371894073,0.2126177127959,0.5055647665696
0.3675579041975,0.3540640581302,0.4995075998629,0.3350706175013,0.3672101694942,-0.1611658824033,0.0857172647358,0.1062080535795,0.3283760365899,0.1511967275192,0.1253995401666,0.4310908607931,0.1435770210040,0.4472664917025,0.3072472920280,0.2905630661143,1.0000000000000,0.4378735833147,0.2812276695331,0.2886585600458,0.3083309443924,0.7911608643762,0.3884609977382,0.7341292617443,0.1680850826162,0.3895416097730,0.4826594362472,0.5291161076865,0.2431047540302,0.5392930281184,0.5221488235823,0.2715065007329,-0.0603303861240,0.3569543879910,0.4067661383187,0.1459975911100,0.2954237564501,0.2538249673318,0.2322963951658,0.4123329946321,-0.3274439333282,-0.3195241960852,-0.5247038678984,-0.2055848030583,0.1178053196728,-0.1932173104543,0.1787672593917,-0.0703492224888,0.2207580902883,-0.4305509759004,0.2125842156149,0.9247586973823,0.0333917018675,-0.1781109562415,-0.2234452121516,0.1832415957193,0.3356819801988,0.3115660981630,0.3645047125493,0.3899967352058,0.0089589382840,0.1027212859039,0.4954635275020,-0.0607744972881,0.0771212565199,-0.1630987993149,0.1344048722382,-0.2343253873158,0.1287438851725,0.3264192162947
0.6311308981415,0.7129285947002,0.6119176862732,0.7370652442411,0.1730581012658,-0.1243518343995,0.3123317929441,0.5542436228150,0.1996515070803,0.5093240502278,0.0789376780187,0.5347411277032,0.1670887554516,0.5478756060050,0.5619785259379,0.2744268889192,0.4378735833147,1.0000000000000,0.3653487917455,0.8511273723584,0.3365511556636,0.5516342992540,0.6272461952715,0.7637991357623,0.1844067015815,0.6661746887027,0.7878095776300,0.7147660602001,0.0849890469339,0.5180757072804,0.7364661529785,0.2959263836782,0.0325716581003,0.5665539930904,0.7142270634929,0.2961803457895,0.7167298294611,0.0171394793528,0.6951908639305,0.2619726838484,-0.3459507370025,-0.4556996937334,-0.4057494707359,-0.5279670766006,0.3807516255355,-0.3574859153271,0.1697371850329,-0.1960699721196,0.2729722164045,-0.5358726309081,0.1040119941323,0.4592929941945,0.3483214654856,-0.1311356965625,0.0530608312703,0.1239987957160,-0.1515387945684,0.4549916476607,-0.0153211552865,0.4699045192734,0.3882502092042,0.4276455849868,0.6158882196093,-0.3488658566081,-0.1983824708745,-0.4063531348294,0.2295521136210,-0.3137594224163,0.1015242082915,0.5207818929294
0.3042171584762,0.2456041815210,0.4324065412615,0.3784070353427,-0.0524204306300,-0.0825086244732,0.4295722151476,0.1372871914280,0.4774792559958,0.1841063577512,0.0600498690472,0.7322269738038,0.0347784863566,0.5883884459190,0.4953143463295,0.3693072346724,0.2812276695331,0.3653487917455,1.0000000000000,0.4180238790403,0.1535104754381,0.2732197172205,0.2348599894052,0.3318748583891,-0.1187929381048,0.3089002144956,0.4299625068212,0.4158608392824,-0.1460424447563,0.4572451392846,0.3124853484712,-0.0408888455377,0.0475464091905,0.2375754776268,0.3335708410434,-0.0509724533220,0.1838541658212,0.2816167037170,0.2732001034047,-0.0090060677653,-0.1600462887405,-0.1332134100976,-0.4268376457599,-0.1713107511812,0.0501827092391,-0.1500393843792,0.5992166978987,-0.1322787127360,0.5337726407655,-0.0871512960593,0.0859500787494,0.2550871446608,0.0611477709995,0.4918295919700,0.1784827116456,-0.0637779147353,0.0116181910183,0.1183345459674,0.0927780220548,0.0304699868676,0.2337096393571,0.3356314921392,0.3848985852174,-0.3356806061866,-0.0903510065276,-0.1960631093139,0.1493412571152,-0.0416861587145,0.0475176414759,0.2715512604296
0.5637804807386,0.6275633653158,0.5221310365341,0.6512333444117,0.0661967048123,-0.0617680713272,0.3042338090378,0.4809116172881,0.2076673268601,0.4537271051852,0.0470253235078,0.4788715470806,0.0543161445364,0.4761903270683,0.5478293687281,0.2976992925035,0.2886585600458,0.8511273723584,0.4180238790403,1.0000000000000,0.2239372531669,0.3924620038777,0.5584144420498,0.5946431463895,0.1439690318894,0.6099021014740,0.7028054584371,0.6101773014822,0.0082136545917,0.5286261046393,0.5932394495080,0.2529619723135,-0.0222384897321,0.5616342189273,0.7228663976575,0.3137355266807,0.5984847591170,-0.0164039133166,0.6606538804221,0.1224890296177,-0.2582417676417,-0.3342469056738,-0.3333026134331,-0.4410795915691,0.3754728877281,-0.3196412237177,0.1483573031832,-0.2227065072638,0.2196161021044,-0.4171645241683,0.1282516849212,0.3212636363985,0.3317674955324,0.0205204542527,0.2152353785994,0.0887347095063,-0.1923317584912,0.4181265973151,-0.0706877176421,0.3393591471951,0.3947593380672,0.3890621106090,0.5217495243736,-0.4022258902446,-0.0922639015510,-0.3438627537633,0.1573439370169,-0.3295493833025,0.2007917047201,0.5362326059033
0.3462240893833,0.3120869899399,0.1019476712640,0.3120005133565,0.7319486917547,-0.1530977494940,0.3680590652027,0.1132552386062,0.1283088803996,0.5624487608776,0.5611957323774,0.2603183306697,0.7875660447716,0.2677982190133,0.2896179832973,0.3762927971701,0.3083309443924,0.3365511556636,0.1535104754381,0.2239372531669,1.0000000000000,0.5725612491823,0.2909666451281,0.4278169690799,0.3801493868432,0.1144890325137,0.1421460054454,0.1576639537005,0.4382916910047,0.4312214880877,0.3381462909949,-0.0703191520094,-0.0448105271173,0.4608281990574,0.2187689961847,0.1037637396755,0.3182288799708,-0.0164683702645,0.2139358472755,0.7589407138480,-0.1844673411472,-0.0552172445140,-0.2445520885577,-0.4431278129796,0.5418438011404,0.2759028792684,-0.0360994799914,0.6260891100187,0.2096811495591,-0.4213516854643,0.1240710433504,0.3819079266833,0.0795414390424,-0.2443108455839,-0.0111968804080,0.8169690682291,0.2519909557778,0.2650457102560,0.3359430232098,0.5413466949513,0.0411228522800,-0.0113462019921,0.1239941148093,0.3429649655800,0.1236949005142,-0.1382878889907,0.2236340148550,-0.1696767275682,0.3479982879351,0.0976904918189
0.5359845140918,0.4770681716801,0.3748552272032,0.4331340785345,0.6406319322459,-0.0406973500611,0.2306337105304,0.2474750693667,0.3887506601284,0.2934653917060,0.3436954764253,0.3784966302010,0.4090060909340,0.3306983277200,0.4509948783406,0.4483841750634,0.7911608643762,0.5516342992540,0.2732197172205,0.3924620038777,0.5725612491823,1.0000000000000,0.5956801141964,0.8586071126068,0.4021160960299,0.3663682752325,0.4391494026473,0.3995039821201,0.5605365615666,0.7329440146475,0.7094990834103,0.2433287459644,0.0325079618147,0.6381382656174,0.5321190895936,0.2947904202522,0.4200632726032,-0.0109186622434,0.3390310591837,0.6788509811144,-0.2372047534087,-0.1434406448255,-0.4176452345433,-0.2465494387917,0.3166526086359,-0.0351136598389,0.0406995877814,0.1917333444781,0.0302971090146,-0.4906680348497,0.3619211063685,0.8551601301287,0.1198031723529,-0.3003252873271,-0.2348635355989,0.4872640227811,0.3890255623794,0.5014019961083,0.4327478252428,0.6024960941106,-0.1167173133138,-0.0778513067399,0.3278729580354,0.1603826915245,0.2730282052120,-0.0830651010499,0.1623166832139,-0.1703642016992,0.4097695603795,0.4372856128498
0.5577302519396,0.5879627661530,0.4324462634448,0.6352637005801,0.2653953297147,-0.0230397094924,0.2282186095297,0.4862664645719,0.2423088159760,0.4318153134281,0.1301358886414,0.3376056770277,0.1448264506888,0.3676848574184,0.4831810068475,0.3062446720312,0.3884609977382,0.6272461952715,0.2348599894052,0.5584144420498,0.2909666451281,0.5956801141964,1.0000000000000,0.6936143023134,0.3856614797230,0.5166934983116,0.5294258005462,0.5190449118988,0.3369397171557,0.5160440446715,0.7032858768707,0.2278060145931,0.0122759620576,0.5109966438605,0.5989347322772,0.1831628258609,0.6467406266428,0.0380268018698,0.6421960681784,0.3324886565723,-0.1946642623161,-0.2868661453183,-0.2157928925658,-0.3614458537397,0.4043526929206,-0.2227134173758,0.0425258592766,-0.0888053619541,0.0984332604867,-0.4288838899750,0.2455554499513,0.4858333694235,0.0899996995314,-0.2032907087949,-0.0889962822026,0.2129166092920,0.0027133360603,0.8286354018383,0.1046392099621,0.5844122279959,0.1857794795087,0.1545700908944,0.4834476868929,-0.0476114498256,-0.0450901974374,-0.1286714588565,0.1378159585685,-0.2210636028879,0.1824255930979,0.4244992398045
0.6682069822487,0.6761873832340,0.6516880768284,0.7081354477836,0.4289323179230,0.0037818251477,0.3059003738666,0.4881265605944,0.4447727464537,0.3952203331617,0.2340090934150,0.5387930935987,0.2559077364860,0.5575169984219,0.5848924762862,0.4698576888352,0.7341292617443,0.7637991357623,0.3318748583891,0.5946431463895,0.4278169690799,0.8586071126068,0.6936143023134,1.0000000000000,0.3307453596819,0.6682175476469,0.7528112085447,0.7147930490053,0.4202003239617,0.6761419239049,0.8663507306146,0.3763473073529,0.1531597223825,0.5823777113414,0.7239090667343,0.2650579402336,0.5586007464684,0.0812205928284,0.5829112262661,0.4756318560653,-0.3137960029590,-0.3886989691388,-0.5135957843289,-0.4191727733421,0.3708565917450,-0.2472594059226,0.1616599407132,-0.0841011502227,0.1711850393725,-0.6070813609653,0.3452171111026,0.7762949314242,0.0689150849853,-0.2652363994162,-0.3031839618979,0.3186386317867,0.0261061702843,0.5114684372580,0.1400311927401,0.6179921506805,0.0895543142249,0.1549017872135,0.6153878743800,-0.1451372651164,-0.0574840352403,-0.3243121408280,0.2195013389280,-0.2458938124426,0.1332620483651,0.5688600785950
0.3970367847826,0.3036547226153,0.1604851986455,0.2968053960752,0.6039445476261,0.1799702404412,0.0734567419677,0.5706053033529,0.2262215710661,0.3961412283951,0.3938731900206,-0.1773919891102,0.3233574406997,0.0446579305714,0.3310708823952,0.2836066399186,0.1680850826162,0.1844067015815,-0.1187929381048,0.1439690318894,0.3801493868432,0.4021160960299,0.3856614797230,0.3307453596819,1.0000000000000,0.2234319891904,0.1743906247990,0.0496508624579,0.6963171973889,0.3714837106405,0.5048150599401,0.2856854345791,0.1242911397376,0.2983416133291,0.2507774917198,0.2735414036082,0.1097479746093,-0.1489200308361,0.2430160182866,0.4277933622989,0.1492733699570,0.1221771928991,0.3247464335529,-0.0770990562877,0.5273980502195,0.0301272705221,-0.1646975225604,0.2734366715116,-0.3211636545517,-0.0860785563749,0.3180068449269,0.2392635462428,-0.0281848577187,-0.3649670894671,-0.3373538463723,0.5503871295448,0.0352182545990,0.3043176201497,-0.0207716377883,0.7552683275321,-0.2687673434957,-0.2801660462871,0.0288070846835,0.3644886929169,0.2598841118100,0.1765231682017,0.0697455293643,-0.0050089420423,0.2954184951644,0.1888976927523
0.6879058572001,0.7056546178338,0.8131107107919,0.8754343135027,0.0850668207869,0.1117456039657,0.3176213383335,0.6771428832830,0.4776553241051,0.5750656522573,0.1028511972191,0.5551821139997,-0.0465586184153,0.8056531756279,0.6966732753730,0.4330904580335,0.3895416097730,0.6661746887027,0.3089002144956,0.6099021014740,0.1144890325137,0.3663682752325,0.5166934983116,0.6682175476469,0.2234319891904,1.0000000000000,0.8477489076379,0.8686216812182,0.0013447786487,0.4618292259461,0.6503362426217,0.5592705780176,0.2240669045226,0.3591264393909,0.7606299527694,0.3381099699782,0.4626635967208,0.1438582417231,0.8303464961838,0.0617395275203,-0.2966056273844,-0.4265677882632,-0.3285667284120,-0.3908658930671,0.5014813085958,-0.3303306455628,0.4058795471191,-0.4176868247484,0.3727229006987,-0.3639824467285,0.3268208725968,0.3718763962561,-0.1595139265154,-0.0378848181502,-0.3604329955798,0.0368162118731,-0.5327724541147,0.2932175630517,-0.4491879943061,0.5487179123330,0.5045540919670,0.3587971651732,0.8265901327033,-0.5902824705009,-0.2767406669962,-0.6355634915364,0.2222137446917,-0.2899877074929,-0.1350355285454,0.6725673222482
0.6151830467842,0.7062638645602,0.8620088597317,0.8441459477412,0.0581043368478,0.0372461740470,0.3827620462026,0.6362703203929,0.4306955549970,0.4513674752241,0.0764487037811,0.6305877375237,0.0089208366898,0.7335549390016,0.6156186904778,0.3756203940478,0.4826594362472,0.7878095776300,0.4299625068212,0.7028054584371,0.1421460054454,0.4391494026473,0.5294258005462,0.7528112085447,0.1743906247990,0.8477489076379,1.0000000000000,0.8974597848017,0.0024111792514,0.4908283019899,0.7363532430334,0.4796628702270,0.2067886666696,0.3729605159454,0.7337009639177,0.1804079895978,0.5438541393946,0.2564109730241,0.7225739850183,0.1033550308844,-0.3265687513873,-0.5104373216004,-0.4601273491471,-0.4763153111193,0.3533047196087,-0.4081584969395,0.3520653090974,-0.3777737900219,0.3604376846051,-0.4795754549179,0.1814256906151,0.4362557636961,0.0056948344134,-0.0190911079771,-0.2261913031570,-0.0141245769880,-0.4170929868061,0.2476047927068,-0.2858721237204,0.4913552418934,0.3515320516521,0.5305535821017,0.8246296043295,-0.5222474733406,-0.3156626384834,-0.5319291469019,0.2717556207550,-0.2562626738621,-0.1001369016153,0.6000451550931
0.5428519232287,0.6311225723606,0.8985570037761,0.8207746657157,0.0271529009115,-0.0804774929032,0.2458217623940,0.5531793566523,0.3382032595342,0.5373215102584,-0.0096674710469,0.6751737362364,-0.0494685980478,0.8374134942727,0.5634564320272,0.3025995026194,0.5291161076865,0.7147660602001,0.4158608392824,0.6101773014822,0.1576639537005,0.3995039821201,0.5190449118988,0.7147930490053,0.0496508624579,0.8686216812182,0.8974597848017,1.0000000000000,-0.1063151616362,0.3892891679995,0.6148019245253,0.4170109563635,0.1211821639814,0.2960512378425,0.6336667291429,0.1508128785453,0.5237833983373,0.3679931685974,0.7156559060322,0.0711772508922,-0.4396970900760,-0.6090604493251,-0.4852417303402,-0.4912152274714,0.3570883298738,-0.3921186604619,0.4426281848606,-0.4419055855506,0.5310630767204,-0.4763902117693,0.1535573611937,0.4962424467212,-0.1287601718526,0.0377799563985,-0.2430153298970,-0.0341295339320,-0.3926744496890,0.2745168867121,-0.2667514101604,0.4543774104476,0.4972072017688,0.5414178453288,0.9485365248553,-0.5770436093379,-0.3868071387592,-0.6584519677809,0.2107850591504,-0.3482612106693,-0.1937599707418,0.5203049977050
0.2998680335687,0.1876250019874,-0.0727838258010,0.0794902930197,0.7031155224112,0.1262720084470,0.1299379700455,0.2541738770327,0.2658568362657,0.0969492336683,0.5127925799942,-0.1452100573797,0.4507389159925,-0.1345666726803,0.2082976231026,0.3211524745240,0.2431047540302,0.0849890469339,-0.1460424447563,0.0082136545917,0.4382916910047,0.5605365615666,0.3369397171557,0.4202003239617,0.6963171973889,0.0013447786487,0.0024111792514,-0.1063151616362,1.0000000000000,0.3524128424293,0.4428566309287,0.1488483895709,0.0583684193993,0.2965922660960,0.1363222649315,0.2130866065353,0.0388222513779,-0.2969574637296,0.0072078433188,0.6169800887564,0.1391719331714,0.3115027091140,0.1210758313695,0.0578409357764,0.2760512202861,0.2939832631813,-0.2624342731363,0.4593506844896,-0.3924332633144,-0.1830677645932,0.3668658532964,0.3579857091184,0.0631424874560,-0.3875868263219,-0.2972635326290,0.6369497054308,0.2983166454854,0.3059161127991,0.2630948573432,0.5035546364233,-0.4596531653865,-0.4192330931356,-0.1807125487665,0.6777254949818,0.3353761822850,0.2619124600768,0.0480526995830,0.0386110438396,0.2951615377792,0.0732269365863
0.6644355173050,0.5053372950747,0.3967474867785,0.5312556122315,0.5023900773704,0.1349731515571,0.3905182906243,0.3245678506729,0.5637772148954,0.3912418449007,0.3179267725228,0.4728060134759,0.3109675936637,0.4475043557234,0.6887727921021,0.6314497908813,0.5392930281184,0.5180757072804,0.4572451392846,0.5286261046393,0.4312214880877,0.7329440146475,0.5160440446715,0.6761419239049,0.3714837106405,0.4618292259461,0.4908283019899,0.3892891679995,0.3524128424293,1.0000000000000,0.6427893372169,0.3172289551623,0.1608457791619,0.7153423611148,0.6792844940504,0.4392490977364,0.3801844659353,-0.0389655118618,0.4557313341247,0.4749575353392,-0.0877939360605,-0.0109173149377,-0.3379100242491,-0.1576788940726,0.4243466480401,-0.0516287108188,0.3058826385269,0.1063039808130,0.0815582578207,-0.2186431102502,0.5260358356325,0.5916954485285,0.1056806299871,0.0358683879130,-0.1251401319217,0.3450463269348,0.0981311910036,0.3764266805117,0.1664598421493,0.5100648526111,-0.0183574255991,-0.0788448867038,0.3574867358070,-0.1126853241799,0.4591798734881,-0.1450724083004,0.1755915239324,-0.0791594043410,0.5303871882049,0.6667085860852
0.6525824239935,0.7089544624909,0.6318325192852,0.7353818749320,0.3446854343256,0.1309576833381,0.3352377067771,0.6970430866586,0.4244109021343,0.4316313804602,0.2043696311369,0.4337341173622,0.1918431196414,0.4775593458086,0.6441420397836,0.4645619807537,0.5221488235823,0.7364661529785,0.3124853484712,0.5932394495080,0.3381462909949,0.7094990834103,0.7032858768707,0.8663507306146,0.5048150599401,0.6503362426217,0.7363532430334,0.6148019245253,0.4428566309287,0.6427893372169,1.0000000000000,0.4385348050706,0.2316683468511,0.5293169829757,0.7252276914504,0.2463263487011,0.5160890409746,-0.0283484736359,0.6187659434048,0.3459025645722,-0.1719233609810,-0.3246552454460,-0.3022294072396,-0.3793882256535,0.4233813567987,-0.3301295830110,0.1191163576544,-0.1209471371969,0.0823107568288,-0.4552191482542,0.3489618431370,0.5411203193717,0.0739704394158,-0.2191929384283,-0.3179491527813,0.2459856378262,-0.1217719765876,0.4794985325587,-0.0181386706203,0.6610830435241,0.0637870873673,0.0999778266019,0.5251561439509,-0.1324788625935,-0.0416480860131,-0.1714031366871,0.2481937081152,-0.1716432305695,0.1777621124956,0.5955073673736
0.3652550495719,0.2741816097117,0.4643675405743,0.4083542884724,0.1541152832571,0.3184561411841,0.0215705474389,0.5866117235320,0.2834046387402,0.2344196293928,0.0171663929382,0.1243805483350,-0.1778031960990,0.3421261618581,0.4390513248661,0.2574279482559,0.2715065007329,0.2959263836782,-0.0408888455377,0.2529619723135,-0.0703191520094,0.2433287459644,0.2278060145931,0.3763473073529,0.2856854345791,0.5592705780176,0.4796628702270,0.4170109563635,0.1488483895709,0.3172289551623,0.4385348050706,1.0000000000000,0.2901623597050,0.1749413520263,0.4047646521279,0.2983544756748,0.0077336626742,-0.0292175182945,0.3107154514170,0.0209344416847,-0.0406184968324,-0.1837440643278,0.0514235664651,-0.1230217977155,0.2906043345899,-0.3233566767785,0.1778077819468,-0.3308242318703,-0.1453577589723,-0.1178477527718,0.3047898669217,0.2511582535378,-0.1561564443539,-0.0892381854830,-0.4809764305334,0.0408550844250,-0.3652951831552,0.0030849316544,-0.3839932691321,0.3639359472241,-0.0366143723721,-0.0739528388166,0.3970577894676,-0.2850094598213,0.0613595270237,-0.2636446358319,0.5281891763091,-0.0247412288124,0.0324113328298,0.4985132007176
0.1944776995746,0.1818955016536,0.2004055312769,0.2250457715846,-0.0132785904548,0.7614136373396,0.2989932726858,0.2590779091321,0.4299640384916,0.0319285522620,0.0730318728176,0.0583108898031,0.0090098209724,0.1146516123038,0.3054941429414,0.3210891900361,-0.0603303861240,0.0325716581003,0.0475464091905,-0.0222384897321,-0.0448105271173,0.0325079618147,0.0122759620576,0.1531597223825,0.1242911397376,0.2240669045226,0.2067886666696,0.1211821639814,0.0583684193993,0.1608457791619,0.2316683468511,0.2901623597050,1.0000000000000,0.0874153901897,0.2886653194314,0.0200263259003,-0.0995942621456,-0.0033004293265,0.1464237101729,-0.0911276569001,0.3135741584627,0.0331909489728,0.0164540012080,0.0400758844472,0.0845424741326,-0.0914046684798,0.0903911598647,-0.0771231174661,-0.1091910227714,0.0775608482152,0.2108232082235,-0.0783194084132,-0.1399974146813,-0.0488403391590,-0.3793538162963,0.0093643244499,-0.3039132987613,-0.0781494191650,-0.2633080636059,0.1677157165983,-0.1547350911428,-0.1323151628184,0.1003014225271,-0.1622124492786,-0.0584175183611,-0.0947843136309,0.1306159087615,0.4406366436627,-0.0486308872448,0.3598196464512
0.5955676875509,0.4640169671184,0.2730945253819,0.4214669757665,0.4592272806595,0.0194008316260,0.2549622592806,0.2743989714910,0.2797240153271,0.3742407440664,0.3065446997249,0.2808217708791,0.3674590560263,0.2607719926376,0.4853905564242,0.3232911107214,0.3569543879910,0.5665539930904,0.2375754776268,0.5616342189273,0.4608281990574,0.6381382656174,0.5109966438605,0.5823777113414,0.2983416133291,0.3591264393909,0.3729605159454,0.2960512378425,0.2965922660960,0.7153423611148,0.5293169829757,0.1749413520263,0.0874153901897,1.0000000000000,0.6195430518447,0.3763290353646,0.4483775546697,-0.1014149036251,0.4494857946516,0.4944754941842,-0.1239182982395,-0.0769932059573,-0.2467537288340,-0.2774301110103,0.3496088489036,0.0018555851308,0.0181304319203,0.1947470248560,-0.0104456257886,-0.3665752016277,0.2176322275995,0.4385832595599,0.2347361631930,-0.1694613253872,-0.0043809720452,0.3975888748396,0.0780096428250,0.4388436534308,0.1558166941240,0.4761735731871,0.0922396912247,-0.0810187465466,0.2462676072462,-0.0643632880739,0.2978688222023,-0.1858298063242,0.1025888699477,-0.1178931319328,0.5868316481846,0.5064363772102
0.7483044890853,0.7719561253550,0.5645598566817,0.7503225377224,0.1745263792481,0.2136521864811,0.4133252679580,0.5016750900070,0.4382978024883,0.4048134684612,0.1989599863699,0.4841369351601,0.1381324183476,0.5493566906297,0.6476700795552,0.4978583760397,0.4067661383187,0.7142270634929,0.3335708410434,0.7228663976575,0.2187689961847,0.5321190895936,0.5989347322772,0.7239090667343,0.2507774917198,0.7606299527694,0.7337009639177,0.6336667291429,0.1363222649315,0.6792844940504,0.7252276914504,0.4047646521279,0.2886653194314,0.6195430518447,1.0000000000000,0.4466345827230,0.5485044290752,-0.0469541383925,0.7440865949009,0.2021286580533,-0.0993863563637,-0.2782614603548,-0.3526681959752,-0.3753714846253,0.4418588951741,-0.2563698301594,0.2752426767133,-0.1735142812879,0.1756515574060,-0.3512548313733,0.3411662512459,0.4043140628443,0.1468987863239,-0.0317233074515,-0.1157323513718,0.1508094746341,-0.2425320588161,0.4551835593971,-0.1176508803072,0.5024832608140,0.3337021824083,0.2227291860206,0.5794669186791,-0.4102365292113,0.0201660271266,-0.3291629645895,0.2425528910775,-0.1385893270783,0.2042660536613,0.8437554411309
