1.0000000000000,0.1501684770829,0.2788761155960,0.2537308435026,-0.1332642463854,0.1177793396069,0.1000371726638,0.2390614521461,0.2076410568834,0.3527919862207,0.0194180480961,0.3036866631982,0.0106890357141,0.1588506528860,0.7781125550657,0.1329500341164,0.1042889928038,0.5646540475844,0.4330113312699,0.6189313473972,-0.0033415535220,0.2758387131715,0.0804758642147,0.3229477219293,0.1172328702182,0.1666885771452,0.1881340123186,0.4326820543781,0.2328625827004,0.4997562785724,0.2915516194055,0.1398109475865,0.0626296628667,0.2919478302290,0.3168777268426,0.5960225653978,-0.0717397358308,0.1842956948974,0.0909614179063,-0.1067347653150,0.2210003438002,-0.1312229181853,-0.0237219630011,0.0145305201422,0.0786052212775,0.0056364852460,0.3181202734006,-0.1121366209448,0.2026443057383,0.4481840031012,-0.0673664897168,0.1166023972485,0.3177624369804,0.3314818145316,0.3308714878121,-0.0483211557286,0.3791891628135,-0.0349908091990,0.2167498979502,0.0959304367881,0.1265493037395,0.1227767974895,0.3244694440725,0.1654088822778,0.3467934226468,0.0212935250203,0.2121759310698,0.0174790330838,0.3016790206261,0.2111016308733
0.1501684770829,1.0000000000000,0.4171937651242,0.7153477777998,-0.0235704595698,0.1739186460110,0.1190781535869,0.1998796633411,0.3274389297136,0.2337122516427,0.1331077680867,0.4238041219682,0.1634519256779,0.2952746370938,0.2284297167840,0.3288755533628,0.4045082346709,0.3287169234280,0.4518811922926,0.4324287728285,0.2043429000856,0.5247982684552,0.5237666125238,0.5725843081208,0.3170596031588,0.5548533636312,0.5690431296360,0.5472227582844,0.3629394694870,0.3622944187351,0.5523679886027,0.3466319602231,0.1698530306341,0.1915945332147,0.6468356233507,0.0756320336908,0.7278779693937,0.3934707785767,0.6292386394290,0.0803145802247,0.2171621166339,-0.1668962166074,-0.1563758154916,-0.1614096803005,0.1232954045770,0.1386317183450,0.4598825686758,0.0402102653090,0.3367900447849,-0.1570333060552,0.1115299653853,0.3842364878213,0.4776881061399,0.1655253432071,0.3238892691051,0.1878343368191,0.4436761866039,0.4248573331940,0.3673693339506,0.3881427757513,0.4956857624015,0.5498325734326,0.5744994246794,0.3880096848900,-0.0203733590688,0.2448195904518,0.3712181863477,-0.2340947511331,0.3873649255369,0.6473750991756
0.2788761155960,0.4171937651242,1.0000000000000,0.4139330618225,-0.2786623698131,0.1073059184680,-0.0935361393621,0.4204990505053,0.4486116810733,0.4017908113880,-0.2034100409459,0.2879510527638,-0.1476399300009,0.1026131656452,0.3315276732371,0.1626941781540,0.2287216842270,0.6288436288527,0.4834771846680,0.4226124538522,-0.1295392540662,0.3577951826807,0.2201300755286,0.5832315705026,0.2503498687148,0.3211367123802,0.6681191411316,0.7822589723192,0.5887122850803,0.0460646642019,0.4564636379180,0.3836237672878,0.0088130925370,-0.1474808448614,0.3785276694178,-0.0648684809114,0.0292652895841,0.7946596885613,0.2421450092776,-0.1256164770291,0.2522255119849,-0.4107275256957,-0.0108154693167,-0.0423734278769,0.2806395337320,-0.1870842537567,0.4509730416855,-0.2856278492447,0.0293150884559,-0.1069789467159,-0.0986355091357,0.1858060239933,0.4059969264919,0.2218006101382,0.4170244191933,-0.1194321743946,0.3994397731071,0.0701616537306,0.2562636844900,0.3649518347157,0.1708020519757,0.7100628375478,0.6726928800474,0.4039073952758,-0.2776909319618,0.0751708290625,0.3809791525325,-0.4050102052184,0.0235425453763,0.2677915705630
0.2537308435026,0.7153477777998,0.4139330618225,1.0000000000000,-0.0007559002166,0.2755285385563,0.3230061151531,0.3381799324019,0.4149340086980,0.4812614402391,0.2391249780035,0.5452390543531,0.2643021562057,0.4013179668262,0.4113097159694,0.5693365835561,0.2873380047360,0.3596607218417,0.5312187160214,0.5106832165301,0.2460687504476,0.5261471270277,0.6146674954697,0.5314259608272,0.4167215447982,0.6239732758580,0.4938991547908,0.5191380124476,0.4101377461714,0.4345425519811,0.5455414836069,0.4351417961089,0.2244272741753,0.3773755586125,0.7738774060628,0.1107944363853,0.5449038579333,0.4028377256642,0.8155431568476,0.0943815990092,0.3206167557649,-0.0403236191427,-0.0627899464835,0.0087706337218,0.4468022774479,0.2461788534236,0.5684383280554,0.1161332453298,0.4295744037337,0.0697531662673,0.2488459956971,0.2621289943349,0.4451799362804,0.2688416675071,0.4225542749163,0.2053612925870,0.4238121585693,0.4918358101966,0.2725310872085,0.4872501221193,0.5320899799156,0.5193491755753,0.5789942348967,0.4275599186461,0.0499501961744,0.1118486863390,0.4338113948958,-0.1052525167815,0.3509666009404,0.7146983728936
-0.1332642463854,-0.0235704595698,-0.2786623698131,-0.0007559002166,1.0000000000000,-0.0376686460482,0.3183837633474,-0.1741194814756,-0.0885767449627,0.0421877060502,0.6440662613879,-0.0202508475572,0.8059818082582,-0.0560799857542,-0.1790625041240,0.1970947402048,0.2361284479717,-0.3460291325243,-0.0515099730982,-0.1255956886589,0.8178278485866,0.2118520217040,0.1878282544145,-0.0737772421162,0.4470681489964,-0.0209473126334,-0.1605773974749,-0.2384172545560,0.0822640640648,0.0764050299908,-0.0123566383743,-0.0828786873811,-0.0760715308195,0.3412420456059,-0.0897737096060,0.2206009116143,0.1229805165476,-0.2520671983875,-0.0073563738078,0.8925752712938,-0.0670491838003,0.3658286018558,-0.0241935452354,0.0090056368786,0.1389987063662,0.5334646821437,-0.1320091885718,0.8547666973477,0.0120854022922,-0.0635384657025,0.2185217677585,0.2504226887362,-0.2325155106091,-0.1602771325261,-0.2362534857274,0.7874595114356,0.0840950852350,0.2245037208335,0.1874043900398,0.2865165678470,-0.1025283380964,-0.2631928725577,-0.1887073489433,0.0924524135798,0.1281915400542,0.0652583028149,-0.0568653175536,0.1073465402678,0.1432682730734,-0.0942212325182
0.1177793396069,0.1739186460110,0.1073059184680,0.2755285385563,-0.0376686460482,1.0000000000000,0.3051346533384,0.3383756467752,0.4735636293793,0.1393763324371,0.1181297522643,0.4386474759589,-0.0809811107440,0.5248612511616,0.3491276399110,0.3281303937948,0.0720456125092,0.0159823547598,0.1517639128315,0.0862842946259,-0.0590364914596,0.0541005299016,-0.0701181492557,0.0722532176449,0.2310968451042,0.4180891667023,0.2155125133638,0.2093778075216,0.0768588264506,0.2168185493021,0.0253598082451,0.3402214625239,0.2684522082717,-0.0130006479714,0.1194218739347,-0.0295475743263,0.0400104859922,0.0681362147226,0.3012659868540,-0.0925222996317,0.5616877167738,0.1506506936188,0.1853357699767,0.4110021719364,0.0893021989218,0.0016842251993,0.2501641478743,-0.0891248902715,0.4522028678808,0.2066553785451,0.3625148001673,0.0529461014746,-0.1135977279883,0.1983598475509,-0.0412026225093,-0.0788587071912,-0.0633206587849,-0.0732214239611,-0.1116482555387,0.1243749316231,0.3893076714015,0.0822633189105,0.2089360926455,0.1378280804117,0.0091984094049,-0.0606713185125,0.2577584759452,0.1632885763494,0.0244708881973,0.0480630391968
0.1000371726638,0.1190781535869,-0.0935361393621,0.3230061151531,0.3183837633474,0.3051346533384,1.0000000000000,0.1055862680145,0.4740543510991,0.1010562140882,0.6853353249546,0.3436493583139,0.4791678093015,0.2255002529151,0.2925939608486,0.5562104086475,-0.0592867502417,-0.0291692212225,0.1399146400616,0.1314462583882,0.3094186580391,0.1133950543950,0.0389177452910,-0.0663799412064,0.2331814733595,0.1882024136396,-0.0227761273571,-0.0525628867958,0.2246340041943,0.2868641792050,0.1011789041081,0.0954417267273,-0.0083815799926,0.1772721224898,0.1787222700703,0.0992063389561,0.0878601632020,-0.0521956551427,0.2408160814954,0.2530200889526,0.2390458441903,0.6651579649763,0.0438741534527,0.3636246314159,0.0780368183345,0.5638418622137,0.1762386703130,0.4442479802897,0.1816982117621,0.2192397231251,0.5298760883064,-0.1158360208451,-0.0751786268713,0.0909822255855,-0.0615372748084,0.2721949759040,0.0857856364962,0.0368360632657,0.0091474749189,0.0858219761060,0.1341839796243,-0.1243256722369,-0.0218486519215,0.2638502782147,0.1760379818750,0.0991534743495,0.0484616467825,0.2066221973017,0.0232222728242,0.1086865470335
0.2390614521461,0.1998796633411,0.4204990505053,0.3381799324019,-0.1741194814756,0.3383756467752,0.1055862680145,1.0000000000000,0.2878920542262,0.3841686825955,-0.0122899849605,0.3133311619339,-0.1950652332942,0.3379015999373,0.3282724292426,0.3139466802045,-0.0363344305719,0.3007185877633,0.0336801177223,0.1885841200210,-0.1459332567989,0.0097816317755,-0.0082925354723,0.1194812791314,0.3436471470089,0.5711617505873,0.4290597740063,0.2788712951328,0.2729296857959,0.1124752485442,0.2538390357977,0.2191667812241,0.1302823501903,-0.0674317095280,0.2243891665559,-0.0186884215668,-0.0264042803145,0.0844929176813,0.3375760667760,-0.1517550428229,0.3163801981715,-0.1030516444090,0.5749480732229,0.0591648877594,0.2419631411484,-0.1639381029111,0.0267905681810,-0.2389919770860,0.2429588442200,0.1559642171463,0.2549067461780,-0.0635289786641,-0.0905836033455,-0.0239958184259,-0.0203309727534,-0.2358077236998,-0.0467678474083,-0.0866715819605,-0.1616757780101,0.1911682430461,0.4549669702169,0.1243126910865,0.1938612015086,0.2512822257816,-0.1124316339483,-0.0359425527029,0.0771670165934,0.1527800549184,0.0390234551132,0.0450589900449
0.2076410568834,0.3274389297136,0.4486116810733,0.4149340086980,-0.0885767449627,0.4735636293793,0.4740543510991,0.2878920542262,1.0000000000000,0.2527108376842,0.1167406155852,0.5123074683784,0.0459233395293,0.3213103933393,0.5410087706031,0.3869926391541,0.0839536757395,0.3550706424049,0.5035751741458,0.3661051329160,-0.0214981370532,0.2457125535190,0.0934803633882,0.2711423719467,0.2293508036225,0.3172211792031,0.4333042305062,0.3708328012387,0.4924319741556,0.1771575412678,0.3880987863001,0.3939235761328,0.1078241431795,-0.0527185474477,0.3238085419081,-0.0705195719267,0.0305962874500,0.4613104234161,0.2885371530988,-0.0896077768957,0.4037522680906,0.1441627137349,0.0193495121098,0.5525018084666,0.1549648247917,0.0904026498454,0.4727364689195,-0.0520840517413,0.2921118976010,0.1693871514918,0.1691575901102,0.0291805861042,0.1525842988881,0.3300667386873,0.2032317361152,-0.0451744193577,0.2343886759226,0.0356106249234,0.1360305014272,0.1993354951299,0.1955621408249,0.3557801792397,0.3561605831989,0.4712489181588,-0.1123545252181,0.2904509112524,0.3420021500109,-0.1781723489100,0.0087076328750,0.2322281642760
0.3527919862207,0.2337122516427,0.4017908113880,0.4812614402391,0.0421877060502,0.1393763324371,0.1010562140882,0.3841686825955,0.2527108376842,1.0000000000000,0.0748126339733,0.3119482728002,0.1739619043173,0.3817026390296,0.3863138398467,0.4028348108130,0.2080536207123,0.3690604859878,0.3672743037913,0.3341453455327,0.1905953738546,0.2787058569357,0.3424147734532,0.2863129229471,0.4882373779888,0.3454919803966,0.2119318254919,0.4090108771409,0.3145646713460,0.1616738320390,0.1783714532254,0.3556699273508,0.1244558155224,0.2102106278426,0.3332123797476,0.1642079559519,0.0617810537590,0.3204096034537,0.3740356603298,0.0710365278392,0.2532969844468,-0.0856421119572,0.0941119795689,0.0020097035235,0.7297696390748,0.1394194244227,0.3825719619214,0.0616216561116,0.3649550015830,0.1427320447994,0.0973213691087,0.2201091713602,0.1675918147354,0.1318257307215,0.2887230577184,0.1625917292110,0.2943408162450,0.2508705126776,0.1632316631182,0.4597874290970,0.1803427518482,0.2292039118042,0.3351235324425,0.2226547059713,-0.0246070594408,-0.1010998988602,0.3373055172884,-0.1136234726608,0.2233562522552,0.2599153644160
0.0194180480961,0.1331077680867,-0.2034100409459,0.2391249780035,0.6440662613879,0.1181297522643,0.6853353249546,-0.0122899849605,0.1167406155852,0.0748126339733,1.0000000000000,0.1728896862528,0.7471652800002,0.1538966426319,0.0565177786912,0.4022275855695,0.0910847856904,-0.1820540520481,0.0666975535176,0.0441317786558,0.6461201414469,0.2646371034993,0.1328784536419,0.0441356862076,0.3118223190068,0.1513870671471,-0.0933355265180,-0.0748651191457,0.2351974377908,0.2248206815651,0.0955339804025,0.0902308300230,0.0680606737474,0.2655830732064,0.1146921461519,0.1666783061019,0.1839343901334,-0.1174229462218,0.1924953492179,0.5973267846770,0.1040242279911,0.5362768149697,0.0162914249702,0.0789406038102,0.0996818456524,0.8543352145346,0.0240875159044,0.7102188062106,0.2061905758443,-0.0030411313179,0.3944958686387,0.1015954035512,-0.0472252723557,-0.0677414560489,-0.0792921287686,0.6101882042262,0.1752720723840,0.1515624000763,0.2143870167971,0.1805451850884,0.0661587937101,-0.1577227037392,-0.0143672953066,0.2973367044844,0.1114417744323,0.0930321590020,0.0790503276163,0.1869717246391,0.1376534031004,0.0865888063231
0.3036866631982,0.4238041219682,0.2879510527638,0.5452390543531,-0.0202508475572,0.4386474759589,0.3436493583139,0.3133311619339,0.5123074683784,0.3119482728002,0.1728896862528,1.0000000000000,0.1247259701547,0.7339120535584,0.5955992567055,0.4900478052060,0.2308422472236,0.2924842068955,0.4809529901476,0.4265395897332,0.0736677206116,0.3027645732549,0.1441075000578,0.2930906810333,0.3364235145241,0.6006183658523,0.4923514506134,0.4393332939814,0.2039705415185,0.4859427843510,0.2072705486855,0.6399354008137,0.0640326866781,0.2208276944653,0.4564672592126,0.1986262401538,0.2540709894484,0.2776635262774,0.4662604581150,0.0122857094689,0.4912085969490,0.1442177616695,0.1367615827968,0.2936712913516,0.2465521798957,0.1689857673607,0.7221863839334,0.0305981872129,0.5661934002413,0.3894267076492,0.3733531951926,0.2547254188831,0.2487025162067,0.5928613770055,0.4109813804951,0.0550866110578,0.3434026705370,0.1468921294640,0.1473836262720,0.3235850954020,0.5202404350135,0.3567495792263,0.4644498303650,0.2194353652878,0.2202870678520,0.0671325120408,0.5690509912129,0.0517437142377,0.1413090389554,0.3610395584602
0.0106890357141,0.1634519256779,-0.1476399300009,0.2643021562057,0.8059818082582,-0.0809811107440,0.4791678093015,-0.1950652332942,0.0459233395293,0.1739619043173,0.7471652800002,0.1247259701547,1.0000000000000,-0.0243398598849,0.0174122848623,0.4344464269896,0.2708742825246,-0.1695473130602,0.1993628951661,0.1249597141360,0.8926908059801,0.3979262412471,0.3590962070015,0.1425239122885,0.4117729083415,0.0366096131284,-0.1058094247961,-0.0532290698636,0.2589492268235,0.2424420810709,0.1979055012158,-0.0039123861133,-0.0262580110406,0.4046079766276,0.1901716252049,0.2769086348273,0.2365014184160,-0.0131746960254,0.1628184668717,0.7997946544722,-0.0405852487311,0.3532792134285,-0.1556709928391,-0.0518669326120,0.2349395650906,0.7123399488599,0.1066679701691,0.9340603692722,0.1047419165875,-0.0252649098073,0.2898660901236,0.2838816874561,0.0328415668371,-0.0221201943500,0.0182629286432,0.8800008573653,0.3025076339264,0.3480038391927,0.3141228399415,0.3500979868125,-0.0427314762801,-0.0633627209900,0.0058577319930,0.2735721504372,0.1508578298303,0.1468636200587,0.0868217539897,0.0047580114082,0.2218648347803,0.1635561989430
0.1588506528860,0.2952746370938,0.1026131656452,0.4013179668262,-0.0560799857542,0.5248612511616,0.2255002529151,0.3379015999373,0.3213103933393,0.3817026390296,0.1538966426319,0.7339120535584,-0.0243398598849,1.0000000000000,0.4275376004355,0.3869634120852,0.1990278670758,0.0729856641129,0.1945235034188,0.1432620729950,-0.0281347936155,0.1641255761050,0.0924107670454,0.1559864774260,0.3794888290734,0.6418084546449,0.3072212604826,0.3176544863760,-0.0056486074032,0.3587545633607,-0.0084421533179,0.6633814192691,0.1172146716121,0.1496803491112,0.2324176229714,0.0426097360037,0.2029365584691,0.0624074296442,0.4071880169860,-0.0808351279420,0.4931406409799,0.2177824264168,0.2618690897154,0.2958101910495,0.2986095035955,0.0805127374634,0.5189470506185,-0.0695369797127,0.7503223699874,0.3055210722559,0.4148420070353,0.2531260492312,0.0560849450365,0.3805437242569,0.1969561791836,-0.0444661251373,0.1740360989843,0.1285591004592,0.0361438272497,0.2836708865904,0.5152904485983,0.1217460719646,0.3129700805749,0.0486015757957,0.1789935257542,-0.0312976916278,0.5608894365739,0.2029001947805,0.1316234010812,0.1820049314622
0.7781125550657,0.2284297167840,0.3315276732371,0.4113097159694,-0.1790625041240,0.3491276399110,0.2925939608486,0.3282724292426,0.5410087706031,0.3863138398467,0.0565177786912,0.5955992567055,0.0174122848623,0.4275376004355,1.0000000000000,0.3457195239967,0.1069459067021,0.4837460691672,0.6410433617680,0.6305590852031,-0.0230344929389,0.3187355338753,0.0871871990627,0.3439552390981,0.1686499640522,0.3187449958937,0.2854096225129,0.4958774937212,0.2594325982683,0.5273225691329,0.3229525742235,0.3496001982990,0.1354081348517,0.2131544474948,0.3762129597778,0.3717087315640,-0.0127251426189,0.3144288462370,0.2016551049928,-0.1863127561980,0.3423111725946,-0.0423257067993,-0.0140594467710,0.2597170756580,0.2041908401811,0.0828254432075,0.5756209040266,-0.1179973405130,0.4543345874468,0.6332723548744,0.1280166743124,0.1203658690544,0.3059178863798,0.6046450945767,0.3788197932473,-0.0608720693370,0.3431425182618,0.0180336932136,0.1560699615819,0.1755351872925,0.2506688604196,0.2288052231975,0.4540692237848,0.2185200407342,0.2934594640681,-0.0133302206912,0.3982360683261,0.0113249495036,0.1680387117657,0.2793129529329
0.1329500341164,0.3288755533628,0.1626941781540,0.5693365835561,0.1970947402048,0.3281303937948,0.5562104086475,0.3139466802045,0.3869926391541,0.4028348108130,0.4022275855695,0.4900478052060,0.4344464269896,0.3869634120852,0.3457195239967,1.0000000000000,0.1582666130498,0.0390996081493,0.2864242046749,0.2661862089303,0.3613435751510,0.3165562556519,0.3533211672514,0.2448056576892,0.4832586683388,0.4427534106002,0.1917808176480,0.2072202696786,0.3140339652015,0.3073667026534,0.2372780899959,0.2942295916136,0.0493648215075,0.2420032766255,0.4676520849513,0.1487085623006,0.2179084968551,0.2217889935833,0.4978528579541,0.2230110101175,0.2845845111676,0.2415101060702,0.1813182703261,0.1201151530290,0.4566231680996,0.3493725846161,0.4244995172947,0.3424579970099,0.4044847778700,0.2118656869059,0.5885199672320,0.1055634981177,0.0786318800546,0.1693815212017,0.2140585063157,0.3052077077373,0.2443542648109,0.3025049897023,0.0792356095983,0.4537534283186,0.3489689318082,0.1597500983784,0.2828301386596,0.2875990127758,0.0938446854425,0.0476585104668,0.2606837187762,0.0325279104637,0.1114249976339,0.3205975880398
0.1042889928038,0.4045082346709,0.2287216842270,0.2873380047360,0.2361284479717,0.0720456125092,-0.0592867502417,-0.0363344305719,0.0839536757395,0.2080536207123,0.0910847856904,0.2308422472236,0.2708742825246,0.1990278670758,0.1069459067021,0.1582666130498,1.0000000000000,0.1354411875460,0.3049511347326,0.2196654208813,0.3429266408123,0.6946346905470,0.5730223082860,0.6633805460740,0.3981365379740,0.2104527396064,0.2907294337015,0.4765423444707,0.2572451550723,0.1894683547192,0.2730618257490,0.2602106623637,0.0141985592098,0.3092624820015,0.1987026105257,0.1310469433802,0.3474572148111,0.2604298811398,0.2246053399220,0.3279215566204,0.1128694619260,-0.1480919853444,-0.2145648348916,-0.1295048956437,0.1365649377864,0.0652641349847,0.2449166274430,0.2116395917886,0.1870274920440,-0.1329603536593,0.0088157198785,0.9133243595169,0.2635476919717,0.0884001020165,0.1739865299743,0.3558067577342,0.5589890461421,0.5048526603277,0.6280326895497,0.5067728807749,0.0692076515081,0.2548593243466,0.4642560568515,0.3194903419647,-0.0145588147106,0.0810591643028,0.2937227508375,-0.1983152475431,0.3321404819204,0.2006654810545
0.5646540475844,0.3287169234280,0.6288436288527,0.3596607218417,-0.3460291325243,0.0159823547598,-0.0291692212225,0.3007185877633,0.3550706424049,0.3690604859878,-0.1820540520481,0.2924842068955,-0.1695473130602,0.0729856641129,0.4837460691672,0.0390996081493,0.1354411875460,1.0000000000000,0.4060641004397,0.6672788404113,-0.1464165834725,0.2113772241474,0.1176668893549,0.4004234751762,-0.0368281304432,0.2118143433276,0.5156895109905,0.5330242056617,0.3636831173578,0.2001783431134,0.3431664775336,0.3065831017558,0.1159929483445,0.0184474073714,0.4487390968035,0.1305712078401,0.0390229639670,0.4527778466735,0.2420714166056,-0.2794986401129,0.1900944129626,-0.2464123316150,-0.0350187520426,0.0410133538409,0.1033895075141,-0.1257730649582,0.3693878299988,-0.3014430960827,-0.0267500408773,0.0950364966240,-0.2172288060901,0.1215661531354,0.5800959594494,0.3435389970853,0.6153435489358,-0.1524508420747,0.3684414244214,0.0059873145405,0.2476743497233,-0.0118335397666,0.1165561201561,0.5278729913977,0.3962470781811,0.2715564817975,0.0294621145638,0.1436594075648,0.2446047528473,-0.1729799020228,0.2588241334822,0.3513532815493
0.4330113312699,0.4518811922926,0.4834771846680,0.5312187160214,-0.0515099730982,0.1517639128315,0.1399146400616,0.0336801177223,0.5035751741458,0.3672743037913,0.0666975535176,0.4809529901476,0.1993628951661,0.1945235034188,0.6410433617680,0.2864242046749,0.3049511347326,0.4060641004397,1.0000000000000,0.7262573951319,0.1935277784074,0.5805094895013,0.3709803779025,0.6130033927798,0.1204744599304,0.2033293659800,0.3969505455402,0.6774595085965,0.4580992586895,0.3122991937495,0.5268872598038,0.4434233734943,0.1069074960391,0.1614031564142,0.4932065698727,0.1179936083950,0.2162306057361,0.6636920327093,0.2270595558507,0.0600704683544,0.1845507482849,-0.3148022569553,-0.4587778682624,0.0411250622904,0.2777333304150,0.2201634124958,0.7454381069312,0.0326429376721,0.4048946450326,0.1479807322718,-0.1144515980134,0.2971496580770,0.4954709818142,0.5866396538073,0.5268714859496,0.2236505062491,0.5005785715264,0.2724268690424,0.4032329244572,0.3552056381878,0.0868971649894,0.5723114864743,0.7268047041739,0.4266896566645,-0.0752950801529,0.0138886419749,0.6395831913485,-0.4136757707995,0.1062820327420,0.4857059995790
0.6189313473972,0.4324287728285,0.4226124538522,0.5106832165301,-0.1255956886589,0.0862842946259,0.1314462583882,0.1885841200210,0.3661051329160,0.3341453455327,0.0441317786558,0.4265395897332,0.1249597141360,0.1432620729950,0.6305590852031,0.2661862089303,0.2196654208813,0.6672788404113,0.7262573951319,1.0000000000000,0.0969784719427,0.4751831867353,0.3012124909965,0.5405782863080,0.0356384027522,0.3590057301199,0.5061664635087,0.6210247666190,0.3933178506140,0.3655756321755,0.4837037088021,0.2270227009540,0.1189235173757,0.2528783757884,0.6135437481695,0.2105521145068,0.1911598200767,0.4195319593670,0.2907917047501,-0.0403311822970,0.2247547353669,-0.1785128607230,-0.1936109344638,0.0976602455106,0.1241951555480,0.0911045588394,0.4813706005643,-0.0155610338599,0.3372592403169,0.2172043108563,-0.0396812856203,0.2398035099789,0.5456655323394,0.4976451517018,0.6797941630840,0.0999574991773,0.4773864934869,0.2142028151269,0.3892446169528,0.1338518419197,0.2395260215462,0.5004935571613,0.5755001612035,0.3728023306418,0.0899168869953,0.1515310867683,0.3490755268278,-0.1243570150054,0.2528703296067,0.4874502164021
-0.0033415535220,0.2043429000856,-0.1295392540662,0.2460687504476,0.8178278485866,-0.0590364914596,0.3094186580391,-0.1459332567989,-0.0214981370532,0.1905953738546,0.6461201414469,0.0736677206116,0.8926908059801,-0.0281347936155,-0.0230344929389,0.3613435751510,0.3429266408123,-0.1464165834725,0.1935277784074,0.0969784719427,1.0000000000000,0.4331014593500,0.3641635526779,0.1958295343067,0.4068075224241,0.0524958993930,-0.0695607280111,-0.0237761978116,0.1994141293695,0.2028955699372,0.2202002243887,-0.0026219622064,0.0312611133567,0.3791328978207,0.1877520292541,0.2426417998975,0.2769917856518,-0.0227232930157,0.1891731145121,0.7840187954639,-0.0777693742430,0.1823256814902,-0.1614572481092,-0.1510200519430,0.2694682867395,0.6300747181581,0.0621000399333,0.8387343961202,0.1043149016318,-0.0847735256156,0.2149247026048,0.3541280040473,0.0577100217770,-0.0692166233257,-0.0165355052267,0.9303433023467,0.2904611455382,0.3649956823907,0.3145006660756,0.3719134057108,-0.0405709122284,-0.0577103625236,0.0346524615872,0.2054775296244,0.0877422715805,0.0785596110476,0.0758241763357,-0.0772139718911,0.2949473124403,0.1784466784307
0.2758387131715,0.5247982684552,0.3577951826807,0.5261471270277,0.2118520217040,0.0541005299016,0.1133950543950,0.0097816317755,0.2457125535190,0.2787058569357,0.2646371034993,0.3027645732549,0.3979262412471,0.1641255761050,0.3187355338753,0.3165562556519,0.6946346905470,0.2113772241474,0.5805094895013,0.4751831867353,0.4331014593500,1.0000000000000,0.6739423143059,0.8891298640139,0.3955491162881,0.2560832463757,0.3648859211737,0.5960782894524,0.5344271807076,0.3938971876191,0.6222902198003,0.2672310641349,0.0512932824599,0.4249273764172,0.5209236065802,0.2012535310869,0.3712366928858,0.4624543157360,0.3370374638913,0.3153706563490,0.1564356747471,-0.2024262673486,-0.3191411495535,-0.1479151324186,0.2124863794790,0.2212600211543,0.4250577816772,0.2519029706322,0.2939501850872,-0.0502765234324,0.0336893515271,0.6676796737897,0.5034682216104,0.2057477004420,0.3435117364599,0.4158825845951,0.7910089698879,0.5474101644436,0.7432523509731,0.5388101607049,0.1093672801085,0.4234010956935,0.6251213332613,0.5103222182939,0.0809872372414,0.2458760055059,0.4027750201237,-0.2574373244088,0.4281804914135,0.4910238573782
0.0804758642147,0.5237666125238,0.2201300755286,0.6146674954697,0.1878282544145,-0.0701181492557,0.0389177452910,-0.0082925354723,0.0934803633882,0.3424147734532,0.1328784536419,0.1441075000578,0.3590962070015,0.0924107670454,0.0871871990627,0.3533211672514,0.5730223082860,0.1176668893549,0.3709803779025,0.3012124909965,0.3641635526779,0.6739423143059,1.0000000000000,0.6191405372533,0.3865505543742,0.2370333297455,0.2370430210342,0.3736219015612,0.3113117294113,0.2273173885870,0.5595463087136,0.2153740690530,-0.0080348939454,0.5091776211192,0.5331406725270,0.1039273846146,0.5749258832069,0.3024402687790,0.4913510047533,0.3074454545952,0.0740244438008,-0.1467614191379,-0.2408901139961,-0.2224712585870,0.3208509144705,0.1593531196493,0.2970618726615,0.2495710484942,0.1804242624019,-0.1491249030447,0.0068089996741,0.5400642213541,0.3565182515752,0.0728408147930,0.2780434688932,0.3634739697331,0.5043928856115,0.8254783566917,0.5358884960410,0.5171506166345,0.1561038956167,0.3243300342747,0.4533771280789,0.3061663602567,0.0344116084744,0.2563793207469,0.3094909628288,-0.2905947446182,0.4075595335253,0.5399637070221
0.3229477219293,0.5725843081208,0.5832315705026,0.5314259608272,-0.0737772421162,0.0722532176449,-0.0663799412064,0.1194812791314,0.2711423719467,0.2863129229471,0.0441356862076,0.2930906810333,0.1425239122885,0.1559864774260,0.3439552390981,0.2448056576892,0.6633805460740,0.4004234751762,0.6130033927798,0.5405782863080,0.1958295343067,0.8891298640139,0.6191405372533,1.0000000000000,0.2714332653364,0.2906062006349,0.5187980285718,0.7857038857306,0.5820890652213,0.2715758162586,0.6607355697607,0.3453000727844,0.0259030247485,0.2148793242578,0.5205348113260,0.0573058691088,0.3389579670715,0.6370081620268,0.3179772779707,0.0879395638171,0.1771754270556,-0.4164443623180,-0.2855490232704,-0.1914374188275,0.1933376442686,0.0108724250924,0.4713376814737,-0.0275007828119,0.2458545322475,-0.1365252221131,-0.0893562747772,0.6357113879051,0.6076804722126,0.2401773341079,0.4450768498300,0.1873824153568,0.7512373650162,0.4611425555146,0.7246175586188,0.4938990550025,0.1590607037512,0.6142361905903,0.7871882382061,0.5320285086267,-0.1134161799210,0.2354971545448,0.4624532602141,-0.3897737864750,0.3117222673668,0.4707465678369
0.1172328702182,0.3170596031588,0.2503498687148,0.4167215447982,0.4470681489964,0.2310968451042,0.2331814733595,0.3436471470089,0.2293508036225,0.4882373779888,0.3118223190068,0.3364235145241,0.4117729083415,0.3794888290734,0.1686499640522,0.4832586683388,0.3981365379740,-0.0368281304432,0.1204744599304,0.0356384027522,0.4068075224241,0.3955491162881,0.3865505543742,0.2714332653364,1.0000000000000,0.4336176535205,0.3254483005060,0.2516596738173,0.3807055116923,0.2579566509445,0.1761457017667,0.2423058196018,0.0983553336529,0.2769043971236,0.2979437248731,0.3111205068191,0.2115280555687,0.1824894054723,0.4410908088948,0.4330553563150,0.2867629739084,0.1619631233434,0.3407754563406,0.0467502094290,0.4515507394389,0.1777675197963,0.2326458566180,0.3538493571436,0.2983694899781,0.1220199241075,0.4038869457356,0.3619319180135,-0.0243410537710,0.0063859327645,-0.0007135255900,0.3259442685521,0.2349787297184,0.3548587480689,0.1897769343245,0.8218665946995,0.3302436959512,0.1122233505805,0.2558531633476,0.2917622113261,0.0800066655203,0.0693596467841,0.2152456894086,0.0667516371780,0.2253284820970,0.1559922003569
0.1666885771452,0.5548533636312,0.3211367123802,0.6239732758580,-0.0209473126334,0.4180891667023,0.1882024136396,0.5711617505873,0.3172211792031,0.3454919803966,0.1513870671471,0.6006183658523,0.0366096131284,0.6418084546449,0.3187449958937,0.4427534106002,0.2104527396064,0.2118143433276,0.2033293659800,0.3590057301199,0.0524958993930,0.2560832463757,0.2370333297455,0.2906062006349,0.4336176535205,1.0000000000000,0.5950968474943,0.4433997402450,0.2113457313820,0.2963355488285,0.2143044058563,0.3780368898455,0.1878975739528,0.1779666629525,0.5286915227226,0.0721465863309,0.3707341345456,0.1111429602104,0.6677901582479,0.0360239825466,0.4269114332038,0.1028459272923,0.3784218205294,0.1448848650562,0.2718034929768,0.0412476817300,0.2988999383565,-0.0044058900745,0.5976095127302,0.1626759233962,0.3983431640202,0.2719851970264,0.1541380730994,0.1949410055118,0.2471407144886,0.0202349018672,0.1835722920127,0.2210819727372,0.0839696400165,0.3229716486792,0.8357642155560,0.3424319055918,0.4061118494688,0.2580118279578,0.0192346474451,0.0919364252516,0.2810278097973,0.1402853288402,0.2143468757116,0.3927807099350
0.1881340123186,0.5690431296360,0.6681191411316,0.4938991547908,-0.1605773974749,0.2155125133638,-0.0227761273571,0.4290597740063,0.4333042305062,0.2119318254919,-0.0933355265180,0.4923514506134,-0.1058094247961,0.3072212604826,0.2854096225129,0.1917808176480,0.2907294337015,0.5156895109905,0.3969505455402,0.5061664635087,-0.0695607280111,0.3648859211737,0.2370430210342,0.5187980285718,0.3254483005060,0.5950968474943,1.0000000000000,0.6896321155401,0.4406350227440,0.1940048006597,0.3890249869449,0.4648580937743,0.1158416036374,-0.0295621081524,0.5109534802785,-0.0098131062761,0.2921277811574,0.4444173272130,0.4468066407172,-0.0643620003364,0.3662654847619,-0.2129455933842,0.1631426300522,0.0732881255850,0.1016308933161,-0.1795059967322,0.3604319316056,-0.1876283290709,0.2123466731175,-0.0638249922701,0.0997138822790,0.2993748277957,0.3823618808144,0.2968634707943,0.4227966083916,-0.0845121816793,0.2711157946243,0.1660058346010,0.2350000050608,0.3473491407027,0.4753499340372,0.7269860472469,0.6164670728586,0.3435765971329,-0.1512486403977,0.1478551297407,0.4036576920437,-0.1564504994576,0.0922655299467,0.3542406603275
0.4326820543781,0.5472227582844,0.7822589723192,0.5191380124476,-0.2384172545560,0.2093778075216,-0.0525628867958,0.2788712951328,0.3708328012387,0.4090108771409,-0.0748651191457,0.4393332939814,-0.0532290698636,0.3176544863760,0.4958774937212,0.2072202696786,0.4765423444707,0.5330242056617,0.6774595085965,0.6210247666190,-0.0237761978116,0.5960782894524,0.3736219015612,0.7857038857306,0.2516596738173,0.4433997402450,0.6896321155401,1.0000000000000,0.5192061857042,0.2412404105864,0.4949381117719,0.4726416908295,0.1125223143179,0.0210067662338,0.4557188407932,0.0674409563127,0.2074079618950,0.7185130751610,0.3076612595029,-0.0768917693734,0.3119011584303,-0.3921374227839,-0.1430265597687,-0.0667912019212,0.2562879603901,-0.0614625609885,0.5624076346915,-0.2018253128401,0.3523370160832,-0.0162131638767,-0.0349991364231,0.4690573144096,0.5484679695606,0.3879188460442,0.5230614840396,-0.0063894191315,0.5721642293689,0.2482487744208,0.4915980663579,0.4301390368605,0.2744206622264,0.7325627865778,0.9114209531288,0.4547910461087,-0.1869863115923,0.0778199075091,0.5513977597268,-0.3330273743319,0.1617070943093,0.3547286493319
0.2328625827004,0.3629394694870,0.5887122850803,0.4101377461714,0.0822640640648,0.0768588264506,0.2246340041943,0.2729296857959,0.4924319741556,0.3145646713460,0.2351974377908,0.2039705415185,0.2589492268235,-0.0056486074032,0.2594325982683,0.3140339652015,0.2572451550723,0.3636831173578,0.4580992586895,0.3933178506140,0.1994141293695,0.5344271807076,0.3113117294113,0.5820890652213,0.3807055116923,0.2113457313820,0.4406350227440,0.5192061857042,1.0000000000000,0.1221964731393,0.5546753640606,0.1985358351760,0.0911237927073,-0.0251674511780,0.4109242837277,-0.0514932837624,0.0719405281950,0.5987545854644,0.2742187157667,0.2108679839093,0.2084777308088,-0.1357478389389,0.0090703836705,0.0306421357585,0.1946739530614,0.1504442454433,0.3246700037293,0.0943470154235,0.0814209936585,-0.1624215851703,0.0193843185913,0.2185205746982,0.3228552817855,0.0513115772165,0.2107133258957,0.1588824312696,0.4946872784625,0.1954481040428,0.4834286723683,0.4230026117556,0.0675754928858,0.4918790935604,0.4648193293659,0.8569163073740,-0.2154909688296,0.3861158531560,0.2893987441665,-0.2329138178246,0.1381880898929,0.2805710968510
0.4997562785724,0.3622944187351,0.0460646642019,0.4345425519811,0.0764050299908,0.2168185493021,0.2868641792050,0.1124752485442,0.1771575412678,0.1616738320390,0.2248206815651,0.4859427843510,0.2424420810709,0.3587545633607,0.5273225691329,0.3073667026534,0.1894683547192,0.2001783431134,0.3122991937495,0.3655756321755,0.2028955699372,0.3938971876191,0.2273173885870,0.2715758162586,0.2579566509445,0.2963355488285,0.1940048006597,0.2412404105864,0.1221964731393,1.0000000000000,0.3379271516348,0.1943827036972,0.0789809322558,0.4870268511340,0.4022680234509,0.5137572263095,0.2904708004596,0.0248677055710,0.3455108536353,0.0700821535069,0.1107294795553,0.0492185262029,-0.0264945803882,-0.1268714179368,0.0532186605930,0.2033213387184,0.4210085361168,0.1626083357913,0.3369328050464,0.3490990406661,0.2540559197210,0.1789948319352,0.2998330982415,0.3261868856201,0.2444206709013,0.1692109150955,0.3324816731335,0.1618102303523,0.1912758977094,0.2083968501055,0.2707135802819,0.1255071878243,0.2397716870905,0.1607997117187,0.7432688261122,0.0798372563537,0.2348531355794,0.1916667784567,0.4512622657434,0.3347443944290
0.2915516194055,0.5523679886027,0.4564636379180,0.5455414836069,-0.0123566383743,0.0253598082451,0.1011789041081,0.2538390357977,0.3880987863001,0.1783714532254,0.0955339804025,0.2072705486855,0.1979055012158,-0.0084421533179,0.3229525742235,0.2372780899959,0.2730618257490,0.3431664775336,0.5268872598038,0.4837037088021,0.2202002243887,0.6222902198003,0.5595463087136,0.6607355697607,0.1761457017667,0.2143044058563,0.3890249869449,0.4949381117719,0.5546753640606,0.3379271516348,1.0000000000000,0.1467746310950,-0.0374970244711,0.2339232131981,0.5476031876983,0.0602930650918,0.3061739708056,0.4738556664082,0.3076240329043,0.0879425922030,0.0912438531687,-0.3288528435181,-0.1977295647005,-0.1379680133359,0.1141256994013,0.0624614026916,0.3316148118868,0.0318520102570,0.1534190963520,-0.1070141002437,-0.1143495692966,0.2065268856358,0.5078013255774,0.1695860222288,0.2905236883902,0.1629581284706,0.4482927009406,0.3533473806918,0.3950570674540,0.3243204659807,0.1340540276962,0.4792625560857,0.5143832574063,0.5207246079826,-0.0570925684294,0.4695259728274,0.2759722914225,-0.3523767661067,0.2995519060316,0.4994362005432
0.1398109475865,0.3466319602231,0.3836237672878,0.4351417961089,-0.0828786873811,0.3402214625239,0.0954417267273,0.2191667812241,0.3939235761328,0.3556699273508,0.0902308300230,0.6399354008137,-0.0039123861133,0.6633814192691,0.3496001982990,0.2942295916136,0.2602106623637,0.3065831017558,0.4434233734943,0.2270227009540,-0.0026219622064,0.2672310641349,0.2153740690530,0.3453000727844,0.2423058196018,0.3780368898455,0.4648580937743,0.4726416908295,0.1985358351760,0.1943827036972,0.1467746310950,1.0000000000000,0.0834868363574,0.0405980865204,0.2919385894282,-0.0272066304722,0.1724111565093,0.3864956597875,0.3333828159699,-0.0047930286487,0.4186211604665,-0.0745216376347,-0.0352741672915,0.1184841311871,0.2708303783704,0.1124058308738,0.6689690512910,-0.0899751570057,0.3869686035643,0.0066563333204,0.0570764373055,0.2491508690833,0.2293514558629,0.4550863450332,0.3584299793842,0.0292168948955,0.3136036709013,0.1625318341126,0.1724494694876,0.3243269697031,0.2828014687546,0.4450983164270,0.5071881933568,0.1949088986015,-0.0464764400266,-0.0124575105860,0.8583987198309,-0.2259583405169,0.0314947109847,0.2975266009117
0.0626296628667,0.1698530306341,0.0088130925370,0.2244272741753,-0.0760715308195,0.2684522082717,-0.0083815799926,0.1302823501903,0.1078241431795,0.1244558155224,0.0680606737474,0.0640326866781,-0.0262580110406,0.1172146716121,0.1354081348517,0.0493648215075,0.0141985592098,0.1159929483445,0.1069074960391,0.1189235173757,0.0312611133567,0.0512932824599,-0.0080348939454,0.0259030247485,0.0983553336529,0.1878975739528,0.1158416036374,0.1125223143179,0.0911237927073,0.0789809322558,-0.0374970244711,0.0834868363574,1.0000000000000,-0.0152843597453,0.2423712449923,0.0439401598755,0.1047938773888,0.0424132763953,0.3209238625686,-0.0859551833907,0.0306818413305,0.0826228295924,0.0657615152741,0.1013040777128,0.0430426885583,0.1331414501939,0.0093582880946,-0.0374512565752,0.1275151948051,0.0318625423721,0.0562001155252,0.0660161129467,0.0921698759245,0.0247746239735,0.0024619316741,0.0030135330059,0.0513431693854,0.0003508642969,0.0213672408316,0.0669157367348,0.1644532483912,0.0653118783715,0.1016203419269,0.1497381358695,0.0224004396097,-0.0544212745042,0.0241785660334,0.2933253289104,0.1998795301910,0.2321009941216
0.2919478302290,0.1915945332147,-0.1474808448614,0.3773755586125,0.3412420456059,-0.0130006479714,0.1772721224898,-0.0674317095280,-0.0527185474477,0.2102106278426,0.2655830732064,0.2208276944653,0.4046079766276,0.1496803491112,0.2131544474948,0.2420032766255,0.3092624820015,0.0184474073714,0.1614031564142,0.2528783757884,0.3791328978207,0.4249273764172,0.5091776211192,0.2148793242578,0.2769043971236,0.1779666629525,-0.0295621081524,0.0210067662338,-0.0251674511780,0.4870268511340,0.2339232131981,0.0405980865204,-0.0152843597453,1.0000000000000,0.3798964259391,0.4311567804624,0.3175233251025,-0.0993421988387,0.2886738632890,0.3268329361044,0.0720312044285,0.1359712380398,-0.1590042614280,-0.0426756383468,0.1225587026146,0.2212325617929,0.1243629691881,0.3699118999051,0.1920110192905,0.1938559130634,0.0537048898275,0.3081635248862,0.0934284285502,0.0374913762953,0.1397564940317,0.3695348451929,0.3118822097691,0.4525508610980,0.2778783269710,0.2049056965794,0.1359666714744,-0.0938312458220,0.0473075855694,0.0238010763246,0.4988592731881,0.0774178062497,0.0699888794066,0.0426865611220,0.5916925183023,0.3791009161049
0.3168777268426,0.6468356233507,0.3785276694178,0.7738774060628,-0.0897737096060,0.1194218739347,0.1787222700703,0.2243891665559,0.3238085419081,0.3332123797476,0.1146921461519,0.4564672592126,0.1901716252049,0.2324176229714,0.3762129597778,0.4676520849513,0.1987026105257,0.4487390968035,0.4932065698727,0.6135437481695,0.1877520292541,0.5209236065802,0.5331406725270,0.5205348113260,0.2979437248731,0.5286915227226,0.5109534802785,0.4557188407932,0.4109242837277,0.4022680234509,0.5476031876983,0.2919385894282,0.2423712449923,0.3798964259391,1.0000000000000,0.1650358780060,0.4908284467998,0.4106357747666,0.7241825592221,0.0002878869470,0.2834610703539,-0.0813852736354,-0.0276711824967,-0.0191438895335,0.2776547783577,0.1122290968552,0.4934336682515,0.0231819379268,0.2579809459870,0.0589087860332,0.1417911019415,0.2005509713790,0.5550509935351,0.3370330176895,0.5512502959328,0.1321338936742,0.4619222371135,0.4298743380540,0.2787465559184,0.3707848267562,0.5178900734849,0.5418786239546,0.5006173046765,0.3473552840890,0.1363714807676,0.3231193615374,0.3134402958930,-0.1375627779545,0.3933430349586,0.8835725845642
