1.0000000000000,0.3200286086534,0.3497127663716,0.5592785927603,0.6353500979790,-0.1367267732710,0.3025646965540,0.6400369478832,0.2557080086575,0.4069602312448,0.4433179610515,0.3921523492385,0.3666865039559,0.3288369398755,0.5462857262917,0.0974924408075,0.5859874547827,0.6346467358287,0.2972467436226,0.5302088437535,0.6263992617303,0.6641923677812,0.4042318030667,0.6946702912273,0.6071862958307,0.5439005929309,0.6156902655542,0.2263493777172,0.6446252179098,0.7196926665763,0.6807189703087,0.1803445900815,-0.0965787866078,0.5031487760893,0.5594576735207,0.2210950639974,0.0613523466037,-0.3239241419308,0.2766381781524,0.5056930544738,0.1445105043417,0.0103245680585,0.2334365328979,-0.1452384381389,0.3568600066427,-0.0173916661521,-0.1338986889238,0.4288596395044,-0.4489830571439,-0.3900260086612,0.0550403911380,0.4656108643606,0.0937962794379,-0.3123816239881,-0.3554820334582,0.5245703612958,0.2797920476361,0.4084702709669,0.2511269423910,0.4891247909087,0.0339564356054,-0.4232014967404,-0.0153942615573,0.3967714115514,-0.1404945618902,0.2365961014987,-0.0957490567004,0.1843864548425,0.1148524724050,0.2083951506762
0.3200286086534,1.0000000000000,0.2568021737111,0.7704462020170,0.2646986869830,-0.3561791560648,-0.1806139945121,0.1039418237647,-0.2785554294570,0.4151738419519,-0.1715834159443,0.2800110066517,0.2055956261299,0.4723343457448,0.0719728691648,-0.0135432669446,0.2853341398787,0.8007992162186,0.3590019292358,0.7936692744344,0.5271636842170,0.4147844664394,0.7461934203788,0.4712342052110,0.3681239759590,0.7276183160605,0.2362770765283,0.1424688196357,0.2597197452835,0.3133412707013,0.5726989132136,-0.3835223771812,0.0646712965159,0.1699148479056,0.6654386827946,0.0865371624482,0.7949782841812,0.0137144096268,0.8337648195869,0.2738397895220,-0.3557064122380,-0.5589318449297,0.2342083714217,-0.6246593905707,0.4175974582506,-0.2589144249442,0.1953722327368,0.2047749941323,0.1236566008596,-0.3531576201118,-0.2034576990015,0.2516158620273,0.7479903739464,0.3552689306808,0.5190371773625,0.5360526413525,0.5122287171896,0.7096657598390,0.7088844562542,0.2875999666006,0.6868141687614,-0.1338951017197,0.0424400150757,0.2794244771692,0.2283193975420,0.4806841622114,0.0856688328544,-0.0222148422438,0.2671629084603,0.6119201194230
0.3497127663716,0.2568021737111,1.0000000000000,0.3693376442579,0.1351414651632,0.2572432644969,0.3742408819448,0.2673896793990,0.3881409129714,0.2857539402506,0.2809669922394,0.6096367226628,0.3266726849553,0.5288684761497,0.4678034516364,0.4899880375327,0.2027411749324,0.4304976776191,0.5897722607893,0.4390112080108,0.1871324065624,0.5058476339148,0.0272685978485,0.6764474019296,0.2391870884090,0.5337790264929,0.7181746179725,0.8498203277535,0.1337799397842,0.4342388760029,0.3513467928547,-0.3025703943330,0.3234349117700,0.3204731814523,0.4690570438762,-0.1468189502735,0.0017079579487,0.2888902100094,0.3036150753736,0.0317247034143,0.2758986894453,0.1799724319367,-0.2183125438014,0.2290416877593,0.1543277668099,0.0842921813184,0.4864320601270,0.1308990902185,0.2785025287949,0.2075049016547,0.4226551448346,0.2872170534966,0.0149417054742,0.1921150283081,-0.1240828890779,0.0845319225479,-0.0555496878899,-0.0556506592065,0.0473168759297,0.0400738108446,0.2803662775047,-0.0626224206309,0.6677001402439,-0.0249446954058,-0.0777883413010,-0.1814265102985,-0.1692317345729,-0.0266844912619,0.1761072227294,0.2737574577112
0.5592785927603,0.7704462020170,0.3693376442579,1.0000000000000,0.4093663329560,-0.3082271615838,0.0536120114317,0.4120272373840,-0.0233903031112,0.5852219505138,0.0401625278717,0.4841839494331,0.3085817837907,0.5390364187022,0.3368748919505,0.0798169315803,0.3334207059596,0.7960315920041,0.4520107463885,0.7981510969906,0.6297255999405,0.4680360274827,0.7054354318651,0.5440878628621,0.6001893053673,0.8124784783204,0.4661167270581,0.2291732441037,0.4391494842620,0.5793105001659,0.6645818415782,-0.1224734878666,0.0422117226938,0.4497160008959,0.7400783138383,0.1252777833722,0.5681938803502,-0.0565228655356,0.8718332412837,0.3115413795786,-0.1688578534385,-0.3249750291192,0.2851902356637,-0.4598988133129,0.5714230833404,-0.1915262125559,0.1457203438265,0.3461046387670,-0.0616265873713,-0.2881065295229,-0.0913411226787,0.2644860683877,0.4900255024631,0.1591327545397,0.2005625565188,0.6020388413386,0.3443544779294,0.6634115664782,0.4804070528780,0.5075161484668,0.5293012025440,-0.2330166854893,0.0924023320972,0.3740251375584,0.1595603155612,0.3331805060401,0.0358327827795,0.1625368087164,0.3343035724199,0.5900109558576
0.6353500979790,0.2646986869830,0.1351414651632,0.4093663329560,1.0000000000000,-0.3534571442337,0.1237230053327,0.6806531007585,-0.0638839037677,0.5230826337014,0.3871738319799,0.2207054753436,0.5703005076581,0.1496020340506,0.2824630592020,0.1299711315211,0.3685479651613,0.4179779270998,0.0751606248466,0.3669908055047,0.7165442533978,0.5318558791422,0.4272647376378,0.4759183719737,0.6487685498106,0.2774471686772,0.2782275014542,0.0086774649616,0.7350820035492,0.5277789235637,0.5142635557368,0.2852474789323,-0.2371113396392,0.3693419266481,0.4361833526188,0.2091270686795,0.1727522452456,-0.3836214842289,0.2263434482487,0.8815098902730,-0.1714372789080,-0.1202279044398,0.4665101769265,-0.2530506468254,0.4835135664530,0.2180346626261,-0.2040798201159,0.6893412108102,-0.3952280735898,-0.3111827010768,0.0384882727930,0.1951145408174,0.0876535714886,-0.2874663089485,-0.2588825188266,0.6402820581192,0.2711675679822,0.4082658631100,0.1715935626472,0.5547832334569,0.0214972990695,-0.4721983107962,-0.1861396455749,0.6243847798748,-0.0158073683084,0.1883266308689,0.1744158857541,0.0041752957077,0.1313264335306,0.1097437638075
-0.1367267732710,-0.3561791560648,0.2572432644969,-0.3082271615838,-0.3534571442337,1.0000000000000,0.5144327841809,-0.2192302952356,0.6467206424126,-0.2089880773642,0.3095603011113,0.0900157296291,0.0226862441162,0.0462650600137,0.4112333267958,0.5128046585001,-0.0774872220186,-0.2086633373325,0.2670245596385,-0.2310021055551,-0.4667725031057,-0.0781424740468,-0.4227118105776,-0.0311298226709,-0.2412540490136,-0.1026752009355,0.3441612823677,0.4194014306805,-0.3471246522472,-0.0586424130467,-0.1374743159067,-0.0892022997993,0.5002031217210,-0.0012006949547,-0.1839032549043,-0.1845419652040,-0.5973041201278,0.2722943553416,-0.2993909012031,-0.3346433146539,0.7675892596597,0.6363060567460,-0.4314350358246,0.7488662797302,-0.3042361962747,0.3183649838992,0.0781085549525,-0.3417958021730,0.1630446825010,0.5095076854293,0.4674522597568,0.0865332674056,-0.4051507188520,-0.1384104447414,-0.3255147779174,-0.4355882550698,-0.3076651325340,-0.4811006236697,-0.2977581876615,-0.2573825134004,-0.2072533001495,0.4185315717180,0.4815685848796,-0.3376032960121,-0.2851172821381,-0.3463444806580,-0.2406938271220,0.2664106638992,-0.1555392426168,-0.0282684354521
0.3025646965540,-0.1806139945121,0.3742408819448,0.0536120114317,0.1237230053327,0.5144327841809,1.0000000000000,0.1161870133645,0.7680681700533,0.1335949188269,0.7728171037660,0.4906382341742,0.6062277638519,0.3493755842049,0.6913120096092,0.7223842937183,-0.0205308131260,0.0530801393304,0.5075949828140,0.1215767949974,0.0810902772529,0.2099890667736,-0.3109709304120,0.2438551844083,0.0056781737758,0.1691382810986,0.4825667818301,0.4533933464534,0.0018222368665,0.4614983418919,0.0557527814327,0.0546181287972,0.3788138118855,0.2790860360095,0.2095127224763,-0.2400148911668,-0.4873074861753,0.0145580651884,-0.0670602371420,0.0220973386164,0.6368854796065,0.7628214550013,-0.4134819792655,0.6147771475881,-0.0118101106540,0.5327736235724,0.1921493741496,0.3804568215416,-0.0414386516855,0.2558328283224,0.7213353395853,0.0334858221228,-0.3949185107430,-0.1043927624348,-0.5457777894114,-0.0321230558511,-0.2666379759148,-0.3526992641519,-0.2803231884942,-0.1930169977638,-0.2371467665172,-0.1980926343292,0.3881259375665,-0.2091668661347,-0.3731654024140,-0.3209944448731,-0.2402101833382,0.1739751196798,-0.0553117647716,0.0508597564593
0.6400369478832,0.1039418237647,0.2673896793990,0.4120272373840,0.6806531007585,-0.2192302952356,0.1161870133645,1.0000000000000,0.0570538914467,0.5762697005920,0.1820210762031,0.2228357032091,0.3107104617696,0.0382530550478,0.2640117951143,0.1833494254917,0.3074953403351,0.3539257373271,0.0376661095241,0.1944953594822,0.4430968913711,0.4704039011870,0.3566490321498,0.4525691835034,0.7323599596634,0.2279064442604,0.4303231160826,0.0481336484690,0.8043847732124,0.4767556232815,0.5783853151021,0.4186369912992,-0.0965558544805,0.4097097387919,0.2564962588490,0.1409972295726,0.0540243949274,-0.4285515038937,0.1325133629910,0.6176575713782,-0.1041736202083,-0.0727376442298,0.5757617812327,-0.2125006564844,0.4382562617453,-0.0272833936831,-0.3004436239827,0.4059489680515,-0.4595115829653,-0.3450288677149,-0.0619640376330,0.1878992003459,-0.0883603242385,-0.5591069074204,-0.4723739734256,0.3322018782989,-0.0036659337479,0.2984474641035,-0.1075572179844,0.6984870947822,-0.1413613749700,-0.3914407631198,-0.1773174537563,0.6943293579186,-0.0217945874963,0.0395602601356,0.2024863404233,0.2120251496581,-0.0632683044952,-0.1183144929056
0.2557080086575,-0.2785554294570,0.3881409129714,-0.0233903031112,-0.0638839037677,0.6467206424126,0.7680681700533,0.0570538914467,1.0000000000000,0.0105706780654,0.6353525800859,0.4049126512233,0.2616346004346,0.2848690810258,0.7340924202776,0.5128621113859,0.0072605795500,-0.0430210958279,0.3887536549920,-0.0201653448471,-0.0792614586901,0.0916269932699,-0.3622419541245,0.1503078470183,-0.0078339058162,0.1332141143023,0.4751165676630,0.4538266306379,-0.1142995909516,0.3002830665901,0.0171894041563,0.0807385236366,0.2867479875186,0.2230493830546,0.0149655179867,-0.1955884083454,-0.5521935766922,0.1354881904857,-0.1433660949071,-0.1979579761468,0.7145264935510,0.7659162249761,-0.4287455223047,0.7015335820970,-0.1257657968900,0.3652518815641,0.1570777778816,0.0898845063597,0.0051151306054,0.3478457610562,0.5537430137639,0.1000517019074,-0.4846660964183,-0.1767822281759,-0.5478280040532,-0.1098128570604,-0.3329400750705,-0.3914433992069,-0.3256606162917,-0.1970164644213,-0.2047708920740,0.0063451536087,0.4046380393589,-0.2667220365619,-0.3845970571128,-0.3603538378943,-0.2293971784814,0.2239170425798,-0.0981172477268,-0.0537242453984
0.4069602312448,0.4151738419519,0.2857539402506,0.5852219505138,0.5230826337014,-0.2089880773642,0.1335949188269,0.5762697005920,0.0105706780654,1.0000000000000,0.0838474620809,0.3011464171853,0.4326452517749,0.4165290877722,0.3226760050866,0.2654109018296,0.1082948686563,0.4571308991595,0.3136607335775,0.4431864645353,0.5064821998766,0.2791629616565,0.5064254570216,0.3021417854334,0.7357374563937,0.5096614473361,0.3540836145488,0.1746874061720,0.4387490149418,0.4066801830471,0.3782896750681,0.0948985978077,0.1131039162421,0.3649685839569,0.4237297257692,-0.1024774133469,0.2859827125619,-0.1369204522092,0.4568805549307,0.4366787367006,-0.1534949583410,-0.1674041178623,0.3490179207445,-0.3057824830677,0.7814471945134,-0.0350635487166,0.0287016256726,0.4580734332914,-0.0361155389237,-0.1968410772744,0.0397007334879,0.0612581062654,0.1220840782700,-0.1101021648445,-0.1098351982618,0.5019369254840,0.1231716096855,0.3895504461857,0.1139394589599,0.5766931950662,0.2454214228802,-0.2515759514819,0.0082334057554,0.4428347397290,0.0437695678499,0.0196927352112,0.2348567214141,0.2058981078032,0.0911302946333,0.1992625793272
0.4433179610515,-0.1715834159443,0.2809669922394,0.0401625278717,0.3871738319799,0.3095603011113,0.7728171037660,0.1820210762031,0.6353525800859,0.0838474620809,1.0000000000000,0.3381932756330,0.5899862440699,0.2447227736520,0.6239103390039,0.4610755319782,0.1941055375608,0.0721530728704,0.2833695985506,0.1122583540399,0.2984919632937,0.3245365900571,-0.2159072242460,0.3145701263933,0.1117792806482,0.1390249870098,0.4354834717988,0.3447003496791,0.1698106353787,0.4924570686070,0.1292153291539,0.1369064389024,0.0244528371774,0.2890854231025,0.2073632657515,-0.0353310242445,-0.4313247262333,-0.0318573645427,-0.1043429450190,0.2710245113833,0.5027376953974,0.5984978663652,-0.2636224519634,0.5004450176224,0.0239911852514,0.6791112139699,0.0435909880811,0.5154661150548,-0.2142657880355,0.1014548849471,0.5665738744420,0.1803617794871,-0.3557014689313,-0.2007383143446,-0.5617128970537,0.2036305348457,-0.1227231808392,-0.2231402258493,-0.1870692940686,-0.0752709123347,-0.2173146001404,-0.2562411918690,0.2646807043883,-0.0550908272572,-0.3914146642819,-0.1839421283987,-0.3026094980161,-0.0316605472272,-0.0107387110930,0.0040400501227
0.3921523492385,0.2800110066517,0.6096367226628,0.4841839494331,0.2207054753436,0.0900157296291,0.4906382341742,0.2228357032091,0.4049126512233,0.3011464171853,0.3381932756330,1.0000000000000,0.4384538378509,0.6816268288555,0.5103977162649,0.4805848137375,0.0123127090505,0.4222191405272,0.7985379062173,0.5906279300963,0.3445032790895,0.3267177868126,0.0370929326930,0.4477347695746,0.1936793638279,0.6087926075141,0.6072569162751,0.5747029049658,0.1275113610036,0.5749702437763,0.2758659141395,-0.2545547890566,0.1834728553439,0.4355212632073,0.6336290521970,-0.0870003059133,0.0226330767440,0.1191641695216,0.3998649399393,0.0996572714987,0.2034196773784,0.1915115193082,-0.2305437996097,0.0958195668141,0.2261639609776,0.0903841485132,0.6589393883125,0.3842918135102,0.2734955218719,0.0850617861166,0.3898901797271,0.0223221398728,0.0148943463590,0.3675428069823,-0.0960116416964,0.2713900188274,-0.1074378458773,-0.0104571612180,0.0256615538678,0.0115480892789,0.3367105472049,-0.1842507968460,0.4576950279646,-0.0595007580782,-0.0149382789962,-0.1906011261171,-0.0673462959396,-0.0970187321617,0.3976259167104,0.4847078659704
0.3666865039559,0.2055956261299,0.3266726849553,0.3085817837907,0.5703005076581,0.0226862441162,0.6062277638519,0.3107104617696,0.2616346004346,0.4326452517749,0.5899862440699,0.4384538378509,1.0000000000000,0.3848034238562,0.5054721327662,0.6381457368915,0.0914243937535,0.3053501938881,0.4793437432802,0.3888539355454,0.5972228698278,0.4381044542859,0.0644020766046,0.3873148712490,0.2265514897283,0.2948160630621,0.3122919103359,0.2640557398890,0.3259971078540,0.5797582294529,0.2936815736939,0.1033606242004,0.1316078359494,0.3749639305876,0.4639699090040,-0.0845234569363,-0.0395403966058,-0.1699798887258,0.2411935721677,0.4522376173374,0.0690323910982,0.2996857546357,-0.0783209851523,0.1198186106323,0.2945727849085,0.4755864431526,0.1404287962014,0.7856509069414,-0.0804079267670,0.0753788787619,0.5603964679577,0.0359226530373,-0.0485908457658,0.0273283939789,-0.2529157364236,0.4363972840331,0.0612255888497,-0.0169702540487,0.0048688319064,0.0483839044327,0.0042001534902,-0.4661147567434,0.1129566426839,0.1983049326110,-0.0410534914228,-0.0808221411160,0.0194502522884,-0.0917007260192,0.1531148196997,0.2351603702020
0.3288369398755,0.4723343457448,0.5288684761497,0.5390364187022,0.1496020340506,0.0462650600137,0.3493755842049,0.0382530550478,0.2848690810258,0.4165290877722,0.2447227736520,0.6816268288555,0.3848034238562,1.0000000000000,0.5747425390938,0.3219827293031,0.1154897419426,0.5290848767957,0.7668877601131,0.6422534928170,0.4173322799254,0.3278319291968,0.2295642554211,0.4198912993817,0.2424831597867,0.7757009850671,0.5043080195697,0.5269077046161,0.0318143213669,0.5077239065400,0.2727055438935,-0.4459505293666,0.3070473896514,0.2622555403134,0.5506145728581,-0.1959796980190,0.1692636597292,0.2217836957379,0.5124038155748,0.0138784121645,0.1545040603761,0.0087650632655,-0.2425041911302,-0.0472317071223,0.3670406960686,0.0314306303055,0.6525604770099,0.2596915371645,0.4514899184099,0.0969262802766,0.3291692483435,0.1495727347217,0.1970290196728,0.5108233423163,0.1265192622081,0.3503892909481,0.1549738784777,0.1754110660087,0.3059777865306,0.0118819673221,0.5052621792138,-0.1249528900881,0.4323505317685,-0.0621279861486,-0.0234792951859,-0.0283273997425,0.0765557087346,0.0680947209888,0.1688671218618,0.4997408485363
0.5462857262917,0.0719728691648,0.4678034516364,0.3368748919505,0.2824630592020,0.4112333267958,0.6913120096092,0.2640117951143,0.7340924202776,0.3226760050866,0.6239103390039,0.5103977162649,0.5054721327662,0.5747425390938,1.0000000000000,0.5639333047709,0.1958535198394,0.3263335746724,0.6270045578439,0.3584871182704,0.2940069326414,0.3613888501252,0.0071659536632,0.4157933123978,0.3146987158215,0.4900537025748,0.5890861917162,0.5120137891582,0.1230471044408,0.6635090929930,0.3282861933895,0.1381916674088,0.3131678307418,0.4467046574522,0.3946717603653,-0.1634928399189,-0.2763084808943,0.0518481793455,0.1781599058185,0.0927115455627,0.5568948212254,0.5208926563865,-0.2313388905638,0.3983421618244,0.1917185953435,0.2787180766735,0.1292745605745,0.2802797637274,-0.0833161363320,0.2221389856812,0.5717886791391,0.2051496976097,-0.2471486320702,-0.0956840040741,-0.4540933342488,0.1898023527760,-0.0933005774860,-0.0546500262013,-0.0561665242623,0.1024896418677,0.0070274464766,-0.2293126824770,0.3799540317185,-0.0242520991330,-0.3334583892550,-0.1925248051186,-0.0739999956597,0.2620769265726,0.0762969055464,0.1774954188029
0.0974924408075,-0.0135432669446,0.4899880375327,0.0798169315803,0.1299711315211,0.5128046585001,0.7223842937183,0.1833494254917,0.5128621113859,0.2654109018296,0.4610755319782,0.4805848137375,0.6381457368915,0.3219827293031,0.5639333047709,1.0000000000000,-0.1536906041363,0.0963902418276,0.5479814307380,0.1592354420538,0.0051940982627,0.2265273487482,-0.2118338973158,0.2389969822359,0.0170657596795,0.1855283241448,0.3977716225472,0.5098275462751,-0.0124722850798,0.3408754858310,0.0930141491808,-0.0183857968395,0.5211126212771,0.2105636162004,0.2696205493202,-0.2866047927873,-0.2808053682491,0.0831467979845,0.0608429532085,0.0813175375234,0.3779303863161,0.5401760060325,-0.2696135789589,0.4657215178626,0.0592608917752,0.4837510333941,0.2384460508063,0.2995907773691,0.1396249619238,0.3760474297771,0.7410791235320,-0.0593149760666,-0.2495341657848,-0.0312301081462,-0.3368067549148,-0.1021309248452,-0.2878599182951,-0.3163649200067,-0.2784472621837,-0.1380552961035,-0.0354825624750,-0.1255307478075,0.4265615838085,-0.0605402496237,-0.1916734313717,-0.3862332792286,0.0053194572784,0.1308172874580,0.0476463007227,0.1144466103589
0.5859874547827,0.2853341398787,0.2027411749324,0.3334207059596,0.3685479651613,-0.0774872220186,-0.0205308131260,0.3074953403351,0.0072605795500,0.1082948686563,0.1941055375608,0.0123127090505,0.0914243937535,0.1154897419426,0.1958535198394,-0.1536906041363,1.0000000000000,0.5253022572345,-0.0616180938605,0.3047667448421,0.4277184636103,0.7279164919727,0.4639087230710,0.6791108724323,0.4470418148410,0.3545700949048,0.4196674343629,0.0852281106954,0.5616341039190,0.3108492218682,0.6477743474660,0.0052218818547,-0.0813390206535,0.1380313751798,0.3417322908044,0.2437180162857,0.1374039329805,-0.1749612365742,0.1777221858836,0.4027085837380,0.0556090855545,-0.1705010586797,0.2615398995915,-0.1624313714944,0.1851240592592,-0.0710009628162,-0.2053347823102,0.1071461826940,-0.3325888395291,-0.3775081641084,-0.1127285331253,0.8883414124604,0.2906185764433,-0.2652559239268,-0.0853774467620,0.3783579172471,0.6577010239662,0.5145229552820,0.5702254496203,0.4503673693068,0.0493080296023,-0.1430640580953,-0.0886661534608,0.4082487957131,-0.0632541665227,0.5733972319470,-0.2442335986888,0.1750087018424,-0.0901573276867,0.1527812812623
0.6346467358287,0.8007992162186,0.4304976776191,0.7960315920041,0.4179779270998,-0.2086633373325,0.0530801393304,0.3539257373271,-0.0430210958279,0.4571308991595,0.0721530728704,0.4222191405272,0.3053501938881,0.5290848767957,0.3263335746724,0.0963902418276,0.5253022572345,1.0000000000000,0.4432702819036,0.8826913054536,0.6597694608420,0.6810465719390,0.6886089520242,0.7516956743938,0.4959405040077,0.7793909706835,0.5715623936914,0.2678125151840,0.4682773385117,0.5798123011173,0.8103785437495,-0.2700369828247,0.0868694684856,0.3205333400230,0.8027859930864,0.0890196136575,0.5509469057961,-0.0738573443683,0.7134917919290,0.3896452302662,-0.1015728838340,-0.3708596757120,0.2191924759260,-0.4226653248915,0.4598613447248,-0.2324239630639,0.1419623432767,0.2365345881496,-0.0954354648197,-0.3916521850913,-0.0582473675934,0.5010815630521,0.6605297825894,0.1299482557811,0.2557163967810,0.5749690576174,0.5318284012211,0.6551499291151,0.6937486081896,0.4101173746787,0.4730596739516,-0.2187003754701,0.0961893639889,0.3321433771003,0.0450535558326,0.5084764940239,-0.0475045078113,0.1241686090476,0.2169273061858,0.6306388703829
0.2972467436226,0.3590019292358,0.5897722607893,0.4520107463885,0.0751606248466,0.2670245596385,0.5075949828140,0.0376661095241,0.3887536549920,0.3136607335775,0.2833695985506,0.7985379062173,0.4793437432802,0.7668877601131,0.6270045578439,0.5479814307380,-0.0616180938605,0.4432702819036,1.0000000000000,0.6304185895106,0.2700689725911,0.2360774650489,0.0570489827226,0.3782838511830,0.0919262779380,0.6381907099564,0.5536006147312,0.6626818128818,-0.0803349468244,0.5597182124324,0.2165540083841,-0.3416962505224,0.4141819760531,0.4408207802627,0.5827117548134,-0.1582523937002,0.0168069845505,0.2333042818193,0.4304855502896,-0.0492268330001,0.2538963020316,0.1869231595393,-0.3541237913622,0.1065476098655,0.1762168289922,0.0969307307140,0.6453144297702,0.2489466202298,0.3539234132964,0.1896542617461,0.4535349226300,0.0154329869561,0.0642868705410,0.4585361218997,0.0051051067457,0.1999547719755,-0.0821574921501,-0.0416627828053,0.0927095334078,-0.0838775571602,0.3403035413538,-0.0762960122267,0.5681712511323,-0.1806725843218,-0.0366993981870,-0.2391750113567,-0.1010864139332,-0.0267920902197,0.3171245358367,0.5110403917331
0.5302088437535,0.7936692744344,0.4390112080108,0.7981510969906,0.3669908055047,-0.2310021055551,0.1215767949974,0.1944953594822,-0.0201653448471,0.4431864645353,0.1122583540399,0.5906279300963,0.3888539355454,0.6422534928170,0.3584871182704,0.1592354420538,0.3047667448421,0.8826913054536,0.6304185895106,1.0000000000000,0.6324511622889,0.5179830651484,0.5748842259275,0.6176689221842,0.3768063885750,0.8217378965380,0.5010970686407,0.3529747888322,0.2911064663864,0.6203819621174,0.6205687984111,-0.3494913604503,0.0758078793968,0.4000134650227,0.8676720350626,0.0848771190607,0.5290259832361,0.0320057193983,0.7781762218789,0.2881756901431,-0.1456869536314,-0.3166580574454,0.0470588347819,-0.3933736240630,0.4151165897900,-0.1373868513849,0.3602727000035,0.3289127948230,0.0784506700500,-0.2732908441889,0.0134785352710,0.2696489165635,0.6069085300779,0.3944063520372,0.3595014821686,0.5712021413629,0.3697469482346,0.5311345657964,0.5853114205338,0.2318552755546,0.5948043691063,-0.2298887729894,0.2187316270202,0.1484670702140,0.1472447165366,0.3194667793558,-0.0460789974918,-0.0422721077334,0.4235076734485,0.7523188598945
0.6263992617303,0.5271636842170,0.1871324065624,0.6297255999405,0.7165442533978,-0.4667725031057,0.0810902772529,0.4430968913711,-0.0792614586901,0.5064821998766,0.2984919632937,0.3445032790895,0.5972228698278,0.4173322799254,0.2940069326414,0.0051940982627,0.4277184636103,0.6597694608420,0.2700689725911,0.6324511622889,1.0000000000000,0.5750753875232,0.5242235329752,0.5511342197035,0.5476011215856,0.5319387271398,0.3218987780818,0.0036908894162,0.6125562022735,0.6163385493795,0.6096719556653,0.0440170174454,-0.2113862697641,0.4299044836222,0.6355482075065,0.1321583532484,0.3871162151146,-0.2896895566172,0.4949837714756,0.5913350191852,-0.2622163902977,-0.2813220467835,0.2576086628344,-0.4341205110037,0.5305707484587,-0.0058513512189,0.0510989789699,0.6697254833878,-0.1975157120000,-0.3989515210360,-0.0311154128732,0.3061224944192,0.3816770307293,0.0449072443430,0.0390947504679,0.8640561126134,0.4522519552569,0.5167888295058,0.4578468956897,0.4336011294338,0.2275253639084,-0.4728297880472,-0.1770406998971,0.4460477047695,0.1121272219629,0.3731304453287,0.0824608410437,-0.0568309774973,0.2133657988884,0.3999575922365
0.6641923677812,0.4147844664394,0.5058476339148,0.4680360274827,0.5318558791422,-0.0781424740468,0.2099890667736,0.4704039011870,0.0916269932699,0.2791629616565,0.3245365900571,0.3267177868126,0.4381044542859,0.3278319291968,0.3613888501252,0.2265273487482,0.7279164919727,0.6810465719390,0.2360774650489,0.5179830651484,0.5750753875232,1.0000000000000,0.3719864686091,0.9277430489222,0.4170230151159,0.5003901808109,0.5588285431387,0.3203110214180,0.6158285632933,0.5607682402174,0.7766717743718,-0.0447633078235,0.0462270749660,0.2574414653422,0.6027772697771,0.1226701462920,0.1611679669812,-0.2545219782357,0.3337650104723,0.5422856069106,0.0285972129305,-0.0539611775914,0.1261822114736,-0.1000279273073,0.2697473259189,0.0659148117695,-0.0022559132365,0.3574889182145,-0.2047351652454,-0.2458157360631,0.1707927053401,0.6638100573710,0.3125886153581,-0.1330945831631,-0.1067726328166,0.4130156806396,0.5392076719843,0.3629832085225,0.4839260489472,0.3345836193258,0.1478507671005,-0.4316916210675,0.0589143754144,0.3667457722624,-0.0738762577890,0.3701407064045,-0.1221402800728,0.0830018929093,0.0538982557740,0.2966850067014
0.4042318030667,0.7461934203788,0.0272685978485,0.7054354318651,0.4272647376378,-0.4227118105776,-0.3109709304120,0.3566490321498,-0.3622419541245,0.5064254570216,-0.2159072242460,0.0370929326930,0.0644020766046,0.2295642554211,0.0071659536632,-0.2118338973158,0.4639087230710,0.6886089520242,0.0570489827226,0.5748842259275,0.5242235329752,0.3719864686091,1.0000000000000,0.3663861822264,0.6252401529840,0.5455435220136,0.1753772344500,-0.1310140883636,0.4971792156540,0.2243072666053,0.6423924308081,-0.0505754203533,-0.0954275269637,0.1923809904105,0.4847305389407,0.2210270612160,0.6695361561155,-0.1966238258126,0.6592562724166,0.4190874893003,-0.3679863486567,-0.5937340526874,0.5597558137492,-0.6517872876522,0.5260754019687,-0.2803352078398,-0.1224669193963,0.1569484599906,-0.1405385094510,-0.4212343053944,-0.3975403284961,0.3640716761203,0.6099178754826,0.0027548018450,0.3126177263779,0.5643146440188,0.5751976853044,0.9274919624271,0.6397089777634,0.6610653832733,0.4571560687226,-0.1493676266643,-0.2535629834245,0.5463612606579,0.2049737389940,0.5781770372589,0.1236545437791,0.2187554303312,0.1549817661071,0.3985395765573
0.6946702912273,0.4712342052110,0.6764474019296,0.5440878628621,0.4759183719737,-0.0311298226709,0.2438551844083,0.4525691835034,0.1503078470183,0.3021417854334,0.3145701263933,0.4477347695746,0.3873148712490,0.4198912993817,0.4157933123978,0.2389969822359,0.6791108724323,0.7516956743938,0.3782838511830,0.6176689221842,0.5511342197035,0.9277430489222,0.3663861822264,1.0000000000000,0.4305334620165,0.6221120569058,0.6858753511171,0.5174092490800,0.5351805239230,0.6252634862019,0.7564202372087,-0.1441563405068,0.1082983126636,0.3623417597891,0.6792446069902,0.1163389511995,0.2093876689783,-0.0840384412315,0.4017164224161,0.4479506453240,0.0991303314587,-0.0531206552536,0.0566494292880,-0.0789786668043,0.2551965554824,-0.0122701734140,0.1424712771612,0.2966556879351,-0.1215524079482,-0.2211062253063,0.1941406672633,0.6402882509608,0.3277018945901,-0.0379723674262,-0.0970350106149,0.4000135353893,0.4517883166860,0.3580193661146,0.4913618417399,0.3126378575745,0.2208394689972,-0.3433794168208,0.2615280096253,0.2723763791624,-0.0572370649026,0.3197911200031,-0.1923865031161,0.0690467128335,0.1354370809713,0.3799409101511
0.6071862958307,0.3681239759590,0.2391870884090,0.6001893053673,0.6487685498106,-0.2412540490136,0.0056781737758,0.7323599596634,-0.0078339058162,0.7357374563937,0.1117792806482,0.1936793638279,0.2265514897283,0.2424831597867,0.3146987158215,0.0170657596795,0.4470418148410,0.4959405040077,0.0919262779380,0.3768063885750,0.5476011215856,0.4170230151159,0.6252401529840,0.4305334620165,1.0000000000000,0.4886620444925,0.4705439844869,0.0645408477763,0.7115289812717,0.4185563562566,0.5987246024696,0.2581375361748,-0.1151776959414,0.3672102945139,0.3906615167294,0.0207858632972,0.2540954954977,-0.2453012016681,0.3735116254571,0.5591434633560,-0.0794163311160,-0.2252186637070,0.5771536619019,-0.3299614960165,0.7021451055729,-0.1466164156998,-0.2086511813179,0.3345364681827,-0.3252689043568,-0.3775689400333,-0.1432480154446,0.3091258181685,0.1153526474194,-0.3419147843046,-0.2334096916375,0.5348959751735,0.2607121122569,0.5732219401032,0.1886985193079,0.8724097445327,0.1508399323501,-0.2423954941950,-0.1365100158956,0.6576560694158,-0.0480960039826,0.2708403648119,0.1484239150088,0.2578338994750,0.0369252596606,0.1100298795901
0.5439005929309,0.7276183160605,0.5337790264929,0.8124784783204,0.2774471686772,-0.1026752009355,0.1691382810986,0.2279064442604,0.1332141143023,0.5096614473361,0.1390249870098,0.6087926075141,0.2948160630621,0.7757009850671,0.4900537025748,0.1855283241448,0.3545700949048,0.7793909706835,0.6381907099564,0.8217378965380,0.5319387271398,0.5003901808109,0.5455435220136,0.6221120569058,0.4886620444925,1.0000000000000,0.5900779333357,0.4982113990859,0.2445837518919,0.5672181225450,0.5533461941629,-0.3506551485431,0.1687281251461,0.3753001429864,0.7582106652751,0.0078608330529,0.4360110403298,0.1418663390118,0.7598014947992,0.1690509009245,0.0098967523170,-0.2278101255385,0.0400482585000,-0.2811652029120,0.4717672047756,-0.1138876682497,0.3907209792885,0.2427717042346,0.1821449238683,-0.1299466704876,0.0803178907133,0.3390905647816,0.4478532939453,0.3239337963693,0.1912162017019,0.5174148280866,0.3704348593503,0.4992188673621,0.5286023657268,0.2997569334469,0.6562882330880,-0.1526297882373,0.3429003527850,0.1500837115474,0.0373015984187,0.2376953549623,-0.0339430272023,0.1077457307412,0.3247732836481,0.6326998697132
0.6156902655542,0.2362770765283,0.7181746179725,0.4661167270581,0.2782275014542,0.3441612823677,0.4825667818301,0.4303231160826,0.4751165676630,0.3540836145488,0.4354834717988,0.6072569162751,0.3122919103359,0.5043080195697,0.5890861917162,0.3977716225472,0.4196674343629,0.5715623936914,0.5536006147312,0.5010970686407,0.3218987780818,0.5588285431387,0.1753772344500,0.6858753511171,0.4705439844869,0.5900779333357,1.0000000000000,0.6421694855279,0.3977634580769,0.5738014769640,0.5988543005138,-0.1416100744170,0.2485415074438,0.3557838536975,0.5080576363601,-0.1217498502794,-0.0920696101512,0.0327922572557,0.2537767652993,0.1999115733388,0.4784196244198,0.2000669031869,-0.0567380845389,0.2213560338251,0.2446004939556,0.0341257123576,0.2422711996499,0.1628181831894,-0.0620292489070,-0.0686237889396,0.2983294847166,0.4326249151435,-0.0016819548985,-0.0743212227070,-0.3247609561736,0.2358829741512,0.0370000752614,0.1402222248525,0.1107917223052,0.3010356177927,0.1080362819737,0.0029320292289,0.4587339507443,0.1494026053731,-0.2702699107890,0.0618406192459,-0.2316973344198,0.1726410236651,-0.0052341459745,0.2948893219607
0.2263493777172,0.1424688196357,0.8498203277535,0.2291732441037,0.0086774649616,0.4194014306805,0.4533933464534,0.0481336484690,0.4538266306379,0.1746874061720,0.3447003496791,0.5747029049658,0.2640557398890,0.5269077046161,0.5120137891582,0.5098275462751,0.0852281106954,0.2678125151840,0.6626818128818,0.3529747888322,0.0036908894162,0.3203110214180,-0.1310140883636,0.5174092490800,0.0645408477763,0.4982113990859,0.6421694855279,1.0000000000000,-0.1078813051161,0.3543013719545,0.1410090671796,-0.3260220746512,0.3737452248973,0.2743732275805,0.3750783370619,-0.1910599645236,-0.1150824607766,0.5025743982837,0.1936988961504,-0.0766061103036,0.4175620641259,0.2879027397205,-0.3526357922898,0.3702634055390,0.0048577586201,0.1480646844197,0.5242635131111,0.0126969264439,0.3388403960768,0.2860610325342,0.4993079106979,0.1724017603012,-0.0883881688937,0.2385586228487,-0.1624642481257,-0.0854472800800,-0.1094375478435,-0.2132716034605,-0.0216710640002,-0.1157332178814,0.2498708766646,0.1257958320880,0.8952692784505,-0.1964743435056,-0.2023923131015,-0.2809934416874,-0.2316123859810,-0.0353172854500,0.1524973240186,0.2540554079605
0.6446252179098,0.2597197452835,0.1337799397842,0.4391494842620,0.7350820035492,-0.3471246522472,0.0018222368665,0.8043847732124,-0.1142995909516,0.4387490149418,0.1698106353787,0.1275113610036,0.3259971078540,0.0318143213669,0.1230471044408,-0.0124722850798,0.5616341039190,0.4682773385117,-0.0803349468244,0.2911064663864,0.6125562022735,0.6158285632933,0.4971792156540,0.5351805239230,0.7115289812717,0.2445837518919,0.3977634580769,-0.1078813051161,1.0000000000000,0.4438102161775,0.7165673736397,0.2937698117874,-0.2155253258286,0.2897661642986,0.3446919143936,0.1909544934306,0.1734366229023,-0.5407733118680,0.2017871806716,0.7313952498548,-0.1716312734259,-0.2170995539148,0.5920435339934,-0.3269098442035,0.3932068859312,-0.0421648868204,-0.3200556068603,0.4578853394909,-0.4772971194901,-0.5178421567229,-0.1649773368252,0.3877918345122,0.1174113631788,-0.4366585040267,-0.2729038793868,0.4999245671483,0.3255234512063,0.4829361283613,0.1810812642658,0.6854038507533,-0.0737537008153,-0.3977980549787,-0.3264171096427,0.8339361670755,0.0410367670960,0.3921571092706,0.1256082110040,0.1523357922069,-0.0972143547919,0.0136626621648
0.7196926665763,0.3133412707013,0.4342388760029,0.5793105001659,0.5277789235637,-0.0586424130467,0.4614983418919,0.4767556232815,0.3002830665901,0.4066801830471,0.4924570686070,0.5749702437763,0.5797582294529,0.5077239065400,0.6635090929930,0.3408754858310,0.3108492218682,0.5798123011173,0.5597182124324,0.6203819621174,0.6163385493795,0.5607682402174,0.2243072666053,0.6252634862019,0.4185563562566,0.5672181225450,0.5738014769640,0.3543013719545,0.4438102161775,1.0000000000000,0.5682639317374,0.0864286833892,0.0708462405439,0.7530091264200,0.6924944499241,0.1672021527053,0.0685389463014,-0.1122689819264,0.3967275909755,0.3606828822459,0.2012434454456,0.1570850324860,-0.0052553757064,-0.0285539518072,0.3228281705505,0.0808682457460,0.1321457403192,0.5046302970915,-0.2444820616787,-0.1379495810049,0.3204172447259,0.2377675115785,0.0569973482037,-0.0279668920877,-0.2616121318569,0.4556372158057,0.1140376805555,0.2256808883179,0.1675796285752,0.2738802814032,0.0775639336771,-0.3899379231886,0.2220459546949,0.2239602568432,0.0818726572390,0.0856133764464,-0.0631090091527,0.1066807454879,0.3398138454934,0.3925900729469
0.6807189703087,0.5726989132136,0.3513467928547,0.6645818415782,0.5142635557368,-0.1374743159067,0.0557527814327,0.5783853151021,0.0171894041563,0.3782896750681,0.1292153291539,0.2758659141395,0.2936815736939,0.2727055438935,0.3282861933895,0.0930141491808,0.6477743474660,0.8103785437495,0.2165540083841,0.6205687984111,0.6096719556653,0.7766717743718,0.6423924308081,0.7564202372087,0.5987246024696,0.5533461941629,0.5988543005138,0.1410090671796,0.7165673736397,0.5682639317374,1.0000000000000,0.0184810474962,-0.0126284894324,0.3321469804344,0.6455708974772,0.1290245319614,0.3325526442286,-0.3233712704885,0.4850882599734,0.4813565891632,-0.0460991470616,-0.2477759085797,0.3359471415832,-0.3016495784728,0.3289465409270,-0.1758263877709,-0.1137153958099,0.2390648121513,-0.3179083994918,-0.4213020727543,-0.0747519631156,0.5600978330514,0.4137670319053,-0.1870350323830,-0.0373608346958,0.4794828574032,0.4559475378108,0.6237759520576,0.4975679577342,0.5615225592186,0.1698161256963,-0.2983445593788,-0.0853718878331,0.5182458368224,-0.0141088899497,0.5576365755395,-0.0424580951957,0.1836913716056,0.0597848802568,0.3791081659112
0.1803445900815,-0.3835223771812,-0.3025703943330,-0.1224734878666,0.2852474789323,-0.0892022997993,0.0546181287972,0.4186369912992,0.0807385236366,0.0948985978077,0.1369064389024,-0.2545547890566,0.1033606242004,-0.4459505293666,0.1381916674088,-0.0183857968395,0.0052218818547,-0.2700369828247,-0.3416962505224,-0.3494913604503,0.0440170174454,-0.0447633078235,-0.0505754203533,-0.1441563405068,0.2581375361748,-0.3506551485431,-0.1416100744170,-0.3260220746512,0.2937698117874,0.0864286833892,0.0184810474962,1.0000000000000,-0.2971123740025,0.1736891166879,-0.2479318575072,0.0095568189168,-0.2560622527599,-0.3891796888245,-0.3030611607471,0.2156633370293,0.0604494452363,0.2656235631003,0.2681786838814,0.1366661096106,0.0458797144118,0.0377622844019,-0.6238194737169,0.2078608094114,-0.6161806057948,-0.0851310488430,0.0436471275759,-0.1336816289401,-0.4384784040534,-0.6208021308674,-0.5485011427594,-0.0231415662857,-0.1979923667933,-0.0526189446719,-0.3856885766555,0.3315608676680,-0.5288530397992,-0.3172683825646,-0.3986145639341,0.2612698575762,-0.1954435407224,-0.1032517011205,0.1940449133515,0.1273535869477,-0.1176061239400,-0.4613535205222
-0.0965787866078,0.0646712965159,0.3234349117700,0.0422117226938,-0.2371113396392,0.5002031217210,0.3788138118855,-0.0965558544805,0.2867479875186,0.1131039162421,0.0244528371774,0.1834728553439,0.1316078359494,0.3070473896514,0.3131678307418,0.5211126212771,-0.0813390206535,0.0868694684856,0.4141819760531,0.0758078793968,-0.2113862697641,0.0462270749660,-0.0954275269637,0.1082983126636,-0.1151776959414,0.1687281251461,0.2485415074438,0.3737452248973,-0.2155253258286,0.0708462405439,-0.0126284894324,-0.2971123740025,1.0000000000000,-0.0029838361671,0.0599466011643,-0.2629274680297,-0.0969573337860,0.1894352288301,0.0809086274587,-0.2356063281523,0.3111051205402,0.2819160147041,-0.3131989986253,0.2800308566346,-0.0192953987526,0.1583940811434,0.2781879007813,-0.1635836726978,0.3007720982627,0.3179228495826,0.3607594124934,0.0949358032750,-0.0565550703373,0.1021092284336,-0.0470820045520,-0.2123554094490,-0.1472224168080,-0.1182737604261,-0.0516021502651,-0.1934640867369,0.0005217392417,0.1312563894142,0.3513051311294,-0.1825446914511,-0.0693594945576,-0.2208323799827,-0.0291331228810,0.3708353437864,-0.1803936064584,0.0565644784719
0.5031487760893,0.1699148479056,0.3204731814523,0.4497160008959,0.3693419266481,-0.0012006949547,0.2790860360095,0.4097097387919,0.2230493830546,0.3649685839569,0.2890854231025,0.4355212632073,0.3749639305876,0.2622555403134,0.4467046574522,0.2105636162004,0.1380313751798,0.3205333400230,0.4408207802627,0.4000134650227,0.4299044836222,0.2574414653422,0.1923809904105,0.3623417597891,0.3672102945139,0.3753001429864,0.3557838536975,0.2743732275805,0.2897661642986,0.7530091264200,0.3321469804344,0.1736891166879,-0.0029838361671,1.0000000000000,0.4860389803131,0.3654616100466,0.0320884545835,-0.0478967941386,0.3439857459739,0.1951466785485,0.1114629088362,0.1414554678693,0.0166033987829,-0.0440456753400,0.2578119567225,0.0220614639200,0.0998154699450,0.3664495287335,-0.1371115647951,-0.0289976687886,0.1409543681043,0.0919736533887,-0.0371886199125,-0.0743959431446,-0.2441318456383,0.3631678232496,-0.0174128193508,0.1501379738559,0.0094649241587,0.3186397805561,0.0678307748547,-0.1674550014691,0.2027239302456,0.1928061741281,0.3333095464993,-0.0621182146671,-0.0708527255567,0.0688306660874,0.5264785772801,0.3358190413693
0.5594576735207,0.6654386827946,0.4690570438762,0.7400783138383,0.4361833526188,-0.1839032549043,0.2095127224763,0.2564962588490,0.0149655179867,0.4237297257692,0.2073632657515,0.6336290521970,0.4639699090040,0.5506145728581,0.3946717603653,0.2696205493202,0.3417322908044,0.8027859930864,0.5827117548134,0.8676720350626,0.6355482075065,0.6027772697771,0.4847305389407,0.6792446069902,0.3906615167294,0.7582106652751,0.5080576363601,0.3750783370619,0.3446919143936,0.6924944499241,0.6455708974772,-0.2479318575072,0.0599466011643,0.4860389803131,1.0000000000000,0.1006849751945,0.4346123399039,-0.0303546859459,0.7048799544856,0.3512289885259,-0.0374109521275,-0.1800651293544,0.0322318875947,-0.2645108134653,0.3937355174161,-0.0315426026108,0.2984913202272,0.3855521736168,0.0095156018048,-0.1908576457976,0.1488782002326,0.3027589748136,0.5072160905150,0.2737599110922,0.2106648270522,0.5374990089145,0.3914052129783,0.4615096750362,0.5291247435566,0.2639399273218,0.4988418238963,-0.2914792867717,0.2279878203406,0.1677075492317,0.1242726598489,0.3250529716016,-0.0741061007122,0.0070502173667,0.5343835300701,0.7712456715396
