1.0000000000000,0.4666255802584,0.2542223859831,0.6137961429812,0.5491501183842,0.0573905335291,0.4175457075662,0.4799355995348,0.2544090630876,0.3737632786284,0.3611717487134,0.4036995059710,0.3491042718674,0.2646649809806,0.7029790647615,0.2959855360099,0.3595377597093,0.4994018277071,0.5683839969487,0.7035322452590,0.6204622793615,0.5636962761263,0.5241777699663,0.5006082410668,0.4941360322425,0.3882544376866,0.4557143304401,0.3342866295211,0.4525451926696,0.7611063674054,0.6484577878755,0.1169686042674,0.1268993874864,0.5590658125027,0.7458978658378,0.1970500890468,0.3791952903809,-0.3073143103283,0.6017717904076,0.5462054209544,0.0362655399929,-0.0745673887897,-0.0846961087814,-0.3918517334592,0.2059905350641,-0.0421246748319,0.0323192363656,0.3784746020423,0.1050875810243,-0.2828752056185,-0.0011915938482,0.3634613949601,0.0641668367002,0.0776490519098,0.2171926954474,0.4992085103135,0.0745815588163,0.4193303421150,0.1309596110625,0.4069232994230,0.2372549918671,-0.1209048636963,0.1843178097156,0.3017542630138,-0.1515028032938,-0.0088196950437,0.0770618580636,-0.0295565459318,0.0637651167212,0.3839430595290
0.4666255802584,1.0000000000000,0.1270729369283,0.5392312802831,0.2901834278698,0.0220963689161,0.1724796984076,0.1770774096448,0.0117007242572,0.1397850809439,-0.0061945009249,0.3324950497424,0.1767373791593,0.2441109906569,0.1879896637917,0.1100049333602,0.3372866272465,0.2750928654473,0.2413639757222,0.5126457539655,0.3470213136409,0.4831743557457,0.5043219684123,0.3891174070574,0.3113100529393,0.4274590189940,0.3606336107959,0.2366771069315,0.3343298819169,0.4043692842417,0.4466196913099,0.0928032428733,0.0712482365694,0.4118350870232,0.6065303306121,0.1920176583478,0.7149745354713,-0.2274220527972,0.4484748796514,0.3412120685394,0.0155746156145,-0.0954987641817,-0.0299727866681,-0.2909717638899,-0.0398504682848,-0.1692424145948,-0.0113778459936,0.2261159181075,-0.0023016074314,-0.2800962514029,-0.0680672061382,0.4079451344514,0.1434593200408,0.0987825638019,0.1965542640542,0.3430055515845,0.2070264997319,0.4368299015491,0.2465355662215,0.1945613598001,0.2796222571381,0.0298653414042,0.1360202335899,0.2251707563357,-0.0280432490570,0.1570599766820,0.0672496464976,0.1390953008912,0.1628494486964,0.5725980534948
0.2542223859831,0.1270729369283,1.0000000000000,-0.0961087549584,-0.0213946646239,0.3162302772108,0.2200149321599,0.2013580802298,0.2722165908395,0.2386066007025,0.2417584308103,0.5263521196290,-0.1232007993940,0.0520401744458,0.3752214737977,0.2468884364759,0.2580751019353,0.3578414848065,0.2942098043232,0.3614459650612,0.0977863162964,0.5064114368661,0.0878043472660,0.6392714609707,0.1070059821950,0.1223759502672,0.6456744905129,0.5499301836558,-0.0278428017262,0.3576278662618,0.3327202682327,-0.1617210914450,0.2105708681033,0.0211395411444,0.3145529297740,-0.3339617925529,-0.0311924617870,0.4792050149637,0.2496114698043,0.1021502630082,0.0506315981224,0.1473975445353,-0.3339670731488,-0.0973643605638,0.0765210322511,-0.1430949866947,0.2022121165426,0.0144029885190,0.3766430755852,-0.3005917575128,-0.0262373649928,0.2151446540261,-0.0749054684019,-0.1625174874121,-0.0889316795010,0.1112147110945,-0.2096282979880,-0.1304725415645,-0.0086417417396,-0.0011983369243,0.2108169493890,0.2548303459555,0.5284899677915,-0.1720907099999,-0.4904553050509,-0.5083655157890,0.2828522843582,0.0081548021065,-0.3079992321852,-0.1677108143462
0.6137961429812,0.5392312802831,-0.0961087549584,1.0000000000000,0.5999701600459,-0.1668566365806,0.2484773856645,0.4463476230292,0.1197681504280,0.4027262995545,0.1493052430653,0.1195530030739,0.5437628653991,0.3804872871224,0.4019547937992,0.2474694873713,0.3354797949289,0.3773459465657,0.4664998334306,0.5181435151557,0.6119590427484,0.4010846071052,0.6348069110174,0.1450179600841,0.5658624352303,0.5053031994182,0.1151208638068,0.1921280358724,0.6003362830251,0.5490930932008,0.5091025079066,0.2006911180113,-0.0050161271536,0.6385790943413,0.6016182040750,0.2744947009647,0.5161788119728,-0.4610752233023,0.5450041492329,0.4694497092573,0.1777285065525,-0.2685721696845,0.2810106599583,-0.2108450795539,0.3934792947171,-0.0228188217034,0.0374949351886,0.3800534431666,-0.0906790564490,0.0307143197211,0.2150748909525,0.3370860359630,0.2465719063708,0.2268488388220,0.3650989425033,0.4483289561490,0.3035563064127,0.6415669798391,0.2927039081193,0.5214853638828,0.1872676565458,-0.2347655502259,0.0680447921278,0.4970443162334,0.2785474039270,0.3973748836612,-0.0419138925168,0.0970697518714,0.3242470456423,0.5824399124171
0.5491501183842,0.2901834278698,-0.0213946646239,0.5999701600459,1.0000000000000,-0.0524825007398,0.4008447513814,0.3990020013702,0.0830255878639,0.5675992895778,0.4412997884207,0.1073492444224,0.6120143670271,0.1719986171636,0.5150225959501,0.3052992834048,0.1960341973671,0.4546467148329,0.2302108929556,0.4357783038578,0.7757626571225,0.2912725268135,0.4414448180981,0.2057732414890,0.6054546559570,0.3033886601085,0.2563801119927,0.1530748841447,0.4731550475015,0.5837031521641,0.3358785103470,0.2418402432791,0.0009504448932,0.5409905249599,0.4727175011285,0.0595922298236,0.3673935843299,-0.3058825563105,0.5257489059363,0.8523561364577,-0.0158083899209,-0.0187169769719,0.1311549995271,-0.3067520240126,0.5054844771423,0.2894402935691,-0.0845066676593,0.7166224869463,0.0751934551268,-0.1864938026356,0.0853100647660,0.2066084078983,0.0892323568174,0.0233497714418,0.2791417625188,0.7582740575741,0.1088645952555,0.4054912533369,0.0767234531357,0.5399244365155,0.3130079300556,-0.0993538513942,0.0382548529590,0.3567334349497,0.0579848199877,-0.0038532559921,0.1442091485551,-0.0392973390532,0.1713403519878,0.3064853154788
0.0573905335291,0.0220963689161,0.3162302772108,-0.1668566365806,-0.0524825007398,1.0000000000000,0.5281890753047,-0.1161068467998,0.5476336966947,-0.0259080557147,0.4717025137380,0.2354440997511,0.0429723400417,-0.1055169840048,0.2814117246295,0.4913819306395,-0.2193358975794,-0.1919435917791,-0.0956762461217,0.0071898377107,-0.0886944425047,0.0101149742719,-0.3100990627217,0.1122376630661,-0.2474598404776,-0.2666696254031,0.1085981828868,-0.1742845917121,-0.3324367633505,0.1435879702892,0.0895907387456,-0.0820360076169,0.7163690246503,0.0138867664012,0.0066986384164,-0.3205567931676,-0.0415300517743,0.1119924146052,0.1843580062723,-0.0027850505014,0.3037320144288,0.5313069302131,-0.4793646810984,0.3143988051245,-0.0863018120128,0.2112380739904,-0.0172030585730,0.0494255660989,0.0522775100406,-0.1216093414902,0.1417450421115,-0.2284071802846,-0.4176198137458,-0.3005527812067,-0.3514253883025,-0.0315793123708,-0.5310469821803,-0.4233773951175,-0.4395690043111,-0.1156598067793,0.0043656511683,0.0327731551138,-0.1184004579694,-0.4334284088204,-0.3367636216400,-0.5108656319435,0.0722733645064,0.1126763012370,-0.1916875719238,-0.2043737026607
0.4175457075662,0.1724796984076,0.2200149321599,0.2484773856645,0.4008447513814,0.5281890753047,1.0000000000000,0.1760602989625,0.7407093748071,0.2257101705063,0.7901075056692,0.4164310484332,0.6359135927896,0.1889866402349,0.6675378253595,0.7983372001964,-0.0485645548589,0.0365555426921,0.2777175377568,0.3792426221546,0.4855661365928,0.3246095883793,0.0167625337065,0.1935385744913,0.1915834972077,0.0804699996535,0.2268939754995,-0.1373765161474,0.1752795560628,0.6113029225945,0.3312463472655,-0.0118093296499,0.4805207494404,0.4313193466549,0.4069586489562,-0.2800863114823,0.0974409069694,-0.2488098190887,0.3464096901475,0.2913808212416,0.5036009827707,0.5044520662090,-0.4765082199797,0.2363353175868,0.2193293421687,0.3390669017412,0.1172054489780,0.6092021140928,0.0877251036061,-0.0920696719565,0.4631017272107,-0.0449114499229,-0.4204369822144,-0.3527827399920,-0.1004737010304,0.3730971415645,-0.2917852409875,-0.0613915748712,-0.3085395107652,0.1271928005475,0.0575667818561,-0.1589473818804,-0.1993324696653,-0.0215481998234,-0.1581387514676,-0.3617605133561,0.0985800247665,0.1065811147265,-0.0723728131371,0.0553749504698
0.4799355995348,0.1770774096448,0.2013580802298,0.4463476230292,0.3990020013702,-0.1161068467998,0.1760602989625,1.0000000000000,0.2688746339266,0.5330289928742,0.1710626729408,0.1721725915721,0.3243816035676,0.2268686171210,0.4916978105798,0.1988238081193,0.4663997498378,0.5981003212456,0.5695227039443,0.5786495690420,0.5384831937929,0.5462891028639,0.4678923162298,0.3541745894958,0.7569544715585,0.4095731042203,0.4387067448436,0.4039023687930,0.6464375361338,0.4116825779900,0.7075677897108,0.2480762209633,0.0679417885830,0.3484352034611,0.4036256022440,0.0396748799015,0.0748265791798,-0.2390986909439,0.2302398665214,0.3407933390481,0.0248393641437,-0.3703443156903,0.3902506151311,-0.3726172446143,0.3735394181077,-0.1497660524737,-0.0470635099861,0.2986007264077,0.0083161836199,-0.1032584934369,0.0684767367234,0.3582090909952,0.1277015513401,0.1651521642686,0.1484091719012,0.3948482336447,0.2356236925494,0.3165048343574,0.1872663857431,0.4814033268521,0.0848146789772,-0.1277899641792,0.2203232667031,0.4983156438876,-0.1901635374333,0.1176533599649,0.1142663336020,-0.0620627592484,-0.1645706972461,0.0874559242803
0.2544090630876,0.0117007242572,0.2722165908395,0.1197681504280,0.0830255878639,0.5476336966947,0.7407093748071,0.2688746339266,1.0000000000000,0.1229032584041,0.7068703336974,0.3349421274939,0.4064997821252,0.2694546032731,0.6003824242376,0.6688034922645,-0.0617721793444,-0.0907998256059,0.4188380277088,0.3046274366797,0.2510722333461,0.2500524147520,-0.1360046818806,0.1151564581311,0.0947386137968,0.1487367945125,0.1583288839769,-0.1457669307759,0.1094332181456,0.3962544116410,0.2769771616537,-0.0144029073794,0.5883955920191,0.2967064477781,0.2566981596124,-0.3751283589841,-0.1029727558988,-0.0393863369942,0.0772857060699,-0.0087506987619,0.6048493378951,0.3679082778533,-0.4234940027349,0.4512409128534,0.1609636806563,0.2727356382130,0.1998579168533,0.2162354223640,0.0418058554062,0.1799541964552,0.5837470082777,-0.0983604321907,-0.4165696555818,-0.3331114513908,-0.2428400987546,0.0730324733440,-0.2383539883207,-0.2029572927563,-0.2058959008805,0.0032653246155,-0.0568882515156,-0.1608033058878,-0.1335753582253,-0.0756608386305,-0.1875594638564,-0.3108057806594,-0.0067771167210,-0.0112480031631,-0.1664285712699,-0.1271041760917
0.3737632786284,0.1397850809439,0.2386066007025,0.4027262995545,0.5675992895778,-0.0259080557147,0.2257101705063,0.5330289928742,0.1229032584041,1.0000000000000,0.1843429919053,0.2677425560116,0.3597313289926,0.2623799384655,0.5084666408906,0.4119031810346,0.1654275977391,0.5499513090247,0.4039432945157,0.4633684709380,0.5303827998142,0.2820087347016,0.4024273183241,0.2116795983502,0.7370213360837,0.4049001242930,0.2942916430755,0.3106958618495,0.2775907071661,0.4167678240318,0.2944687436655,0.2643459493092,0.0426787667286,0.3244842055727,0.4096506202036,-0.1998396650516,0.0931644244778,-0.1191236403012,0.4446175680004,0.5521643705676,0.0054582021062,-0.1374146685175,0.2273094222164,-0.3692044852347,0.7837776318030,0.0742386424793,0.1317148796473,0.4590808605715,0.3261379045831,-0.1859678827903,0.1616100388499,0.1360896022905,0.1552328922535,0.0837468629921,0.1731284102826,0.5385849932908,0.0522099590269,0.2898361748633,0.0603388007395,0.6620916861921,0.3208835274564,-0.1154561204765,0.2214820216200,0.2349169671438,-0.1611065345109,-0.1340463929595,0.4149952927792,0.0917191387600,-0.0272548184112,0.0561376450476
0.3611717487134,-0.0061945009249,0.2417584308103,0.1493052430653,0.4412997884207,0.4717025137380,0.7901075056692,0.1710626729408,0.7068703336974,0.1843429919053,1.0000000000000,0.2542596681335,0.5069638436560,0.2201806909891,0.6156315146167,0.6162785963510,-0.0789604863195,0.0021694380886,0.2122312556590,0.2786772404089,0.4020179083538,0.2038866669229,-0.0834887571144,0.1752533049205,0.1306836258046,0.0444638125890,0.2040084873657,-0.1027372667647,0.0951540544354,0.5499312324347,0.2168651383583,0.1439785699709,0.3457581101962,0.3875525229627,0.2456236331902,-0.3081690624640,0.0116589398062,-0.0646273695339,0.2528217863757,0.3196222220478,0.4552939934773,0.4739028182902,-0.4899848752104,0.3031298524079,0.1786621767658,0.5774282784747,0.0184011173757,0.4328588587669,0.1032381607366,-0.0365019237612,0.3945237170866,-0.0907161123679,-0.5034315569822,-0.4251706528172,-0.1764647987176,0.2734580484689,-0.3470716402013,-0.1563701567053,-0.3163504932799,0.0630399234417,0.0436818953653,-0.1747026263488,-0.1502349483059,-0.1221669808390,-0.1531794606292,-0.4266532521143,0.0211378920474,-0.0909140329269,-0.1056799045249,-0.1249536621386
0.4036995059710,0.3324950497424,0.5263521196290,0.1195530030739,0.1073492444224,0.2354440997511,0.4164310484332,0.1721725915721,0.3349421274939,0.2677425560116,0.2542596681335,1.0000000000000,-0.0485340047905,0.3971380168689,0.5642673651026,0.3950963470731,0.1881352790954,0.3423657623401,0.4804364023056,0.5120687086798,0.2305680716533,0.5030645392234,0.2138013187455,0.4908709918738,0.1596395475063,0.3921039723884,0.4780049899859,0.3159051108129,0.0628163746074,0.5333137530612,0.3094898346290,0.1163985137882,0.2214519400651,0.1811098911743,0.5444053686668,-0.2487312886530,0.1253541231129,0.0267396479704,0.4256312413594,0.2304239648380,0.0177576000443,0.1782379191863,-0.3628112818736,-0.2214875123653,0.0987767503744,-0.0707975602478,0.6278812272588,0.1249698798721,0.6155506917626,-0.2239196112290,0.0539248011649,0.2149598290442,0.0119119186650,0.0861500318281,0.1242599855734,0.2208256830806,-0.0912276025055,0.1139525057915,0.0292477204894,0.0545729681910,0.4105312407395,-0.0073846992699,0.2786482590358,-0.0195584114688,-0.2746848913877,-0.3785270088651,0.4737767210138,0.1453445978996,-0.1157942498400,0.1807429836028
0.3491042718674,0.1767373791593,-0.1232007993940,0.5437628653991,0.6120143670271,0.0429723400417,0.6359135927896,0.3243816035676,0.4064997821252,0.3597313289926,0.5069638436560,-0.0485340047905,1.0000000000000,0.3508558021267,0.4149595446468,0.5852608569243,0.0278603978948,0.1010202519710,0.3001514245814,0.3042815748793,0.6829392358107,0.2122103526142,0.1999926636704,-0.0786634287886,0.4227774917983,0.3022233820469,-0.0357329688232,-0.1450827911024,0.4475229693854,0.4587766410779,0.2560744559466,0.1697395574554,0.1517080345635,0.5607871931754,0.3246017561799,-0.0006879077838,0.1111552623329,-0.4241883067392,0.1468263782906,0.3383395805670,0.4944383623651,0.1456164166816,-0.0131050347961,0.1623817368492,0.3763506017648,0.3232086529754,-0.0638334272235,0.7492980016739,-0.1859122469553,0.1557011263471,0.5239481340450,0.0086136578293,-0.1751470510188,-0.1443978824864,0.0221996897226,0.5049817974636,0.0361020605455,0.1995370363718,-0.0520194800340,0.3010797126395,-0.0963525573904,-0.3443718054616,-0.2602250919493,0.2507796540884,0.2146596659431,0.1055394457309,-0.0668598406292,0.1836156449728,0.1661987546497,0.1914622882483
0.2646649809806,0.2441109906569,0.0520401744458,0.3804872871224,0.1719986171636,-0.1055169840048,0.1889866402349,0.2268686171210,0.2694546032731,0.2623799384655,0.2201806909891,0.3971380168689,0.3508558021267,1.0000000000000,0.3384376882213,0.2729096844974,0.0820738363622,0.0956457796801,0.4834669151582,0.2763529764607,0.2445908717152,0.2874067406659,0.1856230600517,0.0012769561565,0.2319244750597,0.7560167250104,-0.0405467853046,0.1093520250956,0.1833796769288,0.3109340479593,0.0663513328993,0.6316592275184,0.1157119761585,0.3569449196504,0.2812086379824,-0.0485216791858,0.0851514692188,-0.2677601448283,-0.0067571792352,0.0677661541766,0.2945346430242,-0.0447881697687,-0.0993062700479,0.0084562741673,0.1232571492271,0.1399280168091,0.4743879503783,0.0431869547148,0.3671698700811,0.2300589650362,0.3084752053916,0.1002254312501,0.0026465830486,0.1800203542477,0.0955622492671,0.0422921611509,0.1210473845481,0.1940548949569,0.1672104876177,0.0224357191324,0.1159574348066,-0.4200957246995,0.0153725160193,-0.0090739065926,0.1785213701519,0.0342174779597,0.0678985839153,0.2139743501147,0.0649751483788,0.1679700179374
0.7029790647615,0.1879896637917,0.3752214737977,0.4019547937992,0.5150225959501,0.2814117246295,0.6675378253595,0.4916978105798,0.6003824242376,0.5084666408906,0.6156315146167,0.5642673651026,0.4149595446468,0.3384376882213,1.0000000000000,0.6003628842876,0.2778650862486,0.4114509972593,0.5877839124424,0.6095083641158,0.5930221288930,0.5336074416260,0.3108702733623,0.4561975779925,0.4818129211890,0.3822693083933,0.4236245533419,0.2941079806222,0.3684592056117,0.7958882538610,0.5061455822966,0.1012237553526,0.4062382121904,0.4845792987186,0.6137248419251,-0.2577840939217,0.1363424010953,-0.1627254791382,0.5145044351348,0.4556184658157,0.2231179669090,0.0646324839706,-0.2553202002787,-0.1721846742107,0.3954387160152,0.1173269522376,0.2840533499626,0.5039017942254,0.4024949673946,-0.1154849421659,0.3111000189878,0.2470018629212,-0.1126752197866,-0.0839304739091,0.1227469003573,0.4803139527589,-0.0015659642585,0.2303368432130,0.0525669072651,0.3439496010476,0.3110683122213,-0.1326875858427,0.2009998115567,0.2204658182623,-0.1933459281641,-0.2328486576142,0.2900547812504,0.0712926359519,-0.0975358617340,0.1212698765902
0.2959855360099,0.1100049333602,0.2468884364759,0.2474694873713,0.3052992834048,0.4913819306395,0.7983372001964,0.1988238081193,0.6688034922645,0.4119031810346,0.6162785963510,0.3950963470731,0.5852608569243,0.2729096844974,0.6003628842876,1.0000000000000,-0.0740306501246,0.1269448764985,0.2955198730531,0.3700792378750,0.4013812302978,0.2954857420468,0.0937104967232,0.1587793524126,0.2529022710721,0.1572808934898,0.2105620408109,-0.0244283162710,0.1385568346691,0.5517089982756,0.2868214052196,0.1227848880496,0.4764759527432,0.4664170488045,0.3794730533254,-0.3702458139332,0.0441146260826,-0.1809238787680,0.3457941199359,0.2366164071823,0.5438459184203,0.3775429348253,-0.3550965013218,0.2308404612418,0.3618526338010,0.2879095168043,0.2516380984804,0.4915637041911,0.1560071756409,0.0538753776602,0.6400711115931,-0.1172338833202,-0.2685538949415,-0.3427920082864,-0.0265976982765,0.2461106471518,-0.2027784374633,0.0005032443327,-0.1655604410825,0.2007157762127,0.1210127010682,-0.1558423208687,-0.0467870971558,-0.0185463395051,-0.0206907933955,-0.2691599107305,0.1605930432209,0.2596655529687,0.0167968560187,0.0438848312663
0.3595377597093,0.3372866272465,0.2580751019353,0.3354797949289,0.1960341973671,-0.2193358975794,-0.0485645548589,0.4663997498378,-0.0617721793444,0.1654275977391,-0.0789604863195,0.1881352790954,0.0278603978948,0.0820738363622,0.2778650862486,-0.0740306501246,1.0000000000000,0.5133236412680,0.3284571753760,0.4764227479259,0.3232702447033,0.7431379706535,0.6687601116577,0.6861789001018,0.5288828546267,0.3203211435397,0.4906540111838,0.6866872773020,0.6944841799057,0.3699331548982,0.6053529072376,-0.0074283616579,-0.0195395096734,0.2504036286229,0.4156155569894,0.2205181769187,0.2670107316255,-0.0645705228533,0.2109884870535,0.2152767230106,-0.1896707940806,-0.4007499912767,0.1874649809064,-0.4911303124115,0.0209858819691,-0.3721835267452,-0.1010071163526,0.1559467900834,0.0034655115555,-0.2562946913216,-0.1458095930322,0.9051458226927,0.2648804119889,0.0718623828978,0.2262787146430,0.2723604083733,0.6354064461257,0.5829468960891,0.6769186238906,0.2359275761111,0.1161586194572,0.1609112557163,0.5439517847183,0.6240807570366,-0.0891855605931,0.3655341093198,0.0666186035133,-0.0254834456894,-0.0305296076087,0.2659832736671
0.4994018277071,0.2750928654473,0.3578414848065,0.3773459465657,0.4546467148329,-0.1919435917791,0.0365555426921,0.5981003212456,-0.0907998256059,0.5499513090247,0.0021694380886,0.3423657623401,0.1010202519710,0.0956457796801,0.4114509972593,0.1269448764985,0.5133236412680,1.0000000000000,0.4548563038594,0.6748648890787,0.4743161201914,0.5906149829632,0.6927010350163,0.6437288941017,0.6141247742755,0.3286655103988,0.7011278972067,0.7022381289886,0.5098393911164,0.5153434777287,0.5998614658052,0.2186239864994,-0.0453064986896,0.3382178846458,0.5434975861279,0.0124537529238,0.2344174811630,-0.0704197403162,0.4874710187714,0.5018300809164,-0.2490906593268,-0.3645087018117,0.2257593232489,-0.6256551969380,0.3085920249195,-0.2755958923273,0.0742445192774,0.2940192821540,0.1903165380237,-0.3630983500498,-0.1394916906821,0.4808053689190,0.4712005686872,0.1727903292549,0.5289352587366,0.4532512598574,0.3132368178150,0.5287595099656,0.3712475458596,0.3791993369759,0.3426483448950,0.1896089637139,0.5448682806984,0.4387887856067,-0.1430726253487,0.0399725418436,0.3277020585294,0.0156811463695,-0.0199008044418,0.2898511825690
0.5683839969487,0.2413639757222,0.2942098043232,0.4664998334306,0.2302108929556,-0.0956762461217,0.2777175377568,0.5695227039443,0.4188380277088,0.4039432945157,0.2122312556590,0.4804364023056,0.3001514245814,0.4834669151582,0.5877839124424,0.2955198730531,0.3284571753760,0.4548563038594,1.0000000000000,0.6951464326008,0.4412366437836,0.4816800585431,0.4009256018454,0.2977854105350,0.4196639355501,0.6111884486183,0.3093107941048,0.3272122028762,0.4055447314941,0.5230995290263,0.4544268992330,0.0790258120500,0.0917797425133,0.4176783517971,0.6206782736819,-0.0349640285868,0.0253844584440,-0.2408147957052,0.2025071813685,0.1868072582975,0.2768181856242,-0.2605278155061,-0.0007941697914,-0.1516333423263,0.2863660758690,-0.1368939405446,0.3823699961310,0.1649369393623,0.2539904049642,0.0849978096332,0.2864000734398,0.3405538801115,0.1435205640041,0.2223716681731,0.2034542170477,0.2568293933544,0.1539367667063,0.3376439482827,0.2279240157308,0.2157435401485,0.2033699535967,-0.2688576358631,0.2049323987778,0.3017874691107,0.0051161793266,0.0191881288657,0.2405294687612,0.1175915914974,0.0675555447935,0.2758040890690
0.7035322452590,0.5126457539655,0.3614459650612,0.5181435151557,0.4357783038578,0.0071898377107,0.3792426221546,0.5786495690420,0.3046274366797,0.4633684709380,0.2786772404089,0.5120687086798,0.3042815748793,0.2763529764607,0.6095083641158,0.3700792378750,0.4764227479259,0.6748648890787,0.6951464326008,1.0000000000000,0.5911786538737,0.6851408054613,0.6049385332260,0.5713552610953,0.6017092232432,0.5269919749994,0.6431951733286,0.4886331189921,0.5552174618635,0.6747938909470,0.7048495167695,0.0897591779207,0.0864556177769,0.5098629660907,0.8037260981121,-0.0598457004024,0.3500651969755,-0.2244762840099,0.5488019314320,0.4772781039899,0.1151710404104,-0.1878654335074,-0.0069619848932,-0.3928519319344,0.2345788959154,-0.1748601475243,0.1556268036960,0.3615197816169,0.1748007535557,-0.2850739891152,0.1070650046976,0.4287729210630,0.1535611258444,0.1125327330462,0.3354219972852,0.4618917863959,0.1946141677504,0.4572651181768,0.2630094621983,0.3473150131000,0.3745016112522,0.0120240391021,0.3553705622779,0.4042566801355,-0.1996775375678,-0.0135092883898,0.2791330400581,0.0820324452000,0.0360490832310,0.3932041763797
0.6204622793615,0.3470213136409,0.0977863162964,0.6119590427484,0.7757626571225,-0.0886944425047,0.4855661365928,0.5384831937929,0.2510722333461,0.5303827998142,0.4020179083538,0.2305680716533,0.6829392358107,0.2445908717152,0.5930221288930,0.4013812302978,0.3232702447033,0.4743161201914,0.4412366437836,0.5911786538737,1.0000000000000,0.5147618716759,0.5030382502011,0.3314389341270,0.6554265720006,0.3877824666202,0.3488574008242,0.2199499827257,0.6136695923167,0.7204146693175,0.5452342122355,0.1741855258586,0.0139422309624,0.5966514088898,0.6588078968089,0.0754806715699,0.2966060946426,-0.3224534819737,0.4158752924720,0.5680640222964,0.0680725248828,-0.0693755155548,0.0856445220367,-0.3340299019627,0.4633496578629,0.0732049634601,0.0046238253169,0.7471966189332,-0.0217706051792,-0.1877785458455,0.1638663979338,0.3030106850656,0.0294477065676,0.1156453670358,0.1490854988389,0.8686664437979,0.1711982972273,0.4351672652497,0.1453088319073,0.4560747754654,0.1552389772323,-0.1487258828190,0.0734507736495,0.4442719002245,-0.0084265763412,0.0514421366657,0.1026152311117,-0.0440644968019,0.1346056962256,0.3908997543624
0.5636962761263,0.4831743557457,0.5064114368661,0.4010846071052,0.2912725268135,0.0101149742719,0.3246095883793,0.5462891028639,0.2500524147520,0.2820087347016,0.2038866669229,0.5030645392234,0.2122103526142,0.2874067406659,0.5336074416260,0.2954857420468,0.7431379706535,0.5906149829632,0.4816800585431,0.6851408054613,0.5147618716759,1.0000000000000,0.6369121944867,0.8427879954437,0.5332905222152,0.4500875630851,0.6559960379421,0.5954577163781,0.6620922327186,0.6805461473036,0.7512233451718,0.0667131685651,0.1877436838443,0.4865713121765,0.6844685926090,0.0572703841699,0.3412878572659,-0.1347274674795,0.3875955978881,0.3159484821769,0.0273661314910,-0.1423443949663,-0.0856405421406,-0.3930064932030,0.0679975859769,-0.2661531602527,0.1006869911134,0.2961956654923,0.1612355859463,-0.2671455290475,0.0185221974873,0.6811094327224,0.1472405805901,0.0353819738727,0.2097897052450,0.3906120940438,0.3431846435890,0.4733041970146,0.4028361498817,0.2163443037521,0.2081954595860,0.0784215637827,0.4373684419149,0.4364288685582,-0.1945763925173,0.0352481993944,0.1870375716164,0.0853269672855,-0.0552126712213,0.3550814524459
0.5241777699663,0.5043219684123,0.0878043472660,0.6348069110174,0.4414448180981,-0.3100990627217,0.0167625337065,0.4678923162298,-0.1360046818806,0.4024273183241,-0.0834887571144,0.2138013187455,0.1999926636704,0.1856230600517,0.3108702733623,0.0937104967232,0.6687601116577,0.6927010350163,0.4009256018454,0.6049385332260,0.5030382502011,0.6369121944867,1.0000000000000,0.5583049133846,0.6487394845918,0.4066050292394,0.4811891079576,0.6066960286410,0.7371388529782,0.5345733138543,0.6477060782394,0.1415193284187,-0.0853196282649,0.4973253253053,0.6221587746508,0.2309591049146,0.4977244110087,-0.3299106766369,0.4867298049895,0.4913159542034,-0.1341895914258,-0.4504765832768,0.2416231143512,-0.6014345568534,0.2614324889906,-0.3374976252027,-0.0023812482664,0.2788805736236,-0.0220387892621,-0.3055473701642,-0.0366907756734,0.6639602025813,0.4220838881346,0.1410604523104,0.4884562967481,0.4080597007146,0.5818463242806,0.8772914362380,0.6041563552479,0.4430054526359,0.2342839081595,0.0443101958358,0.4572607656622,0.7008300297168,0.0780087386678,0.4389652561190,0.1020541944548,0.0436376509595,0.1942959355762,0.5239002903852
0.5006082410668,0.3891174070574,0.6392714609707,0.1450179600841,0.2057732414890,0.1122376630661,0.1935385744913,0.3541745894958,0.1151564581311,0.2116795983502,0.1752533049205,0.4908709918738,-0.0786634287886,0.0012769561565,0.4561975779925,0.1587793524126,0.6861789001018,0.6437288941017,0.2977854105350,0.5713552610953,0.3314389341270,0.8427879954437,0.5583049133846,1.0000000000000,0.3516894621162,0.1902123657566,0.7921261546970,0.7078536276513,0.4132460840893,0.5993180052041,0.6517489355927,-0.0660585189066,0.1660631078993,0.3026713872458,0.5924910071156,-0.0421007118690,0.3238011250053,0.1760450389441,0.4534583518888,0.3347968403564,-0.1705411965991,-0.0920200395429,-0.2048747331656,-0.4416656532799,-0.0030050585378,-0.2872759520807,0.0508758572227,0.1778604585880,0.2083679734742,-0.4635155953318,-0.1720272630337,0.6570252634172,0.1559753340565,-0.0829388174172,0.1836997647441,0.3372148145183,0.2455375979719,0.3621574899026,0.3831896085414,0.1358082808251,0.2768942218482,0.3288436301301,0.6124028074252,0.3007862934225,-0.3680244772418,-0.1375304527516,0.2280349630319,-0.0553769092562,-0.1403471051634,0.2357996610037
0.4941360322425,0.3113100529393,0.1070059821950,0.5658624352303,0.6054546559570,-0.2474598404776,0.1915834972077,0.7569544715585,0.0947386137968,0.7370213360837,0.1306836258046,0.1596395475063,0.4227774917983,0.2319244750597,0.4818129211890,0.2529022710721,0.5288828546267,0.6141247742755,0.4196639355501,0.6017092232432,0.6554265720006,0.5332905222152,0.6487394845918,0.3516894621162,1.0000000000000,0.4488111226341,0.4135219940285,0.4270538897110,0.7381544074791,0.4775754153718,0.5888879032527,0.2137242167676,-0.0725156453678,0.4158581117693,0.5066963344054,0.0419463397282,0.2628916306396,-0.2714193284819,0.3872349915866,0.5593029853132,-0.0316964034112,-0.3287600635706,0.3932789012263,-0.4803183788463,0.5910297146908,-0.0841265714602,-0.0703986833306,0.4730280232877,0.0623279423279,-0.2270009101070,0.1127444235888,0.4479997619547,0.1708102276418,0.0683075012178,0.2376012754688,0.5735746809658,0.4123166653207,0.5404194239345,0.3432128012732,0.7624013930551,0.1996823981267,-0.1005288060060,0.2561925121503,0.6449289408454,-0.1019161772769,0.2060210516452,0.1969137510484,-0.0443416291215,-0.0013558088483,0.2075911704681
0.3882544376866,0.4274590189940,0.1223759502672,0.5053031994182,0.3033886601085,-0.2666696254031,0.0804699996535,0.4095731042203,0.1487367945125,0.4049001242930,0.0444638125890,0.3921039723884,0.3022233820469,0.7560167250104,0.3822693083933,0.1572808934898,0.3203211435397,0.3286655103988,0.6111884486183,0.5269919749994,0.3877824666202,0.4500875630851,0.4066050292394,0.1902123657566,0.4488111226341,1.0000000000000,0.1974485680519,0.3265111386528,0.3553224136965,0.3832210565865,0.2301699099400,0.3914588134067,0.0056958425090,0.4000865680011,0.5154528124902,0.0346418799249,0.2824124449021,-0.2446479309962,0.1576822682562,0.2406443585841,0.1470638688264,-0.3312819679775,0.0852549970549,-0.2218210939713,0.2629495751802,-0.0948060089669,0.3784165811294,0.1490967101560,0.3955193810288,0.1595871550626,0.2256506415225,0.3047349632987,0.2615382750227,0.3467588897869,0.3096632119024,0.2278813173251,0.3078935400409,0.4057275787537,0.3630106052964,0.2187540460965,0.4292615563899,-0.1963881280255,0.2322005465885,0.2161241130988,0.1526671593273,0.1222901947200,0.2117969571863,0.1644064242950,0.0919840774383,0.3897634206465
0.4557143304401,0.3606336107959,0.6456744905129,0.1151208638068,0.2563801119927,0.1085981828868,0.2268939754995,0.4387067448436,0.1583288839769,0.2942916430755,0.2040084873657,0.4780049899859,-0.0357329688232,-0.0405467853046,0.4236245533419,0.2105620408109,0.4906540111838,0.7011278972067,0.3093107941048,0.6431951733286,0.3488574008242,0.6559960379421,0.4811891079576,0.7921261546970,0.4135219940285,0.1974485680519,1.0000000000000,0.7029622344606,0.3649438462426,0.5352849055990,0.6363307290541,-0.0071625575965,0.1318740440015,0.1843759623202,0.5293678138064,-0.1198595783178,0.2883577684744,0.1725926698026,0.4249421611138,0.3749036935590,-0.1480281547900,-0.0871686580218,-0.1390249387106,-0.4489625050911,0.0931162796441,-0.2759917002851,0.0388666668444,0.2400322363990,0.1906286087095,-0.4745135771498,-0.1303630990872,0.4232886599685,0.1603263022870,-0.1120828813288,0.2397153288350,0.3575596571936,0.1183377578198,0.2614588106971,0.2355008524268,0.1898942735467,0.3565052000688,0.5025154163182,0.6148287383241,0.2094487386837,-0.4271746546132,-0.2060949678324,0.3295914718676,-0.0910232377896,-0.2267807227251,0.1078788455643
0.3342866295211,0.2366771069315,0.5499301836558,0.1921280358724,0.1530748841447,-0.1742845917121,-0.1373765161474,0.4039023687930,-0.1457669307759,0.3106958618495,-0.1027372667647,0.3159051108129,-0.1450827911024,0.1093520250956,0.2941079806222,-0.0244283162710,0.6866872773020,0.7022381289886,0.3272122028762,0.4886331189921,0.2199499827257,0.5954577163781,0.6066960286410,0.7078536276513,0.4270538897110,0.3265111386528,0.7029622344606,1.0000000000000,0.3981497139954,0.3313197261787,0.4782571298753,0.0954317106307,-0.0772192314931,0.1122528366694,0.3493014076172,-0.0444834067208,0.1720187983433,0.1891540846558,0.3110052767843,0.2488271091275,-0.2824994921990,-0.4335786834498,0.1098185625913,-0.5932011487816,0.1124889121332,-0.4472674820111,0.0729433900612,0.0262618386298,0.2239278262124,-0.3656578867297,-0.2094741521569,0.6173263179835,0.3450850819274,0.1079590112902,0.3189517023213,0.2052778460884,0.3724541722268,0.4311013590510,0.5246720614313,0.1922967621895,0.2869773849981,0.3356943090622,0.8986401151478,0.3333795839947,-0.2872423460070,0.0414840982838,0.1999260812744,-0.0369334500730,-0.1592949630471,0.0784633460362
0.4525451926696,0.3343298819169,-0.0278428017262,0.6003362830251,0.4731550475015,-0.3324367633505,0.1752795560628,0.6464375361338,0.1094332181456,0.2775907071661,0.0951540544354,0.0628163746074,0.4475229693854,0.1833796769288,0.3684592056117,0.1385568346691,0.6944841799057,0.5098393911164,0.4055447314941,0.5552174618635,0.6136695923167,0.6620922327186,0.7371388529782,0.4132460840893,0.7381544074791,0.3553224136965,0.3649438462426,0.3981497139954,1.0000000000000,0.4864313746409,0.6987305668836,0.0842778762625,-0.0358840105036,0.4848070990104,0.4872616313728,0.2010583568807,0.2651800245590,-0.3992547378330,0.2265134179650,0.3809383314555,0.0354057830638,-0.3788762071945,0.2921383091270,-0.3840060999986,0.2104082317862,-0.1949102382574,-0.1336431752377,0.4030730077040,-0.2142205870282,-0.1242379026535,0.1193075356104,0.6430283155614,0.1891027841644,0.0459147030801,0.3069751968336,0.4397581874577,0.6007099325217,0.6887398767216,0.5176582092812,0.4067829989063,-0.0151342618198,-0.0831771317699,0.1961824132037,0.8575900971511,0.0901379279951,0.4970442892111,-0.0562400016484,0.0147250261704,0.0854764544858,0.3397479126994
0.7611063674054,0.4043692842417,0.3576278662618,0.5490930932008,0.5837031521641,0.1435879702892,0.6113029225945,0.4116825779900,0.3962544116410,0.4167678240318,0.5499312324347,0.5333137530612,0.4587766410779,0.3109340479593,0.7958882538610,0.5517089982756,0.3699331548982,0.5153434777287,0.5230995290263,0.6747938909470,0.7204146693175,0.6805461473036,0.5345733138543,0.5993180052041,0.4775754153718,0.3832210565865,0.5352849055990,0.3313197261787,0.4864313746409,1.0000000000000,0.6319200825098,0.1234431957028,0.1815485110999,0.7439845082818,0.8273434259034,-0.0578541046952,0.4024676423857,-0.1981669096023,0.5969853069962,0.5173466816776,0.2039745897879,0.0641184111694,-0.2298506897235,-0.2738743585142,0.3206065393660,0.0456150729780,0.1786694500603,0.5452375863892,0.2363227293849,-0.2604010853661,0.2269826462778,0.3730694025380,-0.0118701999750,-0.0870626302746,0.2348757824688,0.5853084209179,0.0891351877638,0.4471910770163,0.1568263206500,0.3423751036164,0.3094716399254,-0.0682130686431,0.2035596237028,0.2917184060688,-0.0012052387054,-0.0817365020288,0.2404219262300,0.0639429801079,0.2019964078103,0.4420791953418
0.6484577878755,0.4466196913099,0.3327202682327,0.5091025079066,0.3358785103470,0.0895907387456,0.3312463472655,0.7075677897108,0.2769771616537,0.2944687436655,0.2168651383583,0.3094898346290,0.2560744559466,0.0663513328993,0.5061455822966,0.2868214052196,0.6053529072376,0.5998614658052,0.4544268992330,0.7048495167695,0.5452342122355,0.7512233451718,0.6477060782394,0.6517489355927,0.5888879032527,0.2301699099400,0.6363307290541,0.4782571298753,0.6987305668836,0.6319200825098,1.0000000000000,0.0476178553516,0.1968478096620,0.4490952327760,0.6277637388680,0.1220253489797,0.3172836801618,-0.2423760798720,0.4706985389543,0.3253538976177,-0.0045280610967,-0.1672634369596,0.0946282836410,-0.4123633064882,0.1145155611431,-0.2583617763056,-0.1277659405814,0.3305577785155,-0.1560471457043,-0.3595069448922,-0.0357205053110,0.5062541914271,0.0694754034218,0.0008082028554,0.1469763474748,0.4227735522231,0.2338946091024,0.4548896981774,0.2558480910101,0.3264299314874,0.0380222130748,0.0208447019915,0.2935964422596,0.4967278475710,-0.2502941616156,0.1925927392299,-0.0086474792904,-0.0293763049182,-0.0821411358048,0.3022512061444
0.1169686042674,0.0928032428733,-0.1617210914450,0.2006911180113,0.2418402432791,-0.0820360076169,-0.0118093296499,0.2480762209633,-0.0144029073794,0.2643459493092,0.1439785699709,0.1163985137882,0.1697395574554,0.6316592275184,0.1012237553526,0.1227848880496,-0.0074283616579,0.2186239864994,0.0790258120500,0.0897591779207,0.1741855258586,0.0667131685651,0.1415193284187,-0.0660585189066,0.2137242167676,0.3914588134067,-0.0071625575965,0.0954317106307,0.0842778762625,0.1234431957028,0.0476178553516,1.0000000000000,0.0465186247920,0.2317300609210,-0.0011251940193,-0.0198195780039,0.0703408223715,-0.2916519701824,0.0270307885880,0.1579296512616,-0.0784842933986,-0.0925750802044,0.0557358479048,-0.2205853308145,0.0484665935802,0.2353371435455,0.1326505175150,0.0367204402809,0.1458650315408,-0.0163072202932,0.0022021461385,-0.0308564089481,0.0281480183695,0.1484704883159,0.1716509680834,0.0704890921815,0.0344049713709,0.1180233988470,0.0228182420776,0.0230290299871,0.0808546756857,-0.2905212193806,-0.0295189482810,-0.0756898941705,0.1163254355411,-0.0001913466208,-0.0560282381550,-0.0213712759042,-0.0306002979241,0.0186306063954
0.1268993874864,0.0712482365694,0.2105708681033,-0.0050161271536,0.0009504448932,0.7163690246503,0.4805207494404,0.0679417885830,0.5883955920191,0.0426787667286,0.3457581101962,0.2214519400651,0.1517080345635,0.1157119761585,0.4062382121904,0.4764759527432,-0.0195395096734,-0.0453064986896,0.0917797425133,0.0864556177769,0.0139422309624,0.1877436838443,-0.0853196282649,0.1660631078993,-0.0725156453678,0.0056958425090,0.1318740440015,-0.0772192314931,-0.0358840105036,0.1815485110999,0.1968478096620,0.0465186247920,1.0000000000000,0.0919292896345,0.0796659447231,-0.2457983710383,0.0187272796463,-0.0948307842461,0.1354799853116,0.0392911971905,0.2380138296548,0.3051249151542,-0.3835091824498,0.2492457041856,-0.0219664511602,0.1368912575527,0.1346417652013,0.1231503429421,0.0625094218533,0.0222725594069,0.3217524644900,-0.0444055413385,-0.1958756980298,-0.2484994538103,-0.0908077595151,-0.0455093387205,-0.2016024329862,-0.1526898000900,-0.1430947102640,-0.0892601699197,0.0225522808219,-0.0241626778790,-0.0719566352770,-0.1579391668134,-0.2255361480324,-0.2373029211219,-0.0008088348747,0.1536226770333,-0.3257917799107,-0.1114926772350
0.5590658125027,0.4118350870232,0.0211395411444,0.6385790943413,0.5409905249599,0.0138867664012,0.4313193466549,0.3484352034611,0.2967064477781,0.3244842055727,0.3875525229627,0.1811098911743,0.5607871931754,0.3569449196504,0.4845792987186,0.4664170488045,0.2504036286229,0.3382178846458,0.4176783517971,0.5098629660907,0.5966514088898,0.4865713121765,0.4973253253053,0.3026713872458,0.4158581117693,0.4000865680011,0.1843759623202,0.1122528366694,0.4848070990104,0.7439845082818,0.4490952327760,0.2317300609210,0.0919292896345,1.0000000000000,0.6994340033604,0.0789131614824,0.4811872766324,-0.3383800754716,0.4473396482417,0.4462962685814,0.3758064741222,-0.0440621580044,-0.0436116178370,-0.0747611459959,0.3012927449857,0.1201229013200,0.0692200472617,0.4429542624147,0.0098967816599,-0.0261024713879,0.3712284596002,0.2854440459750,0.0645878772544,-0.0725441078638,0.2813038791927,0.4290404822272,0.2264996739520,0.5019894955815,0.2160494407965,0.3233173510846,0.2376304048574,-0.2107446591020,0.0084772511879,0.3238203852769,0.3419541107389,0.1721730414906,0.0615401248836,0.1338080985343,0.5501614097690,0.5728377601750
0.7458978658378,0.6065303306121,0.3145529297740,0.6016182040750,0.4727175011285,0.0066986384164,0.4069586489562,0.4036256022440,0.2566981596124,0.4096506202036,0.2456236331902,0.5444053686668,0.3246017561799,0.2812086379824,0.6137248419251,0.3794730533254,0.4156155569894,0.5434975861279,0.6206782736819,0.8037260981121,0.6588078968089,0.6844685926090,0.6221587746508,0.5924910071156,0.5066963344054,0.5154528124902,0.5293678138064,0.3493014076172,0.4872616313728,0.8273434259034,0.6277637388680,-0.0011251940193,0.0796659447231,0.6994340033604,1.0000000000000,0.0406182411124,0.5430003151910,-0.2052195280209,0.6182217054405,0.5045119851008,0.1502273311110,-0.1021247951725,-0.0800714611736,-0.3452886500863,0.2755283055257,-0.1437112167345,0.2411961036516,0.4083844266945,0.1850574663199,-0.2618427187119,0.1575940250724,0.4263848750594,0.2044568650084,0.1109795674747,0.3147716184167,0.5540297458966,0.2308829631545,0.5417679850329,0.3020714214268,0.3738593701080,0.4184403351303,0.0044119281046,0.2559754195318,0.3729758399342,-0.0225846564832,0.0384671907663,0.2668269767520,0.0617138804771,0.2878206673990,0.6639945022210
