1.0000000000000,0.3273669812079,0.3095706608385,0.5269376314014,0.4386003965463,-0.0358296419058,0.3948784152893,0.3449461334528,0.0374259282248,0.2000719133480,0.3460820530479,0.1460530033274,0.4403308263987,-0.0036290301798,0.3923163378378,0.2066951269777,0.3582445786644,0.4960144998185,0.1928013451493,0.3334972732792,0.5322345749195,0.4814428883899,0.5209822359812,0.3997098183073,0.3525671580767,0.1874570195831,0.2262740154206,0.3110496598204,0.4694438642499,0.4824446987976,0.5487258803873,0.0501521749344,-0.1020926460788,0.4386430973460,0.5092187107573,0.5814207175155,0.2027454159172,0.1433419674522,0.3976356934907,0.3844405961653,-0.2129937718827,0.1712378693335,-0.0206066248441,-0.1564783770077,0.3176312801398,0.1632914107641,0.0730091169716,0.4796448098078,-0.1325374159175,-0.0942100825335,0.2488557574591,0.3006231151368,0.3657676802935,-0.0033335579400,0.2605217740172,0.5034019233157,0.1973801537906,0.3922905909492,0.2350749012513,0.3910569025477,0.0580271806895,0.0171002106497,0.2565910923185,0.4179431442882,0.1967135791654,0.0312098957231,-0.0344777491190,-0.0165155928601,0.1314720669191,0.3687841011089
0.3273669812079,1.0000000000000,0.5514314607800,0.6207927738366,0.1436071431853,-0.1656436212417,0.3351013401617,0.4025563623452,-0.0314102803679,-0.0548586370571,0.1186057340004,0.2384383747114,0.3257214860565,0.1882177423208,0.1226398395389,0.1022215298416,0.2991317562751,0.5980867333279,0.1698677999237,0.4421470542979,0.2893692523084,0.5404437473726,0.4524305012017,0.5769758187294,0.3246913577887,0.4973744549806,0.7414031118579,0.5500024857899,0.3259681498330,0.4070017021268,0.5924805014852,0.1563661605741,-0.2138073232622,0.3646347705822,0.6247144194478,0.0670069545528,0.7356011090051,0.4292774247094,0.6952598730589,0.1627053310434,-0.3860054834325,0.1327591918702,-0.0495442676135,-0.2062952984672,0.0352133072133,0.1670024666421,0.0553122466202,0.2904661707360,-0.1766512024281,-0.3002271139002,-0.0750806588351,0.2964110806398,0.4094202884658,-0.1370290989572,0.2557475275821,0.1636272971190,0.0494472293660,0.3515729837074,0.3410975042264,0.1866258804420,0.4781470278741,0.4280942667329,0.6059169125480,0.0997918201853,0.0205834553510,0.1555593678363,-0.0759578048598,-0.1631398290203,0.0771068160139,0.4749949805089
0.3095706608385,0.5514314607800,1.0000000000000,0.4743371665276,0.0575129588261,-0.0448883668896,0.4533937026508,0.5587389485316,0.1795306374659,0.0568213768999,0.1404145303986,0.4212639800025,0.2858999701901,0.3476491564330,0.3076665912265,0.2595669673881,0.3836782935540,0.6754182976936,0.4652564026440,0.5051703427612,0.2535326428914,0.5957108983970,0.1738062954355,0.7044932360327,0.2182686373950,0.4925632622929,0.6290149723169,0.8596852852852,0.4161967147347,0.3321740147186,0.5212694014777,0.0483021572938,-0.1069266072976,0.1926836820502,0.3740042961893,-0.0312322862583,0.3045262758385,0.7122343382910,0.3668519835524,0.0993633082428,-0.2431616786979,0.1972065815260,-0.1683668726753,-0.0577640989674,0.0692545763602,0.1122133038081,0.2369767332351,0.2521244767189,-0.0454479317344,-0.1917057643613,-0.0330454275183,0.4219281408852,0.3291939793418,0.0269489791996,0.2093404434484,0.1000841220058,0.1188081680479,-0.0261774015440,0.4424233711979,0.0423267216666,0.2415259388506,0.4023629611332,0.7954982186270,0.0728281951567,-0.1721963730216,-0.1614235173456,-0.2386705991988,-0.0258983539257,-0.1918576133036,0.1104873352023
0.5269376314014,0.6207927738366,0.4743371665276,1.0000000000000,0.1428231342544,-0.1287217025233,0.3935448227969,0.5777802948638,0.0675819627662,0.2762805172846,0.1756488339567,0.2336602922435,0.2798150004356,0.3373744472035,0.2124486487569,0.2331845334585,0.2728666056172,0.4784635833125,0.2225125467272,0.4413544433509,0.3153768572676,0.4445868860020,0.5190966705798,0.4252926978476,0.5281129043097,0.6053437500868,0.5191393599261,0.4924632122051,0.3455989932633,0.3073404624902,0.5991892698150,0.1260184113931,-0.1892676815149,0.4761093524740,0.5827781554291,0.2706740014804,0.3905695989741,0.3262774135368,0.8217840299942,0.1079785989566,-0.2808158486877,0.1811934474678,0.0892051331296,-0.0921703389490,0.3864616350813,0.2126887924460,0.1835756582761,0.2464631434654,0.0240599301552,-0.1238803336506,0.0708830272308,0.2282383294008,0.4276600571962,-0.0093406192212,0.4470591357780,0.2303112692475,-0.0167180379543,0.3728550087316,0.2102594349640,0.3537885525553,0.4360542630121,0.2016911870481,0.5036320248838,0.1911210336836,-0.0457034603484,0.0974323355867,0.0619008098959,-0.1125420970194,0.1445399014547,0.4803733365792
0.4386003965463,0.1436071431853,0.0575129588261,0.1428231342544,1.0000000000000,-0.2489661029906,0.1928281620290,-0.0328514472008,-0.2546197702603,0.4353502462132,0.3422055405498,-0.1819001701438,0.7582081973244,-0.0569846223372,0.1288286618730,0.1027653663888,0.3464416752846,0.3714771619930,-0.0171402493352,0.1839262937581,0.9017306748422,0.3444205863392,0.5161574218786,0.2422628442521,0.4870574805406,-0.0584539653637,-0.0521303849484,0.1320044177245,0.3569489596847,0.4697228223824,0.1585137685293,-0.0144303569635,-0.1205385195055,0.4207801516760,0.2183754966837,0.5887820609154,0.0274022872987,-0.0977074222489,0.1018000493895,0.9295813931402,-0.1682329653253,0.1610973322111,0.0148995445423,-0.3033118555902,0.3931211195662,0.2199234665121,-0.1209720471643,0.7580720359802,-0.0531516293986,-0.0903325643158,0.2407620165803,0.2863260193661,0.3257120515490,-0.0159795038502,0.3478865059287,0.9160954653529,0.3598365577667,0.4917430958031,0.1618936296641,0.6147058036786,-0.0856064818596,-0.1683670277461,0.0337023886929,0.4393217316596,0.5372827969238,0.1219839727749,-0.0972125951652,-0.0499038849830,0.4693706567772,0.3920912274895
-0.0358296419058,-0.1656436212417,-0.0448883668896,-0.1287217025233,-0.2489661029906,1.0000000000000,0.2737444041447,-0.0948941674995,0.7883432602039,-0.1573482636301,0.2632120074543,0.5405668867022,-0.3081504183765,0.3245867517517,0.5768435302500,0.5163334391004,-0.1813769294565,-0.3056848846927,0.4280476138354,-0.2535243709943,-0.3078035596211,-0.1730076674255,-0.3920590417106,-0.2203924348793,-0.2623448844092,-0.0271025404302,-0.0750420025015,-0.1885865592099,-0.1059080990817,0.0976232721580,-0.0769867641322,-0.2736766681085,0.7386931107803,-0.1563896288754,-0.2097073250931,-0.2663368780520,-0.1837423312111,-0.0775833689738,-0.0854914556196,-0.2053867272660,0.6404212552380,0.1386332693535,-0.3248686583342,0.6475364269647,-0.1350432610320,-0.0657541094029,0.4580060817315,-0.2578786724404,0.1996291480366,0.4762078267650,0.3860782700043,-0.2167200643296,-0.3718635751262,0.3768659986184,-0.3779642379035,-0.2555847828727,-0.3466155418444,-0.3596343990126,-0.3259056474119,-0.2840122325845,-0.0850561790845,-0.0786275930584,-0.1876918427572,-0.2284806768557,-0.1286681893014,-0.3346336381373,-0.0947430628696,0.6910515036966,-0.2982235838695,-0.1726208183624
0.3948784152893,0.3351013401617,0.4533937026508,0.3935448227969,0.1928281620290,0.2737444041447,1.0000000000000,0.1919415661206,0.4988734165357,0.1164120795951,0.5100764385504,0.5440288846651,0.5355777631153,0.4963408003995,0.5414611590917,0.5992386288070,0.1468670168938,0.2630201816128,0.4672778264298,0.1787289799197,0.3519925249451,0.2814704086193,0.0608781244018,0.2393835156917,0.1702748843951,0.2664702913622,0.3671020771110,0.2509550996233,0.1885776697699,0.4355303482421,0.3158193079372,-0.3457530765683,0.2470028183183,0.1687113671837,0.2755765256788,0.1562481409267,0.1190359696488,0.2265343839719,0.3065454631168,0.3149746016674,0.1315757317762,0.7750796236465,-0.3283716286417,0.3797584260342,0.1150914954351,0.4219816515094,0.4368047065172,0.4739757000437,0.1959076733072,0.2011853951619,0.4257866135836,0.0665880753112,0.0597936349621,0.3134102580669,-0.0281646207004,0.2991845274603,-0.1564334282365,-0.0149868504459,-0.0297734713077,0.1176629289317,0.0998999209118,0.2245703297134,0.1989911913091,0.0680561732753,0.0987262817000,-0.2579813845330,-0.2922265205794,0.4030944304626,-0.0671760995230,0.2393943669303
0.3449461334528,0.4025563623452,0.5587389485316,0.5777802948638,-0.0328514472008,-0.0948941674995,0.1919415661206,1.0000000000000,-0.0226839579366,0.2602556838058,0.0438332626975,0.1219736915839,0.1206352080781,0.0796670473490,0.0734237942451,0.0006084114275,0.2119009519387,0.4372423689826,0.1523796660077,0.3353161300526,0.1067933900252,0.3735049502189,0.2790231602974,0.3984385100210,0.4282741454622,0.4423737213777,0.3791306182276,0.5377393062514,0.3517712870100,-0.0323168151444,0.5355311403375,0.4085127367522,-0.1905544624246,0.1052439206585,0.2683318290535,0.0164156560819,0.2950194330767,0.3384956409423,0.4316417780012,-0.0440835266121,-0.3530904634589,0.0276179221248,0.3246861696931,-0.2067474410262,0.3252840289273,-0.0137170442403,-0.0432233200793,0.0623785305549,-0.1016682409410,-0.2716720167421,-0.1999788262774,0.2342160274489,0.1614332997890,-0.2662968417988,0.1641238571697,-0.0258842710079,-0.0066407389202,0.1013882348193,0.1926791457420,0.2246187872377,0.3030318668618,0.2080437767267,0.5445988604515,0.1503611535785,-0.3863119813329,-0.0155411851496,0.1948300318535,-0.2322021977477,-0.2253272858528,0.0079674892265
0.0374259282248,-0.0314102803679,0.1795306374659,0.0675819627662,-0.2546197702603,0.7883432602039,0.4988734165357,-0.0226839579366,1.0000000000000,-0.1377056055156,0.4467447667331,0.7043205958465,-0.2063834659456,0.5758178837389,0.7512676858075,0.6588296223764,-0.1643589904693,-0.1849898105221,0.6680107178371,-0.0789421415365,-0.2221834015984,-0.1148696553362,-0.4082087578977,-0.1385212869057,-0.1865522424659,0.1685551502801,0.1589508110204,-0.0601967577258,-0.0529232240757,0.1905608202829,0.0300614097451,-0.4076087298535,0.6681997039053,-0.0867499942237,-0.0349389210302,-0.3051708279446,-0.1573012573503,0.0451528664127,0.0564468961973,-0.1856663001427,0.6440453005009,0.3779178269642,-0.4114463992750,0.8018777398431,-0.1404260984632,0.1496814332444,0.6498795471490,-0.2042624797114,0.3121493446460,0.5485330559685,0.3715578884625,-0.2279021111425,-0.3930427890293,0.5392499283438,-0.2970958071764,-0.2177967038132,-0.4701260329982,-0.4380455605407,-0.3626274372449,-0.2793517508806,0.0356897852501,0.0625986435830,-0.0942487524729,-0.2643092087475,-0.1985812169287,-0.4433797517423,-0.2890267163139,0.6646790114516,-0.3377714947445,-0.0535492352121
0.2000719133480,-0.0548586370571,0.0568213768999,0.2762805172846,0.4353502462132,-0.1573482636301,0.1164120795951,0.2602556838058,-0.1377056055156,1.0000000000000,0.2672684739905,-0.1320584007197,0.3851345477696,0.2008449383191,0.1310046313741,0.1554924256086,-0.0538102234365,0.1123929888474,-0.0645576550534,0.0479486442813,0.4053671174780,-0.0253052865145,0.2986268143959,-0.1028769384379,0.6291222288876,0.2859227989514,-0.1879872372331,0.0435070788539,0.0979064260077,0.1062439670081,-0.1156531468558,0.2436727451181,-0.0922839193166,0.1802984462759,0.0213825492755,0.2163364789476,-0.2206910388909,-0.2567703381249,0.2067776023739,0.4141831256754,-0.0427915497937,0.1094234613326,0.1992145579444,-0.1033499142781,0.8295616184887,0.1697714368933,-0.0930258024354,0.3009879270993,0.2422384660838,0.1951572214083,0.1289487801648,-0.0940298486051,-0.0152955935592,-0.1173875119445,0.1207609275935,0.4256123330344,-0.0115192279577,0.2241689054470,-0.1876503941492,0.5784050016071,0.1079265681646,-0.3606820648355,-0.0898124582578,0.1304581634012,0.2399306669576,-0.0844320255423,0.2117807330804,0.0800319449268,0.2648432077063,0.1503148851688
0.3460820530479,0.1186057340004,0.1404145303986,0.1756488339567,0.3422055405498,0.2632120074543,0.5100764385504,0.0438332626975,0.4467447667331,0.2672684739905,1.0000000000000,0.2320347421230,0.3970406076851,0.2523592947651,0.6497094670217,0.4657422197221,-0.0836966095156,0.1274104454698,0.2886201223857,0.0858253643229,0.2877176855775,0.0838402554498,-0.0224781033692,-0.0187471257538,0.1098339228129,0.1370703864657,0.1071969866580,-0.0154907906598,0.3180058639531,0.3593712006467,0.0296854313763,-0.0732579478585,0.2570693742414,0.0969122346214,0.0940331127678,0.1331006288960,-0.0584773293601,-0.1536755751211,0.1578256821948,0.4110364145910,0.3073352362812,0.4010626448548,-0.1653868426195,0.4116690314949,0.1446326310978,0.6431274130866,0.2049014688971,0.3884184081846,0.1238208011944,0.3955088408390,0.4585054127460,-0.1120194912029,-0.1873220218664,0.1676546915109,-0.1053032062926,0.3630293285706,-0.1715115410557,-0.0819129593722,-0.2492113543900,0.1237130967071,-0.1312010276124,-0.1441587263847,-0.0947829939882,0.1315865392067,0.1439671976889,-0.2683752020979,-0.2227207355779,0.3465534821171,-0.0037318908934,0.1126610769067
0.1460530033274,0.2384383747114,0.4212639800025,0.2336602922435,-0.1819001701438,0.5405668867022,0.5440288846651,0.1219736915839,0.7043205958465,-0.1320584007197,0.2320347421230,1.0000000000000,-0.0395137368660,0.6920100894551,0.6080699563967,0.6737591785388,0.0751783510586,0.1160794790089,0.8043777983664,0.0950524149073,-0.0649704878398,0.1778053700382,-0.1145599385143,0.2152521217575,-0.0943425479802,0.2754474593690,0.3210253310256,0.2689701090215,0.1032859440904,0.3373137781522,0.2606458126485,-0.3876005998742,0.4996089597595,0.0808428649391,0.2052152909211,-0.1611584193147,0.0564581863850,0.3069121889914,0.1934723329100,-0.1267742531543,0.3911650344391,0.3104074387343,-0.3980011695883,0.5192410210978,-0.0742398610922,-0.0010108226936,0.7834596630092,-0.0387221202180,0.2693231071471,0.3239779312016,0.3210332057631,0.0115070938290,-0.0696167563350,0.5423687417365,-0.0834292808722,-0.1265076233158,-0.2276332242186,-0.2351473913378,-0.0208275751825,-0.1752070615522,0.1833279131243,0.1810287984158,0.2244616888762,-0.1336676215832,-0.1301044905582,-0.3229234092647,-0.1622691611145,0.5356672435991,-0.2444286086428,0.0730144300141
0.4403308263987,0.3257214860565,0.2858999701901,0.2798150004356,0.7582081973244,-0.3081504183765,0.5355777631153,0.1206352080781,-0.2063834659456,0.3851345477696,0.3970406076851,-0.0395137368660,1.0000000000000,0.0793130207054,0.1285826273965,0.1334814213458,0.3532603112650,0.4487895763099,0.0387261048863,0.2353614522590,0.8003185840881,0.4116141690390,0.4594198173379,0.3362959670448,0.4659834217188,0.0799321011164,0.1612057554904,0.2681246435224,0.3307004771989,0.4324577294468,0.2846494624205,-0.0215792725847,-0.1991287570228,0.2944192833800,0.2520371105484,0.5055021882423,0.1466213547309,0.0450419860071,0.1982646325866,0.8138703070587,-0.3041037804734,0.4952560534557,-0.0348394979915,-0.2347640743914,0.3598393376719,0.4476809703452,-0.0574296636797,0.9436014240644,0.0406717708527,-0.1392439762287,0.2407707950478,0.2760043561073,0.3658359692300,-0.0498789556981,0.2516234495653,0.7872355582339,0.2751135116871,0.4279610594585,0.2064925166972,0.5382360418660,-0.0092543084661,0.0488409094644,0.1945782480646,0.3699201835106,0.4170442555714,0.0673839852555,-0.0994936872450,-0.0042160323022,0.2956906762533,0.3256336015454
-0.0036290301798,0.1882177423208,0.3476491564330,0.3373744472035,-0.0569846223372,0.3245867517517,0.4963408003995,0.0796670473490,0.5758178837389,0.2008449383191,0.2523592947651,0.6920100894551,0.0793130207054,1.0000000000000,0.5223816766935,0.6375782783308,0.0318403378781,0.0099059168268,0.6265555850143,0.0403448111679,0.0317338586150,0.1024093027229,-0.0969990518521,0.0946729179123,0.1854725305709,0.5662479429474,0.2871067391641,0.2631264653206,0.0534137355497,0.2506289175583,0.1247355109357,-0.2336644649470,0.3629121343474,0.1256150380737,0.1326859019928,-0.1853672496131,-0.0170991134463,0.1864290055404,0.2854641020444,-0.0063808627698,0.3841159966969,0.3296844480724,-0.3002170532705,0.5400913505767,0.1441743056924,0.1604604831226,0.6937523406951,0.0280433839058,0.6218684893078,0.4178025727335,0.2717330852147,-0.0341194463049,-0.1381820408309,0.4987138535257,0.0092284560589,-0.0332722879440,-0.2516364290204,-0.1592372442298,-0.1119871313954,0.0156374005516,0.3793136356207,0.0538419533203,0.1580889761823,-0.1365722723163,-0.0713078678522,-0.3003074378989,-0.0215463293143,0.5469437829847,-0.0892990874969,0.1048884706420
0.3923163378378,0.1226398395389,0.3076665912265,0.2124486487569,0.1288286618730,0.5768435302500,0.5414611590917,0.0734237942451,0.7512676858075,0.1310046313741,0.6497094670217,0.6080699563967,0.1285826273965,0.5223816766935,1.0000000000000,0.7339369158034,0.0222846516132,0.1626551959287,0.6593056615031,0.1126478365655,0.1083017856847,0.1922135543951,-0.0622293777217,0.1288785412123,0.0172540417154,0.2321898149806,0.2036624125650,0.1467786006762,0.2633432421612,0.5595767775231,0.1939514501470,-0.2233424054057,0.5527897931948,0.2075208662479,0.1838396006963,0.0032808059919,-0.1283026761353,-0.0220532979439,0.1524017296510,0.1501746072281,0.4738966389130,0.3372239299730,-0.3796264003099,0.5177957777432,0.1071804288381,0.1960849818508,0.4609751361689,0.1307850783620,0.1868770299968,0.4761837144491,0.5132430365806,-0.0228842804375,-0.1432490995780,0.3845296969173,-0.1166205561817,0.1343529462641,-0.2257051491014,-0.1741382273197,-0.1977500302956,0.0151319061373,-0.0553132635037,-0.0771503029582,0.0218093439129,0.0263545343761,0.0678347053108,-0.4417533047662,-0.2645373898978,0.6273935214024,-0.1123691396740,0.1027078856904
0.2066951269777,0.1022215298416,0.2595669673881,0.2331845334585,0.1027653663888,0.5163334391004,0.5992386288070,0.0006084114275,0.6588296223764,0.1554924256086,0.4657422197221,0.6737591785388,0.1334814213458,0.6375782783308,0.7339369158034,1.0000000000000,0.0365704861773,0.0315138219590,0.5965751326856,-0.0455159955127,0.1271121412760,0.1087560695359,-0.0455602969945,0.0564039124603,0.0751447795276,0.2042935546060,0.0681799045078,0.1037211986621,0.1695627293164,0.4351578235490,0.1810609223460,-0.4046141631112,0.5994949427773,0.2297370598458,0.1328822249508,0.0303669906034,-0.1067002185030,0.0970446650527,0.1562285668931,0.1474806525641,0.5883553014551,0.3269244925554,-0.3762375396330,0.5784050109713,0.1689831573401,0.0885029048223,0.5817289715450,0.1620151777318,0.3438684643468,0.5254659105189,0.6842375855442,-0.0648760719582,-0.1151653731486,0.4731110167286,-0.0868773732675,0.1370346287032,-0.2289537464770,-0.1246302933139,-0.1850788579024,0.0741783767835,0.0319127319648,-0.0771115587973,0.0021787461768,0.0010919289411,0.0715733475271,-0.3463100621586,-0.2449159554735,0.6784781565658,-0.0077623625700,0.1045560299213
0.3582445786644,0.2991317562751,0.3836782935540,0.2728666056172,0.3464416752846,-0.1813769294565,0.1468670168938,0.2119009519387,-0.1643589904693,-0.0538102234365,-0.0836966095156,0.0751783510586,0.3532603112650,0.0318403378781,0.0222846516132,0.0365704861773,1.0000000000000,0.4304334204058,0.0738800695967,0.2420790513497,0.4569289283917,0.7731488545837,0.5733271628460,0.7724591616216,0.4334035659235,0.0217546093740,0.2163581959609,0.5472503867935,0.5664813356959,0.3556808024814,0.6153363178958,-0.1291266238633,-0.0981272510940,0.3071138049573,0.3793225471257,0.4374221338041,0.2994458100781,0.4105464391164,0.0888395835864,0.3103520666439,-0.2982266933164,0.0887553315219,-0.1098827601753,-0.2896441933197,0.0588212406421,-0.0654628402562,-0.0288065902396,0.3962527732254,-0.1384510053495,-0.4157614003935,-0.0666826829732,0.9299902942627,0.4180205001809,-0.0374513980001,0.2493968636546,0.3481872948622,0.6921642380470,0.5737590699316,0.7726720005576,0.4402286873800,0.0142154838704,0.1112986765528,0.4609921896849,0.5693849611989,0.1122791684140,0.3221241609424,-0.1493079765335,-0.1381748746721,0.1473197404783,0.2603886538525
0.4960144998185,0.5980867333279,0.6754182976936,0.4784635833125,0.3714771619930,-0.3056848846927,0.2630201816128,0.4372423689826,-0.1849898105221,0.1123929888474,0.1274104454698,0.1160794790089,0.4487895763099,0.0099059168268,0.1626551959287,0.0315138219590,0.4304334204058,1.0000000000000,0.2162327927436,0.7967488761891,0.4997903714781,0.6715216923047,0.4744144865083,0.7338012136229,0.2691879733243,0.2536123547209,0.5988647237745,0.6563184288587,0.4354757094449,0.5579494631992,0.5569593175242,0.2624213742585,-0.2244534671307,0.5030997330744,0.6604841297069,0.3357317680967,0.4627121339008,0.3460517696095,0.3854731620460,0.3333323905951,-0.4489722799975,0.0725412957183,-0.0926810610189,-0.3939241173895,0.1095033895887,0.1147356063320,-0.1221582456558,0.4439477082763,-0.3168425065397,-0.4019376022111,-0.0644182775418,0.4521963665085,0.6106704755588,-0.1846558114788,0.4860451271382,0.3976439641307,0.3093888584227,0.3004364385834,0.4871301919518,0.1904168358285,0.0974026498862,0.2839317710769,0.5774584973221,0.1769637571707,0.1986446971189,0.0605059997315,-0.0832074775628,-0.2577992082176,0.2250868367077,0.4631697083048
0.1928013451493,0.1698677999237,0.4652564026440,0.2225125467272,-0.0171402493352,0.4280476138354,0.4672778264298,0.1523796660077,0.6680107178371,-0.0645576550534,0.2886201223857,0.8043777983664,0.0387261048863,0.6265555850143,0.6593056615031,0.5965751326856,0.0738800695967,0.2162327927436,1.0000000000000,0.2542985903666,0.0532662264965,0.1196462393833,-0.1008028364011,0.1786613174639,-0.0746578231350,0.2571459594176,0.2949909224161,0.3029849441969,0.1429204608117,0.3318049325026,0.2195582337233,-0.2827113933525,0.3591459110201,0.1471404454818,0.1612701053695,-0.0814808298389,-0.0905791732946,0.2779700631816,0.1404083392031,0.0046476057474,0.3087889069129,0.2752802109996,-0.2692662388178,0.4418456741847,-0.0281816095019,0.0554274446456,0.7280968934357,0.0381546322209,0.2857463782736,0.3687258423222,0.2822838223718,0.0035311251691,0.0042834779473,0.6269981241965,0.0741276524588,0.0104163271312,-0.2270514122561,-0.2373288927083,-0.0919303849220,-0.1304702358998,0.1268309877280,0.1968057492466,0.2104573882055,-0.0647429951649,-0.0985613015812,-0.3353930616954,-0.1190980859991,0.4246053535844,-0.1924424447263,0.0579473779052
0.3334972732792,0.4421470542979,0.5051703427612,0.4413544433509,0.1839262937581,-0.2535243709943,0.1787289799197,0.3353161300526,-0.0789421415365,0.0479486442813,0.0858253643229,0.0950524149073,0.2353614522590,0.0403448111679,0.1126478365655,-0.0455159955127,0.2420790513497,0.7967488761891,0.2542985903666,1.0000000000000,0.3287874462370,0.4265905974167,0.3039083260887,0.5096954534006,0.1304646402609,0.2756888170363,0.5918568129226,0.4446822736293,0.2832611470792,0.4666071951737,0.4553477479381,0.2658765505075,-0.2261903733309,0.4056656855888,0.6695642173019,0.2126880228825,0.3494227051754,0.1974662525275,0.4134608536821,0.1333660284457,-0.3596415984106,0.0731098483340,-0.0741777926602,-0.2094865656159,-0.0062355873823,0.1533546341762,-0.0751907910215,0.1924122268872,-0.2024485863849,-0.2421476412635,-0.1989411369056,0.2661266328280,0.4503687157695,-0.0390109992080,0.6011346754155,0.2291201540880,0.1273591991561,0.1978340208630,0.2764153476731,0.0284970615182,0.1610816056348,0.2694567691635,0.3833869215225,0.0314650380533,0.2165626239807,0.1350870436280,-0.0213502729001,-0.2587031940223,0.2031924836648,0.5035564887649
0.5322345749195,0.2893692523084,0.2535326428914,0.3153768572676,0.9017306748422,-0.3078035596211,0.3519925249451,0.1067933900252,-0.2221834015984,0.4053671174780,0.2877176855775,-0.0649704878398,0.8003185840881,0.0317338586150,0.1083017856847,0.1271121412760,0.4569289283917,0.4997903714781,0.0532662264965,0.3287874462370,1.0000000000000,0.4754699874267,0.5810894899308,0.3924805866600,0.5341456846192,0.0930347726221,0.1028609636901,0.2987333595346,0.3588436401290,0.5005399134829,0.3474178847146,-0.0541275544646,-0.2249035450641,0.5090852319229,0.3960628453388,0.6152681708428,0.1612247402555,0.1111654828258,0.2501393481929,0.8588148479384,-0.2985773917292,0.2647859595776,-0.0491282676385,-0.3020431708469,0.4017133166819,0.2439631491561,-0.0215726490030,0.7746283231062,-0.0196488294629,-0.1551949066337,0.1571636771380,0.3667446641350,0.3933743412268,0.0043428967905,0.4446166455543,0.9344104331974,0.3692928288402,0.5192149612354,0.2756046209570,0.5926183379080,0.0523981157638,-0.0232323696182,0.2078689455885,0.3835409254358,0.4880668383720,0.1501777453318,-0.1349690953571,-0.1187095163318,0.4437503137827,0.5035955277032
0.4814428883899,0.5404437473726,0.5957108983970,0.4445868860020,0.3444205863392,-0.1730076674255,0.2814704086193,0.3735049502189,-0.1148696553362,-0.0253052865145,0.0838402554498,0.1778053700382,0.4116141690390,0.1024093027229,0.1922135543951,0.1087560695359,0.7731488545837,0.6715216923047,0.1196462393833,0.4265905974167,0.4754699874267,1.0000000000000,0.5582547126544,0.9321550783853,0.3981381687908,0.2431583976670,0.4900496531050,0.6907507225919,0.6688597311711,0.5647312337556,0.7328689743865,0.0627705372573,-0.1180301134202,0.4928539948617,0.5703348234315,0.3461346496435,0.4770514808494,0.4702084067364,0.3247181897961,0.3554517556229,-0.3804015656049,0.1326498064353,-0.1399057229346,-0.2744173562365,0.0718523955719,0.0815473735841,-0.0683006016731,0.4320116023543,-0.2734187314784,-0.4187248663155,-0.0546441419477,0.7957591656049,0.4449667954863,-0.2055394361223,0.2584702962518,0.3733060060651,0.6364571351824,0.4589814161186,0.7778641239598,0.3864721075267,0.0952524139608,0.2011126473018,0.6331563674176,0.4921440457684,0.1547561314513,0.2174644840893,-0.1668088573818,-0.1403729267866,0.1795439142631,0.3559831676057
0.5209822359812,0.4524305012017,0.1738062954355,0.5190966705798,0.5161574218786,-0.3920590417106,0.0608781244018,0.2790231602974,-0.4082087578977,0.2986268143959,-0.0224781033692,-0.1145599385143,0.4594198173379,-0.0969990518521,-0.0622293777217,-0.0455602969945,0.5733271628460,0.4744144865083,-0.1008028364011,0.3039083260887,0.5810894899308,0.5582547126544,1.0000000000000,0.5285501320818,0.6215274405582,0.0490110622425,0.1326734750222,0.3472681612834,0.4890648363981,0.3898075524778,0.5774546568523,0.0493611792370,-0.3143080708982,0.5347294761844,0.4793143046005,0.5673151163161,0.3091234207443,0.1363874540082,0.4024459875325,0.4384128016811,-0.4216919052202,-0.0217578462315,0.2074451929210,-0.5056025564138,0.4334439314336,0.0035951079174,-0.1651941197488,0.4610138710115,-0.2044962682811,-0.3760704042934,-0.0218200347844,0.5089513617822,0.5720984548683,-0.1583498713480,0.4289843723126,0.5461835357617,0.5092507300330,0.8809441778453,0.5013295301408,0.6761896184598,0.0324974105014,-0.0792265845595,0.3142043457276,0.5576979296021,0.3291984067451,0.4812658426796,0.0305474966102,-0.2681552341427,0.4601912660908,0.4957564755262
0.3997098183073,0.5769758187294,0.7044932360327,0.4252926978476,0.2422628442521,-0.2203924348793,0.2393835156917,0.3984385100210,-0.1385212869057,-0.1028769384379,-0.0187471257538,0.2152521217575,0.3362959670448,0.0946729179123,0.1288785412123,0.0564039124603,0.7724591616216,0.7338012136229,0.1786613174639,0.5096954534006,0.3924805866600,0.9321550783853,0.5285501320818,1.0000000000000,0.3103628462268,0.2327991824725,0.5458713669314,0.8024559095015,0.6548851475976,0.4982368563260,0.7279332754119,0.0496908752526,-0.1681640610758,0.4336998731340,0.5640252477064,0.2500648921543,0.4736009597694,0.5935512478312,0.2917936402597,0.2387186580094,-0.4081880302919,0.0852283705160,-0.1300252143625,-0.3250041956875,-0.0210473398709,-0.0065625210457,-0.0328609272581,0.3511016726442,-0.3157982655404,-0.5062387105167,-0.1334738970072,0.8247778167122,0.5134890089665,-0.1595327964571,0.2996163855632,0.2670737420780,0.5929347465999,0.3974245906115,0.8344934081947,0.2606174919362,0.0952422636187,0.2723674458389,0.7421789012220,0.4348739112488,0.0491158510145,0.2046585969642,-0.1806184343190,-0.2000021486451,0.1034303675987,0.3089637599202
0.3525671580767,0.3246913577887,0.2182686373950,0.5281129043097,0.4870574805406,-0.2623448844092,0.1702748843951,0.4282741454622,-0.1865522424659,0.6291222288876,0.1098339228129,-0.0943425479802,0.4659834217188,0.1854725305709,0.0172540417154,0.0751447795276,0.4334035659235,0.2691879733243,-0.0746578231350,0.1304646402609,0.5341456846192,0.3981381687908,0.6215274405582,0.3103628462268,1.0000000000000,0.3174847086378,0.1332258013415,0.2771057333876,0.4027281629335,0.1908660519901,0.3642346661866,0.1520016218700,-0.1658061264036,0.2988591942335,0.2937582035379,0.3551091716482,0.1962663410680,0.0674359357641,0.4153177528093,0.4704930702009,-0.2450794985577,0.1584752008947,0.3222807607730,-0.2288891698745,0.6795673211999,0.1531323602041,-0.0971847526428,0.4095900755047,0.1418738744442,-0.1106005062055,0.0047206778661,0.3738485698091,0.2014870763873,-0.1568895486064,0.2561649556046,0.4597045691380,0.2881345395499,0.6212568796592,0.2348759456412,0.8605881686278,0.3044143789499,-0.1190106563518,0.2076436484766,0.4275866461846,0.1410549598950,0.2840317871972,0.1299159131917,-0.0871136683131,0.2627503241735,0.3597570841700
0.1874570195831,0.4973744549806,0.4925632622929,0.6053437500868,-0.0584539653637,-0.0271025404302,0.2664702913622,0.4423737213777,0.1685551502801,0.2859227989514,0.1370703864657,0.2754474593690,0.0799321011164,0.5662479429474,0.2321898149806,0.2042935546060,0.0217546093740,0.2536123547209,0.2571459594176,0.2756888170363,0.0930347726221,0.2431583976670,0.0490110622425,0.2327991824725,0.3174847086378,1.0000000000000,0.5484659167379,0.5085274466269,0.1135413880204,0.1281648531999,0.2331213719914,0.2829718582794,-0.1430034472024,0.2156723467548,0.3845106911377,-0.1859673784829,0.2918821298624,0.3271946703188,0.6603905828256,-0.0820606205180,-0.1564713568155,0.0711209428261,-0.0159414888317,0.0875698180203,0.2319705825251,0.1198915724336,0.2769428744572,-0.0235443445937,0.3429000328485,0.0786237690906,-0.0634908543783,0.0454537793205,0.0187808721702,0.0313454332689,0.2201173372304,-0.0475319552431,-0.2025517932637,-0.0513738966941,0.0131899760702,0.0688081446482,0.7336286547944,0.2279291498375,0.4753852786086,-0.1144747372857,-0.2083545657683,-0.1977809364030,0.1375370401652,-0.0148689953547,-0.1238438541505,0.2209451065080
0.2262740154206,0.7414031118579,0.6290149723169,0.5191393599261,-0.0521303849484,-0.0750420025015,0.3671020771110,0.3791306182276,0.1589508110204,-0.1879872372331,0.1071969866580,0.3210253310256,0.1612057554904,0.2871067391641,0.2036624125650,0.0681799045078,0.2163581959609,0.5988647237745,0.2949909224161,0.5918568129226,0.1028609636901,0.4900496531050,0.1326734750222,0.5458713669314,0.1332258013415,0.5484659167379,1.0000000000000,0.5759871763249,0.2602596878083,0.3962508998965,0.5102308341240,0.1531709758222,-0.1121835788299,0.2624108332685,0.5725867903073,-0.0943426384435,0.5903370726474,0.4672384613811,0.5608475446666,-0.0221631777143,-0.2719492375120,0.2006526284591,-0.1143569197468,-0.0042886127624,-0.1610385284746,0.1552853568214,0.1453982620746,0.0943562474026,-0.0788238569539,-0.1999025999978,-0.1997011165415,0.2559419666971,0.3389050759203,0.0102384719801,0.2455119912794,-0.0385314491286,-0.0420441306527,0.0500075309359,0.2961754365622,-0.0379539077828,0.4589059116353,0.6809672659950,0.6150763407253,-0.0220070873280,-0.0636342649640,0.0267966386574,-0.0761954213806,-0.1221547089599,-0.0679023015981,0.3735524634850
0.3110496598204,0.5500024857899,0.8596852852852,0.4924632122051,0.1320044177245,-0.1885865592099,0.2509550996233,0.5377393062514,-0.0601967577258,0.0435070788539,-0.0154907906598,0.2689701090215,0.2681246435224,0.2631264653206,0.1467786006762,0.1037211986621,0.5472503867935,0.6563184288587,0.3029849441969,0.4446822736293,0.2987333595346,0.6907507225919,0.3472681612834,0.8024559095015,0.2771057333876,0.5085274466269,0.5759871763249,1.0000000000000,0.4631192603233,0.2741467048701,0.5505944602193,0.1510461688830,-0.2030441937207,0.2550093562362,0.3762665159038,0.0571309332651,0.3768219930616,0.7368730944698,0.3635791272360,0.1043892030202,-0.3757536713412,0.0100357605885,-0.1163325157088,-0.2807500111089,0.0748021426903,-0.0437589759020,0.1131782147849,0.2472836500901,-0.0830261766880,-0.3924644227106,-0.1227761972145,0.6147802634304,0.4339612137555,-0.0855357307438,0.3560033711428,0.1349211576519,0.3269851148552,0.1493560863051,0.6323087674002,0.1145964493287,0.2981587790662,0.3389769783016,0.9318052341961,0.1851534013168,-0.1939081021401,-0.0476379810354,-0.1057149588590,-0.1762285493745,-0.1316608386225,0.1145042621320
0.4694438642499,0.3259681498330,0.4161967147347,0.3455989932633,0.3569489596847,-0.1059080990817,0.1885776697699,0.3517712870100,-0.0529232240757,0.0979064260077,0.3180058639531,0.1032859440904,0.3307004771989,0.0534137355497,0.2633432421612,0.1695627293164,0.5664813356959,0.4354757094449,0.1429204608117,0.2832611470792,0.3588436401290,0.6688597311711,0.4890648363981,0.6548851475976,0.4027281629335,0.1135413880204,0.2602596878083,0.4631192603233,1.0000000000000,0.3595663670786,0.5622211823470,0.0823480734969,-0.0414533188631,0.2796165031369,0.3248763124155,0.3332834964011,0.1877313593245,0.2954627821430,0.2323245048057,0.3653652986785,-0.1549562013123,0.0317000867522,0.1256101027277,-0.1426367137345,0.1630296898643,0.1340081096262,-0.0441062481437,0.3821991592888,-0.2328829904716,-0.1678319931982,0.0748013595589,0.6398392006314,0.2398298275268,-0.1012197210438,0.1202703589444,0.3494738024802,0.5067194746631,0.3758876652597,0.5621608409267,0.4573724625097,-0.0723323303590,0.0106074371669,0.3962011560308,0.8041381309332,0.0364021790970,0.2636672218945,-0.0905981763056,-0.0445687166647,0.0836929770294,0.1617839969952
0.4824446987976,0.4070017021268,0.3321740147186,0.3073404624902,0.4697228223824,0.0976232721580,0.4355303482421,-0.0323168151444,0.1905608202829,0.1062439670081,0.3593712006467,0.3373137781522,0.4324577294468,0.2506289175583,0.5595767775231,0.4351578235490,0.3556808024814,0.5579494631992,0.3318049325026,0.4666071951737,0.5005399134829,0.5647312337556,0.3898075524778,0.4982368563260,0.1908660519901,0.1281648531999,0.3962508998965,0.2741467048701,0.3595663670786,1.0000000000000,0.4605630009652,-0.1827814699971,0.1332565858670,0.6738591174970,0.5812652371296,0.3306910094642,0.2252175545304,0.1048297775456,0.3387645031537,0.4613864544628,0.0030064624515,0.2497422634691,-0.3404659296000,0.0085467208970,0.1146983677988,0.1488555321986,0.1436326586205,0.4270993897644,-0.0798604326017,0.0150979921976,0.3070101723508,0.3078894942636,0.3577717698847,0.1549362666700,0.2820943856978,0.4931502327286,0.1993199113844,0.3445536561890,0.2445231327708,0.2734006154955,0.0133456846414,0.0839139358713,0.1897714620124,0.2174664474203,0.6515791913058,0.0611386985350,-0.2138031955481,0.2135032688931,0.4582901318376,0.5564821185938
0.5487258803873,0.5924805014852,0.5212694014777,0.5991892698150,0.1585137685293,-0.0769867641322,0.3158193079372,0.5355311403375,0.0300614097451,-0.1156531468558,0.0296854313763,0.2606458126485,0.2846494624205,0.1247355109357,0.1939514501470,0.1810609223460,0.6153363178958,0.5569593175242,0.2195582337233,0.4553477479381,0.3474178847146,0.7328689743865,0.5774546568523,0.7279332754119,0.3642346661866,0.2331213719914,0.5102308341240,0.5505944602193,0.5622211823470,0.4605630009652,1.0000000000000,-0.0199767967187,-0.1204727608744,0.4721949522888,0.5931992669061,0.3266151109852,0.4790353675079,0.4536814177550,0.4741212811265,0.1665444241942,-0.3134983395583,0.1129278025716,-0.0774655657857,-0.1740413632512,0.0513958797215,-0.0050456217720,0.0830939836697,0.3225084170271,-0.1562501901631,-0.3612639319905,0.0021217930546,0.5509018977007,0.4841580813003,-0.0537441451492,0.3583137892427,0.2364461306505,0.3305469768470,0.4775678468582,0.5604860716769,0.3119624491092,0.1887569639726,0.2849225897339,0.5481629837944,0.4164376347932,0.0478609411132,0.3408744894820,-0.0746069117910,-0.1255664974013,0.1213802706368,0.3823310728838
0.0501521749344,0.1563661605741,0.0483021572938,0.1260184113931,-0.0144303569635,-0.2736766681085,-0.3457530765683,0.4085127367522,-0.4076087298535,0.2436727451181,-0.0732579478585,-0.3876005998742,-0.0215792725847,-0.2336644649470,-0.2233424054057,-0.4046141631112,-0.1291266238633,0.2624213742585,-0.2827113933525,0.2658765505075,-0.0541275544646,0.0627705372573,0.0493611792370,0.0496908752526,0.1520016218700,0.2829718582794,0.1531709758222,0.1510461688830,0.0823480734969,-0.1827814699971,-0.0199767967187,1.0000000000000,-0.3190446482334,-0.0124167332785,0.0739617264358,-0.0889677230812,0.1874311615888,-0.1567315194534,0.1616377587166,-0.0762879801402,-0.3574415761380,-0.3277315793881,0.3580364852948,-0.3394650997797,0.1489148398329,-0.0487579496587,-0.5489654406606,-0.0615081750977,-0.2038871173036,-0.2279981902988,-0.3574237230441,-0.0062688364987,-0.0045936836678,-0.6341461908814,0.0711106482539,-0.0838545066874,0.0315749832401,0.0349197202713,0.0014128988110,0.0604816074711,0.2215805055552,-0.0700138465423,0.1443404053604,-0.0004698655482,-0.1562041856425,0.0593593210941,0.5953659371661,-0.3496007565951,-0.0268434573110,-0.1359621581668
-0.1020926460788,-0.2138073232622,-0.1069266072976,-0.1892676815149,-0.1205385195055,0.7386931107803,0.2470028183183,-0.1905544624246,0.6681997039053,-0.0922839193166,0.2570693742414,0.4996089597595,-0.1991287570228,0.3629121343474,0.5527897931948,0.5994949427773,-0.0981272510940,-0.2244534671307,0.3591459110201,-0.2261903733309,-0.2249035450641,-0.1180301134202,-0.3143080708982,-0.1681640610758,-0.1658061264036,-0.1430034472024,-0.1121835788299,-0.2030441937207,-0.0414533188631,0.1332565858670,-0.1204727608744,-0.3190446482334,1.0000000000000,-0.1733483813091,-0.1283299134520,-0.1303758274611,-0.1485540251906,-0.2242639568931,-0.2264210586988,-0.0679000761550,0.7625261986517,0.1990712089885,-0.3408759352662,0.6116108463174,-0.1385314039849,-0.0630621544092,0.3280308232602,-0.1332914219156,0.1998253875242,0.4617098974765,0.4546288711450,-0.1327201533181,-0.3478337471364,0.3466981979155,-0.3466327548624,-0.1668588149421,-0.2096958705923,-0.3093208763211,-0.2700932201361,-0.1722779010392,-0.1698377680691,-0.1712126127219,-0.2770452678555,-0.1394415734292,-0.0792706817434,-0.3356100084263,-0.1798228018648,0.7757692637148,-0.2378025066712,-0.0804017002155
0.4386430973460,0.3646347705822,0.1926836820502,0.4761093524740,0.4207801516760,-0.1563896288754,0.1687113671837,0.1052439206585,-0.0867499942237,0.1802984462759,0.0969122346214,0.0808428649391,0.2944192833800,0.1256150380737,0.2075208662479,0.2297370598458,0.3071138049573,0.5030997330744,0.1471404454818,0.4056656855888,0.5090852319229,0.4928539948617,0.5347294761844,0.4336998731340,0.2988591942335,0.2156723467548,0.2624108332685,0.2550093562362,0.2796165031369,0.6738591174970,0.4721949522888,-0.0124167332785,-0.1733483813091,1.0000000000000,0.6322314291516,0.3747238116392,0.1969466410452,0.1266790207237,0.4467082324678,0.3297842395552,-0.1776474469554,-0.0000168795117,-0.0196307053873,-0.1720406763866,0.2520432674572,-0.0092296770126,0.0637230737747,0.2772151782410,-0.0727712864216,-0.0760195385152,0.1371577100258,0.2498564092239,0.5033485852519,0.0790107962223,0.4859964521810,0.4963808874481,0.2639215188810,0.4733827361420,0.2762752019869,0.3428460630725,0.1205364454073,0.0573811013585,0.2031221037587,0.2231669099788,0.5303669426540,0.2513901881027,0.0132710753799,-0.1233331431830,0.7345607569637,0.6236022685434
0.5092187107573,0.6247144194478,0.3740042961893,0.5827781554291,0.2183754966837,-0.2097073250931,0.2755765256788,0.2683318290535,-0.0349389210302,0.0213825492755,0.0940331127678,0.2052152909211,0.2520371105484,0.1326859019928,0.1838396006963,0.1328822249508,0.3793225471257,0.6604841297069,0.1612701053695,0.6695642173019,0.3960628453388,0.5703348234315,0.4793143046005,0.5640252477064,0.2937582035379,0.3845106911377,0.5725867903073,0.3762665159038,0.3248763124155,0.5812652371296,0.5931992669061,0.0739617264358,-0.1283299134520,0.6322314291516,1.0000000000000,0.3189186436197,0.5558561210827,0.1934160904667,0.5924114598352,0.1666431221082,-0.2895920053108,0.1210716932506,-0.1073117128570,-0.1578482336746,0.0746148610899,0.0761376307419,0.0299201194001,0.2128767426320,-0.2037730522864,-0.1970517914141,-0.0383951647142,0.3450514453005,0.4477645753263,0.0086178012739,0.4629533939119,0.2929231633433,0.1821581582617,0.3983086069408,0.3436261470626,0.2253479325530,0.3499297187045,0.2203029668883,0.3366612842852,0.1623602783828,0.2503619888362,0.1837889254265,-0.0829940061100,-0.1758527074326,0.3210832794168,0.7746249935204
