1.0000000000000,0.3183872254600,0.5570879689100,0.5648207266561,0.3163208507817,-0.0745405965503,0.3621881561881,0.4034939613580,0.2765868367210,0.3927307431604,0.3445157468203,0.2619979693099,0.2487131816798,0.3253635227807,0.6532381978231,0.2644197327559,0.4398995775462,0.5972090705816,0.4429994038969,0.6923294188811,0.3302920764589,0.4167389419589,0.4400225663480,0.4833998661165,0.4277073988528,0.4559712456434,0.4490625904388,0.5824241129855,0.0799312935906,0.3543695100166,0.2808107125428,0.1677327976905,-0.0202964073944,0.2873182681645,0.3648301572567,0.4944067806291,0.2180753133335,0.1062358028774,0.4545643963601,0.1510920105486,-0.0965135841563,0.0726775773081,0.0959365196258,0.0168005425642,0.3699735961783,0.2773983994354,0.2024357245893,0.1803624301166,0.3143949131935,0.3671688529277,0.2165221579747,0.4044653173437,-0.0784427500079,-0.0958615907727,0.1147281726357,0.2170981176406,0.2240057543643,0.2672010663964,0.2059312154823,0.3590109559931,0.4813079733107,0.0754590122525,0.5148832533917,-0.0432446869714,0.0617964308828,-0.1260275200516,-0.0335891370815,0.0769363017971,0.1836840908217,0.2662576949051
0.3183872254600,1.0000000000000,0.2859068417467,0.6676349897922,0.4030608992447,0.0918084863390,0.1889612225968,0.0038863821111,0.1035607972353,0.3526698584127,0.2847431947093,0.1571026771819,0.2954254460351,0.2070907992206,0.1581996493535,0.3135571046666,0.5149862884436,0.4244502320075,0.1446424823771,0.4829846809052,0.4165493616951,0.4882877027253,0.6353428178563,0.4898313054261,0.4062826898130,0.6261665350477,0.4817864296849,0.4356714174280,0.0237122739010,0.4594181528759,0.3504386241566,-0.0241679262376,0.0445452467825,0.5757606588654,0.6290436531652,0.3882172799375,0.6019044067844,0.0094900715567,0.6858274180245,0.2403951427242,0.1003460344213,-0.0082789657595,-0.1358659471142,0.0307860252357,0.4268442368962,0.1796475716996,0.0804998459991,0.2154576815693,0.2479009072605,0.1756158088802,0.2317128564875,0.5542430004846,0.0455044937321,-0.1188635519723,0.1662264588263,0.2857399508294,0.3451208265920,0.7001857288533,0.4568223866667,0.5087763555321,0.6458863519570,0.2191229372695,0.5489071176039,0.0233309939122,0.3255342908444,0.3058285552228,-0.1339765603678,0.2382479934393,0.5222513275785,0.6348288903355
0.5570879689100,0.2859068417467,1.0000000000000,0.6359854005095,0.2820034587290,0.1027576231279,0.2972611078988,0.7050021129424,0.4046595861772,0.4735050666273,0.3681565594592,0.0801346954754,0.3310149779005,0.2293415876558,0.5139318869927,0.3944483677051,0.4981552390699,0.6608728258159,0.3741912791972,0.6443339484416,0.2495436845565,0.3732754400000,0.4236642544096,0.4919052033334,0.5415475692108,0.6026712487329,0.7278544863976,0.7645276031916,0.2210926154300,0.2062108225637,0.4468164956938,-0.2278837038216,0.0661975235834,0.2856560089102,0.3870955193632,0.1558546203117,0.2812574988931,0.5372161601219,0.5302994381409,0.1485950764836,0.1066843165492,0.1396262566598,0.3283056830139,0.1614870138579,0.4480936885514,0.2736063129344,0.1538408755019,0.2005950198025,0.3355502065232,0.3129947423555,0.3492877513980,0.4744797417600,0.0555958350794,-0.1767839362460,0.0834420664500,0.1063217130311,0.1044130497117,0.2495852295885,0.1444859672136,0.3950621507904,0.5628508882238,0.1921506622231,0.6283503473282,0.0830692607030,-0.0759702804677,-0.1655589384217,-0.1316164647610,0.1560785471330,0.0899964477994,0.2653827503317
0.5648207266561,0.6676349897922,0.6359854005095,1.0000000000000,0.5096962188314,0.0289040472914,0.3775378542886,0.4563565115037,0.2932910059233,0.5858904364295,0.3998474745710,0.2728913110437,0.4408976229094,0.3498825663609,0.4467029601159,0.4441082869737,0.5535731327435,0.7010950445098,0.3317497146750,0.6498081847312,0.5427200034538,0.5029209068764,0.7075428787201,0.5314419570363,0.6656196798764,0.7424600953868,0.5948756504694,0.6071377365112,0.1912361411482,0.4959154809285,0.4495947712673,-0.0163698623295,0.0187017131176,0.5766566397371,0.6126327816921,0.3858828835333,0.5691594000667,0.2232420831304,0.8617362684911,0.3159819958556,0.0725638836693,0.1188165080419,0.1662211439021,0.0340329014700,0.6593172769617,0.2759872140759,0.2287324155825,0.3501239616742,0.4524085000325,0.3204497898705,0.3859548661801,0.5737301166745,0.0787452698090,-0.1698564034028,0.1321975272726,0.3583177235852,0.2360742299216,0.6346579283429,0.3168581775930,0.6415952864103,0.6844902682306,0.2142704221769,0.6425567938657,0.0819796529477,0.2167896183509,0.0816174620320,-0.1786699590666,0.1782120895709,0.4026039576906,0.5190884593527
0.3163208507817,0.4030608992447,0.2820034587290,0.5096962188314,1.0000000000000,0.0028890819311,0.4941473601064,0.2275156476909,0.1822789500870,0.4125795193076,0.5527584985475,0.0943121676975,0.7943361627011,0.1399187141835,0.1709065115532,0.3376028813560,0.4270537658568,0.4419285299917,0.0918883873598,0.3842461278382,0.8346622188170,0.2937138439314,0.3217759340629,0.3778748677299,0.5985533528001,0.4028024611771,0.2735020909987,0.2618242842328,0.4994674591350,0.3537717842884,0.2028539251873,0.1041210927347,-0.0050831657603,0.4105072240830,0.3161188279997,0.4232159172104,0.2399691246112,-0.0368769963162,0.4728201285062,0.9094055082627,0.0786258669439,0.4594696433048,0.1223503634956,0.0450890859677,0.4084515938432,0.4346968566402,0.0161883833612,0.7726371826551,0.1438901572424,0.0924383230054,0.3888051515718,0.4052956037263,0.0887299373748,-0.2076189612827,0.0763807291002,0.7726922422181,0.1646383940479,0.3118430113319,0.2827340630006,0.5532495640814,0.3629551168110,0.0452787467508,0.2562079581716,0.5328038992273,0.2761616029569,0.1090100537127,-0.0142175882277,0.1161917994667,0.3491372282253,0.3376768980266
-0.0745405965503,0.0918084863390,0.1027576231279,0.0289040472914,0.0028890819311,1.0000000000000,0.1074033545492,-0.0949321139152,0.4798458047750,-0.0092886499611,0.2076917627545,0.1437175798546,0.0360322775207,0.0718478664422,0.0259150954572,0.3378339997218,-0.0027509462597,-0.0368292692431,0.0854650039297,-0.0510479899564,-0.0373476549251,-0.0308317188959,-0.0541457880606,-0.0734836379015,-0.0281186107798,0.1551037815688,0.0725102487983,-0.0150993488034,0.0093838577322,0.1823178436908,0.0385339282299,-0.1381205691078,0.6854187960628,0.1534762393644,0.2334638128043,-0.0690145683027,0.0349716940460,-0.0072091325502,0.0730578311800,-0.0070196297237,0.7238518005279,0.3454880795259,-0.0630585444611,0.6749905724900,-0.0122237286933,0.1542078996038,0.1352423273821,-0.0342474820247,0.0578389131071,0.1738033424627,0.3315459587991,-0.0222491235734,0.0055078417567,0.0545733202642,0.0143459970435,-0.0784570155597,-0.0679007595449,-0.0725752535221,-0.1042284155721,0.0056714305483,0.1425224507614,0.0915336472264,-0.0365178129128,0.0311219203865,0.1019806835077,-0.0417049923402,-0.1035558659255,0.2206654081341,0.1821173772975,0.2317805353021
0.3621881561881,0.1889612225968,0.2972611078988,0.3775378542886,0.4941473601064,0.1074033545492,1.0000000000000,0.2539816868280,0.5550890230300,0.2556280681707,0.5836491423021,0.1174040535360,0.6084021051754,0.0994024625731,0.2368471662131,0.5134045165001,0.3634693916502,0.4265334733611,0.0923265212283,0.3550751370069,0.5628909767610,0.2802819990735,0.1542402086182,0.3513461700280,0.4056929848128,0.3276801595987,0.3000354403574,0.2201761743654,0.4683310779176,0.3674934743198,0.2665479965082,0.1049151512660,0.0365856116302,0.2621420814421,0.3392819688777,0.2119298110371,0.1004742964371,0.0253502566945,0.3580344792187,0.4763743049001,0.1515412511753,0.6742536659154,0.1610253459768,0.1840522057203,0.2374969297301,0.3746231921733,0.0559041489943,0.5675826957917,0.0959452267724,0.0771034899816,0.5146113103420,0.3453235719524,0.1307659587000,-0.2261844435049,-0.0061534589591,0.4859466462948,0.1256178577871,0.1139420192978,0.1805125931862,0.2978677821541,0.1992881228292,0.0546423757633,0.1383967425672,0.4329008700586,0.1718496211584,0.0222655895414,0.0277209209396,0.3091126000402,0.1240713108892,0.3036808250471
0.4034939613580,0.0038863821111,0.7050021129424,0.4563565115037,0.2275156476909,-0.0949321139152,0.2539816868280,1.0000000000000,0.2277835381475,0.4949700160603,0.1026907458994,-0.0775473211352,0.2561943332552,0.0938103137733,0.4539483300990,0.3174213757523,0.2754916330782,0.6157316583329,0.1675793174499,0.4454658483974,0.1802470218214,0.1927109534974,0.2906079107407,0.2630230141940,0.6098656535696,0.3927922407716,0.5301342319343,0.5620347257271,0.3507932314035,0.0071810936273,0.4400925817356,0.0000821027980,-0.0605389027401,0.0417550549551,0.0862570890325,-0.0145192002336,0.1574626265068,0.4346688213082,0.2890917527128,0.1754708330614,-0.0638725294388,0.0448972161603,0.6150878372245,-0.1289678866818,0.4195876784966,0.0038647955994,-0.0477522362047,0.1966766805375,0.1649488485210,0.1110348024933,0.2462967026365,0.2320846478665,0.1057125391794,-0.3141527186522,-0.1141756344499,0.0402788509491,-0.0123611927845,0.0755446470477,-0.0554442297809,0.3754161561330,0.3083640311535,0.0640963000634,0.3918980510040,0.1841424488412,-0.3032394107764,-0.2106723156400,0.1345733970950,0.1557565935509,-0.0888652759563,-0.0321410852184
0.2765868367210,0.1035607972353,0.4046595861772,0.2932910059233,0.1822789500870,0.4798458047750,0.5550890230300,0.2277835381475,1.0000000000000,0.1063492645867,0.5547328639680,0.3107754557926,0.2618717706486,0.2965985204898,0.4511349005551,0.4583954650257,0.2689484844555,0.3002979223955,0.3399980292419,0.2512776635715,0.1327246384728,0.2163072659752,0.1211807153725,0.2336178378254,0.2347256800574,0.3011164462038,0.3655789710387,0.1871164630313,0.2624121613486,0.3304906012989,0.3306777487932,-0.1010893072281,0.3925544244398,0.2298274425518,0.3326713426733,0.0163968568237,-0.0470877111326,0.0233958777241,0.2562657003523,0.1207828955245,0.4301073697248,0.5493105687965,0.0061304946819,0.6806067346673,0.0759228948577,0.3440773282647,0.2778818312972,0.1433221641066,0.2961629638335,0.3042862513752,0.4119204491734,0.2398113980320,-0.0682593909296,-0.0883530049721,-0.1381478355545,0.0438470866461,0.0301736459921,0.0260183578283,0.0065861675919,0.1109553393845,0.2011969051230,0.0049177010394,0.0862049945613,0.1498111829646,0.0827839325218,-0.0189222606027,-0.2240913019214,0.1255994242891,0.1018472636321,0.2563963710805
0.3927307431604,0.3526698584127,0.4735050666273,0.5858904364295,0.4125795193076,-0.0092886499611,0.2556280681707,0.4949700160603,0.1063492645867,1.0000000000000,0.1107001840281,0.0875856026514,0.2730234847380,0.3842692981422,0.4224544798308,0.5045370633241,0.3923784607846,0.3950796807293,0.2039594411986,0.3888352753751,0.3652488440339,0.3552288725270,0.5586663620523,0.3322908013463,0.6420980130620,0.6464306861624,0.2505049882347,0.6096817065875,0.0151555379297,0.2801348621896,0.0638779362543,0.0946315767289,0.0921295793501,0.3194240793991,0.2096240034270,0.1309792991458,0.2323882927453,0.1289584916529,0.5310032277340,0.3372953505694,0.0500879864326,-0.0179503428648,0.1329787955361,-0.0826480929282,0.8409351453428,0.0462360627540,0.0377554883429,0.2368656088592,0.4904891527588,0.2394468291314,0.3597276626786,0.3680282341052,-0.1499301655150,-0.3568500611125,-0.0362030878041,0.2156145694369,0.2176668316449,0.3590356384551,0.1747979107838,0.5940309589307,0.5232582800117,-0.1656305522083,0.4768890234371,-0.0193182858152,0.1161672716100,-0.2120775681709,-0.0146327674149,0.2875875051933,0.2953059453751,0.1417360305083
0.3445157468203,0.2847431947093,0.3681565594592,0.3998474745710,0.5527584985475,0.2076917627545,0.5836491423021,0.1026907458994,0.5547328639680,0.1107001840281,1.0000000000000,0.2128216657809,0.6026740487770,0.1976781264508,0.2880754886530,0.3739254665763,0.3454171847527,0.3021297842176,0.2034490307020,0.3145050231565,0.5020711721990,0.2206499547999,0.2310643669007,0.3020829695624,0.3196732297399,0.3279203872191,0.3500981759912,0.1690263247806,0.2939130135119,0.3588490614569,0.1482088374873,-0.1543971548243,0.0702051554615,0.3827335578111,0.3516684594405,0.3922683432831,0.1297003921246,0.0830111059287,0.4201378244588,0.5016270483549,0.2068122723905,0.7285936838733,0.0602257693141,0.4897390178106,0.1647104699833,0.8647867320507,0.2330036940282,0.5057513153493,0.2225859388294,0.3186600275869,0.4361338184831,0.3289391260669,0.0460937385134,-0.0409617379320,0.1319748543183,0.4472002757735,0.0804650727587,0.1878330232946,0.1910277226684,0.3807295505812,0.2999977805171,0.1015816512634,0.1722359527145,0.3374919688863,0.2839355995712,0.0340268215878,-0.2102294967910,0.0187002299110,0.2586836385361,0.3354336461888
0.2619979693099,0.1571026771819,0.0801346954754,0.2728913110437,0.0943121676975,0.1437175798546,0.1174040535360,-0.0775473211352,0.3107754557926,0.0875856026514,0.2128216657809,1.0000000000000,-0.0521179674473,0.8352363187500,0.2379868904322,0.1523495831532,0.1637152093896,0.1280007866490,0.5684664677812,0.0753435089056,0.2396824019430,0.1576326551012,0.2917988074364,0.1083987577234,-0.0043126945920,0.1768195989297,-0.0664588037730,-0.0175790838206,-0.1825523524336,0.4075578040707,0.0420936769373,0.3863534659803,0.1819086851934,0.2806347257374,0.2496625101314,0.1351753713029,0.0778726647005,-0.2744758936130,0.4061137274446,0.0084670154253,0.1532040633933,0.0690060739750,-0.3154026883912,0.3457961859087,0.0702799902045,0.1956682811909,0.8442843629609,0.0648512953070,0.5807896090892,0.2279940211521,0.1171328295582,0.1644126566746,-0.2097655934594,0.3821690835066,0.0131436119549,0.1797729618297,0.0829621180431,0.2427819934433,0.0514746955454,-0.0193146561217,0.1393010025858,-0.0403581659692,0.0843224302003,-0.2514277096129,0.4009743224424,0.0240079569086,-0.4459703364522,-0.1759392577157,0.2907177488228,0.2025592403793
0.2487131816798,0.2954254460351,0.3310149779005,0.4408976229094,0.7943361627011,0.0360322775207,0.6084021051754,0.2561943332552,0.2618717706486,0.2730234847380,0.6026740487770,-0.0521179674473,1.0000000000000,0.0088453389461,0.2261407535058,0.3434930500928,0.2884870249883,0.3703670730732,0.1184994842976,0.3763687138911,0.7830625070507,0.1171533845284,0.1621793968154,0.2454148147445,0.4658144481029,0.3980828877067,0.3300712498713,0.2499817017762,0.4835959970954,0.2594934608060,0.1695129522375,-0.0792297692239,-0.0711507802049,0.3581130938958,0.2770146796326,0.2675437118904,0.2310393312344,0.1321033785619,0.4241085900099,0.8024284025099,0.1028521743070,0.6072291186831,0.2044216529296,0.0455124460029,0.2764072366378,0.4954025249794,-0.0027613721956,0.8788442287506,0.1183989196267,0.1792254013416,0.3598823556260,0.2600535510029,0.1711226418408,-0.0835783069634,0.2137861601366,0.7388386107652,-0.0512246133518,0.1510762915999,0.0992045989541,0.3984202141689,0.3754301964161,0.1672586634441,0.2016583018078,0.5312457079116,0.2002334402276,-0.0180265723630,0.0351178583544,0.1460848433482,0.2121192983693,0.2767830002997
0.3253635227807,0.2070907992206,0.2293415876558,0.3498825663609,0.1399187141835,0.0718478664422,0.0994024625731,0.0938103137733,0.2965985204898,0.3842692981422,0.1976781264508,0.8352363187500,0.0088453389461,1.0000000000000,0.4640000871666,0.2707904458065,0.2697673449183,0.1375435770141,0.6371523815958,0.1612374880299,0.1962977402596,0.2610058330876,0.3831894006263,0.2018377337568,0.1251998158305,0.4378694700103,-0.0220076930024,0.2605669315890,-0.2184125180620,0.4379728178410,-0.0398442131504,0.3559687704412,0.2181746084717,0.3169581997161,0.1986606263698,0.0813407338367,-0.0177335738327,-0.2269278877774,0.4123101202572,0.0442232908573,0.0807792833283,-0.0153097607669,-0.3438421270839,0.2329280851628,0.2478060035397,0.1614828301023,0.7211232084690,0.0681393333713,0.7630944851992,0.3084836541065,0.1571611769105,0.2680645322027,-0.3993189330379,0.1845360118867,-0.1184072316487,0.1082730948537,0.1764190612286,0.2307231919438,0.0927481083298,0.0528905425877,0.3103491586939,-0.2729786170024,0.2046532292131,-0.2970758513130,0.4191035725663,-0.1465711436164,-0.4127354511556,-0.0203823862672,0.3653547629252,0.1390228352715
0.6532381978231,0.1581996493535,0.5139318869927,0.4467029601159,0.1709065115532,0.0259150954572,0.2368471662131,0.4539483300990,0.4511349005551,0.4224544798308,0.2880754886530,0.2379868904322,0.2261407535058,0.4640000871666,1.0000000000000,0.3233151240819,0.2508110418941,0.3676734933566,0.6435541998162,0.5757003433914,0.1314123972483,0.2579839826627,0.3697399270917,0.2599839251363,0.3204935624663,0.4478291577429,0.3625658245177,0.5765801371112,-0.0306851099206,0.3198948934145,0.1985917201757,0.0722046330977,0.1729798580314,0.2183352170971,0.1734709919360,0.1826402989302,-0.0190264557764,0.0864090831892,0.3110930531840,0.0791754486902,0.0074014618154,0.0581739234531,0.0325365655594,0.1231972603828,0.3158632258538,0.1899956052895,0.2302434160940,0.0880641591999,0.5440501264250,0.6219034673084,0.1987864017072,0.2315800399518,-0.2849066058202,0.0142962842738,-0.0236276387557,0.0034076634365,0.0678908331018,0.1459264084680,-0.0135840312398,0.2362201607360,0.3948571102244,-0.1577649354561,0.3872531366332,-0.1212572704684,0.0502142001825,-0.2417331971014,-0.0303376144878,0.2045746513688,0.0894453784169,-0.0186152281884
0.2644197327559,0.3135571046666,0.3944483677051,0.4441082869737,0.3376028813560,0.3378339997218,0.5134045165001,0.3174213757523,0.4583954650257,0.5045370633241,0.3739254665763,0.1523495831532,0.3434930500928,0.2707904458065,0.3233151240819,1.0000000000000,0.3469860257015,0.3781611002714,0.1342988834160,0.2990636673330,0.3212553149096,0.3358531089009,0.2482043442611,0.3408136021665,0.3488281203686,0.4662938678975,0.2358691626147,0.3116476446311,0.1127252256974,0.4130083825393,0.1828791197255,0.0539564951070,0.3960880205982,0.3906648812845,0.3811501098010,0.0812141372824,0.2095985520586,0.0205219908528,0.4505658704011,0.2504449233402,0.3961016161930,0.3705327352173,0.1014145727871,0.3063930173999,0.4389153948726,0.2299451643331,0.1112272809776,0.3742707230705,0.3088964130936,0.1803630438081,0.6664004450437,0.3611852052503,0.0294761094156,-0.2511000376088,-0.0246360832927,0.1667201886044,0.2036905183179,0.1668777107533,0.1663961846073,0.3236254609344,0.4358647751487,-0.0452647143214,0.2083510584622,0.0734884788695,0.2038576169758,-0.1063500968281,-0.0359905017514,0.4371777535465,0.3192037896244,0.3627405271506
0.4398995775462,0.5149862884436,0.4981552390699,0.5535731327435,0.4270537658568,-0.0027509462597,0.3634693916502,0.2754916330782,0.2689484844555,0.3923784607846,0.3454171847527,0.1637152093896,0.2884870249883,0.2697673449183,0.2508110418941,0.3469860257015,1.0000000000000,0.5491460743207,0.1467098233784,0.4823862618333,0.4074153330542,0.7997318135841,0.4888838110827,0.8140441437097,0.5321582745306,0.5783405314498,0.4805831235933,0.5368623733510,0.3707245284279,0.3890936841233,0.4009616210178,-0.0002856969797,0.0857260503953,0.4753932632894,0.5887707411801,0.3267582095710,0.2088331314866,0.1259176822053,0.4626857862322,0.2777071592815,-0.0276463501284,0.1461602244474,0.0401418800003,0.0696199566917,0.3439297205819,0.2278144312869,0.0559234513635,0.3056413593958,0.2415176142486,0.0330413481923,0.3475012577051,0.9294691335356,0.0238140227817,-0.3653049517292,-0.0144581120399,0.3099340549124,0.6257628158576,0.4963335618309,0.7042709006310,0.4551129854589,0.4942007816978,0.0132404959017,0.5353683414675,0.2974861607816,0.2584916005810,0.2262095579779,-0.1925421260938,0.1728091177021,0.4388030745822,0.5045819261620
0.5972090705816,0.4244502320075,0.6608728258159,0.7010950445098,0.4419285299917,-0.0368292692431,0.4265334733611,0.6157316583329,0.3002979223955,0.3950796807293,0.3021297842176,0.1280007866490,0.3703670730732,0.1375435770141,0.3676734933566,0.3781611002714,0.5491460743207,1.0000000000000,0.2277199560281,0.8075415378318,0.4627022571768,0.5413924110878,0.4640285091538,0.6796559356618,0.5909760826355,0.4564400036510,0.7207351443477,0.5610025859101,0.4245901381228,0.4256382146969,0.7059233238407,0.0684777974995,-0.0468571952301,0.3763880777837,0.5519716460924,0.2599315860319,0.4321661776091,0.2352743025944,0.5747598899887,0.2350383082610,-0.0168618450164,0.1104597017062,0.2883477957020,-0.0435120356954,0.3620634890908,0.0985886648075,0.0051045933762,0.3234225768263,0.0991517952985,0.0216088352962,0.3023972572545,0.5564432682148,0.2986997186299,-0.2861472875652,0.0780667350537,0.2845951024424,0.2805816698322,0.3852794147217,0.3890005662980,0.4056038608394,0.4247834766366,0.2665639163105,0.5355440120665,0.2036421886689,-0.0175216415215,0.1909771884025,-0.0367200994829,0.1555314246239,0.1942323627827,0.4567936078731
0.4429994038969,0.1446424823771,0.3741912791972,0.3317497146750,0.0918883873598,0.0854650039297,0.0923265212283,0.1675793174499,0.3399980292419,0.2039594411986,0.2034490307020,0.5684664677812,0.1184994842976,0.6371523815958,0.6435541998162,0.1342988834160,0.1467098233784,0.2277199560281,1.0000000000000,0.4946359290976,0.1332591913671,0.1283870031956,0.2846607118587,0.1521569157613,0.0390890151116,0.3082593044739,0.1552109489584,0.3835344099896,-0.1354460256614,0.2541541106012,0.0400633844933,0.0495775336598,0.1194957421091,0.2176150483699,0.1786208493191,0.0175902624424,-0.0137261931051,-0.0845715740696,0.3600213954513,0.0106908242610,0.0200527948731,-0.0199782029367,-0.2419417584764,0.1579456142168,0.0884412795485,0.0974372528571,0.5745772862599,0.0359650897976,0.6168062912029,0.3875986834745,0.0617840150511,0.1333114623054,-0.3053829634278,0.3664088702985,0.0478505155225,0.0503836209516,-0.0373742160853,0.1203077940816,-0.0493470012673,-0.0474152413828,0.2994750735255,-0.1627812255271,0.2649348336950,-0.2331119633203,0.1121881640715,-0.2543708578190,-0.3401054790737,-0.0685693544008,0.0544536626133,0.0327097642930
0.6923294188811,0.4829846809052,0.6443339484416,0.6498081847312,0.3842461278382,-0.0510479899564,0.3550751370069,0.4454658483974,0.2512776635715,0.3888352753751,0.3145050231565,0.0753435089056,0.3763687138911,0.1612374880299,0.5757003433914,0.2990636673330,0.4823862618333,0.8075415378318,0.4946359290976,1.0000000000000,0.3692971325278,0.4874085171014,0.4897766560366,0.5903482458729,0.4246477418215,0.5299591409319,0.6689766099135,0.6942717704736,0.2079578625991,0.3912909084861,0.5077184528765,-0.0286748973391,-0.0542883561349,0.3725092202522,0.5000282180259,0.3073103369356,0.3152044836374,0.1704317591556,0.5233259095633,0.1810208562080,-0.0520524753506,0.0319277628461,0.1068791397876,-0.0555954867581,0.3254726863832,0.1397490876111,0.0312923642683,0.2430707161520,0.2216104176000,0.2600651240798,0.2715154015899,0.4875695046306,0.0744217739833,-0.1352993619541,0.1912731204066,0.2226011772008,0.2276789100200,0.3752513675306,0.2924930604214,0.3336612863972,0.5331150506700,0.1359727554706,0.5948971305770,0.0737072999687,0.0073305552453,0.0386406789938,-0.0086252417818,0.2035493118760,0.1816984030254,0.3566063506257
0.3302920764589,0.4165493616951,0.2495436845565,0.5427200034538,0.8346622188170,-0.0373476549251,0.5628909767610,0.1802470218214,0.1327246384728,0.3652488440339,0.5020711721990,0.2396824019430,0.7830625070507,0.1962977402596,0.1314123972483,0.3212553149096,0.4074153330542,0.4627022571768,0.1332591913671,0.3692971325278,1.0000000000000,0.2423385898594,0.3506638628908,0.3749005148183,0.5334162549763,0.3972073884526,0.2262658414064,0.2217762554554,0.4618678526549,0.3826427265667,0.2658622793165,0.1750512147681,-0.0683537159494,0.4316350742375,0.3991319844759,0.3818265663005,0.3708916309174,-0.0044967169419,0.6015652288942,0.7946060785475,0.0623172081716,0.4404867878291,0.1013173152062,-0.0401615904389,0.4021570931296,0.3916049738298,0.1603841527954,0.8250490949378,0.1926349740974,0.0289679988754,0.3177620105805,0.4007171448295,0.2154587934597,-0.0774181920484,0.2032840230590,0.9302731853136,0.0919326558721,0.3588897907124,0.2891082993152,0.4744464516179,0.3616760566336,0.1654830539431,0.2843445162862,0.4608974447794,0.3086413367350,0.1611699766474,-0.0717778174400,0.1007021122888,0.2927496920920,0.4115664541147
0.4167389419589,0.4882877027253,0.3732754400000,0.5029209068764,0.2937138439314,-0.0308317188959,0.2802819990735,0.1927109534974,0.2163072659752,0.3552288725270,0.2206499547999,0.1576326551012,0.1171533845284,0.2610058330876,0.2579839826627,0.3358531089009,0.7997318135841,0.5413924110878,0.1283870031956,0.4874085171014,0.2423385898594,1.0000000000000,0.5161156899276,0.9006859892581,0.4069484467214,0.4227565087292,0.4038647853270,0.4430268366496,0.2772243376869,0.6137543928672,0.4658444469673,0.0632209043664,0.1220311480004,0.5988373788410,0.6346365164524,0.2755434980569,0.1805754439524,0.0356274141236,0.3990949644518,0.0928576265130,-0.0012458820460,-0.0107139690912,-0.0757820132309,0.0275638749744,0.2966866180903,0.0454887654817,-0.0275990167460,0.1191804199697,0.1705235561828,-0.0060229251570,0.3042779543036,0.8344936956356,-0.0288016113710,-0.4027930867921,-0.1104914004440,0.0979072719065,0.8638086752233,0.5208993382972,0.8230726988600,0.3327117744544,0.3208865611743,-0.0482705500657,0.4171045757206,0.1657129202457,0.4114005727849,0.3718343529990,-0.1946473318415,0.2423435568316,0.5161875590757,0.5211911122659
0.4400225663480,0.6353428178563,0.4236642544096,0.7075428787201,0.3217759340629,-0.0541457880606,0.1542402086182,0.2906079107407,0.1211807153725,0.5586663620523,0.2310643669007,0.2917988074364,0.1621793968154,0.3831894006263,0.3697399270917,0.2482043442611,0.4888838110827,0.4640285091538,0.2846607118587,0.4897766560366,0.3506638628908,0.5161156899276,1.0000000000000,0.4471837836213,0.5617248087455,0.5793513802374,0.4081842402735,0.5646694417474,-0.0028354515019,0.4152581044340,0.3246748385356,0.1253339029175,-0.0381809816871,0.4913765513230,0.4618207806518,0.3725485940812,0.4200062351216,0.1276891452394,0.6690478521972,0.1864733190830,-0.0119908509431,-0.1035597991650,-0.0250151342650,-0.0401663501383,0.5887056341897,0.1490851315176,0.1765738080482,0.1038474289997,0.4197183221883,0.3023353153775,0.2046042202979,0.5131173808441,-0.1383256937575,-0.1861898696325,0.0850651546850,0.2070182495145,0.3593209501809,0.8276975257392,0.3667946697280,0.6107450063853,0.5242139481494,0.0410558988228,0.6123038699280,-0.0715401281019,0.3140686153730,0.1384528912183,-0.1565740198670,0.1065512925197,0.4278810079332,0.3723781678375
0.4833998661165,0.4898313054261,0.4919052033334,0.5314419570363,0.3778748677299,-0.0734836379015,0.3513461700280,0.2630230141940,0.2336178378254,0.3322908013463,0.3020829695624,0.1083987577234,0.2454148147445,0.2018377337568,0.2599839251363,0.3408136021665,0.8140441437097,0.6796559356618,0.1521569157613,0.5903482458729,0.3749005148183,0.9006859892581,0.4471837836213,1.0000000000000,0.4674322250889,0.4359055572681,0.4871821673831,0.5047355389335,0.4122680154511,0.5711898660225,0.5237861612151,-0.0078908908584,0.0387813472188,0.5796290968458,0.6605068386584,0.2738892155371,0.2663461800083,0.0954156767049,0.4594599020740,0.1753910957932,-0.0528859662359,0.0641489581135,-0.0272824842205,-0.0121835411358,0.2751160893172,0.0944535449956,-0.0478858750402,0.2440985754262,0.1344047996940,-0.0830841370859,0.2973848857452,0.8319498320526,0.0930440332039,-0.4117950046730,-0.0668553629748,0.2404577656221,0.7462663026352,0.4557004867722,0.8388663715485,0.3156507379078,0.3488742927009,0.0055515028271,0.4480598208733,0.2584133497627,0.3374791815597,0.3193864170140,-0.2155357220343,0.2146497560444,0.4355930640052,0.5608436701560
0.4277073988528,0.4062826898130,0.5415475692108,0.6656196798764,0.5985533528001,-0.0281186107798,0.4056929848128,0.6098656535696,0.2347256800574,0.6420980130620,0.3196732297399,-0.0043126945920,0.4658144481029,0.1251998158305,0.3204935624663,0.3488281203686,0.5321582745306,0.5909760826355,0.0390890151116,0.4246477418215,0.5334162549763,0.4069484467214,0.5617248087455,0.4674322250889,1.0000000000000,0.5401800087557,0.5149902320886,0.5436365377329,0.5595693572797,0.2947415615495,0.4696721480713,-0.0192091432672,-0.0064483305309,0.2989160865016,0.3685797080252,0.2370565336384,0.3282725658766,0.2537838004489,0.5579054946301,0.5425721170393,0.0208485114156,0.2178979423387,0.4252305953787,-0.0245742902063,0.6650273305834,0.1574033299662,-0.0693987080038,0.4083452581276,0.2396571209633,0.1143702075771,0.3662467006395,0.4910800901640,0.1171347020981,-0.3815011803044,-0.0447324277518,0.4079102339801,0.2093371974916,0.4472178071412,0.2706225802077,0.8213902253270,0.4356923800970,0.0988858046001,0.4873249437551,0.4758198470870,0.0552487598881,0.1167152822567,-0.0484083354205,0.1588912709137,0.2178779411360,0.3014295521432
0.4559712456434,0.6261665350477,0.6026712487329,0.7424600953868,0.4028024611771,0.1551037815688,0.3276801595987,0.3927922407716,0.3011164462038,0.6464306861624,0.3279203872191,0.1768195989297,0.3980828877067,0.4378694700103,0.4478291577429,0.4662938678975,0.5783405314498,0.4564400036510,0.3082593044739,0.5299591409319,0.3972073884526,0.4227565087292,0.5793513802374,0.4359055572681,0.5401800087557,1.0000000000000,0.5156952936037,0.7092874008336,0.0436831048002,0.3646563609929,0.1957024864002,-0.0702376091987,0.1546994334000,0.4630820932688,0.4990634993263,0.2942300738990,0.3237675426982,0.1979539590838,0.6566160138632,0.2679278343752,0.1402142600108,0.0968750198229,0.0413133065215,0.0975107455567,0.6178354235041,0.2401380238496,0.1846646217925,0.2712069080162,0.5428996384198,0.3538908384427,0.3859035803590,0.5613192698732,-0.1776745819155,-0.2621339615770,0.0062983308563,0.2615220793793,0.2056491787863,0.4735075439075,0.2248192719159,0.5305142998498,0.7967689604967,0.0096050907994,0.6525183028051,0.0037843087200,0.2030762670934,-0.1282124662286,-0.1555182223088,0.2723326688791,0.4121300599037,0.4303538634650
0.4490625904388,0.4817864296849,0.7278544863976,0.5948756504694,0.2735020909987,0.0725102487983,0.3000354403574,0.5301342319343,0.3655789710387,0.2505049882347,0.3500981759912,-0.0664588037730,0.3300712498713,-0.0220076930024,0.3625658245177,0.2358691626147,0.4805831235933,0.7207351443477,0.1552109489584,0.6689766099135,0.2262658414064,0.4038647853270,0.4081842402735,0.4871821673831,0.5149902320886,0.5156952936037,1.0000000000000,0.6184897863816,0.2953371769079,0.2645519597647,0.6309541413685,-0.2146599413467,-0.0393474349711,0.2755142958193,0.4786174791800,0.2109838770853,0.3907367962470,0.4662490965514,0.4282099514987,0.1060444790214,0.0330487122988,0.1049691654038,0.2994433512143,0.1025731946698,0.2755713479703,0.2067084163529,-0.0493583187401,0.1513597791379,0.0477001076913,0.2045320070504,0.2208163095805,0.4686040153638,0.1832071245459,-0.1761447813621,0.0765531206792,0.0823333525167,0.1522182678615,0.3486716093482,0.2432589009363,0.4103197696716,0.4662051313917,0.4623426554858,0.6114684244266,0.1505569054803,-0.0977402620911,0.1795304634327,0.0122400528077,0.1363878790023,0.0816284126638,0.3828013969100
0.5824241129855,0.4356714174280,0.7645276031916,0.6071377365112,0.2618242842328,-0.0150993488034,0.2201761743654,0.5620347257271,0.1871164630313,0.6096817065875,0.1690263247806,-0.0175790838206,0.2499817017762,0.2605669315890,0.5765801371112,0.3116476446311,0.5368623733510,0.5610025859101,0.3835344099896,0.6942717704736,0.2217762554554,0.4430268366496,0.5646694417474,0.5047355389335,0.5436365377329,0.7092874008336,0.6184897863816,1.0000000000000,0.1229115187963,0.2142395686546,0.3300444326677,-0.0029795203651,0.0621217334084,0.2642157883214,0.3445951257881,0.1655053918075,0.2638976577253,0.3571262823219,0.4660104408180,0.1138278022211,-0.0262569111238,-0.0710351541569,0.1480796545056,-0.0862846663432,0.5169093775749,0.0770952881085,-0.0149278239967,0.1251080144525,0.3366555529955,0.2695671713977,0.2698003794932,0.5106871041331,-0.1379043334197,-0.2871305027855,0.0085530655916,0.0920900719918,0.2507227587633,0.3934114349226,0.2558971740411,0.4135606255307,0.6335777167209,0.0072342681017,0.8065186717756,0.0361365051749,-0.0367484671779,-0.1597233473501,0.0643744100345,0.2947718120871,0.1258736911851,0.1821348648460
0.0799312935906,0.0237122739010,0.2210926154300,0.1912361411482,0.4994674591350,0.0093838577322,0.4683310779176,0.3507932314035,0.2624121613486,0.0151555379297,0.2939130135119,-0.1825523524336,0.4835959970954,-0.2184125180620,-0.0306851099206,0.1127252256974,0.3707245284279,0.4245901381228,-0.1354460256614,0.2079578625991,0.4618678526549,0.2772243376869,-0.0028354515019,0.4122680154511,0.5595693572797,0.0436831048002,0.2953371769079,0.1229115187963,1.0000000000000,0.1611889016030,0.5319686080495,-0.0175705741707,-0.0000561108892,0.1293304376571,0.2074312646631,-0.0209577460646,0.0847313780278,0.1086652005692,0.1148139147728,0.4954083084103,0.0061973323063,0.4389016435064,0.4224059618462,-0.0082383759178,0.0151437448384,0.0635819758032,-0.2432696540899,0.4945779273325,-0.2495254007509,-0.3191605743962,0.2313753380435,0.3307592853114,0.3717477755925,-0.3155558583540,-0.1354598968206,0.4637410120404,0.1704640288721,0.0476119415325,0.2934541105347,0.2608669635941,-0.0799013443746,0.0942431482618,-0.0024632399875,0.8976265416181,-0.0430911417995,0.3035066417875,0.1111832632762,0.1253126189745,-0.0218409731596,0.1632263956581
0.3543695100166,0.4594181528759,0.2062108225637,0.4959154809285,0.3537717842884,0.1823178436908,0.3674934743198,0.0071810936273,0.3304906012989,0.2801348621896,0.3588490614569,0.4075578040707,0.2594934608060,0.4379728178410,0.3198948934145,0.4130083825393,0.3890936841233,0.4256382146969,0.2541541106012,0.3912909084861,0.3826427265667,0.6137543928672,0.4152581044340,0.5711898660225,0.2947415615495,0.3646563609929,0.2645519597647,0.2142395686546,0.1611889016030,1.0000000000000,0.3769002896094,0.1626908370503,0.2895134778642,0.6696626317624,0.5925201612594,0.2821260083046,0.2639095703328,-0.0892072927508,0.5139679361706,0.1760770983408,0.2486612547816,0.1520286745917,-0.1965199344225,0.2099672993389,0.2557730151370,0.1470895547545,0.2339633127388,0.2102590745930,0.2854637393401,0.1901840217319,0.3196016894701,0.4354986113394,0.0148964722620,-0.0460334578911,-0.0327083957603,0.2244226533999,0.5202024747933,0.3716807900724,0.5074194913624,0.2290497898653,0.2106889177032,0.0373237213359,0.2044527296873,0.0978580154875,0.6851764032711,0.4103822452135,-0.2573196988425,0.3414409976450,0.5678140551774,0.5418225940590
0.2808107125428,0.3504386241566,0.4468164956938,0.4495947712673,0.2028539251873,0.0385339282299,0.2665479965082,0.4400925817356,0.3306777487932,0.0638779362543,0.1482088374873,0.0420936769373,0.1695129522375,-0.0398442131504,0.1985917201757,0.1828791197255,0.4009616210178,0.7059233238407,0.0400633844933,0.5077184528765,0.2658622793165,0.4658444469673,0.3246748385356,0.5237861612151,0.4696721480713,0.1957024864002,0.6309541413685,0.3300444326677,0.5319686080495,0.3769002896094,1.0000000000000,0.0042250048926,0.0202754056392,0.2832270390765,0.4820372590469,0.0769328892549,0.3828552493270,0.2472250462464,0.3743740553517,0.0733696714470,0.1153180200305,0.0787131294427,0.3510438050026,0.0912026801359,0.1150071174345,-0.0588200081370,-0.0706358927726,0.1462901424903,-0.0816136815537,-0.0518959030426,0.1824528598822,0.4224393523184,0.3908377983009,-0.1475502288702,0.0505576144265,0.1356552370449,0.2602437071887,0.3398623331171,0.3387877401580,0.2601426201190,0.2071583882834,0.3678453008487,0.3709876029787,0.3397843412278,-0.0371134628649,0.5936598075699,-0.0394935290351,0.1657932280715,0.0840825945229,0.4061996885286
0.1677327976905,-0.0241679262376,-0.2278837038216,-0.0163698623295,0.1041210927347,-0.1381205691078,0.1049151512660,0.0000821027980,-0.1010893072281,0.0946315767289,-0.1543971548243,0.3863534659803,-0.0792297692239,0.3559687704412,0.0722046330977,0.0539564951070,-0.0002856969797,0.0684777974995,0.0495775336598,-0.0286748973391,0.1750512147681,0.0632209043664,0.1253339029175,-0.0078908908584,-0.0192091432672,-0.0702376091987,-0.2146599413467,-0.0029795203651,-0.0175705741707,0.1626908370503,0.0042250048926,1.0000000000000,0.0559454282788,-0.0994479143955,-0.2104867526851,0.0393804705927,-0.0212345096605,-0.3810285203912,0.0188900446316,0.1002201856720,-0.0637768873088,-0.0561693975280,-0.1246765373548,-0.1735333683066,0.0231513909692,-0.0908357790809,0.1321489269303,0.1427654549598,-0.0109422488607,-0.1292510151106,0.0241590462648,0.0111662600021,-0.1056473687310,0.0326392361508,-0.2008705129171,0.1939499222926,0.0843747870359,0.0526636883861,0.0020747854356,-0.0846286620653,-0.1695005486544,-0.1418695476724,-0.0311316262241,-0.0591713087004,0.0412042201874,-0.0137391726048,0.4075941548139,0.1392199764104,0.0125672595571,-0.1738449039554
-0.0202964073944,0.0445452467825,0.0661975235834,0.0187017131176,-0.0050831657603,0.6854187960628,0.0365856116302,-0.0605389027401,0.3925544244398,0.0921295793501,0.0702051554615,0.1819086851934,-0.0711507802049,0.2181746084717,0.1729798580314,0.3960880205982,0.0857260503953,-0.0468571952301,0.1194957421091,-0.0542883561349,-0.0683537159494,0.1220311480004,-0.0381809816871,0.0387813472188,-0.0064483305309,0.1546994334000,-0.0393474349711,0.0621217334084,-0.0000561108892,0.2895134778642,0.0202754056392,0.0559454282788,1.0000000000000,0.1240157075610,0.1803694155329,-0.0902521550689,-0.0824399936246,-0.1683799693804,0.0067005266811,-0.0589703167104,0.5668273967867,0.2101781383447,-0.1730047051951,0.5210383060706,0.0331396068594,0.0056290496515,0.0810215627584,-0.0614042384326,0.1275818723301,0.1099950208565,0.2899245483388,0.0990505478113,-0.0910432170056,-0.0386569396984,-0.1368643836720,-0.1136502387997,0.1220434228607,-0.0713786245746,0.0248984971357,-0.0427556388407,0.1108201902875,-0.1657779464257,-0.0675511704440,-0.0107679117698,0.1415215027280,-0.0442975521695,-0.0558050843805,0.3916602666314,0.2067168224931,0.1636641352259
0.2873182681645,0.5757606588654,0.2856560089102,0.5766566397371,0.4105072240830,0.1534762393644,0.2621420814421,0.0417550549551,0.2298274425518,0.3194240793991,0.3827335578111,0.2806347257374,0.3581130938958,0.3169581997161,0.2183352170971,0.3906648812845,0.4753932632894,0.3763880777837,0.2176150483699,0.3725092202522,0.4316350742375,0.5988373788410,0.4913765513230,0.5796290968458,0.2989160865016,0.4630820932688,0.2755142958193,0.2642157883214,0.1293304376571,0.6696626317624,0.2832270390765,-0.0994479143955,0.1240157075610,1.0000000000000,0.6742860508692,0.3309708471226,0.3786039572321,0.0122197608943,0.6072006549912,0.2460522669311,0.1607924132356,0.1134647309881,-0.1421012841445,0.1323028732247,0.3227793220120,0.2380373923830,0.2014716105963,0.2879644459824,0.3406980636849,0.1830893643029,0.3395547123653,0.5187579347577,0.0301093370355,-0.1387049407572,0.1183514313736,0.3144673707967,0.4875594570277,0.4984565458062,0.5403362601927,0.3371403260706,0.4377500394829,0.0791187635851,0.2974090153021,0.0902831610950,0.6305886916375,0.2851576922751,-0.3044562239139,0.2121883693407,0.7413639793043,0.6235344693064
0.3648301572567,0.6290436531652,0.3870955193632,0.6126327816921,0.3161188279997,0.2334638128043,0.3392819688777,0.0862570890325,0.3326713426733,0.2096240034270,0.3516684594405,0.2496625101314,0.2770146796326,0.1986606263698,0.1734709919360,0.3811501098010,0.5887707411801,0.5519716460924,0.1786208493191,0.5000282180259,0.3991319844759,0.6346365164524,0.4618207806518,0.6605068386584,0.3685797080252,0.4990634993263,0.4786174791800,0.3445951257881,0.2074312646631,0.5925201612594,0.4820372590469,-0.2104867526851,0.1803694155329,0.6742860508692,1.0000000000000,0.3844709128922,0.4354771938699,0.1253103995843,0.5816142067665,0.1029078118141,0.2316254147056,0.1636118549656,-0.0485856753584,0.2377865102351,0.2735251548338,0.1797535006156,0.1878599527954,0.2032372095708,0.2317252816584,0.1266837492622,0.3962147204902,0.6273379806279,0.1699672035772,-0.1291207267406,0.2215270701578,0.2546402465617,0.5083631727046,0.5566994148793,0.5613816244616,0.3460255785611,0.5181081475131,0.2205422522723,0.4156542827345,0.1231640146406,0.5048624229733,0.3963203610592,-0.3575496408534,0.2418560660230,0.5767405982058,0.8730053362156
