1.0000000000000,0.2208893844955,0.0983181199682,0.4148880210828,0.0921933554425,0.0212537382263,-0.0026690547038,-0.0160413909762,0.1341572984763,-0.0542510268802,0.0637058067778,0.0774606312880,0.1218039789851,-0.0020996091472,0.5490952546576,0.0066984017196,0.2198990727217,0.2436784101943,0.0136641226990,0.2350472612353,0.2233911695899,0.2188285222226,0.3020662482677,0.2603678089385,0.0588371531570,0.0878122003753,-0.0286318857006,0.0624215995849,0.1379644991134,0.4003474426563,0.2994569582003,0.0449168725298,-0.2193720370103,0.3335785166915,0.2912547481994,0.6754870414591,0.0701967130892,-0.1000691940424,0.1934639793636,0.0857365644405,0.0096615196600,-0.0453002200511,-0.0673831681809,0.1152906193846,0.0036460404222,-0.0061914389948,0.1723033503158,0.1175428398511,-0.0091788157215,0.5087733956600,-0.0856890787549,0.1805914960975,0.2032842673138,0.0976088446858,0.2300775278727,0.1931516593251,0.2180230956097,0.2211882464834,0.2571609056281,0.0559247601053,0.0250088929760,-0.2347574757693,-0.0153845281737,0.1154307162462,0.3976453436164,0.2243633183563,0.0750405556522,0.0023921600143,0.2420481854983,0.2647675958078
0.2208893844955,1.0000000000000,0.4804203605604,0.7321664512915,0.0194566791285,-0.0167406556029,-0.1399861791420,0.3209092606826,-0.0300452111838,0.2256923912142,-0.1298159105634,0.1091213965856,-0.0278167185220,0.0674227162682,0.1639663811720,0.1335514803275,0.2149891328283,0.3781059465753,0.2008865862690,0.2485257751393,0.0791296640862,0.1760301132017,0.5602625595181,0.3139389194525,0.3670622809290,0.5760137470768,0.4386243992343,0.4340601913839,0.1274111996445,0.3126110982945,0.3560421754120,-0.0695386320251,0.0894005479556,0.2494258372744,0.5314643389244,0.1692316277475,0.6504516290599,0.1353580201226,0.5889788405175,-0.0195640123651,-0.0444430317651,-0.2024365486732,0.1341908658182,-0.2315537328175,0.2294661182286,-0.1158104368153,-0.1331008964760,-0.0451082275897,-0.1483684194517,-0.1053011112317,0.0257718791450,0.1111545071094,0.3585673419777,-0.0460533201206,0.3569767021698,0.0367305212023,0.0668513465956,0.5223229912973,0.1833554365483,0.2531687331677,0.4028602601961,-0.0342155005566,0.2994051391888,0.0387591161063,0.2347682168580,0.1138147353909,0.0336668064594,-0.0719006029760,0.1932886546597,0.5202125781885
0.0983181199682,0.4804203605604,1.0000000000000,0.4216628694934,0.1125349313203,-0.0973139193593,-0.2865828747740,0.5602268947076,-0.1034501232873,0.2040862719117,-0.1821816054559,-0.0142854546221,-0.0293082717889,-0.0088006367849,0.0942998515080,0.0221504268948,0.3448360810727,0.3993958593091,0.3776974250985,0.1904706234773,0.1184064872089,0.3330834336128,0.3006494764809,0.4798227845393,0.4811991456532,0.3596844310265,0.6341470646127,0.7652940737847,0.3601931594496,0.1032885536115,0.3603781607284,-0.2403184885418,0.0877082599425,0.1032441763664,0.2198486285482,-0.0311060405514,0.1952452742537,0.6238730066460,0.3812429306698,0.0543937551506,-0.2021059521663,-0.2998461883845,0.3931894868038,-0.3032491007238,0.1663187972208,-0.2017294822370,-0.2824085261101,-0.0188408344450,-0.2752624125684,-0.2108848382000,-0.1211318563568,0.2829574955132,0.3625303630423,0.0798387593208,0.3758297748311,0.0170425845609,0.2188279143562,0.2261281922602,0.2844804664662,0.3943616812971,0.2859875449632,0.2604588188021,0.6764016740456,0.2245723355959,0.0234383836108,0.0853399852660,-0.1954571058501,-0.2016149036505,0.0919702482050,0.1713127771803
0.4148880210828,0.7321664512915,0.4216628694934,1.0000000000000,-0.0452987669309,0.1213312740152,-0.1174423008209,0.2604352352302,0.0488701674765,0.2549200868643,-0.1100966716241,0.2363795520191,-0.0427944039505,0.1279446175600,0.1662625401682,0.2529095661932,0.2262306857335,0.3264938599185,0.3240630401619,0.3009608493545,0.0735707586494,0.1423767343025,0.6056364656056,0.3058734744705,0.3539295516766,0.6682890597493,0.4272657950731,0.4191476315529,0.1300706081310,0.3146979428507,0.3509585924765,-0.0432806254463,0.0443338708722,0.2492547796320,0.5766169156016,0.2748938354088,0.4719316107669,0.1877684747842,0.7740296999777,-0.0684767956616,0.0254709044891,-0.1684393306395,0.2202202609508,-0.0700862791624,0.2976061081536,-0.1543257770985,0.0599251248191,-0.0896367145868,-0.0307286001417,-0.0155223193233,0.1243454913672,0.1363235295650,0.3898389406001,0.1827130098384,0.4285061507294,0.0151411414845,0.0276608889120,0.4760282595170,0.1670234713099,0.2880446789841,0.5289566585399,-0.0338853103022,0.3180028478730,0.0120769756508,0.2017044880789,0.1112422545577,0.0374787055744,-0.1062426425998,0.2037334057056,0.5699011437047
0.0921933554425,0.0194566791285,0.1125349313203,-0.0452987669309,1.0000000000000,-0.2847093256951,0.1441765070454,0.2410873223262,-0.1547010950147,0.2509200125761,0.4991665523438,-0.3462238982669,0.7723032522319,-0.1225713862492,0.0656441299637,-0.0906429664344,0.3955473446579,-0.1481629835847,-0.2535056924694,-0.3844989289791,0.8524111213306,0.6014841466122,0.1850343627713,0.3759160512519,0.4113360354937,-0.2543609297383,-0.2067015359902,0.0051306306350,0.5979529136472,0.1955182664599,0.3054834563941,-0.0688092475955,-0.2070341707655,0.5009666326082,-0.1339544759619,0.1486798776540,-0.0298049854989,0.0892005943509,-0.1038453798195,0.9325259788112,-0.3511033547498,0.2623028804901,-0.0013044919031,-0.0541680919436,0.2679640134340,0.5474212890677,-0.3984005691309,0.8204052595006,-0.2046024310173,0.2307271631039,-0.0458573175561,0.2733836826066,0.0240070481733,-0.2355378321461,-0.0264077003668,0.8593086428435,0.5750946753323,0.2675107002323,0.4269229969088,0.5144001009498,-0.1923621937977,-0.0969038649993,-0.0094987599724,0.6942520107737,0.3964709932102,0.3733176155888,-0.0360035751206,-0.0927660575284,0.5072907585161,0.0183362194267
0.0212537382263,-0.0167406556029,-0.0973139193593,0.1213312740152,-0.2847093256951,1.0000000000000,0.2824999963292,-0.0295515548965,0.4648673148679,0.0803506640403,0.0225010988022,0.2945052035403,-0.2594430550489,0.2733591220076,0.1793163684922,0.5368218740146,-0.2481950070879,-0.0100124144188,0.0446561368096,0.1178814678310,-0.2274363850876,-0.3253246218686,-0.0894049483752,-0.2474027217705,-0.0696795780353,0.1784045466632,0.1443500524904,-0.0566962744090,-0.3058024771315,0.1234868470421,-0.1370175593100,0.1960673132741,0.3761090359705,-0.0507262408939,0.1328444829387,-0.1088073174100,-0.0056369762466,-0.1141623224545,0.1732837875907,-0.2804582318150,0.8208940012377,0.1814134095943,-0.0980806534117,0.4013796055917,0.1435296740272,-0.1301324370911,0.4188343540033,-0.3019013569992,0.3506817304443,0.1342841856532,0.5303984956766,-0.2359604606122,-0.1375997482415,0.1190054123670,-0.1431760366912,-0.2438443979682,-0.3454914605550,-0.1816659568450,-0.3187718076369,-0.2251885333197,0.0739992705739,0.0645064066156,-0.0901751381531,-0.3316417367105,-0.1189809843895,-0.2941851764006,0.0764583831583,0.4856180489135,-0.1462026308999,0.0798334138182
-0.0026690547038,-0.1399861791420,-0.2865828747740,-0.1174423008209,0.1441765070454,0.2824999963292,1.0000000000000,0.1588622430744,0.6785711982842,0.0729186424088,0.7065572841761,0.2191353270120,0.5005192950076,0.2489454889991,0.3720908938791,0.2342635393413,-0.3495476829365,-0.2238305259766,-0.1154410845406,-0.0157721253641,0.2324628324574,-0.2944045890977,-0.1142335836509,-0.4667079641599,-0.0139932900006,-0.1088861285917,-0.1272125907450,-0.3653122651801,-0.1285110783974,0.0591797082479,-0.1448126384189,0.1945261755968,0.0885238251910,-0.0971163846349,-0.1281978923640,-0.1763477556674,-0.0782478772431,-0.3766127721145,-0.0553382644536,0.1061276714672,0.3291685288652,0.8385249982205,-0.1917064714772,0.6264284038570,0.1715051042248,0.6816618503522,0.1207883265050,0.3856914039451,0.1631895183815,0.1367423117223,0.3930280293955,-0.4655141068228,-0.2918524057057,-0.1615174802291,-0.2047655250662,0.2981955197179,-0.3350491910335,-0.1332164235345,-0.4595705864976,-0.1880924617759,-0.2157938105744,-0.1319031246731,-0.4283355113421,0.0229641323562,-0.0684702332463,-0.2566840651032,0.1851118316827,0.2920358290582,-0.2604274627092,-0.1412074873272
-0.0160413909762,0.3209092606826,0.5602268947076,0.2604352352302,0.2410873223262,-0.0295515548965,0.1588622430744,1.0000000000000,0.2104651283474,0.4488268543013,0.1719752496901,0.1072120118568,0.1703372836780,0.1730191624008,0.2112924194717,0.2550585179994,-0.1670326848408,0.0828543252986,0.2452852892493,0.1008344219618,0.2940512373616,-0.0706652311706,0.0934663394348,-0.1153615833428,0.5618238254789,0.3763692159833,0.4904509605088,0.2823172877996,0.0552942473044,-0.0453153489088,0.1362430649539,-0.0741401991812,0.1041589994230,-0.0479821088004,0.0115507864865,-0.3182170634303,0.1497793210637,0.3020458710670,0.3794674257120,0.1356546571381,-0.0459202012280,0.1021816000064,0.5658345573898,0.0353795044010,0.4664148266129,0.1849082840273,-0.2260426475996,0.1211689739465,-0.0389201153706,-0.1670834280196,0.1927599154458,-0.2914648096095,0.0001838491959,0.0032606059480,0.1564086066255,0.2618811384040,-0.1573098235233,0.0998827722709,-0.2435204599004,0.3291047176343,0.2191410966574,0.1220851313368,0.1575225181204,0.0432162580123,-0.1311196106883,-0.2002107764551,-0.0226169075631,-0.1284259511869,-0.0849754655799,-0.0408421462228
0.1341572984763,-0.0300452111838,-0.1034501232873,0.0488701674765,-0.1547010950147,0.4648673148679,0.6785711982842,0.2104651283474,1.0000000000000,-0.0598171985576,0.4728042710492,0.4512143833916,0.0677969732452,0.3799220681004,0.6193109746228,0.4305827278172,-0.4048188234176,-0.1466917774488,0.2329821246973,0.1401372868172,-0.0854419773637,-0.3859049773234,-0.2607129796921,-0.4449322048955,-0.1616954604160,0.1476987976050,0.0967161491000,-0.1316171316430,-0.2641264710666,0.1122571940696,-0.0950320411962,0.0820903631448,0.1806506974078,-0.1918471725856,-0.0240844985405,-0.1468393922626,-0.1352588601174,-0.2319011526205,0.1158507284239,-0.1985548439393,0.4937407318252,0.6454320222753,-0.1565752920197,0.7825228942692,0.0683974918446,0.3745748277627,0.3154846096345,-0.0345928451646,0.2056638549661,0.2261477050785,0.4443999283282,-0.4834084741571,-0.2250009104294,0.0986586234539,-0.0250832404077,-0.0581763126275,-0.4428756898184,-0.2921211410407,-0.5185146713236,-0.3760971426171,-0.0415619521294,0.0022288587108,-0.2990773519584,-0.2107081125485,-0.1616957615121,-0.3544260883659,0.0746855679474,0.3666427943713,-0.3809815489142,-0.0879408599866
-0.0542510268802,0.2256923912142,0.2040862719117,0.2549200868643,0.2509200125761,0.0803506640403,0.0729186424088,0.4488268543013,-0.0598171985576,1.0000000000000,0.0158006913747,-0.0847034645842,0.1121317942465,0.0822322593331,-0.1825359405096,0.2189689376264,-0.0300391909156,-0.0832568425508,-0.1105953655801,-0.1559494522467,0.2299013120677,-0.0201074276357,0.2328232116513,-0.0341759251488,0.6962727303553,0.2400980237528,0.2502347347308,0.0398341669872,0.0646885182359,-0.1227841830844,-0.1087665084161,0.0372850912507,0.0691878344436,0.0181048179439,0.0083480495338,-0.1716580695193,0.0537489202896,0.0487547239762,0.3000148718917,0.1902903706540,0.0603541238772,0.0124004940721,0.2739290161801,-0.1166780965151,0.8249871965319,0.0197414511267,-0.2302311316111,0.0827894258087,0.0794982540002,-0.1724151354453,0.2666472061627,-0.0775730835181,-0.0995085491342,-0.2492710676617,-0.1538184157238,0.2243329992170,-0.0464369808932,0.1985259185021,-0.0845389153811,0.5761910359046,0.1227499008068,-0.0247801922587,0.0087150012725,0.0022271183531,-0.0795680888775,-0.2277538474719,0.1413013441391,-0.0834903887685,0.0516302512395,0.0191502265828
0.0637058067778,-0.1298159105634,-0.1821816054559,-0.1100966716241,0.4991665523438,0.0225010988022,0.7065572841761,0.1719752496901,0.4728042710492,0.0158006913747,1.0000000000000,0.0422574332566,0.7549190854878,0.1365998705713,0.2920100366773,-0.0009547179061,-0.1016421866500,-0.2732394295329,-0.0763793705149,-0.1508157914239,0.5774716073635,0.0718891519297,-0.0686477325220,-0.1814236486200,0.0169345914224,-0.2121083935254,-0.2386009820004,-0.2314001800757,0.1752883459170,0.0351189671587,0.0007480959217,0.0384077804162,-0.2461145627125,0.1225751849687,-0.2426690543523,-0.0761501121467,-0.1890646437311,-0.2573134715509,-0.1665913346536,0.4639456502633,0.0263325945148,0.7496042131373,-0.2554119112892,0.4990172920981,0.0651562353344,0.9293876002857,-0.0643063876044,0.6374591569773,0.0119635322187,0.1765842394574,0.1025299933436,-0.2177879453111,-0.2654071173604,-0.1836939543761,-0.1838006032221,0.6026244751328,0.0046523650030,-0.0534744434560,-0.1707627658087,-0.0592183061846,-0.2748426643723,-0.1428136526951,-0.3125761326687,0.3441983204879,0.0341499737041,-0.0504341785842,0.0557765148358,0.0376776497378,0.0182442998656,-0.1800659383299
0.0774606312880,0.1091213965856,-0.0142854546221,0.2363795520191,-0.3462238982669,0.2945052035403,0.2191353270120,0.1072120118568,0.4512143833916,-0.0847034645842,0.0422574332566,1.0000000000000,-0.1875543535342,0.7972933914985,0.2628191174219,0.3251118239367,-0.2886341996820,0.1969496628983,0.4059916396905,0.3585535960483,-0.1795963694339,-0.3483751035883,-0.1179874383274,-0.2712861572773,-0.1501152967156,0.4326268420892,0.1948683799992,0.0845280842125,-0.3816557501083,0.0485941622667,-0.0192041319349,0.5127833929329,0.0478908732340,-0.1266269671287,0.2216094577203,-0.0756389001559,0.0826328315832,-0.1591110011620,0.2817280580702,-0.4158306546305,0.2272073768665,0.1128676480476,-0.0469342312784,0.2737513424068,-0.1281915524975,-0.0128959526666,0.6928996771649,-0.2581510871620,0.6687470508352,-0.0704244199827,0.2385312314856,-0.3088591479608,-0.0512702011504,0.3264299288289,0.1208115285863,-0.2339280722598,-0.4333900965389,-0.1996340283422,-0.3949587345764,-0.3611700306553,0.3400215688104,-0.0227388053671,-0.0625383255533,-0.4114661046352,-0.1673436771792,-0.2597388513918,0.4029318465278,0.1582390472549,-0.2412691593914,0.0119102314276
0.1218039789851,-0.0278167185220,-0.0293082717889,-0.0427944039505,0.7723032522319,-0.2594430550489,0.5005192950076,0.1703372836780,0.0677969732452,0.1121317942465,0.7549190854878,-0.1875543535342,1.0000000000000,-0.0511783663977,0.2203306703136,-0.1582655806590,0.2089179972454,-0.1494380447878,-0.1386913407331,-0.2139138441654,0.8159933550279,0.4005029839309,0.1469839466305,0.1465124687711,0.2099177286310,-0.2859581752431,-0.2687689258084,-0.1340987238695,0.4422067172840,0.2279126583532,0.1957646026141,-0.0153771822582,-0.2414605359696,0.3681100617726,-0.1269770033866,0.0996266412535,-0.0625955919086,-0.1101427853275,-0.1293150457644,0.7466709263450,-0.2978108955978,0.5492530698906,-0.1564682536203,0.1692355021647,0.1352871580305,0.8123747533477,-0.2854708800030,0.9455665431837,-0.1732336969074,0.2437789372778,-0.0061434161075,0.0853371633472,-0.0526199054099,-0.1800300026669,-0.0636782184436,0.8255343226777,0.3522595776607,0.1957530890728,0.2038629211451,0.2423186416595,-0.2691169396690,-0.1907322523665,-0.1659041651068,0.6193578897656,0.3566988043314,0.2608704643751,0.0207310563256,-0.0392204628064,0.2788164001785,-0.0130716283772
-0.0020996091472,0.0674227162682,-0.0088006367849,0.1279446175600,-0.1225713862492,0.2733591220076,0.2489454889991,0.1730191624008,0.3799220681004,0.0822322593331,0.1365998705713,0.7972933914985,-0.0511783663977,1.0000000000000,0.1661743999797,0.3610900737408,-0.1658771559423,-0.0200022915086,0.1454710084199,0.1029335633962,-0.0068348826965,-0.1912149550660,-0.1283053220730,-0.1558409833679,0.0300318904555,0.3729587236054,0.0589615235179,0.1384022309763,-0.2156740241540,-0.0431345534781,-0.0594588030044,0.6493818497723,0.0268000489291,-0.0443452542019,0.0137033459760,-0.1293951484147,-0.0457656838744,-0.2089089061739,0.1090883147549,-0.2207895514170,0.1844106356481,0.1460447750038,-0.0946215943869,0.2342753315806,-0.0496975706478,0.0967850742902,0.5612792542201,-0.1119626697845,0.7944911885725,-0.0945285553895,0.2759774788030,-0.2004831484734,-0.2122112009166,0.0233852680725,-0.1123986160206,-0.0478691353804,-0.2515824981309,-0.2053224004023,-0.2669177774929,-0.1685086123694,0.2074930632359,-0.1676311020408,-0.0504309448589,-0.2525404609129,-0.1547673610786,-0.2596084126590,0.6070725970373,0.2564798569523,-0.1551564335218,-0.1452165229570
0.5490952546576,0.1639663811720,0.0942998515080,0.1662625401682,0.0656441299637,0.1793163684922,0.3720908938791,0.2112924194717,0.6193109746228,-0.1825359405096,0.2920100366773,0.2628191174219,0.2203306703136,0.1661743999797,1.0000000000000,0.1403705628230,-0.1127036630975,0.1246890390559,0.2374061897317,0.2628895611175,0.1327030632973,-0.0049952437234,0.0624052481187,-0.0934019781157,-0.1092995606278,0.0316361325734,0.0570629919952,-0.0164197634581,-0.0543016911484,0.5433093877430,0.2647978675436,-0.0034557143831,0.0876381092832,0.2176670036748,0.1588707717269,0.3084102513930,0.0731838117394,-0.1096561565244,0.1560663598306,0.0504210671294,0.2203121430994,0.3780547941470,-0.1305528361228,0.5258089480977,-0.0417616517287,0.2582198525706,0.1815580198564,0.2067073129950,-0.0192639052063,0.6311720604772,0.1772021117560,-0.2215385920505,0.0571654498475,0.2070731873044,0.2444354063620,0.1671999263938,-0.0485692572069,0.0896469421319,-0.1298797682996,-0.2450498149670,-0.0439790889584,-0.0789371944217,-0.1660767830785,0.0451047182230,0.3410332350971,0.1019667396128,-0.0001076022928,0.3000654790543,0.0131241108979,0.1354400441976
0.0066984017196,0.1335514803275,0.0221504268948,0.2529095661932,-0.0906429664344,0.5368218740146,0.2342635393413,0.2550585179994,0.4305827278172,0.2189689376264,-0.0009547179061,0.3251118239367,-0.1582655806590,0.3610900737408,0.1403705628230,1.0000000000000,-0.1889925110167,-0.0631339057047,0.0622911744063,-0.0153274114884,-0.0911242638700,-0.2345453700307,-0.1083561496666,-0.1819893952692,0.1617984264248,0.3886290163047,0.1538689042304,0.0690153469731,-0.2028146973784,0.0961566472016,-0.0931732117767,0.1445878484700,0.4444430109670,-0.0392277254526,0.2108840561832,-0.0957494860907,0.0594375421138,-0.0021454089924,0.3534687310493,-0.1047832346060,0.4445271416952,0.1671760942219,0.1528244516071,0.2910466463102,0.3099284510533,-0.0634275597714,0.2775231598158,-0.1943282380295,0.3370658931497,0.0260109345016,0.6810710300835,-0.2365812034661,-0.1192799186046,0.0371620439348,-0.0479129713842,-0.1125328332445,-0.2859010386894,-0.1674170782146,-0.2928215214472,0.0528907946235,0.2836202086953,0.0004803208685,-0.0213478816127,-0.2577739886441,-0.1278061964638,-0.2623754509863,0.1083494122420,0.3165148136834,-0.0538139361719,0.1579230904733
0.2198990727217,0.2149891328283,0.3448360810727,0.2262306857335,0.3955473446579,-0.2481950070879,-0.3495476829365,-0.1670326848408,-0.4048188234176,-0.0300391909156,-0.1016421866500,-0.2886341996820,0.2089179972454,-0.1658771559423,-0.1127036630975,-0.1889925110167,1.0000000000000,0.0453350779832,-0.1046125886000,-0.1912365967176,0.2657018639752,0.8760979989148,0.3834079300565,0.9002061833932,0.2753503885627,-0.1165031736688,-0.0469330929985,0.4743624275190,0.7786955948940,0.1791649418420,0.4740881392592,-0.1308387030236,-0.2113857075076,0.4538031573564,0.1256338571978,0.4548238600906,-0.0417277506406,0.1846393107208,-0.0893268439499,0.4424224757413,-0.4074644791205,-0.2728643011332,-0.1424625027105,-0.3764699483421,-0.0749438772009,-0.0980794796650,-0.1833616490293,0.3174114925318,-0.2523210424639,0.0608744070229,-0.2817064958125,0.9394669457536,0.2527676117960,-0.1357983722008,0.0931026459609,0.2062971811701,0.8543714644378,0.3659040522416,0.8888476204646,0.4948390378041,-0.0820651123045,-0.0741383645544,0.4590292259864,0.6730413361803,0.3566110505364,0.5632548948876,-0.0988547674454,-0.0866490067410,0.4946276582673,0.2246911511501
0.2436784101943,0.3781059465753,0.3993958593091,0.3264938599185,-0.1481629835847,-0.0100124144188,-0.2238305259766,0.0828543252986,-0.1466917774488,-0.0832568425508,-0.2732394295329,0.1969496628983,-0.1494380447878,-0.0200022915086,0.1246890390559,-0.0631339057047,0.0453350779832,1.0000000000000,0.3182784987030,0.7235300517207,-0.0997614880958,0.0052003019586,0.2974140974924,0.2272413411180,-0.0479541720265,0.2240459926574,0.3403695557740,0.2363470809582,-0.0316451380436,0.2799204532366,0.4213308091487,0.0443996265527,0.1233675020132,0.1865412578837,0.6119932013300,0.1363605336666,0.4476322706801,0.1591311804917,0.3729038771084,-0.1908110087915,-0.0182125024571,-0.2991756996346,0.1594406275294,-0.3102656559539,-0.0668219892447,-0.2727165845377,0.0331923172184,-0.1523485492362,-0.0826798581371,-0.1011096803892,-0.0794702760252,0.0339095426737,0.6805310754140,0.1955520494514,0.6199851109554,-0.1876129281195,-0.0442535823672,0.2502574908659,0.1468180488456,-0.1089974184059,0.2445502706441,-0.0436917147291,0.1997451186983,-0.1215174647169,0.2203104309383,0.1724009492642,-0.0130094294418,-0.1106213559051,0.1711400797562,0.4976525357983
0.0136641226990,0.2008865862690,0.3776974250985,0.3240630401619,-0.2535056924694,0.0446561368096,-0.1154410845406,0.2452852892493,0.2329821246973,-0.1105953655801,-0.0763793705149,0.4059916396905,-0.1386913407331,0.1454710084199,0.2374061897317,0.0622911744063,-0.1046125886000,0.3182784987030,1.0000000000000,0.5582369015262,-0.1661206295528,-0.0869232112501,-0.0204727341881,0.0028247923897,-0.1369231829646,0.4614374632126,0.5160687446890,0.4428371533463,-0.1233838086547,0.0787863007806,0.0805473492563,-0.2385518672222,0.1086409680838,-0.1519617370200,0.3291744312340,-0.1215866530765,0.1454252542686,0.2375221100323,0.4643802610289,-0.3109171969105,-0.0171762932993,-0.0470779890193,0.1552703373016,0.1046753579221,-0.1085803989823,-0.1135630793924,0.0383023846059,-0.1924226891125,-0.1038056752034,-0.1092352804677,0.0003670606545,-0.1108991401499,0.1438182418591,0.6221575138526,0.3875380005635,-0.2425066686612,-0.2125852431372,-0.0673705652956,-0.1626572428459,-0.1839392486729,0.4966380938781,0.2653637259335,0.3286581009843,-0.1808075099885,-0.1005704038681,-0.0919637248265,-0.2325911606387,-0.1313361259929,-0.1605540359025,0.2153213181635
0.2350472612353,0.2485257751393,0.1904706234773,0.3009608493545,-0.3844989289791,0.1178814678310,-0.0157721253641,0.1008344219618,0.1401372868172,-0.1559494522467,-0.1508157914239,0.3585535960483,-0.2139138441654,0.1029335633962,0.2628895611175,-0.0153274114884,-0.1912365967176,0.7235300517207,0.5582369015262,1.0000000000000,-0.2409592996443,-0.2796215355906,0.1407456748020,-0.0882901431063,-0.2093294099749,0.2917406904407,0.3699059711532,0.1556412196832,-0.2290224811334,0.1270260837911,0.1546053077653,0.0447560190586,0.1210379874822,-0.0653146570152,0.5122613897059,-0.0038950952829,0.2931840624562,-0.0690575125987,0.3442878555939,-0.4488426971562,0.1412976903237,-0.0949850127479,0.0265456567051,-0.0050373529116,-0.1514105773420,-0.1595120012804,0.1374985611005,-0.2925313701691,0.0015035262580,-0.0835018623318,-0.0228454505088,-0.2043595787432,0.3427538652704,0.3938720049809,0.4438332777541,-0.2818019056670,-0.3323659886119,0.0178686280965,-0.1864211066145,-0.3540922329558,0.2472346275078,-0.0511820092428,0.0506560578198,-0.2949093043595,0.0128438094945,-0.0949237715428,-0.0186680491988,-0.0702632348479,-0.1144371051501,0.3790378175327
0.2233911695899,0.0791296640862,0.1184064872089,0.0735707586494,0.8524111213306,-0.2274363850876,0.2324628324574,0.2940512373616,-0.0854419773637,0.2299013120677,0.5774716073635,-0.1795963694339,0.8159933550279,-0.0068348826965,0.1327030632973,-0.0911242638700,0.2657018639752,-0.0997614880958,-0.1661206295528,-0.2409592996443,1.0000000000000,0.4612795080792,0.2314648877657,0.2763231427596,0.3486728042789,-0.1473562788504,-0.1818331345223,0.0079075641785,0.4344937247146,0.1893790837096,0.2478506578521,0.0018368502058,-0.2405934796899,0.4570745319637,-0.0555895027398,0.1646687212713,-0.0190061810454,0.0404155810317,-0.0142113820803,0.7473711619536,-0.3000477625596,0.2547579512444,0.0085833271277,-0.0256609092642,0.2319219238204,0.5904084945410,-0.3013781614905,0.7936213509861,-0.0933568451935,0.1872945424591,-0.0686426290431,0.1565282367682,-0.0036461755102,-0.2051320156680,-0.0462429520881,0.9400965689992,0.4104765618058,0.2412377669793,0.3044119694552,0.3870371516600,-0.1086206788296,-0.1624983008404,-0.0174088773306,0.5337756877698,0.3460673914443,0.2810691358212,0.0305874609203,-0.0944598698357,0.4190956280262,0.0240618832429
0.2188285222226,0.1760301132017,0.3330834336128,0.1423767343025,0.6014841466122,-0.3253246218686,-0.2944045890977,-0.0706652311706,-0.3859049773234,-0.0201074276357,0.0718891519297,-0.3483751035883,0.4005029839309,-0.1912149550660,-0.0049952437234,-0.2345453700307,0.8760979989148,0.0052003019586,-0.0869232112501,-0.2796215355906,0.4612795080792,1.0000000000000,0.3168360174294,0.8903479099313,0.2887208658172,-0.1832495046549,-0.0891150903332,0.4074726502799,0.8220729353090,0.2891095588112,0.5655851528409,-0.1814235011615,-0.2612741483465,0.5956888752434,0.0620205201407,0.4523236170753,-0.0452381350341,0.2100960874417,-0.0995302370562,0.6344359862664,-0.4580829439177,-0.1292034564235,-0.1306360954632,-0.2720995836770,-0.0725647433005,0.0981274314118,-0.3115403554172,0.5171044415758,-0.3078329930977,0.2217604324434,-0.2792585924956,0.8282266486138,0.1771357722090,-0.1607193136434,0.0693145207192,0.4051103935554,0.9560077751393,0.3622625815268,0.8873680430131,0.5048646004907,-0.0919507744347,-0.0432465890262,0.3888948683075,0.7799054254360,0.4942177131230,0.6853442009185,-0.1528812875411,-0.1121208545778,0.6229302479861,0.1804866289266
0.3020662482677,0.5602625595181,0.3006494764809,0.6056364656056,0.1850343627713,-0.0894049483752,-0.1142335836509,0.0934663394348,-0.2607129796921,0.2328232116513,-0.0686477325220,-0.1179874383274,0.1469839466305,-0.1283053220730,0.0624052481187,-0.1083561496666,0.3834079300565,0.2974140974924,-0.0204727341881,0.1407456748020,0.2314648877657,0.3168360174294,1.0000000000000,0.3930976074942,0.3865495053885,0.1910602396209,0.1446988256865,0.1905654073723,0.2741934503982,0.3410153647733,0.4354532919017,0.0034834744059,-0.0292474106841,0.4001149825079,0.4159497186688,0.2644491768310,0.4548926108361,0.0333205087179,0.3558900679518,0.1778026419103,-0.1226482095854,-0.1613348005649,0.0849133019996,-0.3013061016535,0.2149841741224,-0.0485479861162,-0.1969055072963,0.1533799531593,-0.1822758231842,-0.0031179012239,-0.1577087372698,0.2681908581161,0.3621500893772,-0.1060111075704,0.2408491475507,0.2140803716689,0.2443855226758,0.8440003077834,0.3460269234217,0.3643430174295,0.1489547407946,-0.1829443384520,0.1676124226443,0.2526192497921,0.3693513908125,0.3136780289789,0.1089539602962,-0.1430216046173,0.3856136655227,0.4483073035285
0.2603678089385,0.3139389194525,0.4798227845393,0.3058734744705,0.3759160512519,-0.2474027217705,-0.4667079641599,-0.1153615833428,-0.4449322048955,-0.0341759251488,-0.1814236486200,-0.2712861572773,0.1465124687711,-0.1558409833679,-0.0934019781157,-0.1819893952692,0.9002061833932,0.2272413411180,0.0028247923897,-0.0882901431063,0.2763231427596,0.8903479099313,0.3930976074942,1.0000000000000,0.2402884683930,-0.0149153354973,0.0464227295306,0.5982242118285,0.7331180105739,0.2598159343415,0.5650608260365,-0.1602635814425,-0.1585459562542,0.5139707925511,0.2584029496931,0.4615572818214,0.0479550848292,0.2730827898245,0.0381054820556,0.3803556331472,-0.4082028949168,-0.3781643917375,-0.0809294908717,-0.4445968230138,-0.0805060037725,-0.1825366114290,-0.2464076680515,0.2512646550498,-0.2816511113688,0.0556642826062,-0.2911099984618,0.8756815559158,0.3764587986956,-0.1292672311252,0.2145735693687,0.1770018382721,0.8456558893430,0.3794480527719,0.9354577204518,0.4462001906916,0.0418975448951,-0.0672223326486,0.5640594733187,0.5899490139587,0.4125105468225,0.6016751135741,-0.1151544278214,-0.1313004662460,0.5741746540633,0.3282698242007
0.0588371531570,0.3670622809290,0.4811991456532,0.3539295516766,0.4113360354937,-0.0696795780353,-0.0139932900006,0.5618238254789,-0.1616954604160,0.6962727303553,0.0169345914224,-0.1501152967156,0.2099177286310,0.0300318904555,-0.1092995606278,0.1617984264248,0.2753503885627,-0.0479541720265,-0.1369231829646,-0.2093294099749,0.3486728042789,0.2887208658172,0.3865495053885,0.2402884683930,1.0000000000000,0.2519191343813,0.3230590440497,0.3111244721602,0.4443471048458,-0.0026709577097,0.0974014463758,-0.0491450915025,0.0158409604071,0.1468493383721,0.0146999503864,-0.0518810736846,0.1438713131945,0.2772427253252,0.3132358237759,0.3815612204715,-0.1360721752666,-0.0231475105430,0.3857311018453,-0.1927155167372,0.6048599061406,0.0386531711416,-0.3052038986760,0.2210674111543,-0.0446142523940,-0.1089792433669,0.1477556595032,0.1787128419728,-0.0310985848640,-0.2379283237000,-0.0802440831608,0.3295527294112,0.2242264301619,0.3456962945234,0.1567745101150,0.8488275275245,0.1537389677263,0.0848919718459,0.3068098817208,0.3667795873338,0.0314368335568,-0.0088098120204,0.0201596448315,-0.1542796411314,0.1385072199751,0.0458316549002
0.0878122003753,0.5760137470768,0.3596844310265,0.6682890597493,-0.2543609297383,0.1784045466632,-0.1088861285917,0.3763692159833,0.1476987976050,0.2400980237528,-0.2121083935254,0.4326268420892,-0.2859581752431,0.3729587236054,0.0316361325734,0.3886290163047,-0.1165031736688,0.2240459926574,0.4614374632126,0.2917406904407,-0.1473562788504,-0.1832495046549,0.1910602396209,-0.0149153354973,0.2519191343813,1.0000000000000,0.5960646767609,0.4302229775581,-0.2129452259442,0.0260997931271,0.0220268728989,0.0410530929201,0.1693000643462,-0.0852611273449,0.4389791282898,-0.0499425502205,0.4369377481140,0.1826088306158,0.7327147998167,-0.3258378045952,0.1154866208267,-0.2099401187052,0.3384598752945,-0.0481397436973,0.2265077055719,-0.2683459626219,0.1574930175240,-0.3613537517493,0.2057961901394,-0.2449396766788,0.2226653530950,-0.1439064849901,0.1028796207361,0.2283557765956,0.2773902696210,-0.2282117603804,-0.2944754508238,0.0820375874495,-0.2019428237803,0.1140470628866,0.7999284699738,0.1470848974745,0.3168415250493,-0.3667122097707,-0.1653899373767,-0.2640310159821,0.0646231701789,-0.0866438940792,-0.0593932205957,0.3487750983178
-0.0286318857006,0.4386243992343,0.6341470646127,0.4272657950731,-0.2067015359902,0.1443500524904,-0.1272125907450,0.4904509605088,0.0967161491000,0.2502347347308,-0.2386009820004,0.1948683799992,-0.2687689258084,0.0589615235179,0.0570629919952,0.1538689042304,-0.0469330929985,0.3403695557740,0.5160687446890,0.3699059711532,-0.1818331345223,-0.0891150903332,0.1446988256865,0.0464227295306,0.3230590440497,0.5960646767609,1.0000000000000,0.5430735777505,-0.0354587979530,-0.0162093947768,0.1654907339130,-0.1668638572269,0.2004576854471,-0.1560846209043,0.2795657125605,-0.1917013372640,0.3392672997845,0.3981557409702,0.5451131484476,-0.2613164243499,0.0928507988075,-0.1840679956566,0.4175596100771,-0.0728426619471,0.2782335686079,-0.2818711024733,-0.0786248005278,-0.3262327253180,-0.1368109064574,-0.2296744979219,0.0668054744982,-0.0888212489295,0.2283621153393,0.2047504977455,0.3818634390871,-0.2309138156684,-0.2075321881377,0.0682551698666,-0.1520147782069,0.1719164584349,0.4714642326917,0.5537103407857,0.4913696181150,-0.1540551007022,-0.1923395255167,-0.1612671043585,-0.1379625501141,-0.1512705944359,-0.1364249161724,0.1997461496433
0.0624215995849,0.4340601913839,0.7652940737847,0.4191476315529,0.0051306306350,-0.0566962744090,-0.3653122651801,0.2823172877996,-0.1316171316430,0.0398341669872,-0.2314001800757,0.0845280842125,-0.1340987238695,0.1384022309763,-0.0164197634581,0.0690153469731,0.4743624275190,0.2363470809582,0.4428371533463,0.1556412196832,0.0079075641785,0.4074726502799,0.1905654073723,0.5982242118285,0.3111244721602,0.4302229775581,0.5430735777505,1.0000000000000,0.3625915096923,0.0040768898456,0.2734016761261,-0.1900004775878,0.0536768641667,0.0381769382166,0.2376178274314,0.0257854394918,0.1368356832248,0.4431866936146,0.3470717511067,-0.0605056317951,-0.2080023434788,-0.3523898700675,0.1780240989739,-0.2938414990390,-0.0404396617979,-0.2702364950732,-0.1424251543913,-0.1397369355877,-0.1568561506950,-0.2611255495481,-0.1340494337917,0.4522799189218,0.2245281278190,0.0753805219526,0.2594289890159,-0.1152740537761,0.2898352587566,0.1106807146805,0.3933859483705,0.3090217193538,0.3978417414621,0.2270955373304,0.8847059399852,0.1781638464311,-0.0786111484522,0.1157119497111,-0.1306099087826,-0.1691802358691,0.0826839782572,0.1982983988968
0.1379644991134,0.1274111996445,0.3601931594496,0.1300706081310,0.5979529136472,-0.3058024771315,-0.1285110783974,0.0552942473044,-0.2641264710666,0.0646885182359,0.1752883459170,-0.3816557501083,0.4422067172840,-0.2156740241540,-0.0543016911484,-0.2028146973784,0.7786955948940,-0.0316451380436,-0.1233838086547,-0.2290224811334,0.4344937247146,0.8220729353090,0.2741934503982,0.7331180105739,0.4443471048458,-0.2129452259442,-0.0354587979530,0.3625915096923,1.0000000000000,0.1241122080244,0.4647026394948,-0.2237900082662,-0.2075739172711,0.3462368737640,-0.0354157499977,0.2867371861378,-0.1187731829248,0.2215123261236,-0.1215239689675,0.6273014114174,-0.4162155850426,0.0141499933144,-0.0429111869905,-0.1778470973430,0.0361475613498,0.2034001115899,-0.3833437385708,0.5246583936532,-0.3625633172304,0.0927367735923,-0.2310056817565,0.6969247064382,0.1367951789858,-0.1882702493601,0.0362625650690,0.4059926713064,0.7768421331774,0.2836333001461,0.7174172971210,0.6083788323738,-0.1889063043980,0.0153231808377,0.3671533793798,0.9145302403397,0.2829864763632,0.5098072265832,-0.1888698245238,-0.1390140377107,0.3345413431375,0.0734618198580
0.4003474426563,0.3126110982945,0.1032885536115,0.3146979428507,0.1955182664599,0.1234868470421,0.0591797082479,-0.0453153489088,0.1122571940696,-0.1227841830844,0.0351189671587,0.0485941622667,0.2279126583532,-0.0431345534781,0.5433093877430,0.0961566472016,0.1791649418420,0.2799204532366,0.0787863007806,0.1270260837911,0.1893790837096,0.2891095588112,0.3410153647733,0.2598159343415,-0.0026709577097,0.0260997931271,-0.0162093947768,0.0040768898456,0.1241122080244,1.0000000000000,0.5291782284912,-0.0734824100057,0.2452179242375,0.6742965653452,0.5483199225119,0.4703204021976,0.3906546059114,0.0656200492747,0.2834620552562,0.2716659664468,0.0631075564390,0.1235683325342,-0.1084975405900,0.0954309446201,-0.0037687302341,0.0661963914365,-0.0469438799249,0.3246723946918,-0.1888435428429,0.5824987688375,0.1776235133877,0.0731168264494,0.3475803334826,0.1593259842162,0.3816558222553,0.2144974002001,0.2151528615543,0.3950533699301,0.2378099463349,0.0021130877362,0.1015170030813,-0.0518918190807,-0.0333863417375,0.2193754614048,0.8538797314790,0.5120544358046,-0.1041860198120,0.3966558354641,0.4417609858927,0.5721263794548
0.2994569582003,0.3560421754120,0.3603781607284,0.3509585924765,0.3054834563941,-0.1370175593100,-0.1448126384189,0.1362430649539,-0.0950320411962,-0.1087665084161,0.0007480959217,-0.0192041319349,0.1957646026141,-0.0594588030044,0.2647978675436,-0.0931732117767,0.4740881392592,0.4213308091487,0.0805473492563,0.1546053077653,0.2478506578521,0.5655851528409,0.4354532919017,0.5650608260365,0.0974014463758,0.0220268728989,0.1654907339130,0.2734016761261,0.4647026394948,0.5291782284912,1.0000000000000,-0.0330150751111,-0.0691470367255,0.5460307308104,0.4189397359669,0.3898694884384,0.3484303539349,0.1104983112403,0.2183016755447,0.3181143812788,-0.2392044913470,-0.0848677717692,0.0769125518968,-0.1503738201125,-0.0183506904455,0.0460081652198,-0.0695237081907,0.2809984132160,-0.2404362598736,0.2112263528405,-0.1675262503726,0.3662426795146,0.5211906962937,0.0361087635185,0.4717202767540,0.2067926903529,0.4829167426974,0.4748509215829,0.5222763007916,0.1353335379986,0.0421400298543,0.0024051782928,0.1978694621973,0.4639141177391,0.5547442914505,0.7226680447280,-0.0051832130584,0.0175118699048,0.4755012347620,0.4344869077256
0.0449168725298,-0.0695386320251,-0.2403184885418,-0.0432806254463,-0.0688092475955,0.1960673132741,0.1945261755968,-0.0741401991812,0.0820903631448,0.0372850912507,0.0384077804162,0.5127833929329,-0.0153771822582,0.6493818497723,-0.0034557143831,0.1445878484700,-0.1308387030236,0.0443996265527,-0.2385518672222,0.0447560190586,0.0018368502058,-0.1814235011615,0.0034834744059,-0.1602635814425,-0.0491450915025,0.0410530929201,-0.1668638572269,-0.1900004775878,-0.2237900082662,-0.0734824100057,-0.0330150751111,1.0000000000000,-0.0254390188320,0.0351730316395,-0.0814526107260,-0.0183932804798,0.0021917736890,-0.3940464615610,-0.1218393973759,-0.1166443613891,0.1606229654823,0.0193966772241,-0.1755245070653,0.0116764582735,-0.0598462865484,0.0236852264832,0.5797767529043,-0.0407844032668,0.7773883263617,-0.0207433304431,0.0194869973076,-0.1360617445798,-0.0999959715662,-0.0663364289032,-0.1779356278922,-0.0063635289988,-0.1583403569732,-0.0213363339648,-0.1519605701253,-0.1930814824304,-0.0850461205345,-0.2432651659590,-0.2417564134070,-0.1963453399794,-0.0632360758470,-0.1310378529465,0.7964150899417,0.2371351734651,-0.0336182421322,-0.1904716981202
-0.2193720370103,0.0894005479556,0.0877082599425,0.0443338708722,-0.2070341707655,0.3761090359705,0.0885238251910,0.1041589994230,0.1806506974078,0.0691878344436,-0.2461145627125,0.0478908732340,-0.2414605359696,0.0268000489291,0.0876381092832,0.4444430109670,-0.2113857075076,0.1233675020132,0.1086409680838,0.1210379874822,-0.2405934796899,-0.2612741483465,-0.0292474106841,-0.1585459562542,0.0158409604071,0.1693000643462,0.2004576854471,0.0536768641667,-0.2075739172711,0.2452179242375,-0.0691470367255,-0.0254390188320,1.0000000000000,-0.1544405871355,0.2720877524584,-0.2315895120652,0.2135955448745,0.0630886461807,0.2133632833273,-0.2291944344881,0.2771270410750,0.0617866726258,0.0769264777440,0.0732230292233,0.1075760503371,-0.2128221233049,-0.0955833124372,-0.2343029388444,-0.0503512933688,-0.0749053927788,0.3351336639876,-0.2098668544984,0.0625182904174,0.0181371090114,0.0375748747818,-0.2659852763341,-0.3034339820241,-0.0252922293223,-0.2342772822875,-0.0766247224368,0.1325576472764,0.0700529112319,0.0311030712206,-0.2194171118110,-0.0095085283819,-0.1586866261288,-0.0797359923791,0.5335895536945,-0.1913979161510,0.2237713889814
0.3335785166915,0.2494258372744,0.1032441763664,0.2492547796320,0.5009666326082,-0.0507262408939,-0.0971163846349,-0.0479821088004,-0.1918471725856,0.0181048179439,0.1225751849687,-0.1266269671287,0.3681100617726,-0.0443452542019,0.2176670036748,-0.0392277254526,0.4538031573564,0.1865412578837,-0.1519617370200,-0.0653146570152,0.4570745319637,0.5956888752434,0.4001149825079,0.5139707925511,0.1468493383721,-0.0852611273449,-0.1560846209043,0.0381769382166,0.3462368737640,0.6742965653452,0.5460307308104,0.0351730316395,-0.1544405871355,1.0000000000000,0.3880513876942,0.4436802799694,0.2210014728222,0.0610201407014,0.1082364880759,0.5328833643805,-0.1053813674598,-0.0213456006815,-0.1210267118300,-0.1397265743201,0.0685550909453,0.1347601997496,-0.0982429997509,0.4609161599553,-0.0871505454439,0.4174223240813,0.0301436554348,0.3566190177672,0.2751479986974,-0.0510524527461,0.2013371066877,0.4532628181551,0.5432858432003,0.4533900388136,0.5215540312564,0.2540557350954,-0.0042691093291,-0.1579850374636,0.0116491000607,0.3929886636591,0.7969828995881,0.5982639295144,0.0312947819156,0.1131267053826,0.8116345840634,0.4549455233505
