1.0000000000000,0.2917404778177,0.1699053146499,0.4620092486664,0.0958963492727,-0.3525644006693,0.1423806879247,0.4951565348826,-0.1173355326429,0.4709511940951,0.1266455292406,-0.0986586571989,0.0863344384308,0.1500257390177,0.2013178608875,-0.3140490787654,0.4334172872364,0.3574837834966,-0.0115808164908,0.5098388558308,0.6853007380464,0.3135642106848,0.3561966087455,0.2024969119757,0.5364790762363,0.5357850389775,0.2119131514401,0.1600801009184,0.3680448346259,0.1485809842439,0.4754276157558,-0.2731057756026,-0.0895928473694,-0.1262259289207,0.4067168460972,0.3863592067514,0.3557097035095,0.1545611976804,0.3658457640495,0.2486541610758,-0.1331000117953,-0.2142101111228,0.3629495661784,-0.2906583372441,0.2981263913949,0.0607161842136,0.0522015703270,0.2012847384214,-0.0385895468001,-0.2397502799687,-0.3980057619789,0.4205666932071,0.0666618205878,-0.4468979436944,-0.1200866400758,0.5406603470045,0.2394341508356,0.3686455892755,0.1478197958329,0.5068753423041,0.4534977448227,0.1280894194224,0.3247095750921,0.3087743139787,-0.2124946330436,0.2040974960124,0.0153375264396,-0.0997380710751,-0.1069418963004,0.3022613698068
0.2917404778177,1.0000000000000,0.3621682620645,0.7971926780018,0.2365873806250,-0.3851665746740,-0.2862774521298,0.2525705890583,-0.5444493857612,0.3073491818693,-0.3872783795341,-0.2593691220113,-0.0551369137482,-0.0108668574611,-0.3046453690978,-0.3197895466348,0.4633307115961,0.5710648781573,-0.0860632147757,0.3456378540553,0.2245126565639,0.5768792258701,0.7963377229708,0.5894291056617,0.4592499083464,0.4368195772713,0.5386429315308,0.5562265584903,0.4964255295215,0.1667530717668,0.6453339541664,0.1548944569726,-0.1575467491721,0.3112995363079,0.3342833733177,0.2498012229389,0.8728069993069,0.3484707692677,0.7347314330247,0.2391412672804,-0.1677715423424,-0.4597189648127,0.3689968396053,-0.6132546502946,0.2095502587649,-0.4101799317701,-0.1803402105973,0.0245079883942,-0.1556811493003,-0.5249732254456,-0.3689283443960,0.5569661707059,0.3900338746026,-0.2868200138092,0.0193884342688,0.1236543188632,0.5269465708048,0.8440176953575,0.5867721891855,0.3928124172349,0.3855045592376,0.4706626650134,0.5793089727284,0.5119482955796,0.1255505294722,0.5492387240922,0.1715828704827,-0.1287251849154,0.3388429173461,0.4556460157813
0.1699053146499,0.3621682620645,1.0000000000000,0.3663908244028,0.0400902945158,-0.3411146280936,-0.3592355078167,0.5178334748140,-0.3118112608460,0.1741735298144,-0.4090330591508,0.0122928266189,-0.2066250426938,0.1925171808433,-0.0105906569205,-0.2687020706143,0.2307808674819,0.3217970407933,0.2060969792265,0.2211130445868,-0.0319584075702,0.4570242504421,0.3480462604786,0.5993545248977,0.1860860753643,0.4149594484922,0.6612592210049,0.7904452829493,0.2836051941750,-0.0321456453273,0.2288258864823,0.1413690983028,-0.3158406362690,0.0450021309129,-0.0144973364220,-0.1412997589424,0.3289873293588,0.7203981894885,0.2844565290012,-0.0181352977694,-0.2094854577945,-0.5391415247039,0.3818183536398,-0.4400536854112,0.1307255483229,-0.4787467103155,-0.0492987380812,-0.1871499483981,0.0106143822242,-0.3299773694896,-0.2842619506008,0.2549399126408,0.2231018561957,-0.0635005562966,-0.0863954513983,-0.1288273550241,0.2931244067938,0.3301566044811,0.4128658603650,0.1691299698396,0.3256522955597,0.3894510571351,0.6611960746588,0.3098847021124,-0.2397283489353,0.1147344161628,-0.0400852546450,-0.3122981274391,-0.0423687230650,-0.0407729386308
0.4620092486664,0.7971926780018,0.3663908244028,1.0000000000000,0.4038394575405,-0.2517536059883,-0.0465666887361,0.4734990066947,-0.4138944440873,0.6009997686512,-0.1669595109987,-0.2080764373779,0.1464466830091,-0.0046275926451,-0.0646738575776,-0.1050658543369,0.3734463343074,0.5474361126353,-0.1574975267324,0.3805046141542,0.3874874440471,0.5302665416530,0.8212395810046,0.4479689888744,0.6107337043743,0.5629147392777,0.4461985566034,0.3787257526450,0.5118726563732,0.3471564923279,0.6797741318585,0.0516793565809,-0.0701247225303,0.3964232217599,0.5078562187792,0.3183392315992,0.6369395195988,0.2354540748457,0.8630101624948,0.4472404090201,0.1112878915799,-0.2995740734623,0.4539809592509,-0.5758171380565,0.5272650600604,-0.2512901634035,-0.2170660601817,0.2222781426379,-0.2050712446140,-0.4078957357222,-0.2470010777746,0.5327113505229,0.2189157376621,-0.4997194547149,-0.1628618084946,0.3528217709317,0.2901558854570,0.7998642439692,0.3056777660119,0.6122499097660,0.3372935942458,0.2113213490184,0.4306173458335,0.5183782893498,0.1374821890260,0.3241639625143,0.2448689694110,0.0732175383800,0.2107141822662,0.5373702348545
0.0958963492727,0.2365873806250,0.0400902945158,0.4038394575405,1.0000000000000,-0.1788261408899,0.1153957829794,0.2077373571478,-0.1877766203992,0.3966702367554,0.2724476418230,0.1392212284224,0.5894753342922,0.2552670927639,0.2190416099163,0.0877720041639,-0.1401955419277,0.1440863521673,0.0907546305427,0.0881155244277,0.4356370737446,0.0788618553713,0.2125103669690,0.1021158209145,0.2595244040505,0.2100084545644,0.1296563338891,0.0081719583935,0.3739354633973,0.5778992823590,0.2081222148826,0.2435373980295,-0.0427540696140,0.5698661272642,0.2226331971311,0.0642572424171,0.1515475005820,-0.0546751124371,0.3016484425634,0.8861149153952,0.0779581832693,-0.0439996537895,0.2443656968265,-0.2004177331168,0.4387949948011,0.2153301437390,-0.0044816413348,0.5498700415382,0.1475042081875,0.0762193581986,0.1110069975762,-0.0637393627612,0.0652214158121,-0.0490374058882,-0.0857323494612,0.5086210467297,-0.0427964205475,0.1993930965922,0.0084951671453,0.2219989996636,0.0260327010072,0.0001814113292,0.0004722611060,0.2570443680381,0.4190991784849,0.0270084664377,0.2520511020694,-0.0071021292378,0.5307673308372,0.2360594493508
-0.3525644006693,-0.3851665746740,-0.3411146280936,-0.2517536059883,-0.1788261408899,1.0000000000000,0.4987544666850,-0.3059734247520,0.8000471976529,-0.1451671776212,0.3559024018973,0.2792411707144,0.1363944763820,-0.1349764493676,0.3029161635662,0.8280419391390,-0.2615370561533,-0.3450319699456,0.0358581777009,-0.3040793359838,-0.2486154229539,-0.2277571110823,-0.3513068068174,-0.3514591042826,-0.2274064307916,-0.1832084394846,-0.4162841556415,-0.5355026010392,-0.3885635262441,0.0359089397710,-0.2385319125877,-0.3301574110310,0.6516696683739,0.0792591051203,0.1742410325572,-0.0568861166348,-0.4739441856494,-0.4690887237327,-0.2659283861784,-0.1954706778046,0.7077788022484,0.7626842033658,-0.5930486155821,0.7048738265861,-0.0078877092831,0.2314528229621,0.0826310213127,-0.0664891363389,-0.1464131613856,0.3923795066325,0.6632214763951,-0.2614663344607,-0.5350394796131,-0.1401778715749,-0.3919753953409,-0.1500743080560,-0.4863244302534,-0.3972815242524,-0.5724350007029,-0.1786208315380,-0.3660471242174,-0.6567935653215,-0.5804917414141,-0.4866043352660,-0.0803610447165,-0.5203030072591,-0.2537532426157,0.6998330776568,-0.2786466464249,0.0696136683498
0.1423806879247,-0.2862774521298,-0.3592355078167,-0.0465666887361,0.1153957829794,0.4987544666850,1.0000000000000,-0.1681094563421,0.6132325678117,0.0848168921092,0.7106734039249,0.2437228549674,0.6025359556940,-0.0087544730614,0.3468644352607,0.5536927338831,-0.1276388776593,-0.2533038879869,-0.1057787011000,-0.2241058414534,0.3335418765393,-0.1555371746458,-0.2644536045676,-0.2660336581365,0.0671099604668,-0.0718555752511,-0.3793560106957,-0.4693841939585,-0.0331692914225,0.1984045316210,-0.0938945641158,-0.2899903210103,0.4498416590629,-0.0227692153391,0.2042823824701,0.0641279320057,-0.3042055584927,-0.3617975207722,-0.1256737944335,0.1293227117430,0.4696437635242,0.7872081255157,-0.3408159790239,0.5529306385529,0.1355338662593,0.6358250021788,0.0946000163751,0.4563124426539,-0.0967034533055,0.3126621559650,0.5034185912829,-0.1156703599569,-0.4377434105171,-0.2917032892008,-0.3753189983210,0.3548102385818,-0.3167059072154,-0.2916233082902,-0.4121909278330,0.0911048766949,-0.2663716138793,-0.5039305687950,-0.4162837620644,-0.1869627520101,-0.0505067492722,-0.3027151141083,-0.2319899482705,0.4789231751642,-0.1495330183806,0.0595158016740
0.4951565348826,0.2525705890583,0.5178334748140,0.4734990066947,0.2077373571478,-0.3059734247520,-0.1681094563421,1.0000000000000,-0.2603083253361,0.4750689343706,-0.0957692735125,-0.1791139319636,-0.0849137427150,0.0198958231586,0.0937657453984,-0.2424515700258,0.2847267214631,0.4330789003190,-0.0706671524006,0.3296628323390,0.3784260157815,0.3582862731805,0.4660419633528,0.2464252301887,0.6477679263895,0.4002054013601,0.4590496170102,0.2650546179259,0.5172995369352,0.0924307677463,0.5318699477366,-0.1337832906906,-0.1936061685733,0.0312192351299,0.2239935761600,0.1545883408440,0.2446632838394,0.2899645595313,0.3441565604499,0.2318237577476,-0.0271143628949,-0.3624858408672,0.6939741838063,-0.4244303063221,0.3933165759898,-0.2037005899820,-0.2155402710214,0.0201019826081,-0.1587728220853,-0.2964036455809,-0.3432384714514,0.3308530975704,0.1939894001707,-0.4025418953681,-0.1278911422393,0.3036845730181,0.1500470813607,0.3858964840000,0.1064700773760,0.5904986403200,0.2773022206927,0.1949170418773,0.2853440577679,0.4993840658083,-0.1526715995035,0.2396922004599,0.1168651108024,-0.1137836251685,-0.0938855957936,0.1297887932559
-0.1173355326429,-0.5444493857612,-0.3118112608460,-0.4138944440873,-0.1877766203992,0.8000471976529,0.6132325678117,-0.2603083253361,1.0000000000000,-0.2527862993980,0.6102923875049,0.4834537109195,0.1755025098198,0.0834989298600,0.5045046409062,0.6762839929543,-0.2849064408776,-0.3955638228202,0.1873853572621,-0.2620931803604,-0.1192189119792,-0.2969234591188,-0.5737535009696,-0.3565243189801,-0.2368486291440,-0.0702190122739,-0.3739856316961,-0.5104189039364,-0.3259702891520,0.0001272318192,-0.2945466414622,-0.3584649092676,0.4782979911528,-0.1256059794914,0.0028019536843,-0.1961982455495,-0.5457273106296,-0.3962059295343,-0.4577033205044,-0.2269208758615,0.4231199888293,0.7797400006930,-0.5513030233003,0.8775645852519,-0.1488722019029,0.4662011484156,0.2859179943856,-0.0710205986909,0.0479365956088,0.5141990319824,0.5697436022604,-0.3819855030324,-0.5393797016605,-0.0914587525472,-0.4239376731829,-0.0727628589761,-0.5207783629045,-0.6003455692785,-0.5907980972408,-0.2333116571300,-0.2584721440464,-0.5940199853729,-0.5335861553701,-0.4991856140540,-0.2671212013762,-0.5562279472790,-0.3606252362642,0.4782198066797,-0.3524748757400,-0.1376761250592
0.4709511940951,0.3073491818693,0.1741735298144,0.6009997686512,0.3966702367554,-0.1451671776212,0.0848168921092,0.4750689343706,-0.2527862993980,1.0000000000000,0.0043217949848,-0.1661663045696,0.2925222119248,0.0451702808220,0.1219785168941,0.0679942688940,0.1977426328204,0.1565954961170,-0.1445867909453,0.1313191184409,0.5479310970115,0.2453890873320,0.5127117025396,0.0222201611616,0.6073269731990,0.3982482715516,0.0310237277482,0.0764551052214,0.2502113785913,0.2805648188845,0.2354743019410,-0.1438896936246,0.0389922803692,0.2857710808865,0.4736813187639,0.3717745848442,0.2651938263031,0.0845659465346,0.5336106958769,0.5336432361565,0.2090578377032,-0.1041765648541,0.3687448997070,-0.3450401428513,0.8996328574861,-0.0166285903285,-0.0806594553263,0.4584226981385,-0.0876388235597,-0.1559258751184,-0.0368496378248,0.3192266449467,-0.0582221822869,-0.3829966794729,-0.1959674688376,0.5862134098238,0.1072246471921,0.4692052224059,0.0058495717677,0.6986409149710,0.3328729447608,-0.0681215159930,0.1761718100590,0.2802009943730,0.1016394260037,-0.0046854464981,0.1014038747730,0.1540264841106,0.1089259212367,0.4451404984311
0.1266455292406,-0.3872783795341,-0.4090330591508,-0.1669595109987,0.2724476418230,0.3559024018973,0.7106734039249,-0.0957692735125,0.6102923875049,0.0043217949848,1.0000000000000,0.3338695381425,0.5482740105932,0.0885247377870,0.3971490549615,0.4434469715480,-0.2481259693072,-0.2226644027772,0.0978042157422,-0.1815645444154,0.3433578687333,-0.2843892369393,-0.3948166098365,-0.3416845616489,0.0312304989004,-0.0747278984098,-0.3852881819467,-0.4896950111855,0.0474304175278,0.1667026747415,-0.1304239721272,-0.2054588092912,0.2231441421630,-0.0405786825213,0.0197080142597,-0.0734621177718,-0.3214555087191,-0.3502312886058,-0.1727168155221,0.2823934768548,0.2021542311906,0.7011513133876,-0.2138458826946,0.6080041649069,0.0636307175066,0.8837371946414,0.2684851435895,0.3878237918066,0.0339776341206,0.4537336189964,0.4763481271237,-0.2853637143146,-0.2542129518750,-0.0431517147224,-0.1661614644830,0.4030016684334,-0.3754860204382,-0.3946832231965,-0.4312561232725,0.0390432269015,-0.1673293423720,-0.3682828017739,-0.4145782832350,-0.1486935223663,-0.0725789739127,-0.3098549084441,-0.2348278573916,0.2341464358040,-0.0893634611548,-0.0495938039070
-0.0986586571989,-0.2593691220113,0.0122928266189,-0.2080764373779,0.1392212284224,0.2792411707144,0.2437228549674,-0.1791139319636,0.4834537109195,-0.1661663045696,0.3338695381425,1.0000000000000,0.2496455877295,0.5687425822101,0.6437107116950,0.4105225787937,-0.4147741198141,-0.2555182805566,0.6331806541819,-0.0882057445994,-0.1136831628240,-0.2489747285542,-0.4407966320432,-0.1553072926776,-0.3065273365709,0.2038748564982,-0.0244336990440,-0.0917975443181,-0.2446221443107,0.3802301557799,-0.2915238900729,0.0347053059401,0.1784365930453,0.2121193119487,-0.0133061524376,-0.3158188186799,-0.2828895785211,-0.0935669077089,-0.2342101768464,-0.0181309676233,0.1165615353348,0.3037179361564,-0.3063943621493,0.4842926149659,-0.0834174405652,0.2450066001603,0.7028596832934,-0.0070065021573,0.5824959734182,0.6363680506100,0.4300985749363,-0.4869268502034,-0.2971360363178,0.3170540278307,-0.1933456722623,-0.1057037699074,-0.4093993599810,-0.4518550975214,-0.3710996443628,-0.3211190611296,0.0757690487355,-0.2178616783747,-0.1605364114802,-0.3718997389578,0.0775808495327,-0.4872652378604,-0.2003071593301,0.2496473195221,0.0137744145791,-0.0661150510575
0.0863344384308,-0.0551369137482,-0.2066250426938,0.1464466830091,0.5894753342922,0.1363944763820,0.6025359556940,-0.0849137427150,0.1755025098198,0.2925222119248,0.5482740105932,0.2496455877295,1.0000000000000,0.1262567295207,0.3678266707815,0.4596555420654,-0.2053778155519,-0.1218898550384,0.1646900677712,-0.1048089937916,0.4872347324725,-0.0369301883853,-0.0387683579836,-0.1448375938046,0.0696510092598,-0.0129654511140,-0.2072931560665,-0.3016886738263,0.1545607651123,0.4875583172387,-0.0334992819337,0.0303942937179,0.1841094455894,0.3902320607655,0.2206913094795,0.0930672264486,-0.1249976114737,-0.2756008365145,0.0552743764409,0.4986492153787,0.3191825021296,0.4145823219935,-0.1667346650457,0.1627790111176,0.3419180257757,0.5398535904069,0.0984665323195,0.8544949950500,-0.0119378302123,0.2671151078065,0.4756207344881,-0.1347351285306,-0.2096089737222,-0.0537615295212,-0.2518972810321,0.5226034626774,-0.1783019513326,-0.0721862458815,-0.2208987858132,0.0721460076314,-0.2206713706767,-0.3222188127743,-0.2742060983518,0.0081276285468,0.3720951051245,-0.2232976316330,-0.0329378531886,0.2193679555300,0.3013527828929,0.1937702333633
0.1500257390177,-0.0108668574611,0.1925171808433,-0.0046275926451,0.2552670927639,-0.1349764493676,-0.0087544730614,0.0198958231586,0.0834989298600,0.0451702808220,0.0885247377870,0.5687425822101,0.1262567295207,1.0000000000000,0.4756192872425,-0.0325220447163,-0.2450142723335,-0.0537011227323,0.5540278335152,0.1070012798590,0.0744519032927,-0.0736217019097,-0.2185707667513,0.0132477022953,-0.1774725161534,0.4707066407323,0.2008236285683,0.2642756381510,-0.1542679801975,0.3155837348523,-0.2309291157245,0.3347444252064,0.0930251720517,0.1590416826698,-0.0329605675178,-0.1971082898635,0.0606235256678,0.2364210731763,-0.0523507977500,0.0976631927074,-0.1396228214365,-0.1148503046881,0.0186200597171,0.0940018171277,0.0380090702151,0.0268572179321,0.5076885331252,-0.0420026619975,0.7920262191223,0.3260251822082,0.0404960525813,-0.3484535276431,-0.0440144885407,0.2597793665517,-0.1127874363257,-0.0156388155662,-0.0760312844666,-0.1759698762389,-0.0098022198307,-0.1928510816876,0.4331017908157,0.1666039139943,0.2670715981365,-0.2124107726828,0.0285208323231,-0.2324655476587,0.0835637821417,-0.0169559882279,0.1664310122987,-0.1011506972812
0.2013178608875,-0.3046453690978,-0.0105906569205,-0.0646738575776,0.2190416099163,0.3029161635662,0.3468644352607,0.0937657453984,0.5045046409062,0.1219785168941,0.3971490549615,0.6437107116950,0.3678266707815,0.4756192872425,1.0000000000000,0.4158931152807,-0.2810316576514,-0.2069859343621,0.4528965232322,0.0439328572253,0.1280884234468,-0.1303568316768,-0.2882700102173,-0.1765336224684,-0.1214765732447,0.3173261236534,-0.0773075921197,-0.1969783089030,-0.1631796151781,0.5145595811897,-0.1348554861614,-0.1013744308322,0.3389475906168,0.2068014330384,0.1194794233869,-0.0936214461005,-0.3624195910334,-0.2388065240982,-0.1946532752135,0.1073480566668,0.3412069228227,0.2726166478425,-0.2116056791810,0.3791133218727,0.1549368160022,0.2652802656497,0.3082408175987,0.1775721781163,0.3638225529648,0.5995872216361,0.3362835042855,-0.3309725079801,-0.4336891745304,-0.0087523845712,-0.3552853880909,0.1626147835700,-0.4496203212354,-0.3585048686177,-0.4866782465720,-0.1087957857922,0.0576719834849,-0.4133682999739,-0.2433575356892,-0.2883503062944,0.1237111140408,-0.5710883843673,-0.0387033620217,0.3929800626013,-0.0160913580724,-0.0262448544748
-0.3140490787654,-0.3197895466348,-0.2687020706143,-0.1050658543369,0.0877720041639,0.8280419391390,0.5536927338831,-0.2424515700258,0.6762839929543,0.0679942688940,0.4434469715480,0.4105225787937,0.4596555420654,-0.0325220447163,0.4158931152807,1.0000000000000,-0.3164976758263,-0.3729515110407,0.1337428912074,-0.3730230459088,-0.0896773376513,-0.1887212934317,-0.2632330338143,-0.3241293940063,-0.1286625643533,-0.1138075791692,-0.4528159000977,-0.5073072610904,-0.2483539374005,0.2880841858754,-0.2360145164645,-0.2636586048780,0.4763328255510,0.3078927469872,0.2317433289965,-0.0071093000646,-0.4235913782586,-0.4125343207205,-0.1372122255638,0.0325835874393,0.7271352373716,0.7307672009043,-0.4667513751265,0.6060662571489,0.2524148585614,0.3543786367205,0.2116506369310,0.2429604418459,-0.1006929327299,0.4836942367844,0.8592302305843,-0.2670143887907,-0.5366076047572,-0.0892499035344,-0.4472781552468,-0.0066235373834,-0.4645474003342,-0.3078542108270,-0.5307530918242,-0.0555410557133,-0.3453011349985,-0.6862868538817,-0.5402358095325,-0.3587153115657,0.1226550308228,-0.5377064633328,-0.2700892424364,0.6314624236356,-0.1011004452241,0.1877535376394
0.4334172872364,0.4633307115961,0.2307808674819,0.3734463343074,-0.1401955419277,-0.2615370561533,-0.1276388776593,0.2847267214631,-0.2849064408776,0.1977426328204,-0.2481259693072,-0.4147741198141,-0.2053778155519,-0.2450142723335,-0.2810316576514,-0.3164976758263,1.0000000000000,0.3202137928349,-0.2491862485015,0.2275428313600,0.2442926417826,0.6922584259990,0.5423164917256,0.5282024336866,0.5235155413977,0.2308820746079,0.2168374673007,0.2927488120054,0.5134658691096,-0.1170759907948,0.5452656475729,-0.3041522312682,-0.2180964933838,-0.0752342476714,0.2094739037866,0.4290579421307,0.5052630460087,0.2849557591169,0.3777814469478,0.0118304839698,-0.1588759446110,-0.2814130930910,0.3265840050128,-0.3592140090104,0.1017073576424,-0.2309913058706,-0.2400179744381,-0.0452649176496,-0.2918445301337,-0.4267988554139,-0.3890558246652,0.9246229809994,0.2260713529522,-0.3733764820891,0.0272082195387,0.1470763475740,0.6619989785818,0.5883271996733,0.5436918839409,0.5448322838745,0.2655746256506,0.2651852372489,0.4051648835152,0.5857428782841,-0.1522908088621,0.5390313680098,-0.0533335880207,-0.1908674315559,0.0313662163279,0.2865761613525
0.3574837834966,0.5710648781573,0.3217970407933,0.5474361126353,0.1440863521673,-0.3450319699456,-0.2533038879869,0.4330789003190,-0.3955638228202,0.1565954961170,-0.2226644027772,-0.2555182805566,-0.1218898550384,-0.0537011227323,-0.2069859343621,-0.3729515110407,0.3202137928349,1.0000000000000,0.0256855450780,0.7397247798731,0.2148266614564,0.4188190668805,0.5745195200965,0.5924900871228,0.4402185693050,0.2378160755673,0.6273525718302,0.3156739733226,0.4942254399108,0.0982649460302,0.7303910767155,0.0492233409989,-0.1082872461240,0.1466650750147,0.3787537025033,0.0979644138643,0.5432958426912,0.1720583307277,0.5132330587532,0.1696833819761,-0.1200643891756,-0.4170939511507,0.3905692685870,-0.5216073913110,0.0347212415686,-0.2739378336270,-0.2394910799340,-0.0323312362101,-0.2225818972708,-0.5355388054760,-0.4352959500529,0.3950133199425,0.6282761906315,-0.2638510289874,0.2418611246946,0.1128134840146,0.3510269511878,0.5741958216886,0.4323914088383,0.2796368944445,0.1591567265980,0.4201998233748,0.2932226257891,0.4344483944830,0.0021560542542,0.5282624022027,0.2336644865566,-0.1771113262643,0.1075313301657,0.3598713974353
-0.0115808164908,-0.0860632147757,0.2060969792265,-0.1574975267324,0.0907546305427,0.0358581777009,-0.1057787011000,-0.0706671524006,0.1873853572621,-0.1445867909453,0.0978042157422,0.6331806541819,0.1646900677712,0.5540278335152,0.4528965232322,0.1337428912074,-0.2491862485015,0.0256855450780,1.0000000000000,0.2658056029158,-0.0856773775997,-0.1007315801854,-0.2816842130211,0.0007699305253,-0.3428882188574,0.1735100574099,0.1409727358398,0.1551499041824,-0.1516224925034,0.1881166320451,-0.2347713884330,0.1799918058963,0.0474768044894,0.2078050129186,-0.0312430698862,-0.2445438630596,-0.0700086480273,0.1253822139272,-0.1071158094717,-0.0694671354054,-0.1418836590854,-0.0346729120882,-0.1442828904590,0.1892294281324,-0.1086294676872,0.0893072500151,0.5963551770644,-0.0131474046489,0.4438103042631,0.3708449989828,0.1975320396933,-0.3568027908960,0.1226785469696,0.5548775933781,0.1128812992505,-0.1410737610882,-0.1151745959691,-0.2222561428482,-0.0300220183933,-0.3715005137788,0.1492212443480,0.0813789825185,0.0905224402443,-0.2445215118144,0.0457200132065,-0.3013482603463,-0.2337790029419,-0.0441934088789,0.1325916084650,0.0182382345118
0.5098388558308,0.3456378540553,0.2211130445868,0.3805046141542,0.0881155244277,-0.3040793359838,-0.2241058414534,0.3296628323390,-0.2620931803604,0.1313191184409,-0.1815645444154,-0.0882057445994,-0.1048089937916,0.1070012798590,0.0439328572253,-0.3730230459088,0.2275428313600,0.7397247798731,0.2658056029158,1.0000000000000,0.2193461419815,0.2408181988785,0.3253534352095,0.3566411368297,0.1957484653024,0.3851813700599,0.4913286521777,0.2562443358474,0.1858103028287,0.1315805226153,0.4800571352724,0.0510783183758,-0.0546337940836,0.0654137278384,0.4199520998895,0.1556942552064,0.3351204756207,0.1180513864946,0.3749081601998,0.1431640257171,-0.1509566899987,-0.3779921502006,0.2060337526935,-0.4036500448380,-0.0108081947890,-0.2232887890948,-0.0565340042006,-0.0312227871776,-0.0575353719127,-0.3318053895898,-0.4522439473084,0.2392012016526,0.4387320852102,-0.1263488955861,0.2542389990643,0.1351411781317,0.1785245422480,0.3453704537453,0.2389364319661,0.0837023432199,0.2774411638116,0.3018410786156,0.2644044245838,0.1448501931205,-0.0147684332700,0.2022141031803,0.2642515909925,-0.1355636982549,0.0338858557578,0.3808539863799
0.6853007380464,0.2245126565639,-0.0319584075702,0.3874874440471,0.4356370737446,-0.2486154229539,0.3335418765393,0.3784260157815,-0.1192189119792,0.5479310970115,0.3433578687333,-0.1136831628240,0.4872347324725,0.0744519032927,0.1280884234468,-0.0896773376513,0.2442926417826,0.2148266614564,-0.0856773775997,0.2193461419815,1.0000000000000,0.1936424784445,0.2260744439043,0.0205066510871,0.5176382979689,0.2159925170548,0.0056066401278,0.0003378674332,0.3784579215007,0.1411656680253,0.3059810478321,-0.1911143129594,0.0141057590813,0.0008284812738,0.3006247758577,0.3986984046665,0.2681522821751,0.0788475326803,0.3404469213869,0.5326979965155,-0.0382450081165,0.0257704660740,0.2816516039841,-0.1640504957904,0.4759908790282,0.3252837847773,0.0575209452844,0.6124038111822,-0.0083631011412,-0.0895319501294,-0.0864284679891,0.2697316437250,0.0812182473448,-0.3048789090783,-0.0481765917977,0.8772189262315,0.2024911029126,0.2679541141100,0.0994450358621,0.5111454376900,0.2133479836689,0.1009692986559,0.1831493091082,0.3130065972106,-0.0889496621495,0.1955922044436,-0.0168860965093,-0.0049584428752,-0.0012402372096,0.2684709853711
0.3135642106848,0.5768792258701,0.4570242504421,0.5302665416530,0.0788618553713,-0.2277571110823,-0.1555371746458,0.3582862731805,-0.2969234591188,0.2453890873320,-0.2843892369393,-0.2489747285542,-0.0369301883853,-0.0736217019097,-0.1303568316768,-0.1887212934317,0.6922584259990,0.4188190668805,-0.1007315801854,0.2408181988785,0.1936424784445,1.0000000000000,0.5837568863928,0.7774003170345,0.4799807701417,0.3240570817078,0.4059069662285,0.4531222820635,0.6256260533924,0.1336107132398,0.6227354010284,-0.0378153654172,-0.2252488538622,0.2400653552507,0.2236730236621,0.2835010245452,0.5307898161663,0.3496444593313,0.4546748745434,0.1612862766306,-0.0441286647914,-0.3405313826164,0.3076557113011,-0.4199043257504,0.1860420519351,-0.3217192184814,-0.3079858498438,0.0355975319174,-0.2533577589174,-0.4680927381013,-0.2802535672631,0.7236642556848,0.1852708267606,-0.3920506168005,-0.1672873385593,0.0762942871339,0.7013092904964,0.5909978636835,0.6010069356576,0.4591028827325,0.1648223063476,0.2206300207894,0.4742908236982,0.6444193155218,-0.0567633768054,0.4473545936882,0.1149832000122,-0.1671547472621,0.1294384880999,0.2764813431342
0.3561966087455,0.7963377229708,0.3480462604786,0.8212395810046,0.2125103669690,-0.3513068068174,-0.2644536045676,0.4660419633528,-0.5737535009696,0.5127117025396,-0.3948166098365,-0.4407966320432,-0.0387683579836,-0.2185707667513,-0.2882700102173,-0.2632330338143,0.5423164917256,0.5745195200965,-0.2816842130211,0.3253534352095,0.2260744439043,0.5837568863928,1.0000000000000,0.5293115048472,0.6128092113152,0.3730948114048,0.3740442943973,0.3637000331511,0.5452272694381,0.2139022160467,0.7349156041050,-0.0215009812879,-0.1630880171144,0.3366530280359,0.4432439255785,0.3239969980759,0.6690838075645,0.2012946369751,0.7227210797203,0.3048000001571,0.0213531970017,-0.4597477902999,0.5211466693458,-0.7119441409891,0.3987523997948,-0.4284728505600,-0.3766282867915,0.1035623012327,-0.3651604463314,-0.5883365269018,-0.3788987831856,0.6960282047127,0.2919363863293,-0.4683593299626,-0.0281562855563,0.1984380296811,0.4726559760787,0.9379077259256,0.4536121950359,0.5903752673553,0.2808975223279,0.2395301158118,0.3958456818312,0.5970682826694,0.1907921843477,0.5467120836024,0.2326264135332,-0.0625756341988,0.2796863787267,0.5285606843957
0.2024969119757,0.5894291056617,0.5993545248977,0.4479689888744,0.1021158209145,-0.3514591042826,-0.2660336581365,0.2464252301887,-0.3565243189801,0.0222201611616,-0.3416845616489,-0.1553072926776,-0.1448375938046,0.0132477022953,-0.1765336224684,-0.3241293940063,0.5282024336866,0.5924900871228,0.0007699305253,0.3566411368297,0.0205066510871,0.7774003170345,0.5293115048472,1.0000000000000,0.2799839410537,0.2794736269700,0.5599965170172,0.5777581619188,0.5606105736693,0.1282306443353,0.5877785308305,0.1726366562996,-0.2909293767655,0.2289246339777,0.1593186206854,0.0441278280072,0.5546395900164,0.4137377780341,0.4132026666342,0.1100039120824,-0.1831278010066,-0.4548778274092,0.2788864438258,-0.4647878533648,-0.0391503277366,-0.3777747351970,-0.2234278871208,-0.1106345105808,-0.1577170505207,-0.4880616894102,-0.3428726230284,0.5444202313582,0.3621352536341,-0.1879381855137,0.0347406926777,-0.1229783614716,0.5896126394034,0.5457163795575,0.6888093151085,0.1756884028990,0.1832402390993,0.3649371942728,0.4820070294545,0.5162982207651,-0.0234910048470,0.4859891766374,0.1513267964868,-0.3015724696315,0.1980863330313,0.2048056722753
0.5364790762363,0.4592499083464,0.1860860753643,0.6107337043743,0.2595244040505,-0.2274064307916,0.0671099604668,0.6477679263895,-0.2368486291440,0.6073269731990,0.0312304989004,-0.3065273365709,0.0696510092598,-0.1774725161534,-0.1214765732447,-0.1286625643533,0.5235155413977,0.4402185693050,-0.3428882188574,0.1957484653024,0.5176382979689,0.4799807701417,0.6128092113152,0.2799839410537,1.0000000000000,0.3178045302088,0.2362168736760,0.0635808607288,0.7153975376927,0.1530481018649,0.6649925682415,-0.2707875552863,-0.1016679575317,0.0502684544498,0.3941524073003,0.3414905440777,0.4472696357311,0.1148161480924,0.4954516234910,0.3792780790459,0.0775271471578,-0.1716328029898,0.5370045834723,-0.3910744675042,0.5135146074803,-0.0551513704580,-0.2607396865577,0.2314510067461,-0.3151786855146,-0.4260532169091,-0.2532047305214,0.6260925742415,0.1453309043365,-0.6215952919592,-0.1760246524569,0.4882994753642,0.3343268135067,0.6120640059076,0.2210652024715,0.9153403916988,0.2131607916235,0.1021655189662,0.1894030053360,0.6732612417646,-0.0321626549767,0.4616583683876,0.1422525337079,-0.0371437929915,0.0148364794932,0.3904334349214
0.5357850389775,0.4368195772713,0.4149594484922,0.5629147392777,0.2100084545644,-0.1832084394846,-0.0718555752511,0.4002054013601,-0.0702190122739,0.3982482715516,-0.0747278984098,0.2038748564982,-0.0129654511140,0.4707066407323,0.3173261236534,-0.1138075791692,0.2308820746079,0.2378160755673,0.1735100574099,0.3851813700599,0.2159925170548,0.3240570817078,0.3730948114048,0.2794736269700,0.3178045302088,1.0000000000000,0.4507998864229,0.4346652977949,0.1778281788384,0.3890527471597,0.3123359199006,-0.0488327606386,-0.0253191965440,0.2253672934071,0.4309211604901,0.1454598818719,0.4001614044126,0.2527128289223,0.4102173562656,0.1726616695649,0.0077664863938,-0.2671620162079,0.2156608962650,-0.2669583551961,0.3241704722125,-0.2285175043569,0.1053167328974,-0.0491062979322,0.2360529508470,-0.1254457200922,-0.2298418105402,0.2122129624150,-0.1402729857524,-0.3920838896863,-0.4055951091436,0.1075987821026,0.0298408043290,0.3390524187078,0.0327849078322,0.3196170349304,0.7323974630102,0.0827999225787,0.4474787221846,0.1150807615379,-0.0611832520984,-0.0914849953876,0.0501827671489,0.0524389525538,0.0696270999131,0.3515069910323
0.2119131514401,0.5386429315308,0.6612592210049,0.4461985566034,0.1296563338891,-0.4162841556415,-0.3793560106957,0.4590496170102,-0.3739856316961,0.0310237277482,-0.3852881819467,-0.0244336990440,-0.2072931560665,0.2008236285683,-0.0773075921197,-0.4528159000977,0.2168374673007,0.6273525718302,0.1409727358398,0.4913286521777,0.0056066401278,0.4059069662285,0.3740442943973,0.5599965170172,0.2362168736760,0.4507998864229,1.0000000000000,0.6809573556136,0.3758691319732,0.0578704915637,0.4590168050612,0.2437397376537,-0.2302907619097,0.0780376152949,0.0965921228841,-0.0951523516174,0.4753672624197,0.4556680325097,0.3321410420942,0.0209316989017,-0.2283876499771,-0.5547749322242,0.3200052350709,-0.4863018681722,-0.0749377212884,-0.4454106369380,-0.1898424922994,-0.1865041814483,0.0459890006837,-0.4166209161271,-0.4936023208553,0.2265802725693,0.4294738249475,-0.1613628950002,0.0017459831709,-0.0875982292928,0.2520120388663,0.3631321933262,0.3864838467829,0.0926505561593,0.3109167030222,0.5883833318669,0.5543001271146,0.3448289674062,-0.0851869975476,0.2873286848645,0.2042501784832,-0.3004681111371,0.1127256366980,0.0291010378627
0.1600801009184,0.5562265584903,0.7904452829493,0.3787257526450,0.0081719583935,-0.5355026010392,-0.4693841939585,0.2650546179259,-0.5104189039364,0.0764551052214,-0.4896950111855,-0.0917975443181,-0.3016886738263,0.2642756381510,-0.1969783089030,-0.5073072610904,0.2927488120054,0.3156739733226,0.1551499041824,0.2562443358474,0.0003378674332,0.4531222820635,0.3637000331511,0.5777581619188,0.0635808607288,0.4346652977949,0.6809573556136,1.0000000000000,0.2163130310264,-0.1308615570980,0.1746862213292,0.2828892729691,-0.3623909778035,-0.0192157359948,-0.1433829446001,-0.0757044002264,0.5783597176904,0.8367756419174,0.4036546001189,-0.0318205521530,-0.4465618871715,-0.6320125735875,0.3657054294467,-0.5131789618485,0.0034520986523,-0.5014269075086,-0.0093738898009,-0.2299867648134,0.1797521097768,-0.3606023457776,-0.4242030527032,0.2754798937932,0.3962740117418,0.0834152184740,0.1371430933803,-0.1400707376626,0.4997195650483,0.4236981513746,0.6432631750808,0.0784400777334,0.5052449139320,0.6954100513783,0.9257788031059,0.3356024866413,-0.2313248123254,0.2986720249849,0.0139481827001,-0.4232521715805,0.0863360230096,-0.0660357731072
0.3680448346259,0.4964255295215,0.2836051941750,0.5118726563732,0.3739354633973,-0.3885635262441,-0.0331692914225,0.5172995369352,-0.3259702891520,0.2502113785913,0.0474304175278,-0.2446221443107,0.1545607651123,-0.1542679801975,-0.1631796151781,-0.2483539374005,0.5134658691096,0.4942254399108,-0.1516224925034,0.1858103028287,0.3784579215007,0.6256260533924,0.5452272694381,0.5606105736693,0.7153975376927,0.1778281788384,0.3758691319732,0.2163130310264,1.0000000000000,0.1711411522472,0.7117407403852,-0.0108785564094,-0.3309432494012,0.1653279727717,0.1111708885018,0.1895566538077,0.4747751645220,0.2036454239680,0.4209715649127,0.3970463086995,-0.1652579518685,-0.2762899947696,0.5432085473881,-0.4213544349899,0.1897616623057,0.0020530493126,-0.2604750013833,0.2498952330247,-0.3153191070634,-0.4093333978022,-0.2553352779498,0.5837324298060,0.3491850063161,-0.3557116155037,-0.0316479170748,0.3167892831522,0.4948749070545,0.5547974627403,0.4625918124120,0.5983437391827,0.0347630611066,0.2693147933703,0.2675669994369,0.8880717828951,0.0754361303085,0.6279162599727,0.1219296025203,-0.2984892999281,0.2551460000154,0.1981196034362
0.1485809842439,0.1667530717668,-0.0321456453273,0.3471564923279,0.5778992823590,0.0359089397710,0.1984045316210,0.0924307677463,0.0001272318192,0.2805648188845,0.1667026747415,0.3802301557799,0.4875583172387,0.3155837348523,0.5145595811897,0.2880841858754,-0.1170759907948,0.0982649460302,0.1881166320451,0.1315805226153,0.1411656680253,0.1336107132398,0.2139022160467,0.1282306443353,0.1530481018649,0.3890527471597,0.0578704915637,-0.1308615570980,0.1711411522472,1.0000000000000,0.2529141374244,0.0631063085038,0.1349049926597,0.7642254233347,0.5256047226317,0.1692400335375,0.0453973577887,-0.2780740546752,0.1965776693196,0.4483557518129,0.3670950334238,0.0279351807305,-0.0141751817881,-0.1199308781380,0.3429676015413,0.0790983463399,0.0464160214821,0.3746338478552,0.1493513362617,0.1608293011828,0.2174337441946,-0.0189826607794,-0.2527226913877,-0.1741814607729,-0.3195945605551,0.1446648158729,-0.1814236398285,0.1248487196224,-0.1817349402534,0.1000982469761,0.0738435218460,-0.3222619182244,-0.1892983800100,0.0346015607402,0.6619880465421,-0.1570575486946,0.2096730351197,0.2873675153036,0.5459838200043,0.4678939994133
0.4754276157558,0.6453339541664,0.2288258864823,0.6797741318585,0.2081222148826,-0.2385319125877,-0.0938945641158,0.5318699477366,-0.2945466414622,0.2354743019410,-0.1304239721272,-0.2915238900729,-0.0334992819337,-0.2309291157245,-0.1348554861614,-0.2360145164645,0.5452656475729,0.7303910767155,-0.2347713884330,0.4800571352724,0.3059810478321,0.6227354010284,0.7349156041050,0.5877785308305,0.6649925682415,0.3123359199006,0.4590168050612,0.1746862213292,0.7117407403852,0.2529141374244,1.0000000000000,-0.1608539838645,-0.1102254476381,0.2406172950170,0.4837076027426,0.2889130363206,0.5536514055680,0.0387377672008,0.5613817892927,0.2858155721958,0.0552890912458,-0.2950278733712,0.4307940196405,-0.4942974719196,0.1434818055007,-0.2255460057666,-0.3363012659997,0.0579509220421,-0.3926847726757,-0.5357262662677,-0.3875585367401,0.6306065107192,0.3048076537492,-0.5643274656613,-0.0588511952377,0.2482133011049,0.3799868106866,0.6937273534018,0.3519833663201,0.5304053296453,0.1183369356268,0.1710067493576,0.2017407780173,0.6217568265678,0.1118069072923,0.5980499992921,0.2282739279960,-0.0516248552997,0.1617769778813,0.4740939226444
-0.2731057756026,0.1548944569726,0.1413690983028,0.0516793565809,0.2435373980295,-0.3301574110310,-0.2899903210103,-0.1337832906906,-0.3584649092676,-0.1438896936246,-0.2054588092912,0.0347053059401,0.0303942937179,0.3347444252064,-0.1013744308322,-0.2636586048780,-0.3041522312682,0.0492233409989,0.1799918058963,0.0510783183758,-0.1911143129594,-0.0378153654172,-0.0215009812879,0.1726366562996,-0.2707875552863,-0.0488327606386,0.2437397376537,0.2828892729691,-0.0108785564094,0.0631063085038,-0.1608539838645,1.0000000000000,-0.2231659854998,0.2048344327592,-0.3263918182925,-0.3683559671596,0.0929708403402,0.1984937503255,0.0503219671972,0.1098675414258,-0.2759675178023,-0.3396583758119,0.0540184222815,-0.2611267287467,-0.1572682897833,-0.1780026466928,-0.0790328467619,-0.0566257711428,0.2665116266513,-0.0747362224704,-0.1303934516275,-0.2752414414410,0.2644056518148,0.4048293653681,0.2014897395340,-0.1921445091560,0.0251732318257,0.0190940347029,0.2205022999378,-0.3304695117192,-0.0629879367118,0.3411912506317,0.2051273639263,0.0265217630588,0.2069085615365,0.0332462697321,0.5164424639668,-0.3204331952250,0.3247298788974,-0.2685601856036
-0.0895928473694,-0.1575467491721,-0.3158406362690,-0.0701247225303,-0.0427540696140,0.6516696683739,0.4498416590629,-0.1936061685733,0.4782979911528,0.0389922803692,0.2231441421630,0.1784365930453,0.1841094455894,0.0930251720517,0.3389475906168,0.4763328255510,-0.2180964933838,-0.1082872461240,0.0474768044894,-0.0546337940836,0.0141057590813,-0.2252488538622,-0.1630880171144,-0.2909293767655,-0.1016679575317,-0.0253191965440,-0.2302907619097,-0.3623909778035,-0.3309432494012,0.1349049926597,-0.1102254476381,-0.2231659854998,1.0000000000000,0.0017942799007,0.3117627986928,-0.0253181131402,-0.2118572863005,-0.3851185795025,-0.0711098429213,-0.0568716988778,0.5794681418815,0.5129440108267,-0.3916029148568,0.4081130673388,0.0665839523741,0.1152475178597,0.0384970614375,0.0536701804223,0.0555702656974,0.2637744328263,0.4029935525014,-0.2117691900820,-0.3389982578783,-0.1745030662367,-0.2538917384727,0.0529060715557,-0.3406143620411,-0.1995056349228,-0.4117178731778,-0.0853788543943,-0.1037778042471,-0.4199197875558,-0.3840156229692,-0.3931574565672,0.0476213771063,-0.3153155353378,-0.0576188246206,0.7797404717471,-0.1868636398677,0.1445002674103
-0.1262259289207,0.3112995363079,0.0450021309129,0.3964232217599,0.5698661272642,0.0792591051203,-0.0227692153391,0.0312192351299,-0.1256059794914,0.2857710808865,-0.0405786825213,0.2121193119487,0.3902320607655,0.1590416826698,0.2068014330384,0.3078927469872,-0.0752342476714,0.1466650750147,0.2078050129186,0.0654137278384,0.0008284812738,0.2400653552507,0.3366530280359,0.2289246339777,0.0502684544498,0.2253672934071,0.0780376152949,-0.0192157359948,0.1653279727717,0.7642254233347,0.2406172950170,0.2048344327592,0.0017942799007,1.0000000000000,0.4550540295078,0.1840735926786,0.1453047011983,-0.1688776290397,0.3096552275945,0.4412784467888,0.3101613021226,-0.0435253207793,-0.0069209773867,-0.1935813606642,0.3675084481775,-0.0668059955932,-0.0071822500581,0.2916918465647,0.0366358091131,0.0429199212433,0.2288734154426,0.0307252078602,-0.0743221275755,-0.0234509769727,-0.1897086212294,0.0374044887549,-0.0229168827464,0.2744133658144,0.0165320021555,0.0228188534304,-0.0284524538840,-0.2040152580560,-0.1024544263682,0.0659201399202,0.6294299255023,-0.0557145281371,0.1840855103969,0.1758456821123,0.6819742863007,0.5158278052827
