1.0000000000000,0.3305945892349,0.3252497997663,0.4674242680180,0.0091668716779,-0.0062664707969,0.1806582893340,0.1230954810879,0.1210963042821,0.1858925351326,0.1714881615170,0.3002653425386,0.1137909292722,0.0242616059461,0.3701502489167,-0.0426528305928,0.0535652784915,0.4801073083922,0.3730151995822,0.4662997687036,0.2014201325056,-0.0207832023672,0.1907822192408,0.1407042683028,0.2470866794866,0.1856238834767,0.3606080606701,0.2142423846050,0.1028126691902,0.3533580352426,0.4520693190329,-0.1636595940405,-0.1383831637222,0.2589016379823,0.3713693023281,0.4467333500482,0.3174135484139,0.2547071699919,0.4238178943644,-0.0170658325016,-0.0750749966417,0.0447405928923,0.0429696050732,-0.1263242434378,0.1143598129502,0.1213839232255,0.1860724109574,0.0825264038818,-0.2052768824662,0.0172289880616,-0.0769214529841,0.0374235296992,0.3164814061919,-0.0435551582953,0.1768124363495,0.1583575030873,0.0039687910030,0.1722917150186,0.0787429020112,0.1982139384969,0.2202607813580,0.1133687769160,0.2223064636366,0.0245630565100,0.0555733730937,0.1863615396672,-0.2294023785092,0.0098136628799,0.0797787577153,0.1907073522494
0.3305945892349,1.0000000000000,0.3813149281610,0.6367783626356,0.0752326370304,-0.2100405501416,-0.1176844165574,0.1611937225162,-0.0960123893421,-0.0029806485202,0.2023374653389,0.4160166417275,0.0911576189441,-0.0762520873125,-0.1286322079927,-0.3228758003094,0.2788352429539,0.4079470145973,0.3363301736966,0.3735968745552,0.3005610027802,0.3534765970969,0.5712132117880,0.4695802523638,0.1889053023775,0.0688215333111,0.5159046450126,0.4532522977760,0.3870457406746,0.3085946022735,0.5745353497555,-0.1775456202537,-0.1384150596916,0.3162035379821,0.5417855445180,0.1122878728489,0.8452206533801,0.4147218796344,0.5250311966758,0.0578498090516,-0.2653089005608,-0.2279123439730,0.1078105347181,-0.2910211145402,-0.0774940269776,0.1375345848299,0.0723176295978,0.0754584952681,-0.2305590129942,-0.4353136212215,-0.3445069964428,0.2787813292102,0.4786878875521,-0.1865711232490,-0.0041042439874,0.2790468040241,0.3725225188512,0.5651429169131,0.4631102132367,0.1852462047802,0.1359570948732,0.3114329892293,0.4545556306092,0.3233902837299,0.1354174952607,0.5621373920650,-0.2563676684623,0.0316445473382,0.1131715563658,0.3896771241738
0.3252497997663,0.3813149281610,1.0000000000000,0.4607646633786,0.2350822162908,-0.0905753102699,0.0077344710955,0.3473779175878,0.0237662144219,0.3221934463505,0.4774971011929,0.3135403633860,0.3301070510628,0.0753788661387,0.0969478203248,-0.1176816096804,0.3046040438756,0.4409357414172,0.5510423420471,0.3317632186564,0.3738417243617,0.3864494728271,0.3143343231528,0.6184777776413,0.3553363384672,0.0996132319456,0.5423594583530,0.7846910638044,0.4486446147370,0.0934935941305,0.3910269805112,-0.3330406182627,-0.1391763822559,0.1436310402652,0.3004490264730,-0.0055025122579,0.2664408618478,0.7782467176763,0.3570681699221,0.0549113804657,-0.1090584943430,-0.1314608730741,-0.0062242141375,-0.2612933836905,0.2128316774650,0.3409619037893,0.0264170959108,0.1858429068226,-0.1884326977846,-0.1559547604567,-0.1305473698621,0.3112972390319,0.4144114174400,0.0842596533165,0.1155289263943,0.3175691759200,0.3980387767813,0.2837355701757,0.5400428915775,0.2083681413795,0.0589130013577,0.2150166240311,0.6949473476510,0.2214694836972,-0.0748808789580,0.1396964690017,-0.4440382257227,-0.0759940265376,0.1330432583324,0.2004048792973
0.4674242680180,0.6367783626356,0.4607646633786,1.0000000000000,0.2190198054854,-0.2867315184943,-0.0057402905519,0.2974084304529,-0.1254765222611,0.3924786383284,0.2675931314939,0.3087361054952,0.2685268473039,0.0600683722717,0.0402706370727,-0.0573374869234,0.3318567441712,0.4974765643709,0.3001222365010,0.4156828131726,0.4103377077479,0.3407751310167,0.5650393904322,0.4796663698779,0.4525170712672,0.2016877793535,0.4065923107459,0.3958657056868,0.4365040232893,0.3409911599244,0.5567010611860,-0.0989823583276,-0.0615266746218,0.3483316210068,0.5371461555691,0.2503251568574,0.6295849821861,0.3957456830023,0.7832686911590,0.2141400612411,-0.2829881759928,-0.1511230891068,0.2027482335717,-0.3365651986651,0.2753752215414,0.1983653058507,0.1455446216852,0.2628408943919,-0.1864559254362,-0.2398650974254,-0.1560612312412,0.2889282106191,0.4875943012983,-0.1269367514365,0.2061930508347,0.3571174393312,0.3590430551197,0.5588954130800,0.4136409772450,0.3955788635781,0.2205154652592,0.1737295896860,0.4354059818729,0.2880455461328,0.2083988301373,0.4357575603299,-0.2337445419815,0.1162252673178,0.1866999352493,0.4429058400307
0.0091668716779,0.0752326370304,0.2350822162908,0.2190198054854,1.0000000000000,-0.2530432176751,-0.1666109364254,0.2878550831388,-0.1111143023615,0.3043654991249,0.4570832316340,0.1613005043921,0.4214586178381,0.1052783130517,-0.0664423996596,-0.0273873056808,0.4325572109679,0.1173452299056,0.2245947967802,0.0029562868447,0.6954945956663,0.5288526246550,0.4052596084806,0.4350372849208,0.3524869203056,-0.0003159269436,0.0888017358200,0.2651705357725,0.5869173133315,0.1129732988554,0.2155840930677,-0.0354833265261,0.0522749293047,0.0888954764360,0.1123940688954,0.2457981029744,-0.0203594095810,0.1362791287195,0.1585045331840,0.8855272855161,-0.1178899571969,-0.1498142254144,0.2289172901351,-0.1823004308339,0.2021899554766,0.5630384384790,0.0988043794311,0.4981827887958,0.1039247759854,-0.1124035235683,-0.0480239764041,0.3782958635365,0.2062606978653,0.0890687351899,0.1582534941014,0.6425233956088,0.5038654677331,0.3418467818875,0.4713927213602,0.3680319027453,-0.0256785721616,0.0847092914644,0.1841853693479,0.5147294732474,0.2795101120406,0.2300845311974,-0.1800469433243,0.1482531812464,0.1931641366094,0.1905520656028
-0.0062664707969,-0.2100405501416,-0.0905753102699,-0.2867315184943,-0.2530432176751,1.0000000000000,0.6211901809418,-0.3061757113315,0.6133708247754,-0.0428496204658,-0.1306109078786,0.0403799852366,-0.1767038925048,0.2785866611861,0.3739633856875,0.4054554624617,-0.3652396256576,-0.2758696404720,0.0753550893955,-0.0428950567486,-0.2845669309969,-0.3663478392596,-0.4211185179624,-0.3997869759198,-0.1903463991555,0.0954401964279,0.0971170170414,-0.0359259094496,-0.3985981251728,0.1038076247647,-0.2652604363097,0.1967503952876,0.3082464589718,0.1266812090493,0.0462519395263,-0.1813150621607,-0.3196639624649,-0.1227313170208,-0.1347318611644,-0.3071719352708,0.8052036111143,0.5313429472668,-0.2049036299809,0.5244886377458,0.0357767150118,-0.2320011560697,0.0492101262121,-0.2219407238179,0.1612666869578,0.3132828411504,0.5055058058174,-0.3690560592734,-0.2661965961612,0.0361291587759,-0.3790426624715,-0.3090990700956,-0.4320065535708,-0.4606369074777,-0.4061471840470,-0.1901882564547,0.0307053185624,-0.2600158303209,-0.0693141712743,-0.4482169414882,-0.3392245290881,-0.3208477837513,-0.0393093690662,-0.2232920486768,-0.0651056995680,-0.1135015552778
0.1806582893340,-0.1176844165574,0.0077344710955,-0.0057402905519,-0.1666109364254,0.6211901809418,1.0000000000000,-0.2920502261306,0.7152458600641,0.0641207219725,0.3132412560650,0.1730895047977,0.3267163751205,0.2073766232434,0.4514275433968,0.4076128493004,-0.3117529173782,-0.0072385966820,0.1616545988261,0.1272458346857,-0.0472943633626,-0.3402192585181,-0.3688466733650,-0.2772125630586,-0.1520889311950,0.0486651420633,0.0867594710334,-0.1265960935352,-0.2892953726906,0.2737522727170,-0.1558528911935,0.0801373399703,0.2504326684412,0.1358967000154,0.1641343502432,-0.0129447140687,-0.2040711791840,-0.0385638117677,0.0749416515352,-0.2955588842110,0.6198401055791,0.8502266065964,-0.2992263696079,0.5444753556829,0.1072732611347,0.1253435341661,0.2453505650257,0.1863393619491,0.1220171445525,0.3524494654467,0.5469234196948,-0.3249740419473,-0.0393860377199,0.1614954846601,-0.1588083745431,-0.1039182279847,-0.3444414185989,-0.4026120989366,-0.3094873197659,-0.1769818869065,0.0660119092845,-0.1614322805125,-0.0812159252938,-0.4779288247596,-0.1166949118207,-0.3098972642514,-0.2126717065945,-0.1995927638694,-0.0458544555581,0.0648266660774
0.1230954810879,0.1611937225162,0.3473779175878,0.2974084304529,0.2878550831388,-0.3061757113315,-0.2920502261306,1.0000000000000,-0.3037691995296,0.3717348898473,0.0490222815348,0.1344379922078,-0.0478140546356,0.2540806271102,0.1420054779598,-0.0054173885626,0.0751596606134,0.0131431057060,0.1325324134842,0.0435571159779,0.1555433401651,0.1785207981437,0.2696618043920,0.1215147034741,0.6785195923645,0.3584443410033,0.2635165851155,0.4072903382785,0.5354233522248,-0.0692079784892,0.3793184871793,0.1632475982334,-0.0357234880766,-0.0538199807980,-0.1082812314442,-0.0003806304193,0.1435022757562,0.0570734251110,0.1584874003279,0.2575791409078,-0.4110810387875,-0.4353446628341,0.7297483994907,-0.4194742740963,0.3154452485134,0.0482547305652,-0.1925894751107,-0.0627084433147,0.0943811040672,-0.1707561516270,-0.2731551255454,0.0406924447847,-0.0502489394790,-0.2126097648438,-0.0497402711262,0.1339904795012,0.0549842302095,0.1152283713848,0.0702131855877,0.5809527785546,0.1531105710303,-0.0269859575314,0.2981132225618,0.5227857621804,-0.1273790156461,0.1895741932395,0.2863001523586,0.3036163913837,-0.0676990137641,-0.1515665996715
0.1210963042821,-0.0960123893421,0.0237662144219,-0.1254765222611,-0.1111143023615,0.6133708247754,0.7152458600641,-0.3037691995296,1.0000000000000,-0.0357382898979,0.2676583094314,0.1456258788781,0.1058086250655,0.1587813727674,0.4961097892281,0.2652474531952,-0.3249619269712,-0.0723055425117,0.2020019041243,0.0362402362074,-0.0709778017394,-0.3426464628712,-0.4216651743331,-0.2477326100480,-0.1859985891803,0.0355529969209,0.0906556766589,-0.0462701379656,-0.2474336833577,0.1924090850299,-0.1419446012520,-0.0511279372525,0.1870623563786,0.1310842222677,0.0823201342056,0.0246216445082,-0.2066187045681,0.0610604730135,0.0448176457925,-0.2216051239833,0.6666541325560,0.6292594644489,-0.2805381632969,0.7010646646146,0.0453152368730,0.2046334600254,0.2112930426793,0.0319764446935,0.1471133377666,0.4258149546051,0.4951201585979,-0.3360434453937,0.0151432352660,0.1715307510398,-0.1927875528537,-0.0915166664843,-0.3040427694852,-0.4300542541521,-0.2327586241159,-0.1650786187759,0.1056520356120,-0.0330890991426,-0.0022114682009,-0.3828862046281,-0.2208858283304,-0.2173400693071,-0.2951666680580,-0.3850310297715,0.0634316227058,-0.0139772311307
0.1858925351326,-0.0029806485202,0.3221934463505,0.3924786383284,0.3043654991249,-0.0428496204658,0.0641207219725,0.3717348898473,-0.0357382898979,1.0000000000000,0.1983365493584,-0.0305725086329,0.3190394456979,0.3684468378394,0.1770839326813,0.2831573997624,0.1855015033342,0.1616855799755,0.1568531792676,0.0542401550985,0.3690500612596,0.1269002722329,0.2168922552413,0.1579681632211,0.6505270433707,0.2612251026308,0.0316569714841,0.1601072784749,0.2136584806462,0.0522685648505,0.0392118460287,-0.0234299302174,0.0212475997997,-0.0391455978679,0.0514318680214,0.1314916180534,0.0419433049557,0.1526930895838,0.3266135602400,0.3273668158017,0.0223767885734,0.0305929951208,0.2330968741853,-0.1169345684621,0.8208260893501,0.2030624523166,-0.0057346172571,0.3503833545109,0.2604512894859,0.1036049416814,0.1877451379365,0.1280434083467,0.0314452872567,0.0294369357688,0.1044297903953,0.3657748532307,0.1376624644500,0.1512975209521,0.1187760597522,0.5563999048004,0.1846438022652,-0.1718749233760,0.1538222287368,0.0528011051813,0.0375813177020,-0.0941980953010,-0.1291878170049,0.0743809122556,0.0482094677362,0.0994537802441
0.1714881615170,0.2023374653389,0.4774971011929,0.2675931314939,0.4570832316340,-0.1306109078786,0.3132412560650,0.0490222815348,0.2676583094314,0.1983365493584,1.0000000000000,0.2626021670082,0.7522282345889,-0.0638083127462,0.1380311981723,-0.0357247242733,0.1995946472616,0.3698658850355,0.3887208775054,0.2564113194278,0.5768948000634,0.2417711778917,0.1590207748716,0.3813734065383,0.1040370502118,-0.0826162547123,0.1895117582195,0.3119862767472,0.3923828882208,0.2341092846793,0.1699290016701,-0.3129065548116,0.0251335041776,0.1074382012869,0.2391581230909,0.1413087882726,0.1007629834432,0.4488980451090,0.2532011670375,0.3245902697318,0.0619178630199,0.2464207307879,-0.1092473123519,0.0197559062802,0.1594502539606,0.8449732734919,0.1856223062464,0.5825280810654,-0.0034007273616,0.0724882102167,0.1147918431945,0.1973908354744,0.4134846327210,0.3754417018029,0.3051333806107,0.5098413629534,0.3103777243101,0.1417629568942,0.4118675983329,0.0875747800943,0.0555122526726,0.2692589258885,0.3254543293296,0.2275114070794,0.2424986750795,0.0564699952256,-0.4432048201092,-0.0905972649590,0.1702106973308,0.3363584317851
0.3002653425386,0.4160166417275,0.3135403633860,0.3087361054952,0.1613005043921,0.0403799852366,0.1730895047977,0.1344379922078,0.1456258788781,-0.0305725086329,0.2626021670082,1.0000000000000,0.1596824573151,0.2471730473647,0.2231385096603,-0.1037824271026,-0.0432667976184,0.2106715664813,0.7340614524980,0.3465465827255,0.2042423558110,0.0393590705097,0.1226583468652,0.1497893192381,0.1523581390355,0.2729791185392,0.5387619712663,0.3254816641613,0.2458070039148,0.3194773126364,0.3424643208137,-0.2386287567099,-0.1059760799190,0.1691921194163,0.4076462234185,0.0505209777830,0.2273929896762,0.2691771464693,0.2313551403733,-0.0156672956707,-0.0800369544974,-0.0461419170233,0.0432723168284,-0.1250915149474,-0.0692958875236,0.2019155394849,0.5651152790225,-0.0110184403782,0.1031190977561,-0.2208549224355,-0.0808549590012,-0.0597278249490,0.2229490600519,0.0873818220167,-0.1036724214582,0.1370219951741,0.0440437917015,0.0903861318127,0.1340957159346,0.0707802249065,0.3041626852442,0.2089098079996,0.2013493261570,0.1529144445089,0.0084227762285,0.2400537491980,-0.4080418278536,-0.0384300536213,-0.0243712419459,0.2461688631923
0.1137909292722,0.0911576189441,0.3301070510628,0.2685268473039,0.4214586178381,-0.1767038925048,0.3267163751205,-0.0478140546356,0.1058086250655,0.3190394456979,0.7522282345889,0.1596824573151,1.0000000000000,-0.1065665745194,-0.0088456214125,0.1190783475240,0.2851442302645,0.3929086694317,0.2112360588075,0.2008688322643,0.6687647564525,0.3436255800754,0.2429297721676,0.4120295762520,0.0917256522603,-0.1826197982247,0.0244124232564,0.1061092316914,0.2972910978249,0.3104498290498,0.0970141884839,-0.2015880859518,-0.1203362296825,0.1199790322587,0.2813638070741,0.1708687828353,0.0537404623029,0.3156266614230,0.2673025670029,0.3739448799560,0.0322967188214,0.2701795395467,-0.1591968322770,0.0065957881341,0.2767929453075,0.6878461664665,0.1114879455898,0.8155736869261,-0.0250623882064,0.1036786210342,0.1704507776235,0.2546580955462,0.3689840131668,0.3055470425516,0.3519129782189,0.6191357535259,0.4007972615838,0.2300127187811,0.4204012708026,0.1068026659433,-0.0336780095749,0.1554540081424,0.1816485263477,0.1690917258549,0.4216722119309,0.0470663594839,-0.3899771615145,-0.1178837885982,0.2434784498265,0.3664206809811
0.0242616059461,-0.0762520873125,0.0753788661387,0.0600683722717,0.1052783130517,0.2785866611861,0.2073766232434,0.2540806271102,0.1587813727674,0.3684468378394,-0.0638083127462,0.2471730473647,-0.1065665745194,1.0000000000000,0.4317446512945,0.2774348029444,-0.0467539056134,-0.0561825892694,0.3568738790639,0.0935205903034,-0.0536900063234,-0.1129145825560,-0.1816815181065,-0.1823230239297,0.2810692600813,0.6527359100772,0.3003184129749,0.2140507482941,-0.0203910490612,0.0713779842326,-0.1465823055034,0.3665769149388,0.1426770799343,-0.0309902960192,-0.0924342312793,-0.1885016694918,-0.1881153730153,-0.1277589885432,-0.0415394314580,0.0263703566155,0.1659432573227,0.1062586026884,0.0819260065204,-0.0034680833963,0.2202333508072,-0.1893972815087,0.2598967789016,-0.1168072213524,0.6178974152564,-0.0328848943435,0.2481158251162,-0.0856733343338,-0.2070707821189,-0.0892943716308,-0.3168923445154,-0.0784776077376,-0.1520735606802,-0.2699582305977,-0.2067569667865,0.1630123183167,0.2637176090331,-0.2748323919561,0.0232145735123,-0.1594115956306,-0.2939937042685,-0.2990669952420,0.0407341898417,0.1477943768756,-0.1528224094245,-0.1360077613492
0.3701502489167,-0.1286322079927,0.0969478203248,0.0402706370727,-0.0664423996596,0.3739633856875,0.4514275433968,0.1420054779598,0.4961097892281,0.1770839326813,0.1380311981723,0.2231385096603,-0.0088456214125,0.4317446512945,1.0000000000000,0.3954732688893,-0.3768810546887,0.0880425213689,0.3765331214939,0.3370670396921,-0.0870003777713,-0.4018843817743,-0.3439078058379,-0.3307282898980,0.1547042776827,0.4488297441057,0.2555020175132,0.1002183740871,-0.0881034931705,0.3449363464723,-0.0684265836655,0.0514510057702,0.2101921936898,0.0881844527860,0.0562364997230,0.1717673583524,-0.1936460811372,-0.0652477797730,0.0870706246169,-0.1716567999513,0.3261867388614,0.2884346226324,0.1094161667164,0.2555075871243,0.2361784272900,0.0576213074735,0.2005344326932,-0.0754324529581,0.2199045527800,0.4605323461566,0.4354136106160,-0.3698040164357,-0.1099243915475,0.1059775900465,0.0140017411936,-0.1760467862709,-0.4236693579701,-0.4016144644227,-0.3896254003542,0.0713217940214,0.3611252027475,-0.0525461395823,0.0067248968205,-0.1744224308863,-0.1414347957477,-0.2419049916666,0.0270884386620,0.1261434179288,-0.0128517620549,-0.0508635115875
-0.0426528305928,-0.3228758003094,-0.1176816096804,-0.0573374869234,-0.0273873056808,0.4054554624617,0.4076128493004,-0.0054173885626,0.2652474531952,0.2831573997624,-0.0357247242733,-0.1037824271026,0.1190783475240,0.2774348029444,0.3954732688893,1.0000000000000,-0.3029792814524,-0.1062739210962,-0.0971165916176,-0.1256090157394,-0.0837359981297,-0.2478669973405,-0.3086799733028,-0.2684528934507,0.0854681784918,0.0973268027914,-0.1554084919772,-0.1399075558899,-0.2281399857449,0.1827977032823,-0.3211286387461,0.2706194053876,0.2660081329866,0.1396106103290,0.0076927042089,0.0462904921268,-0.3197621653634,-0.2091623923457,0.0728128496145,-0.0401250468933,0.4678915413069,0.3946573890657,0.0544568169409,0.3168468967869,0.4300654687514,-0.0168900208263,-0.0086725374955,0.0798251585315,0.2955530166110,0.4374823444188,0.6973306248124,-0.3363231380187,-0.1778432697555,0.0116236576915,-0.0775798972734,-0.1245100994300,-0.3204372174138,-0.3310925819325,-0.3339902398234,0.0978490345748,0.0484266536711,-0.3204095201197,-0.1438045938846,-0.2264422630339,0.0081597648538,-0.3559970972008,0.1220442092366,0.1254901090165,0.1124350379061,0.0214415885989
0.0535652784915,0.2788352429539,0.3046040438756,0.3318567441712,0.4325572109679,-0.3652396256576,-0.3117529173782,0.0751596606134,-0.3249619269712,0.1855015033342,0.1995946472616,-0.0432667976184,0.2851442302645,-0.0467539056134,-0.3768810546887,-0.3029792814524,1.0000000000000,0.2812705311736,0.0665144941532,0.0848154298698,0.4718540244026,0.7645091531129,0.6375824413244,0.7266064345601,0.2858865880362,-0.0580760784918,0.1389488313627,0.2624828351911,0.4934649844987,0.0028835085578,0.2231660890695,-0.0963253722340,-0.1143859524146,-0.0236871685346,0.1472672750341,0.0465124762710,0.2616173996445,0.3322443373701,0.1738360870808,0.4776208994305,-0.3180143071845,-0.2358257574852,-0.1295121953220,-0.3752596862282,-0.0063731651974,0.1668046327723,-0.0425245452632,0.3706450465924,-0.1213216080135,-0.3753771545077,-0.3429882134694,0.9635894804515,0.2162358408105,-0.0869181981861,0.1766003584351,0.4799255344188,0.7882206474895,0.6250261875472,0.7112617074580,0.2559215889419,-0.1335419173086,0.1135975604365,0.2457341497877,0.3815812971376,0.2007598733367,0.1956740255897,-0.2051657326270,0.1122163880105,0.0269435442031,0.2191662996810
0.4801073083922,0.4079470145973,0.4409357414172,0.4974765643709,0.1173452299056,-0.2758696404720,-0.0072385966820,0.0131431057060,-0.0723055425117,0.1616855799755,0.3698658850355,0.2106715664813,0.3929086694317,-0.0561825892694,0.0880425213689,-0.1062739210962,0.2812705311736,1.0000000000000,0.3761519545733,0.6672063983386,0.3623823360790,0.2605766703062,0.3367956745436,0.4983142251502,0.1242393299175,0.0293915106902,0.3502021690852,0.3101943724705,0.2886284222947,0.4311352880705,0.3691250510727,-0.2252264299916,-0.2069089824995,0.3590105126521,0.5391722351164,0.2129969523352,0.4130089521729,0.4426464450784,0.4354491614528,0.1205142010020,-0.2016983460765,-0.1121505355339,-0.1181046185624,-0.2805022108007,0.0845278898926,0.2465592923008,0.1584856996393,0.2496982950908,-0.1903074408833,-0.1681090934187,-0.1737778108964,0.2778028086718,0.6069878785614,0.1021906236799,0.5453036646472,0.3592258329559,0.3377792887061,0.3747601928251,0.4148784396295,0.0887821921507,0.1465623608559,0.3289465802024,0.3450849020558,0.1604423187082,0.2972606320289,0.2136454010047,-0.3826307744445,-0.0122270965240,0.2493416994397,0.4928869403800
0.3730151995822,0.3363301736966,0.5510423420471,0.3001222365010,0.2245947967802,0.0753550893955,0.1616545988261,0.1325324134842,0.2020019041243,0.1568531792676,0.3887208775054,0.7340614524980,0.2112360588075,0.3568738790639,0.3765331214939,-0.0971165916176,0.0665144941532,0.3761519545733,1.0000000000000,0.4820240320981,0.2648621663413,0.1231848747795,0.0643916373553,0.2864831950357,0.1822759405456,0.3060332809506,0.6208511061577,0.5671954766516,0.2015816134914,0.3129329539204,0.2002255161425,-0.2827221119105,-0.0380134880106,0.1182117344224,0.3538343142860,-0.0071590972594,0.1055278501304,0.4867981987901,0.1647768762752,0.0228150443861,-0.0329572329353,-0.0722231458474,-0.0751725905252,-0.2287323628687,0.0608641432491,0.2380704936048,0.4953979105255,0.0414934272067,0.0539949269617,-0.1954812221096,-0.0259564850850,0.0638821424282,0.2504741875568,0.1425077980193,-0.0211993475253,0.1798475816236,0.1722556771040,0.0350613951724,0.2654085103587,0.0594296466375,0.1466037717513,0.1311347394973,0.4102339692588,0.0779520577487,-0.1048718365038,0.0491895562605,-0.5803665433529,-0.0277454839595,-0.0425974140977,0.2274759960334
0.4662997687036,0.3735968745552,0.3317632186564,0.4156828131726,0.0029562868447,-0.0428950567486,0.1272458346857,0.0435571159779,0.0362402362074,0.0542401550985,0.2564113194278,0.3465465827255,0.2008688322643,0.0935205903034,0.3370670396921,-0.1256090157394,0.0848154298698,0.6672063983386,0.4820240320981,1.0000000000000,0.2178489474716,0.0470344930306,0.1861231986847,0.1674087938728,0.1185728930827,0.3272628265511,0.5736692654313,0.2940480336708,0.2554818958312,0.4988236574337,0.3016697972290,-0.1701750495146,-0.1551545892444,0.2559109636757,0.6079806053999,0.0736116087445,0.3318786230622,0.2280815118939,0.3066198292073,-0.0413868278032,-0.1080800027622,0.0093294980196,-0.0494641054988,-0.1604628023226,-0.0264438847164,0.1035453452767,0.2146560057539,0.1323637319428,-0.2210035281274,-0.0574035866783,-0.0918996467865,0.0795449835636,0.2954568180171,0.1361520049734,0.4439950718608,0.1823834454267,0.0815843492232,0.1343273727762,0.0917572130848,0.0585374800426,0.3342856833071,0.3280880776295,0.2444773333098,0.0660618397892,0.1751968861490,0.1632048934110,-0.1888476149546,0.0576900100987,0.0340875370006,0.4438175603436
0.2014201325056,0.3005610027802,0.3738417243617,0.4103377077479,0.6954945956663,-0.2845669309969,-0.0472943633626,0.1555433401651,-0.0709778017394,0.3690500612596,0.5768948000634,0.2042423558110,0.6687647564525,-0.0536900063234,-0.0870003777713,-0.0837359981297,0.4718540244026,0.3623823360790,0.2648621663413,0.2178489474716,1.0000000000000,0.5728695636901,0.5641650669660,0.5538665856263,0.3567854053491,-0.1095625954623,0.0780620333153,0.2194977298918,0.5775695084838,0.2151647623930,0.3092237433193,-0.2531309375145,-0.0264673888880,0.1605197732054,0.3686082442312,0.2405196764274,0.2711428892028,0.3230617581401,0.3422486754432,0.6757813655604,-0.1248610077875,-0.0549289897841,0.0621778572174,-0.1907041106686,0.2524111912254,0.6380043953539,0.0882059021851,0.7657106647546,-0.0822901894053,-0.1351909663176,-0.0839822127317,0.4339263851080,0.3903297893410,0.1502570886980,0.3159212873572,0.9379727370568,0.5781664718598,0.4889081453886,0.5837192511106,0.3715631035803,0.0077827503771,0.1003716260890,0.1934523290861,0.4316152729303,0.3845565122644,0.3046786999457,-0.3629848520858,0.0555233821013,0.2468848048671,0.4388097060398
-0.0207832023672,0.3534765970969,0.3864494728271,0.3407751310167,0.5288526246550,-0.3663478392596,-0.3402192585181,0.1785207981437,-0.3426464628712,0.1269002722329,0.2417711778917,0.0393590705097,0.3436255800754,-0.1129145825560,-0.4018843817743,-0.2478669973405,0.7645091531129,0.2605766703062,0.1231848747795,0.0470344930306,0.5728695636901,1.0000000000000,0.6893606642682,0.8736797892935,0.2709042040707,-0.1644982116510,0.1333870910143,0.3442470385481,0.5971635432332,0.0922366794910,0.3436076051509,-0.0946233366713,-0.1125382108387,0.1915222060664,0.3012618071051,0.0617706002771,0.3171568392385,0.3703439211555,0.2678481877964,0.5339028746349,-0.2980498531823,-0.3503250182126,0.0441518273749,-0.3781123055905,0.0384813239156,0.2811383464086,-0.1657843694002,0.3939883165197,-0.1644453542133,-0.4039530788999,-0.3011343150612,0.7457455938911,0.3340307815328,-0.1479699181721,0.1407263285821,0.5429261554495,0.9000720647711,0.6978932335259,0.8338681732137,0.2852309072295,-0.1899865633183,0.1428584120130,0.3404468538902,0.5569133942089,0.3228536406340,0.4165841764354,-0.1737139099334,0.0996988919030,0.2316210395237,0.3361867543433
0.1907822192408,0.5712132117880,0.3143343231528,0.5650393904322,0.4052596084806,-0.4211185179624,-0.3688466733650,0.2696618043920,-0.4216651743331,0.2168922552413,0.1590207748716,0.1226583468652,0.2429297721676,-0.1816815181065,-0.3439078058379,-0.3086799733028,0.6375824413244,0.3367956745436,0.0643916373553,0.1861231986847,0.5641650669660,0.6893606642682,1.0000000000000,0.6640015594203,0.4512047523320,-0.1040170694692,0.1735912960571,0.2366505324214,0.6195850457846,0.1463489469097,0.5992567254281,-0.1327390898284,-0.1297227452884,0.2245655902094,0.3979583073680,0.1875568466790,0.6301002803549,0.3024191996193,0.4461007789603,0.4730640619702,-0.3725219329100,-0.3622984966569,0.2190115505967,-0.4297252381264,0.1161433319002,0.2051097340857,-0.0967025310815,0.3367411031817,-0.2251857583916,-0.3915270140312,-0.3870883453252,0.6057997975348,0.3649009947931,-0.1436926867251,0.2100785450047,0.5688585729260,0.6491123561607,0.9061496529262,0.6379812715970,0.5052402323626,-0.0048460873678,0.1666187839504,0.2597421441884,0.5592191432431,0.3694963380268,0.6191827870884,-0.1113124732110,0.1640954429479,0.1997926796674,0.3776163322104
0.1407042683028,0.4695802523638,0.6184777776413,0.4796663698779,0.4350372849208,-0.3997869759198,-0.2772125630586,0.1215147034741,-0.2477326100480,0.1579681632211,0.3813734065383,0.1497893192381,0.4120295762520,-0.1823230239297,-0.3307282898980,-0.2684528934507,0.7266064345601,0.4983142251502,0.2864831950357,0.1674087938728,0.5538665856263,0.8736797892935,0.6640015594203,1.0000000000000,0.2240288273571,-0.2005474317061,0.2285165349141,0.5072833388932,0.5433520508809,0.1408256940669,0.4300807970824,-0.2732590665124,-0.1646861828897,0.2507800831107,0.3775915161998,0.1213741433301,0.4209770204579,0.6616481935989,0.4085527757029,0.3939580579735,-0.3002350665259,-0.3297359239046,-0.0626972584705,-0.3886453251379,0.0692979856396,0.3741573028824,-0.0377736442768,0.3620739131816,-0.2402711826573,-0.3657306946916,-0.2969305278586,0.7162459964266,0.5808047700722,-0.0154960813826,0.2609492764853,0.5199766906561,0.8665254550718,0.7251257682630,0.9262808437848,0.1942097610803,-0.1335810401189,0.2787501676495,0.5314069703883,0.4662032504713,0.3212831587761,0.4349633837968,-0.3956994209550,0.0075609011485,0.3268964596689,0.4239633937621
0.2470866794866,0.1889053023775,0.3553363384672,0.4525170712672,0.3524869203056,-0.1903463991555,-0.1520889311950,0.6785195923645,-0.1859985891803,0.6505270433707,0.1040370502118,0.1523581390355,0.0917256522603,0.2810692600813,0.1547042776827,0.0854681784918,0.2858865880362,0.1242393299175,0.1822759405456,0.1185728930827,0.3567854053491,0.2709042040707,0.4512047523320,0.2240288273571,1.0000000000000,0.3362140294006,0.1970484543446,0.2138540969324,0.5887930577348,0.0377413640865,0.3605414762828,-0.0165596603009,0.0356328943893,-0.0491699518331,0.1136741779454,0.1537991679862,0.2160374399448,0.1367426934414,0.3469584883151,0.3706716780124,-0.2009492053929,-0.2166741123715,0.5009522263566,-0.2840420805192,0.6122815232323,0.0921554263370,-0.0378664074705,0.1462011888224,0.1398544988068,-0.0759543693387,-0.1013786037451,0.2472111990349,0.0215880686292,-0.1092560443686,0.0623839146681,0.3618923780715,0.2259684672568,0.3313871713051,0.1842205186087,0.8961395986542,0.2275905821366,-0.0635065529175,0.1402150473014,0.4274671747103,-0.0140441802138,0.2067807231057,-0.0034648349651,0.2652116886216,-0.0470617983523,0.0990735106829
0.1856238834767,0.0688215333111,0.0996132319456,0.2016877793535,-0.0003159269436,0.0954401964279,0.0486651420633,0.3584443410033,0.0355529969209,0.2612251026308,-0.0826162547123,0.2729791185392,-0.1826197982247,0.6527359100772,0.4488297441057,0.0973268027914,-0.0580760784918,0.0293915106902,0.3060332809506,0.3272628265511,-0.1095625954623,-0.1644982116510,-0.1040170694692,-0.2005474317061,0.3362140294006,1.0000000000000,0.4942366687640,0.2531167899379,0.1032540338565,0.0664605060585,0.0220187911009,0.1121070988246,-0.0936361232282,-0.0168874747579,0.1030293296338,-0.0376201516578,-0.0108639657069,-0.1260641717536,0.0828517689401,-0.0589582831975,-0.0865766246254,-0.0797672336509,0.1758887949001,-0.1055717097372,0.1327248603719,-0.1977276397987,0.1003527253723,-0.2090695517781,0.2332218104275,-0.0298696416973,0.0063370839395,-0.0875891102385,-0.2397743928966,-0.2743754082237,-0.0923508421877,-0.1451665258395,-0.2042286444084,-0.2151960502984,-0.2623976638746,0.1980922117188,0.6122888619314,0.0199044099408,0.0582133712112,0.0057514748524,-0.3098801078930,-0.1993770892795,0.1689283779994,0.1739101602492,-0.1893351000907,-0.0647688242057
0.3606080606701,0.5159046450126,0.5423594583530,0.4065923107459,0.0888017358200,0.0971170170414,0.0867594710334,0.2635165851155,0.0906556766589,0.0316569714841,0.1895117582195,0.5387619712663,0.0244124232564,0.3003184129749,0.2555020175132,-0.1554084919772,0.1389488313627,0.3502021690852,0.6208511061577,0.5736692654313,0.0780620333153,0.1333870910143,0.1735912960571,0.2285165349141,0.1970484543446,0.4942366687640,1.0000000000000,0.6641203988561,0.3161231839743,0.2416860021296,0.3971013293232,-0.0913363549855,-0.1512821522386,0.2165566854509,0.3949104458576,-0.0050911326010,0.2834291019201,0.3821840670986,0.2394772485128,-0.0688980068759,-0.0997746916883,-0.1290071575056,0.0244163684098,-0.2182359760688,-0.1258283019023,-0.0086160227028,0.1677604127133,-0.1005624827227,-0.1502179227975,-0.2755344921794,-0.1972437056224,0.1255458151404,0.1996943988234,-0.1771657377696,-0.1035739586035,0.0214622504266,0.1247652255186,0.1112148592489,0.1749872039586,0.0643104166169,0.2653190308881,0.3761449284147,0.5207269437114,0.1333616619265,-0.2577356740926,0.1355496010334,-0.2557002888703,-0.0155277032464,-0.0811217630061,0.0734420737035
0.2142423846050,0.4532522977760,0.7846910638044,0.3958657056868,0.2651705357725,-0.0359259094496,-0.1265960935352,0.4072903382785,-0.0462701379656,0.1601072784749,0.3119862767472,0.3254816641613,0.1061092316914,0.2140507482941,0.1002183740871,-0.1399075558899,0.2624828351911,0.3101943724705,0.5671954766516,0.2940480336708,0.2194977298918,0.3442470385481,0.2366505324214,0.5072833388932,0.2138540969324,0.2531167899379,0.6641203988561,1.0000000000000,0.3661337221347,0.1287671261976,0.2859460840006,-0.1161026437320,-0.0668057566817,0.1605319849136,0.2071004681771,-0.1168105721006,0.2605234876294,0.6563331955609,0.3013549994778,0.1087422520393,-0.1869331124158,-0.3059094619459,0.1332956880639,-0.3403411033490,0.0302332931843,0.1818681678011,-0.0201897937200,-0.0246929636540,-0.1088447954899,-0.2876345560907,-0.2116114355179,0.2741763056822,0.2629526441219,-0.0819876980804,-0.0722216169193,0.1383079369034,0.3230890237115,0.2149288560098,0.4596768850126,0.0954517442524,0.0832746409853,0.2484130811357,0.8770927709109,0.3155534035539,-0.1919686056128,0.1580788413762,-0.2637830656269,0.0244008136109,0.0775258619893,0.0895956872377
0.1028126691902,0.3870457406746,0.4486446147370,0.4365040232893,0.5869173133315,-0.3985981251728,-0.2892953726906,0.5354233522248,-0.2474336833577,0.2136584806462,0.3923828882208,0.2458070039148,0.2972910978249,-0.0203910490612,-0.0881034931705,-0.2281399857449,0.4934649844987,0.2886284222947,0.2015816134914,0.2554818958312,0.5775695084838,0.5971635432332,0.6195850457846,0.5433520508809,0.5887930577348,0.1032540338565,0.3161231839743,0.3661337221347,1.0000000000000,0.0921577364595,0.5535973004896,-0.1755454004088,-0.0564781499063,0.0910970482672,0.2829030707021,0.1424457187879,0.3373757816983,0.2759830940347,0.3489549988829,0.5413134397037,-0.3399972841345,-0.3604644266059,0.3872472489126,-0.3479940553455,0.1299137593774,0.4128903207539,-0.0744615762394,0.3066686174640,-0.0782290556927,-0.2467473223787,-0.3469391866236,0.4818199379471,0.2797036734767,-0.0189458656167,0.2319742600924,0.5585026465081,0.5580374083078,0.5474809644816,0.5318054827734,0.5669984392661,0.1198679811534,0.2869563884277,0.2840267178862,0.8126728537880,0.2240843830391,0.4849276309641,-0.0335055160169,0.2614604565967,0.0959267754455,0.2829928653031
0.3533580352426,0.3085946022735,0.0934935941305,0.3409911599244,0.1129732988554,0.1038076247647,0.2737522727170,-0.0692079784892,0.1924090850299,0.0522685648505,0.2341092846793,0.3194773126364,0.3104498290498,0.0713779842326,0.3449363464723,0.1827977032823,0.0028835085578,0.4311352880705,0.3129329539204,0.4988236574337,0.2151647623930,0.0922366794910,0.1463489469097,0.1408256940669,0.0377413640865,0.0664605060585,0.2416860021296,0.1287671261976,0.0921577364595,1.0000000000000,0.2300901392110,-0.0236043790167,0.0442384811991,0.5778590364296,0.5733403687972,0.3260622258838,0.2391214800025,0.1041742362591,0.3512859508307,0.1286305335448,0.0931058887292,0.0999812103651,0.0099159627829,0.0050067127457,0.1090038503704,0.1917967187006,0.1495181105557,0.2501477329224,-0.0887906715337,0.1055643395006,0.2171510967555,-0.0229300663106,0.3217567284244,0.0270323853220,0.2501388320141,0.1601335783963,0.0669081822995,0.1300100064460,0.1047849304993,0.1156089279620,0.1643414754810,0.1137028655545,0.1941049295765,0.1030497791453,0.5487356623291,0.2153613442818,-0.0948415088398,0.0805943952104,0.2847324180046,0.5302869006198
0.4520693190329,0.5745353497555,0.3910269805112,0.5567010611860,0.2155840930677,-0.2652604363097,-0.1558528911935,0.3793184871793,-0.1419446012520,0.0392118460287,0.1699290016701,0.3424643208137,0.0970141884839,-0.1465823055034,-0.0684265836655,-0.3211286387461,0.2231660890695,0.3691250510727,0.2002255161425,0.3016697972290,0.3092237433193,0.3436076051509,0.5992567254281,0.4300807970824,0.3605414762828,0.0220187911009,0.3971013293232,0.2859460840006,0.5535973004896,0.2300901392110,1.0000000000000,-0.1169477724474,-0.1779439424438,0.3605207097059,0.4592480578753,0.2673330741796,0.5413551698831,0.3099916650866,0.4865608957324,0.1892777641296,-0.3112521055734,-0.3138275790564,0.2742182595279,-0.3033237545915,-0.0473629252703,0.1829832915027,0.0541603348228,0.0792358156150,-0.2958605203412,-0.2685413956157,-0.3819706447091,0.1965956254358,0.4605890461464,-0.0934252874811,0.1370875915040,0.2848551877695,0.2925007511458,0.5421162776214,0.3751476711476,0.3379591490416,0.1393218417354,0.3104782333925,0.3074842393772,0.4418372263214,0.1975336474931,0.6513340953740,-0.0940468227658,0.0309850505017,0.2170286051411,0.3440871360753
-0.1636595940405,-0.1775456202537,-0.3330406182627,-0.0989823583276,-0.0354833265261,0.1967503952876,0.0801373399703,0.1632475982334,-0.0511279372525,-0.0234299302174,-0.3129065548116,-0.2386287567099,-0.2015880859518,0.3665769149388,0.0514510057702,0.2706194053876,-0.0963253722340,-0.2252264299916,-0.2827221119105,-0.1701750495146,-0.2531309375145,-0.0946233366713,-0.1327390898284,-0.2732590665124,-0.0165596603009,0.1121070988246,-0.0913363549855,-0.1161026437320,-0.1755454004088,-0.0236043790167,-0.1169477724474,1.0000000000000,0.1450984663782,0.0517376225271,-0.2503038530893,-0.0632854104512,-0.1607121483242,-0.3945741883024,-0.1074574895544,0.0518739474031,0.1416589306396,0.0466829635936,0.2271977545827,0.0178115115140,-0.0244187640836,-0.3162533739472,-0.0999013842088,-0.1501005848504,0.3069892798437,0.0346893431297,0.0917430374418,-0.1507981402421,-0.1949187296287,-0.1253741153619,-0.2944568381367,-0.2441487055069,-0.1828043737171,-0.1745435616166,-0.2622785245787,-0.0172654991103,-0.0434225170753,-0.2641737334604,-0.0872183534936,-0.1043481337021,-0.0918297184469,-0.0950246887780,0.4863865443752,0.0867950719856,0.0459223691468,-0.2672211806644
-0.1383831637222,-0.1384150596916,-0.1391763822559,-0.0615266746218,0.0522749293047,0.3082464589718,0.2504326684412,-0.0357234880766,0.1870623563786,0.0212475997997,0.0251335041776,-0.1059760799190,-0.1203362296825,0.1426770799343,0.2101921936898,0.2660081329866,-0.1143859524146,-0.2069089824995,-0.0380134880106,-0.1551545892444,-0.0264673888880,-0.1125382108387,-0.1297227452884,-0.1646861828897,0.0356328943893,-0.0936361232282,-0.1512821522386,-0.0668057566817,-0.0564781499063,0.0442384811991,-0.1779439424438,0.1450984663782,1.0000000000000,-0.1188780550111,-0.1253023565970,-0.0838657326314,-0.2194175380399,-0.1669303593939,-0.0628711480139,0.0144866021095,0.2787470255340,0.2471929096509,0.0667835648091,0.2553633977517,0.0635855464143,-0.0261966423597,0.1185778725563,-0.0224339239624,0.2460033322802,0.2090095048760,0.3580343940295,-0.0918298167334,-0.1304339862965,0.1922774089409,-0.0768693666135,-0.0701068270560,-0.1026366002652,-0.1681552798601,-0.1222282820758,0.0409198405099,-0.1421429027949,-0.1959990548248,-0.1315760668039,-0.0236284203709,0.0070187925001,-0.0900794710012,0.0662946350733,0.2824618793744,-0.1753380859429,0.0999349394546
0.2589016379823,0.3162035379821,0.1436310402652,0.3483316210068,0.0888954764360,0.1266812090493,0.1358967000154,-0.0538199807980,0.1310842222677,-0.0391455978679,0.1074382012869,0.1691921194163,0.1199790322587,-0.0309902960192,0.0881844527860,0.1396106103290,-0.0236871685346,0.3590105126521,0.1182117344224,0.2559109636757,0.1605197732054,0.1915222060664,0.2245655902094,0.2507800831107,-0.0491699518331,-0.0168874747579,0.2165566854509,0.1605319849136,0.0910970482672,0.5778590364296,0.3605207097059,0.0517376225271,-0.1188780550111,1.0000000000000,0.5997593529637,0.2936753205968,0.3156313199854,0.1363432279094,0.4721825662983,0.0673653972152,0.0835004574665,-0.0465574237146,0.0442168444906,-0.0009382031943,0.0523426588297,0.1128362054970,-0.0772868410048,0.0812790499990,-0.1584136272717,-0.0135633229707,0.0896018476791,-0.0534690269889,0.4569862008957,-0.1486844677513,0.1078699853284,0.1110086469359,0.0827898754886,0.2470534110045,0.1714724967826,0.0357967033009,0.1327379342649,0.0772874513981,0.2702876136346,0.0622331456730,0.3551355669441,0.3320027518660,-0.0479271487407,-0.0922572915593,0.6798455511991,0.4693943051559
0.3713693023281,0.5417855445180,0.3004490264730,0.5371461555691,0.1123940688954,0.0462519395263,0.1641343502432,-0.1082812314442,0.0823201342056,0.0514318680214,0.2391581230909,0.4076462234185,0.2813638070741,-0.0924342312793,0.0562364997230,0.0076927042089,0.1472672750341,0.5391722351164,0.3538343142860,0.6079806053999,0.3686082442312,0.3012618071051,0.3979583073680,0.3775915161998,0.1136741779454,0.1030293296338,0.3949104458576,0.2071004681771,0.2829030707021,0.5733403687972,0.4592480578753,-0.2503038530893,-0.1253023565970,0.5997593529637,1.0000000000000,0.1689866787513,0.4669150562852,0.2676636745731,0.5741299123999,0.0557750342514,0.0376793422368,0.0288935479906,-0.0955343535737,-0.0530567898811,0.0342732609126,0.1939983816467,0.1183800487119,0.2060125753770,-0.2753061144252,-0.1588528579176,-0.0297343016497,0.1213954618297,0.4261456930981,-0.0524970862046,0.2804546530876,0.3135345231137,0.2737473248393,0.3681883157377,0.3093073379309,0.1252283846767,0.2478415667933,0.2097180619983,0.2086719822743,0.1611078637589,0.3488374576551,0.4070049210950,-0.2919834771995,-0.0399919077665,0.3322851367445,0.7462097715251
