1.0000000000000,0.3999803923401,0.3307116413520,0.3917424466315,-0.0043546850673,-0.0142906867575,0.1105461524482,0.4545425171013,0.1311760258958,0.1021883684692,0.2708740188697,0.1816558538051,0.1178017569434,-0.0250092461850,0.5787280733661,0.1056229489987,0.0956415634588,0.5809547513078,0.1896854447972,0.4313175261725,0.3172628114875,0.0505627469229,0.2294394693238,0.1930658174985,0.3507364799139,0.1756254441009,0.4300775188066,0.2634726939282,0.2870732536800,0.3946106863134,0.5548615903556,0.1001699640162,-0.1676326104648,0.2210194276971,0.4391413778011,0.4417353549225,0.3896497420348,0.0113130082762,0.3041815081926,0.0173834134769,-0.0747366856133,0.0007888415702,0.1505624090412,-0.0891158598849,-0.0216397329795,0.1731396545300,-0.1274034554304,0.0897465427020,-0.3204842199589,-0.0951211065495,-0.1870761146525,0.0403635515509,0.3866938107945,-0.3141284231777,-0.0258907067072,0.3123401581715,-0.0803920067616,0.1635655321469,-0.0183022811909,0.1949198505425,0.0819841667620,-0.0018109806502,0.1324896318375,0.1369930691640,0.0047656734100,0.2138026728930,0.0186398482847,-0.0374382197903,0.0146275080889,0.1638021848058
0.3999803923401,1.0000000000000,0.3718926811919,0.6527722705272,0.2110929269397,-0.2143937914378,0.0187456656341,0.3654479559569,-0.0830919075489,0.1167008355567,0.3583748383667,0.4462848854268,0.1027911621361,0.1497581123813,0.1877890770532,0.0467657542203,0.2114272748936,0.5094204774317,0.2791294274442,0.4585411497741,0.2835444146719,0.3443998932550,0.5073833670466,0.5075911122138,0.3362103591870,0.3377015086278,0.5186616745378,0.4425374805891,0.3725556514781,0.4597167470373,0.5912478699235,0.1499873920800,-0.0967286861102,0.4431039443501,0.5417922544334,0.1744166989867,0.8107241569888,0.0517927480560,0.6182668585711,0.1844144311375,-0.3144871520031,-0.1439013652118,0.1097002974732,-0.2609131225618,-0.0012715268944,0.1859154274104,-0.0045643069377,0.1661797448059,-0.0698752488773,-0.3451560994016,-0.1216121572462,0.1482248411269,0.4752627036407,-0.2975766243896,-0.0591779462589,0.2746659562076,0.2081039405693,0.4032926219611,0.3307709212664,0.2049599395000,0.2332545717554,0.0115561427571,0.3007012612281,0.2483974693426,0.2429886872233,0.4008503686413,0.1080969925311,0.1010380224248,0.1847273533099,0.4413760913765
0.3307116413520,0.3718926811919,1.0000000000000,0.2234082235819,0.1811312592625,0.0432123782157,0.0584405629513,0.6410789021103,0.2214391941008,0.3034587618902,0.3840891501881,0.5204473648234,0.1932410580650,0.4082355103884,0.4787708790220,-0.0530011257893,0.2268248479600,0.2629141128988,0.5823250312293,0.4758342834430,0.1986943655539,0.2386406332823,0.2485617237560,0.5395300421343,0.5593539929211,0.4583448955044,0.7132077312157,0.8100041843694,0.5364705753576,0.3284370566053,0.5490801398669,0.0022667977835,-0.0996331307472,-0.0148079411320,0.1516808367725,-0.1301563270440,0.2498300903955,0.5164585608731,0.3214819639388,0.1068185739393,-0.0915823111178,-0.0858747576480,0.3425684597761,0.0331835558111,0.1320579037246,0.1463651417170,0.0378229243122,0.0586506041752,0.1257178261215,-0.0872059893269,-0.1132324554330,0.1487236324241,0.1012740138348,-0.0963650857375,-0.3685117525167,0.0851875617910,0.0733065403893,-0.0004566319185,0.2191878816527,0.3335738593010,0.3105837005504,0.2197631855170,0.6622142270593,0.2856325726377,-0.2694625274540,0.1261159121538,-0.0183889784404,-0.1246667703683,-0.1554842291940,-0.0605854897231
0.3917424466315,0.6527722705272,0.2234082235819,1.0000000000000,0.2147722228890,-0.2699133569941,0.0734322065382,0.3875842453944,-0.1536890113158,0.4434641571238,0.3147628637517,0.3145724381004,0.2994300142493,0.1515163615414,0.2010065032913,0.2227127332610,0.1954165922106,0.4981985486416,0.1442889416699,0.3841904582891,0.2928756565469,0.2758523511724,0.6338516519264,0.4088262366039,0.4488880608741,0.2787490620506,0.2200430230198,0.2652364072767,0.2534022279403,0.4518561658551,0.4621435156568,0.3357424213778,-0.1107724417399,0.3935700004666,0.4149892226809,0.3544629536487,0.6246846651310,0.0470646834835,0.7579264001847,0.2479369336361,-0.2962411787289,-0.1459940295267,0.1866908265728,-0.3156278988539,0.3888960730157,0.1925372015333,0.0260748466078,0.3371012612802,-0.0149155071250,-0.0725247197532,0.0188101016815,0.1316850297683,0.5561104973478,-0.2390857078099,0.1489402047751,0.3418682651647,0.1801106784521,0.6050231194788,0.2954589976695,0.3795163227014,0.2539784144842,-0.1794552062233,0.2418360418916,0.1671732142130,0.3494696457454,0.4119115595477,0.2069880555777,0.2188159708350,0.3090155960273,0.3662062719053
-0.0043546850673,0.2110929269397,0.1811312592625,0.2147722228890,1.0000000000000,-0.1018783932796,0.1439072555786,0.3696085103453,-0.1228425671375,0.3771746419376,0.5628704610891,0.0639590038487,0.2692976674284,0.1997618428544,-0.0244549939382,0.1710313339739,0.4322600823733,-0.0298514603908,-0.0698118944728,-0.0200534601119,0.5090751191062,0.5537685010498,0.3661319153963,0.4067205490099,0.4640280778158,0.2771812006594,0.1831500556659,0.2874444279152,0.5757734493517,0.2484299698847,0.3143636460720,0.1106879935203,0.0704745517845,0.2813495262104,0.1788677773597,0.2349110837341,0.1290645977099,-0.0999092008128,0.3011928291417,0.9323093510146,-0.1507030636819,0.0698788239769,0.3562913534097,-0.0797346617693,0.2279606995646,0.5980011162695,-0.2166188869745,0.4643304066441,0.1578375261017,-0.0142690844914,0.1203233236099,0.3515932194255,-0.0109921777641,-0.2502424105997,-0.2387243702437,0.4690751554256,0.5050046775911,0.2971394897827,0.3810617296957,0.4846555331412,0.0862767887459,0.0273373863385,0.1887267415660,0.5873037486135,0.2881763072738,0.2846372271702,0.1876749369240,0.2106932992876,0.2294046381876,0.1935591136353
-0.0142906867575,-0.2143937914378,0.0432123782157,-0.2699133569941,-0.1018783932796,1.0000000000000,0.5699918001765,-0.2791894389894,0.7040364532463,-0.0967573393802,0.1378806728640,-0.0991063071430,0.0946627299939,0.2739923401014,0.2087683914377,0.2405747528001,-0.1033417695040,-0.0064436705553,0.1279174759088,-0.0823868503690,-0.0659994213138,-0.1571441393553,-0.4015671850617,-0.1748436465578,-0.1492699014028,-0.1050933546390,0.0163736181060,-0.1815708173347,-0.0851503011423,-0.0191033734409,-0.2896855506069,-0.1403443941878,0.4312802420097,0.0199321221161,0.0420777587497,-0.1312049976606,-0.3982735416760,0.2212525162268,-0.1333187709751,-0.1274500274888,0.9255638030653,0.6184093603238,-0.3325996596385,0.7318232399680,-0.0208967132024,0.0226877962527,0.4187932063520,0.0256634221932,0.0620856969862,0.3006776880376,0.4237677094481,-0.0695867886868,-0.2489654153603,0.3193392549541,-0.2264266246120,-0.0560436315586,-0.1705155146127,-0.3933062135538,-0.1046505464108,-0.1773467519267,0.0305478276727,-0.0670263685673,-0.1187123835409,-0.3406037624817,-0.4174758609086,-0.4047089403457,-0.7635408291629,-0.3078676348634,0.0419899984820,0.1448038590037
0.1105461524482,0.0187456656341,0.0584405629513,0.0734322065382,0.1439072555786,0.5699918001765,1.0000000000000,-0.0736243176407,0.7064653165867,0.1032692300077,0.4685092698940,0.1594037502494,0.3938285681057,0.3821581439271,0.4078146867526,0.4894812990153,-0.0128891951764,0.0754501632798,0.2328513903937,0.0482422522245,0.1099910523832,-0.0584837198907,-0.1998348584068,-0.0679108884428,-0.0061443965936,0.1500274482172,0.1176981474910,0.0044924089069,0.0845287865689,0.2924560624711,-0.1682746199850,0.0227804328075,0.3468665366710,0.1606906604566,0.1226230515828,-0.0500388712354,-0.1586338633398,0.0521116264643,0.1955469960261,0.1437933053396,0.5332326481905,0.8162832107814,-0.2574067958906,0.6195736647989,0.0351735777090,0.4386111616161,0.3379351515597,0.4163567391169,0.1622022675090,0.3337593753980,0.4849203372745,-0.0387940943963,-0.1830279172491,0.0315325860898,-0.1736089858425,0.0823740262314,-0.0862791924201,-0.2702903006919,-0.1149703272793,-0.0706978455506,0.0905069109876,-0.0505069462645,0.0011460998332,-0.0910498175643,-0.0585469936839,-0.3508882535517,-0.3724234769249,0.0662757314147,0.0204849844203,0.2234842578413
0.4545425171013,0.3654479559569,0.6410789021103,0.3875842453944,0.3696085103453,-0.2791894389894,-0.0736243176407,1.0000000000000,-0.0551438220301,0.4985037722702,0.3888066403116,0.3040362749113,0.1540952599998,0.2657989913964,0.4296222010145,0.0554113089078,0.1503049956116,0.1382723768306,0.2016533878431,0.2389994186842,0.3334411828121,0.1623090034631,0.4378977269377,0.2545532836875,0.8449110801860,0.5432958503486,0.4938886734151,0.5869010915002,0.5994138677526,0.1942697321181,0.6738816820327,0.2206647717418,-0.2210964518168,-0.0253874878235,0.1034289351011,0.1438260319491,0.3325285038959,0.0708055059814,0.3671450524285,0.3269918724731,-0.3698645268319,-0.2107447527717,0.7068658212013,-0.2180143471023,0.3601016446598,0.2695868595755,-0.3008981221632,0.0590600893394,0.1101899264213,-0.0899093520198,-0.2161648659128,0.0290129016748,0.0229868843654,-0.4229872631442,-0.3328473715358,0.2845522786634,0.0078887495167,0.1936579798818,-0.0542770626178,0.6927151778954,0.3578668097873,0.0785590973238,0.4518402499141,0.5052765660066,-0.1444797843187,0.2633773968238,0.3548537578476,0.0581836119330,-0.2452312279282,-0.2038292027947
0.1311760258958,-0.0830919075489,0.2214391941008,-0.1536890113158,-0.1228425671375,0.7040364532463,0.7064653165867,-0.0551438220301,1.0000000000000,-0.0712034367177,0.3218604809072,0.1113539139868,0.1376169184565,0.4576086093745,0.5803170336065,0.1334158449898,-0.0874915937811,0.0013791927387,0.3947986008105,0.0785648178716,-0.0611934500528,-0.1795529355668,-0.3642487741646,-0.1124310294659,-0.0662339163735,0.2097201912512,0.2741602320109,0.1360874040910,0.0385381191830,0.1477367714233,-0.1652966002650,-0.0227461449571,0.2424326759018,0.0131033451834,-0.0290269621747,-0.2314552731101,-0.2869678657370,0.3071121396330,-0.0036280768310,-0.1782870968045,0.6446012151310,0.5956361918171,-0.2837139628762,0.8072995764163,-0.0820450224689,0.1858611527991,0.3405340382692,0.0194682698705,0.1049934711274,0.2810411192509,0.1940339948064,-0.0867002647147,-0.3495387058168,0.0460196738757,-0.3759685801685,-0.0922174633116,-0.2424920187896,-0.4851444128360,-0.2256038210189,-0.1780845842708,0.0993764287992,-0.0156474499413,0.1239621693267,-0.2644830787731,-0.5159210784854,-0.5201994720736,-0.5688304756096,-0.2575652658343,-0.1522125756278,-0.1139128853195
0.1021883684692,0.1167008355567,0.3034587618902,0.4434641571238,0.3771746419376,-0.0967573393802,0.1032692300077,0.4985037722702,-0.0712034367177,1.0000000000000,0.2293626580684,0.1495921927802,0.4677243140601,0.4014464822066,0.1480596134162,0.2543871668980,0.1237354392465,0.0384892539509,0.0711893970645,-0.0233583704052,0.3287710088500,0.1406018879136,0.4236608632023,0.1594879368015,0.6847973666514,0.4070368875227,0.0898117346620,0.2154690400995,0.2235304740260,0.2583557008290,0.2088358061072,0.1714768185175,-0.1430217519511,0.0659711801542,-0.0082823892194,0.1886714093315,0.1326051113641,0.0289525820711,0.3807249328443,0.4142059234974,-0.1084179452761,-0.0152711614144,0.3319696635461,-0.1309070550113,0.8250221767662,0.1551541131466,-0.1045858173156,0.4575580636148,0.2914658273096,0.0512083265792,0.1540238465228,0.0645790559115,0.0388182891163,-0.1417377836969,-0.1016246364734,0.3267378420602,0.0666559275911,0.2828978873761,0.0477293599827,0.6268540005715,0.3433523088434,-0.1508488640497,0.2406939800849,0.1361409533067,0.0851834334123,0.1316161046012,0.1430424934259,0.0651704591729,0.0419132323748,-0.0773406819272
0.2708740188697,0.3583748383667,0.3840891501881,0.3147628637517,0.5628704610891,0.1378806728640,0.4685092698940,0.3888066403116,0.3218604809072,0.2293626580684,1.0000000000000,0.3667384605183,0.5138539037044,0.3702007753155,0.3928918398853,0.1519609522788,0.2884680731083,0.2618503290807,0.2891727091620,0.3679071924912,0.6020070222573,0.3564704040233,0.1898459519507,0.3676788933109,0.3570941795833,0.3574273940047,0.4310147540180,0.3975774224509,0.5674932817259,0.4380096173207,0.3784321082097,0.1889008204294,0.0703710839069,0.2960452780586,0.3405758110336,-0.0054040545923,0.1757616003353,0.0894775236201,0.3333299639541,0.5713612043093,0.0019834599980,0.1750671003618,0.1283498178826,0.1053593243163,0.0471870062786,0.7913131988463,-0.0441962266932,0.5540699446962,0.0710748055785,-0.0897427060024,0.0318858219786,0.1960943386610,0.0641035328165,-0.2446393815443,-0.3519722589197,0.5391448805276,0.2124325532097,0.0490451249890,0.2259311073377,0.2239207984715,0.1495056973092,-0.0589172609727,0.2749485777216,0.4224346631412,-0.0127610046657,0.0322661712113,-0.0637040915490,-0.0122764620758,0.1041526339930,0.1899929038748
0.1816558538051,0.4462848854268,0.5204473648234,0.3145724381004,0.0639590038487,-0.0991063071430,0.1594037502494,0.3040362749113,0.1113539139868,0.1495921927802,0.3667384605183,1.0000000000000,0.3411005906031,0.4843550764109,0.3586050652533,-0.0093086136729,0.0634725751314,0.1345634212646,0.7460498504720,0.5282357501495,0.1355407806381,0.1529326638620,0.2053584302958,0.3502806854467,0.2363363572613,0.4386386509741,0.5658018626433,0.4636260790442,0.2580998481518,0.4411300089277,0.3580351722030,0.0449702276781,-0.0561236031445,0.0084035778386,0.1905261342700,-0.2009314864101,0.2541999628415,0.2367010426231,0.3148657256144,-0.0104815449761,-0.2326449208450,-0.0740799059619,0.0491124771194,-0.0233388426494,0.0522258184816,0.1406712710161,0.3912523234663,0.1631273504946,0.2790906625250,-0.0851562112967,-0.0159883227055,0.0327798172817,0.1513307521959,0.1055755110754,-0.2428284245301,0.0253989425441,0.0146375201873,0.0215641046592,0.1524140356453,0.0693086519498,0.4092449982532,0.1198040362658,0.3286000209612,0.1364836447911,-0.0225810935459,0.1333430198298,0.0044890765906,0.0602403958556,-0.1332379313400,0.0748187567573
0.1178017569434,0.1027911621361,0.1932410580650,0.2994300142493,0.2692976674284,0.0946627299939,0.3938285681057,0.1540952599998,0.1376169184565,0.4677243140601,0.5138539037044,0.3411005906031,1.0000000000000,0.2526660435759,0.1711401907388,0.1751604775763,0.1647863454194,0.1470663077273,0.2294225768288,0.2703734442399,0.4602490873725,0.2207393571854,0.2668995107997,0.2414975202391,0.2855548591690,0.2078754465352,0.1515207195247,0.0448590767428,0.3005229470856,0.4128346229344,0.1544348917812,0.0566502161120,-0.0923064426959,-0.0304103507413,0.0970577343912,0.0047363332155,0.0318458895804,0.0230846727932,0.1620063353666,0.3507558999884,0.0229019948963,0.2160273834991,-0.0332793370985,0.0246330617874,0.2893231017671,0.3548267931038,0.0599972411303,0.7859569523803,0.0393024793108,0.0039459384350,0.2333366797313,0.1415655177192,0.0822632774340,-0.0235933386453,-0.0264887904035,0.3734418994475,0.1517401337495,0.1370183840771,0.1750055501734,0.2138849940850,0.1147871861102,-0.1330548753814,-0.0318910173223,0.1820193138786,0.1938779913507,0.0781162709624,-0.0616945613217,-0.0551237123067,-0.0074130516776,0.0548017841348
-0.0250092461850,0.1497581123813,0.4082355103884,0.1515163615414,0.1997618428544,0.2739923401014,0.3821581439271,0.2657989913964,0.4576086093745,0.4014464822066,0.3702007753155,0.4843550764109,0.2526660435759,1.0000000000000,0.4205951927060,0.2158252149484,0.0714448909693,-0.0717857264661,0.5769378706638,0.0747418380136,0.0740524673461,0.1164895052259,-0.0072050255680,0.1827063149311,0.2945731128924,0.6389245072657,0.3706676779645,0.4212431924272,0.1759765704570,0.2409732549589,-0.0051471669158,0.2971479448464,0.1018425031185,0.1154427960506,-0.0553613952382,-0.2197133005621,-0.0657767525323,0.2357390071207,0.2541008521156,0.0868981561643,0.1914761554394,0.2196111887761,0.0506109509069,0.3520409751790,0.3002102198366,0.1929478206643,0.3459568667547,0.1027201176500,0.7291526149657,0.1484697519407,0.2008707258173,0.0548049387565,-0.2279630760327,0.0163026336066,-0.4664797477827,0.0243050606331,0.0000695151941,-0.1511349040292,0.0313408814937,0.1694725142431,0.4586527163454,-0.0271057527772,0.3396511271274,0.0103990991593,-0.3050502648362,-0.2543584476875,-0.1487875111694,0.0113964252570,-0.0679097435496,-0.0848887711643
0.5787280733661,0.1877890770532,0.4787708790220,0.2010065032913,-0.0244549939382,0.2087683914377,0.4078146867526,0.4296222010145,0.5803170336065,0.1480596134162,0.3928918398853,0.3586050652533,0.1711401907388,0.4205951927060,1.0000000000000,0.1236121082668,-0.1311544442665,0.2682251973100,0.5501228996455,0.4204982115218,0.0781149792362,-0.1650322683342,-0.0918060678947,0.0367643304101,0.2753242403107,0.4787587815078,0.4959978115471,0.4920656384795,0.1573276374918,0.4427660310361,0.2320210612997,0.1732963992667,0.0268271302642,0.0961311890141,0.1252012490395,0.0352396662718,0.1007227293623,0.3247832237731,0.2996787565954,-0.0831512464889,0.1014510371348,0.2353776855608,0.1241373556335,0.3098898994883,0.0924520445542,0.2373171409217,0.0635958908257,0.0634520550793,0.1234547338726,0.2985535609769,-0.0024329085465,-0.2015860701778,0.0607137341876,-0.1240323460053,-0.3067188385001,0.0556497530185,-0.3065537347997,-0.2542360153530,-0.2185937070681,0.0962100436961,0.3067067529415,0.1206259035441,0.4221429990612,-0.0321945493041,-0.3041477778138,-0.2237322808728,-0.0908011505176,-0.0265388577970,-0.1167819708574,-0.1103718734983
0.1056229489987,0.0467657542203,-0.0530011257893,0.2227127332610,0.1710313339739,0.2405747528001,0.4894812990153,0.0554113089078,0.1334158449898,0.2543871668980,0.1519609522788,-0.0093086136729,0.1751604775763,0.2158252149484,0.1236121082668,1.0000000000000,0.0069031068759,0.1993921238812,-0.0235604510908,-0.0440532167207,0.1858179663893,0.0086990215759,0.0039596208995,-0.0514051181482,0.1331983724736,0.1107522112386,-0.1041181031109,-0.0716763193051,0.0440567784421,0.1307223101974,-0.1660426446155,0.1653576937777,0.1267155244439,0.2905172600086,0.2723234699925,0.1068444902585,-0.0231969647185,-0.1431568310799,0.3035007232033,0.1812415031238,0.2959605139238,0.4687431107021,-0.0166246275405,0.1151904282983,0.2307273234610,0.2291084751286,0.1349331906955,0.2735604998209,0.2089192531238,0.2181028920667,0.5079571696426,-0.0016928062176,0.0381466199919,0.0128682977604,0.1458204305552,0.2176126742518,0.0036891595760,0.0584335689186,-0.0358450525251,0.1190380230926,0.1019594333948,-0.1405831261258,-0.0702036721659,0.0426693989750,0.1541949600360,-0.1860864103021,0.0160610829750,0.2803338080739,0.2404064449009,0.3290570614072
0.0956415634588,0.2114272748936,0.2268248479600,0.1954165922106,0.4322600823733,-0.1033417695040,-0.0128891951764,0.1503049956116,-0.0874915937811,0.1237354392465,0.2884680731083,0.0634725751314,0.1647863454194,0.0714448909693,-0.1311544442665,0.0069031068759,1.0000000000000,0.1586010094755,-0.0310498939716,0.1443881192016,0.3459275807427,0.8533417148103,0.5559052113429,0.7110101404164,0.3185055698908,0.1828016253539,0.2526144882976,0.2290582790382,0.6208857388629,0.2291746259978,0.3241958094895,0.0146140028592,-0.2373510364667,0.2131125094183,0.3679993373894,0.1061810355255,0.1386997893640,-0.0299013089132,0.1019006012112,0.4441826906903,-0.1490352165162,-0.0908754308252,0.0343243127518,-0.1146072954254,-0.1149262963258,0.2857953142645,-0.2388657983817,0.1937472702065,-0.0836983605586,-0.2823920779687,-0.2110000302299,0.9617012243441,0.0927754250827,-0.3012286432453,-0.0754787665202,0.3000698768698,0.8567954941902,0.5554746058856,0.7377258201855,0.2942201403281,-0.0046850436148,-0.0149536338224,0.0077084754065,0.5752749991496,0.2241510956048,0.3694105683670,0.0559151383295,-0.0531122326201,0.2446944547216,0.1982925518909
0.5809547513078,0.5094204774317,0.2629141128988,0.4981985486416,-0.0298514603908,-0.0064436705553,0.0754501632798,0.1382723768306,0.0013791927387,0.0384892539509,0.2618503290807,0.1345634212646,0.1470663077273,-0.0717857264661,0.2682251973100,0.1993921238812,0.1586010094755,1.0000000000000,0.1651859071964,0.6646361424237,0.3453764593810,0.2074773595270,0.2292472282568,0.4049122420514,0.0956298781294,0.0044812878404,0.3562604293567,0.2409885616049,0.1866978746446,0.4937694545837,0.4111537173101,0.1019961514502,-0.1143934929080,0.5132872152857,0.6869723632124,0.2763231386980,0.4386108463509,0.0929324559072,0.3609772062833,0.0345089139535,-0.0547609535211,-0.0933698000779,-0.1038946373410,-0.2553322671379,-0.0881775789844,0.1055224786525,-0.0636776847088,0.2132845816884,-0.3775513344267,-0.3101680557981,-0.0929198244509,0.1388910494567,0.7222191364032,-0.1227612922773,0.2937027687557,0.3650305689592,0.1147251923488,0.2640359710412,0.3032145622447,-0.0327894313319,-0.0759419769236,-0.0826106748112,0.1176905917478,0.0208155932684,0.2155247297826,0.2220419585437,-0.0483456467396,-0.0519322730348,0.3837392608660,0.4812461846180
0.1896854447972,0.2791294274442,0.5823250312293,0.1442889416699,-0.0698118944728,0.1279174759088,0.2328513903937,0.2016533878431,0.3947986008105,0.0711893970645,0.2891727091620,0.7460498504720,0.2294225768288,0.5769378706638,0.5501228996455,-0.0235604510908,-0.0310498939716,0.1651859071964,1.0000000000000,0.4930713540337,0.0041253614966,0.0205760418362,-0.0163963095506,0.2704625274833,0.1196552918920,0.4453452465894,0.5948303533195,0.5066576573789,0.1375983964512,0.3577949072979,0.1661807425324,-0.0090083298000,0.0129391466976,-0.0479886583311,0.0478279459734,-0.2699904805317,0.0945892887849,0.4149198278433,0.1972639108720,-0.1381931447358,0.0109184716411,0.0197322467534,-0.0910982647941,0.1881426922737,-0.0332374972272,0.0682064627694,0.4959588433708,0.0430997612318,0.2644579940492,0.0458533616660,0.0240481941656,-0.0429012875653,0.0164923021616,0.2007115239331,-0.2356675112278,-0.0843554852988,-0.1053858593775,-0.1905829244864,0.0458793403006,-0.0844385805796,0.3008367088952,0.1267620185484,0.3577468652544,-0.0638478389480,-0.2551569656911,-0.1126275357943,-0.2110341467575,-0.0548573443670,-0.1677692333963,-0.0561236566094
0.4313175261725,0.4585411497741,0.4758342834430,0.3841904582891,-0.0200534601119,-0.0823868503690,0.0482422522245,0.2389994186842,0.0785648178716,-0.0233583704052,0.3679071924912,0.5282357501495,0.2703734442399,0.0747418380136,0.4204982115218,-0.0440532167207,0.1443881192016,0.6646361424237,0.4930713540337,1.0000000000000,0.2708424600418,0.2099802320375,0.2455851612805,0.4460385436735,0.1468144603838,0.2120151524363,0.6233802001458,0.4280909419003,0.3263132101561,0.5808702824421,0.5162352892238,0.0700713265333,-0.1416333002523,0.1704014962936,0.5374468308482,-0.0510483412348,0.3452015407569,0.2307152186103,0.2798191475985,-0.0220277734996,-0.1946156137327,-0.1857229722536,-0.0427400217521,-0.2015082376309,-0.1336240403695,0.1158786060217,0.0111767422851,0.1839315803350,-0.2546168093586,-0.1893109112059,-0.2189167500572,0.0974408751524,0.5781491000083,-0.0246318609800,0.0853486188416,0.1911464949741,0.0913341261302,0.1652196247083,0.2965938455270,-0.0233415354237,0.0790182815014,0.1321735142037,0.2584095092221,0.1333253566417,0.1182722843003,0.2473844969124,-0.0590087583371,-0.0906454829095,0.1028693649934,0.2757998704260
0.3172628114875,0.2835444146719,0.1986943655539,0.2928756565469,0.5090751191062,-0.0659994213138,0.1099910523832,0.3334411828121,-0.0611934500528,0.3287710088500,0.6020070222573,0.1355407806381,0.4602490873725,0.0740524673461,0.0781149792362,0.1858179663893,0.3459275807427,0.3453764593810,0.0041253614966,0.2708424600418,1.0000000000000,0.4390037581978,0.3473815860336,0.4217769097506,0.3553141524906,0.1664901080408,0.2373192008379,0.1568861321780,0.4730782646948,0.2741995783729,0.3986131723109,0.1881151033901,-0.2477631356718,0.3261406116559,0.4513849885557,0.1924370973220,0.2475466080500,-0.1310295764168,0.2138297871088,0.5590654159440,-0.1478027799473,-0.1376733205925,0.1949376218601,-0.2476283039248,0.0730868406649,0.4662750393918,-0.2986045942516,0.5890071850332,-0.1571713029694,-0.2913948295426,-0.1884824427472,0.2882849854442,0.2632522581664,-0.3147153726680,-0.1438094019182,0.9077876100974,0.3357205375506,0.3353243602376,0.3734837499740,0.2759246054685,0.0423684978441,-0.1510435565132,0.0378706209533,0.4450471546292,0.1505728538386,0.2704046158708,0.0974181456620,-0.0323507832542,0.2574280650934,0.1843698171668
0.0505627469229,0.3443998932550,0.2386406332823,0.2758523511724,0.5537685010498,-0.1571441393553,-0.0584837198907,0.1623090034631,-0.1795529355668,0.1406018879136,0.3564704040233,0.1529326638620,0.2207393571854,0.1164895052259,-0.1650322683342,0.0086990215759,0.8533417148103,0.2074773595270,0.0205760418362,0.2099802320375,0.4390037581978,1.0000000000000,0.6232964891312,0.8572397645438,0.3014799629929,0.1881920519509,0.2619170438721,0.2637210849636,0.6315283823170,0.3484731440579,0.4316453843266,0.1305543150735,-0.1342754785584,0.3391303796596,0.4323406531687,0.0997202268026,0.2402538069579,-0.0621781181142,0.1861424538467,0.5365038145093,-0.2170794010761,-0.1539138365722,0.0869152122791,-0.2038180080805,-0.0707921613489,0.2884995805205,-0.2367252142318,0.2964818702490,-0.0326045373093,-0.3105992470369,-0.1163269693469,0.8211213445017,0.2105026258740,-0.2907936266560,-0.1314937235573,0.3719684733709,0.9286637765961,0.6085598069815,0.8493267367035,0.3077488170542,-0.0277648134280,-0.0733081945955,0.0392299383859,0.6209554262967,0.3650854955450,0.5133765846521,0.1193633946706,0.0688522759200,0.3423676054873,0.3194824930884
0.2294394693238,0.5073833670466,0.2485617237560,0.6338516519264,0.3661319153963,-0.4015671850617,-0.1998348584068,0.4378977269377,-0.3642487741646,0.4236608632023,0.1898459519507,0.2053584302958,0.2668995107997,-0.0072050255680,-0.0918060678947,0.0039596208995,0.5559052113429,0.2292472282568,-0.0163963095506,0.2455851612805,0.3473815860336,0.6232964891312,1.0000000000000,0.6143715397742,0.5716956478664,0.2773861504976,0.2399360053674,0.2584803182024,0.5178555580048,0.3842104088540,0.6025256409905,0.1849866280465,-0.3647000821893,0.1831290220712,0.3548354157452,0.3164442467049,0.5357154271256,-0.0994510020637,0.4710943458158,0.4231670512419,-0.4460458921798,-0.3128475551229,0.3084844368982,-0.4355354244051,0.2947851721617,0.1653060766919,-0.2847675435991,0.2612046562279,-0.1037697870130,-0.2158756038311,-0.2030849305091,0.4962016951783,0.3319273791264,-0.3484207829967,0.0679411747210,0.3390237037278,0.5660874885655,0.8831772231981,0.5398896451659,0.5883667775256,0.1854941979796,-0.0711419348707,0.1420886128962,0.5178386793286,0.4643166780769,0.6555592275347,0.3236496204538,0.1066019251118,0.1996178577152,0.2304283030257
0.1930658174985,0.5075911122138,0.5395300421343,0.4088262366039,0.4067205490099,-0.1748436465578,-0.0679108884428,0.2545532836875,-0.1124310294659,0.1594879368015,0.3676788933109,0.3502806854467,0.2414975202391,0.1827063149311,0.0367643304101,-0.0514051181482,0.7110101404164,0.4049122420514,0.2704625274833,0.4460385436735,0.4217769097506,0.8572397645438,0.6143715397742,1.0000000000000,0.3410829448975,0.2324896954403,0.4412441702497,0.5132295517588,0.6132785873254,0.4811428332310,0.5620521710349,0.0794434345212,-0.1643752945417,0.3602011219425,0.4587773444347,0.0412548770837,0.4012376730706,0.2153882203542,0.3530310790073,0.3807985529307,-0.2750330368905,-0.2191993751923,0.1147088447569,-0.2305436865275,-0.0353814023011,0.2026567545028,-0.1398214626416,0.2819972161677,-0.0505168543844,-0.3326821243266,-0.1280623792313,0.6715358165722,0.3821313860841,-0.2355776140462,-0.1382318592149,0.3347748464294,0.7346142844640,0.5469988405452,0.8488924330446,0.2728654365826,0.0292929261290,-0.0007550425982,0.3177337105822,0.5149057471867,0.2703013803401,0.5193055306490,0.0994408641222,0.0378116235038,0.3121918054148,0.3230273471541
0.3507364799139,0.3362103591870,0.5593539929211,0.4488880608741,0.4640280778158,-0.1492699014028,-0.0061443965936,0.8449110801860,-0.0662339163735,0.6847973666514,0.3570941795833,0.2363363572613,0.2855548591690,0.2945731128924,0.2753242403107,0.1331983724736,0.3185055698908,0.0956298781294,0.1196552918920,0.1468144603838,0.3553141524906,0.3014799629929,0.5716956478664,0.3410829448975,1.0000000000000,0.5141248972402,0.3774490238204,0.4162536544717,0.6538776876736,0.2257877792203,0.6138794144981,0.0623180853825,-0.2151470401522,0.0218623691387,0.1562246060165,0.2369768626764,0.3076643563702,0.1083088922397,0.4329615101946,0.4493804094582,-0.2369891874566,-0.1268191170773,0.6606582689716,-0.1643963122600,0.5664014114734,0.2495048221678,-0.2504397226058,0.1986246671845,0.1387620400304,-0.0535161400494,-0.0669945915769,0.2122724465830,0.0490084885214,-0.3990913560104,-0.3040267614861,0.3438617049258,0.1716232319951,0.3617388845589,0.1215529562912,0.8953207681881,0.3529477679313,0.0438915653500,0.3271412412879,0.5267546153006,-0.0517600782151,0.3944549544792,0.1760733069569,-0.0199625997545,-0.0821056907046,-0.0514039725722
0.1756254441009,0.3377015086278,0.4583448955044,0.2787490620506,0.2771812006594,-0.1050933546390,0.1500274482172,0.5432958503486,0.2097201912512,0.4070368875227,0.3574273940047,0.4386386509741,0.2078754465352,0.6389245072657,0.4787587815078,0.1107522112386,0.1828016253539,0.0044812878404,0.4453452465894,0.2120151524363,0.1664901080408,0.1881920519509,0.2773861504976,0.2324896954403,0.5141248972402,1.0000000000000,0.5474658181412,0.6099561288009,0.3476254763115,0.2426836615164,0.2510965438928,0.2540406338442,-0.2779330724321,0.0871459870293,0.1015860040911,-0.0035732840766,0.2778360448734,0.1479185955479,0.4737764279324,0.1828470933574,-0.2130701487362,-0.0085453877254,0.3223060121453,0.0791885727127,0.2635306861723,0.2982233683910,-0.0911134231773,0.0156765898610,0.4658571968711,0.1151857504621,-0.1728877465091,0.1078734537967,-0.0701589224523,-0.3426134965628,-0.4004967156029,0.1045947186967,0.0740737904634,0.0879166112361,0.0170209250476,0.3954086098080,0.6919027192110,0.2690787600826,0.4824551668557,0.3075423394099,-0.1619962989853,-0.0438325341139,0.2040059904640,0.0463510713299,-0.0753991653874,-0.1375239854866
0.4300775188066,0.5186616745378,0.7132077312157,0.2200430230198,0.1831500556659,0.0163736181060,0.1176981474910,0.4938886734151,0.2741602320109,0.0898117346620,0.4310147540180,0.5658018626433,0.1515207195247,0.3706676779645,0.4959978115471,-0.1041181031109,0.2526144882976,0.3562604293567,0.5948303533195,0.6233802001458,0.2373192008379,0.2619170438721,0.2399360053674,0.4412441702497,0.3774490238204,0.5474658181412,1.0000000000000,0.7231346444396,0.5110545663400,0.3872373963024,0.5935984954149,0.0455594886473,-0.2060045359509,0.0944172951410,0.3233430642535,-0.0375140232374,0.3437152809238,0.2796732678768,0.3099156247119,0.0977431340264,-0.1247230385418,-0.0859976623557,0.1224486779595,0.0334162760164,-0.1212738019178,0.2121142849261,0.0145689770230,0.0061452077249,0.0023448496890,-0.1815176310610,-0.2998178634918,0.1854396244308,0.1530252868250,-0.2185453480479,-0.3404960916602,0.1436889838236,0.0892886241326,0.0453162748077,0.1651675106336,0.1642657072263,0.2998881066980,0.4198854887123,0.4756408631420,0.2684235288934,-0.2031755882357,0.1290783398448,-0.0760381349919,-0.1533011549701,-0.1306153964593,-0.0106565568327
0.2634726939282,0.4425374805891,0.8100041843694,0.2652364072767,0.2874444279152,-0.1815708173347,0.0044924089069,0.5869010915002,0.1360874040910,0.2154690400995,0.3975774224509,0.4636260790442,0.0448590767428,0.4212431924272,0.4920656384795,-0.0716763193051,0.2290582790382,0.2409885616049,0.5066576573789,0.4280909419003,0.1568861321780,0.2637210849636,0.2584803182024,0.5132295517588,0.4162536544717,0.6099561288009,0.7231346444396,1.0000000000000,0.4546659421360,0.3836568906704,0.4632135375352,0.1919814731003,-0.1643763566723,0.1615124563253,0.1503539414127,-0.0945367398757,0.3514854970300,0.3667703178612,0.4364177547326,0.1914202866291,-0.3065668256066,-0.1718420014409,0.3157279443439,-0.0822511860723,0.0398748911583,0.2449283347736,-0.1211023496947,-0.0023273279726,0.2167574575941,-0.0925135902035,-0.2347550396883,0.1540022417759,0.1181225203328,-0.2433347430333,-0.3277379962379,0.0638564580121,0.1244998808400,0.0602461944040,0.2108265608739,0.2404828565942,0.3552709351662,0.3143463723758,0.8489186516847,0.3631476117519,-0.1247612708571,0.0742785928262,0.2651184742215,0.0527453154756,-0.0201530360261,-0.0767273019964
0.2870732536800,0.3725556514781,0.5364705753576,0.2534022279403,0.5757734493517,-0.0851503011423,0.0845287865689,0.5994138677526,0.0385381191830,0.2235304740260,0.5674932817259,0.2580998481518,0.3005229470856,0.1759765704570,0.1573276374918,0.0440567784421,0.6208857388629,0.1866978746446,0.1375983964512,0.3263132101561,0.4730782646948,0.6315283823170,0.5178555580048,0.6132785873254,0.6538776876736,0.3476254763115,0.5110545663400,0.4546659421360,1.0000000000000,0.3000334153810,0.6706512514485,0.0578131978309,-0.1918686769767,0.0530987580943,0.3031087896479,0.0596660705999,0.2516441405787,0.0144169872468,0.2271084856761,0.5564130873335,-0.1984669746302,-0.0424897022499,0.4170521679183,-0.0711746941197,-0.0150113872096,0.4594207829898,-0.2882648040099,0.2583653920620,-0.0631165628335,-0.2424359342124,-0.1527433540017,0.5282776293120,0.0403097599932,-0.4031870534279,-0.2847533216533,0.3709569731081,0.5207036499765,0.3572416484722,0.4351923503273,0.5517204826989,0.0638386036402,0.0748032868330,0.2157003222794,0.8167455716494,0.0731570997561,0.4436350707097,0.1059468476162,-0.0645729337227,-0.0271993432412,0.0852628942572
0.3946106863134,0.4597167470373,0.3284370566053,0.4518561658551,0.2484299698847,-0.0191033734409,0.2924560624711,0.1942697321181,0.1477367714233,0.2583557008290,0.4380096173207,0.4411300089277,0.4128346229344,0.2409732549589,0.4427660310361,0.1307223101974,0.2291746259978,0.4937694545837,0.3577949072979,0.5808702824421,0.2741995783729,0.3484731440579,0.3842104088540,0.4811428332310,0.2257877792203,0.2426836615164,0.3872373963024,0.3836568906704,0.3000334153810,1.0000000000000,0.4119469347322,0.2583645498496,0.0425446953885,0.4568276172310,0.4438285013430,0.1825679239810,0.3118934096618,0.0960592497151,0.3626559698861,0.2543554724364,-0.1020837798616,0.0855056025745,-0.0314662705044,-0.0820906176321,0.1336173347673,0.2559707505745,-0.0128666650351,0.4738231978072,-0.0425787902999,-0.0260594472831,0.1287992967382,0.1715486836342,0.4111658960423,-0.1476781758202,-0.0419472957711,0.2148637431279,0.2334922661983,0.2608911699805,0.3264216452415,0.1721540333569,0.0719118486721,-0.0733595168065,0.3126102553557,0.1810073621969,0.4776388436193,0.2163989180675,0.0859675456200,0.1257754698927,0.2675300857234,0.3762075879324
0.5548615903556,0.5912478699235,0.5490801398669,0.4621435156568,0.3143636460720,-0.2896855506069,-0.1682746199850,0.6738816820327,-0.1652966002650,0.2088358061072,0.3784321082097,0.3580351722030,0.1544348917812,-0.0051471669158,0.2320210612997,-0.1660426446155,0.3241958094895,0.4111537173101,0.1661807425324,0.5162352892238,0.3986131723109,0.4316453843266,0.6025256409905,0.5620521710349,0.6138794144981,0.2510965438928,0.5935984954149,0.4632135375352,0.6706512514485,0.4119469347322,1.0000000000000,0.0979628284247,-0.2351997677934,0.1831136603837,0.4404295003296,0.2498457923056,0.5259463823411,0.0078439421885,0.3581339620282,0.3161320202591,-0.3867885028670,-0.3386340615924,0.4308227160030,-0.3392346668585,0.0625060164087,0.1838060967512,-0.3128241918743,0.1135587786030,-0.2621231393520,-0.3700923193055,-0.3033293892483,0.2267750059303,0.3697599041369,-0.4099115232893,-0.2519027295092,0.3585807135087,0.2325751562095,0.4255154026450,0.2922582691886,0.4910555773566,0.0905860755321,0.0788011685756,0.2846811015159,0.5128896341990,0.1312411066602,0.6719370041987,0.1744055418751,-0.0263049626604,-0.0002757649221,0.1413355372606
0.1001699640162,0.1499873920800,0.0022667977835,0.3357424213778,0.1106879935203,-0.1403443941878,0.0227804328075,0.2206647717418,-0.0227461449571,0.1714768185175,0.1889008204294,0.0449702276781,0.0566502161120,0.2971479448464,0.1732963992667,0.1653576937777,0.0146140028592,0.1019961514502,-0.0090083298000,0.0700713265333,0.1881151033901,0.1305543150735,0.1849866280465,0.0794434345212,0.0623180853825,0.2540406338442,0.0455594886473,0.1919814731003,0.0578131978309,0.2583645498496,0.0979628284247,1.0000000000000,0.0191273764681,0.1924848518175,0.0610357817457,0.0259216684060,0.1272371910203,-0.3040646539763,0.1545475788093,0.0750346217795,-0.1358826244380,-0.0948008011123,0.0675138059257,-0.1305980726257,0.1062445550325,0.1049686247158,-0.1262050834955,0.1236989437565,0.2472061836397,0.0463637701758,-0.0239735340348,-0.0166839399365,0.0534931213756,-0.1531776925150,-0.0573887651139,0.1605063164030,0.0829476640521,0.2046554609251,0.0176105487393,0.0421960986299,0.0966000842657,-0.2648870158892,0.1450045820110,0.1062464056375,0.2002079878814,-0.0276881683574,0.3792684848341,0.2140395505554,0.1317505561257,-0.0478613955532
-0.1676326104648,-0.0967286861102,-0.0996331307472,-0.1107724417399,0.0704745517845,0.4312802420097,0.3468665366710,-0.2210964518168,0.2424326759018,-0.1430217519511,0.0703710839069,-0.0561236031445,-0.0923064426959,0.1018425031185,0.0268271302642,0.1267155244439,-0.2373510364667,-0.1143934929080,0.0129391466976,-0.1416333002523,-0.2477631356718,-0.1342754785584,-0.3647000821893,-0.1643752945417,-0.2151470401522,-0.2779330724321,-0.2060045359509,-0.1643763566723,-0.1918686769767,0.0425446953885,-0.2351997677934,0.0191273764681,1.0000000000000,0.0317016268588,-0.1761524286972,-0.0868271036955,-0.2098743713217,0.1031194191691,-0.1073581118698,0.0286338718506,0.4353810873413,0.4184621760258,-0.1123537301799,0.3686285785762,-0.0169381409308,0.0174398109268,0.4347743593959,0.0582078386355,0.1907996786208,0.2601771838386,0.5486689774651,-0.2176492608405,-0.1277567097324,0.3270844332625,-0.0739542489134,-0.2350925591300,-0.1235281954155,-0.3365659179431,-0.0985815290019,-0.1796676554904,-0.2106197256944,-0.1102902676943,-0.0667423428274,-0.2407409274511,-0.0211133469182,-0.1168091949819,-0.3013617756160,0.3039234850679,-0.0335006476278,0.2355140439101
0.2210194276971,0.4431039443501,-0.0148079411320,0.3935700004666,0.2813495262104,0.0199321221161,0.1606906604566,-0.0253874878235,0.0131033451834,0.0659711801542,0.2960452780586,0.0084035778386,-0.0304103507413,0.1154427960506,0.0961311890141,0.2905172600086,0.2131125094183,0.5132872152857,-0.0479886583311,0.1704014962936,0.3261406116559,0.3391303796596,0.1831290220712,0.3602011219425,0.0218623691387,0.0871459870293,0.0944172951410,0.1615124563253,0.0530987580943,0.4568276172310,0.1831136603837,0.1924848518175,0.0317016268588,1.0000000000000,0.6254647979608,0.3261080181449,0.2993363513857,-0.0618418644927,0.4762356003904,0.2457300251553,-0.0071306980398,0.0431820618435,-0.0898459572029,-0.1028061683796,0.0574324905738,0.2419926041486,-0.1133670026028,0.2310390834161,-0.0004035000276,-0.1167715378001,0.1285683462413,0.1786720295821,0.4551055646502,-0.2353763862964,-0.0152543855870,0.4091228063009,0.2501993903284,0.2480180954020,0.3281502007566,0.0413451813772,0.0184495083407,-0.1613966831897,0.1666738752191,0.0504941551277,0.3302146096948,0.1012521259395,0.0365149381470,0.1548225905087,0.7184005546813,0.5998683762963
0.4391413778011,0.5417922544334,0.1516808367725,0.4149892226809,0.1788677773597,0.0420777587497,0.1226230515828,0.1034289351011,-0.0290269621747,-0.0082823892194,0.3405758110336,0.1905261342700,0.0970577343912,-0.0553613952382,0.1252012490395,0.2723234699925,0.3679993373894,0.6869723632124,0.0478279459734,0.5374468308482,0.4513849885557,0.4323406531687,0.3548354157452,0.4587773444347,0.1562246060165,0.1015860040911,0.3233430642535,0.1503539414127,0.3031087896479,0.4438285013430,0.4404295003296,0.0610357817457,-0.1761524286972,0.6254647979608,1.0000000000000,0.2357784013524,0.4118884772582,-0.0765367988714,0.4361630300302,0.1888407116911,-0.0251273984837,-0.0161879891237,-0.0762625587688,-0.1622957496492,-0.1213743889833,0.2424951694957,-0.1336176937233,0.1960824119585,-0.2797427493839,-0.2588277728046,-0.1259605240557,0.3267410383015,0.5974212854816,-0.1996947951854,0.1140529343630,0.5047664321214,0.3408595897570,0.3995566076863,0.4297086288484,0.0868033038484,0.0767984135139,-0.0429027891585,-0.0042425761383,0.2057509185038,0.2883453758776,0.3129383906326,-0.1128066528309,-0.0244774965877,0.5148942708237,0.7083051069811
