1.0000000000000,0.0379503291772,0.2180884464927,-0.0532278466798,0.6058492743966,-0.0238400640357,0.6577450523959,0.5742641852585,0.5882495964902,0.3183994211492,0.7870598254784,0.2094063422653,0.6598593522127,0.2340076645847,0.7014897424737,0.4161954130840,0.5334807361761,0.4585854379346,0.6352686091312,0.5705014929498,0.6684079377439,0.5216720103279,0.4015001942851,0.5147012599865,0.6076438032556,0.4169732425387,0.2537663534323,0.1618464804587,0.6639569148904,0.6246848172188,0.6509525482849,0.0140404339252,-0.2342791123840,0.6614450804218,0.7628220885964,-0.0037440054661,-0.0779142155341,-0.4841523604533,-0.1814062927508,0.6447897396218,-0.3296514965229,0.0135217860128,-0.1674787555338,-0.2714340375958,0.2117307888505,0.3731283400855,-0.5269272439819,0.5996360983785,-0.4873801593404,-0.6167042313872,-0.2729616969808,0.5294714999242,-0.4958740650585,-0.5896742156269,-0.6281686390978,0.6129298582561,-0.3546509633759,0.2128467439450,-0.3153895454365,0.4309938734100,0.0571586499980,-0.6238385973884,-0.1454754326584,0.3923411630017,-0.5816267226527,-0.3953563706945,-0.3987370820446,-0.4494463261803,-0.1939897349741,-0.3255416544130
0.0379503291772,1.0000000000000,0.4321100556297,0.7004677752720,0.2762275520724,-0.2181076084697,-0.1496138355532,0.2362124119896,-0.2530066107009,0.2511257475508,0.0406378622855,0.0658747043810,0.1493112146056,0.1954116311502,0.0535581028126,-0.1251312043641,0.3403740075501,0.4692006786491,-0.0156873604095,0.3561528174969,0.3663371400969,0.4391395196512,0.6514965143694,0.5387806683578,0.2866211402068,0.2634701747577,0.4859764561247,0.1131089857262,0.2576958581940,0.1784257850410,0.2825073436099,0.3348425345295,-0.0920782109577,0.2396291149467,0.2678770100050,0.3040373945870,0.6909531992308,0.1649469635468,0.5715965208858,0.2887523147900,-0.2224693108930,-0.2323329014611,0.4119169007195,-0.4162955339782,0.3074350905302,-0.0023679280920,0.1623812146318,0.2092829439631,0.2717113426838,-0.1328529146034,-0.2359745554386,0.4263459279016,0.4694653213034,0.1031704796414,0.3394437397137,0.3827932872897,0.4938687752474,0.6850871882281,0.5904793058324,0.3917486996407,0.2664410345816,0.2179852355358,0.4501263971320,0.4060449140524,0.0901592251877,0.4433586854864,0.2723797297524,-0.0777993354710,0.2224290207415,0.3559716658201
0.2180884464927,0.4321100556297,1.0000000000000,0.5040050654864,0.2996234194043,-0.0915045281470,0.2153821223574,0.6084537610208,0.1461537089829,0.4050766088978,0.3921509674195,0.1580641245915,0.2113474698332,0.3412638198452,0.3394887241982,0.2780340749741,0.3370909673936,0.3804669184349,0.2313937233864,0.2749830410978,0.4378428734388,0.4255389346815,0.4356554921099,0.6491266868543,0.4480939587510,0.5088149747334,0.6596663318887,0.7178319237102,0.4178692354185,0.2791832293842,0.4019148659189,-0.0200400489403,0.0858553205111,0.2919081641527,0.3495251734975,-0.1215284694386,0.0675378001053,0.1191446409433,0.3800260696273,0.4103675762661,-0.1214521196427,0.0688333750580,0.2659286265211,-0.1378197318571,0.3680227439640,0.1943769004506,-0.0375491128957,0.2745308912707,0.0165927709653,-0.2167088228333,-0.0239836150935,0.4456309541518,-0.1063543768223,-0.2094000934575,-0.1179194499433,0.3450971972366,0.0013448037121,0.3566116457299,0.1010208898215,0.4402101451717,0.3833795246259,-0.0837644882948,0.6275953381419,0.3300516129585,-0.2451952114931,-0.1914639418011,-0.0285260152854,0.0010428637862,-0.0384209612131,-0.0356383346264
-0.0532278466798,0.7004677752720,0.5040050654864,1.0000000000000,0.2980979774453,-0.1244668030686,0.0063764914993,0.2613197446488,-0.1776666924781,0.4378131347202,0.1084307534546,-0.0285698205399,0.1843543856773,0.2581130866205,0.1391442327690,0.0537034768928,0.2586735535264,0.2402309650649,-0.0744100645249,0.2009583556059,0.3741888970701,0.2165812463556,0.4713839646301,0.3250429092045,0.3014377173042,0.4199033599403,0.3707653746804,0.1465060930148,0.1363011669553,0.1712811168518,0.1503915143914,0.1809785840093,0.0336253657963,0.1293667388253,0.2015642966568,0.3357249600659,0.3636507182799,0.2315681843505,0.8419901959919,0.3309981236201,-0.0544667289020,0.0888317943661,0.5424812295781,-0.1308540295450,0.4603801638171,0.1965202932305,0.2025114738713,0.2771392174705,0.2978357285255,0.1398137495306,0.0588647463349,0.2786060689365,0.4156530160430,0.1154660546881,0.4114651403187,0.3809068744375,0.4607667869260,0.5128918885530,0.4663727748877,0.4289160811093,0.4165456444016,0.2239851614393,0.4471073215593,0.2809672674350,0.1801528551893,0.3336568652152,0.2544847673770,0.0848147631452,0.2613663454388,0.4271189956001
0.6058492743966,0.2762275520724,0.2996234194043,0.2980979774453,1.0000000000000,-0.1144963432595,0.5536186121037,0.6592420985148,0.2621701738699,0.5358280468048,0.7011258144672,-0.2572836456638,0.8070648911386,0.0118116848760,0.4136643740670,0.2894645023692,0.5345487341733,0.3555938997638,0.2851222615528,0.2682295573903,0.8674307065671,0.5270313439985,0.4482932762583,0.5093756654495,0.8103157494407,0.2593706871528,0.1165089161498,-0.0122599960212,0.7122224164668,0.3146943353767,0.6572567348164,0.0743627843702,-0.2123774674225,0.3384593338179,0.3886501964493,0.1765748777597,0.0230995382677,-0.3545219501859,0.0380234992370,0.9265169580449,-0.3162945361670,0.1269172739826,0.4243983435409,-0.2404989240404,0.4258844880135,0.5923386885307,-0.4533879429773,0.7802388174912,-0.4439806682300,-0.4329826690291,-0.1897407687944,0.5432319475745,-0.1284534235929,-0.5067936113215,-0.3520406811289,0.8553717273705,0.0179055876180,0.3130526819828,0.0097408140150,0.7976796456382,-0.1060109370320,-0.5246297907500,-0.1322765917991,0.6385568638654,-0.4411674473339,0.0195118097195,-0.3379043065506,-0.1968818356190,-0.2123638009380,-0.1561948237943
-0.0238400640357,-0.2181076084697,-0.0915045281470,-0.1244668030686,-0.1144963432595,1.0000000000000,0.4053657077976,-0.1837603319049,0.5772161094163,-0.0554109495352,0.2374416320042,0.0152511113918,-0.0256654472836,0.0636399972261,0.1293128152253,0.4061796099722,-0.0619094494539,-0.1911517996200,-0.0279502448613,-0.1610872604432,-0.0850338032284,-0.1467264955829,-0.2674523052637,-0.1757603159744,-0.1286484369212,-0.0823996454079,-0.0252867401409,-0.0195071120386,-0.1375567114783,-0.0034010928321,-0.0683742022992,0.0226537346642,0.4507147551993,0.0531295830231,0.0778232083205,0.0270463349760,-0.3399232506622,0.1409503900522,-0.0581563083103,-0.0829850171217,0.7914824515902,0.4975279324885,-0.2576403728535,0.6865433286883,0.0051428426336,0.1091507420138,0.0265264820492,0.0159176393536,0.0719269787313,0.2091894517608,0.5722590650374,-0.0388060355260,-0.1076317787164,0.1031544510548,-0.0744668704390,-0.1442822538325,-0.2879306580946,-0.2531046852046,-0.1251095233473,-0.1498767679221,-0.2097939540442,0.0630279232573,-0.1375317036750,-0.2033151476021,-0.1395460671049,-0.0942291839735,-0.1954032464762,0.3019394135277,0.0039236152966,0.0708161868835
0.6577450523959,-0.1496138355532,0.2153821223574,0.0063764914993,0.5536186121037,0.4053657077976,1.0000000000000,0.5089557248255,0.8032349281769,0.2829167690820,0.8595608728029,-0.0200292534991,0.6722243422656,0.1397096610918,0.6247183732438,0.7483547269477,0.4356242306367,0.1776966325908,0.4934338060926,0.1977091922271,0.6360598189618,0.3828905794337,0.1616044697624,0.3446384684247,0.5134390075770,0.2859686009508,0.1101103015095,0.0965985214601,0.5558305482938,0.4550551119449,0.5490511303218,-0.0565282621460,0.0721405024871,0.3640464093394,0.5137905348369,-0.0005621346956,-0.3294044715489,-0.3391867083622,-0.1520616537901,0.5986323681244,0.1472079887529,0.5948538359924,-0.0926736351163,0.2265749416892,0.2583097277173,0.6235425820608,-0.4445667622314,0.6541115935359,-0.4674922242259,-0.3592299207680,0.2516051503235,0.4748082787022,-0.4740143115452,-0.5001895719147,-0.5845250546766,0.4940761205608,-0.3745540082312,-0.0287927209760,-0.3099038993784,0.4320122186032,-0.1170580144062,-0.5659192467588,-0.2042044513840,0.3300792368680,-0.6023755393692,-0.3709753437733,-0.5100012962299,-0.0372206446183,-0.3531885622062,-0.2624624337962
0.5742641852585,0.2362124119896,0.6084537610208,0.2613197446488,0.6592420985148,-0.1837603319049,0.5089557248255,1.0000000000000,0.3654340320193,0.5234539047541,0.7041152164269,-0.0155215360873,0.5113344723675,0.2731966961597,0.5676279929098,0.4725498739952,0.4998482199902,0.4768491286374,0.3760547567054,0.3195284054083,0.7403998439898,0.6053146853475,0.5077651821601,0.6928216594918,0.8182850448354,0.4986857297193,0.4189370063352,0.3513724980108,0.7933830635746,0.4230555266835,0.7967876654640,-0.0201239308498,-0.0381453573356,0.3587360427440,0.5044327518987,-0.2676535932102,0.0307545032146,-0.4238276237623,-0.0441957238364,0.6983008859117,-0.4137053404883,0.0023849476037,0.3100705487357,-0.3799329731816,0.3889800979219,0.4346365219717,-0.5570122335956,0.4914405631544,-0.4713226774829,-0.6109297158947,-0.2686183865187,0.5607128008240,-0.4614819450988,-0.7303552114018,-0.6158773512802,0.6110520111604,-0.2261108575889,0.2908706436025,-0.2542197586257,0.6941270075551,0.1350187781609,-0.6404128687420,0.0469965944613,0.5615545343651,-0.6149707310372,-0.3572303862106,-0.2202539971403,-0.1080499508929,-0.4271395207599,-0.4398337520577
0.5882495964902,-0.2530066107009,0.1461537089829,-0.1776666924781,0.2621701738699,0.5772161094163,0.8032349281769,0.3654340320193,1.0000000000000,0.1433801983088,0.7444189744449,0.2688217310483,0.3651617188728,0.2691078165560,0.6912691331617,0.7191569603695,0.2746385618522,0.1070348881297,0.5080867320474,0.2091287192784,0.3672646196858,0.2019734458627,-0.0003790163165,0.1816266735637,0.2968365481462,0.2778463047902,0.1335563465576,0.1733033705243,0.3855785425791,0.4643453200169,0.3793522106554,-0.1065100549432,0.1775246378217,0.3821003964041,0.4840237618513,-0.2236726711386,-0.3798257583182,-0.2148830816930,-0.2481521884843,0.3255104026442,0.2345785489244,0.4000465354695,-0.3518734641658,0.3229712679783,0.1077673566439,0.3331024150632,-0.3365967753199,0.3614692733681,-0.3275659871825,-0.3258677405052,0.2243741923983,0.2866148549788,-0.5687939289793,-0.3969604408684,-0.6061983595099,0.2229060830404,-0.5353094102843,-0.1686767756918,-0.4280563982020,0.1431463991494,-0.0649711461144,-0.4562217749947,-0.1626194104541,0.1086584268149,-0.6351879928768,-0.5145648624825,-0.5220020598231,-0.0296763981068,-0.3330763134444,-0.3565321689128
0.3183994211492,0.2511257475508,0.4050766088978,0.4378131347202,0.5358280468048,-0.0554109495352,0.2829167690820,0.5234539047541,0.1433801983088,1.0000000000000,0.4323001288990,-0.0500355151052,0.4163085354313,0.4070743252870,0.3942001590229,0.2989167047492,0.3236708344353,0.2996134298461,0.1972092520715,0.2192090893103,0.5738266360187,0.3197913968131,0.4166665951634,0.3560537990667,0.6997329666951,0.4249672376022,0.1987354490684,0.0995503509947,0.3803505538124,0.2654043828053,0.3204955987479,0.0785456783706,-0.1115819891203,0.3089244497488,0.2950848657315,-0.0568155299677,-0.0103811819495,-0.1928324852755,0.2444338147604,0.5308522399681,-0.1711968681683,-0.0085057491370,0.2960782300536,-0.1937471477412,0.8465831695525,0.2504574853109,-0.2593948252980,0.4835648612313,-0.0594381093108,-0.2199185084369,-0.0276230828164,0.3035146368554,-0.1410663865980,-0.3835995206292,-0.1996855738064,0.5700291641109,0.0187287269749,0.3389590114284,-0.0379026256906,0.6210109151403,0.2063769054361,-0.3657886874825,0.0403244233813,0.2727750638406,-0.3322360377986,-0.0650467815020,-0.1173480949513,-0.2153709833771,0.0171087324628,-0.1184039237499
0.7870598254784,0.0406378622855,0.3921509674195,0.1084307534546,0.7011258144672,0.2374416320042,0.8595608728029,0.7041152164269,0.7444189744449,0.4323001288990,1.0000000000000,0.0608298173425,0.7234043260202,0.2815827984273,0.7378478038477,0.6589605627759,0.5620633360780,0.3342564776352,0.5529192155229,0.3495464120680,0.7814342323399,0.5355994325128,0.3048431009539,0.5200718694907,0.6703250544726,0.4658653233369,0.2865541922659,0.2464624543372,0.7110018913655,0.5511471300939,0.6689204155151,-0.0663855284375,-0.0399598538043,0.5068126597768,0.6338695180745,-0.0359082336627,-0.2809703521263,-0.3258802826367,-0.0823040359365,0.7512291990331,-0.0337170039275,0.3760569344463,0.0054730740852,0.0454962210930,0.3341825519438,0.6649008696165,-0.4819853939339,0.7271591397028,-0.4482212134917,-0.4722655402650,0.0580401145295,0.6031865403975,-0.4902571989390,-0.6012601730537,-0.5966017536610,0.6695488043658,-0.3394387753278,0.0910526251291,-0.2607919779986,0.5599240534233,0.0563070904038,-0.5769955194837,-0.0810245090833,0.4733053372126,-0.6428806406788,-0.4100417643230,-0.4902964091560,-0.1802539126491,-0.2889431384770,-0.2711880495838
0.2094063422653,0.0658747043810,0.1580641245915,-0.0285698205399,-0.2572836456638,0.0152511113918,-0.0200292534991,-0.0155215360873,0.2688217310483,-0.0500355151052,0.0608298173425,1.0000000000000,-0.0830376978514,0.6018785110962,0.3661382144424,0.2609791190763,-0.0701310564226,0.2520334727422,0.5525999668695,0.5273602685565,-0.0377619046464,0.0449666850396,-0.0114988686521,0.1205937659688,-0.1857120706659,0.3151578192843,0.3324775918566,0.2815389413245,-0.0957263094433,0.3924923115588,-0.0443913385624,0.1824933099979,0.0647166472979,0.3929520004519,0.3923757056784,-0.2559626887358,0.1318816178634,0.0475744269573,0.0780630481160,-0.2176493441113,-0.0712767736141,-0.1914700400683,-0.5009865917439,-0.1440979605376,-0.0690266191191,-0.3027360220736,0.3112028552597,-0.0769520277482,0.3866730634962,-0.0661136616883,0.0428908683286,-0.0806051526441,-0.1926715488533,0.2423255262319,-0.0561126430243,-0.1145084109239,-0.2141326698990,-0.0699985171488,-0.1336039327269,-0.3527116409315,0.2862647388990,0.0327099493734,0.2464396043142,-0.2779488847996,-0.0635118761086,-0.3338855849140,0.0082890974667,-0.1495087889873,0.1552753799444,-0.0506593134567
0.6598593522127,0.1493112146056,0.2113474698332,0.1843543856773,0.8070648911386,-0.0256654472836,0.6722243422656,0.5113344723675,0.3651617188728,0.4163085354313,0.7234043260202,-0.0830376978514,1.0000000000000,0.0638715612474,0.4838898540202,0.4617234191439,0.4845780019048,0.2886949136037,0.4427990493501,0.3319875299543,0.8262878402390,0.4810499103354,0.3415464285639,0.4289900595116,0.6397317916609,0.1848747982191,0.1222377325436,-0.0088315152370,0.6313792048826,0.5042632427022,0.5518598225710,0.1433456065971,-0.2011666724090,0.4636508313165,0.4755618256933,0.2573788780675,-0.0129896542005,-0.4156908952751,-0.0031782880294,0.7427058932771,-0.2307663211603,0.2842414975424,0.1783372801480,-0.1737700552417,0.3859115000895,0.6200400843989,-0.3515966176209,0.9047642035039,-0.3848284906528,-0.3272949391058,0.0222593413880,0.5135991071109,-0.1652451813938,-0.3875783400373,-0.3669481791419,0.7598741688539,-0.0518599279068,0.1924390127020,-0.0428865329800,0.6039270974985,-0.1699345699332,-0.5022696998902,-0.1540490620720,0.5316973864357,-0.3094909399878,-0.0483615956211,-0.3140061221245,-0.2176975065682,-0.1332500906148,-0.0758625541099
0.2340076645847,0.1954116311502,0.3412638198452,0.2581130866205,0.0118116848760,0.0636399972261,0.1397096610918,0.2731966961597,0.2691078165560,0.4070743252870,0.2815827984273,0.6018785110962,0.0638715612474,1.0000000000000,0.4642447517518,0.3864316822748,0.0782588145511,0.2670081783632,0.4228508916805,0.3933565434072,0.1815409575155,0.1972158247985,0.1614272805800,0.2469790801599,0.1416442517626,0.5488621063776,0.3965870025529,0.2761551360239,0.0751924972871,0.3943779427945,0.0920360294783,0.2619332763924,0.0388220007670,0.3815273816166,0.3561184749609,-0.2476631303264,-0.0186443383452,-0.1058161531356,0.2206218664063,0.0874669861557,-0.0055977357440,-0.0499952075456,-0.2173517252670,-0.1400201852962,0.3395336732322,-0.0435343850666,0.1364634878101,0.1277320969644,0.3956407506210,-0.1437300055761,0.1197657464036,0.0942552655567,-0.2212109236409,-0.1028087791718,-0.1244848220712,0.1194812653643,-0.1488188372920,0.0286403087036,-0.1271548390596,0.0178788954948,0.3575569364633,-0.1450718644666,0.1700716963297,-0.0781506518178,-0.2152227265589,-0.3361867028876,0.2354145291936,-0.1151216871609,0.0801771392932,-0.0891213332048
0.7014897424737,0.0535581028126,0.3394887241982,0.1391442327690,0.4136643740670,0.1293128152253,0.6247183732438,0.5676279929098,0.6912691331617,0.3942001590229,0.7378478038477,0.3661382144424,0.4838898540202,0.4642447517518,1.0000000000000,0.6650537190071,0.4209902626696,0.3124113063005,0.6228208045148,0.4855804064434,0.5729871474021,0.3610740504297,0.2945997257811,0.3506328612901,0.4851848711573,0.5333554238829,0.2846713688411,0.2537889374580,0.5119919724939,0.8079869775460,0.4399144551874,-0.0402662473858,0.1409409471516,0.4961695608216,0.6929353616039,-0.1695493741272,-0.1571499655483,-0.2492678308209,-0.0290671855679,0.4832593910554,-0.1331874466135,0.1429205590602,-0.1502593415040,-0.1312203974304,0.3473504575369,0.3416083307862,-0.2937832583518,0.5078778662686,-0.2206904499889,-0.3973785422770,0.0386446967631,0.3978347230995,-0.4753805078731,-0.4313847669118,-0.4894279780263,0.4375041310651,-0.3081813948046,0.1399889544894,-0.2877136893559,0.3529313293368,0.2259442343294,-0.4862340625923,0.0179448784361,0.2786888022392,-0.4960867173718,-0.4687816979687,-0.3504722636269,-0.1735748612304,-0.1980661237611,-0.2687045570171
0.4161954130840,-0.1251312043641,0.2780340749741,0.0537034768928,0.2894645023692,0.4061796099722,0.7483547269477,0.4725498739952,0.7191569603695,0.2989167047492,0.6589605627759,0.2609791190763,0.4617234191439,0.3864316822748,0.6650537190071,1.0000000000000,0.2240406467802,0.1189605298747,0.5021065825384,0.1971046541563,0.4415761642291,0.2457180018338,0.0590135325534,0.2666828465667,0.3521113051052,0.2908517127700,0.1615550372836,0.2455010069470,0.3740828070205,0.6048834152448,0.3613444955853,0.0612177605689,0.2682619635942,0.3945113738170,0.4681316415403,-0.2309135775541,-0.2123695653197,-0.2221380341235,-0.0853624261294,0.3369594325288,0.1943573720429,0.4510039143258,-0.1758308161133,0.1684755254433,0.3101632708432,0.3817073873713,-0.2374376793822,0.4646064435919,-0.2098197636701,-0.1692652047724,0.4724298918455,0.2462330961476,-0.4695706446707,-0.3333282544416,-0.5142889112910,0.2685819274289,-0.3696143219709,-0.1053044105365,-0.3181562456972,0.2453397836161,-0.0171050414740,-0.4641835341103,-0.0467421235372,0.1570618314165,-0.4423889894337,-0.4358634340058,-0.3020999678097,0.1109563063583,-0.2449250488213,-0.2419488696468
0.5334807361761,0.3403740075501,0.3370909673936,0.2586735535264,0.5345487341733,-0.0619094494539,0.4356242306367,0.4998482199902,0.2746385618522,0.3236708344353,0.5620633360780,-0.0701310564226,0.4845780019048,0.0782588145511,0.4209902626696,0.2240406467802,1.0000000000000,0.4264604731773,0.2938656304195,0.3491724556983,0.6112439045209,0.7600786330366,0.6323764927237,0.6220072777297,0.6434079287620,0.3462773339948,0.3939681270364,0.0465400526725,0.7406849432763,0.3709851976199,0.6482736180457,-0.0784630194625,-0.0833375701424,0.2248648523300,0.5086153425934,0.1197930415243,0.0971302992821,-0.0978643608296,0.0947145663426,0.5709123989399,-0.1851237198293,0.0752872940606,0.1776683005727,-0.1914198981366,0.3115825129260,0.3697923366615,-0.2923835683149,0.4841909301242,-0.2766185514498,-0.4288317572308,-0.1998999905958,0.8925116276700,-0.0939615950033,-0.3984685990571,-0.2218619828424,0.5615580192095,0.1459888186903,0.5511543362002,0.2079416907161,0.6189851612565,0.1423263252784,-0.2457679642709,0.0843266703569,0.6845515868885,-0.3722874199486,0.0745979139429,-0.2541801976975,-0.2332343403383,-0.1774041511936,-0.0221083964411
0.4585854379346,0.4692006786491,0.3804669184349,0.2402309650649,0.3555938997638,-0.1911517996200,0.1776966325908,0.4768491286374,0.1070348881297,0.2996134298461,0.3342564776352,0.2520334727422,0.2886949136037,0.2670081783632,0.3124113063005,0.1189605298747,0.4264604731773,1.0000000000000,0.4124835025309,0.8024577319357,0.4190651557036,0.6494933000711,0.6568352212545,0.7373073208514,0.5019343769394,0.4383170309605,0.6722839510735,0.2205757514975,0.5180685762799,0.2978790783184,0.6643041066031,0.1487784139879,0.0030771931575,0.4007511943151,0.5828289409944,-0.1822691021527,0.3900093237743,-0.2699099548062,0.1157496668852,0.3610381029640,-0.3080111706834,-0.2424548532133,-0.0121117387902,-0.4767044350816,0.2393066901306,-0.0495170878557,-0.3718171811620,0.1884200312277,-0.2267765897334,-0.5529096278332,-0.3719259669343,0.4291835108676,-0.0681254656082,-0.3988857359129,-0.2376291067917,0.3096606206900,-0.0865449826633,0.4962872475356,-0.0426701173821,0.3656005461571,0.2090245932454,-0.2089832930076,0.0945343094776,0.2716957783581,-0.3823013593667,-0.0629394321010,0.0379749837910,-0.1862357944920,-0.2322799109650,-0.2096305617519
0.6352686091312,-0.0156873604095,0.2313937233864,-0.0744100645249,0.2851222615528,-0.0279502448613,0.4934338060926,0.3760547567054,0.5080867320474,0.1972092520715,0.5529192155229,0.5525999668695,0.4427990493501,0.4228508916805,0.6228208045148,0.5021065825384,0.2938656304195,0.4124835025309,1.0000000000000,0.6663704089901,0.4128945818392,0.3814797606010,0.1929508603020,0.4351022810413,0.2902199083254,0.4571937059312,0.2652443897890,0.2636124383326,0.3644754822067,0.5490377492551,0.4335368838883,0.0489946357407,-0.0962890125888,0.6191645029362,0.5909533424049,-0.1451491823852,-0.0188536680183,-0.3367648565882,-0.1078303281229,0.2884597489511,-0.1957031366702,0.0583020856353,-0.3447507155012,-0.1762096285404,0.1428537232254,0.1891859129503,-0.1608282642462,0.4349649014362,-0.2239614215251,-0.3176324609340,0.0313858927308,0.2809834708242,-0.4404044613476,-0.2340320376574,-0.4736888045944,0.3206116249414,-0.3376042734566,0.0221657927034,-0.3070931638781,0.0765282916363,0.1318212772989,-0.5047783962203,0.0049404264948,0.0595572911631,-0.4217703903774,-0.4176546392135,-0.3933433497829,-0.2696536009671,-0.0685451862978,-0.2052550325509
0.5705014929498,0.3561528174969,0.2749830410978,0.2009583556059,0.2682295573903,-0.1610872604432,0.1977091922271,0.3195284054083,0.2091287192784,0.2192090893103,0.3495464120680,0.5273602685565,0.3319875299543,0.3933565434072,0.4855804064434,0.1971046541563,0.3491724556983,0.8024577319357,0.6663704089901,1.0000000000000,0.3872880229559,0.4967661884122,0.4905714571374,0.5678187662508,0.3229366641649,0.4654994638744,0.5520985380762,0.2184500422661,0.3617412558684,0.5206303584088,0.4794637613768,0.2701273709753,-0.0364658140388,0.5672847413617,0.6881453737506,-0.0826624015839,0.3581325044456,-0.2766411782312,0.1690675361487,0.2789133783244,-0.3246846663923,-0.2237337782706,-0.2164155792765,-0.4630193293201,0.1867327206954,-0.0448408814685,-0.2013769450121,0.2507915863496,-0.0772119196943,-0.4524029051783,-0.2738660605520,0.3191556399238,-0.0901845406012,-0.1916382428279,-0.1616488976668,0.2948182173611,-0.1218530260668,0.3571117693093,-0.0681202487134,0.1626709399444,0.2480969040515,-0.2196756872995,0.1323526900640,0.1111089027294,-0.2706284893142,-0.1568601751724,-0.0186813065173,-0.2709923445890,-0.0496473812608,-0.1109057397963
0.6684079377439,0.3663371400969,0.4378428734388,0.3741888970701,0.8674307065671,-0.0850338032284,0.6360598189618,0.7403998439898,0.3672646196858,0.5738266360187,0.7814342323399,-0.0377619046464,0.8262878402390,0.1815409575155,0.5729871474021,0.4415761642291,0.6112439045209,0.4190651557036,0.4128945818392,0.3872880229559,1.0000000000000,0.6320615543780,0.5620979121232,0.6373146448848,0.7982616962853,0.3824440468931,0.2425686913454,0.0431162958533,0.7697667766353,0.4969407749943,0.7050659114933,0.1440103566324,-0.1955542781658,0.4669865719747,0.5902740814429,0.1586742124432,0.0953915764217,-0.3367946347096,0.1053124605208,0.8423344440337,-0.3222091983622,0.1177973522750,0.3450790331197,-0.3160235216222,0.5161581998095,0.5855400949406,-0.3475555052375,0.8313468796977,-0.3240795362091,-0.4947918049002,-0.1509114252215,0.6743208832204,-0.1351536972944,-0.4823178839933,-0.3497913147769,0.9296272906798,0.0356823175202,0.4024013563699,0.0625577019909,0.7490012714743,0.0371497876020,-0.5348578826725,-0.0131739591217,0.6600914464121,-0.4965588203335,-0.0361169350123,-0.3034307269285,-0.2350004879451,-0.1752727911587,-0.0911332419672
0.5216720103279,0.4391395196512,0.4255389346815,0.2165812463556,0.5270313439985,-0.1467264955829,0.3828905794337,0.6053146853475,0.2019734458627,0.3197913968131,0.5355994325128,0.0449666850396,0.4810499103354,0.1972158247985,0.3610740504297,0.2457180018338,0.7600786330366,0.6494933000711,0.3814797606010,0.4967661884122,0.6320615543780,1.0000000000000,0.7418333336478,0.8804461159824,0.6776408358642,0.2908191991174,0.5009691122152,0.0619206500005,0.8256271241515,0.3300700942157,0.8129733774714,0.0965266383783,-0.0588743565949,0.3249298990727,0.4930426909602,0.0252607952599,0.2624980742593,-0.3116931052862,0.0063540253749,0.5872790358465,-0.2763077002825,-0.0475632930516,0.1634357941678,-0.3565718424786,0.3097911005735,0.2820294439751,-0.3327797500555,0.4329196315582,-0.2326981494045,-0.5314762172376,-0.2546429539309,0.8043554582566,-0.1094387196021,-0.4444711271480,-0.3177483804465,0.5355365972394,0.1849560624214,0.5852053110008,0.2048681210962,0.6244460320726,0.0056907423471,-0.3887583316884,0.0661304377508,0.7012558611503,-0.4137664759100,0.0974120998446,-0.1339884266618,-0.1659830006342,-0.2798010233731,-0.1523146964790
0.4015001942851,0.6514965143694,0.4356554921099,0.4713839646301,0.4482932762583,-0.2674523052637,0.1616044697624,0.5077651821601,-0.0003790163165,0.4166665951634,0.3048431009539,-0.0114988686521,0.3415464285639,0.1614272805800,0.2945997257811,0.0590135325534,0.6323764927237,0.6568352212545,0.1929508603020,0.4905714571374,0.5620979121232,0.7418333336478,1.0000000000000,0.7336552025087,0.6742402655980,0.3416963119471,0.5054660139598,0.0417328021595,0.6583047482445,0.3524199836966,0.6663528426920,0.1770998628443,-0.1201349880098,0.3532682937927,0.5107493954532,0.1109631423294,0.5338376283901,-0.1960055765384,0.2897382364241,0.5109361220155,-0.3978080308907,-0.2619785707173,0.3491747099798,-0.5345900367639,0.4931104788374,0.0868863009522,-0.2505897887948,0.3388583233632,-0.1312936861008,-0.4909525780998,-0.4163033222195,0.6423525162958,0.1198624060861,-0.3315570597309,-0.1115892277339,0.5048396699442,0.2958291997707,0.9042037009982,0.2924402118771,0.6694372052492,0.1739704153568,-0.2079144929981,0.2013630213133,0.6287904361749,-0.2892758039433,0.2837320157382,0.0174289451501,-0.2533989959188,-0.1274739287794,0.0082391609319
0.5147012599865,0.5387806683578,0.6491266868543,0.3250429092045,0.5093756654495,-0.1757603159744,0.3446384684247,0.6928216594918,0.1816266735637,0.3560537990667,0.5200718694907,0.1205937659688,0.4289900595116,0.2469790801599,0.3506328612901,0.2666828465667,0.6220072777297,0.7373073208514,0.4351022810413,0.5678187662508,0.6373146448848,0.8804461159824,0.7336552025087,1.0000000000000,0.6504090359206,0.3666928065049,0.5860878375941,0.3261614233275,0.7268960899119,0.3254773843552,0.8055071019092,0.1958949678833,-0.1047882978975,0.4646617700927,0.5566012155714,-0.0536446599005,0.3560215521834,-0.2626628389036,0.1296553118599,0.5627830968772,-0.3388696469658,-0.1112899518056,0.1826830374549,-0.4195472422572,0.3325863843129,0.2101914126989,-0.3272143256768,0.4137254059594,-0.2198525806001,-0.5447933236445,-0.2786382587454,0.6990884381051,-0.1225382764433,-0.4298497804401,-0.3283372210084,0.5407757249259,0.0942224340026,0.5824337879588,0.1646605853503,0.5592338117738,0.0851098650970,-0.3971169318893,0.2641500274218,0.5588369074431,-0.4499403032968,-0.0026409898366,-0.0784215153443,-0.1860313737579,-0.2143499386860,-0.1779321340558
0.6076438032556,0.2866211402068,0.4480939587510,0.3014377173042,0.8103157494407,-0.1286484369212,0.5134390075770,0.8182850448354,0.2968365481462,0.6997329666951,0.6703250544726,-0.1857120706659,0.6397317916609,0.1416442517626,0.4851848711573,0.3521113051052,0.6434079287620,0.5019343769394,0.2902199083254,0.3229366641649,0.7982616962853,0.6776408358642,0.6742402655980,0.6504090359206,1.0000000000000,0.3962929494482,0.3566263090394,0.1062633337035,0.8601249513376,0.3733607083767,0.7936638300580,-0.0041301261588,-0.0965943807056,0.3412238960011,0.4807710057536,-0.0704344659206,0.0826973030093,-0.4369523817379,0.0133818789509,0.8256457942176,-0.3552714982917,-0.0043239097709,0.3773094925919,-0.3435503391572,0.6024672774128,0.3988795380776,-0.6002696512192,0.5919028657869,-0.4859868182213,-0.5789931502565,-0.2781905895943,0.6268617773187,-0.3018690613407,-0.6907555744628,-0.5150848637004,0.7101579412345,-0.0578580056298,0.5062520604782,-0.1123637503469,0.9084498335264,0.0145405514685,-0.5879406545350,-0.0773647784778,0.6854975157807,-0.5732703649673,-0.0701294831827,-0.2934750613406,-0.2015712213569,-0.3624533945454,-0.3264556161622
0.4169732425387,0.2634701747577,0.5088149747334,0.4199033599403,0.2593706871528,-0.0823996454079,0.2859686009508,0.4986857297193,0.2778463047902,0.4249672376022,0.4658653233369,0.3151578192843,0.1848747982191,0.5488621063776,0.5333554238829,0.2908517127700,0.3462773339948,0.4383170309605,0.4571937059312,0.4654994638744,0.3824440468931,0.2908191991174,0.3416963119471,0.3666928065049,0.3962929494482,1.0000000000000,0.6032747801564,0.4749755672498,0.3304114174715,0.3737406427173,0.3475260140932,-0.2592097561721,0.0747135668328,0.3358105030108,0.5503100511632,-0.1778365110784,-0.0813998402746,-0.0918140853634,0.3312574946967,0.3281580778970,-0.1005119326448,0.0509334595665,-0.0108424169803,-0.1421887177940,0.2592644577728,0.1610906754518,-0.1531429937648,0.1903125657275,-0.1270373269751,-0.3041555241448,-0.1179337255279,0.3186679429662,-0.2926511065833,-0.3684517770637,-0.2332014349163,0.3075965285136,-0.2447436353974,0.1928185220173,-0.2509305528502,0.2738146508005,0.7463197568723,-0.1428883723127,0.2266241227675,0.1078752067072,-0.3320992918724,-0.4333593231308,-0.0398645328144,-0.1329176463351,-0.0658823303402,-0.0569453101872
0.2537663534323,0.4859764561247,0.6596663318887,0.3707653746804,0.1165089161498,-0.0252867401409,0.1101103015095,0.4189370063352,0.1335563465576,0.1987354490684,0.2865541922659,0.3324775918566,0.1222377325436,0.3965870025529,0.2846713688411,0.1615550372836,0.3939681270364,0.6722839510735,0.2652443897890,0.5520985380762,0.2425686913454,0.5009691122152,0.5054660139598,0.5860878375941,0.3566263090394,0.6032747801564,1.0000000000000,0.5726584971091,0.3888822977206,0.2945186990403,0.4631528678633,-0.0473318482882,0.2291720121070,0.2953227261218,0.4878506105028,-0.1792814208343,0.2112948792109,0.0370951375552,0.3203820401793,0.2053062612541,-0.0188520193371,-0.0323902664704,-0.0226847733128,-0.1892300241786,0.1584919971376,-0.0871268661730,-0.1269634630408,0.0478379776166,-0.0000068421126,-0.3248123785465,-0.1394984318706,0.4258412973876,-0.0937574165518,-0.2392461485567,-0.1121570513700,0.1051201291927,-0.1264550822187,0.3975585860188,-0.0204216977575,0.2984395570099,0.4610054509201,0.1295128999877,0.4385010936226,0.2046948081505,-0.2212776644556,-0.1762742126083,0.1296865858898,-0.0064280701599,-0.1003554949412,-0.0352471367072
0.1618464804587,0.1131089857262,0.7178319237102,0.1465060930148,-0.0122599960212,-0.0195071120386,0.0965985214601,0.3513724980108,0.1733033705243,0.0995503509947,0.2464624543372,0.2815389413245,-0.0088315152370,0.2761551360239,0.2537889374580,0.2455010069470,0.0465400526725,0.2205757514975,0.2636124383326,0.2184500422661,0.0431162958533,0.0619206500005,0.0417328021595,0.3261614233275,0.1062633337035,0.4749755672498,0.5726584971091,1.0000000000000,0.1083413822485,0.2395020702684,0.1334659958036,-0.1810164911986,0.1239412526240,0.2458137097445,0.2300685719036,-0.3379008575626,-0.0786893054735,0.1746827672436,0.1551452403785,0.0673948428233,-0.0240196867461,0.0669261936473,-0.1085908321122,0.0153165653730,0.0190851027509,-0.0151460470282,-0.0835581587214,-0.0099314133717,-0.1025137636845,-0.1441684492007,0.0293747806294,0.0985368078053,-0.3456707199764,-0.1581101689856,-0.2511116687166,-0.0660261935233,-0.3346217956003,-0.0058296646645,-0.2135600694044,0.0276813959049,0.4035793743940,0.0330127526114,0.6614765582588,-0.0638220244079,-0.1782746749931,-0.5107205922071,-0.0271721075794,0.0049609924852,-0.0893780299730,-0.2008370444271
0.6639569148904,0.2576958581940,0.4178692354185,0.1363011669553,0.7122224164668,-0.1375567114783,0.5558305482938,0.7933830635746,0.3855785425791,0.3803505538124,0.7110018913655,-0.0957263094433,0.6313792048826,0.0751924972871,0.5119919724939,0.3740828070205,0.7406849432763,0.5180685762799,0.3644754822067,0.3617412558684,0.7697667766353,0.8256271241515,0.6583047482445,0.7268960899119,0.8601249513376,0.3304114174715,0.3888822977206,0.1083413822485,1.0000000000000,0.4586231149604,0.8625373992582,-0.0717613481015,-0.0736870479580,0.3226615977780,0.5314681845406,-0.0595444814887,0.0637695803482,-0.4203339173241,-0.1372277164292,0.7580461515294,-0.3722322072531,0.0127648450357,0.2317509332868,-0.3499597194500,0.3354884962978,0.4257904869029,-0.5319713087950,0.5576701583849,-0.5136517747094,-0.6507309989682,-0.3093934051870,0.7678323470247,-0.3070514681268,-0.6590232551364,-0.5412491145568,0.6498145904474,-0.0207563014615,0.4685919285004,-0.0416408502020,0.7916318297839,-0.0089397245281,-0.5559852431610,-0.0509773008721,0.8331854055215,-0.5681069005500,-0.0994791484010,-0.3208282409288,-0.1978290483961,-0.4483266084951,-0.3116814543035
0.6246848172188,0.1784257850410,0.2791832293842,0.1712811168518,0.3146943353767,-0.0034010928321,0.4550551119449,0.4230555266835,0.4643453200169,0.2654043828053,0.5511471300939,0.3924923115588,0.5042632427022,0.3943779427945,0.8079869775460,0.6048834152448,0.3709851976199,0.2978790783184,0.5490377492551,0.5206303584088,0.4969407749943,0.3300700942157,0.3524199836966,0.3254773843552,0.3733607083767,0.3737406427173,0.2945186990403,0.2395020702684,0.4586231149604,1.0000000000000,0.3456648917414,0.1284641102954,0.0834235363674,0.6220657525061,0.7471099189784,-0.0329189804135,0.0803623523089,-0.1932547998563,0.0403037166615,0.3585844843589,-0.2319904366143,0.0366329437390,-0.1683412442924,-0.2929574686599,0.3365409941339,0.2321524428712,-0.1562134924700,0.5078639231646,-0.1368466603772,-0.3133048419817,0.0281497385194,0.3716757752092,-0.2721013738673,-0.2559158996408,-0.3370552440104,0.3753775593847,-0.1805834711974,0.2594856961551,-0.1354321782534,0.2872199218765,0.2111039412815,-0.3182075366614,0.1176592529693,0.3029094275113,-0.2048476571586,-0.3022787343955,-0.1609489776648,-0.2400029332457,-0.0235242181559,-0.0355681749439
0.6509525482849,0.2825073436099,0.4019148659189,0.1503915143914,0.6572567348164,-0.0683742022992,0.5490511303218,0.7967876654640,0.3793522106554,0.3204955987479,0.6689204155151,-0.0443913385624,0.5518598225710,0.0920360294783,0.4399144551874,0.3613444955853,0.6482736180457,0.6643041066031,0.4335368838883,0.4794637613768,0.7050659114933,0.8129733774714,0.6663528426920,0.8055071019092,0.7936638300580,0.3475260140932,0.4631528678633,0.1334659958036,0.8625373992582,0.3456648917414,1.0000000000000,0.0532032454302,-0.0472569881193,0.3948412160752,0.5840922398578,-0.0996550854353,0.1959901457639,-0.4665534956286,-0.0874045604297,0.6752305131261,-0.3117410838789,-0.0237717759997,0.1885206844719,-0.3439118402902,0.2477118484628,0.3391822913911,-0.6102528181049,0.4543962490847,-0.5431060946004,-0.6705748567053,-0.3341610737210,0.6879883516059,-0.3431841516274,-0.6749894029352,-0.5831292647155,0.5698381528997,-0.1439204115610,0.4564804816181,-0.1290027413630,0.6708941778592,-0.0727055973685,-0.5897673121895,-0.0843200726195,0.6203495803977,-0.6337115580809,-0.0935179422891,-0.2635049569916,-0.1262938301030,-0.4559035342513,-0.3649766800586
0.0140404339252,0.3348425345295,-0.0200400489403,0.1809785840093,0.0743627843702,0.0226537346642,-0.0565282621460,-0.0201239308498,-0.1065100549432,0.0785456783706,-0.0663855284375,0.1824933099979,0.1433456065971,0.2619332763924,-0.0402662473858,0.0612177605689,-0.0784630194625,0.1487784139879,0.0489946357407,0.2701273709753,0.1440103566324,0.0965266383783,0.1770998628443,0.1958949678833,-0.0041301261588,-0.2592097561721,-0.0473318482882,-0.1810164911986,-0.0717613481015,0.1284641102954,0.0532032454302,1.0000000000000,-0.2206843972669,0.3183572099351,0.1339627800673,0.1820872981210,0.5164672634883,-0.0921414152583,0.2119915136069,0.0521323211943,-0.1477592652049,-0.2258915895689,0.1273057058597,-0.3078297274062,0.1912775112463,-0.0644070855248,0.1709085781943,0.1581136505626,0.4017213046001,-0.0224338163232,0.0005692981173,-0.0212119122047,0.3380190732800,0.2476844679016,0.2113591270542,0.1787466658413,0.2378814563357,0.1632959465438,0.3143105770421,0.0095030625004,-0.2974013213937,-0.0434151683584,0.0877904865659,0.0171626398006,0.0617573429337,0.3257447029929,0.3819887038593,-0.0416223164790,0.2038830374936,0.1394196201087
-0.2342791123840,-0.0920782109577,0.0858553205111,0.0336253657963,-0.2123774674225,0.4507147551993,0.0721405024871,-0.0381453573356,0.1775246378217,-0.1115819891203,-0.0399598538043,0.0647166472979,-0.2011666724090,0.0388220007670,0.1409409471516,0.2682619635942,-0.0833375701424,0.0030771931575,-0.0962890125888,-0.0364658140388,-0.1955542781658,-0.0588743565949,-0.1201349880098,-0.1047882978975,-0.0965943807056,0.0747135668328,0.2291720121070,0.1239412526240,-0.0736870479580,0.0834235363674,-0.0472569881193,-0.2206843972669,1.0000000000000,-0.2608895250926,-0.0080104803893,-0.2155651175806,-0.1626634561421,0.1509656363344,0.0084483792968,-0.1606111901438,0.5152470473439,0.3377539512126,-0.1521494430672,0.3333432014670,-0.0799715059563,-0.0578948491280,-0.0031213156999,-0.2794290256682,0.0458888554493,0.1256895732544,0.3302271930338,-0.0964045267254,-0.1311891492919,0.0341572332604,0.0043653434216,-0.3300952961047,-0.1643497892405,-0.1162346312887,-0.1591064945174,-0.0583566528495,0.1088147218641,0.1694203023604,0.0330566920670,-0.1441099880056,0.0605226089541,-0.1756722491136,0.0466385302726,0.7158520335611,-0.1928655604099,-0.0431226833313
0.6614450804218,0.2396291149467,0.2919081641527,0.1293667388253,0.3384593338179,0.0531295830231,0.3640464093394,0.3587360427440,0.3821003964041,0.3089244497488,0.5068126597768,0.3929520004519,0.4636508313165,0.3815273816166,0.4961695608216,0.3945113738170,0.2248648523300,0.4007511943151,0.6191645029362,0.5672847413617,0.4669865719747,0.3249298990727,0.3532682937927,0.4646617700927,0.3412238960011,0.3358105030108,0.2953227261218,0.2458137097445,0.3226615977780,0.6220657525061,0.3948412160752,0.3183572099351,-0.2608895250926,1.0000000000000,0.7541098734696,0.0683310213663,0.1485998822919,-0.2278909091648,0.1000460943750,0.3553210523918,-0.1992120642051,-0.1075540172665,-0.1382657992625,-0.2437471435362,0.3014509731017,0.1270306977475,-0.1381441404820,0.5201672985920,-0.0941440450692,-0.2457135141080,-0.0263212640024,0.2736777597807,-0.2114924971490,-0.1972289981274,-0.3346640619006,0.4594089845232,-0.2230843478652,0.2375661598503,-0.1269883225945,0.1789731011049,0.1418174905703,-0.3578304163027,0.1289265566103,0.1321934585140,-0.2829164014357,-0.2110661812225,-0.1610884705114,-0.4568112078679,0.3186055189065,0.0390314663844
