1.0000000000000,0.3751604116046,0.0116791270781,0.4080012274716,-0.0572043831149,0.0085386786113,-0.0541025585709,0.1936432618656,0.1560017269264,0.0203070823326,-0.0637217670629,0.2349252809609,-0.0312465240998,-0.0603531841157,0.5500809389697,0.0147370146069,0.1119249295329,0.6022708504588,0.1582318416533,0.4852791709958,0.1063252780660,0.2290268992626,0.1690595868345,0.4397052386623,0.0215869483682,0.1841615117886,0.3223748570140,0.1250295856706,0.0321485402935,0.6127425916301,0.4310249746407,-0.0114473611961,-0.0916782904521,0.4592859394323,0.5319311386588,0.7842099299759,0.2069982595024,-0.1250118759334,0.3203087778154,-0.1352348402674,-0.0187999006711,-0.0894315926725,-0.0579918142817,-0.0239568581666,-0.0480275481678,-0.1107366555708,0.1923666360506,0.0898115854037,-0.1958266339069,0.4123170254786,-0.0080223980606,0.1565791779507,0.5707284797559,0.1116176688489,0.4132099015727,0.1364173126593,0.1994705759852,0.1768037552299,0.3706353267304,-0.0659755181152,-0.0082575790823,-0.0893534675396,-0.0399049126316,-0.0723193575132,0.4525379273004,0.2269237199710,-0.0733250010698,-0.2090183188957,0.3659706679100,0.4392222172217
0.3751604116046,1.0000000000000,-0.1820170574503,0.5574296015426,0.1893344845117,-0.1450285733281,-0.1925767552264,0.0197948516912,-0.0786545903182,0.0773626576971,0.0588951460383,0.2426806095856,-0.0448332409554,0.0350059485290,-0.0085174694334,-0.1428561358073,0.1653480634327,0.3523027169261,-0.1775985900249,0.1715655755727,0.1827300438241,0.1285776984095,0.4101292269248,0.2060019926694,0.2315207079603,0.4634886082247,0.3362962972555,0.0505139411124,0.0886828017379,0.1746257585699,0.4363018319422,-0.0893753103596,-0.1685674681796,0.5070323925238,0.5830734556904,0.4359389349549,0.7410414065116,-0.2978205543173,0.5679985735796,0.0084422306681,-0.0336502691718,-0.1188975098733,-0.1137903008827,-0.1107349615890,0.1130341439448,-0.0082763478951,0.1591017521734,0.0965426536923,-0.0065647218102,0.0847767557930,-0.1869467507739,0.1616771754555,0.5153443454098,-0.2107696518430,0.2895326276980,0.2428617137136,0.0439190866941,0.4700343856404,0.1510732110709,0.1914056713078,0.3020062323358,0.1311327214175,-0.0815295625008,-0.0628894830612,0.0787131697486,0.2853470659778,-0.0840715960701,-0.2706813614294,0.5874517380856,0.6814825238909
0.0116791270781,-0.1820170574503,1.0000000000000,0.1492973940921,-0.1175314633572,0.2905916572638,0.2763928950599,0.6369789483542,0.4042317533353,0.1313391387021,-0.1680674266714,0.1680530004433,-0.1452107380225,0.4227832470866,0.2678508604494,0.3569366639575,0.1194683758155,0.1040938570284,0.3224243822896,0.1532954895806,-0.1762664555050,0.1305994931044,0.1378890423420,0.3897203553190,0.2546844329023,0.2360833515413,0.4651699899064,0.7936957690004,0.3027621670320,0.0481334584010,0.1362411792324,-0.0820264666475,0.1123850438337,-0.1906017650919,-0.1135211934486,-0.0944663495124,-0.0816948867524,0.6601151339140,0.1326269227484,-0.1802966686983,0.2283775294724,-0.0315770123833,0.3217954936383,0.0934195414491,0.0912477635398,-0.1564256098787,0.1057328170252,-0.2027635205240,0.3013036493076,0.0818443590345,0.3033775442199,0.0949885245620,-0.2389757481149,0.0580679779951,-0.1130575826197,-0.1123014341417,0.0690049927155,-0.0778385964466,0.0888697592296,0.0752633760298,0.0612911023562,0.1048375232081,0.6684171868501,0.1795718749390,-0.0922464453318,-0.0674442567863,0.0925088069892,0.1255574596917,-0.3033870061845,-0.2780044098837
0.4080012274716,0.5574296015426,0.1492973940921,1.0000000000000,-0.0205137795151,-0.0278030756867,-0.0678964331122,0.2959160184973,0.0843718794554,0.4204202004936,-0.1198510224267,0.3021384905233,-0.0652340770075,0.2315615805540,0.1556194280265,0.1997743379522,0.1403227979216,0.2772231936704,-0.0727647871236,0.3159985711062,0.0872450190932,0.0811820596591,0.4347814483397,0.2544617903597,0.5725122978809,0.5708222379146,0.3784172665108,0.1705160937801,0.1835318854711,0.3150906300459,0.3600584750983,0.1596134754518,-0.1235061422687,0.4655311783727,0.5791593508278,0.3913406523858,0.5301156832134,-0.0921903297623,0.8377166735247,-0.1673259996617,-0.0745879797337,-0.1733542293033,0.1376468793516,-0.1434688013002,0.4302747702788,-0.2729734104993,0.2073333044479,0.0325437258484,0.1871055204488,0.2527842823609,0.1431784001204,0.1450932175487,0.4035240639716,-0.1632010935649,0.3821857098092,0.1334647794695,-0.0231413931849,0.4957419228820,0.1130115738039,0.4632392575073,0.4470419627360,0.1233755906219,0.0571008063051,-0.0098507315640,0.1507253457852,0.1942600070222,0.1355897855452,-0.3131587423908,0.3042973577223,0.4821915114882
-0.0572043831149,0.1893344845117,-0.1175314633572,-0.0205137795151,1.0000000000000,-0.2832761877287,0.1515909381934,0.1137334385512,-0.0777259894815,0.1205275894543,0.6826393853025,-0.3319013973025,0.6444857422482,-0.1481618768012,-0.1294843720439,-0.1871967537993,0.1919473815676,-0.0350018761312,-0.3022622795483,-0.2877169435601,0.7089301199590,0.3737684540759,0.2033782756690,0.0584181983612,0.3174082476771,-0.0945597165624,-0.0206694181186,-0.1375554050721,0.5197517144542,-0.1793190120115,0.1591346300205,-0.2020524789600,-0.0732325962441,0.0316234085504,-0.1502968030839,0.0195448115494,0.1183150758763,-0.2148523157041,-0.0488075323414,0.8809324726452,-0.2188226018895,0.1820547402393,0.1123122045653,-0.0777647536088,0.2425016449070,0.6342811738783,-0.3425014026451,0.6914115419137,-0.1792620560552,-0.2046155191005,-0.1088703853145,0.1884525531900,0.0065409747082,-0.3693589299149,-0.1642836253756,0.6685739166048,0.2182465889723,0.0955982418473,0.0121192793415,0.3986780877756,-0.1102767698111,-0.0840608411587,-0.1770586337745,0.5971894856552,-0.2323734266201,0.0103789996399,-0.2437930441063,-0.0512612546493,0.1879974456616,-0.0079567696813
0.0085386786113,-0.1450285733281,0.2905916572638,-0.0278030756867,-0.2832761877287,1.0000000000000,0.4206880833335,-0.0564072966169,0.6272827774797,-0.1241885682985,-0.0408421047571,0.3120359645442,-0.1439844160478,0.3759918945104,0.4320996899720,0.3453209494949,-0.0969176027967,-0.0781330197825,0.3130658691814,0.1601830181844,-0.2123649468200,-0.1651115184294,-0.2272557100239,-0.0912652616190,-0.2465260236943,0.0920828714255,0.1129602461322,0.2871123163078,-0.2516096962281,0.2152422444197,-0.1913288091914,0.1644500539812,0.0183060493305,0.0555479639498,-0.0346192648186,-0.0707920499141,-0.1113905063870,0.2983985032859,-0.0203855040434,-0.2481232760026,0.6911567780315,0.4287967288075,-0.1866963153446,0.5936874262500,-0.1794257719446,-0.0815754308061,0.5306202172319,-0.1845830511190,0.2574787459458,0.3109676627146,0.4478237742428,-0.1398621648865,-0.1831589378508,0.3718310209987,0.1254918020886,-0.2616253761063,-0.1050940504515,-0.2669293947162,-0.0986312371054,-0.2573393109627,-0.0270362889019,0.0953624994401,0.3188031543397,-0.2427450991620,0.0727998315678,-0.2011207026714,0.1661009726530,0.3299127895509,-0.0539332688870,-0.1250427856251
-0.0541025585709,-0.1925767552264,0.2763928950599,-0.0678964331122,0.1515909381934,0.4206880833335,1.0000000000000,0.0046552868834,0.6103787866831,-0.1235653343536,0.4018786804312,0.1816018657060,0.4341390662223,0.3949766948257,0.4240040615136,0.4968857058407,-0.0716195095101,-0.1943046668937,0.1995431278740,0.0508540970656,0.1183140611841,-0.0419527150877,-0.1225939765155,-0.0774507885453,-0.0301479984416,0.0239214779500,0.0337530712900,0.1269011149452,0.2122546593833,0.2213573367724,-0.1641864725043,-0.0013482790626,-0.0427086825380,-0.2688960574288,-0.1242267989697,-0.1848236384226,-0.1431734852242,0.2149847320207,-0.0798554928929,0.1596257830697,0.3277389525716,0.6221313891907,0.0062835354973,0.4610125058500,0.0076564517190,0.2698693946270,0.2693506254230,0.2618639360376,0.3047285740306,0.1714063317532,0.5908096391530,-0.1098595956531,-0.2718929969086,0.2151746329879,0.0066278310798,0.0218102476722,-0.0846599462673,-0.2363487412916,-0.0201008999382,0.0064204730861,-0.1217889430087,-0.0081084738589,0.2035613018380,0.2790382502421,0.0587521382890,-0.1665515886542,-0.0083820324093,0.2741682983590,-0.4203928648048,-0.3093408383466
0.1936432618656,0.0197948516912,0.6369789483542,0.2959160184973,0.1137334385512,-0.0564072966169,0.0046552868834,1.0000000000000,0.1063804090545,0.3937593067165,-0.1554757759473,0.0156286855082,-0.1200512989055,0.2363859465087,0.1292979495037,0.2920139072380,0.1831775397415,0.2584460978790,0.0766219645346,0.1597871064444,-0.0243787262462,0.1794636008965,0.3719159879594,0.3546347621926,0.5959754041578,0.1988431039188,0.3420795345746,0.4700839773196,0.4587553464766,-0.0016741497310,0.3700255384058,0.0168294469358,0.1993811110361,-0.1122343212384,-0.0019984353591,0.0503715518762,0.0920206987286,0.2600721843183,0.2678484396944,-0.0138788376087,-0.1635995720816,-0.2925762456232,0.6471002218531,-0.2942266813619,0.3711656130693,-0.1032701444963,-0.1418054803770,-0.0912004414162,0.1346491893383,0.0786820005338,0.0736761286154,0.1612296933196,0.0852271948865,-0.1956843870169,-0.0414458396609,0.0792619899817,0.0214708567976,0.1756408481261,0.0625174088583,0.4133061479542,0.1544040562185,-0.0226091127413,0.3559094382926,0.3146071669639,-0.1232076773922,-0.0063741362472,0.1044163045469,-0.0701390316443,-0.1371457144401,-0.0969528609594
0.1560017269264,-0.0786545903182,0.4042317533353,0.0843718794554,-0.0777259894815,0.6272827774797,0.6103787866831,0.1063804090545,1.0000000000000,-0.1212797974786,0.1460912363264,0.3936538772970,-0.0402438827748,0.4124622643740,0.6070003325059,0.3321392838155,-0.1623441445719,0.0198910002321,0.4410022600284,0.2689825445447,-0.1291904884623,-0.1031239648850,-0.2093483528296,-0.0105056447490,-0.0981608114087,0.1223912932897,0.2053441817081,0.3944688936156,-0.0200083831358,0.2510086063157,-0.0921928847798,0.0283712211586,-0.0492653667371,0.0274970376023,-0.0102516210916,0.0601486318545,-0.1527921164519,0.3058952995346,0.0690420399649,-0.0974795869230,0.6373046628803,0.5711707653113,-0.0807892177802,0.7160115104704,-0.1444718779479,0.1210388832856,0.5110559709415,-0.0765419314561,0.1832033958204,0.4161476932461,0.4494220607513,-0.1877098038532,-0.1866381964641,0.2768348806842,0.1017816361773,-0.1780469415126,-0.0981334785157,-0.3041413509640,-0.0753155642786,-0.1668729939883,-0.1201860144198,-0.0203770748669,0.3172697998239,-0.0447711686860,0.0554359179083,-0.1560616918697,-0.0323498569546,0.3226308227879,-0.0403653253854,-0.1495172983411
0.0203070823326,0.0773626576971,0.1313391387021,0.4204202004936,0.1205275894543,-0.1241885682985,-0.1235653343536,0.3937593067165,-0.1212797974786,1.0000000000000,-0.0345415874230,0.0673021317622,0.0831178019266,0.3825254159513,-0.0374845038656,0.3099485155924,0.0866731121768,-0.0803949068770,-0.1189620782965,-0.1034007239057,0.2206100157134,0.0377768033873,0.2577058882974,0.0166108281839,0.5876640353989,0.3437893154954,-0.1113118549267,0.1536801618588,0.1001662857833,-0.0235756125303,-0.1137518527165,0.3902225891016,-0.0101437084920,0.1949694846035,0.0604030010193,-0.1125221558797,0.1553378469213,-0.0755076678952,0.3773759282726,-0.0079069159893,-0.1201409677177,-0.1838575723315,0.2963420818786,-0.2983664633678,0.7837000925331,-0.1438894629245,-0.0092043189046,0.1448091519278,0.3645720776051,0.0957045265643,0.2281778208991,0.0826881379969,-0.1118230969516,-0.2271897308093,-0.1630699115216,0.2163433259079,-0.0614120654952,0.2132995422262,-0.2055819010128,0.4842477504417,0.5307686736220,-0.2041041718657,0.0558817303453,0.0259719282755,-0.0115677369504,-0.3064864219753,0.4665202944755,-0.2137082290276,0.0990359874197,-0.0281051949691
-0.0637217670629,0.0588951460383,-0.1680674266714,-0.1198510224267,0.6826393853025,-0.0408421047571,0.4018786804312,-0.1554757759473,0.1460912363264,-0.0345415874230,1.0000000000000,-0.2149118028586,0.6627432548839,-0.0968566130653,0.0572486720948,-0.1561104425872,-0.0200430350071,-0.0944081159514,-0.1023550378240,-0.1710336044862,0.6392294861311,0.1683248921089,-0.0191957324719,-0.1119754945849,-0.0737703544037,-0.0926156682258,-0.0765074589378,-0.1485467183486,0.3204877286417,-0.1071756938289,-0.0776448342540,-0.0876649717766,-0.0914433785838,0.0141475417690,-0.1808993388887,-0.0075027075297,0.0008118303506,-0.1543420104846,-0.1062184937477,0.7078740182292,0.0234471928351,0.5428204264779,-0.1024594233559,0.2694386729578,0.0647166584822,0.8088341916635,-0.1019051766768,0.6849114249635,-0.1088009387620,-0.0235897419214,0.0375868864963,-0.0017299715332,-0.0534565522972,-0.1066719615212,-0.0093255253182,0.5437514046057,0.0419406451356,-0.0983293293723,-0.1306120032451,0.0818623508484,-0.1038355332608,-0.1002026232436,-0.1443335089574,0.4566982598164,-0.2269990458340,-0.1437172778523,-0.1097613085674,0.0490652906027,0.1296685321052,-0.0701616291304
0.2349252809609,0.2426806095856,0.1680530004433,0.3021384905233,-0.3319013973025,0.3120359645442,0.1816018657060,0.0156286855082,0.3936538772970,0.0673021317622,-0.2149118028586,1.0000000000000,-0.1428920667868,0.5233591746368,0.4580477718770,0.3205135435375,0.0167283817555,0.2373100848300,0.5256639231082,0.5053946899191,-0.2018051710335,-0.0498085429589,-0.0001823250966,0.1188944239998,-0.0630111724879,0.5145221056924,0.3146395308492,0.3685990631004,-0.0995319605823,0.3404974762050,0.0728702033363,0.2081382577406,0.0598419241046,0.1182474466577,0.3738389183269,0.1279742452253,0.1355282388600,-0.0364559582648,0.3069724188953,-0.3808453769899,0.2193831466923,0.0971562937467,-0.2281230936823,0.2085454163489,-0.1558545563414,-0.2584862593023,0.6436528653502,-0.1998747990341,0.3655913859646,0.3544525084435,0.2251634301447,-0.0032630167391,0.0774717964667,0.3378493974182,0.1947236575972,-0.2478779206730,-0.1430020846495,0.0069674637527,-0.0524557001590,-0.2362264929775,0.2713355391537,-0.0501056780389,0.1437373671231,-0.2997084168470,0.3096693122065,-0.0698082492082,0.2073632695636,0.0515647568351,-0.0305826896991,0.1459917341640
-0.0312465240998,-0.0448332409554,-0.1452107380225,-0.0652340770075,0.6444857422482,-0.1439844160478,0.4341390662223,-0.1200512989055,-0.0402438827748,0.0831178019266,0.6627432548839,-0.1428920667868,1.0000000000000,-0.0359772817664,0.0477161657639,0.1428053821514,0.1707337235375,-0.0875628833946,-0.1301981251009,-0.0494054255233,0.7941695570859,0.3443189447179,0.0770481600946,0.1009931531915,0.0791369744637,-0.0526607573481,-0.1407925059556,-0.1924670368443,0.4498580241924,0.1039196836728,-0.0282028127826,-0.0208976005274,-0.0983631132568,-0.0448486106199,-0.0354821733947,-0.0588653795487,-0.0282893051072,-0.2872865665239,-0.1071693030968,0.6543577464650,-0.2079906999040,0.2840779411549,-0.1577873069786,-0.0694594918944,0.1439195680348,0.4806023628840,-0.2090966290191,0.8928899202943,-0.0518770036447,-0.1905288418764,0.2033585708570,0.1976212492158,-0.0719959456595,-0.1907990009108,-0.0632480198601,0.6226968921644,0.2144873291848,0.0292448413085,0.0930891521770,0.1510368181363,-0.1128290389506,-0.2558782623997,-0.2807259854091,0.5136853717436,0.0627809072643,-0.0648646860068,-0.0708174833272,-0.0629842974923,-0.1309973319129,-0.1294885981301
-0.0603531841157,0.0350059485290,0.4227832470866,0.2315615805540,-0.1481618768012,0.3759918945104,0.3949766948257,0.2363859465087,0.4124622643740,0.3825254159513,-0.0968566130653,0.5233591746368,-0.0359772817664,1.0000000000000,0.3068894032566,0.5798797000412,0.0855447774464,-0.1719806336019,0.3311759846719,0.1725471075747,-0.0841231790649,-0.0168268684700,0.0881631592906,0.0242271576420,0.1814307878264,0.6138962155850,0.1241819584652,0.4645703504396,0.0169101736951,0.2268681491522,-0.1545496086247,0.3711111594795,0.1007588719404,-0.0355759435962,0.0656939525565,-0.1727863819165,0.1260414617809,0.1554009927179,0.2759019170346,-0.2304543014575,0.2841832331552,0.1201656381939,0.0144014860606,0.1580412310624,0.2575490142705,-0.1800611029666,0.4976782586593,-0.1191812086687,0.7909380226078,0.2276367062549,0.5082006810945,0.0581364656908,-0.3323822326095,0.1473228633166,-0.0829994108696,-0.1101184317695,-0.0495903491245,0.0128011076161,-0.1377082239167,0.0548291807152,0.4262408261986,-0.1156064365737,0.3290448290256,-0.1005423719006,0.0957809563878,-0.2973359741459,0.4972644362705,0.2011026122735,-0.2329651165315,-0.1401381273169
0.5500809389697,-0.0085174694334,0.2678508604494,0.1556194280265,-0.1294843720439,0.4320996899720,0.4240040615136,0.1292979495037,0.6070003325059,-0.0374845038656,0.0572486720948,0.4580477718770,0.0477161657639,0.3068894032566,1.0000000000000,0.3413179825752,-0.0513528768662,0.3718625163001,0.5578790419150,0.4821872582535,-0.0774191540847,0.1455563062413,-0.0683383894252,0.2541558687476,-0.1793261776183,0.1719583472499,0.2522148216456,0.3422026091301,-0.0358038588843,0.5515688266114,0.1071587803309,0.0974702766206,0.1681572921333,0.0554911333881,0.1284125794328,0.3062333646293,-0.0660743442216,0.0880741200044,0.0525032967075,-0.1279963452692,0.2866528368292,0.3575964081639,-0.1280836362429,0.4034686719019,-0.1651439872009,0.0442407526751,0.4537883231249,0.0034518859149,0.0709810146182,0.6652959918426,0.2883874143471,-0.0324879966568,0.1495109618138,0.4401932431052,0.2871586590426,-0.0983376047604,0.0332374392185,-0.1624516664521,0.0427095342166,-0.2376767695331,-0.0669153731000,-0.1976536168759,0.1312673544891,-0.0936449759410,0.3795512685909,-0.1418023064563,0.1048261230033,0.2746212705829,-0.0471571938244,-0.0438803365593
0.0147370146069,-0.1428561358073,0.3569366639575,0.1997743379522,-0.1871967537993,0.3453209494949,0.4968857058407,0.2920139072380,0.3321392838155,0.3099485155924,-0.1561104425872,0.3205135435375,0.1428053821514,0.5798797000412,0.3413179825752,1.0000000000000,0.0868159751217,-0.1042470593913,0.1684511637176,0.2233960677058,-0.0211549910074,-0.0146008294759,0.0833334246564,0.0878098152194,0.2372710093653,0.2480155620891,-0.0315843114670,0.1827439076646,0.0919357121144,0.3444880915011,-0.1112347188285,0.2706080946851,-0.0712166020763,-0.1095028491105,0.1146167798468,-0.1459426263297,-0.0052022987351,0.1429986942156,0.2346342140274,-0.2200451927821,0.1336356104600,0.1345007365860,0.1307048689906,0.0421632009364,0.3158602208867,-0.2864715106374,0.3279871450408,0.0293864457027,0.5015492261216,0.2319115390354,0.7252590562446,0.0810394090788,-0.1528937859849,0.1503889464470,0.1169510459396,-0.0661696028903,-0.0677236076062,0.0179082567964,0.0175564862736,0.1733860259632,0.2076618173793,-0.1578981446402,0.1529174898855,0.0206414102120,0.2296335410518,-0.1714191018295,0.3200853087512,0.0102538022817,-0.3913034649294,-0.2210091473201
0.1119249295329,0.1653480634327,0.1194683758155,0.1403227979216,0.1919473815676,-0.0969176027967,-0.0716195095101,0.1831775397415,-0.1623441445719,0.0866731121768,-0.0200430350071,0.0167283817555,0.1707337235375,0.0855447774464,-0.0513528768662,0.0868159751217,1.0000000000000,0.1142022508602,0.0296875225650,0.0933663753658,0.2276266204704,0.7255355769355,0.4231116710526,0.5930951821938,0.2222323579025,0.1816880335457,0.1069993233020,0.1768687871157,0.4648186024809,0.2119793947055,0.5636942912726,-0.0724425991340,-0.0826457330708,0.1690699780729,0.3425829162026,0.2074777207658,0.1783063440009,-0.1690628468576,0.1337538747202,0.1355998372814,-0.2475271262176,-0.3060300552999,-0.0520518525698,-0.3481491057383,0.0730847437330,-0.2078162066151,-0.0904982579795,0.1787014357712,0.0363511163498,-0.2072432108921,0.0636010497165,0.9331702690570,0.1125300588782,-0.0789154486914,-0.0430178283406,0.2414449160292,0.4710328062354,0.4258420055909,0.4252074986942,0.2053510786766,0.0829467553756,-0.0278797509103,-0.0183212760871,0.3164643235672,0.2104778196842,0.2978487497768,-0.0044824898696,-0.2053296329222,0.0300045766248,0.2726168079221
0.6022708504588,0.3523027169261,0.1040938570284,0.2772231936704,-0.0350018761312,-0.0781330197825,-0.1943046668937,0.2584460978790,0.0198910002321,-0.0803949068770,-0.0944081159514,0.2373100848300,-0.0875628833946,-0.1719806336019,0.3718625163001,-0.1042470593913,0.1142022508602,1.0000000000000,0.3480346261892,0.6827687513670,0.0693558057804,0.2516689102961,0.2281820176158,0.6472327875896,-0.0195946920374,0.1696345198130,0.5971071353153,0.2919351885859,0.1755009004599,0.2505071761474,0.4936594617075,-0.1550168942667,0.1165600676333,0.2077053306443,0.4447738169978,0.3980219236758,0.1460847801546,-0.1814270261498,0.2081634110161,-0.0937483841559,-0.1306626637264,-0.1530813140499,-0.0889789173714,-0.1655756085814,-0.2052037259151,-0.0085087269316,-0.0216638095218,0.0002021096983,-0.3614578413024,0.1212110380252,-0.2453053343891,0.1771056734526,0.6744277998575,0.0507752527043,0.4141737857096,0.1157259767208,0.1291176543010,0.1340327144097,0.3593668049939,-0.1938797685358,-0.0815961819950,-0.1637240299548,-0.0577014751090,0.0178405284431,0.1027584213674,0.2452478862016,-0.1604184679011,-0.1179503515383,0.2487903062363,0.3456239012847
0.1582318416533,-0.1775985900249,0.3224243822896,-0.0727647871236,-0.3022622795483,0.3130658691814,0.1995431278740,0.0766219645346,0.4410022600284,-0.1189620782965,-0.1023550378240,0.5256639231082,-0.1301981251009,0.3311759846719,0.5578790419150,0.1684511637176,0.0296875225650,0.3480346261892,1.0000000000000,0.5537602365709,-0.2022097353155,0.0859643601232,-0.0927281660149,0.2865050558780,-0.3323651987545,0.1302210535367,0.2731226349742,0.4754353168307,-0.0909741427295,0.1985872169650,0.0045090207072,0.0974310885049,0.2346229409158,-0.1080197901971,0.0540839927333,0.0685225607006,-0.1866319282958,0.0713676345999,-0.0974878743035,-0.2549944234146,0.1958308590940,0.2158184285477,-0.2113773284595,0.2524110244712,-0.3658015424277,-0.0273706013857,0.3397187241787,-0.2210149406858,0.0768068658163,0.2308487108997,0.1294231354397,0.0512840248825,-0.0454151504493,0.5529622463689,0.1195526718445,-0.2588916756790,-0.0462526618836,-0.1686619104686,-0.0790409385991,-0.4805329253354,-0.0808796632036,-0.3262849303185,0.0913566711284,-0.2238784808759,0.1284915622876,-0.1413973342949,0.2023627699850,0.2555006567584,-0.1568390897057,-0.1357514884002
0.4852791709958,0.1715655755727,0.1532954895806,0.3159985711062,-0.2877169435601,0.1601830181844,0.0508540970656,0.1597871064444,0.2689825445447,-0.1034007239057,-0.1710336044862,0.5053946899191,-0.0494054255233,0.1725471075747,0.4821872582535,0.2233960677058,0.0933663753658,0.6827687513670,0.5537602365709,1.0000000000000,-0.0528052275439,0.1612403104205,0.1505078883882,0.4929818411695,-0.1017622414496,0.2897543279675,0.4748427095654,0.2959979092222,0.0724094683283,0.4910475137049,0.2964539469957,0.1615248284114,0.1492935480663,0.1457628102079,0.4796916811219,0.3341629533286,0.0708926258267,-0.1547967626963,0.2354392030476,-0.3026209511878,-0.0272956248726,0.0039925101841,-0.2340376289245,0.0005975102082,-0.2497302117646,-0.1288553751701,0.2899156444769,-0.0733924644696,-0.0848785915630,0.2500198448045,0.0618049685947,0.1338871885412,0.4773268946154,0.2715475176006,0.5858503532252,-0.0908944836974,0.0174767077073,0.1277457068464,0.2767188763974,-0.3048232235919,-0.0317590585919,-0.2199003147796,-0.0798076342622,-0.1231158109470,0.3642997636154,0.1107102650361,0.0804376692157,-0.0500978397998,0.0072970966840,0.2616151795304
0.1063252780660,0.1827300438241,-0.1762664555050,0.0872450190932,0.7089301199590,-0.2123649468200,0.1183140611841,-0.0243787262462,-0.1291904884623,0.2206100157134,0.6392294861311,-0.2018051710335,0.7941695570859,-0.0841231790649,-0.0774191540847,-0.0211549910074,0.2276266204704,0.0693558057804,-0.2022097353155,-0.0528052275439,1.0000000000000,0.3793169627219,0.2172697240834,0.2281995901581,0.1778251008018,0.0664052331190,-0.0975652254297,-0.1616151506794,0.4021427924618,0.0558115681407,0.1481998920225,-0.0763447459411,-0.1761026163598,0.2290883439117,0.1215459169953,0.1455472468748,0.1414217679192,-0.3350641545942,0.0997322395623,0.6846749620363,-0.2126569701526,0.0837358166411,-0.1640074880335,-0.1766836694539,0.2515995528743,0.4427674499574,-0.2151945497537,0.8693828613777,-0.0929389820528,-0.2449733644893,0.0369062406595,0.2846906442674,0.1031368752020,-0.3278372553202,0.0071320340995,0.8812034080546,0.3303785774881,0.1639092388168,0.1576939251313,0.2313637221363,0.0445969253209,-0.2730473506418,-0.3175237372387,0.4131435433239,-0.0182462607815,0.0523386084901,-0.0789899732931,-0.1806447662131,0.2480321246937,0.1457841581062
0.2290268992626,0.1285776984095,0.1305994931044,0.0811820596591,0.3737684540759,-0.1651115184294,-0.0419527150877,0.1794636008965,-0.1031239648850,0.0377768033873,0.1683248921089,-0.0498085429589,0.3443189447179,-0.0168268684700,0.1455563062413,-0.0146008294759,0.7255355769355,0.2516689102961,0.0859643601232,0.1612403104205,0.3793169627219,1.0000000000000,0.4232608816333,0.6545530319381,0.0902720203520,0.1065766935365,0.1377590966271,0.2260699974397,0.4747834185541,0.3445804617771,0.6185447458440,-0.1626211335841,0.0697966903623,0.2218050102260,0.2652110513723,0.2849534649983,0.1397580659960,-0.2160735643801,0.0593892679015,0.3285677401824,-0.2688565016490,-0.1900741807878,-0.0788291505043,-0.2683419944862,0.0041050016339,0.0714225723068,-0.1471820170477,0.3351862012492,-0.1531897061333,-0.1154656801768,-0.0093940550296,0.7404339250397,0.1642244826703,-0.0705049235237,0.0248299206918,0.3537922005601,0.6914926447693,0.3676998008636,0.4466274036029,0.0990347604578,-0.0537396025319,-0.1711276334735,-0.0723327575363,0.3984617683343,0.2649790087540,0.2875020953289,-0.0121483028090,-0.0939716917103,0.1364125388850,0.2596945985349
0.1690595868345,0.4101292269248,0.1378890423420,0.4347814483397,0.2033782756690,-0.2272557100239,-0.1225939765155,0.3719159879594,-0.2093483528296,0.2577058882974,-0.0191957324719,-0.0001823250966,0.0770481600946,0.0881631592906,-0.0683383894252,0.0833334246564,0.4231116710526,0.2281820176158,-0.0927281660149,0.1505078883882,0.2172697240834,0.4232608816333,1.0000000000000,0.4351104759230,0.4853350741576,0.3872094821913,0.2090372857138,0.0817336482650,0.3716012998003,0.1388247293605,0.6042073490863,0.0035363430884,0.1824585112870,0.1087923699823,0.3668630502996,0.2448968868027,0.5661015983385,-0.2208086978793,0.4382468371158,0.1949798463808,-0.3865572398201,-0.2998463039641,0.1796567410685,-0.3944031029921,0.3332469882043,-0.0765324934575,-0.1123780754430,0.1282138934580,0.0894548961391,-0.1758000655222,-0.0355992350266,0.4059225846532,0.3312394813976,-0.2960462542089,0.0883055334577,0.2844598869087,0.2430049328222,0.7892838208898,0.2435950170269,0.4607093392022,0.2752553358524,-0.1041127594901,-0.1559383605357,0.2434103485313,0.0481671005219,0.4098279753031,-0.0008106667688,-0.0606828434286,0.0937870422435,0.3627349392740
0.4397052386623,0.2060019926694,0.3897203553190,0.2544617903597,0.0584181983612,-0.0912652616190,-0.0774507885453,0.3546347621926,-0.0105056447490,0.0166108281839,-0.1119754945849,0.1188944239998,0.1009931531915,0.0242271576420,0.2541558687476,0.0878098152194,0.5930951821938,0.6472327875896,0.2865050558780,0.4929818411695,0.2281995901581,0.6545530319381,0.4351104759230,1.0000000000000,0.1197641509019,0.2127090023768,0.4388685779788,0.4529852830688,0.4967525277683,0.3020151650228,0.6797726381135,-0.1781242893533,0.0564745367811,0.1172786809097,0.3864073694647,0.3471055658222,0.1578593564188,-0.0611052100235,0.1917959736575,0.0169231115901,-0.2266550633021,-0.2923790523507,-0.1165088301785,-0.3156179624370,-0.0841888817799,-0.1816768040318,-0.0588571982901,0.1242363725049,-0.1559223905987,-0.1231754887006,-0.0067189968705,0.6224210804213,0.3874248173035,-0.0044896492436,0.2203687747794,0.2797292501235,0.4820795967033,0.3095817976439,0.6014836657474,-0.0601348296626,-0.0410882172439,-0.2156404239697,0.0381890611760,0.2990875524729,0.1824390939006,0.3574076675129,-0.0869737862244,-0.1438847531981,0.0406568106526,0.2462550330279
0.0215869483682,0.2315207079603,0.2546844329023,0.5725122978809,0.3174082476771,-0.2465260236943,-0.0301479984416,0.5959754041578,-0.0981608114087,0.5876640353989,-0.0737703544037,-0.0630111724879,0.0791369744637,0.1814307878264,-0.1793261776183,0.2372710093653,0.2222323579025,-0.0195946920374,-0.3323651987545,-0.1017622414496,0.1778251008018,0.0902720203520,0.4853350741576,0.1197641509019,1.0000000000000,0.2580702919113,0.1988306132301,0.0571968429265,0.4773812257189,-0.0413882362212,0.2744370917255,0.0864794748958,-0.0821561466040,0.0455319700975,0.1695220836726,-0.0105805629752,0.3201871652686,0.0018584152384,0.5231537578295,0.1649831334486,-0.2798200898640,-0.2867068846500,0.5432900084986,-0.3891316012913,0.6888259555452,-0.1456524079976,-0.2158807266520,0.1414024645730,0.1786972279341,-0.0792760452446,0.1210751551223,0.1784937398468,0.0840186910558,-0.4663903630966,-0.1009717775715,0.2505178565001,-0.0315199237096,0.4027521579476,0.0527495782062,0.8577418114991,0.3126343598299,0.0936782688503,0.0601477258457,0.3543136781385,-0.0587911998823,0.1422651089134,-0.0114540780637,-0.2859667532500,-0.0395361693800,0.0810401903147
0.1841615117886,0.4634886082247,0.2360833515413,0.5708222379146,-0.0945597165624,0.0920828714255,0.0239214779500,0.1988431039188,0.1223912932897,0.3437893154954,-0.0926156682258,0.5145221056924,-0.0526607573481,0.6138962155850,0.1719583472499,0.2480155620891,0.1816880335457,0.1696345198130,0.1302210535367,0.2897543279675,0.0664052331190,0.1065766935365,0.3872094821913,0.2127090023768,0.2580702919113,1.0000000000000,0.3917331067220,0.4070847651138,0.1031408280522,0.2248865117434,0.1837938692354,0.1990371791658,0.0159810715233,0.2737869328902,0.4866688128883,0.1413013392585,0.4999058565603,-0.1174043227595,0.6417677931673,-0.1758517760283,0.0566829670282,-0.1050759266093,-0.0467924185429,-0.0756716774755,0.2283652766291,-0.2001680335016,0.2924822025079,-0.0232664864672,0.5788024714322,0.1360132071836,0.1925998317475,0.1986646437580,0.0776570673280,-0.1139789929726,0.0742574347785,0.0712167244279,0.0241880823599,0.3875902179311,-0.0081761901453,0.1624519433417,0.6876287835962,0.0313309643956,0.1730433043654,-0.0934584947959,0.0497775693867,0.0075529550805,0.3260474703850,-0.0305139581742,0.1209094041057,0.3408847603975
0.3223748570140,0.3362962972555,0.4651699899064,0.3784172665108,-0.0206694181186,0.1129602461322,0.0337530712900,0.3420795345746,0.2053441817081,-0.1113118549267,-0.0765074589378,0.3146395308492,-0.1407925059556,0.1241819584652,0.2522148216456,-0.0315843114670,0.1069993233020,0.5971071353153,0.2731226349742,0.4748427095654,-0.0975652254297,0.1377590966271,0.2090372857138,0.4388685779788,0.1988306132301,0.3917331067220,1.0000000000000,0.5339860300236,0.2981539397960,0.1307286930085,0.3873170296921,-0.1610146239167,0.0250526594340,0.0797905801017,0.3361676397461,0.2028867779038,0.2406739436799,0.1529158966245,0.3298805872200,-0.1448195336903,0.0829250378867,-0.0836465755790,0.1136786665506,-0.0274739893632,-0.1659795859033,-0.0623627100058,0.0326229749678,-0.1589359216955,-0.0232516273381,0.0574526475807,-0.0869487129692,0.1427349241329,0.3022734578634,-0.0488720242526,0.2067218361833,-0.0861677115491,-0.0523449039250,0.1406842868740,0.1705036340934,0.0176670553017,0.0557336425928,0.3579803490832,0.3248809824130,0.0789479327851,-0.0779072652207,0.2001473994099,-0.1086440322699,-0.0488135479674,0.0214829585453,0.1765757334166
0.1250295856706,0.0505139411124,0.7936957690004,0.1705160937801,-0.1375554050721,0.2871123163078,0.1269011149452,0.4700839773196,0.3944688936156,0.1536801618588,-0.1485467183486,0.3685990631004,-0.1924670368443,0.4645703504396,0.3422026091301,0.1827439076646,0.1768687871157,0.2919351885859,0.4754353168307,0.2959979092222,-0.1616151506794,0.2260699974397,0.0817336482650,0.4529852830688,0.0571968429265,0.4070847651138,0.5339860300236,1.0000000000000,0.1603714376915,0.1179228359369,0.1653161156558,-0.0041968098538,0.1309916292695,0.0615776045194,0.0574466460498,-0.0134767631486,0.0202431896674,0.4445210545648,0.1644673433308,-0.2561985845892,0.3228654549939,-0.0397830801186,0.0941221312586,0.1274925772073,-0.0242498232034,-0.1200507327389,0.2017245957515,-0.2175930193744,0.2372614971516,0.1466341006926,0.1905044272367,0.1589578581714,-0.1618141680857,0.1238993229008,-0.1017777758015,-0.1384078470074,0.0924198232342,-0.0553157503497,0.0783201557334,-0.1555348705292,0.1582608170644,0.0123218602262,0.7050049593715,0.0042917664134,-0.0328930135000,-0.1696712682797,0.2009103379521,0.0947469311093,-0.0350473831123,-0.0723210937178
0.0321485402935,0.0886828017379,0.3027621670320,0.1835318854711,0.5197517144542,-0.2516096962281,0.2122546593833,0.4587553464766,-0.0200083831358,0.1001662857833,0.3204877286417,-0.0995319605823,0.4498580241924,0.0169101736951,-0.0358038588843,0.0919357121144,0.4648186024809,0.1755009004599,-0.0909741427295,0.0724094683283,0.4021427924618,0.4747834185541,0.3716012998003,0.4967525277683,0.4773812257189,0.1031408280522,0.2981539397960,0.1603714376915,1.0000000000000,-0.0993184538578,0.4454342733848,-0.2401843013617,-0.0284683028353,-0.2103387888447,0.0220088808148,0.0376887341919,0.0704788443185,-0.0959673477521,0.1019448063687,0.4251840665751,-0.3829608802215,-0.1230142168536,0.2354632602073,-0.3389156673003,0.1540212413632,0.1674615206219,-0.3315403232675,0.3781139995788,-0.0686707942921,-0.2870459846618,0.0020183245986,0.4623578692928,0.0756228360049,-0.3392795010879,-0.0805873167739,0.4074791515235,0.1851366660963,0.2003672362606,0.2662188235989,0.3526051222946,-0.0831880758376,-0.0797512461920,-0.0150520402253,0.8557859554846,-0.1422389003066,0.2425167229498,-0.2414468931339,-0.1538536758461,-0.2423910759832,-0.0847102191757
0.6127425916301,0.1746257585699,0.0481334584010,0.3150906300459,-0.1793190120115,0.2152422444197,0.2213573367724,-0.0016741497310,0.2510086063157,-0.0235756125303,-0.1071756938289,0.3404974762050,0.1039196836728,0.2268681491522,0.5515688266114,0.3444880915011,0.2119793947055,0.2505071761474,0.1985872169650,0.4910475137049,0.0558115681407,0.3445804617771,0.1388247293605,0.3020151650228,-0.0413882362212,0.2248865117434,0.1307286930085,0.1179228359369,-0.0993184538578,1.0000000000000,0.3075203467905,0.1170431806241,-0.0465156049243,0.4692005749891,0.5652965109703,0.5141109631622,0.1794141526737,-0.0653998147034,0.2978731203512,-0.2042369784005,0.1296138354269,0.0773141747425,-0.1600178412592,0.0969088846154,-0.0339683011429,-0.1764577663414,0.3886725792229,0.1119886698072,0.0933797843737,0.4366170589757,0.3243856477171,0.2323338986205,0.2902863432713,0.2539024473895,0.4138527161574,0.0078242407119,0.3253379547249,0.2404298320838,0.4027278566220,-0.0523310992197,0.1000836861513,-0.0644386624441,0.0220190593193,-0.1369905447555,0.8072529117578,0.1783220839776,0.1707515780180,-0.0895098018524,0.1615769895861,0.3865368110732
0.4310249746407,0.4363018319422,0.1362411792324,0.3600584750983,0.1591346300205,-0.1913288091914,-0.1641864725043,0.3700255384058,-0.0921928847798,-0.1137518527165,-0.0776448342540,0.0728702033363,-0.0282028127826,-0.1545496086247,0.1071587803309,-0.1112347188285,0.5636942912726,0.4936594617075,0.0045090207072,0.2964539469957,0.1481998920225,0.6185447458440,0.6042073490863,0.6797726381135,0.2744370917255,0.1837938692354,0.3873170296921,0.1653161156558,0.4454342733848,0.3075203467905,1.0000000000000,-0.2639679150276,0.0816848852048,0.2237972756180,0.4855987634798,0.5103731438807,0.3969524848880,-0.1734093098979,0.3341343737755,0.1302578371405,-0.3122821864334,-0.3484195240894,0.0840616084971,-0.3253166127837,-0.0558875872576,-0.1245596865344,-0.0747116205477,0.0485130285900,-0.2091905117013,-0.0897623847627,-0.2200366454456,0.5492811809900,0.5560696590458,-0.1470630685311,0.2328638321017,0.2452811399756,0.4445616782727,0.5525431762394,0.5630252167550,0.2186496103170,0.0081783631260,0.0342936945546,-0.0598681235324,0.2895590626796,0.2156802527512,0.6797507575560,-0.2588529292636,-0.1572973100194,0.2325965692296,0.5360814893535
-0.0114473611961,-0.0893753103596,-0.0820264666475,0.1596134754518,-0.2020524789600,0.1644500539812,-0.0013482790626,0.0168294469358,0.0283712211586,0.3902225891016,-0.0876649717766,0.2081382577406,-0.0208976005274,0.3711111594795,0.0974702766206,0.2706080946851,-0.0724425991340,-0.1550168942667,0.0974310885049,0.1615248284114,-0.0763447459411,-0.1626211335841,0.0035363430884,-0.1781242893533,0.0864794748958,0.1990371791658,-0.1610146239167,-0.0041968098538,-0.2401843013617,0.1170431806241,-0.2639679150276,1.0000000000000,0.1608280671854,0.0783317156741,0.0483619877502,-0.1258948899736,0.0912308665763,-0.1205095120410,0.1373625926760,-0.1659289001689,0.0470775652005,0.0268590950415,-0.0557375107963,-0.0086256002512,0.2212851716708,-0.1866386537747,0.1934020649829,-0.0197567961738,0.3286043372702,0.1932670670903,0.2008122388343,-0.0625539233598,-0.0760099975365,0.1472376604500,0.0458129511975,-0.1203596496703,-0.0720426505039,0.0595269551338,-0.1410423139228,0.0504442172801,0.3527011765166,-0.1342404715676,-0.0443852723896,-0.1994410285744,0.1453091969794,-0.2895128926655,0.6195062054213,-0.0178389361937,-0.0672671154730,-0.0147272894405
-0.0916782904521,-0.1685674681796,0.1123850438337,-0.1235061422687,-0.0732325962441,0.0183060493305,-0.0427086825380,0.1993811110361,-0.0492653667371,-0.0101437084920,-0.0914433785838,0.0598419241046,-0.0983631132568,0.1007588719404,0.1681572921333,-0.0712166020763,-0.0826457330708,0.1165600676333,0.2346229409158,0.1492935480663,-0.1761026163598,0.0697966903623,0.1824585112870,0.0564745367811,-0.0821561466040,0.0159810715233,0.0250526594340,0.1309916292695,-0.0284683028353,-0.0465156049243,0.0816848852048,0.1608280671854,1.0000000000000,-0.3693030188411,-0.2257900039154,-0.1408176728822,-0.0637521383110,0.0021593695634,-0.1833848233348,0.0173342301897,-0.1905132628898,-0.1092458053592,0.0359679856489,-0.0538044302877,-0.1608862945266,0.1007829301663,-0.0093012772250,-0.1686849811959,0.0527435306837,0.0155222799196,-0.2361298048266,-0.0960706202491,-0.0020071624757,0.0537802010005,-0.0764048822262,-0.1349801238942,0.0485576748801,0.0236016802716,-0.0661637205038,-0.1705705548797,0.0008483881036,-0.1804369347351,-0.0090961183908,-0.0306461317008,-0.0086860258846,-0.0698968774910,0.1250280196144,0.6008628012599,-0.2376721976691,-0.1441921120628
0.4592859394323,0.5070323925238,-0.1906017650919,0.4655311783727,0.0316234085504,0.0555479639498,-0.2688960574288,-0.1122343212384,0.0274970376023,0.1949694846035,0.0141475417690,0.1182474466577,-0.0448486106199,-0.0355759435962,0.0554911333881,-0.1095028491105,0.1690699780729,0.2077053306443,-0.1080197901971,0.1457628102079,0.2290883439117,0.2218050102260,0.1087923699823,0.1172786809097,0.0455319700975,0.2737869328902,0.0797905801017,0.0615776045194,-0.2103387888447,0.4692005749891,0.2237972756180,0.0783317156741,-0.3693030188411,1.0000000000000,0.6136618709664,0.5337101508532,0.3437648254033,-0.2103260777298,0.4758097633651,-0.1104880109402,0.1824454100416,-0.0639609822114,-0.1851028665499,0.0673628001614,0.1606708248569,-0.1118780043129,0.1830247258687,0.1700082964824,-0.0975812568401,0.2702735824241,0.0204542953130,0.1912897341427,0.3511668539202,-0.0332144892052,0.3048034916509,0.1959693103128,0.2314842497672,0.3175224333362,0.2037372492654,0.0753256246295,0.2369407101319,0.0629189142253,0.0089002479941,-0.2662810800792,0.3434883630991,0.1054385448063,0.1497040351159,-0.4254191541058,0.8138201243608,0.6711278935040
