1.0000000000000,0.1158890674037,-0.1604800460765,0.1572282187178,0.3052362496718,-0.0053573115413,0.2542371477906,-0.0599703774850,0.2413137524654,0.3941468153243,0.2074990463487,0.1212153986472,0.3094525848934,0.0579037017194,0.6847703205965,0.1833443991715,-0.0760665648604,0.2722738070845,0.2186054728460,0.3159599864144,0.2916257752701,0.2448180794935,0.2545040457816,-0.0687024563921,0.1600676005853,0.0950978830639,-0.0577559508760,-0.1737664324609,0.0994016096853,0.5969966811805,0.2149212017781,0.0151616935001,0.0693512425956,0.2949075675469,0.2908278611734,0.7685459055116,0.1419435543990,-0.2690883891903,0.1769634538443,0.2777894075464,-0.0842059912095,0.2735811463500,0.0064579617629,0.0799541343424,0.3181711080184,0.1712503553927,0.0665787346309,0.3166136898293,-0.0137608889491,0.6022777751171,0.1399069372325,-0.0499344750074,0.3457182063072,0.0881717214224,0.1151231889793,0.2501397734696,0.1436172900609,0.2147733342609,0.0149400574201,0.1818411353845,-0.0091728818322,-0.1707069149098,-0.1589555414777,0.0317885746894,0.5743956660355,0.0366080122111,0.0480679332386,0.0087469578400,0.3382233238704,0.2762473423751
0.1158890674037,1.0000000000000,0.0460889400768,0.7570456986707,-0.3596512784732,0.0933630829254,0.0242559715394,0.2740614497973,0.0267539368762,-0.1004949515767,-0.1845020942907,0.3651566665048,-0.3061072183081,0.1357603697526,-0.0410522259628,0.1496323686583,0.1919964620449,0.5292053392254,0.0340941563640,0.3812469195166,-0.2208546779214,0.1183257533147,0.5476747447136,0.2310439628480,0.3760879487419,0.5772695458371,0.5134424639996,0.1817933169539,0.3100507087544,-0.0102863683400,0.4916019867873,0.0325932466831,-0.2472860126743,0.2578758740434,0.5582725381320,0.1964087930694,0.7274685698458,-0.0244501576251,0.6503235890260,-0.3175865247694,0.1802469646270,-0.0058186884959,0.1657690920107,0.0244257555671,0.0509724997000,-0.1343695517722,0.0787151748894,-0.2432000735158,0.1741456933195,0.0142478001838,0.1469131034146,0.1109128716905,0.5003075857253,-0.0406855133500,0.3384992749828,-0.0892690853953,-0.0398527248675,0.5139841120832,0.0423539035029,0.3534495425945,0.5558838915475,0.2385494402821,0.1436933785978,0.1827833761522,-0.1266998523476,0.3621224060046,0.1103054015309,-0.0959661296859,0.2509155766765,0.5477424426195
-0.1604800460765,0.0460889400768,1.0000000000000,0.2009041354059,-0.2306120009445,-0.0058069792434,-0.1607787984690,0.1637866492001,0.0518691602278,0.0159660738953,-0.2002211357498,0.0338359894492,-0.1858116217777,0.2447715223485,0.0036316831944,0.0704494774972,0.4542580310166,0.0062201846029,-0.0034975472316,0.1124022555559,-0.2310140666863,0.0900771692135,0.2252603981318,0.4934136252377,0.1068019181223,0.1762782470283,0.4131350920914,0.7470744995498,-0.0373542701473,-0.0937877253340,0.1280715228911,-0.2411964358345,0.0883221083022,-0.0167003657495,0.0717556946537,-0.2027247013896,0.2474920427688,0.7107989376575,0.1987807111351,-0.2382575181389,0.0373253834040,-0.0289700626787,-0.0596351962214,0.0310597250782,0.0446527272787,-0.2941468298567,0.2222624879448,-0.0940004035880,0.2365081856798,-0.0295024901656,0.1024985243810,0.4465556431423,0.0124246689848,0.1908771286819,0.1365420113432,-0.1796103607349,0.1079640309433,0.2757149918914,0.2813199543782,0.0700140913235,0.1675056986659,0.2483435148964,0.6118191061150,-0.1738044501669,-0.1767006993102,0.1671347210033,-0.0420773884306,-0.0777531977704,-0.1325899630603,0.1130584794690
0.1572282187178,0.7570456986707,0.2009041354059,1.0000000000000,-0.3921507633524,0.2644171111269,0.1159363821954,0.3637141509101,0.0764291778983,0.1152158456517,-0.2520483996205,0.4175714023383,-0.2503508326774,0.2444575905471,0.0920246420036,0.3986656855083,0.2684430316209,0.5335461325541,0.0992084807620,0.4272960112445,-0.2073127904462,0.2005828813743,0.5693822969029,0.3067456329339,0.5326414885640,0.6648507010831,0.5538330165388,0.2055017665842,0.4057413825451,0.1656059273905,0.5464196943165,0.2065143250865,-0.0006917960475,0.3230605843933,0.6487217554950,0.1444534420829,0.5664256002739,-0.0253978398660,0.8524039831690,-0.3516540011260,0.2718445998243,0.0550861727170,0.1596782082699,0.0083998027631,0.2269873119967,-0.2744334999286,0.0938474358239,-0.2168501626097,0.2183720985757,0.1284027133323,0.3248947252580,0.1561826421358,0.4187697620514,-0.0757738297598,0.3268826368709,-0.1188326432483,-0.1136438765240,0.5334284973908,-0.0941402048071,0.4839020554231,0.5530121899398,0.1791965363870,0.1757567855984,0.1437412383569,-0.0603536678826,0.2597477393811,0.2488792284296,0.1630107250165,0.2108179391867,0.5679896809300
0.3052362496718,-0.3596512784732,-0.2306120009445,-0.3921507633524,1.0000000000000,-0.1848257635644,0.1203423151995,-0.1596039182564,0.0030203402331,0.4594028270454,0.6709969461633,-0.2838100007354,0.7790751068436,-0.1019645787595,0.2989052303201,-0.1404863213537,-0.1404479745935,-0.0938254013882,0.0052217379508,-0.0394194882894,0.8245414372982,0.1719805644041,-0.0078039753636,-0.2745819292508,0.0856315669156,-0.2319241531155,-0.3156975190542,-0.2286781651685,0.0847345755569,0.1482791563679,-0.1887846745305,-0.0005050112699,-0.0422637614841,0.0656276639723,-0.2422509064326,0.3217864926565,-0.1698363310524,-0.2393914889795,-0.3149722004776,0.9277575102165,-0.2320158835759,0.1784054608511,0.0280618968681,-0.0656156530009,0.3446262573670,0.5636648029665,-0.1375731946690,0.7062640020402,-0.1496158438018,0.2094052401112,-0.0967471846802,-0.0787737906469,-0.0637899492423,-0.0482301062352,-0.1698370419690,0.6709759468959,0.2244550361339,-0.1090786055412,0.1012021664242,0.2150475993603,-0.2599216017744,-0.1960888079523,-0.1916538616007,0.1992386315566,0.2706534817684,-0.1487032939503,-0.0400487348469,-0.1372629817372,0.0506979538619,-0.2178123214150
-0.0053573115413,0.0933630829254,-0.0058069792434,0.2644171111269,-0.1848257635644,1.0000000000000,0.6245769558857,0.3718236145845,0.4356552208048,-0.0696011810863,-0.0337179065466,0.0744059160216,-0.1382734120388,0.1638716631230,0.1580808867594,0.6093788384801,-0.0193847939597,0.0762718841942,-0.1429730299281,0.0092911599829,-0.1233000388421,-0.1035056150519,0.1917711298485,-0.1318859414154,-0.0453482798185,0.1969450262835,0.1362908005696,-0.1038461791583,-0.0637697758547,0.2987570442332,0.3138354118649,0.5702909096358,0.3570956420759,0.3346371500958,0.2979413998650,-0.1274890183749,-0.0840548139441,-0.1074095205475,0.2047634450514,-0.1695940981543,0.8002219104215,0.3603348652013,0.2102720394062,0.3934849466822,0.0953928005664,-0.0787730169675,-0.1313692419538,-0.1879435279823,-0.0035088700761,-0.0955631896448,0.5740261918577,-0.2217644815488,-0.2664852218975,-0.4001132213894,-0.3501911579534,-0.1954563221815,-0.4031847177994,0.0930470781010,-0.4133069185727,-0.0625819239671,-0.0787625462646,-0.0708896142093,-0.0360333330339,-0.2133306462762,-0.1918351222082,0.0122847504657,0.1543039967040,0.4320266293518,0.1632890513725,0.1383326337640
0.2542371477906,0.0242559715394,-0.1607787984690,0.1159363821954,0.1203423151995,0.6245769558857,1.0000000000000,0.2080850151032,0.7556467837488,0.0492930658682,0.4675979224569,0.2698516445587,0.2333152443139,0.3273304358730,0.5384767237597,0.4461449910248,-0.3061415834247,-0.0174152595685,0.0984546722857,0.0693913131991,0.1760233198422,-0.1195539834068,0.0760606007320,-0.3383778550858,-0.1367120144322,0.2075513452652,-0.0137719273934,-0.1221405654486,-0.1247515782786,0.3918345547983,0.1101390406712,0.3844184640973,0.1465810958594,0.2979663698891,0.1718226973416,0.0504332534340,-0.1099813541820,-0.1709861892715,0.0962021986688,0.1983871427369,0.5880635580677,0.7976054989376,0.1345508071237,0.6388515370607,0.1614235223384,0.4267073410024,0.0971784766570,0.1869180476590,0.1531976155678,0.2222564538809,0.5874715845753,-0.3995461611516,-0.1940913779765,-0.0890200066888,-0.2543384677851,0.1293647923699,-0.2646256366053,-0.0375005695208,-0.3284946071947,-0.0807667357319,-0.0927832735398,-0.0713994920846,0.0046803264855,-0.1360236851384,-0.0212801347968,-0.0731286148058,0.1566476059100,0.2138650094800,0.2736478832715,0.1897800490424
-0.0599703774850,0.2740614497973,0.1637866492001,0.3637141509101,-0.1596039182564,0.3718236145845,0.2080850151032,1.0000000000000,0.0263118140287,0.1300481168637,-0.0051430131586,-0.0828241641326,-0.2366545843726,-0.1320891351384,0.0287747046142,0.2591223253593,0.2899818388074,0.2124099448944,-0.1682351304506,-0.0010561852708,-0.1761948796071,-0.0598326785894,0.3044088771036,0.0711201175960,0.4994059986592,0.1974285207771,0.3562139999228,0.0313743019325,0.3530646828697,-0.0663864134406,0.5489998300934,0.4579765433348,-0.0147049597112,0.0972079930612,0.2123570719200,-0.1562006100503,0.1081696414488,0.1140660471216,0.3470264291001,-0.1252041712030,0.3302067424913,0.0487737190473,0.6357885870471,0.0992200019751,0.2289305386689,0.0422537708954,-0.3260339523418,-0.2420978818390,-0.0634755536842,0.0507887947050,0.1817217077463,0.1256722387678,-0.0746057341945,-0.3484543994487,-0.0765610944867,-0.2161061143171,-0.1783306348138,0.2131453992910,-0.2286637749447,0.3962418902609,0.1648919322706,0.1023489016557,-0.0036221002718,0.2691833060928,-0.2798513444648,0.2390746909730,0.1503856429458,0.2245646241207,0.0292992180088,0.1015733076476
0.2413137524654,0.0267539368762,0.0518691602278,0.0764291778983,0.0030203402331,0.4356552208048,0.7556467837488,0.0263118140287,1.0000000000000,-0.0131186715735,0.2672415022146,0.4770338815151,0.0476001932917,0.5908525136240,0.6132774844564,0.3356494206520,-0.2815716847839,-0.0101000253673,0.3309062004779,0.1160106085929,-0.0015628457359,-0.0565385603694,0.0222910428359,-0.2046909105188,-0.2671365556540,0.1379973992240,0.0490199722593,0.1464659951134,-0.2296933864126,0.3032518386917,0.0606828688233,0.1037317180751,0.0046885223540,0.2806493610340,0.0475753268037,0.0520478477931,-0.1012516908896,0.0038905808129,-0.0206979174653,0.0737613799171,0.5089342795535,0.6241049519936,-0.0637648025823,0.6426689129870,0.0290373531404,0.1667857178657,0.4654036998682,0.0476661128101,0.3621824685937,0.2272093340662,0.4899504056591,-0.3320221122472,-0.1345447908814,0.2242638154150,-0.0863132462512,0.0109921459937,-0.1250892384026,-0.1295758354537,-0.1136385886853,-0.1972249419518,-0.0906404965398,0.0468240616372,0.2272439581632,-0.2032162379042,-0.0607082790205,-0.0571411507369,0.1295879046176,-0.0183563579404,0.2243738100136,0.1298089311601
0.3941468153243,-0.1004949515767,0.0159660738953,0.1152158456517,0.4594028270454,-0.0696011810863,0.0492930658682,0.1300481168637,-0.0131186715735,1.0000000000000,0.2605730639020,-0.1394925946640,0.3704724518274,0.0940291887378,0.3741620203999,0.1787636492332,0.0050502826538,0.1446167408103,0.0297503181566,0.0597969305588,0.3862294654745,0.1909974217361,0.3308043307041,-0.0754301289731,0.4511195677961,0.1578844332802,-0.2146686307519,-0.0451920267042,0.1295905609027,0.1723641462511,0.0106258048334,0.2106657057230,0.0431728825215,0.0936321002325,0.1626628737851,0.2539838014722,0.0509299030171,-0.1465825213275,0.1901097528819,0.4265057352891,-0.1460570921141,0.0998759513681,0.1629888722768,-0.1521270546706,0.7714326110815,0.1305747344388,-0.1250758422375,0.3438122787210,0.1430207390070,0.3412461787098,0.1010806816666,-0.0217831674037,0.0628593391415,-0.1019294193090,-0.0827633924057,0.2850190956281,0.0438742029874,0.1980061246098,-0.1225049429799,0.4736389651661,0.1817077959599,-0.2593921805713,-0.0595032098124,0.1083024672590,0.2374182418465,-0.1736306041420,0.3052973167888,0.0327928087396,0.0336500062691,0.0483698738321
0.2074990463487,-0.1845020942907,-0.2002211357498,-0.2520483996205,0.6709969461633,-0.0337179065466,0.4675979224569,-0.0051430131586,0.2672415022146,0.2605730639020,1.0000000000000,-0.1200229292980,0.7087596891883,0.0203005278731,0.3246920716024,-0.0660933619994,-0.2297351927835,-0.0677986457719,0.0571280861290,-0.0617153846328,0.7216086600295,0.0751993969069,-0.0820870828066,-0.2345717726993,-0.0646429068214,-0.1639998068332,-0.2452304870051,-0.1248093917076,0.1150599538047,0.0476458794252,-0.1869959063608,0.0507170492839,-0.1025794453722,-0.0222754167811,-0.2984980315381,0.1757333069450,-0.1446763857575,-0.2429174355922,-0.2158085416491,0.7665037236501,-0.0338427326655,0.4982957293427,-0.0349757854481,0.2663649489449,0.1247355720450,0.8463702452384,-0.0636957849309,0.6760451834759,-0.0788747444047,0.1176579629444,0.0332718974075,-0.2026783505775,-0.1368897244732,0.0133143812159,-0.1948840834675,0.6965737445510,0.0616384009552,-0.2091329558657,-0.0880182219622,0.0386265221993,-0.2541043509305,-0.2427354516896,-0.1736998077068,0.2362382752011,0.0205506553665,-0.2602642929826,0.0495603186320,-0.1625816365995,0.0264201026564,-0.2346073897723
0.1212153986472,0.3651566665048,0.0338359894492,0.4175714023383,-0.2838100007354,0.0744059160216,0.2698516445587,-0.0828241641326,0.4770338815151,-0.1394925946640,-0.1200229292980,1.0000000000000,-0.1903309564324,0.6570177508374,0.3090232298007,0.2811275599165,-0.1140301742975,0.2559412307145,0.5532368076993,0.3666044143450,-0.1726282565710,0.0784582612810,0.0337494990333,0.0474789485793,-0.0561547521597,0.4696028009115,0.4069525371231,0.3231019764953,-0.0109396999514,0.2063417338073,0.1016158136991,0.0091409782086,-0.1585870597399,0.2201035199836,0.2531020911542,0.1421657855968,0.1630160365998,0.0182469578218,0.2703467815466,-0.2169559435061,0.2000439425172,0.2410465504497,-0.1292418177837,0.3419518230225,-0.1301862735276,-0.1561721338956,0.7288089214908,-0.1596457531956,0.6364579502735,0.2638841309547,0.3468383212710,-0.1363918167391,0.1873285033552,0.5451780422019,0.3484611297082,-0.0948597901704,-0.0313092255299,-0.0140126958587,0.0504204214127,-0.0360676748151,0.3918086532221,0.3106134814279,0.3329413789255,-0.0557434806902,0.0517696899574,0.0281115139929,0.3375855281964,0.0093640020351,0.2341446698178,0.2826654960251
0.3094525848934,-0.3061072183081,-0.1858116217777,-0.2503508326774,0.7790751068436,-0.1382734120388,0.2333152443139,-0.2366545843726,0.0476001932917,0.3704724518274,0.7087596891883,-0.1903309564324,1.0000000000000,-0.0297755998656,0.3526195167467,0.0969563293970,-0.0528360425431,-0.0554916984703,0.0772354870061,0.0724246097280,0.8907125421657,0.2547908689741,0.0022116290182,-0.0838626514407,0.0020730411881,-0.1797704756386,-0.3612307396954,-0.2153709011499,0.1539400045987,0.2980209175550,-0.1510361202565,-0.0778837248193,0.0679122584986,0.1416613658544,-0.1497201408726,0.3301349882866,-0.1278963571270,-0.2708958008806,-0.1988627553363,0.7813454900818,-0.2564061161766,0.3507515730043,-0.2092262558024,-0.0175402947816,0.1977061958816,0.5762212314407,-0.0237082955250,0.9310514982454,-0.0900889199347,0.2436279250036,0.1450774310180,0.0379176515830,0.0439204014147,0.0379642457937,-0.0605668369493,0.7794355091431,0.2826303300835,-0.0437995823819,0.0993115757811,0.1164141587992,-0.2488831009113,-0.3342683180224,-0.2864637537731,0.2100631331372,0.3840097799630,-0.1340651909094,-0.0173620150508,-0.0537129552154,0.1346009320437,-0.0908154860684
0.0579037017194,0.1357603697526,0.2447715223485,0.2444575905471,-0.1019645787595,0.1638716631230,0.3273304358730,-0.1320891351384,0.5908525136240,0.0940291887378,0.0203005278731,0.6570177508374,-0.0297755998656,1.0000000000000,0.3627679163833,0.2976683747869,-0.1205147325289,0.0077502838622,0.4188029962355,0.2263510977835,-0.0725716015043,0.0209374359150,0.1039577088708,-0.0193886582515,-0.1680855110708,0.4362056728920,0.2241515798549,0.3599547562304,-0.2318690948084,0.2398822069131,-0.0747578548846,-0.0790170143248,0.0003058794210,0.2615758117658,0.1272059807285,0.0074463842427,0.0687864678192,0.1160081411888,0.1109165668941,-0.0828761793403,0.2285121767384,0.3188078470930,-0.2157350388635,0.3287855818649,0.0434952382120,-0.0703160276893,0.7207380388182,0.0419477108303,0.7935535687772,0.1720026558783,0.4322959218276,-0.1095483790479,-0.0459572215124,0.4321857660102,0.0931377053276,0.0243964987081,-0.0447165952162,-0.0207382331806,0.0046624338161,-0.1301297818566,0.2675418528938,0.1668320958636,0.3861235440532,-0.2724389500482,0.0173596721988,-0.1342164814204,0.3670036161617,-0.0472790699352,0.2407997777379,0.2340613824971
0.6847703205965,-0.0410522259628,0.0036316831944,0.0920246420036,0.2989052303201,0.1580808867594,0.5384767237597,0.0287747046142,0.6132774844564,0.3741620203999,0.3246920716024,0.3090232298007,0.3526195167467,0.3627679163833,1.0000000000000,0.3734441663952,-0.2025839716112,0.1921671591368,0.4432820388492,0.3652965186215,0.2267595923183,0.0119261895495,0.1156260582733,-0.1678955678981,-0.0693207750502,0.2471288813618,0.0369909774045,0.0319866838308,-0.0961919243089,0.6383992222449,0.0366276119669,0.1042961189429,0.1306395561987,0.3255835875445,0.1766603712008,0.3659146908296,-0.0270215032403,-0.0382832409242,0.0702940195821,0.3107566447986,0.1187685411204,0.5172737749485,0.0070713513568,0.3247596969002,0.2971429588508,0.1894806818551,0.2894950402995,0.3291947564432,0.2390641109234,0.6692555678108,0.3916867403777,-0.2001135377088,0.1073328231482,0.2113152735974,0.0784519979871,0.1740941603266,-0.0297778353348,0.0113427847819,-0.1289074878852,0.0006869807593,0.0307256120970,-0.0242761636398,0.0976072126312,-0.0832313329216,0.3926661474281,-0.0983630253191,0.1435964832726,0.0537304095676,0.2877998727740,0.1959873584103
0.1833443991715,0.1496323686583,0.0704494774972,0.3986656855083,-0.1404863213537,0.6093788384801,0.4461449910248,0.2591223253593,0.3356494206520,0.1787636492332,-0.0660933619994,0.2811275599165,0.0969563293970,0.2976683747869,0.3734441663952,1.0000000000000,0.1068622073683,0.2557609110499,0.1660756519565,0.3416537127671,0.0421586555126,0.0827946006017,0.3228407872997,0.1180759202896,0.0611489936928,0.3505315935252,0.0613704628613,-0.0116434642587,0.0553464231150,0.5544057579052,0.3080162923885,0.3456954480358,0.2652078515461,0.5361005386739,0.4309109434418,0.1187730836744,0.0705018132623,-0.0973664985504,0.3357144105060,-0.1382540090586,0.3689332844315,0.3313743348185,0.0115966794375,0.0995821501404,0.2429450105464,-0.2327757529378,0.1575289913577,0.1113562781949,0.2660823786793,0.1933451596545,0.7442313262229,-0.0290345973296,0.1103057664797,-0.0685841490252,0.0787101477790,0.0124317619296,-0.1959887568929,0.2122726858025,-0.2717988052438,0.0718206856680,0.1724181983871,-0.1430045529744,-0.0715001799787,-0.1162360486473,0.1727349272359,-0.0165490969073,0.2722571335937,0.3383352396467,0.3422201851344,0.2346608141715
-0.0760665648604,0.1919964620449,0.4542580310166,0.2684430316209,-0.1404479745935,-0.0193847939597,-0.3061415834247,0.2899818388074,-0.2815716847839,0.0050502826538,-0.2297351927835,-0.1140301742975,-0.0528360425431,-0.1205147325289,-0.2025839716112,0.1068622073683,1.0000000000000,0.2327173177281,-0.1105985696047,0.1510988615917,-0.0109397638977,0.5222578080380,0.3137840482875,0.7443217116244,0.3541240419488,0.0620734102600,0.2536846769469,0.3415724236557,0.4604877309261,-0.0191272677926,0.4571293435645,-0.0553016243439,0.0691553595738,0.1013734306608,0.2211643714881,0.0677651189022,0.2386195705832,0.2420901887505,0.2745992666299,-0.1628480857258,-0.0604412861771,-0.2315686155780,-0.0486657027237,-0.2283739778064,-0.0529029057963,-0.2110275804921,-0.1499491195937,-0.0126111374895,-0.0467392242885,-0.0934276223199,0.0123140719415,0.9033842308327,0.1652131742097,-0.1000864829234,0.1485574134673,-0.0401268525020,0.5217685745533,0.3876536402493,0.4983243085675,0.2655898473679,0.0978561737184,-0.0353333408722,0.0665687053570,0.3213068798865,0.0284876272892,0.4237275388884,0.0470067425165,0.1728444241257,-0.0151991050522,0.1615347805131
0.2722738070845,0.5292053392254,0.0062201846029,0.5335461325541,-0.0938254013882,0.0762718841942,-0.0174152595685,0.2124099448944,-0.0101000253673,0.1446167408103,-0.0677986457719,0.2559412307145,-0.0554916984703,0.0077502838622,0.1921671591368,0.2557609110499,0.2327173177281,1.0000000000000,0.2652853672486,0.5842688216783,0.0168723108353,0.3101171861702,0.4145070596265,0.4501141253710,0.3345876197720,0.3070086939085,0.3776367252832,0.1394174559225,0.4946569045791,0.1329665007095,0.4852193775337,0.2179951260666,-0.0715683137085,0.2195661578631,0.4299337086513,0.2517655250728,0.3729114689482,-0.2633766833259,0.4508713026562,-0.0827160249657,0.0415038081354,-0.0354868331030,-0.0647583896566,-0.0668358407682,0.0414776654335,-0.1850842783981,-0.0332862122085,-0.0231464453090,-0.0150851372201,0.1286442488696,0.1040259246156,0.1486851523303,0.6306986766866,0.0263960987619,0.4527273021377,0.0660130202163,0.0139590718466,0.2625553061022,0.0198692935753,0.2270146599425,0.2575091310143,-0.0486062182363,-0.0949350643088,0.3356676886655,0.0490819248741,0.0882616006749,0.2816245347924,0.0862888540284,0.0769476049422,0.2885425952255
0.2186054728460,0.0340941563640,-0.0034975472316,0.0992084807620,0.0052217379508,-0.1429730299281,0.0984546722857,-0.1682351304506,0.3309062004779,0.0297503181566,0.0571280861290,0.5532368076993,0.0772354870061,0.4188029962355,0.4432820388492,0.1660756519565,-0.1105985696047,0.2652853672486,1.0000000000000,0.5055307110251,0.0244825620539,0.0854265304854,-0.1126982404244,0.0765677289007,-0.1868321419973,0.2632183597969,0.2023429970443,0.2236650360096,0.0342549243437,0.2746149549772,-0.1234409028093,-0.0957388154168,-0.0203565794046,0.1579110921801,0.0989498027816,0.1916631202168,-0.0900156609439,-0.0193515982551,-0.0208893545952,0.0488931540480,-0.0132075364890,0.1108778217541,-0.2463212369770,0.1637913718326,-0.1622286125274,-0.0319607479521,0.4298198566383,0.0920565653829,0.2961261122300,0.3282235016822,0.1453653897394,-0.0490074580245,0.1281083116327,0.5622200068061,0.3259364179744,0.0712022864668,0.1037485783273,-0.1612234170757,0.0561465124034,-0.2012340498621,0.1587658575369,0.0807253372712,0.1594218169000,0.0608253453230,0.2071689733580,-0.1484455663831,0.1453490887023,-0.0773377114396,0.1319881435794,0.1044810989743
0.3159599864144,0.3812469195166,0.1124022555559,0.4272960112445,-0.0394194882894,0.0092911599829,0.0693913131991,-0.0010561852708,0.1160106085929,0.0597969305588,-0.0617153846328,0.3666044143450,0.0724246097280,0.2263510977835,0.3652965186215,0.3416537127671,0.1510988615917,0.5842688216783,0.5055307110251,1.0000000000000,0.0669023185025,0.0973455879526,0.3515006354257,0.2313642598261,0.0567716168159,0.5233771827650,0.4172118812638,0.1385486766808,0.1461704322881,0.4422904304055,0.3156377802881,0.0810595275732,0.0360642649503,0.4461606640220,0.5348404630388,0.3749830737612,0.2971442328123,-0.0184606864459,0.3616058132622,-0.0447296209424,-0.0064489972826,0.0869307702829,-0.1333660347282,-0.0069369892128,0.0612889068740,-0.1069268166455,0.1596226687327,0.1474355683791,0.1341284601630,0.2707438634140,0.2693311025689,0.1179240314441,0.5342006833677,0.1696768955732,0.5577824183926,0.1497234540700,0.0182260728367,0.3449113216496,0.0542987713675,0.0251683125363,0.3498704558812,0.1398274261604,0.0340527198028,-0.0347159079846,0.2909697573056,0.2343285439440,0.1562969381551,0.0414483894666,0.3807561049413,0.5154616452285
0.2916257752701,-0.2208546779214,-0.2310140666863,-0.2073127904462,0.8245414372982,-0.1233000388421,0.1760233198422,-0.1761948796071,-0.0015628457359,0.3862294654745,0.7216086600295,-0.1726282565710,0.8907125421657,-0.0725716015043,0.2267595923183,0.0421586555126,-0.0109397638977,0.0168723108353,0.0244825620539,0.0669023185025,1.0000000000000,0.3162713192226,0.0813381760468,-0.0802325182576,0.0820004273478,-0.1745530898786,-0.3264859332015,-0.2269832223496,0.2076577760889,0.1617310838327,-0.0610907657986,-0.0173946791847,-0.1030949314777,0.1791548564946,-0.1363420183658,0.4249826662753,-0.0755904341258,-0.3301248816970,-0.1891124288113,0.8442466246157,-0.2018425402951,0.2509987109529,-0.1628679989475,-0.0745247648125,0.2288359985879,0.5887427994525,-0.0699552271038,0.8565320503836,-0.1205746530888,0.1138727766353,0.0701162229424,0.0151952363634,0.0686378318637,-0.0013005761482,-0.0530732223823,0.8976798497800,0.2731544528502,-0.0179102158636,0.0981065788758,0.2117378256095,-0.2265940501217,-0.3047592114945,-0.3217597527048,0.2459839052851,0.2345991585410,-0.0987358634736,0.0135668328435,-0.1429631963084,0.1532259091686,-0.1256637427830
0.2448180794935,0.1183257533147,0.0900771692135,0.2005828813743,0.1719805644041,-0.1035056150519,-0.1195539834068,-0.0598326785894,-0.0565385603694,0.1909974217361,0.0751993969069,0.0784582612810,0.2547908689741,0.0209374359150,0.0119261895495,0.0827946006017,0.5222578080380,0.3101171861702,0.0854265304854,0.0973455879526,0.3162713192226,1.0000000000000,0.2387710494847,0.6404632774297,0.3392952267960,-0.1258690746508,-0.0132523339341,0.2690105994215,0.6079310936011,0.0707717404771,0.4005934501101,-0.1019650942126,-0.0846183918182,0.1690389420755,0.0672236256303,0.3342826884911,0.0554006766063,-0.2901090788358,0.1298503971231,0.1579262541687,-0.1245144088904,-0.0313086032173,-0.3133801922385,-0.1136905167287,-0.0216251437810,0.0358381413346,0.0420102207683,0.2278069818346,0.0002300438924,0.0983569343909,-0.0050705078207,0.5194278372859,0.2308629872899,0.1796368529194,0.1630030289481,0.2339447492859,0.7214003357259,0.1495079463257,0.5827498107541,0.3051580416993,-0.1114624602519,-0.3554108440006,-0.0345371828464,0.5297426106066,0.1737831022391,0.0438270397940,0.2507710584635,0.0259760847989,0.0949648945804,0.0779551824106
0.2545040457816,0.5476747447136,0.2252603981318,0.5693822969029,-0.0078039753636,0.1917711298485,0.0760606007320,0.3044088771036,0.0222910428359,0.3308043307041,-0.0820870828066,0.0337494990333,0.0022116290182,0.1039577088708,0.1156260582733,0.3228407872997,0.3137840482875,0.4145070596265,-0.1126982404244,0.3515006354257,0.0813381760468,0.2387710494847,1.0000000000000,0.2175791226304,0.5033048596272,0.3794723417185,0.2174326762461,0.0621392006667,0.2417408944022,0.1521260738404,0.6385084335982,0.2032170171233,-0.0631790626474,0.3751532529495,0.5871207645609,0.2969216959369,0.6287937611279,-0.0581941020480,0.5608259569026,-0.0103004340281,0.0723942572702,0.0105965415684,0.1864657752595,-0.1668602943719,0.5214556749812,-0.1587554118771,-0.0638294848112,0.0893293493672,0.0977579974234,0.0593008807061,0.2490489058559,0.1655866900400,0.3949671539626,-0.2089283531170,0.1923132801400,0.1007874292781,-0.0013947563260,0.8542680311836,0.0260159113010,0.5036744986852,0.3207263603945,0.0050198611267,0.0128800525875,0.0251293940226,0.0108896665473,0.3887525223335,0.1560125145472,-0.0016186977262,0.2610394020957,0.5661239477834
-0.0687024563921,0.2310439628480,0.4934136252377,0.3067456329339,-0.2745819292508,-0.1318859414154,-0.3383778550858,0.0711201175960,-0.2046909105188,-0.0754301289731,-0.2345717726993,0.0474789485793,-0.0838626514407,-0.0193886582515,-0.1678955678981,0.1180759202896,0.7443217116244,0.4501141253710,0.0765677289007,0.2313642598261,-0.0802325182576,0.6404632774297,0.2175791226304,1.0000000000000,0.2891674115037,-0.0003848307037,0.2018947334500,0.5222009834125,0.5686336890151,-0.0999030378570,0.3637811399128,-0.2503486979322,0.0335851918774,0.0019296121947,0.1312261723913,-0.0096266567912,0.2423054166931,0.1291791130116,0.2829536396815,-0.2860849279856,-0.1339622723515,-0.1630827035693,-0.3467934069828,-0.1816807002739,-0.2342354711067,-0.2865152568060,0.0442158684088,-0.0202420184844,0.0307088387521,-0.0628891111864,0.0328327591817,0.7533616287804,0.3696430734958,0.1695965253166,0.3694016247976,-0.0271685610749,0.5220787806573,0.2124516064797,0.5591265791986,0.1762327035663,0.0652310079001,-0.1708701227387,0.1099744900626,0.4294836752681,-0.0187357420979,0.1537266737512,0.0995701152730,0.0626057584945,-0.1101995381067,0.0827969802300
0.1600676005853,0.3760879487419,0.1068019181223,0.5326414885640,0.0856315669156,-0.0453482798185,-0.1367120144322,0.4994059986592,-0.2671365556540,0.4511195677961,-0.0646429068214,-0.0561547521597,0.0020730411881,-0.1680855110708,-0.0693207750502,0.0611489936928,0.3541240419488,0.3345876197720,-0.1868321419973,0.0567716168159,0.0820004273478,0.3392952267960,0.5033048596272,0.2891674115037,1.0000000000000,0.1831788955633,0.2227065538765,0.0242617446512,0.6279218460214,-0.1148621896643,0.4791752895595,0.1642463417543,-0.0493635399892,0.0065003227083,0.3581555251761,0.1345513509227,0.3732373101650,-0.0792725159769,0.5816341144772,0.0239706857630,-0.0632399498415,-0.0893002450793,0.4629155097136,-0.2055402463065,0.5087744275125,-0.0201597846655,-0.2242711683555,-0.0085721002911,0.0082792190036,0.1675273513885,0.0090836141969,0.2876898193620,0.3037056989196,-0.1784855863819,0.1551388734615,0.0453294023461,0.1458604418740,0.4571369946724,0.1183912794696,0.8989969714765,0.2947776622670,0.0339720556904,-0.0224003627788,0.4860119365578,0.0074795942227,0.2766545614202,0.2015540685975,0.1139231525335,-0.0182822276735,0.2626759177878
0.0950978830639,0.5772695458371,0.1762782470283,0.6648507010831,-0.2319241531155,0.1969450262835,0.2075513452652,0.1974285207771,0.1379973992240,0.1578844332802,-0.1639998068332,0.4696028009115,-0.1797704756386,0.4362056728920,0.2471288813618,0.3505315935252,0.0620734102600,0.3070086939085,0.2632183597969,0.5233771827650,-0.1745530898786,-0.1258690746508,0.3794723417185,-0.0003848307037,0.1831788955633,1.0000000000000,0.5497515938308,0.2711427912906,0.0607815192558,0.2603308819962,0.2004388162629,0.2515514668005,0.0187828804423,0.3327631922380,0.6654619147426,0.0811251910012,0.4421679075831,0.1428305386191,0.5980554023662,-0.1844610855574,0.2744230523727,0.1764188041723,0.1341609336207,0.1290788575083,0.2245958588641,-0.1536183148620,0.1604324668432,-0.1123505711048,0.4353706531748,0.2058137435809,0.3536377362825,-0.0202768437531,0.2300873508941,-0.0231980843319,0.2176028729878,-0.0786273703148,-0.2228332912663,0.3990255135982,-0.1740669032870,0.1818401029114,0.7868808310158,0.3800286731262,0.3551700407123,-0.0737809247600,0.0173793551241,0.2013518994676,0.2706981141048,0.1408584101845,0.2819364112845,0.6151828905516
-0.0577559508760,0.5134424639996,0.4131350920914,0.5538330165388,-0.3156975190542,0.1362908005696,-0.0137719273934,0.3562139999228,0.0490199722593,-0.2146686307519,-0.2452304870051,0.4069525371231,-0.3612307396954,0.2241515798549,0.0369909774045,0.0613704628613,0.2536846769469,0.3776367252832,0.2023429970443,0.4172118812638,-0.3264859332015,-0.0132523339341,0.2174326762461,0.2018947334500,0.2227065538765,0.5497515938308,1.0000000000000,0.4949258780765,0.1697508344981,0.0041632655645,0.3861444054232,0.1397699523866,-0.0615911330280,0.1198690589213,0.3447473893776,-0.0752439316722,0.2964047584795,0.3324928710305,0.3769469359174,-0.3054365519658,0.2554134408015,-0.0979765384357,0.1977562075370,0.1410125430576,-0.1308455599764,-0.2336683296416,0.1391940177967,-0.3254806830359,0.1636071262173,0.0327357021860,0.0325855193656,0.1548300664479,0.1205720105763,0.1035838283361,0.2116663248105,-0.2818879759297,-0.1455016938261,0.2525851628274,0.0382616000369,0.1531182136503,0.3952009204874,0.6038581525924,0.4922072506648,0.0041856315530,-0.2112882139967,0.2660900213436,0.0887680906944,0.0251769045895,0.0458959988637,0.3296190601006
-0.1737664324609,0.1817933169539,0.7470744995498,0.2055017665842,-0.2286781651685,-0.1038461791583,-0.1221405654486,0.0313743019325,0.1464659951134,-0.0451920267042,-0.1248093917076,0.3231019764953,-0.2153709011499,0.3599547562304,0.0319866838308,-0.0116434642587,0.3415724236557,0.1394174559225,0.2236650360096,0.1385486766808,-0.2269832223496,0.2690105994215,0.0621392006667,0.5222009834125,0.0242617446512,0.2711427912906,0.4949258780765,1.0000000000000,0.0646916156182,-0.1490102013991,0.0421684543704,-0.2058170869492,-0.0496340118950,-0.0546466083723,-0.0139117978713,-0.1900140300443,0.1537240257538,0.5417646310805,0.1303957250371,-0.1917514182277,0.0429147293479,0.0218279892659,-0.1940797857858,0.1324730212278,-0.1444519415798,-0.1780400980116,0.3452981709709,-0.1539724608327,0.3601682101238,0.0156794399848,0.0344926933318,0.3575679473828,0.0038431822466,0.3669993579020,0.1370136841763,-0.1788952698555,0.2727283380671,0.0579937132934,0.4704530643369,-0.0176331479463,0.2460968378338,0.2330109471132,0.7967767573177,0.0721318935107,-0.1896761192791,0.0166198430128,0.1777263705104,-0.1180469052592,-0.1287233131042,0.0392242957913
0.0994016096853,0.3100507087544,-0.0373542701473,0.4057413825451,0.0847345755569,-0.0637697758547,-0.1247515782786,0.3530646828697,-0.2296933864126,0.1295905609027,0.1150599538047,-0.0109396999514,0.1539400045987,-0.2318690948084,-0.0961919243089,0.0553464231150,0.4604877309261,0.4946569045791,0.0342549243437,0.1461704322881,0.2076577760889,0.6079310936011,0.2417408944022,0.5686336890151,0.6279218460214,0.0607815192558,0.1697508344981,0.0646916156182,1.0000000000000,-0.1229521061304,0.4971521228243,0.0810962307793,-0.0194937047674,-0.0537813153444,0.1883865653926,0.1039545601064,0.1908854769885,-0.3352814666728,0.3741985500874,0.0983682655875,-0.0634834710938,-0.0430479093980,0.0218149946297,-0.1449612237697,-0.0302731916850,0.0835139146337,-0.2610820070188,0.1242804300364,-0.1765028633440,0.0119044208498,-0.0409865976487,0.4090555989905,0.2946605031334,-0.1203509287772,0.2016784422595,0.1732889607455,0.3627677819926,0.1725165218541,0.2528174436989,0.5138478379465,0.0543322839746,-0.2128563192099,-0.2147200825642,0.8718102528067,-0.0182068366917,0.1949244301009,0.1271373923809,0.1729630713396,-0.1669083431631,0.0763789845412
0.5969966811805,-0.0102863683400,-0.0937877253340,0.1656059273905,0.1482791563679,0.2987570442332,0.3918345547983,-0.0663864134406,0.3032518386917,0.1723641462511,0.0476458794252,0.2063417338073,0.2980209175550,0.2398822069131,0.6383992222449,0.5544057579052,-0.0191272677926,0.1329665007095,0.2746149549772,0.4422904304055,0.1617310838327,0.0707717404771,0.1521260738404,-0.0999030378570,-0.1148621896643,0.2603308819962,0.0041632655645,-0.1490102013991,-0.1229521061304,1.0000000000000,0.1588703782840,0.1550431435899,0.4704576491730,0.6062166515705,0.4505279344078,0.4290304383080,0.0159965508391,-0.1397793265302,0.2230320238521,0.0765949774558,0.0947828568682,0.3640682347751,-0.0880755275765,0.1369455191822,0.2218510327559,-0.0085886904774,0.1772608735627,0.2502218331054,0.1238358142606,0.4901617743267,0.4802441768469,0.0025608101777,0.2005455616155,0.0562393027613,0.1014551160871,0.0660687434432,0.0393038816089,0.2044701333777,-0.0738736337923,-0.0908985175677,0.0185614267378,-0.1237121948202,-0.0981253636928,-0.2360885687501,0.7320324126750,0.0243456307666,0.0872874760411,0.3660308636759,0.6044443647437,0.3846021336104
0.2149212017781,0.4916019867873,0.1280715228911,0.5464196943165,-0.1887846745305,0.3138354118649,0.1101390406712,0.5489998300934,0.0606828688233,0.0106258048334,-0.1869959063608,0.1016158136991,-0.1510361202565,-0.0747578548846,0.0366276119669,0.3080162923885,0.4571293435645,0.4852193775337,-0.1234409028093,0.3156377802881,-0.0610907657986,0.4005934501101,0.6385084335982,0.3637811399128,0.4791752895595,0.2004388162629,0.3861444054232,0.0421684543704,0.4971521228243,0.1588703782840,1.0000000000000,0.3129211809991,-0.0776842240556,0.3818588858579,0.5276335408894,0.2384769318652,0.3474597550840,-0.1729803011742,0.4376928843798,-0.1717793948161,0.2185018934943,-0.0457132866851,0.2214718019758,-0.0030838125773,0.1212434270211,-0.1812930405466,-0.1516337201080,-0.1265957079645,-0.1025078401559,0.0171035193869,0.1870191067796,0.2721785425961,0.3241347250999,-0.2079048324219,0.1593953626460,-0.0955159764405,0.1082966378200,0.5814376863131,0.1158457136281,0.4014269085951,0.0920974471816,-0.0168608210657,-0.1074836088537,0.2435245216565,-0.0526592865427,0.5244308510304,0.1174348830098,0.1287073470482,0.2640460055856,0.4596150606382
0.0151616935001,0.0325932466831,-0.2411964358345,0.2065143250865,-0.0005050112699,0.5702909096358,0.3844184640973,0.4579765433348,0.1037317180751,0.2106657057230,0.0507170492839,0.0091409782086,-0.0778837248193,-0.0790170143248,0.1042961189429,0.3456954480358,-0.0553016243439,0.2179951260666,-0.0957388154168,0.0810595275732,-0.0173946791847,-0.1019650942126,0.2032170171233,-0.2503486979322,0.1642463417543,0.2515514668005,0.1397699523866,-0.2058170869492,0.0810962307793,0.1550431435899,0.3129211809991,1.0000000000000,0.1195477823297,0.2049655394098,0.3077884940480,-0.0496244880092,-0.1180071780622,-0.2735946525305,0.1978581558821,0.0692542326583,0.4786382969900,0.0912040941659,0.3556840652853,0.1753894652155,0.2736350720947,0.0198648438472,-0.3785085511336,-0.1648388302641,-0.0997411326648,-0.0073849444229,0.1993327792572,-0.2695106034534,-0.1869170002453,-0.4154104711446,-0.1863227185052,-0.1176273630531,-0.3799992369701,0.1307488683341,-0.4403762897361,0.1242976051282,0.1074639101833,-0.0190581353787,-0.1348154053560,0.0037350847786,-0.1397359835827,0.0010518864026,0.4835412772591,0.4053750512371,0.1019084470290,0.1155284148937
0.0693512425956,-0.2472860126743,0.0883221083022,-0.0006917960475,-0.0422637614841,0.3570956420759,0.1465810958594,-0.0147049597112,0.0046885223540,0.0431728825215,-0.1025794453722,-0.1585870597399,0.0679122584986,0.0003058794210,0.1306395561987,0.2652078515461,0.0691553595738,-0.0715683137085,-0.0203565794046,0.0360642649503,-0.1030949314777,-0.0846183918182,-0.0631790626474,0.0335851918774,-0.0493635399892,0.0187828804423,-0.0615911330280,-0.0496340118950,-0.0194937047674,0.4704576491730,-0.0776842240556,0.1195477823297,1.0000000000000,-0.0405874253041,0.1895253944937,-0.1980592239206,-0.1588524979520,0.0188283819381,0.1819113332077,-0.1443922480641,0.1069985275801,0.1719418222941,-0.0353748499220,0.0165768461948,0.0883947081557,-0.1075567902533,-0.1495707585417,-0.0044871730069,-0.0860065029401,0.0701731037385,0.1908014723419,0.0954557235647,-0.1864881035419,-0.2469860513450,-0.2054818010285,-0.1921530632096,-0.0436078257459,0.0207443569242,-0.0787916211326,-0.1426960243662,-0.1762720156412,-0.1903141328024,-0.0251539716265,-0.1122507051454,0.4147672724469,-0.0523928167568,-0.0239337980379,0.7075726222585,-0.0292679718787,0.0921886392577
0.2949075675469,0.2578758740434,-0.0167003657495,0.3230605843933,0.0656276639723,0.3346371500958,0.2979663698891,0.0972079930612,0.2806493610340,0.0936321002325,-0.0222754167811,0.2201035199836,0.1416613658544,0.2615758117658,0.3255835875445,0.5361005386739,0.1013734306608,0.2195661578631,0.1579110921801,0.4461606640220,0.1791548564946,0.1690389420755,0.3751532529495,0.0019296121947,0.0065003227083,0.3327631922380,0.1198690589213,-0.0546466083723,-0.0537813153444,0.6062166515705,0.3818588858579,0.2049655394098,-0.0405874253041,1.0000000000000,0.5077114068883,0.4110433489425,0.2027462381516,-0.1388779958179,0.2438569358656,0.0281557396967,0.2416807602585,0.1566224193037,-0.0298945601848,0.0798925842922,0.1665017603501,-0.0852392561424,0.1556549507514,0.1403879172032,0.1602673484601,0.1553802637438,0.4846791509823,0.0462341184670,0.2805546179188,-0.0162229116781,0.1794996670525,0.1418201888093,0.0148699718638,0.3450560200366,-0.0543092687532,0.0690956850600,0.1509504834571,-0.0577961121902,-0.0729500259829,-0.1985881949752,0.2608892245801,0.1592934503002,0.1059744690270,0.0645751351573,0.7716098342127,0.4210990072002
0.2908278611734,0.5582725381320,0.0717556946537,0.6487217554950,-0.2422509064326,0.2979413998650,0.1718226973416,0.2123570719200,0.0475753268037,0.1626628737851,-0.2984980315381,0.2531020911542,-0.1497201408726,0.1272059807285,0.1766603712008,0.4309109434418,0.2211643714881,0.4299337086513,0.0989498027816,0.5348404630388,-0.1363420183658,0.0672236256303,0.5871207645609,0.1312261723913,0.3581555251761,0.6654619147426,0.3447473893776,-0.0139117978713,0.1883865653926,0.4505279344078,0.5276335408894,0.3077884940480,0.1895253944937,0.5077114068883,1.0000000000000,0.2835183723248,0.5412033277743,-0.0980167176338,0.6947276053592,-0.2534467948292,0.2619975548445,0.1125300508208,0.1370410685568,0.0483783967776,0.2924571537251,-0.2398593977809,-0.0363359011616,-0.1185160183724,0.1026898575471,0.1841635317516,0.3715494574394,0.1313943040021,0.4296982918101,-0.1498748433193,0.2381800256285,-0.1067697804704,-0.0606991252565,0.6559703254093,-0.0468401744134,0.2621061970516,0.5274896097460,0.1327123214707,-0.0011198662401,-0.0661151569821,0.2807249947733,0.4550225879056,0.1316535199496,0.2798693427733,0.4733715752788,0.8544178673701
