1.0000000000000,0.4710391388399,0.4137443756379,0.5623983328762,0.5560898331340,0.1524538608078,0.2189612147817,0.5592579132318,0.1859985315836,0.3087337247814,0.3662285207901,0.4178468647216,0.2251803593389,0.3049312767047,0.5267398653763,0.2889774400791,0.5499865426035,0.6705242765626,0.4514033808388,0.7177897189965,0.6921520982698,0.6825124246596,0.5202432833933,0.6868678484915,0.6011561733766,0.4264095509977,0.4680309673961,0.5214794889115,0.7009047516657,0.6889113257343,0.7082475629828,0.0499985250614,0.1402138144308,0.5459806032843,0.7117600564473,0.2360414841671,0.2471482114493,-0.1046901806911,0.2904277212660,0.5986910848863,-0.0231719287163,0.1440957217572,0.2826331313027,-0.1162971504387,0.3111557202483,0.3528458769252,0.0024630444411,0.4254135752049,0.0437738046947,-0.1471287794631,0.2721182068483,0.5195083484795,0.2736597856611,-0.2166655552977,-0.2409023281401,0.4586231297713,0.5329715843321,0.3909457506785,0.4471161414658,0.5765990565299,-0.1591280977304,-0.2350847368610,0.3380034939757,0.4951204971047,0.3020797175112,0.3314058090718,-0.4141617677290,0.2369564888143,0.1177169204196,0.4498952603671
0.4710391388399,1.0000000000000,0.5999661216468,0.6504463588828,0.2375570021473,-0.2362426080352,-0.1043638857264,0.3289135065335,-0.2449088585763,0.3742769956218,-0.0992311372480,0.2001368019846,0.0804228931572,0.1890220724385,0.0331960618282,-0.0565657679391,0.4107545118100,0.6684749269973,0.2994601638034,0.5891542526756,0.4772623721827,0.4828280662461,0.7688448535407,0.6237125980083,0.4989205528855,0.5088349134991,0.4448283349507,0.7420052073111,0.4412530754740,0.3191518289718,0.6275869466613,-0.0162173286784,0.0149924375037,0.3574479727221,0.5998699231472,0.3235435842297,0.8139437439094,0.1332345767917,0.6327387668250,0.2955377295263,-0.3410798183238,-0.2932688559186,0.3246960989593,-0.5012564553307,0.3774081601930,-0.1097843722758,0.0627829496140,0.1623775163174,-0.0437744061163,-0.3041920236538,0.0091948468887,0.3466890587489,0.6191359940819,-0.0684108940897,0.1559689387957,0.2448385439835,0.5128236204125,0.6633725616048,0.5644213510873,0.4825118148579,0.2516226532122,0.3332495684899,0.7022796964608,0.3286682040609,0.1827795204645,0.5145345412309,-0.2452660736442,0.0410667254832,0.0930221872247,0.5408752634068
0.4137443756379,0.5999661216468,1.0000000000000,0.5939736779827,0.3204213844954,-0.0922728182455,0.0350454378264,0.4906376068615,-0.1071332147270,0.3764943067365,0.1241681874099,0.2501793649791,0.2159208284823,0.2612499840316,0.1548546725841,-0.0134380053546,0.5137623051884,0.6248678021020,0.2594905561260,0.4241929096970,0.4950009649897,0.4752881780299,0.5727033702339,0.6922473635173,0.6045514979243,0.3131700690609,0.5088736647467,0.8220035255231,0.5719796789168,0.2679633406361,0.5841562783822,-0.0457195621777,-0.0909105068738,0.3243496575896,0.3505036166640,0.0970836888692,0.4096355867137,0.4026905376256,0.4538462377602,0.3893162618832,-0.1738991026171,-0.1636021348643,0.4038016328326,-0.3529371215772,0.3490505079001,0.0964163738728,-0.0790846106733,0.2986625488983,0.0110944832432,-0.3343759051427,-0.0148277829345,0.4290757356967,0.4386858407783,-0.2418725621489,-0.0617605197043,0.3623302552512,0.4899329785151,0.5055622538079,0.5083594517153,0.5406012064450,-0.0442561744779,0.2133871130812,0.6567927443494,0.4355799880427,-0.0316231787880,0.2918809161205,-0.3168775515364,-0.0326402825954,0.0945406830102,0.1741969577425
0.5623983328762,0.6504463588828,0.5939736779827,1.0000000000000,0.5433714061828,-0.0703099642161,0.2738788065998,0.5125086355992,0.0279661066321,0.4350616466397,0.2876723176940,0.4039487991686,0.3437946453339,0.3440967912248,0.2847168458275,0.1274980627252,0.3036336670446,0.6553724858346,0.3609539997154,0.6024664916565,0.6047061027491,0.4072023885184,0.6321120585456,0.5330927043105,0.5835367133742,0.5315343682341,0.5495798173063,0.5863264509998,0.5350394246269,0.3921206477538,0.6227345845295,0.0711929404094,-0.0727720473343,0.3646488121068,0.5691376749997,0.3262979024239,0.5098889384259,0.1767813418970,0.7209458995908,0.5959084544646,-0.1639229479273,-0.0234240930316,0.3634033213422,-0.2883221010678,0.3954964216276,0.2162526262679,0.0633931658593,0.4871904437136,0.0832131357173,-0.2480169773083,0.0426434660317,0.2626052721916,0.4386202838570,-0.0779793598836,-0.0476371040789,0.4659797676587,0.3450231864591,0.5463502534792,0.3387601362164,0.5313723656131,0.1482253984213,0.1346401680157,0.5453667822097,0.3945024982811,0.0708029575486,0.4182043215782,-0.3352374713694,-0.0611410823366,0.2159302584008,0.3935252875735
0.5560898331340,0.2375570021473,0.3204213844954,0.5433714061828,1.0000000000000,0.1377709510813,0.4183075671562,0.6611571937640,0.1724424422995,0.1944712922051,0.5677740309579,0.2996467486917,0.3634571592779,0.1939578472810,0.4285830769758,0.3365672333171,0.1685517397717,0.4906023079521,0.3748549108708,0.5136877982523,0.5938712421881,0.4794038348518,0.3510377512566,0.4139947816453,0.6836501438146,0.1200529580002,0.4287675776922,0.2270346234991,0.6692960160385,0.5507417470857,0.5867039567235,0.3488191596263,-0.1316490614312,0.5171031888753,0.3977871067345,0.2340694134015,0.0960440805933,-0.0866865862299,0.2572599501973,0.9074087057295,0.0435263985535,0.2001602577062,0.3541024789853,-0.0543834493372,0.2705111605026,0.4837234416553,-0.1449067482571,0.6912951769506,-0.0496391659460,-0.1019690803889,0.1237763106496,0.1366371679476,0.1652360372899,-0.0829239715178,-0.2971672009466,0.6469356900979,0.1716816331806,0.2200484869789,0.1387125171194,0.6208464299246,-0.2719190643329,-0.2133767317800,0.1373755720210,0.5999838172719,0.2577240838039,0.3947070026029,-0.4384462865700,-0.0345524951170,0.3423600008553,0.1664163110664
0.1524538608078,-0.2362426080352,-0.0922728182455,-0.0703099642161,0.1377709510813,1.0000000000000,0.3413978698697,0.1297887342280,0.8121930049765,-0.0792966763245,0.6033443454056,0.3522321933891,0.1195656980819,0.3364363727549,0.6849663935940,0.6434257651674,0.0328750614564,-0.0438365591177,0.1070805599381,-0.0030787027581,0.0113646837332,0.1684516305938,-0.1665457799150,0.0391914321423,-0.0325937459522,0.0075360446750,0.3218153303127,-0.2086500151530,0.0423469540613,0.4806527710529,0.0582863218882,0.0499874918675,0.3707662117790,0.3309142668034,0.1403544885427,-0.1470817400123,-0.3032929780915,-0.0655213079668,-0.2946298167300,0.0809726432742,0.8825964160266,0.5937704390931,-0.2080116827673,0.7652205035002,-0.0373012729864,0.5109275165319,0.2433821181263,-0.0041709845266,0.3930715046398,0.5284997661035,0.5985369326623,0.0112356773962,-0.3415280093116,-0.1647784946589,-0.5119946694374,-0.0639738774400,-0.1002688794725,-0.2914091409928,-0.1937161024876,-0.0376939927253,-0.4197207266317,-0.3930875345657,-0.2588444802634,-0.0401475423817,0.1546502383955,-0.2278729807738,-0.1960054442215,0.5034515565077,-0.0361317805757,-0.0332581953310
0.2189612147817,-0.1043638857264,0.0350454378264,0.2738788065998,0.4183075671562,0.3413978698697,1.0000000000000,0.4089965451681,0.5200875883781,0.1503373794270,0.7568233733803,0.2453475099106,0.6611898273883,0.1389600565516,0.5011669684985,0.5257292080091,-0.1237375911224,0.0883320323402,0.2016254583150,0.0678225406165,0.2217067447201,0.0460912353766,-0.0381081308194,-0.0599317005922,0.2039044305641,-0.0014324778076,0.2047494724476,-0.1446414404398,0.2637220266981,0.3262389217848,0.1673619174309,0.1148645956896,0.2172865554136,0.0108187129627,0.1481630815736,-0.0079303360615,-0.1864166875856,-0.1768426522634,0.0217416794025,0.3315793153280,0.2412980669620,0.7694073118798,-0.0959191605802,0.3900392922149,0.1014912231135,0.5810489066256,0.0790040570833,0.6806538258608,0.0098055647409,0.1476741982537,0.3288998494692,-0.1255437494994,-0.2114361267784,-0.1158708799920,-0.4077272848693,0.2734643383963,-0.2521373234971,-0.2398474044633,-0.2994091788124,0.1723531715893,-0.3713529419468,-0.3639133428971,-0.2799539788937,0.2367602982317,-0.0084759119777,-0.0495203085697,-0.0869799408288,0.1433407889836,-0.1445971861867,-0.1064424881617
0.5592579132318,0.3289135065335,0.4906376068615,0.5125086355992,0.6611571937640,0.1297887342280,0.4089965451681,1.0000000000000,0.1746915598615,0.3760118929687,0.4752325870271,0.2174327203518,0.2273541162206,0.0602989862340,0.4424718953800,0.3665646222596,0.2379812935549,0.5740444866572,0.1859372628612,0.3898959258042,0.5552040295793,0.4863818949961,0.4822108135984,0.4844478803012,0.8109721151277,0.2463637582247,0.4189397399844,0.3905366852585,0.7580525102473,0.4990644856201,0.7186635942041,0.3722659792989,0.0843243887498,0.4168177332043,0.4334596331355,0.2070834465887,0.0594049004345,-0.1277819287716,0.2223152530066,0.6225151563392,-0.0478447585398,0.2687647299227,0.5747017563463,-0.1141433155041,0.4081434911845,0.3171641664242,-0.2841523763785,0.5169082549691,-0.1965557525627,-0.1124358856847,0.2225832044945,0.1801260891892,0.0838082669886,-0.4312059368234,-0.4519558552288,0.4379015236864,0.1487865111215,0.2205166533223,0.1355344143947,0.7401186554917,-0.2988317995518,-0.2644734130552,0.1778949189879,0.5787761069204,0.0820992127133,0.2276379297577,-0.2146906041778,0.1026421791163,0.1116480097106,0.1677453736154
0.1859985315836,-0.2449088585763,-0.1071332147270,0.0279661066321,0.1724424422995,0.8121930049765,0.5200875883781,0.1746915598615,1.0000000000000,-0.0313648421975,0.7509708858799,0.5444593956520,0.2599112634621,0.4330153128603,0.7914429135740,0.5778025558204,0.0576409868276,-0.1108323505531,0.1781049126213,-0.0157629853086,0.1482664082966,0.1519946845063,-0.2480058325739,0.0070284074177,-0.0326076729811,0.1144188651109,0.3193154825883,-0.2215651723589,0.1072931398466,0.4593774592097,0.0376609725605,-0.1179168443454,0.2716225706903,0.2053773362118,0.1202693563100,-0.1978599575975,-0.3183501443142,-0.0878642973517,-0.2180627414482,0.1258437104163,0.7314575426053,0.6598066149781,-0.2711606999753,0.8214740439366,-0.0279602971996,0.5817273342757,0.3258887649115,0.1864170961510,0.4144442057485,0.4033078610467,0.4565880419135,0.0433756193312,-0.4862207590774,-0.2749249384440,-0.6692761756906,0.1346815903081,-0.1095087356264,-0.3249198933072,-0.2519960893390,-0.0387147368955,-0.4216915732768,-0.5688333733469,-0.3387785028603,0.0486379379792,0.0159108090941,-0.2953131616296,-0.1583962971529,0.3853586108102,-0.0818739386160,-0.0777681755278
0.3087337247814,0.3742769956218,0.3764943067365,0.4350616466397,0.1944712922051,-0.0792966763245,0.1503373794270,0.3760118929687,-0.0313648421975,1.0000000000000,0.0504959752864,0.0845985721703,0.4259652538528,0.2960568177927,0.0812856076988,0.2113415056554,0.1369944112334,0.4396793557033,0.1564590785167,0.3018960927952,0.4317429785798,0.1702352942717,0.3815745862980,0.2301183811925,0.5173070637097,0.3956835369512,0.4160938406186,0.2977684737976,0.3009713422621,0.1043211622592,0.3852321114597,-0.0070357293992,0.3522622392141,-0.0288983712969,0.4841999155363,-0.0370312965391,0.2555465847959,0.0260277019571,0.3843019025428,0.2011236698253,-0.0861928172885,0.0134673128906,0.3210772323738,-0.1416189413044,0.8112531366539,0.0532842720579,0.0477965583030,0.3819054106001,0.0796526113961,-0.0588585811623,0.2948604541747,0.0997268778360,0.2179046117323,-0.1997317648532,-0.0379158101640,0.2976058459842,0.0872636315810,0.1614042673343,0.0308997273381,0.4678008098592,-0.0062928607185,0.1011118232465,0.2188444432675,0.2349867134983,-0.1561136659162,0.0046445896142,-0.1146281792752,0.2803802491367,-0.3777614945472,0.3450960681161
0.3662285207901,-0.0992311372480,0.1241681874099,0.2876723176940,0.5677740309579,0.6033443454056,0.7568233733803,0.4752325870271,0.7509708858799,0.0504959752864,1.0000000000000,0.4835115575492,0.5171731134617,0.3811318858189,0.7825350865157,0.5586845981157,0.0217789679721,0.1205432176434,0.2824964400615,0.1581368048589,0.3749802165232,0.2319678312572,-0.0567710294198,0.1259101348824,0.2559197058183,0.1042015708097,0.3672623647636,-0.0647262984728,0.4017588168095,0.5770423709795,0.2610767149152,0.1260216008658,0.1405038226293,0.3326993889514,0.2125891843058,-0.0451933114850,-0.2391480818715,-0.1227184583649,-0.0550981115929,0.5260048659766,0.5023247272221,0.7202695216244,-0.0796303595216,0.5550674080196,0.0994022509797,0.8680501324877,0.1299274680887,0.5781603819367,0.2311978121135,0.2636419160366,0.3881784013315,-0.0224034147683,-0.3037816553992,-0.2106436797525,-0.6492036744603,0.3987356679404,-0.1136938953729,-0.2249519026031,-0.2232926689626,0.1769903862436,-0.4723688865708,-0.5476441244533,-0.2159366798490,0.3216024238136,0.0977419065721,-0.1176335363391,-0.3647816223322,0.2191538294347,0.0440549705422,-0.0946533845246
0.4178468647216,0.2001368019846,0.2501793649791,0.4039487991686,0.2996467486917,0.3522321933891,0.2453475099106,0.2174327203518,0.5444593956520,0.0845985721703,0.4835115575492,1.0000000000000,0.2889954415834,0.7017331797871,0.6420815956610,0.3229644727371,0.2272273237281,0.1851917981579,0.6341051841414,0.4010904268706,0.4362451876641,0.3253812913808,0.0512238321912,0.3260664453591,0.1119128267279,0.4830394626043,0.5663532343104,0.2443180823421,0.2449987807271,0.4725448171909,0.2948402290719,-0.1967619946525,-0.1209722362644,0.3665054425325,0.3601809889111,0.0709987378854,0.1127772956875,0.1207593390325,0.2503864517347,0.3533605162216,0.2671399204222,0.1631981247826,-0.1046305795217,0.2779587416657,0.0545890273901,0.4270457176689,0.6038234943403,0.2590436889139,0.6011712406606,0.0671645471508,0.2200928919063,0.1870044917810,-0.1487711599973,-0.0178956745861,-0.4024876318452,0.3445456891676,0.1538894407104,0.0341756052815,0.0556167842071,0.0685825313693,-0.0080074631205,-0.2996110034557,0.1378587819777,0.1355197692272,0.0844477728843,-0.0656336252102,-0.2936186607804,-0.0234332138058,0.1828074580683,0.1861565343827
0.2251803593389,0.0804228931572,0.2159208284823,0.3437946453339,0.3634571592779,0.1195656980819,0.6611898273883,0.2273541162206,0.2599112634621,0.4259652538528,0.5171731134617,0.2889954415834,1.0000000000000,0.4300796213325,0.2794265093860,0.4707096234297,-0.1493805966187,0.2561532510229,0.3561252112230,0.2722946371393,0.4214995322600,-0.0498035947637,-0.0212275617876,0.0070230003583,0.1628221905704,0.2499199014112,0.4564888930547,0.0046809054901,0.1687339143259,0.0860843549431,0.1916164826929,-0.0521009009357,0.2586278489110,-0.1374091386923,0.3489268842629,-0.0478594669969,-0.0180148005178,0.0223292790319,0.3561118369791,0.3568018957749,0.1217575665041,0.3622500367363,0.0177056985827,0.1439273561423,0.2940391812208,0.4569358878966,0.1688830629160,0.6944972465373,0.1737738457536,0.0116452079311,0.3683821049125,-0.1729966462538,0.0246784293675,0.0290357979098,-0.1571654739845,0.4040642798101,-0.2184282152537,-0.2433430378691,-0.2654930044082,0.0855086255244,-0.0414617056039,-0.0618500388562,-0.0298916624626,0.1415555508202,-0.2972393558281,-0.1635414594949,-0.2764400373343,0.0558581977191,-0.3523362611772,0.1710680119977
0.3049312767047,0.1890220724385,0.2612499840316,0.3440967912248,0.1939578472810,0.3364363727549,0.1389600565516,0.0602989862340,0.4330153128603,0.2960568177927,0.3811318858189,0.7017331797871,0.4300796213325,1.0000000000000,0.5395111296747,0.3114843125188,0.1138770718404,0.1768190533096,0.6582088841804,0.4053477159917,0.3448309887842,0.1941278074785,-0.0367362593946,0.2043669052292,0.0499373702243,0.6026140542408,0.6339746772970,0.2286916384875,0.0976829021217,0.3270874756289,0.1404818590450,-0.2382555362858,-0.0157779621535,0.2545188875678,0.3958675988706,-0.0946142512417,0.1604274709175,0.2419116485887,0.2962852082154,0.2406477630076,0.3670086716809,0.0365402865000,-0.1378139329276,0.2352524022987,0.1672984460270,0.3801860420152,0.4873784744253,0.2050182009537,0.8175286457859,0.1330949084652,0.2797352098884,0.0802633055406,-0.0531989581294,0.1537354571976,-0.2102934839696,0.2518101786667,0.1013465976811,-0.0759474588170,-0.0062014008871,-0.0563411101995,0.1296271218836,-0.0667771257983,0.2592759232457,0.0403858922419,-0.0452708050651,-0.2257796576790,-0.3701891548450,0.0704112731534,-0.0447135251098,0.2448349995457
0.5267398653763,0.0331960618282,0.1548546725841,0.2847168458275,0.4285830769758,0.6849663935940,0.5011669684985,0.4424718953800,0.7914429135740,0.0812856076988,0.7825350865157,0.6420815956610,0.2794265093860,0.5395111296747,1.0000000000000,0.5339741879393,0.1879910386610,0.2056316959294,0.4591365527006,0.3048855470228,0.3995435126084,0.3719948235946,0.0624220206498,0.2551897793028,0.2370392359103,0.2690497883258,0.4426147994769,0.0861398164872,0.3481198970765,0.7651102071676,0.3433939268207,0.0097189143814,0.1212572936476,0.5064869770201,0.3359032401713,0.0288103933126,-0.0860318059611,-0.0747908509821,-0.0561040495560,0.3871694036502,0.5613835695132,0.5552609011742,-0.1044023080265,0.5295681565280,0.1079543605231,0.6267595252687,0.2226085284307,0.3633541907530,0.4482209419539,0.3889392564916,0.3872521241227,0.1237020276592,-0.2701857744919,-0.2022834108159,-0.6235998503093,0.3039328262377,0.0454397464933,-0.0795854724073,-0.0793262173820,0.1903533305312,-0.3942329679128,-0.5331766998739,-0.0702339786346,0.2036947455664,0.2665971689996,-0.0858103699090,-0.3202084142617,0.3487203193243,0.1560099995058,0.0433896592167
0.2889774400791,-0.0565657679391,-0.0134380053546,0.1274980627252,0.3365672333171,0.6434257651674,0.5257292080091,0.3665646222596,0.5778025558204,0.2113415056554,0.5586845981157,0.3229644727371,0.4707096234297,0.3114843125188,0.5339741879393,1.0000000000000,-0.0232042553981,0.2025460568024,0.2488026815032,0.2109309579671,0.1090993210170,0.2560848027790,0.0222440143211,0.1239989417800,0.2134856166964,0.1200214910944,0.4401095135781,-0.0923854992174,0.2120518202358,0.3889736339361,0.2686250844832,0.1969190771393,0.4380866696331,0.1794278728600,0.3854371235589,0.0526521769944,-0.1902255476511,-0.1747331302084,0.0447434377312,0.3242398082557,0.5767353559432,0.5551241231235,0.0854001325122,0.4363748384069,0.1680231808925,0.4170695122877,0.1251767319568,0.2224059210444,0.2085119786033,0.3408341950187,0.7636131549851,-0.0087570224286,-0.1467860503951,-0.0940503974290,-0.3882499516541,-0.0531418453095,-0.0890461826713,-0.2605635229259,-0.1465723414206,0.1834518326446,-0.2028152724806,-0.2699746092431,-0.1290973567703,0.1078411756302,0.0184659654778,-0.1229857668334,-0.2485494280249,0.3105834806370,-0.2162743688467,0.2019609104235
0.5499865426035,0.4107545118100,0.5137623051884,0.3036336670446,0.1685517397717,0.0328750614564,-0.1237375911224,0.2379812935549,0.0576409868276,0.1369944112334,0.0217789679721,0.2272273237281,-0.1493805966187,0.1138770718404,0.1879910386610,-0.0232042553981,1.0000000000000,0.3918506089584,0.1558782126193,0.3827467280956,0.3136506410534,0.7507273738070,0.4489955001025,0.7681166872943,0.4482205971894,0.2136059098407,0.2278612139883,0.6465341635145,0.6314892234611,0.4123072017276,0.4744315855034,-0.2406893941030,0.0265243876500,0.3383900196610,0.3885031009625,-0.0452412209528,0.3084036036261,0.1276849966825,0.1188745276318,0.2670642524603,-0.0713836126446,-0.1347041291845,0.1938642478501,-0.1738598156252,0.1479670272329,0.0520121012679,-0.0935568742460,0.0129955552149,-0.0558206276479,-0.3866026828666,0.0737869776018,0.9611303141365,0.2726145993837,-0.3691258438815,-0.1616465190312,0.1341315585142,0.8671111224972,0.5418642987840,0.7598010821952,0.5055964788073,-0.1526773055481,-0.0446128073703,0.4501142016156,0.5398204730630,0.1867309043312,0.3878369424035,-0.2310499632278,0.1299585719417,0.1176344810361,0.2353343580399
0.6705242765626,0.6684749269973,0.6248678021020,0.6553724858346,0.4906023079521,-0.0438365591177,0.0883320323402,0.5740444866572,-0.1108323505531,0.4396793557033,0.1205432176434,0.1851917981579,0.2561532510229,0.1768190533096,0.2056316959294,0.2025460568024,0.3918506089584,1.0000000000000,0.4085955786416,0.8353788244845,0.5921339318440,0.6338594491866,0.7535446403005,0.7530386600983,0.6976672247401,0.3701922165127,0.5802757923751,0.6118235882670,0.6455370798481,0.4880843869123,0.8705545570879,0.1546709094907,0.1333836540090,0.4530242137568,0.7489446724579,0.3262235850267,0.4521084169562,-0.0108057529206,0.5283682662538,0.5516072111391,-0.1614879554207,-0.1093516000610,0.4642697247341,-0.3911606882622,0.4494776321501,0.0844500793104,-0.1318588970117,0.3698260828234,-0.1226731336801,-0.2382249506585,0.1816376357952,0.3470548565338,0.7049909196757,-0.0591615275168,0.1100411891226,0.3454144505099,0.4856095057123,0.5407238207121,0.5194377453720,0.6595087206460,0.0218029939576,0.2218821077460,0.5261237177718,0.4593770150405,0.2190300873101,0.5357856253468,-0.3587065412439,0.1445999608737,0.0478298569130,0.5470113921147
0.4514033808388,0.2994601638034,0.2594905561260,0.3609539997154,0.3748549108708,0.1070805599381,0.2016254583150,0.1859372628612,0.1781049126213,0.1564590785167,0.2824964400615,0.6341051841414,0.3561252112230,0.6582088841804,0.4591365527006,0.2488026815032,0.1558782126193,0.4085955786416,1.0000000000000,0.7101802252639,0.3384500197163,0.3354887437381,0.1612058834484,0.3118940378320,0.1958027972535,0.3468879693637,0.5656493257158,0.2754045732837,0.2489643215121,0.4603909966993,0.3893642973941,-0.1360979524658,-0.1598375597255,0.3706219113340,0.4745312045317,0.1898505228361,0.2449425774569,0.0564082492921,0.3548062873961,0.3710490516253,0.0695762582982,-0.0384266514441,-0.0849283895102,-0.0527288228287,0.0351454090689,0.2296003893159,0.3760417521715,0.2878205720977,0.4662067837124,-0.0199556426954,0.0790908512454,0.1233639991974,0.1823095736448,0.4040165266128,0.0435260917188,0.2276046179460,0.1673840813581,0.0829631333466,0.1322431192814,0.1206630534580,0.0811984418032,0.0109004546312,0.2520466060979,0.1739716992226,0.2615174957775,0.1388345458362,-0.3380705709163,-0.1023302313738,0.1210704187953,0.3198598729928
0.7177897189965,0.5891542526756,0.4241929096970,0.6024664916565,0.5136877982523,-0.0030787027581,0.0678225406165,0.3898959258042,-0.0157629853086,0.3018960927952,0.1581368048589,0.4010904268706,0.2722946371393,0.4053477159917,0.3048855470228,0.2109309579671,0.3827467280956,0.8353788244845,0.7101802252639,1.0000000000000,0.5604574005235,0.6111585209162,0.5804596512347,0.6619172820728,0.5256160997871,0.4317306015033,0.5934073682101,0.5179654964718,0.5522325368716,0.5270198717634,0.7409564967029,0.0308529315761,0.0061880655269,0.4759873672851,0.7398998956081,0.3279183798045,0.4365743215905,-0.0661214475748,0.5551684821896,0.5686525315467,-0.1025974686902,-0.1532965960482,0.2308245232080,-0.3143668175233,0.2593567192712,0.1499153427233,0.0716444096018,0.3148370746606,0.0904822899412,-0.2262100797787,0.1363458258764,0.3570983856393,0.5804208564844,0.1877814191327,0.1681935940728,0.3325780475905,0.4839762988528,0.4613255469462,0.4734083733762,0.4597643779779,0.1439762013023,0.1313116281082,0.4720334655932,0.3776947618185,0.2806865878666,0.4659920385639,-0.4034545200297,0.0441562228863,0.1255522536123,0.5782078912541
0.6921520982698,0.4772623721827,0.4950009649897,0.6047061027491,0.5938712421881,0.0113646837332,0.2217067447201,0.5552040295793,0.1482664082966,0.4317429785798,0.3749802165232,0.4362451876641,0.4214995322600,0.3448309887842,0.3995435126084,0.1090993210170,0.3136506410534,0.5921339318440,0.3384500197163,0.5604574005235,1.0000000000000,0.3702768821284,0.4363864710295,0.5243146338446,0.5301186591353,0.5187684887074,0.4753356690187,0.4504016078645,0.5504465363752,0.4560624193631,0.6103385225830,0.0420438287218,0.0463025892282,0.3733691092936,0.5815311370767,0.1908897871411,0.2386976884201,-0.0265899087622,0.3824737386905,0.5638918891201,-0.1233342080620,0.0653640871693,0.3036456375434,-0.1551217271176,0.4517430988532,0.3502832013107,-0.0063956700157,0.6486290935677,0.0360249794186,-0.2013549193425,0.1199126491468,0.2431123153570,0.2409905912770,-0.3093708322861,-0.2947784447786,0.8448016962750,0.2611047339902,0.3051357038439,0.2077048055442,0.4837105808528,-0.0679401238373,-0.1990164394202,0.2644110886233,0.3496276539433,-0.0191350414006,0.1583872031003,-0.3334357233926,0.1449799546368,0.0655829151077,0.3820955590362
0.6825124246596,0.4828280662461,0.4752881780299,0.4072023885184,0.4794038348518,0.1684516305938,0.0460912353766,0.4863818949961,0.1519946845063,0.1702352942717,0.2319678312572,0.3253812913808,-0.0498035947637,0.1941278074785,0.3719948235946,0.2560848027790,0.7507273738070,0.6338594491866,0.3354887437381,0.6111585209162,0.3702768821284,1.0000000000000,0.5839037965708,0.8900232025110,0.6548933559007,0.2440357455728,0.3925417187510,0.5698097167928,0.7923323311216,0.7106188279241,0.7539685025943,0.0363798071906,0.0782871905217,0.6231806086727,0.5865729417568,0.0946706584051,0.3209442014872,-0.0925864309209,0.1674381226303,0.5752503601495,0.0013207707285,0.0251277329300,0.2611230782742,-0.1221305855451,0.2196481565166,0.2154240617166,-0.0713745280347,0.1798094684645,-0.0211455625538,-0.2355152184513,0.2565117635947,0.7272722896950,0.3619303433637,-0.2501468414535,-0.2375016282211,0.1965113844132,0.8170540716421,0.5384936738915,0.7278342595231,0.6482714509733,-0.2325559816283,-0.1457867919485,0.3961515508485,0.6759342446457,0.4802253730485,0.5587243266754,-0.3774769142886,0.2064537563581,0.2263760470694,0.3703838339575
0.5202432833933,0.7688448535407,0.5727033702339,0.6321120585456,0.3510377512566,-0.1665457799150,-0.0381081308194,0.4822108135984,-0.2480058325739,0.3815745862980,-0.0567710294198,0.0512238321912,-0.0212275617876,-0.0367362593946,0.0624220206498,0.0222440143211,0.4489955001025,0.7535446403005,0.1612058834484,0.5804596512347,0.4363864710295,0.5839037965708,1.0000000000000,0.6659746567721,0.6856505667685,0.3463023763316,0.2742326575022,0.6348021878763,0.5742338000517,0.4022665259448,0.7589785312606,0.1850308319131,0.0271048622077,0.4243599099139,0.5575907470235,0.4468986810983,0.6229495994396,-0.0588345525764,0.5362079344390,0.4272988469209,-0.3042966839248,-0.1717964747678,0.4538480069804,-0.5022821578324,0.4579853205419,-0.0759664236428,-0.1446938402905,0.1773402757085,-0.2337432744834,-0.2762560347009,0.0477697323257,0.3935075940472,0.6295245638235,-0.1639874890463,0.1343839836847,0.1862560797128,0.5377170666490,0.8379645250465,0.5700270794883,0.6776795420613,0.1302046688111,0.2366617494105,0.5608013344708,0.3893015539305,0.3105837007445,0.6679114344996,-0.2048229330687,0.0662372330664,0.2176052399890,0.4753181193809
0.6868678484915,0.6237125980083,0.6922473635173,0.5330927043105,0.4139947816453,0.0391914321423,-0.0599317005922,0.4844478803012,0.0070284074177,0.2301183811925,0.1259101348824,0.3260664453591,0.0070230003583,0.2043669052292,0.2551897793028,0.1239989417800,0.7681166872943,0.7530386600983,0.3118940378320,0.6619172820728,0.5243146338446,0.8900232025110,0.6659746567721,1.0000000000000,0.6501219911511,0.3386698009562,0.4528254090230,0.7425860914165,0.7611284491228,0.5708878298341,0.7832579052998,-0.0252095554357,0.0454159843678,0.5643972600396,0.6209487420623,0.1599675514692,0.4097246878551,0.0667617247801,0.3368681506588,0.5180102523715,-0.1022857389546,-0.1200677482782,0.3436770669040,-0.2846398811915,0.2625863334915,0.1364995069197,-0.0900682193037,0.1851164145738,-0.0622237981930,-0.3713540639587,0.1871697951861,0.7346883770734,0.4872778909084,-0.2972282849001,-0.1574895725544,0.2916603928276,0.8265963870698,0.6143180336704,0.8180028431935,0.6238051378807,-0.1108184643974,-0.0248617135981,0.5566668672700,0.5674271003187,0.2830298396535,0.5023853178412,-0.4431733106064,0.1447043131371,0.1891162084735,0.4309840282085
0.6011561733766,0.4989205528855,0.6045514979243,0.5835367133742,0.6836501438146,-0.0325937459522,0.2039044305641,0.8109721151277,-0.0326076729811,0.5173070637097,0.2559197058183,0.1119128267279,0.1628221905704,0.0499373702243,0.2370392359103,0.2134856166964,0.4482205971894,0.6976672247401,0.1958027972535,0.5256160997871,0.5301186591353,0.6548933559007,0.6856505667685,0.6501219911511,1.0000000000000,0.2069365651233,0.4034697287500,0.5134973295820,0.8616626481905,0.4694658033612,0.8011790231590,0.2907346105117,0.0637012915147,0.4384501042036,0.5128657144312,0.1781373060985,0.2974089445044,-0.0516741811767,0.3490400338335,0.6945468575328,-0.1745771399697,0.0320790828279,0.6340813086846,-0.3020947256938,0.5649880496894,0.2047097336494,-0.2594870800323,0.4760193325620,-0.2295376599557,-0.2685509388565,0.1433675630913,0.4088123254736,0.3822182212204,-0.3286264491711,-0.1752900026594,0.4263532009951,0.4501831758184,0.5247402176930,0.4168769365887,0.9403622394708,-0.2530843848599,-0.0141997794681,0.3639469353476,0.7469080838407,0.2045915354100,0.5190665703004,-0.2966809267975,0.1138568202505,0.1258573048145,0.2937315653644
0.4264095509977,0.5088349134991,0.3131700690609,0.5315343682341,0.1200529580002,0.0075360446750,-0.0014324778076,0.2463637582247,0.1144188651109,0.3956835369512,0.1042015708097,0.4830394626043,0.2499199014112,0.6026140542408,0.2690497883258,0.1200214910944,0.2136059098407,0.3701922165127,0.3468879693637,0.4317306015033,0.5187684887074,0.2440357455728,0.3463023763316,0.3386698009562,0.2069365651233,1.0000000000000,0.5612072318571,0.4558768666616,0.2080413844674,0.2683369368443,0.3516330372088,-0.1130840508832,0.0772287146620,0.2529727500007,0.5994600724558,0.1368702852561,0.4146659997292,0.1501869498683,0.5197598641546,0.2349050558914,-0.0397556487976,-0.0914931888876,0.1936350935858,-0.1296290499177,0.3304688902704,0.1241003625307,0.2383159775507,0.1548494277786,0.4242518879331,-0.0844000064413,0.2470978954981,0.1848387309127,0.1691877219711,-0.1019904211020,-0.1023283681017,0.2699322357006,0.2437711095716,0.2747374038067,0.1799110051355,0.1630905782517,0.4673503445561,0.0869927095366,0.4612587663000,0.0819040340091,-0.0829288687323,0.0058485973617,-0.1067861901415,0.0627030919552,-0.0303364031550,0.5858814300064
0.4680309673961,0.4448283349507,0.5088736647467,0.5495798173063,0.4287675776922,0.3218153303127,0.2047494724476,0.4189397399844,0.3193154825883,0.4160938406186,0.3672623647636,0.5663532343104,0.4564888930547,0.6339746772970,0.4426147994769,0.4401095135781,0.2278612139883,0.5802757923751,0.5656493257158,0.5934073682101,0.4753356690187,0.3925417187510,0.2742326575022,0.4528254090230,0.4034697287500,0.5612072318571,1.0000000000000,0.4446260243519,0.3998097432384,0.4291316750921,0.5452034350275,-0.0761045095518,0.1516442614663,0.3712697488864,0.6399691702336,0.0435437079505,0.2708643090733,0.2817523929195,0.4479003022429,0.4629085814380,0.2731312337512,0.0290621210717,0.2115575718925,0.0743378177975,0.3193802680603,0.2911951691865,0.2777171321578,0.3072483911399,0.4185863713167,0.0171708816870,0.3666298202513,0.1726330167585,0.2597433986901,-0.0033537957379,-0.1578225703794,0.2946491163664,0.1884509495342,0.1153658812404,0.1525948819508,0.3402126930363,0.0499994893578,0.1377285661554,0.4251471482794,0.3062740530984,-0.0072879404251,0.1016634303276,-0.3693756753218,0.1614214335988,-0.0673221750127,0.4248928897096
0.5214794889115,0.7420052073111,0.8220035255231,0.5863264509998,0.2270346234991,-0.2086500151530,-0.1446414404398,0.3905366852585,-0.2215651723589,0.2977684737976,-0.0647262984728,0.2443180823421,0.0046809054901,0.2286916384875,0.0861398164872,-0.0923854992174,0.6465341635145,0.6118235882670,0.2754045732837,0.5179654964718,0.4504016078645,0.5698097167928,0.6348021878763,0.7425860914165,0.5134973295820,0.4558768666616,0.4446260243519,1.0000000000000,0.5651184513232,0.3048941841496,0.5747649661587,-0.0773063795405,-0.0563624079323,0.3559301721450,0.4685855642487,0.1546970825323,0.5509047237871,0.3712610489068,0.4567466369529,0.3311667030178,-0.3032634393613,-0.3070371465762,0.3944877978587,-0.4948076502541,0.2814090840302,-0.0462141921092,-0.0390892694976,0.1144421644224,0.0092155311058,-0.3825358356914,-0.0152950633405,0.5868363634356,0.5102076153690,-0.1990191295972,0.0422468272501,0.2340752051804,0.6831921537122,0.6090216638374,0.6996028605627,0.4898013066254,0.1405857061885,0.2808309664169,0.8584803839908,0.4420812384628,0.0573362367061,0.3969953360519,-0.2700283394307,0.0009437505859,0.1352957374811,0.3571492048817
0.7009047516657,0.4412530754740,0.5719796789168,0.5350394246269,0.6692960160385,0.0423469540613,0.2637220266981,0.7580525102473,0.1072931398466,0.3009713422621,0.4017588168095,0.2449987807271,0.1687339143259,0.0976829021217,0.3481198970765,0.2120518202358,0.6314892234611,0.6455370798481,0.2489643215121,0.5522325368716,0.5504465363752,0.7923323311216,0.5742338000517,0.7611284491228,0.8616626481905,0.2080413844674,0.3998097432384,0.5651184513232,1.0000000000000,0.5661084284521,0.8150429121721,0.1913144069189,0.0802160248559,0.4678941811591,0.5243005669114,0.0971589663052,0.2297528167378,-0.0789402538055,0.2531816760065,0.7251459818074,-0.1240008330897,0.1076395906017,0.5123042861678,-0.1896522823413,0.3609826004389,0.3670067654389,-0.2210399998320,0.4700658376611,-0.1947277170657,-0.3217485220494,0.1573159591511,0.5950105639156,0.3014559652458,-0.3690295815140,-0.3247468270339,0.4306975071647,0.6003366378215,0.4676575273254,0.5210694115718,0.8244459033464,-0.3320009192313,-0.1856671654144,0.3594985462576,0.8840050856087,0.2121941979006,0.5137689634508,-0.3955905449017,0.1265590138859,0.1095957560120,0.2473295449488
0.6889113257343,0.3191518289718,0.2679633406361,0.3921206477538,0.5507417470857,0.4806527710529,0.3262389217848,0.4990644856201,0.4593774592097,0.1043211622592,0.5770423709795,0.4725448171909,0.0860843549431,0.3270874756289,0.7651102071676,0.3889736339361,0.4123072017276,0.4880843869123,0.4603909966993,0.5270198717634,0.4560624193631,0.7106188279241,0.4022665259448,0.5708878298341,0.4694658033612,0.2683369368443,0.4291316750921,0.3048941841496,0.5661084284521,1.0000000000000,0.6200535573370,0.1383381507027,0.1312872372728,0.7950987755262,0.5821254039598,0.1404341522904,0.1793657969032,-0.1534668341116,-0.0007100791896,0.5496165491614,0.3034643852175,0.3660057506390,0.0314067494439,0.1849623213063,0.2157185786596,0.4935939401375,0.0825681712513,0.3402047274846,0.2172198469218,0.1863558084785,0.3480571920477,0.3504056794672,0.1267798377361,-0.1547609078826,-0.4320430188206,0.2809635703698,0.3945690668438,0.2820416195198,0.3032264699370,0.4366347469031,-0.3825544092176,-0.3479032916688,0.1536989039611,0.4280241500095,0.6546037466817,0.3403698679789,-0.3984806994301,0.4145141725373,0.3147335502767,0.3056470707080
0.7082475629828,0.6275869466613,0.5841562783822,0.6227345845295,0.5867039567235,0.0582863218882,0.1673619174309,0.7186635942041,0.0376609725605,0.3852321114597,0.2610767149152,0.2948402290719,0.1916164826929,0.1404818590450,0.3433939268207,0.2686250844832,0.4744315855034,0.8705545570879,0.3893642973941,0.7409564967029,0.6103385225830,0.7539685025943,0.7589785312606,0.7832579052998,0.8011790231590,0.3516330372088,0.5452034350275,0.5747649661587,0.8150429121721,0.6200535573370,1.0000000000000,0.1960569629182,0.1339477893408,0.5682220109507,0.7230628562772,0.3256176788402,0.3956365389299,-0.1265837541079,0.4333101514025,0.6399297757814,-0.0918764375581,0.0104065478644,0.4945581309426,-0.2602704328880,0.4328092598365,0.1875078922032,-0.1216564739986,0.3860052428165,-0.1343499090318,-0.1951749520493,0.2157798958710,0.4088152020041,0.5480272487432,-0.1857521172339,-0.1164678799477,0.3654881889814,0.5019512779654,0.5643774840833,0.4845048412386,0.7717576052005,-0.1213469401500,0.0059890184676,0.4194726927127,0.6227808959614,0.2862653857382,0.6029073764383,-0.3508308810860,0.1787918598226,0.1141151638800,0.5069918505449
0.0499985250614,-0.0162173286784,-0.0457195621777,0.0711929404094,0.3488191596263,0.0499874918675,0.1148645956896,0.3722659792989,-0.1179168443454,-0.0070357293992,0.1260216008658,-0.1967619946525,-0.0521009009357,-0.2382555362858,0.0097189143814,0.1969190771393,-0.2406893941030,0.1546709094907,-0.1360979524658,0.0308529315761,0.0420438287218,0.0363798071906,0.1850308319131,-0.0252095554357,0.2907346105117,-0.1130840508832,-0.0761045095518,-0.0773063795405,0.1913144069189,0.1383381507027,0.1960569629182,1.0000000000000,0.0719867633995,0.1888516606169,0.0482331918210,0.2448385546765,-0.0806976850508,-0.2778304904538,-0.0523521099246,0.2775174274953,0.0033433852489,0.1396998132032,0.2678082198193,-0.1181632172007,0.1152469207689,0.0823126092632,-0.3103776219084,0.1856132437385,-0.2483891937165,0.0821932209049,0.0703231949565,-0.2274483625780,0.0829480259892,0.0185175188426,-0.0368506526103,0.0582086289736,-0.1962663094639,0.0028201959745,-0.1081163607700,0.2548421356041,-0.1718174582025,-0.0093726980212,-0.0596897630132,0.1789990903696,0.1824053873170,0.1701098877578,0.0668526556560,0.0494903568811,0.1400425303644,0.0199832493291
0.1402138144308,0.0149924375037,-0.0909105068738,-0.0727720473343,-0.1316490614312,0.3707662117790,0.2172865554136,0.0843243887498,0.2716225706903,0.3522622392141,0.1405038226293,-0.1209722362644,0.2586278489110,-0.0157779621535,0.1212572936476,0.4380866696331,0.0265243876500,0.1333836540090,-0.1598375597255,0.0061880655269,0.0463025892282,0.0782871905217,0.0271048622077,0.0454159843678,0.0637012915147,0.0772287146620,0.1516442614663,-0.0563624079323,0.0802160248559,0.1312872372728,0.1339477893408,0.0719867633995,1.0000000000000,-0.1415385227592,0.4063827830092,-0.2844692510844,-0.1113242472826,-0.1183673928213,-0.1277692146116,-0.1156352362928,0.3144789138117,0.3627365091538,0.0571753134046,0.3020737438168,0.3129809373285,0.1434578359889,0.0960879319307,0.0215928237215,-0.0297306465433,0.2446163025469,0.6521710385031,0.0265243974336,0.0026235510324,-0.2178698066833,-0.1689727769078,-0.1241073885141,-0.0275768462245,-0.2054974609628,-0.0618515203978,0.0807472233854,-0.2124528514682,-0.0863603624364,-0.0886778408191,0.0758768373315,-0.0967351753162,-0.1276360804130,-0.0037555391649,0.7865152632421,-0.6025194482372,0.3555515903784
0.5459806032843,0.3574479727221,0.3243496575896,0.3646488121068,0.5171031888753,0.3309142668034,0.0108187129627,0.4168177332043,0.2053773362118,-0.0288983712969,0.3326993889514,0.3665054425325,-0.1374091386923,0.2545188875678,0.5064869770201,0.1794278728600,0.3383900196610,0.4530242137568,0.3706219113340,0.4759873672851,0.3733691092936,0.6231806086727,0.4243599099139,0.5643972600396,0.4384501042036,0.2529727500007,0.3712697488864,0.3559301721450,0.4678941811591,0.7950987755262,0.5682220109507,0.1888516606169,-0.1415385227592,1.0000000000000,0.4438798731799,0.2808780976599,0.2285882716734,-0.0361895486798,0.1017128243186,0.5349268151291,0.2078138539965,0.1018175343293,0.1412437705914,-0.0042673578719,0.0967936131705,0.3275643486736,0.0252357811605,0.1607571512870,0.1902998750567,0.0742618837258,0.1722718528268,0.2823496347642,0.2295202943355,-0.0596305921592,-0.2340016462701,0.2178783972887,0.4094412484270,0.3900009147394,0.3711443259725,0.3818237444837,-0.1821389925824,-0.1616361483809,0.2873335627159,0.3153704642091,0.6369201615633,0.3954111296191,-0.3972889638340,0.1605720783649,0.5657844327940,0.3190253681437
0.7117600564473,0.5998699231472,0.3505036166640,0.5691376749997,0.3977871067345,0.1403544885427,0.1481630815736,0.4334596331355,0.1202693563100,0.4841999155363,0.2125891843058,0.3601809889111,0.3489268842629,0.3958675988706,0.3359032401713,0.3854371235589,0.3885031009625,0.7489446724579,0.4745312045317,0.7398998956081,0.5815311370767,0.5865729417568,0.5575907470235,0.6209487420623,0.5128657144312,0.5994600724558,0.6399691702336,0.4685855642487,0.5243005669114,0.5821254039598,0.7230628562772,0.0482331918210,0.4063827830092,0.4438798731799,1.0000000000000,0.1975697284658,0.4138160898524,-0.0617719510296,0.4357781073169,0.4719394232862,0.0497685532126,0.0373090154128,0.3185455063597,-0.1363330982273,0.4498596333676,0.1921203904593,0.1213347506724,0.3034182104444,0.1545082646787,-0.0742720989450,0.4536140893319,0.3594322893292,0.4647824675070,-0.0356598433269,-0.0548704489683,0.2636490246579,0.4241150826450,0.3402742860945,0.3840218610708,0.4851687494915,0.0993807582813,0.0632812505333,0.4141570731486,0.3765854495957,0.2403989041495,0.3419976209729,-0.3568014806861,0.3840007526301,-0.1077406520918,0.8169387922250
