1.0000000000000,0.3144247223708,0.3944666464460,0.4600530266004,0.4886434784062,-0.0369897672434,0.2427442110370,0.3117374811581,0.1353882769122,0.3531717603514,0.2837125005228,0.3830470368065,0.2032167684480,0.1284061274903,0.5388040386541,0.0567729355542,0.5302054647446,0.4143095851811,0.2446221377078,0.5271034826364,0.5653964837291,0.5164345398392,0.4984095802866,0.5601944733336,0.4438675303042,0.2421988772793,0.1958274174828,0.4030020970069,0.5492959374987,0.4707235869923,0.4962607017926,0.1472272320507,-0.1357573141149,0.4195749762836,0.4358922438977,0.6551840644498,0.2355815308169,-0.1134281215333,0.4030512586211,0.5293593002501,0.0092828200099,0.1621915936945,0.2706415800266,-0.0151801168767,0.1723690363189,0.2961283080085,-0.0025590616643,0.3364280958215,-0.0395806361890,0.0155885663345,0.0474002365714,0.5387898800344,0.1819227326494,-0.1566423055375,0.1159913027622,0.4206640876098,0.5358877097590,0.4163205644331,0.3830671911763,0.4069076722733,0.2158122457755,-0.1040522358784,0.2939140079398,0.3995203131614,0.2381535452014,0.3041503350183,-0.0441705808278,-0.0376666163715,0.2016903613331,0.3414994371125
0.3144247223708,1.0000000000000,0.5111291846507,0.5901298788341,0.2239491869769,-0.3503883651495,-0.0010488429981,0.4573449646736,-0.1760363801258,0.1438803217603,-0.0309931205147,0.2598846126377,0.1477847273050,0.1216115599426,0.1300497753797,-0.0508873419960,0.1974812195866,0.5271388962341,0.3199542953764,0.4949241600837,0.3461431323174,0.3607511119734,0.6353074659793,0.5315170354153,0.3407270120313,0.3746479272107,0.3852819268830,0.6538600300964,0.4551433776072,0.4213201852371,0.6133035595459,0.3904103925553,-0.2809616483196,0.5281626735286,0.4001769444237,0.3613075267843,0.8243227331652,-0.0411109020942,0.4306041312736,0.1064172027042,-0.4537072221786,-0.1273058310350,0.2440895298572,-0.4091493786097,0.0933077674140,-0.0571739167649,0.0710544817165,0.1589395226364,-0.0774551262511,-0.2490187386806,-0.1790177629222,0.1985894168212,0.4555584399180,0.0024346105946,0.2710151616352,0.2583586673264,0.3084364929637,0.6984328119411,0.4925820340542,0.3265807229886,0.1314109559630,0.2771820862306,0.6325885146531,0.4384312175823,0.3589915084686,0.5670228721610,-0.0496034746542,-0.1289522805176,0.5129342385360,0.3030810352360
0.3944666464460,0.5111291846507,1.0000000000000,0.3764674621827,0.2590963279022,-0.2184441614400,-0.0463646207705,0.5790547494087,-0.0632859244280,0.3602646245335,0.0065400091616,0.1745640944533,0.1157420336270,0.2086952507963,0.2629316203730,0.0709839409006,0.4199001130945,0.6070908877414,0.1979155687496,0.3703647950296,0.4038159524264,0.4468040632984,0.6165291387443,0.6108033731893,0.6116719328818,0.3971351486780,0.4888975796631,0.8224553797767,0.5498157576539,0.2423522050762,0.6189159784934,0.2622409720033,-0.1037516236428,0.2538655098803,0.2584645759577,0.1971362308162,0.2985650317280,0.3732812698579,0.2652806577035,0.2251152552992,-0.2124076964886,-0.0579330484735,0.4255022958703,-0.2423057271697,0.2795760213771,-0.0451037187186,-0.0741378851423,0.1465765311792,0.0213369294109,-0.0821974408693,0.0277729061466,0.4246248641474,0.2587552741877,-0.2036444689951,0.0540337154629,0.2604874756161,0.4291899986724,0.4938225600242,0.4496862911795,0.5294988763174,0.0879807613779,0.2582332831982,0.7322951215042,0.4244404702293,0.0777822162474,0.2294488633926,0.1539843167205,-0.0302312495469,0.0867810290562,0.1137254907585
0.4600530266004,0.5901298788341,0.3764674621827,1.0000000000000,0.4765733094199,-0.0681871710761,0.3092369759661,0.4691590252653,0.1237084258445,0.3269423607847,0.2344434090934,0.3458481151422,0.3931089848916,0.2389178783366,0.2698259780220,0.2613796704324,0.1256575928570,0.4335989566900,0.1048230392511,0.3311753979154,0.4520913970934,0.1832889982279,0.6574288779985,0.3223773329020,0.4961783862634,0.5594352757874,0.4732068140520,0.4388959368627,0.3783559559207,0.2831533293319,0.5829246058214,0.3257259058921,-0.0230414145101,0.2966243183652,0.5714488211330,0.5308647328844,0.6145339207084,-0.0463973546635,0.7679518447351,0.4624448927248,-0.0806184104141,0.2039869321688,0.4871641495807,-0.0412083118851,0.3071763646646,0.1916027079865,0.1798723348707,0.4097740125423,0.0591731119208,0.0540325032835,0.1420041276790,0.1550866842529,0.4514040451552,-0.1302590483125,0.0830369718957,0.3119654303939,0.1212480407839,0.6205303307862,0.2190243545197,0.5327180274186,0.3268780834824,0.2328623093017,0.5007468330420,0.3045024275899,0.1684148437406,0.4304556767572,0.0060512907790,0.0764839573834,0.2521908258417,0.5280475482314
0.4886434784062,0.2239491869769,0.2590963279022,0.4765733094199,1.0000000000000,0.0805276001067,0.3844867895629,0.3559018977167,0.2321360125478,0.3431152611030,0.5038232688792,0.2482207180718,0.4226066868744,0.0825666806561,0.3634986900248,0.2547802656231,0.2844137948561,0.3172428037143,0.2142630510917,0.2986260783087,0.5897786518341,0.5319470610872,0.4661716872826,0.4646351499001,0.5597462139057,0.2024908010304,0.3344884733230,0.2501376231961,0.5815167503080,0.2812720289300,0.4657795931127,0.1538716863590,-0.0076479343885,0.2821033873452,0.4430856373308,0.4990237582496,0.2814523665522,-0.0343961020387,0.4745805292758,0.8587208207143,0.1433453499862,0.3038107666826,0.4681217567993,0.1040112088093,0.3368530142352,0.4946130605784,-0.0513190821952,0.6420646368411,-0.0790495717543,0.0747076360326,0.1662339976656,0.3371879852041,0.2273538303933,-0.1823438157541,-0.0562014990129,0.5906781369388,0.3971784758748,0.2670681427296,0.2809516686348,0.5753868089318,0.2402177616280,-0.0426490919557,0.2030072775148,0.5024818037446,0.1421721020887,0.3427749123134,-0.0241958556597,0.1143202191568,0.0982403720091,0.3857847937716
-0.0369897672434,-0.3503883651495,-0.2184441614400,-0.0681871710761,0.0805276001067,1.0000000000000,0.4020289239013,-0.3065834850311,0.6440887641787,-0.0176814579982,0.4825014895208,0.2347600637522,0.1989492661925,0.2150247460552,0.2753016247615,0.2021084728171,0.0194133052919,-0.2917571337325,-0.0828749717460,-0.2269966867889,-0.0633930459106,-0.1155671987735,-0.2504902198757,-0.2136786626049,-0.1202027774590,-0.0543948473379,0.1374244242518,-0.2779505124335,-0.2375234317784,0.0721970072986,-0.1839459817665,-0.2743693931892,0.2681454644945,-0.0953864898907,0.0609446868247,0.0002209390067,-0.2585560223306,0.1205679727380,-0.0782684203645,0.0009031857985,0.8433535508210,0.3956168981933,-0.1579902984854,0.7055868467388,-0.0410532232224,0.4693631552827,0.2522413005821,0.0255342777289,0.2904878759339,0.4639086359439,0.2666111141077,-0.0006727068716,-0.2299993073673,0.1529518934684,-0.2909107480993,-0.0580665221347,-0.2075413054826,-0.2441996531405,-0.2326062124753,-0.1238725727212,0.0080537869050,-0.1366251105450,-0.3214479645567,-0.2156858991675,0.0296738416789,-0.1005851599107,-0.1327485567665,0.3037162358548,-0.0095068364592,0.0298671445710
0.2427442110370,-0.0010488429981,-0.0463646207705,0.3092369759661,0.3844867895629,0.4020289239013,1.0000000000000,0.0942013172963,0.6513212796621,0.3212747089182,0.5677164935953,0.3517154230721,0.8074499813329,0.2556491854771,0.3936884593247,0.4998165464234,0.2267126239164,0.0507841372249,0.0838559257015,0.0295900266351,0.1859809202144,0.2044193042680,0.2150713594395,0.1341338220985,0.2557008567345,0.2047120770706,0.0711275725893,-0.0853466404384,0.2836781057181,0.5132637978371,0.2864249396341,-0.0200476526394,0.2657248110369,-0.0127471206223,0.3837523685212,0.3655124298444,0.1067465640681,-0.0123508824378,0.0845512359254,0.3773862058651,0.3774831241525,0.8441660927293,0.2431048346888,0.5161642601613,0.3157838571622,0.6624800894793,0.5405229141735,0.7323000059324,0.2681984978188,0.4267236743720,0.4659070324574,0.2339521502698,0.0397946972258,0.0826964671837,-0.2326020495939,0.1650327700972,0.0458895904087,0.2007055280123,-0.0479551215350,0.2997846130858,-0.1937463624762,-0.1878792082864,-0.0918630101939,0.3173242029726,0.4801501992957,0.1811001976935,-0.0655056687631,0.4195771365824,0.1091558306881,0.4054269143587
0.3117374811581,0.4573449646736,0.5790547494087,0.4691590252653,0.3559018977167,-0.3065834850311,0.0942013172963,1.0000000000000,-0.0684042064800,0.5916007549500,0.0602612742010,0.1841578428276,0.1788071497077,0.2899848036622,0.4149833617002,0.3030170099175,0.2196892070381,0.4503973863253,0.1791194103989,0.2644349341934,0.2333066821425,0.3741301417538,0.5676160785547,0.4111266057045,0.7443459065130,0.5231698670631,0.2687202021157,0.5970362536737,0.6232601028254,0.2803588052852,0.5075010227398,0.2933359781402,0.0263924215860,0.1474681994810,0.2493859392036,0.3271914845036,0.2567274611290,0.0836284141295,0.2741600983669,0.3210146364302,-0.3665466607546,0.1221297993378,0.6578473602820,-0.2643699394537,0.6269490694831,0.0422560548785,0.0876773679744,0.2244057868282,0.0560962790702,0.1326645039030,0.1918029097711,0.1866013367376,0.1445069090812,-0.2545765525596,-0.0995025355843,0.1164189485540,0.2578738129121,0.3903283900793,0.1287564226218,0.6427898252748,0.0539975784698,-0.0125744466196,0.5523057111070,0.4904084944345,0.1463456026473,0.0213191894604,0.2210109269567,0.1443086137844,0.0076949630779,0.1701861272796
0.1353882769122,-0.1760363801258,-0.0632859244280,0.1237084258445,0.2321360125478,0.6440887641787,0.6513212796621,-0.0684042064800,1.0000000000000,0.1050342208751,0.6995360048316,0.5015240794213,0.5016953593717,0.4374352761857,0.5559087804234,0.3737520322424,0.2447194284906,-0.1688729900814,0.1304403298486,-0.1570290300476,0.1227888185212,0.1468182562399,-0.0728168842339,0.0248988002584,0.0707236962034,0.1323234261936,0.1552181468489,-0.1306106480955,0.1105689897995,0.3791041824986,0.1560719914806,-0.2064215267146,0.2028254717228,0.0543083293970,0.1370099701235,0.1207175532410,-0.1544999256189,0.2362703282502,-0.0493925569618,0.1243720424272,0.6756184948541,0.6834975067445,0.0350959305511,0.8119180481029,0.1210822980835,0.7275288468245,0.5287167088451,0.3358341211286,0.5547667792882,0.5901167624280,0.3983424249689,0.2065089823852,-0.2154131191850,0.1731123960178,-0.4487776835959,0.0964530532925,-0.0048472343386,-0.0542945809724,-0.1045343092832,0.0531225633841,-0.1599247798590,-0.2223139606855,-0.1431126389738,0.1082940787827,0.2956226723595,0.0300968264086,-0.1098041147742,0.3290119376259,0.1664608292352,0.0934568537987
0.3531717603514,0.1438803217603,0.3602646245335,0.3269423607847,0.3431152611030,-0.0176814579982,0.3212747089182,0.5916007549500,0.1050342208751,1.0000000000000,0.0917470129919,0.0870995924388,0.3216502419718,0.3882750002163,0.3699789998806,0.3834303058861,0.3147687440167,0.2648078280993,-0.0078715026799,0.0640933064198,0.2221427896428,0.3292394676352,0.5229584399192,0.3038780504972,0.6998501017532,0.5159123964677,0.0396655170729,0.3524116207900,0.4372076102862,0.3066836808115,0.2454901050122,0.1529132199772,0.2421369265483,-0.0263124676905,0.2983595972719,0.2726178936057,-0.0079306163658,0.0558810301919,0.0850921958728,0.3520962722239,-0.0272631530904,0.3570870531668,0.4251905911422,0.0046922713895,0.8247035600690,0.1700510141939,0.2623911427956,0.3345183813702,0.2470199251704,0.2413492704391,0.4186192953204,0.3305676619233,-0.0239010445178,-0.3468400769250,-0.2057036263420,0.1125730250267,0.3354552894958,0.3438333213028,0.0932344205572,0.6237804271740,-0.0547861507677,-0.2389716333511,0.2844139330395,0.2824555410021,0.2077804930453,-0.1379045843794,0.1863010771805,0.2877826635462,-0.0843852161094,0.1956766815573
0.2837125005228,-0.0309931205147,0.0065400091616,0.2344434090934,0.5038232688792,0.4825014895208,0.5677164935953,0.0602612742010,0.6995360048316,0.0917470129919,1.0000000000000,0.3409462963139,0.3837427854647,0.2653664076096,0.5696434022495,0.3680570922442,0.2328327673587,-0.0270922901414,0.3015908432884,0.0554352890600,0.1277514518162,0.3730642048697,0.0085900231489,0.1955494304503,0.1514268191581,0.0928917266167,0.2825631352382,0.0253608055371,0.2853743590979,0.4584791220306,0.1851056138469,0.0295866810886,0.0692077827516,0.2996450431791,0.3384123668629,0.2492462619408,0.0782058623613,0.1225963849858,0.2581303870158,0.4591110810465,0.4979610692988,0.5096595655589,0.1383595869559,0.5167778836544,0.1594728627183,0.8478649554941,0.2500266255959,0.3981828887870,0.3493645758435,0.4155154689432,0.2933843761283,0.2172690741129,0.0390290500783,0.2227365422747,-0.1496765208001,0.1353580362191,0.1757783087743,-0.0536108141121,0.0850423953730,0.1502009182135,0.1031583924188,0.0084241964091,0.0537038648010,0.2879656729997,0.3692069535844,0.1609878205409,-0.1732484702100,0.1877962254015,0.2494873572012,0.2882364171139
0.3830470368065,0.2598846126377,0.1745640944533,0.3458481151422,0.2482207180718,0.2347600637522,0.3517154230721,0.1841578428276,0.5015240794213,0.0870995924388,0.3409462963139,1.0000000000000,0.3337438038042,0.5686451932466,0.6217763823477,-0.0172873975251,0.2148067728451,0.0669846142393,0.4046219313110,0.2640909702248,0.4326093146869,0.0954176010894,0.2192092049861,0.1478240329279,0.1485974345477,0.3299064125492,0.3603920785534,0.2104557806803,0.1485317400755,0.3552784012213,0.3792503077323,0.1031826557244,-0.2488263239730,0.4040345663530,0.2213641970073,0.4623649201765,0.2319972700038,0.1882488396372,0.2732414900100,0.1681916566702,0.2085243466841,0.2575204205429,0.1807563480441,0.2844598155996,0.0647477108336,0.3383562995709,0.4430537067836,0.2836785071965,0.4454282532792,0.2448887799856,-0.0612773612631,0.1459782430476,-0.0347417685173,0.2781908528465,-0.0610624819025,0.3693558073545,0.0133716952567,0.2744755599723,0.0116186259525,0.1428071512411,0.3063504010303,0.0045385389845,0.1604225141807,0.1258094294455,0.1270806398035,0.2626828133929,0.1662591887723,-0.1015010550451,0.4038125563386,0.1819510537405
0.2032167684480,0.1477847273050,0.1157420336270,0.3931089848916,0.4226066868744,0.1989492661925,0.8074499813329,0.1788071497077,0.5016953593717,0.3216502419718,0.3837427854647,0.3337438038042,1.0000000000000,0.3493508533783,0.2786950176181,0.4251329146405,0.1606356938266,0.1947854713983,0.1367231453261,0.1142348629356,0.3738418083664,0.1616264989839,0.2764511847530,0.1586229164146,0.3288841906764,0.4177798385079,0.2276695346275,0.0746794425406,0.3078756183705,0.4496701632472,0.3955946355410,0.0639616089569,0.1398910534780,0.0411220046049,0.3803210293138,0.3143442854298,0.2075543017637,0.1176437960787,0.1129925739690,0.2906096877187,0.2429170651489,0.7079208957207,0.3071798493835,0.3984163721666,0.3359066314738,0.5354380641314,0.5369849560958,0.8275757168596,0.2648610846990,0.3823709921244,0.3976215122986,0.1485211574917,0.1397289208265,0.1120498298213,-0.1892068831360,0.3303951726077,0.0089789958921,0.2723101015485,-0.0247995620785,0.3536752700652,-0.1729525108980,-0.0921639443043,0.0584519642758,0.3389421571626,0.4740577224368,0.2605572372652,0.0726736613569,0.3104557231006,0.1706324948927,0.3760107259105
0.1284061274903,0.1216115599426,0.2086952507963,0.2389178783366,0.0825666806561,0.2150247460552,0.2556491854771,0.2899848036622,0.4374352761857,0.3882750002163,0.2653664076096,0.5686451932466,0.3493508533783,1.0000000000000,0.5467865894343,0.2391318279153,0.1961569740146,-0.0464224941648,0.2447722883047,-0.0028051028394,0.2158378558123,0.0477701472581,0.1111544380856,0.0091968936668,0.3121096135921,0.6900598666813,0.3699758777490,0.2808024985815,0.0767771858149,0.2856549575251,0.1174547662047,0.2399700865539,-0.0958672725276,0.1864394274746,0.0968601509322,0.0579217565447,-0.0178867491588,0.3377787501769,0.0808299591844,-0.0408814874520,0.2515596840507,0.2404437820696,0.1023560637913,0.2754876156857,0.4139800704839,0.2404092049902,0.4287940276368,0.1760368150297,0.8150384386304,0.4054691317403,0.2485533659123,0.1433388677075,-0.2127243555560,0.1161771367649,-0.2415590351092,0.1153576809778,0.0329246988965,0.1464196281479,-0.0868745398255,0.2350539156879,0.1848497204130,0.0004460852693,0.2981015079854,-0.0034494864080,0.1567602739403,-0.1377733399343,0.3740583243809,0.0219390447321,0.2332439937271,-0.0272439317257
0.5388040386541,0.1300497753797,0.2629316203730,0.2698259780220,0.3634986900248,0.2753016247615,0.3936884593247,0.4149833617002,0.5559087804234,0.3699789998806,0.5696434022495,0.6217763823477,0.2786950176181,0.5467865894343,1.0000000000000,0.2490002118037,0.3529953575485,0.1643222414113,0.5043018878136,0.3205713389430,0.2998403778260,0.3598384641423,0.2544003669063,0.2678068304201,0.3697205189429,0.3271716947036,0.2683300304803,0.3186133980416,0.3507559184902,0.5410440096924,0.3391386908522,0.1999544326498,-0.0853167684303,0.4098447305943,0.2440478111821,0.4704397537789,0.0566702699963,0.1984641961742,0.2375244607699,0.3367377423284,0.2669088673622,0.3394386125895,0.3213987949571,0.2621495273214,0.3991207390012,0.4747608332285,0.2963201481019,0.2843149420398,0.4947215647414,0.5019997325134,0.1837242952281,0.2751494101782,-0.0758121451101,0.2062736694883,-0.0599629809343,0.2483789137508,0.2441256580695,0.1798949152154,0.0398101907992,0.3360043604180,0.1563012032124,-0.0255443422046,0.3061331120978,0.2825235197803,0.2714423842162,0.0213756834109,0.1650348064642,0.1049559175192,0.2762693012328,0.1075732743662
0.0567729355542,-0.0508873419960,0.0709839409006,0.2613796704324,0.2547802656231,0.2021084728171,0.4998165464234,0.3030170099175,0.3737520322424,0.3834303058861,0.3680570922442,-0.0172873975251,0.4251329146405,0.2391318279153,0.2490002118037,1.0000000000000,0.0668744930039,0.2361517228700,0.0958503594695,0.0350131173022,-0.0811258221453,0.1609196228090,0.1962268634510,0.1778776160159,0.2664227900793,0.3195229163699,0.2013558339360,0.1452645511312,0.1678490708976,0.3745406742476,0.1549634815862,0.1647450102226,0.6768497217276,-0.3132505166223,0.4803629765767,0.0559040294541,-0.0113224694925,0.0227480378170,0.0839045288899,0.2142798914679,0.1685268557990,0.5045157692322,0.2272216591414,0.2813613510057,0.4984148137628,0.3364641632410,0.3796742208300,0.3264655444710,0.2145364175180,0.5136109838604,0.8617977483372,0.0846618266579,0.1921247288629,0.0270363759046,-0.1208813643967,-0.2162002212642,0.0647199401710,0.0176423633822,-0.0044012166068,0.2363936196030,-0.1640142779135,-0.0043986655814,0.1728594801897,0.1221726553398,0.3597132221584,-0.1468280839947,0.0119210319718,0.5930676440474,-0.2816713447983,0.4772825588582
0.5302054647446,0.1974812195866,0.4199001130945,0.1256575928570,0.2844137948561,0.0194133052919,0.2267126239164,0.2196892070381,0.2447194284906,0.3147687440167,0.2328327673587,0.2148067728451,0.1606356938266,0.1961569740146,0.3529953575485,0.0668744930039,1.0000000000000,0.1719129985741,0.0961298680140,0.1365640574828,0.3461426203754,0.7283466731480,0.3887905465999,0.6315881348902,0.4861799912212,0.1382440679983,0.0562916393929,0.3282997044131,0.6490928059241,0.4798847079911,0.4575153297227,-0.0738038478270,-0.0026916608961,0.2341529766522,0.2672575731695,0.2517765557368,0.0420320790152,0.1456361330394,-0.0564663899109,0.3177684107081,0.0504385046527,0.2239821040764,0.2101743617479,0.1202772499947,0.1635178861204,0.2900633845199,0.0770655015602,0.2499845081651,0.1566779760904,0.0950510732284,0.1026246865140,0.9207648771806,-0.0706846409173,-0.1863250949218,-0.1782082078932,0.2519569200649,0.7222328903055,0.3541340932577,0.5236692800884,0.4417593307514,-0.1299120334301,-0.1801119127626,0.2245973772984,0.5479351579620,0.3626608977228,0.2597195751161,-0.0459497672588,0.1285934966509,0.1584677311544,0.1383682203312
0.4143095851811,0.5271388962341,0.6070908877414,0.4335989566900,0.3172428037143,-0.2917571337325,0.0507841372249,0.4503973863253,-0.1688729900814,0.2648078280993,-0.0270922901414,0.0669846142393,0.1947854713983,-0.0464224941648,0.1643222414113,0.2361517228700,0.1719129985741,1.0000000000000,0.4186537001543,0.7702317494461,0.2959191353294,0.4017338830899,0.5859986428461,0.6635705812023,0.3431842596327,0.2517211461780,0.4732431521475,0.6297092691446,0.4442121336193,0.3988825841875,0.6928676537837,0.3986940603650,0.0464977413338,0.2145490722214,0.5896156239133,0.3401371951537,0.4824196683474,0.0576067293493,0.3372802034895,0.2826480549175,-0.3520247913609,-0.0774704159136,0.3573952325751,-0.3761282064789,0.1940748423971,-0.1006380618638,-0.0005481888399,0.2121563671441,-0.2509851562404,-0.1746257377281,0.1160110909546,0.2110672641277,0.7321815109950,-0.0148383954244,0.4631190777953,0.1767132417748,0.3408773719682,0.4473810830645,0.5360679792262,0.3387496781635,0.0023097716235,0.3946841572570,0.6012387159425,0.4055777524514,0.2353047875276,0.4191501915711,-0.0024589229175,0.0673284320818,0.0858378224730,0.4797335068594
0.2446221377078,0.3199542953764,0.1979155687496,0.1048230392511,0.2142630510917,-0.0828749717460,0.0838559257015,0.1791194103989,0.1304403298486,-0.0078715026799,0.3015908432884,0.4046219313110,0.1367231453261,0.2447722883047,0.5043018878136,0.0958503594695,0.0961298680140,0.4186537001543,1.0000000000000,0.7019003574229,0.1790032424522,0.3186752048029,0.1266385910015,0.3770175600327,-0.0211322973067,0.1040358227274,0.3193113719138,0.3490659435538,0.2288323121190,0.5419893781264,0.3389847790461,0.3364822733677,-0.2363023423254,0.4887392011080,0.3919189514997,0.2931446626722,0.3195615074353,0.0925793624870,0.1478841456142,0.0973781153234,-0.1411177676625,-0.0619179365190,0.0106741819471,-0.1591954448246,0.0154503332998,0.1913779276127,0.1465644482428,0.1696032571645,0.1348778078108,0.0677750982673,-0.0664637728994,0.0515557650290,0.2902294438794,0.5752642569888,0.4301059582675,0.2021479242963,0.1922102325904,0.1215624918482,0.2341334037543,-0.0566715952466,0.0794134248338,0.2638828696996,0.3234928267126,0.2503069218612,0.3699276341042,0.2605910498633,-0.1298575544286,-0.0554365311592,0.3958202019118,0.2747626238586
0.5271034826364,0.4949241600837,0.3703647950296,0.3311753979154,0.2986260783087,-0.2269966867889,0.0295900266351,0.2644349341934,-0.1570290300476,0.0640933064198,0.0554352890600,0.2640909702248,0.1142348629356,-0.0028051028394,0.3205713389430,0.0350131173022,0.1365640574828,0.7702317494461,0.7019003574229,1.0000000000000,0.3431869728275,0.3672641772044,0.4084644134788,0.5697972147237,0.1151337543262,0.1596065576502,0.4090598934448,0.5205121856220,0.3320149699323,0.4864498077684,0.5499583045966,0.3701820824566,-0.1769209791918,0.4228242606755,0.5933236663506,0.4655815938797,0.5004215475637,-0.0866228188358,0.3530068685992,0.2501945888908,-0.2995553322367,-0.1518549415912,0.1247226937998,-0.3528816208457,-0.0279404313745,-0.0426723734151,-0.0052333245354,0.1900162174680,-0.2489206356589,-0.1975112130421,-0.1096433538485,0.1505564847275,0.5723209882650,0.2673588152319,0.6179110142353,0.2787328965750,0.3032410581533,0.3630942810165,0.4449663693354,0.1097392370577,0.1954472487313,0.3316902544440,0.4310808989624,0.3295424086784,0.2653993610748,0.4537495785872,-0.0977930859227,-0.0674251816813,0.2701451108002,0.4774489751333
0.5653964837291,0.3461431323174,0.4038159524264,0.4520913970934,0.5897786518341,-0.0633930459106,0.1859809202144,0.2333066821425,0.1227888185212,0.2221427896428,0.1277514518162,0.4326093146869,0.3738418083664,0.2158378558123,0.2998403778260,-0.0811258221453,0.3461426203754,0.2959191353294,0.1790032424522,0.3431869728275,1.0000000000000,0.3673383159274,0.4161101546271,0.4747784998172,0.3953585835768,0.2916999876524,0.2741562330778,0.3701113774633,0.4600454978963,0.2491244179988,0.4995919094718,0.1408011553658,-0.2770010480858,0.4488296030812,0.3169905074873,0.4717535306167,0.2532998197542,0.0097047209434,0.3877409398139,0.4981558946734,0.0265034935604,0.0954360136210,0.2555856774400,0.0020767013070,0.1105411759849,0.1588742690184,0.0113831083082,0.5532815959377,0.0028307241615,-0.1203694755831,-0.0410629627582,0.3574727562722,0.1759859059127,-0.1694794874605,0.0508890943819,0.9038028150541,0.4099316934606,0.3981448736857,0.3902542562841,0.3942039940152,0.2777481974148,-0.0517415288283,0.2765320004569,0.3593049391587,0.0515424847857,0.4150292811796,0.1097557708448,-0.1189547468504,0.2829503190939,0.2194121859710
0.5164345398392,0.3607511119734,0.4468040632984,0.1832889982279,0.5319470610872,-0.1155671987735,0.2044193042680,0.3741301417538,0.1468182562399,0.3292394676352,0.3730642048697,0.0954176010894,0.1616264989839,0.0477701472581,0.3598384641423,0.1609196228090,0.7283466731480,0.4017338830899,0.3186752048029,0.3672641772044,0.3673383159274,1.0000000000000,0.4617077353919,0.8455543076285,0.5041068768172,0.0652770136283,0.0793692451054,0.4510801513536,0.8134101966270,0.6068688460285,0.5571796393933,0.1398395806524,-0.0057782092460,0.3815103347531,0.3949649846476,0.2952596804685,0.2324150594292,0.0280367827097,0.0745610577716,0.4901858211424,-0.1263000458775,0.1857617356496,0.2586946886868,-0.0681430505633,0.2490740461350,0.3680631968247,-0.0179701534462,0.3598893973622,-0.0305474297822,-0.0402267350465,0.0761628364880,0.7387425113349,0.1855871220875,-0.1591216866204,0.0155430580746,0.3429867103378,0.8742694659268,0.3214174810088,0.7058332880346,0.4620299765932,-0.1452015223880,-0.0969564268028,0.3632548961741,0.7707899261151,0.4866549341296,0.3968163633743,-0.1366191453692,0.1276526897456,0.2310464183506,0.2668178658291
0.4984095802866,0.6353074659793,0.6165291387443,0.6574288779985,0.4661716872826,-0.2504902198757,0.2150713594395,0.5676160785547,-0.0728168842339,0.5229584399192,0.0085900231489,0.2192092049861,0.2764511847530,0.1111544380856,0.2544003669063,0.1962268634510,0.3887905465999,0.5859986428461,0.1266385910015,0.4084644134788,0.4161101546271,0.4617077353919,1.0000000000000,0.5884760860030,0.6808116619017,0.4259004935664,0.2961355487647,0.5944491287338,0.5909611266070,0.3895952140917,0.7203920991008,0.2860310560769,0.0495078127949,0.2383076584441,0.5170217321694,0.5105758639258,0.5338428681709,-0.0284862931304,0.4343912926984,0.4775795783976,-0.2952395371480,0.1316617466160,0.5486008942686,-0.2657488741257,0.4508900107295,0.0237276551038,0.0427464022783,0.3563724257156,-0.0787282930650,-0.0574587369672,0.1050760059299,0.4417079345664,0.3792642538186,-0.2492735042431,0.1023561023842,0.2831436203919,0.4341831337660,0.8342334727553,0.4095745076923,0.6942862843226,0.0939500691816,0.1268408106451,0.5708119885968,0.4971377077964,0.2389481807596,0.4008415841674,0.0736592027505,0.1425709639948,0.1206802411191,0.4424894006901
0.5601944733336,0.5315170354153,0.6108033731893,0.3223773329020,0.4646351499001,-0.2136786626049,0.1341338220985,0.4111266057045,0.0248988002584,0.3038780504972,0.1955494304503,0.1478240329279,0.1586229164146,0.0091968936668,0.2678068304201,0.1778776160159,0.6315881348902,0.6635705812023,0.3770175600327,0.5697972147237,0.4747784998172,0.8455543076285,0.5884760860030,1.0000000000000,0.4544919060938,0.1305500606035,0.2482473264696,0.6073123507333,0.7482402232138,0.5909603991236,0.7000553567171,0.1852067894109,0.0125160903539,0.3778220833603,0.5524720144390,0.3652554670115,0.3715898249928,-0.0249317383521,0.1788616540612,0.4005770443664,-0.2503207190425,0.0801197928479,0.2391316914317,-0.2016885286370,0.1715209514827,0.1685140409385,-0.0061410029028,0.3037953192739,-0.1648601121451,-0.1624117247306,0.0959138105858,0.6761961978704,0.4102923507767,-0.1522035551504,0.1654099877385,0.3553799671419,0.7758767120269,0.4300505964351,0.8151539169303,0.3887079537012,-0.0688374059759,0.0359864595003,0.4774796077038,0.6546833767995,0.4056068525531,0.4677707864583,-0.1906348226898,0.1370164438789,0.1999215667011,0.4228939037246
0.4438675303042,0.3407270120313,0.6116719328818,0.4961783862634,0.5597462139057,-0.1202027774590,0.2557008567345,0.7443459065130,0.0707236962034,0.6998501017532,0.1514268191581,0.1485974345477,0.3288841906764,0.3121096135921,0.3697205189429,0.2664227900793,0.4861799912212,0.3431842596327,-0.0211322973067,0.1151337543262,0.3953585835768,0.5041068768172,0.6808116619017,0.4544919060938,1.0000000000000,0.5114906656451,0.2558544913982,0.4724461291986,0.7333625570721,0.2734566565527,0.5285887529141,0.1443367666673,0.0529291615443,0.1043148676753,0.2877501984168,0.3702179551922,0.1916403371388,0.1459409791835,0.2794674408339,0.5425858983830,-0.0743672550622,0.2797756985505,0.7231477750350,-0.0340826494547,0.6810558897409,0.2227276292839,0.0394548018758,0.4262161068912,0.1374528294869,0.1582771300557,0.2280135782299,0.4934931304693,0.0520867195284,-0.4142135926151,-0.2261929685126,0.2950453698244,0.4267254026770,0.5015559440164,0.2095616966296,0.9239114477752,0.0373593984132,-0.0945965882665,0.4429878531327,0.5900108060482,0.1398621327486,0.1180797300891,0.1876521818767,0.1717573653745,-0.0035011704251,0.1926375253303
0.2421988772793,0.3746479272107,0.3971351486780,0.5594352757874,0.2024908010304,-0.0543948473379,0.2047120770706,0.5231698670631,0.1323234261936,0.5159123964677,0.0928917266167,0.3299064125492,0.4177798385079,0.6900598666813,0.3271716947036,0.3195229163699,0.1382440679983,0.2517211461780,0.1040358227274,0.1596065576502,0.2916999876524,0.0652770136283,0.4259004935664,0.1305500606035,0.5114906656451,1.0000000000000,0.4638655943941,0.5089800738562,0.2632044363352,0.2727781507843,0.3165613928024,0.3116255374333,0.0414880242805,0.0821408926975,0.3367020464826,0.2171526040414,0.2424135543458,0.2396456262442,0.3145500016959,0.0973743205648,-0.0008575027487,0.2172573527585,0.3861423351984,0.0476529895683,0.5344864601389,0.1125686000175,0.3727853214099,0.2496407372159,0.4360292529368,0.3057623374683,0.3291114599643,0.1131072481505,0.0897502979322,-0.0742829747876,-0.1417706513430,0.1290296627626,0.0387296528304,0.4293694840466,-0.0214876806420,0.4870617046148,0.2471425306209,0.0946058464330,0.5296297412124,0.1603556030049,0.1587394081108,0.0076946715423,0.3148748877883,0.1311586061043,0.0858638522309,0.2367424986959
0.1958274174828,0.3852819268830,0.4888975796631,0.4732068140520,0.3344884733230,0.1374244242518,0.0711275725893,0.2687202021157,0.1552181468489,0.0396655170729,0.2825631352382,0.3603920785534,0.2276695346275,0.3699758777490,0.2683300304803,0.2013558339360,0.0562916393929,0.4732431521475,0.3193113719138,0.4090598934448,0.2741562330778,0.0793692451054,0.2961355487647,0.2482473264696,0.2558544913982,0.4638655943941,1.0000000000000,0.5541499462360,0.1471903080398,0.2018980743483,0.4629683398163,0.2531534104257,-0.0433349688889,0.1991965054766,0.4261291293374,0.1854007736116,0.3801180872350,0.4057560225212,0.4221225592121,0.1765172281941,0.1474140039821,-0.0366444779042,0.2250549788307,0.0169209843161,0.0639005389394,0.1282103221773,0.0370880297958,0.1267569193288,0.1497360504776,0.0845358448442,0.1401578133628,0.0490025659985,0.3690047138857,0.1432317137529,0.1683274521240,0.1618424671312,-0.0429570783322,0.2623403966925,0.1625399837263,0.2470810415007,0.3702714360910,0.5492566879173,0.5578485840870,0.0687177912736,-0.0101898927551,0.2536970000548,0.1335455370638,-0.0432031497673,0.1241664463472,0.2639859492532
0.4030020970069,0.6538600300964,0.8224553797767,0.4388959368627,0.2501376231961,-0.2779505124335,-0.0853466404384,0.5970362536737,-0.1306106480955,0.3524116207900,0.0253608055371,0.2104557806803,0.0746794425406,0.2808024985815,0.3186133980416,0.1452645511312,0.3282997044131,0.6297092691446,0.3490659435538,0.5205121856220,0.3701113774633,0.4510801513536,0.5944491287338,0.6073123507333,0.4724461291986,0.5089800738562,0.5541499462360,1.0000000000000,0.4880840609374,0.3297841348127,0.5406360857561,0.4408324355292,-0.0701964698921,0.3252534196564,0.3847527294119,0.2055371588831,0.4620514804716,0.2721982646741,0.3405645021040,0.1630751533655,-0.3258022545202,-0.1353596507526,0.2842084311852,-0.3559940820783,0.2859738520958,-0.0826521811014,-0.0074753162408,0.0886606458648,0.0159678009737,-0.1144835072123,0.0629602418038,0.3157522605934,0.3393844960790,-0.1163973297920,0.1796777390766,0.2140294401686,0.4596587118282,0.4901930573954,0.5048884458449,0.4053746630266,0.2178987711519,0.3120696393711,0.8866055745480,0.3868155313793,0.1265140513237,0.2510835569203,0.1515384977811,-0.0125908766672,0.1607802153576,0.1938120476036
0.5492959374987,0.4551433776072,0.5498157576539,0.3783559559207,0.5815167503080,-0.2375234317784,0.2836781057181,0.6232601028254,0.1105689897995,0.4372076102862,0.2853743590979,0.1485317400755,0.3078756183705,0.0767771858149,0.3507559184902,0.1678490708976,0.6490928059241,0.4442121336193,0.2288323121190,0.3320149699323,0.4600454978963,0.8134101966270,0.5909611266070,0.7482402232138,0.7333625570721,0.2632044363352,0.1471903080398,0.4880840609374,1.0000000000000,0.5113344189857,0.6793442103631,0.0818113109750,0.0025468924074,0.2902149048400,0.3649388065984,0.4096923950176,0.2838690470871,0.0038488820378,0.1765194483394,0.5466668279727,-0.2143826161640,0.3007271032461,0.5077257788696,-0.0631661663313,0.3461861995007,0.3730282028625,0.0460065777314,0.4922592599831,-0.0579713610187,0.0181961214453,0.1226261775057,0.6565456011902,0.1681401650283,-0.2585037273446,-0.1107258625735,0.3946367777928,0.6856719357411,0.4437581714824,0.5224547284338,0.6576888706717,-0.1224721385121,-0.1562717164257,0.3757569545174,0.8935199083908,0.4117215830905,0.3754296241882,-0.0893742720629,0.1840488376190,0.1597688688085,0.2759684784387
0.4707235869923,0.4213201852371,0.2423522050762,0.2831533293319,0.2812720289300,0.0721970072986,0.5132637978371,0.2803588052852,0.3791041824986,0.3066836808115,0.4584791220306,0.3552784012213,0.4496701632472,0.2856549575251,0.5410440096924,0.3745406742476,0.4798847079911,0.3988825841875,0.5419893781264,0.4864498077684,0.2491244179988,0.6068688460285,0.3895952140917,0.5909603991236,0.2734566565527,0.2727781507843,0.2018980743483,0.3297841348127,0.5113344189857,1.0000000000000,0.5326612671465,0.1818592033101,0.0785304005981,0.4266286058560,0.6062874727330,0.4332489910128,0.3394029591859,0.0258455675847,0.0847836912883,0.2133210454090,-0.0079804038797,0.3883221817717,0.1651064269306,0.0955653810648,0.2861526563230,0.4347907461712,0.4590278273628,0.4028483273857,0.2489162359336,0.2905470522755,0.2863605186480,0.4442004501744,0.2597201405807,0.3028070369071,0.1419508754024,0.1792612696795,0.4524015611276,0.3994678238888,0.3980881632376,0.2654113450312,-0.2184507390634,0.0469654749180,0.3048786089190,0.5213488588310,0.8215995384624,0.3715388188861,-0.1837070078808,0.2210636126485,0.4539180302558,0.4712736252289
0.4962607017926,0.6133035595459,0.6189159784934,0.5829246058214,0.4657795931127,-0.1839459817665,0.2864249396341,0.5075010227398,0.1560719914806,0.2454901050122,0.1851056138469,0.3792503077323,0.3955946355410,0.1174547662047,0.3391386908522,0.1549634815862,0.4575153297227,0.6928676537837,0.3389847790461,0.5499583045966,0.4995919094718,0.5571796393933,0.7203920991008,0.7000553567171,0.5285887529141,0.3165613928024,0.4629683398163,0.5406360857561,0.6793442103631,0.5326612671465,1.0000000000000,0.2033288023756,-0.0514104145108,0.3388510686600,0.5680636468123,0.4921800263658,0.5369846378394,0.1413004638640,0.3426147547391,0.3937785301799,-0.2023576632826,0.1860302779503,0.5357462561721,-0.0928004713422,0.2033748077327,0.1821895870470,0.1640817183733,0.4400128730642,-0.0274045914378,-0.0072804496575,0.0610861492572,0.4752365608546,0.4839822211987,-0.0090481490504,0.1445375127443,0.3973692877315,0.3941088377624,0.6535930882076,0.5109265545502,0.5404579110248,-0.0283358104757,0.2073353464870,0.5099910597970,0.6336214906023,0.3558719847315,0.6320631257146,0.0138622068045,0.0670531613510,0.2816240877944,0.4559322313042
0.1472272320507,0.3904103925553,0.2622409720033,0.3257259058921,0.1538716863590,-0.2743693931892,-0.0200476526394,0.2933359781402,-0.2064215267146,0.1529132199772,0.0295866810886,0.1031826557244,0.0639616089569,0.2399700865539,0.1999544326498,0.1647450102226,-0.0738038478270,0.3986940603650,0.3364822733677,0.3701820824566,0.1408011553658,0.1398395806524,0.2860310560769,0.1852067894109,0.1443367666673,0.3116255374333,0.2531534104257,0.4408324355292,0.0818113109750,0.1818592033101,0.2033288023756,1.0000000000000,-0.1838153851978,0.2991948123693,0.2517685595640,0.1584737786162,0.4076899483055,-0.0367207630827,0.4100827399361,0.1654181549136,-0.3858007808836,-0.2270922999305,0.1342082703288,-0.4731573828007,0.2341715091429,-0.1429449279126,-0.0706912558869,0.1340931532036,0.0778778605503,-0.2285513568775,-0.0263850593020,-0.0674411281721,0.4582444218945,0.0507934771848,0.4047863055840,0.1018397159310,0.1603472473832,0.2404598090045,0.2416105226845,0.1511191763757,0.2210607810595,0.4219924120523,0.5453445412735,0.1015550444928,0.1231024035104,0.1520964008431,0.3736162843930,-0.2454443394394,0.1801179683609,0.1825457250234
-0.1357573141149,-0.2809616483196,-0.1037516236428,-0.0230414145101,-0.0076479343885,0.2681454644945,0.2657248110369,0.0263924215860,0.2028254717228,0.2421369265483,0.0692077827516,-0.2488263239730,0.1398910534780,-0.0958672725276,-0.0853167684303,0.6768497217276,-0.0026916608961,0.0464977413338,-0.2363023423254,-0.1769209791918,-0.2770010480858,-0.0057782092460,0.0495078127949,0.0125160903539,0.0529291615443,0.0414880242805,-0.0433349688889,-0.0701964698921,0.0025468924074,0.0785304005981,-0.0514104145108,-0.1838153851978,1.0000000000000,-0.6652167657166,0.2708498941936,-0.1541064254857,-0.2571668907448,-0.0425371927505,-0.1932307085395,0.0180620963658,0.2062870237874,0.3747990245867,0.0267147590843,0.3284692348210,0.2450007750775,0.0900670260817,0.3102926139151,0.0357568533844,-0.0402049500521,0.3955010058528,0.7106770469451,0.0557404691784,0.0161232287232,-0.0832123294777,-0.2195562873316,-0.4024973867261,-0.0356032818037,-0.1359723044062,-0.0865125181916,0.0351508946160,-0.2716300999594,-0.1464923375939,-0.1200357049313,-0.0264936187902,0.1060982892763,-0.2654841507345,-0.0798510982828,0.7264095977790,-0.5967521855414,0.3199003466413
0.4195749762836,0.5281626735286,0.2538655098803,0.2966243183652,0.2821033873452,-0.0953864898907,-0.0127471206223,0.1474681994810,0.0543083293970,-0.0263124676905,0.2996450431791,0.4040345663530,0.0411220046049,0.1864394274746,0.4098447305943,-0.3132505166223,0.2341529766522,0.2145490722214,0.4887392011080,0.4228242606755,0.4488296030812,0.3815103347531,0.2383076584441,0.3778220833603,0.1043148676753,0.0821408926975,0.1991965054766,0.3252534196564,0.2902149048400,0.4266286058560,0.3388510686600,0.2991948123693,-0.6652167657166,1.0000000000000,0.1807526482556,0.4357382244475,0.4505539024604,0.0094311594678,0.3856714312938,0.2174539651752,-0.1311594301801,-0.1620953265182,0.0814471387382,-0.2222491665424,-0.0128649318861,0.1834691494747,-0.1042676351723,0.1620345187493,0.1375451170870,-0.1757482180384,-0.3967346262283,0.1748438654164,0.2196783976635,0.1973280310479,0.3162817280314,0.4737002069568,0.3471536645474,0.3487951584849,0.3615169490752,0.1183681290614,0.2536564457866,0.2038522334660,0.3722721397134,0.2812445569718,0.2870674201038,0.4289074124805,-0.1021472713377,-0.3866462190718,0.7897879291482,0.0287382765311
0.4358922438977,0.4001769444237,0.2584645759577,0.5714488211330,0.4430856373308,0.0609446868247,0.3837523685212,0.2493859392036,0.1370099701235,0.2983595972719,0.3384123668629,0.2213641970073,0.3803210293138,0.0968601509322,0.2440478111821,0.4803629765767,0.2672575731695,0.5896156239133,0.3919189514997,0.5933236663506,0.3169905074873,0.3949649846476,0.5170217321694,0.5524720144390,0.2877501984168,0.3367020464826,0.4261291293374,0.3847527294119,0.3649388065984,0.6062874727330,0.5680636468123,0.2517685595640,0.2708498941936,0.1807526482556,1.0000000000000,0.4417940831291,0.4723155308785,-0.0661240194625,0.4225532099185,0.4105399427016,-0.0279654189505,0.2248387708113,0.2579042853127,-0.0061061765120,0.2254180327946,0.2356959475333,0.2801089578889,0.3966430214188,-0.0825526341098,0.0873424337657,0.3714401084004,0.3067835975681,0.5670601707819,0.1195703075306,0.3057046283839,0.1702759844905,0.2968598703679,0.4302044748272,0.4446782477422,0.3154893075885,0.1814119301997,0.2601665374349,0.3418050744402,0.3564637647364,0.4343555767377,0.4736235277605,-0.1640010827482,0.3016325078339,0.1487993290457,0.8481732567716
