1.0000000000000,0.0074352208137,0.0644792077008,0.0636305561523,0.0770877154903,-0.3174286523050,0.3375269745356,0.2601909759555,-0.1538409674161,0.3295493882916,0.3473448417796,-0.0746187972284,0.2462698045424,-0.0392510428463,0.3561616109980,0.1443528397244,0.1368588763929,0.3760224773503,-0.0462250341555,0.2890299903235,0.2573085596833,0.2476407698525,0.2587179647296,0.1205824470015,0.3664601779462,-0.0093784396113,0.0905051766641,-0.0921920552285,0.0970032896512,0.4266882289640,0.1550066344013,-0.0734857693146,-0.2150912193067,0.0480507974817,0.2110379707992,0.5035586846398,0.0351153109389,-0.0645558882362,0.0469610725935,0.3306280858929,-0.1273674518683,0.2481953955739,0.1461429830483,-0.2499488555355,0.2475050751206,0.5120832899450,-0.2334308384747,0.3358663113382,0.0804347938217,0.2382130987031,0.0302172465181,0.1116145473141,0.2267564664191,-0.2162718057907,0.2133187659154,0.2063919780022,0.1051901197066,0.1685149748769,0.0494532440299,0.3990818501834,0.1067513195410,-0.0322902065447,-0.1225263465008,0.1892364816987,0.2681117708396,-0.1804672470163,-0.0679649367421,0.1173528032779,0.0548690300264,0.2078613061555
0.0074352208137,1.0000000000000,0.0937108115873,0.4981403052230,-0.0037909500262,-0.0029727792373,-0.3059393310669,-0.1708097988017,-0.1639487948953,0.0902624967091,0.0359736404673,0.1870232237488,0.0163182925340,-0.1069781308211,-0.0750904983762,-0.0658758720918,0.1135928417854,0.3940217444536,-0.0069598265426,0.2334365121117,0.1560528505373,0.1207340801205,0.4449653185950,0.2758058989906,-0.0698013087962,0.1538085770156,0.4125026822562,0.3245170597831,0.0753346333994,0.2078756560518,0.3463002476805,0.0386036220033,-0.0454372894288,0.3957775122940,0.5318603821548,0.1320080381028,0.7287822340573,0.0049263477566,0.3995735102832,-0.0781642679298,0.2021531519041,-0.2790972642467,-0.2742965841997,-0.2486346651215,0.0047274277967,-0.1574378463141,0.1629723367270,-0.0578743069361,-0.2075350865489,-0.3177172112218,-0.1574383181826,0.0966887705260,0.3624997960895,0.0964844699438,0.1237130566363,0.0161915483529,0.1173531056915,0.4793961851924,0.3330064412186,-0.0370878188861,0.4028886210015,0.3492751770781,0.3569393693102,-0.1403513597624,0.0814405544595,0.2122317612592,-0.0664533078767,0.0498119529351,0.3711308773169,0.5773111263414
0.0644792077008,0.0937108115873,1.0000000000000,0.3205626387146,-0.1977880414319,0.1095255731036,-0.1048732809011,0.4433365147609,0.0715791388656,0.1790142329978,-0.2081670033846,0.2990830336605,-0.2075889313260,0.1716399228896,0.1634502175150,0.2455935696996,0.4302196891718,-0.0016256547494,0.2635419330336,0.1322159341374,-0.0376409609669,0.3232395066324,0.1802781307403,0.4705250133456,0.1584164507618,0.2505613988085,0.4203637253010,0.6959955771162,0.0923148669063,-0.0513416457152,0.3720884191099,0.1343651456550,0.0630008090050,-0.0123895106623,0.0869841625236,-0.1141299485389,0.1431309286917,0.6310827674689,0.3481885890103,-0.1258618949150,0.0462396672504,-0.1434914332077,0.0395445054552,0.0124346590052,0.1070352151986,-0.2461735260636,0.2917371397211,-0.1900813503493,0.0742254685416,-0.1842278469176,-0.0343967571088,0.3668381998695,-0.0704072685035,0.1863421164283,-0.0651593514083,-0.1900749570059,0.1522277567251,-0.0351704197583,0.2957266927187,0.0860268702802,0.3677350328831,0.1268563773049,0.6582695453468,0.0661908366250,-0.3245951335484,-0.1614501510005,-0.0686565424251,-0.0577617726038,-0.1647963585080,-0.0315924281413
0.0636305561523,0.4981403052230,0.3205626387146,1.0000000000000,0.0319729884485,-0.0146872080577,-0.1287440548526,0.3915069798739,-0.0002542066809,0.3132578412452,-0.0962600964906,0.1090088676502,-0.1248523059329,0.1034756256952,0.1792027665290,0.1680967023312,-0.0540361106747,0.0276036848164,-0.0217147289780,0.2637218841967,-0.1502243873455,-0.1109414379980,0.4231670754855,-0.0113236790244,0.0874720456475,0.6188670276499,0.4367763166201,0.1229574037940,-0.0463359851401,0.0723780875006,0.3657757707993,-0.0840498210220,-0.0107813892688,0.4048172473667,0.4048690206654,0.2069862989233,0.4571959288895,0.1629371889406,0.7392470810577,-0.1835458301670,0.2842046475095,-0.1545903824366,0.2383054813146,-0.0107368833084,0.3336280659607,-0.2093728937589,0.1447807989835,-0.2754120788471,-0.0639744386934,-0.0495081443204,-0.0574225961639,-0.0323970890813,-0.0575795213641,-0.1426363605797,-0.3331662399871,-0.2636857004740,-0.1605887232371,0.2532490379368,0.0031998960954,0.0548799624737,0.4344671165197,0.0518938075273,0.1848446964143,-0.1292505936632,-0.0397105268059,0.2456149770500,0.0753349438635,0.1500192164930,0.3075388575642,0.3946419215620
0.0770877154903,-0.0037909500262,-0.1977880414319,0.0319729884485,1.0000000000000,-0.2101462055962,0.0302152850867,0.2015427017709,-0.2290109892463,0.2572294649909,0.1756473946227,-0.2715113894076,0.5639926858342,0.2056655839367,-0.1620399497017,-0.1344455895481,0.1692252428243,-0.0210451612802,-0.1582229568316,0.1003569760292,0.5445890216546,0.1164814379843,0.0946795572398,-0.0142580478160,0.4539171103357,0.0957424878067,-0.0446637240571,-0.1714564913021,0.4241925649989,-0.0060143921697,-0.0205589712205,-0.2980584298362,-0.1453457572905,-0.0334267950607,-0.0896340164227,0.3882386406331,-0.0715793212831,-0.2548507693337,-0.1951651208359,0.6696399041089,-0.0790970803222,0.1015940961132,0.2579314716881,-0.1558775949337,0.3396817081486,0.1800608122407,-0.2314200054693,0.4239056810298,0.1677287388109,0.0942198814791,0.0066108951440,0.1980907050090,0.0419020947213,-0.2394958116430,-0.1693983781442,0.5848937188268,0.2127837675881,0.1807858122010,0.0632462371789,0.4782587602687,-0.0961330862363,-0.1784930123419,-0.1551800420427,0.3576454663563,0.1312034978622,0.1078596948923,0.1954655953217,-0.1600009065145,0.1278229480507,0.0023714543740
-0.3174286523050,-0.0029727792373,0.1095255731036,-0.0146872080577,-0.2101462055962,1.0000000000000,0.1202801265147,-0.1947026710244,0.5984538184559,-0.1751045970434,-0.1481020402865,0.4354552976580,-0.2602072230645,0.2792642281217,0.3707239235790,0.3107824224010,-0.1503351245037,-0.2612368687723,0.4343025099332,-0.2503263623206,-0.2321963136740,-0.2231569633311,-0.2218242067760,-0.1234060805026,-0.2343043758038,-0.0761163451192,-0.1654578172365,0.1082389738803,-0.1622320542843,0.0802108406202,-0.1084419599097,0.3222280910742,0.6780865723210,0.0714750994478,-0.0567492357137,-0.4466129736246,-0.0924103622098,0.0215139252923,-0.0882105340127,-0.1946339199990,0.6083544392676,0.2321487862622,-0.2886868973612,0.5824430718160,-0.2758483150714,-0.2896552199070,0.4483742235268,-0.2547360792042,0.1689408313645,0.2674199501916,0.4292133747024,-0.2101993296746,-0.2581047061024,0.5008959381068,-0.0242828289932,-0.1981754068849,-0.2566144612102,-0.2367823886360,-0.2183986869072,-0.2789677628225,-0.0146544157335,-0.0682807393586,0.0404557296753,-0.3282032580782,-0.0177097923549,-0.1497378038630,-0.0650278441700,0.3145312547256,0.0449581997162,-0.0692039418796
0.3375269745356,-0.3059393310669,-0.1048732809011,-0.1287440548526,0.0302152850867,0.1202801265147,1.0000000000000,0.0693310576537,0.3845601619973,0.0570775118402,0.4971985874928,0.0004634374594,0.3585639400504,0.2296401360718,0.4955770594691,0.4929006979377,-0.0536521036035,-0.0104430110296,0.1483428448518,0.0685740493353,0.0645607686439,0.1285492201924,-0.0902364626771,0.0131545854010,0.1736365674769,-0.0172270743797,-0.2153530266942,-0.2949275320440,-0.0158312913830,0.4853108494039,-0.1058822255671,0.0729203221140,0.2587020048661,0.0082483006138,0.0948222483317,0.0459172992550,-0.1547615865522,-0.2559393318643,-0.1820553722047,0.4090284571796,0.0052704603491,0.7506548684679,0.0164094944448,0.3156997933097,-0.0287042526322,0.6406155895615,-0.1365528784819,0.4666866516675,0.3515345471212,0.4551159032305,0.4233963678178,-0.0619144970484,-0.1985244832310,-0.0339355652296,0.0095712879850,0.1736066655507,-0.0227566203439,-0.0831937097054,-0.1120671880884,0.1901633413829,-0.1197448217663,-0.2889845424400,-0.3982479343941,0.1739998498221,0.3525857364537,-0.3245462930310,-0.0110863575744,0.1819327316794,-0.0082793270175,-0.0010527834379
0.2601909759555,-0.1708097988017,0.4433365147609,0.3915069798739,0.2015427017709,-0.1947026710244,0.0693310576537,1.0000000000000,-0.1165296421489,0.3244728009704,0.0858448079319,-0.1758207333691,-0.0543488602453,0.1125120805505,0.1213361164316,0.0812536335575,0.0886313773462,-0.1437407881578,-0.1839321243895,0.0840062811286,-0.0407587756296,0.0182611524773,0.2006567952555,-0.0924212139203,0.5542222458948,0.4096872231720,0.3680390430752,0.0262809604391,0.1985819487394,-0.1461242852229,0.3988914326958,-0.2979512302430,-0.1467123795240,-0.0174371812832,-0.0240136622057,0.2073227368065,-0.1272682610897,0.2093413408783,0.2319664297630,0.1260012386488,0.0082674991955,0.0243694008883,0.6920186792641,-0.0654343246381,0.3967131773017,0.1312600853697,-0.1579559292166,-0.0923363324871,0.1595724054125,0.1376539880619,-0.1251145798342,0.0429038217815,-0.1820588203191,-0.3306282819568,-0.3660880789516,-0.0880880699466,-0.1366615484883,-0.0336957803458,-0.2166204828793,0.4119896086570,0.1947156717908,-0.0305695454550,0.0311130789043,0.3781869492683,-0.1553159538085,0.0821767094456,0.2256418359596,0.0068782936744,-0.1545263068537,-0.0152201803431
-0.1538409674161,-0.1639487948953,0.0715791388656,-0.0002542066809,-0.2290109892463,0.5984538184559,0.3845601619973,-0.1165296421489,1.0000000000000,-0.3524136890413,0.0808781421646,0.4444043680078,-0.2670580629044,0.3268559085240,0.5501301535891,0.2521057533340,-0.1653011367792,-0.1625188141841,0.4206630511651,-0.1800926788327,-0.2604218380041,-0.2065392707131,-0.3175329528930,-0.1399824427291,-0.2808821400890,0.0114157378488,-0.1222561511398,-0.0241864325370,-0.0605711781982,0.1786586638099,-0.0454830418534,0.1344794378500,0.7833462013494,0.0371525159519,-0.0591116169630,-0.3100998114778,-0.2279266585286,-0.0778754997838,-0.0879223076559,-0.1920485418022,0.2773530956515,0.4827480709070,-0.2664868391072,0.8689018487995,-0.4462805539025,-0.1156352669549,0.3642187752559,-0.2276027735167,0.3208936392902,0.4399243835638,0.3978066892479,-0.2276840387918,-0.3131067721258,0.3608444879756,-0.1598996865081,-0.2342489362975,-0.3054062056057,-0.3469387631463,-0.3078842875904,-0.3082334602915,-0.0747830702737,-0.1387191086535,-0.1117081180697,-0.1489949328541,0.0023953828005,-0.1987906963583,-0.0339466072436,0.2249027015727,-0.1214415574463,-0.0949211867855
0.3295493882916,0.0902624967091,0.1790142329978,0.3132578412452,0.2572294649909,-0.1751045970434,0.0570775118402,0.3244728009704,-0.3524136890413,1.0000000000000,0.1125752758567,0.0048454579066,0.4145247288484,0.0225715357677,0.0775709032113,0.2854417217814,0.2266030086015,0.0576498701039,-0.0701867577100,0.1584718527635,0.3902577097139,0.2777036235546,0.4443882214263,0.1913526401332,0.6106022902120,0.1683936150454,0.0647220220124,0.0917200111892,0.1649732241148,0.1728060371036,0.1068548378566,0.1405323269384,-0.3071678871892,0.0619988532225,0.1885920595550,0.2604444973441,0.1697639953686,0.1084750045785,0.3558191582346,0.4390892889791,-0.0289346429111,-0.0369153231776,0.1507515989877,-0.4074187109179,0.8026815818758,0.2177808051403,-0.0465178266239,0.4090969317930,0.1079081273051,-0.1170932871415,0.0157334508759,0.2120608539490,-0.0006217589923,-0.1350211149370,0.1607530388290,0.3365810677970,0.2326669500585,0.3446890712263,0.1928066404182,0.5439586936569,0.3198776307711,-0.0262181986639,0.0509586222466,0.1649749875658,0.0793692850213,-0.2033736802695,-0.1538620761591,-0.1126544383396,0.1691645230455,0.1952072262253
0.3473448417796,0.0359736404673,-0.2081670033846,-0.0962600964906,0.1756473946227,-0.1481020402865,0.4971985874928,0.0858448079319,0.0808781421646,0.1125752758567,1.0000000000000,-0.2202497987230,0.4453945674738,-0.0645799592595,0.2145100525880,0.1938460716980,0.1136806858662,0.0925004577239,-0.1519991836289,-0.0120375332567,0.2598691394758,0.2681938773872,0.1205479172173,0.0874895317355,0.3665845378047,-0.2066004822129,-0.0909301933365,-0.1318562240455,0.3900566989654,0.3594388196294,0.1323297776011,-0.0694024800546,-0.1442209616650,0.0107523990033,0.0328450141396,0.2508430331472,-0.0615913659695,-0.3620444915675,-0.2429525654470,0.4924537782394,-0.0533756926932,0.4712604806335,-0.1186610585203,-0.0289079297095,0.0137971536792,0.7610392007857,-0.3860136427502,0.5265937974464,0.1748587799235,0.2726907309089,0.1712062561006,-0.0010262299374,-0.0434511616689,-0.1782455601017,0.0450969552179,0.3977263349713,0.1258750537280,0.1330831228369,-0.0317124678444,0.3245207194200,-0.1509113033977,-0.0645612540168,-0.1807233317524,0.3906329714076,0.2954593089822,-0.2713562085256,0.0367710192927,0.0415129547144,0.0364712317159,0.0460305672609
-0.0746187972284,0.1870232237488,0.2990830336605,0.1090088676502,-0.2715113894076,0.4354552976580,0.0004634374594,-0.1758207333691,0.4444043680078,0.0048454579066,-0.2202497987230,1.0000000000000,-0.1552679922877,0.3533929489237,0.3670166972787,0.2674453848321,0.0563085973934,0.0854728327653,0.5890002963435,0.2017791273866,-0.0434624035533,-0.0150588916403,-0.0195674260434,0.1533523760886,-0.2076835844470,-0.0149365950367,0.0912500334148,0.3765408482259,-0.0735183517559,0.2740904457733,0.0015546716114,0.3024033154882,0.4612003728663,0.0773684430860,0.1794325121288,-0.2794807240824,0.1406927633959,0.1934654009349,0.2249978352965,-0.1770535790672,0.1985857981707,0.0775079287380,-0.3758781204905,0.3875345597638,-0.1402677757419,-0.3562849732434,0.7818823013582,-0.1413816536004,0.3619410610949,0.0725048544443,0.1882680688634,-0.0581602659430,0.0462719650179,0.6854655893662,0.3042373238818,-0.1201030212293,-0.0899337850336,-0.0983064258755,0.0706857085898,-0.2256791699228,0.2312274475000,0.1873893507486,0.2833143854656,-0.2092638985899,0.0697385707838,-0.1834428111794,-0.1940244515489,0.0543782813089,0.0962718709607,0.1061179721822
0.2462698045424,0.0163182925340,-0.2075889313260,-0.1248523059329,0.5639926858342,-0.2602072230645,0.3585639400504,-0.0543488602453,-0.2670580629044,0.4145247288484,0.4453945674738,-0.1552679922877,1.0000000000000,-0.0159948366300,0.0695793955469,0.1640079850318,0.3495298487596,0.1711183226930,-0.0449942832714,0.2418416183748,0.7748336407938,0.4769563626503,0.2111757711695,0.3570455656274,0.4039357619090,-0.2482470038516,-0.1843920418222,-0.0898996742480,0.4118703792816,0.3585490835802,0.0424338166141,0.0424821440810,-0.2323098157381,-0.1006525477103,0.0735801287738,0.2918588001679,0.0892950693124,-0.3336497340209,-0.1989695117730,0.8021361512052,-0.0784015472479,0.3083939338296,-0.1441399332955,-0.3427954731146,0.3208656261612,0.5186615605499,-0.3023629852848,0.9304094507478,0.1105377540424,0.0535545415033,0.1387208896067,0.3178929657823,0.1230264278818,-0.1248784322542,0.2557801946153,0.8167069336737,0.4785615317079,0.2848951094963,0.3238538302127,0.4271582073147,-0.1808395971696,-0.1077759492750,-0.1229092721592,0.4332250775050,0.3950635549527,-0.2049310979347,-0.1501514906126,-0.0201066986794,0.1234023998068,0.0801716143649
-0.0392510428463,-0.1069781308211,0.1716399228896,0.1034756256952,0.2056655839367,0.2792642281217,0.2296401360718,0.1125120805505,0.3268559085240,0.0225715357677,-0.0645799592595,0.3533929489237,-0.0159948366300,1.0000000000000,0.2889701986131,0.2819244910691,-0.0812124990615,-0.2784052291709,0.4804387932013,0.1172327862655,-0.0663130277312,-0.1473405414382,-0.2583956976906,-0.1149656105473,0.0582777448013,0.4351575956220,-0.0735593255367,0.0899497387270,-0.1135465487922,0.1634768026717,-0.3102307879224,0.1184912464589,0.2963556711110,0.0374860387589,-0.0787741657854,-0.0960673955851,-0.1840735123113,0.0719899570369,-0.0091501465693,0.0518173657337,0.0960104290332,0.1986722510893,0.1507507011235,0.3989737946505,0.1050886461416,-0.0753185285497,0.4634101264061,-0.0754272770310,0.5979505508169,0.2318864818033,0.3253963723863,-0.0921872653961,-0.3297086828739,0.2505799062615,-0.2807508558889,0.0441281139678,-0.1268895006658,-0.2529372917892,-0.1016052769016,-0.0025413851836,0.0465925961985,-0.3634826328371,0.0400516853243,-0.1194755306420,-0.0001482221705,-0.1814809920328,0.3262614657693,0.1076209756410,0.0436563012367,-0.1709470995929
0.3561616109980,-0.0750904983762,0.1634502175150,0.1792027665290,-0.1620399497017,0.3707239235790,0.4955770594691,0.1213361164316,0.5501301535891,0.0775709032113,0.2145100525880,0.3670166972787,0.0695793955469,0.2889701986131,1.0000000000000,0.5088507131480,-0.1364273793086,0.0227327957047,0.5097521401096,0.2829710910089,-0.0579939681286,-0.0542546078102,-0.0642861931620,-0.0628816282530,-0.0267790961424,0.1100233857419,-0.0072928948448,0.0170271679961,-0.1191885918651,0.5670008472085,0.0409584808616,0.2551578202065,0.3772857666608,0.1211183096242,0.1203264737181,-0.0800899391531,-0.0805697359166,-0.0597924611017,0.0478959701593,0.0192814851966,0.3553172542848,0.3992756838009,-0.0837515606502,0.4347573614135,-0.0837000394828,0.1444884311667,0.1587070457435,0.0765090492800,0.2719511135519,0.5808990773819,0.4178686395168,-0.1839256587200,-0.1650747214845,0.2742510877902,0.0311572448494,-0.0512581501935,-0.2232268397893,-0.1615231926034,-0.2397319975462,-0.0509789693939,0.0381496682656,-0.1670133146131,-0.1026305812750,-0.1134194469637,0.1870493435639,-0.3097958773881,-0.0549696422852,0.4033376310688,0.0379312392434,0.0392027124025
0.1443528397244,-0.0658758720918,0.2455935696996,0.1680967023312,-0.1344455895481,0.3107824224010,0.4929006979377,0.0812536335575,0.2521057533340,0.2854417217814,0.1938460716980,0.2674453848321,0.1640079850318,0.2819244910691,0.5088507131480,1.0000000000000,0.1496882377439,-0.0770696069661,0.3162489339710,0.0981034698393,-0.0556166679995,0.2881731087264,0.1204793215114,0.2893406446069,0.1541610043238,0.1136754123474,-0.1472638455198,0.1113264445877,0.0048401433610,0.4256000758633,0.0308445917349,0.3576961429315,0.1810239333886,0.0998994325883,0.2151953662279,-0.0754588822881,0.0607718590527,0.0430402947608,0.1407216113426,0.1664022691856,0.2453139600461,0.3110072975583,-0.1298410059937,0.1423260637165,0.1570334727669,0.2084808935799,0.0835879193133,0.2265296038509,0.3296305358365,0.1531418505000,0.6681510615776,0.1059520319321,-0.2324256282461,0.1506952693940,0.0152226553151,-0.0890161802308,0.1221647950420,0.0481335661068,0.1138370764859,0.1634057032605,0.1393615129254,-0.3005183276276,-0.0216201846871,0.0106021904883,0.2217728116426,-0.3543031637227,-0.0844740593227,0.2879818639472,0.1605786103349,0.0711954929272
0.1368588763929,0.1135928417854,0.4302196891718,-0.0540361106747,0.1692252428243,-0.1503351245037,-0.0536521036035,0.0886313773462,-0.1653011367792,0.2266030086015,0.1136806858662,0.0563085973934,0.3495298487596,-0.0812124990615,-0.1364273793086,0.1496882377439,1.0000000000000,0.2085835935213,-0.0505017072622,0.0374227103651,0.5045341143962,0.8529464072754,0.4377181972205,0.7953058497739,0.3832436273404,-0.1920227903899,0.0903488255041,0.4281538641435,0.6131722179578,0.0936024569353,0.4344184668959,0.1382492511908,-0.0823130816412,-0.2084490129782,0.1177729815513,0.2732680707791,0.2376093902218,0.1885576421408,0.0412693076193,0.4182370843440,-0.1400504096708,0.0258141183860,-0.2397351357668,-0.3292697385814,0.1122233221277,0.1544017824789,-0.0771276266855,0.3868479259239,0.0516706626242,-0.3561560968952,0.0220245059806,0.9242581758115,0.1578061128037,-0.0101864772029,0.2114371448489,0.2963161349417,0.7656470591484,0.3835420616597,0.6648020416388,0.4571113191276,0.1040120099337,0.0794668129736,0.4282155697240,0.5676312219730,-0.0114143513452,-0.1782090786615,-0.2157508881936,-0.1792136133394,-0.2002986480391,0.0675853352715
0.3760224773503,0.3940217444536,-0.0016256547494,0.0276036848164,-0.0210451612802,-0.2612368687723,-0.0104430110296,-0.1437407881578,-0.1625188141841,0.0576498701039,0.0925004577239,0.0854728327653,0.1711183226930,-0.2784052291709,0.0227327957047,-0.0770696069661,0.2085835935213,1.0000000000000,0.1042519357453,0.5727298437330,0.3581628213437,0.3349868344625,0.2828136640299,0.3702611491345,-0.0783622092930,-0.1862519800743,0.4238266249023,0.0918780880648,0.1728676490849,0.4696211463277,0.3943418274161,0.1343744828142,-0.2013591623710,0.3359414404410,0.5696092383729,0.2640642669406,0.3976317023133,-0.0140747304945,0.1023929925969,0.1221211552943,-0.1479716367644,-0.1319199746999,-0.2686389114997,-0.3266539955081,-0.1082577373542,0.1327931698621,-0.0307651475205,0.2200368738070,-0.2054190423592,-0.1788635041682,-0.2104268636671,0.2438438482101,0.7695305675423,0.1323417041465,0.6103230487046,0.1490074409472,0.2834085410332,0.3273732932661,0.4306951167064,0.0510768297244,0.2081479693023,0.4823807447932,0.0933252063244,0.1250993856994,0.2287401412537,0.1225198716133,-0.1326121348885,-0.0492055729473,0.2893795224335,0.5809943030038
-0.0462250341555,-0.0069598265426,0.2635419330336,-0.0217147289780,-0.1582229568316,0.4343025099332,0.1483428448518,-0.1839321243895,0.4206630511651,-0.0701867577100,-0.1519991836289,0.5890002963435,-0.0449942832714,0.4804387932013,0.5097521401096,0.3162489339710,-0.0505017072622,0.1042519357453,1.0000000000000,0.4218101697749,-0.0279530340212,-0.0305653738953,-0.2675342818028,0.1099174165852,-0.2265370678852,0.0547117459581,0.0008613326691,0.3309861195351,-0.1566488313488,0.3782895577352,-0.1814126244792,0.5157016982974,0.3378149144249,0.0689113989517,-0.0000973891084,-0.3836730043017,-0.0492881277724,0.1808214582571,-0.0822268219941,-0.0871677706193,0.1135079489187,0.0428565989023,-0.3082020297660,0.3474081273787,-0.1908831694348,-0.2361192940832,0.5685688611005,-0.0380423792515,0.1791887656738,0.1457953416495,0.3175965253704,-0.0676570462679,-0.0387366387233,0.7163851577513,0.2260508070167,-0.0009557755079,-0.0599090011278,-0.2567785998256,0.0656467665693,-0.2150628331598,0.0007298876674,-0.0467275223171,0.2407855052552,-0.2478132922027,-0.0397582431691,-0.2946240952837,0.0170089389675,0.1214072408326,0.0835670413850,-0.0831052976752
0.2890299903235,0.2334365121117,0.1322159341374,0.2637218841967,0.1003569760292,-0.2503263623206,0.0685740493353,0.0840062811286,-0.1800926788327,0.1584718527635,-0.0120375332567,0.2017791273866,0.2418416183748,0.1172327862655,0.2829710910089,0.0981034698393,0.0374227103651,0.5727298437330,0.4218101697749,1.0000000000000,0.1859746975243,0.1224679042258,0.1434045150283,0.1881370418606,-0.0232390810459,0.2208022449956,0.4374246477286,0.1744592505164,-0.0019187729086,0.4921836294489,0.1490564737106,0.0612588964207,-0.2709583631748,0.2078378641006,0.3177343855863,0.1979344656833,0.2288715402599,0.0324091895407,0.1428105049295,0.0873565806159,-0.0821289644761,-0.1169189964338,-0.0079609321679,-0.2589568633599,0.0713385026270,0.0305174112709,0.0765888328981,0.1612758731628,-0.0275825664800,-0.0054918100737,-0.1531907542997,0.0961798673409,0.3691727659100,0.1130194160207,0.2771118641787,0.1225960149404,0.1097179309310,0.1008150288554,0.2439902167305,0.0096426008203,0.1005412584361,0.1763831244557,0.1329981344987,0.0291789356956,0.1930336707496,0.0131816402260,0.0996723290993,-0.0243554157298,0.2339765617007,0.2551453783762
0.2573085596833,0.1560528505373,-0.0376409609669,-0.1502243873455,0.5445890216546,-0.2321963136740,0.0645607686439,-0.0407587756296,-0.2604218380041,0.3902577097139,0.2598691394758,-0.0434624035533,0.7748336407938,-0.0663130277312,-0.0579939681286,-0.0556166679995,0.5045341143962,0.3581628213437,-0.0279530340212,0.1859746975243,1.0000000000000,0.5086818557362,0.2413818133484,0.4368121399211,0.3903902469738,-0.2568165264734,-0.0253663979374,0.0581011201008,0.4680364782412,0.2221274021427,0.1984334318201,0.1064420282358,-0.1532677833605,-0.1044701455977,0.1403198538236,0.3081400227385,0.1558106658344,-0.1253331784269,-0.1297163825244,0.7001478144242,-0.1253897304881,0.0567201694842,-0.1463530781948,-0.3711499006494,0.2781705727982,0.3208297162685,-0.1286565080278,0.7202372314145,0.0104705652994,-0.1455098013763,-0.0683880395983,0.4941602616246,0.3420908284580,-0.0133195494644,0.3752409419205,0.8505370163738,0.4897624375341,0.3246213529369,0.4263809182269,0.4687686736023,0.0117819388237,0.0832501775821,0.0686663931148,0.4044830501795,0.1374661988439,-0.1081387487359,-0.2071078646543,-0.1250899196075,0.0023673586640,0.1987786669090
0.2476407698525,0.1207340801205,0.3232395066324,-0.1109414379980,0.1164814379843,-0.2231569633311,0.1285492201924,0.0182611524773,-0.2065392707131,0.2777036235546,0.2681938773872,-0.0150588916403,0.4769563626503,-0.1473405414382,-0.0542546078102,0.2881731087264,0.8529464072754,0.3349868344625,-0.0305653738953,0.1224679042258,0.5086818557362,1.0000000000000,0.4495152262513,0.8985447930941,0.3860149948708,-0.2335530860537,0.0519190665658,0.3187005270435,0.5790055391153,0.3250570397286,0.4421812591763,0.2513336693083,-0.1657749607257,-0.0699468178933,0.2778998092738,0.2352900007543,0.3233294536345,0.0854789592132,-0.0064914408970,0.5085733065057,-0.2093514434558,0.1016934724018,-0.3217122484378,-0.4112078616523,0.1446993231268,0.3385850887731,-0.2160328026731,0.5638675141584,0.0456456844074,-0.3073858436831,0.1032956135784,0.8006208529634,0.2270368511645,-0.0399991543812,0.3352891014074,0.3231534091331,0.8780601824843,0.4683191553156,0.7687881956777,0.4744817126778,0.1003203544551,0.0557098696300,0.2940783240056,0.5553168505457,0.2230955672144,-0.2113595696694,-0.2568707093958,-0.1194556857377,0.0260815222160,0.1800429324556
0.2587179647296,0.4449653185950,0.1802781307403,0.4231670754855,0.0946795572398,-0.2218242067760,-0.0902364626771,0.2006567952555,-0.3175329528930,0.4443882214263,0.1205479172173,-0.0195674260434,0.2111757711695,-0.2583956976906,-0.0642861931620,0.1204793215114,0.4377181972205,0.2828136640299,-0.2675342818028,0.1434045150283,0.2413818133484,0.4495152262513,1.0000000000000,0.3623772315725,0.3448961416461,0.0300347600976,0.2020749946256,0.1164403079052,0.3495107156173,0.1931960441101,0.5779852801985,-0.0033735465337,-0.2581895214202,0.1915327469937,0.4188765037001,0.3153232954829,0.6677428718447,0.0321899437311,0.4512972684264,0.2513618466794,0.0185677709297,-0.0657381971449,-0.0298025020280,-0.4149107014039,0.3655483679542,0.1220242063179,-0.1340601345611,0.2041437109472,-0.1454597092440,-0.2712369960754,-0.1056442463187,0.4027999241701,0.2338006595305,-0.2233227085286,0.1654675838668,0.0572898761048,0.3816212106972,0.8564346173435,0.4045798589014,0.3894338850063,0.2104788694731,0.1581407328068,0.1549250838864,0.2745562617993,0.1929813834395,0.1772425897655,-0.1846902400842,-0.0514305066075,0.2596577385932,0.4041784327419
0.1205824470015,0.2758058989906,0.4705250133456,-0.0113236790244,-0.0142580478160,-0.1234060805026,0.0131545854010,-0.0924212139203,-0.1399824427291,0.1913526401332,0.0874895317355,0.1533523760886,0.3570455656274,-0.1149656105473,-0.0628816282530,0.2893406446069,0.7953058497739,0.3702611491345,0.1099174165852,0.1881370418606,0.4368121399211,0.8985447930941,0.3623772315725,1.0000000000000,0.1663198365145,-0.1901572637816,0.1412287768697,0.5054241208691,0.4304001596952,0.2662325559888,0.4309280502699,0.2964561618444,-0.0982472307753,-0.0123156884926,0.3234045659160,0.0777157440283,0.4256420432641,0.2061869375834,0.1090430606394,0.3139168174456,-0.1422032834144,-0.0339256743813,-0.4348257457949,-0.3451608865165,0.0272546533655,0.1217694544606,-0.0052187742117,0.4076776996606,-0.0330067445143,-0.4059664777270,0.0435539086778,0.7523740653573,0.2368300802375,0.1107788263140,0.3385436030363,0.2193176474669,0.7808703072522,0.3854779242412,0.8411074179917,0.2420969604844,0.1697244923614,0.1307374634337,0.4655988098742,0.3739052214476,0.1054644827812,-0.1744855107941,-0.2908679069360,-0.0895047452749,0.0376927209938,0.1925767853590
0.3664601779462,-0.0698013087962,0.1584164507618,0.0874720456475,0.4539171103357,-0.2343043758038,0.1736365674769,0.5542222458948,-0.2808821400890,0.6106022902120,0.3665845378047,-0.2076835844470,0.4039357619090,0.0582777448013,-0.0267790961424,0.1541610043238,0.3832436273404,-0.0783622092930,-0.2265370678852,-0.0232390810459,0.3903902469738,0.3860149948708,0.3448961416461,0.1663198365145,1.0000000000000,0.0728946637953,0.0548708629632,-0.0177342458815,0.5789773038883,0.0530785593081,0.2147413159168,-0.1073490813200,-0.2451869998271,-0.1420928408441,-0.0020810837394,0.3678197819130,-0.0826478635864,0.0445504594439,0.0278911293871,0.6535614761289,-0.1263491699928,0.1466660575195,0.3495685843050,-0.3307456146001,0.5798133554471,0.4263876291841,-0.2728859951460,0.4453027712503,0.1849737504928,-0.0460763884117,0.0503689006978,0.3387280656404,-0.1214892040558,-0.3381170649512,-0.0682125614551,0.4221473088242,0.3067393811886,0.2634085010671,0.1174234780504,0.8964108086007,0.1204730166836,-0.1127641397396,-0.0259790556605,0.5926546231402,0.0491222317973,-0.1232214089075,0.0191493534278,-0.1960944273046,-0.0933089821908,0.0069629453332
-0.0093784396113,0.1538085770156,0.2505613988085,0.6188670276499,0.0957424878067,-0.0761163451192,-0.0172270743797,0.4096872231720,0.0114157378488,0.1683936150454,-0.2066004822129,-0.0149365950367,-0.2482470038516,0.4351575956220,0.1100233857419,0.1136754123474,-0.1920227903899,-0.1862519800743,0.0547117459581,0.2208022449956,-0.2568165264734,-0.2335530860537,0.0300347600976,-0.1901572637816,0.0728946637953,1.0000000000000,0.3636158595947,0.0078550730256,-0.2512962007880,-0.0417188859338,0.0217542292293,-0.1759670304124,0.0021897995331,0.3173348489146,0.2443788231828,0.1900863250384,0.1102422835728,0.1533597531814,0.4697890984782,-0.2079612202724,0.0369265874876,-0.1376017024668,0.4820155217329,0.0733961380196,0.2899415685204,-0.1470454296074,0.1203717261492,-0.3621018806601,0.1379208632143,-0.0128791539565,-0.0359578901052,-0.0940526754628,-0.2794327618735,-0.2669709961224,-0.6114570696882,-0.2850200523546,-0.2308563379893,-0.0483654184058,-0.1295544300112,0.0143007461237,0.4770212924059,-0.2340767401548,0.0166906050711,-0.2046537946222,-0.1771520063682,0.1532487554595,0.2403065840941,0.0468102245753,0.1206398555568,0.2011760303777
0.0905051766641,0.4125026822562,0.4203637253010,0.4367763166201,-0.0446637240571,-0.1654578172365,-0.2153530266942,0.3680390430752,-0.1222561511398,0.0647220220124,-0.0909301933365,0.0912500334148,-0.1843920418222,-0.0735593255367,-0.0072928948448,-0.1472638455198,0.0903488255041,0.4238266249023,0.0008613326691,0.4374246477286,-0.0253663979374,0.0519190665658,0.2020749946256,0.1412287768697,0.0548708629632,0.3636158595947,1.0000000000000,0.4291928067288,0.1302576671487,0.0138493910383,0.5207141410357,-0.1510662052146,-0.1421261450478,0.1872359296455,0.3591005620397,0.1657138437544,0.2508765167162,0.2876395112989,0.3569699027003,-0.1754676242001,0.0424891462563,-0.3044128748047,0.1531933373130,-0.2072477823654,-0.0002546432728,-0.1869391683978,0.0733245501239,-0.2377364300571,-0.1153350910189,-0.2678674818193,-0.4224476944772,0.1166136617835,0.2402976877405,-0.0546557833553,-0.0612899391730,-0.1990997569267,-0.0182010795320,0.0584629273779,0.1160725333330,0.0063746055004,0.4404349405639,0.5681614803498,0.4282993850399,0.0948806978955,-0.2044877017635,0.2156735686484,0.1208666711018,-0.1145211707661,-0.0123490275158,0.3739048855253
-0.0921920552285,0.3245170597831,0.6959955771162,0.1229574037940,-0.1714564913021,0.1082389738803,-0.2949275320440,0.0262809604391,-0.0241864325370,0.0917200111892,-0.1318562240455,0.3765408482259,-0.0898996742480,0.0899497387270,0.0170271679961,0.1113264445877,0.4281538641435,0.0918780880648,0.3309861195351,0.1744592505164,0.0581011201008,0.3187005270435,0.1164403079052,0.5054241208691,-0.0177342458815,0.0078550730256,0.4291928067288,1.0000000000000,0.1491206913156,-0.0475202141123,0.2160935430258,0.1379625263738,-0.0187717841344,-0.0947028203823,-0.0092067125591,-0.1910561111168,0.1746290766304,0.4919198526596,0.1804424598847,-0.1113411529260,0.0817778762185,-0.2803995887692,-0.3129261386648,-0.1401251269617,-0.0416555799383,-0.3251947237068,0.2938095889523,-0.0726272643981,0.0420854577275,-0.3537140272824,-0.1087489187203,0.3379665004993,0.0490586390218,0.3499346645119,0.1319985642054,-0.0219564418097,0.2738555238635,-0.0152879771311,0.3668473407070,-0.0857744140841,0.3049459328938,0.2891700976371,0.8920352130438,0.0250801688303,-0.3041372900598,-0.2397755988225,-0.0572535789723,-0.1330006009141,-0.1506520521090,-0.0523340883520
0.0970032896512,0.0753346333994,0.0923148669063,-0.0463359851401,0.4241925649989,-0.1622320542843,-0.0158312913830,0.1985819487394,-0.0605711781982,0.1649732241148,0.3900566989654,-0.0735183517559,0.4118703792816,-0.1135465487922,-0.1191885918651,0.0048401433610,0.6131722179578,0.1728676490849,-0.1566488313488,-0.0019187729086,0.4680364782412,0.5790055391153,0.3495107156173,0.4304001596952,0.5789773038883,-0.2512962007880,0.1302576671487,0.1491206913156,1.0000000000000,0.0272970690981,0.4967353345393,-0.0545191056122,-0.1088455181733,-0.1994976337040,0.0513139741883,0.2703931095807,0.0507785491453,-0.0651367674464,-0.1204345642924,0.5345375378212,-0.0472440834111,0.0872620562623,-0.1442881747663,-0.2236029640974,0.0654246102297,0.2313562214087,-0.2211693566107,0.4190255814857,0.0581436059572,-0.2095895396158,-0.0407710762720,0.5149752966875,0.0438341453946,-0.1348359143059,0.0783324671205,0.3875988545699,0.5178795703865,0.3272809512199,0.3442909565741,0.5600863663335,-0.0810804476649,0.1016873983085,0.1475031795557,0.8078560446704,0.0658929969344,0.0202134851975,-0.0630356194452,-0.2109662622806,-0.1279764137202,0.0562448121011
0.4266882289640,0.2078756560518,-0.0513416457152,0.0723780875006,-0.0060143921697,0.0802108406202,0.4853108494039,-0.1461242852229,0.1786586638099,0.1728060371036,0.3594388196294,0.2740904457733,0.3585490835802,0.1634768026717,0.5670008472085,0.4256000758633,0.0936024569353,0.4696211463277,0.3782895577352,0.4921836294489,0.2221274021427,0.3250570397286,0.1931960441101,0.2662325559888,0.0530785593081,-0.0417188859338,0.0138493910383,-0.0475202141123,0.0272970690981,1.0000000000000,0.0901849119378,0.3102101917793,0.1009577120129,0.4273149324811,0.5015447708602,0.1935022734460,0.2903920433051,-0.2071732704308,0.0778858584526,0.3075199231032,0.0416964692984,0.3547780751526,-0.2885406882287,0.0145828142990,0.0169505564540,0.3544078123530,0.0169791234205,0.4144862895157,0.2487142900196,0.3042569470024,0.3500531309987,0.0544994664687,0.2666519542391,0.2370800284309,0.4036851820802,0.2125079480627,0.2184022435707,0.2579407797864,0.2291603059047,0.1394761833656,0.0987631285866,0.0111897992224,-0.1022745877729,0.0212150592489,0.6612569960172,-0.2491522925864,-0.0775831928615,0.2184217287349,0.4371029504864,0.4186761776291
0.1550066344013,0.3463002476805,0.3720884191099,0.3657757707993,-0.0205589712205,-0.1084419599097,-0.1058822255671,0.3988914326958,-0.0454830418534,0.1068548378566,0.1323297776011,0.0015546716114,0.0424338166141,-0.3102307879224,0.0409584808616,0.0308445917349,0.4344184668959,0.3943418274161,-0.1814126244792,0.1490564737106,0.1984334318201,0.4421812591763,0.5779852801985,0.4309280502699,0.2147413159168,0.0217542292293,0.5207141410357,0.2160935430258,0.4967353345393,0.0901849119378,1.0000000000000,0.0264843902898,-0.0046849414311,0.1233898876042,0.4504761111009,0.1719370292056,0.4349827034691,0.0956391773175,0.3363620810220,0.0657728428632,0.0765412146947,-0.0997985752580,-0.0330411675385,-0.1964011469902,-0.0132384145898,0.0229373867837,-0.1096864630722,0.0230579805283,-0.2159780878428,-0.2680258862542,-0.2014098048555,0.3888830142687,0.2598915929466,-0.1401234097792,0.0456893369313,-0.1048849476625,0.2747266307927,0.4431127927369,0.3297218985082,0.2060703771499,0.1937008087030,0.3667101538019,0.2492241174826,0.4046517854358,0.0154146671964,0.3840251130501,-0.1820372785534,0.0741850239936,0.0416847049483,0.4435528675146
-0.0734857693146,0.0386036220033,0.1343651456550,-0.0840498210220,-0.2980584298362,0.3222280910742,0.0729203221140,-0.2979512302430,0.1344794378500,0.1405323269384,-0.0694024800546,0.3024033154882,0.0424821440810,0.1184912464589,0.2551578202065,0.3576961429315,0.1382492511908,0.1343744828142,0.5157016982974,0.0612588964207,0.1064420282358,0.2513336693083,-0.0033735465337,0.2964561618444,-0.1073490813200,-0.1759670304124,-0.1510662052146,0.1379625263738,-0.0545191056122,0.3102101917793,0.0264843902898,1.0000000000000,0.1828014706230,0.0682832936311,0.1905394697250,-0.3364533298652,0.1830627826682,0.1148670277954,0.0713938236747,0.0125670280664,0.0731198689254,-0.0590974743136,-0.4326956086488,0.0437728398793,-0.0624076786256,-0.0453347963555,0.3216555702957,0.1209856914397,-0.0789323695201,-0.1733767045813,0.2988667595677,0.1292925727829,0.0287131049521,0.5438722548835,0.4217981150188,-0.0000696443315,0.1913162563025,0.0579345242186,0.2727714462997,-0.0694240321673,0.0446699807562,0.0146495876567,0.0870249735679,-0.1456648021256,-0.0167932102011,-0.2230886835538,-0.1275523803290,0.1087378787014,0.1135911966757,0.0519733082602
-0.2150912193067,-0.0454372894288,0.0630008090050,-0.0107813892688,-0.1453457572905,0.6780865723210,0.2587020048661,-0.1467123795240,0.7833462013494,-0.3071678871892,-0.1442209616650,0.4612003728663,-0.2323098157381,0.2963556711110,0.3772857666608,0.1810239333886,-0.0823130816412,-0.2013591623710,0.3378149144249,-0.2709583631748,-0.1532677833605,-0.1657749607257,-0.2581895214202,-0.0982472307753,-0.2451869998271,0.0021897995331,-0.1421261450478,-0.0187717841344,-0.1088455181733,0.1009577120129,-0.0046849414311,0.1828014706230,1.0000000000000,0.0162715472517,0.0043655578450,-0.3184356767176,-0.1155835186672,-0.0332839701852,-0.0586083255517,-0.1379841156564,0.3410856214637,0.3614454918174,-0.2299499671165,0.7208211077630,-0.3891940866274,-0.2583726977769,0.3956292972249,-0.2154850543907,0.3142252861846,0.3002801654341,0.3656157162009,-0.1311622823517,-0.1643623659113,0.3921891486878,-0.0875263598115,-0.2092607435140,-0.2345727432730,-0.2814611397719,-0.2193929432536,-0.2498122636164,0.0449198378133,-0.0674731858689,-0.0726224491495,-0.1983215623019,0.0331941348892,-0.0724776666441,-0.1103055761700,0.3411732130595,-0.0699815838263,0.0192199059524
0.0480507974817,0.3957775122940,-0.0123895106623,0.4048172473667,-0.0334267950607,0.0714750994478,0.0082483006138,-0.0174371812832,0.0371525159519,0.0619988532225,0.0107523990033,0.0773684430860,-0.1006525477103,0.0374860387589,0.1211183096242,0.0998994325883,-0.2084490129782,0.3359414404410,0.0689113989517,0.2078378641006,-0.1044701455977,-0.0699468178933,0.1915327469937,-0.0123156884926,-0.1420928408441,0.3173348489146,0.1872359296455,-0.0947028203823,-0.1994976337040,0.4273149324811,0.1233898876042,0.0682832936311,0.0162715472517,1.0000000000000,0.6158717151101,0.1677592425638,0.3791557324366,-0.0345134532228,0.4237934787986,-0.1132036802264,0.0889938425421,-0.1013337004445,0.0021677304010,0.0369768079270,0.0406426954379,-0.0430613975671,0.0995783206839,-0.1222583948016,-0.0820829065410,0.0477237643921,0.0652572841900,-0.1764913472726,0.2317011123299,0.0432498919413,0.0281706695387,-0.1441959715621,-0.1189763094553,0.2404770049396,0.0664311521739,-0.1136313377733,0.3608897028483,0.0679627304521,-0.0383883319990,-0.2761261952694,0.2192304663708,0.1673447410272,0.0033549683275,0.0675792216379,0.6465522563826,0.5535636506396
