1.0000000000000,0.1500854448386,0.4655705850974,0.1944066755766,-0.0517924465752,0.1656621321284,0.1753829613979,0.5083291675720,0.1881617514375,0.2357618890188,-0.0028377822677,0.1446000462106,-0.0482039537399,0.1085151578133,0.7383600308260,0.2970019414318,-0.0437295782724,0.5509037893887,0.2059785825379,0.4161614404255,0.0127168141658,0.1343833617826,0.0447050345382,0.0694123241737,0.1680026019488,0.1972657570339,0.3206453439782,0.3024674051202,-0.0221641839489,0.4037760947187,0.3782635793619,0.1246644651871,0.1882832676784,0.0805094765402,0.1671878051332,0.7090611092044,-0.0345418500443,-0.0800354890729,0.0795221775072,-0.0493167600112,0.0954492069275,0.0726074341908,0.2851342752940,-0.0824593694594,0.2821323047444,-0.0673820778809,0.0735164646376,-0.0195129020514,0.0361910120209,0.5941493590600,0.2574898880967,-0.0683755168145,0.0355784354081,-0.0438291766592,0.0829931558751,-0.0602203271924,-0.0997152881418,-0.1305293078237,-0.0709326030967,0.1677050045230,0.0088780691457,-0.1631720880993,0.2429169612423,-0.1280433858536,0.1525387425932,0.0062469320998,0.0170335633206,0.2334040279852,0.0216139971161,0.0799830584997
0.1500854448386,1.0000000000000,0.4090559610126,0.5456279105979,0.3110420783059,-0.0835619471612,-0.0392130437921,0.1418868874094,-0.0163404997806,0.0576062541672,0.2087715068173,0.0472517749691,-0.0265085405887,-0.1086236291400,-0.0234995855813,0.0823413177435,0.1668210939155,0.3555295282427,0.0231732434908,0.0130896166498,0.2487675799145,0.2041181794510,0.4130690915297,0.2660170676242,0.1183876923475,0.5774971784319,0.3723764706476,0.2103333545786,0.0479378492712,0.2393794057033,0.3262382832659,-0.0881709125054,0.2178571418065,0.2037540111634,0.4409025796552,0.2274749287659,0.6242370888819,-0.0829272957090,0.3894559367279,0.2354003844242,-0.0021467318501,-0.0410749700297,0.0800647625536,-0.0443382628323,0.0166192058175,0.1529648757486,-0.0613184903188,0.1071132099461,-0.1576579745439,-0.2348166569940,0.0586905863109,0.1372666473634,0.0949250718991,-0.4003215400501,-0.2407578972502,0.2649965880826,0.0257533653971,0.4785268309701,0.1904020466030,0.1486864107640,0.2886044326330,0.0347163558834,0.2065596072985,-0.0798102758001,-0.0611063444497,0.1153564085907,-0.1009868618349,0.2867050958858,0.2246665754260,0.5061842530770
0.4655705850974,0.4090559610126,1.0000000000000,0.3380565148009,-0.0525467063701,0.3186548965711,-0.0450733241638,0.6806601367407,0.2416605725654,0.1753345573187,0.0038467079186,0.2234981489454,-0.1799984581140,0.0948615296599,0.4392000824602,0.3334773629175,0.1683173003102,0.5038919352623,0.2584079351534,0.3025877045198,-0.0936497580431,0.3628241213101,0.1380168199764,0.4223544590687,0.2976122204343,0.4171095973439,0.6239909924870,0.6586634952657,0.2351890610136,0.2049058836765,0.7093252440622,0.1256343148179,0.2792512838203,0.0853275483808,0.2905651734540,0.3139166961010,0.0858396332679,0.3609372065812,0.2430702803395,-0.0589662860186,0.1045282468446,0.0653157138120,0.3571417339528,0.0143698124677,0.1661138045544,-0.1663396919575,0.1233068127229,-0.0720536897455,0.1234776500351,0.1166582366532,0.3646070993062,0.1201718809002,-0.0369414077088,-0.0660543938615,-0.2753014744654,-0.1467534541127,-0.0508740762776,0.0164075746907,0.1873598839278,0.1353772002390,0.1412740867884,-0.0606452732367,0.5831928916343,0.0565804940204,-0.1744833788901,0.2913991138686,0.0206106669263,0.1793781914078,0.0261514736072,0.1524107253387
0.1944066755766,0.5456279105979,0.3380565148009,1.0000000000000,0.1873791389384,0.1852989879479,0.0513509238477,0.1648374218310,0.0659183831437,0.2516604258149,0.0992644230525,0.1783145361667,0.1465476578718,0.1326147636997,0.0584222642286,0.1281043441120,0.2767661530044,0.3218186997031,0.0089566286709,0.3010273738856,0.2084968723445,0.2601943249354,0.5747639589033,0.3538815231322,0.2615937963847,0.6804895660936,0.5413696042398,0.3944085961153,0.1266384371683,0.3353926420000,0.3033447893529,0.1551554474373,0.0120388427920,0.3550869957371,0.3726101031931,0.0724359813606,0.5089372224358,-0.1054102376098,0.6722853003657,0.0159104167642,0.0329106272468,-0.0879928957119,0.1110622435687,-0.2393201768872,0.2560406358438,-0.1273660826222,0.1224630664497,0.1407606483217,-0.0672373455158,-0.1913975748856,0.0467673975386,0.2798874281439,-0.0932791555817,-0.3332246767794,-0.3012769187035,0.1355209033049,0.0146594589728,0.5877983073085,0.1612858246714,0.2243947606220,0.3418571465140,0.0243005126262,0.3937119385693,0.0112338419928,-0.0915258269674,0.1821921174499,0.1082930777182,-0.0127653423866,0.2332713984862,0.4365431424174
-0.0517924465752,0.3110420783059,-0.0525467063701,0.1873791389384,1.0000000000000,-0.0955213688214,0.2260215962456,-0.1248262588148,-0.2157278041490,0.2785609999256,0.4683709304600,-0.1629529502460,0.7102828130237,-0.1033561536739,-0.1899251024201,0.0047344001353,0.2842175434676,0.0987160629143,-0.1076500356732,-0.1102942280359,0.8489815074305,0.2861993821547,0.3434507569045,0.2665363932248,0.3221335682602,0.0912443590277,-0.0176598711658,-0.0055475159393,0.2415289618007,0.2676547575520,-0.0258945788420,-0.1318834676940,-0.0583299784698,0.3222218333166,0.1952336576080,0.1205223541716,0.3178252790561,-0.4071083345970,0.2042533065172,0.8548823574037,-0.0510750771241,0.1997512856802,-0.2833209453806,-0.2132068869813,0.1440182232029,0.4351212561511,-0.3082510503201,0.7551964739099,-0.1950659610971,-0.2410872795559,-0.0781998545173,0.2261360461846,0.0993049109968,-0.3126496894191,0.0013479111018,0.8646258693776,0.3847732607025,0.3103899228015,0.2929440300508,0.4870357190432,-0.0968725168380,-0.0689818479421,-0.0320579052519,0.1571710228463,0.1954162966847,-0.0813117434634,-0.2280987471895,-0.0705042196104,0.1477706394795,0.2539141763203
0.1656621321284,-0.0835619471612,0.3186548965711,0.1852989879479,-0.0955213688214,1.0000000000000,0.3173434155943,0.2968495376431,0.2925671695516,0.1106012506673,0.0292195879356,0.0794035856107,0.0631981460148,0.0944040433462,0.2272532538209,0.3110332927213,0.1390485129023,0.0697674280367,0.1172701209316,0.1956049316319,-0.0171198730054,0.0931831709380,0.0033887377290,0.1557015293434,0.2011731202954,0.1522937282429,0.2598645550304,0.2209947747991,0.0979843470488,0.1661159279094,0.2070081988805,0.0184445488471,0.1564366797749,0.1215958778076,0.1722017359175,0.0226493544908,-0.0067579808815,0.0974097160007,0.1881073676705,-0.0830967551273,0.6061122937016,0.3296370166069,0.1080519196387,0.0400877406724,0.1605289376123,-0.0797091452333,0.0213627323659,0.0267269915017,0.1806141206625,0.2267269428846,0.3130371359488,0.1450544360020,-0.2229983665794,0.0697699927927,-0.1657711811841,-0.1059740407218,-0.0120877070311,0.0303944501845,-0.0407497110514,0.1351135642164,0.0733316901219,-0.0622024957530,0.1793898977634,0.1000337264084,0.0076685894972,0.1425436846828,0.0992092885641,-0.1154462630109,0.0024813275203,0.0945099636856
0.1753829613979,-0.0392130437921,-0.0450733241638,0.0513509238477,0.2260215962456,0.3173434155943,1.0000000000000,0.0701597266851,0.4039660469515,0.0415726308440,0.6285134902964,0.1705465412907,0.5698067643021,0.0906836148526,0.3323788410603,0.3342868575450,0.0134567419430,0.0225208506629,0.1897810985043,0.2868604160125,0.2697263347145,0.0458686996636,-0.1147462129176,-0.0340785820364,0.1322645327830,-0.0183028637821,0.1430375286770,-0.0244161172633,0.2941494637089,0.3046408314746,0.0478278413591,0.1323354995814,0.0940657880486,0.0606653945749,0.0648820018217,0.0206672632657,0.0618082780113,-0.1762584179363,0.0208201347759,0.3184486643962,0.1913660953171,0.6687766588774,-0.0981163892700,0.1159443933370,0.0468278895638,0.4886353830898,0.0474767923834,0.4933313439589,-0.0580096020320,0.2206609996300,0.1492104690343,-0.0058044689874,-0.2043936284421,0.0304323398267,-0.0154370624923,0.2291357041816,0.0441485937200,0.0010323839907,-0.1563299886367,0.1497816150713,-0.0601133524614,-0.0490335089410,-0.0983274494253,0.2980954042077,0.0660204033986,-0.1007259215800,-0.1154337689122,-0.0281491489479,-0.1950663602020,0.0776980477075
0.5083291675720,0.1418868874094,0.6806601367407,0.1648374218310,-0.1248262588148,0.2968495376431,0.0701597266851,1.0000000000000,0.2373889198933,0.3927869066656,-0.0966086988100,0.0870412202134,-0.1370554480963,0.0962661834464,0.4592546526090,0.4208002056307,0.0527142599787,0.2967902615569,0.0787186041538,0.1617097740075,-0.1005123200849,0.2150001380513,-0.0053030076149,0.1468675196317,0.4810137049119,0.2634561643707,0.3728760613151,0.4968689185162,0.3779453846421,0.1312391113162,0.6183642384880,-0.0067920802969,0.2476875823726,-0.0099833815487,0.1028757585446,0.2970292535522,-0.0853172872987,0.2974222516489,0.2108481325179,-0.0161369461205,0.1364484754459,0.1537780183870,0.5911714218328,-0.0395215110972,0.4294460421258,-0.1219703881707,0.0140509351055,0.0068519252206,0.1826557051729,0.2802747807156,0.3429688575329,0.0531923304660,-0.1843195568999,-0.0717836100577,-0.2858758874059,-0.1250422174654,0.0361940350165,-0.0895182463461,-0.0231104960476,0.3256847754175,0.0889800259515,-0.1265057725070,0.3917312606426,0.3198787890128,-0.0913877527097,0.2291840220060,0.1325851845460,0.1579054975224,-0.0787770771469,-0.0615485479130
0.1881617514375,-0.0163404997806,0.2416605725654,0.0659183831437,-0.2157278041490,0.2925671695516,0.4039660469515,0.2373889198933,1.0000000000000,-0.1028060853024,0.3141244712351,0.4782305167206,-0.1603014226366,0.2400539673779,0.3749645660361,-0.0406954554027,-0.0717731122184,0.0794434859653,0.5972419065917,0.2703073564999,-0.1367893903736,-0.0694253755834,-0.1892629966853,-0.0619062424434,-0.0543920978431,-0.0133269161109,0.4171426586720,0.1488333721533,0.2982936557703,-0.1024297404283,0.3682709538027,0.5125422831957,0.1444541092755,-0.2942344718604,-0.0563272636640,-0.1350802494903,-0.0598370990109,0.2344511090372,-0.0189766757962,-0.1867097020058,0.1401257316612,0.1775470557243,0.0851603979593,0.6198219845590,-0.1829043861033,0.1732312368654,0.3831676442260,-0.2354237832757,0.0334117480498,0.2511129615741,-0.0619102321253,-0.0993194196985,-0.2452586642155,0.1809558917027,-0.2412655643662,-0.1233439104122,-0.2075638939781,-0.2396402585793,-0.2035338881946,-0.2309949924714,-0.0141368757145,0.0738875995198,-0.0111061035677,0.1473885977271,-0.3856078962795,-0.0033955093199,-0.0287989327837,-0.0902487981562,-0.3247059293013,-0.1670276272235
0.2357618890188,0.0576062541672,0.1753345573187,0.2516604258149,0.2785609999256,0.1106012506673,0.0415726308440,0.3927869066656,-0.1028060853024,1.0000000000000,0.1058729768392,-0.1603894547935,0.2087633121199,0.2820511856078,0.1468682571252,0.3285700043236,0.1499809809448,0.0240027785509,-0.1246435394861,-0.0888357579815,0.3002984447269,0.1439211992445,0.3729631452089,0.1340423096061,0.6872835255588,0.2966795188087,0.1021732070149,0.2422274834220,0.0471062320615,0.1234054195976,-0.0531059433675,0.0251427714932,0.0000430578999,0.1261175323192,-0.0086052764969,0.1201925006252,0.0836059271003,-0.2229228667737,0.2616475838451,0.3240370509223,0.1182219614214,-0.0112113438242,0.0041631559489,-0.2742535040901,0.7976509524789,0.0962271667929,-0.2028975671105,0.2948985106518,0.1905325345441,0.0627441874206,0.1647226603152,0.1677872393389,-0.3127058938808,-0.2455483378195,-0.2352769930478,0.3489997393783,0.1345825260234,0.2766579267174,0.0385734533675,0.5461496685481,0.1031975607668,-0.1921438426167,0.1238814425458,0.0194164746919,0.0054153844212,-0.2294122979483,0.1781608289752,0.0471850545919,0.0101967383177,-0.0745126737435
-0.0028377822677,0.2087715068173,0.0038467079186,0.0992644230525,0.4683709304600,0.0292195879356,0.6285134902964,-0.0966086988100,0.3141244712351,0.1058729768392,1.0000000000000,0.1571683103964,0.5524146000572,-0.0089877715000,0.1233851419208,-0.0370335723145,0.1610765375329,0.1281573201966,0.1097374854176,0.1107380660704,0.4928150647325,0.1788242980019,0.1363606533919,0.1762259528571,0.1827706716871,0.0940268367926,0.2755732298439,0.1185666489889,0.4515239197315,0.1755576582156,0.0894201267314,0.0891468345185,0.0764915598434,0.0162751950421,0.1050386902487,-0.0757501484665,0.2876613884374,-0.1506948971509,0.1160736521338,0.5586908355456,0.0182833712535,0.3991959874606,-0.2894185962521,0.0624225523016,-0.0775773025668,0.7726890643862,-0.0569244748710,0.5336940200575,-0.1871970814889,-0.1594032868313,-0.1852065921570,0.0995940208657,-0.0396414015215,-0.2842562999985,-0.1101686078887,0.5087079815059,0.1265012942309,0.1502712862165,0.1095566683994,0.1369199028799,0.0617216110548,0.1281264338244,0.0527488646465,0.3426312338157,-0.1317182773292,-0.1947618454545,-0.0450106615121,-0.0409736907407,-0.2312469955121,0.1025513914729
0.1446000462106,0.0472517749691,0.2234981489454,0.1783145361667,-0.1629529502460,0.0794035856107,0.1705465412907,0.0870412202134,0.4782305167206,-0.1603894547935,0.1571683103964,1.0000000000000,-0.0079995327946,0.5702883448504,0.3681633368854,0.0635710097699,0.1487696211692,0.1961331991561,0.5760143098675,0.4216792691974,-0.1460919697642,0.3215459968192,-0.0557114796654,0.1882592268761,-0.1640717150585,0.2663060897379,0.3628263670912,0.3802491677040,0.2138206715579,0.2154465006060,0.2737623653668,0.5977630418797,0.2662925345820,0.0704986414462,0.1919850213144,-0.0852451581242,0.0542906297283,0.1319688503858,0.1561396132343,-0.2469528559278,-0.1093022063020,0.0353242266989,-0.0824683886019,0.1850388525729,-0.2072942488686,-0.0982838793587,0.8170291951480,-0.1225996743292,0.3885654209798,0.0897240065947,0.0918941288337,0.1561445689272,-0.0821397414503,0.3181430360537,0.0584493475636,-0.2631251477012,0.0632347103433,-0.0832941044489,0.1052943372970,-0.1478231440352,0.2395535826649,0.0550932552407,0.3173224723391,0.1235686534327,-0.0492595525125,0.0015497987435,0.2457000061054,-0.0486399346753,-0.0324709528277,0.1213446063870
-0.0482039537399,-0.0265085405887,-0.1799984581140,0.1465476578718,0.7102828130237,0.0631981460148,0.5698067643021,-0.1370554480963,-0.1603014226366,0.2087633121199,0.5524146000572,-0.0079995327946,1.0000000000000,0.0361852417694,0.0397450215759,0.1451605687071,0.2309683350210,0.0715592692868,-0.2003568990745,0.1943561585933,0.6813850783769,0.2944503050884,0.1883695072087,0.2218879105182,0.2452727376094,0.0489541342949,-0.0331208955427,0.0639167273163,0.3624416778638,0.4307733786934,-0.0399586539637,-0.0696218272677,-0.0935861287966,0.3867491800342,0.1976950743980,-0.0460762974148,0.1541718068210,-0.3930913964730,0.1909931362054,0.6632303062322,-0.0344687875043,0.3768749932337,-0.3057420436406,-0.3719813053975,0.1712655271097,0.3848208895574,-0.1512181475595,0.9050159782475,-0.1092363445245,-0.1515871845624,-0.0411038993963,0.2287815054612,0.0502634320816,-0.2402891185647,0.0984474440542,0.5823533139912,0.3538133154299,0.2190055885556,0.1815434666210,0.3800030547334,-0.0448843250084,-0.0998253668096,0.0388156236690,0.3673866269763,0.2731421634072,-0.0404028107779,-0.0490549574762,-0.2197807332728,0.0572752524981,0.2374820328643
0.1085151578133,-0.1086236291400,0.0948615296599,0.1326147636997,-0.1033561536739,0.0944040433462,0.0906836148526,0.0962661834464,0.2400539673779,0.2820511856078,-0.0089877715000,0.5702883448504,0.0361852417694,1.0000000000000,0.2900102684323,0.2663574571629,0.0629811892207,-0.0700409674194,0.4310488889105,0.2724241689798,-0.0817532871794,0.0910976659078,0.0555719980051,-0.0023555570261,0.2027999616396,0.2637351644104,0.0779588892955,0.2102683194669,0.0007707013155,0.1266646404529,-0.0885069546593,0.6442356126231,0.2586937008991,0.0116532146478,-0.0875809663224,-0.2032112643631,-0.0928802242311,-0.0222524683237,-0.0146087811815,-0.1909137186066,-0.0739503895659,-0.0710628520060,-0.0653366232178,0.0124524552922,0.2951913795980,-0.1499942262523,0.5798082957157,-0.0509536288766,0.6973905143837,0.1451443716348,0.2560577029092,0.1098587275365,-0.3929617818232,0.3162188898681,-0.0167893032282,-0.1872962472947,-0.0658882034382,-0.0026775786127,-0.0836421411464,0.1460903193478,0.0632271364143,-0.1893569000556,0.1649551510095,-0.0442974521589,-0.0720918708349,-0.3138788184566,0.3061263391062,0.1017282047306,-0.1146771527565,-0.0569226052319
0.7383600308260,-0.0234995855813,0.4392000824602,0.0584222642286,-0.1899251024201,0.2272532538209,0.3323788410603,0.4592546526090,0.3749645660361,0.1468682571252,0.1233851419208,0.3681633368854,0.0397450215759,0.2900102684323,1.0000000000000,0.2952416897213,-0.1696379802270,0.4645070852388,0.3496173118636,0.5994491141586,-0.1385435815835,0.1463624353669,-0.1913988560609,0.0053022888346,0.1154505292446,0.1848818781117,0.3042529220977,0.4075071322405,0.1638038062946,0.4034023286529,0.4061827133792,0.2492547782214,0.3268157634431,-0.0456779149889,0.0890855790684,0.3477897494906,-0.1872746990291,0.0664182939157,-0.0139170932186,-0.1234175501997,0.0499561390804,0.1739048293768,0.2313716249825,0.0320264714448,0.1451119134109,-0.0511291830853,0.2417561373114,-0.0068907595781,0.1300807130418,0.5746469812269,0.2058623159831,-0.1526585212449,-0.0399826622553,0.1125950614111,0.1125969463373,-0.2605786963100,-0.1031919264405,-0.3103937401483,-0.1230180366339,0.0120146388904,-0.0150683994394,-0.1771890687684,0.2767238859841,0.0877944934649,0.0279508530320,0.0079670263023,0.0456944654686,0.2272030519481,-0.1919442707547,-0.0138598375224
0.2970019414318,0.0823413177435,0.3334773629175,0.1281043441120,0.0047344001353,0.3110332927213,0.3342868575450,0.4208002056307,-0.0406954554027,0.3285700043236,-0.0370335723145,0.0635710097699,0.1451605687071,0.2663574571629,0.2952416897213,1.0000000000000,-0.0245500853304,0.0032359615403,0.0651736963503,0.0763988778363,-0.0201630577079,0.1284036299038,0.0583293946134,0.0142366517076,0.4105884684286,0.1767252974215,0.0160474364634,0.0818691286841,-0.0201737196050,0.1881571341571,0.0612171918033,-0.0128223138542,0.3166057348815,0.0988206886789,0.0444329826883,0.2710986287831,-0.0601506382676,-0.0111003599339,0.0630723581959,0.0660868326239,0.2121939516563,0.3575958679531,0.2373244373854,-0.1620606313256,0.4648878336086,-0.0645704080122,0.0765987214605,0.2094498593515,0.3625096116033,0.2328513263774,0.7672862810793,-0.0397158095795,-0.2662020730704,0.1482451079290,-0.1924489713591,-0.0866273783934,-0.0455640943147,0.0271976017091,-0.1048342454144,0.3881291693721,0.0479347556873,-0.3485786324271,0.1004174026252,0.0161421829696,0.0897143742685,-0.0055970141032,0.0464964451782,0.3016591354030,0.1076924427157,0.0597213411023
-0.0437295782724,0.1668210939155,0.1683173003102,0.2767661530044,0.2842175434676,0.1390485129023,0.0134567419430,0.0527142599787,-0.0717731122184,0.1499809809448,0.1610765375329,0.1487696211692,0.2309683350210,0.0629811892207,-0.1696379802270,-0.0245500853304,1.0000000000000,0.1641532399669,-0.0505660196828,0.0477244302372,0.2051820356281,0.6682371536668,0.4500171133270,0.7913260579637,0.1922076403208,0.2620180668334,0.2586835080698,0.4148237744481,0.3130351401490,0.3161741065680,0.1539528686767,0.1081864799394,-0.1726273984494,0.4715010585761,0.3570077675615,-0.0309481804395,0.1972485821629,-0.1028892023590,0.3833498265308,0.2431827796476,0.0105251786313,-0.0246143492199,-0.2213270917310,-0.2583114177161,0.1312254733908,0.0179130870380,-0.0043683531877,0.2373356199278,0.0656619850153,-0.3562759519923,-0.0294921761432,0.9408293711097,0.0392762092076,-0.1626712569025,-0.1026688168390,0.2093550704522,0.6223575864040,0.3928024314250,0.6763201649299,0.3393340156780,0.1723136181737,0.1203548069179,0.3728606299136,0.2490576932796,0.1335652163913,0.0913694725983,0.1734837350537,-0.2976503599521,0.1729491232812,0.2917674649546
0.5509037893887,0.3555295282427,0.5038919352623,0.3218186997031,0.0987160629143,0.0697674280367,0.0225208506629,0.2967902615569,0.0794434859653,0.0240027785509,0.1281573201966,0.1961331991561,0.0715592692868,-0.0700409674194,0.4645070852388,0.0032359615403,0.1641532399669,1.0000000000000,0.1473900525640,0.6347729572608,0.1970382935186,0.4085534348772,0.2197958889869,0.4660597093959,-0.0741338427596,0.3882434999960,0.5628251650144,0.5328246113835,0.1065329101858,0.5605701706157,0.6032417951896,0.0267005931822,0.0285210294922,0.3220535851735,0.5929565554898,0.3234721443505,0.2645171118750,-0.0484414353106,0.3380054745026,-0.0652471761762,0.0827582895487,-0.0186375606042,0.1171266213895,-0.2333176120098,0.0122632781498,-0.0322242140875,0.0346759273431,0.0752275705017,-0.1595761303855,0.0665189855198,0.0355280273463,0.1145793934701,0.4834431792623,-0.2545221047429,0.1054383056641,0.0733934337819,0.1152550365068,0.0729404181823,0.2585029017825,0.0167902312107,0.1814102402807,0.1487592780695,0.4394144374089,-0.0231178905346,0.1421491199374,0.2796901384477,-0.0289666484556,0.0241799416788,0.2852184509090,0.5229837080546
0.2059785825379,0.0231732434908,0.2584079351534,0.0089566286709,-0.1076500356732,0.1172701209316,0.1897810985043,0.0787186041538,0.5972419065917,-0.1246435394861,0.1097374854176,0.5760143098675,-0.2003568990745,0.4310488889105,0.3496173118636,0.0651736963503,-0.0505660196828,0.1473900525640,1.0000000000000,0.3688119675290,-0.0939339012457,0.0000501821244,-0.1968026841324,-0.0586004633793,-0.1006544461137,-0.0458002659987,0.2803553013065,0.1256087339818,-0.0273094746998,0.0355138069550,0.2082068053955,0.7107167461457,0.1981071064556,-0.1702635313356,-0.1058792097701,0.0169314588095,-0.0181427911003,0.1176354069633,-0.2053465038712,-0.1891026082016,0.0655416635522,0.0381068394922,-0.0236944467616,0.4772174740615,-0.1721394268358,0.0164582998461,0.4957391994440,-0.2329253287055,0.2056761656804,0.3084245341773,0.1739418214645,-0.1077066289565,-0.2411878408957,0.5349213037406,0.0242535376953,-0.1017016150870,-0.2172053757489,-0.2324510875031,-0.1958659376429,-0.1360736700414,-0.1975552649064,-0.0643985005613,-0.0067096675142,-0.1732515342068,-0.1836768254632,-0.1547342880137,-0.1892642619644,0.0709428382178,-0.0923682280889,-0.0937949998990
0.4161614404255,0.0130896166498,0.3025877045198,0.3010273738856,-0.1102942280359,0.1956049316319,0.2868604160125,0.1617097740075,0.2703073564999,-0.0888357579815,0.1107380660704,0.4216792691974,0.1943561585933,0.2724241689798,0.5994491141586,0.0763988778363,0.0477244302372,0.6347729572608,0.3688119675290,1.0000000000000,-0.0080138934575,0.1917999594084,0.0516061555113,0.2036316603886,-0.1335672186516,0.2804716291065,0.4571187000614,0.4599138038465,0.1188757895075,0.5120315294261,0.3642664103528,0.3434457125422,0.0629804825273,0.2074979917544,0.3224493259868,0.0556755635680,0.0214970866879,0.0128012698360,0.1375754388283,-0.2174563766610,0.0137288653921,0.0240613830779,0.0448404758184,-0.1536349541480,0.0026349911665,-0.1611339141348,0.3016057059512,0.0724228186555,0.0070645275613,0.2059132264010,0.0409041438318,0.0561265180672,0.1616462807668,0.0580148085351,0.2315304353618,-0.1818470654932,-0.0848678952308,-0.0500896297929,-0.0149241427642,-0.1400023562295,0.1016874028275,0.0628253235006,0.3344228478068,0.0165591474518,0.0807269248031,0.0977398734750,0.0230628543762,-0.0335291680717,0.0356276599276,0.3077052044987
0.0127168141658,0.2487675799145,-0.0936497580431,0.2084968723445,0.8489815074305,-0.0171198730054,0.2697263347145,-0.1005123200849,-0.1367893903736,0.3002984447269,0.4928150647325,-0.1460919697642,0.6813850783769,-0.0817532871794,-0.1385435815835,-0.0201630577079,0.2051820356281,0.1970382935186,-0.0939339012457,-0.0080138934575,1.0000000000000,0.1930837020319,0.3359150433784,0.1965300595297,0.2138172991789,0.0871120051280,-0.0175580557817,-0.0215296948101,0.1318008271404,0.2855975413841,0.0038914837306,-0.1115725561358,-0.1018665018438,0.2905026722391,0.2521213704910,0.0534073367135,0.3282777955999,-0.3822770662183,0.2674290245032,0.6576587369822,0.0758998013729,0.1775502142148,-0.2368885035324,-0.2251332488000,0.1963175940058,0.4630619944503,-0.2608100387772,0.6989117499372,-0.1507723237524,-0.1663929206360,-0.0386791721304,0.1430650617451,0.1540921169975,-0.3444454551214,0.0701112288770,0.8801739459532,0.2695532174858,0.2949382525246,0.1869494875529,0.3820119166974,-0.0075491057034,-0.0225650159551,-0.0318706678228,0.0782609164449,0.2091723367636,-0.0614629588658,-0.1538446309225,-0.1044647782235,0.1778609192136,0.3045080228344
0.1343833617826,0.2041181794510,0.3628241213101,0.2601943249354,0.2861993821547,0.0931831709380,0.0458686996636,0.2150001380513,-0.0694253755834,0.1439211992445,0.1788242980019,0.3215459968192,0.2944503050884,0.0910976659078,0.1463624353669,0.1284036299038,0.6682371536668,0.4085534348772,0.0000501821244,0.1917999594084,0.1930837020319,1.0000000000000,0.2800318493097,0.8628298797488,0.0901409911674,0.3402524265659,0.2482725473729,0.6140819232209,0.4623079488546,0.5123469148171,0.4664442035674,0.0904354629936,0.0677079644854,0.5247837781158,0.5366886716985,0.1050172590589,0.1078682431627,-0.0709924779061,0.4039778634494,0.2095561415480,-0.0211773429434,0.1623337152387,-0.1523645378447,-0.2671345523591,0.0848280121095,-0.0161860948305,0.1537699741500,0.2780942670332,0.1257034787327,-0.3004148452369,0.1398843130837,0.6421260083735,0.1808411635104,-0.1430237961683,-0.1205393939296,0.0891157281742,0.7589028206651,0.1975989240615,0.7974900711326,0.2553709886986,0.1821208662696,-0.0722267902685,0.6053049955918,0.3804053761963,0.2127730374997,0.3280878783203,0.1815650877731,-0.0733775852915,0.2676526676290,0.4113026990406
0.0447050345382,0.4130690915297,0.1380168199764,0.5747639589033,0.3434507569045,0.0033887377290,-0.1147462129176,-0.0053030076149,-0.1892629966853,0.3729631452089,0.1363606533919,-0.0557114796654,0.1883695072087,0.0555719980051,-0.1913988560609,0.0583293946134,0.4500171133270,0.2197958889869,-0.1968026841324,0.0516061555113,0.3359150433784,0.2800318493097,1.0000000000000,0.4374632416687,0.2988089895088,0.4583239446628,0.2713533726490,0.3085693150833,0.0100945058888,0.3121904639805,0.0731003813310,-0.0702411583610,-0.0521330626820,0.4303583396867,0.3210331181814,0.0979868653383,0.5309056709358,-0.2249684807495,0.4933342941987,0.2285051299622,0.0364307945700,-0.1730843399795,-0.1090796498106,-0.4073229222086,0.3358976806907,0.0161043105988,-0.1297240897198,0.2478814521303,-0.0400396860996,-0.3798877342802,-0.0294568165745,0.4547983599474,-0.0073483115221,-0.4488552600509,-0.1946006167154,0.3165904951516,0.1860830109902,0.7968617090911,0.3403411255868,0.3734840064818,0.2903341212036,0.1033612647973,0.2543248005662,-0.0691536381299,0.1326695845690,-0.0109117256217,0.0933292923397,-0.0234547513327,0.3136207306705,0.4180232432972
0.0694123241737,0.2660170676242,0.4223544590687,0.3538815231322,0.2665363932248,0.1557015293434,-0.0340785820364,0.1468675196317,-0.0619062424434,0.1340423096061,0.1762259528571,0.1882592268761,0.2218879105182,-0.0023555570261,0.0053022888346,0.0142366517076,0.7913260579637,0.4660597093959,-0.0586004633793,0.2036316603886,0.1965300595297,0.8628298797488,0.4374632416687,1.0000000000000,0.1088545146574,0.3650814876387,0.4020585534292,0.6154483618785,0.3527029939503,0.4599155479597,0.4598784296935,0.0472435309475,-0.0513361730497,0.5224090647025,0.5676896878427,0.0441105307659,0.1864946553677,-0.0615901714700,0.4250066939775,0.1865411028282,0.0215336798184,0.0406122077917,-0.1987477152973,-0.3154711756539,0.0785183151241,-0.0327526396831,0.0224798626113,0.2222417964623,0.0075491201869,-0.4232342534581,0.0074655308527,0.7646633268550,0.2258994108474,-0.2625503944595,-0.1808461283382,0.1139509619177,0.6365818665336,0.3354758335105,0.8286003656489,0.2321328116472,0.2011991710713,0.0646600659319,0.5734116712229,0.2568538288618,0.1163867600637,0.3290743426596,0.1457447263644,-0.1969374620401,0.2538865608417,0.4456790946108
0.1680026019488,0.1183876923475,0.2976122204343,0.2615937963847,0.3221335682602,0.2011731202954,0.1322645327830,0.4810137049119,-0.0543920978431,0.6872835255588,0.1827706716871,-0.1640717150585,0.2452727376094,0.2027999616396,0.1154505292446,0.4105884684286,0.1922076403208,-0.0741338427596,-0.1006544461137,-0.1335672186516,0.2138172991789,0.0901409911674,0.2988089895088,0.1088545146574,1.0000000000000,0.2600254264535,0.2357268618483,0.2709003175632,0.3510425686447,0.0941210456810,0.0366700608660,-0.0247219223303,0.0670693361842,0.1099057678339,-0.1135222587763,0.1234998916607,0.1097535522321,-0.0496414266625,0.2234368032048,0.4363194073669,0.0825532102396,0.0817317558148,0.1717323139237,-0.2138547333993,0.6479353192632,0.1422568847156,-0.2522311430594,0.3587215149624,0.1684971133091,0.0295955691459,0.2392342078982,0.1915254234464,-0.3458961569579,-0.2326900355333,-0.3048364329015,0.2844229821936,0.0563142669287,0.2699594949790,-0.0190890464371,0.8057734840018,0.0130034333623,-0.0843723194407,0.2254895304729,0.3034769820000,-0.0962115871318,-0.1775696993765,0.1076182381589,0.0462751611298,-0.1578319336208,-0.1294934667231
0.1972657570339,0.5774971784319,0.4171095973439,0.6804895660936,0.0912443590277,0.1522937282429,-0.0183028637821,0.2634561643707,-0.0133269161109,0.2966795188087,0.0940268367926,0.2663060897379,0.0489541342949,0.2637351644104,0.1848818781117,0.1767252974215,0.2620180668334,0.3882434999960,-0.0458002659987,0.2804716291065,0.0871120051280,0.3402524265659,0.4583239446628,0.3650814876387,0.2600254264535,1.0000000000000,0.5105635824322,0.5127616755860,0.1389037828928,0.3667833141640,0.2939332198622,0.0384031861571,0.1143774907497,0.3305892173013,0.5158186150595,0.0520940707917,0.5318607522244,0.0220845758044,0.6411389465881,0.0078783725396,0.0572981212884,-0.1056278574435,0.1742409947325,-0.2538670563904,0.2696592326188,-0.1424046594557,0.2029651661465,0.0610264756172,0.1635428930459,-0.1797899439062,0.1139391034391,0.3150554128187,-0.0335760909576,-0.3682140420642,-0.2496176990328,0.0152102744122,0.0961166503444,0.5386693603017,0.2365299785840,0.2236214812218,0.6336710070560,0.0859447271773,0.5259103083482,0.0694421659792,-0.0278456775117,0.1647607873577,0.3256113683312,0.1644133725588,0.1841380034472,0.5168057414631
0.3206453439782,0.3723764706476,0.6239909924870,0.5413696042398,-0.0176598711658,0.2598645550304,0.1430375286770,0.3728760613151,0.4171426586720,0.1021732070149,0.2755732298439,0.3628263670912,-0.0331208955427,0.0779588892955,0.3042529220977,0.0160474364634,0.2586835080698,0.5628251650144,0.2803553013065,0.4571187000614,-0.0175580557817,0.2482725473729,0.2713533726490,0.4020585534292,0.2357268618483,0.5105635824322,1.0000000000000,0.6316654276345,0.3381542696763,0.2597174611328,0.5956037304196,0.2936190291308,-0.0320570955634,0.1459696449412,0.3201712773269,0.0753170702686,0.3157647968392,0.1773446082212,0.4047992199980,-0.0853455018749,0.0779165738592,0.0202939534715,0.1111395470961,0.0428377281837,-0.0155620935700,-0.0165056581961,0.1703454159552,-0.0401908790731,-0.1282970748880,-0.0749166352114,-0.0379947803128,0.2134202668615,0.0015696590285,-0.2101689372265,-0.3102841379571,-0.0277177389717,-0.0870633307425,0.2283564388541,0.1035098912689,0.0452295147062,0.2745765093038,0.3284993499079,0.4760116835234,0.1256219838783,-0.2527525815075,0.2041805844489,0.1076671095303,-0.1419498691057,-0.0377259969722,0.2212763902401
0.3024674051202,0.2103333545786,0.6586634952657,0.3944085961153,-0.0055475159393,0.2209947747991,-0.0244161172633,0.4968689185162,0.1488333721533,0.2422274834220,0.1185666489889,0.3802491677040,0.0639167273163,0.2102683194669,0.4075071322405,0.0818691286841,0.4148237744481,0.5328246113835,0.1256087339818,0.4599138038465,-0.0215296948101,0.6140819232209,0.3085693150833,0.6154483618785,0.2709003175632,0.5127616755860,0.6316654276345,1.0000000000000,0.4768581697544,0.4017542987686,0.6223604305332,0.2016444319440,0.0542648360317,0.3001235699972,0.3748385854849,0.0787709656022,0.1547235215447,0.2692664047283,0.4276631274177,-0.0411277959015,-0.0350297651408,-0.0213620652193,0.1579780221394,-0.2012702405553,0.1830318567621,-0.1648994406992,0.2164006846445,0.0553692367626,0.1185851003810,-0.0734585675143,0.0854524578630,0.4295041513820,0.0548778728633,-0.1901148859908,-0.1328824369370,-0.1122150802141,0.2705618213137,0.1962601711682,0.4223903131185,0.1947334782960,0.3039816516870,0.1094849710081,0.8692481354197,0.3363674870944,-0.0121331324366,0.2454847914138,0.2706617012677,-0.0989506604541,0.0031809755505,0.2241080534861
-0.0221641839489,0.0479378492712,0.2351890610136,0.1266384371683,0.2415289618007,0.0979843470488,0.2941494637089,0.3779453846421,0.2982936557703,0.0471062320615,0.4515239197315,0.2138206715579,0.3624416778638,0.0007707013155,0.1638038062946,-0.0201737196050,0.3130351401490,0.1065329101858,-0.0273094746998,0.1188757895075,0.1318008271404,0.4623079488546,0.0100945058888,0.3527029939503,0.3510425686447,0.1389037828928,0.3381542696763,0.4768581697544,1.0000000000000,0.1451566178384,0.4656248266468,0.0416176128435,0.0282824674729,0.1104649874684,0.0808870610301,-0.1248920250625,0.0447410130421,0.1607337603873,0.2910147924357,0.3173562988480,-0.0988374542468,0.3041082106204,0.0686913709117,0.0474413370581,-0.0562457488258,0.3217425934884,0.0250703630340,0.3537969369634,-0.0545231725409,-0.1576950031076,-0.1836115881363,0.3336164237974,-0.0079067275426,-0.2074888443550,-0.2475738696986,0.1301172091928,0.4556001925497,0.0280249548207,0.3517925732152,0.2223205973761,0.0593456016344,0.1241520271432,0.3993671216239,0.8833004514313,-0.1123057919274,0.2077384520265,0.1044095946966,-0.1455076794640,-0.2219886170290,-0.0071112965055
0.4037760947187,0.2393794057033,0.2049058836765,0.3353926420000,0.2676547575520,0.1661159279094,0.3046408314746,0.1312391113162,-0.1024297404283,0.1234054195976,0.1755576582156,0.2154465006060,0.4307733786934,0.1266646404529,0.4034023286529,0.1881571341571,0.3161741065680,0.5605701706157,0.0355138069550,0.5120315294261,0.2855975413841,0.5123469148171,0.3121904639805,0.4599155479597,0.0941210456810,0.3667833141640,0.2597174611328,0.4017542987686,0.1451566178384,1.0000000000000,0.3073529727376,0.0246439183862,0.1599667483548,0.7943392886411,0.6237290266494,0.2704363299722,0.3719176733199,-0.2380289227356,0.3871045777433,0.1799546629202,0.1602759944990,0.1799166146966,-0.0642148657754,-0.3690880191412,0.2271701348475,0.0130187726228,0.0567406049844,0.3818183999711,0.0879705155619,0.0699943961345,0.1335746421550,0.3120605365288,0.2668896213446,-0.1888700377988,0.2227326632631,0.1261578364903,0.3658379802314,0.3540288118053,0.3018866697493,0.3320724887953,0.2171438338816,0.0666349166600,0.3645850385126,0.1390901169092,0.6698039639956,0.1651739881672,0.0985913947964,0.0680226440013,0.4845490559995,0.6674367660680
0.3782635793619,0.3262382832659,0.7093252440622,0.3033447893529,-0.0258945788420,0.2070081988805,0.0478278413591,0.6183642384880,0.3682709538027,-0.0531059433675,0.0894201267314,0.2737623653668,-0.0399586539637,-0.0885069546593,0.4061827133792,0.0612171918033,0.1539528686767,0.6032417951896,0.2082068053955,0.3642664103528,0.0038914837306,0.4664442035674,0.0731003813310,0.4598784296935,0.0366700608660,0.2939332198622,0.5956037304196,0.6223604305332,0.4656248266468,0.3073529727376,1.0000000000000,0.1170875149884,0.1563600345350,0.1644117197872,0.4337763690409,0.1887367309606,0.0939440282377,0.2757761568199,0.2794646465309,-0.0818158240148,0.0355821034277,0.1261105474076,0.3294814510248,0.0619791963854,-0.0853986295761,-0.0725546622034,0.1132800865734,-0.0011161119197,-0.1016080394427,-0.0170037740015,0.0566025064366,0.1249104578901,0.1806902530649,-0.1616820580825,-0.2405004016810,-0.0967717619591,0.1073847593571,-0.0100962909355,0.2620114425183,-0.0339717607379,0.1078793816406,0.0303260708780,0.5277756467305,0.2850037015578,-0.0977613271342,0.5902514005567,-0.0061120987882,-0.0116522351223,0.0982481526859,0.2781799764515
0.1246644651871,-0.0881709125054,0.1256343148179,0.1551554474373,-0.1318834676940,0.0184445488471,0.1323354995814,-0.0067920802969,0.5125422831957,0.0251427714932,0.0891468345185,0.5977630418797,-0.0696218272677,0.6442356126231,0.2492547782214,-0.0128223138542,0.1081864799394,0.0267005931822,0.7107167461457,0.3434457125422,-0.1115725561358,0.0904354629936,-0.0702411583610,0.0472435309475,-0.0247219223303,0.0384031861571,0.2936190291308,0.2016444319440,0.0416176128435,0.0246439183862,0.1170875149884,1.0000000000000,-0.0438793946842,-0.0746844536828,-0.1012686340665,-0.1443395959885,-0.0834487696572,0.0038284654690,-0.1128195230881,-0.2499228498373,-0.1470966881026,-0.1570567144642,-0.1278248177751,0.2807598364607,-0.0106543570550,-0.1431930639634,0.5436303688291,-0.1843600278722,0.2685071486354,0.1235391765507,0.0440417454369,0.0889510367658,-0.3086788927843,0.3754624103186,-0.0448036406568,-0.1358359025477,-0.1292644970269,-0.1243824282871,-0.0621298667889,-0.0909553617562,-0.1444451018528,-0.0961798049801,0.1049715430065,-0.1016790772032,-0.2363325863705,-0.1768736447338,0.0430704952492,-0.1508051856249,-0.1381642331677,-0.1149305708139
0.1882832676784,0.2178571418065,0.2792512838203,0.0120388427920,-0.0583299784698,0.1564366797749,0.0940657880486,0.2476875823726,0.1444541092755,0.0000430578999,0.0764915598434,0.2662925345820,-0.0935861287966,0.2586937008991,0.3268157634431,0.3166057348815,-0.1726273984494,0.0285210294922,0.1981071064556,0.0629804825273,-0.1018665018438,0.0677079644854,-0.0521330626820,-0.0513361730497,0.0670693361842,0.1143774907497,-0.0320570955634,0.0542648360317,0.0282824674729,0.1599667483548,0.1563600345350,-0.0438793946842,1.0000000000000,-0.0330627391015,0.0340449578971,0.1577787455286,-0.0314502912399,0.0096980175846,-0.0991154688957,0.0160425869956,0.1814262184340,0.2346673585199,0.0532661741770,0.0616022533100,0.0424336902326,0.1046785779140,0.1797553056873,-0.0203960025219,0.3399782765836,0.1934777162214,0.2349839723794,-0.1649048051405,-0.1850443770924,0.0892111827821,-0.0514440719225,-0.1792521003462,-0.0982027565689,-0.1253322351865,-0.0953982794911,0.0120643627337,-0.0286101927048,-0.2624850677401,0.0159722020742,-0.0120210350105,0.0571614713060,-0.0792398363850,0.0247240945874,0.5927543187470,-0.0136115855409,0.0553702661094
0.0805094765402,0.2037540111634,0.0853275483808,0.3550869957371,0.3222218333166,0.1215958778076,0.0606653945749,-0.0099833815487,-0.2942344718604,0.1261175323192,0.0162751950421,0.0704986414462,0.3867491800342,0.0116532146478,-0.0456779149889,0.0988206886789,0.4715010585761,0.3220535851735,-0.1702635313356,0.2074979917544,0.2905026722391,0.5247837781158,0.4303583396867,0.5224090647025,0.1099057678339,0.3305892173013,0.1459696449412,0.3001235699972,0.1104649874684,0.7943392886411,0.1644117197872,-0.0746844536828,-0.0330627391015,1.0000000000000,0.6489683488942,0.1161609869132,0.4330085673604,-0.2151034917851,0.4690968504600,0.2191654199855,0.1266552259210,0.0998620946668,-0.1420748670235,-0.4016108201015,0.2041541680556,-0.0467758140408,-0.0533806976771,0.3407762126296,0.0821433443905,-0.1815875547158,0.1111958154891,0.4854136727067,0.2848603206646,-0.2089233843113,0.1483439113444,0.1995006895667,0.4794614906449,0.5285728144314,0.4360938674688,0.3629651170561,0.2850028593561,0.1178616368713,0.3315944253386,0.1282294330634,0.6765752251862,0.2696357020349,0.1384676109138,-0.1028174767270,0.6755938082974,0.6977103609500
0.1671878051332,0.4409025796552,0.2905651734540,0.3726101031931,0.1952336576080,0.1722017359175,0.0648820018217,0.1028757585446,-0.0563272636640,-0.0086052764969,0.1050386902487,0.1919850213144,0.1976950743980,-0.0875809663224,0.0890855790684,0.0444329826883,0.3570077675615,0.5929565554898,-0.1058792097701,0.3224493259868,0.2521213704910,0.5366886716985,0.3210331181814,0.5676896878427,-0.1135222587763,0.5158186150595,0.3201712773269,0.3748385854849,0.0808870610301,0.6237290266494,0.4337763690409,-0.1012686340665,0.0340449578971,0.6489683488942,1.0000000000000,0.1208939247524,0.4933598911139,-0.0705615185840,0.5747931285786,0.0314950071100,0.1834564002513,0.0487784202932,0.0045964497750,-0.2342689748280,0.0288296998033,-0.0595676418465,0.0837398561711,0.1415212058228,0.0130743094098,-0.1982119212732,0.1157284449030,0.3523135723419,0.4553136581582,-0.2859502799980,0.0981433858496,0.1252015295451,0.3378484489436,0.3674713070298,0.4274886024122,0.0720514428811,0.5395284696597,0.1570578659572,0.3835845483826,0.0222720257989,0.4003854637860,0.4151622814210,0.1625229087952,-0.0260541960511,0.5511658770971,0.8781568494457
