1.0000000000000,0.0115712683162,0.0621909491629,0.5588828527805,0.4166689574817,-0.5025262677831,0.5167555023401,0.4267078459336,0.1634914808005,0.4573085720244,0.3945364894553,-0.0635149046709,0.5274075072781,0.2780406966329,0.2680347433235,-0.0242269029923,0.3001535607189,0.5308039281227,0.0618515194604,0.4483743073135,0.6704949573880,0.3524030605744,0.4039026104926,0.3748500255800,0.2991814295333,0.1223657378421,-0.0011276854790,-0.1873182986967,0.1693215680982,0.5604383698793,0.5282705002462,-0.0267087677555,-0.4347560979676,0.5327132215381,0.6092388345342,0.6115412229749,0.1263893303525,-0.2560117910602,0.5536507581953,0.2510884247001,-0.1301082579136,0.1457640441405,-0.0659616070429,-0.0335829585553,0.3285863388876,0.2984284305169,-0.0146006437467,0.4254544852815,-0.3935822278558,-0.1190194471442,0.0080459465464,0.2330009990794,0.0600638730304,-0.2594628342148,-0.1029115960128,0.4589609739829,-0.3421215454087,0.4522165875257,-0.2468285361895,0.2288076598583,0.0188751154882,-0.3829673570644,-0.3779836882923,-0.2629174883449,0.3091368000895,-0.1479904256128,-0.0784864880338,-0.2387589598905,0.3079247615209,0.2427346140330
0.0115712683162,1.0000000000000,0.1936331699128,0.1571735212364,0.0916177963777,-0.1970866936959,-0.1815359922158,0.3165878280020,-0.3144635922986,-0.2343795085756,-0.3112158923930,0.0044211494385,-0.0359437167061,-0.1242992642914,-0.2700191042356,-0.2221152610882,0.1253727413278,0.3785490148378,-0.0346340825644,0.2102578973258,-0.0062078440717,0.2760763199299,0.3823435838159,0.2973295005311,0.2548545100610,0.3460849842611,0.4062127794248,0.2502020782282,0.3811649096325,-0.2928162350911,0.4649352384272,-0.0813158415755,-0.1284712435753,0.0481738542041,0.1821881475202,0.0953511484539,0.6981002101742,0.0407698380441,0.2908315498997,0.2427909717635,-0.2417337758074,-0.1776213824724,0.4210274076193,-0.4537184983791,-0.1488231397934,-0.2637908467096,-0.2529130625603,-0.0486484159007,-0.1490263481182,-0.5004116963314,-0.4081050955483,0.1333473132740,0.5085969604184,-0.0507616996709,0.3062883471234,-0.0728956117983,0.1928109121103,0.4239327164175,0.2748881476177,0.2990697707934,0.3998357709472,0.2643725455343,0.2350597427672,0.3238579150738,-0.2463121899086,0.4212617166198,0.3475588771609,-0.1756949180731,0.0156299601456,0.1167909776310
0.0621909491629,0.1936331699128,1.0000000000000,0.0255942167888,-0.0155379246037,-0.0462718877500,-0.1073840361913,0.3677037524949,-0.0583711398852,0.1427895224153,-0.1154043470472,-0.1340456930842,-0.1682235129586,0.0108160938633,0.0997509038218,-0.0396500150380,0.4572671242416,0.2022545848332,0.2076359657634,0.2551476769016,-0.0169915310289,0.5312681791118,0.1351139513130,0.6700629405741,0.4184705374552,0.2276044200559,0.5435467643939,0.8232695420880,0.3693199890534,-0.0050380426764,0.3227056191197,-0.0962704773026,0.0816636438546,0.0872640237919,-0.0260254066267,-0.1964040113410,0.1882843510302,0.3198257308224,0.0374022420652,-0.0539366553415,-0.1624166851615,-0.2640329750219,0.2713644699891,-0.1176126042089,0.1170917854278,-0.3040164497753,-0.2377174095226,-0.1158370203619,-0.2244780119728,-0.2045928946795,-0.0440588126639,0.3393385436644,-0.0192362409793,-0.1019231658147,-0.1619030918940,-0.0312047415933,0.1616341472825,0.1074499835685,0.1657741799918,0.2608937034303,0.0230565357123,0.0616659096693,0.3944625932889,0.2311022519652,-0.2879070888098,0.0830027916418,0.2059829662822,-0.0498352197333,-0.2152818953854,-0.2823866986076
0.5588828527805,0.1571735212364,0.0255942167888,1.0000000000000,0.4954987065404,-0.3817084599574,0.5394534372720,0.2981777933533,0.2750171562464,0.5514103836528,0.4105308897110,-0.0767535609482,0.6457247617394,0.4245920009730,0.1884364666194,0.1960753793299,0.2268984705867,0.5684840512946,-0.0648863004173,0.3595702632414,0.7015861610171,0.1399110178076,0.7305875067887,0.1508371059340,0.4809306539600,0.2979838260946,-0.1836727152634,-0.2061495989693,0.1141692060564,0.3072677881090,0.4265891092738,0.1387281503976,-0.2933084923683,0.3607669771438,0.5607389978742,0.5744242080615,0.2763756397028,-0.3359882687804,0.7019845318715,0.3227588620748,-0.1189612947632,0.3153829410829,-0.0448161871346,-0.0442078716267,0.4439342910553,0.1992760346720,0.0071229351877,0.5567392420166,-0.2754279058357,-0.1524055070215,0.1539664100977,0.2190975536367,0.3225204085565,-0.2895818729327,0.2179671811211,0.4334687357463,-0.4596294141643,0.6448703028992,-0.3337750602016,0.4335679636060,0.2142382692597,-0.4492229935129,-0.5281211812222,-0.3741060604581,0.2436881879724,-0.1379508431594,-0.1486990504341,-0.3158532321683,0.3635809698231,0.4898668898401
0.4166689574817,0.0916177963777,-0.0155379246037,0.4954987065404,1.0000000000000,-0.1369794243210,0.3835925289946,0.4675839558993,0.0913612319474,0.4872705032658,0.4483450105279,0.2251288781954,0.5601155618205,0.3338258664363,0.2569058575403,0.2153495340301,-0.0854850438775,0.4783095787081,0.2556865558833,0.4836041473399,0.5451114759813,0.0737550847340,0.3739659551513,0.0566493862456,0.2678184325297,0.1796749160349,0.1318958987076,-0.1214951622880,0.2288533157699,0.4846538432288,0.4628469261278,0.2294359367154,-0.1924377238081,0.5783153151175,0.5508481814147,0.4435132746323,0.0510452402267,-0.2692271561692,0.3339817813561,0.7950244257153,-0.0191051742702,0.1791190911568,0.1094267254399,-0.0938135012993,0.4646633216134,0.4368678948612,0.1525629184628,0.5196892687003,-0.1747126855390,-0.0888788333432,0.1818643445019,-0.0850628057049,0.1746701112595,-0.0264058073963,0.0604559378544,0.4402217119209,-0.4317967847490,0.3134804121838,-0.3758679459560,0.2161906091021,0.0577309628881,-0.2384912491649,-0.3153026907414,-0.2210315555539,0.3953220633590,-0.1111500239614,-0.0203123869660,-0.1503949477662,0.4810716521541,0.3823601890522
-0.5025262677831,-0.1970866936959,-0.0462718877500,-0.3817084599574,-0.1369794243210,1.0000000000000,-0.1062072611503,-0.0792218536798,0.1129782016921,-0.1735383216690,0.0074227722594,0.2935486039621,-0.1729585437630,-0.1807392540664,0.1391045166689,0.4141875785835,-0.2876652423006,-0.4327268149458,0.1988672228983,-0.2734723272519,-0.3397972294751,-0.2037869935804,-0.2866848169781,-0.2525554499908,-0.2431051918671,-0.1284489015418,0.0080835941512,0.1407915235060,-0.0504814209430,-0.0536029891864,-0.2202753581808,0.1556450533611,0.7057550738548,-0.2126979381687,-0.2521058682043,-0.2550795019937,-0.3762149015052,0.0851511686365,-0.4406538610472,-0.0000935156789,0.3545963496646,0.1014288880262,-0.0877635396934,0.0405353801891,-0.1265288626067,-0.0352424218825,0.1621091363277,-0.1611273794417,0.3756814735880,0.2463737116125,0.2254274437870,-0.2665840056108,-0.1434540980962,0.2565848378973,-0.1386397324513,-0.1860412992865,0.1828526665518,-0.4339271130621,0.0557758570950,-0.1755604981163,-0.1301979816371,0.0671951637366,0.1838804972140,0.1306346362495,-0.0406398228368,-0.0716621590702,-0.0298456004269,0.3635274250661,-0.2032998257064,-0.1266104279927
0.5167555023401,-0.1815359922158,-0.1073840361913,0.5394534372720,0.3835925289946,-0.1062072611503,1.0000000000000,0.1652401120951,0.7069452065416,0.4451094494095,0.8316924076368,-0.1528413257668,0.8286172321601,0.2415588116202,0.5339093398455,0.4977904063113,0.1813521583595,0.1976284624718,-0.0311714567198,0.0666659636782,0.6383785947777,0.0697226316416,0.3415253758034,0.0449793899708,0.1783794524866,-0.0466763128063,-0.0941520671030,-0.2415720557192,-0.0622892753200,0.4749097313620,0.2738382335156,-0.0639098504353,-0.0516829128122,0.3014063958679,0.3807689347609,0.4180488697690,-0.1027635984594,-0.2154859652495,0.3026461556610,0.1284918750868,0.0777568257603,0.6253673914269,-0.2721179181218,0.4107239962939,0.2602379940447,0.4607950250611,0.0264307844143,0.7002655911690,-0.4622599983485,0.1237999850439,0.3815249889632,0.1222942164998,-0.0881975631849,-0.4105378856327,-0.3065913705185,0.3380176961984,-0.5039175034517,0.2862479456862,-0.4606451904132,0.1547153692852,-0.2201857820281,-0.3536840861051,-0.4486888299014,-0.4494468637071,0.1284888354027,-0.2994025738900,-0.0875213887618,-0.1213791383295,0.1019929498386,0.1775738304205
0.4267078459336,0.3165878280020,0.3677037524949,0.2981777933533,0.4675839558993,-0.0792218536798,0.1652401120951,1.0000000000000,-0.0813191015905,0.3519483865682,0.1276252953743,0.0963622349404,0.2998578298908,0.1266591494659,0.1675772295539,0.0688293437314,0.1648621357200,0.4579509735548,0.1349272674928,0.4334054876172,0.4515014294262,0.3714167526246,0.2705973473990,0.3952530147254,0.3948024076498,0.2618664654461,0.4189834369152,0.2100065733425,0.3833127067970,0.3116705988749,0.6913530124013,0.0717300562383,-0.1230688054645,0.4424304291194,0.3555409407646,0.2437423240742,0.2639138878511,-0.0685942587544,0.2694692429711,0.3938087719449,-0.1691516443186,-0.0558641993592,0.2449622640397,-0.3537020617932,0.2874118387235,0.0743727674528,-0.1493371499806,0.2528144576425,-0.2039883052348,-0.2331852747351,-0.1554188640627,0.1121998076679,0.1280240843300,-0.1525591394055,-0.1110968969613,0.3728314491351,-0.1074696587652,0.2316261383684,-0.0470910191819,0.2389639105279,0.1565293973563,0.0332880566543,-0.0708467259878,0.0583045784838,0.0114593702220,0.0049774177402,0.2492847621343,-0.1492314494119,0.1631247669794,0.0725833237326
0.1634914808005,-0.3144635922986,-0.0583711398852,0.2750171562464,0.0913612319474,0.1129782016921,0.7069452065416,-0.0813191015905,1.0000000000000,0.1573430511465,0.7585927061977,-0.1332652823949,0.4722020785914,0.1705118494135,0.6882340675151,0.4986093841404,0.0741077918855,-0.0553207602083,0.0614579444494,-0.1061680123774,0.2439666060806,-0.0854092776854,0.0245507662397,-0.0632393755354,-0.1005653619514,-0.0613899793046,-0.0436665356583,-0.0716249419185,-0.2221177537274,0.3627336835992,0.0288906594475,-0.1386887516605,0.1662031302095,0.1763865546107,0.1271741403204,0.1294589219361,-0.2678533751125,-0.0375291360858,-0.0091746482057,-0.1873388617878,0.0369263703595,0.4484101060275,-0.4099089422947,0.6528879221941,-0.0369107545504,0.2755751270102,0.0784995975472,0.3154790478882,-0.3525421530997,0.1679182865979,0.4018003278614,0.0433664320233,-0.1744205339845,-0.3293430795242,-0.3662675436952,-0.0165870287167,-0.3850059739661,0.0097758780467,-0.3564436425585,-0.1288565932759,-0.2753584881393,-0.1778533496786,-0.2007211513588,-0.4249180474007,-0.0498864053508,-0.2895970725404,-0.0139517229936,-0.0850407425472,-0.0980392734463,0.0338164241775
0.4573085720244,-0.2343795085756,0.1427895224153,0.5514103836528,0.4872705032658,-0.1735383216690,0.4451094494095,0.3519483865682,0.1573430511465,1.0000000000000,0.4160926178100,-0.1424558971649,0.4620648035911,0.4509198494922,0.3131222064809,0.3986375159022,0.1708252141694,0.2533442736934,0.0951446265822,0.2513146734310,0.6377689754825,0.0979866656370,0.3843921796190,0.0695847287237,0.5067438241654,0.2563563668954,-0.1876865839184,-0.0600189521266,-0.0069918331532,0.5051367403310,0.1550565932009,0.1009251690084,-0.1319603799664,0.3702617652974,0.2795930103898,0.1999389865244,-0.0102957801361,-0.1522477635538,0.5201648692008,0.3435973212282,0.0288439080154,0.2039695000976,-0.1368490126901,0.0333295242212,0.8552067162086,0.2639747888340,-0.1078209372573,0.5185052677035,-0.1676737025551,0.1840621816804,0.4141696807776,0.0894880504634,-0.1299700913885,-0.2657347362419,-0.0381071428183,0.5798228317553,-0.3616852386214,0.2560032495697,-0.3208816678007,0.4371771456694,0.0999577366800,-0.4477440775245,-0.3307495979546,-0.3249414133667,0.2809157999378,-0.3196091654366,-0.0688897726834,-0.0815914331043,0.1614083834087,0.1167005656926
0.3945364894553,-0.3112158923930,-0.1154043470472,0.4105308897110,0.4483450105279,0.0074227722594,0.8316924076368,0.1276252953743,0.7585927061977,0.4160926178100,1.0000000000000,-0.0857437941355,0.7157024957734,0.2332277705552,0.6830081734393,0.5307889489964,0.0383434783216,0.1158237861686,0.1596263446181,0.0808915173658,0.5559411592966,-0.0756157392593,0.1511049990924,-0.0660441090872,0.0230997461304,-0.0348135984269,-0.0639073425478,-0.2145937742641,-0.1214930095474,0.5912454501493,0.1445049134044,0.0055210517769,-0.0256633731499,0.3390404469269,0.3264315178718,0.2805749988617,-0.2002877333379,-0.1781753634076,0.1844047262444,0.1281850730279,0.1238491830196,0.5012375445667,-0.3469774443235,0.5223662032732,0.2169690764635,0.5403468412947,0.1091429157788,0.6049946548706,-0.3993005738321,0.1896781269067,0.4566473983029,-0.0140094216155,-0.1676519645877,-0.2822961460492,-0.3220354582289,0.3417301284186,-0.5483492504860,0.0987577996056,-0.4770677715259,-0.0371365407663,-0.2470384088682,-0.2332576583941,-0.3567887790725,-0.4627320478048,0.1064118796447,-0.3849057479403,-0.0752126957608,-0.0487885943640,0.0972390888530,0.1443300942759
-0.0635149046709,0.0044211494385,-0.1340456930842,-0.0767535609482,0.2251288781954,0.2935486039621,-0.1528413257668,0.0963622349404,-0.1332652823949,-0.1424558971649,-0.0857437941355,1.0000000000000,-0.0621859014372,0.2577942151351,-0.0032655898120,0.0012371430040,-0.4150863904311,-0.0262990212444,0.5267287399478,0.2166731744721,-0.1799907323634,-0.1938466837929,-0.1419979323711,-0.2231237816765,-0.3170948377559,0.0783250303912,0.1504966889711,-0.0203335611267,-0.1063052925570,0.1433616073669,0.0139855286383,0.4213791818323,0.0908991114508,0.2619777669379,0.2769329549287,0.1930763525741,-0.3073652222910,-0.2788848668700,-0.1007000715359,0.2746775114896,0.1813354724452,-0.0049515452054,-0.1514278750389,-0.0831370413462,-0.0175325708627,0.2758841565453,0.6273296188218,-0.1675089236716,0.5469426078990,-0.0096274605150,-0.0960878307309,-0.3129218804849,-0.0553879880394,0.3860676952416,0.0933357929258,-0.0164271433255,-0.0935839885855,-0.1170196601336,-0.1489516905064,-0.2680980603752,0.0860632789025,0.0378499984385,-0.0590299974879,-0.1615789577518,0.4021491684505,-0.1263381924267,-0.0557975309184,0.1112105791303,0.4688868533894,0.3727407936287
0.5274075072781,-0.0359437167061,-0.1682235129586,0.6457247617394,0.5601155618205,-0.1729585437630,0.8286172321601,0.2998578298908,0.4722020785914,0.4620648035911,0.7157024957734,-0.0621859014372,1.0000000000000,0.3563974193682,0.4359309057596,0.5059546840928,0.1205274304835,0.3540028300696,-0.0322001045095,0.2097535093187,0.7972247931965,0.0468405610815,0.4009022005862,0.0231077677808,0.2448615700470,0.0277545861393,-0.0873531253382,-0.2988241070165,0.0365495167331,0.4314608728218,0.3553340907938,0.0557058700076,-0.1684844227464,0.3940682619266,0.5213828734629,0.4897657333885,-0.0018269870833,-0.2815772088372,0.3360061605765,0.3171748507989,0.0023768946403,0.6316622565629,-0.1676764322189,0.1833683340062,0.3026063827702,0.4837600897848,0.0741961029804,0.8603504864939,-0.3604335670207,0.0741176417806,0.3323473950796,0.1079275188737,0.0564616598789,-0.3091278375231,-0.1393763612581,0.4868619886203,-0.5024945376098,0.3265089097403,-0.4214832805132,0.2003388975522,-0.0833805182734,-0.2976688938376,-0.5000849266035,-0.3883886893765,0.2360153325408,-0.2575854736816,-0.1143868179975,-0.2263705987079,0.2873795552239,0.4170451078650
0.2780406966329,-0.1242992642914,0.0108160938633,0.4245920009730,0.3338258664363,-0.1807392540664,0.2415588116202,0.1266591494659,0.1705118494135,0.4509198494922,0.2332277705552,0.2577942151351,0.3563974193682,1.0000000000000,0.3440904815086,0.3691708711704,-0.0312372051215,0.2611142806554,0.4515297029829,0.4070732162411,0.3169348960966,-0.0648805504216,0.0806520387817,-0.0479899879646,0.0879119416089,0.4949547191962,-0.0292543209900,0.0043515674530,-0.1133592633230,0.4098176138684,0.0464117470220,0.3387607505392,-0.1187217881832,0.4833992375133,0.3828782318833,0.1452572716006,-0.0887109295896,-0.1454081128710,0.2458081557096,0.1442841886650,-0.1452647861642,0.1218327046806,-0.3173579426032,0.0547619404547,0.3720032706411,0.1720858019045,0.4062697832523,0.3304485994503,0.2351483151723,0.1616958502194,0.3025450275289,-0.0570438279740,-0.0483637230969,0.2020000612105,0.1284110971113,0.1819666619225,-0.3357275516994,-0.0237714484203,-0.2849809107468,0.0133203934933,0.3326360057953,-0.1898254829657,-0.1558347547250,-0.3497632027729,0.3454188494693,-0.3596493980206,-0.1072341189850,-0.2090841083718,0.3472515337003,0.4800025464841
0.2680347433235,-0.2700191042356,0.0997509038218,0.1884364666194,0.2569058575403,0.1391045166689,0.5339093398455,0.1675772295539,0.6882340675151,0.3131222064809,0.6830081734393,-0.0032655898120,0.4359309057596,0.3440904815086,1.0000000000000,0.6237417241240,-0.0238568696770,0.0479178710150,0.4485428717103,0.2108347881020,0.2677345846021,-0.0440575173274,-0.0782812541234,0.0231238527972,-0.0069065882878,0.0935587420817,0.1574167876854,0.1143362593702,-0.1054612990738,0.6684130780673,0.0750195741352,0.0737343732494,0.1601795219452,0.3762454516670,0.1902481587136,0.0152822402103,-0.2121291857499,-0.0773054682309,0.0529540936893,-0.0502124840610,0.0804551035793,0.2694137933483,-0.3354014013998,0.4693024560778,0.0734265509033,0.2652345933474,0.1603726675949,0.3287019708386,-0.2397798266749,0.3304823952656,0.4657060163628,-0.0829714282009,-0.2656469925740,-0.1391922685583,-0.3763578488146,0.0363223472645,-0.3818104508875,-0.1682597916025,-0.3714847872868,-0.1314125731107,-0.1416255033631,-0.0725580605525,-0.1005580696884,-0.3760573677300,-0.0085768201150,-0.4057441837390,0.0697948599082,0.0226704372806,-0.0951149657569,-0.0412534972966
-0.0242269029923,-0.2221152610882,-0.0396500150380,0.1960753793299,0.2153495340301,0.4141875785835,0.4977904063113,0.0688293437314,0.4986093841404,0.3986375159022,0.5307889489964,0.0012371430040,0.5059546840928,0.3691708711704,0.6237417241240,1.0000000000000,-0.0773402257946,-0.1275094692521,0.2842760505424,-0.0748022808286,0.2513896565414,-0.1514975937836,-0.0265458202432,-0.1583530807090,0.1022685700634,0.1201410615491,-0.0085919053397,0.0367012727725,-0.0737733570071,0.3789652791064,-0.0629757531496,0.0743726096189,0.3637140135886,0.2290378882677,0.1180690027334,-0.0902178402874,-0.2376023734169,-0.0441282664849,0.0330102874777,0.0183553434680,0.1913926337058,0.4188950649499,-0.1824418663773,0.3191480269829,0.2543829949221,0.1346833627195,0.1577957675333,0.4742063903485,-0.0186278111442,0.3339912622678,0.6789257797601,-0.1379212233824,-0.1791246665963,-0.0360047687752,-0.2694906483374,0.0407106828226,-0.3114837643591,-0.1772856360262,-0.3391651620961,0.0896446064479,-0.0301876342481,-0.1207570349962,-0.1055423208501,-0.2651849443904,0.0053572477345,-0.3362383324893,-0.0173204907505,0.0473671873883,-0.0831604196709,0.1217278433097
0.3001535607189,0.1253727413278,0.4572671242416,0.2268984705867,-0.0854850438775,-0.2876652423006,0.1813521583595,0.1648621357200,0.0741077918855,0.1708252141694,0.0383434783216,-0.4150863904311,0.1205274304835,-0.0312372051215,-0.0238568696770,-0.0773402257946,1.0000000000000,0.2024568831841,-0.2674300020127,-0.0375505297548,0.3027713752798,0.7092470216459,0.3206247968764,0.7228855157702,0.4128189256257,-0.0536277161433,0.1617501320960,0.3889361677815,0.4343302785291,0.1244423194610,0.3774261970026,-0.1474703706871,-0.0831725234477,0.0314455940587,0.0410567147601,0.1185353555898,0.3060504114322,0.1402041552056,0.1705552846691,-0.1944663271675,-0.2302405323070,-0.0662719292273,0.1045204480816,-0.0688914632828,0.0660798653831,-0.2502897735458,-0.2720165576746,0.1046927142039,-0.4145766973920,-0.2052156468221,-0.0289461524157,0.9424181525152,0.1818343234656,-0.3577751897327,-0.0630497892796,0.1370479051359,0.3430898824843,0.4493779178693,0.4026921419933,0.3934230555225,-0.1535471087365,-0.0282922022404,0.0751358370374,0.3523035205494,-0.2542836264282,0.3487377880129,0.1992570655600,-0.0819218087368,-0.3191684705436,-0.1142669887690
0.5308039281227,0.3785490148378,0.2022545848332,0.5684840512946,0.4783095787081,-0.4327268149458,0.1976284624718,0.4579509735548,-0.0553207602083,0.2533442736934,0.1158237861686,-0.0262990212444,0.3540028300696,0.2611142806554,0.0479178710150,-0.1275094692521,0.2024568831841,1.0000000000000,0.0628404322418,0.7458228955445,0.4525743918822,0.4299946523521,0.5555392802119,0.4561376185737,0.4058331686356,0.1797066779074,0.2428634835134,-0.0363270041164,0.3879348665094,0.2644569973619,0.7082877541697,0.2522247280684,-0.3696860134910,0.4714030302014,0.6052099636192,0.3811464180661,0.4513906920520,-0.2575551128354,0.4093563652686,0.3727185025594,-0.2249707475805,-0.0223763269879,0.1638174041022,-0.2753164008631,0.1671227184238,0.0113612927094,-0.0626174437434,0.3132717220904,-0.2072269134778,-0.3384477527329,-0.1374585685202,0.1869145831750,0.5517905506281,-0.1692581364088,0.3266515000388,0.2256986856987,-0.1811758766917,0.5170741457329,0.0059833074738,0.2437740445757,0.1323184476678,-0.1173390393183,-0.2537627480721,-0.0874828438545,0.1617044800993,0.1874089684733,-0.0450303433472,-0.2477333895279,0.3127952061673,0.3807250506202
0.0618515194604,-0.0346340825644,0.2076359657634,-0.0648863004173,0.2556865558833,0.1988672228983,-0.0311714567198,0.1349272674928,0.0614579444494,0.0951446265822,0.1596263446181,0.5267287399478,-0.0322001045095,0.4515297029829,0.4485428717103,0.2842760505424,-0.2674300020127,0.0628404322418,1.0000000000000,0.4566049817277,-0.1160848252100,-0.0443382854397,-0.2267571972186,-0.0190839396283,-0.1724995480751,0.3668904867666,0.3387695857477,0.2828712458413,-0.0266578568142,0.4342395790454,0.0251127222012,0.2799188391891,0.0484682502484,0.4323003236630,0.2167840706487,-0.0762151461947,-0.2479408168351,-0.0543883618310,0.0186152902917,0.1342135559898,0.0572645557558,-0.0661834397065,-0.1080139215335,0.1007534159930,0.0697222635692,0.1198823698588,0.4877696675001,-0.0409489812919,0.2603105599959,0.0985704846016,0.1802546176200,-0.2897030420713,-0.1539487995123,0.4504015533175,-0.0125717619023,-0.0714102899066,-0.1229966288888,-0.3032797853780,-0.1609164289473,-0.2289064533339,0.1483445857241,0.1128999406692,0.1803533572888,-0.0916468996637,0.1613504929702,-0.2195432436380,-0.0135429780588,0.0455457187498,0.1343787482657,0.1256433797825
0.4483743073135,0.2102578973258,0.2551476769016,0.3595702632414,0.4836041473399,-0.2734723272519,0.0666659636782,0.4334054876172,-0.1061680123774,0.2513146734310,0.0808915173658,0.2166731744721,0.2097535093187,0.4070732162411,0.2108347881020,-0.0748022808286,-0.0375505297548,0.7458228955445,0.4566049817277,1.0000000000000,0.2802978529919,0.1885411243380,0.2571348997647,0.2372937876275,0.2005844714665,0.3884349905731,0.2691230944661,0.1223025218701,0.1693474090618,0.3145855867020,0.4719723727789,0.2917433630559,-0.2968335973919,0.5044892620815,0.5128674271563,0.2882663125271,0.1464945333352,-0.2147581848535,0.3300774356670,0.3832288584384,-0.1939492537226,-0.1168722891326,0.0450545514912,-0.2655052982252,0.1917484347053,0.1155646442193,0.1012975118215,0.1797682769052,-0.0073328927429,-0.1511557088551,-0.1135162369099,-0.0688258064801,0.2681397507650,0.1289562399948,0.3750472455983,0.1857032055351,-0.2235285091047,0.1685783811117,-0.1444638070370,0.0397823428238,0.2708170254484,-0.0749069550511,-0.0997506635933,-0.1466742236482,0.2743187689559,-0.0563210090083,-0.0133095044610,-0.2066543096460,0.3661849951949,0.3267481531513
0.6704949573880,-0.0062078440717,-0.0169915310289,0.7015861610171,0.5451114759813,-0.3397972294751,0.6383785947777,0.4515014294262,0.2439666060806,0.6377689754825,0.5559411592966,-0.1799907323634,0.7972247931965,0.3169348960966,0.2677345846021,0.2513896565414,0.3027713752798,0.4525743918822,-0.1160848252100,0.2802978529919,1.0000000000000,0.2310578527688,0.4869504660915,0.2150036716250,0.4162599006684,0.0554329425007,-0.1205237436532,-0.2631037957573,0.1178066456084,0.4498666000333,0.4462103421943,0.0360316647476,-0.2397856709234,0.3765598404889,0.4713805608750,0.5010988075717,0.1724024439791,-0.2138932385321,0.5053806963780,0.3499321921427,-0.1043590523748,0.3471568267656,-0.1034030062519,-0.0618067515950,0.4768962559529,0.3477309132606,-0.0605434579524,0.7567291036826,-0.3852090434578,-0.0781820978658,0.1689795166533,0.2599289470579,0.1058577402102,-0.3442220863032,-0.0452978520326,0.7613780287298,-0.3693152909331,0.4419199796291,-0.2686886895326,0.3277106711114,-0.0347072379640,-0.3433390159911,-0.4662261379926,-0.2653372403396,0.1813750712534,-0.1412914106414,-0.1174635245016,-0.2088325898206,0.2069786912788,0.2790548360404
0.3524030605744,0.2760763199299,0.5312681791118,0.1399110178076,0.0737550847340,-0.2037869935804,0.0697226316416,0.3714167526246,-0.0854092776854,0.0979866656370,-0.0756157392593,-0.1938466837929,0.0468405610815,-0.0648805504216,-0.0440575173274,-0.1514975937836,0.7092470216459,0.4299946523521,-0.0443382854397,0.1885411243380,0.2310578527688,1.0000000000000,0.3279947882310,0.8827806576510,0.4769276623203,-0.0709802382061,0.3835531162029,0.3953903146702,0.6986380462159,0.1813061950300,0.6976770561359,0.0568141172600,-0.0800697179833,0.2891659897360,0.2252618214570,0.1373566025390,0.2921611084880,0.0432101266681,0.1343608055488,0.0719973163683,-0.1586445322546,-0.1446741904675,0.2461809618990,-0.2176027668556,0.0922056432809,-0.2271500826487,-0.1658321617815,0.0663022966128,-0.2654432585307,-0.2927806407053,-0.1101300738829,0.6478555618004,0.2262559573170,-0.2015184543701,-0.1143688211786,0.1266683025202,0.4308053202265,0.4077908972918,0.4690517532959,0.4212724556593,-0.1714781404114,-0.0226226269738,0.1262160781204,0.4379473060119,-0.1356517377611,0.4767048193250,0.0778794132544,-0.0217748929026,-0.0997462360846,-0.0034412610248
0.4039026104926,0.3823435838159,0.1351139513130,0.7305875067887,0.3739659551513,-0.2866848169781,0.3415253758034,0.2705973473990,0.0245507662397,0.3843921796190,0.1511049990924,-0.1419979323711,0.4009022005862,0.0806520387817,-0.0782812541234,-0.0265458202432,0.3206247968764,0.5555392802119,-0.2267571972186,0.2571348997647,0.4869504660915,0.3279947882310,1.0000000000000,0.2857005154837,0.6002039974849,0.0833992151138,-0.1340984020395,-0.0660101382385,0.3735117453255,0.1189586697598,0.5161609978183,0.1510752660202,-0.1270784039798,0.1539251010820,0.3864184197730,0.4540423611623,0.5414803780949,-0.2040008499241,0.5703536769344,0.3885270623660,-0.0122414737433,0.1238713883425,0.2141795511872,-0.2413445343418,0.3903298522054,-0.0368718027438,-0.1585397076009,0.3830315260477,-0.3031838974107,-0.2584593754045,0.0310233896286,0.2856445793962,0.4268390195313,-0.3298976953599,0.2682674002282,0.3242922380245,-0.1631289118565,0.8256048010376,-0.0787222479853,0.6342482485711,0.1406097834515,-0.3275850946114,-0.3105608592422,-0.0343433950259,0.0771744276795,0.1763935556301,0.0116618169555,-0.0620017466382,0.1606780179544,0.2953200125192
0.3748500255800,0.2973295005311,0.6700629405741,0.1508371059340,0.0566493862456,-0.2525554499908,0.0449793899708,0.3952530147254,-0.0632393755354,0.0695847287237,-0.0660441090872,-0.2231237816765,0.0231077677808,-0.0479899879646,0.0231238527972,-0.1583530807090,0.7228855157702,0.4561376185737,-0.0190839396283,0.2372937876275,0.2150036716250,0.8827806576510,0.2857005154837,1.0000000000000,0.4271734174039,0.0439315207739,0.4670286684174,0.5536983266912,0.6228254239333,0.1784373098702,0.6594422420584,-0.0578643357086,-0.0861698999839,0.3075889620660,0.3078970368672,0.1055388786021,0.3209232923894,0.1215458816124,0.1644493552100,-0.0205361172774,-0.1628951609796,-0.2159610452566,0.2451272091773,-0.1987609514685,0.0025569688284,-0.3063266291070,-0.2125115241491,-0.0159359969856,-0.3413819029997,-0.3872307579707,-0.1197159509097,0.6414990659883,0.2106612964110,-0.2779072774933,-0.1562296094753,0.0506143355609,0.3225733502657,0.3812211117358,0.4019339611663,0.3209245757594,-0.1122660511595,0.0267951033907,0.2195195042873,0.3362724160044,-0.2364559592894,0.3961466106321,0.1300360645209,-0.0416573278235,-0.1409241227581,-0.0497174823049
0.2991814295333,0.2548545100610,0.4184705374552,0.4809306539600,0.2678184325297,-0.2431051918671,0.1783794524866,0.3948024076498,-0.1005653619514,0.5067438241654,0.0230997461304,-0.3170948377559,0.2448615700470,0.0879119416089,-0.0069065882878,0.1022685700634,0.4128189256257,0.4058331686356,-0.1724995480751,0.2005844714665,0.4162599006684,0.4769276623203,0.6002039974849,0.4271734174039,1.0000000000000,0.1455684989622,0.1082168841551,0.1751412013256,0.6182851571038,0.0107033346857,0.4359131528962,0.1363396776008,0.0105166151449,0.1333257914306,0.1806117472662,0.0856334501309,0.4294216514446,-0.0794003426173,0.4547964768031,0.3145631787322,0.0283078676727,0.0035409018540,0.5027671856049,-0.2426957502554,0.5257633908741,-0.2195854408960,-0.2651392706036,0.3623829515305,-0.2604519745505,-0.1335383922192,0.1538483760213,0.3184793341418,0.2380604373904,-0.3176707905359,0.0269981119485,0.2898759914435,-0.0490549187323,0.4783388956208,-0.0519633952201,0.8661875509304,0.1117293852448,-0.1690340922606,-0.1397500485606,0.1871585985107,-0.1638744416757,0.1151162957790,0.0463741996546,0.0104492164702,-0.0742658704161,0.0364783323112
0.1223657378421,0.3460849842611,0.2276044200559,0.2979838260946,0.1796749160349,-0.1284489015418,-0.0466763128063,0.2618664654461,-0.0613899793046,0.2563563668954,-0.0348135984269,0.0783250303912,0.0277545861393,0.4949547191962,0.0935587420817,0.1201410615491,-0.0536277161433,0.1797066779074,0.3668904867666,0.3884349905731,0.0554329425007,-0.0709802382061,0.0833992151138,0.0439315207739,0.1455684989622,1.0000000000000,0.1754687845060,0.3132623004117,-0.0286712346192,-0.0074742839990,0.0565853989555,-0.0634507349664,-0.1861466471153,0.2475904726236,0.2576356871425,0.0115402691655,0.1877426316295,0.1085724983450,0.4478061066846,0.1750576150698,-0.2271998425919,-0.0666953530605,0.0027108076297,-0.2156130693898,0.2432441560266,-0.0513508242334,-0.0311674189734,-0.0089389847850,0.1032963942883,-0.1064443055279,-0.0704259884000,-0.1257542982937,0.0559398515346,0.2118439244974,0.2581886394685,0.0189329562288,-0.1455230406041,-0.0256672065733,-0.1227888574991,0.1273195152116,0.8009187033245,0.0546085294606,0.2062448036520,-0.0428433693145,-0.0111313472694,-0.2593888509752,0.2208477787750,-0.2863227884905,0.1245624961717,0.2437875674786
-0.0011276854790,0.4062127794248,0.5435467643939,-0.1836727152634,0.1318958987076,0.0080835941512,-0.0941520671030,0.4189834369152,-0.0436665356583,-0.1876865839184,-0.0639073425478,0.1504966889711,-0.0873531253382,-0.0292543209900,0.1574167876854,-0.0085919053397,0.1617501320960,0.2428634835134,0.3387695857477,0.2691230944661,-0.1205237436532,0.3835531162029,-0.1340984020395,0.4670286684174,0.1082168841551,0.1754687845060,1.0000000000000,0.5676052226677,0.3108049449669,0.0759003650176,0.4315523359627,-0.0107140935660,0.0230453280690,0.2149889637124,0.1246506482708,-0.1079179452360,0.1899768275074,0.0354839399526,-0.1607070682175,0.0658614148950,-0.1874555863719,-0.1971043477888,0.3346151122502,-0.0401451678223,-0.1976377089842,-0.1005412870659,-0.0320569649578,-0.1078288191867,-0.1989478628614,-0.2471234626152,-0.1652487361079,0.1507441168511,0.1675799240465,-0.0250544206660,-0.1581713624238,-0.1787892834294,0.0574287600311,0.0003932930768,0.1157368128820,0.0420184321213,-0.0557000704149,0.4916526127248,0.2620127212991,0.2282826835405,-0.2315507664913,0.2617105147132,0.4489583870882,-0.1142357157745,-0.0848181028713,-0.1599574386945
-0.1873182986967,0.2502020782282,0.8232695420880,-0.2061495989693,-0.1214951622880,0.1407915235060,-0.2415720557192,0.2100065733425,-0.0716249419185,-0.0600189521266,-0.2145937742641,-0.0203335611267,-0.2988241070165,0.0043515674530,0.1143362593702,0.0367012727725,0.3889361677815,-0.0363270041164,0.2828712458413,0.1223025218701,-0.2631037957573,0.3953903146702,-0.0660101382385,0.5536983266912,0.1751412013256,0.3132623004117,0.5676052226677,1.0000000000000,0.3017719927948,-0.0677696004733,0.1470206382583,-0.1027599494442,0.2087047029988,0.0026031612676,-0.1284067409596,-0.3107103790549,0.0974557290662,0.4368600913228,-0.0994703066023,-0.1240092393991,-0.1170000516781,-0.3278412877860,0.2107767510931,-0.1201619544243,-0.0559305663613,-0.3705562638195,-0.1403422226297,-0.3020732775124,-0.0537568796938,-0.1462837645109,-0.0470115164094,0.3153339833847,-0.0662970820800,0.0405313709820,-0.1349497521557,-0.2517653272431,0.3608604406599,-0.0788029583751,0.3114219458560,0.1263616027569,0.1187907638251,0.2851928740446,0.6544784202941,0.3686327862862,-0.3560905333079,0.1549933810317,0.3411302995685,0.0582528869643,-0.3181554906668,-0.2689758946808
0.1693215680982,0.3811649096325,0.3693199890534,0.1141692060564,0.2288533157699,-0.0504814209430,-0.0622892753200,0.3833127067970,-0.2221177537274,-0.0069918331532,-0.1214930095474,-0.1063052925570,0.0365495167331,-0.1133592633230,-0.1054612990738,-0.0737733570071,0.4343302785291,0.3879348665094,-0.0266578568142,0.1693474090618,0.1178066456084,0.6986380462159,0.3735117453255,0.6228254239333,0.6182851571038,-0.0286712346192,0.3108049449669,0.3017719927948,1.0000000000000,0.0541293030103,0.6515539284169,0.2024057418082,0.0971732053444,0.1848231064514,0.1684557452428,0.0623571666077,0.3451873410375,0.0080884945269,0.0943082521890,0.2655719667889,0.0014901325417,-0.1703708540859,0.5426375131702,-0.3062392735211,0.0400920525627,-0.3132195885925,-0.0529019946846,0.0695777438501,-0.1678419033597,-0.2869480147745,-0.0415130447871,0.3860485326719,0.3477434428423,-0.0152868442035,-0.0003640788767,0.0411431198995,0.3131903139407,0.3332357635853,0.3062459271809,0.5065103893973,-0.0600324467567,0.0806070743519,0.1271017266751,0.5796164614380,-0.2004856744929,0.4589328661133,0.0958810674240,0.1658764487254,-0.1038786223142,0.0589765403501
0.5604383698793,-0.2928162350911,-0.0050380426764,0.3072677881090,0.4846538432288,-0.0536029891864,0.4749097313620,0.3116705988749,0.3627336835992,0.5051367403310,0.5912454501493,0.1433616073669,0.4314608728218,0.4098176138684,0.6684130780673,0.3789652791064,0.1244423194610,0.2644569973619,0.4342395790454,0.3145855867020,0.4498666000333,0.1813061950300,0.1189586697598,0.1784373098702,0.0107033346857,-0.0074742839990,0.0759003650176,-0.0677696004733,0.0541293030103,1.0000000000000,0.3294730596829,0.2465225556918,-0.0787373363926,0.6637334980074,0.4753302945905,0.3290380331974,-0.1527216104270,-0.2351276028136,0.2230848130884,0.1483245574860,0.0989325707438,0.1148608093118,-0.2747326006715,0.2713035138973,0.3107213102854,0.3337493903938,0.2981774724367,0.3408706250253,-0.1801974519332,0.2246634685495,0.3965545220757,0.0950610907382,-0.1096995917687,-0.0665353471492,-0.2141944275838,0.3164605162691,-0.3135447489017,0.1330627734195,-0.2318728559693,-0.0525077596019,-0.1932000400760,-0.2100100258299,-0.2697471057256,-0.3026371180210,0.3808103003078,-0.1815066147464,-0.0167080733689,0.0901943352997,0.1991847713498,0.1645265095650
0.5282705002462,0.4649352384272,0.3227056191197,0.4265891092738,0.4628469261278,-0.2202753581808,0.2738382335156,0.6913530124013,0.0288906594475,0.1550565932009,0.1445049134044,0.0139855286383,0.3553340907938,0.0464117470220,0.0750195741352,-0.0629757531496,0.3774261970026,0.7082877541697,0.0251127222012,0.4719723727789,0.4462103421943,0.6976770561359,0.5161609978183,0.6594422420584,0.4359131528962,0.0565853989555,0.4315523359627,0.1470206382583,0.6515539284169,0.3294730596829,1.0000000000000,0.1041390921590,-0.1443522569618,0.5302838973384,0.5393441626961,0.4454602643035,0.3593802656921,-0.1696522660175,0.2786660908586,0.3840032129153,-0.1730004717817,0.0007879774111,0.2652857865383,-0.2711616974734,0.1187581071543,-0.0008213264298,-0.0741245454350,0.2851050841341,-0.3567950511399,-0.3991108204017,-0.1638594770235,0.3535195560265,0.4310951710365,-0.2479819752114,0.0307612938658,0.2722865897503,0.0021493815508,0.5463349689483,0.1347608207534,0.3469074797192,-0.0554881285985,-0.0612548781945,-0.1159552925180,0.1661777643361,0.0616953605464,0.3883292342490,0.1192539954063,-0.1329155378586,0.2205967259820,0.2737717296725
-0.0267087677555,-0.0813158415755,-0.0962704773026,0.1387281503976,0.2294359367154,0.1556450533611,-0.0639098504353,0.0717300562383,-0.1386887516605,0.1009251690084,0.0055210517769,0.4213791818323,0.0557058700076,0.3387607505392,0.0737343732494,0.0743726096189,-0.1474703706871,0.2522247280684,0.2799188391891,0.2917433630559,0.0360316647476,0.0568141172600,0.1510752660202,-0.0578643357086,0.1363396776008,-0.0634507349664,-0.0107140935660,-0.1027599494442,0.2024057418082,0.2465225556918,0.1041390921590,1.0000000000000,0.1504587236413,0.1949152620289,0.1580596505803,0.0366216238285,-0.0219912469458,-0.4130242666822,-0.0381465963718,0.2005625115784,0.3102388773646,0.0446242287934,-0.0488066995422,-0.0280230143779,0.1542918766775,0.0382582882168,0.5013103611774,0.0959930394738,0.4527374640940,0.1213124023920,0.2254404466324,-0.0726644192825,0.1178591376533,0.2748684317818,0.2351847985209,0.0211918842457,-0.0158430934705,0.0249314280910,-0.0205778164633,0.0324369157553,0.0114533868078,0.0097697428854,-0.2378461616129,-0.0385539730543,0.2321956066737,-0.0166416015510,-0.1376007237090,0.3353209666969,0.2568901584602,0.3248595409089
-0.4347560979676,-0.1284712435753,0.0816636438546,-0.2933084923683,-0.1924377238081,0.7057550738548,-0.0516829128122,-0.1230688054645,0.1662031302095,-0.1319603799664,-0.0256633731499,0.0908991114508,-0.1684844227464,-0.1187217881832,0.1601795219452,0.3637140135886,-0.0831725234477,-0.3696860134910,0.0484682502484,-0.2968335973919,-0.2397856709234,-0.0800697179833,-0.1270784039798,-0.0861698999839,0.0105166151449,-0.1861466471153,0.0230453280690,0.2087047029988,0.0971732053444,-0.0787373363926,-0.1443522569618,0.1504587236413,1.0000000000000,-0.2052289132375,-0.2870847041635,-0.2817683725939,-0.1319907245443,0.1532098765529,-0.3431413669763,-0.1161061484480,0.3328313733608,0.0392092494509,0.0357536293299,0.0911706555267,-0.0974329725829,-0.2770680668450,0.2098848707100,-0.1003316460123,0.2254131680049,0.2171650589204,0.3300751712449,-0.1241766845988,-0.0891945837113,0.1647226749999,-0.2014560783741,-0.2315354148615,0.1492654373824,-0.2707525543834,0.0024211994130,0.0391037660872,-0.1761914823251,0.0147197719278,0.2384593601002,0.1569378911668,-0.2069092807185,0.0145960654640,-0.0555287677559,0.5115815571363,-0.3823080730020,-0.1952162345591
0.5327132215381,0.0481738542041,0.0872640237919,0.3607669771438,0.5783153151175,-0.2126979381687,0.3014063958679,0.4424304291194,0.1763865546107,0.3702617652974,0.3390404469269,0.2619777669379,0.3940682619266,0.4833992375133,0.3762454516670,0.2290378882677,0.0314455940587,0.4714030302014,0.4323003236630,0.5044892620815,0.3765598404889,0.2891659897360,0.1539251010820,0.3075889620660,0.1333257914306,0.2475904726236,0.2149889637124,0.0026031612676,0.1848231064514,0.6637334980074,0.5302838973384,0.1949152620289,-0.2052289132375,1.0000000000000,0.7472139141505,0.3607496466765,-0.0460254063897,-0.2280495730434,0.2833088055477,0.3563068776224,-0.0019732823476,0.0166829147341,-0.0784852118698,0.0045417843758,0.3399343958371,0.2070342520857,0.2878334383403,0.2980134164693,-0.0723001943631,-0.1442310939933,0.1966348368026,-0.0080114514303,0.0026814582836,-0.0131363084752,-0.1258553831386,0.2285564618837,-0.3042351623543,0.1983089348494,-0.1977024231090,0.0560979724420,0.0484580760212,-0.1956273292641,-0.1695061130072,-0.2528259177601,0.3856132120192,-0.0771802631007,-0.0856600870314,-0.0918415454260,0.5293343869864,0.5045829891228
