1.0000000000000,0.3042932245144,-0.0671367616055,0.4503428475642,0.3983629004830,-0.2794510687370,-0.0780814086976,0.3459331979915,0.0758245827189,0.1619810326233,0.3772096539004,0.0259844905647,0.4484033646920,0.4633454137886,0.4119156790295,-0.0991663045810,0.2144557963853,0.3732694413325,0.1711820063505,0.2556331983802,0.6572213590569,0.1827613010593,0.1809950904950,0.3263768549823,0.3330627702263,0.3556653635930,0.0153627975014,-0.1351239985427,0.4346359646284,0.7088805246572,0.4280076062694,-0.0642123847269,-0.3595911556731,0.2495064759121,0.5382296075695,0.6142625554361,-0.0769002372811,-0.2441444837023,-0.0957442264547,0.0599208883935,-0.2344204099537,-0.1924617708430,-0.0434082329766,-0.2333244476636,0.1545666092754,-0.0727808293657,0.3468529765474,0.4102321932360,0.0096783875379,0.1554612873382,-0.1568950461887,0.2740756480846,0.1773308232777,-0.1141281614298,-0.2372814442767,0.4486982371644,-0.0230523496475,0.3078453846211,0.1822827669513,0.1960825864199,0.1243978813708,-0.3220944857960,-0.2454649258172,-0.1999158189661,0.3460354663238,0.2365733618191,-0.0518290495278,-0.2197569858918,0.2252883883766,0.3802569574927
0.3042932245144,1.0000000000000,0.1835674258308,0.7258657705621,0.4451127320423,-0.3666973352494,-0.1250623204938,0.5790301314646,-0.0297897011874,0.3714763924605,0.1216515316396,0.0254199581039,0.3186831117597,0.3037597938175,0.2265294612650,0.0438021377411,0.0792705537683,0.3981018267542,0.0063218280916,0.3468757639031,0.4563070823803,0.3196408019402,0.6601090429345,0.4678149359380,0.5718434384875,0.6378618297746,0.2858083300925,0.0230914657990,0.6579464414394,0.2970899641620,0.6226975908476,0.2056275747563,-0.2138341278542,0.1941202682495,0.3803094081323,0.1170171370714,0.6660268364113,-0.2200099781954,0.4273961481828,0.3062058244289,-0.3354637845047,-0.3249188679031,0.2324855975116,-0.4448195281474,0.3734005058668,-0.3335328416585,0.1234634786912,0.3001493072375,-0.1672744806552,-0.2034843074285,-0.0353110184048,0.1458776608038,0.4618226139515,-0.3475608571360,-0.1781779033268,0.3898891570876,0.2663949300386,0.6035011968846,0.4715255180449,0.5025650025844,0.1876185034430,-0.1056554832897,-0.1129450939058,0.0998578680227,-0.0042016797803,0.4944057603099,0.0560384346137,0.0503004519019,0.0232290017371,0.3886088284523
-0.0671367616055,0.1835674258308,1.0000000000000,0.0682308529914,-0.0620253839532,0.2263547009354,0.1702420432627,0.3265875397430,0.3119560102030,0.0989147353739,0.1188245257638,0.2243541114111,0.0267535831540,0.1169116479025,0.1931907433580,0.1844832599388,0.1694678240892,0.1033939224958,0.3263312183670,0.0650380522428,-0.0163734523389,0.4421535377404,0.1285187917741,0.4859671535857,0.1106081962324,0.2851623729473,0.5164925490401,0.6190391388937,0.0769499631389,-0.0885796698211,0.1047032523174,-0.0648579700464,0.1167946850328,-0.1202675266028,0.0130356160205,-0.3461303248767,0.0037367098421,0.4002476086325,0.0653763198244,-0.0801601949391,0.0790596030698,0.0510073730829,-0.0837117748220,0.0470934085206,0.0206654084612,0.0052734218497,0.0370229187036,-0.0320558992063,0.0746786553289,-0.0992456928359,0.1006587831397,0.0920280410898,-0.0427055625966,-0.0482288795593,-0.1825544599868,-0.0503338540429,0.0468812249809,-0.0713976543760,0.0793579399188,0.0327532647478,0.0500061518934,0.0465821198541,0.4929696256741,0.0486099299989,-0.2384853139812,-0.2513876738390,-0.1121321020383,0.0169025310538,-0.1286318447884,-0.1135200277532
0.4503428475642,0.7258657705621,0.0682308529914,1.0000000000000,0.6243142869665,-0.4250135686635,-0.0637006313674,0.5332906198073,-0.0072641296293,0.5082808852679,0.2459141346246,-0.0911904914274,0.4419377958081,0.4792878140552,0.2969991870622,0.0536873758806,0.0069205980956,0.4798026096132,-0.0696517746964,0.4302272035165,0.5692249103075,0.1740626708092,0.6329454426920,0.4399106762395,0.5824174133526,0.6944292370828,0.0600984565526,-0.0826897620562,0.5263787245301,0.3645510762625,0.6061205973172,0.0857927622982,-0.1336428417773,0.3391561829235,0.4729667103411,0.2550568788620,0.5392178503658,-0.2814638600262,0.5542549493035,0.3670869430632,-0.2119157895094,-0.2106446828363,0.2296911781081,-0.4292140415012,0.5502895947934,-0.2944624240588,0.2863393431186,0.3592697267681,-0.0619745308392,-0.0443121443706,0.0468556395587,0.0607803916604,0.5141627891155,-0.2107961536320,-0.2015228039482,0.4448908931857,0.0985621584350,0.6238701261774,0.3391751132885,0.4885629545529,0.2833698498727,-0.3099558764746,-0.1969342134675,-0.1982723423064,0.0038077246915,0.4268301633901,-0.0635668941639,0.0964140849026,0.0543187018889,0.4817554366738
0.3983629004830,0.4451127320423,-0.0620253839532,0.6243142869665,1.0000000000000,-0.4613046121762,-0.1493080373427,0.4486075909699,-0.1634356978609,0.5028271250191,0.3426855416369,-0.0409751720975,0.5178489389721,0.4579624306012,0.1895198135730,-0.0515990312601,-0.1247088476457,0.3979373122520,0.0329310356997,0.3715752637590,0.7267671584279,0.0522429542133,0.3975021548499,0.2318714748421,0.4964612898980,0.4197417278291,-0.0219696340241,-0.1031035521605,0.4064983035976,0.3278696419816,0.3644185527479,0.1668203255880,-0.2733072899875,0.5331436807268,0.4783659076660,0.3831877418043,0.3200582022694,-0.2882550882698,0.2612717328947,0.7711280806607,-0.1296321173848,-0.2555210508362,0.2682468244721,-0.4257046387929,0.5291646707554,0.0036378281464,0.2193250329441,0.5138294045806,-0.0195575695972,0.0602489527742,-0.0474666446621,-0.0318882940603,0.2841386577063,-0.1175955374748,-0.0617352903668,0.7232935391407,0.0869234611605,0.3974021905761,0.1764802636459,0.4114495053706,0.2473533517458,-0.3124351004179,-0.1929331635261,-0.0528595564606,0.0716749297025,0.2182380267396,0.0088814101370,-0.0375712741570,0.3128514788144,0.4314977441514
-0.2794510687370,-0.3666973352494,0.2263547009354,-0.4250135686635,-0.4613046121762,1.0000000000000,0.6013272388474,-0.3732602719201,0.6932679923265,-0.3986411287141,0.2753910244568,0.2188691699852,-0.3271654209019,-0.0705047969637,-0.0205726957943,0.2004778884014,0.1140205464023,-0.4718475585766,0.0192672331793,-0.3899524867091,-0.5612617743328,-0.1502847322131,-0.4851257776612,-0.1317910285070,-0.4898769927785,-0.1887777448983,0.2918605012572,0.4988742454214,-0.4645329858117,-0.3015261076661,-0.4506054119458,-0.0992456581031,0.5272327895899,-0.1918049047981,-0.2409009371179,-0.2338280869984,-0.4356218237998,0.4468787285079,-0.3086436805522,-0.4474553477199,0.5664261131981,0.6311090898825,-0.4856286984985,0.7300634827108,-0.4262244004973,0.4958777791676,0.0338649520123,-0.3953822604139,0.1502923684589,0.1266975793468,0.3037360101436,-0.0647654914848,-0.5162808071848,0.0746928609394,-0.1577483796441,-0.5403629982073,-0.3779899908681,-0.5939243127603,-0.4337230431614,-0.4699920647870,-0.1501911634838,0.1804813798692,0.4811809965148,-0.2253701205083,-0.2588706226052,-0.5126161385767,-0.2336051496442,-0.0939771323823,-0.2066818799021,-0.3006554997668
-0.0780814086976,-0.1250623204938,0.1702420432627,-0.0637006313674,-0.1493080373427,0.6013272388474,1.0000000000000,-0.2172429360246,0.7785520919755,-0.1524464525941,0.5567483409445,0.2300224373490,0.3424102288221,0.3101096615364,0.2907466889898,0.6018824609971,0.0037413235452,-0.3256226833608,-0.0707177595394,-0.3085309786686,-0.1570660921632,-0.1574110103102,-0.2695189334588,0.0075008994997,-0.3852475079857,0.0455093803811,0.2156542981726,0.4088627827596,-0.2574521413011,0.0871902966548,-0.2408966925437,-0.2559006027195,0.5332425172858,-0.1135331520260,-0.0331402136834,-0.3007635201127,-0.2747408969499,0.2792604368951,-0.2064636399129,-0.3275787804166,0.6323172308911,0.7664831720542,-0.5615860235078,0.5960274193350,-0.1773628619602,0.5343131898335,0.3597481665065,0.2210858242578,0.2879565915059,0.1679416275559,0.6910395655526,-0.1136684753618,-0.3441176301938,0.0413354504242,-0.4348534445000,-0.2899901371077,-0.5012172394967,-0.4066525883803,-0.4038230265763,-0.4152217217887,-0.2573462224316,-0.1001122909276,0.3533569122983,-0.4506313717920,-0.0022688036818,-0.4004053419864,-0.3553407008824,0.2723877536407,-0.2122574940147,-0.0655106025651
0.3459331979915,0.5790301314646,0.3265875397430,0.5332906198073,0.4486075909699,-0.3732602719201,-0.2172429360246,1.0000000000000,-0.0250809194754,0.5340390287099,0.1776048865002,0.0451653533494,0.3019612094340,0.3141417685568,0.3988245197906,0.0259459513279,0.1681644836273,0.4920487611659,0.2013910178323,0.4513996087533,0.4949551403165,0.4276519333696,0.5429632746379,0.4007398662726,0.7314561204770,0.6083883259312,0.3555876680630,0.0426984331133,0.6513867355994,0.2991745095821,0.6776274295890,0.2260298340052,-0.2842918504027,0.2182869371263,0.2772998525892,0.1050770024240,0.3894995507798,-0.1929479673347,0.3094599253796,0.3981626337073,-0.3360148135144,-0.4425603104126,0.4158827671667,-0.5376025435487,0.4870409736637,-0.3615319665716,0.0553902149983,0.2167064855613,-0.0482024059862,-0.0304162917519,-0.1818181528375,0.2383395606878,0.2702260464629,-0.2386955006333,-0.1676854650854,0.4711727584138,0.1844951480621,0.4454767663481,0.2809918977868,0.5846488451586,0.2599989709815,-0.1114023456105,-0.0751165675996,0.1991534314936,-0.0771716625740,0.2675749591689,0.0646677492206,-0.0003892577490,-0.0076168704186,0.1281320032033
0.0758245827189,-0.0297897011874,0.3119560102030,-0.0072641296293,-0.1634356978609,0.6932679923265,0.7785520919755,-0.0250809194754,1.0000000000000,-0.1575367717816,0.5725190699130,0.2758058964943,0.1490824273108,0.3784221224172,0.4070770672412,0.4575405647621,0.1567874660151,-0.2358696559305,0.0469503542567,-0.2343229218914,-0.1362549122617,-0.0386854020022,-0.2122526202423,0.1600958173635,-0.2413962114522,0.1893875173318,0.4034004648574,0.5454694102173,-0.1320350225870,0.1131299477568,-0.0948625193631,-0.1938461839866,0.4394204553031,-0.0449930391782,0.0207969416929,-0.2124177258714,-0.3174691200621,0.3767628024876,-0.2424602525930,-0.3878632397498,0.4877727804065,0.6470650972155,-0.5113228149134,0.5717813057836,-0.1716856721493,0.4164196710931,0.3574361713424,0.0219560246624,0.2734273466597,0.1557967117674,0.4863845539243,-0.0044798333537,-0.3313622613074,-0.0115800803379,-0.4942377435785,-0.2620192428108,-0.4906895400502,-0.3920436712601,-0.3536420530473,-0.3226238332384,-0.1851298358149,-0.0759752593093,0.4641545957548,-0.4137120965755,-0.1503022912678,-0.3692221713815,-0.3221753677302,0.0456399625955,-0.2184819587379,-0.0963991392205
0.1619810326233,0.3714763924605,0.0989147353739,0.5082808852679,0.5028271250191,-0.3986411287141,-0.1524464525941,0.5340390287099,-0.1575367717816,1.0000000000000,0.1138466299990,-0.0976371642516,0.4115804866879,0.3325636718433,0.3002597249211,0.2008715122519,-0.0185032890113,0.3345761398777,-0.0137150215927,0.2686452906877,0.5105018518237,-0.0068145400600,0.5111394739464,0.0844024828195,0.7115130157877,0.5676494094133,0.0287107252696,-0.1366380369750,0.3164664102420,0.1667144037911,0.3484981821720,0.4177411412883,-0.0544911224941,0.0486446360834,0.1389345030663,-0.0259917032984,0.2910378941246,-0.3276032413357,0.3259358712179,0.4276885630240,-0.2178019886890,-0.2794133499089,0.2507704803852,-0.4493744926535,0.8259965443672,-0.3221870707514,0.0194479342442,0.3351366806852,0.0995608987946,0.0364273410952,0.0775086592922,0.0131557565012,0.1134191635170,-0.3472964253465,-0.1703791896192,0.5279966824666,0.0066839645884,0.3857858459644,0.0845067702821,0.5548183731448,0.1816094084694,-0.3052476721786,-0.2315516382706,-0.1007120395377,-0.0174620790140,0.2147720900171,0.2166003816932,0.2465278325489,-0.1257570102307,0.0826445812192
0.3772096539004,0.1216515316396,0.1188245257638,0.2459141346246,0.3426855416369,0.2753910244568,0.5567483409445,0.1776048865002,0.5725190699130,0.1138466299990,1.0000000000000,0.0818712629471,0.4928236492328,0.5060077984341,0.3995685250261,0.3208590584601,0.1688546098400,0.0070070511710,-0.0689130422183,-0.0206903368851,0.3537293220785,0.0357457219143,-0.0078688186337,0.2063317915852,0.0468350030389,0.2240040607845,0.2304914377075,0.2114992786181,0.1437040218888,0.2867868142486,0.1421027850378,-0.1041070068880,0.2232220250705,0.2129201778815,0.2870385613460,0.1579284855008,-0.1488540468769,0.0259971796697,-0.1567478364793,0.0359772612565,0.3466917439396,0.4597587026633,-0.3425456526601,0.2937900561550,0.0887831677271,0.5047662400252,0.3425445029298,0.3540276839645,0.1127581959537,0.0735233728858,0.3775562975672,0.0897097117730,-0.1085990945559,-0.1869011511095,-0.4765460779617,0.2004110474802,-0.3431755094503,-0.0936178702067,-0.1842868929514,-0.0610177971066,-0.2155441605115,-0.2664583317385,0.0950424696313,-0.4549669389388,-0.0165560981038,-0.1552282948302,-0.3234499775756,-0.0494778992159,-0.0848382615332,0.1213286524521
0.0259844905647,0.0254199581039,0.2243541114111,-0.0911904914274,-0.0409751720975,0.2188691699852,0.2300224373490,0.0451653533494,0.2758058964943,-0.0976371642516,0.0818712629471,1.0000000000000,0.1671127142737,0.3426171054385,0.2740163840779,0.1794585667793,-0.2027799815180,-0.1346393011477,0.5574118438638,0.0919220667045,0.0448794364743,0.0116581445587,-0.2393115283290,-0.0225541755483,-0.2247342498341,0.1721203073970,0.3267242817912,0.4663352886313,-0.2378767242052,0.1809513377461,-0.2564256521934,-0.1530266813726,-0.1358127059447,-0.0348295864234,0.0589070433796,-0.0423540329885,-0.1604668329281,0.2646096088262,-0.0191344400709,-0.0052695429693,0.0455747444805,0.0118327292859,-0.2230752778806,0.0891931721561,-0.2210270109161,0.2211745352396,0.4768705569020,0.2425929131287,0.5984282643982,0.2817733109229,0.0074718644547,-0.2247098522872,-0.3720086253878,0.3552588079387,0.0887232123756,0.0508729307891,-0.0950899540783,-0.3645098140284,-0.2466146556407,-0.3345414148059,0.2800477423724,0.1219144893248,0.3908031224721,0.2051043588437,0.2320842494679,-0.4200217600251,-0.0341610069789,-0.0970861448473,0.1806434009843,0.0228454385634
0.4484033646920,0.3186831117597,0.0267535831540,0.4419377958081,0.5178489389721,-0.3271654209019,0.3424102288221,0.3019612094340,0.1490824273108,0.4115804866879,0.4928236492328,0.1671127142737,1.0000000000000,0.6111965568030,0.4729185856914,0.5210519251736,-0.1062560642335,0.1360851701628,0.0904770765101,0.0575455944462,0.7438028656832,0.0241725722305,0.2564110303579,0.2269126215145,0.2438664973344,0.3843559546200,0.0087880157682,-0.0152321290179,0.2991251643820,0.5925633019077,0.2476305187283,-0.0573236989136,-0.0405530687888,0.1041825094673,0.3632348765413,0.0369938678864,0.0791250948627,-0.1549011064175,-0.0022963399155,0.2657672144186,0.0401257902821,0.0696083331539,-0.0821080455860,-0.1516743097276,0.4085615373657,0.0840899835435,0.5286070053896,0.9044155697447,0.3022255356706,0.1518620136099,0.4434921726579,-0.0670518405702,0.0847740632754,-0.0578601860762,-0.4269749303391,0.5632198400339,-0.1937954562474,0.1683058865841,-0.0435584397601,0.1136877605084,-0.0436028201755,-0.3890129059997,-0.0986027326276,-0.2302321909905,0.3742283419329,0.0895659224826,-0.0977446075189,0.3370783758866,0.0355760598186,0.3620742098622
0.4633454137886,0.3037597938175,0.1169116479025,0.4792878140552,0.4579624306012,-0.0705047969637,0.3101096615364,0.3141417685568,0.3784221224172,0.3325636718433,0.5060077984341,0.3426171054385,0.6111965568030,1.0000000000000,0.4846440424422,0.3110820235340,-0.0107200464587,0.0134924518296,0.0955483021868,0.0082117665774,0.5229020769657,-0.0564834292674,0.1542758312507,0.2589185267514,0.2197240881532,0.5719757294466,0.1636010328190,0.2693123649171,0.1812002583131,0.4367733414473,0.1737018178042,-0.0581359958524,-0.0648777380666,0.2085408903897,0.2943286189345,0.0574247657022,-0.0901651806123,-0.0121661280977,-0.0961331254332,0.0178374534810,0.1345236374878,0.1968841601283,-0.2820196554930,-0.0293179890324,0.2470710917598,0.1459296734360,0.7820738094482,0.4808444708209,0.5772122067536,0.2014025340358,0.2665787885434,-0.0095774657767,-0.1553133519001,-0.0259852316427,-0.5802915460818,0.2892860422409,-0.2671025222454,0.0230318801845,-0.1187397006205,-0.0391932464740,-0.0000413672688,-0.4958875108906,0.1157108355998,-0.4258943580724,0.1352669740776,-0.0806151496022,-0.2016286961356,0.0389532431678,0.0475239513065,0.1941477519851
0.4119156790295,0.2265294612650,0.1931907433580,0.2969991870622,0.1895198135730,-0.0205726957943,0.2907466889898,0.3988245197906,0.4070770672412,0.3002597249211,0.3995685250261,0.2740163840779,0.4729185856914,0.4846440424422,1.0000000000000,0.4366999024752,-0.0342709324664,0.1911457100490,0.4319312700002,0.2551261621111,0.3171173758955,0.0266503587064,0.2163600221465,0.1338231502808,0.2190818333567,0.5785443198364,0.1390646105412,0.2302745870809,0.1256567875150,0.6144475666606,0.2091272048615,0.0419503198682,0.0393505543899,0.0918600372855,0.2353708603638,-0.0300588176530,-0.0846366830089,0.0044293097628,0.0648925175536,0.0058432772085,0.0105575449439,0.0083441571346,-0.1457453504353,-0.0751611771666,0.2313839553217,0.0071930926999,0.3625449327779,0.3721093207048,0.2432207046531,0.3544475654569,0.2674358559790,-0.0288655623698,-0.0456946999023,-0.0712634160732,-0.3386977751092,0.1608428365773,-0.2006738008782,0.0749016540121,-0.0999113156666,0.0544988174400,0.1498348655168,-0.2696544199893,0.0853609442985,-0.2388342908989,0.3461114916324,-0.0604744257534,-0.0038775829201,0.2400707182291,0.0577076648062,0.1299657785817
-0.0991663045810,0.0438021377411,0.1844832599388,0.0536873758806,-0.0515990312601,0.2004778884014,0.6018824609971,0.0259459513279,0.4575405647621,0.2008715122519,0.3208590584601,0.1794585667793,0.5210519251736,0.3110820235340,0.4366999024752,1.0000000000000,-0.0060565166573,-0.1780300837133,-0.0953386262769,-0.2285199606765,0.0645776794436,-0.0680366365216,0.0465608686507,0.0519852971552,-0.0411569547058,0.2355861445206,0.1238100859342,0.2541547883124,-0.0629922685626,0.2557829156244,-0.0267255130334,-0.0773058789402,0.4582123940593,-0.1110034878432,-0.0036929587033,-0.4033808432485,-0.1207522881255,0.1729511912745,-0.0256139995612,-0.1618729270010,0.3116167986895,0.3565156513809,-0.2669946977332,0.2770339442809,0.1587403882081,0.0943799546538,0.2993064884925,0.3527750573260,0.3049876165977,0.1349324810759,0.7519736095637,-0.0670658774683,-0.1657369682465,-0.1451073735633,-0.4453913393482,-0.0508355972992,-0.3181073244225,-0.1126671491869,-0.2333016644455,-0.0716952160526,-0.1792882355903,-0.1613625474807,0.2073654707068,-0.2485941538645,0.2329345393658,-0.1333429658519,-0.1564304913112,0.6093604290827,-0.2106009473053,-0.0182152128615
0.2144557963853,0.0792705537683,0.1694678240892,0.0069205980956,-0.1247088476457,0.1140205464023,0.0037413235452,0.1681644836273,0.1567874660151,-0.0185032890113,0.1688546098400,-0.2027799815180,-0.1062560642335,-0.0107200464587,-0.0342709324664,-0.0060565166573,1.0000000000000,0.1690499175016,-0.2847042335962,-0.0304199514837,0.0592166039080,0.4341040731669,0.0895076465414,0.4404302752049,0.3008499540149,0.0049177078849,0.3141721808723,-0.0088532538127,0.4232781244931,-0.0243957170144,0.3872364592088,-0.0776271111815,0.0983264886691,-0.0634076249759,0.1054503221227,0.1138945044976,-0.1288706860869,-0.0423366777490,-0.2162872521859,-0.2432305704615,-0.0193222770441,0.0365936692327,-0.1206447342523,0.0339691799460,-0.0801996559940,-0.1449788479183,-0.1402460127001,-0.2183427174704,-0.2322417868590,-0.2830975723515,-0.0688164652951,0.9068122320102,0.1003776851937,-0.4125549735433,-0.2578509512069,-0.0224326130608,0.1423973265659,0.1771587838343,0.3880242582682,0.3424314873392,-0.2961116160253,0.0628528964484,-0.0881608306656,-0.1079302326670,-0.2399646189795,0.2283404594403,-0.2481321373449,-0.1475315886840,-0.2470597628225,-0.0850899623342
0.3732694413325,0.3981018267542,0.1033939224958,0.4798026096132,0.3979373122520,-0.4718475585766,-0.3256226833608,0.4920487611659,-0.2358696559305,0.3345761398777,0.0070070511710,-0.1346393011477,0.1360851701628,0.0134924518296,0.1911457100490,-0.1780300837133,0.1690499175016,1.0000000000000,0.1779429468869,0.8679969470128,0.3937257412852,0.3489897407016,0.4196422536179,0.4786949627447,0.5013740991009,0.3234541570290,0.2925159579294,-0.2012382941957,0.4509928220038,0.3938345395164,0.6683414727470,0.0607936479372,-0.2183609526995,0.3065105809110,0.5849601726746,0.3070390011422,0.2640601918597,-0.3549614024250,0.3139898896122,0.3380855944614,-0.2900895586018,-0.3996061742763,0.2279502917277,-0.4704501184724,0.2566159158748,-0.3752203165566,-0.1561423347593,0.1090552243860,-0.3646970699890,-0.2110376128879,-0.2136858632909,0.2249029653671,0.5537994208808,-0.1620321242641,0.2719791662096,0.4019414099783,0.1667969794990,0.4558720729407,0.3744592905146,0.4702893688600,0.1013073213300,0.0503648905809,-0.2828616867803,0.0509077915406,0.0525702368985,0.4151215301029,0.1222300148010,0.0222530270203,0.1232592013362,0.4195342996728
0.1711820063505,0.0063218280916,0.3263312183670,-0.0696517746964,0.0329310356997,0.0192672331793,-0.0707177595394,0.2013910178323,0.0469503542567,-0.0137150215927,-0.0689130422183,0.5574118438638,0.0904770765101,0.0955483021868,0.4319312700002,-0.0953386262769,-0.2847042335962,0.1779429468869,1.0000000000000,0.3529104084637,0.0961285668336,-0.0030900136343,-0.1047680925329,-0.0426205125167,-0.0432056494089,0.2022393640202,0.2281950039013,0.2618966135706,-0.1517243079237,0.2740867293521,-0.1241206481269,0.0361049601326,-0.2812158929888,-0.0395229166139,0.1231233879126,0.0222801773324,-0.1338841258810,0.1528351613312,-0.0190343907388,0.0964924076658,-0.0442149344733,-0.2548889796991,0.0342550693218,-0.1350509676529,-0.0908318406521,0.0317032874217,0.2049202128451,0.2032049199157,0.1859157075567,0.3188113275011,-0.1768905049167,-0.2597421783378,-0.1564598640754,0.3825368636340,0.2202704598902,0.1383429488978,-0.0169742441977,-0.1902375751476,-0.1645513781369,-0.1665410922993,0.3584992917110,0.1119146039689,0.2016825765055,0.2103143442763,0.2228072328623,-0.3066474728864,0.2045949154424,-0.0732022329981,0.2272193446823,0.0751779740762
0.2556331983802,0.3468757639031,0.0650380522428,0.4302272035165,0.3715752637590,-0.3899524867091,-0.3085309786686,0.4513996087533,-0.2343229218914,0.2686452906877,-0.0206903368851,0.0919220667045,0.0575455944462,0.0082117665774,0.2551261621111,-0.2285199606765,-0.0304199514837,0.8679969470128,0.3529104084637,1.0000000000000,0.2937252694965,0.2616290157016,0.3298124672605,0.3323587970896,0.3673956715755,0.3351543571081,0.2489068042228,-0.1190455194747,0.2766122648213,0.3748289195583,0.4775305415393,0.0652774367207,-0.2582782543696,0.3607279366800,0.5143018111170,0.2987550863634,0.2786849039780,-0.3010835140099,0.3918773527532,0.3857361878335,-0.2821600748392,-0.4451709898304,0.2283387709807,-0.4753912121809,0.1576097000903,-0.3148031628092,-0.0932437466586,0.0748152171049,-0.2268413800472,-0.0991782082905,-0.2869201530512,0.0342510790792,0.4548722123098,0.0469795283441,0.4541868518623,0.3627420008179,0.1732091074078,0.3231910574737,0.2740526056516,0.3288986152240,0.2767114891641,0.1168280730927,-0.1787226105756,0.1602518262433,0.1045028012435,0.2596191893491,0.1665565353266,-0.0236246369237,0.2375930905440,0.4298627025427
0.6572213590569,0.4563070823803,-0.0163734523389,0.5692249103075,0.7267671584279,-0.5612617743328,-0.1570660921632,0.4949551403165,-0.1362549122617,0.5105018518237,0.3537293220785,0.0448794364743,0.7438028656832,0.5229020769657,0.3171173758955,0.0645776794436,0.0592166039080,0.3937257412852,0.0961285668336,0.2937252694965,1.0000000000000,0.1527697617749,0.3841969989527,0.3115730799528,0.5504033655898,0.4315888751525,-0.0004601332508,-0.2106317706187,0.5364777144747,0.5411302235259,0.4534688907710,0.1028768690324,-0.3355312361962,0.2614235907425,0.5128759312442,0.3615178798049,0.2064988859496,-0.2931997958475,0.0908575408069,0.4956958326345,-0.3110589673273,-0.3126205204949,0.1744735785309,-0.4525559355193,0.5168629049820,-0.1979198873543,0.3570740199655,0.7105790698453,0.0956999744774,0.0088959811283,-0.0293293987010,0.1422171970772,0.2926340665974,-0.1395737811616,-0.2392283743582,0.8867689451182,0.0378764240937,0.4149147319503,0.2070733804974,0.4218351923567,0.1467451252947,-0.3470018045881,-0.2942013572923,-0.0319160295205,0.2288109300935,0.2960447678328,0.0806311662703,0.0264611304080,0.1525846838990,0.4444977418830
0.1827613010593,0.3196408019402,0.4421535377404,0.1740626708092,0.0522429542133,-0.1502847322131,-0.1574110103102,0.4276519333696,-0.0386854020022,-0.0068145400600,0.0357457219143,0.0116581445587,0.0241725722305,-0.0564834292674,0.0266503587064,-0.0680366365216,0.4341040731669,0.3489897407016,-0.0030900136343,0.2616290157016,0.1527697617749,1.0000000000000,0.2757233098125,0.7781206519556,0.2669978081976,0.1270188202789,0.3366369135924,0.2381239697974,0.5205372735909,0.1440704872257,0.5610314667744,-0.0953566662661,-0.1560252117397,0.0742749612006,0.2815291864145,0.0315014032254,0.2345491506129,0.0575027582605,0.1691337638248,0.0851470200458,-0.2692401302222,-0.3136718373312,0.1064923106961,-0.2779411884238,-0.0058016637639,-0.2440831501081,-0.1662148470971,-0.0172586720521,-0.1884988704156,-0.3380450453846,-0.2416827257517,0.4309904806947,0.2375085328425,-0.2051295260186,0.0118084198186,0.1370767107655,0.5282216731816,0.2987559298126,0.5634485124729,0.3494378600622,0.0161509538694,0.1384529427480,0.2349685421528,0.4250170127933,-0.1123805673362,0.2878744488997,-0.1150724991243,-0.0886164335072,-0.0036063695593,0.1214209113787
0.1809950904950,0.6601090429345,0.1285187917741,0.6329454426920,0.3975021548499,-0.4851257776612,-0.2695189334588,0.5429632746379,-0.2122526202423,0.5111394739464,-0.0078688186337,-0.2393115283290,0.2564110303579,0.1542758312507,0.2163600221465,0.0465608686507,0.0895076465414,0.4196422536179,-0.1047680925329,0.3298124672605,0.3841969989527,0.2757233098125,1.0000000000000,0.3585383918414,0.6848843667823,0.4584691290371,0.0405483550597,-0.1630859760550,0.5409403473517,0.1629704862316,0.7004773014784,0.2419633786718,-0.0976651248558,0.0861758098521,0.1997956885987,-0.0099146298479,0.6120132446647,-0.2777375195208,0.4221505002522,0.3614961814229,-0.3315711361026,-0.3834369159123,0.3743352358890,-0.5088253800144,0.5468420693632,-0.4544670229922,-0.0491407348708,0.2095090673845,-0.2580333207154,-0.1901690756714,-0.0301380044786,0.1331633266105,0.5089531266256,-0.3448717977540,-0.1472281701505,0.3632222441852,0.3450875476401,0.8052899719982,0.4835430640279,0.7020434874116,0.0478549884607,-0.1224786617097,-0.2320935314439,0.0509187058145,-0.0645690297297,0.5376740148043,0.0534444221423,0.2119140474862,-0.1274446086222,0.2080250719821
0.3263768549823,0.4678149359380,0.4859671535857,0.4399106762395,0.2318714748421,-0.1317910285070,0.0075008994997,0.4007398662726,0.1600958173635,0.0844024828195,0.2063317915852,-0.0225541755483,0.2269126215145,0.2589185267514,0.1338231502808,0.0519852971552,0.4404302752049,0.4786949627447,-0.0426205125167,0.3323587970896,0.3115730799528,0.7781206519556,0.3585383918414,1.0000000000000,0.3083293699625,0.3354370623251,0.4219357689991,0.3391798418529,0.5233442400511,0.2861111675192,0.6226128577179,-0.2087751619812,-0.1024545363353,0.1624277478559,0.4855392542613,0.0265857435757,0.2211523882894,0.0967845223255,0.1637854721901,0.0356558211173,-0.1208090010220,-0.1081111129962,-0.0470175065301,-0.2001312134889,0.0757252710614,-0.1851915016399,0.1105804788459,0.1235551804175,-0.0974193261561,-0.3228823604159,-0.0252698376557,0.3744278383474,0.3545870107529,-0.2161154915100,-0.1945426957258,0.1683676285015,0.2787239091871,0.3216301805534,0.5257926195672,0.3032635961922,-0.0647959410780,-0.0208178075300,0.2474415830907,0.0411285059248,-0.1131162971926,0.3275561031041,-0.2486924935115,-0.0617900471202,-0.0306221557726,0.3192387582989
0.3330627702263,0.5718434384875,0.1106081962324,0.5824174133526,0.4964612898980,-0.4898769927785,-0.3852475079857,0.7314561204770,-0.2413962114522,0.7115130157877,0.0468350030389,-0.2247342498341,0.2438664973344,0.2197240881532,0.2190818333567,-0.0411569547058,0.3008499540149,0.5013740991009,-0.0432056494089,0.3673956715755,0.5504033655898,0.2669978081976,0.6848843667823,0.3083293699625,1.0000000000000,0.5293186793258,0.1489429100451,-0.2539889467499,0.7197973711244,0.1904777075925,0.6850283756614,0.4144398793756,-0.2225872018050,0.0746821756512,0.1948694185095,0.1559490025935,0.3715203858261,-0.3763238817875,0.2877534705407,0.4460060325220,-0.3621845471041,-0.4695817852657,0.4382487600915,-0.5580677826376,0.6642694995174,-0.5046638537559,-0.0983100575879,0.1846670371046,-0.2163193988780,-0.1215787632381,-0.1561684779196,0.3993463203614,0.3131456492088,-0.5172717431888,-0.1989673774815,0.5686852203137,0.3051335841533,0.6721774685616,0.4465412106494,0.8818201016246,0.1008114290636,-0.1879889600919,-0.3599635447777,0.1261278611082,-0.1127390228073,0.5000718891513,0.2464936638942,0.1100925551968,-0.1482568162508,0.0995369564604
0.3556653635930,0.6378618297746,0.2851623729473,0.6944292370828,0.4197417278291,-0.1887777448983,0.0455093803811,0.6083883259312,0.1893875173318,0.5676494094133,0.2240040607845,0.1721203073970,0.3843559546200,0.5719757294466,0.5785443198364,0.2355861445206,0.0049177078849,0.3234541570290,0.2022393640202,0.3351543571081,0.4315888751525,0.1270188202789,0.4584691290371,0.3354370623251,0.5293186793258,1.0000000000000,0.2944146952074,0.2608616554234,0.3603912221884,0.3768572661705,0.4199058544573,0.2201950927056,-0.1060205567927,0.1723318938056,0.3236108731878,0.0536646180044,0.3213499619807,-0.0814846052147,0.3886823071530,0.1835795419176,-0.1562011356040,-0.1674153850530,0.0462049746995,-0.2839610084871,0.5142651865786,-0.2468407282505,0.3299295001177,0.2844906050739,0.1880558885114,0.1792758345490,0.1143628565981,0.0140673746862,0.1756284937047,-0.2119352795075,-0.2962867068569,0.3266589261013,-0.0171396249770,0.3333797358880,0.1584212929043,0.3474163278140,0.4114428469336,-0.2599647810276,0.0923559760283,-0.1958437230451,0.0574670001789,0.1921926864324,0.0483523064928,0.1076996255479,0.0181307982565,0.3073153547196
0.0153627975014,0.2858083300925,0.5164925490401,0.0600984565526,-0.0219696340241,0.2918605012572,0.2156542981726,0.3555876680630,0.4034004648574,0.0287107252696,0.2304914377075,0.3267242817912,0.0087880157682,0.1636010328190,0.1390646105412,0.1238100859342,0.3141721808723,0.2925159579294,0.2281950039013,0.2489068042228,-0.0004601332508,0.3366369135924,0.0405483550597,0.4219357689991,0.1489429100451,0.2944146952074,1.0000000000000,0.5173094371787,0.1541586423197,0.0787963601230,0.2663479621356,-0.0349483913825,0.0893845499929,0.0227535939994,0.2661128742000,-0.1215273449372,0.0069744193542,0.2429400174846,-0.0081156765676,-0.0296251020338,0.1371319181340,0.1434008149574,-0.1813549202783,0.1349568793267,-0.0641907436039,0.0809917631857,0.0499338374084,-0.0379570872338,0.0050329373780,-0.1036952798940,0.0881019118117,0.2261756774610,-0.0921772106118,-0.1375313541952,-0.0735568464481,0.0220562180769,-0.1733191777736,-0.1391459870561,-0.0493518326263,0.0890662218045,-0.0131979095634,0.3850816801356,0.3894519256493,-0.0150363548185,-0.2151844606201,-0.0926432446486,-0.1531400298406,-0.0922360621881,-0.1271920643589,0.0423955452741
-0.1351239985427,0.0230914657990,0.6190391388937,-0.0826897620562,-0.1031035521605,0.4988742454214,0.4088627827596,0.0426984331133,0.5454694102173,-0.1366380369750,0.2114992786181,0.4663352886313,-0.0152321290179,0.2693123649171,0.2302745870809,0.2541547883124,-0.0088532538127,-0.2012382941957,0.2618966135706,-0.1190455194747,-0.2106317706187,0.2381239697974,-0.1630859760550,0.3391798418529,-0.2539889467499,0.2608616554234,0.5173094371787,1.0000000000000,-0.2355455560054,-0.0620058421593,-0.1807692822765,-0.1355736928862,0.1942196011629,-0.0407900630833,-0.0186480252421,-0.3065809322389,-0.1472656093562,0.6359228515522,-0.0236621459776,-0.1723099777028,0.2778452409919,0.3158031627782,-0.3354076944092,0.3471008338304,-0.1788613115427,0.3127949074313,0.2501883692652,-0.0797826726475,0.3435088167722,0.1386883109538,0.2338789614965,-0.1456128833548,-0.3704558746675,0.1397112071879,-0.1677186776683,-0.2338766597038,-0.1032862588351,-0.4011498476107,-0.1941716105699,-0.2983092995178,0.1205165970924,0.1522472476129,0.9015292791254,-0.0139820318629,-0.1583372071063,-0.4546774146872,-0.2938317166360,-0.0362721514432,-0.0373230171919,-0.1256877389852
0.4346359646284,0.6579464414394,0.0769499631389,0.5263787245301,0.4064983035976,-0.4645329858117,-0.2574521413011,0.6513867355994,-0.1320350225870,0.3164664102420,0.1437040218888,-0.2378767242052,0.2991251643820,0.1812002583131,0.1256567875150,-0.0629922685626,0.4232781244931,0.4509928220038,-0.1517243079237,0.2766122648213,0.5364777144747,0.5205372735909,0.5409403473517,0.5233442400511,0.7197973711244,0.3603912221884,0.1541586423197,-0.2355455560054,1.0000000000000,0.2972153213951,0.7665486981305,0.1622332961540,-0.2706035429353,0.1094937548394,0.2866456179285,0.2172866044402,0.4019390687629,-0.4058794548040,0.1079615785149,0.2465407551562,-0.3979403334145,-0.4050331212914,0.3054169943746,-0.5216593415271,0.3186371042960,-0.4031570941595,-0.0670968884331,0.2542856087251,-0.3428169163937,-0.3087772635967,-0.1752324986134,0.5407619710568,0.4573911989240,-0.4786439932188,-0.2510609113363,0.4594470724464,0.3542279575123,0.6525106935449,0.6124436020575,0.6743871516698,-0.1116458429232,-0.2223490838346,-0.3406163252242,0.1946219621265,-0.0410357032451,0.6161182905663,0.0579294759230,-0.0125718828235,-0.0625796052353,0.2128228057139
0.7088805246572,0.2970899641620,-0.0885796698211,0.3645510762625,0.3278696419816,-0.3015261076661,0.0871902966548,0.2991745095821,0.1131299477568,0.1667144037911,0.2867868142486,0.1809513377461,0.5925633019077,0.4367733414473,0.6144475666606,0.2557829156244,-0.0243957170144,0.3938345395164,0.2740867293521,0.3748289195583,0.5411302235259,0.1440704872257,0.1629704862316,0.2861111675192,0.1904777075925,0.3768572661705,0.0787963601230,-0.0620058421593,0.2972153213951,1.0000000000000,0.3521439022100,-0.1556795157431,-0.2443881874535,0.3841371830192,0.6244227264823,0.3714081888428,-0.0548073276590,-0.1941394143991,0.0029413272922,0.1018002258252,-0.1805962720970,-0.1783050882244,-0.1053593005742,-0.2316972444921,0.1640165727486,-0.0836782269077,0.3950629539139,0.5424277695873,0.1340321623497,0.1840458619613,0.0693301744964,0.0526395250271,0.1712958759898,-0.0233674363539,-0.1133884449608,0.3675631250078,-0.1026467082753,0.2060498023942,0.0813462305233,0.0972815081340,0.1334463436081,-0.1848208759252,-0.1223666633836,-0.1093885241355,0.6793432730020,0.2159373129223,0.0190702449248,0.1055772153867,0.4181884524328,0.5620075222238
0.4280076062694,0.6226975908476,0.1047032523174,0.6061205973172,0.3644185527479,-0.4506054119458,-0.2408966925437,0.6776274295890,-0.0948625193631,0.3484981821720,0.1421027850378,-0.2564256521934,0.2476305187283,0.1737018178042,0.2091272048615,-0.0267255130334,0.3872364592088,0.6683414727470,-0.1241206481269,0.4775305415393,0.4534688907710,0.5610314667744,0.7004773014784,0.6226128577179,0.6850283756614,0.4199058544573,0.2663479621356,-0.1807692822765,0.7665486981305,0.3521439022100,1.0000000000000,0.1350276781319,-0.1491001336052,0.2005450868836,0.4680197731853,0.1767236976969,0.4392833597788,-0.3391400714455,0.2933925776347,0.2160711666746,-0.3238756694963,-0.3550457642220,0.2744767886112,-0.4598708662581,0.3661365207532,-0.4587771475369,-0.0550433021073,0.1370276910771,-0.4064282872327,-0.3422598705490,-0.1505998351846,0.4274370114333,0.5681205418853,-0.4441677727001,-0.1865032345465,0.3842589887835,0.2871084256631,0.7127259587163,0.5627004922015,0.6897785039100,-0.1017722458832,-0.0752334990157,-0.2639032600984,0.0880891645564,-0.1193627804358,0.6769532095619,0.0204175993523,0.0710947993377,-0.1408072491827,0.2870876346405
-0.0642123847269,0.2056275747563,-0.0648579700464,0.0857927622982,0.1668203255880,-0.0992456581031,-0.2559006027195,0.2260298340052,-0.1938461839866,0.4177411412883,-0.1041070068880,-0.1530266813726,-0.0573236989136,-0.0581359958524,0.0419503198682,-0.0773058789402,-0.0776271111815,0.0607936479372,0.0361049601326,0.0652774367207,0.1028768690324,-0.0953566662661,0.2419633786718,-0.2087751619812,0.4144398793756,0.2201950927056,-0.0349483913825,-0.1355736928862,0.1622332961540,-0.1556795157431,0.1350276781319,1.0000000000000,0.1045953949835,-0.1646152490900,-0.1664114809972,-0.0080137164309,0.1910265529092,-0.2625405067670,0.0816891751812,0.2414605525623,-0.1545165524468,-0.2446158266590,0.2795598256314,-0.2200615192687,0.3617068122221,-0.2654833762253,-0.2246682513451,-0.0612947768749,-0.2210535445986,-0.0339244634868,-0.0311827996502,0.0008810234831,0.0016731793810,-0.2692522312145,-0.0009536658083,0.2697501706520,0.1795919606054,0.2004517605985,0.0879298701953,0.3564463221331,0.0456759317268,-0.0714604969398,-0.1779644154275,0.1776413063509,-0.1949118241469,0.1713364618957,0.6484706337885,0.1994620424838,-0.2117627250706,-0.1698507366213
-0.3595911556731,-0.2138341278542,0.1167946850328,-0.1336428417773,-0.2733072899875,0.5272327895899,0.5332425172858,-0.2842918504027,0.4394204553031,-0.0544911224941,0.2232220250705,-0.1358127059447,-0.0405530687888,-0.0648777380666,0.0393505543899,0.4582123940593,0.0983264886691,-0.2183609526995,-0.2812158929888,-0.2582782543696,-0.3355312361962,-0.1560252117397,-0.0976651248558,-0.1024545363353,-0.2225872018050,-0.1060205567927,0.0893845499929,0.1942196011629,-0.2706035429353,-0.2443881874535,-0.1491001336052,0.1045953949835,1.0000000000000,-0.2447830209437,-0.1559537560114,-0.4403999512764,-0.1768264461831,0.1727890509108,-0.0615232724379,-0.2802225306830,0.4814179215655,0.5557259317534,-0.2741556434113,0.5068261151391,-0.0614195589752,0.1550725835575,-0.0375103014840,-0.2039547671257,-0.0622985684296,-0.0832163015126,0.6532957429620,-0.0224209084762,-0.1396000509991,-0.0981986176907,-0.2458050406622,-0.3272818859934,-0.2914282054236,-0.2130783291115,-0.2539060386560,-0.1511820992991,-0.3476870725646,0.0265877425437,0.1878918857443,-0.3207170931328,-0.2431900955939,-0.1862916619523,-0.1090566463811,0.5576579443598,-0.4262307324301,-0.2241974064350
0.2495064759121,0.1941202682495,-0.1202675266028,0.3391561829235,0.5331436807268,-0.1918049047981,-0.1135331520260,0.2182869371263,-0.0449930391782,0.0486446360834,0.2129201778815,-0.0348295864234,0.1041825094673,0.2085408903897,0.0918600372855,-0.1110034878432,-0.0634076249759,0.3065105809110,-0.0395229166139,0.3607279366800,0.2614235907425,0.0742749612006,0.0861758098521,0.1624277478559,0.0746821756512,0.1723318938056,0.0227535939994,-0.0407900630833,0.1094937548394,0.3841371830192,0.2005450868836,-0.1646152490900,-0.2447830209437,1.0000000000000,0.6080540167987,0.5234242436274,0.1287677730079,-0.1266484063282,0.2720992277150,0.3762977917621,-0.0640850143180,-0.1102393799673,0.0892998958416,-0.1739974128268,0.1004519173958,0.0919781258641,0.1106968603902,0.0673690506073,-0.0579756180643,0.0957638548147,-0.1954653452751,-0.0133791357700,0.2502698398616,0.0426416926007,0.1820425112269,0.2398923467988,-0.0475406369528,0.1271183522651,0.0222340516984,0.0637066210005,0.3239446448440,-0.0733357672488,-0.0707605732665,-0.0921437104873,0.2062904392634,0.0677671559998,-0.1666870195266,-0.2132576088720,0.6555121651046,0.5305063872937
