1.0000000000000,0.2626721497643,0.3029072012311,0.5461672534502,0.2269724645001,-0.3316205931464,0.1347348578294,0.3103111473307,-0.1754345483197,0.2439804306775,0.0663263533399,0.1870262138696,0.1925528574352,0.2176127947382,0.4310387015465,-0.2228767994717,0.1233256806517,0.5714312649293,0.3630407397786,0.5630661997616,0.2564000189626,0.2869747237437,0.3351308356615,0.4347385825897,0.1319116406153,0.5324581548069,0.3519508614238,0.2380595566480,0.1725216728670,0.3943789084382,0.4358192357156,0.1334340954988,-0.2254055690133,0.4426994901538,0.3874037475540,0.7344894719189,0.2213734489984,0.1013083808727,0.3624495856188,0.1374521803597,-0.2825017020779,-0.0567544650423,0.1878461975241,-0.3007433335191,0.1213936125911,0.2509168975101,-0.1334298066787,0.1473360227073,-0.0296352784732,0.0832369547994,-0.3067614068037,0.1193127854754,0.2165284503682,-0.1219387115880,0.0856980239058,0.2539636571692,0.0362723073815,0.2834106502089,0.1775200061221,0.1648036713926,0.3161565452940,-0.1153954729037,0.0086339756569,-0.0434487533039,0.0970747695491,0.2581660848141,-0.1339947963595,-0.1738886597201,0.1427930680666,0.1331874294067
0.2626721497643,1.0000000000000,0.2063022303554,0.5359057915989,0.1580318447710,-0.2113589841722,0.2120890744592,0.1365927625147,-0.2369413525715,0.2901384190405,0.1737625557884,0.0083221941202,0.1852035608758,-0.0797259670133,0.0515041359304,-0.1474885963236,-0.0606347788331,0.4765515481020,0.1394598830105,0.1797987395672,0.2633326368504,0.0697254714625,0.5838952167960,0.3123694076533,0.2504353258022,0.2557364286424,0.4044250319498,0.0656443113147,0.1417091148164,0.3282204030641,0.4460665892700,-0.2229741927275,0.0364512168606,0.2585661080194,0.5519059667150,0.2022784715198,0.7925904018785,0.2025059619385,0.6480778582320,0.1510993184197,-0.2124374239948,0.1517195288422,0.1990396879342,-0.2962555546870,0.2531252851347,0.2005383653276,0.0641856436034,0.2091694480685,-0.0611535876541,-0.1987831332126,-0.0698765484900,-0.0082037082486,0.4435843667414,0.0570091308387,0.3586823481607,0.2668002330202,0.0518074589115,0.5742646861609,0.2587377708577,0.2642729349790,0.3311936677496,0.3566225335968,0.0022404964087,0.0863871679079,0.1487930527207,0.3195994146760,0.0165403930909,0.0501160648397,0.2401971472457,0.4835740321433
0.3029072012311,0.2063022303554,1.0000000000000,0.1385288504691,0.0053793205532,-0.2522696574666,-0.2409862098012,0.4569574080005,-0.2058866468876,0.2248241232319,-0.0707167990501,0.1776301196274,-0.0158732620406,0.1541014063121,0.0894692457734,-0.1171889864936,0.1735950337152,0.5010446209745,0.4140222577153,0.3133840518935,0.1072546432446,0.3535844385432,0.1952578865978,0.4524157207869,0.3251433405848,0.1560436534690,0.4825470494038,0.5875702262493,0.3288939715292,-0.0177481170266,0.3432651320768,-0.2172447120433,-0.1234424029116,-0.0615083461683,0.0701541268549,0.0153491656083,0.1563159958337,0.7221355215943,0.0862876990450,0.0354105658158,-0.2707439498191,-0.2363916812748,0.1614767382180,-0.2894805998775,-0.0189509006610,-0.0533056892880,0.1114175712144,-0.0761390807987,0.0953067991500,-0.1040201910763,-0.0916936830150,0.1129227600551,0.0934901377180,0.0918945802233,0.0808612372438,0.0387911540544,0.2492781039081,0.1510573166879,0.3734142509034,0.1939892448972,0.1680922193994,0.2343303710563,0.3969364248925,0.2246500653293,-0.1489931194888,0.1423141555917,-0.2131903770947,-0.2409928147011,-0.1160197207927,-0.0482477820621
0.5461672534502,0.5359057915989,0.1385288504691,1.0000000000000,0.2296007578103,-0.2551123034635,0.3961951145242,0.2733584931457,-0.1885743995817,0.4032220637365,0.0660649805908,0.0129106314613,0.3150802488453,0.0225340561878,0.1677246829862,-0.0253980251577,0.0051621509007,0.5082504519845,0.1850029289784,0.5094102023084,0.2169740954335,0.1430295916506,0.6738286233377,0.3778008915630,0.2836393246684,0.6645463951624,0.3911013113962,0.0703244679825,0.1445286320809,0.3957379908096,0.4270307247300,0.0161329963403,-0.1452080716881,0.3792711129691,0.5779747130698,0.4742568917346,0.6169074892545,0.1561208272092,0.7120005565126,0.1846852398221,-0.2033887443696,0.1817417253082,0.4400760032123,-0.2367355240562,0.4424326709650,0.1597673629954,-0.1729569917747,0.2576163819733,-0.0689060154735,-0.0064294731448,-0.0641302909613,0.1175313446222,0.3868137427635,-0.0208141030385,0.1695399170405,0.2682101304422,-0.0168737210390,0.6488636801813,0.1758683792442,0.4567372481959,0.4549633689291,-0.0121673798146,0.0192462517711,0.0461884535454,0.0841775739286,0.3377546708059,-0.0931291407214,-0.0229840893518,0.2107660158719,0.3937186007439
0.2269724645001,0.1580318447710,0.0053793205532,0.2296007578103,1.0000000000000,-0.1700030381711,0.1716143404569,0.2669670655561,-0.2255738015334,0.4871380062957,0.5382202166495,-0.3132182594816,0.5110799458857,-0.2882469531639,0.0657075930770,-0.2052182260981,0.2635740574240,0.3505147190986,-0.1965422562703,0.1067701138657,0.6477322216388,0.4730903339718,0.4067011096054,0.4096640656753,0.6104069778007,-0.0616606632038,-0.1067843726338,-0.1869203773257,0.5147876223714,0.3614424586960,0.4065530838102,-0.0934463264245,0.0167576653891,0.4289235540548,0.3898771470075,0.3882505039859,0.1099884830413,-0.0895743963040,0.1981099466281,0.9351637598228,-0.2381870471937,0.2867995337164,0.2446121786064,-0.3245692240331,0.4559552017456,0.6199232108091,-0.2495328938119,0.6184838951417,-0.3246794162487,-0.1885489523452,-0.1094435069622,0.3044186297800,0.3023115064227,-0.0523473447963,0.2492591783358,0.7441765926634,0.4913872785482,0.3234202448723,0.4544896043462,0.5668577800074,-0.1506470555212,-0.0681248130225,-0.3217887762478,0.4721289774846,0.2965249053328,0.2638814186190,0.0064220603511,0.0864804397394,0.3682167197270,0.3975490209408
-0.3316205931464,-0.2113589841722,-0.2522696574666,-0.2551123034635,-0.1700030381711,1.0000000000000,0.2255283660805,-0.0888221920385,0.7964298135449,-0.1877934679103,0.1600066930658,0.1546054034162,-0.1357799491769,-0.0498716261103,0.1873452841970,0.6043063807550,-0.0276955589764,-0.4935722152919,-0.2515310550085,-0.5336912872629,-0.1018977411950,-0.2668346245850,-0.2906106671448,-0.3773125147712,-0.0433473998346,-0.3659941384975,-0.2349481973602,-0.1211294342656,-0.0771781323409,-0.1360667755467,-0.2486902748477,-0.0036476428529,0.5519904012805,-0.1871727573345,-0.2327860518025,-0.2707103926955,-0.3195348328717,-0.3213385688404,-0.0357984255802,-0.1486603936612,0.9078946026496,0.3488271757740,-0.1425103410630,0.7917960727308,-0.1232811322837,-0.2256230292087,0.4219842474403,-0.0892660117315,0.0394848069072,0.3936715817035,0.4921084636174,-0.0294748108141,-0.4378122019953,0.0115028929542,-0.2027500014766,-0.0591266196101,-0.3049849887859,-0.2601533208855,-0.4286759469613,-0.0176661305243,-0.2505195549091,0.0133878491573,-0.0086657573621,0.0175858512818,-0.0024531543766,-0.4173577957765,0.0071192755856,0.5620376045704,-0.1263303240020,-0.1205109801683
0.1347348578294,0.2120890744592,-0.2409862098012,0.3961951145242,0.1716143404569,0.2255283660805,1.0000000000000,0.0064209534593,0.2770666007702,0.3357614294813,0.5325072515484,-0.0882088700058,0.6427678105996,-0.0993816642923,0.4783170612932,0.4813820060246,-0.1451041742885,-0.0056205910176,0.0195367489054,-0.0152991794488,0.2592304617313,-0.1932930375631,0.2695745093131,-0.1156939493573,0.0982501630958,0.0807631014897,-0.1068210381692,-0.2175759725209,-0.0691117819986,0.4946108421168,-0.0039814205423,-0.1617474035132,0.1773458984264,0.2765902335577,0.4228049025860,0.0546142285124,0.1467849964285,-0.1986505188523,0.4731269795198,0.2025926901501,0.2284795697391,0.7739052940892,0.1501783619148,0.2477555485571,0.4947880615728,0.2960872509246,0.1977994514947,0.5648987112992,0.0821271472549,0.4190944522891,0.4799723603967,-0.0386988799094,0.1252820481469,0.3644528120517,0.3467936630947,0.2983443495375,-0.1135580698877,0.2748500292101,-0.1363507568228,0.2727316548328,0.1508893422449,0.1601272118720,-0.0637484320926,0.1146239682593,0.4675865588797,-0.0952204503750,0.1989298601082,0.5094412044173,0.3240657307290,0.5577009455224
0.3103111473307,0.1365927625147,0.4569574080005,0.2733584931457,0.2669670655561,-0.0888221920385,0.0064209534593,1.0000000000000,-0.1094395757341,0.4803627637674,0.2870462586302,-0.2203277587824,0.1532936116562,-0.1666065309384,0.3072036761164,-0.0989048832646,0.0859927238329,0.3316423106219,0.0366429519848,0.1288975274243,0.2619503202677,0.3164802756952,0.3819260890453,0.3331859532402,0.6896637922737,0.0844210882658,-0.0110332547735,-0.0720974132772,0.6422932994438,0.1610234944164,0.6175125670414,-0.1179124136799,0.0334850475233,0.0442355892898,0.1680565500610,0.1263260625230,0.2355256165103,0.2915906582179,0.2715506306713,0.2664509223502,-0.1684982233139,-0.0906372083641,0.6543920037332,-0.2027391100613,0.3453155492668,0.1380239806304,-0.0011354080415,0.1107250450667,0.0517513781271,0.0827959285476,-0.1648995110405,0.0872897767336,0.1913192659198,0.2273744210394,0.2564563819711,0.2612954073187,0.0203105047174,0.2834052428720,0.1482626388913,0.5667806404423,0.2873189637140,0.2502523589856,-0.0587381157982,0.5393830198409,0.0668239247261,0.1226704603672,0.0112198554071,0.0793673856630,-0.0144575515808,0.1829680954796
-0.1754345483197,-0.2369413525715,-0.2058866468876,-0.1885743995817,-0.2255738015334,0.7964298135449,0.2770666007702,-0.1094395757341,1.0000000000000,-0.2115430631523,0.1983521685347,0.3649964938082,-0.0426111829116,0.1662960267334,0.4165891972566,0.5567067102172,-0.1109638096749,-0.3796326645915,-0.0425586481239,-0.3170655729635,-0.0498939699278,-0.2812713845602,-0.4315973067478,-0.3763922174215,-0.1473448401512,-0.1888632726212,-0.0650360121156,0.0792473646434,-0.0909808657936,-0.0361798040758,-0.2582661869572,0.1240970817774,0.3200488538677,-0.0926798975933,-0.2118187867010,-0.2076075207823,-0.3549462082322,-0.3379271541348,-0.0369173301909,-0.1907056352372,0.7556076950051,0.2806500649517,-0.3034472672490,0.8023959443118,-0.2362339197087,-0.0998941092186,0.4772611136533,-0.0484826905627,0.1777067340075,0.4118548196843,0.4033035156665,-0.1789899260418,-0.4715451431126,0.0480970503471,-0.2244303963418,-0.0658577241130,-0.3210309479625,-0.4407621024879,-0.5094152870319,-0.2413549082965,-0.1628012699986,0.0297881283018,0.0840959699415,-0.0325321610502,-0.0077280307206,-0.4008568911887,0.1237127397962,0.3851376875978,-0.1392790610560,-0.1782801750591
0.2439804306775,0.2901384190405,0.2248241232319,0.4032220637365,0.4871380062957,-0.1877934679103,0.3357614294813,0.4803627637674,-0.2115430631523,1.0000000000000,0.5208698926208,-0.3608637290901,0.6071799829844,-0.2474019882494,0.2471583115123,-0.0125434674996,-0.1016839419471,0.3512208965295,-0.1041095725391,0.1190900511190,0.5276301715500,0.1312544213989,0.4835370895590,0.1851259469698,0.6820503689418,0.0034965036124,-0.1078505367592,-0.0970428818417,0.2643182186423,0.3065034775903,0.2521508090511,-0.2876447463719,-0.0405516402220,0.3977543758836,0.3908575718906,0.1480219280722,0.2244215748318,0.1366033032997,0.4913793968403,0.5170658135799,-0.2628399880722,0.2930246535341,0.3250190467448,-0.3157421332776,0.8537455486817,0.4171207426099,-0.0883136260326,0.6534731469899,-0.0488677545019,0.1145061902243,0.0867254910481,-0.0763631125478,0.3293246264731,0.3157745344415,0.5088261770861,0.5851639617285,0.1544423247666,0.3895381676874,0.1842338318410,0.6556333072230,0.1501942803772,0.2179507578553,-0.0632513890786,0.3825671958000,0.3073811247976,-0.0232605442494,0.1477678120584,0.2430122365445,0.4072814043690,0.5205555028114
0.0663263533399,0.1737625557884,-0.0707167990501,0.0660649805908,0.5382202166495,0.1600066930658,0.5325072515484,0.2870462586302,0.1983521685347,0.5208698926208,1.0000000000000,-0.2623914727196,0.7187386390574,-0.3002475938899,0.4870624642815,0.1060214949168,-0.0922228899147,0.1097921840034,-0.1722489546527,-0.1740403514086,0.6489609766715,0.1840980709639,0.2237857333160,0.1084888812935,0.4420577277194,-0.2295205820867,-0.2197088319103,-0.2343994784462,0.3933154741604,0.5338504592419,0.2537192999133,-0.2683459080575,0.1258579264129,0.4670215607869,0.3227853809655,0.0362396266651,0.0530185455606,-0.1844157871854,0.3710173785514,0.6128212522925,0.0362594214764,0.4566377579204,0.1015900100966,0.0448255391257,0.4720375077742,0.6583222868275,0.2131696784540,0.7447895855264,0.0525509775421,0.2594405590759,0.1566179014452,-0.0552221912135,0.1480102402631,0.3706764300686,0.4993245431900,0.6394270071836,0.1947225048759,0.1743183048792,0.0782413034102,0.3574001790751,-0.0008735443732,0.3840081510812,-0.1427701842019,0.5740045701965,0.5472016902463,-0.0829279573507,0.3092483076153,0.4080104898687,0.4674332552390,0.5267920492317
0.1870262138696,0.0083221941202,0.1776301196274,0.0129106314613,-0.3132182594816,0.1546054034162,-0.0882088700058,-0.2203277587824,0.3649964938082,-0.3608637290901,-0.2623914727196,1.0000000000000,-0.2871924145335,0.7778117343652,0.1762248257535,0.3163030613997,0.0535236095699,-0.0404592763050,0.5074289368302,0.2194791918106,-0.2312052611406,-0.1009693138556,-0.3290898132417,-0.0571509333565,-0.3549363324040,0.3088655416125,0.4528327131444,0.5021855924751,-0.2096520891707,0.0283528106458,-0.1582498283771,0.3582969502293,0.0192794990924,-0.0249013608536,-0.0863930875049,0.0692928969710,-0.2094177104194,0.0794647647452,-0.0437820699505,-0.3480623479892,0.2629966215383,-0.1030901628197,-0.3408617376654,0.3063796601431,-0.4151731203954,-0.3279922081977,0.5606263155148,-0.3527655369868,0.4591271161612,0.1485761645729,0.1990579472264,-0.0068773946430,-0.4132903575992,-0.1259180863929,-0.3683595284701,-0.2957668620995,-0.1762356384003,-0.3132858816999,-0.2443990135061,-0.3896325735362,0.0669541712013,-0.1439814330832,0.3129902429065,-0.3598235840821,-0.1262339047912,-0.1267408819370,0.0819526009880,-0.1800914959391,-0.2160124631786,-0.2642249485995
0.1925528574352,0.1852035608758,-0.0158732620406,0.3150802488453,0.5110799458857,-0.1357799491769,0.6427678105996,0.1532936116562,-0.0426111829116,0.6071799829844,0.7187386390574,-0.2871924145335,1.0000000000000,-0.2700477537657,0.2941927392372,0.0607486596029,-0.1140691844720,0.2227730740346,-0.0387083848318,0.0710098540685,0.7417753146152,0.1396166019204,0.3403457890514,0.1696152644737,0.3920633614233,-0.0698652403085,-0.1555578946099,-0.1754904970184,0.2626739923787,0.4789729421774,0.1454193366739,-0.2990310054424,-0.1780353417104,0.5606230155770,0.4097035177098,0.1179278817503,0.1006299176914,-0.0803454969585,0.4246520108708,0.5553742515110,-0.2062738056083,0.4705282260019,0.1064410527764,-0.1556509192728,0.5941429249517,0.6637547064311,0.0481544896506,0.9064862142962,-0.0232272253877,0.1387529816787,0.1708581729023,-0.0469297497606,0.3231132085618,0.3997812148752,0.5640238058289,0.6677093142381,0.2395200647853,0.3283005813495,0.1746819489703,0.3782893356560,0.0231035924148,0.2374329671318,-0.1178014636402,0.4429125000222,0.5197748047453,-0.0005899326285,0.2795362027940,0.2056215248032,0.6477609901493,0.5910302962791
0.2176127947382,-0.0797259670133,0.1541014063121,0.0225340561878,-0.2882469531639,-0.0498716261103,-0.0993816642923,-0.1666065309384,0.1662960267334,-0.2474019882494,-0.3002475938899,0.7778117343652,-0.2700477537657,1.0000000000000,0.1927677602181,0.1941501475001,0.0436543318568,-0.0766876025493,0.4139508900372,0.2229344833422,-0.3234728600266,-0.0685132103309,-0.3040790935522,-0.0358922080947,-0.3347265532121,0.5029230650665,0.3901577429208,0.5108695872759,-0.2847906691302,0.0399190124393,-0.2304342262767,0.5251788832124,-0.0504122682279,-0.0270726018295,-0.2347264267342,0.0847905467470,-0.2247321746292,0.1551566855438,-0.1573173577526,-0.3280525467173,0.0636348822992,-0.1451890688743,-0.2180173138171,0.1677677978278,-0.2364904003971,-0.3048512902979,0.3714800707947,-0.3402872167024,0.6143895458998,0.2065740385172,0.0907560886597,0.0193339359497,-0.4322070364803,-0.1394114108167,-0.4331816894701,-0.3333609355428,-0.1508567786894,-0.2981014154138,-0.2301401910109,-0.3159206328421,0.1683829113944,-0.2625817475541,0.3941944863481,-0.3916270393273,-0.1045829572078,-0.1414532134311,0.1193532742188,-0.2413413063435,-0.2557044011797,-0.3419245889455
0.4310387015465,0.0515041359304,0.0894692457734,0.1677246829862,0.0657075930770,0.1873452841970,0.4783170612932,0.3072036761164,0.4165891972566,0.2471583115123,0.4870624642815,0.1762248257535,0.2941927392372,0.1927677602181,1.0000000000000,0.2732278088254,-0.1328956695924,0.1967672936404,0.3724422990664,0.2018967886986,0.1511402513890,-0.0862283069794,0.0416184683184,-0.0713167391993,0.1132951812214,0.1972895316205,0.0882950320603,0.1382472762683,0.0707278578934,0.5627734557748,0.1127331962927,0.1149787776268,0.1896518716210,0.2541960518721,0.2424644010912,0.1881384432777,-0.0283912269401,-0.1483099639510,0.2765985337932,0.0816914214868,0.1442497285826,0.2644445716215,0.0682410889354,0.2148714648385,0.2052357694974,0.1924762460881,0.3258905877314,0.2760039927475,0.3497619902650,0.6204795482129,0.1594535313972,-0.1304912145776,-0.0487568773752,0.4140462062788,0.2772584842745,0.1554026339723,-0.1954168950487,-0.0567979974186,-0.2423198731314,0.0492586270767,0.2968895984662,0.2151058318201,0.1454917685762,0.1279561972920,0.4226354879259,-0.2808838261811,0.2494448183424,0.3923978319089,0.0980059811951,0.2506600213405
-0.2228767994717,-0.1474885963236,-0.1171889864936,-0.0253980251577,-0.2052182260981,0.6043063807550,0.4813820060246,-0.0989048832646,0.5567067102172,-0.0125434674996,0.1060214949168,0.3163030613997,0.0607486596029,0.1941501475001,0.2732278088254,1.0000000000000,-0.0309659125917,-0.3594978469590,0.0539728013613,-0.2370425690061,-0.1719627322819,-0.3204573398051,-0.1926110019817,-0.3369591503865,-0.1425351475712,-0.0980403202770,-0.1275036178123,0.0197167346787,-0.2390673335674,0.1548448350922,-0.3133042687456,-0.0396678548884,0.2907900313256,-0.0920593207999,-0.0120324127176,-0.2629321375192,-0.2548831333708,-0.1407578559647,0.0329620264946,-0.1764627060663,0.6500793150477,0.4740745513226,-0.0926891451556,0.5819849852803,0.1166005344939,-0.2830156607105,0.5324318776162,-0.0125184924812,0.2651971270941,0.4350266510408,0.8484027176955,0.0036554052516,-0.3237244049888,0.2412112369650,-0.0802905470200,-0.1297825049071,-0.2545844548502,-0.1562993415607,-0.3855981030233,-0.0107792524041,-0.0635976038050,-0.0531336505484,0.1456627561202,-0.1097217823853,0.2242092700731,-0.3759890701414,0.1122577344335,0.4251046709226,0.0095351682218,0.1352329680783
0.1233256806517,-0.0606347788331,0.1735950337152,0.0051621509007,0.2635740574240,-0.0276955589764,-0.1451041742885,0.0859927238329,-0.1109638096749,-0.1016839419471,-0.0922228899147,0.0535236095699,-0.1140691844720,0.0436543318568,-0.1328956695924,-0.0309659125917,1.0000000000000,0.0688250585214,-0.1112040845693,0.0067104597942,0.0949846594688,0.6075941601975,0.1717519805580,0.5454019727430,0.2463097446486,0.0108959875572,0.0649976055340,0.1075604987928,0.4452021701354,0.0589695314335,0.2368108739126,-0.0012125095777,0.1267148351718,-0.0077163940344,0.1053280159198,0.2678390408930,-0.0738094971872,0.1537130392198,-0.1047877283391,0.2984785771303,0.0511626086699,-0.0507002453396,0.1025912149520,-0.1294628214212,-0.1348680285981,0.0648825199478,-0.0136946762456,-0.0426172486295,-0.1283141504874,-0.3160439699404,-0.0152325201715,0.9048715360808,-0.0937016663622,-0.2550605158507,-0.2744863276413,0.1594483388674,0.6155925072529,0.1895328669951,0.6018897775642,0.2523200092384,-0.1318364214140,-0.2001785176108,-0.0054738880257,0.2962079133156,-0.0734984504325,0.3465499006594,-0.1834493026099,-0.0343822149474,-0.0082424969824,0.0094643603235
0.5714312649293,0.4765515481020,0.5010446209745,0.5082504519845,0.3505147190986,-0.4935722152919,-0.0056205910176,0.3316423106219,-0.3796326645915,0.3512208965295,0.1097921840034,-0.0404592763050,0.2227730740346,-0.0766876025493,0.1967672936404,-0.3594978469590,0.0688250585214,1.0000000000000,0.4594372716052,0.7503854812080,0.2979616266022,0.3902498295800,0.5160491834108,0.6136527956493,0.2853724691892,0.3426622493082,0.4885751557233,0.2064661252941,0.2950237292254,0.3976341844430,0.5924209783073,-0.0280562076470,-0.2541550131574,0.3877671715626,0.5718380098311,0.4291968720194,0.4822744424926,0.2331486098783,0.3574103548286,0.3070434073670,-0.5239113079487,-0.1207816620513,0.1640352490376,-0.5466670500731,0.1713136025371,0.2937553759140,-0.2508632259460,0.1913074228129,-0.1813234238785,-0.1789701084196,-0.3368220010809,0.1172369762093,0.6390054078787,0.0614568540517,0.4299004916526,0.2929041325382,0.2298879490961,0.3907657122116,0.4511753853250,0.2047735658362,0.2106558609618,0.1670290890324,-0.0794260080355,0.1362541874821,0.1790287220957,0.3631853387928,-0.1110985052028,-0.2005915857040,0.2239078864148,0.3392911891296
0.3630407397786,0.1394598830105,0.4140222577153,0.1850029289784,-0.1965422562703,-0.2515310550085,0.0195367489054,0.0366429519848,-0.0425586481239,-0.1041095725391,-0.1722489546527,0.5074289368302,-0.0387083848318,0.4139508900372,0.3724422990664,0.0539728013613,-0.1112040845693,0.4594372716052,1.0000000000000,0.6161325336745,-0.1276636128433,-0.1045097133793,-0.0226874504804,0.0540005045313,-0.2416298998476,0.3453968160687,0.5541287014617,0.4917746542394,-0.1562611813185,0.2267373500031,0.0758950900920,0.1383149092289,-0.0719145007430,0.0462545878399,0.2080159638708,0.0631616968176,0.0526133547497,0.2106403967972,0.0105218614670,-0.2262685789765,-0.2221203344326,-0.1087576460157,-0.0900612283422,-0.1447434695468,-0.2008783449037,-0.1340614950361,0.1816320869541,-0.1456166009827,0.2485653970755,0.1225779676521,0.0399950907353,-0.1141402901222,0.1122805878731,0.2741649858833,0.1163361823325,-0.2033497495242,-0.1307502315084,-0.0723626578372,-0.0440334959033,-0.2959822184773,0.1712848237396,0.0526167926769,0.2481675899986,-0.2720633840743,0.0630916424142,0.0201638696810,0.0426681923656,-0.2164681432240,-0.0567817442990,0.0384560799456
0.5630661997616,0.1797987395672,0.3133840518935,0.5094102023084,0.1067701138657,-0.5336912872629,-0.0152991794488,0.1288975274243,-0.3170655729635,0.1190900511190,-0.1740403514086,0.2194791918106,0.0710098540685,0.2229344833422,0.2018967886986,-0.2370425690061,0.0067104597942,0.7503854812080,0.6161325336745,1.0000000000000,0.0200491197056,0.1577893738774,0.2449905306725,0.3626574767511,-0.0278450755741,0.6135552279498,0.5782209609927,0.3553179930933,-0.0015242048911,0.3405497158583,0.2800618318235,0.2446350623969,-0.3676503015590,0.3234765515137,0.4618714552200,0.4098803214932,0.2652159584689,0.1397290873324,0.1959391234634,0.0273114129539,-0.4675951784269,-0.1835406589001,0.0843723015273,-0.3701493981674,0.0484394300826,0.0636908379664,-0.2787639042557,-0.0142654309232,-0.0084324928491,-0.0182153664506,-0.2847399355222,0.0465379419986,0.4016537909018,-0.0035083197541,0.2113041237624,-0.0097914301886,0.0317758846928,0.1528877466671,0.1872091226854,-0.0204936917345,0.3232054114099,-0.0662798810147,0.1077218391939,-0.1687428323785,0.0960899890732,0.2089215080265,-0.0525703362845,-0.3712515184812,0.0971267050768,0.1333796045550
0.2564000189626,0.2633326368504,0.1072546432446,0.2169740954335,0.6477322216388,-0.1018977411950,0.2592304617313,0.2619503202677,-0.0498939699278,0.5276301715500,0.6489609766715,-0.2312052611406,0.7417753146152,-0.3234728600266,0.1511402513890,-0.1719627322819,0.0949846594688,0.2979616266022,-0.1276636128433,0.0200491197056,1.0000000000000,0.3580084293055,0.2918979688107,0.3491994599018,0.5272000328257,-0.1746613935573,-0.0668332716421,-0.1153475677769,0.4806968889643,0.2893520765351,0.3437020504456,-0.3773669158152,-0.1076762632889,0.5453988238516,0.4075159163513,0.2211014669554,0.0980776102583,-0.0267435011312,0.4470036017424,0.6838163283813,-0.1796247577807,0.1966864435489,0.1045974897385,-0.2102515368185,0.3914806195805,0.7045511356704,0.0677037658075,0.7728979067995,-0.1305664238987,-0.1132971869048,-0.0543477655854,0.0739807543181,0.3044983439795,0.2076042952928,0.4379601297060,0.9187202085157,0.3617603578680,0.2711580274141,0.3335547038877,0.4236899001887,-0.0183447787926,0.2957151812918,-0.1610036904617,0.5345192134747,0.2917132084031,0.1434524138030,0.1382534919832,0.1270426083739,0.5390892015992,0.4598062956295
0.2869747237437,0.0697254714625,0.3535844385432,0.1430295916506,0.4730903339718,-0.2668346245850,-0.1932930375631,0.3164802756952,-0.2812713845602,0.1312544213989,0.1840980709639,-0.1009693138556,0.1396166019204,-0.0685132103309,-0.0862283069794,-0.3204573398051,0.6075941601975,0.3902498295800,-0.1045097133793,0.1577893738774,0.3580084293055,1.0000000000000,0.4059928113968,0.8811974353174,0.4369807877870,0.0876581893094,0.0650212171534,-0.0250910721208,0.6913504524956,0.2862361435902,0.6251348709478,-0.0518708301368,-0.1564738054494,0.3095017161747,0.2231124774394,0.3857602219231,0.1269817427088,0.2724670025515,0.0739471822610,0.4920863584571,-0.2827657147201,-0.2105987896168,0.2030448782703,-0.3544779154378,0.0236135698276,0.3362091105020,-0.1679618012779,0.1737001253739,-0.1247956778549,-0.3240604623296,-0.3296639012205,0.6066263430442,0.1706531579874,-0.2081174001200,0.0138626658983,0.3513664049864,0.7816732213558,0.3823597405295,0.7544519279663,0.3833326956081,-0.0159934679472,-0.0208460626000,-0.1318508625163,0.5363126433660,0.1427595615207,0.5488749489248,-0.1763417827666,-0.2419558528225,0.2713691771534,0.1224652744214
0.3351308356615,0.5838952167960,0.1952578865978,0.6738286233377,0.4067011096054,-0.2906106671448,0.2695745093131,0.3819260890453,-0.4315973067478,0.4835370895590,0.2237857333160,-0.3290898132417,0.3403457890514,-0.3040790935522,0.0416184683184,-0.1926110019817,0.1717519805580,0.5160491834108,-0.0226874504804,0.2449905306725,0.2918979688107,0.4059928113968,1.0000000000000,0.5696628285551,0.5172685278520,0.2894385034437,0.0771817550247,-0.2174515024106,0.4385542629966,0.4452368561823,0.6512275433981,-0.1630693180956,-0.0387260824079,0.3461412630751,0.5495844917691,0.4081474604398,0.6848975964634,0.2416154457508,0.5755517163099,0.3886179322728,-0.3378378286892,0.1675978187975,0.5254856613928,-0.4692821086782,0.4965017124747,0.2769229599833,-0.2598584935219,0.3665409108384,-0.2259097119104,-0.1723705402268,-0.1508843925558,0.3076547774376,0.5170153663761,0.0779900573809,0.3556551483649,0.3631193946767,0.2808192141096,0.9377941211012,0.5036641019824,0.6163606723742,0.2790020319761,0.1248323267309,-0.1944218148142,0.3746958284962,0.2737928018355,0.4871447975553,-0.1197737211261,0.1128128675542,0.3190827251497,0.5595000477601
0.4347385825897,0.3123694076533,0.4524157207869,0.3778008915630,0.4096640656753,-0.3773125147712,-0.1156939493573,0.3331859532402,-0.3763922174215,0.1851259469698,0.1084888812935,-0.0571509333565,0.1696152644737,-0.0358922080947,-0.0713167391993,-0.3369591503865,0.5454019727430,0.6136527956493,0.0540005045313,0.3626574767511,0.3491994599018,0.8811974353174,0.5696628285551,1.0000000000000,0.4046409474841,0.2806488883238,0.2697149205237,0.0919395055318,0.6222921656779,0.3498939575772,0.6944463074138,-0.0726634034930,-0.2220717403204,0.3712210492145,0.4043627068969,0.4356803711661,0.3798306660461,0.3341900994843,0.2894208398242,0.4106271086119,-0.3732047447512,-0.2194992554028,0.2650820450312,-0.4538175086920,0.0792811455429,0.2823604930538,-0.1670878105292,0.1577759417707,-0.1122336385633,-0.3589423522951,-0.3458497019435,0.5644000099458,0.3521871636860,-0.1394805063945,0.1313523761867,0.3298590310554,0.6429450161490,0.5434566280104,0.7858062789002,0.4033209341932,0.1605331914359,0.0636637255746,-0.0376387960083,0.4528045732493,0.1223273119279,0.5758229952352,-0.1574612079052,-0.2575899290590,0.2970492042860,0.2363445557170
0.1319116406153,0.2504353258022,0.3251433405848,0.2836393246684,0.6104069778007,-0.0433473998346,0.0982501630958,0.6896637922737,-0.1473448401512,0.6820503689418,0.4420577277194,-0.3549363324040,0.3920633614233,-0.3347265532121,0.1132951812214,-0.1425351475712,0.2463097446486,0.2853724691892,-0.2416298998476,-0.0278450755741,0.5272000328257,0.4369807877870,0.5172685278520,0.4046409474841,1.0000000000000,-0.1012758168147,-0.0883435124689,-0.1061480971464,0.7153505639100,0.1973126612248,0.5108867302541,-0.2204505704068,0.0301569261263,0.1828122291202,0.2332262956164,0.1389588003892,0.2438833866451,0.2305061380571,0.3563627705121,0.6353908445209,-0.1393031567997,0.1319957351621,0.5387893198175,-0.2515848214370,0.5584155096348,0.3878656249883,-0.1084279861243,0.4921928190764,-0.1683518294076,-0.0906530943564,-0.0991674632798,0.2686235030123,0.2430179920056,0.1068704976272,0.3166162274056,0.5695208393854,0.3842149084346,0.4483457278669,0.4173472497968,0.8348150172753,0.0230210134122,0.2181219698175,-0.1015561410794,0.7352151586234,0.1650960621766,0.1891350292786,0.0486949857000,0.1690821408083,0.2629386801015,0.3068646801292
0.5324581548069,0.2557364286424,0.1560436534690,0.6645463951624,-0.0616606632038,-0.3659941384975,0.0807631014897,0.0844210882658,-0.1888632726212,0.0034965036124,-0.2295205820867,0.3088655416125,-0.0698652403085,0.5029230650665,0.1972895316205,-0.0980403202770,0.0108959875572,0.3426622493082,0.3453968160687,0.6135552279498,-0.1746613935573,0.0876581893094,0.2894385034437,0.2806488883238,-0.1012758168147,1.0000000000000,0.5455230456776,0.3552592305972,-0.0907265701885,0.3067488070287,0.1732976223499,0.3931933832073,-0.2498760007919,0.1933377072465,0.2889881127865,0.4336306548636,0.3932860916962,0.1607055433293,0.3332420688401,-0.1133215272820,-0.2624787328615,-0.1491135010248,0.2283522943460,-0.1843159019461,0.0686383350173,-0.1201589343917,-0.1377184684847,-0.1485758085989,0.2771967324143,0.0536296915210,-0.2343608465644,0.0839324484604,0.0501645581568,-0.1816415437104,-0.1578617527621,-0.1417758023576,-0.1094813739053,0.2721846290469,0.0212824585960,0.0591592976795,0.6583689232811,-0.1756346981359,0.3046320386935,-0.2280729541697,-0.0528857932581,0.1755371481678,-0.0758888161671,-0.3109854176335,-0.1079583974713,0.0050360004322
0.3519508614238,0.4044250319498,0.4825470494038,0.3911013113962,-0.1067843726338,-0.2349481973602,-0.1068210381692,-0.0110332547735,-0.0650360121156,-0.1078505367592,-0.2197088319103,0.4528327131444,-0.1555578946099,0.3901577429208,0.0882950320603,-0.1275036178123,0.0649976055340,0.4885751557233,0.5541287014617,0.5782209609927,-0.0668332716421,0.0650212171534,0.0771817550247,0.2697149205237,-0.0883435124689,0.5455230456776,1.0000000000000,0.7077644131694,-0.0420229562959,0.1296214416962,0.1993613312163,0.1622109700951,-0.1042351569918,0.0589077874365,0.2808908845662,0.1332612501211,0.3215319252521,0.3732531124909,0.2089254142052,-0.1274010238172,-0.1856130477793,-0.1743315969707,-0.0735714500673,-0.1244407467209,-0.2088287273131,-0.1078824865482,0.0878198270735,-0.1919145688678,0.1383295962799,-0.1119211359714,-0.1417743487303,0.0474501123234,0.1722611497748,-0.0935405786390,-0.0198581454084,-0.1083763645072,-0.0136539018927,0.0545835169097,0.1401898777476,-0.1091343066190,0.2996870921570,0.2120789072215,0.5012589651329,-0.2279746616061,-0.1513874842343,0.1496429475667,-0.0772371877228,-0.3256337059203,-0.0967535445954,-0.0372840878681
0.2380595566480,0.0656443113147,0.5875702262493,0.0703244679825,-0.1869203773257,-0.1211294342656,-0.2175759725209,-0.0720974132772,0.0792473646434,-0.0970428818417,-0.2343994784462,0.5021855924751,-0.1754904970184,0.5108695872759,0.1382472762683,0.0197167346787,0.1075604987928,0.2064661252941,0.4917746542394,0.3553179930933,-0.1153475677769,-0.0250910721208,-0.2174515024106,0.0919395055318,-0.1061480971464,0.3552592305972,0.7077644131694,1.0000000000000,-0.1200532904857,-0.0173810956103,-0.1173877441996,0.1139257921936,-0.1033520865604,-0.0288112708264,-0.1015962212727,-0.0422141598760,-0.0397746750144,0.3794192322630,-0.0732598535174,-0.1649291328215,-0.0567311671010,-0.2028784655929,-0.2148614344597,-0.0209186005907,-0.2467462170799,-0.2173584932809,0.1544123544531,-0.2019530336496,0.2366849604786,-0.0116203380236,-0.0124354599035,0.0202580893139,-0.2115957812714,-0.0904828340061,-0.2222866203194,-0.1666342893055,0.0238892417227,-0.2124065902865,0.0183008611412,-0.1999027721437,0.1332791809549,-0.0029912929185,0.7846660272846,-0.1868733906192,-0.2547488837410,-0.1151831925912,-0.0259724350634,-0.3167532663922,-0.1710439809011,-0.3020624124793
0.1725216728670,0.1417091148164,0.3288939715292,0.1445286320809,0.5147876223714,-0.0771781323409,-0.0691117819986,0.6422932994438,-0.0909808657936,0.2643182186423,0.3933154741604,-0.2096520891707,0.2626739923787,-0.2847906691302,0.0707278578934,-0.2390673335674,0.4452021701354,0.2950237292254,-0.1562611813185,-0.0015242048911,0.4806968889643,0.6913504524956,0.4385542629966,0.6222921656779,0.7153505639100,-0.0907265701885,-0.0420229562959,-0.1200532904857,1.0000000000000,0.2057448452244,0.7103815117143,-0.2120057581176,-0.0545591662070,0.1881844318452,0.2016393669511,0.2010421790347,0.1814876218737,0.1706471454207,0.1867784031199,0.5697114232507,-0.1643052226768,-0.1150321082883,0.4081742966769,-0.2655333866878,0.0986805832382,0.3788585765332,-0.0274460752163,0.2975279662664,-0.1509431314020,-0.2771832026058,-0.2521712948964,0.4088152978212,0.1552622076595,0.0018541934354,0.1612349663816,0.4521649372750,0.5034870217974,0.3754523238269,0.5209172338627,0.5163334516666,0.0018948053408,0.1836940164436,-0.2016535125539,0.8397512370073,0.0981591442997,0.3928456787011,-0.0405331449238,-0.0060146204856,0.1603930793745,0.1833947779650
0.3943789084382,0.3282204030641,-0.0177481170266,0.3957379908096,0.3614424586960,-0.1360667755467,0.4946108421168,0.1610234944164,-0.0361798040758,0.3065034775903,0.5338504592419,0.0283528106458,0.4789729421774,0.0399190124393,0.5627734557748,0.1548448350922,0.0589695314335,0.3976341844430,0.2267373500031,0.3405497158583,0.2893520765351,0.2862361435902,0.4452368561823,0.3498939575772,0.1973126612248,0.3067488070287,0.1296214416962,-0.0173810956103,0.2057448452244,1.0000000000000,0.4078990111110,0.1106836420601,-0.0125223505518,0.6001969351049,0.5864698975570,0.4061669382900,0.3081716221501,-0.1309736707474,0.3896460247661,0.3555175239417,-0.1301278330174,0.2896173750637,0.1088393527503,-0.1606575536620,0.3542935689348,0.3253992270985,0.0709005909964,0.4492782147822,0.1571119415380,0.2295811538051,0.0807126516674,0.1771836524452,0.2766456087686,0.2156405302203,0.3873706762325,0.2839057164964,0.1885921970334,0.4018083642524,0.1820788075259,0.2288081080026,0.2554469188780,0.1287996670843,-0.0006739789469,0.2276907223291,0.7428535377537,0.1563622223063,0.2486532534824,0.1800501329722,0.5682719430519,0.5896208080153
0.4358192357156,0.4460665892700,0.3432651320768,0.4270307247300,0.4065530838102,-0.2486902748477,-0.0039814205423,0.6175125670414,-0.2582661869572,0.2521508090511,0.2537192999133,-0.1582498283771,0.1454193366739,-0.2304342262767,0.1127331962927,-0.3133042687456,0.2368108739126,0.5924209783073,0.0758950900920,0.2800618318235,0.3437020504456,0.6251348709478,0.6512275433981,0.6944463074138,0.5108867302541,0.1732976223499,0.1993613312163,-0.1173877441996,0.7103815117143,0.4078990111110,1.0000000000000,-0.0868165458215,-0.0575386577902,0.3138143542209,0.4727011549579,0.4155861497852,0.5220278548061,0.2232677638056,0.3671934446336,0.3703076082546,-0.3093310592385,-0.0949572118171,0.4379288503095,-0.3855905767892,0.1154153367726,0.2966062676799,-0.1661160342974,0.1308528204953,-0.1987622983381,-0.2296506935819,-0.3373712713745,0.2641602477294,0.4398488271007,-0.0645683326537,0.2503628155560,0.3192168759073,0.2949993435960,0.5768618413952,0.4819328101078,0.4294564305947,0.1829793310632,0.2041880420660,-0.2320719838838,0.4403127839586,0.1947445742648,0.6478700344289,-0.1401054030158,-0.0969319847021,0.2008876587435,0.3378789415258
0.1334340954988,-0.2229741927275,-0.2172447120433,0.0161329963403,-0.0934463264245,-0.0036476428529,-0.1617474035132,-0.1179124136799,0.1240970817774,-0.2876447463719,-0.2683459080575,0.3582969502293,-0.2990310054424,0.5251788832124,0.1149787776268,-0.0396678548884,-0.0012125095777,-0.0280562076470,0.1383149092289,0.2446350623969,-0.3773669158152,-0.0518708301368,-0.1630693180956,-0.0726634034930,-0.2204505704068,0.3931933832073,0.1622109700951,0.1139257921936,-0.2120057581176,0.1106836420601,-0.0868165458215,1.0000000000000,-0.1768179883563,0.0760741680932,-0.2429650853366,0.2303353657749,-0.1457964565198,-0.2200741581353,-0.2828877233473,-0.2160822571019,0.0152962402223,-0.1604149156936,-0.1260530613979,0.1115394937286,-0.2093192604141,-0.1877049087689,-0.0505317198074,-0.2988191737641,0.2536829191459,0.1846508669405,-0.2163833672983,0.0968544932376,-0.1731394520377,-0.2530311665463,-0.2925767498637,-0.3440257640251,-0.2291180793348,-0.2291289809712,-0.2567374863431,-0.2582089158712,0.0034841006045,-0.3492713217788,0.0213268691454,-0.3297043866100,0.0931925658535,-0.0713897990658,0.2330616477351,-0.2197726477079,-0.0910646364277,-0.2819239316226
-0.2254055690133,0.0364512168606,-0.1234424029116,-0.1452080716881,0.0167576653891,0.5519904012805,0.1773458984264,0.0334850475233,0.3200488538677,-0.0405516402220,0.1258579264129,0.0192794990924,-0.1780353417104,-0.0504122682279,0.1896518716210,0.2907900313256,0.1267148351718,-0.2541550131574,-0.0719145007430,-0.3676503015590,-0.1076762632889,-0.1564738054494,-0.0387260824079,-0.2220717403204,0.0301569261263,-0.2498760007919,-0.1042351569918,-0.1033520865604,-0.0545591662070,-0.0125223505518,-0.0575386577902,-0.1768179883563,1.0000000000000,-0.2818901499671,0.1381352634940,-0.1744073254604,-0.0282697295188,-0.0425785895054,0.0375351737829,0.0303888745256,0.5013131150961,0.4046143105979,0.0699505349428,0.3667266207966,0.0226805656513,-0.1743476422305,0.2866205653952,-0.0910481865231,0.0319827669061,0.2127346123331,0.3824992682793,0.0871996845260,-0.2119367669909,0.0779542358852,-0.1272658398728,0.0134388443085,-0.1149410435186,-0.0289811369705,-0.1032496083976,0.1353302267722,-0.0912303929775,0.0784611578044,-0.0033364042338,-0.0362570805113,-0.0402426020835,-0.1412041909980,-0.0749722751269,0.6232059567484,-0.2292189003595,0.1381287977308
0.4426994901538,0.2585661080194,-0.0615083461683,0.3792711129691,0.4289235540548,-0.1871727573345,0.2765902335577,0.0442355892898,-0.0926798975933,0.3977543758836,0.4670215607869,-0.0249013608536,0.5606230155770,-0.0270726018295,0.2541960518721,-0.0920593207999,-0.0077163940344,0.3877671715626,0.0462545878399,0.3234765515137,0.5453988238516,0.3095017161747,0.3461412630751,0.3712210492145,0.1828122291202,0.1933377072465,0.0589077874365,-0.0288112708264,0.1881844318452,0.6001969351049,0.3138143542209,0.0760741680932,-0.2818901499671,1.0000000000000,0.4576294982251,0.4335967623729,0.1646787091365,-0.1922019459851,0.4256424612960,0.3785148057698,-0.2104013002953,0.0782475340496,0.0040490926363,-0.2093560447797,0.3732470903704,0.4197851564500,-0.0461564393134,0.5279134661551,-0.0027830842661,0.0865080473147,-0.0966097721149,0.0372170300802,0.2753384561042,0.0763552527801,0.3631111083451,0.5009278612904,0.1849531300718,0.2980124470727,0.1475209560493,0.1939005591270,0.0833070286318,0.0559057698667,-0.0996653665594,0.1816346416357,0.4918728309464,0.1163790278790,0.2048176079064,0.0110970320718,0.6915481040687,0.4444610320325
