1.0000000000000,0.2386591384364,0.2300362386274,0.5094407622238,0.3218646856495,-0.2553806385315,0.1123550641196,0.3304077332503,-0.2048462452244,0.1595731454018,0.2328908534150,-0.1547548290618,0.2492114638058,-0.0332753965373,0.4923585702540,-0.0954431089899,0.2789211916887,0.4507942952467,0.3285145014617,0.3217177413229,0.4114058705644,0.2763127330314,0.3498867728984,0.3742406651553,0.2651454702103,0.3493196910096,0.1506120776679,0.0933522641824,0.2792067805386,0.3538462415957,0.3945008348324,0.0900042969570,-0.2804828345961,0.3052706825811,0.2520815626879,0.6462120257089,0.1166908955402,-0.0592562472164,0.4468222923372,0.2285486250683,-0.2337501805312,-0.1900560645380,0.2118699550407,-0.2353261931364,0.0729084406436,0.0603381669277,-0.1299247513727,0.2527655228245,-0.0870266366962,0.1936119977764,-0.0543991755897,0.0956174607800,0.3669661281121,0.1850385349873,0.3294459252440,0.3378862463240,0.1651463241174,0.3360185563876,0.2936545593119,0.2147481253008,0.2451569199322,-0.0350930149992,-0.0350575064697,0.2217409619332,0.1490876936246,0.1713859103756,-0.2359117127175,-0.1336718373823,0.2194871219981,0.2091362492708
0.2386591384364,1.0000000000000,0.4472587448944,0.5428766692247,0.3466846864624,-0.4885437670927,0.1640711261477,0.4446283807149,-0.3863077374271,0.2401360503411,0.4573584971247,-0.4946617832986,0.3196572577721,0.1800762772390,0.2537692360185,-0.0220301353827,0.3323781811648,0.5519557991223,0.2039038297511,0.2521986776947,0.4264987984885,0.5654769683916,0.5538216371853,0.6284914153097,0.3806887629492,0.5755283298609,0.6444299873308,0.4700086613495,0.4193593297127,0.0526324125201,0.6491983816375,0.3793923758469,-0.2608373242452,0.4106543911605,0.4949659174803,0.2408104301282,0.6089790842710,0.3565411828126,0.4549886479033,0.3150221615935,-0.3225367571632,-0.1314618412355,0.2271099459070,-0.3146758076847,0.0863825058288,0.3020932769032,-0.2274719099043,0.3216971111785,-0.2279879404382,-0.2380467942658,-0.1507552351409,0.2147609167718,0.6281161544455,0.4029629216976,0.3714592291573,0.4432403863166,0.3306797540412,0.5120291749541,0.6026549418142,0.2919173218801,0.4058697368879,0.4367444054795,0.4169290876581,0.3137958189451,0.0775042233119,0.3557302987092,-0.6765721813798,-0.2927004711672,0.2902267361373,0.5436587524850
0.2300362386274,0.4472587448944,1.0000000000000,0.3769911781835,0.0209846040982,-0.4338494288189,0.1440370097855,0.5401273285593,-0.2618250388959,0.3347660055006,0.1574439023687,-0.4200516661668,0.3020915950311,0.2960968802519,0.2670160843218,0.0341445644103,0.4721880572599,0.6802023124546,0.1598019964164,0.1609021862140,0.4839891993993,0.5896025067719,0.4349380644311,0.6821537969978,0.3973809786824,0.1915159344275,0.5276991867540,0.6346933106901,0.4206708568565,-0.0876253251113,0.4762000254147,0.2687945581237,-0.1655346925652,0.1622524307890,-0.0815675699861,0.0242411796197,0.2165175994932,0.7516733198507,0.0380858344189,-0.0221432654743,-0.3481869965923,-0.1245818926524,0.1182955196920,-0.4011959832780,0.1056301320418,0.2766339449750,0.0988452016642,0.3480349071488,-0.0976444148617,-0.2383457620323,-0.1320106011318,0.2781862273348,0.4617707577072,0.4608200814489,0.2805820553419,0.4614806545324,0.4906878224117,0.3051550587664,0.5623018044705,0.2947500430622,0.0960881669125,0.3013669637430,0.4804696098100,0.3551279307594,0.0651304424935,0.2434122368108,-0.4717821487004,-0.2929862492790,0.0548879429998,0.3019017054834
0.5094407622238,0.5428766692247,0.3769911781835,1.0000000000000,0.4469620062694,-0.4363928235391,0.2397469088968,0.4367237594918,-0.3366506809702,0.5009990375460,0.3689687690963,-0.2643953944591,0.5175090469547,0.1089166667425,0.1470786367825,-0.0034524036576,0.4614690862621,0.4695153465309,0.0402597548683,0.2522639685572,0.6117742670420,0.4893711893711,0.7336856406270,0.5791309173541,0.5613293903283,0.5680091521350,0.3366149968695,0.1310412961080,0.4682831677532,0.3101591040743,0.5811766730066,0.1495265446617,-0.2901997910653,0.5087791429360,0.4380312212501,0.5788688552409,0.5806841294312,0.2941544988987,0.8081896543032,0.3146934603569,-0.3800125876841,-0.0013456618530,0.3639780209133,-0.2772180955450,0.4577463518205,0.3198873904445,0.0174199131244,0.5165138872764,-0.0276510672163,0.0064915313873,-0.0308132531222,0.3199691696088,0.5451380343801,0.2882931888033,0.4373690229864,0.5835627983661,0.3273253396949,0.6962098589779,0.5012044921437,0.5872424257796,0.4158547078697,0.2897963531672,0.1421038454723,0.4131429489904,0.3289711956023,0.4581110636773,-0.2884174855209,-0.2374164458753,0.4268659631692,0.6262990141405
0.3218646856495,0.3466846864624,0.0209846040982,0.4469620062694,1.0000000000000,-0.4416375611671,0.0413502023391,0.4232503295802,-0.4639918315362,0.3135475994048,0.5234525502985,-0.4114596861558,0.4141753817733,-0.1703539854505,0.0204277346968,-0.2029496824996,0.1941899874956,0.3136650342952,-0.0793788434832,0.1019325462706,0.5409945950400,0.4743939944418,0.4863431079790,0.4367423742386,0.4902028637025,0.1964709794216,0.1172758156246,-0.0418789496730,0.5352153699578,0.2116148726623,0.5929985027798,0.1034596191753,-0.3362229367331,0.5717993229753,0.4492594519903,0.5061632095807,0.3439849546107,-0.0199747330350,0.3825768627844,0.9193975858217,-0.3980789837421,-0.0098102061661,0.4647480466427,-0.3219175985055,0.3312722654761,0.4708030676054,-0.3543153541775,0.4995817527439,-0.2492302221304,0.0190065959947,-0.1604515664391,0.1330420225334,0.4720187654074,0.1181231131790,0.3567154217881,0.5646123231090,0.3665396738432,0.4765037763730,0.4302844253148,0.4715034780010,0.2015006650616,0.1928743668588,-0.0132976246669,0.5000708273924,0.1983274951445,0.4618197909781,-0.2181578147971,-0.3353346647512,0.4844240815599,0.4312232781937
-0.2553806385315,-0.4885437670927,-0.4338494288189,-0.4363928235391,-0.4416375611671,1.0000000000000,-0.0190062579846,-0.4870135642990,0.8171288251135,-0.4246814456467,-0.1996576853264,0.5285316653234,-0.4789502849804,0.0627878386157,-0.0733709257973,0.2382756248964,-0.2025265359773,-0.5340581137595,-0.1728494519981,-0.2208540083329,-0.5555120929867,-0.4714738179633,-0.5164322984927,-0.5453291962169,-0.4148328951407,-0.2434445901817,-0.2484556040776,-0.2815008529439,-0.4283141169151,-0.0855553667486,-0.5566814196008,-0.2201353174616,0.6139591486623,-0.3489109352687,-0.2376294829066,-0.2328980253371,-0.3968093257128,-0.3502602234099,-0.2364453589127,-0.3911637202233,0.8713887883213,0.0848333980387,-0.3085223503851,0.7250345544539,-0.3329543269409,-0.3717496704511,0.2264518175414,-0.5364639199336,0.2397344778372,0.1593079496552,0.3469742648080,-0.0716123543671,-0.6130568422184,-0.4670842707382,-0.5094365199210,-0.5458105069177,-0.4033650424227,-0.4499561572465,-0.4992517921574,-0.3675588701063,-0.2171554570621,-0.2087977182955,-0.2528932987734,-0.3635087026831,-0.1968521190899,-0.3526587411734,0.3091993100493,0.7288379317695,-0.3116667825944,-0.4860260907942
0.1123550641196,0.1640711261477,0.1440370097855,0.2397469088968,0.0413502023391,-0.0190062579846,1.0000000000000,0.0584299516477,0.2799274728446,0.1501902539953,0.5904416289612,-0.0884914887281,0.6906064107864,0.3946070336790,0.5287555235440,0.6611960297005,0.1945197797063,0.0476620482806,0.2573665823954,-0.1227086723309,0.3631438229550,0.1768468737778,0.0995107148578,0.0880723855036,0.0857531757339,0.0704837130839,0.0590335973487,0.0345179700622,0.0424666445937,0.4731062029958,0.0740399416739,0.1304265996561,0.0665060227448,0.1447861632315,0.1554521913584,0.0429073446949,-0.1477240168032,0.2428201695563,0.0770462181263,-0.0185337395506,0.1663229471558,0.6378438553701,-0.1199414300262,0.2612767588323,0.1376533173213,0.3419065035031,0.2938455017492,0.5210021562724,0.1835581054318,0.3596644004284,0.5873415315568,0.0522074768155,0.0941734183841,0.4441730540450,0.0440540297346,0.2337417425567,0.0281764275177,0.0277348788841,0.0332950410107,0.1009503791318,0.0210011043052,-0.0194781915050,0.1610305425824,-0.0334529039123,0.4499378741569,-0.0801494691639,-0.3782364926199,0.1884257613457,0.1570341429223,0.4243141996343
0.3304077332503,0.4446283807149,0.5401273285593,0.4367237594918,0.4232503295802,-0.4870135642990,0.0584299516477,1.0000000000000,-0.3845510405648,0.4827690829065,0.2946319165252,-0.5232775788833,0.2246495165211,0.0533339876631,0.2937888256069,-0.0246969023523,0.2918086790709,0.4916685727968,0.0432090593760,0.2014124549125,0.3974787119654,0.5333794440063,0.5119794239536,0.5426915006312,0.7687064437873,0.3861251897698,0.3799651261063,0.3199849734298,0.6354180937424,0.0205318771373,0.6902197203845,0.2946601733765,-0.2104907820926,0.2528601261912,0.2739447225056,0.1606470563988,0.3600687322984,0.4014007000840,0.2992910032803,0.3625096682994,-0.4633166506765,-0.2161481918362,0.7018671088865,-0.3916704325826,0.3892923948366,0.2309872701084,-0.3068419171456,0.2605088737215,-0.1319981285599,-0.0281817826962,-0.1510613575864,0.1209254652002,0.4143236754942,0.2753827514271,0.2543720588718,0.3736587463045,0.3099737776388,0.4175848645375,0.4601641144694,0.6206378083663,0.3169546646770,0.3563516879177,0.2596595646392,0.5734414556343,-0.1097901863714,0.3334925220537,-0.4314039527701,-0.3392637320614,0.0757063016261,0.2744290317902
-0.2048462452244,-0.3863077374271,-0.2618250388959,-0.3366506809702,-0.4639918315362,0.8171288251135,0.2799274728446,-0.3845510405648,1.0000000000000,-0.3472656622278,0.0380136884080,0.5138549979015,-0.2296939335332,0.2894033607405,0.2477906294851,0.4542792379628,-0.1710622037717,-0.3528098693596,0.0195379081412,-0.1021450570819,-0.4079939631818,-0.4035236745725,-0.5512244867015,-0.4767614771588,-0.4102312378642,-0.1371947627609,-0.1259364678193,-0.1351921438779,-0.4044343805459,0.0204114044150,-0.5051228198935,-0.0132215063878,0.4898571818202,-0.3044657691385,-0.2288132338349,-0.3093604400919,-0.4919446795735,-0.2154183675825,-0.2323776436346,-0.4148932580607,0.8115385271395,0.2385251705073,-0.3933138646045,0.8105052920554,-0.2769395842042,-0.2112124768420,0.3737449266498,-0.3385829706566,0.3128318274994,0.2672726149230,0.4661950041155,-0.1012865291631,-0.5637109883250,-0.2074031073533,-0.4979321397795,-0.4230865430993,-0.4071515886305,-0.5455001874920,-0.5233293717021,-0.3722909777290,-0.1228683250591,-0.2003250321022,-0.1220669410458,-0.3816329129067,-0.1412549694511,-0.4439064905314,0.1431729065830,0.6283918442060,-0.3533844132751,-0.3458062538355
0.1595731454018,0.2401360503411,0.3347660055006,0.5009990375460,0.3135475994048,-0.4246814456467,0.1501902539953,0.4827690829065,-0.3472656622278,1.0000000000000,0.2382660129422,-0.3068199283613,0.4230994899743,0.1589499739662,0.0028989821774,0.1499876774979,0.2499893692178,0.1918717376468,-0.1874163474015,-0.0153435097416,0.4524465030594,0.3455335719899,0.4507657172080,0.3214848051462,0.6650202962590,0.2436649733581,0.0364559010776,0.1371814585296,0.2929071390942,0.1348134274200,0.2607783053852,0.0743424477951,-0.2294829027540,0.3012774733887,0.1264395013077,0.1265953054864,0.2376728912860,0.2805130601182,0.2975902870827,0.2443157632001,-0.4163848273799,0.1091959319019,0.2945095490517,-0.3600665464819,0.7720793116055,0.3044443052862,-0.1088665217332,0.4610645988343,0.0624542935294,-0.0279051814800,0.0872717244238,0.1662096704804,0.2019913166482,0.0380333499463,0.1178701640014,0.4338180663901,0.3115293587702,0.3672970255638,0.2852092972121,0.5915836995912,0.0725590185212,0.0098734484661,0.1071871748078,0.2754881062876,0.1695135008626,0.2399226623500,-0.1057126579800,-0.3176866297229,0.2737833141407,0.2558105354938
0.2328908534150,0.4573584971247,0.1574439023687,0.3689687690963,0.5234525502985,-0.1996576853264,0.5904416289612,0.2946319165252,0.0380136884080,0.2382660129422,1.0000000000000,-0.4020609828343,0.6946270767829,0.2539948413743,0.4454193772429,0.2852632569812,0.2320954937396,0.2598474903034,0.1260300152931,0.0332446486539,0.5795963895891,0.4107541632245,0.2364900144714,0.3092652179156,0.2197102430421,0.2858532725674,0.1842684629609,0.1354511403895,0.2254345778894,0.4078461131603,0.3252939996179,0.3543254445210,-0.2569429441234,0.5889912758310,0.4248735992380,0.3016152795201,0.0619377068759,0.1661653975520,0.2517774944047,0.4723350610291,0.0161674138018,0.2986698441410,0.0773234658349,0.1856838684472,0.2558377064144,0.5960003589554,-0.1315895959098,0.6372815322241,-0.0159132454293,0.2469133035444,0.2977332092792,0.0947432812332,0.2715901015998,0.4099641436246,0.1132473844752,0.5023470075532,0.2023785045552,0.1848967990683,0.2444157921559,0.2163103384089,0.2936683716086,0.1508273025053,0.2171871938354,0.1367573431123,0.3302361714837,0.0890459619625,-0.5570934169145,-0.0686302593162,0.4644518818125,0.5437121691985
-0.1547548290618,-0.4946617832986,-0.4200516661668,-0.2643953944591,-0.4114596861558,0.5285316653234,-0.0884914887281,-0.5232775788833,0.5138549979015,-0.3068199283613,-0.4020609828343,1.0000000000000,-0.3079858472898,0.2533366801313,-0.1124860849325,0.1903431262811,-0.3013675077441,-0.3808147622358,0.1797891416988,0.0476774350853,-0.3761222593793,-0.5554438852606,-0.4824604826880,-0.4814607123344,-0.4537094417910,-0.1501545345627,-0.1036279884777,-0.1343596022534,-0.4177287122050,0.1597796146132,-0.5609859600613,-0.2444171964108,0.3660192327196,-0.2817218810450,-0.1334801420445,-0.1730527274805,-0.3722287901290,-0.4422805530004,-0.1520399872314,-0.3686421340753,0.4291799003410,0.1496716897294,-0.4083807233161,0.3339261693233,-0.2920755275955,-0.2393922429380,0.6489648473989,-0.3036506492317,0.4560437231571,0.0665033448937,0.1783953100083,-0.1554086693934,-0.4710162107258,-0.2924715293147,-0.2685453240474,-0.3559598489873,-0.4498485465503,-0.4488259839306,-0.5289338277859,-0.4208140629688,-0.2055840928069,-0.2716146831494,-0.1882792889994,-0.3324176065165,0.0587948432923,-0.4086196882404,0.6415883823516,0.4180771745911,-0.1812963922494,-0.2774494218739
0.2492114638058,0.3196572577721,0.3020915950311,0.5175090469547,0.4141753817733,-0.4789502849804,0.6906064107864,0.2246495165211,-0.2296939335332,0.4230994899743,0.6946270767829,-0.3079858472898,1.0000000000000,0.2584542204782,0.2647823840436,0.2673413125741,0.3446547220438,0.2803766042964,0.1623240095464,0.0088517569437,0.7951779851421,0.4175261413364,0.3882822132275,0.3767806092520,0.2807086569034,0.1131244538604,0.0713943241103,0.0982455884300,0.2942149539435,0.4519279766706,0.3262053423180,0.0978765933758,-0.3769206611857,0.5169406295263,0.2694959969897,0.3243544010779,0.0775872820590,0.3524974560395,0.2637470325574,0.3209953309521,-0.2825901030023,0.5162698762599,0.0689757635467,-0.1049572777816,0.3933631795867,0.6780970656472,0.1528479120894,0.9244942022460,0.0501272151328,0.2265497642592,0.2522629942898,0.1940810911219,0.4097504424257,0.5614185415130,0.3582445794368,0.6692826793231,0.3333484768430,0.3219242589690,0.3443604995463,0.3130882123791,0.1125701410165,0.0938663986518,0.2119371227533,0.2163197710297,0.5821557527569,0.1967721041542,-0.3826410379067,-0.2258226358647,0.5407794239885,0.6783716048492
-0.0332753965373,0.1800762772390,0.2960968802519,0.1089166667425,-0.1703539854505,0.0627878386157,0.3946070336790,0.0533339876631,0.2894033607405,0.1589499739662,0.2539948413743,0.2533366801313,0.2584542204782,1.0000000000000,0.4446153522251,0.5541311047601,0.2061550766198,0.0245165557281,0.1994281000477,-0.1412842204531,0.2211773735242,0.2182467409323,-0.0684509955006,0.1963087737139,-0.0159863585806,0.2731493669814,0.3441517076404,0.5101123102487,-0.0003982889010,0.3053130959527,-0.1102810435353,0.3245138670109,0.2131541241736,0.1870198979603,-0.0664712651829,-0.1884691453894,-0.2241443496392,0.3512341837138,-0.0274596568602,-0.2058324874117,0.2468416210177,0.1990591397703,-0.2286051508918,0.1106589867109,0.0851716066963,0.1755965349002,0.6085715581473,0.2485050023657,0.7159981404636,0.0641432483592,0.3958434576550,0.1209227950714,-0.1572564799362,0.3364449464260,-0.2438869118426,0.1970957107936,0.0533709044502,-0.1123847828760,0.0339401018687,-0.0270854184831,0.1403398181771,0.0356514674792,0.5388209875338,-0.0067643502992,0.2778388219385,-0.2922662343350,-0.1158888732959,0.2892401821385,0.0646956179295,0.1984361929138
0.4923585702540,0.2537692360185,0.2670160843218,0.1470786367825,0.0204277346968,-0.0733709257973,0.5287555235440,0.2937888256069,0.2477906294851,0.0028989821774,0.4454193772429,-0.1124860849325,0.2647823840436,0.4446153522251,1.0000000000000,0.4383715542027,0.1239629867184,0.3135839243460,0.5732457035826,0.0901963622882,0.2175213148281,0.2069107582805,-0.0086535738469,0.1858952383523,0.0726611621025,0.3717885768865,0.2624997604373,0.3124327510835,0.0448678379850,0.4118959476806,0.1757462338608,0.5205142224269,0.0170228722725,0.1509399007752,0.0875510185487,0.1131709885041,-0.1836739540802,0.1300843433907,0.0562871838086,-0.0373445063595,0.0732976529082,0.0316595088731,-0.0706655412427,0.0724262611036,-0.0771062488222,0.0025476695415,0.1197960630483,0.1553150055322,0.1853382467144,0.4031753491466,0.3083610869834,-0.0577657844653,0.0936284337815,0.5458214745989,-0.0159160178015,0.1219545567492,-0.0237593960827,-0.0683159064087,0.0330705510862,-0.0177629303655,0.2968116575179,-0.0637688073542,0.2678513782858,-0.0338791003635,0.1348413095014,-0.2253345636565,-0.4432776676086,0.0508574881221,-0.0633073323444,0.1835044436909
-0.0954431089899,-0.0220301353827,0.0341445644103,-0.0034524036576,-0.2029496824996,0.2382756248964,0.6611960297005,-0.0246969023523,0.4542792379628,0.1499876774979,0.2852632569812,0.1903431262811,0.2673413125741,0.5541311047601,0.4383715542027,1.0000000000000,0.1264342925633,-0.1344027736481,0.1884333611193,-0.1678273582134,0.0388243818405,0.0084015559307,-0.1287407489612,-0.0797503222290,-0.0402740054526,0.0682709974046,0.0236052293037,0.1160432489869,-0.1855786648572,0.3382652244550,-0.2113605626480,0.1269927218556,0.2683457122098,0.0561020843447,0.0494216219491,-0.1792267274689,-0.2599464602027,0.1253415785817,-0.0988656930754,-0.2540503352101,0.4182677496847,0.4218167402788,-0.2405116449907,0.3262788069282,0.1067362511257,0.0256128710669,0.4133834307046,0.1110510214568,0.4054443765720,0.3084635085498,0.8037063276441,0.0732008329286,-0.2196562668468,0.2245976688369,-0.2355830710521,-0.0358948284091,-0.0777336936419,-0.1961696560603,-0.1901428452120,-0.0330568579352,-0.0445675343232,-0.1476326890050,0.1896004338166,-0.2361711973152,0.2576882309890,-0.2976198468863,-0.1180202980023,0.3481082027924,-0.0496426297228,0.1546477630361
0.2789211916887,0.3323781811648,0.4721880572599,0.4614690862621,0.1941899874956,-0.2025265359773,0.1945197797063,0.2918086790709,-0.1710622037717,0.2499893692178,0.2320954937396,-0.3013675077441,0.3446547220438,0.2061550766198,0.1239629867184,0.1264342925633,1.0000000000000,0.3263313214615,-0.0794651366484,-0.0075616278868,0.5431503844421,0.7473278878385,0.5239472585114,0.6624310888267,0.3536589929375,0.1555043592066,0.1378443764739,0.1172126363074,0.5213604573181,0.0230477799849,0.4261988264727,-0.0512675667163,-0.0720082729667,0.3006427269269,0.1776563710243,0.3619596606149,0.1838831902961,0.4035366896077,0.3225972600053,0.1876773968404,-0.1391717073879,0.0203836323597,0.1721865220144,-0.1752181514816,0.1738188034723,0.3493181171905,0.0701823132974,0.4053516375247,-0.0621694663849,-0.1257415635089,0.0871334505302,0.8668591585669,0.3007436825294,0.1922052347906,0.1867423569500,0.5570840797094,0.7378054619442,0.4979804529254,0.6714799549888,0.4366940957696,0.0265852973962,0.1041363578536,0.1145589364328,0.4821021977933,0.2289965157601,0.4762651234062,-0.4085327770540,0.0018938180206,0.2428732937714,0.4235230064778
0.4507942952467,0.5519557991223,0.6802023124546,0.4695153465309,0.3136650342952,-0.5340581137595,0.0476620482806,0.4916685727968,-0.3528098693596,0.1918717376468,0.2598474903034,-0.3808147622358,0.2803766042964,0.0245165557281,0.3135839243460,-0.1344027736481,0.3263313214615,1.0000000000000,0.4612608374614,0.6390722194327,0.4476051089164,0.5347029382574,0.4740234110585,0.7015527788627,0.2757005307849,0.3355943564841,0.5925429446504,0.4491577153192,0.4325425563781,0.0419312100573,0.6583440802290,0.3466991067784,-0.2600186443495,0.2948747882428,0.3615646380637,0.3007981982479,0.3486655774558,0.3100510456057,0.1930244036933,0.2836853735986,-0.4662716310661,-0.2177597542647,0.0950329075249,-0.4592196536580,-0.0413903619887,0.2407317673073,-0.1567636637399,0.3121699126837,-0.3115436919453,-0.2327996812422,-0.3273600218773,0.1486932388178,0.6557341527737,0.4745875853962,0.5325144695425,0.4797554733471,0.3830473052104,0.3273002471896,0.5357648577356,0.1442407032000,0.3219284061139,0.2894795885722,0.1921275616397,0.3064806028044,-0.0418824514296,0.3346486976789,-0.4056616003123,-0.4361151587180,0.1109519198319,0.4362499233228
0.3285145014617,0.2039038297511,0.1598019964164,0.0402597548683,-0.0793788434832,-0.1728494519981,0.2573665823954,0.0432090593760,0.0195379081412,-0.1874163474015,0.1260300152931,0.1797891416988,0.1623240095464,0.1994281000477,0.5732457035826,0.1884333611193,-0.0794651366484,0.4612608374614,1.0000000000000,0.5604399400586,0.0676234146827,-0.0217619936803,-0.0739251413046,0.1037164589798,-0.2075638016063,0.2874659830378,0.3671039975062,0.2990099759607,-0.0817406265700,0.3854485199196,0.0979035960554,0.3571719258727,-0.0671817361344,0.0972494256781,0.3311056393500,0.0108318645671,-0.1320694155884,-0.0806606414844,-0.0696800739826,-0.1128346417222,-0.0994678198139,-0.0202504512565,-0.2504780881880,-0.1030850028071,-0.3458762014509,-0.0712650751377,0.1293013613227,0.0830435276897,0.0073963770664,0.0871081227521,0.0202613240760,-0.1737080621012,0.1902798747126,0.5720907035517,0.2675815715756,-0.0090803118383,-0.1345275018923,-0.1337407541729,-0.0149670481971,-0.3353844479416,0.2330716738325,-0.0276507526645,0.1174646332168,-0.1672244853998,0.1063293668357,-0.2398405488687,-0.1406169800402,-0.1305342436404,0.0208904898916,0.2299607392529
0.3217177413229,0.2521986776947,0.1609021862140,0.2522639685572,0.1019325462706,-0.2208540083329,-0.1227086723309,0.2014124549125,-0.1021450570819,-0.0153435097416,0.0332446486539,0.0476774350853,0.0088517569437,-0.1412842204531,0.0901963622882,-0.1678273582134,-0.0075616278868,0.6390722194327,0.5604399400586,1.0000000000000,0.0506413078056,0.0348840633356,0.1012629212976,0.2199840286676,-0.0329302274092,0.3789133262900,0.4571826783942,0.2120857931128,0.0812550110702,0.0817736858044,0.2464303300591,0.1630615488551,-0.2509919951025,0.1573979054599,0.5324011501091,0.1260550717408,0.1891659848306,-0.1061451196277,0.2092965851009,0.1070985421281,-0.2438721420526,-0.2147723316055,-0.0290577471483,-0.1168118947977,-0.1485130690512,-0.0385527756862,-0.1955392904808,0.0209724335729,-0.2207343996296,-0.1652996851831,-0.2925838953166,-0.0436722954119,0.3205523349050,0.2104435359568,0.4400480023375,0.0777701591956,-0.0072644093445,0.0111390170985,0.1403887283413,-0.1450945430777,0.3597924588348,0.2526642145640,-0.0120431998415,-0.0211933870369,-0.1983749225690,0.0267537857094,-0.0478101844397,-0.2497777942872,0.0520302712279,0.1829687814033
0.4114058705644,0.4264987984885,0.4839891993993,0.6117742670420,0.5409945950400,-0.5555120929867,0.3631438229550,0.3974787119654,-0.4079939631818,0.4524465030594,0.5795963895891,-0.3761222593793,0.7951779851421,0.2211773735242,0.2175213148281,0.0388243818405,0.5431503844421,0.4476051089164,0.0676234146827,0.0506413078056,1.0000000000000,0.6399247338921,0.5532738568301,0.6319130463328,0.4348999043781,0.1614236918766,0.1828880091481,0.2032452195599,0.5187000904832,0.3135250964538,0.5172501240502,0.0641064346863,-0.3692650603469,0.6172923870461,0.2957599941563,0.5116428858475,0.2402538012953,0.4171583046923,0.3757562347909,0.4629292186628,-0.4058295973810,0.1492230338574,0.2165168008963,-0.3465318008161,0.3536034164749,0.6763443160769,0.0992611193437,0.8532216081601,-0.0539688284769,0.0109738520206,0.0315135383576,0.3489283509228,0.5494449392708,0.4741293686553,0.4046959076218,0.9207703806004,0.5593073866946,0.4970520589324,0.5796928903534,0.4475941271105,0.1374006590357,0.1224823706464,0.2248582196761,0.4480091594471,0.5077465619001,0.4192283012650,-0.4343695534387,-0.2853088656258,0.5777778106389,0.6844789020553
0.2763127330314,0.5654769683916,0.5896025067719,0.4893711893711,0.4743939944418,-0.4714738179633,0.1768468737778,0.5333794440063,-0.4035236745725,0.3455335719899,0.4107541632245,-0.5554438852606,0.4175261413364,0.2182467409323,0.2069107582805,0.0084015559307,0.7473278878385,0.5347029382574,-0.0217619936803,0.0348840633356,0.6399247338921,1.0000000000000,0.6511795403666,0.8949023425767,0.5179318735853,0.2563232126930,0.3496289943557,0.2853321235672,0.7308023146532,0.1178682747000,0.7272263641282,0.2230863149198,-0.1471948609902,0.4755538197949,0.2975582436234,0.3399801741413,0.3152520319474,0.5034268503608,0.2683716965046,0.4556205216074,-0.3627081782999,-0.0724603593069,0.3107209849193,-0.3979146883510,0.2790066046915,0.4599813895789,-0.1381174999556,0.5084634620193,-0.1080700158562,-0.2365824019431,-0.0528341220240,0.5758396771501,0.4953566138147,0.3506529295472,0.2763815134127,0.6584413447340,0.8286648388006,0.5924682377315,0.8142820103737,0.5159801153477,0.1450210054888,0.2687408412685,0.2745339255818,0.6598153184001,0.2214149578543,0.5743531224566,-0.5147615463051,-0.2084104714079,0.3578753761004,0.5349330530224
0.3498867728984,0.5538216371853,0.4349380644311,0.7336856406270,0.4863431079790,-0.5164322984927,0.0995107148578,0.5119794239536,-0.5512244867015,0.4507657172080,0.2364900144714,-0.4824604826880,0.3882822132275,-0.0684509955006,-0.0086535738469,-0.1287407489612,0.5239472585114,0.4740234110585,-0.0739251413046,0.1012629212976,0.5532738568301,0.6511795403666,1.0000000000000,0.7153408153614,0.6462270927950,0.3180666342374,0.2396890140321,0.0565736220309,0.6342371022553,0.1369362631691,0.7529876384940,0.0281944813617,-0.1649156168905,0.3869137464831,0.3165854964951,0.4696907559214,0.6563145219656,0.3339789749440,0.5387359051615,0.4094942616450,-0.4872834791190,-0.0991056207825,0.4537095259834,-0.4943086822814,0.3605936822881,0.3397504059764,-0.1760144976450,0.4366734035158,-0.2051432783953,-0.1666719794345,-0.1469318558933,0.3953959035289,0.6033126936429,0.2106039738076,0.3996279940597,0.5468128854323,0.5709061732033,0.9105921681740,0.7268463569041,0.6040042052474,0.1985557158441,0.2481627059530,0.0420963675382,0.5846963312096,0.2730509929926,0.7120155916222,-0.3429845738194,-0.3026469013590,0.3974751190076,0.5268889195840
0.3742406651553,0.6284914153097,0.6821537969978,0.5791309173541,0.4367423742386,-0.5453291962169,0.0880723855036,0.5426915006312,-0.4767614771588,0.3214848051462,0.3092652179156,-0.4814607123344,0.3767806092520,0.1963087737139,0.1858952383523,-0.0797503222290,0.6624310888267,0.7015527788627,0.1037164589798,0.2199840286676,0.6319130463328,0.8949023425767,0.7153408153614,1.0000000000000,0.4802108569138,0.3196225376291,0.4932003325661,0.4180412925312,0.7273210974353,0.1270712870608,0.7760251522484,0.2408709454158,-0.1983940595842,0.4692162354865,0.3333486118430,0.3772670476316,0.4494481180969,0.4779472847965,0.3344839893454,0.3895225328249,-0.4522344124445,-0.1771572284787,0.2700498132321,-0.5244617272444,0.1798647154180,0.3859765601703,-0.0999261138706,0.4505092376162,-0.1230176791462,-0.3363835579762,-0.1693817848669,0.4838994838282,0.6107332018028,0.3471310288154,0.3632122579413,0.6394460681095,0.7382869278510,0.6518535471772,0.8732313164733,0.4239967078239,0.1766500245122,0.2841230003826,0.3081485531269,0.6309085694729,0.2085311959175,0.5675338791112,-0.4442447586521,-0.3093336768152,0.3816725834368,0.5367021982590
0.2651454702103,0.3806887629492,0.3973809786824,0.5613293903283,0.4902028637025,-0.4148328951407,0.0857531757339,0.7687064437873,-0.4102312378642,0.6650202962590,0.2197102430421,-0.4537094417910,0.2807086569034,-0.0159863585806,0.0726611621025,-0.0402740054526,0.3536589929375,0.2757005307849,-0.2075638016063,-0.0329302274092,0.4348999043781,0.5179318735853,0.6462270927950,0.4802108569138,1.0000000000000,0.2951460428879,0.2042674483997,0.0998715063609,0.6899560560907,0.0226729294253,0.6204400277817,0.0727080640932,-0.1077409467388,0.2061626487329,0.1916132505484,0.2430764223893,0.4407820413655,0.3571059468156,0.4677414682237,0.4358379983899,-0.4216793523144,-0.0622941968426,0.7125228051823,-0.3738323184966,0.5948223406763,0.2493901191640,-0.2203482595902,0.3350548299655,-0.1107818093224,-0.0334161115345,-0.0666106933302,0.2200786104864,0.3841079634637,0.0711996343016,0.2413115742513,0.4368072990658,0.3774705938253,0.5965375826046,0.4931497195799,0.8838629089204,0.1709310881927,0.2768721936667,0.1185929442433,0.6839489576459,0.0597090269085,0.4858707413518,-0.3438942637213,-0.2342985626954,0.1581122099656,0.2740780410652
0.3493196910096,0.5755283298609,0.1915159344275,0.5680091521350,0.1964709794216,-0.2434445901817,0.0704837130839,0.3861251897698,-0.1371947627609,0.2436649733581,0.2858532725674,-0.1501545345627,0.1131244538604,0.2731493669814,0.3717885768865,0.0682709974046,0.1555043592066,0.3355943564841,0.2874659830378,0.3789133262900,0.1614236918766,0.2563232126930,0.3180666342374,0.3196225376291,0.2951460428879,1.0000000000000,0.4965982979139,0.3701719627060,0.1569525025529,0.2141516244962,0.3078897456337,0.5025278321925,-0.1621410548861,0.3211857472024,0.4477962947412,0.2037790961080,0.3640581701198,0.1466125395898,0.5697060971404,0.1374452708099,-0.2277480844961,-0.2072321193378,0.2001317070253,-0.1228846134488,0.2020222692033,-0.0401147996203,-0.1740264579986,0.0876881344163,0.1555142512633,0.0044191015973,-0.0598927596017,0.0809809803293,0.2450077598384,0.2783104965486,0.1735844773551,0.1479606484686,0.0479890032676,0.2819353274886,0.1961186774989,0.2223254684690,0.6714565379008,0.2486492739636,0.3336273454886,0.0880246081507,-0.0704275176826,0.0065647699080,-0.2494499922595,-0.1832286239218,0.1344448262959,0.3072044584431
0.1506120776679,0.6444299873308,0.5276991867540,0.3366149968695,0.1172758156246,-0.2484556040776,0.0590335973487,0.3799651261063,-0.1259364678193,0.0364559010776,0.1842684629609,-0.1036279884777,0.0713943241103,0.3441517076404,0.2624997604373,0.0236052293037,0.1378443764739,0.5925429446504,0.3671039975062,0.4571826783942,0.1828880091481,0.3496289943557,0.2396890140321,0.4932003325661,0.2042674483997,0.4965982979139,1.0000000000000,0.6946515037290,0.3105798138053,0.0157618700404,0.4448302220088,0.4439460200608,-0.0910498469435,0.2223696197476,0.3285625925255,-0.0554606623450,0.3909354877000,0.3929888637198,0.2246348725506,0.0892086361825,-0.1536332124192,-0.2256822515553,0.0846284375128,-0.2191436106920,-0.1494525326621,0.0852307963454,0.0904865861569,0.1076745680821,-0.0490323066371,-0.3068892410349,-0.2161170733190,0.0260600384444,0.4748792314804,0.3976832174946,0.3326968096378,0.2404497477877,0.0673942580035,0.1621061575994,0.3411308564502,0.0793372554378,0.3948323000803,0.6385660409419,0.5764344348441,0.2191070315715,-0.1469990867721,0.0464479744615,-0.3730965918816,-0.1683227768769,0.0069110147717,0.2822131804084
0.0933522641824,0.4700086613495,0.6346933106901,0.1310412961080,-0.0418789496730,-0.2815008529439,0.0345179700622,0.3199849734298,-0.1351921438779,0.1371814585296,0.1354511403895,-0.1343596022534,0.0982455884300,0.5101123102487,0.3124327510835,0.1160432489869,0.1172126363074,0.4491577153192,0.2990099759607,0.2120857931128,0.2032452195599,0.2853321235672,0.0565736220309,0.4180412925312,0.0998715063609,0.3701719627060,0.6946515037290,1.0000000000000,0.1481264929875,0.0112229905659,0.1997535898816,0.4605890458022,-0.1602008532945,0.2491392187207,0.0001825730238,-0.2015226088341,0.0607129528131,0.5422305837186,-0.0422223863458,-0.0442456643957,-0.1564730419083,-0.2118717335708,-0.0777329500088,-0.2889133207065,-0.0732385926185,0.0577941819295,0.1509635335802,0.1553263896685,0.1172883850278,-0.2966679386457,-0.1211841200783,0.0359693775488,0.1409184197546,0.3659872685321,0.0137797602316,0.2108423402242,0.0890271269606,-0.0252115529164,0.2361784854522,-0.0482307377375,0.2034496191803,0.2995705342079,0.8536386525090,0.0839475901718,-0.0937393946047,-0.1962111057914,-0.3098138578339,-0.1774311207957,0.0388974222328,0.1156588946159
0.2792067805386,0.4193593297127,0.4206708568565,0.4682831677532,0.5352153699578,-0.4283141169151,0.0424666445937,0.6354180937424,-0.4044343805459,0.2929071390942,0.2254345778894,-0.4177287122050,0.2942149539435,-0.0003982889010,0.0448678379850,-0.1855786648572,0.5213604573181,0.4325425563781,-0.0817406265700,0.0812550110702,0.5187000904832,0.7308023146532,0.6342371022553,0.7273210974353,0.6899560560907,0.1569525025529,0.3105798138053,0.1481264929875,1.0000000000000,-0.0024577316382,0.7942597971792,0.0475618737521,-0.1045606252334,0.3104077563760,0.2620316628652,0.3341265963073,0.3516069747456,0.3221497000228,0.3386779154694,0.5034881802799,-0.3947115941897,-0.1560482124426,0.6108298657548,-0.3940162860690,0.2378825558882,0.3497546142519,-0.1496415021349,0.3715641203725,-0.2193946344995,-0.2331065020034,-0.2141717930198,0.3482706197037,0.4543439639454,0.1640196115474,0.2716032112079,0.5470044734203,0.5489220772788,0.6023917788948,0.6963138616858,0.6157436752280,0.0444831884811,0.2811005422323,0.0943836296993,0.9380440295872,0.1021040104190,0.6375256295944,-0.4044134395428,-0.2052182264390,0.2377011569477,0.3798301947789
0.3538462415957,0.0526324125201,-0.0876253251113,0.3101591040743,0.2116148726623,-0.0855553667486,0.4731062029958,0.0205318771373,0.0204114044150,0.1348134274200,0.4078461131603,0.1597796146132,0.4519279766706,0.3053130959527,0.4118959476806,0.3382652244550,0.0230477799849,0.0419312100573,0.3854485199196,0.0817736858044,0.3135250964538,0.1178682747000,0.1369362631691,0.1270712870608,0.0226729294253,0.2141516244962,0.0157618700404,0.0112229905659,-0.0024577316382,1.0000000000000,0.0706936476110,0.2395591651161,-0.0563560180315,0.4742154234060,0.3569961329722,0.3122477532594,-0.0591608057960,-0.0791385807851,0.2468754470220,0.1291171807326,-0.0214117338692,0.2238922128704,-0.0564990219127,0.0178391769516,0.1857277026377,0.1294505396103,0.2135078946893,0.3793695122621,0.3439745160144,0.3163831502565,0.3654566597156,-0.0261445231660,0.0132590643338,0.2959372720050,0.0282015064646,0.1700709355878,-0.0192605097463,0.1590278712779,-0.0126585194235,0.0268862558046,0.1515578789423,-0.0753256307245,0.0825317032152,0.0080261113688,0.6701178426029,-0.0821149431670,0.0539489566900,0.0756915507185,0.5025549630562,0.4101321479852
0.3945008348324,0.6491983816375,0.4762000254147,0.5811766730066,0.5929985027798,-0.5566814196008,0.0740399416739,0.6902197203845,-0.5051228198935,0.2607783053852,0.3252939996179,-0.5609859600613,0.3262053423180,-0.1102810435353,0.1757462338608,-0.2113605626480,0.4261988264727,0.6583440802290,0.0979035960554,0.2464303300591,0.5172501240502,0.7272263641282,0.7529876384940,0.7760251522484,0.6204400277817,0.3078897456337,0.4448302220088,0.1997535898816,0.7942597971792,0.0706936476110,1.0000000000000,0.2099891417590,-0.2189424319117,0.3784465978022,0.4423563543710,0.4340818839929,0.5517429736870,0.3004116750095,0.4166689899350,0.5301765327876,-0.4964919902741,-0.1943671055738,0.5390280913792,-0.4967748189994,0.1796190395289,0.3206409923560,-0.2974249302489,0.3676461691124,-0.3519076294039,-0.2026726139789,-0.2957387111714,0.2563536188022,0.7038714644310,0.3062045477708,0.4756504107755,0.5295556090578,0.4890772709517,0.6831117663220,0.7057322742242,0.5428041833973,0.2403438376376,0.3767174973059,0.1303155628572,0.6885967244864,0.0525728649703,0.6858561280374,-0.5065637803119,-0.3418648099407,0.2559702959767,0.5126265470032
0.0900042969570,0.3793923758469,0.2687945581237,0.1495265446617,0.1034596191753,-0.2201353174616,0.1304265996561,0.2946601733765,-0.0132215063878,0.0743424477951,0.3543254445210,-0.2444171964108,0.0978765933758,0.3245138670109,0.5205142224269,0.1269927218556,-0.0512675667163,0.3466991067784,0.3571719258727,0.1630615488551,0.0641064346863,0.2230863149198,0.0281944813617,0.2408709454158,0.0727080640932,0.5025278321925,0.4439460200608,0.4605890458022,0.0475618737521,0.2395591651161,0.2099891417590,1.0000000000000,-0.1854935205604,0.2901240573508,0.1351166305210,-0.0703418836577,0.0513508398376,0.1555006270688,0.0236811184104,0.0422611066382,-0.1509224597367,-0.2552586458807,-0.0455754009270,-0.1486518532427,0.0123022975863,-0.0437314842656,-0.1406991432421,0.0542744201891,0.1204149150658,-0.0145056720593,-0.0295683243040,-0.1368917777275,0.0926845005122,0.4347419657486,-0.0175122881150,0.0367349793807,-0.0634705730396,-0.0189202004355,0.0420735424660,-0.0425280334266,0.4451924015814,0.1759382118006,0.3943027194600,-0.0074409570148,-0.0772622363013,-0.2031101402568,-0.2392175772424,-0.2492550836417,0.0610561466812,0.1649153724988
-0.2804828345961,-0.2608373242452,-0.1655346925652,-0.2901997910653,-0.3362229367331,0.6139591486623,0.0665060227448,-0.2104907820926,0.4898571818202,-0.2294829027540,-0.2569429441234,0.3660192327196,-0.3769206611857,0.2131541241736,0.0170228722725,0.2683457122098,-0.0720082729667,-0.2600186443495,-0.0671817361344,-0.2509919951025,-0.3692650603469,-0.1471948609902,-0.1649156168905,-0.1983940595842,-0.1077409467388,-0.1621410548861,-0.0910498469435,-0.1602008532945,-0.1045606252334,-0.0563560180315,-0.2189424319117,-0.1854935205604,1.0000000000000,-0.4458667073635,-0.1341634499034,-0.2781082558921,-0.1869147553244,-0.0864860655856,-0.2396542333816,-0.2921490103016,0.5080558039754,0.1360214130235,-0.1125523430475,0.3200896613536,-0.2554368879720,-0.2306441416334,0.3306931772347,-0.4215162571554,0.3037462986224,0.0632055154198,0.2362073788347,-0.0241335839153,-0.3519634491625,-0.2295132399482,-0.3726365261929,-0.3231508863198,-0.1261879920746,-0.1739196299632,-0.2083017009138,-0.1098097847734,-0.1641417150083,-0.1635327915312,-0.1588314684949,-0.0639169227228,-0.0772724903761,-0.0497129331499,0.1984277195458,0.6529327119008,-0.3933478165339,-0.2253268902010
0.3052706825811,0.4106543911605,0.1622524307890,0.5087791429360,0.5717993229753,-0.3489109352687,0.1447861632315,0.2528601261912,-0.3044657691385,0.3012774733887,0.5889912758310,-0.2817218810450,0.5169406295263,0.1870198979603,0.1509399007752,0.0561020843447,0.3006427269269,0.2948747882428,0.0972494256781,0.1573979054599,0.6172923870461,0.4755538197949,0.3869137464831,0.4692162354865,0.2061626487329,0.3211857472024,0.2223696197476,0.2491392187207,0.3104077563760,0.4742154234060,0.3784465978022,0.2901240573508,-0.4458667073635,1.0000000000000,0.5035736095851,0.4821889754700,0.2087473819316,0.1447209540012,0.4099722265705,0.4599315188608,-0.1986439549703,-0.0811980613382,0.1226006379742,-0.1931001693227,0.2649878272208,0.4317182532876,-0.0970605899066,0.5602452272119,0.0040247838655,0.0071153037872,0.0685773992953,0.2108610475302,0.3315265734199,0.3518165541853,0.2522180063970,0.6142538864968,0.3227980870570,0.3930708001067,0.3941816812165,0.2108516816853,0.3146224920130,0.2039864015081,0.3024150945753,0.2535107745740,0.4161825732436,0.1947818887683,-0.2554682159270,-0.2596866460049,0.7902620094806,0.5719110504874
0.2520815626879,0.4949659174803,-0.0815675699861,0.4380312212501,0.4492594519903,-0.2376294829066,0.1554521913584,0.2739447225056,-0.2288132338349,0.1264395013077,0.4248735992380,-0.1334801420445,0.2694959969897,-0.0664712651829,0.0875510185487,0.0494216219491,0.1776563710243,0.3615646380637,0.3311056393500,0.5324011501091,0.2957599941563,0.2975582436234,0.3165854964951,0.3333486118430,0.1916132505484,0.4477962947412,0.3285625925255,0.0001825730238,0.2620316628652,0.3569961329722,0.4423563543710,0.1351166305210,-0.1341634499034,0.5035736095851,1.0000000000000,0.3737514859020,0.3793481008584,-0.1552416232264,0.4775505468426,0.3937232287966,-0.1763551400989,0.0266032622092,0.1994890174359,-0.0903476103972,0.0632352604349,0.2176401227296,-0.2601692234033,0.2511462692514,-0.1713641080774,-0.0842741261659,0.0108770912765,0.1285676992227,0.4135858757046,0.2146030354229,0.3842135065128,0.3179607962122,0.1337479180698,0.3121762298067,0.2934541329639,0.1606206959957,0.4058129155455,0.2473152290323,-0.0323145537057,0.1592551092550,0.1475704371855,0.3022623928896,-0.2521779617758,-0.1207675275326,0.4250363516678,0.5947076644106
