1.0000000000000,-0.1493299929175,0.1523452125146,-0.1643294255890,0.1886757281238,-0.2270056463664,0.1437042523803,0.4840511458828,-0.0453843111587,0.2363466945279,-0.0664583850021,-0.0230235162647,0.1957259426646,-0.0146881676625,0.2275504243203,-0.1004005254723,0.1237739285601,0.1680451737863,0.1779679345212,0.4151799648393,0.1537077382255,0.1438743506832,-0.0725675494152,-0.0648724806811,0.1463738192481,0.1868592214470,0.0670599953463,0.1277615666959,0.0456356602711,0.1043785811564,-0.0158947835986,0.0105969682577,0.0536950136563,0.0550590802609,-0.0893837238355,0.6254912737257,-0.1929446707161,0.0641759245909,-0.1651913658255,0.1707551561333,-0.2658843024069,0.0599546079271,0.3240923117859,-0.1415134419078,0.1916197699944,0.0647980420111,-0.0927244323741,0.1677779413445,-0.0390285760826,0.1401664476507,0.0417489995413,0.1280764926644,-0.0800872063996,-0.0330283589261,0.0504057734101,0.1211216997625,0.0813340302828,-0.1425162699271,-0.1220264142970,0.2037417873730,0.0028418638358,-0.0838611645862,-0.1370677036010,-0.0590410552817,0.0681281864360,-0.1595616324474,-0.0418839810434,-0.0454303852922,0.0434491494929,-0.1446642682112
-0.1493299929175,1.0000000000000,-0.0320722462706,0.5004485460729,0.0823083884902,0.0005133207482,-0.3281479919909,0.1547669904672,-0.3522896370707,-0.0107384002932,0.0682425298670,-0.0129421164798,-0.0638038389415,-0.0367019510660,-0.1062938705352,0.1521213755471,-0.1813336364570,0.3467492136488,-0.1901216790709,0.1912926391228,-0.1531106733975,0.1161068463639,0.5064023078169,0.3108973601589,0.0180694830310,0.3009144954730,0.2726067762601,0.0734269973829,0.1086351252251,0.1714519096963,0.4890110699279,0.0110300360198,0.0411610754182,0.0549343660896,0.4024294105138,-0.1431086241697,0.7791513648020,-0.3258423313497,0.5508663848680,0.0730983025924,-0.0168294870746,-0.3515372253416,0.0447645888358,-0.2518680541104,-0.0321528014999,-0.0484114830542,0.0007529765072,-0.0793155282594,0.0465179957704,-0.1734617810562,0.1367830343800,-0.2145909205519,0.2807138185935,-0.1379509409199,0.3080723385286,-0.0092899515946,0.0851215302878,0.4311246089863,0.2050937827798,-0.0400645017830,0.4739636189062,0.1969688063782,-0.0523028282587,0.1867201578628,0.1881664083615,0.2138041859663,0.0226068271568,0.0874966170045,0.2713645953650,0.4162296099524
0.1523452125146,-0.0320722462706,1.0000000000000,-0.2839401252121,-0.1882331812675,-0.2661469294695,0.1464071270067,0.2473900595187,0.0831559474461,-0.1585454448149,-0.3420612883403,-0.0190562136803,-0.1148032021916,-0.0843050222515,-0.1981855640172,-0.2532029985895,0.1493746192185,0.2918862944328,0.0212050684508,0.0871877006457,-0.1544378346452,0.0917958638449,-0.0151255612858,0.0871925754048,0.1179838659638,0.0457099510304,0.4244411471399,0.4082688273596,0.2940660012654,-0.3858781566096,0.2613936815287,-0.1953048747774,-0.3003373033345,-0.3644454907872,-0.0938950880523,0.0052807953892,-0.0429560447766,0.5402272296106,-0.2568463089552,-0.1619929716853,-0.1890351617457,0.0319762659230,0.2384224641169,-0.0986360892620,-0.1727959223977,-0.3041329373460,-0.1286641342676,-0.0265196396755,-0.1428306617540,-0.1757570349804,-0.0491675013194,0.1252532583699,-0.0308123027604,-0.0440334144969,-0.3413599017626,-0.1784553001295,0.0299255067574,-0.1167902121639,0.0129417167996,0.1412212204067,-0.1911308682392,-0.0474357316133,0.1181494064519,0.0340213389614,-0.3176175403201,0.2423671090908,-0.1838664122537,0.0567200763837,-0.1262909317468,-0.2318750641950
-0.1643294255890,0.5004485460729,-0.2839401252121,1.0000000000000,0.0346117510444,0.2472639762443,-0.4847620120754,0.0924590126047,-0.3195726257139,0.3010555274377,0.1761211137567,0.2392039256035,0.0614629542040,0.3275761836781,0.3339119593943,0.3667054863249,-0.3634379237272,-0.0434442100115,0.1313327299747,0.1039131195534,-0.1025858086398,-0.1605262068038,0.3287872322823,0.0209664296955,0.0674457008038,0.4150356685412,0.1621483260547,0.1776373722087,-0.2049343177656,0.2052991753233,0.1515143498514,0.3920232488013,0.3224377598275,0.0897998680105,0.1787509599098,-0.1816597402969,0.3571395206720,-0.5772149617576,0.8963704709886,0.0215864853219,0.2367433101357,-0.3926439253712,-0.1552953876759,-0.1515940475527,0.1968298782897,0.0518877265568,0.3545423148339,-0.0827727146881,0.4094350167825,0.1729794976584,0.2204809206682,-0.3751070514418,0.0439232700649,0.1158620246770,0.6141125847089,0.0459571157074,-0.1213810602473,0.2011020243831,-0.0326051545997,-0.2172542552773,0.7256151770334,0.4476028748176,0.2454591420706,0.1807633253023,0.2939841771800,-0.2298741483159,0.3432846269147,0.0929882487273,0.0053981466529,0.3002371287902
0.1886757281238,0.0823083884902,-0.1882331812675,0.0346117510444,1.0000000000000,-0.1490959546789,0.0309475650307,0.3307085226342,-0.2276205580709,0.3092792662848,0.4295465115020,-0.3081305168117,0.5729989544433,-0.1309518414530,-0.0871142885813,0.1810250601500,0.1822027847240,0.0490089467976,-0.1611903766210,0.1495923234347,0.7843854909699,0.4893847503600,0.2721566540169,0.3204275086807,0.5240101903416,-0.0323016824835,-0.0832561706567,-0.0860790621763,0.4207605592291,0.1857091693324,-0.0236119074299,-0.1137007275200,0.0693150822416,0.2054110403029,-0.0170954730743,0.1648403505934,0.0058445017143,-0.2568189092326,0.0177834511332,0.9183251297299,-0.1298812471622,0.1079934050737,0.1995614179406,-0.2062569821887,0.3054264406010,0.4916385970770,-0.3090125730980,0.6594202645905,-0.1235386902035,-0.2062887113760,0.0630460433487,0.2660931467002,-0.0930806211623,-0.2626638571901,0.0936314365473,0.7570413503667,0.4685805499811,0.0716793868516,0.3450294868145,0.5352983929240,-0.0166925925688,-0.0397853555164,-0.2251297497428,0.4939345669204,0.0721385842298,-0.1670261387960,-0.1524040146956,-0.1307576349713,0.2935176414827,0.0077936309209
-0.2270056463664,0.0005133207482,-0.2661469294695,0.2472639762443,-0.1490959546789,1.0000000000000,-0.0297299641911,-0.2413094723441,0.5657581777042,-0.0738096360483,0.3112369521946,0.4700227192945,-0.2694976753883,0.2415546642398,0.6472003483344,0.5667361319839,-0.2469833106327,-0.3886505953370,0.4422914376119,-0.1777141154224,-0.1948588781130,-0.3422609067164,-0.1812268455287,-0.2679735413648,-0.3390218599302,-0.1561302695468,-0.2404755487371,-0.0970818362729,-0.3328392157628,0.1739607310717,-0.1635213156883,0.3545356557841,0.4109317093128,0.0198792318719,-0.1138006269063,-0.2425342414203,-0.0803733868308,-0.1786570826985,0.1827837037141,-0.1625811781010,0.8127021365495,0.0938830883412,-0.4038569556313,0.6143399210633,-0.1316245631386,0.0608843575291,0.4298347933751,-0.3777460207437,0.3465521431642,0.4331977690477,0.2846335540058,-0.2758595851065,-0.1450975576414,0.3695594653368,0.1234587585294,-0.1321588429604,-0.3825096006546,-0.2593393780997,-0.2427724244655,-0.4391472003657,0.0885202455130,-0.0006969836390,0.0986272649553,-0.2131153008688,-0.0344840537743,-0.3294121372209,0.3342806360994,-0.0707213385312,-0.1638547897415,-0.0515866868877
0.1437042523803,-0.3281479919909,0.1464071270067,-0.4847620120754,0.0309475650307,-0.0297299641911,1.0000000000000,-0.0843481347941,0.3699569300781,0.0639294472034,0.0083178928079,0.0095147735174,0.4058121566224,-0.0932927305760,-0.1279530027609,0.0960172150770,0.1656580395675,0.0659317734187,0.0019003694255,0.0494126980944,0.2020290463327,-0.0424526292008,-0.0738802889511,-0.2156397475621,0.0931168424098,-0.1461985637822,-0.1491822038319,-0.2856117389704,0.1065955499628,-0.0381771784573,-0.1705549345514,-0.2783307475377,-0.1788099439075,-0.1341385542745,0.0482262123932,0.1927813874430,-0.2774131512483,0.3958604960084,-0.3989303949349,0.0680647526968,-0.1977114167463,0.7928175387192,0.1190331175092,0.1311126555966,0.1611974202417,0.0725658700496,-0.1794128358977,0.4215013000690,-0.1989226372461,-0.0861104582314,0.2178234188648,0.1954847050629,0.0266522645113,-0.1134224146727,-0.5085914178627,0.0978686340739,-0.0295461269447,0.0474377369529,-0.1737986525762,0.2635710061631,-0.4183413685295,-0.5035017417302,-0.4049511906068,-0.2094794409482,-0.1174920271770,0.1646061841734,-0.2901268326372,-0.0166732710510,-0.0019798152124,-0.1703635816231
0.4840511458828,0.1547669904672,0.2473900595187,0.0924590126047,0.3307085226342,-0.2413094723441,-0.0843481347941,1.0000000000000,-0.2743944759823,0.4166779773592,0.0423274516707,-0.2149129352960,0.2057492283216,-0.0845081604852,0.0961946121408,0.0457192071212,0.0352595339256,0.2253946748410,-0.0257067408602,0.3152157491946,0.1690015446051,0.3665237245843,0.3606349244139,0.1833816961505,0.4756792863192,0.1942555329783,0.1358254866160,0.2374395585496,0.3509652166993,0.0038727849823,0.3863929734940,-0.0161668998695,-0.0807197647400,0.0441257408622,0.0210907445741,0.3415255549884,-0.0126601572487,-0.1181632904610,0.0762267259735,0.3305084200855,-0.2674578770500,-0.1608401602477,0.5991204537701,-0.3025940833795,0.3152958828376,0.0661278143889,-0.2563434417507,0.1678440983926,-0.0667401982388,0.0257713652221,0.1106027857926,0.0737323939826,-0.0224825090733,-0.1684924836452,0.1366903501302,0.1912507870059,0.1604248416536,0.0769257038783,-0.0089244743863,0.3980953206883,0.0912747578189,-0.0205022775385,-0.1590852528616,0.2741911542582,-0.0218413616119,-0.0607962417410,-0.1090316378592,0.0149856872463,0.2240822029196,-0.0089027492456
-0.0453843111587,-0.3522896370707,0.0831559474461,-0.3195726257139,-0.2276205580709,0.5657581777042,0.3699569300781,-0.2743944759823,1.0000000000000,-0.1207254426875,0.2863594550222,0.4295877187814,-0.3456744398908,0.1273740256370,0.4824686281902,0.3038281453397,-0.1301590131186,-0.3460377138249,0.4889256248936,-0.0920146043641,-0.1426102402027,-0.3533145561102,-0.3826918546509,-0.4351487352054,-0.3133545145815,-0.2873024482757,-0.2956923669727,-0.0556882495509,-0.2632906325243,0.0691305958812,-0.2508893595864,0.1527267463388,0.1744855430831,-0.1218016050690,-0.2864703975198,-0.0626282569006,-0.3446642985053,0.3165545769319,-0.3567063160914,-0.1917315565035,0.5791240947985,0.4931218731785,-0.1758031593973,0.7987261286930,-0.1033795463130,0.1496811648282,0.2094419793711,-0.2578172038067,0.1373531559846,0.4080317637020,0.1988839341154,-0.1358652358796,-0.2355448965446,0.3833530916482,-0.3765084925287,-0.1922102180888,-0.3348683478285,-0.3329620394466,-0.2555157024110,-0.2420698941334,-0.4104654336907,-0.4528434145588,0.1194478162407,-0.4290879552104,-0.1739936025863,-0.1240503381718,0.1012087108313,-0.0290436174424,-0.0880414441040,-0.3206315087554
0.2363466945279,-0.0107384002932,-0.1585454448149,0.3010555274377,0.3092792662848,-0.0738096360483,0.0639294472034,0.4166779773592,-0.1207254426875,1.0000000000000,0.1692259888039,-0.0790648265412,0.3828016717793,0.3736083773977,0.2386802402984,0.3166136580742,-0.0906119466393,-0.1809658868231,0.0393363720743,0.0886852064000,0.3007180265735,0.0097772068647,0.2799621816819,-0.0765414597046,0.4348083435840,0.4115927116314,-0.1528240041879,0.1373768876359,-0.1001201897578,0.1039850619329,-0.2686776966821,0.2721106004877,0.0784205488465,0.1172087556571,-0.0975895984056,0.0913405562488,-0.1373327906004,-0.2223956716244,0.2241350934232,0.3076822737704,-0.1157022139550,0.0524414378627,0.2347047732980,-0.1696727686409,0.8370033992083,0.2213890088309,-0.0787126061655,0.3138266988971,0.3961035289819,0.1764025765482,0.3197647085042,-0.0254088681576,-0.2475334275282,-0.0080162246775,0.0890879536826,0.2776305541635,-0.0180783477407,0.0768524025076,-0.1498131061402,0.3597785553873,0.2754130315871,-0.0836916993198,-0.0086532936900,-0.0091065307749,0.0520645002839,-0.4491712772450,0.1732606620029,0.0455624837491,0.1829268711382,-0.0735639548866
-0.0664583850021,0.0682425298670,-0.3420612883403,0.1761211137567,0.4295465115020,0.3112369521946,0.0083178928079,0.0423274516707,0.2863594550222,0.1692259888039,1.0000000000000,0.0634118511040,0.2831901751828,0.0332416237401,0.4030014497717,0.4812608959773,-0.1601952967542,-0.1919599441431,0.1723851668914,0.1301086459153,0.4125243306056,0.0263462583551,0.1779546289205,-0.0160207689164,0.0751402138751,-0.1806877242076,-0.3777760405987,-0.0471152708927,0.0100079956920,0.3904300632037,-0.1425506621300,0.1019314947928,0.2671994649787,0.2474471822122,-0.0491052242070,-0.0988764058347,-0.1394259174180,-0.3943466525880,0.0797420049522,0.4456819737160,0.3602566974836,0.2197680316175,-0.1605790144694,0.3098339119776,0.0919667005588,0.8123948339843,-0.0313299653412,0.2875085192696,0.0240764794098,0.1305935198626,0.2546990515266,-0.0565035446651,-0.1765357893579,0.0101860938210,0.1877579238091,0.5345023811828,0.0672811588257,0.0177525582006,0.1256826301305,-0.0228769081979,-0.0555051055723,-0.2557163622405,-0.0219960922585,0.2064104999514,0.1474904757484,-0.3770041204915,-0.0364791682023,-0.0564893647736,0.2195552782693,0.0111139320618
-0.0230235162647,-0.0129421164798,-0.0190562136803,0.2392039256035,-0.3081305168117,0.4700227192945,0.0095147735174,-0.2149129352960,0.4295877187814,-0.0790648265412,0.0634118511040,1.0000000000000,-0.2265929617466,0.5713075874714,0.5432068200589,0.2091397137998,-0.2575235313782,-0.1970315861512,0.7592081795958,0.2206725587208,-0.2410920296337,-0.4452194461763,-0.2655948794906,-0.3631618727584,-0.4154770762143,0.2386176907099,0.2035515736383,0.1709538241842,-0.3297277098220,0.0170314980181,-0.1602415002768,0.6229215212442,0.2463030529274,-0.2373259946675,-0.0527470050019,-0.0813648909767,-0.0436055191643,-0.1800726632586,0.2058826842944,-0.2538122394572,0.5261823452088,0.1159031285715,-0.3376112914798,0.4896436713012,-0.1926476902696,0.0313708540320,0.7915358046953,-0.2966276133518,0.4826270685332,0.3950621658879,0.2584898903487,-0.2889086013617,-0.1170609869707,0.6400514717181,0.1816881742939,-0.1739329475778,-0.3421990532318,-0.2867087847539,-0.2495388382814,-0.4636890821621,0.2937530673997,0.0098414346700,0.2017957212422,-0.2812503132159,0.0712182972049,-0.2207574689909,0.5402582560569,0.0196750086535,-0.3132536754392,-0.0514614039480
0.1957259426646,-0.0638038389415,-0.1148032021916,0.0614629542040,0.5729989544433,-0.2694976753883,0.4058121566224,0.2057492283216,-0.3456744398908,0.3828016717793,0.2831901751828,-0.2265929617466,1.0000000000000,0.0332536362515,-0.1053693646853,0.1394273980391,0.1663712178711,0.0839902506292,-0.1457656622200,0.2242146598411,0.6348591693841,0.2907679127231,0.3592751043975,0.1807420305075,0.4473605864518,0.1213699070041,-0.0828807871400,-0.1041102375886,0.2810204291482,0.0544262520254,-0.1674959002545,-0.1194956550063,-0.0618648384979,0.0658509645507,0.0687884197723,0.1848335504562,-0.2026592136981,-0.2237248014666,0.0337929303008,0.5596899095611,-0.3820634164643,0.3131282875733,0.0787591833075,-0.4119166049080,0.3501504291297,0.3509644508617,-0.2480092704430,0.8105062287078,-0.0949685128027,-0.2553260635133,0.1699784476985,0.2699651835496,-0.0061168497141,-0.3123138028779,0.0759244552994,0.6399233978906,0.3296640950867,0.1974521128662,0.1550589938351,0.4319219811534,0.0261561726031,-0.0983297863113,-0.3679848639965,0.3675610460395,0.1642926391141,-0.2047899540656,-0.1995270049239,-0.0399535038441,0.1261221400503,-0.0043642947708
-0.0146881676625,-0.0367019510660,-0.0843050222515,0.3275761836781,-0.1309518414530,0.2415546642398,-0.0932927305760,-0.0845081604852,0.1273740256370,0.3736083773977,0.0332416237401,0.5713075874714,0.0332536362515,1.0000000000000,0.4143426847486,0.1368458378361,-0.1218452087783,-0.3985980162469,0.4892403784777,0.0064330433136,-0.0564542731035,-0.2434318471223,-0.1556555748900,-0.1738537875062,-0.1279357935228,0.5893196016391,0.0854948164068,0.3865191708422,-0.1824722192055,-0.1744918526290,-0.3767975424984,0.8184329108611,0.2002062857658,-0.2337770187974,-0.3273656948381,-0.1658266992511,-0.0886892361585,-0.3049266913952,0.2241627416427,-0.0720871883580,0.3485004439624,0.0520507621793,-0.2396221696793,0.2411371774085,0.2284534239905,0.1117779639495,0.6102354829244,-0.0582808999410,0.8648560679955,0.3333086807796,0.1811261164429,-0.1350862685736,-0.4494643919512,0.5503397371888,0.1308502486924,0.0223253087768,-0.1683587459518,-0.2832621778632,-0.1409447296524,-0.2037202261872,0.5104030224735,0.0305900934322,0.3467434349495,-0.0984477458222,-0.0429379987539,-0.4715294073352,0.7556320829168,0.0494856391240,-0.3092215702793,-0.2589907780513
0.2275504243203,-0.1062938705352,-0.1981855640172,0.3339119593943,-0.0871142885813,0.6472003483344,-0.1279530027609,0.0961946121408,0.4824686281902,0.2386802402984,0.4030014497717,0.5432068200589,-0.1053693646853,0.4143426847486,1.0000000000000,0.4651738261123,-0.3807901622265,-0.3512951267050,0.7382429058829,0.2592895194974,-0.1071867095406,-0.3748820429564,-0.1709294872472,-0.4147406158422,-0.2304747053462,0.0559684727585,-0.1943917471081,0.2253922247368,-0.4106297314191,0.2778538009142,-0.2463171837749,0.5573995316067,0.5032194272194,0.0118170844129,-0.2719219233650,0.0809001861508,-0.2845294533245,-0.3188588386860,0.2074895091561,-0.0728945387394,0.6038294828607,0.0344047044570,-0.2420729847752,0.4869292678260,0.0709018062571,0.2498347189414,0.4366131769899,-0.2523445113985,0.4593839060190,0.6719589356568,0.2938446142220,-0.3765649951232,-0.2407969602507,0.5015331248137,0.3466030781648,-0.0262854409368,-0.3578956398822,-0.3807713512509,-0.3438630405483,-0.3945844238962,0.1807446711054,-0.0337772657960,0.2457596658730,-0.1927134841051,0.1426124930349,-0.5791043627184,0.4305384733900,0.0675377973233,-0.1291489571048,-0.1875852749087
-0.1004005254723,0.1521213755471,-0.2532029985895,0.3667054863249,0.1810250601500,0.5667361319839,0.0960172150770,0.0457192071212,0.3038281453397,0.3166136580742,0.4812608959773,0.2091397137998,0.1394273980391,0.1368458378361,0.4651738261123,1.0000000000000,-0.2102527699654,-0.2549165361327,0.2121431286750,-0.0413325034145,0.1425671928001,-0.1585583010207,0.1829368003117,-0.1691194479579,0.0130356431630,-0.0137408705353,-0.3049204873770,-0.1535679094700,-0.1971871307092,0.3360499322389,-0.0573039303790,0.1920288502952,0.3657020694413,0.1226225982364,0.0615311874679,-0.1786865334032,-0.0358115361023,-0.2003633119374,0.3336244954005,0.1634837263401,0.4391460033668,0.1175885808783,-0.0667441540943,0.2562982191757,0.2616897688132,0.2098580111962,0.1203723031569,0.0511542153918,0.2494221946243,0.2287853223035,0.5905346028312,-0.1830615038761,-0.0918851714079,0.0914604618407,0.1599972900007,0.1863287105484,-0.2477988081206,-0.0436434628127,-0.2004715558915,-0.0636098469693,0.1278078542123,-0.1144763607458,-0.0514463369865,-0.0517994261997,0.1222108820157,-0.3270160931413,0.0994697961195,0.1130469764779,0.1489558918722,0.1119596183387
0.1237739285601,-0.1813336364570,0.1493746192185,-0.3634379237272,0.1822027847240,-0.2469833106327,0.1656580395675,0.0352595339256,-0.1301590131186,-0.0906119466393,-0.1601952967542,-0.2575235313782,0.1663712178711,-0.1218452087783,-0.3807901622265,-0.2102527699654,1.0000000000000,0.1076644758968,-0.2078503716700,-0.0679703933959,0.2505794257089,0.6369507214611,0.1901717034701,0.6265355581660,0.2209575658933,-0.0395673210018,0.0492680784133,0.1142392040757,0.4210826187220,-0.0838954517489,-0.0309538399921,-0.1769795288829,-0.2867014115978,0.1838487881293,0.0695948488593,0.0994130288137,-0.1287339936245,0.1453095936852,-0.3245237958613,0.1591566318551,-0.2956958137546,-0.0112398418486,0.1368593939322,-0.2428828020996,-0.0606669626908,-0.0574271891492,-0.2385071695927,0.1964516075149,-0.1769741787904,-0.3011566782816,-0.1395919262786,0.8989823248446,-0.0663722236043,-0.2272569834477,-0.2114353901975,0.2108686167886,0.5744528887099,0.1990152487141,0.5123724283048,0.3746440582064,-0.1931577259575,-0.0984248785751,-0.0829058449845,0.2084381087608,-0.1469485773707,0.1391699676360,-0.1910366489795,-0.2330229109548,0.1241521321700,0.0083074786764
0.1680451737863,0.3467492136488,0.2918862944328,-0.0434442100115,0.0490089467976,-0.3886505953370,0.0659317734187,0.2253946748410,-0.3460377138249,-0.1809658868231,-0.1919599441431,-0.1970315861512,0.0839902506292,-0.3985980162469,-0.3512951267050,-0.2549165361327,0.1076644758968,1.0000000000000,-0.2837375899006,0.4778069170992,0.0025650653954,0.1829683651554,0.2105975772507,0.2521725294097,0.1448127881979,-0.0183515410152,0.4694146251663,-0.1236942790545,0.1771436204626,0.2256538465594,0.6085472655459,-0.3496401866856,-0.3150636302210,0.2185756473063,0.6368352155384,0.2600865905424,0.4466403995632,0.0728858523387,0.0898960426588,-0.0148206266603,-0.5014046273265,-0.1460126310979,0.2315354020621,-0.3715011063357,-0.1634805103292,-0.0906038302076,-0.2861064772965,0.0697066981821,-0.4631159312118,-0.2862889972268,-0.1661443004648,0.0433061060487,0.7107812525113,-0.3740543070266,0.1496814676499,-0.0106702521840,0.1816277327599,0.2950768917678,0.1585547809628,0.1430846068270,-0.0228492721495,0.1150076159721,-0.3325552958957,0.0360547467121,0.2024528879052,0.5738015611317,-0.3800973411538,-0.0261266500591,0.2944785550846,0.5148564116467
0.1779679345212,-0.1901216790709,0.0212050684508,0.1313327299747,-0.1611903766210,0.4422914376119,0.0019003694255,-0.0257067408602,0.4889256248936,0.0393363720743,0.1723851668914,0.7592081795958,-0.1457656622200,0.4892403784777,0.7382429058829,0.2121431286750,-0.2078503716700,-0.2837375899006,1.0000000000000,0.3867256489402,-0.1365153745211,-0.2752859406867,-0.2643775537770,-0.2975012410803,-0.3055675965299,0.0546562356363,0.0182755259816,0.3275656402668,-0.2484153435603,0.0504295235519,-0.2394210261660,0.6300142549906,0.3442182562494,-0.2238841997061,-0.2988910996003,0.0116485211866,-0.3026918665598,-0.2086647837703,0.0180079634672,-0.1016429158387,0.4992804883755,0.1138334627588,-0.2857099995489,0.4394125020456,-0.1208273578600,0.1283465849728,0.5629728792049,-0.1711839397132,0.4336276797993,0.4710424731618,0.1549350879185,-0.2288358611273,-0.2735564458648,0.6928759638188,0.1817626148370,-0.0722497856832,-0.1904645430668,-0.4358710868789,-0.1961537184520,-0.3644755882396,0.0859300172000,-0.1443319663508,0.2302197659208,-0.1663033075687,0.0128540020867,-0.3925144136088,0.4803474392580,0.0121709670521,-0.2567160386672,-0.2851831551171
0.4151799648393,0.1912926391228,0.0871877006457,0.1039131195534,0.1495923234347,-0.1777141154224,0.0494126980944,0.3152157491946,-0.0920146043641,0.0886852064000,0.1301086459153,0.2206725587208,0.2242146598411,0.0064330433136,0.2592895194974,-0.0413325034145,-0.0679703933959,0.4778069170992,0.3867256489402,1.0000000000000,0.0986443770506,0.0584031436534,0.1650734686783,0.0320196308824,0.0030732611374,0.1408329709736,0.2764803572779,0.1933710422256,0.0257697854905,0.2643848258373,0.1883429435038,0.1020078977474,0.0524688651550,0.0082714127634,0.2141967462604,0.3276545660800,0.0423434850535,-0.2531059427373,0.1093356085901,0.1378644499534,-0.1581305160883,0.0075117460472,0.1163270186671,-0.0957371710929,-0.0493112050592,0.1683458234843,0.0225111317947,0.1446345822342,-0.0846552365715,0.1293922712436,0.0524415772872,-0.0717446266783,0.2857850010840,0.1000665898470,0.3957004187441,0.1226289909127,0.1523624071464,0.0180123678347,0.0439971997419,-0.0132837399960,0.0811401847257,-0.0870431477309,-0.1310675948514,0.0539490584858,0.2888368801933,0.0111846369909,-0.0281228002050,0.1230190743707,0.2091503629918,0.1613922483879
0.1537077382255,-0.1531106733975,-0.1544378346452,-0.1025858086398,0.7843854909699,-0.1948588781130,0.2020290463327,0.1690015446051,-0.1426102402027,0.3007180265735,0.4125243306056,-0.2410920296337,0.6348591693841,-0.0564542731035,-0.1071867095406,0.1425671928001,0.2505794257089,0.0025650653954,-0.1365153745211,0.0986443770506,1.0000000000000,0.3707572983694,0.1770473317690,0.1962999591174,0.4923927777847,-0.0397869337388,-0.1357875085280,-0.1127137936757,0.3599700687137,0.1502221234950,-0.1915403024209,-0.0845914808035,-0.0548482101020,0.2815881651118,-0.0305101747681,0.1348760979396,-0.1371347287978,-0.1334424621422,-0.1095635226726,0.7546062561246,-0.2051751359350,0.1884123155840,0.1066889865735,-0.1706299805438,0.2909957646222,0.4929118920773,-0.2539437525637,0.6847552383789,-0.1498212055176,-0.2597816281640,0.0674509891670,0.3276602805267,-0.1369440116244,-0.2493873385721,-0.0103421487833,0.8766136178695,0.3931410848494,0.0839977797684,0.2554148401928,0.4785272869055,-0.1271105905143,-0.1290971674272,-0.2202009690233,0.3642036095801,-0.0121264763211,-0.2027378147808,-0.1615424293569,-0.2227507977663,0.2104291383496,-0.0029258757679
0.1438743506832,0.1161068463639,0.0917958638449,-0.1605262068038,0.4893847503600,-0.3422609067164,-0.0424526292008,0.3665237245843,-0.3533145561102,0.0097772068647,0.0263462583551,-0.4452194461763,0.2907679127231,-0.2434318471223,-0.3748820429564,-0.1585583010207,0.6369507214611,0.1829683651554,-0.2752859406867,0.0584031436534,0.3707572983694,1.0000000000000,0.4467434775806,0.8328314475428,0.4412388585376,-0.0736576507077,0.0081196587680,0.0804484983270,0.7176113695772,0.0365520335109,0.2450191391551,-0.2309495265009,-0.2216068067955,0.2180915164015,0.0794578653784,0.1238504972873,0.0105978373531,-0.0911845614596,-0.1751784864278,0.5042883968761,-0.3250768673630,-0.1532801465074,0.2868183819122,-0.4005308399043,0.0139024282982,0.0867301647969,-0.4103281227121,0.3649577099431,-0.2622437061450,-0.4012295417784,-0.1383837922770,0.6486417676621,-0.0779069620073,-0.3579908980506,-0.0538420954738,0.4147355473858,0.8151471271417,0.2692454816763,0.6549471622317,0.5166614700502,-0.1195497618686,-0.0920899094677,-0.2067063928728,0.6393946182160,-0.0608267789337,0.1601695097167,-0.2652555551395,-0.1774315527076,0.3524323427455,0.0463550599172
-0.0725675494152,0.5064023078169,-0.0151255612858,0.3287872322823,0.2721566540169,-0.1812268455287,-0.0738802889511,0.3606349244139,-0.3826918546509,0.2799621816819,0.1779546289205,-0.2655948794906,0.3592751043975,-0.1556555748900,-0.1709294872472,0.1829368003117,0.1901717034701,0.2105975772507,-0.2643775537770,0.1650734686783,0.1770473317690,0.4467434775806,1.0000000000000,0.5057611219510,0.3853214168006,0.1094123823607,-0.0490303761006,-0.0133314309285,0.2903442137012,0.1878000975657,0.3665446655760,-0.2124416063279,-0.1486856843461,0.1385472830404,0.3467809011577,-0.0153872852449,0.2100604495629,-0.2377596208539,0.2983781160932,0.2575377193813,-0.2617561071883,-0.2383881398935,0.2479752836797,-0.4500955969567,0.2386499349466,0.0286730967313,-0.2578554373620,0.2702024068890,-0.1292075978488,-0.2642183980229,0.3365546078540,0.2469873022006,0.1048668732735,-0.3380559685012,0.1295041516695,0.3053635701746,0.3836989452973,0.7129288512065,0.3284406839362,0.3835433829764,0.1423770447570,-0.0493996250679,-0.2290521139802,0.3984980645542,0.1517211619279,0.1058838513689,-0.2771356934800,0.0084439132065,0.4178558056235,0.2882126438053
-0.0648724806811,0.3108973601589,0.0871925754048,0.0209664296955,0.3204275086807,-0.2679735413648,-0.2156397475621,0.1833816961505,-0.4351487352054,-0.0765414597046,-0.0160207689164,-0.3631618727584,0.1807420305075,-0.1738537875062,-0.4147406158422,-0.1691194479579,0.6265355581660,0.2521725294097,-0.2975012410803,0.0320196308824,0.1962999591174,0.8328314475428,0.5057611219510,1.0000000000000,0.2983602496896,-0.0049068246262,0.1036024800431,0.1883395689647,0.5986772948963,0.0027320230926,0.2854347903558,-0.1508337291439,-0.1947725331304,0.1863661524714,0.1873131564128,-0.0733097716656,0.2037796130351,-0.2356839055332,-0.0087223042803,0.3364436148321,-0.2440851797796,-0.3212270188517,0.0562537795561,-0.4326988307323,-0.1282608612455,-0.0281909945385,-0.3031737021394,0.2101637055486,-0.1706705852723,-0.4560955000592,-0.1820031639238,0.5985836938915,-0.0083040446662,-0.3383202226463,0.0473118688808,0.2756119099962,0.6843036335716,0.3279478444649,0.7458862060034,0.3098574157945,0.0476553295934,0.0237786126052,-0.1170442488379,0.5617675334873,-0.0297018138789,0.1816391207628,-0.1763608683569,-0.1864025317974,0.2624304403245,0.1571666675601
0.1463738192481,0.0180694830310,0.1179838659638,0.0674457008038,0.5240101903416,-0.3390218599302,0.0931168424098,0.4756792863192,-0.3133545145815,0.4348083435840,0.0751402138751,-0.4154770762143,0.4473605864518,-0.1279357935228,-0.2304747053462,0.0130356431630,0.2209575658933,0.1448127881979,-0.3055675965299,0.0030732611374,0.4923927777847,0.4412388585376,0.3853214168006,0.2983602496896,1.0000000000000,0.0362854402979,0.0092150727278,0.0402360130325,0.5406893209557,0.0147309381065,0.1390971333997,-0.2005331242540,-0.1314055308678,0.0786705999262,0.0321025113930,0.2184290516179,-0.0103328748898,0.0220675390903,0.0588195785619,0.5024385221125,-0.3428388255089,0.0676844663872,0.4477431787573,-0.3839143753408,0.5141328703257,0.1509891878161,-0.3786437333978,0.4990593638000,-0.1243646937487,-0.1700892319664,0.0236733881981,0.2566291131217,-0.1110273796225,-0.3444351054960,-0.0180231684836,0.4175390886481,0.3118695164333,0.2788276332293,0.1890694628352,0.8074521597317,-0.0220336209018,-0.0126428083882,-0.0780737008453,0.4910993407173,0.0131316063398,0.0886321386638,-0.1935232810337,-0.0007123969887,0.1453143558387,-0.0449871443670
0.1868592214470,0.3009144954730,0.0457099510304,0.4150356685412,-0.0323016824835,-0.1561302695468,-0.1461985637822,0.1942555329783,-0.2873024482757,0.4115927116314,-0.1806877242076,0.2386176907099,0.1213699070041,0.5893196016391,0.0559684727585,-0.0137408705353,-0.0395673210018,-0.0183515410152,0.0546562356363,0.1408329709736,-0.0397869337388,-0.0736576507077,0.1094123823607,-0.0049068246262,0.0362854402979,1.0000000000000,0.3352734266263,0.3771004334587,-0.0425954916784,-0.1318564460904,-0.0816866787560,0.4245890260409,-0.0315862446053,-0.0913713342352,0.0439557389345,-0.0134898086583,0.2892214041112,-0.2510446048542,0.4171276787101,-0.0331454593965,-0.1310513706383,-0.1741343595142,0.0747475000199,-0.2254297797811,0.3133614260733,-0.0436926821869,0.3369557674695,0.0314684279163,0.5804525524342,0.0944023351270,0.1584747653672,-0.0715216994082,-0.1761814210443,0.1721711008414,0.1991955496699,0.0183277193731,-0.0453052380576,0.0777755240087,-0.1018830411136,-0.0053871931606,0.7354346252657,0.2638819624388,0.2049895893457,-0.0556834887498,0.0654843720256,-0.1917172396509,0.4114673574121,0.0989125075844,-0.0665488887153,0.0781615590496
0.0670599953463,0.2726067762601,0.4244411471399,0.1621483260547,-0.0832561706567,-0.2404755487371,-0.1491822038319,0.1358254866160,-0.2956923669727,-0.1528240041879,-0.3777760405987,0.2035515736383,-0.0828807871400,0.0854948164068,-0.1943917471081,-0.3049204873770,0.0492680784133,0.4694146251663,0.0182755259816,0.2764803572779,-0.1357875085280,0.0081196587680,-0.0490303761006,0.1036024800431,0.0092150727278,0.3352734266263,1.0000000000000,0.3215550306693,0.1233790506420,-0.1790667232372,0.3767541064098,0.1078519165776,-0.1559435489912,-0.1522742083355,0.2159533122737,0.0391524473825,0.3557101685694,-0.0339705348340,0.1860546123122,-0.1277361427795,-0.2253060722072,-0.2188647825084,0.0335192820704,-0.2886526859681,-0.2469877814578,-0.2101837914640,0.1084148451296,-0.0735260160901,-0.0379366177736,-0.1857835083679,-0.1982956456572,-0.0431524386619,0.2918339085165,-0.0520217257954,0.1882782015650,-0.1552880823598,0.0105855947497,-0.0450546774829,-0.0012767508985,-0.1149829871442,0.2996715342259,0.4441317159487,0.0395517704509,0.0348468712038,0.0026808502578,0.2744256156843,0.0147285655432,-0.0869844089663,-0.1738251775599,0.1692317292379
0.1277615666959,0.0734269973829,0.4082688273596,0.1776373722087,-0.0860790621763,-0.0970818362729,-0.2856117389704,0.2374395585496,-0.0556882495509,0.1373768876359,-0.0471152708927,0.1709538241842,-0.1041102375886,0.3865191708422,0.2253922247368,-0.1535679094700,0.1142392040757,-0.1236942790545,0.3275656402668,0.1933710422256,-0.1127137936757,0.0804484983270,-0.0133314309285,0.1883395689647,0.0402360130325,0.3771004334587,0.3215550306693,1.0000000000000,0.1670925083460,-0.2930234680551,-0.0490401347109,0.3465995472961,0.1513822906723,-0.2860222174291,-0.3864641954047,-0.0888472629040,-0.0846593305430,-0.1864034808600,0.0449148253236,-0.0264225102015,0.0971974876655,-0.1882587448799,-0.1032552740001,-0.0837309271068,-0.0631542860886,0.0089302295174,0.1144459706421,-0.0549841049809,0.3372606817752,0.0589112920759,-0.0949725023922,0.1042143701827,-0.3753635155735,0.1870984904324,0.1026905365606,-0.0260878658892,0.1350839480233,-0.2212444049573,0.2008587375200,-0.0896224276947,0.2674861425534,0.0246026822378,0.5459394251849,0.2076670143741,-0.1124423317750,-0.2588937165203,0.2469297433699,0.0878470393979,-0.2178686450328,-0.3568677741583
0.0456356602711,0.1086351252251,0.2940660012654,-0.2049343177656,0.4207605592291,-0.3328392157628,0.1065955499628,0.3509652166993,-0.2632906325243,-0.1001201897578,0.0100079956920,-0.3297277098220,0.2810204291482,-0.1824722192055,-0.4106297314191,-0.1971871307092,0.4210826187220,0.1771436204626,-0.2484153435603,0.0257697854905,0.3599700687137,0.7176113695772,0.2903442137012,0.5986772948963,0.5406893209557,-0.0425954916784,0.1233790506420,0.1670925083460,1.0000000000000,-0.2043143533377,0.2684883799605,-0.2525338018911,-0.1978589160632,-0.0609373118990,-0.0697269213510,0.0072708719633,0.0347982550875,0.0037465773236,-0.2102778049328,0.4764851974483,-0.2515900072189,0.0662534630115,0.2524501569605,-0.2569587514870,-0.0757233579791,0.0896386704148,-0.3516163895511,0.4038602543725,-0.2379407871195,-0.4523237283689,-0.1262447556324,0.4413961907239,-0.1253795278754,-0.2917456212647,-0.2115606671017,0.3907083710794,0.5662324508447,0.1792271960894,0.4680023396623,0.5179406840737,-0.1446066308834,-0.1214309245093,-0.2143461981388,0.7487912255192,-0.2107033076677,0.2462442341737,-0.2298008550320,-0.0812538448894,0.0388234900053,-0.1318675957734
0.1043785811564,0.1714519096963,-0.3858781566096,0.2052991753233,0.1857091693324,0.1739607310717,-0.0381771784573,0.0038727849823,0.0691305958812,0.1039850619329,0.3904300632037,0.0170314980181,0.0544262520254,-0.1744918526290,0.2778538009142,0.3360499322389,-0.0838954517489,0.2256538465594,0.0504295235519,0.2643848258373,0.1502221234950,0.0365520335109,0.1878000975657,0.0027320230926,0.0147309381065,-0.1318564460904,-0.1790667232372,-0.2930234680551,-0.2043143533377,1.0000000000000,0.1724530067263,0.0017160541496,0.1137237509936,0.6438810532589,0.4901789765465,0.2577126915447,0.1501991742060,-0.2759765559337,0.2200333584701,0.1020172583671,0.0738354857066,-0.0141528344727,-0.0554140802582,0.1204400143642,0.0381820961863,0.2922195153165,-0.0048901812004,-0.0508979056219,-0.1550243478742,0.2138643808803,0.2389452560866,-0.0980805084288,0.2864105190418,-0.0983925319001,0.3022760006728,0.1261673693537,0.0667247495641,0.2332940990669,0.0368112628048,-0.0617883118702,0.0432778967927,-0.0149072619111,-0.1900176349712,-0.0277884163672,0.6878682445248,0.0901153425822,-0.1218894267903,-0.0403649971483,0.5609725590905,0.5291187519047
-0.0158947835986,0.4890110699279,0.2613936815287,0.1515143498514,-0.0236119074299,-0.1635213156883,-0.1705549345514,0.3863929734940,-0.2508893595864,-0.2686776966821,-0.1425506621300,-0.1602415002768,-0.1674959002545,-0.3767975424984,-0.2463171837749,-0.0573039303790,-0.0309538399921,0.6085472655459,-0.2394210261660,0.1883429435038,-0.1915403024209,0.2450191391551,0.3665446655760,0.2854347903558,0.1390971333997,-0.0816866787560,0.3767541064098,-0.0490401347109,0.2684883799605,0.1724530067263,1.0000000000000,-0.2821705333033,-0.1372044397723,0.0539598663456,0.4333654136704,0.1027715918068,0.4382845766948,-0.0170959225035,0.1878522797095,-0.0429616273285,-0.1988602822329,-0.3072488071470,0.2847228801671,-0.2745147424370,-0.2705851389799,-0.2320580545436,-0.2149604957176,-0.1259815699617,-0.3816178831393,-0.2685983510250,-0.0631951871314,-0.0809717240803,0.4212343301546,-0.3354577277375,0.1409742087589,-0.1393687679842,0.0771282348098,0.3086107939783,0.0869231115256,0.0591350692496,0.0175894600525,0.1655341394578,-0.1875278331137,0.2261768543671,0.1311980410847,0.6369577432885,-0.3224231718342,-0.0046950814278,0.2015236583570,0.3653097682577
0.0105969682577,0.0110300360198,-0.1953048747774,0.3920232488013,-0.1137007275200,0.3545356557841,-0.2783307475377,-0.0161668998695,0.1527267463388,0.2721106004877,0.1019314947928,0.6229215212442,-0.1194956550063,0.8184329108611,0.5573995316067,0.1920288502952,-0.1769795288829,-0.3496401866856,0.6300142549906,0.1020078977474,-0.0845914808035,-0.2309495265009,-0.2124416063279,-0.1508337291439,-0.2005331242540,0.4245890260409,0.1078519165776,0.3465995472961,-0.2525338018911,0.0017160541496,-0.2821705333033,1.0000000000000,0.2196769396484,-0.0417733860828,-0.2366743396934,-0.1644906711220,-0.0446389805180,-0.4652241669415,0.2818909610843,-0.0760640257848,0.4628243681578,-0.1360196404796,-0.3225063384234,0.3218547688694,0.0757317970403,0.1186233252443,0.6853400505625,-0.2498044501320,0.7545134131253,0.4314298123659,0.1275882899885,-0.2114222169323,-0.3539488090257,0.6743462470738,0.3100117048338,-0.0269213201271,-0.1603561890039,-0.3453933960439,-0.1136673412477,-0.3548788883889,0.4867865905861,0.1181821970399,0.3118439266785,-0.1242540278629,0.0308358261912,-0.4832700820269,0.8326879850992,-0.0999387463175,-0.1779942623016,-0.1193069262279
0.0536950136563,0.0411610754182,-0.3003373033345,0.3224377598275,0.0693150822416,0.4109317093128,-0.1788099439075,-0.0807197647400,0.1744855430831,0.0784205488465,0.2671994649787,0.2463030529274,-0.0618648384979,0.2002062857658,0.5032194272194,0.3657020694413,-0.2867014115978,-0.3150636302210,0.3442182562494,0.0524688651550,-0.0548482101020,-0.2216068067955,-0.1486856843461,-0.1947725331304,-0.1314055308678,-0.0315862446053,-0.1559435489912,0.1513822906723,-0.1978589160632,0.1137237509936,-0.1372044397723,0.2196769396484,1.0000000000000,-0.0979802802912,-0.2531543194566,-0.0423498406385,-0.0718994916198,-0.3384291487157,0.1981789796046,0.0814571180861,0.3962469079258,-0.0241916982381,-0.2581739219436,0.1567956015469,-0.0070750248460,0.1327879886854,0.1151528808873,0.0059217015829,0.2699556358093,0.1798290868473,0.0875366217051,-0.2667711642535,-0.1489943067278,0.1299241760252,0.3916063522510,0.0521187804901,-0.2192071730856,-0.3148347746205,-0.1389761170830,-0.2773843889814,0.2132010955955,0.0633713942906,0.2257612391193,-0.0037524880547,0.1550373390815,-0.3704957671670,0.1999441174104,0.1842761001412,-0.2363502331711,-0.1975174934631
0.0550590802609,0.0549343660896,-0.3644454907872,0.0897998680105,0.2054110403029,0.0198792318719,-0.1341385542745,0.0441257408622,-0.1218016050690,0.1172087556571,0.2474471822122,-0.2373259946675,0.0658509645507,-0.2337770187974,0.0118170844129,0.1226225982364,0.1838487881293,0.2185756473063,-0.2238841997061,0.0082714127634,0.2815881651118,0.2180915164015,0.1385472830404,0.1863661524714,0.0786705999262,-0.0913713342352,-0.1522742083355,-0.2860222174291,-0.0609373118990,0.6438810532589,0.0539598663456,-0.0417733860828,-0.0979802802912,1.0000000000000,0.4675754040295,0.0610590919203,0.1813867357406,-0.2182431201314,0.1394513373011,0.1182384071691,-0.0936413169622,-0.2033350242863,-0.0109187119123,-0.0323065659647,0.0814183165585,0.2521065340430,-0.1323554849440,-0.0457326667979,-0.2065364355832,-0.0420064066427,-0.0156217001358,0.1404524692173,0.2384143945807,-0.2410252426704,0.1940442938554,0.2123894738688,0.2228602107488,0.2780548093833,0.1507083429802,-0.0097175812272,0.0371099022951,0.1141003147530,-0.2076687986620,0.0091915136813,0.2755879180912,0.0191134102561,-0.1266486847212,-0.3614112634273,0.5858525612866,0.5627233181715
