1.0000000000000,0.0438165900303,0.2459146406167,0.1768302494384,-0.0637975032907,0.0052941085909,-0.0544094840574,0.2529123510912,0.1191246830097,-0.0152351454867,-0.2047124163219,0.0677286875878,-0.1514753130362,-0.0374664473746,0.8091467450997,-0.0662920203171,-0.1249612900905,0.5138309442726,0.0827642169909,0.5593640989482,-0.0534282291496,-0.1602677622443,-0.0946948852862,-0.0673803637281,-0.0231361708067,0.1950181714297,0.0747420857563,0.2952197758929,-0.2739812085814,0.6403147845714,0.0925867975870,0.2036440641324,0.0025875444362,0.2627656768194,0.1578142132375,0.8213743257246,-0.0050314338171,-0.0711141096611,0.2167752915493,-0.1810124885196,-0.0547493480747,-0.0319139668041,0.2234800834248,0.0914218524017,0.0816882918117,-0.1909892303477,0.1276340263864,-0.1993515747169,-0.0503641414851,0.7669404772324,-0.0729018151380,-0.1645016472626,0.2230831073128,0.1482609872542,0.4307324647813,-0.1511590209176,-0.1514600902555,-0.1119206108713,-0.1187763333156,-0.0958802167880,0.2360087533555,-0.0996296744273,0.1575622275752,-0.3811060561009,0.5244561994807,-0.0735438114370,0.1634588049450,-0.0044058735180,0.1635331133914,0.1522562112761
0.0438165900303,1.0000000000000,0.5206350823960,0.8081197536909,0.0819530267249,-0.2341458519457,-0.2732006614145,0.3353592699068,-0.2505520572086,0.4164526212248,-0.2307582835709,-0.0567222331056,0.0658770390142,-0.0382774325404,-0.1384297236460,0.1972547117571,0.3318754261744,0.3991739855813,-0.3369806000802,0.0925993652909,-0.0265989698743,0.1962142108962,0.7640865359053,0.5109458751401,0.4547275637345,0.6273221559005,0.4169154773841,0.2926983188333,0.0987261227491,0.1706801662783,0.5778212676399,0.0514174727539,-0.1378916916682,0.4517875054405,0.6314165880810,0.1405229356249,0.7644057521614,0.0588831212653,0.6854010875854,-0.0822431081888,-0.2492260424905,-0.2895835408336,0.1502019637127,-0.3392025691069,0.4464340876511,-0.2205310800205,-0.0192542173496,-0.0301039544836,-0.1947332573758,-0.1564530031781,0.1947252180847,0.3385060744768,0.5164302038861,-0.4285275515807,0.1022606725756,-0.1301279942880,0.1217683816940,0.6970417094592,0.3149375806955,0.3155960822631,0.4567692784898,0.0917545555310,0.1727256497813,-0.0709816997120,0.1246053936660,0.4907018281013,-0.0191714271916,-0.1750982216397,0.3681668197559,0.5139461952742
0.2459146406167,0.5206350823960,1.0000000000000,0.4881214103653,-0.1967509981261,-0.0172363749110,-0.2059384379553,0.4652881043028,0.0680117144534,0.1122579961063,-0.3196729560013,0.1957386410085,-0.3040619061757,0.0896279693170,0.1808590583148,0.1507758274998,-0.0232423796269,0.3748169415364,-0.0742571671913,0.2932641402719,-0.2853291362650,-0.0935748233968,0.3720250479110,0.3559228444123,0.2218593014139,0.3695030013706,0.5900494721680,0.5337189217146,0.0635854027906,0.1269683701576,0.3806435065376,0.0882584140830,0.0789383729842,0.0907517982763,0.3158403558665,0.1419537943586,0.3121845381740,0.5925752230040,0.4143972050651,-0.3303287462320,-0.0593417358447,-0.1032937798072,0.3249806612485,0.0647986034189,0.1294188900603,-0.3161305429781,0.2273288728261,-0.4172887952944,-0.0363774682736,0.0808857318206,0.1466195809985,-0.0719827161324,0.3324190142224,-0.0725400143996,0.1369145637150,-0.3711221514019,-0.1385250188405,0.2708164330449,0.0480007221738,-0.0237030248009,0.3031232985703,0.3275375776000,0.4661770607647,-0.1007445562504,-0.0183085427558,0.2218284525627,-0.0045139741810,0.0667900179515,-0.0313867886401,0.2150289978827
0.1768302494384,0.8081197536909,0.4881214103653,1.0000000000000,-0.0141667090381,-0.1744424739685,-0.0859751148629,0.3716111299099,-0.0815120956072,0.4020066913336,-0.2090842801608,0.0221863078631,0.0505943219290,0.0902269587726,0.0185520293958,0.2959610258509,0.1961380615297,0.4027130306888,-0.3198366760074,0.1363812650861,-0.0848145382954,0.0349792473184,0.7015372017116,0.3629539172725,0.4837161609565,0.7365337366161,0.4924103044229,0.1891716921566,0.1170959628581,0.2841798629335,0.5824750190438,0.0632708007731,-0.1516668805580,0.4452256752099,0.7047408737041,0.2888578304097,0.7617542611789,0.0721932478020,0.8330487179491,-0.1697773990640,-0.2181892196185,-0.0354109828118,0.2249959440882,-0.1379256196062,0.5282851763533,-0.1441496105691,0.1156667787162,-0.0449659908236,-0.0193331593526,0.0157002071980,0.3217543451611,0.2121291960156,0.5641275747374,-0.3220852261663,0.2293391704840,-0.1837330214310,-0.0175730064497,0.6466017252279,0.1741452409130,0.3029025649323,0.6530668403876,0.1936116626851,0.1045508888338,-0.0859660859278,0.2029871775037,0.4759371789972,0.1472802750724,-0.1750689248546,0.3422678965017,0.6536422702112
-0.0637975032907,0.0819530267249,-0.1967509981261,-0.0141667090381,1.0000000000000,-0.2039772421428,0.0933557931146,0.2042819542382,-0.1615796389356,0.5991843189285,0.5969269229681,-0.2482006566462,0.8535412579124,-0.1251896793070,-0.1669870185154,-0.0313268645381,0.3600243224860,-0.1213891853810,-0.2429047188180,-0.1804762496598,0.8938934695202,0.4167312575038,0.1311687468496,0.1989402904110,0.6010626483578,-0.0577014391955,-0.1478838223547,-0.0402951777675,0.3898668429317,-0.1417354099552,0.1035836190056,0.1440126471084,-0.1075585962598,0.0834643578683,-0.0976469547209,-0.0310013039609,-0.1033729650919,-0.4277502236055,-0.0074326786711,0.8993140074381,-0.2260755729868,-0.1936796791031,-0.0351484413473,-0.3724336184012,0.3903511898710,0.4288185774732,-0.4451427658696,0.7987043109409,-0.2831322682492,-0.2610805686849,-0.1453238371969,0.3968414906966,-0.1031649978147,-0.4406874832421,-0.2154387527187,0.7812385992183,0.3963364279571,0.1172188608018,0.2536623738313,0.7007560843537,-0.2865627596471,-0.3839282859969,-0.2202750857251,0.3374756853214,-0.1676558366103,0.0385686227616,-0.0130311743436,-0.2028985841929,0.0842428315337,-0.1636690261246
0.0052941085909,-0.2341458519457,-0.0172363749110,-0.1744424739685,-0.2039772421428,1.0000000000000,0.3231666862386,-0.1517203317223,0.7127757376540,-0.1821829371222,-0.1294114801354,0.6899511412433,-0.1889862605926,0.5052120763530,0.2970760055372,0.3239141558497,-0.1251347164574,-0.2073554722867,0.7953472336242,0.1229154571363,-0.2022656116918,-0.2170104591972,-0.1350553707511,-0.2200379641550,-0.2107352588231,-0.1362600884185,0.0753350754932,0.1319119721388,-0.1878875023327,0.1347293145685,-0.0898715646803,-0.2884862562980,0.6112465641620,-0.1010399485063,0.0395731069008,-0.0843564529500,-0.1562078101569,0.1349351643391,-0.2243187375921,-0.2260323012626,0.9248891801797,0.4532777380857,-0.1995457393404,0.7358943972355,-0.1910746387702,-0.2062728766201,0.5104665393600,-0.2190520530786,0.5447335134313,0.1067457486676,0.3015174278171,-0.1353381671490,-0.2658635320479,0.5090366546149,-0.2340200447370,-0.2366018182861,-0.2769713550504,-0.1315163533530,-0.2492852434754,-0.2194976057285,-0.1352682296829,0.1202872908516,0.0697528407534,-0.2705547452902,0.0614949727113,-0.1674560047295,-0.1351550802570,0.6507793591684,-0.0982367570697,0.0432040160276
-0.0544094840574,-0.2732006614145,-0.2059384379553,-0.0859751148629,0.0933557931146,0.3231666862386,1.0000000000000,0.1128044352079,0.6844781342805,-0.0806839417580,0.4703814548311,0.2072844276986,0.3243693904911,0.2364027825806,0.1444076437476,0.3319952476046,-0.2993330766336,-0.2996634071150,0.2253479511548,-0.1053795869558,0.0493430047912,-0.3368557759644,-0.1699885940948,-0.3854305502557,-0.0667969571115,-0.0797820153227,-0.0539750392378,-0.2384097882144,0.2734503069349,-0.1720874429089,-0.1345573483468,-0.1638466838648,0.2015427740997,-0.4760919585132,-0.2542003978500,-0.1274730225187,-0.2320228105001,-0.0843210294578,-0.2400645608229,0.1166204459154,0.2710850237304,0.8375958688095,0.0447194577977,0.4917483361337,0.0118597895208,0.4652071836131,0.2005409139930,0.2767464130976,0.2381359633252,-0.0381529212450,0.4196474087539,-0.2400719074528,-0.2559554554440,0.0904103282933,-0.2066702645710,0.0551079286905,-0.3250902564926,-0.1864930681971,-0.3353900787492,0.0705367438481,-0.1488455546754,-0.0489216889503,-0.2770705354146,0.2015482442482,-0.2946062915198,-0.1554203310408,-0.0259965719398,0.1455496085767,-0.4162730176502,-0.1995802616401
0.2529123510912,0.3353592699068,0.4652881043028,0.3716111299099,0.2042819542382,-0.1517203317223,0.1128044352079,1.0000000000000,0.0985864471623,0.2959067706097,0.1055993750252,-0.0122711705555,0.1152962409058,-0.0380826079391,0.1777388421021,0.2475805732770,-0.0098245530492,0.1143841672544,-0.2473890595974,0.0739606490174,0.0571324113588,-0.0855655080133,0.3416089105932,0.0247386404117,0.5777218985623,0.2702996900791,0.2754253654883,0.1171506985313,0.3731714324439,-0.0293468033567,0.5355002038047,0.2204808055499,0.0567862109208,-0.0487865832791,0.0622017096323,0.2487213310879,0.0437068394765,0.0682474618177,0.2986615507498,0.1089377586985,-0.2258021839974,-0.0700315512296,0.7177073719343,-0.0956523793863,0.3821017729783,0.1277369506942,-0.0360754206686,-0.0165423619082,-0.1313442731783,0.1802175241575,0.1006951538414,-0.0178524856766,0.0978400603691,-0.3184788617597,-0.0006466685761,-0.0176678318571,-0.1762584621095,0.2518966724543,-0.1443487799379,0.4620870925629,0.0906728142597,-0.0470388736214,0.0620559346112,0.2141115986697,-0.1184509724282,0.3462618349958,0.1750186667016,-0.0390853236339,-0.2482673625437,-0.0533054589334
0.1191246830097,-0.2505520572086,0.0680117144534,-0.0815120956072,-0.1615796389356,0.7127757376540,0.6844781342805,0.0985864471623,1.0000000000000,-0.2306804102608,0.0900563872132,0.6476193552483,-0.0674021127556,0.4836588621678,0.4176772341945,0.3944550149061,-0.2682211701742,-0.2257237781158,0.6037677292403,0.0807322422472,-0.1854783366213,-0.3780524837455,-0.1893520762692,-0.2868223950639,-0.1415174559428,-0.0117034561510,0.1299667452092,0.0875351218369,0.0717271417994,0.0759207655001,-0.0781308728135,-0.1532911149688,0.5288457511850,-0.3526084287841,-0.0759637474284,-0.0547600208076,-0.2558182156329,0.1937673201719,-0.2367683356949,-0.1935880061086,0.6089960176670,0.7136064788762,-0.0264854533264,0.8130134347054,-0.1895558046043,0.0270990271320,0.5216728722001,-0.1351233208068,0.4591537306262,0.1405308928568,0.4339201256792,-0.2700519737257,-0.3032172963108,0.3222340369225,-0.2476285546468,-0.2339180576967,-0.4083728151111,-0.2249913854893,-0.3387564951333,-0.1815389357041,-0.0824821515513,0.0621946905840,0.0313537320647,-0.0423659401521,-0.1365827310088,-0.2179071086454,-0.0116286209548,0.5073691123012,-0.3631073206371,-0.1141056978109
-0.0152351454867,0.4164526212248,0.1122579961063,0.4020066913336,0.5991843189285,-0.1821829371222,-0.0806839417580,0.2959067706097,-0.2306804102608,1.0000000000000,0.1851264979701,-0.0950245290758,0.5702656860007,0.0774253261847,-0.0860384115042,0.0622829871402,0.4570495035005,0.0402565820861,-0.2346045927580,-0.0389722573816,0.5655440755646,0.3979695189396,0.4731592353608,0.2975119806451,0.7372533367398,0.3093954339955,0.0262941318711,0.2039135351204,0.0948121269734,0.0921364045997,0.2611127156881,0.1873681174891,-0.0966115485821,0.4021097976110,0.2540045490936,0.1347823338719,0.2442123265458,-0.2913167539955,0.3786035976250,0.4530019035203,-0.1908147148885,-0.2691642521036,0.0185035445675,-0.3503298109632,0.8119315356553,0.0911210284523,-0.2077608352515,0.4838717046844,-0.0795195047375,-0.1739472881997,0.0346997109375,0.5086459112470,0.1137729687890,-0.3636614260760,-0.0668020185907,0.3843171631718,0.3587156137295,0.4813375508175,0.2846053137907,0.6880856199872,0.0880592135404,-0.2870217343297,-0.0146096313618,-0.0051774804665,0.0734758945372,0.2088965540886,0.0081442435827,-0.1697875508176,0.3570896693409,0.1602073581034
-0.2047124163219,-0.2307582835709,-0.3196729560013,-0.2090842801608,0.5969269229681,-0.1294114801354,0.4703814548311,0.1055993750252,0.0900563872132,0.1851264979701,1.0000000000000,-0.2351203661220,0.6792179616060,-0.0899801484821,-0.1590134115835,-0.0496840570269,0.0468194487890,-0.2673565546293,-0.1765993359213,-0.2925432610159,0.6432332664054,0.1419755162522,-0.1566590944610,-0.0474838655729,0.2190692237285,-0.1810153563403,-0.2096144308421,-0.1963934496068,0.4941822840011,-0.2603482489131,-0.1191193694193,0.1485362849539,-0.1000144119964,-0.2129968645398,-0.3099821429961,-0.1996118206788,-0.2878172498239,-0.2423224830897,-0.1830609222974,0.7336890640757,-0.1740843788215,0.2446709394844,0.0219196750004,-0.0948632352606,0.1686089775333,0.9087828873294,-0.3209124619561,0.7390922732901,-0.1784387113710,-0.2427329538713,-0.0941218165105,0.0984765767943,-0.1486514154406,-0.2659793718652,-0.1852646865990,0.7588478680037,0.1617957254239,-0.1798568715271,0.0466775186940,0.4295067950358,-0.3436087874399,-0.2386509193896,-0.2349424142899,0.5684353090412,-0.3271120842272,-0.0952826917827,0.0553625848053,-0.1455960240785,-0.1842087244188,-0.2899462692355
0.0677286875878,-0.0567222331056,0.1957386410085,0.0221863078631,-0.2482006566462,0.6899511412433,0.2072844276986,-0.0122711705555,0.6476193552483,-0.0950245290758,-0.2351203661220,1.0000000000000,-0.2327584370802,0.8033914545852,0.4439576739039,0.3768309840565,-0.0570069916054,-0.0537769786710,0.7766306339575,0.3885755407035,-0.2370974017653,-0.1520704184973,-0.0633286534178,-0.0859449427406,-0.0406663160766,0.2427597545583,0.3485026217157,0.3608401908640,-0.1952695629573,0.3781180042856,-0.0177780255115,0.0196656444911,0.4862738055183,-0.0187696395309,0.2450623278407,0.0174749461543,-0.0801973206582,0.2605710897433,-0.0803104167734,-0.3382474951691,0.6163086804840,0.3501543610765,-0.1079662932591,0.6030394977129,-0.1199699223846,-0.3111771156923,0.8542664340290,-0.3109473038859,0.7617158282006,0.2022285147525,0.4553351969709,-0.0714599365337,-0.1708045303066,0.5817653438795,-0.0515138962176,-0.3445961464568,-0.1772372247120,-0.0778602659209,-0.1437612784178,-0.1910456651659,0.1706561197295,0.1898872451578,0.3009894884189,-0.2724463375519,0.2587586888619,-0.1542169402231,0.1103491898936,0.5217853458423,-0.0150380463664,0.1535931975540
-0.1514753130362,0.0658770390142,-0.3040619061757,0.0505943219290,0.8535412579124,-0.1889862605926,0.3243693904911,0.1152962409058,-0.0674021127556,0.5702656860007,0.6792179616060,-0.2327584370802,1.0000000000000,-0.0808257506521,-0.2031217451893,0.0773995143620,0.2727593300680,-0.1301087294200,-0.2395522838178,-0.1674731539813,0.8587367899720,0.3000739021289,0.1290546634811,0.0878509590656,0.5099523344911,0.0401917666336,-0.1312806947103,-0.1265829037860,0.4165234195158,-0.1638083701072,0.0161464893495,0.1126160331663,-0.1717695405322,0.0416035019319,-0.0459424842457,-0.1017579832271,-0.0322921823471,-0.4925569246985,0.0089137918738,0.7858304458255,-0.2207144019296,0.0516116699150,-0.1135023540204,-0.2937133484781,0.4220903867560,0.5342298665617,-0.3815799484171,0.9336159742267,-0.2292787703886,-0.3291541469228,0.0633736626710,0.3505159360554,-0.0689623696944,-0.4115000972636,-0.1715578145058,0.7447840954154,0.3207224367754,0.1108023024817,0.1692641779581,0.6612991212642,-0.1849271767899,-0.3348003129593,-0.3254421760422,0.3617799538230,-0.1931016304145,-0.0354648848045,0.0114213201974,-0.2578432048662,0.1056472152417,-0.0330817324723
-0.0374664473746,-0.0382774325404,0.0896279693170,0.0902269587726,-0.1251896793070,0.5052120763530,0.2364027825806,-0.0380826079391,0.4836588621678,0.0774253261847,-0.0899801484821,0.8033914545852,-0.0808257506521,1.0000000000000,0.3298226538718,0.3661792548539,-0.0541686333020,-0.0919984965622,0.6393567387560,0.2786078649345,-0.1198344058427,-0.1293913401377,-0.0357691817710,-0.1201658659636,0.0193459305007,0.3806867020774,0.3260390452620,0.3252650519939,-0.1489343229681,0.3334788420409,-0.0697241988313,0.1346207291862,0.2694653242667,0.0096865549922,0.2344639263887,-0.0599312627519,-0.0123012808260,0.1259039726371,-0.0239366092864,-0.2043222054578,0.4525880480185,0.3018418017290,-0.2117554201078,0.4138624652847,0.0544752473100,-0.1622489933317,0.6699891327885,-0.1528747482064,0.9003060325037,0.0793925567094,0.4347294688256,-0.0110663145659,-0.1228390566493,0.4740494611183,-0.0278614263313,-0.1959095899748,-0.1120761377793,-0.0530988874918,-0.1034608556722,-0.0851254642204,0.2931130328648,0.1585076435148,0.2253587817003,-0.2066204207322,0.2187655170056,-0.1547523529946,0.2099500740807,0.3163648664444,0.0319076103726,0.1629536025033
0.8091467450997,-0.1384297236460,0.1808590583148,0.0185520293958,-0.1669870185154,0.2970760055372,0.1444076437476,0.1777388421021,0.4176772341945,-0.0860384115042,-0.1590134115835,0.4439576739039,-0.2031217451893,0.3298226538718,1.0000000000000,0.0752353458287,-0.2174750786327,0.3550688339809,0.4516332128515,0.6855314376270,-0.1387936190349,-0.2414761815848,-0.2549634289236,-0.2369130448812,-0.1102703830045,0.1463428068473,0.1217084176479,0.3908160455482,-0.2900215317291,0.6751828162830,-0.1030862163270,0.3017874023052,0.1851478642058,0.1189819816960,0.0991249383754,0.6188632656789,-0.1836421214425,0.0363250401959,-0.0242947561786,-0.2623876221227,0.2325182666761,0.2074450839955,0.1261262828803,0.3699293923788,-0.0069274314140,-0.1931294135739,0.4331550449490,-0.2616053043371,0.3347900680740,0.8237847902202,0.1452448766426,-0.2361331235987,0.0646348452035,0.4708352925547,0.3904339405717,-0.2382726013745,-0.1940758750263,-0.2667749488557,-0.2304773758572,-0.1983578838978,0.1842019105594,-0.0453144207258,0.2584538995955,-0.3615470185136,0.5220333402104,-0.2478189831850,0.2759190823976,0.1794419162683,0.0823801969734,0.0721719653853
-0.0662920203171,0.1972547117571,0.1507758274998,0.2959610258509,-0.0313268645381,0.3239141558497,0.3319952476046,0.2475805732770,0.3944550149061,0.0622829871402,-0.0496840570269,0.3768309840565,0.0773995143620,0.3661792548539,0.0752353458287,1.0000000000000,-0.0935404593181,0.0369694018848,0.2229744606303,0.0598167962889,-0.1041679540311,-0.2048973112963,0.1750777220174,-0.0862773798236,0.1853115145689,0.2653528152605,0.2118980110016,0.0005625995668,0.0692211042563,0.0966165655779,0.0822367997549,-0.0017046355385,0.2669228173213,-0.0074864271461,0.3208871247426,-0.1180804706485,0.1083078437824,0.1409372371130,0.1851138340713,-0.1424505065761,0.2947516573043,0.3862446888968,0.1385957706556,0.2740094200736,0.1363718104459,-0.0456022467635,0.3117043216056,-0.0148671874822,0.3304006572882,-0.0240119754771,0.7964119015468,-0.1044011793726,0.0270396909285,0.0736404785895,-0.0066677414250,-0.1664851483312,-0.2703769357404,0.1140819091968,-0.1618489621581,0.1268253636325,0.2280580913754,0.0552494492329,-0.0034372707357,-0.0052666119473,-0.0314271151545,-0.0120266122460,0.1264584968646,0.2089805521406,-0.0702613467935,0.2586412672533
-0.1249612900905,0.3318754261744,-0.0232423796269,0.1961380615297,0.3600243224860,-0.1251347164574,-0.2993330766336,-0.0098245530492,-0.2682211701742,0.4570495035005,0.0468194487890,-0.0570069916054,0.2727593300680,-0.0541686333020,-0.2174750786327,-0.0935404593181,1.0000000000000,-0.0915633148828,-0.1868352132370,-0.1221207108267,0.3345623455189,0.7015327887828,0.5893133140471,0.6197034434309,0.4692657855997,0.1514745180635,-0.1517195171920,0.0714105647292,0.0893949980812,0.1632356323915,0.3405513876719,0.0483709028492,-0.0042318014083,0.3925033460725,0.2913797444269,-0.0225783617026,0.1867747843213,-0.2715692082235,0.1630291665250,0.3328289464035,-0.1359406067968,-0.3739403971792,-0.0762066937124,-0.3330562466292,0.3366539508487,0.0098775591357,-0.1376316489372,0.2895429719471,-0.1531134402966,-0.2636058030720,-0.0977943226652,0.9499349915965,-0.0159109675412,-0.3439661058692,-0.2335811897225,0.2663467545482,0.5688282609455,0.6473077973384,0.5803841432444,0.5134133569627,-0.0321979039371,-0.3242386367926,-0.0183245455936,0.0813637018420,0.2077988497139,0.3786404475640,-0.1414184336538,-0.0733152665239,0.4336346727208,0.1304531555715
0.5138309442726,0.3991739855813,0.3748169415364,0.4027130306888,-0.1213891853810,-0.2073554722867,-0.2996634071150,0.1143841672544,-0.2257237781158,0.0402565820861,-0.2673565546293,-0.0537769786710,-0.1301087294200,-0.0919984965622,0.3550688339809,0.0369694018848,-0.0915633148828,1.0000000000000,-0.0803336375454,0.6833686406478,-0.1157930692107,-0.1310237064483,0.0515201859213,0.1722099889744,0.0072672552732,0.4135366482381,0.4853722607655,0.3646990991338,-0.2417312582445,0.4682641150798,0.1929793362015,0.2457140000971,-0.3309582407336,0.4511592796806,0.5209121518081,0.4680859197581,0.4083089778348,0.0783320031081,0.4048189500751,-0.2895859117481,-0.2162172786841,-0.1872579735058,0.0207946503890,-0.2157642501894,0.0950320132322,-0.2906740953886,0.0058854176024,-0.1898789923326,-0.1509881980343,0.3510061196116,0.0641313122648,-0.1019107767915,0.8043898277950,0.0597881015194,0.8064653362956,-0.2245564424638,-0.0723144913570,0.0046985633384,0.0162453864661,-0.1394846772278,0.5085412152113,0.3215971550275,0.2412335285084,-0.3604673863508,0.3710239977628,0.0557970680403,0.1270661000596,-0.2720167882598,0.4415718753931,0.5438464506855
0.0827642169909,-0.3369806000802,-0.0742571671913,-0.3198366760074,-0.2429047188180,0.7953472336242,0.2253479511548,-0.2473890595974,0.6037677292403,-0.2346045927580,-0.1765993359213,0.7766306339575,-0.2395522838178,0.6393567387560,0.4516332128515,0.2229744606303,-0.1868352132370,-0.0803336375454,1.0000000000000,0.3630377574112,-0.2262896736239,-0.1757298206612,-0.3505374915210,-0.2288254306928,-0.2929804809398,-0.1296167638329,0.1055390786358,0.3191732167306,-0.3047476122404,0.2810354529120,-0.2512079177565,-0.1518646891189,0.3557612452790,-0.0781345306808,-0.0170476546922,-0.0339124426874,-0.2206730383266,0.1860545554955,-0.3763858813191,-0.2844155498143,0.7828392974259,0.3499045746992,-0.2837091596704,0.5778641897495,-0.2752354952507,-0.2970870325012,0.5937746156274,-0.2506212149316,0.6801482435029,0.2031330212914,0.2618217795606,-0.1907199356203,-0.2501725813924,0.7650850714859,-0.0447470934090,-0.2676942245370,-0.1711859667498,-0.3272789110925,-0.2196798406151,-0.3346128964388,-0.0999793919890,0.1403475998908,0.2537544532238,-0.3177610863961,0.1924680584168,-0.3455147039824,-0.0667308279175,0.4502609014781,-0.0410981530780,-0.0197399113544
0.5593640989482,0.0925993652909,0.2932641402719,0.1363812650861,-0.1804762496598,0.1229154571363,-0.1053795869558,0.0739606490174,0.0807322422472,-0.0389722573816,-0.2925432610159,0.3885755407035,-0.1674731539813,0.2786078649345,0.6855314376270,0.0598167962889,-0.1221207108267,0.6833686406478,0.3630377574112,1.0000000000000,-0.1536972138456,-0.1662850958321,-0.1504903236600,-0.0375289866772,-0.0530230012610,0.3075306083051,0.4020384782709,0.4531168286522,-0.2957470403321,0.5826593064051,-0.0325477285404,0.2871370950494,-0.0881484549021,0.2342731733857,0.3636522760666,0.4580480617516,0.0686861873044,0.0926245482817,0.0889629864702,-0.3267011909782,0.0905312123457,0.0394812298909,0.0174630247306,0.1033714406551,0.0046448224552,-0.3466102599190,0.4054281813272,-0.2354174026651,0.2654835044233,0.5532464281570,0.2021241149941,-0.1339870194978,0.3622236995124,0.4923433358031,0.6484510000213,-0.2709686295303,-0.0993268907793,-0.1719756070221,-0.1310472856180,-0.1763135990907,0.3700937152150,0.2313270055106,0.2859399187859,-0.3919677007769,0.5255758602308,-0.1929154785472,0.1964860268720,-0.0331831452848,0.2721716298545,0.3793882192682
-0.0534282291496,-0.0265989698743,-0.2853291362650,-0.0848145382954,0.8938934695202,-0.2022656116918,0.0493430047912,0.0571324113588,-0.1854783366213,0.5655440755646,0.6432332664054,-0.2370974017653,0.8587367899720,-0.1198344058427,-0.1387936190349,-0.1041679540311,0.3345623455189,-0.1157930692107,-0.2262896736239,-0.1536972138456,1.0000000000000,0.4060593702267,0.0152246073512,0.1672150758577,0.4864778330665,-0.0692573939920,-0.2150598506242,-0.0711538408496,0.2967140350215,-0.0932293425082,-0.0262931052660,0.2012828267147,-0.1505026986837,0.1394449162956,-0.0775289446602,0.0121608936219,-0.1340613499562,-0.4372551136251,-0.0105466594482,0.8513912441772,-0.2274432241860,-0.1743233547474,-0.0983493726406,-0.3360038858048,0.3743504845028,0.4822928205225,-0.4044140111230,0.8404177071755,-0.2558590462041,-0.1982976779254,-0.1907885532063,0.3694443716631,-0.1050418859572,-0.3543242138187,-0.1493632455648,0.8766764532982,0.4025020246998,0.0147261715462,0.2281036603487,0.6097731992422,-0.2640098154796,-0.4007264200155,-0.2277660946464,0.3004890250994,-0.0956052409118,-0.0770148699275,0.0501958350028,-0.2242366194124,0.1464857685751,-0.1094854907678
-0.1602677622443,0.1962142108962,-0.0935748233968,0.0349792473184,0.4167312575038,-0.2170104591972,-0.3368557759644,-0.0855655080133,-0.3780524837455,0.3979695189396,0.1419755162522,-0.1520704184973,0.3000739021289,-0.1293913401377,-0.2414761815848,-0.2048973112963,0.7015327887828,-0.1310237064483,-0.1757298206612,-0.1662850958321,0.4060593702267,1.0000000000000,0.3964412023576,0.7433598542289,0.3983237935172,-0.0151581712949,-0.2641152071786,0.1189169156295,0.1639594684005,0.1389956098787,0.3647862184699,0.0822393359096,-0.0564693910004,0.3888133099712,0.1771821670550,-0.0627193796429,0.0452154776449,-0.2416891856038,0.0831443540409,0.4484764765419,-0.2324885925049,-0.4999678981041,-0.2076487260390,-0.4807702750040,0.2688225220356,0.0538503536572,-0.2732827616961,0.3584903261099,-0.2136796370921,-0.2570290724976,-0.2704083037344,0.7071977961033,-0.0478997786547,-0.2852006494971,-0.2100486314852,0.4153972315707,0.8737465535479,0.4343769792072,0.7720313910175,0.4243769258799,-0.1631976868481,-0.4032250316487,0.0588575938132,0.2081918184415,0.1945903556172,0.2877131229952,-0.1048699246151,-0.1291586249525,0.4456509474333,0.0343064800657
-0.0946948852862,0.7640865359053,0.3720250479110,0.7015372017116,0.1311687468496,-0.1350553707511,-0.1699885940948,0.3416089105932,-0.1893520762692,0.4731592353608,-0.1566590944610,-0.0633286534178,0.1290546634811,-0.0357691817710,-0.2549634289236,0.1750777220174,0.5893133140471,0.0515201859213,-0.3505374915210,-0.1504903236600,0.0152246073512,0.3964412023576,1.0000000000000,0.5623590480221,0.5840836515989,0.4588558098308,0.1371862521785,0.0090376607318,0.2595883676104,0.1160216638575,0.6931862810783,-0.0575818408405,0.0226686002268,0.3512713441766,0.5159072597102,0.0269741212513,0.5556180593488,-0.1269122446656,0.5382568146392,0.0487583678903,-0.1662161384316,-0.2437227858296,0.1775817543808,-0.2917953163961,0.5244590573423,-0.1070961121555,-0.0414001190405,0.0662353196915,-0.1340982941516,-0.2713450651150,0.1666947740806,0.6066938587546,0.2599009552272,-0.4976058482588,-0.1519783192501,-0.0589188304215,0.2377935460714,0.9444972215673,0.3972151054528,0.5210049801634,0.2484365097247,-0.1102808697243,-0.0916865156449,0.0756457725668,0.1162701271659,0.6605822422634,-0.0752833909139,-0.0429029892323,0.3350473412862,0.3776072096260
-0.0673803637281,0.5109458751401,0.3559228444123,0.3629539172725,0.1989402904110,-0.2200379641550,-0.3854305502557,0.0247386404117,-0.2868223950639,0.2975119806451,-0.0474838655729,-0.0859449427406,0.0878509590656,-0.1201658659636,-0.2369130448812,-0.0862773798236,0.6197034434309,0.1722099889744,-0.2288254306928,-0.0375289866772,0.1672150758577,0.7433598542289,0.5623590480221,1.0000000000000,0.3743830810475,0.2338228148769,0.1054580370275,0.3014650231972,0.2514658611965,0.1602351872220,0.5379357564916,0.0339323874494,-0.0873750488202,0.3696882203037,0.3807143413629,-0.0609433349428,0.3598887170617,0.1145387598720,0.3377421352981,0.1847237562362,-0.2567698353481,-0.4360569170547,-0.1019410407684,-0.3905614959944,0.2229882987197,-0.1084083924664,-0.1387325679652,0.1105898968041,-0.2692524273064,-0.2927815335448,-0.1335248262157,0.6064063096197,0.2700056733276,-0.3309596285942,-0.0802604398628,0.1595597672277,0.6305923355492,0.5640172947444,0.8051172813465,0.2996643855758,0.1025240538721,-0.0900190067363,0.2526665877019,0.2120263064040,0.1185157154892,0.4305312017547,-0.1209717481024,-0.1381085325541,0.4155677061783,0.2266520677181
-0.0231361708067,0.4547275637345,0.2218593014139,0.4837161609565,0.6010626483578,-0.2107352588231,-0.0667969571115,0.5777218985623,-0.1415174559428,0.7372533367398,0.2190692237285,-0.0406663160766,0.5099523344911,0.0193459305007,-0.1102703830045,0.1853115145689,0.4692657855997,0.0072672552732,-0.2929804809398,-0.0530230012610,0.4864778330665,0.3983237935172,0.5840836515989,0.3743830810475,1.0000000000000,0.3420785125704,0.1437164122698,0.0782969788979,0.4554993625032,0.0468271842150,0.4563461059682,0.1526146673879,-0.0391515460997,0.2317118693808,0.2484463929141,0.1053658506434,0.1785943633324,-0.1769239964106,0.3791632224099,0.4800894083000,-0.2673427902503,-0.2653119296448,0.3310490939109,-0.3504787759715,0.6848010923634,0.1437912235278,-0.1573278637775,0.4163454297363,-0.1279519989017,-0.1912663149958,0.1029113795312,0.4909115816885,0.1058504947049,-0.4717133575684,-0.1345103573204,0.3706182734766,0.3176203659485,0.5328852671620,0.2962506638825,0.8730531775276,0.0634134383355,-0.2127517065556,-0.0578281114558,0.3033061655817,-0.0208740803938,0.3507121005001,0.0635627039658,-0.1301031388081,0.1638745191955,0.1120468160017
0.1950181714297,0.6273221559005,0.3695030013706,0.7365337366161,-0.0577014391955,-0.1362600884185,-0.0797820153227,0.2702996900791,-0.0117034561510,0.3093954339955,-0.1810153563403,0.2427597545583,0.0401917666336,0.3806867020774,0.1463428068473,0.2653528152605,0.1514745180635,0.4135366482381,-0.1296167638329,0.3075306083051,-0.0692573939920,-0.0151581712949,0.4588558098308,0.2338228148769,0.3420785125704,1.0000000000000,0.5628743860039,0.3861333308517,-0.0561247210515,0.4291415875281,0.4121690159341,0.2144250336833,-0.2042547178618,0.4083978473665,0.7307875464527,0.3199038338700,0.6242827782503,0.0518739585016,0.6547178266166,-0.2319939555948,-0.1974868546872,-0.0033092907618,0.0778769732060,-0.1027091871319,0.3920763971891,-0.1764984572235,0.2724219467166,-0.0645383828070,0.2263334929680,0.0673904529394,0.3329644356200,0.1790053442579,0.4892405951528,-0.1766883417762,0.3359538699675,-0.2052575673505,-0.0140909325273,0.4048237902167,0.1399099232974,0.1652890983921,0.8306006936160,0.2299243305511,0.2984492266415,-0.2029007327336,0.3170656713524,0.3082880908264,0.1413181141054,-0.1676728478016,0.3188980420238,0.6563558434685
0.0747420857563,0.4169154773841,0.5900494721680,0.4924103044229,-0.1478838223547,0.0753350754932,-0.0539750392378,0.2754253654883,0.1299667452092,0.0262941318711,-0.2096144308421,0.3485026217157,-0.1312806947103,0.3260390452620,0.1217084176479,0.2118980110016,-0.1517195171920,0.4853722607655,0.1055390786358,0.4020384782709,-0.2150598506242,-0.2641152071786,0.1371862521785,0.1054580370275,0.1437164122698,0.5628743860039,1.0000000000000,0.5085312683221,0.0053362219949,0.0960217172440,0.2613978602654,0.1411173798774,-0.1745742480968,0.1088323637394,0.4399482443815,0.0732803446657,0.4410071939730,0.4460063735400,0.4188871098785,-0.3075529662235,0.0108848181919,0.0455799707882,0.1087239057164,0.0861300634933,0.0261962190987,-0.2672590306870,0.3047926033734,-0.2664354680351,0.1689674515974,0.0120569129930,0.2231331216554,-0.1835558867562,0.4914687968252,0.0966177766123,0.3359983783381,-0.3204825430682,-0.2525476608616,0.0428789565810,-0.1350645739151,-0.0962844547883,0.5038828614261,0.7558450890661,0.4320965477653,-0.1571519520817,-0.0353972549045,0.0880748326088,0.1009476494783,-0.1172072671783,0.0060912152302,0.4223050947007
0.2952197758929,0.2926983188333,0.5337189217146,0.1891716921566,-0.0402951777675,0.1319119721388,-0.2384097882144,0.1171506985313,0.0875351218369,0.2039135351204,-0.1963934496068,0.3608401908640,-0.1265829037860,0.3252650519939,0.3908160455482,0.0005625995668,0.0714105647292,0.3646990991338,0.3191732167306,0.4531168286522,-0.0711538408496,0.1189169156295,0.0090376607318,0.3014650231972,0.0782969788979,0.3861333308517,0.5085312683221,1.0000000000000,-0.2086704890002,0.3396450977196,0.1080888793527,0.2422145895131,-0.0012369263145,0.3070076685549,0.2996164085371,0.2037227668902,0.2187687741236,0.4467705560272,0.2066823201098,-0.1973891910394,0.0838393734691,-0.1611159094016,-0.0886578740193,0.0220414885815,0.0819958625135,-0.3568623749377,0.2481840954849,-0.2080910725069,0.1393700129890,0.1705418322306,0.0195467086637,0.0403331395617,0.2072260994055,0.2051829853337,0.1849716684726,-0.1998576244891,0.1840631486042,-0.0165519707725,0.2184139419800,-0.1171552215744,0.2769862797305,0.2176918037595,0.8341723674230,-0.2262634483509,0.1892233024485,-0.0531492641419,-0.0185112705047,0.0309494419200,0.2307759946734,0.2028551320780
-0.2739812085814,0.0987261227491,0.0635854027906,0.1170959628581,0.3898668429317,-0.1878875023327,0.2734503069349,0.3731714324439,0.0717271417994,0.0948121269734,0.4941822840011,-0.1952695629573,0.4165234195158,-0.1489343229681,-0.2900215317291,0.0692211042563,0.0893949980812,-0.2417312582445,-0.3047476122404,-0.2957470403321,0.2967140350215,0.1639594684005,0.2595883676104,0.2514658611965,0.4554993625032,-0.0561247210515,0.0053362219949,-0.2086704890002,1.0000000000000,-0.3890953267863,0.2717705667774,0.0674864460005,-0.0302448005285,-0.3145207756066,-0.1855307612300,-0.3983497039725,-0.1094452162065,-0.0644778700890,-0.0555366681668,0.4603502797124,-0.2518492222057,0.0566669059881,0.2040448116535,-0.1616189453798,0.0847007257929,0.4284163450732,-0.2923040395649,0.4038122295324,-0.2762641480113,-0.4235830215684,0.0333667722861,0.1240213109003,-0.0801166638975,-0.4690633699831,-0.3404802057070,0.3688329084575,0.1033302860563,0.1868032753553,0.1922545333964,0.4707431860485,-0.2610591173015,-0.1116810791382,-0.2465736797514,0.8862487850225,-0.4851951525961,0.2036183565725,0.0694575476434,-0.1269536132776,-0.2948245857701,-0.2303393819493
0.6403147845714,0.1706801662783,0.1269683701576,0.2841798629335,-0.1417354099552,0.1347293145685,-0.1720874429089,-0.0293468033567,0.0759207655001,0.0921364045997,-0.2603482489131,0.3781180042856,-0.1638083701072,0.3334788420409,0.6751828162830,0.0966165655779,0.1632356323915,0.4682641150798,0.2810354529120,0.5826593064051,-0.0932293425082,0.1389956098787,0.1160216638575,0.1602351872220,0.0468271842150,0.4291415875281,0.0960217172440,0.3396450977196,-0.3890953267863,1.0000000000000,0.1575436611475,0.1910589916510,0.0409703202389,0.6031301997780,0.5327557215728,0.6484147279709,0.1591221202778,-0.0796414389502,0.2659120287075,-0.2445221256803,0.1025546429997,-0.0571419965096,-0.0478782310620,0.0573687461948,0.2125687795194,-0.2700227074041,0.3688175954956,-0.1633786135769,0.3452000439862,0.5986569249746,0.2036582906749,0.1681628786622,0.3364603094517,0.2911713453270,0.4798826522111,-0.1771817774387,0.1387054914245,0.1277273529947,0.1706827628490,-0.0335065103219,0.4280093897453,-0.0639398948738,0.2624137791127,-0.4391506104924,0.8838929530793,0.0323958355390,0.1856475093475,0.0783137816673,0.6162429481870,0.4774295077593
0.0925867975870,0.5778212676399,0.3806435065376,0.5824750190438,0.1035836190056,-0.0898715646803,-0.1345573483468,0.5355002038047,-0.0781308728135,0.2611127156881,-0.1191193694193,-0.0177780255115,0.0161464893495,-0.0697241988313,-0.1030862163270,0.0822367997549,0.3405513876719,0.1929793362015,-0.2512079177565,-0.0325477285404,-0.0262931052660,0.3647862184699,0.6931862810783,0.5379357564916,0.4563461059682,0.4121690159341,0.2613978602654,0.1080888793527,0.2717705667774,0.1575436611475,1.0000000000000,-0.0995613752652,-0.0338041778211,0.3452700905246,0.4954249277084,0.2076543614533,0.4619278113839,-0.0131143837199,0.5171907119503,0.0204132967673,-0.1567123690585,-0.2584073821422,0.2856164703048,-0.2320776964139,0.3400638084736,-0.1174509997452,-0.0547012740250,-0.0576591244293,-0.1456262612701,-0.0657199921800,-0.0164496094384,0.3443726182989,0.3523447695891,-0.3728396393332,-0.0140820649910,-0.0829207408980,0.2011840549767,0.6515894582561,0.3443071938549,0.3687055411366,0.2714603462335,-0.0023656197972,0.0707225376594,0.0622218322434,0.1224931989523,0.7561961652199,-0.1216735599634,-0.0771878329478,0.2142489500716,0.3746578819909
0.2036440641324,0.0514174727539,0.0882584140830,0.0632708007731,0.1440126471084,-0.2884862562980,-0.1638466838648,0.2204808055499,-0.1532911149688,0.1873681174891,0.1485362849539,0.0196656444911,0.1126160331663,0.1346207291862,0.3017874023052,-0.0017046355385,0.0483709028492,0.2457140000971,-0.1518646891189,0.2871370950494,0.2012828267147,0.0822393359096,-0.0575818408405,0.0339323874494,0.1526146673879,0.2144250336833,0.1411173798774,0.2422145895131,0.0674864460005,0.1910589916510,-0.0995613752652,1.0000000000000,-0.1457997660315,0.1319954292172,0.0342007907426,0.1044391849361,-0.1509237802821,-0.1176720407437,0.1012417637083,0.1218363289299,-0.3185402964043,-0.2135778582498,0.0681374814537,-0.2554165177765,0.0879756947170,0.1137185782138,0.0161825878391,0.0694394879909,0.0135631665627,0.2722257774135,-0.0419152481513,0.0534523604533,0.1125127312757,-0.0385869294570,0.3061987952314,0.1437711124905,0.1232529114441,-0.0959359816521,0.0324472335682,0.0539721845796,0.1486508291158,-0.0600619673864,0.1412724846618,0.1204063634604,0.1403320797322,-0.1746521614266,0.7897466124334,-0.1970695017391,0.0925137624249,-0.0418787034886
0.0025875444362,-0.1378916916682,0.0789383729842,-0.1516668805580,-0.1075585962598,0.6112465641620,0.2015427740997,0.0567862109208,0.5288457511850,-0.0966115485821,-0.1000144119964,0.4862738055183,-0.1717695405322,0.2694653242667,0.1851478642058,0.2669228173213,-0.0042318014083,-0.3309582407336,0.3557612452790,-0.0881484549021,-0.1505026986837,-0.0564693910004,0.0226686002268,-0.0873750488202,-0.0391515460997,-0.2042547178618,-0.1745742480968,-0.0012369263145,-0.0302448005285,0.0409703202389,-0.0338041778211,-0.1457997660315,1.0000000000000,-0.2025865002334,-0.1564392925413,-0.1287216119269,-0.3197688471700,0.0994484467252,-0.1494955761947,-0.0751529712945,0.5588394357449,0.2179182424413,0.0567416845158,0.5822831369409,-0.1153099232337,-0.0635471683454,0.3728856281944,-0.2122159266492,0.2865261835055,0.1040436120429,0.1864365677254,-0.0104473310940,-0.3957813239411,0.1325504708254,-0.3904155930766,-0.1503421126575,-0.0791967096054,0.0455115879058,-0.0127780952910,-0.0395166270917,-0.2425080418267,-0.1658190774083,0.0062741250579,-0.0268777975668,0.0047854598684,0.0077643408596,0.0073502827639,0.8886462344508,-0.1762212728215,-0.2302689833950
0.2627656768194,0.4517875054405,0.0907517982763,0.4452256752099,0.0834643578683,-0.1010399485063,-0.4760919585132,-0.0487865832791,-0.3526084287841,0.4021097976110,-0.2129968645398,-0.0187696395309,0.0416035019319,0.0096865549922,0.1189819816960,-0.0074864271461,0.3925033460725,0.4511592796806,-0.0781345306808,0.2342731733857,0.1394449162956,0.3888133099712,0.3512713441766,0.3696882203037,0.2317118693808,0.4083978473665,0.1088323637394,0.3070076685549,-0.3145207756066,0.6031301997780,0.3452700905246,0.1319954292172,-0.2025865002334,1.0000000000000,0.6758161495966,0.4171212351583,0.5047924816816,-0.1356586432049,0.5683509907388,-0.0544260974998,-0.0907453524854,-0.3891016549419,-0.1344069813726,-0.3194706131455,0.3830811960170,-0.2563062711087,-0.0683489156114,0.0634962217435,-0.0614018378689,0.1607107861785,-0.0376799329744,0.4005455910015,0.4568644899389,-0.0792375430576,0.3034700722419,0.0305713087146,0.3639553946498,0.3888584964989,0.3372470616001,0.1420197164595,0.3663654630594,-0.0618652018376,0.2090742740951,-0.3223962837211,0.6137930398196,0.2289076077384,0.0074972380714,-0.1643623186024,0.8592906780792,0.6376159064436
