1.0000000000000,0.2452188951381,0.1137042395182,0.3441472622571,-0.0849066189436,0.2021949914818,0.1268367493839,-0.0639860640028,0.2125595838978,-0.0915088493563,0.2013812155338,0.3107694456888,0.1520523308789,-0.0088753094917,0.4532291295801,-0.0690822902325,0.4131457670661,0.6654476050350,0.3858403137614,0.5151059076442,0.2622322979647,0.4292929728401,0.2099325987068,0.5843874926409,-0.0990792314760,0.2473539098601,0.2536704970124,0.4687344884259,-0.0272742837205,0.3471374798236,0.2743841855238,0.0174123318980,0.2913410955864,0.3052155968241,0.3363678421630,0.5960870990786,0.1687898499646,-0.0891303794637,0.4025550649574,-0.0938484217787,0.0951014815776,-0.0289073490923,-0.1882867018880,0.0241177180165,-0.1239870242639,0.1241568694896,0.2002848231139,0.0715672785648,-0.1308432374664,0.2494663528607,-0.2215183260073,0.3647873095588,0.2848847808964,0.1185098803404,0.3912791238324,0.2059851768360,0.3732968647866,0.0894331675225,0.4319506051086,-0.1511926832354,0.0652758153994,0.0467260994829,0.2477487179096,-0.1702394718531,0.1363002598202,0.0505764362604,-0.0029590590732,0.2167181407020,0.0980561743644,0.3283872459580
0.2452188951381,1.0000000000000,0.5236577418670,0.5356322803483,0.4088683754055,0.1489017359619,0.2999127018643,0.3627944909409,0.2868199326185,0.1311880916007,0.4551937200920,0.5121290368435,0.4316540817260,0.4429740460110,0.3811453781849,0.4127452499110,0.4496324107225,0.3295215966739,0.3202914833650,0.3658704900971,0.3144531630011,0.4991048228530,0.4735347375769,0.4989285183341,0.2174096118246,0.4926588689421,0.5369244842184,0.4390746244201,0.2128921616519,0.4631715933380,0.3260034220196,0.1707767909901,0.0817799177552,0.3265546241698,0.5414941563383,-0.0099815698371,0.6245098132474,0.1891784219616,0.1617191886033,0.3906385517301,0.1248624086772,0.1994120748044,0.0770984258141,0.0610623346932,0.1050131870849,0.4271058422498,0.3623520621160,0.3042991015749,0.2994638329697,0.0753924226566,0.3256351111510,0.3488138249310,0.2615746327378,0.0052989029692,0.1250113337877,0.3245603613503,0.3756461392314,0.2513128850796,0.4780336628293,0.2096284342330,0.3281245819879,0.2082879772685,0.3604166927097,0.1053985028760,0.4480512173917,0.1630658616444,0.0740908387542,0.1621592911269,0.3967783468497,0.2423018603696
0.1137042395182,0.5236577418670,1.0000000000000,0.3892566876841,0.3668234621045,0.2077161213012,0.2792800181388,0.6453046939214,0.3652515012686,0.2708543713310,0.3615212719552,0.3423713534596,0.4045842607178,0.3440629853523,0.4148444836881,0.2978492312059,0.4592941208089,0.1302535736847,0.1387269968937,0.3257018007988,0.3305938862588,0.3218300755343,0.4304514212611,0.4982275675411,0.4300445880635,0.4220599271321,0.6616127017632,0.5282380173210,0.5050176729150,0.3011226701660,0.2410988847240,0.2667964458467,-0.0065095510395,0.1195568213993,0.3241616384126,-0.0594981020853,0.2268679101846,0.6356602930758,0.2492384031237,0.3507689558958,0.1763902838930,0.1530206613541,0.3894481848233,0.2109510178200,0.2765037948085,0.2666884439776,0.1047256958607,0.2789096124039,0.1797540829242,0.1139328040553,0.2279313600610,0.3064975817142,-0.0471463615039,0.0712307728465,-0.0599704422327,0.3729224279024,0.2822375979111,0.2690679079878,0.1609856393264,0.3429490243386,0.3573260310507,0.3668810900219,0.4498364785448,0.3258408079997,0.1518100087245,-0.0615514944947,0.0559358919078,0.0519309950688,0.2125092756924,0.1755488392699
0.3441472622571,0.5356322803483,0.3892566876841,1.0000000000000,0.4177758025257,0.1818481156147,0.2949360070148,0.4158938145139,0.2610539469905,0.5388241408864,0.4786101127662,0.3460620206777,0.4767114403053,0.3702564613437,0.3315686103007,0.3586102650149,0.7409380008902,0.2421990098116,0.1169998819995,0.1819286919155,0.3904032143292,0.5498885723334,0.7124565006127,0.4091872102639,0.6397365881827,0.6476418375773,0.5772861219444,0.3756028240309,0.3470503024603,0.6329902014553,0.3621088029846,0.2470975466937,0.1138178492810,0.5591699714721,0.6000021123703,0.4835504900680,0.6385044437675,0.2564604438950,0.7814684566296,0.3320715823874,0.1974415552095,0.1998283780329,0.2642815325495,0.1613476166504,0.4832650706378,0.3368643611496,0.1570604365442,0.3332021590285,0.1478228276289,0.2925264184281,0.2669450004857,0.6624183399374,0.2522126156894,-0.1410123742849,0.0856458168562,0.3324385642258,0.5209507347806,0.6214474235094,0.4058784612477,0.5731472883404,0.5712713874939,0.3700243438253,0.3968391965578,0.3123390835601,0.4105881115079,0.2632310369150,0.1307468317078,0.1994537951593,0.4286965969757,0.6118285481352
-0.0849066189436,0.4088683754055,0.3668234621045,0.4177758025257,1.0000000000000,0.0280025553416,0.4063161556867,0.4761722718921,0.1811822322786,0.3700791422451,0.6406965967553,0.2141119042741,0.6743050885924,0.3280568839550,0.0670868761341,0.3487868179382,0.4062696565673,-0.0038684320554,0.0704240392787,0.0027056232048,0.7214486292297,0.3018935676315,0.3797222008898,0.2116092040243,0.5649938872479,0.3601599751035,0.2447984065060,0.0734403065466,0.5139628464191,0.2295951565691,0.1812314897505,0.1392630308735,0.0325951313438,0.4133234089337,0.2798304722434,0.0695026673989,0.4272099726021,0.2872531955882,0.2579254320100,0.9042177199904,0.0364325179095,0.1190403490422,0.3654918528826,-0.0195731321396,0.3431311155230,0.4510889072851,0.0849533320382,0.6229484256352,0.2052459432078,-0.0181430907628,0.2903277067660,0.3659334130965,0.0582117510869,-0.0885454639520,-0.1063783770924,0.6834206600296,0.2916152801144,0.2285015129989,0.2217030409367,0.5842956341994,0.2703667276228,0.1065683384039,0.1871746757551,0.5535910410346,0.1675907262577,0.1811897859018,0.0782857218544,0.1614844610770,0.3072096187876,0.2192767179456
0.2021949914818,0.1489017359619,0.2077161213012,0.1818481156147,0.0280025553416,1.0000000000000,0.3581157854489,0.1564748371407,0.3278838496990,-0.0185680162565,0.0696343206772,0.3481495562818,0.0118908985322,0.3590058284821,0.2725174566561,0.3669521168414,0.2960370413521,-0.0907735121930,0.0280560874694,0.0483920355963,-0.0841864341904,0.2996385009834,0.1846370095782,0.2480944836391,0.0635162235223,0.3879708251016,0.2983683682336,0.4139266156228,0.0164587011100,0.1939630488557,0.2714193243937,0.1740877448574,0.5603962322370,-0.0271426685058,0.1344791381446,0.0821336427469,0.1014442998906,0.2619141178642,0.1183898350485,-0.0303760476195,0.5769036644795,0.4711754251584,0.1957697434143,0.4056720166994,0.0427380244111,0.1504438809700,0.2632620192616,-0.1388720731861,0.1725501636989,0.1417954339598,0.2811320963858,0.2856643675261,-0.1414890737593,-0.0155272023239,-0.0497043966678,-0.1437940423072,0.2978376730465,0.2255191691188,0.3056717534375,0.0533967263611,0.2094699393118,0.0325008312324,0.4085580487129,0.0096590112910,0.1440781384265,0.1740947373298,0.1233356313792,0.3352546880763,0.0159941353257,-0.0637150127706
0.1268367493839,0.2999127018643,0.2792800181388,0.2949360070148,0.4063161556867,0.3581157854489,1.0000000000000,0.2377495681556,0.7670619110818,0.1239725519610,0.6813716515674,0.5455848868844,0.5832632472690,0.4587890434542,0.5559488303857,0.5060237124091,0.2878227737196,0.1507480118056,0.4923819347504,0.2933593166041,0.3679540782940,0.2349384124771,0.3098081742017,0.3014657232419,0.1746664713740,0.2545039084285,0.2352782816899,0.2519216434661,0.3163207794939,0.4094998528268,0.2122539862617,0.1578278502620,0.2796466558937,0.2681537923093,0.3033852699813,0.1284867284430,0.1613107321859,0.1152788280333,0.1710738668901,0.3580913385225,0.4205612085713,0.7015151743577,-0.0008318590691,0.4646722463922,0.1643530370511,0.6321499915437,0.3978634799188,0.5140101243710,0.4371392280848,0.1747478441484,0.4799930310624,0.1989375384512,0.0874119914854,0.3797482042108,0.0226000211619,0.3445625805376,0.0995642762668,0.1268830568758,0.1168966350290,0.2397447914326,0.1786489944649,0.1090799898441,0.1790070290065,0.1937315333076,0.2340018645889,-0.0067098349849,-0.0306107648351,0.3249805476319,0.1699862586091,0.1882025910252
-0.0639860640028,0.3627944909409,0.6453046939214,0.4158938145139,0.4761722718921,0.1564748371407,0.2377495681556,1.0000000000000,0.2459127971994,0.4373234143146,0.3967777161614,0.2194153558433,0.3980268779929,0.1657584256415,0.2774527721097,0.4141254624071,0.4646805527593,-0.0176832941477,-0.0136529602181,0.1450522727818,0.2980622643474,0.3286475514025,0.6063213085228,0.2282948579274,0.6916913806998,0.4037260927801,0.4755193186794,0.2605818696458,0.6387172281367,0.2939851896285,0.4778121563292,0.2646551115024,-0.0291643280539,0.1465982152825,0.3226007194244,0.0204119674381,0.1267001298601,0.4082700529330,0.2539766520074,0.5045420546756,0.1328653448539,0.0553536909024,0.6754819116276,0.0333125640139,0.4464233444113,0.3030221638505,0.0073912185573,0.3205353759868,0.0432008932374,0.1790934909794,0.2811288412414,0.3763345345916,-0.0294132055093,-0.0735270286464,0.0270198312240,0.3508858801158,0.2607586286214,0.4575898388058,0.0197089547436,0.6457988821337,0.3539366422754,0.2219459127658,0.3056631305886,0.5101567810128,0.2010678513058,0.2360510736077,0.1686678721842,-0.0344231122052,0.2695278288665,0.1892323676400
0.2125595838978,0.2868199326185,0.3652515012686,0.2610539469905,0.1811822322786,0.3278838496990,0.7670619110818,0.2459127971994,1.0000000000000,-0.0364041427815,0.4963168194879,0.6156913502782,0.3578392233924,0.3535057097397,0.5838428155556,0.3117301104650,0.2887210434455,0.1717525271869,0.6084374683192,0.3168720509638,0.2196098927766,0.2140727659063,0.3585850375017,0.3636445668446,0.0786571347305,0.1618647854164,0.2632389442295,0.2277448495123,0.3918261259722,0.3888398820262,0.3426817031381,0.0416162969846,0.2572901924921,0.1523543313760,0.3734414512571,0.1571315555738,0.0868349112920,0.1337518462126,0.2049675526031,0.1503640097231,0.4566184058505,0.5961645695396,-0.0676740093057,0.6562579144980,0.0502521956036,0.3228708946546,0.4681304989053,0.2972621092383,0.4167647151898,0.1521902666948,0.3257928208930,0.1918872833147,0.0350944589640,0.4292291030904,-0.0495406297657,0.2341604320248,0.0264119267297,0.1438227768040,0.0440379564008,0.1416316010025,0.1427413974356,0.2195955776258,0.0959430335803,0.1413041599637,0.0657006083198,0.0133322076654,-0.2028415253216,0.3141525814325,0.0265489080947,0.2793757634379
-0.0915088493563,0.1311880916007,0.2708543713310,0.5388241408864,0.3700791422451,-0.0185680162565,0.1239725519610,0.4373234143146,-0.0364041427815,1.0000000000000,0.2119039304797,0.0077796427348,0.3838455020752,0.3536746168845,0.2294309174394,0.2770599257944,0.2842978751248,-0.1972839803331,-0.1240650809914,-0.1161866831553,0.1798176175632,0.2062087342032,0.3634173119574,-0.0342314616718,0.7986458864267,0.4213028012570,0.1291864139890,0.1730620407705,0.1714865512158,0.3226735903162,-0.1629303324819,0.3183945803615,-0.1878133087860,0.1401764650947,0.1799830542145,0.1223151097009,0.1781697866939,0.2337134957456,0.4563622419558,0.3536371306299,0.0908192900600,0.1297187336797,0.4246291580297,0.0160106830957,0.9127456808997,0.2591277762486,-0.1134267091179,0.3697498027780,0.2602380543210,0.2535206565344,0.2991744503694,0.2492470508133,-0.1270833298010,-0.1193796649678,-0.0997979484151,0.2463989829185,0.2135579594498,0.3826451788489,-0.0715152428326,0.7654667607231,0.4674841027997,-0.0493512100773,0.2511856965335,0.2425651911943,0.2261636991812,-0.1657737310232,0.1786898925028,-0.1685759464566,0.3426889547344,0.1902707221979
0.2013812155338,0.4551937200920,0.3615212719552,0.4786101127662,0.6406965967553,0.0696343206772,0.6813716515674,0.3967777161614,0.4963168194879,0.2119039304797,1.0000000000000,0.4034657410831,0.6319657906460,0.3331271260887,0.4118720497019,0.3426080029512,0.4397345023055,0.2984911221939,0.3892590058961,0.2705998681522,0.6797303601904,0.3499835934642,0.3792412709900,0.3636376557662,0.3363147405866,0.2947224368158,0.3193799352922,0.2609713775624,0.4183551437823,0.4569657050111,0.2498493415796,0.1230374095429,0.2176838422685,0.5848149859368,0.3658434558343,0.2281127357226,0.4264121075170,0.1795350907784,0.3155861725710,0.6117765169800,0.1979249871025,0.2906877337589,0.1431781694868,0.1764560669668,0.1909456897852,0.7581648087175,0.2504347330349,0.5881762875585,0.2828688412565,0.1279626297092,0.2714372039081,0.3610626688969,0.1843541988722,0.2121718105896,0.0358879488743,0.6689630773622,0.3097281125412,0.1546631148725,0.2342788372183,0.3520527822932,0.2354028543838,0.2388085798180,0.2395006335271,0.3553366696981,0.2326200819034,0.0961091593931,-0.0121334873446,0.3184026574457,0.2801691079393,0.3320937564138
0.3107694456888,0.5121290368435,0.3423713534596,0.3460620206777,0.2141119042741,0.3481495562818,0.5455848868844,0.2194153558433,0.6156913502782,0.0077796427348,0.4034657410831,1.0000000000000,0.3443740048364,0.5337919254038,0.6192002360547,0.3330710509118,0.3031966067330,0.2942258088801,0.7666887288883,0.5938736991895,0.1900754595181,0.3514193417096,0.3738214032010,0.4100892183938,0.0031180497419,0.3573983785979,0.3302641363058,0.3904740262831,0.1753466423428,0.5412649571239,0.3197685239179,0.1146049560955,0.2644538403095,0.1210288523138,0.5209578616245,0.0349532777139,0.2388632969299,0.0596627283147,0.0738724207658,0.2226501771962,0.4484349621522,0.4800227915816,-0.1110645248717,0.4149250903728,-0.0002596150047,0.3512375499669,0.8489219035962,0.2685859323296,0.5309156252451,0.1905505671194,0.3296175337931,0.2137722835874,0.1582705146857,0.4999358980474,0.2291017577467,0.2173882645727,0.1675030257082,0.1799780839161,0.2746416954432,0.0435210576572,0.2677795142238,0.2025212206265,0.2634698283675,0.0027365720958,0.3945695813902,0.1123884875829,-0.2138268000680,0.2609175693340,0.1481350291596,0.1651064062551
0.1520523308789,0.4316540817260,0.4045842607178,0.4767114403053,0.6743050885924,0.0118908985322,0.5832632472690,0.3980268779929,0.3578392233924,0.3838455020752,0.6319657906460,0.3443740048364,1.0000000000000,0.2906621200316,0.3803597827322,0.4004635794025,0.4207123229248,0.2269807681494,0.3009378552016,0.3144168478360,0.6951586167905,0.3303225887895,0.4570918033531,0.3753570370603,0.4640106594120,0.4165526400149,0.2863016822584,0.2326058688624,0.5533769855934,0.4549964841861,0.1785063338722,0.2656759830652,-0.1469005390948,0.3846848310464,0.5200164572560,0.2376239936611,0.3248547791239,0.1285843111262,0.3982679448421,0.6603565234807,0.0669351147677,0.2779495207867,0.0983520291150,0.0837621988216,0.3740636149917,0.6194162873895,0.1364578126669,0.9137303414206,0.1909588672478,0.0980879311869,0.3450978292810,0.3845598318395,0.2382693507069,0.0838267295909,0.0856883124612,0.7103815726825,0.2557535995152,0.2992958744685,0.2140839588587,0.4700853567771,0.3610441939642,0.1161581557119,0.1552273975223,0.4898994911918,0.3191396688582,0.0703787048607,0.0871305809018,-0.0686304141267,0.5068110210006,0.4726067863267
-0.0088753094917,0.4429740460110,0.3440629853523,0.3702564613437,0.3280568839550,0.3590058284821,0.4587890434542,0.1657584256415,0.3535057097397,0.3536746168845,0.3331271260887,0.5337919254038,0.2906621200316,1.0000000000000,0.4701634662754,0.4370491358498,0.2570577105009,-0.1767166874623,0.2495821552256,0.0743634495553,0.1727318272826,0.2053108998275,0.1767325091937,0.1174744512686,0.2236691203589,0.6202186562556,0.2731621027351,0.4011291651170,-0.0488102353123,0.3554992134774,-0.1101277646966,0.4311326655843,0.2416436777639,0.1349769410156,0.1899266345136,-0.1470164893037,0.3147786888736,0.2331649649141,0.1417930197108,0.2616041932705,0.4171921015250,0.4580429190773,0.1360650446525,0.3360038506322,0.3450914540528,0.4021708320128,0.4473418191861,0.1834099714304,0.7974452261639,0.2556901828619,0.4676971510287,0.1234870396041,-0.2188385008435,0.1956887413143,-0.1458295611183,0.1583736873515,0.1612813446046,0.0870471432596,0.2164709753136,0.2399571348725,0.5417286068152,-0.0578507084666,0.4347531423596,-0.0464446896825,0.3106136765894,-0.1457693828586,0.1487551872943,0.3084210129208,0.1227620095430,-0.0481450038079
0.4532291295801,0.3811453781849,0.4148444836881,0.3315686103007,0.0670868761341,0.2725174566561,0.5559488303857,0.2774527721097,0.5838428155556,0.2294309174394,0.4118720497019,0.6192002360547,0.3803597827322,0.4701634662754,1.0000000000000,0.3052165362657,0.3021746280241,0.2909257094453,0.5770087664042,0.6470749993639,0.1441995526816,0.2727906332169,0.3203741253711,0.3439937040479,0.1113466628029,0.4087949941369,0.2412934533123,0.5536835213920,0.1183883266365,0.5280332907930,0.0631401515453,0.3966475929232,0.1922172764307,0.1330514040851,0.3851778832349,0.1240671735398,0.0615282365198,0.0693242063121,0.2196236864224,0.0802019265315,0.3615472146278,0.4240870626665,-0.0069200143995,0.4008989887510,0.2313751932134,0.4639071056172,0.4487335901371,0.3046390482470,0.3777031128418,0.5696061761968,0.2605468485784,0.1871517366624,0.0552857777679,0.5272479797373,0.2732040747662,0.2190824789050,0.1320790916171,0.1412585239415,0.1242651050342,0.1234112818246,0.3740297896128,0.0234930941859,0.3719854126338,-0.0684505261976,0.3338808308379,-0.2124011409609,0.0571803187129,0.1262870974708,0.2317282903535,0.2097138000898
-0.0690822902325,0.4127452499110,0.2978492312059,0.3586102650149,0.3487868179382,0.3669521168414,0.5060237124091,0.4141254624071,0.3117301104650,0.2770599257944,0.3426080029512,0.3330710509118,0.4004635794025,0.4370491358498,0.3052165362657,1.0000000000000,0.3571133803583,0.0409574860058,0.0400297210752,0.1464272999941,0.1237186583057,0.3240345137897,0.3808136885706,0.2600655258396,0.3870383782481,0.4285723602992,0.3276930033192,0.1645578208133,0.2892982506843,0.4629404793119,0.2432383610104,0.3636979363951,0.0006506114482,0.1948470025354,0.4489008861893,-0.0757540171356,0.2215560432744,0.2587183244511,0.0847574974314,0.2745253322315,0.2560858485947,0.4734653502882,0.3422197188902,0.1460422464429,0.3685425679422,0.3720656243800,0.2181539731582,0.2787409188888,0.3212919743776,0.1868216326957,0.7989055713732,0.3034493038048,0.1280651325096,-0.0077700912007,0.0820227442010,0.0670925219272,0.1465896335062,0.3191489970331,0.2603839408397,0.4338228042668,0.3156568097989,0.0532207708867,0.2206376348213,0.2651484957372,0.4291713156053,0.1298461944879,0.3482017555722,0.0129320796971,0.3696141598998,0.1705168925594
0.4131457670661,0.4496324107225,0.4592941208089,0.7409380008902,0.4062696565673,0.2960370413521,0.2878227737196,0.4646805527593,0.2887210434455,0.2842978751248,0.4397345023055,0.3031966067330,0.4207123229248,0.2570577105009,0.3021746280241,0.3571133803583,1.0000000000000,0.3086096722911,0.0502587292522,0.2248014814157,0.4467600946050,0.6706058846593,0.6609867202863,0.5855711140921,0.5452993105527,0.5603069951701,0.6222686457153,0.4137245217149,0.4708007755625,0.5505653448656,0.5093112115692,0.2278567906502,0.1814590979953,0.5364086664259,0.5364665042224,0.4756537978441,0.5463799095882,0.3738995396158,0.6308156583364,0.2856699460675,0.2586983775819,0.1621060113763,0.3592781066148,0.1895498036373,0.3055982634380,0.2838625483522,0.1031670628891,0.2433494927658,0.0380137050334,0.3004431881153,0.2240156846340,0.8528330165075,0.2804727658000,-0.0826307147463,0.1718469774545,0.3364596467948,0.6326093122302,0.5573343042387,0.5693456089946,0.4798362838130,0.4775718464779,0.3965908255566,0.4721484338919,0.3751067571957,0.3314503958778,0.3714930382721,0.1957639072585,0.2940101474376,0.3687395009760,0.5332127869932
0.6654476050350,0.3295215966739,0.1302535736847,0.2421990098116,-0.0038684320554,-0.0907735121930,0.1507480118056,-0.0176832941477,0.1717525271869,-0.1972839803331,0.2984911221939,0.2942258088801,0.2269807681494,-0.1767166874623,0.2909257094453,0.0409574860058,0.3086096722911,1.0000000000000,0.4235697124427,0.6724490844252,0.3271103793908,0.3500357807330,0.2397988971913,0.6501688641835,-0.1233586763795,-0.0587188452472,0.2665314595541,0.1458680918005,0.1638924416140,0.3879745595175,0.4121555916318,-0.0788107225065,0.0764032639401,0.4185934985751,0.4342416228995,0.3326333738405,0.1808172093354,-0.1518497560827,0.1306690424011,0.0023713091439,-0.0857397639330,-0.0861616555367,-0.2899715723402,-0.1941782824854,-0.2357240310654,0.1291710503959,0.1698446551584,0.1713938196875,-0.2056627640952,0.0094088142428,-0.1083491407203,0.2883628499062,0.7403275888561,0.1432582011495,0.5846279844896,0.2760021713776,0.2185404445148,0.0429777409888,0.4104255172066,-0.1467165610784,-0.1557440398763,0.2319630169053,-0.0700942805991,-0.0564079139294,0.2640095924928,0.1621564658927,-0.0502616947705,0.1023904409723,0.2238335693968,0.3932505301465
0.3858403137614,0.3202914833650,0.1387269968937,0.1169998819995,0.0704240392787,0.0280560874694,0.4923819347504,-0.0136529602181,0.6084374683192,-0.1240650809914,0.3892590058961,0.7666887288883,0.3009378552016,0.2495821552256,0.5770087664042,0.0400297210752,0.0502587292522,0.4235697124427,1.0000000000000,0.6353176170242,0.1988095788378,0.1156001956815,0.2005875011486,0.2680685349155,-0.2139034005425,-0.0264172367115,-0.0189354989889,0.1779651560897,0.0496244329982,0.4201330526544,0.1608648511116,-0.0699072185554,0.1526741576333,0.1162640801314,0.3773076335297,0.0992290907109,0.0171528787214,-0.2173214415321,-0.0483408603773,0.1438600817036,0.2750418653900,0.3074712692255,-0.4037858402374,0.2906303887081,-0.1411590442389,0.2812446903585,0.6741824620840,0.3280776891482,0.4500558364990,0.0540267217615,0.0996340740927,0.0303898075664,0.2114100435374,0.6168934882378,0.2842543966877,0.2831340386852,-0.0386069966541,-0.0238360406165,0.0548988438047,-0.1238517127614,-0.0363411576054,0.0634664774622,-0.0500987315411,-0.1565026855302,0.2187641513468,-0.0467153324648,-0.3974261155184,0.1842517472403,0.0799208022110,0.1481110106891
0.5151059076442,0.3658704900971,0.3257018007988,0.1819286919155,0.0027056232048,0.0483920355963,0.2933593166041,0.1450522727818,0.3168720509638,-0.1161866831553,0.2705998681522,0.5938736991895,0.3144168478360,0.0743634495553,0.6470749993639,0.1464272999941,0.2248014814157,0.6724490844252,0.6353176170242,1.0000000000000,0.1709094824830,0.2756932633810,0.2460178856552,0.5280026633443,-0.1306715949368,0.1580588479668,0.2993463071201,0.3640826672252,0.2038741265636,0.4192731634482,0.2525316995375,0.1374174898221,0.0283183737370,0.0972455949763,0.4705924461843,0.1002799163764,0.0341320472355,-0.0175697042204,0.0247739411726,0.0630765329454,0.1154017097327,0.1103919622430,-0.2074181253248,0.0257547278523,-0.1472719083533,0.2560044699501,0.4200370017677,0.2580426807861,-0.0008111478051,0.2256022604745,0.0552046608669,0.1706548002961,0.4280818608264,0.4751008087065,0.5929835765711,0.2012148677670,0.0994577338956,0.0798306081921,0.2445690999280,-0.1531668883219,0.0694398761710,0.1772984908464,0.1140618903680,-0.0123853414506,0.3492737955873,-0.0216613260242,-0.0494681796300,-0.0180407362192,0.2267276982461,0.3065182175127
0.2622322979647,0.3144531630011,0.3305938862588,0.3904032143292,0.7214486292297,-0.0841864341904,0.3679540782940,0.2980622643474,0.2196098927766,0.1798176175632,0.6797303601904,0.1900754595181,0.6951586167905,0.1727318272826,0.1441995526816,0.1237186583057,0.4467600946050,0.3271103793908,0.1988095788378,0.1709094824830,1.0000000000000,0.2967053206328,0.2522640622385,0.3557263247711,0.3466039174972,0.2415810579671,0.2337355666275,0.1237871761371,0.4764278056765,0.2193849833484,0.1934646241008,0.0663113798735,0.0950060296616,0.5974553351477,0.2740502712646,0.2849449565947,0.3737375778829,0.1299070743607,0.3848738302691,0.6868397008591,-0.0532596190579,-0.0620454773683,0.0977875180985,-0.0927404190611,0.1358020139160,0.4298118299367,0.0423509144943,0.6583188169354,0.0679646884613,-0.0432639757001,-0.0025404187466,0.3498087582350,0.2170387877435,-0.0159227264997,0.0092343290276,0.9154275538544,0.3230365395961,0.0393567224446,0.2509460875889,0.2962844563541,0.1559569021672,0.0937428279807,0.0885799585420,0.4027227847034,0.0568988723405,0.1095213107851,-0.0239277210083,0.2419475304888,0.2153156867573,0.3542051755599
0.4292929728401,0.4991048228530,0.3218300755343,0.5498885723334,0.3018935676315,0.2996385009834,0.2349384124771,0.3286475514025,0.2140727659063,0.2062087342032,0.3499835934642,0.3514193417096,0.3303225887895,0.2053108998275,0.2727906332169,0.3240345137897,0.6706058846593,0.3500357807330,0.1156001956815,0.2756932633810,0.2967053206328,1.0000000000000,0.5118223405669,0.7435959910509,0.3265483189633,0.4287168887937,0.4736502761770,0.3655937922261,0.3133410310908,0.5348587341228,0.5850756707816,0.1108478204877,0.1974403811522,0.4647841035954,0.5786683514245,0.2722322307197,0.4491344235710,0.2794437307511,0.3364449889063,0.2839262866832,0.2107558478623,0.1836981008277,0.2114558104035,0.1034013051595,0.2154851582534,0.2768203335574,0.2274572004973,0.1805474622638,0.0165063414663,0.1725171238669,0.1689486800065,0.6188185346031,0.3219736121471,-0.0860800316897,0.2137223134402,0.2264821870066,0.8136663905345,0.4378414760470,0.7464010926716,0.3214320501991,0.2832799528404,0.1987700340173,0.4004860717973,0.2469425789851,0.4540750293777,0.4529490938148,0.1237049113904,0.2121919900374,0.4742742632377,0.3955165979949
0.2099325987068,0.4735347375769,0.4304514212611,0.7124565006127,0.3797222008898,0.1846370095782,0.3098081742017,0.6063213085228,0.3585850375017,0.3634173119574,0.3792412709900,0.3738214032010,0.4570918033531,0.1767325091937,0.3203741253711,0.3808136885706,0.6609867202863,0.2397988971913,0.2005875011486,0.2460178856552,0.2522640622385,0.5118223405669,1.0000000000000,0.4080914472770,0.5423225985902,0.4745674672122,0.4820975782241,0.2279035393825,0.5145013254863,0.6215976791580,0.6354758028258,0.1452791126793,0.0123494090978,0.3627559159628,0.6506648365482,0.4156257178058,0.3897026091627,0.1955056486377,0.5207283305818,0.3670379492480,0.2096881205140,0.2085215619504,0.3052927365687,0.1609163754543,0.3834838368057,0.2343456968800,0.1727984827132,0.3430638253308,0.0789024048218,0.2800963168904,0.3019274369206,0.6619347634014,0.3565660090025,-0.0293354306863,0.2598286229773,0.2599303004060,0.4219944762012,0.8435253877087,0.3542430465762,0.5505509719751,0.4610209108173,0.3679317078210,0.2630085382624,0.3629180169233,0.4633403383752,0.4899041411353,0.0886859131893,0.0497459540849,0.5071839718520,0.5706963294337
0.5843874926409,0.4989285183341,0.4982275675411,0.4091872102639,0.2116092040243,0.2480944836391,0.3014657232419,0.2282948579274,0.3636445668446,-0.0342314616718,0.3636376557662,0.4100892183938,0.3753570370603,0.1174744512686,0.3439937040479,0.2600655258396,0.5855711140921,0.6501688641835,0.2680685349155,0.5280026633443,0.3557263247711,0.7435959910509,0.4080914472770,1.0000000000000,0.1257677564700,0.2819387796240,0.5613307683523,0.4774955547681,0.4354306459713,0.4301548961624,0.5611372202273,0.0770972888614,0.1435591839574,0.3374173428532,0.5351088470023,0.2501937284502,0.3306415348995,0.2940757723321,0.2665521509237,0.2041924581645,0.1519074374072,0.1715255665385,0.0110179810096,0.0800038342614,-0.0276742071454,0.2666296356283,0.2065973004454,0.2148528893617,-0.0758604414299,0.0437734840760,0.1167657970708,0.5268324545711,0.4409679028139,0.0413462415440,0.2997641815622,0.2957346669284,0.5581739903351,0.2552242462094,0.6803620195567,0.0753715834883,0.1146940303078,0.2770735075836,0.3147122370257,0.2502090040399,0.2920408925729,0.2620870761181,0.0899142126732,0.1768193886683,0.3315905611179,0.3884565837567
-0.0990792314760,0.2174096118246,0.4300445880635,0.6397365881827,0.5649938872479,0.0635162235223,0.1746664713740,0.6916913806998,0.0786571347305,0.7986458864267,0.3363147405866,0.0031180497419,0.4640106594120,0.2236691203589,0.1113466628029,0.3870383782481,0.5452993105527,-0.1233586763795,-0.2139034005425,-0.1306715949368,0.3466039174972,0.3265483189633,0.5423225985902,0.1257677564700,1.0000000000000,0.4673626984700,0.3799616413355,0.1401141494466,0.5454829247157,0.3410967629209,0.1658640359718,0.2756360678902,-0.1323941108958,0.2859374917173,0.2963018795675,0.2068193978438,0.3159940362387,0.4091615083000,0.5557053859486,0.4985646160394,0.0992485422552,0.1119135653564,0.6378750957465,0.0415681129842,0.7999747378496,0.2254998603286,-0.1713904454258,0.3846132210441,0.0764969812829,0.1803972084523,0.3391858157854,0.4908885369231,-0.0206185837746,-0.2634973337515,-0.1474410058276,0.3395245700715,0.3245568276020,0.5150247492573,0.0383621920796,0.9250157409170,0.4563180311720,0.1700739005023,0.2769859930189,0.5529735216993,0.1634003314871,0.1152093957847,0.2394147144169,-0.0404370896543,0.3554079577748,0.3564269896098
0.2473539098601,0.4926588689421,0.4220599271321,0.6476418375773,0.3601599751035,0.3879708251016,0.2545039084285,0.4037260927801,0.1618647854164,0.4213028012570,0.2947224368158,0.3573983785979,0.4165526400149,0.6202186562556,0.4087949941369,0.4285723602992,0.5603069951701,-0.0587188452472,-0.0264172367115,0.1580588479668,0.2415810579671,0.4287168887937,0.4745674672122,0.2819387796240,0.4673626984700,1.0000000000000,0.5894775243069,0.6304471116767,0.1836719156960,0.4066390729619,0.1545037908921,0.5112698560518,0.0950262899777,0.2318217359434,0.4488189314887,0.1906996822747,0.5012442667510,0.3261630695682,0.5442960535806,0.2747889964579,0.1992584079624,0.2245383781791,0.3780818292634,0.1659827396126,0.4111887267229,0.3707826225806,0.1595881668899,0.2316012352107,0.2399668318678,0.3997475123183,0.3359198059872,0.4853091453358,-0.0860098399805,-0.1297333979909,0.0235158474496,0.1703445337688,0.4277790904350,0.4554002366392,0.3760546133152,0.4001630550777,0.7728639274635,0.0808686623049,0.6651590123165,0.2096776563558,0.3447039636670,0.1035825897676,0.3374084532241,0.0846811780113,0.3415139203229,0.3080336093163
0.2536704970124,0.5369244842184,0.6616127017632,0.5772861219444,0.2447984065060,0.2983683682336,0.2352782816899,0.4755193186794,0.2632389442295,0.1291864139890,0.3193799352922,0.3302641363058,0.2863016822584,0.2731621027351,0.2412934533123,0.3276930033192,0.6222686457153,0.2665314595541,-0.0189354989889,0.2993463071201,0.2337355666275,0.4736502761770,0.4820975782241,0.5613307683523,0.3799616413355,0.5894775243069,1.0000000000000,0.5610647455646,0.3986480816417,0.3594578960762,0.4783016217197,0.2376233767549,0.0709999175090,0.2825927588106,0.4480717121092,0.1667269517291,0.4838813482406,0.5042394908452,0.4088811612679,0.1680267161675,0.1580429793204,0.1497542188450,0.2963420526039,0.1145171518982,0.0901631492002,0.2409459671056,0.0753094773984,0.0930004122480,-0.0450853592831,0.0843003107460,0.2096170485672,0.4993517795158,0.1730151592504,-0.1755479200531,0.0164714794362,0.1395838443474,0.4107595517717,0.3887114462890,0.3964241877943,0.2380509973020,0.3586127309886,0.5672927564100,0.5007598871612,0.2439055411878,0.2232385940254,0.2456150590069,0.1400875783026,0.1120797041665,0.2609873722749,0.3281841370572
0.4687344884259,0.4390746244201,0.5282380173210,0.3756028240309,0.0734403065466,0.4139266156228,0.2519216434661,0.2605818696458,0.2277448495123,0.1730620407705,0.2609713775624,0.3904740262831,0.2326058688624,0.4011291651170,0.5536835213920,0.1645578208133,0.4137245217149,0.1458680918005,0.1779651560897,0.3640826672252,0.1237871761371,0.3655937922261,0.2279035393825,0.4774955547681,0.1401141494466,0.6304471116767,0.5610647455646,1.0000000000000,0.0654075222678,0.2253072285153,0.0467141738795,0.3923172727194,0.2637969445391,0.0589432254720,0.2218142067836,0.0837751492942,0.2376537537836,0.3091474880402,0.3275405455035,0.0477443141300,0.2460049517859,0.1823612480156,0.1298972477677,0.1577288959080,0.1032048266393,0.3810199197615,0.1465059715372,0.0567528778320,0.0910069760427,0.2660942350183,0.0591335249319,0.3319373753968,-0.1900716811948,0.0616216332857,0.0251598872939,0.1009565605686,0.4188284918214,0.1519883718485,0.3196397647986,0.0203504338903,0.3942508105955,0.0391076153791,0.7513466663315,0.0234378637860,0.1257987769358,-0.1449969215424,0.1930860580345,0.1166761609104,0.1198175508722,0.0371432738835
-0.0272742837205,0.2128921616519,0.5050176729150,0.3470503024603,0.5139628464191,0.0164587011100,0.3163207794939,0.6387172281367,0.3918261259722,0.1714865512158,0.4183551437823,0.1753466423428,0.5533769855934,-0.0488102353123,0.1183883266365,0.2892982506843,0.4708007755625,0.1638924416140,0.0496244329982,0.2038741265636,0.4764278056765,0.3133410310908,0.5145013254863,0.4354306459713,0.5454829247157,0.1836719156960,0.3986480816417,0.0654075222678,1.0000000000000,0.2079187064560,0.4910400794193,0.1124737713830,-0.1440669709896,0.1713950619648,0.3587809534736,0.1256074267449,0.1358495067407,0.3418880894272,0.3129558261874,0.5080675108376,0.0615678859054,0.1130023851516,0.3541388597929,0.1123480221718,0.2161967714997,0.2238514848857,-0.0317010419802,0.4772145128482,-0.1464090255954,-0.0332764990380,0.2046988412647,0.4246125328462,0.1903726596252,-0.0734024299128,-0.0062064060020,0.4788932128419,0.2020656310731,0.3708641911518,0.0636641655200,0.4961446199680,0.1625495254549,0.3240662944912,0.0379832917708,0.8364283764607,0.0177608951241,0.2708430926244,0.0872620283175,-0.0316698785077,0.2211416448417,0.4163317472915
0.3471374798236,0.4631715933380,0.3011226701660,0.6329902014553,0.2295951565691,0.1939630488557,0.4094998528268,0.2939851896285,0.3888398820262,0.3226735903162,0.4569657050111,0.5412649571239,0.4549964841861,0.3554992134774,0.5280332907930,0.4629404793119,0.5505653448656,0.3879745595175,0.4201330526544,0.4192731634482,0.2193849833484,0.5348587341228,0.6215976791580,0.4301548961624,0.3410967629209,0.4066390729619,0.3594578960762,0.2253072285153,0.2079187064560,1.0000000000000,0.3907161146971,0.1838893838497,0.0453961605475,0.5013908732363,0.7530064602165,0.4253486799732,0.3959054085449,0.0898212430629,0.4232132291809,0.2072193610898,0.3091360583948,0.3567626413627,0.0578003338882,0.2593062791012,0.3486003420720,0.3861481167086,0.3759948024712,0.3734358498086,0.3431440936934,0.3517152096323,0.4461285176125,0.5530972842513,0.4198499718884,0.1639009508399,0.3309125244060,0.2329709545170,0.4384403180421,0.5438407193852,0.4620272328793,0.3761336855827,0.4296411649684,0.2907778239361,0.2263911710897,0.0766265825998,0.7583835197891,0.2751530869399,0.0181890058028,0.0791050890839,0.5935278756802,0.6023129784325
0.2743841855238,0.3260034220196,0.2410988847240,0.3621088029846,0.1812314897505,0.2714193243937,0.2122539862617,0.4778121563292,0.3426817031381,-0.1629303324819,0.2498493415796,0.3197685239179,0.1785063338722,-0.1101277646966,0.0631401515453,0.2432383610104,0.5093112115692,0.4121555916318,0.1608648511116,0.2525316995375,0.1934646241008,0.5850756707816,0.6354758028258,0.5611372202273,0.1658640359718,0.1545037908921,0.4783016217197,0.0467141738795,0.4910400794193,0.3907161146971,1.0000000000000,-0.1436526429367,0.1817201730010,0.3458588736085,0.5222968229929,0.2928920229430,0.2328209725917,0.1095661977080,0.1814757503369,0.2126783765750,0.1372104006713,0.0967980180976,0.1618672213406,0.0746384222806,-0.1410567441267,0.0604821269229,0.2113788160645,0.0562743576104,-0.1855451192356,-0.0210439622869,0.1138108943200,0.5076522346569,0.4846125529984,-0.1065765866439,0.2919251964638,0.1383697210409,0.4024238090841,0.4991170644397,0.4782219425037,0.1698099604516,0.0571995915255,0.3994126170552,0.0655819939285,0.2633728872119,0.3194940057442,0.7877486161356,-0.0651613204488,0.2015639826329,0.2953541597073,0.3962517858299
0.0174123318980,0.1707767909901,0.2667964458467,0.2470975466937,0.1392630308735,0.1740877448574,0.1578278502620,0.2646551115024,0.0416162969846,0.3183945803615,0.1230374095429,0.1146049560955,0.2656759830652,0.4311326655843,0.3966475929232,0.3636979363951,0.2278567906502,-0.0788107225065,-0.0699072185554,0.1374174898221,0.0663113798735,0.1108478204877,0.1452791126793,0.0770972888614,0.2756360678902,0.5112698560518,0.2376233767549,0.3923172727194,0.1124737713830,0.1838893838497,-0.1436526429367,1.0000000000000,-0.0742614727942,0.0469401313783,0.1413931346328,-0.0771005001050,0.1158666164851,0.1998104861229,0.2290359814735,0.0661010089154,0.0332843211813,0.0373231016055,0.2913352343844,-0.0026755037974,0.3522353529092,0.2598382494454,-0.0660583000548,0.1473145974890,0.1954017484271,0.4022387287476,0.3261541354519,0.1673028353501,-0.1021693639018,0.0373262399607,0.0937260413451,0.0570618394979,0.0985608664969,0.1439926823409,0.0756117284711,0.2590144892048,0.4699876344354,-0.0574122555633,0.4179105244376,0.1741674803447,0.1908145807608,-0.2080150839554,0.6358144508253,-0.1451701703158,0.2382505311707,0.0569030880052
0.2913410955864,0.0817799177552,-0.0065095510395,0.1138178492810,0.0325951313438,0.5603962322370,0.2796466558937,-0.0291643280539,0.2572901924921,-0.1878133087860,0.2176838422685,0.2644538403095,-0.1469005390948,0.2416436777639,0.1922172764307,0.0006506114482,0.1814590979953,0.0764032639401,0.1526741576333,0.0283183737370,0.0950060296616,0.1974403811522,0.0123494090978,0.1435591839574,-0.1323941108958,0.0950262899777,0.0709999175090,0.2637969445391,-0.1440669709896,0.0453961605475,0.1817201730010,-0.0742614727942,1.0000000000000,0.1789146797374,-0.1529912903490,0.1083013492671,0.0794496621919,0.0133219860455,0.0696304646565,-0.0089764550259,0.4292842478100,0.2409111634831,-0.0248221367584,0.2594406858114,-0.2143528993531,0.1026118241527,0.2970143389930,-0.2159746612833,0.1377365102776,0.1060084056554,-0.1145353753573,0.1257416474953,-0.0762399290531,0.0992998031528,-0.0173824768197,0.0000055483509,0.2289783110328,-0.0804964614478,0.2202050195659,-0.1530523547741,-0.0288996485211,-0.0132322292232,0.2570764896012,-0.1646140844070,0.0032001431576,0.1238309086107,-0.0947565709210,0.7272748813472,-0.1838710751604,-0.1421497372508
0.3052155968241,0.3265546241698,0.1195568213993,0.5591699714721,0.4133234089337,-0.0271426685058,0.2681537923093,0.1465982152825,0.1523543313760,0.1401764650947,0.5848149859368,0.1210288523138,0.3846848310464,0.1349769410156,0.1330514040851,0.1948470025354,0.5364086664259,0.4185934985751,0.1162640801314,0.0972455949763,0.5974553351477,0.4647841035954,0.3627559159628,0.3374173428532,0.2859374917173,0.2318217359434,0.2825927588106,0.0589432254720,0.1713950619648,0.5013908732363,0.3458588736085,0.0469401313783,0.1789146797374,1.0000000000000,0.4350217594007,0.4087709305155,0.5418153859639,0.0771631714682,0.4645737631908,0.2998553941961,0.0049650281855,-0.0352511864939,0.0673395677141,-0.0610819719391,0.1095765435455,0.2939336572122,0.0320661466704,0.2820595508423,0.0421125170708,0.0944227412958,0.0964466663667,0.4879412011989,0.4189841247950,-0.0463215670640,0.1186420432839,0.4766598333264,0.4527119100327,0.2399002624810,0.4305601205094,0.2787241187462,0.1761598424818,0.2673029013650,0.1272955490664,0.1449398955979,0.3465559435623,0.3563278680839,0.0274687735684,0.3312800640492,0.4505750308363,0.5157783650169
0.3363678421630,0.5414941563383,0.3241616384126,0.6000021123703,0.2798304722434,0.1344791381446,0.3033852699813,0.3226007194244,0.3734414512571,0.1799830542145,0.3658434558343,0.5209578616245,0.5200164572560,0.1899266345136,0.3851778832349,0.4489008861893,0.5364665042224,0.4342416228995,0.3773076335297,0.4705924461843,0.2740502712646,0.5786683514245,0.6506648365482,0.5351088470023,0.2963018795675,0.4488189314887,0.4480717121092,0.2218142067836,0.3587809534736,0.7530064602165,0.5222968229929,0.1413931346328,-0.1529912903490,0.4350217594007,1.0000000000000,0.3338625495440,0.4986033105256,0.1155861692108,0.3866270553094,0.2384832604973,0.1901033388135,0.2669024344962,0.0726182199026,0.2205682724026,0.2285099043089,0.2616041474549,0.3261762299712,0.4168760609282,0.1124426846079,0.1930254276694,0.4186519429253,0.5601629510595,0.4804554440067,0.0681445191496,0.3622903760971,0.2541940835348,0.4358457405987,0.5668701481858,0.5017179361054,0.3217546589006,0.4359287272663,0.3264593170986,0.1978523973003,0.2136725156028,0.5818385596594,0.4181234932746,-0.0081268027537,-0.0875488320647,0.5782219751654,0.7138299439094
