1.0000000000000,0.3463153418900,0.0832246070569,0.3669502357941,0.3011475586281,-0.0076292266131,0.1861961350246,0.1760393412172,-0.0623613360915,0.0889865848557,0.4030167721284,0.0499452436390,0.4335023416478,-0.0191503195339,0.4634893234012,-0.0344431920788,0.0444146103065,0.4902058254305,0.1317571311079,0.4193719395102,0.5815944350352,0.2977296798883,0.1624303398491,0.3584180709102,-0.0940332373442,0.2178233760327,0.4322989608715,0.1436089607898,0.0649971921755,0.5842461198027,0.2458657567588,0.2081999043448,0.0705843183401,0.3409506346281,0.3838726597573,0.6274776697216,0.3089213058968,0.0496241876016,0.3412562677158,0.3885261557270,0.0327510630322,-0.0822293017567,0.0683838010830,-0.1770815915534,0.0795335644837,0.0775225710435,0.0089205816062,0.4433464290544,-0.0160516532806,-0.0077966730610,0.0494984756432,0.0746822256208,0.3673296015523,-0.0494011648022,0.1628500036136,0.4850121468397,0.2868149233169,0.2537800034668,0.2917121449862,-0.0148778348746,0.1785583752340,0.1735237330876,-0.0247552157557,0.0575864575369,0.2052813466888,0.0357340253729,0.2105701242432,0.0912081791619,0.3369984535394,0.2757713867596
0.3463153418900,1.0000000000000,0.2989904705779,0.6049486404293,0.5868529719395,-0.2728999543508,-0.1661240370704,0.3360222203740,-0.3323612838534,0.1337479749780,0.1035549896105,-0.0101409822401,0.3213679653507,-0.0906698359818,0.0563348843518,-0.0783748108375,0.0720812008305,0.4766608661246,-0.0491743675605,0.1903360513020,0.3140538683300,0.4740075701884,0.3870480063572,0.5817814809105,0.2250553762392,0.2047688231436,0.3261553612366,0.3219865037554,0.3616742136479,0.3307322212971,0.5333283649416,0.3064927879167,-0.0902126314498,0.1725061967075,0.3733681548613,0.0399474310013,0.8463596492782,0.0772180781209,0.4967390351467,0.5947460814032,-0.2459487837957,-0.2783203563617,0.2410741440231,-0.4740382096930,0.1223920464916,-0.1619702722018,-0.0013702729610,0.2589224594058,-0.0227020776026,-0.2666253571578,0.0670492601624,0.1087216381990,0.3338595347876,-0.1706980432961,-0.0131663154409,0.2574236841245,0.5372947418445,0.5012697856185,0.5704276373117,0.2678383695182,0.1822300376631,-0.0160462423225,0.0913335348672,0.3631430630088,0.0835111982831,0.3969139642670,0.3591522173337,0.1166847115212,0.0787942880375,0.2331467966121
0.0832246070569,0.2989904705779,1.0000000000000,0.4687661398853,0.4259679839439,-0.2749692302574,-0.3664047937338,0.6663300477846,-0.3286385550923,0.4908714327797,-0.1889219822061,-0.1485154199352,0.0318131392346,-0.0702687722811,0.1214604076027,-0.1568078242680,0.3334537569760,0.3223924409079,-0.0057061163600,0.2347564250418,0.1692244956523,0.5508626630730,0.6962014296001,0.6244067645278,0.6704143379489,0.1054491271055,0.3226571462234,0.5305373902113,0.6535537900406,-0.0433158101489,0.5726032098142,0.1299161505032,-0.2179504113324,0.0544938922730,0.0641024412122,-0.1818119524354,0.2806420812530,0.3436161573353,0.3681755757938,0.2813484282377,-0.3041608878322,-0.4586542039638,0.4159953743463,-0.4735135657935,0.4573395181381,-0.3342619998722,-0.1979238406892,-0.0285845595346,-0.0074972947794,-0.1789846642466,0.0017769018806,0.2836645032391,0.0000637463687,-0.2335972572660,-0.0992178284075,0.1316471792670,0.4960784295383,0.5673991365577,0.4543618440876,0.5810482747420,0.0842646577125,-0.1208318207451,0.1964402873434,0.4300828567209,-0.1269733910060,0.2933580823818,0.0658745214415,-0.1860899314727,-0.0508660586827,-0.0676267509863
0.3669502357941,0.6049486404293,0.4687661398853,1.0000000000000,0.5163058763840,-0.2241927792574,-0.0454090948725,0.4746435145365,-0.1945005874046,0.4101875763444,0.2528040629460,0.0092517293130,0.3473660774349,0.0437418762358,0.2688893302431,-0.0894215389297,0.1011521136634,0.4183543031057,0.0599923583100,0.3158536179052,0.3998796815872,0.4131266068975,0.5394331552021,0.5192303528455,0.3459953931439,0.3790680229346,0.4011900850323,0.3341217972828,0.3884920874091,0.3205440399264,0.4534060743874,0.2468065527012,-0.0139030835106,0.3186708953746,0.3882279470300,0.1057463692247,0.5624274302845,0.2168656818263,0.8077038181745,0.4560750020499,-0.2015051966310,-0.3025716642120,0.3750733263788,-0.3281896619270,0.4318473161999,-0.0270288652540,0.0806063765353,0.3339661315234,0.1839319470398,-0.0080027447236,0.1016694022831,0.1156698128347,0.2669250141059,-0.1227834107165,-0.0123965062440,0.3154045413762,0.4950865636291,0.5722198805737,0.4809524188747,0.3920539777112,0.3071732296672,0.0155108045338,0.1531616801892,0.3385464844289,0.0474634908806,0.2180715651828,0.3771224453278,0.1197481287767,0.2599141669361,0.2961148414343
0.3011475586281,0.5868529719395,0.4259679839439,0.5163058763840,1.0000000000000,-0.1518104519852,-0.1169993206021,0.5066781730772,-0.1575824528235,0.3573127077311,0.2439006800779,-0.1997143401038,0.3678671623866,0.0485823680939,0.1121812506233,-0.0615946345343,0.1753094111927,0.4419210878932,-0.0476791826769,0.2017103562527,0.4654094592348,0.5828498853523,0.3079573302552,0.5490053500502,0.4722100089569,0.2321586397074,0.4073084892764,0.3692012327160,0.5376995274695,0.2019849822754,0.5735602220791,0.0902450792653,-0.0747018629382,0.0270739364437,0.2140876369142,-0.0088906141905,0.4767678112620,0.2881667558322,0.3437084329810,0.8500952832737,-0.1204401317980,-0.2042860234316,0.4898203500225,-0.3188742256989,0.2866927891995,-0.0380479941341,-0.0548329984019,0.2878457080041,0.0876571613287,-0.1641886905521,0.0704795019173,0.1437428624242,0.2236412648790,-0.2081905425929,-0.0955848092375,0.4112167712825,0.4849363223454,0.2803832085828,0.4586058852520,0.4472605497745,0.1180318291000,0.0341548681253,0.1864213254334,0.4602168674067,0.0022084458853,0.3083307085341,0.0856891506088,-0.0051689846215,-0.1206207087595,0.1171475921982
-0.0076292266131,-0.2728999543508,-0.2749692302574,-0.2241927792574,-0.1518104519852,1.0000000000000,0.5140229598813,-0.3990509713255,0.7538448024548,-0.1077547691136,0.1243138478864,0.2939076621011,-0.1231987513792,0.3114348810866,0.1963134742093,0.6671997990106,0.0446034615845,-0.2262193541797,0.2833992846851,-0.0950919252496,-0.1347713942305,-0.1531555859807,-0.1959222989825,-0.2192313295967,-0.1541966234590,0.0371202316398,0.0358917438946,0.0941457146647,-0.1952527869359,0.1056564556549,-0.1464466860663,-0.1677764632246,0.4880143451804,0.1255620384807,0.1856649233702,0.0049608206393,-0.2169138991033,-0.0702156889854,-0.1996174884855,-0.2705806432493,0.8825343938153,0.7213593457940,-0.4076651621704,0.7167579637146,-0.1171556333330,0.0814240420276,0.4221409915611,-0.1069568015480,0.1011514804623,0.1057401870575,0.4359938752910,0.0467774263218,-0.2240440085324,0.0403864493124,-0.2272588308225,-0.2173634235899,-0.1747667156889,-0.2626201742090,-0.2577411617442,-0.1809061699073,-0.0383968186881,0.1522618765677,0.2276331565798,-0.3341157497677,0.1105334353449,-0.2513478226218,-0.0814882096457,0.2692322346380,0.0160966925970,0.2713950867100
0.1861961350246,-0.1661240370704,-0.3664047937338,-0.0454090948725,-0.1169993206021,0.5140229598813,1.0000000000000,-0.4035265636375,0.5648365900198,-0.0705496792649,0.4774712747697,0.0726935270861,0.3280768767617,0.1037870682825,0.0806613912712,0.2168302328185,-0.0237984729726,-0.2231257066345,0.0624247680513,-0.1180029720771,0.1518591821671,-0.2453691111904,-0.2592383636183,-0.2622201759915,-0.2465797964197,0.0771469356475,0.0999290251348,-0.0661026517444,-0.2824856861157,0.1359791736417,-0.2216778693985,-0.1157881021994,0.2372850864451,0.0363484179868,0.1771851345974,0.1688568569689,-0.1624015500913,-0.1366986276410,-0.0303251252765,-0.1381542210337,0.6093781299895,0.6814456162085,-0.4216188263420,0.5583003541855,-0.0689601161094,0.4441962042867,0.2513328322814,0.3681330082994,0.0085833524594,0.0117328527492,0.1701573444966,-0.0139231639988,-0.0900777216184,-0.0546906292180,-0.1773559684976,0.0527663498831,-0.1950132490508,-0.1938148701586,-0.2227130038584,-0.2201756314397,-0.0867142145726,0.2389477345916,0.0457580263012,-0.3344499953358,-0.0538134424045,-0.2210717121607,0.0056367299601,0.1652371670071,0.1715589690325,0.2613376141324
0.1760393412172,0.3360222203740,0.6663300477846,0.4746435145365,0.5066781730772,-0.3990509713255,-0.4035265636375,1.0000000000000,-0.3615301267961,0.5987405756899,-0.0503986035539,-0.1225540081967,0.1080468276936,0.1083386014229,0.3615570710033,-0.1259313655146,0.1419747410671,0.2798897989243,-0.0476738777080,0.2108990589614,0.2682341815037,0.3659709182769,0.4806908152889,0.3540336815703,0.6845764166239,0.3228421945996,0.2817006116513,0.5909472086905,0.5332050986175,0.0678636893796,0.5398013582250,0.3041269477282,-0.1824466434238,0.0523339787300,-0.0549680636335,-0.1412737113007,0.2342137235966,0.1502513187470,0.3411237728904,0.4309910821413,-0.4045250092944,-0.5268690603829,0.6640851664719,-0.5898413635228,0.5233748549574,-0.2477318777060,-0.2333952102554,-0.0079206066553,0.2090452341928,-0.0347281349425,-0.0296033588923,0.0771451135001,-0.0752882246475,-0.1760583508083,-0.1218476502464,0.1998585569059,0.1949650317854,0.3754445817599,0.2006240106415,0.5717177055593,0.2878511714121,-0.3118604359531,0.2786930564563,0.4098643513643,-0.1582133568603,0.1420926246436,0.1702856431226,-0.0426729770407,-0.1740511746593,-0.2016366825494
-0.0623613360915,-0.3323612838534,-0.3286385550923,-0.1945005874046,-0.1575824528235,0.7538448024548,0.5648365900198,-0.3615301267961,1.0000000000000,-0.1461934555453,0.2489344888546,0.1804744661841,-0.2209235558203,0.3972036474609,0.1846733279028,0.5243484266919,0.0917775147350,-0.3067289453854,0.2785274854468,-0.1530862749002,-0.1186593576328,-0.2627561125806,-0.3482645987108,-0.3116671239316,-0.1525221611536,0.1093768074855,0.0117556043381,0.0978798276207,-0.1265683741422,-0.0642835344255,-0.1731652697134,-0.3029529550818,0.4969628411626,0.1246323058727,0.1477758076204,-0.0497554116275,-0.3264654096400,0.0024317730077,-0.2076105514376,-0.2767117850282,0.7162222358221,0.7030879680756,-0.3324574564392,0.7926751978571,-0.1964687820280,0.2779830476977,0.3385611053334,-0.1416759773943,0.1106727666359,0.1561824977570,0.2217688171862,0.0964883334479,-0.2054616353344,-0.0552854848121,-0.2670171408281,-0.1573015968673,-0.2772501365217,-0.3787655999599,-0.3130362808921,-0.1966819299812,0.0260514877809,0.0742281166509,0.3233165758915,-0.2660718020347,-0.1043490731277,-0.2231994460762,-0.2331352418823,0.2111964009151,0.0608635791102,0.2225108301783
0.0889865848557,0.1337479749780,0.4908714327797,0.4101875763444,0.3573127077311,-0.1077547691136,-0.0705496792649,0.5987405756899,-0.1461934555453,1.0000000000000,0.0050691388244,-0.1426019423895,0.2226759672024,0.3267511752141,0.3258943415746,0.0224471915589,0.0956780718424,0.1082991240350,-0.1384163036232,0.1521718080433,0.2668554886791,0.2544371989699,0.3850318940782,0.2167719916487,0.7372143447640,0.4793966108968,0.0940710747492,0.5170778382299,0.2231423115546,0.0527815426027,0.1616904133869,0.1979294788922,-0.1155241895234,0.0804945920695,0.0548568145242,-0.1713295677630,-0.0144773361662,-0.0200536671137,0.4440458167428,0.2817653847919,-0.0918712642817,-0.1889270635125,0.3454362764852,-0.3274176453066,0.8487335559791,-0.0941952953815,-0.1050701861984,0.1667794453230,0.4482292916038,0.0393877312282,0.1609826787957,0.0190552966660,-0.1579960841036,-0.2915792275558,-0.2654933623193,0.2141418754850,0.2210074338134,0.2655762481181,0.1363265770605,0.6059906969088,0.3404939948949,-0.3213469130203,0.2973558476873,0.1020347877107,-0.0374228228506,-0.0220903911192,0.0947468390691,-0.0596019182812,0.0254021689356,0.0107714874244
0.4030167721284,0.1035549896105,-0.1889219822061,0.2528040629460,0.2439006800779,0.1243138478864,0.4774712747697,-0.0503986035539,0.2489344888546,0.0050691388244,1.0000000000000,0.0094130598661,0.5258772339230,0.1328321850579,0.1577890923678,0.0893571250848,0.0389381516729,0.1598811975166,0.1095576691223,0.1538527856234,0.5412682206113,0.1182394010022,-0.0848020807856,0.0626399600797,-0.0962074751036,0.2460133339697,0.3690359760860,0.0028122123270,0.0133097859941,0.3728570732437,0.1014407158100,-0.1197601794119,0.1240538772964,0.3692647732322,0.3143767771118,0.3650314202129,0.0247200501373,0.1456799518089,0.2005692570769,0.2948825171431,0.2228097641553,0.1679713312898,-0.0103971466802,0.1624187334394,0.0335979423788,0.6495459053173,0.2016549307178,0.5489751625433,0.0757008757519,0.0642745543871,0.1122992518915,0.0615486731112,0.2701441206575,-0.0113800723593,-0.0108979698236,0.4600978946594,0.0713666078936,0.0231435309418,0.0432361224490,-0.0307554308005,0.0892535029646,0.2846179201143,0.1001080508036,0.0190389822175,0.0312063320913,-0.0374974019664,0.0403689186720,0.0164033909900,0.3442640381035,0.3923871843904
0.0499452436390,-0.0101409822401,-0.1485154199352,0.0092517293130,-0.1997143401038,0.2939076621011,0.0726935270861,-0.1225540081967,0.1804744661841,-0.1426019423895,0.0094130598661,1.0000000000000,0.1204256382653,0.3868235400033,0.3495539892013,0.4635930213783,-0.2850863591303,-0.0003453425838,0.5860229660520,0.2758569660967,-0.1274374178012,-0.2801129107613,-0.0551212019332,-0.2128414698543,-0.2324981540922,0.0611156126514,0.0690893468014,0.0084157658336,-0.2596572818326,0.3319253519975,-0.0790573983993,0.2863639486295,0.1873271580265,0.0669810237357,0.1035141625179,0.1030043594986,-0.0348164866838,-0.2287737140913,0.0374973635813,-0.1948011937037,0.1441588543992,0.1948829033946,-0.2907307921461,0.1845081307577,-0.0614050643215,-0.0775767487380,0.6892644577605,0.0431689364533,0.2740655463889,0.3122696862567,0.4012865322072,-0.2870718265237,-0.0360741639884,0.5220835199853,0.1413214479311,-0.1760434262482,-0.2203490735714,-0.1926700968422,-0.2187338397966,-0.3242870034797,0.0161495675456,-0.0927894894628,-0.1313440597067,-0.3926620293671,0.4314597348670,-0.2355502076250,0.3790779161339,0.0599098310949,0.0055015890526,0.2123470090725
0.4335023416478,0.3213679653507,0.0318131392346,0.3473660774349,0.3678671623866,-0.1231987513792,0.3280768767617,0.1080468276936,-0.2209235558203,0.2226759672024,0.5258772339230,0.1204256382653,1.0000000000000,0.0613717033504,0.1709291501330,-0.0045096410421,-0.2031282619978,0.3327249460826,0.0174582524212,0.3787916422160,0.6091928053112,0.1579786847921,0.0946865755971,0.1890930094887,0.0133343205278,0.2116310715609,0.3658664099155,-0.0415655641518,0.0045940698040,0.5237072711275,0.0908492842061,0.2823279756718,-0.1680641464117,0.1464752374504,0.2141750590135,0.3437151870077,0.2115795004761,0.0380772252637,0.3476012617173,0.4607344135932,-0.0392820014266,-0.0217548665903,0.0806733717735,-0.2210376780788,0.2583070766215,0.3818542711871,0.2026519765048,0.8529173762161,0.2290547764586,0.0814431543878,0.2116880712931,-0.1877430655124,0.3530881348082,0.1344231427981,0.2246390570581,0.5453279016630,0.2129039669308,0.1356462323528,0.1624310508324,0.0473017811566,0.0522676583024,0.2071058479611,-0.1632780974867,0.0479227576236,0.3111081106809,-0.0187003376054,0.3542475403328,-0.0110568846748,0.1342542968481,0.2667502765690
-0.0191503195339,-0.0906698359818,-0.0702687722811,0.0437418762358,0.0485823680939,0.3114348810866,0.1037870682825,0.1083386014229,0.3972036474609,0.3267511752141,0.1328321850579,0.3868235400033,0.0613717033504,1.0000000000000,0.5571327410056,0.4811977592872,-0.1226998006734,-0.0922812698020,0.4000792775752,0.1950455200039,0.0161688150290,-0.0897983505906,-0.1129945646492,-0.1719023800807,0.1520314799974,0.5535241222515,0.1319419999220,0.3233069734009,-0.1009341214473,0.1984179569872,-0.0504617584944,0.1273980460845,0.3232345264001,0.0616723913049,0.0415095180560,-0.0842377754581,-0.2765684899566,-0.0340093249193,0.0158727039847,-0.0714227575996,0.2533138287834,0.2100586888861,-0.0226795050738,0.2286748541782,0.2263781232697,0.1475659300271,0.4439304145323,-0.0175308465587,0.8044774781602,0.4463591863509,0.3418881495767,-0.1525078045259,-0.1243202394345,0.1282061528708,-0.1358958378188,0.0037231457742,-0.2302618562389,-0.2666995644696,-0.2466432092887,0.0053054925950,0.3149923959013,-0.2831465118392,0.3042190399265,-0.2268331796596,0.1067874478781,-0.1857541641351,0.2023232771808,0.1880937127934,-0.1246274193088,0.1760993256590
0.4634893234012,0.0563348843518,0.1214604076027,0.2688893302431,0.1121812506233,0.1963134742093,0.0806613912712,0.3615570710033,0.1846733279028,0.3258943415746,0.1577890923678,0.3495539892013,0.1709291501330,0.5571327410056,1.0000000000000,0.3138875959075,-0.1660143648448,0.2964285677094,0.5541776850841,0.5573256573743,0.1834288385516,0.0239223866599,0.0678940796240,0.0293232596929,0.1287811296502,0.4252585942863,0.3209144002906,0.3359947849044,0.0123474403346,0.5626208000850,0.1432555553499,0.2834773829514,0.3173930570291,0.1725277027191,0.2279374833914,0.1440274280470,-0.0488750300500,-0.0789675869332,0.2576745939641,0.0441313005107,0.1189114034450,0.0423494817204,0.0412692382911,-0.0495749426855,0.2676665403975,-0.0788958706551,0.2124791051623,0.0876907822951,0.5220164312248,0.3921198165338,0.3666813391064,-0.1656037903511,-0.0128412667813,0.1548476054756,-0.0094325907365,0.0850095060670,-0.1181616148933,-0.0710452507585,-0.1241616437629,0.0086220680938,0.2589738079433,-0.2883018959834,0.1264092827771,-0.1480701694105,0.2864945620194,-0.1972002550863,0.3038691518834,0.2478785483329,-0.0022257411653,0.1874603004837
-0.0344431920788,-0.0783748108375,-0.1568078242680,-0.0894215389297,-0.0615946345343,0.6671997990106,0.2168302328185,-0.1259313655146,0.5243484266919,0.0224471915589,0.0893571250848,0.4635930213783,-0.0045096410421,0.4811977592872,0.3138875959075,1.0000000000000,-0.1188586247051,-0.1076254172646,0.3462618379041,0.0289008965876,-0.1085920890637,-0.0905168072818,-0.0625518159809,-0.1186501145790,-0.0531079840821,0.2301016805736,-0.0142797829044,0.2751808100179,-0.1454172941002,0.3323196751007,-0.0036969136364,-0.0189057066657,0.3939485594788,0.2915762649897,0.2775182386237,-0.0763036894054,-0.0525747858533,-0.0341486425840,-0.0617773040669,-0.2258741007854,0.5757284720422,0.5109429796196,-0.2043841613952,0.4293986504910,0.0342436803463,-0.0334756994296,0.5571583416560,-0.1278583022917,0.2859200226608,0.1513722858514,0.7132477859075,-0.0812634199117,-0.2093159333048,0.1617516840632,-0.1977476071795,-0.2335508540863,-0.1319323929042,-0.1318901096157,-0.2025957938781,-0.1070991479881,0.1440878924737,-0.0757618502107,0.3424183784791,-0.2932169424347,0.2426650046460,-0.2416223145775,0.0850649313110,0.2003460560222,-0.0630413386172,0.3456948087466
0.0444146103065,0.0720812008305,0.3334537569760,0.1011521136634,0.1753094111927,0.0446034615845,-0.0237984729726,0.1419747410671,0.0917775147350,0.0956780718424,0.0389381516729,-0.2850863591303,-0.2031282619978,-0.1226998006734,-0.1660143648448,-0.1188586247051,1.0000000000000,0.0103704992644,-0.1526007100685,-0.1390745465348,0.1326465840212,0.4621790235330,0.1915873529540,0.4506123117642,0.3193259562857,0.0768298020796,0.2517794258923,0.4002589879577,0.4982435812966,-0.2068412166574,0.3467440170901,-0.2020008786065,0.1158326629674,0.0196180538011,0.1929010018391,-0.1341924864524,0.1016460905945,0.2856785877306,-0.0477306639966,0.0586285250634,0.0699510255777,-0.0521263196254,0.1101736999052,0.0145426370683,-0.0201346563577,-0.0317835163024,-0.1302397623579,-0.1122346932182,-0.2132208890192,-0.3670381972829,-0.1343188884204,0.9153921785449,0.0073487502540,-0.3737804303315,-0.2292738469915,0.1081693349119,0.3896468373626,0.3273723177613,0.4658532119487,0.3356941500367,0.0291132000608,0.1757639667007,0.4021820805322,0.3968144467902,-0.3077684517557,0.2781300141969,-0.1587666989966,-0.0110313236695,0.1322397179860,0.0914894224813
0.4902058254305,0.4766608661246,0.3223924409079,0.4183543031057,0.4419210878932,-0.2262193541797,-0.2231257066345,0.2798897989243,-0.3067289453854,0.1082991240350,0.1598811975166,-0.0003453425838,0.3327249460826,-0.0922812698020,0.2964285677094,-0.1076254172646,0.0103704992644,1.0000000000000,0.2987731946090,0.6839409998547,0.4236929651049,0.4920680142107,0.1437101652868,0.6522245616034,0.0283949267131,0.0512981745781,0.4758118830987,0.1384470483674,0.2006058514503,0.4350299986675,0.3573022742054,0.2894670932081,0.0463658510051,0.3212068690240,0.4744269453751,0.2667763380456,0.3982817487689,0.1955735484836,0.3431796562877,0.4646985433517,-0.2275341716672,-0.3571761149555,0.2128118775581,-0.4453722164125,0.0387937780116,-0.1537782906094,-0.1293110834210,0.3224537281688,-0.0089696118831,-0.0402499776885,0.0693630959660,0.0806572914143,0.6869649806304,0.0858157329933,0.4056953815486,0.3890973106148,0.4472852581453,0.1552726518249,0.5090463850275,0.0098495660036,0.0884366988576,0.0912928165270,-0.0728235226263,0.1453913052289,0.2871406764680,0.1460505559269,0.2754795634785,0.0976710958350,0.1645069074888,0.2438897297629
0.1317571311079,-0.0491743675605,-0.0057061163600,0.0599923583100,-0.0476791826769,0.2833992846851,0.0624247680513,-0.0476738777080,0.2785274854468,-0.1384163036232,0.1095576691223,0.5860229660520,0.0174582524212,0.4000792775752,0.5541776850841,0.3462618379041,-0.1526007100685,0.2987731946090,1.0000000000000,0.5901537429350,-0.1126836781630,-0.0588618586107,-0.1097101436272,-0.0129946830458,-0.2020004478050,0.0310473799985,0.2820857151629,0.1576059456261,-0.1080888902489,0.3229754676799,0.0203209812975,0.1709662305943,0.3072614586699,0.1153674483674,0.1807507794811,0.0735076351234,-0.0681682904728,0.0869152247320,0.0209335345260,-0.1493144930453,0.1631114673617,0.1113451780266,-0.1982179970451,0.1608572330753,-0.1606327127663,-0.0198728914418,0.4533888007253,-0.0560332661040,0.2530189618370,0.2842043459217,0.3022284376744,-0.0990384257726,0.1174185842553,0.5083539478850,0.1988418267600,-0.1537373611034,-0.0931195906894,-0.2330077474506,-0.0925021123925,-0.3409844560116,-0.0843409775686,-0.0371549567877,0.0378732314617,-0.2779670827518,0.2701394133389,-0.2292750798910,0.3375619526606,0.0963978800759,-0.0151728714131,0.1811442220035
0.4193719395102,0.1903360513020,0.2347564250418,0.3158536179052,0.2017103562527,-0.0950919252496,-0.1180029720771,0.2108990589614,-0.1530862749002,0.1521718080433,0.1538527856234,0.2758569660967,0.3787916422160,0.1950455200039,0.5573256573743,0.0289008965876,-0.1390745465348,0.6839409998547,0.5901537429350,1.0000000000000,0.3713466011525,0.1864347016282,0.1523699902647,0.3332289934098,-0.0050573289095,0.1401411657966,0.4540730241846,0.1404820044048,0.0451712702299,0.4757588112210,0.1854757055255,0.3298778009419,0.0555661734284,0.2297555657780,0.3552619172255,0.2933294254216,0.0841129128856,0.1217028461508,0.3112531720769,0.1885727172226,-0.1417632115820,-0.2065902803173,0.0411340280158,-0.2911072204204,0.1154298076972,0.0020866752598,0.1331116940369,0.3562372355755,0.2188929656149,0.2371694947557,0.1590120231162,-0.0957151557568,0.5534960738098,0.3123374872132,0.5193346222016,0.3367736729991,0.1684864296615,0.0561131982160,0.2092700878932,-0.0971664524601,0.0308006513955,-0.0304616200614,-0.0780714407205,-0.0465167094519,0.3712893763683,-0.0629211557723,0.4142943435191,0.0446939668940,0.1842672635373,0.3217027116286
0.5815944350352,0.3140538683300,0.1692244956523,0.3998796815872,0.4654094592348,-0.1347713942305,0.1518591821671,0.2682341815037,-0.1186593576328,0.2668554886791,0.5412682206113,-0.1274374178012,0.6091928053112,0.0161688150290,0.1834288385516,-0.1085920890637,0.1326465840212,0.4236929651049,-0.1126836781630,0.3713466011525,1.0000000000000,0.2989925773796,0.1648795646784,0.3424936345515,0.1305913758873,0.3395358168022,0.4680131997484,0.1501089522668,0.1884776070028,0.3974777432195,0.2155386640638,0.1536568184090,-0.0105831696925,0.4482309832747,0.3939267825959,0.4474178366522,0.1776289244830,0.0947533376739,0.3129770422035,0.5559914922715,-0.0539560109607,-0.1504287722964,0.2215659312554,-0.2578953711630,0.1762279048218,0.2719250894103,-0.0379110499157,0.6578462719750,0.0512673780793,-0.1026641381894,-0.0068986968113,0.1669817143114,0.4413266999916,-0.2278392938941,0.1222921435949,0.9268553331341,0.2838643606049,0.2709903021706,0.2901988693729,0.1541077364579,0.2490366912164,0.1570934628241,0.0371410230211,0.1947704313462,0.0661872181283,0.0937588454233,0.2097965840538,0.0780133981722,0.4234556184933,0.3075157161435
0.2977296798883,0.4740075701884,0.5508626630730,0.4131266068975,0.5828498853523,-0.1531555859807,-0.2453691111904,0.3659709182769,-0.2627561125806,0.2544371989699,0.1182394010022,-0.2801129107613,0.1579786847921,-0.0897983505906,0.0239223866599,-0.0905168072818,0.4621790235330,0.4920680142107,-0.0588618586107,0.1864347016282,0.2989925773796,1.0000000000000,0.4593469430051,0.8539309940440,0.3503705856896,0.1146062009276,0.4622892469654,0.2937525443008,0.6297990462358,0.2458148339235,0.7230218975148,0.0135079614773,-0.0860516288794,0.1602630845437,0.2991434973963,0.0820625188825,0.4343715329752,0.3906178142751,0.3132169411872,0.4999159327750,-0.1313127441156,-0.3368951865168,0.3669405449244,-0.3653033637895,0.1981847217290,-0.1421502267116,-0.1594084059347,0.0724231178795,-0.0416308588270,-0.2232440110050,0.0231800266537,0.4392680656701,0.3482575521444,-0.1977651826913,0.0572737861912,0.2690815704145,0.7963028555754,0.5134590290440,0.7301488529219,0.4268983426376,0.0597801251328,0.1819906335449,0.1526477086626,0.6021782871969,0.0048714605527,0.5240455190996,0.0232674574923,-0.0951098223341,-0.0058815882345,0.1480466920632
0.1624303398491,0.3870480063572,0.6962014296001,0.5394331552021,0.3079573302552,-0.1959222989825,-0.2592383636183,0.4806908152889,-0.3482645987108,0.3850318940782,-0.0848020807856,-0.0551212019332,0.0946865755971,-0.1129945646492,0.0678940796240,-0.0625518159809,0.1915873529540,0.1437101652868,-0.1097101436272,0.1523699902647,0.1648795646784,0.4593469430051,1.0000000000000,0.4586597988090,0.5393888250727,0.1568443598013,0.2543763091867,0.4144950242384,0.5121997044076,0.0941597046292,0.5721609912849,0.1523272787889,-0.3222439778945,0.1154757572851,0.1281971297330,-0.0382353843397,0.4072785119451,0.1852085983204,0.4768227738336,0.2110054665584,-0.2390493949561,-0.4073100609190,0.2624112314296,-0.4326027593284,0.4598502555880,-0.2742164979772,-0.0799938571168,0.0413423263849,-0.0713537682814,-0.1874461223889,0.0573810160361,0.1133736954575,-0.0457691464327,-0.2217630588232,-0.0840383751646,0.0992158166631,0.4744985649818,0.8361724312225,0.3584366141807,0.5586826710024,0.0667184214919,-0.0275949748931,0.1179325108011,0.3939680939644,-0.0645353649333,0.3258659491389,0.1245472586809,-0.2793657376173,0.1063057930308,0.0993949517428
0.3584180709102,0.5817814809105,0.6244067645278,0.5192303528455,0.5490053500502,-0.2192313295967,-0.2622201759915,0.3540336815703,-0.3116671239316,0.2167719916487,0.0626399600797,-0.2128414698543,0.1890930094887,-0.1719023800807,0.0293232596929,-0.1186501145790,0.4506123117642,0.6522245616034,-0.0129946830458,0.3332289934098,0.3424936345515,0.8539309940440,0.4586597988090,1.0000000000000,0.2672770508461,0.1041818338044,0.4519082337526,0.3463976512577,0.5814894671653,0.2459203907935,0.6371556882567,0.1323717323401,-0.0404789904101,0.2576350788524,0.4330541283853,0.0651938373801,0.5765183636680,0.3653882706866,0.4149244051188,0.4629817555070,-0.2109978055657,-0.3933438130265,0.2807545211518,-0.4398766867561,0.1709789248901,-0.2107537395395,-0.1519852595441,0.1825982087108,-0.1145896143443,-0.3035192747227,0.0292882216952,0.4839309418063,0.4560039770742,-0.2461644532288,0.0955997032016,0.2937141417162,0.7642381613962,0.5712499525003,0.8362321772662,0.3388504263261,0.0685247255619,0.1101299238946,0.1513629739351,0.5241760004265,0.0108537267006,0.4249933218534,0.1492810300894,0.0257890642372,0.1242740707435,0.2414347589627
-0.0940332373442,0.2250553762392,0.6704143379489,0.3459953931439,0.4722100089569,-0.1541966234590,-0.2465797964197,0.6845764166239,-0.1525221611536,0.7372143447640,-0.0962074751036,-0.2324981540922,0.0133343205278,0.1520314799974,0.1287811296502,-0.0531079840821,0.3193259562857,0.0283949267131,-0.2020004478050,-0.0050573289095,0.1305913758873,0.3503705856896,0.5393888250727,0.2672770508461,1.0000000000000,0.2812120484069,0.1635522205913,0.6005990850903,0.6210024420056,-0.1453313289017,0.4628649496007,0.0365685313617,-0.2275762877714,-0.0759679681529,-0.0620628508353,-0.3553434057099,0.1064928393158,0.1704798333889,0.2863628296747,0.3501855721620,-0.1594056313115,-0.2784482119680,0.4854587603030,-0.3243946356773,0.6626951600375,-0.1945378090237,-0.1804897008026,-0.0446089975105,0.2019791578813,-0.1016288364717,0.0450729248365,0.1968995912224,-0.2176843316613,-0.3648329229539,-0.3333620665105,0.0882728579885,0.2942093592946,0.3802413463716,0.1818432567637,0.8812339782343,0.1738106893506,-0.2425646933698,0.4020649206136,0.4456192916510,-0.2163757110722,0.2635822762926,-0.0530753763151,-0.1885617927560,-0.1588044105577,-0.0998813604578
0.2178233760327,0.2047688231436,0.1054491271055,0.3790680229346,0.2321586397074,0.0371202316398,0.0771469356475,0.3228421945996,0.1093768074855,0.4793966108968,0.2460133339697,0.0611156126514,0.2116310715609,0.5535241222515,0.4252585942863,0.2301016805736,0.0768298020796,0.0512981745781,0.0310473799985,0.1401411657966,0.3395358168022,0.1146062009276,0.1568443598013,0.1041818338044,0.2812120484069,1.0000000000000,0.2752487570076,0.5029730463185,0.0497602440484,0.2746741406531,0.1468081994333,-0.0495398406726,0.0917622620104,0.2533023014957,0.3153494116849,0.0222802676680,0.0527333021217,0.0724329886071,0.3417214986941,0.1026613995312,0.0785430087313,-0.0218641913148,0.1832367902633,-0.0502125553617,0.4384086767382,0.0667327594587,0.2366047838002,0.1937421829659,0.5433133572187,0.2142310411191,0.2673340979744,0.0638336113077,-0.0292326741662,-0.1274657427237,-0.1749178044689,0.2949548011344,0.0117063510664,0.1401757621978,0.0011092332031,0.2927928643343,0.7377881162426,-0.0667558756399,0.4777650989201,-0.0242277923193,-0.0295535958555,-0.0698717029750,0.1157490981538,0.0926041848692,0.1132357522176,0.3374388520111
0.4322989608715,0.3261553612366,0.3226571462234,0.4011900850323,0.4073084892764,0.0358917438946,0.0999290251348,0.2817006116513,0.0117556043381,0.0940710747492,0.3690359760860,0.0690893468014,0.3658664099155,0.1319419999220,0.3209144002906,-0.0142797829044,0.2517794258923,0.4758118830987,0.2820857151629,0.4540730241846,0.4680131997484,0.4622892469654,0.2543763091867,0.4519082337526,0.1635522205913,0.2752487570076,1.0000000000000,0.3069880521208,0.4299543716668,0.3689706637535,0.5252322168208,0.0614537076981,0.0431293959879,0.1981813054473,0.2988670490545,0.1953537884599,0.2525957336141,0.3993925996595,0.1904210270418,0.3370028787037,0.0552232850549,-0.1611546141514,0.1433363543090,-0.1220886197593,0.0370139772043,0.1155857241958,0.0735358260334,0.3545425512518,0.0727276068388,-0.0416356547354,0.0167817705274,0.2033322365270,0.3806428768430,-0.0420172783495,0.1524895339035,0.4286136277707,0.2906329251072,0.2221442151008,0.2454465213544,0.1354851312834,0.1057636841606,0.3922142017581,0.1043406767511,0.2719611423977,-0.0468087969737,0.1428385046772,0.1872649531816,-0.0154177491403,0.0923692120072,0.2326311303192
0.1436089607898,0.3219865037554,0.5305373902113,0.3341217972828,0.3692012327160,0.0941457146647,-0.0661026517444,0.5909472086905,0.0978798276207,0.5170778382299,0.0028122123270,0.0084157658336,-0.0415655641518,0.3233069734009,0.3359947849044,0.2751808100179,0.4002589879577,0.1384470483674,0.1576059456261,0.1404820044048,0.1501089522668,0.2937525443008,0.4144950242384,0.3463976512577,0.6005990850903,0.5029730463185,0.3069880521208,1.0000000000000,0.4036341721688,0.0111171064307,0.4464942350932,0.1180370181008,0.0364081287737,0.1565356630487,0.2091282301728,-0.2634207719714,0.2663867510782,0.1810742856052,0.2159720320181,0.1557613578546,0.0787314510969,-0.1111692390934,0.2070808961016,-0.1761914782310,0.4007193516864,-0.2174811101446,0.0725872474226,-0.0772441406357,0.1621029327322,-0.1928402743090,0.2093830725483,0.3618203551078,-0.2126881735948,-0.2806093399565,-0.3732184389320,0.0399915237499,0.2049263866891,0.3339062095129,0.2325821946112,0.4654894773444,0.3272883818256,-0.2164674522613,0.7552049956727,0.1456340980831,-0.2641424732313,0.0577418860567,0.0977989047604,-0.0106222979128,-0.0543463806142,0.1210372971875
0.0649971921755,0.3616742136479,0.6535537900406,0.3884920874091,0.5376995274695,-0.1952527869359,-0.2824856861157,0.5332050986175,-0.1265683741422,0.2231423115546,0.0133097859941,-0.2596572818326,0.0045940698040,-0.1009341214473,0.0123474403346,-0.1454172941002,0.4982435812966,0.2006058514503,-0.1080888902489,0.0451712702299,0.1884776070028,0.6297990462358,0.5121997044076,0.5814894671653,0.6210024420056,0.0497602440484,0.4299543716668,0.4036341721688,1.0000000000000,0.0032257154795,0.7354027817850,-0.0584269315294,-0.1372695145367,0.0355679177307,0.0969605198997,-0.2227354761398,0.3426622419188,0.4434320697360,0.2466986637648,0.4277121336175,-0.1743608282332,-0.3428902524177,0.4694630884490,-0.2782409559779,0.1993071183415,-0.1555313319415,-0.2185652061130,-0.0349613021023,-0.1185958516418,-0.2350567884400,-0.0888758955318,0.4137258934248,0.0859344182803,-0.3143744283724,-0.1262336049338,0.1524418805775,0.4924835518309,0.4951697980953,0.4385785620932,0.6234449953485,-0.0195710084691,0.0207093273134,0.2408883554934,0.8466665970417,-0.2008751982983,0.4662043373540,-0.0962431371694,-0.1262464506594,-0.0798999571444,-0.0236788530090
0.5842461198027,0.3307322212971,-0.0433158101489,0.3205440399264,0.2019849822754,0.1056564556549,0.1359791736417,0.0678636893796,-0.0642835344255,0.0527815426027,0.3728570732437,0.3319253519975,0.5237072711275,0.1984179569872,0.5626208000850,0.3323196751007,-0.2068412166574,0.4350299986675,0.3229754676799,0.4757588112210,0.3974777432195,0.2458148339235,0.0941597046292,0.2459203907935,-0.1453313289017,0.2746741406531,0.3689706637535,0.0111171064307,0.0032257154795,1.0000000000000,0.2540941877744,0.2116538332935,0.2452366949573,0.4124247187542,0.5269054715703,0.4392201239557,0.2806702438060,0.0405581075535,0.3331665671895,0.2435871155461,0.0908023676211,0.0541140505410,0.0046664352371,-0.1234330414084,0.1356497529532,-0.0173004399987,0.3407796141579,0.3908283358771,0.2772679998000,0.1626088950898,0.4975618894582,-0.1670351688776,0.3013815752448,0.2457257459483,0.1779739435016,0.2747526269569,0.2024318891968,0.1379493513380,0.1292358840042,-0.0814501725521,0.1758781850890,0.0392101705969,-0.0840561185078,-0.0180189499841,0.5945102699653,-0.0158237519848,0.3734984414792,0.2618284396894,0.2363614235132,0.4567602977780
0.2458657567588,0.5333283649416,0.5726032098142,0.4534060743874,0.5735602220791,-0.1464466860663,-0.2216778693985,0.5398013582250,-0.1731652697134,0.1616904133869,0.1014407158100,-0.0790573983993,0.0908492842061,-0.0504617584944,0.1432555553499,-0.0036969136364,0.3467440170901,0.3573022742054,0.0203209812975,0.1854757055255,0.2155386640638,0.7230218975148,0.5721609912849,0.6371556882567,0.4628649496007,0.1468081994333,0.5252322168208,0.4464942350932,0.7354027817850,0.2540941877744,1.0000000000000,-0.0013168819315,-0.1057089375509,0.0741355425751,0.2507140534271,0.0022743317291,0.4816737742353,0.3041050729842,0.2477833437065,0.4211736479218,-0.1343831056878,-0.3060932295729,0.3682797525737,-0.3467603213180,0.1395685284277,-0.1959216849707,-0.0559000238531,0.0019801230240,-0.1145025186195,-0.1527231052833,0.1219408677798,0.2816429201830,0.1898467294255,-0.1368998895034,-0.0003800996023,0.1420205768542,0.5215938352736,0.5173648010390,0.4781162884080,0.4879593474985,0.0665726296208,0.0512206895576,0.2073574258518,0.5851136814726,-0.0340396232687,0.6186207413389,0.0207752425157,-0.0813318987540,-0.1455988502295,0.1927476397194
0.2081999043448,0.3064927879167,0.1299161505032,0.2468065527012,0.0902450792653,-0.1677764632246,-0.1157881021994,0.3041269477282,-0.3029529550818,0.1979294788922,-0.1197601794119,0.2863639486295,0.2823279756718,0.1273980460845,0.2834773829514,-0.0189057066657,-0.2020008786065,0.2894670932081,0.1709662305943,0.3298778009419,0.1536568184090,0.0135079614773,0.1523272787889,0.1323717323401,0.0365685313617,-0.0495398406726,0.0614537076981,0.1180370181008,-0.0584269315294,0.2116538332935,-0.0013168819315,1.0000000000000,-0.0875130405599,0.1200171723360,0.0094324986613,0.0935289170298,0.2755442891220,-0.2726946532316,0.2605679066853,0.2424294075584,-0.2240534912648,-0.2824504009302,0.1008481778257,-0.4592651582501,0.1882163104983,-0.1679650717001,-0.0622584982187,0.2077081608627,0.2301317168996,-0.0423683207094,0.0502824817626,-0.2006485595579,0.1274318784399,0.0174926546984,0.0969261914403,0.1187775267057,0.0399302311284,0.1590017598467,0.1337395399492,-0.0578699069316,-0.0823840874131,-0.2992724937601,-0.1515384233377,-0.0176650432580,0.1772796949038,-0.0572669156480,0.7466237513906,0.1152445433154,0.0251097787673,-0.0856959612651
0.0705843183401,-0.0902126314498,-0.2179504113324,-0.0139030835106,-0.0747018629382,0.4880143451804,0.2372850864451,-0.1824466434238,0.4969628411626,-0.1155241895234,0.1240538772964,0.1873271580265,-0.1680641464117,0.3232345264001,0.3173930570291,0.3939485594788,0.1158326629674,0.0463658510051,0.3072614586699,0.0555661734284,-0.0105831696925,-0.0860516288794,-0.3222439778945,-0.0404789904101,-0.2275762877714,0.0917622620104,0.0431293959879,0.0364081287737,-0.1372695145367,0.2452366949573,-0.1057089375509,-0.0875130405599,1.0000000000000,0.2055965672850,0.3631556540236,0.0531154313732,-0.1153483741697,-0.0486781298249,-0.0986973569068,-0.1719366100023,0.4163000224960,0.4207685961316,-0.1850807394813,0.4284774775049,-0.2024268713870,0.0665752998447,0.2846397879617,-0.1290113413616,0.2544649630474,0.1259937396327,0.2333239235205,0.2107250946214,0.0160095065293,0.0471122727967,-0.1250091761275,-0.0808909453904,-0.0841230548048,-0.2617669176048,-0.0199676987157,-0.2678580993214,0.1331573313872,-0.0536371630521,0.1466289752467,-0.2386480977266,0.2056720465280,-0.1835283391771,0.0619101212738,0.6931149899433,0.1547575468063,0.2101680099916
0.3409506346281,0.1725061967075,0.0544938922730,0.3186708953746,0.0270739364437,0.1255620384807,0.0363484179868,0.0523339787300,0.1246323058727,0.0804945920695,0.3692647732322,0.0669810237357,0.1464752374504,0.0616723913049,0.1725277027191,0.2915762649897,0.0196180538011,0.3212068690240,0.1153674483674,0.2297555657780,0.4482309832747,0.1602630845437,0.1154757572851,0.2576350788524,-0.0759679681529,0.2533023014957,0.1981813054473,0.1565356630487,0.0355679177307,0.4124247187542,0.0741355425751,0.1200171723360,0.2055965672850,1.0000000000000,0.5744635060095,0.3401794706137,0.1702520133786,0.0553939354157,0.3672525166081,0.0932084901719,0.1682019080690,-0.0591884879081,0.0273171104827,-0.0472739239998,0.0798428043722,0.0946213991439,0.0618561573799,0.1606819431471,0.0163346638269,-0.0858256550911,0.2353521840704,0.1411039260076,0.2876325432400,-0.1324548861056,0.0262694193589,0.3761356064217,0.2190333672940,0.2486022247377,0.2078082642435,-0.0337233940345,0.2811899570451,0.0067169774999,0.1792630291708,-0.0086195274610,0.1468882771302,-0.0338970670605,0.1884107539590,0.1882044627093,0.6701334226906,0.4395965367191
0.3838726597573,0.3733681548613,0.0641024412122,0.3882279470300,0.2140876369142,0.1856649233702,0.1771851345974,-0.0549680636335,0.1477758076204,0.0548568145242,0.3143767771118,0.1035141625179,0.2141750590135,0.0415095180560,0.2279374833914,0.2775182386237,0.1929010018391,0.4744269453751,0.1807507794811,0.3552619172255,0.3939267825959,0.2991434973963,0.1281971297330,0.4330541283853,-0.0620628508353,0.3153494116849,0.2988670490545,0.2091282301728,0.0969605198997,0.5269054715703,0.2507140534271,0.0094324986613,0.3631556540236,0.5744635060095,1.0000000000000,0.1888032935342,0.3576097722501,0.0898015804984,0.3970815951817,0.1339307900715,0.2015271537395,0.0869955309750,-0.0978339323218,-0.0407914443511,0.0412463240700,-0.0802499138505,0.1880018511462,0.2724354420029,-0.0241448114738,-0.1464679336469,0.4026415689216,0.2647795044786,0.3782425445862,-0.1123106548260,0.0601792761568,0.2870005250314,0.3373619243354,0.2785010729288,0.3866238034923,-0.0110694453847,0.3192130961674,0.0790607900967,0.2003116996108,-0.0329666652731,0.2536006927653,0.1001345328556,0.1576433019796,0.2743632868800,0.5534974394903,0.7602892628664
