1.0000000000000,0.0838542310929,-0.0629690826659,0.2831077955736,0.6102655573260,-0.2305576431776,0.1619366073563,0.4731153116305,0.0686112852414,0.3000553324134,0.4014639122540,0.0436733034573,0.5273903814277,-0.0987248227117,0.6498033034155,0.3042941009866,0.0963503939403,0.4304153002445,0.1800809655307,0.2254707917264,0.5332891009571,0.4332460455599,0.2680881738782,0.4027505398325,0.3457525042591,-0.0809461054498,-0.0561621721485,-0.0074158328475,0.5197811485369,0.7002411095235,0.5115027054968,0.0264391143927,-0.1063750196533,0.4415949443962,0.2322390534850,0.5236529553756,0.1728215999609,-0.0373638913964,0.3689131837599,0.5314302921318,-0.1331507675632,0.0586161749749,0.1878815770079,-0.0402839608501,0.2123868545327,0.2580451723689,0.0125687111984,0.3597070975238,-0.0316815686571,0.2885898174565,0.0260210359553,0.1403243001634,0.4093227597978,0.2273830804401,0.3774636403086,0.4930116088418,0.1261518619404,0.1223085722348,0.1049239247158,0.2669459619209,0.0731091476274,-0.0061826579654,-0.0432275718264,0.1893745561921,0.5593409742855,0.1716527566584,0.1641166867088,0.0682443350385,0.3423115816870,0.2788180590570
0.0838542310929,1.0000000000000,0.2568464448654,0.4832752539867,0.2057306939756,0.0376220704448,-0.0571173015707,-0.0179068641462,-0.1245280486948,-0.0099903169332,-0.1031021574502,0.2194074380592,0.1005426522465,-0.0934809770627,-0.1495643350389,0.0531945834054,0.2765648618361,0.2673935684143,-0.0037592556081,0.2903234419918,0.0840111270821,0.4036817663853,0.5621278557355,0.4700833640243,0.1781100174182,0.4349700962009,0.5049706183071,0.3007342488233,0.2436623954413,0.1319200974936,0.2828344887857,-0.0109414261536,0.0764809875204,0.3160579543016,0.3385582454676,0.1876279012508,0.7721153132591,0.1858427315593,0.4860362857017,0.3129949161489,-0.0489621259509,-0.1338455421934,0.2521212310021,-0.0898939403363,0.0338305252232,0.0002776834151,0.0010826355036,0.2543823422446,0.0514008217633,-0.2208249780870,0.0487369917343,0.3077795474227,0.4676893553941,-0.1669333173528,0.3228396875571,0.1417747217754,0.3856884884850,0.5397277339997,0.3821813524851,0.2852929563416,0.4548132672749,0.3050753897205,0.3188541873578,0.3145119322920,0.1311589851946,0.3636631208127,-0.0214431938123,0.0991972714023,0.1286191392820,0.4562871521989
-0.0629690826659,0.2568464448654,1.0000000000000,0.3060958895373,-0.0718211651314,0.2135273811670,-0.0153463393250,0.4424560028257,0.2042274707118,0.2701342486000,-0.0891972339644,0.2878211781605,-0.1378583271004,0.2780148948064,0.1501128065988,0.1712328350925,0.3019953477361,0.3345953553150,0.3337713175027,0.3065777664220,-0.0927918200125,0.1311764224668,0.1690948383352,0.2377939777027,0.2324435374051,0.4454017629191,0.4856082744115,0.7231527450766,0.1713672666004,-0.0304152270143,0.0224863564732,-0.0763535093965,0.1476769447223,0.1501412905983,0.2383637470779,-0.1568579937300,0.0820053655730,0.6857473140768,0.1910993838993,0.0214009945715,0.0918559862371,-0.1105536714946,0.2933387812859,0.0550156532000,0.2136811212965,-0.0550551143868,0.0759185933352,-0.0595468684339,0.3151039260234,0.0851134711591,0.1798495621064,0.1966798156709,0.0403642497135,0.2075655111718,0.0955971615698,0.0083700760082,0.2618519616389,0.0741045500234,0.1929650670617,0.1077364386584,0.3061856733125,0.3147118458690,0.5576447903024,0.1151525908268,-0.1629529399148,-0.0899801306132,0.0051004584661,0.0987836783280,0.1058180091710,0.1496101621341
0.2831077955736,0.4832752539867,0.3060958895373,1.0000000000000,0.4098299487509,-0.0950293500957,0.1095189907136,0.2615075847590,0.0707719610433,0.2725671032814,0.0995219022044,0.3358718330065,0.1934780651755,0.0522915801161,0.2499599969397,0.2393181587783,0.2409029965393,0.1793785606732,0.2590152110352,0.3001076011607,0.2135644730417,0.3116396457390,0.6559635922206,0.2708215826890,0.4141615021629,0.3503893540261,0.1896861749681,0.1994059406936,0.3270036696233,0.2905601977655,0.3477691430873,-0.0735143891924,-0.1328845249271,0.1552274270766,0.3417370149662,0.4974706339354,0.4775414297527,0.3580729429334,0.7336960332909,0.3925388477515,-0.0207627918518,0.0132703178734,0.4478730936198,0.0564746418316,0.3802227219407,0.1555885047542,0.1357249052159,0.0616302885015,0.1648431753774,0.1670226755106,0.1716358908471,0.2654801910880,0.3972927914782,0.1360294142386,0.3774393487603,0.2574619801020,0.2897426201815,0.5756782953691,0.3117071191084,0.5307491766833,0.3585307765949,0.1230997865234,0.2820469289591,0.2745986394246,0.2202309421637,0.3685573786572,-0.0819222190981,0.2329446208281,0.1234368267092,0.3777738553603
0.6102655573260,0.2057306939756,-0.0718211651314,0.4098299487509,1.0000000000000,-0.2465689310038,0.1478801805671,0.5103316366282,0.0615903683250,0.4774860546662,0.4138561211795,0.0615717366143,0.6304296540955,-0.0727341923790,0.3724971027348,0.3465124948314,0.0711245570897,0.3178052091343,0.1430777211987,0.3372903899138,0.6784756378520,0.4101571242065,0.4681189522273,0.3817114832113,0.6693315694279,0.0982247912614,0.1230685448239,-0.0782866926127,0.6467355662217,0.5524781998770,0.5125505351415,0.1032172576584,-0.1458533782343,0.4441497725774,0.3525879701036,0.5866967138696,0.2577843167783,-0.1027632588214,0.5325354670199,0.8492435491647,-0.1398108687882,0.1621287724644,0.3895357962903,-0.0652999476621,0.4023072320375,0.3715597898440,0.0202125117185,0.4428095566598,0.0527673729471,0.1307220534132,-0.0370183073245,0.1453567126955,0.3674921684190,0.1607689651624,0.4474701662725,0.7818796987260,0.1045681563242,0.3957484263012,0.1276842282839,0.5791876662557,0.1925611393823,0.1402262345346,-0.0634247737996,0.4633518430017,0.4363921802950,0.2897525618545,0.0755620157700,0.1112386944013,0.3827173690194,0.3503799311650
-0.2305576431776,0.0376220704448,0.2135273811670,-0.0950293500957,-0.2465689310038,1.0000000000000,0.4359182190114,-0.2185990693223,0.4815985292002,-0.1628029642233,0.1487212129541,0.2302629889224,-0.1484753883223,0.2401496081651,-0.0307263793728,0.2380299953600,0.0261256269068,-0.1292676772001,0.0491267264671,-0.0763694023631,-0.2004929626950,-0.0558407845199,-0.1628195856764,-0.0260237009962,-0.1954636170604,0.0291848916661,0.1016549902791,0.1712132361008,-0.2120641038887,-0.0443252999711,-0.2138482654356,0.0622551158505,0.5727019047742,-0.0621997589741,-0.0006695481633,-0.2314966623731,-0.0881138213318,0.2328214657066,-0.1063931429103,-0.1188578907200,0.6049729034881,0.2538255992245,-0.1075678458645,0.5209635890434,-0.0715169641421,0.1509822414346,0.2863441317645,0.1120260969871,0.1394737240002,0.2118141235820,0.5594054305412,0.0258608812941,-0.0587752152319,0.0159745138727,-0.1158650900091,-0.1815397214686,0.0401042081243,-0.1357100860175,0.0404702320668,-0.0844737144960,-0.0760612321922,0.0496797324812,0.1887079609824,-0.1124056202622,-0.0669786942364,-0.1196674564086,-0.0938835373394,0.5285789040045,-0.1550123773786,0.0619577992056
0.1619366073563,-0.0571173015707,-0.0153463393250,0.1095189907136,0.1478801805671,0.4359182190114,1.0000000000000,-0.1048102775162,0.7276794866511,-0.1232940281645,0.8075562718688,0.3507992522134,0.4685458332357,0.2011805652886,0.2680860986407,0.5335640923099,-0.0484428361577,-0.2962197965010,0.1598390282876,-0.0898817488788,0.3466734406969,0.0005260018268,-0.0954226702788,-0.0672384610481,-0.0514274311098,0.0202295642691,0.0324288381243,0.0370293375161,0.0727161508581,0.3199661376863,0.0871945830338,-0.0133926933570,0.1246345515491,-0.0898216317620,0.0828894536489,0.1025618734711,-0.0414356062706,0.0830310658957,0.1872412544890,0.0235216515909,0.4814031373421,0.7511073978930,-0.2352854512117,0.6784842755271,-0.0523462214311,0.6590919585056,0.3822281270757,0.2949994965431,0.1607765438717,0.2710159907222,0.6011348632124,-0.0597148641406,-0.1242917894806,0.1885848173715,-0.0750517137699,0.1135513059898,-0.1121948888017,-0.1003567929614,-0.0038746354754,-0.0258522468307,-0.1666752460857,0.0235747613069,0.0685744798564,-0.0732372277883,0.2014541126806,-0.0665135222170,-0.2100485620903,0.3496294083679,-0.0913791877693,0.0799375502877
0.4731153116305,-0.0179068641462,0.4424560028257,0.2615075847590,0.5103316366282,-0.2185990693223,-0.1048102775162,1.0000000000000,0.0928507833507,0.6810407978547,0.0451249039511,-0.0625956254223,0.2046577471773,0.0120668972352,0.5864075451167,0.2844999744385,0.1871028913262,0.4622933283785,0.2406844141630,0.1986236146841,0.3133881637518,0.2940956677418,0.2961325847193,0.1802545126255,0.7610941895049,0.1393605071541,0.0921893451434,0.2387991854731,0.6197748669274,0.1864245453751,0.4388348995373,-0.0494381892700,-0.0226932660039,0.3384901709375,0.1228674250160,0.2170105595275,-0.0370744990997,0.2301642503277,0.2717891181737,0.4513415977388,-0.2056413949581,-0.1547638404738,0.5369188798642,-0.2234496828742,0.4650964930777,-0.0771002564361,-0.1746768174620,0.1562434165750,0.1119634836163,0.2817987560441,-0.1019121921373,0.1376683489173,0.1813587964861,0.2355995207587,0.1959941733890,0.3636515784300,0.1076238442117,0.1535901433445,-0.0794853551923,0.4947439483702,0.1967204432455,0.1233688938343,0.1156691203026,0.3047926173727,0.0786804853799,0.0192756854840,0.1366745590177,0.0225347413521,0.2156981204522,0.0817879312345
0.0686112852414,-0.1245280486948,0.2042274707118,0.0707719610433,0.0615903683250,0.4815985292002,0.7276794866511,0.0928507833507,1.0000000000000,-0.0040368456715,0.5793378200159,0.3520119629654,0.1237022764148,0.2907468005584,0.3063107701405,0.3695977004326,-0.0011440194977,-0.2146738014857,0.1290533944315,-0.0399284043414,0.2069995475371,-0.0254053709331,-0.1256584769335,-0.0134978354978,0.0949358263734,0.0714639583558,0.1353270038302,0.1461971109664,0.1814262739143,0.1102023898042,0.1069943569800,-0.0709441295552,0.1801509536989,-0.1287219863746,-0.0094506760837,-0.1106087727689,-0.1708951387693,0.2491400623253,0.1083526317950,-0.0210210533787,0.5975161799602,0.4611361545602,-0.1182080416658,0.7636973704174,0.1077288219608,0.3394941160595,0.4275556171051,0.1122316527358,0.2491296428433,0.2891627327252,0.5528450586869,-0.0824245776110,-0.2428482646085,0.2952526115971,-0.1015175196245,0.0685256355620,-0.0929789300114,-0.2068377906054,0.0006787631338,0.0285346842687,-0.1310387051358,0.1448132373859,0.1706043354947,-0.0507060875214,-0.0629594422290,-0.1510619110663,-0.1897265061194,0.4238461278274,-0.2111113714239,-0.0551020385477
0.3000553324134,-0.0099903169332,0.2701342486000,0.2725671032814,0.4774860546662,-0.1628029642233,-0.1232940281645,0.6810407978547,-0.0040368456715,1.0000000000000,0.0165074686340,-0.1513471694049,0.1458399413493,0.1921716385320,0.4006010260176,0.2448321712307,0.0357781394795,0.3214748961506,0.0993314236206,-0.0282273476684,0.2720480752174,0.1359345895086,0.2791188201486,0.0496222266689,0.6770058241564,0.2603749070628,-0.1209062404376,0.2362733716587,0.3037710182555,0.0510068309761,0.0726648886355,0.1869901194413,-0.0467824681254,0.2384525318109,-0.0324428723985,0.0488546591382,-0.0976781327846,0.1804361767632,0.2240501333842,0.4979295587887,-0.0778120967401,-0.1462171712541,0.3659118305749,-0.2565451432884,0.7338168616814,-0.0019809250355,-0.2085727666086,0.1592961580183,0.3227446995056,0.1932688526087,-0.0275434618986,0.0199633958462,-0.0200263752806,0.0706133259119,-0.0803898873284,0.3570624137040,0.0640569943945,0.0689112678059,-0.1323824858906,0.5239616164066,0.2110197285690,-0.1138034422273,0.1779895744815,0.1050209258940,-0.0865509812849,-0.0776848759756,0.2910822929377,0.0562018546025,0.1607675899883,-0.0726097823341
0.4014639122540,-0.1031021574502,-0.0891972339644,0.0995219022044,0.4138561211795,0.1487212129541,0.8075562718688,0.0451249039511,0.5793378200159,0.0165074686340,1.0000000000000,0.3113455000287,0.6344213393606,0.2338340850718,0.4314250852500,0.5060351346649,-0.1901512023616,-0.1285788587909,0.2758335904654,0.0365892294505,0.5278963238919,0.0318077098585,-0.0766326233061,-0.0045718184862,0.0375401177189,0.0088819599312,0.0827835586596,0.0416093459323,0.1936061525842,0.5504304408113,0.1681447288955,0.1069524799347,-0.0540231106297,0.0992621716091,0.1584648573025,0.2419829794028,-0.0363350875845,-0.0376711587604,0.2420283862765,0.2362571314311,0.2710637099631,0.6644806844987,-0.2391585160273,0.5376618495020,-0.0182089101353,0.8179730134679,0.3804519941266,0.3763992015887,0.1683201114763,0.2716090630894,0.4713005140278,-0.1727351394445,-0.0614250584817,0.2870405317175,0.0485328804131,0.3428260221295,-0.1944584348933,-0.1270615207479,-0.0328608524825,-0.0109033534311,-0.0763162661516,0.0773586308383,0.0199991115173,-0.0615731472161,0.3498882330113,-0.1083877027222,-0.1342737088049,0.2024249688472,0.1005572561484,0.1376356205039
0.0436733034573,0.2194074380592,0.2878211781605,0.3358718330065,0.0615717366143,0.2302629889224,0.3507992522134,-0.0625956254223,0.3520119629654,-0.1513471694049,0.3113455000287,1.0000000000000,0.1800761729189,0.5370542192582,0.2544380123285,0.3445339723124,0.1386653100273,0.1282949446983,0.6261951885207,0.5253104931117,0.1687160645059,0.0504089380723,0.1798262465394,0.2130298863784,-0.0718930759575,0.4416002232607,0.4405611997259,0.4178361135282,-0.0099275187235,0.3979513865852,0.0281135727807,0.0590054680566,0.1416863165217,-0.0517422297570,0.4909968220101,0.2386047306145,0.1801454478854,0.2136156420261,0.3307087278541,0.0828298185863,0.1252580972386,0.3606793375654,0.0228870678719,0.4188881565900,-0.0392918050769,0.4078141625001,0.7333245401796,-0.0325913427286,0.4278555304362,0.2994519716835,0.3491733252282,0.1825426921809,0.1954815605015,0.5195085261699,0.3229488081317,0.1794119048754,0.1387853747373,0.1404572280462,0.1930462679423,-0.0056956298257,0.3145418916959,0.1941104471247,0.3764132066088,0.0794615974491,0.2871724448081,0.0546685314717,0.0454492389955,0.3180421584275,0.1260321156866,0.3523283530097
0.5273903814277,0.1005426522465,-0.1378583271004,0.1934780651755,0.6304296540955,-0.1484753883223,0.4685458332357,0.2046577471773,0.1237022764148,0.1458399413493,0.6344213393606,0.1800761729189,1.0000000000000,-0.0626347899731,0.3419138341399,0.4815636152294,-0.0059084586084,0.1375556836498,0.2543504066606,0.2611946208455,0.8122656694033,0.2869426386733,0.1623456382439,0.2521734228871,0.2251755591103,0.0499246448524,0.0937566532292,-0.0923881836742,0.3988005148369,0.5679854195871,0.3703083892716,0.0792533822175,-0.1532858247650,0.2823850198558,0.2695310439832,0.3967339556010,0.2292183817219,-0.1953150366569,0.3552633782695,0.4900418261044,-0.1711006175590,0.3548670641978,0.0583519688233,0.0436456796474,0.0942167280181,0.5882911935176,0.1481893527351,0.6579567254861,0.0225844222357,0.0931073484870,0.0834602181572,0.0571617707519,0.2409760499220,0.2193216591888,0.3645786440206,0.5605003272146,-0.0276865250532,0.1579516131718,0.0810661349639,0.1688846470148,0.0419751375999,0.1042649866236,-0.1288448594713,0.2798731897487,0.5353590029348,0.1854314195171,0.0032977741428,-0.0010721088738,0.2952733058064,0.3787899388538
-0.0987248227117,-0.0934809770627,0.2780148948064,0.0522915801161,-0.0727341923790,0.2401496081651,0.2011805652886,0.0120668972352,0.2907468005584,0.1921716385320,0.2338340850718,0.5370542192582,-0.0626347899731,1.0000000000000,0.3240134585893,0.3752580951379,-0.1165572897606,0.0278980604524,0.5310549756321,0.0836890174241,0.0273192440101,-0.2215698484397,-0.1133728676099,-0.1258372992915,-0.0531221868694,0.4433723391901,0.0833017925725,0.3926019257321,-0.2895787228961,0.2388855426789,-0.4067682918216,0.4636260585276,0.2174374408774,-0.0414070264962,0.1384727993298,-0.1623216828125,-0.2929270879919,0.3023827368887,0.0606853999936,0.0344627251911,0.0575516520537,0.2118215547693,-0.0841883594549,0.2013403293333,0.2457440300351,0.3357073706049,0.5870790640156,-0.1004511234372,0.7235469653531,0.4172016162057,0.3930211771505,-0.0665140329493,-0.2100100963676,0.4824530513627,-0.1367480280731,0.0909746226294,-0.0378040690339,-0.2582213548805,-0.0771837567157,-0.0401326215940,0.2026969360277,-0.0577171330410,0.3997319925269,-0.1875939950845,0.0208296103607,-0.3952832479672,0.1654813318642,0.2432164614520,0.0802026557768,0.0290066412357
0.6498033034155,-0.1495643350389,0.1501128065988,0.2499599969397,0.3724971027348,-0.0307263793728,0.2680860986407,0.5864075451167,0.3063107701405,0.4006010260176,0.4314250852500,0.2544380123285,0.3419138341399,0.3240134585893,1.0000000000000,0.4576341743908,-0.0685931128447,0.3755376769934,0.5388983342814,0.1291946186270,0.3295266019177,0.0669418458115,0.0886336963608,0.0128192690788,0.3069609976359,0.0674883758802,-0.0985985771603,0.2155375914598,0.1861031279361,0.5559620781066,0.1356358026928,0.0750611927614,0.0740004642228,0.2337818971125,0.0992299637296,0.3613995483786,-0.1237015823782,0.0780300585367,0.3101252223634,0.2705257248535,-0.0099535827416,0.1846377237029,0.1576873628698,0.1232657678357,0.2565178956210,0.3186038888902,0.2158593882855,0.1970914252705,0.2374597034241,0.6904087174610,0.2317913537791,-0.0246342566604,0.1575102181805,0.4788859176427,0.1407731843357,0.2571458445934,-0.1104774723530,-0.0785213900252,-0.1545243978103,0.1819773815713,0.1069719836727,-0.0716652177767,0.1390983579613,-0.0868395876238,0.4108829058618,-0.1777201484408,0.1324931881724,0.2518400947211,0.1640363289830,0.0879155864271
0.3042941009866,0.0531945834054,0.1712328350925,0.2393181587783,0.3465124948314,0.2380299953600,0.5335640923099,0.2844999744385,0.3695977004326,0.2448321712307,0.5060351346649,0.3445339723124,0.4815636152294,0.3752580951379,0.4576341743908,1.0000000000000,0.0304539649181,0.0023476671683,0.3482803792933,0.1812178630977,0.2959607426982,0.0903102381623,0.0493673564107,-0.0162069234814,0.2526694499830,0.3167499674771,0.1303913792639,0.1484920617872,0.1749847001224,0.4645396872101,0.0629930787725,0.1381085406164,0.3371364280321,0.3911198432604,0.4283871760762,0.2781876663159,-0.0784095561933,0.2629473558558,0.3785522962891,0.3011940120199,0.0628136132548,0.4637640852107,0.1523224491330,0.2645417341893,0.2142062002866,0.5264006719631,0.3658257680297,0.4656576108044,0.3859824291445,0.5220298401778,0.5917563953521,0.0045286023859,0.1983151216410,0.3659376858086,0.2180795575707,0.2710470506110,0.0519086193617,0.0228598426974,-0.0608381142475,0.2691936976237,0.2598551475914,0.1174817996167,0.2174868026363,0.0595317110883,0.2609347992028,-0.1450524440606,-0.0087434948683,0.2886500551556,0.2915410656581,0.4331897425253
0.0963503939403,0.2765648618361,0.3019953477361,0.2409029965393,0.0711245570897,0.0261256269068,-0.0484428361577,0.1871028913262,-0.0011440194977,0.0357781394795,-0.1901512023616,0.1386653100273,-0.0059084586084,-0.1165572897606,-0.0685931128447,0.0304539649181,1.0000000000000,0.0731327384879,0.0198461405328,0.1872859107124,0.0560672942493,0.5049628384406,0.3082366668754,0.4424832585146,0.2242084547717,0.2449122308943,0.2493130735498,0.3067589727341,0.3748617328969,-0.0546427000828,0.2949125070065,-0.3517345831024,0.1291326071126,0.0821203210639,0.2662420937784,0.1543815087533,0.2733244771889,0.2610504180931,0.0606721106582,0.1008679951179,-0.0185177214012,-0.1075513151871,0.2447309237802,-0.0242740727445,0.0127155599713,-0.2036430414483,-0.0110137129036,0.0159939381866,-0.0189183299897,-0.0929470715197,-0.0409285320745,0.8683185285385,0.2423333471607,0.0220080476250,0.1792571825205,0.1697028216436,0.6350946537711,0.3619889926014,0.5400055266631,0.2405550332916,0.1847688963664,0.2480637411277,0.2701443729158,0.5212429993114,-0.0442604909123,0.4679372269963,-0.1201820025844,0.0884836681211,0.0523940298602,0.2358813081688
0.4304153002445,0.2673935684143,0.3345953553150,0.1793785606732,0.3178052091343,-0.1292676772001,-0.2962197965010,0.4622933283785,-0.2146738014857,0.3214748961506,-0.1285788587909,0.1282949446983,0.1375556836498,0.0278980604524,0.3755376769934,0.0023476671683,0.0731327384879,1.0000000000000,0.4465236171231,0.5966571630108,0.2006652570366,0.3380380616945,0.2902935162445,0.5602201163020,0.2522260581199,0.0558159540631,0.2327363725976,0.2555237967542,0.2623512593576,0.3372006130807,0.1697540947788,0.2173840539758,0.0291444352005,0.3818279794258,0.2732114026014,0.2397334439828,0.1938525715566,0.0416662487941,0.1976224198787,0.4407439705050,-0.2915213725874,-0.2761485239507,0.3546162270897,-0.3392140693975,0.1859852787169,-0.0283547945393,-0.1179423853651,0.2011497301341,-0.0324444093288,0.0616739456291,-0.2341454369164,0.1871298996615,0.5066208787996,0.1969527201051,0.4754247688196,0.3308511645259,0.2045225446129,0.1259303381093,0.0948849887972,0.1406173831622,0.1131980057610,0.0038202421523,0.0329605089719,0.1949378830340,0.2946787058851,0.0809609075626,0.3347844855754,-0.0505637777030,0.3543400577905,0.2093869107383
0.1800809655307,-0.0037592556081,0.3337713175027,0.2590152110352,0.1430777211987,0.0491267264671,0.1598390282876,0.2406844141630,0.1290533944315,0.0993314236206,0.2758335904654,0.6261951885207,0.2543504066606,0.5310549756321,0.5388983342814,0.3482803792933,0.0198461405328,0.4465236171231,1.0000000000000,0.5977895637870,0.2019248501381,-0.0286895143011,0.1164059244977,0.0987249474342,-0.0492339149112,0.2796276565482,0.2238170056079,0.3640374644551,-0.0802677606468,0.4898855632569,-0.0861342273947,0.2241924779704,-0.0100328479238,0.1634768086346,0.4422873820594,0.2758358405645,-0.0537176682291,0.1123313726646,0.2462891204685,0.1251966137102,-0.1179413286952,0.2310262924557,0.0215560566241,0.0744622401191,-0.0071406710219,0.4312904122310,0.3783643894207,0.0610603932300,0.2351360831861,0.3531303611768,0.1521621009805,0.1200059269917,0.2061705505446,0.5930261956279,0.3303526839540,0.2688540110002,0.0047377874792,0.0452750734539,0.0069126989328,-0.1165940063183,0.1671939657561,-0.0189929206835,0.1363559760883,-0.0915434914474,0.3346791617972,-0.0971414784992,-0.0691662166036,0.0817644438821,0.3589269013166,0.3273499475933
0.2254707917264,0.2903234419918,0.3065777664220,0.3001076011607,0.3372903899138,-0.0763694023631,-0.0898817488788,0.1986236146841,-0.0399284043414,-0.0282273476684,0.0365892294505,0.5253104931117,0.2611946208455,0.0836890174241,0.1291946186270,0.1812178630977,0.1872859107124,0.5966571630108,0.5977895637870,1.0000000000000,0.2220333932827,0.2740546304775,0.3441955310672,0.5451685975469,0.0710059604522,0.2610904772895,0.5058508735248,0.2106344063816,0.2533772125348,0.4264275038987,0.2717438861031,0.1072020414521,-0.0218011643738,0.3864078576095,0.6907717698273,0.4387473249853,0.2496024654987,0.0538234371915,0.3424142927371,0.3395129326220,-0.2158985883494,0.0570923599519,0.2418141370258,-0.0871887479949,-0.0543523876975,0.2277976030698,0.2063591057384,0.1451166842360,0.0128340847325,-0.0163103164751,-0.1337272947673,0.3021674204722,0.5734082670746,0.3676401956899,0.7647699343131,0.4254332054419,0.2067093973675,0.3488118995577,0.2833059525110,0.0284087766646,0.2981414247439,0.2004861399560,0.0441188434626,0.2495559212191,0.3221054350588,0.2442791614844,0.0462150668219,-0.0254558442596,0.5380969194265,0.5381247952866
0.5332891009571,0.0840111270821,-0.0927918200125,0.2135644730417,0.6784756378520,-0.2004929626950,0.3466734406969,0.3133881637518,0.2069995475371,0.2720480752174,0.5278963238919,0.1687160645059,0.8122656694033,0.0273192440101,0.3295266019177,0.2959607426982,0.0560672942493,0.2006652570366,0.2019248501381,0.2220333932827,1.0000000000000,0.3334522148460,0.2363604108974,0.3431296830768,0.3772946892428,0.0590803463565,0.0457916146507,-0.0712374975275,0.5187562610574,0.4769868203650,0.4329517200381,0.1239676962145,-0.2592103908233,0.1295982128756,0.1741068349829,0.2559759095105,0.1539759473885,-0.1532522890223,0.2908388039530,0.6318237677822,-0.1629015185646,0.1821379948976,0.1155751853809,0.0085837685920,0.3110182742391,0.4263377267913,0.1653600948144,0.4673901817260,0.0827691312803,0.0387218286308,-0.0439171648733,0.1045799293618,0.1274328904121,0.2386506376633,0.2982414647769,0.7487864721426,0.0540849092287,0.1215758334669,0.1103333600158,0.2895445664336,-0.0205473686607,0.0564525506542,-0.0975608097066,0.4121153463153,0.3979977656431,0.1801064791271,0.1144324076850,0.0176458649961,0.2249701766669,0.2258441441404
0.4332460455599,0.4036817663853,0.1311764224668,0.3116396457390,0.4101571242065,-0.0558407845199,0.0005260018268,0.2940956677418,-0.0254053709331,0.1359345895086,0.0318077098585,0.0504089380723,0.2869426386733,-0.2215698484397,0.0669418458115,0.0903102381623,0.5049628384406,0.3380380616945,-0.0286895143011,0.2740546304775,0.3334522148460,1.0000000000000,0.5084418407447,0.8062566849042,0.3698705671740,0.1030940865149,0.1536947298578,0.1018585372623,0.6723011319835,0.3341480754383,0.6819352328425,-0.1654622844987,0.0070285338479,0.4114798372626,0.3569443480880,0.3492114105280,0.5076593961301,0.0390785547626,0.3190990895670,0.4695005226603,-0.1376701694511,-0.1442987783019,0.3115246635759,-0.0946281075290,0.1044976126501,-0.0583414951801,-0.0667108379915,0.2718972892371,-0.0450327129319,-0.1468882483300,-0.0806463959074,0.5681402790658,0.5028521820372,0.0244460516646,0.4451478874695,0.3808139462339,0.7560260455224,0.4776199946968,0.6090731949205,0.3649966017765,0.1422002679623,0.1244244504542,0.0586582399182,0.5789230997583,0.3929323875487,0.6430347534480,0.0297894300639,0.1187861278226,0.2659936807799,0.4237949768620
0.2680881738782,0.5621278557355,0.1690948383352,0.6559635922206,0.4681189522273,-0.1628195856764,-0.0954226702788,0.2961325847193,-0.1256584769335,0.2791188201486,-0.0766326233061,0.1798262465394,0.1623456382439,-0.1133728676099,0.0886336963608,0.0493673564107,0.3082366668754,0.2902935162445,0.1164059244977,0.3441955310672,0.2363604108974,0.5084418407447,1.0000000000000,0.4708990555546,0.4904592276197,0.2232772978091,0.1140506872173,0.0783089481892,0.4661218643436,0.2521137260974,0.5433044020680,0.0111470532857,-0.1817037695613,0.2621450673616,0.3050209052690,0.5056730525809,0.5487489276704,0.1281484493109,0.6063395048923,0.5218076660110,-0.1070581934202,-0.0924050699258,0.4963890189020,-0.1586618988295,0.3196739477910,-0.0340377033341,-0.0688213425216,0.0085233183265,0.0114692039329,-0.0477518515060,-0.1486227863702,0.4224511523924,0.4484833005258,-0.0288767884163,0.3893213329705,0.3413707606396,0.3543604271799,0.8628101602476,0.3595618692343,0.5732211343229,0.2620524702810,-0.0107870947356,0.0858576474025,0.4380885852376,0.2567517654233,0.5697876151257,0.0514215148321,0.1643273569901,0.1978026707712,0.2981850916037
0.4027505398325,0.4700833640243,0.2377939777027,0.2708215826890,0.3817114832113,-0.0260237009962,-0.0672384610481,0.1802545126255,-0.0134978354978,0.0496222266689,-0.0045718184862,0.2130298863784,0.2521734228871,-0.1258372992915,0.0128192690788,-0.0162069234814,0.4424832585146,0.5602201163020,0.0987249474342,0.5451685975469,0.3431296830768,0.8062566849042,0.4708990555546,1.0000000000000,0.2568800669838,0.0857986053558,0.3342413858070,0.2022606580260,0.5848606112460,0.3609506959860,0.5432546791815,-0.0020819274880,-0.0035187464400,0.3683533029140,0.4275967325015,0.2942719401824,0.5056778768589,0.0644207521416,0.2982924798481,0.5003820214871,-0.1126544836653,-0.1351923744580,0.2963050078222,-0.0665758178686,0.1089886022356,-0.0223937698396,0.0160441926772,0.2404895804313,-0.0484540269355,-0.2275337486900,-0.1255518662012,0.5351936480109,0.5207005547658,0.0851618706239,0.5569397131259,0.4577014396182,0.6285325377559,0.3924287401996,0.6763539325897,0.2483220687314,0.0837016966715,0.1578895267310,0.1133491315028,0.5715273113906,0.3462510399666,0.5509970409944,0.1715313224042,0.1156240811350,0.3129738001396,0.3990109737319
0.3457525042591,0.1781100174182,0.2324435374051,0.4141615021629,0.6693315694279,-0.1954636170604,-0.0514274311098,0.7610941895049,0.0949358263734,0.6770058241564,0.0375401177189,-0.0718930759575,0.2251755591103,-0.0531221868694,0.3069609976359,0.2526694499830,0.2242084547717,0.2522260581199,-0.0492339149112,0.0710059604522,0.3772946892428,0.3698705671740,0.4904592276197,0.2568800669838,1.0000000000000,0.2006505994178,0.1404281820855,0.0872895121165,0.7158222531789,0.1218760199766,0.5045043553154,-0.0143366313841,-0.0823325374512,0.2543212625270,0.0935333563607,0.2711004377565,0.1756144278879,0.2170997246503,0.4852482884564,0.6228981344177,-0.0928826103506,-0.0930826896685,0.6831103211731,-0.1179442974697,0.6536500014973,-0.0984095277513,-0.1328184501395,0.1937017102041,0.2100125595980,0.1687560995230,-0.0388218902691,0.1668701084116,0.1842180850890,0.0757451948155,0.1946623933548,0.4066363847899,0.1501326545835,0.3863827447370,0.0123853141249,0.8433326380067,0.2331956501063,0.1929040023407,0.1537662998732,0.5285318889400,0.0658942806429,0.2413331037775,0.1376709082183,0.1625911857643,0.0615778683485,0.0959304229319
-0.0809461054498,0.4349700962009,0.4454017629191,0.3503893540261,0.0982247912614,0.0291848916661,0.0202295642691,0.1393605071541,0.0714639583558,0.2603749070628,0.0088819599312,0.4416002232607,0.0499246448524,0.4433723391901,0.0674883758802,0.3167499674771,0.2449122308943,0.0558159540631,0.2796276565482,0.2610904772895,0.0590803463565,0.1030940865149,0.2232772978091,0.0857986053558,0.2006505994178,1.0000000000000,0.5097845126483,0.5901574790217,0.0520032040256,0.0581830936106,-0.1018942915351,-0.0207445286775,0.1501792401900,0.1990048506451,0.3595344076238,-0.0136164073922,0.2704581587839,0.3548453875644,0.3914915065768,0.1396359157425,-0.0075257561952,0.0555811914668,0.1786293146547,0.0292991566722,0.2430987719382,0.1418182584124,0.2642177628242,0.0931863356183,0.6685804843205,0.0762151641043,0.1825975677481,0.2055561491345,0.0405318251646,0.2266532496140,0.1029324861220,0.1287173458245,0.2460096089661,0.2033147072409,0.1171854186745,0.1765884008674,0.7480366368058,0.3957578070250,0.5632988462533,0.1207278514055,-0.0764785881158,-0.0304598261648,0.0067028375280,0.0815803056554,0.1792230941790,0.3203236634836
-0.0561621721485,0.5049706183071,0.4856082744115,0.1896861749681,0.1230685448239,0.1016549902791,0.0324288381243,0.0921893451434,0.1353270038302,-0.1209062404376,0.0827835586596,0.4405611997259,0.0937566532292,0.0833017925725,-0.0985985771603,0.1303913792639,0.2493130735498,0.2327363725976,0.2238170056079,0.5058508735248,0.0457916146507,0.1536947298578,0.1140506872173,0.3342413858070,0.1404281820855,0.5097845126483,1.0000000000000,0.5510873840865,0.2401137193726,0.1123008237164,0.1551281467785,-0.0774451498243,0.0740149708712,0.2151217355799,0.4502541617037,0.0412986990726,0.4171664155944,0.2451235198617,0.2875366327078,0.1021186406583,0.0231614112197,0.0475600207280,0.1666611806380,0.1279654432910,-0.1346147781090,0.1642863902389,0.2219076208185,0.1420270986103,0.2007281698706,-0.1439026035566,0.0952922576459,0.1607123648220,0.2212126373748,0.1378174404506,0.3452806432902,0.1237958231072,0.1722924437715,0.1796690693526,0.2039672360257,0.0559900755848,0.4911879328779,0.7560350817549,0.4470943335301,0.2954625228999,0.0096936407680,0.0648110797094,-0.1267288284825,-0.0597785450527,0.1898243117524,0.4096666302070
-0.0074158328475,0.3007342488233,0.7231527450766,0.1994059406936,-0.0782866926127,0.1712132361008,0.0370293375161,0.2387991854731,0.1461971109664,0.2362733716587,0.0416093459323,0.4178361135282,-0.0923881836742,0.3926019257321,0.2155375914598,0.1484920617872,0.3067589727341,0.2555237967542,0.3640374644551,0.2106344063816,-0.0712374975275,0.1018585372623,0.0783089481892,0.2022606580260,0.0872895121165,0.5901574790217,0.5510873840865,1.0000000000000,0.0094210405690,0.0426947520150,-0.1110694818578,-0.0709539043746,0.2436293513018,0.1265964724496,0.2014686016980,-0.1654135617018,0.1831863420521,0.4303020882920,0.1479713448496,0.0151095614176,0.1471459223922,0.0022692931244,0.0034006753705,0.0974361284744,0.0560377087241,0.0958418079915,0.1924226555436,-0.0368317569163,0.4156824283291,0.0891966813512,0.1914098740948,0.2096083052286,0.0006000795706,0.2109837682750,-0.0569011145331,0.0052338854933,0.2967980655375,-0.0005882358380,0.2714936442854,-0.0106373912249,0.4667310283817,0.3611098877907,0.8075534443058,0.0010237107003,-0.1162957806657,-0.1403707466861,0.0619503682934,0.1011027256602,0.1010632390028,0.1117665967993
0.5197811485369,0.2436623954413,0.1713672666004,0.3270036696233,0.6467355662217,-0.2120641038887,0.0727161508581,0.6197748669274,0.1814262739143,0.3037710182555,0.1936061525842,-0.0099275187235,0.3988005148369,-0.2895787228961,0.1861031279361,0.1749847001224,0.3748617328969,0.2623512593576,-0.0802677606468,0.2533772125348,0.5187562610574,0.6723011319835,0.4661218643436,0.5848606112460,0.7158222531789,0.0520032040256,0.2401137193726,0.0094210405690,1.0000000000000,0.2642787079554,0.8251166037205,-0.1855032436433,-0.1449753511864,0.3326703364244,0.2512766746515,0.3138731305490,0.3432789152706,0.1029014990713,0.3952262915107,0.5784682188698,-0.1087991550454,-0.0531843557355,0.4804490854510,-0.0125615870608,0.2901483199619,-0.0031522364763,-0.1121309996955,0.2915176554907,-0.0616833114711,-0.1064299663103,-0.1150770442312,0.3358709405772,0.3002374279059,0.0465144713886,0.3961326729517,0.5125064529150,0.3480692728976,0.4026373964589,0.3218469659982,0.5454079870712,0.0731889006396,0.2688562367328,-0.0151318434975,0.7132853585168,0.2105476060599,0.5195593692891,0.0145778149458,0.0471703031835,0.1776332378688,0.2627192725644
0.7002411095235,0.1319200974936,-0.0304152270143,0.2905601977655,0.5524781998770,-0.0443252999711,0.3199661376863,0.1864245453751,0.1102023898042,0.0510068309761,0.5504304408113,0.3979513865852,0.5679854195871,0.2388855426789,0.5559620781066,0.4645396872101,-0.0546427000828,0.3372006130807,0.4898855632569,0.4264275038987,0.4769868203650,0.3341480754383,0.2521137260974,0.3609506959860,0.1218760199766,0.0581830936106,0.1123008237164,0.0426947520150,0.2642787079554,1.0000000000000,0.3266646081842,0.2417587368604,-0.0584640103542,0.5219228952598,0.5539074855447,0.6125224982983,0.2052117940253,-0.0180058480029,0.4822216961531,0.4735167604978,-0.0908185805733,0.3354881275866,0.0776969165713,0.1258031829295,0.0499885885024,0.5401138039954,0.3348433482970,0.3119715333381,0.1554431782299,0.3553848331407,0.2351019397551,0.0904807553748,0.4534317480773,0.4186847795780,0.5049864516796,0.5064552839518,0.1142586800869,0.1789349458511,0.1534148556225,0.1248059035126,0.1272158424349,0.0370036180995,0.0208920801444,0.1107849040432,0.8118720923989,0.1448305626332,0.0556825959303,0.2031030088903,0.5575855656224,0.5332407229850
0.5115027054968,0.2828344887857,0.0224863564732,0.3477691430873,0.5125505351415,-0.2138482654356,0.0871945830338,0.4388348995373,0.1069943569800,0.0726648886355,0.1681447288955,0.0281135727807,0.3703083892716,-0.4067682918216,0.1356358026928,0.0629930787725,0.2949125070065,0.1697540947788,-0.0861342273947,0.2717438861031,0.4329517200381,0.6819352328425,0.5433044020680,0.5432546791815,0.5045043553154,-0.1018942915351,0.1551281467785,-0.1110694818578,0.8251166037205,0.3266646081842,1.0000000000000,-0.2507922659803,-0.2150893682602,0.2856525751392,0.2498932163091,0.4395547400878,0.4762198108165,-0.0451020021584,0.4129044720167,0.4094280610474,-0.1259165964916,-0.0698336945299,0.3592115249339,0.0018900878916,0.0697671082881,-0.0480277502069,-0.1029595338759,0.2036301465915,-0.2259540159929,-0.1537667230266,-0.1359312973817,0.3070857039668,0.4406574205087,-0.0137012978051,0.4850633759026,0.3491691036039,0.2974902184376,0.5225291602131,0.3437082856693,0.4178308289524,0.0047408050306,0.1726203702649,-0.1386926175854,0.5369359476831,0.3553850553496,0.6752974329690,-0.1020737504250,0.0261056297776,0.1517428733857,0.3141569680927
0.0264391143927,-0.0109414261536,-0.0763535093965,-0.0735143891924,0.1032172576584,0.0622551158505,-0.0133926933570,-0.0494381892700,-0.0709441295552,0.1869901194413,0.1069524799347,0.0590054680566,0.0792533822175,0.4636260585276,0.0750611927614,0.1381085406164,-0.3517345831024,0.2173840539758,0.2241924779704,0.1072020414521,0.1239676962145,-0.1654622844987,0.0111470532857,-0.0020819274880,-0.0143366313841,-0.0207445286775,-0.0774451498243,-0.0709539043746,-0.1855032436433,0.2417587368604,-0.2507922659803,1.0000000000000,0.0132355340316,0.1502224774763,0.0556883918892,-0.0432022552280,-0.1859419914672,-0.0239055383304,0.0317188967885,0.2312048828644,-0.1051223496382,0.0119462852563,-0.0268504988729,-0.1584170825596,0.1881067552338,0.2527041309294,0.0672915101121,0.0871304963928,0.2028135967122,0.0451646015023,0.0509775863711,-0.2368940445765,0.0155745085886,-0.0110752388277,0.0171236130851,0.1855848107067,-0.1768458746865,-0.1308599986296,-0.1814738931095,0.0011581058700,-0.0654917286542,-0.2794479781889,-0.0777635926958,-0.1055948785024,0.0955975544605,-0.2555308898063,0.5050509644888,0.0274603401371,0.2174734265607,-0.0032814395434
-0.1063750196533,0.0764809875204,0.1476769447223,-0.1328845249271,-0.1458533782343,0.5727019047742,0.1246345515491,-0.0226932660039,0.1801509536989,-0.0467824681254,-0.0540231106297,0.1416863165217,-0.1532858247650,0.2174374408774,0.0740004642228,0.3371364280321,0.1291326071126,0.0291444352005,-0.0100328479238,-0.0218011643738,-0.2592103908233,0.0070285338479,-0.1817037695613,-0.0035187464400,-0.0823325374512,0.1501792401900,0.0740149708712,0.2436293513018,-0.1449753511864,-0.0584640103542,-0.2150893682602,0.0132355340316,1.0000000000000,0.1870212320499,0.0741565841818,-0.1558632523879,-0.0723385931412,0.2046361540969,-0.0933428047987,-0.0182867478357,0.2891195543394,0.0782517568246,0.0379487251000,0.2102983523225,-0.1101834386587,-0.0122827320389,0.2249890713228,0.2830613050233,0.1634914287265,0.2707475667530,0.3714872107106,0.1151111933527,0.1483219741669,0.0496967549378,-0.0255769066530,-0.1689606928778,0.1480431523555,-0.1369531548838,0.0921187612762,0.0038196717881,0.1684528711746,0.1259953243690,0.3284514327337,-0.0613711349505,-0.0638301745144,-0.1697227131969,0.0981397089006,0.4632744513169,-0.0482825220752,0.1276635427062
0.4415949443962,0.3160579543016,0.1501412905983,0.1552274270766,0.4441497725774,-0.0621997589741,-0.0898216317620,0.3384901709375,-0.1287219863746,0.2384525318109,0.0992621716091,-0.0517422297570,0.2823850198558,-0.0414070264962,0.2337818971125,0.3911198432604,0.0821203210639,0.3818279794258,0.1634768086346,0.3864078576095,0.1295982128756,0.4114798372626,0.2621450673616,0.3683533029140,0.2543212625270,0.1990048506451,0.2151217355799,0.1265964724496,0.3326703364244,0.5219228952598,0.2856525751392,0.1502224774763,0.1870212320499,1.0000000000000,0.5547438918588,0.3667260528671,0.2200455903287,0.1055540021966,0.4048171795805,0.4460697655080,-0.1964602196537,-0.0374654179184,0.2251013491894,-0.2250421268022,0.0508772087088,0.1622303745637,-0.0920796480415,0.4849349219244,-0.0202462359508,0.0581150430603,0.0231539922502,0.1696973177533,0.5374197199108,0.0686263043679,0.4557995819167,0.3498712113810,0.2637371875748,0.2485474495425,0.2097466353237,0.1995134137018,0.3547163069872,0.1807932239877,0.0914027573878,0.1607744179439,0.3152654436257,0.1426940909138,0.0847477807041,-0.0023457794879,0.7102412737308,0.6067147106543
0.2322390534850,0.3385582454676,0.2383637470779,0.3417370149662,0.3525879701036,-0.0006695481633,0.0828894536489,0.1228674250160,-0.0094506760837,-0.0324428723985,0.1584648573025,0.4909968220101,0.2695310439832,0.1384727993298,0.0992299637296,0.4283871760762,0.2662420937784,0.2732114026014,0.4422873820594,0.6907717698273,0.1741068349829,0.3569443480880,0.3050209052690,0.4275967325015,0.0935333563607,0.3595344076238,0.4502541617037,0.2014686016980,0.2512766746515,0.5539074855447,0.2498932163091,0.0556883918892,0.0741565841818,0.5547438918588,1.0000000000000,0.5192982356589,0.2345590015094,0.1775228907472,0.4224990364859,0.3160170869654,-0.1035068040769,0.2562149612572,0.1657857021068,0.0068323889737,-0.0942126913950,0.3589087305086,0.2345601345251,0.1509473340578,0.1196225904222,0.0552549358059,0.0775508032507,0.3258231764987,0.5498833608921,0.3209785189837,0.6038736789791,0.4326990072335,0.3903949794543,0.3745423164891,0.3433849709546,0.0890635402398,0.4063790551414,0.2278566922676,0.1163352846659,0.2505249573484,0.3610352941138,0.2595837464311,-0.0296234853465,0.0416119258962,0.7047057592366,0.8069711383850
