1.0000000000000,0.3055669648890,0.6386510350247,0.3706621904811,0.4782746331833,0.3427866455234,0.3814202109577,0.5942753688544,0.2704770174093,0.3911559936452,0.2507349719112,0.5870284874260,0.3970728993067,0.5261944022269,0.7307765110000,0.4682732932449,0.2508775784427,0.6857766715114,0.5863500267223,0.6154597431342,0.3803483154427,0.5745078766515,0.3471878237585,0.6146401649799,0.4225634537842,0.4774027118984,0.4425220972960,0.2831323638410,0.4772191643466,0.5659938600679,0.4738761279875,0.4085299504849,0.1506153178879,0.3012621250012,0.4124124774960,-0.0973568410053,-0.2059571356526,-0.3179426557211,-0.0137576186991,0.3183589924244,0.1187430661553,-0.0677030686275,-0.2598641520215,-0.2843680776560,0.1474696409768,-0.1532957369447,-0.1502011822261,0.1241426679444,0.0089670428543,0.1286588772432,0.2599547816828,0.2641538689218,-0.2970591603068,-0.1628909928807,-0.4359120958113,0.2164560450374,-0.1255051944785,-0.0300013710610,-0.0698247310346,0.2047498477019,-0.0891128929575,-0.4816454787224,-0.0384652587844,0.1894233622414,-0.1066821593823,-0.5311945441133,0.2841472238001,-0.0240509767146,-0.1237615797311,-0.3101196420134
0.3055669648890,1.0000000000000,0.3867072699286,0.7054269445952,0.4250947398857,0.2392883857638,0.3068452319671,0.3174289002753,0.3529565620788,0.1983139902953,0.2792871003245,0.3798812046832,0.3334399667130,0.3158157391785,0.3269373410496,0.3835421407658,0.4091980564383,0.3759515214053,0.4100011088996,0.4198787727889,0.4055941725603,0.3614488815111,0.6515252260564,0.4156106343306,0.4782456415465,0.7082466858417,0.5673704098754,0.2524543305852,0.3167976010804,0.4208318784454,0.4626009604880,0.0793870722147,0.1194067338469,0.4705693100470,0.5443296361297,0.0081850662124,0.6256229077246,-0.0756898221632,0.4655906958181,0.1504359323946,0.0868485503630,-0.0062362580515,-0.1890434828133,-0.1573615443710,0.1235958296348,-0.0231344483046,-0.1103613800118,0.1699607554180,0.0325464067614,-0.2332599946442,0.1942595878757,0.3650672725225,0.0995966555851,-0.2442134328623,-0.1020566380503,0.3115083462701,0.0092527287678,0.5705808580017,0.2682124913814,0.4141808244638,0.2949609699063,-0.0961735171395,0.3479229119349,0.2699140877296,-0.1678278530626,0.0460361630440,-0.0081641495160,0.0090198487105,0.2127497524066,0.3472042042234
0.6386510350247,0.3867072699286,1.0000000000000,0.4897138889659,0.4236070219556,0.4712319933776,0.3801401136422,0.7728045159582,0.3953529618773,0.4277119304967,0.3334809435835,0.5379279106670,0.2950774919601,0.5320358474709,0.6938116635999,0.5079390914297,0.3228080296697,0.6948661180965,0.5976737505723,0.6464526512686,0.3295233958557,0.6111518076438,0.4316817478513,0.7026180396613,0.6017161642990,0.5901056890384,0.6911658698824,0.6257321291883,0.6037700026849,0.4806776526369,0.5359512130666,0.2787705840956,0.2218535824968,0.2661064993982,0.5397173711373,-0.3048807194581,-0.1567529348340,-0.0093062977827,0.1538680807955,0.2241831207014,0.2936620854933,-0.0664493047120,-0.2419168607150,-0.2103775160731,0.1993221820530,-0.1903256261536,-0.2397928047746,-0.0021902730898,-0.0572657917544,-0.0921953907491,0.3595056395342,0.2644681417630,-0.2693136057623,-0.2311971003464,-0.4834558870783,0.1957681818973,-0.2773758694533,-0.0042975638954,-0.1073865146784,0.3084223682286,0.0722972373775,-0.3449686520533,0.1547801900289,0.2749339855658,-0.3559655600142,-0.5678491447516,0.1869905290472,-0.1542262136318,-0.1538208006752,-0.2558568519884
0.3706621904811,0.7054269445952,0.4897138889659,1.0000000000000,0.5578753846622,0.2148102530697,0.4247913600948,0.4389210816116,0.4505392517414,0.4161768373473,0.4312246630881,0.3317528264885,0.4669752218140,0.3752810620113,0.4184756179727,0.5621024994502,0.3398358411235,0.4579101235251,0.5243623423006,0.4738735855661,0.3968805274778,0.2837305589564,0.6182958296934,0.3439149720760,0.6275505297804,0.8414685094207,0.4846260567169,0.2138297828761,0.3374084951841,0.4845569749185,0.4107819338167,0.0016605360812,0.1551522176562,0.4899439989469,0.4288083796307,0.0483090013641,0.3778012618312,0.1266179118994,0.6207589796744,0.2593462899695,0.1207159978844,0.1268174837818,0.0783764119638,-0.0019829279751,0.4737650723018,0.1771809672457,-0.0145805510090,0.2751403891769,0.1396347870891,-0.0264627301365,0.3256832074754,0.3053139787535,0.2001455269693,-0.2365913720015,-0.1162473575566,0.3089177748375,-0.1769490587847,0.4160606110709,0.1362075148689,0.6392288962574,0.4100402497468,0.0111753903420,0.5108633721938,0.2716442467856,-0.0981699523277,0.0053269413432,-0.1224356098902,0.0474468242776,0.2210622479977,0.3066077153864
0.4782746331833,0.4250947398857,0.4236070219556,0.5578753846622,1.0000000000000,0.1578488596688,0.4773029864897,0.5352858781522,0.2847824583917,0.3654607504089,0.4853485363131,0.3720122489143,0.7959047372870,0.3468196715047,0.4379534922113,0.4926520741629,0.2885564611030,0.4921062320465,0.4852031276893,0.5833820434884,0.6927279389434,0.5365284485916,0.5122655680056,0.5326717677254,0.5446254722643,0.5516691914130,0.4467145464874,0.0049720600901,0.5644091916331,0.6414661001585,0.5131611099408,0.2247594397664,-0.0019826862516,0.4577237174187,0.4249474686137,0.0451524444622,0.0541233246034,-0.2482545298879,0.1092039210786,0.7510286411336,-0.0026692939512,0.0803170454907,-0.0818290595321,-0.2209587443054,0.2233523432160,0.1590052082449,-0.2037211486125,0.4983577269740,-0.0363102933769,-0.1137769299203,0.3018192024222,0.3048269735732,-0.1002983668561,-0.2807338616765,-0.3249188822597,0.5054739961389,-0.0311838011581,0.1928915608819,0.0618451596975,0.4339687675918,-0.0144451305062,-0.2788029487071,0.0853187848995,0.4422444157402,0.0074606408202,-0.1840212624323,0.1562628484095,0.0162204811000,0.0858081893610,-0.0366648338887
0.3427866455234,0.2392883857638,0.4712319933776,0.2148102530697,0.1578488596688,1.0000000000000,0.5747785222641,0.4463608591888,0.6188997091753,0.1795742241336,0.3859179760754,0.4809101283663,0.2349205773813,0.3223936650753,0.5967513253555,0.5889560639329,0.1990833431551,0.5231636086686,0.4961998141462,0.5449729497608,0.2679296504788,0.5949040182199,0.1529147595210,0.5752996477107,0.3183072478122,0.2675867537201,0.6307946307987,0.3552971179867,0.5778190503058,0.4358983633957,0.5387416763028,0.2443199085786,0.5599300903956,0.3009383270010,0.6312447130064,-0.4593559313645,-0.2088228373060,-0.2235495781755,-0.0028704569625,-0.0836395180177,0.7508589297377,0.2240002658246,-0.5595235855044,0.1388616684030,-0.0977873789398,-0.1177676565641,-0.3288279728912,0.0172112332785,-0.3290449335130,-0.1648468057906,0.5751331886222,0.0181082441022,-0.5094581299174,-0.0486440062561,-0.5896406196522,0.2211180357019,-0.4881477379150,-0.1041483599175,-0.3153589069632,0.0823385990617,-0.1431129422148,-0.4251975861952,-0.1099457635000,0.2226105378210,-0.3398742133789,-0.5046677641814,0.0347508030651,-0.1528453952788,-0.2679296955661,-0.3458234878369
0.3814202109577,0.3068452319671,0.3801401136422,0.4247913600948,0.4773029864897,0.5747785222641,1.0000000000000,0.3482639062632,0.7517942425041,0.1667517202114,0.6726242249152,0.3823041143776,0.6575547695941,0.2969363569990,0.6163279307781,0.7397380393447,0.3474732334011,0.4542354136143,0.5125910050767,0.5340705848925,0.3320501006685,0.5243681293878,0.3413651775523,0.5191196786522,0.3619649926790,0.4079850605008,0.4276241869651,0.1176241879215,0.5637364034872,0.5992177514656,0.4751350689939,0.2197477508110,0.4467133205744,0.3567581497578,0.4427100485545,-0.0616873324378,-0.1484245850023,-0.2588863147033,0.0935736870097,0.2944843656782,0.4126953533818,0.5042535035968,-0.4128689087837,0.1655567907516,0.0071073667242,0.2771235962955,-0.2339765623778,0.3266682045561,-0.1874062075312,-0.1410147918109,0.5647290235719,0.3074866703087,-0.2579645093874,-0.2911692234862,-0.3920078297893,0.1739428502119,-0.2416622183888,0.0125050765799,-0.0321310394949,0.1472570321793,-0.1232059343860,-0.3394507591563,0.0394651104384,0.3775999900434,-0.1811472893695,-0.2651042246042,-0.0240759774763,0.0595294958105,-0.0851688235894,-0.1355740249726
0.5942753688544,0.3174289002753,0.7728045159582,0.4389210816116,0.5352858781522,0.4463608591888,0.3482639062632,1.0000000000000,0.3809765023231,0.4609027896381,0.3349604740122,0.4581951412776,0.3404595541623,0.4697142314544,0.7180613980954,0.5316170472608,0.0780111006407,0.6833181569163,0.5634322015564,0.7295810581367,0.4763836170818,0.6733147991252,0.3332867195839,0.6756375894013,0.6291221467273,0.5499225827425,0.7106700709242,0.3933298021270,0.6328904962122,0.5012486106655,0.6650047599797,0.4488485366694,0.1213935409328,0.2855113160131,0.4763879213768,-0.4621996437668,-0.1790959107860,-0.1487552095899,0.0732213896346,0.2188686038539,0.1767609507199,-0.2545129914814,-0.0751931665441,-0.3117580938904,0.2068029568675,-0.2911801862339,-0.4389108553778,0.0038451553282,-0.2015666361762,-0.1586146105432,0.2926508433480,0.0265726866425,-0.3994895491821,-0.3022784882205,-0.6570690417795,0.3121704213760,-0.4379601134578,-0.1065937267830,-0.3847943420962,0.4402452431035,-0.0381527242306,-0.4820620006175,-0.0602374428827,0.2811161312380,-0.4042471967357,-0.5371990254825,0.4386066250246,-0.2457207972282,-0.2044673165486,-0.4846841937619
0.2704770174093,0.3529565620788,0.3953529618773,0.4505392517414,0.2847824583917,0.6188997091753,0.7517942425041,0.3809765023231,1.0000000000000,0.0327813204499,0.7279189535232,0.3353538424144,0.3674781631201,0.2923213217654,0.6638020849808,0.6467341999522,0.2841630249423,0.4111250716638,0.5660914006778,0.5225777731284,0.1692894919995,0.3947433273571,0.2668140995833,0.4079531919354,0.3169404789903,0.4765917236327,0.4955557326471,0.2728116442014,0.4595602835152,0.4894290144113,0.4290415290214,0.1137113561378,0.3546282324142,0.3354326414215,0.4022323034464,-0.1398321853152,-0.0366800131859,0.0276912412924,0.1742502190525,0.0055292981003,0.4959027937731,0.4027486806591,-0.2613363092013,0.3365989630799,-0.0097686928152,0.2763364923117,-0.1994788048604,0.1083326787065,-0.2311299896645,-0.1804533516954,0.5340097007124,0.2163589769862,-0.1469366968336,-0.3551215462553,-0.4031276680368,0.0826322389575,-0.3655672051422,0.0014557226216,-0.0936745336081,0.1959447746053,-0.0382197597068,-0.1600115762680,0.2693460655031,0.2800373613034,-0.3679498016657,-0.1644725082158,-0.1055034917414,-0.0897496288811,-0.0545061295046,-0.0792096330813
0.3911559936452,0.1983139902953,0.4277119304967,0.4161768373473,0.3654607504089,0.1795742241336,0.1667517202114,0.4609027896381,0.0327813204499,1.0000000000000,0.1210288814167,0.3450629326352,0.2682099637478,0.5955188417625,0.3221737715984,0.4274740416032,0.1169951926466,0.1884798634597,0.1002893406248,0.1605084027658,0.3221693196793,0.2492383341627,0.2846062191732,0.2120349597330,0.7207769735765,0.4599967619955,0.2496952583861,0.2918251832209,0.1778088420879,0.2311474352256,0.0339194106989,0.1661698558880,0.2098420750272,0.2558336265714,0.1858297001150,-0.2547712774431,-0.1327705876336,-0.1061424152960,0.3489282160375,0.3803019404773,0.2179510893180,0.0577415189550,-0.0139602315122,-0.2138951025125,0.7854426767518,-0.1067438994466,-0.0440268821151,0.2345333809043,0.4556885988488,0.1457562678240,0.4207623309033,0.0932076587843,-0.3278778347586,-0.2190858014468,-0.3893748554479,0.2428979129541,-0.0762417298487,0.0840357792303,-0.1948359076426,0.5743581137464,0.2969571044227,-0.3058517613407,0.0488573279987,-0.0459131319425,-0.0066180603669,-0.4715040922317,0.1256451566290,0.1793222050281,0.0672758972596,-0.1477010462824
0.2507349719112,0.2792871003245,0.3334809435835,0.4312246630881,0.4853485363131,0.3859179760754,0.6726242249152,0.3349604740122,0.7279189535232,0.1210288814167,1.0000000000000,0.1805368535861,0.5163928132059,0.2330355987389,0.5726983931285,0.5130632083385,0.3212730105545,0.2978771275397,0.4897036289413,0.4490234973644,0.1984805710270,0.3645395777340,0.2359408156522,0.3292690635153,0.3012995655312,0.4839722431868,0.3770245920495,0.2273815215274,0.4224118069092,0.5643448483864,0.3285104597415,0.0345338418318,0.1794284653223,0.4026357538301,0.3744860462914,0.0395918492420,-0.0535490192001,0.0141968424905,0.1503801799702,0.3317023704743,0.3189435663271,0.4605859021726,-0.1765455941112,0.2985912028487,0.0655987410156,0.5950320474062,-0.2194017862768,0.2920129660360,-0.1358819696103,-0.0223653473109,0.5101018200145,0.3008945189725,-0.1130810779979,-0.3223025505990,-0.3387320393067,0.1027538292342,-0.2309790955350,-0.0031642242012,-0.0227142990941,0.2083102598391,0.0277155098539,-0.1234157514183,0.3267577083393,0.2731485389077,-0.1970541670337,-0.1354583804633,-0.1658424933597,-0.1333683474578,0.1427566359024,0.0334855950083
0.5870284874260,0.3798812046832,0.5379279106670,0.3317528264885,0.3720122489143,0.4809101283663,0.3823041143776,0.4581951412776,0.3353538424144,0.3450629326352,0.1805368535861,1.0000000000000,0.3985317207766,0.6841068948362,0.5872219961430,0.5214624328336,0.2333285695531,0.5111976851290,0.6056226697890,0.5498186012738,0.4517939021150,0.4804609639228,0.3059810020193,0.5451234548271,0.3764014795120,0.4335377551280,0.5837114628504,0.4062069193044,0.4250961256071,0.5379126732983,0.4253012572127,0.1752328719989,0.2155621037128,0.3417065036885,0.5767987771137,-0.3130600066029,-0.0272896872080,-0.3166942727591,0.1020802039039,0.2140911555532,0.3590533105789,-0.0055286706971,-0.4593341578076,-0.1665894035968,0.0527635894640,-0.2277514845144,0.2039411158260,0.1988723409486,0.2257628975501,-0.0677413072118,0.3845441199357,0.1883455224512,-0.3668654777766,0.1183705299155,-0.4217348195692,0.3730385210562,-0.2766693547054,0.0330869763294,-0.1509125947635,0.0935267892475,0.0588917680324,-0.3930292328280,-0.0041790421430,0.1497334845385,-0.0507745699187,-0.4833775203609,0.0989549230834,0.1471060256581,-0.0336596121235,-0.1446639045655
0.3970728993067,0.3334399667130,0.2950774919601,0.4669752218140,0.7959047372870,0.2349205773813,0.6575547695941,0.3404595541623,0.3674781631201,0.2682099637478,0.5163928132059,0.3985317207766,1.0000000000000,0.3007613336043,0.4018954138405,0.5464490888371,0.2789827657787,0.3799923947308,0.4710100362488,0.4807789636422,0.7320535599721,0.4287222794310,0.3970165695978,0.4209673096151,0.4067402238496,0.4232901727385,0.3665837013790,-0.0447658053641,0.4453505164340,0.6424594985572,0.4144899020331,0.1594380996126,0.1536807254845,0.4779277727573,0.4171796399958,0.0337931970315,0.0229521027195,-0.2650804312420,0.0892290189044,0.5782447649307,0.1316582770517,0.2858283162250,-0.1794668156076,-0.0543881225664,0.1307206102924,0.2725103353618,-0.0425352312799,0.7277226522859,-0.0241992613455,-0.1028423258894,0.3996537273433,0.2962793506909,-0.0921737392689,-0.1674581254322,-0.2610298728363,0.6129136261896,-0.0889042324294,0.1362801739128,0.0304988904529,0.2974408888698,-0.0415411552249,-0.2292821154156,0.0859320543400,0.3242868134778,0.0769258164393,-0.1282139731676,0.0242789396337,0.2070738636399,0.1261578509205,0.0320212508418
0.5261944022269,0.3158157391785,0.5320358474709,0.3752810620113,0.3468196715047,0.3223936650753,0.2969363569990,0.4697142314544,0.2923213217654,0.5955188417625,0.2330355987389,0.6841068948362,0.3007613336043,1.0000000000000,0.5905639898353,0.4823861040744,0.2410111143964,0.3573864922563,0.5113859299165,0.4194858517607,0.2485096934005,0.4187412010827,0.3692110170750,0.4487634939279,0.4841934387164,0.5832087732024,0.4150564160324,0.4198949324076,0.3410320915014,0.4328764656783,0.2469453450028,0.2400362971395,0.2066945519513,0.1391460196034,0.3387991015682,-0.2994579098428,-0.1624825421637,-0.2045874450018,0.1929682426469,0.2541555332366,0.2347696371312,-0.0660701604556,-0.2787059753204,-0.1976382516614,0.3633812054554,-0.1327121167030,0.1116934128764,0.0593159070403,0.4369154392319,0.0923617536274,0.3224675638535,0.2599907038676,-0.4126084771074,-0.1763726111713,-0.4539208678568,0.1561378584929,-0.1537115254812,0.0780767872978,-0.1170301385970,0.2424803360158,0.2269530301927,-0.4452186609105,0.0748815807995,0.0950617300178,-0.1140211415272,-0.4973901466138,0.0683849409410,0.1151319562817,-0.1792351233041,-0.2035228180650
0.7307765110000,0.3269373410496,0.6938116635999,0.4184756179727,0.4379534922113,0.5967513253555,0.6163279307781,0.7180613980954,0.6638020849808,0.3221737715984,0.5726983931285,0.5872219961430,0.4018954138405,0.5905639898353,1.0000000000000,0.6690662314505,0.2358914607643,0.6915568577242,0.7642090966727,0.7793905236777,0.3290472005336,0.6759607182207,0.2885561897234,0.6917307642047,0.4307053847241,0.5753911337356,0.6526883403886,0.4754420113960,0.6160886787294,0.7045864611345,0.5748149389703,0.3507724056656,0.2985261727089,0.3830283501941,0.5579335317201,-0.3099342063494,-0.2634255563902,-0.2072274925428,0.0633397699942,0.2068515324521,0.3461555250558,0.0083790319789,-0.3705238865380,-0.1321646948910,0.0555276906629,-0.1046139209848,-0.3289589937124,0.0637510792878,-0.1492663251486,-0.0171287536563,0.4511166255324,0.2190940441341,-0.4282682017427,-0.2741090094246,-0.6370198510530,0.1596837792461,-0.4036657054252,-0.1304272734943,-0.2424164917455,0.1938008430333,-0.0720012431272,-0.5147459919467,0.0237507816812,0.2522730539834,-0.3450050555018,-0.5882345151259,0.2178496008943,-0.1257914483067,-0.1687951946813,-0.3878407358081
0.4682732932449,0.3835421407658,0.5079390914297,0.5621024994502,0.4926520741629,0.5889560639329,0.7397380393447,0.5316170472608,0.6467341999522,0.4274740416032,0.5130632083385,0.5214624328336,0.5464490888371,0.4823861040744,0.6690662314505,1.0000000000000,0.2952126450663,0.4972856346129,0.5256279654268,0.5624230753424,0.3723934485808,0.5365754725770,0.4261024784798,0.5485838997059,0.5574697982774,0.5678415821676,0.5350764402854,0.2855474060985,0.5531193452342,0.6152575723496,0.4719440971390,0.2711209828206,0.5109726729707,0.3938846375096,0.4602710207031,-0.2750867037282,-0.1308425389782,-0.1729525525873,0.2397505636801,0.2863858745089,0.4496740670799,0.2954348532268,-0.3018524702556,0.0422344011163,0.2542116514938,0.0609535124116,-0.1680483496127,0.2355617829474,-0.0026626408165,-0.0639720416067,0.6743050168714,0.2462759446577,-0.3049946824530,-0.3275814594593,-0.4968683389875,0.2248401900126,-0.3208672395900,0.0667328726052,-0.1348964842298,0.3956575564070,0.0303584507917,-0.3820276333521,0.1201225120720,0.3140242494010,-0.2000609338960,-0.4005794326483,0.1082570186163,0.1417479868976,-0.0828298662479,-0.1854318444320
0.2508775784427,0.4091980564383,0.3228080296697,0.3398358411235,0.2885564611030,0.1990833431551,0.3474732334011,0.0780111006407,0.2841630249423,0.1169951926466,0.3212730105545,0.2333285695531,0.2789827657787,0.2410111143964,0.2358914607643,0.2952126450663,1.0000000000000,0.2348573395551,0.1905073509184,0.2111170084403,0.1132528243250,0.4218048704298,0.5840637654158,0.4991676080735,0.4623516077637,0.3095611418073,0.1862324903888,0.1953759533244,0.5302763184275,0.4264797106277,0.3616195493314,-0.0522617437726,0.1452457349522,0.2487591474937,0.3638694559756,0.0989238289244,0.0557273460252,-0.0583246592281,0.1222008664344,0.3427569457020,0.1378970673668,0.2168133587854,-0.3721676069913,0.0023500502996,0.0822985255057,0.1574958953807,-0.0617105562178,0.1130533950351,0.0357847093568,-0.1555680384806,0.2907723512411,0.8969735880464,-0.0354625515340,-0.3145914790755,-0.1199519541905,-0.0184218888385,0.3766403325240,0.5079580184946,0.5939039435677,0.2008012557602,-0.0780263005954,-0.1993856891829,0.1809073991487,0.6154909027203,-0.0231303779533,0.0046391503961,-0.2560009385106,0.0152826569563,0.0412286920619,0.2222783002818
0.6857766715114,0.3759515214053,0.6948661180965,0.4579101235251,0.4921062320465,0.5231636086686,0.4542354136143,0.6833181569163,0.4111250716638,0.1884798634597,0.2978771275397,0.5111976851290,0.3799923947308,0.3573864922563,0.6915568577242,0.4972856346129,0.2348573395551,1.0000000000000,0.7591339626773,0.8765143167958,0.4303628925718,0.7052396820187,0.3462089104098,0.7958964623555,0.3894217996854,0.4565976130870,0.6843470262258,0.2975916443003,0.7011680387382,0.6062756913155,0.7673479273519,0.3154585351673,0.2122869077633,0.3114743753981,0.6502374733223,-0.2024637162346,-0.1409863316371,-0.2759035142400,-0.0572231792734,0.2012076588466,0.2537662005673,-0.1214093813079,-0.3765119449204,-0.2667283325545,-0.0984086048639,-0.2419722872549,-0.3250185871816,0.0483134873429,-0.3306409002845,-0.1579537561398,0.2973774642784,0.1731630097955,-0.2027781456195,-0.0247263262066,-0.3804415209739,0.2710656584086,-0.3001234055616,-0.0681066811858,-0.0703368592027,0.1099482824795,-0.2154585407804,-0.4349269489377,-0.0903265376590,0.3533380346319,-0.3271494912297,-0.4617590568147,0.1621614536922,-0.1974934242383,-0.2336075079890,-0.2841295850260
0.5863500267223,0.4100011088996,0.5976737505723,0.5243623423006,0.4852031276893,0.4961998141462,0.5125910050767,0.5634322015564,0.5660914006778,0.1002893406248,0.4897036289413,0.6056226697890,0.4710100362488,0.5113859299165,0.7642090966727,0.5256279654268,0.1905073509184,0.7591339626773,1.0000000000000,0.8488816509492,0.4050862998114,0.5770220690374,0.3148072955475,0.6389169940465,0.2661285274531,0.5947578262343,0.6769863614992,0.3297439178062,0.5334208441775,0.6293789220623,0.6258714541306,0.1605667745332,0.1722375917252,0.3727979947962,0.5996649784982,-0.1996221433730,-0.0735564725547,-0.2451337425895,-0.0058744952188,0.0997205812998,0.2422678562955,-0.0913883063286,-0.3458846797036,-0.1464345821261,-0.1293317568888,-0.0311150614830,-0.1783819829228,0.1393251128412,-0.2063037770793,-0.1272192411699,0.2390596635196,0.1642776330230,-0.2250671847428,0.0118034136217,-0.4011426937641,0.3274718233361,-0.4308221859217,-0.0611838054233,-0.1479505947816,0.0587042585029,-0.0411141577023,-0.3838367345464,0.0938440695423,0.2199577484361,-0.2580042879868,-0.3570828161803,0.0217903097164,-0.1671842984462,-0.1187727701271,-0.1735455124740
0.6154597431342,0.4198787727889,0.6464526512686,0.4738735855661,0.5833820434884,0.5449729497608,0.5340705848925,0.7295810581367,0.5225777731284,0.1605084027658,0.4490234973644,0.5498186012738,0.4807789636422,0.4194858517607,0.7793905236777,0.5624230753424,0.2111170084403,0.8765143167958,0.8488816509492,1.0000000000000,0.4898452004898,0.7764103925241,0.3535102964015,0.8153195588266,0.3636122951022,0.5677254615891,0.7777566307705,0.2766695631745,0.7329760324784,0.7144661998509,0.8032667906352,0.3696996273206,0.1607735574117,0.4132390937088,0.7024214386176,-0.2398771249156,-0.1255506385744,-0.3640231188403,-0.0524211167008,0.2185045115491,0.2247612103366,-0.1262508032224,-0.4173514234951,-0.2733102676641,-0.1338973554394,-0.1908794454506,-0.4137881811850,0.0862234414785,-0.3703264259848,-0.2275047925316,0.2784717023993,0.1721167462039,-0.3056387507861,-0.1183388737372,-0.4993427489110,0.3242485411282,-0.4060960718486,-0.0710401975642,-0.1710503530358,0.1260743765527,-0.1616610074758,-0.5041533712984,-0.0820156398640,0.3698434635188,-0.3313247556186,-0.4342467346358,0.2645055891920,-0.2324799784699,-0.1707754452001,-0.3110476462043
0.3803483154427,0.4055941725603,0.3295233958557,0.3968805274778,0.6927279389434,0.2679296504788,0.3320501006685,0.4763836170818,0.1692894919995,0.3221693196793,0.1984805710270,0.4517939021150,0.7320535599721,0.2485096934005,0.3290472005336,0.3723934485808,0.1132528243250,0.4303628925718,0.4050862998114,0.4898452004898,1.0000000000000,0.4537522739634,0.2937478385459,0.4420862233125,0.4388375006677,0.3912987624199,0.4729175190050,0.0212306642775,0.4133648105383,0.4930150745028,0.5096315412584,0.2409711911135,0.0089123008510,0.5182813811464,0.5094696898409,-0.2010687440265,0.1489748276091,-0.2828246991657,0.1047887883608,0.3340035687392,0.1225379355911,-0.0452837202353,-0.1358586768061,-0.2480524375356,0.1039206459378,-0.0869910773766,-0.1058303841072,0.5866161973470,-0.1019434875798,-0.2203772618941,0.2709964059655,0.0509496027605,-0.1621800916980,0.0126685805955,-0.3232557007771,0.8812197893040,-0.1880326000325,0.1201183087922,-0.1353156227697,0.3376822438497,0.0217397141098,-0.2639242509104,-0.0763661140205,0.2601015369018,0.0189472173792,-0.1684210642285,0.2436955489889,0.0853347036362,0.1534274791081,-0.0299261904181
0.5745078766515,0.3614488815111,0.6111518076438,0.2837305589564,0.5365284485916,0.5949040182199,0.5243681293878,0.6733147991252,0.3947433273571,0.2492383341627,0.3645395777340,0.4804609639228,0.4287222794310,0.4187412010827,0.6759607182207,0.5365754725770,0.4218048704298,0.7052396820187,0.5770220690374,0.7764103925241,0.4537522739634,1.0000000000000,0.4701470218735,0.9510537187911,0.4847010718342,0.3869181088502,0.6480911218380,0.2378039106266,0.8702573919105,0.7238106438203,0.8213541824420,0.4691092256784,0.2085129752545,0.3791119793147,0.7380942151824,-0.3338188165807,-0.2149979485696,-0.4527596755477,-0.1407192308072,0.3186354090237,0.2850301703077,-0.1208661132485,-0.5858039185776,-0.3653727650342,-0.1081499324825,-0.2761614069733,-0.5794049466081,-0.0154575274570,-0.4358353310965,-0.2806136359795,0.3714544002503,0.3394351767578,-0.5856040850064,-0.2448539071607,-0.6846214214532,0.2240239775359,-0.1010217832704,0.0720471117760,-0.0188150553090,0.1854068476999,-0.3013609716848,-0.7139261422974,-0.2964570371336,0.5312105454689,-0.2999034895087,-0.5178340077942,0.2749955292410,-0.2707156514521,-0.2924821627574,-0.4425626535322
0.3471878237585,0.6515252260564,0.4316817478513,0.6182958296934,0.5122655680056,0.1529147595210,0.3413651775523,0.3332867195839,0.2668140995833,0.2846062191732,0.2359408156522,0.3059810020193,0.3970165695978,0.3692110170750,0.2885561897234,0.4261024784798,0.5840637654158,0.3462089104098,0.3148072955475,0.3535102964015,0.2937478385459,0.4701470218735,1.0000000000000,0.5091349347401,0.6397197672045,0.5353504288980,0.3658973157292,0.0961561105114,0.5087111913164,0.5115103811146,0.4606266199296,0.2383166184137,0.1354853705564,0.3636618044874,0.3872314125923,0.0176281353003,0.3390750567957,-0.1425930194216,0.3808867219575,0.3713952464602,0.0434964683485,0.0832753703986,-0.1830711600440,-0.1604767619821,0.2589722928257,-0.0055521816524,-0.1045478077601,0.1303595484345,0.0435384983706,-0.1803847244170,0.2055475616280,0.5458015798397,0.0225512763408,-0.3754086683811,-0.1319833779613,0.1410590804929,0.2601182605981,0.7728370614151,0.4265065570731,0.5151078364002,0.1289063746661,-0.2359775228181,0.1603629044948,0.5022975886838,0.0022928791201,0.0394976089594,0.0125047291688,0.0408472832119,0.0454184485037,0.1723202175706
0.6146401649799,0.4156106343306,0.7026180396613,0.3439149720760,0.5326717677254,0.5752996477107,0.5191196786522,0.6756375894013,0.4079531919354,0.2120349597330,0.3292690635153,0.5451234548271,0.4209673096151,0.4487634939279,0.6917307642047,0.5485838997059,0.4991676080735,0.7958964623555,0.6389169940465,0.8153195588266,0.4420862233125,0.9510537187911,0.5091349347401,1.0000000000000,0.5009950183349,0.4319286060994,0.6897000925105,0.3477238996907,0.8811096333916,0.7182918797021,0.8470286641811,0.4235860972692,0.2086108879283,0.3545717045360,0.7435462402419,-0.3045431362666,-0.1888777416660,-0.3591933813932,-0.1233901907648,0.3123798023276,0.2818214270440,-0.1227649135327,-0.5760452474053,-0.3670276028705,-0.1312023139034,-0.2949839728455,-0.4840354568160,-0.0117255901516,-0.3853094881628,-0.2966588329482,0.3523826031914,0.4165254538214,-0.4671249625246,-0.2357952986791,-0.6012791894261,0.2197695362117,-0.1021319454752,0.0983093484201,0.0722496328689,0.1513900390748,-0.2934784675544,-0.6498150874364,-0.1914294103606,0.5738885547736,-0.3289547853183,-0.4958107192385,0.2249019086393,-0.2317733042299,-0.2869560476098,-0.3615610523403
0.4225634537842,0.4782456415465,0.6017161642990,0.6275505297804,0.5446254722643,0.3183072478122,0.3619649926790,0.6291221467273,0.3169404789903,0.7207769735765,0.3012995655312,0.3764014795120,0.4067402238496,0.4841934387164,0.4307053847241,0.5574697982774,0.4623516077637,0.3894217996854,0.2661285274531,0.3636122951022,0.4388375006677,0.4847010718342,0.6397197672045,0.5009950183349,1.0000000000000,0.5814880170423,0.5109110509219,0.2947748873771,0.5670610957768,0.4269561906940,0.4224373947524,0.1840722204752,0.2105043731907,0.3776926165506,0.4075696907717,-0.2880136448025,0.0524916082853,-0.0409375050316,0.4170924914928,0.3900325290751,0.2424388746910,0.0969601871515,-0.0840412650109,-0.1640378709367,0.5760022880339,-0.0539991567396,-0.2119657991612,0.2053576740714,0.1363979244057,-0.1031072418305,0.4653889186348,0.3448013292903,-0.2320113171408,-0.4272398272801,-0.4441335302096,0.2808972022231,-0.0468073065362,0.3773273318333,0.0139507758660,0.7814904197677,0.1607474200046,-0.2949013410141,0.1336164592737,0.4232915828246,-0.1797301259627,-0.2966950745324,0.0407353977583,-0.0180339707959,0.0144075311456,-0.0824420900655
0.4774027118984,0.7082466858417,0.5901056890384,0.8414685094207,0.5516691914130,0.2675867537201,0.4079850605008,0.5499225827425,0.4765917236327,0.4599967619955,0.4839722431868,0.4335377551280,0.4232901727385,0.5832087732024,0.5753911337356,0.5678415821676,0.3095611418073,0.4565976130870,0.5947578262343,0.5677254615891,0.3912987624199,0.3869181088502,0.5353504288980,0.4319286060994,0.5814880170423,1.0000000000000,0.6016056200831,0.3734793779923,0.3710766475837,0.5155966536191,0.4309384055394,0.1215165195794,0.0993345159499,0.4335264486340,0.4853232778513,-0.0843671152732,0.2433810349691,0.0142861768702,0.5024640848477,0.2278054633802,0.1210315391823,0.0026925190457,-0.0515672125605,-0.1172407019569,0.4098365357642,0.0855546316153,-0.1169974060175,0.1445574340379,0.1806968607355,-0.0482519369033,0.3001017782297,0.3118896656982,-0.0243238813610,-0.3291999941901,-0.3123807840434,0.2629068526419,-0.2572751130559,0.2648784785606,-0.0087751143629,0.5174816977637,0.4863094795462,-0.1555952498444,0.4476134505132,0.2029002807793,-0.2457935199416,-0.1970717682868,0.0580828080386,-0.0599561772134,0.1370540421469,0.1429330264699
0.4425220972960,0.5673704098754,0.6911658698824,0.4846260567169,0.4467145464874,0.6307946307987,0.4276241869651,0.7106700709242,0.4955557326471,0.2496952583861,0.3770245920495,0.5837114628504,0.3665837013790,0.4150564160324,0.6526883403886,0.5350764402854,0.1862324903888,0.6843470262258,0.6769863614992,0.7777566307705,0.4729175190050,0.6480911218380,0.3658973157292,0.6897000925105,0.5109110509219,0.6016056200831,1.0000000000000,0.4950119068584,0.6200567569748,0.5254007117173,0.7090801182157,0.2593163859423,0.2336571195648,0.4141730930017,0.7277064537505,-0.4402089305240,0.0797408573902,-0.2254167281284,0.1484889943686,0.0530767549624,0.4046766669520,-0.0668673287924,-0.4151486716930,-0.1722329806404,-0.0488302799295,-0.2255428732780,-0.3652275540392,0.0636030792616,-0.2540742288643,-0.2440025063158,0.3672737669201,0.0605657405493,-0.3441790826382,-0.0849172459710,-0.5178561161514,0.3514950792642,-0.5142188988865,0.0364561676167,-0.2801682412365,0.3127438269419,0.0549714501040,-0.3243536830414,0.0847676200106,0.2480188389164,-0.4429240256927,-0.4471304086368,0.1857040083915,-0.2391359797641,-0.1400747061016,-0.2527574231116
0.2831323638410,0.2524543305852,0.6257321291883,0.2138297828761,0.0049720600901,0.3552971179867,0.1176241879215,0.3933298021270,0.2728116442014,0.2918251832209,0.2273815215274,0.4062069193044,-0.0447658053641,0.4198949324076,0.4754420113960,0.2855474060985,0.1953759533244,0.2975916443003,0.3297439178062,0.2766695631745,0.0212306642775,0.2378039106266,0.0961561105114,0.3477238996907,0.2947748873771,0.3734793779923,0.4950119068584,1.0000000000000,0.1816592400787,0.1569847711614,0.1573653226688,0.0094433103906,0.2287486949046,0.1376979870352,0.3218582498595,-0.3312323073261,-0.1028166447306,0.2056266060523,0.2079154568389,-0.0305221737200,0.3657725666770,-0.0293085125566,-0.2418704260343,-0.0395425065803,0.0813515181794,-0.1393332580841,-0.0516741624973,-0.0976033469899,0.1352229771288,-0.0048983972636,0.3083593248270,0.1570485940763,-0.2729459824153,-0.0789592048323,-0.2920911716260,-0.0002370179151,-0.2135384750467,-0.0949889348300,-0.1096589602283,0.0395140181051,0.2083006824329,-0.1503488173047,0.3956296572217,-0.0419637562609,-0.3353927883965,-0.4574214643624,-0.0414192911276,-0.0960331502729,0.0175366042689,-0.0913477585817
0.4772191643466,0.3167976010804,0.6037700026849,0.3374084951841,0.5644091916331,0.5778190503058,0.5637364034872,0.6328904962122,0.4595602835152,0.1778088420879,0.4224118069092,0.4250961256071,0.4453505164340,0.3410320915014,0.6160886787294,0.5531193452342,0.5302763184275,0.7011680387382,0.5334208441775,0.7329760324784,0.4133648105383,0.8702573919105,0.5087111913164,0.8811096333916,0.5670610957768,0.3710766475837,0.6200567569748,0.1816592400787,1.0000000000000,0.6769991705975,0.8383876224299,0.3445458214363,0.2523322062749,0.3076962721048,0.6672905858366,-0.2671552996320,-0.2200682400680,-0.3362080050200,-0.0904785447877,0.3789643245554,0.3012588677617,0.0505621204656,-0.4852388412282,-0.1938060293159,-0.0979384964952,-0.1076259009367,-0.4843639174807,0.0118198612601,-0.4132898048516,-0.3003766548057,0.4268242088188,0.4119583671728,-0.4090916289787,-0.2872078289817,-0.5729215706747,0.1768801499801,-0.1295739633100,0.1367256248907,0.0456407413618,0.2371168004524,-0.3039014273162,-0.5520843616873,-0.2200561153437,0.7847483511090,-0.3018623100478,-0.3565669895703,0.1314328612207,-0.2405937880907,-0.3129104096223,-0.3456522982982
0.5659938600679,0.4208318784454,0.4806776526369,0.4845569749185,0.6414661001585,0.4358983633957,0.5992177514656,0.5012486106655,0.4894290144113,0.2311474352256,0.5643448483864,0.5379126732983,0.6424594985572,0.4328764656783,0.7045864611345,0.6152575723496,0.4264797106277,0.6062756913155,0.6293789220623,0.7144661998509,0.4930150745028,0.7238106438203,0.5115103811146,0.7182918797021,0.4269561906940,0.5155966536191,0.5254007117173,0.1569847711614,0.6769991705975,1.0000000000000,0.6812779917517,0.2385208610897,0.2040474675983,0.6775879655912,0.7061747970819,-0.0332761724020,-0.0350447493954,-0.2659840968259,0.0824243490060,0.4737447042252,0.2252664923736,0.0542234583466,-0.3905565930533,-0.2024114685193,0.0431754359211,0.0138588643352,-0.2423011455331,0.3168206262182,-0.1796236059526,-0.1003082502017,0.4156171425850,0.4155754252645,-0.2579189353618,-0.2189380969944,-0.4554035551993,0.3214497952381,-0.0946882932989,0.2018976383647,0.0933517288656,0.2623672170952,-0.1311182069782,-0.4135762867636,0.0536392590934,0.4654665440927,0.0616717518853,-0.2536467880603,0.0651816254356,0.0708090061413,0.1104834724763,-0.0623855976905
0.4738761279875,0.4626009604880,0.5359512130666,0.4107819338167,0.5131611099408,0.5387416763028,0.4751350689939,0.6650047599797,0.4290415290214,0.0339194106989,0.3285104597415,0.4253012572127,0.4144899020331,0.2469453450028,0.5748149389703,0.4719440971390,0.3616195493314,0.7673479273519,0.6258714541306,0.8032667906352,0.5096315412584,0.8213541824420,0.4606266199296,0.8470286641811,0.4224373947524,0.4309384055394,0.7090801182157,0.1573653226688,0.8383876224299,0.6812779917517,1.0000000000000,0.3266151880903,0.1406361337373,0.3981159816264,0.7220039217501,-0.2565255200344,-0.0272043539710,-0.3421304371426,-0.0749886060839,0.1683039129897,0.1991141897945,-0.1380001370728,-0.3985895481942,-0.2251064273375,-0.2309761151914,-0.1807076567456,-0.4656749619232,0.0158353254807,-0.5069946212863,-0.2910560366325,0.2438144570696,0.2373706932246,-0.2729066837166,-0.1317779113218,-0.4650179781999,0.3233624432739,-0.2424942996891,0.1107802251244,-0.0134846892408,0.1961137978062,-0.2576923282256,-0.4690902237916,-0.1320089051506,0.6244182240598,-0.3142173576833,-0.1941978089425,0.1790041691719,-0.2883664278884,-0.2290791669056,-0.2558585091793
0.4085299504849,0.0793870722147,0.2787705840956,0.0016605360812,0.2247594397664,0.2443199085786,0.2197477508110,0.4488485366694,0.1137113561378,0.1661698558880,0.0345338418318,0.1752328719989,0.1594380996126,0.2400362971395,0.3507724056656,0.2711209828206,-0.0522617437726,0.3154585351673,0.1605667745332,0.3696996273206,0.2409711911135,0.4691092256784,0.2383166184137,0.4235860972692,0.1840722204752,0.1215165195794,0.2593163859423,0.0094433103906,0.3445458214363,0.2385208610897,0.3266151880903,1.0000000000000,0.1446556684800,-0.0091690992143,0.1870914533568,-0.2279812933741,-0.1599219306233,-0.3630343467000,-0.0953608584716,0.0687896090946,0.0566681915964,-0.1046839597381,-0.1719476625419,-0.2598092899752,-0.0254999657045,-0.2643822927274,-0.3451234593271,-0.0975017591333,-0.2750111605549,-0.0529755028425,0.0695389472439,-0.0534724745027,-0.2958828287909,-0.2035331527934,-0.3153698803143,0.0896268850038,-0.1117680629473,0.0002915699782,-0.1681910048571,0.1230995371922,-0.1490130862565,-0.4305222444898,-0.3395044109973,0.1658819879635,-0.1138092164166,-0.3115055186192,0.7185293099889,-0.0297221716936,-0.3219583417748,-0.4368594595931
0.1506153178879,0.1194067338469,0.2218535824968,0.1551522176562,-0.0019826862516,0.5599300903956,0.4467133205744,0.1213935409328,0.3546282324142,0.2098420750272,0.1794284653223,0.2155621037128,0.1536807254845,0.2066945519513,0.2985261727089,0.5109726729707,0.1452457349522,0.2122869077633,0.1722375917252,0.1607735574117,0.0089123008510,0.2085129752545,0.1354853705564,0.2086108879283,0.2105043731907,0.0993345159499,0.2336571195648,0.2287486949046,0.2523322062749,0.2040474675983,0.1406361337373,0.1446556684800,1.0000000000000,0.1048528342381,0.2642880604837,-0.2383715309718,-0.1073259997782,-0.0886889737424,0.1254486640116,-0.0015924986377,0.5993598304876,0.3304392605762,-0.2734936542834,0.1607532130342,0.0619577215251,-0.0024161262675,-0.0899385281087,0.1133928323517,0.0124035302681,0.0146881757687,0.5116929972866,0.0415921012831,-0.1891570978691,-0.0670508614468,-0.1910342215498,0.0081557647761,-0.2111039603192,0.0084733609100,-0.0742757584215,0.0968447345162,-0.0088452187993,-0.1594186670581,0.0228522933848,0.1143553518943,-0.1015927867974,-0.2703830317143,-0.0033703480264,0.3004079548020,-0.1687943306591,-0.1161242108747
0.3012621250012,0.4705693100470,0.2661064993982,0.4899439989469,0.4577237174187,0.3009383270010,0.3567581497578,0.2855113160131,0.3354326414215,0.2558336265714,0.4026357538301,0.3417065036885,0.4779277727573,0.1391460196034,0.3830283501941,0.3938846375096,0.2487591474937,0.3114743753981,0.3727979947962,0.4132390937088,0.5182813811464,0.3791119793147,0.3636618044874,0.3545717045360,0.3776926165506,0.4335264486340,0.4141730930017,0.1376979870352,0.3076962721048,0.6775879655912,0.3981159816264,-0.0091690992143,0.1048528342381,1.0000000000000,0.6192408613660,0.0338197147007,0.2846499185404,-0.0570160825262,0.3200790871996,0.2648739930714,0.1864899034141,0.1416200671132,-0.1804032063987,-0.0486810167354,0.1586850858125,0.0886106798614,-0.1289175852344,0.4523690859712,-0.1020761619995,-0.0811337127803,0.3324915737890,0.1797815662549,-0.0499390465499,-0.0477266702881,-0.2315634684259,0.4812624899553,-0.0618456096918,0.2543141263245,0.0552807151277,0.3482458406490,0.1179086649241,-0.1162996227790,0.1794842408875,0.1764477164598,0.2691748835675,-0.0032509995675,-0.0927047376635,-0.0038509125515,0.6220016999378,0.2631266067651
0.4124124774960,0.5443296361297,0.5397173711373,0.4288083796307,0.4249474686137,0.6312447130064,0.4427100485545,0.4763879213768,0.4022323034464,0.1858297001150,0.3744860462914,0.5767987771137,0.4171796399958,0.3387991015682,0.5579335317201,0.4602710207031,0.3638694559756,0.6502374733223,0.5996649784982,0.7024214386176,0.5094696898409,0.7380942151824,0.3872314125923,0.7435462402419,0.4075696907717,0.4853232778513,0.7277064537505,0.3218582498595,0.6672905858366,0.7061747970819,0.7220039217501,0.1870914533568,0.2642880604837,0.6192408613660,1.0000000000000,-0.2492112992450,0.1368060616103,-0.2655455806098,0.1664513938520,0.1735800552299,0.4303645302580,-0.0047893270649,-0.5530957480006,-0.1981874002190,-0.0883163191626,-0.2072643021020,-0.3053806221488,0.1390943224988,-0.2966549032041,-0.2667729738251,0.4296696741739,0.2446923642824,-0.3105753779099,0.0468923904302,-0.4282258778726,0.3770919484976,-0.2187952643508,0.1658216225711,0.0083385391138,0.1881907239393,0.0026140676874,-0.3786768470902,-0.0425508617478,0.3664701773747,-0.1654522045322,-0.3303578715213,-0.0037087697617,-0.1612596629700,0.0565479451612,0.0266780003521
