1.0000000000000,0.1291644201367,0.3548913717774,0.6075456458788,0.3380266532755,0.2189093408591,0.3044751564506,0.5921746356241,0.4746301783379,0.4146935960422,0.2466448916962,0.4207632267014,0.3431763525850,0.4037061357301,0.6621387579351,0.5442362923638,0.4041738633481,0.6123807317124,0.2681862730614,0.6039384043685,0.3076907556420,0.4333138807777,0.4708126719921,0.3630965997502,0.5182407455219,0.5534716173231,0.5169790729310,0.3420795911932,0.4597209794275,0.7239067493078,0.6870269164774,0.2178118510598,0.1260896963148,0.5859973275865,0.6015197359574,0.4537932789931,0.0860711182467,-0.1205996108438,0.4908646605786,0.2999688559577,0.2366374605120,0.0411291435375,0.2196458738184,0.2134686918601,0.3106704003651,-0.1304910290659,0.1945708062830,0.1807088645942,0.1860985175841,0.3967306799942,0.3915634463777,0.2461044948143,0.1773091823424,-0.0096857748353,0.0817602008124,0.1097055365183,-0.0242134792030,0.1561245595495,-0.0605136075856,0.4771390343460,0.3706997641684,0.1243096034754,0.2501876199253,0.3667626081981,0.1231895874939,-0.0744043244044,0.2555178702706,0.1398242412476,0.2465885446828,0.4180526244031
0.1291644201367,1.0000000000000,0.4292740399688,0.5059064817398,0.1950332061236,0.0259659341674,-0.1120381996393,0.0512391206475,0.1153841639898,0.0416120114132,0.4496137302451,0.2548994032289,0.3497384451767,0.0430257602439,0.2761719479885,0.0892824172011,0.0782633039420,0.2295955776539,-0.0062799993596,0.0326651751954,0.3610001245463,0.4933276688525,0.4664006370938,0.4885848875026,-0.0759275532926,0.2613932527569,0.4710123785688,0.5530289921594,0.1432943124671,0.3200557931489,0.4071092159385,-0.2134400665479,0.0149831406795,0.5176641440876,0.4649240713705,-0.2248382747138,0.6960212641470,0.1484784103482,0.5486977024426,0.2359067732203,0.0294113209030,-0.3865382927964,-0.3165243323392,-0.1960736395709,-0.0957219120086,-0.0128647909721,0.0414210938784,0.2741003817589,-0.2145872149505,-0.1145752092184,0.1011123247359,0.1388171607959,0.2060540610453,-0.3094822139541,-0.1055941864623,0.4544476298643,0.0233027266812,0.3437320971392,0.2125410820062,0.1222134586892,0.2078111549736,0.1702722433221,0.4800156867336,0.1615373968374,-0.2064248010580,-0.1757285455551,-0.3584267755880,0.0124435104868,0.3517124791014,0.4621192250880
0.3548913717774,0.4292740399688,1.0000000000000,0.6112560279553,0.2782939604532,0.0319801319738,-0.3049222670466,0.3108583340157,0.0966043789810,0.3923299855709,0.1745160641996,0.3242388754986,0.2642019304295,0.1915188300404,0.3675689073877,0.0508580468329,0.2643641527682,0.5123199837808,0.1330929603297,0.2253064249241,0.4235380768007,0.4606147733712,0.5570433357912,0.5820683358829,0.2132929076618,0.3038019953546,0.6438982465028,0.8018414037445,0.2297664918885,0.3516539379324,0.4649948193993,-0.2289781237520,-0.0152661266889,0.3765740321641,0.3881544049432,-0.3084572311936,0.4287778535879,0.5080169054552,0.6668443789070,0.1820735175734,0.0376518977508,-0.5089040787746,-0.1955984656864,-0.2301121414277,0.2342442204903,-0.2815166897891,0.1870853180027,0.1594060485932,-0.0924787642874,0.1114227664982,0.0780542112999,0.1951225479793,0.1732057927268,-0.1286558904102,0.0404158722435,0.4622838969093,-0.0172242835139,0.3745155082034,0.1856217582422,0.3838114018289,0.2497929858341,0.3045850249349,0.7497135863111,0.2268771987369,-0.3591719733253,-0.3773434484507,-0.3992477127120,0.0144041961414,-0.0124412095097,0.3127232516234
0.6075456458788,0.5059064817398,0.6112560279553,1.0000000000000,0.3180540360019,0.2207598922470,0.0924902193440,0.6446563114353,0.4340495987322,0.5218963528326,0.2473873544608,0.5127082656551,0.2700506170151,0.4416226251089,0.6254117991338,0.5475014749685,0.1809944755478,0.6705756297600,0.3967266548574,0.6334143780543,0.3876493730228,0.3961052268109,0.6357079495064,0.3261750126793,0.4240369296389,0.7832457476166,0.7842212327566,0.6919592675750,0.2580844002955,0.6918763541716,0.7190006785260,0.2289131660395,0.1308683416813,0.7450012339626,0.7344846786265,-0.0392206056152,0.4962280368749,-0.0104837682070,0.8258534986269,0.2036973822605,0.2608469982334,-0.2011026990927,0.1736868918037,0.0827599226174,0.2945734473716,-0.3492498240018,0.3477211933882,0.0679549709988,0.3114612035654,0.3384953190767,0.2652323849352,0.0674298889208,0.1333238869495,0.0294102929370,0.0238301340713,0.2491898028392,-0.2631245041818,0.3240867135900,-0.1930589989644,0.5372724918510,0.6860747936105,0.3453158812010,0.5673203886050,0.2436603444999,-0.1672488490216,-0.4182850840350,0.1390264680224,0.1246932295511,0.3421386003570,0.6194743682051
0.3380266532755,0.1950332061236,0.2782939604532,0.3180540360019,1.0000000000000,0.0112270669635,0.3037458497009,0.4309647238096,0.3071305583265,0.4839134489555,0.3507853700084,0.1174230849918,0.6438003759732,0.2534948006899,0.3489448327969,0.3555232371601,0.2580485120123,0.2428970600399,0.0456889833557,0.1405888812821,0.7705162290392,0.3738313285650,0.3422561163958,0.2434462714642,0.6291239916981,0.2024708816140,0.2794701175929,0.2547251259951,0.5026116774915,0.4153722102540,0.3980521317750,0.2045186736646,-0.0523983455521,0.3208766914730,0.1798711696363,0.1050094353537,0.0986722025391,-0.0281069866123,0.2815841037706,0.7435088520108,0.1131394196448,0.0585929163521,0.1756002689550,0.1017350687977,0.3948821041763,0.1588456602706,-0.0348004728432,0.6916357793281,0.0000815133048,0.2051550047640,0.3270749422701,0.1513127379782,-0.0321897461770,-0.1073552190090,-0.1830620986972,0.5976017552220,0.1384225070992,0.1613662964004,0.0125352420772,0.6368490046845,0.1121907719287,-0.1398474081775,0.1400802538793,0.4312873066601,-0.0212127915271,-0.0656890658244,0.0401823648685,0.0230505818020,0.0167460930939,0.0679296359683
0.2189093408591,0.0259659341674,0.0319801319738,0.2207598922470,0.0112270669635,1.0000000000000,0.2929578221102,0.2254637149918,0.5532963651665,0.1329582739217,0.0436132075707,0.3204703977758,0.0726242537982,0.2448656922273,0.4295420650504,0.4966778919345,-0.0197586110318,0.2582489637558,0.4035410925838,0.2954627736224,-0.1216375535848,0.0757378036851,0.0132734830433,-0.0393444166586,0.1669639781704,0.3379595670583,0.2728006813801,0.1105907600506,0.1285717475476,0.3531228615223,0.2186950126105,0.0585919855354,0.7981595535399,0.2505701054554,0.2253791851736,-0.0549275192056,-0.1209358446036,-0.3252712093576,0.0494414374922,0.0429064534106,0.7004985792283,0.0702121876351,-0.0232317166055,0.5216703797953,0.1394749413086,-0.2149297409048,0.2206635248296,-0.0237837076980,0.2882991962603,0.4444813004536,0.5440657968640,-0.1248950663487,-0.1175477902291,0.1430342485702,-0.1736608656980,-0.1247959909189,-0.2566143438416,-0.2143244285692,-0.2185096561833,0.1651727429052,0.2275867145955,0.0388335939410,0.0067937881058,0.1000204808146,0.0859780844937,-0.2805220277392,0.1813345699413,0.8097863078085,0.1372731452995,0.2599836918962
0.3044751564506,-0.1120381996393,-0.3049222670466,0.0924902193440,0.3037458497009,0.2929578221102,1.0000000000000,0.4151657599790,0.5955554163873,0.1571554670549,0.2034536550343,-0.0093149340430,0.4923930068284,0.1662515071111,0.3084359339919,0.4636298559995,-0.1849731191899,0.0020576220625,0.0402440530626,0.2615060747958,0.1431803457242,-0.2039823894281,-0.2483740089116,-0.3842865523734,0.3594393088305,0.2583046735466,0.0219478116716,-0.2773800851095,0.0432667198094,0.3260637428309,0.1878213198168,0.4783805319547,0.2156307527813,0.0435117063897,0.0025506033694,0.3296186896587,-0.1748718388769,-0.4010144450265,-0.0582670899973,0.1759963055441,0.2772931196805,0.8032675267825,0.3626695588065,0.4470745477069,0.1730624131461,0.2936618093233,0.0335921838637,0.3987921725935,0.1684386408398,0.2311340239537,0.4144580045047,-0.2280941705259,-0.1034121727952,0.1326754691545,-0.1628145261843,-0.1673458276229,-0.3290005448722,-0.3177472575385,-0.5141825771613,0.2850249904371,0.2070784711086,-0.2586208312221,-0.3665600983757,-0.1050557948599,0.1172885542788,-0.1326902260772,0.4054814339998,0.2605041447531,-0.0879888468578,-0.0967501338615
0.5921746356241,0.0512391206475,0.3108583340157,0.6446563114353,0.4309647238096,0.2254637149918,0.4151657599790,1.0000000000000,0.4936793705717,0.5601085575688,0.0772032721021,0.3912301060624,0.2862779964143,0.5107519116158,0.5613054227703,0.6326164832757,0.0748132390740,0.5678803936871,0.3910472445421,0.6549074546109,0.2742172209424,0.1840866240366,0.2486782668404,-0.0137443967847,0.7122778278560,0.7343198205442,0.5918155836891,0.3457145687184,0.3300785412972,0.6582006045601,0.6933313413348,0.5805830531997,0.1073300337018,0.4584226303624,0.4287964553161,0.1098798515197,0.1913685404448,-0.2855703215221,0.4238111591660,0.2526939170973,0.2861189159936,0.1842422380180,0.6216912936996,0.2704018935348,0.4578210332781,-0.3136755166035,0.1876417135992,0.1003199818791,0.4615805219495,0.3885777892184,0.3977899246881,-0.0672446726432,0.0454873356920,0.1067812786179,-0.1540231206632,-0.0475268531114,-0.3213998284309,-0.0461081940724,-0.4361012289857,0.6535346663932,0.6011992038746,0.1295715031320,0.2001582116437,0.2147791728479,-0.0557320471150,-0.3485847173774,0.5369420060315,0.1761451094852,0.0751097619922,0.2510634100545
0.4746301783379,0.1153841639898,0.0966043789810,0.4340495987322,0.3071305583265,0.5532963651665,0.5955554163873,0.4936793705717,1.0000000000000,0.2625517831648,0.3134771445377,0.3136838424725,0.3429310109321,0.3601901714441,0.7170297835671,0.6447081747821,0.0266887743517,0.2398281021875,0.3180737270984,0.4219474185245,0.1389906427926,0.1450158400570,0.1363627958393,-0.0477149769140,0.4312888048348,0.4719551059281,0.4346664216934,0.2061184022681,0.3309936968084,0.6066789076919,0.4422482001486,0.3688307373508,0.2971701740338,0.4870165745017,0.2951723579994,0.0744829005682,-0.0929856100234,-0.2929410927291,0.2478421987869,0.2049107027235,0.5483881206105,0.2605058940365,0.1437122380834,0.6391436662189,0.1644573387620,0.0628535355913,0.1585710294418,0.2589195008606,0.1802831601351,0.5549811400111,0.4657131921058,-0.1324231082077,-0.2585346356472,0.0612928677306,-0.2926190200850,-0.0239226499861,-0.2922133184519,-0.1433830950058,-0.3787432798304,0.4490703943793,0.2932150447903,-0.0797156932389,0.1169032744504,0.2623668748059,-0.0557744930663,-0.3876574879361,0.2761102313278,0.3847509850214,0.1447715371339,0.1393292146104
0.4146935960422,0.0416120114132,0.3923299855709,0.5218963528326,0.4839134489555,0.1329582739217,0.1571554670549,0.5601085575688,0.2625517831648,1.0000000000000,0.0374249292346,0.1560201060570,0.2225549487855,0.3377879674706,0.4209975970423,0.4860124237354,0.1051828726652,0.2192951676223,0.1243532204473,0.2096562075996,0.4078015603035,0.1219870011926,0.3823327232804,0.0098141166588,0.7309863114262,0.4117053930976,0.3355574721170,0.3719823470620,0.1623539813609,0.3924329961313,0.3375240654772,0.2267938936501,0.1455737264622,0.3337024156149,0.3025146672630,-0.1211692720803,0.1407078520171,0.0301526655943,0.4772069017426,0.3071934677824,0.2017443758042,0.0049034563636,0.2954179015106,0.0862452055793,0.8245391945807,-0.2400999164289,0.1526482258081,0.1907658677395,0.2859068892550,0.3241938253070,0.3301419616031,-0.0188299666205,-0.2050362473534,0.0104248206955,-0.1707226595728,0.2667323250920,-0.1323906897529,0.2400183337605,-0.2752717709754,0.7704978179643,0.4058049530337,-0.0486368113646,0.2796808284000,0.1266732717763,-0.0785879667190,-0.2958940005691,0.1383455629620,0.1656742720436,0.0573731797569,0.1818327488918
0.2466448916962,0.4496137302451,0.1745160641996,0.2473873544608,0.3507853700084,0.0436132075707,0.2034536550343,0.0772032721021,0.3134771445377,0.0374249292346,1.0000000000000,-0.0055207378381,0.6316749274042,-0.0043916810415,0.4309223205850,0.1743749635613,0.1980453826348,0.1874611667474,-0.1465427938173,0.0752191104648,0.4431232935958,0.5633196980163,0.2617124549742,0.4249977328653,0.0135295034418,0.0924630770859,0.3554143717643,0.2251299419374,0.4906151010760,0.3507077561600,0.3579988475020,0.0233461100447,-0.0412420579683,0.3881181246338,0.1831671725175,-0.0227982461633,0.1146222340444,-0.1439448334421,0.1890137256991,0.4315197406071,0.0864881386873,-0.1765287159639,-0.3330484725212,0.0592873463405,-0.1128747698469,0.4257636506373,-0.2933569331701,0.5868816746650,-0.2603984659631,0.1222032597350,0.2446872786726,0.2127227943177,0.1176898972338,-0.3434699341729,-0.0670822704041,0.4099657767379,0.1333106747587,0.0444536748529,0.1628766284187,0.0978659897329,-0.0985026620735,0.0029491387266,0.1795876273102,0.4838090778657,-0.1775279469135,-0.1400861651106,-0.1380687170209,-0.0155261895554,0.1676666897612,0.1239230943652
0.4207632267014,0.2548994032289,0.3242388754986,0.5127082656551,0.1174230849918,0.3204703977758,-0.0093149340430,0.3912301060624,0.3136838424725,0.1560201060570,-0.0055207378381,1.0000000000000,0.0997189296370,0.7757945824798,0.4640556854697,0.3092672690125,0.1161435199292,0.5005927142421,0.7933478402885,0.5577813669909,0.0552845397507,0.2576677486862,0.3058407381260,0.2134557468098,0.2721212877561,0.6176947223738,0.5781206808254,0.4721748048572,0.2601034964143,0.5216244494551,0.4801913319366,0.0924402130052,0.2430811845389,0.4356984320018,0.4784855422483,0.0297564955478,0.2130056543377,-0.1784718432847,0.3910895891621,0.0339575956442,0.2679731942192,-0.1701126158421,0.1166935769275,0.2615810614660,0.1254942849522,-0.3395282789551,0.6693841941149,-0.1056753137865,0.4166468467288,0.2276727072010,0.2254150678644,0.0288142884980,0.0594455444084,0.3887403605679,-0.1620923237590,-0.0032895270128,-0.1174187157239,0.0397060371143,-0.0141196679568,0.2121317370099,0.4594324868395,0.3193856940944,0.4296990577379,0.1920022605896,-0.0124100370184,-0.2009213721060,0.2439571323028,0.2009474268522,0.1244905730374,0.3410976077275
0.3431763525850,0.3497384451767,0.2642019304295,0.2700506170151,0.6438003759732,0.0726242537982,0.4923930068284,0.2862779964143,0.3429310109321,0.2225549487855,0.6316749274042,0.0997189296370,1.0000000000000,0.1567449226559,0.4223054338542,0.2454575894270,0.0288046511218,0.2267994471757,-0.0887870083494,0.1102545759886,0.6702233414384,0.3592873892027,0.0965203086721,0.2492020297922,0.2301585665471,0.1335371430666,0.3006984714099,0.2127651977542,0.3233522890593,0.4131178939172,0.3735051946784,0.0406863107207,-0.0201173201268,0.2601802274302,0.0873821500239,0.0586025591516,0.1502788173734,-0.0088218115057,0.2669886417707,0.5329708787594,0.0744281887460,0.1239684297478,-0.1050763569314,0.0183341482007,0.1797987818036,0.2983978113293,-0.0982453002292,0.8638402190056,-0.1718775030615,0.1107335264190,0.4327220323215,0.0388982001201,0.1634374716374,-0.1469938587434,-0.1141113902752,0.5189340741268,-0.0524045537973,-0.0553912253756,-0.0249722666677,0.3407842619392,0.0340131389331,-0.0690194174411,0.1676715457808,0.2214078965534,-0.1557379407346,-0.2538811231701,-0.0966467663222,0.0488827996396,-0.0408542650214,0.0287487150040
0.4037061357301,0.0430257602439,0.1915188300404,0.4416226251089,0.2534948006899,0.2448656922273,0.1662515071111,0.5107519116158,0.3601901714441,0.3377879674706,-0.0043916810415,0.7757945824798,0.1567449226559,1.0000000000000,0.4806950335389,0.3709654831844,0.1365364619634,0.4092743792771,0.7061543374490,0.5178568826938,0.0957152161273,0.1624554068473,0.2139187585330,0.0329210934385,0.4256108162568,0.6152696189972,0.4502615581625,0.3544481505107,0.2393386630243,0.4893608072208,0.3889880477459,0.4095119675582,0.1747856260441,0.3445432512442,0.2605053023925,0.1011431676695,0.0816237499726,-0.2768001693242,0.2422639240103,0.0699419636259,0.2185836369118,0.0498747980437,0.2798310771624,0.3264427426337,0.2822895749777,-0.2401584779547,0.5633272751088,-0.0126677100176,0.5390800222048,0.2949553923472,0.2233718520510,0.0423973544211,-0.0723062214348,0.4603039963158,-0.2533112729810,-0.0536247209063,-0.1070381365279,0.0027325308947,-0.1554182031353,0.3270267116378,0.4567256179817,0.1403921309928,0.2897112584293,0.1412541304247,0.0689116754585,-0.2302817052318,0.4182654558437,0.1674344452859,0.1153053288199,0.1577256886054
0.6621387579351,0.2761719479885,0.3675689073877,0.6254117991338,0.3489448327969,0.4295420650504,0.3084359339919,0.5613054227703,0.7170297835671,0.4209975970423,0.4309223205850,0.4640556854697,0.4223054338542,0.4806950335389,1.0000000000000,0.6487624036892,0.1079897577653,0.5288536124898,0.4514287169512,0.6165241692625,0.2527351349217,0.4347567560923,0.3052377618718,0.2241368669364,0.4258730857079,0.6516727140361,0.7036468188909,0.5158191270164,0.4175080006863,0.8497047243128,0.6275690199434,0.2742544652377,0.2621355380438,0.6486327280494,0.4892001276623,0.0373237824723,0.0711398477435,-0.2597583814525,0.4516793646630,0.2364936387963,0.5188411625822,-0.0782875608067,0.0323648495498,0.3674707987110,0.2052079949703,-0.2358157073806,0.1460445342581,0.2122627259868,0.2839271066865,0.5722633847740,0.4657602056505,-0.0179984405680,-0.0135441727667,0.1064915228694,-0.0957331214083,0.0491314971578,-0.2257028067951,-0.0419661295582,-0.2551347414944,0.4439527926768,0.4273521305731,0.1291361869338,0.3613911434858,0.3272120975224,-0.0793463004337,-0.4298672797194,0.2361422320216,0.3060986165720,0.1775694373014,0.2733221359518
0.5442362923638,0.0892824172011,0.0508580468329,0.5475014749685,0.3555232371601,0.4966778919345,0.4636298559995,0.6326164832757,0.6447081747821,0.4860124237354,0.1743749635613,0.3092672690125,0.2454575894270,0.3709654831844,0.6487624036892,1.0000000000000,0.0860412460597,0.4203954760532,0.3138849159548,0.5283033305899,0.2409091690190,0.1691033728216,0.2244106636437,-0.0679221516429,0.5362469076347,0.5931496482287,0.4066956587539,0.1985981354465,0.2316234335951,0.6446531783274,0.4752608594499,0.4308680155470,0.3597344348640,0.5935041096783,0.5348385153206,0.1745201012482,0.0133894142320,-0.3784032809098,0.3859683485863,0.2404349725453,0.5791164548276,0.2081137883668,0.3656980130721,0.4898944175712,0.3620539003913,-0.2191384961728,0.2280854801654,0.1195310325560,0.3933724186720,0.5079492553366,0.6478116703683,-0.0373724019660,-0.1008421063249,0.0771962184880,-0.0846007868785,-0.0072283163572,-0.2997662546244,-0.0275245921405,-0.4129463438962,0.5034363336221,0.4885622703071,-0.0041926795638,0.0532924820452,0.2062388362894,0.1594736346432,-0.2786802693256,0.4170648710303,0.4116254595733,0.3182341143406,0.4145468891619
0.4041738633481,0.0782633039420,0.2643641527682,0.1809944755478,0.2580485120123,-0.0197586110318,-0.1849731191899,0.0748132390740,0.0266887743517,0.1051828726652,0.1980453826348,0.1161435199292,0.0288046511218,0.1365364619634,0.1079897577653,0.0860412460597,1.0000000000000,0.3800948342936,-0.0069622614845,0.1481447226394,0.2221282221035,0.6434644960869,0.5757386304511,0.7063930610821,0.2051437679741,0.0975743303172,0.1473869037973,0.2099091799612,0.6141110710162,0.2161328736765,0.3397665277603,-0.1014352974571,0.0313751902933,0.3138347744751,0.3094186926759,0.2876006087150,0.0279774360675,0.0856206055461,0.1607603826924,0.4068887534219,-0.0685715377972,-0.2463475852309,-0.0799811101417,-0.0906019872800,0.0445975625427,0.1120633046580,-0.0667464925255,0.1223965307457,-0.0668307112874,0.0086472653391,-0.0022909525847,0.8903016382382,0.1492167146556,-0.2432848857200,0.0848196387067,0.2623461492252,0.5584375697353,0.4113417316536,0.5342340080758,0.1838432855555,0.0133043494693,0.0040589271228,0.1915680649026,0.6174317770693,0.1346008014035,0.2450926521043,-0.0479903451099,-0.0212868871143,0.1638505422415,0.2706097937381
0.6123807317124,0.2295955776539,0.5123199837808,0.6705756297600,0.2428970600399,0.2582489637558,0.0020576220625,0.5678803936871,0.2398281021875,0.2192951676223,0.1874611667474,0.5005927142421,0.2267994471757,0.4092743792771,0.5288536124898,0.4203954760532,0.3800948342936,1.0000000000000,0.4935004670623,0.8013323021908,0.2792765777313,0.4791618752432,0.4736884887030,0.4728873021701,0.2924204150586,0.6462291504850,0.7075533660984,0.4876813259170,0.4130903120964,0.6153274488728,0.6606597791923,0.1712690679717,0.1961198753184,0.5430511557935,0.6223890675923,0.1575128292331,0.2737248922720,-0.1388364911783,0.4639302293120,0.1821784685581,0.1872918171796,-0.2478450888615,0.1232672870432,-0.0170617073621,0.0844901606457,-0.3878705779888,0.2206370518504,0.0126087288905,0.3013331136383,0.2494452466440,0.2214322691698,0.2772468796663,0.4606481088765,0.0408504449595,0.2404920663139,0.1240493950777,-0.0349580542681,0.1107748715129,0.0935100851417,0.2557641139607,0.4652571186863,0.4252999117380,0.3585522863013,0.3329557528755,-0.0163042618420,-0.2037692325230,0.2988974963862,0.1592109212339,0.1664587360511,0.5413121020918
0.2681862730614,-0.0062799993596,0.1330929603297,0.3967266548574,0.0456889833557,0.4035410925838,0.0402440530626,0.3910472445421,0.3180737270984,0.1243532204473,-0.1465427938173,0.7933478402885,-0.0887870083494,0.7061543374490,0.4514287169512,0.3138849159548,-0.0069622614845,0.4935004670623,1.0000000000000,0.6797121758244,-0.1348509308021,0.0654734831327,0.1251633936477,-0.0123586646647,0.2846917474761,0.6679629326326,0.5612516105620,0.3524498308902,0.2295922650516,0.4548768829870,0.3586170410198,0.2764651273625,0.3534714788140,0.2819849128186,0.3037027762446,-0.0245173545493,-0.0043561808173,-0.4327303981676,0.1327120432405,-0.0774983156177,0.3442295724334,-0.1037358471551,0.1598042999779,0.3033498299696,0.0828672865596,-0.4653605493204,0.5911219183871,-0.2739545833195,0.6615874174746,0.3128231248849,0.1387049109292,-0.1302683113138,-0.0239037720151,0.5716164417779,-0.1170630584339,-0.2242640718320,-0.1909537613721,-0.1748470800412,-0.1662770165615,0.1493933226231,0.4891799657491,0.3344569056881,0.2290013077642,0.1439373580312,0.0066727934862,-0.2594576969713,0.4845080672208,0.2964415598843,0.0000075283465,0.1903976682461
0.6039384043685,0.0326651751954,0.2253064249241,0.6334143780543,0.1405888812821,0.2954627736224,0.2615060747958,0.6549074546109,0.4219474185245,0.2096562075996,0.0752191104648,0.5577813669909,0.1102545759886,0.5178568826938,0.6165241692625,0.5283033305899,0.1481447226394,0.8013323021908,0.6797121758244,1.0000000000000,0.0670645880704,0.2052674273753,0.2564195784822,0.1060230569102,0.3739635299080,0.8107588339196,0.6907837271676,0.3349744382040,0.3266041322694,0.6955910936578,0.6286728384851,0.4660432640516,0.2110222873619,0.4900816399582,0.5629829936501,0.2182182106308,0.1050324642825,-0.4158555523720,0.3521488668054,0.0026205298850,0.3318069891796,0.0483198033979,0.3316212087304,0.2519555249875,0.0691079437789,-0.3640754718560,0.3574384480834,-0.1376538792752,0.5613724021555,0.4035641113705,0.2118724119061,0.0213090287867,0.2670050331466,0.3458529202391,0.2227697890007,-0.2065704021115,-0.2425375661677,-0.0717804486419,-0.2320868797874,0.2639230722699,0.6220773211956,0.3993328715500,0.1808844467455,0.2197537975451,0.0895063135417,-0.2241992584920,0.6083364783026,0.1820094312993,0.1158354509457,0.4135865474271
0.3076907556420,0.3610001245463,0.4235380768007,0.3876493730228,0.7705162290392,-0.1216375535848,0.1431803457242,0.2742172209424,0.1389906427926,0.4078015603035,0.4431232935958,0.0552845397507,0.6702233414384,0.0957152161273,0.2527351349217,0.2409091690190,0.2221282221035,0.2792765777313,-0.1348509308021,0.0670645880704,1.0000000000000,0.3804182962585,0.3840528302000,0.3444291095435,0.3079518899079,0.1353072804855,0.2810930036776,0.3601253980299,0.2529390950042,0.3020348533518,0.3097755037177,-0.0498315454334,-0.1478995291910,0.3987988356724,0.3091625462402,-0.0186569652100,0.2736469280803,0.2066404713320,0.4783980374426,0.4947872096058,-0.0537929851707,-0.0916956840225,-0.0494560185839,-0.1630945381616,0.3050006857400,0.1924144034314,-0.0247480220951,0.6627136691506,-0.1520605111597,0.0126995411151,0.1985297185146,0.1742193186507,0.0905365534639,-0.2384830028954,-0.0014614569077,0.8017999906255,0.0719146490268,0.2627812358718,0.0844023423965,0.4207238217771,0.1285810057143,-0.0510060237568,0.2808202669687,0.1961670477226,-0.1743021921091,-0.1502085532435,-0.2077882898091,-0.1152277203504,0.1627830352896,0.2311926890943
0.4333138807777,0.4933276688525,0.4606147733712,0.3961052268109,0.3738313285650,0.0757378036851,-0.2039823894281,0.1840866240366,0.1450158400570,0.1219870011926,0.5633196980163,0.2576677486862,0.3592873892027,0.1624554068473,0.4347567560923,0.1691033728216,0.6434644960869,0.4791618752432,0.0654734831327,0.2052674273753,0.3804182962585,1.0000000000000,0.6485151194755,0.8745061916648,0.1462924854016,0.2299850907278,0.4631662836116,0.4554385649201,0.7113480972470,0.5263495795861,0.6581103280875,-0.1329939087055,0.0258510819258,0.5508559076879,0.4768022090580,0.0058431212305,0.2817280618364,-0.0090058955191,0.3485513953886,0.5464241608334,0.0738968456247,-0.4863606163652,-0.2658149918481,-0.1293286059497,-0.0033523784171,0.0320783388371,-0.1888753401972,0.3197174216131,-0.1596006389495,0.0490953925986,0.1803453353397,0.5870750075722,0.2776658450423,-0.3826180640045,-0.0142901507898,0.4032283591292,0.5375240400714,0.3524433250699,0.5234640912972,0.2141107052683,0.0258467098330,0.0802764365177,0.3723445461619,0.6992893514055,-0.0494925743809,0.0813538135008,-0.1478057297685,0.0416215106974,0.2455562315630,0.3927762152276
0.4708126719921,0.4664006370938,0.5570433357912,0.6357079495064,0.3422561163958,0.0132734830433,-0.2483740089116,0.2486782668404,0.1363627958393,0.3823327232804,0.2617124549742,0.3058407381260,0.0965203086721,0.2139187585330,0.3052377618718,0.2244106636437,0.5757386304511,0.4736884887030,0.1251633936477,0.2564195784822,0.3840528302000,0.6485151194755,1.0000000000000,0.6875373708046,0.3623365704671,0.3352264496900,0.4495968813364,0.5240404425133,0.4872913749616,0.4071667721174,0.5758867271495,-0.0655445730711,0.0079818065876,0.6204607118996,0.6046528957121,0.0036848439840,0.3488927159014,0.1851671761551,0.5932449242234,0.3684516005566,0.0287828339547,-0.4369132408310,-0.0480606464706,-0.1077840551611,0.2443465170192,-0.1146048280236,0.1255272096945,0.1035370748636,-0.0611462946277,0.0740090869090,0.0460798171727,0.4463348137116,0.1065532454917,-0.2538156174165,-0.0082868400157,0.4304472373098,0.3200680768601,0.7167750499230,0.3442529124540,0.4445446011918,0.2092043555851,0.1545077448296,0.4505505219020,0.5167679307420,-0.0718039999274,0.0799795737305,-0.1374472859460,-0.0523072259078,0.3733416378337,0.5244655831676
0.3630965997502,0.4885848875026,0.5820683358829,0.3261750126793,0.2434462714642,-0.0393444166586,-0.3842865523734,-0.0137443967847,-0.0477149769140,0.0098141166588,0.4249977328653,0.2134557468098,0.2492020297922,0.0329210934385,0.2241368669364,-0.0679221516429,0.7063930610821,0.4728873021701,-0.0123586646647,0.1060230569102,0.3444291095435,0.8745061916648,0.6875373708046,1.0000000000000,0.0158518195514,0.0618589139424,0.3972768351806,0.4747106362954,0.6055527965480,0.3146652456535,0.5166902919896,-0.3596626555234,-0.0489436497309,0.4150315569266,0.3945833955506,-0.0098170685654,0.2958524617147,0.2558575431567,0.3461336192611,0.4168732028496,-0.0834708421923,-0.5907917931549,-0.4070090992322,-0.3144121071695,-0.0874157443474,0.0205324691389,-0.1481442162882,0.2443767696889,-0.3274999884227,-0.1092175091804,0.0204468380936,0.6634071781071,0.3754318921009,-0.4183898017386,0.0854204046029,0.4732582775401,0.5708000577355,0.4573676770764,0.7074585623384,0.1052274999937,-0.0976652798874,0.1720227809784,0.4360292623587,0.6164714506653,-0.1235204267530,0.1505777230179,-0.3581338135657,-0.0633163609701,0.1551141149327,0.3562574453865
0.5182407455219,-0.0759275532926,0.2132929076618,0.4240369296389,0.6291239916981,0.1669639781704,0.3594393088305,0.7122778278560,0.4312888048348,0.7309863114262,0.0135295034418,0.2721212877561,0.2301585665471,0.4256108162568,0.4258730857079,0.5362469076347,0.2051437679741,0.2924204150586,0.2846917474761,0.3739635299080,0.3079518899079,0.1462924854016,0.3623365704671,0.0158518195514,1.0000000000000,0.4701011603155,0.3651363820862,0.1817548770831,0.4774393678073,0.4808862852832,0.4839991197310,0.4381295669341,0.0954765655269,0.3104931992091,0.2693246267153,0.1088888558303,-0.0431902565752,-0.1914580002602,0.2682452081341,0.4199524373827,0.2674374489910,0.1686886573603,0.5083195154800,0.2794939324491,0.6923165928407,-0.1654095407167,0.1652463646264,0.2308467232341,0.3106828936468,0.3796378829424,0.3792299517776,0.0034750610490,-0.2160441356010,0.0694051553689,-0.2448556535638,0.1336701171903,-0.0643406875165,0.1186130909397,-0.2620631927531,0.8742980665292,0.3406113805661,-0.0448219159007,0.0941436104895,0.3697441868125,0.0062472514872,-0.1016798370727,0.4222378315076,0.1490193805034,-0.0176100540699,0.0773617642932
0.5534716173231,0.2613932527569,0.3038019953546,0.7832457476166,0.2024708816140,0.3379595670583,0.2583046735466,0.7343198205442,0.4719551059281,0.4117053930976,0.0924630770859,0.6176947223738,0.1335371430666,0.6152696189972,0.6516727140361,0.5931496482287,0.0975743303172,0.6462291504850,0.6679629326326,0.8107588339196,0.1353072804855,0.2299850907278,0.3352264496900,0.0618589139424,0.4701011603155,1.0000000000000,0.7761136073326,0.5317339697266,0.2674101001622,0.7414537085257,0.6657928161490,0.4553374884332,0.2638884739339,0.6110958480234,0.6658965338212,0.0345819184284,0.3200501514377,-0.3982784583944,0.5721744940628,0.0610403538403,0.4026948070260,-0.0168813959714,0.3560108662084,0.2569191516280,0.2578819870253,-0.4633871105369,0.4191136482831,-0.1361152665107,0.6738838346562,0.4293177509186,0.2991480522325,-0.0180765351402,0.0548616990113,0.2882660464153,-0.0432441092233,-0.1159131836050,-0.3665478103143,0.0136390827629,-0.3732684314811,0.4324614209704,0.8758661544051,0.3641015477934,0.3705176356993,0.1786673613064,-0.0289822053135,-0.4333633864145,0.5138291831816,0.2741324514764,0.2131514260264,0.4924067711953
0.5169790729310,0.4710123785688,0.6438982465028,0.7842212327566,0.2794701175929,0.2728006813801,0.0219478116716,0.5918155836891,0.4346664216934,0.3355574721170,0.3554143717643,0.5781206808254,0.3006984714099,0.4502615581625,0.7036468188909,0.4066956587539,0.1473869037973,0.7075533660984,0.5612516105620,0.6907837271676,0.2810930036776,0.4631662836116,0.4495968813364,0.3972768351806,0.3651363820862,0.7761136073326,1.0000000000000,0.7899557777282,0.4096272169009,0.6899955227208,0.7071797737813,0.2111501943938,0.1532053748626,0.6205517225358,0.5612403155272,-0.1726919392575,0.3537129541239,-0.1175130418298,0.6039219440097,0.1435291412105,0.3010242279054,-0.3664720836562,-0.0076725723167,0.0949243901724,0.1134720733769,-0.4055901545336,0.2655077384289,0.0645195742349,0.3226239423268,0.3707661321332,0.2268009468067,0.0250227151012,0.1317431260831,0.1140314920430,-0.0288716439146,0.1625133569561,-0.2469313606217,0.0491123101006,-0.1173649284876,0.4048085934759,0.5792714412467,0.5405768397426,0.6438432166616,0.3529825851930,-0.2913616585172,-0.5052997412646,0.1378322748385,0.1626793916960,0.1393688118206,0.3789014277876
0.3420795911932,0.5530289921594,0.8018414037445,0.6919592675750,0.2547251259951,0.1105907600506,-0.2773800851095,0.3457145687184,0.2061184022681,0.3719823470620,0.2251299419374,0.4721748048572,0.2127651977542,0.3544481505107,0.5158191270164,0.1985981354465,0.2099091799612,0.4876813259170,0.3524498308902,0.3349744382040,0.3601253980299,0.4554385649201,0.5240404425133,0.4747106362954,0.1817548770831,0.5317339697266,0.7899557777282,1.0000000000000,0.2318514021725,0.4621036710335,0.4805486768895,-0.0506685446729,0.0641159937808,0.5460376768089,0.4763563174847,-0.3085298922966,0.4786168347904,0.2462327860554,0.6947171319740,0.1376506178389,0.1521559317513,-0.5180321053524,-0.1572942475101,-0.0619569585511,0.1366123910594,-0.3623417713153,0.2757451478279,0.0687099561944,0.1464486271486,0.2037653247211,0.1337784676740,0.1415401779512,0.0259153231002,0.0294613247181,-0.0678551771479,0.3423893010148,-0.1428250269656,0.2942933046732,0.0331240165998,0.3336435903512,0.4585155574938,0.3982115638411,0.8789921773489,0.2529258290849,-0.3310520913101,-0.4818810708377,-0.2565224067951,0.0585225241703,0.1884521612597,0.3453589188919
0.4597209794275,0.1432943124671,0.2297664918885,0.2580844002955,0.5026116774915,0.1285717475476,0.0432667198094,0.3300785412972,0.3309936968084,0.1623539813609,0.4906151010760,0.2601034964143,0.3233522890593,0.2393386630243,0.4175080006863,0.2316234335951,0.6141110710162,0.4130903120964,0.2295922650516,0.3266041322694,0.2529390950042,0.7113480972470,0.4872913749616,0.6055527965480,0.4774393678073,0.2674101001622,0.4096272169009,0.2318514021725,1.0000000000000,0.4954633089951,0.5945602492416,0.1378444632686,0.0154714605733,0.3598871126984,0.2697777229598,0.1268642575187,-0.0304586204200,-0.2546510175487,0.0890132957499,0.6103904424809,0.1895781848979,-0.2437639653695,-0.0034750314928,0.1116985128972,0.1041908260345,0.1498343014033,-0.1330096365799,0.3755991549257,-0.0292681417935,0.2485205873075,0.2428202212074,0.4626633575163,0.1244633329994,-0.1838391108352,-0.1272077931499,0.2466374012966,0.4399778132472,0.1408005348942,0.3551402396395,0.3895472597450,-0.0068209493550,0.0359659425039,0.1652023811650,0.9118316561323,0.0062670667044,0.1074682340588,0.2074367702601,0.0835419285743,-0.0003267454579,0.1336654984864
0.7239067493078,0.3200557931489,0.3516539379324,0.6918763541716,0.4153722102540,0.3531228615223,0.3260637428309,0.6582006045601,0.6066789076919,0.3924329961313,0.3507077561600,0.5216244494551,0.4131178939172,0.4893608072208,0.8497047243128,0.6446531783274,0.2161328736765,0.6153274488728,0.4548768829870,0.6955910936578,0.3020348533518,0.5263495795861,0.4071667721174,0.3146652456535,0.4808862852832,0.7414537085257,0.6899955227208,0.4621036710335,0.4954633089951,1.0000000000000,0.8081037643625,0.3288130738224,0.2253589894867,0.7310825864856,0.6815199401428,0.1675050279277,0.2517635970778,-0.3082045371504,0.5409269879612,0.3376144433389,0.4907782239994,-0.0263259160931,0.1995359220318,0.2598104132266,0.2252480040889,-0.2581427059098,0.1783977537502,0.1893393021037,0.3278080171380,0.5011096924896,0.4958924883682,0.1028019794147,0.1880237543955,0.0440675530263,-0.0152949631102,0.0308561151066,-0.0874809201840,0.0892009068992,-0.1531450839544,0.4859013575117,0.5313803692207,0.0964349039011,0.2985882535645,0.3844645424296,0.1390929327586,-0.2322603604200,0.3261972672198,0.3137388699422,0.2478483658352,0.4769483074790
0.6870269164774,0.4071092159385,0.4649948193993,0.7190006785260,0.3980521317750,0.2186950126105,0.1878213198168,0.6933313413348,0.4422482001486,0.3375240654772,0.3579988475020,0.4801913319366,0.3735051946784,0.3889880477459,0.6275690199434,0.4752608594499,0.3397665277603,0.6606597791923,0.3586170410198,0.6286728384851,0.3097755037177,0.6581103280875,0.5758867271495,0.5166902919896,0.4839991197310,0.6657928161490,0.7071797737813,0.4805486768895,0.5945602492416,0.8081037643625,1.0000000000000,0.2542221316358,0.0913570553154,0.6616448238342,0.6741329013836,0.0879371193852,0.3262963292370,-0.1912412369541,0.5412485819231,0.4037041036074,0.2568762596807,-0.1701486715539,0.2148464745474,0.0855166102630,0.1994849184850,-0.2198366128581,0.1001797738818,0.1920514059616,0.1632340392552,0.2981244571052,0.3104760167833,0.1936785925555,0.2809850290321,-0.1082940503319,-0.0582803286203,0.1461364982541,0.0390795394550,0.2252367683993,0.0017367192746,0.5313293391717,0.4327815650727,0.2062799506348,0.3609872534700,0.4991937220387,-0.0794953363709,-0.1093400331363,0.2363239243100,0.1596711238250,0.2013740266997,0.5071227841713
0.2178118510598,-0.2134400665479,-0.2289781237520,0.2289131660395,0.2045186736646,0.0585919855354,0.4783805319547,0.5805830531997,0.3688307373508,0.2267938936501,0.0233461100447,0.0924402130052,0.0406863107207,0.4095119675582,0.2742544652377,0.4308680155470,-0.1014352974571,0.1712690679717,0.2764651273625,0.4660432640516,-0.0498315454334,-0.1329939087055,-0.0655445730711,-0.3596626555234,0.4381295669341,0.4553374884332,0.2111501943938,-0.0506685446729,0.1378444632686,0.3288130738224,0.2542221316358,1.0000000000000,-0.0407926950158,0.1559967230556,0.0698770348140,0.2037163462974,-0.1100709348771,-0.5121254238004,-0.0316261332697,0.0070662445235,0.1522872643952,0.4234528584033,0.5681379866541,0.4053979255874,0.1177853048025,-0.0687178154699,0.0624308886017,-0.0297096791432,0.4007496841451,0.3083792771438,0.1056405736370,-0.1881170474325,-0.1452389108654,0.2445575391741,-0.1568594589882,-0.3490831037193,-0.2417845832382,-0.2024129933245,-0.4670264347499,0.2912212183971,0.3487834962928,-0.0158628287835,-0.1633545591618,0.0739078308427,0.1764362300391,-0.1214321817788,0.6410797727443,0.0148206419387,0.0975745745877,-0.0688271198980
0.1260896963148,0.0149831406795,-0.0152661266889,0.1308683416813,-0.0523983455521,0.7981595535399,0.2156307527813,0.1073300337018,0.2971701740338,0.1455737264622,-0.0412420579683,0.2430811845389,-0.0201173201268,0.1747856260441,0.2621355380438,0.3597344348640,0.0313751902933,0.1961198753184,0.3534714788140,0.2110222873619,-0.1478995291910,0.0258510819258,0.0079818065876,-0.0489436497309,0.0954765655269,0.2638884739339,0.1532053748626,0.0641159937808,0.0154714605733,0.2253589894867,0.0913570553154,-0.0407926950158,1.0000000000000,0.1116045680015,0.2048871918285,-0.0257329094480,-0.0424196610164,-0.2844957394225,0.0082608908186,0.0411121817350,0.5448951669438,0.0796201805576,-0.0539402965594,0.2875614380517,0.1589467795325,-0.2172028122706,0.2733733071273,-0.1220671263001,0.3242428295989,0.2237943633760,0.4099691205012,0.0072237491045,-0.0588907840208,0.1871283018268,-0.0655419765981,-0.1328829753139,-0.1423439302421,-0.1034728289280,-0.1245657213466,0.0873697521996,0.2355743227309,0.0381056744921,-0.0467904595257,0.0145917467348,0.1850856173609,-0.1616929957475,0.1423612186543,0.8536712433711,0.0627641791433,0.3012125018801
0.5859973275865,0.5176641440876,0.3765740321641,0.7450012339626,0.3208766914730,0.2505701054554,0.0435117063897,0.4584226303624,0.4870165745017,0.3337024156149,0.3881181246338,0.4356984320018,0.2601802274302,0.3445432512442,0.6486327280494,0.5935041096783,0.3138347744751,0.5430511557935,0.2819849128186,0.4900816399582,0.3987988356724,0.5508559076879,0.6204607118996,0.4150315569266,0.3104931992091,0.6110958480234,0.6205517225358,0.5460376768089,0.3598871126984,0.7310825864856,0.6616448238342,0.1559967230556,0.1116045680015,1.0000000000000,0.7690990496029,0.1006233599874,0.3133336769667,-0.1307922971889,0.6386180839536,0.2268760878358,0.2813947543515,-0.2857585226452,0.0284882454639,0.2057308921283,0.1019201755325,-0.2173468184942,0.1711233219307,0.1068952239570,0.1544842999559,0.3500069776891,0.2951706198269,0.1856068034803,0.0207691590384,-0.1335989118247,-0.0687389108115,0.2716137626726,-0.1004760958012,0.3041257802471,-0.0548967408249,0.3792825252079,0.4612574928846,0.1573475668350,0.4185101500769,0.3515987364560,0.0049752727539,-0.2543785017776,0.0984858139325,0.1231946343318,0.6815446361991,0.6141264466816
0.6015197359574,0.4649240713705,0.3881544049432,0.7344846786265,0.1798711696363,0.2253791851736,0.0025506033694,0.4287964553161,0.2951723579994,0.3025146672630,0.1831671725175,0.4784855422483,0.0873821500239,0.2605053023925,0.4892001276623,0.5348385153206,0.3094186926759,0.6223890675923,0.3037027762446,0.5629829936501,0.3091625462402,0.4768022090580,0.6046528957121,0.3945833955506,0.2693246267153,0.6658965338212,0.5612403155272,0.4763563174847,0.2697777229598,0.6815199401428,0.6741329013836,0.0698770348140,0.2048871918285,0.7690990496029,1.0000000000000,0.1092233857869,0.4702424928131,-0.0792367908638,0.7410945709974,0.1888654881584,0.2949077555565,-0.2105766721399,0.1455120714477,0.0744019958789,0.1800725889177,-0.3002461445972,0.3197590818370,-0.0780722963863,0.2436021390673,0.2846809808357,0.2866189601481,0.2306787010153,0.2432421663568,-0.0743128201064,0.1859892239474,0.1703259788718,-0.0424467351610,0.4129911579065,0.0096963465286,0.3376834057150,0.6078096830666,0.2472462284918,0.3697818690282,0.2614736480621,0.1239459032685,-0.0751290031633,0.1193819112208,0.2022892119918,0.4752460328393,0.8577035314847
