1.0000000000000,-0.2489523594541,-0.3042419743130,-0.2843920735377,0.2485760723573,0.2079702364844,-0.1398436202857,0.5334611466436,-0.0357382182032,0.0259982975698,0.2900767872448,0.3879379333267,-0.1306687855742,0.0482075913842,0.5803867881060,0.0830934208211,-0.4130247378988,-0.1918268054217,0.3294356594752,-0.1160960646958,-0.0380758051760,-0.4425642509606,-0.0615685676047,-0.4224937883402,0.3128772279210,-0.0391673953173,-0.3342609568799,-0.3324899416788,0.2003764525555,0.3856298845249,-0.3085064451789,0.4685956444676,0.0577278359803,0.2135613458475,0.1167149732466,0.6096583640582,-0.3543900614947,-0.2248029731224,-0.3287389269243,0.1092461285391,0.3036307341547,-0.1255131054342,0.5052781693167,0.1387242419643,-0.0225463642110,0.2674185203669,0.1644545765771,-0.1863217530691,-0.0390372707870,0.4156352224867,0.2019085500931,-0.3552568963212,-0.2123542870455,0.0366217660875,-0.1447551737311,-0.0512630925583,-0.4200709427452,-0.1094922590951,-0.4392656363674,0.2066012957738,-0.2208842420965,-0.2568965195184,-0.2762844144286,0.2820413860481,0.3568868977197,-0.3227703046711,0.3797589662142,0.1788518631150,0.2622350229266,0.2310312774028
-0.2489523594541,1.0000000000000,0.6718530845746,0.8596771681114,-0.3327674871652,-0.3894132366790,-0.1319379929173,-0.4155000608148,-0.3444840547072,0.1887359922639,-0.4753189377310,-0.2726116468798,0.2208549228848,0.0068085631503,-0.4506049453808,-0.2297733091578,0.4502467221810,0.5335480609126,-0.0990863973385,0.5020481070498,0.1752711163959,0.4251051459228,0.6685396824499,0.5625719525840,-0.1260462123745,0.4542385074717,0.6171239814283,0.7002315254264,-0.3268300030015,-0.1133302440997,0.4599967333294,-0.5163076478237,-0.1568569335832,0.1859628839532,0.3848156298661,-0.5360283810983,0.8349925324419,0.3724182923375,0.7434355260465,-0.2976526261984,-0.5175225836068,-0.2098560318873,-0.6381648485540,-0.5423178652402,0.3454531265420,-0.5546915461593,0.0686015240428,0.1391158353464,0.2724188284714,-0.6035583931688,-0.4314845972665,0.4571637374535,0.4294624057433,0.0937100665174,0.2444497169860,0.1118966355571,0.4281370501409,0.5373458371559,0.4398319909083,0.0138483613718,0.5283547106597,0.4201031048165,0.7095996060334,-0.3983323434307,-0.4190614013076,0.3417323334595,-0.4700862328897,-0.0529157952852,-0.1177037568066,0.3273013075382
-0.3042419743130,0.6718530845746,1.0000000000000,0.6820912212102,-0.4004847865383,-0.4356583458149,-0.2523319551185,-0.2928070192797,-0.2965101564428,-0.0508041332313,-0.4900559092788,-0.3181691803210,0.1073754744014,-0.2076644574938,-0.3624962901181,-0.3070283964362,0.6831502272604,0.5533389075950,0.0508154131774,0.5628566998642,0.0971108072833,0.6742377804443,0.4455226092769,0.7561701145233,-0.1687642841727,0.2685444156302,0.5585592100027,0.7923562268532,-0.1435238127973,-0.3055352685792,0.6767014811451,-0.5357640095673,-0.1511297142346,-0.0073307243568,0.3684177088494,-0.6473556985928,0.5665775732496,0.4595769462150,0.5886759363841,-0.3495406506434,-0.5570397784865,-0.1610671473140,-0.6923486594004,-0.4622269383399,0.1421813294770,-0.6314470942825,0.0340489902808,0.0831107212599,0.2309692038658,-0.5958034984733,-0.3423440732089,0.6151092899786,0.3122256012659,0.1252200777383,0.1212176431332,-0.0059533951690,0.5430771591464,0.3239155712497,0.5441218810266,-0.0758128868379,0.3653407115175,0.2896380216462,0.7323711917970,-0.3513786961077,-0.5422051833012,0.4318307594115,-0.4055147092970,-0.2785383737213,-0.2889264549294,-0.0479535880721
-0.2843920735377,0.8596771681114,0.6820912212102,1.0000000000000,-0.2665111390238,-0.3724176448388,-0.0597601306678,-0.3591063936055,-0.2597367291764,0.3029663263545,-0.4519599521734,-0.2239912321897,0.2329361469746,0.0579982770901,-0.3920099993378,-0.2154658680373,0.5014865235159,0.5194621522043,-0.1526387810586,0.5198007865460,0.2085958634690,0.5043865770432,0.7023829447394,0.5944100434043,-0.0544529016741,0.4780708266122,0.5718924765371,0.5832656845276,-0.2628460692214,-0.0965618323800,0.5394749633969,-0.5876595723212,-0.1154328992715,0.1483281313285,0.4313901672271,-0.5058572411195,0.7297666446471,0.3837074917274,0.8805665801770,-0.2285955539534,-0.5466842786790,-0.1298306582140,-0.6165084918757,-0.4972004009304,0.4957489639301,-0.5356620809541,0.1424620123467,0.1721855649172,0.3100643617820,-0.5817444597010,-0.3335594195527,0.4766499157076,0.4032364663046,0.1464246688301,0.2888481661107,0.1330729607170,0.4462833717961,0.5888036920097,0.4688357155473,0.1137347953157,0.5826476171633,0.3307660983136,0.6277275232538,-0.3850061492279,-0.4767336352530,0.3329668926278,-0.4648410904740,-0.1306088205989,-0.1712244394620,0.3132486070534
0.2485760723573,-0.3327674871652,-0.4004847865383,-0.2665111390238,1.0000000000000,0.0442094485385,0.0407401101464,0.3581502054294,-0.0328948148715,0.3464259523295,0.4280191580874,0.0938222298611,0.5337408042398,0.0438938662041,0.1571684214067,-0.0482104708186,-0.1281923720554,-0.0613684062314,-0.0941403303638,-0.1328756732081,0.5608520060898,-0.1752904015366,0.0872956719137,-0.1828686114339,0.3528632125868,-0.2127200726631,-0.2416432033673,-0.3707404043139,0.4131590584610,0.2738430252124,-0.1673142176051,0.2520254028810,-0.0391595646203,0.0694881845501,-0.0576878666286,0.3939547560583,-0.3812973760454,-0.3550128506783,-0.3309403686915,0.9201783559545,0.1415906435547,-0.0072533357961,0.3935328553440,0.0468019533959,0.2086413600329,0.5548836714455,-0.1478307860042,0.5035592924144,-0.1641165250530,0.0917071678799,0.0424937282409,-0.0973237835333,-0.1357479363458,-0.1526105827870,-0.1481429216101,0.6423674076102,-0.0626729226117,0.0648222879666,-0.1403514917520,0.4889301302009,-0.3386553890457,-0.3389733460094,-0.3875463368370,0.4003730402248,0.3615008927639,-0.1332891600741,0.3153430702921,-0.0184449901542,0.2360114725849,-0.0694637625083
0.2079702364844,-0.3894132366790,-0.4356583458149,-0.3724176448388,0.0442094485385,1.0000000000000,0.4732165954611,0.2467202529521,0.6701406857398,-0.0067052445024,0.4403687800251,0.2288834324645,-0.3007101962239,0.0838974691220,0.4654399155766,0.7202950395317,-0.4893144194931,-0.2718049547711,-0.0186228613736,-0.3498634914185,-0.2476644045554,-0.3626832629284,-0.3348590494840,-0.4790895754310,-0.0310214610670,-0.1177828914190,-0.3850394915398,-0.4775093629712,-0.1145320085357,0.3337600599889,-0.3153040755770,0.2810800262090,0.6412581737275,0.1311581592509,-0.2737641662000,0.2186128275976,-0.3804119942367,-0.2144574128906,-0.3644223703259,0.0086608349712,0.6677463639900,0.3296616301949,0.2334177659049,0.5618666997309,-0.1503230619812,0.1617806840987,0.0207312383896,-0.2256356494791,-0.2461194124603,0.5161647917008,0.5044905478364,-0.4863876085712,-0.3201937880493,-0.0499810355589,-0.1304017610408,-0.1785036894472,-0.4025650667495,-0.3217537101626,-0.4191415475165,-0.1722231548217,-0.1878092672984,-0.3927690820425,-0.4085530153729,-0.0964653600948,0.2325809412032,-0.3843675361072,0.1744317091002,0.3396029750593,0.1080649377612,0.0238956367399
-0.1398436202857,-0.1319379929173,-0.2523319551185,-0.0597601306678,0.0407401101464,0.4732165954611,1.0000000000000,-0.2665455043987,0.8168437966734,0.1816745293460,0.3756804434066,-0.0763136546049,0.0388064652667,0.0053810158363,0.2647774553466,0.7029882722288,-0.2005932764229,-0.0959383974638,-0.2283517348530,-0.1302386801522,0.0738787488466,-0.0888141032901,-0.2338738569599,-0.1577295589251,-0.2104600503183,-0.0571459547829,-0.2132802405576,-0.2552174579799,-0.2621738456043,0.1900710614542,-0.1812934124272,-0.0387772543776,0.3818931322356,0.0594056081505,-0.2811694125789,-0.0481967704749,-0.1796913600100,-0.0582127955711,-0.0418823833073,0.1226117235985,0.3289831483024,0.6368194793152,-0.0952851322674,0.4124436107136,0.0358880275283,0.2580791488784,-0.2240286641999,0.1739029802592,-0.2767508141483,0.1646837295388,0.3935133899489,-0.1930727749410,-0.0665347422527,-0.2709932207529,-0.0201120080849,0.1111869659219,-0.0991666658944,-0.2622927127895,-0.0759068389025,-0.1861808718375,-0.0434108653843,-0.2526884297718,-0.2126176116712,-0.2302493164220,-0.1116778524899,-0.2048699127233,-0.1320192640394,0.2312068191254,-0.2222501569805,-0.0566184178542
0.5334611466436,-0.4155000608148,-0.2928070192797,-0.3591063936055,0.3581502054294,0.2467202529521,-0.2665455043987,1.0000000000000,-0.0857265055435,0.1215221524335,0.4246653550710,0.3323215802043,-0.1007231697382,0.0379122995725,0.4878434089258,-0.0902495485314,-0.4043699564988,-0.2175933882249,0.2018978667245,-0.1667965786783,-0.1870611989955,-0.4183415786326,-0.0591763054397,-0.4518658231417,0.6160344473578,-0.2360508568227,-0.2037417524892,-0.4085602867631,0.5693419043098,0.3313347295021,-0.1293620157722,0.5672206567403,0.0402784426507,0.1703085423731,-0.1184314715764,0.4469641936380,-0.4503094617198,-0.3255489931838,-0.4082957236741,0.3186313549025,0.1909524039424,-0.2033787600640,0.6832550533955,0.1641759878185,-0.0615638855288,0.3610408896767,0.0963629464233,-0.0994166385998,-0.0871328022599,0.3762946680388,0.0767226682410,-0.4386952449600,-0.4638819351691,0.0267802181312,-0.2364386159510,-0.0672842830340,-0.5100283794051,-0.1713241237487,-0.5886868749667,0.4613996959979,-0.3208460345663,-0.1811406198724,-0.4623611812003,0.5572662047166,0.3023577468439,-0.4458296604062,0.6106723915706,-0.0757495229042,0.3474241599545,-0.0843526416636
-0.0357382182032,-0.3444840547072,-0.2965101564428,-0.2597367291764,-0.0328948148715,0.6701406857398,0.8168437966734,-0.0857265055435,1.0000000000000,-0.0541918540668,0.3717914962878,-0.0038505260258,-0.2811875500995,-0.0560938664174,0.4005390104213,0.7867374270663,-0.2471327462566,-0.1947142120906,-0.2041415246909,-0.2301926324413,-0.0837113931212,-0.0924316483397,-0.4474037949245,-0.2038506120194,-0.2061712287006,-0.1118992217351,-0.3685534035027,-0.3739802067572,-0.1812315523418,0.1730883617047,-0.1474367568769,0.1150592023910,0.4891393949366,0.0841066596236,-0.3302293538545,-0.0209213075156,-0.3363086148666,-0.1406512910416,-0.2474093461049,0.0219637899188,0.4696667069888,0.5547105861191,0.0073286175862,0.5880681149719,-0.1731830542796,0.1778838973677,-0.2211937397578,-0.1513465700344,-0.3531513562407,0.3084048053808,0.5114473877716,-0.2289394856409,-0.2032742957497,-0.3366848726628,-0.1384317821235,-0.0801243039031,-0.1667201937525,-0.4270136921554,-0.1437215306013,-0.3005806131003,-0.1023136809351,-0.3911737898223,-0.3384582035164,-0.2195577872066,-0.0835581756541,-0.1995829631438,0.0214755889358,0.1434348013997,-0.1303867341755,-0.1458352140224
0.0259982975698,0.1887359922639,-0.0508041332313,0.3029663263545,0.3464259523295,-0.0067052445024,0.1816745293460,0.1215221524335,-0.0541918540668,1.0000000000000,0.1641816650000,0.0184436477785,0.3237619054164,0.2337369552094,0.0934613677340,0.0215517089559,-0.0282752807241,0.0986778395143,-0.1476775814357,0.0389997765364,0.3584589736618,-0.0119653660622,0.3972338220961,-0.0261004363807,0.3927017624436,0.2518844866751,0.0553598666662,0.0150646334174,0.0741652516332,0.2835626421412,0.0044641223221,-0.0166616594951,0.0207919665647,0.1583944000023,0.1088947926936,0.0524126930481,0.1250354886346,-0.0899081488400,0.2854607748022,0.3631630779430,-0.0971191235586,0.0201316165353,0.0707898486862,-0.1749270631289,0.7712725981953,0.1779205998989,-0.0497638461269,0.3739816973292,0.1224704589333,-0.1024617485203,-0.0456387462159,-0.0335234935876,-0.0617324472092,-0.0745406817233,0.0126994280163,0.4307988185571,0.0084680527020,0.3376992862016,-0.0342363976129,0.5028882381908,0.2233101994063,-0.0710764605642,-0.0486145887661,0.0843138577438,0.0089088286347,-0.1663123537761,0.0271533802819,0.0498164126306,0.1606283874664,0.1058279795322
0.2900767872448,-0.4753189377310,-0.4900559092788,-0.4519599521734,0.4280191580874,0.4403687800251,0.3756804434066,0.4246653550710,0.3717914962878,0.1641816650000,1.0000000000000,0.1015013829480,-0.0175593510588,-0.0683152664564,0.4818145906653,0.2888214522307,-0.4146035284903,-0.1697003510029,0.0911846319611,-0.1338662467534,0.0970332872408,-0.3715550464645,-0.3613480181917,-0.4403958748370,0.3023075533899,-0.1770893944038,-0.2648312297438,-0.4614688871520,0.2623623555775,0.3190650081222,-0.3312882687841,0.4939611985255,0.2627131438210,0.0102038810648,-0.1527773284075,0.3263955409528,-0.4711098656108,-0.2685695788372,-0.4398527736934,0.4848165609531,0.3535724748019,0.2233256740553,0.5179045064877,0.3395122137717,-0.1209012682957,0.6406619729615,-0.3057428152595,0.0983712188154,-0.3760774773608,0.2940931929365,0.2489323582390,-0.4163279316252,-0.4102151676499,-0.3781421105006,-0.2003445675356,0.1776403055833,-0.4208775478818,-0.3470230012300,-0.4799976072811,0.1253412600633,-0.2020775739132,-0.3202932717773,-0.5066119676362,0.2948199296635,0.1204476249213,-0.3889098016047,0.4622933099722,0.0549168255397,-0.0309217692081,-0.2338634918650
0.3879379333267,-0.2726116468798,-0.3181691803210,-0.2239912321897,0.0938222298611,0.2288834324645,-0.0763136546049,0.3323215802043,-0.0038505260258,0.0184436477785,0.1015013829480,1.0000000000000,-0.1783388525412,0.7205399841546,0.3666750263946,0.0184701367663,-0.5217138172488,-0.2296490273064,0.4857069260210,-0.0836337914264,-0.3341737993021,-0.4534737389581,-0.1665939100987,-0.4513887844272,0.1701632358107,0.2046670698785,-0.0374603652445,-0.2906608756169,-0.0011178407365,0.3984466292970,-0.4401749327810,0.1681297155499,0.2970933774831,-0.0434104815493,0.0465618915250,0.4223967912187,-0.1654984631058,-0.0411169949861,-0.1823518018538,-0.0406698955798,0.0495636189146,-0.2874564596869,0.4392508122349,-0.0576441568231,-0.0418104793568,0.0378359429839,0.6711225842325,-0.2513432092410,0.5061585827830,0.2462713794212,-0.0890435012368,-0.5419877194085,-0.2412246377045,0.4023542933777,-0.0091730088379,-0.2956994217394,-0.5087793202498,-0.0918136453944,-0.4751174516564,0.0070936181433,-0.0451002559458,-0.0318747032072,-0.2830772675824,0.1225315390434,0.2117683975848,-0.4678218902649,0.2011888064683,0.0102699762868,0.2086035607201,0.0888690022152
-0.1306687855742,0.2208549228848,0.1073754744014,0.2329361469746,0.5337408042398,-0.3007101962239,0.0388064652667,-0.1007231697382,-0.2811875500995,0.3237619054164,-0.0175593510588,-0.1783388525412,1.0000000000000,0.0368595336608,-0.1978012986309,-0.1246533364735,0.3195709378152,0.1523817607739,-0.1583006977886,0.1252731847075,0.5978897536611,0.1932140991478,0.4069911629974,0.2396719258801,0.1139008683293,-0.0321371439855,0.1297851570898,0.1045468815126,0.1991316088688,0.1452491116325,0.1671252096260,-0.1354383271774,-0.3127546599808,0.1763716384247,0.0685451265857,-0.1372669433142,0.0986774561839,0.0551486703081,0.1484645766363,0.5338111008048,-0.2143212752182,0.0186740870709,-0.2153951787024,-0.2686788612064,0.3128377928755,0.1426919972543,-0.0968437591858,0.9255743376707,0.0274125458748,-0.2560147541000,-0.1488237819441,0.3268863998887,0.1281546557935,-0.0295380889487,-0.0424190071408,0.6822201531627,0.2562081587842,0.3077930077064,0.2091008362427,0.3719318734848,-0.1208685857860,0.0035454218769,0.1097379292954,0.1393048110687,0.1500248560204,0.1565069766770,-0.0941349363622,-0.0615972371555,0.1113718502745,0.0963503206983
0.0482075913842,0.0068085631503,-0.2076644574938,0.0579982770901,0.0438938662041,0.0838974691220,0.0053810158363,0.0379122995725,-0.0560938664174,0.2337369552094,-0.0683152664564,0.7205399841546,0.0368595336608,1.0000000000000,0.1130078254472,0.0491514258474,-0.3173542509073,-0.1175680218671,0.1503841237738,-0.0218806599035,-0.1712632539262,-0.3093076512822,0.0521671671686,-0.2838807714003,0.0837971946166,0.5299330768787,0.2148315618547,-0.1033285724847,-0.1889828780906,0.3239350594406,-0.3183017903009,-0.1537409553070,0.1380062480787,0.0174166404729,-0.0748774353327,0.1214636047781,0.0444948317917,0.1762928542789,0.0112106850414,-0.0718084327620,-0.1152617622011,-0.2373786301902,0.1075354617175,-0.1942398848634,0.2072048299670,-0.1026602192510,0.5777129226709,-0.0304517665556,0.7123219285220,0.0488304813516,-0.1580869683941,-0.3214483948945,-0.1194977142794,0.4077168544971,0.1613897055947,-0.1241232920657,-0.3114300098159,0.0387312557585,-0.2684339053883,0.0856843548118,0.1939938594130,0.1288232396035,-0.0403226197112,-0.0575543592795,0.0537489483789,-0.3222129437328,-0.0690702373517,-0.0577014114818,0.1279609690431,0.1474114513400
0.5803867881060,-0.4506049453808,-0.3624962901181,-0.3920099993378,0.1571684214067,0.4654399155766,0.2647774553466,0.4878434089258,0.4005390104213,0.0934613677340,0.4818145906653,0.3666750263946,-0.1978012986309,0.1130078254472,1.0000000000000,0.3334812859926,-0.4509274336328,-0.2362981211239,0.3757284187911,-0.1133521217819,-0.2115130029129,-0.4040095957129,-0.3096588926137,-0.4942845961553,0.2512100159031,0.0047016660965,-0.3147104266207,-0.4247564499929,0.1536708184184,0.5766967187766,-0.3546370830546,0.5130494279706,0.3483313102757,0.1784866192733,-0.0915154794236,0.4867370440294,-0.4426294501659,-0.2530500497988,-0.3502057976542,0.1317408004186,0.3953328382692,0.1254847062902,0.5004821974510,0.3610471636122,-0.1091152813267,0.3655688855605,-0.0571207028070,-0.1331438225519,-0.1143677500680,0.5724533166323,0.3068913510203,-0.4588591550085,-0.4470241379275,-0.0940205558011,-0.1629485397474,-0.1652004288626,-0.5101302934365,-0.3189719903053,-0.5425758267910,0.0781842623669,-0.0985859021129,-0.2378893188248,-0.4362897551224,0.1872105211743,0.2742548832165,-0.5347659518922,0.4066411236753,0.1564199932291,0.1607338127592,-0.1015179180891
0.0830934208211,-0.2297733091578,-0.3070283964362,-0.2154658680373,-0.0482104708186,0.7202950395317,0.7029882722288,-0.0902495485314,0.7867374270663,0.0215517089559,0.2888214522307,0.0184701367663,-0.1246533364735,0.0491514258474,0.3334812859926,1.0000000000000,-0.2608098579429,-0.2580810665309,-0.1705437100622,-0.3133959170394,-0.0481974111705,-0.2044446662741,-0.3683183251283,-0.2922562367465,-0.1344389894782,0.0024342956344,-0.3659394750541,-0.3031807432950,-0.2584933614423,0.2812746069313,-0.1888774382851,0.0865972606669,0.4753755270720,0.2062109539113,-0.2943926539605,0.0003786766543,-0.3011696013667,-0.0065110787823,-0.2517153652849,-0.0272573727016,0.5694998776073,0.5241982045064,-0.0241930975761,0.4975310427129,-0.0379069288869,0.1173299122224,-0.0864650657481,-0.0297481593232,-0.2780282583149,0.3613134383391,0.6640686673457,-0.2400761880271,-0.1787532327119,-0.1744521482819,-0.1582159442447,-0.0344661022501,-0.2100356610249,-0.3778870432994,-0.1880804433599,-0.2202363557786,-0.1170873733588,-0.3959002833382,-0.2299924779408,-0.2058868249636,0.0933368567514,-0.1894639679540,-0.1229349829552,0.3550908636306,-0.0030286246867,0.1665914814411
-0.4130247378988,0.4502467221810,0.6831502272604,0.5014865235159,-0.1281923720554,-0.4893144194931,-0.2005932764229,-0.4043699564988,-0.2471327462566,-0.0282752807241,-0.4146035284903,-0.5217138172488,0.3195709378152,-0.3173542509073,-0.4509274336328,-0.2608098579429,1.0000000000000,0.4206357991081,-0.2253436232471,0.3232909169499,0.3367002341604,0.8618989207637,0.4819360355245,0.8930790827631,-0.2250658852131,0.0765588705403,0.3544102663851,0.6011264019316,0.0039367718200,-0.1821022988655,0.7379562758371,-0.4576883156955,-0.2879220449888,0.1196018169523,0.2479677422181,-0.6025372779101,0.3883232861157,0.2736765730263,0.4262065097834,-0.0248099465106,-0.5241177754428,-0.0569131946633,-0.6796244433968,-0.3738665971850,0.1239084430073,-0.4440637234961,-0.2765439307139,0.3338951827036,-0.0645807303275,-0.5726830549090,-0.2434685483718,0.9631723870759,0.2516454990875,-0.1788802148569,-0.0573058096480,0.2345841657156,0.8403706884799,0.4363853796845,0.8272888628143,-0.0112261351806,0.1616737909585,0.0663457734624,0.5362848171059,-0.2654773019148,-0.3097395688266,0.6698399638084,-0.3834109956198,-0.2569982899663,-0.1422104909714,-0.0581229906831
-0.1918268054217,0.5335480609126,0.5533389075950,0.5194621522043,-0.0613684062314,-0.2718049547711,-0.0959383974638,-0.2175933882249,-0.1947142120906,0.0986778395143,-0.1697003510029,-0.2296490273064,0.1523817607739,-0.1175680218671,-0.2362981211239,-0.2580810665309,0.4206357991081,1.0000000000000,-0.0077894433816,0.7376803720080,0.3561389122408,0.4526052895743,0.4197344978375,0.5892946528549,-0.0958982005315,0.3087161835781,0.4741318575290,0.4153533257673,-0.1029463213877,0.0320015379655,0.4623330522822,-0.4746715999350,-0.0705363293549,0.1012460140228,0.4827354527878,-0.3549399835656,0.4407974653934,0.1688123601664,0.4470623829826,-0.0193653796300,-0.5284817940408,-0.2788288298616,-0.4058066847794,-0.4270172583585,0.1866809936102,-0.3516065518509,-0.0499626200505,0.1516194948364,0.1074458144173,-0.4799876858599,-0.4392673640786,0.4158583742204,0.6073487326188,0.0987430786483,0.4621398604017,0.2599846813762,0.4579517133347,0.2962040824660,0.4211314117431,-0.0223652903076,0.3688985886795,0.2079849435752,0.3701185639162,-0.2215397643127,-0.2677005280522,0.3256803088617,-0.2908350449976,-0.2392998635694,-0.1858914134226,0.1698587220164
0.3294356594752,-0.0990863973385,0.0508154131774,-0.1526387810586,-0.0941403303638,-0.0186228613736,-0.2283517348530,0.2018978667245,-0.2041415246909,-0.1476775814357,0.0911846319611,0.4857069260210,-0.1583006977886,0.1503841237738,0.3757284187911,-0.1705437100622,-0.2253436232471,-0.0077894433816,1.0000000000000,0.3007733450923,-0.2427815339176,-0.2079036194873,-0.1592883241134,-0.1697103051039,0.1286918079949,0.1021077567229,0.1031229212354,0.0433600483006,0.0829741602009,0.1906631628673,-0.2124717413769,0.2724559009874,0.1182425673812,-0.0985290568317,0.2801041713872,0.2338685422839,-0.0611820980197,-0.0725904419240,-0.0616889954439,-0.0971843923614,0.0253698776153,-0.1595844179592,0.2827604875313,-0.0927404842348,-0.2189907268727,0.0613561977474,0.3338488569380,-0.1740844936117,0.2668974076898,0.1639338608615,-0.0647566292561,-0.2761941086537,-0.1026981476600,0.3377259070986,0.0274112552821,-0.2430607911677,-0.3205285201492,-0.0986249077791,-0.3266571882073,-0.1037023231585,0.0344924782191,0.1218125192688,-0.0872233270596,0.1509353219474,0.1573665419544,-0.2782380093798,0.2346345941275,0.1049762315606,0.0947493823629,0.0733132347651
-0.1160960646958,0.5020481070498,0.5628566998642,0.5198007865460,-0.1328756732081,-0.3498634914185,-0.1302386801522,-0.1667965786783,-0.2301926324413,0.0389997765364,-0.1338662467534,-0.0836337914264,0.1252731847075,-0.0218806599035,-0.1133521217819,-0.3133959170394,0.3232909169499,0.7376803720080,0.3007733450923,1.0000000000000,0.2697311913637,0.4045455639867,0.3418638092563,0.5248265526198,-0.0482398981983,0.4509913740860,0.5546843713467,0.4464945021908,-0.0428007062015,0.0734459086033,0.3782965828004,-0.3682436187337,-0.1584979812551,0.0935438956097,0.6050530604816,-0.3571567726265,0.4077340751712,0.1835912989664,0.4787233213210,-0.0799840215958,-0.5077525931747,-0.2928324805666,-0.3574482384742,-0.4567829912535,0.0923966230976,-0.3292216562966,0.0345034411174,0.0959248121311,0.2550767405753,-0.5154609233447,-0.4396046296196,0.2987797782955,0.4178338630410,0.1559832694380,0.4996366201086,0.1578624055322,0.3091671333822,0.2055867312704,0.2929100533958,-0.0502073954395,0.4952392912300,0.3547334957635,0.3723912723512,-0.1697875498073,-0.3569149920684,0.1722260102207,-0.1935705529835,-0.2814973789397,-0.2057662503966,0.1361007944424
-0.0380758051760,0.1752711163959,0.0971108072833,0.2085958634690,0.5608520060898,-0.2476644045554,0.0738787488466,-0.1870611989955,-0.0837113931212,0.3584589736618,0.0970332872408,-0.3341737993021,0.5978897536611,-0.1712632539262,-0.2115130029129,-0.0481974111705,0.3367002341604,0.3561389122408,-0.2427815339176,0.2697311913637,1.0000000000000,0.3205302629378,0.2861529752419,0.3676958097893,0.0572091238645,0.0401138815303,0.0239500933095,0.1288763222049,0.1690148875553,0.0858445199223,0.2465673921412,-0.2069117624951,-0.2142642046117,0.1645464364219,0.2953824842167,-0.1229355715597,0.0421488373073,-0.0828312657724,0.1467577126283,0.5971290543569,-0.2043935600922,-0.0270385366188,-0.2220909061502,-0.2461371972279,0.3343127962078,0.1313745403064,-0.2521527736429,0.6168785648636,-0.0849514424576,-0.3600307399416,-0.1055709462347,0.3893602678398,0.2991051815833,-0.1520096362617,0.0695279116017,0.9217217865124,0.3990595326660,0.1995131819247,0.3497287049360,0.2777061978060,0.0243159470961,-0.1570710780070,0.0836731854412,0.0880621534548,0.0012847580015,0.2647221815281,-0.1419382809769,-0.0630228985154,-0.0014986796181,0.1703849703813
-0.4425642509606,0.4251051459228,0.6742377804443,0.5043865770432,-0.1752904015366,-0.3626832629284,-0.0888141032901,-0.4183415786326,-0.0924316483397,-0.0119653660622,-0.3715550464645,-0.4534737389581,0.1932140991478,-0.3093076512822,-0.4040095957129,-0.2044446662741,0.8618989207637,0.4526052895743,-0.2079036194873,0.4045455639867,0.3205302629378,1.0000000000000,0.4284751183192,0.9386858162853,-0.3661091388398,0.0916680725523,0.2658519456876,0.5165335294266,0.0274035374988,-0.1462903059625,0.7937044592917,-0.4612348883439,-0.1731595052721,0.1251077329040,0.3246012954983,-0.6286776002952,0.3688069480522,0.1657636745863,0.4393134069727,-0.0749679328904,-0.5033227006468,-0.0238321514362,-0.7377971005503,-0.3325913140814,0.0904193782405,-0.4779615723066,-0.2299727995203,0.2343308262821,-0.0566679595949,-0.5837185181871,-0.2417003477751,0.8247894076416,0.2430337631737,-0.1722908141617,-0.0244442377102,0.2166226457302,0.8771908869119,0.3660418173941,0.8375547211414,-0.1604275015162,0.1901014096380,-0.0634571532422,0.4362565462910,-0.3293298686973,-0.3730666436938,0.5847437072375,-0.3335364933784,-0.2996594259966,-0.1853958692871,-0.0920915584247
-0.0615685676047,0.6685396824499,0.4455226092769,0.7023829447394,0.0872956719137,-0.3348590494840,-0.2338738569599,-0.0591763054397,-0.4474037949245,0.3972338220961,-0.3613480181917,-0.1665939100987,0.4069911629974,0.0521671671686,-0.3096588926137,-0.3683183251283,0.4819360355245,0.4197344978375,-0.1592883241134,0.3418638092563,0.2861529752419,0.4284751183192,1.0000000000000,0.5296950875291,0.0485767497660,0.1615997390957,0.3472720164737,0.3770519775326,-0.0301640195207,0.1403950331155,0.4844450117120,-0.4237282245601,-0.2386389320922,0.3288074083887,0.2697569917039,-0.2186907617280,0.5416202048569,0.1571865444701,0.6026357621699,0.0783720756525,-0.4787820554473,-0.2860873375198,-0.3949258788714,-0.4905079236195,0.5019181407387,-0.3704464111594,0.0550088932964,0.3213399566792,0.1730526888024,-0.4323283335373,-0.4635577670179,0.4877371540016,0.2683722669179,0.1232039031543,0.1393090596624,0.2944068203684,0.4751907890850,0.8178365113187,0.4364895258110,0.2956632383116,0.2167454727317,0.1577396530488,0.4274022916409,-0.1886703187479,-0.0991972487081,0.3043109463161,-0.3158666486587,-0.1153277965634,0.1315289707020,0.2625781487961
-0.4224937883402,0.5625719525840,0.7561701145233,0.5944100434043,-0.1828686114339,-0.4790895754310,-0.1577295589251,-0.4518658231417,-0.2038506120194,-0.0261004363807,-0.4403958748370,-0.4513887844272,0.2396719258801,-0.2838807714003,-0.4942845961553,-0.2922562367465,0.8930790827631,0.5892946528549,-0.1697103051039,0.5248265526198,0.3676958097893,0.9386858162853,0.5296950875291,1.0000000000000,-0.3492277209372,0.1356237459660,0.3705347465124,0.6085954630751,-0.0415150789286,-0.1678390158519,0.8145436207921,-0.5653524753007,-0.2603904718872,0.1430560018693,0.4032742961291,-0.6530283897134,0.4748087777206,0.2281000440382,0.5155802485536,-0.0974327621559,-0.5982314660651,-0.1401319331075,-0.7558876867389,-0.4502407501941,0.1138053684808,-0.5339966681008,-0.1762768519304,0.2301687582173,0.0249350751813,-0.6891900396478,-0.3717606362025,0.8728103140016,0.3989673407882,-0.0993459576459,0.0613253657465,0.2535799545107,0.8882932062024,0.4399862035443,0.8676091256286,-0.1496194388987,0.2395141474348,0.0542065191028,0.5341337658045,-0.3513855863994,-0.4045670915234,0.6717518961759,-0.4154867583109,-0.3305885538140,-0.1950976072510,-0.0045919539880
0.3128772279210,-0.1260462123745,-0.1687642841727,-0.0544529016741,0.3528632125868,-0.0310214610670,-0.2104600503183,0.6160344473578,-0.2061712287006,0.3927017624436,0.3023075533899,0.1701632358107,0.1139008683293,0.0837971946166,0.2512100159031,-0.1344389894782,-0.2250658852131,-0.0958982005315,0.1286918079949,-0.0482398981983,0.0572091238645,-0.3661091388398,0.0485767497660,-0.3492277209372,1.0000000000000,0.0697646343558,0.0869656805567,-0.1424205109474,0.5893890620859,0.1817644323121,-0.0825736899578,0.3366514503034,-0.0388922711413,0.0125867539193,0.0522347591502,0.3555244299961,-0.0557527006047,-0.1554966729068,-0.0536509092928,0.3418337686605,0.0346091215210,-0.1658585109192,0.5594136993737,-0.0784321280386,0.3178570090810,0.3060235929840,-0.0284032369799,0.1210181386887,0.0362151895030,0.1401539354093,0.0057555598965,-0.2952154822449,-0.2702647656196,-0.0733878132999,-0.0967854037518,0.1262270339176,-0.4051392064107,0.1060420876676,-0.4827029605355,0.8269262862334,-0.0076642650366,0.0495229604634,-0.2356736896999,0.6406096262749,0.1413037107072,-0.2497338615022,0.3595969601127,-0.0251463626738,0.1927194143221,-0.0091759768536
-0.0391673953173,0.4542385074717,0.2685444156302,0.4780708266122,-0.2127200726631,-0.1177828914190,-0.0571459547829,-0.2360508568227,-0.1118992217351,0.2518844866751,-0.1770893944038,0.2046670698785,-0.0321371439855,0.5299330768787,0.0047016660965,0.0024342956344,0.0765588705403,0.3087161835781,0.1021077567229,0.4509913740860,0.0401138815303,0.0916680725523,0.1615997390957,0.1356237459660,0.0697646343558,1.0000000000000,0.5532943867690,0.3793905289361,-0.2275048549747,0.1334321430700,0.0508414647600,-0.2988935507025,0.0540518888430,0.0137127775006,0.3335709931825,-0.2585975320113,0.4062818527945,0.3386939058108,0.3693238456546,-0.2623261338956,-0.3305812863329,-0.2725481349668,-0.2616515345217,-0.4179524275013,0.3117219443813,-0.3607912151824,0.1732167598053,-0.0872247673849,0.5116219330971,-0.2981412499264,-0.1968275964517,0.0713962598897,0.1481683661382,0.1335427672035,0.4200884587016,-0.0774571440386,0.0324078817697,0.1223782178251,0.0817994508410,0.0459913443435,0.7212478337711,0.3346887051393,0.3888157771586,-0.2269262421871,-0.3414000047468,-0.0032988144966,-0.2408376579941,-0.0809521255339,-0.1764309043572,0.2349357470804
-0.3342609568799,0.6171239814283,0.5585592100027,0.5718924765371,-0.2416432033673,-0.3850394915398,-0.2132802405576,-0.2037417524892,-0.3685534035027,0.0553598666662,-0.2648312297438,-0.0374603652445,0.1297851570898,0.2148315618547,-0.3147104266207,-0.3659394750541,0.3544102663851,0.4741318575290,0.1031229212354,0.5546843713467,0.0239500933095,0.2658519456876,0.3472720164737,0.3705347465124,0.0869656805567,0.5532943867690,1.0000000000000,0.6639694176697,-0.1403071239892,-0.1255509801581,0.2752215421847,-0.4092501681888,-0.1145857175505,-0.0793841540816,0.2895648353385,-0.4453626027017,0.6185529915370,0.3566432927152,0.4887424609802,-0.2085995981493,-0.5714642500605,-0.3235715203612,-0.3817654675402,-0.5484036357463,0.1159221705789,-0.4095440274141,0.0651093498439,0.0820636734637,0.4387568504562,-0.5423340217578,-0.5096049601385,0.2784183391051,0.1864267108415,0.1245626637525,0.3425298069237,-0.0582914239215,0.1656802337225,0.2849927953456,0.1714939385465,0.1093458974532,0.5513199427055,0.6848366328990,0.5971116208633,-0.2011976486088,-0.4547580795253,0.1316434036761,-0.2579092422781,-0.2335123368074,-0.1906037711100,-0.0355669711582
-0.3324899416788,0.7002315254264,0.7923562268532,0.5832656845276,-0.3707404043139,-0.4775093629712,-0.2552174579799,-0.4085602867631,-0.3739802067572,0.0150646334174,-0.4614688871520,-0.2906608756169,0.1045468815126,-0.1033285724847,-0.4247564499929,-0.3031807432950,0.6011264019316,0.4153533257673,0.0433600483006,0.4464945021908,0.1288763222049,0.5165335294266,0.3770519775326,0.6085954630751,-0.1424205109474,0.3793905289361,0.6639694176697,1.0000000000000,-0.1731446064566,-0.2685723692134,0.4031411199251,-0.4223375356268,-0.1815719574824,-0.0405376733871,0.3049813445558,-0.6603119217302,0.6264385169705,0.4122229616032,0.5166870435122,-0.2966361577425,-0.5334701991384,-0.2453448181271,-0.6167424139327,-0.5467998505744,0.1361640629686,-0.5927831110807,-0.0192577688818,0.0879550545239,0.2772598376119,-0.6591565048613,-0.3968286671157,0.5825428745993,0.2382320693455,0.0511931895785,0.1029473973204,0.0178609176223,0.4822682234714,0.3111386713478,0.4979827596517,-0.0465927696467,0.4201011240901,0.4540352637273,0.8807501028344,-0.2671029430916,-0.5028165480339,0.3230856773287,-0.3932035097808,-0.1198877429292,-0.2433524081608,-0.0487114597066
0.2003764525555,-0.3268300030015,-0.1435238127973,-0.2628460692214,0.4131590584610,-0.1145320085357,-0.2621738456043,0.5693419043098,-0.1812315523418,0.0741652516332,0.2623623555775,-0.0011178407365,0.1991316088688,-0.1889828780906,0.1536708184184,-0.2584933614423,0.0039367718200,-0.1029463213877,0.0829741602009,-0.0428007062015,0.1690148875553,0.0274035374988,-0.0301640195207,-0.0415150789286,0.5893890620859,-0.2275048549747,-0.1403071239892,-0.1731446064566,1.0000000000000,0.0873125104924,0.1068983979908,0.4057256897679,-0.2560937818116,0.0187500775328,0.0138481495366,0.1871403180415,-0.3069451864253,-0.3537775903955,-0.2615498620200,0.4217449004705,-0.0050824164712,-0.1556566641275,0.3753193119418,-0.0053426058998,-0.0549060432314,0.3237491188769,-0.1909955193907,0.2530546415596,-0.2214207156640,0.0321801566682,-0.0525186936133,-0.0323929765337,-0.2075671665677,-0.1434136394272,-0.2037997624164,0.2520708451049,-0.0286439199429,-0.0681590788797,-0.1227823567990,0.5667578133643,-0.3490336728974,-0.1676431391505,-0.3084708287011,0.8308415393843,0.1544097570317,-0.0697268335431,0.4294389468987,-0.1555462799081,0.1028423270326,-0.2068588351134
0.3856298845249,-0.1133302440997,-0.3055352685792,-0.0965618323800,0.2738430252124,0.3337600599889,0.1900710614542,0.3313347295021,0.1730883617047,0.2835626421412,0.3190650081222,0.3984466292970,0.1452491116325,0.3239350594406,0.5766967187766,0.2812746069313,-0.1821022988655,0.0320015379655,0.1906631628673,0.0734459086033,0.0858445199223,-0.1462903059625,0.1403950331155,-0.1678390158519,0.1817644323121,0.1334321430700,-0.1255509801581,-0.2685723692134,0.0873125104924,1.0000000000000,-0.1124179623461,0.2020570315802,0.2154549449892,0.5546368921822,0.1225304558628,0.3016813617064,-0.1379067133511,-0.0932532867720,-0.1153009905267,0.2702592505983,0.0691260262430,-0.1443499148953,0.2552871460834,-0.0506114762758,0.1018687133661,0.0910811934606,0.0641373974069,0.1775895739173,0.0289971460948,0.1996802451435,-0.0018403582167,-0.1580072573292,-0.1833046488843,0.0059917270824,-0.0019787360434,0.1188052956217,-0.1666510097141,0.0888481088187,-0.2087469472020,0.1570134933195,-0.0001382523288,-0.1783356331111,-0.2326716523507,0.0716052194556,0.4316825911551,-0.2960101247376,0.1292206803852,0.1093249263241,0.4661751253242,0.2585975634616
-0.3085064451789,0.4599967333294,0.6767014811451,0.5394749633969,-0.1673142176051,-0.3153040755770,-0.1812934124272,-0.1293620157722,-0.1474367568769,0.0044641223221,-0.3312882687841,-0.4401749327810,0.1671252096260,-0.3183017903009,-0.3546370830546,-0.1888774382851,0.7379562758371,0.4623330522822,-0.2124717413769,0.3782965828004,0.2465673921412,0.7937044592917,0.4844450117120,0.8145436207921,-0.0825736899578,0.0508414647600,0.2752215421847,0.4031411199251,0.1068983979908,-0.1124179623461,1.0000000000000,-0.4056605867598,-0.1818652500030,0.2255507021123,0.3652530644150,-0.5142985118682,0.3805310654888,0.0854674520494,0.4312504316510,-0.0804387792564,-0.4535629019425,-0.0198321728036,-0.5782166855390,-0.2661077182739,0.1343033557904,-0.4326881365675,-0.1491603980652,0.1829860401521,-0.0209224340338,-0.4742145379878,-0.1626151190254,0.6660714808832,0.2387764436265,-0.1129072826308,-0.0474228540598,0.1482187216225,0.6740169233606,0.3683348889280,0.6158736989811,0.0367426660004,0.1715739907610,-0.0552252374446,0.3071482234210,-0.2381011283016,-0.2797750338178,0.6461922937052,-0.2562592021852,-0.3828097167367,-0.0610763465449,0.0554548671592
0.4685956444676,-0.5163076478237,-0.5357640095673,-0.5876595723212,0.2520254028810,0.2810800262090,-0.0387772543776,0.5672206567403,0.1150592023910,-0.0166616594951,0.4939611985255,0.1681297155499,-0.1354383271774,-0.1537409553070,0.5130494279706,0.0865972606669,-0.4576883156955,-0.4746715999350,0.2724559009874,-0.3682436187337,-0.2069117624951,-0.4612348883439,-0.4237282245601,-0.5653524753007,0.3366514503034,-0.2988935507025,-0.4092501681888,-0.4223375356268,0.4057256897679,0.2020570315802,-0.4056605867598,1.0000000000000,0.0264024012680,0.0976564552579,-0.1298045658877,0.4293666125469,-0.5090263145517,-0.5023221161581,-0.5188897993609,0.2724463603901,0.4709424158163,0.1635032427350,0.6631572996191,0.4308323578279,-0.2556006420514,0.5464386048727,-0.1815177571597,-0.1009016332390,-0.3482411800084,0.5197632378793,0.3563012787642,-0.4379250119105,-0.5228881715645,-0.2808543990048,-0.3323481892045,-0.1409589138357,-0.5019827553440,-0.3687407802740,-0.5397824146701,0.1635841265199,-0.2742841192117,-0.2539279042818,-0.5354004984774,0.5014981273645,0.3681405232647,-0.4492514717622,0.8227035427787,0.1974552291209,0.3148349609685,-0.1420631607740
0.0577278359803,-0.1568569335832,-0.1511297142346,-0.1154328992715,-0.0391595646203,0.6412581737275,0.3818931322356,0.0402784426507,0.4891393949366,0.0207919665647,0.2627131438210,0.2970933774831,-0.3127546599808,0.1380062480787,0.3483313102757,0.4753755270720,-0.2879220449888,-0.0705363293549,0.1182425673812,-0.1584979812551,-0.2142642046117,-0.1731595052721,-0.2386389320922,-0.2603904718872,-0.0388922711413,0.0540518888430,-0.1145857175505,-0.1815719574824,-0.2560937818116,0.2154549449892,-0.1818652500030,0.0264024012680,1.0000000000000,0.0500278690866,-0.0201822939816,0.1561303613507,-0.0769019717303,-0.0694906265503,-0.0725217727902,-0.0551204196370,0.3227935664831,0.2432253599465,0.1131777439718,0.3126558268100,-0.0047395766601,0.0269546610816,0.1406504521773,-0.2571728512736,0.0331562661230,0.3144836906188,0.2586475609672,-0.3386229641919,-0.1922427684260,-0.0042379351540,-0.0962100873448,-0.2035973388257,-0.2720317004429,-0.1122961743662,-0.2909323947366,-0.1713248670146,0.0624825979200,-0.1942841480647,-0.1803839000471,-0.2717191660436,0.0736040352059,-0.2516619017209,0.0221508937710,0.3934005344963,0.0221726058607,-0.0237238535301
0.2135613458475,0.1859628839532,-0.0073307243568,0.1483281313285,0.0694881845501,0.1311581592509,0.0594056081505,0.1703085423731,0.0841066596236,0.1583944000023,0.0102038810648,-0.0434104815493,0.1763716384247,0.0174166404729,0.1784866192733,0.2062109539113,0.1196018169523,0.1012460140228,-0.0985290568317,0.0935438956097,0.1645464364219,0.1251077329040,0.3288074083887,0.1430560018693,0.0125867539193,0.0137127775006,-0.0793841540816,-0.0405376733871,0.0187500775328,0.5546368921822,0.2255507021123,0.0976564552579,0.0500278690866,1.0000000000000,0.2364703268031,-0.0629621143106,0.0987937454202,-0.1110532636820,0.1131987556170,0.0737462611583,0.0228694432453,0.0038790016243,-0.0673356454940,0.0430850438144,0.0560665492878,-0.1241510921209,-0.0340183257029,0.1698211880069,-0.0340490182699,0.0099373037664,0.0812509098859,0.1490111937718,-0.0361605777747,-0.0811723568010,-0.0494875409053,0.1917815895160,0.1117943038734,0.2301985162728,0.0935925784180,0.0527899947466,-0.0064122219984,-0.1210111709237,-0.0443229523760,-0.0669355346846,0.2446043261929,0.0245838477932,0.0901043755424,0.0042508582641,0.6338827353108,0.3428755758062
