1.0000000000000,0.5628896016943,0.5654867407638,0.6929796863805,0.3530331309130,-0.3255339952279,-0.0209390090073,0.1735803298294,-0.1242436044168,0.5016720073273,0.2684964612863,0.3350529782735,0.3685431649917,0.2928246714573,0.5131688810216,-0.1775723729306,0.3069798723001,0.5436697013507,0.5184061757799,0.5812998555950,0.4586030300356,0.3635587451981,0.4100141051507,0.5103958214109,0.4644285464382,0.5190206772443,0.4909055807785,0.5559005298410,0.2003251810567,0.4540900307837,0.4317818496322,-0.0144785603857,-0.2729914391539,0.1958273677594,0.5150294639312,0.4491650849319,0.5236675901183,0.4352862187283,0.5687226691070,0.2933858600960,-0.3754818240955,-0.3237749411565,-0.0375231678208,-0.4388977280761,0.4569029574636,0.1612549428591,0.4566131253695,0.3157437023593,0.3117842655570,-0.0869331265316,-0.2283686579784,0.2613161823025,0.5004102720144,0.3936900642743,0.4316830681511,0.4459227951531,0.0798694606744,0.3847251676451,0.2568953805142,0.4341058893030,0.4693326697886,0.4906259338367,0.5765623923254,0.1266136971359,-0.1247302656196,0.1560034269222,-0.2098648433834,-0.1577609285664,-0.0119302047544,0.5137477101484
0.5628896016943,1.0000000000000,0.7708764752161,0.8190351711198,0.3235765572892,-0.3979387035848,0.1483482148074,-0.1309038443865,-0.0612789964509,0.4721044462732,0.2330189166114,0.2359688374382,0.4609156657841,0.3553214918021,0.0425923385228,-0.2196292558374,0.5525236826002,0.7709207572148,0.4630482624817,0.6909839005460,0.4757421392510,0.6195439603665,0.5754026139147,0.7787610105330,0.3845699210254,0.6208965940918,0.7896642289444,0.7862118217259,0.0893905139207,0.4798181793335,0.6913004195688,-0.2110390535519,-0.4568028341361,0.3308133355666,0.6408672112598,0.0989961042212,0.8906220117431,0.6272028729888,0.7165319808844,0.3673804379566,-0.4715993249575,-0.2352153950653,-0.4305943041322,-0.4778949615550,0.3321875309224,0.1859414481080,0.3824784597823,0.4279968358950,0.3162858611710,-0.4836338131034,-0.4194262169370,0.5570096450050,0.6092905143911,0.2827761920704,0.5575026909054,0.4844616410038,0.3988207863399,0.5565280013941,0.5987322854678,0.3535868018121,0.6752331961112,0.7502755448694,0.7647180023902,0.1967821757775,-0.1092461786164,0.3634412426879,-0.5077571547316,-0.2840513219633,0.1705534590846,0.6434532957732
0.5654867407638,0.7708764752161,1.0000000000000,0.6948737072818,0.2807439090441,-0.4491730244752,0.1131881099099,-0.0788210754016,0.0516721809615,0.4214390753653,0.2254543208388,0.0746136222652,0.3751979044986,0.2731634413980,0.1324581606767,-0.3165441204440,0.6314549654367,0.7454647907670,0.5043756224043,0.6489349305114,0.4878439736205,0.6296950705900,0.4091863177682,0.7942406142352,0.3742481240174,0.5420395103656,0.8236550269843,0.8865102128256,0.0737043374147,0.2376580637589,0.6941343247713,-0.3012793016105,-0.4650602210011,0.0863283659903,0.4192764804208,-0.0792586814389,0.7393558908915,0.8275451474513,0.6422357426748,0.3198182261057,-0.5382495559291,-0.2021940339853,-0.4228465162735,-0.3995705547600,0.2891180452314,0.2452892698530,0.3528356332783,0.3645465118446,0.3509158323437,-0.4796397611860,-0.5295557967548,0.5096645173856,0.5523037287985,0.2986773443811,0.4096925392642,0.4890467443097,0.3468060950586,0.3554196749835,0.5751005415792,0.3702786432714,0.6696136391819,0.7307055912198,0.8446781230092,0.2722722372050,-0.4090186965672,0.2792801072009,-0.5059082270124,-0.3172680817790,-0.0951957327678,0.3159453947401
0.6929796863805,0.8190351711198,0.6948737072818,1.0000000000000,0.4215914826142,-0.4023099277304,0.1027880111636,0.0578612275477,-0.0313567254807,0.5600097757428,0.2883298352301,0.2607295009226,0.4793323217297,0.4096248861468,0.2421805598853,-0.2357214747680,0.4788152875308,0.5914864095943,0.3773346684715,0.6210243969786,0.5113866322921,0.5601122368544,0.5931641306404,0.6625952446416,0.5360271346052,0.6026728489077,0.7139877307365,0.6595728395031,0.2311938755243,0.5139574592497,0.5912120823711,-0.0456827410424,-0.3764961597749,0.3776931984202,0.6139093388927,0.1636720080789,0.7291496233464,0.5578714793240,0.9076423413361,0.3779833767269,-0.4968721920547,-0.2647573085126,-0.2934649033823,-0.4718369055600,0.5045371241168,0.2195799851131,0.3979330834983,0.4399877310462,0.3726793144650,-0.3387774573891,-0.3630907542291,0.4363005259260,0.4702510877050,0.2733531211698,0.4269289820312,0.5262492601064,0.2043637500382,0.5521686853385,0.4004597151748,0.5224755507666,0.6688795201834,0.6485775083913,0.6868131333894,0.2714126732889,-0.1728780883239,0.1783800912539,-0.3048105265710,-0.3033616458857,0.1746086154509,0.5428400270793
0.3530331309130,0.3235765572892,0.2807439090441,0.4215914826142,1.0000000000000,-0.4203366407245,0.1156042658885,0.1391659207621,-0.1848278144053,0.5414690135747,0.6062207088686,-0.1242377459742,0.7080290775580,0.1440859552025,0.1400791171927,-0.2052829843840,0.4188696436383,0.2808847877900,0.0057853855990,0.2343869987975,0.8048274721201,0.5130855847636,0.3815721363269,0.4776899566544,0.3166593053794,0.1718816917115,0.2163146196266,0.2722825503420,0.4474674129341,0.3712941844161,0.3497371006814,-0.0721070119603,-0.4038544847972,0.3119049800126,0.2431419381589,-0.0597305914150,0.3269295348269,0.0746281636696,0.3651281823981,0.9407031565439,-0.4383411401277,-0.1751621208624,-0.1391918895430,-0.4345359539549,0.5232700877332,0.4924893991546,0.0139395431285,0.7099614572854,0.0750802743794,-0.3580030663968,-0.2181139584416,0.4593425930294,0.2582255896995,-0.0488202943077,-0.0114747441763,0.7842364726931,0.4161852391318,0.3511884792781,0.3764961886458,0.4621653761169,0.1737986894158,0.0891258911563,0.2918201503703,0.4343749958649,0.0151551898376,0.1415979219246,-0.2381384724669,-0.2916927783938,0.3093309744698,0.2814520926525
-0.3255339952279,-0.3979387035848,-0.4491730244752,-0.4023099277304,-0.4203366407245,1.0000000000000,0.3519658154954,0.0814003574382,0.5960676071769,-0.3631975555982,0.0147443582510,0.2186514006838,-0.4276412161796,-0.0810037867162,0.1129173013065,0.6650647114209,-0.3949719788124,-0.3803701980665,-0.1285586401955,-0.3879980528230,-0.4841569444460,-0.4215776451803,-0.3506892950532,-0.5032549768966,-0.3051766398145,-0.2853743662133,-0.3608586642473,-0.4368739121842,-0.2339761620304,-0.0725242717170,-0.4209275291569,0.2230908782102,0.8276600522611,-0.0597034104321,-0.2229367299558,-0.0475460379178,-0.4604602277379,-0.3829305529831,-0.4012404507235,-0.4251518134385,0.9032478595414,0.5925611905155,0.1697371264319,0.7898784968324,-0.3589964958112,0.0363073152472,-0.0730133727244,-0.4041772557587,-0.1175978357941,0.5614272817764,0.5874415875182,-0.3854397352115,-0.3647307099152,-0.0825509845765,-0.2983835541541,-0.4649729944414,-0.2818427549242,-0.3794779468506,-0.4110487974303,-0.3671630253192,-0.4281510177382,-0.3707490648678,-0.4530288303644,-0.3328582032848,0.1957995396142,-0.2550222899295,0.2358128966664,0.7211209128518,-0.0920752507534,-0.2347898629170
-0.0209390090073,0.1483482148074,0.1131881099099,0.1027880111636,0.1156042658885,0.3519658154954,1.0000000000000,-0.2696510297897,0.7104151543378,0.0954424699614,0.5693183050413,0.0213539691808,0.3443663600782,0.0691268243593,0.1766611664900,0.4692071535392,0.1865062497552,-0.0025223518774,-0.0233822184380,-0.0267108065169,0.1976432938947,0.2183224087338,-0.1114736291175,0.0762763506308,-0.1537953282748,0.1028946969686,0.1026049541195,0.1358619565364,-0.1640243992922,0.1470972448534,-0.0258850452042,-0.1142114355911,0.3595818876354,-0.0597077025725,0.0104848352514,-0.2925237569047,0.0883948509407,0.1302396246575,0.0887869426355,0.1495440136403,0.2122244089582,0.7453253166427,-0.4516425906896,0.3937684545082,0.0102436726202,0.5149594793197,-0.0530688465880,0.3743706434234,-0.0010166998121,-0.0060901144307,0.3148668678475,0.1528277596310,-0.0890733429574,-0.2164708405196,-0.1540924844910,0.1599330756621,0.2052706692152,-0.1319764343324,0.0940134489420,-0.0734381977941,-0.0049450731258,0.0207121157909,0.1660267368114,-0.0758815603168,-0.1364217398456,-0.2218903149953,-0.2874513387996,0.3646772191143,-0.2138056292417,0.0113579153655
0.1735803298294,-0.1309038443865,-0.0788210754016,0.0578612275477,0.1391659207621,0.0814003574382,-0.2696510297897,1.0000000000000,-0.1759607861119,0.1527195244673,0.0205249036191,0.1977907386367,-0.1939958670653,-0.0225092444614,0.4142092871299,0.0988031950652,-0.1365148640301,0.0146349548738,0.0418034113187,0.0144174510138,-0.1654267601573,-0.0395157690467,0.1960693720733,-0.0480625875929,0.5115058785067,0.0027974371561,-0.1098409083080,-0.2011207673111,0.6600488762677,0.2954876132442,0.1272176769823,0.3167822701798,0.0470132550512,0.2068282183259,-0.0423565018117,0.2144526099873,-0.2799781646713,-0.3158767721509,-0.0551667535692,0.0436908220085,0.1741385573111,-0.2279342304640,0.7226516760496,-0.0643042153914,0.2022935817475,-0.0938403450197,-0.0583464583855,-0.1543450694187,-0.1557614782490,0.2584490055449,0.1372359837230,-0.1620420553468,-0.0706484465278,-0.0415679261173,-0.0972131110232,-0.1066124901233,-0.2330876510484,0.0151656188116,-0.2738982337902,0.3395257365039,-0.3237484510141,-0.2867260994165,-0.2826611104548,0.3075219579487,0.0938772234946,0.0312605460044,0.2845732930922,-0.0373634814763,0.1891706375065,-0.0427239049918
-0.1242436044168,-0.0612789964509,0.0516721809615,-0.0313567254807,-0.1848278144053,0.5960676071769,0.7104151543378,-0.1759607861119,1.0000000000000,-0.2530903141162,0.2740204792122,0.0723171162881,-0.1076151421131,0.0400728682814,0.1798741742181,0.4836524210433,0.0311454042365,-0.1756269351612,-0.0151818609874,-0.1573107619805,-0.0831598826163,0.0339007498674,-0.2537160985129,-0.1404575717436,-0.2020616720610,0.0680237024217,0.0588277989195,0.0364080964773,-0.2585879949332,-0.0721505001203,-0.1184143431872,-0.0097150858281,0.6194403923192,-0.0966024473061,-0.1905433986521,-0.4104852664662,-0.1589346988550,0.1010797235582,0.0168044918429,-0.1780493713938,0.4424265212968,0.7400988862792,-0.3785815729535,0.6919059835720,-0.2818788256090,0.2620853790587,-0.0610563261214,-0.0413408529163,-0.0082083650824,0.1831770234714,0.3296981257183,-0.1082758045574,-0.3241576321762,-0.1504880729617,-0.3242762408691,-0.1042718774809,-0.0037038365133,-0.3320784551335,-0.1337610577996,-0.1713582210655,-0.0351036943128,-0.0769587055861,0.0209074636123,-0.1681118107845,-0.3198895292366,-0.3192632335102,-0.1079831205347,0.4961576579255,-0.2820479199261,-0.2611254897679
0.5016720073273,0.4721044462732,0.4214390753653,0.5600097757428,0.5414690135747,-0.3631975555982,0.0954424699614,0.1527195244673,-0.2530903141162,1.0000000000000,0.3285241303049,0.1700472606200,0.5597792653108,0.4325593789063,0.2138361964947,-0.0680970022007,0.3766059139466,0.3696833022311,0.1499320283564,0.3267947497287,0.5318431413879,0.3841516998024,0.4697147669517,0.4347683329197,0.5942646030742,0.4177002559781,0.3824095841778,0.4334536225352,0.3164093611525,0.3014199319837,0.3730854643421,-0.0273909906905,-0.3181161442391,0.1171762491260,0.3850201555944,0.1669327853947,0.4361987614688,0.2926328321653,0.4538575866193,0.5377731380703,-0.3863902528973,-0.2718779941956,-0.0081002312940,-0.4422967268149,0.8348452365354,0.3442042878582,0.2823309163107,0.5023920312489,0.3961252221575,-0.2431646611920,-0.1812742590022,0.4016642863507,0.3322538700514,0.1324438577699,0.2626346700058,0.5322196659133,0.1801879352144,0.4501758584715,0.2417910910083,0.6187943761932,0.3742858122463,0.3186501988488,0.4570490559300,0.3137218443361,-0.0892905945154,0.1675715015472,-0.0915387654577,-0.1869364093531,0.0327152363845,0.4091584232453
0.2684964612863,0.2330189166114,0.2254543208388,0.2883298352301,0.6062207088686,0.0147443582510,0.5693183050413,0.0205249036191,0.2740204792122,0.3285241303049,1.0000000000000,-0.0969005444685,0.5523456716357,0.0560680213943,0.2193814061681,0.1185303765962,0.2979889595622,0.1493067671170,-0.0363264949960,0.1775026740307,0.6169312389661,0.3986278648280,0.0464984160847,0.3477253701672,0.1137725884554,0.1528680014837,0.2429519350830,0.2223505953680,0.1622290236976,0.3581981754757,0.1963902895702,-0.1992373212447,0.0169881680839,0.1737750137864,0.1782874460653,-0.2087289355675,0.2164062424607,0.1324375819697,0.1918621760489,0.5981930388909,-0.0601458409099,0.3503932450333,-0.2912332176058,0.0172431046613,0.2946549665684,0.7980290802223,-0.0760292882131,0.5968666961878,0.0053918181885,-0.1771696747704,-0.0126389093421,0.3053783119134,0.0856771806709,-0.2119511844775,-0.1624025824113,0.6146064658592,0.2482783340909,0.0442435334587,0.1920222316313,0.2058565180221,-0.0012198679500,0.0638858211313,0.2437106741214,0.1257455667244,-0.1735495736650,-0.0521924594999,-0.3754338472588,0.1164363682388,-0.0088077411183,0.1710021582604
0.3350529782735,0.2359688374382,0.0746136222652,0.2607295009226,-0.1242377459742,0.2186514006838,0.0213539691808,0.1977907386367,0.0723171162881,0.1700472606200,-0.0969005444685,1.0000000000000,-0.0885292085272,0.6678452850394,0.3728883799136,0.1960374252221,-0.0834872248424,0.1708649542145,0.5645577809427,0.3011202321645,-0.1364587919334,-0.1395288426600,0.0933674105236,-0.0144875536849,0.1490137342615,0.3674602097461,0.2571966418449,0.1479216664939,-0.0375160878925,0.4167807937309,0.0004833418757,0.2015640630291,0.1486017768088,0.1678282368596,0.2834467711145,0.4017939523461,0.1436826495638,0.0833546783724,0.2131831305108,-0.2037029952037,0.1549659263466,-0.1607300479750,0.1160642823319,-0.0432193303643,0.0557050830991,-0.1258629732533,0.6853573253104,-0.1448442079688,0.5484346011600,0.2008255445575,0.0542635877325,-0.1036460326515,0.1106538867965,0.6115295375639,0.3260808368188,-0.1109638936768,-0.2369088995139,0.0477369178787,-0.0801900782117,-0.0044536180311,0.2041373471657,0.2679597605846,0.0680950955347,-0.1795108522706,0.1962333264766,-0.0563150281166,0.1879330982563,0.1741266703121,0.0717623357455,0.3352005734873
0.3685431649917,0.4609156657841,0.3751979044986,0.4793323217297,0.7080290775580,-0.4276412161796,0.3443663600782,-0.1939958670653,-0.1076151421131,0.5597792653108,0.5523456716357,-0.0885292085272,1.0000000000000,0.1994961932188,0.0838723315889,-0.0779504987634,0.3974511316759,0.3845790885366,0.0576061155672,0.3886326961515,0.8309292811211,0.4932905964332,0.2468681583732,0.4821079574762,0.1360196352026,0.2436131442969,0.3806182449773,0.3776108958787,0.1693086951225,0.3343334006567,0.2995126878410,-0.1610815116232,-0.4110913837539,0.2433137965518,0.3502652242478,-0.0800688631634,0.4805372226970,0.2550742515391,0.4797880536581,0.6876289555022,-0.5023745394471,-0.0232944456673,-0.4197048057276,-0.4157821000726,0.4315912703906,0.5512484165481,0.1080237313124,0.9462458468037,0.1594711055078,-0.4007067968516,-0.1603327044892,0.4415301012293,0.3176781209791,0.0327008166682,0.1764308000392,0.7753466079007,0.3523354495335,0.2904042823987,0.3841721180641,0.2398550044919,0.3067955409565,0.3119395804568,0.4125130545151,0.2402271656617,-0.0446687585718,0.0175955798340,-0.3389122691793,-0.2115584666852,0.1346140073024,0.4089127401831
0.2928246714573,0.3553214918021,0.2731634413980,0.4096248861468,0.1440859552025,-0.0810037867162,0.0691268243593,-0.0225092444614,0.0400728682814,0.4325593789063,0.0560680213943,0.6678452850394,0.1994961932188,1.0000000000000,0.1916064963166,0.0115133761297,0.2069204210097,0.1737374867713,0.3793439238195,0.2870554207319,0.1829584076364,0.0946707554326,0.2645375972041,0.1634556092415,0.3049099357531,0.6255765348346,0.4525201136886,0.3328445289439,0.0426359747687,0.2697816126067,0.0868575218803,0.0719463762516,-0.1256353003064,0.1188082206681,0.2070083819569,0.0999685775287,0.2981875433235,0.2941744104905,0.4116520689304,0.0797609441946,-0.1767770477451,-0.2015475796203,-0.1803314600198,-0.2250511416209,0.3139756631887,0.0619924266619,0.6340360759827,0.1660546593625,0.8652332097617,-0.1113355627428,-0.1215623403874,0.1353226554636,0.0533466642382,0.5292434367922,0.2013443030534,0.1979880149177,-0.0447733212188,0.2339133736158,0.0635659928331,0.2373616384513,0.5132879653698,0.3811664086729,0.2617820687160,0.0639550302214,-0.1201351912343,-0.0912955038570,0.1732657546987,-0.0886382189809,0.0408575451457,0.2238258363981
0.5131688810216,0.0425923385228,0.1324581606767,0.2421805598853,0.1400791171927,0.1129173013065,0.1766611664900,0.4142092871299,0.1798741742181,0.2138361964947,0.2193814061681,0.3728883799136,0.0838723315889,0.1916064963166,1.0000000000000,0.1424539068592,-0.0293926610743,0.0948103847595,0.4293115226965,0.1324399197324,0.0420106937338,0.0651537136638,0.0082043209218,0.0201030237411,0.2068225056851,0.2327939680742,0.0292901563699,0.1300861550031,0.1425474365378,0.4712077200364,-0.0262126772076,0.3322252488000,0.1685291238331,0.1651212603829,0.0062039722492,0.2117819971695,-0.1015360974160,0.0330557446265,0.2153876364329,0.0319169805220,0.0472879339329,-0.0014696898403,0.1377317197841,-0.0223335243575,0.2534306047314,0.0534832292055,0.0928901295995,0.1097251271851,0.0228475446141,0.3571509643733,0.1276816345884,-0.1013213046834,-0.0172661378169,0.1592659263254,-0.0378534034451,0.0354494713592,-0.1302000641202,-0.1086142203397,-0.1495255808450,0.1278038808316,-0.0297496692923,-0.0435310913647,0.0903851114206,-0.0198018259480,-0.0469797679549,-0.3138642400381,0.0880292867318,0.1233264179834,-0.0112255133505,0.0106035937189
-0.1775723729306,-0.2196292558374,-0.3165441204440,-0.2357214747680,-0.2052829843840,0.6650647114209,0.4692071535392,0.0988031950652,0.4836524210433,-0.0680970022007,0.1185303765962,0.1960374252221,-0.0779504987634,0.0115133761297,0.1424539068592,1.0000000000000,-0.1270273914757,-0.2443395524365,-0.1647478409030,-0.1866875538959,-0.2281303050317,-0.1634760293264,-0.2098475102096,-0.3149013474652,-0.0969653565848,-0.0153466459024,-0.2044134215485,-0.2770448221436,-0.0583656107397,0.0710237242847,-0.2364868947265,0.0929979954513,0.5424302260288,0.0560988651537,-0.0811702306661,-0.0055094922293,-0.2978785701596,-0.2424880130516,-0.2885215702194,-0.1961241885955,0.6745283606352,0.5949333936335,0.1274144119220,0.6605345692394,-0.1028850006174,0.1688459448458,-0.0092097500661,-0.0608145829980,0.0165231019158,0.4728929015095,0.7348908034162,-0.1028046940823,-0.2996039257658,-0.0895524055217,-0.1577433539538,-0.2280614530059,-0.0648799045622,-0.2172322247113,-0.2351835022417,-0.0973210595040,-0.2488000624477,-0.2517897826870,-0.2562800897890,-0.1328003353700,0.2147456283382,-0.0976499531444,0.2414785991557,0.6398421999437,-0.0840611572984,-0.0414110189002
0.3069798723001,0.5525236826002,0.6314549654367,0.4788152875308,0.4188696436383,-0.3949719788124,0.1865062497552,-0.1365148640301,0.0311454042365,0.3766059139466,0.2979889595622,-0.0834872248424,0.3974511316759,0.2069204210097,-0.0293926610743,-0.1270273914757,1.0000000000000,0.4203190058352,0.0800756761719,0.2572034062618,0.5358158359653,0.8598819915850,0.3137733463728,0.7587738163455,0.3557611893063,0.3933987092928,0.5004718474786,0.6290817634185,0.3935471540690,0.2459285451097,0.6148915284111,-0.1878077860491,-0.3591619080758,0.2736774079547,0.3535314354222,-0.1874460437632,0.4895557399914,0.4881814767802,0.4560356643132,0.4698763049219,-0.3775206130258,-0.0188470162973,-0.3718109275273,-0.2033533852180,0.2437893527645,0.4401378076641,0.1374729172606,0.4388569812131,0.2541711183212,-0.4564162332999,-0.2267545786423,0.8798519427730,0.3130471850534,0.0339720842978,0.0918387925820,0.5488554282592,0.6614838676342,0.3268485107766,0.7045157609288,0.4554018201510,0.4906371951003,0.3640212245406,0.5896065262325,0.6255460468646,-0.2408665924341,0.3509283380673,-0.2714446187810,-0.1976541330080,0.1546405199437,0.3323324250139
0.5436697013507,0.7709207572148,0.7454647907670,0.5914864095943,0.2808847877900,-0.3803701980665,-0.0025223518774,0.0146349548738,-0.1756269351612,0.3696833022311,0.1493067671170,0.1708649542145,0.3845790885366,0.1737374867713,0.0948103847595,-0.2443395524365,0.4203190058352,1.0000000000000,0.5198410570921,0.8109365956166,0.3962255691470,0.5256291276145,0.3625450912389,0.7859695679285,0.2319741203637,0.4311632358857,0.6258881471829,0.6278002934559,0.1329558258687,0.4512070188809,0.6840513266240,-0.2499777255752,-0.4968896551266,0.2310227223363,0.6286757872866,0.1857717482100,0.7584442445857,0.5626221445474,0.5021006635473,0.3240430196200,-0.4287086044073,-0.3307857005629,-0.2308778756938,-0.4805276166031,0.2063327037985,0.0805646843563,0.3542043637314,0.3381711176042,0.2089787743154,-0.4423041113973,-0.4042984019845,0.4406774962267,0.8404066108090,0.3747999781461,0.6663516195890,0.3735224220133,0.3693385927757,0.3561181849522,0.6216944589998,0.1715575612434,0.4986356903600,0.6303748546150,0.5958852392487,0.1926863910620,-0.0095747450830,0.4289721112393,-0.4614984009257,-0.3009186422538,0.1001345430185,0.6141348347966
0.5184061757799,0.4630482624817,0.5043756224043,0.3773346684715,0.0057853855990,-0.1285586401955,-0.0233822184380,0.0418034113187,-0.0151818609874,0.1499320283564,-0.0363264949960,0.5645577809427,0.0576061155672,0.3793439238195,0.4293115226965,-0.1647478409030,0.0800756761719,0.5198410570921,1.0000000000000,0.5897778996802,0.0650910454208,0.1226065809620,0.1826568162555,0.3283834358398,0.0480350654210,0.4596543163368,0.4514056514203,0.5075583467173,-0.1215163686310,0.3709668738058,0.2654562484080,0.1068832499119,-0.1705672724295,0.0875341436621,0.3466101846893,0.2902613535830,0.4324494537499,0.3902831034085,0.3499429462669,-0.0312432050576,-0.2390401849578,-0.2621948590988,-0.1308470906644,-0.3023410135331,0.0285801990659,-0.1338407665173,0.5384190855628,0.0170662093803,0.3473630742736,-0.0705571463686,-0.3142976286787,0.0437616996838,0.3956786704003,0.6467275016128,0.4572753368428,0.0616120485263,0.0324005048735,0.1323743844258,0.2432433334655,-0.0529086880661,0.4263700014468,0.4734793560930,0.4210042503299,-0.1323039921703,-0.0193436511734,0.0747111070156,-0.1481794281244,-0.1368915788531,-0.0387280577827,0.2988886288438
0.5812998555950,0.6909839005460,0.6489349305114,0.6210243969786,0.2343869987975,-0.3879980528230,-0.0267108065169,0.0144174510138,-0.1573107619805,0.3267947497287,0.1775026740307,0.3011202321645,0.3886326961515,0.2870554207319,0.1324399197324,-0.1866875538959,0.2572034062618,0.8109365956166,0.5897778996802,1.0000000000000,0.3868344187998,0.3513278683504,0.3739914192593,0.6127552290865,0.2411687846466,0.5680473933984,0.6709883987566,0.5520503932743,0.0366897741582,0.5108729568359,0.5569570372503,-0.3235137002632,-0.4704040986863,0.3182387517890,0.6790825155921,0.2329549472801,0.7029718211251,0.5378276390960,0.5216439981235,0.2244377490418,-0.4694807970876,-0.3456631549097,-0.2736380383370,-0.5268892228299,0.1892976862903,0.0151967932913,0.3902217085366,0.3374796184263,0.2940121105238,-0.3991119098482,-0.4198038907262,0.2759255613344,0.6360823588220,0.3967232842476,0.7095784949420,0.3518578010872,0.1575875408432,0.3636353831868,0.4029816870982,0.1544917290761,0.5536294636910,0.6620765298530,0.5289297269208,0.0279326435814,-0.0196901858318,0.2970020731443,-0.4168194453127,-0.3038520555795,0.1242590677397,0.5981001401887
0.4586030300356,0.4757421392510,0.4878439736205,0.5113866322921,0.8048274721201,-0.4841569444460,0.1976432938947,-0.1654267601573,-0.0831598826163,0.5318431413879,0.6169312389661,-0.1364587919334,0.8309292811211,0.1829584076364,0.0420106937338,-0.2281303050317,0.5358158359653,0.3962255691470,0.0650910454208,0.3868344187998,1.0000000000000,0.5932030817919,0.2677790094953,0.6057229112911,0.2444034048535,0.3030020813058,0.4657964314479,0.4737974661411,0.2451956807271,0.2916810659608,0.4451513161439,-0.2358646483246,-0.4463008280766,0.2377746309993,0.3487751956634,-0.1486486627239,0.4921793885395,0.3502275569740,0.4845360184678,0.7766210969929,-0.5367316189047,-0.1177017231552,-0.4489736872884,-0.4204248370333,0.4124382201280,0.6015393109573,0.1436368844469,0.8312734405737,0.2156746400765,-0.4694621030199,-0.3068688110446,0.5014594751967,0.3340071257512,0.0729586634526,0.0907093534521,0.9685740024956,0.4036853352393,0.2863671081084,0.4643240627429,0.3777075227543,0.3665448592843,0.3165818925105,0.4838015761507,0.3479744218362,-0.2122210703822,0.1307647685264,-0.3672891882583,-0.2625153354052,0.1507475498356,0.3503111090775
0.3635587451981,0.6195439603665,0.6296950705900,0.5601122368544,0.5130855847636,-0.4215776451803,0.2183224087338,-0.0395157690467,0.0339007498674,0.3841516998024,0.3986278648280,-0.1395288426600,0.4932905964332,0.0946707554326,0.0651537136638,-0.1634760293264,0.8598819915850,0.5256291276145,0.1226065809620,0.3513278683504,0.5932030817919,1.0000000000000,0.3991172737196,0.8577865738420,0.3898349739523,0.3942833217081,0.4917767501559,0.6101240567868,0.4533422727583,0.4392808850255,0.7438104575855,-0.2086502241669,-0.3732287201996,0.3948979167767,0.4272961380533,-0.1940488337109,0.5346249963564,0.4569756484736,0.5478082803438,0.5758114154739,-0.4418656060040,-0.0714222300079,-0.3837647371138,-0.3153631148489,0.2912827983787,0.3989554128137,0.0449215709352,0.5567279438360,0.0774264586974,-0.5281127126381,-0.2802225671867,0.7821057334928,0.3691307062349,-0.0381428689092,0.1033985583048,0.5939503459561,0.7467874754318,0.3862859346704,0.7398149979197,0.4796383830335,0.4390423158171,0.3437729550137,0.5859004647980,0.6267936457826,-0.2021808761418,0.3656919943424,-0.4278584233145,-0.2341668728895,0.2431393993286,0.4211860116671
0.4100141051507,0.5754026139147,0.4091863177682,0.5931641306404,0.3815721363269,-0.3506892950532,-0.1114736291175,0.1960693720733,-0.2537160985129,0.4697147669517,0.0464984160847,0.0933674105236,0.2468681583732,0.2645375972041,0.0082043209218,-0.2098475102096,0.3137733463728,0.3625450912389,0.1826568162555,0.3739914192593,0.2677790094953,0.3991172737196,1.0000000000000,0.4734243683959,0.6450510278254,0.3620737281953,0.4471690594591,0.4402323852400,0.3902554485581,0.3607059527625,0.5604641535757,-0.1647325386779,-0.3910236963761,0.3261190724562,0.4199401812541,0.2309391044174,0.5563109401498,0.2805449227742,0.4805768313731,0.4163348664831,-0.3698499030420,-0.4044327263163,0.0478764464090,-0.5228535518078,0.4893200083223,-0.0446386811847,0.2035729039122,0.2277253265675,0.2165054357593,-0.3231228705757,-0.2825434713705,0.3709007229731,0.3273845118149,0.1046242398782,0.3775968749044,0.2717502248799,0.3222330797932,0.8887026697990,0.3609580322765,0.6567060306122,0.4471627335108,0.4775490852782,0.4599928042520,0.3940815928963,0.0726046492490,0.4764819187747,-0.2564993511272,-0.3073435406783,0.3476826032881,0.3983246165488
0.5103958214109,0.7787610105330,0.7942406142352,0.6625952446416,0.4776899566544,-0.5032549768966,0.0762763506308,-0.0480625875929,-0.1404575717436,0.4347683329197,0.3477253701672,-0.0144875536849,0.4821079574762,0.1634556092415,0.0201030237411,-0.3149013474652,0.7587738163455,0.7859695679285,0.3283834358398,0.6127552290865,0.6057229112911,0.8577865738420,0.4734243683959,1.0000000000000,0.3871778470593,0.4534411949226,0.6615500571447,0.7338918181620,0.3375656358753,0.4726576594857,0.8488312069128,-0.3205264888074,-0.5214757144387,0.3297525506258,0.6086017379260,-0.0013607465579,0.7677036816281,0.5996051549802,0.5941853806856,0.5358723377136,-0.5295415184570,-0.2759088179568,-0.3611336510024,-0.5033015440479,0.3277781457388,0.3024419781366,0.2584513609174,0.4957921018159,0.2235041731703,-0.6005866676420,-0.4623988959705,0.7184317334544,0.6698484527757,0.1904678262179,0.3796461411692,0.6015291932367,0.5974400078494,0.4888790073018,0.8007971601716,0.4079415445720,0.5578861045220,0.5769824735036,0.6936951875923,0.4592186413423,-0.1314891457401,0.5125322466287,-0.5119610037499,-0.3196687455060,0.2029744419609,0.5542760366746
0.4644285464382,0.3845699210254,0.3742481240174,0.5360271346052,0.3166593053794,-0.3051766398145,-0.1537953282748,0.5115058785067,-0.2020616720610,0.5942646030742,0.1137725884554,0.1490137342615,0.1360196352026,0.3049099357531,0.2068225056851,-0.0969653565848,0.3557611893063,0.2319741203637,0.0480350654210,0.2411687846466,0.2444034048535,0.3898349739523,0.6450510278254,0.3871778470593,1.0000000000000,0.4156554390251,0.3784150258082,0.3359328046965,0.6495248202036,0.2908104642179,0.5630581320968,-0.0758070468073,-0.3070126604929,0.2271890722915,0.2471330694459,0.1956665881693,0.2548874916971,0.2601767777700,0.4121425200607,0.3179427328878,-0.2656612579029,-0.3406190366507,0.2481870369738,-0.3651067615449,0.6091762637316,0.0725621702873,0.1497284789426,0.1570659835405,0.2488432001705,-0.1331792512825,-0.1869756676054,0.2787787605770,0.1384466863652,0.0394816700995,0.1608531221541,0.3027779675325,0.0922380153831,0.5173137098483,0.0874189578297,0.8891617048594,0.2876552076235,0.2605851489413,0.2994092633835,0.5639774372875,-0.1802915517717,0.3599116171247,-0.0478577268663,-0.2671574225291,0.1669455153878,0.2474750818103
0.5190206772443,0.6208965940918,0.5420395103656,0.6026728489077,0.1718816917115,-0.2853743662133,0.1028946969686,0.0027974371561,0.0680237024217,0.4177002559781,0.1528680014837,0.3674602097461,0.2436131442969,0.6255765348346,0.2327939680742,-0.0153466459024,0.3933987092928,0.4311632358857,0.4596543163368,0.5680473933984,0.3030020813058,0.3942833217081,0.3620737281953,0.4534411949226,0.4156554390251,1.0000000000000,0.6233284260362,0.5765207396212,0.1095061083698,0.3171532590675,0.4227571937094,-0.0395553486426,-0.2900564128868,0.1289081525315,0.4347024535876,0.0419082070829,0.5081096923075,0.4956363839654,0.5249894800051,0.1433322432478,-0.3510140579181,-0.1889510285425,-0.3091699423399,-0.3346585327537,0.2927952486079,0.0435468870466,0.4143464758767,0.2316511436968,0.5480074304147,-0.3274361198811,-0.2113271511533,0.2905595936044,0.2149149304865,0.3194695657463,0.3338735525577,0.2924950437169,0.1431452667556,0.3011314093787,0.2331064008471,0.3324578733160,0.6985674797404,0.5069297591522,0.5051334010592,0.1087491648653,-0.3257212890496,0.1081743595689,-0.0661448512492,-0.2780754670860,-0.0732827379476,0.3678674978561
0.4909055807785,0.7896642289444,0.8236550269843,0.7139877307365,0.2163146196266,-0.3608586642473,0.1026049541195,-0.1098409083080,0.0588277989195,0.3824095841778,0.2429519350830,0.2571966418449,0.3806182449773,0.4525201136886,0.0292901563699,-0.2044134215485,0.5004718474786,0.6258881471829,0.4514056514203,0.6709883987566,0.4657964314479,0.4917767501559,0.4471690594591,0.6615500571447,0.3784150258082,0.6233284260362,1.0000000000000,0.8444816287196,0.0074040215356,0.2611908647284,0.6551813995547,-0.2327831802549,-0.3967240355080,0.1377692397453,0.4296344025022,-0.0290967672534,0.7212282409411,0.6984234268070,0.6457239045118,0.2548934986714,-0.4578823480765,-0.1728751822932,-0.4274384852270,-0.3664727108674,0.2462449504873,0.2539369383599,0.4604463562054,0.3727972143389,0.5012885695665,-0.4293433673588,-0.4496258048321,0.3625795036741,0.4164425902381,0.3878242041899,0.4565970846192,0.4651842727973,0.1647764364731,0.3846214231049,0.4078579577749,0.3666414801039,0.7220506449068,0.8544187460269,0.7729068670562,0.1472795907831,-0.3583828345494,0.2944841836533,-0.3845231443149,-0.2449660927198,-0.0315260580188,0.3502864692563
0.5559005298410,0.7862118217259,0.8865102128256,0.6595728395031,0.2722825503420,-0.4368739121842,0.1358619565364,-0.2011207673111,0.0364080964773,0.4334536225352,0.2223505953680,0.1479216664939,0.3776108958787,0.3328445289439,0.1300861550031,-0.2770448221436,0.6290817634185,0.6278002934559,0.5075583467173,0.5520503932743,0.4737974661411,0.6101240567868,0.4402323852400,0.7338918181620,0.3359328046965,0.5765207396212,0.8444816287196,1.0000000000000,-0.0144467294679,0.2014185357259,0.6304524077095,-0.1863004824730,-0.4073344099205,0.0599804585115,0.3962991407493,-0.0495993744203,0.7511874639388,0.7463363427550,0.6040640567587,0.3322885323282,-0.5323659033298,-0.1835604285151,-0.4399219976454,-0.4011553149729,0.2967713361558,0.2645505461248,0.3786404563311,0.3610007999362,0.3876065097869,-0.4710026454359,-0.4643077557947,0.5314908893114,0.4767465112275,0.2817612519470,0.4115362503627,0.4561095223645,0.3792417114934,0.4198494206972,0.5834652531797,0.3729896171895,0.7085793753648,0.7699447384693,0.9235505164123,0.1836580429210,-0.3579450268283,0.3077957349079,-0.4559520268988,-0.2516211276521,-0.0877465817659,0.3422661307736
0.2003251810567,0.0893905139207,0.0737043374147,0.2311938755243,0.4474674129341,-0.2339761620304,-0.1640243992922,0.6600488762677,-0.2585879949332,0.3164093611525,0.1622290236976,-0.0375160878925,0.1693086951225,0.0426359747687,0.1425474365378,-0.0583656107397,0.3935471540690,0.1329558258687,-0.1215163686310,0.0366897741582,0.2451956807271,0.4533422727583,0.3902554485581,0.3375656358753,0.6495248202036,0.1095061083698,0.0074040215356,-0.0144467294679,1.0000000000000,0.3444959535692,0.4052032274501,0.1313088932517,-0.2313624387938,0.3488247679118,0.1664019038166,0.0768577058129,-0.0169623214606,-0.1478818671189,0.1647547464131,0.3995545489452,-0.1307559089515,-0.2576676666002,0.4064949292944,-0.2513904505377,0.2966460597336,0.1501259980679,-0.0598866321287,0.2305662255724,-0.0424675448466,-0.1430746108507,0.0097673006610,0.3909908061636,0.0834068706611,-0.1177294539237,-0.0945344010872,0.2916078481332,0.2780458463619,0.2828761925393,0.1883702215531,0.5907436565755,-0.0931200714492,-0.1703097927045,-0.0737156300488,0.8375509608320,0.0299483328970,0.2790971246677,0.1351608023355,-0.2267850396250,0.3579663819692,0.1845548860499
0.4540900307837,0.4798181793335,0.2376580637589,0.5139574592497,0.3712941844161,-0.0725242717170,0.1470972448534,0.2954876132442,-0.0721505001203,0.3014199319837,0.3581981754757,0.4167807937309,0.3343334006567,0.2697816126067,0.4712077200364,0.0710237242847,0.2459285451097,0.4512070188809,0.3709668738058,0.5108729568359,0.2916810659608,0.4392808850255,0.3607059527625,0.4726576594857,0.2908104642179,0.3171532590675,0.2611908647284,0.2014185357259,0.3444959535692,1.0000000000000,0.3898416555921,-0.0013781490127,-0.1224992616552,0.7469011345467,0.5471719386476,0.2586341857417,0.3917565715719,0.1478427548300,0.4652580748350,0.3170346115838,-0.1379892949444,-0.2049303978230,-0.0539140732604,-0.3214532167585,0.3083859228688,0.1132996327362,0.2527184246861,0.3516540960086,0.1017433878662,-0.0651502218075,-0.1085289443350,0.3317602829560,0.3122705959803,0.2073823133991,0.2901796324476,0.3171580776908,0.2492956722135,0.3638211822717,0.3208849592947,0.2124967327760,0.1503750851744,0.2009642203609,0.1846981187354,0.2149220408417,0.3582610192803,0.1052778330544,-0.2637268043289,0.0381529900591,0.5593334141545,0.6008224107707
0.4317818496322,0.6913004195688,0.6941343247713,0.5912120823711,0.3497371006814,-0.4209275291569,-0.0258850452042,0.1272176769823,-0.1184143431872,0.3730854643421,0.1963902895702,0.0004833418757,0.2995126878410,0.0868575218803,-0.0262126772076,-0.2364868947265,0.6148915284111,0.6840513266240,0.2654562484080,0.5569570372503,0.4451513161439,0.7438104575855,0.5604641535757,0.8488312069128,0.5630581320968,0.4227571937094,0.6551813995547,0.6304524077095,0.4052032274501,0.3898416555921,1.0000000000000,-0.3542834436066,-0.4714236667559,0.2765330605542,0.5165837458905,0.0796852054687,0.6267850578038,0.4971497788515,0.5011366065763,0.4518412204906,-0.4141912575734,-0.3034404134719,-0.1742631996579,-0.4303134416076,0.3036564124514,0.1241150816601,0.1837683687880,0.3350299933745,0.1247160107318,-0.5053175819492,-0.3906040031518,0.5075012657218,0.5622949019594,0.1558258946203,0.4243665174241,0.4521167388717,0.4532629703858,0.5004559123773,0.5847539398251,0.5464754413473,0.5063582858370,0.5666445879143,0.5805820186694,0.4775341640418,-0.1673493064558,0.7046223881582,-0.4833341570619,-0.3384513773162,0.1719523018326,0.4743452957427
-0.0144785603857,-0.2110390535519,-0.3012793016105,-0.0456827410424,-0.0721070119603,0.2230908782102,-0.1142114355911,0.3167822701798,-0.0097150858281,-0.0273909906905,-0.1992373212447,0.2015640630291,-0.1610815116232,0.0719463762516,0.3322252488000,0.0929979954513,-0.1878077860491,-0.2499777255752,0.1068832499119,-0.3235137002632,-0.2358646483246,-0.2086502241669,-0.1647325386779,-0.3205264888074,-0.0758070468073,-0.0395553486426,-0.2327831802549,-0.1863004824730,0.1313088932517,-0.0013781490127,-0.3542834436066,1.0000000000000,0.2953863154458,0.0124509526861,-0.1370205678943,0.0661246150074,-0.3590977903291,-0.4628889316954,0.0033911086291,-0.1932319181901,0.2109464020582,0.0265107662577,0.3237632011555,0.1524040124174,-0.0424693841369,-0.0593200276624,0.0176535787946,-0.1727304690191,-0.0612387104141,0.3565636011332,0.3023145238309,-0.2123383982625,-0.2732934699823,0.0370045051306,-0.2648342919507,-0.2161132884073,-0.2459809365873,-0.2362791465142,-0.2832183143223,-0.1070323082570,-0.2044518285309,-0.3454252153494,-0.2804782804855,-0.0159793743079,0.1205628362330,-0.3879178419511,0.5606052481862,0.1269750670252,0.0572422904612,-0.1478858169071
-0.2729914391539,-0.4568028341361,-0.4650602210011,-0.3764961597749,-0.4038544847972,0.8276600522611,0.3595818876354,0.0470132550512,0.6194403923192,-0.3181161442391,0.0169881680839,0.1486017768088,-0.4110913837539,-0.1256353003064,0.1685291238331,0.5424302260288,-0.3591619080758,-0.4968896551266,-0.1705672724295,-0.4704040986863,-0.4463008280766,-0.3732287201996,-0.3910236963761,-0.5214757144387,-0.3070126604929,-0.2900564128868,-0.3967240355080,-0.4073344099205,-0.2313624387938,-0.1224992616552,-0.4714236667559,0.2953863154458,1.0000000000000,-0.0656482095689,-0.2474762928615,-0.1018049566277,-0.5120949359818,-0.4077889526043,-0.3404158244848,-0.4459068047573,0.7241586687449,0.5780799018722,0.1290424858175,0.7496725891674,-0.3047475168099,0.0242930535218,-0.1206541592260,-0.4011208318196,-0.1475174451075,0.5128307630441,0.5138851663121,-0.3733316954161,-0.4526340726105,-0.2169606998308,-0.4124592518276,-0.4409458174215,-0.3190929310280,-0.4018955453460,-0.4484291880635,-0.3359118079465,-0.4252368617254,-0.4419369216697,-0.4083768163529,-0.3482067748281,0.0658220402766,-0.3447910737989,0.2801613603699,0.7966677435802,-0.1540228441529,-0.2963941107962
0.1958273677594,0.3308133355666,0.0863283659903,0.3776931984202,0.3119049800126,-0.0597034104321,-0.0597077025725,0.2068282183259,-0.0966024473061,0.1171762491260,0.1737750137864,0.1678282368596,0.2433137965518,0.1188082206681,0.1651212603829,0.0560988651537,0.2736774079547,0.2310227223363,0.0875341436621,0.3182387517890,0.2377746309993,0.3948979167767,0.3261190724562,0.3297525506258,0.2271890722915,0.1289081525315,0.1377692397453,0.0599804585115,0.3488247679118,0.7469011345467,0.2765330605542,0.0124509526861,-0.0656482095689,1.0000000000000,0.4414414230713,0.1086886056310,0.2543998568948,0.0119968737207,0.4111737458718,0.2558714096667,-0.1087804397726,-0.2025138424383,-0.0648630894049,-0.2098448570359,0.1229979854978,0.0731803489879,0.0358993308118,0.2859850554614,-0.0297951372888,-0.0609776147424,-0.0805944782926,0.3818460514498,0.1123147911853,0.0360444113062,0.1237237894008,0.2857878965975,0.2809017928899,0.3746503290870,0.2765621271395,0.1789508299896,0.0968638379248,0.0591078740439,0.0448324133730,0.2949452041975,0.3605683132871,0.1037173473585,-0.1522564391465,0.0489862693877,0.8026805709134,0.4856466937967
0.5150294639312,0.6408672112598,0.4192764804208,0.6139093388927,0.2431419381589,-0.2229367299558,0.0104848352514,-0.0423565018117,-0.1905433986521,0.3850201555944,0.1782874460653,0.2834467711145,0.3502652242478,0.2070083819569,0.0062039722492,-0.0811702306661,0.3535314354222,0.6286757872866,0.3466101846893,0.6790825155921,0.3487751956634,0.4272961380533,0.4199401812541,0.6086017379260,0.2471330694459,0.4347024535876,0.4296344025022,0.3962991407493,0.1664019038166,0.5471719386476,0.5165837458905,-0.1370205678943,-0.2474762928615,0.4414414230713,1.0000000000000,0.2860181586882,0.6852690661469,0.3015474196766,0.5027635035048,0.2363330299209,-0.2544054258146,-0.2721867197889,-0.1596446001052,-0.3901366310958,0.2430118214287,0.0758129060438,0.4062490887204,0.2800672371719,0.2641307869670,-0.3850256640156,-0.1718577088082,0.4447098549115,0.6262877261980,0.2688131581492,0.6023934118047,0.3242275377921,0.2869654527484,0.5152812338767,0.5061403676487,0.1862752017089,0.4948438856987,0.4772365329935,0.3945782290014,0.0972039082511,0.2366743409259,0.4307563127022,-0.2574941747797,-0.0989856573765,0.2857877419940,0.8321837362304
