1.0000000000000,0.3332424894838,0.0611864173909,0.3707090931213,0.5065641924695,-0.1557426204145,0.1648970117201,0.2469032961094,-0.1179019897878,0.4827211821972,0.1574370636867,0.1171430279651,0.4703488868554,0.1303483271266,0.4555148586889,0.1751090480395,0.3450064071833,0.6006102107501,0.1019417745694,0.5639902498723,0.4574154941984,0.4751039984557,0.4053969083073,0.4788950465415,0.4725134191373,0.3423072926426,0.1731645743805,0.1144763960172,0.4979208850653,0.5583996379415,0.5105118573383,-0.0094123128391,-0.0238852132761,0.4358337343728,0.3003473330490,0.7065323354035,0.1259154425094,-0.2938289249827,0.3475300014338,0.4446936819820,-0.0069497883544,-0.0338393922211,0.0027783355744,-0.2720355782570,0.4761021644186,0.4093504607655,-0.1132174823553,0.4695992718107,-0.0486653058602,0.1575463135512,0.1102069207746,0.3651418301657,0.3025330251454,-0.1905872504833,0.1806347342914,0.3774244499065,0.3153681228652,0.3120706952843,0.2187044017371,0.3850028550095,0.0713172311743,-0.2275364282944,-0.1189194002870,0.3564682618299,0.3600721713278,0.3674303362547,0.1797812406231,0.0373731744609,0.3120829801392,0.2620678936703
0.3332424894838,1.0000000000000,0.2564373359909,0.6506753114436,0.1182381873541,0.0564696949928,0.0951225794962,0.2658070770183,-0.0409005251346,0.3445203754010,0.0119332498314,0.2628972223526,0.1099189311379,0.0483186951219,0.0709564117616,0.1288274507243,0.1886446002125,0.4624842408596,0.0220945512980,0.3966883207443,0.0709280555494,0.2890027739415,0.6565058520770,0.3002964470585,0.4222317743580,0.5803242906696,0.3342158395987,0.3417988226064,0.2100409450889,0.2060210901766,0.4541237221508,-0.1304973956002,0.0436583370308,0.2256594482298,0.4374804271246,0.2385615782243,0.7637218844958,-0.0152940772381,0.6732110438104,0.0680737497042,0.0681707106757,-0.0034802834519,0.1489023559539,-0.1769607582646,0.3839282318208,0.1259481942736,0.0700191645456,0.0982378865431,-0.0544803499197,0.0689465343799,0.1426528607322,0.2441638173354,0.2369212275423,-0.1569780309275,0.0876603664375,0.0135380193039,0.0665284395068,0.5664055439858,0.0876425309804,0.4399654427669,0.3849108512681,-0.0967937428332,0.2265181622604,0.1638568141071,0.1085452325913,0.3820522139823,-0.0503092378682,0.0793080038389,0.1871206311330,0.4046728451764
0.0611864173909,0.2564373359909,1.0000000000000,0.4324788415866,-0.1949866218270,0.2617195537959,0.0935560414342,0.5611538892045,0.3049576034847,0.1839913805983,-0.1671574141140,0.3529944108825,-0.1619016065085,0.2095084922887,0.2664845882281,0.2169379983141,0.0938176684407,0.4346077140712,0.1639365151088,0.3528892398884,-0.1476317101045,-0.0354902981709,0.1686774195115,0.0399932471959,0.1065471748095,0.3750230391842,0.5533700178793,0.6885262918437,-0.0272169780102,0.0237236793778,0.3861512454026,-0.1488080634231,0.1409354769125,-0.1148887663934,0.1150636064487,-0.1123843848680,0.0844062678128,0.5739168718074,0.2711027393388,-0.2452285784532,0.1374403391308,0.0190990318269,0.2505614364254,0.1192899838489,0.2537585399683,-0.2422456730586,0.1003777072760,-0.2447714309734,-0.0209711371092,0.0374293121135,0.0590734515937,0.1044007333896,-0.0838928859733,-0.1284642823086,-0.2599936914538,-0.2254345502047,-0.3755012553637,0.0181321334251,-0.2480198695867,0.2255391645945,0.1740268096426,0.0183171492078,0.7138444213789,0.0096595525234,-0.2751150184105,-0.0724168946033,-0.1331552496826,0.1171383349196,-0.2604399513748,-0.0356886260502
0.3707090931213,0.6506753114436,0.4324788415866,1.0000000000000,0.0809136625744,0.1098273184969,0.0816687927295,0.5753400626433,-0.0616944840750,0.5473831190185,-0.1016122614189,0.2219095693725,0.0972990185145,0.1044433069168,0.2198951411149,0.2014682634039,0.1692591272730,0.5561854990161,-0.0061909872359,0.4774489458252,0.0637819446358,0.1984662832331,0.5167539286409,0.2193511444392,0.4168389189754,0.6513338201702,0.4573812454073,0.4032127981114,0.1601902210705,0.2716977766834,0.4761578380778,-0.0920774054532,0.0412212105230,0.0751236615108,0.4902859111145,0.2806157708898,0.4498430984911,0.2021179049728,0.8242276790000,0.0001185583686,0.2015870024744,-0.1093909833275,0.3776587233810,-0.2286768416773,0.5596083032151,0.0192130730925,-0.0022448920280,-0.0205725372732,-0.0396045684919,-0.0344797854455,0.1244255264851,0.1776872811501,0.1517615559945,-0.1970782781139,-0.0133880371113,-0.0854255987970,-0.0985252716211,0.4082937025248,-0.1003471158638,0.4517606787400,0.4309690041211,-0.0874078577682,0.3936006444685,0.0931804950431,-0.1461659984959,0.2825438033254,0.0597460851397,0.1529309570931,-0.1085432183790,0.2888241670837
0.5065641924695,0.1182381873541,-0.1949866218270,0.0809136625744,1.0000000000000,-0.1899683379072,0.2446778667257,0.0581443723727,-0.1760137190691,0.4451305020851,0.4709763690572,-0.1286813642671,0.7637568070311,0.0907379376555,0.1898834608219,0.2275214292951,0.2894326609554,0.2619911076084,-0.0776347586331,0.1355698808626,0.7364750915431,0.5457035697658,0.2524980088191,0.4491629035910,0.5244162629551,0.0335359618246,-0.0610781096261,-0.1372109420571,0.6653566327708,0.3991070004126,0.2789091727083,0.1688615889637,-0.0832342879352,0.3072394214643,-0.0356846387937,0.5121650320125,-0.1007332885654,-0.4078338670213,0.0320472378813,0.9337284220286,-0.1528041484028,0.0156424265834,-0.0155297794387,-0.2837412247554,0.4307849709731,0.6691724223914,-0.1740011163373,0.8267354497651,-0.0593364843024,0.0563158833539,0.1938174739626,0.3597354754518,0.1536357101292,-0.1922267451960,-0.0190077249773,0.7194550752439,0.5353322463789,0.2308402305944,0.3147532615703,0.3811882533716,-0.1198687998968,-0.2152991204829,-0.3332673848655,0.5903243270640,0.3758189889184,0.2569471688108,0.2659920751490,0.0096948680815,0.3353193107353,0.0624401200721
-0.1557426204145,0.0564696949928,0.2617195537959,0.1098273184969,-0.1899683379072,1.0000000000000,0.3927441627852,-0.0090066074185,0.5927591470737,-0.0590789193115,0.1399723056010,0.0240711911885,-0.0911205342753,-0.0329559335737,0.3474997675864,0.4251317505816,-0.1019840706454,-0.0567521427889,-0.1566982919812,-0.1065879497260,-0.1354274494868,-0.1455248968784,-0.0406441961505,-0.1873141797307,-0.1020217394034,0.0251379027300,0.0928494257793,0.1829726459386,-0.2138503136240,0.0893884594550,-0.0630299857433,-0.2280351411618,0.7255007460974,0.0079896974629,0.1618380615515,-0.1547636415690,-0.0484474534010,0.1266629126984,0.0149943605625,-0.2415537101795,0.6627307886596,0.4888119554113,-0.0282994085926,0.5470970353592,-0.0207227090648,-0.0474130661140,-0.0504710388967,-0.1905994384314,-0.2067768279817,0.3076860449910,0.3375248742091,-0.1436738176439,-0.3312377944962,-0.1384721309761,-0.4343694478643,-0.1544281559322,-0.2626082727079,-0.1301974443041,-0.3186107489465,-0.1080115268821,-0.1090300580144,-0.2153352783818,0.2309875089026,-0.2106279749003,-0.1754183541188,-0.2142374116792,-0.1832826064913,0.5766897422210,-0.0253701725813,-0.0175816649392
0.1648970117201,0.0951225794962,0.0935560414342,0.0816687927295,0.2446778667257,0.3927441627852,1.0000000000000,-0.1633251758768,0.5753118728373,-0.0341184238420,0.6360773632440,0.2719961716869,0.4963154897428,0.2032618971995,0.4487004358812,0.5837226465447,-0.0193531904765,0.0108601066910,-0.0204740558965,-0.0232459264897,0.2194130044496,0.0072592415257,-0.1323236524313,-0.1123244018432,-0.0653332748073,0.0646261448612,0.0912223351249,0.1005977685953,0.1389797098721,0.3517135631036,0.0215497857823,-0.0945060279294,0.4211962383858,0.0737940823563,0.0179324253865,0.1284948761444,-0.0972907475338,-0.2360538284106,-0.0263640663461,0.2058380378589,0.3430378902437,0.7931636806215,-0.3455704492735,0.4241215324591,0.0144805335731,0.5684426356922,0.1382955655504,0.4020998652658,-0.0063749950960,0.2798919936131,0.5636663360617,0.0214515448520,-0.2447355604191,-0.1679497926383,-0.3126689649350,0.1921020912625,-0.0784907106005,-0.2567892991035,-0.2390510564946,-0.1299141779484,-0.1818270294679,-0.2700700388739,0.0784549647779,0.1172340991905,0.2006007470147,-0.1463044617952,-0.0654199300945,0.3641983956026,0.1013450251572,-0.0134103337741
0.2469032961094,0.2658070770183,0.5611538892045,0.5753400626433,0.0581443723727,-0.0090066074185,-0.1633251758768,1.0000000000000,-0.1900485610045,0.5285915676188,-0.1632782109850,0.0901128474501,0.0081058887199,0.1163079949854,0.1996825083365,-0.0125590883234,0.0422345677704,0.5585015127771,0.0299737225147,0.4197563629790,0.0553570144611,0.1161408455785,0.3112029326163,0.1740588100741,0.4075264042756,0.3492617540570,0.5208097996796,0.2993655011256,0.2045689224883,0.1118062723352,0.5568269574144,0.1063543869000,-0.0776664561602,-0.0385430443017,0.1681060307797,0.1076137084594,0.1679555798923,0.2887157417517,0.4263306668202,0.0232927008045,0.0555244552235,-0.3715321263857,0.6221776114756,-0.3202363606176,0.4475431677687,-0.1348960406032,-0.1207283255565,-0.1025329449057,-0.0358169900051,-0.1677384233489,-0.1419903015853,0.0472932585041,0.1535684534917,-0.1781755880780,-0.0288979979465,-0.0837872494784,-0.1362395355318,0.2104336572121,-0.0910338453517,0.4104007085631,0.1906316402286,0.0651040515879,0.2831997734728,0.1321731197611,-0.2722977335988,0.2208923842053,0.1937181910002,0.0114017389348,-0.1691446708728,-0.0536847528386
-0.1179019897878,-0.0409005251346,0.3049576034847,-0.0616944840750,-0.1760137190691,0.5927591470737,0.5753118728373,-0.1900485610045,1.0000000000000,-0.2523915306876,0.2943399858928,0.3260173239017,-0.1042097217844,0.1549712007557,0.4660406734904,0.6115808174704,-0.1398278274803,-0.1037353622800,0.0163106468429,-0.0835936588439,-0.1687124702818,-0.2280362357166,-0.1920455276823,-0.2921294012524,-0.1628278432278,0.0405376925470,0.0676538028481,0.2208402435600,-0.1442166032765,0.0289248108078,-0.0772478274088,-0.3778552214245,0.5638420522351,-0.1119772244100,0.0346490446181,-0.2436215132614,-0.1686137025771,0.0994041044994,-0.1185365627336,-0.2498152891564,0.3827237839897,0.7746340036573,-0.2399361217440,0.8766349008878,-0.1810284665853,0.0426315089770,0.2423782176910,-0.1786457156080,0.0054295985460,0.3351327443335,0.5423056594382,-0.1500668152924,-0.3691141767726,-0.0371572208013,-0.4561623565521,-0.1679452687007,-0.3058905103656,-0.3182899779905,-0.3759719059992,-0.2091097990762,-0.0727233134833,-0.1229696643164,0.2448346271160,-0.1499951681203,-0.1420409226088,-0.2874061760942,-0.3990859516101,0.3337702503670,-0.0888438464805,-0.0454161295685
0.4827211821972,0.3445203754010,0.1839913805983,0.5473831190185,0.4451305020851,-0.0590789193115,-0.0341184238420,0.5285915676188,-0.2523915306876,1.0000000000000,-0.0143740213489,-0.0506713998195,0.3843293961029,0.1332485125490,0.2327354891622,0.1616367804863,0.1847567425809,0.4750876642462,-0.0950650546913,0.3421084666769,0.4547286821718,0.3088040379061,0.3961037214464,0.2983067286878,0.5713118336565,0.4646353733324,0.2989624592885,0.2559812439864,0.3309577342009,0.2516106107890,0.3389260876571,0.0511739697890,-0.0511794325739,0.1655904452788,0.1894210254049,0.4017715169682,0.1886533630837,-0.0213020472594,0.4689903597191,0.3840346472445,0.0476283115889,-0.2068085893621,0.3443824063187,-0.3531558098068,0.8038165053861,0.1726137369426,-0.2253732773706,0.3341284347862,-0.0239128085313,-0.0107500684411,0.0947805281703,0.1839463944933,0.1499521783173,-0.2595138188909,0.0042573949537,0.3672250387186,0.1198880320016,0.3298549870493,0.0189230359634,0.5151409344151,0.3470021311222,-0.0991636310947,0.0171351317809,0.2062825455463,-0.0155702999716,0.2068788000484,0.1504096993730,0.0389858815274,0.0490291347839,0.0506794901131
0.1574370636867,0.0119332498314,-0.1671574141140,-0.1016122614189,0.4709763690572,0.1399723056010,0.6360773632440,-0.1632782109850,0.2943399858928,-0.0143740213489,1.0000000000000,0.0331915764228,0.6227706359411,0.1311978745586,0.3869912046353,0.4409791036025,-0.0941062867850,-0.1106764939551,0.0231334569986,-0.0686874918865,0.4142900282483,0.1104635459269,-0.0692919987134,-0.0376188124348,0.0548064601880,-0.0941734556186,-0.1819527233790,-0.2101973292782,0.2356490255073,0.3949961689555,0.0116237582678,0.0236116040025,0.1438541915265,0.3252456751429,0.0503433530992,0.1491006878078,-0.1982899980037,-0.3845795612813,-0.0502016089634,0.4478885877177,0.0814349368994,0.5020884204732,-0.2773993419473,0.2108271591161,0.0494880928117,0.7783160159206,0.0457721203678,0.5816719657950,0.0411613131149,0.2744095260710,0.3645272118025,-0.0415757207743,-0.1289883556027,-0.0089081165211,-0.1561951027869,0.4199870172948,0.1426683064806,-0.1751701093216,-0.0730782169684,-0.0945916688647,-0.1927773383340,-0.3483131368673,-0.2540924769735,0.2261096248964,0.3262532468243,-0.1009377473442,-0.0105785729789,0.1164017312567,0.3845595886127,0.1107333373872
0.1171430279651,0.2628972223526,0.3529944108825,0.2219095693725,-0.1286813642671,0.0240711911885,0.2719961716869,0.0901128474501,0.3260173239017,-0.0506713998195,0.0331915764228,1.0000000000000,-0.0453531691135,0.6169603455696,0.3008301227617,0.3183999331536,0.0892552705706,0.1960619980869,0.5800985184079,0.3346610239258,-0.1385053452218,0.0543782833148,0.0367156476557,0.0113022598427,-0.0391213542900,0.3954976122986,0.3721660244807,0.4196279330657,0.0367082182107,0.2009259414878,0.2152972687643,-0.0401211234165,-0.0400925439105,-0.0479384639145,0.2689471412031,0.0174385700550,0.1048757403170,0.0856488305809,0.2050269940116,-0.1656156083454,-0.0571078318384,0.2082543218239,-0.1027871415503,0.1303920258364,-0.0099417243826,0.0448178779540,0.7661134376600,-0.0754897716887,0.5170886568588,0.2295314196044,0.2787553507968,0.1325492711285,-0.0046286934460,0.3321830929698,0.0255193085491,-0.2000282863447,-0.1434483590938,-0.0505390269208,-0.1551886650554,0.0608002021907,0.2870523550176,0.1020952167345,0.3666483036340,0.0149570330456,0.1803994035596,-0.0277215954106,-0.1187022868483,-0.0422856352818,-0.0749736639028,0.2822307204542
0.4703488868554,0.1099189311379,-0.1619016065085,0.0972990185145,0.7637568070311,-0.0911205342753,0.4963154897428,0.0081058887199,-0.1042097217844,0.3843293961029,0.6227706359411,-0.0453531691135,1.0000000000000,0.1197596239550,0.2525674758983,0.3177102009819,0.1335141790112,0.2636498721587,0.0182631678729,0.1889616061204,0.8273721491643,0.3707114586124,0.1171427713798,0.3161834516762,0.3437431220753,0.0530972150411,0.0513823970154,-0.1226665295435,0.5105932849273,0.4331487736018,0.2142069809723,0.1698964738098,-0.0241739270390,0.3658908594170,0.0375714453325,0.4565932206898,-0.1050722172290,-0.4177905632822,0.0475383574906,0.7127460776320,-0.0206647800385,0.2009720655670,-0.1289147619995,-0.2267630451738,0.3720271135295,0.7522355383959,-0.1056704866746,0.9091573985369,-0.0572731261319,0.0950159110436,0.2568197001885,0.2193761561270,0.0969361921658,-0.1397310922000,-0.0241217815913,0.7902565743088,0.3216844147634,0.0471379089115,0.1506243469016,0.2280498065889,-0.1532727945318,-0.1639262549600,-0.2584066947013,0.4403420319838,0.3638078117035,0.1288627061151,0.2337153982770,0.0839051460979,0.3576268082894,0.1051949246142
0.1303483271266,0.0483186951219,0.2095084922887,0.1044433069168,0.0907379376555,-0.0329559335737,0.2032618971995,0.1163079949854,0.1549712007557,0.1332485125490,0.1311978745586,0.6169603455696,0.1197596239550,1.0000000000000,0.3747582127479,0.3706558119972,0.1619141002729,0.1031890329357,0.5528910434066,0.1999116974121,-0.0376183613472,0.1596638992946,-0.0344767324172,0.0834646532959,-0.0437209838970,0.2025889813369,0.2178204185397,0.3424902782195,0.1155143061986,0.2518221433734,0.1094156321106,0.4125760480743,-0.0138292441932,0.0125692192691,0.0870466470365,0.0426166464399,-0.1882533267558,-0.0231503819624,0.0262430756190,0.0922142726568,-0.0555851649809,0.0743255256051,-0.1280757172981,0.0191561923728,0.1224836417627,0.1636624914741,0.6062483422836,0.1085726532867,0.7995556554221,0.2028663082522,0.3197281878031,0.1512275037592,-0.1053169814297,0.4067388077713,-0.0576753969516,-0.0631133899012,-0.0023301763900,-0.1309626193227,-0.0991045563400,0.0091862471650,0.1080410546505,-0.1061946448497,0.1366606433951,0.0543866102311,0.1647404699393,-0.1735041030307,0.2159576314131,-0.0414303747127,-0.0031283622503,0.1377238748033
0.4555148586889,0.0709564117616,0.2664845882281,0.2198951411149,0.1898834608219,0.3474997675864,0.4487004358812,0.1996825083365,0.4660406734904,0.2327354891622,0.3869912046353,0.3008301227617,0.2525674758983,0.3747582127479,1.0000000000000,0.5225103398692,0.0117380169831,0.2071181309052,0.2357351915047,0.2400426573906,0.1338022346846,0.1264428874929,0.0295799895884,0.0306896084600,0.1517557424133,0.2089614940252,0.1503028343107,0.3069151817199,0.1721117080217,0.5737128014055,0.2074007124678,-0.1205422723097,0.3744086693706,0.1937493250282,0.2414129398520,0.2217258810114,-0.2088314595792,-0.0986317674644,0.0958937331225,0.0987035757085,0.2767790868986,0.3617720896281,-0.0905614113089,0.2903797330765,0.2680677410503,0.2876051369651,0.1111405830976,0.1631796789818,0.1443703280128,0.4533061080426,0.4546893575986,-0.0260931430614,-0.1926807513243,-0.0033700024146,-0.3062800121602,0.0735221153913,-0.0331905690973,-0.1247334514814,-0.2304828293656,0.0209839990861,-0.0534880704283,-0.4202384504838,0.0960034025405,0.0798973353717,0.1265460276877,-0.1234970177972,-0.0384690384397,0.3675269762765,0.1250299948269,0.0807188042000
0.1751090480395,0.1288274507243,0.2169379983141,0.2014682634039,0.2275214292951,0.4251317505816,0.5837226465447,-0.0125590883234,0.6115808174704,0.1616367804863,0.4409791036025,0.3183999331536,0.3177102009819,0.3706558119972,0.5225103398692,1.0000000000000,0.0629939089024,0.0768040651405,0.1144867677610,0.0785895837755,0.1571536535521,0.0750386429658,0.0830105711060,-0.0530859524651,0.1658911688147,0.1729692865706,0.1087768154563,0.1606415482602,0.1230381383753,0.3588316418927,0.0925208051863,-0.1004245405595,0.4000166615852,0.0780255248955,0.1952730855821,0.0379439396053,-0.1451379757299,-0.0533434069455,0.1428085825556,0.1500798900637,0.3128741739771,0.6022483502277,-0.1133074481503,0.4542182464087,0.2228439081043,0.2938382866176,0.2834782195280,0.2239474999925,0.2141644257143,0.3413192681026,0.7909565685927,0.0840081075834,-0.1891819202595,0.0472564975394,-0.2917204727935,0.1469796085882,-0.0709402502810,-0.0943442731980,-0.2707691107840,0.1114615748741,0.0044832172869,-0.2735220506594,0.0811730798914,0.0400705275127,0.1186386285757,-0.1430740822845,-0.1347612249287,0.3477623039591,0.1047704112816,0.1355362859390
0.3450064071833,0.1886446002125,0.0938176684407,0.1692591272730,0.2894326609554,-0.1019840706454,-0.0193531904765,0.0422345677704,-0.1398278274803,0.1847567425809,-0.0941062867850,0.0892552705706,0.1335141790112,0.1619141002729,0.0117380169831,0.0629939089024,1.0000000000000,0.3646079499325,0.0405965837124,0.2646298233770,0.1709292843840,0.6474330648882,0.3367674082618,0.7019583693938,0.3326539009652,0.1739859276218,0.2074861786174,0.2270193842883,0.5295624113101,0.2309654934457,0.4168154706043,0.1524243206472,-0.1050448266727,0.1002889599815,0.1425101539647,0.3596522215416,0.0796202268939,-0.1465319127113,0.0724869074568,0.3088468858061,-0.0933419490478,-0.1675418432296,-0.0876195948885,-0.2490347482308,0.1265301880119,0.1973673427668,-0.0075711904349,0.2351001730994,0.0677389593099,-0.1182799070721,0.0082273592227,0.9408763883100,0.1854276151043,-0.0984982259863,0.1490180865783,0.1439008694852,0.4350364890494,0.4022770881590,0.5364101304717,0.4065165472291,0.0140540264140,0.0061189434433,-0.1476589042269,0.4403649052976,0.1413943837796,0.3961452820398,0.1744221338115,-0.1092510496642,0.0688884768298,0.2410447692345
0.6006102107501,0.4624842408596,0.4346077140712,0.5561854990161,0.2619911076084,-0.0567521427889,0.0108601066910,0.5585015127771,-0.1037353622800,0.4750876642462,-0.1106764939551,0.1960619980869,0.2636498721587,0.1031890329357,0.2071181309052,0.0768040651405,0.3646079499325,1.0000000000000,0.1556269722114,0.8301849506854,0.3239562609062,0.4211618495144,0.5178092896662,0.5717943889441,0.4268850764318,0.4389759716606,0.5846656650971,0.2957596113580,0.4266625736381,0.2854824913336,0.7271893844538,0.0253323138322,-0.0777158647939,0.1752398520723,0.3578273507381,0.4052961484743,0.2595973934652,0.0520629332803,0.4398590071003,0.1709878755845,0.0542280514601,-0.2032402655152,0.2474539159998,-0.3135043629667,0.3907377611004,0.0854982116705,-0.0478375140285,0.1971540972179,-0.1315104259322,-0.1012767567967,-0.0061408882010,0.3789466992779,0.4606330176732,-0.1466184868132,0.1982676467494,0.1971575365274,0.1330450935974,0.3537953362354,0.2487620573059,0.4205202164624,0.1206324787897,0.1291417152268,0.0961771591493,0.2670346275415,0.0524011536489,0.4723631046257,0.1739195771300,-0.0129459383825,0.0745214138301,0.2520266619721
0.1019417745694,0.0220945512980,0.1639365151088,-0.0061909872359,-0.0776347586331,-0.1566982919812,-0.0204740558965,0.0299737225147,0.0163106468429,-0.0950650546913,0.0231334569986,0.5800985184079,0.0182631678729,0.5528910434066,0.2357351915047,0.1144867677610,0.0405965837124,0.1556269722114,1.0000000000000,0.3769079643218,-0.0715682137500,0.0987353007593,-0.0472424474352,0.0808774029863,-0.0900829653699,0.0998679228132,0.1561459047421,0.2541193878204,0.0183689680188,0.0847297803374,0.1462047402259,0.1887314443098,-0.2028479282254,0.0482359164888,0.1890035260091,-0.0051435817195,-0.0915046607484,0.0487715743818,0.0233179872749,-0.0549590735786,-0.1909042094548,-0.0791465359687,-0.1620813378651,-0.1001745446559,-0.0543489454581,0.0370289238491,0.6388215970327,0.0296361616160,0.5806566501944,0.2328506253183,0.0420605683439,0.0594306779132,0.1709375237456,0.7223520351860,0.3166450137554,-0.0492805496035,-0.0089748183620,-0.1633419911557,0.0376589275575,-0.0255402110195,0.0853620226633,0.0935962071570,0.1273478571583,-0.0261877243080,0.2585793608952,-0.0211795597686,-0.0428843864695,-0.1523912090528,0.0611615530259,0.3015552791444
0.5639902498723,0.3966883207443,0.3528892398884,0.4774489458252,0.1355698808626,-0.1065879497260,-0.0232459264897,0.4197563629790,-0.0835936588439,0.3421084666769,-0.0686874918865,0.3346610239258,0.1889616061204,0.1999116974121,0.2400426573906,0.0785895837755,0.2646298233770,0.8301849506854,0.3769079643218,1.0000000000000,0.2327973261759,0.3235617431560,0.3541057294478,0.4389943354359,0.2276922126113,0.5335081798755,0.5306869177927,0.3065044043030,0.2593387231743,0.3055412994013,0.5426182387981,0.0174099412063,-0.1480356197421,0.2402936568351,0.5470963120835,0.3706908438752,0.2414184336011,0.0274013297433,0.4696276445421,0.0300315945229,0.0582399438781,-0.1751453574663,0.0905116360094,-0.2832784782034,0.2265538003529,0.0777690477334,0.1026135708466,0.1289595935124,0.0108545694194,-0.0541394213896,-0.0062249451135,0.2885183080089,0.4998553326178,0.0900978448800,0.3990141781402,0.1361061951332,0.1073241383195,0.1972163709102,0.2104568359772,0.2002362078982,0.2286429940048,0.1020169605102,0.1339741370065,0.1099828258981,0.1476562196186,0.3354171541531,0.1245752141847,-0.0349416415120,0.1276792935500,0.4828723796625
0.4574154941984,0.0709280555494,-0.1476317101045,0.0637819446358,0.7364750915431,-0.1354274494868,0.2194130044496,0.0553570144611,-0.1687124702818,0.4547286821718,0.4142900282483,-0.1385053452218,0.8273721491643,-0.0376183613472,0.1338022346846,0.1571536535521,0.1709292843840,0.3239562609062,-0.0715682137500,0.2327973261759,1.0000000000000,0.3929486792327,0.1595828493590,0.3834563986720,0.4223745801553,0.0753782146392,0.0462537203446,-0.1204130267567,0.4892173548540,0.3064638752204,0.2617532318978,0.0553016702647,-0.0423057213473,0.3238855816340,0.0334135978237,0.4572051314599,-0.0574041888417,-0.3232245228508,0.0270808345790,0.6244771861929,-0.0313415489070,0.0324328882775,-0.0184476957545,-0.2587004802487,0.4054819220389,0.5644526851825,-0.2300453996883,0.7684356378288,-0.1728827380022,0.0133640932153,0.1211424825117,0.2521974758286,0.1418850408549,-0.1868192381107,-0.0093264579993,0.9163719978122,0.3639117661258,0.1399036895494,0.2347203933858,0.3180594708664,-0.0918157397337,-0.0798605296390,-0.2524284350121,0.4349829529249,0.2485224054934,0.2328217897937,0.2155822184323,0.0579170977841,0.2998494796442,0.0839589901006
0.4751039984557,0.2890027739415,-0.0354902981709,0.1984662832331,0.5457035697658,-0.1455248968784,0.0072592415257,0.1161408455785,-0.2280362357166,0.3088040379061,0.1104635459269,0.0543782833148,0.3707114586124,0.1596638992946,0.1264428874929,0.0750386429658,0.6474330648882,0.4211618495144,0.0987353007593,0.3235617431560,0.3929486792327,1.0000000000000,0.4818810431453,0.9101772065337,0.5572254435341,0.1164325482305,0.1306042625685,0.1202903135427,0.7661536297277,0.3841226106438,0.5770119556252,0.1302995145156,-0.1272233276213,0.3562060899130,0.1945720996627,0.4942788003266,0.0932347540958,-0.2901935371633,0.1292531319851,0.5258525399404,-0.1596585165784,-0.1997510486089,0.0263410238542,-0.3574147916502,0.2857146364329,0.3818218421073,-0.0464798891771,0.4620535905979,0.0089086773665,0.0064518960677,0.0278108039303,0.7055493086026,0.2605408023054,-0.0842425153621,0.1027478748348,0.3609495904877,0.7695704709189,0.4953156013045,0.7083492020595,0.5359664389068,-0.0647443805112,-0.1138433130038,-0.2286547023778,0.6893921898108,0.3519403299032,0.5634372143506,0.2475891088765,-0.0661076207976,0.3264618541269,0.3250423132918
0.4053969083073,0.6565058520770,0.1686774195115,0.5167539286409,0.2524980088191,-0.0406441961505,-0.1323236524313,0.3112029326163,-0.1920455276823,0.3961037214464,-0.0692919987134,0.0367156476557,0.1171427713798,-0.0344767324172,0.0295799895884,0.0830105711060,0.3367674082618,0.5178092896662,-0.0472424474352,0.3541057294478,0.1595828493590,0.4818810431453,1.0000000000000,0.5565004313336,0.7018183369963,0.3361123189008,0.1247715222186,0.1979707009444,0.4572465154401,0.1746999127377,0.5822739194842,-0.0741069921253,-0.0006654676123,0.2695088988334,0.3304395305411,0.2735043234334,0.5063014938440,-0.0079984963081,0.5690080832877,0.1935534840525,-0.0466530930663,-0.2149033830693,0.3167114947967,-0.2824490301830,0.4327612712846,0.0237808815531,-0.0657541182537,0.1271477588679,-0.1497482742996,-0.0165021314387,-0.0018097348779,0.3594453841296,0.2923798560837,-0.1443536714679,0.1165677431809,0.1356623321834,0.2670348270692,0.8740215657527,0.2907988205676,0.6600166714445,0.2362920829600,-0.1413901071345,-0.0269334411621,0.3595567673890,0.0887103960632,0.5020024969421,0.0856414200204,0.0341308308138,0.2023508527910,0.3175493574044
0.4788950465415,0.3002964470585,0.0399932471959,0.2193511444392,0.4491629035910,-0.1873141797307,-0.1123244018432,0.1740588100741,-0.2921294012524,0.2983067286878,-0.0376188124348,0.0113022598427,0.3161834516762,0.0834646532959,0.0306896084600,-0.0530859524651,0.7019583693938,0.5717943889441,0.0808774029863,0.4389943354359,0.3834563986720,0.9101772065337,0.5565004313336,1.0000000000000,0.5497436611990,0.1248449692972,0.2207899493103,0.1601957169524,0.7497048503655,0.3066799422114,0.6301273466420,0.1214310647932,-0.1669390453336,0.3069114411318,0.2201680985277,0.4816777794093,0.1468397731289,-0.1889712943036,0.1411324941668,0.4218993991638,-0.1446167450311,-0.3128479896159,0.0864111950486,-0.4152890838011,0.2501789057228,0.2378792823353,-0.1002500504900,0.3875658831143,-0.0843418250083,-0.1122130745418,-0.1112497259795,0.7360715169140,0.3854753742495,-0.1051299553431,0.1933592323424,0.3326359916794,0.6621435526198,0.5659480050082,0.7646860660509,0.5457953082472,-0.0663926554622,0.0167104303598,-0.2153377604489,0.6387022977809,0.2505900157523,0.6071258973203,0.2786725259466,-0.0857491450211,0.2488790667091,0.3339396401966
0.4725134191373,0.4222317743580,0.1065471748095,0.4168389189754,0.5244162629551,-0.1020217394034,-0.0653332748073,0.4075264042756,-0.1628278432278,0.5713118336565,0.0548064601880,-0.0391213542900,0.3437431220753,-0.0437209838970,0.1517557424133,0.1658911688147,0.3326539009652,0.4268850764318,-0.0900829653699,0.2276922126113,0.4223745801553,0.5572254435341,0.7018183369963,0.5497436611990,1.0000000000000,0.2908647630669,0.1483853680811,0.1108757887779,0.7098446072183,0.1979790443334,0.5671557516592,-0.1314241120365,-0.0597345953837,0.1706890132485,0.1629626175005,0.3468468090905,0.2706317445832,-0.0960189768931,0.3781354453902,0.4654934745052,-0.1385549437673,-0.1602817595220,0.3874896912991,-0.2437488666836,0.5709615385488,0.2290454571301,-0.1564950065129,0.3415553142232,-0.1280291701086,0.0888442185135,0.1323109067554,0.3747242659296,0.1880073910845,-0.2117164714087,-0.0121211951838,0.3704603793691,0.3341100466487,0.6298748202159,0.2478144398529,0.8621985116759,0.1918844834213,-0.0877391848132,-0.1382200139612,0.5890241412315,0.0755951223459,0.4654458498153,0.0562454966507,-0.0094873700491,0.1285173233517,0.1469660553486
0.3423072926426,0.5803242906696,0.3750230391842,0.6513338201702,0.0335359618246,0.0251379027300,0.0646261448612,0.3492617540570,0.0405376925470,0.4646353733324,-0.0941734556186,0.3954976122986,0.0530972150411,0.2025889813369,0.2089614940252,0.1729692865706,0.1739859276218,0.4389759716606,0.0998679228132,0.5335081798755,0.0753782146392,0.1164325482305,0.3361123189008,0.1248449692972,0.2908647630669,1.0000000000000,0.4866288512342,0.4989554297067,0.0606958257128,0.2094229790385,0.3425266681209,-0.2358751014323,-0.0766306842172,0.0774471259158,0.5843545699226,0.2491025314161,0.4744314836451,0.0559881089181,0.7042581532574,-0.0600986367651,0.1045159039758,0.0045319834255,0.1231442338747,-0.1320628848258,0.3820126151741,0.0535194136798,0.0754674403823,0.0194075245519,0.0819628275313,0.0943250297989,0.1609489977199,0.1784488980387,0.1373998064124,-0.1158781130256,0.0498196545273,0.0010725945221,-0.1387193893100,0.2274098970750,-0.1390747565366,0.2806997391028,0.7314142019398,-0.0183674208338,0.3893242195142,-0.0182603540518,0.0181054816855,0.1685929204549,-0.1535824552576,0.0188215483643,-0.0323357510007,0.4172802484467
0.1731645743805,0.3342158395987,0.5533700178793,0.4573812454073,-0.0610781096261,0.0928494257793,0.0912223351249,0.5208097996796,0.0676538028481,0.2989624592885,-0.1819527233790,0.3721660244807,0.0513823970154,0.2178204185397,0.1503028343107,0.1087768154563,0.2074861786174,0.5846656650971,0.1561459047421,0.5306869177927,0.0462537203446,0.1306042625685,0.1247715222186,0.2207899493103,0.1483853680811,0.4866288512342,1.0000000000000,0.4382486120182,0.1181988257475,0.1974553317391,0.4680057132759,0.1312800203319,-0.0446113393731,0.0050838329350,0.3079826927972,0.0990983057763,0.2001006742150,0.1464633929978,0.2577655673182,-0.1013569639187,0.1549683413239,-0.0748917829722,0.1512204170415,-0.1419902590953,0.2057322913295,-0.0776399560590,0.0762128915244,-0.0566254167999,0.0009566270200,-0.1564777312749,0.0498390359722,0.2157269858607,0.1244160126981,-0.1474670705260,-0.0546395998183,-0.0863153061514,-0.1538729351663,0.0469874962244,-0.0653187347784,0.2261063612458,0.1603423692056,0.3750749716040,0.3556347638432,-0.0003009267209,-0.1433145743416,0.1534094968827,0.1338236133630,-0.0154971573727,-0.1112993663685,0.1430870916300
0.1144763960172,0.3417988226064,0.6885262918437,0.4032127981114,-0.1372109420571,0.1829726459386,0.1005977685953,0.2993655011256,0.2208402435600,0.2559812439864,-0.2101973292782,0.4196279330657,-0.1226665295435,0.3424902782195,0.3069151817199,0.1606415482602,0.2270193842883,0.2957596113580,0.2541193878204,0.3065044043030,-0.1204130267567,0.1202903135427,0.1979707009444,0.1601957169524,0.1108757887779,0.4989554297067,0.4382486120182,1.0000000000000,0.0351536697462,-0.0041127808334,0.2761375992080,-0.1176104122821,0.1229501710867,-0.1439496584922,0.1304357752101,-0.0125161267870,0.1648809712530,0.3343878849123,0.2954283131727,-0.1863258578508,0.0676926401862,0.0288114189944,-0.0177438045191,0.0615270341721,0.2232525878383,-0.1344505788124,0.1489665028791,-0.1613955893873,0.1541021370494,0.0829433770176,0.1029085013958,0.1832712382940,-0.1385586571189,-0.0484182165951,-0.1654661827235,-0.1625218691842,-0.1541703877025,0.0676141408819,-0.1126143825310,0.1469438356002,0.3087018861952,-0.1073892290954,0.6527957937092,0.0458717572751,-0.2078030930932,-0.0513828010480,-0.1415817843627,0.1281578747470,-0.2783192437045,0.0235557187003
0.4979208850653,0.2100409450889,-0.0272169780102,0.1601902210705,0.6653566327708,-0.2138503136240,0.1389797098721,0.2045689224883,-0.1442166032765,0.3309577342009,0.2356490255073,0.0367082182107,0.5105932849273,0.1155143061986,0.1721117080217,0.1230381383753,0.5295624113101,0.4266625736381,0.0183689680188,0.2593387231743,0.4892173548540,0.7661536297277,0.4572465154401,0.7497048503655,0.7098446072183,0.0606958257128,0.1181988257475,0.0351536697462,1.0000000000000,0.3128487027686,0.5834343509930,0.0802004718267,-0.0983874752798,0.1416335420973,0.0130713448461,0.4329713506040,0.0082972760338,-0.3326288946822,0.0458125049677,0.6364624305557,-0.2330983786979,-0.0762263569291,0.0854167091532,-0.2753685120190,0.3001557732849,0.5145682368020,-0.0806388313576,0.5760107805344,-0.0358076298719,-0.0093032542606,0.1182049905179,0.5950498144318,0.2230792138401,-0.1841971521695,0.0536421250714,0.4140085902876,0.5640760702472,0.4384390602679,0.5083004047941,0.5833055742217,-0.1201538359520,-0.0990105593792,-0.3333436426064,0.8833679843084,0.2758917320413,0.5219759805783,0.2411802017132,-0.0163030322494,0.1496521046000,0.1430766307418
0.5583996379415,0.2060210901766,0.0237236793778,0.2716977766834,0.3991070004126,0.0893884594550,0.3517135631036,0.1118062723352,0.0289248108078,0.2516106107890,0.3949961689555,0.2009259414878,0.4331487736018,0.2518221433734,0.5737128014055,0.3588316418927,0.2309654934457,0.2854824913336,0.0847297803374,0.3055412994013,0.3064638752204,0.3841226106438,0.1746999127377,0.3066799422114,0.1979790443334,0.2094229790385,0.1974553317391,-0.0041127808334,0.3128487027686,1.0000000000000,0.3448267817518,0.1020596279058,0.1478002878753,0.5909846019875,0.4817932299590,0.5260329864203,-0.0396462894184,-0.2563519561520,0.1674145033617,0.3219848817949,0.1889723686149,0.1079682735894,-0.0450666633179,-0.1694182687611,0.3338536953220,0.3971456259106,0.0281992135098,0.3945343979357,0.0182764674422,0.1766857059260,0.2895302494188,0.2359153543688,0.0950854453810,-0.0958404493622,-0.0758947492653,0.2351355220321,0.2462007265371,0.1329815691095,0.0904452097066,0.1615440140941,-0.0822157583786,-0.3020414959227,-0.0457774068997,0.2389598931039,0.5661870655115,0.2322621878105,0.2550789793228,0.2169280114803,0.5485614710062,0.3894040772414
0.5105118573383,0.4541237221508,0.3861512454026,0.4761578380778,0.2789091727083,-0.0630299857433,0.0215497857823,0.5568269574144,-0.0772478274088,0.3389260876571,0.0116237582678,0.2152972687643,0.2142069809723,0.1094156321106,0.2074007124678,0.0925208051863,0.4168154706043,0.7271893844538,0.1462047402259,0.5426182387981,0.2617532318978,0.5770119556252,0.5822739194842,0.6301273466420,0.5671557516592,0.3425266681209,0.4680057132759,0.2761375992080,0.5834343509930,0.3448267817518,1.0000000000000,0.0337998424806,-0.0862720554189,0.2296004618835,0.3071116874586,0.3748229684307,0.2478654747172,-0.1306788528914,0.3560028325245,0.2466314665855,-0.0694226896794,-0.2208022193063,0.1712342617036,-0.3239184252661,0.3471028129300,0.1752582607098,-0.0927088728774,0.1933208333831,-0.0870767723772,-0.1147514413576,-0.0465927292763,0.4603886723743,0.2024411437237,-0.2264038107675,0.0670848279246,0.1524915221789,0.2390806683634,0.4645747945019,0.2780103454386,0.5383579669440,0.0311968743810,-0.0596426930706,0.0505449802675,0.4580750360117,0.1261047783071,0.6436471348749,0.1465523722434,-0.0608350149913,0.1557527881638,0.1974487232083
-0.0094123128391,-0.1304973956002,-0.1488080634231,-0.0920774054532,0.1688615889637,-0.2280351411618,-0.0945060279294,0.1063543869000,-0.3778552214245,0.0511739697890,0.0236116040025,-0.0401211234165,0.1698964738098,0.4125760480743,-0.1205422723097,-0.1004245405595,0.1524243206472,0.0253323138322,0.1887314443098,0.0174099412063,0.0553016702647,0.1302995145156,-0.0741069921253,0.1214310647932,-0.1314241120365,-0.2358751014323,0.1312800203319,-0.1176104122821,0.0802004718267,0.1020596279058,0.0337998424806,1.0000000000000,-0.1973569955706,0.1265616524486,-0.1453271899620,0.0974005304501,-0.2102802066607,-0.1868112538638,-0.1959130900309,0.2672196301254,-0.1615800575166,-0.3309470376061,-0.0783029461186,-0.4171026406918,-0.0241186382418,0.1246857041964,0.0669077052563,0.2029200738809,0.4253075337146,-0.2186086720499,-0.1560821433878,0.1289906850129,0.1162145542102,0.1900050076232,0.2326320840547,0.0397918386445,0.2131396503693,-0.0444220847879,0.1942705778053,-0.0539363187277,-0.3057048624381,0.0062125378793,-0.2011738834958,0.0911918850303,0.1176030008484,-0.0277700611265,0.7770470238132,-0.1611661941213,0.1233621686511,-0.0227194411274
-0.0238852132761,0.0436583370308,0.1409354769125,0.0412212105230,-0.0832342879352,0.7255007460974,0.4211962383858,-0.0776664561602,0.5638420522351,-0.0511794325739,0.1438541915265,-0.0400925439105,-0.0241739270390,-0.0138292441932,0.3744086693706,0.4000166615852,-0.1050448266727,-0.0777158647939,-0.2028479282254,-0.1480356197421,-0.0423057213473,-0.1272233276213,-0.0006654676123,-0.1669390453336,-0.0597345953837,-0.0766306842172,-0.0446113393731,0.1229501710867,-0.0983874752798,0.1478002878753,-0.0862720554189,-0.1973569955706,1.0000000000000,0.0604104321983,0.0220089421720,-0.0530178202675,-0.0344143923041,-0.0094357105704,-0.0659041543151,-0.1248407371812,0.5215870206456,0.5025824529736,-0.0986888647035,0.5249726942173,-0.0037204535474,0.0336706779586,-0.0986520275507,-0.0701355116093,-0.1983391558116,0.2982865808391,0.3462726373414,-0.1300982915470,-0.3028583388483,-0.1833507879363,-0.3826386823508,-0.0462664649688,-0.1969678528751,-0.0828802156263,-0.3023273495514,-0.1038459048811,-0.2142063658714,-0.2747916964234,0.0848977112836,-0.1081829337444,-0.0443434545340,-0.2098585445201,-0.0949996130875,0.7768196705045,0.0613845302533,-0.0625748941709
0.4358337343728,0.2256594482298,-0.1148887663934,0.0751236615108,0.3072394214643,0.0079896974629,0.0737940823563,-0.0385430443017,-0.1119772244100,0.1655904452788,0.3252456751429,-0.0479384639145,0.3658908594170,0.0125692192691,0.1937493250282,0.0780255248955,0.1002889599815,0.1752398520723,0.0482359164888,0.2402936568351,0.3238855816340,0.3562060899130,0.2695088988334,0.3069114411318,0.1706890132485,0.0774471259158,0.0050838329350,-0.1439496584922,0.1416335420973,0.5909846019875,0.2296004618835,0.1265616524486,0.0604104321983,1.0000000000000,0.4484016619811,0.4240447085284,0.1214744377979,-0.1901611239710,0.1852229493936,0.2822233234916,0.0369897676591,-0.0656244907360,-0.0110323499377,-0.2274322644101,0.2472386212768,0.2995087905679,-0.0858145099199,0.3691798329988,-0.1311088262302,0.1176674245209,-0.0457100102041,0.1318582246647,0.2771683547467,-0.0197765440744,0.1110795100986,0.3357566829598,0.3570637669492,0.2367525832594,0.2578338380694,0.1596738158488,-0.0516517297191,-0.1379144090880,-0.1121048350721,0.1370627153554,0.5035464343424,0.2573041066448,0.1418347683797,0.0139361538017,0.8476965314626,0.5127213543468
0.3003473330490,0.4374804271246,0.1150636064487,0.4902859111145,-0.0356846387937,0.1618380615515,0.0179324253865,0.1681060307797,0.0346490446181,0.1894210254049,0.0503433530992,0.2689471412031,0.0375714453325,0.0870466470365,0.2414129398520,0.1952730855821,0.1425101539647,0.3578273507381,0.1890035260091,0.5470963120835,0.0334135978237,0.1945720996627,0.3304395305411,0.2201680985277,0.1629626175005,0.5843545699226,0.3079826927972,0.1304357752101,0.0130713448461,0.4817932299590,0.3071116874586,-0.1453271899620,0.0220089421720,0.4484016619811,1.0000000000000,0.2745736082458,0.3647209524336,-0.0466104057521,0.5653772201022,-0.1455647958187,0.2876935572310,-0.0109735967841,0.0700639644799,-0.1119080821946,0.1488349548949,0.0473599631235,0.1243207204259,-0.0280236490028,-0.0594245385934,0.0207590554752,0.1001533426143,0.1181903248581,0.2617628727666,0.0787733306271,0.1550729720994,-0.0532543236877,0.0210314618601,0.2530203468007,0.0329036446786,0.1391638168536,0.3443071798234,-0.0761521065335,0.0963056113371,-0.0764541764254,0.1822600252255,0.3034852660027,-0.0395018569622,0.0901720612588,0.3241502680453,0.8074330279928
