1.0000000000000,0.0835876517529,0.1574255737123,0.1516303347059,0.3927794263170,-0.1977816594686,-0.2451458371127,0.3136787270709,-0.1275492737462,0.3520181608309,0.0925945919137,0.0241320359147,0.0433661988868,0.1611048131833,0.6234023158652,-0.2398621737690,0.0449805205558,0.4267297449857,0.2030768170147,0.3039867828167,0.2805595855416,0.3425916569548,-0.0029078176703,0.2640962416534,0.1425537694432,0.2974270988814,0.0118779113415,0.3625315704179,0.2586496674952,0.4825806195000,0.2322080662428,-0.0434273139183,-0.0933267875624,0.2675284641077,0.1327770427384,0.7443075494802,-0.1173900389992,0.0454313887437,0.1268067981795,0.3885464525062,-0.1579771087905,-0.2730845590992,-0.0498484922640,-0.2408992344133,0.1397453532930,-0.0532542777288,-0.2736274235710,0.1400646346091,0.0781274428796,0.1203585474331,-0.2054430039070,0.0221053794799,-0.0404269060051,-0.0469244668823,0.2064917012815,0.2780032212393,0.3363113590361,-0.0334549369586,0.2338616169084,0.1532984428389,0.1160105539939,-0.2203496819398,0.2274922032124,0.1969933400620,0.4194408840264,0.0446013177666,0.0100003208582,-0.0060008118269,0.2064900513568,-0.0062481860972
0.0835876517529,1.0000000000000,0.3855424561407,0.8188559998536,-0.0336025370503,-0.3135968407302,-0.3148268232956,0.3092193478285,-0.1456903633461,0.1261847008146,-0.3083032162381,0.0749715778598,-0.2119342002448,-0.1222993817178,0.1071217703924,-0.2206956812348,0.3617406327464,0.4738472391294,-0.0240596312743,0.4183136794715,0.0314804089510,0.4327225077232,0.6483120332090,0.5336944612115,0.2082502113237,0.7114504561314,0.4339739803268,0.4853063130790,0.1748514839520,0.1380987155570,0.6044408030438,-0.1857981858699,-0.2012387495298,0.4680201937077,0.6425625361937,0.0752735740442,0.8750214394576,0.2668960632315,0.7125500495357,-0.0986021752688,-0.3022594214000,-0.3757895057743,0.0595227015863,-0.3517476589628,0.1203025019935,-0.4318021315645,-0.2378001025905,-0.2061761944585,-0.0724143228300,-0.2955324458859,-0.1558569666217,0.3853718394097,0.4436729358773,-0.1846681471051,0.2120879667082,-0.0311177228891,0.2710613182684,0.7022578833359,0.3729970979385,0.2730057406761,0.6705178491398,0.2396495011192,0.5782509688273,0.1158710594492,-0.0701545573371,0.4476444859904,-0.3081461407640,-0.1314445027526,0.2319793152932,0.5150595741349
0.1574255737123,0.3855424561407,1.0000000000000,0.3551491781635,0.1099444767047,-0.1099023180586,-0.2059228431632,0.6143795409714,-0.0355236407223,0.1777322739701,0.0634920025905,0.1395355757367,-0.1441446366680,0.0529708384469,0.3127847820843,-0.1675582746018,0.3604448081837,0.6238024695030,0.0553372103614,0.3406051575215,0.0830389810845,0.5200313285965,0.3436621196439,0.6777580005946,0.2484797245576,0.4109143692322,0.5086389275441,0.7466577643689,0.4638335812087,-0.0319106963137,0.5295552813890,-0.3473905720429,-0.0860230086492,0.1579005727835,0.1856613140825,-0.0554648725134,0.3259692846413,0.7900910234248,0.3935454872168,0.1167120266293,-0.1030463212524,-0.2345548648594,0.2173172898093,-0.1833704288908,0.0128802050606,-0.0988595358017,-0.2481339912132,-0.1318978686925,0.0009569408839,-0.1810820103456,-0.1919894144392,0.3401483609610,0.0543177281421,-0.1522085069488,-0.0451211194106,0.0315008096059,0.4194991666687,0.3355988390430,0.5229369702900,0.3077924363937,0.3801534486949,0.2177178053173,0.7642760128012,0.3656318118554,-0.3039488517503,0.1137444585875,-0.3344220404010,-0.1144688764504,-0.0162053404173,-0.0597011255645
0.1516303347059,0.8188559998536,0.3551491781635,1.0000000000000,0.0334541531249,-0.4279880505142,-0.3272102344622,0.4140849974489,-0.1681646243158,0.3178358257220,-0.2687909004690,0.0904308441742,-0.2076193440476,-0.0792751782304,0.1533501681423,-0.2475207765434,0.3914526305707,0.4591622733686,0.0102724645581,0.4515138354378,0.0827972539129,0.4941722450102,0.6529800063097,0.5636809546173,0.3431469636602,0.6918999457688,0.3336074111220,0.3911277751067,0.3008129312138,0.1185557065669,0.6090490078807,-0.1287929531235,-0.2916709007477,0.4703205936596,0.6250751396352,0.1356880825004,0.7426987007776,0.3007350131002,0.8058550437582,-0.0075305120269,-0.4088766653453,-0.4202163257853,0.1895008546538,-0.3908059621951,0.3358627089048,-0.3771895845792,-0.2111827286739,-0.1622172486529,0.0032522975528,-0.2766782105343,-0.2060601717090,0.4244634561906,0.4490784445489,-0.1743925408113,0.3075677859680,0.0322572095967,0.3426280773873,0.7173075211259,0.4412416866536,0.4647142064315,0.6744343376594,0.2338830354541,0.5462418818941,0.2429086573106,-0.0598598116002,0.4563323443612,-0.2490713092630,-0.1728937713945,0.2302472780771,0.5374007878807
0.3927794263170,-0.0336025370503,0.1099444767047,0.0334541531249,1.0000000000000,-0.2670109142253,-0.0186400566740,0.2363191269754,-0.2655767314770,0.4626520742730,0.3798728427167,-0.0944462028153,0.5322433829114,0.1147510154283,0.1123670855209,-0.1510932333992,0.3388794659816,0.0969607257145,-0.0850769397059,0.1747669681869,0.8167576602947,0.4877562345030,0.1495676395452,0.3542138812232,0.5464161419824,0.0482437799039,-0.0195628287366,0.1924963769494,0.5859281600645,0.3598124786442,0.1880572275751,0.0171361325124,-0.1672062995564,0.1699005719041,-0.0609956795690,0.2626681456197,-0.0359902595899,-0.0235152514490,-0.1530997669927,0.9324756972898,-0.2208995881727,-0.0377512619577,0.0923730468775,-0.3288733153827,0.1415338836085,0.3074012769953,-0.4084656428968,0.6668003530019,-0.1162942103572,-0.2835505731186,-0.2395486940384,0.3623757910870,-0.0864951731672,-0.2120796354825,0.1138320927121,0.7974006458070,0.4854557705890,0.0190825965345,0.4947612013814,0.4970334063915,-0.0629808570200,-0.2227083366631,0.1036946577985,0.6150911034190,0.1050928434685,0.1257143770736,0.0496133138040,-0.0898292446475,0.2432354515757,-0.2391206466837
-0.1977816594686,-0.3135968407302,-0.1099023180586,-0.4279880505142,-0.2670109142253,1.0000000000000,0.5764284489663,-0.3340848861691,0.7417042066317,-0.4562084814753,0.3423914214885,0.1711855164900,-0.0678798566261,0.0639738709996,0.0402215600869,0.7794315323184,-0.2790742788399,-0.3367810101770,0.0396117906997,-0.4143516576687,-0.3406953846693,-0.4602077787316,-0.4003445415236,-0.4551113473449,-0.3832054349059,-0.2683818967469,0.0710054537716,-0.1145007280035,-0.3992677618665,-0.1800751968465,-0.3866397208750,-0.1929715381539,0.8287116392559,-0.2741013454750,-0.1877400959378,-0.1622048156314,-0.3297384592751,-0.0644224005879,-0.2399055610158,-0.2894796030381,0.9420011445113,0.6607730753542,-0.2010792310314,0.8361199714639,-0.3245012650562,0.3077199285618,0.4360295768656,-0.1812567748121,0.1283038621087,0.5546568780336,0.7268880663245,-0.3433260992782,-0.3405754531914,0.2796896965155,-0.4668747744075,-0.3295992674935,-0.3986647793042,-0.3966293115329,-0.4211903312543,-0.4242906717119,-0.2304291037705,0.0950550213923,-0.2154817540943,-0.4137517623172,0.1455033153937,-0.3416894468004,-0.1818811672156,0.5142766032650,-0.2647494752937,-0.1766917745098
-0.2451458371127,-0.3148268232956,-0.2059228431632,-0.3272102344622,-0.0186400566740,0.5764284489663,1.0000000000000,-0.1604741006014,0.6558420332256,-0.3252093526956,0.6230633562851,0.1817663317073,0.5266978186280,0.1647111347808,0.1053870056326,0.6594865637357,-0.2547768038138,-0.3898133378617,0.0814054881169,-0.2451799455229,0.0501651955022,-0.3256111175668,-0.4260239885780,-0.3518772711075,-0.1777940101292,-0.2294729802602,-0.0951454617061,-0.1844981892617,-0.1322317944870,-0.0170832326564,-0.3795435222818,-0.1295265382645,0.4983295603296,-0.2533757888641,-0.1528988850106,-0.2729200066936,-0.2784603747381,-0.2191883400263,-0.2396526110283,-0.0170243097643,0.5585932525275,0.8999342693521,-0.0476174673017,0.5349642354435,-0.2508353685490,0.6993738181643,0.2670956830017,0.3733061105507,0.1240291725938,0.2924601932471,0.5353367571858,-0.2816894803755,-0.3237717804263,0.2225717945546,-0.2777613347175,0.0090623470726,-0.2138170174719,-0.4362799537251,-0.2472489842247,-0.2764510189036,-0.2011070332982,-0.0599542674975,-0.2734799647091,-0.0196600561038,0.0580504929602,-0.3864241315289,-0.0930376777159,0.3405337999076,-0.2318104512981,-0.1807091481753
0.3136787270709,0.3092193478285,0.6143795409714,0.4140849974489,0.2363191269754,-0.3340848861691,-0.1604741006014,1.0000000000000,-0.1828615282682,0.5010968354365,0.0387443999596,0.2434835109127,-0.0186298398813,0.3357478395144,0.4924036093412,-0.2178353931044,0.2252598316728,0.5342876339068,0.0435685758482,0.3810492732047,0.2300843364945,0.5471579640095,0.2747899835237,0.6226373323807,0.5079384160088,0.4622557005766,0.3157814588542,0.6004869367942,0.5901280269291,0.1079868354780,0.5454027298542,-0.1802082601063,-0.2351883981037,0.2271628624119,0.1417371654013,0.0749281077474,0.2594962655963,0.5056032747601,0.3855993256772,0.2907722674381,-0.2955937257866,-0.2974253267324,0.5828676107910,-0.3759942661233,0.3266542085521,-0.0833302501768,-0.2093536057645,0.0350609783402,0.2452413568172,-0.1191381600278,-0.2467221487709,0.2353906732267,0.0264796261778,-0.1085049911219,0.0681953135866,0.1825225331228,0.5255400251617,0.2686172245981,0.5357955738638,0.5269375478605,0.4448275552294,0.0961797539284,0.6315426516359,0.6062408272740,-0.1602396737772,0.1240371404796,-0.0435114427442,-0.1546642345028,0.0387637501361,-0.0087238439228
-0.1275492737462,-0.1456903633461,-0.0355236407223,-0.1681646243158,-0.2655767314770,0.7417042066317,0.6558420332256,-0.1828615282682,1.0000000000000,-0.4801532937813,0.3931076518572,0.2093194021050,-0.0172084659024,0.0531632320511,0.3075451211731,0.6587462456076,-0.3143323888020,-0.2374927656379,0.1919481472182,-0.1970343795878,-0.3417984291054,-0.4174353667338,-0.4205405546478,-0.3662374872655,-0.3446304109609,-0.0073647591632,0.1285708859616,-0.0600026836532,-0.1995826732933,-0.1368391883162,-0.2374512006972,-0.3354586888674,0.6723561752076,-0.2949305746017,0.0044339319728,-0.1457765578968,-0.1851090861456,-0.0249587786967,0.0541338694163,-0.3180724544902,0.7570103364406,0.6867870524783,-0.1277467956673,0.7764093122688,-0.3007191740316,0.2981891650114,0.3582071738735,-0.1168764505703,0.1974711974544,0.5231155031476,0.6126291427769,-0.3542425033028,-0.3169804640012,0.2518343055529,-0.3735705119961,-0.3623604602302,-0.3962067448364,-0.3491809938115,-0.3850137216577,-0.3897400993488,0.0147977023213,0.2054084195274,-0.1258448255199,-0.2149829850485,0.0439725522335,-0.2802987834939,-0.3609760029430,0.4403394263210,-0.4111660470180,-0.0215880566529
0.3520181608309,0.1261847008146,0.1777322739701,0.3178358257220,0.4626520742730,-0.4562084814753,-0.3252093526956,0.5010968354365,-0.4801532937813,1.0000000000000,-0.0248268761025,-0.0262666286894,0.1079577159875,0.1540650481258,0.1777117356333,-0.3228479090538,0.3046671318304,0.2191445636622,-0.0748713780900,0.2216400384500,0.4615562753869,0.4334065917288,0.3279103261189,0.3855714351309,0.6081413010222,0.2450626797262,-0.0335074619741,0.2165841056048,0.4239708648879,0.2863613102830,0.2482752469829,0.0112191692430,-0.3644313879505,0.2810646541456,0.0997844069976,0.2725104617176,0.1058449755272,0.1131518361370,0.1534037950587,0.4495209798402,-0.4392802872823,-0.4336184853546,0.3719496989364,-0.4640220588514,0.7012046788717,-0.0857942656553,-0.3080937630869,0.1836857263216,0.0823408996968,-0.1954320287692,-0.3672407088743,0.2751566106012,0.1046113897959,-0.1907416834859,0.2532343940230,0.4182661047104,0.4167920182843,0.3002180267207,0.4064004039402,0.5794946535976,0.2167906861118,-0.1294576433430,0.2152388188469,0.4251588544566,0.1295333696804,0.1804509507798,0.0808164208202,-0.2046116259490,0.3299327870609,0.0247322853069
0.0925945919137,-0.3083032162381,0.0634920025905,-0.2687909004690,0.3798728427167,0.3423914214885,0.6230633562851,0.0387443999596,0.3931076518572,-0.0248268761025,1.0000000000000,0.0866314448587,0.4694022512476,0.1626041963608,0.2520502946566,0.3668993146105,0.0778114251718,-0.0941874429267,-0.0083697699679,-0.1105964772115,0.3266409823913,0.0784900015618,-0.2003438037546,0.0054475747834,0.0671499107835,-0.1294496552835,0.0200087644615,-0.0158824914718,0.2104353345887,0.1107203191945,-0.1291404897476,-0.2925036418981,0.4182339079244,-0.0663200453346,-0.1084617304122,-0.0074691218925,-0.3018912761614,0.0550638693439,-0.2374990523731,0.3840837288975,0.3826845363664,0.6109366819470,0.0399163535441,0.3859844026920,-0.1295008885194,0.8872077797183,-0.0647040940397,0.4395588248308,-0.0159579856772,0.2011130974596,0.3458890026966,0.0052720428208,-0.3160986578709,-0.0212451940101,-0.2114718738711,0.2873595439055,0.0626173144350,-0.2709879157156,0.0351307888744,0.0296350039705,-0.1640105796897,-0.0230949075193,-0.0707966435458,0.2360686602104,0.0616523225032,-0.2495626845680,-0.2064719885896,0.3324666264810,-0.0158522486185,-0.2558797783427
0.0241320359147,0.0749715778598,0.1395355757367,0.0904308441742,-0.0944462028153,0.1711855164900,0.1817663317073,0.2434835109127,0.2093194021050,-0.0262666286894,0.0866314448587,1.0000000000000,0.0931242603090,0.7488215064966,0.3539106759417,0.2606451446444,-0.0807686768576,0.1254210592951,0.6101571774922,0.3711140955648,0.0511772026476,0.0107913087507,-0.0572175170794,0.0703159757634,0.0310925929575,0.2147063060268,0.3469578114640,0.3023331893662,0.0414804426230,0.2966973869088,0.0013119997072,0.0640477626317,0.2093254887852,0.1603045076926,0.3483524032285,-0.1758472246883,0.0809804682046,0.1033470559547,0.0295207796925,-0.1056764821649,0.1279890204592,0.0991459092748,0.0773716113562,0.0103037812815,-0.0996725560927,-0.0141419312302,0.6218533283466,0.0552489144300,0.5452793019673,0.0504490232063,0.1984687484900,-0.1057749441684,0.0329509829089,0.5886106564476,0.2366086347778,0.0199158458133,0.1025336767072,-0.0642866942725,0.0797378549968,-0.1048097472018,0.1426457393330,0.1168606284613,0.2084172024226,0.0900046914232,0.1724043327737,-0.1157540343766,0.0436734778659,0.0942718129807,0.0882931717949,0.2521711231530
0.0433661988868,-0.2119342002448,-0.1441446366680,-0.2076193440476,0.5322433829114,-0.0678798566261,0.5266978186280,-0.0186298398813,-0.0172084659024,0.1079577159875,0.4694022512476,0.0931242603090,1.0000000000000,0.2063314083008,0.0727515730454,0.0558916377786,0.0377755356473,-0.1909643371529,0.0980480812411,0.1060264989355,0.6819968457990,0.1222601150201,-0.1691511701962,-0.0084316515800,0.2608436429199,-0.2221942208619,-0.1326590652690,-0.1288005131254,0.2422636431694,0.3997388368546,-0.1759747679600,0.1215906448327,-0.0030078312811,-0.0169684097260,-0.0669135594255,-0.0553438049619,-0.1456944289406,-0.2515609755730,-0.3880007572953,0.4996859423457,-0.0725121708313,0.4724098319613,0.0525877260030,-0.1071218276353,-0.0953583919575,0.5923931249293,-0.1606231460825,0.8917389481165,-0.0756411826612,-0.1341941700612,-0.0268894070844,0.0518691509933,-0.0853407734146,0.1048021306088,0.0555664069285,0.6211270621325,0.2262433166647,-0.2295295375169,0.1578795919338,0.1085242397292,-0.2816631195432,-0.2401051543310,-0.2325327813537,0.3859216770272,0.1226275081880,-0.1650200399267,0.0938000357081,-0.0129284000596,0.0692763053470,-0.2589861038498
0.1611048131833,-0.1222993817178,0.0529708384469,-0.0792751782304,0.1147510154283,0.0639738709996,0.1647111347808,0.3357478395144,0.0531632320511,0.1540650481258,0.1626041963608,0.7488215064966,0.2063314083008,1.0000000000000,0.3831358161097,0.1319251387112,-0.0663994632436,0.0905834837265,0.4789184219455,0.3057451950852,0.1627633540213,0.0615597395347,-0.1130342699108,0.0685874632635,0.1704731936507,0.0844452506790,0.1836106023945,0.2796540457332,0.1716083303041,0.3502809879271,-0.0604261760996,0.2869708237577,0.0696019381633,0.0805456882246,0.0237917430321,-0.0642780185295,-0.1210427675025,0.0071661261728,-0.1972144087406,0.1019247432880,0.0285418076995,0.0912072036865,0.1511008602512,-0.0560829733545,-0.0219518530182,0.1336769487554,0.5209060693189,0.1818642932252,0.6875580064772,0.0645271769642,0.0720929536210,-0.0913840301450,-0.0653981996066,0.5261172622650,0.2225149780617,0.1501106173208,0.2219574397597,-0.1815048420182,0.1471702075778,-0.0244850819365,-0.0230860822080,-0.0968471644493,0.1170897989746,0.2505501840553,0.2364342273638,-0.1221566983168,0.3804091159384,-0.0439915370078,0.0727029773310,-0.0072685670376
0.6234023158652,0.1071217703924,0.3127847820843,0.1533501681423,0.1123670855209,0.0402215600869,0.1053870056326,0.4924036093412,0.3075451211731,0.1777117356333,0.2520502946566,0.3539106759417,0.0727515730454,0.3831358161097,1.0000000000000,0.0621210817385,-0.1684306042473,0.3476067766551,0.4789824503083,0.3455939906252,0.1095022676252,0.1524802295869,-0.1905131108644,0.2122846698056,0.0091373963851,0.3906084199849,0.1323573905478,0.4401062145233,0.2406095846656,0.4241781772258,0.1463257043104,-0.3058491881956,0.1583283810939,0.1944823316811,0.2569058722733,0.3606447563725,-0.0577949143549,0.2159674360900,0.2530562625854,0.0985332996725,0.0824183984712,0.0253719531182,0.1289586654266,0.0275472416077,0.1184866833279,0.0542911269388,-0.0484163719824,0.0738256411693,0.3323666133584,0.3549113786885,0.0599630390944,-0.1970549102101,-0.1506950119122,0.2133590832358,0.0632700767267,0.0294132641579,0.1694355518067,-0.1489569677876,0.1066565069258,-0.0064057146063,0.2992458918879,-0.0569270854603,0.3271087255745,0.2293989063910,0.2876747467284,-0.1890801735182,-0.2719153907874,0.1573163270694,-0.0588464291520,0.0953667500808
-0.2398621737690,-0.2206956812348,-0.1675582746018,-0.2475207765434,-0.1510932333992,0.7794315323184,0.6594865637357,-0.2178353931044,0.6587462456076,-0.3228479090538,0.3668993146105,0.2606451446444,0.0558916377786,0.1319251387112,0.0621210817385,1.0000000000000,-0.1851016455702,-0.3681470682517,0.1194198215187,-0.3320796664769,-0.1812116935014,-0.3686460629377,-0.2859070846654,-0.3715787685086,-0.2534093997940,-0.1454305008704,-0.0327741330241,-0.1248229996398,-0.3052230541254,-0.1077732676594,-0.3402229848760,-0.1464734361941,0.6739268770190,-0.1269539519438,-0.0253128255400,-0.2338647612752,-0.2126703146451,-0.1043686352301,-0.0893646096169,-0.1524820723879,0.7383568607158,0.6540037596471,-0.0958274621481,0.6948674152957,-0.0923221325888,0.3411144794531,0.4422714063847,0.0261007130657,0.2116491023871,0.4459684377491,0.8556231753592,-0.2405384519897,-0.2931198697218,0.3146051881827,-0.2952620568475,-0.1883694928242,-0.3182248344115,-0.2951042972838,-0.2947598789362,-0.2246553515479,-0.0706322077252,-0.0048392316174,-0.1425587841502,-0.2562861671017,0.1868888571739,-0.3058948716204,-0.2170507265340,0.4084411111666,-0.1746287085930,0.0153319135127
0.0449805205558,0.3617406327464,0.3604448081837,0.3914526305707,0.3388794659816,-0.2790742788399,-0.2547768038138,0.2252598316728,-0.3143323888020,0.3046671318304,0.0778114251718,-0.0807686768576,0.0377755356473,-0.0663994632436,-0.1684306042473,-0.1851016455702,1.0000000000000,0.3162300261177,-0.2881550065893,0.2356147324671,0.3218345195071,0.6860334285464,0.7256291787939,0.6766993749071,0.5488795018831,0.2725086541603,0.2502439055419,0.2551644598649,0.4829892349790,0.1752708698565,0.4771190868599,-0.0937081007681,-0.2517209424740,0.2791104194761,0.2114191965566,0.0513177001900,0.4375927875930,0.3052788246184,0.1675937062784,0.3355748480244,-0.2895679518024,-0.2574023238794,0.1199872657843,-0.3380170946928,0.0936460383835,-0.0033632440381,-0.3380762380027,0.1185378713644,-0.2685111970147,-0.4741983470506,-0.1757601037845,0.9390669594094,0.3233036329317,-0.2943868019900,0.1990571632498,0.3356611704232,0.5773308578763,0.6213807353427,0.7057972154991,0.6045880966258,0.2495525328097,0.1495160300205,0.3632908357255,0.4300848318078,-0.0871347730130,0.4726079395506,-0.1629748287309,-0.2954727740127,0.3273243787989,0.0603140434430
0.4267297449857,0.4738472391294,0.6238024695030,0.4591622733686,0.0969607257145,-0.3367810101770,-0.3898133378617,0.5342876339068,-0.2374927656379,0.2191445636622,-0.0941874429267,0.1254210592951,-0.1909643371529,0.0905834837265,0.3476067766551,-0.3681470682517,0.3162300261177,1.0000000000000,0.1256527957549,0.6865435475784,0.0855408769296,0.6124731827288,0.3999848639122,0.7031925177224,0.1978372979062,0.4878212770628,0.5434628561454,0.5958023405350,0.4326532180121,0.2053467978724,0.7124646984342,-0.1334523382166,-0.2079435624875,0.2821828301162,0.3606089496046,0.2077308434544,0.3546476869640,0.4875140800347,0.3847896527441,0.1078356139951,-0.3170906580152,-0.4418792720890,0.1236659277570,-0.3893589694885,-0.0218458113938,-0.2669171379094,-0.3119091254261,-0.1593433507738,-0.0217969636127,-0.2576265436468,-0.3366316826245,0.3101216655843,0.4029295530804,-0.1603249994135,0.3325506897264,0.0648825699064,0.4770272566512,0.3736562441988,0.5069013695138,0.2110236015714,0.3444717362614,0.2431092064955,0.5791494314991,0.3148497535210,-0.0327182182221,0.3917067750747,-0.0903142408992,-0.1715007867103,0.1702328750368,0.1436883646944
0.2030768170147,-0.0240596312743,0.0553372103614,0.0102724645581,-0.0850769397059,0.0396117906997,0.0814054881169,0.0435685758482,0.1919481472182,-0.0748713780900,-0.0083697699679,0.6101571774922,0.0980480812411,0.4789184219455,0.4789824503083,0.1194198215187,-0.2881550065893,0.1256527957549,1.0000000000000,0.4270042134698,-0.0359486806995,-0.1182981006441,-0.2563111416622,-0.0771396436102,-0.1905671696019,0.1368050599683,0.1150810068547,0.1873642347334,-0.0509539121121,0.3131137529267,-0.1787338379490,0.0546666172914,0.0788688595530,0.0625764764995,0.3367521389727,-0.0045330493550,-0.1029589016340,0.0561212733316,0.0308597549079,-0.1219880402612,0.0020327980609,0.0424713769297,-0.1144519951903,-0.0202393931141,-0.0717019982130,-0.0945574735272,0.4638156908352,0.0564277608585,0.4703602887892,0.1497961123541,0.0804142576598,-0.3136158922833,-0.0198761281120,0.7319543240420,0.3768693844655,-0.0617073453771,-0.0171935574617,-0.2221850368731,-0.0721193647859,-0.3061235371155,0.0653671240690,-0.0285590892406,0.0808168617508,-0.0266504349377,0.2857986814158,-0.2191546626819,-0.0468497116951,-0.0408293092162,-0.0264821399306,0.3142970271722
0.3039867828167,0.4183136794715,0.3406051575215,0.4515138354378,0.1747669681869,-0.4143516576687,-0.2451799455229,0.3810492732047,-0.1970343795878,0.2216400384500,-0.1105964772115,0.3711140955648,0.1060264989355,0.3057451950852,0.3455939906252,-0.3320796664769,0.2356147324671,0.6865435475784,0.4270042134698,1.0000000000000,0.2575598140513,0.4399458292273,0.2921002595252,0.5024220630727,0.3436586522046,0.4605968663565,0.5592871385380,0.3951563234723,0.3647124686644,0.5309117508298,0.4839828138991,0.1376016932210,-0.2764501604995,0.3572385283240,0.5811623178165,0.1138277762703,0.4166898681744,0.2155582437869,0.2633260832668,0.1382264528776,-0.4228456695449,-0.3211842629765,0.1807128255720,-0.4758778335585,0.0134618960779,-0.2133672198054,-0.0932637877032,0.1026743531478,0.1005457020469,-0.3329599620307,-0.3577755650247,0.2406637024864,0.5133647832939,0.1418432630550,0.6670582154580,0.1979875817145,0.4224083333047,0.3072463414795,0.4280374482409,0.2192556582829,0.3208157483525,0.2925626712607,0.3589375664988,0.3701215943598,0.1006437299882,0.3757297395304,0.0048210126996,-0.2733962690084,0.2858871573232,0.4037056344690
0.2805595855416,0.0314804089510,0.0830389810845,0.0827972539129,0.8167576602947,-0.3406953846693,0.0501651955022,0.2300843364945,-0.3417984291054,0.4615562753869,0.3266409823913,0.0511772026476,0.6819968457990,0.1627633540213,0.1095022676252,-0.1812116935014,0.3218345195071,0.0855408769296,-0.0359486806995,0.2575598140513,1.0000000000000,0.4752950313350,0.1722756590151,0.3603699469588,0.4912553462852,0.0565778160060,-0.0571370906302,0.1389035110994,0.4700275340489,0.4365187531996,0.1557276607172,0.0197603313320,-0.2327658881215,0.2967647468476,0.0647387956829,0.1482987818105,0.0516031814771,-0.1021569494433,-0.1270047495700,0.7789573362549,-0.3331012073619,-0.0455236645262,0.0563265456654,-0.4271228395444,0.1542369749950,0.3131870477651,-0.3662909199819,0.7708382914366,-0.1060382689504,-0.3574568679216,-0.2745423103377,0.3307863429763,-0.0406634628492,-0.1490256306233,0.1625556353339,0.9210357229064,0.4893090331416,0.0634853873999,0.4778458567304,0.4409157072035,-0.0269635208229,-0.2595318566006,0.0567548084765,0.5497908374750,0.0874500661735,0.0483645297283,0.0450487671322,-0.1366286080455,0.3027111723656,-0.1710501009846
0.3425916569548,0.4327225077232,0.5200313285965,0.4941722450102,0.4877562345030,-0.4602077787316,-0.3256111175668,0.5471579640095,-0.4174353667338,0.4334065917288,0.0784900015618,0.0107913087507,0.1222601150201,0.0615597395347,0.1524802295869,-0.3686460629377,0.6860334285464,0.6124731827288,-0.1182981006441,0.4399458292273,0.4752950313350,1.0000000000000,0.6415061501353,0.9182943536144,0.5421074374298,0.3405663069155,0.2667817257301,0.5011562731247,0.7016228975293,0.3051132127596,0.7128002406804,-0.1404706887281,-0.3293958297605,0.3898432692449,0.2853907543720,0.1769123402666,0.3788800275924,0.3820474565357,0.2567473766658,0.5044142431421,-0.4441399514389,-0.3866099258152,0.1740910323132,-0.5473722778430,0.1066286921737,-0.0336614759452,-0.4705723237952,0.2446984800749,-0.1741966797688,-0.4836896967710,-0.3499641427852,0.7011559194127,0.2577164432906,-0.3012514451492,0.2419013454902,0.4842963122948,0.8480046052742,0.5427460843473,0.8570729040398,0.5901053818602,0.2312055749076,0.0220626378569,0.5344107595402,0.6290000810811,-0.0267022869134,0.4871105667527,-0.0966436261906,-0.2833540353513,0.3183241821752,0.0316604265837
-0.0029078176703,0.6483120332090,0.3436621196439,0.6529800063097,0.1495676395452,-0.4003445415236,-0.4260239885780,0.2747899835237,-0.4205405546478,0.3279103261189,-0.2003438037546,-0.0572175170794,-0.1691511701962,-0.1130342699108,-0.1905131108644,-0.2859070846654,0.7256291787939,0.3999848639122,-0.2563111416622,0.2921002595252,0.1722756590151,0.6415061501353,1.0000000000000,0.6732682627689,0.5076135930559,0.3759190189690,0.2554503989445,0.2719286447127,0.3706674279913,0.1364451835865,0.6618729446118,-0.0347011315987,-0.2889424529694,0.4529093675151,0.4146452834882,-0.0174394005176,0.7012843865491,0.2821109527346,0.3811890406024,0.1268346376612,-0.3967166814725,-0.4637254878416,0.1530055184411,-0.4541776323154,0.1790655051746,-0.2660266257253,-0.2954904763631,-0.0958451473435,-0.2411833190946,-0.5067493595952,-0.2503026576120,0.7399958996656,0.5054564080637,-0.3009964330930,0.2622448235214,0.1756556351245,0.4628634091141,0.9179365609542,0.5766101066704,0.5601901921142,0.3676039190622,0.1842565615389,0.3906602010579,0.2790991892895,-0.0915482593020,0.6191655632222,-0.0746272107959,-0.2374730603094,0.4056922737487,0.3209636816863
0.2640962416534,0.5336944612115,0.6777580005946,0.5636809546173,0.3542138812232,-0.4551113473449,-0.3518772711075,0.6226373323807,-0.3662374872655,0.3855714351309,0.0054475747834,0.0703159757634,-0.0084316515800,0.0685874632635,0.2122846698056,-0.3715787685086,0.6766993749071,0.7031925177224,-0.0771396436102,0.5024220630727,0.3603699469588,0.9182943536144,0.6732682627689,1.0000000000000,0.4796112315271,0.4567306537369,0.3357212646468,0.6425277702268,0.7127680551767,0.2073563748438,0.7582066643102,-0.2270734123618,-0.3352476946450,0.3935870015424,0.3361976425648,0.0552694553224,0.4847200187479,0.5064130795318,0.3921759456164,0.3621597798970,-0.4328826464619,-0.4290846863626,0.1911783707334,-0.5425992325681,0.0836372243043,-0.1425493109830,-0.4519193139329,0.0882529726980,-0.1303874873208,-0.5075607248326,-0.3660317126476,0.6791208563386,0.2750477747746,-0.3038212797575,0.2483040335987,0.3297567450499,0.7581749095065,0.5994977004063,0.8606077125145,0.5319425013631,0.3653452421628,0.0751475930244,0.6729798390373,0.6120834002911,-0.1553211762567,0.4512949488266,-0.1812300727398,-0.2911108458581,0.2532435644000,0.0644780725035
0.1425537694432,0.2082502113237,0.2484797245576,0.3431469636602,0.5464161419824,-0.3832054349059,-0.1777940101292,0.5079384160088,-0.3446304109609,0.6081413010222,0.0671499107835,0.0310925929575,0.2608436429199,0.1704731936507,0.0091373963851,-0.2534093997940,0.5488795018831,0.1978372979062,-0.1905671696019,0.3436586522046,0.4912553462852,0.5421074374298,0.5076135930559,0.4796112315271,1.0000000000000,0.1469268935571,0.2588873199957,0.1494859021237,0.6339233746931,0.3127678617681,0.4307696884210,0.1528296879342,-0.2838695093865,0.1936997724516,0.1022642531094,0.0865334096563,0.3714798084910,0.2326700889957,0.0289940400548,0.5190903079422,-0.3757494033318,-0.2315586273665,0.6085401209352,-0.4423502469770,0.3634292274366,0.0223494195201,-0.2801912878035,0.3011026953373,-0.0960500472787,-0.3789635382006,-0.3145823557260,0.5401242580295,0.3160451083392,-0.1916471244747,0.2353065127370,0.4787702289997,0.5326741778191,0.4676763295538,0.5547284298345,0.8575087878685,0.1494147323113,0.1802679840442,0.2437307244215,0.6790458119658,-0.0724202128818,0.4452641095692,0.1064471592624,-0.2375091687940,0.2171485042167,-0.0105667678028
0.2974270988814,0.7114504561314,0.4109143692322,0.6918999457688,0.0482437799039,-0.2683818967469,-0.2294729802602,0.4622557005766,-0.0073647591632,0.2450626797262,-0.1294496552835,0.2147063060268,-0.2221942208619,0.0844452506790,0.3906084199849,-0.1454305008704,0.2725086541603,0.4878212770628,0.1368050599683,0.4605968663565,0.0565778160060,0.3405663069155,0.3759190189690,0.4567306537369,0.1469268935571,1.0000000000000,0.4612261945010,0.6087783718569,0.2064439126232,0.1919975952684,0.4584139916374,-0.3275021656989,-0.1574849390226,0.4581521036711,0.6270988399106,0.1957057664465,0.5630717332565,0.2431678516313,0.7894458207982,-0.0016352777998,-0.2274117680939,-0.2943505926786,0.0539030630997,-0.2688646144041,0.2239370785277,-0.3238847269016,-0.1920803378076,-0.1572051982755,0.2476987583122,-0.1340105084663,-0.1109051606550,0.3004944467925,0.1806036625524,-0.1500810502011,0.2041252270064,0.0043073476131,0.2170286261920,0.3978469175871,0.3110863058717,0.2235699584471,0.8535560860269,0.2406484418394,0.6364427353365,0.1531511653036,-0.0412025060447,0.2397641209054,-0.3952793054514,-0.0687272793102,0.2182884704764,0.4793164643739
0.0118779113415,0.4339739803268,0.5086389275441,0.3336074111220,-0.0195628287366,0.0710054537716,-0.0951454617061,0.3157814588542,0.1285708859616,-0.0335074619741,0.0200087644615,0.3469578114640,-0.1326590652690,0.1836106023945,0.1323573905478,-0.0327741330241,0.2502439055419,0.5434628561454,0.1150810068547,0.5592871385380,-0.0571370906302,0.2667817257301,0.2554503989445,0.3357212646468,0.2588873199957,0.4612261945010,1.0000000000000,0.4295141165597,0.1612500540632,0.1297271004380,0.4018107818053,-0.0842828485543,0.1553950828353,0.0909032553540,0.3699069575069,0.0042939542691,0.4509444006170,0.4133862910554,0.2837490183297,-0.0735628288442,0.0598641132915,-0.0539843650248,0.2582749695530,0.0065122151591,-0.1138382520106,-0.1230871571913,0.0718007502772,-0.2131829131464,0.1023643556191,-0.0331440888772,-0.0021439909676,0.2545642728945,0.3542599910470,0.0398474573693,0.1250046352144,-0.0851734312009,0.1826371059448,0.2811450345958,0.2066781136371,0.1869430238355,0.3838872272410,0.7010792105378,0.4712272231526,0.1203204971574,-0.0905703149100,0.2965467589674,-0.1367917893112,0.0309433255791,0.0706966313328,0.2125735542365
0.3625315704179,0.4853063130790,0.7466577643689,0.3911277751067,0.1924963769494,-0.1145007280035,-0.1844981892617,0.6004869367942,-0.0600026836532,0.2165841056048,-0.0158824914718,0.3023331893662,-0.1288005131254,0.2796540457332,0.4401062145233,-0.1248229996398,0.2551644598649,0.5958023405350,0.1873642347334,0.3951563234723,0.1389035110994,0.5011562731247,0.2719286447127,0.6425277702268,0.1494859021237,0.6087783718569,0.4295141165597,1.0000000000000,0.3963449874442,0.1118211176793,0.4364311573610,-0.2777142452976,-0.0611886772800,0.2954035214917,0.2574608908349,0.0813348826198,0.3304547215825,0.4903100140993,0.4470220428740,0.1864288657858,-0.0913169113264,-0.2610120591481,0.0076160969136,-0.2950533017148,0.0181948062550,-0.2037520575464,-0.1845560945075,-0.0740987918821,0.2163076507591,-0.1969375703893,-0.1362456887874,0.2405085976897,-0.0496194351136,-0.0720193350464,0.0540353899190,0.0871219570632,0.4698449494269,0.2243816429223,0.5620797484044,0.1596394594181,0.4413190777937,-0.0438674024093,0.8588737149354,0.3371000636755,-0.1336680153136,0.0515673188310,-0.2103421865047,-0.0587870401204,0.0699951138079,0.0193011942610
0.2586496674952,0.1748514839520,0.4638335812087,0.3008129312138,0.5859281600645,-0.3992677618665,-0.1322317944870,0.5901280269291,-0.1995826732933,0.4239708648879,0.2104353345887,0.0414804426230,0.2422636431694,0.1716083303041,0.2406095846656,-0.3052230541254,0.4829892349790,0.4326532180121,-0.0509539121121,0.3647124686644,0.4700275340489,0.7016228975293,0.3706674279913,0.7127680551767,0.6339233746931,0.2064439126232,0.1612500540632,0.3963449874442,1.0000000000000,0.1937929126233,0.6149921184839,-0.1067768262085,-0.2861686776760,0.0948884392181,0.0634897409379,0.0241076307199,0.1960274638795,0.3304809806428,0.1283680723628,0.5829886226206,-0.3571084025759,-0.1948108314721,0.3119747127799,-0.4262722623177,0.0875786223367,0.0953057105953,-0.4088934082752,0.3423355154431,-0.0298879342624,-0.4338595562358,-0.3648265924608,0.4782130298098,0.0535368956496,-0.2322712293426,0.1772752092149,0.4307622339074,0.5920656705540,0.2917205615272,0.6944149784177,0.5714512292891,0.1117080795262,-0.0196210704794,0.3838908560508,0.9104265782207,-0.1556088089444,0.3866646319497,-0.0512524471542,-0.2377314972335,0.0135789277128,-0.1617408446277
0.4825806195000,0.1380987155570,-0.0319106963137,0.1185557065669,0.3598124786442,-0.1800751968465,-0.0170832326564,0.1079868354780,-0.1368391883162,0.2863613102830,0.1107203191945,0.2966973869088,0.3997388368546,0.3502809879271,0.4241781772258,-0.1077732676594,0.1752708698565,0.2053467978724,0.3131137529267,0.5309117508298,0.4365187531996,0.3051132127596,0.1364451835865,0.2073563748438,0.3127678617681,0.1919975952684,0.1297271004380,0.1118211176793,0.1937929126233,1.0000000000000,0.1922503113825,0.1666644388746,-0.0823080448538,0.4853916185452,0.3852996938935,0.3697543717722,0.1541079819181,-0.1171932793878,-0.1177891053310,0.3146759452634,-0.2055287668518,-0.0522761698941,0.0330619916290,-0.2950843018497,0.0352990415466,0.0637341600148,-0.0676021184416,0.4124712857649,0.0908192077622,-0.1005250004163,-0.1468020981791,0.1983181173911,0.3048899933510,0.2418518560031,0.4755764037335,0.4373370613401,0.3904056072467,0.1053075843547,0.2933309128387,0.1912505284446,0.0877608015283,-0.0473739996916,0.0110930988523,0.2919672771670,0.6297239829307,0.2590817947477,0.0106827863359,-0.1025957566072,0.5024620160435,0.2217112207789
0.2322080662428,0.6044408030438,0.5295552813890,0.6090490078807,0.1880572275751,-0.3866397208750,-0.3795435222818,0.5454027298542,-0.2374512006972,0.2482752469829,-0.1291404897476,0.0013119997072,-0.1759747679600,-0.0604261760996,0.1463257043104,-0.3402229848760,0.4771190868599,0.7124646984342,-0.1787338379490,0.4839828138991,0.1557276607172,0.7128002406804,0.6618729446118,0.7582066643102,0.4307696884210,0.4584139916374,0.4018107818053,0.4364311573610,0.6149921184839,0.1922503113825,1.0000000000000,-0.1397209742524,-0.2567137607054,0.3570660405473,0.4020566272599,0.1243065408249,0.5911859612030,0.3988357163787,0.4440671540500,0.1711630920847,-0.3600063947401,-0.4355724361883,0.2469682514896,-0.3945944327895,0.0440346208605,-0.2776708161374,-0.3880091823195,-0.1009037726196,-0.1652810774222,-0.4045924111548,-0.3384849809092,0.5090547300077,0.4499768723663,-0.3256019855040,0.2120946623815,0.1328908964878,0.4775960595928,0.6591055447033,0.5761530806286,0.4613105514513,0.3933285249492,0.2552346532611,0.5072973847891,0.4727141030780,-0.1209553026320,0.7021436433231,-0.1228517731069,-0.1721338125370,0.1961819757378,0.2099228159053
-0.0434273139183,-0.1857981858699,-0.3473905720429,-0.1287929531235,0.0171361325124,-0.1929715381539,-0.1295265382645,-0.1802082601063,-0.3354586888674,0.0112191692430,-0.2925036418981,0.0640477626317,0.1215906448327,0.2869708237577,-0.3058491881956,-0.1464734361941,-0.0937081007681,-0.1334523382166,0.0546666172914,0.1376016932210,0.0197603313320,-0.1404706887281,-0.0347011315987,-0.2270734123618,0.1528296879342,-0.3275021656989,-0.0842828485543,-0.2777142452976,-0.1067768262085,0.1666644388746,-0.1397209742524,1.0000000000000,-0.2335758280886,-0.0481746635073,-0.1307565942128,-0.0068994349189,-0.0804089736580,-0.2542272442528,-0.4206427073597,0.0249873888356,-0.2674288387044,-0.1308351906521,0.0764381988895,-0.2267683919660,-0.0112091598275,-0.1079955449068,0.2730859840942,0.0877207175252,0.0497845018343,-0.1265540189067,-0.1713500449298,-0.0713246482802,0.3025954076249,0.2363050249449,0.3303855061895,0.0617258856139,0.0159958189856,-0.0653351092368,-0.0597834906770,0.0400637708004,-0.3690074528231,-0.1757665675184,-0.3241785915202,-0.0283789807797,0.1771451946166,0.0958248650374,0.6974562596989,-0.2460593038378,0.1661901889585,0.0457712807253
-0.0933267875624,-0.2012387495298,-0.0860230086492,-0.2916709007477,-0.1672062995564,0.8287116392559,0.4983295603296,-0.2351883981037,0.6723561752076,-0.3644313879505,0.4182339079244,0.2093254887852,-0.0030078312811,0.0696019381633,0.1583283810939,0.6739268770190,-0.2517209424740,-0.2079435624875,0.0788688595530,-0.2764501604995,-0.2327658881215,-0.3293958297605,-0.2889424529694,-0.3352476946450,-0.2838695093865,-0.1574849390226,0.1553950828353,-0.0611886772800,-0.2861686776760,-0.0823080448538,-0.2567137607054,-0.2335758280886,1.0000000000000,-0.2225053487250,-0.0361398585360,-0.1097394725890,-0.2335313603383,-0.0652416047229,-0.1712793958460,-0.2299744770511,0.8742031205309,0.5720306263997,-0.1309654486421,0.7736859346664,-0.2874820159435,0.2981046444137,0.2886973259025,-0.1272748686045,0.0646526715690,0.5914984150981,0.7245442902420,-0.3048761468655,-0.2797835046142,0.1639877628125,-0.4181137410866,-0.2702736156656,-0.3738903494701,-0.2884059052843,-0.3775303104389,-0.3339698906921,-0.1623523877140,0.1401850773800,-0.1460412122093,-0.3334385953323,0.2013012714395,-0.2702929192950,-0.1999271329218,0.8057639156133,-0.2358325107652,-0.1103874731156
0.2675284641077,0.4680201937077,0.1579005727835,0.4703205936596,0.1699005719041,-0.2741013454750,-0.2533757888641,0.2271628624119,-0.2949305746017,0.2810646541456,-0.0663200453346,0.1603045076926,-0.0169684097260,0.0805456882246,0.1944823316811,-0.1269539519438,0.2791104194761,0.2821828301162,0.0625764764995,0.3572385283240,0.2967647468476,0.3898432692449,0.4529093675151,0.3935870015424,0.1936997724516,0.4581521036711,0.0909032553540,0.2954035214917,0.0948884392181,0.4853916185452,0.3570660405473,-0.0481746635073,-0.2225053487250,1.0000000000000,0.5800235864777,0.1916421243176,0.4333179246121,0.0776537400426,0.3872381002291,0.1514076922199,-0.2735110845557,-0.3177044304851,0.0014046377028,-0.3403038521914,0.2140461858215,-0.1245709007512,-0.1688716861871,0.0680811705731,0.0280397472358,-0.1931673572558,-0.1749030840312,0.2938121167313,0.3021974105373,-0.0701401713126,0.3200018406588,0.2881184568593,0.3604776283102,0.4573137191566,0.3455004160071,0.2481786203369,0.4317117420327,-0.0435309418926,0.2968076762249,0.1022255747560,0.2315772712690,0.2900038507057,-0.1619938332987,-0.1040149769179,0.7188699290207,0.4713965619226
