1.0000000000000,0.1084796242970,0.3713696185425,0.2893860849500,0.2547905396306,0.0060582212185,0.0655608857815,0.1722827195585,0.1824679485333,0.1347767600985,0.2637651413382,0.2847177717912,0.2019206410226,0.3000108892003,0.6559682987136,0.1006654486829,0.3137991473493,0.3016865701476,0.3523431633222,0.3527765964205,0.2990596359235,0.3308497125564,0.1154652883404,0.3948471228346,0.1649675322576,0.2577307949459,0.2372104074410,0.4289161590099,0.1725060860229,0.3236361147669,0.1282918275495,0.1576568485093,-0.0308244030218,-0.1083059448232,0.2172490959344,0.5862993431951,0.0525945819503,0.1969242027738,0.2236387773521,0.2098434430567,0.0352587294482,0.0776075189293,0.2156513829148,0.1110014884569,0.0972438670227,0.2366212403379,0.0882572480872,0.1124754698508,0.1545100696656,0.3819222082947,0.0451402113979,0.3517256921789,0.1662497608862,0.0677029232613,0.1550009358075,0.2407275023217,0.4240935566588,0.1073666556017,0.3262834145925,0.1736204616836,0.1316211533109,-0.0455607478989,0.3407695127269,0.1401838529936,0.1728683636100,0.0516538423556,-0.0637887110191,0.0383876111465,-0.0309240233759,0.1429531054525
0.1084796242970,1.0000000000000,0.1246808907510,0.6461753898199,0.3037610167050,0.1973664186445,0.1926749275703,0.0149626178958,0.1078351058217,0.0118890129440,0.2301687224264,0.2691866256631,0.2380699353436,0.0998171902606,-0.0443231335928,0.1458628623926,0.2400923949694,0.1910141688232,-0.0335884836888,0.1467181462110,0.3469407082047,0.3419376460045,0.4423333433110,0.3158782509650,0.1944946696024,0.3575531797861,0.6329534522140,0.3287179561122,0.3529295535898,0.2946472510697,0.3409327860144,-0.0362235937464,-0.1120687347321,0.3402601792542,0.5993345016523,0.1338059275301,0.6675789838936,0.0253344747313,0.4414130946877,0.2350733854617,0.0184029733137,0.0702263062826,-0.0520770025241,0.0431597128567,0.0074879722334,0.2169301137514,0.0356786156629,0.3098777371478,0.0093378762014,-0.1636723458234,0.0117850757970,0.1111731701807,0.1769665706651,-0.2719351315568,0.0890413085635,0.3615089252516,0.1116080355990,0.3532109751133,0.2219001815437,0.2031975065235,0.2292415300037,0.4062699148885,0.3084509646744,0.2049557751483,0.1509445445882,0.2571843762451,0.0972084408017,-0.0599421247952,0.1932775846012,0.4606962454470
0.3713696185425,0.1246808907510,1.0000000000000,0.2629894667092,0.3186352306586,0.1306044912518,-0.0408658659646,0.4316698638678,0.1563748048313,0.3409262862527,0.1268643992600,0.1403936155360,0.1643970277809,0.4317743496689,0.3690166489837,0.2710350018683,0.3287142637868,0.4035785855317,0.4230196672520,0.2851029358060,0.3351490644014,0.3196653832780,0.0683270396618,0.4878097693495,0.3535900208175,0.4688391795023,0.5009918012860,0.6370566389258,0.2339965249692,-0.0426772341101,0.1318687820518,-0.0313235169326,-0.0387865319049,-0.0845127051051,0.1173199669369,-0.0073415341619,-0.0384521702962,0.6170929319486,0.2616519787109,0.2395603207596,0.0991188137260,-0.0084266190556,0.3497257028787,0.0298475585748,0.2543505837339,0.0701287724975,-0.0570168065272,0.1452087813136,0.3855042840164,0.1480130151323,0.1680336307498,0.2822741241610,-0.1577071595382,0.0738148369232,-0.0409344244080,0.2231739762373,0.3417440659619,-0.0322125921996,0.1051659237934,0.1744689819433,0.3592608191727,0.1043011017836,0.5426963728229,0.1246284442338,-0.1425111136143,-0.2011271495922,0.0262822112081,-0.0351791923032,0.0364518971099,-0.1076186711767
0.2893860849500,0.6461753898199,0.2629894667092,1.0000000000000,0.4424572392194,0.1080713220750,0.2296891077818,0.2799202672855,0.0805235321068,0.4200719316275,0.3747840320163,0.3460455388265,0.4504122336599,0.2076889808926,0.2640819310447,0.1661117042016,0.4084812640840,0.1935895275343,0.1320843826581,0.2205191218755,0.4953934456648,0.4146482472556,0.6387470843839,0.4311921262772,0.5007243172098,0.5099722674274,0.4865438274673,0.3676510705228,0.4936568984406,0.3664883830095,0.2897447241811,0.0046418202958,-0.2609166347422,0.2533551840185,0.4594650905084,0.2498477153903,0.6281054545160,0.1209487454008,0.6459732850661,0.4652020113588,-0.0736014674570,0.0842524538131,0.2659031062203,-0.0371912218644,0.4807814206972,0.3136579506922,0.1039115471964,0.5041411603521,0.1470790235192,0.0476030478263,0.2247489270516,0.3360987937318,0.1579483174178,-0.1799849252048,0.2684026680641,0.4598161608471,0.2761740027471,0.5836305364839,0.3094554619554,0.5380263183945,0.4736411137292,0.3009807012751,0.3503814455642,0.3636498521199,0.2562709969321,0.1475108203977,0.1770616539405,-0.2014419668877,0.2483445069487,0.3770739974286
0.2547905396306,0.3037610167050,0.3186352306586,0.4424572392194,1.0000000000000,0.0064718043907,0.2067263582270,0.1636505029669,0.2109132015454,0.4707884857246,0.3556848220485,0.3821507122903,0.6185487308727,0.2948951406519,0.1390375431776,0.2568115958378,0.3869022889292,0.1724200634623,0.0016195143178,0.0676085363086,0.8130291142312,0.4448134866807,0.3894877398083,0.4015517175264,0.5084931977876,0.2727116429284,0.2141222548827,0.1694614382990,0.4438340033454,0.2992263569694,0.2963619711756,0.2856084396973,0.0711526289177,0.2163297378399,0.3218506929196,0.2350379396014,0.3977613048589,0.1385509319136,0.3053559052929,0.8649932364985,0.0659658193474,0.1078241887377,0.3233522025708,0.0647013497029,0.4003902777307,0.4169147653055,0.2521887370404,0.6398958835350,0.1196872343979,-0.0345713999048,0.2268736018913,0.3160057209621,-0.0088375263832,0.0438712735486,-0.0106034623856,0.7820745219954,0.3958665884494,0.2998523588532,0.2514724382423,0.5220396597408,0.1241352008154,0.1631738537221,0.1264777769590,0.4160500721809,0.1777682133393,0.2381753241000,-0.1693410951737,0.1157014624491,0.2091301161309,0.2810723552519
0.0060582212185,0.1973664186445,0.1306044912518,0.1080713220750,0.0064718043907,1.0000000000000,0.2916429185850,0.0563795479138,0.2005363802698,-0.0055823354247,-0.1221263467360,0.0346568823135,-0.0263897542314,0.1664129584225,0.1213468071550,0.3581113679927,0.1107524014336,-0.0182666753550,0.1609936797714,-0.0185750486121,-0.0084464798910,0.0930562096095,0.0206901607394,0.1031134761138,0.0031886817489,0.2647786080925,0.0912349462999,0.1579463326918,0.0297153078441,0.1133458860931,0.0175988720034,-0.1313194726446,0.2001573705169,0.2228667449894,0.2829229620681,-0.0837094535867,-0.0325028976608,0.1417787786629,0.3701142343281,-0.0233567504110,0.4626909249502,0.2682923585644,0.0301797961296,0.2074174555845,0.0906301069899,-0.1035319634269,-0.0044823388985,0.0387696750935,0.1846577316313,0.1582394500419,0.3400318266752,0.0971040466218,-0.0933906250804,-0.0388123420341,-0.0766026450445,-0.0222925608373,0.0033340212276,0.0774866856034,0.0070411004978,0.0543320552479,0.2645878955692,0.0124559628302,0.1954073480832,0.0160450585911,-0.0194597599476,-0.0176192517010,0.0108663193684,0.3919677648792,0.0070987617059,0.1403199263110
0.0655608857815,0.1926749275703,-0.0408658659646,0.2296891077818,0.2067263582270,0.2916429185850,1.0000000000000,-0.1528262553655,0.6864710965649,-0.0367142639338,0.2967509600319,0.4562240505388,0.3165034864022,0.2940717865411,0.2837569219932,0.3557611325856,0.0093292980726,0.0988637108949,0.2613136313748,0.2964317006193,0.2482577019269,0.1711250392660,-0.0311749064953,0.0791131023932,-0.0139446364984,0.1413905204542,0.1323154630850,0.0215713526922,0.0454642205890,0.5272094165153,0.1008529508014,0.1937003198167,0.2654372520212,0.1880292937506,0.3940554190973,0.1871054279495,0.0868552332672,0.1415449014887,0.2043573333428,0.1255850567935,0.4338444741774,0.7694472603257,-0.1226207718352,0.5391014329358,-0.0163409718084,0.3426491242746,0.4138499884495,0.2845363716655,0.2545201607930,0.3512155418323,0.5483050538154,-0.0054469756151,0.1678491750124,0.3154054389909,0.4030690909898,0.1909065757978,0.1091387427834,0.0440524845592,0.1237603952879,0.0655174888833,0.0620156594870,0.1587333945012,0.1654383076404,0.0042954532875,0.3207756016749,0.1058135383025,-0.0868521190943,0.3636999379013,0.0427051006699,0.4157178058841
0.1722827195585,0.0149626178958,0.4316698638678,0.2799202672855,0.1636505029669,0.0563795479138,-0.1528262553655,1.0000000000000,-0.2491503686941,0.5055376246899,0.2559464452701,-0.1467643675521,0.2169173717982,0.0038203166318,0.1946646489538,0.2318314772335,0.2777233114431,0.3690561674922,0.0842099628532,0.0092744854615,0.1227830911425,0.0840228972960,0.2772128552764,0.3917287616161,0.5911068712852,0.2522472025555,0.1900369902086,0.1071114784854,0.5606410345457,-0.2474002864163,0.1022448135768,-0.1836279377039,-0.3039290579164,-0.1107173063348,-0.1898180529889,-0.0971390677407,0.0316835779628,0.1142712628634,0.2465565625415,0.2203861299018,-0.4236272484737,-0.3237180081073,0.6452525182641,-0.4085042004972,0.4546256274700,0.1946354677891,-0.3724351764836,0.2493898798893,-0.0457755642972,-0.1005475709299,0.0890038219363,0.3481604708329,-0.0766168784358,-0.3425470763412,-0.0838157752444,0.0565307966761,0.1000006343571,0.2685124518103,0.0614311992507,0.3948268185588,0.1544747764683,-0.0458763320928,-0.0482407555364,0.4333364240374,-0.1835648148926,-0.1243043303025,0.1521774689375,-0.3445344638388,-0.0228698152157,-0.3067829254329
0.1824679485333,0.1078351058217,0.1563748048313,0.0805235321068,0.2109132015454,0.2005363802698,0.6864710965649,-0.2491503686941,1.0000000000000,-0.0836798051735,0.1906360428804,0.6041092881716,0.0884945037302,0.4321652168373,0.3936334024012,0.1141346405621,-0.0634866949002,0.1183077693658,0.3161750563207,0.2572836338702,0.2404046855138,0.2012208272523,-0.1271235580913,0.0876444742940,-0.0564233209022,0.0856092702589,0.1506639491926,0.1530219116464,-0.0353050898091,0.5340217808165,0.2129798433923,0.4367726556832,0.4824179318417,0.0615689767921,0.3397461936396,0.2467666842099,-0.0208621510881,0.2973957925752,0.0279449307523,0.0588564031079,0.5985345890517,0.7068267571475,-0.1811033436551,0.8001132274496,-0.1678720275155,0.2662442795556,0.4663203124685,0.0125580022165,0.3547944085683,0.4370240496279,0.3664603647368,-0.1109182944492,0.0510181203928,0.4341872173577,0.2675620422939,0.1630458882981,0.1546878464920,-0.1219453782302,0.0409696980059,-0.0421325029688,0.0225302390021,0.0530491009113,0.3086907220749,-0.1020728836947,0.2627233979753,0.1368737116402,-0.1568082445204,0.5352531425942,-0.0522888697670,0.3067861516297
0.1347767600985,0.0118890129440,0.3409262862527,0.4200719316275,0.4707884857246,-0.0055823354247,-0.0367142639338,0.5055376246899,-0.0836798051735,1.0000000000000,0.0860074386778,0.1418305011224,0.4115541255097,0.3492531459671,0.2879070887322,0.1139953502812,0.2204177997093,0.0185076511901,0.0725212655375,-0.1711655565640,0.4503526199392,0.0695259412162,0.3645262558560,0.1577024951587,0.8069677525471,0.4918863240524,0.0970174386590,0.1842588613800,0.2454999806280,-0.1067976282301,-0.1651430661144,0.0038874000604,-0.2121750923560,-0.0890424891845,-0.1567476797242,-0.1135050708027,0.2501001057850,0.0993223202397,0.3854192515620,0.5657379908435,-0.0851647647209,-0.0668729837761,0.4813663320092,-0.1478049817500,0.8325290131339,0.0921069640278,-0.1111931768234,0.4505495874019,0.2254346035849,0.0142093701022,0.2691226130615,0.2145553996102,-0.4073189987892,-0.1861574579092,-0.2020820902099,0.3728680766718,0.1298054998967,0.2053034460283,-0.1281437388871,0.6910200700144,0.4574643769088,0.0474134731850,0.0384101828090,0.2245666712959,-0.0769061421181,-0.2601630120856,-0.0561103602211,-0.1205671739415,0.0295451884047,-0.2465878316271
0.2637651413382,0.2301687224264,0.1268643992600,0.3747840320163,0.3556848220485,-0.1221263467360,0.2967509600319,0.2559464452701,0.1906360428804,0.0860074386778,1.0000000000000,0.2696235103540,0.3452300518873,0.1629477906429,0.2582135627367,0.2584355132966,0.2330171583429,0.2374805401528,0.0784768846064,0.2180998554819,0.3594045316908,0.3190041996461,0.1852804460803,0.2718114336279,0.1207856696464,0.1412054733948,0.2434553142461,0.2228790001298,0.3203396028251,0.3351574410778,0.1501929613773,0.2496416336466,0.0421687747074,0.2415528404747,0.1770626334911,0.2575955188706,0.3093969588758,0.0673109998307,0.1277078491716,0.3054000812346,-0.1898962975324,0.1694242412271,0.1549353059712,-0.0454204279358,0.0804031865781,0.8958695124032,0.1755433930469,0.3244540969291,0.0319146626992,0.1207361029928,0.0648579251616,0.2172136405699,0.2091316331536,0.1172678876112,0.2253229907500,0.3331779221955,0.2750367790141,0.1806800800962,0.2717953097054,0.1142670313123,-0.0135439395320,0.0885152142447,0.1778326303285,0.1980472963665,0.2273328206368,0.0642879454409,0.0312434522911,-0.1022916948356,0.3367357565017,0.2226312951159
0.2847177717912,0.2691866256631,0.1403936155360,0.3460455388265,0.3821507122903,0.0346568823135,0.4562240505388,-0.1467643675521,0.6041092881716,0.1418305011224,0.2696235103540,1.0000000000000,0.3672619382961,0.5193097356925,0.3572184273335,0.0449686164977,0.1827522175508,0.1066778283549,0.4311935300877,0.3229515579748,0.5319420935911,0.2344870799741,0.1579009161837,0.2207279623114,0.1194967782149,0.3266988710906,0.2689512420380,0.2590543941126,0.1125899772954,0.4301698395926,0.1689519328595,0.6224069644739,0.2461963825598,0.0560420554957,0.2906765159548,0.2454582269539,0.2261511655047,0.1105678575994,0.2155686954247,0.2509030919988,0.2741110383990,0.3979355479394,-0.0375547628548,0.4164672065914,0.0989771286736,0.2813514022579,0.6985159789479,0.3155147605535,0.4344744629288,0.2757300314941,0.2778151670831,0.1438062277386,0.0542852924362,0.4133484790188,0.2710865509704,0.4439637904791,0.1784404144357,0.1234943264759,0.1170473984285,0.2116372522208,0.2706122768888,0.1624201091677,0.3240168068264,0.0384483241521,0.1325524875641,0.0929481999903,0.0618326231792,0.2596178014292,-0.0965286493605,0.2685001449794
0.2019206410226,0.2380699353436,0.1643970277809,0.4504122336599,0.6185487308727,-0.0263897542314,0.3165034864022,0.2169173717982,0.0884945037302,0.4115541255097,0.3452300518873,0.3672619382961,1.0000000000000,0.1610051135737,0.1684564521220,0.1001139155635,0.3600735141263,0.2649553903480,0.1897718642691,0.2216789503268,0.6935047630384,0.3663086864006,0.4160012407960,0.3971183111649,0.3297216613192,0.2851957404637,0.2646061810014,0.0823675027756,0.4449761558868,0.2098611635874,0.2732102306002,0.1043050024450,-0.1880972458987,0.2214639111928,0.2498643054643,0.2299263549722,0.3592242289916,-0.0224740531636,0.3495419002694,0.5587923816001,-0.0447119050219,0.1855487877913,0.2625899383628,-0.0577436823542,0.4093595360358,0.3924283545386,0.1833213626511,0.9194615540134,0.0276644509283,-0.0042493411546,0.3205421136333,0.3794085212299,0.1307773054089,0.0384293593168,0.2136196141377,0.6300657937290,0.3872138354958,0.4063679092648,0.3562519567299,0.4096480117921,0.2165453878999,0.2935874329925,0.0394679252063,0.4683045746887,0.1738120634875,0.2642856473921,-0.2007568972504,-0.0281253447790,0.1930885875381,0.2830296005886
0.3000108892003,0.0998171902606,0.4317743496689,0.2076889808926,0.2948951406519,0.1664129584225,0.2940717865411,0.0038203166318,0.4321652168373,0.3492531459671,0.1629477906429,0.5193097356925,0.1610051135737,1.0000000000000,0.5633854971549,0.3550683380781,0.1788979946490,-0.1104928528526,0.4368955126830,-0.0150494881989,0.3472590621057,0.1829033359996,-0.0828171679989,0.0518532550682,0.2521309270969,0.7342501029171,0.2299933025770,0.5226083814872,-0.0793671431270,0.2014075008481,-0.2515551626863,0.3057258403527,0.3266079900004,0.0504798194577,0.1371435787195,0.0037387522784,0.0352075832766,0.3368298769405,0.4207125771916,0.1907589552011,0.3802527918802,0.3668762736758,0.0667453373233,0.3565148039536,0.2685387797412,0.1299656012951,0.2371070752257,0.1383864871596,0.7535114550578,0.4272837247754,0.3874518238130,0.1557096358447,-0.3973037393282,0.1854480520728,-0.1544072665882,0.2245741748925,0.1992885198524,-0.1208095455863,-0.0868530178333,0.1948509287996,0.6020574745487,0.0487843556566,0.5154843600740,-0.1460198169811,-0.0019822936990,-0.3138049516744,-0.0073482716478,0.3722561116539,-0.0122581134079,-0.0687788434889
0.6559682987136,-0.0443231335928,0.3690166489837,0.2640819310447,0.1390375431776,0.1213468071550,0.2837569219932,0.1946646489538,0.3936334024012,0.2879070887322,0.2582135627367,0.3572184273335,0.1684564521220,0.5633854971549,1.0000000000000,0.0956016292181,0.1348607751250,0.0716161867801,0.5271996234494,0.2631662989561,0.1919506934260,0.1935399979817,-0.0449504930061,0.1896119237052,0.2226291384120,0.4712484631275,0.1619687557909,0.4981594073835,0.0418341017666,0.3939388010459,-0.0870844811127,0.1217674681150,0.0425276161173,-0.0657839635698,0.0789264597574,0.3432879237679,-0.0194856926700,0.2381254828947,0.2281500534653,0.0754035900721,0.2386111403035,0.3744727811212,0.1653017927832,0.2987340228779,0.2294259633238,0.2041790423805,0.1039138962069,0.1184707986413,0.3468587586165,0.6388767539968,0.3087927667288,0.1806693859661,-0.0754360603702,0.2052747256645,0.1896425727275,0.0986680972218,0.2506607096521,-0.0115411797623,0.0874252982279,0.1770051091818,0.3691718184772,-0.0874381890048,0.4599003109185,0.0248197743830,0.2585080106728,-0.1448990010438,0.0418494655769,0.1385821226505,0.0135248888357,-0.0013811656748
0.1006654486829,0.1458628623926,0.2710350018683,0.1661117042016,0.2568115958378,0.3581113679927,0.3557611325856,0.2318314772335,0.1141346405621,0.1139953502812,0.2584355132966,0.0449686164977,0.1001139155635,0.3550683380781,0.0956016292181,1.0000000000000,0.2094088316294,0.1115647984711,0.1767058839192,0.0514282465928,0.1949663609451,0.1570519882824,0.0583812807889,0.1298985992776,0.1504684145479,0.2591382958456,0.1162078814967,0.1673592713552,0.0738807889016,0.1173070805749,-0.0661604855254,-0.0253937549500,0.3278191089171,0.2949390350146,0.2355225271024,-0.0756739102483,-0.0451171779618,0.2707879492494,0.4107935128920,0.2366523706070,0.0964521641735,0.1742017600095,0.2364018055186,-0.0648783100637,0.2195607958610,0.2692411666460,0.0953082504080,0.1412160845230,0.3379937125725,0.1330584245577,0.4614022407381,0.1786231065255,-0.0371428335529,0.0950133842573,-0.0557770233983,0.1383222452049,0.1370720526947,0.0813958871186,-0.0176768493588,0.1147227315120,0.1570336572626,-0.0170699859877,0.2100156506202,-0.0466262531652,-0.0125300890861,-0.1617745967514,-0.0275267909189,0.1911065150648,0.2633511982219,0.1587900851292
0.3137991473493,0.2400923949694,0.3287142637868,0.4084812640840,0.3869022889292,0.1107524014336,0.0093292980726,0.2777233114431,-0.0634866949002,0.2204177997093,0.2330171583429,0.1827522175508,0.3600735141263,0.1788979946490,0.1348607751250,0.2094088316294,1.0000000000000,0.1306216754408,0.1153980547087,0.0680480112062,0.3178944480596,0.6295697885323,0.5977372070738,0.6201960413790,0.3996892361966,0.2442329051126,0.2112887218444,0.2208471017840,0.5416154526729,0.1737155016879,0.3681944647784,0.1110465528442,-0.0461203996035,0.2291959740045,0.2432562467984,0.1853718484862,0.2675826347526,-0.0189202535896,0.3298610637102,0.3695140438835,-0.1152773215998,-0.1144990320909,0.2946318145197,-0.1517147776375,0.3038173879637,0.1541848115271,0.0481591243935,0.3126913223412,0.1479796488202,-0.0460504180598,0.0593154570800,0.9043826573681,0.0218596490332,-0.1087692576241,-0.0761143758342,0.2907661860622,0.5354172961216,0.5904613454343,0.5330101624321,0.4617146807603,0.2219718910794,0.0353014045048,0.1632686103589,0.5591641302620,0.0423279923700,0.2330853800309,0.0762881291859,-0.0435338819247,0.1589372457206,0.1244830242155
0.3016865701476,0.1910141688232,0.4035785855317,0.1935895275343,0.1724200634623,-0.0182666753550,0.0988637108949,0.3690561674922,0.1183077693658,0.0185076511901,0.2374805401528,0.1066778283549,0.2649553903480,-0.1104928528526,0.0716161867801,0.1115647984711,0.1306216754408,1.0000000000000,0.3801092521050,0.7150282437077,0.2889548684707,0.1885331494452,0.0831757893530,0.6256193288099,0.0252033727653,-0.0461142576446,0.4959969169751,0.1909791712521,0.3170981227104,0.0916227792581,0.3284382373563,-0.1594539507006,-0.2845484811762,-0.0546339375591,0.2663863379593,0.2488175711906,0.0382857567414,0.1520452714194,-0.0404033159170,0.0767031275044,-0.2378195603487,-0.0658950648939,0.0375721598869,-0.1326760487615,-0.1231937846909,0.2267062913103,0.0176026111226,0.2270048890247,-0.1835341550330,-0.2030114348684,-0.0492139676998,0.1604879587209,0.5314646233970,0.0291980330143,0.4728324151799,0.2046571289112,0.2327331927609,0.0211312332670,0.3070364350875,-0.1197255388490,-0.1933051130734,0.0658038070305,0.0238208991868,0.1203368464628,0.0827651027575,0.1197356045003,-0.0367695290523,-0.2713826323253,0.1031768192662,0.2009289023759
0.3523431633222,-0.0335884836888,0.4230196672520,0.1320843826581,0.0016195143178,0.1609936797714,0.2613136313748,0.0842099628532,0.3161750563207,0.0725212655375,0.0784768846064,0.4311935300877,0.1897718642691,0.4368955126830,0.5271996234494,0.1767058839192,0.1153980547087,0.3801092521050,1.0000000000000,0.6374608382535,0.1584936483666,0.1725161616172,-0.0643823701436,0.3445516376003,-0.0912128936082,0.3708656544476,0.3298668222871,0.4759905410264,-0.0205004816473,0.1638038600769,0.0074225414024,-0.0337221526818,-0.0696423225845,-0.0471342715500,0.1343083074481,0.0813276207151,-0.1829223244265,0.2142988690229,0.1523916268730,-0.0991726049544,0.1171815626028,0.2197580646031,-0.0773682988576,0.0968940427492,0.0346535435884,0.0161358412849,0.2964927379023,0.1506107468993,0.4425161927026,0.3027571290569,0.2911905619610,0.1793960569721,0.0668147231280,0.4551598772238,0.3627653613475,0.0177547926573,0.2371765979662,-0.0803494309400,0.1382922799320,-0.1444678117390,0.3224064873648,-0.0689878994219,0.4051129845570,-0.0962828044554,0.0462960577693,-0.1494119566382,0.0692553855374,0.0000453893648,-0.0165810082441,0.0387314030807
0.3527765964205,0.1467181462110,0.2851029358060,0.2205191218755,0.0676085363086,-0.0185750486121,0.2964317006193,0.0092744854615,0.2572836338702,-0.1711655565640,0.2180998554819,0.3229515579748,0.2216789503268,-0.0150494881989,0.2631662989561,0.0514282465928,0.0680480112062,0.7150282437077,0.6374608382535,1.0000000000000,0.2131265097605,0.1830236408050,0.0061670222361,0.4474024169848,-0.2314592414736,-0.0067420412605,0.5019159743809,0.3153718423673,0.0984048570674,0.2868901495532,0.2612413585395,0.0066930038529,-0.2117360457960,-0.0751474574891,0.2894666236527,0.2856104428054,-0.0206833598435,0.1002140451394,-0.0620742260803,-0.0639217269675,-0.0802077646370,0.1720912360010,-0.2162262035894,-0.0014834905793,-0.2243287241358,0.1897717654389,0.3268836220342,0.1632259315449,0.0005816811949,0.0132822059832,0.0242365317472,0.0890614287573,0.5619196800109,0.3610645568474,0.7096086892009,0.1220443446017,0.2223521059188,-0.0136277039837,0.2999988620113,-0.2538860724982,-0.1086909670335,0.1109393459463,0.2118477461855,-0.0417673886970,0.2194217519393,0.0924754178547,0.0614236249121,-0.2098221600491,0.0686915526436,0.3309773113557
0.2990596359235,0.3469407082047,0.3351490644014,0.4953934456648,0.8130291142312,-0.0084464798910,0.2482577019269,0.1227830911425,0.2404046855138,0.4503526199392,0.3594045316908,0.5319420935911,0.6935047630384,0.3472590621057,0.1919506934260,0.1949663609451,0.3178944480596,0.2889548684707,0.1584936483666,0.2131265097605,1.0000000000000,0.2584854774059,0.3163474166046,0.3260691295146,0.4155794401132,0.3482217014486,0.2937514863326,0.1924673127794,0.3441811100263,0.2239619482033,0.1773737549893,0.2710147116077,-0.0857644353190,0.0831163326857,0.3320626270510,0.2907222536917,0.4166323893485,0.1904014581953,0.3409560851505,0.6901677954024,0.0493409613358,0.0789213883082,0.2731381803010,0.0790727590595,0.3556333667509,0.3908948903576,0.3981525217906,0.6838849719632,0.2314061814899,0.0544336005371,0.2226356622323,0.2321236968290,0.0882412616643,0.1539469638811,0.1172881593388,0.9018977911516,0.2457097516534,0.2174752372055,0.1306663356308,0.4675599644723,0.2625583478407,0.2521702890237,0.1535248911525,0.2774049440910,0.1189905020377,0.0841512261371,-0.0977137461785,0.0039176804589,0.0809949743198,0.2990617602427
0.3308497125564,0.3419376460045,0.3196653832780,0.4146482472556,0.4448134866807,0.0930562096095,0.1711250392660,0.0840228972960,0.2012208272523,0.0695259412162,0.3190041996461,0.2344870799741,0.3663086864006,0.1829033359996,0.1935399979817,0.1570519882824,0.6295697885323,0.1885331494452,0.1725161616172,0.1830236408050,0.2584854774059,1.0000000000000,0.4781210661190,0.7007211204713,0.1935889748685,0.1768776971764,0.3482078154277,0.2934659643811,0.5215596529837,0.5602914877413,0.5810492289100,0.1033031825611,0.0179181082709,0.5277034887491,0.5027838719184,0.3224293424512,0.3082179100062,0.0064642725480,0.2755865540091,0.4041385039893,0.0306350839379,0.1702644877786,0.0858672807721,0.0737469833874,0.1179878757531,0.3118992381811,0.0614493629987,0.3566131082903,0.0403525154368,-0.0279146211777,0.0912798306813,0.5920125563420,0.1477279095271,-0.0741551698187,0.0292338834683,0.2982352012452,0.8449704687775,0.4955662319201,0.7816287086937,0.2100243400274,0.0671525828477,0.0283202463619,0.3087159761449,0.5132808250525,0.3786698598396,0.5313561648975,0.0121042447520,0.0292901408191,0.4502893326851,0.4105632940979
0.1154652883404,0.4423333433110,0.0683270396618,0.6387470843839,0.3894877398083,0.0206901607394,-0.0311749064953,0.2772128552764,-0.1271235580913,0.3645262558560,0.1852804460803,0.1579009161837,0.4160012407960,-0.0828171679989,-0.0449504930061,0.0583812807889,0.5977372070738,0.0831757893530,-0.0643823701436,0.0061670222361,0.3163474166046,0.4781210661190,1.0000000000000,0.4811731307698,0.4832913272973,0.1341816579676,0.2540628255276,0.0413855634295,0.5489108797530,0.2131769376518,0.5185362574470,0.0458271990587,-0.1611492235507,0.3049133539871,0.2378700122380,0.1370197236283,0.5002913609967,-0.2147636604819,0.4210419961253,0.4549162844592,-0.2191341680928,-0.1574086353662,0.2594323831273,-0.2188135760930,0.4375514307567,0.1967520300023,-0.0270351672831,0.4581323703173,-0.1184538728651,-0.2284405480218,-0.0394695512666,0.5431535002142,0.0919362594054,-0.2603396087415,0.0195853667513,0.3169401688042,0.3448161415877,0.8549969969224,0.3936794596192,0.5176902330737,0.1437361827579,0.1508404272038,-0.0033037936194,0.5265502890989,0.1681889059431,0.4293080756162,0.0077006269945,-0.1419425104106,0.2364808696437,0.2522755463752
0.3948471228346,0.3158782509650,0.4878097693495,0.4311921262772,0.4015517175264,0.1031134761138,0.0791131023932,0.3917287616161,0.0876444742940,0.1577024951587,0.2718114336279,0.2207279623114,0.3971183111649,0.0518532550682,0.1896119237052,0.1298985992776,0.6201960413790,0.6256193288099,0.3445516376003,0.4474024169848,0.3260691295146,0.7007211204713,0.4811731307698,1.0000000000000,0.2805317591882,0.1623924841975,0.4374925900863,0.3818270133803,0.6462531687422,0.2993484271604,0.6193333997568,-0.0222389284668,-0.1283982198940,0.2861929994181,0.3731661782129,0.1956675375864,0.2132479212444,0.0374421379192,0.2339913941506,0.3160188673634,-0.1165411936530,-0.0175682003270,0.1956422226071,-0.0988552153866,0.1445635722977,0.2367002253429,0.0194185903691,0.3850187779617,-0.0170999287665,-0.1726911888339,0.1175730256558,0.6385241983227,0.2848563755912,-0.0835461317040,0.2195688045421,0.2654565707897,0.5634556165253,0.4603161927193,0.6537516104152,0.2148058973890,0.0339111752084,-0.0155682548649,0.2303184781466,0.5508313638828,0.1365102929107,0.4023160578778,0.0082758233203,-0.1299144617815,0.2479680646813,0.2281194753882
0.1649675322576,0.1944946696024,0.3535900208175,0.5007243172098,0.5084931977876,0.0031886817489,-0.0139446364984,0.5911068712852,-0.0564233209022,0.8069677525471,0.1207856696464,0.1194967782149,0.3297216613192,0.2521309270969,0.2226291384120,0.1504684145479,0.3996892361966,0.0252033727653,-0.0912128936082,-0.2314592414736,0.4155794401132,0.1935889748685,0.4832913272973,0.2805317591882,1.0000000000000,0.4129790519370,0.1986348228222,0.1505079762356,0.5113259000735,-0.0527760516468,0.0636387839697,0.0284777176911,-0.1684379128482,-0.0141191416556,-0.0086717831858,-0.0589218477389,0.3836884602451,0.1228629167755,0.4433049848510,0.6154006330334,-0.1030050884283,-0.0894618969227,0.5980810663724,-0.1222875861280,0.7219381252311,0.0969749222394,-0.1445654046529,0.3727340865775,0.1541551856377,-0.0270755264103,0.1899112010310,0.3422108349988,-0.3131732258405,-0.2884583066971,-0.2123932858905,0.3496395208437,0.1285784929526,0.3856006391597,-0.0416416522915,0.8602050835040,0.3671546557035,0.1298992561936,0.0709509083880,0.4490343199038,-0.0867002043337,-0.0814506341951,-0.0292640059875,-0.1082993683201,-0.0244992152697,-0.1461577339102
0.2577307949459,0.3575531797861,0.4688391795023,0.5099722674274,0.2727116429284,0.2647786080925,0.1413905204542,0.2522472025555,0.0856092702589,0.4918863240524,0.1412054733948,0.3266988710906,0.2851957404637,0.7342501029171,0.4712484631275,0.2591382958456,0.2442329051126,-0.0461142576446,0.3708656544476,-0.0067420412605,0.3482217014486,0.1768776971764,0.1341816579676,0.1623924841975,0.4129790519370,1.0000000000000,0.4427544400627,0.6289924108837,0.1513837521065,0.0585434509333,-0.2174999116054,-0.0894059039515,-0.0791244634941,0.0615162118769,0.2349533068480,-0.0885611567284,0.2545587414141,0.2602416248828,0.6912007201125,0.2344057647214,0.1583885534795,0.1619520447120,0.1790626599928,0.0721516762567,0.4503535439089,0.0709984179334,-0.0866666165797,0.3219638552836,0.5731236674714,0.2305626160151,0.3508912150839,0.2563582206398,-0.3934556369861,-0.2103506610416,-0.1560436584721,0.2420416952100,0.1755287235649,0.0816673407547,-0.0279050739712,0.3561367780701,0.8555818544638,0.2194363337822,0.5250000760522,0.0705489565153,-0.0635603320135,-0.3349135031724,0.0839045204962,0.0727619976065,0.0252331067182,-0.0568800817898
0.2372104074410,0.6329534522140,0.5009918012860,0.4865438274673,0.2141222548827,0.0912349462999,0.1323154630850,0.1900369902086,0.1506639491926,0.0970174386590,0.2434553142461,0.2689512420380,0.2646061810014,0.2299933025770,0.1619687557909,0.1162078814967,0.2112887218444,0.4959969169751,0.3298668222871,0.5019159743809,0.2937514863326,0.3482078154277,0.2540628255276,0.4374925900863,0.1986348228222,0.4427544400627,1.0000000000000,0.6138662155046,0.3047644452850,0.1359513759271,0.2665243242751,-0.0832516053468,-0.2258396054950,0.0912827628681,0.4401811901314,0.0928857111641,0.4021992620295,0.2534600311029,0.3362603302556,0.1119685172646,-0.0505349364211,0.0953085819227,-0.0342656461541,-0.0056846052364,-0.0138848277606,0.1789000753308,-0.0322983156697,0.2702508405926,0.0977026789571,-0.1163445578075,-0.0564169156456,0.1245665788490,0.2052142014330,-0.1410348913327,0.2394233150537,0.2075998636405,0.2414463544469,0.1528950817238,0.2359972736432,0.0839247439135,0.2681380367546,0.5631445339514,0.5386139462987,0.1065728919956,0.0277222152189,0.0509181374364,0.1197492762151,-0.1745342464772,0.0829913782055,0.2521012180366
0.4289161590099,0.3287179561122,0.6370566389258,0.3676510705228,0.1694614382990,0.1579463326918,0.0215713526922,0.1071114784854,0.1530219116464,0.1842588613800,0.2228790001298,0.2590543941126,0.0823675027756,0.5226083814872,0.4981594073835,0.1673592713552,0.2208471017840,0.1909791712521,0.4759905410264,0.3153718423673,0.1924673127794,0.2934659643811,0.0413855634295,0.3818270133803,0.1505079762356,0.6289924108837,0.6138662155046,1.0000000000000,0.0799783364537,0.1042999285045,-0.0099712826943,-0.0170442964963,0.0256248619997,0.0970671634335,0.2339989777135,-0.0030760923280,0.1368943767598,0.4158465635697,0.3793798481391,0.0573683147915,0.1599727813871,0.1393993330361,0.0355697245219,0.0892948937708,0.1317623590622,0.1481987112978,-0.0314536876015,0.1084063272775,0.4170877630620,0.2111311450522,0.1295076759908,0.1539306934987,-0.1480747942202,-0.0061734050158,0.0136702489959,0.1123515408316,0.2374575542532,-0.0529861683790,0.0975308236926,0.0579901353140,0.4631194480463,0.1708509168446,0.8563489143796,-0.0512604641498,-0.0230190609178,-0.2177554574160,0.1572716560596,0.0185319722933,0.1291735905480,-0.0249516772857
0.1725060860229,0.3529295535898,0.2339965249692,0.4936568984406,0.4438340033454,0.0297153078441,0.0454642205890,0.5606410345457,-0.0353050898091,0.2454999806280,0.3203396028251,0.1125899772954,0.4449761558868,-0.0793671431270,0.0418341017666,0.0738807889016,0.5416154526729,0.3170981227104,-0.0205004816473,0.0984048570674,0.3441811100263,0.5215596529837,0.5489108797530,0.6462531687422,0.5113259000735,0.1513837521065,0.3047644452850,0.0799783364537,1.0000000000000,0.1466690752764,0.6309028024259,0.0203454713954,-0.2613925386453,0.1691697779924,0.2623295898333,0.1173109777234,0.3703442708836,-0.1157935025020,0.3223844088765,0.4511652807994,-0.2901496802929,-0.1478446743606,0.4190881183105,-0.1785706107996,0.2506912672552,0.3024546398092,-0.1211083788655,0.4475468758110,-0.2002207452391,-0.2555795727135,0.0636633349233,0.5513308636654,0.1245134805785,-0.3667251175543,0.0172237934192,0.3087774641045,0.3510908926247,0.5907570592667,0.4520337387343,0.4988879235752,0.0189068132071,0.0471324349256,0.0283406617544,0.8747491536317,0.0524643478720,0.4555565489479,0.0724088924798,-0.2059749717763,0.0969752572723,0.1470766202983
0.3236361147669,0.2946472510697,-0.0426772341101,0.3664883830095,0.2992263569694,0.1133458860931,0.5272094165153,-0.2474002864163,0.5340217808165,-0.1067976282301,0.3351574410778,0.4301698395926,0.2098611635874,0.2014075008481,0.3939388010459,0.1173070805749,0.1737155016879,0.0916227792581,0.1638038600769,0.2868901495532,0.2239619482033,0.5602914877413,0.2131769376518,0.2993484271604,-0.0527760516468,0.0585434509333,0.1359513759271,0.1042999285045,0.1466690752764,1.0000000000000,0.3782302422335,0.2222713431771,0.1795102914886,0.4690710641731,0.5856933146015,0.5740626836426,0.2842706739207,-0.0170812515644,0.1601358645270,0.2131160733369,0.3023706540717,0.5338342407600,-0.1851905898875,0.4376477985465,-0.0993984329756,0.3776182854746,0.3482830198544,0.1732706107539,0.0223597796879,0.3065316692055,0.1961934032730,0.1603592489284,0.3815586068660,0.2055532356674,0.3853655791582,0.2473306383562,0.4769095220232,0.2705835405375,0.5148788036034,0.0234518781412,-0.0202566601064,0.0432620975948,0.2207466363439,0.1487989543400,0.7915945793587,0.4973349507983,-0.0375534211659,0.2429287704413,0.4668192771724,0.6853765091239
0.1282918275495,0.3409327860144,0.1318687820518,0.2897447241811,0.2963619711756,0.0175988720034,0.1008529508014,0.1022448135768,0.2129798433923,-0.1651430661144,0.1501929613773,0.1689519328595,0.2732102306002,-0.2515551626863,-0.0870844811127,-0.0661604855254,0.3681944647784,0.3284382373563,0.0074225414024,0.2612413585395,0.1773737549893,0.5810492289100,0.5185362574470,0.6193333997568,0.0636387839697,-0.2174999116054,0.2665243242751,-0.0099712826943,0.6309028024259,0.3782302422335,1.0000000000000,0.1437280889721,0.0007087805984,0.2737135022331,0.4146980978923,0.2589788077975,0.1936825171756,-0.1318382215868,0.0862848853624,0.1945787231394,-0.0416347600203,0.0098762659990,0.0439372228140,0.0671463068313,-0.1575686087503,0.2019564246020,0.0778355235956,0.2348651210754,-0.2939966976556,-0.2517820768007,-0.0717734582428,0.3651788108764,0.3996796446185,-0.0732839746149,0.2245480460134,0.1678745979250,0.3916510251568,0.5520096426510,0.5615021486203,0.0850106767737,-0.2879580327756,0.0108847520823,0.0481739298563,0.5554081336874,0.2183438008816,0.8253773597640,-0.0954051058511,0.0243676199881,0.1426233574221,0.4351230239503
0.1576568485093,-0.0362235937464,-0.0313235169326,0.0046418202958,0.2856084396973,-0.1313194726446,0.1937003198167,-0.1836279377039,0.4367726556832,0.0038874000604,0.2496416336466,0.6224069644739,0.1043050024450,0.3057258403527,0.1217674681150,-0.0253937549500,0.1110465528442,-0.1594539507006,-0.0337221526818,0.0066930038529,0.2710147116077,0.1033031825611,0.0458271990587,-0.0222389284668,0.0284777176911,-0.0894059039515,-0.0832516053468,-0.0170442964963,0.0203454713954,0.2222713431771,0.1437280889721,1.0000000000000,0.4956798173046,-0.0361470100432,-0.0374276113125,0.1300938787755,0.0212054743391,0.0050056221984,-0.1067950942710,0.1987094061180,0.2154329318928,0.1728458303350,0.0171196851395,0.2912696287424,-0.0012344965613,0.2996213858231,0.5600735263030,0.0138130694028,0.2607586722676,0.1723027861577,0.0501117119223,0.0428527243199,-0.0440706830313,0.3991865339483,0.0133603891989,0.2357332101341,0.0971238590381,0.0343620478708,-0.0047399535331,0.1314686229991,-0.1361732615317,0.0047540026536,0.0622183750196,-0.0102867487228,-0.0200101011167,0.1229783257244,-0.0176392235572,0.3542749131225,-0.1291011004957,0.0681229541752
-0.0308244030218,-0.1120687347321,-0.0387865319049,-0.2609166347422,0.0711526289177,0.2001573705169,0.2654372520212,-0.3039290579164,0.4824179318417,-0.2121750923560,0.0421687747074,0.2461963825598,-0.1880972458987,0.3266079900004,0.0425276161173,0.3278191089171,-0.0461203996035,-0.2845484811762,-0.0696423225845,-0.2117360457960,-0.0857644353190,0.0179181082709,-0.1611492235507,-0.1283982198940,-0.1684379128482,-0.0791244634941,-0.2258396054950,0.0256248619997,-0.2613925386453,0.1795102914886,0.0007087805984,0.4956798173046,1.0000000000000,0.1824709653987,0.0347769982526,-0.1125979977492,-0.2316136120453,0.1667770374994,-0.0185755429296,-0.0153365219368,0.4853650361310,0.3677052977738,-0.0657103323963,0.4676982474433,-0.1119539439987,0.1401844037228,0.2853873086063,-0.2216405175119,0.3418382433554,0.2877985519639,0.2533272177600,-0.0928373824412,-0.1959843448902,0.2938219676369,-0.1611820837414,-0.1059772024733,-0.0236440574722,-0.1151214650789,-0.1644229867799,-0.1094780297540,-0.1126183040663,-0.1241427217327,0.1600415017911,-0.2523144819481,-0.0723281487285,0.0222462635360,-0.2263525774345,0.7477020044192,-0.0030304822351,0.0304182945889
-0.1083059448232,0.3402601792542,-0.0845127051051,0.2533551840185,0.2163297378399,0.2228667449894,0.1880292937506,-0.1107173063348,0.0615689767921,-0.0890424891845,0.2415528404747,0.0560420554957,0.2214639111928,0.0504798194577,-0.0657839635698,0.2949390350146,0.2291959740045,-0.0546339375591,-0.0471342715500,-0.0751474574891,0.0831163326857,0.5277034887491,0.3049133539871,0.2861929994181,-0.0141191416556,0.0615162118769,0.0912827628681,0.0970671634335,0.1691697779924,0.4690710641731,0.2737135022331,-0.0361470100432,0.1824709653987,1.0000000000000,0.4852239085582,0.0737086278355,0.2818214520367,-0.0742211027006,0.2448203289837,0.2117128633647,0.1592276914567,0.1996242420548,-0.0388255736629,0.0119932680306,0.0543213129057,0.2999805358045,0.0432648453235,0.2857627561868,-0.0202057841918,-0.0465156558380,0.1887590459024,0.1706721019714,0.1292861516792,-0.0359671040450,-0.0351830729933,0.1662227792157,0.3615977143798,0.3326563543333,0.3733769185365,0.0280203453740,0.0244050640193,0.0836482308186,0.1529211292846,0.1821716813239,0.4171398650011,0.3975686464759,-0.0128616835610,0.1463576065535,0.6965374827873,0.4619085536797
0.2172490959344,0.5993345016523,0.1173199669369,0.4594650905084,0.3218506929196,0.2829229620681,0.3940554190973,-0.1898180529889,0.3397461936396,-0.1567476797242,0.1770626334911,0.2906765159548,0.2498643054643,0.1371435787195,0.0789264597574,0.2355225271024,0.2432562467984,0.2663863379593,0.1343083074481,0.2894666236527,0.3320626270510,0.5027838719184,0.2378700122380,0.3731661782129,-0.0086717831858,0.2349533068480,0.4401811901314,0.2339989777135,0.2623295898333,0.5856933146015,0.4146980978923,-0.0374276113125,0.0347769982526,0.4852239085582,1.0000000000000,0.4044057053783,0.4241901076020,0.1092781829810,0.4272748212008,0.2089371518569,0.3290414570679,0.3324169204682,-0.1552408137218,0.3220932548769,-0.1550871534271,0.2441955348377,0.1667529731031,0.2452564191055,0.0083131659133,0.0717842144486,0.1477629682219,0.1749991086943,0.3580929854290,-0.0602955319085,0.2411607313460,0.3487817328435,0.3613437846533,0.2633305438529,0.4303891533775,0.0494009245170,0.1516234191047,0.2976498047600,0.3107284211169,0.1675194915632,0.4284495079572,0.4144315521872,-0.1192661340067,0.2504317716428,0.3062317605322,0.8004346683449
