1.0000000000000,0.1415003895016,0.1171324954726,0.3455406610157,-0.1483211527690,0.1354148914644,-0.0727663678134,0.2891407628121,0.1023692101382,0.0701990640400,-0.0974438701233,0.2035731378557,-0.1668166800459,-0.1339072508849,0.4737716417100,-0.0412894287293,-0.0788866694355,0.4678765657809,0.3125330797409,0.4390587784400,-0.0665844080732,-0.0463228756170,0.1338318284547,0.2017672185457,0.0273095312683,0.0120994882007,0.1623395830518,0.0628300669179,0.0806464177212,0.3807662953945,0.5193748769913,0.2186440471646,0.0402762265350,0.1707437182831,0.3153123600471,0.3945357362169,0.1640177901844,0.0264686115472,0.2920071696929,-0.1936541543992,0.1749089668987,-0.2113904290830,0.2884622915280,0.0338120890790,0.0094469125949,-0.1666983183406,0.3021481604843,-0.1711130162898,-0.0493214536861,0.3977459724247,-0.0381188378180,-0.0765466613367,0.3008190262644,0.2090196855158,0.3945126804032,-0.1472203169993,-0.1633720236105,0.1958593846291,0.0513485656323,0.1440949541423,0.1010568231658,0.1944387295203,0.1305444588184,0.1023259468554,0.1657309233952,0.3073639622209,0.2527708071423,0.1963081159570,0.0230151244581,0.3276980523586
0.1415003895016,1.0000000000000,0.0980972392033,0.6648393293911,-0.1670109306907,-0.0596528613489,-0.2030731577022,0.0157365880042,-0.0817624193455,0.1529436425361,-0.2123447035331,0.2511152112550,-0.1034019252514,0.0410592551697,-0.0566173773573,-0.2629766083604,-0.0406615897429,0.1359236446876,-0.1350903473254,0.0986614234656,-0.0522731446600,-0.0406361151513,0.5646013901494,0.0651518787314,0.0889766517589,0.5110051849617,0.2341802982627,0.1315370044695,-0.1987143421899,0.1527459557238,0.1779292365164,0.0895516475982,0.0248575181584,0.2969920058574,0.5583351545725,0.2193942783392,0.8615040762175,0.2795522072815,0.6471612604410,-0.1582950685634,0.0873320059147,-0.2507665200320,0.1423380714348,-0.1037848225469,0.1372810700501,-0.2190521891511,-0.0204574152309,-0.0928712330327,0.0069469246172,0.0054368296813,-0.1149537691104,0.0309950799285,0.2361715188990,-0.0925565531036,0.2716454540507,-0.0826209968131,-0.1284023573514,0.5673441138511,0.0810808535156,0.0706028048172,0.4566758761068,0.2076992781075,0.1482428674717,-0.2016873342344,0.2498647565185,0.2625197538007,0.0970609439601,0.1726968124076,0.3085142916638,0.4819649572145
0.1171324954726,0.0980972392033,1.0000000000000,0.3320411816587,-0.3244524122227,-0.1805098083139,-0.2981352981943,0.5849120990285,0.1472040276403,0.2093335915173,-0.4989953261683,0.2815670225777,-0.3176222623724,0.1848613746291,0.2631864011154,-0.1590854955167,-0.2052673668056,0.5122689727615,0.5158068041490,0.4131370151695,-0.1711548269247,-0.2723295085612,-0.0894529770941,0.0232514967899,0.1141441219611,0.3484906074463,0.4852882000006,0.6408871653817,-0.1972037733622,-0.3448309928984,0.2358671103704,-0.2668375296676,-0.1423863017304,-0.1505327547392,-0.0911756262206,-0.3479629141809,0.0639254259751,0.7546272840343,0.3282668145172,-0.4043831120128,-0.2215663041096,-0.4465927589143,0.3778560811685,0.0000652612686,0.2019530109773,-0.5029510540231,-0.0162540814059,-0.3522445304878,-0.1494460080347,-0.2743588708162,-0.1927609765976,-0.0519044581987,0.1691810639598,0.1233496582735,0.0961787664865,-0.2893502300534,-0.3615570377948,-0.1406288547739,-0.0887444091661,-0.0124278394358,0.0811458131887,0.1180040774099,0.4848034050655,-0.2683206686216,-0.4832227704140,0.0531109398628,-0.1464325451117,-0.2739435530623,-0.4036353679321,-0.1372816110879
0.3455406610157,0.6648393293911,0.3320411816587,1.0000000000000,-0.1894622941326,-0.0346718378789,-0.2261600006103,0.3710657509761,-0.0162927002054,0.4152692787079,-0.2731599619418,0.3670074700316,-0.1678903601767,0.2422075575017,0.1987171597145,-0.1327033977660,-0.1556575814809,0.2424658026926,0.1469193339162,0.3280733983940,-0.1239222739154,-0.2101830618467,0.4447714512194,-0.0392164511958,0.2602090173806,0.6598595297897,0.2135373646331,0.2679827574604,-0.1818044563147,0.0568742218639,0.2891627913123,0.1235772150948,-0.1324188543636,0.1783260194447,0.4117461803707,0.0892479115651,0.6041701468013,0.4113037500808,0.8904635384644,-0.3061107448393,0.1063749601538,-0.3380710286261,0.4097376907191,0.0073735825275,0.4359960892856,-0.3637911581929,0.1459404473555,-0.1881491511599,0.0396255448393,0.1274181411679,-0.0124560298076,-0.0621611332674,0.3351640719487,0.0289070642384,0.3415774680780,-0.2566210704621,-0.3170442063022,0.4852120641524,-0.0563542736892,0.2362453517255,0.5368307030591,0.1738774000662,0.3061663015914,-0.2207665767539,0.0037464718057,0.2523626583796,0.2278867196706,0.0782854443146,-0.0056963578108,0.3841565519841
-0.1483211527690,-0.1670109306907,-0.3244524122227,-0.1894622941326,1.0000000000000,0.0159543503750,0.1298339780992,-0.1693402752766,-0.1235393039517,0.3139086170064,0.6471247629088,-0.2021111483574,0.5754468259557,0.1782513442568,-0.1923541417152,0.2639570784219,0.4761183549355,-0.2486665940094,-0.2136443791728,-0.2800045618548,0.6809216236269,0.5366924575804,0.2818816795802,0.2264386002447,0.5239130717075,-0.0764655004279,-0.1484556572779,-0.2039472804738,0.5863115202442,0.1280564560211,-0.0376858641411,0.0022970575503,0.0603998520717,0.1147046162088,-0.1210340244250,0.0088988320022,-0.2343696796580,-0.4233640845931,-0.2682306555055,0.8897617714098,0.0504274269482,0.3853918015898,-0.2571197766060,-0.0866015649238,0.2185041700076,0.6803149465275,-0.1854490945963,0.7003653959837,0.1619818535917,-0.1047402249504,0.2635743198648,0.3422159224996,-0.1507531651463,-0.3288212400579,-0.3602781666784,0.7673255735074,0.5795053640001,0.1272246153230,0.1709250689152,0.4941069053541,-0.0309560285511,-0.2377845775351,-0.2114034662735,0.4980963032988,0.0824274848744,-0.1370411753431,-0.0730518603354,0.0852714862841,0.2430539693166,-0.1277687106569
0.1354148914644,-0.0596528613489,-0.1805098083139,-0.0346718378789,0.0159543503750,1.0000000000000,0.1676401364292,0.0228434844993,0.4184316889825,-0.0688697140541,0.0183058402955,0.2039871781553,-0.1864739129203,0.0042831795991,0.4095179841553,0.5564519131951,-0.1346273444054,-0.1553131372816,-0.0210126496991,-0.0767488386472,-0.0485563574845,-0.1421244698891,-0.0389081511071,-0.1358595820376,-0.0943883980611,-0.1193832484801,-0.0759077657460,-0.0932274739209,0.1343724498005,0.2565876023550,0.1380781657641,0.1395872696617,0.4528272730215,-0.0640570238257,-0.0504272013740,0.0006236038486,-0.0321189585570,-0.1578730416905,-0.1382439199435,-0.0291610919356,0.7329967239972,0.2351167619321,0.0427477664411,0.2951947449062,-0.1080355951785,0.0175121133820,0.3176156955487,-0.2562146606796,0.2055996017874,0.3107734355293,0.3269345431036,-0.2179012706518,-0.1365481624311,0.2233791019275,0.0077516295322,-0.1232966072939,-0.2037483413417,-0.1391639880574,-0.2598768887679,-0.0473936974183,0.0640611500155,0.0275239904721,0.0074503532374,0.0764783676249,0.0552490606828,-0.0565058690254,-0.0691548842972,0.3460428017208,-0.1073116148445,0.0309190916511
-0.0727663678134,-0.2030731577022,-0.2981352981943,-0.2261600006103,0.1298339780992,0.1676401364292,1.0000000000000,-0.3365787840995,0.4647707388519,-0.1868617120065,0.4216264163481,0.0941796553868,0.3732331019197,-0.1074584312167,-0.1118703657535,0.4336283434683,-0.0626656538298,-0.3942671103547,-0.2109633316625,-0.2017528158518,0.0455313505207,-0.1589801684967,-0.2664171790444,-0.3110807366909,-0.1447853868508,-0.1293455911653,-0.1368443365245,-0.2648782924749,0.1157844371714,-0.0296807875375,-0.3606438904984,-0.0757809195365,0.3312768294526,-0.1855073011834,-0.1915272656904,-0.0065116809524,-0.2558979930646,-0.3039592715988,-0.1700588632196,0.1756866893171,0.1565721735272,0.7283837480267,-0.3706437446261,0.4532450784260,-0.1269893935616,0.3698467604111,0.1619798568901,0.2236623382974,0.0779283456821,0.0890405441455,0.3790676239716,-0.1354675934492,-0.4176456393740,0.0124363670900,-0.2456183303554,0.0686119707185,-0.0466110418752,-0.2898241934328,-0.2895097195980,-0.1438415639411,-0.1101631635940,-0.0671710984119,-0.3406584420342,0.0916108711858,-0.0010103818197,-0.3124610692713,-0.0975163808570,0.0284636286074,-0.0698355501582,-0.1590402186624
0.2891407628121,0.0157365880042,0.5849120990285,0.3710657509761,-0.1693402752766,0.0228434844993,-0.3365787840995,1.0000000000000,-0.0829099400906,0.4609784402983,-0.3430453018532,0.1637801524638,-0.2416528282547,0.2711978963274,0.4326570944093,-0.0133631435858,-0.3225611391372,0.4414094146825,0.3997943830730,0.2782817437591,-0.0189518568738,-0.2046669889074,-0.0119963869856,-0.0057821279129,0.4694974927763,0.1394730375494,0.1901628643041,0.4126318352176,0.0608388696851,-0.1633845797672,0.2762545759538,0.2649935039222,-0.2885812551326,0.0298511285905,-0.0965415028242,-0.2309888187411,0.0573256866659,0.3482133625260,0.3336491173799,-0.1992713465045,0.0004223300793,-0.5168002521080,0.7197251858819,-0.1456374372822,0.3871833059965,-0.3734218946169,-0.0188109072169,-0.2926776481078,0.0487091974358,-0.0049505587585,-0.0428679422710,-0.2271191713469,0.1212675280625,0.0446569366342,0.0927598232938,-0.1666881328343,-0.2965994045448,-0.1553602179805,-0.1248365464655,0.3173380130751,0.0965210143497,0.0037840812574,0.4325048237013,0.0392149998192,-0.2641726923362,-0.0062283854968,0.2420163003744,0.0565445105134,-0.1733949922453,-0.1048412824651
0.1023692101382,-0.0817624193455,0.1472040276403,-0.0162927002054,-0.1235393039517,0.4184316889825,0.4647707388519,-0.0829099400906,1.0000000000000,-0.1563469675306,-0.1075850150721,0.4042399228479,-0.1752401232651,-0.1096351594249,0.3380850997451,0.5190109855282,-0.3152678983079,-0.1404396503674,0.2046345914762,-0.0100186092782,-0.2268451653950,-0.3334407411331,-0.2743595050646,-0.3030388814117,-0.2671162049646,-0.0050809171896,0.1689973457283,0.1661510786633,-0.0450744208700,-0.0495601343670,0.0215786019285,-0.1470216380194,0.5720409798619,-0.1899262297994,-0.1311165604239,-0.0685718575079,-0.0964044398194,0.1089547216082,-0.0140547272207,-0.1837537000099,0.3486098390183,0.4546723741267,-0.1137556760723,0.8277892287969,-0.1562673155431,-0.1049162284691,0.5132947535995,-0.3468027299091,0.1589615127439,0.1775357973730,0.3813361104115,-0.3509895187918,-0.2162430531739,0.3829830950428,-0.0616959517210,-0.2970956471480,-0.3632368292419,-0.3118065654054,-0.3254766815771,-0.2451306136683,0.0984591421671,0.1156848109053,0.1114137611016,-0.1640289656457,-0.2269897631590,-0.1533862393011,-0.2152986667623,0.0238810397409,-0.2480774806883,-0.0792080549742
0.0701990640400,0.1529436425361,0.2093335915173,0.4152692787079,0.3139086170064,-0.0688697140541,-0.1868617120065,0.4609784402983,-0.1563469675306,1.0000000000000,-0.0389716546011,0.1775802584303,0.2113773521545,0.5829051878888,0.2760425933575,0.1107452386539,-0.0772294607853,-0.0078986659426,0.2055773886298,-0.0357961844839,0.3048175204483,0.0000099990415,0.3740110053851,-0.1097117292813,0.7621966655418,0.4073824228701,-0.1512557458042,0.2519223462577,-0.0074405174993,-0.1651833145620,0.0623748321144,0.0587026403751,-0.1341266925795,0.0619700408769,-0.0478881697740,-0.2401163421215,0.0318353251457,-0.0073274147757,0.4030292760867,0.2519666097665,0.0101090549139,-0.2561505888207,0.2273069428436,-0.2011269694760,0.8708260074634,-0.0841426856503,-0.1713696154493,0.1774692676274,0.3855342362918,-0.1343923578276,0.1780944364435,-0.0381724352257,-0.0555447952611,-0.3259124327807,-0.2293135828464,0.2652742056970,-0.0178960374974,0.1569136328888,-0.0902183753149,0.5973068529780,0.2623131224839,-0.3676260096311,0.1815124967787,-0.0586009575570,-0.1903203491019,-0.1563652511583,0.0399890624817,0.0577672843916,0.0050822540761,-0.1148730523001
-0.0974438701233,-0.2123447035331,-0.4989953261683,-0.2731599619418,0.6471247629088,0.0183058402955,0.4216264163481,-0.3430453018532,-0.1075850150721,-0.0389716546011,1.0000000000000,-0.1074860892397,0.5566481592347,0.1149623357680,-0.2879415844772,0.2046889857602,0.4788750103162,-0.3323978037657,-0.2998026691025,-0.2492654709386,0.5443167245279,0.4798269428376,0.1274970758858,0.2013689368386,0.1975641585267,-0.0937526994503,-0.2780949410002,-0.3301482958986,0.6111503967601,0.1809946273059,-0.1139660345929,0.0378212578949,0.0494391045792,0.0206704851557,-0.0750553427495,0.1252618010014,-0.3208079188211,-0.5615157597676,-0.3227447439418,0.6365332077855,-0.0167763119067,0.5591621362182,-0.4299364683009,-0.0463557956842,-0.0766787714655,0.9422700881790,-0.0529451360603,0.7401351115452,0.1168562066627,-0.0154983499057,0.2023165883537,0.3100828231420,-0.2484027366550,-0.2652473747941,-0.3149957650418,0.6375672841416,0.5036273632711,0.0365859386811,0.0812048773290,0.2051934842759,-0.0313221727645,-0.2477211312102,-0.3686197932009,0.6003938150689,0.1136018319538,-0.1647981280597,0.0343553112925,0.0647380336188,0.1719489979830,-0.0660949042226
0.2035731378557,0.2511152112550,0.2815670225777,0.3670074700316,-0.2021111483574,0.2039871781553,0.0941796553868,0.1637801524638,0.4042399228479,0.1775802584303,-0.1074860892397,1.0000000000000,-0.2416198348176,0.4287435199713,0.3887589199519,0.1548570061814,-0.1471238873010,0.1221746854858,0.5434779454979,0.2976601028261,-0.1782067636275,-0.2035460368134,0.0759194328138,-0.1296301661442,-0.0498777431520,0.4712313628066,0.3174571547801,0.4916520361186,-0.0685199986443,0.0215082229856,0.1018020116667,0.0245349024852,0.2218100819311,-0.0686051380252,0.1628172194659,-0.1489059887126,0.0853067416131,0.0878209178482,0.3809271554726,-0.2953878810015,0.1447418076379,0.0656194961007,-0.0157231453657,0.3321657772851,0.1764289295518,-0.1398467522595,0.5174633040715,-0.2356896154237,0.4156811858437,0.0615806981704,0.1418561348373,-0.1243432507111,-0.0857401609165,0.2876913993825,0.0499138268403,-0.2582020526052,-0.3414305393357,-0.0224113114921,-0.2145296579924,-0.1443821014067,0.4773226875055,0.0147106147093,0.3700647287417,-0.1185434889057,-0.2578632760228,-0.1964408847676,-0.0889145417473,0.0646676052403,-0.2216556672120,0.0043897378398
-0.1668166800459,-0.1034019252514,-0.3176222623724,-0.1678903601767,0.5754468259557,-0.1864739129203,0.3732331019197,-0.2416528282547,-0.1752401232651,0.2113773521545,0.5566481592347,-0.2416198348176,1.0000000000000,0.0101118275089,-0.3443293280841,0.1243673174358,0.3027011270315,-0.2356054822546,-0.2880319514596,-0.2254339467864,0.7365010695884,0.3851742239763,0.1328311634617,0.1100413175614,0.2732312029392,-0.0620953008769,-0.2036977193665,-0.3181387135645,0.2457304377569,0.0293570780930,-0.2290361785863,-0.0637529148621,-0.1135409800811,0.1669347717265,-0.0101297885919,0.1107132716982,-0.1423781311882,-0.3147391106149,-0.1367466736680,0.6883095209949,-0.1250055466902,0.2866067888851,-0.3003327520711,-0.1371279525508,0.1622242120459,0.5144493427747,-0.2912054949713,0.7850060930780,-0.0240007792676,-0.1968254017656,0.2111289776631,0.2755983246719,-0.0664432872993,-0.3460744789803,-0.2452966383559,0.7374402692585,0.4987885532564,0.0620176790504,0.2454297350536,0.1975340039287,-0.1734451782223,-0.1949068779124,-0.3519562997736,0.2442087354820,0.1956433600264,-0.0809978879296,-0.0074417804902,0.0159868597456,0.3253033490873,-0.0147886581711
-0.1339072508849,0.0410592551697,0.1848613746291,0.2422075575017,0.1782513442568,0.0042831795991,-0.1074584312167,0.2711978963274,-0.1096351594249,0.5829051878888,0.1149623357680,0.4287435199713,0.0101118275089,1.0000000000000,0.2754339983523,0.1981125378100,0.0721757515324,-0.1064751687101,0.2499039474429,0.0004849403363,0.1198102147940,0.0114267797833,0.1573009936052,-0.0654841976963,0.4229643876515,0.5694913344728,-0.1370796689235,0.4364760294918,0.0630423264238,-0.0877370216934,-0.1433221928216,-0.0901766259657,-0.0877576229978,-0.1036694623864,-0.1502303259645,-0.3572386521030,-0.1410453991429,-0.1221819836134,0.2507924162676,0.0882579531880,-0.0236182538385,-0.0390370981125,-0.1020156579554,-0.1315635179622,0.5977538733762,0.0790252414306,-0.0193365904667,0.1234173316553,0.6039021146609,-0.1574842377968,0.2315680886580,0.0931084418523,-0.1907065496743,-0.2438813525833,-0.3583489485657,0.1189735082256,-0.0224605270926,-0.0277278166760,-0.1182498791327,0.1976291141989,0.3954573241026,-0.5192458263054,0.2385310709959,-0.0113758649417,-0.3130849213038,-0.4205640941175,-0.1902994389936,0.0106553296047,-0.1806904611976,-0.1904937865344
0.4737716417100,-0.0566173773573,0.2631864011154,0.1987171597145,-0.1923541417152,0.4095179841553,-0.1118703657535,0.4326570944093,0.3380850997451,0.2760425933575,-0.2879415844772,0.3887589199519,-0.3443293280841,0.2754339983523,1.0000000000000,0.2928603188539,-0.3583554134558,0.1858265225694,0.5783800619616,0.1927973124161,-0.1807945620122,-0.3087769523891,-0.0907287316517,-0.1641163056992,0.0393562597294,0.1175529161576,0.0097912627315,0.4144384726510,-0.0326269897442,0.2276953505111,0.2956417563827,0.1828800237464,0.2223065128558,-0.0326470860854,-0.1087784519004,-0.1684869617837,-0.0627815279906,0.0533204970793,0.1528326914114,-0.2407262927123,0.3693695830527,-0.1509472813153,0.3407110573764,0.2164742976223,0.2098382374865,-0.3282136744775,0.2801236890829,-0.4379030351895,0.3353674641597,0.4117165670571,0.2065030597314,-0.3541986821319,-0.0735568953839,0.2944292747531,0.0577173446672,-0.2850586899995,-0.3971325257546,-0.2011644434666,-0.3019752449465,0.0184359847075,0.1436532617288,-0.0976244552939,0.3996973566754,-0.1155138016860,-0.1474112894689,-0.0989575930099,0.0168845644358,0.3016254688082,-0.1984326751909,-0.0876284332230
-0.0412894287293,-0.2629766083604,-0.1590854955167,-0.1327033977660,0.2639570784219,0.5564519131951,0.4336283434683,-0.0133631435858,0.5190109855282,0.1107452386539,0.2046889857602,0.1548570061814,0.1243673174358,0.1981125378100,0.2928603188539,1.0000000000000,-0.1347233803976,-0.3132848982283,-0.0033346337961,-0.1777538242662,0.1632075753462,-0.0909840081999,-0.2167386650183,-0.2288268339940,0.1363031900331,-0.0180804403964,-0.1936127577286,-0.0204560995904,0.1810556247505,0.1752302559686,-0.0978711540081,-0.0335970679903,0.3675657047268,0.0017248528931,-0.1164543888421,-0.0388307558974,-0.2766348204874,-0.1888886808739,-0.1278688370478,0.2238864456313,0.5531483501519,0.5391368786381,-0.0826833537885,0.4663020083354,0.0944807621786,0.1979646373231,0.2785413951414,0.0191884884289,0.3075970840493,0.2085380702779,0.7960024923311,-0.2027291175290,-0.3076665992298,0.0658642182314,-0.2476965072155,0.1055149601297,-0.0946293547211,-0.3293851565422,-0.2587551016449,0.1406794773338,0.0644783398053,-0.2530285541165,-0.0168888605153,0.0988778251082,-0.0492670035393,-0.2824899185367,-0.2160034684726,0.1778003189310,-0.0588656526738,-0.0500290715078
-0.0788866694355,-0.0406615897429,-0.2052673668056,-0.1556575814809,0.4761183549355,-0.1346273444054,-0.0626656538298,-0.3225611391372,-0.3152678983079,-0.0772294607853,0.4788750103162,-0.1471238873010,0.3027011270315,0.0721757515324,-0.3583554134558,-0.1347233803976,1.0000000000000,-0.0191017801046,-0.1630544270483,0.0003972058841,0.3346483829446,0.7408234836774,0.4054357208424,0.6054580701615,0.1377742383818,0.0137928561347,-0.0870673846916,-0.1936196023751,0.4172151681523,0.2322993923871,0.2527106997504,-0.1679764546183,-0.0231277180676,0.1184535764520,0.2157673231505,0.2420714560395,-0.0988166737829,-0.2413206028787,-0.1798119112844,0.3895622927427,-0.1257799917398,0.1614662572711,-0.3384721576595,-0.3277011702298,-0.0614165569553,0.4904094362147,-0.1386860455508,0.5131043269683,-0.0408087992091,-0.1701606101202,-0.1615888589689,0.8986807912588,0.1600215732741,-0.2312129466588,-0.0954039659380,0.4785017207449,0.7182446743304,0.5004219315442,0.5475192696829,0.2163959287723,0.0152963450789,-0.1525089719878,-0.2189582391043,0.4389195880309,0.1586581395915,0.3030642892345,-0.0935874568928,-0.0769544495048,0.2379063661670,0.2021578278196
0.4678765657809,0.1359236446876,0.5122689727615,0.2424658026926,-0.2486665940094,-0.1553131372816,-0.3942671103547,0.4414094146825,-0.1404396503674,-0.0078986659426,-0.3323978037657,0.1221746854858,-0.2356054822546,-0.1064751687101,0.1858265225694,-0.3132848982283,-0.0191017801046,1.0000000000000,0.4758506132476,0.6964094926212,0.0061273157541,0.0680927145002,0.0645390365678,0.4143064137399,-0.0117020477746,0.0387732847758,0.4773274261199,0.2260855109227,-0.0196536336778,0.0905047086226,0.5004238164122,0.1992660584972,-0.2392688111420,0.2585465741526,0.3917638756339,0.0645039212455,0.1795543345850,0.3004179963643,0.2090795004794,-0.3070913113661,-0.1183958985896,-0.4902667738082,0.2827099283252,-0.2294720648694,-0.1046392792325,-0.3544989633262,-0.0846902132429,-0.2218826966984,-0.3812788191506,-0.1513485914742,-0.3144437147196,0.0530468521126,0.5829023904404,0.2187359242966,0.5234481296406,-0.1142499252834,-0.1004140703124,0.0990686755465,0.2097056563226,-0.0660359741279,-0.0109497908844,0.3218444797268,0.1881727476810,-0.0346921620192,-0.0521272824075,0.2662685663365,0.3076143113153,-0.0181914554950,-0.0044490247661,0.2735374292640
0.3125330797409,-0.1350903473254,0.5158068041490,0.1469193339162,-0.2136443791728,-0.0210126496991,-0.2109633316625,0.3997943830730,0.2046345914762,0.2055773886298,-0.2998026691025,0.5434779454979,-0.2880319514596,0.2499039474429,0.5783800619616,-0.0033346337961,-0.1630544270483,0.4758506132476,1.0000000000000,0.5481104245405,-0.1539492373217,-0.1836926688888,-0.0935908731043,-0.0621109998736,0.0028843029776,0.1233113544039,0.2801948289735,0.4788857279566,-0.1038807106766,-0.0924267661041,0.2820452455114,-0.0854482599242,0.0403915461015,-0.0858138306113,-0.0200753827145,-0.2441514899036,-0.2452509225466,0.1678257479649,0.1330874662527,-0.2931251608026,-0.0270117968107,-0.2458695291000,0.2008710573831,0.1264193935013,0.1312924094162,-0.3289741687689,0.2740093438266,-0.2744782440938,0.1701287635455,0.0510378274609,-0.0116523893035,-0.1068551971360,0.0348338012884,0.3802136161395,0.1602602609513,-0.2177472030774,-0.2966940672698,-0.1826535272933,-0.1730963549587,-0.0314859595061,0.0433080768767,-0.0461054929493,0.3152398746661,-0.1716540155066,-0.3807194572631,-0.0763734410926,-0.0127903962789,-0.1029321251582,-0.2650039072103,-0.1547796047513
0.4390587784400,0.0986614234656,0.4131370151695,0.3280733983940,-0.2800045618548,-0.0767488386472,-0.2017528158518,0.2782817437591,-0.0100186092782,-0.0357961844839,-0.2492654709386,0.2976601028261,-0.2254339467864,0.0004849403363,0.1927973124161,-0.1777538242662,0.0003972058841,0.6964094926212,0.5481104245405,1.0000000000000,-0.0944638599206,-0.0461466850188,0.0090963311316,0.1571200888367,-0.1344544047678,0.2037973103694,0.3954273236921,0.1492537547563,-0.1436030698849,0.1426479186745,0.3492587925025,-0.0141191357357,-0.2404517184598,0.1326506815633,0.3900066150172,0.0909618727915,0.1089189987672,0.2257217744766,0.2411854513596,-0.3852741908193,-0.0871439700354,-0.3565092857914,0.1615201747071,-0.0527412733473,-0.0388723902135,-0.3344866927980,0.1402953596063,-0.2299692977348,-0.1455234032890,-0.0015274805356,-0.2155259838297,0.1023536803801,0.4236336615946,0.2712546592970,0.5119857112192,-0.2170352639248,-0.1467012354875,0.1025247586036,0.0475736999234,-0.1497758288779,0.1072350720403,0.2011180158116,0.0907053247617,-0.1509487503302,-0.0624206047441,0.2227792981107,0.2345633959417,-0.2360807469099,-0.1687935136723,0.2492814151335
-0.0665844080732,-0.0522731446600,-0.1711548269247,-0.1239222739154,0.6809216236269,-0.0485563574845,0.0455313505207,-0.0189518568738,-0.2268451653950,0.3048175204483,0.5443167245279,-0.1782067636275,0.7365010695884,0.1198102147940,-0.1807945620122,0.1632075753462,0.3346483829446,0.0061273157541,-0.1539492373217,-0.0944638599206,1.0000000000000,0.5403783412153,0.2356485787781,0.3172299151868,0.4230188303573,-0.0111533444570,-0.1188981164734,-0.1848331766705,0.3940625161086,0.1172574547178,-0.0305045889845,0.0057586198185,-0.1107053310607,0.2478405700515,0.0530481231607,0.0601101503168,-0.0716980295415,-0.2650989247102,-0.1605328059504,0.7592454515435,-0.0172229375164,0.1157811926000,-0.1468289113287,-0.2474562559527,0.1840781689479,0.5220443251214,-0.2812445331454,0.7398282097630,0.0219893420490,-0.2150127982548,0.1995241301710,0.2813237557934,0.0331320337057,-0.3198957814703,-0.1627241470706,0.9109671027933,0.5276231164902,0.0906259706274,0.2934649047290,0.3396963285485,-0.0236142170554,-0.1711211926460,-0.2027358971999,0.3722931653983,0.1425032932085,-0.0640802739723,0.0222658762786,0.0686001137333,0.3189305371773,0.0215609818396
-0.0463228756170,-0.0406361151513,-0.2723295085612,-0.2101830618467,0.5366924575804,-0.1421244698891,-0.1589801684967,-0.2046669889074,-0.3334407411331,0.0000099990415,0.4798269428376,-0.2035460368134,0.3851742239763,0.0114267797833,-0.3087769523891,-0.0909840081999,0.7408234836774,0.0680927145002,-0.1836926688888,-0.0461466850188,0.5403783412153,1.0000000000000,0.3802249670438,0.7807187957081,0.2141229099358,-0.1240195514317,-0.0509989616128,-0.1671996489570,0.4500797413846,0.3633058685958,0.3200229721825,0.0695877910207,-0.0627839750513,0.4249203046274,0.3190654486280,0.2904608434692,-0.0422222923737,-0.3381153324918,-0.2102435469010,0.5103009182186,-0.0654442711965,0.1022389923090,-0.2483702651965,-0.3356268468765,-0.0414314683938,0.4905185732053,-0.1974829932150,0.5075256189954,0.0165228769128,-0.2188675248996,-0.0845821099857,0.6506334668456,0.1657716019379,-0.3283875030437,-0.1368604067545,0.6315652463977,0.8775504082340,0.4198501446423,0.7457917737339,0.2268868677089,-0.0279298673947,-0.1420142527771,-0.1599709014122,0.5013850791197,0.3693208791688,0.2719202497240,0.0855756068889,0.0981771753711,0.5277711305469,0.2353690209777
0.1338318284547,0.5646013901494,-0.0894529770941,0.4447714512194,0.2818816795802,-0.0389081511071,-0.2664171790444,-0.0119963869856,-0.2743595050646,0.3740110053851,0.1274970758858,0.0759194328138,0.1328311634617,0.1573009936052,-0.0907287316517,-0.2167386650183,0.4054357208424,0.0645390365678,-0.0935908731043,0.0090963311316,0.2356485787781,0.3802249670438,1.0000000000000,0.3413005716498,0.4127468178012,0.2488895579627,-0.0471133180022,-0.0080459336757,0.1780237986512,0.1963635343332,0.3789084717060,0.0797171119717,0.0295741358096,0.2953995384190,0.4048422216179,0.2457364918800,0.4470241124580,-0.1058038945247,0.3295127400861,0.2342575349081,0.0710611299964,-0.1465595088270,0.0061897636283,-0.2710183450897,0.3162087762183,0.1160967138812,-0.0886000425728,0.2635283822751,0.1484493263140,0.0249000419949,-0.1338960347530,0.3239234613497,0.2347327435777,-0.2558572726860,0.0829841814432,0.2954734312708,0.2969681561064,0.7741787892898,0.2528544721936,0.4140108771630,0.2734889081197,-0.0808750047857,-0.0025466986400,0.1564101664154,0.2740306140256,0.3276059739702,0.1248384773703,0.1691948207637,0.3695603261846,0.3010427817533
0.2017672185457,0.0651518787314,0.0232514967899,-0.0392164511958,0.2264386002447,-0.1358595820376,-0.3110807366909,-0.0057821279129,-0.3030388814117,-0.1097117292813,0.2013689368386,-0.1296301661442,0.1100413175614,-0.0654841976963,-0.1641163056992,-0.2288268339940,0.6054580701615,0.4143064137399,-0.0621109998736,0.1571200888367,0.3172299151868,0.7807187957081,0.3413005716498,1.0000000000000,0.0597002362112,-0.0503458411980,0.1578724414196,0.0824111148201,0.4284146027735,0.3540965249048,0.5114700280943,0.0962891287039,-0.1634953570203,0.3971440309268,0.3803160080617,0.2684428394102,0.1153310537060,-0.0682152373871,-0.0428553767703,0.1904971749660,-0.0992180970613,-0.1349705488573,-0.0659853403139,-0.3673290551679,-0.1503698588727,0.1929554484778,-0.1255222316759,0.2209256998592,-0.1960602166440,-0.1722112764033,-0.2463435509057,0.5494278421366,0.4410656750529,-0.1241499748642,0.0888230175629,0.3330279941608,0.6437491344316,0.4191126226978,0.7886512613210,0.0648669506134,0.0030268215316,0.0637952207294,0.1064143626881,0.4874088726562,0.2781884861463,0.4029735302786,0.0749455337955,0.0592382587792,0.3581893592193,0.3222578050008
0.0273095312683,0.0889766517589,0.1141441219611,0.2602090173806,0.5239130717075,-0.0943883980611,-0.1447853868508,0.4694974927763,-0.2671162049646,0.7621966655418,0.1975641585267,-0.0498777431520,0.2732312029392,0.4229643876515,0.0393562597294,0.1363031900331,0.1377742383818,-0.0117020477746,0.0028843029776,-0.1344544047678,0.4230188303573,0.2141229099358,0.4127468178012,0.0597002362112,1.0000000000000,0.1686551575916,-0.0421015848971,0.0686560821858,0.3856764182949,-0.1137357716762,0.1044215181171,0.1285046155566,-0.1963951530265,0.0714391113039,-0.0735871250982,-0.1045799357620,-0.0163512808160,-0.0535457290908,0.2082695836149,0.4711032215950,-0.0077496560692,-0.1272118260332,0.2568844466834,-0.2464324431546,0.6595191263900,0.1896258250384,-0.2912929582833,0.3628956412540,0.2209795683713,-0.1336959650269,0.1700568368462,0.1244560429901,-0.1353262516270,-0.4366300888700,-0.3159485978244,0.4488235184341,0.1977278916286,0.1855785661048,0.0163894179426,0.8444355047052,0.0635439246719,-0.2689019337443,0.0375677547002,0.3191358444429,-0.0959518242612,-0.0624061167173,0.0757585947062,0.0729936078543,0.1126530140906,-0.1526919675232
0.0120994882007,0.5110051849617,0.3484906074463,0.6598595297897,-0.0764655004279,-0.1193832484801,-0.1293455911653,0.1394730375494,-0.0050809171896,0.4073824228701,-0.0937526994503,0.4712313628066,-0.0620953008769,0.5694913344728,0.1175529161576,-0.0180804403964,0.0137928561347,0.0387732847758,0.1233113544039,0.2037973103694,-0.0111533444570,-0.1240195514317,0.2488895579627,-0.0503458411980,0.1686551575916,1.0000000000000,0.1493338004992,0.4124681274439,-0.1765240039962,-0.1322175719438,-0.0017474580664,-0.1083402743484,-0.1090254495895,-0.0712253284463,0.2377870722708,-0.2036826951411,0.3694038062824,0.3048601757989,0.6877100711356,-0.1907802334429,-0.0935230659669,-0.1758095618636,0.0565663151975,-0.0752594456177,0.4877234654067,-0.1516251004108,0.0324271346500,0.0061746682729,0.2254930710496,-0.1939288466122,0.0680477285334,0.1094350702937,0.0987311355653,-0.1198515249603,0.0274276331705,-0.0694740412426,-0.1974193148983,0.2570988904048,-0.0870998245265,0.0481260721082,0.7643551574924,-0.0634921241785,0.3364307983915,-0.2319419051608,-0.2929739432212,-0.0675679241578,-0.0665920733493,-0.0878926251190,-0.2143681357212,0.2023339991374
0.1623395830518,0.2341802982627,0.4852882000006,0.2135373646331,-0.1484556572779,-0.0759077657460,-0.1368443365245,0.1901628643041,0.1689973457283,-0.1512557458042,-0.2780949410002,0.3174571547801,-0.2036977193665,-0.1370796689235,0.0097912627315,-0.1936127577286,-0.0870673846916,0.4773274261199,0.2801948289735,0.3954273236921,-0.1188981164734,-0.0509989616128,-0.0471133180022,0.1578724414196,-0.0421015848971,0.1493338004992,1.0000000000000,0.3763218355994,0.0458438401093,-0.0504321118357,0.2595092450281,0.0627529622800,0.0123830063041,0.0235929876464,0.2278209200031,-0.0645992688574,0.2175002479077,0.4726929710659,0.2443827267886,-0.2367082392550,-0.0962928842539,-0.1769434327167,0.2321113845793,0.0792058098436,-0.1470500250864,-0.2443093684010,0.0718332537511,-0.2283799287058,-0.2350312905415,-0.1345113602281,-0.2474493838538,-0.0258245644965,0.1604065706288,0.2401759678940,0.2812531367831,-0.2139531489202,-0.2127813374804,0.0217137163342,0.0682861985647,-0.0921238527907,0.0974369187648,0.6653227063920,0.3747872920120,-0.0326272082869,-0.1571671614979,0.1594574650351,-0.0054754978712,-0.1099743335173,-0.1719694273117,0.0235854755421
0.0628300669179,0.1315370044695,0.6408871653817,0.2679827574604,-0.2039472804738,-0.0932274739209,-0.2648782924749,0.4126318352176,0.1661510786633,0.2519223462577,-0.3301482958986,0.4916520361186,-0.3181387135645,0.4364760294918,0.4144384726510,-0.0204560995904,-0.1936196023751,0.2260855109227,0.4788857279566,0.1492537547563,-0.1848331766705,-0.1671996489570,-0.0080459336757,0.0824111148201,0.0686560821858,0.4124681274439,0.3763218355994,1.0000000000000,-0.0421483473735,-0.1401345025790,0.1573128379702,-0.0411061260216,0.0103518525999,-0.0515612105266,-0.0738028402617,-0.3734190095367,0.0555934675017,0.4113868890272,0.3400383727723,-0.2569999186989,-0.0950471042482,-0.2245092896480,0.2108606446337,0.0496867012523,0.2284457965856,-0.2988889062478,0.1496384124550,-0.3257143152214,0.2644455998779,-0.1173591478332,-0.0116140496459,-0.1261716937821,-0.0132640228392,0.1361340485362,-0.0559148069299,-0.2523090353179,-0.3061738770435,-0.1384420696208,-0.0293392145026,-0.0671518351980,0.3012749859854,-0.0643343552195,0.8489833434168,-0.1085044645122,-0.3952356899915,-0.2178437720302,-0.2178782591567,-0.0237467037512,-0.2556708924912,-0.1656690983262
0.0806464177212,-0.1987143421899,-0.1972037733622,-0.1818044563147,0.5863115202442,0.1343724498005,0.1157844371714,0.0608388696851,-0.0450744208700,-0.0074405174993,0.6111503967601,-0.0685199986443,0.2457304377569,0.0630423264238,-0.0326269897442,0.1810556247505,0.4172151681523,-0.0196536336778,-0.1038807106766,-0.1436030698849,0.3940625161086,0.4500797413846,0.1780237986512,0.4284146027735,0.3856764182949,-0.1765240039962,0.0458438401093,-0.0421483473735,1.0000000000000,0.2199772239905,0.2892116368223,0.2191561701584,-0.0166086706122,0.0582427688283,-0.1246516839271,-0.0237686464736,-0.2119649812934,-0.3456699214337,-0.2724734726965,0.5301623429085,0.0573879325371,0.2940775656889,-0.1061582039717,-0.0787162992841,-0.0849011269958,0.6211622335240,-0.0571428449656,0.4475805437178,0.0041801831375,0.0019073577968,0.0902662375181,0.2357768142985,-0.1474386012267,-0.1052728161798,-0.2656163370673,0.4502312260138,0.4228040014865,0.0106296463427,0.1592777756239,0.3282851273161,-0.0788328919835,-0.0512408531171,-0.0361429093041,0.9082709982863,0.0355673621435,-0.0032046799515,0.0217871144602,0.1223241040713,0.0878414049883,-0.1422598323000
0.3807662953945,0.1527459557238,-0.3448309928984,0.0568742218639,0.1280564560211,0.2565876023550,-0.0296807875375,-0.1633845797672,-0.0495601343670,-0.1651833145620,0.1809946273059,0.0215082229856,0.0293570780930,-0.0877370216934,0.2276953505111,0.1752302559686,0.2322993923871,0.0905047086226,-0.0924267661041,0.1426479186745,0.1172574547178,0.3633058685958,0.1963635343332,0.3540965249048,-0.1137357716762,-0.1322175719438,-0.0504321118357,-0.1401345025790,0.2199772239905,1.0000000000000,0.3577548847592,0.2582969953295,0.1398205348846,0.6463621812230,0.5082939931882,0.5717368520361,0.2034027393623,-0.2595377378343,-0.0083763616573,0.1081741482329,0.3741384281431,0.0978930699406,-0.0440208523744,-0.0339101475632,-0.2274878086713,0.1359378571594,0.1931066306877,0.0169740982599,0.1031173911044,0.4901416152741,0.1993556313847,0.1456946907244,0.2602345479939,0.0970086182199,0.2550783536173,0.1056872983901,0.2745387791691,0.2726744223563,0.3170201001645,0.0170887615673,0.0187314291630,0.0555326967227,-0.0452661083442,0.2707129784047,0.7514757974215,0.3004266471381,0.1391262759484,0.3785479324650,0.5307377949518,0.5095685266639
0.5193748769913,0.1779292365164,0.2358671103704,0.2891627913123,-0.0376858641411,0.1380781657641,-0.3606438904984,0.2762545759538,0.0215786019285,0.0623748321144,-0.1139660345929,0.1018020116667,-0.2290361785863,-0.1433221928216,0.2956417563827,-0.0978711540081,0.2527106997504,0.5004238164122,0.2820452455114,0.3492587925025,-0.0305045889845,0.3200229721825,0.3789084717060,0.5114700280943,0.1044215181171,-0.0017474580664,0.2595092450281,0.1573128379702,0.2892116368223,0.3577548847592,1.0000000000000,0.1636893656615,0.0942241879343,0.3506800222587,0.4015977685950,0.2901115154278,0.2051679489178,0.1485914818579,0.2079464857058,-0.1477135327954,0.1918147198681,-0.2548544081074,0.2934859137727,-0.1075891613336,-0.0631512983350,-0.1308746823167,0.1482170912349,-0.1814287466140,-0.1186308277411,0.1524427472501,-0.1388414903627,0.2078032702938,0.4425223388100,0.1431952117840,0.3289469210306,-0.0793736358895,0.1438867744996,0.4144227867015,0.3547665336183,0.1971055128471,0.0964894114184,0.1750681182388,0.2019059972632,0.2475005222624,0.1718560940632,0.6696464755005,0.1811791254085,0.1781585311955,0.1769635933221,0.3785671908775
0.2186440471646,0.0895516475982,-0.2668375296676,0.1235772150948,0.0022970575503,0.1395872696617,-0.0757809195365,0.2649935039222,-0.1470216380194,0.0587026403751,0.0378212578949,0.0245349024852,-0.0637529148621,-0.0901766259657,0.1828800237464,-0.0335970679903,-0.1679764546183,0.1992660584972,-0.0854482599242,-0.0141191357357,0.0057586198185,0.0695877910207,0.0797171119717,0.0962891287039,0.1285046155566,-0.1083402743484,0.0627529622800,-0.0411061260216,0.2191561701584,0.2582969953295,0.1636893656615,1.0000000000000,-0.0836095464423,0.3130232022011,0.2231998883908,0.1354276847903,0.1949937232233,-0.2352100944597,0.1305176381699,-0.0239752658773,0.2260162673779,-0.0833864496615,0.2643137162996,-0.0792067905001,-0.0160307469545,0.0186671726422,-0.0491383279252,-0.1109196842003,0.0351866742240,0.1949796706895,-0.0160475371700,-0.2050763652648,0.1265475321112,-0.0092810366043,0.2349990308556,-0.0446385341971,-0.0831537851925,0.0265278032764,-0.0155208333226,0.0737166035481,0.1521429212778,0.2130964357627,0.0982630591989,0.1810927952100,0.2711245145492,-0.0302830503591,0.7388787492182,0.4058794617097,0.2356629417229,0.1455143941570
0.0402762265350,0.0248575181584,-0.1423863017304,-0.1324188543636,0.0603998520717,0.4528272730215,0.3312768294526,-0.2885812551326,0.5720409798619,-0.1341266925795,0.0494391045792,0.2218100819311,-0.1135409800811,-0.0877576229978,0.2223065128558,0.3675657047268,-0.0231277180676,-0.2392688111420,0.0403915461015,-0.2404517184598,-0.1107053310607,-0.0627839750513,0.0295741358096,-0.1634953570203,-0.1963951530265,-0.1090254495895,0.0123830063041,0.0103518525999,-0.0166086706122,0.1398205348846,0.0942241879343,-0.0836095464423,1.0000000000000,-0.0884828410856,-0.0111298077864,0.0490802244153,-0.0447160123813,-0.1419471692950,-0.1117604674590,0.0133631844228,0.4264669499936,0.4658624617738,-0.2171493180726,0.4773888635100,-0.1543169640659,0.1124571759134,0.3498165528305,-0.1309171686026,0.2997827138347,0.1935089775001,0.2468874736437,-0.1625682337608,-0.2347448874201,0.1011316174029,-0.1061482088248,-0.0666630786763,-0.1287462848195,-0.0237661469878,-0.2173881693885,-0.0875731879387,0.0710432268148,-0.0278657202071,-0.0293655436246,-0.0959822788410,0.0316282433797,-0.0399591440625,-0.1934696047764,0.4820131986204,0.0039562569476,0.0119956889005
0.1707437182831,0.2969920058574,-0.1505327547392,0.1783260194447,0.1147046162088,-0.0640570238257,-0.1855073011834,0.0298511285905,-0.1899262297994,0.0619700408769,0.0206704851557,-0.0686051380252,0.1669347717265,-0.1036694623864,-0.0326470860854,0.0017248528931,0.1184535764520,0.2585465741526,-0.0858138306113,0.1326506815633,0.2478405700515,0.4249203046274,0.2953995384190,0.3971440309268,0.0714391113039,-0.0712253284463,0.0235929876464,-0.0515612105266,0.0582427688283,0.6463621812230,0.3506800222587,0.3130232022011,-0.0884828410856,1.0000000000000,0.6365756840383,0.4644022961780,0.3399610640794,-0.0630857803889,0.1645750958224,0.1451200205213,0.1605664469303,-0.1070161570183,0.0818218958708,-0.1449242636170,-0.0247810539949,-0.0075945543692,-0.0143353077869,0.0689146872530,-0.0092178018076,0.1512057195613,0.1372159559344,0.1117482105842,0.3806718716200,-0.0298250951549,0.3126897484837,0.1966864935177,0.3162764966941,0.3247282262570,0.4629016567720,0.1048521728877,0.0395746393547,0.0514537673735,0.0102004050066,0.1230452561941,0.6717838893069,0.3511726533126,0.2629060947729,0.2004662726997,0.7570389522228,0.5562806311857
