1.0000000000000,0.3704882736436,0.1159331625080,0.5658186004720,0.4574941833705,-0.1165323402590,0.4286140563059,0.3805999034708,0.2114505534622,0.2744526087787,0.5496208737249,-0.0208413924146,0.4500772996943,0.1642700811920,0.5014607207757,0.1791217208579,0.4100497302558,0.3693064641519,0.2374745882499,0.3877965999211,0.4145975505041,0.3967435050107,0.4617819957193,0.3589179461187,0.4580388807964,0.5916078011285,0.2463818712579,-0.0056842757165,0.4427813726186,0.5996635909051,0.6797287269459,-0.1470464872593,-0.0742191514331,0.4567543132115,0.4982942187509,0.4182721815500,0.0844886484159,-0.3996940670719,0.4298610478261,0.2052070370907,0.2722294397193,0.0193783023955,0.0718165519756,-0.0897704565513,0.2348244418232,0.2108544672604,0.1434747492995,0.3687702784023,0.0304047499767,-0.0140922305188,0.1253557284862,0.3103610551754,0.3647194703735,-0.2935927594521,-0.0447261452625,0.3613794994344,0.2395186879706,0.3890276282121,-0.0462140718121,0.4236325555450,0.0645898067179,-0.3480640465888,-0.0717155075718,-0.0089010507526,0.0780114815829,0.2899302418216,-0.0079592782008,0.0817522428868,0.1051243073390,0.2796344012847
0.3704882736436,1.0000000000000,-0.1403519539996,0.5905491790604,0.3220825646194,-0.1582802602016,0.1493224201162,0.0144915334993,-0.0704584954408,0.1221231228259,0.3388591575442,-0.1349869836288,0.3102215268574,-0.0724275368037,-0.0074192070399,0.0285837555384,0.3924265411448,0.1851714844708,-0.2149404005746,-0.0194506139408,0.3297629843876,0.3484877068410,0.7144976040413,0.4441629574567,0.3837331990426,0.4312912146202,0.1984500379789,-0.0201114165814,0.2874722537116,0.3053781974822,0.4469001867776,-0.1651205447972,-0.1159759752370,0.3778752706986,0.5849617245123,0.4553519567548,0.7431166591423,-0.3067458854935,0.5975296855304,0.2139529901640,0.1341673545148,-0.1172312522968,-0.0475317347084,-0.2471525282151,0.0997708262778,0.1694704699282,-0.1229612121029,0.2714019530051,-0.1245639353770,-0.0905747919618,-0.0223556676786,0.3341139640689,0.4229439481050,-0.2848046085813,-0.0042316930777,0.3298185132769,0.2876821356211,0.6301341630916,0.3080079497903,0.4701837384099,0.2068215748477,-0.1291668456864,-0.0253452865154,0.0717700527942,0.3391610002638,0.4633997834923,-0.0481093253621,0.0666490120807,0.4745310889243,0.6014617067195
0.1159331625080,-0.1403519539996,1.0000000000000,0.0380971414674,-0.1406825828337,0.0026830806069,-0.1761744486770,0.5408725221583,0.2131088065178,0.0971400346462,-0.1414695855701,0.2253702002714,-0.2551344260086,0.2513714758782,0.2809167289371,0.0811221897862,0.0530842669617,0.3705309778655,0.3680490156945,0.2871235838198,-0.1032328655301,0.1105201077068,-0.0825933095945,0.2805645144238,0.0725773386677,0.2737862615804,0.5529783130159,0.6998859206023,0.0687238400850,0.0348046956392,0.1842548739165,-0.0564080073800,0.0671530630245,-0.0271712073287,-0.1489572292085,-0.3098506158763,-0.1944101282777,0.5209538043532,-0.0408149581238,-0.2270402040783,0.0360407743890,-0.1449605240906,0.2640104964226,0.0510943191215,0.0217752410069,-0.2765113670481,0.1897341820171,-0.3070005101758,0.2654810554356,-0.2300321637482,-0.0294478995828,0.1374920341850,0.0110937116147,0.0387201067416,-0.0871275667082,-0.2520319954244,-0.1340934437095,-0.1945777124731,-0.0545438748074,-0.0856171303779,0.2469673559377,0.1219477979217,0.5952351483425,-0.1122224806936,-0.4778299454899,-0.1031866488591,0.0141274178362,0.0083390165255,-0.3560980789407,-0.2745708585386
0.5658186004720,0.5905491790604,0.0380971414674,1.0000000000000,0.4262434003570,0.0554194655402,0.2868019432190,0.2408478787079,0.0540306506264,0.5461962908152,0.3685181097222,-0.0348073558555,0.3747573424498,0.2064953129613,0.3729215769547,0.3175533579135,0.3133753610881,0.1683261466704,0.0126069820233,0.1582801307141,0.3999627562285,0.2528299272126,0.7493983284917,0.2448019234683,0.6070364814712,0.5901421108535,0.0340309274997,0.0476167956605,0.2842083686672,0.4962568424134,0.5025221882453,-0.2305905356957,-0.1692107442949,0.4665725858222,0.4644949142935,0.3282911933051,0.3214298006351,-0.2656782158429,0.8866548848146,0.2464883410179,0.4217103594118,-0.0228963291884,0.0975880791828,-0.1264395844076,0.5229047743787,0.0861692844418,0.1093881211841,0.3693293811164,0.1931995079783,0.1216364608017,0.2985182070817,0.2711550723631,0.4054616076055,-0.3041048490969,-0.1567058239275,0.3826425729301,0.2594708146587,0.6135059533450,0.0001274257505,0.5962355245536,0.1833870128686,-0.4238328781436,-0.0526181184907,-0.1251521657184,0.2409863853161,0.3914711073450,-0.2364659820482,0.0574166659887,0.3177986955012,0.3639195334860
0.4574941833705,0.3220825646194,-0.1406825828337,0.4262434003570,1.0000000000000,-0.0571386211862,0.4465900939349,0.0993662130197,0.0950502838707,0.4331818367164,0.7421224633962,-0.1850729286251,0.7647365608438,0.1646176734812,0.1814348354515,0.3727511680351,0.5313600257502,0.1025326098748,-0.1398066277321,-0.0099869578841,0.7622868629646,0.5835567647335,0.4665335697419,0.4125757772576,0.6189102094827,0.2332497604028,-0.1292670051259,-0.1349438284675,0.6495902458184,0.5384794983278,0.4709759158046,-0.1281011254735,-0.0370798327022,0.5333055074427,0.2886925685993,0.2264562822015,-0.0257203529968,-0.4746001090290,0.3388583757167,0.8269500997828,0.2450471919143,0.2804662530390,-0.1427206574982,-0.0984677988253,0.4037111048603,0.6642043783114,-0.1503116442095,0.7955995248905,0.0324096714156,-0.1872905148930,0.4019515295659,0.3866947972264,0.2414724380090,-0.5175498796738,-0.2907422655573,0.7977174613900,0.5951709295759,0.3391534823105,0.1069979000285,0.5243028643433,-0.1416216465620,-0.5551098920272,-0.2175561612857,0.2282391714651,0.2353973191457,0.2238895319445,-0.0952997013058,0.1767505757573,0.4761935500913,0.2371299858815
-0.1165323402590,-0.1582802602016,0.0026830806069,0.0554194655402,-0.0571386211862,1.0000000000000,0.3814364911846,-0.0941562726443,0.5322269909424,0.0996988899905,-0.0705391513396,0.4803385794921,-0.0015929749134,0.3382669463715,0.4727944738642,0.5819040023557,-0.2608052300000,-0.1015449338102,0.1674553268108,0.0152446140136,-0.1079278514784,-0.3764386059704,-0.1432934198732,-0.3329215579093,-0.1327385636368,-0.0332865061833,0.0121115146719,-0.0120090013631,-0.2670879925659,0.1450758272303,-0.2371894894390,-0.2353387379865,0.6464375437071,-0.1129972071245,-0.0762762129738,-0.1490276572019,-0.3404907514585,-0.1981049007608,0.0702754538236,-0.0366381657877,0.5718025455547,0.4497130401939,-0.3271267570367,0.3801553442702,0.0713734334069,-0.1772215096814,0.3339265449589,-0.0679029763321,0.3351509233151,0.1887222728053,0.5444761012733,-0.2298904418570,-0.2154067681237,0.0370849113215,-0.3470434570692,-0.1053443277581,-0.2258199837776,-0.2468559036590,-0.4136813067251,-0.2140401960983,-0.2215265178596,-0.2448657391153,-0.1320482441659,-0.4652935184998,0.0656491269108,-0.2763509164754,-0.3140002213265,0.2726491115108,-0.1162740993577,-0.1281165698840
0.4286140563059,0.1493224201162,-0.1761744486770,0.2868019432190,0.4465900939349,0.3814364911846,1.0000000000000,-0.1163771101400,0.6544265181463,0.2211768700532,0.5927028460601,0.2343407640338,0.6563729242465,0.2256728926847,0.4622605858442,0.6800449004159,0.1548762279285,-0.1169689164040,0.0781986210831,-0.0484897460373,0.3968890783274,0.1297941515273,0.1725025051557,0.0030976697029,0.2610361894285,0.2003712861567,-0.0177721283295,-0.2474688749891,0.2093644079461,0.3935485174150,0.1455077468017,-0.3401641943432,0.3365538765897,0.1881625331598,0.2337903538664,0.2345649101017,-0.1724880748424,-0.4950819245165,0.2755895229338,0.3646130239451,0.4329320342888,0.7228291310487,-0.3948625290620,0.4558271181267,0.2498448993714,0.4159401204271,0.2487828789835,0.5333886875131,0.1426474901897,0.0245521481655,0.5697545664772,0.0817419394504,-0.1216341769163,-0.3228338783508,-0.4575739916716,0.4054239208658,0.1317790845124,0.0670230574174,-0.2642801632001,0.2262579029909,-0.3016160950238,-0.3919907808613,-0.3320890821550,-0.1771581644397,0.1251960138899,-0.0445164691547,-0.3649590372201,0.3526682252471,0.1584480557214,0.1521022301239
0.3805999034708,0.0144915334993,0.5408725221583,0.2408478787079,0.0993662130197,-0.0941562726443,-0.1163771101400,1.0000000000000,0.0269037905491,0.3967236144084,0.1159119864853,0.0981090338070,-0.0072654770400,0.4400022835925,0.3901582412705,0.0982202837025,0.0995412394846,0.2925424201646,0.2541914833714,0.2419709967821,0.1736889149997,0.2714475839733,0.0825982986525,0.3180964059102,0.5410732935512,0.4600896380066,0.3663577102988,0.4512922946025,0.4848081712555,0.1644308372077,0.3634072883369,0.1722608370745,-0.0365168813873,0.0713241715053,-0.0468312064375,-0.2766420470576,-0.1422910611299,-0.0288106934684,0.0973658445843,-0.0285870137457,0.1781418416044,-0.2999297643669,0.5443000463683,-0.1502021609640,0.3224563132596,-0.1265979485319,0.1408461548080,-0.0929282028916,0.3880139685953,-0.2032614511773,-0.0192407915335,0.0652265025703,0.1239140557369,-0.1910867045062,-0.0882180620384,0.0143821755756,0.0144706672603,-0.0968590013944,-0.0992899681694,0.2356468236015,0.2710524326005,-0.2276031695963,0.3462979284445,0.2201683922244,-0.3620617538980,-0.0640041176409,0.3081527357295,0.2003310332629,-0.2432295351751,-0.2650060498319
0.2114505534622,-0.0704584954408,0.2131088065178,0.0540306506264,0.0950502838707,0.5322269909424,0.6544265181463,0.0269037905491,1.0000000000000,0.0688769393836,0.2224392958247,0.5620985610477,0.1711247040004,0.3759258035377,0.5885164972611,0.6228572075208,-0.1127720347150,-0.1188478273938,0.3405975092981,0.0232963910151,0.0041112069067,-0.1057964241477,-0.1308988343673,-0.0968436311441,0.0026849593479,0.2134864540517,0.2642996787367,0.0949120876125,-0.0594027892699,0.2295852339392,-0.0392615774018,-0.3886307601134,0.5728596909340,-0.0344307486995,-0.0291677799597,-0.0444181733310,-0.3527161258628,-0.1923626059953,0.0074299595482,-0.0211951647027,0.3004284955606,0.6674292546514,-0.3308624825841,0.6858485483911,0.0644291393191,-0.0080717822656,0.5323719743031,0.0041552743743,0.3486301689294,0.0266389482345,0.4493602655355,-0.1149319020864,-0.2356722052055,-0.0568309230516,-0.4454000779047,-0.0663300946706,-0.1552617855953,-0.2526224521575,-0.3504552267069,-0.0830182386514,-0.2234326739832,-0.1964917267286,0.0250409694437,-0.3921925698890,-0.1678262191949,-0.2361009267664,-0.3365938049117,0.2845943167187,-0.1833528771131,-0.1355128114697
0.2744526087787,0.1221231228259,0.0971400346462,0.5461962908152,0.4331818367164,0.0996988899905,0.2211768700532,0.3967236144084,0.0688769393836,1.0000000000000,0.2839387677514,-0.0422986332524,0.4202503597573,0.4655202810510,0.3925007776685,0.4499979950476,0.1096647621662,0.0514022371271,0.0894641096936,-0.0730177437668,0.5027599602045,0.1914651089789,0.3912182555626,0.0672364121090,0.7349392395708,0.4583050040781,-0.1673340675215,0.1883039222844,0.2263204250370,0.1801768928696,0.2321116821433,0.0457497645348,-0.0013416672528,0.2224707302335,0.0322153745209,-0.1164576593530,-0.1322796758909,-0.2208793153561,0.5261803198145,0.3987560178913,0.3253880138129,0.0724502532258,0.1431375234218,-0.0308858860758,0.9057812532998,0.1936934790029,-0.0237833607243,0.3944737184174,0.4836283266277,-0.1209312650385,0.4029521708794,0.0551168495056,0.1035082140935,-0.4849885252653,-0.3427510945401,0.4528585699670,0.1812077385878,0.1600788873126,-0.1611020552635,0.5058068585537,0.2676071623294,-0.5086952191590,0.0053233793627,-0.0924941162420,-0.1577693893996,-0.1010541963550,-0.1084120534812,0.2325878706096,0.1313197996853,-0.0569139594872
0.5496208737249,0.3388591575442,-0.1414695855701,0.3685181097222,0.7421224633962,-0.0705391513396,0.5927028460601,0.1159119864853,0.2224392958247,0.2839387677514,1.0000000000000,-0.0833970835215,0.7242951136494,0.2322281737101,0.2899716880952,0.3308093728568,0.4414686594342,-0.0120396699815,-0.0275037419684,0.0047730006448,0.6474005623027,0.4981710171690,0.3763290922365,0.3190084653046,0.4958868398415,0.3806294810972,-0.0784821919317,-0.1263105368563,0.6188798805900,0.5528359142434,0.4182354732100,-0.1962059392261,0.0872515562581,0.4016742766713,0.3203452163677,0.2403594842775,-0.0390198069263,-0.5115304479136,0.2613178644264,0.6013757597227,0.2080220432037,0.2993296775696,-0.2319003852004,0.0385979054510,0.2654661081808,0.8016204964113,-0.0253118604982,0.6934528980838,0.0608831131240,-0.1234358116530,0.2844852379568,0.2816739681230,0.1080475954227,-0.4288792651066,-0.2779641678213,0.6307468575734,0.4039349241792,0.2615372545392,-0.0403370145244,0.3938387039871,-0.0818152196997,-0.5111206745799,-0.1749155054293,0.1562806995239,0.1406240165258,0.0895206486340,-0.0475397646901,0.2094586557902,0.3126395487770,0.1925451833091
-0.0208413924146,-0.1349869836288,0.2253702002714,-0.0348073558555,-0.1850729286251,0.4803385794921,0.2343407640338,0.0981090338070,0.5620985610477,-0.0422986332524,-0.0833970835215,1.0000000000000,-0.1956644345650,0.5489649108006,0.4749751545014,0.3063962100285,-0.2232571498178,-0.0942425934628,0.6905189336783,0.1469372356558,-0.1842509456361,-0.1805611676307,-0.2294665361842,-0.1655451090003,-0.1755213278998,0.1689828055569,0.2101507258614,0.3155464829353,-0.0986399841301,0.1122156990502,-0.2591695492197,-0.1783543470679,0.5234384532844,-0.1496800920929,-0.1705275414671,-0.2336515810287,-0.2969598893478,-0.0708959938249,-0.0940911629264,-0.1823055779922,0.2230070174191,0.3391843652954,-0.2450977412612,0.4498782286365,-0.1214316957839,-0.1229196664234,0.7791589211359,-0.2196507757787,0.6091713538704,0.1682614629538,0.1863221344567,-0.2155388905357,-0.3766030498796,0.3357292691342,-0.2411879220130,-0.2424978535624,-0.2846333902149,-0.3665111672960,-0.3376370676901,-0.3453482666375,0.1098440964534,-0.0615851647705,0.1908228695275,-0.1823760013622,-0.1249131697553,-0.4717106344015,-0.1089143486367,0.1846234943312,-0.2819815135292,-0.2845077008434
0.4500772996943,0.3102215268574,-0.2551344260086,0.3747573424498,0.7647365608438,-0.0015929749134,0.6563729242465,-0.0072654770400,0.1711247040004,0.4202503597573,0.7242951136494,-0.1956644345650,1.0000000000000,0.0764154930764,0.1356219195979,0.4104576534840,0.3615962559532,0.1053079851023,-0.2220771094505,-0.0063907033338,0.8512848994831,0.4476736813707,0.3772556425401,0.2997812235011,0.5573951081926,0.1927590613071,-0.0753134295853,-0.2567589564634,0.4658860741443,0.3959473074957,0.4035319565681,-0.0854107814063,-0.0270212042576,0.3903928856756,0.3674259523589,0.3093275538188,0.0224008407490,-0.4766344592887,0.3758152573697,0.7792132039680,0.2446308989645,0.3814792377641,-0.2417983915746,0.0079012542452,0.3817877661672,0.6314565711742,-0.1273847329457,0.8720039166809,0.0065749389396,-0.1946978167202,0.3815455207899,0.2330055164907,0.1989354340966,-0.5119056462425,-0.2706299477592,0.8473376743221,0.4992245962085,0.2392571900096,0.0890167267393,0.4963866016420,-0.2291552567359,-0.4021703363332,-0.3011425289121,0.1455516770644,0.2332156078939,0.2147471010209,-0.1212832218844,0.2802664987008,0.4552875987552,0.3334279138729
0.1642700811920,-0.0724275368037,0.2513714758782,0.2064953129613,0.1646176734812,0.3382669463715,0.2256728926847,0.4400022835925,0.3759258035377,0.4655202810510,0.2322281737101,0.5489649108006,0.0764154930764,1.0000000000000,0.6674149304211,0.4505517932590,0.0104226946480,0.0523635161919,0.5018090185116,0.1235159709563,0.1706642569319,0.1543524667866,-0.0202604503570,0.1167477804423,0.2606296138806,0.5359305522069,0.0649447842960,0.4530847819768,0.2228052732427,0.4194091619237,-0.0006583845383,0.0022153924057,0.3778045867354,0.2156225521575,-0.0349761288996,-0.3791033567511,-0.4335170943889,-0.2745608014272,0.0717699826923,0.0503023604769,0.4373623090045,0.1915034706138,-0.2083534035370,0.1590881991281,0.3411642660952,-0.0008456086306,0.4744776429728,-0.0011947136468,0.8709816126989,-0.0439903348359,0.3823745533974,-0.0661298994319,-0.1909695288557,-0.1775425024487,-0.4564647397083,0.0573724994026,0.0684992407314,-0.2159680990513,-0.2173411969528,-0.1215492344072,0.2409378233868,-0.4736685916981,0.2768261454912,-0.1250993510826,-0.1299422858331,-0.4611320829200,0.0626732794618,0.3741773182294,-0.0780105495043,-0.2976824066669
0.5014607207757,-0.0074192070399,0.2809167289371,0.3729215769547,0.1814348354515,0.4727944738642,0.4622605858442,0.3901582412705,0.5885164972611,0.3925007776685,0.2899716880952,0.4749751545014,0.1356219195979,0.6674149304211,1.0000000000000,0.5807214172154,-0.0137389536027,0.1888335712509,0.5480688517014,0.3000046133838,0.1146546027655,0.0044695120930,0.0573622750238,0.0084439624116,0.2258953128878,0.5499655855320,0.1923407698142,0.2875861415009,0.1155917498244,0.5487161250713,0.2188405122990,-0.3137976105861,0.4475339418434,0.1810302344510,0.1261785291339,-0.0949358808494,-0.3582061155864,-0.3172789210956,0.2749167253133,-0.0553074364641,0.6184365031954,0.2633418319824,-0.1214923879700,0.2778051552835,0.2884026634812,-0.0892578497059,0.4808698626246,0.0234999986201,0.5607292098223,0.1553792634652,0.4515732733019,-0.0132350269080,0.0546610052266,-0.1164410849208,-0.2975530075781,0.0036778852587,-0.1002844314682,-0.0891348127937,-0.3900820453992,0.0122467200685,0.0193413504191,-0.4749750313151,0.1161800220117,-0.3813481546074,-0.1066168800087,-0.2356447574890,-0.2231502436800,0.4048451824842,-0.1607657326311,-0.1047890036052
0.1791217208579,0.0285837555384,0.0811221897862,0.3175533579135,0.3727511680351,0.5819040023557,0.6800449004159,0.0982202837025,0.6228572075208,0.4499979950476,0.3308093728568,0.3063962100285,0.4104576534840,0.4505517932590,0.5807214172154,1.0000000000000,0.0107344300760,-0.0730990111324,0.0842376849384,-0.0799542071656,0.3165199254180,0.0055983681336,0.0828043357313,-0.0117347108042,0.3190689799529,0.2791043288055,-0.0053867002696,0.0641665597919,0.0963176806497,0.3825733764252,0.0438800338304,-0.3386717300759,0.3796598607748,0.1862364494685,0.1340175747139,-0.0518096085130,-0.2963809183205,-0.3189127690127,0.3153084436528,0.2758336207692,0.5972367435927,0.6163997372392,-0.2805812353133,0.4482531694581,0.4694633014189,0.1568701375597,0.3027318255459,0.3461223481261,0.4184708566510,-0.0054376237337,0.8620790619652,-0.0055789698041,-0.1168677335811,-0.3829117500747,-0.5664651534697,0.2891074210190,0.0262177060406,-0.1087770725013,-0.3488291754967,0.1570626148402,-0.1559181546930,-0.5312193246217,-0.1162262210174,-0.3300082456061,0.0099757026272,-0.1857284919681,-0.4052940901687,0.4276706568020,0.0959409352104,0.0531519719634
0.4100497302558,0.3924265411448,0.0530842669617,0.3133753610881,0.5313600257502,-0.2608052300000,0.1548762279285,0.0995412394846,-0.1127720347150,0.1096647621662,0.4414686594342,-0.2232571498178,0.3615962559532,0.0104226946480,-0.0137389536027,0.0107344300760,1.0000000000000,0.0956783761100,-0.0037530553484,-0.0054646528397,0.3649059851306,0.7958483230175,0.5813012205022,0.7157704049246,0.3813095924317,0.2130670215848,-0.0025693839287,0.0840701240568,0.6678045336317,0.4040773488191,0.6086147798049,0.0372610640543,-0.1490441452174,0.4866771437756,0.2856497932604,0.2535091148038,0.2246322435316,-0.2342695972037,0.2002744069657,0.3996430182155,0.0073905455717,-0.0978495146694,-0.1188184783819,-0.3155613996930,0.0820930401581,0.3620987470951,-0.2390873488085,0.4191453740165,-0.1266024497189,-0.2663289339207,-0.0174959360674,0.8898739696872,0.1827543182596,-0.4290878007169,-0.2193689104689,0.3948468031345,0.7096569392304,0.5889278819970,0.4972909534837,0.4255488784881,-0.0003258371846,-0.2751955023839,0.0218604716606,0.4405965341884,0.1394799113584,0.3891410536838,0.1062876945746,-0.0274059939811,0.3974801983011,0.2272096350871
0.3693064641519,0.1851714844708,0.3705309778655,0.1683261466704,0.1025326098748,-0.1015449338102,-0.1169689164040,0.2925424201646,-0.1188478273938,0.0514022371271,-0.0120396699815,-0.0942425934628,0.1053079851023,0.0523635161919,0.1888335712509,-0.0730990111324,0.0956783761100,1.0000000000000,0.1068931677535,0.7062976024376,0.2396653828214,0.1818640892987,0.0874928316581,0.4085087150835,0.0937046783003,0.2946581472983,0.4813987163151,0.2666387386313,0.0579386138695,0.2880899494871,0.4709946805512,0.0984156923480,-0.1453797242216,0.3396432330416,0.4333804158575,0.0391550886825,0.1341503454258,0.0752820474440,0.1851879458479,0.0404720426594,0.1148050644029,-0.3208742354097,0.0433724967126,-0.3790076734775,-0.0703377232115,-0.2172655974507,-0.0674825549133,-0.0172763956957,-0.0139386684117,-0.3137766426899,-0.0747494125299,0.0610928467898,0.6088374667518,-0.0246212952560,0.3176056336021,0.1373606000759,0.1268858264347,0.0145379039046,0.2034430083642,-0.0018982343553,0.1313664458433,0.0502863108958,0.2476056987695,-0.0973171059226,-0.0835306081392,0.1618292790134,0.2041910984348,0.1024121117933,0.0383085117731,0.2999659081997
0.2374745882499,-0.2149404005746,0.3680490156945,0.0126069820233,-0.1398066277321,0.1674553268108,0.0781986210831,0.2541914833714,0.3405975092981,0.0894641096936,-0.0275037419684,0.6905189336783,-0.2220771094505,0.5018090185116,0.5480688517014,0.0842376849384,-0.0037530553484,0.1068931677535,1.0000000000000,0.3228332939287,-0.1818595904065,0.0051023975201,-0.0891334206274,-0.0561068035150,-0.1321089968510,0.3068392933043,0.1368980493406,0.4455416430543,-0.0079745064226,0.1557841334782,0.0259145723041,-0.0127358013709,0.3591473062088,-0.0389447654989,-0.1397068693429,-0.2263952647534,-0.3489010793117,-0.0478974601200,-0.0593010953394,-0.2194172925681,0.0482276039496,0.0271724163898,-0.0654450869676,0.1643671979206,-0.0153594177825,-0.1172660582022,0.5089523682542,-0.2057626364473,0.4643807035480,0.1253758081585,-0.0477151278519,-0.0307758491235,-0.1565404194183,0.3553356106591,-0.0504894156093,-0.2373481956387,-0.1482278418794,-0.1618782932500,-0.2222662226107,-0.2904819316943,0.2481948359005,-0.1164053093088,0.2803176636141,-0.1388438045795,-0.2696209651732,-0.3593031119682,0.0596125025504,-0.0019489652709,-0.3060843491395,-0.3087960914614
0.3877965999211,-0.0194506139408,0.2871235838198,0.1582801307141,-0.0099869578841,0.0152446140136,-0.0484897460373,0.2419709967821,0.0232963910151,-0.0730177437668,0.0047730006448,0.1469372356558,-0.0063907033338,0.1235159709563,0.3000046133838,-0.0799542071656,-0.0054646528397,0.7062976024376,0.3228332939287,1.0000000000000,0.0953101438444,0.0158685743518,-0.0515599135660,0.1731367610192,-0.0358397999083,0.2980618814952,0.4547382630205,0.1886538651115,0.0004278359848,0.3838928732871,0.2950918924687,-0.0645441525197,-0.0656788107775,0.3301004807302,0.4000407609811,0.1106116664253,-0.0775530489537,0.0215675405866,0.1099424491125,-0.0894189605881,0.1078201364651,-0.2459176840618,-0.0120521842135,-0.2036849567735,-0.1312510611552,-0.2009020873279,0.1754554982630,-0.1182133544222,0.0729841014712,-0.0060223671033,-0.1002502206585,-0.0553427054729,0.3878967531884,0.2198420379103,0.3948014244581,0.0040132149587,0.0112419949062,-0.0590394941336,0.0304176963234,-0.1352332311030,0.1401537265169,0.0509518754277,0.1985162679214,-0.1445075798349,-0.0168956601248,0.0366050706419,0.1045583711048,-0.0440611231253,-0.0667800618362,0.2049368014495
0.4145975505041,0.3297629843876,-0.1032328655301,0.3999627562285,0.7622868629646,-0.1079278514784,0.3968890783274,0.1736889149997,0.0041112069067,0.5027599602045,0.6474005623027,-0.1842509456361,0.8512848994831,0.1706642569319,0.1146546027655,0.3165199254180,0.3649059851306,0.2396653828214,-0.1818595904065,0.0953101438444,1.0000000000000,0.5113280561656,0.3648824533199,0.4068743586476,0.6639722005714,0.2517718138051,-0.0443028962728,-0.1170246294990,0.5500677641724,0.3872811483652,0.4324365141987,0.0139283662102,-0.1351872239223,0.4536437972416,0.3337206129632,0.2024366927963,0.0705967285666,-0.3728410583742,0.3755640770809,0.8019023451925,0.2363310460815,0.1288582211091,-0.0708277337692,-0.1436924504876,0.4398714593115,0.5915935008352,-0.1302945610281,0.7814407013835,0.1100741120580,-0.2476325256679,0.2794641721903,0.2184368493616,0.2741827093072,-0.5071139833356,-0.1887730290214,0.9192042998114,0.5013241709078,0.2157345123223,0.1438005274371,0.5270653764762,-0.0326235014796,-0.4014453555775,-0.1952994713431,0.2368776560276,0.1461939536130,0.1968685905504,0.0321754900684,0.2703659739714,0.4327881651222,0.3055572933245
0.3967435050107,0.3484877068410,0.1105201077068,0.2528299272126,0.5835567647335,-0.3764386059704,0.1297941515273,0.2714475839733,-0.1057964241477,0.1914651089789,0.4981710171690,-0.1805611676307,0.4476736813707,0.1543524667866,0.0044695120930,0.0055983681336,0.7958483230175,0.1818640892987,0.0051023975201,0.0158685743518,0.5113280561656,1.0000000000000,0.4612309384385,0.8526676675705,0.4750808819056,0.2629832890909,0.0388873194188,0.1658273862123,0.7917255042483,0.3998751407718,0.6476679199775,0.1389734006299,-0.1842580255717,0.5077197557194,0.2543986718718,0.1148936517378,0.1283147328566,-0.2742837746538,0.1211195213854,0.4820465127480,0.0130784020272,-0.1223991939158,-0.0907182901240,-0.3472970369717,0.1091573293152,0.3886981388525,-0.2083169351101,0.4298086187833,0.0312986133765,-0.4024959529982,-0.0499239035504,0.6387043467455,0.1981767912563,-0.4983643594506,-0.2482974083361,0.4801451390016,0.8016735353024,0.4042367904055,0.5378725953261,0.3966269607004,0.0129408091536,-0.2956425835516,0.1203637368021,0.5891710776802,0.0528953904158,0.3074226266799,0.2642082727649,0.1146686555563,0.4111068025086,0.1468889282108
0.4617819957193,0.7144976040413,-0.0825933095945,0.7493983284917,0.4665335697419,-0.1432934198732,0.1725025051557,0.0825982986525,-0.1308988343673,0.3912182555626,0.3763290922365,-0.2294665361842,0.3772556425401,-0.0202604503570,0.0573622750238,0.0828043357313,0.5813012205022,0.0874928316581,-0.0891334206274,-0.0515599135660,0.3648824533199,0.4612309384385,1.0000000000000,0.3922796067517,0.5471316613869,0.3342836947696,-0.0789038413547,-0.0373534669477,0.3540685565828,0.3607887889829,0.6011642464905,-0.0684317895856,-0.1628912791214,0.4518625684774,0.4276419197900,0.4452434083370,0.5002589453858,-0.2893082652521,0.6854715064971,0.3686972310407,0.1350398333101,-0.1325571564237,0.0348903982177,-0.2986670114141,0.3768790410331,0.2227683203144,-0.2020315231372,0.4478582470739,-0.0800656426743,0.0117108563566,0.0720229779229,0.4971334279098,0.3950519779783,-0.3509236053924,-0.1182885361655,0.4353188811685,0.4538404159809,0.8638194938535,0.2895176876933,0.6517358045121,0.1165720664543,-0.3290464997279,-0.1005001146305,0.0886413931819,0.3296600209698,0.5397152404757,-0.1010041361214,-0.0692918310536,0.5106130428130,0.4133378129784
0.3589179461187,0.4441629574567,0.2805645144238,0.2448019234683,0.4125757772576,-0.3329215579093,0.0030976697029,0.3180964059102,-0.0968436311441,0.0672364121090,0.3190084653046,-0.1655451090003,0.2997812235011,0.1167477804423,0.0084439624116,-0.0117347108042,0.7157704049246,0.4085087150835,-0.0561068035150,0.1731367610192,0.4068743586476,0.8526676675705,0.3922796067517,1.0000000000000,0.3715032686441,0.3122919843310,0.3049498002995,0.3677615828415,0.6484465648821,0.3965577735856,0.6352219553711,0.0931074633636,-0.2170738663002,0.5177043362259,0.3723049216620,0.0780753557130,0.2718770024309,-0.1021957617961,0.1329089001225,0.3112662638480,0.0297295881427,-0.2195186788561,-0.0789014852480,-0.3996715457083,-0.0147838742904,0.1230069720442,-0.1852361472069,0.2010082996388,0.0255002043423,-0.4771559920015,-0.0914239566080,0.6178901880466,0.3080255841376,-0.4487658501758,-0.1620724998205,0.3175796004942,0.6816645987029,0.3481998694443,0.6579773094311,0.2975564681966,0.0520555038992,-0.1514779143104,0.3541192138435,0.4701272316953,0.0058077387473,0.3277555695083,0.2917956991664,0.1003786978131,0.3238404889296,0.2468137792719
0.4580388807964,0.3837331990426,0.0725773386677,0.6070364814712,0.6189102094827,-0.1327385636368,0.2610361894285,0.5410732935512,0.0026849593479,0.7349392395708,0.4958868398415,-0.1755213278998,0.5573951081926,0.2606296138806,0.2258953128878,0.3190689799529,0.3813095924317,0.0937046783003,-0.1321089968510,-0.0358397999083,0.6639722005714,0.4750808819056,0.5471316613869,0.3715032686441,1.0000000000000,0.4338887630662,0.0485255854214,0.0173430307111,0.6207257589411,0.3060232429879,0.4693573342400,-0.0261563395941,-0.1671378137901,0.3554538721671,0.1957028406441,0.1002062013533,0.1084184699932,-0.3012571777614,0.5264644718630,0.5539731253899,0.2548561790738,-0.0070002804388,0.3004842650931,-0.1145342923712,0.7188922189708,0.3541981991927,-0.0881016317374,0.5262324855261,0.2238216368195,-0.1950274749272,0.2640857775091,0.2752646821128,0.2060918912461,-0.5796800966300,-0.2740466499065,0.6131803402085,0.3650802607682,0.3469636115086,0.0212251565454,0.8341764978407,0.1369205151187,-0.4388808821460,-0.0783655350067,0.2530207743982,-0.0371386152709,0.1893032376520,-0.0149816714999,0.1612287237030,0.2577683509312,0.0793675328748
0.5916078011285,0.4312912146202,0.2737862615804,0.5901421108535,0.2332497604028,-0.0332865061833,0.2003712861567,0.4600896380066,0.2134864540517,0.4583050040781,0.3806294810972,0.1689828055569,0.1927590613071,0.5359305522069,0.5499655855320,0.2791043288055,0.2130670215848,0.2946581472983,0.3068392933043,0.2980618814952,0.2517718138051,0.2629832890909,0.3342836947696,0.3122919843310,0.4338887630662,1.0000000000000,0.3275030050213,0.3864626172099,0.2993226733605,0.4918897948888,0.4028369707247,-0.1596655506493,-0.0254280326704,0.4096810649025,0.4589235154424,0.0260453318920,0.0793850102001,-0.2604776353158,0.4913590708830,-0.0217985438460,0.3366073292851,-0.0499289370509,0.0120960898609,-0.0472360946192,0.3667694178576,0.0356579730834,0.2853564773985,0.0815177646582,0.4492820758787,-0.1174572418766,0.1838665405772,0.1247814098454,0.2370622235857,-0.2329356122726,-0.1259311518000,0.1391901874034,0.0590333763648,0.1943998931112,-0.1234469508765,0.2319094123414,0.5270580825568,-0.3408617935675,0.2784908631961,-0.1179506905867,-0.1293514514825,-0.0322005644725,-0.0053770187275,0.1655806982109,0.0069958423445,0.2181958178222
0.2463818712579,0.1984500379789,0.5529783130159,0.0340309274997,-0.1292670051259,0.0121115146719,-0.0177721283295,0.3663577102988,0.2642996787367,-0.1673340675215,-0.0784821919317,0.2101507258614,-0.0753134295853,0.0649447842960,0.1923407698142,-0.0053867002696,-0.0025693839287,0.4813987163151,0.1368980493406,0.4547382630205,-0.0443028962728,0.0388873194188,-0.0789038413547,0.3049498002995,0.0485255854214,0.3275030050213,1.0000000000000,0.3775780478908,0.0486121286953,0.1718942211366,0.2602389262845,-0.1292077392139,0.0648402980277,0.1065827125876,0.2261487146667,0.0608403116023,0.1136658583541,0.2230165053870,-0.0219449217349,-0.2089758569677,0.0565198090617,-0.0561890320380,0.1088433361231,0.0766715512131,-0.2480882388684,-0.3135146186921,0.2316314604264,-0.2900481243151,0.0617540947263,-0.1560955373354,-0.1007226663378,0.0435845883771,0.2182335565483,0.1001628438189,0.1520784184201,-0.2076621069055,-0.1386424483431,-0.1466201112825,0.0728097683501,0.0104343868435,0.1085513854691,0.3947554501283,0.4310629587344,-0.1154526974859,-0.1900982053357,0.0957990192938,0.0354111629790,0.0408832560907,-0.1760591694216,0.0827756381025
-0.0056842757165,-0.0201114165814,0.6998859206023,0.0476167956605,-0.1349438284675,-0.0120090013631,-0.2474688749891,0.4512922946025,0.0949120876125,0.1883039222844,-0.1263105368563,0.3155464829353,-0.2567589564634,0.4530847819768,0.2875861415009,0.0641665597919,0.0840701240568,0.2666387386313,0.4455416430543,0.1886538651115,-0.1170246294990,0.1658273862123,-0.0373534669477,0.3677615828415,0.0173430307111,0.3864626172099,0.3775780478908,1.0000000000000,0.0997387673590,0.0634842192513,0.0653405918975,0.0579897546822,0.1077526308583,0.0097509882160,-0.1443580611750,-0.4868841847295,-0.1318596337732,0.3447474842783,-0.0500742823262,-0.1862978301975,-0.0025678887319,-0.1695442544693,0.0194120507269,-0.0858833623757,0.0351042973208,-0.2677128760862,0.1947711358122,-0.3291752577620,0.4742898376187,-0.2995927363884,-0.0425057140133,0.1433275913205,-0.0267101085767,0.0355276811593,-0.1395921935365,-0.2691155916175,-0.0323562155608,-0.1837279314108,0.1193546421323,-0.2162159855999,0.3667191194248,0.0144276621542,0.8810033336765,0.0453401018522,-0.4442321025541,-0.3140806905848,0.1579975090272,0.0627298894689,-0.3041958460918,-0.3046424791905
0.4427813726186,0.2874722537116,0.0687238400850,0.2842083686672,0.6495902458184,-0.2670879925659,0.2093644079461,0.4848081712555,-0.0594027892699,0.2263204250370,0.6188798805900,-0.0986399841301,0.4658860741443,0.2228052732427,0.1155917498244,0.0963176806497,0.6678045336317,0.0579386138695,-0.0079745064226,0.0004278359848,0.5500677641724,0.7917255042483,0.3540685565828,0.6484465648821,0.6207257589411,0.2993226733605,0.0486121286953,0.0997387673590,1.0000000000000,0.3849809930639,0.5085210447641,0.1102542803585,-0.1463215239042,0.3439150194853,0.1047556443280,0.0073436379791,0.0108190771935,-0.3634181114696,0.1050942066157,0.5173692990793,0.1331795360563,-0.0354227008437,0.1141228785865,-0.2153282785377,0.1665715273322,0.5035011782952,-0.0843381176808,0.4899316636758,0.0745311297443,-0.2787628091829,0.0431194198260,0.4997595481472,0.0863257178641,-0.4280077166151,-0.2649455887524,0.5139868376553,0.5906192016178,0.2643846746681,0.2100043039913,0.4509453412420,-0.0077037341454,-0.3913951696298,0.0258718214619,0.6785161215672,-0.0009962624371,0.1904254872809,0.2792613118771,0.1448717295429,0.2185458820942,-0.0281079957204
0.5996635909051,0.3053781974822,0.0348046956392,0.4962568424134,0.5384794983278,0.1450758272303,0.3935485174150,0.1644308372077,0.2295852339392,0.1801768928696,0.5528359142434,0.1122156990502,0.3959473074957,0.4194091619237,0.5487161250713,0.3825733764252,0.4040773488191,0.2880899494871,0.1557841334782,0.3838928732871,0.3872811483652,0.3998751407718,0.3607887889829,0.3965577735856,0.3060232429879,0.4918897948888,0.1718942211366,0.0634842192513,0.3849809930639,1.0000000000000,0.4635131816868,-0.3279475836503,0.0998967737912,0.7706999777151,0.5893603269852,0.3376701929136,-0.0431856061856,-0.3620622299270,0.3451463785639,0.3097810040093,0.4311795276099,0.1533647937998,-0.2408370588978,-0.0937200532074,0.1504506995564,0.2018396052942,0.1731581825256,0.3528790263891,0.2586506100683,0.1135928017931,0.3793328260704,0.2972772518860,0.2728480776528,-0.2296394086901,-0.1480790040929,0.3597584219097,0.3934387008677,0.3046076811867,0.0779667754817,0.2305156226176,0.0265884229414,-0.4183455135933,0.0529690171855,-0.0602554213673,0.4534774003579,0.1534599196465,-0.1413844085773,0.1427711773872,0.4409250832563,0.3529054581349
0.6797287269459,0.4469001867776,0.1842548739165,0.5025221882453,0.4709759158046,-0.2371894894390,0.1455077468017,0.3634072883369,-0.0392615774018,0.2321116821433,0.4182354732100,-0.2591695492197,0.4035319565681,-0.0006583845383,0.2188405122990,0.0438800338304,0.6086147798049,0.4709946805512,0.0259145723041,0.2950918924687,0.4324365141987,0.6476679199775,0.6011642464905,0.6352219553711,0.4693573342400,0.4028369707247,0.2602389262845,0.0653405918975,0.5085210447641,0.4635131816868,1.0000000000000,-0.0368960825403,-0.1984202887095,0.4770741367553,0.4906128062357,0.3401683150780,0.2361258776105,-0.2498497577271,0.3940320213716,0.2761646460847,0.1449511624103,-0.2394768148195,0.1192983199757,-0.3525862710983,0.1552694979258,0.1103735826475,-0.1518297393654,0.3179004372381,-0.1381811305735,-0.2205360842330,-0.0366545334770,0.4936270131430,0.6031807177880,-0.3705108631108,0.0130711859757,0.3777071402733,0.5361571829601,0.5188319383833,0.3650415832196,0.4948914170742,-0.0305864811353,-0.2606399086008,0.0187198114620,0.1540521955430,0.0385930881067,0.6413930007896,0.1376549981816,0.0794185678153,0.2726034088010,0.3427601674743
-0.1470464872593,-0.1651205447972,-0.0564080073800,-0.2305905356957,-0.1281011254735,-0.2353387379865,-0.3401641943432,0.1722608370745,-0.3886307601134,0.0457497645348,-0.1962059392261,-0.1783543470679,-0.0854107814063,0.0022153924057,-0.3137976105861,-0.3386717300759,0.0372610640543,0.0984156923480,-0.0127358013709,-0.0645441525197,0.0139283662102,0.1389734006299,-0.0684317895856,0.0931074633636,-0.0261563395941,-0.1596655506493,-0.1292077392139,0.0579897546822,0.1102542803585,-0.3279475836503,-0.0368960825403,1.0000000000000,-0.1099634563561,-0.1589413470414,-0.2160547449241,-0.2355267164665,0.0065387206422,0.0477099486773,-0.2070350917411,0.0728213997317,-0.3138082892811,-0.3774922030395,0.1614770614658,-0.3762439100340,-0.0259777560943,-0.0191353199280,-0.3432998087579,-0.0452571671977,-0.0597994012826,-0.1989704047200,-0.3494826904881,-0.0613900596094,-0.0281786319927,-0.0746870586064,0.1316548556365,0.0123585882284,0.0779719076345,-0.0757602126339,0.1782566014928,-0.0903826158067,0.1037048820712,0.1018312297070,0.0486164718292,0.3768944365245,-0.1527322020147,-0.0940995339868,0.7765806521668,-0.0038724658782,-0.0889348158224,-0.1842187029134
-0.0742191514331,-0.1159759752370,0.0671530630245,-0.1692107442949,-0.0370798327022,0.6464375437071,0.3365538765897,-0.0365168813873,0.5728596909340,-0.0013416672528,0.0872515562581,0.5234384532844,-0.0270212042576,0.3778045867354,0.4475339418434,0.3796598607748,-0.1490441452174,-0.1453797242216,0.3591473062088,-0.0656788107775,-0.1351872239223,-0.1842580255717,-0.1628912791214,-0.2170738663002,-0.1671378137901,-0.0254280326704,0.0648402980277,0.1077526308583,-0.1463215239042,0.0998967737912,-0.1984202887095,-0.1099634563561,1.0000000000000,-0.2268302659883,-0.1655320803649,-0.1456997967614,-0.2640397466077,-0.2039952263820,-0.1358621592093,-0.0411622503435,0.2806581816821,0.4015923661722,-0.3178687433765,0.4046486733973,-0.0501025756114,-0.0012530380812,0.2589352511979,-0.0576841641987,0.3065587126201,0.1481898968520,0.2662716736605,-0.1256787792554,-0.1985081624920,0.0586016971326,-0.2684276560160,-0.1477551271534,-0.2031409164204,-0.2374153798901,-0.2782718513189,-0.2560192984131,-0.1454334439055,-0.1470637509518,0.0171684008608,-0.3064275560341,-0.0720444976431,-0.3293420392895,-0.0555211809385,0.4184556622901,-0.1869124154848,-0.2345618574959
0.4567543132115,0.3778752706986,-0.0271712073287,0.4665725858222,0.5333055074427,-0.1129972071245,0.1881625331598,0.0713241715053,-0.0344307486995,0.2224707302335,0.4016742766713,-0.1496800920929,0.3903928856756,0.2156225521575,0.1810302344510,0.1862364494685,0.4866771437756,0.3396432330416,-0.0389447654989,0.3301004807302,0.4536437972416,0.5077197557194,0.4518625684774,0.5177043362259,0.3554538721671,0.4096810649025,0.1065827125876,0.0097509882160,0.3439150194853,0.7706999777151,0.4770741367553,-0.1589413470414,-0.2268302659883,1.0000000000000,0.6633851943707,0.3945284073852,0.1449009864548,-0.2775719452053,0.3766633447458,0.4025324412362,0.2119132673140,-0.0209629956118,-0.1654358516316,-0.3071016741842,0.2210575617315,0.1884563497051,-0.0833980986466,0.3600939812788,0.0926548050522,-0.0786573854282,0.2400363954033,0.3625079201831,0.3572465976779,-0.3124761950265,-0.0327513205132,0.4811624130925,0.5276527765625,0.4490794197409,0.3142563336462,0.3246994468992,0.1660843664711,-0.3288877087556,0.0218357534076,0.0751844661930,0.4528817611449,0.2919975713380,-0.1068230900243,-0.0599509823566,0.6691915864326,0.5330937729303
