1.0000000000000,0.2510872053904,0.1880023260802,0.2171776751285,0.0785752373104,-0.0074325016180,-0.2796410857507,0.2635724037070,-0.1332408026495,0.2113419066450,-0.2268330473393,0.0260259657792,-0.1695850262074,0.1775784755736,0.4250042082465,0.0331139147697,0.1565594532327,0.3422568886522,0.0824421956572,0.0434593558261,-0.0390233666883,0.1411006247368,0.2201016052535,0.3465980994474,0.1362348548917,0.2479564395754,-0.0020667052547,0.2855433538177,0.0077466186436,0.6029316421185,0.1223738356957,-0.1751848862862,-0.0805081698856,0.3524291445167,0.2178200584753,0.6992358113432,0.0124308225223,-0.0832589815074,0.2061078083460,-0.1109942443338,-0.0125450739817,-0.1886297464475,0.0638499489295,-0.1384412893174,0.0753994937990,-0.2145037060201,0.1230770494843,-0.1862340094034,0.0865119683518,0.2244412505355,-0.0872105511585,0.2126730012590,0.2242457691094,-0.1310282588195,0.0214566834542,-0.0131126107502,0.1622796199859,0.0840376244130,0.2283420344954,0.0518836479272,0.0924688310777,-0.1545492721312,0.1914125512488,-0.0959381679324,0.3437094996955,0.0928349346259,-0.1449197223366,0.1425310437322,0.2107610032820,0.1399560030627
0.2510872053904,1.0000000000000,0.1156905264179,0.7775291180172,0.0990908670497,-0.0020990824219,-0.4992112709204,0.0149121197453,-0.4170638144709,0.3138463820928,-0.3872296572279,0.2437073100779,-0.1419957708163,0.3460328141917,-0.2313989544706,-0.0265765050987,0.3345973359390,0.5116902170794,-0.0246706580165,0.4606994543542,-0.0672551256599,0.0353433230303,0.8235463790367,0.4153050420378,0.1412785237540,0.6845101409587,0.2336131399068,0.1633196182224,-0.0804994597052,0.0820118309539,0.4256799518018,0.1569594883317,-0.0691435399600,0.3623075000876,0.7000649553162,0.0911930261901,0.7753161717178,-0.1598605421524,0.6319344348242,-0.2083174392228,0.0106699212945,-0.4440909507888,0.0804707807924,-0.4523650978237,0.2264559650540,-0.4648384994417,0.2751938117737,-0.1820004753286,0.2345044428563,-0.4352199136925,-0.0092493773665,0.3976928058187,0.4463206569641,-0.1732447539601,-0.0518533585621,-0.0392170150769,0.0891146405237,0.6434241611158,0.2167952956031,0.2151666553048,0.6418049716967,-0.0896204234565,0.1645976398711,-0.3369439008338,-0.1937467251910,0.3498628498303,0.0574671571361,-0.0497769218421,0.2565073630966,0.6271111099184
0.1880023260802,0.1156905264179,1.0000000000000,0.2569684931365,-0.4955783315844,0.3566209406132,-0.0410021661876,0.5503890381556,0.4080545550193,-0.0498131199730,-0.2132379260100,0.5912003500241,-0.4871923658872,0.4236146687494,0.3680764020082,0.2052053283512,-0.0702929660201,0.4958999352305,0.6035634244897,0.4103642838409,-0.4817563297278,-0.1334980157525,0.0066181606052,0.2488917436811,-0.1788590311369,0.3629346249302,0.6013166514755,0.7458933919880,-0.2908820217312,0.0139360412211,0.2561492928641,0.1874189559080,0.3161312606372,-0.0410084999830,0.2657164715204,-0.1559965576444,-0.0122826648319,0.6099890376612,0.1926997650043,-0.5173023164811,0.3734330995654,0.0079158481694,0.1732506303712,0.3635265832317,-0.1690127475506,-0.2423600658322,0.5968956828266,-0.5081140597741,0.2522117329994,0.2218813471272,0.2642741751805,-0.0598190504265,0.0560013932275,0.3843859612961,-0.2354433071181,-0.4726221077722,-0.2353697740970,-0.1781054345378,-0.0817775327701,-0.2913410209344,0.2446027339015,0.0538672088117,0.6693222648063,-0.4379268677316,-0.2138631834034,-0.0960888542526,0.1882211008601,-0.0068694868220,-0.1094953206682,0.1268422313193
0.2171776751285,0.7775291180172,0.2569684931365,1.0000000000000,-0.0573297629517,0.1819055366138,-0.2700719677355,0.1811584773369,-0.1947630453479,0.4113325307142,-0.2730073064058,0.3234216461421,-0.1713583881699,0.3812732533183,-0.0525557582587,0.1025815465553,0.1262337488756,0.4513739625609,0.0882358390491,0.5186839685305,-0.1856226648475,-0.1135331324230,0.7530136507078,0.2171569504379,0.2233479572128,0.6661969687746,0.3631341960352,0.1379233330784,-0.1485855136446,0.0653218175753,0.4298401827324,0.3021338314989,0.0476780659751,0.1921332431995,0.6298792148121,0.0377212342122,0.6833742258373,-0.0171456197847,0.7632829724628,-0.3033347910758,0.2337867171731,-0.2655963268344,0.2190173312447,-0.2620592183175,0.3528714900177,-0.3891507519018,0.4521428970099,-0.2321645595244,0.3243518075694,-0.1825992185711,0.1345764867547,0.2120947589121,0.4771080537889,0.0121275036446,-0.0534255509211,-0.1653887156329,-0.1371980698633,0.6165892115292,-0.0051921685262,0.3355549340853,0.6281533339623,-0.0076102866956,0.2244521860686,-0.4154321822859,-0.1772709700840,0.3206963894072,0.2571255671755,0.0235641729544,0.1492923718567,0.5993141977278
0.0785752373104,0.0990908670497,-0.4955783315844,-0.0573297629517,1.0000000000000,-0.3064525226239,0.0656367442336,-0.1140977220970,-0.3718368719125,0.3310608190892,0.3184189995774,-0.4446051931253,0.7847664551146,-0.1525635903607,-0.0748829863638,0.0825816013962,0.1996702780778,-0.2225370491030,-0.4593754791484,-0.3166615456434,0.8542636531068,0.4892610507041,0.1445094581344,0.0700262087580,0.5064324562960,-0.1622328191202,-0.3609789838488,-0.3340128078903,0.5004187953733,0.2973899667800,-0.0945516383692,-0.0400753752668,-0.4544366887403,0.3725725019414,-0.1055614604761,0.2221716580438,0.0686976765955,-0.4466673127107,-0.1252044584504,0.8727804791702,-0.3932687555241,-0.0005022302081,-0.1127248645357,-0.3642508392263,0.3369673485018,0.3443294155164,-0.4796131605049,0.8095336406216,-0.1593926119798,-0.1707898906197,-0.1398425589397,0.1618867577853,-0.1770529148671,-0.4343852820585,-0.1174106849831,0.8766109721714,0.4249629284991,0.2837130586679,0.1989098979501,0.4725634524556,-0.1477490896014,-0.2668054289440,-0.3454422885687,0.6183630573807,0.3233041702421,0.0214719719405,-0.0922229719201,-0.0426811080850,0.3415789302596,-0.0926631621696
-0.0074325016180,-0.0020990824219,0.3566209406132,0.1819055366138,-0.3064525226239,1.0000000000000,0.2407954591821,0.0857770351568,0.4598547161884,-0.0027127199047,0.0501736968603,0.4134859012938,-0.1122599102324,0.3344771124313,0.3028344238678,0.4664277768745,-0.2552770591800,0.0732253929865,0.2593486962567,0.0959511604566,-0.2311896093264,-0.1552170933172,-0.1197654156612,-0.0469932678781,-0.2169174502000,0.1277681262182,0.1871711004921,0.2166286475937,-0.3229761862495,-0.0521411003516,-0.0534339271889,0.3704895744197,0.6336030610147,-0.1973789742194,0.1708150736389,-0.1698607855270,0.0403136498593,0.2912261524115,0.0527736227049,-0.2204970163671,0.7822421933966,0.2654755610312,-0.0873213936586,0.4449712878061,-0.0192312869955,0.0086735580517,0.3569789856723,-0.1388334649248,0.3395542901451,0.3098848642381,0.4798668525597,-0.2712154943118,-0.1693588418059,0.3374344166595,-0.2668404713926,-0.2230752275589,-0.2801655431633,-0.1937748503913,-0.2086327136399,-0.1937846165135,0.1372108364858,-0.1811834449046,0.2545545743008,-0.3199246046847,-0.1310095194709,-0.2044016893094,0.3117556559521,0.3676778740384,-0.1366523923125,0.1120457543239
-0.2796410857507,-0.4992112709204,-0.0410021661876,-0.2700719677355,0.0656367442336,0.2407954591821,1.0000000000000,0.0766300199407,0.6136908963683,-0.1554429982229,0.8172024309680,0.0662658638622,0.4495268516487,-0.0617685233844,0.3924529908285,0.3154884014392,-0.4359522405103,-0.3599276171490,0.0887033001491,-0.2087906763348,0.2285028736129,-0.0497009375826,-0.4918590524568,-0.4317595363889,-0.0484794856532,-0.4201803158588,-0.0270961325002,-0.1779464860328,0.1717306547548,-0.1353281655658,-0.2382100129913,0.2213770963119,0.3150470249786,-0.4276125641035,-0.4318671702780,-0.1322570881234,-0.2369445651818,0.0294916626590,-0.3633780434902,0.3667326637693,0.1848245940898,0.8388395882534,-0.1242582568254,0.5136463342415,-0.1159214378817,0.7907721871400,-0.0472481875291,0.4316154661232,-0.0627605940961,0.3974616718439,0.2749083407767,-0.4767509161806,-0.4996047148610,0.2033776701250,-0.1671085734451,0.2052758367518,-0.2655692384626,-0.4289474457057,-0.4159782372224,-0.0699251559308,-0.3728741471504,-0.1583969728369,-0.1664905591295,0.3837151815405,0.0155053576362,-0.3607318305595,0.3121797408617,0.1620760576230,-0.2867930670034,-0.3678467904928
0.2635724037070,0.0149121197453,0.5503890381556,0.1811584773369,-0.1140977220970,0.0857770351568,0.0766300199407,1.0000000000000,0.0177678030841,0.3537697824994,0.0969419184523,0.1193574095063,-0.0342084089911,0.2644745089510,0.4070633586509,0.2182694765788,-0.0264676395235,0.3807494772832,0.2278251264882,0.1526932653827,-0.0357167659054,-0.0281726579582,0.0992286274842,0.0858763759780,0.4761781934531,0.2496140620453,0.3973241118219,0.4606932036973,0.1850599401533,0.0723451807020,0.2626844175782,0.0274692025394,0.0884537332306,-0.0842237083850,-0.0157492330468,0.1031077697173,-0.0918005170270,0.2156450436003,0.0573213424395,-0.0624238751609,0.0773859347793,0.0087487532246,0.5753692915905,-0.0368541974740,0.2583309463980,0.0392662091051,0.2510984916980,-0.0820462019742,0.1744216876048,0.1828479833302,0.1067606493578,-0.0306924422364,0.0152189602278,-0.0927240382417,-0.1360845802527,-0.0347875985839,-0.1670917612261,-0.0778675145412,-0.1472968958607,0.2654219834716,0.0482683296829,0.1354399413260,0.2981127556800,0.0831820477152,-0.0610370256628,-0.0356378279751,0.0971969291147,0.1559705305772,-0.2113491337270,-0.1278619290579
-0.1332408026495,-0.4170638144709,0.4080545550193,-0.1947630453479,-0.3718368719125,0.4598547161884,0.6136908963683,0.0177678030841,1.0000000000000,-0.4516206078262,0.2621155955271,0.5503744810103,-0.1801477669958,0.1673081261722,0.4519143219089,0.2070644810711,-0.2933721146550,-0.1620846482012,0.4405609947272,0.0032865076993,-0.2914080989365,-0.0987849160579,-0.5379939652279,-0.1375065646725,-0.3703170347154,-0.1876835626213,0.2614056160067,0.1953529915664,-0.1283926685079,-0.0341869923596,-0.0303984581367,0.1835853558826,0.6003848358645,-0.3393681230567,-0.1290098131490,-0.2188584145046,-0.2403180842050,0.5013521202479,-0.2442586440450,-0.1799934783710,0.4531187508152,0.6420740857774,-0.1707776457156,0.9163213432876,-0.4327764957667,0.2657573554285,0.3876760542550,-0.1669963474915,0.0723047611276,0.5239443060283,0.3798839521202,-0.3312166593890,-0.3587184940198,0.5815975214292,-0.2074442872960,-0.2910157862007,-0.2162141028765,-0.5012737433588,-0.2270747653156,-0.3866220216265,-0.1663772853297,-0.0045527810862,0.2548725567731,-0.0594135289319,-0.0637730524118,-0.2094292743463,0.2583444199885,0.0050109353684,-0.2151655337678,-0.1352393012461
0.2113419066450,0.3138463820928,-0.0498131199730,0.4113325307142,0.3310608190892,-0.0027127199047,-0.1554429982229,0.3537697824994,-0.4516206078262,1.0000000000000,0.0040221919576,-0.1637973210490,0.3104369234789,0.4190063367024,0.0860683055571,0.3856431341892,-0.0774040217025,0.0899061652727,-0.1483606862321,-0.0552019469695,0.3482777622160,-0.0360656554330,0.4286343406831,-0.0869100591646,0.6166635246095,0.4536511151919,-0.0266132553903,0.1180092086339,-0.0249027432317,0.0919591055852,-0.0834737184385,0.1238591628119,-0.1986253636338,0.1082016956681,0.1013766869173,0.1409159673962,0.1539038959319,-0.2921824263476,0.3111625079938,0.2028025916662,-0.0265334083193,-0.2387663365437,0.2826070743679,-0.4419226442768,0.8969811749675,-0.0536934002751,-0.0469170380227,0.2627079033007,0.4636583522841,-0.1345979256542,0.1259127774804,-0.0173265432308,0.0212694266045,-0.4055436266811,-0.2762992813086,0.3303003323329,-0.0986772307493,0.3951121834054,-0.1597601911840,0.5807883294960,0.3188138424428,-0.1633386042767,-0.0245270726128,-0.0528445117093,-0.0087913770555,-0.1131218547026,0.0874154841918,0.0678046388104,0.0615113974883,0.0192589311186
-0.2268330473393,-0.3872296572279,-0.2132379260100,-0.2730073064058,0.3184189995774,0.0501736968603,0.8172024309680,0.0969419184523,0.2621155955271,0.0040221919576,1.0000000000000,-0.1997576431373,0.6442049809847,-0.1612473111571,0.2882401902764,0.2168277599522,-0.4511866110265,-0.3179614983749,-0.1128302792344,-0.2622619478067,0.4092662718397,-0.0001673858359,-0.3647786458797,-0.4316409042336,0.1294153704447,-0.3910611982828,-0.1097895284114,-0.2583199209748,0.3820169161695,-0.1349016918701,-0.2131000428423,0.1707894862511,0.0341892925631,-0.3492525753892,-0.4736948828015,-0.0359556962221,-0.1925390810959,-0.2413103726730,-0.3903969612728,0.6161808307532,-0.0594899212325,0.6268167649339,-0.1135833343651,0.1745281878958,0.0272493680519,0.9522156500731,-0.2824351305885,0.6155385089834,-0.1421479265947,0.2232941124724,0.0628403021168,-0.4970549284096,-0.4690501718342,-0.0909181412992,-0.1453352242756,0.4103218123345,-0.2569353812059,-0.3343890564819,-0.4580759536941,0.0852511201230,-0.3465865288950,-0.2251279744125,-0.3187074181896,0.5887660667812,0.0232981244960,-0.3738659848967,0.1512797317914,0.1605293658211,-0.2927389071238,-0.4296174953947
0.0260259657792,0.2437073100779,0.5912003500241,0.3234216461421,-0.4446051931253,0.4134859012938,0.0662658638622,0.1193574095063,0.5503744810103,-0.1637973210490,-0.1997576431373,1.0000000000000,-0.4247444461852,0.5772509772946,0.3221627233215,0.1520266553715,-0.0437758186855,0.3391291097962,0.6678720124996,0.4735145632995,-0.4284411463651,-0.1830433477862,0.0459726317828,0.1337506372383,-0.3177529412283,0.4108542226731,0.5077517940461,0.4864694841684,-0.3573578827433,-0.0024817465913,0.1693708346526,0.3249556523261,0.5396815243455,-0.0930528690366,0.4524747577419,-0.2398047169649,0.2186004565762,0.3948775589091,0.2525956642122,-0.4814098606558,0.4419452006575,0.1210758356406,-0.0945976896069,0.4937995291643,-0.2401393882093,-0.2565769409524,0.7735183793948,-0.4749742021698,0.4103105589544,0.1327720454543,0.3823222575929,0.0015704210056,0.0124159504925,0.5900078279246,-0.1954714356128,-0.4303481544751,-0.2144585104986,-0.0576069905038,-0.1025912141134,-0.2625335569022,0.3907659382283,-0.0225196285767,0.4344964780434,-0.4767373113821,-0.2045220074457,-0.0700734309132,0.3196933752851,-0.0984605974095,-0.0024364305334,0.3266345477138
-0.1695850262074,-0.1419957708163,-0.4871923658872,-0.1713583881699,0.7847664551146,-0.1122599102324,0.4495268516487,-0.0342084089911,-0.1801477669958,0.3104369234789,0.6442049809847,-0.4247444461852,1.0000000000000,-0.1695695177772,0.0078260623912,0.2641276856856,-0.1105149587404,-0.3810707284837,-0.3904493217838,-0.3765657895047,0.8570226691663,0.2802260477371,-0.0694912997240,-0.2442699894989,0.4182765222119,-0.2799656862890,-0.2936562149155,-0.4200500335290,0.4491687324171,0.0942551194775,-0.2071908081003,0.1035000971779,-0.2890777078960,-0.0039020387949,-0.3207352151076,0.0968266406670,-0.0226891536846,-0.4126842337266,-0.2966354941847,0.8719618562173,-0.2458010986386,0.3221656332424,-0.0764939808548,-0.1832931911717,0.3347161535117,0.6267249652986,-0.4593420686502,0.9501799526724,-0.1219393708724,-0.0214826764560,0.0482057766393,-0.1471622708915,-0.3426698846155,-0.3368109045635,-0.1294534135567,0.8379336531467,0.1164546181823,0.0504544001769,-0.1237742981602,0.4026559677590,-0.2721473594556,-0.2310527665038,-0.4350938151291,0.6560573654724,0.2385065922081,-0.1247624418329,0.0393482481334,0.0667109255575,0.0660476038316,-0.2371872188538
0.1775784755736,0.3460328141917,0.4236146687494,0.3812732533183,-0.1525635903607,0.3344771124313,-0.0617685233844,0.2644745089510,0.1673081261722,0.4190063367024,-0.1612473111571,0.5772509772946,-0.1695695177772,1.0000000000000,0.3102978096636,0.3483984905392,-0.0516719333877,0.2150583822453,0.3888891782585,0.1751136946848,-0.1341384164277,-0.1059933694173,0.1810454713378,0.0673839035513,0.0547396102910,0.6914337790796,0.3848117479545,0.5776625589827,-0.3673307538454,0.0453137925111,-0.0513693780536,0.4250964261629,0.2908119029098,0.0278536579812,0.3437150795099,-0.0712026123024,0.2364602158663,0.1882241338373,0.3199900644798,-0.2416902138026,0.3398088806435,-0.0620055348249,0.0324684985547,0.1587408570458,0.3219971548910,-0.2290537312238,0.5291842532729,-0.2111850330685,0.7901981923148,0.0924041025552,0.3210608790653,-0.0140440867011,-0.0981519397118,0.1781424998522,-0.5123017811694,-0.1388906370094,-0.1973764059744,0.0790820627719,-0.1593642325427,0.0679191369622,0.5341635866356,-0.1325985353194,0.4352708888137,-0.4324573014242,-0.2115837865179,-0.2629381780799,0.3218388783970,0.0986637695076,0.0109392339325,0.2040762859712
0.4250042082465,-0.2313989544706,0.3680764020082,-0.0525557582587,-0.0748829863638,0.3028344238678,0.3924529908285,0.4070633586509,0.4519143219089,0.0860683055571,0.2882401902764,0.3221627233215,0.0078260623912,0.3102978096636,1.0000000000000,0.2874065264625,-0.2524299556960,0.1538655118591,0.5975824344138,0.0582455054975,-0.0059451883248,-0.0074056083107,-0.2726144985847,-0.0873862345895,0.0293051235957,-0.0396007613705,0.1548593776200,0.3681544337919,0.0460570956360,0.3998072971002,-0.1403377454012,0.1040595428438,0.2886110833589,-0.0928390941072,-0.0828104902271,0.1534654236021,-0.3268828432220,0.0516566913839,-0.1611095463594,0.0440505479506,0.1948994872967,0.3316320157504,-0.0688632882720,0.3705451635898,-0.0284770633762,0.3089286804636,0.2514180735604,-0.0256335838522,0.1805746287581,0.6046215051599,0.1494848287808,-0.2334337162272,-0.2982238746545,0.2740405839361,-0.1999611096809,-0.0390151601452,-0.1908146994356,-0.3160049648777,-0.2620599235154,-0.0802374934885,-0.1729147865609,-0.2684748195566,0.1341765716628,0.0801850646843,0.2802154628266,-0.3582385929046,0.1099430017429,0.2444370255024,-0.0546175086783,-0.2708527757195
0.0331139147697,-0.0265765050987,0.2052053283512,0.1025815465553,0.0825816013962,0.4664277768745,0.3154884014392,0.2182694765788,0.2070644810711,0.3856431341892,0.2168277599522,0.1520266553715,0.2641276856856,0.3483984905392,0.2874065264625,1.0000000000000,-0.3048804883104,-0.0712208328815,0.1255665393968,-0.0940884477830,0.1062125771290,-0.1129900786885,-0.0507936663025,-0.1750779992719,0.0811053010503,0.1496564837621,-0.0325154151088,0.1664369463789,-0.1881701479566,-0.0559659439105,-0.2581405446166,0.2605669799208,0.2983319049939,-0.1806146425053,0.0438943476611,0.0463852034109,-0.0508269412335,0.0540435689684,0.0202351880094,0.1255627453225,0.4008741653927,0.2590212889843,0.0159741103853,0.1599083838502,0.3405553120961,0.1872203390410,0.1728395192237,0.2131011661396,0.4767058708649,0.2760189804926,0.5947654156759,-0.3027976578961,-0.2685198882962,0.0397113717619,-0.2868889177129,0.1291107958479,-0.2462190187546,-0.1419366347911,-0.2656231428219,0.0713815175166,0.1123229770562,-0.2696290432230,0.1482231792107,-0.1083636336511,-0.0067171512131,-0.3624420588580,0.3590428343445,0.3862322876392,-0.1283148315289,0.0001121884672
0.1565594532327,0.3345973359390,-0.0702929660201,0.1262337488756,0.1996702780778,-0.2552770591800,-0.4359522405103,-0.0264676395235,-0.2933721146550,-0.0774040217025,-0.4511866110265,-0.0437758186855,-0.1105149587404,-0.0516719333877,-0.2524299556960,-0.3048804883104,1.0000000000000,0.1652143898056,-0.1722611195099,0.0532356656286,0.0916995705330,0.5753442732333,0.4227560333168,0.7595285871627,0.3289243594250,0.1306995990829,0.0296838688698,0.0920827063725,0.3614709775906,0.3765423149058,0.3371510254213,-0.2518047923326,-0.2251592887593,0.5994629804360,0.3409177826693,0.2097199550644,0.2015052981146,0.0108650650691,0.1198650179150,-0.0123631854817,-0.2854272557556,-0.3638849736497,-0.0180720865290,-0.2571051527820,-0.0793067037943,-0.4153790028818,-0.0308916045894,-0.0952507587816,-0.1279258729265,-0.3973257465058,-0.2830158720214,0.9542652706523,0.2474597978957,-0.2184126522517,0.0309731170389,0.0984447393858,0.7002706256804,0.4715894599287,0.7792420966190,0.2579265978016,0.0511687861700,0.1335742062828,0.1241986420000,0.1470319962135,0.2055485527413,0.4080136033113,-0.3321115675108,-0.1899743735030,0.4669650403402,0.3085976370772
0.3422568886522,0.5116902170794,0.4958999352305,0.4513739625609,-0.2225370491030,0.0732253929865,-0.3599276171490,0.3807494772832,-0.1620846482012,0.0899061652727,-0.3179614983749,0.3391291097962,-0.3810707284837,0.2150583822453,0.1538655118591,-0.0712208328815,0.1652143898056,1.0000000000000,0.3797267391533,0.7414329188512,-0.3043731890226,-0.1386009472700,0.4110979024850,0.3771897636436,-0.0023061090813,0.4834542022093,0.4730506856110,0.3829924874509,-0.1079290945736,0.0696590553029,0.4358549616346,-0.0371153099376,0.0525881315461,0.1807217215459,0.5893927237169,0.0392526081605,0.2836986350601,0.1021995151393,0.4353669276863,-0.3773298782924,0.0860386676470,-0.3415016159718,0.2284165751821,-0.2191485851990,-0.0445118961248,-0.3779449408348,0.4289697226517,-0.4099856143083,0.0454850896350,-0.1507971069740,-0.0021158037891,0.2375915885324,0.5433754575671,0.0573676867417,0.1714863995266,-0.2640265420897,-0.1029958514212,0.1584097493275,0.0492009113019,-0.0176867496698,0.4150555714562,0.0964363341727,0.2303560388139,-0.3470513634215,-0.1873837200324,0.1926080289549,-0.0980992970298,0.0058152763431,0.0121945674173,0.4077128508758
0.0824421956572,-0.0246706580165,0.6035634244897,0.0882358390491,-0.4593754791484,0.2593486962567,0.0887033001491,0.2278251264882,0.4405609947272,-0.1483606862321,-0.1128302792344,0.6678720124996,-0.3904493217838,0.3888891782585,0.5975824344138,0.1255665393968,-0.1722611195099,0.3797267391533,1.0000000000000,0.4805701272877,-0.4058310947943,-0.2432587875714,-0.1415174606381,-0.0267560930921,-0.3268899349838,0.1733783552477,0.4838572869822,0.5154221997493,-0.2899642636436,0.0312715723869,-0.0395738480442,0.1709540101750,0.3057768610902,-0.1608155255518,0.2094743227663,-0.2355413437477,-0.1131466529072,0.2898229257542,0.0607714828750,-0.3959670272036,0.2187755126297,0.0588017106577,-0.1054094045871,0.3684471537683,-0.2584546614727,-0.1185934994409,0.6209117910111,-0.4245606034954,0.2569628152015,0.3047487976015,0.1615451145393,-0.1274598628708,-0.0344218804827,0.6654442108897,-0.0863465072598,-0.4222261958733,-0.3059852661807,-0.2256458583664,-0.2262037057267,-0.3604768000294,0.0919433554781,-0.0110418185948,0.3400227824588,-0.3621618450088,-0.0900793788216,-0.2421452788809,0.1462413925086,-0.0742233893682,-0.1026084236851,0.0174387223470
0.0434593558261,0.4606994543542,0.4103642838409,0.5186839685305,-0.3166615456434,0.0959511604566,-0.2087906763348,0.1526932653827,0.0032865076993,-0.0552019469695,-0.2622619478067,0.4735145632995,-0.3765657895047,0.1751136946848,0.0582455054975,-0.0940884477830,0.0532356656286,0.7414329188512,0.4805701272877,1.0000000000000,-0.3768773854661,-0.2035180221872,0.4293471057148,0.1964302728785,-0.1751870785060,0.4276892737001,0.5997356076413,0.2321355054076,-0.1852353609635,-0.0634176106716,0.4544198429923,0.1985972484832,0.0868885013444,0.0922788388365,0.6551838715981,-0.1804113046861,0.3914873722820,0.0947009674652,0.5161554527593,-0.4367433656266,0.1250707358190,-0.2190513768082,0.0706121618150,-0.0982445744365,-0.1620689143532,-0.3430979958534,0.4958071760530,-0.4315916852834,0.0467273482421,-0.1231375860505,-0.0247047388145,0.1415400642034,0.4731512747879,0.3442865182552,0.2761816586331,-0.3660054614702,-0.2075538629300,0.2533966136896,-0.0530813132458,-0.1202229048232,0.4459378309703,0.1368538051464,0.1663049802545,-0.4201143007924,-0.2044514276486,0.1875648843685,0.1384698814117,-0.0940663173626,0.0598937705064,0.5541681356804
-0.0390233666883,-0.0672551256599,-0.4817563297278,-0.1856226648475,0.8542636531068,-0.2311896093264,0.2285028736129,-0.0357167659054,-0.2914080989365,0.3482777622160,0.4092662718397,-0.4284411463651,0.8570226691663,-0.1341384164277,-0.0059451883248,0.1062125771290,0.0916995705330,-0.3043731890226,-0.4058310947943,-0.3768773854661,1.0000000000000,0.4180349332483,0.0026809163172,-0.0716096073524,0.4882106718420,-0.2093120968934,-0.3184524195335,-0.3406160449300,0.4525199421233,0.2244933757650,-0.1960577653748,-0.0171502349811,-0.3688358376099,0.2533971221467,-0.2085622679646,0.1246514380414,0.0114164574527,-0.3816828771811,-0.2231330985378,0.8243357466513,-0.3269818470231,0.1537188646313,-0.0704404745382,-0.2588510709897,0.3642681311703,0.4299565233897,-0.4752478699278,0.8551273858558,-0.1643651484972,-0.1267069290218,-0.1202951937777,0.0581232953601,-0.2640564612595,-0.3774993790199,-0.1354427652728,0.9362302476892,0.2973793040230,0.1831913475520,0.0638260203895,0.4272087236880,-0.1777664931394,-0.1933211068024,-0.3812652151450,0.6166544253393,0.2904667499898,-0.0542858804557,-0.0847925420745,-0.0430968657331,0.2725637102845,-0.1752359469960
0.1411006247368,0.0353433230303,-0.1334980157525,-0.1135331324230,0.4892610507041,-0.1552170933172,-0.0497009375826,-0.0281726579582,-0.0987849160579,-0.0360656554330,-0.0001673858359,-0.1830433477862,0.2802260477371,-0.1059933694173,-0.0074056083107,-0.1129900786885,0.5753442732333,-0.1386009472700,-0.2432587875714,-0.2035180221872,0.4180349332483,1.0000000000000,0.0640745665521,0.6641665949633,0.2858454778284,-0.1986379328694,-0.2171570200648,0.0463078612237,0.5447131069888,0.5468397533414,0.3035538890411,-0.0414437773533,-0.2777730197996,0.6536764248921,0.0679178956394,0.1838216120210,-0.0134853455204,-0.0284769545870,-0.1819026965634,0.3744697511573,-0.3045436801986,-0.0418496377221,-0.2089593165203,-0.0817906498163,-0.0369703272654,0.0620398817909,-0.2901614037540,0.3219580396415,-0.2034241461701,-0.0705619748069,-0.2158932008265,0.4845120012014,-0.1198602771186,-0.1993850538730,-0.1111336735542,0.3589292935782,0.8405516347892,0.2239762586637,0.7178358841485,0.1617319487472,-0.2088455990306,-0.1930209492210,0.0940904964059,0.4984289755799,0.5071394037494,0.2521368070989,-0.1561528185821,-0.0950189503011,0.5955505479619,0.0491101358218
0.2201016052535,0.8235463790367,0.0066181606052,0.7530136507078,0.1445094581344,-0.1197654156612,-0.4918590524568,0.0992286274842,-0.5379939652279,0.4286343406831,-0.3647786458797,0.0459726317828,-0.0694912997240,0.1810454713378,-0.2726144985847,-0.0507936663025,0.4227560333168,0.4110979024850,-0.1415174606381,0.4293471057148,0.0026809163172,0.0640745665521,1.0000000000000,0.3767748758216,0.3444199093780,0.5811117902015,0.1788212062990,0.0099572450367,0.0524852562309,0.1334767343905,0.4751244249969,0.0625355620865,-0.2326746952278,0.3991832332595,0.6206778443456,0.1664241400435,0.6802234476615,-0.2600301630202,0.6500129830836,-0.1371571973886,-0.0763510854081,-0.4610161246283,0.1842486245386,-0.5659964293718,0.3395684758003,-0.4410217759721,0.1524974443165,-0.1378687285732,0.1278105344370,-0.4361702712379,-0.1327280109036,0.4966657608776,0.4831879746801,-0.2886387374961,0.0742815391664,0.0284141182882,0.1359674323100,0.8224899265777,0.2558240882609,0.3873709674616,0.5152071674504,-0.0378378645706,0.0345154560435,-0.2201903731046,-0.0494677559172,0.4493001244799,0.0268922795863,-0.0314147917846,0.2879656273679,0.5748884769467
0.3465980994474,0.4153050420378,0.2488917436811,0.2171569504379,0.0700262087580,-0.0469932678781,-0.4317595363889,0.0858763759780,-0.1375065646725,-0.0869100591646,-0.4316409042336,0.1337506372383,-0.2442699894989,0.0673839035513,-0.0873862345895,-0.1750779992719,0.7595285871627,0.3771897636436,-0.0267560930921,0.1964302728785,-0.0716096073524,0.6641665949633,0.3767748758216,1.0000000000000,0.1259016925041,0.2358424643824,0.1007738909850,0.3571673420500,0.2775340099524,0.4722724522761,0.5345761363766,-0.1161115525012,-0.1213725865136,0.6549869665599,0.4674710519195,0.2039326879268,0.1815995043548,0.1563902326612,0.1841550520256,-0.1772399906430,-0.1077319214165,-0.3284381722820,-0.0613728813093,-0.1345199321686,-0.1604855482280,-0.4250530713745,0.1023828649048,-0.2344364396830,-0.0644314821974,-0.2494684534606,-0.1464158406894,0.7362008998882,0.2891333425412,-0.1469304770321,-0.0329610676590,-0.0795824664346,0.6553831510386,0.3234548397894,0.8027179321997,0.0154183281902,0.1359084962599,-0.0550908789844,0.3639864902091,0.0010292174629,0.2090337494221,0.3775695998899,-0.2354212289142,-0.1365345244903,0.4907605141945,0.3756922943643
0.1362348548917,0.1412785237540,-0.1788590311369,0.2233479572128,0.5064324562960,-0.2169174502000,-0.0484794856532,0.4761781934531,-0.3703170347154,0.6166635246095,0.1294153704447,-0.3177529412283,0.4182765222119,0.0547396102910,0.0293051235957,0.0811053010503,0.3289243594250,-0.0023061090813,-0.3268899349838,-0.1751870785060,0.4882106718420,0.2858454778284,0.3444199093780,0.1259016925041,1.0000000000000,0.1297782482103,0.0133670002461,-0.0739704422954,0.5588605904159,0.2592210983849,0.1544696994187,-0.1286388862146,-0.2760287383600,0.2045718977039,-0.0758504192430,0.2243364947948,0.0816837378920,-0.2380417811272,0.0319337032780,0.4403451815717,-0.2429024703450,-0.1206668776145,0.4188301664170,-0.3625478973476,0.6262143077892,0.0795783867137,-0.2011519325669,0.3865382521203,0.0550511332667,-0.1344872201198,-0.0945661216880,0.3203422639446,0.0075697833187,-0.4663152926465,-0.1362455692890,0.4794834430976,0.2151453735153,0.4352894676062,0.1162912271561,0.8651245280504,-0.0353096703478,0.0908543655183,-0.1473508309770,0.4820047827214,0.1614526231790,0.1442190948527,-0.1422597039755,-0.0033452568601,0.1175852684605,-0.1147600979641
0.2479564395754,0.6845101409587,0.3629346249302,0.6661969687746,-0.1622328191202,0.1277681262182,-0.4201803158588,0.2496140620453,-0.1876835626213,0.4536511151919,-0.3910611982828,0.4108542226731,-0.2799656862890,0.6914337790796,-0.0396007613705,0.1496564837621,0.1306995990829,0.4834542022093,0.1733783552477,0.4276892737001,-0.2093120968934,-0.1986379328694,0.5811117902015,0.2358424643824,0.1297782482103,1.0000000000000,0.5210974843077,0.4583185470261,-0.3085659479825,-0.0504901956797,0.2091857676113,0.1557358994370,0.1059168034590,0.1162363427280,0.6280043231353,0.0387538136605,0.5537228986399,0.0661752458546,0.6090917960285,-0.3866562528652,0.1546280228818,-0.3774654621735,0.2080653020920,-0.2028339180582,0.3627962792387,-0.5048619561153,0.5081051120439,-0.3404622309879,0.5918795351375,-0.2526918265452,0.0986327435253,0.1979621748519,0.2870749529231,-0.0881961700080,-0.2624006766505,-0.1584732974866,-0.1906389090731,0.3867940894814,-0.0455865361305,0.1744374033478,0.8217045491786,0.1035881495859,0.3925039009038,-0.5291479543654,-0.3416695396261,0.0561083085260,0.0534722586847,-0.0422340990775,0.0117077259834,0.5054605569414
-0.0020667052547,0.2336131399068,0.6013166514755,0.3631341960352,-0.3609789838488,0.1871711004921,-0.0270961325002,0.3973241118219,0.2614056160067,-0.0266132553903,-0.1097895284114,0.5077517940461,-0.2936562149155,0.3848117479545,0.1548593776200,-0.0325154151088,0.0296838688698,0.4730506856110,0.4838572869822,0.5997356076413,-0.3184524195335,-0.2171570200648,0.1788212062990,0.1007738909850,0.0133670002461,0.5210974843077,1.0000000000000,0.4099260867117,-0.1002971524097,-0.1676149979929,0.3565143979813,0.1554031374675,0.2213351376108,-0.1616004736877,0.3345471536633,-0.1298030614333,0.3071920971861,0.2989221720175,0.2828221627880,-0.3640652213146,0.1904612417041,-0.0131161148188,0.2221047664046,0.2180671201094,-0.0811179419700,-0.2146071668293,0.5509941869505,-0.3380883433522,0.2078927899446,0.0329931745809,0.0007221079189,0.0598599934595,0.1450645943921,0.3227731754013,-0.1416725213632,-0.2809179502641,-0.3045724079380,0.0598400464825,-0.1864595544207,0.0012830763232,0.3923153240868,0.4262661260989,0.3242300892142,-0.2844761020442,-0.3606322538804,0.0912259085875,0.0939581494719,-0.1700454120219,-0.2186875162898,0.2772014039920
0.2855433538177,0.1633196182224,0.7458933919880,0.1379233330784,-0.3340128078903,0.2166286475937,-0.1779464860328,0.4606932036973,0.1953529915664,0.1180092086339,-0.2583199209748,0.4864694841684,-0.4200500335290,0.5776625589827,0.3681544337919,0.1664369463789,0.0920827063725,0.3829924874509,0.5154221997493,0.2321355054076,-0.3406160449300,0.0463078612237,0.0099572450367,0.3571673420500,-0.0739704422954,0.4583185470261,0.4099260867117,1.0000000000000,-0.1973817516200,0.1334765294811,0.1019266282649,0.0612015662011,0.2054610436628,0.0913327858218,0.2502570434403,-0.0930713624101,-0.0862390624009,0.4352276479695,0.1043569659688,-0.3978757982583,0.1634681743149,-0.1539009163440,-0.0060525072871,0.1845823712885,-0.0487097181685,-0.2639667065758,0.4423505311844,-0.4276468814180,0.4278277645584,0.0487019726704,0.1312713278925,0.0819292403582,-0.1027418335008,0.2041847392312,-0.3320736400916,-0.3400987901412,-0.0455301131643,-0.1481954108752,0.0829703697304,-0.2433213061421,0.2675007970817,-0.0682368625604,0.7701340578631,-0.3380251846488,-0.1286428779712,-0.2439954240012,0.0429973935427,-0.0201061375810,-0.0255859962940,0.0508691767194
0.0077466186436,-0.0804994597052,-0.2908820217312,-0.1485855136446,0.5004187953733,-0.3229761862495,0.1717306547548,0.1850599401533,-0.1283926685079,-0.0249027432317,0.3820169161695,-0.3573578827433,0.4491687324171,-0.3673307538454,0.0460570956360,-0.1881701479566,0.3614709775906,-0.1079290945736,-0.2899642636436,-0.1852353609635,0.4525199421233,0.5447131069888,0.0524852562309,0.2775340099524,0.5588605904159,-0.3085659479825,-0.1002971524097,-0.1973817516200,1.0000000000000,0.2572927029746,0.3143518504852,-0.2197008484925,-0.2754086480258,0.1623135552269,-0.2496821746526,0.1885023382584,-0.1181297532311,-0.3194952222995,-0.3256999219338,0.5654791116101,-0.4054400539921,0.1035547500727,0.0101298254818,-0.1855446237668,-0.0381736519307,0.3891454165821,-0.3830635240545,0.4447407523190,-0.4110298532300,-0.1187829106154,-0.3068860479376,0.2942190928913,-0.1479023627324,-0.3959958854400,0.0300909859413,0.4540271496365,0.4179701841239,0.0878474927257,0.2655051802433,0.3731971540941,-0.3749641568704,-0.0358477725946,-0.2679101936944,0.8674706564156,0.2717966647679,0.1899136430803,-0.2420629628282,-0.0079281628853,0.0712667294944,-0.2621528344287
0.6029316421185,0.0820118309539,0.0139360412211,0.0653218175753,0.2973899667800,-0.0521411003516,-0.1353281655658,0.0723451807020,-0.0341869923596,0.0919591055852,-0.1349016918701,-0.0024817465913,0.0942551194775,0.0453137925111,0.3998072971002,-0.0559659439105,0.3765423149058,0.0696590553029,0.0312715723869,-0.0634176106716,0.2244933757650,0.5468397533414,0.1334767343905,0.4722724522761,0.2592210983849,-0.0504901956797,-0.1676149979929,0.1334765294811,0.2572927029746,1.0000000000000,0.1913079826692,-0.1095488474570,-0.1895760650855,0.6322917836396,0.1943225374508,0.4110770278105,-0.0918027133121,-0.0493187738225,-0.0934952820091,0.1388431981102,-0.1362437150230,-0.0872781573052,-0.1331276028686,-0.0493530972794,0.0082682585443,-0.0984959706951,-0.0164132231659,0.0881896015056,-0.0781866175056,0.1598447742933,-0.1183438217152,0.3723105496841,0.0631404447434,-0.0598315137547,0.0325872481732,0.1713374901743,0.5093862428372,0.2017023997543,0.4912742500151,0.1594676115827,-0.2070491020836,-0.2602380077655,0.0660408394418,0.1964597999246,0.7759518436628,0.1961568767717,-0.1494279065112,0.0357566697664,0.6270769248329,0.0916625084677
0.1223738356957,0.4256799518018,0.2561492928641,0.4298401827324,-0.0945516383692,-0.0534339271889,-0.2382100129913,0.2626844175782,-0.0303984581367,-0.0834737184385,-0.2131000428423,0.1693708346526,-0.2071908081003,-0.0513693780536,-0.1403377454012,-0.2581405446166,0.3371510254213,0.4358549616346,-0.0395738480442,0.4544198429923,-0.1960577653748,0.3035538890411,0.4751244249969,0.5345761363766,0.1544696994187,0.2091857676113,0.3565143979813,0.1019266282649,0.3143518504852,0.1913079826692,1.0000000000000,-0.0147075942789,-0.0406206787844,0.2805296287358,0.4203100720849,0.0750385468379,0.3763152764308,0.0992319437748,0.2559309915000,-0.2242830765603,0.0074570965956,-0.1471412898386,0.2156599299059,-0.0930874394654,-0.1670227555798,-0.2704855845212,0.1370064602536,-0.2224518014220,-0.2550640094934,-0.1808569495449,-0.1188487103700,0.3527005405602,0.4550071634864,-0.0517788500328,0.2160480252892,-0.1878133882141,0.2915318274739,0.3196456293331,0.3430022020016,0.0877320978134,0.1416274037369,0.1298358552119,0.1086954793614,0.0215038689155,0.0165067920003,0.6990129668378,0.0003680112888,-0.1212217959902,0.1916228417225,0.4250127934773
-0.1751848862862,0.1569594883317,0.1874189559080,0.3021338314989,-0.0400753752668,0.3704895744197,0.2213770963119,0.0274692025394,0.1835853558826,0.1238591628119,0.1707894862511,0.3249556523261,0.1035000971779,0.4250964261629,0.1040595428438,0.2605669799208,-0.2518047923326,-0.0371153099376,0.1709540101750,0.1985972484832,-0.0171502349811,-0.0414437773533,0.0625355620865,-0.1161115525012,-0.1286388862146,0.1557358994370,0.1554031374675,0.0612015662011,-0.2197008484925,-0.1095488474570,-0.0147075942789,1.0000000000000,0.1419298376090,-0.0348622396075,0.1362958558850,-0.2478324198041,0.2269960660037,0.1038473084321,0.2604641630526,-0.0231094644983,0.3235453054868,0.1513586422207,-0.0826292078429,0.1065827697799,0.1168129376934,0.1324170088928,0.2034319180129,0.0739812860066,0.3382269567428,0.0835008366605,0.2752644896717,-0.2414276493492,-0.0888654530766,0.2429239339131,-0.2891138465730,-0.0639765458373,-0.2208202985846,0.0306282605289,-0.2076443231611,-0.0505780460189,0.2591763446828,-0.2525025308188,0.1286637362115,-0.1947416238187,-0.1341009164495,-0.1604255604171,0.5964385139455,0.0996919195862,0.0220706500039,0.1710832525407
-0.0805081698856,-0.0691435399600,0.3161312606372,0.0476780659751,-0.4544366887403,0.6336030610147,0.3150470249786,0.0884537332306,0.6003848358645,-0.1986253636338,0.0341892925631,0.5396815243455,-0.2890777078960,0.2908119029098,0.2886110833589,0.2983319049939,-0.2251592887593,0.0525881315461,0.3057768610902,0.0868885013444,-0.3688358376099,-0.2777730197996,-0.2326746952278,-0.1213725865136,-0.2760287383600,0.1059168034590,0.2213351376108,0.2054610436628,-0.2754086480258,-0.1895760650855,-0.0406206787844,0.1419298376090,1.0000000000000,-0.3593349348399,0.0929778308305,-0.1657424131333,0.0232077625476,0.2730753555684,-0.0457071938453,-0.3097786282396,0.6159174482932,0.3871432757581,-0.0549417160264,0.5840898362828,-0.1999736531187,0.0168567442333,0.3716082060124,-0.2765939020932,0.2877242701503,0.3020355128162,0.4232154043175,-0.2313313565181,-0.1407596408749,0.3551144802088,-0.1527132797272,-0.3553698096140,-0.3072709199440,-0.3263802490045,-0.2487402077820,-0.2657976050701,0.0932943588051,-0.0504839730579,0.1862949113137,-0.2830458575981,-0.2171210078147,-0.1956691351998,0.2006435627988,0.2509286127494,-0.3085893738236,0.0484072313129
0.3524291445167,0.3623075000876,-0.0410084999830,0.1921332431995,0.3725725019414,-0.1973789742194,-0.4276125641035,-0.0842237083850,-0.3393681230567,0.1082016956681,-0.3492525753892,-0.0930528690366,-0.0039020387949,0.0278536579812,-0.0928390941072,-0.1806146425053,0.5994629804360,0.1807217215459,-0.1608155255518,0.0922788388365,0.2533971221467,0.6536764248921,0.3991832332595,0.6549869665599,0.2045718977039,0.1162363427280,-0.1616004736877,0.0913327858218,0.1623135552269,0.6322917836396,0.2805296287358,-0.0348622396075,-0.3593349348399,1.0000000000000,0.4735717855966,0.2785921326276,0.2465836504804,-0.0461163936627,0.2663991820473,0.0759656286489,-0.2551636668788,-0.3406088162775,-0.1061830016765,-0.3193212782967,0.0612897204052,-0.3069699081607,-0.1154627173943,0.0229610810253,-0.1080291237831,-0.1784873092531,-0.2203020705927,0.6024320829358,0.2634124421975,-0.1865581867387,0.0654374300572,0.2020602276266,0.6707380601237,0.5061014369404,0.6957571352160,0.1697826807308,0.1472740116907,-0.1768303309479,0.1046779137559,0.0478678106111,0.4547893755849,0.3392125559047,-0.1497747335063,-0.1298529860440,0.8133862342805,0.4189209952867
