1.0000000000000,0.3220610094457,0.1179835235485,0.3011920913408,0.3033191050564,-0.0504606648507,0.0008571337772,0.1079517985481,0.0439753975542,-0.1041860458257,0.0554624276736,0.0794692728375,0.0681149161486,0.0427994114266,0.5625579138271,0.1156753973120,0.4345444724789,0.3977594206191,0.1973297770285,0.3757739355356,0.0641829223880,0.1858124412899,0.3080055652732,0.3651027837602,0.1203106722976,0.2471059541784,0.2134225464288,0.2103906890210,0.3209296344427,0.4415963547426,0.3782126817572,-0.3457225137932,-0.0960433638031,0.2203979725872,0.3980770220239,0.6152591890967,0.0251105810597,0.0079645161613,0.1723138401637,0.1093028675485,-0.1068342487483,-0.0357107895682,0.1032929666544,0.0164287236449,-0.0826973890720,-0.0154972548838,0.1555758846004,0.0817369444568,-0.0454292248313,0.1634020345196,-0.0122752741525,0.4155043119647,0.1658325620148,-0.0811821620284,0.0130694644488,0.0925944203085,0.3683836149454,0.1989847823304,0.3466254030436,0.1541005414952,0.1531708588195,0.0504345182261,0.1906243183119,0.2426982861597,0.2839359530000,0.3649992310149,-0.0187864323468,0.0219973630382,0.2049653182449,0.2265855345795
0.3220610094457,1.0000000000000,-0.0386043887345,0.6638505500673,0.2692279234669,0.1064363284719,-0.1048811195626,0.1087222043177,-0.2115688698310,0.0997240818263,-0.0717377716705,-0.0005314048092,0.1603788815117,0.2087635290506,0.1642481471394,0.0778638450473,0.3218786541699,0.4459336586172,0.0562016985036,0.4180806045246,0.1997384262662,0.0128304080677,0.6014727412388,0.1693863548212,0.2165530541958,0.5378268396264,0.1408471231526,0.1667756936053,0.3416862315317,0.2505578355091,0.3689011789170,-0.2573445248618,0.1706728712526,0.1554701810151,0.6226318704539,0.2565963857989,0.6091763674500,-0.2414471593815,0.5233354496508,0.0437288572595,0.1343160243835,-0.1538586983391,0.1669340780313,-0.3015402406354,0.0771225081133,-0.2583466758550,0.0835175593862,0.0293055306722,0.0015058756201,-0.1839266809741,0.0217119825611,0.3332038906288,0.2464772627188,-0.1798643415981,-0.0853814955334,0.1130381402555,0.1796242949533,0.4387320092908,0.1569116274323,0.2578839172952,0.4636505090130,-0.1386417370532,0.0843333174393,0.1919350565162,0.0128402765899,0.3477548548458,0.0920793471195,0.0315710075343,0.2137479951270,0.4591883367057
0.1179835235485,-0.0386043887345,1.0000000000000,0.1473105830109,-0.3296764192734,0.3130581910262,0.0201968285454,0.4363495199939,0.3729029759952,0.0425131785216,-0.0475027572878,0.2167566617258,-0.3537244643090,0.2458392576343,0.2631074884624,0.3213062811998,-0.0370436934355,0.3523709862598,0.4873596510727,0.1700373963877,-0.2357164036879,0.0998787526316,-0.1063034637048,0.2956282889113,-0.0876893530331,0.3119724323347,0.5411575572726,0.7464678625407,-0.1958931691381,-0.1489630660175,0.1919624134525,-0.1033898093112,0.1282594838240,-0.0082810864179,0.1487552719986,-0.2542242005007,-0.2272776629539,0.5391404513965,0.0058196903847,-0.4373488980048,0.2590808115229,-0.0785867660272,-0.0004067792830,0.3051542635942,-0.0219069239601,-0.1252595281467,0.3702384742902,-0.3597411378628,0.2395616251855,0.1935028339251,0.1798844631737,-0.1158468626109,-0.0969026394014,0.2452018004388,-0.2019403382028,-0.2810254702532,-0.0956436674630,-0.2136168945918,-0.0231759516080,-0.2668217993230,0.1191823843608,0.1281073188611,0.6060448605874,-0.3455067845181,-0.2574712517580,-0.1070769292820,0.0573419527396,-0.1373645243435,0.1210067652983,0.0298899606120
0.3011920913408,0.6638505500673,0.1473105830109,1.0000000000000,0.1739642453378,0.2460950903830,-0.0362489997496,0.3484259700714,-0.0665044522963,0.3690060572923,-0.0143682841381,-0.0261978255720,0.0316235911858,0.2722634216902,0.2681752715813,0.3129365077558,0.1616159180003,0.3355939722992,0.0798491548989,0.3844858182820,0.0437347907951,-0.2322684313118,0.6091057366873,-0.0903057961042,0.5067073042255,0.6866237411974,0.3208391879176,0.2175430365465,0.2087496826288,0.1506045353458,0.1917814471490,-0.2963576511493,0.2068232515766,0.1159474861792,0.5435223210083,0.1737594597769,0.5298927220189,-0.0314970743694,0.7972516649703,-0.1391579556132,0.3163873205811,-0.1805830472006,0.4279902745154,-0.1855182047771,0.4277096699783,-0.3089115422780,0.2909065650861,-0.0839310349988,0.2005913773558,0.0940706703266,0.2202191243568,0.1357688435562,0.2541283759964,-0.0588202822393,-0.1889890656416,-0.0202885273582,-0.0970291773085,0.5417970388214,-0.1003053445393,0.4764371604948,0.6127891660800,0.0283205574049,0.3134306280620,0.0280275890591,-0.1965292641152,0.2616701651420,0.2254153200996,0.0752176346407,0.1455400154144,0.4277284267198
0.3033191050564,0.2692279234669,-0.3296764192734,0.1739642453378,1.0000000000000,-0.2950651648860,0.0093933566384,-0.0689532289638,-0.2253979027349,0.1055745585322,0.3054850677479,-0.1381842318328,0.6706258190147,-0.1103917856667,0.2676529228766,-0.1177085874536,0.3103270921056,-0.0442894116199,-0.1492672692559,-0.0181953093413,0.6416198596732,0.4824644914511,0.2685993661682,0.2524272270911,0.3415248580898,-0.0401448715682,-0.2035039860582,-0.2023144535501,0.5960296476724,0.4912560532339,0.2401058381261,-0.0545090709167,-0.2031410788907,0.4110120192102,0.0256815431401,0.2555120218387,0.0905404089577,-0.3744147146013,0.1255579529460,0.8576458404056,-0.2405618693044,0.0021370077639,0.0843491590981,-0.2186702643681,0.0795251147369,0.2992496731907,-0.2997097929662,0.7618517781908,-0.1999058259065,-0.0760259279294,-0.1203632385160,0.3246189085184,-0.0076980408421,-0.2844827924009,-0.0898729882448,0.6883723908510,0.5402472104770,0.2639549576936,0.3002115591682,0.3455606300729,-0.0722401330011,-0.2430117555221,-0.2328599875816,0.6538552432465,0.4411794072817,0.3087191607783,0.0185641120782,0.0934526121067,0.2107269838263,0.0188159528734
-0.0504606648507,0.1064363284719,0.3130581910262,0.2460950903830,-0.2950651648860,1.0000000000000,0.3197211901475,0.0009112239447,0.4818076867189,0.1155470945126,0.1102957227853,0.2407485444947,-0.2406412247105,0.3464333174064,0.1451783806684,0.5532447880998,-0.2570187921802,0.0856905851253,0.1705515239923,0.1236158056445,-0.2035869335711,-0.1860452222166,-0.1332309083693,-0.0998228631659,-0.0274011390686,0.3278970536167,0.3594346358007,0.3906040392109,-0.2751052089258,-0.0529274166648,-0.1603195638277,-0.0819543122835,0.6570546968765,-0.1119515575350,0.3198960532001,-0.1485954757376,0.2330342321919,0.2317140287603,0.2242334950662,-0.3886265485888,0.7908857828338,0.2042543048311,-0.0750231544268,0.4511953484428,0.1263964122394,-0.0620313019346,0.2845411128871,-0.2112384050964,0.2781426634905,0.2055330817565,0.5174060113468,-0.3156290844772,-0.1187773628655,0.1759629921928,-0.1946493647624,-0.2045011850980,-0.3049350154278,-0.0901721060978,-0.2268332071073,-0.0943739667397,0.2061951207971,-0.0152207375990,0.3165163601701,-0.4181386705062,-0.2542171758996,-0.2583914305870,0.1042899371345,0.2160878741115,0.0919872013722,0.3202484299818
0.0008571337772,-0.1048811195626,0.0201968285454,-0.0362489997496,0.0093933566384,0.3197211901475,1.0000000000000,-0.2903241402399,0.6920264178227,-0.1864837129820,0.6949761161156,0.3463994099610,0.1331369442541,-0.0192597639784,0.2490774316626,0.3759556879033,-0.2124595827696,-0.1537496158040,0.1767746630282,0.0251085097115,-0.1412406140047,-0.0432373129027,-0.2917956063310,-0.1679734154312,-0.1026900369126,-0.1330899840596,0.1926346956070,-0.0627612200962,-0.0584351488442,0.1536324891926,-0.1133286930341,0.0329153077167,0.1243577903655,-0.0685956458661,0.0304829297031,0.1157699554644,0.0797987859289,0.1260440667825,-0.0754097210182,0.0855466635355,0.1756476309571,0.7919627433703,-0.1931108734014,0.6218574735667,-0.0945519735005,0.5605634433385,0.1619076792784,0.1987214641699,-0.0497728943131,0.2809795593858,0.4073734238914,-0.2038807103002,-0.2082934660222,0.2505781306107,0.0356971032039,-0.1120495305259,-0.2105501103468,-0.2272441693274,-0.3024820524122,-0.0249781380368,-0.0894639475366,0.0252793196425,-0.0809321848876,0.0075702645099,0.1502401438453,-0.1149543064549,-0.1278808204954,-0.1100166440235,-0.0595559360382,0.0747611433249
0.1079517985481,0.1087222043177,0.4363495199939,0.3484259700714,-0.0689532289638,0.0009112239447,-0.2903241402399,1.0000000000000,-0.2818963970076,0.5887730926019,-0.2746567622417,-0.2653285121186,0.0091666915912,0.3758163926260,0.2676035593803,0.1835488229155,0.1680513034008,0.3972590351864,0.0525898557028,0.1847556633273,0.1860133760141,-0.0929851463119,0.1906127652648,0.0316558310129,0.5880082087808,0.4315196611203,0.3487042909581,0.3996231129186,0.1996801357513,-0.0854105545148,0.2027280692459,-0.0997558233139,0.2160870832504,0.0394415040353,0.0468858758326,-0.0810855662633,-0.0291682998193,0.1188157920717,0.3007719541554,-0.1852632164196,0.0686772865429,-0.3646334525904,0.6380432998060,-0.3609607620316,0.5323594063817,-0.3978670500405,0.0744070519851,-0.1265425988849,0.2296326234977,0.0502135603808,0.0939187942920,0.1458380750714,0.1261123731217,-0.3402040984695,-0.2434770067791,0.0775582121452,-0.0180214718279,0.0818966761450,-0.0380090528146,0.3614564561263,0.2080694397991,0.1921894388780,0.3520493553196,0.1543544079749,-0.2569169127341,0.1204857391731,0.4535255459689,0.1932083062623,-0.0766127268447,-0.1159837544686
0.0439753975542,-0.2115688698310,0.3729029759952,-0.0665044522963,-0.2253979027349,0.4818076867189,0.6920264178227,-0.2818963970076,1.0000000000000,-0.3114493397080,0.3870754472920,0.4460505266111,-0.3426566013942,0.0539356168923,0.2668794013586,0.4302035155183,-0.1859837071857,-0.0577957169788,0.3387643440400,0.0440723629415,-0.3857015977488,0.0193952520104,-0.4396134704716,0.0227224251741,-0.3091225079517,0.0179713822247,0.3792083867242,0.2900930857330,-0.2426578835623,0.0077974368480,-0.0807723135482,-0.1360922755874,0.1828658815130,-0.1722257414578,0.0507483652557,-0.0639512108485,-0.0774265625237,0.4156812464263,-0.1489414010367,-0.2420959885193,0.3406913971774,0.6243500999240,-0.3335188237659,0.9087418799792,-0.2148321992903,0.3185775256006,0.3122831104935,-0.1824551392760,0.0438500307486,0.3278597180180,0.4031645142246,-0.2560848724471,-0.2741866912469,0.3720509063913,-0.1282813796068,-0.3416647260361,-0.1740097951184,-0.3986364746880,-0.1880787910535,-0.3054587772126,-0.0448243527237,0.0365489581652,0.2374320434818,-0.3025592931988,-0.0576818583533,-0.1884066307204,-0.2107484531314,-0.1893749828527,-0.0154043213457,0.0927326478961
-0.1041860458257,0.0997240818263,0.0425131785216,0.3690060572923,0.1055745585322,0.1155470945126,-0.1864837129820,0.5887730926019,-0.3114493397080,1.0000000000000,-0.1140656054658,-0.2637060986951,0.1476608522915,0.5094455912721,0.1361791667301,0.2946431649327,-0.1261225188218,-0.0318418775460,-0.1540826264583,-0.2171166879660,0.2559527862875,-0.2418095309635,0.1943648491307,-0.2509645711609,0.6052197996911,0.3655626658165,-0.1224616009046,0.1920200138767,-0.0402280505022,-0.1247994387705,-0.2939180283889,0.0524579899098,0.2466157974256,0.0537791809315,-0.0535856675497,-0.2527320308125,0.0734237007954,-0.1281738691239,0.4433689899161,-0.0404100585035,0.2323900724206,-0.2468808062475,0.4887846337959,-0.3162267910552,0.8504681812631,-0.2041893016576,0.0159042575280,0.0883419726046,0.5423701132539,0.0934431560831,0.3281847382064,-0.1378973454549,-0.0432285809156,-0.3360802700647,-0.3123523173292,0.2114582996626,-0.1932996761192,0.2138490096865,-0.2092999007638,0.4376248421245,0.3038698157407,-0.0988856870178,0.2037415133156,-0.0207350463905,-0.2941304939399,-0.2201024170152,0.4158587854256,0.3696150327822,-0.0401489440744,-0.0961371519527
0.0554624276736,-0.0717377716705,-0.0475027572878,-0.0143682841381,0.3054850677479,0.1102957227853,0.6949761161156,-0.2746567622417,0.3870754472920,-0.1140656054658,1.0000000000000,0.1880101539058,0.4086927171394,-0.0482288662520,0.3523022818478,0.1976259721134,-0.2521531625520,-0.2287822600068,0.1748917593237,-0.0600050542427,0.0068162334345,0.0611847606369,-0.1629322731644,-0.1576399977177,-0.0454721519337,-0.1431659385639,0.0010212621604,-0.0777372838510,0.0576430445348,0.2829232134589,-0.1124167562959,0.0557624182907,-0.0828388134496,0.1758983492174,-0.0151489494351,0.0611466611346,0.0394364263667,-0.0500142309375,-0.0537555407978,0.3031872445349,0.1042796483018,0.4854426619476,-0.1429876640419,0.4003163203902,-0.0580269164796,0.8470960038166,-0.0117113402470,0.4653430968650,-0.0785050490339,0.2936426797959,0.2348844961815,-0.2331262867744,-0.2306947263601,0.2093390438885,-0.0489396736445,0.0864753125439,-0.1168578905293,-0.0871018711157,-0.2648891004258,-0.0173742239526,-0.1092050243212,-0.1694391739450,-0.1264834119184,0.1424506127521,0.2445726526974,-0.0792192096967,0.0395482538094,0.0426980879981,0.1282384163763,0.0298517235197
0.0794692728375,-0.0005314048092,0.2167566617258,-0.0261978255720,-0.1381842318328,0.2407485444947,0.3463994099610,-0.2653285121186,0.4460505266111,-0.2637060986951,0.1880101539058,1.0000000000000,-0.2066752952921,0.3434126469920,0.1659438825706,0.2076367571553,-0.0988466882404,0.1148439439998,0.5349756475093,0.2136430381999,-0.2963763292865,0.0485869117533,-0.0631051670451,0.1215968336179,-0.3959482198333,0.0616368482621,0.2432022311505,0.2352788524040,-0.1524986258965,0.1581750034602,0.1196049801536,0.2825144505086,0.1536436912553,0.0514766142696,0.2796749436430,0.0093999789972,-0.0163670169131,0.1956311432509,-0.1144843343626,-0.1524303003944,0.0986134945712,0.2943625376083,-0.3029144262543,0.4308590772271,-0.3045211658786,0.2315359310097,0.6023958071378,-0.1383694702201,0.2032497713469,0.2030764314004,0.1318922162399,-0.1720156214449,0.0059329468759,0.6051597650803,0.2435438976428,-0.2504468923603,-0.0770151602482,-0.1669327079557,-0.0111341545043,-0.3296963737551,0.0525472680773,0.0301934927376,0.1577219584983,-0.2273766261349,0.1674297896105,-0.0297454793747,-0.1247615246499,-0.0388958090894,0.1190431178325,0.2709440006524
0.0681149161486,0.1603788815117,-0.3537244643090,0.0316235911858,0.6706258190147,-0.2406412247105,0.1331369442541,0.0091666915912,-0.3426566013942,0.1476608522915,0.4086927171394,-0.2066752952921,1.0000000000000,-0.0655773961706,0.2075886365566,-0.1238476808608,0.1185322303493,-0.1643130201471,-0.0967879711560,-0.1212094913575,0.7533929522958,0.3716626816531,0.1292136238275,0.0583462631240,0.3003962040176,-0.1127117634314,-0.2211996838195,-0.2346879419309,0.4608441912862,0.3623029195786,0.0764605035129,0.1365802733994,-0.1566362538727,0.3174329744006,-0.0602039280180,0.1584741379928,0.1444874168739,-0.4162324440590,0.0209871637857,0.7468355593615,-0.2128072417938,0.1366465287523,0.0384839327987,-0.3191121448556,0.0963664601210,0.3704003133870,-0.3377518864318,0.8693537216990,-0.1412919066230,-0.1277192389702,-0.1196986239839,0.1838222486228,-0.1225994793710,-0.2574627598619,-0.0637060422041,0.7301082624901,0.2336452437730,0.1634381081557,0.0495577574885,0.2997420241568,-0.1244068101259,-0.2083098434497,-0.3280589661911,0.6037638892896,0.3653939576766,0.1028252004426,0.0605992043750,0.1830949473553,0.1168912413192,-0.0620466253385
0.0427994114266,0.2087635290506,0.2458392576343,0.2722634216902,-0.1103917856667,0.3464333174064,-0.0192597639784,0.3758163926260,0.0539356168923,0.5094455912721,-0.0482288662520,0.3434126469920,-0.0655773961706,1.0000000000000,0.3290333067607,0.3299241270210,-0.0529459139688,0.1414079263189,0.2870132264613,0.1044133538528,0.0622049633418,-0.1268366825799,0.0594823446911,-0.0371598762063,0.1197258901873,0.6177071818609,0.2585183130570,0.5794451474839,-0.1345718113467,-0.0244647565742,-0.0830328050237,0.1044104259470,0.4580631326654,0.0022589295034,0.2157792187442,-0.1799494084272,0.1089256406131,0.0055531911060,0.2599341436789,-0.2728697279182,0.3183470879639,-0.1239114856533,0.0882642327600,-0.0334581585240,0.3082137226337,-0.1200691698539,0.3557891281897,-0.1117626233861,0.5459256510417,0.0023730274330,0.2216748809850,-0.1364689492817,-0.1265029274617,-0.0379228106725,-0.2992492575019,0.0117114712744,-0.1313867936193,-0.0929212352662,-0.1063652591273,-0.0603333571834,0.3796962303851,-0.1155377025129,0.3326101937158,-0.1839410148891,-0.2730018658472,-0.1805984588080,0.4103338202383,0.3119484641119,-0.0064812076356,0.1017362121917
0.5625579138271,0.1642481471394,0.2631074884624,0.2681752715813,0.2676529228766,0.1451783806684,0.2490774316626,0.2676035593803,0.2668794013586,0.1361791667301,0.3523022818478,0.1659438825706,0.2075886365566,0.3290333067607,1.0000000000000,0.2688941664934,0.0502679808225,0.2223060481170,0.5245368429106,0.2036754536876,0.1632047159992,0.0960157689704,0.0451677570368,0.0646298103921,0.1262660223327,0.3172730199008,0.2747918944913,0.4329171725533,0.1888010542180,0.3862426028601,0.1127622881693,-0.3780633789534,0.0866817432393,0.0796807439193,0.1808760074607,0.1897561304858,-0.0861103916448,-0.0949732302814,0.1059839376955,0.0594814689096,0.0945656034184,0.0841601992603,0.0584467358642,0.1784154154454,0.0865912244746,0.2231867726775,0.1539587009548,0.2484263566004,0.0369702417536,0.2854437622962,0.1255622532847,0.0029166837946,-0.2328806856025,-0.0702486803490,-0.3560639774132,0.1854985320829,0.0880956452022,-0.1073950096146,-0.0757696786414,-0.0096905822819,0.0240967376310,-0.2177988131703,0.1585747260145,0.1587967425627,0.1032024309618,0.0369307628268,0.1145637282792,0.1277836023048,0.1094705656884,-0.0340701079697
0.1156753973120,0.0778638450473,0.3213062811998,0.3129365077558,-0.1177085874536,0.5532447880998,0.3759556879033,0.1835488229155,0.4302035155183,0.2946431649327,0.1976259721134,0.2076367571553,-0.1238476808608,0.3299241270210,0.2688941664934,1.0000000000000,-0.0932162256129,0.1157818205678,0.2336385669697,0.1425424368946,-0.1350642531539,-0.1583893210801,-0.0735688270289,-0.0301984772435,0.1342422382312,0.3388411761489,0.2953416875915,0.3745554734702,-0.1970563938178,0.0613187912518,-0.1254206481547,-0.0797318715041,0.4755620324286,0.0362424636432,0.3521910641970,-0.0099714663052,0.0933871369025,0.2762136171925,0.3069386633807,-0.2735691559904,0.4994589626947,0.2066185026903,0.1498384175797,0.3457588548248,0.3302990976594,0.0097801709982,0.2911611849593,-0.0668516500209,0.4317389731003,0.3296222867750,0.7339268419789,-0.1440489797995,-0.1147138787472,0.0895369390625,-0.2276169271107,-0.0985293476305,-0.1624835664091,-0.0470238894698,-0.1394919011992,0.0862257616228,0.2519845465678,-0.0203708067939,0.3973617431283,-0.2911925495157,-0.1374935892453,-0.1578044272865,0.1626795048785,0.1691383407770,0.1398782287234,0.2303607070080
0.4345444724789,0.3218786541699,-0.0370436934355,0.1616159180003,0.3103270921056,-0.2570187921802,-0.2124595827696,0.1680513034008,-0.1859837071857,-0.1261225188218,-0.2521531625520,-0.0988466882404,0.1185322303493,-0.0529459139688,0.0502679808225,-0.0932162256129,1.0000000000000,0.4171790142776,-0.1137851469505,0.3482840599428,0.2918257476363,0.4041045499951,0.3963149423981,0.6850505680679,0.1847042999224,0.1215121064729,0.1869533700638,0.0900913730137,0.6301172022388,0.3355024776274,0.6189782298206,-0.2077828964866,-0.1131873944440,0.2194888025003,0.2595416683729,0.3868599505853,0.0905079335494,-0.0664520290117,0.0820556207054,0.2656440354795,-0.3018648470698,-0.1018616540287,0.0748784289528,-0.2058125243671,-0.1737176550367,-0.2321290475303,-0.1508693121359,0.0942526394317,-0.2551145570281,-0.3050338759964,-0.2512842021559,0.9219916239469,0.2988046977316,-0.3151971653354,0.1081496542663,0.2685666259431,0.6950310304826,0.2522738682159,0.7274752369219,0.2146816387790,-0.0194107693913,0.1434870864607,0.0093533218862,0.5155341621084,0.2572594694468,0.5277079978790,-0.0997787747485,-0.0916256430729,0.0786169115388,0.1728130317897
0.3977594206191,0.4459336586172,0.3523709862598,0.3355939722992,-0.0442894116199,0.0856905851253,-0.1537496158040,0.3972590351864,-0.0577957169788,-0.0318418775460,-0.2287822600068,0.1148439439998,-0.1643130201471,0.1414079263189,0.2223060481170,0.1157818205678,0.4171790142776,1.0000000000000,0.3064663972029,0.7230442978181,-0.0165261790050,0.0178860662872,0.3068977898313,0.4237484177295,0.0542475132904,0.3512778886805,0.3906579810631,0.3678015313306,0.2763749953422,0.1644946714206,0.5869660953491,-0.2238873796785,0.1768254323627,0.0973814221787,0.5527737232230,0.2955754880826,0.1325621721960,0.1264974145272,0.2065626241098,-0.1912149052630,0.0390835887957,-0.2054251769166,0.2244163113491,-0.1229295098563,-0.0682922336828,-0.3217889815423,0.2274447358794,-0.2208514195085,-0.0943591078045,-0.0611383973900,-0.0055077570990,0.3927717309235,0.5020168621715,-0.0596058797318,0.1729355178662,-0.0783159247099,0.2054891007879,0.0703981267274,0.2684993206683,0.0343475838248,0.1705769716855,0.1024617916408,0.2289194100626,0.0736498290862,0.0219182081495,0.3892175516985,0.0840933074196,-0.0063810591422,0.1109501079595,0.3304138810160
0.1973297770285,0.0562016985036,0.4873596510727,0.0798491548989,-0.1492672692559,0.1705515239923,0.1767746630282,0.0525898557028,0.3387643440400,-0.1540826264583,0.1748917593237,0.5349756475093,-0.0967879711560,0.2870132264613,0.5245368429106,0.2336385669697,-0.1137851469505,0.3064663972029,1.0000000000000,0.2781782347709,-0.2115595580249,0.0265833541507,-0.0222746097862,0.1106781759795,-0.3871605245730,0.1929821325290,0.2660191565735,0.5010178761187,-0.1671313335577,0.1500321073915,0.0858988290581,0.0021996159757,0.0690084107173,0.0620492006930,0.2780353762944,-0.1139175169405,-0.1642821273229,0.0800951231677,-0.0567195204626,-0.2517260866705,0.0694817291760,0.0297585766128,-0.2119283057468,0.2373148291187,-0.2280848468419,0.1202322309517,0.4747631149702,-0.1383440399209,0.1659410576919,0.1849840356199,0.0394917166634,-0.1443139935048,-0.0984904191403,0.4717971393583,-0.0332525689952,-0.1753394933545,-0.0762702321444,-0.2478230072310,-0.0687127487519,-0.4479066463677,0.0261298609735,-0.1608214883395,0.2397098583589,-0.2468021665181,0.0357589163721,-0.1215881008487,-0.0887821586075,-0.0694504303973,0.2116414262416,0.0937626178678
0.3757739355356,0.4180806045246,0.1700373963877,0.3844858182820,-0.0181953093413,0.1236158056445,0.0251085097115,0.1847556633273,0.0440723629415,-0.2171166879660,-0.0600050542427,0.2136430381999,-0.1212094913575,0.1044133538528,0.2036754536876,0.1425424368946,0.3482840599428,0.7230442978181,0.2781782347709,1.0000000000000,-0.0352326616035,-0.0540258792132,0.4269564674220,0.2580717417359,0.0468104873482,0.4445907653500,0.5815178550496,0.2647721375657,0.3683773721267,0.2184996315055,0.6005143203671,-0.2678487544698,0.1582167901269,0.0576538407882,0.6507807456497,0.4429622377932,0.2630525931478,0.1035893274364,0.2610518596227,-0.1568738630669,0.0576346612254,-0.0604431273879,0.2121471324336,-0.0713454518875,-0.1593538130827,-0.1948644474910,0.2146799370942,-0.1661869135943,-0.1903753099649,-0.0424801038487,0.0334511042605,0.3768934272747,0.4436192991313,0.0566420877945,0.2712643480484,-0.0497779390174,0.1380191283762,0.2458992244995,0.1866688922949,0.0722374939708,0.2562216009517,0.1846422572724,0.1676168440143,0.1289905318461,0.1352648925793,0.5136734424359,0.1184071256311,-0.0726851156278,0.1282595396434,0.4327696187844
0.0641829223880,0.1997384262662,-0.2357164036879,0.0437347907951,0.6416198596732,-0.2035869335711,-0.1412406140047,0.1860133760141,-0.3857015977488,0.2559527862875,0.0068162334345,-0.2963763292865,0.7533929522958,0.0622049633418,0.1632047159992,-0.1350642531539,0.2918257476363,-0.0165261790050,-0.2115595580249,-0.0352326616035,1.0000000000000,0.4487937356839,0.1444217195851,0.2201865699243,0.3602255515600,0.0345170218403,-0.1164825301716,-0.0366342944921,0.5477105207271,0.2408485831922,0.1662619848308,-0.0541507192578,-0.0663249654351,0.1757510536212,-0.0653638340879,0.0503801983097,0.0274613219445,-0.3608511186991,-0.0421596590335,0.6602836820444,-0.1714402222142,-0.0760762210919,0.0847768617114,-0.4021501044366,0.1196492311725,0.0211425025812,-0.3443907485718,0.7079494602369,-0.1545674329419,-0.3025348646658,-0.1892961614361,0.3265790598194,-0.1407618446530,-0.4684483553395,-0.2154131396663,0.9240415081596,0.4147371310981,0.1093058609535,0.2281112059418,0.2544968255674,-0.1527240149214,-0.2168274336924,-0.2214221213297,0.6245690330431,0.1951496199628,0.1525994978005,0.0884699902510,0.1114082392840,0.0655557216430,-0.1476373206279
0.1858124412899,0.0128304080677,0.0998787526316,-0.2322684313118,0.4824644914511,-0.1860452222166,-0.0432373129027,-0.0929851463119,0.0193952520104,-0.2418095309635,0.0611847606369,0.0485869117533,0.3716626816531,-0.1268366825799,0.0960157689704,-0.1583893210801,0.4041045499951,0.0178860662872,0.0265833541507,-0.0540258792132,0.4487937356839,1.0000000000000,-0.0582697443796,0.7628332234157,-0.1153500041515,-0.2254776589875,-0.0210759561304,0.1198796823796,0.4086505134835,0.4993294288843,0.4173221725933,0.1366098040244,-0.2147117122486,0.4578168944160,-0.0410999310554,0.1159346768899,-0.2080917490268,0.0586575332240,-0.3751043251317,0.5599898350491,-0.3296922822629,0.0578177004186,-0.3154918651396,0.0326991763934,-0.3173383231349,0.1663172840907,-0.2316899783370,0.4263222357242,-0.2178118332033,-0.1584559227343,-0.2303975314840,0.3820416202537,-0.1231257587430,-0.0952258358700,-0.0378317906124,0.4193406431540,0.7341779043184,-0.0714519895622,0.6437104071116,-0.1676547097981,-0.3407290555501,-0.1249516084033,0.0396122793793,0.4217369127199,0.5378587378692,0.2180319338774,-0.2006725537939,-0.0847323933028,0.3249067131084,-0.0485154213840
0.3080055652732,0.6014727412388,-0.1063034637048,0.6091057366873,0.2685993661682,-0.1332309083693,-0.2917956063310,0.1906127652648,-0.4396134704716,0.1943648491307,-0.1629322731644,-0.0631051670451,0.1292136238275,0.0594823446911,0.0451677570368,-0.0735688270289,0.3963149423981,0.3068977898313,-0.0222746097862,0.4269564674220,0.1444217195851,-0.0582697443796,1.0000000000000,0.0697436200318,0.3446885118163,0.3821286012368,0.0552795363011,-0.0596955950734,0.3781431657771,0.2296689894358,0.4255272582042,-0.1220588957401,-0.0323126053813,0.3095911797080,0.5166227344518,0.2988660775281,0.3938241789382,-0.2977634271131,0.5218895749785,0.0813762760795,-0.0418063478011,-0.3259917892340,0.2992631648702,-0.4763848629442,0.1497832699787,-0.2393942673230,0.0346873341190,0.0020166696794,-0.0326571807759,-0.1391314707103,-0.1721754069342,0.4409434487241,0.4238548761971,-0.0707318226082,0.2290869512036,0.1374100887046,0.1840199195492,0.8195399575006,0.2141945312874,0.3626677621377,0.3741935623953,0.0353778008984,-0.0227560664482,0.2156111151010,0.1749659292270,0.4658212669221,0.1323347115039,-0.0105821911528,0.2580573651767,0.4031873104917
0.3651027837602,0.1693863548212,0.2956282889113,-0.0903057961042,0.2524272270911,-0.0998228631659,-0.1679734154312,0.0316558310129,0.0227224251741,-0.2509645711609,-0.1576399977177,0.1215968336179,0.0583462631240,-0.0371598762063,0.0646298103921,-0.0301984772435,0.6850505680679,0.4237484177295,0.1106781759795,0.2580717417359,0.2201865699243,0.7628332234157,0.0697436200318,1.0000000000000,-0.1426366589122,-0.0431055092218,0.1672791207882,0.3419427189840,0.4345092043653,0.3974605482539,0.6090782480848,-0.0471987292360,-0.1084910412384,0.3339662568166,0.1948645509638,0.2018919301810,-0.1955948677065,0.1775960290989,-0.2257004978645,0.2558536587136,-0.2561909503575,-0.0722729170059,-0.2395796245596,0.0258729951673,-0.3575164499885,-0.1001579025946,-0.1006349099301,0.0909974326304,-0.1855882378031,-0.2438031479474,-0.1532467977058,0.6079463031295,0.1080018610423,-0.1329824334958,0.0475414615101,0.1866602112806,0.7348906665097,-0.0662008771159,0.7885136785577,-0.1714091580607,-0.2216796542519,-0.0377384970274,0.1820565271268,0.2808170391508,0.3444626314012,0.3101789217722,-0.2323567191977,-0.1159699250223,0.2567146803684,0.0849953989736
0.1203106722976,0.2165530541958,-0.0876893530331,0.5067073042255,0.3415248580898,-0.0274011390686,-0.1026900369126,0.5880082087808,-0.3091225079517,0.6052197996911,-0.0454721519337,-0.3959482198333,0.3003962040176,0.1197258901873,0.1262660223327,0.1342422382312,0.1847042999224,0.0542475132904,-0.3871605245730,0.0468104873482,0.3602255515600,-0.1153500041515,0.3446885118163,-0.1426366589122,1.0000000000000,0.3027488543856,0.1534102189205,-0.0607236891674,0.4619542148822,0.0325873550256,0.1027187263517,-0.1475497734994,0.1073453202506,0.0372465603337,-0.0155906974473,0.1398650816540,0.2506392418827,-0.0547837050501,0.4858178222416,0.2351384965057,0.0953721434901,-0.1450853167886,0.6983336883289,-0.3318704989296,0.6579708895171,-0.2092017445401,-0.1120423215302,0.2340101317876,0.1386889847610,0.1341809199374,0.1516311787659,0.2297267787886,0.1481929276345,-0.4148916132932,-0.1968863064229,0.2761984329983,0.0095243961386,0.4549879552830,-0.0762226151706,0.8717957945116,0.2430482948742,0.2023607201760,0.1260811336433,0.4500980013469,-0.1200493054255,0.2381888886685,0.3053851225144,0.1988219396770,-0.1354472871961,-0.0552009677569
0.2471059541784,0.5378268396264,0.3119724323347,0.6866237411974,-0.0401448715682,0.3278970536167,-0.1330899840596,0.4315196611203,0.0179713822247,0.3655626658165,-0.1431659385639,0.0616368482621,-0.1127117634314,0.6177071818609,0.3172730199008,0.3388411761489,0.1215121064729,0.3512778886805,0.1929821325290,0.4445907653500,0.0345170218403,-0.2254776589875,0.3821286012368,-0.0431055092218,0.3027488543856,1.0000000000000,0.5189235430852,0.5425477875901,0.0733923761811,0.0052334483245,0.1541437303798,-0.3517404062180,0.3190927545354,-0.0270424334505,0.5254537611108,0.0453553556197,0.4163362675062,0.0539793635741,0.5790194801846,-0.3310142008633,0.3665510294935,-0.2296844714540,0.3319484946194,-0.0872047610486,0.3256056451737,-0.3512204230650,0.3794059902423,-0.2017932179753,0.4022162021802,0.0491359996098,0.2107519653778,0.0865194674037,0.0808439731519,-0.0597572177415,-0.3094093640744,-0.0365440152461,-0.1048539543835,0.2647295268966,-0.0969696356572,0.1906915914808,0.7412635959112,0.0622482246666,0.4631284507305,-0.0799277978025,-0.3289291212900,0.1560990017537,0.3511758115842,0.0916791961650,0.0713288784149,0.3463589149586
0.2134225464288,0.1408471231526,0.5411575572726,0.3208391879176,-0.2035039860582,0.3594346358007,0.1926346956070,0.3487042909581,0.3792083867242,-0.1224616009046,0.0010212621604,0.2432022311505,-0.2211996838195,0.2585183130570,0.2747918944913,0.2953416875915,0.1869533700638,0.3906579810631,0.2660191565735,0.5815178550496,-0.1164825301716,-0.0210759561304,0.0552795363011,0.1672791207882,0.1534102189205,0.5189235430852,1.0000000000000,0.4821836135508,0.1458306477498,0.1141286210345,0.3607150651333,-0.2658095785381,0.2472821115649,-0.0798618908221,0.3699853344878,0.1657325599707,0.1502282714662,0.4243915129748,0.1154358907550,-0.3098737963858,0.2763183809828,0.1163115523928,0.2053557368112,0.2791230107924,-0.0438837875655,-0.1840692047377,0.3537638971477,-0.2589457200411,0.0191352936360,0.1746971155459,0.1512461661431,0.1604149921490,0.0585690378178,0.1472536787593,-0.0876247177294,-0.1756227026184,-0.0521110948215,0.0405848011051,-0.0190612312965,0.0657461251423,0.2583596676013,0.4708907956023,0.4210415110325,-0.0086734591683,-0.0673537041488,0.3046695912141,0.1881887561797,-0.1013891726374,-0.0044153711810,0.2385947454195
0.2103906890210,0.1667756936053,0.7464678625407,0.2175430365465,-0.2023144535501,0.3906040392109,-0.0627612200962,0.3996231129186,0.2900930857330,0.1920200138767,-0.0777372838510,0.2352788524040,-0.2346879419309,0.5794451474839,0.4329171725533,0.3745554734702,0.0900913730137,0.3678015313306,0.5010178761187,0.2647721375657,-0.0366342944921,0.1198796823796,-0.0596955950734,0.3419427189840,-0.0607236891674,0.5425477875901,0.4821836135508,1.0000000000000,-0.0726318220215,-0.0324128895966,0.1699820171388,-0.2232205476243,0.2802007340579,-0.0198632502716,0.2518874840659,-0.2199022988927,-0.1450484089953,0.3164413413881,0.1073940937067,-0.3959785107923,0.3268518338933,-0.1687831626688,-0.0633132605748,0.1824439018814,0.0230269898035,-0.1783323305244,0.3033043412903,-0.2127478771411,0.2789903318699,0.0103383399395,0.1921547602141,-0.0298708574272,-0.2212851123454,0.0134597224854,-0.4223133115373,-0.0674069822973,0.0418362415681,-0.2642192613600,0.0580711797270,-0.2894805473352,0.1798916487759,-0.1180224414007,0.6445621443002,-0.2615506362993,-0.2998713470708,-0.1471494869608,0.1759169010210,0.0504157824011,0.1186122897466,0.0328772702819
0.3209296344427,0.3416862315317,-0.1958931691381,0.2087496826288,0.5960296476724,-0.2751052089258,-0.0584351488442,0.1996801357513,-0.2426578835623,-0.0402280505022,0.0576430445348,-0.1524986258965,0.4608441912862,-0.1345718113467,0.1888010542180,-0.1970563938178,0.6301172022388,0.2763749953422,-0.1671313335577,0.3683773721267,0.5477105207271,0.4086505134835,0.3781431657771,0.4345092043653,0.4619542148822,0.0733923761811,0.1458306477498,-0.0726318220215,1.0000000000000,0.3612589511413,0.6082090405675,-0.2657882647452,-0.1618815777059,0.1585504096374,0.1004167428588,0.3588306905759,0.1014701971908,-0.2790912604129,0.0958711183134,0.5755040056285,-0.3042519842648,0.0202780683469,0.1942747984811,-0.2799333249475,-0.0418024662822,0.0259409100760,-0.2725613961394,0.4614157606147,-0.3940837353423,-0.2596638149976,-0.2395688308261,0.6312008616900,0.1557698131991,-0.3665985904714,0.0177255139178,0.5038928592689,0.5686706126364,0.2712670600394,0.4179156088687,0.4243632846742,-0.1254976313271,-0.0142459240324,-0.1798055335614,0.8662817744402,0.3318163322890,0.5310768018190,-0.0145162070089,-0.0749211459572,0.0239783273244,0.0030065777807
0.4415963547426,0.2505578355091,-0.1489630660175,0.1506045353458,0.4912560532339,-0.0529274166648,0.1536324891926,-0.0854105545148,0.0077974368480,-0.1247994387705,0.2829232134589,0.1581750034602,0.3623029195786,-0.0244647565742,0.3862426028601,0.0613187912518,0.3355024776274,0.1644946714206,0.1500321073915,0.2184996315055,0.2408485831922,0.4993294288843,0.2296689894358,0.3974605482539,0.0325873550256,0.0052334483245,0.1141286210345,-0.0324128895966,0.3612589511413,1.0000000000000,0.3690865216698,0.0024747220106,-0.0704715841908,0.5782163048651,0.3204956790989,0.4473020313201,0.0848366179820,-0.1115573509166,-0.0717365391745,0.4102926433510,-0.1416913433179,0.0588486815912,-0.0308304278043,0.0030481122409,-0.1130661332445,0.1594995972810,-0.0400564306182,0.3802386432350,-0.1930322643960,0.0918401726967,-0.0282101167970,0.3586869854292,0.0932828852508,-0.0594642569772,0.0796660337399,0.2557562424253,0.5373361686176,0.2402965541989,0.4461462858414,0.0751060807089,-0.1155747377684,-0.0381900292358,-0.0465155357520,0.3901256890864,0.7632031683848,0.4623886008465,-0.0137853730349,0.1572222402569,0.5013669038236,0.2592991365102
0.3782126817572,0.3689011789170,0.1919624134525,0.1917814471490,0.2401058381261,-0.1603195638277,-0.1133286930341,0.2027280692459,-0.0807723135482,-0.2939180283889,-0.1124167562959,0.1196049801536,0.0764605035129,-0.0830328050237,0.1127622881693,-0.1254206481547,0.6189782298206,0.5869660953491,0.0858988290581,0.6005143203671,0.1662619848308,0.4173221725933,0.4255272582042,0.6090782480848,0.1027187263517,0.1541437303798,0.3607150651333,0.1699820171388,0.6082090405675,0.3690865216698,1.0000000000000,-0.1729829059992,-0.1019919657578,0.2057775628004,0.3855706622158,0.3939801079689,0.1145219226208,0.0794471197978,0.0448573692908,0.2060657647348,-0.2400971758142,-0.0650248152728,0.0807740344972,-0.1303916349662,-0.3102178800366,-0.1137280093759,0.0016905006094,0.0604023245097,-0.2984087255873,-0.1815490205006,-0.2787205292919,0.6089924660831,0.3962289793841,-0.0358837396054,0.2805779640694,0.1020490882982,0.5351218599310,0.2211494277505,0.5042710310750,0.1089494660832,-0.0055345799335,0.2083818508315,0.0573742585165,0.4234033615242,0.3889731970687,0.7268051119884,-0.0896493451302,-0.1231711354887,0.1563207942122,0.2682526568832
-0.3457225137932,-0.2573445248618,-0.1033898093112,-0.2963576511493,-0.0545090709167,-0.0819543122835,0.0329153077167,-0.0997558233139,-0.1360922755874,0.0524579899098,0.0557624182907,0.2825144505086,0.1365802733994,0.1044104259470,-0.3780633789534,-0.0797318715041,-0.2077828964866,-0.2238873796785,0.0021996159757,-0.2678487544698,-0.0541507192578,0.1366098040244,-0.1220588957401,-0.0471987292360,-0.1475497734994,-0.3517404062180,-0.2658095785381,-0.2232205476243,-0.2657882647452,0.0024747220106,-0.1729829059992,1.0000000000000,0.0381472914908,0.3126879199025,-0.1320810725201,-0.1816095415707,-0.0280755756371,0.0981962944354,-0.1639340459510,0.1461997891213,-0.1159482543822,0.0174311749833,-0.1600881993683,-0.0898928933650,-0.0008964972675,0.1797899470436,0.0674537456569,0.0612549508144,0.2452252708322,0.0063956577326,-0.0294657085121,-0.1856921147219,0.0963467811596,0.3044988569959,0.3917387539344,-0.0408819571072,-0.1066211147630,-0.0464153229837,0.0206046046325,-0.1203194571905,-0.0721904268059,0.1002133254042,-0.0408378144999,-0.1129161861226,0.1609789600355,-0.1955520740127,0.2077311057713,0.1973109718118,0.0851106340723,0.0518855724086
-0.0960433638031,0.1706728712526,0.1282594838240,0.2068232515766,-0.2031410788907,0.6570546968765,0.1243577903655,0.2160870832504,0.1828658815130,0.2466157974256,-0.0828388134496,0.1536436912553,-0.1566362538727,0.4580631326654,0.0866817432393,0.4755620324286,-0.1131873944440,0.1768254323627,0.0690084107173,0.1582167901269,-0.0663249654351,-0.2147117122486,-0.0323126053813,-0.1084910412384,0.1073453202506,0.3190927545354,0.2472821115649,0.2802007340579,-0.1618815777059,-0.0704715841908,-0.1019919657578,0.0381472914908,1.0000000000000,-0.0756428901407,0.3347768487379,-0.1130021332327,0.2828742069990,0.0330573492946,0.2692514039211,-0.3154816557061,0.5553255896096,0.0452504503038,0.1415068561136,0.1140651778419,0.2224587273786,-0.1649301511357,0.1368664316103,-0.1756962769322,0.2753001421096,0.0534714178231,0.4510309690278,-0.1373674566223,0.0084840043464,-0.0690958029538,-0.1770479987307,-0.0869255393802,-0.1732883263854,-0.0867120842900,-0.1091698606486,0.0090637665519,0.2225603074841,-0.0775445961726,0.1771424456888,-0.2685236002184,-0.2316482429621,-0.1150504984362,0.2775732418205,0.3684398936586,0.0021579746767,0.3116882505546
0.2203979725872,0.1554701810151,-0.0082810864179,0.1159474861792,0.4110120192102,-0.1119515575350,-0.0685956458661,0.0394415040353,-0.1722257414578,0.0537791809315,0.1758983492174,0.0514766142696,0.3174329744006,0.0022589295034,0.0796807439193,0.0362424636432,0.2194888025003,0.0973814221787,0.0620492006930,0.0576538407882,0.1757510536212,0.4578168944160,0.3095911797080,0.3339662568166,0.0372465603337,-0.0270424334505,-0.0798618908221,-0.0198632502716,0.1585504096374,0.5782163048651,0.2057775628004,0.3126879199025,-0.0756428901407,1.0000000000000,0.2999636191017,0.1682391443624,0.0890048607111,-0.0536235123894,0.1003111598800,0.2977704943591,-0.1267644669111,-0.1801663595445,0.0282797333987,-0.1433586068274,0.0226244760580,0.1472831251252,-0.0509643700839,0.2927392007734,0.0170930946532,0.0645848018169,0.0339324390282,0.2733413781182,0.2397309749176,0.0436404720493,0.1990249340273,0.2227675175504,0.3957305960221,0.3422091258188,0.4003207892128,0.0416516864961,0.0295218340047,-0.0685418808841,0.0869467799424,0.1650094797223,0.5333615366274,0.2357883460729,0.1563057354443,0.1196198873010,0.7251807525238,0.3552936062308
