1.0000000000000,0.3181386085722,-0.1812920194611,0.3657515641938,0.3266872235443,-0.1657843871137,0.2843902550745,0.0060792113989,-0.1133560486626,0.1581511066354,0.2251189262127,-0.0036570694903,0.4388847409363,0.0178084658119,0.4197720761895,0.1097748796792,0.4170210984224,0.4700505718215,-0.0096772068263,0.2728619225654,0.3281722422650,0.4649421758654,0.3898862107610,0.4701346991446,0.2344902888039,0.1009129750519,-0.1557051217333,-0.0333061818309,0.2462623693219,0.4941300123875,0.4992330145537,0.0910749557416,-0.0634086421801,0.3894705556008,0.4193751210824,0.5698415803445,0.3223894470958,-0.2780752634105,0.1625746356733,0.2451381041429,-0.0942127715147,-0.0060397528479,-0.0362454363954,-0.2706852478896,0.0403783585283,0.1389788937605,0.0655852359950,0.3209875663625,-0.0708339873415,-0.0250572072370,0.1189302246451,0.4426955005528,0.2793615017585,-0.0899027987108,0.1870996714850,0.2634204354345,0.4568313319350,0.3782556553988,0.4658044166110,0.1246534941377,-0.0791311788739,-0.1814112633550,-0.0116734868168,0.1875763353727,0.4078859711951,0.3432433876528,0.1824216971110,-0.0455410054505,0.2894248373125,0.4055662391897
0.3181386085722,1.0000000000000,-0.1090149039657,0.7120324874241,0.0931218538962,-0.2499817317542,-0.0759500226974,0.4461159044890,-0.3026469667938,0.3928247889326,-0.0441811678824,0.0968208284204,0.0893620963302,0.2327410294288,0.2434959701173,0.0260172576137,0.2129584419133,0.4971851075124,0.1918311209348,0.3817143057824,0.0381373813343,0.1776673340835,0.7504375415419,0.2935357553124,0.5173959883370,0.5232261514785,-0.1766608342619,0.2569599640665,0.2302083565905,0.2510483333012,0.3074258596734,0.1246791381951,-0.1950962624842,0.4465562849852,0.4447427358043,0.1421342809709,0.7965874925294,-0.2285315997565,0.5994788805378,0.1072573191071,-0.2283986198351,-0.3743242908242,0.1828146388413,-0.3502797758827,0.3112945066163,-0.2272770980209,0.0877560958439,-0.0148142608059,0.1283430264072,0.0864236481070,0.0885067543885,0.1912812130500,0.2163934386997,-0.0263938733297,0.3033216112211,0.0151099448386,0.1379958579786,0.7614289925519,0.2897956655413,0.3806341881492,0.3335035071604,-0.0783364562384,0.3283537154807,0.0860045936058,0.2007957107456,0.0929055491878,0.2117669649330,-0.2281470279388,0.3239179450665,0.4160846130875
-0.1812920194611,-0.1090149039657,1.0000000000000,0.2297033082066,-0.0013868131084,0.1821575690948,0.0018332401913,0.1240269511274,0.2871057310450,0.2689174433527,-0.0498545865450,0.2594579993105,-0.0211642912653,0.1709550664718,-0.0633268236332,0.0069985792225,-0.0623176027114,0.1571580659030,0.4498735180031,0.1908964468943,-0.0573349284109,-0.1300670990240,-0.0703693505152,0.1812737047836,0.1172257372700,0.3617194296802,0.5718088878381,0.5916186268306,-0.1803242812303,-0.1820615191804,-0.0325963885185,-0.3398683603504,0.0201449202580,0.0346538935515,0.1366094306195,-0.2720539817252,-0.0448173064493,0.7026422078686,0.1814201297217,-0.1379552749638,0.1578696582461,0.0134476736334,0.3353242797571,0.2181826933249,0.3035474324111,-0.2377938964089,0.0954812369546,-0.1073312017860,0.0613397055541,0.1399486217458,0.0131052709086,-0.0880329947045,0.0029448830718,0.4460380481460,0.2156213830923,-0.0319530157775,-0.1392784588754,-0.1517385834447,-0.0074607148007,0.1246208267707,0.1725503345884,0.5411946748032,0.3185763528245,-0.2859066052902,-0.1930713618285,-0.1164217700355,-0.4572453942271,-0.0298682511593,-0.1884345759780,0.0983676234334
0.3657515641938,0.7120324874241,0.2297033082066,1.0000000000000,0.0548136646347,-0.0745178273133,0.0497256497124,0.4547469513850,-0.0398409271239,0.5125163233462,-0.0560032820773,0.2805562607398,0.0772552130985,0.3596140550325,0.2747038091807,0.1124028033429,0.2728845496199,0.4586294701418,0.3502418418915,0.3757322189145,0.0452228678591,0.1449448982046,0.7462637564570,0.3549275422585,0.6037189395762,0.6616735589697,0.0790262629904,0.4725936296439,0.1873924272742,0.1759780055261,0.3760616798789,0.0837883802330,-0.1355370210628,0.4589100397826,0.4341823392687,0.0148096952257,0.6042899582963,-0.0244200003572,0.8132629213380,0.0155703442727,-0.0362376759818,-0.2450102341527,0.3262233486182,-0.1868798069282,0.4834336356651,-0.3656809197380,0.2028682960119,-0.0654530956123,0.1947151924941,0.1939217593778,0.1647665431934,0.2314939601341,0.1715057985956,0.1838262491636,0.3302771731057,0.0112656038562,0.0781047880277,0.6734089978243,0.2819441168058,0.4978101847217,0.3896050517256,0.0904834131503,0.4805017185725,-0.0102282912653,0.0750494553762,0.0366594938924,0.0989307954012,-0.1512061601248,0.1329009292456,0.3618464350020
0.3266872235443,0.0931218538962,-0.0013868131084,0.0548136646347,1.0000000000000,-0.2651619752901,0.3004986367073,-0.1137455883924,-0.2070127694898,0.2998786153960,0.5597791391462,-0.2423422093868,0.7821317079974,-0.0675919086749,0.2093186675769,0.1719282789043,0.3756391330198,0.1221873803264,-0.1264160635382,-0.0059401407050,0.8100967827862,0.5044705332026,0.0985130565666,0.3264100021180,0.3820859948205,-0.0453190861872,-0.0631809202054,-0.0761781801267,0.3595876190027,0.3358735964678,0.2037172615080,-0.1695447026653,-0.0661800445714,0.1908612251887,0.0794276725119,0.3530047227055,0.1848593164629,0.1089492779568,-0.0562669814118,0.8523177975191,-0.2841750306325,0.0715852919693,0.0371064920421,-0.2284347187213,0.0896146444096,0.4815300540944,-0.1934545007364,0.8059945944004,-0.1494643189428,-0.1671855599058,0.1546329658593,0.4396429710262,0.1069887598256,-0.0990934856354,0.2281126888691,0.8045171266000,0.5678799122359,0.1657947964826,0.4479786416997,0.2896534438241,-0.2147106635875,0.0783279588741,-0.0345906801653,0.4117690931942,0.4423083718429,0.3152485173496,-0.0513296826941,-0.1485377723132,0.2198890709764,0.1809113897523
-0.1657843871137,-0.2499817317542,0.1821575690948,-0.0745178273133,-0.2651619752901,1.0000000000000,0.2346153536764,-0.2071743722337,0.6443523574506,-0.2944252448524,0.0568387436882,0.1623161498010,-0.3540665062280,0.1455114199024,-0.1506533875722,0.3898903468990,-0.3272045624424,-0.0861821037481,0.0175169214732,-0.1946468885805,-0.2319678733499,-0.3077575601864,-0.1927638001381,-0.1690220380204,-0.2310716010994,-0.1991145205847,0.2670288214734,0.0000364015045,-0.3301695807086,0.0193707179949,0.0709093692470,0.2894407344794,0.3452276655548,0.1001683013161,0.1191609246233,-0.3274048347460,-0.3330743471759,-0.0851248017169,0.0250206707744,-0.2790138117160,0.8976983248862,0.5156924990888,-0.2417217472861,0.5978945930026,-0.0368376708606,0.0158020063240,0.1800680771348,-0.3133139719072,0.1610824781985,0.0852288178261,0.2897928080134,-0.3523083587653,-0.1461663438809,-0.0058269853015,-0.3456208608618,-0.2505916583597,-0.2522957280852,-0.2196528549349,-0.3070824435792,-0.0861040613787,-0.0188058564517,-0.0473001935058,-0.1525530428987,-0.3656352022982,-0.2508543408376,-0.0394988313681,-0.0180147969030,0.5393604110934,-0.0345989362538,0.0717177951408
0.2843902550745,-0.0759500226974,0.0018332401913,0.0497256497124,0.3004986367073,0.2346153536764,1.0000000000000,-0.3362913023311,0.5173899384206,-0.0138496230136,0.5392221165724,-0.0613949256890,0.5465163456543,0.1250279103310,0.2552164306052,0.3764726245458,0.0107506619537,-0.0226091530682,0.0569434039647,-0.1485794369267,0.4199899903468,0.0766898170502,-0.1035643734640,0.0818231740708,-0.0389034450183,-0.1487342523069,-0.0586957618973,-0.1602567424772,-0.0591655909727,0.2457823883140,0.1252633014097,0.1238379463401,0.0636793349982,0.0369109736843,0.0772550501097,0.1701525613524,-0.1006980581783,-0.1178016048397,-0.0655300563017,0.0258933671192,0.2066952030896,0.6295280739833,-0.3062116137968,0.2035283088640,-0.0440183280371,0.3407658814777,0.1388847708046,0.4727034990549,0.0138331649827,-0.1120588547421,0.2585174844539,0.0992939534663,-0.0090142284169,0.0295628626611,-0.0012921503109,0.3724565799008,0.2537138766575,-0.0897653758012,0.1688863352882,-0.1847453153771,-0.2884985761410,-0.1310321048750,-0.1905118687448,-0.1722255419762,0.3006879006806,0.2721443953678,0.0650257138380,0.1634281657529,-0.1475342838973,0.1401419673144
0.0060792113989,0.4461159044890,0.1240269511274,0.4547469513850,-0.1137455883924,-0.2071743722337,-0.3362913023311,1.0000000000000,-0.2360305670000,0.2595842226730,-0.3196072303422,0.2211025131669,-0.2349361644542,0.2112374869809,0.1673591287119,-0.0297954043036,0.1362239035049,0.2842344673456,0.1352478554754,0.2311651605390,-0.1952015193005,0.1451162945237,0.4875679541615,0.1355382528628,0.5676754073964,0.3661691132661,-0.0004875523896,0.4547668520969,0.4309329409340,-0.0514935606794,0.2630876491624,0.3163631242056,-0.0834068287563,0.1456683771456,0.0568976323767,-0.1227920893834,0.3042399659059,-0.0594077980585,0.3998419712917,-0.0146809699314,-0.1908899850518,-0.4685180898927,0.5388137565717,-0.2059134388049,0.2574358871906,-0.4498272920674,0.1213495429401,-0.2886676437186,0.1400688760558,0.2386667933410,0.0150606763286,0.0305630143612,-0.0216197116049,0.0468906900953,0.0656252449820,-0.1954748342374,-0.0864065740511,0.3945489978442,0.0053965967111,0.4384026138389,0.2001957367009,-0.0291485100974,0.4601225698762,0.3163457898618,-0.1290093818713,-0.1437767527826,0.4416767146807,-0.1027223928992,0.0746735436772,-0.0914185415205
-0.1133560486626,-0.3026469667938,0.2871057310450,-0.0398409271239,-0.2070127694898,0.6443523574506,0.5173899384206,-0.2360305670000,1.0000000000000,-0.3164028166625,0.3084288428707,0.1339066456927,-0.0828613377782,0.1403295763511,0.0898772448833,0.3478055504626,-0.3495879601985,-0.0894026309735,0.1202020878713,-0.1586246269582,-0.0718009746739,-0.3140891363821,-0.3305315154337,-0.1418346266331,-0.2732149616863,-0.0711841527631,0.3104115280197,-0.0463794619926,-0.2562590461550,-0.0345983146617,0.0324723455137,0.1623049779497,0.2089992208088,-0.0584610660475,0.0145426102198,-0.2364305943038,-0.3667673005754,0.0151106528525,-0.0475504460763,-0.4091860237756,0.5784455432615,0.7116588117108,-0.2629875034319,0.7256863984761,-0.1458793746920,0.1381489542615,0.2347660070707,-0.0682240996555,0.0337363048604,0.0696563994365,0.2091607870613,-0.3224472465404,-0.0695828854929,0.1278865860452,-0.2378122988293,-0.1284251607269,-0.2235637374433,-0.3766486055118,-0.2451895433026,-0.3158750097964,-0.1498042898155,0.0370464397295,-0.2184775994638,-0.4124721843471,-0.2105447938551,-0.0288641166127,-0.0557425620991,0.3258795061055,-0.2876938934610,-0.0485781911668
0.1581511066354,0.3928247889326,0.2689174433527,0.5125163233462,0.2998786153960,-0.2944252448524,-0.0138496230136,0.2595842226730,-0.3164028166625,1.0000000000000,-0.1549512790106,0.0659379002850,0.2385133935326,0.4604383787470,0.1848764758136,0.0629837666154,0.2004671262112,0.0513266167997,0.2847055149702,-0.0310168175291,0.1860804700115,0.1268789953702,0.4698631546842,0.0809623535034,0.6584331152145,0.6107547608451,-0.0392421710064,0.4961159834651,-0.1177267141658,0.0218097846916,-0.0509775081628,-0.1898371657489,-0.1417247444962,0.1368389493792,0.1126634664276,-0.0219532863208,0.4343347338611,0.1273229470064,0.5732837334110,0.2082543494570,-0.2370453563645,-0.4059162896518,0.3401553051376,-0.4852177348315,0.8624059087746,-0.3491071316476,-0.0043409096067,0.1996684398103,0.4212643193571,0.1975145851539,0.1147623463918,0.1698202430639,-0.0660459493775,0.2480466623620,0.2923801137498,0.2352456832377,0.1168165453038,0.4419496535209,0.1691607677652,0.6141194354024,0.4938266744319,0.2062707935775,0.5308389947218,-0.1344205804193,0.2024070285548,-0.0781602726600,-0.0930219241261,-0.2100680434997,0.0025376797599,0.1939452402296
0.2251189262127,-0.0441811678824,-0.0498545865450,-0.0560032820773,0.5597791391462,0.0568387436882,0.5392221165724,-0.3196072303422,0.3084288428707,-0.1549512790106,1.0000000000000,-0.3239019446520,0.6066878708372,0.0211410887810,0.2790878732344,0.2315149396409,0.0667413647459,-0.0264837055165,-0.0697471557433,-0.1251032182553,0.6748091608582,0.2377719076085,-0.1773695579469,0.1064458245647,-0.0404023290585,-0.1810163291013,-0.1406547812708,-0.2486923262885,0.1429321918251,0.3545893779221,0.1077753598197,-0.0029617915227,0.0564898170569,0.1980507031731,0.0189496979050,0.2130674664892,-0.0040755048215,0.0152556420846,-0.1908269235634,0.3991046832324,0.0212036364102,0.4684661369998,-0.2631290172105,0.2171471208571,-0.2496748161248,0.8037542470826,-0.1092488864708,0.6076596246438,-0.1056147447896,-0.0868348138291,0.1946546359237,0.2100796881612,-0.1078744820836,-0.0677176497061,0.0014969996357,0.5769600433338,0.4133104397667,-0.0778894690962,0.2293091770935,-0.1239129335970,-0.3446995814293,-0.1001136764519,-0.2137088067079,0.1149059089456,0.2681017650246,0.2478583195837,-0.0503217641667,0.0819871593584,0.1122335893113,0.0838208362693
-0.0036570694903,0.0968208284204,0.2594579993105,0.2805562607398,-0.2423422093868,0.1623161498010,-0.0613949256890,0.2211025131669,0.1339066456927,0.0659379002850,-0.3239019446520,1.0000000000000,-0.2248276125651,0.3726586825558,0.2585626246025,0.1298613140119,-0.0593308694723,0.0990656324395,0.6058403665137,0.4524335963230,-0.2893870450220,-0.1827300022982,0.0981743974602,-0.0829641532691,0.0650045484010,0.3540086328057,0.4911796535780,0.3237823792040,0.0201989993475,0.1545845376809,-0.0118075130340,-0.0074666702247,0.0989888104449,0.0047049703218,0.1922203724995,-0.0568024803690,0.0393370241071,0.0343906781461,0.2464179661624,-0.1919514688099,0.1205563362223,-0.0532054477407,0.0436511454732,0.0935544738100,0.0877008513484,-0.3169253272725,0.6135663646355,-0.2869965208640,0.3734456882551,0.1776956512304,0.1284975525898,-0.1174571806779,-0.0137282515996,0.4405281954763,0.0716378436512,-0.2736580842788,-0.2849452917129,0.0435434188974,-0.2174172105829,0.0214566747141,0.3431028238683,0.1206652097223,0.1243379866928,-0.0694272987522,0.0697897348027,-0.2541805287180,-0.0318235735593,0.0975336487826,0.0289836061043,0.1444644074810
0.4388847409363,0.0893620963302,-0.0211642912653,0.0772552130985,0.7821317079974,-0.3540665062280,0.5465163456543,-0.2349361644542,-0.0828613377782,0.2385133935326,0.6066878708372,-0.2248276125651,1.0000000000000,-0.0517748463719,0.2846423823737,0.1523650608715,0.3408555716161,0.1396659247312,-0.0259013373782,0.0401167874689,0.8289588184364,0.4507590707942,0.0174620199201,0.3351296918899,0.1656824368744,-0.0084711291966,-0.1318362933135,-0.1185244817367,0.2426865663410,0.3321491083616,0.1427932276068,-0.1959717245525,-0.1140191612147,0.1280605096532,0.0637853058223,0.4289052024376,0.1689932653371,0.0764103959057,-0.1272227125581,0.5577611353561,-0.3730411592885,0.1673755365695,-0.1018357302883,-0.2297488099481,-0.0048628385349,0.4785978514113,-0.0810433456894,0.9099578746403,-0.1866590703828,-0.1718520090728,0.1018702357467,0.4451945341554,0.1520290209117,0.0171188644116,0.3071553735884,0.8113889331945,0.5782314495782,0.0500075542679,0.5066589995845,-0.0215050114797,-0.2868427710885,0.0099452445588,-0.0806287856189,0.2180905208149,0.5278303886613,0.3358573520773,-0.0602303373997,-0.1790984446503,0.0838938927428,0.1786623771756
0.0178084658119,0.2327410294288,0.1709550664718,0.3596140550325,-0.0675919086749,0.1455114199024,0.1250279103310,0.2112374869809,0.1403295763511,0.4604383787470,0.0211410887810,0.3726586825558,-0.0517748463719,1.0000000000000,0.3975789640529,0.1896831802259,-0.0161923411696,-0.0620692127598,0.4693066642788,-0.1105418429629,-0.0290107434050,-0.0521972485219,0.2305951059673,-0.1173138732102,0.3548160789913,0.4458467609003,0.0885271445810,0.4896377043703,-0.2556659293182,0.2127681505876,-0.0676364932463,0.2753551710462,0.1546019233118,0.1671605165703,0.0812856922222,-0.1384497756137,0.1932937179962,-0.1231645880939,0.4428408050019,-0.1885969046381,0.1699339343882,-0.1451681969004,-0.0240639014050,-0.0716176998696,0.4559968431569,-0.2275276180268,0.4336259920933,-0.0883637256844,0.8626923182524,0.3526518690078,0.2170723873392,-0.0205880870535,-0.3903691336124,0.3919585580164,-0.0175917750352,-0.0541457729883,0.0025156255692,0.2478314281565,-0.0770894391328,0.2503817598789,0.4198403379868,0.0026012611108,0.4348379983237,-0.3728745913749,0.1850143640394,-0.1633303137970,0.1536975184021,0.2715781660660,0.0450616146837,0.1128851655250
0.4197720761895,0.2434959701173,-0.0633268236332,0.2747038091807,0.2093186675769,-0.1506533875722,0.2552164306052,0.1673591287119,0.0898772448833,0.1848764758136,0.2790878732344,0.2585626246025,0.2846423823737,0.3975789640529,1.0000000000000,0.1299016226497,0.1163146386962,0.1069897525787,0.4129568832834,0.2523300715414,0.1869744901513,0.1579692586337,0.2353906412095,0.0174079050556,0.3077619979581,0.1739536766318,0.0209261213470,0.1313334452432,0.1958217895564,0.6050274021419,0.1774449530994,0.0412468511395,0.1096920558196,0.2054057339620,0.1989083380576,0.3979753015929,0.1775166489028,-0.2137337995208,0.1614954138598,0.0450190986325,-0.1827812925190,-0.0147974989040,-0.1115058974299,-0.1893015314606,0.0238711320590,0.1223911278254,0.1734509228482,0.1998351052593,0.2509328393449,0.2795920674842,0.1337194378594,0.1944947114569,-0.0451226065569,0.1786108939570,0.1781270547298,0.1003765481846,0.2372233777954,0.2937106394669,0.1259428461709,0.0072179647978,-0.0174584354931,-0.2091907836648,0.0257170028623,0.0141783537973,0.5688346934189,0.0860114760645,0.1554915464474,0.0006666258115,0.1744432535582,0.2212574473851
0.1097748796792,0.0260172576137,0.0069985792225,0.1124028033429,0.1719282789043,0.3898903468990,0.3764726245458,-0.0297954043036,0.3478055504626,0.0629837666154,0.2315149396409,0.1298613140119,0.1523650608715,0.1896831802259,0.1299016226497,1.0000000000000,-0.2489276976521,-0.0023537220000,0.0658935353016,-0.1307736920088,0.1237642318365,-0.0866250131244,-0.0168456488120,-0.1441037129007,0.0157818093039,0.0177756966195,0.0125415501111,-0.1176306474181,-0.0646931127370,0.2779414787113,0.0564841232436,0.2668739818456,0.1021514153519,0.2859673497755,0.1898181090810,-0.1347564973646,-0.0386756675890,-0.1582735813131,0.1628522912561,0.1323999350383,0.4285750344409,0.4636765889844,-0.1636492813684,0.3287244796705,0.1394239561945,0.2123486912767,0.1434345270258,0.1538754825923,0.2129490034279,0.1129733015909,0.7255359898656,-0.2476577616521,-0.1003898186223,0.0402798381111,-0.1377444113885,0.0956877014971,-0.0883048226844,-0.0782689115203,-0.2263289907107,0.0799079061570,0.0523011213456,-0.0954044185402,-0.1534418802554,-0.0477448004873,0.0295591522776,-0.0627774651128,0.1953330822528,0.2102356828832,0.0988514519673,0.1509216553004
0.4170210984224,0.2129584419133,-0.0623176027114,0.2728845496199,0.3756391330198,-0.3272045624424,0.0107506619537,0.1362239035049,-0.3495879601985,0.2004671262112,0.0667413647459,-0.0593308694723,0.3408555716161,-0.0161923411696,0.1163146386962,-0.2489276976521,1.0000000000000,0.1752847341216,-0.1356508511703,0.1681646174275,0.3856694523086,0.8232376311094,0.4443196674100,0.7221563249506,0.5115185243386,0.0887397487225,-0.0503746813466,0.2920694044828,0.5225586210533,0.1502941447486,0.5443343887465,-0.0794267406297,-0.0233216071499,0.0791352190778,0.1842834520963,0.3872967557220,0.2163619195710,-0.0221621896530,0.0719556428905,0.3000785316840,-0.3452036966165,-0.3434283748386,0.2276284422171,-0.4741278385812,-0.0085312572967,-0.0489373807389,-0.0613258853312,0.2742699435389,-0.0943278808746,-0.2859634220531,-0.1568787157462,0.9459664230645,0.1545288970200,-0.1991207578922,0.0880176846324,0.3570750930654,0.7114645370358,0.4834823719817,0.7776626321437,0.3314101776437,-0.1187223054972,-0.0961117908973,0.3279322851434,0.4722751990790,0.2816030626132,0.5153783696660,0.0492023249467,-0.1084379083729,0.1526739234676,0.1528474191655
0.4700505718215,0.4971851075124,0.1571580659030,0.4586294701418,0.1221873803264,-0.0861821037481,-0.0226091530682,0.2842344673456,-0.0894026309735,0.0513266167997,-0.0264837055165,0.0990656324395,0.1396659247312,-0.0620692127598,0.1069897525787,-0.0023537220000,0.1752847341216,1.0000000000000,0.1417599380377,0.6693271259166,0.0977237437434,0.2253554650712,0.4399537756250,0.5758101354276,0.1795437092857,0.2189208321464,0.1292508320435,0.1819705697373,0.1845186980916,0.1642051405063,0.4388384804549,0.1990359643905,-0.1166020364220,0.5102747819392,0.6297245952005,0.3115991213630,0.4889614311311,-0.0597333612981,0.3087058372359,0.1049390872591,-0.0430521933300,-0.1701414292213,0.1294983859893,-0.1224757298206,0.0086412164694,-0.1823669182290,0.0697898795648,-0.0032634256817,-0.2689784224164,0.0502490029978,-0.0412880650630,0.1487242954733,0.5750561182877,0.0053441462813,0.4826525778319,0.0799478968679,0.1651929047401,0.3873360258381,0.3837797880034,0.0672776726319,0.0147371292308,0.1089025372767,0.1382776871675,0.0449173721108,0.0237703460413,0.1768176808435,0.1545689902111,-0.1313224303893,0.3720941977441,0.4740620917474
-0.0096772068263,0.1918311209348,0.4498735180031,0.3502418418915,-0.1264160635382,0.0175169214732,0.0569434039647,0.1352478554754,0.1202020878713,0.2847055149702,-0.0697471557433,0.6058403665137,-0.0259013373782,0.4693066642788,0.4129568832834,0.0658935353016,-0.1356508511703,0.1417599380377,1.0000000000000,0.4995437558057,-0.1630399136173,-0.2956231242537,0.1271622632675,-0.1321282523329,0.0698531527561,0.4835257038446,0.2649977743606,0.4055122582425,-0.2349516270861,0.1652899727138,-0.2028422812860,-0.2374567060476,0.0171753419021,0.1449489511460,0.1884568073886,0.0417063909669,0.1646615680927,0.1513588201227,0.3002659348753,-0.1836861394831,0.0052815906194,-0.0414108336899,0.0190924021085,0.0166105719546,0.2544834366540,-0.1428091026065,0.3704155732667,-0.1363618547987,0.3819430341485,0.3951835806445,0.0763110055374,-0.1117256640283,-0.0767701842309,0.6366023598239,0.3626166477666,-0.1305083054656,-0.2390766881988,0.0740783076221,-0.1504970357433,0.0003531314417,0.3388377185110,0.1117775500449,0.1925248788479,-0.3607720443335,0.1721936364470,-0.2579480855084,-0.3577483923667,-0.0597576569356,0.0350838688063,0.2296224652241
0.2728619225654,0.3817143057824,0.1908964468943,0.3757322189145,-0.0059401407050,-0.1946468885805,-0.1485794369267,0.2311651605390,-0.1586246269582,-0.0310168175291,-0.1251032182553,0.4524335963230,0.0401167874689,-0.1105418429629,0.2523300715414,-0.1307736920088,0.1681646174275,0.6693271259166,0.4995437558057,1.0000000000000,-0.0539748043592,0.0492119466595,0.3389232026370,0.3478769321188,0.0508210251662,0.2451045584817,0.2646642713522,0.1540298266793,0.2390243995101,0.1981009413591,0.2262297018796,-0.1310010522853,-0.1842645866266,0.3653781433268,0.5129531657716,0.3283208924866,0.3616082000597,0.0430486328156,0.2234736087264,0.0408495216593,-0.2379641007074,-0.2284770619489,0.0896714653739,-0.0752952949058,-0.1614497134809,-0.1268784687900,0.1479340786576,-0.1074484125359,-0.2270119697324,0.0420071591679,-0.1686525285113,0.1650715757405,0.4569771695739,0.1718758117632,0.5216101177111,-0.0587900194901,0.0059444845078,0.2895251967501,0.2140786062729,-0.0929862927544,0.0912342895813,0.0894128909898,0.0031453172580,0.1119143524247,0.1429242641308,0.0430804870910,-0.1031754444545,-0.3278532858000,0.3177516845359,0.3959314106387
0.3281722422650,0.0381373813343,-0.0573349284109,0.0452228678591,0.8100967827862,-0.2319678733499,0.4199899903468,-0.1952015193005,-0.0718009746739,0.1860804700115,0.6748091608582,-0.2893870450220,0.8289588184364,-0.0290107434050,0.1869744901513,0.1237642318365,0.3856694523086,0.0977237437434,-0.1630399136173,-0.0539748043592,1.0000000000000,0.5155438753055,0.0253824124711,0.3482590715125,0.2060359702060,-0.0635165729160,-0.1808241110713,-0.1217585505099,0.2928458561299,0.2831941886329,0.1829402836691,-0.1030300492943,-0.0196837397146,0.2017827277380,0.1074702155839,0.3983538690754,0.1531781883003,0.0547542032023,-0.1034835400181,0.6482678090835,-0.2454895725952,0.1526165638659,-0.0372608563648,-0.1803541495656,-0.0291580575224,0.5253615142945,-0.1529710715038,0.8434835598522,-0.1637940422503,-0.1853693104752,0.0866483208351,0.4751384614693,0.1066833802203,-0.1186528083609,0.2164596642775,0.9441640421327,0.6235318370647,0.0933049887962,0.5082193301374,0.1004553354471,-0.2845242602038,-0.0208243106667,-0.0158389743153,0.2927225864497,0.3915442865396,0.3428896380409,0.0104550942779,-0.0465443423035,0.2276141216311,0.2049683797767
0.4649421758654,0.1776673340835,-0.1300670990240,0.1449448982046,0.5044705332026,-0.3077575601864,0.0766898170502,0.1451162945237,-0.3140891363821,0.1268789953702,0.2377719076085,-0.1827300022982,0.4507590707942,-0.0521972485219,0.1579692586337,-0.0866250131244,0.8232376311094,0.2253554650712,-0.2956231242537,0.0492119466595,0.5155438753055,1.0000000000000,0.3444063546451,0.7593997904413,0.4471869414440,-0.0682002125606,-0.0915963909554,0.1489058584127,0.5869872754850,0.3062208347875,0.6460139342332,0.0849411836233,0.0348252906399,0.1628398372516,0.1833720491860,0.3263812914296,0.2426186553023,-0.0885943760751,-0.0821124221436,0.4371569539789,-0.3177186360405,-0.2656707413530,0.1441955147875,-0.4478405918315,-0.0933113516127,0.0989765650116,-0.1542322419153,0.4058180490660,-0.1582877998838,-0.3575753498226,-0.0331693564990,0.8032953549957,0.1432277359751,-0.3008018968890,-0.0116370004119,0.4608359983185,0.8496384371528,0.3871926656906,0.7643334617390,0.2496837064171,-0.2771922102337,-0.1324965858058,0.2014858428235,0.5338782851948,0.2888152728420,0.5860625427039,0.2075838960541,-0.0502001936231,0.2340798747564,0.1187053329764
0.3898862107610,0.7504375415419,-0.0703693505152,0.7462637564570,0.0985130565666,-0.1927638001381,-0.1035643734640,0.4875679541615,-0.3305315154337,0.4698631546842,-0.1773695579469,0.0981743974602,0.0174620199201,0.2305951059673,0.2353906412095,-0.0168456488120,0.4443196674100,0.4399537756250,0.1271622632675,0.3389232026370,0.0253824124711,0.3444063546451,1.0000000000000,0.4262576378703,0.6524143141609,0.3910285203226,-0.1076813876437,0.3872003052596,0.3132549915882,0.2523204230296,0.4822696480790,0.2030581282298,-0.1274813385263,0.4614410674594,0.3966842240603,0.1477214394593,0.6115191745964,-0.2320319945530,0.6454719351359,0.1322311885823,-0.1686175206046,-0.4420285740614,0.2818766146961,-0.3792031304965,0.3722718817419,-0.3595480157678,0.0454165343122,-0.0914384961757,0.1499305421932,0.0613407479679,0.0566343123682,0.3815005661787,0.1783348768345,-0.0549888266477,0.2353862735705,0.0162552514516,0.2460223993001,0.8866387679545,0.4040590654735,0.5013135905130,0.2753152878884,-0.1156548771665,0.4031689730988,0.1843501523925,0.2070185329179,0.2067873379597,0.2389024518326,-0.1816671167437,0.3111478550053,0.3391743350861
0.4701346991446,0.2935357553124,0.1812737047836,0.3549275422585,0.3264100021180,-0.1690220380204,0.0818231740708,0.1355382528628,-0.1418346266331,0.0809623535034,0.1064458245647,-0.0829641532691,0.3351296918899,-0.1173138732102,0.0174079050556,-0.1441037129007,0.7221563249506,0.5758101354276,-0.1321282523329,0.3478769321188,0.3482590715125,0.7593997904413,0.4262576378703,1.0000000000000,0.3686134880450,0.0595989361782,0.0922021543400,0.2791957138474,0.4825239337009,0.1996574402309,0.7033061424085,0.0201768951040,-0.0351433306413,0.2899595577498,0.3885638546801,0.2509223001543,0.3818161342112,0.1295459425934,0.0993025206752,0.2082789684887,-0.1779957484503,-0.2541311226711,0.2304093021627,-0.2672865621014,-0.0974242948859,-0.1318083752063,-0.0378868214454,0.2010374082102,-0.2972657192506,-0.3373550409256,-0.0813884491110,0.6933851017012,0.4102496211214,-0.1380417272374,0.2210916227875,0.2968693192261,0.6579566696664,0.4402834001028,0.8457228039825,0.1400607328369,-0.2171279828459,0.0758340635032,0.2398690153797,0.3294499439985,0.1472927688644,0.6192096979860,0.0355030848366,-0.0946154489644,0.1733417151110,0.2855246126486
0.2344902888039,0.5173959883370,0.1172257372700,0.6037189395762,0.3820859948205,-0.2310716010994,-0.0389034450183,0.5676754073964,-0.2732149616863,0.6584331152145,-0.0404023290585,0.0650045484010,0.1656824368744,0.3548160789913,0.3077619979581,0.0157818093039,0.5115185243386,0.1795437092857,0.0698531527561,0.0508210251662,0.2060359702060,0.4471869414440,0.6524143141609,0.3686134880450,1.0000000000000,0.4357312820294,0.0247552598006,0.5078885888778,0.4506110090253,0.2022679776267,0.4155393346515,0.1014267109360,-0.0235232336457,0.2074764101744,0.2007902376049,0.0208962736839,0.4246207729989,-0.0106327361130,0.5541318028180,0.3069219666264,-0.2284495181852,-0.4104808452074,0.4779413367160,-0.4464824687057,0.5350015135250,-0.2943833626347,0.0046899087649,0.1383592601974,0.2457887114192,0.0096163185314,0.1179051367173,0.4599300399217,-0.0354461246135,-0.0223142574119,0.1087560330079,0.1796599854440,0.3505394305073,0.6596596068013,0.3906208072268,0.7668487990934,0.2290012229385,0.0488743132863,0.5250503558009,0.3389552181992,0.2358878509616,0.2477614723823,0.2163323818669,-0.1033339757326,0.1057969560574,0.1686238006954
0.1009129750519,0.5232261514785,0.3617194296802,0.6616735589697,-0.0453190861872,-0.1991145205847,-0.1487342523069,0.3661691132661,-0.0711841527631,0.6107547608451,-0.1810163291013,0.3540086328057,-0.0084711291966,0.4458467609003,0.1739536766318,0.0177756966195,0.0887397487225,0.2189208321464,0.4835257038446,0.2451045584817,-0.0635165729160,-0.0682002125606,0.3910285203226,0.0595989361782,0.4357312820294,1.0000000000000,0.1857817935670,0.5798233453091,-0.0989225560063,-0.1184439459809,-0.0523790809684,-0.2603266599258,-0.2034118698050,0.1658502820156,0.2500446903447,-0.1179336924616,0.4870565504952,0.1429338494186,0.6754844323871,-0.0648262037790,-0.1326028867152,-0.3022711286996,0.3508568543971,-0.1999443471222,0.5955930247224,-0.3804550946970,0.1345375161501,-0.0885143834842,0.3673801642106,0.3454341760688,0.0700198645895,0.0398472590980,0.0402144451119,0.3233761180773,0.2791105640750,-0.0678906247676,-0.1879651102881,0.3624358444679,-0.0015736605304,0.4456547074825,0.7165962678073,0.2856629360311,0.5799712378315,-0.1830772779927,-0.1264889972715,-0.3161924549176,-0.1852457646929,-0.2385063299082,-0.0512541788224,0.2383740440312
-0.1557051217333,-0.1766608342619,0.5718088878381,0.0790262629904,-0.0631809202054,0.2670288214734,-0.0586957618973,-0.0004875523896,0.3104115280197,-0.0392421710064,-0.1406547812708,0.4911796535780,-0.1318362933135,0.0885271445810,0.0209261213470,0.0125415501111,-0.0503746813466,0.1292508320435,0.2649977743606,0.2646642713522,-0.1808241110713,-0.0915963909554,-0.1076813876437,0.0922021543400,0.0247552598006,0.1857817935670,1.0000000000000,0.4418879384666,-0.0083478105894,-0.0379190804425,0.0907082506310,-0.1248660650391,0.0790895469343,-0.0642527309567,0.2019052728053,-0.1779125412382,-0.1988796958587,0.3495800247053,0.1018272823507,-0.1342572905479,0.1739934954060,0.0972163275366,0.0365227585398,0.2756767717252,-0.0410230229665,-0.2395889482065,0.1334776172514,-0.1787160677297,-0.0078419908419,-0.0482589554652,-0.1375389200598,-0.1097811206714,0.0642645437774,0.2163739737812,-0.0705868332387,-0.1867315899209,-0.1865431545585,-0.1751759285111,-0.1193347502532,-0.0552806302676,0.1821240151134,0.5950012318474,0.1621927104390,-0.1118034522099,-0.1401193627934,-0.1396423096981,-0.2263701873661,-0.0270122864153,-0.0810649036614,0.0915113745761
-0.0333061818309,0.2569599640665,0.5916186268306,0.4725936296439,-0.0761781801267,0.0000364015045,-0.1602567424772,0.4547668520969,-0.0463794619926,0.4961159834651,-0.2486923262885,0.3237823792040,-0.1185244817367,0.4896377043703,0.1313334452432,-0.1176306474181,0.2920694044828,0.1819705697373,0.4055122582425,0.1540298266793,-0.1217585505099,0.1489058584127,0.3872003052596,0.2791957138474,0.5078885888778,0.5798233453091,0.4418879384666,1.0000000000000,-0.0300860813013,-0.1458143696564,0.1303499177894,-0.0340407814391,0.0255364182938,0.0693424347198,0.1462197916236,-0.1913699871481,0.2449628070865,0.3064124469162,0.4615784180665,-0.1350579416545,-0.0098452595516,-0.3824822401902,0.4026809713087,-0.2143963977269,0.4773333854798,-0.5173539176356,0.1534747124743,-0.2183209626354,0.3630685885100,0.2281700953985,-0.0906855297499,0.1898713543998,-0.0678345249829,0.3263523857503,0.1100829246639,-0.1110359597615,0.0157688420055,0.3301812706315,0.1762345034105,0.4410928158698,0.4441281171168,0.3791532830921,0.8366766220077,-0.1458336897175,-0.1384416535295,-0.1050938351154,-0.0831063718475,0.0030391521641,-0.0698909716176,0.0601332344304
0.2462623693219,0.2302083565905,-0.1803242812303,0.1873924272742,0.3595876190027,-0.3301695807086,-0.0591655909727,0.4309329409340,-0.2562590461550,-0.1177267141658,0.1429321918251,0.0201989993475,0.2426865663410,-0.2556659293182,0.1958217895564,-0.0646931127370,0.5225586210533,0.1845186980916,-0.2349516270861,0.2390243995101,0.2928458561299,0.5869872754850,0.3132549915882,0.4825239337009,0.4506110090253,-0.0989225560063,-0.0083478105894,-0.0300860813013,1.0000000000000,0.2669584151774,0.5906725734317,0.1106583856848,-0.0044384238615,0.0961624335742,0.0849828979911,0.2158278904039,0.1558425343132,-0.0471377475543,-0.0822974811787,0.3676545630399,-0.3696159551283,-0.1925903722167,0.2870805740313,-0.2145113873611,-0.3156696652161,0.0977547299906,-0.0349751816704,0.2157919029491,-0.3228458391024,-0.3008670045894,0.0118823538137,0.5178424441761,0.1805936978659,-0.2593831764731,0.0090046153123,0.2346723820521,0.4168923247424,0.3036316477177,0.4403810357832,0.1522918446212,-0.3036648819970,-0.1462214053920,-0.0203951246178,0.8487792722557,0.2198917045263,0.4238053580872,0.3279313354110,-0.1354437511108,0.1275174129028,-0.0101627639722
0.4941300123875,0.2510483333012,-0.1820615191804,0.1759780055261,0.3358735964678,0.0193707179949,0.2457823883140,-0.0514935606794,-0.0345983146617,0.0218097846916,0.3545893779221,0.1545845376809,0.3321491083616,0.2127681505876,0.6050274021419,0.2779414787113,0.1502941447486,0.1642051405063,0.1652899727138,0.1981009413591,0.2831941886329,0.3062208347875,0.2523204230296,0.1996574402309,0.2022679776267,-0.1184439459809,-0.0379190804425,-0.1458143696564,0.2669584151774,1.0000000000000,0.3754101321626,0.1310153510816,0.2076649588924,0.4509137861477,0.3273355607628,0.3615614661460,0.2282088491874,-0.2519360725778,0.0612796836315,0.2690341763761,-0.0054426698657,0.0542946780137,-0.2284468748798,-0.1540424007462,-0.1039446152388,0.2831222867967,0.1502058352292,0.2807427323561,0.1438911326849,-0.0532326075010,0.3390377539593,0.2271270748560,0.0204186793574,-0.0091580518672,0.0347777725754,0.2056283644985,0.3769264578855,0.3011240587555,0.2390504435037,-0.0175871719618,-0.1366844445892,-0.2398369096598,-0.2209236764631,0.1621047566683,0.7578994595027,0.3277702154357,0.1513455139969,0.1356121880234,0.5062513385020,0.4051590056828
0.4992330145537,0.3074258596734,-0.0325963885185,0.3760616798789,0.2037172615080,0.0709093692470,0.1252633014097,0.2630876491624,0.0324723455137,-0.0509775081628,0.1077753598197,-0.0118075130340,0.1427932276068,-0.0676364932463,0.1774449530994,0.0564841232436,0.5443343887465,0.4388384804549,-0.2028422812860,0.2262297018796,0.1829402836691,0.6460139342332,0.4822696480790,0.7033061424085,0.4155393346515,-0.0523790809684,0.0907082506310,0.1303499177894,0.5906725734317,0.3754101321626,1.0000000000000,0.2920030638074,0.1581226666677,0.3215146835891,0.4148916538028,0.1911986247977,0.2368071417962,-0.2678879951267,0.1032204137583,0.1384597543610,0.0419587340870,-0.0618425716782,0.0785383955200,-0.1685507729144,-0.1460483457476,-0.1036814985417,0.0328928536632,0.0692330501169,-0.2197271320812,-0.3272446151678,0.0803463067718,0.4990128698356,0.2709270767106,-0.3116949559312,-0.0953357197185,0.1074840534911,0.4849008692025,0.4342879569963,0.5488666583435,0.1565754041456,-0.2655277633099,-0.2128172355355,0.0159094062385,0.3486074196645,0.1684861948291,0.6697245068446,0.2783621901338,0.1042154120383,0.2047500461713,0.2825028178638
0.0910749557416,0.1246791381951,-0.3398683603504,0.0837883802330,-0.1695447026653,0.2894407344794,0.1238379463401,0.3163631242056,0.1623049779497,-0.1898371657489,-0.0029617915227,-0.0074666702247,-0.1959717245525,0.2753551710462,0.0412468511395,0.2668739818456,-0.0794267406297,0.1990359643905,-0.2374567060476,-0.1310010522853,-0.1030300492943,0.0849411836233,0.2030581282298,0.0201768951040,0.1014267109360,-0.2603266599258,-0.1248660650391,-0.0340407814391,0.1106583856848,0.1310153510816,0.2920030638074,1.0000000000000,0.1183052006514,0.1757645242881,0.0683417874426,-0.1361295980410,0.0231890712851,-0.5101535219327,0.1081643103404,-0.1361994110970,0.3039214054019,0.0757696669332,-0.1478048449899,0.0991208501788,-0.0858575272520,-0.1235993823073,0.2333562120526,-0.2026639684560,0.1869397144657,0.0269686290866,0.1702672268958,-0.1102113819514,-0.1367018918249,-0.2225349221276,-0.2588544754018,-0.1567915209175,0.0576486835393,0.1751080021354,-0.0285958478598,0.0042883000493,-0.1226098602551,-0.3083314640200,0.0501503531408,0.0207270698922,-0.0854049464351,0.1047141592681,0.8047498400316,0.3539365045105,0.0962606557973,-0.1213115481872
-0.0634086421801,-0.1950962624842,0.0201449202580,-0.1355370210628,-0.0661800445714,0.3452276655548,0.0636793349982,-0.0834068287563,0.2089992208088,-0.1417247444962,0.0564898170569,0.0989888104449,-0.1140191612147,0.1546019233118,0.1096920558196,0.1021514153519,-0.0233216071499,-0.1166020364220,0.0171753419021,-0.1842645866266,-0.0196837397146,0.0348252906399,-0.1274813385263,-0.0351433306413,-0.0235232336457,-0.2034118698050,0.0790895469343,0.0255364182938,-0.0044384238615,0.2076649588924,0.1581226666677,0.1183052006514,1.0000000000000,-0.1646853999321,0.0794540829010,-0.0001971206693,-0.2146570371569,-0.0952770542515,-0.1932097192284,-0.0762215799954,0.2902964815128,0.1754401533847,-0.1349743471310,-0.0086665280321,-0.1066400056260,0.0779784556313,0.2129142353101,-0.0527978371315,0.1520661552977,-0.0753883043262,0.1969180002576,-0.0010936877449,-0.0976195536864,-0.1048413783322,-0.2903570443853,-0.0392700825875,0.0401021597890,-0.0790592589130,-0.0497533784260,-0.0143372722968,-0.2270018969299,-0.1758834984597,-0.0882975428022,-0.0713747523763,0.1557658929936,0.1746510745807,0.0275423227341,0.7714408551059,0.0775683159007,0.1023207367120
0.3894705556008,0.4465562849852,0.0346538935515,0.4589100397826,0.1908612251887,0.1001683013161,0.0369109736843,0.1456683771456,-0.0584610660475,0.1368389493792,0.1980507031731,0.0047049703218,0.1280605096532,0.1671605165703,0.2054057339620,0.2859673497755,0.0791352190778,0.5102747819392,0.1449489511460,0.3653781433268,0.2017827277380,0.1628398372516,0.4614410674594,0.2899595577498,0.2074764101744,0.1658502820156,-0.0642527309567,0.0693424347198,0.0961624335742,0.4509137861477,0.3215146835891,0.1757645242881,-0.1646853999321,1.0000000000000,0.5368376151126,0.1491974443587,0.4652221793529,-0.1209823464264,0.4538529598474,0.2375826309711,0.1582769970317,-0.0536336348186,0.0268585936733,0.0150060674325,0.1113447855504,0.0688518368913,-0.0254924748759,0.0216450408621,0.0476527275717,0.1636615550004,0.2519402951321,0.0733393446893,0.1705344846494,0.0203588538488,0.2801911380042,0.1591009227746,0.1666422699230,0.4289328463229,0.1853232131699,0.1963732264568,0.1765069330830,-0.0357379238767,0.0889651248998,0.0414397261241,0.1687697908196,0.0882306843745,0.1320588501981,-0.1108828797718,0.6372014771010,0.4869100458395
