1.0000000000000,0.3901035971890,0.0589405482745,0.5092432001815,0.3027661760628,-0.0336442470273,0.2074305985786,0.2951335669349,0.0484374969268,0.3984721623084,0.2850727157229,0.1679169755833,0.3551023346632,0.1733981896196,0.7529603848487,0.2220085349549,0.3933633854814,0.5633880264754,0.2760708711860,0.4498450808753,0.4156679079758,0.5003334457420,0.4919982588082,0.4692548870853,0.4101600014048,0.2624583089834,0.1399523225666,0.2753924944798,0.1564110951583,0.6992217875451,0.4867761564121,0.1587666776380,-0.0961948232509,0.5572565475744,0.4862746524116,0.7769016893037,0.3206979571574,-0.1993240293183,0.4499891886544,0.3150747078533,-0.0990353582573,0.0595793126726,0.3591532035896,-0.0153517614156,0.4381881136136,0.1903144790969,0.0906554518949,0.3961135484966,0.1364894116609,0.3429665442068,0.0962957000819,0.3954093951780,0.3868682139105,0.0974154190464,0.3744849254439,0.3524915842471,0.5703080636352,0.4345829636926,0.4451443575883,0.5397464879382,0.2220364857378,0.1261292919762,0.2715480713180,0.2741002374422,0.5290595495696,0.3115037613772,0.1182018234687,-0.0224145513412,0.4905843456903,0.4355374537282
0.3901035971890,1.0000000000000,0.0716323616027,0.7216710596312,-0.0199488846341,-0.3782703148601,0.1351986424479,0.0689168199732,-0.0549150981862,0.3742870916633,-0.0420231645611,-0.0228282350916,0.1290208296970,-0.0280304474136,0.2724301609017,0.1271535642634,0.2437352352294,0.6972224292040,0.1408796483063,0.4162857564125,0.0611276731069,0.3275804488456,0.7038764492309,0.4596866356608,0.0966307615348,0.4135108281142,-0.0304905914065,0.3302124324631,-0.0416878328630,0.4508067938767,0.3767074977969,0.1098833931788,-0.3440979803664,0.5570535990941,0.4284061697931,0.3626741247625,0.8700414426057,-0.1850963909286,0.5916314812705,0.0078884802989,-0.4606278090589,-0.0997001583220,0.0591360129358,-0.0856498811940,0.3991928709597,-0.0642870648979,-0.1122428929827,0.1819706916082,-0.1124894277819,0.0535302157199,0.0405111924371,0.2673142466415,0.5668261917849,-0.0319365945913,0.3692613347557,0.0387786171403,0.3395158103938,0.6995095532806,0.3427346776707,0.2002741004784,0.4121492426976,0.0844289909191,0.3127636805046,-0.0411188874836,0.2184061779932,0.2228660019860,0.0816900153766,-0.2979311276242,0.5364127728686,0.4302609223780
0.0589405482745,0.0716323616027,1.0000000000000,0.1663962250334,-0.0020493421781,0.0679963677535,0.0623638121883,0.5368083668090,0.2147438810650,0.1290645083115,-0.0512144783021,0.2239418686679,-0.1158542402585,0.0721722872089,0.0083155859751,-0.0096548670139,0.2979173241611,0.0631216052933,0.0972697500867,0.0653809594250,0.0004964255210,0.1898283523421,0.0391584636622,0.3060765442663,0.3119841834988,0.1593709938345,0.4458878877679,0.6134167491019,0.2781885474720,-0.1224068363651,0.2764718102814,-0.0929714714132,0.1140156550444,0.0014604282440,0.0215608532337,0.0125500049444,0.0092579434621,0.7176378149661,0.0328163449894,-0.0277201032332,0.1005939407029,-0.0596223814609,0.3149905771577,0.1479734074434,0.0563447460897,-0.1295409233170,0.1686701704911,-0.2004383306919,0.0207810649625,0.0409087381278,0.0231571845906,0.2124467957311,-0.0453603496725,0.1104738647693,-0.0055571556929,-0.0915196646345,0.0640814741457,-0.0455698912687,0.1446784130593,0.1902945143789,0.0140515756880,0.3213129589768,0.5260920909024,0.1336916056755,-0.2085068773829,-0.0932452565294,-0.0868353741609,0.0464463032077,-0.0490231290580,-0.1265543290691
0.5092432001815,0.7216710596312,0.1663962250334,1.0000000000000,0.0338719420624,-0.1964944637867,0.2785417608598,0.3335566432133,0.1154028548662,0.5567494755830,0.0119541115101,0.2850448066451,0.1509533622375,0.1277264894855,0.3946120954336,0.2476668370293,0.3329910194388,0.6403972253826,0.3399133907776,0.5344233617474,0.1552683048982,0.3507766835471,0.7247524271425,0.5392575507710,0.3073969732154,0.6260362853360,0.1386358845968,0.3358774506470,0.1477958140520,0.4753445052706,0.5252621275230,0.0442682272586,-0.1950487113905,0.4930243175417,0.5667672441626,0.3693283171623,0.6152274884000,-0.1742047143991,0.8415960040491,0.0529757036428,-0.2461417796266,-0.0397311802902,0.3378091546609,-0.0072654576454,0.6122883877971,-0.1057072859880,0.0953882739336,0.1720475839719,0.0285079801654,0.1631992048445,0.2075608681305,0.3059410538202,0.5329664310210,0.1388596441135,0.4538551657399,0.1067316070356,0.3849791145999,0.6541028829967,0.4120881999429,0.4258199868934,0.5139511966567,0.1700621651552,0.3189900178568,0.1335478462281,0.1830392480446,0.2410480341967,0.0570479656907,-0.1607681268546,0.4193975786921,0.5222840045722
0.3027661760628,-0.0199488846341,-0.0020493421781,0.0338719420624,1.0000000000000,0.0629113177113,0.0575449199564,0.1625033073759,-0.2915050948259,0.4243819676011,0.5529682351734,-0.0468726151517,0.7090367598262,0.0701830292630,0.3456241614080,0.1653237083266,0.2848660120848,0.0245614979959,-0.0337803459882,0.0135504592852,0.7907818629806,0.3598617564571,0.1474850490592,0.1698664165401,0.6449603470311,-0.0714437074755,0.0477708975636,0.1089643099686,0.5007275549644,0.2269303444577,0.2138852110328,-0.1375803827407,0.2151834152102,0.1125107221161,0.0098009924337,0.3024583996823,-0.0841100374446,0.0285229266462,-0.0072420309526,0.9405309741896,0.0650714908121,0.0943395174515,0.2770275758840,-0.1797916544957,0.3173513507868,0.4240879956317,-0.0692483302107,0.5968022852686,0.1057333722736,0.0691631444156,0.1116726771953,0.3544520846691,-0.0603133466783,0.0433686414137,0.0705085745494,0.7764392000396,0.3343030691072,0.1549017154561,0.1757729417843,0.5724672855223,-0.2016990069373,0.0646095414198,0.1392741034302,0.6370537021901,0.4183492281940,0.1931983566421,-0.0408424097482,0.2574136774807,0.0258199536671,0.0629308706761
-0.0336442470273,-0.3782703148601,0.0679963677535,-0.1964944637867,0.0629113177113,1.0000000000000,0.3049292163121,0.0788451175801,0.4851718838697,-0.1813926856883,0.2606044999780,0.2623904714384,-0.0118547192524,0.1325658155913,-0.0947116466090,0.3082954911105,-0.0287249879300,-0.3073378725595,0.0442257418661,-0.1706480394432,0.0883742969352,-0.0395472651654,-0.1381147109777,-0.1646364286901,0.0305476573710,-0.1758249161730,0.2455980390869,-0.0075389036941,0.1299033203060,-0.0257871191887,0.0033738358382,0.1000419793726,0.4955055381242,-0.0493803527491,0.0455975419312,-0.1487199167029,-0.3971690336321,0.0688966837179,-0.2225634831581,-0.0031618350841,0.8477172113690,0.4408009518014,0.0712179075314,0.4948122426831,-0.1262422951476,0.1574078676798,0.3789368914862,-0.0611613555528,0.2448293613955,0.1016579813488,0.2751929557870,-0.0962362834741,-0.2213905388725,0.0454119320402,-0.2365714398803,0.0159068083585,-0.0297720937802,-0.1809984654969,-0.0931873844674,0.0581521239127,-0.0723996784846,0.1052047903163,-0.0285521058323,0.1148452354533,-0.1114613026987,-0.0733549490452,-0.0440562530381,0.4010151119899,-0.1820422779806,-0.0434168118624
0.2074305985786,0.1351986424479,0.0623638121883,0.2785417608598,0.0575449199564,0.3049292163121,1.0000000000000,0.0609384861873,0.6463627069978,0.0670649504075,0.5646287842427,0.0466070296236,0.4234584130012,-0.0856700134145,0.1334140986845,0.5030089135772,-0.1270583948021,0.1689033744402,0.1259883435821,0.0820022885728,0.2218493493493,-0.0415213338334,0.1608520959822,0.0053040849450,-0.0093126732390,0.1293114999595,0.2734359230659,0.0313847962540,-0.0133424838789,0.2582945625470,0.1632003738220,0.0445497718264,-0.0341953080125,0.3406309705480,0.2012967389574,0.0581510469415,0.0375918143795,-0.1004996009881,0.2215479915332,0.0986189601926,0.1423017863661,0.7527259155417,-0.0372955154846,0.5614599653594,0.1613446578351,0.5137733064010,0.0776930289705,0.4233709021332,-0.1462652984410,0.1040572880616,0.3720759714416,-0.1194948107946,0.2155088501114,-0.0174378203986,0.0174078988742,0.1911775737854,0.1070748111512,0.0766378563842,-0.0517570664003,0.1292290965277,0.0778477815047,0.2027019826652,-0.0587787933166,0.0125084681045,-0.0964071494061,0.0390462985817,-0.0677526539962,-0.1678976041759,0.2322602165795,0.1060671683136
0.2951335669349,0.0689168199732,0.5368083668090,0.3335566432133,0.1625033073759,0.0788451175801,0.0609384861873,1.0000000000000,0.2339565851932,0.3205995963632,-0.0157902599794,0.4377312880153,-0.0384875309996,0.2341405768924,0.2539017310593,0.2455542726501,0.2772603503218,0.1865363237055,0.2873022082494,0.2130144486703,0.0935189232610,0.1513350140013,0.2844789554183,0.2542512782142,0.5475914388755,0.2888004452338,0.4600097387888,0.4539351417123,0.4332376168903,0.1906746203169,0.4202881980996,0.2124927778070,0.0828814080160,0.1711301471605,0.2146692954031,0.2340224052116,-0.0727398306305,0.0761795507249,0.1746221552881,0.0831360126220,0.0967057828722,-0.0577230264369,0.6519367831813,0.1744260439947,0.3279269161339,-0.1399316568072,0.3962172210672,-0.1168930451411,0.2085320437626,0.3685101742835,0.1843491321213,0.1661753266596,0.0673304138860,0.3000690854596,0.1799682979043,-0.0208515981823,0.1259126290318,0.0895485819476,0.1465017458341,0.5364093361600,0.1793938994931,0.2999388431185,0.3089728304974,0.3229102857899,-0.0080220977630,-0.1132905012581,0.1447206960248,0.0869224254871,0.1021370061126,0.0859499516205
0.0484374969268,-0.0549150981862,0.2147438810650,0.1154028548662,-0.2915050948259,0.4851718838697,0.6463627069978,0.2339565851932,1.0000000000000,-0.1891048116894,0.2870859353619,0.1046565587825,-0.0915746927388,-0.0220873338731,-0.0258243778720,0.4358075835487,-0.1808013563262,0.0291414112979,0.1011759374348,-0.0027052102180,-0.1402674406729,-0.1487194736296,0.0340538831664,-0.0992149878772,-0.1555190822347,0.0417417757474,0.3230329989038,0.0519171714248,-0.0249379268341,0.0556503863067,0.1196178440132,0.2082640112026,0.0083521534473,0.2359594425554,0.1009545862812,-0.1432884847121,-0.0947997680205,0.0148434698261,-0.0086812726662,-0.3058880217626,0.3516236587077,0.5966321319546,0.0898844723800,0.7551851866141,-0.0487555229353,0.1983123998408,0.2376353546889,-0.0570952106095,-0.0849779763206,0.0722079411951,0.3148143861002,-0.2576591255919,0.0994466213438,-0.0497942797794,-0.1499291497213,-0.1963887793035,-0.0758232860047,-0.0703203170761,-0.1601654264275,-0.0466968333349,0.0783048625624,0.1836152527003,-0.0580673276680,-0.1468745351718,-0.3991296668110,-0.1184092445938,-0.0363272235962,-0.1653031875083,0.0913612667042,-0.0935996433081
0.3984721623084,0.3742870916633,0.1290645083115,0.5567494755830,0.4243819676011,-0.1813926856883,0.0670649504075,0.3205995963632,-0.1891048116894,1.0000000000000,0.1313974974660,0.0326724014774,0.3757081492445,0.0748069637510,0.4161773269120,0.2430511635789,0.3116028673292,0.3371740805824,0.1493045033009,0.2343109635022,0.4409177522494,0.4558164579833,0.5712970962228,0.3783213215345,0.6575697401515,0.2779690407437,-0.0576143167825,0.2189415892940,0.2940258538411,0.3622893841172,0.4489042441905,-0.0755687442095,-0.0812525859124,0.3847477328920,0.2392682088436,0.3454016094842,0.3629048918106,-0.1141579669779,0.5327113770518,0.4376065690256,-0.2099639705053,-0.1070670763285,0.4371977818285,-0.2025076123155,0.8657151924514,0.0237098553047,-0.0844149800161,0.3957828999086,0.0097308306780,0.1709034832626,0.1934158665236,0.3701983010831,0.1659492037032,0.1021471396059,0.2195261188046,0.3997360790570,0.4567713548169,0.5559088668459,0.3357453852175,0.6579594341468,0.1313202254320,-0.0288023047124,0.2017184329397,0.3484992192250,0.3733106930093,0.3815064651974,-0.0853900279878,-0.0263752990761,0.3052091256016,0.3260945884952
0.2850727157229,-0.0420231645611,-0.0512144783021,0.0119541115101,0.5529682351734,0.2606044999780,0.5646287842427,-0.0157902599794,0.2870859353619,0.1313974974660,1.0000000000000,-0.1161003244432,0.6971112103529,0.0414876498669,0.3032580429622,0.3660144848877,-0.0218229801319,0.0020888779696,0.0316140169010,0.0006047276600,0.6639165740805,0.1830831880545,0.0191378884928,-0.0279721438761,0.2610284830682,-0.1131008520187,0.1410688629095,-0.0755795109314,0.2577168988420,0.2855265844606,0.1377239724035,-0.0018371334603,0.0377697022231,0.2845780497032,0.0752785914844,0.1336079688372,-0.1155255729115,-0.0507168464292,0.0001758685929,0.5365637149603,0.1249033826941,0.6247377192922,0.0130530660158,0.2745641664951,0.0744385169290,0.8969888971973,-0.1392814801212,0.7286124000840,0.0202485390911,-0.0093592784543,0.2424844179547,0.0378561960613,-0.0223024869564,-0.1006025571638,-0.0579156765521,0.6596993728823,0.2194961598967,-0.0114712929501,-0.0346137422403,0.2063863261780,-0.1876634986089,0.0838335072496,-0.1217579123331,0.3315208396841,0.1981134149932,0.0531323859262,-0.0295515264130,0.0019807664089,0.1696972487189,0.0416459068294
0.1679169755833,-0.0228282350916,0.2239418686679,0.2850448066451,-0.0468726151517,0.2623904714384,0.0466070296236,0.4377312880153,0.1046565587825,0.0326724014774,-0.1161003244432,1.0000000000000,-0.0518819717198,0.6236932846286,0.2434797186573,0.2142904006410,0.2380799142911,0.1859308751176,0.7004512065005,0.4669090404879,0.0792988779060,0.0882196301308,0.0603624429898,0.2343801368093,0.2000479115658,0.4961661153177,0.4666489968912,0.2337151894490,0.2485597666385,0.2119160182971,0.2066606973567,0.2579142469937,0.2504245051727,-0.0538124039813,0.4732208365207,0.0691562821418,-0.1214171300184,0.0621922993316,0.2510081450667,-0.1008899309802,0.2837594079827,-0.0346962436251,0.2558749273926,0.0792175597749,0.0429489164988,-0.2409745221221,0.7495469195421,-0.1529213245386,0.6162721701522,0.3162888361013,0.3221832536143,0.0984891708716,0.1555914052076,0.6619364126687,0.4114819320581,-0.0047828850763,0.0274571311282,-0.0788310520022,0.1622101487041,0.1724479527350,0.4787836995526,0.3292579669442,0.2633522599749,0.1724060816887,0.0874652523006,-0.0734002800663,0.1588828847813,0.2592435380983,-0.0655975344280,0.3670278019799
0.3551023346632,0.1290208296970,-0.1158542402585,0.1509533622375,0.7090367598262,-0.0118547192524,0.4234584130012,-0.0384875309996,-0.0915746927388,0.3757081492445,0.6971112103529,-0.0518819717198,1.0000000000000,0.0569020140410,0.3865315999770,0.3611886902532,0.1641047249433,0.1405443656495,0.1230345294211,0.1545481547834,0.7884518355705,0.3623147952797,0.2105153822709,0.1825828896097,0.4110128189259,0.0670067121280,0.0878014888043,0.0295478648892,0.2763330364457,0.4121368574156,0.2545419045353,-0.0775076771082,-0.0426340467663,0.3227704082922,0.1364662113574,0.2060955414216,0.0530377473641,-0.1149291814990,0.1740255237113,0.7238910910291,-0.1174788436963,0.3812520379231,0.0455229098019,-0.0590231871442,0.3228120523130,0.6017818560178,-0.1670000835549,0.8757297396747,0.0248851823591,-0.0032833367429,0.3088820935041,0.2700064320929,0.1243092086312,0.0615657325714,0.1781652701098,0.7893169124727,0.3881286355771,0.1781199286991,0.1800920046029,0.4043636965230,-0.0232678567973,0.1217771969009,0.0297145044398,0.4280803149516,0.4223322378507,0.2877194111773,-0.0175109997018,-0.0509147285741,0.1885858062238,0.1912379348873
0.1733981896196,-0.0280304474136,0.0721722872089,0.1277264894855,0.0701830292630,0.1325658155913,-0.0856700134145,0.2341405768924,-0.0220873338731,0.0748069637510,0.0414876498669,0.6236932846286,0.0569020140410,1.0000000000000,0.3559646311890,0.2232358153531,0.1706031685759,0.0779935519052,0.6164196395976,0.3111275580482,0.1345982190386,0.0970666568278,-0.0486706532353,0.0432332390200,0.1716629540777,0.3124423442352,0.2028475471509,0.1065585387940,0.0776568823823,0.2882059774722,0.0172072495872,0.4817093207189,0.1275883034540,-0.0109290321116,0.2611309661544,0.1149830214912,-0.0911689181553,0.0196838907228,0.1767799716898,0.0076102503631,0.1832571099626,0.0304042619833,0.0346878750746,-0.0058631562132,0.0262111033429,-0.0600161268052,0.5438984366576,0.0327060867572,0.9191514009989,0.3690307902620,0.3397912903895,0.1326023399215,0.0107422648013,0.5427938114347,0.3147712139004,0.1051824356031,0.0329906560000,-0.1133101032559,0.0565449778021,0.1160325952382,0.3455593579913,0.1099887342229,0.1621661833680,0.0698161174476,0.3142469378036,-0.1008906451094,0.2795304864978,0.2253297223211,0.0350390663353,0.2330842440242
0.7529603848487,0.2724301609017,0.0083155859751,0.3946120954336,0.3456241614080,-0.0947116466090,0.1334140986845,0.2539017310593,-0.0258243778720,0.4161773269120,0.3032580429622,0.2434797186573,0.3865315999770,0.3559646311890,1.0000000000000,0.2190663465244,0.2534683040391,0.5122846017819,0.4291851671956,0.4950530158273,0.4197159096080,0.3630604305144,0.2968594070005,0.3442893082455,0.3665990444054,0.3140142771367,0.0843348073923,0.1857261662398,0.1228413292103,0.6606905985888,0.3100190095805,0.1354792968060,-0.0661356482370,0.4024032080023,0.3617146926796,0.6620399865525,0.2322879293995,-0.1147792629809,0.3847183258916,0.3357463585260,-0.1318815230344,0.0219789027080,0.2054594915488,-0.0758448833856,0.3856092525935,0.1554543958216,0.0322071964442,0.3846036045015,0.2459354456499,0.4607777274618,0.1830098126650,0.3014362191101,0.3314554141979,0.2536644403231,0.5003990943450,0.3922657314175,0.3911153949118,0.2611649840052,0.2898750448678,0.3943899206084,0.2250549022958,0.0812160871568,0.2247293572816,0.2048773269901,0.6039281604801,0.2214749141438,0.1515004927510,0.0051916149753,0.3512422899755,0.3864948953559
0.2220085349549,0.1271535642634,-0.0096548670139,0.2476668370293,0.1653237083266,0.3082954911105,0.5030089135772,0.2455542726501,0.4358075835487,0.2430511635789,0.3660144848877,0.2142904006410,0.3611886902532,0.2232358153531,0.2190663465244,1.0000000000000,-0.0228960922154,0.1713047074483,0.3090794910673,0.1971166742290,0.2860624592222,0.0651186424920,0.2149377121190,-0.0047144299930,0.1726376264629,0.0898865551149,0.1749838749459,-0.0941030400972,0.0842455845497,0.3954944397721,0.1129053623643,0.3787644995036,-0.0694172039215,0.4389896659150,0.2804915672282,0.1199265419974,0.0314516909513,-0.2457394994546,0.1880168290161,0.1411684889738,0.1988572132758,0.6104902337505,0.1081744058381,0.5429083014319,0.2875926911118,0.2883012865691,0.3494039691581,0.3502631480358,0.1675537483941,0.4159952384389,0.8258777208585,-0.0351874198772,0.1420703010152,0.3029936212341,0.1122028754668,0.2628711523381,0.1569501158172,0.1111909552578,-0.0314668297073,0.2705118321847,0.1828787280750,0.0782755770119,-0.1488252449779,0.0918822446526,0.1598385825786,-0.0420736544636,-0.0661189549411,-0.1374566950045,0.3087249962825,0.2744039305858
0.3933633854814,0.2437352352294,0.2979173241611,0.3329910194388,0.2848660120848,-0.0287249879300,-0.1270583948021,0.2772603503218,-0.1808013563262,0.3116028673292,-0.0218229801319,0.2380799142911,0.1641047249433,0.1706031685759,0.2534683040391,-0.0228960922154,1.0000000000000,0.1847891961065,0.0805737658422,0.2104248068609,0.3851086540321,0.7706001337566,0.4581321601636,0.7925859442085,0.5807293307945,0.2755891721606,0.1842582917318,0.6094805280061,0.3930701987437,0.2546758183272,0.5589837891257,-0.1121116109421,0.0112147418371,0.1401049193832,0.2427673917177,0.3311013690296,0.1558018965111,0.2199647299280,0.2517881848496,0.2935755225047,-0.0675593443635,-0.3027005268391,0.3698787245837,-0.2031989524310,0.2848417393661,-0.1506353022641,0.1156037857655,0.0875935289841,0.2012459993640,0.0293074551829,-0.0555190997407,0.9318851245910,0.1676293617467,0.0376702514413,0.2431981024145,0.3113826140406,0.6391377837469,0.3989180311909,0.7939364915253,0.5492856917244,0.1919237919609,0.2349726314742,0.6601620137255,0.5138776247884,0.2270049387627,0.4095776995902,0.0712038049287,0.0962089466330,0.0531551537142,0.2508861246624
0.5633880264754,0.6972224292040,0.0631216052933,0.6403972253826,0.0245614979959,-0.3073378725595,0.1689033744402,0.1865363237055,0.0291414112979,0.3371740805824,0.0020888779696,0.1859308751176,0.1405443656495,0.0779935519052,0.5122846017819,0.1713047074483,0.1847891961065,1.0000000000000,0.3784896474138,0.7685260935063,0.1413260097306,0.3214128937544,0.5237138049253,0.5098173350957,0.1162297500089,0.5023176721478,0.1402342785440,0.2259698396116,-0.0188171464712,0.5708517799405,0.3959198911729,0.2274833143709,-0.2861767059961,0.5509152889316,0.6649455653946,0.5334476334219,0.6432320770085,-0.2281253696604,0.5463072365778,0.0387486632831,-0.3888123843499,-0.0775536602589,0.1492634520077,-0.1023194748867,0.3710575137963,-0.0519269061952,0.0134471138887,0.1969042404008,-0.0237407056350,0.2137000758382,0.0914353486249,0.1810725153859,0.8001260817031,0.1144066885502,0.6688053906593,0.1300028086465,0.3718311281835,0.4872920467301,0.3585099731389,0.2352204939559,0.4688067778602,0.2070493023185,0.2369667397652,-0.0309795547512,0.2953493681749,0.2162496617655,0.1114433309512,-0.2888380099614,0.5476026837909,0.5854709376418
0.2760708711860,0.1408796483063,0.0972697500867,0.3399133907776,-0.0337803459882,0.0442257418661,0.1259883435821,0.2873022082494,0.1011759374348,0.1493045033009,0.0316140169010,0.7004512065005,0.1230345294211,0.6164196395976,0.4291851671956,0.3090794910673,0.0805737658422,0.3784896474138,1.0000000000000,0.6757497514405,0.1089115453660,0.0956235568601,0.1306295566932,0.1347844361747,0.1492268325653,0.5765443007477,0.4305317230547,0.1133660651683,0.0657568459196,0.4121149918885,0.1647846013525,0.2725207090500,0.0182293475304,0.1490464672381,0.5640975509527,0.1922452389101,0.0526857716255,-0.0982530782343,0.3345805709833,-0.0458000573354,0.0256966762221,0.0981497619731,0.1295220287953,0.0576604083460,0.1458190071965,-0.0929465863879,0.4158987824061,0.1231957088996,0.4933071258649,0.4287710902727,0.4069132060756,0.0275473219648,0.2723695386528,0.7335805515319,0.5561088889288,0.0862756699064,0.1080929628670,0.0126548845360,0.0969500249409,0.1855656901043,0.5451962460108,0.2912244547768,0.1438285410245,0.0638390965006,0.2854246818665,0.0139096380514,-0.0701633537514,-0.0298828329008,0.1750472338067,0.5206591650871
0.4498450808753,0.4162857564125,0.0653809594250,0.5344233617474,0.0135504592852,-0.1706480394432,0.0820022885728,0.2130144486703,-0.0027052102180,0.2343109635022,0.0006047276600,0.4669090404879,0.1545481547834,0.3111275580482,0.4950530158273,0.1971166742290,0.2104248068609,0.7685260935063,0.6757497514405,1.0000000000000,0.1564419782997,0.2682801616220,0.2992857091759,0.4241734449546,0.1285288855006,0.6965768456534,0.3729355466414,0.2107506989023,0.0247209643869,0.4680661647371,0.3276596280249,0.1597230425425,-0.1988574458331,0.3264106472245,0.7168301493513,0.3737434669264,0.3351515340236,-0.1612434184447,0.5241901171605,0.0145626689761,-0.2659858755461,-0.0956592541920,0.1582349013031,-0.0987898813934,0.2497620542079,-0.0945885293467,0.1609845858749,0.1885375683407,0.1932880756844,0.2820732341657,0.1930852681504,0.1518153769927,0.6714782389197,0.4164128873858,0.8098624448453,0.1617163240379,0.2949249485885,0.2430339373385,0.3450225531272,0.1749132194866,0.6390248811613,0.3827809464502,0.2660931525532,0.0420368043671,0.3042330362839,0.1557109917998,0.0173962998110,-0.2446543015749,0.3310895281234,0.6476434095192
0.4156679079758,0.0611276731069,0.0004964255210,0.1552683048982,0.7907818629806,0.0883742969352,0.2218493493493,0.0935189232610,-0.1402674406729,0.4409177522494,0.6639165740805,0.0792988779060,0.7884518355705,0.1345982190386,0.4197159096080,0.2860624592222,0.3851086540321,0.1413260097306,0.1089115453660,0.1564419782997,1.0000000000000,0.5424093076505,0.2017649076343,0.3555328828551,0.5579361257356,0.0219882951119,0.0512203275958,0.1143035080143,0.4703183513674,0.3624649461604,0.3214236245772,0.0058397352202,0.0775707210507,0.2516788226383,0.2049427219153,0.3268930627783,0.0139788121944,-0.0103345511607,0.1130600382685,0.7834314996859,-0.0052259243087,0.2144906635624,0.1939350776267,-0.0862583701824,0.3096432546083,0.5283052602402,-0.0283625145817,0.7139171558228,0.1577500517564,-0.0003157804766,0.2063104174099,0.4442299562152,0.0738150586297,0.0571833116140,0.1574182001772,0.9338208554862,0.5007164965859,0.1929902796007,0.3419866584665,0.4711836058134,-0.0933901425910,0.0736233727815,0.1628038444626,0.5989470558500,0.3977167970827,0.3155925567593,0.0945094203376,0.1226475149453,0.1699009379006,0.2057247807551
0.5003334457420,0.3275804488456,0.1898283523421,0.3507766835471,0.3598617564571,-0.0395472651654,-0.0415213338334,0.1513350140013,-0.1487194736296,0.4558164579833,0.1830831880545,0.0882196301308,0.3623147952797,0.0970666568278,0.3630604305144,0.0651186424920,0.7706001337566,0.3214128937544,0.0956235568601,0.2682801616220,0.5424093076505,1.0000000000000,0.5370605209798,0.8143023678946,0.5592835394686,0.1273842287668,0.0495478439822,0.4824720818410,0.4093006234867,0.4094167983394,0.6797530187534,-0.0453574940349,-0.0304766906802,0.3848083240220,0.2964363310382,0.3597840222983,0.3542215582178,0.0968396039172,0.2935742043828,0.3912103383231,-0.1489236847012,-0.1346281831508,0.3666167410794,-0.1826770929469,0.3754527623187,0.0536858537288,-0.0225287168746,0.3392228521543,0.0984559414927,-0.0217217530131,0.0341981496040,0.7789019561487,0.3137810370842,-0.0000506560707,0.2935789937253,0.4810619201243,0.8482023607792,0.5404740197361,0.8103286774271,0.5137466431958,0.1045822616335,0.1520925522378,0.5401015688261,0.5192559822338,0.4019317101957,0.6040642640000,0.0139517361701,0.0098390322346,0.2584247567126,0.3504974677420
0.4919982588082,0.7038764492309,0.0391584636622,0.7247524271425,0.1474850490592,-0.1381147109777,0.1608520959822,0.2844789554183,0.0340538831664,0.5712970962228,0.0191378884928,0.0603624429898,0.2105153822709,-0.0486706532353,0.2968594070005,0.2149377121190,0.4581321601636,0.5237138049253,0.1306295566932,0.2992857091759,0.2017649076343,0.5370605209798,1.0000000000000,0.6032320627074,0.4013092123473,0.3300260799803,0.0239670945588,0.4218166251240,0.1767122797465,0.4837431981772,0.6530469143987,0.0054179050309,-0.1624903922377,0.5559144675842,0.4124356804996,0.4019509346894,0.6506477974139,-0.2802045773794,0.5702514330121,0.1566378099530,-0.2202445931113,-0.0571329049472,0.3805238566805,-0.0302241759632,0.6144272542641,-0.0590187854466,-0.0048273721740,0.2295218518458,-0.0776138742015,0.1087903258958,0.1025719500243,0.4694770094960,0.4560980980718,-0.0261059323207,0.2855861645525,0.1623651470697,0.5703778147160,0.9048716018209,0.5520376924739,0.5488688961338,0.2697806562165,0.0889607290246,0.3471991615791,0.2450794978919,0.2594786597970,0.4628757380103,0.0056655152377,-0.1345554105720,0.4195260598973,0.4155891377819
0.4692548870853,0.4596866356608,0.3060765442663,0.5392575507710,0.1698664165401,-0.1646364286901,0.0053040849450,0.2542512782142,-0.0992149878772,0.3783213215345,-0.0279721438761,0.2343801368093,0.1825828896097,0.0432332390200,0.3442893082455,-0.0047144299930,0.7925859442085,0.5098173350957,0.1347844361747,0.4241734449546,0.3555328828551,0.8143023678946,0.6032320627074,1.0000000000000,0.4229979655154,0.3732625043142,0.1889897525718,0.6270074488783,0.3340498675440,0.3650878590195,0.7155714097069,-0.0887578353987,-0.1205882547953,0.3318802067865,0.4212950092152,0.3639941617674,0.4363814513819,0.1517774097480,0.4316635583221,0.2013485036376,-0.2624202418696,-0.2582920540788,0.3546528631286,-0.2087266464675,0.3495148351038,-0.1577517860828,0.0445517866777,0.1251724245436,0.0188556933799,-0.0159584455621,-0.0372680392891,0.7384279543040,0.5181899452483,0.0234662831293,0.4242724774335,0.2805461724875,0.7198476885081,0.5560702055181,0.8887171836560,0.4270526542905,0.2901597078960,0.2928511368225,0.6609254591133,0.3921180413059,0.2214175061368,0.5401395080891,0.0647183628080,-0.0949569052568,0.2249574931694,0.4102901769799
0.4101600014048,0.0966307615348,0.3119841834988,0.3073969732154,0.6449603470311,0.0305476573710,-0.0093126732390,0.5475914388755,-0.1555190822347,0.6575697401515,0.2610284830682,0.2000479115658,0.4110128189259,0.1716629540777,0.3665990444054,0.1726376264629,0.5807293307945,0.1162297500089,0.1492268325653,0.1285288855006,0.5579361257356,0.5592835394686,0.4013092123473,0.4229979655154,1.0000000000000,0.1821858147511,0.2154669416569,0.4110771321499,0.6865954927915,0.2749310761128,0.5619154655601,-0.0830220888254,0.1305163332924,0.1887649188204,0.1741628316541,0.2927415356270,0.0109994152318,0.1216605116726,0.2556815278637,0.6097362331813,0.0176790534792,-0.1093138927509,0.6264998259717,-0.1704762113703,0.5377930371986,0.0989494158465,0.0901312571220,0.3389578433129,0.1680334830884,0.1184797381382,0.1185432185939,0.5773265943172,-0.0531287175777,0.1263039381710,0.1289369694059,0.4788337707852,0.4680342934046,0.3222982527435,0.3825847145210,0.8639021136241,0.0191737921516,0.1423151338115,0.3806584396049,0.7256996289433,0.3290018360164,0.3331197917902,-0.0296284884650,0.1965229746674,0.0535410383094,0.1824554510596
0.2624583089834,0.4135108281142,0.1593709938345,0.6260362853360,-0.0714437074755,-0.1758249161730,0.1293114999595,0.2888004452338,0.0417417757474,0.2779690407437,-0.1131008520187,0.4961661153177,0.0670067121280,0.3124423442352,0.3140142771367,0.0898865551149,0.2755891721606,0.5023176721478,0.5765443007477,0.6965768456534,0.0219882951119,0.1273842287668,0.3300260799803,0.3732625043142,0.1821858147511,1.0000000000000,0.4330928626312,0.3512089281325,0.0447979424147,0.2336284069051,0.2720203244359,-0.0851228868279,-0.1139448061016,0.1039217149923,0.5713112994167,0.1786344993310,0.2956041478177,-0.0374125736148,0.5932210487318,-0.0474838980043,-0.2479181627286,-0.2048241364691,0.2250475495613,-0.1165659882851,0.3351611204398,-0.2539754407769,0.1109253528158,0.0241862765399,0.2021893925233,0.1769721690331,0.1422130091416,0.2117680124665,0.4763237643719,0.3278060279126,0.6262494168669,0.0084863240421,0.1130590377778,0.2432024225590,0.2874418021301,0.2499867657570,0.8105845060593,0.4220432058413,0.3903295959929,0.0597763751642,0.0317676097696,0.0596310602289,0.0865535622093,-0.1467755834776,0.0960471961061,0.4739191674557
0.1399523225666,-0.0304905914065,0.4458878877679,0.1386358845968,0.0477708975636,0.2455980390869,0.2734359230659,0.4600097387888,0.3230329989038,-0.0576143167825,0.1410688629095,0.4666489968912,0.0878014888043,0.2028475471509,0.0843348073923,0.1749838749459,0.1842582917318,0.1402342785440,0.4305317230547,0.3729355466414,0.0512203275958,0.0495478439822,0.0239670945588,0.1889897525718,0.2154669416569,0.4330928626312,1.0000000000000,0.4699465371654,0.1392059794082,0.0959985886115,0.2932295965172,-0.0217940749019,0.1346335935101,0.0024508522820,0.3116245488745,0.0490092772953,-0.2104808723736,0.2604222766115,0.1081154276104,0.0256238673619,0.1756431080721,0.1423216899557,0.3275246173430,0.2619626968053,0.0190976804245,0.0253939575296,0.3431371777120,0.0261731953829,0.1505522562150,0.1439487021771,0.1443880888320,0.0603895461216,0.2245408523180,0.3292342449130,0.2658613116348,-0.0003846374041,0.1002715811071,-0.1590543827645,0.1826190743341,0.2419116064947,0.3732090723605,0.8242895705131,0.3970085719955,0.1609863233232,-0.1034395402626,0.0050332864908,-0.1440922132469,-0.0158950584122,-0.0359804164029,0.1853645936115
0.2753924944798,0.3302124324631,0.6134167491019,0.3358774506470,0.1089643099686,-0.0075389036941,0.0313847962540,0.4539351417123,0.0519171714248,0.2189415892940,-0.0755795109314,0.2337151894490,0.0295478648892,0.1065585387940,0.1857261662398,-0.0941030400972,0.6094805280061,0.2259698396116,0.1133660651683,0.2107506989023,0.1143035080143,0.4824720818410,0.4218166251240,0.6270074488783,0.4110771321499,0.3512089281325,0.4699465371654,1.0000000000000,0.2366810822111,0.0560199356052,0.5175667098687,-0.0973279669382,0.0183605999128,0.0779530955752,0.1190880129213,0.2255260061326,0.2112636878529,0.3803574481977,0.2111449690456,0.0849847091986,-0.0807436970902,-0.2615774550957,0.3223969952693,-0.0925089981610,0.2037592138484,-0.2233954229389,0.1126444327803,-0.0770931925636,0.0713151219330,0.0371537763692,-0.1487629556562,0.5408839920654,0.2239049751156,0.0075734756376,0.1966596851377,0.0181517424632,0.4078350618310,0.3415113147361,0.6137363492339,0.3949117927678,0.2067405674889,0.4546621598778,0.9219197138923,0.2491358013121,-0.0571168863670,0.2107417341342,0.0911179037048,0.0203864916588,-0.0251560108837,0.0123487870270
0.1564110951583,-0.0416878328630,0.2781885474720,0.1477958140520,0.5007275549644,0.1299033203060,-0.0133424838789,0.4332376168903,-0.0249379268341,0.2940258538411,0.2577168988420,0.2485597666385,0.2763330364457,0.0776568823823,0.1228413292103,0.0842455845497,0.3930701987437,-0.0188171464712,0.0657568459196,0.0247209643869,0.4703183513674,0.4093006234867,0.1767122797465,0.3340498675440,0.6865954927915,0.0447979424147,0.1392059794082,0.2366810822111,1.0000000000000,0.0536817036380,0.5500565531337,-0.0465727349185,0.2145238430108,0.0049539833912,0.1047467311669,0.0018947739489,-0.0936792513639,0.1969565856629,0.0073761588988,0.4602823704757,0.0998940767225,-0.0532692368441,0.5268201857390,-0.0640832277258,0.1649541081400,0.0877503494435,0.1298615474424,0.1444460425176,0.1052464182974,-0.0883725003379,0.0695661007729,0.3326283275321,-0.0726922050655,0.0930708084889,-0.0149415137181,0.4150705351399,0.2009356082915,0.1277087096359,0.2161485546319,0.4824623351679,-0.0670303781589,0.0910188171156,0.2492967936911,0.8715426297452,0.0942402560736,0.2340235684105,-0.0065488417967,0.2289402628124,-0.1293050338088,0.0563953311491
0.6992217875451,0.4508067938767,-0.1224068363651,0.4753445052706,0.2269303444577,-0.0257871191887,0.2582945625470,0.1906746203169,0.0556503863067,0.3622893841172,0.2855265844606,0.2119160182971,0.4121368574156,0.2882059774722,0.6606905985888,0.3954944397721,0.2546758183272,0.5708517799405,0.4121149918885,0.4680661647371,0.3624649461604,0.4094167983394,0.4837431981772,0.3650878590195,0.2749310761128,0.2336284069051,0.0959985886115,0.0560199356052,0.0536817036380,1.0000000000000,0.4009052349077,0.2946327910459,-0.1731717605637,0.7338302791532,0.6062204726679,0.5592588065352,0.3990960986073,-0.3206167140503,0.5053491380116,0.2456918944686,-0.1021646183279,0.2248119669522,0.1856745829143,0.0681220335059,0.4081911820164,0.2370664226150,0.1256055829217,0.4961440505138,0.2093619179086,0.3077550562933,0.3355365408304,0.2844601463626,0.4595658931519,0.2467162495584,0.4505963582137,0.3464695269634,0.5217078191151,0.4060276926315,0.3314132673833,0.3969762279332,0.3299811055601,0.1160048453779,0.0362620618611,0.1456205964631,0.7092134412425,0.3206039318684,0.0730368288721,-0.1490820386647,0.7286917741388,0.6772890238700
0.4867761564121,0.3767074977969,0.2764718102814,0.5252621275230,0.2138852110328,0.0033738358382,0.1632003738220,0.4202881980996,0.1196178440132,0.4489042441905,0.1377239724035,0.2066606973567,0.2545419045353,0.0172072495872,0.3100190095805,0.1129053623643,0.5589837891257,0.3959198911729,0.1647846013525,0.3276596280249,0.3214236245772,0.6797530187534,0.6530469143987,0.7155714097069,0.5619154655601,0.2720203244359,0.2932295965172,0.5175667098687,0.5500565531337,0.4009052349077,1.0000000000000,-0.0329617670596,-0.0209681660082,0.3809577597933,0.4112868003805,0.2600511769987,0.3001278394968,-0.0419474815579,0.3886450984420,0.2384433682077,-0.1131887294652,-0.0594551500889,0.4636848163979,-0.0527549620718,0.4241552585611,-0.0054321090903,0.0492984375151,0.2318616807439,-0.0035851544092,-0.0649504639703,0.0244911199376,0.5109768860204,0.3887245659876,-0.0186803158377,0.2473902909044,0.2712104251452,0.5873487112255,0.5319110702885,0.6092354633614,0.5495483965434,0.1578837773862,0.2392847167934,0.4401569523244,0.5363848502583,0.1870497380659,0.6320428754490,0.0124685632621,-0.0205825385228,0.2140877027126,0.3407281610287
0.1587666776380,0.1098833931788,-0.0929714714132,0.0442682272586,-0.1375803827407,0.1000419793726,0.0445497718264,0.2124927778070,0.2082640112026,-0.0755687442095,-0.0018371334603,0.2579142469937,-0.0775076771082,0.4817093207189,0.1354792968060,0.3787644995036,-0.1121116109421,0.2274833143709,0.2725207090500,0.1597230425425,0.0058397352202,-0.0453574940349,0.0054179050309,-0.0887578353987,-0.0830220888254,-0.0851228868279,-0.0217940749019,-0.0973279669382,-0.0465727349185,0.2946327910459,-0.0329617670596,1.0000000000000,-0.1456053287599,0.2166669159145,0.2219402230647,0.1109798076545,0.0611738289782,-0.2865466228730,0.0149623616526,-0.1801793390226,0.0869155191047,0.1973112842209,-0.0417977800535,0.1905918428076,-0.0678219563208,0.0175606488016,0.4653512936372,-0.0104714441589,0.4852769882654,0.2720908250473,0.3196321398593,-0.1515537653340,0.1444068183965,0.2291959077210,0.0993072375356,-0.0417173168999,-0.0175302263632,-0.0371939649274,-0.0873269315255,-0.0297505387006,0.1752114153495,-0.0782058714938,-0.1134396954685,-0.1099599530374,0.1165351301861,-0.1496683186725,0.4308338310166,-0.0577034606944,0.2841906879425,0.1080873743301
-0.0961948232509,-0.3440979803664,0.1140156550444,-0.1950487113905,0.2151834152102,0.4955055381242,-0.0341953080125,0.0828814080160,0.0083521534473,-0.0812525859124,0.0377697022231,0.2504245051727,-0.0426340467663,0.1275883034540,-0.0661356482370,-0.0694172039215,0.0112147418371,-0.2861767059961,0.0182293475304,-0.1988574458331,0.0775707210507,-0.0304766906802,-0.1624903922377,-0.1205882547953,0.1305163332924,-0.1139448061016,0.1346335935101,0.0183605999128,0.2145238430108,-0.1731717605637,-0.0209681660082,-0.1456053287599,1.0000000000000,-0.3520044530292,-0.0636853009299,-0.0575613885237,-0.3655776359357,0.2128316281489,-0.3167049122905,0.1498527074090,0.6672109164843,0.0738702864313,0.1672266568582,-0.0104048189358,-0.1015178336000,-0.0274690156619,0.2959765725963,-0.1487941548824,0.2513433917360,0.0686869139349,0.0744008888092,-0.0226437999251,-0.2696807555446,0.1098752146048,-0.1955281680637,0.0423977636190,-0.1149161098631,-0.1869121967680,-0.0941512912889,0.0784065927700,-0.2055090347180,0.0383441740389,0.0589790973996,0.1985685503091,0.0235494823651,-0.0256067735688,-0.0672639519126,0.8339101774786,-0.3199418143720,-0.1252652391202
0.5572565475744,0.5570535990941,0.0014604282440,0.4930243175417,0.1125107221161,-0.0493803527491,0.3406309705480,0.1711301471605,0.2359594425554,0.3847477328920,0.2845780497032,-0.0538124039813,0.3227704082922,-0.0109290321116,0.4024032080023,0.4389896659150,0.1401049193832,0.5509152889316,0.1490464672381,0.3264106472245,0.2516788226383,0.3848083240220,0.5559144675842,0.3318802067865,0.1887649188204,0.1039217149923,0.0024508522820,0.0779530955752,0.0049539833912,0.7338302791532,0.3809577597933,0.2166669159145,-0.3520044530292,1.0000000000000,0.4571990071781,0.3870347537578,0.5503861066360,-0.2672086068260,0.4676769449508,0.1350649327755,-0.1465148711111,0.3124687787231,0.1625488423516,0.2699423010404,0.3872970558381,0.2840507316002,-0.0223973200772,0.4385153806014,-0.0968568145247,0.1556309516702,0.2976531732410,0.1759690718187,0.4567842764151,-0.0041774065169,0.2466585458409,0.2438345545972,0.4943513183625,0.4968102267916,0.2427682557549,0.3019254568085,0.2387663980457,0.0355226460695,0.0096295976000,0.0052425445174,0.3820208342749,0.2467650170587,-0.0187382115798,-0.3171260313801,0.8313481626973,0.5070309497893
0.4862746524116,0.4284061697931,0.0215608532337,0.5667672441626,0.0098009924337,0.0455975419312,0.2012967389574,0.2146692954031,0.1009545862812,0.2392682088436,0.0752785914844,0.4732208365207,0.1364662113574,0.2611309661544,0.3617146926796,0.2804915672282,0.2427673917177,0.6649455653946,0.5640975509527,0.7168301493513,0.2049427219153,0.2964363310382,0.4124356804996,0.4212950092152,0.1741628316541,0.5713112994167,0.3116245488745,0.1190880129213,0.1047467311669,0.6062204726679,0.4112868003805,0.2219402230647,-0.0636853009299,0.4571990071781,1.0000000000000,0.3797826197155,0.3370005856076,-0.2058093097784,0.5322996267286,0.0329213283919,-0.0476446726681,0.0395833370943,0.2348543163525,0.0216179103979,0.2869543572150,0.0209336930403,0.2439595993371,0.2276966087224,0.2013835011044,0.1661573703542,0.2124487016490,0.1639762524409,0.5639432658195,0.2590991336299,0.5555433491638,0.1704530345108,0.3773920439453,0.2957907848109,0.3355929353720,0.2840976774216,0.6083294580732,0.2400648493478,0.1311634934508,0.1323327367594,0.2907502582259,0.2401561627562,-0.0430706513889,-0.0975930033139,0.4988979173868,0.8434199717522
