1.0000000000000,-0.0176314865576,0.3741536472760,0.0118948842091,-0.3512290732312,-0.1046573934706,-0.2915130535089,0.0862073052136,-0.0286619601760,-0.0963858174958,-0.2297346030955,0.3389424522214,-0.4138621739563,0.0499708532232,0.6762812465081,-0.1492550821255,-0.1137661686217,0.5244284643688,0.3208171490149,0.7328570681607,-0.2623437000494,0.0186576983565,-0.0558106539908,-0.0593840175919,-0.1683906360453,0.2401522828707,0.1182653218451,0.3455067445603,-0.4857841911364,0.5606187642226,0.1479305392004,-0.0159352713339,-0.0865731986547,0.1297512510664,0.0817929553937,0.8056726647286,0.0022522974468,0.0081543964385,-0.0223611051714,-0.3453418437215,-0.0748079356234,-0.3219163402331,0.2587526233757,-0.1614891928436,-0.1731132553283,-0.1482478092817,0.2813963613139,-0.4590083578329,-0.0412206447818,0.3703840228586,-0.0997236207694,-0.0428231546788,0.1662819068907,0.2183149599752,0.5416313873367,-0.2556741776245,0.1478176068911,-0.0394806277901,0.0587164433308,-0.1624969301000,0.0926502626284,-0.0230451632101,0.2861209977338,-0.4573503184283,0.5225657086077,0.0455808838087,0.0643845030916,0.0487221519600,0.1885240821311,0.0924939122551
-0.0176314865576,1.0000000000000,-0.1712692941448,0.7009479955939,0.1841267709978,-0.4049757595513,-0.2777736930741,-0.0178052010319,-0.3949448572223,0.3641012984755,-0.1494937429592,-0.0716949702143,0.1045861896191,-0.0805070740671,-0.2376481981194,-0.1710242830125,0.2198801800242,0.2065220674814,-0.2934602034320,0.1544434174041,0.1375331232838,0.1702276391932,0.6905243774150,0.2709251801688,0.3220790944518,0.5214174331305,0.2107175924946,0.0059573822903,0.1712902565228,0.2021841130162,0.2637800327129,0.0340458637991,-0.1901072201558,0.4336475785190,0.5971214949863,-0.0704237789358,0.8073841045357,-0.3136847233505,0.7652001317595,0.1580189258582,-0.2307474749144,-0.3381605019618,0.0314278109475,-0.4818649242930,0.3282507417868,-0.1809337644136,-0.2299340563055,0.0941764328532,-0.2658061523200,-0.4289767629377,-0.1442240743034,0.2831815049361,0.2453430998601,-0.3748261327195,-0.0657126135257,0.1916210436688,0.2440457001796,0.6731520840054,0.3413633085809,0.2516634519120,0.5918112076321,0.0247037386589,-0.1420586710064,0.1232560891945,0.1217485040613,0.1564377015493,-0.0234786288309,-0.0480865629033,0.3991315890246,0.5367100076682
0.3741536472760,-0.1712692941448,1.0000000000000,-0.1036626172326,-0.1879138180716,0.1553535119491,-0.0831596934376,0.3408889385547,0.1773446630839,-0.1658515407151,-0.0501025093547,0.3830586476704,-0.2089108273600,0.1822837865304,0.3659572229729,-0.0478468408348,-0.2444297125587,0.3832929360795,0.4794881599670,0.3615048555137,-0.1311850892378,-0.1033310515687,-0.2720820086402,-0.0869659911638,-0.1356459209715,0.0343153189864,0.4112111024215,0.7936303200168,-0.3515537771539,0.0486449987535,-0.0320224673854,0.1649510472474,0.0763776720012,-0.1350747029735,-0.2026535933495,0.2984792911304,-0.1305677578483,0.5911941004452,-0.1619633498218,-0.1783786568632,0.0124108763450,-0.0718234889731,0.0998938315453,0.1785388399200,-0.2368850388747,-0.0681122381185,0.2764064814582,-0.2625552954126,0.1679044284463,0.2774271637379,-0.0620073653018,-0.2641011701349,-0.0624708387795,0.4275567605138,0.2449291139216,-0.1408073472285,-0.0222154686445,-0.3998706207755,-0.0767657368337,-0.2368159482398,-0.0444476756088,-0.0068051518607,0.4786389353939,-0.3707906188557,0.0948610606643,-0.2606551072684,0.2197525607203,-0.0355290154290,-0.0641746143569,-0.2113220333629
0.0118948842091,0.7009479955939,-0.1036626172326,1.0000000000000,0.1369423627028,-0.3460894732355,-0.1786013720442,0.1293197812752,-0.2861663088711,0.5231704673611,-0.0405462291855,0.0263347545824,0.0487358561284,0.0431395342212,-0.0340875997646,-0.0601575450422,0.0601987447852,0.1850921034381,-0.2132609618895,0.1203785791619,0.0748597447990,0.0648200190573,0.6511023918174,0.0891091945017,0.3764972958897,0.4537522466894,0.1727773645614,-0.0204879924777,0.1739319009718,0.2398471695813,0.2846717538271,0.1398980874090,-0.0776914765418,0.3704689381261,0.4809130729596,-0.0112477384199,0.6420451295131,-0.2958929375414,0.8914399741250,0.1141623550262,-0.2130965486793,-0.2443360006398,0.2338478459972,-0.3930564909766,0.4133586731435,-0.0074455522643,-0.0635446271027,0.0363300660033,-0.1733892606392,-0.1941715445799,-0.0177424834389,0.1000198693990,0.2577531407961,-0.2072915714453,-0.0288178053658,0.0741947021029,0.0966620676119,0.6589696448245,0.1827331735163,0.3187433235705,0.4833664682859,-0.1066037345459,-0.1463415044103,0.1337625832677,0.0686942897317,0.1356489476502,0.1666282075720,0.0062889670706,0.3130454002800,0.4272824033647
-0.3512290732312,0.1841267709978,-0.1879138180716,0.1369423627028,1.0000000000000,-0.2703398363264,0.1293826356594,0.1266044008178,-0.3023754517727,0.4522749797672,0.1639288947716,-0.3120105508756,0.8374911346742,-0.0828813771329,-0.3345863708195,0.1612311888909,0.4250057442247,-0.0692544853471,-0.2937990553720,-0.1226740648007,0.8286245471185,0.2908199312268,0.2210647042473,0.3103188664070,0.5602814219153,-0.0074597376028,0.0276607488331,-0.1046630859127,0.4634489163008,-0.0490760215567,-0.1266800018027,0.0724969484513,-0.1434707119253,0.3191087285077,0.0939207531499,-0.1935753260092,0.2214172553675,-0.1988793318215,0.1586246352205,0.9563504824902,-0.2157956638423,0.0092351977842,-0.0773001397835,-0.2805864675691,0.6351694100803,0.1624655205644,-0.4335356245026,0.8611670992278,-0.1963483083267,-0.4225558007108,0.1080877521478,0.3992739073325,-0.1414812695588,-0.3283841855768,-0.3727726900728,0.8708553599722,0.2903051404415,0.2471345664490,0.2790590055517,0.5864119292525,0.0117640038815,-0.1285569937948,-0.2424707787101,0.4000189400963,-0.0951154970473,-0.1385089597275,-0.0369789429444,-0.0617292069557,0.1953471563073,0.0514093911408
-0.1046573934706,-0.4049757595513,0.1553535119491,-0.3460894732355,-0.2703398363264,1.0000000000000,0.4051738845773,-0.0588489324048,0.5761579740675,-0.3369534629133,0.0889824099921,0.1638109701750,-0.1478057272251,0.0956941583592,0.1087005801136,0.1574572357231,-0.2191410396999,-0.3195898907035,0.3079565297820,-0.2255822938550,-0.1855070463264,-0.3254557224213,-0.3597252333590,-0.2976036493035,-0.2250574287402,-0.2161452113661,0.0716605748412,-0.0018530502626,-0.1497481108817,-0.1928942637961,-0.1963749737388,-0.1918849607188,0.2400839264115,-0.3137700101287,-0.2459376008101,-0.1020636160478,-0.4699322370294,0.2361891951630,-0.3551701325215,-0.2790058568123,0.5906116768041,0.4345412357730,-0.1249641853158,0.6206320605458,-0.3367776954433,0.0055970532291,0.2528558004265,-0.1391730924937,0.3170476852520,0.2950015051643,0.1059644410807,-0.2539956068827,-0.2605750385761,0.3277268832608,-0.0511631580663,-0.2074911571690,-0.2773410884439,-0.4135388162994,-0.3318079342523,-0.2081134796561,-0.3066892382171,0.0731335576369,0.0200475833948,-0.1585071239349,-0.1962108197028,-0.1029832611897,-0.0885240627378,-0.0070149572909,-0.3125828844416,-0.2621102570295
-0.2915130535089,-0.2777736930741,-0.0831596934376,-0.1786013720442,0.1293826356594,0.4051738845773,1.0000000000000,-0.0153438992550,0.5189378007600,-0.2563725651095,0.7206147872067,0.0083640970373,0.3491219831934,-0.0315063356564,0.0883217672724,0.4120584189024,-0.1686468360089,-0.4296051141323,0.0586839852845,-0.3863799660200,0.1268456077865,-0.2206094857137,-0.2773897044046,-0.2568340765891,0.0661686297409,-0.2597223499188,-0.0305600936603,-0.2552934836007,0.3230412397307,-0.1030144354416,-0.2455564809243,0.0977751904531,0.3093958176045,-0.2456352542060,-0.1314152670261,-0.2456442921791,-0.3668015651652,0.1256990227696,-0.2129071463480,0.1238449193179,0.2811085149428,0.8236965958055,-0.0125233311703,0.4784977922687,-0.0220658016951,0.6627762714432,0.0229175694949,0.3702289843416,0.1000417619457,0.2219236843488,0.5122786378565,-0.2518353666925,-0.2405496442814,0.0825808797285,-0.3354823453157,0.0489786334805,-0.2922501686848,-0.2982619791915,-0.3590004602851,0.0947355053441,-0.3766582503783,-0.0252435447351,-0.0997049874279,0.2055428389059,-0.2396291208763,-0.1983752636313,0.1325568696304,0.0057489773960,-0.3111638101716,-0.1180226172918
0.0862073052136,-0.0178052010319,0.3408889385547,0.1293197812752,0.1266044008178,-0.0588489324048,-0.0153438992550,1.0000000000000,-0.0568524210139,0.3444350004869,0.0759029853038,-0.0695928336557,0.0551369790269,0.1875098698338,0.1237669964431,0.1480915485310,-0.1229424732902,0.1422894212893,-0.0596856233411,0.0023292844388,0.1560672902542,-0.0217811497347,0.0842612225837,-0.1223408726802,0.4652091278229,0.1626622256755,0.2009649690458,0.1703773214345,0.1434297621964,-0.2173596225263,0.2092776115908,0.0207441298016,0.0772187701305,-0.1769083203089,-0.1887360831300,0.1429717194234,-0.0171786343223,0.1837122034444,0.1329526013947,0.1005994432317,-0.0474867294620,-0.1017302625610,0.6218838808552,-0.0906306072182,0.2801678627836,0.1652942585782,-0.1167689878948,0.0149806365847,-0.0145443278773,0.1948876417896,0.2010124174984,-0.1066065799644,-0.1395130069149,-0.0773556254924,0.0124826222570,0.0876486840400,-0.0608742897814,-0.0790801967971,-0.1796789567434,0.3502079749867,0.0219593087134,-0.0856494917891,0.0257680480375,0.1899515830311,-0.1696842260747,-0.1351299123625,-0.0751533168113,0.0800380178955,-0.1814522170373,-0.1736533236248
-0.0286619601760,-0.3949448572223,0.1773446630839,-0.2861663088711,-0.3023754517727,0.5761579740675,0.5189378007600,-0.0568524210139,1.0000000000000,-0.5494738922070,0.2383217486016,0.4572380761121,-0.2455662772826,0.1028819882438,0.3942919331617,0.1276186417067,-0.2694804641589,-0.2324998060340,0.3736313855819,-0.1651486212392,-0.3284427865663,-0.2624150123011,-0.3927542870960,-0.2977751221371,-0.4083233248788,-0.2584775013462,0.1689177190868,0.0020122232514,-0.0301848201475,-0.1505510885411,-0.0730868310075,-0.1058369300258,0.3391214544050,-0.3863049111357,-0.2707100269158,-0.1258590356732,-0.4424742917658,0.1432290227862,-0.3670844892375,-0.3099054516410,0.2328032747928,0.5554708714299,-0.1259922913769,0.8280508167742,-0.4995190448108,0.1693988805843,0.4452793982647,-0.2009187793059,0.2517082643471,0.4336782711226,0.1427815387488,-0.3219274682272,-0.2029281252541,0.3978291870009,-0.2301622544180,-0.3416318812210,-0.3308883772869,-0.4277775577914,-0.3444090771953,-0.4013806902312,-0.3370881657952,-0.0003893852109,-0.0150874823246,-0.0505970830848,-0.2558740073594,-0.0179953986093,0.1296383564585,0.0421496325795,-0.4090740516850,-0.3026338810596
-0.0963858174958,0.3641012984755,-0.1658515407151,0.5231704673611,0.4522749797672,-0.3369534629133,-0.2563725651095,0.3444350004869,-0.5494738922070,1.0000000000000,-0.1229476375673,-0.3017536839725,0.3243769005862,0.1469009254536,-0.1743701184205,0.0618151971166,0.2404740379568,0.0128061332095,-0.2251629316057,0.0504629535528,0.4341937417231,0.1578916314745,0.5416056588501,0.1417535182301,0.7249784764851,0.2443480847656,-0.0483618397632,-0.0514951143351,0.1277916000327,0.0620487587636,0.0489772233684,0.0449730226352,-0.1834928929853,0.3728682982903,0.1151446192317,-0.0083458084196,0.3688003727078,-0.2212790106487,0.5528451808621,0.4135583746757,-0.2143647790188,-0.3283959298417,0.2633339379619,-0.5275752532964,0.8333121397111,-0.0642174215037,-0.3403406715658,0.3255588786500,-0.0690369367536,-0.2301608616054,0.0176356243650,0.2740526817130,-0.1143671577949,-0.3396688572500,-0.0164279052486,0.4219507959249,0.1586484112976,0.4795891912141,0.1850614653091,0.6539027631429,0.2421236216651,-0.1757697739184,-0.1842640294712,0.1196868981507,0.0606438546221,-0.0854413551774,-0.1361070046151,0.0318000183655,0.3069655265080,0.1090039811839
-0.2297346030955,-0.1494937429592,-0.0501025093547,-0.0405462291855,0.1639288947716,0.0889824099921,0.7206147872067,0.0759029853038,0.2383217486016,-0.1229476375673,1.0000000000000,-0.1486094616274,0.3756925233130,-0.0359057780651,0.0156259530995,0.1555849501964,-0.1102760503850,-0.1197068355890,-0.0413991557616,-0.1684506416681,0.2507999792853,-0.0265784772627,-0.1843532904139,-0.0019850189825,0.1282535280382,-0.0863396944295,0.0432387076368,-0.1662774550883,0.5450420219130,-0.0840482157924,-0.0317560322770,0.1579177275602,0.0991146799893,-0.1192152017046,0.0094179315638,-0.2723280516806,-0.2245414950665,-0.0004649825140,-0.0920138553344,0.1429174414366,0.1453033011434,0.5409788101908,0.0179747485761,0.2435263544198,-0.0119976944380,0.8894511582385,-0.1628428251584,0.3599661260796,-0.0142448161754,0.0731322188700,0.3332467633104,-0.1974734642812,-0.0900883966695,-0.0447456685067,-0.3399637505145,0.0629381625458,-0.2019406329975,-0.1692433404669,-0.2582466994571,0.0723643495165,-0.2964279997463,-0.0642791901953,-0.1456080186292,0.3906325172710,-0.2923400763533,-0.1478896003919,0.1631671756285,-0.0598872748165,-0.2072336172384,0.0055614965972
0.3389424522214,-0.0716949702143,0.3830586476704,0.0263347545824,-0.3120105508756,0.1638109701750,0.0083640970373,-0.0695928336557,0.4572380761121,-0.3017536839725,-0.1486094616274,1.0000000000000,-0.3045683159594,0.4968637372718,0.5872911088206,0.1042304205638,-0.0648355449529,0.0530444325459,0.7133583045317,0.3752210040957,-0.2715857268280,-0.0448671586484,-0.1519573069343,-0.1022832238368,-0.3183248562261,0.0998918742038,0.2423844946456,0.4211235573870,-0.3675962491946,0.3073033472009,-0.0932750781821,0.1795923370515,0.1958980648422,-0.0143128193236,0.0007944787453,0.1901967796655,-0.1309162603370,0.0626566505349,-0.0274224918221,-0.3418566734921,-0.0879597127038,0.0586338562430,-0.0459459062446,0.3319825516614,-0.3377109440381,-0.1328407819061,0.8535012144304,-0.2795892442280,0.5608230831279,0.3785462583379,0.1338309420795,-0.0487835055332,-0.0946956050708,0.6900430452637,0.1969671781172,-0.2495070069702,-0.0511336992273,-0.1963160138958,-0.0275707663169,-0.2945811108485,0.0911206178659,-0.1389349679864,0.2338418759665,-0.3908749895452,0.2141970316220,-0.0292635157114,0.4983804766264,0.0895678373271,-0.0162273957002,-0.0957330125034
-0.4138621739563,0.1045861896191,-0.2089108273600,0.0487358561284,0.8374911346742,-0.1478057272251,0.3491219831934,0.0551369790269,-0.2455662772826,0.3243769005862,0.3756925233130,-0.3045683159594,1.0000000000000,-0.0627405352775,-0.3432043786752,0.3006726711977,0.3463186116699,-0.1537995881861,-0.2339872842082,-0.1608903899213,0.8815598244205,0.2337293011818,0.1408104731585,0.2785561897631,0.4650058216949,-0.0517967579833,-0.0620652468907,-0.1305288871175,0.5309356249262,-0.0468670550964,-0.1479037117534,0.1236221045548,-0.0974484655770,0.2891906813770,0.1463362783534,-0.2922655689132,0.1075637443787,-0.1294935194099,0.0980144851557,0.7605764629408,-0.1355311428996,0.1787789625344,-0.1182803418440,-0.2375285891134,0.5167529200612,0.3355450666107,-0.4126665460112,0.9150642349395,-0.1194188456346,-0.3764678492781,0.2816562588898,0.2941257201840,-0.1445421625487,-0.2994692335896,-0.3172703313204,0.8073235188141,0.1656429676750,0.1519644900229,0.1847360358648,0.4884502391065,-0.0927733949135,-0.1516111916422,-0.1995931977458,0.4385105088769,-0.0931594910924,-0.1164795555371,0.0072352671062,-0.0057339126829,0.1740889983226,0.0465662625897
0.0499708532232,-0.0805070740671,0.1822837865304,0.0431395342212,-0.0828813771329,0.0956941583592,-0.0315063356564,0.1875098698338,0.1028819882438,0.1469009254536,-0.0359057780651,0.4968637372718,-0.0627405352775,1.0000000000000,0.3000078211543,0.2034345737524,0.1237962124496,-0.0848169446294,0.5128740911292,0.1650564952928,0.0256669258219,0.1108753602256,-0.0299450455401,0.0421869243993,-0.0129360171523,0.2006017506828,-0.0932121676811,0.3169284840340,-0.1665955220425,0.0890550610260,-0.2035354828699,0.3228418197349,0.3037157801664,0.0575431186513,-0.0499271819422,-0.0411929595041,-0.1861937687775,-0.0167631265661,0.0189381095207,-0.1391046551388,-0.0497594153267,-0.0574397525987,-0.0502173080595,0.0904113430219,0.0142614344928,-0.0331669780030,0.4319349515368,-0.0566765224976,0.7827288436157,0.3460038638753,0.1977982077363,0.1362209464767,-0.2482144846858,0.4545044183599,0.1426775930798,-0.0503577987572,0.0119362702743,-0.1430625197828,0.0176534947755,-0.0638530772335,0.1473164342554,-0.4326991978762,0.1632207662290,-0.1971271328346,0.1086333707828,-0.1658169800537,0.3254036756470,0.2397508771187,0.0249420520574,-0.1147679459786
0.6762812465081,-0.2376481981194,0.3659572229729,-0.0340875997646,-0.3345863708195,0.1087005801136,0.0883217672724,0.1237669964431,0.3942919331617,-0.1743701184205,0.0156259530995,0.5872911088206,-0.3432043786752,0.3000078211543,1.0000000000000,0.0700483298255,-0.3170058988839,0.1390296827750,0.5330379758539,0.4704315229733,-0.2794938157526,-0.0956947880555,-0.2607137948615,-0.2891655355715,-0.1625687939575,0.1300864435998,0.1291724526847,0.2701242904534,-0.4087541344947,0.4588577450296,-0.0775279958228,0.1011140419100,0.1023163086202,-0.0540793816423,-0.0998311960511,0.6155963013623,-0.2656189513388,0.0782415633616,-0.1160962053664,-0.3387053723282,-0.0143108068051,0.1050653085723,0.2475739504666,0.2455386251664,-0.2228113888586,0.1488052538021,0.5422144395581,-0.3348369454013,0.2656554727494,0.6910973075100,0.1138305810350,-0.2666752367824,-0.1452903252658,0.4556087944031,0.2951166433420,-0.2986461741408,-0.0199142651544,-0.2594135795285,-0.1511362729346,-0.1937027900977,-0.0708330321494,-0.1614138230735,0.2645170093159,-0.4240628888163,0.3648380044667,-0.0740381448107,0.3099599651805,0.1913947493201,-0.0303559351921,-0.1132484114286
-0.1492550821255,-0.1710242830125,-0.0478468408348,-0.0601575450422,0.1612311888909,0.1574572357231,0.4120584189024,0.1480915485310,0.1276186417067,0.0618151971166,0.1555849501964,0.1042304205638,0.3006726711977,0.2034345737524,0.0700483298255,1.0000000000000,0.0603749771284,-0.2428940650700,0.0631753087676,-0.2060672005926,0.1707327211444,0.0774322627429,-0.0805116761723,0.0064790918892,0.1582054999283,-0.1325177248715,-0.2453238907600,-0.1066262931432,0.1565080379513,-0.0131995220826,-0.1695083807220,0.1005195539579,0.2226457644054,-0.0888681700341,0.0331570880724,-0.1680773476829,-0.2526789318604,0.0295320073059,-0.0800494528037,0.1459289002104,0.0032661308651,0.3141836831150,0.1030944589280,0.0974066183805,0.2618080560894,0.1831891723325,0.0978818807946,0.2985761568216,0.2067459453841,0.0981206568615,0.7738260779151,0.0871714795480,-0.1840097882963,0.1176054118272,-0.1313307162546,0.1329274634896,-0.0050401316997,-0.0963051232768,0.0309025110536,0.2646309754651,-0.2715691031247,-0.3169768002865,0.0113789512690,0.1392916952759,-0.1081937991257,-0.0356102238563,0.1571484910472,0.2336147717097,-0.1541723350884,-0.0893664008783
-0.1137661686217,0.2198801800242,-0.2444297125587,0.0601987447852,0.4250057442247,-0.2191410396999,-0.1686468360089,-0.1229424732902,-0.2694804641589,0.2404740379568,-0.1102760503850,-0.0648355449529,0.3463186116699,0.1237962124496,-0.3170058988839,0.0603749771284,1.0000000000000,0.1240706907037,-0.0607209540386,0.0889724663255,0.3526162120496,0.6046139986595,0.3752013780900,0.7372859393581,0.1912167541078,-0.0331915483348,-0.2106883522163,-0.0022437196920,0.2839040312212,0.0499522449096,0.1037451355803,-0.0705149562440,-0.1762933790548,0.3431779716285,0.1965125179559,-0.2120206563348,0.2799435123658,-0.2468072726185,0.1307947596226,0.4105821424953,-0.3027323429931,-0.2059697110438,-0.1808204812195,-0.3129469790415,0.2957111192646,-0.1765584230445,-0.1482691299189,0.3464736556841,0.0603134084258,-0.3826185922857,0.0060209286257,0.9189004952010,0.0846404647071,-0.1095728251957,-0.1674333490566,0.4311029722732,0.4360135498263,0.4460199182662,0.6220864630981,0.2635928307038,0.1113056533740,-0.1517483633198,-0.1052161760067,0.2822740348512,0.0387909213853,0.1986322537615,-0.0682014178295,0.0623503621202,0.2525432869168,0.0851159977941
0.5244284643688,0.2065220674814,0.3832929360795,0.1850921034381,-0.0692544853471,-0.3195898907035,-0.4296051141323,0.1422894212893,-0.2324998060340,0.0128061332095,-0.1197068355890,0.0530444325459,-0.1537995881861,-0.0848169446294,0.1390296827750,-0.2428940650700,0.1240706907037,1.0000000000000,0.0393500622413,0.6943736989290,-0.0125344919216,0.2214160465356,0.1358830484103,0.3766604828872,-0.1800749183497,0.2887744468677,0.2913573579144,0.4181979514688,-0.0411814864331,0.2151471933646,0.4936994829558,-0.1016403392983,-0.2260414571884,0.1463789972430,0.3653597428232,0.3108636357828,0.3166246744163,-0.0442169736393,0.1760849656775,-0.0738794260024,-0.1710404668143,-0.5253984940195,0.0662279836528,-0.3814461831484,-0.1259226606485,-0.1577674303950,-0.0789027310533,-0.2506078548966,-0.2815458932630,-0.1235824180957,-0.1799149710229,0.1019137023308,0.5360528323112,0.0369745586938,0.3530549547563,-0.0571979139052,0.1607467843686,0.1644542512670,0.2043733123309,-0.1942839968337,0.2239799986817,0.0638007224975,0.1340716663047,-0.0653888631497,0.1171203561265,0.1725998602891,-0.0126888796714,-0.1303002923200,0.1435769777605,0.2582669192826
0.3208171490149,-0.2934602034320,0.4794881599670,-0.2132609618895,-0.2937990553720,0.3079565297820,0.0586839852845,-0.0596856233411,0.3736313855819,-0.2251629316057,-0.0413991557616,0.7133583045317,-0.2339872842082,0.5128740911292,0.5330379758539,0.0631753087676,-0.0607209540386,0.0393500622413,1.0000000000000,0.4328426036060,-0.1493189711989,-0.0856907094850,-0.3253916085605,-0.0840322298916,-0.2949813784431,-0.0392170319424,0.1587416844454,0.4686693187032,-0.4290117859578,0.1748971253986,-0.2151174837605,0.2550867323066,0.0297502919460,-0.0581280974157,-0.1609378934486,0.1615066327170,-0.3667257438726,0.1674592668765,-0.2405259101840,-0.3185521236733,0.0931870598263,-0.0108346064927,-0.1961933787634,0.3223506366398,-0.3076446986173,-0.0964163750915,0.6442670441664,-0.2171776040265,0.5925817166692,0.4792340554891,0.1028448452183,-0.0973436841920,-0.3245717256043,0.7644766613497,0.2910322264090,-0.1731990843343,-0.1459833748843,-0.3944453015092,-0.1508985391208,-0.3204235175731,-0.1087067424660,-0.1211188418821,0.2093588832577,-0.5055347788869,0.1571714134077,-0.2901976407227,0.3998292526041,-0.1107722925495,-0.0290304073637,-0.1825721308080
0.7328570681607,0.1544434174041,0.3615048555137,0.1203785791619,-0.1226740648007,-0.2255822938550,-0.3863799660200,0.0023292844388,-0.1651486212392,0.0504629535528,-0.1684506416681,0.3752210040957,-0.1608903899213,0.1650564952928,0.4704315229733,-0.2060672005926,0.0889724663255,0.6943736989290,0.4328426036060,1.0000000000000,0.0137698183138,0.1535601915506,0.0634290116539,0.2213749923303,-0.1099693476874,0.3568040169002,0.2954701806671,0.4451341922870,-0.2856174285583,0.4896753629884,0.1614851022988,0.0075574883245,-0.2675381678357,0.2631330442780,0.2547873699386,0.5294698823627,0.1321890281021,-0.1348687753163,0.1603733519781,-0.1487720375885,-0.1371917666231,-0.4568698424748,-0.0037091002117,-0.3207940529218,-0.0994997670069,-0.1590851528784,0.2256325909008,-0.2130118626201,0.0151464222238,0.0937959621117,-0.1407129497899,0.1194440027509,0.1934110413105,0.2573651593316,0.5531644266667,-0.0260118495345,0.1946364152890,0.0962771734360,0.1825734173104,-0.1480488926042,0.1973487836218,-0.0597046963322,0.1755188845971,-0.3364337264498,0.4049112665442,-0.0040688581955,0.1012385832062,-0.0996281681854,0.2760576778784,0.1601864250462
-0.2623437000494,0.1375331232838,-0.1311850892378,0.0748597447990,0.8286245471185,-0.1855070463264,0.1268456077865,0.1560672902542,-0.3284427865663,0.4341937417231,0.2507999792853,-0.2715857268280,0.8815598244205,0.0256669258219,-0.2794938157526,0.1707327211444,0.3526162120496,-0.0125344919216,-0.1493189711989,0.0137698183138,1.0000000000000,0.2271400180846,0.1367004024683,0.3150292114000,0.4937332183538,0.0964779191004,0.0059846058782,-0.0447549747364,0.3846120946586,-0.0507491801368,-0.1147090374285,0.0646642470142,-0.2128144058552,0.3165648271378,0.1560257055474,-0.1576784078624,0.1350436292178,-0.1551245237462,0.1374968778902,0.7308446805667,-0.1335596276437,-0.0634537821412,-0.0237123916245,-0.2941272508146,0.5564075786266,0.2007553199653,-0.3901106235329,0.8113817607183,-0.1063931249028,-0.3599333960750,0.1770671144668,0.3365113109227,-0.1497659867975,-0.2496316749485,-0.1872666439012,0.8814889429222,0.1922395460578,0.1667291079371,0.1925848755753,0.5194209713523,-0.0159576361923,-0.1609760001469,-0.2090693030669,0.3051841355745,-0.0888476734472,-0.1596165066210,-0.0064386351078,-0.0330395250459,0.2017192197333,0.0905519588684
0.0186576983565,0.1702276391932,-0.1033310515687,0.0648200190573,0.2908199312268,-0.3254557224213,-0.2206094857137,-0.0217811497347,-0.2624150123011,0.1578916314745,-0.0265784772627,-0.0448671586484,0.2337293011818,0.1108753602256,-0.0956947880555,0.0774322627429,0.6046139986595,0.2214160465356,-0.0856907094850,0.1535601915506,0.2271400180846,1.0000000000000,0.1965760011077,0.8421049742463,0.0461482524366,0.0351744300448,-0.2921153813989,0.0885603706362,0.2869477446238,0.1828070807924,0.2892500095957,0.0272855345536,-0.1395137679364,0.3602645998287,0.2763310715804,-0.0994145573172,0.1826269452366,-0.1320233306263,0.1164253045369,0.2845364551919,-0.3413017515757,-0.1575169473954,-0.0839731765336,-0.3209416042459,0.1811992810790,-0.0468207039951,-0.1487635599667,0.2320231177292,0.0456026241286,-0.2147669375753,0.0286204749740,0.5265001234616,0.1377786044788,-0.1469552721602,-0.0830595327517,0.2881694567830,0.6764993725870,0.3156011272724,0.7068785507367,0.0816053954556,0.0571742783226,-0.2787312693174,0.1091051861908,0.3066488806938,0.1537166394632,0.3298550490670,0.0377630386786,0.1346296325661,0.3119230042731,0.1494249057503
-0.0558106539908,0.6905243774150,-0.2720820086402,0.6511023918174,0.2210647042473,-0.3597252333590,-0.2773897044046,0.0842612225837,-0.3927542870960,0.5416056588501,-0.1843532904139,-0.1519573069343,0.1408104731585,-0.0299450455401,-0.2607137948615,-0.0805116761723,0.3752013780900,0.1358830484103,-0.3253916085605,0.0634290116539,0.1367004024683,0.1965760011077,1.0000000000000,0.2516746233841,0.4094779212959,0.2444529125213,-0.0308955877519,-0.0522313153115,0.2345433682648,0.2152958889098,0.3798254154145,-0.0716441969112,-0.0877705947008,0.4701636830784,0.4110949589303,-0.0920478233310,0.6798633480861,-0.4055612302848,0.6957750107169,0.2151391832467,-0.3153749299458,-0.2671782216932,0.1070175442068,-0.5353478589388,0.4550968823634,-0.1802008661153,-0.2426784706636,0.1166912818378,-0.2221117071795,-0.4210367447198,-0.1411391921107,0.4134577508408,0.1974038867701,-0.3879798249565,-0.1063118863917,0.1818402581393,0.2086881125383,0.8312050548488,0.3439331609039,0.3630914986048,0.3916442595856,-0.1313808145872,-0.2589258756418,0.2854088060987,0.1804141917162,0.3260746723441,-0.1520538548677,0.0558485513669,0.4437421124032,0.3254432339984
-0.0593840175919,0.2709251801688,-0.0869659911638,0.0891091945017,0.3103188664070,-0.2976036493035,-0.2568340765891,-0.1223408726802,-0.2977751221371,0.1417535182301,-0.0019850189825,-0.1022832238368,0.2785561897631,0.0421869243993,-0.2891655355715,0.0064790918892,0.7372859393581,0.3766604828872,-0.0840322298916,0.2213749923303,0.3150292114000,0.8421049742463,0.2516746233841,1.0000000000000,0.0459408733568,0.0979035981183,-0.1278624886742,0.1360977468049,0.4109046369009,0.0672115683391,0.3664582976772,-0.0696945560796,-0.2611612564409,0.3363498655823,0.3983202024802,-0.2297258437727,0.3093006053634,-0.2112132863273,0.1711546603040,0.2775246120456,-0.2849703294888,-0.2837382353211,-0.2169893106989,-0.3428895506487,0.1298207795146,-0.1171574044003,-0.2176404315243,0.2461513702948,-0.0363325176485,-0.4148527866182,-0.0172534550016,0.6613278464879,0.2213363963346,-0.1663117710457,-0.1506609129558,0.3216351925713,0.5061068237875,0.4050599701450,0.6642037380705,0.0777921956108,0.1049242751955,-0.1830298367119,-0.0008606139875,0.3445999669390,-0.0086826810011,0.3294349278964,-0.0099638723776,0.0124574491921,0.2602996555883,0.2309744918093
-0.1683906360453,0.3220790944518,-0.1356459209715,0.3764972958897,0.5602814219153,-0.2250574287402,0.0661686297409,0.4652091278229,-0.4083233248788,0.7249784764851,0.1282535280382,-0.3183248562261,0.4650058216949,-0.0129360171523,-0.1625687939575,0.1582054999283,0.1912167541078,-0.1800749183497,-0.2949813784431,-0.1099693476874,0.4937332183538,0.0461482524366,0.4094779212959,0.0459408733568,1.0000000000000,0.2170750084093,0.1479112952706,-0.1946765544200,0.3110068281800,0.0282414306055,-0.0000999167595,0.0208664078851,-0.1209702872955,0.2242626870164,0.0960448008527,0.0050133915857,0.2880381760009,-0.1372374812048,0.4417591812771,0.5272668564764,-0.1218039555981,-0.0459190181053,0.4488305622713,-0.3536258914034,0.7638950410047,0.2153308707076,-0.3924571362695,0.4716072187182,-0.1262817198374,-0.1871429360990,0.1710223908517,0.2535957273814,-0.2050169281401,-0.4056817405048,-0.2365493598412,0.4866612882911,0.1454401136706,0.3714636720502,0.0713027519655,0.8938232695045,0.1114290320650,-0.0556735652713,-0.2666611118715,0.2589680618856,-0.0011080634718,-0.1347311043803,-0.1055359793797,-0.0190313364004,0.1536382057103,0.1076218946147
0.2401522828707,0.5214174331305,0.0343153189864,0.4537522466894,-0.0074597376028,-0.2161452113661,-0.2597223499188,0.1626622256755,-0.2584775013462,0.2443480847656,-0.0863396944295,0.0998918742038,-0.0517967579833,0.2006017506828,0.1300864435998,-0.1325177248715,-0.0331915483348,0.2887744468677,-0.0392170319424,0.3568040169002,0.0964779191004,0.0351744300448,0.2444529125213,0.0979035981183,0.2170750084093,1.0000000000000,0.3284016019438,0.1124696838793,-0.0179724845829,0.1417537130569,0.1790535953017,-0.1338224501431,-0.2172028031991,0.1086897791714,0.5329537538181,0.2601487396516,0.3288643730165,-0.1396041544823,0.5392021568685,-0.0736645117237,0.0986733638626,-0.3292206694491,0.2417437755987,-0.2549634637720,0.1323622203445,-0.0616210157883,-0.0193356911240,-0.1307789011079,-0.0184241025254,-0.0206810074830,-0.0459531254282,0.0678112388217,0.1891540635992,-0.1376899376616,0.2192854062589,0.0460623625570,0.0962478459638,0.2152776215748,0.0230614818763,0.1714796376451,0.6545130715651,0.1316333602214,0.1572793852836,-0.0813570251262,0.0356238161415,0.0781818577143,-0.0271895964991,0.0275349922347,0.0313356229141,0.4830500514574
0.1182653218451,0.2107175924946,0.4112111024215,0.1727773645614,0.0276607488331,0.0716605748412,-0.0305600936603,0.2009649690458,0.1689177190868,-0.0483618397632,0.0432387076368,0.2423844946456,-0.0620652468907,-0.0932121676811,0.1291724526847,-0.2453238907600,-0.2106883522163,0.2913573579144,0.1587416844454,0.2954701806671,0.0059846058782,-0.2921153813989,-0.0308955877519,-0.1278624886742,0.1479112952706,0.3284016019438,1.0000000000000,0.2707368846678,-0.0255215356594,-0.0212626389437,0.0929589752669,-0.1197959161020,-0.1924597313287,-0.0959351393733,0.0658627483893,0.1625437813120,0.1491405204132,0.1296908313574,0.1591164417262,-0.0072048403923,0.0974390796961,-0.0778731265985,0.1286234561492,0.1854116321211,-0.1201302108886,0.0443985081771,0.0879675995184,-0.1080121769649,-0.1122268123748,0.0630642241602,-0.1605316503408,-0.1894176452558,0.0562485822854,0.1437102049923,0.0032310672791,-0.0131494338059,-0.1547472852959,-0.0821185801424,-0.2389730376631,0.0644960182003,0.1528362715809,0.4548244615730,-0.0213869028317,-0.1229274954140,-0.0859107940231,-0.1696644450099,0.0515675898588,-0.2798761526160,-0.1114985824647,0.0392747438572
0.3455067445603,0.0059573822903,0.7936303200168,-0.0204879924777,-0.1046630859127,-0.0018530502626,-0.2552934836007,0.1703773214345,0.0020122232514,-0.0514951143351,-0.1662774550883,0.4211235573870,-0.1305288871175,0.3169284840340,0.2701242904534,-0.1066262931432,-0.0022437196920,0.4181979514688,0.4686693187032,0.4451341922870,-0.0447549747364,0.0885603706362,-0.0522313153115,0.1360977468049,-0.1946765544200,0.1124696838793,0.2707368846678,1.0000000000000,-0.2964225288961,0.1141432894276,0.0195934798265,0.1714456047402,-0.0097591448487,0.1161237719448,-0.0984574952510,0.2425005069105,0.0846304905460,0.4034932956443,-0.0634361228105,-0.1212322704498,-0.1328258311741,-0.2413824788941,-0.0760339537320,-0.0214966719813,-0.1697644049772,-0.2270998223614,0.3105727764811,-0.1857754879527,0.2285892838604,0.1035771763161,-0.1790922787226,0.0045044262718,-0.0804066274403,0.3842775378902,0.2372017175579,-0.0444612491242,0.0396903880861,-0.2017923204870,0.1178991437635,-0.2781680806127,0.1369447645635,-0.1027199651015,0.6379491858915,-0.3197796802235,0.1731169953374,-0.1723381823563,0.1904436916990,-0.0047261258215,0.1373380954132,-0.1669292576891
-0.4857841911364,0.1712902565228,-0.3515537771539,0.1739319009718,0.4634489163008,-0.1497481108817,0.3230412397307,0.1434297621964,-0.0301848201475,0.1277916000327,0.5450420219130,-0.3675962491946,0.5309356249262,-0.1665955220425,-0.4087541344947,0.1565080379513,0.2839040312212,-0.0411814864331,-0.4290117859578,-0.2856174285583,0.3846120946586,0.2869477446238,0.2345433682648,0.4109046369009,0.3110068281800,-0.0179724845829,-0.0255215356594,-0.2964225288961,1.0000000000000,-0.2671084672939,0.3383508292717,-0.0102062045434,-0.0172647536183,0.0099229697693,0.1985044521473,-0.5160903218298,0.1720314367437,-0.3429285583697,0.2021924596414,0.4145480803974,-0.0570656513609,0.2212379628321,-0.0754397099292,-0.0642919859636,0.2140738964725,0.4480698204396,-0.3901885125207,0.5205061493822,-0.2162923324760,-0.3917733735718,0.2345370524994,0.2191586629837,0.1110764717369,-0.3924278660802,-0.5223859684975,0.3072372670851,-0.0497227693222,0.3063391916198,0.0878322758626,0.2522651630682,-0.0670627592459,-0.1049233019026,-0.3387638976060,0.8890396683459,-0.4213031020231,0.2486268251955,-0.0283267019353,0.0600508201762,-0.1174936301415,0.0890238290843
0.5606187642226,0.2021841130162,0.0486449987535,0.2398471695813,-0.0490760215567,-0.1928942637961,-0.1030144354416,-0.2173596225263,-0.1505510885411,0.0620487587636,-0.0840482157924,0.3073033472009,-0.0468670550964,0.0890550610260,0.4588577450296,-0.0131995220826,0.0499522449096,0.2151471933646,0.1748971253986,0.4896753629884,-0.0507491801368,0.1828070807924,0.2152958889098,0.0672115683391,0.0282414306055,0.1417537130569,-0.0212626389437,0.1141432894276,-0.2671084672939,1.0000000000000,0.0604604496200,0.1739770294957,-0.0343756972240,0.6382261289296,0.3709086913047,0.4709855599873,0.1496228418548,-0.1436874567249,0.1913507255487,-0.0683814107764,-0.2366721198572,-0.0718801153471,0.1138796718366,-0.2484975741400,0.0989213498222,-0.0211691512502,0.1891183863918,-0.0491482200194,0.0694289446280,0.1182885007579,0.0114639597350,0.0691606745001,0.1717523535445,0.1057684056377,0.2171998120022,-0.0240698818800,0.3063027230832,0.2630275783149,0.2534045296166,0.0484180690897,0.0781519952568,-0.1887042845974,0.0620607776896,-0.2524584014211,0.7803785973151,0.1472204797622,0.2903554922813,0.0319789740860,0.6333095245893,0.2950542835582
0.1479305392004,0.2637800327129,-0.0320224673854,0.2846717538271,-0.1266800018027,-0.1963749737388,-0.2455564809243,0.2092776115908,-0.0730868310075,0.0489772233684,-0.0317560322770,-0.0932750781821,-0.1479037117534,-0.2035354828699,-0.0775279958228,-0.1695083807220,0.1037451355803,0.4936994829558,-0.2151174837605,0.1614851022988,-0.1147090374285,0.2892500095957,0.3798254154145,0.3664582976772,-0.0000999167595,0.1790535953017,0.0929589752669,0.0195934798265,0.3383508292717,0.0604604496200,1.0000000000000,-0.2339688963732,-0.0657730689319,0.0848143396181,0.3827109733390,-0.0230307661436,0.3270513602338,-0.2388741343712,0.2745180330530,-0.1567476507417,-0.1434403287503,-0.2433397519909,0.2594983594757,-0.2283959949824,-0.1002823387965,-0.1030747699211,-0.1152560201786,-0.2166476014903,-0.3054577281452,-0.1927445667193,-0.1475083462511,0.0888253095364,0.4809807153957,-0.2448453945757,-0.0433821148333,-0.1399826421676,0.0435946935457,0.4324779073822,0.1117835300808,-0.0216748692378,0.1316397320521,0.0204504704369,-0.0938819101603,0.3764995850002,-0.0962101859805,0.6818359678957,-0.1113305460441,0.0044611591771,0.0720774802517,0.2916679037016
-0.0159352713339,0.0340458637991,0.1649510472474,0.1398980874090,0.0724969484513,-0.1918849607188,0.0977751904531,0.0207441298016,-0.1058369300258,0.0449730226352,0.1579177275602,0.1795923370515,0.1236221045548,0.3228418197349,0.1011140419100,0.1005195539579,-0.0705149562440,-0.1016403392983,0.2550867323066,0.0075574883245,0.0646642470142,0.0272855345536,-0.0716441969112,-0.0696945560796,0.0208664078851,-0.1338224501431,-0.1197959161020,0.1714456047402,-0.0102062045434,0.1739770294957,-0.2339688963732,1.0000000000000,0.1757267426103,0.1728825816396,-0.0205458402576,-0.0637915926916,-0.0185472330441,0.0585542979244,0.0390079731986,0.0966907082720,-0.2249863380916,0.0192517610515,-0.1521161908929,-0.0868097655149,0.1180667684724,0.2200572292412,0.0699182026030,0.2015294792250,0.2281103076077,0.1178221985939,0.1817378015299,-0.1286817098819,-0.1297512815693,0.1915274432288,0.0336976264489,0.0562044128204,-0.0475008531171,-0.1121507231268,-0.0202914126745,-0.0493603961832,0.0007395216247,-0.2860211676873,0.0325236242852,-0.0837671483633,0.1956118370097,-0.3263340515017,0.6373876784805,-0.0449598812285,0.2496240410130,0.0543424606808
-0.0865731986547,-0.1901072201558,0.0763776720012,-0.0776914765418,-0.1434707119253,0.2400839264115,0.3093958176045,0.0772187701305,0.3391214544050,-0.1834928929853,0.0991146799893,0.1958980648422,-0.0974484655770,0.3037157801664,0.1023163086202,0.2226457644054,-0.1762933790548,-0.2260414571884,0.0297502919460,-0.2675381678357,-0.2128144058552,-0.1395137679364,-0.0877705947008,-0.2611612564409,-0.1209702872955,-0.2172028031991,-0.1924597313287,-0.0097591448487,-0.0172647536183,-0.0343756972240,-0.0657730689319,0.1757267426103,1.0000000000000,-0.1867232055316,-0.1834790878994,-0.1084223312552,-0.2504075108017,0.0749884493408,-0.1709838450846,-0.1374437295186,-0.0230063184087,0.3601861582177,0.0169024572266,0.2143420920058,-0.1364403039702,0.1131455908080,0.2019291427896,-0.0473726196600,0.2584335160392,0.2374666060470,0.1868854992465,-0.1825924482826,-0.0810901019260,0.0708433907260,-0.1138933816626,-0.2253278226712,-0.1701563636011,-0.1580852264135,-0.2152214853685,-0.1173245511429,-0.1736316886326,-0.3324666339997,0.0214489406176,0.0054072398734,0.0081010230051,-0.0274945879578,0.0823135254675,0.3299589805321,-0.1944768076100,-0.1963762779638
0.1297512510664,0.4336475785190,-0.1350747029735,0.3704689381261,0.3191087285077,-0.3137700101287,-0.2456352542060,-0.1769083203089,-0.3863049111357,0.3728682982903,-0.1192152017046,-0.0143128193236,0.2891906813770,0.0575431186513,-0.0540793816423,-0.0888681700341,0.3431779716285,0.1463789972430,-0.0581280974157,0.2631330442780,0.3165648271378,0.3602645998287,0.4701636830784,0.3363498655823,0.2242626870164,0.1086897791714,-0.0959351393733,0.1161237719448,0.0099229697693,0.6382261289296,0.0848143396181,0.1728825816396,-0.1867232055316,1.0000000000000,0.4369106271959,0.0651985717425,0.4236117282430,-0.2672764462534,0.3596517841613,0.2806760677325,-0.3439225562221,-0.2693158290550,-0.0826178234194,-0.4581132100306,0.3698921265545,-0.1442853337745,-0.1512616316059,0.2631562436081,-0.0680410330064,-0.2976997370619,-0.1233561416121,0.3303802624624,0.0611873710689,-0.1304366801947,-0.0122579189088,0.3347086553785,0.3729309927750,0.4877823388028,0.4210668417380,0.2135495878806,0.1621866441998,-0.2528623267316,-0.0995216162373,0.0158304743307,0.5248525502466,0.1180972408352,0.1107248507445,-0.0957352822148,0.8861073537222,0.3152041961244
