1.0000000000000,0.2302830669964,0.1814855493952,0.0112791735228,0.3836576253512,0.0694989999563,0.0907963389032,0.1812758577367,0.0249755333461,-0.1424567000245,0.1965971708142,0.1627115829441,0.3763969303518,-0.0427713489103,0.4422934079146,0.0649197857837,0.3099066294396,0.5680536158408,0.0820842515207,0.4623259798499,0.3203070213877,0.4679913412864,0.2278406402729,0.4307701907558,-0.0173411887361,-0.0543023967646,0.1944334062464,0.1608310625402,0.3132709014646,0.6398949956630,0.5858563440947,0.1097132007287,0.0124538093358,0.3833151720916,0.4457217887458,0.6625711975160,0.2363156565896,-0.0242441313591,0.0206511958428,0.4210180980763,0.0979898302924,-0.0474164917884,0.0321052901000,-0.1515472692829,-0.0968712850359,0.1431661754542,0.0770261436950,0.3328068195332,-0.1153362080805,-0.0709970280270,0.0344062353324,0.2904397030920,0.3649941728355,-0.0287302171681,0.2117474225415,0.3199439956868,0.4490898453896,0.1500955912483,0.4006484797427,-0.0412397859017,-0.0707645853297,-0.0094003494369,-0.0014255932439,0.2489124849273,0.5827496396632,0.3744569949075,-0.1218325009214,0.0888857988034,0.4184997010524,0.2341999151611
0.2302830669964,1.0000000000000,0.0496701230735,0.6234155498741,0.1253723012836,0.0741874636263,-0.0899090618969,0.1506008841355,-0.0873667207341,0.3372410665053,-0.0381277984529,0.2239465828662,0.0805599194757,0.2352955666040,0.1214232262695,0.1623900850744,0.0868022900028,0.2271126016365,-0.0276244765794,0.2336663426560,0.2139155359436,0.0637642832198,0.6416546890055,0.0597574468536,0.2495301046728,0.2522978835648,0.1318115751599,0.2547720230423,0.1165686480686,0.3312035017657,0.2940967879704,0.0588623065632,0.0534813665217,0.3773843350556,0.4368134904872,0.1971598133608,0.7865183677290,-0.1105907306263,0.5695941749048,0.0383319613602,0.0526788236948,-0.1897766501202,0.1906234233821,-0.1989523177075,0.3288793944274,-0.0484435804637,0.2668766159230,0.1047556534502,0.1856778819542,-0.0104895533564,0.1564074650895,0.1232498676600,0.2736071822180,-0.1257492984986,0.1182509038146,0.1849316646473,0.0335207633868,0.6074557508422,0.1134431048300,0.2868875225344,0.4241674060784,-0.0506910421756,0.2199810563698,0.1281730897674,0.3039359536510,0.1843129510317,-0.0557967815565,0.2138649681569,0.3148087050762,0.3497749262021
0.1814855493952,0.0496701230735,1.0000000000000,0.1384177348619,0.0530498592090,0.1051677637862,-0.0069162319422,0.3837058375778,0.1682744474831,0.0461872272826,-0.0523264543841,0.3472691920164,0.0953240946550,0.2027223307996,0.2911368749399,0.1199845827073,0.1620252480507,0.3251666049621,0.4112011808120,0.3519485374662,0.1650551307006,0.3092143012211,0.0572299157581,0.3904744625876,0.2523439730215,0.0374967525366,0.4811969284190,0.6672739379553,0.2774741963123,-0.0145236412977,0.3294575348532,0.1252149427651,0.0431322257770,0.0735722281692,0.0267404515616,0.0455555357463,-0.0055145807642,0.4571197044943,-0.0008759438456,-0.0934123444525,0.0187151498609,-0.0493699959694,0.0965097348517,0.0730009997323,0.0276290355744,-0.0882899538305,0.2191461490287,0.0628318916595,0.0943202976530,0.0322056161979,0.1152526887841,0.0752055341071,0.0030608259811,0.2077268665010,0.0056596870082,0.1126060321876,0.1675618729871,-0.1302972026627,0.1934324585693,-0.0249764994317,-0.0382054996972,-0.0745911881423,0.2392336917583,0.1094930113255,-0.0823544084707,0.0272259929348,0.0857179257491,0.0060184481098,0.0004700885513,-0.1004819380250
0.0112791735228,0.6234155498741,0.1384177348619,1.0000000000000,-0.0582268430982,0.1102425873748,-0.0317052420000,0.2884769308905,0.0304257580433,0.6129617569189,-0.0540497731817,0.1905514734980,-0.1241142965911,0.3673514086631,0.2119539816303,0.2457241613449,-0.0852391054284,0.1965277268238,0.0421197995258,0.2211840407078,0.0167861698878,-0.1969332786910,0.5277849666986,-0.1186427602392,0.4999969632055,0.4890746712212,0.2662423637249,0.3158370904800,0.0238194850205,0.0357320180443,0.1416566569572,0.0976897870756,0.1948987481854,0.1343295873754,0.2674754304283,0.0955477595735,0.4804988447014,0.0639343497851,0.8111326766362,-0.1922448461262,-0.0089792804927,-0.0525729269095,0.3971427443062,-0.0673538413154,0.5274918950451,-0.0919831237334,0.3159288779456,-0.1239156171847,0.2986515704371,0.2888072407927,0.2162086159797,-0.0938496335699,0.1116897858561,-0.0026170098102,0.2633262095290,-0.0133317368167,-0.2844893174219,0.5164414260989,-0.2011456027406,0.4473906419366,0.5971977214419,0.1572474233553,0.3960346527086,-0.0260064855972,-0.0693755845561,-0.1163848807022,0.0612754386450,0.1325057925818,0.0178554078585,0.2649854885345
0.3836576253512,0.1253723012836,0.0530498592090,-0.0582268430982,1.0000000000000,-0.0021941376663,0.2121763735565,0.1790430949916,-0.1411874387294,0.1275278451112,0.3490442699013,-0.1365000270438,0.7651095275771,0.0722883504535,0.2213445219390,0.1674216879371,0.2664264486355,0.2803343218444,-0.0940624141528,0.1631069604085,0.7398220956926,0.4949116455815,0.1785969419191,0.3435983608290,0.3077998078752,-0.0107237547972,0.0079178666593,-0.0472600077931,0.4219287439092,0.4868838479282,0.3067040472169,-0.0350049390505,-0.0170188890725,0.4730786679818,0.2841695079306,0.4515338992589,0.1290299074237,-0.0578667052858,-0.0281260765260,0.8832287988075,-0.0374735042118,0.1163357453766,0.1229644393021,-0.2132138573354,0.2425547461207,0.3814452440279,-0.2693741748214,0.7851838677221,-0.0981446764459,-0.0660365116825,0.1692746719510,0.2524626972024,0.1852885895820,-0.2566478650502,-0.0734682151258,0.8215668061659,0.5509558235684,0.1314668347044,0.3296710361998,0.3051916308060,-0.0698294179145,-0.1943025385682,-0.0905913693876,0.4078150723008,0.4654372973278,0.2184851073459,-0.1222885067951,-0.0205808149447,0.5234242502430,0.1127777859371
0.0694989999563,0.0741874636263,0.1051677637862,0.1102425873748,-0.0021941376663,1.0000000000000,0.4910171260530,-0.0020919386456,0.6352631253361,0.0406343994826,0.2236647215378,0.3379774392337,0.0698023827415,0.3364726933030,0.2884935398392,0.2932646124540,0.0926273979327,-0.1066525836508,0.2857877718063,0.0199753032438,0.0568603177714,-0.0636043373362,0.0890146216825,0.0418320682375,0.1032315725666,0.1269611660042,0.1608409962095,0.0886068617269,0.0826050221276,0.1321602922765,0.0542610716452,-0.0597106778530,0.1710740829846,-0.0383594881345,0.1540314813648,-0.0066713906036,-0.0583593376253,0.1660640349550,0.1642971082956,-0.0766736847472,0.5924266552370,0.4341937066599,0.1206515144676,0.5907696354702,0.0435216061943,0.1844305939931,0.2331218791735,0.0086367054026,0.4034625361615,0.2584957146096,0.2389282416523,0.0904880445692,-0.0153051717007,0.2464094257288,-0.0260132799038,0.0498898866955,-0.1244269651992,0.0734655350652,-0.0287718367174,0.1451149756719,0.0237442034003,0.1060349930812,0.1445000346058,0.0284887428336,0.0648508160963,0.1066319553762,0.1394338979024,0.1810487990067,-0.0643917326029,0.1332990056999
0.0907963389032,-0.0899090618969,-0.0069162319422,-0.0317052420000,0.2121763735565,0.4910171260530,1.0000000000000,-0.0422050846769,0.6046123421099,-0.0404761700057,0.7041700598383,0.2282498029956,0.4284627941491,0.1713071040206,0.3716654172025,0.3177161995753,0.0567252077780,-0.0716300298922,0.2543688479047,-0.0342378390476,0.1778462508676,0.0529574051658,-0.0258674950598,0.0591012651782,0.0935462962925,-0.0653147511506,0.0534718360267,-0.0661312189888,0.2593916157637,0.2861062944301,0.0515933317532,0.0776256594494,0.1510311856628,0.0489393045581,0.1320994595574,-0.0494358323573,-0.1384448428319,0.0766115508963,0.0250808454290,0.1799479753940,0.3270132398175,0.8006933294580,-0.0493105943978,0.4922724101696,-0.0110853305240,0.5748149809061,0.0303054025395,0.3476991403216,0.2214509173001,0.1449511486427,0.2748290480306,0.0692832570444,0.0796181453363,0.1626411061721,-0.0808098945093,0.2410616580639,0.0677071189511,0.0176567621144,0.0778863944594,0.1125075056523,-0.1399492617960,0.1398271500355,-0.0764456809084,0.2298337758876,0.2089763237342,0.1021250757535,0.1370646205466,-0.0060277731521,0.0803603667960,0.1612984022150
0.1812758577367,0.1506008841355,0.3837058375778,0.2884769308905,0.1790430949916,-0.0020919386456,-0.0422050846769,1.0000000000000,0.0046403503862,0.5308516239162,-0.0110463299680,0.0392371993118,0.0556924752809,0.2078979011371,0.4318834701120,0.3916846180567,-0.0593173300270,0.1419172132529,-0.1418157187404,0.0538653902162,0.0618949719217,-0.0485101823123,0.2937950967445,-0.0886605095044,0.6467277195768,0.1542643463825,0.1814535439215,0.2975143324710,-0.0091787667804,0.0987589913986,0.2257730102213,0.2853544742471,0.1069706431025,0.1924938762420,-0.0058370859451,0.1875056917351,0.1497198652521,0.3593590668157,0.3586436847414,0.0005146248868,-0.0197673487090,-0.1191968007003,0.6350975825087,-0.1572199033472,0.4651935098991,-0.1919573452826,0.0676320718574,0.0130443878331,0.2549316468086,0.3077606328999,0.3124560580534,-0.0826648304614,-0.1234970238655,0.0423410027930,0.2376905021598,0.0953009376338,-0.1504410940580,0.1676078477690,-0.2245814432718,0.5292933829993,0.4331629025427,0.1531018894019,0.3005008923690,0.0173558712277,0.1154423705443,-0.2209707295932,-0.0534020112195,0.1452271769603,0.1302720487834,-0.1152767492038
0.0249755333461,-0.0873667207341,0.1682744474831,0.0304257580433,-0.1411874387294,0.6352631253361,0.6046123421099,0.0046403503862,1.0000000000000,-0.1206230596902,0.3382751433296,0.5104023574450,-0.0321869254044,0.1505537520360,0.4234810058717,0.2069665300365,-0.0444088310240,-0.1882399602458,0.3221045946110,-0.1513533186373,-0.1232534933065,-0.1323994919109,-0.0697693963026,-0.0618837190652,0.0107990574382,-0.0559577369721,0.2302257393573,0.0808255874839,0.0267023482191,0.0251507992776,0.0278174187451,-0.1253411368747,0.1536663963637,-0.1203147521381,-0.0791571335613,-0.1537917123919,-0.1507276872209,0.1558762445354,0.0609137797968,-0.1557081406105,0.4801239971995,0.5353708134123,-0.0654626746896,0.8090202991022,-0.1537124572129,0.1401848894382,0.2274604771313,-0.1025415571443,0.2666746260737,0.3038336732861,0.0141265323459,-0.0427034020388,-0.1578625035864,0.3120257712278,-0.1596140654964,-0.0990901735440,-0.1895249031785,-0.0767513592316,-0.1455623268226,0.0282657752458,-0.0279496705488,0.1842494722290,0.0105951053486,-0.0445366165506,-0.0743036795178,-0.0425304638368,-0.0362936200865,-0.0451389757519,-0.1680229743598,-0.0386184685379
-0.1424567000245,0.3372410665053,0.0461872272826,0.6129617569189,0.1275278451112,0.0406343994826,-0.0404761700057,0.5308516239162,-0.1206230596902,1.0000000000000,-0.0576065601846,-0.1292985138240,0.0199725468912,0.4910887798650,0.1943398038240,0.3560685826992,-0.2279898272848,0.0046346510227,-0.0856357298318,0.0505721746195,0.1290568281967,-0.2863909878459,0.4781899438436,-0.3200416467829,0.6854014142246,0.3293621459179,-0.0548956969315,0.1377516432431,-0.1261269288726,-0.0539040024247,-0.0763255581706,0.2603686493101,0.0961410236360,0.1024120297873,-0.0592820822747,0.0077408494981,0.2800942896216,0.0777373457298,0.5797571501499,-0.0744659965127,-0.0644366104244,-0.1067011661141,0.5285338871020,-0.2481562284743,0.8767270501659,-0.0735436241837,-0.0863506742136,0.0595295925573,0.3850647923822,0.3086431313691,0.3527509032042,-0.2634797379806,-0.1916151422916,-0.1133218947665,0.1095991311529,0.1340708754257,-0.3407126159406,0.3965178895216,-0.3773893742061,0.6432112819231,0.4873048885197,-0.1139814970477,0.2513159576086,-0.1105292865010,-0.0732936709074,-0.3657340570509,-0.0345801312964,0.1269714761673,0.0039980292640,-0.0946877488811
0.1965971708142,-0.0381277984529,-0.0523264543841,-0.0540497731817,0.3490442699013,0.2236647215378,0.7041700598383,-0.0110463299680,0.3382751433296,-0.0576065601846,1.0000000000000,0.0379718623305,0.5150585858431,0.0620269996164,0.4117332432746,0.0911609412491,0.0685856376944,0.0374113726280,0.1609344442990,0.1574448947022,0.3454683436311,0.2214830037215,-0.0639398088178,0.1508169498579,0.0595798566802,0.0980781281610,0.0566921561573,-0.0372636243902,0.3600595293045,0.3041313831590,0.0101926755819,0.1268989952231,-0.0073962328560,0.0620361477973,0.2129687950431,0.0775737635086,-0.1225867418235,-0.0342339330552,0.0145203530245,0.3326452371142,0.1092349349177,0.5552018015457,-0.1887750226757,0.2325954956749,-0.0861096803836,0.8061699683305,-0.0602055719299,0.4898170927844,0.0268826110802,0.0083884065249,0.0791652387275,0.0501602511419,0.0304180167416,0.0127599075958,-0.0005264461186,0.3903250365316,0.2139206691933,-0.0781804838280,0.2094222205231,-0.0011257273130,-0.1148480794911,0.0809274711388,-0.1469354309566,0.3279881879303,0.1990501388292,-0.0068534677316,0.0689233551657,-0.1577785312141,0.0920749434774,0.2175655416953
0.1627115829441,0.2239465828662,0.3472691920164,0.1905514734980,-0.1365000270438,0.3379774392337,0.2282498029956,0.0392371993118,0.5104023574450,-0.1292985138240,0.0379718623305,1.0000000000000,-0.0112899773746,0.3097543790861,0.4200809707474,0.2329150003872,0.0072180238508,0.0379893151731,0.5696455195774,0.2105227545094,0.0033298681229,-0.0514060500311,0.0954898615713,-0.0180201352207,-0.0276695708153,0.0188153403826,0.3059784739656,0.3236384296558,0.0360993648784,0.0908652858122,0.1572318658619,0.0370355997892,0.0528921008155,-0.0321542627169,0.0395757099300,0.0035228138427,0.1717239504573,0.1124549109196,0.1325354484551,-0.1977341985136,0.3144080483492,0.0753440433779,-0.0718970207308,0.3953320241181,-0.1789158345343,-0.0811601315787,0.6902430950646,-0.0336599726020,0.3511043976003,0.1898235655655,0.1118919082740,-0.0369452660527,-0.0361704983612,0.5168582743800,0.0372430660261,-0.0126730967570,-0.1224689685469,-0.0085433558523,-0.0692174580529,-0.0965452619236,0.0966433956390,0.0477807535159,0.1076548142663,-0.0536782383553,0.0574505706168,0.0482613532243,0.0338480463804,0.0889922745337,-0.1261700192083,-0.0671840454916
0.3763969303518,0.0805599194757,0.0953240946550,-0.1241142965911,0.7651095275771,0.0698023827415,0.4284627941491,0.0556924752809,-0.0321869254044,0.0199725468912,0.5150585858431,-0.0112899773746,1.0000000000000,0.1080736715376,0.3115163749088,0.2718735398234,0.2546743767193,0.1316743241141,0.1060522309694,0.2119769308105,0.7777032499780,0.5071542788196,0.1471740190115,0.3389679767222,0.0996020105632,-0.0557296202556,-0.1124250035947,0.0037184538227,0.4224129120337,0.4717010611846,0.2287800532271,0.0660481048470,-0.1300361502577,0.4421233511922,0.2523884141772,0.3258495260255,0.0488743334905,-0.0196588623656,-0.1025332109512,0.6807717157420,0.0750151093981,0.2274910702542,-0.0542838934651,-0.1171117617714,0.1562817914840,0.5402097832343,-0.1180659303200,0.9239539106489,-0.0026034995947,-0.0588196188137,0.2906764763417,0.2609333144385,0.1228692132763,-0.0488185793834,-0.1139491983997,0.8005136335543,0.5315361458988,0.0744173504715,0.3907116052624,0.1118546768455,-0.1855610609375,-0.2815650933197,-0.0750127688620,0.4244082740716,0.4741534328821,0.2751280593880,-0.0080453424172,-0.0049963789631,0.5012443660091,0.0481881100809
-0.0427713489103,0.2352955666040,0.2027223307996,0.3673514086631,0.0722883504535,0.3364726933030,0.1713071040206,0.2078979011371,0.1505537520360,0.4910887798650,0.0620269996164,0.3097543790861,0.1080736715376,1.0000000000000,0.3228031155297,0.3244101246648,0.0213993504728,-0.1270474725590,0.3998662198074,0.1685641300647,0.2729010248400,-0.1154387313255,0.1958589174702,-0.0806623033303,0.3986079905230,0.4919423414317,-0.0101831727710,0.2898815966966,0.0030334170792,0.0356063003003,-0.1742427214202,0.3506077433731,0.1091813048864,0.0131084770522,0.0244463048439,0.1224061752364,0.0754798162579,0.1590898393734,0.3952007820802,-0.1148091162649,0.2316744289051,0.0736082147629,0.2483074420630,0.1147651085592,0.4616393650478,0.0947392807295,0.2509410258439,0.1211227217411,0.7992298448704,0.4086023929441,0.4079391958293,-0.0332296220847,-0.2401550103421,0.2468165534644,-0.0226759605637,0.2350939805477,-0.1858372293578,0.1161596929868,-0.1155423797255,0.3193497758046,0.3051313441734,-0.2268850779132,0.3490674575062,-0.0750649958839,-0.0203652802615,-0.1780897894940,0.3485222326540,0.2065205140308,-0.0862811250853,-0.0004453196444
0.4422934079146,0.1214232262695,0.2911368749399,0.2119539816303,0.2213445219390,0.2884935398392,0.3716654172025,0.4318834701120,0.4234810058717,0.1943398038240,0.4117332432746,0.4200809707474,0.3115163749088,0.3228031155297,1.0000000000000,0.3321071370082,-0.0146351097376,0.1994160733779,0.3527551773790,0.3195655965013,0.2541050631945,0.0854324892336,0.1314356239248,0.0471820470467,0.2672998907867,0.1766419918681,0.1955907512658,0.2931798085122,0.1295274242974,0.3179600622140,0.2380677521480,0.2752016541736,0.1637996379610,0.1391882579111,0.1155182637285,0.3040381136062,0.0526810530870,0.0699749154066,0.2303537181575,0.1194159995642,0.2271606103660,0.1876667896367,0.0917910874171,0.1979381325492,0.1141564633905,0.1543770319560,0.2184253057264,0.2692583519123,0.2560460153917,0.4141569554237,0.2288689948429,-0.0500152744307,-0.0865970090950,0.2584411330640,0.1405833736334,0.2541910919267,-0.0135053520563,-0.0100140165262,-0.0479294804849,0.1453439083434,0.1625893556758,-0.0102866356399,0.1320957658355,0.0574198362122,0.1928175846966,-0.0911107007637,-0.0784034640140,0.0753395419047,0.1001164616623,0.0064047043005
0.0649197857837,0.1623900850744,0.1199845827073,0.2457241613449,0.1674216879371,0.2932646124540,0.3177161995753,0.3916846180567,0.2069665300365,0.3560685826992,0.0911609412491,0.2329150003872,0.2718735398234,0.3244101246648,0.3321071370082,1.0000000000000,-0.1048181845835,-0.0116010698691,-0.1116290374687,-0.1046680280164,0.1204773409548,-0.0319227540758,0.1717588759057,0.0013386291098,0.2889754851537,0.0420024368841,-0.0784872189590,0.1752618470009,0.0406005178143,0.3069276897948,0.0836916932987,0.1151604758482,0.2574121280451,0.3435083808642,0.0551096371323,0.1179612787245,0.2214991531041,0.2795482452906,0.2782864684933,0.0783894877809,0.1460063619583,0.2876975715572,0.3599568229349,0.0938660231906,0.3950505683304,-0.0389255324781,0.2104613639867,0.2030224597261,0.3860197414209,0.3240642244220,0.7117637271515,-0.0553667572860,0.0708870533201,0.0258789446002,-0.0235209678767,0.1783668263441,-0.0504067185774,0.1506211691566,-0.0902745760125,0.3633572102421,0.3749938301160,-0.0074783652622,0.3446153678761,0.0292912566296,0.3051327573292,0.0373293025990,-0.0361715386624,0.4560780097155,0.2386230738653,-0.0335156097644
0.3099066294396,0.0868022900028,0.1620252480507,-0.0852391054284,0.2664264486355,0.0926273979327,0.0567252077780,-0.0593173300270,-0.0444088310240,-0.2279898272848,0.0685856376944,0.0072180238508,0.2546743767193,0.0213993504728,-0.0146351097376,-0.1048181845835,1.0000000000000,0.1994421389845,0.0174012093450,0.1544218541285,0.2847369662959,0.5895779274951,0.2140565722619,0.6895184899021,0.0688188867338,0.1225346917825,0.2784886273966,0.1309517436511,0.4927845893622,0.2246126972035,0.3658623558713,0.0401169226256,0.0215081423117,0.1637999908574,0.4095254180022,0.2387587468073,0.0472512696412,0.0608923337780,-0.0560377317878,0.3285858642886,0.1346040762730,0.0645279212971,0.0242353202455,0.0112947440592,-0.1446261748756,0.1691741378249,0.0602789936704,0.2380880718986,0.0205545096677,-0.1550703806213,-0.0308532492380,0.9204241166457,0.2333739171856,-0.0447803734430,0.0017031050481,0.3039712860914,0.5399908265425,0.2179196189444,0.6306065738323,0.0468977946867,-0.1618110781056,0.1370052195166,0.0973584852469,0.4981806492800,0.2445577882933,0.4747865476146,0.2170789067104,-0.0119252816801,0.2019004219472,0.2834745914780
0.5680536158408,0.2271126016365,0.3251666049621,0.1965277268238,0.2803343218444,-0.1066525836508,-0.0716300298922,0.1419172132529,-0.1882399602458,0.0046346510227,0.0374113726280,0.0379893151731,0.1316743241141,-0.1270474725590,0.1994160733779,-0.0116010698691,0.1994421389845,1.0000000000000,0.0522463940558,0.6764281620045,0.2101729340264,0.2797912621520,0.0917085120943,0.4515710453151,0.0185907307766,0.0727791057607,0.4641476864660,0.3323092958506,0.2560346807413,0.3563383743391,0.6016171961360,0.1237132653510,0.2442953046637,0.2618741385543,0.5272283627669,0.4025550406090,0.2987518479442,-0.1469275599269,0.0821257839444,0.2725815423352,-0.2213642314372,-0.0266518587627,-0.0229615030153,-0.3000937224881,-0.0654337243640,-0.0380815423273,0.0197507029227,0.1144701710647,-0.3153782225303,-0.2070078596372,-0.0649863650252,0.1312776436506,0.5901381731033,-0.0983618508540,0.4299642053636,0.1726574699746,0.2674100949682,0.0281923847499,0.2755436065640,-0.1260667580838,0.0460981551947,0.0926003739542,-0.0593957484211,0.0799306637481,0.2421005936747,0.1955626327274,-0.1694889519629,-0.0026280416543,0.2586204861555,0.3989422571313
0.0820842515207,-0.0276244765794,0.4112011808120,0.0421197995258,-0.0940624141528,0.2857877718063,0.2543688479047,-0.1418157187404,0.3221045946110,-0.0856357298318,0.1609344442990,0.5696455195774,0.1060522309694,0.3998662198074,0.3527551773790,-0.1116290374687,0.0174012093450,0.0522463940558,1.0000000000000,0.4923863549917,0.1886723018782,-0.0034551669796,-0.0883249020443,0.0218381857733,-0.0711780421696,0.0739032853881,0.2383337057024,0.3510867929297,0.1065146053332,-0.1192416199573,-0.0032740619854,0.1140421272477,-0.1800575639768,-0.2453288639182,-0.1159656051820,-0.0566690633009,-0.1386904104516,0.0385288829917,-0.1129877545646,-0.2148814829450,0.2223449216647,-0.0083357057855,-0.2124046128255,0.2340690940628,-0.1400162326601,0.1896827487121,0.3325168876129,0.1218243427273,0.2630056272103,0.1235327616108,-0.0403984689209,-0.0901344345064,-0.1788354043131,0.6061738719557,-0.0100428110136,0.0925352687884,-0.0840588065209,-0.2580124664202,-0.0212761772143,-0.2444836786070,-0.2313402093079,-0.2191393159090,0.0001891422616,-0.0348779857162,-0.1742069046095,-0.1057956990087,0.2156527106562,-0.1183322675165,-0.2624633434619,-0.1714747481704
0.4623259798499,0.2336663426560,0.3519485374662,0.2211840407078,0.1631069604085,0.0199753032438,-0.0342378390476,0.0538653902162,-0.1513533186373,0.0505721746195,0.1574448947022,0.2105227545094,0.2119769308105,0.1685641300647,0.3195655965013,-0.1046680280164,0.1544218541285,0.6764281620045,0.4923863549917,1.0000000000000,0.3673071438978,0.2024670489229,0.0778047319011,0.2981808635362,0.0155745966625,0.3254162844090,0.4352472752276,0.4906589048109,0.2269799589283,0.1401429620023,0.3027912705028,0.2096254982246,-0.0329178035133,0.0213810930890,0.3982514171083,0.3403967255596,0.1289224160534,-0.1266914392581,0.0752778565087,0.0477550977438,-0.0443392482419,-0.1570131999134,-0.1179076187462,-0.2511880945567,-0.0375944366253,0.1809675723238,0.2206548081667,0.2154829061506,-0.0825242461196,-0.1037303782824,-0.0028281756971,0.0573042514401,0.2535331161995,0.1599282561447,0.4602081763236,0.2596263671712,0.1138708020579,-0.1054353635153,0.1879137436077,-0.2175378177404,-0.0459248416136,-0.0812652383693,0.0533822386849,0.0438147565504,0.0356894176105,0.0081835017523,0.0588184137497,-0.1096336211229,-0.0020948159393,0.2321783423632
0.3203070213877,0.2139155359436,0.1650551307006,0.0167861698878,0.7398220956926,0.0568603177714,0.1778462508676,0.0618949719217,-0.1232534933065,0.1290568281967,0.3454683436311,0.0033298681229,0.7777032499780,0.2729010248400,0.2541050631945,0.1204773409548,0.2847369662959,0.2101729340264,0.1886723018782,0.3673071438978,1.0000000000000,0.4571331219869,0.2056245252202,0.3243680963895,0.2015083785081,0.2419547992185,-0.0257233427912,0.1035528939349,0.3572255804773,0.3009350854322,0.2347053889605,0.0103466621463,-0.1822587757092,0.3707742100710,0.3364098076684,0.3391324412756,0.0905702348514,-0.0616876055806,0.0705752115532,0.5640177345600,0.0691872872737,-0.0014951974419,0.0214588100492,-0.1821386592630,0.2520947556780,0.3970008600181,-0.0860610342037,0.8079509701962,0.0374877394391,-0.0835714561294,0.2233090127089,0.2492595736331,0.0216683691273,-0.0391266560861,-0.0056539943992,0.9275862599136,0.4543860785681,0.1098894558557,0.3428032292561,0.1768045743510,-0.0887849890126,-0.3644868086590,-0.0041813239053,0.3247654856811,0.2585321005222,0.1783585904475,0.0277819588866,-0.1334081590066,0.4088076571449,0.1506522861019
0.4679913412864,0.0637642832198,0.3092143012211,-0.1969332786910,0.4949116455815,-0.0636043373362,0.0529574051658,-0.0485101823123,-0.1323994919109,-0.2863909878459,0.2214830037215,-0.0514060500311,0.5071542788196,-0.1154387313255,0.0854324892336,-0.0319227540758,0.5895779274951,0.2797912621520,-0.0034551669796,0.2024670489229,0.4571331219869,1.0000000000000,0.0410733477128,0.8415491934062,-0.0620697153404,-0.0701189968859,0.0815592994741,0.1511535851674,0.6195823985587,0.4629374427388,0.4353269761257,-0.0293817213806,-0.0339191542361,0.4398223147605,0.3852215340114,0.3918770320399,-0.0094771883599,0.0758120417988,-0.2655698435306,0.5587327292846,-0.0905560118161,0.0046005221980,-0.1288854367280,-0.1484265231518,-0.1271185132904,0.3133169735935,-0.0672416708741,0.4887601611317,-0.2138160441005,-0.2462666399866,0.0158895457743,0.5692340130077,0.2710373160859,-0.1880987815775,-0.1616447103752,0.4721449423222,0.9310060049342,0.0136788141154,0.8381188058737,-0.1255116985932,-0.2854104938078,-0.2391884065376,-0.0346357782341,0.5618880691981,0.4553804684033,0.4824000192896,0.1005486741616,0.0475772160074,0.4956341123382,0.2092362738808
0.2278406402729,0.6416546890055,0.0572299157581,0.5277849666986,0.1785969419191,0.0890146216825,-0.0258674950598,0.2937950967445,-0.0697693963026,0.4781899438436,-0.0639398088178,0.0954898615713,0.1471740190115,0.1958589174702,0.1314356239248,0.1717588759057,0.2140565722619,0.0917085120943,-0.0883249020443,0.0778047319011,0.2056245252202,0.0410733477128,1.0000000000000,-0.0253505912992,0.4638716804959,0.1354290870522,0.0445730353505,0.0970351394056,0.1725911207597,0.2786229129797,0.3983404302236,0.0376755400441,-0.1281627764553,0.3284676029781,0.2865998759693,0.1342802811190,0.5211329994473,0.0216366418759,0.5356950091405,0.0851066167990,0.2028448162129,-0.1416129861432,0.4222971634082,-0.1754946725120,0.4961385128718,-0.0006637098291,0.1470997654598,0.1757653855167,0.2068570660700,0.0001997434598,0.2660635576575,0.2494555367179,0.1602979132377,-0.0954056791893,0.0880490216859,0.2367754424630,0.0013989471107,0.8471158809670,0.0343112653635,0.5329263969753,0.2463089601809,0.0062387449725,0.1992824892058,0.3280806473934,0.2717741878279,0.2835753178822,-0.0449471658584,0.1551080088735,0.3038157926272,0.1529258488929
0.4307701907558,0.0597574468536,0.3904744625876,-0.1186427602392,0.3435983608290,0.0418320682375,0.0591012651782,-0.0886605095044,-0.0618837190652,-0.3200416467829,0.1508169498579,-0.0180201352207,0.3389679767222,-0.0806623033303,0.0471820470467,0.0013386291098,0.6895184899021,0.4515710453151,0.0218381857733,0.2981808635362,0.3243680963895,0.8415491934062,-0.0253505912992,1.0000000000000,-0.1150951994806,0.0216082902851,0.2637030354400,0.2867858833545,0.6017153694043,0.4126253201270,0.4538098162417,-0.0304786923838,0.1354478665354,0.3753272355054,0.4856674122661,0.3233696888548,0.0114309683826,0.0946025588943,-0.1978940678145,0.4139425733819,-0.0534080722158,0.1042597286410,-0.1367787941644,-0.0606689889448,-0.2084059119425,0.2325082961319,0.0430585383238,0.2953609317997,-0.1647406187246,-0.2338088928474,0.0226768995993,0.6518795853597,0.3843416547904,-0.1593141364493,-0.1248228987015,0.3234153691013,0.7902957089173,-0.0318930680824,0.8348395190818,-0.2003321898301,-0.1895651739262,-0.0871933698027,0.0252684903161,0.4530293788167,0.3531421806885,0.5009763467062,0.1619528492134,0.1192595912602,0.3352383149322,0.3230988092640
-0.0173411887361,0.2495301046728,0.2523439730215,0.4999969632055,0.3077998078752,0.1032315725666,0.0935462962925,0.6467277195768,0.0107990574382,0.6854014142246,0.0595798566802,-0.0276695708153,0.0996020105632,0.3986079905230,0.2672998907867,0.2889754851537,0.0688188867338,0.0185907307766,-0.0711780421696,0.0155745966625,0.2015083785081,-0.0620697153404,0.4638716804959,-0.1150951994806,1.0000000000000,0.2930862101418,0.2736072765961,0.1280850629211,0.2972787772601,0.0318708386038,0.1696653337995,0.2239296401434,0.1131852990844,0.0498925324454,0.0367199424839,0.1173524978562,0.1674308245046,0.2342896858733,0.5193397371574,0.1165210467962,-0.0382666644307,0.0536922154233,0.6789178463990,-0.0718713179341,0.6619616380625,0.0637085909667,-0.0520444547131,0.1054985731599,0.3211567402413,0.2736860862485,0.3603785876467,0.0674747645622,-0.1000822452558,-0.1191869870177,0.1090625061324,0.2590170160822,-0.1588981510185,0.4157578588676,-0.2204428586111,0.8584043971130,0.3126987912351,0.1454412269830,0.2278255695023,0.2967757092148,-0.0052178439370,-0.1447174696403,0.1008109914097,0.0629613666674,0.0195577200198,-0.0099147749316
-0.0543023967646,0.2522978835648,0.0374967525366,0.4890746712212,-0.0107237547972,0.1269611660042,-0.0653147511506,0.1542643463825,-0.0559577369721,0.3293621459179,0.0980781281610,0.0188153403826,-0.0557296202556,0.4919423414317,0.1766419918681,0.0420024368841,0.1225346917825,0.0727791057607,0.0739032853881,0.3254162844090,0.2419547992185,-0.0701189968859,0.1354290870522,0.0216082902851,0.2930862101418,1.0000000000000,0.2499472684834,0.3207577476447,-0.0159524744739,-0.1559795908935,-0.0943222883536,0.1173295997498,0.1047123336338,-0.0454426492246,0.3753386404621,0.1471411989069,0.0673464687827,0.0245946725759,0.5608501387261,-0.1278362916932,0.0445396313767,-0.0338900996924,0.1790143532121,-0.0015581842283,0.2614931602628,0.0670862494668,0.2653948809124,-0.0627892884592,0.3382099809868,0.2538060546190,0.1247822056487,0.1035949677830,-0.0748517649006,0.0345735622975,0.3661267898718,0.1869188263112,-0.1641775475233,0.1263377932391,-0.0333364126096,0.2218717426351,0.4888292219043,0.2205709637542,0.4303619454347,-0.0766418783196,-0.2322429013123,-0.1540419263057,0.3162270252380,-0.1860145661535,-0.1513444244768,0.4271719199766
0.1944334062464,0.1318115751599,0.4811969284190,0.2662423637249,0.0079178666593,0.1608409962095,0.0534718360267,0.1814535439215,0.2302257393573,-0.0548956969315,0.0566921561573,0.3059784739656,-0.1124250035947,-0.0101831727710,0.1955907512658,-0.0784872189590,0.2784886273966,0.4641476864660,0.2383337057024,0.4352472752276,-0.0257233427912,0.0815592994741,0.0445730353505,0.2637030354400,0.2736072765961,0.2499472684834,1.0000000000000,0.3952810643391,0.3007600913290,0.0119464762325,0.3962553119997,-0.0803978375422,0.1232375102580,-0.0980541679458,0.3058712022858,0.1094710589905,0.0894688657432,0.1226438563864,0.1245182036838,-0.0487073939427,-0.0047722458565,0.0650345640239,0.0851577231085,0.1499548725844,-0.1859596841905,-0.0223967419924,0.2917957075663,-0.1681303678035,-0.0698046471620,-0.0642875542662,-0.1182641931309,0.2427780590257,0.2313366942233,0.0858778890021,0.2704233983025,-0.0560258726776,-0.0196109355023,0.0013108992846,0.0337738352484,0.0735618739420,0.0352680213609,0.5112905701660,0.0504226073766,0.1473855477647,-0.0944994527439,0.0912346236442,0.0116110591446,-0.1806619299561,-0.1698750731591,0.2352118100113
0.1608310625402,0.2547720230423,0.6672739379553,0.3158370904800,-0.0472600077931,0.0886068617269,-0.0661312189888,0.2975143324710,0.0808255874839,0.1377516432431,-0.0372636243902,0.3236384296558,0.0037184538227,0.2898815966966,0.2931798085122,0.1752618470009,0.1309517436511,0.3323092958506,0.3510867929297,0.4906589048109,0.1035528939349,0.1511535851674,0.0970351394056,0.2867858833545,0.1280850629211,0.3207577476447,0.3952810643391,1.0000000000000,0.1347044309519,-0.1282867898426,0.0829630286668,0.1911051574536,0.0857183396431,0.0457933939758,0.0793132018452,0.0861208824480,0.2722136785908,0.2049795392808,0.1883963452828,-0.1829499985765,0.0313915502231,-0.1158354205697,-0.0548004256609,-0.0126965130730,0.0581076386981,-0.1052615690655,0.3580812071219,-0.0327044516814,0.1719639003891,0.0955650944052,0.0572871048361,0.0549168844843,-0.0989261644271,0.1044461147423,0.0635684405195,0.0251694030416,0.0451301237984,-0.0749930635276,0.1416553085977,-0.1503966684067,0.3275694851310,-0.0000656348492,0.5102316164335,-0.0822808888492,-0.1695083846792,-0.1508863409799,0.0711703385010,0.0687799748862,-0.1096886198814,-0.0217432123898
0.3132709014646,0.1165686480686,0.2774741963123,0.0238194850205,0.4219287439092,0.0826050221276,0.2593916157637,-0.0091787667804,0.0267023482191,-0.1261269288726,0.3600595293045,0.0360993648784,0.4224129120337,0.0030334170792,0.1295274242974,0.0406005178143,0.4927845893622,0.2560346807413,0.1065146053332,0.2269799589283,0.3572255804773,0.6195823985587,0.1725911207597,0.6017153694043,0.2972787772601,-0.0159524744739,0.3007600913290,0.1347044309519,1.0000000000000,0.3357498875983,0.4130022873179,0.0905878036740,0.0339526654611,0.1590370258586,0.3454300260930,0.1531600018601,0.0381786038876,0.0247912225740,-0.0432781985545,0.4574067555240,-0.0417781009528,0.2130219670357,-0.0095969672336,-0.0225564314125,-0.0544435906633,0.5088490150059,-0.0065780755152,0.4247534157648,-0.0977018782382,-0.2373198747031,0.1652574293185,0.4949714084169,0.2794846691541,-0.1744506564723,-0.1214473921115,0.4077415897731,0.5578593581495,0.1495317979326,0.5810340573292,0.1351031291607,-0.2435402412332,-0.0109364508774,-0.1205697880282,0.8372895805888,0.2783753024654,0.4377038741136,0.2086229149289,0.0502948034226,0.1699462201794,0.2100224678108
0.6398949956630,0.3312035017657,-0.0145236412977,0.0357320180443,0.4868838479282,0.1321602922765,0.2861062944301,0.0987589913986,0.0251507992776,-0.0539040024247,0.3041313831590,0.0908652858122,0.4717010611846,0.0356063003003,0.3179600622140,0.3069276897948,0.2246126972035,0.3563383743391,-0.1192416199573,0.1401429620023,0.3009350854322,0.4629374427388,0.2786229129797,0.4126253201270,0.0318708386038,-0.1559795908935,0.0119464762325,-0.1282867898426,0.3357498875983,1.0000000000000,0.5319907644541,0.0287923155583,0.1331662637665,0.7168415147868,0.5581710430147,0.5036833925654,0.3022889061533,0.0642680971540,0.0693799240273,0.5410291917315,0.0956803079551,0.1937150037314,0.1095925008133,-0.1270167984598,0.0790576387008,0.2383563395258,-0.0011543498950,0.4615334618450,-0.0123779179032,-0.1132918946610,0.2933618333557,0.2754214219152,0.5552191440523,-0.1644791778854,0.0255539554243,0.3960733570256,0.4980855296253,0.3163608718023,0.4331000748112,0.1698717395405,-0.0331963792678,-0.0298365075912,-0.0546687924309,0.3970973011482,0.8625673139946,0.5328612825023,-0.0823964935128,0.3451346637594,0.7093575893478,0.3959706842654
0.5858563440947,0.2940967879704,0.3294575348532,0.1416566569572,0.3067040472169,0.0542610716452,0.0515933317532,0.2257730102213,0.0278174187451,-0.0763255581706,0.0101926755819,0.1572318658619,0.2287800532271,-0.1742427214202,0.2380677521480,0.0836916932987,0.3658623558713,0.6016171961360,-0.0032740619854,0.3027912705028,0.2347053889605,0.4353269761257,0.3983404302236,0.4538098162417,0.1696653337995,-0.0943222883536,0.3962553119997,0.0829630286668,0.4130022873179,0.5319907644541,1.0000000000000,-0.1153998937495,0.0786505512559,0.4267138401372,0.5314311299112,0.3729128740022,0.2824166386636,0.0251218438156,0.0779902074023,0.3307243310018,-0.0147531192656,0.0291677566142,0.2672857214286,-0.1003072565473,-0.0415621395781,-0.0090343197678,0.1263105317445,0.2051688508058,-0.2284169805867,-0.2208550846595,0.0832274846794,0.3835669615476,0.6253346977520,-0.0601284777165,0.2182555365805,0.2544429417817,0.3844992890273,0.3437359017510,0.3308345757507,0.1683911556022,-0.1016162758866,0.1372397858133,-0.0481653273484,0.4276810432893,0.4290763969537,0.6348365994951,-0.1344757130651,0.0984333097086,0.4416285167389,0.3677954280340
0.1097132007287,0.0588623065632,0.1252149427651,0.0976897870756,-0.0350049390505,-0.0597106778530,0.0776256594494,0.2853544742471,-0.1253411368747,0.2603686493101,0.1268989952231,0.0370355997892,0.0660481048470,0.3506077433731,0.2752016541736,0.1151604758482,0.0401169226256,0.1237132653510,0.1140421272477,0.2096254982246,0.0103466621463,-0.0293817213806,0.0376755400441,-0.0304786923838,0.2239296401434,0.1173295997498,-0.0803978375422,0.1911051574536,0.0905878036740,0.0287923155583,-0.1153998937495,1.0000000000000,0.2210671773347,-0.1032333192623,0.0344274023281,-0.0019354117658,0.0996997235564,0.0116835177983,0.1798770167966,-0.1000569355940,-0.0721666169032,0.0392572162896,0.0341003863830,-0.1689193619191,0.1832656879522,0.0476910414159,-0.0674769705408,0.0640746635239,0.2884069474956,0.1677747080988,0.1782144147951,-0.0566270045467,-0.0707885565599,0.0013445282426,0.2592061754117,0.0090883897106,-0.0944957502714,0.0007075318282,-0.0061770101215,0.0381638672872,0.1314216534280,-0.0495257389618,0.0822329020240,0.0188378954616,0.0004999439216,-0.2708615591209,0.4106715895138,0.2067664243307,-0.0701265779579,0.0356847338143
0.0124538093358,0.0534813665217,0.0431322257770,0.1948987481854,-0.0170188890725,0.1710740829846,0.1510311856628,0.1069706431025,0.1536663963637,0.0961410236360,-0.0073962328560,0.0528921008155,-0.1300361502577,0.1091813048864,0.1637996379610,0.2574121280451,0.0215081423117,0.2442953046637,-0.1800575639768,-0.0329178035133,-0.1822587757092,-0.0339191542361,-0.1281627764553,0.1354478665354,0.1131852990844,0.1047123336338,0.1232375102580,0.0857183396431,0.0339526654611,0.1331662637665,0.0786505512559,0.2210671773347,1.0000000000000,0.0522126492590,0.1410176900270,0.0316387810999,0.1053206022358,0.0010963290982,0.1811128436731,0.0355310275630,-0.1444738763240,0.3320266898973,0.1010015776677,0.1342127055972,0.0571506475147,-0.1386860087244,0.0216923659838,-0.1644092806535,0.1125118874815,0.2448818146615,0.0779244422999,-0.0001795212223,0.2697797636105,-0.1716178454892,0.1019931320584,-0.1372046332245,-0.0563489590827,-0.0217193545316,0.0088149771300,0.0918273407565,0.2575411172554,0.1562922547710,0.1070752063825,-0.1048413668722,0.0620838362659,-0.0667416218547,0.0265228027669,0.3732311384580,0.0015734865684,0.3020315515451
0.3833151720916,0.3773843350556,0.0735722281692,0.1343295873754,0.4730786679818,-0.0383594881345,0.0489393045581,0.1924938762420,-0.1203147521381,0.1024120297873,0.0620361477973,-0.0321542627169,0.4421233511922,0.0131084770522,0.1391882579111,0.3435083808642,0.1637999908574,0.2618741385543,-0.2453288639182,0.0213810930890,0.3707742100710,0.4398223147605,0.3284676029781,0.3753272355054,0.0498925324454,-0.0454426492246,-0.0980541679458,0.0457933939758,0.1590370258586,0.7168415147868,0.4267138401372,-0.1032333192623,0.0522126492590,1.0000000000000,0.4634821046117,0.3820647786861,0.3744687774156,0.0855681657357,0.1629022677796,0.4526171083252,-0.0035183162646,-0.0267818341429,0.1910471781913,-0.2404543753706,0.2692629698764,0.0029919059568,-0.0218228938090,0.4167181121936,-0.0266967413725,-0.0829631413637,0.2740572290593,0.2360748897214,0.3810424126789,-0.2188277566003,-0.0477704805334,0.4252380996935,0.4627921090776,0.3716511945232,0.3427405144202,0.2163073045426,0.1659381015361,-0.1432830455148,0.1406329166435,0.2247061416337,0.6708081563185,0.4128706089349,-0.1167386874535,0.2782932842326,0.8383462612344,0.2933148218196
0.4457217887458,0.4368134904872,0.0267404515616,0.2674754304283,0.2841695079306,0.1540314813648,0.1320994595574,-0.0058370859451,-0.0791571335613,-0.0592820822747,0.2129687950431,0.0395757099300,0.2523884141772,0.0244463048439,0.1155182637285,0.0551096371323,0.4095254180022,0.5272283627669,-0.1159656051820,0.3982514171083,0.3364098076684,0.3852215340114,0.2865998759693,0.4856674122661,0.0367199424839,0.3753386404621,0.3058712022858,0.0793132018452,0.3454300260930,0.5581710430147,0.5314311299112,0.0344274023281,0.1410176900270,0.4634821046117,1.0000000000000,0.3813168063483,0.3276973198469,-0.0918283806464,0.3125721009500,0.3142160211758,0.1019119816441,0.1725273433862,0.0508371747705,-0.0914575945220,-0.0357746292051,0.1978948630762,0.1958316966730,0.2165823727604,-0.0483535377478,-0.2061547422914,0.1413292090081,0.4649594019059,0.6447087706503,-0.1304301326169,0.4197328109987,0.3380741473263,0.3756590206354,0.3574533863628,0.4765755647279,0.0663939559613,0.1348123587222,0.2527012558331,0.0571299006742,0.3392099136256,0.4436324585002,0.5350306097283,0.1718458836694,0.0190969644225,0.4517136037496,0.8381746872407
