1.0000000000000,0.3559527091489,0.2587667983962,0.3493518534665,0.1770870648533,0.2072544445356,0.2294880019141,0.4691348375291,0.2824695558866,0.1533062394773,0.0567587484232,-0.0045611667454,0.1848157971624,0.2363362640352,0.7179008659718,0.2332678207959,0.2879367491752,0.7661343061884,0.0992931079734,0.7540852526073,0.2206967230178,0.3578660587227,0.0848781067900,0.5602840356252,0.4190453153079,0.7013930597091,0.4710952205231,0.5009718081333,0.3499850295978,0.7210309856585,0.6627055862974,-0.2262976330254,0.1687305105777,0.6559686940446,0.6888006297439,0.1630121213140,0.2163151430387,-0.0341832985349,0.5175534609151,0.0659127049755,0.4628191796629,-0.2418346414040,0.0649716061323,-0.5219227612615,0.0836206215366,-0.4198153304829,-0.3283218528597,-0.0703392829265,-0.1492715827903,-0.1945910287218,0.0578533239061,0.3488924175432,-0.0152908548231,-0.3708770440663,-0.2454563840545,-0.2205853032411,0.0304096687809,0.0185948911601,0.0122262648434,0.2809506155150,0.2162721764039,-0.1137135509761,0.2486744984944,0.1195030049901,0.1949591110336,0.0994534051358,-0.2091129308676,0.5679041179845,0.1545136543434,0.1450600651531
0.3559527091489,1.0000000000000,0.1066692350332,0.5702756730375,-0.1494245017402,-0.0193714980841,-0.0292141368970,0.1058642762228,-0.2263501686498,0.1290823671202,-0.1068806644062,-0.1614114966224,-0.1026527495874,-0.1477895121467,0.0747480212347,-0.0515052633043,-0.0539219764141,0.2757027104331,-0.2227778087729,0.2961103364090,0.1743658391042,-0.0281675218275,0.3649092625796,0.1464287050130,0.1947627916964,0.3096906084931,0.1123985686938,0.2848174868876,-0.0357840182077,0.1168368559143,0.1958099638458,-0.2356944445343,0.2755950910936,0.2017062431981,0.4362749020022,0.0408076071110,0.7112387196352,0.1322521592278,0.3314434803247,0.0265942483102,0.1793985630686,-0.2658102699037,-0.0147936960262,-0.3377197825134,0.0004458424825,-0.1015157442228,-0.2746346991154,-0.0779268804793,0.1077840021789,0.0787168217745,-0.0134755671194,-0.0341328141998,0.2762130612210,-0.2685311490932,0.1446511109214,0.1237689859845,-0.0005251241214,0.1983503658796,0.0895251023459,0.0792779973717,0.3703252182534,0.2556023985004,0.3106822596440,-0.0665954253421,0.1909773979255,-0.0209093753736,-0.2197711079527,0.2640267826496,0.2300761688337,0.2884227253625
0.2587667983962,0.1066692350332,1.0000000000000,0.0495900687811,-0.2169249952226,0.0653987310908,-0.0223290273403,0.1353262127520,0.1621100793023,-0.1203380089595,-0.0977844048156,0.2181896470357,-0.0604969728403,0.1056654338668,0.2418523077237,0.1854581639721,0.1183230070478,0.2506039311676,0.3198320138255,0.2085737092899,-0.0923619200213,0.0606912319009,-0.1273402483967,0.4124424372888,0.0038471702700,0.1694070259319,0.3292074094887,0.6394160909414,-0.0961190192005,0.0551454067323,0.2642363331562,0.1586664316502,-0.0905276706687,0.0220474747628,0.1039375510040,-0.2251995383318,0.1163015289394,0.4978851811214,0.0067835204757,-0.3282040805650,0.1712883859303,-0.1772216774230,-0.2245024937590,-0.2111496036720,-0.2021667576514,-0.2839674756733,0.1506528340284,-0.2226329549634,0.0710564348063,-0.2952770840216,-0.0242462091534,0.1106368300070,-0.1046343812197,0.1253420810844,-0.1667238925861,-0.1670875270008,-0.2496351339746,-0.2035566064094,-0.0222826792758,-0.1675090869931,0.1127372493168,0.1597870445509,0.5254644832569,-0.3326812849563,-0.3437356371541,-0.2535771659496,0.1052984904723,0.1411319169973,-0.2893714006088,-0.2009125723869
0.3493518534665,0.5702756730375,0.0495900687811,1.0000000000000,-0.0453289736038,0.2585373481729,0.0311242234988,0.3565622414352,-0.1018994659927,0.3633793495200,0.0715410016229,0.0067723450252,0.0998482339461,0.1076329120126,0.1223142936481,0.1575175966418,0.0351686044056,0.2803076859514,-0.0314983484472,0.2544720177404,0.0469383266878,-0.1482164329969,0.5413492128028,0.0628141189799,0.5292706262533,0.3650210328339,0.3236958568650,0.2662323714497,0.1567770109071,0.2786241163370,0.3675699222600,-0.0874787870636,0.2274239235755,0.4223151235911,0.4885634913206,0.2617129595254,0.2633530061888,-0.3094707809338,0.8006915692226,0.0097161921034,0.4560909306509,0.1103671657350,0.2616039189492,-0.2668474429802,0.4126362671118,-0.0312808265860,-0.2038774321214,0.0812996044232,-0.0411521364400,0.1458380760549,0.2140886673927,0.1401918490984,-0.1791037281312,-0.1975725199408,-0.2736090193987,-0.0020982265509,-0.3603519679233,0.3653737385761,-0.3718130508924,0.4765437955171,0.0928825507225,-0.1912290188918,-0.1234625256957,0.0567117044664,0.0244783789097,0.0570517305880,-0.0419873332969,0.4287404574963,0.3141011524460,0.1656508240235
0.1770870648533,-0.1494245017402,-0.2169249952226,-0.0453289736038,1.0000000000000,0.0494617403339,0.2955693514845,0.3418662806813,-0.0921905239612,0.5200528563285,0.3569853950345,-0.2170305799589,0.6100108123381,0.0519308328639,0.0187634991231,0.2921010232023,0.3860369028637,0.0086012153302,-0.1981624281718,0.0343477745097,0.6298274234363,0.4057788497881,0.2210524115057,0.2368869956221,0.4441544816226,0.0897374716158,-0.2060176009548,-0.1295829312420,0.5168646262312,0.2253352655123,0.1737046454349,-0.1671573171111,0.0675005198007,0.2435742891216,0.0928306411857,0.2814854278507,-0.2336676284984,-0.2915370320738,0.0464885931888,0.8372107946374,0.0731060108825,0.1960365391090,0.3824139235828,-0.3026981311035,0.4973833924167,0.2672435186006,-0.2839675435701,0.6295299535151,-0.1857584042404,-0.1683046685233,0.3700770036138,0.3896180404689,-0.1656156690318,-0.3221936221084,-0.1471269426482,0.4254916064097,0.3200136948651,0.3173871742941,0.0823127955011,0.5514408759701,-0.2387141463468,-0.4300865931645,-0.2662840016100,0.4679469178341,0.2722675763450,0.2311538320293,-0.1842576160147,0.1349967004701,0.2252389130975,0.1190429317941
0.2072544445356,-0.0193714980841,0.0653987310908,0.2585373481729,0.0494617403339,1.0000000000000,0.1272662946863,0.4823104762346,0.4018679803073,0.0713678463116,0.1102652333549,0.4374254184492,-0.0302501090810,0.4378761395243,0.2865723662400,0.4584100465877,0.0152519118991,0.2341136501832,0.3715260672250,0.2170969660168,-0.4055221330631,0.0510690536003,-0.0332811025158,0.0998693743969,0.3503579041960,0.3149362782415,0.5171077796210,0.2363293341545,0.3793073602950,0.4281135878426,0.2743715609633,0.3248278690835,0.4185649009074,0.3344618090943,0.3106427619406,-0.0865843513075,-0.3478424505822,-0.3398213241687,0.3122202690705,-0.0007218329230,0.7280674615786,0.2497848427039,0.3274443136664,0.0341848593314,0.1771053709896,-0.1536307588377,0.1015265668491,-0.0983474447788,-0.0111015223397,-0.1991435184315,0.3050872125658,0.0832704904255,-0.5896880634219,0.0061122111924,-0.6341028427381,-0.4588212028243,-0.3326859859028,-0.0491699548575,-0.5900364863667,0.3628674585867,-0.3348488977260,-0.4194016306205,-0.3440126528929,0.2748944419369,-0.1589509328909,-0.0935880829360,0.4206173746677,0.4741414809511,-0.0948958660850,-0.2764515127294
0.2294880019141,-0.0292141368970,-0.0223290273403,0.0311242234988,0.2955693514845,0.1272662946863,1.0000000000000,0.1120801582981,0.3366969116793,0.2359408397699,0.3231792947294,-0.0186034369914,0.5969978567215,0.0792222473560,0.2251265020487,0.4634864767305,0.1751209763975,0.1054944970414,-0.0228214958507,0.1475984367544,0.2492618660447,0.2282992498772,0.0470836627627,0.1257132826272,0.1852171076348,0.1388523628798,0.0263390898287,-0.0742465206048,0.2216580248823,0.3554393529141,0.1589007534539,-0.0795873661676,0.1486435014508,0.2964095139381,0.2160137136303,-0.0005894028968,-0.1561303498578,-0.1517735132098,0.1303862139140,0.2478402189262,0.2763987990782,0.5633483630422,0.0103278277621,-0.1334311986078,0.2559658110962,0.1408578278114,-0.1955060834443,0.4527667979467,-0.1598557997536,-0.2964576152451,0.3424789868784,0.1664648189201,-0.2032711657344,-0.2493554005940,-0.3246479586382,0.1270538788893,0.0380000758013,0.0766157611608,-0.0722382394396,0.2372322101480,-0.1367472179185,-0.2701145288661,-0.1735859844221,0.1864164353191,0.1685093765395,0.0421208548122,-0.1290017091011,0.3504463303304,0.0491027993334,-0.0051984253910
0.4691348375291,0.1058642762228,0.1353262127520,0.3565622414352,0.3418662806813,0.4823104762346,0.1120801582981,1.0000000000000,0.0395670577981,0.5171475712573,0.1705447170426,0.0279546350849,0.1000998533908,0.2314090950589,0.2267518643372,0.4335394971662,0.4204115043681,0.2904461729179,0.0718540521105,0.3589154389875,0.1044563523847,0.2587624990651,0.3757889816066,0.1895805344984,0.7886056197579,0.4067202734265,0.1749763156533,0.1397787738584,0.5993774626761,0.3657860826182,0.4425986545478,-0.1611591181070,0.1803159855224,0.3744792558790,0.3625387812384,0.2757770934877,-0.2635108369962,-0.4037205522647,0.4402204062588,0.3898145137896,0.5002897869589,0.1073145370541,0.6399486387761,-0.3631053095436,0.5047418626991,-0.0667281517583,-0.2168316757660,0.1778408754352,-0.1609413462621,-0.1033687381753,0.4024267691186,0.4157292647325,-0.4732055190353,-0.3038637300715,-0.4240919197900,-0.0760725248791,-0.0602704705297,0.2758753057852,-0.3419434608291,0.6823565364428,-0.2283420696945,-0.4983551905639,-0.3340214563431,0.4940222011108,-0.0241040442950,0.1419697821197,-0.0188848090114,0.4705879564940,0.1289078496454,-0.0428832212019
0.2824695558866,-0.2263501686498,0.1621100793023,-0.1018994659927,-0.0921905239612,0.4018679803073,0.3366969116793,0.0395670577981,1.0000000000000,-0.3364954165231,-0.0469966721276,0.4529264054135,-0.0099377370992,0.4409875867519,0.5792750929374,0.1875169211141,-0.1748142497980,0.2715958079447,0.4471470150992,0.2462218189622,-0.3007561274261,0.1950822395806,-0.4891937339671,0.2180671028290,-0.1090760015191,0.2634960523942,0.4765404780037,0.1607557372292,0.1751156366934,0.4385346295084,0.1717847730346,0.3119155768320,-0.0590349381488,0.2607812660053,0.0659316714363,-0.3020763336440,-0.2144526887088,0.0039037545622,0.0813178494138,-0.3515554728723,0.2708037359276,0.0658179145865,-0.3088058674175,0.3054897998076,-0.3162931203427,-0.4949496497730,0.2169668400786,-0.3884420795814,0.0456484818815,-0.2385748850401,-0.2514496495171,-0.1583140699715,-0.2036148067224,0.1740158253521,-0.3762328467887,-0.5644377399659,-0.1515059358680,-0.5339800849502,-0.2206601489826,-0.1644516708354,0.0493895028774,-0.0083529583193,0.0413650070861,-0.0118975300910,-0.0840160825606,-0.2286846911151,0.2697420593694,0.2531008251695,-0.1733338688265,-0.4171684255865
0.1533062394773,0.1290823671202,-0.1203380089595,0.3633793495200,0.5200528563285,0.0713678463116,0.2359408397699,0.5171475712573,-0.3364954165231,1.0000000000000,0.0884682282211,-0.2487181947738,0.4040342806762,0.0491069450981,-0.1176265766705,0.4867647676477,0.4281947545778,-0.1077896983890,-0.2361890426831,-0.0202895185946,0.4339324544266,0.1719389445436,0.6713933243409,0.0084822653845,0.7641363903322,0.0857229173735,-0.2732893357366,-0.1395166627569,0.3347898215210,0.0760070046662,0.1028444852565,-0.1480963248254,0.2018240065987,0.2826695983294,0.1043618999563,0.4254445556291,-0.1671165369378,-0.3707247091691,0.3008261881609,0.6203292504486,0.1986667330010,0.3365571293482,0.5758240778521,-0.3167394543823,0.9186176965239,0.2386571852045,-0.3214890503671,0.5778429893371,-0.0957131638416,-0.0343354191371,0.5937897616995,0.3981792277677,-0.3382681631206,-0.3350305403969,-0.2339092838672,0.4451783419257,0.1309627988050,0.6792437203150,-0.1397512462232,0.7672787436362,-0.2516049278219,-0.5198228900701,-0.3846030664354,0.3730608632768,0.1819604561051,0.2288893283897,-0.1155037818192,0.2426283728186,0.3202978992881,0.1105187058294
0.0567587484232,-0.1068806644062,-0.0977844048156,0.0715410016229,0.3569853950345,0.1102652333549,0.3231792947294,0.1705447170426,-0.0469966721276,0.0884682282211,1.0000000000000,-0.0256657113748,0.4793815174226,0.1297510328874,0.0973164242322,-0.0041279201341,0.0894636307947,0.0788426393011,-0.1336024404598,0.0886648012572,0.1507097784467,-0.0934990444945,0.0354460236560,-0.0588032140412,0.0635958697784,0.1502226212658,0.1008462808431,0.0859320329876,0.0223538094314,0.1619495939848,0.1810766383422,-0.1220073287094,0.1201158954654,0.0167980443574,0.1406463861919,0.0476274879766,-0.1869834210607,-0.3641364370779,0.1090831656634,0.2159635529346,0.1664895718363,0.2247651863118,0.0673716705943,-0.2290304859954,0.1445555708951,0.7024667452059,-0.0952746721163,0.3700849090101,-0.1308061489410,-0.0406826454493,0.1565178857474,0.1112260872376,-0.2081603594533,-0.2310923045877,-0.0931786887119,0.0713276287034,-0.2343432208565,0.0936304647842,-0.2501336053974,0.1527230676226,-0.1875891662189,-0.2312251317530,-0.2159757993290,-0.0780150101741,-0.0736868288508,-0.0266935869254,0.0334404242558,0.1371246484277,0.0100713149217,0.0040336181955
-0.0045611667454,-0.1614114966224,0.2181896470357,0.0067723450252,-0.2170305799589,0.4374254184492,-0.0186034369914,0.0279546350849,0.4529264054135,-0.2487181947738,-0.0256657113748,1.0000000000000,-0.1686060268529,0.7014434020000,0.1694178622987,0.0003111361746,-0.1106173401320,0.1212319340009,0.9003678912368,0.2180610228581,-0.4793407050882,-0.0906557008636,-0.2802295015187,0.1160148984846,-0.0547955220603,0.3177706493528,0.6189118441770,0.4539611904821,0.0832628800304,0.0090729506581,-0.0916354378049,0.6963055463941,-0.0762744076647,0.0224905626729,-0.0048565890512,-0.4104522383678,-0.2448879103801,-0.2269758202279,-0.0669005415511,-0.4337359590735,0.0930659873346,-0.0235751682731,-0.1914321383492,0.2157662511738,-0.2217859121924,-0.1967377331679,0.8312540607174,-0.4841415566434,0.6490752308514,-0.2880850145218,-0.2339176807846,-0.0786124590758,-0.4376938788197,0.7244640396604,-0.2508919512786,-0.4591415629609,-0.5405424673164,-0.3649477416698,-0.6094183719608,-0.1414490354263,0.1123117383679,0.1071322435850,0.0472457485694,-0.1311566976483,-0.5374331424748,-0.5489819048619,0.5866568671784,-0.1325139902166,-0.4139538567186,-0.6369651008169
0.1848157971624,-0.1026527495874,-0.0604969728403,0.0998482339461,0.6100108123381,-0.0302501090810,0.5969978567215,0.1000998533908,-0.0099377370992,0.4040342806762,0.4793815174226,-0.1686060268529,1.0000000000000,0.1052355932495,0.1765550371157,0.2740392216738,0.2555636215975,0.0910784646262,-0.1264202265078,0.0837401791270,0.4838550615371,0.1556084593608,0.2161525421757,0.1646226853518,0.2518276474800,0.1447434711827,0.0003737441947,0.0536387409228,0.2189786325304,0.3266888064813,0.1826531744101,-0.1070328165202,0.1647914030540,0.2156496625575,0.2005598166831,0.1079497857246,-0.1993348697036,-0.1651090671429,0.1622704984718,0.4549523029317,0.1320378782209,0.4463773919139,0.1087208452886,-0.3686099492408,0.4244057629389,0.3262678549692,-0.3202717958355,0.7528722842841,-0.2499170334730,-0.2502497124833,0.3403091922408,0.2596787956408,-0.2660274636998,-0.3633635166064,-0.3051701018236,0.3440713700968,0.0004735294725,0.2956113621442,-0.0615592130097,0.3434831176030,-0.2662454566332,-0.4474223089218,-0.1450219950757,0.1739955173008,0.0788800820719,0.1295540934997,-0.1590348457508,0.1790268084417,0.0285032409187,0.0783834820112
0.2363362640352,-0.1477895121467,0.1056654338668,0.1076329120126,0.0519308328639,0.4378761395243,0.0792222473560,0.2314090950589,0.4409875867519,0.0491069450981,0.1297510328874,0.7014434020000,0.1052355932495,1.0000000000000,0.4198236031108,0.0386521637326,0.0286752119177,0.2818067783922,0.6596428811624,0.3857826850856,-0.3446499081618,0.0296950895097,-0.2130528517853,0.1628989543577,0.1434659451804,0.6037969428169,0.5887029478445,0.4600581834306,0.1927189743197,0.2985844531369,-0.0249362343062,0.4815454444319,0.0222144310836,0.1624974601508,0.1209805439530,-0.3141994106456,-0.3778013457860,-0.3726468279440,0.1345260413228,-0.1959503764125,0.2645565566617,-0.0184957430449,-0.1172332089870,-0.0220153947664,0.0051270509009,-0.2088952524014,0.4371386678263,-0.2487541999774,0.4678875104728,-0.2215013050722,-0.1743595546999,0.0247887981075,-0.5103906372431,0.3448269031567,-0.3170266532751,-0.4677224423119,-0.4342217285535,-0.2874496316173,-0.5840978327288,0.0635989688125,0.1035039422681,-0.1256888383178,-0.0055510347413,-0.0365693832602,-0.2976004048939,-0.4520327342658,0.4141792506971,0.1680934976510,-0.2526395391531,-0.5357305918563
0.7179008659718,0.0747480212347,0.2418523077237,0.1223142936481,0.0187634991231,0.2865723662400,0.2251265020487,0.2267518643372,0.5792750929374,-0.1176265766705,0.0973164242322,0.1694178622987,0.1765550371157,0.4198236031108,1.0000000000000,0.1978653289287,-0.0344113562284,0.7082413284020,0.2882880752456,0.6918276201910,-0.0701105491346,0.2476702473000,-0.2640530242476,0.4259381406196,0.0743817463810,0.6700680186040,0.6497038368876,0.4830320737678,0.1606969208651,0.7602394480199,0.4511453496196,0.0288863302732,0.3085878563599,0.5137101132883,0.5547958053765,-0.1924323654475,-0.0260266927656,-0.0372015970402,0.3954356609175,-0.2304243226874,0.4262807007998,-0.2269783174850,-0.1740863609318,-0.3023624610160,-0.1493866662689,-0.4841598913201,-0.2037083466455,-0.2406417857184,-0.1201567209886,-0.2191037387252,-0.1425757839156,0.0269400584497,-0.1455158629518,-0.2418147997849,-0.3508602583408,-0.4752450745552,-0.1620820103391,-0.3172529017817,-0.1105678796425,-0.0444087149503,0.1724478946404,-0.1085281607877,0.2185235052600,-0.0596867226500,0.0238916680884,-0.0974340079351,-0.0210429189555,0.5185693816924,-0.0430222029189,-0.0622932047220
0.2332678207959,-0.0515052633043,0.1854581639721,0.1575175966418,0.2921010232023,0.4584100465877,0.4634864767305,0.4335394971662,0.1875169211141,0.4867647676477,-0.0041279201341,0.0003111361746,0.2740392216738,0.0386521637326,0.1978653289287,1.0000000000000,0.3397114298393,0.0159427714501,0.0459310605617,0.0481000283460,0.1692619408494,0.2930628502664,0.2433193929524,0.1828815811807,0.5029853119676,0.0671604825475,0.0152264966625,-0.0177006250739,0.3283264007773,0.3249219295679,0.2824960359716,0.0837033626283,0.3340546693856,0.3180033808076,0.2545969029998,0.1772456877347,-0.2945487853721,-0.0735899615387,0.2822390545702,0.3174554866814,0.5096805812687,0.4950259675357,0.4317420535113,-0.0695125297049,0.5242315668635,-0.0226016497790,-0.1595525200568,0.3451926112565,-0.2859213108511,-0.2514275614879,0.7659684363111,0.3421099413787,-0.5148246747969,-0.2076793512717,-0.6205496088552,0.1213277975450,0.0689865733541,0.2649179027691,-0.1722257486182,0.5031100388713,-0.4230225679631,-0.5863399025324,-0.3151594721164,0.3209393787084,0.0037249850278,0.1941533578412,0.0667716388871,0.4337889469907,0.0338314206953,0.0193600867386
0.2879367491752,-0.0539219764141,0.1183230070478,0.0351686044056,0.3860369028637,0.0152519118991,0.1751209763975,0.4204115043681,-0.1748142497980,0.4281947545778,0.0894636307947,-0.1106173401320,0.2555636215975,0.0286752119177,-0.0344113562284,0.3397114298393,1.0000000000000,-0.0099264875921,-0.0523243258235,0.0657350369343,0.3201447168382,0.5490407509419,0.4109441166268,0.4704987681375,0.4592409383403,0.0855278862167,-0.1536691785446,0.0568663709128,0.3912704431334,0.1532344943052,0.3714497625896,-0.1689771433162,0.0668411183157,0.2191708047487,0.1523734464026,0.3682192244483,-0.2062025362771,-0.1390887617976,0.0463451058838,0.4543885894515,0.1800668157931,0.2149699870110,0.2959542229329,-0.2246701700312,0.4173443789731,0.1523875983317,-0.1616737579392,0.3677035231623,-0.0877291355617,-0.1671360308183,0.4400814898880,0.9350308444590,-0.2821754704836,-0.1754287683244,-0.2065337510235,0.2555849824461,0.4066895908226,0.4432839487109,0.1680283173186,0.4678965042514,-0.2423894023559,-0.3675767619907,-0.1628731415998,0.3853759873467,0.1225121736374,0.3312603022267,-0.1089225399608,0.2038860566448,0.1389383221236,0.0558611189629
0.7661343061884,0.2757027104331,0.2506039311676,0.2803076859514,0.0086012153302,0.2341136501832,0.1054944970414,0.2904461729179,0.2715958079447,-0.1077896983890,0.0788426393011,0.1212319340009,0.0910784646262,0.2818067783922,0.7082413284020,0.0159427714501,-0.0099264875921,1.0000000000000,0.2432190293058,0.8699136181645,0.0345716252219,0.1530682427685,-0.0917451430105,0.4731629996383,0.1917438736552,0.7360156596772,0.6772268315238,0.5764501809825,0.2026769534028,0.6760377030477,0.5285150776014,-0.2182261604690,0.1392289224863,0.6110858323263,0.7541764796199,-0.0846213826527,0.2259025214474,-0.0045413001424,0.4672421427922,-0.1286044184006,0.3875148640439,-0.3218790887657,-0.0796323221416,-0.5333739801428,-0.1235077444071,-0.4170589616737,-0.2188543264991,-0.2376571206226,-0.1351165421505,-0.1671991634011,-0.1306280567459,0.0724543671728,0.0895260979403,-0.2906440711847,-0.1909195167226,-0.3480481335155,-0.2074927912936,-0.1690555348753,-0.0553768341690,0.0560453249102,0.2874183953207,0.0141922387012,0.2985638036942,-0.0179243468284,0.0306192461754,-0.0578240698494,-0.2749307410137,0.4339357135955,0.0380968644258,0.1684206445079
0.0992931079734,-0.2227778087729,0.3198320138255,-0.0314983484472,-0.1981624281718,0.3715260672250,-0.0228214958507,0.0718540521105,0.4471470150992,-0.2361890426831,-0.1336024404598,0.9003678912368,-0.1264202265078,0.6596428811624,0.2882880752456,0.0459310605617,-0.0523243258235,0.2432190293058,1.0000000000000,0.3384052995066,-0.4277196996811,-0.0275735364189,-0.3091020843486,0.1985866172293,-0.0342758081844,0.4043320592828,0.6513756388587,0.5415611546085,0.0768782252204,0.0512429955260,-0.0542113499247,0.6376053326294,-0.1238457058092,0.0726238468518,0.0566513912594,-0.4283329246549,-0.2816996679871,-0.1225306671763,-0.0199004901660,-0.4273557618085,0.1069654032793,-0.0672555715927,-0.1988327689061,0.0903155815941,-0.2285402628347,-0.3568543654844,0.7214233274372,-0.4498117265932,0.5554579230805,-0.2658227527337,-0.2165747540328,-0.0023085630288,-0.4338033435142,0.6884750958123,-0.2723406321460,-0.4744241134254,-0.5015803995750,-0.3965033451037,-0.5333669412914,-0.1594813367729,0.1536313108671,0.0855806614186,0.1695073609870,-0.1563439889776,-0.5715828234109,-0.5271802159049,0.4242624156876,-0.0996116412056,-0.4695199435315,-0.5803050909163
0.7540852526073,0.2961103364090,0.2085737092899,0.2544720177404,0.0343477745097,0.2170969660168,0.1475984367544,0.3589154389875,0.2462218189622,-0.0202895185946,0.0886648012572,0.2180610228581,0.0837401791270,0.3857826850856,0.6918276201910,0.0481000283460,0.0657350369343,0.8699136181645,0.3384052995066,1.0000000000000,0.0299882371671,0.1782842335238,-0.0966321542225,0.4522165542282,0.2490303033728,0.8987806553106,0.6641511176154,0.6133810739857,0.2591478132837,0.5929165587954,0.3943131487257,-0.1595573045474,0.1300839508608,0.5123866980440,0.7270786665745,-0.2060310182635,0.1768946096115,-0.1171890989249,0.4253982651502,-0.1090226991519,0.3192247264891,-0.3596733184010,-0.0508452938342,-0.5843409653677,-0.0772161689275,-0.3840450378415,-0.1517352421899,-0.2495576505931,0.1058397972237,-0.2242112570083,-0.1367101830226,0.1389699488542,-0.0283002046862,-0.1856293780365,-0.1522786120701,-0.3167268371342,-0.2404681807540,-0.1712376723986,-0.1771450292983,0.0877029928417,0.4391670622915,0.0201800919789,0.3195244952763,0.0157898563863,-0.0231178544966,-0.1857560441606,-0.2264040728857,0.4561176443896,-0.0863816503680,0.0241710436133
0.2206967230178,0.1743658391042,-0.0923619200213,0.0469383266878,0.6298274234363,-0.4055221330631,0.2492618660447,0.1044563523847,-0.3007561274261,0.4339324544266,0.1507097784467,-0.4793407050882,0.4838550615371,-0.3446499081618,-0.0701105491346,0.1692619408494,0.3201447168382,0.0345716252219,-0.4277196996811,0.0299882371671,1.0000000000000,0.3034016688994,0.3431089474565,0.1635611804203,0.3061536757126,-0.0057149585708,-0.4081715211561,-0.1574334796071,0.2150802511780,0.0135675607669,0.1378857341295,-0.4324551318330,-0.0469101178710,0.1975975045721,0.1610886322315,0.3564634524920,0.2804393672093,-0.0050987412989,0.1207866203139,0.6738135301189,-0.1298265672291,-0.0298641921703,0.2006995770756,-0.3596876467158,0.3823876354376,0.2220369619100,-0.3958547485738,0.5892640250006,-0.2082537003501,-0.0001595754607,0.2689958917983,0.2896086589996,0.2687260660695,-0.3915584384282,0.1944909856780,0.8078706206638,0.4128831041702,0.3858375456036,0.3853144380644,0.3178768988168,0.0848392560111,-0.0953795786956,0.0221912548191,0.2239731956498,0.3257629604135,0.2890533009416,-0.5036742349918,0.0333624195516,0.2862576300682,0.4138150922128
0.3578660587227,-0.0281675218275,0.0606912319009,-0.1482164329969,0.4057788497881,0.0510690536003,0.2282992498772,0.2587624990651,0.1950822395806,0.1719389445436,-0.0934990444945,-0.0906557008636,0.1556084593608,0.0296950895097,0.2476702473000,0.2930628502664,0.5490407509419,0.1530682427685,-0.0275735364189,0.1782842335238,0.3034016688994,1.0000000000000,0.1656172922051,0.7516263961700,0.3186404242376,0.1666542108177,-0.0493240181139,0.0582814716680,0.5426943412417,0.3601810180230,0.4251722024169,-0.0908703340363,0.0669708636304,0.3839333076921,0.2067740145046,0.1657960493058,-0.0369860035508,-0.0588927448237,0.0571741504734,0.3139349562863,0.1159635492011,-0.0132281166682,0.1040914863600,-0.1984543847200,0.1233734345828,-0.2351329347249,-0.2084138094020,0.1126653314768,-0.1108268639031,-0.2603951591127,0.1059257815960,0.4880922846361,-0.1226773273509,-0.2415335498816,-0.2310022423279,0.0930008691007,0.6186007917060,0.1629047096413,0.3373929382851,0.2780716563028,-0.0669748220946,-0.3069428472332,-0.0040479940955,0.4319392215043,0.2508041164396,0.3040711620902,-0.2261439117637,0.2508272761250,0.1802753815614,0.0113099502062
0.0848781067900,0.3649092625796,-0.1273402483967,0.5413492128028,0.2210524115057,-0.0332811025158,0.0470836627627,0.3757889816066,-0.4891937339671,0.6713933243409,0.0354460236560,-0.2802295015187,0.2161525421757,-0.2130528517853,-0.2640530242476,0.2433193929524,0.4109441166268,-0.0917451430105,-0.3091020843486,-0.0966321542225,0.3431089474565,0.1656172922051,1.0000000000000,0.0555495154046,0.6070729962338,-0.0639875088169,-0.2864093457719,-0.1486121076449,0.2497569882659,0.0278106560830,0.3209802856247,-0.3199484437216,0.1939189426133,0.2386847833557,0.2112361999137,0.5525218393003,0.1395843554062,-0.3100517978217,0.4247462356325,0.4447001729924,0.1435982856823,0.2813721779912,0.5199515288494,-0.2587799594974,0.6922030896774,0.2867379931971,-0.2991460336548,0.4697584743832,-0.1904885668590,0.1133265485940,0.4837301670057,0.3887236325909,-0.1570677965559,-0.3310722756204,-0.1416269021690,0.4459886455408,0.1561041823932,0.8756555758485,-0.0057371751348,0.6056094662642,-0.2457905470124,-0.4224962797950,-0.3663262425376,0.3457640916894,0.1526476098763,0.4667405857272,-0.2156497168440,0.1720899334006,0.3843315024589,0.3257782877925
0.5602840356252,0.1464287050130,0.4124424372888,0.0628141189799,0.2368869956221,0.0998693743969,0.1257132826272,0.1895805344984,0.2180671028290,0.0084822653845,-0.0588032140412,0.1160148984846,0.1646226853518,0.1628989543577,0.4259381406196,0.1828815811807,0.4704987681375,0.4731629996383,0.1985866172293,0.4522165542282,0.1635611804203,0.7516263961700,0.0555495154046,1.0000000000000,0.2207227924468,0.4143054708644,0.3509837880595,0.5613992318348,0.3483376590639,0.4578516636554,0.5847104751159,0.0054018512998,0.0338298197174,0.4715514364948,0.4776352331292,-0.0020777959803,0.1578459134137,0.1248657527199,0.1817528725699,0.0223019873376,0.2336930462863,-0.1898150189726,-0.1059083257215,-0.4124002641952,-0.0437976954117,-0.3549305193797,-0.0903287265798,-0.0801654010359,0.0042659232981,-0.3838610529798,-0.0144896528415,0.5021624563232,-0.0744189983167,-0.1459228031907,-0.2665912062410,-0.1157942203610,0.2737041606551,0.0525869172818,0.2837875357478,0.1304210196011,0.1226538980591,-0.0996954594141,0.3340846947127,0.1179501024364,0.0487529480187,0.1039981619554,-0.1726872290550,0.2868221903677,0.0451162891062,0.0389515257361
0.4190453153079,0.1947627916964,0.0038471702700,0.5292706262533,0.4441544816226,0.3503579041960,0.1852171076348,0.7886056197579,-0.1090760015191,0.7641363903322,0.0635958697784,-0.0547955220603,0.2518276474800,0.1434659451804,0.0743817463810,0.5029853119676,0.4592409383403,0.1917438736552,-0.0342758081844,0.2490303033728,0.3061536757126,0.3186404242376,0.6070729962338,0.2207227924468,1.0000000000000,0.3173047897490,0.0418582118459,0.0446585324020,0.6955050694792,0.3211321092544,0.4248442898156,-0.1244123972835,0.2201426953870,0.4964319964972,0.3712255681799,0.4106699675372,-0.1342689342898,-0.4394206211555,0.5409449802622,0.5171200359528,0.4659849985291,0.2172014702716,0.7088651503749,-0.3594874676535,0.7824600439638,-0.0164568579453,-0.2815107078477,0.3566777127222,-0.1490129715526,-0.0868379013675,0.5390536169692,0.4736624600322,-0.4270719278613,-0.3495091571497,-0.4369726113831,0.1983773800892,0.0280939178982,0.5574107231971,-0.2909498346102,0.9252658542593,-0.2170100770923,-0.5593398997712,-0.3889969342712,0.6144712018001,0.1051628635384,0.2600182382667,-0.0586439087669,0.4574647862057,0.2689594019977,0.0548013374389
0.7013930597091,0.3096906084931,0.1694070259319,0.3650210328339,0.0897374716158,0.3149362782415,0.1388523628798,0.4067202734265,0.2634960523942,0.0857229173735,0.1502226212658,0.3177706493528,0.1447434711827,0.6037969428169,0.6700680186040,0.0671604825475,0.0855278862167,0.7360156596772,0.4043320592828,0.8987806553106,-0.0057149585708,0.1666542108177,-0.0639875088169,0.4143054708644,0.3173047897490,1.0000000000000,0.7085704683112,0.6727319836820,0.2796582019524,0.5443658897112,0.2975471292340,0.0222465163969,0.1735794160934,0.4858144633890,0.6803190502064,-0.2234691675605,0.0924582387517,-0.2499097899417,0.4976672962659,-0.0855366982279,0.4208220102137,-0.3102553999332,-0.0165746141084,-0.5341141778443,0.0146940185191,-0.3284812600805,-0.0717945405132,-0.2094250202075,0.2552205916065,-0.1596110825251,-0.1201617690406,0.1508595425653,-0.1981572497399,-0.0913585850279,-0.2159203285349,-0.3221672076550,-0.3096027641547,-0.1625702610261,-0.3584141960458,0.1667535578534,0.4491653801298,-0.0243899088936,0.2792416307179,0.0115163292633,-0.0728194474539,-0.2776548733307,-0.0736007124540,0.5060225446086,-0.0862481226047,-0.0931464797094
0.4710952205231,0.1123985686938,0.3292074094887,0.3236958568650,-0.2060176009548,0.5171077796210,0.0263390898287,0.1749763156533,0.4765404780037,-0.2732893357366,0.1008462808431,0.6189118441770,0.0003737441947,0.5887029478445,0.6497038368876,0.0152264966625,-0.1536691785446,0.6772268315238,0.6513756388587,0.6641511176154,-0.4081715211561,-0.0493240181139,-0.2864093457719,0.3509837880595,0.0418582118459,0.7085704683112,1.0000000000000,0.7319998971141,0.0857528554045,0.5123386629728,0.3398074697026,0.3958359638595,0.1981872964309,0.4076389919021,0.5312434206742,-0.3600810885513,-0.0411242898533,-0.1257857904791,0.3728480036696,-0.4609929290097,0.4389275063167,-0.1834599625714,-0.1757516588035,-0.1855508857006,-0.2315389970922,-0.3951279804514,0.2297223868940,-0.4653498538071,0.2296729379543,-0.2326528905740,-0.2272110599683,-0.0256760097792,-0.3186377479983,0.1789408947985,-0.4203698349779,-0.6480552082866,-0.5785175531514,-0.3715932889805,-0.5151646989883,-0.0565584106618,0.1885271956405,0.0469512625374,0.2095318990567,-0.1800464718199,-0.3514261631817,-0.3582877155864,0.3059492261818,0.3213171170246,-0.2422777605940,-0.3100881669851
0.5009718081333,0.2848174868876,0.6394160909414,0.2662323714497,-0.1295829312420,0.2363293341545,-0.0742465206048,0.1397787738584,0.1607557372292,-0.1395166627569,0.0859320329876,0.4539611904821,0.0536387409228,0.4600581834306,0.4830320737678,-0.0177006250739,0.0568663709128,0.5764501809825,0.5415611546085,0.6133810739857,-0.1574334796071,0.0582814716680,-0.1486121076449,0.5613992318348,0.0446585324020,0.6727319836820,0.7319998971141,1.0000000000000,-0.0314659002413,0.2747488923930,0.2808015710263,0.2454673248922,0.0083346735519,0.2533922324988,0.4757052838776,-0.4139403420785,0.2284305107678,0.1386353762274,0.2487604036292,-0.3833637628598,0.2918811652709,-0.3890108826063,-0.3154259336006,-0.4686034726822,-0.2336439456316,-0.3017403885909,0.2254485811450,-0.3391969717339,0.3338555331706,-0.3153561443646,-0.2058799820306,0.1133459272797,-0.1569066967278,0.1744069366883,-0.1510397830074,-0.3587740213174,-0.4391380526087,-0.2141052283081,-0.2498475306717,-0.1343458244713,0.3781816179619,0.1911193978418,0.6237591597284,-0.3707910037183,-0.3822606009207,-0.4569145639087,0.1191350567745,0.2089455089093,-0.3086047936946,-0.1893251783989
0.3499850295978,-0.0357840182077,-0.0961190192005,0.1567770109071,0.5168646262312,0.3793073602950,0.2216580248823,0.5993774626761,0.1751156366934,0.3347898215210,0.0223538094314,0.0832628800304,0.2189786325304,0.1927189743197,0.1606969208651,0.3283264007773,0.3912704431334,0.2026769534028,0.0768782252204,0.2591478132837,0.2150802511780,0.5426943412417,0.2497569882659,0.3483376590639,0.6955050694792,0.2796582019524,0.0857528554045,-0.0314659002413,1.0000000000000,0.3745662570566,0.3951159702187,-0.0450187596625,0.1945882858634,0.4439297125933,0.2352773288307,0.2556138503959,-0.2257568491763,-0.4406760179131,0.2665106980871,0.4445618928268,0.3598657722924,0.1339568694198,0.5233734772175,-0.2047994757888,0.3975066501543,-0.1462196447374,-0.1815426859849,0.1765554044059,-0.1417784603731,-0.2314046435057,0.2877235291125,0.3715027089136,-0.3674138680135,-0.2688165012731,-0.4241208198300,0.0343825800757,0.1714947468868,0.2098463102213,-0.1801996844857,0.6655548796381,-0.2162161566132,-0.5251825625804,-0.3841390171201,0.8572308202871,0.1435300587497,0.2249576118472,0.0040560402705,0.3854771117543,0.2051541031707,-0.1417627895869
0.7210309856585,0.1168368559143,0.0551454067323,0.2786241163370,0.2253352655123,0.4281135878426,0.3554393529141,0.3657860826182,0.4385346295084,0.0760070046662,0.1619495939848,0.0090729506581,0.3266888064813,0.2985844531369,0.7602394480199,0.3249219295679,0.1532344943052,0.6760377030477,0.0512429955260,0.5929165587954,0.0135675607669,0.3601810180230,0.0278106560830,0.4578516636554,0.3211321092544,0.5443658897112,0.5123386629728,0.2747488923930,0.3745662570566,1.0000000000000,0.6619530170657,-0.1215995598583,0.3916654185631,0.7096934810679,0.6695213133528,0.1065818532277,-0.0871362200381,-0.1735946736137,0.4686494293912,0.0935561269157,0.5225773797133,0.0557225631463,0.1487196364145,-0.3483998294773,0.1297530917253,-0.3241083668449,-0.4144657617729,0.0593219022305,-0.3689080970704,-0.2572503401744,0.1624613786311,0.2299472525379,-0.2036559874338,-0.4630612279113,-0.5065114065230,-0.3417223993818,0.0143592326700,0.0305727004739,-0.0916629606166,0.3141373296972,-0.1309375131028,-0.4151023364336,-0.0967227705435,0.2574517650856,0.3323311032612,0.2570339333989,-0.0618997529719,0.5960918356031,0.1938741860050,0.1413998118281
0.6627055862974,0.1958099638458,0.2642363331562,0.3675699222600,0.1737046454349,0.2743715609633,0.1589007534539,0.4425986545478,0.1717847730346,0.1028444852565,0.1810766383422,-0.0916354378049,0.1826531744101,-0.0249362343062,0.4511453496196,0.2824960359716,0.3714497625896,0.5285150776014,-0.0542113499247,0.3943131487257,0.1378857341295,0.4251722024169,0.3209802856247,0.5847104751159,0.4248442898156,0.2975471292340,0.3398074697026,0.2808015710263,0.3951159702187,0.6619530170657,1.0000000000000,-0.2498861297157,0.2183648050482,0.5969939697546,0.5958495676700,0.4206465084366,0.1153851287490,-0.0784793952726,0.5255223826725,0.1089613304082,0.4761833370638,0.0700916907778,0.2638606862962,-0.3037919531023,0.1963047207668,-0.1570301934782,-0.3388275705313,0.0767936899825,-0.4213895313586,-0.1165674304654,0.2696902454297,0.4497902004832,-0.1007864151134,-0.4300810815646,-0.4214667309182,-0.1552827732156,0.0887798412224,0.2985756646147,0.0901613176664,0.3957620136812,-0.1998497436702,-0.3519863138838,-0.1025360425349,0.2401930401123,0.1665827331471,0.5368763347880,-0.1450650454970,0.4913814828853,0.2757640032849,0.2663955544524
-0.2262976330254,-0.2356944445343,0.1586664316502,-0.0874787870636,-0.1671573171111,0.3248278690835,-0.0795873661676,-0.1611591181070,0.3119155768320,-0.1480963248254,-0.1220073287094,0.6963055463941,-0.1070328165202,0.4815454444319,0.0288863302732,0.0837033626283,-0.1689771433162,-0.2182261604690,0.6376053326294,-0.1595573045474,-0.4324551318330,-0.0908703340363,-0.3199484437216,0.0054018512998,-0.1244123972835,0.0222465163969,0.3958359638595,0.2454673248922,-0.0450187596625,-0.1215995598583,-0.2498861297157,1.0000000000000,0.0943457489672,-0.1259666470860,-0.2436809552776,-0.3469965124677,-0.3030439567417,-0.0696367649038,-0.2166699969752,-0.3364946926933,0.0383177059908,0.0801146751199,-0.1195129048060,0.3874973151725,-0.1242982377164,-0.1477138403633,0.6084698428136,-0.3001523695605,0.5362925149981,-0.1257902621901,-0.0749753550568,-0.1159160129496,-0.4334151805942,0.6552504380766,-0.2258943644982,-0.3136420993475,-0.3393390797908,-0.2965379769354,-0.4899074253768,-0.1323250108540,-0.0761569465578,0.0554736588093,0.0136329072344,-0.1464337300639,-0.3739589431209,-0.3921574803648,0.8089534331171,-0.2221428373434,-0.3470844315734,-0.5877759381922
0.1687305105777,0.2755950910936,-0.0905276706687,0.2274239235755,0.0675005198007,0.4185649009074,0.1486435014508,0.1803159855224,-0.0590349381488,0.2018240065987,0.1201158954654,-0.0762744076647,0.1647914030540,0.0222144310836,0.3085878563599,0.3340546693856,0.0668411183157,0.1392289224863,-0.1238457058092,0.1300839508608,-0.0469101178710,0.0669708636304,0.1939189426133,0.0338298197174,0.2201426953870,0.1735794160934,0.1981872964309,0.0083346735519,0.1945882858634,0.3916654185631,0.2183648050482,0.0943457489672,1.0000000000000,0.2479195174753,0.3210055901373,0.0816826635065,-0.0841584043832,-0.1847580627951,0.1935981892476,0.1457634929191,0.5016719998471,0.1805918214951,0.3435341684945,-0.1529530014683,0.2636466538371,0.0702762839140,-0.3688369257012,0.1515302768138,-0.1768902592584,-0.0685849788112,0.3736410141608,0.1244471340395,-0.2904347479560,-0.3824002454849,-0.3963287753415,-0.0583118930456,-0.0023050176224,0.1738966475157,-0.1861016058057,0.2665302450512,-0.3186122881060,-0.3483848512288,-0.2782760991716,0.2592616833579,0.1867324347644,0.2098222433699,0.1512115618035,0.4960725045962,0.1087189101472,0.0701692997784
0.6559686940446,0.2017062431981,0.0220474747628,0.4223151235911,0.2435742891216,0.3344618090943,0.2964095139381,0.3744792558790,0.2607812660053,0.2826695983294,0.0167980443574,0.0224905626729,0.2156496625575,0.1624974601508,0.5137101132883,0.3180033808076,0.2191708047487,0.6110858323263,0.0726238468518,0.5123866980440,0.1975975045721,0.3839333076921,0.2386847833557,0.4715514364948,0.4964319964972,0.4858144633890,0.4076389919021,0.2533922324988,0.4439297125933,0.7096934810679,0.5969939697546,-0.1259666470860,0.2479195174753,1.0000000000000,0.6538055850437,0.2705175594616,0.0992560692122,-0.2794719161157,0.5396231789250,0.1595584136505,0.4588301921114,0.0183475766422,0.2364946390574,-0.3633529021126,0.3461274579686,-0.2910737803889,-0.3327804299208,0.0445636107855,-0.1983594022335,-0.1145234730354,0.2289252852671,0.3172047494405,-0.1283231841419,-0.3547305923499,-0.3790515290116,-0.0960303499012,0.0731513982736,0.2364358864835,-0.0774921022527,0.4618239454350,0.0272965346435,-0.3209517476520,-0.1290267912364,0.3176597414425,0.3250102452517,0.2296730395400,-0.1536219501891,0.4802095750640,0.5263577380803,0.1800473135887
