1.0000000000000,0.5920542769337,0.5528007259009,0.7762385748027,0.5909653596942,0.1372416796791,0.5944117083332,0.7220344999760,0.6476582722316,0.5806989557545,0.6812110315775,0.0146939719937,0.5151421890319,0.4540671141648,0.8099280371926,0.5613999001006,0.4594254008368,0.6511784146229,0.1876244813503,0.6700316867424,0.4382088502109,0.6113921627640,0.7048658490761,0.4825443617963,0.6831787086540,0.6900137981730,0.6806745378110,0.1729393989668,0.6005476633091,0.8316799051512,0.7244895524385,0.3426087159813,-0.0590903363396,0.7180205395464,0.6579210285690,0.6074342902365,0.2639824629604,-0.4737481270037,0.7216771984588,0.4167597552682,0.1170923433915,0.1914031601325,0.0098177114723,-0.1779877943974,0.3459801647050,0.0869348138639,-0.1047290587497,0.3464400392143,0.0182330910688,-0.3510887364047,0.3099526748227,0.4233724905764,-0.3388926758101,-0.5877553382630,-0.5516488885624,0.3258494823288,-0.2302807799566,0.5759759760437,-0.2317968831172,0.5806954672052,0.1009277586053,-0.4712655937257,0.1740513458730,0.2921489193556,0.1974875514650,-0.1726868647993,0.5905336052258,0.3221684957565,0.2618703790420,0.3667043919808
0.5920542769337,1.0000000000000,0.3700063609825,0.7416448952987,0.3255929322804,0.1610683637074,0.3288544717143,0.5857794578307,0.4057848424324,0.4950916228862,0.4171252034741,-0.0524701234659,0.3316009709628,0.3154405982248,0.5347157508315,0.4536664637668,0.3693642729518,0.5276167499112,-0.0046635011306,0.5747215496104,0.1902656483051,0.4578746984326,0.6641914357952,0.4018495260671,0.5790246603916,0.5904765794462,0.6167414587578,0.2383197221599,0.4297259647411,0.6510672387284,0.6172416693641,0.3912532780896,0.0159010296099,0.5702123532087,0.7211865426716,0.3012720802239,0.6254672788819,-0.3479574163242,0.6915441545517,0.2275858125033,0.0828279907674,-0.0483854010715,0.2212154643879,-0.2142214941730,0.2950235332598,-0.1165370977499,-0.2624805332612,0.2457054679159,-0.0198644834723,-0.3501306892781,0.2660262513494,0.3219632517659,-0.1381864265104,-0.5787596110579,-0.4639685004940,0.1073433410311,-0.2154581968206,0.7052072554844,-0.1358506228697,0.4891599338489,0.2191931149220,-0.2316729691437,0.2537648505312,0.2884927855080,0.1041207749751,0.0277584539065,0.4299839056573,0.3880242713749,0.2904878092733,0.4539279088414
0.5528007259009,0.3700063609825,1.0000000000000,0.5701602857310,0.4561123264743,0.0786694702619,0.5137340176659,0.6227598729243,0.6962131730001,0.3792351021369,0.5628677239063,0.1841601902058,0.3685478882095,0.5614553680661,0.5918688500686,0.4147271779256,0.4100812943261,0.4939648205211,0.4494142273333,0.4626578577890,0.3084742995597,0.5727666481143,0.5330525282683,0.6559592646013,0.5066939544928,0.4984055863102,0.6960024915663,0.6579703921372,0.6385103656001,0.5169533349278,0.6492896500981,0.1771656445244,-0.1493670441175,0.3891010899172,0.3428236708663,0.0820784760145,0.0667557062708,0.1063453777739,0.4059988081257,0.3015685512900,0.1829890445631,0.1608913309798,-0.0468765353892,-0.0903523762979,0.1734128054034,-0.1099793580460,0.2158958817468,0.2195298655345,0.1700329663463,-0.4329489599002,0.2756814606648,0.3926449783072,-0.4256149676774,-0.3103055681096,-0.5896300231064,0.1701061326413,-0.1633489617231,0.3288888666480,-0.0299821047353,0.4471873393891,-0.1557290878182,-0.2364294553373,0.6416354260012,0.3594452705854,-0.1944205587114,-0.2401824261957,0.3770467631612,0.0980973659926,-0.0568115962673,0.0491897954744
0.7762385748027,0.7416448952987,0.5701602857310,1.0000000000000,0.4706291010268,0.1374701145508,0.4835145534474,0.7389309737915,0.6003870738537,0.6579945627531,0.5713648092616,-0.0531346083768,0.3213126828800,0.4790994062602,0.7333638222981,0.5320313267246,0.3583743263862,0.6714530343240,0.1988583215840,0.7264691998012,0.1861381434285,0.5351163886931,0.7920201027474,0.3912566573514,0.7299138591560,0.8183360232408,0.7626482989839,0.2779260363963,0.5871482238895,0.7528594376953,0.7475226734156,0.4055342422269,-0.0127755737175,0.6717730134049,0.7516887386290,0.3845308181979,0.4683978530311,-0.3627593248199,0.8847495346835,0.2224464238525,0.1197648722811,0.0077914592188,0.2071160212269,-0.1967895773113,0.4305876043210,-0.1652725610847,-0.1014579725158,0.1512453430434,0.1023053749841,-0.3328595356745,0.3258606217906,0.2898563455375,-0.2930218135621,-0.6012879872421,-0.6070452681464,0.0648984276470,-0.3597021297515,0.6758017835627,-0.2705281375494,0.5620183524641,0.2407237763692,-0.3933658633353,0.3137819816191,0.2945192185314,0.0242386109831,-0.1131047161213,0.5798047932517,0.4193361719284,0.2678478137723,0.4255235807561
0.5909653596942,0.3255929322804,0.4561123264743,0.4706291010268,1.0000000000000,-0.0092510947860,0.3868790225784,0.5334265520515,0.3293711014767,0.5528614300256,0.6295829518737,-0.1807952974696,0.7231702223350,0.2980775615637,0.4002896470270,0.3299153641043,0.4567231805875,0.5176442707788,0.0798911619269,0.3948206382452,0.7134457859282,0.6314697763570,0.5295428222300,0.5977554600158,0.5965157422802,0.3752641197774,0.4549725776310,0.2616640280618,0.7305117289805,0.4793971371224,0.5012058851954,0.1698553894969,-0.1764315192691,0.5221692183701,0.3187779458216,0.3537196421908,0.1503610851536,-0.3054882161768,0.3591525980121,0.8493427402171,-0.0577680990841,0.2712496808860,0.0043078524675,-0.2749197536366,0.4204941746318,0.3549113344654,-0.1364428147846,0.6513973426256,-0.0938061992525,-0.5075431712778,0.1845959487890,0.4444491236061,-0.1972278251864,-0.4584358525483,-0.4305080846059,0.7000709649438,0.0896609526803,0.4271189761069,0.0873135491435,0.6140922971094,-0.0937667537998,-0.3500891050953,0.1775552808713,0.5535988884135,0.0147738405628,-0.1304622655044,0.3768938363190,0.0459537718853,0.2314166020884,0.1454525786458
0.1372416796791,0.1610683637074,0.0786694702619,0.1374701145508,-0.0092510947860,1.0000000000000,0.2829214655924,0.1637245014713,0.4130150620917,0.0454449165923,0.1207224088983,0.0758520988832,-0.1206241531440,0.1757362210959,0.3806698695567,0.3613789352887,-0.0255445359106,0.0065175047260,-0.0682370969611,0.1122785917280,-0.1444150687505,0.0053772802834,0.0059391515014,0.0009153701552,0.1884669078704,0.1247256861322,0.2609048795592,0.1693670325731,0.1209370777884,0.2380909659591,0.1118188785940,0.3243350921866,0.5126005683061,0.2738139859629,0.3089252138076,-0.0263268051846,-0.0659862151394,0.0085941398946,0.1580344081362,-0.1093313605273,0.7105433717726,0.3655424296045,0.1894998964528,0.5325381153696,-0.0292627824377,-0.0922100050409,-0.0628234732882,-0.0968353607638,0.0289205820042,0.2401211212151,0.5129411433695,-0.0895503498139,-0.1374632821132,-0.2597227120712,-0.1925387227169,-0.1761024160319,-0.2388057144476,0.0290024741345,-0.1977182167054,0.1029757579428,0.1966347198287,0.1403057320522,0.2274048353879,0.1279618720588,-0.0577376009797,-0.0544666125106,0.0710356300070,0.3652771751703,0.1893241551921,0.3539891719213
0.5944117083332,0.3288544717143,0.5137340176659,0.4835145534474,0.3868790225784,0.2829214655924,1.0000000000000,0.4895569364269,0.8157402893635,0.3007382587242,0.7450503768085,0.0216537716585,0.4833098885665,0.4498553452954,0.6544123948082,0.5766442614433,0.2095614675846,0.3759037474545,0.2702121835704,0.4010359250922,0.3282439021507,0.4822528738592,0.4452996183845,0.4206049458339,0.4260641161065,0.3534394476039,0.5286725056092,0.1656132781815,0.5116376737475,0.6442596125976,0.5253854531476,0.2234182343971,0.0861934438123,0.4824766880798,0.4366284376965,0.2709925132583,-0.0012793264030,-0.2163903723391,0.3611935063074,0.2976420911212,0.3322417706108,0.5609697218868,-0.1023363827552,0.0597783927918,0.1525277464100,0.2006433617634,0.0449967434023,0.4024018171817,0.0694677633848,-0.3431450813407,0.5006067795521,0.2203792782195,-0.4091434577456,-0.3843441626176,-0.5756415204228,0.2040118025151,-0.1572732901921,0.3222129296643,-0.1732102507819,0.3652430535471,-0.2160366704951,-0.3094484664882,0.2398564589736,0.2918182001694,-0.0147627750016,-0.0985628991689,0.4564922255254,0.2057825043018,0.1212952494126,0.2232467100107
0.7220344999760,0.5857794578307,0.6227598729243,0.7389309737915,0.5334265520515,0.1637245014713,0.4895569364269,1.0000000000000,0.6244348998096,0.6193097641794,0.6390767396960,-0.0027808006342,0.3300269430531,0.3682628106534,0.7460843972626,0.5699611293651,0.3344313274181,0.5956095860973,0.1097972164919,0.5726690400404,0.1981972651942,0.4910664371858,0.6624942016876,0.4161717542433,0.7754391784848,0.6862056168461,0.7906996773332,0.4307885156007,0.6928294321385,0.6507746068878,0.7653477403843,0.5598426177015,0.0303392558379,0.5617829584450,0.5767634220651,0.2025069689644,0.2861226879242,-0.3573382171816,0.6861011400240,0.3324586518570,0.1003181752386,0.0123637769655,0.4348582910730,-0.2139838806767,0.3344417035000,-0.1198337080120,-0.1710493343473,0.2136073074866,0.0417369207535,-0.4309746953387,0.2543194906203,0.2459817387621,-0.4423674767032,-0.6665636536537,-0.5864084667747,0.0833579998994,-0.4772748943584,0.5246943290998,-0.3862110621745,0.6348466007069,0.2248175232974,-0.2402175891991,0.4591117492598,0.4747162884475,-0.2196113059835,-0.2685483313975,0.6574467437992,0.3803954713816,0.0861697795990,0.1811035063125
0.6476582722316,0.4057848424324,0.6962131730001,0.6003870738537,0.3293711014767,0.4130150620917,0.8157402893635,0.6244348998096,1.0000000000000,0.3557264558542,0.6517915641524,0.2071182753178,0.2880271253616,0.5917712728189,0.8242681021462,0.6309511195663,0.2820021819580,0.3893725648676,0.4194523502011,0.4651091074974,0.1753736830451,0.4583888185338,0.4817414976455,0.4352103091897,0.4993076810777,0.5108242591591,0.7053942010095,0.4054183687705,0.5465033741858,0.6626946772114,0.6173107626360,0.3297985564018,0.0410726949902,0.4993436737205,0.4617460305776,0.1204225028473,-0.0288145768682,-0.1147911244627,0.4752638073994,0.1541020888275,0.4523347597319,0.3340150691592,-0.0178371635782,0.1436371113802,0.1407625379707,-0.1312202990326,0.1406623981677,0.1487624349390,0.1748721242268,-0.2971158190166,0.4828627495013,0.2673517766327,-0.5454837639195,-0.4333740493924,-0.6873030269496,0.0246431647968,-0.3305376129476,0.3177193232075,-0.2732959520171,0.3884756754870,-0.0968789722881,-0.2164886000563,0.4815238182084,0.2814150705720,-0.1889009917352,-0.2315773899594,0.4538478712819,0.2519734296274,-0.0079376644876,0.1916895864095
0.5806989557545,0.4950916228862,0.3792351021369,0.6579945627531,0.5528614300256,0.0454449165923,0.3007382587242,0.6193097641794,0.3557264558542,1.0000000000000,0.3900386267768,0.0324111404849,0.5080849128796,0.4481945062062,0.5514798353743,0.5393963065870,0.3085461489910,0.4699919938061,0.1477438408527,0.5372564660532,0.3807947138953,0.3883657360152,0.6503166873610,0.2873871700213,0.8128666969227,0.6300609011590,0.4500859732710,0.1246107823162,0.4703929135258,0.5102075870370,0.4391630152836,0.3529271002493,-0.0902065991371,0.4749680954598,0.4684688680362,0.3349092032008,0.2243801745162,-0.3938487465801,0.6881011385286,0.4304382921790,-0.0434830088270,-0.0979933542678,0.1513242218448,-0.2909908855617,0.8601158925075,-0.0645032600606,-0.1336897833086,0.3815215982406,0.2893398245653,-0.2104208825350,0.2434088070291,0.2741564282462,-0.2716620890146,-0.4073802605857,-0.3024016548989,0.3248378738017,-0.2185410228220,0.5477712551418,-0.2471487116338,0.7675921337594,0.2213821993724,-0.4457041972854,0.1158272670099,0.2981414194743,0.1403345579047,-0.3266717622570,0.5313599074299,0.1990620061682,0.1657211436879,0.3018234728842
0.6812110315775,0.4171252034741,0.5628677239063,0.5713648092616,0.6295829518737,0.1207224088983,0.7450503768085,0.6390767396960,0.6517915641524,0.3900386267768,1.0000000000000,-0.1647803995645,0.5666816041401,0.3243945496419,0.6066938227162,0.4919883504221,0.2764551282849,0.4604154738284,0.0938067931125,0.4330846016024,0.4671025289876,0.5628217994408,0.5272617807674,0.5004738210542,0.5182332645460,0.4318365406120,0.6097254415286,0.2981722246465,0.6687736645310,0.6472739156166,0.5948146072826,0.2909503230671,-0.0063387562087,0.6078816454447,0.4340498730799,0.3156030874774,0.1721110700917,-0.2848346112493,0.4311684788329,0.5041090017894,0.1910720158125,0.4360985299926,0.0372408415994,-0.1013508705399,0.2186666558547,0.4462381191578,-0.1303983453424,0.5194354294686,-0.1231222810514,-0.4877151840917,0.3429667981685,0.2674789664108,-0.4128181600354,-0.5680689052754,-0.6435817136832,0.3599854764697,-0.1782084984878,0.4361406864296,-0.1866935999184,0.4498395567145,-0.1193910695092,-0.3331318203555,0.2965757641138,0.4294472143141,-0.0570830566450,-0.1383199148472,0.4827719704259,0.1971893459548,0.2283357119448,0.1688570434640
0.0146939719937,-0.0524701234659,0.1841601902058,-0.0531346083768,-0.1807952974696,0.0758520988832,0.0216537716585,-0.0027808006342,0.2071182753178,0.0324111404849,-0.1647803995645,1.0000000000000,0.0376314660626,0.4669519933268,0.1041622080457,0.1607223558621,0.0074238107638,-0.1338446830463,0.6070967090511,-0.0057251669279,0.0327419620535,-0.0617605308265,-0.0090199095604,0.0691063913558,-0.0238874711959,0.0133630267427,0.0250571654554,0.1761535694708,-0.0752961625050,0.0377585273446,-0.0525092865042,-0.0554813244510,0.0597864784629,-0.1237558723197,-0.1154631998084,-0.1104191169431,-0.2167474799107,0.0718148432061,-0.0150932749329,-0.0788382787633,-0.0546941316008,-0.1121961978844,-0.2103809675312,-0.0449855917280,0.0247495083204,-0.2281635951337,0.7161506329488,-0.0388870792866,0.5314504517042,0.1011309820142,0.0583318318163,0.0528697520395,-0.1288824141881,0.4894596421992,0.0765736100265,-0.0233630057646,-0.1049662015532,-0.0978273075030,-0.0085485476927,0.0210507324946,-0.0869082004034,0.1093317415088,0.1708734618086,-0.0478384178347,0.1384117686593,-0.2833026486472,-0.0423838025015,-0.3291002182411,-0.2384625126695,-0.0310700153352
0.5151421890319,0.3316009709628,0.3685478882095,0.3213126828800,0.7231702223350,-0.1206241531440,0.4833098885665,0.3300269430531,0.2880271253616,0.5080849128796,0.5666816041401,0.0376314660626,1.0000000000000,0.2968439282771,0.3322276085894,0.4769549465687,0.4224134261578,0.3720354749851,0.1402511155817,0.3294079341422,0.8369112140281,0.5913701222675,0.4626669221078,0.5808245347856,0.4746658102782,0.2089508684539,0.2371505674536,0.0377107481704,0.5623652785800,0.5054604308032,0.3544846094185,0.0172093014757,-0.1352006326814,0.3035870778709,0.2500997490964,0.3656116531083,0.1193902652684,-0.2851620387745,0.2469480444557,0.7899206783060,-0.1524527963025,0.3014640898329,-0.2458249881529,-0.3325083878969,0.4595655550006,0.4130059475936,-0.0134749801320,0.8772118739981,0.0405288053313,-0.4394193398496,0.2740652001755,0.4919966313403,-0.2208817579432,-0.1820517634352,-0.3070100518755,0.7748089620253,0.2423159557122,0.4089979214991,0.1199209603324,0.5871865393168,-0.2567223810042,-0.4510685412464,-0.0321310198465,0.4520530272201,0.2742033774231,-0.1243548327215,0.2727293976531,-0.0256937619709,0.0526272538005,0.1371026230837
0.4540671141648,0.3154405982248,0.5614553680661,0.4790994062602,0.2980775615637,0.1757362210959,0.4498553452954,0.3682628106534,0.5917712728189,0.4481945062062,0.3243945496419,0.4669519933268,0.2968439282771,1.0000000000000,0.5762254243929,0.4149053591148,0.2560129166893,0.3679994342857,0.7072869981034,0.5669115911859,0.2790727310536,0.3711669536128,0.4133762335928,0.3539932701255,0.4064899433943,0.6060764592879,0.4469743766321,0.3512322985997,0.3175228687809,0.5255727970416,0.3504043931872,0.1851415205476,-0.0836853739300,0.3636503320653,0.3305236212324,0.1353845327139,-0.0596817055568,-0.1023730270243,0.3898776720289,0.1753644397337,0.1376662573165,0.0508459260498,-0.2323760776215,-0.1372008883271,0.3631090336538,-0.0912417315202,0.4438960487687,0.1492153700425,0.6686237859980,-0.1636900327121,0.3199470666685,0.2619225233398,-0.3288407001942,-0.0106699594881,-0.3672721496657,0.1613839426354,-0.1490200557421,0.1851866530805,-0.1368355930120,0.3712227582278,-0.0125885134736,-0.3012360107758,0.3498641053054,0.1086484188184,0.0938208860288,-0.3123161570000,0.3932577178931,0.0152502094731,-0.0101771864155,0.2463611848160
0.8099280371926,0.5347157508315,0.5918688500686,0.7333638222981,0.4002896470270,0.3806698695567,0.6544123948082,0.7460843972626,0.8242681021462,0.5514798353743,0.6066938227162,0.1041622080457,0.3322276085894,0.5762254243929,1.0000000000000,0.6788860318059,0.3379096574027,0.5627956322229,0.3113434258005,0.7395465513370,0.1741567812320,0.4722328534890,0.5408486044118,0.4016948192264,0.6420224139415,0.7359488444583,0.7305542437781,0.3479226948730,0.5200076786911,0.8215985423883,0.6340089476280,0.5246239485087,0.1043703226799,0.6167548921453,0.6589828348570,0.2978310254596,0.0694553392796,-0.3114614245351,0.6763708025989,0.1777157315053,0.3605444842910,0.1659096329696,0.1247350422617,0.0222516984519,0.2758952195832,-0.1663244247908,-0.0697897592366,0.1570632091562,0.1815146338395,-0.2029447058517,0.4706038235452,0.3016532080537,-0.5183637947028,-0.5739576513231,-0.6127753093504,0.0314440732883,-0.3805247262476,0.4002294272712,-0.3561650224963,0.4933614241608,0.1824182367869,-0.3991986682912,0.3891408881962,0.2138307548695,-0.0321255338718,-0.3319483083862,0.6062967102950,0.4970320753820,0.0971009337645,0.3084613865542
0.5613999001006,0.4536664637668,0.4147271779256,0.5320313267246,0.3299153641043,0.3613789352887,0.5766442614433,0.5699611293651,0.6309511195663,0.5393963065870,0.4919883504221,0.1607223558621,0.4769549465687,0.4149053591148,0.6788860318059,1.0000000000000,0.2834883764931,0.3526996225353,0.0726545903608,0.4028697886721,0.2373045093641,0.4055391506061,0.4714308220678,0.3541955536128,0.5678732239674,0.4577041507673,0.4440950019982,0.1275324582008,0.4652320412028,0.7122500024657,0.4704118917674,0.5081422228785,0.2638355065735,0.4418214121388,0.5900730961714,0.2195773349855,0.1440328779380,-0.2216942882702,0.5253958232053,0.2538783842954,0.2995979108047,0.3064125632215,0.1113978476549,0.0303052853791,0.3985904404999,-0.1086579539087,-0.0964916425670,0.4067961773256,0.2725621526402,-0.1192425650166,0.7140639730387,0.2521950598968,-0.3607452743520,-0.3938443793405,-0.4141366062812,0.1214635926758,-0.2343935776959,0.4250362719415,-0.2109523001669,0.5331653900044,0.0900675292766,-0.3296036811001,0.2535276803950,0.3388098627058,0.1417817028971,-0.2048370705479,0.5641290750370,0.4086315741078,0.1374766820862,0.3633858381030
0.4594254008368,0.3693642729518,0.4100812943261,0.3583743263862,0.4567231805875,-0.0255445359106,0.2095614675846,0.3344313274181,0.2820021819580,0.3085461489910,0.2764551282849,0.0074238107638,0.4224134261578,0.2560129166893,0.3379096574027,0.2834883764931,1.0000000000000,0.3957363174896,0.0866747521485,0.3103065301421,0.4458587396935,0.7838026689358,0.5291643407970,0.6820189840454,0.4666958199808,0.2993500022249,0.3322304753821,0.1218557259323,0.5478969697328,0.4359677474486,0.5467838624314,0.0656795025146,-0.0996951739890,0.3043783205528,0.3588890417880,0.2653950995233,0.1934301104011,-0.1485547316047,0.2925703795063,0.4798872031634,-0.1134175181512,-0.0238664077569,-0.1484598278597,-0.2661559970595,0.1784606691897,-0.0128595134204,-0.0792477590197,0.3187949604608,0.0009024164789,-0.3971311362805,0.0915619382215,0.8784464192012,-0.0914785565746,-0.2870649957954,-0.2744374811569,0.3929426987695,0.3788128368507,0.4660840653583,0.3577301758264,0.5111112526235,-0.0757376584885,-0.2385844915903,0.1166828169182,0.3994393150999,0.0517999027146,0.1522976624359,0.2513532423699,0.0429221824684,-0.0005984348918,0.1894799098087
0.6511784146229,0.5276167499112,0.4939648205211,0.6714530343240,0.5176442707788,0.0065175047260,0.3759037474545,0.5956095860973,0.3893725648676,0.4699919938061,0.4604154738284,-0.1338446830463,0.3720354749851,0.3679994342857,0.5627956322229,0.3526996225353,0.3957363174896,1.0000000000000,0.1881519049842,0.7890174112911,0.2732068833603,0.6102753632647,0.6048782941044,0.5165722085251,0.4903973150326,0.5573659850237,0.6824976556135,0.3154003038945,0.4898480884490,0.6852045189813,0.6695185739626,0.3478017367051,-0.1058314024419,0.5533171698805,0.6185102870932,0.3859648209826,0.3895217920592,-0.2531339910384,0.5566623687222,0.3452198382870,0.0131047617152,0.0458845962566,0.0563066074833,-0.3017203484420,0.2500433560216,-0.0541606998619,-0.1725652626190,0.2567647295395,-0.0361822635701,-0.3981695324994,0.1647661820210,0.3515068802621,0.0516834204107,-0.4711345036950,-0.2910592300274,0.2065587706553,-0.0679892117985,0.4790311954341,0.0659057283160,0.3922136252358,0.0470746173770,-0.2931645405071,0.2688073127798,0.2291386782922,0.0621629226210,-0.0489424547471,0.5212694581159,0.2708519781785,0.3224244119182,0.3105479597543
0.1876244813503,-0.0046635011306,0.4494142273333,0.1988583215840,0.0798911619269,-0.0682370969611,0.2702121835704,0.1097972164919,0.4194523502011,0.1477438408527,0.0938067931125,0.6070967090511,0.1402511155817,0.7072869981034,0.3113434258005,0.0726545903608,0.0866747521485,0.1881519049842,1.0000000000000,0.3770635104516,0.1316635285247,0.1646211604652,0.1257471215396,0.2179027154354,0.0835068999786,0.2689483928281,0.2644635462799,0.3794803009277,0.1040710012530,0.1705153768985,0.1353122304718,-0.2141456494791,-0.3196971791345,0.0245155479698,-0.0500828152860,-0.0361865282330,-0.2651133965603,0.1086234104551,0.1048503188966,-0.0124185355710,0.0241685923523,-0.0574789316126,-0.3281276273961,-0.1192588917387,0.0876587786706,-0.1933148163628,0.7123350925562,-0.0590536346745,0.4599349957920,-0.1147551630417,0.1033684918162,0.1840117233348,-0.2522289716878,0.3557684032689,-0.2496624936681,0.0515309483810,-0.0552934850690,-0.1087494528853,0.0032552475747,0.0650105902781,-0.2337883956335,-0.1237699129847,0.2844423709277,-0.0767001279564,-0.0295358274351,-0.3065610928675,-0.0185584093625,-0.3549096175729,-0.2318983796569,-0.0971074874219
0.6700316867424,0.5747215496104,0.4626578577890,0.7264691998012,0.3948206382452,0.1122785917280,0.4010359250922,0.5726690400404,0.4651091074974,0.5372564660532,0.4330846016024,-0.0057251669279,0.3294079341422,0.5669115911859,0.7395465513370,0.4028697886721,0.3103065301421,0.7890174112911,0.3770635104516,1.0000000000000,0.1886110448769,0.4568018472602,0.5107498798602,0.3877616491819,0.5031079004284,0.7587960180657,0.6655015457795,0.3127271619625,0.3801318794888,0.7310350804097,0.5332823574202,0.4087480007568,-0.0786300308220,0.5943425531812,0.6924959706746,0.3139868616536,0.2260941036399,-0.3329089393604,0.6546207064084,0.1727074733009,0.0974578046154,-0.0252163646617,0.0290562263381,-0.1882113546794,0.2955596539708,-0.1222114511124,-0.0834560597551,0.1297019450966,0.1231051204354,-0.2432005723954,0.2965162344217,0.3104822278097,-0.1505174427828,-0.4270930461602,-0.3640835454996,0.1071110586086,-0.2177188188237,0.3502680063568,-0.1734466523765,0.3630303376275,0.2259150381149,-0.4246876344229,0.2544521420762,0.0747458959085,0.1009509949078,-0.2533796033192,0.5265447464238,0.3766115319479,0.2583778807916,0.4474662703865
0.4382088502109,0.1902656483051,0.3084742995597,0.1861381434285,0.7134457859282,-0.1444150687505,0.3282439021507,0.1981972651942,0.1753736830451,0.3807947138953,0.4671025289876,0.0327419620535,0.8369112140281,0.2790727310536,0.1741567812320,0.2373045093641,0.4458587396935,0.2732068833603,0.1316635285247,0.1886110448769,1.0000000000000,0.5923448225054,0.4246237247170,0.5355935485498,0.3575525449182,0.1542506655183,0.0760200814042,-0.0276307876055,0.4900561837984,0.3163349114578,0.2992743441360,-0.1828249546090,-0.1705355141814,0.3156549045593,0.1376805527314,0.4070666916113,0.1179693274357,-0.1556325764912,0.1360032888011,0.8120854873516,-0.2630767178588,0.2413108983885,-0.3605374613875,-0.3194020172107,0.4076869582851,0.5578293082062,0.0568137322526,0.7633883528254,0.0491517481361,-0.4134326014753,0.0339750664546,0.4945516646130,-0.0372807922843,-0.0862394390188,-0.1706110197884,0.9346028627409,0.4109383198229,0.3172649170728,0.2716223373579,0.5049649160370,-0.2198470836006,-0.3663627266828,-0.1265972678926,0.4481586024746,0.2285068437843,0.0140145550831,0.0832193967883,-0.2195077075718,0.1302692890010,0.1518910088587
0.6113921627640,0.4578746984326,0.5727666481143,0.5351163886931,0.6314697763570,0.0053772802834,0.4822528738592,0.4910664371858,0.4583888185338,0.3883657360152,0.5628217994408,-0.0617605308265,0.5913701222675,0.3711669536128,0.4722328534890,0.4055391506061,0.7838026689358,0.6102753632647,0.1646211604652,0.4568018472602,0.5923448225054,1.0000000000000,0.6852866420496,0.8451652292566,0.5098294904475,0.4098558157489,0.4957044268209,0.1834951053885,0.6996846646482,0.6223161479362,0.7468779857749,0.1082043694914,-0.1196945250783,0.5075296439929,0.4916059099294,0.3036131292883,0.2663289130245,-0.2266906131860,0.4014217700343,0.5898050145412,-0.0444242435622,0.2075048666711,-0.2167136036893,-0.2960652598110,0.2444425717358,0.1451553597273,-0.0808771688127,0.4714271194958,-0.0358388031119,-0.5565955656916,0.2170558575887,0.7087847484155,-0.1683756916525,-0.4067548681000,-0.4726453319849,0.4915279009402,0.3727093613106,0.5429679552191,0.3267433953186,0.5328684556053,-0.1786591039279,-0.4042923486228,0.1459368345055,0.4853018167540,0.0360990678442,0.0960367700699,0.3807705314442,0.0689697099947,0.1608450198069,0.2544493930925
0.7048658490761,0.6641914357952,0.5330525282683,0.7920201027474,0.5295428222300,0.0059391515014,0.4452996183845,0.6624942016876,0.4817414976455,0.6503166873610,0.5272617807674,-0.0090199095604,0.4626669221078,0.4133762335928,0.5408486044118,0.4714308220678,0.5291643407970,0.6048782941044,0.1257471215396,0.5107498798602,0.4246237247170,0.6852866420496,1.0000000000000,0.4980476221812,0.7193690506377,0.6088521869945,0.5807237624420,0.1053874569615,0.6155946147169,0.6837794962710,0.8152757993337,0.2002971333568,-0.0416527247008,0.5835046954237,0.6255927117590,0.4358822311430,0.5081320145049,-0.3394328911685,0.6763661841179,0.4573376603517,-0.0833518116083,-0.0034278769967,0.0704252079272,-0.4012829871200,0.4859351262599,-0.0339230774492,-0.0801675281121,0.3617088614452,0.1313449631920,-0.4565590012256,0.1707407637774,0.4474634061881,-0.1678609258424,-0.4688914596296,-0.4618552237626,0.3127231094118,-0.0695615633906,0.8236263617567,-0.0332548761116,0.6881320267105,0.0205399230101,-0.3777448616931,0.1478499706517,0.4228605576653,0.1117477431877,0.1001659697329,0.5158521956168,0.1846267291731,0.2523840649648,0.3618508764491
0.4825443617963,0.4018495260671,0.6559592646013,0.3912566573514,0.5977554600158,0.0009153701552,0.4206049458339,0.4161717542433,0.4352103091897,0.2873871700213,0.5004738210542,0.0691063913558,0.5808245347856,0.3539932701255,0.4016948192264,0.3541955536128,0.6820189840454,0.5165722085251,0.2179027154354,0.3877616491819,0.5355935485498,0.8451652292566,0.4980476221812,1.0000000000000,0.3610614148832,0.2603193131185,0.4659924667021,0.4307291943825,0.6710480373049,0.5318274319457,0.5641703767831,0.1612950637238,-0.1125886755668,0.4309199173657,0.3526356994958,0.1485273606973,0.1434048875664,-0.1228708973359,0.2419808646538,0.5429038618649,-0.0477740021537,0.2232610749700,-0.2332680835515,-0.2149093101071,0.1035886989739,0.1125985174109,-0.0168784964048,0.4702353322500,-0.0892025515556,-0.5663904866963,0.2260506269855,0.6653418248499,-0.2066643807377,-0.3221861060198,-0.4633843268990,0.4589778698220,0.3140525152196,0.3987788243189,0.4306904969461,0.3892870884980,-0.2807239672353,-0.3453051098222,0.3520347817162,0.4930492959192,0.0014332083662,-0.0871769893978,0.3160738576517,-0.0075065788663,0.1204971961448,0.1422668423356
0.6831787086540,0.5790246603916,0.5066939544928,0.7299138591560,0.5965157422802,0.1884669078704,0.4260641161065,0.7754391784848,0.4993076810777,0.8128666969227,0.5182332645460,-0.0238874711959,0.4746658102782,0.4064899433943,0.6420224139415,0.5678732239674,0.4666958199808,0.4903973150326,0.0835068999786,0.5031079004284,0.3575525449182,0.5098294904475,0.7193690506377,0.3610614148832,1.0000000000000,0.6217770233524,0.6262916980545,0.2006676769456,0.7273670413974,0.6013955470965,0.6734831654597,0.3706811134919,0.0227511076385,0.4789864675045,0.5350846052341,0.3258894005230,0.2881731338719,-0.3454551301995,0.6759239975669,0.4740394280450,0.0697635044598,0.0014958524604,0.3437729617275,-0.2998178866497,0.6407722101716,-0.0703734930911,-0.1854292638417,0.3804853665948,0.1497996126735,-0.3652657951582,0.3073051679190,0.3864174477577,-0.3877984133420,-0.5631485341535,-0.4976675732566,0.2531503785186,-0.2802387447316,0.6102188929582,-0.3127232925858,0.9103285945932,0.1431678113740,-0.3478390678693,0.2272897554442,0.5715870331090,-0.0297974640177,-0.1622390828836,0.5387797633835,0.2895086713610,0.0865024441327,0.2332395248104
0.6900137981730,0.5904765794462,0.4984055863102,0.8183360232408,0.3752641197774,0.1247256861322,0.3534394476039,0.6862056168461,0.5108242591591,0.6300609011590,0.4318365406120,0.0133630267427,0.2089508684539,0.6060764592879,0.7359488444583,0.4577041507673,0.2993500022249,0.5573659850237,0.2689483928281,0.7587960180657,0.1542506655183,0.4098558157489,0.6088521869945,0.2603193131185,0.6217770233524,1.0000000000000,0.6474705100102,0.2866949518042,0.3911836683396,0.6425628417462,0.5419720460652,0.4471526389893,-0.0195760735946,0.6283300467995,0.6939216383907,0.3100951053722,0.3043736479283,-0.3442562202486,0.8396177199012,0.1153694496915,0.0715762363527,-0.1461675902342,0.1752706800801,-0.2029800512631,0.4380220659529,-0.1920191803398,-0.0737842260232,0.0104448632410,0.3391861717736,-0.2128191008525,0.2248314807278,0.2211378200019,-0.3202625816033,-0.5276791118138,-0.4720665046512,0.0424952861345,-0.3748482531171,0.4462693430798,-0.3626036269969,0.4679177309438,0.5182572113284,-0.3854894209033,0.3114838613178,0.1143755877958,-0.0181789814516,-0.2764785178854,0.6047868825713,0.4468585824292,0.1718319529658,0.4386788021329
0.6806745378110,0.6167414587578,0.6960024915663,0.7626482989839,0.4549725776310,0.2609048795592,0.5286725056092,0.7906996773332,0.7053942010095,0.4500859732710,0.6097254415286,0.0250571654554,0.2371505674536,0.4469743766321,0.7305542437781,0.4440950019982,0.3322304753821,0.6824976556135,0.2644635462799,0.6655015457795,0.0760200814042,0.4957044268209,0.5807237624420,0.4659924667021,0.6262916980545,0.6474705100102,1.0000000000000,0.5874367514173,0.6136398062503,0.6616654553893,0.7341655328911,0.4883381982130,-0.0694761060781,0.6103704225383,0.5898980551259,0.0871306147268,0.2382332564330,-0.2633979956986,0.6439711083811,0.1927468372993,0.2914489235916,0.0970642138773,0.2668980687084,-0.0776483542794,0.1516848095143,-0.1955111508469,-0.0581099117888,0.0881936597515,-0.0341351070595,-0.4438020409472,0.2978675663729,0.2839347248193,-0.3873474024148,-0.6188860355909,-0.6445487421175,-0.0156512763648,-0.4320953557876,0.4670201982865,-0.2939086670875,0.4466351081199,0.0978646767490,-0.0732996668976,0.5689195022808,0.3232231043486,-0.2351162710769,-0.2268305904946,0.5581419804802,0.3341246341620,0.1291511069390,0.2169456021375
0.1729393989668,0.2383197221599,0.6579703921372,0.2779260363963,0.2616640280618,0.1693670325731,0.1656132781815,0.4307885156007,0.4054183687705,0.1246107823162,0.2981722246465,0.1761535694708,0.0377107481704,0.3512322985997,0.3479226948730,0.1275324582008,0.1218557259323,0.3154003038945,0.3794803009277,0.3127271619625,-0.0276307876055,0.1834951053885,0.1053874569615,0.4307291943825,0.2006676769456,0.2866949518042,0.5874367514173,1.0000000000000,0.3643420683722,0.1876004487646,0.2829387476268,0.2448846012522,-0.1106149054985,0.2010908074795,0.0935442351576,-0.2068432821778,-0.0150414281909,0.3010074239208,0.1834262020028,0.0588799201777,0.2607428380204,-0.0059845067901,0.2559836750160,0.0402690168291,-0.0755687172103,-0.1890677916814,0.1577506852086,-0.0356519114658,0.0190651216710,-0.2660163499285,0.1399120703155,0.1384142754956,-0.2592441704542,-0.2243244279288,-0.3806119991201,-0.0717332643680,-0.2608345873482,0.0370994676433,0.0399091206549,0.1092354628623,0.0323947715080,0.1938547754539,0.8972060212694,0.2433485435306,-0.3603008132085,-0.2717236479137,0.1344454648125,0.0540474491914,-0.0904319371361,-0.1166957900606
0.6005476633091,0.4297259647411,0.6385103656001,0.5871482238895,0.7305117289805,0.1209370777884,0.5116376737475,0.6928294321385,0.5465033741858,0.4703929135258,0.6687736645310,-0.0752961625050,0.5623652785800,0.3175228687809,0.5200076786911,0.4652320412028,0.5478969697328,0.4898480884490,0.1040710012530,0.3801318794888,0.4900561837984,0.6996846646482,0.6155946147169,0.6710480373049,0.7273670413974,0.3911836683396,0.6136398062503,0.3643420683722,1.0000000000000,0.5526071445527,0.7254722451152,0.2652828745032,-0.0012290644384,0.4005084150053,0.4026128384462,0.1707961132342,0.2214311619827,-0.2280165484512,0.4326444504549,0.5919760671807,0.0770116815423,0.2561183709095,0.1740233051699,-0.2238549916867,0.2770392519805,0.1121228390263,-0.0968223313050,0.4531257847890,-0.0870839591401,-0.5864212693620,0.3204774839104,0.4919488532187,-0.3885125040121,-0.5268825297416,-0.5847787723483,0.3747234738832,-0.0716020645531,0.4684639892591,-0.0238218964362,0.6606146827094,-0.1472918677756,-0.2917111042410,0.3322268319564,0.8313246505182,-0.1490760883395,-0.0432745691366,0.4427975222810,0.1607461427349,0.0409915145698,0.1135888705265
0.8316799051512,0.6510672387284,0.5169533349278,0.7528594376953,0.4793971371224,0.2380909659591,0.6442596125976,0.6507746068878,0.6626946772114,0.5102075870370,0.6472739156166,0.0377585273446,0.5054604308032,0.5255727970416,0.8215985423883,0.7122500024657,0.4359677474486,0.6852045189813,0.1705153768985,0.7310350804097,0.3163349114578,0.6223161479362,0.6837794962710,0.5318274319457,0.6013955470965,0.6425628417462,0.6616654553893,0.1876004487646,0.5526071445527,1.0000000000000,0.7219783943339,0.4792373248026,0.1250951125292,0.7032597170046,0.7904110222978,0.4740776723676,0.2868752663474,-0.3860563848666,0.6622115062515,0.3436104249937,0.1989153883102,0.2172752160321,0.0268273268259,-0.1755985296951,0.2700654752087,-0.0207102307605,-0.1515215057061,0.3826030476392,0.1316735222835,-0.3332740269990,0.4957642964576,0.3920599421121,-0.2737387853488,-0.5344437073465,-0.5305633184071,0.1922757806226,-0.1854624161875,0.6013418689961,-0.1454440126529,0.5114173278556,0.0338836465491,-0.4515439375977,0.2433979681379,0.2892787717829,0.2833714138374,-0.0750943406095,0.6502609675596,0.4373872443111,0.3155627072365,0.4762950450959
0.7244895524385,0.6172416693641,0.6492896500981,0.7475226734156,0.5012058851954,0.1118188785940,0.5253854531476,0.7653477403843,0.6173107626360,0.4391630152836,0.5948146072826,-0.0525092865042,0.3544846094185,0.3504043931872,0.6340089476280,0.4704118917674,0.5467838624314,0.6695185739626,0.1353122304718,0.5332823574202,0.2992743441360,0.7468779857749,0.8152757993337,0.5641703767831,0.6734831654597,0.5419720460652,0.7341655328911,0.2829387476268,0.7254722451152,0.7219783943339,1.0000000000000,0.2447827455772,-0.0366521159876,0.5543152951361,0.6339287749901,0.3252436160485,0.3787217226531,-0.2630043096572,0.6055941493249,0.3702909709925,0.0882955653808,0.0950613613749,0.1373506360090,-0.2428452307581,0.2018341925156,-0.1139575761596,-0.0961702549044,0.2364160385402,-0.0325526522938,-0.4930330067169,0.2367045024727,0.4666450311587,-0.2265443815153,-0.5540690380035,-0.5686711653712,0.1624755812155,-0.1059549381233,0.6610415928130,-0.0679759232504,0.5775997319057,-0.0635728991519,-0.2674468400376,0.3121706453785,0.4867260835708,-0.0494099893516,0.1557664645024,0.4820426881691,0.2473500023919,0.1702425531929,0.2731744847999
0.3426087159813,0.3912532780896,0.1771656445244,0.4055342422269,0.1698553894969,0.3243350921866,0.2234182343971,0.5598426177015,0.3297985564018,0.3529271002493,0.2909503230671,-0.0554813244510,0.0172093014757,0.1851415205476,0.5246239485087,0.5081422228785,0.0656795025146,0.3478017367051,-0.2141456494791,0.4087480007568,-0.1828249546090,0.1082043694914,0.2002971333568,0.1612950637238,0.3706811134919,0.4471526389893,0.4883381982130,0.2448846012522,0.2652828745032,0.4792373248026,0.2447827455772,1.0000000000000,0.3260677084708,0.4259913545332,0.4750359181466,-0.0343538828956,0.1755767218599,-0.3466674730635,0.4514851140845,-0.0038229642914,0.1782642902107,0.0266247625332,0.4091910663528,0.0245995784849,0.1244091575676,-0.1394499303061,-0.4307022522721,0.0375779191817,0.0570300440897,-0.1334514894298,0.2935592346277,-0.0377190893066,-0.2525280840567,-0.6130031210373,-0.2325703803468,-0.2134742152780,-0.4567624392624,0.2793589354342,-0.3381791618874,0.2441463923641,0.4165632442954,-0.0822244889623,0.3293461056882,0.2245584615482,-0.1115481514915,-0.3423945327045,0.7189888998219,0.5921832400339,0.1856239729732,0.2848287532660
-0.0590903363396,0.0159010296099,-0.1493670441175,-0.0127755737175,-0.1764315192691,0.5126005683061,0.0861934438123,0.0303392558379,0.0410726949902,-0.0902065991371,-0.0063387562087,0.0597864784629,-0.1352006326814,-0.0836853739300,0.1043703226799,0.2638355065735,-0.0996951739890,-0.1058314024419,-0.3196971791345,-0.0786300308220,-0.1705355141814,-0.1196945250783,-0.0416527247008,-0.1125886755668,0.0227511076385,-0.0195760735946,-0.0694761060781,-0.1106149054985,-0.0012290644384,0.1250951125292,-0.0366521159876,0.3260677084708,1.0000000000000,-0.0048296191966,0.1741981697451,0.0199790316020,0.0909795046886,0.0112244266325,0.0316231676152,-0.0996497567631,0.1779178485134,0.1867292078448,0.2485682972835,0.1152643146169,-0.0556185819621,0.0140110584453,-0.2150425056261,0.0183158548635,0.0187870911117,0.1805954308178,0.2374543266166,-0.1969316108354,0.0384257687800,-0.1198591578545,0.0652539152935,-0.1927783722263,-0.1482660058089,0.0250758336045,-0.0813745558072,0.0140678194956,0.2114180691943,0.0398549244746,-0.0199709452731,0.1483590722074,0.0216138786591,0.0947901071033,0.0765536527008,0.3082318685308,0.0878237919030,0.1755590128278
0.7180205395464,0.5702123532087,0.3891010899172,0.6717730134049,0.5221692183701,0.2738139859629,0.4824766880798,0.5617829584450,0.4993436737205,0.4749680954598,0.6078816454447,-0.1237558723197,0.3035870778709,0.3636503320653,0.6167548921453,0.4418214121388,0.3043783205528,0.5533171698805,0.0245155479698,0.5943425531812,0.3156549045593,0.5075296439929,0.5835046954237,0.4309199173657,0.4789864675045,0.6283300467995,0.6103704225383,0.2010908074795,0.4005084150053,0.7032597170046,0.5543152951361,0.4259913545332,-0.0048296191966,1.0000000000000,0.7556142905049,0.4206895464887,0.2964221835302,-0.4152649525287,0.6463227721983,0.2862684417276,0.1699764085721,0.2549369270363,0.0684416411269,0.0269961348824,0.2779471480228,0.1901106111512,-0.2137756171531,0.2122042867239,-0.0459070722117,-0.2554983716115,0.3123643064365,0.2416520535726,-0.1147581885224,-0.6234126655244,-0.4661770967766,0.2732899977221,-0.1649798593739,0.5220586110246,-0.1176467554117,0.3613875130927,0.2191289050206,-0.3134202067106,0.2140111846398,0.1792082415674,0.1656617894660,-0.0675349660358,0.5400591676811,0.3355476189263,0.6753563890498,0.6288012657390
0.6579210285690,0.7211865426716,0.3428236708663,0.7516887386290,0.3187779458216,0.3089252138076,0.4366284376965,0.5767634220651,0.4617460305776,0.4684688680362,0.4340498730799,-0.1154631998084,0.2500997490964,0.3305236212324,0.6589828348570,0.5900730961714,0.3588890417880,0.6185102870932,-0.0500828152860,0.6924959706746,0.1376805527314,0.4916059099294,0.6255927117590,0.3526356994958,0.5350846052341,0.6939216383907,0.5898980551259,0.0935442351576,0.4026128384462,0.7904110222978,0.6339287749901,0.4750359181466,0.1741981697451,0.7556142905049,1.0000000000000,0.3888633023370,0.4615920636272,-0.3646348948458,0.7615072184298,0.1508533953710,0.2285641758893,0.1285537876685,0.1707709002837,0.0002314807182,0.2518345314153,-0.1321324244318,-0.2899613009187,0.1282804649311,0.0597297216534,-0.1668561883228,0.4631216738034,0.2597262971505,-0.0639444744916,-0.5898778366227,-0.3798628041411,0.0462919935195,-0.2075146873154,0.5617479561114,-0.1521633836519,0.4059302884280,0.3416237018761,-0.3236107564292,0.1705277474577,0.1714647598439,0.2038660391141,0.0524010127001,0.5520458652046,0.5861436265890,0.5021181316159,0.7408705059775
