1.0000000000000,0.1344144177579,-0.0713553401837,0.2764241812274,0.3456968174815,0.0560365923987,0.3281447805714,-0.0427649668317,0.1645525587422,-0.0978589458672,0.2466961201557,0.0935519123092,0.1919961948939,-0.0308244490062,0.3295213546678,0.0669740333422,0.2253621935453,0.3486728504835,0.0635518770510,0.2641393027438,0.3157976365180,0.3279340407978,0.3046675811118,0.3161242584589,0.0476093344195,0.0517403727103,0.2229487073920,-0.0711195028403,0.2434988779793,0.4777104731242,0.4912577636289,0.1036800879530,0.0997125676377,0.2509226634611,0.4616445797655,0.6719958568640,0.1806922833996,-0.1636597669334,0.2231826376682,0.3315189647318,-0.0122050629382,0.2365340562855,-0.1828307679200,0.0692325696354,-0.0085001620549,0.1570398475714,0.0157366392295,0.2499600970713,-0.0581424212771,0.0929858495320,0.0115020607960,0.2863031668940,0.3181310787010,0.0031189751823,0.0977752551273,0.1309146864723,0.3462173246960,0.2331298340636,0.3191422703632,0.1535226740888,-0.0148680801031,0.0476956661505,-0.1446731330822,0.1792964398721,0.3741951908120,0.3198525194846,0.2196877222189,0.0100511405986,0.3182297589503,0.4906945701476
0.1344144177579,1.0000000000000,0.0240681509831,0.6892803479069,-0.0826926171955,-0.1480981667337,-0.1140249951559,0.0787918698992,-0.1610460483859,0.1942087738672,-0.1362529418212,0.0790079096630,0.0178684972249,0.0622324624843,-0.1031119799268,-0.1485441634558,0.0772925845829,0.3370346352438,-0.0016240859249,0.2680292703564,0.2176407721323,0.0848655070101,0.5939487925240,0.2117836037777,0.4255158574389,0.5140386155680,0.4239335114845,0.2395187031109,0.1247439693598,0.0253669513036,0.3327980317920,0.0258376550424,-0.1962034583245,0.1905489934237,0.3834525862022,0.0518185001818,0.7950094258047,-0.0594890279061,0.5770471604335,0.0156338007265,-0.1210096673715,-0.2428222572602,0.0954284826024,-0.2256051739767,0.1245630169668,-0.2094140719472,0.0757421739897,-0.0690066179063,0.0322531480407,-0.2298714817788,-0.2025293462773,0.0617599966470,0.4344432684348,0.0090373634708,0.1861102066874,0.1152605801511,-0.0026603445428,0.5839746828510,0.1864454812749,0.3308857845687,0.3402929506885,0.2579073197425,0.2538431850268,0.0535306472510,-0.0185954811722,0.3837061197724,0.3423289543744,-0.0848175299369,-0.0227955431090,0.3664400241977
-0.0713553401837,0.0240681509831,1.0000000000000,0.1431557131432,-0.0555592935336,0.0492941249270,-0.2457095132858,0.5470805162150,0.0858375593641,0.2612163448745,-0.0775466665951,0.1157350226621,-0.1302863178489,0.1370645420399,0.1674578365684,0.0975674720970,0.2178222238526,0.2706708387821,0.1771044909063,0.2594936758210,0.0921986919298,0.0787980784974,0.1073012690665,0.3365034588961,0.4208460647479,0.1719199891659,0.3372166573708,0.6160121131566,0.1841715523854,0.0038057718384,0.1235166307415,0.0605912125754,-0.0021608928992,0.2166522176939,0.0576463084616,-0.2023301040353,0.0292193195380,0.6993433615008,0.2268510376770,-0.1821492754610,0.0360899659776,-0.2686796511444,0.4152915366684,0.0023395220146,0.2302564135185,-0.0995529528700,0.1256038386951,-0.2100457964082,0.0355745950394,0.0277873468045,0.0859116834137,0.2528665759525,0.1262079982450,0.0179461066948,0.2226074482520,0.1415651683122,0.0041115417378,0.0799487009201,0.1606949740611,0.3376772611851,0.2193732667627,0.2166578827106,0.5013580509194,-0.0459394346272,-0.1147266701822,-0.0438445609306,-0.0813871018983,-0.0995561788284,0.0118351432990,-0.0088828487538
0.2764241812274,0.6892803479069,0.1431557131432,1.0000000000000,0.0095453479898,-0.0345040658778,0.0016068641925,0.2232696567694,0.0021725984065,0.3075827145858,-0.0272721446654,0.2775760765766,0.1476876844680,0.2194404491988,0.1021235120742,0.0325809497432,0.1027148208254,0.3900992445851,0.0957264553230,0.3060063050243,0.4086998225781,0.0795349739518,0.5189222206518,0.1836616462535,0.4147428281334,0.5724394457395,0.5067282314711,0.2988630536918,0.1090579076108,0.0962987931216,0.3189650685874,0.1333350095628,-0.0454774549908,0.1306307711434,0.4787896267968,0.0857671376782,0.6139266865592,0.0868324604324,0.7236452518823,0.0956367542196,0.0211086611847,-0.1400308218251,0.1768318711422,-0.1030955736836,0.2445891922029,-0.1341446341294,0.2466455535257,0.0509023802208,0.1650033487673,-0.1020211802914,-0.0297415433054,0.0728111893908,0.4827513453022,0.0141017973779,0.2466652636825,0.2527834958220,-0.0298934609207,0.5324506559825,0.1420205851052,0.3789143053273,0.4843097832611,0.3896650967949,0.3278459166678,0.0163728220630,-0.0828823438698,0.3101746238900,0.3675468999738,-0.0051907211916,-0.0351918864634,0.4562332797741
0.3456968174815,-0.0826926171955,-0.0555592935336,0.0095453479898,1.0000000000000,0.0439400537859,0.4382257508269,0.0179328703582,0.0123694109157,0.3662072377150,0.3958167215380,-0.0458950945924,0.5569678079974,0.1610693581844,0.0618490476739,0.2941442629234,0.2759635473730,-0.0392383272302,-0.1974470525702,-0.0086770311673,0.3379782137935,0.4734110628519,0.1445001372365,0.2618878115508,0.2555504629425,-0.0361864287072,-0.0223044340665,-0.1368112633221,0.4871779422139,0.4062430714666,0.0744998938230,0.0686882267054,0.0679452416508,0.1124711959375,0.0805604855486,0.4080277011688,-0.1022729290310,-0.2288987222623,-0.1128846655403,0.8126313855271,0.0447103907728,0.3060913954828,-0.1483081955965,-0.0601002042409,0.3962500967160,0.3804049546320,-0.1943822492498,0.5610351501590,-0.0609153335982,-0.0153941781934,0.2320290134555,0.3670995033394,-0.1662439432512,-0.2369325582556,-0.3029177067660,0.1236022312814,0.5293769662737,-0.1028299161402,0.2643156751775,0.3857034993117,-0.3197213948511,-0.3597755629679,-0.3395108426974,0.5353848616909,0.4640235926361,-0.1006891815615,0.0132906945785,0.0663139483142,0.1696579667975,0.0569090623845
0.0560365923987,-0.1480981667337,0.0492941249270,-0.0345040658778,0.0439400537859,1.0000000000000,0.4977955983663,-0.3624167837715,0.6674530124174,-0.0224705355911,0.5005994072539,0.1688844138405,0.0023260365621,0.0510011703450,0.2555501887896,0.5997087017159,-0.0612085478171,-0.1263467147615,0.0974287519805,-0.1931041789331,-0.0587705282629,-0.1178039796091,-0.0625725732054,-0.1237880235040,-0.1761148632934,0.0487388846574,0.0531422437762,-0.0613782653724,-0.3602704244897,0.2127620604041,-0.0668410627577,-0.1664500792378,0.7523802761458,0.0323587526036,0.2333135185591,0.1058160209062,-0.2600958094568,-0.0611535922434,0.0715837919340,0.0602825618987,0.7689967415885,0.6262087105785,-0.3850029083884,0.7804361088296,0.1446596771507,0.3720503144142,-0.0284937419261,0.2033233763976,0.1423006424147,0.3320414762049,0.6093072569536,-0.0986074016526,-0.1057554554082,-0.1452906942561,-0.2075519970267,-0.0504073489206,-0.1238865814133,-0.1907116092061,-0.1821236234297,-0.0746870582161,-0.0498992502559,-0.0065917188173,-0.1238268262812,-0.4701403322441,0.0563368003095,-0.1940432683355,-0.3888677844413,0.0628312376286,-0.1234619390175,0.1752025292646
0.3281447805714,-0.1140249951559,-0.2457095132858,0.0016068641925,0.4382257508269,0.4977955983663,1.0000000000000,-0.3370534129193,0.6167882494351,-0.0895810309085,0.7615958832966,0.2036741599901,0.5598508850085,0.0597658648406,0.3056950091375,0.4691721482842,-0.1392375896927,-0.1448033429141,0.0112372521483,-0.0736246002875,0.2261937531600,0.0314122703385,-0.0051798088252,-0.1390033514963,-0.0515784322105,-0.1220108007938,0.0147866867418,-0.3386295356654,0.0345177032439,0.4881818000733,0.0461344263506,-0.0605373556237,0.4434739267755,0.0182208251629,0.1705429412931,0.3367706053425,-0.2334247445260,-0.3824217762072,0.0009417112592,0.5782528620801,0.4811252723131,0.8654284724312,-0.4847930608993,0.5386451778776,0.1484154105670,0.7055947000889,0.0103863713261,0.7585034746638,0.0355771342759,0.3099157110296,0.5174418639473,-0.0804511346822,-0.1524505639035,-0.1266032095723,-0.3061251988140,0.1260740326550,0.0166348012742,-0.2709041230047,-0.2040144466071,0.0196984185231,-0.2768646038613,-0.1993268112025,-0.3569401687740,0.0296251502043,0.4024800074174,-0.2113159580527,-0.1242866717912,0.1816129188209,-0.0243045807970,0.1683675922243
-0.0427649668317,0.0787918698992,0.5470805162150,0.2232696567694,0.0179328703582,-0.3624167837715,-0.3370534129193,1.0000000000000,-0.2258737029552,0.4640240986124,-0.3963299379156,0.1672985846497,0.0724148230907,0.1802268888095,0.2145481858672,-0.0579947505119,0.1619085291994,0.2584071803965,0.1104398564983,0.2517549677209,0.2590531722325,0.1127980425509,0.1678789686156,0.1410543881490,0.5486215982887,0.2737434650743,0.1933555914808,0.5518990339891,0.4802023731092,-0.1080167043055,0.0541643365179,0.5082250826523,-0.1906794932803,0.1167977509092,-0.1874106764935,-0.1870833768275,0.0884635012653,0.3044940528090,0.0836405247317,-0.0766795396837,-0.2418803110377,-0.4620471053019,0.7528235812442,-0.4386624187791,0.2708156318015,-0.2935107685094,0.1447120505271,-0.1419670463141,-0.1014531554827,-0.0071935275188,-0.2283777643228,0.1698220713500,-0.0163924280055,-0.0896159843446,0.1436163482395,0.2033581660248,0.0729377705730,0.1107554115723,0.0060220709713,0.2991916469801,0.2755424517757,-0.0617771145181,0.4187116754993,0.3457660926254,-0.1521199244235,-0.0797048856450,0.1981112180126,0.2734896264452,0.0544708360959,-0.2198200818675
0.1645525587422,-0.1610460483859,0.0858375593641,0.0021725984065,0.0123694109157,0.6674530124174,0.6167882494351,-0.2258737029552,1.0000000000000,-0.1667706544973,0.5525670342509,0.3445672012808,0.1041814310972,0.0983522591481,0.5123475468192,0.4766630215535,-0.2799173834915,-0.0010633569540,0.2489722135193,-0.0024604940135,0.0054321506779,-0.2956960546757,-0.0873711314714,-0.2600688385378,-0.1635222988867,-0.0876217371168,0.1560911926480,-0.1553826232690,-0.2310246750658,0.3311788358376,0.0648850080210,-0.2076289479763,0.5943465039405,-0.0015954055795,0.2506692361467,0.0872244997005,-0.3108671205303,-0.0431879425342,0.1188031035966,0.0714294618807,0.5498120545922,0.6878729864487,-0.3247203658934,0.8473105568583,0.0244452538244,0.4939841994198,0.1902963076957,0.2891151840426,0.1626398424214,0.4308256414293,0.5732382941291,-0.2591183891849,0.0296887081699,-0.0216826449098,-0.1671972899051,-0.0324392303488,-0.2690671016811,-0.2674751317039,-0.2970056635673,-0.1306953371848,-0.1001581208087,0.0948551862825,-0.1548058237292,-0.3864382229885,0.1554210075966,-0.1738436908252,-0.1596264336610,0.1434878414364,-0.1157818898144,0.1929104144205
-0.0978589458672,0.1942087738672,0.2612163448745,0.3075827145858,0.3662072377150,-0.0224705355911,-0.0895810309085,0.4640240986124,-0.1667706544973,1.0000000000000,-0.0885862120052,0.1424359319895,0.1273227863966,0.4647514934488,0.0686852942441,0.4202655681245,0.2343761236478,-0.0240442710475,-0.1532927562730,0.0272763698143,0.2711811518435,0.2066720483744,0.2281035049180,0.1229843281082,0.4917774034580,0.4627681514465,-0.0896262633669,0.3667812321479,0.1354272717016,0.0866970930154,-0.3246259613170,0.1992975873342,0.0548517612106,0.2177378933161,-0.0105594646951,-0.0746602683515,0.0914888268938,0.0129703858478,0.0823789573294,0.1321325116237,0.0419887757471,-0.1899731328888,0.2993575928808,-0.1989098797589,0.7817679882643,-0.0932942461198,0.0165354538407,0.0173224854251,0.1785328542692,-0.0879919586791,0.2320366778083,0.1835651325514,-0.2655592550543,-0.2654565171626,-0.1148531255058,0.1682236547434,0.1802075644758,-0.0084301374226,0.0515871281155,0.4081774296808,0.1549839857609,-0.3599939968224,0.0977265799430,0.0809773730430,0.0445560721986,-0.3407047528861,0.0856497438007,0.1159731619095,0.1011616679204,-0.1030051561997
0.2466961201557,-0.1362529418212,-0.0775466665951,-0.0272721446654,0.3958167215380,0.5005994072539,0.7615958832966,-0.3963299379156,0.5525670342509,-0.0885862120052,1.0000000000000,0.0856466494887,0.3449721077305,0.1108244653146,0.2889847683841,0.3202521853309,0.0222281341953,-0.1206547922391,0.0748235876750,-0.0358830913508,0.1107446524884,0.0812514124268,0.0021172599284,0.0005172421611,-0.1585428733379,-0.0674476619957,0.0212571787487,-0.1989486065338,-0.0984864416972,0.4286259654846,0.0453759961368,-0.2813231275941,0.4408557427326,0.0579437509591,0.2518377524219,0.3330788017617,-0.2577602906856,-0.1546790268242,0.0764037627371,0.5748398819658,0.4192320632399,0.7231925263330,-0.5368802352617,0.6178024978710,0.1043057555163,0.9090209531974,-0.0371156472992,0.5914552556541,0.1834397494994,0.3072205209309,0.4899798194742,0.0339423968958,-0.1111586749570,-0.0613205363828,-0.2277961573833,0.1196193683915,0.0313086516245,-0.2191388938857,-0.0712571623648,0.0061277632694,-0.1998049996612,-0.0889568053643,-0.2288344257248,-0.0891457676240,0.3172676081436,-0.2119589338685,-0.1981934518746,-0.0211362149675,-0.0386770453707,0.2127657991810
0.0935519123092,0.0790079096630,0.1157350226621,0.2775760765766,-0.0458950945924,0.1688844138405,0.2036741599901,0.1672985846497,0.3445672012808,0.1424359319895,0.0856466494887,1.0000000000000,0.1869291298284,0.5816534891053,0.5464035765952,0.2355401575730,-0.0939262340562,0.2717589726048,0.6105479773002,0.3675872639243,0.2688506691366,-0.0168815026558,0.0981880272119,0.0309861018353,-0.0777438793017,0.2192754932006,0.2027744568353,0.2129803321306,-0.0613813090124,0.3725760058224,0.0220942482822,0.1026500037636,0.2167040706278,0.0516620792947,0.2352580626074,0.0179069124910,0.0236748067591,-0.0173019570568,0.2006609280497,-0.0467485818505,0.1859837411979,0.1186788723180,-0.0189255228151,0.1398718579009,0.0161694225948,0.0712622855128,0.7465759941972,0.1453016034737,0.4080519068286,0.1404069246160,0.2853100365597,-0.0935779597603,0.0773737177183,0.2822317809976,0.1684487252680,0.0897510342780,-0.0428723767504,-0.1142626752851,-0.0686092004469,-0.1781123656272,0.0880927065295,-0.0222838059121,0.1177845670972,-0.1580808121511,0.2049034720010,-0.0173021921806,0.2862852643516,0.3228597253073,0.0140409105836,0.1503860826988
0.1919961948939,0.0178684972249,-0.1302863178489,0.1476876844680,0.5569678079974,0.0023260365621,0.5598508850085,0.0724148230907,0.1041814310972,0.1273227863966,0.3449721077305,0.1869291298284,1.0000000000000,0.0977268492478,0.0980149246740,0.1404261284114,-0.0401517956535,0.0246065149058,0.0098577458088,0.1032081786365,0.7106590888165,0.1325110486591,0.0678764833765,-0.0147089693329,0.2245277679198,0.0460958579392,0.1251245280844,-0.1001407076835,0.3824460951275,0.2853682390801,0.0633021694419,0.2287477038784,-0.0239957342047,0.0920545946389,0.0457262778246,0.1154028603171,-0.0288917514538,-0.2792062454052,0.0342035432560,0.6718934583419,0.0684506537157,0.3057714831495,-0.0701133295834,-0.0562200443995,0.2757113072659,0.3197245239426,0.0843927343749,0.8661390976664,-0.0388900055412,0.0078237616042,0.1171692895234,-0.0174873113974,-0.0325954637767,-0.0196844978152,-0.0886392807378,0.6076949453101,0.0829263208178,-0.0917522343764,-0.0787367963710,0.1791998962983,-0.1152556349309,-0.1457457244997,-0.1702065008485,0.3979818778582,0.2866358654137,-0.1187436061486,0.1974907834077,0.1253245218553,0.0676313864437,0.0157677554141
-0.0308244490062,0.0622324624843,0.1370645420399,0.2194404491988,0.1610693581844,0.0510011703450,0.0597658648406,0.1802268888095,0.0983522591481,0.4647514934488,0.1108244653146,0.5816534891053,0.0977268492478,1.0000000000000,0.4546057984548,0.3174701678872,0.1341985671494,-0.1551087314074,0.3723838755615,0.0925767980841,0.1838805811275,0.1725932056789,0.0597665163831,0.1231508235694,0.0313435881545,0.4328792297145,-0.1178012858968,0.3200206653600,-0.0473367606907,0.3902234455231,-0.2529786099035,0.0038415145114,0.2162290406044,0.2189060277135,0.1494134968268,0.0239549162923,0.0380212794909,0.0909824225862,0.1194218014188,0.0116145111308,0.1545542789567,0.0030164359271,0.0541184032198,0.0352685207263,0.2841342068091,0.1260854115677,0.4902557795230,0.0180056834560,0.7001276809732,0.2290850511806,0.3974442739210,0.0982465711455,-0.2395188564150,0.1990513921154,-0.1079408526065,0.0404255463959,0.1017524821666,-0.1203374232059,0.0326620813050,-0.0053305395274,0.2120627461365,-0.2244925608540,0.2451228750002,-0.0663252324704,0.2545629470014,-0.2503558735451,0.3174938691100,0.3196060762543,0.1382705241251,0.0558944980524
0.3295213546678,-0.1031119799268,0.1674578365684,0.1021235120742,0.0618490476739,0.2555501887896,0.3056950091375,0.2145481858672,0.5123475468192,0.0686852942441,0.2889847683841,0.5464035765952,0.0980149246740,0.4546057984548,1.0000000000000,0.2497922357349,-0.1484410467099,0.2288460548617,0.5474654258282,0.3460217292127,0.1009135624762,-0.0214544951575,-0.0347564209246,-0.0263417318666,-0.0624563281610,0.0883133127041,0.0461762982530,0.1505259128932,-0.0399178706373,0.5101633721050,0.0460480207325,0.0854847735075,0.4339560347709,0.1190160687569,0.1749854422853,0.2524910803491,-0.1668316740872,0.0827874922777,0.1223420600396,0.0283977541283,0.2935878395539,0.2908728527833,0.0035307127724,0.3630064904832,0.0547658804792,0.2809930748709,0.3769454907896,0.1408337265145,0.2790620588761,0.5259923684439,0.3436896617558,-0.1070982021808,0.0782369420342,0.1620344943440,0.1056777956399,-0.0300949591138,-0.0224400858244,-0.2331558209498,-0.0946841184740,-0.1484658811759,0.0036330915031,-0.0374664844299,0.0891634732722,-0.1450925318307,0.3325674716336,-0.1270172718941,0.1636359053868,0.4373609625797,0.0592089213059,0.1696726815469
0.0669740333422,-0.1485441634558,0.0975674720970,0.0325809497432,0.2941442629234,0.5997087017159,0.4691721482842,-0.0579947505119,0.4766630215535,0.4202655681245,0.3202521853309,0.2355401575730,0.1404261284114,0.3174701678872,0.2497922357349,1.0000000000000,0.0361068552855,-0.1962824297739,-0.1110215165977,-0.2280200638480,0.0277963242419,0.0576193727342,-0.0137493199801,-0.0235348053235,0.0751568741358,0.1198706584974,-0.1184095245853,-0.0519226146736,-0.1075238390910,0.2895035349812,-0.2529685453460,-0.0385794135349,0.5992108568647,0.0727665263352,0.1709571194036,0.1362689019216,-0.2252775332922,-0.0757657223976,-0.0206702589065,0.1214930213738,0.5727873649340,0.5110259321695,-0.1598305817735,0.4770500143550,0.5473156267717,0.2893884729494,0.0553975600292,0.2380646367092,0.1569054411543,0.2757458935767,0.7801244830087,0.0422538452132,-0.2972082739580,-0.2912282973172,-0.3298896740498,-0.0446500438473,0.0711465062134,-0.3064323139618,-0.1052133781926,0.1462728052715,-0.0807393694329,-0.2895331865709,-0.1625701936462,-0.1997881480213,0.1706428781718,-0.3675040620473,-0.2905581944339,0.2482899160510,-0.0126686661374,0.1204062464028
0.2253621935453,0.0772925845829,0.2178222238526,0.1027148208254,0.2759635473730,-0.0612085478171,-0.1392375896927,0.1619085291994,-0.2799173834915,0.2343761236478,0.0222281341953,-0.0939262340562,-0.0401517956535,0.1341985671494,-0.1484410467099,0.0361068552855,1.0000000000000,0.0273840377035,-0.1009446351187,-0.0414775765712,0.0762549389142,0.7167061729169,0.3687507653431,0.7588648312508,0.1073847740524,0.1255903634408,-0.0392576102745,0.3889650466016,0.3430849455970,0.1055684400615,0.2105476997759,0.1031198750904,-0.0278629662144,0.2067661023584,0.1381026927487,0.3413379927979,0.2391202640464,0.1264387079746,0.0013315936741,0.1706503655681,-0.1012429372430,-0.2017672067814,0.0395322494036,-0.2512485178128,0.0585560530967,-0.0433281553785,-0.1841300852928,-0.0691963228390,-0.0176654059498,-0.1595432827946,-0.0783241731151,0.8814983917564,-0.0280349837979,-0.1950515604384,-0.1234547586844,0.0045379845955,0.6202777221142,0.2431351411100,0.6668030207459,0.2054960609221,0.0638045080846,-0.1869578610640,0.2146609770268,0.3276106246981,0.0554608397014,0.1758744761067,-0.0897676665250,-0.1032455832732,0.1422081020311,0.0525504207794
0.3486728504835,0.3370346352438,0.2706708387821,0.3900992445851,-0.0392383272302,-0.1263467147615,-0.1448033429141,0.2584071803965,-0.0010633569540,-0.0240442710475,-0.1206547922391,0.2717589726048,0.0246065149058,-0.1551087314074,0.2288460548617,-0.1962824297739,0.0273840377035,1.0000000000000,0.3159318664118,0.7368694634674,0.2268667458283,0.0640739420087,0.2134508259531,0.3151205622312,0.1815288102396,0.1158442978629,0.5518199289426,0.2658671917959,0.1625457455016,-0.0006019831184,0.4988167502456,0.1440975098882,-0.1664476867742,0.0459361666404,0.4053693890865,0.1626656353329,0.2645863911784,0.0756704704811,0.2959856210529,-0.0211695170868,-0.2176243860844,-0.2119582713376,0.0143498549403,-0.1785481849588,-0.1120299424208,-0.1986851852453,0.1226519067605,-0.0461462590731,-0.2549690542247,-0.2784770373264,-0.2643936688213,0.0779500053844,0.6734435833353,0.0525695156953,0.5291040259468,0.1374210404151,0.0856000287663,0.2501564898745,0.2916832268734,0.0234006446585,0.0429777019624,0.2849924079641,0.0603448136031,0.0420412737811,-0.0428806315406,0.3418317220534,0.1750472254533,-0.1747426730013,0.1158236408945,0.3489552836667
0.0635518770510,-0.0016240859249,0.1771044909063,0.0957264553230,-0.1974470525702,0.0974287519805,0.0112372521483,0.1104398564983,0.2489722135193,-0.1532927562730,0.0748235876750,0.6105479773002,0.0098577458088,0.3723838755615,0.5474654258282,-0.1110215165977,-0.1009446351187,0.3159318664118,1.0000000000000,0.4761643491294,0.0740663090514,-0.0796991621249,-0.0105831546222,-0.0045121447388,-0.2234265331586,-0.0180313379023,0.1778538956021,0.3169491327013,-0.1328321713455,0.1265255812458,0.0165779943633,-0.0004483562910,0.1290418377199,-0.0586635480017,0.0454356437443,-0.0430120959689,-0.0366697740996,0.1102383156610,0.0497575070893,-0.1700698829137,0.0201094735074,0.0304287853507,-0.0770447062497,0.1425276407064,-0.2583311427872,0.0582094934789,0.4686667475708,-0.0037657124892,0.3000930081227,0.2309613189613,0.0799758735345,-0.1028870028381,0.1302167358161,0.5653768889287,0.2672429282818,0.0279401148137,-0.0812233087975,-0.0879836925265,-0.0434155004566,-0.3233182525835,-0.0266656073564,0.0985244417563,0.1910631868909,-0.1885964497468,0.0752830843473,-0.0166637510255,0.1746023906901,0.0611348123039,-0.0996408482516,-0.0558348496348
0.2641393027438,0.2680292703564,0.2594936758210,0.3060063050243,-0.0086770311673,-0.1931041789331,-0.0736246002875,0.2517549677209,-0.0024604940135,0.0272763698143,-0.0358830913508,0.3675872639243,0.1032081786365,0.0925767980841,0.3460217292127,-0.2280200638480,-0.0414775765712,0.7368694634674,0.4761643491294,1.0000000000000,0.3234762432131,-0.0202052173776,0.1784721761988,0.1662762541830,0.1759632373974,0.1194125975066,0.5282338502148,0.2900684924546,0.1577910747715,0.0992001969542,0.2562736118649,0.1470731496857,-0.2339067083828,0.1567435218063,0.3242497956010,0.0438036805827,0.1639233848135,0.0265409961496,0.2136104436509,0.0007737854505,-0.2314634988474,-0.1873262538191,-0.0119447103568,-0.2187179671953,-0.0714692638359,-0.0703587764903,0.2205769770684,0.0162484920220,-0.0937844186049,-0.1430359171249,-0.2347710978299,0.0072663936404,0.4489548706838,0.2796161117385,0.5913943972021,0.2112161253410,-0.0454204223065,0.1255515125742,0.0939247735325,-0.0158758810798,0.0111664476154,0.2024655341675,0.0904283548645,0.0720051481008,0.0278512592768,0.1061440460074,0.3542552347265,-0.1669236091735,0.1056973708776,0.1974107231150
0.3157976365180,0.2176407721323,0.0921986919298,0.4086998225781,0.3379782137935,-0.0587705282629,0.2261937531600,0.2590531722325,0.0054321506779,0.2711811518435,0.1107446524884,0.2688506691366,0.7106590888165,0.1838805811275,0.1009135624762,0.0277963242419,0.0762549389142,0.2268667458283,0.0740663090514,0.3234762432131,1.0000000000000,0.1182467521747,0.2337381271036,0.1075367751317,0.3333000421782,0.3050740704296,0.3267732691216,0.1394684006564,0.3206918671742,0.2010014402438,0.1641991988576,0.3142786417197,-0.0774192994988,0.3168355308264,0.2891093172163,0.0212663455526,0.2087139830499,-0.1164938060764,0.2537359566141,0.4061343924878,-0.0557215367498,-0.0259475032552,0.1588850542723,-0.1672034057508,0.3645754313362,0.0316771653200,0.2163574012466,0.5662910407085,0.0793137596745,-0.0773833682715,-0.0484218603369,0.0286845686496,0.1671337506277,0.1220205773883,0.1915711522116,0.8312970331695,0.0172188707161,0.1433429414684,0.0093557527670,0.2705687647916,0.2152076784155,0.0571769234585,0.0652413652556,0.2439544301738,0.0748964212505,0.0279458819028,0.4414284462181,0.0161407793873,0.2181091028004,0.1723065603018
0.3279340407978,0.0848655070101,0.0787980784974,0.0795349739518,0.4734110628519,-0.1178039796091,0.0314122703385,0.1127980425509,-0.2956960546757,0.2066720483744,0.0812514124268,-0.0168815026558,0.1325110486591,0.1725932056789,-0.0214544951575,0.0576193727342,0.7167061729169,0.0640739420087,-0.0796991621249,-0.0202052173776,0.1182467521747,1.0000000000000,0.3666906864810,0.8380379209354,0.0857647003903,0.0352678630142,-0.1380009742282,0.2064503256544,0.4615646138021,0.3700231877787,0.2575278630680,0.1641425955986,-0.0316925777513,0.3076985876550,0.1722509350396,0.5183603296692,0.2619066964450,0.0686116034617,-0.0547451625842,0.3325813310072,-0.0671019431261,-0.0825847267281,0.0007611435487,-0.2947872632244,0.0768610363936,0.0258683444212,-0.0844296129564,0.1155592333441,-0.0639237333470,-0.0730220055894,-0.0105263768358,0.7461481757997,-0.0158589586347,-0.1612920458131,-0.1457059747257,-0.0496936248983,0.8772403662434,0.1576868129803,0.7692399411634,0.2297157914547,-0.1026249459407,-0.2903675113942,0.1089239556995,0.5225601924978,0.3758577904999,0.2297036390930,-0.0054118969524,0.0442783336943,0.2508929632107,0.1815409745664
0.3046675811118,0.5939487925240,0.1073012690665,0.5189222206518,0.1445001372365,-0.0625725732054,-0.0051798088252,0.1678789686156,-0.0873711314714,0.2281035049180,0.0021172599284,0.0981880272119,0.0678764833765,0.0597665163831,-0.0347564209246,-0.0137493199801,0.3687507653431,0.2134508259531,-0.0105831546222,0.1784721761988,0.2337381271036,0.3666906864810,1.0000000000000,0.4012226019700,0.3425504875005,0.2430988298086,0.2096221376770,0.2117486435193,0.2687223012465,0.1789621205534,0.3875172131407,0.0608081363987,-0.1002917463854,0.1913003525329,0.2876136616928,0.1595960403041,0.5941975950378,-0.0539802126596,0.4214145130531,0.1508321659797,-0.0231803091166,-0.1419813284239,0.1289199826147,-0.1697528367053,0.1917581195725,-0.0875117137770,0.0334148956442,0.0210819645582,0.0322071438122,-0.1571770154109,-0.0708522585950,0.3844505811726,0.2085726412612,-0.0498621303900,0.0361755489424,0.0945758899392,0.3103456458252,0.6345680795354,0.3670792135134,0.4295717091056,0.1645332430407,0.0677235637501,0.1412723598636,0.2050086959973,0.0981423328085,0.3994771433920,0.2450387710277,-0.0166989758810,-0.0365011803457,0.2230616104936
0.3161242584589,0.2117836037777,0.3365034588961,0.1836616462535,0.2618878115508,-0.1237880235040,-0.1390033514963,0.1410543881490,-0.2600688385378,0.1229843281082,0.0005172421611,0.0309861018353,-0.0147089693329,0.1231508235694,-0.0263417318666,-0.0235348053235,0.7588648312508,0.3151205622312,-0.0045121447388,0.1662762541830,0.1075367751317,0.8380379209354,0.4012226019700,1.0000000000000,0.1139409885722,0.1172309218132,0.0499457101063,0.4167034838345,0.3962174868584,0.2654007123626,0.4087311799601,0.0558461361306,-0.1165386521555,0.3144058728778,0.3138677427134,0.4278260121133,0.3851322657799,0.2938172817907,0.1405278091079,0.1547770427397,-0.1202253676188,-0.2414650547922,0.0067424375406,-0.2894469423034,-0.0187316940464,-0.0801353879990,-0.0394591847767,-0.0597199840058,-0.0621641602924,-0.2245720744832,-0.0642750746404,0.7683499028821,0.2303346372201,-0.1221794336014,0.0380191709812,0.0013987205354,0.7033360101675,0.2704185553955,0.8795678772515,0.1898614057511,0.0332314343603,-0.0724241264856,0.3079191202988,0.3623863526443,0.2107995349951,0.3674463302514,0.0088163543663,-0.1084829854808,0.2397757987185,0.3085097714276
0.0476093344195,0.4255158574389,0.4208460647479,0.4147428281334,0.2555504629425,-0.1761148632934,-0.0515784322105,0.5486215982887,-0.1635222988867,0.4917774034580,-0.1585428733379,-0.0777438793017,0.2245277679198,0.0313435881545,-0.0624563281610,0.0751568741358,0.1073847740524,0.1815288102396,-0.2234265331586,0.1759632373974,0.3333000421782,0.0857647003903,0.3425504875005,0.1139409885722,1.0000000000000,0.3310573014245,0.3817176848900,0.2326804078593,0.5487545232389,-0.0003162170365,0.2295925435644,0.2551233442472,-0.2082620971356,0.2370567800588,0.0571767468201,-0.1185372761330,0.3182728195488,0.1076569007340,0.3594077272275,0.2224462048524,-0.1205406665310,-0.2213632528393,0.4570995531694,-0.3178957530637,0.5313291272381,-0.1456974618911,-0.0853257506507,0.1009446886290,-0.1136895020276,-0.1548282439481,-0.0899361827047,0.1499321136727,0.0964472965978,-0.2063809958695,0.0818735713879,0.2738183886739,0.0456626467534,0.3841182845070,0.0093835439676,0.8181134237825,0.1964507617059,0.0178923020834,0.2064550917574,0.3752671122214,-0.0015146213529,0.0806153477876,0.1561943623852,-0.0013031377311,0.0420721699095,0.0154623141879
0.0517403727103,0.5140386155680,0.1719199891659,0.5724394457395,-0.0361864287072,0.0487388846574,-0.1220108007938,0.2737434650743,-0.0876217371168,0.4627681514465,-0.0674476619957,0.2192754932006,0.0460958579392,0.4328792297145,0.0883133127041,0.1198706584974,0.1255903634408,0.1158442978629,-0.0180313379023,0.1194125975066,0.3050740704296,0.0352678630142,0.2430988298086,0.1172309218132,0.3310573014245,1.0000000000000,0.2733923205593,0.5193446227617,-0.0728404269272,-0.0275019465447,-0.0266452903565,0.1930593875186,0.0776478314679,0.3078240562622,0.3927104422157,-0.0247938104289,0.3960127369247,0.1010767651771,0.5890506058196,-0.0067841721634,0.1299297081157,-0.2086184704540,0.2117808370052,-0.0830834413307,0.3246556208585,-0.1016704732279,0.1577864829011,-0.1020796493472,0.3473908633486,-0.0645132798636,-0.0340730830528,-0.0105173183890,0.1130067641057,-0.1270451473477,0.1729267178982,0.2369734547692,-0.0957729875445,0.3346891562975,0.0134808595096,0.2117043374982,0.7352043316043,0.1806194966554,0.4681918693193,-0.1537178184361,-0.2351700191292,-0.0587553607689,0.3028967183819,0.1014253036215,0.2552748982189,0.3720980386416
0.2229487073920,0.4239335114845,0.3372166573708,0.5067282314711,-0.0223044340665,0.0531422437762,0.0147866867418,0.1933555914808,0.1560911926480,-0.0896262633669,0.0212571787487,0.2027744568353,0.1251245280844,-0.1178012858968,0.0461762982530,-0.1184095245853,-0.0392576102745,0.5518199289426,0.1778538956021,0.5282338502148,0.3267732691216,-0.1380009742282,0.2096221376770,0.0499457101063,0.3817176848900,0.2733923205593,1.0000000000000,0.2162854501813,0.2070189612335,-0.0204516616393,0.4320102115546,0.2084365031476,-0.0961239042243,0.0448963440403,0.3565113677345,-0.0123903929486,0.3015087739278,0.0624604606887,0.4380603323781,0.1064557754968,-0.0630977203353,-0.0917365511506,0.0278434924063,-0.0460416551717,-0.0855134871522,-0.0529116566959,0.0915168635047,0.0545390802445,-0.2051947992362,-0.2176668466418,-0.2057797667604,-0.0119019261277,0.5132741107499,-0.0173905826474,0.3278962564072,0.2275064010548,-0.1812831674143,0.3133520386202,-0.0262833835774,0.2203654059282,0.1940031863018,0.5407219922393,0.1329985926723,0.0393291113053,-0.1483998161530,0.2258005507044,0.1519468243807,-0.2206888749808,-0.0422467651073,0.2746203072226
-0.0711195028403,0.2395187031109,0.6160121131566,0.2988630536918,-0.1368112633221,-0.0613782653724,-0.3386295356654,0.5518990339891,-0.1553826232690,0.3667812321479,-0.1989486065338,0.2129803321306,-0.1001407076835,0.3200206653600,0.1505259128932,-0.0519226146736,0.3889650466016,0.2658671917959,0.3169491327013,0.2900684924546,0.1394684006564,0.2064503256544,0.2117486435193,0.4167034838345,0.2326804078593,0.5193446227617,0.2162854501813,1.0000000000000,0.0652424541809,-0.1637761001639,0.0074420287756,0.2319102129165,-0.0424633963436,0.1399645109253,0.0626131770051,-0.1709310522256,0.2682206837510,0.4178820967583,0.2795565543878,-0.2238939071893,-0.0441658266665,-0.3869452653119,0.2835024489322,-0.2243968788814,0.0779318483295,-0.2264597981161,0.0605507831909,-0.2726351810754,0.1369992620087,-0.1297661531427,-0.1179229749358,0.2939845936852,0.0181412105913,0.0008284114846,0.1739092946804,0.1188519865714,0.0545523920339,0.1806756788998,0.2572533839536,0.0091797331926,0.4263579978048,0.0825855731035,0.7071538168758,-0.0533810874154,-0.2952017552200,-0.0602508424782,0.0594473975658,-0.0282555385153,0.0713838052173,-0.0083847398004
0.2434988779793,0.1247439693598,0.1841715523854,0.1090579076108,0.4871779422139,-0.3602704244897,0.0345177032439,0.4802023731092,-0.2310246750658,0.1354272717016,-0.0984864416972,-0.0613813090124,0.3824460951275,-0.0473367606907,-0.0399178706373,-0.1075238390910,0.3430849455970,0.1625457455016,-0.1328321713455,0.1577910747715,0.3206918671742,0.4615646138021,0.2687223012465,0.3962174868584,0.5487545232389,-0.0728404269272,0.2070189612335,0.0652424541809,1.0000000000000,0.1766453334712,0.4543242772746,0.3870932722014,-0.2970995328556,0.1406524591893,-0.0612247279009,0.1865908600468,0.1237276132197,0.0187213002420,-0.0768598391967,0.4324586607631,-0.2880967275196,-0.1789524390488,0.3432450097719,-0.4744815556662,0.0942189228559,-0.0168166539986,-0.0912808476986,0.2738581734567,-0.3428794568663,-0.1827221244930,-0.2447886936938,0.4560835919839,0.0606084748264,-0.1757356961869,-0.1339279156000,0.1961230766606,0.4464751877265,0.1576885236603,0.3026815012460,0.4885052854975,-0.1772793210059,-0.1956665723793,-0.0066591599349,0.9000950883766,0.2687942794402,0.2427645150438,0.1095748880668,0.1331451703015,0.0819834787969,-0.0823751701916
0.4777104731242,0.0253669513036,0.0038057718384,0.0962987931216,0.4062430714666,0.2127620604041,0.4881818000733,-0.1080167043055,0.3311788358376,0.0866970930154,0.4286259654846,0.3725760058224,0.2853682390801,0.3902234455231,0.5101633721050,0.2895035349812,0.1055684400615,-0.0006019831184,0.1265255812458,0.0992001969542,0.2010014402438,0.3700231877787,0.1789621205534,0.2654007123626,-0.0003162170365,-0.0275019465447,-0.0204516616393,-0.1637761001639,0.1766453334712,1.0000000000000,0.2082005465650,-0.0470199048750,0.2599406955805,0.5149417093165,0.3345891656172,0.5221074476417,-0.0072746537097,-0.0531241989147,0.0845756023315,0.3245823224056,0.2782252335142,0.3947840038531,-0.1742580063199,0.2473636484584,0.1645613077083,0.3977943935989,0.3134178323642,0.3831428719412,0.2437834579161,0.3560341893852,0.4407341781210,0.1888908922085,0.0463319478944,0.0467410695186,-0.1174790562358,0.0024667700706,0.3488808622741,-0.0912292056394,0.2141884480780,0.1181422016795,-0.1652927058926,-0.1805881284805,-0.1334922485873,0.1253446711480,0.8133035465471,0.0908803973253,0.1536813663971,0.2716422394419,0.2403367511158,0.3229139480913
0.4912577636289,0.3327980317920,0.1235166307415,0.3189650685874,0.0744998938230,-0.0668410627577,0.0461344263506,0.0541643365179,0.0648850080210,-0.3246259613170,0.0453759961368,0.0220942482822,0.0633021694419,-0.2529786099035,0.0460480207325,-0.2529685453460,0.2105476997759,0.4988167502456,0.0165779943633,0.2562736118649,0.1641991988576,0.2575278630680,0.3875172131407,0.4087311799601,0.2295925435644,-0.0266452903565,0.4320102115546,0.0074420287756,0.4543242772746,0.2082005465650,1.0000000000000,0.0640373561733,-0.0952120471336,0.1060917846300,0.3838551487891,0.3178098438716,0.3404619929839,0.0372354913173,0.3441065207382,0.1815157959371,-0.1316027907954,-0.0471485160886,-0.0037707395651,-0.0776506739800,-0.2841916263050,-0.0423356440325,-0.0163144699521,0.0886421041389,-0.1927698749534,-0.1909239571152,-0.2446889522575,0.2832405875389,0.5670395498211,-0.0099021269171,0.1418678205842,0.0925483463680,0.2292336011862,0.4667909817550,0.3651319012726,0.2368772562302,0.0421634443525,0.3176316243683,0.0666312699200,0.3128011228646,0.1595927074235,0.7458130104010,0.1057313785243,-0.1037327813404,-0.0176846532329,0.3956151277000
0.1036800879530,0.0258376550424,0.0605912125754,0.1333350095628,0.0686882267054,-0.1664500792378,-0.0605373556237,0.5082250826523,-0.2076289479763,0.1992975873342,-0.2813231275941,0.1026500037636,0.2287477038784,0.0038415145114,0.0854847735075,-0.0385794135349,0.1031198750904,0.1440975098882,-0.0004483562910,0.1470731496857,0.3142786417197,0.1641425955986,0.0608081363987,0.0558461361306,0.2551233442472,0.1930593875186,0.2084365031476,0.2319102129165,0.3870932722014,-0.0470199048750,0.0640373561733,1.0000000000000,-0.0299152522341,0.0645444881529,-0.1362014892814,-0.0401820547185,0.0630203811037,-0.0304068469843,-0.1383864020463,0.0351315632578,-0.0841233693638,-0.2396102095820,0.3442589502176,-0.3848293912994,0.0912100155102,-0.2252450200670,-0.0522686046445,0.0873232464915,-0.3623230585623,-0.1679603058004,-0.2162277006681,0.0648911811112,-0.0106092078626,-0.3177830524883,-0.0263733949891,0.1507429906794,0.1070105349467,0.0198783011165,-0.0479665015677,0.1208814373800,0.0717411193981,-0.1547452772780,0.1629205476576,0.3628714437954,-0.1796618845167,-0.0241638787949,0.0564415001763,0.1774185644345,0.0485215975473,-0.1676344848304
0.0997125676377,-0.1962034583245,-0.0021608928992,-0.0454774549908,0.0679452416508,0.7523802761458,0.4434739267755,-0.1906794932803,0.5943465039405,0.0548517612106,0.4408557427326,0.2167040706278,-0.0239957342047,0.2162290406044,0.4339560347709,0.5992108568647,-0.0278629662144,-0.1664476867742,0.1290418377199,-0.2339067083828,-0.0774192994988,-0.0316925777513,-0.1002917463854,-0.1165386521555,-0.2082620971356,0.0776478314679,-0.0961239042243,-0.0424633963436,-0.2970995328556,0.2599406955805,-0.0952120471336,-0.0299152522341,1.0000000000000,0.0023792182666,0.1604051797470,0.1805992404332,-0.2419219071933,-0.0262008791394,0.0034986881234,0.0466425934534,0.7132864683670,0.5465199468401,-0.2449943745415,0.6956379111055,0.1188766363197,0.3671919180413,0.0029697070137,0.1418095474786,0.2251913399211,0.4249714913024,0.5652000755325,-0.0684338680217,-0.1706888926123,-0.1518919747934,-0.2790121581526,-0.0923837851638,-0.0288199988895,-0.2529579851650,-0.1741484585725,-0.1401631421457,-0.0247438613607,-0.1119724310879,-0.0633431872969,-0.3519840751699,0.1057560851453,-0.2055569450687,-0.2883265828995,0.3521353007564,-0.0972258161716,0.1355069476165
0.2509226634611,0.1905489934237,0.2166522176939,0.1306307711434,0.1124711959375,0.0323587526036,0.0182208251629,0.1167977509092,-0.0015954055795,0.2177378933161,0.0579437509591,0.0516620792947,0.0920545946389,0.2189060277135,0.1190160687569,0.0727665263352,0.2067661023584,0.0459361666404,-0.0586635480017,0.1567435218063,0.3168355308264,0.3076985876550,0.1913003525329,0.3144058728778,0.2370567800588,0.3078240562622,0.0448963440403,0.1399645109253,0.1406524591893,0.5149417093165,0.1060917846300,0.0645444881529,0.0023792182666,1.0000000000000,0.4642043313737,0.2200599268636,0.1419504020353,0.1128952013342,0.2094442965311,0.0533521149860,0.1095349427663,-0.0214948654841,0.1172381017266,-0.0116538940582,0.2734024120837,0.0657166960944,0.1252217020665,0.0961252164803,0.1011687387096,0.1323246648856,0.0473146861774,0.1659636957436,0.0197979539633,-0.0166355601114,0.0901833288397,0.2716867155161,0.2145434599734,0.2093380624974,0.1988961183397,0.2347509965755,0.1998438059815,-0.1005993344442,0.1502315634284,0.0374864989789,0.3316057241121,0.0519861020530,0.1991680060850,0.0518834480368,0.6224857930647,0.3424609861176
0.4616445797655,0.3834525862022,0.0576463084616,0.4787896267968,0.0805604855486,0.2333135185591,0.1705429412931,-0.1874106764935,0.2506692361467,-0.0105594646951,0.2518377524219,0.2352580626074,0.0457262778246,0.1494134968268,0.1749854422853,0.1709571194036,0.1381026927487,0.4053693890865,0.0454356437443,0.3242497956010,0.2891093172163,0.1722509350396,0.2876136616928,0.3138677427134,0.0571767468201,0.3927104422157,0.3565113677345,0.0626131770051,-0.0612247279009,0.3345891656172,0.3838551487891,-0.1362014892814,0.1604051797470,0.4642043313737,1.0000000000000,0.3475463800258,0.3204298566249,-0.0049058423838,0.5354558421328,0.1190332667696,0.2395862541967,0.1671389276456,-0.2363173347441,0.2135305829325,0.0779442986983,0.1542858112760,0.1780810904091,0.0999845255831,0.1346223033643,0.0463218985754,0.1663595459125,0.0882302432638,0.3973703691759,0.0416838955559,0.2325745437225,0.1411667732952,0.1002113797285,0.3268513288714,0.2714947663439,0.1141249142078,0.2906296083589,0.2637405532634,0.0634113566472,-0.1789510340135,0.1301753023728,0.2957368965899,0.2478992240314,-0.0781197214705,0.4198319789808,0.8350253120016
