1.0000000000000,0.3375894538748,0.2621677958658,0.3537104210363,0.2867808276428,0.0904293744214,0.0805546019572,0.0917058591143,-0.0227260849184,0.0568737695489,0.0989065953827,0.3874393649717,0.1704052755565,0.1573683112633,0.3004980782892,0.1026729242687,0.4842710861630,0.6096313280442,0.2186275880199,0.5932917231630,0.2046760406715,0.5432668047016,0.4894291426790,0.5868705412567,0.1165917925570,0.2883522803649,0.5173682424521,0.2571653802703,0.1737327190886,0.5931184690601,0.5050182869219,0.2221098332269,0.2556359302588,0.3971703629398,0.5327778990764,0.4522163945316,0.3048395383184,-0.0465401649945,0.2559664187344,0.2799473125302,-0.0074264701631,-0.0223583574458,-0.2906513216592,-0.1534259122184,0.0197814250680,-0.2101952101588,0.1426454869274,0.2199234404849,0.2002791155138,-0.2838390766358,-0.0042905874917,0.4770680323824,0.4129141989419,0.0087025402653,0.3088774679602,0.0583014250767,0.2514624390054,0.3166253457001,0.3655020433339,0.1715107687197,0.1199168985761,0.1080960404347,0.0513467851017,0.0350372877374,0.0608551319524,0.1251865969954,0.2849781711082,-0.0626551295175,0.1991741909279,0.3447224431089
0.3375894538748,1.0000000000000,0.3615225748351,0.6957579554759,0.1080793664164,-0.1330047228588,-0.2481623495288,0.1565579899661,-0.2554059119995,0.2129719724467,-0.2227953100279,0.2657831331380,0.0983091292191,0.2984005959929,-0.0091743423269,0.0474839122788,0.4632737763418,0.5400518918044,0.2064855702630,0.3981334722040,0.2312690317714,0.5207405032253,0.5876130831962,0.6011730664271,0.3443286718158,0.6387380158182,0.5542954052826,0.5354043092942,0.3138804427296,0.3366555757176,0.3823201872779,0.1079379981571,-0.0082675185351,0.4109235872331,0.4987781287319,0.1825477415434,0.7547670444927,0.1961161437734,0.5851620403350,-0.0190618886471,-0.0289000617811,-0.3520081816782,-0.0677444427698,-0.4723173339985,0.0842095281038,-0.3701418368205,0.1756536293383,0.0463007746443,0.2075428490774,-0.3954572130435,-0.0449442980810,0.4834909150150,0.4942461137374,0.0409736367135,0.3502510665275,0.1365514006454,0.3430779577099,0.5167130989663,0.5166285476768,0.2744032134145,0.4734408540554,0.2249551346246,0.4288617447775,0.2119535547404,-0.0033205108552,0.2652634417313,0.5340569317576,-0.0117621184866,0.2718875114963,0.4374881236789
0.2621677958658,0.3615225748351,1.0000000000000,0.4779086608379,0.0500587706091,0.1377087207006,-0.2579819307392,0.4918243545801,0.0180610551026,0.2970836618395,-0.1077265126928,0.4038427277956,0.1260108819789,0.0487366743673,0.1748922033414,0.2466278770950,0.4454263945646,0.5834554027326,0.0963390219747,0.4491992144981,0.2397856018098,0.5461701264916,0.4483475906675,0.6553919387786,0.4672242020704,0.4315117343141,0.6658594750289,0.6774608037757,0.3993199892759,0.4042788873463,0.4924778632215,0.2750111117191,0.2107830594091,0.3997282901412,0.5482649006967,-0.0143943168697,0.3490629125168,0.5958746593770,0.5841432225123,0.0216187056274,0.0252839156800,-0.2289625666795,0.2098321637725,-0.1419663272076,0.2584592739830,-0.2599083161603,0.1229340233395,0.1032258676100,0.0747416460955,-0.2474406203121,0.1341672871682,0.4066540147399,0.2794060209372,-0.1749204741254,0.2762352304512,0.2188891897860,0.1041643354684,0.4065907719967,0.2297169766062,0.4484347447883,0.4788600139967,0.3546438151193,0.6943570571261,0.1531338928833,-0.1464860892738,0.0353658779638,0.1014478529977,-0.0812938749338,0.2212240026099,0.4001421528424
0.3537104210363,0.6957579554759,0.4779086608379,1.0000000000000,0.2704031705133,0.1315239036843,-0.0565488287897,0.4940410089298,0.1280260723483,0.4094543260498,0.0608858448614,0.2688105933246,0.3956288616120,0.3132895285007,0.2442278879204,0.2405354579021,0.4509601358283,0.5358334220262,0.2130619084119,0.4107931372089,0.4876208772191,0.5894502396153,0.6128334466156,0.5915023850213,0.5604659354538,0.6301829997266,0.5492515350733,0.4427992862041,0.5186955809768,0.3933366872546,0.5667471038825,0.2591933047114,0.0816038902017,0.4178962479405,0.5128190458348,0.2537838598686,0.4369304787044,0.2301597822236,0.7862527758086,0.2199609871790,0.1938876581281,-0.1062646680027,0.2837148419899,-0.1759125539312,0.4036347302515,-0.1204520030981,0.1631833899238,0.2839077245541,0.1113848870764,-0.0980251445161,0.1599327399145,0.4235015373430,0.4585497879268,-0.1746493798441,0.3226669623383,0.3700703373463,0.2055652793600,0.5370185316073,0.2782525585747,0.5541102449561,0.4438996096854,0.2654535986348,0.4118970459212,0.3598420742629,0.0434515176845,0.2604424341371,0.4215194390228,0.0385070479584,0.1920428252499,0.5521275464897
0.2867808276428,0.1080793664164,0.0500587706091,0.2704031705133,1.0000000000000,0.2826596698329,0.5284544281294,0.3309517256662,0.3249931551852,0.3327514197280,0.6045286128605,0.0078402523341,0.7284671395944,0.3210037026388,0.3888967888369,0.3721107511740,0.3813212524436,0.0966560793956,0.3274626442938,0.2451851365375,0.3369215915996,0.4907173964857,0.3407991933323,0.3329496865074,0.3191197062512,0.2023614810170,0.0274507111677,0.1034940168058,0.5308482369149,0.3686480329255,0.2940812066136,0.3600206625647,0.2016942889767,0.2363522193908,0.1079446452628,0.5255535160691,-0.1035338915818,-0.2891100635964,0.1468021448226,0.8875792614603,0.3219687082657,0.4843603050886,0.0289011710316,0.1488152684022,0.3554938364948,0.4096184247010,-0.0641599534269,0.7021409815613,-0.1357304497237,0.2167301875200,0.4125346131624,0.4330807521965,-0.0835790234538,-0.2122476721049,-0.2037895028294,0.1910029288803,0.3081115357671,0.0242070016524,0.0849707091198,0.3431270584808,-0.2755788722245,-0.3547305378377,-0.1379285957979,0.5038066521616,0.4507988116032,-0.0603609145920,0.0021989293831,0.2222734901525,0.2655808211456,0.1337179695474
0.0904293744214,-0.1330047228588,0.1377087207006,0.1315239036843,0.2826596698329,1.0000000000000,0.3299935572356,0.1219962981533,0.5394208314266,0.1847296168911,0.5519270038135,0.2144036621868,0.2698187064907,0.0688519698897,0.3344517665313,0.4639618245330,0.0436176934533,0.1409851239578,0.2687616251714,0.1710580317900,0.1441508767703,0.1532198735743,0.0717884216013,0.0947550657043,0.0580522154533,0.0607902755161,0.2097157872137,0.1027903827849,0.0894058105803,0.1814576636590,0.1948586370670,0.1705153191586,0.6312257827342,0.1844905735448,0.2489332434172,0.1931914811441,-0.3045526729089,-0.0831446035508,0.1955170808077,0.3548560615473,0.6711956260090,0.5496604324207,-0.0398846145419,0.6144162394337,0.3083947458732,0.4749459758162,-0.0650927114422,0.2887551800562,-0.0731754690497,0.3189053545995,0.5433820827234,0.0763701157549,-0.0863513690335,-0.2011627469216,-0.0650700991468,0.1385289153336,-0.1412929193848,-0.0233605939441,-0.1796260055241,0.1739172015154,-0.1142057376724,-0.0436008175437,0.0108236594656,-0.0624834927900,0.0935677002941,-0.1650945322543,-0.2687069347596,0.0921260655949,-0.0498146297877,0.2742613058477
0.0805546019572,-0.2481623495288,-0.2579819307392,-0.0565488287897,0.5284544281294,0.3299935572356,1.0000000000000,0.0301603147938,0.5766164083477,-0.0547153232634,0.7175112969568,-0.0450792905126,0.5491520621674,0.1795537457349,0.4925784692989,0.3513617457171,-0.0177943764932,-0.1627437570990,0.3120767691409,0.0481622237227,0.1035851537301,0.0943497399642,-0.0588441169047,-0.0754901339860,-0.0464922332359,-0.1600494340436,-0.1807456559508,-0.1859430205596,0.2123246937814,0.2395319189991,-0.0162180240362,0.1122414982340,0.3108372674861,0.0429238059024,-0.1688217012749,0.3255761779290,-0.3569221164743,-0.3771642033295,-0.1205052816551,0.6222999435619,0.4331688281867,0.7748615515255,-0.0561676201600,0.4009394398840,0.0972443140396,0.5562257285368,-0.0586481943916,0.6328541762884,-0.1611568265696,0.4047822010983,0.4299324883170,0.0091262336402,-0.2974981743716,-0.1344252823371,-0.3018785529933,-0.0239290382419,0.0523793461345,-0.3332637843414,-0.1976488024220,-0.0099065547966,-0.4678250154696,-0.3629856065111,-0.2690246022929,0.3382440325374,0.3842461247111,-0.2255692205515,-0.1691911093462,0.4160624185381,0.0258801847465,-0.1096476887289
0.0917058591143,0.1565579899661,0.4918243545801,0.4940410089298,0.3309517256662,0.1219962981533,0.0301603147938,1.0000000000000,0.2891231538538,0.4690773384511,0.2454038801747,0.1054945832977,0.4452432941014,0.1353386831461,0.4524655826115,0.2168802727941,0.2571789495990,0.2593307310719,0.2385573741697,0.3442390992697,0.4811741272780,0.3929060029674,0.3270916038547,0.2940819353884,0.6729315517793,0.3672630884840,0.2181660678388,0.3547772505064,0.6743920410089,0.2002496949454,0.4102386872963,0.3816270189643,0.1162065020683,0.2604061233585,0.1114134301801,0.0953189969392,-0.1053602509481,0.1155901281162,0.4879848252365,0.3588278985814,0.1447647102786,0.0591188799942,0.6421550409397,-0.0014769670893,0.3818951570702,0.2043430905393,-0.0754686129464,0.3249426859923,-0.1416374447224,0.2249384792240,0.1479407674907,0.1693603140076,-0.0974993884760,-0.4009194777209,-0.0281350755298,0.4435794362050,-0.1760075084129,0.1496087948757,-0.2541762725357,0.5572264427044,0.1867936380908,-0.0436756485402,0.3011522159225,0.5201083226067,-0.0024255160185,-0.0668640002477,-0.0763060080235,0.0809396678870,0.0875941862261,0.1834023513247
-0.0227260849184,-0.2554059119995,0.0180610551026,0.1280260723483,0.3249931551852,0.5394208314266,0.5766164083477,0.2891231538538,1.0000000000000,0.0311190610108,0.6531854295385,0.0695094798557,0.4069587920502,0.1110407661837,0.5036108658340,0.3773638215555,-0.0869465843873,-0.0403843114030,0.1864014188444,-0.0235847891315,0.2710084425691,0.0191288941278,-0.0393143292572,-0.0776723797749,0.1827248202918,-0.0997811325037,-0.0199464531764,-0.1941937109099,0.3281244764661,0.1312513820030,0.2446170168718,-0.0195322756024,0.2319491099513,0.0664385296443,-0.0484508199138,0.1787292145919,-0.4456118285344,-0.1317815337727,0.1662909210245,0.4421151001958,0.4703271492511,0.6396649230259,0.2572967920758,0.6271999390833,0.2513328381038,0.5938280926998,0.0603457039694,0.4139727311717,-0.2681082136470,0.3911165257918,0.4434297508711,-0.0826580436789,-0.1764139248933,-0.3038835267504,-0.2326061654118,0.2475745705765,-0.1727223054866,-0.1543776943164,-0.3249204565578,0.2185886240421,-0.2810572245362,-0.1147280010457,-0.1345000331645,0.2557465061229,0.1690819988305,0.0388530595723,-0.3406629347979,0.2011858846398,-0.1058642113384,0.0679540951279
0.0568737695489,0.2129719724467,0.2970836618395,0.4094543260498,0.3327514197280,0.1847296168911,-0.0547153232634,0.4690773384511,0.0311190610108,1.0000000000000,0.0350573742183,0.2410667277283,0.2615989589199,0.3614883356420,0.2867617008578,0.4739933059099,0.2082310285098,0.1781333711457,0.0971327032302,0.2241127950902,0.3835913305785,0.2565904065202,0.2815979557767,0.2173385166126,0.4737260269183,0.4664889733460,0.1527271736840,0.3628094688357,0.1644086119414,0.1722869291546,0.0777759113181,0.3028753421806,0.1969170826124,0.2503410841104,0.2195519577060,0.0833475783815,0.0660585049876,0.0512893478200,0.2846790279147,0.2103280487156,0.0695063704904,-0.1101692944371,0.1814694900743,-0.1491064178986,0.7017274745539,-0.0575768353135,-0.0229241740284,0.1290788665313,0.1945036231404,-0.0147973345705,0.2226607423245,0.1289071692742,-0.1312923098271,-0.2482567692203,-0.0455198528443,0.3444388973610,0.0125098871502,0.1777356035558,-0.0169717737609,0.4513651601328,0.1984328532861,-0.1352930040352,0.1181282247898,0.0268752794696,-0.0120049567100,-0.2399453883926,0.0673388932654,0.0081158212709,0.1785662650032,0.1499111908821
0.0989065953827,-0.2227953100279,-0.1077265126928,0.0608858448614,0.6045286128605,0.5519270038135,0.7175112969568,0.2454038801747,0.6531854295385,0.0350573742183,1.0000000000000,-0.0328727171391,0.5728761232714,0.1872697206412,0.4821475110241,0.3146350147844,0.0655096338176,-0.1213014371497,0.3550851342792,0.0704997922071,0.2063951932724,0.2041656932825,0.0299557442299,0.0143596113356,0.1241480909525,-0.0009538760690,-0.0516732635679,-0.0519396614927,0.3550347542292,0.1905561620715,0.1537569017400,0.1378043006635,0.3163829852855,0.0497835858239,-0.0569238154776,0.3364220508093,-0.4550638747448,-0.3442996972765,0.0897624245116,0.7765494933614,0.5155109639166,0.7855661168530,0.0486421036215,0.5532236831486,0.1881772879072,0.8041382723851,-0.1615173480994,0.6420249057057,-0.1688491860450,0.4113933907350,0.4807860400305,0.0913188617603,-0.3201953323832,-0.2761223541936,-0.3297457175638,0.1756589608643,-0.0708171897791,-0.2072113018810,-0.2914911407573,0.1853580918596,-0.3706988084588,-0.2920517119024,-0.1412241593511,0.3587461867880,0.2529275272944,-0.1814247825034,-0.2992327260630,0.1681009619747,-0.0430914064647,0.0485405744415
0.3874393649717,0.2657831331380,0.4038427277956,0.2688105933246,0.0078402523341,0.2144036621868,-0.0450792905126,0.1054945832977,0.0695094798557,0.2410667277283,-0.0328727171391,1.0000000000000,0.0977569666507,0.4425416696213,0.3899620476295,0.3670567301560,0.2379088281798,0.5434853950390,0.4002822804170,0.5080778580282,0.3288902995206,0.3666644642337,0.3284252918937,0.4619640112096,0.0416703186751,0.4484803109421,0.5059862944530,0.4203128366265,-0.0098331088102,0.5599495604552,0.3209834182523,0.1193184242823,0.3578483432833,0.3631626561278,0.6616506397172,0.0188649556233,0.2466136140503,0.1418605897113,0.3157777824000,0.0311773742494,0.1257855519301,-0.1754500890556,-0.2338995288196,-0.1336605550602,0.2321493169761,-0.3207077899580,0.6227360113500,0.1348419123595,0.5306926616575,-0.2859123437739,0.2602836454848,0.1981296689488,0.1669845577587,0.1477051253839,0.2628559664297,0.2264872307001,0.0966660834922,0.1552767806023,0.1988110525014,0.0290261273152,0.3818278844451,0.1393015677562,0.2756195034196,-0.1449487967720,-0.0700097957156,-0.0820258749512,0.2278486999611,-0.0038765188669,0.2752979527960,0.3988059651912
0.1704052755565,0.0983091292191,0.1260108819789,0.3956288616120,0.7284671395944,0.2698187064907,0.5491520621674,0.4452432941014,0.4069587920502,0.2615989589199,0.5728761232714,0.0977569666507,1.0000000000000,0.2614669087405,0.4461103798389,0.3350395087407,0.2267696809099,0.1265496844880,0.3928943089101,0.2568521832233,0.6682432584481,0.4080562761794,0.2382786529024,0.2581262090939,0.3344910580451,0.2038455060684,0.0989281184230,0.1353559787303,0.5471542883558,0.2885764646287,0.3002841457784,0.3091749173832,0.1842305526174,0.2089714363020,0.1133932966097,0.2952932623428,-0.1305522481033,-0.1763569867053,0.2884886957481,0.7782990459119,0.3798044204942,0.4600919943280,0.2434921736563,0.1394587348884,0.4316656239810,0.3694240587733,0.0330965675729,0.9017220432779,-0.1828122763382,0.2637997518286,0.3847807653506,0.2269585860762,-0.0198858184993,-0.1928659390813,-0.1019450713007,0.5561243972111,0.1214525150199,0.0213989088038,-0.0508067146958,0.3493077950461,-0.1541150964137,-0.1969081572769,-0.0197517182808,0.5139149361955,0.3270044669403,-0.0374210080739,0.0988750907244,0.2397173028016,0.2096486796165,0.1622895944564
0.1573683112633,0.2984005959929,0.0487366743673,0.3132895285007,0.3210037026388,0.0688519698897,0.1795537457349,0.1353386831461,0.1110407661837,0.3614883356420,0.1872697206412,0.4425416696213,0.2614669087405,1.0000000000000,0.3473697112165,0.3181542926021,0.2486421355719,0.0752491307103,0.5274719423025,0.2665945098387,0.1600914507091,0.3162084354887,0.2581615136336,0.2896121173769,0.0494276059438,0.4443664368404,0.0545835067032,0.2740487932826,0.1429999070426,0.2613533508157,0.0027356662964,0.0077041770413,0.1050472683330,0.1863443080113,0.2087425478351,0.3309052452754,0.1824517430539,-0.1650984806791,0.1482188148229,0.2490950069850,0.2849557953469,0.0863043955272,-0.1280825428353,-0.0773708035677,0.1762870285220,0.0490607118065,0.5058264133668,0.2368509307960,0.5981533932675,0.0289881133003,0.3442346379292,0.2609444597500,-0.0484243491244,0.2382288554543,-0.0217747056506,0.0993544210686,0.2778947786654,0.0105927329698,0.1970172787644,-0.0085462914693,0.0272702672925,-0.2859313432890,0.0222412785761,0.1218659673045,0.2172829835772,-0.0989098006891,0.3302128332806,0.4371947518932,0.2949839274827,0.2097871937205
0.3004980782892,-0.0091743423269,0.1748922033414,0.2442278879204,0.3888967888369,0.3344517665313,0.4925784692989,0.4524655826115,0.5036108658340,0.2867617008578,0.4821475110241,0.3899620476295,0.4461103798389,0.3473697112165,1.0000000000000,0.4384489592280,0.2091939474401,0.2588341544921,0.5959680025197,0.4452655452609,0.2739219350371,0.3440609285634,0.2020693186771,0.2395665975282,0.2418239866070,0.1753701601057,0.1250695781510,0.2212561569396,0.3008243570002,0.5833930378921,0.2525723489842,0.2799995255292,0.5348718744261,0.3102222112211,0.2184213259087,0.2130525012661,-0.1261221206604,-0.0518143032596,0.2116827345433,0.4390459412049,0.3898524408952,0.2993994956713,0.1151812647405,0.1138355762921,0.2533584478915,0.1522972439440,0.1295673987774,0.4886495962374,0.0433924137496,0.2106778402340,0.4977733326794,0.1828839540839,-0.2006243285054,-0.1355401007604,-0.0936039599419,0.1154569606602,0.0022324863363,-0.0796235362307,-0.1160212359447,0.1936831979218,-0.0578747886870,-0.1776096519388,0.1084164977517,0.2886111079801,0.1827370230667,-0.1596610236855,-0.1033269531173,0.4269042193068,0.1302373958358,0.0953418479008
0.1026729242687,0.0474839122788,0.2466278770950,0.2405354579021,0.3721107511740,0.4639618245330,0.3513617457171,0.2168802727941,0.3773638215555,0.4739933059099,0.3146350147844,0.3670567301560,0.3350395087407,0.3181542926021,0.4384489592280,1.0000000000000,0.2385333327906,0.1548817938485,0.1634151950965,0.1949794923871,0.2512035984614,0.3445083023771,0.2318475059783,0.3088169594534,0.1612782716416,0.2367432312187,0.1160631476493,0.1944889274532,0.1539912361395,0.3949695527086,0.1807073581853,0.1543575436431,0.4892132763748,0.3323702411359,0.3446144002164,0.1988524575115,-0.0504880312066,0.0408066122650,0.2433773192969,0.3219641104502,0.3835506776278,0.2194593883354,0.0006615167312,0.2037809652791,0.4829163523565,0.1202690862777,0.1466211812788,0.3211597654449,0.1185733682527,0.0765455119564,0.6634547710908,0.2112253359914,-0.1035595684056,-0.2416252934585,-0.1172087156803,0.1699480823393,0.1196949463911,-0.0101398262358,0.0740993290520,0.2446038615029,0.0370214204655,-0.1604312255828,0.0542108034542,0.0446682987592,0.1914672740212,-0.1840553808813,-0.0572301153243,0.2602278014920,0.2824477701547,0.3074606438707
0.4842710861630,0.4632737763418,0.4454263945646,0.4509601358283,0.3813212524436,0.0436176934533,-0.0177943764932,0.2571789495990,-0.0869465843873,0.2082310285098,0.0655096338176,0.2379088281798,0.2267696809099,0.2486421355719,0.2091939474401,0.2385333327906,1.0000000000000,0.4645649891892,0.2374108636525,0.4365086214133,0.0878383812965,0.7969496448969,0.6969517599073,0.8189387153248,0.2478309972901,0.4359324352099,0.3740543888859,0.5922368276430,0.4539825242201,0.4730793494758,0.5039847074362,0.3177538872608,0.2842578615070,0.3906183965897,0.4930617971450,0.4180912421076,0.4823457215527,0.1314046556054,0.3966987484834,0.2696159433331,0.1342612239996,-0.1355946346586,-0.1575137047409,-0.3219334117990,-0.0286548226051,-0.1942192365660,-0.0310977789268,0.2634049873496,0.0642275509372,-0.3402674319030,0.1821339761192,0.9070057315884,0.2280112953533,-0.2367328203053,0.0518174773433,-0.0404827876108,0.6071089579289,0.4350324506740,0.6322689783966,0.2086963889118,0.2050728446236,-0.0592950270672,0.3367437163181,0.3291017543184,0.0893746272445,0.2393522084175,0.2035146367434,0.1802669185535,0.3375230415346,0.4185315339454
0.6096313280442,0.5400518918044,0.5834554027326,0.5358334220262,0.0966560793956,0.1409851239578,-0.1627437570990,0.2593307310719,-0.0403843114030,0.1781333711457,-0.1213014371497,0.5434853950390,0.1265496844880,0.0752491307103,0.2588341544921,0.1548817938485,0.4645649891892,1.0000000000000,0.2762186292068,0.7977310639487,0.2433555936921,0.5549813504401,0.4783364469903,0.6774597274432,0.2134212568673,0.4116150399034,0.7369694758349,0.5646077848188,0.2219061377242,0.5417018113026,0.5720513376468,0.3682755757276,0.3156773035054,0.4604249365979,0.6958446888318,0.2313679774804,0.3892388188425,0.2652845392009,0.4634933467938,0.0424066460999,0.0943743563648,-0.1987028341382,-0.1357332331230,-0.2139382882313,0.1100213749820,-0.3374110950689,0.1490263192223,0.1300163064088,0.0665502174397,-0.3446309258280,0.0865833267330,0.4226204112553,0.5774414920951,-0.0885294317477,0.5208910511684,0.1171328814587,0.2134762544014,0.3157643590535,0.3985973454276,0.1537614154409,0.3364389438984,0.2916103611653,0.3448500308835,0.0185365166092,-0.0097693623546,0.1585883306231,0.1907136766374,-0.0661194101070,0.3230358466781,0.4868933076207
0.2186275880199,0.2064855702630,0.0963390219747,0.2130619084119,0.3274626442938,0.2687616251714,0.3120767691409,0.2385573741697,0.1864014188444,0.0971327032302,0.3550851342792,0.4002822804170,0.3928943089101,0.5274719423025,0.5959680025197,0.1634151950965,0.2374108636525,0.2762186292068,1.0000000000000,0.5139157760542,0.1780719982365,0.3213041187445,0.2332990722430,0.2788011168874,0.0081372950562,0.2839638275237,0.1651519130972,0.4181083532237,0.1871798011118,0.3304376468103,0.0732758702343,0.1787648894849,0.3498848575931,0.1878479345687,0.2031022036197,0.2879356921019,0.0240371204447,-0.1732575278986,0.1582211362205,0.3553501228817,0.3770569746911,0.2192323047822,-0.1193693670214,-0.0227136892969,0.0177648194488,0.1902860153711,0.1815605181061,0.3949073839647,0.1979424115642,0.1264999967563,0.3300740602045,0.2674404286401,-0.1123992970672,0.2069688549842,0.0583455240365,0.0683571742077,0.1175036193487,-0.0613960344238,0.0427125458114,-0.0913131274793,-0.0567291991832,-0.2416231345213,0.1276233126471,0.1840661604470,0.1894531274321,-0.1835296766263,0.0755320731884,0.3988020934969,0.1641925474191,0.1296185577757
0.5932917231630,0.3981334722040,0.4491992144981,0.4107931372089,0.2451851365375,0.1710580317900,0.0481622237227,0.3442390992697,-0.0235847891315,0.2241127950902,0.0704997922071,0.5080778580282,0.2568521832233,0.2665945098387,0.4452655452609,0.1949794923871,0.4365086214133,0.7977310639487,0.5139157760542,1.0000000000000,0.2754355638641,0.5221824087690,0.4832364992454,0.5962064058645,0.2247658092414,0.4341420666159,0.6180989245568,0.5824366767736,0.2772640600368,0.5558787685862,0.3687040059900,0.5281782468803,0.3769129900369,0.4929108007482,0.5289356459160,0.2829965743079,0.2308169892911,0.0594977386101,0.3565568278625,0.2114115216434,0.1458659182695,-0.0436978112222,-0.1401177629699,-0.2108765455161,0.1093285661415,-0.1507652037562,0.0700645391738,0.2499402457953,0.0932452696610,-0.2273162498568,0.1482760190730,0.3767223190016,0.3111367237172,-0.1220589432159,0.4304079652477,0.1400004229634,0.1375018315236,0.1596427371638,0.2468795092851,0.1059898722548,0.1339199090599,0.0708350145427,0.2674859827693,0.1363025892667,0.0276694854933,-0.0814267481844,0.1945706142627,0.0608373836287,0.3683965942650,0.3668420610283
0.2046760406715,0.2312690317714,0.2397856018098,0.4876208772191,0.3369215915996,0.1441508767703,0.1035851537301,0.4811741272780,0.2710084425691,0.3835913305785,0.2063951932724,0.3288902995206,0.6682432584481,0.1600914507091,0.2739219350371,0.2512035984614,0.0878383812965,0.2433555936921,0.1780719982365,0.2754355638641,1.0000000000000,0.2465731729548,0.2937868611221,0.2227166518915,0.4653373261131,0.3562766123182,0.2897801049030,0.1123199188892,0.3937945136925,0.2070606219821,0.3731067486697,0.2756511670007,-0.0085168306342,0.2670370868931,0.2377102776105,-0.0380986935588,0.0569576259854,0.0002328575465,0.4096355273673,0.4055848681525,0.0588196056297,0.0303296513590,0.3502737945656,-0.0630320708274,0.6105654724702,0.0513111482556,0.1845053206905,0.5261030243459,-0.0076642162975,-0.0030245474156,0.0661422905012,0.0084157341826,0.1837456515987,-0.1906067014334,0.1439905185100,0.9083709031942,-0.0880797545218,0.2528679163017,-0.0939140844715,0.4885365862499,0.1983900980710,0.1240190005065,0.0431106048758,0.2532997613623,-0.0275744519902,0.0696225062591,0.2341344724467,-0.1809635129319,0.1379634960010,0.2281097589817
0.5432668047016,0.5207405032253,0.5461701264916,0.5894502396153,0.4907173964857,0.1532198735743,0.0943497399642,0.3929060029674,0.0191288941278,0.2565904065202,0.2041656932825,0.3666644642337,0.4080562761794,0.3162084354887,0.3440609285634,0.3445083023771,0.7969496448969,0.5549813504401,0.3213041187445,0.5221824087690,0.2465731729548,1.0000000000000,0.6517366539989,0.9088961280236,0.4067227917647,0.5044462389772,0.4775347584251,0.5548373562519,0.6350525810737,0.6489945134587,0.6964030610740,0.3703755628311,0.3588736890927,0.4576814414598,0.5770942777232,0.4586275870189,0.3674598386252,0.1103305734230,0.5180683419057,0.4264015941064,0.2414832401470,-0.0176717957042,-0.0716752134535,-0.2325936031184,0.1017276725568,-0.1305168452218,0.1040700683454,0.4267403705515,0.0831522473325,-0.2558634331963,0.2805390975575,0.7581234207275,0.2481941134968,-0.2221523513170,0.1017406088189,0.0974499539378,0.5901430788255,0.3819688444228,0.5311815480205,0.3838474218368,0.1850411013974,-0.0524223728361,0.3924461857102,0.5115281618947,0.2273585863157,0.2162167909163,0.1939308559414,0.1901783979313,0.4020232991643,0.4862855547447
0.4894291426790,0.5876130831962,0.4483475906675,0.6128334466156,0.3407991933323,0.0717884216013,-0.0588441169047,0.3270916038547,-0.0393143292572,0.2815979557767,0.0299557442299,0.3284252918937,0.2382786529024,0.2581615136336,0.2020693186771,0.2318475059783,0.6969517599073,0.4783364469903,0.2332990722430,0.4832364992454,0.2937868611221,0.6517366539989,1.0000000000000,0.7296462437650,0.4077685664082,0.5829574561748,0.4723658693939,0.5158037781826,0.4228383061924,0.4501715911410,0.5284654033926,0.3426970987442,0.1440427711947,0.4621013870627,0.5372446059383,0.3361806518368,0.5072974571142,0.1387456372888,0.5918082469077,0.2263824826678,0.0558549741488,-0.1471071780969,-0.0038990995907,-0.2924615877316,0.2026416679567,-0.1753928681339,0.0651607781022,0.2053140791025,0.0876682913709,-0.3025136133121,0.1347343913481,0.6501171499482,0.3505810119129,-0.2372255866584,0.2346768513123,0.1260588190256,0.4233162779128,0.7102802250768,0.4956560433511,0.4216628592435,0.3246329612744,0.0841860928252,0.3027095068890,0.2400868596997,0.0149920907463,0.2220621636449,0.3466913379877,0.0115348463684,0.3428425369808,0.4424147790952
0.5868705412567,0.6011730664271,0.6553919387786,0.5915023850213,0.3329496865074,0.0947550657043,-0.0754901339860,0.2940819353884,-0.0776723797749,0.2173385166126,0.0143596113356,0.4619640112096,0.2581262090939,0.2896121173769,0.2395665975282,0.3088169594534,0.8189387153248,0.6774597274432,0.2788011168874,0.5962064058645,0.2227166518915,0.9088961280236,0.7296462437650,1.0000000000000,0.3330366515011,0.5518094119660,0.5933396857676,0.6420319887909,0.4829403698561,0.6306108708483,0.6599834708123,0.3108995567732,0.2903506265850,0.5271129805696,0.7029754661130,0.3841703437340,0.5356170457388,0.2603522936385,0.5859339593753,0.2356043454223,0.1367013422350,-0.1672201861617,-0.1361757332806,-0.2909698794679,0.0922103079978,-0.2829043743699,0.1696336699798,0.2705250677403,0.1581736734426,-0.3880163027635,0.2203468399855,0.7830436901528,0.4035363309868,-0.1614904849254,0.2547738540732,0.0780985405769,0.5805221916150,0.4974680459902,0.6739926813636,0.3201932294021,0.3159373385633,0.0960812006267,0.4738873454934,0.3167247537547,0.1045002158679,0.2605268110035,0.2682938528209,0.0945043534412,0.4729459564724,0.5713775735128
0.1165917925570,0.3443286718158,0.4672242020704,0.5604659354538,0.3191197062512,0.0580522154533,-0.0464922332359,0.6729315517793,0.1827248202918,0.4737260269183,0.1241480909525,0.0416703186751,0.3344910580451,0.0494276059438,0.2418239866070,0.1612782716416,0.2478309972901,0.2134212568673,0.0081372950562,0.2247658092414,0.4653373261131,0.4067227917647,0.4077685664082,0.3330366515011,1.0000000000000,0.4257559353382,0.3811174851327,0.2874220638561,0.7426501361278,0.2830224265071,0.5272704200555,0.4120330945545,0.0166082969054,0.3031605733603,0.1787262975838,0.0479567959160,0.1369881611464,0.1832186834181,0.5858459069560,0.2823998788737,-0.0188360126918,-0.0566607481895,0.4765865216196,-0.1861126679957,0.4859395087435,0.0383647280561,-0.1451876344733,0.2189484935837,-0.1358148593909,-0.0201648646617,0.0124266086631,0.1996181814845,0.0028279391123,-0.4432486225608,-0.0286220628150,0.4128019105871,0.0423109690545,0.4222726858455,-0.0498814774562,0.8663158626162,0.2263592890648,0.1086039709556,0.3660291254279,0.5831434674001,0.0793485116527,0.2333792111583,0.0449599393163,-0.1516863622652,0.1343758333748,0.1819649476645
0.2883522803649,0.6387380158182,0.4315117343141,0.6301829997266,0.2023614810170,0.0607902755161,-0.1600494340436,0.3672630884840,-0.0997811325037,0.4664889733460,-0.0009538760690,0.4484803109421,0.2038455060684,0.4443664368404,0.1753701601057,0.2367432312187,0.4359324352099,0.4116150399034,0.2839638275237,0.4341420666159,0.3562766123182,0.5044462389772,0.5829574561748,0.5518094119660,0.4257559353382,1.0000000000000,0.5339344015385,0.6096149082909,0.3278198156876,0.3745168705949,0.3515177417433,0.2979675450590,0.1697876108990,0.3902480286021,0.5944299164997,0.2211129105435,0.4983437390538,0.1546603414632,0.7037872006697,0.1723197686214,0.0857818505527,-0.2251870117640,0.0482671472141,-0.3076434558112,0.3362304024724,-0.1666242436902,0.1524526175607,0.1656367172371,0.3777294712961,-0.2155798388104,0.1534097773392,0.4036483062398,0.1942660822852,-0.1291802166562,0.2410252923517,0.2625148104836,0.1252771108775,0.4809414782068,0.2349036791381,0.4057973003908,0.6312988972851,0.1670028828544,0.4851958885852,0.1698634521290,-0.0675100939235,0.0199411338663,0.3934491254633,-0.0060776299171,0.3141859951755,0.5381522567065
0.5173682424521,0.5542954052826,0.6658594750289,0.5492515350733,0.0274507111677,0.2097157872137,-0.1807456559508,0.2181660678388,-0.0199464531764,0.1527271736840,-0.0516732635679,0.5059862944530,0.0989281184230,0.0545835067032,0.1250695781510,0.1160631476493,0.3740543888859,0.7369694758349,0.1651519130972,0.6180989245568,0.2897801049030,0.4775347584251,0.4723658693939,0.5933396857676,0.3811174851327,0.5339344015385,1.0000000000000,0.5871030071630,0.2697200329727,0.5057702518908,0.5380783742952,0.3151993614966,0.2742364017680,0.4108620692555,0.6838731848086,0.0658091208412,0.4454811056807,0.3808704690175,0.5859605393519,0.0523623871333,0.0245892285575,-0.1887167781705,-0.0836619715978,-0.1799650164883,0.2054773788476,-0.2842370179257,0.1556815436907,0.1136647453739,0.1412429252366,-0.3919410246419,0.0155757050432,0.3543731565094,0.4748658107795,-0.1020859467110,0.4076385128454,0.2204383967773,0.0484852120065,0.4513678309875,0.2627130470434,0.3674083973648,0.4672492819547,0.5408732485601,0.5417170933446,0.0679752425295,-0.1537184073280,0.0650213853207,0.3091059156331,-0.2733445869722,0.1449190165446,0.4807018261412
0.2571653802703,0.5354043092942,0.6774608037757,0.4427992862041,0.1034940168058,0.1027903827849,-0.1859430205596,0.3547772505064,-0.1941937109099,0.3628094688357,-0.0519396614927,0.4203128366265,0.1353559787303,0.2740487932826,0.2212561569396,0.1944889274532,0.5922368276430,0.5646077848188,0.4181083532237,0.5824366767736,0.1123199188892,0.5548373562519,0.5158037781826,0.6420319887909,0.2874220638561,0.6096149082909,0.5871030071630,1.0000000000000,0.2579186943828,0.3494678863075,0.2408812164802,0.2950593990822,0.3366799749224,0.3625384004575,0.5171411674011,0.0828575525484,0.4635839544822,0.3170217426298,0.5064580541072,0.0618563951774,0.0917948927511,-0.2491096145700,-0.1303969753472,-0.3631526237514,0.1230036116971,-0.2421552528993,-0.0237678161188,0.1560200930730,0.2037751163126,-0.3159851938929,0.1616438204969,0.5498765416545,0.1253979232087,-0.1025795470914,0.2287478678081,0.0778031098873,0.2184163205193,0.3139643301174,0.3628690630603,0.1762648366984,0.4348702708112,0.1534064924007,0.6989114145187,0.1092208036174,-0.1513124039676,-0.1401056924256,0.2311169964652,0.0766505777230,0.2578769701964,0.3529661993566
0.1737327190886,0.3138804427296,0.3993199892759,0.5186955809768,0.5308482369149,0.0894058105803,0.2123246937814,0.6743920410089,0.3281244764661,0.1644086119414,0.3550347542292,-0.0098331088102,0.5471542883558,0.1429999070426,0.3008243570002,0.1539912361395,0.4539825242201,0.2219061377242,0.1871798011118,0.2772640600368,0.3937945136925,0.6350525810737,0.4228383061924,0.4829403698561,0.7426501361278,0.3278198156876,0.2697200329727,0.2579186943828,1.0000000000000,0.3289503367693,0.6561526697561,0.4315044405612,0.0730773937780,0.2376316935076,0.1242080720943,0.3325665989562,0.0383762931820,-0.0020823211833,0.4875299558091,0.5200449494625,0.2101454655457,0.2101924240624,0.3996928296049,-0.0446423335400,0.1689083876122,0.2435080139146,-0.1144997266445,0.4769379450413,-0.2735143801844,0.0926243268870,0.1696778334046,0.4172067925246,0.0289740164418,-0.4528572051650,-0.1304466479506,0.3062080729569,0.2480020003077,0.2363266736896,0.0741143902963,0.5886949573531,-0.0112962938263,-0.1225582551026,0.2763474991577,0.8825368953412,0.2910825031827,0.3276290722237,-0.0025515389264,0.1248988718103,0.1847247655903,0.2227298566609
0.5931184690601,0.3366555757176,0.4042788873463,0.3933366872546,0.3686480329255,0.1814576636590,0.2395319189991,0.2002496949454,0.1312513820030,0.1722869291546,0.1905561620715,0.5599495604552,0.2885764646287,0.2613533508157,0.5833930378921,0.3949695527086,0.4730793494758,0.5417018113026,0.3304376468103,0.5558787685862,0.2070606219821,0.6489945134587,0.4501715911410,0.6306108708483,0.2830224265071,0.3745168705949,0.5057702518908,0.3494678863075,0.3289503367693,1.0000000000000,0.5344309557244,0.3135336143306,0.4684023408263,0.6374707741701,0.6157896440361,0.3528878749661,0.3168775514728,0.1731174779428,0.3988401898981,0.3369900696613,0.1416677362964,0.0201360063095,-0.1511547280385,-0.1913193174964,0.1982160511647,-0.2287877250298,0.2717783245005,0.3805991834076,0.1723136604826,-0.2500721657827,0.3448933292339,0.4998068539726,0.1894736270052,-0.0965465370577,0.1227055122634,0.0165947023182,0.3225499524261,0.2732606455098,0.3401112336781,0.2727122737175,0.2081418850227,0.1106235959894,0.2980470389386,0.2365437985142,0.3313134218597,0.0747385646445,0.1516435763966,0.1384329335904,0.4374946750844,0.4073828778779
0.5050182869219,0.3823201872779,0.4924778632215,0.5667471038825,0.2940812066136,0.1948586370670,-0.0162180240362,0.4102386872963,0.2446170168718,0.0777759113181,0.1537569017400,0.3209834182523,0.3002841457784,0.0027356662964,0.2525723489842,0.1807073581853,0.5039847074362,0.5720513376468,0.0732758702343,0.3687040059900,0.3731067486697,0.6964030610740,0.5284654033926,0.6599834708123,0.5272704200555,0.3515177417433,0.5380783742952,0.2408812164802,0.6561526697561,0.5344309557244,1.0000000000000,0.2957507137374,0.2004932941727,0.4197634295975,0.5593091737288,0.2731030434837,0.1803438438835,0.0900504666768,0.5396849162878,0.2796969966921,0.1464250308152,0.0045659371847,0.0449220706696,-0.0587921332872,0.1089460297284,-0.0781181600117,0.0672161236069,0.2812207414794,-0.0935992752059,-0.2136195620466,0.1061521311623,0.4671041909488,0.3254067515307,-0.3415222561999,0.0627686282171,0.2402859179165,0.2983345068789,0.4349495203654,0.2726796597697,0.4964745471711,0.2184158961898,0.1077354209964,0.2500837860365,0.4343249397277,0.1432274868192,0.5029400653819,0.0819837105064,-0.1125706170074,0.2028580207080,0.4846313909133
0.2221098332269,0.1079379981571,0.2750111117191,0.2591933047114,0.3600206625647,0.1705153191586,0.1122414982340,0.3816270189643,-0.0195322756024,0.3028753421806,0.1378043006635,0.1193184242823,0.3091749173832,0.0077041770413,0.2799995255292,0.1543575436431,0.3177538872608,0.3682755757276,0.1787648894849,0.5281782468803,0.2756511670007,0.3703755628311,0.3426970987442,0.3108995567732,0.4120330945545,0.2979675450590,0.3151993614966,0.2950593990822,0.4315044405612,0.3135336143306,0.2957507137374,1.0000000000000,0.3289667942867,0.1403426784271,0.2016015261039,0.2107994677096,0.0195964819551,-0.0184503521576,0.1992648416368,0.3079800611485,0.1222392390350,0.0575286703534,0.1236081345618,-0.1451357665534,0.2734556580687,0.0190700967981,-0.3040692658737,0.2587251335230,-0.1615893201730,-0.0008259850074,0.1491311135862,0.2170263636265,0.0738827060936,-0.4221121677494,0.0333503345721,0.1482720182120,0.0516310123180,0.1177437525092,-0.0092557467587,0.3044566341402,0.0223444132743,-0.0630207089998,0.1347556168882,0.3392122341274,0.0886184082076,-0.0499254914159,-0.0264799919650,0.0031825048881,0.1219734336774,0.0805023995199
0.2556359302588,-0.0082675185351,0.2107830594091,0.0816038902017,0.2016942889767,0.6312257827342,0.3108372674861,0.1162065020683,0.2319491099513,0.1969170826124,0.3163829852855,0.3578483432833,0.1842305526174,0.1050472683330,0.5348718744261,0.4892132763748,0.2842578615070,0.3156773035054,0.3498848575931,0.3769129900369,-0.0085168306342,0.3588736890927,0.1440427711947,0.2903506265850,0.0166082969054,0.1697876108990,0.2742364017680,0.3366799749224,0.0730773937780,0.4684023408263,0.2004932941727,0.3289667942867,1.0000000000000,0.1957079975386,0.3698078691370,0.1814012434847,-0.0943517493995,-0.0249745906315,0.1419065502592,0.2422847285755,0.5378791121321,0.2645568663250,-0.2301510011545,0.2220372311443,0.1368381054812,0.0791247216617,-0.0618869148184,0.2808328666140,0.0819833916330,0.1067513346251,0.5798247284169,0.2510523846940,-0.1377433357100,-0.1636787972569,-0.0567940352728,-0.0938791398745,0.0247381035310,-0.0771485526494,0.0116225434490,0.0538233670690,-0.0163220420569,-0.1071954499192,0.1773810280223,0.0043301577603,0.1215433793130,-0.2413689763206,-0.1853985907258,0.3669675528071,0.0667258604247,0.1720909955416
0.3971703629398,0.4109235872331,0.3997282901412,0.4178962479405,0.2363522193908,0.1844905735448,0.0429238059024,0.2604061233585,0.0664385296443,0.2503410841104,0.0497835858239,0.3631626561278,0.2089714363020,0.1863443080113,0.3102222112211,0.3323702411359,0.3906183965897,0.4604249365979,0.1878479345687,0.4929108007482,0.2670370868931,0.4576814414598,0.4621013870627,0.5271129805696,0.3031605733603,0.3902480286021,0.4108620692555,0.3625384004575,0.2376316935076,0.6374707741701,0.4197634295975,0.1403426784271,0.1957079975386,1.0000000000000,0.6319314206739,0.2716759129403,0.3668071950512,0.1867856498302,0.4910454389216,0.1820340930895,0.0801570243736,-0.0164067403274,-0.0073079910320,-0.1637872157711,0.2133221573988,-0.1206449560730,0.1101437414060,0.2378826381149,0.0937092001952,-0.2413025404002,0.1272480980726,0.3841994783095,0.1653885125362,-0.1682215183374,0.1928079851544,0.1799554062804,0.2135612964710,0.3330241163010,0.2685101705047,0.2985759942429,0.2963534097530,0.1301925608662,0.2832547670495,0.0826106108968,0.1584887395895,0.0882364271052,0.1854410095124,-0.0163175967848,0.6277648796774,0.6109816441249
0.5327778990764,0.4987781287319,0.5482649006967,0.5128190458348,0.1079446452628,0.2489332434172,-0.1688217012749,0.1114134301801,-0.0484508199138,0.2195519577060,-0.0569238154776,0.6616506397172,0.1133932966097,0.2087425478351,0.2184213259087,0.3446144002164,0.4930617971450,0.6958446888318,0.2031022036197,0.5289356459160,0.2377102776105,0.5770942777232,0.5372446059383,0.7029754661130,0.1787262975838,0.5944299164997,0.6838731848086,0.5171411674011,0.1242080720943,0.6157896440361,0.5593091737288,0.2016015261039,0.3698078691370,0.6319314206739,1.0000000000000,0.2114622113092,0.5031741809594,0.2939283044822,0.5944032879766,0.0730720072792,0.1406559007316,-0.1920118408351,-0.2107393421180,-0.1746769891378,0.2090850652871,-0.3277416814138,0.2936514581680,0.1537754273172,0.3220534311817,-0.3900941625680,0.2260593923775,0.4791413055191,0.4199408139350,-0.0227855017100,0.3692790293065,0.1233658555963,0.2666800391515,0.4605995599177,0.4308019346366,0.2318517040221,0.5506487651401,0.3053670138216,0.4306013218037,-0.0922365978333,-0.0169492738206,0.1749402279381,0.2852336125670,-0.0732751613314,0.4350698156589,0.7810905721274
