1.0000000000000,0.3902956373108,0.3117180221496,0.3641479955978,0.3509424788356,0.0632946193922,0.2167884618980,0.2356387737152,0.0955075508814,0.1985968568437,0.3397205591676,0.2307900429323,0.4092303057646,0.0163557959657,0.6774602253123,0.0129018450916,0.4239309716191,0.5380671458778,0.3720440239781,0.3896400980570,0.4127957069579,0.4090145290977,0.3563096445361,0.4214273375923,0.3482217906018,0.3197183417360,0.3431798881454,0.2320100042208,0.2029016472497,0.6177259054749,0.4335477855627,0.1466376633051,0.0815139835245,0.4306490146376,0.4451024939928,0.5065449576938,0.2821116026744,0.1713217467063,0.3919074698338,0.2138578425433,0.0958691979114,-0.0226833531585,0.2156513254417,-0.0829379726030,0.2766829628374,0.1808813577889,-0.0278720284025,0.2830039334651,-0.1179896824941,0.1960416989802,-0.0215270500747,0.4034705791942,0.0957453007897,-0.1097169585216,-0.1087459502696,0.3116731022053,0.2875754500461,0.3275792558295,0.2193823279924,0.4390033162149,0.3403499765331,0.0825917817301,0.2793756440156,0.2021207026455,0.1637602934650,0.0228001517987,-0.1066571789577,0.1911906650799,0.1351043357780,0.3609502414624
0.3902956373108,1.0000000000000,0.3456339872027,0.2768210200190,0.3083045767813,0.1693237350594,0.1315708018349,0.1327614857819,0.0135161804174,0.0893349511775,0.2576151587435,0.0961015468860,0.3793945323455,-0.0808933251642,0.1877318604947,0.0213866431138,0.4423561558736,0.5017201402049,0.0722607422294,0.2259653459996,0.3803441906066,0.4635548846035,0.4692358604795,0.5525003185357,0.4273067049349,0.3365890341861,0.5037190364676,0.2312454746115,0.4475373301477,0.3877200722725,0.5926880058316,0.0665250951756,0.1417126403688,0.4453121170644,0.6517631538118,0.1183338936036,0.8004546760856,0.0520538289396,0.3488721851093,0.1802205143034,0.1405594250997,-0.0988618956301,-0.0013245989500,-0.2999853318857,0.0687118462212,-0.0640612840332,-0.1686635868993,0.2051600744003,-0.3117800836022,-0.3092451087806,-0.0797059661821,0.5827782823305,0.3462384387337,-0.2909627174073,-0.2383885347497,0.3736000978169,0.3940131702181,0.4943031343822,0.5644945400778,0.3169844639218,0.2354822196251,0.0294235195179,0.2454934677912,0.3988220559480,0.2158453684076,0.4062286846562,-0.1436154726702,0.0901980128859,0.2186800132264,0.4880458728366
0.3117180221496,0.3456339872027,1.0000000000000,0.2984389899327,0.3995776201718,0.2716499383236,0.0327546485111,0.7309369985480,0.2437910032586,0.2530901214218,0.2023497326831,0.0181991368007,0.2955354780097,0.2727540289123,0.3687257284085,0.0497199880159,0.4852258116566,0.5930378046128,0.4304361515030,0.5070926808914,0.3111566131527,0.7495373803231,0.1869618254847,0.7409307080277,0.5576297452123,0.5438133214813,0.6789858818713,0.7381829376231,0.5970188824279,0.3417414986927,0.6895997302500,0.3423305346219,0.2120643180114,0.2019704885927,0.3480837661476,-0.1983285657908,0.0720989942013,0.5381241337447,0.2623870822567,0.1694663923236,0.3329635947907,-0.1914512952844,0.2003299795560,-0.0886186054440,0.1701943977365,-0.2145327804316,-0.2954750514230,0.0775821531455,0.0640559964799,-0.2487622307958,-0.0094455139672,0.5164378021629,-0.1541300517836,-0.3466683695831,-0.5505882727067,0.2714679559338,0.4036558009072,0.1062253521927,0.2323624385221,0.2471372420781,0.2014574017121,-0.1384056169127,0.6331519870849,0.3990162188130,-0.2385450126558,-0.0302708586186,-0.1729561990709,0.3331088999445,-0.1434645875774,-0.0308220350996
0.3641479955978,0.2768210200190,0.2984389899327,1.0000000000000,0.2021593300970,0.0682802098598,0.2706789344577,0.2662897503837,0.2205331064052,0.2817334086393,0.2097407567508,0.2152018491689,0.1847261125778,0.2488778610943,0.2621117321667,0.1318601349280,0.2568320155446,0.2468618502830,0.0770765876191,0.1262212705780,0.5582064613639,0.3648237925679,0.4075241522901,0.3000420369375,0.2926311226514,0.5116422990964,0.4010878483058,0.3061269340663,0.2098182574985,0.2640466066612,0.3281355576237,0.3287447567619,-0.0040023058602,0.2275265330717,0.4321161124648,0.2158458420264,0.2053222114823,0.1385546355010,0.8924395776150,0.0630508731403,0.0640022325379,0.1450483158727,0.0739925566702,0.1532320050875,0.2345648807858,0.0338113862475,0.0766134282868,0.2355464112805,0.0897422323029,-0.0329881852209,0.1107765945299,0.3904865209787,-0.0501921881538,-0.0620002325422,-0.1469499109578,0.3058148407893,0.3653995746261,0.4091993691371,0.2413143910586,0.1337071841731,0.3053540974149,0.1844820639812,0.2641998450863,0.1728399330909,0.0301199244755,0.1376851875806,-0.1546699466772,0.0886880165124,0.1094226132245,0.3325025510913
0.3509424788356,0.3083045767813,0.3995776201718,0.2021593300970,1.0000000000000,0.0239009965648,0.1672076485898,0.5187039663345,-0.0093170103030,0.4580613368659,0.4162912981172,-0.1060196612293,0.5597700028267,0.0104093066269,0.1587379176345,-0.0928483699555,0.3064901954782,0.3463796614964,0.0826445697397,0.1749451739861,0.6428047420250,0.3989210653134,0.3997755184030,0.3696354595491,0.6615271983592,0.2888085680848,0.3212379936702,0.3165138759847,0.5550246159246,0.2498027848907,0.4335573526716,0.1944107907879,0.0995204382609,0.2067726055141,0.1949345995753,0.0276912554127,0.1452834869318,0.1380789617101,0.2120014044371,0.8365935418418,0.1593336731243,-0.0820578069955,0.3725424852042,-0.1380292380076,0.4779628254435,0.1007615091788,-0.2124858474067,0.5010028354740,-0.1184386278967,-0.1253451939520,-0.0569874328683,0.2981673532009,0.0385348319797,-0.2575227286750,-0.3261994639880,0.6506932328223,0.3630166414506,0.3388718847845,0.1309616920629,0.5488729445385,0.1792831806987,-0.0072908868109,0.2802960172882,0.5742511568445,-0.0427854917452,0.0851858684589,-0.1894734898830,0.2334542170483,-0.0300677668506,0.0338362964732
0.0632946193922,0.1693237350594,0.2716499383236,0.0682802098598,0.0239009965648,1.0000000000000,0.1985985702704,0.2226343043357,0.2486013551373,0.0388499649790,-0.0409543579266,-0.0995784122126,0.1263975834771,0.2459445989442,0.2017386798766,0.2200456577816,0.0439848228749,0.2473502810407,0.2182727620941,0.2801217736405,0.0731161524543,0.3601949947181,-0.0715512038717,0.3725282648837,0.0679742003126,0.3139349849714,0.3712458505221,0.3664264682793,0.1740000553622,0.3419304793394,0.2556012336590,0.3947022356282,0.5159307081631,-0.0193682426375,0.2442534325865,-0.0808435925563,0.0858309990506,0.0312918924853,0.0596858974824,-0.0891037238473,0.6887059026523,0.0462423863787,-0.1202212423465,-0.0293476825060,-0.0521976667799,-0.2124222576491,-0.2582436744798,0.0043331475032,0.1063261489338,-0.1506882681768,0.1760448970873,0.0776993807213,-0.1805732846981,-0.2979492338479,-0.3708172914132,0.0908911981227,0.1025076991276,-0.1550296456276,0.0461936253124,-0.1194338256973,0.1099000387968,-0.1970565320559,0.2623017016934,0.0543352977392,0.0696507986101,-0.1235857584242,-0.0769445295040,0.5030081995001,-0.0552883536201,-0.0959739542982
0.2167884618980,0.1315708018349,0.0327546485111,0.2706789344577,0.1672076485898,0.1985985702704,1.0000000000000,-0.0441623203409,0.5411028484100,0.0775300730138,0.5865065340816,0.2633320497115,0.5813677774758,0.2639010334646,0.2322074479718,0.5187846008427,-0.0047433858318,0.0074633912712,0.2076285945727,0.0502454818247,0.4013537028881,0.0471479952973,-0.0107243051624,0.0800055670590,-0.0219330388092,0.1920148312714,0.2100217457784,-0.0184107157194,0.1567040280076,0.3948686699777,0.0817640776065,0.2602554312766,0.1020518870878,0.2069127429865,0.2540145370447,-0.0046500355822,0.0530863013291,-0.1175674140471,0.2726948623810,0.2682854066436,0.2621560142347,0.7201275091736,-0.2137847951320,0.3148242801685,0.1192362013219,0.5204052041574,0.1682989573195,0.6462147225989,0.1308057288491,-0.0087818047485,0.4787706840985,0.0867481907190,-0.1688891346164,0.0812981566628,-0.2297200107720,0.3596198309289,-0.1171628250823,-0.0358586593799,-0.0418343206189,0.0306688897767,-0.1176900967898,-0.0864828781714,0.0293692111965,0.1205569399052,0.2574608245160,-0.0613085378047,-0.0307487178379,0.1179116738824,0.1227888997618,0.1340655277208
0.2356387737152,0.1327614857819,0.7309369985480,0.2662897503837,0.5187039663345,0.2226343043357,-0.0441623203409,1.0000000000000,0.1800931844129,0.5274838763975,0.1356994951880,-0.0736098864977,0.2622541588205,0.2805221289553,0.2900975530124,-0.0789793403376,0.3763131260780,0.4523758681310,0.2931286509992,0.3868621030976,0.3633055493223,0.5713881030546,0.3050149459501,0.5205611851325,0.6878634187661,0.4619724705469,0.4737556769286,0.5863725039916,0.5679585329327,0.1544087566040,0.5556220143064,0.4103790451538,0.0920057802017,0.0507354828166,0.0972626567653,-0.1763317255099,-0.1231485382833,0.2383042243607,0.2364655470475,0.3641864475850,0.1768227910018,-0.2733412332224,0.4301975912760,-0.1648034459520,0.4126431493137,-0.2576869078642,-0.3410513031087,0.1209610877263,0.0943350911437,-0.2329897178724,-0.0923796022331,0.3564188890516,-0.1941891800774,-0.3862194209400,-0.4244333381198,0.3068930590178,0.3124569288703,0.1473739695381,-0.0322493091608,0.3634791154615,0.1443181729538,-0.1412583690529,0.3517489449721,0.4533949778813,-0.2503493046609,-0.1083321077881,-0.1033110886887,0.3217792313030,-0.2556369144955,-0.1798270563879
0.0955075508814,0.0135161804174,0.2437910032586,0.2205331064052,-0.0093170103030,0.2486013551373,0.5411028484100,0.1800931844129,1.0000000000000,0.1083369537420,0.3973356272295,0.3781682638268,0.2748851153132,0.4966893536183,0.3471513633828,0.6851429746241,0.0540691736817,0.0148812480925,0.3599364143746,0.1017252113183,0.1924461457177,0.1632673738373,0.0339826637004,0.1749613719484,-0.0026819797135,0.1975609209944,0.1341758516107,0.0273634370375,0.2586342577443,0.1759899312492,0.2454843775039,0.1171407182405,0.1099704439370,0.1504855677701,0.1798803792109,-0.3290230240627,-0.1872959571302,-0.1040453149232,0.2001890468906,0.0097321133294,0.3100923723523,0.5970095700689,-0.2298133437934,0.6026659263168,-0.0245849474250,0.2796772718945,0.1988194084973,0.2652825516092,0.3614773335029,-0.1465105513314,0.4901734699443,0.1426348041570,-0.2917502159692,0.1092303153308,-0.3685387728031,0.1392352216654,-0.0536660904688,-0.1129256537449,-0.1082372335966,-0.0913135032237,-0.2500536056264,-0.2744155414500,-0.0675819899283,0.1556042173257,-0.0873334893681,-0.0503473116994,0.0060739093006,0.0468550104642,0.0638914372041,0.0599061963965
0.1985968568437,0.0893349511775,0.2530901214218,0.2817334086393,0.4580613368659,0.0388499649790,0.0775300730138,0.5274838763975,0.1083369537420,1.0000000000000,0.0536088590581,0.1324018880412,0.2928683851674,0.4688821189525,0.1583321418895,0.1497241307761,0.1555118618205,0.1173979977864,0.0895517679287,0.0449215618699,0.3933923260721,0.0847051749036,0.4490178254801,0.1013661967981,0.5596413476341,0.4692059782229,0.0408344718406,0.1492827193296,0.0431048089853,0.0619407883168,0.0283631457464,0.1405580424517,-0.0189804820295,0.1664275556228,0.0158708880795,0.0810672714808,-0.0765444446118,-0.1744437790873,0.3475812249824,0.3256905733367,0.0348489473750,0.0014196034657,0.3169072530087,0.0656205293671,0.7829379452382,-0.0054008846536,0.0934271012926,0.2856256929624,0.3886014462538,0.1670893030692,0.1132023261181,0.1998645334414,-0.1423301141271,0.0636644393838,-0.0304502528118,0.3299230391883,0.0247204577673,0.2716227219145,-0.1475281900076,0.5053057163821,0.2657465958837,-0.0483437944119,-0.0026858944106,0.0016749401190,0.0662591125707,-0.3049602413760,0.0103212630972,0.1116187077300,0.0683527181656,0.0558915880318
0.3397205591676,0.2576151587435,0.2023497326831,0.2097407567508,0.4162912981172,-0.0409543579266,0.5865065340816,0.1356994951880,0.3973356272295,0.0536088590581,1.0000000000000,0.0886006585834,0.7132423333359,0.0628638070107,0.2736112099400,0.2109245601333,0.2462856075796,0.2407561905048,0.2450344757847,0.2004913839278,0.5546340370524,0.2867005892343,0.0382070820838,0.3205334625821,0.1612543616048,0.2359019496066,0.2607662060999,0.1889882680651,0.4596916422111,0.3574704892494,0.3520864862318,0.0594720751832,0.0459766253715,0.3889132726852,0.3660394108880,-0.1163435752062,0.1314346394550,0.0374584687656,0.2386700998983,0.5447244670974,0.0834321178843,0.4385407480542,-0.1270952727635,0.1242232715511,0.0736155990658,0.7057487576362,-0.0722316398075,0.7422659356781,-0.0821148576405,-0.1826244347688,0.2594807933496,0.2503710732393,-0.0389209770727,-0.0987664963285,-0.3301728625409,0.5622882844018,0.1479299393520,0.0076656561618,0.2000915099121,0.1100390913635,-0.0204864444944,-0.2129425740132,0.1784229356999,0.4359652719259,-0.0158954905614,0.0433933303222,-0.2174025393284,0.0634654559607,0.2280290289742,0.2109200304006
0.2307900429323,0.0961015468860,0.0181991368007,0.2152018491689,-0.1060196612293,-0.0995784122126,0.2633320497115,-0.0736098864977,0.3781682638268,0.1324018880412,0.0886006585834,1.0000000000000,0.0060309256953,0.5338671154047,0.4180455850679,0.4032957609623,0.0596373233217,-0.0983870462066,0.4180493462382,0.0452792910818,0.0561694841572,-0.0403618581673,0.1355473983607,-0.0602989422184,-0.0138065662527,0.1679685442080,0.0700660109963,-0.0224049588357,-0.1413549424835,0.2166895054104,0.0189540467334,0.0687640688603,-0.2694969669583,0.2216387439534,0.0971019855451,0.1473987751985,-0.0094133664003,-0.0724498847403,0.2968107466133,-0.1375327499943,-0.1470834425878,0.3455192356904,-0.1415264497964,0.3983052775647,0.0114277684794,0.0968211276691,0.7032345539509,0.0386444989531,0.4673553490068,0.3306580790752,0.2935693035197,0.1579322088479,-0.1949254537602,0.6546239058495,0.2077773136535,-0.0402250233930,-0.1875975009216,0.0792711326030,-0.1220121526254,0.1060947385516,0.0497685182925,0.1523516774911,0.0564361958278,-0.1826880606184,0.1627030595409,-0.1293758848529,0.5864086828241,-0.2902759204956,0.0773214219626,0.1911644474357
0.4092303057646,0.3793945323455,0.2955354780097,0.1847261125778,0.5597700028267,0.1263975834771,0.5813677774758,0.2622541588205,0.2748851153132,0.2928683851674,0.7132423333359,0.0060309256953,1.0000000000000,0.1092369282919,0.2345124776712,0.1467413317630,0.2328209266496,0.4097476803904,0.2253788556435,0.3078980042080,0.6726873217183,0.3194487411709,0.1178640075086,0.3955250357329,0.2844821339659,0.2782230293401,0.3293788924138,0.2093341581183,0.4493034011825,0.4175089971899,0.3769401837112,0.1662062606813,0.1618667412890,0.5031333022701,0.3714163501167,-0.0624384460611,0.1982313795694,-0.0921851969106,0.2522383645496,0.6126545543690,0.1972392535225,0.2484529771034,-0.0192026693993,-0.0847797607717,0.2271241705104,0.4237929420240,-0.1604352454297,0.8598876455448,-0.0822250963554,-0.2016004771790,0.1691550825225,0.3073166807258,0.0568904196670,-0.1999956208231,-0.3572603748019,0.7609215302273,0.0916796926152,0.0442285093067,0.1319916932514,0.1945149765862,-0.0082844080234,-0.2802891463619,0.1511407314847,0.3930718636711,0.0926215387312,-0.0798138261802,-0.1635830416739,0.2016985089415,0.2777252750136,0.1550820733990
0.0163557959657,-0.0808933251642,0.2727540289123,0.2488778610943,0.0104093066269,0.2459445989442,0.2639010334646,0.2805221289553,0.4966893536183,0.4688821189525,0.0628638070107,0.5338671154047,0.1092369282919,1.0000000000000,0.2904084206983,0.5008911863375,-0.0199028942193,-0.0589562438279,0.3963580135454,0.1088678181898,0.1551954817622,0.0733667215001,0.0022483482111,0.0747340179451,0.1128338391653,0.5476477909552,0.1334045476496,0.2625542910277,-0.0553903376657,0.1928529410564,-0.0100026420065,0.2379563062859,-0.0097193357944,0.0467636291599,0.0065842420879,-0.1114153768769,-0.2636631478735,-0.0735519092373,0.2409769596473,-0.0470774480015,0.1694091496114,0.3250125762804,-0.0849785260560,0.3927970251540,0.2320428603720,0.0106459758381,0.3927213086706,0.1707816962177,0.8440621814895,0.1566881364630,0.4770866171583,0.0631880123531,-0.3963668202124,0.3347323304900,-0.0826527770486,0.0735590890414,-0.1325921951070,-0.1835093740495,-0.2189445022640,0.0184419808510,0.0823895670251,-0.1289409935836,0.1410083788034,-0.1720670588922,0.0542361657802,-0.3692385435888,0.2540635065480,-0.0288336366089,-0.0085985562903,-0.1150876674295
0.6774602253123,0.1877318604947,0.3687257284085,0.2621117321667,0.1587379176345,0.2017386798766,0.2322074479718,0.2900975530124,0.3471513633828,0.1583321418895,0.2736112099400,0.4180455850679,0.2345124776712,0.2904084206983,1.0000000000000,0.1865115833060,0.2578194927706,0.5076321601435,0.7082214657697,0.5828612854420,0.2529982278502,0.4497104311619,0.1769059233158,0.4376204027481,0.2485334525899,0.4643046202397,0.4340150317782,0.4328728353702,0.1197914953635,0.6300389774832,0.4789896063030,0.3084234618164,0.0734314587600,0.2169893933425,0.3066936460362,0.3475171745612,0.0097903942874,0.1380351082233,0.2804666873627,-0.0026906452578,0.2530385164622,0.0786190189610,-0.0256398544813,0.0799374495544,0.0989283862422,0.0659483646115,0.0024164715340,0.1043077926099,0.0658558898828,0.3298771055920,0.1237650497147,0.2751298750787,-0.2406313289174,0.0209573102663,-0.1710259178340,0.0933681637131,0.0505068800340,0.0617464451928,0.0122547574191,0.1923441982437,0.2769051065217,-0.1011017370361,0.3704429881110,0.0406502264954,-0.0223881442864,-0.2110989676417,-0.0081616055165,0.2965401283560,-0.1207681822414,0.1225814685163
0.0129018450916,0.0213866431138,0.0497199880159,0.1318601349280,-0.0928483699555,0.2200456577816,0.5187846008427,-0.0789793403376,0.6851429746241,0.1497241307761,0.2109245601333,0.4032957609623,0.1467413317630,0.5008911863375,0.1865115833060,1.0000000000000,-0.0064694787896,-0.2171249003329,0.1414481987846,-0.1365639577948,-0.0033161496778,-0.0786091453302,0.0310655646015,-0.0404183361826,-0.0287347277011,0.1666269475540,-0.0190577636483,-0.1406394643818,-0.0114977623719,0.2424829136180,-0.0135115871325,0.0165581099117,0.1134720333569,0.0735049153163,0.1115298671381,-0.1432037894526,-0.0673268001033,-0.1002758590387,0.1535441321699,-0.1165652056873,0.3656911690217,0.6953478066655,-0.1552568182986,0.6210333204400,0.0826456334718,0.2910684511549,0.4151511254587,0.1527905082974,0.4627329995463,0.1502216449993,0.7486374420274,0.0422995165971,-0.2083507439318,0.3384351011994,-0.1470874924990,-0.0474203084145,-0.1599627516283,-0.0595476299248,-0.1133825279042,0.0609260940949,-0.1588078960435,-0.0703269748553,-0.0579599309344,-0.0489572219457,0.2233222845035,-0.0495095317948,0.0430569364490,-0.0514784452528,0.1477278799933,0.1391791756659
0.4239309716191,0.4423561558736,0.4852258116566,0.2568320155446,0.3064901954782,0.0439848228749,-0.0047433858318,0.3763131260780,0.0540691736817,0.1555118618205,0.2462856075796,0.0596373233217,0.2328209266496,-0.0199028942193,0.2578194927706,-0.0064694787896,1.0000000000000,0.3708126821303,0.0874340602725,0.1752243163527,0.2828349559598,0.5634217901004,0.5231333766248,0.5415312021014,0.5183753054143,0.2742497620638,0.3703154784102,0.3174799950277,0.5145278961161,0.1767816082687,0.4989963462554,0.1147113630338,0.0009259350393,0.3340837486048,0.3971993607679,0.0766806678617,0.3435901390102,0.2439007331678,0.2971046931226,0.1455169785958,0.0687763658036,-0.1000141466669,0.1545942772830,-0.1139329001170,0.1825726783165,0.0165758183143,-0.1425002613681,0.0784066529486,-0.1471603442532,-0.1472448230113,-0.0675533284441,0.8455434064324,0.1134619353475,-0.2186229278953,-0.1966096105871,0.1801183889266,0.5753823177616,0.4418337239806,0.4895142743629,0.3944600034068,0.1456628987872,0.0539968835642,0.2635926536034,0.4755661056594,-0.0271167914177,0.2385383044551,-0.0858770974611,0.0447297630479,0.0676030363799,0.3040036505321
0.5380671458778,0.5017201402049,0.5930378046128,0.2468618502830,0.3463796614964,0.2473502810407,0.0074633912712,0.4523758681310,0.0148812480925,0.1173979977864,0.2407561905048,-0.0983870462066,0.4097476803904,-0.0589562438279,0.5076321601435,-0.2171249003329,0.3708126821303,1.0000000000000,0.4831984992431,0.7782560275795,0.4207263784028,0.6760926902160,0.2059986485587,0.7909255272363,0.3321054927574,0.4397745840881,0.6549043576414,0.6021725238221,0.4564235868521,0.5302174938951,0.7354889188599,0.2796157095392,0.2049287413261,0.3616525629226,0.5794354846278,0.1556368766824,0.3472894970473,0.1676004575854,0.2683053189829,0.2125645885336,0.2209979267495,-0.3085833132542,-0.0707572907302,-0.4223885585193,0.0224437820229,-0.1500808063567,-0.4923311260854,0.1896629158387,-0.2908376764269,-0.2914289240953,-0.2336850741811,0.4304229332898,0.1603409220467,-0.4976370661379,-0.2950103618441,0.4093193762171,0.3508201694239,0.1416885960832,0.3691154405402,0.0603818871503,0.2673712132157,-0.1748780694618,0.4063693444264,0.2846227000775,-0.0657428454992,0.0319402349186,-0.3115335812132,0.3851399242719,0.0406862436982,0.1736109681540
0.3720440239781,0.0722607422294,0.4304361515030,0.0770765876191,0.0826445697397,0.2182727620941,0.2076285945727,0.2931286509992,0.3599364143746,0.0895517679287,0.2450344757847,0.4180493462382,0.2253788556435,0.3963580135454,0.7082214657697,0.1414481987846,0.0874340602725,0.4831984992431,1.0000000000000,0.7268210887963,0.1575995142107,0.4233184522598,-0.0843911363860,0.4726168465340,0.0948673601056,0.3901697184258,0.4445798087870,0.5035821678906,0.2002750590909,0.5353810152909,0.4051570448750,0.2618342575737,0.0712793353409,0.1787738502615,0.2270692401264,-0.0353964556369,-0.1663578994494,0.1287871745677,0.0685943383701,0.0032086510905,0.1968999593742,0.0553766176484,-0.2393372442176,-0.0020441123402,-0.0597481703311,-0.0350244294728,-0.0488069403208,0.1196149932858,0.2178141282569,0.0705111297913,0.0600992191065,0.1346420681292,-0.3846114258664,0.0723685219019,-0.2127400813920,0.1200782474944,-0.0871606083512,-0.1974187510139,-0.0955699789530,-0.0585194044604,0.0682332999027,-0.2822988387121,0.3581595278605,0.0057806402136,-0.1058981716968,-0.3466252027765,0.1259328716621,0.2815927882119,-0.1150765387786,-0.0796110697454
0.3896400980570,0.2259653459996,0.5070926808914,0.1262212705780,0.1749451739861,0.2801217736405,0.0502454818247,0.3868621030976,0.1017252113183,0.0449215618699,0.2004913839278,0.0452792910818,0.3078980042080,0.1088678181898,0.5828612854420,-0.1365639577948,0.1752243163527,0.7782560275795,0.7268210887963,1.0000000000000,0.2348713732633,0.5497506997466,-0.0214401915110,0.6395682605302,0.1685398184088,0.4209243856415,0.5769052459285,0.6052644503164,0.3171897496592,0.5010666819699,0.5598908570979,0.3092420493500,0.1261393745905,0.2518487496673,0.4067100915552,0.0245848907536,0.0285466054487,0.1946090113719,0.1249021651321,0.0651226634335,0.2089983439699,-0.2302816293951,-0.1428925276114,-0.3133336918262,-0.0661479741895,-0.1761894961654,-0.4027091187313,0.1386703886741,-0.0827239503475,-0.1217053181702,-0.1293381808686,0.1886279096510,-0.0941332353778,-0.2998302478056,-0.2066100696864,0.2442810550055,0.0974194356870,-0.1256767795721,0.0900287812597,-0.0695096271389,0.2106363281715,-0.2758016660714,0.4212254739330,0.1181179564320,-0.1415431282052,-0.2429287288259,-0.1376017034117,0.3549435179366,-0.1178467193400,0.0006339516383
0.4127957069579,0.3803441906066,0.3111566131527,0.5582064613639,0.6428047420250,0.0731161524543,0.4013537028881,0.3633055493223,0.1924461457177,0.3933923260721,0.5546340370524,0.0561694841572,0.6726873217183,0.1551954817622,0.2529982278502,-0.0033161496778,0.2828349559598,0.4207263784028,0.1575995142107,0.2348713732633,1.0000000000000,0.4252059959426,0.3466617728094,0.4371843385115,0.3957177360490,0.4176250190164,0.3658928112091,0.2994479872711,0.4205109488595,0.3713292184955,0.4488336334561,0.2345433743835,0.1104558073353,0.3347354001616,0.4596183229119,0.1000948880762,0.2557190437375,-0.0370797701093,0.6014938012932,0.6295429271493,0.0727244731746,0.1379149517644,0.0039340948619,-0.0662332972258,0.2945680528871,0.2221825434537,-0.1006815111775,0.7078552956243,-0.0477441028038,-0.2329940041215,0.0633256902151,0.3847834361644,0.0447092121175,-0.1983557559162,-0.2173141362118,0.8428851562551,0.3577122750366,0.2987388005503,0.2929120364549,0.2005092985828,0.1695281474336,-0.1007148234859,0.1525988542127,0.3835321327196,0.0197159252475,0.0684848347794,-0.2376142947944,0.1302134564658,0.1684868765768,0.2125333452020
0.4090145290977,0.4635548846035,0.7495373803231,0.3648237925679,0.3989210653134,0.3601949947181,0.0471479952973,0.5713881030546,0.1632673738373,0.0847051749036,0.2867005892343,-0.0403618581673,0.3194487411709,0.0733667215001,0.4497104311619,-0.0786091453302,0.5634217901004,0.6760926902160,0.4233184522598,0.5497506997466,0.4252059959426,1.0000000000000,0.2014667071981,0.9207452621157,0.4816715084946,0.5741969151767,0.7721424755017,0.7808746261299,0.6846314734767,0.5164386340564,0.8150420978565,0.3818234546815,0.2665679554667,0.2931285156443,0.5406491891674,-0.0953729926826,0.2758552953537,0.3597910012046,0.3320513026872,0.1795725486024,0.3973810217133,-0.2354704812962,-0.0311945569061,-0.2308011312944,0.0072275954921,-0.2566736995258,-0.5190605570411,0.0807399558197,-0.1733414948407,-0.3912279418295,-0.1464427176463,0.6102247427250,-0.1564256511090,-0.5735299679368,-0.6174650480821,0.2906110305966,0.6257000849692,0.1580350513397,0.4686447608955,0.1351402708339,0.2890442968215,-0.2130487275159,0.6294063714830,0.5012613233121,-0.2043766036025,0.0998579552696,-0.2417083982456,0.4754961482286,-0.1342988752702,0.0475570686405
0.3563096445361,0.4692358604795,0.1869618254847,0.4075241522901,0.3997755184030,-0.0715512038717,-0.0107243051624,0.3050149459501,0.0339826637004,0.4490178254801,0.0382070820838,0.1355473983607,0.1178640075086,0.0022483482111,0.1769059233158,0.0310655646015,0.5231333766248,0.2059986485587,-0.0843911363860,-0.0214401915110,0.3466617728094,0.2014667071981,1.0000000000000,0.2049495527056,0.5513084006928,0.1591999591015,0.1455578092150,-0.0549329641274,0.3399728806102,0.0432153753528,0.4074949717373,0.0519807744602,-0.1726713899269,0.2419377994944,0.2683371034776,0.1698338932323,0.3382008143543,-0.0721795409683,0.4595164143150,0.2362313888105,-0.1271252602482,-0.0575845438695,0.2885747898198,-0.0203946149972,0.4731670734245,-0.1110485457549,0.1007253922067,0.0961508002119,-0.1141953977999,-0.0333127691061,-0.0612286881453,0.5328897432115,0.2010009302582,-0.0084567470476,0.0552936289724,0.2281377555394,0.3231996028326,0.8643937978793,0.2195177425446,0.5412496505790,0.0973659623141,0.2118436528518,-0.1085555071881,0.3998558760903,0.0985088178063,0.3934525979156,-0.0290200052947,-0.1395993597996,0.0247264804708,0.4173124164495
0.4214273375923,0.5525003185357,0.7409307080277,0.3000420369375,0.3696354595491,0.3725282648837,0.0800055670590,0.5205611851325,0.1749613719484,0.1013661967981,0.3205334625821,-0.0602989422184,0.3955250357329,0.0747340179451,0.4376204027481,-0.0404183361826,0.5415312021014,0.7909255272363,0.4726168465340,0.6395682605302,0.4371843385115,0.9207452621157,0.2049495527056,1.0000000000000,0.4175863186548,0.5492968645709,0.7414643627237,0.7502527853784,0.6666106835107,0.5574234317445,0.8383604325920,0.2959569080770,0.2948320863952,0.3557315851114,0.5961710766449,-0.0498880719563,0.3618908458496,0.2781200650548,0.2923952632988,0.2015801067808,0.3872309463755,-0.2131927406112,-0.1510704362970,-0.2870041943171,-0.0314952445935,-0.1954398909209,-0.5204431081439,0.1597244026440,-0.1912662424912,-0.4339385052564,-0.1266431829799,0.6279960044079,-0.0895371398371,-0.5590803304615,-0.5255960390681,0.3752861788949,0.5793619935358,0.1341216498993,0.5500382084901,0.0721165560772,0.2537156091293,-0.2782945241687,0.5437355391288,0.4465250200928,-0.0996555805307,0.0879766737310,-0.2779213621017,0.4385608917751,-0.0135228524508,0.0821551024994
0.3482217906018,0.4273067049349,0.5576297452123,0.2926311226514,0.6615271983592,0.0679742003126,-0.0219330388092,0.6878634187661,-0.0026819797135,0.5596413476341,0.1612543616048,-0.0138065662527,0.2844821339659,0.1128338391653,0.2485334525899,-0.0287347277011,0.5183753054143,0.3321054927574,0.0948673601056,0.1685398184088,0.3957177360490,0.4816715084946,0.5513084006928,0.4175863186548,1.0000000000000,0.4768574412798,0.4654687582436,0.4298135730957,0.5793758634530,0.1899033216249,0.4643723798774,0.2629325232854,0.0171219540652,0.1886055550913,0.2085853821652,0.0052474482236,0.2424268656378,0.2609709615035,0.3315507146855,0.3599219290885,0.1464775378599,-0.2137874503347,0.4884947211068,-0.1692148070852,0.5464895947162,-0.1551851506072,-0.2300017486516,0.1133602878945,-0.0516450762281,-0.0744454371762,-0.0644958204518,0.4884112694026,-0.0260466877058,-0.2949256211536,-0.3601715323307,0.2941995105210,0.4184874158167,0.5006665614121,0.1602004138168,0.7718788335314,0.3166776604589,0.0857676704422,0.3748075468877,0.5904903002884,-0.1175377943019,0.1005507753197,-0.1045149212964,0.2212371357114,-0.1385881783320,0.1123174541462
0.3197183417360,0.3365890341861,0.5438133214813,0.5116422990964,0.2888085680848,0.3139349849714,0.1920148312714,0.4619724705469,0.1975609209944,0.4692059782229,0.2359019496066,0.1679685442080,0.2782230293401,0.5476477909552,0.4643046202397,0.1666269475540,0.2742497620638,0.4397745840881,0.3901697184258,0.4209243856415,0.4176250190164,0.5741969151767,0.1591999591015,0.5492968645709,0.4768574412798,1.0000000000000,0.6272515980019,0.7128772468236,0.2669616416971,0.4620799651306,0.3982253689395,0.3903445405042,0.1811533429557,0.2523006511186,0.4544812587346,0.0998239702169,0.1565162081498,0.2273822883128,0.4750946605324,0.0583508588045,0.3475607400211,0.0077237956142,0.0234413500590,0.0174856309252,0.3186322507700,-0.0678670117983,-0.1781387691340,0.1745504885878,0.3102551801767,0.0124467090193,0.1461419107712,0.3529000694365,-0.2776658896005,-0.2077896515629,-0.3626202140648,0.2665952784216,0.2880455608354,0.0617013451997,0.1737106779520,0.2117836786241,0.6047404739417,-0.0464826513480,0.5768863875637,0.1239216209476,-0.0562938498351,-0.2183664542902,-0.2549030252633,0.3672169656940,-0.0096098088405,0.1255726253658
0.3431798881454,0.5037190364676,0.6789858818713,0.4010878483058,0.3212379936702,0.3712458505221,0.2100217457784,0.4737556769286,0.1341758516107,0.0408344718406,0.2607662060999,0.0700660109963,0.3293788924138,0.1334045476496,0.4340150317782,-0.0190577636483,0.3703154784102,0.6549043576414,0.4445798087870,0.5769052459285,0.3658928112091,0.7721424755017,0.1455578092150,0.7414643627237,0.4654687582436,0.6272515980019,1.0000000000000,0.7735544879236,0.5797883964661,0.5657469074694,0.7265848837749,0.5706843619178,0.2214499706315,0.2653684570147,0.5105175844333,-0.0237703484060,0.3325440839441,0.3244707335053,0.3604722791165,0.0815431086611,0.3583301562389,-0.1463359864085,-0.0378967928682,-0.2686954276770,-0.0453407965504,-0.2322806916911,-0.4065354004345,0.1053387241745,-0.1595984481446,-0.3049007682669,-0.1160250425575,0.4574394824619,-0.1325621024635,-0.4461140541734,-0.5765599816912,0.2603434902296,0.3462888399769,0.1601334898864,0.2552503485149,0.1059798423976,0.3377300955637,0.0735135936812,0.6712736798891,0.4039038294353,-0.1145199196873,0.0654828781127,-0.1443777270122,0.4537597387352,-0.1302588923132,0.0682083507349
0.2320100042208,0.2312454746115,0.7381829376231,0.3061269340663,0.3165138759847,0.3664264682793,-0.0184107157194,0.5863725039916,0.0273634370375,0.1492827193296,0.1889882680651,-0.0224049588357,0.2093341581183,0.2625542910277,0.4328728353702,-0.1406394643818,0.3174799950277,0.6021725238221,0.5035821678906,0.6052644503164,0.2994479872711,0.7808746261299,-0.0549329641274,0.7502527853784,0.4298135730957,0.7128772468236,0.7735544879236,1.0000000000000,0.4486342493550,0.4169842122846,0.5792578611740,0.5023791224502,0.2373184592709,0.0945712528320,0.2921960739419,-0.0639784707249,0.0495141406115,0.4684186943165,0.2438479135869,0.1109391815401,0.3571614858417,-0.2957686607401,0.0094885649188,-0.2525901336808,0.0062804476909,-0.2611311937016,-0.4723676928904,0.0249421442404,0.0259477369075,-0.1936776022770,-0.1417384145371,0.3608670798173,-0.3397639914311,-0.4466462497420,-0.5189974904676,0.2177846586033,0.3881122249880,-0.1065947088601,0.2357102780229,0.0335297387467,0.4228689705576,-0.1473649003974,0.8279513014965,0.2778267117992,-0.3099674798625,-0.2244029338320,-0.1605391246993,0.5267014438430,-0.2437786856706,-0.2026720122986
0.2029016472497,0.4475373301477,0.5970188824279,0.2098182574985,0.5550246159246,0.1740000553622,0.1567040280076,0.5679585329327,0.2586342577443,0.0431048089853,0.4596916422111,-0.1413549424835,0.4493034011825,-0.0553903376657,0.1197914953635,-0.0114977623719,0.5145278961161,0.4564235868521,0.2002750590909,0.3171897496592,0.4205109488595,0.6846314734767,0.3399728806102,0.6666106835107,0.5793758634530,0.2669616416971,0.5797883964661,0.4486342493550,1.0000000000000,0.2225438124934,0.7513885849453,0.2420481057157,0.0821430067038,0.2472588916523,0.3735009912482,-0.3895809713205,0.2413500522372,0.2600596905998,0.1820152910419,0.4493421956584,0.2117034487135,-0.0638016553834,0.0951136353585,-0.1441639541557,0.0524745355931,-0.0770278566657,-0.4367576352955,0.2946341864003,-0.2425699709281,-0.5885153030578,-0.0731140600359,0.5397525617100,-0.0123369588022,-0.4997815915160,-0.5878211343939,0.4459413160436,0.5016554529935,0.2961820592022,0.3185537701495,0.2467927860911,-0.0823756086341,-0.1697373104979,0.3168986922218,0.8931368819567,-0.2243829285331,0.3645569534766,-0.2143250319691,0.2112177899194,-0.1204521605586,0.0777922317217
0.6177259054749,0.3877200722725,0.3417414986927,0.2640466066612,0.2498027848907,0.3419304793394,0.3948686699777,0.1544087566040,0.1759899312492,0.0619407883168,0.3574704892494,0.2166895054104,0.4175089971899,0.1928529410564,0.6300389774832,0.2424829136180,0.1767816082687,0.5302174938951,0.5353810152909,0.5010666819699,0.3713292184955,0.5164386340564,0.0432153753528,0.5574234317445,0.1899033216249,0.4620799651306,0.5657469074694,0.4169842122846,0.2225438124934,1.0000000000000,0.5137852867914,0.2938050848649,0.3020478131500,0.3453376353919,0.5395628208602,0.2658984913520,0.2842036041974,0.1236964206187,0.2926599338289,0.1010129917669,0.4152477273515,0.1707175261626,-0.1527969474326,-0.0839508196697,0.0480760337932,0.0572555239660,-0.0992399156280,0.2842671735834,-0.0036174661541,0.0608689433952,0.2415923318159,0.2458298881964,-0.0598890234542,-0.1395152972287,-0.2754081341488,0.2564562776989,0.1694885860232,0.0392719246595,0.2384554216028,0.1286729970627,0.2818590690917,-0.0172113085532,0.4339894108171,0.1136482776767,0.4150701916194,-0.0255524894475,-0.1474688240152,0.3631005229409,0.1434637912150,0.1860602693755
0.4335477855627,0.5926880058316,0.6895997302500,0.3281355576237,0.4335573526716,0.2556012336590,0.0817640776065,0.5556220143064,0.2454843775039,0.0283631457464,0.3520864862318,0.0189540467334,0.3769401837112,-0.0100026420065,0.4789896063030,-0.0135115871325,0.4989963462554,0.7354889188599,0.4051570448750,0.5598908570979,0.4488336334561,0.8150420978565,0.4074949717373,0.8383604325920,0.4643723798774,0.3982253689395,0.7265848837749,0.5792578611740,0.7513885849453,0.5137852867914,1.0000000000000,0.2803156203271,0.1938547188459,0.3017570703060,0.5681321082325,-0.0859575328660,0.3688914265840,0.2498095472191,0.3243622313493,0.2606607567017,0.2695364250112,-0.1620932312888,-0.0127048414996,-0.2182461476552,-0.0511583757052,-0.2089163485879,-0.4090565365607,0.1603379053492,-0.2921733886404,-0.4429562082902,-0.1080140095820,0.5670855180956,0.0459926093244,-0.4697505712633,-0.4993488990878,0.3771546406981,0.4980779884654,0.3395683772276,0.4187535303231,0.1384556382654,0.1024392481719,-0.1491387079927,0.4201748821666,0.6027752283474,-0.0930755942106,0.3599523587348,-0.2363236635125,0.2960703341502,-0.0845758101611,0.1694804135651
0.1466376633051,0.0665250951756,0.3423305346219,0.3287447567619,0.1944107907879,0.3947022356282,0.2602554312766,0.4103790451538,0.1171407182405,0.1405580424517,0.0594720751832,0.0687640688603,0.1662062606813,0.2379563062859,0.3084234618164,0.0165581099117,0.1147113630338,0.2796157095392,0.2618342575737,0.3092420493500,0.2345433743835,0.3818234546815,0.0519807744602,0.2959569080770,0.2629325232854,0.3903445405042,0.5706843619178,0.5023791224502,0.2420481057157,0.2938050848649,0.2803156203271,1.0000000000000,0.1915459607159,0.0616600798285,0.1836483524958,0.0178812289346,-0.0179096952985,0.1396835707236,0.2702583289112,0.0550761530597,0.3029540212090,-0.0509881036525,0.0832505436215,-0.1633807657564,0.0644777725396,-0.1312527505527,-0.1509827174559,0.0591129721289,0.0542764315153,-0.0638827971369,-0.0465078180256,0.1968072682298,-0.2744839619188,-0.2069036881238,-0.3277580135708,0.1308291348406,0.0677028975394,-0.0148793456817,-0.1232345582201,0.0371449028262,0.1449114187022,0.0718444983662,0.4433490921744,0.1593947023136,-0.0647009483738,-0.1947310465684,0.1234338145824,0.4519932170696,-0.1313833951479,-0.0482804128252
0.0815139835245,0.1417126403688,0.2120643180114,-0.0040023058602,0.0995204382609,0.5159307081631,0.1020518870878,0.0920057802017,0.1099704439370,-0.0189804820295,0.0459766253715,-0.2694969669583,0.1618667412890,-0.0097193357944,0.0734314587600,0.1134720333569,0.0009259350393,0.2049287413261,0.0712793353409,0.1261393745905,0.1104558073353,0.2665679554667,-0.1726713899269,0.2948320863952,0.0171219540652,0.1811533429557,0.2214499706315,0.2373184592709,0.0821430067038,0.3020478131500,0.1938547188459,0.1915459607159,1.0000000000000,-0.0044348121231,0.3234949879422,0.0495363667504,0.1705962993476,0.0764183667954,0.0430977764404,-0.0008124286745,0.5547267740520,-0.0427965858680,-0.0820546784740,-0.0828804292435,-0.1056847547223,0.0128375725362,-0.3031371643872,-0.0083755455778,-0.0182653609256,-0.1379787762354,-0.0376520640098,0.0101322252735,-0.0164832256558,-0.3290666010991,-0.4272684807801,0.1369992494990,0.0963923379884,-0.1512173372749,0.0800001120321,-0.0718398613710,0.2565001602109,-0.1945000832735,0.2149529923921,-0.0161610188864,0.0976308812287,-0.1056058897976,-0.1695112024005,0.6227629335918,0.1819349501351,-0.1100699536393
0.4306490146376,0.4453121170644,0.2019704885927,0.2275265330717,0.2067726055141,-0.0193682426375,0.2069127429865,0.0507354828166,0.1504855677701,0.1664275556228,0.3889132726852,0.2216387439534,0.5031333022701,0.0467636291599,0.2169893933425,0.0735049153163,0.3340837486048,0.3616525629226,0.1787738502615,0.2518487496673,0.3347354001616,0.2931285156443,0.2419377994944,0.3557315851114,0.1886055550913,0.2523006511186,0.2653684570147,0.0945712528320,0.2472588916523,0.3453376353919,0.3017570703060,0.0616600798285,-0.0044348121231,1.0000000000000,0.5648997124665,0.0852917315998,0.3717063700249,-0.0934393634539,0.2968444023612,0.1835222595892,0.0328741028381,0.0340316512560,-0.1120784015887,-0.0942306631981,0.0361339169692,0.2206093140970,-0.0136101323693,0.3285820802781,-0.0776017336579,-0.1240672524800,-0.0136381448770,0.4793171324252,0.1436116719985,-0.0359144615700,-0.0722540310125,0.3447664933651,0.1909119607824,0.2274768362665,0.3416601385850,0.1992026182535,0.1942219118551,-0.0261338031246,0.0821310346140,0.1871576660475,0.2537503550980,0.0498706811682,-0.0099245218440,0.0803986539824,0.6598540575637,0.5532531898111
0.4451024939928,0.6517631538118,0.3480837661476,0.4321161124648,0.1949345995753,0.2442534325865,0.2540145370447,0.0972626567653,0.1798803792109,0.0158708880795,0.3660394108880,0.0971019855451,0.3714163501167,0.0065842420879,0.3066936460362,0.1115298671381,0.3971993607679,0.5794354846278,0.2270692401264,0.4067100915552,0.4596183229119,0.5406491891674,0.2683371034776,0.5961710766449,0.2085853821652,0.4544812587346,0.5105175844333,0.2921960739419,0.3735009912482,0.5395628208602,0.5681321082325,0.1836483524958,0.3234949879422,0.5648997124665,1.0000000000000,0.0741797814636,0.6184544127378,0.0665215343331,0.4770315010360,0.0540444163394,0.2485653958630,0.0857078991420,-0.2196398415193,-0.1087482899927,-0.0421662961243,0.0880773599612,-0.1736777740199,0.2335019527499,-0.1416854249619,-0.3064864546749,0.0398779190051,0.5005971114039,0.2639568253161,-0.2663101247789,-0.2137010621654,0.3695909532342,0.4140913818192,0.2720115335488,0.5349150856624,0.0629582897171,0.3558863338998,-0.0317418914475,0.2492879291713,0.2688421960527,0.2533250410331,0.2841904647680,-0.2711294326023,0.2154130126869,0.4067576806333,0.6195899576971
