1.0000000000000,0.4740910357133,0.1752083239329,0.2903587105557,0.3681746042554,0.0286981631180,0.3879839591054,0.0295533624128,0.3235803288608,0.3397420960223,0.4823928635403,0.3380178306685,0.5446230574005,0.1946386613450,0.6265363996087,0.0913793382820,0.2675090062881,0.5922330657165,0.3371169699269,0.5383246911698,0.6493425629767,0.3419705764310,0.3713941489858,0.3836637278164,0.0997505344380,0.3170232399468,0.3493705775184,0.0537974912875,0.2216951387782,0.7339645549527,0.5032999251716,0.1658263045329,-0.0735937547379,0.6019650891690,0.5340488073047,0.7220245426929,0.3829872154187,-0.1456583008767,0.3872099319230,0.4406377592185,-0.0097484549060,0.1225584323708,-0.0439135387918,0.0329403558925,0.2945817196035,0.3112336167207,0.0619186267208,0.5081253854225,0.0441929447674,0.2120498179244,0.1267297393137,0.2320773157142,0.4819337816832,0.1493790663827,0.2226299807167,0.6112791527776,0.2078759307971,0.2895871542572,0.1746686203593,0.0998125460710,0.2630117064911,0.1290482152813,-0.0142367861164,0.1636994656765,0.5185372419638,0.1736676846108,0.0795283509660,-0.0039668911240,0.4563139818167,0.5451289686694
0.4740910357133,1.0000000000000,0.2548265148647,0.4085888140069,0.2093826131500,0.1019781517031,0.2356472510061,0.2054384550772,0.1039130888723,0.3680101652323,0.1797047724062,0.2382636199174,0.2911734192402,0.1029799986885,0.3734082412132,0.1277457807512,0.3154506230933,0.5346395313206,0.1595688192877,0.4091895323564,0.3566872978808,0.2819856923996,0.4524236026243,0.4472868262746,0.4479385245664,0.5865053241188,0.6133544482526,0.3269123301713,0.2059016130745,0.4214733334666,0.5707140147237,0.0137982366569,0.1015405005422,0.4383792614165,0.7054168593919,0.2349664577136,0.8438109371612,-0.0311245471344,0.5027635437672,0.1841200568412,0.0829547294224,-0.0049858276399,0.1374326142484,-0.0774969520447,0.3976860520618,-0.0773773427433,-0.1077180795955,0.2426862493639,0.0993223672743,-0.0676626495490,0.1799452543290,0.1577148440904,0.4657621422251,-0.0229849190259,-0.0303836447823,0.3415554395759,0.0785061494966,0.4638069269843,0.1810060863208,0.3970165722978,0.4963524492904,0.2112676974351,0.2982990529887,0.2396958873409,0.1854019059261,0.2779297854540,-0.1208803670556,0.0357008805336,0.3552664150992,0.6290354954938
0.1752083239329,0.2548265148647,1.0000000000000,0.4233541641538,0.2070757413188,0.1005466740730,-0.0448811006554,0.6372127340951,0.2717266095858,0.2614054490203,-0.0006513011239,0.3108541347709,0.0143840531223,0.3632785259515,0.3501084864123,0.2068242207044,0.2950746430767,0.4475505975973,0.3199821821001,0.4788241695591,0.2297219649316,0.4393285842578,0.3800597250602,0.5477524472252,0.5273791501969,0.4423311639756,0.5909163869946,0.6917028416740,0.3598112327060,-0.0263675529337,0.4226122150444,0.0616767290685,-0.0524176030050,0.1432541532596,0.2183082070815,-0.1263676792967,0.0105053193993,0.5883378144898,0.4412049611925,0.0934244557297,0.0932105920880,-0.0795751683226,0.3673741489043,0.1436662667057,0.2343885710238,-0.2664534947374,0.0558801267859,-0.0548863988486,0.3922226242422,0.0394440661648,0.1615082585657,0.2564416032934,0.0925207491279,0.1391511404000,-0.1290861815518,0.1503419938574,0.1669668096118,0.2799004916219,0.1768916000563,0.3404101582374,0.1693888805161,0.0144966100732,0.5677489496994,0.2806209686896,-0.3012292070869,-0.0408260963393,-0.0781820455513,-0.1230296144833,-0.0213416903002,0.1393208056100
0.2903587105557,0.4085888140069,0.4233541641538,1.0000000000000,0.1765963164560,0.0800569594012,0.1610397670114,0.3497071765788,0.1858326398706,0.3334890034650,-0.0266209927729,0.1706615304090,0.0901248536120,0.1937632345849,0.3051651194439,0.2443096750818,0.1374944692615,0.4096917130406,0.0217473923603,0.3141907974558,0.3719046486507,0.1386706037428,0.5975004432564,0.1298957028932,0.4554864565158,0.5526043681202,0.5058067196862,0.3242441912049,0.1736185073100,0.1269223083495,0.3788108606734,-0.0816219238508,0.0301286430978,0.2685239839306,0.3947703245665,0.0396307089569,0.2929344080703,0.1218414057400,0.9158575877825,0.0221187333233,0.1633785279359,0.0430091649205,0.2922887451970,0.1585814304365,0.2845447209140,-0.1039824655207,-0.0545937992170,0.0234749565253,0.2251822237976,-0.0310101325555,0.2187487002804,0.1325430091192,0.2785032285638,-0.1303157501073,-0.0661747869762,0.1823868453420,-0.1282847611122,0.5313688804613,-0.1101821175419,0.3244628926803,0.4202462008960,0.1983656997617,0.2870693787298,0.2016173978463,-0.1364542899050,0.1055349634491,-0.2232017727795,0.0145923453648,0.1115428515984,0.3549406544872
0.3681746042554,0.2093826131500,0.2070757413188,0.1765963164560,1.0000000000000,-0.1763775192051,-0.0056864560735,0.4464234177347,-0.1524831208598,0.6403981556225,0.2984169444546,-0.2154723926940,0.5726741847821,0.1697465272395,-0.0274335993442,-0.0626032406921,0.3187515371177,0.2128630172206,-0.1492734761576,0.0995244252126,0.7420187991328,0.5702541687443,0.4156629598188,0.3994635984894,0.4467704811619,0.2970180447285,0.1437341949696,0.0849605526166,0.5088676630398,0.2060578863184,0.2774654777239,-0.1010184936454,-0.1843455676912,0.3530776926332,0.0633256139441,0.3663623822480,0.1328558766433,-0.0934454725273,0.2709549045741,0.8754655908925,-0.1783870203978,-0.2469414819384,0.3243905174780,-0.3120563478894,0.5503025937068,0.2122333562597,-0.3819761844202,0.5230869388531,0.0657306335668,-0.1053336391076,-0.0628173211395,0.3356445483004,0.0996995581651,-0.3511675605811,-0.1634753254477,0.7314071895476,0.5338045236643,0.3114564621865,0.2638814064783,0.4812460477529,0.1606168583720,-0.0190478445481,0.0906697166663,0.4315100411157,0.2367631029923,-0.0320394052491,-0.2307439081810,-0.1619794829364,0.3030383968837,0.0556553868553
0.0286981631180,0.1019781517031,0.1005466740730,0.0800569594012,-0.1763775192051,1.0000000000000,0.5457790909858,-0.0272748448310,0.5208898074993,0.0405331989663,0.3572252894494,0.3012894276219,0.0917060366774,0.3142001086939,0.3389912024921,0.6412078229130,0.0788534749385,0.0675817673346,0.2591352679577,0.0974274575946,-0.0913430092178,-0.0765466745092,0.0443504254785,-0.1082519228344,0.0857651173235,0.0598771868301,0.2094924602529,-0.1072221530281,0.0127371469029,0.1442872511625,0.1127527266792,0.1340483550763,0.7449170777369,-0.0571018697477,0.3253544938172,-0.1874464507690,0.0853707044072,0.0773978008668,0.0731856007272,-0.1615179926652,0.8171853350283,0.6923220635505,-0.0263026800222,0.6296162856819,0.0690699331167,0.1990094155109,0.3305515439530,0.1114079377347,0.3726681516581,0.3452186292004,0.6262128185210,-0.1341332051753,-0.0395467413377,0.3474683443192,-0.1159395331219,-0.1146594383091,-0.2565901409020,0.0504273479016,-0.2338839769769,0.0827582769315,0.0524430144811,0.0718360988268,-0.1261165811515,0.0075822979242,-0.0105811922724,0.0799894161534,0.1692238858340,0.7012580579592,-0.0526726912772,0.2980455396776
0.3879839591054,0.2356472510061,-0.0448811006554,0.1610397670114,-0.0056864560735,0.5457790909858,1.0000000000000,-0.0132921613386,0.6423955119423,0.2158535878850,0.6645185747151,0.4171655623812,0.4716265073127,0.2469380374087,0.5781154770217,0.5705598246724,0.0950919644511,0.1258603281293,0.2684923969287,0.1445392968057,0.2546383690832,-0.0138443880387,0.1227021632973,-0.0585829063988,0.1108383600484,0.1036831161129,0.2064523133300,-0.1025500309382,0.0915924441722,0.5341311674005,0.2680860171786,0.1521706440753,0.4807066404512,0.1283045870381,0.3939288327238,0.2011714770701,0.2998281477069,-0.1628568019518,0.2025058465031,0.1140158991428,0.5150303084573,0.8039487684341,-0.1119074233626,0.5438223500269,0.1820938049864,0.5832518286824,0.3365610247218,0.4854945284572,0.1583773041619,0.3510310198238,0.5388112646968,0.0154663484768,0.0276728147930,0.2784365129673,-0.0555376436337,0.2298232648605,-0.1530188814215,0.0964433315591,-0.1596294744496,0.0964596405908,0.0913968131010,0.0551566786285,-0.1302133063734,0.0577367053009,0.3578171769490,0.1591282653195,0.1391120720527,0.6013249487972,0.0767494890475,0.3997744613485
0.0295533624128,0.2054384550772,0.6372127340951,0.3497071765788,0.4464234177347,-0.0272748448310,-0.0132921613386,1.0000000000000,0.1005229199959,0.5231093372703,-0.0060222441641,0.0285763449050,0.1030929546656,0.2977858958723,0.1678752202137,0.1585603103607,0.1886715766539,0.2386798684136,0.0783451158404,0.2432953351517,0.2788516993167,0.3119082713364,0.4092444561611,0.2610365472734,0.7085900258736,0.3907346156032,0.3820788046198,0.3993958722717,0.4251053014663,-0.0923157473719,0.3516541511703,-0.0838366132855,0.0002142023921,-0.0114143702922,0.0146231358933,-0.0725747851629,0.0349449724125,0.1857260215847,0.3709914273544,0.3157051947184,-0.0062282689494,-0.1668860791373,0.6096025155571,-0.0467281972228,0.4146222519607,-0.0823227569442,-0.1250473883881,0.0659976836723,0.2506634245271,0.0231796638569,0.1111927986748,0.1798961325230,-0.0472649968903,-0.1327227815623,-0.1794309814900,0.2373468113764,0.1532052940534,0.2581356931671,0.0134229411355,0.5177968615681,0.1277648115512,-0.0383367457657,0.2806791282785,0.3449821344432,-0.1753267734132,-0.1056784070396,-0.1254305115503,-0.0270268282888,-0.0965666643819,-0.0299842858368
0.3235803288608,0.1039130888723,0.2717266095858,0.1858326398706,-0.1524831208598,0.5208898074993,0.6423955119423,0.1005229199959,1.0000000000000,-0.0601296838564,0.4936422373077,0.6439315578496,0.0792999150275,0.3679235435416,0.6711538453770,0.6306847880360,0.1146219614800,0.2100584543476,0.4189014198746,0.2882438304965,0.0595331845382,0.0509912831892,0.0934250125308,0.0395908527347,0.0624970605219,0.0274263283755,0.3521582708371,0.0491463481850,0.2135933303490,0.2235288023227,0.3630360799200,0.1858775914253,0.2449166347732,0.1050092142539,0.2687625962931,0.0200360764676,0.0970904466843,0.1655086649864,0.1682439191725,-0.0793402745709,0.5153003316369,0.7319777441222,-0.0192812016066,0.7965299740451,-0.0863719516133,0.2697462311555,0.5667330774643,0.0650188384583,0.3170225791660,0.3113351188027,0.4923208741510,0.0354174734087,-0.0211088346909,0.4973081080996,-0.0980822363577,-0.0128395577625,-0.1060538534997,0.0698943271039,-0.1111401814806,-0.0346297123525,-0.0201995393179,0.0989367771571,-0.0308864114581,0.1182821920847,-0.0168839302325,0.2350288857997,0.2591016216018,0.4863094628179,-0.0433166918363,0.2618246348058
0.3397420960223,0.3680101652323,0.2614054490203,0.3334890034650,0.6403981556225,0.0405331989663,0.2158535878850,0.5231093372703,-0.0601296838564,1.0000000000000,0.2665691294497,-0.0715972132733,0.5505163236262,0.3896842234121,0.1704251746313,0.1764638741081,0.1031618924158,0.2803087645624,-0.0091464225301,0.2344712193943,0.6096881164135,0.1776897214240,0.5034599575684,0.1610917914186,0.7116278892160,0.5093626349039,0.2501960445691,0.1787708189255,0.2291817418568,0.3391798102358,0.2294119071309,-0.0702161843088,0.0483269214532,0.3069400605871,0.2045910339618,0.1998575692214,0.2576929019963,-0.1625838480127,0.4245939123591,0.5303161931260,0.0415596870318,-0.0544486828993,0.3395172895295,-0.1972079240573,0.8605414965552,0.1784388603152,-0.2831297079353,0.5327239944132,0.2248818631419,0.0784533825758,0.2115995347613,0.0976273010873,0.1537125813402,-0.2198115943182,-0.1053013097484,0.6076089619572,0.0502276241353,0.3658758603767,-0.0765182447806,0.6239594291944,0.2668858277485,-0.0615648262887,0.1207856319384,0.2013331381595,0.2758010631137,-0.1745284956688,-0.2090766837073,0.0461898602687,0.2257580850541,0.1936910574906
0.4823928635403,0.1797047724062,-0.0006513011239,-0.0266209927729,0.2984169444546,0.3572252894494,0.6645185747151,-0.0060222441641,0.4936422373077,0.2665691294497,1.0000000000000,0.4273728377248,0.6496763289727,0.3312959593424,0.4326715744376,0.3460934316256,0.2703732954954,0.1573706769546,0.3524041131694,0.2189316783250,0.5073297965960,0.2352110679069,0.0612573129286,0.1386473586776,0.0542472888705,0.0187505428513,0.2418311316128,-0.0819788202158,0.3295431171664,0.5230981806534,0.2833825608479,0.3133393801621,0.1744147848795,0.3650421636240,0.3022535807216,0.3734167519367,0.2454341142888,-0.1107465904950,0.0526852803269,0.4787597400323,0.2666108664275,0.5386515484113,-0.0774123740567,0.3095048452275,0.2072821916750,0.7814184549718,0.2888579679513,0.6968096724944,0.1509098068339,0.3054526669636,0.3574718884203,0.1981575102209,0.0222983547081,0.3925412648312,-0.0182207494643,0.5362249000410,0.1681903692826,0.0808917360398,0.0707674085057,0.0995346373155,0.0013163615094,0.1230727471635,-0.1110479788224,0.2605820913598,0.4370967125745,0.1507171823258,0.3014162801993,0.3073661216994,0.3472907034699,0.3585436188285
0.3380178306685,0.2382636199174,0.3108541347709,0.1706615304090,-0.2154723926940,0.3012894276219,0.4171655623812,0.0285763449050,0.6439315578496,-0.0715972132733,0.4273728377248,1.0000000000000,0.0505568267877,0.4972513877063,0.6435404001227,0.4270068604582,0.1296952943894,0.3031090408785,0.6658085037638,0.4991540151725,0.0858415299229,0.1137334530176,0.0375758355092,0.1668500117353,0.0475950622374,0.1567974714185,0.4564641168673,0.2442809916234,0.0641832213400,0.3448258537739,0.2978998595234,0.4953756982843,0.0283715230233,0.3041679452254,0.4377692436273,0.0679464000890,0.1895797026697,0.1758564655900,0.2148145769266,-0.1523740825936,0.2640458333136,0.4744776320115,-0.0814969020658,0.4951761255183,-0.0517590544614,0.2004350806314,0.7738214151045,0.0692812999092,0.4008385063723,0.3465174113101,0.3918567167351,0.0821534620578,0.0853833808483,0.8196964863379,0.1809478359446,0.0369148031651,-0.1060711785821,0.0549550304171,0.0044010951065,-0.0694196197912,0.1081511475597,0.1042966120584,0.1176147443452,0.0217224544478,0.1164814183136,0.1452566414420,0.5928694665818,0.1739736994714,0.1812205458744,0.4687499769407
0.5446230574005,0.2911734192402,0.0143840531223,0.0901248536120,0.5726741847821,0.0917060366774,0.4716265073127,0.1030929546656,0.0792999150275,0.5505163236262,0.6496763289727,0.0505568267877,1.0000000000000,0.2717875873736,0.2816775201642,0.1027183678096,0.1855953906453,0.3173258620745,0.2447575367696,0.3095138454050,0.7796279020462,0.3300761290355,0.1401401043798,0.2777192773090,0.1426787920791,0.2576562129640,0.2215910972564,0.0271253722442,0.2204698319696,0.5780360254208,0.2184521906552,0.2011590379181,0.0941357204010,0.3906498342634,0.3202645954664,0.4711024256919,0.2482732915056,-0.2435525857769,0.2062448518051,0.6950531929262,-0.0365815630634,0.1081927436030,-0.0683903160046,-0.1870380954740,0.3951866660242,0.5333098965235,-0.0989923181185,0.9568796229356,0.0784523176464,0.1481814402930,0.1619115440861,0.1838357777509,0.2032990313476,0.0012372038796,0.0206069512678,0.8181003779469,0.2868485516083,0.0247896839706,0.1716316665252,0.1343344158216,0.0914632892904,-0.0318336076994,-0.0001426663224,0.1266940728106,0.5319423840165,-0.0286752264196,0.0638365923816,0.0357271117717,0.3898109263638,0.3383235001487
0.1946386613450,0.1029799986885,0.3632785259515,0.1937632345849,0.1697465272395,0.3142001086939,0.2469380374087,0.2977858958723,0.3679235435416,0.3896842234121,0.3312959593424,0.4972513877063,0.2717875873736,1.0000000000000,0.4536785244016,0.5085039733045,0.0293688072455,0.1704526569148,0.4363515234361,0.3539367980806,0.2645326013173,0.0960234415564,0.0972721736946,0.1202404142497,0.3448625186192,0.4766514217023,0.3022435383109,0.2974040220160,0.0472175956997,0.2594965656122,0.0433340881194,0.3010002368263,0.0027740232316,0.1817930482682,0.2035605397131,-0.0684137673169,-0.0253566088991,0.0964527652868,0.2365010099652,0.1143139210676,0.2387839695284,0.2965313609377,0.0790411206430,0.2674026141574,0.3349184948572,0.1236538695691,0.4313820255777,0.2750476437054,0.8255873079698,0.3476338353986,0.5240770676159,0.0176425851539,-0.0804632815517,0.4906572751208,-0.0894526248854,0.2479837891248,-0.0877413754636,0.0006124378139,-0.0915851495514,0.1993056886912,0.1370319798023,-0.0699184137418,0.1621381309338,-0.0107765149745,0.0739103667394,-0.2402284166090,0.3327046106300,0.0496707748841,0.0715510388298,0.2148763141474
0.6265363996087,0.3734082412132,0.3501084864123,0.3051651194439,-0.0274335993442,0.3389912024921,0.5781154770217,0.1678752202137,0.6711538453770,0.1704251746313,0.4326715744376,0.6435404001227,0.2816775201642,0.4536785244016,1.0000000000000,0.4082197250965,0.1448269438121,0.5160303999180,0.6564245851272,0.6395719855538,0.3075925939158,0.1079118351278,0.2184143014748,0.2268420891522,0.1759017573397,0.3952324024975,0.4902763724041,0.2535461003057,0.0855447582280,0.5748550280760,0.4648777724889,0.1803498932721,0.1519281732630,0.3055089298758,0.4970633357570,0.3406922869404,0.2725478417388,0.0378190131144,0.3507506737589,0.0214069949112,0.2716685776340,0.4148816741192,-0.0059848693266,0.4242163773231,0.1278511699243,0.2128662443162,0.3694673906221,0.2516160425855,0.2991508188496,0.4925516980180,0.3618652626999,0.0863438481729,0.2163228044052,0.4598709419050,0.0900955623232,0.2224681986514,-0.1105018705735,0.1654848825136,-0.0585997185923,0.0418606722067,0.2210745694071,0.0680927413580,0.1189044352724,0.0195625059039,0.2133215247400,0.0863056603811,0.1679008547436,0.2307205421999,0.1467202553828,0.4743257031208
0.0913793382820,0.1277457807512,0.2068242207044,0.2443096750818,-0.0626032406921,0.6412078229130,0.5705598246724,0.1585603103607,0.6306847880360,0.1764638741081,0.3460934316256,0.4270068604582,0.1027183678096,0.5085039733045,0.4082197250965,1.0000000000000,0.1350352679506,0.0050104651992,0.1284634207269,0.0797338240525,0.0158687120148,0.0256932361769,0.1793965238861,-0.0450843504267,0.2690439190945,0.1982406834275,0.2281028584797,-0.0146456838089,0.1033584157589,0.1992921707421,0.1681813628728,0.0943301324573,0.4372952082206,-0.0208465882671,0.2868654644426,-0.2176601806529,0.1157146584192,0.1544913988011,0.2305418235736,-0.1008083274206,0.5978521431992,0.7035745914146,0.1449367766915,0.6857732745792,0.2103018935357,0.1180425499497,0.4410026310672,0.0873810133178,0.5379942417942,0.2924754900467,0.8138783103353,-0.0569642687126,-0.0863018157098,0.2882295099890,-0.2698419968259,-0.0404834708118,-0.1788879744759,0.1444274944342,-0.1890962594303,0.2513773135993,0.0814278546572,0.0684933217013,-0.0025169143095,0.1125743560388,-0.0007089025859,0.0934466391187,0.1031841828309,0.5180081957100,-0.1224685565613,0.2688049903766
0.2675090062881,0.3154506230933,0.2950746430767,0.1374944692615,0.3187515371177,0.0788534749385,0.0950919644511,0.1886715766539,0.1146219614800,0.1031618924158,0.2703732954954,0.1296952943894,0.1855953906453,0.0293688072455,0.1448269438121,0.1350352679506,1.0000000000000,0.1124248124882,0.0065000117376,0.1092150132143,0.3238891943666,0.6998540553923,0.4233848846880,0.5563257254659,0.2268466031273,0.0688997382549,0.1952204129828,0.1465465742330,0.5733583803081,0.1951481804076,0.5031109695758,0.0797476608678,-0.0202329640098,0.4000208354548,0.3320262187587,0.1064413723505,0.3445263707014,0.1148176773739,0.1502547432692,0.2870346421801,0.0690216627604,0.0419734836133,0.0811804582315,0.0768461620896,0.1177212542375,0.0674395391250,-0.0458347051770,0.1600925827335,-0.0690384329214,-0.2220871427714,0.1578586907998,0.7700576570885,0.0643353415605,-0.0285850244765,-0.1069667707187,0.3024716189572,0.5572248683642,0.5131633713503,0.5015799456666,0.3060255723830,-0.0021679411042,0.0541978463851,0.0821258312915,0.6006113680883,0.1691266840828,0.4193453708415,-0.0463600099666,-0.0197819513217,0.3207059825018,0.3759413475834
0.5922330657165,0.5346395313206,0.4475505975973,0.4096917130406,0.2128630172206,0.0675817673346,0.1258603281293,0.2386798684136,0.2100584543476,0.2803087645624,0.1573706769546,0.3031090408785,0.3173258620745,0.1704526569148,0.5160303999180,0.0050104651992,0.1124248124882,1.0000000000000,0.5193376555253,0.8501163653960,0.4489619254351,0.2279082044826,0.3374498486683,0.4416319939264,0.1767318354671,0.5402266972904,0.6729686815963,0.2866742023208,0.1160286381654,0.4176646235822,0.5973756407247,0.0627289376916,0.0041584695683,0.4439260816851,0.6621165778043,0.3558647575098,0.3382746931777,0.0012363312480,0.5243206413742,0.1880632275130,-0.0379493302865,-0.0991474991669,0.0135520132575,-0.0994122068138,0.1512300639976,-0.0620587582168,-0.0998274331981,0.2516900985140,0.1356636032741,-0.0099770370412,-0.0163831128037,0.0612601296182,0.6304063171625,0.1075626944886,0.3089865347699,0.3767043739406,0.0294187468635,0.2076241118660,0.0499803007663,-0.0145920817634,0.4093257021239,0.1734319918382,0.1203986188971,0.0183967702447,0.0993568098713,0.1318002784032,-0.0635343634420,-0.0829532734113,0.3709416288008,0.5171011469350
0.3371169699269,0.1595688192877,0.3199821821001,0.0217473923603,-0.1492734761576,0.2591352679577,0.2684923969287,0.0783451158404,0.4189014198746,-0.0091464225301,0.3524041131694,0.6658085037638,0.2447575367696,0.4363515234361,0.6564245851272,0.1284634207269,0.0065000117376,0.5193376555253,1.0000000000000,0.7602011098289,0.1832340779025,0.0444519240237,-0.0749535103105,0.2328295430847,-0.0998216983079,0.2159736189282,0.4560427058386,0.2551109313445,-0.0184126058953,0.3750212985584,0.2271652954833,0.3186882269867,0.0797351527075,0.1712745719008,0.3539774853259,0.2249209505766,0.0212885636163,0.0085847333400,0.0837009909619,-0.0235918666191,0.0761415189446,0.1815731945639,-0.2473772442448,0.1419086676413,-0.1392278317722,0.1927630743282,0.3942157715104,0.2626798341263,0.2793557042439,0.3561967337792,0.1167288545292,-0.0142163115518,0.1131882042909,0.6641042123275,0.2859862280558,0.1744268564156,-0.0880627963993,-0.1705454586486,0.0147994316234,-0.2717912451098,0.0075543566350,-0.0852953760621,0.0186116361357,-0.1552812281234,0.1552296123332,-0.0750285087447,0.4098774240799,0.0550520585024,0.1142013542764,0.3388920304909
0.5383246911698,0.4091895323564,0.4788241695591,0.3141907974558,0.0995244252126,0.0974274575946,0.1445392968057,0.2432953351517,0.2882438304965,0.2344712193943,0.2189316783250,0.4991540151725,0.3095138454050,0.3539367980806,0.6395719855538,0.0797338240525,0.1092150132143,0.8501163653960,0.7602011098289,1.0000000000000,0.4272916087729,0.1972536614081,0.2458705187319,0.4048717146516,0.1313947298490,0.5288802309024,0.6513015344073,0.3427574924432,0.0610744009553,0.4230359716659,0.4580230469904,0.2075974732700,-0.0376424800069,0.4357282979786,0.5807543622992,0.2902993797459,0.1818991270097,-0.0086704044286,0.4105486985591,0.0978348204294,-0.0503005643577,-0.0469909131478,-0.0535903956049,-0.0217492751872,0.1075111401691,0.0088474868513,0.0806408782433,0.2685926980194,0.2357403129962,0.1458878089891,0.0751392828974,0.0811335341119,0.4094850920965,0.3306410122801,0.3328614793411,0.3557012530059,-0.0286410549470,0.1012656507705,0.0264765420272,-0.0814809028088,0.3251367009920,0.0298425595527,0.1136004127674,-0.0387412937663,0.1104165521931,-0.0546318729639,0.1278598840536,-0.1241640625266,0.3186801484027,0.5031707208081
0.6493425629767,0.3566872978808,0.2297219649316,0.3719046486507,0.7420187991328,-0.0913430092178,0.2546383690832,0.2788516993167,0.0595331845382,0.6096881164135,0.5073297965960,0.0858415299229,0.7796279020462,0.2645326013173,0.3075925939158,0.0158687120148,0.3238891943666,0.4489619254351,0.1832340779025,0.4272916087729,1.0000000000000,0.5089114258418,0.3988809777704,0.4357569965978,0.3192908504116,0.4067927905047,0.3002001487967,0.1486170013752,0.3943099381552,0.5149260514894,0.3761765284206,0.0785305810735,-0.1478403432288,0.5732254064264,0.3516454115726,0.5351127050039,0.2597445768170,-0.1745551895384,0.4622353394076,0.7241076043976,-0.1255122977259,-0.0943827082346,0.0972006725373,-0.2011121703659,0.4651819487886,0.3844366718338,-0.2095049682778,0.7336393970792,0.0663283888033,0.0129314074917,0.0422872154298,0.3441667049203,0.2805807646887,-0.1057039598872,0.0437150350034,0.9268532437690,0.3773548717624,0.2883046950543,0.2334608642430,0.2868029084248,0.2410257025867,-0.0156469401242,0.0774957531762,0.3082763499903,0.4174004545234,0.0054641886455,-0.0795145471506,-0.1313005391786,0.4934396487129,0.3769150307795
0.3419705764310,0.2819856923996,0.4393285842578,0.1386706037428,0.5702541687443,-0.0765466745092,-0.0138443880387,0.3119082713364,0.0509912831892,0.1776897214240,0.2352110679069,0.1137334530176,0.3300761290355,0.0960234415564,0.1079118351278,0.0256932361769,0.6998540553923,0.2279082044826,0.0444519240237,0.1972536614081,0.5089114258418,1.0000000000000,0.3456452376189,0.8135726777274,0.2027150494264,0.1065099255826,0.2101223467200,0.2897002399139,0.6783581415029,0.1625793991382,0.5369997134598,0.1371372922027,-0.1436617008425,0.3981732322603,0.2550777717471,0.1633386272724,0.1630504098830,0.2008297646306,0.2202008608086,0.5545256950344,-0.1131697040361,-0.1569950812190,0.1165476755738,-0.0918111607355,0.1538044866430,-0.0240617230216,-0.0803831768074,0.2437078321186,0.0201005078112,-0.2753775438285,-0.0060324914603,0.6342599773618,0.1748243894081,-0.0476257731740,-0.1287734159441,0.4768476512376,0.8457456446107,0.3424028836191,0.7284349487724,0.2262189963358,-0.0787140043234,-0.1372545169774,0.2473391479325,0.6095191397099,0.1324414802139,0.3627838329657,-0.0290467032832,-0.1805950355182,0.3139944987935,0.2632575018130
0.3713941489858,0.4524236026243,0.3800597250602,0.5975004432564,0.4156629598188,0.0443504254785,0.1227021632973,0.4092444561611,0.0934250125308,0.5034599575684,0.0612573129286,0.0375758355092,0.1401401043798,0.0972721736946,0.2184143014748,0.1793965238861,0.4233848846880,0.3374498486683,-0.0749535103105,0.2458705187319,0.3988809777704,0.3456452376189,1.0000000000000,0.2260190720755,0.5934307365988,0.4259183093827,0.3649194662324,0.0795629457395,0.4364203579716,0.1708439489868,0.5911149579687,-0.2146745766690,-0.0286960537137,0.3335253881019,0.3490851712479,0.1344548057225,0.3565333241752,-0.0260420539885,0.6340890001432,0.2759910681275,0.1262470215423,0.0188292247167,0.3440043447013,0.0488239171788,0.5344058914961,-0.0423372142316,-0.2277690266493,0.0950772365725,0.0574399887969,-0.1122340406803,0.1717906750879,0.2776509026494,0.2361427896374,-0.2344830578179,-0.0794562421548,0.3008956638905,0.1505500538548,0.8677402142628,-0.0146159341034,0.5799372131023,0.3221511141030,0.1061457698423,0.0342930381788,0.4589624800720,0.0298808497867,0.2498128452299,-0.3178397215458,0.0252915269131,0.2036008244544,0.3531608669915
0.3836637278164,0.4472868262746,0.5477524472252,0.1298957028932,0.3994635984894,-0.1082519228344,-0.0585829063988,0.2610365472734,0.0395908527347,0.1610917914186,0.1386473586776,0.1668500117353,0.2777192773090,0.1202404142497,0.2268420891522,-0.0450843504267,0.5563257254659,0.4416319939264,0.2328295430847,0.4048717146516,0.4357569965978,0.8135726777274,0.2260190720755,1.0000000000000,0.1942243772980,0.2921411198343,0.3808083044269,0.5993841621165,0.4480250332932,0.2540124347483,0.4899764378195,0.1232886496782,-0.1382136182195,0.4095200432161,0.3599240947984,0.1927199080897,0.2782736253860,0.3107450287464,0.1917342252586,0.3608770587831,-0.1488147325233,-0.2393009688314,0.0077880561025,-0.1809375549772,0.1163589268097,-0.1596431724027,-0.1084333967218,0.1988191773542,0.0598597652077,-0.2521119284377,-0.0701212973495,0.5621395748743,0.2443323432199,0.0006825429074,-0.0245680366302,0.4377144372484,0.6821874138207,0.2099723327763,0.7905379631219,0.1293241725896,0.0710529894760,-0.1138527576286,0.4890657028357,0.3576659038023,0.1083874112283,0.2263668772629,-0.0798631791813,-0.2680893330781,0.3383884965804,0.2862989828622
0.0997505344380,0.4479385245664,0.5273791501969,0.4554864565158,0.4467704811619,0.0857651173235,0.1108383600484,0.7085900258736,0.0624970605219,0.7116278892160,0.0542472888705,0.0475950622374,0.1426787920791,0.3448625186192,0.1759017573397,0.2690439190945,0.2268466031273,0.1767318354671,-0.0998216983079,0.1313947298490,0.3192908504116,0.2027150494264,0.5934307365988,0.1942243772980,1.0000000000000,0.5333828530537,0.4276091103063,0.3870800884251,0.3699205704191,0.0553622748755,0.3345681999227,-0.1124383505047,0.0436989597325,0.1656323926269,0.2087351776114,-0.1152924908690,0.3336007587759,0.2120313651811,0.4919626467008,0.2257178000049,0.1535846034522,-0.0355591915522,0.6350375952265,0.0305228333438,0.7476828974555,-0.1144668271459,-0.1688911826457,0.0920654174291,0.3216934146886,0.0273458461234,0.2996436529886,0.1187963477346,0.0371315536802,-0.1648535741096,-0.3094998398151,0.2464211879279,-0.0172322602686,0.5828364764258,-0.1047833241650,0.8876696190743,0.3425759398282,0.1265136251163,0.3821266568910,0.4135893852006,-0.1172824649256,-0.0531908192748,-0.2146372346815,0.0577262727535,0.0336959825611,0.1604994884943
0.3170232399468,0.5865053241188,0.4423311639756,0.5526043681202,0.2970180447285,0.0598771868301,0.1036831161129,0.3907346156032,0.0274263283755,0.5093626349039,0.0187505428513,0.1567974714185,0.2576562129640,0.4766514217023,0.3952324024975,0.1982406834275,0.0688997382549,0.5402266972904,0.2159736189282,0.5288802309024,0.4067927905047,0.1065099255826,0.4259183093827,0.2921411198343,0.5333828530537,1.0000000000000,0.6090361270579,0.5283591007878,-0.0245948737674,0.2544093098991,0.2445957711042,-0.0626825640551,0.0087367084834,0.3060922490042,0.5484307514239,0.0919327614333,0.4002850258705,0.0456361259275,0.6125647063292,0.1234763537850,0.0350113331252,-0.0932300856509,0.2484320963466,-0.0595265419560,0.4785712529076,-0.1113664730191,-0.1880361007887,0.1975091873679,0.4618587526738,0.1032261087642,0.2200607704432,0.0412310366371,0.2290376152346,-0.0857595985554,-0.0530304921880,0.3489490506582,-0.1451315803080,0.3061479468734,-0.1001954599921,0.3807492604444,0.7086586290457,0.1166046585044,0.4275589037010,-0.0109875608838,-0.0771949139170,-0.2290799052885,-0.2632034966837,-0.1214863527261,0.1965430604239,0.4363459986018
0.3493705775184,0.6133544482526,0.5909163869946,0.5058067196862,0.1437341949696,0.2094924602529,0.2064523133300,0.3820788046198,0.3521582708371,0.2501960445691,0.2418311316128,0.4564641168673,0.2215910972564,0.3022435383109,0.4902763724041,0.2281028584797,0.1952204129828,0.6729686815963,0.4560427058386,0.6513015344073,0.3002001487967,0.2101223467200,0.3649194662324,0.3808083044269,0.4276091103063,0.6090361270579,1.0000000000000,0.5132237056043,0.2150570257223,0.2886091221128,0.5606497148169,0.1698874314763,0.0852066379524,0.3041138014400,0.5576224091909,0.1011220427051,0.4582944017710,0.2343694942591,0.5375460671419,0.0614982285095,0.1450442346434,0.0757313563006,0.1889775383615,0.1285874688251,0.1862402533142,-0.0543875290783,0.0691548399006,0.1588107004714,0.3025397672563,0.0686535215064,0.1846599253394,0.0930627699415,0.2689219122389,0.2225337010450,-0.0571797539399,0.2194492751455,-0.0841008566137,0.3236256477969,-0.0481097388074,0.2420441683668,0.4152179546569,0.3744074549089,0.4072617464025,0.1371604978271,-0.0812419170857,0.0765594438378,0.0148015771452,0.0191639722473,0.1653234207802,0.4140506619246
0.0537974912875,0.3269123301713,0.6917028416740,0.3242441912049,0.0849605526166,-0.1072221530281,-0.1025500309382,0.3993958722717,0.0491463481850,0.1787708189255,-0.0819788202158,0.2442809916234,0.0271253722442,0.2974040220160,0.2535461003057,-0.0146456838089,0.1465465742330,0.2866742023208,0.2551109313445,0.3427574924432,0.1486170013752,0.2897002399139,0.0795629457395,0.5993841621165,0.3870800884251,0.5283591007878,0.5132237056043,1.0000000000000,0.0324474404454,-0.0321273273295,0.1123644372287,0.1455076847746,-0.1284034954866,0.1649809795867,0.1839852774561,-0.1025614745938,0.1795304175559,0.5431034498290,0.3156674646203,-0.0380791942589,-0.0801399712075,-0.2193466656078,0.1806063456751,-0.0718297879443,0.1474154131953,-0.2499043709593,0.0255365496781,-0.0331546239012,0.2831773703163,-0.0141743695982,-0.0083929528629,0.2806123971663,-0.0053767505081,0.1074935289128,-0.0530990827374,0.1218128629609,0.1364836021630,0.0514693574905,0.3743500236896,0.1664678760448,0.2842431727206,-0.0092698321250,0.8701256029815,0.0017061125551,-0.2436845526519,-0.1813854989352,-0.0322279955331,-0.2700099984273,0.0807821671420,0.0840097643700
0.2216951387782,0.2059016130745,0.3598112327060,0.1736185073100,0.5088676630398,0.0127371469029,0.0915924441722,0.4251053014663,0.2135933303490,0.2291817418568,0.3295431171664,0.0641832213400,0.2204698319696,0.0472175956997,0.0855447582280,0.1033584157589,0.5733583803081,0.1160286381654,-0.0184126058953,0.0610744009553,0.3943099381552,0.6783581415029,0.4364203579716,0.4480250332932,0.3699205704191,-0.0245948737674,0.2150570257223,0.0324474404454,1.0000000000000,0.0995538919030,0.6047071618064,0.0085387980839,-0.0728313105318,0.1876992908822,0.0725159610795,0.0940368884043,0.1309576630031,0.0698834468466,0.2187413061334,0.5204996207540,0.0235585555541,-0.0016453026608,0.2669573905590,0.0586732662696,0.1754697071268,0.1179442542820,-0.1109295152922,0.1701506003923,-0.0979674123630,-0.2800401573724,0.0235206120614,0.4997293329668,0.1022345492695,-0.1211302453387,-0.2510026672426,0.3457359370622,0.5774918741233,0.4808232133331,0.3509798818754,0.4115121697458,-0.2005863072033,-0.0458370116686,-0.0089332620644,0.9222630057321,0.0785756268662,0.4372066085418,-0.0902803422338,0.0171634554560,0.0685195210566,0.0995928786953
0.7339645549527,0.4214733334666,-0.0263675529337,0.1269223083495,0.2060578863184,0.1442872511625,0.5341311674005,-0.0923157473719,0.2235288023227,0.3391798102358,0.5230981806534,0.3448258537739,0.5780360254208,0.2594965656122,0.5748550280760,0.1992921707421,0.1951481804076,0.4176646235822,0.3750212985584,0.4230359716659,0.5149260514894,0.1625793991382,0.1708439489868,0.2540124347483,0.0553622748755,0.2544093098991,0.2886091221128,-0.0321273273295,0.0995538919030,1.0000000000000,0.3905832825750,0.2133253532749,0.1347479434273,0.4663343965748,0.5074531346301,0.5556626943919,0.4204171533348,-0.2613633672422,0.1891453450919,0.3050101190997,0.0966566300748,0.2631790975633,-0.1899334619566,0.0210411032323,0.2926305319484,0.3526627336004,0.1331288983364,0.5778986204015,0.0843982468336,0.2384441556188,0.2658145379436,0.1423452608926,0.3585355204484,0.2086112900791,0.1549267018632,0.5338071643640,0.0456253130641,0.1420047091132,0.0598523401121,0.0891723913456,0.1408690117899,0.0920170629941,-0.0721960015842,0.0439117143887,0.8028520892151,0.1491711468737,0.1030575627354,0.1466117298516,0.3668024611082,0.4829336863673
0.5032999251716,0.5707140147237,0.4226122150444,0.3788108606734,0.2774654777239,0.1127527266792,0.2680860171786,0.3516541511703,0.3630360799200,0.2294119071309,0.2833825608479,0.2978998595234,0.2184521906552,0.0433340881194,0.4648777724889,0.1681813628728,0.5031109695758,0.5973756407247,0.2271652954833,0.4580230469904,0.3761765284206,0.5369997134598,0.5911149579687,0.4899764378195,0.3345681999227,0.2445957711042,0.5606497148169,0.1123644372287,0.6047071618064,0.3905832825750,1.0000000000000,0.0539568219085,0.0075992915359,0.4356691979394,0.5324087355632,0.1875200290028,0.4636458223211,0.0302669459920,0.4606874009609,0.2813184755286,0.1232145712247,0.0999812755341,0.1881753817692,0.1198324857433,0.1946537935167,-0.0391710362056,-0.0406485530009,0.1529199788513,-0.0437948680985,-0.1640990942244,0.1033216944156,0.3391898408740,0.4734069051787,0.0531608410390,-0.0205555206435,0.3039795190691,0.2840988909737,0.5932561861150,0.1995325284656,0.2804214343683,0.1456257493535,0.1506331670153,0.0535607269783,0.5296982427124,0.1657242489127,0.6279555296321,-0.0912092999698,0.0792067769423,0.3055940251522,0.4724165225470
0.1658263045329,0.0137982366569,0.0616767290685,-0.0816219238508,-0.1010184936454,0.1340483550763,0.1521706440753,-0.0838366132855,0.1858775914253,-0.0702161843088,0.3133393801621,0.4953756982843,0.2011590379181,0.3010002368263,0.1803498932721,0.0943301324573,0.0797476608678,0.0627289376916,0.3186882269867,0.2075974732700,0.0785305810735,0.1371372922027,-0.2146745766690,0.1232886496782,-0.1124383505047,-0.0626825640551,0.1698874314763,0.1455076847746,0.0085387980839,0.2133253532749,0.0539568219085,1.0000000000000,0.0466155435955,0.2496609465367,0.2210039030525,-0.0263079466109,-0.0035602620811,0.0610714808133,-0.0284043094400,-0.0312726775341,0.0241405560958,0.1517454058629,-0.1158931100641,0.0635835736501,-0.0607981005839,0.1737972284589,0.5086678847242,0.2178279272500,0.1455011620569,0.1012098039728,0.1618468388281,0.0802788827628,0.0868117048176,0.5598903896908,0.1452858325737,0.0897571753240,0.0207248767131,-0.1644767666879,0.1474460485846,-0.1663261983073,-0.1204484138593,0.0085982576943,0.1088252145464,-0.0136576472882,0.1803375912614,0.0690168029540,0.7673390742303,0.0242568302235,0.2010857688904,0.2921613489393
-0.0735937547379,0.1015405005422,-0.0524176030050,0.0301286430978,-0.1843455676912,0.7449170777369,0.4807066404512,0.0002142023921,0.2449166347732,0.0483269214532,0.1744147848795,0.0283715230233,0.0941357204010,0.0027740232316,0.1519281732630,0.4372952082206,-0.0202329640098,0.0041584695683,0.0797351527075,-0.0376424800069,-0.1478403432288,-0.1436617008425,-0.0286960537137,-0.1382136182195,0.0436989597325,0.0087367084834,0.0852066379524,-0.1284034954866,-0.0728313105318,0.1347479434273,0.0075992915359,0.0466155435955,1.0000000000000,-0.2479190174303,0.2368152343153,-0.1376844441447,0.1499677833793,-0.0425222156789,0.0247195504165,-0.1321724081268,0.6053925673981,0.4858644768234,-0.0338200932543,0.3478020150441,0.0468557200880,0.1315839938521,0.0953700465205,0.1145612664573,0.0998841939684,0.2303242294679,0.4364786684133,-0.1519158636561,-0.0292864269186,0.0703555997008,-0.1395492994937,-0.1441189686023,-0.2322130673185,-0.0264416214054,-0.1923630937531,0.0439788513496,0.0239718858835,-0.0185453339369,-0.1356736978145,-0.0643814198001,0.0516825958251,0.0355575215588,0.0377148029909,0.7878405084746,-0.1448124468311,0.1739155173324
0.6019650891690,0.4383792614165,0.1432541532596,0.2685239839306,0.3530776926332,-0.0571018697477,0.1283045870381,-0.0114143702922,0.1050092142539,0.3069400605871,0.3650421636240,0.3041679452254,0.3906498342634,0.1817930482682,0.3055089298758,-0.0208465882671,0.4000208354548,0.4439260816851,0.1712745719008,0.4357282979786,0.5732254064264,0.3981732322603,0.3335253881019,0.4095200432161,0.1656323926269,0.3060922490042,0.3041138014400,0.1649809795867,0.1876992908822,0.4663343965748,0.4356691979394,0.2496609465367,-0.2479190174303,1.0000000000000,0.5397715189465,0.3166730213415,0.4051560861509,-0.0580015932490,0.3639644287899,0.3325170820471,-0.0079977186209,-0.0360084153438,0.0019044670275,-0.0604849209330,0.3309797040122,0.1530457695238,-0.0179733759132,0.3613714004441,0.0619920255194,-0.0061017374033,0.0414226054422,0.4103645955056,0.3796830862740,0.1479852446099,0.2297220209445,0.5682699501835,0.2410499516798,0.3713837686075,0.2745298891638,0.1651357459395,0.3982297334513,0.1621306046259,0.1367601928219,0.1968228463503,0.3784754525244,0.2293371029054,0.0899296319073,-0.1744205346022,0.8660617404248,0.5918653930616
0.5340488073047,0.7054168593919,0.2183082070815,0.3947703245665,0.0633256139441,0.3253544938172,0.3939288327238,0.0146231358933,0.2687625962931,0.2045910339618,0.3022535807216,0.4377692436273,0.3202645954664,0.2035605397131,0.4970633357570,0.2868654644426,0.3320262187587,0.6621165778043,0.3539774853259,0.5807543622992,0.3516454115726,0.2550777717471,0.3490851712479,0.3599240947984,0.2087351776114,0.5484307514239,0.5576224091909,0.1839852774561,0.0725159610795,0.5074531346301,0.5324087355632,0.2210039030525,0.2368152343153,0.5397715189465,1.0000000000000,0.2100078863004,0.6458242971459,-0.0136769388006,0.4958739257177,0.0334371145991,0.2313008850757,0.2137619021210,-0.0464657950426,0.1439431140207,0.2249960817367,0.0438510858796,0.0897221369590,0.2737354735933,0.2285206607113,0.0127558440741,0.3564219265212,0.1616226612218,0.5362328838224,0.2062570386699,0.1983034078402,0.2977220132025,0.0146970034346,0.3423352841117,0.1213704162665,0.1283962012320,0.5470121491278,0.2194818976691,0.0961242898494,0.0924383790963,0.2274942689958,0.3339014332547,0.0652240851677,0.1684514634764,0.4982058147495,0.8961148543144
