1.0000000000000,0.2162532114768,0.3934835489443,0.4736738150452,0.1931972389819,-0.1464200449819,0.2061147405858,0.5703139604353,-0.1784777892684,0.4730812065984,-0.0008300672789,0.2618989163294,0.2361626363262,0.3192099066589,0.3417407087879,0.3495894789719,0.1329249366810,0.5671066521262,0.2208064412723,0.5424618746333,0.1969870144071,0.1737998937633,0.3810046665639,0.2401145937077,0.5483332619811,0.4632219013695,0.4005146284688,0.3517005893089,0.2618083878402,0.3623163882945,0.2950849220307,-0.1442502771551,-0.1470568909368,0.2129097583133,0.5411624922081,0.5348338695018,0.2846206438402,0.1396350260065,0.4090007836716,0.0395617149545,-0.0665904405604,-0.0944863972580,0.2503431126584,-0.2068194044829,0.5035705646585,-0.2676149115488,0.1412686137980,0.0689499010118,0.1943708228395,0.2433493700906,0.1860998531017,0.1488071604107,0.1937701078947,0.0005608635809,-0.0500593334419,0.1264351556430,0.0323912205378,0.5009824234759,0.0681421548737,0.4045961874183,0.2912178480402,0.2929903618107,0.3140570875122,0.0823036054760,-0.0210039614652,0.1077761046361,-0.0972438379798,-0.0320537168297,0.0342593660658,0.2982270666072
0.2162532114768,1.0000000000000,0.3277327592236,0.7253199861859,0.3978460291032,0.0604502399553,0.2812299953221,0.2276742719168,0.0721429502872,0.3527487529946,0.4357522909614,0.3803634562489,0.4285104694586,0.2906923896423,0.2849460410849,0.3957095353329,0.1563935908193,0.5124949831427,0.2466225218021,0.4241026120210,0.4752930795617,0.3662950833891,0.7137179349838,0.3984892863418,0.4926806875436,0.4406708478989,0.3014917952058,0.3770276241639,0.2832028434918,0.5471792463066,0.6330812557052,0.0334204154305,-0.0318332072390,0.5113952610377,0.6220397134241,0.2496038706628,0.7067400372961,-0.0799554205421,0.6357410899324,0.4073687901170,-0.0499248664679,0.1431889555683,-0.1123778317542,-0.0777858054303,0.3726038660499,0.2888303155701,0.2095461964585,0.3940019592281,0.1154902189505,-0.0168124292186,0.2437384855105,0.1476795748775,0.3762828157050,-0.0735140108556,-0.1701579589786,0.5195440103278,0.2480082296197,0.5563661642903,0.2747079693773,0.4393350423449,0.1906709913374,0.0511691805297,0.2038008017121,0.1964605182155,0.5010856666762,0.2215537560800,0.1398345306056,-0.0444774851218,0.4386063461497,0.6523139771369
0.3934835489443,0.3277327592236,1.0000000000000,0.6463475816302,0.1711685193898,0.0401016731873,0.1902198637623,0.6210278846909,0.0269947379008,0.1845597050059,0.1016513630275,0.3602665836867,0.1023169436718,0.5235659256988,0.3383992654236,0.2681519369968,0.4682320615951,0.4871798596539,0.2401376656343,0.4981072985706,0.1405117567710,0.5192430938263,0.3743995628539,0.6832562674679,0.6053365616272,0.7075849983207,0.7057613682626,0.8368755334611,0.6270883074131,0.2159881671936,0.4906550865668,-0.0241195201690,0.0002771182090,0.1136098907073,0.4005179532532,0.1889802723716,0.2387836770470,0.5207143526479,0.4406039071961,0.0784857291710,-0.0138646712839,0.1115996590054,0.3320520702855,-0.0942360768012,0.1421414038322,-0.0955784589068,0.2130348682257,0.0211394746407,0.2299669003234,0.0669448104509,0.2525200192222,0.4326425836054,0.1784922949035,-0.1372288167081,-0.3369672828349,0.1323470382141,0.2767781852174,0.3162876644324,0.4144867598102,0.3821495070924,0.4298608289103,0.4378054122793,0.6959722294910,0.3867630544278,-0.1007590407920,0.3339936100075,-0.0154241426889,-0.0257771475843,0.0069140074819,0.3650139231308
0.4736738150452,0.7253199861859,0.6463475816302,1.0000000000000,0.4878966277275,0.1078686919017,0.4006962237545,0.5117399478705,0.1464496897141,0.5448257723032,0.4544523052575,0.4921278114622,0.5019418545845,0.5239951438072,0.4464988271128,0.5234094980654,0.4225640894684,0.6207259584687,0.3493123753420,0.6130392199218,0.5101465287786,0.5625641143546,0.7632207313988,0.6278717155661,0.7302972979625,0.7770497801144,0.5765071194149,0.6371899828139,0.5326471743234,0.5847962455490,0.6978562868907,0.0112306163831,0.0262484560767,0.5199610548684,0.6230308144878,0.3463249465258,0.4363596339737,0.1537401548864,0.6944225583284,0.4059429169997,0.0058525131733,0.1587924553718,0.0593986591475,-0.1342176757053,0.5138351097348,0.1211406500265,0.2324430228732,0.3902433245725,0.1372765895489,0.0755972411784,0.3713949932163,0.4196884938186,0.2994322654749,-0.1835530254064,-0.4418114338449,0.5200998203721,0.3671355363283,0.5770487545384,0.3930783115659,0.6136839986258,0.3132436999686,0.1599315043933,0.4384065066181,0.3661596784408,0.3138768447675,0.2405573359568,0.0788904556201,0.0026884536574,0.2919918431013,0.6685876937480
0.1931972389819,0.3978460291032,0.1711685193898,0.4878966277275,1.0000000000000,0.2715283333559,0.0384119198820,0.1284236277836,0.2498764782795,0.5538537009634,0.6458210352949,0.1552210985380,0.5468843038244,0.2014429618406,0.3385487705336,0.3802767685946,0.2099263671204,0.2747350983334,0.1174221720759,0.0487374723116,0.8320522788875,0.4847293692911,0.6117169545319,0.2715311276124,0.6337979293514,0.2712807765212,0.0368219056617,0.1261262271447,0.3482599581857,0.4982406863737,0.5865301279109,-0.0858554987721,0.1481501091442,0.5704121836353,0.2387614226250,0.2529131885324,0.1581649108176,-0.3328092557420,0.4835362461770,0.8610986232553,0.1859559705858,-0.0307087636815,-0.2362936067540,-0.0320139906453,0.5122616936084,0.2197931200525,0.0772308379711,0.5949601382033,-0.0306686253055,0.0804582640832,0.3216833406012,0.2530479420088,-0.0246488187753,-0.1161293762352,-0.2041950485651,0.8431967245398,0.3300441218633,0.3895484511699,0.0613628750161,0.7186850265487,0.0578553629721,-0.1385859129163,-0.0979937400203,0.2528098434746,0.4903554465912,-0.1866594129166,-0.0111421530420,0.1998645529351,0.3292984303146,0.3454959080743
-0.1464200449819,0.0604502399553,0.0401016731873,0.1078686919017,0.2715283333559,1.0000000000000,0.1221350695232,-0.1349374144028,0.7057778008848,0.0705091827569,0.4572499416653,0.1820877410441,-0.0214842751144,0.1671864498797,0.5756952614046,0.2760121681198,0.0045621693552,-0.1263217692390,0.2323227461051,-0.1124393671602,0.1676973632161,0.1788427870065,0.0261237960565,0.1022547857338,-0.0193609315775,0.0599960284384,-0.1749123985905,0.0123370040217,-0.0140911728023,0.1409901878441,0.2362994417185,-0.1318820900342,0.7666122001054,0.2219126321972,-0.1025557408940,-0.1639227557475,-0.1228887514206,0.0440232854474,0.2206611068108,0.2311197611045,0.7572073091736,0.1515445815724,-0.3929246505182,0.4725358507034,-0.1070286323263,-0.0368148850805,0.0628238742177,0.0015435454918,-0.2127625646814,0.0730246242703,0.4004330475077,-0.0217744958889,-0.1751477088973,-0.1245162762835,-0.3895236032620,0.2123877607264,0.1807349619695,-0.1221645778197,0.1035354977216,0.0081874951073,-0.2416936812885,-0.2562926510073,-0.0286656165000,-0.0803783253873,-0.0182675273825,-0.2185683030451,-0.2399665909122,0.5952883101650,0.0082659443924,0.0053833645988
0.2061147405858,0.2812299953221,0.1902198637623,0.4006962237545,0.0384119198820,0.1221350695232,1.0000000000000,0.1483770270518,0.2990119063369,0.1322992027887,0.3963118505346,0.1631289370113,0.5074234793787,0.3356326749994,0.2198369231222,0.6431485281353,0.2774698965849,0.2301042422719,0.2494801945188,0.3420406736085,0.2426083678201,0.2693939151724,0.2288775217445,0.3601860700294,0.1825296795866,0.3646900306891,0.3745901868078,0.2751727506218,0.2114354180315,0.4541710470846,0.1644837961853,0.0680072167211,0.1241267745738,0.3355761512027,0.4076903562740,-0.1338559299173,0.2044634692649,0.1519321101977,0.1761839042285,0.0266705398449,0.1554442818919,0.5249979406653,-0.1146095495980,-0.0196147296853,0.1295767773309,0.1438285816813,-0.0541993699191,0.3832493004936,-0.1426428424282,-0.2509657910153,0.4089247166083,0.2331788564696,0.1698108943438,-0.3678828541460,-0.4465165703388,0.2021360763717,0.2422709722092,0.2087855727571,0.3281136736521,0.1395936664531,-0.0324829985494,-0.0412567094103,0.2399370310083,0.1752541728817,0.1475433020392,0.1464805112238,-0.0281949211893,0.1869618641153,0.2276247591725,0.2952914054853
0.5703139604353,0.2276742719168,0.6210278846909,0.5117399478705,0.1284236277836,-0.1349374144028,0.1483770270518,1.0000000000000,-0.0895187410133,0.3742644716971,0.0842614433894,0.2751342448664,0.1385524469779,0.4078962275647,0.3048352736467,0.2728109955348,0.1636826421617,0.3877689287046,0.2019628927840,0.4417617078778,0.0935681506336,0.2112772753627,0.3282119800834,0.2936323933330,0.5848340012241,0.5148287514910,0.5342777762219,0.5479903375478,0.5144990918190,0.2049209412581,0.3723464692823,0.1422877840678,-0.1640972840205,0.1120406591636,0.3314453774224,0.2647206850567,0.2740587548177,0.2365181386345,0.3671579068188,0.0840956262511,-0.2274905804787,-0.1126296543514,0.5015210299230,-0.3342827601289,0.3254137602543,-0.0100655441886,0.1664498539320,0.0107487406680,0.2607495692451,0.1939748602867,0.0271337760343,0.1678443084806,0.1382591415304,-0.0327731861421,-0.1565395701333,0.0474849962215,-0.0153614313222,0.3829738771879,0.0706750555374,0.3499443216831,0.3167710713742,0.3785948503322,0.4723353616088,0.2680137852567,-0.0943089414116,0.1683593289148,0.1915580166942,-0.1446168705165,-0.0673379314104,0.2649275905161
-0.1784777892684,0.0721429502872,0.0269947379008,0.1464496897141,0.2498764782795,0.7057778008848,0.2990119063369,-0.0895187410133,1.0000000000000,0.0822207772888,0.5017078203255,0.0994958982019,-0.0323737628242,0.2308644446922,0.6883746124579,0.2278788540705,0.0712651378069,-0.0660771242680,0.2885394745754,-0.0663897005425,0.1753008044628,0.1063082064939,0.1111045320797,0.0630545625332,-0.0463397019256,0.1052474666576,-0.0350601557490,-0.0397008616476,-0.0180817033237,0.1598170011440,0.1436439830365,-0.0273945272723,0.4911703049685,0.1744872604868,-0.1911667076322,-0.1123618708963,-0.1075018454051,-0.0335078992087,0.1895297976486,0.2321044514411,0.5049998833959,0.2019374756583,-0.2756036473570,0.3865911921064,-0.0809478205265,0.1887724886445,0.1238581806338,0.0896943134884,-0.1560056058171,0.1333357278198,0.2140113110515,0.0256563018008,-0.1949810763077,-0.1418106029421,-0.3322205473658,0.1954250193247,0.0933414395276,-0.1170072029298,0.0859375531866,0.0384616588213,-0.1030103098836,-0.1858149718518,-0.0948702195808,-0.0923250441274,0.0853436307904,-0.2504083432678,-0.1183355774755,0.4397034006669,0.0204675769300,0.0427169290195
0.4730812065984,0.3527487529946,0.1845597050059,0.5448257723032,0.5538537009634,0.0705091827569,0.1322992027887,0.3742644716971,0.0822207772888,1.0000000000000,0.3922913594499,0.1819390454528,0.4313312167655,0.3195489895011,0.4487056711369,0.4559141658870,-0.0054026164749,0.2677687662855,0.1967805938444,0.2596813308883,0.4218231475733,0.1661507404498,0.6046747895602,0.0727343077453,0.6074293791173,0.4018300546178,0.0601612283855,0.1958771093825,0.1053832320618,0.3926239173305,0.3778411033349,-0.0331038117216,-0.1366849441615,0.3335764328874,0.2491281085917,0.3618083679617,0.0889123960875,-0.2207194601145,0.5462251146245,0.4682159214626,0.0349021716707,0.0238521874166,0.0096211473933,-0.1805603779728,0.8297791237851,0.1318200475215,0.1249741571258,0.3904306631189,0.1459745724197,0.2665588694821,0.2193487358708,0.0202494701062,-0.0329732366963,-0.0167039938982,-0.0912231371663,0.4324675048610,0.0569705239731,0.4455173412607,-0.0988754622651,0.6494368513664,0.1870409898844,-0.0424087778497,0.0714223134119,0.0751198655679,0.2626450494307,-0.2567784712219,-0.0042922759975,-0.0324611853534,0.1341978228393,0.2715690313954
-0.0008300672789,0.4357522909614,0.1016513630275,0.4544523052575,0.6458210352949,0.4572499416653,0.3963118505346,0.0842614433894,0.5017078203255,0.3922913594499,1.0000000000000,0.1654647526886,0.5444179683443,0.2468939476368,0.4932619829962,0.4222485089810,0.2561327521986,0.1456875115979,0.1955553457213,0.1080614506242,0.6748136036237,0.4401553616693,0.4495467835680,0.3425570517671,0.3196120188950,0.2646685968303,-0.0016094095582,0.1381209272045,0.2917072399461,0.4660268227151,0.5025158859725,0.0132643065638,0.2665303593967,0.5367860530168,0.1215847987493,0.0286006086898,0.1217172184727,-0.1919887096258,0.4074405653833,0.6002735088693,0.2959490870858,0.1740404372365,-0.4186194108000,0.0847369129257,0.2417715651463,0.3615421879428,-0.0227960409285,0.4633375554527,-0.2156342618417,0.0286678077717,0.3471575796988,0.2529409756109,0.0245547339606,-0.2475649254151,-0.3811772505300,0.6595217157962,0.3320400362040,0.1965869960417,0.2169738212165,0.3457063506569,-0.1070481404986,-0.2864442493790,-0.0352355884783,0.1443636753780,0.4149768147373,-0.1980222043171,-0.0544932400620,0.2394203612284,0.2779832346093,0.2510088856408
0.2618989163294,0.3803634562489,0.3602665836867,0.4921278114622,0.1552210985380,0.1820877410441,0.1631289370113,0.2751342448664,0.0994958982019,0.1819390454528,0.1654647526886,1.0000000000000,0.2625907254864,0.4170692194209,0.3038199463239,0.2618362261853,0.0659581026254,0.3261654449631,0.6832224782249,0.4469088210209,0.2761510958409,0.2226622125273,0.3155792669645,0.2611664818994,0.3375148730398,0.2900402979491,0.2619041335023,0.3462623042639,0.2681456751833,0.3826588365284,0.4438933384031,0.0621792509161,0.2831970884263,0.1768057265859,0.3402919208978,0.1867079947307,0.1563365312165,0.1008426368436,0.3736936063395,0.1356411808214,0.0267889752928,-0.1044097448010,-0.0159773280107,-0.0002891224129,0.0723747539101,0.0295494293451,0.6171818258766,0.1057357429066,0.3103910645406,0.1753998308290,0.1928011084390,0.0702966101250,0.1410683242128,0.3564945283408,-0.1911940690672,0.2117219364916,0.0409240311564,0.1338677764341,0.0130509679552,0.1703721449037,0.0636171669724,-0.0415648105118,0.2205731647119,0.1769066112427,0.1587406415200,-0.0159008757920,0.0388941905755,0.1749004968678,-0.0746388345428,0.1801123926865
0.2361626363262,0.4285104694586,0.1023169436718,0.5019418545845,0.5468843038244,-0.0214842751144,0.5074234793787,0.1385524469779,-0.0323737628242,0.4313312167655,0.5444179683443,0.2625907254864,1.0000000000000,0.1930586621936,0.0137805103919,0.5744731458202,0.2475656404327,0.3108787396037,0.2348804752396,0.2951792941846,0.7500654068977,0.4696237978324,0.5411082068544,0.3513635771878,0.4918248413742,0.2321702758467,0.1478675772442,0.2163991536787,0.3667962506584,0.6657244553002,0.5270009337713,0.1133453590995,-0.0345850396936,0.5800654252052,0.3969269934062,-0.0050022579719,0.1805767716316,-0.2003323140982,0.2762896028620,0.5969087482564,0.0044325563646,0.2134674700970,-0.2449410650418,-0.2740678689285,0.4065142621784,0.2589410233671,-0.0187551167254,0.8611072744599,-0.1827682050861,-0.2451423225025,0.3321815958404,0.2807377942500,0.1715176319102,-0.1917536100847,-0.2934524439411,0.7150246425027,0.4025426348337,0.3988707313839,0.1888726692006,0.5004269750066,-0.1978685516620,-0.2573895777838,0.0644629171773,0.4124042630412,0.5011218319995,0.0037571709413,0.0546552068863,0.0946234126948,0.3526759020158,0.2789740559654
0.3192099066589,0.2906923896423,0.5235659256988,0.5239951438072,0.2014429618406,0.1671864498797,0.3356326749994,0.4078962275647,0.2308644446922,0.3195489895011,0.2468939476368,0.4170692194209,0.1930586621936,1.0000000000000,0.5000404576400,0.4813951022836,0.2268212270847,0.2089046015481,0.6256765563287,0.3942823052874,0.1877981607098,0.2777983258759,0.3140813711786,0.3463780012792,0.4821164945148,0.7049614009593,0.4455476087031,0.5363503200091,0.3402603936895,0.3977617646601,0.2678349282470,0.3134793290425,0.1485372350063,0.1695074329484,0.3022832157924,0.1777764254591,0.1922092276130,0.3034301073836,0.4745629945920,0.1624431099574,0.1293040396330,0.1528672445405,0.1887994226670,-0.1346403559937,0.2126310827019,0.0192647704848,0.4194128783582,0.0864327363965,0.4030404206827,0.1111499458092,0.3096346131965,0.1998444523302,-0.0546824900066,-0.0748329614420,-0.4418853487094,0.1585577754117,0.1502120623559,0.2311526146072,0.1794661049374,0.3749965600084,0.3468711154629,0.1994111105444,0.4941597695088,0.2778271935085,0.0916277669778,-0.0158193758466,0.0595421332482,0.2832152254722,-0.0377518841265,0.2783705796284
0.3417407087879,0.2849460410849,0.3383992654236,0.4464988271128,0.3385487705336,0.5756952614046,0.2198369231222,0.3048352736467,0.6883746124579,0.4487056711369,0.4932619829962,0.3038199463239,0.0137805103919,0.5000404576400,1.0000000000000,0.3818561139855,0.0837481654905,0.2147464547603,0.4732095354763,0.3071072231990,0.2090682714945,0.1852684023209,0.3284306773813,0.2040925276360,0.3048418425957,0.4619978776046,0.1251336348321,0.3090894749168,0.1296779652572,0.3398213337445,0.3317848165231,-0.0913135379900,0.3625899313438,0.2222620059600,0.1316687482797,0.2230653354265,0.0454666318532,0.1197087893492,0.4966785136417,0.2487953293921,0.3683578559555,0.0484189573499,-0.0748005626665,0.1827099630066,0.2327563267496,0.0474949669167,0.2461304215541,-0.0024907463609,0.0708707571104,0.3606039572634,0.2241861561426,0.0552465628340,-0.1477478829757,-0.0669440985277,-0.3382728121590,0.1930135039096,0.0619720175982,0.1639405155594,0.0910945276662,0.2720999330297,0.1509820329548,0.0057907666787,0.2242487690217,-0.0463296827051,0.0288362881221,-0.2097051333368,-0.1653630633151,0.2901715614218,-0.0257932977655,0.1978718730837
0.3495894789719,0.3957095353329,0.2681519369968,0.5234094980654,0.3802767685946,0.2760121681198,0.6431485281353,0.2728109955348,0.2278788540705,0.4559141658870,0.4222485089810,0.2618362261853,0.5744731458202,0.4813951022836,0.3818561139855,1.0000000000000,0.2037109684107,0.2857283289886,0.2658512977807,0.2973009695997,0.4288218587381,0.3433716764188,0.4269720587912,0.3478648524608,0.4882805675062,0.4958056759584,0.3048433789017,0.3029625018486,0.2631112049949,0.6733571418816,0.3341895437466,-0.0328133712792,0.1770116267467,0.4787773498089,0.5301125784868,0.0897833728387,0.2834865671186,0.0686336241484,0.4600644738100,0.3721896062149,0.2549421324198,0.3999698851838,-0.0441792904420,-0.0292327484567,0.4466104507554,0.1551366225698,0.1172136384300,0.5341808660358,0.0849006284687,-0.0359887423482,0.6200720061207,0.1793229360796,0.0292021076963,-0.2461297781704,-0.3797879986068,0.4569938232723,0.2701771200826,0.4221230724339,0.2324565169106,0.4642036853628,0.1092413040717,0.0174071382614,0.2374359357919,0.2096715433726,0.3048589967186,0.0382504463863,-0.0514297881379,0.2865365332991,0.2672865186152,0.3888457841361
0.1329249366810,0.1563935908193,0.4682320615951,0.4225640894684,0.2099263671204,0.0045621693552,0.2774698965849,0.1636826421617,0.0712651378069,-0.0054026164749,0.2561327521986,0.0659581026254,0.2475656404327,0.2268212270847,0.0837481654905,0.2037109684107,1.0000000000000,0.2360648776769,0.0143817765222,0.1541790869695,0.2449531846361,0.7701477999183,0.3637927777772,0.8284303428058,0.3223663406703,0.4491132694605,0.4252516865219,0.4994453054237,0.6060059914662,0.3114684289609,0.3015542607176,-0.0055730224734,0.0641391972468,0.3685189808554,0.2559246690529,0.0085644512392,0.0824351055984,0.3140077766863,0.1123085321220,0.1169226463677,0.0052414243208,0.2237266295352,0.0237127495699,-0.0060181271109,0.0470416036885,0.0009630325934,-0.1608054747818,0.2308356634128,-0.0943203785067,-0.1487677798375,0.3109032558271,0.9610123984138,0.0413974934281,-0.3644442590791,-0.4246750573388,0.2363276822300,0.7452959223422,0.3832093604634,0.7852510872580,0.3147561690968,0.1785467742673,0.0710782632169,0.3819317282669,0.5338471858997,0.0940471065990,0.4092471810325,-0.0350954483832,-0.0360469648506,0.2893325802187,0.2644249847019
0.5671066521262,0.5124949831427,0.4871798596539,0.6207259584687,0.2747350983334,-0.1263217692390,0.2301042422719,0.3877689287046,-0.0660771242680,0.2677687662855,0.1456875115979,0.3261654449631,0.3108787396037,0.2089046015481,0.2147464547603,0.2857283289886,0.2360648776769,1.0000000000000,0.1296275835101,0.7293845374014,0.4111822946434,0.3431806935752,0.5139044322372,0.4372761056298,0.5318136780756,0.4603173505404,0.5587053694825,0.3953140092133,0.3151286370527,0.3756005172467,0.5526331647854,-0.1333183851236,-0.1065167259285,0.3869164667674,0.6839427267476,0.3431697397969,0.4934653032117,0.0538704602740,0.4669375010791,0.2250805624289,-0.0973649408218,-0.0734401289959,0.0530222620083,-0.2031687418477,0.3591791183245,-0.1478618045899,0.0611173732374,0.1928441473445,0.1325432045842,0.0022184572790,0.1920670869401,0.2318105341998,0.5220850141956,-0.1021548037347,-0.1110937376403,0.3589192678001,0.1571903957688,0.4293174169838,0.2170623811576,0.4078493850740,0.2235791424289,0.2513748652600,0.2545485305516,0.1553945948665,0.1477991818664,0.2580984364575,0.0126789477234,-0.0932231069641,0.2307548832428,0.5264452889646
0.2208064412723,0.2466225218021,0.2401376656343,0.3493123753420,0.1174221720759,0.2323227461051,0.2494801945188,0.2019628927840,0.2885394745754,0.1967805938444,0.1955553457213,0.6832224782249,0.2348804752396,0.6256765563287,0.4732095354763,0.2658512977807,0.0143817765222,0.1296275835101,1.0000000000000,0.4515466706727,0.1864203411020,0.1919069827740,0.2704968314597,0.1847695058361,0.2552037148571,0.2973805735058,0.1113138106516,0.2987688812600,0.1958905251571,0.3492163997493,0.3457215747784,0.2236321451844,0.2977688920090,0.1069615295200,0.2001295010962,0.0337367386101,0.0823363263585,0.1228480927419,0.3418859833203,0.1297009415602,0.1406587337634,-0.0680500854254,-0.1159152264454,-0.1699318141547,0.0686358614447,-0.0955322812525,0.4520798926013,0.1046501564782,0.0465120585499,-0.0035012335571,0.1219039232550,0.0135585394292,0.0014651173818,0.0565012015407,-0.3081639147719,0.1105586852278,0.0335336540584,0.1132322421754,0.0023122356597,0.1539597811245,-0.0212157423083,-0.1245355433336,0.2170098293669,0.1543504002486,0.1175389414915,-0.1367075855970,-0.0863602037270,0.2629766351044,-0.0977562330130,0.0711006043476
0.5424618746333,0.4241026120210,0.4981072985706,0.6130392199218,0.0487374723116,-0.1124393671602,0.3420406736085,0.4417617078778,-0.0663897005425,0.2596813308883,0.1080614506242,0.4469088210209,0.2951792941846,0.3942823052874,0.3071072231990,0.2973009695997,0.1541790869695,0.7293845374014,0.4515466706727,1.0000000000000,0.1920912763906,0.2298115915637,0.3676906648032,0.3861102394699,0.4254475426260,0.5852253818756,0.6009451548396,0.5092912718401,0.2928054570339,0.3283728912868,0.4303991625679,-0.0382092573474,-0.0884385921466,0.1592655947582,0.6217636885532,0.1648885808329,0.3310125570891,0.2792561839482,0.4025024429407,0.0210285475861,-0.1094638701944,0.0156141376237,0.0202849880505,-0.2625793833964,0.2559796131978,-0.2176680195693,0.0884334930593,0.0973060949824,0.0563228319574,-0.0915481441735,0.1474997880980,0.1556568561567,0.4367376436243,-0.1527744033839,-0.2358246067248,0.1323311219096,0.0425052044227,0.3201321853814,0.1696751353685,0.2147434096676,0.2023253767599,0.2296102507887,0.3910302406904,0.1182381820294,-0.0089341053742,0.2194855037297,-0.1200577543132,-0.1420725245590,-0.0248413304019,0.4145222754451
0.1969870144071,0.4752930795617,0.1405117567710,0.5101465287786,0.8320522788875,0.1676973632161,0.2426083678201,0.0935681506336,0.1753008044628,0.4218231475733,0.6748136036237,0.2761510958409,0.7500654068977,0.1877981607098,0.2090682714945,0.4288218587381,0.2449531846361,0.4111822946434,0.1864203411020,0.1920912763906,1.0000000000000,0.5045795354571,0.6249868662028,0.3348328607752,0.5777157086604,0.2451955300980,0.0906717314983,0.1394499576278,0.3611560532286,0.5668977500209,0.6374053978780,-0.0279461852949,0.1025841275683,0.6454349927882,0.3712886317279,0.2005241741039,0.2808917691298,-0.3243554984198,0.4326800273724,0.7648173042495,0.1046264087288,0.0316650289388,-0.3127600676960,-0.1089487179833,0.4102194546709,0.1924421321053,0.1111584881272,0.6932566826166,-0.0664174349165,-0.0519767651221,0.3964276716875,0.2896837424790,0.1535066281081,-0.1097951925159,-0.1896016147699,0.9003932611745,0.3675408640009,0.3702492387799,0.1190022088423,0.6016634540342,-0.0087173486386,-0.1805300116029,-0.0843687980374,0.2976004023174,0.5677673838565,-0.1042572971520,0.0066215255072,0.1904090056077,0.4109329300981,0.4164076457331
0.1737998937633,0.3662950833891,0.5192430938263,0.5625641143546,0.4847293692911,0.1788427870065,0.2693939151724,0.2112772753627,0.1063082064939,0.1661507404498,0.4401553616693,0.2226622125273,0.4696237978324,0.2777983258759,0.1852684023209,0.3433716764188,0.7701477999183,0.3431806935752,0.1919069827740,0.2298115915637,0.5045795354571,1.0000000000000,0.5015640826057,0.9030615095219,0.5250717849849,0.4350732137281,0.3265301236914,0.5414529933651,0.7188493297217,0.4958017504696,0.6132885441550,-0.0178881424499,0.1632216818429,0.5393074260921,0.3985663534027,-0.0145119784113,0.1942185627225,0.1930764672197,0.3336077997197,0.4077323473790,0.1290652029947,0.1366961761711,-0.1416828480872,-0.0842492204509,0.1782842698402,-0.0199607442194,-0.1154022448676,0.4319164956045,-0.2069751223514,-0.2258369177955,0.3748757983493,0.7746478108371,0.1450451899311,-0.3835264800686,-0.4896432280830,0.5025610976923,0.8338114034440,0.4498074358943,0.7295790885675,0.4782051539496,0.0437293165120,-0.0539817475177,0.3659321362834,0.6243862284786,0.2911071644039,0.3168685142105,-0.0668128445333,0.0764380118787,0.3955665695099,0.3438625873760
0.3810046665639,0.7137179349838,0.3743995628539,0.7632207313988,0.6117169545319,0.0261237960565,0.2288775217445,0.3282119800834,0.1111045320797,0.6046747895602,0.4495467835680,0.3155792669645,0.5411082068544,0.3140813711786,0.3284306773813,0.4269720587912,0.3637927777772,0.5139044322372,0.2704968314597,0.3676906648032,0.6249868662028,0.5015640826057,1.0000000000000,0.4361305360734,0.7173116596851,0.4886873698323,0.2749037960876,0.3422924194189,0.4235905060949,0.6019832867161,0.7165900975832,0.0582477791621,-0.0720925097297,0.6113453795048,0.5203847142038,0.3657126527044,0.4610518294634,-0.1661414272292,0.6233951534802,0.5756816809444,0.0139762874028,0.1121331521224,0.0233800205723,-0.1654920777808,0.6300730308850,0.2253396696527,0.2287028617628,0.5339359837995,0.0847381581523,0.0432528111368,0.2684553683560,0.3734965749736,0.1670267368400,-0.1063187793962,-0.1819121263719,0.6482649519779,0.3786672202413,0.7632447462217,0.2719808202111,0.7482662060595,0.2705832942521,0.0336016177094,0.1433873958787,0.3812771291578,0.4804716375713,0.1653541186661,0.1616919224604,-0.0210690100331,0.4357419001503,0.5804321604513
0.2401145937077,0.3984892863418,0.6832562674679,0.6278717155661,0.2715311276124,0.1022547857338,0.3601860700294,0.2936323933330,0.0630545625332,0.0727343077453,0.3425570517671,0.2611664818994,0.3513635771878,0.3463780012792,0.2040925276360,0.3478648524608,0.8284303428058,0.4372761056298,0.1847695058361,0.3861102394699,0.3348328607752,0.9030615095219,0.4361305360734,1.0000000000000,0.4642837052416,0.5862207986414,0.5283802883547,0.6847842181188,0.6904863340260,0.4243239148808,0.5521347048096,-0.0754553399096,0.1213181056944,0.4316965066619,0.4930667131329,0.0056653781693,0.2691135220807,0.4040446260080,0.3384113742187,0.1896494775506,0.0552628009644,0.2125785692415,-0.0575056397701,-0.0499974812211,0.0973275348357,-0.0635959930345,-0.1085306167171,0.2745246921238,-0.1390723512615,-0.1981387706224,0.3950065026983,0.8005605558383,0.2551983110680,-0.4201658839608,-0.5260026518916,0.3367474858893,0.7454173097224,0.4233438990561,0.8280042868081,0.3391527309736,0.1633670107175,0.1033080749706,0.5158114157215,0.5162300907244,0.1498499278208,0.4636778286231,-0.1176928803990,-0.0140235577786,0.3387639040883,0.4281257662740
0.5483332619811,0.4926806875436,0.6053365616272,0.7302972979625,0.6337979293514,-0.0193609315775,0.1825296795866,0.5848340012241,-0.0463397019256,0.6074293791173,0.3196120188950,0.3375148730398,0.4918248413742,0.4821164945148,0.3048418425957,0.4882805675062,0.3223663406703,0.5318136780756,0.2552037148571,0.4254475426260,0.5777157086604,0.5250717849849,0.7173116596851,0.4642837052416,1.0000000000000,0.6133702165582,0.4466388824612,0.5416438297214,0.6660170383255,0.5019960122453,0.6590439378500,0.0141967448527,-0.1059086291919,0.4250982496729,0.5546994994852,0.4197499366683,0.3746332922935,0.0761593159942,0.6226113557203,0.5519470118940,-0.0192698576591,-0.0008896115870,0.2597043946477,-0.2689961186435,0.6286267889944,0.0464488313525,0.2617189902489,0.4253832691381,0.2292705147847,0.0860500934246,0.3148664978872,0.3493157725375,0.1737261662764,-0.0903311987566,-0.2101849945053,0.5746775688658,0.2912778425951,0.6031566536411,0.2000726879747,0.8645530093411,0.3802867397626,0.2771980919124,0.3788236998073,0.5081599406170,0.2822134664378,0.1921886775855,0.0854097005788,0.0412571428586,0.2173136073607,0.4995776995304
0.4632219013695,0.4406708478989,0.7075849983207,0.7770497801144,0.2712807765212,0.0599960284384,0.3646900306891,0.5148287514910,0.1052474666576,0.4018300546178,0.2646685968303,0.2900402979491,0.2321702758467,0.7049614009593,0.4619978776046,0.4958056759584,0.4491132694605,0.4603173505404,0.2973805735058,0.5852253818756,0.2451955300980,0.4350732137281,0.4886873698323,0.5862207986414,0.6133702165582,1.0000000000000,0.7151148941928,0.7302652709596,0.4576981758968,0.4020707883206,0.4012208239263,-0.0218338913035,0.0084988623329,0.2741180226696,0.5601402397774,0.2786288505255,0.3213486301453,0.3995089012624,0.5697351584279,0.1888396664344,-0.0025082308797,0.2368535608762,0.2086584742405,-0.1347703294898,0.3838147216748,0.0096595699787,0.1493647739699,0.1558317438372,0.2371508215744,0.0387468141472,0.3652182331228,0.4235374833759,0.1315645809551,-0.3252661707444,-0.4670354491307,0.2538486398072,0.2710200226754,0.4429371322836,0.3989839892188,0.4827827318858,0.5630886747123,0.3953999401351,0.6179208300120,0.2894818818616,0.0636552686029,0.2602252624046,-0.0537518516083,0.0150536022781,0.1190175277998,0.6223273935468
0.4005146284688,0.3014917952058,0.7057613682626,0.5765071194149,0.0368219056617,-0.1749123985905,0.3745901868078,0.5342777762219,-0.0350601557490,0.0601612283855,-0.0016094095582,0.2619041335023,0.1478675772442,0.4455476087031,0.1251336348321,0.3048433789017,0.4252516865219,0.5587053694825,0.1113138106516,0.6009451548396,0.0906717314983,0.3265301236914,0.2749037960876,0.5283802883547,0.4466388824612,0.7151148941928,1.0000000000000,0.6585278613808,0.4514743136917,0.2566523000938,0.2868807773740,0.0268782979112,-0.0748420690808,0.1512688447332,0.5411826197778,0.1479937358276,0.3370717583826,0.4026004598140,0.2373788166413,-0.0413837406004,-0.1508295425294,0.2728682287302,0.3294458795555,-0.0719426361498,0.1240409960879,-0.0113057657904,0.0917714776993,0.0667307947771,0.2802732591885,-0.0761130440273,0.2568358195454,0.3830507835949,0.2728241377069,-0.1972527068816,-0.3181160207643,0.0844032175058,0.1550338251086,0.2725510942222,0.3305600669838,0.2770169183817,0.4613076766208,0.5472996005996,0.5641169493303,0.2709713808390,-0.0645372531229,0.4224331183647,0.0714198585068,-0.1321081900101,0.0586173453593,0.5020468835483
0.3517005893089,0.3770276241639,0.8368755334611,0.6371899828139,0.1261262271447,0.0123370040217,0.2751727506218,0.5479903375478,-0.0397008616476,0.1958771093825,0.1381209272045,0.3462623042639,0.2163991536787,0.5363503200091,0.3090894749168,0.3029625018486,0.4994453054237,0.3953140092133,0.2987688812600,0.5092912718401,0.1394499576278,0.5414529933651,0.3422924194189,0.6847842181188,0.5416438297214,0.7302652709596,0.6585278613808,1.0000000000000,0.5902002492858,0.2702212552184,0.4178440790881,0.1002843180786,-0.0107349574366,0.1705165791163,0.4089291904486,0.0821172587299,0.2141252278418,0.5018241111477,0.3720676913317,0.0867241569740,-0.0668852600609,0.1549240996678,0.2258809879421,-0.1411360142244,0.1108507005985,-0.0023024106289,0.0889389618481,0.1037333587835,0.1564354853446,-0.0101876117505,0.2213927067773,0.4737441741067,0.1691805575244,-0.2082301997811,-0.3866803520718,0.1077206376271,0.3966258721523,0.3062814254177,0.4894330707824,0.3659737172352,0.3531147914356,0.3373037841481,0.8750801473059,0.4966625386002,-0.0130893275176,0.3173898585217,0.0308068898416,-0.0250589092921,0.1078726448210,0.3889040202061
0.2618083878402,0.2832028434918,0.6270883074131,0.5326471743234,0.3482599581857,-0.0140911728023,0.2114354180315,0.5144990918190,-0.0180817033237,0.1053832320618,0.2917072399461,0.2681456751833,0.3667962506584,0.3402603936895,0.1296779652572,0.2631112049949,0.6060059914662,0.3151286370527,0.1958905251571,0.2928054570339,0.3611560532286,0.7188493297217,0.4235905060949,0.6904863340260,0.6660170383255,0.4576981758968,0.4514743136917,0.5902002492858,1.0000000000000,0.3670228632966,0.5486679837276,0.1610747103200,-0.0123228275943,0.3025768680951,0.3293088116129,0.0414190792089,0.1690474443527,0.2644708657541,0.2327963559971,0.3253235244399,-0.0419685837374,0.0399332861723,0.2539834141319,-0.2124117615841,0.1472191509919,0.0409541197299,0.0637306832293,0.2791922977607,0.0191780951725,-0.1240596559306,0.1770689361204,0.6048853344666,0.1145634617671,-0.1990673363101,-0.3414018036433,0.3304170538330,0.4991053909803,0.3529384772902,0.4748596727698,0.4731390714001,0.1495274991422,0.1330532390922,0.4208828422261,0.7828079009113,0.1228944921878,0.3731622532883,0.1555756806637,0.0265814711183,0.1174176125069,0.2567558894874
0.3623163882945,0.5471792463066,0.2159881671936,0.5847962455490,0.4982406863737,0.1409901878441,0.4541710470846,0.2049209412581,0.1598170011440,0.3926239173305,0.4660268227151,0.3826588365284,0.6657244553002,0.3977617646601,0.3398213337445,0.6733571418816,0.3114684289609,0.3756005172467,0.3492163997493,0.3283728912868,0.5668977500209,0.4958017504696,0.6019832867161,0.4243239148808,0.5019960122453,0.4020707883206,0.2566523000938,0.2702212552184,0.3670228632966,1.0000000000000,0.5533507983141,0.0980942564669,0.1335789701470,0.7421833553455,0.5628059432901,0.1960252608500,0.3331669194054,-0.0407732311225,0.4634422616703,0.5329095675741,0.0899424765627,0.1682417179298,-0.0341831472365,-0.0997332175947,0.3918144863935,0.2521936007550,0.2248183544108,0.6276286070511,0.0675270684713,-0.0407625565123,0.3626322182439,0.3132944996622,-0.0091529434977,-0.0964483414159,-0.3868072750309,0.5729686514298,0.4229431278806,0.5456301220005,0.2993278040535,0.5347608233255,0.0519237734818,-0.1185836951487,0.1887580858358,0.3754945321322,0.5404482467973,0.1062243387309,0.1234149384356,0.2068212219778,0.4202368831232,0.3898197040432
0.2950849220307,0.6330812557052,0.4906550865668,0.6978562868907,0.5865301279109,0.2362994417185,0.1644837961853,0.3723464692823,0.1436439830365,0.3778411033349,0.5025158859725,0.4438933384031,0.5270009337713,0.2678349282470,0.3317848165231,0.3341895437466,0.3015542607176,0.5526331647854,0.3457215747784,0.4303991625679,0.6374053978780,0.6132885441550,0.7165900975832,0.5521347048096,0.6590439378500,0.4012208239263,0.2868807773740,0.4178440790881,0.5486679837276,0.5533507983141,1.0000000000000,0.0087445236429,0.1883383307001,0.5923429170200,0.4990226403126,0.2149593367877,0.3920930757893,-0.0721596796621,0.5484438205054,0.5712619146406,0.1085912843623,-0.0175330358127,-0.1461586176496,-0.1486703718372,0.3264845925537,0.0640842293086,0.1421070093150,0.4211346057421,-0.1190245779195,-0.0818103773808,0.2454367665821,0.2871653929458,0.2641416883923,-0.1835766931503,-0.3345902176238,0.6407608168457,0.3615405715018,0.4559817360645,0.2555419633771,0.5524606179552,0.0198695016132,-0.0285397903127,0.1677310664719,0.3646860868409,0.3467206451959,0.2467869094192,0.0621793990380,0.0734464324033,0.3034051335463,0.4821050702854
-0.1442502771551,0.0334204154305,-0.0241195201690,0.0112306163831,-0.0858554987721,-0.1318820900342,0.0680072167211,0.1422877840678,-0.0273945272723,-0.0331038117216,0.0132643065638,0.0621792509161,0.1133453590995,0.3134793290425,-0.0913135379900,-0.0328133712792,-0.0055730224734,-0.1333183851236,0.2236321451844,-0.0382092573474,-0.0279461852949,-0.0178881424499,0.0582477791621,-0.0754553399096,0.0141967448527,-0.0218338913035,0.0268782979112,0.1002843180786,0.1610747103200,0.0980942564669,0.0087445236429,1.0000000000000,-0.0974902436612,0.0768267828583,-0.1762698781241,-0.1346792484913,-0.0252839616858,-0.1191509633895,-0.1454716057815,0.0433167701560,-0.1707428619374,0.0078082707688,0.2022292273599,-0.2505606396910,-0.1254987670875,0.2918534387757,0.0909345343924,0.0718621133353,0.1362408052143,-0.0324657807856,-0.2153120010878,-0.0112269798704,-0.0923303434749,0.0726012751850,-0.0200224617199,-0.0633754914384,0.0533537243512,-0.0565052982816,-0.0644227202970,0.0423755562039,-0.0933128541457,-0.1250647469887,0.1559103206726,0.3803778125915,0.2142795007507,-0.0735416021089,0.7240081562394,0.0001084196460,0.0565703760985,-0.0673678465516
-0.1470568909368,-0.0318332072390,0.0002771182090,0.0262484560767,0.1481501091442,0.7666122001054,0.1241267745738,-0.1640972840205,0.4911703049685,-0.1366849441615,0.2665303593967,0.2831970884263,-0.0345850396936,0.1485372350063,0.3625899313438,0.1770116267467,0.0641391972468,-0.1065167259285,0.2977688920090,-0.0884385921466,0.1025841275683,0.1632216818429,-0.0720925097297,0.1213181056944,-0.1059086291919,0.0084988623329,-0.0748420690808,-0.0107349574366,-0.0123228275943,0.1335789701470,0.1883383307001,-0.0974902436612,1.0000000000000,0.2157047199874,-0.0430849448478,-0.2006437035545,-0.1450732013958,0.0760731577220,0.0186145911083,0.0990789877825,0.6433698262192,0.1411923158505,-0.3612230420354,0.4466864217759,-0.2293572097938,-0.1189174241624,0.0658010450330,-0.0656155859992,-0.1922483895133,-0.0457699675556,0.4107254549227,0.0379810579808,-0.2026361569138,-0.0617962766297,-0.4449937194643,0.1242200497633,0.1954141041038,-0.2016382221641,0.1040875221194,-0.0847327951762,-0.2676087837758,-0.2667349565869,-0.0349799460806,-0.0333326737575,-0.1215919961806,-0.1054721206670,-0.2321051072958,0.6068753417726,-0.0615993520738,-0.0457877249491
0.2129097583133,0.5113952610377,0.1136098907073,0.5199610548684,0.5704121836353,0.2219126321972,0.3355761512027,0.1120406591636,0.1744872604868,0.3335764328874,0.5367860530168,0.1768057265859,0.5800654252052,0.1695074329484,0.2222620059600,0.4787773498089,0.3685189808554,0.3869164667674,0.1069615295200,0.1592655947582,0.6454349927882,0.5393074260921,0.6113453795048,0.4316965066619,0.4250982496729,0.2741180226696,0.1512688447332,0.1705165791163,0.3025768680951,0.7421833553455,0.5923429170200,0.0768267828583,0.2157047199874,1.0000000000000,0.4851564339876,0.1420557769401,0.3488913542716,-0.1843202901332,0.3669532949441,0.5434876418280,0.1721966050151,0.1483823410702,-0.2025711025140,-0.0022585183651,0.3563122307988,0.1857108280962,-0.0184167720829,0.5325117552984,-0.1174596715741,-0.0854008448622,0.4194529062563,0.3627963393295,0.0618088349172,-0.1999018473573,-0.3538047447069,0.6577862487993,0.5219337566799,0.4933865058713,0.3497195035656,0.5045904893859,-0.0567306929741,-0.2135718019436,0.0508640338358,0.3083827783792,0.4982126534821,0.1070329088168,0.1176985684653,0.1556648560934,0.6684270741746,0.4682521475807
0.5411624922081,0.6220397134241,0.4005179532532,0.6230308144878,0.2387614226250,-0.1025557408940,0.4076903562740,0.3314453774224,-0.1911667076322,0.2491281085917,0.1215847987493,0.3402919208978,0.3969269934062,0.3022832157924,0.1316687482797,0.5301125784868,0.2559246690529,0.6839427267476,0.2001295010962,0.6217636885532,0.3712886317279,0.3985663534027,0.5203847142038,0.4930667131329,0.5546994994852,0.5601402397774,0.5411826197778,0.4089291904486,0.3293088116129,0.5628059432901,0.4990226403126,-0.1762698781241,-0.0430849448478,0.4851564339876,1.0000000000000,0.3048774405076,0.7023015580007,0.1954830498867,0.5842926100008,0.2154004791062,-0.0480009185690,0.1652137525211,0.0439047233016,-0.1413216010061,0.4007928938056,-0.0989342836696,0.1298094313899,0.3111238886330,0.1376404050061,-0.1586115410525,0.4077042963085,0.2604307354159,0.4439447189095,-0.1986754722779,-0.1685222382153,0.3857540336265,0.2369250393907,0.6059800419783,0.3630837906175,0.4070389861603,0.3644766852069,0.3168641066875,0.3254435372016,0.1582699317814,0.2576499603084,0.4357070281903,-0.0760336795089,-0.0507044676065,0.4176911545413,0.7304623925892
