1.0000000000000,0.5200278600305,0.3669880714561,0.7241162127481,0.2808128762628,0.1210152941864,0.3443616945175,0.2970004734022,0.4251821821188,0.2689239282975,0.2599945179721,0.3025419890363,0.2931778557961,0.2529905815102,0.6075868684397,0.3148648863759,0.2954825227539,0.6992559925041,0.3275719848936,0.6788912539464,0.3920625039752,0.3055960356082,0.5826454486638,0.5140523441969,0.4049349570922,0.5518287099546,0.6764885308529,0.3580288633514,0.3331229876096,0.5407710431862,0.7187271381716,0.1028803005365,0.0631388928042,0.5033154681446,0.6658574605145,0.6848280719985,0.4723595444571,0.0580375263009,0.6678305573663,0.0891729354877,0.1682145656443,0.1544900851031,0.1455295241399,0.1374145301796,0.2327433513970,0.2616284456036,0.2160885748011,0.1919978757651,0.1554718108704,0.3500348373439,0.1322841846807,0.2615248304068,0.5878674254519,0.0229206666750,0.5821186595367,0.3686239239543,0.0120107326926,0.5341964610176,0.1345069430389,0.3128748932148,0.3956096567667,0.4200915364745,0.3391259400696,0.0730229034346,0.3482404466702,0.4856683200337,0.1053323669956,0.0696280656972,0.3496929956015,0.6068631017574
0.5200278600305,1.0000000000000,0.3765490917831,0.7506363542419,0.3067818411181,-0.0932352054344,0.1694836369470,0.3217742397979,0.0027925517712,0.2732136803834,0.1741581765563,0.1105312557675,0.1658981023700,0.1651550552749,0.3143594707834,0.0923465874639,0.4327202623303,0.5484260713627,0.1062726227681,0.4101028726850,0.2102297374040,0.4189341115325,0.7919226479476,0.5455855536728,0.4946867909580,0.5275305308942,0.5962266146182,0.4713481531415,0.4010895451464,0.3967505092544,0.6416899734251,0.1309723122556,-0.0127709262901,0.4079542348413,0.6374188792258,0.4103692329760,0.8666456091243,0.0339304650601,0.5439776284451,0.1479027581868,0.0588136534374,-0.0288670765715,0.1242508085352,-0.1723765618181,0.1775206474248,0.1596495278868,-0.0253446518778,0.1200252469475,-0.0462794077371,-0.1221839677673,-0.0773490493562,0.3652928767382,0.3552037112836,-0.2596746678198,0.1534950778759,0.1927408568807,0.1686681662101,0.7323405364853,0.2110984342672,0.3985990465593,0.3192980054616,0.1782230008520,0.4698332767893,0.1856546408714,0.1732637844768,0.5165277726482,-0.0548986924231,0.0416452371478,0.2477558012923,0.4775676037384
0.3669880714561,0.3765490917831,1.0000000000000,0.5435801606779,0.3728479154098,-0.1128958708609,0.2490877482558,0.7372419736759,0.3057217474673,0.3743027623759,0.2602023280016,0.3030814146612,0.1954857141216,0.5342219187534,0.5071009376425,0.2416096548239,0.5036722663997,0.3375515782260,0.3646928640004,0.4197869152772,0.3851662008377,0.5475078873245,0.3857200534239,0.7164558355516,0.4882798892828,0.5837065606442,0.6305567719633,0.8833831249271,0.6142503488411,0.2835404304705,0.6026665678688,0.2485133901924,0.0441852071803,0.1449286049727,0.3384017959005,0.2849100420298,0.1688374882089,0.4312379999733,0.3208844887104,0.1861892132060,-0.0087258921173,0.0220929614582,0.3110993720405,0.0400533472435,0.1877592468122,0.2093191745610,0.3467440341104,0.1988226910892,0.3743439320578,0.1606332076561,0.1439614238970,0.5851031533714,-0.0026984583127,-0.0239154189395,-0.0192531185940,0.3561624490148,0.2777124699641,0.3082904614379,0.3450283767848,0.3152287509973,0.3830677134832,0.0430524941636,0.8170050818714,0.3061554159193,0.0441790716258,0.0904202058993,0.2572698049421,0.1320313059488,0.0472118954241,0.2773021462090
0.7241162127481,0.7506363542419,0.5435801606779,1.0000000000000,0.4314934930612,0.0011946529937,0.3134659199139,0.5024522254640,0.2879346313450,0.4924737454534,0.2813268121039,0.2796686050320,0.3389178589283,0.4149073550218,0.5691512533819,0.3023855274241,0.4325452265671,0.6293965616837,0.2957933721345,0.6200064304631,0.4176571502200,0.4193187522146,0.7583158479861,0.6171021616006,0.6300337714033,0.7046738888073,0.6993147495284,0.5944234759503,0.5176257386974,0.5111097906584,0.7310229430697,0.2672842966906,0.0620279710871,0.4974668962281,0.6751712727220,0.5533458822692,0.6409580347525,0.0756348519847,0.7710682231339,0.2097019396690,0.1554284384908,0.0782104162956,0.2541210903217,-0.0288148512814,0.3933903117107,0.2622416392550,0.2172726693247,0.2472961813001,0.2167096858577,0.1491190754829,0.0968261902023,0.4149980688466,0.4373628370619,-0.1609222896535,0.2829001977541,0.3677636600352,0.1014090858345,0.6614228511119,0.1673592103884,0.4507054493512,0.4775971043856,0.2034959538863,0.5448041503431,0.2138741391331,0.2292043615884,0.4363716520506,0.1494760542794,0.1806278692185,0.2618804087506,0.5777509814703
0.2808128762628,0.3067818411181,0.3728479154098,0.4314934930612,1.0000000000000,-0.3019135338936,0.4174955958100,0.4073997638580,-0.1186728561037,0.4717729824633,0.7072112177031,0.0383901692508,0.7781471651792,0.2504511413906,0.3871986019655,0.2074726654350,0.4584199355353,0.5444636981641,0.1598431877641,0.4447852452801,0.8450221770394,0.6102522067184,0.3282554061599,0.5907635647289,0.5457944380374,0.2819323972714,0.3084805472171,0.3017080295629,0.6394738626884,0.5107868796635,0.4552497576124,0.1242194972536,-0.1843435878024,0.4740525408520,0.3657246517704,0.3642929944864,0.1767478846020,0.0593798930714,0.2474756484859,0.9009284837153,-0.1859445538739,-0.0139305239108,0.2217230352188,-0.2882497337360,0.4133489991373,0.6071187097289,-0.0868864058271,0.7943347191551,0.0491906018147,-0.0789455195969,0.2703073783600,0.4760045531764,0.2170750405139,-0.2509347327067,0.0293049017162,0.8027153933465,0.5286125186184,0.3098523386508,0.5577224045175,0.6051259469734,0.1673492468386,-0.0396568471124,0.2756513276176,0.5645256326113,0.2695421110202,0.2537207307427,0.1706954642362,0.0155652252747,0.3474065376007,0.3606440508034
0.1210152941864,-0.0932352054344,-0.1128958708609,0.0011946529937,-0.3019135338936,1.0000000000000,0.1156091095445,-0.3155072266386,0.6749671333992,0.0689832564693,-0.0977836584441,0.4090320183419,-0.0801639514702,0.1139379041864,0.1560497500026,0.3878321667557,-0.2021969246934,-0.0909284935489,0.3055574640521,-0.0149504741717,-0.2648354828854,-0.2908126668774,0.0087499337754,-0.2038321146709,-0.1143710573450,0.0725873993803,0.1680845750737,-0.0113993098118,-0.4255602519945,-0.0572191514972,0.0122854652222,0.2151956187416,0.5887828056393,0.0664746795791,0.0882548398600,-0.1147015677628,-0.0668482996401,-0.0639708014245,0.2245188671593,-0.3091861960032,0.7216972824094,0.6537896441073,-0.2100477004585,0.7607232545091,0.1618495824455,0.0248761972622,0.3735009863534,-0.1697179704969,0.1540795532375,0.3955384870711,0.2667674746251,-0.2678995131631,0.0657918536347,0.3957732916268,0.0229848206278,-0.2151975907954,-0.4215210392757,-0.0404991997668,-0.3548617076168,-0.1312620369216,0.0376611516115,0.2542846662331,-0.1183245162267,-0.4272621795262,0.0621386257465,0.0046626444060,0.0878622534999,0.0854880929703,-0.0020314235848,0.0947105033616
0.3443616945175,0.1694836369470,0.2490877482558,0.3134659199139,0.4174955958100,0.1156091095445,1.0000000000000,0.1495141786793,0.3311422311150,0.3335576136916,0.7269482574521,0.2703794377107,0.6267639839063,0.2599373604342,0.3958592595470,0.4737621749770,0.2964694935070,0.3097178928253,0.2685233460864,0.3242653785417,0.4735039177795,0.2965798391736,0.1750343681188,0.3614213660437,0.3736152011848,0.2756356235884,0.3807669410768,0.2721173010310,0.3725185906950,0.4419054312548,0.3201843145810,0.2438630889969,0.2772372031799,0.2671517834256,0.3776443912087,0.2977995901364,0.0941267121400,0.0131526289842,0.2002375120065,0.3694911254397,0.1772414427192,0.5719905971386,-0.0480217599384,0.2459092765482,0.3289326187120,0.6708586024506,0.1210649748576,0.6304091795712,0.1883097923837,0.1924798102321,0.4486736271877,0.2820251869241,0.1193775856294,-0.0126718453166,0.0645576275118,0.4376771440272,0.1891976402414,0.2266001632356,0.2963449205837,0.4174281312482,0.0911191671504,0.1474228594379,0.1992733260666,0.3121766097708,0.3543267262162,0.2151266884979,0.1754991125620,0.2324871201184,0.2878697963185,0.3750990458778
0.2970004734022,0.3217742397979,0.7372419736759,0.5024522254640,0.4073997638580,-0.3155072266386,0.1495141786793,1.0000000000000,0.0765025700574,0.3847762249668,0.1850977786590,0.0924411813843,0.2206674394354,0.3910402110852,0.4218964442703,0.1329430818922,0.3212692645101,0.3588095573983,0.1726077744307,0.3813788601977,0.3856645496234,0.4392515680830,0.3140153948667,0.5238552026930,0.5885163439500,0.4466838262940,0.4858137150797,0.6313863809178,0.6883991009141,0.2989113880945,0.5347553979561,0.2719182856461,-0.1036708240376,0.1641492122789,0.1975004010451,0.2417773714013,0.1611408158658,0.2831982199756,0.2690352803018,0.2873649850635,-0.1568198793734,-0.2415135689544,0.5583625675194,-0.2346852221411,0.2305786734495,0.0653325258146,0.1333409550550,0.2151555339321,0.3338861502520,0.0814430414289,0.0344001654455,0.4062694823209,0.0328347667918,-0.1504809514374,0.0304100585034,0.3524356033567,0.2621234878924,0.2144022069456,0.2575610907801,0.4297256790874,0.3203981222813,-0.0065473328804,0.5937897069948,0.4842972570805,0.0649917381122,0.0590641307514,0.2973505590650,0.1194820790058,0.0486080224273,0.1355599391061
0.4251821821188,0.0027925517712,0.3057217474673,0.2879346313450,-0.1186728561037,0.6749671333992,0.3311422311150,0.0765025700574,1.0000000000000,0.1178853867586,0.1016408493791,0.6462201727076,0.0623714969207,0.4442535094935,0.5087375417829,0.5611265422765,0.0363114459970,0.1056220571846,0.5831597107666,0.2974848171828,-0.0233546375900,-0.0221106317291,0.1023444436839,0.1507989078703,0.0266304149038,0.4354995189105,0.4697633812050,0.3246118653828,-0.0375001758728,0.1582207583179,0.2843314825050,0.2309281074036,0.5624533943301,0.1685958448567,0.2925687288291,0.1191238542803,-0.0405942172653,0.0551342944446,0.3841093533985,-0.2487578799813,0.5385588566876,0.5821992091106,-0.0875397135061,0.7348211265439,0.1063951360318,0.1652152592520,0.6050290002144,-0.0448777801304,0.4239211755519,0.5242461718939,0.3577983675006,0.0332855516677,0.0777946431215,0.3692416755926,0.1000245336953,-0.0118984783566,-0.2864730658778,0.0233463156647,-0.1938649169079,-0.0562970556953,0.2655610278313,0.2479787820605,0.1937628713046,-0.2171730255022,0.1292790439286,-0.0155309123066,0.2948881467106,0.1870159440805,-0.0118659905558,0.2591439131057
0.2689239282975,0.2732136803834,0.3743027623759,0.4924737454534,0.4717729824633,0.0689832564693,0.3335576136916,0.3847762249668,0.1178853867586,1.0000000000000,0.3585380896273,0.1527780400546,0.4941501830400,0.4821971839045,0.4263525659174,0.2979952981080,0.1624787342990,0.3383360008068,0.2281757614774,0.3710324965535,0.4712904271167,0.2210741763906,0.3787732089149,0.2824380362089,0.6630853910272,0.4414444134771,0.3539177088262,0.4708986441507,0.2507957807388,0.3477112558099,0.3748299135882,0.5394420838168,0.0050147277409,0.3207036128037,0.2754268024537,0.2143465788763,0.1756054921200,-0.0100029424569,0.4023022471698,0.4016499481717,0.1132609216760,0.1296650851509,0.2365714622588,-0.0183832481322,0.8159731649300,0.3348989525594,0.0898409298614,0.4342464519979,0.3460169755549,0.1223710685842,0.2040500448529,0.1272782093303,0.1413385601932,-0.1064108917221,0.0051954740067,0.4193812519199,0.0766037818923,0.2273644989721,0.0944701635297,0.5339682049772,0.3741761544410,0.0454470520717,0.3252320590944,0.1310537841063,0.1392593712688,0.0947663566942,0.3702608474582,0.0816886639387,0.1423956767105,0.2542650437787
0.2599945179721,0.1741581765563,0.2602023280016,0.2813268121039,0.7072112177031,-0.0977836584441,0.7269482574521,0.1850977786590,0.1016408493791,0.3585380896273,1.0000000000000,0.2430739290508,0.8042141423865,0.3026223250493,0.3891149643205,0.3461886826642,0.4450862537965,0.3349004909139,0.2448588176676,0.3184442981909,0.7527828036526,0.5488701821205,0.2115997333662,0.4823587706263,0.4156656294774,0.2291621400927,0.2266661912132,0.1948115596921,0.5088453333993,0.5271691890273,0.3497510231914,0.1769275961676,0.0045042158563,0.3994896533235,0.3644812634872,0.3485156715870,0.0555003950303,-0.0746789134357,0.1586874102762,0.7386156985690,-0.0915144645862,0.3174827409380,-0.0094251478472,0.0067235553389,0.3549053939496,0.8523901699037,0.0539667266334,0.8073624917333,0.1642412695352,0.0727628114881,0.4140904162847,0.4362594049806,0.0829015454748,-0.0641074203446,-0.0165557097630,0.7387301902024,0.4745276632235,0.2492851130401,0.5142876235998,0.5180856286570,0.1484929104182,-0.0787373406334,0.1296665646957,0.4965095063783,0.4231978594301,0.2441579109111,0.2862246561016,0.0626626574677,0.3839807734321,0.3897525712276
0.3025419890363,0.1105312557675,0.3030814146612,0.2796686050320,0.0383901692508,0.4090320183419,0.2703794377107,0.0924411813843,0.6462201727076,0.1527780400546,0.2430739290508,1.0000000000000,0.1949523076747,0.7129170105896,0.5027349986132,0.5455298011700,0.1937949658686,0.0718087412045,0.8241662086144,0.3589096542832,0.1369140463905,0.1075144686670,0.0919220544780,0.1758480949129,0.0908492492325,0.4787490024999,0.3594404631392,0.2361888097449,0.0261922781316,0.3299101505132,0.2202688575420,0.2620633296246,0.4450394550915,0.3009291297664,0.3600398077643,0.2077175624987,0.0591138326975,-0.0070384863400,0.3610737677185,-0.0467638513572,0.3059698864333,0.3767761531176,-0.0395615256551,0.4086318259614,0.1256830190811,0.1972837702586,0.8385111844774,0.0756199370630,0.5372224277807,0.5106296256234,0.3816671334428,0.1923600878483,0.1173427713218,0.6659801012073,0.1218003708322,0.1213621102839,-0.0531080484564,0.0300040060106,0.0079698061622,0.0466863296342,0.4240283597369,0.2161506898833,0.2056263540357,-0.1065770376088,0.4125678833792,0.0288375670517,0.5596987948336,0.1410169903847,0.1868083094036,0.3612895505044
0.2931778557961,0.1658981023700,0.1954857141216,0.3389178589283,0.7781471651792,-0.0801639514702,0.6267639839063,0.2206674394354,0.0623714969207,0.4941501830400,0.8042141423865,0.1949523076747,1.0000000000000,0.3056581047697,0.5119289149924,0.5181818577977,0.2572076067199,0.4686607620583,0.3095092707193,0.4784946185307,0.7878774864456,0.4003307224928,0.1679856533188,0.3832317927597,0.3981559893071,0.2054913247274,0.2625688075113,0.1348595754760,0.4235046006889,0.6327041525190,0.3003048620498,0.1783441693987,0.0200579112973,0.5698004305630,0.3821235646351,0.2721716390689,0.0450619590597,-0.1136092857860,0.2311167220786,0.7837848278483,-0.0227794050872,0.2244689578321,0.0472842592373,-0.1154955274683,0.5409451613409,0.6867803005922,0.0039073374639,0.9202144567771,0.1981892404370,0.1479490792196,0.5131525828224,0.2528544849511,0.2417780284107,-0.0366142484339,0.1017105090466,0.7407911794189,0.3174746259243,0.1488249498621,0.3683879474504,0.4995550324045,0.1172086135939,0.0012217483154,0.0784655560295,0.4119027208322,0.5041114110645,0.1466993182022,0.3182174293936,0.1100114287909,0.4547512479566,0.3854922198827
0.2529905815102,0.1651550552749,0.5342219187534,0.4149073550218,0.2504511413906,0.1139379041864,0.2599373604342,0.3910402110852,0.4442535094935,0.4821971839045,0.3026223250493,0.7129170105896,0.3056581047697,1.0000000000000,0.6093657225259,0.4942359915575,0.3111541545284,0.1441035868420,0.6906062637199,0.4210753714568,0.3406539200428,0.3124195264275,0.1917037393765,0.3654245305467,0.3332074061017,0.6982235461808,0.3431788704719,0.5035844040612,0.2494741519397,0.4325685189405,0.3001707674941,0.4219915456098,0.2914115307882,0.2814276014312,0.3351332341342,0.2124165224037,0.0519450419348,0.0657270551202,0.3393052493837,0.1393846117500,0.1694796876181,0.1420007045800,0.1514659845533,0.1544849750258,0.3634619426985,0.1909125810587,0.6908855894876,0.2185352239889,0.7681630014585,0.4058559221254,0.3705395844124,0.3320036765611,0.0150599839274,0.3348723958764,-0.0194559417197,0.2983227494150,0.1269376478782,0.0787218873776,0.1363008254310,0.2053550258308,0.5522183163510,-0.0082663248124,0.4197852573625,0.0364115320812,0.3438655188314,-0.0175345966274,0.7258564355504,0.3136376012932,0.1101608406401,0.3790287703962
0.6075868684397,0.3143594707834,0.5071009376425,0.5691512533819,0.3871986019655,0.1560497500026,0.3958592595470,0.4218964442703,0.5087375417829,0.4263525659174,0.3891149643205,0.5027349986132,0.5119289149924,0.6093657225259,1.0000000000000,0.6141125641370,0.2443371400134,0.5013405894615,0.6151763034362,0.7613913216384,0.4842155014076,0.3361625712293,0.2964661093645,0.4607470216871,0.3083768239652,0.5897381292152,0.5918778580351,0.4454074483262,0.3631967587513,0.6921368084958,0.5550243904399,0.2955570828011,0.2711652595413,0.5648659724669,0.5952106053404,0.3776161709583,0.1593933092826,0.0789072966012,0.4821624698615,0.2522739585941,0.2835358845441,0.1647928091216,0.1374499830365,0.1092055887837,0.3969024949223,0.3242145435950,0.3951025812366,0.4241703532949,0.5105043617256,0.4949290986139,0.4268094300573,0.2693818022044,0.2656929719976,0.1749757062966,0.3115686894104,0.4675314075263,0.0731982556320,0.2172428518587,0.1265447539568,0.2352318271082,0.4436193540647,0.2106946751075,0.3571701064663,0.1534483296756,0.5063821511002,0.1667087598385,0.5073663938859,0.2660859632692,0.3873270232805,0.5466683538592
0.3148648863759,0.0923465874639,0.2416096548239,0.3023855274241,0.2074726654350,0.3878321667557,0.4737621749770,0.1329430818922,0.5611265422765,0.2979952981080,0.3461886826642,0.5455298011700,0.5181818577977,0.4942359915575,0.6141125641370,1.0000000000000,0.1858382719050,0.2106122579027,0.5444396644275,0.3722346704587,0.2371117194020,0.1831158693719,0.1055384972323,0.2341444524225,0.2191662167253,0.3910876277578,0.3602622384944,0.2100556219230,0.0729036245813,0.5510803782544,0.2275489071289,0.1801496038777,0.5104671526577,0.5000060175005,0.4885572695501,0.2087146822655,-0.0231822836487,-0.0556585125163,0.2959272321371,0.1608938790109,0.3878358262510,0.3776766199060,-0.0051732760534,0.2758422852365,0.4042933320208,0.2741248287227,0.3956490667351,0.3906484093937,0.5215416009958,0.4573966369526,0.7864078424957,0.1705649056755,0.1497066597892,0.2887137965636,0.0921739199434,0.1881523293332,-0.0100781995744,0.0722444656734,0.0475162186639,0.2390633720999,0.2575857095801,0.1217084193335,0.1677119065312,-0.0178699753676,0.5136171886021,0.0403402546084,0.4526878892384,0.3288196931992,0.3359449968014,0.4650109547667
0.2954825227539,0.4327202623303,0.5036722663997,0.4325452265671,0.4584199355353,-0.2021969246934,0.2964694935070,0.3212692645101,0.0363114459970,0.1624787342990,0.4450862537965,0.1937949658686,0.2572076067199,0.3111541545284,0.2443371400134,0.1858382719050,1.0000000000000,0.2120178928321,0.1311314198845,0.1383942177711,0.4385226832337,0.8391399019364,0.5547565194324,0.8102911278367,0.5058788567029,0.4251704732821,0.2597441140468,0.4559601720865,0.6363442247428,0.4122622242422,0.5460712646763,-0.0583670995891,0.0405227542162,0.2793522220302,0.4578219708759,0.4697034694529,0.3282440167742,0.2954739348601,0.2192043533410,0.3700319931861,-0.1460330761835,-0.0444644304150,0.2212413611134,-0.1152290038070,0.1080786121137,0.2831101970611,0.1498601905591,0.2793490746076,0.1732652576190,-0.0122491859684,0.1958413319763,0.9283938485587,0.0620143683350,-0.1432967323278,-0.0555001863793,0.3575465612178,0.7057287619781,0.6340365055851,0.7173048465652,0.5860853916316,0.2844448077154,-0.0412974308338,0.5619733162844,0.5121912061681,0.2589782362572,0.5119487164622,0.1144790581434,0.0953431938028,0.2514789019458,0.4581819530415
0.6992559925041,0.5484260713627,0.3375515782260,0.6293965616837,0.5444636981641,-0.0909284935489,0.3097178928253,0.3588095573983,0.1056220571846,0.3383360008068,0.3349004909139,0.0718087412045,0.4686607620583,0.1441035868420,0.5013405894615,0.2106122579027,0.2120178928321,1.0000000000000,0.2409190347544,0.8054989472467,0.5206201601696,0.3764805483878,0.5099138013217,0.5903317985242,0.3803351750549,0.3567425137154,0.6856222120117,0.3686421896830,0.4341097505979,0.5082189772011,0.6654904773833,0.1198528330329,-0.0804031190248,0.5102639447810,0.6035472336276,0.4405001675778,0.4660599654037,0.0841297386086,0.4877978473502,0.4039081316393,-0.0072514914686,0.0050192031122,0.0936409543823,-0.1572558232338,0.2196087938617,0.3026661936721,-0.0822044019940,0.4334144620075,0.0054466199870,-0.0243253459337,0.0623348347750,0.1849254780051,0.6650182947529,-0.1445157003726,0.5343648901224,0.5063067292159,0.1757917734124,0.4170312543354,0.3263211155297,0.3036820896733,0.2215188703167,0.3578714402463,0.2584619166625,0.2143661243076,0.2599427972246,0.4096555464133,0.0159970795943,-0.0310580804489,0.4026130779232,0.5080476705073
0.3275719848936,0.1062726227681,0.3646928640004,0.2957933721345,0.1598431877641,0.3055574640521,0.2685233460864,0.1726077744307,0.5831597107666,0.2281757614774,0.2448588176676,0.8241662086144,0.3095092707193,0.6906062637199,0.6151763034362,0.5444396644275,0.1311314198845,0.2409190347544,1.0000000000000,0.5588199142879,0.1896906086648,0.1286126929400,0.0954170451850,0.2182843151135,0.1075620895214,0.4085071471984,0.4324991314344,0.2747620422497,0.0946859982022,0.3769211486961,0.2776504065626,0.2520414557057,0.3026499848656,0.3607018221049,0.2874207137555,0.1041944779246,-0.0120112541644,0.0628272076019,0.3398297902094,0.0948844861858,0.2287553435947,0.2933711576565,-0.0449003831894,0.2618740829808,0.1968776455345,0.2363079035280,0.6535332859040,0.2003261136406,0.4841037434890,0.4193329915356,0.3458616512840,0.1212714418536,0.1284230419921,0.6039167280868,0.1680336255461,0.1759745085657,-0.0170639568966,-0.0100912104922,0.0469707005988,0.0820857099526,0.3275968900082,0.2259182928065,0.2147513063294,-0.0604377164405,0.4028861811126,-0.0331547168165,0.5796277279961,0.0493855231929,0.2165101643670,0.2493674607907
0.6788912539464,0.4101028726850,0.4197869152772,0.6200064304631,0.4447852452801,-0.0149504741717,0.3242653785417,0.3813788601977,0.2974848171828,0.3710324965535,0.3184442981909,0.3589096542832,0.4784946185307,0.4210753714568,0.7613913216384,0.3722346704587,0.1383942177711,0.8054989472467,0.5588199142879,1.0000000000000,0.4876715764053,0.2476636136415,0.3560046254864,0.4574986526138,0.2906380925509,0.5125609146105,0.6829710116720,0.4175554412076,0.3561931704702,0.5699041914240,0.5449161060562,0.2782765341446,-0.0140221268563,0.5498356934865,0.5869598457460,0.3731050280837,0.2959150879913,0.0586379498639,0.5588359870833,0.2863372422323,0.0774706685794,0.0729801282756,0.0521302692661,-0.0729995907312,0.2707984203517,0.3238733557946,0.1782714060008,0.4266918623459,0.2372435078616,0.1941554640149,0.1572484524738,0.1507237291888,0.5072633139178,0.0806313776429,0.5395710592490,0.4985983290785,0.0441735164175,0.2387634925053,0.1507441962448,0.1631299214113,0.3949874311785,0.3167435380347,0.2781906943290,0.0952456104013,0.3605726597505,0.1721094598329,0.3076194175249,0.0181032376636,0.4167111705609,0.5139955374106
0.3920625039752,0.2102297374040,0.3851662008377,0.4176571502200,0.8450221770394,-0.2648354828854,0.4735039177795,0.3856645496234,-0.0233546375900,0.4712904271167,0.7527828036526,0.1369140463905,0.7878774864456,0.3406539200428,0.4842155014076,0.2371117194020,0.4385226832337,0.5206201601696,0.1896906086648,0.4876715764053,1.0000000000000,0.5793787016928,0.2705937200457,0.5909641091922,0.4677686927495,0.3057741005884,0.2766369115586,0.2761974674464,0.5896982412437,0.5567209487969,0.4459475031212,0.1429317583722,-0.1358586688741,0.4456830737278,0.3971978020542,0.4432832985015,0.1014178292456,0.0474222125679,0.2354039472236,0.7707157662374,-0.1983994645591,-0.0181630133726,0.1963922649979,-0.2303019223953,0.4086136478873,0.6096379786639,0.0347365863841,0.8001209215327,0.1928528174117,0.0758962006475,0.2993855030553,0.4625407812814,0.2654353125270,-0.1548199272317,0.1605844537861,0.9198613486601,0.4903538707600,0.2592560476444,0.5309690029343,0.4989673607361,0.2670431548706,-0.0281150380159,0.2342224678631,0.4931945866775,0.3321936336400,0.2541126305314,0.2463595849506,0.0640631956557,0.3757026177094,0.4477102232423
0.3055960356082,0.4189341115325,0.5475078873245,0.4193187522146,0.6102522067184,-0.2908126668774,0.2965798391736,0.4392515680830,-0.0221106317291,0.2210741763906,0.5488701821205,0.1075144686670,0.4003307224928,0.3124195264275,0.3361625712293,0.1831158693719,0.8391399019364,0.3764805483878,0.1286126929400,0.2476636136415,0.5793787016928,1.0000000000000,0.5225404882641,0.8819583844930,0.5001868972621,0.3753986662747,0.3211898914350,0.4173420783255,0.7264633994590,0.5697707442850,0.6450189699757,-0.0758013271807,-0.0244017664365,0.3823616911839,0.4587285695277,0.4631405717889,0.2706884139127,0.3029731442652,0.1478349473691,0.5657595409990,-0.2195951484925,-0.1519374872731,0.3298418896844,-0.1830366491610,0.1712727671412,0.3191782302201,0.0853694054522,0.4232936839408,0.1960356481478,0.0235101960747,0.2326998481752,0.8265504589763,0.1442514459009,-0.1771653914657,-0.0177899938269,0.4903284834396,0.8312446846205,0.5749449331802,0.8253467645697,0.6310874953700,0.2427266027642,0.0041323521691,0.5384663864000,0.6584042026684,0.3600596576457,0.5233024973386,0.1525140083451,0.1077281479541,0.3321219809199,0.4631871251134
0.5826454486638,0.7919226479476,0.3857200534239,0.7583158479861,0.3282554061599,0.0087499337754,0.1750343681188,0.3140153948667,0.1023444436839,0.3787732089149,0.2115997333662,0.0919220544780,0.1679856533188,0.1917037393765,0.2964661093645,0.1055384972323,0.5547565194324,0.5099138013217,0.0954170451850,0.3560046254864,0.2705937200457,0.5225404882641,1.0000000000000,0.6170429051165,0.5790772336719,0.4932266677038,0.5008464022598,0.4521702808993,0.4151093204391,0.4015383853746,0.7553999229653,0.1256352551809,-0.0167694768688,0.3834102870249,0.5392850981424,0.4561176034637,0.7014204412679,0.1289819744101,0.5678291114357,0.1960023803988,0.0640235473542,0.0009561156731,0.1834625115592,-0.0750772231703,0.3225582095140,0.1532158927466,-0.0171119070414,0.1273424962273,0.0121993126373,-0.0562225841308,-0.0503879677266,0.4553644083872,0.3597059991205,-0.2543608763804,0.1658658120092,0.2487656721604,0.2689516046699,0.8902583634763,0.3061985445701,0.5479472235262,0.3108081234490,0.1369939929389,0.4375287038894,0.2246147609162,0.1607212525771,0.6239997107383,-0.0239286781993,0.0176743109018,0.2371625794467,0.4657400988753
0.5140523441969,0.5455855536728,0.7164558355516,0.6171021616006,0.5907635647289,-0.2038321146709,0.3614213660437,0.5238552026930,0.1507989078703,0.2824380362089,0.4823587706263,0.1758480949129,0.3832317927597,0.3654245305467,0.4607470216871,0.2341444524225,0.8102911278367,0.5903317985242,0.2182843151135,0.4574986526138,0.5909641091922,0.8819583844930,0.6170429051165,1.0000000000000,0.5447431546823,0.5270484202655,0.5770169840928,0.6450146311564,0.7497371059924,0.5192663259754,0.7624742302209,0.0193632083364,0.0172850443482,0.3602192905332,0.5872174995031,0.5376173616011,0.3972087239043,0.4056844284682,0.3455220064685,0.4374626909953,-0.0979279942714,-0.0496426855962,0.2940380393161,-0.1054411680090,0.1655389820867,0.3247996115053,0.1534926932480,0.3974938038352,0.2193283336882,0.0342189694455,0.1742406697548,0.8083870473020,0.3155460804687,-0.1743361657759,0.1525237842819,0.5163473245520,0.6288968844870,0.6297367677708,0.7279730033562,0.5562587808334,0.3327181521385,0.1548520140191,0.6932581402238,0.5317219104669,0.2477015315143,0.5193114647336,0.1113313092564,0.1046963860720,0.2786311935625,0.5549753143694
0.4049349570922,0.4946867909580,0.4882798892828,0.6300337714033,0.5457944380374,-0.1143710573450,0.3736152011848,0.5885163439500,0.0266304149038,0.6630853910272,0.4156656294774,0.0908492492325,0.3981559893071,0.3332074061017,0.3083768239652,0.2191662167253,0.5058788567029,0.3803351750549,0.1075620895214,0.2906380925509,0.4677686927495,0.5001868972621,0.5790772336719,0.5447431546823,1.0000000000000,0.4925820507302,0.5204495803995,0.5152969811328,0.6398988320547,0.3639262684728,0.5746115549917,0.3305130574708,-0.1107397544798,0.2793819699840,0.3749109865368,0.4433038798494,0.3498216516847,0.1528580649441,0.4152581553484,0.4403466550193,0.0177175846414,0.0381279916541,0.4562438486605,-0.1171804953767,0.5751788929294,0.3362878407105,0.0484537600249,0.3391306721258,0.1818584536243,0.0319173192208,0.1856170308636,0.4751915612225,0.1303698297790,-0.2287238226288,-0.0334032814507,0.3712614896149,0.3316621183337,0.5385776389781,0.3365088257192,0.8261079154857,0.2879549927282,0.0926758393036,0.5231778425394,0.4683495580977,0.1339234092369,0.3842734550351,0.2322667756537,0.0760596908511,0.1384613164049,0.3415150665704
0.5518287099546,0.5275305308942,0.5837065606442,0.7046738888073,0.2819323972714,0.0725873993803,0.2756356235884,0.4466838262940,0.4354995189105,0.4414444134771,0.2291621400927,0.4787490024999,0.2054913247274,0.6982235461808,0.5897381292152,0.3910876277578,0.4251704732821,0.3567425137154,0.4085071471984,0.5125609146105,0.3057741005884,0.3753986662747,0.4932266677038,0.5270484202655,0.4925820507302,1.0000000000000,0.6286426049673,0.6403246964819,0.3196171785109,0.4722429022598,0.5136297178501,0.4083229966241,0.2127824752265,0.3912412244193,0.6579730922172,0.5269225315718,0.4479452609177,0.1042770199483,0.6658450917533,0.0265497909066,0.2193210981331,0.1472693329785,0.2464824753153,0.1280866742827,0.3209217280491,0.2195926751545,0.4711158175645,0.1402438891545,0.5570550149067,0.3238922360761,0.2057938536113,0.4440817112744,0.2627540344889,-0.0297121235357,0.1537359929576,0.2683598835529,0.0464666297251,0.4383761797110,0.1040115370398,0.3225067511759,0.7719916004417,0.2282033541551,0.6353342939792,0.0256373288154,0.2249242144447,0.1963141022938,0.3979380299422,0.3441906210771,0.1433057528712,0.6255654156957
0.6764885308529,0.5962266146182,0.6305567719633,0.6993147495284,0.3084805472171,0.1680845750737,0.3807669410768,0.4858137150797,0.4697633812050,0.3539177088262,0.2266661912132,0.3594404631392,0.2625688075113,0.3431788704719,0.5918778580351,0.3602622384944,0.2597441140468,0.6856222120117,0.4324991314344,0.6829710116720,0.2766369115586,0.3211898914350,0.5008464022598,0.5770169840928,0.5204495803995,0.6286426049673,1.0000000000000,0.6704586948417,0.4461309181034,0.3987439795500,0.6992342137761,0.3446640661954,0.1301256530992,0.3608529271167,0.6070438149263,0.4025190161321,0.4557005183497,0.2589624623720,0.5688498381606,0.0876350188000,0.2620078171290,0.2478919995019,0.2015618691302,0.2019518405797,0.2174642449028,0.2581830447372,0.2737679526632,0.1874319197867,0.2072994838343,0.1966817389472,0.1304147566310,0.2683694306701,0.4115955464750,0.0232642473493,0.3069184107731,0.2369681530696,0.0013327841240,0.4102099307993,0.1450763322204,0.3133089118068,0.3574749885450,0.5098468566600,0.5952781853240,0.1421650197695,0.1783671337551,0.3348377176439,0.1466748625110,0.0728463975705,0.2115948362462,0.4685295942452
0.3580288633514,0.4713481531415,0.8833831249271,0.5944234759503,0.3017080295629,-0.0113993098118,0.2721173010310,0.6313863809178,0.3246118653828,0.4708986441507,0.1948115596921,0.2361888097449,0.1348595754760,0.5035844040612,0.4454074483262,0.2100556219230,0.4559601720865,0.3686421896830,0.2747620422497,0.4175554412076,0.2761974674464,0.4173420783255,0.4521702808993,0.6450146311564,0.5152969811328,0.6403246964819,0.6704586948417,1.0000000000000,0.4943768544222,0.1774939889423,0.5670299728521,0.4545593290271,0.0847271005081,0.0830131745944,0.3536019378749,0.2176478725104,0.2960679248833,0.3383239256151,0.4270878353017,0.0986392688188,0.0958083892059,0.1405472515127,0.1508715816832,0.0947479959327,0.2318881136239,0.2076441481462,0.2441750662179,0.1516236566482,0.3183569771823,-0.0030925596587,0.0648917451539,0.5073719132598,-0.0294931516804,-0.1640581133099,-0.0640692179060,0.2612877413849,0.1695323858594,0.3541962339153,0.2237036611163,0.2712855902011,0.3927627985643,0.0225625599977,0.8106221091139,0.1633998791126,-0.0908304751894,0.0763027310949,0.1896581216584,0.1284055684181,-0.0191904762128,0.2833403548316
0.3331229876096,0.4010895451464,0.6142503488411,0.5176257386974,0.6394738626884,-0.4255602519945,0.3725185906950,0.6883991009141,-0.0375001758728,0.2507957807388,0.5088453333993,0.0261922781316,0.4235046006889,0.2494741519397,0.3631967587513,0.0729036245813,0.6363442247428,0.4341097505979,0.0946859982022,0.3561931704702,0.5896982412437,0.7264633994590,0.4151093204391,0.7497371059924,0.6398988320547,0.3196171785109,0.4461309181034,0.4943768544222,1.0000000000000,0.4208978634493,0.6115325678483,0.0198752749265,-0.2042298698951,0.2429772013530,0.3317618156279,0.3414428390667,0.2406750992272,0.2953427671825,0.1835963699319,0.5397671368455,-0.2638626870004,-0.1720021381622,0.3953115227820,-0.2504878005855,0.1441269077550,0.3322806877204,0.0192083501448,0.4377669130865,0.1070935570901,-0.0813672308290,0.0792347838252,0.6867310749292,0.1214237395963,-0.2313940299992,0.0492398014555,0.5160222952965,0.6172568894457,0.4541958879335,0.6466252247538,0.5759102869196,0.1446780554150,-0.0226668758695,0.5318526775591,0.8367134294256,0.1890973817886,0.4105677409485,0.1308708057614,0.0507564187380,0.2511454347967,0.3058393314200
0.5407710431862,0.3967505092544,0.2835404304705,0.5111097906584,0.5107868796635,-0.0572191514972,0.4419054312548,0.2989113880945,0.1582207583179,0.3477112558099,0.5271691890273,0.3299101505132,0.6327041525190,0.4325685189405,0.6921368084958,0.5510803782544,0.4122622242422,0.5082189772011,0.3769211486961,0.5699041914240,0.5567209487969,0.5697707442850,0.4015383853746,0.5192663259754,0.3639262684728,0.4722429022598,0.3987439795500,0.1774939889423,0.4208978634493,1.0000000000000,0.5091815862288,0.0496577699135,0.1265852546607,0.7900878145823,0.7010354582977,0.5536613840147,0.3085734975136,0.0343327478810,0.3926383056974,0.4698556118164,0.0980472751223,0.0095545763456,0.2303554747699,-0.1154056451918,0.4535574380407,0.3182819947927,0.1896452544055,0.5608229142673,0.3791786901393,0.3792243216540,0.4811811586281,0.3946632832062,0.4557515343017,0.0406438785549,0.3671575455731,0.5000856125617,0.3871669001182,0.4217005122384,0.4450666915337,0.4976585870858,0.4171796950830,0.2446327850235,0.2742942916684,0.3858904226661,0.8230846483220,0.4224752478197,0.3515937283026,0.2293321116732,0.6746071248369,0.7095947681857
0.7187271381716,0.6416899734251,0.6026665678688,0.7310229430697,0.4552497576124,0.0122854652222,0.3201843145810,0.5347553979561,0.2843314825050,0.3748299135882,0.3497510231914,0.2202688575420,0.3003048620498,0.3001707674941,0.5550243904399,0.2275489071289,0.5460712646763,0.6654904773833,0.2776504065626,0.5449161060562,0.4459475031212,0.6450189699757,0.7553999229653,0.7624742302209,0.5746115549917,0.5136297178501,0.6992342137761,0.5670299728521,0.6115325678483,0.5091815862288,1.0000000000000,0.0925154718133,0.0652980026263,0.3950336325941,0.5815825405493,0.4990942671700,0.5057236836078,0.2556607923516,0.5197632529764,0.2884444509167,0.0569091407826,0.0533498185108,0.3250602143134,0.0317367418927,0.2275593105414,0.2511164140037,0.1301432829820,0.2597373110951,0.1253395886672,0.1286144276067,0.0582178245664,0.5144927751646,0.3947211454678,-0.1183402766238,0.2370473210454,0.4121794309144,0.3483209344394,0.6902635414497,0.4236299963875,0.5177311036574,0.2960118491063,0.2830773567102,0.5215849355543,0.3977639534775,0.2512308751965,0.6417797483042,0.0633282147292,0.0881768235884,0.2751979820704,0.5081289489294
0.1028803005365,0.1309723122556,0.2485133901924,0.2672842966906,0.1242194972536,0.2151956187416,0.2438630889969,0.2719182856461,0.2309281074036,0.5394420838168,0.1769275961676,0.2620633296246,0.1783441693987,0.4219915456098,0.2955570828011,0.1801496038777,-0.0583670995891,0.1198528330329,0.2520414557057,0.2782765341446,0.1429317583722,-0.0758013271807,0.1256352551809,0.0193632083364,0.3305130574708,0.4083229966241,0.3446640661954,0.4545593290271,0.0198752749265,0.0496577699135,0.0925154718133,1.0000000000000,0.1133597036610,0.0667993286627,0.0713896179304,-0.0348467126982,0.0611692975080,-0.1388548123503,0.3803489368502,0.0862774850822,0.2496989374738,0.2936900535277,-0.0381577098125,0.1616020666538,0.4099605238325,0.2429518824811,0.1758058521751,0.1754856658237,0.3570401542859,0.0711051756586,0.0477639735207,-0.0178242828029,-0.0857076491596,0.0014868078584,-0.0344148078394,0.1848051313232,-0.1496165234546,0.0209295138261,-0.1824883580449,0.1655707796745,0.3398986063916,0.0052259392765,0.2350343691595,-0.0611781137972,-0.0397155928699,-0.1897274776586,0.4574033213275,0.1047251709092,-0.0742378485107,0.0660192629267
0.0631388928042,-0.0127709262901,0.0441852071803,0.0620279710871,-0.1843435878024,0.5887828056393,0.2772372031799,-0.1036708240376,0.5624533943301,0.0050147277409,0.0045042158563,0.4450394550915,0.0200579112973,0.2914115307882,0.2711652595413,0.5104671526577,0.0405227542162,-0.0804031190248,0.3026499848656,-0.0140221268563,-0.1358586688741,-0.0244017664365,-0.0167694768688,0.0172850443482,-0.1107397544798,0.2127824752265,0.1301256530992,0.0847271005081,-0.2042298698951,0.1265852546607,0.0652980026263,0.1133597036610,1.0000000000000,0.0570030819337,0.2162199866269,0.0444084153279,0.0121268503824,-0.0682952466742,0.0939333042514,-0.2293851562211,0.5406476182258,0.4607649972684,-0.0928741681378,0.5222615089042,0.0211211942138,0.0075760470348,0.4720030196947,-0.0576483520909,0.4219556421543,0.4563584735492,0.3735739493718,0.0213545334156,-0.0015992011302,0.3151523480172,-0.0313306241129,-0.1666124235744,-0.1783379780268,-0.0341897009911,-0.1338493328971,-0.0542602164814,0.1160582931233,0.1261568298357,0.0488317439415,-0.2030282555570,0.2410372062570,-0.0207281843766,0.1967411274874,0.5365164557304,-0.0281904436614,0.2200476099281
0.5033154681446,0.4079542348413,0.1449286049727,0.4974668962281,0.4740525408520,0.0664746795791,0.2671517834256,0.1641492122789,0.1685958448567,0.3207036128037,0.3994896533235,0.3009291297664,0.5698004305630,0.2814276014312,0.5648659724669,0.5000060175005,0.2793522220302,0.5102639447810,0.3607018221049,0.5498356934865,0.4456830737278,0.3823616911839,0.3834102870249,0.3602192905332,0.2793819699840,0.3912412244193,0.3608529271167,0.0830131745944,0.2429772013530,0.7900878145823,0.3950336325941,0.0667993286627,0.0570030819337,1.0000000000000,0.6682847409866,0.4044918271504,0.3598747286223,-0.0571613524458,0.5014132601757,0.4424478811434,0.1536204881273,0.0545250522960,0.1260180679448,-0.0852747743401,0.4688112761950,0.3194146009079,0.1143991662621,0.4636483365408,0.1721325781223,0.2467772693833,0.3539458536333,0.2254935583707,0.4948306646423,0.0588829535298,0.3732966254963,0.4184306534290,0.2280067216658,0.3857835781292,0.2711171750074,0.3934630601133,0.3783479797351,0.2294576798362,0.1506929080626,0.1932176168354,0.6520881523174,0.3628772152142,0.2709804576110,0.0414107346623,0.7363254572727,0.5941843868691
0.6658574605145,0.6374188792258,0.3384017959005,0.6751712727220,0.3657246517704,0.0882548398600,0.3776443912087,0.1975004010451,0.2925687288291,0.2754268024537,0.3644812634872,0.3600398077643,0.3821235646351,0.3351332341342,0.5952106053404,0.4885572695501,0.4578219708759,0.6035472336276,0.2874207137555,0.5869598457460,0.3971978020542,0.4587285695277,0.5392850981424,0.5872174995031,0.3749109865368,0.6579730922172,0.6070438149263,0.3536019378749,0.3317618156279,0.7010354582977,0.5815825405493,0.0713896179304,0.2162199866269,0.6682847409866,1.0000000000000,0.6206895099311,0.6001348896262,0.0304884787452,0.5974545408461,0.1836601688485,0.2370433949642,0.1611697147550,0.0705890421598,0.0185974450651,0.2794039223955,0.3001667016711,0.2362581550773,0.3230061903320,0.2513046489182,0.2209611431591,0.3180761158708,0.4193304999981,0.5530525063325,-0.0576578931263,0.4307267103560,0.3326772819947,0.1782458894503,0.5659156325472,0.2895164479290,0.3360330915890,0.5284317698395,0.3200304226075,0.3957901906531,0.1201481125381,0.4996617571548,0.5105750135271,0.1343367626032,0.2080394232971,0.5422393276519,0.8666512751312
