1.0000000000000,0.4996815746261,0.3036861770138,0.6601242414253,0.4676405097634,0.0463804040109,0.6535054950561,0.3410355034730,0.4707712709956,0.2131513399448,0.6023675013907,0.4998039350444,0.5629709217806,0.4431896120528,0.7444252578413,0.4791075897026,0.5339026856785,0.5914306304414,0.5033895671636,0.6425767155710,0.4940171040863,0.5488099319955,0.6355985027258,0.6355521515354,0.2292006426188,0.4739651689567,0.5997546840286,0.3376017736150,0.4128596030275,0.7151071559448,0.8058329763222,0.1540149683404,-0.0050796180330,0.5307781067374,0.5625010886814,0.5938650988019,0.2785362952273,-0.2001014037406,0.3401116874842,0.1667252827406,0.1284434470120,0.2301814702702,-0.1949223729545,0.0280400866036,0.0436991475794,0.1578668799392,0.3856929204236,0.3003411548018,-0.0052435210336,0.0864352417484,0.3161723978939,0.4537785308493,0.5369820034820,0.2316708127429,0.2614465135415,0.3021102354509,0.0868515935857,0.5742506180087,0.3274926726082,0.1357342482612,-0.0004135117877,0.1415127784486,0.2433104628536,-0.0343969301056,0.3325343845572,0.3390454772054,0.2404951171629,0.1413817528626,0.2664967550056,0.4154518420536
0.4996815746261,1.0000000000000,0.1718690597642,0.7260247302611,0.5776399674604,-0.1495702652328,0.2611364091957,0.2697161298334,-0.0354056428858,0.3533421944440,0.4112436831166,0.4217431393520,0.5557672522609,0.3088326149256,0.3960929444985,0.3079546565471,0.4054454779505,0.3315666185374,0.2048719074614,0.3741571878978,0.5468563006757,0.6232171203537,0.7257074424186,0.5308111160186,0.4566310607656,0.5181426059927,0.6381355911928,0.3243199596894,0.4176302790577,0.6113183681312,0.5206432195294,0.2634110267274,-0.1193106766168,0.5547289986704,0.5954230631646,0.4915367019680,0.8166557642350,-0.1982225446351,0.4724804667405,0.3821407237668,-0.0648707958579,-0.0428570116124,-0.0334395022977,-0.2894407326143,0.2605534682653,0.1875447531621,0.3058429888454,0.3561423407778,-0.0439481958559,-0.0576830336033,0.1583769415771,0.3581866660206,0.4880525309744,0.0926954983956,0.1505849346134,0.3824976328380,0.2976914704320,0.7383543007708,0.3739035309036,0.3993984784014,0.2237178027564,0.2092865755012,0.3993104904830,0.1461501122394,0.3379407438133,0.4417732111613,0.2688815811178,0.0462491927757,0.4965790183030,0.5319225710882
0.3036861770138,0.1718690597642,1.0000000000000,0.4371468309343,0.2976043284288,0.2216234246539,0.3420977528396,0.7317813873556,0.3813635819019,0.4215182700728,0.3547361216961,0.4303023365421,0.2926381844605,0.5166146842797,0.4453679239062,0.3815071312857,0.5331831088737,0.2296394526842,0.3840814758240,0.3841703273346,0.2717847656427,0.4402433121801,0.4033202617908,0.5820486610452,0.4158026038726,0.5379310769773,0.5348193212160,0.8577707716646,0.5073512054036,0.2455423362852,0.5300989403340,0.4037489952883,0.1142763091986,0.1155156988095,0.2269639259414,0.1169687417854,-0.0239076670733,0.4354358859485,0.2231314898465,0.2032525502728,0.0027606425628,0.1305572907791,0.2383325248422,0.0714561735726,0.3067453639767,0.2351259087277,0.2611261234184,0.2848905648062,0.3558388482803,0.1118355524704,0.2061714729535,0.4977705672916,-0.0750605077734,0.0123133591360,-0.0582332356968,0.2433917207810,0.1981159761244,0.1243853449568,0.2180500574228,0.2961762519741,0.3225718310886,0.0229123509779,0.7215490489864,0.1904807957976,-0.0483489178909,-0.1192155167641,0.3731499676688,0.0959251242685,-0.1414516324169,0.1318549704658
0.6601242414253,0.7260247302611,0.4371468309343,1.0000000000000,0.6674416257521,0.0138356828942,0.4994610084231,0.4054058506866,0.3210824239429,0.6071716146055,0.5350450587920,0.6706627623973,0.6600252071014,0.6481298931384,0.6712848731638,0.6475493121794,0.4758581055167,0.3617682215028,0.4507382655084,0.5354959922466,0.6603464052669,0.5706469981654,0.7383925418992,0.5352182804785,0.5503088767185,0.7972837616863,0.7161195375324,0.5431590135112,0.3399701335786,0.6994427798130,0.6417842251507,0.5054091704805,0.0336416984568,0.6614114229908,0.6528226971435,0.6103611696019,0.6104000039267,-0.1518455053363,0.7418151041569,0.3611852463512,0.1740098302446,0.2064746694293,0.0373214955008,-0.0022558658620,0.4625883867862,0.1630844421666,0.5843797037266,0.4030647838330,0.3035767461515,0.2910868524784,0.5069524034808,0.4223843000459,0.5038439614498,0.3258469556151,0.1244574251833,0.4466981342615,-0.0133652882595,0.7343085507285,0.1679348837145,0.4234615533654,0.4742966990468,0.2785961878103,0.5683208871503,-0.0659019960546,0.3164571284412,0.1533207026037,0.5847373627353,0.3355010655479,0.4248146090554,0.5230404179161
0.4676405097634,0.5776399674604,0.2976043284288,0.6674416257521,1.0000000000000,-0.0642980384495,0.5212041129638,0.3480586879787,0.0778366226787,0.5202033210159,0.6880615594969,0.3284081013767,0.7646596698874,0.3520636996586,0.4303167195553,0.5042075462232,0.4391747968683,0.3627080335997,0.1278418329694,0.3455263717437,0.7768160638022,0.5752817331344,0.5990520436207,0.5213078465005,0.5468160585349,0.5264548150394,0.4993961301636,0.3642327452995,0.4066953099550,0.6212954819303,0.5523132624405,0.2957412506843,-0.0090289929385,0.6075820225458,0.5044042174441,0.5736783180083,0.4577835375443,-0.0532348604185,0.4814963154446,0.8476116241533,0.0817721394337,0.3168442405119,0.1450303099611,-0.0772212454271,0.4765976163431,0.4970889186937,0.1739731286622,0.7112583038882,0.0587656355584,0.1289756821160,0.4313397809965,0.3719953863618,0.3928216613630,-0.0125974798371,0.0618258700673,0.7527037483677,0.1756344574525,0.5995150449401,0.3301570189217,0.5392242538102,0.2990589094475,0.1967734545681,0.4685900247614,0.1824656150460,0.3951175803975,0.1506549435923,0.3430375728970,0.1677233802181,0.3558085364612,0.4253308193057
0.0463804040109,-0.1495702652328,0.2216234246539,0.0138356828942,-0.0642980384495,1.0000000000000,0.3173339728317,-0.1064695431720,0.5786798611137,-0.0166102335245,0.1497335682543,0.3386452183403,0.0003781968737,0.2340529723993,0.1720786112351,0.3493780008231,0.1819727999892,0.0449314339178,0.2845265406360,0.1153653937551,0.0544165660582,0.1172043575870,0.0030078847806,0.1880526310804,-0.0696254996723,0.1812465479643,0.2166635486446,0.2182022133441,-0.0849909559615,0.0233658575178,0.0756161719373,0.1438408041690,0.5936894868692,-0.0306544477537,0.2159626898489,0.0562006409230,-0.1207230881935,0.1913356867302,0.0852226712276,-0.1222987091779,0.5991666772970,0.5503669849647,-0.1166444683317,0.6355157071665,-0.0853676075050,0.1703143442897,0.3059995308600,0.0495667582982,0.3332634701905,0.1999083008021,0.2968821855206,0.2162206365040,-0.0455051720223,0.1350971858104,0.0483683564347,0.0314762408000,0.0309012152889,-0.0985573622581,0.1357722860366,-0.0029599092592,0.1638497897186,0.1523829193239,0.1189832536096,-0.0393816112763,0.0171409415256,0.0107065502995,0.0099105093590,0.2688367377305,-0.1095623661982,0.2941159856674
0.6535054950561,0.2611364091957,0.3420977528396,0.4994610084231,0.5212041129638,0.3173339728317,1.0000000000000,0.2562197472153,0.6202019371735,0.2506830442449,0.8175166151226,0.5567109471780,0.7165630603876,0.4337968328048,0.6013331069601,0.6933204680212,0.4342105633084,0.3407048938323,0.4613608920229,0.4606093131261,0.5897418874964,0.4008065983689,0.3614670009789,0.5260135893763,0.1935421314978,0.4339825475159,0.5172184605401,0.3450452636695,0.2858941118346,0.6279306660407,0.5176245130703,0.1769217219951,0.2786257432372,0.4940717622773,0.5160189896745,0.3295961725743,0.1541750319395,-0.0841081795665,0.1834927506808,0.3135423428455,0.3371059122054,0.6598524817083,-0.2265517827809,0.2971137656006,0.1379279836713,0.3982695788316,0.3595868164117,0.5434604946412,0.0846513551213,0.0231318703855,0.5035239740183,0.3556351157679,0.3123610595764,0.1930811121467,0.0084683314654,0.4683137583992,-0.0381725297810,0.3100319821886,0.2269630912405,0.1828173608541,0.0724421455635,0.1386924131452,0.2643683646296,-0.0457383530961,0.2043886703276,0.0104867904859,0.2432300565227,0.2427958833030,0.1987423923573,0.3659204275686
0.3410355034730,0.2697161298334,0.7317813873556,0.4054058506866,0.3480586879787,-0.1064695431720,0.2562197472153,1.0000000000000,0.0794740960551,0.3889964260478,0.3646153074800,0.1578234054736,0.3198258991806,0.2451945845812,0.3561512929771,0.1153992686973,0.5104212423051,0.2127931361819,0.0923475969792,0.2620251699045,0.3193156219720,0.4974747986528,0.4741111771488,0.5746763420564,0.5350038081975,0.3823541253102,0.3438979988760,0.6249232112247,0.8061957984405,0.2379732462453,0.5392859174859,0.2605422844009,-0.0765776215483,0.0691389552749,0.1058386793115,0.1616722684296,0.0791636933928,0.2843703089922,0.1562040301718,0.3678753889971,-0.2255557564453,-0.1270200619670,0.4509024251596,-0.2915446758901,0.3421540676537,0.2737989183873,-0.0621647951871,0.3566919848405,0.0539757736468,-0.0519649121229,-0.0320462092578,0.4767999586388,-0.0570785354054,-0.2595055450659,-0.0682836774230,0.3427845650402,0.2973852160179,0.2135475481223,0.2526011784516,0.4530243173083,0.1938124425213,-0.1077474329530,0.6172611847582,0.5533475999317,-0.0784716958793,0.0388300338356,0.2194242198559,-0.0907747180703,-0.1703575794420,0.0262569451632
0.4707712709956,-0.0354056428858,0.3813635819019,0.3210824239429,0.0778366226787,0.5786798611137,0.6202019371735,0.0794740960551,1.0000000000000,0.0056097982430,0.4035508807246,0.6079609625090,0.2081451306579,0.4770038542822,0.5601355499648,0.5485774609776,0.2519337111608,0.2151357948862,0.6592211550567,0.3878034618141,0.1698852447005,0.1454204080978,0.1669947742319,0.3098235317723,-0.0452583398253,0.3291475222613,0.3687332528199,0.3362730745155,0.0922917231966,0.3032223286927,0.3905760624807,0.1703464219781,0.4721378871398,0.1649341251493,0.3363599676534,0.0980711024423,-0.1348129998226,0.0190582256979,0.1609569737212,-0.1859419946235,0.4552236192371,0.5274698798438,-0.2386437778259,0.6455497846271,-0.1167694367367,0.0208970288870,0.5039385818065,0.0403421605388,0.3029537490538,0.1794715353791,0.3793045540795,0.2127820855691,0.0932313906453,0.3288563713187,-0.0202379093859,0.0000133327900,-0.2082198269066,0.0796382572213,-0.0335260607203,-0.0939830404393,0.0345037038072,0.0268866515589,0.1267802860548,-0.1516951122519,-0.0394145292665,-0.0620169224973,0.1699683557813,0.3785352001943,0.0037484470037,0.2083250270163
0.2131513399448,0.3533421944440,0.4215182700728,0.6071716146055,0.5202033210159,-0.0166102335245,0.2506830442449,0.3889964260478,0.0056097982430,1.0000000000000,0.2603843805626,0.3157438562807,0.5034517646001,0.5376901056920,0.3331162566138,0.4446325765277,0.1789487838610,0.0164805006486,0.1298043744585,0.1751775767590,0.4799529526327,0.2881176454007,0.4984694868450,0.1432481716818,0.7418418449930,0.5611754554458,0.3585387742071,0.4514646844718,0.1019911495582,0.3675808305160,0.3147998804802,0.5452051896185,-0.1435682800986,0.3870606296454,0.2025785363281,0.3990319352044,0.2734903194215,0.0899293814603,0.4433733392113,0.4700782030129,-0.0419762729414,0.0985338337526,0.4035490939941,-0.1157381356414,0.8729545967621,0.1739609737584,0.2613633722455,0.4532879920701,0.4339834454691,0.3719007944655,0.3997699512684,0.1323762893243,0.1762028136972,0.0969197597125,-0.0713477226669,0.4028543636105,-0.0701093846150,0.4347278409563,0.0294820853233,0.6662362522378,0.5233997708674,0.2104904309128,0.5272525030822,-0.0309396829464,0.2046196467357,-0.1571074229980,0.5684073543029,0.1019964844513,0.2694887991946,0.1808151320549
0.6023675013907,0.4112436831166,0.3547361216961,0.5350450587920,0.6880615594969,0.1497335682543,0.8175166151226,0.3646153074800,0.4035508807246,0.2603843805626,1.0000000000000,0.5037381696825,0.7849756296873,0.3962198998729,0.6114064473689,0.5737071109577,0.5062818504678,0.3713710280030,0.4041023209236,0.5220731075314,0.7203193294888,0.5507543790500,0.4261847124744,0.6184454352462,0.2451870024753,0.4777013505487,0.5315352795826,0.3755812985978,0.4310240080907,0.6912799673592,0.5412025180493,0.2189852712831,0.1392620816006,0.5924675446365,0.5281372662884,0.3881029893305,0.2587512425764,-0.0706937942127,0.2728531805105,0.5471484465367,0.2325327259932,0.4775453680399,-0.1638446421993,0.1106613797731,0.1945595805788,0.6071111000757,0.2865427857697,0.6591667010485,0.0309096487302,-0.0059961544706,0.4345893613236,0.4103638642450,0.3119805816024,0.1413457819269,0.0740297032601,0.6518462031554,0.1261691258140,0.3535021521904,0.3334357861393,0.2590695145829,0.1391218918302,0.1140725057338,0.3320559959544,0.1464450211475,0.3137144898878,0.0974247156080,0.3145023831548,0.0480629307312,0.3128338345477,0.4328274109402
0.4998039350444,0.4217431393520,0.4303023365421,0.6706627623973,0.3284081013767,0.3386452183403,0.5567109471780,0.1578234054736,0.6079609625090,0.3157438562807,0.5037381696825,1.0000000000000,0.4595224730832,0.8058356917683,0.7101840126562,0.6630150049918,0.4172868807386,0.1472669549210,0.7844782594713,0.5625885246906,0.3994605067331,0.3550042793679,0.3852297719800,0.3907599211559,0.2145563203245,0.6806479918892,0.6562902377351,0.5311057447103,0.0981490462585,0.6098390169399,0.3929522385404,0.5132294102503,0.2683477134648,0.4818208296580,0.5593233604394,0.2510246844978,0.3240555722290,-0.1470526495227,0.4457510864036,0.0046262268755,0.3993537259131,0.3278215692171,-0.2825676201251,0.2943788245847,0.1691471114019,0.0519530849721,0.8681269065911,0.1701495221921,0.5176254531605,0.2368738937530,0.4745842650669,0.3410994504675,0.2697013557046,0.6237700800954,0.0111434332443,0.1533573360656,-0.1025650052465,0.3713572734442,0.0465426436414,0.0902027562810,0.3888347296595,0.1838313022093,0.4011747138198,-0.2790765327255,0.1922101087767,-0.0317328361906,0.6266626831439,0.3992294450177,0.3356969404932,0.4426345869892
0.5629709217806,0.5557672522609,0.2926381844605,0.6600252071014,0.7646596698874,0.0003781968737,0.7165630603876,0.3198258991806,0.2081451306579,0.5034517646001,0.7849756296873,0.4595224730832,1.0000000000000,0.3796582531733,0.5596348478130,0.6381962544168,0.3642502553738,0.4453661552410,0.3202099727941,0.5204986040134,0.8500643677314,0.5086390423412,0.5210283021870,0.5412718004267,0.3687555079097,0.4511212569850,0.5860431841789,0.3168608049472,0.3486878445733,0.7615565702800,0.5547784372594,0.2416825110017,-0.0410831169860,0.7091000258032,0.6318336551873,0.4855101383113,0.4278623478649,-0.0829123248917,0.3352189954257,0.6140320802763,0.0587571354461,0.3618427435710,-0.0572274263411,-0.1118315381716,0.3737544313599,0.5501821923132,0.2816627418939,0.8546924700148,0.0308597824218,0.0904631710723,0.4610586735089,0.2732902373750,0.5614445990453,0.1711978207966,0.2103186181314,0.7327428470790,0.0789000354110,0.4804757011758,0.3135557892377,0.3552309445517,0.1848444979303,0.2764750343422,0.3575974462991,0.0617862489024,0.4385935031713,0.1246370418259,0.3441489721709,0.0696172411351,0.5233471365372,0.4992161351151
0.4431896120528,0.3088326149256,0.5166146842797,0.6481298931384,0.3520636996586,0.2340529723993,0.4337968328048,0.2451945845812,0.4770038542822,0.5376901056920,0.3962198998729,0.8058356917683,0.3796582531733,1.0000000000000,0.6695350203965,0.5819303229801,0.4519100080364,0.0803473599981,0.6604275550322,0.4651198318210,0.3132429584704,0.3590083883658,0.4053381460955,0.3140231185478,0.3751783397305,0.7722755353841,0.5249803441874,0.6670622139648,0.0709961935249,0.4885500198256,0.3993702588814,0.7378309638251,0.1794870126259,0.3425309205267,0.3803013292002,0.2639897412432,0.1617143562356,-0.1279472832192,0.4278271181212,0.0325759046988,0.2617699635686,0.2843993478877,-0.1221540228448,0.2720640398615,0.3557044480143,0.0272059973656,0.7756349228746,0.1227256196551,0.7254691160889,0.3470649239728,0.4813803175342,0.3679774130999,0.1122847554367,0.5212088980367,-0.1130575438100,0.1071484992214,-0.0670505718867,0.3489065076792,0.0067915319243,0.1788008756363,0.5005365738983,0.0284523999300,0.4883358511347,-0.3256327179539,0.1338864698604,-0.1231284820216,0.7978421428228,0.4424991685710,0.2005380790467,0.2478897823246
0.7444252578413,0.3960929444985,0.4453679239062,0.6712848731638,0.4303167195553,0.1720786112351,0.6013331069601,0.3561512929771,0.5601355499648,0.3331162566138,0.6114064473689,0.7101840126562,0.5596348478130,0.6695350203965,1.0000000000000,0.6019936733972,0.4664800641519,0.4799858128978,0.7593767955522,0.8371116339947,0.4326529233535,0.4444611636030,0.4780267300500,0.5076276176934,0.1760652231499,0.5459110205923,0.6199663101928,0.5140963570533,0.2649758280594,0.7650874227385,0.6581047220914,0.4028211118046,0.2170336808423,0.5868328293975,0.5988165972729,0.4347650543287,0.1817041180404,-0.1617023687656,0.3728777070914,0.1050554012432,0.2185993081402,0.2036819829233,-0.1973988362699,0.0592653664135,0.1355423779041,0.2011304327609,0.5472870259158,0.2957373818851,0.2962625120697,0.2966663353062,0.4416248597643,0.3648455186956,0.4120980565849,0.4780399736781,0.2405452611103,0.2393562109370,-0.0119642603307,0.3720979827898,0.1550897046401,0.0541572687827,0.2296032254605,0.1232484354121,0.3338858990464,-0.1574976065061,0.3807342826522,0.0696964598708,0.5257286716813,0.2216588984876,0.3934504908731,0.4218871757485
0.4791075897026,0.3079546565471,0.3815071312857,0.6475493121794,0.5042075462232,0.3493780008231,0.6933204680212,0.1153992686973,0.5485774609776,0.4446325765277,0.5737071109577,0.6630150049918,0.6381962544168,0.5819303229801,0.6019936733972,1.0000000000000,0.3099096459523,0.2836580967972,0.4956822408786,0.4578007378268,0.4977078028301,0.3401118582962,0.3612027081729,0.3702494475600,0.2766054583348,0.5914502137924,0.5938377810033,0.3990854551236,0.0169828847680,0.6344571702038,0.3911311489556,0.3545889585631,0.2978002251104,0.6232629807666,0.6466579262741,0.3947465090344,0.2914524243150,-0.0545511017192,0.4427075993003,0.2424773371730,0.4681452395329,0.5740061175229,-0.1479459826215,0.3270272111112,0.3553566674515,0.2873624134518,0.5423531415188,0.4485554211579,0.3949881274641,0.3222654336807,0.8048143526194,0.2634028663112,0.3377917133135,0.3570260849896,0.0906037832483,0.3392032321316,-0.1485553889279,0.3585701429854,0.0523818781317,0.2412041416254,0.3720837425768,0.2596433881930,0.3844573431229,-0.2806307296881,0.3505734471841,-0.0905867349483,0.5000235087793,0.4005934237253,0.3899668331047,0.5017582980933
0.5339026856785,0.4054454779505,0.5331831088737,0.4758581055167,0.4391747968683,0.1819727999892,0.4342105633084,0.5104212423051,0.2519337111608,0.1789487838610,0.5062818504678,0.4172868807386,0.3642502553738,0.4519100080364,0.4664800641519,0.3099096459523,1.0000000000000,0.2975778171325,0.2737690057079,0.3650201110031,0.3618937345015,0.7971400020466,0.6176267273106,0.8200932412912,0.3543470443518,0.5443809799670,0.4644177099918,0.6183273757130,0.6236397140604,0.4810873361560,0.6356908984790,0.2343537648613,0.1872333881641,0.2532002494897,0.4220448354960,0.4503355023965,0.2443154019974,0.1240366340344,0.3108421614851,0.2941402436896,0.1525106806614,0.2720194559075,-0.0041867678696,0.0951169738018,0.0611452671532,0.3732368548975,0.2786041194045,0.3018198452530,0.2135122185912,-0.0287093198024,0.2447378404792,0.9315484574913,0.0771640872913,-0.0454938433325,0.0405498351685,0.3414532789274,0.5498803107541,0.4432893653062,0.6235287010298,0.3030840186499,0.2199460227462,-0.0522453981649,0.5521437869092,0.2857232507531,0.2375368600538,0.3609368991965,0.2407932899310,0.1486079388504,-0.0232273699720,0.4142525409682
0.5914306304414,0.3315666185374,0.2296394526842,0.3617682215028,0.3627080335997,0.0449314339178,0.3407048938323,0.2127931361819,0.2151357948862,0.0164805006486,0.3713710280030,0.1472669549210,0.4453661552410,0.0803473599981,0.4799858128978,0.2836580967972,0.2975778171325,1.0000000000000,0.3360591781892,0.6899934561352,0.3626450989379,0.4275264938473,0.3551315836179,0.5775415173602,-0.0655788993910,0.1243227736139,0.5385147821279,0.2222256035891,0.3075244367831,0.4696256018205,0.6459433835835,-0.0210151596110,0.0781011371732,0.4701565149248,0.5660130971868,0.3737683281713,0.1857231419870,-0.0672731320617,0.1619687587876,0.2339044427771,0.0136279779500,0.1108304786820,-0.1996384830496,-0.1315465426796,-0.1497125680514,0.3031650320758,0.0635924005947,0.3969298614875,-0.1468362442252,-0.0144496074759,0.1523740188007,0.2496265371252,0.6288903669282,0.1178982879863,0.6107058660021,0.3564108556188,0.2609849620760,0.2423479906530,0.4303352658535,-0.0900042492833,-0.1334985006893,0.2564326620506,0.0941860725932,0.0660657546310,0.3826108351197,0.3277484095706,-0.0457681828111,0.0101865962753,0.3362033142314,0.4421638760277
0.5033895671636,0.2048719074614,0.3840814758240,0.4507382655084,0.1278418329694,0.2845265406360,0.4613608920229,0.0923475969792,0.6592211550567,0.1298043744585,0.4041023209236,0.7844782594713,0.3202099727941,0.6604275550322,0.7593767955522,0.4956822408786,0.2737690057079,0.3360591781892,1.0000000000000,0.7485957940110,0.2243122403996,0.2151405993225,0.2324455865368,0.3169416153388,-0.0932450320867,0.4097897615345,0.5374996253092,0.4149137745939,0.0205920149263,0.4952304868805,0.4171621698242,0.3399908785312,0.3053804797627,0.3877676092293,0.4391793630914,0.1658487393567,0.0556225017994,-0.1309392605894,0.2378160722375,-0.1484435657541,0.2752665470045,0.2078105596019,-0.3604485257256,0.2387948265223,-0.0587649955446,0.0538322419606,0.6954590932776,0.0767377688743,0.4322822256423,0.2801768321115,0.3351436822838,0.2015818395662,0.2782449469792,0.6644269625352,0.2294254121052,0.0254321602621,-0.1370399619497,0.1594174596156,0.0075731864394,-0.1826028780642,0.1382122892322,0.1294658720677,0.1591697179576,-0.2978421267674,0.2355492598731,-0.0456228937055,0.4486245484791,0.2359189469918,0.2879081947485,0.3250841702269
0.6425767155710,0.3741571878978,0.3841703273346,0.5354959922466,0.3455263717437,0.1153653937551,0.4606093131261,0.2620251699045,0.3878034618141,0.1751775767590,0.5220731075314,0.5625885246906,0.5204986040134,0.4651198318210,0.8371116339947,0.4578007378268,0.3650201110031,0.6899934561352,0.7485957940110,1.0000000000000,0.4166832724387,0.3596569563224,0.3781171198708,0.4952640506873,-0.0538782051074,0.3888548543589,0.6426404894205,0.4310301770710,0.1950811227259,0.6580143411045,0.5814776618728,0.2655167929199,0.1685101242597,0.5550936804994,0.5959640608022,0.3567745188256,0.1886098450968,-0.1019358607516,0.2874287401221,0.0983542415792,0.1209067511887,0.0844521511833,-0.2819136863513,-0.0919152300178,-0.0352198081133,0.2616658566653,0.4264704913426,0.3161964434673,0.1471353673131,0.2274291902000,0.3024832917564,0.2805940165291,0.5272690558887,0.5055392723129,0.4968032082099,0.2870103452276,0.0490291145138,0.2725510314712,0.2127085422790,-0.1324150992876,0.1468222850833,0.2684413215819,0.2326220985280,-0.1590868225091,0.4272400047253,0.0847272371555,0.3545994410218,0.0625392882105,0.4208561686980,0.4430469044750
0.4940171040863,0.5468563006757,0.2717847656427,0.6603464052669,0.7768160638022,0.0544165660582,0.5897418874964,0.3193156219720,0.1698852447005,0.4799529526327,0.7203193294888,0.3994605067331,0.8500643677314,0.3132429584704,0.4326529233535,0.4977078028301,0.3618937345015,0.3626450989379,0.2243122403996,0.4166832724387,1.0000000000000,0.4664877183056,0.5474796437074,0.5003528656296,0.4550095404277,0.5346552971005,0.6172989731495,0.2892831524532,0.3794537954723,0.5512307879505,0.4836662111950,0.3136504956014,-0.0443867733429,0.5949602080082,0.5082249735233,0.5344322555458,0.4413165195325,-0.0547091566838,0.5515519410773,0.6705778788928,0.1077025774455,0.3467352174905,0.0329308939679,-0.0471778988269,0.3882750117670,0.5071298907270,0.2813013130969,0.7773907630303,0.0549665273023,0.1326696484277,0.3853990836123,0.3299183009989,0.4910097562850,0.1115701666683,0.2008991217353,0.8885128199128,0.0224648017742,0.5438361119201,0.2736711814841,0.4389928674939,0.3332797504902,0.3741879931524,0.4079223185201,0.1533364401574,0.3050943462725,0.1231247239835,0.3316067908543,0.0218242981276,0.3578552057979,0.4799842243389
0.5488099319955,0.6232171203537,0.4402433121801,0.5706469981654,0.5752817331344,0.1172043575870,0.4008065983689,0.4974747986528,0.1454204080978,0.2881176454007,0.5507543790500,0.3550042793679,0.5086390423412,0.3590083883658,0.4444611636030,0.3401118582962,0.7971400020466,0.4275264938473,0.2151405993225,0.3596569563224,0.4664877183056,1.0000000000000,0.7448764661840,0.8786409268293,0.4288497835983,0.4889053820578,0.5344368903888,0.5141871461254,0.6355272725783,0.6097107842324,0.7537551413367,0.1928126712066,0.1308391773019,0.4468543642824,0.5444602482686,0.5551900633500,0.4685108379521,0.0988605174765,0.3231198596972,0.4452945628934,0.1060310757401,0.1983126213663,0.0982785069147,-0.0387660864828,0.1755129047046,0.4211763473991,0.2046994822043,0.4620718982473,0.0934042003519,-0.0372622490152,0.2379916207846,0.7386136432815,0.3115984145579,-0.0768961982277,0.1299827090717,0.4320797971126,0.6933100958151,0.5989304186099,0.7529437152741,0.4566077710236,0.1519783758615,0.0926193519355,0.5367349867876,0.3998512410523,0.3795658748808,0.5299396771796,0.1819051411129,0.1144832961259,0.2387448394178,0.5210127621156
0.6355985027258,0.7257074424186,0.4033202617908,0.7383925418992,0.5990520436207,0.0030078847806,0.3614670009789,0.4741111771488,0.1669947742319,0.4984694868450,0.4261847124744,0.3852297719800,0.5210283021870,0.4053381460955,0.4780267300500,0.3612027081729,0.6176267273106,0.3551315836179,0.2324455865368,0.3781171198708,0.5474796437074,0.7448764661840,1.0000000000000,0.6629552722408,0.6048050499908,0.5502400875028,0.5706270913114,0.4541072762158,0.5518461274076,0.5889908269126,0.7638612759592,0.2554673794539,-0.0754980558759,0.4216580210475,0.4774626064255,0.6268865714076,0.5411619145091,0.0404855692203,0.5185401224932,0.4332978345368,-0.0096967388623,0.0711013028771,0.1964566586891,-0.1355681700251,0.3836177854315,0.2046892519991,0.2915125204906,0.4025620983185,0.1308658231332,0.0921398825077,0.2323755084640,0.5817457638099,0.4160502102710,0.0176145089648,0.1661501816846,0.4327538614667,0.3668778436841,0.8686405865161,0.5050035431854,0.5686928871926,0.2534767666587,0.1980882452315,0.5280527835161,0.2676210081366,0.3106263223057,0.4725748766192,0.2561998526716,0.0606175483631,0.2385437980490,0.4313205722522
0.6355521515354,0.5308111160186,0.5820486610452,0.5352182804785,0.5213078465005,0.1880526310804,0.5260135893763,0.5746763420564,0.3098235317723,0.1432481716818,0.6184454352462,0.3907599211559,0.5412718004267,0.3140231185478,0.5076276176934,0.3702494475600,0.8200932412912,0.5775415173602,0.3169416153388,0.4952640506873,0.5003528656296,0.8786409268293,0.6629552722408,1.0000000000000,0.2948718521892,0.4682384683245,0.6203324086672,0.5846185801735,0.7353092710104,0.5848606982559,0.7942326056595,0.1222547500349,0.1737719760169,0.3851452229083,0.5999305078122,0.4754967004255,0.3495947073342,0.1822154093467,0.2631156955911,0.3801456085169,0.0837345905583,0.2457093148344,-0.0079830791023,-0.0149106562744,0.0064692235473,0.4805487225093,0.2002028406011,0.5034337088021,0.0168945570543,-0.1402406420238,0.1948157751220,0.7731936222275,0.3455644460220,-0.0746684250763,0.2322074465018,0.4703656345163,0.5946602466178,0.4504696773603,0.7433814709312,0.2924999986159,0.0810705649736,0.0973899337866,0.5394070029378,0.4126623232520,0.3024665630598,0.4843771358451,0.1075921002380,0.0466676001520,0.1256372654045,0.5424434730713
0.2292006426188,0.4566310607656,0.4158026038726,0.5503088767185,0.5468160585349,-0.0696254996723,0.1935421314978,0.5350038081975,-0.0452583398253,0.7418418449930,0.2451870024753,0.2145563203245,0.3687555079097,0.3751783397305,0.1760652231499,0.2766054583348,0.3543470443518,-0.0655788993910,-0.0932450320867,-0.0538782051074,0.4550095404277,0.4288497835983,0.6048050499908,0.2948718521892,1.0000000000000,0.5413573381892,0.4060620621456,0.3811680622528,0.4482636255966,0.2563522466609,0.3625257208904,0.4558572287915,-0.2114748587005,0.1833776654475,0.1107021890050,0.4012759179121,0.3450780551102,0.1919808855595,0.4582067142979,0.5527406576966,-0.0818772915349,0.0545357279944,0.5907002582102,-0.1014614104263,0.7889974640123,0.1307192063211,0.1528895216748,0.3771064938909,0.2743885726862,0.1666145286643,0.2157537873139,0.3479220973638,0.0192932566414,-0.1664599788462,-0.2139319827460,0.4160724432676,0.1255199381500,0.5737669036532,0.1799438755640,0.9081292135011,0.4238501415732,0.1594479289803,0.5797019586478,0.3200000583027,0.0415717139424,0.0551998892946,0.4353313842319,0.0663365752077,0.0790670453167,0.1263111121281
0.4739651689567,0.5181426059927,0.5379310769773,0.7972837616863,0.5264548150394,0.1812465479643,0.4339825475159,0.3823541253102,0.3291475222613,0.5611754554458,0.4777013505487,0.6806479918892,0.4511212569850,0.7722755353841,0.5459110205923,0.5914502137924,0.5443809799670,0.1243227736139,0.4097897615345,0.3888548543589,0.5346552971005,0.4889053820578,0.5502400875028,0.4682384683245,0.5413573381892,1.0000000000000,0.6577704271302,0.7019914851891,0.2659999456187,0.4510067978636,0.4397204204886,0.6889413554599,0.0800198157426,0.4232317587266,0.5079037585223,0.4319536570549,0.4407333555842,-0.0996822279247,0.6864520163750,0.2536302291871,0.2452848957016,0.3157820238767,-0.0202180705202,0.1846857978536,0.4381213960424,0.1655222500194,0.6031990384058,0.2719460918838,0.4829648104808,0.2522532661452,0.5095115160083,0.5053148399236,0.1517026407386,0.2468752816006,-0.0977451396058,0.3773872869721,-0.0281531747287,0.5052728663836,0.0957377540322,0.3735488903170,0.6926474148237,0.1600609325477,0.6257594022123,-0.1286031873262,0.1081173328717,-0.0172430315996,0.6754928585717,0.3235679895823,0.1513383232534,0.4272047948812
0.5997546840286,0.6381355911928,0.5348193212160,0.7161195375324,0.4993961301636,0.2166635486446,0.5172184605401,0.3438979988760,0.3687332528199,0.3585387742071,0.5315352795826,0.6562902377351,0.5860431841789,0.5249803441874,0.6199663101928,0.5938377810033,0.4644177099918,0.5385147821279,0.5374996253092,0.6426404894205,0.6172989731495,0.5344368903888,0.5706270913114,0.6203324086672,0.4060620621456,0.6577704271302,1.0000000000000,0.5635489838667,0.3353261131364,0.5840079271891,0.6053083398142,0.4676541624032,0.0818948065398,0.5554668203519,0.6500659720058,0.4361195067862,0.5025010950714,0.0143643883047,0.5192283918929,0.2722764663319,0.1971206563389,0.2508028249632,-0.0754913143243,0.0491593484150,0.2231475892353,0.2320224204130,0.5401500089440,0.4180121238793,0.2288135934461,0.1571189877409,0.3677696091640,0.4314294013047,0.4882430822919,0.3398386098833,0.2743809272375,0.4396920452981,0.0916528772622,0.5059788627279,0.2898734093637,0.3004198613656,0.3479241296301,0.5168654676759,0.5434390108010,-0.0230707497075,0.2821918334896,0.1571323590417,0.4594516275675,0.1662677011768,0.3709084597556,0.5392338606575
0.3376017736150,0.3243199596894,0.8577707716646,0.5431590135112,0.3642327452995,0.2182022133441,0.3450452636695,0.6249232112247,0.3362730745155,0.4514646844718,0.3755812985978,0.5311057447103,0.3168608049472,0.6670622139648,0.5140963570533,0.3990854551236,0.6183273757130,0.2222256035891,0.4149137745939,0.4310301770710,0.2892831524532,0.5141871461254,0.4541072762158,0.5846185801735,0.3811680622528,0.7019914851891,0.5635489838667,1.0000000000000,0.4371192722021,0.3102498175275,0.5110739698876,0.5761811810562,0.2001714713125,0.1683085329233,0.3349624526146,0.1957395759539,0.1710590744120,0.2170958201369,0.3496817927302,0.1799900086827,0.0463902342670,0.1831903712754,0.0896658401777,0.0760499562762,0.2703879055061,0.2356812350986,0.3762891205791,0.2457591952949,0.4212209030956,0.0923908475935,0.2455254995887,0.5620573904994,-0.0413795275571,0.0775041989888,-0.0843891398988,0.2391114382919,0.2599076394662,0.2110198305268,0.2337357172377,0.2297284436315,0.4778723130861,-0.0121327791088,0.7928646978270,0.0920642698210,-0.0188899540622,-0.0365356062420,0.4841413042427,0.2211197967406,-0.0625360211988,0.2288202111302
0.4128596030275,0.4176302790577,0.5073512054036,0.3399701335786,0.4066953099550,-0.0849909559615,0.2858941118346,0.8061957984405,0.0922917231966,0.1019911495582,0.4310240080907,0.0981490462585,0.3486878445733,0.0709961935249,0.2649758280594,0.0169828847680,0.6236397140604,0.3075244367831,0.0205920149263,0.1950811227259,0.3794537954723,0.6355272725783,0.5518461274076,0.7353092710104,0.4482636255966,0.2659999456187,0.3353261131364,0.4371192722021,1.0000000000000,0.2772634897813,0.6049018403118,0.0272058578243,-0.0457565622196,0.0555854697411,0.2021234715240,0.2158520883555,0.2204080534014,0.2047175181072,0.1256946030767,0.4376591692594,-0.1864302429944,-0.0334747945915,0.2959925982990,-0.2132509166226,0.0786078546874,0.3816727813305,-0.1101821291382,0.4049641616456,-0.1467156250240,-0.2628746001411,-0.1338461162184,0.6014484160417,0.0348209730012,-0.3743386685737,0.0431776577530,0.4194047117686,0.5256128010289,0.3435410493920,0.5154514702399,0.4171002294805,-0.0276957866723,-0.1392909463193,0.4611662407633,0.7641685378664,0.0120976001113,0.4168029525538,-0.0204632471069,-0.1211402617579,-0.1298529756559,0.1723067872922
0.7151071559448,0.6113183681312,0.2455423362852,0.6994427798130,0.6212954819303,0.0233658575178,0.6279306660407,0.2379732462453,0.3032223286927,0.3675808305160,0.6912799673592,0.6098390169399,0.7615565702800,0.4885500198256,0.7650874227385,0.6344571702038,0.4810873361560,0.4696256018205,0.4952304868805,0.6580143411045,0.5512307879505,0.6097107842324,0.5889908269126,0.5848606982559,0.2563522466609,0.4510067978636,0.5840079271891,0.3102498175275,0.2772634897813,1.0000000000000,0.6371767816515,0.1675506298060,0.1225646355517,0.8101703867235,0.7506289959267,0.5996928543139,0.4773912996432,-0.1513986121062,0.3277507079249,0.3514826652254,0.1972705693102,0.2217502232372,-0.1633021499471,-0.0757294520965,0.2356490811530,0.3424862652104,0.4411183349084,0.5042872362227,0.1110929340673,0.1532980749063,0.4643067255074,0.3754041277773,0.6076109754598,0.3525954976117,0.2988343806739,0.3737996819004,0.1881438067688,0.5620693240099,0.3892564222044,0.2371142739627,0.1374666540109,0.2430497632103,0.3098905656899,-0.0647467445586,0.6745665359608,0.2996422892677,0.3836164953402,0.2083656771043,0.6462014265391,0.6210757361182
0.8058329763222,0.5206432195294,0.5300989403340,0.6417842251507,0.5523132624405,0.0756161719373,0.5176245130703,0.5392859174859,0.3905760624807,0.3147998804802,0.5412025180493,0.3929522385404,0.5547784372594,0.3993702588814,0.6581047220914,0.3911311489556,0.6356908984790,0.6459433835835,0.4171621698242,0.5814776618728,0.4836662111950,0.7537551413367,0.7638612759592,0.7942326056595,0.3625257208904,0.4397204204886,0.6053083398142,0.5110739698876,0.6049018403118,0.6371767816515,1.0000000000000,0.1277039786226,0.0240829488598,0.4307343877040,0.5474898625807,0.5532465688896,0.2796257484360,0.0230263948054,0.2754016123962,0.3264680257894,0.0082264051801,0.1561214875556,0.0530499164359,-0.0481842639494,0.1149068401894,0.2552520810250,0.2394475660769,0.4266289989069,0.0179475864100,0.0213819619061,0.1864566903791,0.5542516916313,0.4799473273574,0.0494447902598,0.2138740527257,0.3776009377852,0.3504193550930,0.5867721030563,0.5311219605318,0.2986966316875,-0.0054853800010,0.1187166997489,0.3986207367460,0.2346374308021,0.2889327587871,0.4559545114623,0.1388518238349,0.1109686453874,0.1851535111804,0.4099772625129
0.1540149683404,0.2634110267274,0.4037489952883,0.5054091704805,0.2957412506843,0.1438408041690,0.1769217219951,0.2605422844009,0.1703464219781,0.5452051896185,0.2189852712831,0.5132294102503,0.2416825110017,0.7378309638251,0.4028211118046,0.3545889585631,0.2343537648613,-0.0210151596110,0.3399908785312,0.2655167929199,0.3136504956014,0.1928126712066,0.2554673794539,0.1222547500349,0.4558572287915,0.6889413554599,0.4676541624032,0.5761811810562,0.0272058578243,0.1675506298060,0.1277039786226,1.0000000000000,0.0392765400164,0.1632996594671,0.1658303946078,0.1108917883467,0.1350171652663,-0.0994114634002,0.5015901288014,0.1245767119168,0.0830423109195,0.1505806039595,0.0666994659764,0.0969390598079,0.4428079379122,0.0105819897554,0.5254516594020,0.1166872770695,0.6048511854875,0.2896483876435,0.3108039276052,0.1924568202544,-0.0058500221550,0.3325991614737,-0.1704279271352,0.1850636777795,-0.0915105948967,0.2326185333161,-0.1168036350429,0.2668091521111,0.6122863746381,0.0702934105484,0.5018186645460,-0.1974770030674,-0.1063605643531,-0.2461794155807,0.7828485004392,0.2615932684801,0.0987339833227,0.0865752956436
-0.0050796180330,-0.1193106766168,0.1142763091986,0.0336416984568,-0.0090289929385,0.5936894868692,0.2786257432372,-0.0765776215483,0.4721378871398,-0.1435682800986,0.1392620816006,0.2683477134648,-0.0410831169860,0.1794870126259,0.2170336808423,0.2978002251104,0.1872333881641,0.0781011371732,0.3053804797627,0.1685101242597,-0.0443867733429,0.1308391773019,-0.0754980558759,0.1737719760169,-0.2114748587005,0.0800198157426,0.0818948065398,0.2001714713125,-0.0457565622196,0.1225646355517,0.0240829488598,0.0392765400164,1.0000000000000,0.0374243740969,0.2997891136679,0.0654564265688,0.0020140966240,0.0147081835511,0.0821291524972,-0.0996357042710,0.5479373407154,0.4598525396764,-0.1762391307704,0.4563539267942,-0.2215125368398,0.1903966566263,0.1963699749009,-0.0398584932204,0.2855069786157,0.1153554526322,0.2493160792110,0.2254914455077,-0.0639019187836,0.1235199628790,0.0808290246451,-0.0209313703671,0.0923030385742,-0.1339292225628,0.0987088244157,-0.1423427651966,0.0989206645565,-0.0247688233052,0.0832533167803,-0.0177682267085,0.1636551148103,0.0456323377481,-0.0009936462101,0.4349194222570,-0.0795172910064,0.2978104711142
0.5307781067374,0.5547289986704,0.1155156988095,0.6614114229908,0.6075820225458,-0.0306544477537,0.4940717622773,0.0691389552749,0.1649341251493,0.3870606296454,0.5924675446365,0.4818208296580,0.7091000258032,0.3425309205267,0.5868328293975,0.6232629807666,0.2532002494897,0.4701565149248,0.3877676092293,0.5550936804994,0.5949602080082,0.4468543642824,0.4216580210475,0.3851452229083,0.1833776654475,0.4232317587266,0.5554668203519,0.1683085329233,0.0555854697411,0.8101703867235,0.4307343877040,0.1632996594671,0.0374243740969,1.0000000000000,0.7120398964906,0.5852230282771,0.5379153401081,-0.2099443296357,0.4789129328750,0.3872902876553,0.2422478493670,0.2153766752979,-0.1782109050436,-0.0498386590021,0.3053605166337,0.3132179660662,0.3751797480717,0.4871878082901,0.0814379550134,0.2722899972090,0.5567475616279,0.1846110200820,0.6405376158784,0.3697514620322,0.3682198883429,0.4514509703529,0.0152451014806,0.4850404911018,0.2344100297474,0.1991856666660,0.2648737032938,0.3964470434637,0.2266978650436,-0.1818728454457,0.6757297068289,0.1376878116332,0.3731438108014,0.1415699851775,0.7796234502021,0.6378955432563
0.5625010886814,0.5954230631646,0.2269639259414,0.6528226971435,0.5044042174441,0.2159626898489,0.5160189896745,0.1058386793115,0.3363599676534,0.2025785363281,0.5281372662884,0.5593233604394,0.6318336551873,0.3803013292002,0.5988165972729,0.6466579262741,0.4220448354960,0.5660130971868,0.4391793630914,0.5959640608022,0.5082249735233,0.5444602482686,0.4774626064255,0.5999305078122,0.1107021890050,0.5079037585223,0.6500659720058,0.3349624526146,0.2021234715240,0.7506289959267,0.5474898625807,0.1658303946078,0.2997891136679,0.7120398964906,1.0000000000000,0.5362039021417,0.5927041150720,-0.1907826599762,0.4250391656204,0.2280207202863,0.2843934035031,0.3345380208995,-0.2700817255666,0.0666597662451,0.0385898970674,0.3652818040122,0.4287806096910,0.4387376037741,0.1012140816392,0.0671657291287,0.4883707562355,0.3708337192015,0.6136853774587,0.2844862710596,0.3855449045929,0.3535009532033,0.1766262030435,0.4290161752812,0.3847926768697,0.0896137283689,0.2662030903613,0.2928779128241,0.2783177271008,-0.0902060304026,0.5315851933382,0.3887315734400,0.2670386123552,0.2576581583737,0.5659558010421,0.8306075292890
