1.0000000000000,0.3500219669384,-0.0962329964579,0.5759880375944,0.5722524267231,-0.0683072386725,0.1095466700827,0.3316751846407,0.0976190667707,0.3192607831590,0.5534419117058,-0.0891182520283,0.2292157566276,0.0425476738945,0.4352804629217,0.2803890581004,0.4193841159059,0.2625306910002,-0.0827906086462,0.3439521612211,0.5534684017932,0.3599970433256,0.5359853861729,0.2945717863157,0.4623995320768,0.2199956079753,0.0240815950587,-0.1180877526462,0.3345223017227,0.6339596492596,0.5616729914412,-0.2039178637441,0.0134859453587,0.5176528502332,0.6248751234674,0.7457179403895,0.1446868467638,-0.2899114907456,0.5712191327565,0.1885857284229,0.0098624007082,-0.0006717604197,0.2606965607212,-0.1387474474272,0.2745224768665,0.2593381488187,-0.1294837648788,0.1258643404170,-0.1685396146668,-0.0454750007140,0.1685750172181,0.3780757165395,0.1869058202997,-0.2391744550779,-0.1207227044151,0.4642462476655,0.1490166655462,0.4857913721748,0.1240614145588,0.3763540051330,0.0912096118240,-0.3838495594176,-0.3118869776323,0.0938895328548,0.2584002763545,0.2454627969050,-0.4278553500316,-0.0360168157357,0.2120455389107,0.4862320883379
0.3500219669384,1.0000000000000,0.2362065835224,0.7419058411357,0.3758463570584,-0.1268653543114,0.0868626383520,0.2366763656396,0.0949572713741,0.0024398884640,0.3345489765468,0.0580171427693,-0.0183212543968,0.2746287152033,0.2815430861499,0.1031695887153,0.4409242138776,0.4856146193362,0.2325390161682,0.5769038045807,0.2006046882251,0.6744137775108,0.5392643233491,0.7175106742363,0.2125343178144,0.6175715545962,0.6565962214573,0.4876115180480,0.4222784802274,0.3917582574001,0.5863391818279,0.2199175867231,0.0282394011049,0.3603655965507,0.4449113709531,0.0983451105537,0.7678774422237,0.0223905430243,0.5472203489404,-0.1591883085731,-0.1330701366752,-0.2311848510966,-0.0172199301541,-0.3411807940686,-0.0911092160763,0.0051575417115,-0.1193761770522,-0.1593589603340,-0.1159919632302,-0.3889014679695,-0.0784104236577,0.4742825761361,0.2392943115104,-0.2270265586822,-0.0339006039045,0.0677206041394,0.4277092868295,0.4222061695883,0.4257128898818,0.0387980148403,0.1738850444690,-0.0594425025691,0.1766244433717,0.1888964129314,-0.1896444179618,0.2285005873497,-0.0658988389430,-0.1112946543309,0.1401081529373,0.3648997552472
-0.0962329964579,0.2362065835224,1.0000000000000,0.1668735390458,0.2069819956348,-0.0319961590265,-0.2391562272626,0.2829301950560,-0.1684507948696,0.2376045020878,-0.0930298748277,0.1933496386046,-0.1404471642432,0.3631069918223,0.1662580906012,0.0124068113107,-0.0567620613150,0.0724148221897,0.3059848587538,0.1640838020182,-0.0581821825019,0.1045686257872,0.0686806592032,0.3560391298518,0.2013793598522,0.3674493064463,0.2953230941467,0.7796173668358,-0.0234861009122,-0.1000400400069,-0.0060892904639,0.4301145407025,-0.0589669288466,-0.0244557113439,-0.1711853923867,-0.3818505130616,0.0213672189934,0.6675763836069,-0.0815688427140,0.0337958960243,-0.1632626211474,-0.3039892232356,0.1095556437961,-0.2501496500803,0.0995299892995,-0.0771427892330,0.2603290744110,-0.3031358459496,0.2441552514516,0.0779954330298,-0.0666821351855,0.0193045912109,-0.3499785104709,-0.0668007604736,-0.2450363928908,-0.1100839442041,-0.0068553226050,-0.0652387729985,-0.0061506851154,0.1388186389083,0.1922544336799,-0.0870835879928,0.7136795851829,-0.1951873085545,-0.4092357472390,-0.3695339544090,0.4091599886713,0.0056808365625,-0.0937043874182,-0.2506150770854
0.5759880375944,0.7419058411357,0.1668735390458,1.0000000000000,0.4906352214166,-0.1016676080841,0.1330756449982,0.3633599593615,0.1268057920907,0.3246260924325,0.4405911681561,-0.0319887085117,0.1720230001413,0.2772943635766,0.4204368619141,0.2514860142777,0.4271148623832,0.3936315865634,0.1195983726658,0.5249324380760,0.4189545762135,0.5132662301841,0.6541600752044,0.5239030195073,0.5409114904004,0.5278269230373,0.4147035367069,0.3004513155005,0.4458580573860,0.4910571406891,0.6068576298488,0.0099472334417,-0.0471958186055,0.4616126449151,0.5923375573276,0.3193538279634,0.5306755186668,0.0304077525013,0.8143107529071,-0.0363764199337,-0.1349483831381,-0.1916331809013,0.1832654135538,-0.3859714546228,0.2142757844732,0.1425017792271,-0.0345448073574,0.0442229201678,-0.0494828662046,-0.1928204831873,-0.0436756567403,0.4658767136793,0.2508012608466,-0.2597172301505,-0.0521306019588,0.3158070471059,0.2677265990936,0.5703095721821,0.2758998371211,0.3859252712900,0.2887533007044,-0.2244759713512,0.0901170772733,0.1831057396583,0.0028209182782,0.1721491832415,-0.1950953610124,-0.1408617813486,0.1626813729683,0.4650847994671
0.5722524267231,0.3758463570584,0.2069819956348,0.4906352214166,1.0000000000000,-0.0077963164059,0.0671692885329,0.2102157258923,0.0282902075305,0.3006838846269,0.7443429509803,0.0568482621161,0.3960412762293,0.2033081896810,0.2740542689024,0.1085289861664,0.2539970403749,0.2503174688562,0.1510893133855,0.4065977865145,0.7377806678200,0.3063510557463,0.4137087261003,0.3733328425556,0.3884825649617,0.2834672486738,0.1640967859388,0.2839215201466,0.3750836769129,0.4497233381541,0.4481261875399,0.0435581593686,-0.0775988645134,0.4601443241999,0.4158716838095,0.3508124743072,0.0735541302631,-0.0049108592870,0.3463290773318,0.6124844299595,-0.0254282056677,-0.1519843857074,0.1062186269992,-0.1810509666676,0.2087592651610,0.6022728892505,0.0379049018969,0.2758667520803,-0.0514199864680,-0.1055986050103,0.1242567786220,0.2430756059988,0.0437155981881,-0.1375753713111,-0.2011182676091,0.6410138834571,0.0723765493349,0.3134704160766,0.0916976460597,0.2661708838743,-0.0299256286657,-0.4020207218644,-0.0190785521127,0.1000852220082,0.0146869207486,-0.0878382407195,-0.0579578740690,-0.0589612280744,0.2191419820680,0.3371685402731
-0.0683072386725,-0.1268653543114,-0.0319961590265,-0.1016676080841,-0.0077963164059,1.0000000000000,0.5116273680777,-0.2285105684021,0.4323333819853,-0.0840271628054,0.0030269109441,0.2238682065397,0.1397774524414,-0.0040527318813,0.2512391148472,0.2109966035145,0.0031178624136,-0.1079297156731,0.0916857023550,-0.0330694830824,-0.0539055913653,-0.0255065759096,-0.1289176621558,-0.1123871195663,-0.1693928556025,-0.1424111885751,-0.0202772874274,-0.0435943451742,-0.2619502607311,0.2010329983236,-0.0641597718337,-0.0816749642752,0.6251536391298,0.0691548408130,0.1981291006200,0.0007457533032,-0.1824561778161,-0.1516016258996,-0.2285954395341,-0.0802322010113,0.7480414999340,0.3275746241823,-0.3533492997752,0.1418134899237,-0.0785482787697,0.0701862776019,0.1005167888288,0.1613746084835,0.0553517657645,0.1481925722542,0.1031791680254,-0.0319450310304,-0.0821304540447,0.1678850927602,0.0272454144864,0.0065393883862,-0.0583780688438,-0.1047961093284,-0.0907369384712,-0.1057465679816,-0.0961121957353,-0.0231706314236,-0.1173141122351,-0.3408834471087,0.0866614919474,-0.1898564437913,0.0607285728145,0.4878643937757,0.0240416194677,0.1601138548786
0.1095466700827,0.0868626383520,-0.2391562272626,0.1330756449982,0.0671692885329,0.5116273680777,1.0000000000000,-0.3078839479384,0.7332772309125,0.0054232992468,0.2955670970401,0.2977907225916,0.5282840290774,-0.0759066081601,0.4437543820073,0.4318862484330,0.0478170029447,-0.0840738503621,0.2894303707359,0.1437430174493,0.1466499697753,0.1514236713809,0.0321925826280,-0.0052321928523,-0.1709411078592,-0.1050793322485,0.0699686456892,-0.1745734982616,-0.1538061987767,0.3358409254567,0.1476547499758,-0.0959092362032,0.4691901602963,0.1691439541545,0.3224302962461,0.0651779657444,-0.0193210843179,-0.4090939601134,0.0375830707824,-0.1874733950428,0.5800623105166,0.6536120940833,-0.3948525119112,0.3293588224666,-0.0725373291524,0.1544274919495,0.0418921920207,0.4791074330606,-0.1559344188935,0.0046497377777,0.3048334384906,0.0266012439344,0.0176830309389,0.0323343583699,-0.1063935309140,0.0848043404845,0.0045320077412,0.0241400337613,-0.0124313795503,-0.1727216189436,-0.2867269473571,-0.1292315897945,-0.3665883665524,-0.2680182008488,0.0719507065652,0.0376387010137,-0.2670294269580,0.2381883166551,-0.0328246387070,0.1989402797963
0.3316751846407,0.2366763656396,0.2829301950560,0.3633599593615,0.2102157258923,-0.2285105684021,-0.3078839479384,1.0000000000000,-0.2557118016366,0.3685245834861,0.1849669630401,-0.2525996890350,-0.1570385259062,0.2286025666269,0.1191269633790,0.1647760443287,0.2232824024785,0.2740984599007,-0.2099675297310,0.1057655326938,0.1623520591340,0.1139838418945,0.3288829554283,0.1307109341672,0.5885658729195,0.3088794286789,0.0985243435137,0.1733925443398,0.4869170634827,0.0826220273368,0.2531737208533,-0.0097919462855,-0.1026390507127,0.0449779172146,-0.0156325489592,0.0588928814741,0.1594928669429,0.1795678375446,0.3288486846011,0.1635858694757,-0.3007817879916,-0.4180397941970,0.7184428977583,-0.3939520074827,0.3755857737034,0.0585739368709,-0.0651669466391,-0.1576608534381,0.0169984069543,0.0867760079165,-0.0401703199200,0.2344661013193,-0.0377802922237,-0.2286155288915,0.0291541915559,0.1452840650929,0.1801958276818,0.2076507099920,-0.0043353447086,0.5846856812554,0.3084526024936,-0.0533154297696,0.2115089211860,0.4950935369792,-0.0313814604521,-0.0302221041805,-0.0356999063995,-0.0799900880688,-0.0679720011120,-0.0256284754845
0.0976190667707,0.0949572713741,-0.1684507948696,0.1268057920907,0.0282902075305,0.4323333819853,0.7332772309125,-0.2557118016366,1.0000000000000,-0.0884338231945,0.2601352007757,0.3706440036547,0.2552446125185,-0.0373084117191,0.6644486611115,0.3422597336730,-0.0911853669175,-0.0934894013447,0.3921161900377,0.0751191115007,0.0108832462161,-0.0469861509911,-0.1966042493848,-0.1243928229294,-0.1339354782957,-0.0577747506689,0.2149978205537,-0.0202600268588,-0.1036712404443,0.1609237460493,0.0554901277006,-0.1402208272337,0.4015324373332,0.0379369723842,0.2279748144760,-0.0050965769365,-0.0730212550650,-0.3243687578711,-0.0064842933282,-0.2982621632453,0.5575281195213,0.5234475770786,-0.3073476069189,0.5164492564796,-0.1343357827900,-0.0067228440368,0.0156000047202,0.0867439520496,-0.2043248752330,0.0226058505454,0.3876478177846,-0.0841974861779,-0.1099184279313,-0.0332351135241,-0.2880961642147,-0.1119515896256,-0.1624579977594,-0.1725270197875,-0.2044938577872,-0.1939487131328,-0.3178581850979,-0.0351332625360,-0.2700673222770,-0.2946178826984,-0.1879804517739,-0.0020687832979,-0.2662181766285,0.0396454076731,-0.1668989744882,0.0343399763311
0.3192607831590,0.0024398884640,0.2376045020878,0.3246260924325,0.3006838846269,-0.0840271628054,0.0054232992468,0.3685245834861,-0.0884338231945,1.0000000000000,0.1954135331638,-0.1068310239083,0.2504218324744,0.4310305200866,0.3098208394006,0.4537420192208,-0.0775451411385,-0.0512477275769,-0.0457146990737,-0.0156619707587,0.3136193395474,-0.0703948534524,0.3178428254395,-0.1239107041133,0.5883804455265,0.2178639943454,-0.1924539479226,0.0548192104214,-0.0271355637912,0.2054629301132,-0.0170486755693,0.0458965711686,-0.0998120447738,0.2650609827948,0.1154514173165,0.0774701319700,-0.1851555004760,0.1285992662372,0.3202039973675,0.3784277808206,-0.0707716370183,-0.0415076930279,0.4238040404382,-0.1198464127109,0.8622482141445,0.0364334435291,0.0921035894528,0.1578892986583,0.2950548639227,0.2934064223184,0.3444117610103,-0.0900434827367,-0.2993102041094,-0.2593552642917,-0.3326110026428,0.2781959529113,-0.1543812139741,0.1851378065172,-0.2520658881214,0.6183851095990,0.2902362523896,-0.3875206869433,0.1064968938932,-0.1086778643922,0.0608476342690,-0.2572525748031,-0.0488439775555,0.0095244213689,-0.0222323905974,-0.0589415028435
0.5534419117058,0.3345489765468,-0.0930298748277,0.4405911681561,0.7443429509803,0.0030269109441,0.2955670970401,0.1849669630401,0.2601352007757,0.1954135331638,1.0000000000000,0.0223199659272,0.5520434959095,0.0952187172104,0.3655231870591,0.2116494641505,0.2382613499416,0.2127220916913,0.0967256168079,0.3901477795564,0.7631909562159,0.2735952098619,0.3544406015851,0.2150853426031,0.2484591246138,0.1609568874992,0.1213956419988,0.0456397890096,0.4050596718614,0.4555464004842,0.4253354814309,-0.1109320973961,-0.0243535920253,0.3634572479248,0.4238564104861,0.3861425619821,0.0576045705527,-0.2070401572674,0.3529532136221,0.4197527184927,-0.0057478638300,-0.0144905351265,0.0023063842000,-0.0726302592081,0.1682563539024,0.7198561034854,-0.0601944949794,0.4581272820106,-0.1879227781421,-0.1291753360460,0.2140048790235,0.1601944549159,0.1235263669013,-0.1558332820067,-0.1680697797308,0.6550003461991,0.0887976647294,0.2318485671854,0.0804955983466,0.1768648489982,-0.1640898719312,-0.4307860564400,-0.2261062770979,0.1981378578270,0.0295699242230,-0.0052414140072,-0.2413662294700,-0.1046780699774,0.2028814306803,0.3284365377194
-0.0891182520283,0.0580171427693,0.1933496386046,-0.0319887085117,0.0568482621161,0.2238682065397,0.2977907225916,-0.2525996890350,0.3706440036547,-0.1068310239083,0.0223199659272,1.0000000000000,0.1791614917340,0.3874717989458,0.3722377695208,0.1041947878267,-0.0999380322316,-0.0867969658944,0.7419137499050,0.2128131245725,-0.0238740165857,0.0279787410387,-0.1384838850704,0.1155792069570,-0.2099553567328,0.1952263005207,0.2625958006651,0.2732688308097,-0.0905648931958,0.1966282410833,0.0505930156513,0.2652570755224,0.2501574892333,0.0487505148886,0.1207160216540,-0.1237357270688,-0.0388037143114,0.0070614743369,-0.1804137996661,-0.0987884550451,0.1808328586003,0.0288321670512,-0.3046235892916,0.1058640327189,-0.2723107708915,-0.0195771560414,0.6573646812087,-0.0100192295981,0.3640116672236,-0.0844732241567,0.0468376169085,-0.0165538889810,-0.2198295554463,0.3571826940038,-0.1145761144796,-0.0999427461274,-0.1187335432831,-0.1733807312153,-0.0515567127750,-0.2605793109951,0.0428226397573,0.0083542435657,0.0997187558189,-0.2149693492874,-0.0561909686799,-0.0997393749921,0.3178183150462,0.1132113690033,-0.0891602643340,0.0165088773927
0.2292157566276,-0.0183212543968,-0.1404471642432,0.1720230001413,0.3960412762293,0.1397774524414,0.5282840290774,-0.1570385259062,0.2552446125185,0.2504218324744,0.5520434959095,0.1791614917340,1.0000000000000,0.0112293614905,0.2215616326175,0.4240951317278,0.0385847551924,-0.1728880101476,0.1791008967386,0.1326384916390,0.5503289582556,0.0722676183387,0.2354194134573,-0.0445953549199,0.0550333643091,-0.1734444187522,-0.1535360118318,-0.1545447261275,0.0391681994550,0.3137320594442,0.2541535255164,-0.1421132648864,0.0206991634845,0.1826944536373,0.2132454444309,0.1781091096428,-0.1121518270793,-0.1946943987597,0.0322209968809,0.1945901569992,0.0828042552461,0.2420718547782,-0.1998099892340,0.0368469330650,0.1700856040111,0.4920821023334,0.1348276202624,0.8095960313020,-0.1110594923969,-0.0626777205909,0.2601769900755,-0.0399273477536,-0.0313241478765,0.0232674382145,-0.1690549704958,0.4755706280342,-0.0462482547978,0.0802139877081,-0.0271083450783,0.0322043159537,-0.3255909278555,-0.4421244311153,-0.3007100386613,-0.0930110978382,0.1881606103470,0.0206881047724,-0.2139858537020,0.0008473273696,-0.0323044907491,0.1783237448219
0.0425476738945,0.2746287152033,0.3631069918223,0.2772943635766,0.2033081896810,-0.0040527318813,-0.0759066081601,0.2286025666269,-0.0373084117191,0.4310305200866,0.0952187172104,0.3874717989458,0.0112293614905,1.0000000000000,0.3883266047767,0.2072601739241,-0.0713586406484,0.1523346281792,0.3673963707587,0.3480358517999,0.0408605188874,0.0640192660398,0.0837861398166,0.1374659377864,0.1776410520943,0.6966146605741,0.3013095515960,0.4241929424974,-0.0238114446209,0.2300492424019,-0.0251748763129,0.4029420601419,0.0894620222789,0.1734964571002,0.1518265943231,-0.2219514555222,-0.0035291004680,0.1419945850156,0.0999558157761,0.1043597087530,-0.1075060479710,-0.3764176432016,0.0562872943355,-0.3761421457139,0.3028090418111,-0.0473035519733,0.4314731705455,-0.1447175358871,0.7419280660074,0.0055425176716,-0.0087063151912,-0.0023344250787,-0.1992227965121,0.0468318383835,-0.1303019358990,-0.0228842232379,-0.0866271705275,-0.0244221354914,-0.0857440826490,0.1669204955939,0.5058112018132,-0.1628386040167,0.2748478593824,-0.1303685629394,-0.0929509112060,-0.3030684251365,0.4217434363145,0.0744141865876,-0.0734971592666,0.0839895580029
0.4352804629217,0.2815430861499,0.1662580906012,0.4204368619141,0.2740542689024,0.2512391148472,0.4437543820073,0.1191269633790,0.6644486611115,0.3098208394006,0.3655231870591,0.3722377695208,0.2215616326175,0.3883266047767,1.0000000000000,0.4183733756475,-0.0390484094628,0.0711302932625,0.4971436717168,0.2942073908735,0.1708277441953,0.0354254105195,0.0921888226946,0.0332986602271,0.2320790725173,0.3129264994067,0.2681929185754,0.2295428713910,0.0058147949521,0.3860759763003,0.2048698879929,-0.0061013857902,0.3052399427038,0.2320912231353,0.3452988800498,0.0611240254629,-0.0768372323952,-0.1568657147080,0.1985917051431,-0.1589638716479,0.3294970791908,0.1816844293441,-0.0069503128041,0.1400825654393,0.2060726024144,-0.0183675324604,0.1211847423433,-0.0632462046296,0.0785759002814,0.1266603643152,0.3843940956332,-0.0121611124275,-0.2313983743161,-0.1546394933012,-0.4209259731386,-0.0031252866988,-0.2223009288614,0.0057661813972,-0.2790504304171,0.1415374795689,-0.0136511507664,-0.3364003707709,-0.0905330131804,-0.2702964405056,-0.2119254240226,-0.1375550606585,-0.1611015949885,0.0599890764047,-0.1103358319611,0.0620957356005
0.2803890581004,0.1031695887153,0.0124068113107,0.2514860142777,0.1085289861664,0.2109966035145,0.4318862484330,0.1647760443287,0.3422597336730,0.4537420192208,0.2116494641505,0.1041947878267,0.4240951317278,0.2072601739241,0.4183733756475,1.0000000000000,-0.0101453338158,-0.0574202280809,0.0492254915645,0.0346036296041,0.1077645671930,0.0171524701321,0.2478086299335,-0.1010111949800,0.2582560852712,0.0505116226456,-0.1285342227708,-0.1354336892732,0.0555582247045,0.2369396335389,0.1650111297216,-0.0477497131846,0.2243911006540,0.0573376487055,0.2396148100178,0.0711887140542,-0.0215707543824,-0.0662048214174,0.1679495724188,0.0099323407469,0.2332045929552,0.2140782628393,0.1818587210820,0.0350722350218,0.4562589357545,-0.0097859085839,0.1588866494162,0.2696284114605,0.0747032643010,0.1601711297369,0.5924808827927,-0.0121763984628,-0.2135955028320,-0.0643091171994,-0.2622300216982,0.0630285372028,-0.0973362545909,0.0528250466148,-0.1537731449045,0.2630122434455,0.0335514191586,-0.3245505463609,-0.1385002425466,-0.0574329609891,0.1872980349965,-0.0161963087278,-0.1411656208040,0.2265111440154,-0.1957912586295,0.1440025358714
0.4193841159059,0.4409242138776,-0.0567620613150,0.4271148623832,0.2539970403749,0.0031178624136,0.0478170029447,0.2232824024785,-0.0911853669175,-0.0775451411385,0.2382613499416,-0.0999380322316,0.0385847551924,-0.0713586406484,-0.0390484094628,-0.0101453338158,1.0000000000000,0.2953850874655,-0.1240550543321,0.2668143200657,0.2625811196227,0.6611597690514,0.5392216105887,0.5490477674757,0.1915108586907,0.1328157891463,0.1739328093221,0.0138369952285,0.3571593891621,0.4354050851992,0.5022216290711,-0.1914912370312,0.0335058046251,0.3839857846512,0.4686886531724,0.4279514848469,0.4887251723854,-0.1298465938971,0.4173202470310,-0.0279277228564,-0.0779425553596,-0.0961822300736,0.0649068849086,-0.2283934635519,-0.0952474238160,0.1757335768349,-0.1626454119498,0.0812195243659,-0.1471766453693,-0.2415224864764,-0.2312879855216,0.8704320625196,0.3706801567931,-0.0829055229665,0.2168899384217,0.3075656918475,0.6846420616897,0.6309552801708,0.5822277063292,0.1255763009687,0.1059450913782,0.0135625618537,-0.0912483108795,0.2825747209414,0.2445697432975,0.5317713070191,-0.3202264370616,-0.0418395444218,0.2158365430565,0.4445684833461
0.2625306910002,0.4856146193362,0.0724148221897,0.3936315865634,0.2503174688562,-0.1079297156731,-0.0840738503621,0.2740984599007,-0.0934894013447,-0.0512477275769,0.2127220916913,-0.0867969658944,-0.1728880101476,0.1523346281792,0.0711302932625,-0.0574202280809,0.2953850874655,1.0000000000000,0.0930489382976,0.6425027509982,0.2168620950823,0.4294818572914,0.3076834683040,0.5902728310941,0.0214374870061,0.3774877098576,0.4045340224053,0.3129234128813,0.1888341934951,0.3071475275542,0.3436413740914,-0.1414915534977,0.0607161071904,0.3381207641038,0.4427859656150,0.0935434411173,0.4049505284581,-0.1498997624589,0.3920520016984,0.0207064001347,-0.1067359699686,-0.3266472927066,0.0193921676667,-0.3510021319881,-0.0955430289219,0.0245393681332,-0.2717858111200,-0.1627102516302,-0.0742618684402,-0.4221565636231,-0.1635171877975,0.3381160222681,0.5798537784060,-0.0481157720427,0.4107344113231,0.1416887223467,0.3089520362025,0.2730600247809,0.2748972929480,-0.0326259023387,0.1976853240558,0.1542737770356,0.0101767784954,0.1536256650297,0.0170327538151,0.0867714816542,-0.1663750992342,-0.0978506412609,0.2319290119881,0.3316323376446
-0.0827906086462,0.2325390161682,0.3059848587538,0.1195983726658,0.1510893133855,0.0916857023550,0.2894303707359,-0.2099675297310,0.3921161900377,-0.0457146990737,0.0967256168079,0.7419137499050,0.1791008967386,0.3673963707587,0.4971436717168,0.0492254915645,-0.1240550543321,0.0930489382976,1.0000000000000,0.4528475152249,-0.0453684480499,0.0676300447496,-0.1217212362957,0.1734601242051,-0.1674194533809,0.2736908258422,0.4535634627343,0.4654290892697,-0.1189062007349,0.1565997747654,0.0496774638678,0.3274110440750,0.0827065034304,0.0267158715176,0.0709112473891,-0.2339233943366,0.0293127790495,0.0499483098111,-0.0984204615955,-0.1377494753576,0.0975869436048,-0.0219007471078,-0.2897206872131,0.0173506071702,-0.2339903314406,-0.0563814250241,0.4582623974025,-0.0836026465742,0.2544422821415,-0.1329101408366,0.0424866580062,-0.0541086698996,-0.1639665907155,0.3524229184895,-0.1427888327915,-0.1697036360946,-0.1087560255648,-0.1793861378391,-0.0898742867143,-0.2840813966436,-0.0338329972584,-0.0375900476111,0.1424720273093,-0.2896982085487,-0.2616199962340,-0.1978726862286,0.2891371461297,-0.0696484312395,-0.1147051725760,-0.0831035480865
0.3439521612211,0.5769038045807,0.1640838020182,0.5249324380760,0.4065977865145,-0.0330694830824,0.1437430174493,0.1057655326938,0.0751191115007,-0.0156619707587,0.3901477795564,0.2128131245725,0.1326384916390,0.3480358517999,0.2942073908735,0.0346036296041,0.2668143200657,0.6425027509982,0.4528475152249,1.0000000000000,0.2738662730113,0.5375102134936,0.3388592950425,0.6147088981729,0.0604265432134,0.6038208012257,0.5665970734500,0.3501202573446,0.2518115687306,0.5529542930020,0.4672786753800,0.2473460778164,0.0524152988717,0.4245835105951,0.5734229593120,0.1116760746028,0.3387750076127,-0.1503577997676,0.3483389647950,-0.0407871057313,-0.0982490825731,-0.2753881096499,-0.2090296995867,-0.4397757704688,-0.1861290884140,0.1480568687210,0.0392014202221,0.0144215634343,0.0893895991709,-0.4470254601600,-0.2543576605337,0.2950416480302,0.4111499699014,0.0860019068886,0.3056422536585,0.1757274643280,0.2475403581553,0.2663071645601,0.3124887205181,-0.0725653369641,0.1901645052740,-0.1292380425337,-0.0328981015228,0.0582487735215,-0.0110158161389,0.0051503942276,0.1019151297019,-0.0903224446686,0.2159345029590,0.4524415535909
0.5534684017932,0.2006046882251,-0.0581821825019,0.4189545762135,0.7377806678200,-0.0539055913653,0.1466499697753,0.1623520591340,0.0108832462161,0.3136193395474,0.7631909562159,-0.0238740165857,0.5503289582556,0.0408605188874,0.1708277441953,0.1077645671930,0.2625811196227,0.2168620950823,-0.0453684480499,0.2738662730113,1.0000000000000,0.2497199758257,0.4528483635257,0.2511686636277,0.3466999550652,0.0685304468856,-0.0653031517589,0.0086638482443,0.3014989871763,0.4300413138075,0.3616781451247,-0.2225110139675,-0.1120937568564,0.4320171838519,0.4904942057271,0.4881687268390,0.0574953179714,-0.1024718204586,0.4557363210482,0.5026107286753,-0.0758180514794,-0.0515918789852,0.0737456902288,-0.1412515815060,0.2475353553640,0.6985426197502,-0.0166596595641,0.5533470477688,-0.1016154307766,-0.0779749790131,0.0969053824031,0.2284565383511,0.2177754834759,-0.1228426169252,-0.0233796481334,0.9208405699396,0.1466757735088,0.3982535307312,0.1875962025553,0.3091305632829,-0.0204067872280,-0.3059849414743,-0.1186985290177,0.1659177988280,0.2102754419661,0.0760800602728,-0.2750819105294,-0.0775149679943,0.3088586197308,0.4237889318891
0.3599970433256,0.6744137775108,0.1045686257872,0.5132662301841,0.3063510557463,-0.0255065759096,0.1514236713809,0.1139838418945,-0.0469861509911,-0.0703948534524,0.2735952098619,0.0279787410387,0.0722676183387,0.0640192660398,0.0354254105195,0.0171524701321,0.6611597690514,0.4294818572914,0.0676300447496,0.5375102134936,0.2497199758257,1.0000000000000,0.6156309355240,0.8517231481278,0.0928645193684,0.3109667620380,0.3296364978772,0.2199458675578,0.3784799290559,0.5637345545988,0.7120232011194,0.0944188087671,0.0840302898568,0.5259215749336,0.5145085108711,0.2901286383590,0.6247446882665,-0.0559853156744,0.4480863647250,-0.0670225691964,-0.0936153026465,-0.1565020670621,-0.1337033473489,-0.3512870493864,-0.1571976840985,0.1422113157922,-0.1217351832593,0.0472014600825,-0.1616768369496,-0.3639330652635,-0.2539987989832,0.6489553655501,0.3907886390569,-0.1259511036908,0.1880843086445,0.2313637639550,0.7608145726633,0.6109078964753,0.7523513747244,0.0003226988246,0.0611805875947,-0.0858636202323,0.0378503639922,0.2396184300844,0.1481312162374,0.4437885053655,-0.1247694659896,0.0464062387846,0.3355814914419,0.4942908496937
0.5359853861729,0.5392643233491,0.0686806592032,0.6541600752044,0.4137087261003,-0.1289176621558,0.0321925826280,0.3288829554283,-0.1966042493848,0.3178428254395,0.3544406015851,-0.1384838850704,0.2354194134573,0.0837861398166,0.0921888226946,0.2478086299335,0.5392216105887,0.3076834683040,-0.1217212362957,0.3388592950425,0.4528483635257,0.6156309355240,1.0000000000000,0.5340626892817,0.5045808234602,0.2214787821772,0.0559339189483,0.0750929765817,0.4427683268721,0.4861155513097,0.7081770934413,-0.1219088476890,-0.0326558433963,0.4865772211745,0.4931130512732,0.4465473507784,0.5092363256660,0.0657028120061,0.6281855713579,0.1604325589206,-0.2035147375652,-0.2181703891055,0.2125980836821,-0.4472816578311,0.2385698726236,0.2121204783886,-0.0779299500155,0.1898662030537,-0.1145589588520,-0.2028688711562,-0.0678395873185,0.5604750204164,0.2520714745065,-0.1959055958975,0.0718674671774,0.4557286658457,0.4600356890798,0.8629276550582,0.4732855963905,0.4270039946527,0.1579986349624,-0.2487347234831,0.0175994557496,0.2946662889714,0.2296089656365,0.3233139979513,-0.2560091136771,-0.0106393611551,0.2582428621780,0.4644721794549
0.2945717863157,0.7175106742363,0.3560391298518,0.5239030195073,0.3733328425556,-0.1123871195663,-0.0052321928523,0.1307109341672,-0.1243928229294,-0.1239107041133,0.2150853426031,0.1155792069570,-0.0445953549199,0.1374659377864,0.0332986602271,-0.1010111949800,0.5490477674757,0.5902728310941,0.1734601242051,0.6147088981729,0.2511686636277,0.8517231481278,0.5340626892817,1.0000000000000,0.0723917447836,0.4450295632540,0.4834986899084,0.4774358860052,0.3441719360815,0.4158643212852,0.6483486611296,0.2037042827510,0.0083225053580,0.4661377363690,0.4582530381928,0.1525396875289,0.6067397522090,0.1097782890108,0.4126405141907,-0.0641744636224,-0.1665854002434,-0.2654838300315,-0.1195474900261,-0.3887575305085,-0.2463687388348,0.0954400968340,-0.0601563051297,-0.1056109466710,-0.0883139942068,-0.4460429323897,-0.2984134385904,0.5832395509688,0.3784442897843,-0.1547501769494,0.1751159151748,0.1911897171286,0.5841009785823,0.5088187799367,0.6601239343778,-0.0584129199360,0.1212025061849,0.0038896846159,0.2309227767287,0.1737164907832,-0.0575342330201,0.3157429122265,0.0068592666850,-0.0350858529168,0.2806078372871,0.3944518639096
0.4623995320768,0.2125343178144,0.2013793598522,0.5409114904004,0.3884825649617,-0.1693928556025,-0.1709411078592,0.5885658729195,-0.1339354782957,0.5883804455265,0.2484591246138,-0.2099553567328,0.0550333643091,0.1776410520943,0.2320790725173,0.2582560852712,0.1915108586907,0.0214374870061,-0.1674194533809,0.0604265432134,0.3466999550652,0.0928645193684,0.5045808234602,0.0723917447836,1.0000000000000,0.2388066569380,0.0245696114948,0.0300325124992,0.5542394695002,0.2028966303370,0.3506205881408,-0.0342958503851,-0.2496394266693,0.2148960856201,0.1705372529367,0.2361558719598,0.0900110423248,0.2483919922734,0.4954535297942,0.3492084298907,-0.2196872437202,-0.2356424144050,0.6115438097993,-0.2715553112764,0.5981077721241,0.1432480365655,0.0334479144322,0.0413482869060,0.0665481641263,0.2093757318252,0.0892261020698,0.1975042605993,-0.1129729324161,-0.2134584719407,-0.1636726542066,0.3538472244051,-0.0245658629106,0.3963987772352,-0.0904416825538,0.9090628394561,0.2856694048000,-0.1987529011036,0.1672558919285,0.4031204175670,-0.0016553911652,-0.0595829326980,-0.0835703991170,-0.1115524714113,-0.0014347402804,0.0700191575533
0.2199956079753,0.6175715545962,0.3674493064463,0.5278269230373,0.2834672486738,-0.1424111885751,-0.1050793322485,0.3088794286789,-0.0577747506689,0.2178639943454,0.1609568874992,0.1952263005207,-0.1734444187522,0.6966146605741,0.3129264994067,0.0505116226456,0.1328157891463,0.3774877098576,0.2736908258422,0.6038208012257,0.0685304468856,0.3109667620380,0.2214787821772,0.4450295632540,0.2388066569380,1.0000000000000,0.5897630736688,0.5089680747041,0.2398437432675,0.2730391068382,0.2068644572122,0.5676861590658,-0.0012285611107,0.2682201827696,0.3073094724582,-0.1219128623662,0.2822021866580,0.0781743829798,0.3695818311244,-0.0429818337414,-0.1533068115235,-0.3386198127084,0.0344873970736,-0.4356155464178,0.0881567231286,-0.0530656390168,0.2259339305380,-0.2702832742192,0.4113715783567,-0.2156222579918,-0.1516779062142,0.1955723720773,0.0295821784456,-0.1107168361040,0.0118187196748,-0.0295146577080,0.0588206334779,0.1094065638474,0.1082347572369,0.1244282497913,0.6547785556283,-0.0806789042892,0.3168225972103,0.0696795283662,-0.2338610649451,-0.1969866654108,0.3999651181978,-0.0308284469629,0.0686703448896,0.2476017713741
0.0240815950587,0.6565962214573,0.2953230941467,0.4147035367069,0.1640967859388,-0.0202772874274,0.0699686456892,0.0985243435137,0.2149978205537,-0.1924539479226,0.1213956419988,0.2625958006651,-0.1535360118318,0.3013095515960,0.2681929185754,-0.1285342227708,0.1739328093221,0.4045340224053,0.4535634627343,0.5665970734500,-0.0653031517589,0.3296364978772,0.0559339189483,0.4834986899084,0.0245696114948,0.5897630736688,1.0000000000000,0.5579595194257,0.2334215652526,0.1704699064854,0.2528612560472,0.3944076292712,0.0357580999917,0.0996369324461,0.1451157312854,-0.1958463705001,0.4464150339413,-0.0010693463547,0.1332492241184,-0.2613182672282,-0.0134461567148,-0.1410588543588,-0.0960839798664,-0.1321367752187,-0.3072763540128,-0.1516604811289,0.0258350469126,-0.2903902930508,0.0170675607147,-0.3416466232615,-0.2299488054793,0.1708667931617,0.0897924452514,-0.0652709841860,-0.0076464003337,-0.2009971804605,0.1315098238801,0.0177264530104,0.1024263350926,-0.1580459507515,0.1092716164918,0.2910456964435,0.2079113594888,0.0293214506106,-0.3997594326515,-0.0061402259556,0.1856734845543,-0.1843701258353,-0.0707672961178,0.0221101172284
-0.1180877526462,0.4876115180480,0.7796173668358,0.3004513155005,0.2839215201466,-0.0435943451742,-0.1745734982616,0.1733925443398,-0.0202600268588,0.0548192104214,0.0456397890096,0.2732688308097,-0.1545447261275,0.4241929424974,0.2295428713910,-0.1354336892732,0.0138369952285,0.3129234128813,0.4654290892697,0.3501202573446,0.0086638482443,0.2199458675578,0.0750929765817,0.4774358860052,0.0300325124992,0.5089680747041,0.5579595194257,1.0000000000000,0.0222734912560,-0.0445137231860,0.0759574045187,0.3863642520763,-0.0156853148002,0.0773829435281,-0.0660022953743,-0.4070387870892,0.2698184539143,0.4532178522735,0.0137272831071,-0.0133968098054,-0.1313246184672,-0.3434208828259,-0.0877213318209,-0.2258570937822,-0.1030721045586,-0.0542559943653,0.1772419965828,-0.3439569665082,0.1942798361641,-0.1678921078060,-0.1455775790617,0.1307740852130,-0.1417671900008,-0.0438254929862,-0.1457240802294,-0.1021539675886,0.0533092145427,-0.0219698016434,0.0820628538882,-0.0885557946439,0.1827556548093,0.0341406724389,0.7203999829261,-0.1837653462944,-0.5064141352705,-0.3442143687276,0.3502987466998,-0.1148016849146,-0.0532260189890,-0.1527057016655
0.3345223017227,0.4222784802274,-0.0234861009122,0.4458580573860,0.3750836769129,-0.2619502607311,-0.1538061987767,0.4869170634827,-0.1036712404443,-0.0271355637912,0.4050596718614,-0.0905648931958,0.0391681994550,-0.0238114446209,0.0058147949521,0.0555582247045,0.3571593891621,0.1888341934951,-0.1189062007349,0.2518115687306,0.3014989871763,0.3784799290559,0.4427683268721,0.3441719360815,0.5542394695002,0.2398437432675,0.2334215652526,0.0222734912560,1.0000000000000,0.2567370347227,0.6072377458523,0.0498109027979,-0.2491665569205,0.1777535044333,0.1660192718346,0.2171998364975,0.3570591056222,0.0171561831491,0.3698764207666,0.2145354370167,-0.3010959225830,-0.3464710369032,0.3176828241240,-0.3015114161344,-0.0091447991468,0.2560172404275,-0.0029016641195,0.0669955714485,-0.2387017299897,-0.1801205602916,-0.0855670502958,0.3361925087210,0.1291087377419,-0.1282066838948,0.0122097223485,0.3015194288514,0.2460794698384,0.3399028781522,0.2117755194904,0.3847829989278,0.0363315786421,-0.1421074363562,-0.0342867083048,0.8412890905350,0.0389027274498,0.2637547353253,-0.0349030158826,-0.1359850055393,0.1216110531019,0.2017771245970
0.6339596492596,0.3917582574001,-0.1000400400069,0.4910571406891,0.4497233381541,0.2010329983236,0.3358409254567,0.0826220273368,0.1609237460493,0.2054629301132,0.4555464004842,0.1966282410833,0.3137320594442,0.2300492424019,0.3860759763003,0.2369396335389,0.4354050851992,0.3071475275542,0.1565997747654,0.5529542930020,0.4300413138075,0.5637345545988,0.4861155513097,0.4158643212852,0.2028966303370,0.2730391068382,0.1704699064854,-0.0445137231860,0.2567370347227,1.0000000000000,0.5439783778038,-0.0693070199395,0.1445295398547,0.7561408612895,0.7666589341374,0.5427194273664,0.2715499807957,-0.3140193683170,0.4194302382406,0.0871168781961,0.1053232940502,-0.0516413746332,-0.1014035172229,-0.2468579683780,0.0274068030958,0.2269603328599,0.0561779148384,0.2370893654861,-0.0013849773650,-0.1541992209531,-0.0237719381987,0.4341464957885,0.2838711722470,-0.0193172349927,0.0785856745356,0.3824161763581,0.3231824849325,0.4996720229831,0.2953269989755,0.0929775942520,0.0865872443096,-0.3080425175972,-0.3134780169761,0.0658329951704,0.4683699611983,0.2830944905236,-0.2148481807399,0.1287966744337,0.4836989130008,0.6499436124769
0.5616729914412,0.5863391818279,-0.0060892904639,0.6068576298488,0.4481261875399,-0.0641597718337,0.1476547499758,0.2531737208533,0.0554901277006,-0.0170486755693,0.4253354814309,0.0505930156513,0.2541535255164,-0.0251748763129,0.2048698879929,0.1650111297216,0.5022216290711,0.3436413740914,0.0496774638678,0.4672786753800,0.3616781451247,0.7120232011194,0.7081770934413,0.6483486611296,0.3506205881408,0.2068644572122,0.2528612560472,0.0759574045187,0.6072377458523,0.5439783778038,1.0000000000000,-0.0958190525247,0.0099568903663,0.4847482543616,0.5129264322949,0.4277852134561,0.5195148703756,-0.1151526672137,0.4901184449121,0.0335105562365,-0.1147384763178,-0.1636682731562,0.0492569303488,-0.2957407741936,-0.0738281757304,0.1607709841987,-0.1040112847310,0.1342048270957,-0.2818442059930,-0.3433562054804,-0.1037722187513,0.5213088497363,0.3318299114960,-0.1215019811868,0.0682437650874,0.2967788641370,0.4248832213586,0.5951393859109,0.4670046601306,0.2117907874186,-0.0383855186664,-0.2016340768051,-0.1436484685635,0.3603204744285,0.1647545852944,0.4685941808413,-0.2547621598949,-0.0730318747214,0.1967269596318,0.4757002138781
-0.2039178637441,0.2199175867231,0.4301145407025,0.0099472334417,0.0435581593686,-0.0816749642752,-0.0959092362032,-0.0097919462855,-0.1402208272337,0.0458965711686,-0.1109320973961,0.2652570755224,-0.1421132648864,0.4029420601419,-0.0061013857902,-0.0477497131846,-0.1914912370312,-0.1414915534977,0.3274110440750,0.2473460778164,-0.2225110139675,0.0944188087671,-0.1219088476890,0.2037042827510,-0.0342958503851,0.5676861590658,0.3944076292712,0.3863642520763,0.0498109027979,-0.0693070199395,-0.0958190525247,1.0000000000000,-0.0628972398986,-0.0578885083251,-0.1794209979526,-0.3737500114139,-0.0496208219216,0.2193876785457,-0.1186554651717,-0.0320735717008,-0.0609004703756,-0.1475222604923,-0.0778327752992,-0.2253441172402,-0.0365749677390,-0.1022811838902,0.4103642223101,-0.1923264184850,0.3604317424465,-0.0810238163672,-0.1080824319305,-0.1812872505231,-0.3374001704857,-0.0148323289043,-0.1834631635417,-0.2457086248278,-0.0811519134008,-0.2157710688153,-0.0125675497060,-0.1121854974786,0.2954330410328,-0.1056984441507,0.3785555317546,-0.0207490613963,-0.3460683640655,-0.2938343622746,0.7494595461650,0.1255168024161,-0.0556102508930,-0.1209712024021
0.0134859453587,0.0282394011049,-0.0589669288466,-0.0471958186055,-0.0775988645134,0.6251536391298,0.4691901602963,-0.1026390507127,0.4015324373332,-0.0998120447738,-0.0243535920253,0.2501574892333,0.0206991634845,0.0894620222789,0.3052399427038,0.2243911006540,0.0335058046251,0.0607161071904,0.0827065034304,0.0524152988717,-0.1120937568564,0.0840302898568,-0.0326558433963,0.0083225053580,-0.2496394266693,-0.0012285611107,0.0357580999917,-0.0156853148002,-0.2491665569205,0.1445295398547,0.0099568903663,-0.0628972398986,1.0000000000000,-0.0034565010860,0.1664405294220,-0.0242323430750,-0.0606416237934,-0.2393471664709,-0.1249382942372,-0.1630682362271,0.5932837381764,0.3009532149257,-0.2501135503188,0.1630660232753,-0.0512524996062,-0.0926203733267,0.0215188101207,0.0286866984218,0.0580303206084,0.0326385209283,0.1738362198771,0.0171004470286,0.0441695371225,0.0529463692878,0.0564308730906,-0.1001577340873,0.0133781639652,-0.0226988602553,0.0049703462124,-0.1713593911781,-0.0710949228739,-0.0482343186426,-0.1552094219723,-0.3050144366893,0.0766037896981,-0.0459035685227,-0.1042642561913,0.5186480182420,-0.0777321494225,0.1614254162468
0.5176528502332,0.3603655965507,-0.0244557113439,0.4616126449151,0.4601443241999,0.0691548408130,0.1691439541545,0.0449779172146,0.0379369723842,0.2650609827948,0.3634572479248,0.0487505148886,0.1826944536373,0.1734964571002,0.2320912231353,0.0573376487055,0.3839857846512,0.3381207641038,0.0267158715176,0.4245835105951,0.4320171838519,0.5259215749336,0.4865772211745,0.4661377363690,0.2148960856201,0.2682201827696,0.0996369324461,0.0773829435281,0.1777535044333,0.7561408612895,0.4847482543616,-0.0578885083251,-0.0034565010860,1.0000000000000,0.7044309791855,0.4849117302144,0.2317768332838,-0.2242200187023,0.4683289045092,0.1469053338508,0.0168339802824,-0.0717548664811,-0.0666536101591,-0.2101415461260,0.1003916529939,0.1703224669163,-0.0660451270001,0.0961361088973,-0.0341841785482,-0.1810586518755,-0.0567830179889,0.4342520083882,0.2923404851401,-0.1402328106267,0.0540115963325,0.3582627077330,0.2929489956276,0.5264680394389,0.3106798477462,0.1159955798351,0.1315305102218,-0.2398372413552,-0.1588153768421,-0.0156372880902,0.3362686400762,0.1857879413166,-0.1820917167238,0.0331473670634,0.6601290030481,0.5654041081537
