1.0000000000000,0.2354865341553,-0.0160328425284,0.4520628319123,0.5529230630352,0.1891945037029,0.4109030303261,0.4254438235183,0.4466182191950,0.1494785597829,0.5336147120616,0.4574355207080,0.4099509035871,0.1736330956144,0.6282468934092,0.4232081090834,0.5363936087302,0.4007192091010,0.2220291911994,0.6258421589344,0.4657856352130,0.5735549139990,0.5404712881542,0.5865607983828,0.4840051660155,0.3212095710381,0.4992930718847,0.1466064724407,0.5024875914229,0.7710404507387,0.6594502529621,0.2610209194111,0.1026619012568,0.6324970433063,0.7298867544661,0.4219179668749,0.3353183721759,-0.1889662262833,0.4035947436681,0.1279951015313,0.0829819066688,0.1557832246809,0.0099089291122,-0.1233585036474,0.1425007172277,0.0506089389233,-0.0629006159214,0.2272735462657,-0.1695485244367,-0.3164456829233,0.3601860143294,0.4536261429800,0.0104083222429,-0.3341927930613,-0.2297487677930,0.2596024086972,-0.0518925398107,0.5803127107485,0.0226664798095,0.3420101605984,-0.0821800981962,-0.3653461591664,-0.0731582902949,0.1422200588111,-0.1569236699914,-0.0333650175948,-0.0029047330747,-0.1173299196416,0.1147102483429,0.3754010191601
0.2354865341553,1.0000000000000,0.0946513695060,0.7704249593718,0.2012125222141,-0.2098561708595,-0.0737115891195,0.1003497460270,-0.1411900910757,0.1081515544392,0.1900134016834,-0.0811627144100,-0.0665172815018,0.1279029718819,0.0931448522050,0.0018158623073,0.3320858845291,0.5289478379691,-0.2259358457088,0.2523118687137,0.2110483165762,0.4728353229887,0.5522788109614,0.6291495429436,0.1413009795429,0.4203006316782,0.5240975219677,0.2696069107203,0.1417091532973,0.3311967971743,0.4422977467320,-0.1101930455781,-0.0036643181694,0.3384512285617,0.4567779555143,0.4001322458324,0.7643156561925,0.3226332424018,0.8011137251078,0.2048214774025,-0.2579844065819,-0.3345187560592,0.1460794456039,-0.3815326702213,0.1550495124785,0.1710115665116,-0.0990130683992,0.0254228847322,0.1578122193587,-0.0952041429886,0.0934333839705,0.4169656442231,0.6347927479242,0.1983604205579,0.4125108595549,0.2335204009998,0.3296092953120,0.5227065558885,0.6116214313822,0.1705612865644,0.3058105715132,0.1721787388796,0.1911804794833,0.2426264909062,0.1871836730453,0.3924533785894,-0.2049200675004,-0.0031598759666,0.4928406013810,0.5724108787693
-0.0160328425284,0.0946513695060,1.0000000000000,0.1790736472594,0.2815903383792,-0.0993705945256,-0.1590637892306,0.4464972158929,-0.1271480688133,0.3905559787613,0.0107458784059,0.0221213708023,0.0507974312443,0.2041268772999,0.0843218770170,0.0245819709042,0.1307659897576,0.2218704698558,0.0455994159133,0.0126432251630,0.1579983423887,0.0803634222697,0.1024464806142,0.2452412415259,0.2950510162055,0.2229411650881,0.1321240824244,0.7788960633429,0.1374889212684,-0.0062915288502,0.1807434241597,0.0626778239196,-0.0209580393773,0.0828381036500,-0.0343079590359,-0.0626818294680,0.0246986759324,0.5504166164464,0.0814923130381,0.2692826709238,-0.1405839180274,-0.2035352024028,0.3784359373976,-0.1341079133378,0.2748186768801,-0.0178878673199,0.1255712275929,-0.0217041653210,0.1802739525542,0.1513292986166,-0.0184939541102,0.1461345124448,-0.0198485508110,-0.0006370152884,-0.0642580718360,0.1901899791601,-0.0299152786206,-0.0427534865680,-0.0091828850578,0.2890179427704,0.1686959912558,-0.0130378590411,0.6463079477801,-0.0275174655767,-0.0414722118598,-0.1782874009086,0.1483215937766,-0.0731597947426,-0.0153263451017,-0.0404644683395
0.4520628319123,0.7704249593718,0.1790736472594,1.0000000000000,0.5045682347152,-0.1269338421431,0.1025434729297,0.3950524187989,0.0567275246236,0.3180121836214,0.3955062075530,0.0606489693436,0.2419734883502,0.1899298905466,0.2551282410494,0.2008096776991,0.4462846927583,0.5474033348058,-0.1186566489733,0.4029960891159,0.4683087348070,0.5240652848165,0.6640637268736,0.6653994115867,0.5016142497410,0.4964980616297,0.5276190541694,0.2517498675616,0.4287161398066,0.4608901865228,0.6063995434302,0.0185894024039,0.0280379474621,0.4315081457192,0.5798631675522,0.3886259364713,0.6221767701789,0.2458736781843,0.9044747678158,0.4000182503856,-0.1531875275911,-0.1471015829202,0.3160913444515,-0.3144375365371,0.3315735947587,0.2833208022333,0.0422698540142,0.2980752543744,0.1528971846001,-0.1323310767603,0.2138297741048,0.4522736419447,0.4689101881461,0.0894431512678,0.2007684116190,0.4598296163277,0.2295835000571,0.5920128221227,0.4305406973771,0.4889606251244,0.2795204452550,-0.0488756625855,0.1412771013373,0.3818394564981,0.1306106628525,0.2488888772115,0.0008137965195,0.0355022822916,0.3840722854560,0.6073715780892
0.5529230630352,0.2012125222141,0.2815903383792,0.5045682347152,1.0000000000000,0.1549391221110,0.4174077216982,0.5234945395997,0.3960053863738,0.4813235124607,0.7006228121520,0.3170459416037,0.6427599493013,0.2778474117248,0.4175444907939,0.3628201980709,0.4466618247804,0.3234487197889,0.2090393895874,0.4172596260839,0.7647636502013,0.5109927348309,0.4163122288294,0.4802177288640,0.6876501563670,0.3210640591049,0.4775068555495,0.3130928115294,0.6409376865949,0.4645575682773,0.5479978455466,0.2380260841653,0.1176470848014,0.5003702613698,0.4420607311889,0.0082140821918,0.2029719933081,-0.0400858706655,0.3577502899711,0.6582427445954,0.0483371042488,0.2182147592815,0.1181435218968,-0.0791568535771,0.3711815119127,0.3693259442832,-0.0253563344082,0.5930910717908,-0.0205999066812,-0.3962411122952,0.3387149923259,0.2551904123440,-0.1368326731596,-0.3599486266478,-0.4165275352585,0.6643050311005,-0.1026656937480,0.3333939502962,-0.1333305938037,0.4911131321948,-0.1497990610186,-0.4188617506855,-0.0029466279952,0.2297739609762,-0.3530430512446,-0.2159499582795,0.1208058434988,-0.0711141460471,0.0190694674076,0.1657620071873
0.1891945037029,-0.2098561708595,-0.0993705945256,-0.1269338421431,0.1549391221110,1.0000000000000,0.5998416055074,-0.1352424023224,0.6343856770840,-0.0145417487179,0.2190174400031,0.3837549518208,0.3019948494963,-0.0546752175857,0.4366566836687,0.4283663110284,0.0235183509061,-0.0520369482571,0.3111550045506,0.1226704906375,0.0836711390268,0.0504563987855,-0.1042939003588,-0.0816206010512,0.0809750454624,-0.2051582499041,0.0441809137397,-0.1205766842561,-0.0810310674631,0.1685636327477,0.0565514177041,0.0940347815125,0.6172399188673,0.1748396198115,0.2315574366437,-0.2420872401846,-0.2911412676399,-0.2230056626347,-0.1823108873223,-0.0809124848345,0.8113588666092,0.5361584894314,-0.3983274513096,0.4424970404782,0.0270416469062,-0.0537367090714,0.0615690842491,0.1626738720320,-0.1594962671705,-0.1489865241002,0.5096185521246,-0.1277458351378,-0.3173582269252,-0.1003380312217,-0.2905443362938,-0.0592828633135,-0.2222858657278,-0.0544029772342,-0.3351731971398,-0.0374156195684,-0.4262254855498,-0.3077366086158,-0.2345247935203,-0.3885481865295,-0.3700284700283,-0.2395887089680,0.0456198192519,0.3897913241753,-0.0941300610367,0.0124976769255
0.4109030303261,-0.0737115891195,-0.1590637892306,0.1025434729297,0.4174077216982,0.5998416055074,1.0000000000000,0.0004916297682,0.8307814882026,0.0996907455335,0.5509820853516,0.4294837897699,0.6374444051179,0.0508733005380,0.6581052943435,0.6712027486956,0.1119193634358,0.0664775426773,0.3126652742678,0.3499712358014,0.1982899699112,0.2852870752918,0.0162730863120,0.1090270124827,0.2773285813780,0.0082094865548,0.3259435239756,-0.0876446613061,0.1864536846127,0.4149399020574,0.2811443083201,0.1145321445065,0.3949347338712,0.3308201548599,0.3454635628399,-0.2171107493321,-0.0863333664823,-0.3055013654091,0.1230191794128,0.1360055731681,0.5279916465484,0.7552396726323,-0.4124604793206,0.4476128143809,0.1818490776659,0.1502273492338,-0.1173880967761,0.5518525208203,-0.1766056172706,-0.3040253265434,0.6997699005791,-0.0521030684750,-0.2588854163930,-0.2575912701353,-0.4171144017520,0.0352115325169,-0.3395975392410,0.0697153575204,-0.3635653697516,0.0682173577923,-0.3817054046655,-0.3980288420040,-0.3069727183184,-0.2088671672365,-0.4606015534052,-0.3564703514592,-0.0398748366245,0.1150760628656,-0.1052931747857,-0.0116325844605
0.4254438235183,0.1003497460270,0.4464972158929,0.3950524187989,0.5234945395997,-0.1352424023224,0.0004916297682,1.0000000000000,0.0398399463970,0.5674492540957,0.3526364675628,0.1667047530737,0.2811816545530,0.4055747160071,0.2749183205349,0.2719056301495,0.3674287948054,0.3039056344069,-0.0165969778907,0.3355966217606,0.4593289362287,0.3520913362686,0.4555908615148,0.3865593310141,0.6789898736459,0.4545950243796,0.3384939879126,0.3244661291128,0.6235116400679,0.3956379769546,0.5077339792445,0.3512268191935,-0.0022583097055,0.3243064567912,0.2836881208888,0.0391944909447,0.1352787537523,-0.0093065542762,0.2723094006177,0.3577092713670,-0.2883620728886,-0.1918119748181,0.5739855157395,-0.3976356621435,0.4505539697817,0.0668786484743,-0.0353258680056,0.1569781065188,0.1231840734263,-0.1510700413258,0.0804322260199,0.3550643641979,-0.0870166593157,-0.3322358230089,-0.2664761359523,0.3694974265993,-0.0130666093564,0.3142369598335,-0.1003555845719,0.5982314227475,0.1856422518375,-0.3189218022871,0.1531966775234,0.4095279125749,-0.0233976010435,-0.1490264569272,0.1760219829377,-0.0711733308409,-0.0534885494293,0.0739899453803
0.4466182191950,-0.1411900910757,-0.1271480688133,0.0567275246236,0.3960053863738,0.6343856770840,0.8307814882026,0.0398399463970,1.0000000000000,-0.0652218462557,0.5899396543781,0.5456556759096,0.5666942533381,0.0025311491622,0.7039387486475,0.5800006888086,0.1283706902397,0.0585663132336,0.4626609188131,0.3647087421972,0.3325585224721,0.2662451477522,-0.0551217585456,0.1465499943605,0.2275644071638,-0.0829079510329,0.3037071566212,-0.0063400200609,0.2961499350485,0.3483038704157,0.3200364125956,0.0315145768415,0.3287095690125,0.2631618120688,0.3748960105876,-0.1924856611731,-0.1611972798310,-0.2691000682384,0.0344108148112,-0.0112043719427,0.5347101599553,0.6730559398477,-0.3713194190521,0.5525516332245,-0.0090982112942,0.2142445102385,-0.0054345546995,0.4071655127795,-0.2211579322958,-0.3501618418570,0.5675434080700,-0.0551013868402,-0.3131264299909,-0.2656925815817,-0.4655270320789,0.1356445850693,-0.3134067190197,0.0109275651702,-0.3404817027352,0.0263388571471,-0.5176383849513,-0.3789039172034,-0.2750385684579,-0.1205782309839,-0.5484001460480,-0.2632940691698,0.0127651907273,-0.0112915178038,-0.2116214390986,-0.0142331649426
0.1494785597829,0.1081515544392,0.3905559787613,0.3180121836214,0.4813235124607,-0.0145417487179,0.0996907455335,0.5674492540957,-0.0652218462557,1.0000000000000,0.1906648200201,0.0141821952092,0.3777046180118,0.5912377569923,0.1946769694093,0.2974670214471,0.1900885447386,0.1852547083665,-0.0722245251816,0.0926458142102,0.3595946452244,0.1898728231154,0.3229220055114,0.1081560777557,0.6066852376614,0.5012376995146,0.1719000787036,0.2732908781904,0.1201450482613,0.2748003923773,0.1298464398452,0.3983293634411,0.0570995666536,0.2870645281897,0.1220913632673,-0.1255433241481,0.0426585539853,0.0464108987140,0.2587984772422,0.5467911536120,-0.1022547006274,-0.0441655185818,0.3254049319410,-0.2754655924673,0.8589054219463,0.0220040745141,-0.0754393344628,0.3347474507466,0.4591987635074,0.0625358750908,0.1821963309579,0.1693089351578,-0.1622259472517,-0.2579485167236,-0.2542267258987,0.3281814697020,-0.0822529849496,0.1678833816835,-0.1914241121372,0.6159389902474,0.3880256624734,-0.2191359464874,0.2731379248741,-0.0031995379850,-0.0395436161028,-0.2640370792887,0.1961217408091,0.0837716957802,-0.0040091278101,0.0054688306782
0.5336147120616,0.1900134016834,0.0107458784059,0.3955062075530,0.7006228121520,0.2190174400031,0.5509820853516,0.3526364675628,0.5899396543781,0.1906648200201,1.0000000000000,0.3137031470267,0.5691619292607,0.1209025941767,0.5882069024812,0.4066131787263,0.1556373023578,0.4490632853301,0.3024502143282,0.5214078499901,0.6069762597630,0.4840058974952,0.2601337817752,0.4003299903565,0.3890537658346,0.1251835484904,0.4443842269058,0.1106461894971,0.5118589000765,0.5075314536292,0.5003921615339,0.2146243283660,0.1174811973653,0.4758884834413,0.4539517941968,-0.0579996209066,0.1037661334471,-0.1464897424682,0.3500653230135,0.4884154080776,0.1104099942644,0.2481989077516,-0.1537499900910,0.0594872018967,0.1886135293200,0.6436135705933,-0.0984690425472,0.5616060263003,-0.0976407652288,-0.3766551653017,0.4507057932473,0.0368680713485,-0.0849370027074,-0.2339406676693,-0.2746908024239,0.5323803800375,-0.1791131049154,0.2127396479667,-0.1576993148317,0.2405942874823,-0.2763205344765,-0.4337456321572,-0.1870190130572,0.2212876309405,-0.3959252778436,-0.2606568166441,0.1506927883248,-0.0735061314744,0.0915594208029,0.0988107778059
0.4574355207080,-0.0811627144100,0.0221213708023,0.0606489693436,0.3170459416037,0.3837549518208,0.4294837897699,0.1667047530737,0.5456556759096,0.0141821952092,0.3137031470267,1.0000000000000,0.3349167918925,0.3337437627477,0.6043380213613,0.4037577763152,0.2445144324000,0.0793997253535,0.6565106718619,0.4898784687352,0.2121680198396,0.3335743461324,0.0867549163944,0.3057478380410,0.2790231999443,0.2141823094331,0.4187266863658,0.2633026174974,0.3013172774022,0.3576835895600,0.3362949143789,0.3946709112452,0.3119874188569,0.2673625342536,0.4208782253732,-0.1715654609395,0.0045246868203,-0.2411003220582,0.0069448255391,-0.0955283575344,0.2759229154548,0.3026212233973,-0.2594122352699,0.1836136877200,-0.0271731975775,-0.1165475778667,0.3246204002266,0.0887719797867,0.0532177073182,-0.3014753255458,0.3055054104633,0.1542818919529,-0.2374189880047,-0.1238933889308,-0.3572330593798,0.0020173227701,-0.1187251068374,0.1798814715593,-0.1158683654355,0.0656734937411,-0.2075839042949,-0.2579537562589,-0.0195625829823,-0.1041951118369,-0.3570454913376,-0.1861220549366,0.1453591267048,-0.0137450429073,-0.1684620580174,0.0710639137730
0.4099509035871,-0.0665172815018,0.0507974312443,0.2419734883502,0.6427599493013,0.3019948494963,0.6374444051179,0.2811816545530,0.5666942533381,0.3777046180118,0.5691619292607,0.3349167918925,1.0000000000000,0.1925635217563,0.4365110462538,0.5003718039649,0.2849753764602,0.0749781048495,0.2708629390028,0.3269896158437,0.6546821203594,0.3129220839871,0.1678533241980,0.2125154216983,0.4413692126712,0.1516630719087,0.2491752724174,0.1333759981284,0.3936352019998,0.4603542829063,0.2956922639453,0.1959985284585,0.0119488747382,0.3668153304699,0.3125022181336,-0.0562516076383,-0.0972879975368,-0.1478717853337,0.1839851084610,0.3176187974624,0.1867271993568,0.5040243135769,-0.0521553851073,0.1742796118503,0.3280279464136,0.3301209349692,0.0712699710789,0.8133783323448,-0.0177653202071,-0.2347456458890,0.3803986571506,0.1748862478188,-0.2741443844427,-0.2470921345589,-0.3926876426239,0.4697808802478,-0.1240423231853,0.1626007236847,-0.1962432099124,0.3140083255019,-0.2106731198561,-0.4426686648298,-0.0801042262581,0.0827702712536,-0.2541906263481,-0.1840330397525,0.1645046211124,-0.0874087432250,-0.1289965795420,0.0434816130535
0.1736330956144,0.1279029718819,0.2041268772999,0.1899298905466,0.2778474117248,-0.0546752175857,0.0508733005380,0.4055747160071,0.0025311491622,0.5912377569923,0.1209025941767,0.3337437627477,0.1925635217563,1.0000000000000,0.2755685032893,0.1797767497613,0.1853209965982,0.0482472964905,0.1555708596612,0.2321116154617,0.2018273957009,0.2603845870364,0.1060786573028,0.1243307962866,0.2810409155287,0.7663956288199,0.3611501280004,0.3021670475797,0.0486089314420,0.2699400656784,0.0818693111572,0.5765173157722,-0.0037443720619,0.1964864290350,0.2073076566204,-0.1236682885121,0.1536038291296,-0.0311325212968,0.1832342593305,0.1835396825147,-0.1842943192194,-0.0337280349224,0.1820472054773,-0.2009388415369,0.4859479345832,-0.1030230931104,-0.0081815029540,0.0967572789226,0.7685727947074,0.0191761427812,0.1388930441311,0.1431004460507,-0.1153587332502,-0.1676958024672,-0.2199719728997,0.0872306207590,-0.0302836628794,0.0698276590643,-0.0949308767289,0.2888986092878,0.5244484660637,-0.1186401695013,0.2857581485028,-0.1309098325824,-0.0217428493550,-0.2178610813649,0.3139662900492,-0.0819518358029,-0.0579248084029,0.0194188220379
0.6282468934092,0.0931448522050,0.0843218770170,0.2551282410494,0.4175444907939,0.4366566836687,0.6581052943435,0.2749183205349,0.7039387486475,0.1946769694093,0.5882069024812,0.6043380213613,0.4365110462538,0.2755685032893,1.0000000000000,0.5774520753090,0.1717861793571,0.3773606976086,0.5496413921703,0.6189159322900,0.2349114126385,0.4483889114900,0.2028195273376,0.3452216271898,0.3617857868758,0.2427050385207,0.4643503691298,0.2034684183287,0.2465879838783,0.6388596353112,0.5609903598297,0.2401694620289,0.2533796275394,0.4106576737767,0.5211553192171,-0.0455496331325,0.0416774963171,-0.1684630835844,0.2436186365208,0.1312741803202,0.2868394126794,0.3128414471905,-0.2269618947755,0.1657462750777,0.2223656805273,0.0688069075758,-0.0078834423118,0.2530087297003,0.0284212892004,-0.1427014087165,0.5224653051352,0.1081365283021,-0.0983330992775,-0.1328361968471,-0.2457275294094,0.0685510334079,-0.2419665555627,0.2190731173883,-0.2022761887186,0.2328842288989,-0.1751657858735,-0.3642082943274,-0.0862092602286,-0.1305861193978,-0.3617300099546,-0.2804757232948,0.1549185647350,-0.0108365949065,-0.0671764695790,0.1183345040672
0.4232081090834,0.0018158623073,0.0245819709042,0.2008096776991,0.3628201980709,0.4283663110284,0.6712027486956,0.2719056301495,0.5800006888086,0.2974670214471,0.4066131787263,0.4037577763152,0.5003718039649,0.1797767497613,0.5774520753090,1.0000000000000,0.2152729856843,0.1920726644923,0.1592274743766,0.3654987067548,0.1492716559348,0.3254761919419,0.2431737571518,0.2106512273962,0.4486074222362,0.1212013869420,0.1918276330864,0.0394661373825,0.2920517895592,0.4694110230214,0.3828661053101,0.1597851580127,0.3164849238477,0.3336203232115,0.3256888784755,-0.1552826576932,-0.0260918903995,-0.1857886273091,0.1489306293913,0.1371072120457,0.2801621340676,0.4159118489240,-0.0892192357808,0.1500995506055,0.4252900746264,-0.0057695164450,-0.1001738252797,0.3422321733531,-0.0624311686959,-0.2621657381425,0.7418699993975,0.1223871982435,-0.2465154844463,-0.2691912462926,-0.3209060144011,0.0008470087130,-0.1750086355214,0.2263795796181,-0.2369776354392,0.3064204342545,-0.1377881408178,-0.4377285215188,-0.1236810772534,-0.0107214285467,-0.2096545207680,-0.2322898509524,-0.0019061027027,0.1257552573831,-0.0753140953542,0.0387764754740
0.5363936087302,0.3320858845291,0.1307659897576,0.4462846927583,0.4466618247804,0.0235183509061,0.1119193634358,0.3674287948054,0.1283706902397,0.1900885447386,0.1556373023578,0.2445144324000,0.2849753764602,0.1853209965982,0.1717861793571,0.2152729856843,1.0000000000000,0.1572400669877,-0.0352164444492,0.3194502634759,0.4122879050098,0.6226326511758,0.5926341056786,0.6283864354038,0.4945771346421,0.3810278987446,0.3895506496424,0.2248528334425,0.4824909969434,0.4820736405729,0.5514167084648,0.1600300517274,0.0248233022259,0.5255361266124,0.5562651677724,0.3254690129865,0.4251606459277,-0.0135979519199,0.3743070187505,0.0907265752418,-0.0849024945038,0.0287143663787,0.2000494282726,-0.1917379614378,0.1608571677153,-0.0540663749598,-0.1063569476504,0.1457398737783,-0.0895405934267,-0.3215008372417,0.0929342594779,0.8613528122726,0.0397409870113,-0.2933572982418,-0.1995647990183,0.2755214271213,0.3075089341997,0.6757295569335,0.3111017471602,0.3693260258971,0.1217643777367,-0.1978438364873,0.1279863197916,0.2102451365089,0.0664296306083,0.3022338641707,-0.0474630595547,-0.1648574319934,0.2400502999123,0.4228702459001
0.4007192091010,0.5289478379691,0.2218704698558,0.5474033348058,0.3234487197889,-0.0520369482571,0.0664775426773,0.3039056344069,0.0585663132336,0.1852547083665,0.4490632853301,0.0793997253535,0.0749781048495,0.0482472964905,0.3773606976086,0.1920726644923,0.1572400669877,1.0000000000000,0.0183635840569,0.6842540039946,0.2400166653967,0.4644728147086,0.4376839732813,0.6472712549789,0.2280790399494,0.2860633659080,0.4886381254029,0.2662932508048,0.2505187400041,0.4955323468937,0.5070436834809,0.1011124626641,0.0743844548755,0.5211774925598,0.5546304019292,0.1148505154935,0.3303397813788,0.0391280726887,0.5064282580564,0.2678356864481,-0.1619826635948,-0.3144018977705,-0.0196609518321,-0.4495978186001,0.1646682123733,0.1893618952530,-0.1577485437441,0.0438331159540,-0.0543855716835,-0.2391580548302,0.1938702509262,0.1705323294637,0.5109656882500,0.0221643212926,0.2859482465619,0.2464272869252,0.0575008340791,0.2992400239429,0.1914101428926,0.1206320931661,0.0654971306136,-0.1196021115714,0.0011390158875,0.1730896279374,-0.0065589232393,-0.0607281223806,0.0173730033804,0.0300596772389,0.3950978886507,0.3863442472540
0.2220291911994,-0.2259358457088,0.0455994159133,-0.1186566489733,0.2090393895874,0.3111550045506,0.3126652742678,-0.0165969778907,0.4626609188131,-0.0722245251816,0.3024502143282,0.6565106718619,0.2708629390028,0.1555708596612,0.5496413921703,0.1592274743766,-0.0352164444492,0.0183635840569,1.0000000000000,0.3688947502533,0.1500512837116,0.1733199639696,-0.1375559365150,0.0095769347037,0.0221499912720,-0.0231807601219,0.1645745066256,0.1750957582235,0.0730965454901,0.1935460300391,0.1738566062449,0.2758928111869,0.0648392659608,0.0161525661126,0.0856843941686,-0.2651598890721,-0.1930526189901,-0.1377684779637,-0.1567841542455,-0.0280528206018,0.2469130032762,0.2436647070760,-0.2924711912433,0.2816301321783,-0.1631652973000,0.1046968762074,0.2298632744592,0.1188361149776,0.0346836948981,-0.1457377407275,0.1331156746343,-0.1238247779043,-0.2617038898690,0.1171852385971,-0.2027228876762,0.0398910092352,-0.1423770203961,-0.0722911794948,-0.2076760142994,-0.0767496546700,-0.3142955634386,-0.2604065609799,-0.0483914307311,-0.1852878462036,-0.3751737470394,-0.2555571962188,0.4454356963948,-0.1306475466093,-0.2671883928380,-0.1770900601634
0.6258421589344,0.2523118687137,0.0126432251630,0.4029960891159,0.4172596260839,0.1226704906375,0.3499712358014,0.3355966217606,0.3647087421972,0.0926458142102,0.5214078499901,0.4898784687352,0.3269896158437,0.2321116154617,0.6189159322900,0.3654987067548,0.3194502634759,0.6842540039946,0.3688947502533,1.0000000000000,0.2663185168409,0.5660132826654,0.3818341233851,0.5829894626403,0.3088580774220,0.3943082920325,0.5951591548509,0.1534491975360,0.4166169761849,0.6915163902712,0.5886880606765,0.2365378701548,0.0862178082285,0.5129849326161,0.6612420654817,0.0461283370316,0.2539145768143,-0.2900546173266,0.3286737233114,0.1305501468441,-0.0659523793921,0.0137610575783,-0.1714107174450,-0.2668194958152,0.0369897390671,0.0627719422466,-0.1275521495306,0.1625987303407,-0.0887301454238,-0.4010379482801,0.2513512807527,0.2108495264564,0.2502891289279,-0.1023786490829,0.0401460829894,0.1422162475055,-0.0185642834430,0.3586151705436,0.0127183628456,0.1033891595804,-0.0488095250651,-0.3501633708482,-0.2267194514238,0.0973692051176,-0.1204235364227,-0.1604403835107,0.0942170431784,-0.1694904197347,0.1533163230711,0.2979001006396
0.4657856352130,0.2110483165762,0.1579983423887,0.4683087348070,0.7647636502013,0.0836711390268,0.1982899699112,0.4593289362287,0.3325585224721,0.3595946452244,0.6069762597630,0.2121680198396,0.6546821203594,0.2018273957009,0.2349114126385,0.1492716559348,0.4122879050098,0.2400166653967,0.1500512837116,0.2663185168409,1.0000000000000,0.3860862781050,0.2964965641228,0.4270189393839,0.4226213832082,0.2366523475283,0.3212251609128,0.2445446002556,0.5275506285589,0.3202493180283,0.3619162217536,0.1508453548840,-0.0351169246181,0.4131703207490,0.4176120457655,0.1614420578379,0.0965190045173,0.0035633910988,0.3702684662530,0.4152237060582,-0.0214607477517,0.0976199689415,0.1803686447460,-0.0665228487183,0.2033100442312,0.4900083296074,0.1117888262090,0.6134816129185,0.0504739158329,-0.2616541636439,0.1142024425441,0.2823829522052,-0.0850261840813,-0.2250906992295,-0.2928394811481,0.8761758162300,0.0678642620209,0.2456823297412,0.0292402554802,0.3362963383217,-0.1503569277977,-0.3200566228469,0.0295748551768,0.3142622453137,-0.2280791535026,0.0223676827554,0.1829533245507,-0.0890622303994,0.0682011976015,0.2511211871105
0.5735549139990,0.4728353229887,0.0803634222697,0.5240652848165,0.5109927348309,0.0504563987855,0.2852870752918,0.3520913362686,0.2662451477522,0.1898728231154,0.4840058974952,0.3335743461324,0.3129220839871,0.2603845870364,0.4483889114900,0.3254761919419,0.6226326511758,0.4644728147086,0.1733199639696,0.5660132826654,0.3860862781050,1.0000000000000,0.5961392026221,0.8119006743441,0.4385054331369,0.3877950738405,0.5872283872118,0.2556059623470,0.5125061773495,0.6520800530919,0.7078183808436,0.2916867239504,0.0912516256124,0.6343916591515,0.6521828579910,0.1504672436642,0.4610433775643,-0.1484702874794,0.4750705436582,0.2482519686188,-0.1073139661038,0.0564067356823,-0.0551957517570,-0.2267676471930,0.1607703234561,0.1474889536777,-0.1997542770858,0.2479628333584,-0.0304304830810,-0.4575246659010,0.2707315313997,0.5373585870577,0.1478162321212,-0.2317254822414,-0.1326941376509,0.2992812487891,0.3252606325986,0.5967628000547,0.3341975801554,0.2421523944838,0.0282527299173,-0.3131974749549,-0.0386948980360,0.2108922152175,-0.0292765331377,0.0845791857437,0.0335537292565,-0.1520643954919,0.3495075412119,0.3983410960980
0.5404712881542,0.5522788109614,0.1024464806142,0.6640637268736,0.4163122288294,-0.1042939003588,0.0162730863120,0.4555908615148,-0.0551217585456,0.3229220055114,0.2601337817752,0.0867549163944,0.1678533241980,0.1060786573028,0.2028195273376,0.2431737571518,0.5926341056786,0.4376839732813,-0.1375559365150,0.3818341233851,0.2964965641228,0.5961392026221,1.0000000000000,0.6531528681583,0.5859428750990,0.3367328919495,0.4390161584069,0.1798283670105,0.4636099007796,0.5940330663865,0.7129011690617,0.1848770448725,0.0751096918843,0.4990028016422,0.5135059284436,0.3356967154816,0.6236040503101,0.0832988281795,0.5850277832473,0.3220410560831,-0.1762314283920,-0.2128062163535,0.3020972098319,-0.4822634983421,0.3328123674221,-0.0121987310664,-0.1334106573172,0.1029690044189,-0.0987554568883,-0.2832637956531,0.1200657848037,0.6268090245541,0.2464059241505,-0.1821191354207,0.0261262546080,0.2361739853875,0.1848583477048,0.8710640213140,0.3363424367240,0.5290188341513,0.1631593333441,-0.1834788955563,0.0662730362751,0.3808820524062,0.1698905288804,0.2453810458396,-0.0638980847870,0.0076380980666,0.2545115438343,0.4148907721876
0.5865607983828,0.6291495429436,0.2452412415259,0.6653994115867,0.4802177288640,-0.0816206010512,0.1090270124827,0.3865593310141,0.1465499943605,0.1081560777557,0.4003299903565,0.3057478380410,0.2125154216983,0.1243307962866,0.3452216271898,0.2106512273962,0.6283864354038,0.6472712549789,0.0095769347037,0.5829894626403,0.4270189393839,0.8119006743441,0.6531528681583,1.0000000000000,0.4337677722227,0.3817334175166,0.6411260559055,0.4222345783760,0.5606158200612,0.5704005506839,0.7484577102697,0.1417537358720,0.0638864399443,0.5938016807304,0.7084280502482,0.2819974898700,0.5440552683797,0.0708005034205,0.5982487955137,0.1894900287207,-0.1794563305606,-0.1640054237670,0.0756724922613,-0.3716697341549,0.0945329643997,0.0828566440479,-0.0879938196435,0.1416349677570,-0.1071590903239,-0.4464032284480,0.1602597354802,0.6311373128964,0.3494350408199,-0.1592556859052,0.0440377865879,0.3565146335081,0.2578516637579,0.6197982563333,0.4727872580982,0.2359398835045,0.0311438322190,-0.1723591155906,0.1077454267861,0.3091292081380,-0.0133191433708,0.2026697243455,-0.1121552674886,-0.1337883242597,0.3612464472760,0.5092047183922
0.4840051660155,0.1413009795429,0.2950510162055,0.5016142497410,0.6876501563670,0.0809750454624,0.2773285813780,0.6789898736459,0.2275644071638,0.6066852376614,0.3890537658346,0.2790231999443,0.4413692126712,0.2810409155287,0.3617857868758,0.4486074222362,0.4945771346421,0.2280790399494,0.0221499912720,0.3088580774220,0.4226213832082,0.4385054331369,0.5859428750990,0.4337677722227,1.0000000000000,0.3628171520340,0.3758028047503,0.2541462624577,0.6839701971849,0.4747839511213,0.5780470989383,0.2814593852109,0.1202848854210,0.4405099206810,0.3663986531305,-0.0169187015052,0.1998658801540,0.0008819878192,0.3627076698393,0.5247875179761,-0.0123783760178,0.0610214371046,0.3549330522344,-0.2176550128415,0.5914011290508,0.0146335413084,-0.0421349398689,0.3241905121300,-0.0106713046499,-0.2832809114209,0.2781043499175,0.4158066639840,-0.1563632995219,-0.3735721835416,-0.3709728136448,0.3235921952838,-0.1239956570714,0.5204025001961,-0.1038057530076,0.8266309430752,0.0575259126311,-0.3673628844324,0.0761997223875,0.3429434195849,-0.1744409590024,-0.1415429329192,0.0340088702281,-0.0210887170339,-0.0009803722598,0.1292350544760
0.3212095710381,0.4203006316782,0.2229411650881,0.4964980616297,0.3210640591049,-0.2051582499041,0.0082094865548,0.4545950243796,-0.0829079510329,0.5012376995146,0.1251835484904,0.2141823094331,0.1516630719087,0.7663956288199,0.2427050385207,0.1212013869420,0.3810278987446,0.2860633659080,-0.0231807601219,0.3943082920325,0.2366523475283,0.3877950738405,0.3367328919495,0.3817334175166,0.3628171520340,1.0000000000000,0.5610619521398,0.3441479018605,0.1950447530585,0.4234234539203,0.2888922871960,0.4100054111112,-0.0576772332428,0.4086346347994,0.4827710322574,0.0983416532803,0.4661020700547,-0.0001593515550,0.5237357778416,0.1813502164130,-0.3202037626835,-0.1532720862955,0.2531236263336,-0.3669822194511,0.4203518202703,-0.1193934137501,-0.0927036842339,0.0654376354215,0.5709479072570,-0.0216989722647,0.0779586311900,0.3697842305470,0.2181400384123,-0.0868402682460,-0.0297903783448,0.1471849381514,0.0431945795438,0.3170022670896,0.1116419426811,0.3385537733284,0.7043090682171,-0.0282406990860,0.2791010756158,0.0294238817325,0.0979491995228,-0.0942138405298,0.1559413068714,-0.1197658361711,0.1852382807994,0.3490678785670
0.4992930718847,0.5240975219677,0.1321240824244,0.5276190541694,0.4775068555495,0.0441809137397,0.3259435239756,0.3384939879126,0.3037071566212,0.1719000787036,0.4443842269058,0.4187266863658,0.2491752724174,0.3611501280004,0.4643503691298,0.1918276330864,0.3895506496424,0.4886381254029,0.1645745066256,0.5951591548509,0.3212251609128,0.5872283872118,0.4390161584069,0.6411260559055,0.3758028047503,0.5610619521398,1.0000000000000,0.3859489392582,0.4001961673980,0.5139195904857,0.5923391371226,0.2399322629962,0.1517319398920,0.4816169062162,0.5862515932729,0.0801316845848,0.5466565322546,-0.0433726671292,0.5076391208198,0.2197024717126,-0.1234757771464,0.0785847313213,-0.0114639504594,-0.1821878392730,0.1516866010930,0.0726404996736,-0.0866430008766,0.1951716737935,0.0754981382553,-0.3443485825291,0.2331671589646,0.3226911077157,0.2989357612856,-0.1652475746827,-0.0996149268273,0.1846273969774,-0.0638255539496,0.4351579322909,0.0961995576380,0.2079911928121,0.0818248354858,0.0691794887579,0.0678927117713,0.1027147119910,-0.2382196269587,-0.1062655081155,-0.0875436819158,-0.1711131716750,0.1256749788334,0.2957412408350
0.1466064724407,0.2696069107203,0.7788960633429,0.2517498675616,0.3130928115294,-0.1205766842561,-0.0876446613061,0.3244661291128,-0.0063400200609,0.2732908781904,0.1106461894971,0.2633026174974,0.1333759981284,0.3021670475797,0.2034684183287,0.0394661373825,0.2248528334425,0.2662932508048,0.1750957582235,0.1534491975360,0.2445446002556,0.2556059623470,0.1798283670105,0.4222345783760,0.2541462624577,0.3441479018605,0.3859489392582,1.0000000000000,0.1593383831940,0.1567665533742,0.2499492252887,0.1072277031015,-0.0407454647829,0.2755157236026,0.1648850112137,0.0153248540958,0.2135057096102,0.4872091823684,0.1820696182108,0.1536261066103,-0.1894504349494,-0.1801307205044,0.2112469753050,-0.1426394313533,0.1788079044574,-0.0147032363194,0.1043458529011,-0.0319585672491,0.1886534907688,0.0050464616316,-0.0310052671231,0.2685490485510,0.0369441172409,-0.0524878024690,-0.0911101479618,0.1682265591649,0.0252381084492,0.1125502118807,0.1511636005095,0.1927359136401,0.1707281340862,0.0400119221743,0.7693685269821,-0.0636039030317,-0.1271530636539,-0.1069145357356,0.0734829512257,-0.1918446585072,0.0606662057754,0.0331556263031
0.5024875914229,0.1417091532973,0.1374889212684,0.4287161398066,0.6409376865949,-0.0810310674631,0.1864536846127,0.6235116400679,0.2961499350485,0.1201450482613,0.5118589000765,0.3013172774022,0.3936352019998,0.0486089314420,0.2465879838783,0.2920517895592,0.4824909969434,0.2505187400041,0.0730965454901,0.4166169761849,0.5275506285589,0.5125061773495,0.4636099007796,0.5606158200612,0.6839701971849,0.1950447530585,0.4001961673980,0.1593383831940,1.0000000000000,0.4118213148462,0.6451538639927,0.1480586433723,-0.0203564306842,0.3402202005166,0.3623081669554,0.0778612335366,0.2351857136432,-0.1161585242134,0.2796859567288,0.3937980424765,-0.1595491531128,0.0406641718910,0.2754271883710,-0.1993457601386,0.0703436879093,0.2166064106852,0.0166771793627,0.3416493450006,-0.2484665415476,-0.4605253574997,0.1123957757116,0.3667511198139,-0.0271927390806,-0.3081016782939,-0.2726251426427,0.4654464563506,-0.0043334703199,0.4186986719186,0.0328731080683,0.4465812318468,-0.1701776367978,-0.3464433176905,-0.1611015227406,0.7145582102019,-0.1249790389465,0.0306261352267,-0.0298795006710,-0.1557317840439,-0.0086307350471,0.1666780097591
0.7710404507387,0.3311967971743,-0.0062915288502,0.4608901865228,0.4645575682773,0.1685636327477,0.4149399020574,0.3956379769546,0.3483038704157,0.2748003923773,0.5075314536292,0.3576835895600,0.4603542829063,0.2699400656784,0.6388596353112,0.4694110230214,0.4820736405729,0.4955323468937,0.1935460300391,0.6915163902712,0.3202493180283,0.6520800530919,0.5940330663865,0.5704005506839,0.4747839511213,0.4234234539203,0.5139195904857,0.1567665533742,0.4118213148462,1.0000000000000,0.6370671928497,0.3275065174563,0.0333397580848,0.7408733678297,0.6854991532189,0.3088469418715,0.3721645847460,-0.1400610017762,0.4469004862663,0.2490604163888,0.0060962885649,0.0615210658346,0.0116818735140,-0.2219150434719,0.2808634364937,0.0307581451142,-0.1873022678469,0.2642150435908,-0.0550867241417,-0.2283990150535,0.3783146331217,0.4636078362112,0.1246259172749,-0.2318651806932,-0.0575755459675,0.1563029684610,0.0041670077654,0.5969395456477,0.0930895116864,0.3657515346100,0.0989729113617,-0.3513586172252,-0.0340305173113,0.1674805736096,0.0947228889424,-0.0278086254617,0.0726659582532,-0.1254087139836,0.2870073067416,0.3614948672658
0.6594502529621,0.4422977467320,0.1807434241597,0.6063995434302,0.5479978455466,0.0565514177041,0.2811443083201,0.5077339792445,0.3200364125956,0.1298464398452,0.5003921615339,0.3362949143789,0.2956922639453,0.0818693111572,0.5609903598297,0.3828661053101,0.5514167084648,0.5070436834809,0.1738566062449,0.5886880606765,0.3619162217536,0.7078183808436,0.7129011690617,0.7484577102697,0.5780470989383,0.2888922871960,0.5923391371226,0.2499492252887,0.6451538639927,0.6370671928497,1.0000000000000,0.1029251996951,0.1004734499412,0.4623153148836,0.5877805890328,0.2121311802887,0.5035110392993,-0.0340045422020,0.4878003895161,0.2572608634164,-0.0821321779395,-0.0158400773046,0.1462335005428,-0.2872332332069,0.1389017602305,0.0651107531322,-0.1282008643900,0.1902399381340,-0.2063112174652,-0.4212072393110,0.2703776819497,0.5163728862561,0.1814710581477,-0.1862506755553,-0.0961011173110,0.2465844788693,0.0746756740121,0.6580747149694,0.2187840937121,0.4191972289072,-0.0795431199635,-0.2952084861267,-0.0818707827358,0.3565372850039,-0.1205245338326,0.1470541498874,-0.0812063760497,-0.1250685278076,0.1047139308469,0.3405127709262
0.2610209194111,-0.1101930455781,0.0626778239196,0.0185894024039,0.2380260841653,0.0940347815125,0.1145321445065,0.3512268191935,0.0315145768415,0.3983293634411,0.2146243283660,0.3946709112452,0.1959985284585,0.5765173157722,0.2401694620289,0.1597851580127,0.1600300517274,0.1011124626641,0.2758928111869,0.2365378701548,0.1508453548840,0.2916867239504,0.1848770448725,0.1417537358720,0.2814593852109,0.4100054111112,0.2399322629962,0.1072277031015,0.1480586433723,0.3275065174563,0.1029251996951,1.0000000000000,0.2220833602138,0.3308839669037,0.2838374093543,-0.2281118574853,-0.0655483810890,-0.2002466981286,0.0284742547376,0.1391569544665,0.0442094032715,0.0728721914747,-0.0229275593463,-0.1555710608357,0.3268362430491,-0.0533123175867,0.1016033402278,0.1178543095799,0.3066801028988,-0.1877925313256,0.1992249360093,0.1076493657117,-0.2957919229102,-0.2300007647434,-0.3428463723883,0.0791082553673,-0.1917579897292,0.1383543841884,-0.2581102832936,0.1970810624175,0.1972580997757,-0.3219922156564,0.0825516109825,-0.0631349299283,-0.1058621905773,-0.3647069566554,0.4573516055626,0.1293068736729,0.0434926336774,0.0264492618367
0.1026619012568,-0.0036643181694,-0.0209580393773,0.0280379474621,0.1176470848014,0.6172399188673,0.3949347338712,-0.0022583097055,0.3287095690125,0.0570995666536,0.1174811973653,0.3119874188569,0.0119488747382,-0.0037443720619,0.2533796275394,0.3164849238477,0.0248233022259,0.0743844548755,0.0648392659608,0.0862178082285,-0.0351169246181,0.0912516256124,0.0751096918843,0.0638864399443,0.1202848854210,-0.0576772332428,0.1517319398920,-0.0407454647829,-0.0203564306842,0.0333397580848,0.1004734499412,0.2220833602138,1.0000000000000,0.1307222971273,0.2123805975751,-0.2783906016683,-0.0596226264124,-0.1914283265397,-0.0018314728531,0.0172447539701,0.5304366030119,0.3636532912542,-0.2560738382044,0.1330576157820,0.1074913466865,-0.1161432721231,0.0469023380119,-0.0025560788319,-0.0868593897728,-0.2330379727253,0.4178751894474,-0.0967992428819,-0.1285928867070,-0.1517837301795,-0.2630073183256,-0.1026017519010,-0.2380175221495,0.0198141136587,-0.2783020517869,-0.0142401172353,-0.2380899117336,-0.2188103199855,-0.1677577815890,-0.2274484960135,-0.2728631522536,-0.2578131774938,-0.0693776190300,0.6403136462203,0.0162085427398,0.1364196883798
0.6324970433063,0.3384512285617,0.0828381036500,0.4315081457192,0.5003702613698,0.1748396198115,0.3308201548599,0.3243064567912,0.2631618120688,0.2870645281897,0.4758884834413,0.2673625342536,0.3668153304699,0.1964864290350,0.4106576737767,0.3336203232115,0.5255361266124,0.5211774925598,0.0161525661126,0.5129849326161,0.4131703207490,0.6343916591515,0.4990028016422,0.5938016807304,0.4405099206810,0.4086346347994,0.4816169062162,0.2755157236026,0.3402202005166,0.7408733678297,0.4623153148836,0.3308839669037,0.1307222971273,1.0000000000000,0.7522384878934,0.2253828968228,0.3331933379459,-0.1394866608546,0.4194914466864,0.2365004376144,0.0296460221240,0.0465228538664,-0.0831683784136,-0.1938881821730,0.2369599137756,0.1042515765952,-0.2559139219878,0.2107690542516,-0.1038957733407,-0.2629564957398,0.3315689406955,0.4679904639363,0.0468362367941,-0.3542011479897,-0.2185613206025,0.2520272742208,0.0196376759670,0.5043656323574,0.0536940240049,0.2499364312848,0.0812059240621,-0.3066602726099,0.1059807846059,0.0446085984103,-0.0512619825582,-0.1014910726876,0.0252853850068,-0.0385935055748,0.5323209462319,0.4029119625669
0.7298867544661,0.4567779555143,-0.0343079590359,0.5798631675522,0.4420607311889,0.2315574366437,0.3454635628399,0.2836881208888,0.3748960105876,0.1220913632673,0.4539517941968,0.4208782253732,0.3125022181336,0.2073076566204,0.5211553192171,0.3256888784755,0.5562651677724,0.5546304019292,0.0856843941686,0.6612420654817,0.4176120457655,0.6521828579910,0.5135059284436,0.7084280502482,0.3663986531305,0.4827710322574,0.5862515932729,0.1648850112137,0.3623081669554,0.6854991532189,0.5877805890328,0.2838374093543,0.2123805975751,0.7522384878934,1.0000000000000,0.2867952813396,0.4136380515845,-0.2059193198876,0.5745005357138,0.0252116844079,0.1303879575955,0.0728312101304,-0.1430408479917,-0.1571528500190,0.1227890359998,0.0190266173306,-0.1236446812232,0.1384922135770,-0.0713642589102,-0.3564928779983,0.3723980814909,0.4727509849652,0.2180778532957,-0.1954094191080,-0.0665970870475,0.2493688153215,0.0193056757690,0.5479998599139,0.1628730788296,0.1728828475737,0.0792572284074,-0.2916992303173,-0.0636782317703,0.0167644480482,-0.1160529358330,-0.0089072930237,0.0120164823492,-0.0050559767388,0.3751322382992,0.6498482352501
