1.0000000000000,0.4422421087707,0.0737867313343,0.4460787108523,0.3964572832536,-0.1880029324102,0.2738005057741,0.5148501864540,0.0139565123889,0.3429219025423,0.4162706581405,0.0591349431916,0.4214174571062,0.0589086855270,0.4431373358151,0.2498350288697,0.5366184215712,0.4214631844425,-0.1135202068773,0.5619540659821,0.7278263011838,0.3188283568771,0.4330331223789,0.3922879644060,0.4127058341873,0.4945885214846,-0.0293108186085,-0.0672692627221,0.3568197246550,0.5264731486118,0.5581819368513,-0.1364860004762,0.0115328668219,0.5749825588695,0.5384650504463,0.8137500290016,0.2198919169786,-0.1187304072215,0.5377769576143,0.4189565584786,-0.0261224176848,0.1408341184102,0.0291001815256,-0.0784074203028,0.3089774094182,0.1934624750242,0.0627623472598,0.3573081424817,-0.0062667659381,0.1705979855327,0.0062710943914,0.4586462886141,0.4352994352462,-0.1359877130181,0.4821063367699,0.6734950114448,0.1262364077781,0.2779375665297,0.3487894874561,0.4164973926001,0.2452837657891,-0.4758698639958,0.0026102240811,0.0086455536467,0.3000671953266,0.2436914065481,-0.0041763559401,0.0798245941317,0.3732337154210,0.4404293664102
0.4422421087707,1.0000000000000,0.2900206787993,0.7153033871871,0.2659428118510,-0.3431369104139,0.0440106967196,0.2834472000441,-0.1315810710845,0.3134702948871,0.1506750322541,0.1903217335342,0.2917523201254,0.1170979417455,0.2044630979077,0.1091933820893,0.6930208247793,0.4894146066563,0.0277612644788,0.3213892770873,0.4677918573466,0.4636747286119,0.7512774542602,0.6869697037154,0.4063681991167,0.4638274134014,0.1855135666085,0.3453933056725,0.3628673858008,0.4042895803205,0.5708562954810,-0.2173200900114,-0.2166612770474,0.3049925215343,0.4955370504833,0.3870210362012,0.7787215983134,0.1769494122321,0.6953244135936,0.2532136944280,-0.1867355350163,-0.1568815070630,-0.0100640246154,-0.3548395145081,0.1585576252733,-0.2336783118087,0.1460725282800,0.2835148969553,0.1073286368993,-0.2499464515935,-0.0725292686923,0.6770127329007,0.5138376683603,-0.0445835458293,0.2267188873557,0.2575994262107,0.3432908399605,0.6876753210112,0.6925199618575,0.3944022743326,0.3008006906826,-0.3180106113978,0.4749865521127,0.1418018293339,0.0395692720454,0.4116670795221,-0.0950958026976,-0.1235096061283,0.1546835544123,0.4165058415702
0.0737867313343,0.2900206787993,1.0000000000000,0.2639357976626,-0.0427739281694,-0.1714010143935,-0.0092228802466,0.2447390146178,0.1992976453211,0.2911944797882,0.1468686908073,0.3257781611765,-0.0349880170951,0.4199087411240,0.3017262124232,0.1364061752139,0.4475917647238,0.4971214584276,0.3928672051905,0.3792439548136,0.0538973024661,0.2869219633094,0.3472912513700,0.5577155341758,0.2512671702429,0.3411638041825,0.5892922550846,0.7916453315905,-0.0639999972705,0.1372781571668,0.3513761791842,-0.1838441982243,-0.0956099556031,-0.0458553379019,0.0141517008884,-0.1891568445750,0.1128749015888,0.6107811784084,0.2833331927648,-0.0245544094270,-0.0526644295875,-0.1170819053278,-0.1383337879412,-0.0662981221567,0.0590313171253,-0.4058337918375,0.1874361812996,0.0131423237021,0.3479704589283,-0.2799793564415,0.0337532707736,0.4063733327477,-0.0203338161353,0.1616226402553,-0.0194672339834,-0.1061450529639,0.0912231302060,0.2183695412671,0.3418854454086,0.1344497057368,0.2117595070961,0.0553410654991,0.6797706747710,-0.2256268042644,-0.3663600668813,-0.0649633604302,-0.1027517379299,-0.0076944581018,-0.0803069221359,-0.1604625099783
0.4460787108523,0.7153033871871,0.2639357976626,1.0000000000000,0.4401352296815,-0.3054685718729,0.1728189065104,0.4115717749367,-0.0211983692877,0.6631947134969,0.2889745662134,0.1438153003854,0.4447258290146,0.2327249329302,0.2629730198717,0.2176198210175,0.5430648543857,0.2682515913550,0.0569599197073,0.2070761831240,0.5436719917198,0.2169196596817,0.7440475919015,0.4279404524114,0.6752242968226,0.4574841693594,0.0278424475948,0.1949773444172,0.3914303101416,0.4230561839379,0.5102975853520,-0.3295375877093,-0.2000378041018,0.3586084336459,0.3179085560705,0.3582106679577,0.5282689257406,0.2244881050966,0.8893228349225,0.4374689661166,-0.1069485901766,0.0109978259763,0.2205962262113,-0.1680761691987,0.5870685859000,-0.0629461740539,0.1955819687320,0.4274754429752,0.2087140756962,-0.0282115964963,0.1238796509246,0.5199075823004,0.3440186451446,0.1006425754525,0.2088963522060,0.3494620550679,0.1059225929862,0.6550514706461,0.4486678314890,0.6931265859737,0.2968209767459,-0.3742914772728,0.4134174329815,0.1452787456747,0.1563184736088,0.3355597378185,-0.1041878027402,-0.0612382565081,0.1453193703085,0.3372429190915
0.3964572832536,0.2659428118510,-0.0427739281694,0.4401352296815,1.0000000000000,-0.1478605378143,0.2695375665109,0.2609216141592,-0.1006192487256,0.4021005674758,0.3982511138933,-0.1336938319344,0.6401882480162,-0.0361370281633,0.0402192203500,0.1826580608478,0.2809491298803,0.1522055110933,-0.2564313002472,0.0984406981754,0.7110909442594,0.0434826325070,0.2982495134681,0.1815891760298,0.4687933989208,0.1358864950915,-0.0483708181471,-0.1665039322061,0.4011811194713,0.1543040872958,0.1647305036278,-0.2655181107343,-0.1607717923198,0.3234988000022,0.2225842127391,0.3750454478722,0.2328728875530,0.0646935050424,0.4597794986574,0.8670759632779,0.0120808320129,0.2633914941772,0.2050274167165,0.0098989836091,0.4055937006904,0.4063661609433,-0.1117435700150,0.6141013587445,-0.1275377850187,0.0848072835443,0.1782693781793,0.2919346715406,0.2787234361977,-0.1253429166791,0.1823335539648,0.6679691012559,0.0828816622243,0.3392436459614,0.2755688294584,0.5385352943517,0.0222285297370,-0.1889543940832,0.0496567894215,0.2764019578882,0.1869640015990,0.1820152110472,-0.0154672326635,-0.1178195670648,0.2344955437785,0.2970892933850
-0.1880029324102,-0.3431369104139,-0.1714010143935,-0.3054685718729,-0.1478605378143,1.0000000000000,0.0946048534125,-0.3081825757446,0.3474962009743,-0.1441019952519,-0.0633997111192,-0.0089563471801,-0.2430291126687,0.0568647685226,-0.1208962302619,-0.0855758616782,-0.2080819627057,-0.1727643061791,0.1155062820453,-0.1813400225677,-0.2492502848302,-0.0654269714662,-0.2730153380581,-0.1588591838965,-0.2519661638357,-0.2288306028402,0.0641964724630,-0.1660987423292,-0.3251430071480,-0.0825317509307,-0.1860825323446,0.1584986141641,0.5493630333591,-0.0227776005394,-0.0132746775061,-0.0779512158263,-0.1997030909644,-0.2257414628534,-0.3218518518349,-0.1645948810989,0.8739764973732,0.4463639087190,-0.1908492926543,0.5295849213471,-0.1734506886005,0.0109241655109,-0.1242066221297,-0.2049590733693,-0.0055326072455,0.0800170241612,0.1580480698767,-0.1914891559234,-0.1658536753323,0.0818437944849,-0.2734180928702,-0.1437059565886,-0.0065902997842,-0.2001247095211,-0.1859119981128,-0.2150778578525,-0.2656263356592,0.1481102615565,-0.3401506180247,-0.2451668975305,0.0543805901439,-0.0666220237123,-0.0165377121894,0.3843348654560,-0.0332722464571,-0.0165534379051
0.2738005057741,0.0440106967196,-0.0092228802466,0.1728189065104,0.2695375665109,0.0946048534125,1.0000000000000,0.0358068286084,0.5500240773722,0.3520400374856,0.6441474288644,0.1618252591187,0.6670687139059,0.1539135847186,0.3824572959501,0.2999847480646,0.1445137625348,0.0585882120412,0.0082614527506,0.0825421750474,0.4739607989532,-0.0975871449722,0.0727766556300,0.0082407052918,0.0822652396601,0.1926960623150,0.0225921208329,-0.1145729517751,-0.1873583648809,0.3294304629235,0.1676083454284,-0.2393757136691,0.1067675898396,0.2531321870313,0.2653258272748,0.1354685960939,-0.0965532500632,-0.2033052183701,0.2838394453815,0.3508877397942,0.2819433485701,0.5927814226970,-0.2532696776789,0.2752124201176,0.3036788536125,0.4187444210833,0.0271585299626,0.6108963121508,0.1605618945611,0.1893597333865,0.2936416153446,0.0585618976805,-0.0827487681981,0.0824159358391,0.0228124210991,0.4264589299042,-0.1741337348927,0.0023301701399,-0.0782275304761,0.1371253060097,0.0623432346470,-0.2655613179059,-0.1211219041916,-0.3621660834008,0.0912483575429,-0.0195376096146,-0.1384700318434,0.2360492885977,0.0331348227312,0.1975232799876
0.5148501864540,0.2834472000441,0.2447390146178,0.4115717749367,0.2609216141592,-0.3081825757446,0.0358068286084,1.0000000000000,0.0240537913069,0.5208484704395,0.2866803423187,0.0627967609114,0.2315338989740,0.2795743626696,0.3090199214375,0.2909276721269,0.3325512870264,0.3937644742584,0.0737356282751,0.5258084902239,0.4847126833963,0.0928810519276,0.3878768127303,0.1907217127319,0.6584052069991,0.3858337203328,0.1221349860490,0.1696113569000,0.5584988022622,0.0485778977080,0.5248934457529,-0.1259554579764,-0.0846416027756,0.1914509301926,0.0279569981944,0.2630988401979,-0.0354161695375,0.0064342016771,0.4555241918231,0.3228909999753,-0.1814681000112,-0.0210717102513,0.4999517610853,-0.0808657563957,0.4526085952442,0.1316058509104,0.1521854510870,0.1663412753890,0.1946748405079,0.1421715114389,0.1540982482047,0.2757913798446,0.0797548668932,-0.0728825446860,0.3425308692097,0.4296519568874,0.0197132375856,0.1331248810243,0.1107633424126,0.4808549053448,0.1694416436342,-0.2931037066060,0.1589801993070,0.2214532862927,-0.1434684603749,0.1036946443063,0.0684607973376,0.0048424752660,0.1700586766364,-0.0871235679494
0.0139565123889,-0.1315810710845,0.1992976453211,-0.0211983692877,-0.1006192487256,0.3474962009743,0.5500240773722,0.0240537913069,1.0000000000000,0.2013758672800,0.5182772391217,0.3442531514061,0.1451632235677,0.3985530705247,0.4617791284838,0.3605391572954,0.0905899756773,0.0252056456009,0.3315813991626,0.1141526800964,0.0191552700188,-0.1301596925338,0.0176270746065,-0.0120710363998,-0.0295615293938,0.0937091846383,0.3197745879348,0.1551145913207,-0.3184582520348,0.1124692616408,0.0813274511612,-0.0442802199098,0.2019511243543,-0.0915413052575,-0.0615523022196,-0.0909326823205,-0.3036901954952,-0.0826243742455,0.0236986735154,-0.0814866193112,0.4878276240722,0.5786082397511,-0.2406329053627,0.6890063516912,0.0823076805309,0.2492356872858,0.0475372971329,0.1659223751957,0.3254856955404,0.2452191229107,0.3603011884236,0.0406393558622,-0.2536141718329,0.1283804944600,-0.1133727562039,-0.0510119247158,-0.2372346169888,-0.0756717433725,-0.1437562933459,-0.0621929776612,-0.0756804871725,-0.0598312850171,-0.0270553322969,-0.4737555721212,-0.1529969627480,-0.1313182447827,-0.0199774940824,0.3776008882663,-0.0947442696932,-0.1963435607432
0.3429219025423,0.3134702948871,0.2911944797882,0.6631947134969,0.4021005674758,-0.1441019952519,0.3520400374856,0.5208484704395,0.2013758672800,1.0000000000000,0.3338543605136,0.0980894170034,0.5117541268558,0.4645653668103,0.4422851440584,0.4184802344150,0.3437158601800,0.1742336727742,0.1286829886825,0.2579930369016,0.5249573286354,-0.0691035544472,0.4995708452346,0.1406547480217,0.6795536113748,0.5644359159383,0.0386073377234,0.2698091666454,0.1345930887616,0.2610005599818,0.2839630170808,-0.1543235235799,-0.1043097538649,0.1636172079055,0.0601707247345,0.1391987883332,0.0156615736637,0.0498294055811,0.6637554747838,0.4325537633912,0.0570564607918,0.2423154132994,0.1920497448031,0.0038018820809,0.8054655081490,0.0415491057253,0.1613981605391,0.4966742154633,0.2967357263680,0.1802341846258,0.3591307562404,0.3009030161586,-0.0508518207293,0.0837324129488,0.0738782894119,0.3851192107352,-0.0882442807486,0.2879423528424,0.0975171997927,0.5599207151216,0.3254907453083,-0.4385038213235,0.2669325380471,-0.1555092038684,-0.0068381042082,0.0184944446833,0.0092390317586,0.0642272987160,0.0454255582450,0.0285968411541
0.4162706581405,0.1506750322541,0.1468686908073,0.2889745662134,0.3982511138933,-0.0633997111192,0.6441474288644,0.2866803423187,0.5182772391217,0.3338543605136,1.0000000000000,0.2720312470387,0.6614950333488,0.2246537191305,0.5247030459189,0.3200922385830,0.3019139220591,0.1913824593554,0.0983921528616,0.2229693842604,0.5957147566652,0.0155310132353,0.2075349161281,0.1604832449665,0.2187720401255,0.3137893467606,0.1771844485534,0.0186609729835,-0.0062947338409,0.4493750602432,0.3593568958334,-0.3947852907362,-0.0238031343246,0.3887852341926,0.3574276192006,0.2589885972877,-0.0210906872257,-0.0968717930412,0.3837305190321,0.5008621905679,0.1693967374340,0.4257971146897,-0.1902098254559,0.3131233200654,0.2870152392675,0.6492729671715,0.0520849390874,0.6450338733663,0.2914670477624,0.2700199442957,0.2213923863083,0.1825203676450,-0.0208050037410,0.1040806040480,0.1843626437477,0.5448847100260,-0.1867600870661,0.1343531271527,0.0189090989568,0.2508648938554,0.2225831422217,-0.2374947334512,0.0402320141766,-0.2799556990477,0.1197383625892,-0.0273741943359,-0.2213071582828,0.1263503503447,0.1916033397144,0.2585894324734
0.0591349431916,0.1903217335342,0.3257781611765,0.1438153003854,-0.1336938319344,-0.0089563471801,0.1618252591187,0.0627967609114,0.3442531514061,0.0980894170034,0.2720312470387,1.0000000000000,0.1196855582957,0.6420077151096,0.3294696567259,0.1454906781572,0.1560069968615,0.2985332569170,0.6646953853362,0.2464884117429,0.0906477091956,0.1378989416179,0.0696615559874,0.2094125080816,-0.0634594168851,0.2524930655328,0.3641274778624,0.3795205802703,-0.0679958585491,0.3537519666147,0.2174884266275,-0.3574456970062,0.1387362823814,0.0515848871365,0.1470082365274,-0.0335188286713,0.0257840089395,0.0733855925729,0.1572472304764,-0.0609950436649,0.0675612656660,0.1024422203112,-0.2057628141319,0.1020516951526,-0.0639582528254,-0.1078434414599,0.7204511001867,0.1727579394558,0.7077434276052,-0.0554528761110,0.1442506152723,0.0988522879761,-0.0828321763729,0.5798666498958,0.0602201533006,-0.0255096426257,0.0496628451236,-0.0024546292269,0.0913615935730,-0.1316141057322,0.1681278933704,-0.0463799181725,0.2916536505179,-0.2274946403813,-0.0273005807780,-0.0473336232493,-0.3407139872465,0.2847825455548,-0.0142459044588,0.0134512942401
0.4214174571062,0.2917523201254,-0.0349880170951,0.4447258290146,0.6401882480162,-0.2430291126687,0.6670687139059,0.2315338989740,0.1451632235677,0.5117541268558,0.6614950333488,0.1196855582957,1.0000000000000,0.0601832102877,0.3601678507761,0.3723933144925,0.2603934741020,0.1498471666194,-0.1245481400986,0.1626441540270,0.7977065930853,-0.0369355042216,0.2777253263799,0.1059506499701,0.3412899306084,0.2859566842158,-0.1082494273644,-0.1350069677208,0.1658679918225,0.4640370392199,0.2766977843662,-0.2797797298888,-0.1679052877304,0.3725379815791,0.3837281009349,0.3062332692296,0.1380459410210,-0.1398781874849,0.5339082504455,0.7180896986025,-0.0254354543495,0.4061198387226,-0.0640009263758,-0.0191474110061,0.4599342830122,0.4969945750519,0.0898444491619,0.9503193029754,0.0830148624545,0.1559912139673,0.3031964047898,0.2117002045732,0.1144864004433,-0.0184743003611,0.1866390998019,0.7068777916766,-0.0771599000642,0.2206424557920,0.0925434592624,0.3776607286648,0.1593330467115,-0.3971182255820,0.0196010703294,-0.0587433797985,0.2111751663727,0.0836906270730,-0.0932348549850,-0.0114410099471,0.1679056994696,0.3885164852845
0.0589086855270,0.1170979417455,0.4199087411240,0.2327249329302,-0.0361370281633,0.0568647685226,0.1539135847186,0.2795743626696,0.3985530705247,0.4645653668103,0.2246537191305,0.6420077151096,0.0601832102877,1.0000000000000,0.4101522961854,0.2384206073437,0.2078147724280,0.2356648071098,0.5937827136921,0.1557347317439,0.0809564436606,0.0424730450931,0.1948908656746,0.1761572551849,0.1699757902108,0.4296962222710,0.3165053809917,0.5398312497052,-0.0779691041912,0.1937566234368,0.1469661408749,-0.2331188294301,0.1078930372876,-0.0131309884062,-0.1218655970431,-0.0708156015813,-0.0997637083962,0.0689630355127,0.2599897159938,-0.0873682283171,0.2035631899998,0.1969482825323,-0.0421333392653,0.2130232643438,0.2181954117261,-0.1123553654346,0.5564093663600,0.0767609896247,0.7990743158142,0.1004722178406,0.2806148465578,0.1921860573271,-0.2407765213684,0.4794007551836,-0.1290532187185,-0.0851400771467,0.0864520532760,0.0482902876399,0.1055714023696,-0.0097427883526,0.1956740652555,-0.2088344440311,0.3360161287825,-0.3035341382378,-0.0692793753874,-0.0364602891304,-0.1482502500081,0.3227214946740,0.0816307850498,-0.2158216396841
0.4431373358151,0.2044630979077,0.3017262124232,0.2629730198717,0.0402192203500,-0.1208962302619,0.3824572959501,0.3090199214375,0.4617791284838,0.4422851440584,0.5247030459189,0.3294696567259,0.3601678507761,0.4101522961854,1.0000000000000,0.3445318492851,0.3504541407211,0.2501817858159,0.2463565761055,0.4339401717167,0.3492451529472,0.0759124389792,0.3019202209256,0.2124618718177,0.0921659297510,0.5820822384667,0.2108938040822,0.3419338305925,-0.1737209974751,0.5244904386045,0.2418549871337,-0.1003589228807,0.0774460861741,0.1713029449276,0.1792061595834,0.2312796007370,-0.0659255584063,-0.0762493359634,0.3265021866979,0.0872374865039,0.0480510867539,0.1720533601659,-0.2291110398939,0.0788960403596,0.1860047959722,0.1401050001239,0.1925550655814,0.3593426186213,0.3031655978243,0.4448872592161,0.1175118794919,0.2563038163802,-0.1097471403300,0.0469549661949,0.1452569377017,0.2355295325763,-0.0512619092797,0.0923539449094,0.0818611589077,-0.0121939174774,0.3502790775577,-0.3579552083203,0.1924510390480,-0.4506809428636,0.0599549139528,-0.1394717239688,-0.0707279810508,0.2500734459725,0.0810887821635,0.0205840974738
0.2498350288697,0.1091933820893,0.1364061752139,0.2176198210175,0.1826580608478,-0.0855758616782,0.2999847480646,0.2909276721269,0.3605391572954,0.4184802344150,0.3200922385830,0.1454906781572,0.3723933144925,0.2384206073437,0.3445318492851,1.0000000000000,0.2192265937223,-0.0099451368996,0.1467522483080,0.1016857411577,0.3212338960238,-0.0367288624920,0.3025858635069,0.0503089227411,0.3458887585514,0.2546521621670,-0.0409688164132,0.0752160115441,0.0617561603535,0.2064028423801,0.1610036893435,-0.0375689583946,-0.0481341303054,0.0947289885557,0.0622368601570,0.1231701855148,-0.1080310927782,-0.0223167825083,0.2940298145944,0.2237593128286,0.0629124726045,0.3770121185614,0.0162429052459,0.1643094123407,0.4090448949924,0.1955826106638,0.0793820995401,0.3501009805584,0.1860980441458,0.1735278907232,0.6697286616202,0.2085523080296,-0.1042925661236,-0.0514575376573,0.0230411177878,0.2421254719956,-0.1272274016952,0.1402562855751,0.0196179554682,0.2718514350383,0.1278033818793,-0.3605047451937,0.1070152974546,-0.1450585505418,-0.0284682138322,-0.0488441621238,0.0173008098452,0.1471416972034,0.0813902493415,-0.0020680580009
0.5366184215712,0.6930208247793,0.4475917647238,0.5430648543857,0.2809491298803,-0.2080819627057,0.1445137625348,0.3325512870264,0.0905899756773,0.3437158601800,0.3019139220591,0.1560069968615,0.2603934741020,0.2078147724280,0.3504541407211,0.2192265937223,1.0000000000000,0.5280282551990,0.0743844047332,0.4322587689172,0.4631115195154,0.6023367488351,0.7112711332978,0.8061702684401,0.4302456456179,0.5192469635415,0.3057899155188,0.3330190937026,0.2686102386778,0.3902328825239,0.6154013964658,-0.1525675579958,-0.1551756163032,0.3143838161540,0.4817890455707,0.3739875090746,0.4966534164096,0.2121436524361,0.5948290694905,0.2565281733774,-0.0306459912902,-0.0398897560671,-0.0680799950100,-0.1763419259610,0.1663718918684,-0.1902717887132,0.0556829689567,0.2360049577269,0.1493091789630,-0.1190055448016,-0.0243230670745,0.9263358705770,0.4017312289583,-0.0357446345540,0.2541023991491,0.2436180735855,0.3626006324368,0.6067183435028,0.7576948287157,0.4166368761475,0.3062853460249,-0.2975222901604,0.4274801135433,-0.0267640688767,-0.0156877406623,0.3327730923835,-0.0124340168358,-0.0435487802485,0.1362605087191,0.3261641609370
0.4214631844425,0.4894146066563,0.4971214584276,0.2682515913550,0.1522055110933,-0.1727643061791,0.0585882120412,0.3937644742584,0.0252056456009,0.1742336727742,0.1913824593554,0.2985332569170,0.1498471666194,0.2356648071098,0.2501817858159,-0.0099451368996,0.5280282551990,1.0000000000000,0.2344028996612,0.7746027787501,0.3462064833988,0.4385740266413,0.3424121383932,0.7027508915610,0.2803803360935,0.2757892767770,0.5294819558970,0.3718976361006,0.2068941981881,0.2284245257417,0.5567867607288,0.0471497582752,-0.0936102487027,0.1856140325779,0.3919968464796,0.2182747566321,0.2344816169549,0.0911947156195,0.2876227291410,0.1340561914015,-0.0503538380474,-0.1067701140060,-0.0931294709619,-0.1507357161739,-0.0320609599517,-0.1865803639900,0.1730704760765,0.1388026144409,0.1552480964847,-0.2301128448886,-0.1370983721642,0.4832630365156,0.4408334290378,-0.0122739886409,0.4363829806042,0.2212939258251,0.3234943030311,0.2140871137790,0.5133930890830,0.1530674904406,0.0402254378506,-0.0191688267589,0.2453924573505,-0.0543304134417,-0.1427783225062,0.1971221132893,0.1494050508097,-0.0665343277897,0.0688248440555,0.1335813831644
-0.1135202068773,0.0277612644788,0.3928672051905,0.0569599197073,-0.2564313002472,0.1155062820453,0.0082614527506,0.0737356282751,0.3315813991626,0.1286829886825,0.0983921528616,0.6646953853362,-0.1245481400986,0.5937827136921,0.2463565761055,0.1467522483080,0.0743844047332,0.2344028996612,1.0000000000000,0.2158135796353,-0.1360047051465,0.0942225542967,0.0328212496403,0.1718928142960,-0.0708798833320,0.2145946307111,0.3444095217408,0.4682904682600,-0.1755057828740,0.1867191463241,0.1611572909443,-0.2285272510537,0.1234479957240,-0.0647148728872,0.0373986297406,-0.2462075215583,-0.0944878267770,0.0394179958021,0.0235403269310,-0.2167060830737,0.0927830256156,-0.0398395141627,-0.2503417053838,0.0621801440144,-0.0987468248298,-0.1689923948199,0.3553231456201,-0.0622278413578,0.5502707139439,-0.1811714681666,0.1511103037394,0.0050610135024,-0.2611730679860,0.6256620097529,-0.1305068254345,-0.2214014970284,0.0534080732796,-0.0941307607652,0.0128915788999,-0.2303324363080,0.1117511009129,-0.0239124377325,0.1852467698425,-0.3433751936000,-0.0750502038932,-0.0919361251299,-0.1893941362785,0.1991341320760,-0.0708753228845,-0.1339702064010
0.5619540659821,0.3213892770873,0.3792439548136,0.2070761831240,0.0984406981754,-0.1813400225677,0.0825421750474,0.5258084902239,0.1141526800964,0.2579930369016,0.2229693842604,0.2464884117429,0.1626441540270,0.1557347317439,0.4339401717167,0.1016857411577,0.4322587689172,0.7746027787501,0.2158135796353,1.0000000000000,0.4313113847898,0.3033626658596,0.2764661461768,0.4712035425798,0.2654395532718,0.3964331138800,0.4403210058767,0.2661553421833,0.2131417562756,0.2057364768332,0.4581920057116,0.1593192275070,-0.0878665403751,0.1518451960307,0.3013189259557,0.2752653325440,-0.0082125019784,0.0022463550060,0.2231500876602,0.1351764524511,-0.0853705332733,-0.0971651170730,-0.0332504832521,-0.1128578284596,0.0840308085976,-0.0904509535562,0.1134342629496,0.1320470529364,0.0574003740467,-0.0695328065292,-0.1051205462134,0.3677470094344,0.2441652679444,-0.1324502708175,0.5358539684105,0.3680453224432,0.0969545510837,0.0840189840840,0.2652772565729,0.1259783214814,0.1295376028445,-0.1139606502718,0.1123896277505,-0.0934793822485,-0.1617406129304,-0.0423700847685,0.2719536903844,-0.0243121580650,0.0788614757361,0.0195731647467
0.7278263011838,0.4677918573466,0.0538973024661,0.5436719917198,0.7110909442594,-0.2492502848302,0.4739607989532,0.4847126833963,0.0191552700188,0.5249573286354,0.5957147566652,0.0906477091956,0.7977065930853,0.0809564436606,0.3492451529472,0.3212338960238,0.4631115195154,0.3462064833988,-0.1360047051465,0.4313113847898,1.0000000000000,0.1637271684879,0.4238291033270,0.3099536380816,0.5067515535252,0.4423699242661,-0.0249187868033,-0.0755117731786,0.4209539191246,0.4540993091281,0.4926090134811,-0.2662047872774,-0.1080638477663,0.5112568482196,0.5116165077968,0.5318033303669,0.2484367552990,-0.1030958188534,0.6238114589065,0.7746510419903,-0.0322508369149,0.2607662334488,0.0384212960901,-0.1065270852401,0.4844529015545,0.3629941990180,0.0798270276851,0.7499932626765,0.0338730564161,0.0745378197689,0.1958712190260,0.3967206050356,0.2997233540650,-0.0854918977844,0.3651678398511,0.9096628425080,0.0086092876416,0.3108706167421,0.2710866894592,0.5241755987518,0.2581789687262,-0.4368410786049,0.0635604003193,0.0875723971764,0.1592729988526,0.1741484808228,-0.0438314821898,0.0180419605951,0.2573608923334,0.4465418592469
0.3188283568771,0.4636747286119,0.2869219633094,0.2169196596817,0.0434826325070,-0.0654269714662,-0.0975871449722,0.0928810519276,-0.1301596925338,-0.0691035544472,0.0155310132353,0.1378989416179,-0.0369355042216,0.0424730450931,0.0759124389792,-0.0367288624920,0.6023367488351,0.4385740266413,0.0942225542967,0.3033626658596,0.1637271684879,1.0000000000000,0.3491581120397,0.7801229101458,0.1075721703023,0.1897927345793,0.3292453861333,0.2177866397447,0.3423740306782,0.3991340208263,0.5869530155196,-0.0576267035245,-0.0436976279946,0.3794085433260,0.5090543694126,0.2720311228208,0.4484870771410,0.1465469377656,0.2145475770102,0.0614270811963,-0.0351125610700,-0.2305374227207,-0.1785158689374,-0.2843308684366,-0.2379049801171,-0.3140227888841,0.0045391528692,-0.0021137968446,0.0255294939155,-0.3989769285482,-0.2261733847598,0.5679957177154,0.3654407737138,-0.0104518029375,0.0963414002584,0.0816881163750,0.7512458552083,0.3329558660432,0.7447533366400,0.0620551801750,0.0374119800389,-0.0309966607499,0.2220828886069,0.2362361789819,0.1140580509755,0.4502502716240,-0.0382035789106,-0.1298919849486,0.2225614820301,0.3669728371121
0.4330331223789,0.7512774542602,0.3472912513700,0.7440475919015,0.2982495134681,-0.2730153380581,0.0727766556300,0.3878768127303,0.0176270746065,0.4995708452346,0.2075349161281,0.0696615559874,0.2777253263799,0.1948908656746,0.3019202209256,0.3025858635069,0.7112711332978,0.3424121383932,0.0328212496403,0.2764661461768,0.4238291033270,0.3491581120397,1.0000000000000,0.5355404753758,0.5642023484003,0.4627519635933,0.1252697560721,0.3397590093137,0.2873417861859,0.2914528156668,0.5392066690425,-0.1439925924902,-0.2254998275271,0.2418714287887,0.2735303536133,0.3437735451449,0.5622802116296,0.2135403389647,0.7166930137231,0.2844660206360,-0.1176467659714,-0.0561122330371,0.1239324246938,-0.1998705811132,0.3576525346915,-0.1462513392422,0.0532402655406,0.2774951145615,0.1569058386540,-0.0406102304357,0.0642109131947,0.7105714824066,0.3239091582460,-0.0759745896273,0.2451346749536,0.2426760916486,0.1901723789651,0.8538309447261,0.5383468483256,0.5498855979420,0.2753881464270,-0.3830281538318,0.4707273488230,0.0455216197770,0.0118261503682,0.2910698578434,-0.0316066116985,-0.0977307905422,0.1824570571892,0.1993241062217
0.3922879644060,0.6869697037154,0.5577155341758,0.4279404524114,0.1815891760298,-0.1588591838965,0.0082407052918,0.1907217127319,-0.0120710363998,0.1406547480217,0.1604832449665,0.2094125080816,0.1059506499701,0.1761572551849,0.2124618718177,0.0503089227411,0.8061702684401,0.7027508915610,0.1718928142960,0.4712035425798,0.3099536380816,0.7801229101458,0.5355404753758,1.0000000000000,0.2783117564496,0.3309766581462,0.4997845379818,0.4028974091047,0.2616866128614,0.3972590979045,0.6414397833326,-0.1235983176505,-0.1283839356183,0.3010755545297,0.5456033953739,0.2542841954513,0.5690069912080,0.2890028778165,0.4400673645603,0.1560819688776,-0.0147298800099,-0.1585856208716,-0.1971732219905,-0.2396984186403,-0.0836216054659,-0.3707563607215,0.0525585941242,0.1328742952716,0.1348658107377,-0.3974547888797,-0.1225409010115,0.7792947023029,0.5199498702482,0.0121922374547,0.1939559184794,0.1044279517821,0.5681242558436,0.5024604966432,0.8854290366834,0.2234766098704,0.1307156714071,-0.0606287219862,0.4287286279820,0.0349142958570,-0.0448988299770,0.4116732848751,-0.0031732071412,-0.1066003495520,0.1266647949216,0.3541576901075
0.4127058341873,0.4063681991167,0.2512671702429,0.6752242968226,0.4687933989208,-0.2519661638357,0.0822652396601,0.6584052069991,-0.0295615293938,0.6795536113748,0.2187720401255,-0.0634594168851,0.3412899306084,0.1699757902108,0.0921659297510,0.3458887585514,0.4302456456179,0.2803803360935,-0.0708798833320,0.2654395532718,0.5067515535252,0.1075721703023,0.5642023484003,0.2783117564496,1.0000000000000,0.2714964443924,0.1087832270114,0.0672346286010,0.6171421532842,0.0801874925940,0.5069786149201,-0.1509563840731,-0.2299580142958,0.1719725054075,0.0754057780664,0.2507246649475,0.1840586133913,0.1178335533540,0.6324563355986,0.5134533053335,-0.1158544868932,0.0421799710046,0.4021037814716,-0.1132751516820,0.6694019642144,0.0074437301007,-0.0062971002547,0.3061805449496,0.0616374403065,-0.0303585798827,0.2501533452005,0.4100887553807,0.2114157976152,-0.1149193603520,0.1836988133696,0.4024549741133,-0.0244947008034,0.4073896912851,0.2468977511606,0.8848814791060,0.0736669980711,-0.2519204087236,0.2093414063634,0.3365296035052,-0.0824188138151,0.2990772135273,0.0091383540723,-0.1537610482789,0.0689961868418,0.0430543102756
0.4945885214846,0.4638274134014,0.3411638041825,0.4574841693594,0.1358864950915,-0.2288306028402,0.1926960623150,0.3858337203328,0.0937091846383,0.5644359159383,0.3137893467606,0.2524930655328,0.2859566842158,0.4296962222710,0.5820822384667,0.2546521621670,0.5192469635415,0.2757892767770,0.2145946307111,0.3964331138800,0.4423699242661,0.1897927345793,0.4627519635933,0.3309766581462,0.2714964443924,1.0000000000000,0.1512017837035,0.4808139994028,0.0061463419890,0.3896402540215,0.3614889277820,-0.1407908314914,-0.0449756459578,0.2964796717408,0.3553473081820,0.2254688087446,0.2036239966944,-0.0488281262862,0.5567580506978,0.1487100902409,-0.1113488012017,-0.0474424739387,-0.1954506559462,-0.2667678922421,0.3259298009902,-0.0636549729542,0.2176100810467,0.2513955954398,0.3008414655837,0.1091840456102,-0.0474791193008,0.3896280482229,-0.0362661470287,0.0086590007487,0.1176790900978,0.3202147078443,-0.0370443369008,0.2443805949347,0.2204642355455,0.1596963052553,0.7781166767348,-0.4820373470770,0.3704725703543,-0.3573895329857,-0.0471290269085,-0.1290634629394,-0.1699180010504,0.0839180757814,0.1329595703937,0.2153767065950
-0.0293108186085,0.1855135666085,0.5892922550846,0.0278424475948,-0.0483708181471,0.0641964724630,0.0225921208329,0.1221349860490,0.3197745879348,0.0386073377234,0.1771844485534,0.3641274778624,-0.1082494273644,0.3165053809917,0.2108938040822,-0.0409688164132,0.3057899155188,0.5294819558970,0.3444095217408,0.4403210058767,-0.0249187868033,0.3292453861333,0.1252697560721,0.4997845379818,0.1087832270114,0.1512017837035,1.0000000000000,0.5288481095655,-0.0080555452203,0.0468344304738,0.3592725159332,0.0287435103816,-0.0272861370953,-0.1159350476591,0.0517057812147,-0.2177190790047,0.0737275890234,0.3189233163756,0.0024817675730,-0.0621688095936,0.1417564564260,-0.0442089786569,-0.1537687168371,0.1022666977814,-0.1579824133181,-0.3116834815091,0.0429281022553,-0.0509592780026,0.2365893454210,-0.2693214948432,-0.1099235901886,0.2357679707686,0.0380774831194,0.0693624072050,0.0758386702942,-0.1143418327606,0.1158621274337,0.1253291296167,0.2859846322386,-0.0131027579186,0.0387136309332,0.4712613102050,0.4189268439058,-0.1575996773334,-0.3877069156898,-0.0259425489065,0.0679734818465,-0.0377520877303,-0.1927464294267,-0.1999547854230
-0.0672692627221,0.3453933056725,0.7916453315905,0.1949773444172,-0.1665039322061,-0.1660987423292,-0.1145729517751,0.1696113569000,0.1551145913207,0.2698091666454,0.0186609729835,0.3795205802703,-0.1350069677208,0.5398312497052,0.3419338305925,0.0752160115441,0.3330190937026,0.3718976361006,0.4682904682600,0.2661553421833,-0.0755117731786,0.2177866397447,0.3397590093137,0.4028974091047,0.0672346286010,0.4808139994028,0.5288481095655,1.0000000000000,-0.1534581037263,0.0342758500665,0.1863214742496,-0.1097081144897,-0.1175595274085,-0.1504329493039,-0.1229897987023,-0.2679348611112,0.1303316466931,0.3885621926318,0.2022674982064,-0.1871177185729,-0.1024335592545,-0.1772642194391,-0.2223373567645,-0.1524800916944,-0.0606371011539,-0.4177984779776,0.2274139311887,-0.0770538877861,0.4304747384855,-0.2240080704127,-0.0433938353611,0.3009697662591,-0.1877620939374,0.1475489995255,-0.1393499579352,-0.2165899465991,0.1204081718801,0.1821499508765,0.2575610969966,-0.1168855096950,0.3318467657329,-0.0334772194333,0.7058693977117,-0.2867349050445,-0.4019288767375,-0.1712306854778,-0.1583589626104,-0.0249669872018,-0.0791881545629,-0.3025087226940
0.3568197246550,0.3628673858008,-0.0639999972705,0.3914303101416,0.4011811194713,-0.3251430071480,-0.1873583648809,0.5584988022622,-0.3184582520348,0.1345930887616,-0.0062947338409,-0.0679958585491,0.1658679918225,-0.0779691041912,-0.1737209974751,0.0617561603535,0.2686102386778,0.2068941981881,-0.1755057828740,0.2131417562756,0.4209539191246,0.3423740306782,0.2873417861859,0.2616866128614,0.6171421532842,0.0061463419890,-0.0080555452203,-0.1534581037263,1.0000000000000,0.0244791685492,0.4670092916563,-0.0945926774622,-0.1698653006759,0.1940029546223,0.1141812386936,0.3302311350213,0.3039973546600,-0.0272211654867,0.3320472646394,0.4250697485480,-0.2905551845215,-0.1419231140261,0.4412331855685,-0.2497442290825,0.1830042157510,0.0359007838894,0.0023919549762,0.1429154723884,-0.1641272776716,-0.2065274747038,0.0396267708334,0.2892987590949,0.3171593964303,-0.1724331534579,0.1822267908469,0.3907172002481,0.2328048123972,0.2427896691123,0.3179239548865,0.5188628229811,-0.1373260285493,-0.1378015372990,-0.0075431991183,0.8118714101746,0.0270897915462,0.4896515079253,0.0332260134048,-0.2133059342425,0.1449770566357,0.1287904528024
0.5264731486118,0.4042895803205,0.1372781571668,0.4230561839379,0.1543040872958,-0.0825317509307,0.3294304629235,0.0485778977080,0.1124692616408,0.2610005599818,0.4493750602432,0.3537519666147,0.4640370392199,0.1937566234368,0.5244904386045,0.2064028423801,0.3902328825239,0.2284245257417,0.1867191463241,0.2057364768332,0.4540993091281,0.3991340208263,0.2914528156668,0.3972590979045,0.0801874925940,0.3896402540215,0.0468344304738,0.0342758500665,0.0244791685492,1.0000000000000,0.4983315995498,-0.2884053522936,0.1380623277806,0.6363190556226,0.6782021604619,0.4705925873735,0.3274481406607,-0.0105921394873,0.4725872413433,0.2271603394400,0.0693849126656,0.1305344755351,-0.2922422105888,-0.1025504451996,0.1124703560140,0.0427423206375,0.2180170133457,0.4780498926441,0.2403799652022,0.0139760254647,0.0921241074384,0.3011334913682,0.2487281938159,0.2153238986889,0.1410421506100,0.3284615766446,0.2452384786572,0.2367890545940,0.3490144682794,0.0985454862849,0.2786809698660,-0.3438412941156,0.1190566052191,-0.1991821258092,0.5732575920978,0.3251870230265,-0.2314610810561,0.1685579735490,0.3200788427989,0.6407318137019
0.5581819368513,0.5708562954810,0.3513761791842,0.5102975853520,0.1647305036278,-0.1860825323446,0.1676083454284,0.5248934457529,0.0813274511612,0.2839630170808,0.3593568958334,0.2174884266275,0.2766977843662,0.1469661408749,0.2418549871337,0.1610036893435,0.6154013964658,0.5567867607288,0.1611572909443,0.4581920057116,0.4926090134811,0.5869530155196,0.5392066690425,0.6414397833326,0.5069786149201,0.3614889277820,0.3592725159332,0.1863214742496,0.4670092916563,0.4983315995498,1.0000000000000,-0.2010548771892,-0.0511283083157,0.4682252485537,0.5777710158085,0.3782564699868,0.3587370947844,0.0709668929610,0.5359466557286,0.2559370668355,-0.0368643273992,-0.0321301546496,0.0177504922560,-0.1538206633539,0.1329338526562,-0.0905146747573,0.0948845934012,0.2621138391560,0.1494985515866,-0.2343639323448,-0.0526614964808,0.5112516727535,0.4183050554025,0.0621898209048,0.3222308647922,0.3635677330880,0.3069562947469,0.3859604529837,0.5205797280299,0.4069723479530,0.1331713862990,-0.2198603935907,0.2228285813403,0.1326730031225,0.0854981747701,0.5668328781826,-0.0976406502679,-0.0189209697138,0.1693728407809,0.4145390993303
-0.1364860004762,-0.2173200900114,-0.1838441982243,-0.3295375877093,-0.2655181107343,0.1584986141641,-0.2393757136691,-0.1259554579764,-0.0442802199098,-0.1543235235799,-0.3947852907362,-0.3574456970062,-0.2797797298888,-0.2331188294301,-0.1003589228807,-0.0375689583946,-0.1525675579958,0.0471497582752,-0.2285272510537,0.1593192275070,-0.2662047872774,-0.0576267035245,-0.1439925924902,-0.1235983176505,-0.1509563840731,-0.1407908314914,0.0287435103816,-0.1097081144897,-0.0945926774622,-0.2884053522936,-0.2010548771892,1.0000000000000,-0.0296925880607,-0.2776468294011,-0.1930848934877,-0.1078182776862,-0.1368139387592,-0.1972396300583,-0.4037412954273,-0.2608243758099,0.0422018988692,-0.0739558429063,-0.0308891920139,0.0015141610063,-0.1520909490017,-0.1831901230072,-0.2884000419785,-0.2663750499172,-0.3675873361403,0.0010684668458,-0.0833610746333,-0.1212797133729,0.0228766224203,-0.4727225155410,0.1057149760331,-0.1621422912710,-0.0330173677004,-0.1164015216760,-0.1125432091068,-0.1787832924992,-0.0818780978940,0.2558598629986,-0.2333221379477,0.0200083850841,-0.1845326552350,-0.1228430308103,0.7191239502312,-0.1347217986475,-0.2433232519051,-0.2695431230578
0.0115328668219,-0.2166612770474,-0.0956099556031,-0.2000378041018,-0.1607717923198,0.5493630333591,0.1067675898396,-0.0846416027756,0.2019511243543,-0.1043097538649,-0.0238031343246,0.1387362823814,-0.1679052877304,0.1078930372876,0.0774460861741,-0.0481341303054,-0.1551756163032,-0.0936102487027,0.1234479957240,-0.0878665403751,-0.1080638477663,-0.0436976279946,-0.2254998275271,-0.1283839356183,-0.2299580142958,-0.0449756459578,-0.0272861370953,-0.1175595274085,-0.1698653006759,0.1380623277806,-0.0511283083157,-0.0296925880607,1.0000000000000,0.0736148431244,0.0696000283953,0.0186203669352,-0.1567936477820,-0.1662265318924,-0.1624354581782,-0.1558344104226,0.5046834676482,0.3545380874018,-0.0718191323860,0.3308543010472,-0.1253458648138,0.0058629857831,0.1154261982717,-0.1650854256937,0.1313804796383,0.1533886633898,0.0663565433618,-0.1889230942400,-0.1045380807594,0.1211005258260,-0.1561059893113,-0.0396803181174,-0.0022857440718,-0.2182304321719,-0.1533672387823,-0.2153872019719,-0.0635578817107,-0.0660650536346,-0.2122947264705,-0.1933804680745,0.1666929986875,-0.0325545740031,-0.1955744612797,0.7426431650521,0.0370023504905,0.0824115521385
0.5749825588695,0.3049925215343,-0.0458553379019,0.3586084336459,0.3234988000022,-0.0227776005394,0.2531321870313,0.1914509301926,-0.0915413052575,0.1636172079055,0.3887852341926,0.0515848871365,0.3725379815791,-0.0131309884062,0.1713029449276,0.0947289885557,0.3143838161540,0.1856140325779,-0.0647148728872,0.1518451960307,0.5112568482196,0.3794085433260,0.2418714287887,0.3010755545297,0.1719725054075,0.2964796717408,-0.1159350476591,-0.1504329493039,0.1940029546223,0.6363190556226,0.4682252485537,-0.2776468294011,0.0736148431244,1.0000000000000,0.6938680221950,0.5235982609983,0.3230616125973,-0.1158423751019,0.4454279963632,0.3343132783433,0.0620872840494,0.1363204591825,-0.1212089621639,-0.0974045485298,0.1172543367186,0.2547041952863,0.0043808147065,0.3305466957185,0.0317315481175,0.0000792974383,-0.0218904258162,0.2206241845108,0.2976767511712,0.0120572815509,0.2038608916344,0.5147981161044,0.2324990934878,0.2015967596679,0.2945227404997,0.2041871541721,0.2347995935110,-0.3233633062492,-0.0630508454393,-0.0191562906595,0.5344052805206,0.3183586603288,-0.1796301165328,0.0395676470064,0.6259830255478,0.6555215528390
0.5384650504463,0.4955370504833,0.0141517008884,0.3179085560705,0.2225842127391,-0.0132746775061,0.2653258272748,0.0279569981944,-0.0615523022196,0.0601707247345,0.3574276192006,0.1470082365274,0.3837281009349,-0.1218655970431,0.1792061595834,0.0622368601570,0.4817890455707,0.3919968464796,0.0373986297406,0.3013189259557,0.5116165077968,0.5090543694126,0.2735303536133,0.5456033953739,0.0754057780664,0.3553473081820,0.0517057812147,-0.1229897987023,0.1141812386936,0.6782021604619,0.5777710158085,-0.1930848934877,0.0696000283953,0.6938680221950,1.0000000000000,0.4792121935156,0.4916250038674,-0.1549976358041,0.4053691968366,0.2663237538906,0.0799838923004,0.0429949932854,-0.3524397401762,-0.2078124521969,-0.0391418105223,0.0643418621117,0.0091330222756,0.3579543467858,-0.0610582905452,-0.2221403437978,-0.1113008837363,0.3771778232324,0.4644459544429,0.0446261666225,0.2235699037181,0.4316932366600,0.3081186529785,0.2656094810686,0.4751909124679,0.1103416918345,0.2847379482125,-0.2776793651810,-0.0433951013514,-0.1275875298585,0.3963306913852,0.3899926012273,-0.1262031393988,0.0437434797849,0.3373274633220,0.8778063003998
