1.0000000000000,0.4759774453619,0.3881162151560,0.4564745451908,0.2633382919775,-0.2790271315512,-0.0831862086473,0.2439821659369,0.0104634675342,0.2329964500938,0.1325191724789,0.4621524848856,0.1823895115778,0.2070119080420,0.4482773175192,0.0369481667903,0.4657047258445,0.5031661264237,0.1992916936656,0.4763233274043,0.3425779022582,0.5788936321831,0.5032954867146,0.5502136815900,0.3952354751968,0.4034325023894,0.2405457534489,0.1579526841003,0.2597215188371,0.4526388818123,0.4686740675406,-0.1502794308604,-0.1466185934047,0.3608986150494,0.4140514948842,0.4097848356924,0.3074958991140,-0.0060372076157,0.3606011950570,0.2441021815750,-0.1282935756040,-0.2438033039295,-0.1185788386582,-0.2891372670734,0.2370249688159,0.0489666221098,0.0541869890098,0.1344322631741,-0.0797089121014,-0.3051941186301,-0.0739533838708,0.4961005516785,0.4088674542239,-0.1972337481675,0.2199422448692,0.3203231475314,0.4543824108649,0.3510857673054,0.3761147698630,0.3367224766765,0.0635570872158,-0.2126299211389,-0.1041865890833,-0.0017328083436,0.1084081827438,0.1832136010826,0.0904862262631,-0.1273516923722,0.2496397213783,0.3581283214770
0.4759774453619,1.0000000000000,0.3687337394309,0.5530614509943,0.3204777411473,-0.3273922344080,-0.2486596915905,0.2575233807479,-0.2223054861471,0.1391258527878,0.0769997456696,0.2758958978042,0.1697273983812,0.0565787677120,0.0052030476509,-0.1343755767010,0.4793906351139,0.5289868743104,-0.0057913767728,0.3621410068936,0.3386877707159,0.4189119795544,0.6370909086492,0.6480360076624,0.3109097514965,0.2699452916614,0.3424042272713,0.2558563769651,0.4110218057990,0.2716820017169,0.5374843945224,-0.1240670666370,-0.2562458042257,0.3515339695327,0.4421019208474,0.2743123584438,0.7593948056392,-0.0229475216928,0.5161346191242,0.3619279529169,-0.2442351790603,-0.3364378556073,-0.0213860812626,-0.4144875125252,0.1140249739124,-0.0145498389241,-0.1931332987730,0.1525385602636,-0.2588079257525,-0.6023057592688,-0.1499107145961,0.4839422039657,0.3646517923084,-0.3316301936376,0.1300125326143,0.3319810148884,0.3803489707600,0.4985430427280,0.5564636636842,0.2190885378296,0.0367622365727,0.0028107144506,0.0711859942994,0.2414921075955,-0.0260444556696,0.3516176540174,-0.0580139280797,-0.2760018181916,0.2629167463724,0.3448555987252
0.3881162151560,0.3687337394309,1.0000000000000,0.2845077640259,-0.0134123249954,-0.2736038497997,-0.4563739101442,0.6200752860564,-0.3253489738860,0.4865947040257,-0.2564202860114,0.2452216196282,-0.1461839668171,0.3695714946286,0.2967580580658,-0.1936793727685,0.2903827815368,0.5632322696088,0.5029680599239,0.3207079641464,0.0099009950525,0.3732761720184,0.2658432396490,0.5449246767550,0.4500522363290,0.3778272469504,0.3695902298716,0.7091212454171,0.0493600287938,0.0384519084881,0.2753363465837,-0.0089895835920,-0.2490774890594,0.2086805323568,0.1487899670646,-0.1706879294295,0.0902195871251,0.5027140982140,0.1928452827240,-0.0318491551219,-0.2634872871032,-0.5700810226037,0.2587098352957,-0.5452883780101,0.3717985961054,-0.3239277021415,-0.1705583314306,-0.1647556667701,0.0232522010436,-0.2912587112925,-0.3875723245004,0.2630937349867,0.0727763273397,-0.0058311266589,-0.0287948083195,-0.0849345198122,0.2924769947284,0.0691011659738,0.2805557188110,0.2920902002833,0.3963999604725,0.0577886006176,0.5264355069227,-0.0217295899684,-0.2255287696881,-0.0524140949494,0.3406829930141,-0.3165736979632,0.0977478904524,-0.1371790477274
0.4564745451908,0.5530614509943,0.2845077640259,1.0000000000000,0.2633036754325,-0.2482900409107,-0.1651227948424,0.2177552438182,-0.1992313749392,0.4000481567335,0.0199406876671,0.2363752472563,0.2488672624217,0.0623745965937,0.1138363356441,0.0706166212967,0.3329125511984,0.4529962838824,0.1081647568800,0.4274455719484,0.3744522952931,0.4953532092058,0.6937726261506,0.5249100380600,0.3334787286841,0.2770688374211,0.0626327754289,0.0593255557032,0.2763971980662,0.4425059239258,0.5305387145615,-0.0133479544296,-0.1754563762652,0.5024345698852,0.5261725580125,0.4261461070363,0.4739017736160,-0.0395020958534,0.7386474652823,0.2137771510143,-0.2117573498247,-0.2733871049638,-0.0077714077101,-0.3713969125029,0.3513775882680,-0.0438315060087,0.0536451646971,0.1814029449207,-0.1096911512410,-0.2617476000179,-0.0785650629212,0.3068895565546,0.5086709567076,-0.0545073820154,0.3878598939405,0.3098423062368,0.4722605115215,0.6257313942498,0.4556743533421,0.3544771270301,0.1959664625315,-0.0308512660210,-0.0656303416185,0.1142114932478,0.3154267063550,0.4598808491616,-0.0140279838959,-0.1911106894808,0.5153200736196,0.4803302262689
0.2633382919775,0.3204777411473,-0.0134123249954,0.2633036754325,1.0000000000000,-0.2300733877338,0.1821627070877,0.3913957799055,0.0232044742369,0.3394317146518,0.5926525236938,0.1264300294505,0.7136379586697,0.0015581832551,0.0560920253261,0.1131658397781,0.2093822286779,0.1662586328749,-0.2555043419700,0.0962093678370,0.8012250083884,0.3409621978973,0.4537531266174,0.3376982400509,0.4489031507581,-0.0056999644050,0.1022627193876,-0.0188638926432,0.7098300197909,0.1658809899231,0.4444492936632,-0.0477035282144,-0.1959295450690,0.3194547402663,0.0625112273692,0.3331008627539,0.1507115938544,-0.1534686355488,0.2480699235607,0.9062107468153,-0.1112279684601,0.0709474428145,0.1326686921938,-0.0584682907287,0.3795931695068,0.5025575743237,-0.2448287736648,0.6867867034748,-0.1595347014423,-0.2038059009426,0.1432842417738,0.1897629613505,0.2187468041176,-0.4586244044271,-0.0093734713640,0.7957098797291,0.2027230951169,0.3623251129443,0.2109074971460,0.4144764098256,-0.2708255589991,-0.1702757012444,-0.1807984207299,0.4973345639958,-0.0930670927079,0.2573432168040,-0.0041311940099,-0.0440010463264,0.1703992321086,0.0448070714381
-0.2790271315512,-0.3273922344080,-0.2736038497997,-0.2482900409107,-0.2300733877338,1.0000000000000,0.5383850809973,-0.4250176794233,0.5585621961275,-0.2787244310261,-0.0317308405484,-0.2631246825204,-0.1021781533293,-0.2912003943733,0.0909898515509,0.4347923748589,-0.2509171185173,-0.2474793742215,-0.1612426526305,-0.1810225508882,-0.2433083675747,-0.3859539518517,-0.3289656644237,-0.3739629592667,-0.3741895163538,-0.2263730954933,-0.1754861538268,-0.2511227186247,-0.2881385681842,0.0313661560581,-0.2932245201133,0.1456406185068,0.7090121918654,-0.1426759389353,-0.0821789362695,-0.1516311767284,-0.2703158864685,-0.0251779036358,-0.2724293234882,-0.2335434731614,0.8100682870888,0.5430257799042,-0.3444019329391,0.5797016831585,-0.2443068253323,-0.0299679436880,0.0148423177937,-0.0677181347279,0.1174617303216,0.4125379146518,0.5203417910140,-0.2401183822517,-0.1347275632172,0.1287480446289,-0.0879370273548,-0.1812048466843,-0.3222442440740,-0.2830759931178,-0.3541412038924,-0.2961041829068,-0.1533043680213,-0.0538237555373,-0.0552842702470,-0.2572518475221,0.1939683169586,-0.2711158921631,-0.3194770611941,0.5142127196243,-0.0194159008913,0.0674062517000
-0.0831862086473,-0.2486596915905,-0.4563739101442,-0.1651227948424,0.1821627070877,0.5383850809973,1.0000000000000,-0.3818349597273,0.7770158224210,-0.1688634186054,0.6086452575410,0.1524702353982,0.5013608667495,-0.1827114127912,0.3325692954870,0.6572289520825,-0.2643344508296,-0.2048954364310,-0.1325186786339,-0.0083791745398,0.2117587961857,-0.2070543589283,-0.2204285159313,-0.2733877453892,-0.3200389501157,-0.1733237160126,-0.0622706814545,-0.4387802208704,-0.0131640315949,0.3151374410465,-0.1637937656314,-0.0576287802769,0.3844532978972,0.0781097083753,0.0451204166291,0.0938564605870,-0.2303338222467,-0.3073199891090,-0.1255945714828,0.1473952628974,0.5287859812014,0.8358387650228,-0.4161690042103,0.6268284658784,-0.1304698731095,0.4752002206350,0.1852230489828,0.4810580577212,-0.0047548861286,0.3239976023900,0.6134574276009,-0.2225206686749,-0.0538685288532,-0.0889939196780,-0.0667089509368,0.2319675816529,-0.3020707949315,-0.1525979126062,-0.3086410180899,-0.2366938314443,-0.4141080569699,-0.2064612415128,-0.3475127001406,-0.1001562527346,0.2220372941225,-0.2747630961808,-0.3194359484875,0.3617868077910,-0.0407800131516,0.0460869618868
0.2439821659369,0.2575233807479,0.6200752860564,0.2177552438182,0.3913957799055,-0.4250176794233,-0.3818349597273,1.0000000000000,-0.3247283149034,0.4157094039485,0.1070794627580,0.2837678202332,0.0360793301208,0.4081344260586,0.2476665714906,-0.2007398438311,0.3835612166513,0.2569223253803,0.2585540692623,0.0534699949754,0.2416004838520,0.4613898152901,0.3264802794611,0.5433395350305,0.6878285499522,0.3064622457620,0.3838823664596,0.5911826494124,0.5536196567178,-0.0697975574122,0.4733860578030,-0.1421457673754,-0.3483463987312,0.2105741253820,-0.0203787560363,-0.1275586098991,0.0974436542222,0.3332142132125,0.3006364460482,0.3591150535726,-0.2895255746991,-0.5134998800346,0.6836352253947,-0.3895008584496,0.4115829390120,-0.1640660739518,-0.2226836045085,0.0172304438846,0.0164036681705,-0.2692556664874,-0.2939391393142,0.2649967802836,-0.1463152578135,-0.2133522281047,-0.2816532491860,0.1443904634977,0.2409848397415,0.2220384500888,0.2305120068351,0.5906766179880,0.2929942957809,0.1632418910769,0.3833580611013,0.5407351359333,-0.4397794842027,0.2072856477445,0.4569996238326,-0.2518427259776,-0.0943037490965,-0.2858099046293
0.0104634675342,-0.2223054861471,-0.3253489738860,-0.1992313749392,0.0232044742369,0.5585621961275,0.7770158224210,-0.3247283149034,1.0000000000000,-0.1657209009007,0.4045292647947,0.1894145505175,0.1889715294097,-0.0564934300686,0.4669471459686,0.5305462933500,-0.1948873355517,-0.2631934904221,-0.1893476416414,-0.0589901432670,0.0943609480973,-0.2501271962520,-0.2407474524090,-0.3603866529905,-0.2082457573348,0.0671376010747,-0.0784765400310,-0.3299039095518,-0.0935674511613,0.1787332341731,-0.2096419749724,-0.0300546635946,0.4508228713201,-0.1059282545601,-0.1071943095789,0.0407781130304,-0.3074257817283,-0.1835028916201,-0.1012285311669,0.0012411208821,0.5193383078189,0.7169262094912,-0.4710116603778,0.7117621270037,-0.1106083434535,0.3226228371409,0.2667524927106,0.1694066555598,0.2451875297971,0.3662977318591,0.5485407198810,-0.1255941016789,-0.2050876486820,-0.1409131679355,-0.2237785765051,0.1341477014466,-0.3278755897113,-0.2012664771217,-0.4152164247503,-0.1214577326677,-0.2843372416565,-0.3105640749539,-0.2736295487957,-0.2423827775697,0.0907901329603,-0.4008147019712,-0.2969901057153,0.4359962479703,-0.1653310646764,-0.0451895369597
0.2329964500938,0.1391258527878,0.4865947040257,0.4000481567335,0.3394317146518,-0.2787244310261,-0.1688634186054,0.4157094039485,-0.1657209009007,1.0000000000000,-0.0579866766859,0.1614230682273,0.3524417078748,0.3485409799804,0.2583514929540,0.1350012565337,0.0482376861193,0.4380271582679,0.2247690118769,0.3632488213343,0.4107106560303,0.2744411272808,0.3178507675817,0.2260313988853,0.5613112239429,0.3576477356570,0.0440154485994,0.2464851322388,0.0702783661485,0.2331858195766,0.2359987104003,0.1488317546684,-0.2244370162286,0.4787535968906,0.1354009531761,0.1454620015768,-0.1563237653390,0.1521330690287,0.2419938228499,0.2344153975711,-0.3342843475641,-0.2906916918168,0.0642850220085,-0.4382911784125,0.8706236078539,-0.0284895543185,-0.0993254854113,0.2593548772108,0.1896102960024,-0.0258754521394,-0.1168370521047,0.0256323261447,0.1936069362753,-0.1165340869122,0.1993651394707,0.2652722940409,0.2459180121682,0.2098485685767,0.0419412831768,0.5308599400526,0.2413478684947,-0.2118707029505,0.1049830728394,-0.1285159443855,0.0930190647420,-0.0368068051877,0.2151735028930,-0.1629662794866,0.3826309672653,-0.0699277613154
0.1325191724789,0.0769997456696,-0.2564202860114,0.0199406876671,0.5926525236938,-0.0317308405484,0.6086452575410,0.1070794627580,0.4045292647947,-0.0579866766859,1.0000000000000,0.3159629870995,0.6411253154232,0.0333073475685,0.2666934572311,0.2951575603410,0.0080684191751,-0.1073839662438,-0.1263437151396,0.0202165708720,0.5133697313925,0.0999412789958,0.0192490052764,0.0736770637371,0.0262351922855,0.0270394740718,0.1779675604785,-0.1764516963200,0.4346399565835,0.2911073413866,0.1141162004365,-0.1449043254976,-0.1199448951453,0.1921484840441,0.0280685700933,0.2673822942971,0.0674781463687,-0.2942487478138,0.1710478065851,0.5856209264044,0.1105232911216,0.4348771620825,-0.0125178150348,0.3169847085278,0.0101749437788,0.7042938510646,-0.0815170989771,0.6376572568410,-0.1085128860858,-0.0086077769823,0.3585860878744,0.0175997997416,-0.0534222356596,-0.2731427301480,-0.1914486615530,0.5286764542055,-0.0919113784651,0.0616292690140,-0.0395841791578,0.0198336316761,-0.3038388512603,-0.1578828080247,-0.2586124397423,0.3599450996476,-0.0225637534205,-0.0403267248836,-0.0378399050206,0.0009258640346,-0.0234156240326,-0.0264579721531
0.4621524848856,0.2758958978042,0.2452216196282,0.2363752472563,0.1264300294505,-0.2631246825204,0.1524702353982,0.2837678202332,0.1894145505175,0.1614230682273,0.3159629870995,1.0000000000000,0.1564396824611,0.6222173987679,0.6534401246711,0.2723783710409,0.1115503281017,0.3276542126076,0.5044120758280,0.4313054181903,0.2301197324531,0.2124527564985,0.1091488923771,0.2898469675233,0.1775342428650,0.5538300947741,0.4702005216634,0.3106938193961,0.1371685547260,0.4394260478926,0.1645115048968,-0.0965458189728,-0.1178969440206,0.3135809074744,0.3739976641011,0.1503898091719,0.1732486782990,-0.1834192134803,0.3177385629179,0.0613612963127,-0.1085876748141,-0.0709408870748,0.0271346852341,-0.0891735358016,0.0486530829552,0.0197205618392,0.4409444449983,0.0809908952000,0.2393732436497,-0.0794879566204,0.0066550655864,0.0900739277797,-0.0233976384797,-0.0531516971260,-0.0407257923018,0.1286057073116,-0.0279200433973,0.0727220417128,-0.0575862111129,0.1044409958988,0.2443537947686,-0.0952885678037,0.0416526317619,0.0047957827175,0.0305618054210,-0.1231413528421,0.3846763704175,-0.0584279488769,0.0189631303358,0.0471670817457
0.1823895115778,0.1697273983812,-0.1461839668171,0.2488672624217,0.7136379586697,-0.1021781533293,0.5013608667495,0.0360793301208,0.1889715294097,0.3524417078748,0.6411253154232,0.1564396824611,1.0000000000000,-0.0992036319067,0.1134958963450,0.4234957024004,0.0252914570812,0.2312332838609,-0.1554184374968,0.3060066586436,0.8090872236830,0.2008054367729,0.3323711826633,0.1790355387118,0.1323679443325,-0.0894110798910,-0.0793922166891,-0.3163055783808,0.4380239253133,0.4433103515964,0.2593282191806,0.0348675250291,-0.1451284092659,0.4690480003256,0.2238169217104,0.3192117053765,0.0045563754726,-0.2478062447395,0.1476316865303,0.6735377729543,-0.0816746118723,0.2807420600684,-0.2153528341617,-0.0717382993106,0.3638095767001,0.6014013764251,-0.1035282580979,0.9361342311829,-0.1953194246223,-0.1233836482367,0.3224939729843,0.0682231555243,0.3568063244760,-0.3420743571724,0.2485571010034,0.7663259022126,0.1344721468140,0.3165380792474,0.1033693933359,0.1612629957003,-0.4155101824523,-0.3078386531237,-0.4080028503218,0.2168920480587,0.2774681038394,0.0732820783882,-0.1820376801318,-0.0566612657919,0.3482638346192,0.1433284296409
0.2070119080420,0.0565787677120,0.3695714946286,0.0623745965937,0.0015581832551,-0.2912003943733,-0.1827114127912,0.4081344260586,-0.0564934300686,0.3485409799804,0.0333073475685,0.6222173987679,-0.0992036319067,1.0000000000000,0.4401072282159,-0.0118450030916,0.1068239736851,0.0773714595883,0.4226961842404,0.0934332424341,0.0232637917161,0.1045008881072,-0.0743177687129,0.0767205966629,0.3483071179419,0.7236866601559,0.4238868167850,0.5485123950715,-0.0285296293237,0.0291612585225,-0.1269342635769,0.1568996748589,-0.1121981287778,0.0628929636036,0.0156591104501,-0.0778581712130,-0.0492599676329,0.0072084711116,0.1800325052017,-0.0429335036509,-0.2118133773970,-0.2279827581443,0.2663815046220,-0.1732690890632,0.2121807877989,-0.1084699143120,0.2507593504632,-0.1576581444248,0.6570239741345,0.1485395670967,-0.1928054697719,0.0136419834034,-0.2849369656172,0.0434290471356,-0.2661453815919,-0.0788001383749,-0.0501250824817,-0.1347828146377,-0.1574850527066,0.2322461778487,0.6012639444197,-0.0290718730789,0.2828706805251,-0.0554519676844,-0.1735267766633,-0.2854569125893,0.6312841514169,0.0178533726702,-0.0913035453153,-0.2330040121068
0.4482773175192,0.0052030476509,0.2967580580658,0.1138363356441,0.0560920253261,0.0909898515509,0.3325692954870,0.2476665714906,0.4669471459686,0.2583514929540,0.2666934572311,0.6534401246711,0.1134958963450,0.4401072282159,1.0000000000000,0.4577282394522,0.0023900835679,0.2466419876156,0.4818857932062,0.2983311991247,0.1204053006099,0.1625742483634,-0.0258318571535,0.1550731728778,0.1563629196817,0.4733323830522,0.3132177666247,0.2839327709522,-0.0444865598399,0.4536208246964,0.0836740902766,-0.0751114101513,0.1727760700064,0.2797618557448,0.2049312981092,0.0371815317998,-0.2023363535260,-0.0533292705666,0.0922466353554,-0.0651997997430,0.1899298936604,0.1144972756836,-0.0907235632179,0.1331937733165,0.1584645807072,0.0115332508627,0.2276174073362,0.0364738942232,0.2571942624975,0.2273184725879,0.1027158374261,0.0040092501923,-0.1064521588257,-0.0803371857908,-0.1399432803283,0.0142542989607,-0.0977320396170,-0.0968861674804,-0.2601839724953,0.1540119920525,0.2079185161497,-0.2372679290875,0.0846914121651,-0.2092867522091,0.0184970884252,-0.3317960341683,0.2780142651155,0.1731290253393,0.0146756697888,-0.1191957461695
0.0369481667903,-0.1343755767010,-0.1936793727685,0.0706166212967,0.1131658397781,0.4347923748589,0.6572289520825,-0.2007398438311,0.5305462933500,0.1350012565337,0.2951575603410,0.2723783710409,0.4234957024004,-0.0118450030916,0.4577282394522,1.0000000000000,-0.1776075518399,0.0293171499134,0.0893435695251,0.2294975839188,0.2312903717786,-0.1379268997529,-0.0257752867766,-0.1515382121987,-0.1250651781442,0.0717487043386,-0.1177695175793,-0.2914325218289,-0.0942653323271,0.4831059215936,-0.1119206385876,0.0481313611916,0.2819940137158,0.3943361298323,0.2589257422381,0.1887268287447,-0.2150080439223,-0.1400488634712,0.0290220917064,0.0608431050309,0.3539613929987,0.4165704640713,-0.2983511252276,0.2953497151408,0.1288227507103,0.1396126171581,0.2509114941301,0.3403074839892,0.1401715305560,0.3053879851980,0.6358055290275,-0.1510220983941,0.1133580144601,-0.0914168827954,0.1579395896743,0.1818657422210,-0.1961550132328,0.0221010946013,-0.3097523600440,0.0409117662717,-0.1020079583936,-0.2485030013482,-0.1554212736826,-0.1856575098907,0.3759269238748,-0.2464353615441,-0.0791669143170,0.2085207889951,0.2962017365609,0.1480342741604
0.4657047258445,0.4793906351139,0.2903827815368,0.3329125511984,0.2093822286779,-0.2509171185173,-0.2643344508296,0.3835612166513,-0.1948873355517,0.0482376861193,0.0080684191751,0.1115503281017,0.0252914570812,0.1068239736851,0.0023900835679,-0.1776075518399,1.0000000000000,0.2120225384828,-0.0475469756603,0.1014932660690,0.2249612761245,0.6551848997455,0.5798318774259,0.5896281538350,0.5626979588845,0.2248770138605,0.1685601855803,0.2356820636552,0.5444977074278,0.0675566469923,0.4214650031205,-0.3180932911528,-0.2623418996990,0.1637546356255,0.2399962985139,0.0892914128625,0.4695202665114,0.1707418169543,0.4103909447304,0.3168473779387,-0.1647087747194,-0.3475444303506,0.1624675810802,-0.2554685940221,0.1517220348871,-0.1438159004392,-0.1651579207112,0.0429807238885,-0.1077582160734,-0.4026889276700,-0.1249710024184,0.9039706623241,0.1321233987552,-0.2881260529526,-0.0153427885323,0.2449471628667,0.5893874531794,0.5003906191123,0.6237531024679,0.5402781242179,0.1105013184416,0.0522617189463,0.0618534577084,0.4025428336942,-0.1679641434021,0.3319489082595,0.0035586892273,-0.2310454178627,0.0676413260629,0.2171144610952
0.5031661264237,0.5289868743104,0.5632322696088,0.4529962838824,0.1662586328749,-0.2474793742215,-0.2048954364310,0.2569223253803,-0.2631934904221,0.4380271582679,-0.1073839662438,0.3276542126076,0.2312332838609,0.0773714595883,0.2466419876156,0.0293171499134,0.2120225384828,1.0000000000000,0.3866425275594,0.8283286992707,0.2833810527052,0.4865734167284,0.4362369909654,0.6966941854463,0.1984009048724,0.1942068975231,0.3181229697034,0.2413525850199,0.1061927480871,0.5286635745814,0.5490715406399,-0.0248272954315,-0.1855498732916,0.6152282339267,0.6753402743701,0.1930162284707,0.2827350293581,0.1018592604463,0.2562576758177,0.0988507571318,-0.2468552949136,-0.4359323545999,-0.1010016344678,-0.5836118010474,0.2809956772802,-0.1646498879683,-0.1666926914370,0.1555203875842,-0.2673174599564,-0.4942238051375,-0.2038556012640,0.2588383343315,0.6021826214162,-0.1282811309176,0.5220268953774,0.1815846876915,0.3611856186401,0.2695875195131,0.3614159418697,0.1166958787023,0.0577544782355,0.0152884034543,0.0362740467464,-0.0889765491862,0.2061431492805,0.1895239920877,-0.0047388844741,-0.2788528398162,0.4961777763082,0.3968133376332
0.1992916936656,-0.0057913767728,0.5029680599239,0.1081647568800,-0.2555043419700,-0.1612426526305,-0.1325186786339,0.2585540692623,-0.1893476416414,0.2247690118769,-0.1263437151396,0.5044120758280,-0.1554184374968,0.4226961842404,0.4818857932062,0.0893435695251,-0.0475469756603,0.3866425275594,1.0000000000000,0.4256214911279,-0.2107101956741,0.0812415691127,-0.0946428006283,0.2598113600745,0.0408442860584,0.2791901787484,0.4533502357069,0.4662520601318,-0.2123537273538,0.2824604111227,0.0359350542079,-0.0672400183505,-0.1049855656167,0.2289376559635,0.3916568530625,-0.1336049398657,0.0138434756903,0.1102796415834,0.1257311976775,-0.3311009422881,-0.1317772694244,-0.3536032261474,0.1465013413963,-0.3463092539456,0.0530042091400,-0.3348090032762,0.2283451081107,-0.1935839325900,0.0463737592134,-0.0361491713552,-0.2571065474156,-0.0730155612253,-0.0572086819510,0.4214287207242,0.0995615832693,-0.3342500503567,-0.0904149888392,-0.1422225868157,-0.0455108954667,-0.0503527713567,0.4462437889331,0.2318196885237,0.3716814124286,-0.1618716901536,0.0554426734844,-0.1781920086264,0.3715829085573,-0.2167687573164,0.0679852189149,0.0003793657190
0.4763233274043,0.3621410068936,0.3207079641464,0.4274455719484,0.0962093678370,-0.1810225508882,-0.0083791745398,0.0534699949754,-0.0589901432670,0.3632488213343,0.0202165708720,0.4313054181903,0.3060066586436,0.0934332424341,0.2983311991247,0.2294975839188,0.1014932660690,0.8283286992707,0.4256214911279,1.0000000000000,0.2927594775786,0.3553759014290,0.3707028340285,0.4778956174345,0.0340054247121,0.2086044310735,0.2521804718418,-0.0026099224669,-0.0203530548156,0.6804722756286,0.4425616851768,0.0747239946893,-0.1324703516598,0.6350762917826,0.7130711808804,0.3459276221745,0.1982210354026,-0.0983643803368,0.2462639559782,0.0172514047291,-0.2198582989353,-0.2476432122537,-0.3186330676564,-0.4180907318916,0.1846041132411,-0.0076608394987,0.0482286421288,0.1729113229088,-0.1544182020808,-0.2959188275595,-0.0657328068689,0.1841094288065,0.6169275980674,0.0463104829728,0.6829189807044,0.1814821090141,0.2616846819502,0.2713041010911,0.2197412155686,0.0159452968319,-0.0413357465752,-0.0627549800088,-0.1345907758608,-0.2523621012551,0.4256004809758,0.1129483005751,-0.1104329343881,-0.2013057334880,0.5543485043716,0.4924261331249
0.3425779022582,0.3386877707159,0.0099009950525,0.3744522952931,0.8012250083884,-0.2433083675747,0.2117587961857,0.2416004838520,0.0943609480973,0.4107106560303,0.5133697313925,0.2301197324531,0.8090872236830,0.0232637917161,0.1204053006099,0.2312903717786,0.2249612761245,0.2833810527052,-0.2107101956741,0.2927594775786,1.0000000000000,0.3228150523787,0.4704421883330,0.3136237653994,0.3274057124042,0.0585495313841,-0.0363110551572,-0.1204444767375,0.5514938632692,0.2668941996350,0.3757635841690,0.0533556152831,-0.2205136397636,0.4296421172335,0.1732102637810,0.3810726178882,0.0811751833356,-0.1530460458901,0.2200042239154,0.7855258769657,-0.1519797179592,0.0945833730916,-0.1178596464275,-0.1151048429415,0.3916742132598,0.5200215218687,-0.0864875887695,0.7596935463805,-0.0914498149315,-0.2123232172481,0.2193841952544,0.2750161675400,0.3689314458735,-0.4225738272294,0.2286098126953,0.9318024302305,0.2749894119158,0.4202607374310,0.1996942474985,0.3333507905572,-0.2951905127578,-0.3238860507076,-0.3586700354751,0.2654683969437,0.0498150546135,0.1548389230600,-0.1125080203947,-0.0851655623278,0.3300833525371,0.1197155361284
0.5788936321831,0.4189119795544,0.3732761720184,0.4953532092058,0.3409621978973,-0.3859539518517,-0.2070543589283,0.4613898152901,-0.2501271962520,0.2744411272808,0.0999412789958,0.2124527564985,0.2008054367729,0.1045008881072,0.1625742483634,-0.1379268997529,0.6551848997455,0.4865734167284,0.0812415691127,0.3553759014290,0.3228150523787,1.0000000000000,0.6360865666633,0.8007207854356,0.4849840572196,0.1411463034756,0.1515066510655,0.1654654304998,0.5040404643635,0.3234236498373,0.6715720114053,-0.2979875566281,-0.2948693652585,0.4486017475526,0.3721110630188,0.2518904168469,0.3577294722412,0.0708972236123,0.3980749746249,0.2897715811864,-0.2011816314456,-0.3166587516024,0.1476916157619,-0.3573173129145,0.2960281966925,-0.0409265293757,-0.1064432692666,0.1364290834946,-0.2388752992300,-0.3523685047415,-0.2141326311155,0.6337946941079,0.4339414186299,-0.2704468598854,0.1880391613044,0.2606036734044,0.8206872209321,0.5410342653162,0.7066332902695,0.4545457977269,-0.0266879711987,-0.0189859836077,-0.0681889969582,0.2954134127087,0.0466426567661,0.5027562929353,0.1324880043808,-0.1958918351041,0.3048180456531,0.3159898742443
0.5032954867146,0.6370909086492,0.2658432396490,0.6937726261506,0.4537531266174,-0.3289656644237,-0.2204285159313,0.3264802794611,-0.2407474524090,0.3178507675817,0.0192490052764,0.1091488923771,0.3323711826633,-0.0743177687129,-0.0258318571535,-0.0257752867766,0.5798318774259,0.4362369909654,-0.0946428006283,0.3707028340285,0.4704421883330,0.6360865666633,1.0000000000000,0.6424755030379,0.4556065828180,0.1091678295074,0.0320922164555,0.0437807439149,0.5325036490074,0.3546940428186,0.6925953885894,-0.0789838712817,-0.2499178498507,0.4386895875370,0.3634362372891,0.3805843435612,0.4965624175242,0.0220601967439,0.5474637556896,0.4172468789008,-0.2714360370991,-0.3204548716697,-0.0173542569985,-0.4240985498288,0.3643165248794,0.0061927032249,-0.1379195539749,0.2591122093504,-0.2389151785715,-0.4194348208100,-0.1299705972148,0.5908064761501,0.5150815724861,-0.3205610196198,0.3262284964000,0.4415081726542,0.6348442582758,0.8767157144839,0.6448690343165,0.4844620131854,-0.0858194396646,-0.0934167950214,-0.0899253348588,0.2911410804194,0.1788899683303,0.5716174069491,-0.1088943115159,-0.1960632323094,0.3933114900117,0.3710603241328
0.5502136815900,0.6480360076624,0.5449246767550,0.5249100380600,0.3376982400509,-0.3739629592667,-0.2733877453892,0.5433395350305,-0.3603866529905,0.2260313988853,0.0736770637371,0.2898469675233,0.1790355387118,0.0767205966629,0.1550731728778,-0.1515382121987,0.5896281538350,0.6966941854463,0.2598113600745,0.4778956174345,0.3136237653994,0.8007207854356,0.6424755030379,1.0000000000000,0.3909950546354,0.1118650917282,0.3877207477724,0.3819824805402,0.5451373832118,0.3553045656013,0.7548302554933,-0.2847066964355,-0.2895381864795,0.5245526595222,0.5383188951549,0.1340221068994,0.5534224226560,0.1669428679902,0.4457950244405,0.2957767639684,-0.1889652996847,-0.4563271632255,0.2293208595047,-0.5018264676828,0.2122396376211,-0.1752698404358,-0.2408822570636,0.1558085400942,-0.3967285298093,-0.5780954878586,-0.2327219659423,0.5663028081157,0.4564683314266,-0.2990433469960,0.2000990512084,0.2333388700013,0.5969988201845,0.5380199265759,0.7046568938463,0.3165090210520,0.0353957805378,0.1318707389600,0.1717689970394,0.3939972848222,-0.0488972897789,0.4918342761464,0.1321699159511,-0.2917908819600,0.3168138679803,0.3013220882876
0.3952354751968,0.3109097514965,0.4500522363290,0.3334787286841,0.4489031507581,-0.3741895163538,-0.3200389501157,0.6878285499522,-0.2082457573348,0.5613112239429,0.0262351922855,0.1775342428650,0.1323679443325,0.3483071179419,0.1563629196817,-0.1250651781442,0.5626979588845,0.1984009048724,0.0408442860584,0.0340054247121,0.3274057124042,0.4849840572196,0.4556065828180,0.3909950546354,1.0000000000000,0.4223288784795,0.2144669726459,0.3516204793023,0.5600397807468,0.0003422637033,0.3639878875745,-0.1563317419730,-0.2852781550712,0.1745773647141,0.0370906486019,0.0687243962956,0.1423319938973,0.2466591868801,0.4228909979909,0.4559309986397,-0.3238122866826,-0.4163155692938,0.4248611116865,-0.3350721740338,0.6411583514623,-0.0798917729062,-0.1575142883438,0.1078576996205,0.1347556546877,-0.2151936811058,-0.1487881105955,0.4460849222921,-0.0597876541760,-0.2878806835726,-0.1556036451828,0.2835651550819,0.3749903471704,0.3390645418933,0.3080166545153,0.8995459921020,0.2807329125804,0.0057309769788,0.1830955140796,0.4063720955476,-0.2248249528987,0.1942993466651,0.2969756327101,-0.2169283480931,0.0194712562235,-0.0691492752471
0.4034325023894,0.2699452916614,0.3778272469504,0.2770688374211,-0.0056999644050,-0.2263730954933,-0.1733237160126,0.3064622457620,0.0671376010747,0.3576477356570,0.0270394740718,0.5538300947741,-0.0894110798910,0.7236866601559,0.4733323830522,0.0717487043386,0.2248770138605,0.1942068975231,0.2791901787484,0.2086044310735,0.0585495313841,0.1411463034756,0.1091678295074,0.1118650917282,0.4223288784795,1.0000000000000,0.3570331498821,0.4066604888960,-0.0169594308522,0.1784146939034,-0.0291898616801,0.0213586292586,-0.1245083035946,0.1289762123776,0.1584831305761,0.0664310464175,0.0994327943589,0.0408616710376,0.4127658231286,0.0031695634358,-0.2503892276727,-0.2731802529438,0.0761874780886,-0.2108039161884,0.3111686769386,-0.0898219586131,0.1645131216814,-0.1474654969453,0.5484802732008,-0.0375080705179,-0.0693710570451,0.2069471648510,-0.1548831820687,-0.0446489912634,-0.1628141344073,0.0041842096388,0.0349685554756,0.0379990465872,-0.0628326816634,0.3824192185462,0.6618279721868,-0.0872051387391,0.1877582165625,-0.1131508036258,-0.0974175239582,-0.2416456975304,0.3292133295556,-0.1056026286743,0.0237841843459,-0.0072115983202
0.2405457534489,0.3424042272713,0.3695902298716,0.0626327754289,0.1022627193876,-0.1754861538268,-0.0622706814545,0.3838823664596,-0.0784765400310,0.0440154485994,0.1779675604785,0.4702005216634,-0.0793922166891,0.4238868167850,0.3132177666247,-0.1177695175793,0.1685601855803,0.3181229697034,0.4533502357069,0.2521804718418,-0.0363110551572,0.1515066510655,0.0320922164555,0.3877207477724,0.2144669726459,0.3570331498821,1.0000000000000,0.5976206854446,0.1544971172424,0.1941591298819,0.2675723970582,-0.1641332755635,-0.0744709452169,0.1996532486747,0.2712686130051,-0.0690370069639,0.3220090096207,0.0744021796737,0.2808276582512,0.0447286316803,-0.0499378197803,-0.2208140912136,0.2674147493989,-0.1404881506059,-0.0602310109975,-0.1173397639765,-0.0318979135186,-0.1354963895390,-0.0254380110778,-0.2290505392891,-0.2530655653956,0.0952906540394,-0.1651417879458,0.0232809478465,-0.1965650683901,-0.1401675930127,-0.1455030128646,0.0029906849799,0.0315112805590,0.0297711672840,0.2683394627759,0.5539495178744,0.4586420016386,0.1636110407523,-0.2500522558901,-0.0010641431232,0.2989168806113,-0.0758185192543,-0.0900514153818,-0.0507908500960
0.1579526841003,0.2558563769651,0.7091212454171,0.0593255557032,-0.0188638926432,-0.2511227186247,-0.4387802208704,0.5911826494124,-0.3299039095518,0.2464851322388,-0.1764516963200,0.3106938193961,-0.3163055783808,0.5485123950715,0.2839327709522,-0.2914325218289,0.2356820636552,0.2413525850199,0.4662520601318,-0.0026099224669,-0.1204444767375,0.1654654304998,0.0437807439149,0.3819824805402,0.3516204793023,0.4066604888960,0.5976206854446,1.0000000000000,0.0566982503101,-0.1952115916609,0.1048972532930,0.0178587005652,-0.1499156205701,0.0211974087339,-0.0745970681540,-0.3462718938616,0.0690483901132,0.3032248796080,0.0881360988843,-0.0623776300621,-0.1746757189224,-0.4578305289106,0.4016957195546,-0.3157341832677,0.1268490277939,-0.2768460636695,-0.1075928718557,-0.2983346137388,0.1732978918234,-0.1215211985220,-0.4375799700858,0.1746196517249,-0.3059085832785,-0.0104485621560,-0.3324232784032,-0.2196790797336,0.0188136205984,-0.0641829840172,0.0901322308868,0.1796886292031,0.5291764762648,0.2208362952793,0.7759622892803,0.0984023720562,-0.4844494251523,-0.1508042015916,0.5554335081205,-0.1458611556182,-0.1624704033616,-0.4129037115643
0.2597215188371,0.4110218057990,0.0493600287938,0.2763971980662,0.7098300197909,-0.2881385681842,-0.0131640315949,0.5536196567178,-0.0935674511613,0.0702783661485,0.4346399565835,0.1371685547260,0.4380239253133,-0.0285296293237,-0.0444865598399,-0.0942653323271,0.5444977074278,0.1061927480871,-0.2123537273538,-0.0203530548156,0.5514938632692,0.5040404643635,0.5325036490074,0.5451373832118,0.5600397807468,-0.0169594308522,0.1544971172424,0.0566982503101,1.0000000000000,0.0500034279807,0.5736118165441,-0.3694464288074,-0.2623228395782,0.1711909993207,0.0963119090356,0.1348912870884,0.3788834817494,-0.0241211755020,0.3797537760694,0.7118265159925,-0.1396680193902,-0.1427588362660,0.3777234869569,-0.1323774560340,0.2080994355543,0.1689533443720,-0.2461211406994,0.4633010934266,-0.3065390549160,-0.4215277391952,0.0640227603111,0.4537674672893,0.0893524917763,-0.4747233375452,-0.1544155398947,0.5780317266485,0.3444211729806,0.4888360444320,0.4749184193135,0.5055371708081,-0.1923050041516,0.0343699771490,-0.1331605989430,0.8432263921399,-0.2112838825102,0.4974236586142,0.0065001834304,-0.1841060350783,-0.0307282910662,0.0493132177471
0.4526388818123,0.2716820017169,0.0384519084881,0.4425059239258,0.1658809899231,0.0313661560581,0.3151374410465,-0.0697975574122,0.1787332341731,0.2331858195766,0.2911073413866,0.4394260478926,0.4433103515964,0.0291612585225,0.4536208246964,0.4831059215936,0.0675566469923,0.5286635745814,0.2824604111227,0.6804722756286,0.2668941996350,0.3234236498373,0.3546940428186,0.3553045656013,0.0003422637033,0.1784146939034,0.1941591298819,-0.1952115916609,0.0500034279807,1.0000000000000,0.4060359901025,0.0364372409545,0.0718536811075,0.6983227255850,0.6984687618389,0.4457858725373,0.2038941769525,-0.2192671887202,0.3583051903544,0.0662433754557,0.0280228758099,0.0133869995603,-0.3398246484963,-0.1821850402273,0.1781634135786,0.0977720234963,0.0920857579563,0.2975727996710,-0.1443031991315,-0.1135434394767,0.1405292957543,0.1069362484118,0.4939750944418,-0.0649423337985,0.4614457535506,0.1744702025965,0.1767530965658,0.3390893538456,0.1290494183858,0.0465972125024,-0.1160401097149,-0.1225711395743,-0.2152771219724,-0.1419038980666,0.6782714558178,0.1469817219070,-0.1261719366747,0.0176722260006,0.5719313351313,0.5518841901834
0.4686740675406,0.5374843945224,0.2753363465837,0.5305387145615,0.4444492936632,-0.2932245201133,-0.1637937656314,0.4733860578030,-0.2096419749724,0.2359987104003,0.1141162004365,0.1645115048968,0.2593282191806,-0.1269342635769,0.0836740902766,-0.1119206385876,0.4214650031205,0.5490715406399,0.0359350542079,0.4425616851768,0.3757635841690,0.6715720114053,0.6925953885894,0.7548302554933,0.3639878875745,-0.0291898616801,0.2675723970582,0.1048972532930,0.5736118165441,0.4060359901025,1.0000000000000,-0.1842482200448,-0.1608409008566,0.4993277290824,0.4321778935546,0.2745640599295,0.4441455665868,-0.0201198028650,0.4537540521740,0.3504460050968,-0.1197461423869,-0.3027719112011,0.1316458639874,-0.3535831464313,0.2567757972950,-0.0635452693069,-0.1527934398521,0.1775950678690,-0.4328468185807,-0.4855715826479,-0.1887696640180,0.4018052179972,0.4925615098445,-0.2940905831926,0.2783713155423,0.2818602883408,0.4916481934490,0.6216516921306,0.5174727721656,0.3461467865716,-0.2019341883033,0.1502506559403,-0.0487482918252,0.3675941632405,0.0648601564504,0.7093472693291,-0.0511360726259,-0.1107762902753,0.3021294554233,0.3480903317405
-0.1502794308604,-0.1240670666370,-0.0089895835920,-0.0133479544296,-0.0477035282144,0.1456406185068,-0.0576287802769,-0.1421457673754,-0.0300546635946,0.1488317546684,-0.1449043254976,-0.0965458189728,0.0348675250291,0.1568996748589,-0.0751114101513,0.0481313611916,-0.3180932911528,-0.0248272954315,-0.0672400183505,0.0747239946893,0.0533556152831,-0.2979875566281,-0.0789838712817,-0.2847066964355,-0.1563317419730,0.0213586292586,-0.1641332755635,0.0178587005652,-0.3694464288074,0.0364372409545,-0.1842482200448,1.0000000000000,0.2096869074020,-0.0171725049386,-0.1411794041017,0.0231660532009,-0.3229064951608,-0.1388111746530,-0.2387654311939,-0.0905380080701,0.0474944249241,0.0932501247178,-0.2886646111446,0.0004484109145,0.0456196591315,0.2018453668896,0.0749463208507,-0.0228616994858,0.3982886660964,0.3139311534820,-0.0284308424001,-0.2498170646030,0.0781593111038,0.2211742940254,0.2204405422404,0.0018308004552,-0.1489806470705,-0.1233788722660,-0.3003183755213,-0.1693798033023,0.0012492203873,-0.2658053385617,-0.0214164262607,-0.4187658203468,0.2238634590237,-0.2150396597110,0.0256549716645,0.2852371046841,0.1612950804491,-0.0800716848339
-0.1466185934047,-0.2562458042257,-0.2490774890594,-0.1754563762652,-0.1959295450690,0.7090121918654,0.3844532978972,-0.3483463987312,0.4508228713201,-0.2244370162286,-0.1199448951453,-0.1178969440206,-0.1451284092659,-0.1121981287778,0.1727760700064,0.2819940137158,-0.2623418996990,-0.1855498732916,-0.1049855656167,-0.1324703516598,-0.2205136397636,-0.2948693652585,-0.2499178498507,-0.2895381864795,-0.2852781550712,-0.1245083035946,-0.0744709452169,-0.1499156205701,-0.2623228395782,0.0718536811075,-0.1608409008566,0.2096869074020,1.0000000000000,-0.1644303913653,0.0038492448920,-0.1231415089348,-0.2154287086093,-0.0859937098327,-0.2044774793088,-0.2667279504364,0.6821912082819,0.4893590572614,-0.3203320611015,0.4564595123444,-0.2260475537076,-0.0441452917009,0.2375796018731,-0.1619705452913,0.2082449299460,0.4490208038910,0.3831284054402,-0.2739508875800,-0.0553579149739,0.1178879263951,-0.0628269994177,-0.1898947393282,-0.2255407119189,-0.2301802252448,-0.3091649947851,-0.2210488196944,-0.1220875515583,-0.0718391372556,-0.0444395476431,-0.3150258162321,0.2249564813205,-0.1363033096690,-0.2013273601133,0.8593570825525,-0.0219725970116,0.1439539422848
0.3608986150494,0.3515339695327,0.2086805323568,0.5024345698852,0.3194547402663,-0.1426759389353,0.0781097083753,0.2105741253820,-0.1059282545601,0.4787535968906,0.1921484840441,0.3135809074744,0.4690480003256,0.0628929636036,0.2797618557448,0.3943361298323,0.1637546356255,0.6152282339267,0.2289376559635,0.6350762917826,0.4296421172335,0.4486017475526,0.4386895875370,0.5245526595222,0.1745773647141,0.1289762123776,0.1996532486747,0.0211974087339,0.1711909993207,0.6983227255850,0.4993277290824,-0.0171725049386,-0.1644303913653,1.0000000000000,0.6426405379552,0.3359986375378,0.2374120033766,-0.0207266034844,0.3856646313883,0.2107907238512,-0.1072518731753,-0.1980787477826,-0.0640845028617,-0.3407916653072,0.3884818228406,0.0132622133369,-0.0844536147843,0.3467377577455,-0.2120122582527,-0.2404428829992,0.0658803951652,0.1754816844386,0.4880961306934,-0.2035707817691,0.4061797069380,0.2731004551394,0.2755884607491,0.4308207484694,0.2100773166754,0.2396280423443,-0.0316908088819,-0.0158074522501,0.0059578892394,0.0057197995448,0.3355716302696,0.2322273628194,0.0630494698138,-0.1590488517432,0.7397147594583,0.4012201884091
