1.0000000000000,0.1772332430039,0.2493364933884,0.2999497892970,0.1553879402106,-0.1255358341123,0.0565378292796,-0.0022714039583,-0.0452993895626,0.2615605727169,0.3732618370070,0.0147989945271,0.3513292881770,-0.1309489089221,0.4112240403316,-0.1783801151663,0.3732270366443,0.7183731297986,-0.0595478795936,0.5756999738687,0.5692601697010,0.2080596720533,0.1963354286813,0.4686593396620,0.1378161709938,-0.0143522774167,0.1576016415826,-0.1902734450779,0.2391539130317,0.3940135775785,0.4839414465448,-0.1254684524378,-0.1127683588283,0.2123901057995,0.4276945509295,0.4121987262860,0.1160675612067,-0.1476373921571,-0.1256179406192,0.0183341184582,-0.3507891335899,-0.3506786926442,0.0509542865913,-0.2902811716388,0.2356337412694,0.0224377121603,-0.3612169908214,0.2859263245235,-0.1666060120283,-0.1648816009583,-0.0903716900533,0.4706683245521,0.0859931636630,-0.3658144219168,-0.2801035091479,0.4605208672204,0.0757128902356,0.3424596396607,-0.0499362929084,0.1759857488807,-0.2978734222926,-0.4695978696411,-0.4402429326129,-0.2484575866962,-0.0798773730634,0.4242077347796,-0.0283090188295,-0.2455302108272,0.0336153375835,-0.0740480754031
0.1772332430039,1.0000000000000,0.0290302622505,0.5122704355686,0.2391865142789,-0.3363415193961,-0.0862098395995,0.0307752361581,-0.3040066512707,0.2725049543898,0.0449880608136,-0.1301421836660,0.1159419297285,0.0501102855640,-0.0940443559038,-0.1797651267743,0.3684365603889,0.4262359463297,-0.2093597179130,0.2649325839258,0.2020797529429,0.1553693789212,0.6814239117467,0.3444362959127,0.3593757095650,0.4078300036959,0.2214144615810,0.0031282182273,0.3467047351209,0.3132294922256,0.4356162209989,0.1706453612381,-0.3571244627985,0.4302199412811,0.3166424553155,0.1285911666764,0.6319936896032,-0.1361684835588,0.1964501718817,0.1496467922138,-0.3091547089513,-0.2865942410458,-0.1203719633077,-0.3372673214751,0.2657967229129,-0.0235100215821,-0.2296312580451,0.2085526767653,-0.1121401520926,-0.0859314846646,-0.1478120287266,0.4142607040437,0.2591530660517,-0.2619999110205,0.0029820963942,0.1780471077012,0.0049737999262,0.6277862602182,0.1737815731984,0.3687005355296,0.1189267001166,-0.0077057050010,-0.2305578981377,0.0039834870137,0.2367014058741,0.3120918664299,0.0108713404742,-0.0513033101718,0.1567120895188,0.1565427319717
0.2493364933884,0.0290302622505,1.0000000000000,0.1034737416169,0.0569913846398,-0.1934459684210,-0.0574945205827,-0.2776452331247,0.0625595827312,0.0153745878957,0.0460078549297,0.0121370415105,0.0722562508570,0.0929685685172,0.0900117153890,-0.1721477986907,0.1188854308996,0.3613481637322,0.1124173249656,0.2804309914547,0.3603090198458,0.3753061072995,-0.0750584799340,0.5687333040504,-0.1508385410163,0.1055598826017,0.3241060028901,0.6063247712443,-0.0500738669115,-0.1816055858225,0.0679522274799,-0.1563306092797,-0.3441955857294,-0.1358767315555,-0.1008284193072,-0.1538672403788,0.0730985050974,0.3000932483453,-0.2265589436803,-0.1815603284218,-0.2731049798708,-0.1892702540439,-0.5188880570735,-0.1286246444149,-0.0339403343121,-0.2530569845401,-0.0794562289332,0.0997434000296,0.3101076825219,-0.0867661844412,-0.2425450823443,0.2329223892122,-0.0301675272994,-0.0009435461060,-0.1085638106324,0.2954512702378,0.0110015661093,0.0508524373446,0.1144056656296,-0.1547528396432,0.0826157537840,-0.2409484496338,0.2625028374544,-0.4802810060155,-0.2176294772567,-0.0729574859464,0.1268416397094,-0.5530289339450,-0.2115130014976,-0.3488239138282
0.2999497892970,0.5122704355686,0.1034737416169,1.0000000000000,0.0815944007628,-0.1147224679362,-0.0256890341552,-0.0293767537489,-0.2091944153730,0.5716167099858,-0.1218152444350,-0.1766625147717,0.1783492039391,0.0132913778681,0.0016855158054,0.2442146514137,0.3757981176405,0.3319891799776,-0.1678102911823,0.2013709772943,0.2247997228604,0.1943546835838,0.6053966382629,0.2462940103656,0.4688045627850,0.4612172119327,0.0804217147930,-0.1129302016386,0.2286591149782,0.2619575798846,0.3339815135306,0.0372142794564,-0.1046740680295,0.2845227218324,0.4357502000654,0.3471164417838,0.3918134034794,-0.2071092219087,0.3933446524771,0.0440183103208,-0.0264837478296,-0.2073879489227,-0.0571864365402,-0.0383515333399,0.5631057725952,-0.1607987697834,-0.0951123779643,0.1867542729420,-0.0833538004729,0.1395427675528,0.3172508165512,0.3672592180572,0.1793619672844,-0.2725484726051,-0.1005232790773,0.2823105164315,-0.0152014177441,0.5299013027232,-0.1409794646803,0.5401319096096,0.1099709019380,-0.2530049889066,-0.2860707703652,-0.1288916379775,0.1932194093608,0.2649693477125,-0.1073232798985,0.0916056554002,0.2239532653606,0.4073850715052
0.1553879402106,0.2391865142789,0.0569913846398,0.0815944007628,1.0000000000000,-0.1573607905957,0.2022545478076,-0.0033516483460,-0.0103515237327,0.3442640766502,0.4502259883511,0.0343423774932,0.6631171978546,0.0165183358274,0.0393098665664,-0.0505500202701,0.1293178064930,0.1468666272673,-0.0722872793469,0.2151933665030,0.5480587170976,0.0062526234892,0.3678846125043,0.1292016616740,0.4747677715569,0.0388069016902,0.2268414756306,-0.0368385899932,0.3769226082565,0.1715095462841,0.0899667510612,-0.0477213191741,-0.1096035217941,0.2712477266681,-0.0053697918035,-0.1278858717717,0.0276233570684,0.0472407181247,-0.0932050775150,0.7428758751073,-0.3079607020367,-0.0081824262027,0.0554687280154,-0.3073813570329,0.2548091439954,0.3822815700493,-0.3411396510879,0.6527187337189,-0.1110874055379,-0.2771033711142,-0.1353103227137,0.1842141057418,-0.0294287742840,-0.2049242785159,-0.2141634143048,0.4913999654528,0.0179892884085,0.3024088733821,0.1924238500208,0.3880815875886,-0.1904760923357,-0.0163116568593,-0.1583283153319,0.0779122480997,0.0134018604792,0.1985333167473,-0.1687415224133,-0.1598139748096,0.0314613113791,-0.2411732005302
-0.1255358341123,-0.3363415193961,-0.1934459684210,-0.1147224679362,-0.1573607905957,1.0000000000000,0.3090911906174,-0.0140396571377,0.4652196664484,-0.1633360286157,-0.0215537739376,0.2923846601609,-0.1147695165274,0.1479008625008,0.2488015297303,0.4201106746666,-0.3375679334500,-0.2614245877866,0.2895732257530,-0.1809996789910,-0.2654401499110,-0.1756285906861,-0.1503488556237,-0.2962164607981,-0.1331945636982,-0.2257113940901,-0.0368100071801,-0.1164729864458,-0.2442553433311,-0.0931863831998,-0.1831288096842,0.0574630361070,0.5203707575014,-0.0502190332475,-0.0019116053132,-0.1602261444933,-0.4834600653516,-0.2173481403786,-0.1339762284992,-0.2381380978781,0.7027283752784,0.4153177079947,-0.0011844050146,0.5552673971366,-0.1509662610657,-0.0389459566658,0.3441255508688,-0.2076484821778,0.1519703122315,0.1804236798187,0.3824623531299,-0.3336627506854,-0.2691012304443,0.2124158542273,-0.1318036646883,-0.2899329804880,-0.2796198639831,-0.2830778187260,-0.4637941015980,-0.2211645641030,-0.2941648727044,-0.1211372325878,-0.0003568850799,-0.2000363707123,-0.1177230007302,-0.1916882465060,0.0227361973933,0.2867992179423,0.0596428417104,0.0565192514009
0.0565378292796,-0.0862098395995,-0.0574945205827,-0.0256890341552,0.2022545478076,0.3090911906174,1.0000000000000,-0.3251123091192,0.7340355433423,-0.0285353505683,0.4102804662519,0.4335819560929,0.4862912214429,0.3036855549077,0.4783077859818,0.4377945355201,-0.2161930559638,-0.0739971199889,0.2486386500813,0.1459206473607,0.1555535222535,-0.0304516799317,0.0340002142124,-0.0536776051298,-0.1133993790042,0.0533581865501,0.1141394612287,-0.0882070980607,-0.1332913762979,0.2821982085488,-0.1306339285001,0.0357900183012,0.2124113277861,0.1907123178906,0.1367967035447,-0.3524353881198,-0.1876986182117,-0.0475871468184,-0.1295806535970,-0.1613264924954,0.1685126451669,0.5953726234730,-0.2005557499816,0.0983198884726,-0.1395444961660,0.2514280672328,-0.0712355190183,0.1166750055038,-0.1485918648133,-0.3242189631921,0.0674225413702,-0.1653595595329,-0.3815966146537,-0.2099095961457,-0.4787833054260,-0.0721580728392,-0.1614615190280,-0.0172127694258,-0.1602084564419,-0.1631678502774,-0.3579831769376,-0.2347582720149,-0.0784707332240,-0.3297040440957,-0.2503679755036,-0.0008349486965,-0.2152157833975,0.0732299453723,-0.0529505910472,-0.2484056139252
-0.0022714039583,0.0307752361581,-0.2776452331247,-0.0293767537489,-0.0033516483460,-0.0140396571377,-0.3251123091192,1.0000000000000,-0.1974990123767,-0.0113124000990,0.0612386904078,0.0213452743138,-0.2844072012158,0.0719576858743,0.0005518730130,-0.1339084878799,0.1303435225763,0.0264113809390,-0.0697594911241,0.0313951479724,-0.1392958568131,-0.0530820500874,-0.0273529158325,-0.1945740367024,0.2712083824890,0.1803211853093,0.1560768539383,-0.0387060065086,0.3857597597965,0.0357122230602,0.2701043437156,0.2741072964235,0.1853256891816,0.0318007215958,-0.1717892891722,0.0845126260151,0.0408368126790,-0.1465616092104,-0.2144809975559,0.1209551972205,-0.0410336174743,-0.3408422483551,0.5054259923401,-0.1871757914301,-0.0182582338731,-0.0343766480020,-0.0472419262159,-0.1220205486977,-0.1204442318765,0.1984278687323,-0.1808413922816,-0.0215871407918,-0.1642557347217,-0.0606840469242,-0.0166951450775,-0.0335038628223,-0.1617962410041,-0.1767973980599,-0.1844085154234,0.1434767100109,0.0001814705857,0.2078021670001,-0.0162001933789,0.4471574420510,0.1469139543229,-0.1585981992826,-0.0267451910781,0.2449178006039,-0.1672170096214,0.0344742320902
-0.0452993895626,-0.3040066512707,0.0625595827312,-0.2091944153730,-0.0103515237327,0.4652196664484,0.7340355433423,-0.1974990123767,1.0000000000000,-0.3268208335480,0.2727561113421,0.6023105301174,0.1461629088236,0.3872882398040,0.5776086319476,0.3185136469059,-0.2852553239704,-0.1479125708815,0.4990696249921,0.0712818650839,0.0055121942815,0.0540114778651,-0.2607152749782,-0.0788512732409,-0.3495661391279,-0.0676938895637,0.1750263035851,0.1120672332679,-0.2198042165961,0.0465243761079,-0.1742318117050,-0.0046528863339,0.2841659374969,-0.0135133927905,-0.1265711502215,-0.4923775902088,-0.2804871371285,0.1816591175685,-0.2582390924707,-0.2948288202788,0.2858356474854,0.4523290693398,-0.1649457516678,0.2127758168736,-0.3985823237064,-0.0047945913177,0.1186751958959,-0.1856625678123,0.0088126244171,-0.2820989785865,-0.1566671250771,-0.2928550456063,-0.5359391709921,-0.0418674080002,-0.4619345494119,-0.2324156951527,-0.0554380132533,-0.2847487663005,-0.0954923423525,-0.3846726467322,-0.3669565168652,-0.0971040669140,0.2202951192772,-0.2416896009969,-0.4335902368646,-0.1163852899139,-0.1309817185502,-0.0337223017224,-0.2487286544470,-0.3755193897826
0.2615605727169,0.2725049543898,0.0153745878957,0.5716167099858,0.3442640766502,-0.1633360286157,-0.0285353505683,-0.0113124000990,-0.3268208335480,1.0000000000000,-0.0726775944951,-0.3201035292932,0.3526212510226,-0.0939643295217,-0.0631162275352,0.2635559345238,0.2892256248114,0.2171694476191,-0.2871307094952,0.1095977539474,0.3463533005550,-0.0040293973431,0.6141941186340,0.1219225525165,0.6335030781262,0.2552419618237,-0.1270346016289,-0.2338448700794,0.1982999789403,0.1903342463413,0.2230128821609,-0.0504643895682,-0.1257903674812,0.2346750041035,0.2707449961719,0.2087564681283,0.1873749502497,-0.1349478983330,0.3552766065347,0.3152256333853,-0.1213318190281,-0.1707130270856,0.0017252993693,-0.1771892351675,0.8521824903908,-0.1001677711848,-0.2238888291454,0.5135770469049,-0.0960120214993,-0.0179689175524,0.3087509373846,0.2977610492874,0.2120434455412,-0.2455028671607,-0.0501354899336,0.4277403180718,0.0297431254702,0.4668585152755,-0.0383877557686,0.6307556250766,0.1436917686021,-0.1448402407817,-0.4049359666887,-0.0991924214525,0.1929887307353,0.2113289519904,-0.1705806875345,0.0386636784785,0.1673778577881,0.2736472598585
0.3732618370070,0.0449880608136,0.0460078549297,-0.1218152444350,0.4502259883511,-0.0215537739376,0.4102804662519,0.0612386904078,0.2727561113421,-0.0726775944951,1.0000000000000,0.2197544345134,0.5613641562113,0.0727542682352,0.4077310986167,-0.1639985853173,0.1778814733362,0.2290274456518,0.0701079948844,0.3317740366012,0.5343051653469,0.2011680516681,0.0233661189553,0.2312371971144,0.0651165295297,0.0058213019009,0.2531995660592,-0.1473671225371,0.2914509036045,0.3254928619967,0.2109434800493,-0.0290929278696,0.0153868792540,0.2149956012099,0.0517494085725,-0.1465628135373,-0.1734321269887,-0.0758838824920,-0.4422013196981,0.2683806547684,-0.3785157970919,-0.1037799045056,0.0939822191746,-0.3647560036534,-0.0547280225198,0.5227533875853,-0.4685304340645,0.3196356898570,-0.0915257341499,-0.3214330025290,-0.2742393249779,0.2903681199208,-0.3295811961118,-0.3775911407423,-0.4402475554127,0.3593794050277,0.1628233969704,0.1888775847608,0.0580456552149,0.0227725245215,-0.4603533184738,-0.3971606482591,-0.2607306757677,-0.0340346003119,-0.1434763273656,0.3950873338512,-0.0342665706163,-0.1948491870401,-0.0727846207181,-0.4813476082372
0.0147989945271,-0.1301421836660,0.0121370415105,-0.1766625147717,0.0343423774932,0.2923846601609,0.4335819560929,0.0213452743138,0.6023105301174,-0.3201035292932,0.2197544345134,1.0000000000000,0.0205470482032,0.6322995716886,0.4864358395330,-0.0490945042437,-0.2273159488958,-0.1025501676770,0.7105369704791,0.1404658095235,0.0236345386574,-0.0326634372994,-0.2289750143392,-0.0516251323653,-0.1995873392331,0.1485286043442,0.4480611761894,0.2695112154255,-0.1961254036229,0.1279101473457,-0.1831582599202,0.0751764891986,0.1384388490217,-0.0669693953290,-0.1016870052749,-0.4956595457650,-0.1508319083841,0.1248480472246,-0.2858004352866,-0.2208189976097,0.0144848583226,0.1436413158762,0.0003887915581,-0.0069923355810,-0.4229792372981,-0.0755307659867,0.2810843466300,-0.3355185104504,0.2297141488371,-0.3663136925564,-0.3096482291421,-0.2640510584631,-0.5899499366778,0.1435931146551,-0.4729420539648,-0.2017570990533,-0.2220528054587,-0.3001835687513,-0.2433811853351,-0.2799303439691,-0.3072243324833,0.0211413166187,0.2526576278586,-0.1628978118706,-0.4676857381247,-0.1114695563136,0.1162456726418,-0.1804381137490,-0.3400658409188,-0.4823202012622
0.3513292881770,0.1159419297285,0.0722562508570,0.1783492039391,0.6631171978546,-0.1147695165274,0.4862912214429,-0.2844072012158,0.1461629088236,0.3526212510226,0.5613641562113,0.0205470482032,1.0000000000000,0.0571735509245,0.2552318937241,0.1445665070548,0.2294011528707,0.2153096561251,-0.0421883147010,0.2942399922090,0.7394635921750,0.1290577096153,0.3202487740209,0.2633526616275,0.2189941478766,0.0148002073153,-0.0064308936886,-0.1784960894965,0.1788169763157,0.4179836135570,0.1408058647180,-0.0781818811882,-0.0770793841204,0.3588873453921,0.2336534026951,-0.0219949774346,0.0105592315481,-0.0146606089825,-0.0551131926860,0.4993392814155,-0.3233256227147,0.0482140986538,-0.0717231621839,-0.2722113618850,0.3224509237332,0.4224808408935,-0.4689709787239,0.7258995578869,-0.2358419059103,-0.3801736876346,0.0107841319599,0.2806316128637,-0.0448696652082,-0.4971670290439,-0.4030175229259,0.5821255831471,0.2108980123451,0.3549788848228,0.2081196689797,0.2602585720634,-0.3486991452528,-0.2964673528965,-0.2890553667741,-0.0980657771544,-0.0461430579347,0.3676574684861,-0.2082985448349,-0.1384928388237,0.0981204195952,-0.1614130300622
-0.1309489089221,0.0501102855640,0.0929685685172,0.0132913778681,0.0165183358274,0.1479008625008,0.3036855549077,0.0719576858743,0.3872882398040,-0.0939643295217,0.0727542682352,0.6322995716886,0.0571735509245,1.0000000000000,0.3589283487866,0.1339037241836,-0.0468822766049,-0.0889085299761,0.6270500504001,0.0790882593804,0.0006728962148,0.0056924142506,-0.0116724495102,-0.0228052481554,-0.1484288774762,0.3763962483345,0.2100946277836,0.3610579798819,-0.1796737037302,0.2180962812550,-0.0847543146159,0.5626911244067,0.0632454941363,0.1411758250196,-0.1729044350577,-0.5562841839672,0.0439816025689,0.2357738752826,-0.2366147304759,-0.1495486923269,-0.0177076960972,0.0613084205888,-0.2082244695342,-0.0361574838443,-0.1522351313825,-0.2119371876021,0.2104675819574,-0.2254385292537,0.3160478278237,-0.3303607370013,-0.1681040652104,-0.1694010215032,-0.5565346123763,-0.0939052071036,-0.5619467839048,-0.1018890563447,-0.1525759819674,-0.1607046420014,-0.0706261309453,-0.1238344887009,-0.2443275383217,0.1069574473623,0.3389519881624,-0.1013491616814,-0.3831830425951,-0.2150716825465,0.2940982045566,-0.0412078805820,-0.2843238975450,-0.3173814167460
0.4112240403316,-0.0940443559038,0.0900117153890,0.0016855158054,0.0393098665664,0.2488015297303,0.4783077859818,0.0005518730130,0.5776086319476,-0.0631162275352,0.4077310986167,0.4864358395330,0.2552318937241,0.3589283487866,1.0000000000000,0.0664132908222,-0.0450509602736,0.2422561793587,0.5709554968537,0.4857746998487,0.2867133382880,0.0407569179459,0.0156591565849,0.0812133145731,-0.1691571759989,-0.0358149449270,0.0906915979185,-0.0310862616248,-0.0892822465578,0.4711719139848,0.1336106583140,0.1131264673445,0.2102857288810,0.2986887463242,0.0798199521234,-0.2267609649045,-0.1642564886572,0.1304345317086,-0.2886630141409,-0.0919517781437,0.0016978031684,-0.0312158924176,0.0034528959595,-0.1071883723030,-0.1379558550625,-0.0886129945669,-0.0971271216238,-0.0145529487166,-0.0773417096433,-0.3047801867966,-0.1855140889049,-0.0210660884939,-0.3782535639908,-0.2254015290963,-0.5130389191288,0.0858316600007,0.0031211739190,-0.0538623516846,-0.1065129664312,-0.1290486530395,-0.5279875840751,-0.2219607973085,-0.0600955999125,-0.2143105460344,-0.3615164218838,0.0910230098274,-0.0139814662104,-0.0400562528827,-0.0770478902159,-0.2985650339841
-0.1783801151663,-0.1797651267743,-0.1721477986907,0.2442146514137,-0.0505500202701,0.4201106746666,0.4377945355201,-0.1339084878799,0.3185136469059,0.2635559345238,-0.1639985853173,-0.0490945042437,0.1445665070548,0.1339037241836,0.0664132908222,1.0000000000000,-0.1169423506809,-0.3208137884389,-0.0053281016375,-0.1990565932338,-0.1918677711076,-0.0068095048684,0.1272391411643,-0.2013705249029,0.1257653608593,0.1138844057953,-0.2388662402537,-0.2642045449105,-0.0436867898591,0.1033246946697,-0.0614697278774,0.0530176400622,0.3839224202737,0.1802316939553,0.2091028872337,-0.0357686490092,-0.2563758446185,-0.1723398298722,0.1556278084204,-0.1404270531449,0.5186141287592,0.5090317335941,-0.1058083931328,0.4266391323976,0.2351797688220,0.0135663337960,0.1566791008511,0.0736542997799,-0.0346935087082,0.1729605619072,0.5626017653136,-0.1895638486082,-0.1591906565923,-0.0078903164490,-0.1229823818520,-0.1578415591691,-0.0511534285308,-0.0315526229900,-0.1938582096481,0.0823319741440,-0.0767737298065,-0.2162975552696,-0.1226766935016,-0.0535311065289,0.1065554193147,-0.1293346372880,-0.1528405378168,0.4115836012168,0.2485521422927,0.3157141029714
0.3732270366443,0.3684365603889,0.1188854308996,0.3757981176405,0.1293178064930,-0.3375679334500,-0.2161930559638,0.1303435225763,-0.2852553239704,0.2892256248114,0.1778814733362,-0.2273159488958,0.2294011528707,-0.0468822766049,-0.0450509602736,-0.1169423506809,1.0000000000000,0.4298728914693,-0.2974227605466,0.1707655752796,0.3276626087399,0.5346464969943,0.4395303639565,0.6138807975600,0.2689983093263,0.2067590818678,-0.0031847788431,-0.2009224647124,0.4587400524945,0.2865580212875,0.7148777937427,0.0668242282285,-0.1962797896873,0.4146229661945,0.3274398221852,0.2806497779366,0.2717566574033,-0.1412550708835,-0.0784808881843,0.1957492375551,-0.3800791016768,-0.5057121350025,-0.0138946515980,-0.3941520960668,0.3127939388856,-0.1079629723059,-0.4238037305423,0.2227952131569,-0.0965694418346,-0.1232769935685,-0.1192951182188,0.8956551503933,0.0629598256319,-0.4489622003870,-0.1923608553949,0.3130625746481,0.5106069340802,0.6242647011346,0.3997353259643,0.4420458551379,-0.0910748053379,-0.2822972297548,-0.3619689404178,0.1796926770927,0.2088773836474,0.5675733235682,0.0428584187832,-0.1656224576954,0.1061327816510,0.1251580987471
0.7183731297986,0.4262359463297,0.3613481637322,0.3319891799776,0.1468666272673,-0.2614245877866,-0.0739971199889,0.0264113809390,-0.1479125708815,0.2171694476191,0.2290274456518,-0.1025501676770,0.2153096561251,-0.0889085299761,0.2422561793587,-0.3208137884389,0.4298728914693,1.0000000000000,-0.1152036548038,0.7247171563664,0.4969551474203,0.2119641680704,0.2954378488399,0.5789933917806,0.1191110011314,0.0860163205920,0.2808613959370,-0.0155879956502,0.2419060591060,0.2781715194232,0.5601535222111,-0.0476846160743,-0.2129704431324,0.1528798317647,0.3651595574448,0.2578379479120,0.3664533907033,-0.0312936452516,-0.1144633115398,-0.0078663139831,-0.4125269229859,-0.4491797771265,-0.1038403291937,-0.4207433962222,0.1793656067363,-0.1207142852002,-0.4039129977370,0.2380821849627,-0.1503731262407,-0.2515975029899,-0.2329108171082,0.5268385919977,0.2907723908536,-0.4000089897531,-0.1608698030994,0.4540447152799,0.0616045214293,0.4417489989985,0.0942889808462,0.1855663358892,-0.1647181429657,-0.2913091984230,-0.3199772856138,-0.2596355767800,-0.1422679655233,0.3997978093180,0.0043064615973,-0.3146045530055,-0.1144454434449,-0.1483125717780
-0.0595478795936,-0.2093597179130,0.1124173249656,-0.1678102911823,-0.0722872793469,0.2895732257530,0.2486386500813,-0.0697594911241,0.4990696249921,-0.2871307094952,0.0701079948844,0.7105369704791,-0.0421883147010,0.6270500504001,0.5709554968537,-0.0053281016375,-0.2974227605466,-0.1152036548038,1.0000000000000,0.2401438178913,-0.0312435373349,-0.0753616746176,-0.2672238096261,-0.0481057318056,-0.3426439566452,0.0717611788675,0.2140642208667,0.3690170055176,-0.2836313108818,0.1355731361276,-0.2632332843507,0.1251886524792,0.0566540142367,-0.0651360966305,-0.1923757726226,-0.3913792380170,-0.1801069562217,0.3129488789245,-0.1450266567755,-0.1208175489192,0.1160374820797,0.0518894983492,-0.0947438869323,0.0814423556678,-0.3441191490087,-0.1725176646015,0.3453187611449,-0.2757796312506,0.2216777874045,-0.2311233349365,-0.1828879825875,-0.3205121634589,-0.4464030180536,0.2480373104596,-0.3042269586897,-0.1533232598675,-0.1335569084239,-0.4112787801148,-0.1328010392227,-0.3418527770972,-0.2552913636799,0.1190092957933,0.3831576584536,-0.0875021561008,-0.4414694372602,-0.2730494335493,0.2133566835553,-0.1057307447365,-0.2272069308957,-0.3268004436970
0.5756999738687,0.2649325839258,0.2804309914547,0.2013709772943,0.2151933665030,-0.1809996789910,0.1459206473607,0.0313951479724,0.0712818650839,0.1095977539474,0.3317740366012,0.1404658095235,0.2942399922090,0.0790882593804,0.4857746998487,-0.1990565932338,0.1707655752796,0.7247171563664,0.2401438178913,1.0000000000000,0.4697730890690,0.0697368355116,0.2138437136490,0.3752846826472,0.0679968049947,0.1910848216203,0.3394280684564,0.0300884518513,0.1795037887804,0.4261742422989,0.2666827925461,0.0220907492741,-0.0728474239787,0.2967385033455,0.3469525998974,0.0955683248419,0.1789965885945,0.0721256819237,-0.1708405969656,0.0373170058642,-0.3948449530530,-0.3811027560632,-0.0694169112703,-0.4709973836345,0.0470373720564,-0.0216659229858,-0.4483866325827,0.2570996421121,-0.2523205418819,-0.3060289088876,-0.2949705169715,0.2670392304796,0.0844658075490,-0.3152675708164,-0.1914706316574,0.4078563923906,-0.0508028501739,0.2260278720306,0.0362090928418,0.0259579167970,-0.2521862484989,-0.2232552849191,-0.1895212337299,-0.2662873100139,-0.1860371076669,0.1846245672689,-0.0994793021471,-0.2139847234160,0.0055073339581,-0.2058683424246
0.5692601697010,0.2020797529429,0.3603090198458,0.2247997228604,0.5480587170976,-0.2654401499110,0.1555535222535,-0.1392958568131,0.0055121942815,0.3463533005550,0.5343051653469,0.0236345386574,0.7394635921750,0.0006728962148,0.2867133382880,-0.1918677711076,0.3276626087399,0.4969551474203,-0.0312435373349,0.4697730890690,1.0000000000000,0.1615071561164,0.2656267803816,0.3973717948517,0.1739935714366,0.0556921622414,0.1452259417154,0.0286080135560,0.1476200512623,0.2672653036647,0.2287941278138,-0.1275422007069,-0.2460204943059,0.1936754890157,0.2398539682590,0.0090100707764,0.2320881501994,0.1616929513078,-0.0790432159872,0.3528540817256,-0.5643808467871,-0.3414636405931,-0.0643282612729,-0.5031629109984,0.3351091969182,0.1779977428828,-0.5339416087276,0.6354291817845,-0.1251196235338,-0.4133694931081,-0.2636250883124,0.4051117250055,-0.0264704811474,-0.4591948300140,-0.3336368219833,0.8370882254113,0.1776545425486,0.3902541373861,0.1893849866566,0.2342083566419,-0.1843932980782,-0.2576310958692,-0.1952604868759,-0.2621919383053,-0.1945318975538,0.3689922487068,-0.1183508399367,-0.3865358450177,-0.0686119596651,-0.3294621208524
0.2080596720533,0.1553693789212,0.3753061072995,0.1943546835838,0.0062526234892,-0.1756285906861,-0.0304516799317,-0.0530820500874,0.0540114778651,-0.0040293973431,0.2011680516681,-0.0326634372994,0.1290577096153,0.0056924142506,0.0407569179459,-0.0068095048684,0.5346464969943,0.2119641680704,-0.0753616746176,0.0697368355116,0.1615071561164,1.0000000000000,0.0382803196053,0.8005302727845,0.0297629373244,0.2826831877779,0.1625253612729,-0.0022880563678,0.5049197002319,0.2190543153752,0.5933920572768,-0.0713260975014,-0.1433947084807,0.2584147430710,0.1803911067924,0.0379029899054,0.0913207945656,-0.1692825961704,-0.1652108672293,-0.1065414970476,-0.2221685986387,-0.2971468679385,-0.2283258880914,-0.1786757580605,0.0200712167749,-0.1098284083222,-0.1738040511115,0.0357215045305,0.0987232335951,-0.0180572774098,-0.1588437228525,0.5984593252084,-0.0653809471350,-0.2339766219321,-0.1461930408897,0.0376540226407,0.5712964518184,0.2952983559871,0.3670226678689,0.0492601919490,-0.0256908291103,-0.5060793611975,-0.1984978791782,0.0310994371840,0.1818963069880,0.3844938387665,0.0913995426089,-0.1459600133611,0.0423918147077,-0.0107684643921
0.1963354286813,0.6814239117467,-0.0750584799340,0.6053966382629,0.3678846125043,-0.1503488556237,0.0340002142124,-0.0273529158325,-0.2607152749782,0.6141941186340,0.0233661189553,-0.2289750143392,0.3202487740209,-0.0116724495102,0.0156591565849,0.1272391411643,0.4395303639565,0.2954378488399,-0.2672238096261,0.2138437136490,0.2656267803816,0.0382803196053,1.0000000000000,0.2158030564156,0.5871872483565,0.2005098630647,-0.0700958343624,-0.2658202210357,0.2468700248873,0.3593557187602,0.3992679320254,0.1424608492985,-0.1071645919834,0.5810499294291,0.4367111884439,0.1768959778942,0.3503964032955,-0.1594258946657,0.2323857475205,0.3187362913188,-0.1196641190502,-0.1671185914500,0.0240633280654,-0.2216890195045,0.5911861477381,-0.0083602581604,-0.2904492823818,0.3805581465478,-0.1630243116335,-0.1070387955512,0.1333179225685,0.4247928884913,0.2202400963575,-0.3189042933491,-0.1010423782899,0.2593234503108,0.0522196871815,0.8125476982006,0.1195432983852,0.6467365364530,-0.0771532094871,-0.1020928456946,-0.3989351420016,-0.0500524738032,0.2476428307583,0.4079135702141,-0.0989688812629,0.1016979879629,0.3846300708726,0.2722985961189
0.4686593396620,0.3444362959127,0.5687333040504,0.2462940103656,0.1292016616740,-0.2962164607981,-0.0536776051298,-0.1945740367024,-0.0788512732409,0.1219225525165,0.2312371971144,-0.0516251323653,0.2633526616275,-0.0228052481554,0.0812133145731,-0.2013705249029,0.6138807975600,0.5789933917806,-0.0481057318056,0.3752846826472,0.3973717948517,0.8005302727845,0.2158030564156,1.0000000000000,0.0767976602616,0.1770321918600,0.2672444171940,0.1024256135955,0.4005164978020,0.2853695311465,0.6153591238937,-0.1539749413055,-0.3385981226533,0.2580454064002,0.3111405987546,0.1118206293333,0.2084334275340,-0.0524246957369,-0.1550300946182,-0.0483312060858,-0.4153180202120,-0.3977008747955,-0.3054555102133,-0.3339873847205,0.0849808765569,-0.1273465805078,-0.3038460025846,0.1708152989278,0.0611015405504,-0.2206792179332,-0.2288396488690,0.7370096853694,0.1148411224549,-0.2806749951720,-0.1802467454047,0.2456338054027,0.4654689275225,0.4703661925597,0.4148835673919,0.0991573611216,-0.1209190535096,-0.4858001616334,-0.2495157493312,-0.1754373117724,0.0397689554688,0.4855941235610,0.1203819848701,-0.3665975217023,0.0498795271411,-0.1372070724915
0.1378161709938,0.3593757095650,-0.1508385410163,0.4688045627850,0.4747677715569,-0.1331945636982,-0.1133993790042,0.2712083824890,-0.3495661391279,0.6335030781262,0.0651165295297,-0.1995873392331,0.2189941478766,-0.1484288774762,-0.1691571759989,0.1257653608593,0.2689983093263,0.1191110011314,-0.3426439566452,0.0679968049947,0.1739935714366,0.0297629373244,0.5871872483565,0.0767976602616,1.0000000000000,0.2043833782680,0.1039148771045,-0.2684435315925,0.5577567504244,0.1260388233444,0.3522635423038,-0.0338312274251,-0.0296117443938,0.2392050707438,0.1725196710440,0.2255544942676,0.1089959794314,-0.2190713286259,0.2567833641986,0.4318571710675,-0.0774267049888,-0.1570662745168,0.2489248202437,-0.1412703384535,0.5591041304886,0.1166783233297,-0.1549260093699,0.3535436061621,-0.1447211657927,0.0297372371306,0.2016615775114,0.2663424226181,0.2253036622332,-0.1609784714119,0.0479165140424,0.3025558752513,-0.0122153951030,0.4559972395281,-0.0395326480036,0.8260481686246,-0.0003221355746,-0.0771058011091,-0.3816388703203,0.2361742701523,0.2725908070912,0.3007924689967,-0.1839119912066,0.1958888386408,0.1802248876925,0.2263580166018
-0.0143522774167,0.4078300036959,0.1055598826017,0.4612172119327,0.0388069016902,-0.2257113940901,0.0533581865501,0.1803211853093,-0.0676938895637,0.2552419618237,0.0058213019009,0.1485286043442,0.0148002073153,0.3763962483345,-0.0358149449270,0.1138844057953,0.2067590818678,0.0860163205920,0.0717611788675,0.1910848216203,0.0556921622414,0.2826831877779,0.2005098630647,0.1770321918600,0.2043833782680,1.0000000000000,0.4254281952592,0.1974526641224,0.2454554915088,0.1578809679890,0.2053114727259,0.1208048473998,-0.1646070234074,0.1272839947522,0.1016168599428,-0.0384839120556,0.4051604581145,-0.1961060595326,0.1321305631927,-0.1093650895364,-0.2124252897596,-0.2519305129630,-0.2837476459987,-0.2458808396585,0.2288367501736,-0.1838615049165,-0.1050483260560,0.0411284136143,0.0419175596810,0.0608324677609,-0.0795544048632,0.1671768440497,-0.1674470851205,-0.2456702062753,-0.1850666384382,0.0700883216535,-0.1645840208213,0.1352497898296,-0.1815390093396,0.1405334626632,0.3630753506510,-0.0356814858845,-0.0473740888775,-0.1058832309349,0.1100105560977,-0.1088700192178,-0.1266024508910,0.0033718489865,-0.1907155329791,0.1035195991596
0.1576016415826,0.2214144615810,0.3241060028901,0.0804217147930,0.2268414756306,-0.0368100071801,0.1141394612287,0.1560768539383,0.1750263035851,-0.1270346016289,0.2531995660592,0.4480611761894,-0.0064308936886,0.2100946277836,0.0906915979185,-0.2388662402537,-0.0031847788431,0.2808613959370,0.2140642208667,0.3394280684564,0.1452259417154,0.1625253612729,-0.0700958343624,0.2672444171940,0.1039148771045,0.4254281952592,1.0000000000000,0.4002424912584,0.1828214064781,-0.0911751866092,0.1329789276601,-0.1718808331725,-0.1024296513668,-0.1192025853143,0.0260504339751,-0.2295728357340,0.0258773526451,-0.0743257750047,-0.3327493813054,-0.1468347351568,-0.2908136216876,-0.1889441797438,-0.1672583950626,-0.2716438952807,-0.2729603468221,-0.1433978872778,-0.0808536583021,-0.0934903651257,0.2145317109606,-0.1889062705231,-0.4291780367136,0.0800620048621,-0.1824702112065,0.0704581471613,-0.1438040445262,0.0243049974799,-0.2945656849991,-0.0720789287470,-0.2221622001982,-0.0961269452934,0.0688740453129,0.0187794870971,0.0647811549355,-0.2856396492428,-0.1905018763702,-0.0079462286255,0.0012121783060,-0.3858806346020,-0.3305535451436,-0.4382774551813
-0.1902734450779,0.0031282182273,0.6063247712443,-0.1129302016386,-0.0368385899932,-0.1164729864458,-0.0882070980607,-0.0387060065086,0.1120672332679,-0.2338448700794,-0.1473671225371,0.2695112154255,-0.1784960894965,0.3610579798819,-0.0310862616248,-0.2642045449105,-0.2009224647124,-0.0155879956502,0.3690170055176,0.0300884518513,0.0286080135560,-0.0022880563678,-0.2658202210357,0.1024256135955,-0.2684435315925,0.1974526641224,0.4002424912584,1.0000000000000,-0.3227089045353,-0.2944338564527,-0.3312883493988,0.0194550009597,-0.2554067117585,-0.3078232342022,-0.4512966365075,-0.4115897569472,0.2072071384657,0.5029096018257,-0.1325298388186,-0.1534155114531,-0.1514774567446,-0.0717179528965,-0.3117551254436,-0.1108346724017,-0.2915969127802,-0.2824721210745,0.1156703785599,-0.2283538843804,0.1698101592471,-0.1491880881364,-0.3907396281532,-0.2568566926084,-0.2824898501784,0.1057401727220,-0.1195657614516,-0.0309820506658,-0.2553854135220,-0.3314934730540,0.0223528916417,-0.2741995303007,0.1808011402321,0.3319906015296,0.8004701783969,-0.2186557437905,-0.4191205798267,-0.4596971464223,0.0370826659772,-0.3925669196288,-0.4604082268825,-0.4378111992471
0.2391539130317,0.3467047351209,-0.0500738669115,0.2286591149782,0.3769226082565,-0.2442553433311,-0.1332913762979,0.3857597597965,-0.2198042165961,0.1982999789403,0.2914509036045,-0.1961254036229,0.1788169763157,-0.1796737037302,-0.0892822465578,-0.0436867898591,0.4587400524945,0.2419060591060,-0.2836313108818,0.1795037887804,0.1476200512623,0.5049197002319,0.2468700248873,0.4005164978020,0.5577567504244,0.2454554915088,0.1828214064781,-0.3227089045353,1.0000000000000,0.2565417871658,0.6505442987029,0.0469407720415,-0.0758844796235,0.3108194427272,0.0887777071446,0.2637465699797,0.0455419243100,-0.3815486674645,-0.1145231486572,0.3282783049747,-0.2033398606097,-0.3017702013882,0.1608668974297,-0.1991171146121,0.2341076065765,0.2247582243007,-0.2569121881929,0.3729942019072,-0.1391754026048,0.1638622877474,-0.0571134114361,0.5286715951249,0.1557768979746,-0.2112999946485,0.0265067189999,0.2699790732286,0.2334542852679,0.3192844905775,0.1681162937306,0.4183278379906,-0.0884338345495,-0.3244063058224,-0.4965709660032,0.4422708888971,0.4797606813236,0.3546857539741,-0.0609617850648,0.1455508959731,0.1240903766848,0.1917379648190
0.3940135775785,0.3132294922256,-0.1816055858225,0.2619575798846,0.1715095462841,-0.0931863831998,0.2821982085488,0.0357122230602,0.0465243761079,0.1903342463413,0.3254928619967,0.1279101473457,0.4179836135570,0.2180962812550,0.4711719139848,0.1033246946697,0.2865580212875,0.2781715194232,0.1355731361276,0.4261742422989,0.2672653036647,0.2190543153752,0.3593557187602,0.2853695311465,0.1260388233444,0.1578809679890,-0.0911751866092,-0.2944338564527,0.2565417871658,1.0000000000000,0.3752632917920,0.2253136908672,0.1120334855486,0.6832794652493,0.4629577838476,0.0915738126819,0.1732823327976,-0.1324543023526,0.0013770863141,0.1553812979760,-0.1890193560009,-0.1603941195079,0.1482792493255,-0.3019216931387,0.1805624496397,0.1529123494543,-0.3319375791470,0.1696789699764,-0.3695360300569,-0.2776505114309,-0.0201974763663,0.2652577635191,-0.1101571882139,-0.4988073681189,-0.4014924843117,0.0928408960582,0.1972739368525,0.3454705915068,0.1701139758164,0.1833318923764,-0.4077304967759,-0.2755193823493,-0.3117074203870,0.0845175931537,0.1538520603184,0.3411028376398,-0.0735778500723,0.1667695613970,0.2989803596921,0.1290326300132
0.4839414465448,0.4356162209989,0.0679522274799,0.3339815135306,0.0899667510612,-0.1831288096842,-0.1306339285001,0.2701043437156,-0.1742318117050,0.2230128821609,0.2109434800493,-0.1831582599202,0.1408058647180,-0.0847543146159,0.1336106583140,-0.0614697278774,0.7148777937427,0.5601535222111,-0.2632332843507,0.2666827925461,0.2287941278138,0.5933920572768,0.3992679320254,0.6153591238937,0.3522635423038,0.2053114727259,0.1329789276601,-0.3312883493988,0.6505442987029,0.3752632917920,1.0000000000000,0.0307574775326,-0.1245334570630,0.4263579075894,0.3603236104569,0.3507635335337,0.1736905784658,-0.3471477905735,-0.1501119225500,0.0615433724239,-0.2268466206340,-0.4116675800394,-0.0308956229032,-0.2486556411084,0.2313484405718,-0.0961611091850,-0.2732782066737,0.2195368442949,-0.0948007108682,-0.0168356399851,-0.0835681347394,0.7160173665053,0.1675206598088,-0.3902031358846,-0.1348226292514,0.2215522614634,0.3509238376252,0.5125798821665,0.1802711745734,0.3759164703012,-0.1700235300576,-0.3673122525403,-0.5306553024717,0.1797028222528,0.2867539076517,0.5299705866428,0.0109504675007,0.0047093510699,0.0739296600053,0.1518157814162
-0.1254684524378,0.1706453612381,-0.1563306092797,0.0372142794564,-0.0477213191741,0.0574630361070,0.0357900183012,0.2741072964235,-0.0046528863339,-0.0504643895682,-0.0290929278696,0.0751764891986,-0.0781818811882,0.5626911244067,0.1131264673445,0.0530176400622,0.0668242282285,-0.0476846160743,0.1251886524792,0.0220907492741,-0.1275422007069,-0.0713260975014,0.1424608492985,-0.1539749413055,-0.0338312274251,0.1208048473998,-0.1718808331725,0.0194550009597,0.0469407720415,0.2253136908672,0.0307574775326,1.0000000000000,0.1097956918971,0.3469824730254,-0.0519955004837,-0.1944687214321,0.0637266501150,-0.0385167035667,-0.1863579773839,-0.0576772132023,-0.0127463912667,-0.0800553029750,0.0067695624673,-0.1019065789191,-0.0119891824923,-0.0479360486513,-0.0112497378073,-0.0972991001685,0.0848795248310,0.0135019053706,-0.0462207314675,-0.0247168349865,-0.1944726231245,-0.1857144909138,-0.2091703280622,-0.0946609808102,-0.1471845784289,0.0100685762249,-0.0118989652873,-0.0383108320034,-0.1907480169043,0.0387484761019,0.0563889679851,0.0605976604141,0.0496825912155,-0.1721618712119,0.4227323104504,0.1951846141867,0.0648163113421,0.0920493263742
-0.1127683588283,-0.3571244627985,-0.3441955857294,-0.1046740680295,-0.1096035217941,0.5203707575014,0.2124113277861,0.1853256891816,0.2841659374969,-0.1257903674812,0.0153868792540,0.1384388490217,-0.0770793841204,0.0632454941363,0.2102857288810,0.3839224202737,-0.1962797896873,-0.2129704431324,0.0566540142367,-0.0728474239787,-0.2460204943059,-0.1433947084807,-0.1071645919834,-0.3385981226533,-0.0296117443938,-0.1646070234074,-0.1024296513668,-0.2554067117585,-0.0758844796235,0.1120334855486,-0.1245334570630,0.1097956918971,1.0000000000000,0.0593486954014,0.0675857462569,-0.1579822743515,-0.3216160874388,-0.1671137602397,-0.1201201945569,-0.1169211143454,0.4964396786234,0.2190911174757,0.2481304412090,0.2612297633036,-0.1041270331615,0.0758208928093,-0.0090450471605,-0.1775035944119,-0.1500866609314,0.0968900585708,0.2424098906009,-0.2624467169194,-0.2055946186335,-0.0390313651958,-0.1275567087263,-0.2155996639996,-0.0726165471392,-0.1898237873016,-0.2055566139382,-0.0483750584782,-0.2648547699123,-0.0503648664265,-0.0544752457877,0.0296331659709,-0.0106653885165,-0.0373028858911,-0.1992116430153,0.4829511502645,0.0645758047660,0.1465489955242
0.2123901057995,0.4302199412811,-0.1358767315555,0.2845227218324,0.2712477266681,-0.0502190332475,0.1907123178906,0.0318007215958,-0.0135133927905,0.2346750041035,0.2149956012099,-0.0669693953290,0.3588873453921,0.1411758250196,0.2986887463242,0.1802316939553,0.4146229661945,0.1528798317647,-0.0651360966305,0.2967385033455,0.1936754890157,0.2584147430710,0.5810499294291,0.2580454064002,0.2392050707438,0.1272839947522,-0.1192025853143,-0.3078232342022,0.3108194427272,0.6832794652493,0.4263579075894,0.3469824730254,0.0593486954014,1.0000000000000,0.4739181235260,0.0720304584506,0.0981965570382,-0.2009185945518,-0.0812213961206,0.2279407925489,-0.1413171629538,-0.1329515962700,0.0470301369812,-0.2423463143674,0.2333114657640,0.1260267377844,-0.3810064577744,0.2727635776195,-0.2754052814876,-0.1273193876950,-0.0044313563008,0.3951548623007,-0.0635557331960,-0.4029232307527,-0.2551043873172,0.1173222163758,0.2172436717843,0.5282321743391,0.2481333692438,0.2786035278861,-0.3194237351828,-0.2711610695517,-0.3193796773824,0.0402401706407,0.3237823153271,0.3372920786293,-0.0665996558169,0.1241973264950,0.5801897609392,0.2622191947211
