1.0000000000000,0.3048506980610,0.3983685388581,0.5121954381219,0.1852942185570,-0.1038055731328,0.1196313568896,0.3336238194291,0.0495355778780,0.3761779227825,0.1062472410160,0.2151907321235,0.0742874092687,0.0222933363215,0.4166596104283,0.1492055125060,0.1109127952663,0.6002013422954,0.2578782026308,0.5672527883457,0.3119590241726,0.1318960450046,0.3473516482161,0.2784606557070,0.3097420450984,0.2237134720288,0.3869802384117,0.2853940057795,0.1847290058420,0.4018459492468,0.3887063524167,-0.0619966581698,-0.0578726422851,0.2361678559177,0.4727258912476,0.4190320277429,0.3718052013836,0.0374475719205,0.4730560103103,0.0511204675901,-0.0849498347217,-0.0992778366737,0.1763771771968,0.0093225873734,0.2301429202557,0.0243065207868,0.0654435012875,0.0823324150459,-0.0318114287360,0.2024268520559,0.1027938428795,0.1587912488122,0.5107540373133,0.1090475660435,0.4056955915631,0.2664088112840,0.1195629125205,0.2426587928035,0.0919050698538,0.2730485803954,0.2306702533074,0.2458638339817,0.1465682407320,0.0389288846443,0.0455633212458,0.2097039302493,0.0498056216348,-0.0922628055033,-0.1782812481992,0.3112184382491
0.3048506980610,1.0000000000000,0.3147677632706,0.6236380572359,0.0138119647675,-0.0468409978442,0.1284545460698,0.1528413181056,0.0063061430577,0.0471224820500,-0.0025232880719,0.0881284988339,0.0654829964109,0.1856674511518,0.0451933810056,0.0303506990025,0.0341051058635,0.4036452132739,0.1572941394802,0.3576501868069,-0.0053231912518,0.1389582922379,0.5118034743792,0.3111078619865,0.2452334351864,0.5140249969021,0.5663073434931,0.4326441853338,0.1941193570646,0.2504870241524,0.4791660546139,0.1303917879901,0.0185730975189,0.1819735248432,0.7251820771509,0.1808119114770,0.8507219003047,0.1081052947174,0.4756210600056,0.0424486458916,-0.0477931092211,0.0628884230170,0.0153682997162,-0.0919357574563,0.0210416093835,-0.0672902400874,0.0449585707692,0.0561211919493,0.1441391655172,-0.1591703919711,0.0957988251753,0.0123939142963,0.4823301333573,0.0033462779543,0.1341761302007,-0.0141547653231,0.0382612241700,0.4147834298521,0.1595336197111,0.2582769413852,0.3513932405209,0.3610670905876,0.2863875512025,0.0951512459974,0.1987463789158,0.4400910185058,0.2183305301950,0.0724023316869,0.2796100705868,0.7255498309738
0.3983685388581,0.3147677632706,1.0000000000000,0.5916975686513,0.0374955470838,-0.0923949506726,-0.0440345329495,0.4977946250990,0.0207334408651,0.2860270982297,-0.2099146669528,0.2110653002895,-0.0032271429603,0.4039400040262,0.0979627773247,0.0304647085216,0.2320906808806,0.5640119731103,0.2808410979805,0.4245788690101,0.2168611888671,0.1560463851946,0.3186069601086,0.5172469821193,0.3264608069232,0.5942638452477,0.6831631478096,0.8185625516290,0.1888832378133,0.0055353170590,0.2949824921762,0.2649334094031,-0.0754255508387,0.1089834815898,0.3931134963217,-0.0065710563836,0.4109875076431,0.7346324724745,0.5681676322922,-0.0862614166085,-0.1203924605661,-0.2610944756574,0.3583098305406,-0.0847771204577,0.1623115909431,-0.2785926812419,0.2788606233910,-0.0621911172362,0.4000314070819,0.0484702318538,0.1365015173379,0.2125468888210,0.5299574301665,0.1301870233825,0.3999620201353,0.1261505110198,0.1222132799259,0.1848965288113,0.2742475863932,0.2795767198977,0.5723308798409,0.5753181269550,0.7591429787974,0.0854445817124,-0.2471526314093,0.0011003304372,0.4009907030091,-0.0887610610878,0.0548852498576,0.3594016706977
0.5121954381219,0.6236380572359,0.5916975686513,1.0000000000000,0.0919963666613,0.0302720693407,0.2427659185822,0.3158547034270,0.1507457798639,0.3913896091294,0.0185151636234,0.2064959007998,0.1130406395968,0.3996471417771,0.2009207118196,0.3075306103248,0.2707721384849,0.4466889946384,0.2654468922551,0.4809281596285,0.1485214083266,0.2202118799919,0.6133703244479,0.4569564033673,0.4396344034008,0.7355927062111,0.6032776096105,0.5838658343288,0.2844132164128,0.2752839205471,0.3787273484712,0.1359626396517,-0.1154961252026,0.2005203448563,0.6487730090396,0.1829278541461,0.6918698133503,0.3152625305457,0.8063036778881,0.1017546119666,0.0025915256477,0.0045867034523,0.2153094914349,0.0571377067387,0.3343128482894,-0.0966666781556,0.2023460148760,0.0795657527774,0.3525412220792,-0.0328850778280,0.2790574705066,0.2456019774220,0.4828937644290,0.1072390909818,0.4571619882866,0.0603256428816,0.1621676231014,0.5253522519501,0.2778409683755,0.4037439000714,0.6352266529084,0.4964942218188,0.5577561367066,0.1848459709075,0.1057354604107,0.2656478871257,0.4031700167509,-0.1087005774846,0.1204408889405,0.5737704164058
0.1852942185570,0.0138119647675,0.0374955470838,0.0919963666613,1.0000000000000,-0.1163263911629,0.2570464117590,0.3177475882868,-0.1023514608855,0.3619614127926,0.6006633561472,-0.0198426941027,0.7534466068504,-0.1890214767051,0.0652208120486,0.1633136372826,0.4433353047388,0.2531830642949,0.0830319618377,0.1889438324690,0.6760933799456,0.5158665601081,0.2580140821632,0.3636436756139,0.5692612123425,-0.0992419989123,0.0680366026020,0.0938168721421,0.5697173265203,0.5238963767456,0.3474790784682,-0.0023878015946,-0.0762248771350,0.3997476657295,0.0711569196576,0.4280941291859,0.0110560030448,-0.0436368609671,0.0673990939115,0.7820474339661,-0.1059950604493,0.1938208922714,0.2297584368704,-0.1209850966203,0.3173961593408,0.6202437404121,-0.2491754053554,0.7248635099667,-0.2706556585417,-0.1413078884764,-0.0871661813204,0.4427775697630,0.1443159094945,-0.0643501764817,0.1313323005419,0.7490788841384,0.4992009025848,0.3082474758031,0.4580355576761,0.5392809784174,-0.1899075499120,-0.0444947639832,0.0668024849930,0.6335994419705,0.4656565778334,0.3499211389772,-0.2201362922171,-0.0455004480595,0.2288455342351,-0.0938649611645
-0.1038055731328,-0.0468409978442,-0.0923949506726,0.0302720693407,-0.1163263911629,1.0000000000000,0.4733380055955,-0.1189854175975,0.8272488411179,-0.1204192323176,0.2221409622567,0.4926354689901,-0.0464971679184,0.2198932005833,0.4805075697153,0.5602239199809,-0.0916664179064,-0.1938741289744,0.3733705443016,-0.0301963963153,-0.0708425165085,-0.1861916079534,-0.1562605581667,-0.1141979374723,-0.0847034439808,-0.0059929395394,0.0137703564368,-0.0058548667073,-0.1582868734844,0.0967962176310,-0.2231424094969,0.1391597640921,0.5456802052604,-0.1541332286574,0.0043345151326,-0.1617029343486,-0.0774436362403,-0.0561389270614,0.0477771699029,-0.1115173700079,0.8815802770468,0.4581559822065,-0.1354130976464,0.8190612384379,-0.0835194161545,0.0490139491701,0.4677670571347,-0.0643482858281,0.1701883387683,0.3763458741502,0.4464091358158,-0.2133849237368,-0.3168770484394,0.4018632926592,0.0262346268897,-0.1301511424543,-0.2594903815550,-0.1225693482765,-0.2317642362840,-0.1450426161557,0.0332965434769,-0.0043097409580,0.0352427673126,-0.1056096236354,0.0018995500205,-0.2099665565286,-0.1247031019465,0.2761055924015,-0.2036603719328,-0.0261783093697
0.1196313568896,0.1284545460698,-0.0440345329495,0.2427659185822,0.2570464117590,0.4733380055955,1.0000000000000,0.1826848720184,0.5967142714247,0.2343535106300,0.5444534607313,0.1665937690920,0.5213546687263,0.0733682123297,0.4495741388480,0.6320235778145,0.0729938973739,-0.0317628074177,0.3487003715740,0.1706296646541,0.2139188989107,0.1372824504411,0.1539496074269,0.1225331752215,0.2990651128942,0.0474800619857,-0.0509979958213,-0.0039758063176,0.3101635073683,0.3025934729267,0.1307613213995,0.0233690181554,0.4127409372780,-0.1216188428108,0.1989396550607,0.0246248249757,0.0433903593021,-0.1058237343184,0.1505107938545,0.2250890883854,0.4937020090965,0.8058220965601,0.0772195317981,0.5646302168521,0.2582190943146,0.4102668079845,0.0976491057297,0.4615325588814,0.0172955285812,0.1709663814568,0.4892531774583,-0.0263281761928,-0.1597711004688,0.2438046349161,0.1230546157014,0.1984419287840,0.0087986148273,0.1129887502035,0.0249387076192,0.2314304690995,-0.1029747427382,-0.1052874581834,0.0434710795854,0.3415735772449,0.3393318173778,0.1446374579890,-0.1174240484376,0.3439272681885,0.0444161455782,0.1467562865959
0.3336238194291,0.1528413181056,0.4977946250990,0.3158547034270,0.3177475882868,-0.1189854175975,0.1826848720184,1.0000000000000,-0.0716958563431,0.2608317081700,0.1885270734344,-0.0618899165405,0.1739934220945,-0.0928725426584,0.0908896757683,0.0500246746966,0.2898548606723,0.5457257552138,0.1545041282186,0.4215045093592,0.1888309978245,0.2666779529871,0.2942001614384,0.4242099155970,0.6775824031588,0.0985741345260,0.3571307223182,0.4327472471000,0.5270913754398,0.1422473685063,0.5229582391100,0.1207582325007,-0.0227767665442,0.0454028612061,0.1205849080813,-0.0073020163345,0.1913896193276,0.3761362510717,0.3259265326640,0.2133405527983,-0.0823405111645,0.0075849830065,0.7068280289043,0.0048442017444,0.1629450704095,0.0625460622212,-0.2736326199266,0.0818815066449,-0.1174078211517,-0.0631803162262,-0.0650975520106,0.1246521574200,0.3735792230122,0.0222658355808,0.3515112307777,0.1631250792298,0.1351809163182,0.1489379185668,0.2120458070239,0.5203040622980,0.0471463721645,0.3946917755042,0.3605762950994,0.4414584147659,-0.0351842347487,0.2311606689254,-0.0241408513800,0.0083050207717,0.0387842941071,0.0993076896774
0.0495355778780,0.0063061430577,0.0207334408651,0.1507457798639,-0.1023514608855,0.8272488411179,0.5967142714247,-0.0716958563431,1.0000000000000,-0.0768852349647,0.3040823952442,0.5845598049279,0.0025699137621,0.3258041496498,0.6038328381040,0.6040866304365,0.0012506588309,-0.0883291787809,0.4149507141609,0.1545762836103,-0.0177821224568,-0.0564699896771,0.0019672468667,0.0361531090243,-0.0084892706769,0.0545859540335,0.0877750595667,0.0614336814595,-0.0201027473249,0.2139999591440,-0.0416799185056,0.1329540141950,0.4908961572106,-0.1168341766058,0.1433909922520,-0.1532146084518,0.0045616411562,-0.0298550347900,0.1177504314722,-0.0645676664643,0.7442178180748,0.5038565501613,-0.1586946517185,0.8324541080320,-0.0770656934978,0.0785512087928,0.5715792806908,-0.0001168848612,0.2842229536268,0.3260286754041,0.5337011534194,-0.0998927361814,-0.1939605011282,0.4335910000032,0.1445114344814,-0.0965903081287,-0.1378738836521,0.0004103227780,-0.0997758420535,-0.0887559334608,0.1079001015661,0.0272618312875,0.0815189347119,-0.0138654570891,0.0584295069438,-0.0276193963358,-0.0326279808533,0.1572246584074,-0.1470401777327,0.0828830974348
0.3761779227825,0.0471224820500,0.2860270982297,0.3913896091294,0.3619614127926,-0.1204192323176,0.2343535106300,0.2608317081700,-0.0768852349647,1.0000000000000,0.1069014078430,-0.0533119861800,0.4676576707340,0.1828675035014,0.2435656536339,0.3711900007264,0.1642275387842,0.0377888674790,0.0313805000626,0.0510935060479,0.4970065338662,0.1445971855349,0.3426023465742,0.1177693746547,0.5424217533390,0.3280793655430,0.1381991469195,0.2265450750353,0.1786302167000,0.1956983127916,0.0172998672755,0.1556280723012,-0.2082250389022,0.1749907556555,0.1262595029197,0.3118643354829,0.1803924827633,0.1856684884319,0.3584501007139,0.2355535654809,-0.1152382269113,0.0319199805647,0.3290107717912,-0.0740211594683,0.8532890823347,0.1765025818748,0.0338580145938,0.4157170017687,0.2280322876580,0.2777353456694,0.3645002494379,0.2499167331305,0.0477925330008,-0.0133888147655,0.1494478941610,0.4522545097086,0.1744418607552,0.3409021096622,0.1638765463206,0.5723620085295,0.2537581708079,0.1473274837540,0.2828892921539,0.2319657363922,0.2340568808948,0.0044578047723,0.2455672818074,-0.0797325156074,0.1270915301702,0.0257490243344
0.1062472410160,-0.0025232880719,-0.2099146669528,0.0185151636234,0.6006633561472,0.2221409622567,0.5444534607313,0.1885270734344,0.3040823952442,0.1069014078430,1.0000000000000,0.2336284287878,0.6184431663972,-0.2197031746260,0.4956926041721,0.4657572132308,0.3503690690675,0.0607527814746,0.3395834774750,0.1860111589738,0.3190006738965,0.4398099265445,0.2065934185336,0.2324712355026,0.3058168472508,-0.2224481738911,-0.0394964351586,-0.0008055124883,0.5440026125162,0.7252676734784,0.2765124010973,0.0526303090913,0.2187215823603,0.2293217214828,0.1336072662026,0.4208328903340,-0.1140264338515,-0.2682420980503,-0.0150340861664,0.7092156582542,0.1828929391030,0.5694430819829,0.0212935543157,0.2346780561913,0.0655253931481,0.8644195799494,-0.1814200982323,0.6561352600546,-0.3397655142677,-0.0126146819299,0.1239697344518,0.2709642942414,-0.1859270550909,0.1013358775423,0.0431777762426,0.3908312147669,0.3786399675635,0.2237220729259,0.2759285017936,0.2503384679990,-0.2884522376951,-0.1894342744200,-0.0264595689965,0.6036098952463,0.6012421401967,0.3109662138211,-0.4157574482315,0.1285272186627,0.1503948660716,-0.0875122828776
0.2151907321235,0.0881284988339,0.2110653002895,0.2064959007998,-0.0198426941027,0.4926354689901,0.1665937690920,-0.0618899165405,0.5845598049279,-0.0533119861800,0.2336284287878,1.0000000000000,-0.0846114127444,0.3643281014461,0.6189368304813,0.4351024073237,0.0270404733366,0.1451822800724,0.6551504427043,0.2819500245736,0.0489493034098,-0.0712894664078,-0.0003362416144,0.0825556690049,-0.0556640363411,0.1685736669403,0.3894543125775,0.3586137397253,-0.0088305256730,0.3684532290410,-0.0088020728355,0.4282398330038,0.2612350394423,0.0681978236492,0.2906871688530,0.1179947873705,0.0510980576918,0.1307743790301,0.1842629061025,-0.0249299215248,0.4449858236216,0.1662147241665,-0.0948425412253,0.5031064085690,-0.1164409382328,0.1118754612220,0.6620970008071,-0.0556960373314,0.2286325655613,0.4034206648936,0.3345344978843,-0.0131342991382,0.0101589218762,0.5639447165207,0.2117712523299,0.0159162028855,-0.0634630113423,-0.0221673587734,-0.0578617078441,-0.1331139325508,0.2057019500740,0.1765677640145,0.2925068755006,-0.0571720206278,0.0930168569524,-0.0347446961240,-0.1220068370158,0.0318274252304,-0.0938557767314,0.0433004565214
0.0742874092687,0.0654829964109,-0.0032271429603,0.1130406395968,0.7534466068504,-0.0464971679184,0.5213546687263,0.1739934220945,0.0025699137621,0.4676576707340,0.6184431663972,-0.0846114127444,1.0000000000000,-0.1282351291594,0.1477014386778,0.3378082364704,0.3189767065217,-0.0329873463261,0.1007419861812,0.0804115254921,0.6466461958417,0.4548408900194,0.2751918311816,0.2981981843450,0.4452321217316,-0.0058019521921,-0.0681862271988,0.0693665027814,0.4922721082045,0.4747282567565,0.2046782448488,0.0520201317108,0.0363298276220,0.2484922321693,0.1610935301469,0.3825657559951,0.0046734298105,-0.0152185013251,0.0435475658179,0.6183335379554,-0.0124160248530,0.4720504046224,0.1309576294346,-0.0297989557266,0.4347652963223,0.6719429066542,-0.1919439117921,0.9318667884636,-0.1681720088724,-0.0322503558981,0.2225821367934,0.3306601768547,-0.0782917837134,-0.0468579513730,0.0169465557920,0.7317192107550,0.4041226616609,0.3335826875269,0.3857187642098,0.4665268759665,-0.1940403180062,-0.1802558127002,0.1012237028444,0.5892185128749,0.6270792302922,0.2738287423236,-0.1340239071617,0.2111410709994,0.4662814535384,0.0456249452457
0.0222933363215,0.1856674511518,0.4039400040262,0.3996471417771,-0.1890214767051,0.2198932005833,0.0733682123297,-0.0928725426584,0.3258041496498,0.1828675035014,-0.2197031746260,0.3643281014461,-0.1282351291594,1.0000000000000,0.1310185608528,0.2063220048728,0.0360074234002,0.0379608804972,0.3286705858150,0.1797782452123,-0.0549967761534,-0.0504779346375,0.0536503381860,0.1365510837285,-0.0471847585320,0.6915783373637,0.4181553187189,0.4427467053888,-0.1114482759445,-0.0791980871482,-0.1467352510720,0.4524095415797,-0.1229283404453,0.1136188714836,0.2265337705881,-0.1592555797740,0.2633450299371,0.2799698406093,0.3356157393285,-0.1330903002600,0.1370531566701,-0.0742731690966,-0.1400242565774,0.1714182505771,0.1450799689492,-0.2627265775360,0.6851959239157,-0.1278467768675,0.9217320020289,0.0690985126972,0.3601548537606,0.0941979655655,0.1046777583585,0.2676701993860,0.2315146183250,-0.1198666525319,-0.0015539550512,0.0168160433297,0.0795753259710,-0.0882532556543,0.6612087300467,0.2934187724926,0.4264728279215,-0.1195136305444,-0.0980391615085,-0.1157358489154,0.7121227694257,-0.1996204863038,0.1019470758730,0.2417241301744
0.4166596104283,0.0451933810056,0.0979627773247,0.2009207118196,0.0652208120486,0.4805075697153,0.4495741388480,0.0908896757683,0.6038328381040,0.2435656536339,0.4956926041721,0.6189368304813,0.1477014386778,0.1310185608528,1.0000000000000,0.6492572815013,-0.0043563193416,0.1461369133878,0.6675862054075,0.2923460716410,0.2421540930442,-0.0191473683257,0.0867227980071,0.0289261120180,0.0614623803282,0.0285406848794,0.2070741569457,0.1810850715993,0.0231832278306,0.5221468703617,0.0389850785292,0.2393317764747,0.3764128411668,0.0065671592139,0.2761453775798,0.2434579219066,0.0362636714978,0.0107914556270,0.1918234633336,0.0611545946043,0.4235066137564,0.3056152197659,0.0577736115671,0.5385661886654,0.1424933096194,0.2540585618353,0.3406920673155,0.1457714166831,0.0456460578140,0.5725028014110,0.4847932273359,-0.0087953884564,-0.0774633312959,0.5105374180626,0.2282602952889,0.1592922464566,-0.0522993181263,0.0715331558877,-0.0863296412245,0.0523099453972,0.0550286206333,0.0939300751539,0.1827727187079,0.0204379638487,0.1914050420382,-0.0533893386221,-0.2089045254680,0.2155528950036,-0.1255384749174,0.0589347282522
0.1492055125060,0.0303506990025,0.0304647085216,0.3075306103248,0.1633136372826,0.5602239199809,0.6320235778145,0.0500246746966,0.6040866304365,0.3711900007264,0.4657572132308,0.4351024073237,0.3378082364704,0.2063220048728,0.6492572815013,1.0000000000000,0.1147961090458,-0.0731618511774,0.4435627644664,0.0787439236463,0.3065948761431,0.0732217918914,0.1938679671598,0.0777172537246,0.2448161050894,0.1417783261439,-0.0016976553806,0.0757039118715,0.1116158407604,0.4089231970316,-0.0372381671717,0.1413241292773,0.2806182295429,0.0767829027318,0.2475741195680,0.1113270689016,0.0673402202490,-0.0290801976819,0.2868881390550,0.1153819630925,0.5502393588895,0.4749174242154,0.0592621834450,0.5745783178218,0.4201803814074,0.2882734393958,0.3103854062397,0.2922629854171,0.1696803541141,0.3659948740162,0.6883178389313,0.0897966993167,-0.1824235730935,0.2945849628744,0.1559195990708,0.2152525673549,0.0405555635827,0.2354262027901,0.0267098032467,0.2220190013344,0.1237094238597,-0.0241647263269,0.1673082516643,0.1300342596005,0.3032537078722,0.0058255992321,-0.0719560237364,0.1767584405172,0.0326491133879,0.0585008926564
0.1109127952663,0.0341051058635,0.2320906808806,0.2707721384849,0.4433353047388,-0.0916664179064,0.0729938973739,0.2898548606723,0.0012506588309,0.1642275387842,0.3503690690675,0.0270404733366,0.3189767065217,0.0360074234002,-0.0043563193416,0.1147961090458,1.0000000000000,0.1630915584772,0.0529275133291,0.0958866027867,0.1123368826357,0.8729857206821,0.4481984654029,0.7946354429890,0.4102158401915,0.1550406959363,0.0538639169191,0.3522303032762,0.7597089244200,0.3740390957873,0.5125054105070,-0.0544078469971,-0.0522032094611,0.3290767813249,0.1340809388262,0.2244618979937,0.0277046186993,0.0709431360380,0.1970695973248,0.5609329100285,-0.2252345077407,0.0029929605405,0.0534771961815,-0.1785864709054,0.1167838990031,0.3498646565676,-0.1910864762150,0.3758503950645,-0.0333727991406,-0.3965622047263,-0.1025945421849,0.8863968787328,0.1343138665030,-0.2849113735082,0.0193005406209,0.1769111811455,0.8249750112191,0.4516307487481,0.8510557484001,0.3332455803876,0.0135509019237,-0.0303487788953,0.3213654892964,0.7250726167892,0.3417337315287,0.4976024488534,0.0341568984838,-0.2483877159425,0.2490557519806,0.0037048721369
0.6002013422954,0.4036452132739,0.5640119731103,0.4466889946384,0.2531830642949,-0.1938741289744,-0.0317628074177,0.5457257552138,-0.0883291787809,0.0377888674790,0.0607527814746,0.1451822800724,-0.0329873463261,0.0379608804972,0.1461369133878,-0.0731618511774,0.1630915584772,1.0000000000000,0.3124332914032,0.7099673474163,0.2491613231738,0.1480423481985,0.2372308481300,0.4344917702737,0.2995303623888,0.2461032388284,0.6198898817154,0.5191864613022,0.2289424243430,0.3315970457392,0.4860960430837,0.0140970003451,-0.1471740098442,0.3505367826039,0.4624869891427,0.2104950160235,0.4356267392933,0.2109203762754,0.4204441276313,0.0578298919528,-0.1834532635621,-0.1985187603168,0.2674854034298,-0.1437921469925,-0.0693678928835,-0.1146940079402,-0.1250012117060,-0.1082053820288,-0.0589830850508,-0.1068491976650,-0.1815946977707,0.1052124020058,0.7930561753652,0.0641716713838,0.4928866330349,0.1761502564425,0.0758680783824,0.0602113837195,0.1530353501044,0.1954695964671,0.2844612628248,0.4190564067835,0.3222996426312,0.0569454181835,-0.1319437040603,0.1819482874740,0.0678027839432,-0.1726810084617,-0.0749442293739,0.3151502718040
0.2578782026308,0.1572941394802,0.2808410979805,0.2654468922551,0.0830319618377,0.3733705443016,0.3487003715740,0.1545041282186,0.4149507141609,0.0313805000626,0.3395834774750,0.6551504427043,0.1007419861812,0.3286705858150,0.6675862054075,0.4435627644664,0.0529275133291,0.3124332914032,1.0000000000000,0.4640986136407,0.1777909707231,0.0114413150603,-0.0483836215414,0.1989639369491,-0.0704065123176,0.2266427184625,0.3391443219467,0.4727264460440,0.1009750736176,0.3681545115426,0.0281640924745,0.3793893931194,0.2608619407730,0.0268233667483,0.3192597171458,0.0972678571488,0.0694522652995,0.1777267910702,0.2479682246114,0.0018401029811,0.3589755949917,0.2142471846584,0.0249846226995,0.4073093290356,-0.0681476102230,0.1374221158282,0.3352753037441,0.0782489342362,0.1820765506101,0.3026056712297,0.2676313295666,-0.0277886553915,0.0051754165161,0.6066249495396,0.3274239273690,0.1573358878531,-0.0443508271996,-0.1127749884927,-0.0050278462751,-0.1545216741201,0.1925360644745,0.0838154515738,0.4151278571117,0.0468521875323,0.0554466407435,-0.0985702326530,-0.0542728276549,0.1575913219631,-0.0677219574027,0.0549152140683
0.5672527883457,0.3576501868069,0.4245788690101,0.4809281596285,0.1889438324690,-0.0301963963153,0.1706296646541,0.4215045093592,0.1545762836103,0.0510935060479,0.1860111589738,0.2819500245736,0.0804115254921,0.1797782452123,0.2923460716410,0.0787439236463,0.0958866027867,0.7099673474163,0.4640986136407,1.0000000000000,0.2254805354145,0.1203858741214,0.3766254953696,0.3704659935292,0.2415239945056,0.2813804458248,0.5541526216406,0.4205282129374,0.2470764364355,0.4028444647749,0.4418047339322,0.0675826720124,-0.0788704514320,0.2331686707981,0.5625606898816,0.1522288017716,0.3844469819377,0.1025375013657,0.4038266906189,0.0847594232297,-0.0137577331071,-0.0103968239298,0.0788849929063,0.1162080245970,-0.0876008381179,0.0067330773841,0.0281164209059,0.0505269085423,0.0528349010430,-0.0723739599864,-0.0303778749830,0.0268015607991,0.4749389975273,0.3038635312503,0.6643768548249,0.1763051655716,0.0217941156047,0.1675802150154,0.0846451708236,0.0371723250136,0.3065732541483,0.3123594273332,0.2601143700456,0.0972670489124,0.0838253682295,0.1769736902282,0.1198070068099,-0.0731115008471,0.0024416408656,0.3184798446501
0.3119590241726,-0.0053231912518,0.2168611888671,0.1485214083266,0.6760933799456,-0.0708425165085,0.2139188989107,0.1888309978245,-0.0177821224568,0.4970065338662,0.3190006738965,0.0489493034098,0.6466461958417,-0.0549967761534,0.2421540930442,0.3065948761431,0.1123368826357,0.2491613231738,0.1777909707231,0.2254805354145,1.0000000000000,0.1580788110340,0.1765561064483,0.1507538004855,0.3286210618332,0.0849917120482,0.0856706720078,0.1341744145227,0.1293814949231,0.3799134265328,0.0685275783944,0.0616528112959,-0.1048254822960,0.3909125347103,0.1707018956296,0.3773194421277,0.1179578531955,0.1469784090995,0.2671782934046,0.2705353073486,-0.0490349759888,0.0589881503069,0.2095665370663,-0.0394458979052,0.4955524416619,0.2407273238303,-0.0331171100939,0.5720987236418,-0.0447460717815,0.2073971170901,0.1673789993826,0.2290085575737,0.1872513953854,0.0809895717566,0.3036350257132,0.9224297715040,0.1686932499717,0.2525475048852,0.1690317105793,0.3720156646486,0.1391815086131,0.0347317754325,0.2145212669340,0.1525946331914,0.2255538934829,-0.0125291666135,-0.0195775151430,-0.0265149436914,0.1751596550660,-0.0556387843961
0.1318960450046,0.1389582922379,0.1560463851946,0.2202118799919,0.5158665601081,-0.1861916079534,0.1372824504411,0.2666779529871,-0.0564699896771,0.1445971855349,0.4398099265445,-0.0712894664078,0.4548408900194,-0.0504779346375,-0.0191473683257,0.0732217918914,0.8729857206821,0.1480423481985,0.0114413150603,0.1203858741214,0.1580788110340,1.0000000000000,0.5190709275802,0.8324905284008,0.3982347573531,0.0649827375264,0.0014286118808,0.2621121179549,0.8400389564545,0.4708738227626,0.6572391895382,-0.0728530116703,-0.0024935414835,0.3898956715973,0.2340493013762,0.2959036225085,0.0762661295317,-0.0300897336403,0.1103499997528,0.6483415255815,-0.3012851710008,0.1071601238495,-0.0059743926142,-0.2649907679808,0.0951391949492,0.4609627107743,-0.2838158248251,0.5261859507255,-0.1415896873846,-0.4745818343719,-0.1097604255247,0.8169027056016,0.1541457808885,-0.3465269344381,-0.0089245690905,0.2588258576955,0.9227761705750,0.5249322491823,0.9200753004796,0.3543907053826,-0.1214824148674,-0.1399445003643,0.2127578057814,0.8107681458262,0.5108464429784,0.6904184169929,-0.0337604810209,-0.1370558299508,0.3888044128713,0.1090814755390
0.3473516482161,0.5118034743792,0.3186069601086,0.6133703244479,0.2580140821632,-0.1562605581667,0.1539496074269,0.2942001614384,0.0019672468667,0.3426023465742,0.2065934185336,-0.0003362416144,0.2751918311816,0.0536503381860,0.0867227980071,0.1938679671598,0.4481984654029,0.2372308481300,-0.0483836215414,0.3766254953696,0.1765561064483,0.5190709275802,1.0000000000000,0.5146363088460,0.5202393316166,0.4094244811050,0.2986575050078,0.3136223196357,0.5336634414666,0.4418077580981,0.6615243394864,-0.0805420467686,-0.0540100150411,0.3793227175615,0.6016322083408,0.3192706679719,0.5460690971860,0.0587796003749,0.4974393531698,0.3815855698126,-0.2085571547782,0.0446461993171,0.0783299805216,-0.1665843697225,0.2772719952653,0.1843965581829,-0.0913065713284,0.3244062176083,0.0297391714121,-0.2375925776402,0.1620915510790,0.4792096199456,0.2777555571603,-0.1752752974894,0.2174719366321,0.1554507148842,0.4501754108729,0.8340364783939,0.4756284330215,0.4765122912794,0.2848677833657,0.1819988029702,0.2469135821816,0.4444420009845,0.4426511108657,0.5682125553948,0.1406089108236,-0.0808487593657,0.3752039892270,0.4975835024083
0.2784606557070,0.3111078619865,0.5172469821193,0.4569564033673,0.3636436756139,-0.1141979374723,0.1225331752215,0.4242099155970,0.0361531090243,0.1177693746547,0.2324712355026,0.0825556690049,0.2981981843450,0.1365510837285,0.0289261120180,0.0777172537246,0.7946354429890,0.4344917702737,0.1989639369491,0.3704659935292,0.1507538004855,0.8324905284008,0.5146363088460,1.0000000000000,0.4362362223330,0.2943977890098,0.3256272975201,0.5939465714311,0.7434261240066,0.3847037435110,0.6634041722048,0.0234255718209,-0.0330397575616,0.3581429064423,0.4046105860024,0.1594264228868,0.2855337397199,0.2593511818005,0.3482883542897,0.3688517965348,-0.1945816497736,-0.0263974186547,0.0995528173516,-0.1537786806569,0.0183773594896,0.1519039776490,-0.1096698966529,0.2867755698363,0.0401117157107,-0.3933179237030,-0.0449358212285,0.6617842115783,0.4085216982474,-0.1530783417523,0.2167252688468,0.1837449134248,0.6858427337302,0.4623516445116,0.8491168518192,0.3053101290580,0.1427798324529,0.1310401674545,0.4971662219346,0.6229296866452,0.2395162988630,0.5574006222216,0.1197732336447,-0.1499452575660,0.2821136967362,0.2662700459240
0.3097420450984,0.2452334351864,0.3264608069232,0.4396344034008,0.5692612123425,-0.0847034439808,0.2990651128942,0.6775824031588,-0.0084892706769,0.5424217533390,0.3058168472508,-0.0556640363411,0.4452321217316,-0.0471847585320,0.0614623803282,0.2448161050894,0.4102158401915,0.2995303623888,-0.0704065123176,0.2415239945056,0.3286210618332,0.3982347573531,0.5202393316166,0.4362362223330,1.0000000000000,0.1696977167731,0.3165984102291,0.2903524694791,0.6290988768881,0.3043181950431,0.5025845707550,0.0359568544636,-0.1272235770407,0.1769392115204,0.2084544011166,0.2212046286900,0.3164955301139,0.1818208010045,0.3918498952519,0.4937991594527,-0.0674614209153,0.1453248374758,0.5395422751741,-0.0236474058031,0.4557009078789,0.2945648858174,-0.1563416892715,0.3904834289903,-0.0497474237666,-0.1209024070581,0.1067541175669,0.3217409992114,0.3020154173508,-0.1476037343298,0.1821911075431,0.3318611937718,0.3067252652427,0.5079358963588,0.3751428235217,0.8466028699524,0.0870565990491,0.2953361231031,0.2154706143365,0.6072779277000,0.2628409147778,0.4333220452051,0.0252393850030,-0.0950932779409,0.1801683272284,0.1592468097188
0.2237134720288,0.5140249969021,0.5942638452477,0.7355927062111,-0.0992419989123,-0.0059929395394,0.0474800619857,0.0985741345260,0.0545859540335,0.3280793655430,-0.2224481738911,0.1685736669403,-0.0058019521921,0.6915783373637,0.0285406848794,0.1417783261439,0.1550406959363,0.2461032388284,0.2266427184625,0.2813804458248,0.0849917120482,0.0649827375264,0.4094244811050,0.2943977890098,0.1696977167731,1.0000000000000,0.6098175076454,0.6382910034731,0.0512071070784,-0.0093982459521,0.1145100871958,0.3058908916810,-0.1988665664588,0.1757264097780,0.5404753374043,0.0567586161415,0.5990799178265,0.3760362124626,0.7063019158439,-0.0763384664395,-0.0636551182621,-0.1211349404401,0.0435134050808,-0.0901837563345,0.2890901818592,-0.2498311872630,0.3614566559979,-0.0129194795963,0.6729448056644,-0.0823685580941,0.2511081038394,0.2060180026880,0.3392187232182,0.0605349922935,0.2997734816238,-0.0050519020773,0.0691802031021,0.3472925339047,0.1682807951517,0.1432587354517,0.8377686819790,0.5114002136210,0.6159216439633,0.0038424769272,-0.0558723816813,0.0219208750510,0.6717201117883,-0.1922279554871,0.1920536114075,0.5252117247158
0.3869802384117,0.5663073434931,0.6831631478096,0.6032776096105,0.0680366026020,0.0137703564368,-0.0509979958213,0.3571307223182,0.0877750595667,0.1381991469195,-0.0394964351586,0.3894543125775,-0.0681862271988,0.4181553187189,0.2070741569457,-0.0016976553806,0.0538639169191,0.6198898817154,0.3391443219467,0.5541526216406,0.0856706720078,0.0014286118808,0.2986575050078,0.3256272975201,0.3165984102291,0.6098175076454,1.0000000000000,0.7671499922820,0.1193956315574,0.1802084328521,0.3010892729804,0.4199890863034,-0.0884859940627,0.1485172504234,0.4883957291700,0.1578219230473,0.5994377730519,0.4809794945763,0.5645258755620,0.0381100051429,0.0019470471873,-0.1799659166332,0.2516351727384,0.0001030268759,0.0205376564532,-0.1422295668040,0.3314813807702,-0.1114992402934,0.3552414114982,0.0812746804487,0.0430635232269,0.0176594231391,0.5550010255260,0.2967800125232,0.4199904346234,0.0032694514084,-0.0610291733525,0.1835705527163,0.0770402307658,0.2236737357536,0.5946463679200,0.7862357132447,0.6358507783232,0.0239198334111,-0.1021653865840,0.0476842931681,0.3113003310096,-0.0961087467026,0.0178866526757,0.4178897749087
0.2853940057795,0.4326441853338,0.8185625516290,0.5838658343288,0.0938168721421,-0.0058548667073,-0.0039758063176,0.4327472471000,0.0614336814595,0.2265450750353,-0.0008055124883,0.3586137397253,0.0693665027814,0.4427467053888,0.1810850715993,0.0757039118715,0.3522303032762,0.5191864613022,0.4727264460440,0.4205282129374,0.1341744145227,0.2621121179549,0.3136223196357,0.5939465714311,0.2903524694791,0.6382910034731,0.7671499922820,1.0000000000000,0.3166974877181,0.1702016257405,0.3086923208623,0.4802129816730,-0.0472593912686,0.1753671440130,0.4388076292839,0.0879526188588,0.4687210268543,0.6225421770912,0.5860601889377,0.0660653031356,-0.0370860737099,-0.1349514101984,0.2376610456849,-0.0386859596157,0.0778766771150,-0.0878890627980,0.2282927851929,0.0227848389954,0.3718828644560,-0.0419004715944,0.0869664912179,0.2415425017896,0.4152007770469,0.1776493576031,0.3273163207423,0.0937146234472,0.1712276803219,0.2392335195618,0.3445065985228,0.2102167975861,0.5517586942583,0.5738950064646,0.8646199095473,0.2218072281661,-0.0765583025381,0.0782297920471,0.3417502277842,-0.1014116948844,0.1253567132069,0.3055838941375
0.1847290058420,0.1941193570646,0.1888832378133,0.2844132164128,0.5697173265203,-0.1582868734844,0.3101635073683,0.5270913754398,-0.0201027473249,0.1786302167000,0.5440026125162,-0.0088305256730,0.4922721082045,-0.1114482759445,0.0231832278306,0.1116158407604,0.7597089244200,0.2289424243430,0.1009750736176,0.2470764364355,0.1293814949231,0.8400389564545,0.5336634414666,0.7434261240066,0.6290988768881,0.0512071070784,0.1193956315574,0.3166974877181,1.0000000000000,0.4476075430359,0.7473594610596,-0.0092978269372,0.0537008407293,0.2136988003476,0.2485199653486,0.2579830881016,0.0877390687360,-0.0100685989799,0.1599249785559,0.6786303168404,-0.1977834785773,0.2697725417806,0.1817980485502,-0.1600105514623,0.0729880425266,0.5635181151517,-0.3122573954093,0.5329117154956,-0.2148218852668,-0.4583248069338,-0.0965727456486,0.6455302446042,0.1382419144563,-0.2588937770635,0.0187087994924,0.2422549568471,0.7398916141181,0.4618744940783,0.7477294303046,0.4509176897938,-0.1719032132872,-0.0514021168207,0.2105778765474,0.9206407675169,0.4835283592620,0.6916374151813,-0.1489334806914,-0.0498502928365,0.2998939400286,0.1038118361940
0.4018459492468,0.2504870241524,0.0055353170590,0.2752839205471,0.5238963767456,0.0967962176310,0.3025934729267,0.1422473685063,0.2139999591440,0.1956983127916,0.7252676734784,0.3684532290410,0.4747282567565,-0.0791980871482,0.5221468703617,0.4089231970316,0.3740390957873,0.3315970457392,0.3681545115426,0.4028444647749,0.3799134265328,0.4708738227626,0.4418077580981,0.3847037435110,0.3043181950431,-0.0093982459521,0.1802084328521,0.1702016257405,0.4476075430359,1.0000000000000,0.4504980291209,0.0346872645647,0.0354345177655,0.5944951730387,0.4989924002776,0.6863244009769,0.2241124214613,-0.1819560009300,0.2150133258849,0.5812463707193,0.0417928229851,0.2847026100359,-0.0289890895098,0.0751302446041,0.1348654952676,0.5955414476952,-0.0484968754034,0.5204297070645,-0.2180408521599,0.0298604200916,0.1606580401886,0.3605991304930,0.1869739083219,0.1192848235450,0.2391221417224,0.4158554558644,0.4401453687512,0.4305371855727,0.3653657201918,0.3044332182353,-0.0315992640500,-0.0251860499007,0.0670571709672,0.4365935791744,0.7123313205605,0.4735226030924,-0.2554459682932,-0.0391768259500,0.2675926008635,0.1971893414484
0.3887063524167,0.4791660546139,0.2949824921762,0.3787273484712,0.3474790784682,-0.2231424094969,0.1307613213995,0.5229582391100,-0.0416799185056,0.0172998672755,0.2765124010973,-0.0088020728355,0.2046782448488,-0.1467352510720,0.0389850785292,-0.0372381671717,0.5125054105070,0.4860960430837,0.0281640924745,0.4418047339322,0.0685275783944,0.6572391895382,0.6615243394864,0.6634041722048,0.5025845707550,0.1145100871958,0.3010892729804,0.3086923208623,0.7473594610596,0.4504980291209,1.0000000000000,-0.1027064817023,0.0877956468530,0.2748820812445,0.5423803421841,0.2650539724146,0.3845992226941,0.0195964777257,0.2427304401097,0.4051858267417,-0.2359331178705,0.0861524767122,0.1459366307070,-0.2273939680605,-0.0626388050671,0.2137144107092,-0.2820193343893,0.2454859203558,-0.2371356244870,-0.3977535031615,-0.1156542186275,0.4796674484022,0.4650667515798,-0.2561497699412,0.0913107438245,0.0973572224328,0.5542135358082,0.5269932700037,0.5798227299824,0.4046187415192,-0.0661759686763,0.1429861836833,0.1536637720781,0.5953421621473,0.3605930772515,0.8025337244021,-0.1069074039069,0.0028272823421,0.2946029411526,0.4539575415864
-0.0619966581698,0.1303917879901,0.2649334094031,0.1359626396517,-0.0023878015946,0.1391597640921,0.0233690181554,0.1207582325007,0.1329540141950,0.1556280723012,0.0526303090913,0.4282398330038,0.0520201317108,0.4524095415797,0.2393317764747,0.1413241292773,-0.0544078469971,0.0140970003451,0.3793893931194,0.0675826720124,0.0616528112959,-0.0728530116703,-0.0805420467686,0.0234255718209,0.0359568544636,0.3058908916810,0.4199890863034,0.4802129816730,-0.0092978269372,0.0346872645647,-0.1027064817023,1.0000000000000,0.0028846114867,0.0421273606884,0.0808389055156,0.0346978848674,0.1329987561385,0.3358261821154,0.1557037249707,0.0308654399675,0.1190621531815,0.0198535982934,0.1363490710258,0.1074446340097,0.0762469532196,0.0382586059682,0.3640937996258,0.0411546682744,0.4014448678454,0.2165439913901,0.1040477375486,-0.0650160491550,-0.0076467764420,0.2978403521476,0.1003166081092,0.0366298491482,-0.0526293144246,-0.0419902904158,-0.0079150557082,0.0225624207911,0.2501129080238,0.3581580047621,0.4775018992286,0.0237913358382,0.0450293079921,-0.1127240322579,0.3069574243493,0.0071208506854,0.1370292193464,-0.0051330080707
-0.0578726422851,0.0185730975189,-0.0754255508387,-0.1154961252026,-0.0762248771350,0.5456802052604,0.4127409372780,-0.0227767665442,0.4908961572106,-0.2082250389022,0.2187215823603,0.2612350394423,0.0363298276220,-0.1229283404453,0.3764128411668,0.2806182295429,-0.0522032094611,-0.1471740098442,0.2608619407730,-0.0788704514320,-0.1048254822960,-0.0024935414835,-0.0540100150411,-0.0330397575616,-0.1272235770407,-0.1988665664588,-0.0884859940627,-0.0472593912686,0.0537008407293,0.0354345177655,0.0877956468530,0.0028846114867,1.0000000000000,-0.2963063785370,0.0983891287443,-0.1983188887101,-0.1214665211834,-0.0206205795544,-0.1352847896421,-0.0964949101839,0.5467101694947,0.4021304610886,-0.0500454851309,0.4293200886082,-0.1848590783695,0.1065090238157,0.1039121876844,0.0044262523765,-0.2144023062149,0.1981560096922,0.2928181251729,-0.1306028421439,-0.2352695304112,0.1432640710879,-0.2152396973457,-0.1303066516905,-0.0675573502949,-0.0775987876876,-0.0790438034030,-0.0852961832609,-0.3178438672179,-0.0990259384141,-0.0018587523225,0.0458219181090,0.0261286123762,0.0318700664296,-0.4910522523550,0.7130241443972,-0.0432515940563,0.1777052285675
0.2361678559177,0.1819735248432,0.1089834815898,0.2005203448563,0.3997476657295,-0.1541332286574,-0.1216188428108,0.0454028612061,-0.1168341766058,0.1749907556555,0.2293217214828,0.0681978236492,0.2484922321693,0.1136188714836,0.0065671592139,0.0767829027318,0.3290767813249,0.3505367826039,0.0268233667483,0.2331686707981,0.3909125347103,0.3898956715973,0.3793227175615,0.3581429064423,0.1769392115204,0.1757264097780,0.1485172504234,0.1753671440130,0.2136988003476,0.5944951730387,0.2748820812445,0.0421273606884,-0.2963063785370,1.0000000000000,0.3449837735377,0.5141199245306,0.2809732226698,-0.1196059205236,0.2289170195439,0.3643085563881,-0.2368073858534,-0.1210592003121,-0.0816655182799,-0.2632259401851,0.1898079473157,0.2064670708764,-0.0741558740595,0.2756599990613,0.0487085872295,-0.1795786047339,-0.0234077209898,0.3986250243672,0.3537396950066,-0.1413133380835,0.2153018532771,0.3969301388715,0.4173014345109,0.3584473390412,0.3547354947971,0.1996896540028,0.2231894458669,0.0002661824348,0.0652621966259,0.1668602030117,0.4006908535735,0.3180338169843,0.1358969039332,-0.3361307611531,0.3717406241362,0.1429583314681
0.4727258912476,0.7251820771509,0.3931134963217,0.6487730090396,0.0711569196576,0.0043345151326,0.1989396550607,0.1205849080813,0.1433909922520,0.1262595029197,0.1336072662026,0.2906871688530,0.1610935301469,0.2265337705881,0.2761453775798,0.2475741195680,0.1340809388262,0.4624869891427,0.3192597171458,0.5625606898816,0.1707018956296,0.2340493013762,0.6016322083408,0.4046105860024,0.2084544011166,0.5404753374043,0.4883957291700,0.4388076292839,0.2485199653486,0.4989924002776,0.5423803421841,0.0808389055156,0.0983891287443,0.3449837735377,1.0000000000000,0.2890512114661,0.7022898680325,0.0586383453633,0.5371833373460,0.0498926722343,-0.0017824896101,0.0976050025978,-0.0965348316388,-0.0564700484709,0.0357086537259,0.0153562475906,0.1108611122112,0.1501913047636,0.1214380394454,-0.1588598890400,0.2588033309481,0.1716812485643,0.4619586137007,-0.0139865848757,0.2423119901554,0.1223154065076,0.1867305043946,0.5075701469691,0.2345895198595,0.1790696727976,0.3983369949186,0.2590637561539,0.2956260185196,0.1183029612846,0.2913938127458,0.4610297731156,0.1238494498523,0.0813955331379,0.2810809020270,0.7626043691615
