1.0000000000000,0.2805840183735,0.4539231481399,0.4188417414477,0.2965589294396,-0.1359814119769,0.0311284758421,0.4993168796479,0.0356247467987,0.5058711860905,0.2264328911656,0.0971361301835,0.1898347511153,0.1322390916126,0.5235416762023,0.0799182743600,0.2541311617546,0.6591622076330,0.3232567249531,0.5343670460129,0.3645214806805,0.2377487689673,0.4407039096345,0.3907752909421,0.3026598725190,0.3168145566857,0.4624227963009,0.4710571019242,0.2762961729233,0.4911012086798,0.3780817172240,-0.0704878473273,-0.0857379656473,0.3430235013707,0.5115620977000,0.5239586698089,0.4200147163937,0.2472757771778,0.4343485486607,0.1799924677587,-0.1783126058745,0.0092020840554,0.3332360841625,0.1064145795733,0.3013360073277,0.1358842296467,0.0643971532492,0.2022803480937,-0.0532574032869,0.2897596939340,0.0991144336724,0.2967580749512,0.4366910475965,0.0894144154838,0.4604447802082,0.2674599033623,0.1788901024912,0.2649930658790,0.2734350613605,0.2896003410550,0.2905103941477,0.2060763670249,0.3621504812586,0.1643375662098,0.0489816399218,0.1152490597570,-0.0900268456557,-0.1420638609415,-0.1534251051096,0.2674674926369
0.2805840183735,1.0000000000000,0.3260000624449,0.5641776157336,0.0944994746260,-0.0724192413448,0.0066931683439,0.3353245331814,-0.0997642269486,0.2858517770594,0.0461544363676,0.0575003873040,0.1123917116831,0.0682087985544,0.1193138392261,0.0005949823896,0.1538114914128,0.5548911996232,0.0587708616019,0.3485554569103,0.1152864220622,0.1797269128488,0.5664819467992,0.4257029416466,0.1963424815065,0.4429356734199,0.4970490153738,0.5530275876845,0.1082901461016,0.4297473626071,0.5931975521835,0.1073661208375,0.1094628546136,0.4236151954963,0.7422548311172,0.2894950271391,0.8111798456888,0.2036194596149,0.4652923091391,0.0439994524658,-0.0872614546960,-0.0826731129541,0.2420083199980,-0.2163346179885,0.1627350436873,-0.0566481809941,0.0581333214072,0.1165777297461,-0.0209463119925,-0.0337048299794,-0.0039729074708,0.1529323092493,0.5174180416223,-0.0026466882715,0.2705060874191,0.0468785399472,0.0753909900318,0.5070872547666,0.3055259490223,0.2734496113090,0.3286344164745,0.3032929361221,0.4488614715601,0.0234159894314,0.1905157026731,0.4778184535122,-0.0504326516098,0.1140722674598,0.2506279191208,0.6806417370445
0.4539231481399,0.3260000624449,1.0000000000000,0.4570839191239,-0.0178971296081,0.1566944530309,0.1299164909959,0.5859834038771,0.3095246453716,0.2923511085934,0.0074520716070,0.2614318214965,0.0366454566170,0.4751846949444,0.3743042102991,0.3389576563899,0.3199650312460,0.5075813866691,0.2422220185319,0.3778439753424,0.1468749893496,0.2824903109431,0.2925848596368,0.7082207546661,0.2174605693347,0.6084116312787,0.6264064160986,0.8445410794817,0.2975893467551,0.1930972640298,0.3494943820590,0.0269298726814,0.2720377482696,0.2031518960870,0.5003398318011,0.1040765264827,0.2820510312190,0.6708306193317,0.4176290361102,-0.1346510002810,-0.0084447472924,0.0470327329994,0.2400506414207,0.1623759357829,0.1476938623628,-0.1534695441850,0.3307347024885,-0.0201586411902,0.3388770539863,0.0067047240694,0.2517101485143,0.3637555052689,0.4038824423826,-0.1599606230494,0.3555583945357,0.0111034643612,0.1191229020710,0.1136617344350,0.3675458599903,0.1832784253125,0.4465211005911,0.2079789135795,0.7674399660540,0.1234307556491,-0.1338516551158,-0.0670310610474,0.2324723833139,-0.0201067713401,0.0148864169063,0.3756639682591
0.4188417414477,0.5641776157336,0.4570839191239,1.0000000000000,0.3128567135666,0.0016848322427,0.1631915447131,0.4496962670634,0.0621378661106,0.4969628049837,0.2010348213684,0.1514592789088,0.2474291258077,0.1839147771509,0.2173485921558,0.1674695167470,0.4935487348004,0.4981516982460,0.0304962350100,0.3369436248048,0.3199038006567,0.4426012223202,0.7322533341113,0.5778279413153,0.5595935068992,0.5642929988451,0.5585529171294,0.5770688149047,0.4790004104826,0.4856087300151,0.5907310243418,-0.0588551392574,0.0967188751330,0.4280947077764,0.6479638861680,0.3957246678358,0.6382460191687,0.3654077033302,0.8130814691894,0.2809516932710,-0.0560671151055,0.0707590883322,0.4002103853645,-0.0295449105686,0.4943452306270,0.1338393311595,0.2242900413583,0.2658830116167,0.0918011173148,0.0887383422635,0.2345056593211,0.4690577461257,0.5909720545638,-0.0844952800002,0.4170004295625,0.2286721831361,0.3660044668875,0.6762702261574,0.5245913707185,0.6197561335581,0.5210529112389,0.5011871134644,0.6415069692117,0.4095633540193,0.2861407711113,0.4215201656896,-0.0021494487100,0.0471622976489,0.2348939535330,0.5581462191591
0.2965589294396,0.0944994746260,-0.0178971296081,0.3128567135666,1.0000000000000,-0.2067367519988,0.2802962944598,0.3031018231537,-0.0500463376078,0.4056918811291,0.7789952116639,-0.1253174206854,0.8022601423919,-0.2532368677946,0.0483389241794,0.0680006056883,0.5322973772231,0.2323725511446,-0.1171522124344,-0.0105314588556,0.8771930484438,0.6035156692264,0.4321674440188,0.3010769563950,0.7030121610862,-0.0413832964814,0.0830120813357,0.0943133571265,0.6476467334242,0.5026500286176,0.4373817727632,-0.2785553663277,-0.1604494739656,0.4493740805093,0.1708702136128,0.6540919399894,0.2528487628800,-0.0419699635339,0.2377631348422,0.8805638687901,-0.1908895902325,0.3397655354203,0.2466497359121,-0.0918386043846,0.4598241258187,0.7464375724056,-0.1837252514642,0.8467896389365,-0.3685767113325,-0.0200283008606,0.0892584615410,0.4374729697230,0.1935434614494,-0.1277614794414,0.1323021350879,0.8784227969762,0.5388322858779,0.3831979670922,0.4253530463414,0.6985206871611,-0.0644931282289,0.0756603329507,0.1747910284599,0.6621333005591,0.5510610412461,0.4088744029630,-0.4036587839089,-0.0905427002409,0.2033741004314,0.0265122569338
-0.1359814119769,-0.0724192413448,0.1566944530309,0.0016848322427,-0.2067367519988,1.0000000000000,0.4620736466761,0.0344561042768,0.7832951742925,-0.2210445566867,0.0961045860916,0.6474174882297,-0.1778200428959,0.3437826597725,0.4144006483294,0.5565620198681,-0.0830309076530,-0.0559941118408,0.3851665862357,0.0510666375881,-0.2063630157213,-0.0843395033587,-0.2425286829463,0.0011875859959,-0.0589352173247,0.0285129213458,0.2468083078222,0.0751306781566,-0.0328827937340,0.0707661409042,-0.1400324587414,0.2727569081824,0.6261930789921,-0.1400557864152,-0.0366808688979,-0.1870494926172,-0.1705484635832,0.0740275867840,-0.0450323218631,-0.1680129020434,0.8669034261403,0.4313296705728,-0.1873557330723,0.7233237860826,-0.2677386515900,0.0382543751452,0.6215541955174,-0.2257725327704,0.3884958246461,0.3804031347541,0.4513019629187,-0.0633900802309,-0.1891295601819,0.3718358827282,0.0120327258263,-0.2283375950286,-0.1377280970396,-0.2701615163392,-0.1367094917733,-0.1284218616135,0.0323295106258,0.1745697200622,0.0289371192825,0.0071340084737,-0.0247551155442,-0.2214868703658,0.1103123392051,0.2935320815560,-0.0790966109811,0.0033697227234
0.0311284758421,0.0066931683439,0.1299164909959,0.1631915447131,0.2802962944598,0.4620736466761,1.0000000000000,0.1970030705378,0.6508758192051,0.1167161751845,0.6171661212994,0.3208229454173,0.5482470218583,0.2247878980834,0.4212055695436,0.6060988237738,0.0361265001629,0.0119398319999,0.2340814846895,0.0682083336076,0.2879490570541,0.0991501361531,-0.0342016288357,0.0484184909448,0.3831341345499,-0.0207652730222,0.1841197100526,0.0998654274328,0.2779172603149,0.2064579432641,0.0228893685831,0.0421042461298,0.3767390893920,-0.1286674185666,0.0584224809257,0.0661767885362,-0.1029472301481,0.0970835565554,0.0351286388211,0.3059963147269,0.4028354417827,0.7852715814387,0.0076005406106,0.4845508164714,0.0755932543991,0.5231346738297,0.3480142319574,0.4349202269147,0.1697703992331,0.2202411551457,0.5068946420949,-0.0204381905165,-0.1170981860099,0.1424638300608,0.0331685081163,0.2624571549487,0.0383688273003,-0.0832973824805,-0.0033612564521,0.2919245024365,-0.1729885718921,0.0519179592202,0.1099526255665,0.2982375836512,0.2371450302942,0.0014562190387,-0.0080039860398,0.1920520249414,0.1966799742511,0.0464011604381
0.4993168796479,0.3353245331814,0.5859834038771,0.4496962670634,0.3031018231537,0.0344561042768,0.1970030705378,1.0000000000000,0.1155471773803,0.4379138510911,0.2638313023266,0.0272591560699,0.2588828297614,0.1041650654882,0.2442374510905,0.0416831644866,0.2763142434139,0.6733551223197,0.0988412606108,0.4577955413331,0.3371310252641,0.2697779828320,0.4252473395282,0.4887105848932,0.6444430952638,0.3607279703483,0.5315856957696,0.6362400100313,0.5823081194088,0.2627934660101,0.6149832348311,-0.0297863708304,0.0258155491401,0.3489771286019,0.4177346114927,0.2407379152457,0.2878687847130,0.3784547136404,0.3863708043954,0.1853298297896,-0.1068613235282,0.1521974977506,0.5958430185583,0.1034996139616,0.2790333368904,0.1683600600195,-0.0416061175420,0.2312791457588,-0.0622972065896,-0.0512830620232,-0.0147338102310,0.2185118247130,0.4168164742293,-0.1365364039244,0.4547853927234,0.2617309317770,0.1107199181027,0.1234051912474,0.2445561048686,0.4596289495108,0.1959665236541,0.2296623681736,0.4921991548063,0.4233046225988,0.0089275076063,0.1865665635560,-0.0494627783211,-0.0979674342025,0.0132012902499,0.2156119730028
0.0356247467987,-0.0997642269486,0.3095246453716,0.0621378661106,-0.0500463376078,0.7832951742925,0.6508758192051,0.1155471773803,1.0000000000000,-0.2256018271253,0.3045150324651,0.7224098568619,0.0196031201785,0.4225777718125,0.5633282465032,0.7188098963263,0.0481193638907,0.0104014673537,0.5157518410658,0.2204940897567,0.0354916273928,0.0694957517664,-0.1509086477732,0.1702142583897,0.0177819066587,-0.0304080891335,0.2657382828872,0.1386933763555,0.1586030104981,0.1607145396687,-0.0361712213880,0.1499280815882,0.5000911910958,-0.0878925126167,0.0424061685289,-0.0908170021591,-0.1598097756528,0.1063281513317,-0.0396011965070,-0.0133624790041,0.7314067559189,0.5919793178876,-0.2069567569058,0.8144304070329,-0.2395628973722,0.2182407756347,0.6888325092577,-0.0363875230203,0.3989326678868,0.3050244376149,0.5755162450589,0.0875401998988,-0.1496432426756,0.3563871941895,0.0839733129963,-0.0096714117079,0.0193486683528,-0.2393973400330,0.0162971058467,-0.0695412209459,-0.0213538040548,0.0438102886539,0.0847181069880,0.1583097712782,0.0557613422471,-0.1188363657539,0.0545449479849,0.1163141657674,-0.0110375609884,-0.0185313570752
0.5058711860905,0.2858517770594,0.2923511085934,0.4969628049837,0.4056918811291,-0.2210445566867,0.1167161751845,0.4379138510911,-0.2256018271253,1.0000000000000,0.3060963194161,-0.0852452943896,0.4457203992987,0.2224360721322,0.3121141305781,0.0987092929397,0.3095043720148,0.3347022697554,0.0163978168012,0.1139746982621,0.3721184363646,0.2985809889112,0.5072466517876,0.2017120478990,0.5918201766203,0.4830593117157,0.2893530820867,0.4412960945326,0.2904844043617,0.4294519114873,0.2602171007194,0.0552405592082,-0.0689011988173,0.2729713727684,0.3034989189815,0.4614174312625,0.2991667240433,0.2334971698477,0.4952196876322,0.3580806062539,-0.3070644462739,-0.0036588462034,0.3681179778851,-0.2577266428594,0.8063428840455,0.2458700635429,-0.0763239854123,0.4281401650485,0.1191703524684,0.2194440208964,0.1028654385472,0.2342846371357,0.2291749033081,-0.1541722772834,0.1947699774614,0.3210735525357,0.2181221881152,0.4582365102425,0.1818284260485,0.5940408177403,0.3057358175170,0.1641704143642,0.4348239414118,0.2313832773441,0.2597223690199,-0.0051034853433,0.1151999587059,-0.0059131587717,0.1660171934970,0.1560728763113
0.2264328911656,0.0461544363676,0.0074520716070,0.2010348213684,0.7789952116639,0.0961045860916,0.6171661212994,0.2638313023266,0.3045150324651,0.3060963194161,1.0000000000000,0.1475007504488,0.8073134452809,-0.0561584387017,0.3338132665655,0.3125274834690,0.3458734634905,0.1199310011432,0.1496245619094,0.0169330131565,0.6508340305449,0.4601182695611,0.2179386336081,0.1468298174990,0.6180396711147,-0.0625849959453,0.1651713903212,0.1097667145338,0.5463580240306,0.5524127143023,0.2705653035701,-0.0940311877408,0.0110002370816,0.2740581094474,0.1275177124307,0.5781951564852,0.0690682917630,-0.0832827477894,0.1196169968765,0.8229888905139,0.0726465799715,0.6361389442024,0.0786262894295,0.1859265144437,0.3184291915819,0.9372167776284,0.0708079585531,0.8176962309053,-0.1626630782198,0.1601882914131,0.2603510215571,0.2494855701433,-0.0589579073114,0.0407166813927,0.0497206374521,0.6877850906093,0.3633460689508,0.1829503376198,0.1771050939168,0.5823892348548,-0.1046076841963,0.0798004371746,0.1421976029840,0.5933551048169,0.5306358315095,0.2235956556208,-0.3303891348919,-0.0469230481329,0.2092088070767,-0.0365347900471
0.0971361301835,0.0575003873040,0.2614318214965,0.1514592789088,-0.1253174206854,0.6474174882297,0.3208229454173,0.0272591560699,0.7224098568619,-0.0852452943896,0.1475007504488,1.0000000000000,-0.1557589633031,0.5589667664396,0.5987974834698,0.5670783605707,0.0669485637381,0.1091982111321,0.7273334700486,0.3365635908477,-0.0761270342888,0.0276740286081,-0.0094854812235,0.1023298334835,-0.0760979596069,0.1018179499542,0.4214189220665,0.2071256338666,-0.0111482522078,0.3382750000245,-0.0419791938408,0.3894068634731,0.2778543703365,0.0631452480958,0.1195435405485,0.0097730253817,0.0197787984390,0.0342698027936,0.1254059907876,-0.0820832966307,0.6238839546594,0.2972463061350,-0.2559575069952,0.6265366661725,-0.1213418894797,0.0832285144068,0.8579892503008,-0.1567554332652,0.5342267076658,0.4449515118762,0.5161696531535,0.0643966842534,-0.1243003618387,0.6044197127611,0.1649567794265,-0.1143439632762,-0.0210761136519,-0.0917279205865,-0.0761539802542,-0.1152398540270,0.2135818802102,0.1677379845057,0.0931455113295,-0.0088838414842,0.1078692485733,-0.1832413538246,0.1000315409159,0.0506564901233,-0.0088076817043,-0.0246909778224
0.1898347511153,0.1123917116831,0.0366454566170,0.2474291258077,0.8022601423919,-0.1778200428959,0.5482470218583,0.2588828297614,0.0196031201785,0.4457203992987,0.8073134452809,-0.1557589633031,1.0000000000000,-0.0635851215661,0.1600699703866,0.2202452809509,0.3664687485984,0.1037779160912,-0.0437142729009,-0.0255121726792,0.7749946448932,0.4845007662919,0.2836853657753,0.1929651115139,0.6194504337325,-0.0106490976505,0.0256125294333,0.1338354521768,0.5275892185037,0.4240366735254,0.2752737774718,-0.1921430249112,0.0013548062616,0.2103599779733,0.1904597676192,0.4847416003203,0.0901595971826,0.0524923627924,0.1016070551954,0.7742898043019,-0.2264733469258,0.4932483991156,0.1696753763659,-0.1058349312384,0.4354340531075,0.7660031409332,-0.1232815078458,0.9352679333093,-0.2014292398648,-0.0071602215700,0.2153380877782,0.2578871902522,0.0570069247806,-0.1190879282831,0.0522596597265,0.7903974542585,0.4024873016018,0.2807641202833,0.2906224180956,0.6299339828138,-0.1856265093517,-0.0322246604742,0.2050263055346,0.5592840590848,0.5815851719720,0.2697269997975,-0.2659443839673,0.0393680065851,0.4602711249324,0.1479548819101
0.1322390916126,0.0682087985544,0.4751846949444,0.1839147771509,-0.2532368677946,0.3437826597725,0.2247878980834,0.1041650654882,0.4225777718125,0.2224360721322,-0.0561584387017,0.5589667664396,-0.0635851215661,1.0000000000000,0.4934152616182,0.4439001890140,0.1151607378764,0.1508408249335,0.5131964430476,0.3017558496499,-0.1281464417314,0.0451192110161,0.0007101234522,0.2227830753192,-0.0603866724436,0.4854316449922,0.3863450306452,0.4123620381441,-0.0125954741802,0.1788434805678,-0.1128041624674,0.4194729991846,0.3174979161918,-0.0516731627259,0.2070221216081,-0.0998445079072,-0.0200873265255,0.2867467133367,0.1421833956992,-0.2452707608124,0.2307322046033,0.1114959247308,-0.1204077187943,0.2844873972015,0.0460258116370,-0.1507381457677,0.6207422510623,-0.1406085326172,0.8763436238710,0.2443536827960,0.3844384087955,0.1203941872931,0.0198567017633,0.1943166779813,0.1704431595117,-0.1973349948923,-0.0128501957876,-0.0824008541926,0.0328604722086,-0.0844504970173,0.4096196015942,0.0910825429473,0.3145519971455,-0.1001709434689,-0.0290932585036,-0.2967776687758,0.5375013924509,0.1559639590877,0.0670176689771,0.1722724715194
0.5235416762023,0.1193138392261,0.3743042102991,0.2173485921558,0.0483389241794,0.4144006483294,0.4212055695436,0.2442374510905,0.5633282465032,0.3121141305781,0.3338132665655,0.5987974834698,0.1600699703866,0.4934152616182,1.0000000000000,0.5400571191628,0.0536769493676,0.3541402067137,0.7386777028659,0.4834400203183,0.1357680553334,0.0760649058944,0.0845007122412,0.1551972271875,0.0922986328972,0.1835725614845,0.4635634331579,0.3939455966509,0.0450881264647,0.5559288764172,0.0184955140921,0.3428584334642,0.3159490785918,0.0788067318596,0.2539537329234,0.2528974214929,0.0904714469596,0.2061149435793,0.1863018342745,0.0398308137105,0.2982138899505,0.2380641320063,-0.0339694862205,0.4674819275675,0.1277875837034,0.1975098536389,0.5469115143568,0.0764750105991,0.4167011784851,0.6331765003877,0.4571400550518,0.0402748658571,0.0827956890276,0.4882657116413,0.4043783816621,0.0370297974188,-0.0090313975827,-0.0222345298173,-0.0007957097808,0.0364812595445,0.1606167519764,0.2047165842385,0.2772438148584,0.0150394603430,0.1930076356325,-0.1959924127115,0.1667239843437,0.0708841424727,0.0174177002614,0.0842528068245
0.0799182743600,0.0005949823896,0.3389576563899,0.1674695167470,0.0680006056883,0.5565620198681,0.6060988237738,0.0416831644866,0.7188098963263,0.0987092929397,0.3125274834690,0.5670783605707,0.2202452809509,0.4439001890140,0.5400571191628,1.0000000000000,0.1401320099425,-0.0520009062323,0.3717499612371,0.1132523426367,0.1914579023516,0.1692652382437,0.0399066272338,0.1872579567534,0.0870905155457,0.0890221051021,0.1438498799548,0.1728685188061,0.1164644661642,0.2801998359988,-0.0272571909332,0.0967321568232,0.4894961656484,-0.0227807774357,0.1592209507142,0.0395605401222,-0.0684080571146,0.1920904547337,0.0858600925543,0.0761504385468,0.5223334253600,0.4827471851565,-0.1369499852460,0.6010023665385,0.1203488187301,0.2334919348000,0.6244855463985,0.1533094929971,0.4490684141965,0.3428682657078,0.7607242018959,0.1590830362303,-0.1130636897018,0.2655721328465,0.0839467003838,0.1444144679121,0.1229535632764,0.0365012454212,0.1171101916159,0.1177263072044,0.0145043021773,-0.0232848099588,0.2023405767765,0.1230241313049,0.2632553609457,-0.0845264682489,0.0743513507097,0.2544816428112,0.2493060614659,0.1163443580382
0.2541311617546,0.1538114914128,0.3199650312460,0.4935487348004,0.5322973772231,-0.0830309076530,0.0361265001629,0.2763142434139,0.0481193638907,0.3095043720148,0.3458734634905,0.0669485637381,0.3664687485984,0.1151607378764,0.0536769493676,0.1401320099425,1.0000000000000,0.2559986028351,-0.0327600063979,0.0227832665411,0.4823244049628,0.8654116500186,0.5954004667763,0.7119513943885,0.5147256676855,0.3033278502628,0.1722757174466,0.3899010312605,0.7147897186668,0.4535670265868,0.5390163853117,-0.2980964799057,0.0357623573046,0.4421422445610,0.3160727396764,0.5021717883843,0.3035707354634,0.1286896288747,0.3871823271750,0.5457660213981,-0.1407172166628,0.1430969391886,0.0883153300106,-0.0832575660367,0.3117664718224,0.3254904374535,0.0698334486497,0.4260493215881,0.0245134612416,-0.1521987227975,0.1835827219439,0.9325945562366,0.3153178859184,-0.2405439850334,0.1013764506128,0.4497142969578,0.8340558788142,0.5191088891591,0.7926398764121,0.5628969178689,0.2450326481944,0.0571851522822,0.4301994947882,0.6681072813492,0.5085273176643,0.4109217168832,-0.1597742151558,-0.1568940976764,0.3307470066212,0.1950629349325
0.6591622076330,0.5548911996232,0.5075813866691,0.4981516982460,0.2323725511446,-0.0559941118408,0.0119398319999,0.6733551223197,0.0104014673537,0.3347022697554,0.1199310011432,0.1091982111321,0.1037779160912,0.1508408249335,0.3541402067137,-0.0520009062323,0.2559986028351,1.0000000000000,0.2965739723851,0.7409740045685,0.2704963518325,0.2263318606518,0.4791922143511,0.5600907413329,0.3346353100079,0.3937237763023,0.6870017353781,0.6308581144911,0.3100817394204,0.5027530654097,0.6036246579773,0.0176806044646,-0.0673139490241,0.5175615080900,0.6516864191385,0.3320411132620,0.5569178624393,0.3005816008114,0.4188542301509,0.0636702413926,-0.1511355346990,-0.0647296778015,0.4192579968086,0.0164794617367,0.1384397023746,-0.0123840379660,-0.0053341186346,0.0944414449417,-0.0477950723019,0.0143387362429,-0.0502872458624,0.2298482073694,0.6965824127773,0.0650594505943,0.6847289627098,0.1329884140375,0.1133225450471,0.2223836195521,0.3319631874791,0.2332743580915,0.3273016347835,0.3350036499315,0.4259638082150,0.1707288108344,0.0397951272907,0.2873410507646,-0.0336210164728,-0.1435720561683,-0.0417924967342,0.4096855204267
0.3232567249531,0.0587708616019,0.2422220185319,0.0304962350100,-0.1171522124344,0.3851665862357,0.2340814846895,0.0988412606108,0.5157518410658,0.0163978168012,0.1496245619094,0.7273334700486,-0.0437142729009,0.5131964430476,0.7386777028659,0.3717499612371,-0.0327600063979,0.2965739723851,1.0000000000000,0.5826155152737,-0.0519668367058,-0.0409713257732,-0.0138451453452,0.0504277669064,-0.1252326829507,-0.0081991209246,0.3732972897056,0.2507754151367,-0.0831547050194,0.4182583611258,-0.0776191176284,0.3904334860909,0.1835911855828,0.0729855527038,0.1464300816936,0.0768824887066,-0.0019996284513,0.0346989813063,-0.0087314853104,-0.0737461086848,0.3331010569283,0.1896692963383,-0.2100190091512,0.4773348248939,-0.1591301670435,0.0821009392309,0.5538551888880,-0.0691124051941,0.3847648705525,0.4314761368361,0.3343299264751,-0.0751224844523,-0.0840977289807,0.6862989701474,0.3094290586562,-0.0935355284671,-0.0904032589831,-0.1790057961566,-0.1296967155058,-0.2218505297024,0.0416701319140,0.0047664459093,0.0083868828473,-0.0988419378350,0.1191568917520,-0.2163505419555,0.0818639239923,0.0084736175244,0.0149316704838,-0.0406656640422
0.5343670460129,0.3485554569103,0.3778439753424,0.3369436248048,-0.0105314588556,0.0510666375881,0.0682083336076,0.4577955413331,0.2204940897567,0.1139746982621,0.0169330131565,0.3365635908477,-0.0255121726792,0.3017558496499,0.4834400203183,0.1132523426367,0.0227832665411,0.7409740045685,0.5826155152737,1.0000000000000,0.1356450162726,-0.0425526644467,0.3054354112265,0.3232571399885,0.0784889219735,0.1186367668322,0.5931820367942,0.4130939770125,0.1022921274554,0.3925531272359,0.3098418288356,0.1549305055211,-0.0996572776382,0.2473866770690,0.4783361837920,0.0727189511410,0.3208783082863,0.1896654750393,0.2836599162729,-0.1251535243442,-0.0270698579809,-0.0641464468889,0.1655527870631,0.2462205388606,-0.0647032244652,-0.0808398621018,0.1809610266063,-0.0543269970187,0.0904263644897,0.0624083455274,0.0624904378248,-0.0070989228050,0.3542797721150,0.4006635519426,0.7350925128325,0.0376980963100,-0.1138663197100,0.0513201888841,0.0944094959579,-0.0899131295368,0.1967440456853,0.2071189314011,0.1530667530885,-0.0068768416544,0.0002594034948,0.0980957324427,-0.0018612391272,-0.1560159733872,-0.0695086388304,0.2306883870564
0.3645214806805,0.1152864220622,0.1468749893496,0.3199038006567,0.8771930484438,-0.2063630157213,0.2879490570541,0.3371310252641,0.0354916273928,0.3721184363646,0.6508340305449,-0.0761270342888,0.7749946448932,-0.1281464417314,0.1357680553334,0.1914579023516,0.4823244049628,0.2704963518325,-0.0519668367058,0.1356450162726,1.0000000000000,0.5444756581340,0.4154668258103,0.3913756205345,0.5628922920475,0.0082684321771,0.1054512552685,0.1673450297741,0.5800075103989,0.4349955280470,0.4251630730497,-0.2741629577519,-0.1381001154471,0.3858461169303,0.2870063806725,0.5057428209227,0.2868376644742,0.0645726775890,0.2800379359109,0.6622994958950,-0.2166491437499,0.2644726995895,0.1857708555086,-0.0617326376563,0.4240885767758,0.5734164399179,-0.1181880205712,0.7613289756234,-0.2486302467054,-0.0851224000539,0.1736449409604,0.4409965818140,0.2346118977257,-0.1398330714556,0.1873255572764,0.9424568772916,0.4784564672619,0.3434059518840,0.4672191095343,0.5454499559222,-0.0058141008213,-0.0141283965569,0.2302217474296,0.5400033928287,0.4637726194094,0.3537864523741,-0.3079006810579,-0.0809654398626,0.2581517675034,0.1423017953211
0.2377487689673,0.1797269128488,0.2824903109431,0.4426012223202,0.6035156692264,-0.0843395033587,0.0991501361531,0.2697779828320,0.0694957517664,0.2985809889112,0.4601182695611,0.0276740286081,0.4845007662919,0.0451192110161,0.0760649058944,0.1692652382437,0.8654116500186,0.2263318606518,-0.0409713257732,-0.0425526644467,0.5444756581340,1.0000000000000,0.5507814759893,0.7191922379077,0.5095560403962,0.2337253286418,0.1239051629843,0.3579935314244,0.7687042349862,0.5067283715073,0.6266625063703,-0.2504439174561,0.0819509668649,0.5179900628426,0.3640893958119,0.5560782392297,0.2762965451101,0.0578738691612,0.2636186515412,0.6504407133912,-0.1468194127052,0.2644790224321,0.0815529425059,-0.0842721612680,0.3183845000335,0.4540557914377,0.0597342070080,0.5807129079183,-0.0473640106858,-0.1215940233178,0.2449375982453,0.8426498028847,0.2697313849154,-0.2592264109850,0.0283816163551,0.5368677450830,0.9253696397293,0.5122389282670,0.8158565066287,0.5978232129874,0.1476890669626,0.0018572209598,0.4202132664368,0.7745684456625,0.5958445562974,0.5073344182154,-0.2184731314726,-0.1425680962709,0.4134180666215,0.2591894401574
0.4407039096345,0.5664819467992,0.2925848596368,0.7322533341113,0.4321674440188,-0.2425286829463,-0.0342016288357,0.4252473395282,-0.1509086477732,0.5072466517876,0.2179386336081,-0.0094854812235,0.2836853657753,0.0007101234522,0.0845007122412,0.0399066272338,0.5954004667763,0.4791922143511,-0.0138451453452,0.3054354112265,0.4154668258103,0.5507814759893,1.0000000000000,0.5505203353601,0.5195413953379,0.3690101706553,0.3271382842363,0.4697905409301,0.5354465303364,0.5305191308209,0.7572091984516,-0.1871126953083,-0.0822916083292,0.5471553674128,0.6120992949777,0.5163887859073,0.6479201932713,0.1662172214053,0.6348156877157,0.4012074017413,-0.2588863625347,-0.0577418444661,0.3259303584971,-0.2589185756070,0.4812674644747,0.1849909488196,-0.0568430380994,0.3601360417186,-0.1341853974737,-0.0907422343462,0.0967417260127,0.5419440359393,0.4702839757422,-0.1435260566194,0.2759082749060,0.3709529656081,0.5100296275024,0.8306427069177,0.5898466641352,0.6012022705483,0.3490750761812,0.2246421991108,0.4573208041475,0.4286723176716,0.3575117043215,0.5849296686579,-0.1977628398032,-0.0563324092985,0.2557583694122,0.4680682919331
0.3907752909421,0.4257029416466,0.7082207546661,0.5778279413153,0.3010769563950,0.0011875859959,0.0484184909448,0.4887105848932,0.1702142583897,0.2017120478990,0.1468298174990,0.1023298334835,0.1929651115139,0.2227830753192,0.1551972271875,0.1872579567534,0.7119513943885,0.5600907413329,0.0504277669064,0.3232571399885,0.3913756205345,0.7191922379077,0.5505203353601,1.0000000000000,0.3893035632780,0.4311504599661,0.4670492777928,0.6798252264199,0.6087301194716,0.3881875984104,0.6780107914382,-0.1948626817326,0.1491878673930,0.4417725242433,0.6020384865034,0.3110619833003,0.5042700642231,0.4073586933035,0.4594195929324,0.1935406167304,-0.1043684931044,0.0705316229386,0.1985514479349,0.0325997473253,0.1234427303801,0.0225528665466,0.1460772287057,0.2109010139729,0.0795176000720,-0.1986732716125,0.1872734965835,0.7415074057416,0.5554299551291,-0.2273999565843,0.3082793104353,0.2656756825416,0.5798085388576,0.4303115757798,0.8325254754722,0.3851380516077,0.3245592785697,0.1430851770488,0.6372336564806,0.4866191859339,0.2363073036821,0.4311524673910,-0.0325486359949,-0.1166932959876,0.2413285095803,0.4641111318932
0.3026598725190,0.1963424815065,0.2174605693347,0.5595935068992,0.7030121610862,-0.0589352173247,0.3831341345499,0.6444430952638,0.0177819066587,0.5918201766203,0.6180396711147,-0.0760979596069,0.6194504337325,-0.0603866724436,0.0922986328972,0.0870905155457,0.5147256676855,0.3346353100079,-0.1252326829507,0.0784889219735,0.5628922920475,0.5095560403962,0.5195413953379,0.3893035632780,1.0000000000000,0.2184348032682,0.2990311618595,0.3323980233196,0.7566659073852,0.3884643020076,0.5070113682386,-0.2263522074579,-0.0468873893083,0.3158678911573,0.2234935986235,0.5001772314838,0.2663804899541,0.2231673789253,0.4549199860988,0.6663636753672,-0.1311562493854,0.3895604117689,0.5330656952214,0.0006154264997,0.5423835865107,0.5834150743537,-0.0807575629335,0.6307113988797,-0.1751066291933,0.0104904426458,0.1154391542164,0.3878941089882,0.2895939705114,-0.1773770119824,0.2374598635518,0.5444976167145,0.4046278624170,0.4271861030508,0.4005527425177,0.8611585979485,0.0692402570900,0.2748113549021,0.3722013822610,0.7298284562352,0.4081426406591,0.3678845663275,-0.2208577544125,-0.0443666696163,0.1855663663080,0.1145993597223
0.3168145566857,0.4429356734199,0.6084116312787,0.5642929988451,-0.0413832964814,0.0285129213458,-0.0207652730222,0.3607279703483,-0.0304080891335,0.4830593117157,-0.0625849959453,0.1018179499542,-0.0106490976505,0.4854316449922,0.1835725614845,0.0890221051021,0.3033278502628,0.3937237763023,-0.0081991209246,0.1186367668322,0.0082684321771,0.2337253286418,0.3690101706553,0.4311504599661,0.2184348032682,1.0000000000000,0.5558412841495,0.7071511508786,0.2047416122905,0.2339020543472,0.3035289905887,0.1588331551880,0.2299861705540,0.3107808405650,0.5519880542307,0.1976484215038,0.4430470946252,0.4120448875213,0.5921951527792,-0.0795140324522,-0.0886592408707,-0.1061252659599,0.2408332107672,-0.1959492880584,0.3753714313395,-0.1781252241118,0.2123141143386,-0.0203314071959,0.4468931146762,-0.0204730783869,0.1013437071717,0.3434854238232,0.4350157683859,-0.3662659446477,0.2144152185059,-0.0797591141631,0.1456516396304,0.2914993235864,0.2655213254508,0.2878651028790,0.8000256449695,0.3898908481000,0.7269624682879,0.0914531894433,-0.0732987946148,-0.0253974509046,0.3873631460379,0.0703507437418,0.0481044262310,0.4971868759654
0.4624227963009,0.4970490153738,0.6264064160986,0.5585529171294,0.0830120813357,0.2468083078222,0.1841197100526,0.5315856957696,0.2657382828872,0.2893530820867,0.1651713903212,0.4214189220665,0.0256125294333,0.3863450306452,0.4635634331579,0.1438498799548,0.1722757174466,0.6870017353781,0.3732972897056,0.5931820367942,0.1054512552685,0.1239051629843,0.3271382842363,0.4670492777928,0.2990311618595,0.5558412841495,1.0000000000000,0.7383681962397,0.2139999698196,0.3850889928403,0.3745960811596,0.2872857682069,0.1065631251042,0.2545396795620,0.4988114027567,0.1808816863347,0.4486915309849,0.4232031656765,0.5329953361282,-0.0247717682012,0.0862108507351,0.0333248580354,0.2374326408904,0.1521136348859,0.1017318480516,-0.0212944292415,0.3728590355527,-0.0147258556326,0.2760935148423,0.1591634820249,0.0698621074153,0.1482182360829,0.4349816067810,0.1709909222980,0.5533188069713,-0.0290595749055,-0.0385490673956,0.1541271094696,0.1751054247525,0.1896273313741,0.5103416040796,0.6733850657230,0.6082197486011,0.1063674571777,-0.0705996952748,0.0032585895899,0.2080458543491,-0.1262172867808,-0.1721464447855,0.3328362722125
0.4710571019242,0.5530275876845,0.8445410794817,0.5770688149047,0.0943133571265,0.0751306781566,0.0998654274328,0.6362400100313,0.1386933763555,0.4412960945326,0.1097667145338,0.2071256338666,0.1338354521768,0.4123620381441,0.3939455966509,0.1728685188061,0.3899010312605,0.6308581144911,0.2507754151367,0.4130939770125,0.1673450297741,0.3579935314244,0.4697905409301,0.6798252264199,0.3323980233196,0.7071511508786,0.7383681962397,1.0000000000000,0.3618976181259,0.4013452243016,0.5049428703882,0.1947920944406,0.2301835521010,0.3463231289752,0.5911036577487,0.2846128132656,0.4620856041719,0.5490851978279,0.5263355990730,0.0171520022418,-0.1027982424142,0.0050912408351,0.2471185722627,-0.0460778080268,0.2298532594187,-0.0566020347528,0.2206417049312,0.1068820903948,0.2665270880119,-0.0056683878834,0.1139048976002,0.3626098551005,0.4657662648128,-0.1499868934440,0.3920510772411,0.0572393293990,0.1923421712526,0.2885784481311,0.4017020385070,0.2954048698398,0.4999649629563,0.3337520698709,0.8528861068264,0.2077314344245,0.0772531868509,0.0951136280084,0.2265179924907,-0.0542348665748,0.1240047832421,0.4128646065158
0.2762961729233,0.1082901461016,0.2975893467551,0.4790004104826,0.6476467334242,-0.0328827937340,0.2779172603149,0.5823081194088,0.1586030104981,0.2904844043617,0.5463580240306,-0.0111482522078,0.5275892185037,-0.0125954741802,0.0450881264647,0.1164644661642,0.7147897186668,0.3100817394204,-0.0831547050194,0.1022921274554,0.5800075103989,0.7687042349862,0.5354465303364,0.6087301194716,0.7566659073852,0.2047416122905,0.2139999698196,0.3618976181259,1.0000000000000,0.3510633653172,0.6628635835370,-0.2710478218944,0.0098639264325,0.3770204899630,0.2791408829357,0.4547180457047,0.1923366304610,0.1054193444807,0.3046009591296,0.6589035876184,-0.1078247396802,0.3879533301086,0.3056991527647,0.0302063053963,0.2709176398476,0.5518326040357,-0.0174276886373,0.5828894859736,-0.1596931098102,-0.2126717103061,0.1918900245724,0.6536566540821,0.3022637527692,-0.2821573509344,0.1655159645326,0.5667654567303,0.7089801451083,0.3759111063714,0.6554166072154,0.6710327320714,0.0833043351636,0.0954913977072,0.3794251892403,0.9241582390442,0.4098133214299,0.5034036760196,-0.2380237060116,-0.1518762579188,0.2578405351277,0.1643121848432
0.4911012086798,0.4297473626071,0.1930972640298,0.4856087300151,0.5026500286176,0.0707661409042,0.2064579432641,0.2627934660101,0.1607145396687,0.4294519114873,0.5524127143023,0.3382750000245,0.4240366735254,0.1788434805678,0.5559288764172,0.2801998359988,0.4535670265868,0.5027530654097,0.4182583611258,0.3925531272359,0.4349955280470,0.5067283715073,0.5305191308209,0.3881875984104,0.3884643020076,0.2339020543472,0.3850889928403,0.4013452243016,0.3510633653172,1.0000000000000,0.4715896018959,0.1181483639199,0.0783919593130,0.6585556501824,0.5758869266008,0.7493019879102,0.4657853640329,0.0080271526154,0.4089782440922,0.5275159083990,0.0397800931151,0.2172317522163,0.1089298308613,0.0966205427980,0.3861472624600,0.4715242120438,0.2271107299714,0.4895287189957,0.0238705533930,0.3284450891482,0.3474829207699,0.3982776896676,0.2977845478276,0.2403158752780,0.3970130618725,0.4159054722943,0.4221149893590,0.4893788033219,0.3736123481723,0.4649766466464,0.2670526623617,0.1838355069836,0.3304780152046,0.3732196726942,0.6694593683683,0.3525057414735,-0.2336175575631,0.0564918859581,0.3095654578086,0.2930680026050
0.3780817172240,0.5931975521835,0.3494943820590,0.5907310243418,0.4373817727632,-0.1400324587414,0.0228893685831,0.6149832348311,-0.0361712213880,0.2602171007194,0.2705653035701,-0.0419791938408,0.2752737774718,-0.1128041624674,0.0184955140921,-0.0272571909332,0.5390163853117,0.6036246579773,-0.0776191176284,0.3098418288356,0.4251630730497,0.6266625063703,0.7572091984516,0.6780107914382,0.5070113682386,0.3035289905887,0.3745960811596,0.5049428703882,0.6628635835370,0.4715896018959,1.0000000000000,-0.1868432300554,-0.0191956250860,0.5988034911975,0.6900811759813,0.4517140993702,0.6063859081630,0.1217868846319,0.4596782108986,0.3734811427436,-0.1761122108526,0.0742755319048,0.3677622347910,-0.1498798638032,0.2204752753468,0.2168185401102,-0.0958978809350,0.3511389942464,-0.2407308568800,-0.2316598008913,0.0167735113784,0.5097337611897,0.5551285730915,-0.2170417176766,0.2767270162623,0.3790912861987,0.5161689184906,0.5933712148656,0.6203843999391,0.5350437794424,0.2491470549443,0.2177528143606,0.4339021659424,0.5442474795270,0.3167156928116,0.7557180684733,-0.2578260166017,-0.1132601092342,0.2531145131806,0.5251948838803
-0.0704878473273,0.1073661208375,0.0269298726814,-0.0588551392574,-0.2785553663277,0.2727569081824,0.0421042461298,-0.0297863708304,0.1499280815882,0.0552405592082,-0.0940311877408,0.3894068634731,-0.1921430249112,0.4194729991846,0.3428584334642,0.0967321568232,-0.2980964799057,0.0176806044646,0.3904334860909,0.1549305055211,-0.2741629577519,-0.2504439174561,-0.1871126953083,-0.1948626817326,-0.2263522074579,0.1588331551880,0.2872857682069,0.1947920944406,-0.2710478218944,0.1181483639199,-0.1868432300554,1.0000000000000,0.1132263741145,-0.0447314323037,-0.0365484829693,-0.1196519676459,-0.0178125152657,-0.0704191473002,-0.0726679472798,-0.2636206449465,0.2378026364134,-0.0701635585333,-0.2027931521129,0.1083394780157,-0.1203457721310,-0.1578497931242,0.3223238165357,-0.2120780216455,0.4319626580216,0.3523537124745,0.0219169982333,-0.3344669529386,-0.1516508987166,0.3897586725001,0.0296914062721,-0.2786400785150,-0.3159604580236,-0.1694407296427,-0.3418616282881,-0.2788274772689,0.1433580445308,0.1219371327561,0.0423074297600,-0.2841923653189,-0.0588805182352,-0.3001652730450,0.5623541985966,0.1533657243538,-0.0299575938117,-0.1166982757141
-0.0857379656473,0.1094628546136,0.2720377482696,0.0967188751330,-0.1604494739656,0.6261930789921,0.3767390893920,0.0258155491401,0.5000911910958,-0.0689011988173,0.0110002370816,0.2778543703365,0.0013548062616,0.3174979161918,0.3159490785918,0.4894961656484,0.0357623573046,-0.0673139490241,0.1835911855828,-0.0996572776382,-0.1381001154471,0.0819509668649,-0.0822916083292,0.1491878673930,-0.0468873893083,0.2299861705540,0.1065631251042,0.2301835521010,0.0098639264325,0.0783919593130,-0.0191956250860,0.1132263741145,1.0000000000000,-0.0471735897781,0.1674925329743,-0.0874153868472,-0.0259366375848,0.2485368877643,0.0198829217322,-0.1136837856937,0.5351971009639,0.3237917734890,-0.0574280618918,0.3945680888489,-0.1328102707914,-0.0512497919553,0.4208761008945,-0.0705697330132,0.3301994994301,0.2506851511684,0.4205080702269,0.0868369153115,-0.0275150975157,0.0335915027785,-0.0719566548358,-0.1618623041715,0.0308702008059,-0.0448376769174,0.0745743677404,0.0176087553200,0.0724031770522,0.0551253424184,0.2632229735813,0.0200994965317,0.0634502911219,-0.0649513964994,0.0818835534740,0.4536389876462,0.1479990478468,0.2928648592199
0.3430235013707,0.4236151954963,0.2031518960870,0.4280947077764,0.4493740805093,-0.1400557864152,-0.1286674185666,0.3489771286019,-0.0878925126167,0.2729713727684,0.2740581094474,0.0631452480958,0.2103599779733,-0.0516731627259,0.0788067318596,-0.0227807774357,0.4421422445610,0.5175615080900,0.0729855527038,0.2473866770690,0.3858461169303,0.5179900628426,0.5471553674128,0.4417725242433,0.3158678911573,0.3107808405650,0.2545396795620,0.3463231289752,0.3770204899630,0.6585556501824,0.5988034911975,-0.0447314323037,-0.0471735897781,1.0000000000000,0.5700828884315,0.5821892577421,0.5258130755308,0.0249231163886,0.3815941083871,0.4215305923971,-0.1160632872045,-0.0020738791139,0.2949285755815,-0.1149812459867,0.3179822647688,0.2358596166225,-0.0672742868559,0.3566402369993,-0.2101334611632,-0.0547212996483,0.0677949194306,0.4425747716957,0.4081531451741,-0.0900045509086,0.3065590692219,0.3860786679745,0.4560247353102,0.4609677346071,0.4188787326511,0.4114485852392,0.3451772700561,0.1047675631403,0.3311385970816,0.3539237185506,0.3774153735792,0.4470301589955,-0.3074096547140,-0.0176659221164,0.2612713851613,0.3136193969253
0.5115620977000,0.7422548311172,0.5003398318011,0.6479638861680,0.1708702136128,-0.0366808688979,0.0584224809257,0.4177346114927,0.0424061685289,0.3034989189815,0.1275177124307,0.1195435405485,0.1904597676192,0.2070221216081,0.2539537329234,0.1592209507142,0.3160727396764,0.6516864191385,0.1464300816936,0.4783361837920,0.2870063806725,0.3640893958119,0.6120992949777,0.6020384865034,0.2234935986235,0.5519880542307,0.4988114027567,0.5911036577487,0.2791408829357,0.5758869266008,0.6900811759813,-0.0365484829693,0.1674925329743,0.5700828884315,1.0000000000000,0.3753155159967,0.7334017501811,0.2655549768951,0.5748512573553,0.0862367324969,-0.0836487660511,0.0174511792356,0.2774027926246,-0.0638465654465,0.2208643440407,0.0133223203330,0.1494263958378,0.2015256037740,0.0531388984365,-0.0578460522425,0.2289666289530,0.3637714567635,0.6071378525432,-0.0886982829278,0.3982743380193,0.2076670946772,0.2567058311137,0.5332328821271,0.4577243425779,0.3302697127720,0.4877274690175,0.2498124120094,0.5109929354406,0.1705943012671,0.2408430520079,0.5075136372351,-0.1050430640566,0.1136226499992,0.2999343095972,0.7944366951962
