1.0000000000000,0.5250295619243,0.4793573828708,0.5268006985688,0.5052758839922,0.0395257291072,0.3606913582049,0.6682974571271,0.3633911131946,0.2894070625070,0.5505642923211,0.1317022599894,0.5074643106107,0.0029806873014,0.6145412215691,0.3679264491493,0.4962463242747,0.3127298186597,0.0818472207232,0.4314582727265,0.5547705169932,0.6356384371423,0.5445111278927,0.6784496768107,0.4262074521194,0.4404611668376,0.5300741323058,0.3193289020661,0.5834496114906,0.7132331546488,0.7289631883105,-0.1528124315031,0.0305142708037,0.4741465938357,0.5834382274036,0.1950317987736,0.2685775372989,-0.1839114403023,0.6703312096065,0.3293424531398,0.1575566381603,0.0599529539474,0.1129141999529,-0.1257491564282,0.2828758986992,0.0479492668803,-0.1045699420066,0.1956775236901,-0.0661792468433,-0.1966288421064,0.0776617290979,0.5550315070986,0.1425360913617,-0.3965224468197,-0.2307973365476,0.2108013692102,0.0043859658285,0.5118720933091,0.0481936752930,0.4569576096427,-0.1086697126310,-0.3469548268691,0.2433603572054,0.4149365142778,-0.0966202949286,0.0258384095954,0.0703921633257,0.2878064748995,0.0371758736291,0.3046763194226
0.5250295619243,1.0000000000000,0.7074296175252,0.3761204564408,0.4346279198851,-0.1547386894281,0.0857020851812,0.7266482984587,0.2323405177107,0.3088309493430,0.3648323446388,0.1532417968920,0.3328656748356,0.2660442450437,0.4132277469520,0.1629494664689,0.2565672516354,0.4413385895894,0.2442789545607,0.4935907696887,0.5202120591347,0.5773431654268,0.4339257306789,0.7263546426778,0.3851983149621,0.5806304164911,0.6973666280507,0.6942210570053,0.6263063304078,0.4524540539483,0.6790736683962,0.1990602833654,-0.1364712121245,0.4273028551377,0.3694853924778,-0.0478823588315,0.4931768567684,-0.0597597853983,0.4859257808311,0.4107524446294,-0.0037135750972,-0.1987828904737,0.2877111361948,-0.2839236406148,0.2302013548109,0.1032411908751,0.0297209015574,0.1955775186929,0.1338371899074,-0.3253773459378,-0.1186481654683,0.3884383935643,0.2283749825727,-0.1355464904609,-0.0346936943417,0.3392059979898,-0.0861114794366,0.3700861634048,0.0153803731216,0.3464552202617,0.0977548850361,-0.1301276662398,0.5600034323107,0.5415934278430,-0.2969296473510,-0.0172283636352,0.3069167123526,0.0041548468097,-0.0318954129310,0.2019706180793
0.4793573828708,0.7074296175252,1.0000000000000,0.4012250300848,0.3595739163331,0.1155718463937,0.1661281448589,0.7272833799527,0.4631560364400,0.3519306132947,0.3730723396037,0.4109787375017,0.3550117496901,0.3598945333792,0.6506458335385,0.2990598462010,0.0999398707026,0.4226574198615,0.4506910448009,0.6133372655147,0.5358330267373,0.4162321570124,0.2843341638155,0.6442645537523,0.3157419427641,0.6103893917750,0.6707627310449,0.7932410842093,0.5503330948538,0.4652587479049,0.5360612251056,0.0003068811518,0.0607978102459,0.4264788851357,0.3055551631295,-0.1635615211806,0.1340788122475,0.2039341350221,0.4555177283517,0.3150492287421,0.1840373330457,-0.0528068753915,0.0726827077769,-0.0470521294366,0.1635513135280,0.1210384662381,0.0779958862539,0.1418845976258,0.2026732111468,-0.0634387493782,-0.0312908417406,0.2426088533238,0.0684955502537,0.0596852546154,-0.0821607282610,0.4551735910004,-0.1033415174512,0.1036240191463,0.0207268448666,0.2156495713461,0.1022055997976,-0.1722540973947,0.6041811774968,0.3905638830721,-0.2952303432799,-0.2582586539865,0.1735048155234,0.0698773558188,0.0475732770021,0.0341405224788
0.5268006985688,0.3761204564408,0.4012250300848,1.0000000000000,0.1664648772794,-0.0017061618560,0.2122779328921,0.4746151555544,0.3057926920636,0.2742899501098,0.3164743860796,0.0095667204400,0.2982337736999,0.0037298529030,0.3977960823791,0.2746949914038,0.2491328247514,0.2802357958327,0.0202068504759,0.4211271723290,0.4775174275853,0.1869201483725,0.5403885465269,0.3609934083451,0.3461274191883,0.4909414877115,0.4474350127196,0.2050849874544,0.4094263431626,0.3350486436661,0.4358448734792,-0.3047284681913,0.0680613443149,0.2146598628306,0.5518002431403,0.1150101393313,0.1161685116494,-0.0504374042217,0.8102844806557,-0.0472589813000,0.0345877156353,-0.0374283227139,0.1054466909140,-0.0876244733547,0.2222592338410,0.0067648467042,-0.0609189398961,0.0661718065757,0.0368888276066,-0.1966191127144,-0.0361579389969,0.3026503413182,0.1914819929044,-0.3377332327763,-0.0293956079955,0.2435540105514,-0.1353357500389,0.4016296756703,0.0188668929135,0.2375855825122,0.1372062502784,-0.1167546293849,0.1227213382959,0.2252651069705,-0.1994019851523,-0.0318621449762,0.2691936339508,0.1947921775229,-0.0550631727988,0.3067037454236
0.5052758839922,0.4346279198851,0.3595739163331,0.1664648772794,1.0000000000000,0.0502995671669,0.4186847868277,0.6181308705800,0.3457279563698,0.3429791211440,0.7157220974404,0.1470759610990,0.6963302722395,0.1536129006162,0.4894588560857,0.3489587828172,0.3089996846938,0.2121915819585,0.1603970371151,0.2242326371280,0.5946656209261,0.4734980551033,0.2079166561250,0.4782819192820,0.4942432507535,0.3604775745042,0.3680501003822,0.3440743523274,0.6155668093835,0.5662019587775,0.5096097010606,0.0494323900771,0.0829957374174,0.5052703407459,0.2756436361570,0.0864109126591,0.2242398537180,-0.3004818131776,0.3992128680625,0.8320365227966,0.2116435167570,0.2130452363646,0.1742732031753,0.0571500471078,0.3674349653201,0.5461878020326,-0.0433150752380,0.5772695864999,0.0274076796535,-0.0547317842767,0.2295049920882,0.4215211587861,0.0423709645649,-0.2136060193588,-0.3271677456678,0.5280170679164,0.0972294710646,0.1924459993578,-0.0240323720195,0.4448313839554,-0.1435393130879,-0.3246681860086,0.2609916035772,0.5712432054339,-0.1650531739559,-0.1602770459676,0.0755647067792,0.2193993953196,0.0545483441861,0.0895170992004
0.0395257291072,-0.1547386894281,0.1155718463937,-0.0017061618560,0.0502995671669,1.0000000000000,0.5974908582380,0.0011297027185,0.6951965409170,0.0569576423076,0.1087084059898,0.4527539007724,0.1051399496329,0.1782587013686,0.3697234094396,0.4464754434049,-0.1944986873074,-0.2118096116658,0.2007691715182,-0.1452515243289,-0.0243640891812,-0.1563458635752,-0.2260670515932,-0.1788569140751,-0.0729267692385,0.0495786012878,-0.1063699506974,-0.0535451014172,-0.1032197871140,0.1428604887472,-0.1247375379071,-0.3112760519300,0.7295191420146,0.0402578704472,-0.0779697300044,-0.2461411390337,-0.3257118631947,0.0768122648204,0.0897534672104,0.0040692277684,0.7951663814300,0.6955108213571,-0.2944615899438,0.7503861199687,0.0296791582115,0.0627111771372,0.1779094954009,0.0901848489073,0.1785489898965,0.4513373816423,0.5673134866593,-0.1069814668064,-0.2974583307265,0.1120635210972,-0.2614083590735,0.0019744087597,-0.0605987928320,-0.2462487026033,-0.0761813395120,-0.0806303137906,-0.0834014144193,-0.1478328677547,-0.0953103779832,-0.1736756272721,0.0112832145537,-0.2519547942109,-0.0466886027613,0.5745742598138,0.0365007336178,-0.1965079652266
0.3606913582049,0.0857020851812,0.1661281448589,0.2122779328921,0.4186847868277,0.5974908582380,1.0000000000000,0.3242905350621,0.7508726663633,0.2270419235813,0.5778904773228,0.4721116373834,0.6025559490149,0.2237682697517,0.5787547844269,0.6024734096446,-0.0450482117344,-0.1840044412089,0.2515032611348,0.0419854179353,0.3138081157574,0.0509195289725,-0.1036244734979,0.0496293116369,0.2425039682985,0.3187492465696,0.1667491721633,0.0643664187761,0.2276885922838,0.4334644694186,0.1693768635711,-0.2939866711500,0.4879588139746,0.1587532180471,0.1366975178913,-0.2979215476917,-0.2011313295631,-0.2282568244149,0.3889984956353,0.2661990416954,0.5575599896291,0.7427043730266,-0.2014258216554,0.5760398945591,0.2532931437249,0.3681157724005,0.1515102836904,0.5335433297755,0.2281052541900,0.1545661470131,0.6013024982303,0.1255954309382,-0.3171920295254,-0.0667413114410,-0.4335325468020,0.1768817857148,-0.1705652369943,-0.1262971864298,-0.2598488316295,0.1844789665267,-0.1553863404301,-0.3098180024230,0.0260823241990,0.1794299183245,-0.2491036762899,-0.3838602259876,0.0211104733685,0.4344339524628,-0.1928330651216,-0.1371702006846
0.6682974571271,0.7266482984587,0.7272833799527,0.4746151555544,0.6181308705800,0.0011297027185,0.3242905350621,1.0000000000000,0.4703696956031,0.5072677663611,0.5863053731941,0.1948380380327,0.5199882476750,0.2210077587323,0.6589891538691,0.3938506975183,0.3102946824126,0.2792138592016,0.2541345108897,0.4770748907068,0.6662789248264,0.5165483670383,0.4782484375483,0.6740714940784,0.6864246903493,0.5646230047172,0.6697099349752,0.5560332180339,0.8051598595099,0.5937626647743,0.7993588395238,0.0477080586800,-0.0035659802160,0.4551444047171,0.4164902010454,-0.1158328336570,0.1713318498154,-0.1005538664192,0.6068989103664,0.5614233266616,0.0984257691801,-0.0889038356938,0.4010562495680,-0.1416718576661,0.4569180262730,0.2221099964539,-0.0215843340131,0.3228914614906,0.1198776033680,-0.2529600822291,0.0040895081746,0.4857824274961,0.0431262149187,-0.2144348797086,-0.1905240879524,0.4759216056454,-0.2027107212442,0.3478622737192,-0.1106667319407,0.5790880183175,-0.0276615507758,-0.3141480945365,0.4390779937357,0.7175582677555,-0.3929472902277,-0.1603726940117,0.3164171684051,0.1266911279521,-0.1364974550194,0.1384565167492
0.3633911131946,0.2323405177107,0.4631560364400,0.3057926920636,0.3457279563698,0.6951965409170,0.7508726663633,0.4703696956031,1.0000000000000,0.2724923757800,0.5183358485179,0.6097976244602,0.3725091940573,0.3644476691100,0.7389977807302,0.6033818667122,-0.0588287573388,-0.0626770329363,0.3519003252464,0.1871806728344,0.4394887845890,0.0678687677318,-0.0179273391570,0.1747859077789,0.2226006485943,0.4446446939982,0.2319246196201,0.2342708163093,0.3759901708110,0.4279874228789,0.2676233885214,-0.2678356703391,0.5955170446686,0.2741513133455,0.2102295204821,-0.3661032628202,-0.2697337977525,-0.0780681132414,0.4133074383973,0.2403173165083,0.6707077726047,0.5549380277787,-0.1311901271307,0.6222653397014,0.2441025142288,0.2784730211674,0.2754373840161,0.2973327571858,0.2642550729428,0.1911665194519,0.4992694285121,0.0925406783382,-0.3136221512965,-0.0368256683571,-0.4088916363523,0.3243201855387,-0.2477925893564,-0.1028917358792,-0.2922101043562,0.1082309047452,-0.0510422410943,-0.3990374728327,0.1179226226239,0.2280926627831,-0.3605465535428,-0.3750439864162,0.0845881300731,0.4560089640726,-0.2268834739983,-0.0973927137211
0.2894070625070,0.3088309493430,0.3519306132947,0.2742899501098,0.3429791211440,0.0569576423076,0.2270419235813,0.5072677663611,0.2724923757800,1.0000000000000,0.2864784379420,0.1175660111599,0.3990234451728,0.4211565392942,0.4011580588125,0.2915836770312,0.0684628042118,-0.0553566731054,0.0794591938312,0.0399053469230,0.4582755476729,0.2607507382572,0.2002586196364,0.1070598109503,0.5074363715322,0.5714571875377,0.1070187689838,0.2582016572805,0.1657575217291,0.1578708177005,0.1799933969531,0.0194989162358,-0.0182089204049,0.1287796122264,0.0101000470495,-0.0588320190423,0.0537373267745,0.0758406340412,0.3536500067431,0.3296215276002,0.0505911807268,0.0312161557108,0.1575097243214,-0.0921591173460,0.8338284834560,0.0683964210275,0.0621972798778,0.4042158986485,0.5113576357814,-0.0184572940118,0.1808289109040,0.2071336309760,-0.2520855877872,-0.2243674529286,-0.3090987633217,0.4046984430847,-0.0794149168326,0.0590941777088,-0.1666712967464,0.5012128387336,0.3697767115990,-0.3336408333720,0.2159465194953,0.1862857318868,-0.3392031258124,-0.3574525006285,0.2346704288640,-0.0271353499673,-0.1629915800292,-0.1714461318600
0.5505642923211,0.3648323446388,0.3730723396037,0.3164743860796,0.7157220974404,0.1087084059898,0.5778904773228,0.5863053731941,0.5183358485179,0.2864784379420,1.0000000000000,0.2819779686666,0.7224435341611,0.2105741073310,0.6103055512187,0.4470758361603,0.2675821325380,0.1612915518837,0.2517058674109,0.3373718951901,0.6726853800488,0.3733158646805,0.1945336524693,0.4264895282761,0.4011378589692,0.4353240684955,0.3911974496410,0.3358180340838,0.5817145498683,0.5654664163928,0.4676225867058,-0.1586414819986,0.1899895155102,0.4125145756093,0.3626696280399,-0.0498305326563,-0.0059608064985,-0.3090125733647,0.4865359376188,0.5846413040380,0.1899412443323,0.2727332781408,-0.0064711996449,0.1430232553829,0.3054918099380,0.6807298696457,0.0293446175618,0.5939908935109,0.0907016303993,-0.1547831496500,0.2583794136824,0.3866640038966,-0.1125933750270,-0.2295208477255,-0.4175053056891,0.5560318737027,-0.0725569293858,0.1286555615050,-0.1517503021647,0.3457595245428,-0.1176979149806,-0.4545148383317,0.1911947351321,0.5199042617269,-0.3372479652784,-0.2950725474376,0.0250387794930,0.1839830106566,-0.1005228939305,0.0587729516735
0.1317022599894,0.1532417968920,0.4109787375017,0.0095667204400,0.1470759610990,0.4527539007724,0.4721116373834,0.1948380380327,0.6097976244602,0.1175660111599,0.2819779686666,1.0000000000000,0.2307319813189,0.5899492390108,0.5546098963757,0.5262558154967,-0.2285307450988,-0.0665428851034,0.6062730533694,0.3101939167534,0.2396842868366,0.0251738016171,-0.1676758400280,0.0640333354296,-0.0144025757704,0.3908268883512,0.1709540477868,0.3078955915734,0.0695726225172,0.2779958941367,-0.0000667098128,0.0422733156800,0.3354279833103,0.0211689732343,0.0088976920929,-0.4146675552363,-0.2007207366959,0.0134183339764,0.1096326008984,0.1403055515999,0.3841609969857,0.4131943581852,-0.2987250882045,0.4672812452895,0.0859026273401,0.1790060683681,0.6772396344991,0.1991135792898,0.4659445431795,0.3451147846645,0.3826498755537,-0.1145174202010,-0.3407284485246,0.4132903841815,-0.2274727912828,0.2078808648877,-0.1855310715679,-0.2694477501099,-0.2143916924850,-0.0278215010951,0.1135618192617,-0.1838939647142,0.2252775384119,0.0206456771496,-0.1416781240152,-0.4497849979737,-0.1578652164263,0.1199781668172,-0.1544548842499,-0.2707358394405
0.5074643106107,0.3328656748356,0.3550117496901,0.2982337736999,0.6963302722395,0.1051399496329,0.6025559490149,0.5199882476750,0.3725091940573,0.3990234451728,0.7224435341611,0.2307319813189,1.0000000000000,0.2287452323520,0.5874974002827,0.3316907848863,0.1490994480030,0.1844629583241,0.3685825052054,0.3029437159729,0.5999244619155,0.3067476661696,0.0858693283596,0.3623895787496,0.4529959076823,0.4771491086742,0.4412059229922,0.3125402551073,0.4366799932218,0.5611014800209,0.4079716369455,-0.1816129811347,0.0765994905014,0.3708909207004,0.2385652573472,0.0009779414236,0.0321674093369,-0.2861895867195,0.5457977259951,0.5162301466700,0.1663572455339,0.3022443807081,-0.1003490503883,0.0695744589139,0.3497569586470,0.4853357936554,-0.1158315003978,0.8332096955135,0.1597237902049,-0.0804328498046,0.2445652907150,0.3478121072645,-0.0416896366029,-0.1019267403226,-0.3451892500686,0.6025039783496,-0.0166912616069,0.0221249304611,-0.0627306801894,0.3813344896978,-0.1031857211202,-0.3133112908295,0.1814374346449,0.3751456782177,-0.1904759108245,-0.3238981807712,0.0538531719308,0.1479041593787,0.0880166623496,-0.0249088416792
0.0029806873014,0.2660442450437,0.3598945333792,0.0037298529030,0.1536129006162,0.1782587013686,0.2237682697517,0.2210077587323,0.3644476691100,0.4211565392942,0.2105741073310,0.5899492390108,0.2287452323520,1.0000000000000,0.3795459395516,0.3201199415789,-0.2225741487284,-0.0851180926546,0.3848031058383,0.1727178371714,0.3383525330301,-0.0040812424400,-0.1670942678913,-0.0042472148969,0.0052320632029,0.6222341198097,0.0126961605549,0.4587005051381,0.0216421652974,0.1127051372916,-0.0807228136994,0.3056146567733,0.2371084396229,0.0479394419025,0.0085407052025,-0.2023008805878,-0.1277643250206,0.0191548486485,0.0213972296116,0.1853666928899,0.1529703034897,0.2648927468781,-0.1294795125822,0.2422590614786,0.3322575337300,0.2948402868079,0.5792138359268,0.2930864562327,0.8396350486861,0.3566450041858,0.2924783679361,-0.1030616250577,-0.4330276790217,0.2478111586099,-0.1869215353497,0.3491637181034,-0.2240698392434,-0.2836113723230,-0.2571122684196,0.0197597903105,0.4847012072286,-0.2644649986460,0.3674403796910,0.1175183337181,-0.1909911486994,-0.5231644251810,0.1901287446409,-0.1142075733885,-0.1560279011092,-0.1395814335049
0.6145412215691,0.4132277469520,0.6506458335385,0.3977960823791,0.4894588560857,0.3697234094396,0.5787547844269,0.6589891538691,0.7389977807302,0.4011580588125,0.6103055512187,0.5546098963757,0.5874974002827,0.3795459395516,1.0000000000000,0.5494199816998,0.0683228405493,0.2917237398334,0.5771945152408,0.5408204172291,0.5695587549019,0.3451758947869,0.1084261774785,0.4844594738646,0.3381822872700,0.5546236761605,0.4980497497638,0.4658331800166,0.4504053259808,0.7017311867459,0.4663242460709,-0.1111603786537,0.3301289236473,0.4376230755116,0.3447597492639,-0.1943238647036,-0.1167009167384,-0.1153420781470,0.5188958777400,0.3600266637211,0.4314392466130,0.2580709561097,-0.1351930843282,0.1812333559178,0.3020040708903,0.2431860527765,0.1505721081011,0.4069766319513,0.2551469892319,0.1054021177847,0.2847936542994,0.2573733141595,-0.0966212306395,0.0459657605696,-0.2455820695666,0.4350531175912,-0.1523984508349,-0.0184801365993,-0.0822952062283,0.2491825964751,-0.0428083445783,-0.3827412474529,0.2838830062702,0.3316574957451,-0.1739158097217,-0.3749597484047,0.1476828852526,0.3579082668417,-0.0067931175913,-0.0003902358223
0.3679264491493,0.1629494664689,0.2990598462010,0.2746949914038,0.3489587828172,0.4464754434049,0.6024734096446,0.3938506975183,0.6033818667122,0.2915836770312,0.4470758361603,0.5262558154967,0.3316907848863,0.3201199415789,0.5494199816998,1.0000000000000,0.0266718954510,-0.1735061495665,0.1870372395346,0.1391068651678,0.3193183781080,0.1427699962412,0.0815267697254,0.1571980341377,0.3164393520007,0.3597925076501,0.1708560994034,0.1986078164531,0.2835080785302,0.4388082502658,0.1789405441760,-0.0728656140371,0.3352243110007,0.1545605031698,0.2097450838124,-0.3285853575507,-0.1852667755561,-0.0623270605641,0.3179397433977,0.2874637002487,0.4033682887784,0.4385699371081,-0.1062859634460,0.3721131135781,0.4050334994593,0.3093145611293,0.3481669626565,0.1815356534671,0.3524302447929,0.2284891956484,0.6094177625509,0.1561906827261,-0.3344679583218,-0.0753333558252,-0.3643539314767,0.1212424011990,-0.1694135539293,-0.0045451136112,-0.1496549973445,0.2794628456665,-0.0122750611136,-0.3051221091707,0.2467723145269,0.2427221124546,-0.0747892420372,-0.4199917686329,0.0053614228315,0.3106165893824,-0.1360569171461,-0.1274228710677
0.4962463242747,0.2565672516354,0.0999398707026,0.2491328247514,0.3089996846938,-0.1944986873074,-0.0450482117344,0.3102946824126,-0.0588287573388,0.0684628042118,0.2675821325380,-0.2285307450988,0.1490994480030,-0.2225741487284,0.0683228405493,0.0266718954510,1.0000000000000,0.1115244635950,-0.2986372296707,0.0444111706100,0.2179325962940,0.6382492105709,0.5624385884041,0.5196863269417,0.3375117862891,0.0508030489093,0.1163972217340,0.0988702604185,0.4490580391312,0.2763855318576,0.5087785047957,-0.0205443897852,-0.0701722214445,0.2357107722486,0.3412343759495,0.3223923144959,0.2958073978883,-0.1115246500648,0.3181542252532,0.1882252531202,-0.0516541875363,-0.0767034117734,0.3017711908179,-0.2352892126713,0.1270604826121,0.0098622903875,-0.1962699774411,-0.0131854455175,-0.2739065549660,-0.2936387849750,-0.1071766284112,0.8031782829466,0.1647663381341,-0.4949054763832,-0.1677086036663,0.0040684070222,0.4095122132599,0.6730484911256,0.3110987083377,0.4421190219605,-0.1421031991288,-0.2101366360200,0.0340856056514,0.4021376666849,0.0176345266411,0.4718811368839,-0.0795618332237,0.1754156620676,0.0406141490198,0.3860598735808
0.3127298186597,0.4413385895894,0.4226574198615,0.2802357958327,0.2121915819585,-0.2118096116658,-0.1840044412089,0.2792138592016,-0.0626770329363,-0.0553566731054,0.1612915518837,-0.0665428851034,0.1844629583241,-0.0851180926546,0.2917237398334,-0.1735061495665,0.1115244635950,1.0000000000000,0.3483205011205,0.7229315379347,0.3153453826038,0.3528418683350,0.2318102321186,0.6037337357123,-0.0219056876191,0.1499401362517,0.6213962493887,0.3503514606093,0.2511375043733,0.4083631112802,0.4031823454036,0.1088353068904,-0.0728405491968,0.5330053008820,0.4856420396549,0.3458286993558,0.2868700179205,-0.1215746629984,0.2704426929274,0.1527188592384,-0.0668972592109,-0.3012758991747,-0.1045106814170,-0.4051495819980,-0.2404602272564,-0.0655382790885,-0.2161998350423,0.0572221747525,-0.2800066636291,-0.3088234049537,-0.2843563923969,0.1980634881003,0.5679792147513,0.0356293312927,0.3845974027158,0.2900615042310,0.0870099152877,0.1876191362633,0.2876849601167,-0.0980206624124,-0.0727798038149,0.0499341730395,0.0804250105372,0.0616526661959,0.0945183107802,0.1104717395285,0.2052528771837,0.0640295809129,0.4311055604717,0.4674600910804
0.0818472207232,0.2442789545607,0.4506910448009,0.0202068504759,0.1603970371151,0.2007691715182,0.2515032611348,0.2541345108897,0.3519003252464,0.0794591938312,0.2517058674109,0.6062730533694,0.3685825052054,0.3848031058383,0.5771945152408,0.1870372395346,-0.2986372296707,0.3483205011205,1.0000000000000,0.5758447421560,0.1972486863931,0.0217524130902,-0.1988207871894,0.1874799971443,-0.0196571431360,0.3053056202219,0.4160113417681,0.3401904916957,0.0749317987150,0.3708696854031,0.0969060365486,0.0181566445609,0.1046012743054,0.2200308616819,0.0114530697432,-0.2801985820938,-0.1468048068992,-0.0336316660398,0.1411627525818,0.1588947929973,0.1728305357599,0.0560144711482,-0.3347674914291,0.0537679553264,-0.0537657776160,0.1684968367529,0.1819241641284,0.3655548862561,0.2462390961090,0.0828288887998,0.0689317470134,-0.0712640155100,-0.0886181635483,0.5882927130640,0.0681827043373,0.3109798393008,-0.1415269640721,-0.3146815392987,-0.0126686679483,-0.1053756035120,0.0215741964306,-0.0937868530672,0.1549355372843,0.0438491903974,0.0203558294493,-0.3804009726254,0.1646964137574,0.0192475804439,0.2036838003598,-0.2130534823761
0.4314582727265,0.4935907696887,0.6133372655147,0.4211271723290,0.2242326371280,-0.1452515243289,0.0419854179353,0.4770748907068,0.1871806728344,0.0399053469230,0.3373718951901,0.3101939167534,0.3029437159729,0.1727178371714,0.5408204172291,0.1391068651678,0.0444111706100,0.7229315379347,0.5758447421560,1.0000000000000,0.3994698826062,0.2847905750904,0.3127105806525,0.5749746996420,0.1018148845119,0.3968053707131,0.7130555911783,0.4407811545481,0.3734445499672,0.4849426837115,0.4472092082503,0.1029023699546,-0.0853795220724,0.3569122541859,0.5613934081185,0.0484221135489,0.0678946769202,-0.1109595462703,0.3881162351383,0.1618156555446,-0.0747305701668,-0.2077127951476,-0.1178500770448,-0.2724321465807,-0.1166976298637,0.0449213696610,0.0515887474876,0.0901925270287,-0.0158474015223,-0.1999768350090,-0.1808374997534,0.1628120828481,0.3013297697591,0.1866085501432,0.2964464814975,0.3102374295700,-0.1903582119436,0.1224512788903,0.0566868127873,0.0050214696973,0.0238513782051,-0.0982544113509,0.2129427741177,0.2092751359287,-0.0425217348944,-0.1581085312272,0.2120349259834,-0.0013541520537,0.1722462122849,0.3183844975731
0.5547705169932,0.5202120591347,0.5358330267373,0.4775174275853,0.5946656209261,-0.0243640891812,0.3138081157574,0.6662789248264,0.4394887845890,0.4582755476729,0.6726853800488,0.2396842868366,0.5999244619155,0.3383525330301,0.5695587549019,0.3193183781080,0.2179325962940,0.3153453826038,0.1972486863931,0.3994698826062,1.0000000000000,0.4331349178069,0.3318766098122,0.5343120366532,0.4481107356848,0.5369985004560,0.4205230466172,0.4665866323612,0.6550563557397,0.4557327621328,0.6047297292323,0.0277126342501,0.1681429495098,0.4275293839012,0.4794593587619,0.0824224986186,0.0583680648493,-0.2697414989241,0.5324610772590,0.4617216563930,0.1159911843706,0.0568504542404,0.1066812040912,-0.0161305818631,0.3678444198284,0.4003409681560,0.0924854968159,0.4958352866115,0.1713200297421,-0.2302141629047,0.0839326100029,0.2928162763534,-0.0021362888728,-0.2676735867324,-0.3167387969603,0.8193216110491,-0.1698872346126,0.2306516288810,-0.2093189811269,0.3385343959222,0.0245345378327,-0.4510464952818,0.2248817099598,0.5121019890066,-0.4347859271525,-0.2191765089613,0.1641866743868,0.0884644275983,-0.1191263891137,0.2123272873904
0.6356384371423,0.5773431654268,0.4162321570124,0.1869201483725,0.4734980551033,-0.1563458635752,0.0509195289725,0.5165483670383,0.0678687677318,0.2607507382572,0.3733158646805,0.0251738016171,0.3067476661696,-0.0040812424400,0.3451758947869,0.1427699962412,0.6382492105709,0.3528418683350,0.0217524130902,0.2847905750904,0.4331349178069,1.0000000000000,0.4700185472346,0.8250678593092,0.3688596298583,0.2424541076526,0.4379576876334,0.4263316256941,0.5117030792192,0.5559576323913,0.6976018696199,0.1492781817917,-0.1120487904487,0.4752089179065,0.3910172260235,0.1807676384752,0.3968209983986,-0.1391064375315,0.3461608187449,0.3577421380678,0.0502585715882,-0.1092280765464,0.1461310704746,-0.2923969495877,0.2494812299563,0.0226001411393,-0.0670535764363,0.1631077566990,-0.0675304952785,-0.2905658047714,-0.0077715480879,0.6714198124217,0.2259602040128,-0.2578082160378,-0.1210310755287,0.1743982059571,0.4847182723252,0.5175771244970,0.3779637842730,0.4741345571582,-0.1163855391493,-0.1848791127773,0.3443727404890,0.4432012185349,0.0077028846687,0.2530027482620,-0.0262097120060,0.1452829612790,0.1385189485429,0.3145042988510
0.5445111278927,0.4339257306789,0.2843341638155,0.5403885465269,0.2079166561250,-0.2260670515932,-0.1036244734979,0.4782484375483,-0.0179273391570,0.2002586196364,0.1945336524693,-0.1676758400280,0.0858693283596,-0.1670942678913,0.1084261774785,0.0815267697254,0.5624385884041,0.2318102321186,-0.1988207871894,0.3127105806525,0.3318766098122,0.4700185472346,1.0000000000000,0.4975887699640,0.4930654853503,0.2515061358251,0.3998744852977,0.1925189976098,0.5288590832962,0.1711717307339,0.6260908006327,0.0243188232560,-0.1890286615047,0.1420641980356,0.4513419215927,0.3005421267017,0.4021950491395,-0.0385519231663,0.5337195582686,0.1519615361829,-0.1877840085593,-0.2750010290255,0.4545755213705,-0.3041540490903,0.1766876472692,-0.1317730757830,-0.1199174721565,-0.1452004027637,-0.1491868748974,-0.3524281572724,-0.2945105799757,0.4847690998739,0.2693001791947,-0.3902052712320,0.0507801340655,0.1221056807895,0.0348022532741,0.8599002168283,0.1160069156605,0.5164964307704,0.1174526140319,-0.0330707617864,0.0863027732760,0.4022336676365,-0.1066758889446,0.3218863874911,0.1417741397515,0.0017494843439,-0.0354891146838,0.3599455452741
0.6784496768107,0.7263546426778,0.6442645537523,0.3609934083451,0.4782819192820,-0.1788569140751,0.0496293116369,0.6740714940784,0.1747859077789,0.1070598109503,0.4264895282761,0.0640333354296,0.3623895787496,-0.0042472148969,0.4844594738646,0.1571980341377,0.5196863269417,0.6037337357123,0.1874799971443,0.5749746996420,0.5343120366532,0.8250678593092,0.4975887699640,1.0000000000000,0.4198400249493,0.3084835871270,0.7091693778295,0.5876931238073,0.7318545291401,0.6461848598751,0.8433538375018,0.1033254898194,-0.0780938333322,0.5882286830561,0.5578363542602,0.1420936319384,0.3553072438580,-0.1229072800285,0.4688459786909,0.3552660172401,0.0197731168404,-0.2110680779371,0.1746873316316,-0.3214441034230,0.0554228819697,0.0600408174638,-0.1107829427711,0.1335020061840,-0.1604032389458,-0.3725064785779,-0.1342198046812,0.6053202972789,0.3655546885243,-0.1984581499628,0.0002086542154,0.3131063007849,0.2546954212896,0.5111642281566,0.3710295914719,0.3893383245583,-0.1996598684442,-0.1457912216138,0.4298668432312,0.5785690466294,-0.0690999468928,0.2154844588886,0.0842381893469,0.1282260608961,0.1612492003689,0.4293677139923
0.4262074521194,0.3851983149621,0.3157419427641,0.3461274191883,0.4942432507535,-0.0729267692385,0.2425039682985,0.6864246903493,0.2226006485943,0.5074363715322,0.4011378589692,-0.0144025757704,0.4529959076823,0.0052320632029,0.3381822872700,0.3164393520007,0.3375117862891,-0.0219056876191,-0.0196571431360,0.1018148845119,0.4481107356848,0.3688596298583,0.4930654853503,0.4198400249493,1.0000000000000,0.3316357969226,0.4333623396510,0.2612030773552,0.6922259422273,0.3134921576958,0.5850431648830,-0.0366888193508,-0.0842241194300,0.1886346320117,0.1852442483501,-0.0773084878615,0.1427755531990,-0.0251641804090,0.5140220207513,0.4602375588593,-0.0710303829918,-0.1120252716335,0.4848326345484,-0.1522702559348,0.5924929972714,0.1431888965354,-0.1257760617291,0.3034005630914,0.1250814791592,-0.2842322976874,0.0094110565269,0.4480485953779,-0.0162059876216,-0.3031846291192,-0.2326578110918,0.3483246750582,-0.0613599389106,0.4526936307400,0.0230763225204,0.8832582041022,-0.0021846006701,-0.0905742512662,0.2393172608076,0.6617120865223,-0.3038341266581,-0.0138584979423,0.1228380029259,-0.0399651223736,-0.1882000143261,0.0121240802570
0.4404611668376,0.5806304164911,0.6103893917750,0.4909414877115,0.3604775745042,0.0495786012878,0.3187492465696,0.5646230047172,0.4446446939982,0.5714571875377,0.4353240684955,0.3908268883512,0.4771491086742,0.6222341198097,0.5546236761605,0.3597925076501,0.0508030489093,0.1499401362517,0.3053056202219,0.3968053707131,0.5369985004560,0.2424541076526,0.2515061358251,0.3084835871270,0.3316357969226,1.0000000000000,0.4486142856749,0.5736695997427,0.3453276044666,0.4082374136497,0.2817287049998,-0.0227207969087,0.0564984673688,0.3235290736878,0.3165292083465,-0.1129563668977,0.1940366156311,-0.0110598470799,0.5926029263920,0.2529928879558,0.0916326589039,0.1047665224769,-0.0101440048099,-0.0006943301003,0.4639156016899,0.1898553907559,0.2215101027172,0.3124357865126,0.5926929793641,-0.0030500175392,0.1716252971186,0.2074950518144,-0.1639794307631,-0.1017394746470,-0.2394838947042,0.3972189194299,-0.2328058555119,0.0613318258955,-0.1974630220371,0.2814427894739,0.4997244585059,-0.2615773232515,0.4700931047514,0.2754689548085,-0.3465991438497,-0.4876334018253,0.2442023352603,-0.0261161598603,-0.1292686702545,0.0507421385225
0.5300741323058,0.6973666280507,0.6707627310449,0.4474350127196,0.3680501003822,-0.1063699506974,0.1667491721633,0.6697099349752,0.2319246196201,0.1070187689838,0.3911974496410,0.1709540477868,0.4412059229922,0.0126961605549,0.4980497497638,0.1708560994034,0.1163972217340,0.6213962493887,0.4160113417681,0.7130555911783,0.4205230466172,0.4379576876334,0.3998744852977,0.7091693778295,0.4333623396510,0.4486142856749,1.0000000000000,0.5777192064131,0.6086334933276,0.5653254392052,0.6875910436180,-0.0146004078210,-0.1474237346994,0.4347004154422,0.4532806295407,-0.0441023020104,0.3098954714619,-0.0633094333496,0.5495774547584,0.2869437140680,-0.0377408327079,-0.2183233322998,0.1162836980804,-0.2750541189922,0.0125842239697,0.0281769845101,-0.1338953005766,0.1902285645826,-0.0656973774711,-0.3575157608559,-0.1826974429028,0.2932283207452,0.3945426329124,0.0442195682129,0.1805329766492,0.3089436658820,-0.1107747159327,0.2636603946184,0.1224611285515,0.2911695077478,-0.0882065322889,0.1391713649824,0.4183046600110,0.4373531553485,-0.1689024712457,-0.0535477546353,0.2141379774823,0.0183955661261,0.1236745243088,0.2368066305986
0.3193289020661,0.6942210570053,0.7932410842093,0.2050849874544,0.3440743523274,-0.0535451014172,0.0643664187761,0.5560332180339,0.2342708163093,0.2582016572805,0.3358180340838,0.3078955915734,0.3125402551073,0.4587005051381,0.4658331800166,0.1986078164531,0.0988702604185,0.3503514606093,0.3401904916957,0.4407811545481,0.4665866323612,0.4263316256941,0.1925189976098,0.5876931238073,0.2612030773552,0.5736695997427,0.5777192064131,1.0000000000000,0.4752914232478,0.3495484987637,0.3980485364730,0.2154147824054,0.0212983710010,0.3561424341280,0.2006172122044,-0.1234349383240,0.3010692607179,0.1846154550812,0.2552529745421,0.3763654147085,0.0685295812094,-0.0451425245121,0.0983772182004,-0.0987852111285,0.1208772004673,0.2657096789207,0.1663915008206,0.1649054393422,0.3409974745896,-0.0385025911451,-0.0308850507346,0.2180737119028,0.0219155878109,0.0838827126355,-0.0478527732118,0.4097103273506,0.0337248310339,0.0798331893621,0.1245307067226,0.2131973021783,0.2318932496657,-0.0034228396803,0.8095446605608,0.5024849451914,-0.2320422589830,-0.2411237560151,0.1485407818641,-0.0321075556874,0.0949642481678,0.0708031994001
0.5834496114906,0.6263063304078,0.5503330948538,0.4094263431626,0.6155668093835,-0.1032197871140,0.2276885922838,0.8051598595099,0.3759901708110,0.1657575217291,0.5817145498683,0.0695726225172,0.4366799932218,0.0216421652974,0.4504053259808,0.2835080785302,0.4490580391312,0.2511375043733,0.0749317987150,0.3734445499672,0.6550563557397,0.5117030792192,0.5288590832962,0.7318545291401,0.6922259422273,0.3453276044666,0.6086334933276,0.4752914232478,1.0000000000000,0.4926164450590,0.8194770399973,0.0139590332411,-0.0107707643352,0.4558261209009,0.4495225087525,-0.0089225469033,0.1959503210739,-0.1791741998899,0.5197553451176,0.5199580454929,0.0411477826609,-0.1191980294384,0.4760429801745,-0.1155981503530,0.2040800632951,0.2864446968332,-0.0589233778141,0.2254140456363,-0.1138219718798,-0.3666033995912,-0.0851383707267,0.4841032088447,0.1588207083847,-0.3056696574653,-0.1955876626283,0.4816016084168,-0.0737597568827,0.5006407052922,-0.0081911584969,0.5361860604193,-0.2197676069167,-0.2440552249418,0.3383968284599,0.8474478925945,-0.3592670531695,0.1154780695294,0.1575745348915,0.0972074053258,-0.1565643060317,0.2536528301577
0.7132331546488,0.4524540539483,0.4652587479049,0.3350486436661,0.5662019587775,0.1428604887472,0.4334644694186,0.5937626647743,0.4279874228789,0.1578708177005,0.5654664163928,0.2779958941367,0.5611014800209,0.1127051372916,0.7017311867459,0.4388082502658,0.2763855318576,0.4083631112802,0.3708696854031,0.4849426837115,0.4557327621328,0.5559576323913,0.1711717307339,0.6461848598751,0.3134921576958,0.4082374136497,0.5653254392052,0.3495484987637,0.4926164450590,1.0000000000000,0.5910281416200,-0.0555899671311,0.2405603147654,0.6521139963686,0.6156561783301,0.0069518068209,0.1749757622029,-0.1885346517047,0.5281824557929,0.3825610862879,0.3383118910103,0.1639057717922,-0.0596227027806,-0.0014178197907,0.2038056193195,0.2270967327412,-0.0173054246496,0.3191868111072,0.0173859695254,-0.0536664841813,0.3366970819463,0.4328682498951,0.1213154582148,-0.0884376488403,-0.1470461410774,0.1892819632632,0.0954686706657,0.1665081730231,0.1326788233926,0.2990070161420,-0.1957916457109,-0.2419246719341,0.3361222868542,0.3719311166516,0.1182545500082,-0.1320133840385,0.0169272388735,0.4145474627593,0.2107542816005,0.3614705931643
0.7289631883105,0.6790736683962,0.5360612251056,0.4358448734792,0.5096097010606,-0.1247375379071,0.1693768635711,0.7993588395238,0.2676233885214,0.1799933969531,0.4676225867058,-0.0000667098128,0.4079716369455,-0.0807228136994,0.4663242460709,0.1789405441760,0.5087785047957,0.4031823454036,0.0969060365486,0.4472092082503,0.6047297292323,0.6976018696199,0.6260908006327,0.8433538375018,0.5850431648830,0.2817287049998,0.6875910436180,0.3980485364730,0.8194770399973,0.5910281416200,1.0000000000000,0.0214994197280,-0.0810771714321,0.4475992409001,0.5365697535687,0.1269307717388,0.2599851250732,-0.2185333100222,0.5482378196615,0.3852600518821,0.0264609907504,-0.1802336569504,0.3892142386436,-0.2219174450190,0.1527325673465,0.0790312880817,-0.1662439980856,0.1825344005412,-0.2027990832203,-0.4085669683491,-0.1518704228167,0.5676697935513,0.3496632798538,-0.2659259965069,-0.0504137395336,0.3525503810774,0.0128274493524,0.6033724518591,0.1084120195000,0.5315924199569,-0.2697596410199,-0.1663916228491,0.2633672770176,0.6520860140161,-0.1984300964435,0.2820047237253,0.1214980940201,0.1445681597152,-0.0280421015536,0.3758501975020
-0.1528124315031,0.1990602833654,0.0003068811518,-0.3047284681913,0.0494323900771,-0.3112760519300,-0.2939866711500,0.0477080586800,-0.2678356703391,0.0194989162358,-0.1586414819986,0.0422733156800,-0.1816129811347,0.3056146567733,-0.1111603786537,-0.0728656140371,-0.0205443897852,0.1088353068904,0.0181566445609,0.1029023699546,0.0277126342501,0.1492781817917,0.0243188232560,0.1033254898194,-0.0366888193508,-0.0227207969087,-0.0146004078210,0.2154147824054,0.0139590332411,-0.0555899671311,0.0214994197280,1.0000000000000,-0.1467529481142,0.0020511771634,-0.0174722325303,0.0771194716650,0.1671562661997,-0.1129680749145,-0.3323077496279,0.1675300735437,-0.1957359727567,-0.2267535819918,0.1825585305714,-0.2424532629491,0.0323775917899,0.0078128990024,0.2796989425803,-0.0670410315521,0.2295723207346,0.0136347969077,-0.1339933995510,-0.0329345228461,0.0386103777176,0.1389557734459,0.2046833392986,0.0453580640624,-0.0179966716055,0.0053201532961,-0.0207766182744,0.0134285404266,0.1208395262588,-0.0036693239057,0.1646069601669,0.1550032940853,0.0456934431767,0.0147902543460,0.1316245293479,-0.2043039186444,-0.0412442826912,0.1091729208613
0.0305142708037,-0.1364712121245,0.0607978102459,0.0680613443149,0.0829957374174,0.7295191420146,0.4879588139746,-0.0035659802160,0.5955170446686,-0.0182089204049,0.1899895155102,0.3354279833103,0.0765994905014,0.2371084396229,0.3301289236473,0.3352243110007,-0.0701722214445,-0.0728405491968,0.1046012743054,-0.0853795220724,0.1681429495098,-0.1120487904487,-0.1890286615047,-0.0780938333322,-0.0842241194300,0.0564984673688,-0.1474237346994,0.0212983710010,-0.0107707643352,0.2405603147654,-0.0810771714321,-0.1467529481142,1.0000000000000,0.1474607631199,0.2215632102391,-0.0877986430289,-0.2488912881835,-0.0715378762226,0.1037494996304,-0.0357684511240,0.6784118242195,0.6632936837751,-0.2447234155086,0.6919870808207,-0.0290078144451,0.1929050832350,0.2408497244428,0.0388063487892,0.1742752167018,0.4330773259192,0.4973497859704,-0.0449809786552,-0.2673522874123,0.0064307127582,-0.2769633079811,0.1143959235704,-0.0409841487213,-0.1850319060693,-0.1166698592874,-0.1110805956753,-0.0688350555361,-0.2257916459171,-0.0572381844442,-0.0834922745631,-0.0253197383666,-0.2498530121027,-0.0808587845180,0.6162540779415,-0.0340792617406,0.1491953071778
0.4741465938357,0.4273028551377,0.4264788851357,0.2146598628306,0.5052703407459,0.0402578704472,0.1587532180471,0.4551444047171,0.2741513133455,0.1287796122264,0.4125145756093,0.0211689732343,0.3708909207004,0.0479394419025,0.4376230755116,0.1545605031698,0.2357107722486,0.5330053008820,0.2200308616819,0.3569122541859,0.4275293839012,0.4752089179065,0.1420641980356,0.5882286830561,0.1886346320117,0.3235290736878,0.4347004154422,0.3561424341280,0.4558261209009,0.6521139963686,0.4475992409001,0.0020511771634,0.1474607631199,1.0000000000000,0.4597851197436,0.1542113614792,0.2741664772698,-0.1983705443207,0.3837629688347,0.3452267132468,0.2561428193475,0.0133243031528,-0.0147496818405,-0.0664040564219,0.0943049967700,0.1708437478663,-0.1337620688707,0.1990806436354,-0.1124368906994,-0.1049799563202,0.1197120445672,0.3781872566777,0.1987962989824,-0.1568283863213,-0.1019366120534,0.2725406592180,0.1735681528951,0.1945560195544,0.1744562434816,0.1275452102372,-0.0576969300620,-0.2627280908824,0.2654621441858,0.3017576392183,0.0044021193731,-0.0792506340642,0.1291301049331,0.2731945501725,0.4820825211764,0.3394263913519
0.5834382274036,0.3694853924778,0.3055551631295,0.5518002431403,0.2756436361570,-0.0779697300044,0.1366975178913,0.4164902010454,0.2102295204821,0.0101000470495,0.3626696280399,0.0088976920929,0.2385652573472,0.0085407052025,0.3447597492639,0.2097450838124,0.3412343759495,0.4856420396549,0.0114530697432,0.5613934081185,0.4794593587619,0.3910172260235,0.4513419215927,0.5578363542602,0.1852442483501,0.3165292083465,0.4532806295407,0.2006172122044,0.4495225087525,0.6156561783301,0.5365697535687,-0.0174722325303,0.2215632102391,0.4597851197436,1.0000000000000,0.2999395883244,0.1971927025889,-0.2529187187295,0.5142072921669,0.0875453738559,0.0884544276806,0.0214617297163,0.0248734098314,-0.0733055036720,0.0025520910929,0.0648959755372,-0.0019976849712,-0.0257779397392,-0.0911792316898,-0.1648707628923,0.0833164692663,0.3611590761995,0.2598154133466,-0.2658653995810,0.0968723796502,0.2055096010164,-0.0359807987039,0.4112617902516,0.0703934266800,0.1358121425600,-0.0223838419485,-0.1772549253386,0.1041947661292,0.2595810723928,0.0512819016464,0.0735310000662,0.1055485767196,0.2809046034027,0.1267832653591,0.7836950651303
