1.0000000000000,0.2462036135843,0.2876177841741,0.4344414561650,0.3962196551670,-0.0773501477743,0.2361023369588,0.6440696984831,0.1277385080064,0.4084651750736,0.3886161886152,0.0462107200534,0.3140482033005,0.1249177682050,0.4459787724164,-0.0031707899247,0.3534862882224,0.3571897409767,0.2484219288210,0.4684611899274,0.3742969295960,0.4741652391977,0.3393244648589,0.4627686633001,0.4705543556696,0.1763850085207,0.1396075258528,0.2984394752693,0.4721654105182,0.5382539525709,0.5036200895715,-0.0137060052429,-0.0591594643393,0.2578871574476,0.2204596088488,0.7098302308640,0.0186332157222,0.1493794802667,0.1973611788684,0.2928874367643,-0.2142386453883,0.0985847642997,0.3878705777907,-0.2330297528721,0.3049308548667,0.1811516801062,0.0697317787863,0.2849655458062,0.0649523025629,-0.0657547020343,0.1320249052866,0.2950579617754,0.3346588422216,-0.0757828208441,0.1903783641169,0.2807476854417,0.1764385316512,0.2618947860631,0.2649266140056,0.4264826085699,0.0429676830190,0.0180552390851,0.2085157131063,0.3053190423411,0.0789441423255,0.1249134591442,-0.0622416672004,-0.1888306570095,0.0270798320583,0.1671513995234
0.2462036135843,1.0000000000000,0.2917408654479,0.7147139847157,0.0969958618365,-0.0512338692659,-0.1631022944253,0.3765021307618,-0.2720687663314,0.2178050604741,-0.1076524576755,-0.0035736705322,0.0227435493759,0.0263814952811,-0.0668406047716,-0.0591517985447,0.2363847687048,0.5181066622219,0.1845075066916,0.4401504971201,0.0897041729546,0.1973761574526,0.6824523963960,0.3125178242854,0.2710166840711,0.5930550243037,0.5597141046347,0.6111816747512,0.1650298934497,0.1847651514042,0.5730177173328,0.1018185755141,-0.1125383804233,0.3217526939268,0.4940039753849,0.2445243824810,0.7216077864936,0.1390935029512,0.6440690117705,-0.0750586016133,-0.1873801542885,-0.2827519541992,0.2616581206380,-0.4113144443410,0.2833855710913,-0.2238342411189,0.0335731435626,0.0139753030036,-0.1122093630984,-0.1649504769706,-0.0603853459751,0.1046989792226,0.3983968671276,0.0119131324505,0.2682450135946,0.0656693409684,0.1467522234934,0.6081236703282,0.2150018974267,0.3361774266899,0.4044874559219,0.4329215606925,0.5847116168553,0.0731061809047,0.0651695746758,0.4246162396880,0.2354933543184,-0.1471565391680,0.2676515710041,0.4583555701966
0.2876177841741,0.2917408654479,1.0000000000000,0.2691567121496,0.0972139514628,0.0766166242520,-0.1286379932687,0.4683060208476,0.0736717227967,0.0352630738263,-0.1280185493835,0.1257798787833,-0.0095141426060,0.1430047839082,0.2711762163905,0.0386766225365,0.2739129410080,0.1580317305594,0.4356243988205,0.3011356020188,0.0722152702550,0.2784566326912,0.1507451805214,0.4124682868708,0.3351208733938,0.4384607529050,0.5441802989958,0.6002457906710,0.2901571886846,0.1124377435079,0.1949455839874,-0.1308017581720,0.1324627109885,0.0706091295415,0.1153710166731,0.2059213755802,0.0640696668602,0.4537455874214,0.2888470574847,-0.0779726253806,-0.0144226959064,-0.0915258383454,0.1863670540541,-0.0668261449117,0.0068428920557,-0.1379571927962,-0.0102359324654,-0.0822265035928,-0.0403747173994,0.1218198915425,0.1642195497802,0.1693061604176,0.0141303421251,0.0837679545639,-0.0622716409458,-0.0286073007800,0.0019846839719,0.0807615889677,0.1019182590798,0.2483870237707,0.3121988071516,0.1560245768993,0.5002034746246,0.1328498967386,-0.0936367186835,-0.0757550032877,0.2966358534725,0.0409048246272,-0.0980444610141,-0.0294203395207
0.4344414561650,0.7147139847157,0.2691567121496,1.0000000000000,0.1844323433251,-0.1051990463818,-0.0084104820173,0.5080779635907,-0.1631679451037,0.4240789746259,0.0373483201458,0.0685259661154,0.1356573565117,0.1689520293552,0.1473700908883,0.0808185873690,0.1952318704909,0.5086244648380,0.1998709498476,0.5826998401882,0.1731481716594,0.2227664857634,0.7353318219774,0.2795382429185,0.4406763143111,0.5206425890806,0.3595536511633,0.4075281420041,0.2567003500697,0.3235476699462,0.5707877727637,0.0500985976942,-0.1395242326823,0.4359468391304,0.4716739400598,0.3737512636867,0.5064469606722,0.1663318869479,0.7085811290433,0.0184505826424,-0.2694117846423,-0.1444847937729,0.5085967308665,-0.3696569103178,0.5476720804528,-0.1042085455158,0.0829188676564,0.1273133817626,-0.0173616177778,-0.0725544348616,0.1331472829683,0.1020712022606,0.4315733752549,-0.0040832352450,0.3722286035037,0.1307990769573,0.0708182606628,0.6307984263328,0.1611674992894,0.4854967421069,0.3604672325187,0.2936711268490,0.4027765881827,0.1676008582603,-0.0096786403773,0.3643446087848,0.0495144724824,-0.1723236935848,0.0995294100450,0.4141669448160
0.3962196551670,0.0969958618365,0.0972139514628,0.1844323433251,1.0000000000000,-0.1160877528141,0.2582061023988,0.4154295694388,-0.0691228553435,0.3895755925456,0.5668295819931,-0.2042416471875,0.6876245229421,-0.0224949367897,0.0071462847002,0.0470546878071,0.4421636994988,0.3434379896960,-0.0566398397607,0.1238345633220,0.7111528137232,0.5905665801865,0.2233230845566,0.5358590895437,0.4506152529559,-0.0429643826504,-0.1232053516441,0.1744472494608,0.6571613396226,0.4092331547344,0.3188162898160,0.0794423895430,-0.1915826180545,0.3750679898989,0.0881880759974,0.2782866657600,-0.1536065749566,-0.0180031700910,-0.0223160055471,0.9184388923716,-0.3081953782482,0.1135213635920,0.1368302131522,-0.3041726577990,0.1586404324509,0.3782312528439,-0.2113888321666,0.6198018964207,-0.1087231352196,-0.3319813290604,0.1471747661919,0.4106459129900,0.1583973348540,-0.4108194193927,-0.1273166928092,0.6781930334912,0.4932602029452,0.0680974015721,0.4241422556748,0.4567489143407,-0.2225299760816,-0.2677480553233,-0.0378992594095,0.5343166437497,0.2115465221845,0.0143982283508,-0.0605162448645,-0.1830754110355,0.2288860538064,-0.0963669585681
-0.0773501477743,-0.0512338692659,0.0766166242520,-0.1051990463818,-0.1160877528141,1.0000000000000,0.2586874133309,-0.0035763645531,0.4830492629356,-0.0422982754527,0.0680959321982,0.1004085328428,-0.0464495570830,0.1503455996564,0.2915791654747,0.5396654046739,-0.0797152633224,-0.1579738307300,0.0793665378945,-0.0299513620848,-0.0841564495844,-0.0816652268075,-0.2514850214275,-0.0373146843372,-0.1390996344843,0.1070332028895,0.0579763352795,-0.0851808374564,-0.1693631522295,0.1225701151494,-0.0552073847626,0.2452332921000,0.5267284910743,0.0504526636604,0.1700578499398,-0.0892029926047,-0.2932567899521,-0.1059543153245,-0.0946512847748,-0.1627368032751,0.6698246610203,0.2383668501516,-0.2396741783250,0.3447913710732,-0.1129770900482,-0.0363743205949,0.1622854819133,-0.0800019212523,0.0443611962752,0.2832650683196,0.2792245443027,-0.1058420209287,-0.3183667263903,-0.0347827984296,-0.3626350250988,-0.0659061786576,-0.1933702778532,-0.2970916013493,-0.2172923393243,-0.1692016688488,-0.0875605491556,-0.0164361155928,0.0136143387850,-0.2643200547683,-0.0067237790103,-0.1687306707397,0.2801990354254,0.5071106128816,-0.1230817981072,-0.0258316698520
0.2361023369588,-0.1631022944253,-0.1286379932687,-0.0084104820173,0.2582061023988,0.2586874133309,1.0000000000000,0.2198373792423,0.5404751932067,0.3101957224007,0.6809231245719,0.0936836692625,0.6823020501032,0.2761891488709,0.2945928143400,0.3909725028818,0.1715163101420,0.0706783403773,0.0619733249499,-0.0065089526829,0.3999346317910,0.3587608597679,-0.0720890064593,0.1893731462604,0.2647877012913,-0.3013465535905,-0.2140237094797,-0.1664997586361,0.3107856883131,0.2629228509232,0.1848007885308,-0.1952924599514,0.2169753323095,0.1041248894966,0.1048945925750,-0.0685472522036,-0.1777955021830,-0.1051106102644,-0.0850265050802,0.3020673668444,0.0621599868749,0.6816562068018,-0.0074166253015,0.2133538240980,0.1947004783394,0.5595085405443,0.1669442803500,0.6248914153820,0.2855913144405,-0.2500084107718,0.2753444140305,0.1431361309860,0.0656419868575,-0.1647012662948,-0.1688405896789,0.3029465997936,0.0839564321898,-0.0955484546831,0.0665449397561,0.1592017413150,-0.3722215901847,-0.3137387031710,-0.2800860567699,0.2446901737398,-0.2968175658071,-0.0560116815824,-0.4869025108490,0.0824771321359,-0.1546619876971,-0.1531229380899
0.6440696984831,0.3765021307618,0.4683060208476,0.5080779635907,0.4154295694388,-0.0035763645531,0.2198373792423,1.0000000000000,0.0920974295615,0.4991956107840,0.3359484074491,-0.0677909803744,0.3205356900741,0.1398133091344,0.3747571584041,0.1005569108328,0.4000237683686,0.3867666657624,0.2778288277604,0.4013141217641,0.2907837473861,0.5478279073261,0.4028908406630,0.5344443889193,0.7324141690489,0.3512794559371,0.3639308677481,0.4578207421245,0.6492631297222,0.4240792307453,0.6355220998118,0.0284757249302,0.0170489583602,0.2631909663347,0.1964438105421,0.4485541275733,0.0069284796828,0.1806426985886,0.3096903753709,0.2765720079446,-0.2170753845085,0.0204435863460,0.5214931501630,-0.3767554630640,0.4071133566372,0.0879230765037,0.0003531839515,0.2602561395358,0.0080658591501,-0.1731452029908,0.1155953300184,0.2347029631769,0.1862906901597,-0.2021247192841,0.0341473827619,0.1679037658205,0.1578611620173,0.2826257361607,0.2085344864117,0.6441845948324,0.0509605426647,0.0862541218511,0.3775943325733,0.4380977498885,-0.2055559237526,0.1122587854619,0.0724726004247,-0.1013846581226,-0.0696925607909,0.0050241381268
0.1277385080064,-0.2720687663314,0.0736717227967,-0.1631679451037,-0.0691228553435,0.4830492629356,0.5404751932067,0.0920974295615,1.0000000000000,-0.1127110370667,0.3050465954918,0.4745537685877,0.0831644033439,0.3800788865010,0.6046740868900,0.4119907161114,-0.0128884386503,-0.2209286000331,0.3240567123606,-0.0260373694936,0.0551758615159,0.1138250355112,-0.3571042561997,-0.0011811995328,-0.0427390295681,-0.1579611987303,-0.0535619833364,-0.2611631095393,0.0063660646736,0.1289885478444,-0.0493619493355,-0.1941854245981,0.5058543513238,0.0010940719959,0.0207864366121,-0.1153899244073,-0.3790164693948,-0.0376489459615,-0.2286145064749,-0.0602004435742,0.4058911527876,0.5353378293879,-0.1506136459301,0.5364826730687,-0.1377687092181,0.3126783018699,0.3756681609031,0.0153632559758,0.3234033561135,0.1149877251992,0.2535943618869,-0.0176380359125,-0.1397466710029,0.0609236123811,-0.2220224510390,0.0289454747861,-0.1960707444142,-0.3909497357678,-0.1705290463545,-0.1540466290912,-0.1594728549746,-0.1697525261642,-0.2502748158140,-0.0871448420588,-0.2918644309183,-0.2301981838765,-0.2459814852167,0.4163177208804,-0.1411760237731,-0.0556427192507
0.4084651750736,0.2178050604741,0.0352630738263,0.4240789746259,0.3895755925456,-0.0422982754527,0.3101957224007,0.4991956107840,-0.1127110370667,1.0000000000000,0.3031912159289,-0.2322460180765,0.5103618639370,0.0936770327696,0.1173026766793,0.1691323984815,0.2906002491868,0.2356194570076,-0.0920155494830,0.1620205644822,0.4711142879701,0.3111356371146,0.3972646880167,0.2586796495750,0.7064467077453,0.1424681016282,-0.0288523929727,0.1939257555871,0.3651935774204,0.2581273706303,0.3153132698223,0.0370070744900,-0.1889273177296,0.2692867255162,0.1284955609768,0.3412476071071,0.0321018592857,0.0336028157576,0.3276878226133,0.4216356412826,-0.2448904272781,0.1004141522338,0.3888016297908,-0.3148762308599,0.8241142853023,0.0953177660399,-0.1774212540796,0.5128892799515,0.0904297480066,-0.1854179661058,0.1383054124879,0.2187005992075,0.0928512718251,-0.2637179837299,0.0333232396445,0.3959927782431,0.1937535088578,0.3716111574794,0.1686282278382,0.6437790839061,0.0486375893311,-0.0828182765606,0.0834258288049,0.2783931037513,-0.0224255887728,0.0486697847692,-0.0776317483734,-0.2484740734403,0.0255028086880,-0.0507647124442
0.3886161886152,-0.1076524576755,-0.1280185493835,0.0373483201458,0.5668295819931,0.0680959321982,0.6809231245719,0.3359484074491,0.3050465954918,0.3031912159289,1.0000000000000,0.0341370556425,0.7185458289303,0.2452682257176,0.2181849666166,0.2101898663211,0.2099556852183,0.1461247843783,0.0832225618775,0.1101616271649,0.5734130955212,0.4901101970037,-0.0422140020595,0.3218992788334,0.2616036798038,-0.1980722318969,-0.1226568549581,-0.0872238982329,0.4992691068964,0.4814329228897,0.2280736542287,-0.1356756861162,0.0080442365326,0.3049256930124,0.0492041723849,0.1218926736139,-0.2924854232282,-0.1001718922611,-0.1569322267892,0.6082927828490,-0.0183911386820,0.5848618321636,0.0072972176428,0.0626081363108,0.1156669420971,0.7921693208699,0.1343148944236,0.6924164221085,0.2592851864545,-0.2062204114253,0.2721282737447,0.1745221659610,0.0464303829693,-0.2007887856123,-0.0907240643752,0.5205712559366,0.2193160096727,-0.1229564918759,0.1579824119780,0.1649671087097,-0.2934537285353,-0.2810600526224,-0.2232557396199,0.4011768022561,0.0191633472634,-0.0879636461640,-0.3721111038764,-0.0109435969948,0.0641444256576,-0.0982439224703
0.0462107200534,-0.0035736705322,0.1257798787833,0.0685259661154,-0.2042416471875,0.1004085328428,0.0936836692625,-0.0677909803744,0.4745537685877,-0.2322460180765,0.0341370556425,1.0000000000000,-0.1580783493067,0.6595209231970,0.4947375262455,0.2119243765289,-0.2039035502241,-0.1431122915615,0.6059596767862,0.2071478152964,-0.0760875362700,-0.1456483478264,-0.1708776589593,-0.2226252469638,-0.2128073456335,0.0703468476428,0.1833807324693,-0.1232524809079,-0.2668176793299,0.1525189051090,-0.1611177094375,-0.2553599170016,0.2936873692478,0.0857989425200,0.1103196954993,-0.0724490677572,-0.0360000842209,-0.0062467002311,0.0213089500062,-0.2335617268355,0.2708519241077,0.1963403864066,-0.1252386074127,0.4254302342723,-0.1276154624435,0.0839380308036,0.7623065979302,-0.2238148703961,0.7127574454841,0.3466435829856,0.1495027844361,-0.2172875838864,-0.0911094661860,0.5871872781991,0.1546308197920,-0.0712257429566,-0.3807259322655,-0.2076127214841,-0.3331144818614,-0.3040680235347,0.3166294433001,0.1136837222599,-0.0799290639430,-0.2770561955911,-0.0034192336859,-0.2430142523091,-0.2278749004648,0.2997294813391,0.0454582827392,0.2045097663767
0.3140482033005,0.0227435493759,-0.0095141426060,0.1356573565117,0.6876245229421,-0.0464495570830,0.6823020501032,0.3205356900741,0.0831644033439,0.5103618639370,0.7185458289303,-0.1580783493067,1.0000000000000,0.0828018200237,0.0502023649299,0.1854656700762,0.3386395066038,0.2961179752342,-0.0495210642510,0.0348753001907,0.7777708100187,0.5471288640215,0.1286721820321,0.4485264437126,0.4609395973170,-0.1585507506104,-0.1841027889242,0.0839949034159,0.5782650625050,0.3583939665597,0.2557912850222,-0.0630126130442,-0.0304490867086,0.2525356069172,0.0931688608661,0.0917770258347,-0.0796875072721,-0.0091160744886,0.0452526436613,0.6917622212104,-0.2841902155090,0.4489491973094,0.0445510461783,-0.2041021268869,0.2772281168475,0.6277428084510,-0.1072427705249,0.9183522187870,0.0547880103157,-0.3779763997964,0.2398984775082,0.3058249187133,0.1433388645669,-0.3492087884137,-0.1754879156549,0.6492604365310,0.3679005685604,0.0304750026625,0.3090401341875,0.3938647488749,-0.3013410584706,-0.3246757701222,-0.1176152775371,0.4994077754546,0.0119967555326,-0.0346921010397,-0.2969154834510,-0.1619340114110,0.0323201702732,-0.1976328930654
0.1249177682050,0.0263814952811,0.1430047839082,0.1689520293552,-0.0224949367897,0.1503455996564,0.2761891488709,0.1398133091344,0.3800788865010,0.0936770327696,0.2452682257176,0.6595209231970,0.0828018200237,1.0000000000000,0.6171739361519,0.4367010051048,-0.1197826495974,-0.1027595509888,0.6425225949817,0.1956924671322,0.0021462740948,0.0004280164976,-0.1598220653855,-0.0810863636941,0.0457405936790,0.3321892345793,0.1505839998779,-0.0609669681906,-0.1191216261795,0.3393481143898,-0.1147136602922,-0.2243528098854,0.2123428523721,0.2071675678435,0.1457053825548,-0.0198133187403,-0.0905948756574,0.0584155325785,0.1464376712302,-0.0639387233093,0.2112189283163,0.2599471726816,-0.0177227170357,0.3160553876667,0.1419276431457,0.1546998810565,0.5804724628151,0.0126781982320,0.7630934227688,0.3887823085612,0.3248221178294,-0.1584549934388,-0.2579408163899,0.4276017506423,0.0042257446791,-0.0428091560713,-0.3123511966724,-0.2137858882582,-0.3200571775076,-0.0801703969326,0.4057714164715,0.0430577477960,-0.0256962544612,-0.1678887859320,-0.0436407802430,-0.3482568263488,-0.2536613875726,0.2340848503694,-0.0398451179666,0.0728853702160
0.4459787724164,-0.0668406047716,0.2711762163905,0.1473700908883,0.0071462847002,0.2915791654747,0.2945928143400,0.3747571584041,0.6046740868900,0.1173026766793,0.2181849666166,0.4947375262455,0.0502023649299,0.6171739361519,1.0000000000000,0.4338220973093,-0.0206052576068,-0.0011338696697,0.6607747727623,0.2721203540373,-0.0438269235889,0.1506738413329,-0.1443026290924,0.1047903656484,0.1402585850483,0.1520845546348,0.1543537872444,0.0146171305718,0.0319038876354,0.5355575694397,0.0509869348209,-0.1858019038625,0.3954323363971,0.1780253509582,0.0787968062448,0.2001579096022,-0.2605464930831,0.1602403092513,0.0126147530947,-0.0540720934682,0.2338487544971,0.2131375152787,0.0681705223214,0.2147416362698,0.1592442596194,0.1022504904295,0.4461835460525,-0.0087817250603,0.4928924112930,0.3723714697584,0.3078386019263,-0.0563043149866,-0.1672963462295,0.2539532550641,0.0349916920670,-0.1025757451983,-0.2419350159540,-0.2422145548603,-0.1884131839982,0.0446646855670,0.1292301689815,0.0183946141642,0.0636787385088,-0.1095073607159,-0.0947143241318,-0.3040972929453,-0.1105558756479,0.2762151761383,-0.2482995590229,-0.0808794906012
-0.0031707899247,-0.0591517985447,0.0386766225365,0.0808185873690,0.0470546878071,0.5396654046739,0.3909725028818,0.1005569108328,0.4119907161114,0.1691323984815,0.2101898663211,0.2119243765289,0.1854656700762,0.4367010051048,0.4338220973093,1.0000000000000,-0.0479805838838,-0.1010308809767,0.2247551147422,0.0524814331556,0.0146963852701,0.0653751617662,-0.1561221085323,0.0063791051873,0.0274457170493,0.1297695350603,-0.0048317733614,-0.1683304473431,-0.0185048561722,0.3483247280323,-0.0248880152728,0.1438916109963,0.2439567758158,0.2833304348456,0.1552863514952,-0.0699030629094,-0.2825028623716,-0.1076228624297,-0.0847289540917,0.0057863038253,0.3952405854692,0.3215463291596,-0.1573788952522,0.2126814879035,0.1805753028478,0.0777806207544,0.1905125393898,0.1248120862716,0.2773289634901,0.2705531602907,0.5978010098960,-0.0652727587252,-0.3368390554839,-0.0728124150722,-0.2759106831529,0.0041406342869,-0.1915507669672,-0.2509248678545,-0.2083038306692,-0.0058285881678,-0.0385973461675,-0.1451047279909,-0.0852238096857,-0.1137919539240,-0.0143232180186,-0.2745895074907,0.0799918991740,0.2136629975307,-0.2217841813035,-0.1508981607861
0.3534862882224,0.2363847687048,0.2739129410080,0.1952318704909,0.4421636994988,-0.0797152633224,0.1715163101420,0.4000237683686,-0.0128884386503,0.2906002491868,0.2099556852183,-0.2039035502241,0.3386395066038,-0.1197826495974,-0.0206052576068,-0.0479805838838,1.0000000000000,0.1672190818530,-0.0992286258318,-0.0000298039168,0.3808240429384,0.7432165739456,0.3748615958951,0.7031516976101,0.5934865426793,0.0525738044333,0.0171621223887,0.4609581323923,0.6449904757205,0.1869872862860,0.5046610862568,-0.1193107272433,-0.0821003107545,0.1868829163350,0.2139123459859,0.2713991174688,0.1045378761612,0.3089409653639,0.1341001284349,0.4027274534594,-0.2325949714614,-0.0057444179951,0.2325131100836,-0.2610398591764,0.1181948628905,0.1100931598078,-0.2360302697076,0.3374135876714,-0.1400387513680,-0.4148316028911,-0.0228575837147,0.9166351693914,0.2883610439899,-0.4241291562109,-0.0878859005477,0.3413121936682,0.7186933440383,0.3859405198246,0.7250434460039,0.6458552287271,-0.0349684662493,-0.1440181762848,0.2799935423469,0.5974552449064,-0.0668279675472,0.3857708770994,-0.0564579169154,-0.2008927183622,0.1601508114934,0.1147932940880
0.3571897409767,0.5181066622219,0.1580317305594,0.5086244648380,0.3434379896960,-0.1579738307300,0.0706783403773,0.3867666657624,-0.2209286000331,0.2356194570076,0.1461247843783,-0.1431122915615,0.2961179752342,-0.1027595509888,-0.0011338696697,-0.1010308809767,0.1672190818530,1.0000000000000,0.0869123001702,0.6664965840824,0.2192036978831,0.3852385668358,0.5129377324981,0.5270557137910,0.1700065958819,0.1501246956165,0.3778532159952,0.5224027856659,0.2787320430294,0.4005981130688,0.6535530483666,0.1747595287863,-0.0869452537253,0.3567614692942,0.5100226297400,0.1720814444560,0.4442217998258,0.0317329012819,0.3414297599622,0.1851931304485,-0.3671426343415,-0.2630873458305,0.1380676342618,-0.5579079520772,0.1869272875467,-0.0615139782210,-0.0614099948824,0.2212590377660,-0.1314443394496,-0.3866482102596,-0.2030441692143,0.0956068208007,0.5961972415058,-0.1215564281330,0.4090402335702,0.1259176597655,0.2302918158788,0.3410319514471,0.3659440635417,0.2188920195048,-0.0362251367207,0.2282166876697,0.3651669077782,0.1015539569486,0.0769477433464,0.3011504091051,-0.0303627669846,-0.1955873276797,0.1786477416484,0.2459729254398
0.2484219288210,0.1845075066916,0.4356243988205,0.1998709498476,-0.0566398397607,0.0793665378945,0.0619733249499,0.2778288277604,0.3240567123606,-0.0920155494830,0.0832225618775,0.6059596767862,-0.0495210642510,0.6425225949817,0.6607747727623,0.2247551147422,-0.0992286258318,0.0869123001702,1.0000000000000,0.3911134605739,-0.0898403249932,0.0679993787609,-0.0718310778855,0.0979982064137,-0.0120219840051,0.3227266624837,0.5339461063722,0.2302462922941,-0.0508610668449,0.3659623065882,0.0266591401283,-0.2657330085361,0.2090789577368,0.1802023207053,0.0979021004081,0.0646439584114,0.0011618603950,0.1742244865576,0.1652391525302,-0.1483438337146,0.1320573554517,0.0883399609124,0.0192626576576,0.1654379452429,0.0180768298085,0.0506413237647,0.4841085930696,-0.0910721315732,0.4820684349380,0.3106203809261,0.1880115357998,-0.1507175196555,-0.0952774558410,0.5107896265195,0.2067287887386,-0.1283044165817,-0.3155404723673,-0.1678968305324,-0.2247643731255,-0.0919617203664,0.3060541074702,0.2474820727708,0.2392896098355,-0.1361001470227,-0.0799718277136,-0.2534028855095,-0.0171792111460,0.1290494362858,-0.0793178290411,0.0356343366646
0.4684611899274,0.4401504971201,0.3011356020188,0.5826998401882,0.1238345633220,-0.0299513620848,-0.0065089526829,0.4013141217641,-0.0260373694936,0.1620205644822,0.1101616271649,0.2071478152964,0.0348753001907,0.1956924671322,0.2721203540373,0.0524814331556,-0.0000298039168,0.6664965840824,0.3911134605739,1.0000000000000,0.1117482320464,0.1575936085951,0.3647008918330,0.2823669567333,0.1035019181331,0.4029124723513,0.5701996619999,0.3629308992537,0.1156224215097,0.3898773058332,0.4827307621412,0.0823979607877,-0.0532638293219,0.3451310577110,0.5551885226327,0.2361647499299,0.3185475379941,0.0874718233841,0.3854577304484,-0.0275987093847,-0.1576204787876,-0.2213894227691,0.2488154034514,-0.2767837598136,0.1738165139373,-0.1488003855191,0.1853233269575,-0.0074496572712,0.0957022644231,-0.0950174759468,0.0227658291940,-0.0421431196072,0.4034687310687,0.1868454066956,0.4900430590632,0.0810309841645,-0.0833378002120,0.2847243008868,0.0843381179941,0.0790185532724,0.2978203923286,0.3290591286594,0.3083626816149,-0.0317164028314,-0.0422441747266,0.1767037160151,0.0222006045909,-0.1443813414561,0.0914740734840,0.3505785333984
0.3742969295960,0.0897041729546,0.0722152702550,0.1731481716594,0.7111528137232,-0.0841564495844,0.3999346317910,0.2907837473861,0.0551758615159,0.4711142879701,0.5734130955212,-0.0760875362700,0.7777708100187,0.0021462740948,-0.0438269235889,0.0146963852701,0.3808240429384,0.2192036978831,-0.0898403249932,0.1117482320464,1.0000000000000,0.4652379823700,0.2195628046880,0.4391936489634,0.4308733128147,-0.0922219030810,-0.1557941382796,0.1470128954750,0.5537339451033,0.2387512627269,0.2787761754916,-0.0913957888929,-0.0885931522671,0.2523074072117,0.1567113945819,0.1572196125782,-0.0302994736683,0.0422185632833,0.0961720945536,0.6559701887322,-0.2238510635259,0.2564194027285,0.1096811217032,-0.1084459761554,0.1904431907919,0.4100345546118,-0.0979906611436,0.7021390322444,-0.0233033762862,-0.3878176368658,0.1372973760061,0.3685363961721,0.1955418493699,-0.3127792136834,-0.1394713310786,0.9149257828787,0.3806757270672,0.1524159922210,0.3811890657003,0.3577771294616,-0.1366788619054,-0.2822779418292,-0.0964876789804,0.4465095204723,0.0306513925116,0.0556029846477,-0.2513139344759,-0.1525621135866,0.2246512986394,0.0008694431226
0.4741652391977,0.1973761574526,0.2784566326912,0.2227664857634,0.5905665801865,-0.0816652268075,0.3587608597679,0.5478279073261,0.1138250355112,0.3111356371146,0.4901101970037,-0.1456483478264,0.5471288640215,0.0004280164976,0.1506738413329,0.0653751617662,0.7432165739456,0.3852385668358,0.0679993787609,0.1575936085951,0.4652379823700,1.0000000000000,0.3085774269638,0.9060909696356,0.5324850594550,-0.0082059030580,0.0968944334443,0.3650786293749,0.8103936454317,0.5218667012100,0.6689991582060,-0.0267765633405,-0.0347518661357,0.4113683662843,0.2742494442355,0.2326322140088,-0.0575430815174,0.0800798126189,0.0126840680470,0.5387827023268,-0.2969262829399,0.1658255045238,0.0703474989161,-0.2892047123701,0.1203910242553,0.3399250413314,-0.1504195602211,0.4970158792918,-0.0460126128142,-0.4441884742196,0.0977970300974,0.6507446261993,0.2972175201689,-0.4511337505842,-0.0490694101577,0.3845846216115,0.6606300885005,0.1841394223605,0.6463096780057,0.5227800205567,-0.2119943211716,-0.2416837340215,0.1455883903122,0.6205120448394,0.0237393292666,0.2562014005046,-0.0939566142752,-0.2110010765298,0.1485701230073,-0.0125412695655
0.3393244648589,0.6824523963960,0.1507451805214,0.7353318219774,0.2233230845566,-0.2514850214275,-0.0720890064593,0.4028908406630,-0.3571042561997,0.3972646880167,-0.0422140020595,-0.1708776589593,0.1286721820321,-0.1598220653855,-0.1443026290924,-0.1561221085323,0.3748615958951,0.5129377324981,-0.0718310778855,0.3647008918330,0.2195628046880,0.3085774269638,1.0000000000000,0.3390723344871,0.4453001410370,0.2452643902830,0.2131984860113,0.4654298331658,0.3331114995419,0.1925451902873,0.6795205949380,0.0359344115886,-0.2698531953198,0.3150576164023,0.3925023184912,0.3033077791050,0.6052656141675,0.1392186280025,0.5634591996432,0.1032964927336,-0.3813729614533,-0.2688495752850,0.4420850587314,-0.4815787725171,0.4732839135508,-0.1910248159539,-0.0785301052513,0.1327950169942,-0.1513594503449,-0.3453446560160,-0.1379865357931,0.2676514527827,0.5277171770510,-0.1523831945579,0.3557064393115,0.1804372490750,0.3408028533595,0.8615003719789,0.4012671394129,0.5520232347194,0.1415527970310,0.2723839495861,0.3940975933870,0.2535161849338,0.0036728467704,0.5991453641935,-0.0333013092448,-0.2703809880061,0.1579443240200,0.3663064080020
0.4627686633001,0.3125178242854,0.4124682868708,0.2795382429185,0.5358590895437,-0.0373146843372,0.1893731462604,0.5344443889193,-0.0011811995328,0.2586796495750,0.3218992788334,-0.2226252469638,0.4485264437126,-0.0810863636941,0.1047903656484,0.0063791051873,0.7031516976101,0.5270557137910,0.0979982064137,0.2823669567333,0.4391936489634,0.9060909696356,0.3390723344871,1.0000000000000,0.4582971176870,0.1360303875202,0.2659645029491,0.5662874638870,0.7214023677872,0.4821924349274,0.7027112730406,0.0405918103508,-0.0279365210921,0.3960613886826,0.3699474134241,0.2406892487116,0.0536637526174,0.2056603425259,0.1104733645842,0.4124603111183,-0.2936028408778,-0.0577815071125,0.0687952952938,-0.3950014346081,0.0643457620644,0.1388717884764,-0.2364052559392,0.3842418049998,-0.2035974832723,-0.4466893145038,0.0137178283214,0.6340676518424,0.3641783703201,-0.4514091767745,-0.0196697832482,0.3468390745789,0.6393957299701,0.2180905693025,0.7304742360554,0.4728433372928,-0.1245993153984,-0.1202263342437,0.3547970748939,0.5121467458323,0.0289631410865,0.2964047223212,0.0832798929308,-0.2155288543204,0.1661579066929,0.0476931937294
0.4705543556696,0.2710166840711,0.3351208733938,0.4406763143111,0.4506152529559,-0.1390996344843,0.2647877012913,0.7324141690489,-0.0427390295681,0.7064467077453,0.2616036798038,-0.2128073456335,0.4609395973170,0.0457405936790,0.1402585850483,0.0274457170493,0.5934865426793,0.1700065958819,-0.0120219840051,0.1035019181331,0.4308733128147,0.5324850594550,0.4453001410370,0.4582971176870,1.0000000000000,0.2420793037152,0.0618019920057,0.3530405782170,0.7052505970602,0.1662620517261,0.4403245231268,-0.0864530734220,-0.1413681175205,0.1629882777764,0.0856897680813,0.3802687499386,0.0541494635313,0.2020334643786,0.3819251725654,0.4368485193249,-0.3490139867365,0.1378436944370,0.5655621963123,-0.3188110650880,0.5940393663255,0.1583969000350,-0.2253680011654,0.4456713633047,-0.0583235281996,-0.2699033558660,0.1344592657288,0.4601375758105,0.1301763932085,-0.3416842339997,-0.0988247803441,0.3277694941754,0.3656434347466,0.4237639535447,0.3223103440622,0.9067665481777,0.0808793399322,-0.1268425354263,0.1908552165323,0.6215934702351,-0.2209525157161,0.1648089551416,-0.0361738209319,-0.2723132020357,-0.0824007089773,-0.0776095577309
0.1763850085207,0.5930550243037,0.4384607529050,0.5206425890806,-0.0429643826504,0.1070332028895,-0.3013465535905,0.3512794559371,-0.1579611987303,0.1424681016282,-0.1980722318969,0.0703468476428,-0.1585507506104,0.3321892345793,0.1520845546348,0.1297695350603,0.0525738044333,0.1501246956165,0.3227266624837,0.4029124723513,-0.0922219030810,-0.0082059030580,0.2452643902830,0.1360303875202,0.2420793037152,1.0000000000000,0.5523158133529,0.4665487070678,0.0412299769367,0.1085929374651,0.1795092083643,0.2011106956703,0.0488786085795,0.1440608785982,0.3785817612936,0.2725797634818,0.3638346403029,0.1871056808129,0.6230051492051,-0.1858575998704,0.0063057155341,-0.2575374513001,0.3011821248614,-0.2307104943685,0.2157708540945,-0.2554625730823,0.0109453316749,-0.1755652709275,-0.0145266271516,0.2152964504770,0.2165858227139,-0.0327300212046,-0.0246721151315,0.0947715497390,0.0274059760253,-0.1140393930082,-0.0995839616208,0.2505253434740,-0.0780984897179,0.2530531369868,0.7525068253426,0.3434080711540,0.5507732834407,-0.0009126002905,0.0248885812708,0.0365298706001,0.4939734259874,-0.0235571162449,0.0806943723610,0.3049917350121
0.1396075258528,0.5597141046347,0.5441802989958,0.3595536511633,-0.1232053516441,0.0579763352795,-0.2140237094797,0.3639308677481,-0.0535619833364,-0.0288523929727,-0.1226568549581,0.1833807324693,-0.1841027889242,0.1505839998779,0.1543537872444,-0.0048317733614,0.0171621223887,0.3778532159952,0.5339461063722,0.5701996619999,-0.1557941382796,0.0968944334443,0.2131984860113,0.2659645029491,0.0618019920057,0.5523158133529,1.0000000000000,0.5585549715926,0.0133458788811,0.1957642241230,0.3284709673083,-0.0279650640158,0.0005784944863,0.2062144549327,0.3253461052528,0.0482346053793,0.3559891037575,0.1928409596252,0.3803680045832,-0.2590390091723,0.0475382932277,-0.2294437633893,0.1210982050457,-0.1458757182566,0.0567878861889,-0.2326806530594,0.1126554203379,-0.1920348193269,0.0191076477327,0.0540998522559,-0.0008562899691,-0.0828518247702,0.1476078633908,0.2278913758668,0.2537442852530,-0.1865368054503,-0.1285571244052,0.2099443932472,-0.0035244891839,0.0361267614709,0.3971930766245,0.5614676959893,0.6115513720685,-0.0954068515548,-0.0340824903681,0.1126777287116,0.3352571016247,-0.0432307198087,0.0962949455043,0.1980788321208
0.2984394752693,0.6111816747512,0.6002457906710,0.4075281420041,0.1744472494608,-0.0851808374564,-0.1664997586361,0.4578207421245,-0.2611631095393,0.1939257555871,-0.0872238982329,-0.1232524809079,0.0839949034159,-0.0609669681906,0.0146171305718,-0.1683304473431,0.4609581323923,0.5224027856659,0.2302462922941,0.3629308992537,0.1470128954750,0.3650786293749,0.4654298331658,0.5662874638870,0.3530405782170,0.4665487070678,0.5585549715926,1.0000000000000,0.3450755982574,0.1512837848744,0.4787433859916,0.0640851505808,-0.0329133835606,0.1079960268470,0.2727037731236,0.2569704415854,0.4308507480213,0.4536709287548,0.3966761844565,0.0076244782372,-0.2433979553073,-0.3557694451131,0.2448584767292,-0.4947548468877,0.1103454709229,-0.1947857052829,-0.1212641993951,0.0535286757171,-0.1504599416166,-0.2298951092300,-0.1769673138807,0.3461136002624,0.3364164611060,-0.0796652968399,0.1823072261568,0.0722929644958,0.3430146064557,0.3688560481123,0.4866100462108,0.3663122444383,0.2864585314607,0.3408001586547,0.8366931871060,0.2315358319737,-0.0374117999882,0.2766676351170,0.2784491860447,-0.1568015656292,0.0734338446478,0.1501934643221
0.4721654105182,0.1650298934497,0.2901571886846,0.2567003500697,0.6571613396226,-0.1693631522295,0.3107856883131,0.6492631297222,0.0063660646736,0.3651935774204,0.4992691068964,-0.2668176793299,0.5782650625050,-0.1191216261795,0.0319038876354,-0.0185048561722,0.6449904757205,0.2787320430294,-0.0508610668449,0.1156224215097,0.5537339451033,0.8103936454317,0.3331114995419,0.7214023677872,0.7052505970602,0.0412299769367,0.0133458788811,0.3450755982574,1.0000000000000,0.3251486967957,0.5584267099765,0.0421011214480,-0.1192324823951,0.2266718530485,0.0955980227890,0.2887458434834,-0.0813301610644,0.0609831257197,0.0604345534893,0.6232849177246,-0.3881360935630,0.1823510047167,0.2829409148311,-0.3512468407047,0.1564218453578,0.3895680742581,-0.2577009870784,0.5438559595837,-0.2011199415517,-0.4783313651352,0.1593450244583,0.5521482608187,0.2260742426304,-0.5223431711703,-0.1418580921741,0.4920233047842,0.5897892047974,0.2306034299156,0.5466169348822,0.6636651421511,-0.1964075449732,-0.2865601178944,0.0987636915924,0.8515293437366,-0.0961730223514,0.2196418109157,-0.0032258433587,-0.2789947835574,-0.0231586694734,-0.1525509762527
0.5382539525709,0.1847651514042,0.1124377435079,0.3235476699462,0.4092331547344,0.1225701151494,0.2629228509232,0.4240792307453,0.1289885478444,0.2581273706303,0.4814329228897,0.1525189051090,0.3583939665597,0.3393481143898,0.5355575694397,0.3483247280323,0.1869872862860,0.4005981130688,0.3659623065882,0.3898773058332,0.2387512627269,0.5218667012100,0.1925451902873,0.4821924349274,0.1662620517261,0.1085929374651,0.1957642241230,0.1512837848744,0.3251486967957,1.0000000000000,0.4461872315296,0.0887162504791,0.0947426042015,0.6511511910562,0.3279867234540,0.3156800748189,-0.1086244921402,-0.0082808617251,0.0031112459100,0.3048978457815,-0.0236768251754,0.0993429106076,-0.0403903862929,-0.1927001974710,0.1816404569367,0.2068257071589,0.2347325746485,0.2917431630240,0.2732333469887,0.0491238924097,0.2916012458967,0.1609379460423,0.0914518473833,-0.0796480603187,0.1280873749677,0.1813848307207,0.1601533779045,0.0020612051255,0.1747849691507,0.1750273008071,-0.0755408890640,0.0179251604606,0.1610431529788,0.1247415924595,0.3988503606397,-0.0226297872937,-0.0291581653630,0.0401340153221,0.1185531472199,0.0596016474610
0.5036200895715,0.5730177173328,0.1949455839874,0.5707877727637,0.3188162898160,-0.0552073847626,0.1848007885308,0.6355220998118,-0.0493619493355,0.3153132698223,0.2280736542287,-0.1611177094375,0.2557912850222,-0.1147136602922,0.0509869348209,-0.0248880152728,0.5046610862568,0.6535530483666,0.0266591401283,0.4827307621412,0.2787761754916,0.6689991582060,0.6795205949380,0.7027112730406,0.4403245231268,0.1795092083643,0.3284709673083,0.4787433859916,0.5584267099765,0.4461872315296,1.0000000000000,0.0347999014850,-0.0650417036266,0.3917081808280,0.5627962085438,0.2740717506178,0.3790273736974,0.0103776945888,0.3556345620932,0.1560039802967,-0.3093997977619,-0.1280842618536,0.2705931524621,-0.4504811482671,0.2304298254400,-0.0383550728938,-0.0746759547573,0.2045155401496,-0.1711264297271,-0.5067646233785,-0.1101027392404,0.3930861069571,0.5820932985085,-0.3479286438534,0.2332541114950,0.1880741155205,0.4436688927232,0.5617793618843,0.5370352284531,0.4816820800298,-0.0688133247446,0.0868621493152,0.3325099430347,0.3349206028916,-0.0905818819953,0.6150551821759,-0.0401849059788,-0.2085301605143,0.1495524046498,0.3240343040489
-0.0137060052429,0.1018185755141,-0.1308017581720,0.0500985976942,0.0794423895430,0.2452332921000,-0.1952924599514,0.0284757249302,-0.1941854245981,0.0370070744900,-0.1356756861162,-0.2553599170016,-0.0630126130442,-0.2243528098854,-0.1858019038625,0.1438916109963,-0.1193107272433,0.1747595287863,-0.2657330085361,0.0823979607877,-0.0913957888929,-0.0267765633405,0.0359344115886,0.0405918103508,-0.0864530734220,0.2011106956703,-0.0279650640158,0.0640851505808,0.0421011214480,0.0887162504791,0.0347999014850,1.0000000000000,0.0033723219230,0.0850540152827,0.0988375458452,0.1294068865338,-0.0585103290379,-0.1604794150924,-0.0409866891295,0.0515227528780,0.0648789452369,-0.2624979749535,-0.0694224854070,-0.3067594462412,0.0106409376332,-0.1713796145286,-0.1434080771627,-0.0769047434975,-0.2839063310587,0.0306366546188,0.0763882583752,-0.1056196696897,-0.0104808087659,-0.2050603705052,-0.0680475703468,-0.0561333361438,0.0235497916392,-0.0511201201871,-0.0175397934557,-0.0092875971366,-0.0807334331347,0.1221018757659,0.1657303342887,0.0181819443877,0.2698512098794,-0.0030140350824,0.5485515398175,-0.0144720058980,0.0551521222481,-0.0077753562305
-0.0591594643393,-0.1125383804233,0.1324627109885,-0.1395242326823,-0.1915826180545,0.5267284910743,0.2169753323095,0.0170489583602,0.5058543513238,-0.1889273177296,0.0080442365326,0.2936873692478,-0.0304490867086,0.2123428523721,0.3954323363971,0.2439567758158,-0.0821003107545,-0.0869452537253,0.2090789577368,-0.0532638293219,-0.0885931522671,-0.0347518661357,-0.2698531953198,-0.0279365210921,-0.1413681175205,0.0488786085795,0.0005784944863,-0.0329133835606,-0.1192324823951,0.0947426042015,-0.0650417036266,0.0033723219230,1.0000000000000,-0.2087949302295,0.1772713289740,-0.1037655881324,-0.1336081069138,-0.0235184836294,-0.0232510207623,-0.2403570109176,0.5163875664198,0.2628573644458,-0.1907299535720,0.3259474000101,-0.2189771965528,0.1101314538593,0.3642364883501,-0.1126713910559,0.2328344084162,0.2655794062130,0.2254778870859,-0.1004582899824,-0.0971736930286,0.1286657752051,-0.1937616781752,-0.1636544105206,-0.1400766110245,-0.3102322623704,-0.1280419330814,-0.1852222143216,-0.0132108179633,-0.0833841649231,-0.0088000547670,-0.1853930599130,-0.0807219015672,-0.1451491367463,-0.0225160879533,0.7436717405806,-0.1312351033857,0.1064692280826
0.2578871574476,0.3217526939268,0.0706091295415,0.4359468391304,0.3750679898989,0.0504526636604,0.1041248894966,0.2631909663347,0.0010940719959,0.2692867255162,0.3049256930124,0.0857989425200,0.2525356069172,0.2071675678435,0.1780253509582,0.2833304348456,0.1868829163350,0.3567614692942,0.1802023207053,0.3451310577110,0.2523074072117,0.4113683662843,0.3150576164023,0.3960613886826,0.1629882777764,0.1440608785982,0.2062144549327,0.1079960268470,0.2266718530485,0.6511511910562,0.3917081808280,0.0850540152827,-0.2087949302295,1.0000000000000,0.4491044612578,0.1428743128942,0.0338125251233,-0.0372296234377,0.1715259937666,0.2906722924753,-0.0905153483721,-0.0055729858821,-0.0329198113536,-0.1833139434335,0.2568086553637,0.0263414076375,0.0172088727741,0.2355192539406,0.0923424246002,-0.0645220476795,0.1575288354441,0.1260738623383,0.0522623813441,-0.1436544425551,0.0817636824672,0.2967493362047,0.1510476629554,0.1832418272984,0.1404851077801,0.1987691392288,0.0245729434683,0.0406872078651,0.1035596217349,0.0611944965949,0.3566127690626,0.0638104183368,0.0555789825291,-0.1399330399980,0.4568015165088,0.1934940736929
0.2204596088488,0.4940039753849,0.1153710166731,0.4716739400598,0.0881880759974,0.1700578499398,0.1048945925750,0.1964438105421,0.0207864366121,0.1284955609768,0.0492041723849,0.1103196954993,0.0931688608661,0.1457053825548,0.0787968062448,0.1552863514952,0.2139123459859,0.5100226297400,0.0979021004081,0.5551885226327,0.1567113945819,0.2742494442355,0.3925023184912,0.3699474134241,0.0856897680813,0.3785817612936,0.3253461052528,0.2727037731236,0.0955980227890,0.3279867234540,0.5627962085438,0.0988375458452,0.1772713289740,0.4491044612578,1.0000000000000,0.0567135746893,0.4605226115359,0.0300314660825,0.4431628345174,-0.0595066521347,0.0234888009624,-0.1388028482008,0.0696219673320,-0.1288577484483,0.1125198178133,-0.1854420610844,0.1240253538562,0.0278863550532,0.0456552719402,-0.2109318821304,0.1012174423130,0.1970277038073,0.3990018825575,-0.0538046878626,0.1941709467941,0.1244474229787,0.1842676137127,0.3852053690316,0.2570098572609,0.1429428280336,0.2833696800532,0.1257291887563,0.2194344044549,-0.0091851238550,0.0428806184457,0.4092363831556,-0.0315558323084,0.0554820895625,0.3570232027938,0.6120235999804
