1.0000000000000,0.1469811512111,-0.2220617676543,0.3961792577550,0.1742899720086,-0.1374738879842,0.0440267013053,0.4953291599025,-0.3124691084330,0.5804124539000,-0.0139230505947,-0.0869181636628,0.3275688842727,-0.2390217729777,0.2050283678462,-0.1414093689874,0.1179530164214,0.3985226536877,0.0417193897032,0.4859030403184,0.4308015682852,0.0592458167778,0.2782523610039,0.0410619046606,0.5310344695601,0.3225310955356,-0.1443660381688,-0.1986465463467,0.2573946382321,0.5858751147466,0.4483172163398,0.1797606003323,0.0296632005804,0.3174349135558,0.5587494583830,0.6073162948645,0.0919676134134,-0.3815724275601,0.4037929135618,0.0517936304913,-0.3518920103724,-0.3934494573895,0.1816814010774,-0.5324951879294,0.4187121599391,-0.3891561593789,-0.0380639722340,0.3044792075210,-0.0312633765922,-0.3199403514908,-0.2696535780043,0.1641721268493,0.1646780669330,-0.3694893805844,0.0363583885451,0.2442325297878,0.0631838972038,0.2594676734226,-0.0289941234300,0.4166496405713,0.3475041265483,-0.3436465513748,-0.3268296028764,-0.0333379550710,0.1760276128562,0.1087316394377,0.0290521848142,-0.1289401630934,-0.0151339991108,0.3811058147153
0.1469811512111,1.0000000000000,0.2819184302983,0.6898149081483,0.2289198214809,-0.4081528615223,-0.3556924938079,0.0152074553582,-0.5400064486401,0.3180739724113,-0.2478841539890,-0.1608528136189,0.1099022320115,-0.1853099039266,-0.3383564578396,-0.4615026723042,0.3479938033059,0.5760644163459,-0.1516992523343,0.3394634456260,0.3229157982743,0.4873543618828,0.6872777205794,0.5913674430724,0.2471082795254,0.5023637938737,0.2692325137657,0.3258370708118,0.1666591539731,0.0730152877247,0.4650552540856,-0.1140382252693,-0.2200960890769,0.0819956917643,0.2160628490573,0.1911371417820,0.7935612845956,-0.0335304736035,0.5696332964507,0.2275110320698,-0.4860481302043,-0.5097053060348,0.0562851780426,-0.5319562754327,0.3363885281678,-0.3450003910119,-0.0280609173057,0.1655229147470,-0.2281724877980,-0.4195696404412,-0.4652234362652,0.3059333111287,0.4465989963106,-0.2969051765280,0.1868000486235,0.3365611729502,0.3361828809777,0.6816492362454,0.4566704886726,0.3120086729383,0.4165099824005,0.0778232339123,0.3640624294281,-0.0033836677558,-0.0409811748685,0.3135225890103,-0.1824195405925,-0.0697138234739,0.0963306539384,0.2815320929103
-0.2220617676543,0.2819184302983,1.0000000000000,0.0514575766910,0.0432609780635,-0.2148941523858,-0.1301684125558,-0.1305482341096,0.0922592411747,-0.1431567809198,0.0036667356374,0.2807237380284,-0.0577976463184,0.2245695272388,0.0130979296794,-0.1101555231823,0.1215121539047,0.1403157251969,0.3124039135569,0.1010777231282,-0.0031617422750,0.4792188134912,-0.0782954227858,0.6360539442069,-0.1897591838132,0.0894838749408,0.4447687612512,0.7796502741687,0.0616919906354,-0.0924024456837,0.0173426946698,-0.4121260700592,-0.0330003121400,-0.0311686354182,-0.1713038073673,-0.2144853808306,0.1262657694439,0.5664426190527,-0.1335472179556,0.0507861945480,-0.1080270078723,-0.0177529512791,-0.3204847545934,0.0696635138666,-0.1063456818679,0.1468197715005,0.1793022591736,-0.0412356055144,0.0747135966704,0.0446545795558,-0.1899935315856,0.0313700769191,-0.0215106154515,0.2255931207160,0.0105310552839,0.1106642759814,0.0589653840651,-0.0932247597556,0.3104164877483,-0.2042405188615,-0.0086811686168,0.2310968376220,0.7281066765687,-0.0223217759323,-0.1638955870308,-0.2999784073455,-0.3548114424628,-0.0096285951858,-0.0420175429085,-0.1941165599549
0.3961792577550,0.6898149081483,0.0514575766910,1.0000000000000,0.4344653732683,-0.3785155092035,-0.2842509978648,0.2026988285876,-0.5653426193899,0.5871848583366,-0.1227602985544,-0.1134162915912,0.2547814529439,-0.1664172847183,-0.1982871571992,-0.2796748713382,0.2170739452180,0.5514412065614,-0.0104643288688,0.4873132729195,0.3506123602933,0.3692587728473,0.7272523931847,0.3614291544058,0.3599198499301,0.5193559932197,0.0387373485742,0.0026453764700,0.2309624706219,0.3121138787335,0.4740505555736,-0.0365106742921,-0.1345281716241,0.3235440951376,0.3124294977526,0.2653726247871,0.6151421953073,-0.1429978464468,0.8364732376135,0.2581522528228,-0.5625446148851,-0.4309107269579,0.1175914271575,-0.5696047687508,0.6272853588774,-0.3322000697856,0.0447537373355,0.2839343297114,-0.0553192684959,-0.3315740170691,-0.3094203156257,0.1824898671784,0.2993353128542,-0.1771387193338,0.1594167867674,0.3123966568959,0.2192240811913,0.6644132507953,0.2358941031218,0.4532301947467,0.3993117340281,-0.3419874425247,0.0587187959982,0.0446430447643,0.1067939326354,0.1827500763387,-0.0100321059971,-0.1284251566420,0.1809618581590,0.3512436404731
0.1742899720086,0.2289198214809,0.0432609780635,0.4344653732683,1.0000000000000,-0.2637919532063,0.0435419966374,0.3006327862763,-0.1159871462881,0.5324861972686,0.2447883312571,0.0312906100190,0.3865091403320,0.0768586634405,0.0083742941507,0.0006799914687,-0.0016702436250,0.1429088259422,0.1890923948720,0.1595174820364,0.3999060013763,0.2290403115347,0.2609718917392,0.1128277335304,0.2887915017473,0.1422917292234,-0.0262215240421,-0.0407576239635,0.3087017464352,0.1898144602849,0.1586904240367,-0.0386654260014,-0.0863935759664,0.3413450362765,-0.0402281067502,-0.0183199935789,0.0774851624535,-0.0532846346195,0.3812501382308,0.8659477732711,-0.3171895947766,-0.0306589810459,0.1096599415411,-0.1998219640983,0.5185965670305,0.1427310045474,-0.0262803754677,0.3643024394508,0.0206049983968,-0.1869805067617,-0.0081356239919,-0.0248459006893,-0.0980500486607,0.0862897744241,-0.0944329676013,0.4051580692588,0.0347687370742,0.2145968943961,0.0151943360989,0.3421955146563,-0.0152102095722,-0.3386191956769,-0.0205357376271,0.2151472686433,0.0024066772430,-0.1562986417100,-0.0118316121508,-0.0685545789903,0.1949664202507,-0.0404034559677
-0.1374738879842,-0.4081528615223,-0.2148941523858,-0.3785155092035,-0.2637919532063,1.0000000000000,0.3948081459159,0.0183444117990,0.5004910348185,-0.3012250409835,-0.0259183723386,0.2576948973436,-0.2614371778310,0.2086932660013,0.4978908849175,0.6041537736529,-0.2719994919085,-0.4630656480141,0.0861752161610,-0.2754333045623,-0.3913852102103,-0.3640877124688,-0.3398752331838,-0.4731378537484,-0.1562323727513,-0.1262862239651,0.0011742879868,-0.1475978176773,-0.0879401030696,0.0966377655018,-0.3341677805492,0.3306418383476,0.5944209437203,-0.0257657904284,-0.0034380743046,-0.2887432078730,-0.4751935714432,-0.2334653077951,-0.4497143974755,-0.2671725551143,0.8431444853566,0.4194038342851,-0.1146376481462,0.5013730533942,-0.4014134592270,0.0189383035587,-0.1172131342669,-0.3649952041060,0.1013461978254,0.3079007520077,0.5115311818897,-0.2672580963608,-0.4344751821369,-0.1088314082914,-0.4326363159098,-0.4310070375224,-0.3950505693783,-0.4116402219523,-0.4904259178985,-0.2279792262626,-0.2726931291124,-0.1471133051990,-0.2381186830930,-0.0703295990552,-0.1374917884193,-0.2753441174335,0.3647670560073,0.3094128238407,-0.1194207501621,-0.2199098486403
0.0440267013053,-0.3556924938079,-0.1301684125558,-0.2842509978648,0.0435419966374,0.3948081459159,1.0000000000000,-0.0453171982416,0.6225513329838,-0.0204155795495,0.5347742860487,-0.0183547847331,0.3364102661509,-0.0118920370899,0.5631557307607,0.6689504482589,-0.0232229517472,-0.2727463864382,0.0891595707334,-0.1376107120181,0.0579263548099,-0.1539203005079,-0.3281943834257,-0.2455874383066,-0.1520915619581,-0.1431526937808,-0.1065229432656,-0.2169223332617,-0.1544723823920,0.1665498332819,-0.1732009929061,-0.0869741172865,0.3631843274131,0.1172062906811,0.0353502386491,-0.1151280426814,-0.4466777740844,-0.0462426410342,-0.2537749801685,0.0450776509921,0.3567876919567,0.5940762042602,-0.3641661407652,0.3778671238014,-0.1711977497915,0.3708947710814,-0.1112422346586,0.2019930135449,-0.0070675367575,0.1884308352241,0.4696556717248,-0.1088844653722,-0.2950228705521,-0.1124582877366,-0.3198973380746,0.0360276696754,-0.2526331175860,-0.3609390075150,-0.2519536640242,-0.2195741215847,-0.2117055757024,-0.1751420572635,-0.2687528773119,-0.2013968928972,-0.1673072502162,-0.3384843314304,-0.0686574958676,0.2241021099448,-0.1674737974412,-0.1408757767102
0.4953291599025,0.0152074553582,-0.1305482341096,0.2026988285876,0.3006327862763,0.0183444117990,-0.0453171982416,1.0000000000000,-0.1020655721787,0.3212683048112,0.0505630623778,0.0934484673994,0.0158766663529,-0.0709548275201,0.1256277242513,-0.0480620209203,-0.0679604665960,0.2064427076196,0.1658531901423,0.3185402517338,0.0773294685572,0.0715513332039,0.2550399349845,-0.0465200774731,0.6422757945729,0.2404147145217,0.1230745662141,-0.1460364244863,0.5684983468331,0.3755869810381,0.5503693613897,0.3525262229756,0.0032275139186,0.3279581036881,0.2699040553772,0.1412425128959,-0.0853313502850,-0.5009501926271,0.1585717806519,0.1030572636902,-0.1125100448937,-0.2046505674985,0.4606670168210,-0.2144313205431,0.2715792362296,-0.2022867373703,-0.0198541964224,-0.0033413805533,-0.0299074963890,-0.2297256020615,-0.0847550529047,-0.0382476525935,-0.1221298685956,-0.2089029280438,-0.2479198192470,-0.0823377662724,-0.1725068135507,0.1601476762653,-0.3485829345148,0.5158235574109,0.0879291755570,-0.2281038798179,-0.3413781062961,0.3059924515951,-0.0927147304231,0.1074867124305,0.2390200834327,-0.2266447003307,0.0333262836884,0.0710707488889
-0.3124691084330,-0.5400064486401,0.0922592411747,-0.5653426193899,-0.1159871462881,0.5004910348185,0.6225513329838,-0.1020655721787,1.0000000000000,-0.4592110964994,0.4082521003436,0.3287594691926,-0.2772971542551,0.3117182890582,0.6427388196249,0.6690104038568,-0.2472463897716,-0.5091341308432,0.3356688375752,-0.3526005408408,-0.4083036639600,-0.2788630844410,-0.5863283460763,-0.3353038428152,-0.4183978561520,-0.3272869796146,0.0431986370641,0.0505420925480,-0.2929162964012,-0.0772767600675,-0.4558540802156,-0.1334863962444,0.4035955713889,-0.0323032099412,-0.3544334822458,-0.4215439185844,-0.6103850111704,0.2729674780782,-0.5656187427090,-0.1253786907009,0.6244501478998,0.7468252411818,-0.3297783337537,0.8220288603701,-0.4939738445487,0.5426732664067,0.0399336744084,-0.3886312425721,0.2195220088436,0.5033479541077,0.5489404612356,-0.3104622496656,-0.4623506019631,0.2578186600571,-0.3317379828230,-0.3550177274693,-0.3951645236386,-0.6447674582837,-0.3354089324700,-0.4247175071439,-0.3793662264522,0.0334201614159,0.0157697430551,-0.1077103185457,-0.2104060821186,-0.5355346801269,0.0271966874363,0.2837903706476,-0.1559448269478,-0.4434828445782
0.5804124539000,0.3180739724113,-0.1431567809198,0.5871848583366,0.5324861972686,-0.3012250409835,-0.0204155795495,0.3212683048112,-0.4592110964994,1.0000000000000,0.0057141354781,-0.2624911124198,0.5063453069061,-0.2024748263034,-0.0988411923892,-0.1966594775431,0.1230109641477,0.3770321710776,-0.0908756689110,0.3417074523077,0.5718996884209,0.2240668323764,0.4568458032591,0.1641008518901,0.5797509021726,0.2762168726356,-0.1667459178563,-0.2065888667781,0.2654859786183,0.3513856112495,0.3592395209441,0.0380275355481,-0.1367867440224,0.3293397264005,0.3048485075165,0.4368056812224,0.2616780905953,-0.2287918774485,0.5741685227731,0.5023655234924,-0.5000599294236,-0.3340161662011,0.1680543268800,-0.5725283302551,0.8536968523967,-0.2199739388001,-0.1093085094077,0.5309892411217,-0.0925709198215,-0.3753772642129,-0.2544439448595,0.1314748829542,0.1829980627376,-0.2845834436222,0.0928674338760,0.5144380241423,0.1664916753735,0.4565919136098,0.1185864268211,0.5155936357148,0.2399452549476,-0.3548298494758,-0.2144089812536,0.0154725537355,0.1546346760386,0.0921290778547,-0.0659340429855,-0.1020666608848,0.0945322374265,0.2821530458433
-0.0139230505947,-0.2478841539890,0.0036667356374,-0.1227602985544,0.2447883312571,-0.0259183723386,0.5347742860487,0.0505630623778,0.4082521003436,0.0057141354781,1.0000000000000,0.0011552831882,0.4153031159336,0.1611042205370,0.2814328397710,0.3007092597708,0.0009258626408,-0.0269281911832,0.2137077509275,0.0631129796536,0.3133228886613,0.1033289300779,-0.2749744270282,0.0260043163382,-0.2210110780549,-0.1820160152189,0.0034048833126,-0.1397843601818,-0.1342729996810,0.1171369428625,0.0225595085639,-0.3533240103642,-0.1015365538238,0.3118294519003,0.0025787192092,-0.1065205043049,-0.2957720145317,0.2033791095011,-0.1217688412780,0.3043617270529,0.0630558074014,0.5082838705947,-0.3434624804050,0.3458534041185,0.0145451219249,0.7306328094136,0.0179387824311,0.3177933788003,0.1619319124107,0.2723036101010,0.3391034830560,-0.1504725545009,-0.1522132491345,0.2435513812620,-0.0259779951381,0.3900226265508,-0.1883058919368,-0.3181291832067,-0.0154059264199,-0.3192727989153,-0.1844594255792,-0.1003263399392,-0.1259314986821,-0.1637753365269,-0.0656972796213,-0.3382761281753,-0.1668110396161,0.0037211784531,0.0841018344441,-0.0195068375910
-0.0869181636628,-0.1608528136189,0.2807237380284,-0.1134162915912,0.0312906100190,0.2576948973436,-0.0183547847331,0.0934484673994,0.3287594691926,-0.2624911124198,0.0011552831882,1.0000000000000,-0.2416560369436,0.7247813139526,0.3861725167635,0.3298118187967,-0.3859985449787,-0.2931098354774,0.6687579218773,0.0955782754814,-0.2467622239454,-0.2239402258062,-0.3185872964224,-0.2032245457608,-0.2037256800222,0.1657213973424,0.3029629096973,0.2309413169717,-0.0856378968599,0.2288845749739,-0.3144014357277,0.1079554277889,0.2709100004810,0.1425309338232,-0.0398492472112,-0.2550015330399,-0.3490244190042,0.0221410044936,-0.2585790322479,-0.0476574620558,0.2715933623269,0.2223755122890,-0.0407926900101,0.3345150806144,-0.2531125835769,0.0941245402331,0.6492057316791,-0.2695820900266,0.6706369957546,0.4078836900965,0.2778290943219,-0.3720766801654,-0.3787500153004,0.4749068413064,-0.1240199900888,-0.2095363582546,-0.2569817158367,-0.3818722971605,-0.2983858147253,-0.1903829189466,0.0629697155603,0.0784841059845,0.1667753710553,0.0598312751430,0.1252633927996,-0.3396524794321,0.2615338118305,0.0438887630540,0.0931893074137,-0.0895717177859
0.3275688842727,0.1099022320115,-0.0577976463184,0.2547814529439,0.3865091403320,-0.2614371778310,0.3364102661509,0.0158766663529,-0.2772971542551,0.5063453069061,0.4153031159336,-0.2416560369436,1.0000000000000,-0.2041725019741,-0.0127320848190,0.0814572343771,0.2260463624681,0.2108792344686,-0.0850596005381,0.1691629683214,0.7748857539453,0.2418011157480,0.1077207391899,0.1937243961983,0.1882491232288,0.0453161583621,-0.1559460140452,-0.1992536624013,0.0921993692254,0.2572248965154,0.2489285933201,-0.2212565523998,-0.1195866451756,0.1978728321150,0.3059872094734,0.2579885975832,0.0742187866564,-0.0854242969552,0.2200305456958,0.4310982954718,-0.3863989583205,-0.0753138883958,-0.2033769238778,-0.4075510743464,0.4061705668266,0.1053570557075,-0.0167685118445,0.9332361976597,-0.1086776949703,-0.2173099938497,-0.0609102466873,0.1494185629708,0.1146836346506,-0.1609497312941,0.0297309824785,0.7325906974081,0.1030706894060,0.1408001214843,0.1832364223997,0.0782558254243,0.0548231225779,-0.2530359193639,-0.1946273769021,-0.1373961820068,0.0324846976481,-0.0076112279453,-0.2629910552411,-0.0704268793623,-0.0480412341960,0.2111371983431
-0.2390217729777,-0.1853099039266,0.2245695272388,-0.1664172847183,0.0768586634405,0.2086932660013,-0.0118920370899,-0.0709548275201,0.3117182890582,-0.2024748263034,0.1611042205370,0.7247813139526,-0.2041725019741,1.0000000000000,0.3253532655921,0.2449405193999,-0.3715715309291,-0.2484479426998,0.4806000197464,0.0644628050636,-0.2576273938902,-0.2223409003997,-0.3832347240277,-0.1450041752171,-0.3434017599777,0.1116474512871,0.2478445555394,0.2378121201682,-0.2639063325284,0.2182745662918,-0.4112091531025,0.0505394518603,0.1996754314397,0.1791095051801,-0.1398441901011,-0.2586054158611,-0.3137611758249,0.1991052863400,-0.2531455715477,0.0719675522132,0.2800914296355,0.2959832920410,-0.0783010028848,0.3793669141723,-0.1860024558595,0.2727379395719,0.5050948570172,-0.2315092566514,0.7443728851976,0.4829449895899,0.2836123147294,-0.3750290698514,-0.3069384443225,0.5406417447144,-0.0256517861984,-0.1467863797250,-0.2693014312088,-0.4280783860101,-0.1908413865941,-0.2984786417144,-0.0495425209878,0.1193755745413,0.2401676118072,-0.0609359459387,0.1843303737637,-0.4110504896292,0.2840048840795,0.1674060040157,0.1458731489220,-0.1071167837504
0.2050283678462,-0.3383564578396,0.0130979296794,-0.1982871571992,0.0083742941507,0.4978908849175,0.5631557307607,0.1256277242513,0.6427388196249,-0.0988411923892,0.2814328397710,0.3861725167635,-0.0127320848190,0.3253532655921,1.0000000000000,0.6423784973598,-0.1940753046040,-0.2239084231445,0.4021867854670,0.0427588405956,-0.2055401858920,-0.2006560669667,-0.3376310685553,-0.2602106302892,-0.1194485515462,0.0667405833239,0.0082914207448,-0.0396412637357,-0.1266065470690,0.5479224632302,-0.2525633890064,0.0852067373975,0.6421955765206,0.2310835161412,0.0354913692783,-0.1408009552174,-0.4710328560208,-0.0011371024343,-0.2564951191621,-0.1180903005132,0.4467960281697,0.4105505608904,-0.2763686181857,0.4210900735510,-0.2133392503422,0.1511963637101,0.1776472333300,-0.1465542281040,0.3582362929958,0.4068501297662,0.4606557537369,-0.2495694144624,-0.4545721750018,0.0378121150438,-0.3598255358920,-0.2414851391387,-0.3651816210855,-0.4212415238766,-0.3660608589133,-0.1593444192397,-0.0985039088635,-0.2113057298214,-0.0794586042602,-0.1339995543206,-0.0368535452371,-0.5627718446429,0.1337528472629,0.4311991731007,-0.1379300158944,-0.2559180309129
-0.1414093689874,-0.4615026723042,-0.1101555231823,-0.2796748713382,0.0006799914687,0.6041537736529,0.6689504482589,-0.0480620209203,0.6690104038568,-0.1966594775431,0.3007092597708,0.3298118187967,0.0814572343771,0.2449405193999,0.6423784973598,1.0000000000000,-0.2014615461911,-0.5260794860140,0.2210030388792,-0.2979641309873,-0.2482095331407,-0.3001645809295,-0.3855538692734,-0.4383283985886,-0.2292412409825,-0.1601469637646,-0.1648109722610,-0.2163682570877,-0.1930775167598,0.1964968300111,-0.3741680524127,0.0518917024085,0.4578052749013,0.1288621233811,-0.1081439368284,-0.3854821087117,-0.5751404267120,-0.0306427869183,-0.3615059381606,-0.0935068175724,0.6045808899273,0.6692054350701,-0.3404405543861,0.5793818788940,-0.2431943863959,0.3249158684049,0.1168552792561,-0.0406416246331,0.2186191721505,0.4727821861031,0.7645781452913,-0.2473466437054,-0.5744231068603,0.1312783167483,-0.4837082998508,-0.2537480074074,-0.4006053956420,-0.4634916974659,-0.4496612818961,-0.2248736531876,-0.2798461740720,-0.3040357680051,-0.2404263107831,-0.0790561859595,-0.0936128691148,-0.4909740882099,0.1104183751134,0.2525806146994,-0.2085077677513,-0.3089650463411
0.1179530164214,0.3479938033059,0.1215121539047,0.2170739452180,-0.0016702436250,-0.2719994919085,-0.0232229517472,-0.0679604665960,-0.2472463897716,0.1230109641477,0.0009258626408,-0.3859985449787,0.2260463624681,-0.3715715309291,-0.1940753046040,-0.2014615461911,1.0000000000000,0.2857848075631,-0.1895667011338,0.1231072615826,0.3144618619512,0.6459856365529,0.3466837055554,0.5825560408336,0.3460315056106,0.0694554772325,-0.0338266711258,0.1662365796405,0.2960565781034,0.0039013024038,0.4602740314934,-0.2119291562460,-0.1768172091905,0.0276104762101,0.1916590115799,0.1279329102224,0.3318739697092,0.0665557045944,0.2104830781688,0.0588961336001,-0.3424641508975,-0.2417093634585,-0.2101692134926,-0.3148522133088,0.0564284808979,-0.1601908544288,-0.2913238747722,0.2372101438425,-0.3033161634766,-0.3468001806287,-0.2535050077738,0.9150171413267,0.2206496907439,-0.3228622647980,-0.0163103304841,0.2863518865177,0.4843468098822,0.3703903861876,0.5483012686021,0.3312987586382,0.1247768237726,-0.0871774114080,0.0772409330827,0.0954974554441,-0.2122456056608,0.2636482888293,-0.2891029510603,-0.1454507032886,-0.1079111504543,0.1003192880984
0.3985226536877,0.5760644163459,0.1403157251969,0.5514412065614,0.1429088259422,-0.4630656480141,-0.2727463864382,0.2064427076196,-0.5091341308432,0.3770321710776,-0.0269281911832,-0.2931098354774,0.2108792344686,-0.2484479426998,-0.2239084231445,-0.5260794860140,0.2857848075631,1.0000000000000,-0.0587828795117,0.7076144506681,0.3886983269166,0.4635179221399,0.4549973608430,0.5834221566936,0.2134164073759,0.3814773007645,0.3299962554639,0.1517151895948,0.1111025266687,0.2360361034595,0.6808684403925,-0.1794829320405,-0.2155607651943,0.1989876074046,0.4128932952384,0.3717827848552,0.6360785679677,-0.0536485256403,0.5425011050206,0.1181245062768,-0.5483683538548,-0.5615175972213,0.0262635891527,-0.5877069096316,0.3821731189176,-0.3367534336075,-0.1459498725124,0.2466187004665,-0.2131217411704,-0.4638323200799,-0.5974428593577,0.2258757421475,0.6245636522439,-0.3633370233253,0.4350870295321,0.3363063155988,0.2843692855917,0.4561620688428,0.3766451632574,0.1667248680608,0.3544673063387,0.1021269189768,0.1073182300694,-0.1789208981154,0.0175664080173,0.2653370335341,-0.2384820772464,-0.2835189573276,0.1557068705451,0.3649329146207
0.0417193897032,-0.1516992523343,0.3124039135569,-0.0104643288688,0.1890923948720,0.0861752161610,0.0891595707334,0.1658531901423,0.3356688375752,-0.0908756689110,0.2137077509275,0.6687579218773,-0.0850596005381,0.4806000197464,0.4021867854670,0.2210030388792,-0.1895667011338,-0.0587828795117,1.0000000000000,0.2419877691256,-0.1272078421865,0.0385964921670,-0.1650755231919,-0.0032647264328,-0.1459974167905,0.0754337324022,0.4231461650924,0.3783535095266,0.0044903868573,0.2708941800770,-0.1003920751500,-0.0487255635362,0.1932814450473,0.2665889986797,-0.0351814106744,-0.1842259918898,-0.2175843938834,0.1560963868491,-0.1202530579732,0.0836854139156,0.1185960263044,0.2164928481159,-0.1216066838994,0.2808736467684,-0.1131449016390,0.2383570000435,0.3585645806183,-0.1198800433554,0.4793866736409,0.2501128634945,0.1747226788915,-0.2574618171422,-0.2579910255004,0.4562624341718,-0.0386426394031,-0.0572596231807,-0.1227949456392,-0.2598047875247,-0.1199707869747,-0.1100373105301,-0.0596649825992,0.0667465674625,0.2266440161276,0.0098972236415,-0.0024360446524,-0.3367803672278,0.1118071070588,0.0246878108071,0.1337366971441,-0.0673334015105
0.4859030403184,0.3394634456260,0.1010777231282,0.4873132729195,0.1595174820364,-0.2754333045623,-0.1376107120181,0.3185402517338,-0.3526005408408,0.3417074523077,0.0631129796536,0.0955782754814,0.1691629683214,0.0644628050636,0.0427588405956,-0.2979641309873,0.1231072615826,0.7076144506681,0.2419877691256,1.0000000000000,0.2920006123755,0.2645826242685,0.2608395741165,0.3585560029730,0.1856550655547,0.6433948956716,0.3641821589128,0.0672561103969,0.1102116157394,0.5247702508963,0.5027627136697,0.0643125258750,-0.1254590557472,0.4761186476483,0.6378692102838,0.3144620164466,0.2972060429961,-0.1974525213888,0.5024524589347,0.0555878438363,-0.4221857091156,-0.4062108177155,-0.0344649358523,-0.4699408269628,0.2787544833792,-0.3277716121951,0.1617929124265,0.1674431154444,0.1961846072875,-0.2663660966646,-0.3117244604710,0.1207698991924,0.3028147188089,-0.1224148340811,0.3103497703562,0.2292347366968,0.1006871511712,0.2302419770303,0.1252648194300,0.0947706005665,0.5474345354758,0.0057155377508,-0.0366740114930,-0.1469070047823,0.1409942882807,0.0466049224170,0.1011414474610,-0.2770152269264,0.2342833789114,0.4929420216300
0.4308015682852,0.3229157982743,-0.0031617422750,0.3506123602933,0.3999060013763,-0.3913852102103,0.0579263548099,0.0773294685572,-0.4083036639600,0.5718996884209,0.3133228886613,-0.2467622239454,0.7748857539453,-0.2576273938902,-0.2055401858920,-0.2482095331407,0.3144618619512,0.3886983269166,-0.1272078421865,0.2920006123755,1.0000000000000,0.3909750837298,0.2139328146696,0.3848153556541,0.3369949037453,0.1206106503845,-0.0468402742896,-0.0491416061466,0.1894229027314,0.1662746982804,0.4094400992040,-0.2396262490594,-0.2958226033656,0.1617326449044,0.3750151326294,0.4004211231282,0.2617972167558,-0.0793962309591,0.3187731244419,0.5403158655302,-0.5348178248825,-0.3509923275992,-0.0829139238655,-0.5724926622473,0.4813979544790,-0.0203154150240,-0.1115525897864,0.7655422611851,-0.1976000168727,-0.4392482955172,-0.3406340768191,0.2780229606089,0.3364237949738,-0.2877819303922,0.1856419267428,0.8740912302722,0.2462222245345,0.2742294846831,0.3611374529309,0.1836102069610,0.1827666608205,-0.1838707861818,-0.0818451447722,-0.0637513361283,-0.0206595667821,0.1549408103037,-0.2664638929400,-0.2175616653662,0.0355686936225,0.3548251467846
0.0592458167778,0.4873543618828,0.4792188134912,0.3692587728473,0.2290403115347,-0.3640877124688,-0.1539203005079,0.0715513332039,-0.2788630844410,0.2240668323764,0.1033289300779,-0.2239402258062,0.2418011157480,-0.2223409003997,-0.2006560669667,-0.3001645809295,0.6459856365529,0.4635179221399,0.0385964921670,0.2645826242685,0.3909750837298,1.0000000000000,0.4698693359125,0.9046944138441,0.2359571257386,0.0836181447922,0.1931471478742,0.4101275567171,0.4604019639706,0.0511651624468,0.5985389175910,-0.2861026137269,-0.2510454583358,0.1437107143906,0.0975121326523,-0.0338210145850,0.4565712918283,0.2669666588511,0.2554848406655,0.2442263171284,-0.3934688265900,-0.2774609771147,-0.2481319227507,-0.2980178724393,0.2543726939115,-0.0202842402719,-0.1511730775154,0.3081745144832,-0.2530503956094,-0.3574461741185,-0.3177304407512,0.5078151403105,0.1839449228201,-0.1100154958686,0.0419229603554,0.4209007920757,0.4547028233456,0.4469247250105,0.6262848815949,0.2298593050191,0.0296334377210,-0.1001635417024,0.4100844721413,0.1838695742382,-0.2499921108103,0.0829513743324,-0.3082530119502,-0.1505045712141,-0.0017735035724,0.0267009389782
0.2782523610039,0.6872777205794,-0.0782954227858,0.7272523931847,0.2609718917392,-0.3398752331838,-0.3281943834257,0.2550399349845,-0.5863283460763,0.4568458032591,-0.2749744270282,-0.3185872964224,0.1077207391899,-0.3832347240277,-0.3376310685553,-0.3855538692734,0.3466837055554,0.4549973608430,-0.1650755231919,0.2608395741165,0.2139328146696,0.4698693359125,1.0000000000000,0.3792972911734,0.5269462922854,0.3142475713421,-0.0054077356700,-0.0283068412196,0.4409187280847,0.1472484937528,0.5705617164639,0.1137651182916,-0.2384614129283,0.1492467727761,0.2017410649724,0.1743375347639,0.7720352298253,-0.1989548575326,0.6637480807901,0.1359278945547,-0.4891340209835,-0.5039152607400,0.3204901686365,-0.5421721828245,0.5442255085188,-0.3922350041706,-0.1694299980132,0.1891748614476,-0.3365789622564,-0.5064454864514,-0.3766017530311,0.3260357639243,0.2860348019593,-0.3105480436741,0.0317532527727,0.1503740099227,0.3589853747286,0.9449934527635,0.3110741984953,0.6496183411179,0.2090320970260,-0.2257771219748,0.0329979051752,0.2596700925394,-0.0717240629896,0.4629255158218,-0.0197717252849,-0.1460399856013,0.1355987212465,0.2291465083371
0.0410619046606,0.5913674430724,0.6360539442069,0.3614291544058,0.1128277335304,-0.4731378537484,-0.2455874383066,-0.0465200774731,-0.3353038428152,0.1641008518901,0.0260043163382,-0.2032245457608,0.1937243961983,-0.1450041752171,-0.2602106302892,-0.4383283985886,0.5825560408336,0.5834221566936,-0.0032647264328,0.3585560029730,0.3848153556541,0.9046944138441,0.3792972911734,1.0000000000000,0.1040141985601,0.1846844115598,0.2876642698070,0.5695660105690,0.2770335436418,0.0231769975035,0.5465364279706,-0.3719904669663,-0.2851149189190,0.0771171063827,0.1326303469143,0.0577140043199,0.5282777225078,0.3636407518791,0.2617940088434,0.1663028683740,-0.4646663676683,-0.3614173353004,-0.2849846524367,-0.3598660961813,0.1905362863031,-0.0758792971267,-0.0799850045573,0.2678559810589,-0.2225256515486,-0.3548884615352,-0.4693362155762,0.4784559228803,0.3349631930560,-0.1197135834057,0.1752290208645,0.4276098079468,0.4526627007091,0.3954891696614,0.7112162379539,0.0909516091674,0.1403379520723,0.0683774939165,0.5537964581551,0.0168359554731,-0.1844157573607,0.0810331367387,-0.4117325952831,-0.1444139305550,-0.0023859433409,0.0958256800110
0.5310344695601,0.2471082795254,-0.1897591838132,0.3599198499301,0.2887915017473,-0.1562323727513,-0.1520915619581,0.6422757945729,-0.4183978561520,0.5797509021726,-0.2210110780549,-0.2037256800222,0.1882491232288,-0.3434017599777,-0.1194485515462,-0.2292412409825,0.3460315056106,0.2134164073759,-0.1459974167905,0.1856550655547,0.3369949037453,0.2359571257386,0.5269462922854,0.1040141985601,1.0000000000000,0.2688023377873,-0.0674317398524,-0.1460940459673,0.7358380021930,0.2555658253877,0.5117392245813,0.3497160228313,-0.1092654999956,0.1515268627811,0.2581067061534,0.2761288660639,0.1964224156842,-0.4885462865025,0.3368704665612,0.2280689905390,-0.3753695276727,-0.4461731541881,0.4860357809485,-0.5256940646570,0.5119554212863,-0.4299252686349,-0.1945805426908,0.2148144916136,-0.2258479306702,-0.4987691916963,-0.2717022996912,0.4387722638149,0.0307535580127,-0.4530532745122,-0.2235907844326,0.1326099408794,0.1872130745283,0.5079448610153,-0.0434501322671,0.8829338359908,0.1736572962369,-0.3035650477797,-0.2741263299375,0.4524318524272,-0.1255116246285,0.3637752743408,0.1169261536111,-0.2096029361907,-0.0733479944036,0.0851558931077
0.3225310955356,0.5023637938737,0.0894838749408,0.5193559932197,0.1422917292234,-0.1262862239651,-0.1431526937808,0.2404147145217,-0.3272869796146,0.2762168726356,-0.1820160152189,0.1657213973424,0.0453161583621,0.1116474512871,0.0667405833239,-0.1601469637646,0.0694554772325,0.3814773007645,0.0754337324022,0.6433948956716,0.1206106503845,0.0836181447922,0.3142475713421,0.1846844115598,0.2688023377873,1.0000000000000,0.3155174937636,0.0939412657471,0.1116210017701,0.4083288910036,0.2943315652442,0.3044869184609,0.0519181946658,0.3147492336289,0.5671170943565,0.2687177469986,0.2973382566300,-0.3469659048437,0.5182551107941,0.0294960329028,-0.2920932700119,-0.3630668804890,0.0832406692015,-0.4186413131504,0.2144606094444,-0.4362539797274,0.2815164060490,0.0306683888944,0.2410084172942,-0.1890944353873,-0.1922479117734,0.1124260058640,0.2111925408640,-0.2535743927835,0.0980289771572,0.0553141401679,0.0260046072467,0.2767704657153,-0.0167902477971,0.2467536578039,0.7700219747407,0.0475606964108,0.0238488978410,-0.0820740704034,0.1424488308888,0.0933358231715,0.2246086438362,-0.0335742388713,0.2495035762720,0.4795191304947
-0.1443660381688,0.2692325137657,0.4447687612512,0.0387373485742,-0.0262215240421,0.0011742879868,-0.1065229432656,0.1230745662141,0.0431986370641,-0.1667459178563,0.0034048833126,0.3029629096973,-0.1559460140452,0.2478445555394,0.0082914207448,-0.1648109722610,-0.0338266711258,0.3299962554639,0.4231461650924,0.3641821589128,-0.0468402742896,0.1931471478742,-0.0054077356700,0.2876642698070,-0.0674317398524,0.3155174937636,1.0000000000000,0.6172853890919,0.0602793140751,0.0142878788914,0.1537731251894,-0.0467618157135,0.0125795495353,0.1227669905348,0.1084325637716,-0.1599448369608,0.1989439149923,0.0434913092413,-0.1042108608585,0.0158055066816,-0.0023440689746,-0.1616541024893,-0.0075872499289,0.0251286781101,-0.1560730349589,-0.0757274196756,0.0316398024088,-0.1712208582459,0.1235753526272,-0.1137079757535,-0.2116137247256,-0.0643742496485,0.1151571669861,-0.0138438975500,0.0580458177641,-0.0143019338677,-0.0257836743400,-0.0389648771285,0.0437573481824,-0.1207789813753,0.0841249103631,0.5340385917160,0.4656791486861,-0.1064255519031,-0.2485512054016,-0.0188169072688,0.0855514113141,-0.1805773566765,0.1812170460134,0.0039232437598
-0.1986465463467,0.3258370708118,0.7796502741687,0.0026453764700,-0.0407576239635,-0.1475978176773,-0.2169223332617,-0.1460364244863,0.0505420925480,-0.2065888667781,-0.1397843601818,0.2309413169717,-0.1992536624013,0.2378121201682,-0.0396412637357,-0.2163682570877,0.1662365796405,0.1517151895948,0.3783535095266,0.0672561103969,-0.0491416061466,0.4101275567171,-0.0283068412196,0.5695660105690,-0.1460940459673,0.0939412657471,0.6172853890919,1.0000000000000,0.0666509576534,-0.1285497122724,-0.0044679523080,-0.2414759810555,-0.0146323904516,-0.0754927551085,-0.1889576853582,-0.1914721984527,0.2242041900208,0.4762023177289,-0.1676307152806,-0.0027272435495,-0.0572036360677,-0.1506410683970,-0.1813724546245,0.0333773662747,-0.2007446654075,-0.0068046974974,0.0209483136656,-0.1793301161086,0.0285607138661,-0.0909799641862,-0.3007301197773,0.1230931966340,0.0593172556729,0.1070473543366,0.0188843043278,0.0221288373850,0.2044215058326,-0.0288150348237,0.3944042930273,-0.1073532097907,-0.0398761263172,0.4134645225212,0.8736846948659,0.0379639145547,-0.2393761319803,-0.1205216479470,-0.1928719483698,0.0216974158660,-0.0415975763977,-0.1837240737234
0.2573946382321,0.1666591539731,0.0616919906354,0.2309624706219,0.3087017464352,-0.0879401030696,-0.1544723823920,0.5684983468331,-0.2929162964012,0.2654859786183,-0.1342729996810,-0.0856378968599,0.0921993692254,-0.2639063325284,-0.1266065470690,-0.1930775167598,0.2960565781034,0.1111025266687,0.0044903868573,0.1102116157394,0.1894229027314,0.4604019639706,0.4409187280847,0.2770335436418,0.7358380021930,0.1116210017701,0.0602793140751,0.0666509576534,1.0000000000000,0.1405999815062,0.4312561021979,0.4074199080032,-0.1062311909126,0.1323285339050,0.0601144259436,-0.1152977178022,0.1252625642212,-0.3025577863448,0.1315439362926,0.2127703143427,-0.2383652698380,-0.3193038702161,0.3761441534429,-0.3255055690557,0.2774593951139,-0.2535780754584,-0.2101110496369,0.1194019935942,-0.2610080526303,-0.4534385210607,-0.1510127266673,0.3362771047730,-0.2155014168049,-0.2349205798878,-0.3949695605992,0.0396418936345,0.1739367533743,0.3834525871896,-0.0254012408146,0.6566640894088,-0.0792279950649,-0.3122211747391,-0.0270498101443,0.7317936846989,-0.2855105702826,0.2204920504798,0.1926436375723,-0.2115634862018,-0.0556983692164,-0.1401459743716
0.5858751147466,0.0730152877247,-0.0924024456837,0.3121138787335,0.1898144602849,0.0966377655018,0.1665498332819,0.3755869810381,-0.0772767600675,0.3513856112495,0.1171369428625,0.2288845749739,0.2572248965154,0.2182745662918,0.5479224632302,0.1964968300111,0.0039013024038,0.2360361034595,0.2708941800770,0.5247702508963,0.1662746982804,0.0511651624468,0.1472484937528,0.0231769975035,0.2555658253877,0.4083288910036,0.0142878788914,-0.1285497122724,0.1405999815062,1.0000000000000,0.2491275116102,0.2367619828340,0.3060256781976,0.6684437244327,0.4989151459679,0.1885143657294,-0.0440135570584,-0.2744794453156,0.2360898176444,0.0130834412489,-0.0880643165389,-0.1184721417090,-0.0576204306958,-0.2341189887749,0.2243506325239,-0.2346439298080,0.1682851588591,0.1970012767940,0.3026000266445,-0.0189161744333,0.0985081006291,-0.0076829958045,-0.1665111676663,-0.1208551051447,-0.1519826622582,0.0439761440904,-0.1363192802819,0.0831274017457,-0.1778645390056,0.2119525361700,0.1804486902979,-0.3508168307461,-0.1913147933689,-0.0563674170902,0.2879528852736,-0.1908206748765,0.1808623048046,0.0751156180891,0.1406906940191,0.2295630777300
0.4483172163398,0.4650552540856,0.0173426946698,0.4740505555736,0.1586904240367,-0.3341677805492,-0.1732009929061,0.5503693613897,-0.4558540802156,0.3592395209441,0.0225595085639,-0.3144014357277,0.2489285933201,-0.4112091531025,-0.2525633890064,-0.3741680524127,0.4602740314934,0.6808684403925,-0.1003920751500,0.5027627136697,0.4094400992040,0.5985389175910,0.5705617164639,0.5465364279706,0.5117392245813,0.2943315652442,0.1537731251894,-0.0044679523080,0.4312561021979,0.2491275116102,1.0000000000000,-0.0648549575460,-0.2616239348001,0.2685583791597,0.4908184223061,0.2961959825548,0.4803056685244,-0.2601896375357,0.4765867941389,0.0749924519651,-0.4760394443474,-0.4880429037003,0.1041596385846,-0.5601504329568,0.3194775100599,-0.3447164041951,-0.2062823447473,0.2828780020811,-0.3441185485228,-0.5777434163853,-0.4508609921917,0.3993601188525,0.4158392897174,-0.4069240176959,0.1234155341589,0.2863054511122,0.2958840036343,0.5502742754642,0.3063351717705,0.4131342160070,0.2745567073610,-0.1256301593890,-0.1331537801163,0.0407609150029,-0.1557204529317,0.4481529003172,-0.1780470510803,-0.3657416515787,0.0329921861102,0.3623130918941
0.1797606003323,-0.1140382252693,-0.4121260700592,-0.0365106742921,-0.0386654260014,0.3306418383476,-0.0869741172865,0.3525262229756,-0.1334863962444,0.0380275355481,-0.3533240103642,0.1079554277889,-0.2212565523998,0.0505394518603,0.0852067373975,0.0518917024085,-0.2119291562460,-0.1794829320405,-0.0487255635362,0.0643125258750,-0.2396262490594,-0.2861026137269,0.1137651182916,-0.3719904669663,0.3497160228313,0.3044869184609,-0.0467618157135,-0.2414759810555,0.4074199080032,0.2367619828340,-0.0648549575460,1.0000000000000,0.1648867936533,0.0393381460097,0.1634419477674,-0.0513429418407,-0.1393105622877,-0.6229019290143,-0.0019007992155,-0.1332847591822,0.1595041107647,-0.1868040579297,0.4573367509363,-0.1167945987940,0.0130659786407,-0.4062700396935,-0.0329654481124,-0.1926170324329,0.0747583330329,-0.1015699920751,0.1507091809384,-0.0760200054406,-0.3004481437707,-0.2362362724706,-0.3624671077117,-0.3635489262035,-0.1517848682503,0.0673984685866,-0.4415616274322,0.3439498068295,0.0897881914182,-0.1651982514695,-0.2936473831807,0.4307799909744,0.0450651557334,0.1304044777750,0.7193156648880,0.0192217183027,0.0119702195534,0.0057295760813
0.0296632005804,-0.2200960890769,-0.0330003121400,-0.1345281716241,-0.0863935759664,0.5944209437203,0.3631843274131,0.0032275139186,0.4035955713889,-0.1367867440224,-0.1015365538238,0.2709100004810,-0.1195866451756,0.1996754314397,0.6421955765206,0.4578052749013,-0.1768172091905,-0.2155607651943,0.1932814450473,-0.1254590557472,-0.2958226033656,-0.2510454583358,-0.2384614129283,-0.2851149189190,-0.1092654999956,0.0519181946658,0.0125795495353,-0.0146323904516,-0.1062311909126,0.3060256781976,-0.2616239348001,0.1648867936533,1.0000000000000,-0.0288678146414,-0.0175479255627,-0.0789179811146,-0.3044420477666,-0.1604355030934,-0.1622643482406,-0.2034398619782,0.4432093360364,0.3006106874543,-0.1843334555529,0.2622457900720,-0.2751331469110,-0.0604029778348,0.0286332632936,-0.2332265982500,0.2574256296839,0.2855148932159,0.3587697741733,-0.1897393586133,-0.2387284736500,-0.0851291275536,-0.2602101306556,-0.3287241798512,-0.2848398418237,-0.2919872373690,-0.3581356170411,-0.0768801227072,-0.0730402167371,-0.1639001349690,-0.0744997906734,-0.1546065271367,0.0520300597468,-0.3246536094077,0.1695059668768,0.5736567842881,-0.1020144375626,-0.1772543107244
0.3174349135558,0.0819956917643,-0.0311686354182,0.3235440951376,0.3413450362765,-0.0257657904284,0.1172062906811,0.3279581036881,-0.0323032099412,0.3293397264005,0.3118294519003,0.1425309338232,0.1978728321150,0.1791095051801,0.2310835161412,0.1288621233811,0.0276104762101,0.1989876074046,0.2665889986797,0.4761186476483,0.1617326449044,0.1437107143906,0.1492467727761,0.0771171063827,0.1515268627811,0.3147492336289,0.1227669905348,-0.0754927551085,0.1323285339050,0.6684437244327,0.2685583791597,0.0393381460097,-0.0288678146414,1.0000000000000,0.4416756996783,0.0280257501053,-0.0447404772626,-0.1654743535565,0.2795760639096,0.2156636769467,-0.1261742522929,0.0003695268671,-0.1057593797885,-0.0731149990167,0.2620428857193,0.0084902634018,0.0931690261246,0.1360185067437,0.2312013594048,-0.0166259258586,0.1492970499717,-0.0263592210480,-0.1943931000865,0.0686382648427,-0.1057424174695,0.1458758526554,-0.0791711364004,0.0879927545381,-0.1005463645305,0.1120269474509,0.1494987460617,-0.2474482855586,-0.1457563431725,-0.0358486625775,0.2153943769454,-0.1701238282043,0.1388037569167,-0.1288712665314,0.4729795835455,0.2833474305360
