1.0000000000000,0.3396758756521,0.2065652346031,0.3677278729685,0.2242995329403,0.3079588374206,0.2296678735542,0.3152230426050,0.1108301887526,-0.0803940073968,0.1782249007623,0.1583063397006,0.2324420160223,-0.1173793269878,0.6792613797766,0.2179020995591,0.2780986069821,0.5814960724977,0.4049325493887,0.5147095484844,0.2841369646712,0.4895707616066,0.3761857628673,0.5280230802022,0.0034524038133,0.3185294596103,0.2356863721863,0.2852070563122,0.2903882882148,0.7107929572277,0.5116286221600,-0.0408257539872,0.0534256584828,0.4242367905128,0.5542738077693,0.6615101927094,0.0951397917672,-0.1647025237898,0.3188956987596,0.1502378403201,0.1439774347588,0.1633898760258,0.1144318337517,0.0706847236920,-0.0710400762339,-0.0105870224054,0.2433217657807,0.2046386130006,-0.2880368416725,0.3958612064125,0.1106770213063,0.3630402794768,0.2016862349102,-0.2254855193771,-0.0324604796808,0.1305108350819,0.2922279250452,0.2426590046497,0.3746048427180,0.0819903744403,0.1455486797442,-0.1683649148470,0.1460001421488,0.1569833005732,0.2988420581612,0.3015025906665,-0.1578265137141,0.3106699508422,0.4022148704847,0.4776854391428
0.3396758756521,1.0000000000000,0.1438039237929,0.4430104237789,0.3206495868060,0.1092644639580,0.1012962086600,0.1508443546218,-0.0166980694611,-0.0558352863699,0.0894469585294,-0.0548187767597,0.2493916742124,-0.0605974776714,0.0991330699329,0.1016409340424,0.3945574346371,0.6004845206021,0.0469524994819,0.3213331060959,0.3312721610992,0.4978266404526,0.6740883821504,0.5937729918869,0.1825485742198,0.6265004590392,0.4462473642579,0.2991885100550,0.2824933879407,0.5172689979186,0.5438613589409,0.1230286576752,-0.1518288842005,0.6182267817142,0.7106576362172,0.4532827785392,0.8001376815483,-0.1604423170225,0.5469245987283,0.2363463861613,0.1411438629542,-0.0009914762239,-0.0622945253352,-0.1411060808290,-0.1146919473511,-0.0973174088792,0.0387630689933,0.2929306952079,-0.2748307604793,-0.1457805343858,0.0954576490630,0.4719076055643,0.3580030716515,-0.4964226714884,0.0515381157153,0.2531747108159,0.3193923465961,0.7301610151790,0.4600484647815,0.1059529029704,0.3789627356946,-0.0505825995661,0.1815913886703,0.1112151747359,0.2682546440247,0.4746954420656,-0.1999930992624,0.0569813952495,0.5195967837820,0.7115021852004
0.2065652346031,0.1438039237929,1.0000000000000,0.3827757595347,0.1005849777665,0.3372522302919,0.1214777995336,0.7008598573910,0.2363113977468,0.3585631200512,0.0379554799293,0.1634524729267,0.1942306933476,0.1218407545512,0.4710827412105,0.2967812381210,0.1579520788474,0.5246586999406,0.4612611373170,0.3857630285231,0.2536102138189,0.2586882302409,0.2369850197772,0.3670018733244,0.3413728908256,0.2929559911165,0.6627685373437,0.7560798833226,0.2344055137728,0.1329912746542,0.4503941306239,0.2359241108477,0.0611071953969,0.0673390345401,0.2834809697113,-0.1129121273944,0.0716784722897,0.3205482746348,0.2800379151306,-0.0088922737786,0.1389571024078,0.0543342828939,0.3419467809633,0.0172244551092,0.2465876354174,-0.1139655970780,0.1489111909221,0.0900840817254,-0.1200240877470,-0.0506252923306,0.1683420354484,0.2172472813186,-0.0406398140838,-0.1856197779591,-0.3234850412811,0.2078560785231,0.0626938817663,0.0062888530060,0.0240779027783,0.2605287481898,0.2482530200385,0.1288694574454,0.5861784498232,-0.0355497213883,-0.3340833340220,-0.1306584352064,0.0458212621353,-0.0458279940902,-0.0285979356318,0.0671310250040
0.3677278729685,0.4430104237789,0.3827757595347,1.0000000000000,0.1756547574909,0.3348677116631,0.2017460983399,0.4657947667029,0.2757377508407,0.3197562314940,0.1336152173224,0.0738787226942,0.2264337156535,0.0646189682696,0.4240170692427,0.2903308951005,0.3186535139749,0.5485573390303,0.2024306292728,0.3681921396884,0.3043686652771,0.4128008153182,0.6668731903214,0.4398347016432,0.4585585717168,0.5484048562339,0.5604091413986,0.3374915486431,0.3100301626328,0.3974053418450,0.4628904399664,0.2005902518545,0.0265059335242,0.3344714377721,0.5558886561069,0.1883326367994,0.3262944932774,0.2067944248431,0.7584327958672,0.1688076140945,0.1806364769563,0.1855435372109,0.3614278011967,0.0780991611055,0.3065588039936,-0.0925299810214,0.2180205444021,0.1646133074813,-0.2038793376596,0.1087097859921,0.1972977971284,0.5119133543474,0.2148717520588,-0.3415882522245,-0.1913977910326,0.2252103584383,0.2178973755653,0.5241214742239,0.2708264426666,0.4808912052878,0.2859137445376,0.2408562283323,0.4553798934817,0.1788887190093,0.0139426871775,0.2795445002565,-0.0957563946100,0.0645648928758,0.1870966830114,0.5147828097853
0.2242995329403,0.3206495868060,0.1005849777665,0.1756547574909,1.0000000000000,0.0315281168859,0.3216778320810,0.1780315766126,0.0065270298543,0.2105139192599,0.4306055197654,-0.0477989871176,0.7742607595613,0.0985079174330,0.0762179541333,0.1665978463908,0.1405754073271,0.2042767619982,0.0091916243267,0.1309537224887,0.7035433048432,0.3243996097160,0.1984520005995,0.2108676412776,0.4939411373150,0.2477935364189,0.1128307358917,0.1917356822754,0.5746686399181,0.2777645181594,0.1277909754884,0.1482027019297,-0.1534731956715,0.3854448317713,0.2100262716405,0.1920550648076,0.1114838638709,-0.2533615058966,0.1823164469081,0.9131819657603,-0.0645238113911,0.1448592640764,-0.0939743449864,-0.1836483552390,0.1814178113255,0.2922291951157,-0.1153134984471,0.7891581646280,-0.1564528395449,-0.1106419825856,0.0696879934755,0.1032712736426,-0.1128412722167,-0.2890586124994,-0.2697110627962,0.6732199015852,0.3437279343824,0.1173991100793,0.1772287909941,0.3752448564571,0.1094388217719,-0.2671771864679,-0.1170644950124,0.4851856627129,0.1243884540542,-0.1300042970427,-0.0143285031091,-0.0785044404721,0.3402096191574,0.1211570784520
0.3079588374206,0.1092644639580,0.3372522302919,0.3348677116631,0.0315281168859,1.0000000000000,0.2948138357968,0.2805773440616,0.5580093850638,0.0536813180923,0.2482088377676,0.3878421003209,0.0577952437336,0.1243211413791,0.4994433551303,0.4519301909712,0.0672098183770,0.3283079946221,0.2685480366131,0.2385378017675,0.1413195377343,0.2435967888239,0.1890397886810,0.2901116350073,0.0242628382747,0.2397070573772,0.4479412264913,0.3789185331457,0.1434991919075,0.3630127961273,0.3256281859341,-0.0343024112741,0.6030299989014,0.2029847148390,0.3840165232726,0.0662300154462,-0.0338249452624,0.0438331178201,0.2615190501201,-0.0267113228898,0.5378386817010,0.3809714458539,0.0660059498479,0.4997386507738,-0.0010598988963,0.0754919781494,0.4525006041211,0.0620434852844,0.0610252934260,0.3015515526655,0.4110863005742,0.1791801601594,-0.0424455443460,-0.0850215045788,-0.1920945149307,0.0837788461175,0.0309402556618,0.0828947215414,0.0850071104016,0.0241427537144,0.1339226743127,0.1459948010140,0.4007074586998,-0.0221080190247,-0.0290288652048,0.0403152656968,-0.1234632161031,0.4711915223176,0.1082206363731,0.2760474768894
0.2296678735542,0.1012962086600,0.1214777995336,0.2017460983399,0.3216778320810,0.2948138357968,1.0000000000000,0.0632786699268,0.6194445740440,-0.0033442856927,0.7416470799328,0.1161226880708,0.5886133195742,0.0665262210428,0.2990958658429,0.3665612175184,-0.0778383277598,0.2067516702108,0.1383616458641,0.2219914823703,0.2095934696610,-0.0474950496392,0.0148589116335,0.0092477127996,0.2537164855533,0.1405397678535,0.2962102264667,0.1622593469041,0.4331446799272,0.3007577978357,0.1059953289300,-0.0468045897199,0.2230615789153,-0.0590011721096,0.2028382379074,0.0825346764746,-0.0525046131667,-0.1248479558476,0.0811725759523,0.3133257470803,0.3008062879999,0.8203272411019,-0.1777697444084,0.2323638641749,-0.0552788573457,0.6169633584809,0.1755956635409,0.5070258596315,-0.1787957548090,0.0961607559605,0.2635522255331,-0.0826329149699,-0.1651614001251,-0.2893922600764,-0.2682574809557,0.1885576017277,-0.1920890038755,-0.0626663215320,-0.1079302034720,0.0272702205221,-0.1102131366008,-0.1062827014105,0.0149277439848,0.4023627566490,0.1350399599488,-0.0963844916363,-0.2506702859484,0.2928413052331,-0.0621749125862,0.1111129187482
0.3152230426050,0.1508443546218,0.7008598573910,0.4657947667029,0.1780315766126,0.2805773440616,0.0632786699268,1.0000000000000,0.1290889961134,0.5285743210876,0.0313668399096,0.1575263964452,0.2076483364467,0.2222807981745,0.6107881608534,0.4006333960060,0.1149295117194,0.5267519249766,0.5278266575721,0.3647095077729,0.3479767033763,0.2984872831251,0.3073125474252,0.2988483033479,0.4629058249058,0.4056650215154,0.4486729946208,0.5687869470967,0.2110956957236,0.2166059297565,0.4148889750281,0.3231645465000,-0.0903458107750,0.2128775091376,0.3365691577198,-0.0301138681976,-0.0151107753223,0.1578986615297,0.3923257891227,0.0958960988869,0.0671892281876,0.0224295436600,0.6052815411000,-0.1110421387535,0.5592808009733,-0.1511119334368,0.1837938660517,0.1291548576724,-0.0079805935537,0.1229582757835,0.2896012999919,0.2602034330891,0.0306602833232,-0.1034551077759,-0.3050500642264,0.3165510714010,0.0636702137197,0.0616142684977,-0.0605445674870,0.5072969731969,0.3883990185855,-0.0044698678831,0.4527814608146,0.0153024282292,-0.3393148528644,-0.1310333299623,0.1981306911795,-0.0907592750159,0.0770641027406,0.1229190052475
0.1108301887526,-0.0166980694611,0.2363113977468,0.2757377508407,0.0065270298543,0.5580093850638,0.6194445740440,0.1290889961134,1.0000000000000,-0.0915243988473,0.4900645905752,0.2933004288951,0.1498666710289,0.0496706400559,0.3298695997127,0.2888952384961,-0.0442632106534,0.1927237484833,0.1361719098299,0.1552259990066,0.0074711734418,0.0357310562476,-0.0516594439625,0.1178498825382,0.0687855674165,0.0405894855430,0.4474471940991,0.1381765632219,0.3959507286297,0.1667039822357,0.2670599702040,-0.1196749016283,0.4554238247781,-0.0610876526029,0.1633156369582,-0.1060477590330,-0.1767798804142,0.0860330514002,0.0978813693854,-0.0452443944962,0.5055038358062,0.7146478848994,0.0186772139567,0.6256585326711,-0.1437875132998,0.3782343385975,0.3886595419007,0.0750600216137,-0.0711983507569,0.1304105136586,0.3320464928906,-0.0027908387652,-0.0904552953614,-0.2040528544872,-0.1810688020025,-0.0299266762493,-0.1221128966187,-0.1721341005959,-0.0822775258924,-0.0618126574038,-0.1016627253839,0.1442411186198,0.1744995559814,0.3083784930140,-0.0670283787018,0.0141972395489,-0.2566330494175,0.3050581222592,-0.1622293834563,0.0932111671499
-0.0803940073968,-0.0558352863699,0.3585631200512,0.3197562314940,0.2105139192599,0.0536813180923,-0.0033442856927,0.5285743210876,-0.0915243988473,1.0000000000000,-0.0188488803048,-0.0721072948430,0.2367105040858,0.5542642234076,0.1802610028026,0.3349747026425,0.0260942612886,-0.0077933979745,0.1140320376863,-0.1096336621170,0.2846608850916,0.0608180984634,0.1769942347579,-0.0728908193066,0.6470627088260,0.3726789977198,0.1166994400830,0.4264059245220,-0.0054631180223,-0.1073807706411,-0.1649731621112,0.5745092410390,-0.1146595049107,-0.0249370739687,-0.0385948821171,-0.2964266608547,-0.0889831252807,0.0437146905475,0.3205794380151,0.2042100140385,-0.1744359655895,-0.0698821670952,0.2610787934270,-0.3326111449786,0.9003326991850,-0.0824552722061,-0.1280531840982,0.1393770760463,0.3238135703091,-0.0867391188078,0.1724857513670,0.0952899804812,-0.2894746917692,-0.0406876703708,-0.4011956768735,0.3533225267662,0.0422531370003,0.0022008622753,-0.1787912545080,0.6385733969739,0.4386893488157,-0.0112461024861,0.3422425817443,-0.0992803222784,-0.3548835700981,-0.5090997438697,0.4993203864592,-0.3310918109380,-0.0759428616685,-0.1768473505663
0.1782249007623,0.0894469585294,0.0379554799293,0.1336152173224,0.4306055197654,0.2482088377676,0.7416470799328,0.0313668399096,0.4900645905752,-0.0188488803048,1.0000000000000,0.0420239789166,0.5652060109882,-0.0008805485672,0.1491091637827,0.0673921313010,0.0098527758128,0.1218404796492,-0.0214543942713,0.0931657747878,0.3139665138434,0.0419786219575,-0.0107569839560,0.0133960667534,0.3246730922975,0.0531052431454,0.2685903065768,0.0602471858685,0.5713045427473,0.1744629125132,0.1146159581596,-0.1099132103017,0.1590913570620,0.0204665202257,0.1313502877908,-0.0290794803092,-0.1208387919482,-0.1764024679217,-0.0203948544693,0.5061502322622,0.2131253423401,0.6097587038274,-0.1270923682929,0.1465324042192,-0.0734462368405,0.8666066473138,0.0100796112711,0.5447023696056,-0.2100172502396,-0.0350273873383,0.0065702675316,-0.0615721165628,-0.2059548243652,-0.3245779157569,-0.2647997644191,0.3383947210115,-0.0898946087829,-0.0738881053363,-0.1467698295001,0.1357595797326,-0.1455420926401,-0.0607389501894,-0.1046753509800,0.5396910024665,-0.0430824168314,-0.1302810447707,-0.2695953039855,0.1872087271946,-0.0906186820836,0.0071949470015
0.1583063397006,-0.0548187767597,0.1634524729267,0.0738787226942,-0.0477989871176,0.3878421003209,0.1161226880708,0.1575263964452,0.2933004288951,-0.0721072948430,0.0420239789166,1.0000000000000,0.0207968514131,0.4186319779141,0.3542231805904,0.3004578183726,-0.1310400709717,0.1955951305072,0.4251176610196,0.3301823345730,0.1316132710171,0.0324522373623,-0.0155252897389,0.0443903887270,-0.1723831629197,0.1312090981183,0.2494835782397,0.0790845952987,-0.1004496328556,0.3055876617377,0.1302253441340,-0.0900354417586,0.3702138784917,0.1398724342165,0.2554328737260,0.0370543767288,-0.1157944001323,-0.0790437717011,0.0354865555607,-0.0829125921171,0.2911862564313,0.1389768185167,-0.1300982935162,0.3110703894715,-0.1452457569131,0.0213426865396,0.7390758761797,0.0453609733066,0.4740384149878,0.2707981755405,0.2721254864394,-0.0611137703687,-0.1022136514618,0.2807403643547,0.0292569160133,0.0820298876527,-0.0743382483454,-0.0763307315974,-0.1268596124592,-0.2573398305921,0.1478512440253,0.0514002877474,0.0101580049767,-0.1218489617551,0.1438409270718,-0.0628936328322,-0.1716328925014,0.4690423304300,0.1763182140595,0.2234727450501
0.2324420160223,0.2493916742124,0.1942306933476,0.2264337156535,0.7742607595613,0.0577952437336,0.5886133195742,0.2076483364467,0.1498666710289,0.2367105040858,0.5652060109882,0.0207968514131,1.0000000000000,0.1265786011427,0.1878508512570,0.2811404237910,0.0354978997246,0.2549227726040,0.0970117494009,0.2063865831760,0.7586511198881,0.1786471103858,0.2053305600602,0.1210346121173,0.4792603827201,0.3017835245801,0.2434870499148,0.2434309944235,0.5286962304127,0.2877861248061,0.1570818270744,0.1373440796820,-0.0959816192159,0.2011040751404,0.2693402967198,0.0961830794373,0.1418896130582,-0.2070189187634,0.2174730491574,0.7702437612605,-0.0358189130200,0.2879463166391,-0.0882274235040,-0.1741801296567,0.1753894524691,0.4022684216914,-0.0512451743764,0.8861253215806,-0.1479329642503,-0.0585401678544,0.0924622768548,0.0550270729648,-0.1605168865441,-0.2856838323388,-0.3007181573136,0.7613675330255,0.0976679952793,0.0924177997137,-0.0029600930022,0.3017332079818,0.1136378746888,-0.1876265286120,-0.0465516731162,0.4477969490695,0.0737778575145,-0.1752715771532,-0.0214927585400,-0.0373543455884,0.1928209957900,0.1135140158602
-0.1173793269878,-0.0605974776714,0.1218407545512,0.0646189682696,0.0985079174330,0.1243211413791,0.0665262210428,0.2222807981745,0.0496706400559,0.5542642234076,-0.0008805485672,0.4186319779141,0.1265786011427,1.0000000000000,0.2140566447331,0.3879307288334,-0.0246555527924,-0.1598968368058,0.1936763846125,-0.0640316081926,0.2051501360317,-0.0680590976155,-0.0042951634805,-0.1998185437846,0.3044950217423,0.3869548498401,0.0595605386552,0.2472658056629,-0.1540387053907,0.0463547726602,-0.2836406070511,0.6190490752520,0.1331571662032,0.0029757980801,-0.0386528264672,-0.2011069254658,-0.1190085950727,-0.0930885646211,0.1442177485924,0.0642655238693,0.0081869461424,0.0177197089768,-0.0735424381680,-0.0396776668655,0.4549941694577,-0.0124145236084,0.1753688454673,0.0816676344215,0.7492078210049,0.0796235487704,0.3146070161875,-0.0139046091958,-0.4362090360451,0.1042789108420,-0.3232718674116,0.2225575091807,-0.0400123144802,-0.0816088339141,-0.1928398897053,0.2273489986556,0.4412012919723,-0.0626982009366,0.1640880310621,-0.1545222080499,-0.0996433094802,-0.4569802044330,0.4059132834638,-0.0501193018619,0.0671348983389,-0.0722948118563
0.6792613797766,0.0991330699329,0.4710827412105,0.4240170692427,0.0762179541333,0.4994433551303,0.2990958658429,0.6107881608534,0.3298695997127,0.1802610028026,0.1491091637827,0.3542231805904,0.1878508512570,0.2140566447331,1.0000000000000,0.4992182527133,0.1685130683236,0.5068659607471,0.7292212197931,0.5550290587003,0.2562072851717,0.3459080589627,0.2965344671103,0.3448791842958,0.1045434736941,0.3361735711716,0.3685473955367,0.4753588630757,0.1595653564584,0.6050406584771,0.4130154162606,0.1409694347470,0.2844204620384,0.2316841138895,0.4437484767910,0.3186542121755,-0.0939669497185,0.0309756276847,0.3288133160585,0.0067663926549,0.2659515315641,0.2619817363827,0.3199659309415,0.2041025103175,0.2117068896093,-0.0784262756273,0.4055914931886,0.1120353944200,-0.0693766083063,0.5424538506110,0.3847461408286,0.2835911212784,0.0053021331361,-0.0456735577717,-0.2683223166506,0.1219671964362,0.0893318196240,0.0826735147732,0.1282839154483,0.2101394293703,0.1928370569416,-0.0629869381711,0.3978819130245,0.0081204973713,0.0447573838216,0.0339476077221,0.0115522147509,0.3658987763731,0.1811844395078,0.2968224335185
0.2179020995591,0.1016409340424,0.2967812381210,0.2903308951005,0.1665978463908,0.4519301909712,0.3665612175184,0.4006333960060,0.2888952384961,0.3349747026425,0.0673921313010,0.3004578183726,0.2811404237910,0.3879307288334,0.4992182527133,1.0000000000000,0.0774533907889,0.2775486508413,0.3297268930313,0.2192490435314,0.3465209141725,0.1601235409230,0.2842203921851,0.1812770271233,0.2295041978405,0.3861247656135,0.2997475903687,0.3560196786093,-0.0113550549301,0.4495950130997,0.1097469755786,0.2354883617522,0.3824227633726,0.1422960892617,0.3530831892845,0.1543955867324,0.0598195787840,0.0132955399059,0.3109902177516,0.0594744842152,0.2662739195957,0.2585590651409,0.0580139229141,0.2043198231447,0.3319618971915,-0.1324418383643,0.2906899926164,0.2427297862096,0.2113081865703,0.3390576687275,0.7449990659657,0.2067211057007,-0.0421308885694,-0.0447897194759,-0.1655430541209,0.2637448632992,-0.0359421953739,0.1314165716381,0.0565267942675,0.2172742949182,0.2883642861553,-0.0453817114785,0.3247482908842,-0.1324783647824,0.1443218744208,-0.0994667470096,0.1085898852917,0.2806020490773,0.2105190204401,0.2587103871629
0.2780986069821,0.3945574346371,0.1579520788474,0.3186535139749,0.1405754073271,0.0672098183770,-0.0778383277598,0.1149295117194,-0.0442632106534,0.0260942612886,0.0098527758128,-0.1310400709717,0.0354978997246,-0.0246555527924,0.1685130683236,0.0774533907889,1.0000000000000,0.2932431307419,0.0166698590103,0.1597204737656,0.1146186027755,0.6712087698936,0.6065394989941,0.6179723606834,0.1151100978312,0.2593530324703,0.1898449486949,0.3217397391922,0.2730696856120,0.4091861065230,0.3711678772689,0.1006638086541,0.0288167406410,0.3669361226434,0.3625425826377,0.2500652084581,0.3173309060970,0.0449532793008,0.2839550520944,0.0992889839581,0.0220335579898,-0.1567352864102,0.0283380776020,-0.0858896149483,0.0492640404351,-0.1775517576084,-0.0992338840663,0.0521091056592,-0.2318356395541,-0.0606672778749,0.0128574290149,0.8417949758796,0.1628978317890,-0.3576814927380,-0.0995003141792,0.0836564933453,0.5697854192375,0.5176300522615,0.6848906681867,0.2290065658345,0.0986964666790,-0.0112665714205,0.2628005239400,0.1613989596935,0.1872450556814,0.2846821050409,-0.1308377287536,0.0547041853398,0.3317237605197,0.3258770593486
0.5814960724977,0.6004845206021,0.5246586999406,0.5485573390303,0.2042767619982,0.3283079946221,0.2067516702108,0.5267519249766,0.1927237484833,-0.0077933979745,0.1218404796492,0.1955951305072,0.2549227726040,-0.1598968368058,0.5068659607471,0.2775486508413,0.2932431307419,1.0000000000000,0.5012537285583,0.7755658318162,0.3161561797382,0.4694047803444,0.5899696682796,0.7057584859882,0.1455966042585,0.4797634646423,0.6822603291319,0.5058137685016,0.3036028694233,0.6069526490918,0.7201296640509,-0.0026547037035,-0.0057529784283,0.5140413191843,0.7696400266917,0.4131013774825,0.4318128789999,0.0440497925922,0.5210126798288,0.1013665472562,0.2604435195940,0.1278408950800,0.2045893397656,0.0371868302481,-0.0454402536488,-0.1071461167958,0.3031628485479,0.2220651865052,-0.3734993688915,0.0817429150614,0.1949614803113,0.4196193964385,0.4527626387744,-0.3175076788704,0.0724549319526,0.2298013835241,0.1713054927360,0.4526409426342,0.3306343591438,0.0854137823352,0.2479243725487,0.0959871172876,0.3210577513295,0.0244961349355,0.1274968573648,0.3633781133962,-0.2612027788264,0.1978762472701,0.4007209525326,0.6558967909498
0.4049325493887,0.0469524994819,0.4612611373170,0.2024306292728,0.0091916243267,0.2685480366131,0.1383616458641,0.5278266575721,0.1361719098299,0.1140320376863,-0.0214543942713,0.4251176610196,0.0970117494009,0.1936763846125,0.7292212197931,0.3297268930313,0.0166698590103,0.5012537285583,1.0000000000000,0.7215102124056,0.1300039744500,0.1886059849966,0.1493800156883,0.2384288362464,-0.0961874663603,0.2340636905445,0.2682703931309,0.4817549535145,0.0032163539408,0.4465307831324,0.3032746427433,0.1479099723826,0.0565977152502,0.2339974421173,0.3600888173058,0.1914519766251,-0.0914300222683,0.0502295325981,0.1891255933062,-0.1032588028278,0.0973629519826,0.1168456820674,0.2011554532106,-0.0025678199318,0.0946883117578,-0.1445962592675,0.4458167015946,0.0569629110275,0.0136319442677,0.3754384134654,0.2330003053881,0.0809808753633,0.1383597057593,0.2666906978096,0.0067866991402,0.0683886321347,-0.0139735918050,-0.0625918048353,-0.0036674593256,-0.0352201794046,0.2077279993905,-0.1013263140699,0.3254992766072,-0.1020248735252,0.0534924346833,-0.0438992235996,0.0677228407985,0.2083915375538,0.1885682743008,0.2230667694791
0.5147095484844,0.3213331060959,0.3857630285231,0.3681921396884,0.1309537224887,0.2385378017675,0.2219914823703,0.3647095077729,0.1552259990066,-0.1096336621170,0.0931657747878,0.3301823345730,0.2063865831760,-0.0640316081926,0.5550290587003,0.2192490435314,0.1597204737656,0.7755658318162,0.7215102124056,1.0000000000000,0.1375874521688,0.2452362044549,0.3297173733590,0.4547828974489,-0.0095081473272,0.2466511463827,0.4644141185837,0.4244752542134,0.2159595923784,0.5788234727186,0.5195751096348,-0.0340824666588,0.0371825362873,0.4375635099366,0.5148691521566,0.3576124180203,0.1825053357081,0.1087465376202,0.2945211130804,0.0497230347688,0.1595081926098,0.1137998516432,0.0993539371690,0.0138506748008,-0.1503169859449,-0.0707367997241,0.3570170714516,0.1846579346391,-0.2499576794864,0.2229487816980,0.1016566577896,0.1735725047972,0.3477346823491,0.0117782009929,0.1551246684463,0.1247910126320,0.0620740340068,0.1801535075756,0.1949157039205,-0.0433240376382,0.0400391143381,0.0323702841871,0.2161311493685,0.0477859649046,0.2883796155343,0.2243168140677,-0.2540452284347,0.2355253510241,0.3770599948697,0.4667890140615
0.2841369646712,0.3312721610992,0.2536102138189,0.3043686652771,0.7035433048432,0.1413195377343,0.2095934696610,0.3479767033763,0.0074711734418,0.2846608850916,0.3139665138434,0.1316132710171,0.7586511198881,0.2051501360317,0.2562072851717,0.3465209141725,0.1146186027755,0.3161561797382,0.1300039744500,0.1375874521688,1.0000000000000,0.4112090925240,0.3642013765975,0.3043009158010,0.4001793108273,0.5029855593980,0.2700806444068,0.2213178027891,0.3701468006035,0.3442045905902,0.2356725695166,0.2490253297761,-0.0737014701733,0.3563799507495,0.4225926371190,0.1867838581824,0.2245783825154,-0.2250640434477,0.4209164673464,0.6641014642829,-0.0605549141667,-0.0038130354470,0.0765607988651,-0.1388303471641,0.2481753527761,0.1343442814453,0.0365246135065,0.7151740924088,0.0021527416246,0.0448593526255,0.2103866516760,0.2921993592530,-0.0631748453026,-0.2505427877629,-0.2558275058908,0.8700166172155,0.3065272274221,0.2522894961201,0.1524273779662,0.3264089108933,0.4524987082799,-0.1168763206628,0.0490240954271,0.2379620086993,-0.0156998788329,-0.0281542431415,0.1676753107033,-0.0677079481004,0.3393676389245,0.2874674770080
0.4895707616066,0.4978266404526,0.2586882302409,0.4128008153182,0.3243996097160,0.2435967888239,-0.0474950496392,0.2984872831251,0.0357310562476,0.0608180984634,0.0419786219575,0.0324522373623,0.1786471103858,-0.0680590976155,0.3459080589627,0.1601235409230,0.6712087698936,0.4694047803444,0.1886059849966,0.2452362044549,0.4112090925240,1.0000000000000,0.6054927040389,0.8380415552357,0.0457609153062,0.4550873694073,0.2449573731236,0.3344814529942,0.3907989366531,0.6124494699726,0.6210301872481,0.0872718704179,-0.0115104927798,0.6136065873989,0.6507250437442,0.4355956708350,0.3017655516532,-0.1506623174252,0.4596502899846,0.2267752212193,0.0688155800309,-0.1131040399145,0.0859014721174,-0.0394285760698,0.0393743284822,-0.1681198431026,0.1579557082874,0.2215580640100,-0.2338539052341,0.0642125559150,0.1146673284761,0.7476598647626,0.1963745457482,-0.3769998844491,-0.1751754824671,0.2971178879925,0.8311105483634,0.4721384706453,0.7459562493936,0.1740903299513,0.3441972280881,-0.1508044041741,0.2488281253614,0.2163202960921,0.2129660143688,0.3729782362495,-0.1019338331546,0.1700115458460,0.5423087747036,0.5616480392709
0.3761857628673,0.6740883821504,0.2369850197772,0.6668731903214,0.1984520005995,0.1890397886810,0.0148589116335,0.3073125474252,-0.0516594439625,0.1769942347579,-0.0107569839560,-0.0155252897389,0.2053305600602,-0.0042951634805,0.2965344671103,0.2842203921851,0.6065394989941,0.5899696682796,0.1493800156883,0.3297173733590,0.3642013765975,0.6054927040389,1.0000000000000,0.6524853444825,0.2519463855235,0.5962956544325,0.3982336976948,0.3686214989059,0.2194869907323,0.5803577398294,0.5371973786490,0.1380163665257,-0.0272609724940,0.4999401132573,0.7136038470859,0.3824385994886,0.6584455238865,0.0307110323684,0.6903135980526,0.1878202839719,0.0970397517516,-0.0879871873131,0.1699224202428,-0.1291408921101,0.1760986615153,-0.2641074666447,0.0919918912905,0.2333344419802,-0.2168379757496,0.0308334361260,0.1967536481986,0.7363427089084,0.3595987900469,-0.3674687699032,0.0020904821193,0.2943229894751,0.3565318635262,0.8591559694838,0.5532561159993,0.3395177200630,0.3896963974133,0.0777095068743,0.3814424087308,0.0508768054008,0.2390254984862,0.4416045825711,-0.0621484928587,0.1045093701233,0.4638325514195,0.6613741178606
0.5280230802022,0.5937729918869,0.3670018733244,0.4398347016432,0.2108676412776,0.2901116350073,0.0092477127996,0.2988483033479,0.1178498825382,-0.0728908193066,0.0133960667534,0.0443903887270,0.1210346121173,-0.1998185437846,0.3448791842958,0.1812770271233,0.6179723606834,0.7057584859882,0.2384288362464,0.4547828974489,0.3043009158010,0.8380415552357,0.6524853444825,1.0000000000000,-0.0261963334138,0.3968534292650,0.4288673351955,0.4198009727910,0.4014401347494,0.6317710198914,0.7705027338426,-0.0289324040009,0.0200770843939,0.5494843757885,0.7259141295469,0.4499922861229,0.4211306005855,-0.0274197696481,0.4675887589652,0.0953467529834,0.1567158189439,-0.0551714787530,0.1088261241833,0.0138660228773,-0.0978555984482,-0.2143025692511,0.2011634562895,0.1665806924869,-0.3366881505480,0.0255672644918,0.1183164013689,0.7048648952295,0.4146584518348,-0.3847828627553,0.0217122398022,0.2024825781582,0.5989106573857,0.5195602689421,0.7656123301993,0.0596539959797,0.2545802383184,-0.0200454630028,0.2910463959566,0.1345575358590,0.2356067787659,0.5101547761170,-0.2415617211372,0.2038069606079,0.4770167045338,0.6373406293665
0.0034524038133,0.1825485742198,0.3413728908256,0.4585585717168,0.4939411373150,0.0242628382747,0.2537164855533,0.4629058249058,0.0687855674165,0.6470627088260,0.3246730922975,-0.1723831629197,0.4792603827201,0.3044950217423,0.1045434736941,0.2295041978405,0.1151100978312,0.1455966042585,-0.0961874663603,-0.0095081473272,0.4001793108273,0.0457609153062,0.2519463855235,-0.0261963334138,1.0000000000000,0.3558269161283,0.3779810026254,0.2911454273705,0.4236608544229,-0.0209356808957,0.0228736457259,0.3482648525759,-0.1646688647985,0.0922161402138,0.0462984874276,-0.1774822621532,0.0959406228913,0.0644072734589,0.3683534252191,0.5155422469292,-0.0998190557125,0.1115032553942,0.2775769250536,-0.2167173219521,0.6035457641975,0.2053152265310,-0.2001378433640,0.3912741416046,-0.0222916278252,-0.1453157233091,0.0707802892150,0.1376083391729,-0.2089553262963,-0.3668860794027,-0.3990996977618,0.4807473495146,0.0335147027581,0.1652634515188,-0.1377309731630,0.8128126575487,0.2235915230783,0.0950052126422,0.1560055156293,0.2912217896241,-0.2193974790041,-0.2744535139405,0.1476623609428,-0.2751654245947,-0.0177692735404,-0.0560262210004
0.3185294596103,0.6265004590392,0.2929559911165,0.5484048562339,0.2477935364189,0.2397070573772,0.1405397678535,0.4056650215154,0.0405894855430,0.3726789977198,0.0531052431454,0.1312090981183,0.3017835245801,0.3869548498401,0.3361735711716,0.3861247656135,0.2593530324703,0.4797634646423,0.2340636905445,0.2466511463827,0.5029855593980,0.4550873694073,0.5962956544325,0.3968534292650,0.3558269161283,1.0000000000000,0.4995669752381,0.4139276515473,0.1318453413103,0.4651598279059,0.3861042749616,0.5653953311386,-0.1624069886559,0.4173660634477,0.6514864858364,0.3382413492188,0.5221879004306,-0.0867558249835,0.6972570890837,0.1873577948291,0.0258365956844,0.0033227388034,0.0940588394687,-0.0907729302005,0.2844933132430,-0.1459472585030,0.1280017614669,0.2990617043495,0.0673354351454,0.1069393942675,0.2723657008193,0.4999389523337,0.0760505878946,-0.3679130078288,-0.1935149874501,0.4041482566253,0.2614175137865,0.5605053127493,0.2706266469719,0.2915907559847,0.7641098616546,0.0428510626625,0.3880677163144,-0.0168760001443,0.0599541864957,0.2000549430462,0.1720427588775,-0.0626731102053,0.3855007702935,0.5969947729687
0.2356863721863,0.4462473642579,0.6627685373437,0.5604091413986,0.1128307358917,0.4479412264913,0.2962102264667,0.4486729946208,0.4474471940991,0.1166994400830,0.2685903065768,0.2494835782397,0.2434870499148,0.0595605386552,0.3685473955367,0.2997475903687,0.1898449486949,0.6822603291319,0.2682703931309,0.4644141185837,0.2700806444068,0.2449573731236,0.3982336976948,0.4288673351955,0.3779810026254,0.4995669752381,1.0000000000000,0.5157693616485,0.3244977171725,0.3426695852734,0.5661117844669,0.1047050466327,0.1608965819042,0.2361595418201,0.5553849529210,0.0823890902990,0.3453786626129,0.2260907879916,0.4332002487272,0.0410686687587,0.3470287688299,0.2293424054274,0.1738642843958,0.2323050508984,-0.0135218020602,0.0660255577726,0.2794636273092,0.1469681357433,-0.2107096002749,0.0119563329141,0.1898033867265,0.3268889292385,0.1337871390411,-0.3877910190105,-0.1213562990507,0.2023685769423,-0.0161728140355,0.3129549150693,0.0928108488798,0.1763274787028,0.2215070096161,0.4143772690029,0.4316527877683,0.0427479867501,-0.0871920112786,0.1714304014192,-0.2581531991919,0.1536853154762,0.1154895162832,0.4247500702482
0.2852070563122,0.2991885100550,0.7560798833226,0.3374915486431,0.1917356822754,0.3789185331457,0.1622593469041,0.5687869470967,0.1381765632219,0.4264059245220,0.0602471858685,0.0790845952987,0.2434309944235,0.2472658056629,0.4753588630757,0.3560196786093,0.3217397391922,0.5058137685016,0.4817549535145,0.4244752542134,0.2213178027891,0.3344814529942,0.3686214989059,0.4198009727910,0.2911454273705,0.4139276515473,0.5157693616485,1.0000000000000,0.1890749860307,0.3118834476835,0.3881923765994,0.3266591606798,0.1439487676524,0.2285839968023,0.3492533966441,0.0577568031059,0.1809365797319,0.1469706773668,0.3048756210432,0.0746137461261,0.1494384059114,0.0926080995337,0.1177974353857,-0.0812334465924,0.3148059576778,-0.0998495061146,0.1074283908402,0.1799342014976,-0.0986257240026,-0.0362241676210,0.2215693108774,0.3093186097311,-0.0529195210659,-0.2286619008590,-0.3211779308834,0.2197156808328,0.1318849358533,0.1229396018385,0.1654298728045,0.2517360917601,0.2824180794353,-0.0827516233835,0.6923344254501,-0.0940734922648,-0.1316939973772,-0.1969310415250,0.0857607398957,0.0508992888245,0.1577902399365,0.1446586742604
0.2903882882148,0.2824933879407,0.2344055137728,0.3100301626328,0.5746686399181,0.1434991919075,0.4331446799272,0.2110956957236,0.3959507286297,-0.0054631180223,0.5713045427473,-0.1004496328556,0.5286962304127,-0.1540387053907,0.1595653564584,-0.0113550549301,0.2730696856120,0.3036028694233,0.0032163539408,0.2159595923784,0.3701468006035,0.3907989366531,0.2194869907323,0.4014401347494,0.4236608544229,0.1318453413103,0.3244977171725,0.1890749860307,1.0000000000000,0.2767641420442,0.4771162673074,-0.0867293845150,-0.1587606363001,0.2116141983320,0.2344158819758,0.0958912217952,0.0585795189387,-0.0591688038422,0.1496557153796,0.5576898440857,0.0171595044994,0.3531501500471,0.1037815840433,0.0604653278439,-0.0372889412506,0.4043100242599,-0.0340205133498,0.5359645651904,-0.4208356784729,-0.0810092470016,-0.0844588084974,0.2105076079589,-0.0412666137789,-0.4222705042573,-0.2440313138339,0.4117197416169,0.3206693960851,0.0846037906583,0.2426788821586,0.2758407402433,-0.0937618026228,-0.1170267314342,-0.0204825309981,0.8470839275750,0.0680683849216,0.1330846164086,-0.2820733408171,-0.0295390814055,0.0754164064651,0.1083754359004
0.7107929572277,0.5172689979186,0.1329912746542,0.3974053418450,0.2777645181594,0.3630127961273,0.3007577978357,0.2166059297565,0.1667039822357,-0.1073807706411,0.1744629125132,0.3055876617377,0.2877861248061,0.0463547726602,0.6050406584771,0.4495950130997,0.4091861065230,0.6069526490918,0.4465307831324,0.5788234727186,0.3442045905902,0.6124494699726,0.5803577398294,0.6317710198914,-0.0209356808957,0.4651598279059,0.3426695852734,0.3118834476835,0.2767641420442,1.0000000000000,0.5368514975769,-0.0148807857280,0.1980426844109,0.6716525997182,0.7786830757091,0.6567387576180,0.3382459570891,-0.1551966475678,0.4065638638065,0.1786914980634,0.2859274879342,0.1642949906262,-0.0781960725305,0.1032067597121,-0.1276359640312,-0.0992703242477,0.4231850751854,0.3136196132259,-0.1730739102230,0.3876359641561,0.3371871149613,0.4746649121982,0.2537692249299,-0.2384414109197,0.0013150858396,0.2313489908156,0.3895784942793,0.4741659404178,0.5309808672597,0.0137795359082,0.2100341180825,-0.1309659581619,0.1892292014309,0.1273590512880,0.6301091599118,0.3539445659174,-0.2938499918443,0.5039696565451,0.7008113130703,0.7372096418265
0.5116286221600,0.5438613589409,0.4503941306239,0.4628904399664,0.1277909754884,0.3256281859341,0.1059953289300,0.4148889750281,0.2670599702040,-0.1649731621112,0.1146159581596,0.1302253441340,0.1570818270744,-0.2836406070511,0.4130154162606,0.1097469755786,0.3711678772689,0.7201296640509,0.3032746427433,0.5195751096348,0.2356725695166,0.6210301872481,0.5371973786490,0.7705027338426,0.0228736457259,0.3861042749616,0.5661117844669,0.3881923765994,0.4771162673074,0.5368514975769,1.0000000000000,-0.1345471990317,-0.0055629169071,0.4377203535943,0.6762669376299,0.4056848859723,0.4109200696583,0.1207413235366,0.3928580502506,0.0624938532692,0.1684980750612,0.0232171107414,0.2537602006807,0.0632942878066,-0.1908842045286,-0.1126797803597,0.2830001044819,0.1799680335164,-0.3939439262796,0.0636888274061,0.0664368017864,0.4711226984212,0.4053550292490,-0.3464993873067,0.0356509688876,0.1537744298585,0.3114071499956,0.4245667415067,0.4511684599285,0.0579785768549,0.1808029664562,0.0812594642241,0.3179736040022,0.2204437058192,0.1167949698493,0.6068836636171,-0.3582049760776,0.1817279217679,0.3020379149420,0.5536988512528
-0.0408257539872,0.1230286576752,0.2359241108477,0.2005902518545,0.1482027019297,-0.0343024112741,-0.0468045897199,0.3231645465000,-0.1196749016283,0.5745092410390,-0.1099132103017,-0.0900354417586,0.1373440796820,0.6190490752520,0.1409694347470,0.2354883617522,0.1006638086541,-0.0026547037035,0.1479099723826,-0.0340824666588,0.2490253297761,0.0872718704179,0.1380163665257,-0.0289324040009,0.3482648525759,0.5653953311386,0.1047050466327,0.3266591606798,-0.0867293845150,-0.0148807857280,-0.1345471990317,1.0000000000000,-0.2544658855946,0.1064793916722,0.0118956001562,-0.1155604553593,0.0792118717624,0.0896599980856,0.3922924406391,0.1046368311803,-0.1817344404529,-0.1434568112340,0.1613364854343,-0.2017388923334,0.5454711050994,-0.1727271956033,-0.2401261901291,0.0992077685923,0.3711873878911,-0.0039404651759,0.2064760123418,0.2078168221794,-0.1854042827629,-0.0541002480408,-0.2641979581262,0.2128376998015,0.0833346102196,0.0832764945073,-0.0183469683989,0.3974667103407,0.6493341740452,0.0228666429556,0.3584266023940,-0.0887751649436,-0.2196771144007,-0.2417273246136,0.6491522260491,-0.4679948406639,0.1043599599319,-0.0291553448786
0.0534256584828,-0.1518288842005,0.0611071953969,0.0265059335242,-0.1534731956715,0.6030299989014,0.2230615789153,-0.0903458107750,0.4554238247781,-0.1146595049107,0.1590913570620,0.3702138784917,-0.0959816192159,0.1331571662032,0.2844204620384,0.3824227633726,0.0288167406410,-0.0057529784283,0.0565977152502,0.0371825362873,-0.0737014701733,-0.0115104927798,-0.0272609724940,0.0200770843939,-0.1646688647985,-0.1624069886559,0.1608965819042,0.1439487676524,-0.1587606363001,0.1980426844109,-0.0055629169071,-0.2544658855946,1.0000000000000,-0.0177635063746,0.0777552686194,-0.0698309297510,-0.1663488309653,0.0251270097673,-0.0949339368633,-0.1673947180967,0.5739213841853,0.2991711279661,-0.1907710930086,0.5140388715478,-0.1631141987730,0.1194791643799,0.3738377716218,-0.0998244813895,0.1768562900678,0.1580223275402,0.4090128323457,0.0069440058222,-0.1492812877582,-0.0029576088197,-0.1292688350302,-0.1131144144544,-0.1072987878105,-0.0840871652784,-0.0176600273136,-0.1762491336503,-0.2144461754867,0.0983950365557,0.1546326350804,-0.2376279754135,0.0465690179319,-0.0912250989098,-0.2374862349864,0.6466561615456,-0.0240042545909,0.0497839196300
0.4242367905128,0.6182267817142,0.0673390345401,0.3344714377721,0.3854448317713,0.2029847148390,-0.0590011721096,0.2128775091376,-0.0610876526029,-0.0249370739687,0.0204665202257,0.1398724342165,0.2011040751404,0.0029757980801,0.2316841138895,0.1422960892617,0.3669361226434,0.5140413191843,0.2339974421173,0.4375635099366,0.3563799507495,0.6136065873989,0.4999401132573,0.5494843757885,0.0922161402138,0.4173660634477,0.2361595418201,0.2285839968023,0.2116141983320,0.6716525997182,0.4377203535943,0.1064793916722,-0.0177635063746,1.0000000000000,0.6487412337558,0.4457528917929,0.4080481640207,-0.1344158650229,0.4741344899175,0.3015668577296,0.1809284225572,-0.1392248985912,0.0093247560455,-0.0821818596886,-0.0356088235192,-0.1857681861744,0.2063347439333,0.2490806195879,-0.0850211477302,0.0843791295152,0.1741927136714,0.4064469115455,0.3213088625473,-0.1895242015084,0.1041178647635,0.3312643853092,0.5160833737899,0.4882410481304,0.4608331665796,0.1758609401581,0.3533680094341,-0.0751316751503,0.1256939100141,0.0759959758633,0.4042513416499,0.3091911793632,-0.0928601937557,0.2053255387689,0.8600154448751,0.6542464426676
0.5542738077693,0.7106576362172,0.2834809697113,0.5558886561069,0.2100262716405,0.3840165232726,0.2028382379074,0.3365691577198,0.1633156369582,-0.0385948821171,0.1313502877908,0.2554328737260,0.2693402967198,-0.0386528264672,0.4437484767910,0.3530831892845,0.3625425826377,0.7696400266917,0.3600888173058,0.5148691521566,0.4225926371190,0.6507250437442,0.7136038470859,0.7259141295469,0.0462984874276,0.6514864858364,0.5553849529210,0.3492533966441,0.2344158819758,0.7786830757091,0.6762669376299,0.0118956001562,0.0777552686194,0.6487412337558,1.0000000000000,0.5189802297030,0.5753386860628,-0.1382212418476,0.6171390631828,0.1139638898676,0.3054065743113,0.1056059094030,0.0200104168481,0.0507851395827,-0.0917816099275,-0.1314924810590,0.4200185936470,0.2795379595142,-0.2107323332508,0.1482202506321,0.2924229362378,0.5529409258090,0.3923689808412,-0.3549741152232,0.0407632288643,0.3011798973102,0.3392362397391,0.6541812526477,0.4784201001806,0.0268360572697,0.4236379472755,0.0086529953839,0.2690754223157,0.0188636939503,0.3303888152499,0.4841623835931,-0.2674284608612,0.3849098123592,0.6058502405775,0.8960052370910
