1.0000000000000,0.4271412946957,0.1325497656943,0.2612083239394,-0.0994720320694,-0.0868846944870,0.0799956766015,0.4606385995801,0.0821907844613,0.1864066203127,0.1728102991102,0.3067365899315,0.1653716844876,0.3101697846427,0.6059117178667,0.2136044074110,0.3868815389136,0.4997477756420,0.3564049880874,0.5878666653789,0.1500888755614,0.3272817781608,0.2510083981410,0.3641272687393,0.0290890604084,0.4207532669441,0.3585575180259,0.4047380783701,0.0798869028516,0.7254346824786,0.3250427478454,0.2298425568772,0.2139509171884,0.4209850980002,0.3873623050331,0.6001832857066,0.0561850001481,-0.3488619992984,0.3451147206443,-0.0494969558414,-0.2060889431501,-0.0550496993137,-0.0237357936901,-0.2144327782311,0.0563510106337,-0.0485528938082,0.0934706609740,0.0779643296976,0.0587499322944,0.1214601238527,0.0122762316797,0.2868034825571,0.1655548954981,0.0978025961505,0.0164895534094,0.0227240762238,-0.0665551464747,-0.0006361049173,-0.1440345489764,-0.0340130023668,0.0335676083735,-0.2629401366001,-0.0994641006833,-0.1172562643389,0.3449644417061,-0.0689615574396,0.3034453619234,0.1936203202455,0.2473220337897,0.2826945629516
0.4271412946957,1.0000000000000,0.1291425627203,0.5924208353327,-0.0136923472249,-0.1416420009605,-0.0941800748307,0.1875752581952,0.0501053844020,-0.0135900978378,-0.0358107799633,0.4021423606577,0.0318608153598,0.2644590666755,0.2845213603296,0.0923546258235,0.3786539861745,0.4816152246807,0.2433655557145,0.4278127310277,0.1401035333722,0.2912299906045,0.5466121578960,0.5260820162785,0.0223709260971,0.5464371721995,0.4407728301655,0.3477174061889,0.0053175269954,0.4687657442699,0.5105079146113,0.1313945345766,-0.0377480817733,0.5693929740489,0.5110480644709,0.3150501871249,0.5123705642888,-0.1635973321149,0.5989919102445,-0.0707274651825,-0.2025983755478,-0.2310257579936,-0.1473568683129,-0.3035318471866,-0.0714711062846,-0.1778822852905,0.0389865894928,-0.0253321886642,-0.0501964606988,-0.1794908227411,-0.1082164458700,0.3262499153711,0.3663007679482,-0.0188406867458,0.1384261333816,0.0777356492456,0.0443476575297,0.4169278216775,0.0698016754612,-0.0016989371188,0.0631080591890,0.0205546029739,-0.0693146009178,-0.1967467781553,0.2866273511058,0.2622970952118,0.0975909916649,-0.0219646223323,0.4949759356587,0.4828275515504
0.1325497656943,0.1291425627203,1.0000000000000,0.2664357149140,0.2082643860270,0.2089258669332,0.1969029296289,0.3913284965522,0.2958601614143,0.1180365882516,0.1120758837069,0.1343305976827,0.1163463778570,0.2785880231619,0.2539961700761,0.3597946821641,0.1759720536245,0.0985992824377,0.2327206743873,0.1669747389041,0.2454737650773,0.2674289964435,-0.0882356311354,0.3933224089550,0.3098789357552,0.2815131773752,0.2049191686374,0.5453490351781,0.2882031975887,0.0519424472973,0.2777419094395,-0.0120750809686,0.1801461148518,-0.1021115529740,0.0059261972535,-0.0199404109194,-0.2029838394686,0.5185065696758,0.0906366103044,0.1369253158108,0.1082559858522,0.1515619153267,0.0436413974958,0.1638475824473,0.0326223688929,-0.0119429399492,0.0366554741624,0.1106465606834,0.1617686993084,0.0317083389951,0.1858947021315,-0.0106134009899,-0.1044498652490,0.0597710089131,-0.3170137216063,0.2302022732545,-0.0707452922663,-0.1110505735683,0.0515008001405,0.1472285528315,0.0370342337644,0.0564379454259,0.4033667884557,0.0765827958488,-0.1246326341950,-0.1027915435773,0.0225115797601,-0.0126442181778,-0.1471787510783,-0.0522769073091
0.2612083239394,0.5924208353327,0.2664357149140,1.0000000000000,0.1715231448654,-0.2543923012039,-0.0546610835075,0.2977329465937,-0.1411206633512,0.2359688958410,0.1714812384837,0.0992515554294,0.0959962385433,0.2036068646393,0.0590283602487,0.1397850209758,0.1601606476831,0.1896406182533,-0.0739676948982,0.1413152145334,0.2717529107176,0.1493251691181,0.6018036242443,0.2011577538289,0.4494622053798,0.5474430135208,0.3081816482715,0.3370084191353,0.1653305044806,0.2299542220861,0.2217979579746,0.2409076251734,0.0080507265747,0.2658889867033,0.2481655842277,0.1474214850933,0.4584661056867,0.0397222696098,0.7670168671369,0.1857410997264,-0.2770183244743,-0.2055127173252,0.2558047547177,-0.2488703643570,0.2009299746498,0.0939805084735,-0.1301458765374,0.0908965252387,0.1431086289413,-0.1170120393961,-0.0166092390526,0.1050005759826,0.1967923916647,-0.1442596476261,0.0351757462252,0.1839803484013,-0.0825536651757,0.5482463878753,0.0013061129372,0.3766093604924,0.3992954128519,0.1414722114344,0.2443361398858,0.0604535450240,0.0251025634674,-0.0176238661845,0.2858343858625,0.0987568373476,0.3223735409830,0.2963934860228
-0.0994720320694,-0.0136923472249,0.2082643860270,0.1715231448654,1.0000000000000,-0.1639039620438,0.4699320762957,0.1992948181819,0.0093783681617,0.3784728129835,0.5364550434062,-0.3330789141185,0.8184247169084,-0.1421283446422,-0.0896927663476,0.2684421366750,0.0099679741246,-0.0320727534057,-0.2878665906250,-0.0528788268962,0.8161079906999,0.0267026092095,0.0873383017229,0.0703673443263,0.5032539247304,-0.0463099021587,0.0298184177170,0.0875515114680,0.5518739902906,-0.1058814913799,-0.0914226075013,-0.0492929788381,-0.0207949206645,0.0565811420605,-0.0844989751598,-0.1557288382758,-0.1394945221412,0.2103591255744,0.1067797408222,0.9085955429025,-0.2433571905953,0.1772530075994,0.1749957590505,-0.1417967597489,0.4375765555088,0.5718350624994,-0.4118653492054,0.8083862713470,-0.1312124749923,-0.1887711588497,0.2872063865092,-0.0527311629847,-0.0573789901419,-0.3916798058120,-0.2221275474579,0.8525267641361,-0.0049635271641,0.0891250551480,0.1433960693175,0.4116144533793,-0.0495998114126,0.0882046189906,0.1601358541512,0.3913548054847,-0.1510276546898,-0.1088830026742,0.1150295063977,-0.1595191130814,-0.0312489623544,-0.1284780595550
-0.0868846944870,-0.1416420009605,0.2089258669332,-0.2543923012039,-0.1639039620438,1.0000000000000,0.3008942881952,-0.1970457550143,0.6726958518036,-0.2023643128681,-0.3003575384021,0.4723552496618,-0.2247874508095,0.2174535034324,0.2930169198530,0.4136585421076,0.0127502029659,-0.1377849230499,0.4616702858418,-0.0704234499457,-0.1843235975316,0.1103793140091,-0.3680726110850,0.0776245818587,-0.2365430427215,-0.0350765047910,-0.2239494855920,0.0014304679891,-0.2209197615465,-0.0352533627319,0.0385134528917,-0.2820114516073,0.4560477957384,-0.0805352843499,-0.1016461184160,0.0918255847053,-0.2783914329266,0.2072398314813,-0.1448446411449,-0.2942697329262,0.8389938091912,0.5573290155720,-0.3546023956477,0.6395969085211,-0.2143282263071,-0.4155535747583,0.4592083501481,-0.2005654589273,0.1834425205164,0.3842594031948,0.3568142880590,-0.0899949561939,-0.2449037830375,0.4265437190863,-0.1257242993480,-0.1276535886510,0.0728180627057,-0.2639648098741,-0.0544427095268,-0.1649378420734,-0.1208192913339,-0.1911932292874,-0.0412653762992,-0.2984986280588,-0.0058152705740,-0.0490637920942,-0.3467441797935,0.1983792406988,-0.1764215463651,-0.0093501492230
0.0799956766015,-0.0941800748307,0.1969029296289,-0.0546610835075,0.4699320762957,0.3008942881952,1.0000000000000,0.1749816407434,0.5873931983335,0.1332696375537,0.4213234341179,0.0504585432178,0.5831411361734,0.1267813435781,0.3568594370900,0.5305646686895,-0.1014729941391,0.0032976457039,0.0356972938462,0.0330461848563,0.4347720147244,0.1392249695247,-0.2197248948048,0.1429841321669,0.1284758542576,0.0926592753732,0.0159549938326,-0.0072807622433,0.3212777696489,0.1855719607226,-0.0064086217695,-0.2016465333793,0.3212791082652,0.1232871023435,0.0121982523857,0.0515877192378,-0.3730924081106,0.1978210626816,0.0921215610145,0.3483491237994,0.1319815035688,0.6270987539658,-0.0135292358648,0.2721859289098,0.1922552725017,0.3437383826991,-0.1196590890449,0.5228135573329,0.0401742783501,0.1774000756643,0.4342441867068,-0.1771167146436,-0.1095783129099,-0.0609782442885,-0.2031077519154,0.3959590482808,0.0325677355905,-0.1852458661489,0.0843612207740,0.0919798446737,-0.1150791648253,-0.0251173256044,0.0753567494448,0.1106657631590,0.0416512618017,-0.1434700015142,-0.0288736328768,0.0318083621572,-0.1526327025158,-0.0782289211643
0.4606385995801,0.1875752581952,0.3913284965522,0.2977329465937,0.1992948181819,-0.1970457550143,0.1749816407434,1.0000000000000,0.0316258879167,0.4798826839660,0.4450806543863,0.0047704234915,0.2439548828606,0.3271532110334,0.3773939223709,0.4378242675230,0.1413144497762,0.0378984099004,0.0522780708607,0.2984520842278,0.2985882408462,0.0582702527394,0.0810881868162,0.0604806740564,0.5766966217654,0.3069506837496,0.2227648396247,0.4136753351261,0.4071259585056,0.3501420015526,0.0909977280466,0.3954139737303,0.1755955678326,0.1528780576355,-0.0634520982861,0.0838354239117,-0.0579259396564,0.0784218667490,0.3756936511223,0.3092103137261,-0.3471374069551,-0.0624404230650,0.4594682466175,-0.2459487692597,0.4648943285502,0.2625998972939,-0.1187666176514,0.2274212285585,0.2499070788042,0.0596724091423,0.1893228191320,-0.0211977479683,-0.2147850635671,-0.1844277260255,-0.3860752963239,0.2270148093337,-0.3542401172824,0.0236584946959,-0.3097639873291,0.4704094022878,0.1696020493102,-0.1323351256719,0.1924850044159,0.1621725547802,0.0862896766858,-0.3136786408218,0.5414482542336,0.0341518170269,-0.0987988461774,-0.1548758716952
0.0821907844613,0.0501053844020,0.2958601614143,-0.1411206633512,0.0093783681617,0.6726958518036,0.5873931983335,0.0316258879167,1.0000000000000,-0.1720279683538,0.0553398750811,0.5441053032166,0.0096012345926,0.3443829129606,0.6484884669092,0.5053572449705,0.0563034789941,-0.0659240421456,0.4980620315657,0.1633180910147,0.0511714867627,0.2008328413216,-0.2906125698606,0.2685163358867,-0.0946449343244,0.2067834725523,0.0031441218689,0.0857437157697,0.0567913727232,0.2411702288132,0.1923629190242,-0.2522549082584,0.2625316384526,0.1186196587900,0.0461535231509,-0.0382306030124,-0.2846806876099,0.2486983006818,0.0565381836932,-0.1224436701416,0.5480426385768,0.5118151864211,-0.3258806179900,0.5663609212629,-0.1812274549451,-0.2143658262544,0.2745480778829,-0.0301015520747,0.1457025849158,0.1597267658301,0.2777825804934,-0.0565281984079,-0.2626740603699,0.1884004000426,-0.3224776426419,0.0130520643720,0.0206490033110,-0.2553197426270,0.0053376342227,-0.0772983779509,-0.2128135367400,-0.1975215001542,0.0677691511280,-0.1564861270741,-0.0936435258023,-0.0875342785144,-0.1788260611214,0.0609740345824,-0.2291372862650,-0.1064721040315
0.1864066203127,-0.0135900978378,0.1180365882516,0.2359688958410,0.3784728129835,-0.2023643128681,0.1332696375537,0.4798826839660,-0.1720279683538,1.0000000000000,0.2017961173253,-0.3414960201240,0.4378118505040,0.1702787157092,0.0272745067926,0.3650941904839,0.1054779759759,-0.0421004214725,-0.2682778560448,-0.0987173809641,0.3267060875094,-0.0220488925673,0.1446157378530,-0.0998518641997,0.6372196724260,0.2685639702769,-0.0378249068164,0.2529202370928,0.1414670061190,-0.0318904884618,-0.2716708749834,0.0759881599390,-0.0178038131877,0.1776441757811,-0.0892129874897,-0.0009704852813,0.0469392879987,0.0948636946473,0.3986078002390,0.4110795812650,-0.2455425977792,-0.0935565513559,0.3664418072503,-0.3211335477049,0.8918571532480,0.1802523857086,-0.2913453646586,0.3987165206361,0.1729095971473,-0.0401724943536,0.2841267669468,-0.0130689758902,-0.1266546285491,-0.3631638487988,-0.2341166062708,0.3421619826946,-0.2141357117052,0.1052205885136,-0.1713004663176,0.5880173114955,0.3911859505924,-0.0746247812953,0.2887182200324,0.1083157694756,-0.0415510137662,-0.3003959865038,0.2062803864456,-0.0959444320749,0.0338730929081,-0.1226725549911
0.1728102991102,-0.0358107799633,0.1120758837069,0.1714812384837,0.5364550434062,-0.3003575384021,0.4213234341179,0.4450806543863,0.0553398750811,0.2017961173253,1.0000000000000,-0.2024110161657,0.5225552963843,-0.1276442489489,0.1678588064274,0.2109740873698,-0.0714684216691,-0.1164703481812,-0.2089374280308,0.1836828109071,0.6377398167397,0.0714066760929,0.0842850230997,-0.0454047161620,0.3657273129633,-0.0277926258549,0.1693182498644,0.1295930022216,0.5532600791549,0.2487853170767,-0.0330281847366,0.3308062970778,0.1216726372128,0.1128400745299,-0.0166085101412,-0.0755631746344,-0.1289929331133,-0.0562535458136,0.1344333612418,0.6711401017241,-0.4118545559113,0.1176174022296,0.3495897111870,-0.0613932338398,0.2482136959195,0.8364089512591,-0.3428886009245,0.5174070362344,-0.1082604497990,-0.0909714150868,0.1478876374501,-0.1247576770195,-0.2423721410277,-0.3589345783883,-0.4174232006109,0.5304471619844,-0.1227976224813,-0.0453621723820,-0.0082692114829,0.1909041520577,-0.0910454192651,-0.1351495926199,0.1013047605233,0.4859452782188,-0.1233880008246,-0.2656488082795,0.5237597049484,0.0038729734982,-0.0793693558967,-0.1223229626026
0.3067365899315,0.4021423606577,0.1343305976827,0.0992515554294,-0.3330789141185,0.4723552496618,0.0504585432178,0.0047704234915,0.5441053032166,-0.3414960201240,-0.2024110161657,1.0000000000000,-0.3084391199248,0.4375993583493,0.5518389098954,0.2261222087555,0.2525359927651,0.2417323261935,0.8286670518856,0.4709755322494,-0.1918833286909,0.1944892666553,0.0776696864783,0.3224374864012,-0.2507581236510,0.2932399845197,0.2595057182803,0.1784559963072,-0.0964164122786,0.4755960789939,0.4006483411754,0.0530380067058,0.2531662272525,0.1703911628509,0.2492063990983,0.1868495193002,0.0705737264485,-0.1868598896720,0.1851497617922,-0.3692145446780,0.3351023708556,0.1223843688767,-0.3977078675090,0.2113274194876,-0.3899092104423,-0.4679261139479,0.6042798442424,-0.2951439237556,0.1856445557611,0.0476247802152,-0.0615529661504,0.1511837402055,-0.0367573607754,0.5049673713162,0.0057496646876,-0.2307923443467,-0.1079948461834,0.0188744035879,-0.1925609705679,-0.2656881451979,-0.1615846253767,-0.2352555522482,-0.1799528641981,-0.2917841280460,0.1158151911804,0.0394412517317,-0.1200245139702,0.1123615823506,-0.0028221136148,0.1336620304313
0.1653716844876,0.0318608153598,0.1163463778570,0.0959962385433,0.8184247169084,-0.2247874508095,0.5831411361734,0.2439548828606,0.0096012345926,0.4378118505040,0.5225552963843,-0.3084391199248,1.0000000000000,-0.1323600172217,0.0127442526582,0.2997802959998,0.0222152985122,0.1700046389628,-0.2604723249945,0.0316634931383,0.7893517084651,0.0895315055907,0.0706649480619,0.1212265581579,0.3517507218463,0.0075726314581,0.1273145217233,-0.0012019444410,0.5780707860127,0.0879924858616,-0.0083579759940,-0.0693563318554,0.0606882215956,0.2265380597624,0.0953857059240,0.0529611028511,-0.2002439780321,0.0201387698696,0.1316948597565,0.7769342670437,-0.3437115810793,0.1784069214883,0.0926864426665,-0.2545650238627,0.4329579819412,0.5140347618824,-0.3823779700658,0.9257795749466,-0.1899344126897,-0.2061951623938,0.2941036020467,-0.0360350882109,0.1348276663977,-0.3615944125441,-0.1440438158327,0.7809385936283,0.0030750425929,-0.0019436809656,0.1463275135216,0.2631959597072,-0.0944111852593,0.0657691061360,-0.0067261149541,0.4091816951076,0.0011111740630,-0.0621973707384,0.1072930590281,-0.1249320570151,0.0854201731823,0.0411360666760
0.3101697846427,0.2644590666755,0.2785880231619,0.2036068646393,-0.1421283446422,0.2174535034324,0.1267813435781,0.3271532110334,0.3443829129606,0.1702787157092,-0.1276442489489,0.4375993583493,-0.1323600172217,1.0000000000000,0.5901154951524,0.4185936093295,0.2342355856194,0.0633166530256,0.5064670100295,0.2800137913626,-0.1122360296979,0.1862330410401,-0.1163288801226,0.1269105916039,0.0512258302090,0.6278601080619,-0.0271691146750,0.4201884718314,-0.2319882479498,0.3017601508786,-0.0348909976640,0.2740079509678,0.1334093632953,0.0401411039136,-0.0945749829861,0.2231977104966,-0.0730654354707,0.0949763558314,0.3413830338905,-0.2234645856479,0.1208092352919,0.0669007089656,-0.1068731094139,0.0587240910854,0.0932162844632,-0.2648328242190,0.3378854511402,-0.1824784953244,0.8167703307399,0.2784693458724,0.1445632187033,0.0724926948351,-0.2292622275548,0.2629947191849,-0.1401994530533,-0.1457308133625,-0.1273097191163,-0.2001269959044,-0.2705912025446,0.0642069381062,0.4484555204781,-0.2119728795506,0.2168120579723,-0.3891782802500,0.2610573329812,-0.2411078422370,0.2561859514558,0.1278725988412,-0.0933603891422,-0.1277968939750
0.6059117178667,0.2845213603296,0.2539961700761,0.0590283602487,-0.0896927663476,0.2930169198530,0.3568594370900,0.3773939223709,0.6484884669092,0.0272745067926,0.1678588064274,0.5518389098954,0.0127442526582,0.5901154951524,1.0000000000000,0.4134861015584,0.2427424869154,0.2323895002529,0.6208882408600,0.5538837805364,0.0043461914319,0.3021093097628,-0.0592525893404,0.3441684562321,-0.0131567983814,0.4217973851624,0.1924824891892,0.3506934047282,0.0271310268043,0.6925967303660,0.2510384988427,0.2097191775014,0.2460054405627,0.3393997922654,0.1827779593797,0.3110339269398,-0.1544745625543,-0.0445728513407,0.2313757272264,-0.1212443350572,0.1518220792071,0.1858568926809,-0.1454848037805,0.1723937912334,-0.0257288799151,-0.1194514356025,0.2430942346924,-0.0377977991193,0.3049683615137,0.2100893617425,0.1380667930693,0.1239118572499,-0.1793183302429,0.1655528668454,-0.2336693353757,-0.0671187709371,-0.0472088441865,-0.1969083948942,-0.1251694450842,-0.0486949129445,-0.0601348192808,-0.3612067079758,0.0267972624631,-0.1705828948759,0.2195579621799,-0.1583452850217,0.2742924168619,0.2347471458781,-0.0583759672639,0.0056130639507
0.2136044074110,0.0923546258235,0.3597946821641,0.1397850209758,0.2684421366750,0.4136585421076,0.5305646686895,0.4378242675230,0.5053572449705,0.3650941904839,0.2109740873698,0.2261222087555,0.2997802959998,0.4185936093295,0.4134861015584,1.0000000000000,0.1195972925286,0.0023969186725,0.2124832017447,0.1911478539980,0.2459516216543,0.1147015804679,-0.1164874207261,0.0363959363603,0.3348996608219,0.3776933364226,0.0018474741884,0.2424371288111,0.1868163294058,0.2061012441977,-0.0076456757716,-0.0217233920947,0.4081297405223,0.0627617990756,0.0439162593619,0.1094311234290,-0.1913068260010,0.2060789363206,0.3075985864605,0.1940896290431,0.2096328581954,0.5312366080443,0.1032271525169,0.2079728556102,0.3670144677334,0.0083985781154,0.1022211944413,0.2608994102810,0.2879792844045,0.2568848112830,0.7593435281989,-0.0933109378188,-0.2523230274922,0.0820774387158,-0.3627796239394,0.2265373586742,-0.1754768315607,-0.1057558483617,-0.2547158596495,0.3219624349634,0.1433645797668,-0.2304609569961,0.1063406755732,-0.0306320470279,0.1261269804007,-0.2592161829750,0.1206689250205,0.1302001918565,-0.2208189843264,-0.0030126718846
0.3868815389136,0.3786539861745,0.1759720536245,0.1601606476831,0.0099679741246,0.0127502029659,-0.1014729941391,0.1413144497762,0.0563034789941,0.1054779759759,-0.0714684216691,0.2525359927651,0.0222152985122,0.2342355856194,0.2427424869154,0.1195972925286,1.0000000000000,0.2607881247721,0.2778241212093,0.3343535870300,-0.0144343775830,0.5850938832824,0.3530427371359,0.5538532248202,0.0890931796674,0.3375375985166,0.2414839267476,0.3356097585114,0.1216970491672,0.3638822913753,0.4124687421876,0.0909699862689,-0.0886038675490,0.2790083584108,0.3562227074577,0.3579641710336,0.2055337349365,-0.1356570050773,0.1878011904808,-0.0079014270088,-0.0678370322756,-0.0818678228204,-0.1457996478313,-0.1926152530971,0.0432636968942,-0.2263034444283,0.1715266537454,-0.0364283166285,0.0127950518982,-0.0015550402111,0.0300527000398,0.8669703968638,0.1497634276708,0.0690252643299,-0.0350385421975,-0.0458995893992,0.2807211888233,0.1414163694112,0.2397738781964,0.0631102441167,-0.0124968847383,-0.0840994839416,0.1138820170207,0.0055696957833,0.2808185187596,0.3196275770305,0.0420715113362,-0.0695785929815,0.2122524745239,0.2882736531415
0.4997477756420,0.4816152246807,0.0985992824377,0.1896406182533,-0.0320727534057,-0.1377849230499,0.0032976457039,0.0378984099004,-0.0659240421456,-0.0421004214725,-0.1164703481812,0.2417323261935,0.1700046389628,0.0633166530256,0.2323895002529,0.0023969186725,0.2607881247721,1.0000000000000,0.2868211755011,0.6488345264492,-0.0371885588956,0.2848290596027,0.3027878303211,0.4746462756706,-0.2103295755129,0.3477289372969,0.4558765888163,0.2780565078884,0.0808912614383,0.3538797497475,0.3946018826030,-0.0025845129985,0.0149613424892,0.4264277340359,0.5121006715576,0.3669966938542,0.1970936375481,-0.2616042301673,0.1900155340377,-0.0772031235225,-0.2288695397440,-0.1187923236569,-0.1947295070466,-0.3243572862913,-0.1049253622197,-0.1443828062575,0.0451427491410,0.1033359616137,-0.2434039232490,-0.1072411201326,-0.0221979933615,0.2069389922272,0.5756046410109,0.2107772764904,0.5150159404335,-0.0538275110013,0.1405412544236,0.1232757704766,0.1535603675792,-0.2632609976669,-0.1198963368382,-0.0337354211304,-0.2101166701725,-0.0289411330678,0.2888162180326,0.2273952050752,-0.1316732606635,-0.0960390679473,0.2528676509508,0.4285789953145
0.3564049880874,0.2433655557145,0.2327206743873,-0.0739676948982,-0.2878665906250,0.4616702858418,0.0356972938462,0.0522780708607,0.4980620315657,-0.2682778560448,-0.2089374280308,0.8286670518856,-0.2604723249945,0.5064670100295,0.6208882408600,0.2124832017447,0.2778241212093,0.2868211755011,1.0000000000000,0.5688463279253,-0.2183747100897,0.1957397934088,-0.1130934900654,0.2992777572300,-0.3023227205496,0.1653593037759,0.1753811292905,0.2320551159253,-0.1264246372978,0.4324925076279,0.2693143342881,0.1084956361526,0.2395383157345,0.0890694884888,0.1150739145913,0.2547425701857,-0.1718507809512,-0.0938853053522,-0.0173741776402,-0.3270534664200,0.3214222863696,0.1354203190560,-0.3745870658892,0.2399259669980,-0.3362978351353,-0.4053320861977,0.7017684642259,-0.2382248347207,0.2592957264429,0.1508495852084,0.0000528182724,0.1554621300548,-0.0458960972084,0.6194778646034,0.0060506220997,-0.2147605528495,-0.0531520371486,-0.2171287817660,-0.1561254575798,-0.3150993426120,-0.1814160654271,-0.2821514528025,-0.1820175336499,-0.2621420018501,0.1734677910002,-0.0039963943763,-0.1086932672493,0.1319955479692,-0.0851544812712,0.0514257825558
0.5878666653789,0.4278127310277,0.1669747389041,0.1413152145334,-0.0528788268962,-0.0704234499457,0.0330461848563,0.2984520842278,0.1633180910147,-0.0987173809641,0.1836828109071,0.4709755322494,0.0316634931383,0.2800137913626,0.5538837805364,0.1911478539980,0.3343535870300,0.6488345264492,0.5688463279253,1.0000000000000,-0.0156331513439,0.2272161812443,0.2302879937433,0.3824091538915,-0.1106369960200,0.4103076604757,0.5530610516010,0.4505844638245,0.1366604789872,0.6287998325512,0.3919608706192,0.3557537872830,0.0839075837267,0.2949618825274,0.4705620359918,0.2594558183234,0.0721070449366,-0.2860618209769,0.1570649877249,-0.0274076732475,-0.2165254025428,-0.0297756594763,-0.1185441332978,-0.1864991056017,-0.1553568783206,0.0037499153699,0.2348139664920,0.0064657107314,-0.0730898650756,-0.0478335594940,0.0349211958117,0.2241774697999,0.1827638291489,0.3319567281323,0.1307302564476,-0.0793868955657,-0.0819950822734,0.0164425134717,-0.1150019800741,-0.2467562614034,-0.1579445884433,-0.2306283161902,-0.1349452271936,-0.0385059133631,0.3002841803556,0.0535052106905,0.2535343764160,0.0801249459333,-0.0081731865086,0.2411852167161
0.1500888755614,0.1401035333722,0.2454737650773,0.2717529107176,0.8161079906999,-0.1843235975316,0.4347720147244,0.2985882408462,0.0511714867627,0.3267060875094,0.6377398167397,-0.1918833286909,0.7893517084651,-0.1122360296979,0.0043461914319,0.2459516216543,-0.0144343775830,-0.0371885588956,-0.2183747100897,-0.0156331513439,1.0000000000000,0.0684579138515,0.0954951589549,0.1272431646461,0.4172421470899,-0.0229141472707,0.0585026049538,0.0825896197193,0.5400460698952,0.0500495826964,0.0121074066422,-0.0213632967370,0.0447873002833,0.1493795584100,0.0095521585645,-0.0718944511738,-0.0997252244497,0.0966961796873,0.2269076730884,0.8222224169210,-0.2777907622516,0.0850019967557,0.1082447523186,-0.1606496379930,0.2822382234233,0.5416357311467,-0.3385508937794,0.7428102167230,-0.1266415618245,-0.2900117578073,0.1380179492821,-0.0716656938238,-0.0709695720555,-0.3954595980564,-0.3438189624240,0.9298470598535,-0.0719402606645,0.0107397673524,0.0977535589365,0.2985836821725,-0.0550781712050,-0.0416602098073,0.0937511655703,0.3461836368361,-0.2555723145418,-0.1313426684237,0.1934623898522,-0.0787377567134,0.0933572958256,-0.0411405697967
0.3272817781608,0.2912299906045,0.2674289964435,0.1493251691181,0.0267026092095,0.1103793140091,0.1392249695247,0.0582702527394,0.2008328413216,-0.0220488925673,0.0714066760929,0.1944892666553,0.0895315055907,0.1862330410401,0.3021093097628,0.1147015804679,0.5850938832824,0.2848290596027,0.1957397934088,0.2272161812443,0.0684579138515,1.0000000000000,0.1759783373475,0.7900982427606,-0.0171956150265,0.2548229892044,0.1149286782017,0.1418394136467,0.1972900129297,0.4615416508063,0.5152525561975,0.0122011945976,0.0579441615796,0.4110320036390,0.4601840620440,0.3841824588490,0.0061993962479,-0.0223511813785,0.1468655296094,-0.0469293408308,0.0698865719779,0.0460721574148,-0.2580170252597,0.0708603452266,-0.0592554346081,-0.0908564078325,0.0347907718978,0.0270660814001,-0.0280691487472,0.0773632300800,0.0727980375311,0.5387486623664,0.1247043455993,0.0149321314116,-0.0936882627994,0.0052934411779,0.6138156499032,0.0292454675586,0.5148223020705,-0.0409084147870,-0.0922755288400,-0.1505378991566,0.0818624984443,0.0355652468544,0.2453025117375,0.2989544920250,0.0514142353217,0.0853764633398,0.3123551037209,0.4149915508450
0.2510083981410,0.5466121578960,-0.0882356311354,0.6018036242443,0.0873383017229,-0.3680726110850,-0.2197248948048,0.0810881868162,-0.2906125698606,0.1446157378530,0.0842850230997,0.0776696864783,0.0706649480619,-0.1163288801226,-0.0592525893404,-0.1164874207261,0.3530427371359,0.3027878303211,-0.1130934900654,0.2302879937433,0.0954951589549,0.1759783373475,1.0000000000000,0.2827549849516,0.3100309421424,0.2818161073578,0.4679652443536,0.1643468974704,0.1650052742890,0.2901875295495,0.5064911714723,0.0938012798603,-0.2361894364411,0.4668429874213,0.4963052307310,0.1095772782234,0.6496823592514,-0.2907151017693,0.5704480436128,0.1417893956913,-0.3729569792568,-0.3835467716543,0.1149877621588,-0.4657300587898,0.1382935941842,0.0255765051554,-0.1944572618627,0.0712995870524,-0.2618815673363,-0.2689902813280,-0.2506694129975,0.4087496511767,0.3734714149666,-0.1632261659373,0.1695777232323,0.0400306629557,-0.0042408336228,0.8551801533370,0.1051724490065,0.2380684526484,0.0015359356814,0.1482451211171,0.0228558355994,0.1073120175234,0.1407114984484,0.3303575763259,0.0867219227827,-0.1058032089414,0.3910607156971,0.4220012696727
0.3641272687393,0.5260820162785,0.3933224089550,0.2011577538289,0.0703673443263,0.0776245818587,0.1429841321669,0.0604806740564,0.2685163358867,-0.0998518641997,-0.0454047161620,0.3224374864012,0.1212265581579,0.1269105916039,0.3441684562321,0.0363959363603,0.5538532248202,0.4746462756706,0.2992777572300,0.3824091538915,0.1272431646461,0.7900982427606,0.2827549849516,1.0000000000000,-0.0690560145124,0.3217731822567,0.3637780916185,0.2771910881545,0.2003628749765,0.4572262983476,0.6788803497680,-0.0979246728603,-0.0592340461648,0.5111404263867,0.5778057604366,0.2456998984928,0.1247064171768,0.0545093452063,0.2154347919133,-0.0632747415997,0.0519100117143,-0.0415721662519,-0.3315629831026,-0.0248037488389,-0.1539085078590,-0.1931285137791,0.0163466643690,0.0518931245878,-0.1991372772911,-0.1327745893107,-0.0960537571687,0.5416201246373,0.3065795747569,0.0274905083679,0.0163278308516,0.0710858010554,0.4758791372066,0.1583540020046,0.5483560002633,-0.1105052070658,-0.2434225276435,0.0042707220902,0.0919325082898,-0.0413134855759,0.1528082552845,0.4511845240417,-0.1004862568472,-0.0415061934602,0.3802832757302,0.4680554812784
0.0290890604084,0.0223709260971,0.3098789357552,0.4494622053798,0.5032539247304,-0.2365430427215,0.1284758542576,0.5766966217654,-0.0946449343244,0.6372196724260,0.3657273129633,-0.2507581236510,0.3517507218463,0.0512258302090,-0.0131567983814,0.3348996608219,0.0890931796674,-0.2103295755129,-0.3023227205496,-0.1106369960200,0.4172421470899,-0.0171956150265,0.3100309421424,-0.0690560145124,1.0000000000000,0.1729637051129,0.1217591026917,0.2019359664528,0.4950264331554,0.0007017687751,0.0170919886096,0.0990460941720,-0.0667918664203,0.0513262233754,-0.0927328128178,-0.1509714296566,0.1074438283240,0.2300879076869,0.4403265546967,0.5891641603442,-0.2794099654220,-0.0847331800238,0.5704993846854,-0.2801225949216,0.6732828587678,0.2789458206496,-0.4008394834311,0.3722482640824,0.0868398675461,-0.1447689673213,0.1970875317021,0.0013510667340,-0.2208676232175,-0.4513890163051,-0.4156469409289,0.4100263667058,-0.2302289169922,0.3805646576555,-0.1111734975670,0.8862097772534,0.1414548843222,0.0453223239520,0.3696555330413,0.3863185342058,-0.1718182001693,-0.1794329599851,0.2846043931026,-0.0788435173325,-0.0824986080754,-0.2151563329039
0.4207532669441,0.5464371721995,0.2815131773752,0.5474430135208,-0.0463099021587,-0.0350765047910,0.0926592753732,0.3069506837496,0.2067834725523,0.2685639702769,-0.0277926258549,0.2932399845197,0.0075726314581,0.6278601080619,0.4217973851624,0.3776933364226,0.3375375985166,0.3477289372969,0.1653593037759,0.4103076604757,-0.0229141472707,0.2548229892044,0.2818161073578,0.3217731822567,0.1729637051129,1.0000000000000,0.3514714949184,0.6016182968064,-0.0716988729645,0.3296659808844,0.1486100622674,0.1730350396993,0.0082479012117,0.2430997357448,0.3184684641547,0.1958407865857,0.3667642796631,0.0386237065457,0.6218193578950,-0.1247834723379,-0.1135791305191,-0.0637389608339,0.0099255920016,-0.1696332990150,0.1798942150562,-0.1809703679270,0.0192185078993,-0.0925151366626,0.3485894185266,0.0486765987451,0.1100139133902,0.1775160676788,0.0908831616910,0.0473414198917,0.0518768226219,-0.1105976857811,-0.0949424829971,0.1742611162074,-0.1158891509413,0.1123646223367,0.5329281312184,0.0050048997317,0.3522730994872,-0.2652867962498,0.2105531237219,-0.1058731988031,0.1965856283081,-0.0088894164112,0.0528198758070,0.1714141419881
0.3585575180259,0.4407728301655,0.2049191686374,0.3081816482715,0.0298184177170,-0.2239494855920,0.0159549938326,0.2227648396247,0.0031441218689,-0.0378249068164,0.1693182498644,0.2595057182803,0.1273145217233,-0.0271691146750,0.1924824891892,0.0018474741884,0.2414839267476,0.4558765888163,0.1753811292905,0.5530610516010,0.0585026049538,0.1149286782017,0.4679652443536,0.3637780916185,0.1217591026917,0.3514714949184,1.0000000000000,0.3138141612693,0.3165509266633,0.4053650660039,0.4791561779206,0.3061223209979,-0.0163662855940,0.3307711036587,0.4938251043840,0.0731898213686,0.2528676257296,-0.2272693349101,0.2998827530452,0.0624599023336,-0.3591796196060,-0.2649722357430,0.0843606387175,-0.3488387261340,-0.0547039807776,0.0919194557288,-0.0143818741916,0.1056009842087,-0.2958461760226,-0.2343884255748,-0.2029425920599,0.2117680309475,0.3317395555854,-0.0354000191454,0.0635782749004,-0.0276620154262,-0.1832540048202,0.3609932245128,0.0069726397108,-0.0407440418820,-0.2086562266822,0.3761630625028,-0.0024723323171,0.1761897700816,0.1476723309190,0.1695726845184,0.2022272143256,-0.0550343599634,0.1478531802409,0.2671721743651
0.4047380783701,0.3477174061889,0.5453490351781,0.3370084191353,0.0875515114680,0.0014304679891,-0.0072807622433,0.4136753351261,0.0857437157697,0.2529202370928,0.1295930022216,0.1784559963072,-0.0012019444410,0.4201884718314,0.3506934047282,0.2424371288111,0.3356097585114,0.2780565078884,0.2320551159253,0.4505844638245,0.0825896197193,0.1418394136467,0.1643468974704,0.2771910881545,0.2019359664528,0.6016182968064,0.3138141612693,1.0000000000000,0.0134149071079,0.1705573070456,0.1035797373918,0.2581792515864,0.0909905799339,0.0348241269138,0.0659265916007,0.0626976966375,0.1919260560173,0.0530603889672,0.2470212108587,0.0601171786608,-0.1250438898508,-0.0752338788865,0.0153027839277,-0.1280182950617,0.0918697198596,0.0538407334541,-0.0121381762767,-0.0070053588208,0.2250261658831,0.0018861018546,0.0182297145024,0.1802009901871,-0.1458457136327,0.0411585806956,-0.0793755643150,0.0553310736219,-0.2029825763707,-0.0113032916899,-0.1637377897809,-0.0256621908358,0.3224818457322,-0.0725703209899,0.4648095745730,-0.1603528041505,0.0394247605723,-0.2021525384030,0.2275117531370,-0.0830154834686,-0.0374768357889,-0.0728596998972
0.0798869028516,0.0053175269954,0.2882031975887,0.1653305044806,0.5518739902906,-0.2209197615465,0.3212777696489,0.4071259585056,0.0567913727232,0.1414670061190,0.5532600791549,-0.0964164122786,0.5780707860127,-0.2319882479498,0.0271310268043,0.1868163294058,0.1216970491672,0.0808912614383,-0.1264246372978,0.1366604789872,0.5400460698952,0.1972900129297,0.1650052742890,0.2003628749765,0.4950264331554,-0.0716988729645,0.3165509266633,0.0134149071079,1.0000000000000,0.1267944496241,0.2865816892753,0.0476835661424,0.0351611510996,0.0519983175016,0.1258362265691,-0.1599948486630,-0.0715798063242,0.0641766957968,0.0638555837345,0.6489129591477,-0.3529403837300,0.0418604129705,0.2528660950131,-0.1911290729715,0.1742472879467,0.4189577778912,-0.2500352130603,0.5937352867956,-0.2691374405763,-0.3049333427599,0.1431869590014,0.0854187370577,-0.0087201031336,-0.2888431671033,-0.2990599059535,0.5098211137394,0.0542864759573,0.1320679173802,0.2445389657895,0.3237625621589,-0.2841236138014,0.0725844083086,0.0990541916841,0.8139786403584,-0.1989165657722,0.1034995571237,0.1824791289828,-0.1713766878988,-0.1261720435303,-0.0833775401482
0.7254346824786,0.4687657442699,0.0519424472973,0.2299542220861,-0.1058814913799,-0.0352533627319,0.1855719607226,0.3501420015526,0.2411702288132,-0.0318904884618,0.2487853170767,0.4755960789939,0.0879924858616,0.3017601508786,0.6925967303660,0.2061012441977,0.3638822913753,0.3538797497475,0.4324925076279,0.6287998325512,0.0500495826964,0.4615416508063,0.2901875295495,0.4572262983476,0.0007017687751,0.3296659808844,0.4053650660039,0.1705573070456,0.1267944496241,1.0000000000000,0.5014344190365,0.3289300905764,0.1884967035345,0.5478423918945,0.5343885252398,0.5976641560371,0.0401078227423,-0.3468905687820,0.2913539992861,-0.0765515243708,-0.1361316938446,0.0487852249777,-0.0854491114086,-0.0935665526522,-0.0408679417881,0.0072392397134,0.1463538627510,0.0539918229095,0.0116767826948,0.1120778688875,0.0273098532029,0.3073947878392,0.1279409900103,0.1088885392125,-0.0631018335353,-0.0580647067746,0.0631215084041,0.1142338214022,-0.0375375632964,-0.0571790265594,-0.1636250088938,-0.2442805609102,-0.2152978932194,-0.0797404839860,0.5130055429005,0.0839332978394,0.3830034225387,0.3243578315704,0.2834215142522,0.4118094652386
0.3250427478454,0.5105079146113,0.2777419094395,0.2217979579746,-0.0914226075013,0.0385134528917,-0.0064086217695,0.0909977280466,0.1923629190242,-0.2716708749834,-0.0330281847366,0.4006483411754,-0.0083579759940,-0.0348909976640,0.2510384988427,-0.0076456757716,0.4124687421876,0.3946018826030,0.2693143342881,0.3919608706192,0.0121074066422,0.5152525561975,0.5064911714723,0.6788803497680,0.0170919886096,0.1486100622674,0.4791561779206,0.1035797373918,0.2865816892753,0.5014344190365,1.0000000000000,-0.0789330318005,-0.0106573074544,0.4239806663644,0.6398989561342,0.2013352985861,0.1934717727664,-0.1491163288900,0.2195528569321,-0.0947791172555,0.0052895519492,-0.0808047053567,-0.2797371273954,-0.0712505550424,-0.3018800683592,-0.2338808675387,0.0681355210025,-0.0144322445644,-0.3185688553259,-0.1995973306170,-0.1538762089210,0.4296645259130,0.3343553171437,0.0643243249610,0.0022741323717,-0.0345865783163,0.2278164436443,0.4392731323519,0.2841660818065,-0.0553850556485,-0.4129634809172,0.0250272837025,-0.1569965369212,0.0399031525300,0.2099552935480,0.5703315332486,-0.0864858087052,-0.0010558083443,0.2880456382822,0.5030818337820
0.2298425568772,0.1313945345766,-0.0120750809686,0.2409076251734,-0.0492929788381,-0.2820114516073,-0.2016465333793,0.3954139737303,-0.2522549082584,0.0759881599390,0.3308062970778,0.0530380067058,-0.0693563318554,0.2740079509678,0.2097191775014,-0.0217233920947,0.0909699862689,-0.0025845129985,0.1084956361526,0.3557537872830,-0.0213632967370,0.0122011945976,0.0938012798603,-0.0979246728603,0.0990460941720,0.1730350396993,0.3061223209979,0.2581792515864,0.0476835661424,0.3289300905764,-0.0789330318005,1.0000000000000,0.0936279880898,0.0947761375209,-0.0434613238170,0.0793509905505,0.0221858164224,-0.3244135154753,0.1133376223971,0.0769740525433,-0.3423991188380,-0.2779367396796,0.2075842405125,-0.2105584454407,0.0704522665823,0.3238528702619,0.0748394458536,-0.0217436553540,0.2785804519198,-0.0096428732004,-0.0856439252689,-0.0027709321083,-0.1599414634122,-0.0300149535319,-0.1533756079866,-0.0654790020740,-0.2286594668917,-0.0458017382612,-0.2816960366009,-0.0300052542866,0.1927688343968,-0.1044944359406,-0.0852757301290,0.0782543918890,0.2202021304826,-0.2649828957894,0.8285992076427,0.2755423230365,0.0556239561847,-0.0082088585613
0.2139509171884,-0.0377480817733,0.1801461148518,0.0080507265747,-0.0207949206645,0.4560477957384,0.3212791082652,0.1755955678326,0.2625316384526,-0.0178038131877,0.1216726372128,0.2531662272525,0.0606882215956,0.1334093632953,0.2460054405627,0.4081297405223,-0.0886038675490,0.0149613424892,0.2395383157345,0.0839075837267,0.0447873002833,0.0579441615796,-0.2361894364411,-0.0592340461648,-0.0667918664203,0.0082479012117,-0.0163662855940,0.0909905799339,0.0351611510996,0.1884967035345,-0.0106573074544,0.0936279880898,1.0000000000000,-0.0999175240907,-0.0771205255238,0.2746676851818,-0.3259684881212,-0.1063325640224,-0.0032913920332,-0.0154740743670,0.2433193739327,0.3929517380543,-0.0610386362820,0.2741153740906,-0.0264323914286,0.0153108361571,0.2738372060998,0.0648463429490,0.1495978369768,0.3312367359707,0.3776665901830,-0.1972429051116,-0.1821262331041,0.2601274356065,-0.1127661217105,0.0161958504060,-0.1008286262630,-0.2217156716466,-0.2177002401704,-0.1056399645902,0.0038920813633,-0.1731191113932,-0.1984548788914,-0.0484713193547,0.1931611499723,-0.2271887727767,0.0806557447917,0.2814783803473,-0.0500702608220,0.0812631256379
0.4209850980002,0.5693929740489,-0.1021115529740,0.2658889867033,0.0565811420605,-0.0805352843499,0.1232871023435,0.1528780576355,0.1186196587900,0.1776441757811,0.1128400745299,0.1703911628509,0.2265380597624,0.0401411039136,0.3393997922654,0.0627617990756,0.2790083584108,0.4264277340359,0.0890694884888,0.2949618825274,0.1493795584100,0.4110320036390,0.4668429874213,0.5111404263867,0.0513262233754,0.2430997357448,0.3307711036587,0.0348241269138,0.0519983175016,0.5478423918945,0.4239806663644,0.0947761375209,-0.0999175240907,1.0000000000000,0.5249014184972,0.3251337446419,0.2996389889831,-0.1936582458102,0.4591627446203,0.0246456041856,-0.0942718507423,-0.1453914984337,-0.0537997184996,-0.1989253558958,0.1748047312273,0.0024881783672,-0.1076876727280,0.1408397437701,-0.2106720401625,-0.0815597618348,-0.0673212963790,0.2766060641098,0.3812288010580,-0.1604274233373,0.0660247015435,0.1099052666373,0.1512754696608,0.3508600748724,0.2171222056687,0.0861887926418,-0.1811426865908,-0.0535808427599,-0.1603560279186,-0.0623167871900,0.3075205486401,0.2528104773726,0.1160288457014,0.0175749573938,0.6088997514902,0.4931948911587
