1.0000000000000,0.2600180201867,-0.0636904520171,0.2934301822052,0.3504269526916,-0.2501154910219,0.0771109247781,0.3143742983450,-0.2005176795010,0.4241448275609,0.0673694292241,-0.0152366718356,0.5167391638735,0.2017168559831,0.3934763918896,0.3203556422267,0.4452991508835,0.6329055368502,0.1343064328254,0.5848743130206,0.4751696651521,0.5804704856482,0.4425702638629,0.4951554639079,0.4504331160242,0.2112572983916,0.0835876890718,0.1186304123386,0.3626618640903,0.6168634025516,0.4837733256464,0.0453650601137,0.0484303883976,0.2422845968033,0.4643752407855,0.6992623339272,0.1563336804553,-0.2197799381909,0.1578245803072,0.4436157980060,-0.3740376344549,-0.0260478837504,0.1511685391366,-0.3487247898684,0.4151551676881,-0.0180812187695,0.0006204567137,0.4530560091164,0.0344419812798,0.0841594831158,0.0864941772211,0.4594292810951,0.3862448641480,0.0836049216358,0.2533697385536,0.3865688953411,0.4419445285765,0.1001946299365,0.4792242295740,0.3946996620855,0.0063750895576,-0.1357216358008,0.0818855016828,0.2908974929521,0.4682528477226,0.3221626848304,0.0796703991967,0.1030354458698,0.1600616146581,0.4088929394624
0.2600180201867,1.0000000000000,0.2723993427015,0.7529754493071,-0.0754013158311,-0.0980698415424,-0.1470558920912,0.2427916829972,-0.1165475042833,0.2343009207386,-0.0365929932644,0.2315146183846,0.0959260227426,0.2019160224461,0.1026118596227,0.2959256930588,0.0592297405072,0.4385094866340,0.1608925018544,0.3763433070980,0.1742519068764,0.0587052306898,0.6560801897338,0.2857156148823,0.2676257605461,0.6740691897384,0.3634822957274,0.3653071042753,0.0873145335124,0.3658744766337,0.3674904306727,-0.0162075194891,0.1012237695466,0.4405953729482,0.6448208851337,0.1644680972026,0.7303807389521,-0.0709848113813,0.7434056076747,0.0737058426369,-0.2019175458861,-0.1994590509075,0.0662188863465,-0.2508129984563,0.1439185372546,-0.1964083007943,0.2186557553057,0.0801986478091,0.0713312459437,-0.1829361340228,0.1845164980370,0.0914864861590,0.3270959604948,0.0416108664046,0.1787204868009,0.1797000981782,-0.0447311206784,0.5421901756190,0.0937602630914,0.2297167409846,0.4357298355629,0.0952560297085,0.3354418153347,0.0462393865190,0.1796365549957,0.2156589698147,-0.0243418864450,0.0605011423623,0.4027089603739,0.6043838922977
-0.0636904520171,0.2723993427015,1.0000000000000,0.3695509730607,-0.2909012027264,0.2880818941239,0.1379006397600,0.3246284748946,0.4149759069270,-0.0764712735764,0.0122867810433,0.3631993601775,-0.1862376172494,0.1104368002335,0.1749207011659,0.2564228454977,0.1731999807545,0.1090209883713,0.3963276010179,0.1009175914434,-0.0629734886524,0.1068555054319,-0.0345722502998,0.4207260862541,0.0370588912685,0.2481028417154,0.4052179724697,0.6819693736443,0.0746635324508,0.0061320416459,0.2549786792354,-0.1500422915049,0.1765003436565,-0.0609359481117,0.1644224901441,-0.0933605631420,0.1020057688012,0.5065618501563,0.2901339680495,-0.2471245410678,0.2631361559835,0.0689458006900,0.0600308229561,0.3280031906256,-0.1046444491456,-0.1038636242910,0.3395540427603,-0.1848358263540,0.1675790002491,0.1728018072286,0.2221083112497,0.1631537065090,0.0307190273426,0.1741085439910,-0.1170626897882,-0.1034598724915,-0.0403550227745,-0.0157658473087,0.0475001836661,-0.0402179054078,0.1364610797350,0.3169829884792,0.5496975966452,-0.0107553401267,-0.0559674867252,-0.0096383199244,-0.1219476573072,0.1688928631463,-0.1388518543645,0.1079211743178
0.2934301822052,0.7529754493071,0.3695509730607,1.0000000000000,-0.0089624888845,-0.0564381004490,0.0148462757811,0.2595476839124,0.0069748806215,0.5130651904420,0.0729652454245,0.2720720563752,0.2178876441506,0.4126105216950,0.2901209675195,0.4577363140836,0.2059330847172,0.2709390300580,0.2310436062818,0.3953456754245,0.3093446325643,0.1647593097578,0.7159795631234,0.2808364225126,0.4837277908058,0.6775911732560,0.2805007432346,0.4104029579156,0.2135969799565,0.3609316811963,0.3294787174526,0.1232826230996,0.0891777926403,0.4005693053021,0.5036659901151,0.1309402790818,0.6376480182954,0.0069116066406,0.8335591945967,0.1488195696864,-0.0853520548642,-0.0809686189652,0.0616489914062,-0.1403216210196,0.3920865579386,-0.1651950397516,0.3647412385874,0.1720677044626,0.2817813850840,-0.0081994690798,0.3145391185346,0.1860476580687,0.0943310280916,0.0580612550779,0.0259333156866,0.2857335841874,-0.0235963100974,0.4907704860870,0.0550271603510,0.4278002282773,0.5331222988902,0.0312168347320,0.3978467168212,0.2300426196437,0.1147035017290,0.0318639560334,0.1367685860479,0.1161673590784,0.2766098490849,0.4397196677158
0.3504269526916,-0.0754013158311,-0.2909012027264,-0.0089624888845,1.0000000000000,-0.1718392938658,0.2232337930110,0.0951882455362,-0.1800846237558,0.4435725038600,0.3819835330343,-0.2185203776813,0.8461208302461,0.1244570774536,0.1534394392502,0.0889460023931,0.2657492948571,0.0644617631187,-0.1577908795954,0.0700474893141,0.8025276981358,0.4326454642081,0.2005724764483,0.1896130344238,0.4991735124550,-0.1005690302240,-0.1881941309609,-0.1198258894850,0.4430831690341,0.2911583456856,0.1518297137551,0.1821963327595,-0.0518803276116,0.1379439319752,0.0609353206080,0.3183410972512,0.0091628078211,-0.1913757228488,-0.0380687502494,0.8932329239494,-0.1400254493953,0.2186368975340,0.0600727861549,-0.1741687725674,0.5207332016061,0.4437479693528,-0.1407483500924,0.8543676274837,-0.0070526357541,0.1001154596257,0.0606884004260,0.2461595859467,-0.0601036024750,-0.1934981226453,-0.0471506393499,0.7920095607774,0.3928599835921,0.0739757766299,0.3409868472643,0.4330877954971,-0.0138336441358,-0.2311531837898,-0.1461086931987,0.3660982758697,0.2340331216276,0.1102805846994,0.1960858879728,-0.0468549226502,0.0754288869496,0.1065047205247
-0.2501154910219,-0.0980698415424,0.2880818941239,-0.0564381004490,-0.1718392938658,1.0000000000000,0.4319308445408,-0.1009733943347,0.6879389254096,-0.2868772781382,0.2811063055691,0.4265290291028,-0.2897132234241,0.1437594130775,0.3245517757409,0.0845357703668,-0.0743874651377,-0.1183204155532,0.3001336291171,-0.1228323011454,-0.2475229526941,-0.0553262866670,-0.2068231108904,0.0117510273542,-0.2116394179447,-0.0262163748670,0.2593198682292,0.2434295396556,-0.1585203800189,0.0278558356960,0.0201647535249,0.0931040232156,0.4877508551156,-0.0434202000533,0.0647880185008,-0.1512888228405,-0.1387412116234,0.0209600577829,-0.0505296149987,-0.1707317205835,0.7585977089308,0.4619648809736,-0.2889351374853,0.6463526050739,-0.3000692589401,0.1135282322643,0.3191862771111,-0.2532502223763,0.1494120210130,0.4686610185803,0.2588515540607,-0.1340447282006,-0.1040604699432,0.1752258248464,-0.0473958650066,-0.2314847485821,-0.1800732672126,-0.1386016477040,-0.2024262488432,-0.2341261351289,-0.0283648604332,0.1526119041542,0.2227624848348,-0.1869136462487,-0.0160369097435,-0.1689086036605,0.0401460931441,0.3250716955104,-0.1037686492032,0.0462688631100
0.0771109247781,-0.1470558920912,0.1379006397600,0.0148462757811,0.2232337930110,0.4319308445408,1.0000000000000,0.1000410474655,0.6938331623572,-0.0446293840964,0.6241797923419,0.1637521515151,0.3153524935070,0.1787083749964,0.4912513886052,0.2884957634961,0.0466574079419,-0.1263167488195,0.1709154490798,0.0119107646421,0.1477319497317,0.2417721704701,-0.1017189112976,0.1601632894879,0.0908811019614,-0.1035883794330,0.0762974084445,0.0841372662797,0.2743106461087,0.2025623673133,0.2267272239860,0.0703407465818,0.3759199847579,-0.0060887468396,-0.0154753157700,0.0101318238854,-0.2269350289552,0.0196667131181,-0.0052397564135,0.2007474842924,0.3434593510715,0.7992955781328,-0.0837410526301,0.4742257907910,0.0161650634325,0.6381607138689,0.0853723063814,0.3102007896675,0.1477707112657,0.4468642883698,0.3388466716755,0.0098934682128,-0.1824794406877,0.0806573706414,-0.1592352676436,0.0688296276645,0.1575630423567,-0.0402398055837,0.0620597976083,0.0165165892414,-0.1253055990417,0.0286756053471,0.0094750385736,0.1720646574099,0.1804359372820,0.0306484668802,0.0795383300328,0.2203842585772,-0.1190768069059,0.0945385691277
0.3143742983450,0.2427916829972,0.3246284748946,0.2595476839124,0.0951882455362,-0.1009733943347,0.1000410474655,1.0000000000000,-0.0373059376237,0.2110177646599,0.1091877422571,-0.1879558161427,0.1575308531051,0.0782575068976,0.1460035528246,0.2272825557195,0.1747491263182,0.1823322459830,-0.1197582299087,0.1320517469681,0.1480987141199,0.2368762172598,0.1007626954369,0.3606820109649,0.5630164990855,0.3790487344225,0.2904616547785,0.3319779814015,0.4463920440110,0.2527217589878,0.2732614195927,0.1266649505739,0.1846936739561,0.1596716700456,0.1559022211930,0.2807139237865,0.1542244845809,0.1563980676360,0.1858861657623,0.1911650850299,-0.2721300819202,-0.0561225361229,0.6327487261610,-0.2360545761657,0.3273752982514,0.1385102337764,-0.2240858355416,0.1294688682474,0.0148534552738,0.0442426493726,0.0685823406042,0.1960394040576,0.1237505415299,-0.1398843667857,-0.1688211477881,0.1495620696832,0.0623632787920,0.2010720053907,0.0853657127400,0.4752611854640,0.2915850389619,0.1728927122352,0.2373843139172,0.2923564369883,0.1872748911825,0.1196967481697,0.3003933954128,0.1741512421051,0.0629292777086,0.1252663158073
-0.2005176795010,-0.1165475042833,0.4149759069270,0.0069748806215,-0.1800846237558,0.6879389254096,0.6938331623572,-0.0373059376237,1.0000000000000,-0.3490715837844,0.5412563256371,0.4881761583382,-0.1845192205762,0.1677297096460,0.5559938629479,0.1599491316543,-0.0246736595005,-0.0718171742281,0.3874100109373,-0.0040664959398,-0.1707741754737,0.1200566705612,-0.2686628363970,0.1549924796826,-0.2068884935819,-0.0247297761952,0.2404097336512,0.2501275971931,0.0362150151236,0.0549700124066,0.1464514645572,0.0269350156001,0.4209643507414,-0.1288712302783,-0.0100578044343,-0.1527745436497,-0.2530544681023,0.1810503784912,0.0305340792819,-0.1403887586323,0.6787170067587,0.6101684483109,-0.2400375407744,0.7603190904112,-0.3692879568687,0.3210250507175,0.4086699395182,-0.1428025937049,0.1559186689146,0.4950325368462,0.3051381743443,-0.0780682149243,-0.0994096025118,0.2113422349344,-0.0954467998422,-0.2411293781770,0.0179458210429,-0.2276408942296,-0.0149026188097,-0.2439634782618,-0.0897221243783,0.2119638824151,0.2549263232947,0.0219602361843,-0.0384761392275,-0.0948323230191,0.0017688633719,0.3564453087590,-0.1574289016053,0.0610783073251
0.4241448275609,0.2343009207386,-0.0764712735764,0.5130651904420,0.4435725038600,-0.2868772781382,-0.0446293840964,0.2110177646599,-0.3490715837844,1.0000000000000,-0.0483471179218,-0.1436122872287,0.5510111848744,0.4355675475478,0.1678958139860,0.4381301031591,0.3057855700040,0.0201739365358,-0.0569808862919,0.2315024196309,0.5636350852108,0.2348658165773,0.4752127205704,0.0576255448000,0.6990081768413,0.3243502463589,-0.2134181665193,0.1383901583689,0.2236758633358,0.2816454814240,0.0102299955810,0.2421678031902,-0.1725549655859,0.2667744558123,0.1490670540317,0.1977380061368,0.3008190105140,-0.1688925974750,0.3759304218972,0.4675741179369,-0.2751333493888,-0.0894654059613,0.0537528929497,-0.3954707450609,0.8504030742484,-0.0818691230687,0.0401148155634,0.5118229444711,0.3748913029089,-0.1095362614812,0.2400832659479,0.2317095952255,-0.2022063673987,-0.1935621039321,-0.1227773705123,0.5801824790300,0.1080731756414,0.1821550979353,0.0616564073928,0.6231080667303,0.3833038184287,-0.3731616020499,0.0562456848301,0.2310551459141,0.1103006940605,-0.1392795452614,0.2214204973181,-0.0783052011640,0.1236434945216,0.0550043969557
0.0673694292241,-0.0365929932644,0.0122867810433,0.0729652454245,0.3819835330343,0.2811063055691,0.6241797923419,0.1091877422571,0.5412563256371,-0.0483471179218,1.0000000000000,0.1344748158282,0.4011087927734,0.1771704946183,0.5410170986457,0.0535831928967,-0.0664051789503,0.0516508847219,0.1539993224637,0.1125570961294,0.3611905231537,0.2310095382859,-0.0121656419234,0.1089070856842,0.0578504297160,0.0325124529347,0.1035948137811,-0.0077572061252,0.3290709755858,0.2203121685906,0.1912881350233,0.3039553541191,0.3154526705819,0.1426547942672,0.0707499386459,0.0377333120251,-0.0342819957901,-0.0627234139913,0.0895245442180,0.4649825449594,0.2745513022706,0.5188313426334,-0.0198269803155,0.3023677205741,-0.0161260478479,0.7237615658350,0.1829576563631,0.3684635310460,0.0097321557086,0.3333357649275,0.1156041018563,-0.0817929302785,-0.0013326287856,0.1786077253483,0.0669536622440,0.2799542515531,0.1254996596907,-0.0326164377142,0.0794820583358,0.0065916021625,0.1013494715008,0.1129184753151,0.0847329940031,0.3356304615436,0.0232157691745,-0.0905474241280,0.2673756705427,0.1640630064966,0.0890740755568,0.1435810253416
-0.0152366718356,0.2315146183846,0.3631993601775,0.2720720563752,-0.2185203776813,0.4265290291028,0.1637521515151,-0.1879558161427,0.4881761583382,-0.1436122872287,0.1344748158282,1.0000000000000,-0.1776778286977,0.4284391442414,0.5033181782279,0.2862423485223,0.0490983429781,0.2418668440733,0.7551580914373,0.2391354395605,-0.1331368792001,0.0817170673727,0.0477719193345,0.1568251630173,-0.1650277178770,0.2406596569795,0.2711693606074,0.3262877262948,-0.0412155075923,0.3044733199776,0.2699840986747,0.2115672562365,0.4005579372854,0.0176178758913,0.4064832116277,-0.0751341013959,0.0771214216901,-0.0906035049763,0.2965304047917,-0.1111234684714,0.4890719481022,0.0939866362487,-0.4067895347351,0.3272193182238,-0.2716089760228,-0.2600409773552,0.7982542297742,-0.1834835734828,0.2996975103580,0.2551175082261,0.2668515645080,-0.0051713087224,0.1427963006848,0.4910238880805,0.3437579973648,-0.1513330503143,-0.0144453710610,-0.1668551239159,-0.0082232101810,-0.2396717550532,0.0340415012488,0.1120186256186,0.3170061954985,-0.0129587386436,0.1192910548573,-0.0408433636011,0.0375070024703,0.3827505348095,-0.0678340793997,0.3312288976890
0.5167391638735,0.0959260227426,-0.1862376172494,0.2178876441506,0.8461208302461,-0.2897132234241,0.3153524935070,0.1575308531051,-0.1845192205762,0.5510111848744,0.4011087927734,-0.1776778286977,1.0000000000000,0.1561697731695,0.1911864898189,0.2415820473214,0.3647500785828,0.1749908747887,-0.0677711246024,0.2392952750850,0.8715197146380,0.4880580939533,0.3488319964527,0.2921378153371,0.5081502342851,0.0196873328719,-0.0973175614299,-0.0718378566644,0.5690643573314,0.3823754729201,0.3039888096625,0.1820202884257,-0.0685720780596,0.2349273628583,0.2167217339305,0.3746105490904,0.1440868355226,-0.1869814989436,0.1020425475724,0.8263041837489,-0.2970833855494,0.2322516467536,0.0403046019713,-0.2802311565013,0.5652403799197,0.4076065751392,-0.0484459299710,0.9245097988904,-0.0094700928466,-0.0059981646603,0.1275988280446,0.3586523942847,-0.0080827755726,-0.0957755793517,-0.0000699021119,0.8069288331135,0.4322096642169,0.1296394989695,0.3852672763613,0.4337948400852,0.0491653483082,-0.1936888283711,-0.1090768333744,0.4710407278844,0.2605782858934,0.1835142428943,0.1951989664176,-0.1163434906469,0.1558332937865,0.2448519905541
0.2017168559831,0.2019160224461,0.1104368002335,0.4126105216950,0.1244570774536,0.1437594130775,0.1787083749964,0.0782575068976,0.1677297096460,0.4355675475478,0.1771704946183,0.4284391442414,0.1561697731695,1.0000000000000,0.5918590209159,0.3622925129958,0.1347334735272,0.0525275276103,0.4900654376186,0.2687910278173,0.1344882349702,0.1985110775392,0.2165141166982,0.0663818412259,0.3460141751253,0.5795412327165,-0.0322406663662,0.3958409702525,-0.0270849739772,0.2962631409020,-0.0090845523909,0.4611216472490,0.1496348978059,0.0978264655641,0.0966879852647,0.0404498804262,0.0974438760256,-0.2175644103135,0.4160685663411,0.1846598451159,0.1656405210446,0.0729185985661,-0.1909389073456,-0.0237194497784,0.2724443624553,-0.0361774723677,0.4649876228172,0.1336122329179,0.7888977110306,0.2242386814399,0.2819708698245,0.0509054230998,-0.1635707608018,0.1459757344215,0.0507700971535,0.1473992629319,0.0073131053916,-0.0449019981408,-0.0465311091100,0.2073862521404,0.4463244280231,-0.2805054584044,0.2944489022625,0.0118014235748,0.0874400965079,-0.2821853723598,0.2958622911720,0.2241328636403,0.0004320146966,0.0535328606114
0.3934763918896,0.1026118596227,0.1749207011659,0.2901209675195,0.1534394392502,0.3245517757409,0.4912513886052,0.1460035528246,0.5559938629479,0.1678958139860,0.5410170986457,0.5033181782279,0.1911864898189,0.5918590209159,1.0000000000000,0.4007481674497,0.1488286586234,0.2987582794233,0.5528611731608,0.4284748906283,0.1683320073123,0.3962879197706,0.1372193301223,0.2568743400204,0.2313469616533,0.2413913827913,0.0597329887720,0.2584437947815,0.2021782117684,0.5882884828453,0.3647888347610,0.3553903060385,0.4605715842388,0.1289309594833,0.2854880106205,0.2465042002943,-0.0598017565530,-0.1797552722336,0.2652936544996,0.2808246797457,0.3128318676891,0.3121499013127,-0.1991315066029,0.2089669810093,0.0800449684231,0.1641339385275,0.4619079741959,0.1841122162678,0.3733439226598,0.4126431886316,0.2776644751045,0.0636531453213,0.0941912975471,0.3258347087564,0.2026631718031,0.1229025146124,0.1750766203167,-0.1284292867213,0.1259934483500,0.1387521689830,0.1033322213314,-0.1297073121725,0.2340954514561,0.2219481000400,0.2652982672536,-0.1174049968193,0.2686190373547,0.4398579205931,-0.0385401104260,0.2698367619027
0.3203556422267,0.2959256930588,0.2564228454977,0.4577363140836,0.0889460023931,0.0845357703668,0.2884957634961,0.2272825557195,0.1599491316543,0.4381301031591,0.0535831928967,0.2862423485223,0.2415820473214,0.3622925129958,0.4007481674497,1.0000000000000,0.2374216621725,0.0813273011629,0.2003903466707,0.1563955969231,0.2351464623441,0.2478096008533,0.2819326680667,0.2653490133241,0.4078975852287,0.3302342715583,-0.0248409852669,0.2769899771393,0.1629767177028,0.4514363001352,0.2191513089595,0.0209967910690,0.2742485299877,0.1599449783570,0.3919162231365,0.2347817319006,0.2428699867927,0.0197573874794,0.4020257695077,0.2235950830599,0.0409903036759,0.1407150610321,0.0483797703728,0.0366650815258,0.4073717359363,-0.0791218867485,0.2860243904951,0.2608970140776,0.4294487616784,0.2422573406222,0.6927282367587,0.1945627681750,-0.0377394954559,0.0371328289929,-0.0863730887988,0.2179849777612,0.1449446987352,0.0506927350577,0.1607694692012,0.3754967970196,0.2808947223930,-0.0926067745222,0.2454013393558,0.1309605018465,0.3837948269407,0.0631363198149,0.0857643781385,0.2300380395834,-0.0193511168640,0.3689584763508
0.4452991508835,0.0592297405072,0.1731999807545,0.2059330847172,0.2657492948571,-0.0743874651377,0.0466574079419,0.1747491263182,-0.0246736595005,0.3057855700040,-0.0664051789503,0.0490983429781,0.3647500785828,0.1347334735272,0.1488286586234,0.2374216621725,1.0000000000000,0.3050047215025,0.0209848315130,0.2586257212512,0.3207086134463,0.7280801613699,0.2806102517787,0.6328276628661,0.3992161178890,0.0883687370622,-0.0057682526123,0.2793789588681,0.4026553925660,0.2465737060265,0.3697455941050,-0.0253321655350,-0.0900873849578,-0.0958126261894,0.2520185295333,0.3343659139181,0.0543814854520,-0.0504271275030,-0.0282889399369,0.2560345666900,-0.0878258434947,-0.0029819748240,-0.0352758283312,-0.0649836344765,0.3287841516009,-0.1877905370314,0.0830917711789,0.2994556346165,0.1027116682816,0.0779962199814,0.0998659910243,0.9249997935758,0.1188237674384,-0.0664513003119,-0.0649816492486,0.2507132048749,0.6119099868547,-0.0465192751648,0.6074275395814,0.3905297439293,-0.0000018406255,-0.1262651240671,0.2184036006305,0.3399268810416,0.1378283721259,0.2407262063246,0.0534173844702,-0.0463470090642,-0.1544916608853,0.2214411618526
0.6329055368502,0.4385094866340,0.1090209883713,0.2709390300580,0.0644617631187,-0.1183204155532,-0.1263167488195,0.1823322459830,-0.0718171742281,0.0201739365358,0.0516508847219,0.2418668440733,0.1749908747887,0.0525275276103,0.2987582794233,0.0813273011629,0.3050047215025,1.0000000000000,0.2967229788796,0.7092089395363,0.2056913648078,0.4232687981758,0.3492879963350,0.5668557647338,0.1123998681732,0.2907430358206,0.4171451903376,0.1917924928504,0.2578349288237,0.4904875510702,0.6191756889562,0.0491785419603,0.0741881578551,0.2433923422198,0.6310484076894,0.4782895651221,0.2301321362189,-0.2310963619731,0.2002934109524,0.1852510569934,-0.2212607038176,-0.1922264169671,-0.0546810414401,-0.2485203147086,-0.0463420219730,-0.1931625413711,0.2121068576730,0.1622421502577,-0.1824805408972,-0.0828314526772,-0.0731924741289,0.3173423550149,0.7545449611105,0.3046157376339,0.5458738148007,0.1517132018707,0.2717393231902,0.1339903281178,0.4302883819971,0.0623798495831,-0.0549187071852,0.1662065848237,0.1464922841547,0.2263320744732,0.2460547513994,0.3516011175101,0.0199204800376,0.0008519620373,0.2270523979715,0.5891646564241
0.1343064328254,0.1608925018544,0.3963276010179,0.2310436062818,-0.1577908795954,0.3001336291171,0.1709154490798,-0.1197582299087,0.3874100109373,-0.0569808862919,0.1539993224637,0.7551580914373,-0.0677711246024,0.4900654376186,0.5528611731608,0.2003903466707,0.0209848315130,0.2967229788796,1.0000000000000,0.4792797912719,-0.0554216782351,0.0932766616272,0.0857158339170,0.1612010571806,-0.1615448566230,0.1714325197044,0.3010336118382,0.4155704118082,-0.0858156605289,0.3002762955958,0.2412857887986,0.2678917019685,0.2548200845872,0.0375261959199,0.2467762813815,0.0062008062767,-0.0446865501787,-0.0262066603356,0.2063753410815,-0.0283523854757,0.3252804743731,0.0520253457264,-0.3572418019900,0.1526086595892,-0.1610586932309,-0.1544687159256,0.7036895772617,-0.0848589037234,0.2574624989858,0.2107685195591,0.1700180063506,-0.0219482746213,0.1827151931266,0.6202774581303,0.3545332476861,-0.0860187101763,-0.0384988586861,-0.1660712864600,0.0173411917265,-0.2320712570500,-0.0117480907450,0.0753677792319,0.3260504622302,-0.0429916865347,0.0746312428714,-0.0867693450910,0.0426555093131,0.2647389794006,-0.0656539549965,0.2251726414913
0.5848743130206,0.3763433070980,0.1009175914434,0.3953456754245,0.0700474893141,-0.1228323011454,0.0119107646421,0.1320517469681,-0.0040664959398,0.2315024196309,0.1125570961294,0.2391354395605,0.2392952750850,0.2687910278173,0.4284748906283,0.1563955969231,0.2586257212512,0.7092089395363,0.4792797912719,1.0000000000000,0.2590382145369,0.3529414062886,0.3996245520724,0.4194029898253,0.1231461191495,0.3408940643022,0.3437938852943,0.2522382509314,0.1648860393728,0.4440961668891,0.4353792463820,0.1124524765243,-0.0534533592292,0.3342248901119,0.4401225434511,0.3793235407429,0.2161406831308,-0.1521226559158,0.2279798838936,0.1780440607616,-0.1700337898986,-0.0821831860465,-0.0855400289147,-0.1965968538318,0.1215315401022,-0.0984068490628,0.2705320794458,0.1906237853675,-0.0105811630130,0.0128109280570,0.0089272627233,0.2614810051234,0.4495014590943,0.3849064417427,0.3715099587920,0.1894402921537,0.2159260118217,0.1717782809306,0.3098737395805,0.0748599954568,-0.0091730513675,-0.0182985285504,0.1338784531436,0.1485973104934,0.1536938392777,0.1427931474165,0.0592596457131,0.0427579524923,0.2307191692556,0.4016258052626
0.4751696651521,0.1742519068764,-0.0629734886524,0.3093446325643,0.8025276981358,-0.2475229526941,0.1477319497317,0.1480987141199,-0.1707741754737,0.5636350852108,0.3611905231537,-0.1331368792001,0.8715197146380,0.1344882349702,0.1683320073123,0.2351464623441,0.3207086134463,0.2056913648078,-0.0554216782351,0.2590382145369,1.0000000000000,0.4295295916185,0.3529289908275,0.3017850322035,0.4832085886110,0.0984285261610,-0.0650451610085,0.0402027458728,0.4780696047919,0.2922959823946,0.2574798300953,0.1021956062924,-0.0745285626748,0.2220960987369,0.2383414682164,0.3506945169296,0.2263781738923,-0.1022499907348,0.1983792052904,0.8196972745552,-0.2136501566124,0.1307183086121,0.0412362536971,-0.2234248590448,0.5271162068670,0.2752174552707,0.0438435956314,0.8303847948080,0.0026892220436,-0.0151570540127,0.1251586162224,0.3026285368837,0.0338356401588,-0.0881502913977,0.0113102970741,0.9248444526837,0.3201835145596,0.0882144080953,0.3477442748756,0.4259012822572,0.1520577024953,-0.1884928376182,0.0491063736687,0.4154301750811,0.1366580953848,0.1076342136431,0.1116339192058,-0.0703382537413,0.1906711630176,0.2264448148172
0.5804704856482,0.0587052306898,0.1068555054319,0.1647593097578,0.4326454642081,-0.0553262866670,0.2417721704701,0.2368762172598,0.1200566705612,0.2348658165773,0.2310095382859,0.0817170673727,0.4880580939533,0.1985110775392,0.3962879197706,0.2478096008533,0.7280801613699,0.4232687981758,0.0932766616272,0.3529414062886,0.4295295916185,1.0000000000000,0.2360756894361,0.7845433004868,0.3758223152763,0.1003334367221,0.0038338812888,0.1700034347707,0.6155294125707,0.4354146265927,0.6079835907574,0.1247605923577,0.0494693501553,-0.0148502408388,0.3032556621610,0.4798422821566,-0.0370741142403,-0.1234461271690,-0.0156567106355,0.4327614396085,-0.1010394026669,0.1450177314034,0.0072864213352,-0.0286909714009,0.2740766890343,0.0645938592364,0.1004180180838,0.4257543316436,0.0623422933367,0.1756460489123,0.1097752983191,0.6649694606023,0.1985112699798,-0.0501352825544,-0.0025227831865,0.3077058878866,0.8230398385519,-0.0879630146098,0.7248090755812,0.3345746029442,-0.0317174965427,-0.1534764954885,0.1146630269736,0.5425407811691,0.2534016099838,0.3319423600467,0.1786907995656,0.0601467928672,-0.1231954291177,0.3260770990064
0.4425702638629,0.6560801897338,-0.0345722502998,0.7159795631234,0.2005724764483,-0.2068231108904,-0.1017189112976,0.1007626954369,-0.2686628363970,0.4752127205704,-0.0121656419234,0.0477719193345,0.3488319964527,0.2165141166982,0.1372193301223,0.2819326680667,0.2806102517787,0.3492879963350,0.0857158339170,0.3996245520724,0.3529289908275,0.2360756894361,1.0000000000000,0.2350893731451,0.4670766144521,0.4266736974868,0.1427615527416,0.1459148928307,0.1789978634922,0.5016316837512,0.3851231780544,0.1267984850172,-0.0025084384632,0.5454932627708,0.5206820907040,0.3089113134269,0.5881713628561,-0.1773360999636,0.6210877768436,0.3131277880724,-0.2671928705687,-0.1550468300205,0.0902792757127,-0.3477279414561,0.4686315501654,-0.1146603639053,0.0952159677697,0.3120940347932,0.0258934393885,-0.0863946887552,0.1677150476087,0.2837254824768,0.2355415872467,0.0046127484010,0.1524495214756,0.3460880817153,0.1310818202302,0.6895894647883,0.2400490457712,0.4686110102610,0.2707319853884,-0.0925327817281,0.1138233799635,0.2207204499854,0.3387089553952,0.2928448938374,0.1068153376502,0.0492146073191,0.4566565867201,0.5083130748183
0.4951554639079,0.2857156148823,0.4207260862541,0.2808364225126,0.1896130344238,0.0117510273542,0.1601632894879,0.3606820109649,0.1549924796826,0.0576255448000,0.1089070856842,0.1568251630173,0.2921378153371,0.0663818412259,0.2568743400204,0.2653490133241,0.6328276628661,0.5668557647338,0.1612010571806,0.4194029898253,0.3017850322035,0.7845433004868,0.2350893731451,1.0000000000000,0.2847511772722,0.2155992489126,0.3065385156015,0.3836674106241,0.5407805430202,0.4003731433252,0.6653307096411,-0.0709115082698,0.0798059028583,0.0922141308483,0.4782167756125,0.3970744868771,0.1531002495293,0.1249477218280,0.0699624877268,0.2134823635342,-0.1190996107034,0.0363475745042,0.1250921472458,0.0028070121332,0.1226024004738,0.0140938249286,0.1099851478112,0.2529969112072,-0.0345125669786,0.1134844358600,0.1189013986689,0.6660514236797,0.3751947460755,0.0440413941253,0.0045084068128,0.1859110586446,0.6399653516162,0.0837433355994,0.7377029935651,0.2195517505357,-0.0347392130773,0.1130491486736,0.2811000578742,0.3910786731685,0.2528555818136,0.4849795239780,0.0363625720222,0.0465226145012,-0.0415680840441,0.4520990315527
0.4504331160242,0.2676257605461,0.0370588912685,0.4837277908058,0.4991735124550,-0.2116394179447,0.0908811019614,0.5630164990855,-0.2068884935819,0.6990081768413,0.0578504297160,-0.1650277178770,0.5081502342851,0.3460141751253,0.2313469616533,0.4078975852287,0.3992161178890,0.1123998681732,-0.1615448566230,0.1231461191495,0.4832085886110,0.3758223152763,0.4670766144521,0.2847511772722,1.0000000000000,0.3321206932333,-0.0170105090216,0.2097455993729,0.4699920165350,0.3860132930162,0.2369594211735,0.1172408860669,-0.0168904393499,0.2205011845379,0.2422105280436,0.3356535385733,0.3006249094020,-0.0350464784253,0.3644270394577,0.5185825917625,-0.2711716558192,-0.0155645238803,0.3942966097962,-0.3130579030472,0.7384690892113,0.0890478302366,-0.1267075871915,0.5035992564893,0.2792712121389,0.0230697499867,0.2492716816849,0.3759340675018,-0.0857516055033,-0.3226243096252,-0.2219717416965,0.5217317451316,0.2371123484928,0.3509718078408,0.2159697969647,0.8943784523074,0.3128476456589,-0.1495793656406,0.1522331595355,0.4193256939770,0.2868609699104,0.1448908990033,0.2102683701500,0.0446534754952,0.0881084771450,0.2002702763786
0.2112572983916,0.6740691897384,0.2481028417154,0.6775911732560,-0.1005690302240,-0.0262163748670,-0.1035883794330,0.3790487344225,-0.0247297761952,0.3243502463589,0.0325124529347,0.2406596569795,0.0196873328719,0.5795412327165,0.2413913827913,0.3302342715583,0.0883687370622,0.2907430358206,0.1714325197044,0.3408940643022,0.0984285261610,0.1003334367221,0.4266736974868,0.2155992489126,0.3321206932333,1.0000000000000,0.3179557089397,0.5158516269439,0.0486319530953,0.2608482028977,0.1169159939936,0.2601528486168,0.1533220711500,0.2864646770576,0.3781617530137,0.1361730315922,0.5429490906842,-0.1318002992440,0.6722501374924,0.0487944377968,-0.1479333161977,-0.2115215774080,0.1137828780309,-0.2084678647615,0.1833195718972,-0.1691205035358,0.2491980443631,0.0038360762055,0.4218158272725,-0.0459323665752,0.1872375456049,0.0787689335936,0.1196245483145,-0.0217914284901,0.0410975804049,0.1031365958061,-0.0940722391431,0.2929755936494,-0.0387876904924,0.2321732859358,0.7393458346245,0.0269166536247,0.4180901794834,0.0569552508019,0.0468841111412,-0.0858117003827,0.2532991734651,0.0818775937018,0.2595307684963,0.3250440414975
0.0835876890718,0.3634822957274,0.4052179724697,0.2805007432346,-0.1881941309609,0.2593198682292,0.0762974084445,0.2904616547785,0.2404097336512,-0.2134181665193,0.1035948137811,0.2711693606074,-0.0973175614299,-0.0322406663662,0.0597329887720,-0.0248409852669,-0.0057682526123,0.4171451903376,0.3010336118382,0.3437938852943,-0.0650451610085,0.0038338812888,0.1427615527416,0.3065385156015,-0.0170105090216,0.3179557089397,1.0000000000000,0.3503417866602,0.1706231252604,0.1632972439677,0.3848016995194,0.1463168571334,0.2019654978779,0.1580074149746,0.3296264171037,0.0984864091552,0.1881678863958,0.0238537516404,0.1602178216257,-0.1165196295570,0.1024437382550,0.0661466157539,0.0535372328147,0.0883740254717,-0.2693802584026,0.0076429193936,0.2184597062033,-0.0898547852015,-0.2767293218980,0.0273328822818,-0.0577260795897,0.0468959192921,0.3635387323314,0.1396535926652,0.1051266700586,-0.0724579814392,-0.1892156023229,0.3064424240166,-0.0282180209362,-0.1260608184126,0.0249319593133,0.6311251594090,0.2206413947955,0.1144584359078,0.0068662054065,0.1896476665868,0.1365133346317,0.1240049852640,0.1477094852108,0.2717783044278
0.1186304123386,0.3653071042753,0.6819693736443,0.4104029579156,-0.1198258894850,0.2434295396556,0.0841372662797,0.3319779814015,0.2501275971931,0.1383901583689,-0.0077572061252,0.3262877262948,-0.0718378566644,0.3958409702525,0.2584437947815,0.2769899771393,0.2793789588681,0.1917924928504,0.4155704118082,0.2522382509314,0.0402027458728,0.1700034347707,0.1459148928307,0.3836674106241,0.2097455993729,0.5158516269439,0.3503417866602,1.0000000000000,-0.0092955453499,0.0759602293533,0.1124383622129,0.0463392794304,0.1806017012591,-0.0103660118785,0.1766364452136,0.0304927032787,0.2409288179441,0.1675534669892,0.2691834290883,-0.0786260074616,0.1668111135933,0.0053296144041,-0.0143466317318,0.1613393992055,0.0744355092769,-0.1047402356042,0.2628472442616,-0.0700521375108,0.3383182095423,0.1595262752645,0.2009577458940,0.2557610878502,-0.0117651530488,0.1162894942015,-0.0407718655989,0.0069716178010,-0.0351334855936,0.0184589210169,0.0629238112171,0.0733342500475,0.3303466216172,0.0465032486957,0.6519920208232,-0.0878134733109,-0.0180425039387,-0.0707888455226,-0.0096260858679,0.0798471425166,-0.0836653776100,0.1243991453863
0.3626618640903,0.0873145335124,0.0746635324508,0.2135969799565,0.4430831690341,-0.1585203800189,0.2743106461087,0.4463920440110,0.0362150151236,0.2236758633358,0.3290709755858,-0.0412155075923,0.5690643573314,-0.0270849739772,0.2021782117684,0.1629767177028,0.4026553925660,0.2578349288237,-0.0858156605289,0.1648860393728,0.4780696047919,0.6155294125707,0.1789978634922,0.5407805430202,0.4699920165350,0.0486319530953,0.1706231252604,-0.0092955453499,1.0000000000000,0.2954418701740,0.5854301767754,0.2334998044292,0.0524238715534,-0.0007546324610,0.2130037537884,0.2974539891699,0.1163948572883,-0.0766747735851,0.0135597923779,0.4734030925306,-0.2356761038848,0.1383809504500,0.2042059864267,-0.1544317795425,0.2629588569271,0.2599824920667,-0.0407365100516,0.5235921587420,-0.2101519192777,-0.0329683081124,-0.0394944899176,0.4210870312542,0.1489154477121,-0.1463547294251,-0.0547284199815,0.4422303472457,0.5390253960047,0.0504789653593,0.4528143957506,0.3447223183676,0.0001038279453,0.0507913701754,-0.0525585751433,0.9001585093853,0.1376684620201,0.3133556474511,0.3548943052419,-0.0231604619489,-0.1461583390860,0.1964085586499
0.6168634025516,0.3658744766337,0.0061320416459,0.3609316811963,0.2911583456856,0.0278558356960,0.2025623673133,0.2527217589878,0.0549700124066,0.2816454814240,0.2203121685906,0.3044733199776,0.3823754729201,0.2962631409020,0.5882884828453,0.4514363001352,0.2465737060265,0.4904875510702,0.3002762955958,0.4440961668891,0.2922959823946,0.4354146265927,0.5016316837512,0.4003731433252,0.3860132930162,0.2608482028977,0.1632972439677,0.0759602293533,0.2954418701740,1.0000000000000,0.6103907275622,0.1938465552087,0.3202687181442,0.5753733517788,0.6743704392946,0.6305704941634,0.2268714004294,-0.2149420436191,0.3047962867896,0.4129673489871,-0.0909360824895,0.0176718269440,0.0468726467722,-0.1990599534027,0.3172567362203,0.0254862585005,0.2298810049046,0.3384849424407,0.0693762107829,0.1907757053235,0.2239040055914,0.2673043047016,0.3408529369946,0.1524094483958,0.2401519787988,0.2665506604641,0.2982880152283,0.3100255071872,0.3306830805974,0.3366264460773,0.0672795091346,-0.0170043118737,0.0682068780520,0.2568059334165,0.7594581649763,0.3972709523747,0.2374981668475,0.3412876370995,0.3298333389104,0.6501406014022
0.4837733256464,0.3674904306727,0.2549786792354,0.3294787174526,0.1518297137551,0.0201647535249,0.2267272239860,0.2732614195927,0.1464514645572,0.0102299955810,0.1912881350233,0.2699840986747,0.3039888096625,-0.0090845523909,0.3647888347610,0.2191513089595,0.3697455941050,0.6191756889562,0.2412857887986,0.4353792463820,0.2574798300953,0.6079835907574,0.3851231780544,0.6653307096411,0.2369594211735,0.1169159939936,0.3848016995194,0.1124383622129,0.5854301767754,0.6103907275622,1.0000000000000,0.0815312277291,0.2308831962208,0.2197229128810,0.6087746997342,0.4004560546604,0.1754952829054,-0.1326779675932,0.2219205725929,0.2485937377721,-0.1130887405791,0.0454860918847,-0.0231696290856,-0.1145427801794,0.0517987643533,-0.0135167834767,0.1665024209978,0.2519094910178,-0.2532286298616,-0.0139599716659,0.0292136983678,0.3630552152848,0.5258158453710,0.1156600236773,0.2341397357637,0.1829277111195,0.4383949772794,0.2461690902712,0.4807474170342,0.1805737663999,-0.1698298987058,0.1872967916282,0.0636295023252,0.5041557217016,0.3720799843185,0.5596946136419,0.1217832216726,0.1388382980957,0.0457918286937,0.5959772250762
0.0453650601137,-0.0162075194891,-0.1500422915049,0.1232826230996,0.1821963327595,0.0931040232156,0.0703407465818,0.1266649505739,0.0269350156001,0.2421678031902,0.3039553541191,0.2115672562365,0.1820202884257,0.4611216472490,0.3553903060385,0.0209967910690,-0.0253321655350,0.0491785419603,0.2678917019685,0.1124524765243,0.1021956062924,0.1247605923577,0.1267984850172,-0.0709115082698,0.1172408860669,0.2601528486168,0.1463168571334,0.0463392794304,0.2334998044292,0.1938465552087,0.0815312277291,1.0000000000000,0.2614959690989,0.0801429507682,-0.0487469867086,-0.0475495626089,-0.0304238961656,-0.4375783557941,0.0929269720504,0.2966011611677,0.0618493826733,-0.0167972532850,-0.2021278479822,-0.2038148617658,0.1560422336746,0.0312902504948,0.2894610560238,0.1630155573341,0.1371526533025,-0.0240364047067,-0.1404170362732,-0.1250680627393,-0.0216290347929,0.1158515995969,0.1675697514404,0.1476650351737,-0.0734180925379,-0.1007620587681,-0.1608800857224,-0.0144776125877,0.2718827603388,-0.0912426209778,-0.0557822552930,0.3106801846363,-0.1068386431663,-0.3143675707659,0.7920940308943,0.1236586337673,-0.0188511829824,-0.0975479530351
0.0484303883976,0.1012237695466,0.1765003436565,0.0891777926403,-0.0518803276116,0.4877508551156,0.3759199847579,0.1846936739561,0.4209643507414,-0.1725549655859,0.3154526705819,0.4005579372854,-0.0685720780596,0.1496348978059,0.4605715842388,0.2742485299877,-0.0900873849578,0.0741881578551,0.2548200845872,-0.0534533592292,-0.0745285626748,0.0494693501553,-0.0025084384632,0.0798059028583,-0.0168904393499,0.1533220711500,0.2019654978779,0.1806017012591,0.0524238715534,0.3202687181442,0.2308831962208,0.2614959690989,1.0000000000000,0.0689196169856,0.2580178947803,0.1191870493907,-0.0154991030558,-0.1347892275804,0.1451603617231,0.0758378057258,0.2623215317705,0.2411970378082,-0.0803716017065,0.1817525177786,-0.1257155911876,0.1133419354684,0.2046826754142,-0.0287531188457,0.0681169718739,0.2901218393279,0.1790871497879,-0.1403929722066,0.1274140987213,0.2293289325360,0.1352573167351,-0.0678193436080,-0.1147632501614,-0.0373311442414,-0.1220635951115,-0.0713699887751,0.1024066689593,0.0873288301711,0.1520270753915,0.0100034843719,0.2273236413741,-0.0293744786176,0.1994847810607,0.4084810937159,-0.0394109418337,0.2488271260208
0.2422845968033,0.4405953729482,-0.0609359481117,0.4005693053021,0.1379439319752,-0.0434202000533,-0.0060887468396,0.1596716700456,-0.1288712302783,0.2667744558123,0.1426547942672,0.0176178758913,0.2349273628583,0.0978264655641,0.1289309594833,0.1599449783570,-0.0958126261894,0.2433923422198,0.0375261959199,0.3342248901119,0.2220960987369,-0.0148502408388,0.5454932627708,0.0922141308483,0.2205011845379,0.2864646770576,0.1580074149746,-0.0103660118785,-0.0007546324610,0.5753733517788,0.2197229128810,0.0801429507682,0.0689196169856,1.0000000000000,0.4730785202450,0.2996742496090,0.3972262674104,-0.0646372907629,0.3807490289959,0.1839487646823,-0.1361716818949,-0.0854370884666,0.1692998191192,-0.2143479121390,0.2724799928838,0.1087077999951,0.0040676995818,0.2014342564332,-0.0571464105368,-0.0003545572610,0.1387929292992,-0.0461368757918,0.1690822337502,0.0550995183495,0.1128252292226,0.2174170923319,-0.0894793050788,0.6346292374884,-0.0057996535383,0.2171155681321,0.1761182475643,-0.0012912356408,-0.0378163999409,-0.0603972592476,0.4468276221834,0.2896183406201,0.0971493158200,0.1292941326114,0.8029963416489,0.4858581525360
0.4643752407855,0.6448208851337,0.1644224901441,0.5036659901151,0.0609353206080,0.0647880185008,-0.0154753157700,0.1559022211930,-0.0100578044343,0.1490670540317,0.0707499386459,0.4064832116277,0.2167217339305,0.0966879852647,0.2854880106205,0.3919162231365,0.2520185295333,0.6310484076894,0.2467762813815,0.4401225434511,0.2383414682164,0.3032556621610,0.5206820907040,0.4782167756125,0.2422105280436,0.3781617530137,0.3296264171037,0.1766364452136,0.2130037537884,0.6743704392946,0.6087746997342,-0.0487469867086,0.2580178947803,0.4730785202450,1.0000000000000,0.4182242427034,0.5315639264944,-0.1391204290671,0.4290987975407,0.1953073361169,-0.0383201925699,-0.0770065908665,0.0075224701574,-0.1203427923415,0.1130314722177,-0.1776292985547,0.3286027535322,0.1634206277300,-0.0293409898490,0.0449988704227,0.2702934510619,0.2993499191940,0.5301642309140,0.2277768970630,0.3750266660117,0.2018385245585,0.1999242411015,0.3411852910884,0.3209992320584,0.2487069447156,0.1350889324183,0.1792636975760,0.2043880787095,0.1437793702006,0.4841525833366,0.4605387401265,0.0094192409154,0.1849578412350,0.3179608769020,0.8494873994552
