1.0000000000000,0.4931345164847,0.2064544598439,0.6512363089518,0.5878814566257,-0.0088833484617,0.1281900252986,0.5368514432927,-0.0843147954713,0.2936969065859,0.1710659215775,-0.0463526863474,0.5034647935261,0.2005161509675,0.3463147561922,0.2324668585120,0.3490678481309,0.6333387866075,-0.0871943461248,0.6291504598305,0.4913332147565,0.4496294840228,0.4863858035816,0.5512645135462,0.4826392731162,0.3844666077145,0.4200504720563,0.3984931470734,0.4194921389097,0.6203809611940,0.6880820202472,0.1285288723287,-0.1545062950475,0.6734652685762,0.6375997807635,0.5353861185877,0.4061992708006,-0.2546177645097,0.2379824478505,0.2878062265934,-0.0435129878384,-0.1326472408145,0.0955256126313,-0.3653837800747,0.2538590722129,0.2240250931518,0.0126573909531,0.3620130580331,-0.3772727636157,-0.1650179537698,0.2271042429687,0.3605459501656,0.0869870105519,-0.3717289995421,0.0467144281513,0.3351594438791,0.1934419821130,0.3904530138554,0.2296701981134,0.4478479454044,0.0074889444500,-0.2707943022949,0.0851859634327,0.3328195830125,0.2608794054089,0.2933554071822,-0.2678502847819,-0.2384552675863,0.3925510533301,0.5020420461346
0.4931345164847,1.0000000000000,0.1194595415762,0.7241265819354,0.3412298400074,0.1437772724390,0.1588309769395,0.3873058739647,0.0429497788804,0.2292897754640,0.0765476412825,0.0889738378171,0.1295965432103,0.1340851508295,0.1697474853930,0.2933431659935,0.0597696035283,0.3832517871234,0.0481783041160,0.3606183468176,0.2578121571802,0.1027731877838,0.6974593054281,0.2942970698122,0.3953682056081,0.5845403843125,0.5176918047540,0.4129208506926,0.0621127906508,0.3118520904290,0.5143400835983,0.2104954176927,0.0932949745821,0.5810509030515,0.6615893088683,0.0950100492573,0.6986061462833,-0.3179794356061,0.5424686750071,0.1556437627268,-0.0110119742003,0.0158406415248,-0.0741021825204,-0.1586394683112,0.1770149423476,0.0557651753851,0.0513864709369,0.0881145048994,-0.2138365688458,-0.1538179565195,0.2303463550314,0.0593063603449,0.1364023108578,-0.2954123799005,0.0622037136534,0.1433811780636,-0.1895270759440,0.5972021981280,0.0604223111000,0.2712498925144,0.2931997358175,-0.1131381928289,0.1315574020126,-0.0962852178395,0.1043288488306,0.1172579974036,-0.1473893907794,0.0376761363592,0.3825543523366,0.5355333365147
0.2064544598439,0.1194595415762,1.0000000000000,0.4152584945178,0.0087995411680,0.1642056252130,0.0308293366689,0.6382957120897,0.2529062965609,0.1193122402631,-0.0333654525652,0.2630813674030,0.0166376546634,0.2612813962676,0.2066637513901,0.3160702726924,0.2390842099791,0.3795954657939,0.2850661871030,0.2558430196230,0.2647052832384,0.2647518638246,0.1002707002200,0.4708648968245,0.2406679938745,0.2639048282643,0.5364245208415,0.6338588856119,0.4209434251160,0.1394874478670,0.4771260143222,-0.0198535282278,0.0232271822832,0.1884413106778,0.2808296932141,-0.1727699784734,0.1725611551591,0.5984889195479,0.2051698692512,-0.2236625859538,0.1354342537310,-0.1105526481831,0.2360912404683,0.0222608005086,0.0278173982958,-0.1878398904821,0.2892853352355,-0.0989222405788,-0.1381605317916,-0.3092640543963,0.2617821809989,0.1562182406123,-0.1218757593636,-0.1455379489397,-0.2182661255923,0.1057993163940,-0.1157113484091,-0.0678049065909,0.0773191033174,0.0856220235289,0.1623549392816,0.0371032083579,0.3975302162044,0.0444709982746,-0.3138894769542,-0.1951531660660,-0.2477322030728,-0.2102399840397,-0.2121658397056,0.0868238518361
0.6512363089518,0.7241265819354,0.4152584945178,1.0000000000000,0.4413801529258,0.2465019382680,0.2222854468732,0.6365804785535,0.2032592151365,0.3764184386206,0.0801807792570,0.2495777181114,0.2278574800394,0.3547354160690,0.3231456446211,0.4679173784367,0.3343157838575,0.3914205383836,0.1651446198520,0.4297662996678,0.4254116535709,0.3537804000766,0.6848891294236,0.4590744467083,0.6202060510281,0.7432556709010,0.6016116195807,0.6186364118983,0.3967460098596,0.3275604451555,0.6454752089755,0.1658887545668,0.0844710272913,0.5856971707939,0.6453456941056,0.0884209858980,0.5609096122234,-0.0539980777285,0.6648689254181,0.0341417052798,0.1360812739356,-0.0275005865790,0.0584856006538,-0.1037822816504,0.3252053160929,0.0754837563447,0.1949375437730,0.0898931262380,-0.1965873020930,-0.2127652972612,0.3640291634082,0.3374409708015,-0.0636118383706,-0.4156589128726,-0.1513946850254,0.2034465156264,-0.0637744642804,0.5053749866613,0.1329094683037,0.4827249414097,0.4068190600490,-0.1752950743159,0.3535222912799,0.0975918180415,-0.1031445385576,0.0254313901166,-0.2251032163588,-0.1357855779894,0.1918151326166,0.4862788585936
0.5878814566257,0.3412298400074,0.0087995411680,0.4413801529258,1.0000000000000,-0.0792846282830,0.0782558147263,0.3279226414736,-0.2137717103158,0.4618170059764,0.1680706347304,-0.1802579928561,0.5655246935928,0.0167827548011,0.1256714751881,0.2273501381854,0.4024656756490,0.4162000902986,-0.1774949613903,0.2632520092722,0.6633013315413,0.5109388759343,0.3861125667958,0.5016248407493,0.4828720980195,0.2285267336089,0.0603472135551,0.1862106333274,0.4111306100701,0.4151128753420,0.4455992952717,0.0515135224743,-0.1661986883702,0.4161355309367,0.3959033958496,0.5512111958952,0.3384469164345,-0.2863609285573,0.2251900816704,0.7355406751762,-0.1377018449109,-0.1233843584752,0.0971020437409,-0.3493441644655,0.3892688061451,0.2650055547253,-0.1837017556318,0.4033346664581,-0.3039173944535,-0.0963506406212,0.0737375111944,0.3805731049744,0.1866383401523,-0.3070898888561,0.0954084711305,0.5631483531458,0.4093619973020,0.4431745334426,0.3506581591906,0.5234068475272,-0.0020415396146,-0.2032279356527,0.0177142220452,0.3760070258172,0.2537612385305,0.2831668422612,-0.1740773119307,-0.2021054196762,0.4911512484132,0.3405047590019
-0.0088833484617,0.1437772724390,0.1642056252130,0.2465019382680,-0.0792846282830,1.0000000000000,0.3749326468019,0.1844508125852,0.7368873993607,0.0197824878849,0.1144682587909,0.6229890044795,-0.2522076438722,0.4471407340271,0.2996258479725,0.4595409844292,-0.0545934188672,-0.2252100591955,0.6390609261850,-0.1631167795519,-0.1204549144416,-0.1124721398056,0.1485058531737,-0.1154179165276,0.1254090223530,0.2325358453391,0.1058543414448,0.1070702103302,0.0213351653808,-0.0773016598062,0.0702609036690,-0.0374344807080,0.7153693049958,-0.0170344143467,-0.0344581764171,-0.2699727229913,-0.0706817521817,-0.0225966630900,0.1216971571087,-0.2489774329088,0.6410401185588,0.3688698786642,-0.1037575306385,0.6344001346437,-0.0101999959301,0.0304572763127,0.4601551000719,-0.2536683263505,0.3340738525017,0.3132140782703,0.1976647143239,-0.0593235844139,-0.3995967379761,0.1074644755704,-0.3239751540151,-0.2508727024848,-0.2720152125375,-0.0257252606769,-0.2663481776481,0.0202675911975,0.0992505495659,-0.1893432689129,-0.0679216981235,-0.1339745081264,-0.2650053574618,-0.2745190194745,0.0019927376397,0.1864361852485,-0.1717404269914,-0.0144530961766
0.1281900252986,0.1588309769395,0.0308293366689,0.2222854468732,0.0782558147263,0.3749326468019,1.0000000000000,0.1840686833983,0.6801535445878,0.1562061239873,0.7631061784124,0.4788276489253,0.3811940483991,0.4034549969851,0.6316733655696,0.5217895837297,-0.1555555605189,-0.0828356001339,0.4559111288099,0.0963681946731,0.2393872220999,-0.2367723637396,0.2151166132053,-0.1825416320183,0.1301869804472,0.0750690540721,0.1233749873284,-0.0224831085280,0.0182196681382,0.2988944936008,-0.0699396317005,-0.0226362207719,0.3938236255943,0.2378368988295,-0.1094057666374,-0.2193012273028,-0.1489522070263,-0.2492748996253,-0.1423146903191,0.1145393955976,0.3521005904408,0.7387168718434,-0.1855490110603,0.3993769933247,0.2164027499407,0.5291217917994,0.3677261683939,0.3926978898937,0.0987988251871,0.1271740636682,0.3382145884480,-0.1798272355334,-0.5522238554984,-0.0172256729667,-0.5087060196536,0.2400327656100,-0.3696709838636,0.0066011922494,-0.4967653437878,0.0277344771272,-0.2230478882086,-0.4048384639274,-0.4215989917954,-0.0517211875120,-0.2647294064982,-0.3411658458216,-0.1888343283939,0.1987209363028,-0.0879089629578,-0.2127116395163
0.5368514432927,0.3873058739647,0.6382957120897,0.6365804785535,0.3279226414736,0.1844508125852,0.1840686833983,1.0000000000000,0.2228431313939,0.4299155158632,0.1003453029785,0.1330763263229,0.1776114412657,0.3783106153262,0.3999574974689,0.4712488419021,0.3456932203198,0.3522277066129,0.1486922952868,0.3210285940510,0.2970943377614,0.3213507041619,0.4468622620332,0.4426406110897,0.6553979329047,0.5063620430463,0.5301053078002,0.6583013044094,0.5027101694086,0.3225611691660,0.6746483758489,0.1170376374767,0.0806964606023,0.4561679782152,0.3600049599467,-0.0355838850099,0.2036550309944,0.0841582166722,0.2058358695855,-0.0252976536120,0.1288693445428,-0.1156516618480,0.3769775711080,-0.1943145248114,0.3508973653673,-0.0541342498113,0.1327387034048,0.0284291103196,-0.1862272664480,-0.3169996744038,0.3464909904246,0.2624544080586,-0.2886905499396,-0.4361542045980,-0.3236229311822,0.0872707851436,-0.1073558267941,0.2194893454344,-0.0392716590583,0.4941521138059,0.2170812216413,-0.2444368971790,0.2494059334726,0.1633859641646,-0.2332453627185,-0.1636488211963,-0.4132755514825,-0.1377619820048,-0.0190093376020,0.1168239048789
-0.0843147954713,0.0429497788804,0.2529062965609,0.2032592151365,-0.2137717103158,0.7368873993607,0.6801535445878,0.2228431313939,1.0000000000000,-0.0399360434180,0.4373798269210,0.7699671270369,-0.1160623046243,0.5445634734169,0.5893841783464,0.5450796189062,-0.1653948812772,-0.2427771646636,0.7820666259542,-0.0596343028961,-0.1108637131728,-0.2192436667656,0.0134751508338,-0.2170324293933,0.0148572048512,0.1620318575123,0.2015282107033,0.0459717440817,0.0400723129847,0.0359080473378,-0.0781693434656,-0.1450037454776,0.5998000557281,0.0112700555511,-0.1549543226279,-0.4731897421532,-0.2309910536541,0.0651490867348,-0.0470992876538,-0.3086323312305,0.5642027841838,0.5694510083096,-0.1448169336204,0.7312698695075,-0.0357725592696,0.1911978329380,0.6207484406375,-0.1269155282041,0.3105459954841,0.2232431526928,0.3124180560786,-0.1723170361300,-0.6382490637758,0.1409946136847,-0.5458128392317,-0.2024980442980,-0.4122051946807,-0.2373169761042,-0.4869608518881,-0.1350162382202,-0.0332031470871,-0.2774847253809,-0.2234556530461,-0.1675892894751,-0.4602573017147,-0.4730820942947,-0.1906724505340,0.2216988059270,-0.3592518050632,-0.2482246696313
0.2936969065859,0.2292897754640,0.1193122402631,0.3764184386206,0.4618170059764,0.0197824878849,0.1562061239873,0.4299155158632,-0.0399360434180,1.0000000000000,0.1174693508931,-0.0666879151337,0.3027373772359,0.3719055857777,0.2107063617528,0.3937009750993,0.0984902817263,0.0793609489298,-0.0979737192528,0.0690813113912,0.3446628433545,0.0553131445006,0.5058167498986,0.0654844621387,0.5788215922346,0.4013024924494,-0.0650897241786,0.3544559453093,0.1134384477381,0.1542260048106,0.1130252082625,0.2417573328322,0.0284577658514,0.2618142536124,0.1362988042423,0.1357975165005,0.1154086755053,-0.1781484049074,0.2873784889741,0.2594992124481,-0.0058703200855,0.1067294961325,0.2564691740776,-0.2006984362160,0.8605886413779,0.1443390155246,-0.0446264225360,0.2468518944433,0.0892559821232,0.0548991671302,0.3084302766063,0.0661098386918,-0.1469254026742,-0.2546101327717,-0.1797582939244,0.2880406690193,0.0080264914227,0.4546127546302,-0.0089344721653,0.5987295735652,0.2684018758503,-0.2836189148149,0.1243195007716,0.0418957814199,-0.0019583837101,-0.1380442524425,-0.0261543061954,0.0394368142085,0.2584077170212,0.1002742974138
0.1710659215775,0.0765476412825,-0.0333654525652,0.0801807792570,0.1680706347304,0.1144682587909,0.7631061784124,0.1003453029785,0.4373798269210,0.1174693508931,1.0000000000000,0.2172263200099,0.5686170960463,0.2279291004971,0.6177441765830,0.3247173988312,-0.1709845672067,-0.0127624601135,0.2323554191952,0.1292497019012,0.3784106396383,-0.1290585501745,0.1002458578792,-0.1260885852179,0.0786741569265,-0.1248907049045,0.1082907801054,-0.1200578360165,0.1399752485091,0.3980594261803,-0.1080497157112,-0.0096531433390,0.1285864574347,0.2112503502297,-0.1485309739975,-0.0670800133248,-0.1779276006647,-0.2861148539847,-0.2177933651527,0.3569769957832,0.1147633493007,0.6515902484819,-0.1143840612580,0.2367577893957,0.1754033932806,0.7472145691764,0.2014122448937,0.5744950167155,-0.0203836769069,0.0790423559201,0.1772295681866,-0.2242720298719,-0.4800376535116,-0.0379785860220,-0.4322760572798,0.4353077642380,-0.2492655384990,-0.0301287788948,-0.4640004732450,0.0070197777226,-0.3684977378301,-0.2994564740545,-0.4665539252832,0.1817104233907,-0.1891651280947,-0.3026039199933,-0.0908522883812,0.1080664401728,-0.0247636718950,-0.3020764336227
-0.0463526863474,0.0889738378171,0.2630813674030,0.2495777181114,-0.1802579928561,0.6229890044795,0.4788276489253,0.1330763263229,0.7699671270369,-0.0666879151337,0.2172263200099,1.0000000000000,-0.1812144198025,0.5956047999214,0.4612613550018,0.4462844534428,-0.1521263134139,-0.0778171061545,0.8663079869189,0.0999119701381,-0.0487208514120,-0.1513726191112,-0.0741645324056,-0.0966475034965,-0.0713477743962,0.2777578277066,0.2168069794990,0.1225963485329,-0.0838309033577,0.0428050990437,-0.0578402896307,-0.1911432989510,0.5016450968710,0.0244898137915,0.0607667385158,-0.3795148525784,-0.0229296344862,0.1065005983278,0.0979441294601,-0.3193027661616,0.5854593801106,0.4222515164045,-0.2465434380290,0.7072069746680,-0.0947784806200,0.0827949920949,0.8418704444735,-0.2008223056557,0.5158550965000,0.3398543436061,0.2625789914312,-0.1129355246645,-0.3623334267014,0.3755665231423,-0.2620700462253,-0.1235464360014,-0.3601853652563,-0.2489086824128,-0.2851399982475,-0.1922914924041,0.1145890010677,-0.2049389912113,-0.0537500379576,-0.3201235605301,-0.3237508621334,-0.3813930715393,-0.0737010552002,0.0870854545666,-0.1756990590402,0.0326312768838
0.5034647935261,0.1295965432103,0.0166376546634,0.2278574800394,0.5655246935928,-0.2522076438722,0.3811940483991,0.1776114412657,-0.1160623046243,0.3027373772359,0.5686170960463,-0.1812144198025,1.0000000000000,0.1124106382440,0.3367409601839,0.1235914012886,0.2502205790967,0.3474705529027,-0.1756908119143,0.3678214316638,0.7174260944012,0.3024168947330,0.2623623397909,0.3366605438837,0.2583164994428,-0.0535824949369,0.0666579349210,0.0695390531964,0.3327040453706,0.6016272990339,0.2235166611371,-0.0210861339899,-0.2402273981267,0.4524755324402,0.1872066376277,0.3692566841919,0.0402663510216,-0.2357369556289,-0.1129440659166,0.5831235629470,-0.2242254942546,0.1084390546353,-0.0471093806891,-0.3502886505512,0.3790215557146,0.4884506631903,-0.1071772293565,0.8916732416358,-0.3075643195720,-0.1898307515444,0.2091349822874,0.2281819826224,-0.0422950415438,-0.2099850978075,-0.1230100538908,0.6916970764531,0.2643101383190,0.2490783682693,0.0970473306013,0.3142925836158,-0.3129166147461,-0.3677275677354,-0.1836550587114,0.3910663479336,0.2226734281068,0.1629649320912,-0.2490711016223,-0.1553376953446,0.2071658126426,0.0912338813372
0.2005161509675,0.1340851508295,0.2612813962676,0.3547354160690,0.0167827548011,0.4471407340271,0.4034549969851,0.3783106153262,0.5445634734169,0.3719055857777,0.2279291004971,0.5956047999214,0.1124106382440,1.0000000000000,0.6202464722306,0.4459625642115,0.0938167612154,0.0156469159235,0.5551899787635,0.2216978084984,0.0568328065896,0.0053078421864,0.1881018655827,0.0248280652250,0.2451685465180,0.4465371698316,0.1287328896966,0.3914925100213,0.1073115664692,0.1899022920060,0.0282981146707,0.0216040684512,0.4141875017017,0.2028532777667,0.1080586358401,-0.2046833634607,-0.1097140240084,-0.0205433284008,0.0728309187994,-0.1972557690894,0.4020280994493,0.2973807690571,-0.0408590471732,0.2699777944501,0.3299013591229,0.0629348852534,0.6646486099214,0.0913759598162,0.4384173039076,0.2699562839847,0.4548483294331,0.0909812111980,-0.4720858117854,0.0881774984927,-0.4173914823565,-0.0322850502800,-0.1515210627436,-0.0186217809757,-0.1834999119743,0.1953726780614,0.1728402326459,-0.4782686038206,0.0921536948224,-0.1186182236235,-0.1220505741129,-0.2962924165623,-0.1972947694108,0.2262730703052,-0.1175538911543,0.0340632483097
0.3463147561922,0.1697474853930,0.2066637513901,0.3231456446211,0.1256714751881,0.2996258479725,0.6316733655696,0.3999574974689,0.5893841783464,0.2107063617528,0.6177441765830,0.4612613550018,0.3367409601839,0.6202464722306,1.0000000000000,0.4797318894054,0.0134671585375,0.2437500640930,0.4938274197823,0.4848060626391,0.1844555006769,0.0905304039689,0.1270614615127,0.1218680592227,0.2037467328392,0.2002563343544,0.2814941317561,0.2559164268555,0.1559450381457,0.5469394722025,0.1589614344111,0.0405465001802,0.3325378453393,0.3493947237092,0.1298078787133,-0.1243360438602,-0.0866816862623,-0.1267097455571,-0.0502954481366,0.1269825234344,0.3464870820818,0.4030320579263,-0.0924805947286,0.2339595656148,0.2391588518587,0.2788801088312,0.4642283209097,0.3245858283077,0.1906112993111,0.1896766488852,0.3651423835435,0.0090487570300,-0.4498081755412,0.0712927731048,-0.3522244842203,0.1192292991759,-0.1047109332480,-0.0363217465814,-0.2547610881586,0.1250816822326,-0.0716386882182,-0.4265474782890,-0.1213508076566,0.0469126250417,-0.1338036937103,-0.2819610326134,-0.2213544818975,0.1791815404533,-0.0230867797114,-0.0716909940859
0.2324668585120,0.2933431659935,0.3160702726924,0.4679173784367,0.2273501381854,0.4595409844292,0.5217895837297,0.4712488419021,0.5450796189062,0.3937009750993,0.3247173988312,0.4462844534428,0.1235914012886,0.4459625642115,0.4797318894054,1.0000000000000,0.0475719290557,0.0097784136430,0.4086076623639,0.0985448698553,0.2538151944687,-0.0023106700645,0.3522960835206,0.0666676654505,0.3310339078467,0.4842328410128,0.1863960870838,0.2420594317316,0.1680553671026,0.2250953409009,0.1714051526890,0.0126297407410,0.2790485301762,0.3150113140341,0.2066147381038,-0.1638325020940,0.0900287161175,-0.0461939778650,0.2475590858093,-0.0447259603444,0.3858282329104,0.4013481800408,0.0139290781808,0.3069408791420,0.3446350866924,0.2223987592227,0.3189100198188,0.0539140995157,0.1050760690454,0.0500943688804,0.5023564577540,0.0493752006051,-0.3818064246908,-0.1619294135366,-0.3627091263153,0.1289409609760,-0.2611799804645,0.1655557567034,-0.2275226183835,0.2187921615636,0.2415275531763,-0.2920866934898,-0.0603145487868,-0.0558588094902,-0.2731320289323,-0.3367254838025,-0.1948690818823,-0.0184128908057,0.0524710538516,0.1078795715899
0.3490678481309,0.0597696035283,0.2390842099791,0.3343157838575,0.4024656756490,-0.0545934188672,-0.1555555605189,0.3456932203198,-0.1653948812772,0.0984902817263,-0.1709845672067,-0.1521263134139,0.2502205790967,0.0938167612154,0.0134671585375,0.0475719290557,1.0000000000000,0.3051776988186,-0.1673646195093,0.1790646473120,0.2742845432093,0.8109723461136,0.1541797804322,0.7262859362234,0.3578295510644,0.1645461337265,0.1713550925713,0.3769309234483,0.6159047743406,0.1720739816366,0.4994725068587,0.0552861372559,-0.1218512670114,0.1746288074685,0.3001305048544,0.3056398440038,0.0988503462049,0.0981672949469,0.1422862605311,0.1447337621069,-0.0558977783340,-0.3851346048808,0.0185916583956,-0.3645188206660,0.0614584436896,-0.1694858711388,-0.1798049813064,0.1445922534401,-0.2156675186543,-0.3179883538683,0.0877672790614,0.9099195040360,0.1216398343148,-0.3771743240816,-0.0091030252016,0.1507317479967,0.6169375022204,0.1975698242466,0.6300397046010,0.3910667155671,0.0598386655414,-0.0862735690473,0.3404527038474,0.5029098262436,0.1111719708336,0.3491142150213,-0.2246620388862,-0.2237320691644,0.0566460191502,0.2126455333445
0.6333387866075,0.3832517871234,0.3795954657939,0.3914205383836,0.4162000902986,-0.2252100591955,-0.0828356001339,0.3522277066129,-0.2427771646636,0.0793609489298,-0.0127624601135,-0.0778171061545,0.3474705529027,0.0156469159235,0.2437500640930,0.0097784136430,0.3051776988186,1.0000000000000,-0.0363316892553,0.8237529470899,0.3864635220572,0.4858336103707,0.1670304935102,0.7391065133053,0.1536505768732,0.1410599680696,0.5222839129606,0.4690201286434,0.2475838844415,0.6170433288302,0.6033360260021,0.0873654550670,-0.2691815573636,0.5202617613955,0.6422217721327,0.4413075616927,0.4681765734277,0.0296715915851,0.0975346548265,0.3263418609015,-0.1823007302090,-0.2945525045026,-0.0329835020117,-0.4269687192877,0.0189936661383,-0.0733708574261,0.0140739682382,0.2540667111351,-0.4360140398191,-0.2258730392246,0.0635249413844,0.3138579953040,0.4151530710082,-0.0625709128294,0.3321990348490,0.3311147887266,0.3241083018993,0.1769984965077,0.4443549922623,0.1289240681339,-0.1104359550081,-0.0643003500253,0.2113916432705,0.1561728866377,0.3050241863155,0.3543056238801,-0.2232256483811,-0.2542265860253,0.3621117667897,0.4692107939641
-0.0871943461248,0.0481783041160,0.2850661871030,0.1651446198520,-0.1774949613903,0.6390609261850,0.4559111288099,0.1486922952868,0.7820666259542,-0.0979737192528,0.2323554191952,0.8663079869189,-0.1756908119143,0.5551899787635,0.4938274197823,0.4086076623639,-0.1673646195093,-0.0363316892553,1.0000000000000,0.1213709544847,-0.1126510588217,-0.1198651917229,-0.1096937597571,-0.0487268320684,-0.0922885228937,0.1540720437827,0.1962221296933,0.0873565034666,-0.0764601668356,0.0882071350256,-0.0206627096130,-0.2717165055862,0.4208623163661,0.0419014342110,-0.0137227810078,-0.3776282066330,-0.1043480856724,0.1232004060384,-0.0368320577624,-0.2871654372295,0.4123988096042,0.3611711922236,-0.2099048458641,0.6599342797514,-0.1245950410721,0.0351925492326,0.7554995217982,-0.1825814125230,0.3301088228349,0.3394798381492,0.2630527633607,-0.1494644893560,-0.3500783651562,0.4317490189015,-0.2439622664698,-0.2138167901797,-0.2918664066825,-0.3086523721431,-0.2703289109787,-0.2265189230943,-0.0419578648074,-0.2239489402968,-0.1245142207755,-0.2805938635130,-0.2671667980996,-0.3459525844369,-0.1647852942880,0.0316168621403,-0.2098508774906,-0.0259686352988
0.6291504598305,0.3606183468176,0.2558430196230,0.4297662996678,0.2632520092722,-0.1631167795519,0.0963681946731,0.3210285940510,-0.0596343028961,0.0690813113912,0.1292497019012,0.0999119701381,0.3678214316638,0.2216978084984,0.4848060626391,0.0985448698553,0.1790646473120,0.8237529470899,0.1213709544847,1.0000000000000,0.3537660653712,0.2995455010883,0.1466751955058,0.5102196622585,0.0958368026324,0.2867173173327,0.5055371744698,0.4650359739655,0.1406247363482,0.6232817185614,0.4351890913183,0.1109878502183,-0.1722891786516,0.5063996868468,0.5858171779350,0.2713273224347,0.3589798333865,-0.0643925624135,0.1547435233871,0.1686244225852,-0.0908620422099,-0.1542597347805,-0.1145485500616,-0.2641441475543,0.0464257420642,0.0315204056852,0.1496651870367,0.2889029652042,-0.2389589552006,-0.0753140663692,0.1715902624606,0.2302475447590,0.2328319425279,0.0257425245391,0.2780342058348,0.2657763248655,0.1572226924605,0.0880646644721,0.2530227386256,0.0615382756433,0.0267433404189,-0.1509249491948,0.1957670538502,0.0511664398491,0.2135778428713,0.1641508440178,-0.1829995083650,-0.1673103834452,0.2251058809151,0.4547303727013
0.4913332147565,0.2578121571802,0.2647052832384,0.4254116535709,0.6633013315413,-0.1204549144416,0.2393872220999,0.2970943377614,-0.1108637131728,0.3446628433545,0.3784106396383,-0.0487208514120,0.7174260944012,0.0568328065896,0.1844555006769,0.2538151944687,0.2742845432093,0.3864635220572,-0.1126510588217,0.3537660653712,1.0000000000000,0.3172247774602,0.2956536804937,0.4417349009655,0.2716963269665,0.2985209552888,0.1979792445788,0.2720153367567,0.3362328463766,0.4536366262079,0.3032159439021,0.1242131467745,-0.2032465360706,0.4655383571936,0.3636079157229,0.2513854414531,0.3263532070315,-0.0817046807820,0.2279776170839,0.5249197339422,-0.0656907194933,0.0141988317534,-0.0640818163430,-0.2656860335581,0.2995442224595,0.3582543433901,-0.0838850326680,0.4960197210965,-0.2696489212158,-0.2757414516600,0.0332508881209,0.2429707591237,0.0356640804453,-0.3377787128934,-0.0633978948367,0.8763132820937,0.0860761268639,0.3085957312991,0.1625761439468,0.2478916343382,0.0742878433381,-0.1982287737037,0.0425218805342,0.1736531766033,-0.0512020059972,-0.0225419496960,-0.1539757130383,-0.2507291926223,0.3298509336978,0.2856588513756
0.4496294840228,0.1027731877838,0.2647518638246,0.3537804000766,0.5109388759343,-0.1124721398056,-0.2367723637396,0.3213507041619,-0.2192436667656,0.0553131445006,-0.1290585501745,-0.1513726191112,0.3024168947330,0.0053078421864,0.0905304039689,-0.0023106700645,0.8109723461136,0.4858336103707,-0.1198651917229,0.2995455010883,0.3172247774602,1.0000000000000,0.0712047222127,0.8564680091434,0.2761969471150,0.0779541200259,0.1914434481236,0.3193506498090,0.6541206935191,0.3573371061935,0.5962844994153,-0.0741909378057,-0.2077243224546,0.2910232633503,0.4283414758837,0.4457669047831,0.2020290827758,0.1037219622707,0.1321856742607,0.2865806148442,-0.0905996561458,-0.4688152301848,-0.0395676515847,-0.3801684588889,0.0114582128604,-0.1153052413017,-0.1242439019062,0.1512622338135,-0.3018374803810,-0.2957324482553,0.0279417410146,0.7853027197428,0.2352801695026,-0.2799600049876,0.0854309392824,0.1881568187609,0.7532281917872,0.1809285113225,0.6949442578977,0.3119930056704,-0.0555446492699,-0.1235988670206,0.2795910386887,0.5499928587642,0.2032461486360,0.4371746032448,-0.2917641253645,-0.3252537397797,0.2581997604979,0.3011162863079
0.4863858035816,0.6974593054281,0.1002707002200,0.6848891294236,0.3861125667958,0.1485058531737,0.2151166132053,0.4468622620332,0.0134751508338,0.5058167498986,0.1002458578792,-0.0741645324056,0.2623623397909,0.1881018655827,0.1270614615127,0.3522960835206,0.1541797804322,0.1670304935102,-0.1096937597571,0.1466751955058,0.2956536804937,0.0712047222127,1.0000000000000,0.1972504928871,0.6962015084131,0.5027783996497,0.3285817974480,0.3491293950431,0.1835554421775,0.2804340026270,0.4929216998753,0.2558274404448,0.0638479814306,0.5471604771587,0.4445058454230,0.1185032260379,0.4800472510034,-0.3288698262779,0.4478363250446,0.2006741546952,0.0004259439178,0.0418084625740,0.1695995930358,-0.2040663983761,0.5415804093415,0.1050093172132,-0.0611437095795,0.2158520923722,-0.2252112612671,-0.1411070309975,0.3045263526119,0.1060717569496,-0.0026866249238,-0.4141870622318,-0.1099570037888,0.1814926081794,-0.1192388186227,0.8524011902262,-0.0002819932851,0.5938373671338,0.2324165970031,-0.1765611269322,0.1058821261218,0.1045873716428,0.1078044603437,0.1472630626135,-0.1591765610606,0.0141089014471,0.2880802684372,0.3576365013637
0.5512645135462,0.2942970698122,0.4708648968245,0.4590744467083,0.5016248407493,-0.1154179165276,-0.1825416320183,0.4426406110897,-0.2170324293933,0.0654844621387,-0.1260885852179,-0.0966475034965,0.3366605438837,0.0248280652250,0.1218680592227,0.0666676654505,0.7262859362234,0.7391065133053,-0.0487268320684,0.5102196622585,0.4417349009655,0.8564680091434,0.1972504928871,1.0000000000000,0.2640693620826,0.1883923682661,0.4109550965936,0.4843899475052,0.5081688878199,0.4922648539501,0.7483664892510,-0.0309148929583,-0.2560451494506,0.4739705474005,0.6350836706445,0.3907211282750,0.4224202944041,0.1635011575872,0.1510683790619,0.2674882801200,-0.1240505304311,-0.4702794376606,-0.0503564375498,-0.4250820199772,-0.0012967699997,-0.2016947304733,-0.0504028790355,0.1617323475831,-0.4120348579161,-0.3761226650584,0.0894194121885,0.6894006865608,0.3590651817020,-0.2591728110642,0.1623857832216,0.2851495484282,0.5547563683744,0.2519307418170,0.6989489133490,0.2603497065010,-0.0237053223406,-0.1136004132458,0.3430654246269,0.3359121611172,0.2066492666556,0.4230095885719,-0.3580633829349,-0.3735763972404,0.3008278101754,0.4561438505090
0.4826392731162,0.3953682056081,0.2406679938745,0.6202060510281,0.4828720980195,0.1254090223530,0.1301869804472,0.6553979329047,0.0148572048512,0.5788215922346,0.0786741569265,-0.0713477743962,0.2583164994428,0.2451685465180,0.2037467328392,0.3310339078467,0.3578295510644,0.1536505768732,-0.0922885228937,0.0958368026324,0.2716963269665,0.2761969471150,0.6962015084131,0.2640693620826,1.0000000000000,0.3946472444958,0.3049834452330,0.3479786045003,0.5261953620490,0.2552929878303,0.5368722665928,0.1994411665002,0.0251457066207,0.4011859905252,0.2662173170587,0.1704066590145,0.2536006590558,-0.1045265342689,0.3648339510392,0.2582689037546,0.0278591527946,-0.0324916272559,0.4911215634863,-0.2217068949767,0.6145743311692,0.0892769298582,-0.0104586499997,0.2045916955844,-0.1612835055035,-0.1045159212719,0.2935719065839,0.2759218881929,-0.1588260424138,-0.3939499495026,-0.2052853803235,0.1631675678508,0.0701952360682,0.5779081908548,0.0355490490336,0.8951618093801,0.1981999530492,-0.0907490235980,0.1601385181935,0.4330813615564,0.0536779821049,0.1143536008895,-0.1411076785440,-0.0057205159440,0.1395114012081,0.1720959588359
0.3844666077145,0.5845403843125,0.2639048282643,0.7432556709010,0.2285267336089,0.2325358453391,0.0750690540721,0.5063620430463,0.1620318575123,0.4013024924494,-0.1248907049045,0.2777578277066,-0.0535824949369,0.4465371698316,0.2002563343544,0.4842328410128,0.1645461337265,0.1410599680696,0.1540720437827,0.2867173173327,0.2985209552888,0.0779541200259,0.5027783996497,0.1883923682661,0.3946472444958,1.0000000000000,0.3937630942085,0.5897666448529,0.1203299637612,0.0917006915033,0.2906177686819,0.3345224662730,0.0935469826472,0.4201037853266,0.4984095637353,-0.1246759187649,0.4680218753662,-0.0903067296278,0.6516897432190,-0.1986404793742,0.1742454298064,-0.0410724716011,-0.0373621456481,-0.0439358450663,0.2773060254992,-0.0861255929765,0.1511489988819,-0.2087181859032,0.0942000938969,-0.0918226528846,0.1969410194959,0.1888958603172,-0.1274654346856,-0.3757456170657,-0.1211852626777,0.0961874173418,-0.2378549944341,0.3877204525950,0.0223469657772,0.2774521072340,0.7568152890125,-0.1653937296298,0.3806431013962,-0.2440417466076,-0.2370546689788,-0.2377840951448,-0.0862034306549,-0.0708498193980,0.1995949997057,0.4493454513397
0.4200504720563,0.5176918047540,0.5364245208415,0.6016116195807,0.0603472135551,0.1058543414448,0.1233749873284,0.5301053078002,0.2015282107033,-0.0650897241786,0.1082907801054,0.2168069794990,0.0666579349210,0.1287328896966,0.2814941317561,0.1863960870838,0.1713550925713,0.5222839129606,0.1962221296933,0.5055371744698,0.1979792445788,0.1914434481236,0.3285817974480,0.4109550965936,0.3049834452330,0.3937630942085,1.0000000000000,0.5222804554475,0.2693315928904,0.3008087005194,0.5685227309080,0.1371219073479,-0.0153881571530,0.3775420964831,0.5006662911680,-0.0901191245748,0.4083942441437,0.0890235347366,0.3168659722772,-0.0856684706246,0.0267660463615,-0.0806278145339,0.0744324644729,-0.0502071802138,-0.1039079440040,-0.0714240105445,0.1727564922281,-0.0124297588074,-0.2967305918998,-0.2699625777652,0.0822242083098,0.1317463650409,-0.0027589952164,-0.1837478574367,-0.0320952613610,0.0887201317219,-0.1759752495745,0.1453703566309,0.0105385985796,0.1280166802413,0.1543430458884,0.1584644434658,0.2821488859628,0.0412740944874,-0.1799867309757,0.0067586367344,-0.1688660326589,-0.1230918762005,-0.0531371106744,0.2226214413011
0.3984931470734,0.4129208506926,0.6338588856119,0.6186364118983,0.1862106333274,0.1070702103302,-0.0224831085280,0.6583013044094,0.0459717440817,0.3544559453093,-0.1200578360165,0.1225963485329,0.0695390531964,0.3914925100213,0.2559164268555,0.2420594317316,0.3769309234483,0.4690201286434,0.0873565034666,0.4650359739655,0.2720153367567,0.3193506498090,0.3491293950431,0.4843899475052,0.3479786045003,0.5897666448529,0.5222804554475,1.0000000000000,0.3392956503012,0.1328541478640,0.5102355118976,0.3206637781493,0.0745725038066,0.2769290606836,0.4016931849299,-0.0593379954974,0.3623848800271,0.2063426351308,0.4126687819018,-0.1296095254702,0.1040617816647,-0.1731964386127,0.0557582246044,-0.2527966112477,0.2098436655658,-0.2136413922307,0.0986254760610,-0.0531985369221,-0.0774499078639,-0.2669283640566,0.2016893988882,0.3150882118879,-0.0510367556240,-0.3106821012785,-0.1191847282042,0.1002636246978,0.0062569758564,0.1796391106150,0.2130052905104,0.2371136767437,0.3945258421367,-0.1355264511512,0.6799768913068,-0.0316744498902,-0.2155017823264,-0.1466072359863,-0.1127460620005,-0.0548967249252,-0.0279083204637,0.2297704667032
0.4194921389097,0.0621127906508,0.4209434251160,0.3967460098596,0.4111306100701,0.0213351653808,0.0182196681382,0.5027101694086,0.0400723129847,0.1134384477381,0.1399752485091,-0.0838309033577,0.3327040453706,0.1073115664692,0.1559450381457,0.1680553671026,0.6159047743406,0.2475838844415,-0.0764601668356,0.1406247363482,0.3362328463766,0.6541206935191,0.1835554421775,0.5081688878199,0.5261953620490,0.1203299637612,0.2693315928904,0.3392956503012,1.0000000000000,0.2501761159622,0.4878955723737,0.0917156931201,-0.1149834527351,0.2151523528126,0.1379970016089,0.2539985167607,0.0023184570898,0.1103458811551,0.1160004823969,0.1676472021763,-0.0119427300854,-0.1686703151776,0.2165747265472,-0.2050843977550,0.0862818770584,0.1514076383662,-0.0722267013300,0.2124893972928,-0.3107891003659,-0.3093279496070,0.1165231098765,0.5086029757963,-0.2223569489224,-0.4324218975603,-0.2746606428578,0.2027723202248,0.3582891328159,0.1140807528032,0.1902568349305,0.4397716434863,-0.0471439175039,-0.0830981200125,0.1156196628684,0.7526132476757,-0.0689359055516,0.0842589460132,-0.2151558895337,-0.2201285705121,-0.0967930364937,0.0059397509653
0.6203809611940,0.3118520904290,0.1394874478670,0.3275604451555,0.4151128753420,-0.0773016598062,0.2988944936008,0.3225611691660,0.0359080473378,0.1542260048106,0.3980594261803,0.0428050990437,0.6016272990339,0.1899022920060,0.5469394722025,0.2250953409009,0.1720739816366,0.6170433288302,0.0882071350256,0.6232817185614,0.4536366262079,0.3573371061935,0.2804340026270,0.4922648539501,0.2552929878303,0.0917006915033,0.3008087005194,0.1328541478640,0.2501761159622,1.0000000000000,0.4389435186235,-0.0019474003045,-0.1898288853683,0.7719247197422,0.5064796039177,0.4413691393708,0.3014094309806,-0.1862307351802,-0.1120914223930,0.4389862834258,-0.0562748744968,-0.0311783186025,-0.0642837710642,-0.2272149402970,0.2440070617064,0.1938251746761,0.1230453905151,0.5102817928899,-0.2870265908756,-0.0382394172263,0.2228024236254,0.1625681935446,0.0604933636822,-0.0245815534503,0.0818279175692,0.3911847257468,0.2408185147139,0.2915113529164,0.1094662191028,0.2423795702526,-0.1999442315355,-0.3030872812907,-0.1387515591720,0.2380994018335,0.4094463473181,0.2204296107138,-0.3206868789671,-0.1744445770617,0.4803724061971,0.3812043386251
0.6880820202472,0.5143400835983,0.4771260143222,0.6454752089755,0.4455992952717,0.0702609036690,-0.0699396317005,0.6746483758489,-0.0781693434656,0.1130252082625,-0.1080497157112,-0.0578402896307,0.2235166611371,0.0282981146707,0.1589614344111,0.1714051526890,0.4994725068587,0.6033360260021,-0.0206627096130,0.4351890913183,0.3032159439021,0.5962844994153,0.4929216998753,0.7483664892510,0.5368722665928,0.2906177686819,0.5685227309080,0.5102355118976,0.4878955723737,0.4389435186235,1.0000000000000,-0.0039297309204,-0.0919595002603,0.5535960243561,0.6606452354703,0.2977596245852,0.4513828963631,0.0222525535360,0.2849508810354,0.1573537326578,-0.0633745135360,-0.3652978254868,0.1793733086973,-0.3631729809674,0.0789953452519,-0.1880320309515,-0.0363258445800,0.0981583924680,-0.4311837704380,-0.3826096527086,0.2405465025714,0.4566653334172,0.2391828515090,-0.3615069530247,0.0786100846680,0.0860685541347,0.1905763969682,0.3776264065389,0.3543996687881,0.4513361907593,0.0338127689105,-0.0909986750582,0.2918520490035,0.3044060738966,0.1573965290251,0.3883515794267,-0.3664966325333,-0.2769743131163,0.2031820060205,0.4607718990122
0.1285288723287,0.2104954176927,-0.0198535282278,0.1658887545668,0.0515135224743,-0.0374344807080,-0.0226362207719,0.1170376374767,-0.1450037454776,0.2417573328322,-0.0096531433390,-0.1911432989510,-0.0210861339899,0.0216040684512,0.0405465001802,0.0126297407410,0.0552861372559,0.0873654550670,-0.2717165055862,0.1109878502183,0.1242131467745,-0.0741909378057,0.2558274404448,-0.0309148929583,0.1994411665002,0.3345224662730,0.1371219073479,0.3206637781493,0.0917156931201,-0.0019474003045,-0.0039297309204,1.0000000000000,0.0252093943481,0.0295604154903,0.0867740782284,0.0252741783641,0.1994517313394,-0.2040259796063,0.3048335162306,0.0378486847028,0.0145390620914,0.0954279330433,0.0403362812291,-0.1624074123290,0.1540668869502,0.0051387191716,-0.2471160919284,-0.0018205564508,0.0399395937310,-0.0426203747287,-0.1135911523172,-0.0237487439347,-0.0274633017756,-0.3022046314071,-0.0023298401089,0.1257286517452,-0.1019163615302,0.2656157165691,-0.0461208717014,0.1441081875282,0.3565222910375,0.1183063844647,0.1796565046885,-0.0079837277976,-0.0705808524564,-0.1752802258291,0.5075665242616,0.2108621625338,0.0923980234599,0.0600380541336
-0.1545062950475,0.0932949745821,0.0232271822832,0.0844710272913,-0.1661986883702,0.7153693049958,0.3938236255943,0.0806964606023,0.5998000557281,0.0284577658514,0.1285864574347,0.5016450968710,-0.2402273981267,0.4141875017017,0.3325378453393,0.2790485301762,-0.1218512670114,-0.2691815573636,0.4208623163661,-0.1722891786516,-0.2032465360706,-0.2077243224546,0.0638479814306,-0.2560451494506,0.0251457066207,0.0935469826472,-0.0153881571530,0.0745725038066,-0.1149834527351,-0.1898288853683,-0.0919595002603,0.0252093943481,1.0000000000000,-0.1928544960167,-0.1487850206181,-0.3554988499704,-0.1962374534316,-0.0971622770681,0.0687433394559,-0.1648225539125,0.6260302744570,0.4455815870039,-0.1469855435284,0.5272120836151,0.0226074122401,0.0068670463721,0.3789869260451,-0.1896052678400,0.5127744925062,0.2740804788714,0.1303730269357,-0.1343848370373,-0.4141506984169,0.0964853307299,-0.3144289139301,-0.2248395729535,-0.3110993038808,-0.0620081804897,-0.3224672612735,-0.0478296111122,0.0621986420088,-0.1848553697443,-0.0993635775099,-0.1955185865670,-0.2759101621440,-0.3300552904639,0.0340338915207,0.4990331517155,-0.2218507872387,-0.1851798155969
0.6734652685762,0.5810509030515,0.1884413106778,0.5856971707939,0.4161355309367,-0.0170344143467,0.2378368988295,0.4561679782152,0.0112700555511,0.2618142536124,0.2112503502297,0.0244898137915,0.4524755324402,0.2028532777667,0.3493947237092,0.3150113140341,0.1746288074685,0.5202617613955,0.0419014342110,0.5063996868468,0.4655383571936,0.2910232633503,0.5471604771587,0.4739705474005,0.4011859905252,0.4201037853266,0.3775420964831,0.2769290606836,0.2151523528126,0.7719247197422,0.5535960243561,0.0295604154903,-0.1928544960167,1.0000000000000,0.6496664430892,0.3113269227586,0.4651242550487,-0.2056311188153,0.1624237258825,0.2207085069948,-0.0744750335817,-0.1485614186840,-0.0383506168023,-0.2975296890580,0.3106783974128,0.0594239493227,0.0612935907055,0.3139494328003,-0.3578295987126,-0.2207357563975,0.3072755780145,0.1973809545757,0.0573987764290,-0.2887870930563,-0.0273350873809,0.2978145787296,0.0422806209596,0.4786411324237,0.0922904081842,0.3448975262003,0.0557791162047,-0.3396703880758,-0.0255405932347,0.0578584600389,0.2727733855683,0.2031473514544,-0.4187556516696,-0.2350020266874,0.5731735098330,0.5178976772988
0.6375997807635,0.6615893088683,0.2808296932141,0.6453456941056,0.3959033958496,-0.0344581764171,-0.1094057666374,0.3600049599467,-0.1549543226279,0.1362988042423,-0.1485309739975,0.0607667385158,0.1872066376277,0.1080586358401,0.1298078787133,0.2066147381038,0.3001305048544,0.6422217721327,-0.0137227810078,0.5858171779350,0.3636079157229,0.4283414758837,0.4445058454230,0.6350836706445,0.2662173170587,0.4984095637353,0.5006662911680,0.4016931849299,0.1379970016089,0.5064796039177,0.6606452354703,0.0867740782284,-0.1487850206181,0.6496664430892,1.0000000000000,0.3557520895906,0.6977046066954,-0.0274301477241,0.5185923173775,0.1239887870152,-0.0833741775626,-0.3084812844150,-0.0233853884061,-0.2730191441602,0.0800923966999,-0.1838452204990,0.0927725496928,0.0807736172698,-0.2134109906472,-0.1864835630816,0.2583264154445,0.3486821352931,0.4768682977244,-0.1421132177746,0.3577123192678,0.1806278601462,0.1513055465309,0.4615782262043,0.4564820774111,0.2376276696762,0.3296530516973,-0.0023867489035,0.3228484015801,-0.0016304617643,0.3391397461758,0.4081310587638,-0.1884827672812,-0.2197908479033,0.5088570757480,0.8412854936801
