1.0000000000000,0.5394284436312,0.3344494575948,0.6863267803581,0.5137099617432,-0.0171914703813,0.3083773007657,0.4922911571197,0.2415070836366,0.1981401890106,0.4942217579375,0.2625636774953,0.5472979472847,0.2740336374529,0.4401165230500,0.2880941927623,0.5436035815507,0.5938232889905,0.2058647968547,0.4804841103257,0.6165822982096,0.5723402778087,0.5562480485828,0.6972056590566,0.4820803508463,0.3777714111917,0.5937378170544,0.4853337083274,0.5269688447201,0.6105177019442,0.7458170058807,-0.1427631354220,0.2220621595428,0.5062999301955,0.7042864774969,0.4700755127674,0.5165900874087,0.0534664621015,0.5640170883545,0.4158142514075,0.1545518734737,0.2731571058971,0.1954054998139,0.1146108216983,0.3083805568729,0.4563224443618,0.1743122064334,0.3856053878119,0.0548254914565,0.1420818213844,0.2846345350705,0.4961506656636,0.3978408009613,0.0521074024567,0.0029284851011,0.5460319198091,0.2569222389601,0.5032544272137,0.4275566117757,0.4526888797879,0.2661424053998,0.1265935778903,0.3862349085241,0.5079190114092,0.4288394493556,0.3136840853537,0.0246196800735,0.1544870723372,0.4006519534525,0.6441561228338
0.5394284436312,1.0000000000000,0.1177591536662,0.6814640745847,0.3497070796448,-0.1412582872895,0.2409722919745,0.2665425506911,0.1000655944191,0.0036597878004,0.4363690401324,0.1046988677783,0.3876009762513,0.0736200541570,0.2460509335174,0.2153650659079,0.2047090891424,0.4497308215700,0.0726720606367,0.2735671144573,0.3963179321188,0.3918670291447,0.6700862476790,0.5309574505113,0.3412200669957,0.3916604714940,0.5774980389999,0.3817120133838,0.3546266844384,0.4556906523989,0.6235393640110,-0.0341273862533,0.0585465384978,0.6014828825866,0.7141332435038,0.1952261267449,0.8064877808117,-0.0503637503828,0.6523098837847,0.3633599742659,0.0003437419266,0.1314027441954,0.0324449352392,0.0220855579261,0.1265364899008,0.3459217185501,0.0333011077207,0.3494872130321,-0.0320179798330,-0.0100124848334,0.1639054935983,0.1819888204329,0.5936326806786,-0.0101386774137,0.1350412340891,0.3851698340085,0.1586415902196,0.5756268646215,0.3293383500687,0.2365639306797,0.2794201097238,0.2767135788581,0.4462856721788,0.3639212816237,0.2429631509065,0.3041159261271,0.1339440155901,-0.0845811083794,0.4584590905731,0.7171629397501
0.3344494575948,0.1177591536662,1.0000000000000,0.4151244606077,0.2650321032934,0.0161900744163,0.2029740758227,0.6331981617309,0.2254685774521,0.2357576920613,0.3642595866353,0.2321353649058,0.3441388048404,0.1115696453228,0.1315094215487,0.1943849555867,0.2249765168437,0.3351882826455,0.2997420426849,0.1841645204709,0.4928220198306,0.2267872173400,0.1868676161158,0.4405912541123,0.4313859426799,0.0924127787958,0.5089610870458,0.5079987842007,0.5080317926255,0.1540305754426,0.4655825046673,-0.3116686239347,0.0843028269260,0.1792050216379,0.1613566881967,0.0373153039421,0.2201116518547,0.6229632681930,0.2927873939691,0.1702309288345,0.0301852031788,0.1374226376574,0.4341758199845,0.1303824673422,0.2083408364720,0.2812068859640,0.2401941821506,0.2273956390979,-0.0417875019792,-0.0582808534970,0.2162483480891,0.0968592245362,-0.0181599932531,0.1312070762035,-0.2554338846095,0.3930414159813,-0.0990006336362,0.0680646996616,0.0415516483158,0.3182941641669,0.1029733402863,0.2711216454078,0.3442057125032,0.3131085287830,-0.0039305901609,-0.0980095837283,-0.0359483446597,-0.1229558097534,0.0093935591800,0.1312504840076
0.6863267803581,0.6814640745847,0.4151244606077,1.0000000000000,0.5193073786568,-0.0205985218732,0.3589278896112,0.6489563463367,0.2612103872189,0.3453196096384,0.5329836112873,0.2662250542159,0.5601624384916,0.3335843259449,0.4075441219335,0.4406214011380,0.4799692173897,0.4884373926688,0.1816366964868,0.3941905900869,0.5879046219734,0.5098076914541,0.6784297552089,0.5950242164555,0.6908697076799,0.6729101798589,0.6918200884478,0.6315350473167,0.5557123189088,0.5442851668324,0.6707644639617,-0.0055873643934,0.1154225635330,0.5594863386991,0.6765611232116,0.2423827285666,0.6596275775635,0.1750561886451,0.7851578722074,0.3749270777714,0.1016199236476,0.2750972796567,0.3734952058609,0.0867018071721,0.4345837806383,0.4251828213436,0.1607734108064,0.4293195479451,0.1379659448711,0.0650859395591,0.4279604275377,0.4207057838281,0.2848978772650,-0.0043209301450,-0.1949986457417,0.5014301996629,0.1291534784578,0.5593878905855,0.2972559580721,0.5774178924391,0.5360943707851,0.1528551251223,0.5890836876071,0.4764859402203,0.1960285912175,0.1523095196614,0.1278921970682,0.0159420363761,0.3025973972217,0.5999358289711
0.5137099617432,0.3497070796448,0.2650321032934,0.5193073786568,1.0000000000000,-0.0460901674398,0.3893135215057,0.4731450570549,0.0966066682379,0.4307913675337,0.5751244022096,0.0644383806879,0.8530792058806,0.2103097962448,0.2118892984519,0.4312734240621,0.5340647461394,0.3473136590846,0.0688091893766,0.2022122514739,0.7734438551881,0.5646281451415,0.4178794973797,0.5823747099974,0.6079230937050,0.2898819434941,0.3212988332504,0.3599098311575,0.5299320399277,0.4062396366970,0.5357116263418,-0.1898303838629,0.0633654726792,0.4109222833468,0.4340597671179,0.3460477745222,0.3753792933508,-0.0572170650496,0.3623789312403,0.8777700484913,-0.0889943789455,0.3093314448862,0.1911213201836,-0.0313810584468,0.5284587381693,0.6209437909878,0.0315292248181,0.8057568572221,0.0652314745246,0.0069353079031,0.5448813197893,0.4627434175484,0.2906006518612,-0.0542385887789,-0.0919311935198,0.8317739203720,0.3110412285288,0.4196856360206,0.3912661202505,0.6200284151264,0.2324541901678,-0.0614077409060,0.2966460913019,0.6179265910750,0.3826432888777,0.2080282276172,-0.0258084868385,-0.0632609132874,0.2991155325511,0.3958252460301
-0.0171914703813,-0.1412582872895,0.0161900744163,-0.0205985218732,-0.0460901674398,1.0000000000000,0.3674829025493,-0.0765225665998,0.5559668550916,0.0244903379481,0.0405582139599,0.4487652725438,-0.0893627162444,0.2962207607498,0.2750758674087,0.3267831396285,-0.0912313390005,-0.1476656447362,0.4195289467741,0.0668379695783,-0.1142866403763,-0.1665446559454,0.0232717082667,-0.1590330171156,-0.0875996010763,0.0007461568601,-0.0413034804020,-0.1255789501144,-0.1721569836105,0.2424702784526,-0.0030882888023,-0.0433489190286,0.6297036768954,0.0493322250413,-0.1100236120593,-0.0521687717579,-0.0094497120159,0.0149937811632,-0.2496432498188,-0.0476457092501,0.5553758049118,0.1809766236496,-0.0881468032725,0.5309655514579,0.0277587839196,-0.0373508068194,0.3954130553523,-0.0733509520947,0.2999796131545,0.4481923711011,0.1554253159924,-0.1008109975690,-0.1898819711313,0.3768540868646,-0.1246729876629,-0.0758659058747,-0.1418152089778,0.0267803353209,-0.1070147161693,-0.0683441464056,0.0297039223238,-0.1380995673375,-0.1713095573036,-0.2119524494026,0.1946109848965,-0.0200557295514,-0.2323651485750,0.4384805643196,-0.0295955552603,-0.0636594150478
0.3083773007657,0.2409722919745,0.2029740758227,0.3589278896112,0.3893135215057,0.3674829025493,1.0000000000000,0.2485670693180,0.6849798245368,0.1793995024504,0.7503430371011,0.4731528677569,0.5285944098939,0.4431572921185,0.6012395984507,0.6644639965715,0.1175923605489,0.1361255372686,0.5014739662807,0.3614470855973,0.4289394353328,0.0369510576316,0.2670873091527,0.1545921920926,0.2471435974659,0.3194828942074,0.2890686801530,0.1231833038620,0.1798842901609,0.5015613866132,0.2461147939805,-0.1580420489161,0.4385203501434,0.3165098453821,0.2718850757147,-0.1413678318880,0.2948680056564,-0.0232032780877,0.1729594091267,0.3579483538335,0.3231607623262,0.7480277515594,0.0228872351303,0.6183176833190,0.2534124166142,0.6161287090969,0.4405677547471,0.3758046118058,0.3056906730752,0.4178327182362,0.4817973305122,0.0224529145084,0.0375100398266,0.4165202273013,-0.0858488559205,0.4431306139131,-0.2432680113098,0.1746863451436,-0.0839318508907,0.2222098457731,0.2365585447866,-0.0561856436271,0.0881744865330,0.1643781470008,0.1656247870621,-0.1018957233182,-0.1683274229164,0.2574257171276,0.0550348487952,0.3000416672832
0.4922911571197,0.2665425506911,0.6331981617309,0.6489563463367,0.4731450570549,-0.0765225665998,0.2485670693180,1.0000000000000,0.2139722753191,0.5801728169205,0.4401535686073,0.2808694223652,0.4798619829785,0.4143275128558,0.4105684483346,0.4045703574684,0.4641336383741,0.3270147177673,0.2455203693466,0.3162863889996,0.6419567848830,0.3995454865704,0.3204891894903,0.4732918970199,0.7381966983256,0.5464098192924,0.4728419657167,0.7540117594164,0.5688239339625,0.2943989685162,0.5573467937812,0.0035880482846,0.0878100075370,0.2100895586402,0.2981912769723,0.0490124261436,0.2635072864095,0.2840569132998,0.5322827827324,0.2576606793206,0.0389492953162,0.1559587027409,0.6480774773287,0.0045954181017,0.5299508344473,0.3568514144224,0.2401930463613,0.3140069778170,0.2807872455682,0.0971032149550,0.3919492945505,0.3423347707268,-0.0549752774318,0.0585595626918,-0.2437651685652,0.4981746248668,-0.0165200124522,0.2137244409182,0.0961032356991,0.6317087125973,0.4983511770855,0.0637484463815,0.6349702450429,0.4446054951167,0.0646982040750,-0.1229119517787,0.2212264133573,-0.0022150111023,0.0549577635428,0.2044447238694
0.2415070836366,0.1000655944191,0.2254685774521,0.2612103872189,0.0966066682379,0.5559668550916,0.6849798245368,0.2139722753191,1.0000000000000,0.0230261499857,0.4652624285463,0.8232125547859,0.1354742056225,0.6575597114252,0.7840368281801,0.5368363563319,0.0829479654094,0.0123003286098,0.8388177211353,0.4229622286708,0.1679794028061,-0.0642589535087,0.0988324008223,0.0235149197950,0.1397578526793,0.3063586232428,0.3013658979493,0.1796047737632,0.2099168331396,0.4014931531222,0.1133368155349,-0.0642989716645,0.6171934633246,0.0539246137812,0.0660176000759,-0.2839388059107,0.1002361590090,0.0287221746084,0.0807990590044,0.0026236209393,0.6346203085972,0.5051846436448,-0.0195434929367,0.7798343600458,0.0549564283027,0.2446841833087,0.7563164825580,0.0287165136928,0.5453890893568,0.5696538458541,0.2241642582205,-0.0029478200177,-0.2698674857132,0.6731723336825,-0.2664555754123,0.1324569757165,-0.2944306540124,-0.0000869361839,-0.1983253166608,0.0601350544282,0.2492526659558,-0.0391816111364,0.1254655252930,0.0482838412843,0.0108332047028,-0.2231669655364,-0.1077370818728,0.5074843217386,-0.1488462526452,0.0636321277900
0.1981401890106,0.0036597878004,0.2357576920613,0.3453196096384,0.4307913675337,0.0244903379481,0.1793995024504,0.5801728169205,0.0230261499857,1.0000000000000,0.3183098711888,0.0840306651286,0.4130073719952,0.3764475874747,0.2161315758521,0.3640658222566,0.1720635374415,0.0983346272093,0.0263894217595,0.0839252223969,0.5242128764882,0.1376441777935,0.2631165847346,0.1456206632947,0.5887894924349,0.4449122578964,-0.0099929172938,0.4717518797280,0.0771507750063,0.1349937914065,0.0758340397407,0.0497791790045,0.0754098267355,0.1610794540491,0.0146052634065,0.0409761031293,0.0107664560861,0.0309245511850,0.2671102469146,0.3019426171668,-0.0055520301015,0.0963159883619,0.3867912965701,-0.1460272210806,0.8802974097427,0.2955399310097,0.0154696674878,0.3249276137855,0.2665950494145,0.0741094478029,0.4092907397283,0.0735983631929,-0.2478778662571,-0.1105325803027,-0.2982933847191,0.4512785397552,-0.0551598663800,0.2050150192436,-0.0455615174477,0.5621637381998,0.3932307279230,-0.3539667436733,0.3215114300009,0.0378965331968,0.0000411157056,-0.2764613694688,0.0320576170567,0.0283897995633,0.1350232596217,0.0003909472635
0.4942217579375,0.4363690401324,0.3642595866353,0.5329836112873,0.5751244022096,0.0405582139599,0.7503430371011,0.4401535686073,0.4652624285463,0.3183098711888,1.0000000000000,0.2978076728369,0.6755994123064,0.3320027662206,0.5276733244548,0.4859233052321,0.2054010805701,0.3160447600824,0.3594003923905,0.3034782259939,0.6739090661255,0.2224795936622,0.4164178317688,0.3618206543931,0.4552601027051,0.3187857253964,0.4411864569240,0.3475475156282,0.4610175119808,0.4808967415379,0.4169292543500,-0.1764605034579,0.2400673110203,0.3618758739787,0.3384617167404,0.0447233966590,0.4413224983280,0.0316718107444,0.3727781077543,0.5456827570507,0.0969868449650,0.5931992765190,0.1474041499828,0.3349343936181,0.3675751232890,0.8610364657655,0.2404116722783,0.5127734320196,0.1448580186022,0.1670816057413,0.3745207754202,0.0931509392641,0.1348715403396,0.1731915591826,-0.2231815893437,0.6738910793347,-0.1195445396458,0.2873194095752,-0.0025184517982,0.3512748286629,0.1972731456565,-0.0050135723876,0.2655368434586,0.4288755262839,0.0985125107473,-0.0810487672874,-0.0234476629268,0.0827721958905,0.1894651390408,0.3263192243155
0.2625636774953,0.1046988677783,0.2321353649058,0.2662250542159,0.0644383806879,0.4487652725438,0.4731528677569,0.2808694223652,0.8232125547859,0.0840306651286,0.2978076728369,1.0000000000000,0.0895111268718,0.7631676750519,0.7447283821665,0.3884326071997,0.1832618660111,0.0526910158020,0.8836394785485,0.4847060932163,0.1879394439091,0.0224926897502,0.0615156322869,0.0940347276854,0.1793092801189,0.3906812262406,0.3006632787898,0.3136663415258,0.1993245856833,0.3353263951530,0.1318995916433,-0.0829138116984,0.6421126102904,-0.0516176418741,0.0916362893517,-0.2539671354158,0.0617951274234,0.0402066591706,0.1461399352474,-0.0683439668221,0.6181423548393,0.3554249145422,0.0167525046835,0.5870597220776,0.0884943167354,0.1080900520306,0.9164441475863,-0.0317460278716,0.7063909188026,0.6006891347188,0.1021852341406,0.0871702303579,-0.2712342779088,0.8020899654133,-0.1331308873420,0.1293335833171,-0.2516170443606,-0.0310412851321,-0.1257918116852,0.1330890658891,0.3948144033774,-0.0108313124844,0.2904522317860,0.0160072728521,0.0557414912630,-0.2643067397313,0.0124690298311,0.4900715209941,-0.2388679294694,0.0558119363974
0.5472979472847,0.3876009762513,0.3441388048404,0.5601624384916,0.8530792058806,-0.0893627162444,0.5285944098939,0.4798619829785,0.1354742056225,0.4130073719952,0.6755994123064,0.0895111268718,1.0000000000000,0.1955740153675,0.2503988458018,0.4154636836548,0.4498901336316,0.4151277342320,0.0938956573313,0.2935957635896,0.8276690818391,0.4878332876600,0.4419061707937,0.5754403457736,0.5571144054253,0.3544393520085,0.4037739665631,0.3699958342553,0.5027938977112,0.4722275107594,0.5179789546553,-0.2123641796134,0.0291575442412,0.4977323156436,0.5159867590136,0.3126885152270,0.4416499377597,-0.0100673998301,0.4300890339853,0.7675635319418,-0.0642835612572,0.4926235786882,0.1822378524063,0.0446250894647,0.5007070029624,0.7033008783009,0.0485053306558,0.8728239336155,0.0045449243298,0.0282556448845,0.5332970737267,0.3556824495491,0.3271374336670,-0.0326607182334,-0.0639754363776,0.8673544476880,0.1863346511562,0.4110910801853,0.2984861319910,0.5507271252217,0.2850427536028,-0.0071355445950,0.2972667753948,0.5382452277630,0.3452158961850,0.1452282890603,-0.0642010383372,-0.0582404472816,0.3412829743886,0.4968842633840
0.2740336374529,0.0736200541570,0.1115696453228,0.3335843259449,0.2103097962448,0.2962207607498,0.4431572921185,0.4143275128558,0.6575597114252,0.3764475874747,0.3320027662206,0.7631676750519,0.1955740153675,1.0000000000000,0.8081443594151,0.5679628337433,0.3325151367896,0.0567733096598,0.7043621809996,0.4452962940764,0.3202538003692,0.1707100717995,0.0401742089006,0.1447645898299,0.3485848536425,0.6340104614796,0.1649907803817,0.4427760306466,0.1769830611477,0.3751165206784,0.0811284935984,0.1468821640083,0.5434536626088,-0.0007518915142,0.1118387471228,-0.1779276757631,0.0300882565485,-0.0806998711232,0.2141416562335,0.0045074716884,0.4945675812535,0.3470695336595,0.1061887576592,0.4150874698396,0.3391176720395,0.1852568784010,0.7183563435460,0.0555984310267,0.8819242712452,0.6027617982745,0.2842618280558,0.2442278472383,-0.3242322926502,0.5568758958002,-0.2326334857680,0.2453959553077,-0.1243972744451,-0.0312333300635,-0.0396838795890,0.3291464274058,0.5815859140665,-0.2276125965567,0.3925297782440,0.0672665504484,0.1157208821268,-0.2857454347483,0.1007836482640,0.5494187435795,-0.1736218841884,0.0172243950915
0.4401165230500,0.2460509335174,0.1315094215487,0.4075441219335,0.2118892984519,0.2750758674087,0.6012395984507,0.4105684483346,0.7840368281801,0.2161315758521,0.5276733244548,0.7447283821665,0.2503988458018,0.8081443594151,1.0000000000000,0.5389780956781,0.2840480566660,0.2189693443354,0.7786831347508,0.6048777120699,0.3527870671326,0.1994266666227,0.1326583511172,0.2206871047313,0.2813421554795,0.5306386267441,0.2612065658382,0.4354350197967,0.2537139701431,0.5409650437338,0.2397263188052,0.0285664984088,0.5643750735303,0.1238384719914,0.2564866138470,-0.1606716778114,0.1377648017531,-0.0799846676767,0.2731061143679,0.0359573414019,0.5455621235942,0.4335046826248,0.0820396176467,0.5741516323887,0.2005084891334,0.2892046144849,0.6782983016385,0.0461643888764,0.6723520898258,0.6548995731608,0.1916354697147,0.1909647261609,-0.1780738363126,0.5921697323231,-0.1929873838424,0.2535264371433,-0.1352983198123,0.0373358807066,-0.0644578389940,0.2306799288848,0.4223892316416,-0.2173246359660,0.3852392966467,0.1378047050260,0.1223346744011,-0.2189997038213,0.0439349226275,0.5309425193433,-0.0428026551812,0.1932897502375
0.2880941927623,0.2153650659079,0.1943849555867,0.4406214011380,0.4312734240621,0.3267831396285,0.6644639965715,0.4045703574684,0.5368363563319,0.3640658222566,0.4859233052321,0.3884326071997,0.4154636836548,0.5679628337433,0.5389780956781,1.0000000000000,0.2564248880507,0.1443306776495,0.4072895186183,0.3112067757329,0.3952413035009,0.2188130107841,0.2108242165216,0.2230427797838,0.3882389308615,0.4581661253565,0.1853507428389,0.2684624493931,0.2103807814497,0.4766846631063,0.2488126137873,-0.0167476622457,0.3589770883106,0.3501729477250,0.2763104366530,-0.0277975215568,0.2640477063640,-0.0179109137477,0.1951937631176,0.2715356538545,0.2444045356619,0.4630311397265,0.1408391149965,0.4132800592919,0.4033387589831,0.3916710693564,0.3444917387928,0.3167913151442,0.4321698700167,0.3434614680538,0.7378565706343,0.1888833883111,-0.0445505445723,0.2500661406455,-0.1980244332038,0.3617531008963,-0.0550995851525,0.1695936643276,0.0355228812054,0.3928974696860,0.3800578955993,-0.1611926394969,0.2106657950088,0.1941448191886,0.2011324123456,-0.0996881281340,-0.0777393849377,0.2941717449350,0.1210260589607,0.2452912123347
0.5436035815507,0.2047090891424,0.2249765168437,0.4799692173897,0.5340647461394,-0.0912313390005,0.1175923605489,0.4641336383741,0.0829479654094,0.1720635374415,0.2054010805701,0.1832618660111,0.4498901336316,0.3325151367896,0.2840480566660,0.2564248880507,1.0000000000000,0.3023137457990,0.1309056532975,0.2913566485311,0.5065628851384,0.8270919108581,0.1773728892240,0.7395272247064,0.4589057023393,0.3906332706538,0.2940265309996,0.4919045488726,0.5791661413687,0.3318936333895,0.5082045677419,-0.1227596154896,0.0937356383201,0.1821121881041,0.4810508491013,0.3790743937649,0.1649112464274,0.0359429217443,0.4200985592309,0.3188180237718,0.0628879012295,0.1638458529196,0.1417889439024,-0.0724592908498,0.2482544719197,0.2620937380542,0.1465703153704,0.3468281322732,0.2077300375347,0.0483918811236,0.3424392199156,0.9279174760922,0.1789550674101,0.0210417116172,-0.0500775363888,0.4406572295149,0.5652087078765,0.2382653258534,0.6567701460934,0.5738578304775,0.3295747392038,-0.0535066775888,0.4433692547417,0.6666309321270,0.3617975554959,0.3024650337375,-0.0286828799421,0.0190095816432,0.1417799393290,0.3579257056728
0.5938232889905,0.4497308215700,0.3351882826455,0.4884373926688,0.3473136590846,-0.1476656447362,0.1361255372686,0.3270147177673,0.0123003286098,0.0983346272093,0.3160447600824,0.0526910158020,0.4151277342320,0.0567733096598,0.2189693443354,0.1443306776495,0.3023137457990,1.0000000000000,0.0865775175108,0.6865801039431,0.3937856933243,0.4418033655770,0.2730511008224,0.6420878176105,0.2510241545493,0.2318472364332,0.5370121890278,0.4635443553753,0.3623682360188,0.5747507561469,0.5531789182951,0.0171404185726,-0.0441646529024,0.5250851984364,0.5623475031028,0.4849564965399,0.3271367330316,-0.0261555563824,0.3072264634763,0.2533411764384,-0.1805390982745,0.0588719546454,0.0792756415494,-0.0892802773175,0.1191311361927,0.2299070437161,-0.0953513692496,0.3346619537516,-0.1240806681552,0.0309858260185,0.1860344005941,0.2466900216080,0.4446271663672,-0.0818057917505,0.1590436135815,0.3501906543432,0.2811196395783,0.1216103250008,0.3290976615544,0.1849342987674,0.0374885035665,0.0098801622100,0.1947710145184,0.2828494964323,0.3696650197134,0.2035327029839,0.1169557425600,-0.0864671953140,0.4004805283842,0.5182641826537
0.2058647968547,0.0726720606367,0.2997420426849,0.1816366964868,0.0688091893766,0.4195289467741,0.5014739662807,0.2455203693466,0.8388177211353,0.0263894217595,0.3594003923905,0.8836394785485,0.0938956573313,0.7043621809996,0.7786831347508,0.4072895186183,0.1309056532975,0.0865775175108,1.0000000000000,0.4412385271943,0.1829524205599,0.0307507006992,-0.0217477188192,0.1057213643137,0.1151172201921,0.2572947292902,0.2692726626101,0.3269679978682,0.2407300710300,0.3193950721197,0.1052927371316,-0.1340221019247,0.6205750557844,-0.0690133096285,0.0243738846549,-0.2560517343208,0.0020533159486,0.0531023272774,0.0843267459310,-0.0490381698399,0.6055888704628,0.3122727548969,-0.0439707196284,0.6157996550479,-0.0131743329145,0.1236701859586,0.8477890120999,-0.0500180370502,0.6316687532167,0.5805272949458,0.0266284621998,0.0240977973610,-0.3161050350450,0.7885294361730,-0.2285466898507,0.1374569564499,-0.2457780850322,-0.1244371649785,-0.1866165692700,0.0537330323594,0.2580464376487,-0.0557496873605,0.2647907560114,0.0482186215069,0.0156816259867,-0.3382966675708,-0.0052646092171,0.4810009824507,-0.2635446298681,-0.0036645060921
0.4804841103257,0.2735671144573,0.1841645204709,0.3941905900869,0.2022122514739,0.0668379695783,0.3614470855973,0.3162863889996,0.4229622286708,0.0839252223969,0.3034782259939,0.4847060932163,0.2935957635896,0.4452962940764,0.6048777120699,0.3112067757329,0.2913566485311,0.6865801039431,0.4412385271943,1.0000000000000,0.2888558172779,0.2742666276813,0.0864120254090,0.3667514612917,0.1105130296283,0.4102416102696,0.3618778847292,0.4263688634824,0.1899533613565,0.6229093580657,0.3291176167260,0.0573644943405,0.2418343395724,0.3408818769335,0.4427843196503,0.1405550469083,0.1551862636894,-0.1006898162023,0.1618552959303,0.0305658261028,0.1889859014163,0.2409055548476,0.0469092001896,0.2727134227873,0.0835586825178,0.1696779103467,0.3695797674480,0.1939786342149,0.2921169342062,0.4233922032366,0.2623061192332,0.2245358681787,0.1621078968286,0.3893712505714,0.1964534764860,0.2236208891224,0.0312895045109,-0.0170834503305,0.1091311384149,0.1120301740965,0.2817428278957,-0.1084251236505,0.2538248761475,0.0714570401010,0.3532963467076,-0.0257011625849,0.0518459084548,0.2098729905006,0.1355026246503,0.3905107104738
0.6165822982096,0.3963179321188,0.4928220198306,0.5879046219734,0.7734438551881,-0.1142866403763,0.4289394353328,0.6419567848830,0.1679794028061,0.5242128764882,0.6739090661255,0.1879394439091,0.8276690818391,0.3202538003692,0.3527870671326,0.3952413035009,0.5065628851384,0.3937856933243,0.1829524205599,0.2888558172779,1.0000000000000,0.5113983132404,0.4181362733046,0.6397222635572,0.5893875557205,0.4126311009240,0.3824307377083,0.5532732694584,0.5412718198335,0.3860284989450,0.5423179973945,-0.2051213523759,0.1624238278656,0.3769461394306,0.4899279492247,0.2319056374432,0.4268363582292,0.1627175343047,0.5082341047875,0.6434221336802,0.0296473049330,0.3890947904793,0.2964457266659,-0.0228650431827,0.5399127221257,0.6417565611248,0.1627935972164,0.6327638333225,0.1185100637717,-0.0077728815306,0.4445085481073,0.3827691466779,0.2293160104508,-0.0032416888527,-0.1603755407813,0.9295958980374,0.1456172195024,0.3913160395331,0.3318338736243,0.5713912251836,0.3664403396430,0.0048421935979,0.4614283852649,0.5050611694578,0.2341983502192,0.0384525607753,-0.0245224220040,0.0351795140986,0.3153167554396,0.4258686813469
0.5723402778087,0.3918670291447,0.2267872173400,0.5098076914541,0.5646281451415,-0.1665446559454,0.0369510576316,0.3995454865704,-0.0642589535087,0.1376441777935,0.2224795936622,0.0224926897502,0.4878332876600,0.1707100717995,0.1994266666227,0.2188130107841,0.8270919108581,0.4418033655770,0.0307507006992,0.2742666276813,0.5113983132404,1.0000000000000,0.2725178038909,0.8720270366627,0.3790593066839,0.2770279313343,0.3177830943061,0.4612262088612,0.5432185144152,0.4667879712393,0.6454687326960,-0.1143652769803,-0.0206320694007,0.4212979949218,0.6284431853633,0.5369533633687,0.2980257129656,0.0201644469241,0.4134682391503,0.4104357494735,-0.0650165235156,0.0276555587368,0.0616679643016,-0.1362271728840,0.1888757384715,0.2436058828625,-0.0420856029571,0.4135359785873,0.0377402360464,-0.0326988854925,0.2916088809753,0.7888196632544,0.3924412317165,-0.1145440296568,-0.0098294109341,0.4706187714957,0.7438500644853,0.3062300117127,0.7495322659846,0.4676058884137,0.1733788664623,-0.0469630983135,0.3787071267072,0.6498904723283,0.4705407534567,0.4521655880728,0.0098761496816,-0.0808639317711,0.3897815258356,0.5114635457900
0.5562480485828,0.6700862476790,0.1868676161158,0.6784297552089,0.4178794973797,0.0232717082667,0.2670873091527,0.3204891894903,0.0988324008223,0.2631165847346,0.4164178317688,0.0615156322869,0.4419061707937,0.0401742089006,0.1326583511172,0.2108242165216,0.1773728892240,0.2730511008224,-0.0217477188192,0.0864120254090,0.4181362733046,0.2725178038909,1.0000000000000,0.3932973225292,0.5401609884499,0.3171121004949,0.5259864157241,0.2620456108089,0.3028268510967,0.3929436261710,0.6068823904420,-0.0945883386109,0.0869184462624,0.5393772872685,0.5496043445247,0.1889998360571,0.6799418770669,0.0458690392810,0.6305833927256,0.4710991255628,0.0592828942982,0.1684235847535,0.1976804724856,0.0334076301570,0.4326578744365,0.3448457096012,-0.0056477955992,0.3934007575389,-0.1273720296960,-0.0790907877798,0.2552553481238,0.1306506902276,0.3968499710946,-0.0704971279236,-0.0952829240724,0.3988168333630,0.0542982709155,0.8762705370415,0.1746552535024,0.3931408039185,0.2366792859101,0.2263313533467,0.2739856485853,0.2746974335297,0.1912464838861,0.2742262627050,0.0369843166523,-0.0166915924450,0.4043370775557,0.5616182713232
0.6972056590566,0.5309574505113,0.4405912541123,0.5950242164555,0.5823747099974,-0.1590330171156,0.1545921920926,0.4732918970199,0.0235149197950,0.1456206632947,0.3618206543931,0.0940347276854,0.5754403457736,0.1447645898299,0.2206871047313,0.2230427797838,0.7395272247064,0.6420878176105,0.1057213643137,0.3667514612917,0.6397222635572,0.8720270366627,0.3932973225292,1.0000000000000,0.4138389996387,0.2726514603788,0.5366938732640,0.5586242902837,0.5996835421305,0.5033083694181,0.7665867483355,-0.1846869993632,0.0404997150157,0.5252998969586,0.7342771602526,0.4778245916370,0.4447036932045,0.1162454681924,0.5075771461190,0.4702819948715,-0.0789715340183,0.1005227867938,0.0916040711813,-0.0870421283479,0.2102990662086,0.3268252963610,0.0106451657404,0.4629970541247,-0.0286347063978,-0.0695824225179,0.2852703545916,0.6720922746800,0.5195263059495,-0.0597207976550,0.0310791402975,0.5844962216447,0.5684383154434,0.3428608272561,0.7439667975849,0.4417223059400,0.1488620836466,0.0834944900619,0.4200850509963,0.6196338371946,0.4392111567678,0.4271941198748,0.0097465441465,-0.0945507714824,0.4391803236816,0.6399010213977
0.4820803508463,0.3412200669957,0.4313859426799,0.6908697076799,0.6079230937050,-0.0875996010763,0.2471435974659,0.7381966983256,0.1397578526793,0.5887894924349,0.4552601027051,0.1793092801189,0.5571144054253,0.3485848536425,0.2813421554795,0.3882389308615,0.4589057023393,0.2510241545493,0.1151172201921,0.1105130296283,0.5893875557205,0.3790593066839,0.5401609884499,0.4138389996387,1.0000000000000,0.5330356484423,0.4868599240466,0.5267921732652,0.6088127981967,0.3070647427563,0.5000616319553,-0.0514870446090,0.0045686345939,0.2663906260048,0.2933038815765,0.1590484275139,0.3821851315508,0.1297362342556,0.6122893384006,0.4995323976046,-0.0070364430381,0.1866073733365,0.5337722094540,-0.0408806399768,0.6883704421747,0.3931707749206,0.1417009250143,0.4763679133271,0.2136004620543,0.0341031314367,0.4109888525198,0.3520787129596,0.0173010931077,-0.0382208302724,-0.2883156163532,0.5304602152315,0.0386096542811,0.4695847285998,0.0815909723690,0.8688695081547,0.4789215273077,0.1095136955950,0.5362233015897,0.5704690747787,0.1029733013166,-0.0371105155197,0.1545766248745,-0.0387128751767,0.1314226488263,0.2235676560303
0.3777714111917,0.3916604714940,0.0924127787958,0.6729101798589,0.2898819434941,0.0007461568601,0.3194828942074,0.5464098192924,0.3063586232428,0.4449122578964,0.3187857253964,0.3906812262406,0.3544393520085,0.6340104614796,0.5306386267441,0.4581661253565,0.3906332706538,0.2318472364332,0.2572947292902,0.4102416102696,0.4126311009240,0.2770279313343,0.3171121004949,0.2726514603788,0.5330356484423,1.0000000000000,0.4145768996389,0.5977605590905,0.3029233522089,0.3434448269766,0.1892242791014,0.2997563401513,0.1297656778899,0.2971210319416,0.4391214098308,-0.0398237490967,0.3255223217368,-0.0569101344883,0.6481824759670,0.0842592306362,0.1909223594344,0.2723293907239,0.2624875521659,0.0887026567418,0.4378843874816,0.2308429756509,0.3121777789009,0.2115854100301,0.5493789552867,0.2838906928536,0.3961524593818,0.3286152780418,-0.0379694282026,0.1191760996751,-0.1366922825232,0.2964562526757,-0.0294978243646,0.2218365502627,0.1022044398925,0.4670020035182,0.8728792849019,0.0138627577902,0.5714187261994,0.2320606074136,0.0679655851717,-0.1671469387322,0.2300993205800,0.1873928413022,0.0289140298275,0.3548276036793
0.5937378170544,0.5774980389999,0.5089610870458,0.6918200884478,0.3212988332504,-0.0413034804020,0.2890686801530,0.4728419657167,0.3013658979493,-0.0099929172938,0.4411864569240,0.3006632787898,0.4037739665631,0.1649907803817,0.2612065658382,0.1853507428389,0.2940265309996,0.5370121890278,0.2692726626101,0.3618778847292,0.3824307377083,0.3177830943061,0.5259864157241,0.5366938732640,0.4868599240466,0.4145768996389,1.0000000000000,0.4663904745147,0.5777935387568,0.4298471174236,0.6430805169284,0.0028420520340,0.0713972111667,0.4058711589459,0.5715713353557,0.1848456612140,0.5656997514408,0.1228180178527,0.6070055882274,0.2786121831696,0.0066050385045,0.2263835952150,0.2233795000733,0.1537852601137,0.1054212217280,0.3045525442350,0.1849363642925,0.2946086873705,0.0302676996266,0.0235736928271,0.1358666319998,0.2370233193628,0.3362893282060,0.0948568717511,-0.0670482487247,0.3448093172360,0.0328941255224,0.3392489011494,0.1846962912526,0.3143339677084,0.2914285243821,0.4914586143633,0.3642714031452,0.4430731843515,0.1618586816514,0.1813211893316,0.1853527523091,-0.0370273987914,0.2205719306505,0.4895088108691
0.4853337083274,0.3817120133838,0.5079987842007,0.6315350473167,0.3599098311575,-0.1255789501144,0.1231833038620,0.7540117594164,0.1796047737632,0.4717518797280,0.3475475156282,0.3136663415258,0.3699958342553,0.4427760306466,0.4354350197967,0.2684624493931,0.4919045488726,0.4635443553753,0.3269679978682,0.4263688634824,0.5532732694584,0.4612262088612,0.2620456108089,0.5586242902837,0.5267921732652,0.5977605590905,0.4663904745147,1.0000000000000,0.5201808035832,0.2544624136534,0.4529598703450,0.0980335710110,0.1077445918520,0.2406346544695,0.3445954811378,0.0896712271643,0.2324369687975,0.1885058075288,0.5649021496911,0.1235685643670,0.0356118673460,0.0457725243431,0.3489108888947,-0.1035688510282,0.3521729490297,0.2413422828958,0.2395797854163,0.2173571458698,0.3301466477215,0.0969694245357,0.2139253702732,0.3957324966506,-0.0099480590822,0.0853495799913,-0.1921639579932,0.4152830016473,0.1161954786968,0.1313054077643,0.2498316454729,0.3971525119977,0.5082663920109,-0.0190421443273,0.8027479583851,0.3590992750067,0.0417925229491,-0.1667070517175,0.2933837277170,-0.0166729359146,0.0572411158292,0.2549745124881
0.5269688447201,0.3546266844384,0.5080317926255,0.5557123189088,0.5299320399277,-0.1721569836105,0.1798842901609,0.5688239339625,0.2099168331396,0.0771507750063,0.4610175119808,0.1993245856833,0.5027938977112,0.1769830611477,0.2537139701431,0.2103807814497,0.5791661413687,0.3623682360188,0.2407300710300,0.1899533613565,0.5412718198335,0.5432185144152,0.3028268510967,0.5996835421305,0.6088127981967,0.3029233522089,0.5777935387568,0.5201808035832,1.0000000000000,0.2235263497337,0.5363537411889,-0.0860753265776,-0.0482400500595,0.1718258315743,0.3628421757011,0.1821367745413,0.3230338411702,0.1409792351801,0.5154545596715,0.4046266766707,-0.0135826699766,0.2017785551956,0.2147911368956,-0.0218174445478,0.1212202604247,0.4480462276293,0.1540448826407,0.4248121120203,0.0533512570501,-0.1373514892788,0.2145091172344,0.4829962696809,0.1037377021136,-0.0105589706891,-0.2453284138654,0.5139235051530,0.2629943015015,0.2081400645385,0.3024791901600,0.4279617694557,0.2262502663250,0.2490306869312,0.4139034637662,0.8581388715460,0.0860186393596,0.0713823513519,0.2347542326951,-0.0893958895751,0.0612749108424,0.2455929966815
0.6105177019442,0.4556906523989,0.1540305754426,0.5442851668324,0.4062396366970,0.2424702784526,0.5015613866132,0.2943989685162,0.4014931531222,0.1349937914065,0.4808967415379,0.3353263951530,0.4722275107594,0.3751165206784,0.5409650437338,0.4766846631063,0.3318936333895,0.5747507561469,0.3193950721197,0.6229093580657,0.3860284989450,0.4667879712393,0.3929436261710,0.5033083694181,0.3070647427563,0.3434448269766,0.4298471174236,0.2544624136534,0.2235263497337,1.0000000000000,0.5755471733538,-0.0226383342282,0.3523845667843,0.7149934769983,0.6228016837176,0.4935246187795,0.4641130626792,-0.0166286242211,0.2408788438994,0.3678343571875,0.2187700064052,0.3452023913938,0.1424285588005,0.3816790010294,0.2669914307011,0.3273135300408,0.2488325374252,0.4268801900546,0.1842313073691,0.4365100412521,0.4039129326594,0.2822434460689,0.3843864228074,0.2342001489767,0.0436411681026,0.4007657409047,0.2774794879090,0.3606746592443,0.2996010002116,0.3471608384268,0.2168018094749,-0.0059623328620,0.2067465707910,0.2482941964154,0.6845431913328,0.3064634983289,-0.0251609799122,0.2563670888581,0.4979041305919,0.6181009148840
0.7458170058807,0.6235393640110,0.4655825046673,0.6707644639617,0.5357116263418,-0.0030882888023,0.2461147939805,0.5573467937812,0.1133368155349,0.0758340397407,0.4169292543500,0.1318995916433,0.5179789546553,0.0811284935984,0.2397263188052,0.2488126137873,0.5082045677419,0.5531789182951,0.1052927371316,0.3291176167260,0.5423179973945,0.6454687326960,0.6068823904420,0.7665867483355,0.5000616319553,0.1892242791014,0.6430805169284,0.4529598703450,0.5363537411889,0.5755471733538,1.0000000000000,-0.2153818680879,0.1280246909863,0.5664701786353,0.6951428550687,0.4160181740187,0.6116727797540,0.1594958825788,0.4723142247821,0.4900434975840,0.0013795434115,0.1351455000654,0.2859642119362,0.0696102662252,0.2128909811590,0.3533626817281,0.0735392634608,0.4504648715312,-0.0807213183186,0.0129174492996,0.2930395666834,0.4499507814210,0.5877210273937,0.0204456007858,0.0733142382002,0.5155948757797,0.3221342297458,0.5533683256243,0.4747765347594,0.4471824185367,0.0952736193910,0.2269527037776,0.4006443953816,0.5449966849031,0.4412343798178,0.4959904587025,0.0058074006693,-0.0592362397531,0.4553171848583,0.6388960476616
-0.1427631354220,-0.0341273862533,-0.3116686239347,-0.0055873643934,-0.1898303838629,-0.0433489190286,-0.1580420489161,0.0035880482846,-0.0642989716645,0.0497791790045,-0.1764605034579,-0.0829138116984,-0.2123641796134,0.1468821640083,0.0285664984088,-0.0167476622457,-0.1227596154896,0.0171404185726,-0.1340221019247,0.0573644943405,-0.2051213523759,-0.1143652769803,-0.0945883386109,-0.1846869993632,-0.0514870446090,0.2997563401513,0.0028420520340,0.0980335710110,-0.0860753265776,-0.0226383342282,-0.2153818680879,1.0000000000000,-0.2147157203232,-0.0157161945205,-0.0922807678686,-0.0849330064280,-0.1162830316723,-0.2930683576373,0.0035107395469,-0.2471833286857,-0.1174074712966,-0.1686464489024,-0.0540836350028,-0.1467298593666,-0.0535175160155,-0.1768526337426,-0.1408369093778,-0.1703254200655,0.2284866109916,0.0115995768675,-0.0622032320155,-0.0633643045085,-0.0939438294366,-0.1702914544586,0.0497441678222,-0.2492093509713,-0.0052870119626,-0.1648216117219,-0.0753195049545,-0.1848252256736,0.1858983855078,-0.0059130708777,0.0032007244205,-0.1526934740798,-0.0467841888311,-0.1427765992609,0.5545628611291,0.0174827395360,-0.0075859377874,-0.1212058086790
0.2220621595428,0.0585465384978,0.0843028269260,0.1154225635330,0.0633654726792,0.6297036768954,0.4385203501434,0.0878100075370,0.6171934633246,0.0754098267355,0.2400673110203,0.6421126102904,0.0291575442412,0.5434536626088,0.5643750735303,0.3589770883106,0.0937356383201,-0.0441646529024,0.6205750557844,0.2418343395724,0.1624238278656,-0.0206320694007,0.0869184462624,0.0404997150157,0.0045686345939,0.1297656778899,0.0713972111667,0.1077445918520,-0.0482400500595,0.3523845667843,0.1280246909863,-0.2147157203232,1.0000000000000,-0.0231170928401,0.1002127874996,-0.0979240982396,0.1132002626299,0.0520696386859,-0.0340799066461,0.0259604475681,0.5984763535071,0.3870866588771,-0.0490273533725,0.4990024421659,0.0809456627440,0.0871128232772,0.6370926345843,-0.0843589540928,0.4949280355411,0.5051447485983,0.0858567156742,0.0291990122359,-0.1377475212603,0.5520580514839,-0.1198697435949,0.1610070235506,-0.1570306236167,0.0753122574617,-0.0229862884282,0.0595283021268,0.1579728477311,-0.1490284858288,0.1269558230249,-0.1149602461230,0.1927978261474,-0.1039383489708,-0.2148954031375,0.6193948432106,-0.0179008659040,0.0778880386011
0.5062999301955,0.6014828825866,0.1792050216379,0.5594863386991,0.4109222833468,0.0493322250413,0.3165098453821,0.2100895586402,0.0539246137812,0.1610794540491,0.3618758739787,-0.0516176418741,0.4977323156436,-0.0007518915142,0.1238384719914,0.3501729477250,0.1821121881041,0.5250851984364,-0.0690133096285,0.3408818769335,0.3769461394306,0.4212979949218,0.5393772872685,0.5252998969586,0.2663906260048,0.2971210319416,0.4058711589459,0.2406346544695,0.1718258315743,0.7149934769983,0.5664701786353,-0.0157161945205,-0.0231170928401,1.0000000000000,0.6979881370986,0.4656191853001,0.5861271149395,0.0446424948446,0.3523529994317,0.4621734441398,-0.0476762933610,0.1490008982947,0.1101127720628,0.0803098690223,0.2870792435114,0.3178001071426,-0.1203011116469,0.5496036762806,-0.1609911665799,0.0449532376665,0.4248619685293,0.1626830633539,0.5774694319990,-0.1211130631166,0.0898434034983,0.4175119471212,0.3001244876110,0.4960624006544,0.3876719082461,0.2619391693143,0.1603591314661,0.1021808116102,0.1983380969008,0.2212555497749,0.5470415760892,0.4115516659718,-0.0222607484622,-0.0827144314287,0.6759084798698,0.7478328178898
0.7042864774969,0.7141332435038,0.1613566881967,0.6765611232116,0.4340597671179,-0.1100236120593,0.2718850757147,0.2981912769723,0.0660176000759,0.0146052634065,0.3384617167404,0.0916362893517,0.5159867590136,0.1118387471228,0.2564866138470,0.2763104366530,0.4810508491013,0.5623475031028,0.0243738846549,0.4427843196503,0.4899279492247,0.6284431853633,0.5496043445247,0.7342771602526,0.2933038815765,0.4391214098308,0.5715713353557,0.3445954811378,0.3628421757011,0.6228016837176,0.6951428550687,-0.0922807678686,0.1002127874996,0.6979881370986,1.0000000000000,0.4195517406971,0.6730843730077,-0.0083384896506,0.5959419190902,0.3809264221498,0.0436750380848,0.2616261268489,0.0377384748300,0.0733897376900,0.1541423941842,0.3348130399265,0.0165371137660,0.4067152442055,-0.0613047887779,0.0672512459308,0.3267343113736,0.4602916277248,0.6863471347106,-0.0198737486172,0.2408428292268,0.4620370801668,0.3857863312710,0.5138022266944,0.5826514532365,0.3200826031254,0.3138649123378,0.1864694307736,0.3377424539494,0.3963913311510,0.5161619629596,0.4636806230793,-0.0621088442534,0.0212887377092,0.5357154657690,0.9220149341236
