1.0000000000000,0.1233858761385,0.4081266862801,0.1354473863618,0.0584219438583,-0.1741664861733,0.1808136250551,0.3522884630513,0.0023278285801,0.2962776868920,0.0182523426516,0.0796606061471,0.1735126762442,0.0185813553543,0.6061284958017,0.0922349686460,0.2015026563815,0.4482104353819,0.2848147260765,0.3848091989674,0.1633081144007,0.2242759019219,0.1217203409214,0.3152028144229,0.2517307237242,0.1231111749459,0.1237932502953,0.3760523872435,0.1936538925115,0.2862816245713,0.2129828475532,-0.2714979581113,-0.0809115336328,0.0357921109818,0.1701467990197,0.3823718655333,0.0382149001240,0.2508800555254,0.0635199575062,-0.0864960358171,-0.1365124287333,-0.1720817725556,0.3916264755775,-0.2112229448789,0.0945394260740,-0.0006808421738,-0.0099140031982,0.1579031026622,-0.1158439037559,0.2969868832657,-0.1077655920905,0.2453229531824,0.3461879533557,-0.0225115378324,0.2554710508305,0.1007384377519,0.1751123986436,0.1052631595540,0.3158528130893,0.2802570228740,0.0181666425539,-0.1699568546693,0.2520797111524,0.1069641784245,0.0286979454788,0.1348082502095,-0.2015863611656,0.1382864825640,-0.0594726615246,0.1744196556734
0.1233858761385,1.0000000000000,0.1586540592495,0.6126897236628,0.1774957642414,-0.0756452666090,0.0729956278783,0.1105187006614,-0.0988455163450,0.2638605952898,-0.0255335926646,0.1988642301232,0.1558783380835,-0.0099101830121,-0.0750746617076,0.0382636306297,0.3750344013548,0.1607935337665,-0.0482218058388,0.0130899112345,0.3393517666142,0.2478612970288,0.6488035770832,0.2551967623142,0.1951173861008,0.6865396313147,0.4142462270624,0.1848660983952,0.0466274798040,0.1494855594614,0.0819472766409,-0.1134481352997,-0.0705090411953,0.4611342143011,0.5837097977089,-0.0162747157038,0.7624818614531,0.1800816419091,0.6677823295398,0.1740329846953,-0.0607154548053,-0.1918475945852,0.0379501668404,-0.1945107095498,0.2791578939313,0.0055992689114,0.1256783736421,0.1866535358238,-0.0572548513959,-0.0937486599150,-0.1643471208618,0.3616573855012,0.2664396132506,-0.1047650052082,0.0626267780763,0.3817156795289,0.2258517850628,0.6067617928526,0.2620347317842,0.2463667288274,0.6277272771642,0.3336942580849,0.3761155254237,0.0411171378358,0.0784680943085,0.1522346381300,-0.2059292504003,0.1282542844390,0.4232005206687,0.5518177834414
0.4081266862801,0.1586540592495,1.0000000000000,0.1708812090917,0.1190063285184,-0.1505843990166,-0.1898261481124,0.5823904895581,-0.1158951816977,0.1732968909547,-0.2593116876876,0.1476064490721,0.0768670225363,-0.0423336320856,0.2433503016082,0.0501734908427,0.2527747492297,0.4736632318070,0.2010320531738,0.1988759197485,0.0109668303826,0.5417355569757,0.1380366446842,0.7605233139955,0.1667647338079,0.1911660489535,0.4445318580377,0.8111870071473,0.2353269121050,0.0682231833226,0.5643187600477,-0.0542062547019,0.0560481319053,-0.0147535311538,0.1590672581316,-0.1537356566692,0.0832859712723,0.6744620053777,0.1220933353987,-0.0181792126032,-0.2352812182943,-0.4278154132390,0.3891987267079,-0.3250474923130,-0.0124460524968,-0.3398131138583,-0.0866074446212,0.0255215040871,-0.2412020869024,-0.0801348182061,-0.1709924156757,0.4324039651664,0.2443375533680,-0.1112712702493,0.0476043078806,-0.0528211213732,0.4468387879660,0.2010281588961,0.5658187893154,0.3072903218830,0.1264858513253,0.0463876848414,0.6828910378851,0.1944744052654,-0.2044985636703,0.2970926466003,-0.1888620636328,-0.0126436766065,-0.0190088291299,0.1567473973242
0.1354473863618,0.6126897236628,0.1708812090917,1.0000000000000,0.3587960431956,-0.1636202227327,0.0910611227609,0.0855154375638,-0.2829554153454,0.5298123474211,0.0190979501946,0.0691154332647,0.3516232024001,0.1398830857250,-0.0964852113165,-0.0247670998272,0.2821606668391,0.2474633282538,-0.1475659422710,0.2363518677219,0.4786752319847,0.2275715058211,0.5755605939296,0.1943209343262,0.2548910706040,0.5093603317841,0.4791124239460,0.0684621528347,-0.0816371146762,0.1810140071265,0.1649579521277,0.0648062946000,-0.2039519035153,0.6139079567335,0.5357465064270,0.2029782952577,0.6847482200891,0.1911543124044,0.8437613212266,0.3158929893392,-0.0956226224006,-0.1344976543418,0.0289864472608,-0.2813491997193,0.5163991454620,0.0259683081271,0.1086202359382,0.3544745346485,-0.0190344287368,-0.0030861946761,-0.0568050170545,0.1909325893187,0.3479308442390,-0.0702094039194,0.2156926199157,0.4974075206140,0.1670843823906,0.5169697125979,0.2209479873987,0.3196981407088,0.5240315503600,0.3801939102063,0.1625902104612,-0.1170579378435,0.2242645000831,0.2255641377164,0.1560559018424,-0.0295817517438,0.6651504449236,0.5491536344554
0.0584219438583,0.1774957642414,0.1190063285184,0.3587960431956,1.0000000000000,-0.2639131728325,0.4274800467358,0.2642799959329,-0.2538313242861,0.4985531121957,0.3680631502865,-0.1985915102884,0.6488695194582,0.0158414026213,-0.1327166604539,-0.0955576892866,0.5090204677381,0.1582930336902,-0.0862303482179,0.1467901238764,0.7581087962074,0.5428296068722,0.4452717869643,0.3017718242702,0.7150618277844,0.0170008868718,0.2763673195162,0.0812085216184,0.6186720077458,-0.0150237786988,0.2996552640518,-0.0546362813143,-0.2525578753409,0.3189430853718,0.3129802968180,0.0732573435796,0.2127011356875,0.1435755288087,0.2021580880934,0.8941601098489,-0.1140974847552,-0.0220746125815,0.2639565669616,-0.2421001827930,0.3986646297859,0.3633927623746,-0.2489517494783,0.5439299971927,0.0003947500870,-0.2664029677944,-0.1373564543163,0.4180514300739,0.0348835983456,-0.3276483842857,-0.0131453426355,0.6826817775156,0.4668703328761,0.5209444098700,0.3791370522273,0.5904968480233,-0.0561187998238,0.0562602461691,0.1063134847786,0.6083165282297,-0.0584692922613,0.4112110014584,0.1943627102689,-0.0506086611095,0.3733729176353,0.2187426312543
-0.1741664861733,-0.0756452666090,-0.1505843990166,-0.1636202227327,-0.2639131728325,1.0000000000000,0.1058365585043,-0.1707880179047,0.5756945573792,-0.1695044662020,0.1281821175844,0.0415788142725,-0.2024203757432,0.0609030549985,0.2209737169463,0.3479337545346,-0.2045652783749,-0.1453710229543,-0.0867318253303,-0.3062180032054,-0.2444481950673,-0.1520127165490,-0.1320178940835,-0.1919165976021,-0.1855886541179,-0.1612914876462,-0.2828681161761,-0.1279084773734,-0.1243392565852,0.0850814693354,-0.2216137945841,0.0549042247859,0.5249396513015,-0.0615650496943,-0.1932948561998,-0.0997845050211,-0.1494003347011,-0.3349368665675,-0.1345298788084,-0.1420207921728,0.7171592825832,0.5348570551060,-0.2743637162857,0.6342528482059,-0.2267904272323,0.1119596598404,0.0615930032718,-0.2508389590124,0.0527785861871,0.2031282462131,0.3965673768934,-0.1930800840289,-0.2179023360737,0.0369495196227,-0.2646748010075,-0.2466545033135,-0.1807739745633,-0.2161777880479,-0.2509949621437,-0.2705089557870,-0.1464168428817,-0.3389260842666,-0.0809693990166,-0.0859073042208,0.0363025862943,-0.1911328787761,-0.1535092259730,0.3156228233373,-0.1550067248219,-0.2668588577390
0.1808136250551,0.0729956278783,-0.1898261481124,0.0910611227609,0.4274800467358,0.1058365585043,1.0000000000000,0.0392091445888,0.2154265998215,0.2421703857110,0.7056061325995,-0.0928268952093,0.5758773951498,0.2297555736241,0.1053014763779,0.3062519324200,0.3854297938106,-0.1537202323557,0.1064302085098,0.0921586222415,0.5140125134941,0.2526640400445,0.2561471680108,0.0076735598679,0.5906712268241,-0.0811208423526,-0.0909242115831,-0.1775624681774,0.5690860364653,0.0910022904736,-0.0088946039077,-0.2374225148033,-0.0660720340702,0.1254368030496,0.1602923249991,0.1291761640045,-0.0020631185231,-0.1147949005309,-0.0127644764861,0.3965534230254,0.2982438370445,0.4919673515643,0.0540801489866,0.2301591119148,0.2587443179353,0.7565947925468,0.0545762869375,0.4929712835054,0.2110173294430,0.0820077658343,0.2488164867693,0.2649907189573,0.0086232422888,-0.0558244611915,-0.0446924225205,0.4426937533944,0.1397479903054,0.2049847774909,0.1760171514445,0.3119777100416,-0.2372283905947,-0.2073608337191,-0.1055337397933,0.4982396459913,0.0521008292124,0.2081930780397,0.1579108506049,0.2566132827952,0.0134441801881,0.0642933698964
0.3522884630513,0.1105187006614,0.5823904895581,0.0855154375638,0.2642799959329,-0.1707880179047,0.0392091445888,1.0000000000000,-0.1212278282511,0.4368195364384,0.1005778663462,0.0940889705928,0.1076109656228,-0.0935038819577,0.2291936295042,0.0003572641204,0.2593108944948,0.4866063333352,0.0852097060116,-0.0248652010601,0.0948197961928,0.4487932721897,0.2049449464820,0.4837842624989,0.4341123204525,0.0790669824467,0.2693119631469,0.4714680683090,0.4734641587456,-0.0063290825762,0.4034545980310,0.1710553366890,0.0492853573236,-0.1646253778470,0.0971024647269,-0.1402068610821,-0.1201743775651,0.2701575938473,-0.0168993019198,0.2852334208689,-0.2491590545179,-0.2455602219838,0.6117148634936,-0.3027957466891,0.2622916501228,0.0301612046330,-0.1949026842398,-0.0257229060286,-0.0588097891620,-0.1835444193817,-0.2129150110326,0.3481839864830,0.1736322706197,-0.2369659922753,-0.1507191587960,0.0096789378773,0.3758007894713,0.1611388946321,0.3566006061554,0.4226057186609,0.0166782982886,-0.0440905887166,0.4385239557817,0.4405413732917,-0.2675260941650,0.1747881842675,-0.1152661747525,0.0120424038480,-0.1009071896693,-0.0156840055858
0.0023278285801,-0.0988455163450,-0.1158951816977,-0.2829554153454,-0.2538313242861,0.5756945573792,0.2154265998215,-0.1212278282511,1.0000000000000,-0.3418378946109,0.2632188712772,0.4462809529056,-0.2572839947784,0.2858679847674,0.4145828875490,0.2991838958470,-0.2345360772176,-0.2308937197473,0.1763309813451,-0.1933457409984,-0.2247744723959,-0.2544218238046,-0.3009523606692,-0.2938966526150,-0.1954876331353,-0.0732972143579,-0.1758699399796,-0.1865631740506,-0.0340314061852,0.1216796114598,-0.2765704025866,-0.1334308447824,0.2870845408502,-0.0737554167228,-0.2044912229760,-0.0225502602382,-0.2168878825708,-0.2771261357574,-0.2294992891408,-0.2188671251627,0.6132444832817,0.6572392840465,-0.2159452848630,0.8444742322145,-0.3555871759273,0.2413809045852,0.3355893537737,-0.2746471858369,0.1750605533453,0.3305364311196,0.3528062550287,-0.1939829891313,-0.2318019301210,0.2090394224429,-0.1875888899809,-0.2412149662107,-0.3416484605320,-0.3503269009793,-0.3046137534559,-0.3384241148291,-0.1605611078566,-0.2381803661004,-0.0056679993855,-0.0698606391984,-0.0239051446893,-0.3182385491114,-0.0568830859768,0.3076219139865,-0.2876146212394,-0.2391726537335
0.2962776868920,0.2638605952898,0.1732968909547,0.5298123474211,0.4985531121957,-0.1695044662020,0.2421703857110,0.4368195364384,-0.3418378946109,1.0000000000000,0.1793602826175,-0.1912624309295,0.4627876415326,0.0641054917582,0.0590567348180,0.0630001444906,0.3692322306904,0.3075847725493,-0.1256732429295,0.0692566067229,0.4460392860721,0.3848684006661,0.5082451707186,0.2285641713354,0.5626360775168,0.2378466337116,0.2043224401704,0.1584992350257,0.2589705226241,0.0373180278326,0.1428177763722,0.0880190747862,-0.1194214430094,0.2712011422591,0.3279829310444,0.0621239458294,0.2057903415243,0.0543895030509,0.3315077686535,0.4967543305232,-0.1867261746592,-0.1692473928179,0.2448335165396,-0.3668554034154,0.7805928045325,0.1708131684045,-0.2330762855122,0.3622278949794,0.0278476381918,-0.1002774237570,-0.0874150934459,0.2936517275549,0.1434985500144,-0.3079328562311,-0.0400349497392,0.3941666701388,0.3546777621838,0.3815659534136,0.2735138814637,0.5289209010430,0.1710187385396,-0.0205491108108,0.1404166220266,0.2344321611030,-0.0405999333849,0.1873128602237,0.0111254613586,-0.0357661595378,0.3242737148150,0.2622121450171
0.0182523426516,-0.0255335926646,-0.2593116876876,0.0190979501946,0.3680631502865,0.1281821175844,0.7056061325995,0.1005778663462,0.2632188712772,0.1793602826175,1.0000000000000,0.0440370894812,0.3636806484824,0.1820404603254,0.1366237186694,0.0447443758609,0.1004068163614,-0.1070374774687,0.0363705650937,0.0360193723156,0.3968144139118,0.0870415518488,0.0098985797128,-0.1394740490933,0.3219931045371,-0.1091716519833,0.0069882482779,-0.2590786877071,0.4124042349045,-0.0100947817051,-0.1466080456415,0.1123094077242,-0.2037464289751,0.0939282348250,-0.0360782028445,0.1645210491312,-0.1762282133470,-0.3502383510242,-0.0557564819486,0.4043974377039,0.2296527015540,0.5831908282897,-0.0208881085830,0.3566798890144,0.1670398405364,0.9112194342195,0.0404286478865,0.2870973691218,0.2835182201483,0.1801955850220,0.1515850266261,-0.0059843966554,-0.1188480301461,-0.0395459017034,-0.0407656996655,0.3758354571432,-0.0026893786952,-0.0406997208710,-0.0363740054366,0.1011271943672,-0.1767630018203,-0.0612975898629,-0.1482853944364,0.4160231670266,-0.0724181897552,-0.0471054544299,0.1897726437786,-0.0153304865127,-0.0037353693620,-0.0200911249818
0.0796606061471,0.1988642301232,0.1476064490721,0.0691154332647,-0.1985915102884,0.0415788142725,-0.0928268952093,0.0940889705928,0.4462809529056,-0.1912624309295,0.0440370894812,1.0000000000000,-0.1970177414844,0.4265352648774,0.3067050591125,0.1615111991197,-0.1503776524917,-0.0195939454777,0.4240158397119,0.0832331257219,-0.0727394077185,-0.2072609627273,-0.1936330033673,-0.1270107579882,-0.2434634632246,0.3857171586575,0.2336254409159,0.0895255551154,-0.1997854156633,0.1589344301544,-0.2023452834177,0.1445426622618,0.0240539313226,0.1168789606010,0.1084040867798,0.0149341156885,0.0633238089198,-0.0024577142001,0.1338578878753,-0.2655463975459,0.0144708567609,0.1630288910125,-0.1513746291671,0.3100635858793,-0.2462174328897,-0.0177111900347,0.6497511577805,-0.1074769114248,0.3942604631655,0.3230865156305,0.1182160611707,-0.0640382261504,-0.0899366148057,0.4647918856069,0.0658403370565,-0.0519665192764,-0.2259344894936,-0.2213023813194,-0.1955545526482,-0.2205767447726,0.3180806083530,0.1756493779705,0.2404794102002,-0.2111009905279,0.0613068811797,-0.3840244442304,0.0829992881570,0.0676640303038,-0.0118153742555,0.1291706605055
0.1735126762442,0.1558783380835,0.0768670225363,0.3516232024001,0.6488695194582,-0.2024203757432,0.5758773951498,0.1076109656228,-0.2572839947784,0.4627876415326,0.3636806484824,-0.1970177414844,1.0000000000000,0.1741105422660,-0.0032283566371,0.2951114916906,0.5270368257607,0.0763285173315,0.0702495614203,0.3674513793007,0.7183096268046,0.4598361128804,0.4324274407184,0.2614578025937,0.6485341190941,0.1227258893212,0.2396979525992,0.0581268855554,0.5172818685008,0.2782534849933,0.2114222830722,-0.1795162229577,-0.1828116301079,0.4272813558221,0.4448577204880,0.0968550006276,0.1913500200641,0.1020765866352,0.2374588531637,0.5654616424629,-0.0773955770281,-0.0241382126341,0.1097581988251,-0.2818372125950,0.3715116819974,0.3573481997045,-0.0634463572662,0.9095249373297,0.0885891952078,-0.0987877891113,0.2385742593380,0.4237007620616,0.2300273757476,-0.1683960890222,0.1611006915606,0.6787172244466,0.3121363717088,0.3720972197804,0.3217872563598,0.4971144410190,0.0405893365818,0.0181001207141,0.0035699194744,0.4301780621848,0.2448283832960,0.3037275696741,0.2290372757929,0.0338787346739,0.4022542603250,0.3169046672153
0.0185813553543,-0.0099101830121,-0.0423336320856,0.1398830857250,0.0158414026213,0.0609030549985,0.2297555736241,-0.0935038819577,0.2858679847674,0.0641054917582,0.1820404603254,0.4265352648774,0.1741105422660,1.0000000000000,0.3363777827867,0.3164601715159,0.0449421632856,-0.0958166741995,0.3717332058150,0.2895220176000,0.0718181349439,-0.0766652140078,-0.0641723791143,-0.1333185289161,-0.0119023584800,0.1994741599623,0.1594302799367,0.0167781022826,-0.0375154677888,0.3576736769510,-0.2158698916983,0.0036471339369,-0.0578762922374,0.2390112484162,0.0944262647436,0.1324506479119,-0.0064397055960,-0.1138387186081,0.0418792696157,-0.0938907853867,0.2376972671583,0.2984240024489,-0.1909111910679,0.2599706519598,0.0372486283078,0.2211565376469,0.5276482740545,0.2213294162727,0.6542642886398,0.3077911210857,0.3864021464460,0.0307043924653,-0.1137758986869,0.3146849918876,0.1030345885756,0.0714704633141,-0.1392795162996,-0.1636943370720,-0.0955261096774,-0.1167480645408,0.0571780484359,-0.0998217924399,0.0529654144221,-0.0999198124630,0.3287557309380,-0.1617170471744,0.5928118323156,0.1377183618800,0.1967722694564,0.0604816849834
0.6061284958017,-0.0750746617076,0.2433503016082,-0.0964852113165,-0.1327166604539,0.2209737169463,0.1053014763779,0.2291936295042,0.4145828875490,0.0590567348180,0.1366237186694,0.3067050591125,-0.0032283566371,0.3363777827867,1.0000000000000,0.2950868491948,-0.0039962166197,0.2517552390671,0.3945002110228,0.2537751329538,-0.1314164199916,0.0672615235850,-0.1345540405147,0.0701251239120,-0.0146442775614,-0.0175174497107,0.0491294388682,0.2024850762160,0.0600408174123,0.5025148822870,-0.1438453863278,-0.0389742517197,0.0640372154466,0.0742497447503,-0.0925109788708,0.2172265394832,-0.2444281909507,-0.0965853283402,-0.1424946778877,-0.1622831386297,0.2637648946345,0.2286077714166,0.0746920701984,0.2284707367293,-0.1999246917020,0.0561649691615,0.1874286622429,0.0163644852597,0.2456139230946,0.5139706161803,0.3029962169410,0.0350256372428,0.0349880313036,0.2357627909926,0.1198252396679,-0.1650202608237,0.0170189700561,-0.1829761677167,-0.0144179166842,-0.1058672971647,-0.0780988572841,-0.3221179660014,0.1794436092867,0.0213603145502,0.1888470692318,-0.2478737284877,-0.0325936251859,0.1648254125185,-0.0972711408732,-0.1443113314654
0.0922349686460,0.0382636306297,0.0501734908427,-0.0247670998272,-0.0955576892866,0.3479337545346,0.3062519324200,0.0003572641204,0.2991838958470,0.0630001444906,0.0447443758609,0.1615111991197,0.2951114916906,0.3164601715159,0.2950868491948,1.0000000000000,0.1147203722788,-0.1645232479766,0.0961792621781,-0.0073223457887,-0.0813673378848,0.0738221343451,0.1120486380573,-0.0128202375685,0.1415229418269,0.1893053722366,-0.1172653295395,0.1038695851014,0.1637721330319,0.4435601586834,-0.0311888486793,-0.1667271489242,0.3742604313852,0.1284095982658,0.1852212298516,-0.0082389963861,0.0118016052726,-0.1512698806338,0.0704440892141,-0.0571168342304,0.2810897999571,0.1972955112969,-0.0115236665394,0.1950202072594,0.0250163870678,0.0655632997298,0.2249730844489,0.2781077125195,0.2746228839096,0.2423022464311,0.6903959215836,0.1910865529697,0.0201856549274,0.0054590213219,-0.0086357719878,-0.0907999498772,-0.0362032589925,-0.0070839785874,-0.0462744327644,0.0988497947222,0.1448837422183,-0.3088015400758,0.0640888924966,0.0874871354249,0.3474670658992,-0.0492714471089,0.0315807329812,0.2947821629319,-0.0018782530651,0.0085125643976
0.2015026563815,0.3750344013548,0.2527747492297,0.2821606668391,0.5090204677381,-0.2045652783749,0.3854297938106,0.2593108944948,-0.2345360772176,0.3692322306904,0.1004068163614,-0.1503776524917,0.5270368257607,0.0449421632856,-0.0039962166197,0.1147203722788,1.0000000000000,0.1545214982828,0.1097904976270,0.1986320492841,0.5259231095429,0.6745591860618,0.6381891044517,0.5515832836844,0.6624385513750,0.2834231617929,0.2339370053060,0.3382378933421,0.5782977917727,0.0922478495007,0.2075937546143,-0.2514541492422,-0.1187975452861,0.3299244223197,0.4898506880030,-0.0622646594190,0.3210994491400,0.3105827053016,0.2494866462194,0.3963831370664,-0.0865886876691,-0.1819609911533,0.1737024149291,-0.3161106064549,0.2940025429107,0.1491040598841,-0.1036372148616,0.4928962418379,0.0273478547175,-0.1678697968431,-0.0492394612832,0.9004138021428,0.1985232104611,-0.1132653264612,0.0811163165151,0.4626135961777,0.6045858225219,0.6224376733139,0.6370581287166,0.5848157856354,0.1731637113160,0.0331888385591,0.3684256929527,0.5527574507630,0.0254247553731,0.3459859510916,-0.0527642383434,0.0383817296692,0.3078571678004,0.3833898138968
0.4482104353819,0.1607935337665,0.4736632318070,0.2474633282538,0.1582930336902,-0.1453710229543,-0.1537202323557,0.4866063333352,-0.2308937197473,0.3075847725493,-0.1070374774687,-0.0195939454777,0.0763285173315,-0.0958166741995,0.2517552390671,-0.1645232479766,0.1545214982828,1.0000000000000,0.2723106434167,0.3897010561558,0.1720649231336,0.3043123994150,0.1405151033399,0.5172599831709,0.0944235955112,0.0347508430139,0.3022245778701,0.4522931445895,0.0441577204816,0.0858017724617,0.3788992201555,0.1205213765851,0.1113461628587,-0.0238304655190,0.3219638687036,0.0659304561039,0.0890098508045,0.1768927497334,0.1450227622939,0.0864024619540,-0.1828362176605,-0.3448963600178,0.2307754322999,-0.3339540648387,0.1077348504704,-0.1648988610531,-0.2054612430384,-0.0390002250905,-0.2635607907297,-0.0711367791061,-0.3242806981560,0.1368707400414,0.5253670136783,-0.0608695383737,0.1883896263585,0.1148416139353,0.2827042283789,0.1173990479547,0.4096040463631,0.0915918158035,0.0105218666291,-0.0520313453737,0.3583777718157,0.0035397222149,-0.1046235813120,0.2214114380734,-0.1448685663354,0.0607864726499,0.0972031356522,0.2036718133162
0.2848147260765,-0.0482218058388,0.2010320531738,-0.1475659422710,-0.0862303482179,-0.0867318253303,0.1064302085098,0.0852097060116,0.1763309813451,-0.1256732429295,0.0363705650937,0.4240158397119,0.0702495614203,0.3717332058150,0.3945002110228,0.0961792621781,0.1097904976270,0.2723106434167,1.0000000000000,0.5532728934547,0.0368303407084,0.0145004935682,-0.1406670035925,0.0959225777937,0.0100285165038,0.0545416177288,0.3255046857976,0.2071389287021,0.0748473225531,0.2043837688367,-0.0400429978371,-0.1242147109292,0.0795921396048,-0.0869835812463,0.1604053994936,0.0393760001311,-0.1574256799524,0.0823888980275,-0.1512322737474,-0.2131965449455,-0.0696345925587,-0.0732647863076,-0.1252099350491,0.0393406254089,-0.2001911499155,0.0337463636677,0.3191479936493,0.0694597087745,0.2122837847499,0.2615823966394,-0.0177990466886,0.0922975672062,0.0521408960578,0.5405972449703,0.3615686996620,-0.0160203261531,-0.0685216230304,-0.1634767925035,0.0568791632936,-0.1356663412246,-0.0884125367253,-0.0443490498815,0.2252273238063,-0.0393181463560,0.0793640970238,-0.1493645782356,0.1438513888357,0.1602942051947,-0.1478290858160,0.0668928880261
0.3848091989674,0.0130899112345,0.1988759197485,0.2363518677219,0.1467901238764,-0.3062180032054,0.0921586222415,-0.0248652010601,-0.1933457409984,0.0692566067229,0.0360193723156,0.0832331257219,0.3674513793007,0.2895220176000,0.2537751329538,-0.0073223457887,0.1986320492841,0.3897010561558,0.5532728934547,1.0000000000000,0.2779009829559,0.1436251275943,0.0785053791816,0.2447539378602,0.0360299068571,0.1196791282910,0.5011709839407,0.1653304176806,0.0317245403909,0.3140374889454,0.2086614198674,-0.1060318232906,-0.2810621498702,0.3000668246419,0.4002682243307,0.2904430239069,0.0616385708365,0.1312580557555,0.1277813489491,-0.0814542484047,-0.1796336068027,-0.1993260452859,-0.0815797657338,-0.2686034677053,-0.0106862856404,0.0350147971831,0.1066697522248,0.4164346579156,0.0616202958830,0.2076623927940,0.0015800184781,0.1251744359263,0.3727960195504,0.2698739334628,0.7252308944448,0.2702349066498,0.0488441512126,0.0725797785629,0.2132228919189,-0.0047073516885,0.0620658527084,0.1170776240058,0.0580193194299,-0.1009592639334,0.2514722829162,0.1498054540684,0.3253836993923,-0.1115544313507,0.2930244083532,0.3555604576571
0.1633081144007,0.3393517666142,0.0109668303826,0.4786752319847,0.7581087962074,-0.2444481950673,0.5140125134941,0.0948197961928,-0.2247744723959,0.4460392860721,0.3968144139118,-0.0727394077185,0.7183096268046,0.0718181349439,-0.1314164199916,-0.0813673378848,0.5259231095429,0.1720649231336,0.0368303407084,0.2779009829559,1.0000000000000,0.4076491991811,0.4678088700745,0.2454053513942,0.6175105813662,0.1723002865256,0.2653140214437,-0.0011273510438,0.4461506783925,0.0275942133520,0.1212435222279,-0.1519452214038,-0.3304726489408,0.4379158626200,0.4569240865188,0.1379471283946,0.3523755810100,0.1702816719987,0.3553370586355,0.6523281061475,-0.0583387212310,0.0379511941501,0.1586251199651,-0.2209151161260,0.3875597690428,0.4004490975612,-0.0205017265218,0.6677568601714,0.0397707851492,-0.1715673578190,-0.0750982556154,0.3704329015779,0.2425432833317,-0.0935785226981,0.1454892349944,0.9475245510183,0.3474449763636,0.4661526447119,0.3689385690282,0.4958339653615,0.0667264911630,0.1515969358614,0.0609308372923,0.4128928145066,0.0021718009113,0.2738508769142,0.1153881163246,-0.0032948101639,0.4409343155816,0.4164966879523
0.2242759019219,0.2478612970288,0.5417355569757,0.2275715058211,0.5428296068722,-0.1520127165490,0.2526640400445,0.4487932721897,-0.2544218238046,0.3848684006661,0.0870415518488,-0.2072609627273,0.4598361128804,-0.0766652140078,0.0672615235850,0.0738221343451,0.6745591860618,0.3043123994150,0.0145004935682,0.1436251275943,0.4076491991811,1.0000000000000,0.5004206030148,0.8329453728204,0.5520763179920,0.1073943913233,0.2824845021331,0.5168141434762,0.6379203572451,0.1186141951777,0.5213982567146,-0.1591815678746,-0.0977635407661,0.2551233497637,0.3806190315080,-0.0975379288874,0.1933012379092,0.3664924117918,0.1911733554121,0.4643668404624,-0.0827167518447,-0.2303715050899,0.3376149343370,-0.3537696062576,0.2865880254127,0.0420763265531,-0.3102176196028,0.3793266331095,-0.1615813912691,-0.2271724402242,-0.0936897258843,0.7438161619143,0.2373463698645,-0.3041405540352,0.0075904734365,0.3545538574652,0.8958205567623,0.5937181003847,0.8247593456225,0.6024622642100,0.0260012678041,-0.0649727339586,0.4769929526685,0.6380125582292,-0.0796742430105,0.5547051000514,-0.1292822765285,0.0198952865434,0.1958084241420,0.2776478206817
0.1217203409214,0.6488035770832,0.1380366446842,0.5755605939296,0.4452717869643,-0.1320178940835,0.2561471680108,0.2049449464820,-0.3009523606692,0.5082451707186,0.0098985797128,-0.1936330033673,0.4324274407184,-0.0641723791143,-0.1345540405147,0.1120486380573,0.6381891044517,0.1405151033399,-0.1406670035925,0.0785053791816,0.4678088700745,0.5004206030148,1.0000000000000,0.3882897382289,0.5178212223308,0.3509755602153,0.2817382929936,0.1779548104509,0.3572244873343,0.1709416256746,0.3310920634251,-0.1308542543025,-0.0058049410241,0.4935347330595,0.5709057466904,-0.0336069152318,0.6051868830146,0.2114258057909,0.5389860062473,0.4564540438303,-0.1109517536121,-0.2136503768434,0.1233652982321,-0.3731821142181,0.5049427965413,0.0570020757144,-0.1003878876502,0.4035361075310,-0.0630403556039,-0.2513782053044,-0.0761070002679,0.5486126548908,0.2294422727070,-0.2854736396536,0.0276348516069,0.4409336810248,0.4260482395807,0.8709294503692,0.4068560413030,0.5214628954811,0.3131470956480,0.1128039688229,0.2362950456108,0.3019640029289,0.0747629605384,0.4310165494902,-0.0379741531786,0.1194761918721,0.4473516703389,0.4241987217487
0.3152028144229,0.2551967623142,0.7605233139955,0.1943209343262,0.3017718242702,-0.1919165976021,0.0076735598679,0.4837842624989,-0.2938966526150,0.2285641713354,-0.1394740490933,-0.1270107579882,0.2614578025937,-0.1333185289161,0.0701251239120,-0.0128202375685,0.5515832836844,0.5172599831709,0.0959225777937,0.2447539378602,0.2454053513942,0.8329453728204,0.3882897382289,1.0000000000000,0.3188959738938,0.1552103812611,0.3178066180498,0.7307942487602,0.4525475176178,0.0239010705084,0.6876253243514,-0.1441058891004,-0.0410707668142,0.0863996094144,0.3806356676863,-0.1507784757099,0.2060198060920,0.5483460995886,0.1706195758249,0.1549228159430,-0.1803555147220,-0.4222079442780,0.3791853127594,-0.4513434452445,0.0771013122657,-0.1925160866239,-0.3079809939501,0.2052754828182,-0.3229977015904,-0.2750763796926,-0.2217401543186,0.6684728731004,0.4426690246361,-0.2657945881474,0.0778170653482,0.1967401127881,0.7418182789784,0.4772210481029,0.8638235021028,0.4544066246531,0.0534472031493,-0.0542765937095,0.5927675725258,0.4181780276499,-0.2066641880143,0.5557991975751,-0.2363349377089,-0.0159177130957,0.0755142762720,0.3502793263901
0.2517307237242,0.1951173861008,0.1667647338079,0.2548910706040,0.7150618277844,-0.1855886541179,0.5906712268241,0.4341123204525,-0.1954876331353,0.5626360775168,0.3219931045371,-0.2434634632246,0.6485341190941,-0.0119023584800,-0.0146442775614,0.1415229418269,0.6624385513750,0.0944235955112,0.0100285165038,0.0360299068571,0.6175105813662,0.5520763179920,0.5178212223308,0.3188959738938,1.0000000000000,0.0236797164513,0.1333248361997,0.1742633294419,0.8032301242807,0.0745941655806,0.2066877329732,-0.2351102477983,-0.0785277361927,0.1652638451860,0.2523738256560,0.0420398654436,0.1403470599910,0.2025205351291,0.1118814457949,0.7083101205204,-0.1079472802711,-0.0481946487198,0.4051469130389,-0.2585773851775,0.4884571872162,0.3597404955334,-0.2065705506428,0.5161982922285,0.0390685918408,-0.1821850034708,-0.0136050519349,0.6041243191540,0.0498268382403,-0.2836230238408,-0.0874333208778,0.5169998208893,0.4714589503772,0.4970186853546,0.4299096737095,0.7985418613168,-0.0975018825944,-0.1291303553442,0.1918220930089,0.7665093889673,-0.0183289877926,0.3534331532607,0.0297511916222,0.1085991960750,0.1638665177508,0.0666474790805
0.1231111749459,0.6865396313147,0.1911660489535,0.5093603317841,0.0170008868718,-0.1612914876462,-0.0811208423526,0.0790669824467,-0.0732972143579,0.2378466337116,-0.1091716519833,0.3857171586575,0.1227258893212,0.1994741599623,-0.0175174497107,0.1893053722366,0.2834231617929,0.0347508430139,0.0545416177288,0.1196791282910,0.1723002865256,0.1073943913233,0.3509755602153,0.1552103812611,0.0236797164513,1.0000000000000,0.4110068353116,0.2556401513294,-0.1116658247254,0.1384819768667,-0.0045730215611,-0.0700978537354,-0.1658345526285,0.4094103168182,0.5802144846009,0.0017752964534,0.5675588259383,0.1372144270362,0.6211774093774,-0.0802415050584,-0.1818618203126,-0.2628811086365,-0.0093386844965,-0.1895396687255,0.1595778971228,-0.1448975188279,0.2357069957736,0.2046007290652,0.0613618569041,0.0595370878758,-0.0436167565868,0.3176293529341,0.2176573001886,0.0353039698278,0.2216262804868,0.2438851833497,0.0912768965632,0.2882473995650,0.1582927196745,0.1325288767106,0.8454975699198,0.3854866061686,0.3594316458527,-0.1537455895509,0.1069923659163,-0.0302150671823,-0.1855959630772,-0.0249423099480,0.3875572007886,0.6491546305902
0.1237932502953,0.4142462270624,0.4445318580377,0.4791124239460,0.2763673195162,-0.2828681161761,-0.0909242115831,0.2693119631469,-0.1758699399796,0.2043224401704,0.0069882482779,0.2336254409159,0.2396979525992,0.1594302799367,0.0491294388682,-0.1172653295395,0.2339370053060,0.3022245778701,0.3255046857976,0.5011709839407,0.2653140214437,0.2824845021331,0.2817382929936,0.3178066180498,0.1333248361997,0.4110068353116,1.0000000000000,0.3401989913132,0.0789208400216,0.1321082164991,0.2183707732051,0.1211422098445,-0.2413285885742,0.3481903999725,0.3394696868057,0.0385241394562,0.2958826830969,0.3351756404795,0.4018075921701,0.1914275138439,-0.2731377178286,-0.2987348534205,0.0373679824856,-0.2645858364734,0.1963966016760,-0.0397964991975,0.0874138350006,0.2423987816368,-0.0057292755415,0.0143927623740,-0.1903113402030,0.2275154133583,0.2234779848199,0.1161811611850,0.3825510487534,0.2488003311001,0.1515810053115,0.2845933816307,0.2254522145093,0.1624085525955,0.4040511724496,0.5937027112557,0.4312066346616,-0.0052282491243,0.0295407667692,0.0855627235794,0.2027230883103,-0.1842691152404,0.3710894863261,0.2788079416630
0.3760523872435,0.1848660983952,0.8111870071473,0.0684621528347,0.0812085216184,-0.1279084773734,-0.1775624681774,0.4714680683090,-0.1865631740506,0.1584992350257,-0.2590786877071,0.0895255551154,0.0581268855554,0.0167781022826,0.2024850762160,0.1038695851014,0.3382378933421,0.4522931445895,0.2071389287021,0.1653304176806,-0.0011273510438,0.5168141434762,0.1779548104509,0.7307942487602,0.1742633294419,0.2556401513294,0.3401989913132,1.0000000000000,0.2591369503690,0.0966584837909,0.4872694880000,-0.0220976411618,0.1437826835209,-0.0629914827767,0.1715476078530,-0.1023124163678,0.1583058422133,0.5999442662179,0.0839987653703,-0.0243023822206,-0.2674292745809,-0.4596402520911,0.2882143755004,-0.3773285067012,-0.0170973886244,-0.3478065672341,-0.1038179922061,0.0018034289544,-0.1462016854528,-0.1252422542192,-0.1714315574713,0.5342604989093,0.1962066516682,-0.1113905521173,0.0681733448117,-0.0634671837435,0.5005221635633,0.2132182921434,0.6079940502903,0.3424767075268,0.1718361861756,-0.0216292013779,0.8331838164401,0.2727714390180,-0.1792861043099,0.3097045752399,-0.2312276993486,0.0341414419331,-0.0451006398893,0.1659380305338
0.1936538925115,0.0466274798040,0.2353269121050,-0.0816371146762,0.6186720077458,-0.1243392565852,0.5690860364653,0.4734641587456,-0.0340314061852,0.2589705226241,0.4124042349045,-0.1997854156633,0.5172818685008,-0.0375154677888,0.0600408174123,0.1637721330319,0.5782977917727,0.0441577204816,0.0748473225531,0.0317245403909,0.4461506783925,0.6379203572451,0.3572244873343,0.4525475176178,0.8032301242807,-0.1116658247254,0.0789208400216,0.2591369503690,1.0000000000000,0.0317359242270,0.3442459918448,-0.1753549554757,-0.0351250855144,-0.0197299752540,0.1515563186533,-0.1080335014624,-0.0558361794432,0.1621264196788,-0.1620353683941,0.5956800016944,-0.0816101046837,-0.0066266674459,0.4307344598745,-0.1649434626197,0.1669150454913,0.4151922074335,-0.2619484829809,0.3999993024442,0.0378981219065,-0.2593475119835,-0.0189987698160,0.6073174601849,0.0193763858268,-0.3236661345086,-0.1183791394132,0.3677372423484,0.5320039768594,0.3874848913121,0.5051583708216,0.6037672758108,-0.2437287230113,-0.2304958384306,0.2328722195511,0.9299924160203,-0.1668102111243,0.4015321227424,-0.0071420690391,0.0984038811993,-0.0967542160702,-0.0212583777771
0.2862816245713,0.1494855594614,0.0682231833226,0.1810140071265,-0.0150237786988,0.0850814693354,0.0910022904736,-0.0063290825762,0.1216796114598,0.0373180278326,-0.0100947817051,0.1589344301544,0.2782534849933,0.3576736769510,0.5025148822870,0.4435601586834,0.0922478495007,0.0858017724617,0.2043837688367,0.3140374889454,0.0275942133520,0.1186141951777,0.1709416256746,0.0239010705084,0.0745941655806,0.1384819768667,0.1321082164991,0.0966584837909,0.0317359242270,1.0000000000000,-0.0466432501350,-0.1353011952517,0.1278142221575,0.5227076903073,0.2181939420266,0.3793017708113,0.1339767606603,-0.0484373554480,0.2541459565574,0.0114443732215,0.1112629712771,0.0512740605948,-0.0542018867608,-0.0114225092839,0.0030461536039,-0.0493378448313,0.3342441340923,0.2816324692439,0.2870521995858,0.3261945365013,0.4851386582359,0.1229665498906,0.1517856491925,0.1410296042829,0.2417906950595,0.0286928017088,0.0690241425634,0.0948465411204,0.0124756227465,0.0512562523982,0.1568315883343,-0.1544921885730,0.0984195936899,-0.0013194168467,0.8025885756974,-0.0186035972985,0.1922955211143,0.2749149677505,0.3883936469795,0.0474725407815
0.2129828475532,0.0819472766409,0.5643187600477,0.1649579521277,0.2996552640518,-0.2216137945841,-0.0088946039077,0.4034545980310,-0.2765704025866,0.1428177763722,-0.1466080456415,-0.2023452834177,0.2114222830722,-0.2158698916983,-0.1438453863278,-0.0311888486793,0.2075937546143,0.3788992201555,-0.0400429978371,0.2086614198674,0.1212435222279,0.5213982567146,0.3310920634251,0.6876253243514,0.2066877329732,-0.0045730215611,0.2183707732051,0.4872694880000,0.3442459918448,-0.0466432501350,1.0000000000000,-0.1106431439943,0.0479327200329,-0.0000699865548,0.2977667499337,-0.0510726747548,0.1960833721768,0.4325214138910,0.1301168832660,0.1649805119828,-0.2678455083053,-0.4128517722485,0.4046751157311,-0.4139346958281,0.1040603475115,-0.1985808108182,-0.3369876098814,0.1292481528256,-0.4539119694893,-0.3491298404531,-0.2575459931210,0.3133614933609,0.3653005055607,-0.3865125366757,0.0561087483401,0.0594019936950,0.3913733153745,0.4093959687873,0.5336605835507,0.4037842513309,-0.0780502225292,-0.0064755151938,0.2584031993304,0.2607046587671,-0.1941033581040,0.7666683819759,-0.0866877689258,0.0352901284896,0.0281609280493,0.2830650159867
-0.2714979581113,-0.1134481352997,-0.0542062547019,0.0648062946000,-0.0546362813143,0.0549042247859,-0.2374225148033,0.1710553366890,-0.1334308447824,0.0880190747862,0.1123094077242,0.1445426622618,-0.1795162229577,0.0036471339369,-0.0389742517197,-0.1667271489242,-0.2514541492422,0.1205213765851,-0.1242147109292,-0.1060318232906,-0.1519452214038,-0.1591815678746,-0.1308542543025,-0.1441058891004,-0.2351102477983,-0.0700978537354,0.1211422098445,-0.0220976411618,-0.1753549554757,-0.1353011952517,-0.1106431439943,1.0000000000000,0.0424732758488,-0.0028090796033,-0.1929717035200,-0.0732735334485,-0.1312662654032,-0.2154451041329,0.0374403534078,0.0879755216434,-0.1496260598309,-0.0044003681798,-0.0855476723652,-0.0436231980661,0.0187451578864,0.0052952248816,-0.0409725045388,-0.1634293179028,0.2096856391728,-0.0980186666085,-0.0734338373718,-0.2402535615169,-0.0943529277170,0.0890284504651,-0.0161962469260,-0.1125495793104,-0.0656250926687,-0.1702273569801,-0.2093559255029,-0.2219402662479,0.1378275195200,0.2267286186884,0.0129582179521,-0.0915534119577,-0.1112205729552,-0.2051502894419,0.3090589534919,-0.3376122534237,0.1059735483519,-0.1390591137622
-0.0809115336328,-0.0705090411953,0.0560481319053,-0.2039519035153,-0.2525578753409,0.5249396513015,-0.0660720340702,0.0492853573236,0.2870845408502,-0.1194214430094,-0.2037464289751,0.0240539313226,-0.1828116301079,-0.0578762922374,0.0640372154466,0.3742604313852,-0.1187975452861,0.1113461628587,0.0795921396048,-0.2810621498702,-0.3304726489408,-0.0977635407661,-0.0058049410241,-0.0410707668142,-0.0785277361927,-0.1658345526285,-0.2413285885742,0.1437826835209,-0.0351250855144,0.1278142221575,0.0479327200329,0.0424732758488,1.0000000000000,-0.2502815347277,-0.0263369452284,-0.1103818722643,-0.0427314420902,-0.0987613114058,-0.1184611065622,-0.1045566164302,0.2117797983569,0.0083569121433,-0.0912314095564,0.1991656011938,-0.0935316416892,-0.2023777072986,-0.0267252158328,-0.3484183597406,-0.0371574153221,-0.0546123439561,0.1135237227266,-0.0400977772797,-0.0634149133597,-0.0994718916059,-0.2371164294107,-0.3773037521913,-0.1096744673140,-0.1000425946933,-0.0964543368312,-0.0843649684198,-0.1299402435931,-0.3405128344132,0.1105301345937,-0.0411356140661,0.0616100602147,0.0422184779354,-0.1471798872240,0.5896439518555,-0.2200683638881,-0.2313302719293
0.0357921109818,0.4611342143011,-0.0147535311538,0.6139079567335,0.3189430853718,-0.0615650496943,0.1254368030496,-0.1646253778470,-0.0737554167228,0.2712011422591,0.0939282348250,0.1168789606010,0.4272813558221,0.2390112484162,0.0742497447503,0.1284095982658,0.3299244223197,-0.0238304655190,-0.0869835812463,0.3000668246419,0.4379158626200,0.2551233497637,0.4935347330595,0.0863996094144,0.1652638451860,0.4094103168182,0.3481903999725,-0.0629914827767,-0.0197299752540,0.5227076903073,-0.0000699865548,-0.0028090796033,-0.2502815347277,1.0000000000000,0.5174557733885,0.2845430544658,0.5343066130072,-0.0210184348727,0.6445844667239,0.2546272062387,0.0712204316724,0.0511007087248,-0.1944545041722,-0.0831579623425,0.2171582529612,0.0573354501158,0.2213243473702,0.5057696134415,0.1706832086583,0.1397242019684,0.2307384882228,0.2320263935717,0.1555333454869,0.0763348704544,0.3013524691997,0.4868074994357,0.1983571649445,0.4565393648853,0.1124868236113,0.1813647569554,0.4653856666394,0.2176979625399,0.0169075583340,-0.0282522977959,0.5132394914586,0.1154481434096,0.2199686693257,-0.0477996730324,0.8144277253082,0.4933743373382
