1.0000000000000,0.1450653518731,0.5296762197362,0.3800585208188,0.2437650643980,-0.2937726976552,0.1999105832027,0.4159101543040,0.0862018510180,0.4197087484315,0.1368696615205,0.1676618393201,0.4501481836588,0.0045310520520,0.3439709747772,0.1627470144504,0.2538200133624,0.4510289723468,0.2722120516564,0.3047235404564,0.4467921400909,0.3144138768581,0.1181307599618,0.4115194148545,0.3687560649751,0.0029608624893,0.3095860034040,0.3433894229518,0.3364250116380,0.2224552560376,0.4174545381704,-0.2534926444844,-0.4203611326854,0.1972424768264,0.1075503543459,0.2746910598583,-0.0250847738335,0.2646729056448,0.2293626681215,0.0696398096017,-0.2294685355797,-0.0896735889549,0.1493575332994,-0.1664056727658,0.2942200869467,0.2542761843869,0.1170582358269,0.4045086515213,0.0253114770357,0.3291806538509,-0.1283694578979,0.3174623776701,0.3082090851751,0.0212923906174,0.2065482695427,0.3720489756203,0.1627862417346,0.0878992528196,0.3453195487648,0.3296452780722,-0.1424482804305,0.0424165403140,0.3009668143680,0.2136376461300,0.0876216062167,0.1131445038603,-0.0260902012860,0.0099953920469,0.1482363277075,0.2543362955519
0.1450653518731,1.0000000000000,0.2080319516744,0.5037970411266,0.1256192683835,0.1906336309395,0.1992819179953,0.2895663041335,0.1455200467127,-0.0140339261612,0.2234813469892,0.1844604725974,0.0371196687233,0.3197158418817,0.2063628622926,0.0088727236443,0.2703088594584,0.2740091514797,0.3296822682633,0.3455337553403,0.1458119808952,0.3492181757624,0.5688695470848,0.3569513347112,0.2399786880151,0.5682338185131,0.3793767325401,0.2982668852387,0.1857281699737,0.1909337455045,0.4397421011456,0.1056643487961,0.0794854869623,0.4924359962301,0.6539587661379,-0.0963086350554,0.6864109287184,0.1155023268673,0.6266806044820,0.0616306780493,0.1918526673577,0.0579956421442,-0.0064301863056,-0.0581578090890,0.0441289609536,0.0968789321130,-0.0768648899727,0.0752114895682,-0.0071256901059,-0.1072648430731,-0.0929243377805,0.2764007619213,0.3767789216698,0.0548675174962,0.2407044481981,0.0852844435200,0.1466389933583,0.4079934456673,0.2138523023760,0.1851734541512,0.3438162616612,0.0639496998846,0.3805712297286,0.0345930748898,-0.1187325402640,0.2526576819901,-0.1212956424199,-0.0126589477193,0.2374559105643,0.4024859239973
0.5296762197362,0.2080319516744,1.0000000000000,0.3233818836933,0.3789938997871,-0.3621333014862,0.0831775161496,0.6090147697171,0.0109960845442,0.3861223274416,0.1326442221963,0.0966740513905,0.4077420524901,0.0480945741123,0.1880281352119,0.0638215209709,0.3582755564385,0.3075595169270,0.3861333628411,0.3238916464396,0.3967406332235,0.5630974660570,0.2792435768531,0.7884718205913,0.4668165243511,0.0102619093089,0.5546877452793,0.7163020267211,0.5441940389407,0.1184844877388,0.7436122532442,-0.1691538696419,-0.2996938796000,-0.0215272621693,0.0914080971767,-0.0676331401773,-0.0538680436397,0.6487729365964,0.2352420709734,0.1694396054399,-0.3121609891517,-0.3231068190746,0.1863617983993,-0.3426356734763,0.2687931942329,0.2398427702307,-0.1150623394491,0.3417663580604,-0.1080953271262,-0.0570034293211,-0.3832284570643,0.5664462007437,0.4410200879338,-0.0555458623745,0.1850661235619,0.3667924038604,0.3379783088688,0.1721845235085,0.6206054054847,0.4316634962894,-0.1764240709350,0.1985813693232,0.6715548956311,0.3688703000368,-0.2592297586891,0.3027267238011,-0.1869250350348,0.0613265272701,-0.0088588747055,0.1830529299630
0.3800585208188,0.5037970411266,0.3233818836933,1.0000000000000,0.1377215383783,-0.1122526598868,0.2268272229517,0.3134488052144,0.0817252673897,0.4122366705368,0.1845701689767,0.1185602669627,0.2830263418054,0.0416052760459,0.1467246041855,0.3005047366454,0.2301883956005,0.2016998927429,0.1008792553684,0.1990499629232,0.3289264666585,0.2425583623256,0.5477005800396,0.2659280311714,0.4338938248350,0.2235969952480,0.2878391552955,0.0724555419985,0.1897531973305,0.2363235877828,0.4133733088683,-0.1923904524877,-0.2014826176990,0.4623610031296,0.4034809519047,0.0623556170842,0.3901900158326,0.2888653025159,0.7273206644097,0.0992582286429,-0.1034780386274,-0.0805943302040,0.0864691264094,-0.2007748442608,0.3958958196007,0.1516216534795,0.1603965650068,0.2689700243189,0.0452185055899,0.1325131445181,0.0311095875561,0.2042157832027,0.3678768138010,0.0114800490609,0.2217629108804,0.2783915325350,-0.0153654433912,0.3936104698527,0.1829034454817,0.3788571774352,0.1248038711171,0.1779805598098,0.1459843878184,0.0660171568164,0.1130611658550,0.1731015465644,0.0801726142673,0.0112991766234,0.3272616590256,0.4990943433331
0.2437650643980,0.1256192683835,0.3789938997871,0.1377215383783,1.0000000000000,-0.1054653335079,0.4380107752733,0.5003899281692,0.0116028895892,0.5166760809030,0.5424943901251,0.0192968206679,0.5719167861438,0.0626267052976,0.1415003631266,0.0926521625464,0.5138475475171,0.0977598848580,0.2913255787168,0.1966132401118,0.6719376730236,0.6949002671252,0.4576988587610,0.5771450659520,0.6744270056283,-0.0456515926116,0.3155982790918,0.2893167322718,0.7444384729868,0.1565100171681,0.4536389944952,-0.0658482995726,-0.0462630939725,0.2072590759635,0.1075767811972,0.0875874088795,-0.1285262484618,0.1153428333966,0.0590464111182,0.8208325542585,-0.1522304186951,0.0906995936416,0.1097256344099,-0.1380904559040,0.4960041521430,0.5930572467581,-0.3135359274418,0.5880946215592,-0.1398034432579,-0.0439657571100,-0.1572225620116,0.6041141138997,0.1801213437912,-0.2602529602078,-0.0028440011709,0.6369105685978,0.5821217186976,0.4251144075851,0.5766440804097,0.6560817319785,-0.3315166570070,-0.1883013435706,0.3390140193686,0.6750970134302,-0.1689374458985,0.3410744849463,-0.1778417761022,0.0471083724981,0.1101817019462,0.0092707752021
-0.2937726976552,0.1906336309395,-0.3621333014862,-0.1122526598868,-0.1054653335079,1.0000000000000,0.2282141341185,0.0191372639327,0.5890520719514,-0.4555805897405,0.1480145934361,0.5183395657523,-0.4734608417082,0.5735101335190,0.4562270673400,0.2296378688455,-0.2699325537326,-0.1195346571784,0.3822755514844,0.3770772294760,-0.4107084160805,-0.1350664263741,-0.1192230906635,-0.2505779459205,-0.2014417891684,0.5255962142820,0.1493104696502,-0.1610557814524,-0.1177588051415,0.2434566334970,-0.2004704107330,0.4365209980786,0.6176015307977,0.3230713444953,0.1816744268808,-0.2530069114844,0.0942551392610,-0.3950972598232,0.1712303434205,-0.0577409685007,0.8423545598880,0.5686796484400,-0.0994788680750,0.6241742778470,-0.4227482679749,-0.1590387220019,0.0717137503497,-0.4628146988011,0.3592426186127,0.1401988256878,0.4735458828018,-0.2464694974347,-0.1374060855600,0.2581578124232,0.1249083314335,-0.4731826281622,-0.1999451512124,-0.2253189236082,-0.3806646440844,-0.3089265420188,0.4435187613986,-0.2023985916200,-0.0429030081961,-0.1936775755841,-0.0731388387916,-0.2859759079608,0.1981418479900,0.0864241193725,-0.1568525011710,-0.3866226965370
0.1999105832027,0.1992819179953,0.0831775161496,0.2268272229517,0.4380107752733,0.2282141341185,1.0000000000000,0.3875779126129,0.3877280960225,0.2795216261793,0.7676074851961,0.2825363693425,0.4322564933207,0.1997015141675,0.4807195811023,0.3914784628969,0.2704321599975,0.1166179153317,0.3876808384046,0.3946294877201,0.3802607080054,0.4730181657416,0.3679428374421,0.2903267799418,0.5598436378080,0.1130799064712,0.3591434335221,0.0594891680390,0.5125326328886,0.4275345802242,0.1627537687117,-0.0459162298508,0.1536900739563,0.3970760229008,0.2713289178575,0.1414567925252,0.0953597432422,-0.0307606262796,0.3068050707114,0.5928665331926,0.2692066938530,0.5755683029964,0.1187008496857,0.2169037114658,0.3396138345466,0.6994402281239,0.1017885079255,0.2973539554079,0.0860993253823,0.1770158428274,0.2193658769358,0.2537335574075,0.1580905464796,0.0450625651774,0.0365054652085,0.2353130624314,0.2327368019778,0.1970217273416,0.2070618401235,0.4158550068457,-0.1320824904023,-0.1715418285573,0.1288451169407,0.4858259082293,0.0573974052333,0.1703935474174,-0.0513493942897,0.2899436630276,0.1294813428213,-0.0028701071114
0.4159101543040,0.2895663041335,0.6090147697171,0.3134488052144,0.5003899281692,0.0191372639327,0.3875779126129,1.0000000000000,0.1449309139491,0.3309397669135,0.4873310697750,0.2514034522265,0.2815263741140,0.2725630029592,0.3696836092009,0.1132336741887,0.3633991686932,0.2832485044355,0.5381735816317,0.4387105037269,0.3173746762260,0.6248386283095,0.3859888585685,0.6469871450724,0.7013618655462,0.2530803449543,0.5197704177035,0.5403992305068,0.7589158449155,0.2436700366584,0.6256954584523,0.0009796519231,0.0338529934398,0.1716141232315,0.2468681428373,-0.1958084254261,0.0111183236903,0.3078180642650,0.3266871906219,0.4038832822917,-0.0352159263490,-0.0462791755145,0.4305403398672,-0.1669501786258,0.3426934100626,0.4275888947293,-0.1799970352619,0.2447614650560,-0.0455918641254,-0.0847058845847,-0.2329995092241,0.5222687520276,0.3406450262125,-0.0675397822776,0.0756784617642,0.2322599611774,0.4070804846568,0.2338056043466,0.4889096782665,0.5596105278793,-0.0422887687866,-0.0631316397035,0.5781177079062,0.5349538026628,-0.3459527830903,0.2344476200534,-0.1527630470442,0.1408093458197,-0.0271290975739,-0.0172078892783
0.0862018510180,0.1455200467127,0.0109960845442,0.0817252673897,0.0116028895892,0.5890520719514,0.3877280960225,0.1449309139491,1.0000000000000,-0.2748512827921,0.2052631059858,0.6760783115951,-0.2178852989468,0.5068590841497,0.6799770008188,0.4901976398528,-0.1715352165163,-0.2144707258310,0.6355979612764,0.4540689381276,-0.1331108636438,0.0018219345557,-0.1270174004010,-0.0735404478527,-0.0084179579617,0.3271849297357,0.3297294351966,-0.0268479117040,0.0659102184898,0.3317666883003,0.0229490975035,0.0382742981092,0.1966070414466,0.1884585431969,-0.0259870440247,-0.1662499500956,-0.0780082050983,-0.0126374698174,0.1704632586558,-0.0422760334750,0.5272067677955,0.5821880459055,-0.1044555883556,0.6918410359497,-0.3057626053870,0.0857596192614,0.3296817973824,-0.2640182733745,0.2640282146518,0.4709402621722,0.4409290973305,-0.0538098394630,-0.0726767446594,0.2543724650112,0.1362309032782,-0.1984364641259,-0.1566916649930,-0.3021646771971,-0.1339249541034,-0.0994028290652,0.0838281366087,-0.1134425657280,0.2066568032824,-0.0202559108596,-0.1353709366647,-0.2072877837186,0.1296190163934,0.2977615408047,-0.3021069278379,-0.2558525076626
0.4197087484315,-0.0140339261612,0.3861223274416,0.4122366705368,0.5166760809030,-0.4555805897405,0.2795216261793,0.3309397669135,-0.2748512827921,1.0000000000000,0.2235984647522,-0.1782601446696,0.7179273973313,-0.1973535489875,-0.0857482792718,0.1291138542892,0.4220479877195,0.2354392065569,-0.0841610442546,-0.1212106819309,0.7161312550012,0.3966802051499,0.4160029640206,0.3895080194155,0.6219517420977,-0.2267556041921,0.0719317430090,0.1766096928708,0.4087411171535,0.0570282372215,0.2625704109752,-0.3106721389939,-0.2646295837154,0.1442791912953,0.0368474652199,0.1661414320595,-0.0164998698002,0.2361930328054,0.1926899386211,0.4602257811769,-0.4255154269662,-0.1318719599414,0.1913563772947,-0.3828539638343,0.8286652400373,0.3900547246884,-0.0935058371799,0.6737319831985,-0.0602970822326,-0.0175875167405,-0.2008128193546,0.3763905421907,0.1799717699422,-0.2628399692095,-0.1476599499232,0.6775532363169,0.3351056765230,0.3989719055330,0.4330768854998,0.5868193034067,-0.2975805749260,-0.0979818342690,0.0754028781675,0.3905553573636,0.0612730355283,0.2322934418420,-0.1375360039087,0.0271842769596,0.3728539172487,0.2361091510665
0.1368696615205,0.2234813469892,0.1326442221963,0.1845701689767,0.5424943901251,0.1480145934361,0.7676074851961,0.4873310697750,0.2052631059858,0.2235984647522,1.0000000000000,0.1629581681374,0.4323680167881,0.1515079182144,0.3310238030295,0.0847477891020,0.2926026208844,0.1016584435087,0.3381066160816,0.3164798930485,0.3911443442913,0.5135870790903,0.3755303362177,0.3467283872468,0.6056711586104,0.1119307176000,0.4301273385672,0.1813758112608,0.5850870502850,0.1678236352181,0.2388194569456,0.0661509646614,0.0393346621477,0.2750908764363,0.2343020363271,0.1099633671634,0.0957147616419,0.0234108719157,0.2332871357974,0.6880461681947,0.1160391727577,0.3695124058016,0.1541721084343,0.1059923134719,0.2667584929303,0.8140122347439,-0.0667582265430,0.3371214887867,-0.0152731230144,-0.0430536479508,-0.0176902319293,0.2762168393186,0.0768119674074,-0.0620558476220,-0.0223651715842,0.2995635986822,0.2518513692072,0.2746671610404,0.2440282107219,0.4395775123682,-0.1332567486164,-0.0078845187180,0.2108426632317,0.5197913118331,-0.1725032957504,0.1894765388972,-0.0849396279663,0.0874770294927,0.1236986043796,-0.0760941647108
0.1676618393201,0.1844604725974,0.0966740513905,0.1185602669627,0.0192968206679,0.5183395657523,0.2825363693425,0.2514034522265,0.6760783115951,-0.1782601446696,0.1629581681374,1.0000000000000,-0.1349640601970,0.7604295698851,0.6345720582715,0.4046230186146,0.0421420649071,0.0094848337151,0.7156318145182,0.5926161716035,-0.1206885057114,0.0725206773156,-0.0875609147203,0.0472593142984,0.0655142093113,0.5226564031030,0.5258468559040,0.2079954306830,0.1364611238226,0.4246496719597,-0.0011167982739,0.3133321210249,0.1380903873844,0.2476928157106,0.2197866531204,-0.1858638886217,0.0045434811368,-0.0722580771238,0.3180172047146,-0.0324312138199,0.3966127309693,0.2781621427898,0.0447511375708,0.3224302638857,-0.2189738664927,0.0155990251317,0.4116678534177,-0.1811135394564,0.6582049388754,0.2556222429188,0.2188987433950,0.0757966192728,-0.0680148128597,0.3564440653591,0.1036804235148,-0.1711984762089,-0.0331543804689,-0.1970993200041,-0.0576508980401,-0.0252614303045,0.3317606055094,-0.0956755537190,0.2635949124102,0.0434864889509,-0.1327231353496,-0.2304929857527,0.4448131313209,0.1111398454907,-0.2040736809826,-0.1927195992626
0.4501481836588,0.0371196687233,0.4077420524901,0.2830263418054,0.5719167861438,-0.4734608417082,0.4322564933207,0.2815263741140,-0.2178852989468,0.7179273973313,0.4323680167881,-0.1349640601970,1.0000000000000,-0.2577895566903,-0.0276984342164,0.1478543504970,0.4934302460355,0.2079016411483,0.0040560743907,0.0453044862253,0.8229239378171,0.5119810075044,0.3238567425384,0.4902605897714,0.6272701384071,-0.2729499956397,0.2373009719058,0.2326410041618,0.5283646487787,0.0356741228756,0.3267646958107,-0.3136056882689,-0.4825613642181,0.1463057830803,0.0246500138284,0.2660199575168,-0.0130434007912,0.2982670469310,0.1220006575791,0.5795892178441,-0.4168484257780,-0.1021798737123,0.1443141995064,-0.3738899924374,0.6573710462214,0.5862457708134,-0.0326412264766,0.9256189280556,-0.1596567041742,0.0001872917741,-0.1801934009756,0.4864896910076,0.1918631640329,-0.1974763839848,-0.0578060855610,0.7795714928338,0.3811807772296,0.3432840214080,0.4880631673772,0.6029439209311,-0.3744164968312,0.0355447659800,0.1575773336049,0.5617143193275,0.0644865574433,0.2951285105186,-0.1625351444636,-0.1125175332008,0.2530225380512,0.2703747437062
0.0045310520520,0.3197158418817,0.0480945741123,0.0416052760459,0.0626267052976,0.5735101335190,0.1997015141675,0.2725630029592,0.5068590841497,-0.1973535489875,0.1515079182144,0.7604295698851,-0.2577895566903,1.0000000000000,0.6002349861233,0.1866072290846,0.0013516060031,0.0376722384827,0.7558623779831,0.6597508347000,-0.1859108874511,0.1451136384084,0.0119862189336,0.1073007173597,-0.0030511304667,0.7716635096900,0.5755355479835,0.3357638232429,0.1245054861188,0.3979521903765,0.0065162442534,0.4633633290681,0.3482858034364,0.3581977302166,0.3225424520778,-0.3548655473273,0.0693034679001,-0.1992572770416,0.3610025253252,-0.0514636427070,0.5133555898541,0.2186774838661,-0.0951231416464,0.2494429036546,-0.2584875447581,-0.0312609927896,0.0444452348034,-0.2579871518178,0.5681121303850,0.0946934142040,0.1192004931131,0.1010881623058,0.0532508249293,0.3198173503068,0.2403361136128,-0.2279425001404,0.0797794025746,-0.1526516941593,-0.0263483753847,-0.1675189134490,0.4757872891735,-0.0843667309970,0.4119554951797,-0.0176825421990,-0.2150997481384,-0.2181053843350,0.2403141955632,0.1865754771490,-0.1243367047758,-0.2077230648440
0.3439709747772,0.2063628622926,0.1880281352119,0.1467246041855,0.1415003631266,0.4562270673400,0.4807195811023,0.3696836092009,0.6799770008188,-0.0857482792718,0.3310238030295,0.6345720582715,-0.0276984342164,0.6002349861233,1.0000000000000,0.3720684124153,0.0013676038206,0.1921057089071,0.7614616673425,0.7686609264413,-0.0059560424540,0.2341665214453,-0.0083306080760,0.1800086170177,0.1990076484650,0.5017287941105,0.5663400800829,0.2668358214471,0.2667138135271,0.5756594797108,0.0772156271437,0.1164471381001,0.1532499450777,0.4154080439727,0.1898788582317,-0.0256232903863,0.0138437279986,-0.0546358529797,0.3586019931730,0.1065711635855,0.5231071252368,0.3691836360830,0.0939506347487,0.3858039195530,-0.1344789148691,0.1897115948195,0.1964296576859,-0.1188317267510,0.3107650357993,0.4519081776882,0.3586521712181,0.0786514067536,0.1067561625253,0.2898317565128,0.2979316512390,-0.1014551941992,0.0676844107644,-0.1840419610828,0.0111841939332,0.0432644672980,0.2118180916510,-0.1688237613752,0.3523204246871,0.1573082939184,0.0103887909561,-0.1245922314976,0.0072164974041,0.3003029222482,-0.1293396572449,-0.2032965981025
0.1627470144504,0.0088727236443,0.0638215209709,0.3005047366454,0.0926521625464,0.2296378688455,0.3914784628969,0.1132336741887,0.4901976398528,0.1291138542892,0.0847477891020,0.4046230186146,0.1478543504970,0.1866072290846,0.3720684124153,1.0000000000000,0.0934980068176,-0.1301963638808,0.2181577655905,0.2653164670651,0.0982694861487,0.1213072952615,0.0885290480205,0.0352788866285,0.1513260330495,0.0968533008844,0.0755550153752,-0.1528574070721,0.1413906770103,0.5268518023530,0.0484742890011,-0.1364435445600,0.0939378638481,0.3125461044635,0.1421425335456,0.0419568668579,-0.0367691005470,-0.0057806248747,0.2271095459033,0.0488079624499,0.2135054843537,0.3218414459355,0.0108888370287,0.2386642533797,0.1339124815841,0.0860338127233,0.3883844895813,0.0686590620363,0.2866017785568,0.3458052011706,0.5918563053112,0.1066356939429,0.0791499385061,0.1074288547321,0.1183583467403,0.0059499506234,-0.0018866865594,-0.0324779336615,0.0251090925255,0.1434838027051,0.0581167630987,-0.1900323605315,-0.0226544792085,0.0665042974564,0.2830162396336,-0.0857888621100,0.2503292262859,0.2690439056271,0.0765589747906,0.1893776427408
0.2538200133624,0.2703088594584,0.3582755564385,0.2301883956005,0.5138475475171,-0.2699325537326,0.2704321599975,0.3633991686932,-0.1715352165163,0.4220479877195,0.2926026208844,0.0421420649071,0.4934302460355,0.0013516060031,0.0013676038206,0.0934980068176,1.0000000000000,0.1972123630930,0.1236176480863,0.0945013816481,0.4473061362705,0.6873513644757,0.5468201005847,0.6185098063685,0.5962436433977,-0.0242125947264,0.1993216179609,0.4064995347771,0.5989632865390,0.2886072353219,0.3563914556297,-0.1302814003883,-0.1947436013418,0.3267049949437,0.3066990909413,0.1564065811211,0.1082839196558,0.1878542615169,0.1950679141289,0.4248182833175,-0.2791271665500,-0.1692851712480,0.1900926302858,-0.4000184859048,0.4897379239190,0.3612769115772,-0.1604051998036,0.4755791467715,0.0774705688484,-0.2375114872708,-0.2391043103137,0.8364553061954,0.1866917171491,-0.2134792968835,-0.0936649881936,0.4185031047973,0.6430043010257,0.6155080375295,0.6665592928667,0.6621515901724,-0.1814186838535,-0.1568510742620,0.3339539758113,0.5824653201188,0.0346318749899,0.4397165941862,0.0760645821392,-0.0111416602004,0.3549317874512,0.2707786693873
0.4510289723468,0.2740091514797,0.3075595169270,0.2016998927429,0.0977598848580,-0.1195346571784,0.1166179153317,0.2832485044355,-0.2144707258310,0.2354392065569,0.1016584435087,0.0094848337151,0.2079016411483,0.0376722384827,0.1921057089071,-0.1301963638808,0.1972123630930,1.0000000000000,0.1385078306284,0.3219870656845,0.2574108625501,0.2513356980102,0.1668736541175,0.3895532796620,0.1881476984799,0.1027573736481,0.2408148564287,0.3992593330151,0.1291933500917,0.1283094292521,0.2683327173744,0.0359696360276,-0.0866882387943,0.2202249223099,0.4901334537480,0.2084691048030,0.1938700725115,0.0405818787367,0.1597492186702,0.0657373380320,-0.0309286899757,-0.1140392252396,0.2084701951061,-0.2283701617820,0.1618388572175,0.1112913623550,-0.1744047489368,0.2110282202865,0.0089121428264,-0.0700331050212,-0.2002616610712,0.1324763024332,0.3497943362061,-0.0776920643358,0.0974045431549,0.1818190206948,0.1773822158939,0.1516425200187,0.2233789037061,0.1641078104611,0.0519378243367,-0.1062449230600,0.1382914021785,0.0944690100884,0.0538023995773,0.1549646735248,-0.1077231181637,-0.1405561096468,0.3862300043118,0.2824678663722
0.2722120516564,0.3296822682633,0.3861333628411,0.1008792553684,0.2913255787168,0.3822755514844,0.3876808384046,0.5381735816317,0.6355979612764,-0.0841610442546,0.3381066160816,0.7156318145182,0.0040560743907,0.7558623779831,0.7614616673425,0.2181577655905,0.1236176480863,0.1385078306284,1.0000000000000,0.8120867446616,0.0842747254977,0.4061618011538,0.0757038612122,0.4156763805260,0.2703662795041,0.5495943870134,0.7518382154580,0.5006597006834,0.4136291002318,0.4353759153030,0.3096275737295,0.2044385522218,0.1441436319855,0.2842828161563,0.2356685435840,-0.3146029280421,-0.0405966387421,0.1286988042696,0.3151033147411,0.1515153097226,0.3475159321070,0.2227692902334,0.0254348176452,0.2030854425377,-0.1255887405575,0.2559021408423,0.0045593805492,-0.0235891371037,0.2355531836980,0.1975527054693,-0.0131959839249,0.3412692587303,0.2602684840462,0.2744903602911,0.3142060093635,0.0229832482976,0.2436195351627,-0.1116139341235,0.2640724147623,0.0979732322490,0.0922945466861,-0.0749727421199,0.6643583469627,0.2413729521590,-0.3314353212945,-0.0450061820955,-0.0245926291047,0.2591584609624,-0.2191521941721,-0.1854422096639
0.3047235404564,0.3455337553403,0.3238916464396,0.1990499629232,0.1966132401118,0.3770772294760,0.3946294877201,0.4387105037269,0.4540689381276,-0.1212106819309,0.3164798930485,0.5926161716035,0.0453044862253,0.6597508347000,0.7686609264413,0.2653164670651,0.0945013816481,0.3219870656845,0.8120867446616,1.0000000000000,0.0266881976965,0.3964577270730,0.0602534574513,0.4129185107844,0.1975565823667,0.6006681923116,0.7448101065913,0.3946237793851,0.3510995079218,0.5592907066108,0.2950600722381,0.2595577871687,0.0953385205730,0.4598688750070,0.3933951216791,-0.2365211069857,0.0615062022724,0.0402019980129,0.4454788752473,0.1001350618893,0.4169913484508,0.1860881179557,-0.0209867524561,0.1338433764949,-0.1510114651820,0.2211711894128,0.0295129286331,-0.0035498230628,0.2324910447264,0.1997064386073,0.1622587252834,0.2695372361886,0.3745965434685,0.3412352290788,0.5775729511617,-0.0489167095841,0.1809129972963,-0.1159261615714,0.1864005052044,0.0181723490204,0.2848695210882,0.0176317555115,0.5169811121682,0.1828208152190,-0.0593149530409,-0.0583787967673,-0.0014989850647,0.1521279410966,-0.1067682974495,-0.0186243894390
0.4467921400909,0.1458119808952,0.3967406332235,0.3289264666585,0.6719376730236,-0.4107084160805,0.3802607080054,0.3173746762260,-0.1331108636438,0.7161312550012,0.3911443442913,-0.1206885057114,0.8229239378171,-0.1859108874511,-0.0059560424540,0.0982694861487,0.4473061362705,0.2574108625501,0.0842747254977,0.0266881976965,1.0000000000000,0.4915535612601,0.4085533893214,0.4748327659912,0.6611119287236,-0.2655216637771,0.1865842797518,0.2294081081275,0.5044854807300,-0.0077817627372,0.3548551516431,-0.2771957519646,-0.3662313523171,0.1098642719765,0.0453375030695,0.2186291629687,0.0329411371550,0.3021044502741,0.1279522465712,0.6100207108462,-0.3610390119243,-0.0266500472883,0.1173678904003,-0.2761336520485,0.6581070422547,0.5358335838751,-0.0994381660568,0.8141710106341,-0.1822619735899,0.0606876858975,-0.2124527926381,0.4555799136587,0.2133249271800,-0.2191345447088,-0.0500728321413,0.9341105040266,0.3610361685089,0.3901183890623,0.4917178780178,0.6460791556163,-0.4468150169886,-0.0859297436579,0.2190334561222,0.5029625376398,-0.0578998800784,0.2822528794121,-0.1806664299978,-0.0230291533254,0.2538073578107,0.1986909329124
0.3144138768581,0.3492181757624,0.5630974660570,0.2425583623256,0.6949002671252,-0.1350664263741,0.4730181657416,0.6248386283095,0.0018219345557,0.3966802051499,0.5135870790903,0.0725206773156,0.5119810075044,0.1451136384084,0.2341665214453,0.1213072952615,0.6873513644757,0.2513356980102,0.4061618011538,0.3964577270730,0.4915535612601,1.0000000000000,0.5827026846465,0.8932630120115,0.6730794169463,0.0636706234390,0.4673631553020,0.5231697666804,0.8434607586294,0.3871717653553,0.6759745986959,-0.0647710098069,-0.0710614467622,0.3769240583473,0.3598279317026,0.0092416444042,0.0061588925582,0.2297128369987,0.2073829709245,0.5750004721720,-0.0867129278403,0.0089010019204,0.1027556527528,-0.2793521766138,0.4190932728677,0.5625292622011,-0.2960601969084,0.5043818887969,-0.1191182603815,-0.1804231622425,-0.2208599695299,0.8141888146883,0.3947132576672,-0.1824225443906,0.1158818848899,0.4368960883909,0.7795683990580,0.5045213163537,0.8246501057795,0.6141450108522,-0.2682375372819,-0.1431123747724,0.5474274403104,0.7088208279815,-0.0726066617116,0.5135590474650,-0.1886882001777,0.1481995739019,0.1957374656345,0.2080927774329
0.1181307599618,0.5688695470848,0.2792435768531,0.5477005800396,0.4576988587610,-0.1192230906635,0.3679428374421,0.3859888585685,-0.1270174004010,0.4160029640206,0.3755303362177,-0.0875609147203,0.3238567425384,0.0119862189336,-0.0083306080760,0.0885290480205,0.5468201005847,0.1668736541175,0.0757038612122,0.0602534574513,0.4085533893214,0.5827026846465,1.0000000000000,0.5026374249493,0.5932096507889,0.1328374011178,0.1887517695413,0.2038679297486,0.4586585931496,0.2965204746200,0.4992854393473,-0.0984615955929,0.0670100495677,0.4407280247419,0.5347323812127,0.1108344891031,0.4687505745733,0.1768058255865,0.5039435433245,0.4980107011447,-0.1136557685499,-0.0464367456248,0.1670057949074,-0.3182937277906,0.5287382753673,0.3900700047479,-0.1387519732440,0.3079362284817,-0.1316339520418,-0.2087110500814,-0.2109609189434,0.4851898100224,0.3701952956915,-0.1792571631535,0.0008439731040,0.3483250191826,0.4288344014007,0.8328824044360,0.4924548456361,0.5822727011464,-0.0419869811503,-0.0272116466649,0.2153538052126,0.3811648217799,0.0474947589150,0.5291405093166,-0.1594521473180,0.1920366354380,0.4162743836985,0.3959998748876
0.4115194148545,0.3569513347112,0.7884718205913,0.2659280311714,0.5771450659520,-0.2505779459205,0.2903267799418,0.6469871450724,-0.0735404478527,0.3895080194155,0.3467283872468,0.0472593142984,0.4902605897714,0.1073007173597,0.1800086170177,0.0352788866285,0.6185098063685,0.3895532796620,0.4156763805260,0.4129185107844,0.4748327659912,0.8932630120115,0.5026374249493,1.0000000000000,0.5869051323774,0.0583288701693,0.5243349638658,0.7053710921177,0.7644718744669,0.3053545098904,0.8089475198740,-0.1055236453117,-0.1454701302887,0.2448778665826,0.3399349962235,-0.0685782397086,0.0158218327758,0.4425652972324,0.2158136911978,0.4207907225543,-0.1953266445384,-0.2037912422622,0.1148936368231,-0.4249193324570,0.3715518386202,0.4231489005785,-0.3394879681087,0.4708771254099,-0.1731098035979,-0.2475833223078,-0.4006431473965,0.7979164266525,0.5183088601207,-0.1774366710178,0.1661689075969,0.4276835213580,0.6571635537293,0.4228411788268,0.8462384463665,0.5362814106168,-0.2490467114288,-0.0285701486884,0.6829444316924,0.5837604383989,-0.1872948525154,0.4831671283099,-0.2510987113171,0.0943047122528,0.1677958403758,0.2424156804436
0.3687560649751,0.2399786880151,0.4668165243511,0.4338938248350,0.6744270056283,-0.2014417891684,0.5598436378080,0.7013618655462,-0.0084179579617,0.6219517420977,0.6056711586104,0.0655142093113,0.6272701384071,-0.0030511304667,0.1990076484650,0.1513260330495,0.5962436433977,0.1881476984799,0.2703662795041,0.1975565823667,0.6611119287236,0.6730794169463,0.5932096507889,0.5869051323774,1.0000000000000,-0.0181255531265,0.3758767525366,0.3229996444132,0.8041590710861,0.2017192172790,0.4650798410228,-0.1706445968974,-0.1514915798091,0.2171029665050,0.1811042332667,0.1151827901943,0.1175234495211,0.2911535947308,0.3757639541950,0.7009046137112,-0.1951375592253,0.0236164222838,0.4295355451640,-0.2373593566960,0.6780497482183,0.6231779816683,-0.0815839449126,0.5519212575710,-0.0712572044610,-0.0467202418845,-0.1741035613219,0.5920302218120,0.2284539576076,-0.1830893439903,-0.0906956537768,0.5844586032856,0.4921173159796,0.5182428419482,0.5547111895685,0.8698903415795,-0.2326963228838,-0.0639674818171,0.3345314797360,0.7343613886687,-0.1262013535288,0.4171185785208,-0.1361908416810,0.1197875080897,0.1610562213010,0.0742282870159
0.0029608624893,0.5682338185131,0.0102619093089,0.2235969952480,-0.0456515926116,0.5255962142820,0.1130799064712,0.2530803449543,0.3271849297357,-0.2267556041921,0.1119307176000,0.5226564031030,-0.2729499956397,0.7716635096900,0.5017287941105,0.0968533008844,-0.0242125947264,0.1027573736481,0.5495943870134,0.6006681923116,-0.2655216637771,0.0636706234390,0.1328374011178,0.0583288701693,-0.0181255531265,1.0000000000000,0.5096145329401,0.2768866724373,0.0230684733595,0.3187569179699,0.0348538202645,0.2936825096264,0.2928913151729,0.4718451797117,0.4889176559786,-0.2683531830307,0.4166041872685,-0.1388601860181,0.6073980523348,-0.1217253749731,0.4939615085534,0.0602562987711,0.0108187627252,0.1169989708512,-0.2058390295786,-0.1646549106389,0.0004911654588,-0.2586017803396,0.3491356321615,-0.0154686154867,0.1472012822705,0.0056023895959,0.1395284153919,0.2430798905561,0.3069697283425,-0.3068528366380,-0.0272343758200,-0.0143879398788,-0.1488547936704,-0.1369209029287,0.7711662975640,0.0888464831173,0.3562945527395,-0.1400114030467,-0.1866478243162,-0.1905962204630,0.0442540012058,0.0251808667701,-0.0202530759590,0.0246856483728
0.3095860034040,0.3793767325401,0.5546877452793,0.2878391552955,0.3155982790918,0.1493104696502,0.3591434335221,0.5197704177035,0.3297294351966,0.0719317430090,0.4301273385672,0.5258468559040,0.2373009719058,0.5755355479835,0.5663400800829,0.0755550153752,0.1993216179609,0.2408148564287,0.7518382154580,0.7448101065913,0.1865842797518,0.4673631553020,0.1887517695413,0.5243349638658,0.3758767525366,0.5096145329401,1.0000000000000,0.5817672800379,0.4560955663357,0.2644466034247,0.4154377329459,0.2328063989604,-0.0749057629083,0.2759108187597,0.3011750325110,-0.2130377735550,0.0796711685657,0.3142222716133,0.4617306616342,0.2180541814887,0.1526157422587,0.0069465478568,0.0212358726625,-0.0338965831974,0.0030459336064,0.2880508584929,-0.0485447417469,0.1594516973704,0.1820510475212,0.0539401814065,-0.1549836069713,0.3544844954020,0.3408893451398,0.2337013347806,0.3909202816449,0.1356295601547,0.2144009828733,0.0314343852516,0.3018383679102,0.1943798553510,0.1847376674515,0.3523473179432,0.6435668669472,0.2972691028678,-0.3340513915040,0.0748842429588,0.0350120595052,-0.0210998189873,-0.0786723260720,-0.0225699216166
0.3433894229518,0.2982668852387,0.7163020267211,0.0724555419985,0.2893167322718,-0.1610557814524,0.0594891680390,0.5403992305068,-0.0268479117040,0.1766096928708,0.1813758112608,0.2079954306830,0.2326410041618,0.3357638232429,0.2668358214471,-0.1528574070721,0.4064995347771,0.3992593330151,0.5006597006834,0.3946237793851,0.2294081081275,0.5231697666804,0.2038679297486,0.7053710921177,0.3229996444132,0.2768866724373,0.5817672800379,1.0000000000000,0.4507083158480,0.0974422042013,0.4860992053492,0.0626736933731,-0.1138364096783,0.0647507576286,0.2175120085014,-0.0684786449807,0.0735918414964,0.4179688703782,0.1932007478536,0.1627383499423,-0.1325573195959,-0.3129489349616,0.1974933992792,-0.3299506257528,0.1186993300251,0.1379818702143,-0.2825080620079,0.2033338296230,0.0518247391582,-0.2374642330539,-0.4674496702359,0.5227678158451,0.2383558952839,-0.0928622895393,0.0349746333812,0.2122434318780,0.4023585941146,0.1843369523825,0.4974373251353,0.3020940012128,0.0568076867024,0.0663180727716,0.8114525481421,0.3001290556665,-0.3666921763725,0.1857570278575,-0.1421956069701,-0.0268628655973,0.0662396194026,0.0064315644235
0.3364250116380,0.1857281699737,0.5441940389407,0.1897531973305,0.7444384729868,-0.1177588051415,0.5125326328886,0.7589158449155,0.0659102184898,0.4087411171535,0.5850870502850,0.1364611238226,0.5283646487787,0.1245054861188,0.2667138135271,0.1413906770103,0.5989632865390,0.1291933500917,0.4136291002318,0.3510995079218,0.5044854807300,0.8434607586294,0.4586585931496,0.7644718744669,0.8041590710861,0.0230684733595,0.4560955663357,0.4507083158480,1.0000000000000,0.2881674479767,0.6109483033145,-0.1253664516577,-0.0588635623601,0.1981052276966,0.1720060056110,-0.0116722180408,-0.0738540364337,0.2577421404635,0.1666465889826,0.6554810889293,-0.1147894886789,0.0183193100640,0.3333860760606,-0.2016740671437,0.4300993339488,0.6168763122033,-0.2038415037337,0.4720658172168,-0.0999629468162,-0.1057561034472,-0.2002972052934,0.7282155020889,0.2747335946836,-0.1866013902066,0.0016805497349,0.4411133202980,0.6650531482194,0.3736390329313,0.6970213653988,0.7188894251857,-0.2760655120505,-0.1228564800857,0.4857773944464,0.8513677192571,-0.1987498063486,0.4458397809924,-0.1855973131095,0.1606823753616,0.0191206715668,0.0149640139888
0.2224552560376,0.1909337455045,0.1184844877388,0.2363235877828,0.1565100171681,0.2434566334970,0.4275345802242,0.2436700366584,0.3317666883003,0.0570282372215,0.1678236352181,0.4246496719597,0.0356741228756,0.3979521903765,0.5756594797108,0.5268518023530,0.2886072353219,0.1283094292521,0.4353759153030,0.5592907066108,-0.0077817627372,0.3871717653553,0.2965204746200,0.3053545098904,0.2017192172790,0.3187569179699,0.2644466034247,0.0974422042013,0.2881674479767,1.0000000000000,0.2001590960537,-0.0095612433125,0.2681145313032,0.6354106152112,0.4059838165839,0.0630134383890,0.1087826344258,-0.0539177927633,0.3898030017800,0.1462360951864,0.3018713195016,0.1701110520016,0.0248031139291,0.0048434444355,0.1614290074426,0.1574359566467,0.2208541990707,-0.0447006613080,0.3056588315045,0.1906931400691,0.2743463235437,0.3001688793793,0.3615525130177,0.1751604659545,0.2729701284382,-0.1232500009356,0.2755770444795,0.1678388797402,0.2627865458576,0.1413163783615,0.1434129700999,-0.2425545958845,0.2058447597828,0.1733629260595,0.4683468221916,0.1490021847605,0.1146543396926,0.5525418823238,0.2353644882543,0.1596446756872
0.4174545381704,0.4397421011456,0.7436122532442,0.4133733088683,0.4536389944952,-0.2004704107330,0.1627537687117,0.6256954584523,0.0229490975035,0.2625704109752,0.2388194569456,-0.0011167982739,0.3267646958107,0.0065162442534,0.0772156271437,0.0484742890011,0.3563914556297,0.2683327173744,0.3096275737295,0.2950600722381,0.3548551516431,0.6759745986959,0.4992854393473,0.8089475198740,0.4650798410228,0.0348538202645,0.4154377329459,0.4860992053492,0.6109483033145,0.2001590960537,1.0000000000000,-0.1382979131120,-0.1441164330478,0.2007244041341,0.3382067530270,-0.0905780551049,0.0832179886316,0.5036078178685,0.2672709273797,0.2834107507888,-0.1818148153731,-0.2068307129796,0.0886709501014,-0.3317701052690,0.2617819030871,0.2863125999878,-0.2736614479938,0.3264693675969,-0.2911248074640,-0.1655735811339,-0.3683098183994,0.5676924669851,0.6165379703872,-0.1477510631221,0.2328755441547,0.3056799257461,0.4046329764652,0.3894253436734,0.6689910660900,0.4300728965041,-0.2064356995618,0.1114597689614,0.5393766748435,0.3938709666373,-0.2029516929169,0.5508592711239,-0.2138550432863,0.0613115382721,0.1188603248885,0.3626077567242
-0.2534926444844,0.1056643487961,-0.1691538696419,-0.1923904524877,-0.0658482995726,0.4365209980786,-0.0459162298508,0.0009796519231,0.0382742981092,-0.3106721389939,0.0661509646614,0.3133321210249,-0.3136056882689,0.4633633290681,0.1164471381001,-0.1364435445600,-0.1302814003883,0.0359696360276,0.2044385522218,0.2595577871687,-0.2771957519646,-0.0647710098069,-0.0984615955929,-0.1055236453117,-0.1706445968974,0.2936825096264,0.2328063989604,0.0626736933731,-0.1253664516577,-0.0095612433125,-0.1382979131120,1.0000000000000,0.3397454403987,0.0435455098583,0.1625342211047,-0.2325901217714,-0.0154163057215,-0.2810109004315,0.0432030404022,-0.0479914065826,0.3265924837542,0.1029019990805,-0.1461703558045,0.1082885512098,-0.3657478582294,-0.0788661595195,-0.0581005678145,-0.2967838902036,0.4423291158064,-0.0949646613829,-0.0161148880086,-0.0917493814965,-0.0431976371068,0.3679470757456,0.2873584409097,-0.2756027112804,-0.0613002963112,-0.1826893783543,-0.1749561675180,-0.2607237025312,0.3374547573239,0.0877769875371,0.0477762402236,-0.1359407170404,-0.1442954960248,-0.2049601082366,0.4373482111843,-0.1107422277277,-0.1477629195849,-0.2540800010808
-0.4203611326854,0.0794854869623,-0.2996938796000,-0.2014826176990,-0.0462630939725,0.6176015307977,0.1536900739563,0.0338529934398,0.1966070414466,-0.2646295837154,0.0393346621477,0.1380903873844,-0.4825613642181,0.3482858034364,0.1532499450777,0.0939378638481,-0.1947436013418,-0.0866882387943,0.1441436319855,0.0953385205730,-0.3662313523171,-0.0710614467622,0.0670100495677,-0.1454701302887,-0.1514915798091,0.2928913151729,-0.0749057629083,-0.1138364096783,-0.0588635623601,0.2681145313032,-0.1441164330478,0.3397454403987,1.0000000000000,0.0964444950524,0.2292167973491,-0.2660781061806,0.0935734346280,-0.3273117477429,0.0326231903204,0.0200078194719,0.4986956956050,0.3505729119787,-0.0039451012208,0.2857612298245,-0.1507385693336,-0.1565226874491,-0.1406790184794,-0.4990382952121,0.1292230262178,-0.1202384636294,0.2113738463682,-0.1463359330083,0.0400395981942,0.0932196710763,-0.0045693456980,-0.4212967546003,-0.0143937468775,-0.0649851871654,-0.1805598149982,-0.1885826487442,0.2973763817492,-0.3052265241340,-0.0767163736198,-0.1052629210970,-0.0551958699543,-0.0725647229793,-0.0618135289235,0.4128541238051,0.0282043332932,-0.2647202782185
0.1972424768264,0.4924359962301,-0.0215272621693,0.4623610031296,0.2072590759635,0.3230713444953,0.3970760229008,0.1716141232315,0.1884585431969,0.1442791912953,0.2750908764363,0.2476928157106,0.1463057830803,0.3581977302166,0.4154080439727,0.3125461044635,0.3267049949437,0.2202249223099,0.2842828161563,0.4598688750070,0.1098642719765,0.3769240583473,0.4407280247419,0.2448778665826,0.2171029665050,0.4718451797117,0.2759108187597,0.0647507576286,0.1981052276966,0.6354106152112,0.2007244041341,0.0435455098583,0.0964444950524,1.0000000000000,0.5581658698470,0.1131982280688,0.3557102380661,-0.1507579914466,0.5739639342802,0.1921175529794,0.3597862466874,0.2257111874007,-0.1025632733598,0.0267142270845,0.1660235175285,0.1408022814389,0.0393776709644,0.1575255590630,0.2487030400761,0.1492117251822,0.2631646471292,0.2716523367346,0.3106166826092,0.1012623291833,0.3232742336033,0.0226512690080,0.1862448121085,0.3629492968894,0.1429897784039,0.1608861621510,0.2870943298769,-0.1282220038530,0.1495995654751,0.0710207164378,0.3769543374083,0.1151126689892,0.1027622845235,0.1276818720995,0.4499239101164,0.2999962659308
0.1075503543459,0.6539587661379,0.0914080971767,0.4034809519047,0.1075767811972,0.1816744268808,0.2713289178575,0.2468681428373,-0.0259870440247,0.0368474652199,0.2343020363271,0.2197866531204,0.0246500138284,0.3225424520778,0.1898788582317,0.1421425335456,0.3066990909413,0.4901334537480,0.2356685435840,0.3933951216791,0.0453375030695,0.3598279317026,0.5347323812127,0.3399349962235,0.1811042332667,0.4889176559786,0.3011750325110,0.2175120085014,0.1720060056110,0.4059838165839,0.3382067530270,0.1625342211047,0.2292167973491,0.5581658698470,1.0000000000000,0.0817177057445,0.5478073094284,-0.0768971267895,0.5351016246631,0.1227282118499,0.1717067157627,0.0336022938842,0.1249206663196,-0.1427825660937,0.1150199532544,0.1098847386725,-0.0501710159113,0.0229829471758,0.1465090074690,-0.1806061307849,-0.0059423364709,0.2139579319975,0.4015867453993,0.0260566582131,0.1852922412866,-0.0333691174233,0.2130062478885,0.4453751037793,0.1871726224290,0.1710234737013,0.3871841598055,-0.0548211972234,0.1518950122688,0.0899787362001,0.1092832441218,0.3110569457708,0.0222490755627,0.0365553058167,0.4789000919628,0.5834608446945
