1.0000000000000,0.2899731455638,0.4381309442996,0.6180750402680,0.4631732988768,0.0634785155993,0.3079914451216,0.3421732282289,0.2898514705652,0.3930119547456,0.2811719634839,0.3761583227340,0.4934559693897,0.3676177711232,0.5882635662404,0.3444238418252,0.5278962664417,0.5642051113807,0.1395486627720,0.4707472758776,0.5338005738727,0.5826058028185,0.5153894283502,0.6776692966111,0.5005030105974,0.5001980684064,0.3044290163507,0.3697000972633,0.4716066402592,0.5478409712753,0.5583782491097,0.1827861123484,0.0113123001982,0.4020314314837,0.4851775841958,0.7145532150651,0.1458449155486,-0.0485283871674,0.3274488065347,0.4761202735893,-0.2735627974847,-0.0118824370844,0.1114313029358,-0.1616326055642,0.3002774158145,0.0970105726163,0.1008396334583,0.4804270224695,0.1585730230877,0.0209565303488,0.1528984888212,0.5714129249455,-0.0414008990226,-0.1791375376911,-0.1017413655996,0.5415829619414,0.2739976416121,0.4001734155228,0.3597140088503,0.4904068326946,0.1179350582431,-0.0257701868694,0.2564203317927,0.3081248098063,0.2439961556816,0.1244035526624,0.0842652265384,-0.1453507756613,0.0692781470823,0.4825128053435
0.2899731455638,1.0000000000000,0.2846410695702,0.6148712384756,0.0268054616735,0.0538606576632,0.2627117417077,0.0398034325659,0.1255155167942,0.0041619948404,0.0800546582420,0.4377829916229,0.1563805400538,0.3556453209262,0.0971762880900,0.1226258335842,0.1465886798657,0.4123329685619,0.0699254551196,0.3483653886443,0.2023882635702,0.2005886712104,0.4857371626520,0.3421645178774,0.0788563835941,0.4958171034524,0.4783050973073,0.3039428105626,-0.0063449898656,0.2773617423102,0.3345203072231,0.3192913906059,0.0619449573491,0.4220170776122,0.6110495603317,0.2831198642898,0.5192614641594,-0.0885198200216,0.3706745923491,0.0329698038347,-0.0915988398227,0.0998140916206,0.0037325711339,-0.0368352889130,0.0265599531622,-0.0131503714304,0.2464578175890,0.1315318466069,0.1968490848488,-0.0406722417617,-0.0449186564504,0.1263938025410,0.0464434040569,-0.0837204625000,-0.1251335497338,0.2258977189920,-0.0985379273081,0.4222221036771,0.0374135230298,0.1193631763516,0.3831447867775,0.2544375061669,0.2316778772959,-0.1105466951344,0.1893713373489,0.1710149162177,0.2664267380045,0.0335218769333,0.2064544947854,0.6697899415866
0.4381309442996,0.2846410695702,1.0000000000000,0.5029592220958,0.1005767897397,0.0788278069755,0.1745908887612,0.0863223021844,0.0553955598924,0.3823938002734,-0.2413552993157,0.7053720781692,0.2255620308061,0.5705873495162,0.3835431511326,0.2871430570241,0.5131181383274,0.8630617631907,0.5785750001032,0.7784030826881,0.1583842434129,0.4868903726098,0.3081726753729,0.8091781492752,0.1249520334441,0.6129679654539,0.7822960868210,0.8456328470306,-0.0325193058946,0.3158392084554,0.3394327704956,0.5294162938408,0.1942851697931,0.1551559969994,0.4282250952189,0.2227394010526,0.1499768591322,0.4238337929364,0.0208987353794,0.0200740634890,-0.1896176569618,-0.3140956428189,-0.2076226791910,-0.3477045644291,0.1347455261074,-0.3651741727912,0.5682486731072,0.0471613813462,0.3467672559938,-0.1285609342555,-0.0380864799324,0.4483648097133,0.0659243696415,0.2400365482717,0.0792880260901,0.1138749883295,-0.1486157746194,0.0360269905198,0.2363117307571,0.0505358816757,0.2282017856052,0.3608720971524,0.7126023447597,-0.1674934334998,0.0143676778876,-0.3659687104125,-0.0001336087729,0.1014320621217,-0.2818708203484,0.2072528865688
0.6180750402680,0.6148712384756,0.5029592220958,1.0000000000000,0.1514655020707,0.1243045474742,0.3300650180214,0.5155788102891,0.3577231017679,0.3400181187495,0.2852967812186,0.5805937498365,0.3527719024390,0.5279919061379,0.3377832206763,0.3185059196230,0.2018374590997,0.5824176001810,0.1744286142894,0.5945854916662,0.3879271807523,0.2084955654622,0.7413156633799,0.5351520251396,0.5052423541411,0.7520280335839,0.4099744097181,0.2884838810015,0.2594419811307,0.4990278825902,0.6678422683579,0.2915970740812,0.0596767009083,0.5928760098363,0.5045906210247,0.4245214979207,0.3816098617294,-0.1397069347122,0.6468874088395,0.1823141983045,-0.2089982810560,0.0599078485831,0.3400012159527,0.0410393339649,0.3639474110165,0.1919954102106,0.3268885647835,0.2900634062767,0.3540371142464,0.1430452793035,0.1982929231608,0.2277842488495,0.0255771765007,-0.0548434080434,-0.0560130853566,0.3711006650977,-0.1909664880563,0.5173412504265,-0.1153550449134,0.4578943026012,0.3546322257604,0.1072302170622,0.1429908679993,0.1057419060582,0.3239498168446,0.1689767220733,0.3473258789168,-0.0929872335150,0.2960718946315,0.7462284116437
0.4631732988768,0.0268054616735,0.1005767897397,0.1514655020707,1.0000000000000,-0.0898848432309,0.2586322141163,0.2661236549381,0.0533316163285,0.4960413136891,0.4280622526753,-0.0106034347355,0.7221548133770,0.1668437734699,0.2465693514888,0.1872296052298,0.5178620997174,0.1749018306341,-0.1060357808454,0.1118879139576,0.8313384210843,0.6099977516964,0.3151497601745,0.3546064217129,0.5759715860274,0.0033235271730,-0.0347782464962,0.0858495778637,0.6173829216624,0.3613180635097,0.2561767479543,0.1210433279602,-0.1237778502488,0.3402024759839,0.1563509184316,0.4102954550599,0.0387527373967,-0.1037414966555,-0.0009778222014,0.9050537115943,-0.2753843460867,0.0221050072877,0.0985119820325,-0.1890701679812,0.3944056194070,0.2728564233887,-0.2822079346069,0.7618080212309,0.0620023152961,-0.1080484845237,0.0756927316457,0.4404889364797,-0.2000586920373,-0.1827491040309,-0.1342341065217,0.8503232876158,0.6316240706788,0.3628461908423,0.4510484148662,0.5653813577959,-0.1403989461526,-0.3382197432948,0.1023426380941,0.6006989883299,0.1484559623268,0.1474572115397,0.1975960528435,-0.1492669803258,0.1479556077196,0.0492740705581
0.0634785155993,0.0538606576632,0.0788278069755,0.1243045474742,-0.0898848432309,1.0000000000000,0.3056708147338,0.0332988521405,0.7302355023473,-0.1253601906026,0.2129668840817,0.3031557342233,-0.1149208335430,0.2146770410862,0.4952123253223,0.3225676411078,0.0237720038666,-0.0247999595860,0.2807830002549,0.0876462015018,-0.0593745394997,-0.0112073501602,-0.0334212304001,0.0417513655014,0.0820473247272,0.2398310595038,0.0606448252670,-0.0746025141968,0.0239665527669,0.2503102903625,0.0932732532625,-0.1490579159395,0.6891029231141,0.1311623745092,0.0781898521234,0.0661099011070,-0.1236299364895,0.0656852486910,0.2188772999935,0.0286137835481,0.4726924657808,0.2689538285472,0.0270635990427,0.4380522497629,-0.0532293270832,0.1621446074476,0.2739150823813,-0.0927779286367,0.1321758408345,0.2628162387772,0.3270275081158,0.0672381237344,-0.2277821936664,0.0900392560019,-0.1583134000178,-0.0490714832243,-0.1738157420467,-0.0774997350816,-0.1598127809837,0.1398108382465,0.1507666858048,-0.0628988721137,-0.1322411925514,0.0035151883807,0.1991400284956,-0.0291809474534,-0.1380068668901,0.2447723695888,0.1103820550823,0.2174830805363
0.3079914451216,0.2627117417077,0.1745908887612,0.3300650180214,0.2586322141163,0.3056708147338,1.0000000000000,0.1115969854374,0.5639674700482,0.0778275924328,0.4505548162570,0.4108900262850,0.6534902717963,0.4407584767037,0.4715310010111,0.5502570297002,0.3261991224971,0.2315549973481,0.2609299793544,0.3443435774587,0.4617702124486,0.3424048461198,0.1971621948206,0.2824343157586,0.1910806530729,0.2397807519149,0.1983501021806,0.0643856119780,0.2457070484055,0.5779048070598,0.2124554870032,0.2910269531794,0.0385278373181,0.3591947732093,0.2402103954529,0.1607896905298,-0.0020968546154,-0.0729509565052,0.1009849353711,0.2807500480165,-0.0420649330080,0.5306669769526,-0.0602709089462,0.0790153698497,0.0367390135812,0.3946479957633,0.0687404774863,0.5565036984538,0.1884290256745,-0.0730640204731,0.3130110285175,0.2793548670182,-0.2785328428714,0.0670831876490,-0.1780585173719,0.3825275560119,0.1007043833160,0.1163530489083,0.0966304213847,0.1673944381147,-0.0379240810804,-0.1887870569114,0.0627326839851,0.2657546356819,0.1642351454929,0.0605084733960,0.3295703852750,-0.1184161775734,0.2324299764433,0.3775137305553
0.3421732282289,0.0398034325659,0.0863223021844,0.5155788102891,0.2661236549381,0.0332988521405,0.1115969854374,1.0000000000000,0.3195695200609,0.3196892823825,0.5822255466171,0.0036835195879,0.2832921247745,0.1131595499315,0.2113846691681,0.1635554716486,-0.0132696012192,0.0420231995909,-0.1367049122209,0.1243113086104,0.4211041141964,-0.0082559055911,0.6168966493033,0.0876885219185,0.8014619665418,0.2001209957458,-0.2287894465201,-0.1784809385420,0.6720592077150,0.3436686113236,0.7138267799370,-0.0723184104110,-0.1090086932772,0.5477046702131,0.0028668913905,0.2277127866071,0.0610074547850,-0.4523207840708,0.5526884110051,0.3895846176364,-0.0903553632880,0.1426089058813,0.7019946818419,0.2743553062979,0.4142111462218,0.5007984160040,-0.1521074456834,0.3394666935692,0.1467012318557,0.3335860400959,0.2749894056496,-0.0124792896224,-0.0791748591524,-0.1621990515072,0.0663411706549,0.3691963086989,-0.0194487919933,0.4486249154227,-0.3513010357888,0.6473692921416,0.0123552427489,-0.4128771571675,-0.3255082755673,0.5769639785404,0.3390103911095,0.2913601372927,0.3568092473396,-0.1613223494799,0.5176244654378,0.3260418881415
0.2898514705652,0.1255155167942,0.0553955598924,0.3577231017679,0.0533316163285,0.7302355023473,0.5639674700482,0.3195695200609,1.0000000000000,-0.1011774500567,0.5648809253417,0.3111925296757,0.1261945225186,0.2991215580343,0.6507732781430,0.4300872232154,0.0555026773857,0.0058654843539,0.2094987653729,0.2078908869125,0.1994728028638,0.0690507539258,0.1669242120398,0.1283926810211,0.3035079467525,0.2798898760185,-0.0297887169639,-0.1995378415063,0.2758497840404,0.4258271370249,0.3619157185631,-0.1012875707424,0.4077483420515,0.3367698069600,0.1580925919052,0.1471826152986,-0.1064374907549,-0.0616687213908,0.3774029592439,0.1830542623025,0.1954468487687,0.3801178863057,0.2608501701100,0.4948649375128,-0.0140305414066,0.4295270584625,0.0364847135295,0.1182597434647,0.0819584855337,0.1838792270656,0.3285511025269,0.1182868458526,-0.3222167617022,-0.0170851034444,-0.2936976144435,0.1727238283948,-0.0627262693707,0.0753805680459,-0.1358901706207,0.3106936375701,0.0026558265295,-0.3323005660574,-0.2842663908201,0.2379297290143,0.1427835271185,0.1951919035600,0.0518626757183,-0.0381391140742,0.2810875858299,0.4078148377149
0.3930119547456,0.0041619948404,0.3823938002734,0.3400181187495,0.4960413136891,-0.1253601906026,0.0778275924328,0.3196892823825,-0.1011774500567,1.0000000000000,0.0046954726390,0.1069130606427,0.4652648684080,0.3307370753007,0.1818412209338,0.2448460053752,0.3609776234700,0.4048759306970,0.0296678066130,0.3002400130957,0.5134788016878,0.3440241220693,0.4294581012540,0.3474064861852,0.5975523573548,0.3325603780049,0.1493131701112,0.3510652312731,0.2601504730148,0.2321905264627,0.2089984683256,0.1928116446853,-0.1004956550092,0.2676451749640,0.1593587274751,0.2118875063761,0.1546426994265,0.0716596431510,0.1684128820646,0.4411142230672,-0.2252329599917,-0.2492216046656,0.1009324855764,-0.3388454295537,0.8409614674536,-0.0731461701658,0.0010739366738,0.4200992319328,0.3486262889529,-0.0697567740153,0.1137429975955,0.2800359464311,0.0151870938810,-0.0925579044146,0.0418971448683,0.4775926440721,0.1496877858471,0.3352529934239,0.1521568867618,0.5602093290447,0.1818416050164,-0.0399451457007,0.3097329893213,0.1857484676977,0.0544020391637,-0.1444049481906,0.0912335411607,-0.0995883555953,-0.0297392844698,0.0475174809171
0.2811719634839,0.0800546582420,-0.2413552993157,0.2852967812186,0.4280622526753,0.2129668840817,0.4505548162570,0.5822255466171,0.5648809253417,0.0046954726390,1.0000000000000,-0.1132697526486,0.4751119008601,-0.0071537623536,0.3278374145076,0.2059478043322,0.0305852161857,-0.1885989579738,-0.2397741764983,-0.0648186662276,0.5913214931226,0.1156476665804,0.3031730395376,-0.0294719835314,0.5011602530504,-0.0410950918236,-0.3694361948912,-0.4526410933013,0.6073985755132,0.4257926124623,0.4284557147584,-0.2093427058395,-0.0144664390701,0.5360187519259,0.0512891315029,0.1822693693438,-0.0136577006591,-0.4132952447947,0.3747001924302,0.5560004715983,-0.0350740199194,0.5128531001061,0.4413962001689,0.4106334694052,0.1078109213699,0.8473284094120,-0.3525074147131,0.5444247646608,-0.0747779586531,0.1966116614783,0.3332719475270,0.0378502837818,-0.2997142098951,-0.1683787205547,-0.2117161083074,0.5344765584199,0.2760398135471,0.3228914762624,-0.1117400889443,0.4546518334702,-0.1583826225237,-0.5821335276543,-0.4941227660355,0.6177329228787,0.2743255660671,0.3803690450047,0.2242895302588,-0.1737726966446,0.5777877255350,0.3101708417062
0.3761583227340,0.4377829916229,0.7053720781692,0.5805937498365,-0.0106034347355,0.3031557342233,0.4108900262850,0.0036835195879,0.3111925296757,0.1069130606427,-0.1132697526486,1.0000000000000,0.2214490021810,0.7707404028830,0.4081299160446,0.3869506291632,0.4115000268329,0.7200977878357,0.7114162598002,0.7694354978117,0.0960704890622,0.3365849313477,0.2952158263050,0.6601766313018,0.0403459863153,0.6627780425714,0.7682482377925,0.6271199013395,-0.0934864309054,0.4756320466171,0.3268599206870,0.5602724338378,0.2613649735663,0.2326655923159,0.4857675636613,0.1843252541838,0.2897257406034,0.2985465146053,0.0968804617375,-0.0530282287810,-0.1700863189613,-0.1153463070494,-0.1571246676022,-0.2049576731819,-0.0272429157144,-0.2174440475947,0.6721265943456,0.0537593937383,0.4016387852111,-0.1381921397702,0.0436166468835,0.3693638987637,-0.0397485482005,0.3591045553896,-0.0653473696266,0.0783716519065,-0.2305252124754,0.1059795323156,0.1439485108897,0.0189438916328,0.2379522409216,0.3250609922080,0.5564313244129,-0.1837928793130,0.0455402458653,-0.1556890063066,0.2181663482767,-0.0055738084849,-0.1407612955761,0.3911374887252
0.4934559693897,0.1563805400538,0.2255620308061,0.3527719024390,0.7221548133770,-0.1149208335430,0.6534902717963,0.2832921247745,0.1261945225186,0.4652648684080,0.4751119008601,0.2214490021810,1.0000000000000,0.3469462654210,0.2760233362747,0.3919340568311,0.5233577917124,0.3545509940908,0.0366677105429,0.3672553146599,0.8420288992221,0.5508362589462,0.3625545803739,0.4265396343749,0.4546365159952,0.1550339096998,0.1293241307594,0.1619000709097,0.4988398128639,0.5525868696283,0.3193343615275,0.3612295326048,-0.2431027238885,0.4409667110647,0.2526453961298,0.3483198431481,0.1142293256448,-0.1898530020480,0.0553953372358,0.6469615135147,-0.3271556838376,0.2003037858772,-0.0115263386140,-0.2284572932095,0.3437557540481,0.3695528292640,-0.1217285390291,0.9242069317377,0.1300717866512,-0.1498108608285,0.2293162696738,0.4403120052388,-0.1629720801564,-0.0429301304485,-0.0778129205151,0.7704464588385,0.3888612656306,0.3385395263079,0.3172287274608,0.3823361631292,-0.1029768785849,-0.2447212702939,0.1652383342117,0.4618516487152,0.1874625794675,0.0543042654784,0.4085981948555,-0.2265601113398,0.2347776404389,0.2534216410994
0.3676177711232,0.3556453209262,0.5705873495162,0.5279919061379,0.1668437734699,0.2146770410862,0.4407584767037,0.1131595499315,0.2991215580343,0.3307370753007,-0.0071537623536,0.7707404028830,0.3469462654210,1.0000000000000,0.3870467083754,0.4760899802149,0.4217392487400,0.5516985383676,0.5496222944610,0.6125265078097,0.2361145784680,0.3670050848451,0.2754612561717,0.5453379245449,0.2483358739667,0.6734956641039,0.5670975552253,0.4965443061374,0.0244455149777,0.4611027024046,0.2273399124244,0.5734425815666,0.1869362386276,0.2762675718216,0.2884714205024,0.1969772606985,0.1612983960624,0.1864177912168,0.0794065411400,0.1292539267107,-0.1695410215772,-0.0964994515158,-0.0959128761818,-0.1983426707365,0.1982290468610,-0.1437598271942,0.4991502565828,0.1890188484371,0.6774121337982,-0.0802408008297,0.1039265103429,0.3576807729403,-0.2223438604014,0.3447768952815,-0.1061644940807,0.2254928737812,-0.1040302692926,0.1090653891690,0.1198264793551,0.1817778902991,0.2468566899137,0.1059705217791,0.4378998074293,-0.0602209856484,0.1024268178755,-0.1635487488463,0.3060956028939,0.0030551794934,-0.0747934000820,0.2819421922184
0.5882635662404,0.0971762880900,0.3835431511326,0.3377832206763,0.2465693514888,0.4952123253223,0.4715310010111,0.2113846691681,0.6507732781430,0.1818412209338,0.3278374145076,0.4081299160446,0.2760233362747,0.3870467083754,1.0000000000000,0.4132905284105,0.4164474738662,0.3812048682561,0.4565731419962,0.4078261118695,0.3204641125660,0.4600762965285,0.2356101297319,0.4755221635625,0.3285570459433,0.4308208039833,0.2557031359476,0.2959594331006,0.3545001902379,0.5923199289216,0.3512161528541,0.0638460432894,0.3148661367958,0.2716007718908,0.3298480110130,0.4183724257288,-0.0557488019885,0.1478563712041,0.2269306669733,0.3307498276876,0.1190290799513,0.1127482359940,0.0249548994786,0.0636961729064,0.1089324218052,0.1080975168722,0.2267719593722,0.2622192345226,0.1980830477020,0.1112450131429,0.1995797387975,0.4701217495159,-0.2361150605128,0.0590177469990,-0.1320227015350,0.2667663888244,0.1804874749913,0.1124841297268,0.2445951415109,0.3411192462423,0.1436010214972,-0.1008797565317,0.2243672184210,0.2696719125506,0.1212572765285,0.0021104214551,-0.0949627107490,0.0802518802291,0.0203161874148,0.3095508642402
0.3444238418252,0.1226258335842,0.2871430570241,0.3185059196230,0.1872296052298,0.3225676411078,0.5502570297002,0.1635554716486,0.4300872232154,0.2448460053752,0.2059478043322,0.3869506291632,0.3919340568311,0.4760899802149,0.4132905284105,1.0000000000000,0.3616196315215,0.2778044703046,0.2457109331008,0.3160351240572,0.3022240385569,0.3394315274933,0.1853007564417,0.3775987707547,0.2588667080891,0.3308387193411,0.1723167130439,0.1893656001026,0.1624710827533,0.4742853441737,0.2091695029303,0.2814839209005,0.2017591719205,0.2948022409477,0.2814459596897,0.1475018812388,0.1250251453766,0.0257942186005,0.1477553459814,0.2468784688315,0.1619294873279,0.1746523570558,-0.0940185127791,0.0143052627379,0.2227273611247,0.0761220999435,0.2112788883340,0.3265686728171,0.3772409103075,0.0526231611984,0.5800908173802,0.3022948727456,-0.1553317092414,0.0493330816508,-0.0021199970267,0.2440214644066,0.0545188276206,0.1128084703331,0.1105655414420,0.2137634612946,0.0349704521500,-0.1353719912356,0.1645195435422,0.1290104065010,0.1799303886835,-0.1171729303519,0.1538649195447,0.1888917598395,0.0777620978238,0.2085187358704
0.5278962664417,0.1465886798657,0.5131181383274,0.2018374590997,0.5178620997174,0.0237720038666,0.3261991224971,-0.0132696012192,0.0555026773857,0.3609776234700,0.0305852161857,0.4115000268329,0.5233577917124,0.4217392487400,0.4164474738662,0.3616196315215,1.0000000000000,0.5298156372868,0.2886032044842,0.4711005099964,0.4438350323582,0.8629493547010,0.3190423080559,0.7692589248969,0.2659497764911,0.2771054241981,0.3996695095173,0.5826020293138,0.3483933212444,0.4731812955440,0.3197866627738,0.3727632731028,0.0070260822674,0.1930002793358,0.4052398327293,0.3699420869450,0.1425482841613,0.2451268114077,-0.1351685384258,0.4185852097644,-0.2498664332702,-0.1972239382319,-0.2646748995314,-0.4316830760225,0.1284867819649,-0.1918447838086,0.1380841557624,0.4281832872096,0.1587994662834,-0.3107982825408,-0.0287899925767,0.9140102430896,-0.1830808375704,0.0264286752669,-0.1530372226057,0.4187804251353,0.5553426077681,0.3291762487442,0.7254006868306,0.3027884640630,-0.0369389097208,-0.0573759185489,0.5587404208370,0.2632403857780,-0.0088760606962,-0.0105379808511,0.0067012200880,-0.0907557245635,-0.1090067432361,0.1192700994859
0.5642051113807,0.4123329685619,0.8630617631907,0.5824176001810,0.1749018306341,-0.0247999595860,0.2315549973481,0.0420231995909,0.0058654843539,0.4048759306970,-0.1885989579738,0.7200977878357,0.3545509940908,0.5516985383676,0.3812048682561,0.2778044703046,0.5298156372868,1.0000000000000,0.5248858924522,0.8467068487418,0.2977051392389,0.5359662564938,0.4106658114561,0.8336253626248,0.1034868951903,0.5713416570210,0.7823073914566,0.8064730183671,-0.0079025004483,0.4106696212523,0.4098271429607,0.5683786320750,0.0984261627831,0.2576707653897,0.6259934990609,0.2456690967855,0.3344975434943,0.3178557521937,0.0315360306706,0.0828437772003,-0.3213185544516,-0.3379834031218,-0.2001951308445,-0.4681508782924,0.1753721069620,-0.3430627803371,0.4938308208671,0.1717543143145,0.2322885797507,-0.2684465601954,-0.0949097214005,0.4526266122610,0.1835507793168,0.1637855582802,0.0350592002073,0.2426120246285,-0.0822278426309,0.2158986442513,0.3435469453060,0.0706755973586,0.1832112470776,0.3734820901171,0.7116842383889,-0.1431832266766,-0.0498073502768,-0.2125603087542,0.0770776516391,-0.0035951700983,-0.2571017056921,0.3251010058526
0.1395486627720,0.0699254551196,0.5785750001032,0.1744286142894,-0.1060357808454,0.2807830002549,0.2609299793544,-0.1367049122209,0.2094987653729,0.0296678066130,-0.2397741764983,0.7114162598002,0.0366677105429,0.5496222944610,0.4565731419962,0.2457109331008,0.2886032044842,0.5248858924522,1.0000000000000,0.5929956339890,-0.0695781828179,0.2131412991324,-0.0429265776940,0.4142029878185,-0.1164787167512,0.3967987901991,0.6120908939829,0.5706154422829,-0.1693401082001,0.2136110230820,-0.0005023295826,0.4146271586633,0.2151132373543,-0.1143301490814,0.1561133647951,0.0532800979001,-0.0388668775449,0.3911183581201,-0.0856354245147,-0.1575410644950,0.0073357118905,-0.0694098004025,-0.2755965260814,-0.1681035692349,-0.1418459469612,-0.2726400166053,0.5942101413387,-0.0825231048324,0.3348527880397,-0.0495730467174,0.0178193980673,0.2675823374414,-0.0080821998798,0.4096913933989,0.0887382103762,-0.1186054426802,-0.1620443997711,-0.2316564881276,0.1347367165108,-0.1954233129536,0.1495708883855,0.3055917277039,0.5130256606326,-0.2145858940227,-0.0833993272167,-0.3340389804575,0.0095465202071,0.1240421015468,-0.3334874251181,0.0277198330935
0.4707472758776,0.3483653886443,0.7784030826881,0.5945854916662,0.1118879139576,0.0876462015018,0.3443435774587,0.1243113086104,0.2078908869125,0.3002400130957,-0.0648186662276,0.7694354978117,0.3672553146599,0.6125265078097,0.4078261118695,0.3160351240572,0.4711005099964,0.8467068487418,0.5929956339890,1.0000000000000,0.2862338780706,0.4331453544398,0.3711259424829,0.7276043584263,0.1518567790333,0.6348623549517,0.7301934738868,0.6389843932526,0.0345077591361,0.4396510113985,0.4393162923656,0.5246617753404,0.0237344386705,0.2637679207101,0.5940461450280,0.2086149344165,0.2811548030213,0.2884858883187,0.1588607290268,0.0303298633142,-0.2696063132451,-0.2300044256241,-0.0884195455760,-0.2874560114077,0.1134281757224,-0.2307424156701,0.4829853202486,0.1923612818163,0.2963729710944,-0.2147651663190,-0.0505422465184,0.4272529795719,0.1587169748878,0.2574305472646,0.0875368399081,0.2261296417087,-0.1379177910646,0.1474259889224,0.2408805484720,0.0966817542919,0.2642021994803,0.2952354145483,0.5568096422634,-0.0742142573611,-0.0687968374176,-0.1388108178351,0.1554031321717,-0.1293547020805,-0.1348626128115,0.4049641015113
0.5338005738727,0.2023882635702,0.1583842434129,0.3879271807523,0.8313384210843,-0.0593745394997,0.4617702124486,0.4211041141964,0.1994728028638,0.5134788016878,0.5913214931226,0.0960704890622,0.8420288992221,0.2361145784680,0.3204641125660,0.3022240385569,0.4438350323582,0.2977051392389,-0.0695781828179,0.2862338780706,1.0000000000000,0.5207032445927,0.4620041890000,0.3851107988851,0.6024603587778,0.1321234174185,0.0086161369267,0.0715458750172,0.6014634729465,0.4643455915974,0.3940551730332,0.1644227393777,-0.1442002895803,0.4665159984624,0.3497489181224,0.3235664111882,0.1867160721703,-0.1740549426125,0.2112227342653,0.7691339820107,-0.2910109322596,0.1409366293035,0.1844043894138,-0.1626083695272,0.4377553311007,0.4100786154927,-0.2301110554403,0.8345053880328,0.0864613488724,-0.1457931870594,0.1614124647777,0.3788165456681,-0.0901653073040,-0.1777869129043,-0.1193495471186,0.9244725306151,0.4603599281209,0.4757976117980,0.3224335706644,0.5641184309109,-0.0501594602833,-0.3347138170900,0.0587175653640,0.5515182617362,0.1130802211424,0.1727302656798,0.2686221277913,-0.2356892757309,0.2511548407145,0.2870543170460
0.5826058028185,0.2005886712104,0.4868903726098,0.2084955654622,0.6099977516964,-0.0112073501602,0.3424048461198,-0.0082559055911,0.0690507539258,0.3440241220693,0.1156476665804,0.3365849313477,0.5508362589462,0.3670050848451,0.4600762965285,0.3394315274933,0.8629493547010,0.5359662564938,0.2131412991324,0.4331453544398,0.5207032445927,1.0000000000000,0.3069145582134,0.7915600722846,0.2698869407071,0.2214264421886,0.3705189191959,0.5379367583246,0.4488560612412,0.4934091121698,0.3602149183395,0.4137031327931,0.0082008324796,0.2409193689170,0.4321202817356,0.4221337562995,0.1328192410708,0.1954494489758,-0.1459449169015,0.5668086237958,-0.2269288295565,-0.1106691549465,-0.2701991730073,-0.3736284847968,0.1269242180956,-0.1193594401273,0.0676381641427,0.4998323795201,0.1388741667571,-0.2759817612210,-0.0457371969753,0.7866216909313,-0.2142010310036,-0.0297850462281,-0.1241470873834,0.4956355195740,0.6385239507799,0.3051430605217,0.7359421436026,0.3100362676054,-0.0717375368541,-0.0703334044818,0.5423634481046,0.3793017847094,0.0428335612572,0.0736554043329,0.0341249248009,-0.0030849518213,-0.0779778938813,0.1304577132358
0.5153894283502,0.4857371626520,0.3081726753729,0.7413156633799,0.3151497601745,-0.0334212304001,0.1971621948206,0.6168966493033,0.1669242120398,0.4294581012540,0.3031730395376,0.2952158263050,0.3625545803739,0.2754612561717,0.2356101297319,0.1853007564417,0.3190423080559,0.4106658114561,-0.0429265776940,0.3711259424829,0.4620041890000,0.3069145582134,1.0000000000000,0.4501199938917,0.6287763378317,0.4857106625198,0.1426221004317,0.2108025252139,0.4708633351720,0.4896140438566,0.7769084284622,0.1836972411458,-0.1037465676919,0.6329351566891,0.4594891127568,0.3741074676455,0.4332500277943,-0.2993966869466,0.5708581381906,0.3127952108984,-0.2104154700826,-0.0043207649547,0.4226787485251,-0.0050976517328,0.4813071580224,0.2138969748465,0.0762046156771,0.3672918833981,0.2057791386397,0.0956347657250,0.1403170489133,0.3002651249113,0.0127654082441,-0.1751810757571,-0.0073389669566,0.4188784510016,0.1055340276272,0.8223777123517,0.0077846175000,0.6049053355637,0.2276516808586,-0.0831785265113,0.0864361476237,0.3186079632531,0.2962171152820,0.4097802146433,0.3261246599562,-0.1579910584771,0.4164682274736,0.5898368316758
0.6776692966111,0.3421645178774,0.8091781492752,0.5351520251396,0.3546064217129,0.0417513655014,0.2824343157586,0.0876885219185,0.1283926810211,0.3474064861852,-0.0294719835314,0.6601766313018,0.4265396343749,0.5453379245449,0.4755221635625,0.3775987707547,0.7692589248969,0.8336253626248,0.4142029878185,0.7276043584263,0.3851107988851,0.7915600722846,0.4501199938917,1.0000000000000,0.2207011762057,0.5455938906104,0.6558162815098,0.7398093926943,0.2187513010081,0.5093453337346,0.4984673692086,0.5256330382918,0.1118428088940,0.2920939745719,0.5774561823810,0.4132361435284,0.2715629585113,0.2685177669620,0.0197496676489,0.2635610149755,-0.3124521072476,-0.2813469474730,-0.2188441290351,-0.4094255371941,0.1132681827304,-0.2411474026401,0.3448926092420,0.2858693262693,0.2196049379113,-0.2642660432669,-0.0509455430209,0.7229899117655,-0.0841776378400,0.0451664063100,-0.1219068100154,0.3502011085801,0.2357558045966,0.3129874723767,0.5707398349503,0.2114657526998,0.0687117543803,0.1451792243537,0.6418331174734,0.0584839700069,0.0241353593402,-0.0735019170321,0.0335199357572,-0.0662151513943,-0.1610285799744,0.3145410173221
0.5005030105974,0.0788563835941,0.1249520334441,0.5052423541411,0.5759715860274,0.0820473247272,0.1910806530729,0.8014619665418,0.3035079467525,0.5975523573548,0.5011602530504,0.0403459863153,0.4546365159952,0.2483358739667,0.3285570459433,0.2588667080891,0.2659497764911,0.1034868951903,-0.1164787167512,0.1518567790333,0.6024603587778,0.2698869407071,0.6287763378317,0.2207011762057,1.0000000000000,0.3281238554187,-0.1238692153758,-0.0519493315036,0.7562909278263,0.4334712106164,0.5924299617806,-0.0671299055747,-0.0701561294548,0.5419000370668,0.0735612505736,0.4231980368392,0.0853852285549,-0.2883943596679,0.5079267137679,0.6489125192807,-0.1132002156979,0.1145463895639,0.5923717168032,0.1613087890326,0.6418834564684,0.3720461243751,-0.1340138108342,0.5319763171252,0.2929221686989,0.2774717520465,0.2989190557686,0.2718089915029,-0.1859955467036,-0.2054905291187,-0.0227184415755,0.5852073836562,0.2505496144406,0.5232643451745,-0.0641504191423,0.9028424923406,0.1151617298672,-0.3714015777884,-0.1424933197152,0.6700939708748,0.3703856313011,0.2996969976454,0.2720462160797,-0.1448533070656,0.4289399546393,0.3301992641026
0.5001980684064,0.4958171034524,0.6129679654539,0.7520280335839,0.0033235271730,0.2398310595038,0.2397807519149,0.2001209957458,0.2798898760185,0.3325603780049,-0.0410950918236,0.6627780425714,0.1550339096998,0.6734956641039,0.4308208039833,0.3308387193411,0.2771054241981,0.5713416570210,0.3967987901991,0.6348623549517,0.1321234174185,0.2214264421886,0.4857106625198,0.5455938906104,0.3281238554187,1.0000000000000,0.6105489747870,0.5056154647526,0.0523251841653,0.4205153446717,0.3794227956306,0.2290089494729,0.1558754557973,0.3385831565928,0.4542809187805,0.4185678677240,0.2505183161142,0.1093049025140,0.5260718261318,0.0143780867606,-0.0228185286608,-0.0422697084814,0.0463865630741,-0.0006493808313,0.3107147370528,-0.1272172166700,0.5837702241176,0.1034003653944,0.6431139990292,0.1876088513740,0.1788361089408,0.3288111247650,-0.0095577579066,0.1070338433559,0.0446803502985,0.1475634155609,-0.2507726902699,0.2416813003698,-0.0300134978355,0.2886450624742,0.6527233449783,0.3590079842894,0.3822389251096,-0.1228580317082,0.2707894246141,-0.0854764201348,0.0830645831617,0.0263793758610,0.0503839352025,0.5911275805826
0.3044290163507,0.4783050973073,0.7822960868210,0.4099744097181,-0.0347782464962,0.0606448252670,0.1983501021806,-0.2287894465201,-0.0297887169639,0.1493131701112,-0.3694361948912,0.7682482377925,0.1293241307594,0.5670975552253,0.2557031359476,0.1723167130439,0.3996695095173,0.7823073914566,0.6120908939829,0.7301934738868,0.0086161369267,0.3705189191959,0.1426221004317,0.6558162815098,-0.1238692153758,0.6105489747870,1.0000000000000,0.8302426247845,-0.2102728209170,0.2532582987141,0.1242776031451,0.5300263186403,0.1438243314863,0.0358782591210,0.4831701293406,0.1993397920112,0.2577337234486,0.4486948942179,-0.0237261614711,-0.1042797691717,-0.1704218338250,-0.2315477508449,-0.3375008824053,-0.3814937623749,-0.0481893017601,-0.4390308538241,0.6185597310886,-0.0112256115477,0.3505616713336,-0.2111172927420,-0.1473439011166,0.3616826263618,0.1179334488547,0.2231136796511,0.0299666164482,0.0266192372753,-0.2224119313414,-0.0194404560243,0.2400099332353,-0.1108504423059,0.3499329764424,0.6458228071423,0.7665641773959,-0.2944794037518,-0.0533143786414,-0.3307207614542,0.0800895680671,0.0620484479861,-0.3607530441666,0.2728909251495
0.3697000972633,0.3039428105626,0.8456328470306,0.2884838810015,0.0858495778637,-0.0746025141968,0.0643856119780,-0.1784809385420,-0.1995378415063,0.3510652312731,-0.4526410933013,0.6271199013395,0.1619000709097,0.4965443061374,0.2959594331006,0.1893656001026,0.5826020293138,0.8064730183671,0.5706154422829,0.6389843932526,0.0715458750172,0.5379367583246,0.2108025252139,0.7398093926943,-0.0519493315036,0.5056154647526,0.8302426247845,1.0000000000000,-0.1106538802745,0.1742372585938,0.1394835302035,0.5553550240698,0.0904446099201,-0.0559272134544,0.4393249564581,0.2445807903538,0.2322197061449,0.5053204395810,-0.1237136046612,-0.0170090169624,-0.1936829371409,-0.3812372762272,-0.3908057787643,-0.5664204949564,0.0869622148764,-0.5415615219480,0.5407124551942,0.0194690617844,0.3121746177247,-0.2592395749089,-0.1582532115146,0.5302671223347,0.1244400752257,0.1506971068922,0.0803920469450,0.0631159334668,0.0097222588320,0.0349594433236,0.4366589058143,-0.0519787580980,0.2683302609033,0.5196585016371,0.9249192451652,-0.2175168837120,-0.1019633024784,-0.3768865696799,-0.0560175207269,0.1114414834329,-0.4595651003815,0.0899185766779
0.4716066402592,-0.0063449898656,-0.0325193058946,0.2594419811307,0.6173829216624,0.0239665527669,0.2457070484055,0.6720592077150,0.2758497840404,0.2601504730148,0.6073985755132,-0.0934864309054,0.4988398128639,0.0244455149777,0.3545001902379,0.1624710827533,0.3483933212444,-0.0079025004483,-0.1693401082001,0.0345077591361,0.6014634729465,0.4488560612412,0.4708633351720,0.2187513010081,0.7562909278263,0.0523251841653,-0.2102728209170,-0.1106538802745,1.0000000000000,0.4225603228981,0.6001059784817,-0.0954685651696,-0.1454442587136,0.4415837282314,0.0712451562239,0.4199348466151,-0.0117661393633,-0.3715342093038,0.3158017376196,0.7195615163486,-0.0516575048327,0.2451863808418,0.4265114040547,0.1522290502736,0.2769387051127,0.4833274979300,-0.2609157259988,0.6138850885021,0.0433229529711,0.1682858595216,0.2028983087107,0.3730158900398,-0.2062417346858,-0.2228193346418,-0.0264970266577,0.5776460622700,0.4758745276218,0.4473783367701,0.1012220713916,0.7019576006486,-0.0857704323616,-0.4321996813251,-0.1777894980708,0.8908175950825,0.3071468526415,0.4049422378246,0.2406145576588,-0.1076422111771,0.4211538559820,0.2349386941466
0.5478409712753,0.2773617423102,0.3158392084554,0.4990278825902,0.3613180635097,0.2503102903625,0.5779048070598,0.3436686113236,0.4258271370249,0.2321905264627,0.4257926124623,0.4756320466171,0.5525868696283,0.4611027024046,0.5923199289216,0.4742853441737,0.4731812955440,0.4106696212523,0.2136110230820,0.4396510113985,0.4643455915974,0.4934091121698,0.4896140438566,0.5093453337346,0.4334712106164,0.4205153446717,0.2532582987141,0.1742372585938,0.4225603228981,1.0000000000000,0.5506405636244,0.2361665726332,0.1265629019291,0.7401701733613,0.3808598395864,0.4282977061622,0.1800206490518,-0.2008708697371,0.1869732722076,0.4085055869737,-0.0646923489188,0.1691030698262,0.0551156249230,0.0200310999158,0.1934801456001,0.2864034683834,0.2155093685350,0.5232910003821,0.2835085496796,0.1243604663546,0.3258543223416,0.4144539916339,-0.2593318188694,0.0552224760666,-0.0549859169533,0.3980290659172,0.1894350131042,0.3964029054142,0.1751172265302,0.3833055389937,0.0090711769229,-0.1522503252773,0.1070277998135,0.3631899293302,0.4738498898296,0.2381432367668,0.2580304059954,-0.0407119362893,0.4560183576651,0.4773401755483
0.5583782491097,0.3345203072231,0.3394327704956,0.6678422683579,0.2561767479543,0.0932732532625,0.2124554870032,0.7138267799370,0.3619157185631,0.2089984683256,0.4284557147584,0.3268599206870,0.3193343615275,0.2273399124244,0.3512161528541,0.2091695029303,0.3197866627738,0.4098271429607,-0.0005023295826,0.4393162923656,0.3940551730332,0.3602149183395,0.7769084284622,0.4984673692086,0.5924299617806,0.3794227956306,0.1242776031451,0.1394835302035,0.6001059784817,0.5506405636244,1.0000000000000,0.1081584510488,0.0122372983373,0.6459193958527,0.4418014899882,0.3628429218057,0.2879451353157,-0.2859777685867,0.4721900919109,0.3152053655985,-0.1408314686490,-0.0000406688206,0.4518666529381,0.0833061630937,0.2500827265863,0.2660952725693,0.0690915540722,0.3194679361898,0.0544414527186,0.0757743817691,0.1215437035466,0.3377301523919,-0.0046959580358,-0.0818485610367,-0.0173114947693,0.3532150960289,0.0816790217579,0.6177712829719,0.0029609770526,0.5586439713098,0.0380451565776,-0.1834947121602,-0.0203250091086,0.4243173939452,0.2834920237088,0.4531078029849,0.2525470845522,-0.1424180742124,0.4361416506921,0.5491582524343
0.1827861123484,0.3192913906059,0.5294162938408,0.2915970740812,0.1210433279602,-0.1490579159395,0.2910269531794,-0.0723184104110,-0.1012875707424,0.1928116446853,-0.2093427058395,0.5602724338378,0.3612295326048,0.5734425815666,0.0638460432894,0.2814839209005,0.3727632731028,0.5683786320750,0.4146271586633,0.5246617753404,0.1644227393777,0.4137031327931,0.1836972411458,0.5256330382918,-0.0671299055747,0.2290089494729,0.5300263186403,0.5553550240698,-0.0954685651696,0.2361665726332,0.1081584510488,1.0000000000000,-0.0473017439653,0.1262852418062,0.2253451468447,0.0564571045731,0.2355566565537,0.1966743401645,-0.2557812739463,0.0264619338573,-0.2860903360240,-0.2182976221152,-0.2638622183111,-0.4449366975570,0.0193770754526,-0.2779394056168,0.2712630031176,0.1947715664818,0.2006336559998,-0.3139570615774,-0.1409854848543,0.2516662370309,-0.0601125872647,0.2096710145673,0.0420066184290,0.1390156419989,0.0000980553199,0.0587362490677,0.2577327481408,-0.1254148969913,-0.0642700116600,0.1930673359048,0.5694858727473,-0.0979771170424,-0.0806710460821,-0.1790088808794,0.4525910975180,0.0400985898484,-0.1757713381780,0.0930515085454
0.0113123001982,0.0619449573491,0.1942851697931,0.0596767009083,-0.1237778502488,0.6891029231141,0.0385278373181,-0.1090086932772,0.4077483420515,-0.1004956550092,-0.0144664390701,0.2613649735663,-0.2431027238885,0.1869362386276,0.3148661367958,0.2017591719205,0.0070260822674,0.0984261627831,0.2151132373543,0.0237344386705,-0.1442002895803,0.0082008324796,-0.1037465676919,0.1118428088940,-0.0701561294548,0.1558754557973,0.1438243314863,0.0904446099201,-0.1454442587136,0.1265629019291,0.0122372983373,-0.0473017439653,1.0000000000000,0.0416970163141,0.0635617233497,-0.0718413611562,-0.0841720587936,0.1694425579649,-0.0465243255136,-0.0587455989646,0.3458258011420,-0.0176753062210,-0.1188759382413,0.1530041718884,-0.1338710290868,-0.1067241166805,0.3429786705218,-0.2914819185300,0.0631220333861,0.0703990750050,0.1140115431441,0.0305352661508,-0.1611732796843,0.0560760673423,-0.2288020354979,-0.1513160425704,-0.1794330658603,-0.0999236258149,-0.0481133813942,0.0042560794759,-0.0264628245035,0.0299613276281,0.0207080469122,-0.1817111366796,0.1143557409557,-0.0804394726944,-0.3060881995573,0.4659515451874,-0.1413953221432,0.0297093288951
0.4020314314837,0.4220170776122,0.1551559969994,0.5928760098363,0.3402024759839,0.1311623745092,0.3591947732093,0.5477046702131,0.3367698069600,0.2676451749640,0.5360187519259,0.2326655923159,0.4409667110647,0.2762675718216,0.2716007718908,0.2948022409477,0.1930002793358,0.2576707653897,-0.1143301490814,0.2637679207101,0.4665159984624,0.2409193689170,0.6329351566891,0.2920939745719,0.5419000370668,0.3385831565928,0.0358782591210,-0.0559272134544,0.4415837282314,0.7401701733613,0.6459193958527,0.1262852418062,0.0416970163141,1.0000000000000,0.3354003970156,0.3075496053940,0.3203130977131,-0.3545369885193,0.3840253632204,0.4089203404156,-0.0730900104315,0.1472415652626,0.3378759096894,0.1581757406276,0.3349169495905,0.4042780222471,0.0227707221045,0.4603722463582,0.1711165763989,0.1836319857031,0.2926515337070,0.1245527166961,-0.1426069902560,-0.0550560102395,-0.0349024011130,0.4204762094436,0.0829348401615,0.5390273291687,-0.0879367730444,0.4799885743184,0.0751407028016,-0.2117558149426,-0.1322686878061,0.3732698199270,0.4836243844532,0.3666546385720,0.3379497933368,-0.0751014994143,0.6988147711903,0.5245860345226
0.4851775841958,0.6110495603317,0.4282250952189,0.5045906210247,0.1563509184316,0.0781898521234,0.2402103954529,0.0028668913905,0.1580925919052,0.1593587274751,0.0512891315029,0.4857675636613,0.2526453961298,0.2884714205024,0.3298480110130,0.2814459596897,0.4052398327293,0.6259934990609,0.1561133647951,0.5940461450280,0.3497489181224,0.4321202817356,0.4594891127568,0.5774561823810,0.0735612505736,0.4542809187805,0.4831701293406,0.4393249564581,0.0712451562239,0.3808598395864,0.4418014899882,0.2253451468447,0.0635617233497,0.3354003970156,1.0000000000000,0.2694658062730,0.5610746224946,0.1548632515792,0.3174639282491,0.1245991681888,-0.0964214617826,-0.1624705588393,-0.0453865109745,-0.2384273578424,0.1131103910862,-0.1556797124695,0.2680494069667,0.1813527887021,0.0712206018220,-0.2397186051533,-0.0226466548899,0.3755708676238,0.3294714450261,0.0081437911760,0.0032540179056,0.3443368825109,0.0890629622655,0.4517521256547,0.3920348350682,0.1835540010774,0.3155222853933,0.2294930380782,0.3981009115624,-0.0405324678754,-0.0363691735137,0.1499488028747,-0.0123798248313,-0.0654474930781,0.0309432283123,0.5981742471054
