1.0000000000000,0.1307367965169,0.2329562884417,0.3109433283323,0.1683590667447,-0.0518686814531,-0.1372479525727,0.3442075063681,-0.2171607840422,0.1591596807007,-0.1436303512924,-0.0952096359209,-0.0523163420824,0.0040581667427,0.2710438288987,0.0087055835461,0.3070744568600,0.3909820539082,-0.2218710674904,0.4904412967665,0.3467112964647,0.3562747300910,0.4149174424559,0.3990898561287,0.3239932937051,0.2881206107709,0.1488234255370,0.2409247510261,0.2328981945363,0.5325207259109,0.4126883391557,0.2596340946870,0.1451205142131,0.2301661013664,0.3953910247909,0.7693367604281,0.1078368049261,0.1708861596033,0.1711512835982,0.0967823830389,0.0254879086117,-0.0320139980471,0.2215521203402,-0.1917351261937,0.0519695895346,-0.0414633649448,0.0012641574726,-0.0153852475731,-0.0390325620056,0.2690580361643,-0.0569690960007,0.3045605008121,0.3754588662811,-0.3958364231582,0.2762305901746,0.1917685562382,0.3228775908568,0.3599539138490,0.3452623291771,0.2304816142842,0.1814110938160,0.0181792809463,0.3270101716476,0.1959580481301,0.5209940890870,0.3563716727980,0.3241958285552,0.2460891862037,0.2210359844784,0.3366865554609
0.1307367965169,1.0000000000000,0.1841699792351,0.6799768985575,0.1273667529278,0.0592131871809,-0.0512772017117,0.1483205274850,-0.1752276188562,0.3631391530610,-0.0416915663191,0.1601226175089,0.2675415256411,0.2589748920656,-0.0923939907987,0.0591977798742,0.0166326559693,0.2184265873081,-0.0722864987449,0.2082886495960,0.4503874081694,0.1711719502964,0.6165344001080,0.1826184220931,0.2585883200282,0.4519988239560,0.4085085555638,0.1807095495546,0.0116209034574,0.2979307084195,0.4571607153347,-0.1079757572707,0.0878047711761,0.4646170258553,0.4727175681450,0.1504349481837,0.8408613428941,0.1723761603617,0.6426462202673,0.1300495827575,0.0981142488609,-0.0722095721069,0.1862729250389,-0.2369936592679,0.2807303131063,0.0192076236478,-0.0516223127485,0.2000242479746,0.0767542277994,-0.2568961377501,0.0592785151906,0.0116996009998,-0.0101015845299,-0.1137027170836,-0.1477000146069,0.4135447016642,0.1348676132919,0.4743200931268,0.1175362610460,0.2274847092686,0.4582235903532,0.3193357737131,0.2399731070733,0.0076458181767,0.2399891609046,0.4165357978757,-0.1243733656768,0.0579543679042,0.3027548752093,0.5073843692436
0.2329562884417,0.1841699792351,1.0000000000000,0.4213791890374,-0.1608291282627,-0.1107338625341,-0.3762538841013,0.5856711347217,-0.1669681292604,0.0887732707631,-0.4572813255070,0.3264646060792,-0.2526025463577,0.1842991420636,-0.0236892544542,0.1013915952113,0.4477012306966,0.5839558736779,0.0658093496071,0.3786573834992,0.1709103234496,0.2488279192854,0.3179725748810,0.5858595518126,0.2854571619630,0.5069608323512,0.6449929453282,0.7361339186625,0.2090961684723,0.0188366513861,0.3475867567308,0.0274691438180,-0.0838345460075,0.1023972723230,0.3083875346523,0.2349948660579,0.1177683956799,0.6726727991294,0.3253626194868,-0.2762131026366,-0.1562748780097,-0.3622562077704,0.3187804828745,-0.2000820185246,-0.0839514927057,-0.3253221208742,0.1245527760904,-0.2639203421138,0.1410690319742,-0.1740491353727,0.0608701408731,0.4530101064612,0.4190406909034,-0.2492009771610,0.1774867248080,0.0476252911440,0.2134824971966,0.2928862284347,0.5282131139410,-0.0415417954414,0.4558256704169,0.1626409950259,0.6900929937522,0.0998631219776,0.0629152787865,0.2806623945483,0.2498271423519,-0.1836344565528,0.0413516283924,0.2374852445352
0.3109433283323,0.6799768985575,0.4213791890374,1.0000000000000,0.2134088670576,0.0512538289876,-0.0651112093999,0.4819678072449,-0.1824463285800,0.5476185244919,-0.0996906284688,0.2036216237245,0.3070716060795,0.3924150941690,0.0277208990736,0.2193142947719,0.1411976482976,0.3299408422186,-0.0754697149669,0.3140998130513,0.5713306678609,0.2221004373675,0.6684594388804,0.2760754650243,0.4367124429044,0.6389013513458,0.5587463349527,0.3342398954118,0.0707272391058,0.2396142271693,0.4323104487698,-0.0413491897810,0.0596314254337,0.3948106242321,0.4274756602407,0.2561220518420,0.5969331653227,0.4075181966169,0.8232853454735,0.1634290642177,0.1136628495310,-0.0573054995437,0.3497110441915,-0.2516537109694,0.3790152219172,0.0225781216316,-0.0244446241608,0.2269534043888,0.1687981028442,-0.1570359397264,0.1578182603128,0.1451292764579,0.0870242367778,-0.2416772266863,-0.1425499299501,0.5458675252907,0.1499983751657,0.5509940894029,0.2249842395879,0.2842172445363,0.6656099728472,0.3432560375103,0.4345083709043,0.0334077799453,0.1934739640802,0.3135079922859,0.0450282680989,0.1031056530193,0.2613726714076,0.4293997360329
0.1683590667447,0.1273667529278,-0.1608291282627,0.2134088670576,1.0000000000000,0.0431339366838,0.2311643935020,0.1720547789729,-0.0326231139626,0.3506859392750,0.4086056271478,-0.2697285322008,0.7005521581066,-0.0456158071044,-0.0112379657578,0.0977632739681,0.2109620736801,-0.0288210069163,-0.1935100339719,-0.0101960681124,0.6973075913954,0.5597043376041,0.2599679110504,0.2260092386361,0.6230116474910,-0.1081684424018,0.0531215092014,-0.0460325820403,0.5368823404495,0.1554694710042,0.3712801162635,0.1054099192369,0.0827413077463,0.1646807687353,-0.0667296577459,0.1572613547124,0.0344561437265,-0.1706287587530,0.0540506449258,0.9082530112789,0.1875823852344,0.2456093106615,0.0437734917294,-0.0693563717500,0.3376354742849,0.3985474853122,-0.2786717400435,0.7674201723116,-0.2227050512811,0.0515408117629,0.0921034215763,0.2144048539269,-0.1787521700761,-0.1907688346678,-0.1887664010431,0.6731120688112,0.4788241346233,0.2529878712886,0.1462528200451,0.7527824489333,-0.1655413682953,-0.0583688315553,-0.0250589181198,0.5466568844972,0.1649340412052,0.2574852205726,0.0295586845205,0.2126844030708,0.0430104066657,-0.0464336108450
-0.0518686814531,0.0592131871809,-0.1107338625341,0.0512538289876,0.0431339366838,1.0000000000000,0.4185320245336,-0.0455322337111,0.4803602592545,-0.0206936235038,0.1193630304585,0.2513821485469,0.0471272952307,0.1426023079045,0.3547479536427,0.3541820689557,-0.1524489606526,-0.1375408480979,0.1868737112763,-0.0991854368614,0.0459398507676,-0.1515680851151,-0.1727660977576,-0.1518036054983,-0.0614370333519,-0.0398201470335,-0.0318500783783,-0.1555109526968,-0.1532775862521,0.2097184484809,-0.0921728542368,-0.0335796487587,0.6280832191084,0.0735489484836,0.1808498921002,-0.1530270190446,0.0578151002429,-0.0491623573104,0.0446252897151,0.0401417973432,0.5828407341819,0.4757463750607,-0.0867264057248,0.5588266784563,0.0144193102670,0.0572930722650,0.2266373754026,0.0096892111125,0.1982624010225,0.3360684520622,0.3292388286789,-0.1677057897047,-0.2409693650445,0.2608283841582,-0.2393026988296,0.0901136474010,-0.1794624723849,-0.1726705400687,-0.1574188630226,-0.0261875457855,0.0072932563582,-0.0367056131559,-0.2009904506901,-0.2123849920276,0.0435628710553,-0.1324443396035,-0.1146706687401,0.2631794292860,0.0167776999698,0.0320692053902
-0.1372479525727,-0.0512772017117,-0.3762538841013,-0.0651112093999,0.2311643935020,0.4185320245336,1.0000000000000,-0.1312333542399,0.6830399833842,-0.0144700487077,0.7390374611184,0.1279730145566,0.4269672024187,0.0622007825052,0.4220913181639,0.3562744976290,-0.2850036516272,-0.3290136327079,0.1300989316432,-0.1155979185633,-0.0061319126362,-0.1209572083396,-0.3081093232116,-0.3620398115135,-0.0515966791612,-0.1465714281781,-0.0610567069282,-0.2531978752921,-0.0035908098063,0.0468492701728,-0.1203225585717,0.0311314470010,0.2159387633686,-0.0660699255349,-0.1344366926671,-0.2430256532782,-0.1136830979532,-0.3045176819945,-0.0202212299017,0.3738169242008,0.3136263914397,0.8717036114026,-0.1669468020285,0.6167722816978,0.1397862284032,0.4500702397650,0.1131833900369,0.4494755143588,0.1114918301891,0.2362876582648,0.4003097211429,-0.2718741215623,-0.4262860625939,0.2182192907188,-0.2598298199909,0.2060844285574,-0.2378956072887,-0.3148274724269,-0.4006563822617,0.1965585638512,-0.1411118996222,0.0220239921098,-0.3678118323098,-0.0289797637779,-0.2320978637511,-0.3076696167567,-0.0727427605606,0.0439481933287,-0.0714663727737,-0.2091406486088
0.3442075063681,0.1483205274850,0.5856711347217,0.4819678072449,0.1720547789729,-0.0455322337111,-0.1312333542399,1.0000000000000,-0.1899992399358,0.5607390416669,-0.1444396427593,0.1435697527326,0.0577541689198,0.2692957266189,0.3026316536135,0.2938865023664,0.1200216731588,0.4586063860577,-0.0660892389619,0.4070784031927,0.3191978403486,0.2882854966313,0.2908706503924,0.2946210277289,0.6672235636998,0.4048734936592,0.5870134717677,0.5079588684200,0.3822417285642,0.2140273464709,0.3245770810309,0.2462487156493,0.1350539268169,0.1143080241280,0.1075110602003,0.1185421714358,0.0392854204118,0.4114641580529,0.3758975608101,0.1075925314683,0.0284469735875,-0.1723638448122,0.6485998262121,-0.2153306023751,0.4938078165118,-0.0951090398794,0.0958804246156,0.0724110808435,0.2086229064713,0.0097905930894,0.1416541832003,0.1215691304071,0.1451844644317,-0.3401201145188,0.0054116867650,0.2791979751621,0.1935113112777,0.2076011558235,0.2214972794920,0.3864434243855,0.3612883999366,0.1259451599658,0.4580500635011,0.2737903839478,0.0148450306817,0.2012571586641,0.3094282500729,0.1563348571541,0.0009002503989,0.0242678085602
-0.2171607840422,-0.1752276188562,-0.1669681292604,-0.1824463285800,-0.0326231139626,0.4803602592545,0.6830399833842,-0.1899992399358,1.0000000000000,-0.1959571670596,0.4472985723999,0.4075049850579,-0.0165660184013,0.1266746585063,0.5273393137972,0.2413210347847,-0.1412337724168,-0.3439697998274,0.3530566192772,-0.2682674307964,-0.2296882071824,-0.2319458795696,-0.4537220200415,-0.3050472999690,-0.1866902634823,-0.1037080028650,-0.0532363217618,-0.1382041354449,-0.1388204901122,-0.0154231211372,-0.1629347270981,-0.1531415071904,0.1378041886396,-0.1118811511245,-0.1408580311122,-0.2631803377472,-0.1862122034547,-0.0859583751206,-0.1002206263112,-0.0048029019841,0.0949315145408,0.6427370970902,-0.3192339019503,0.8437136727357,-0.0746357421495,0.2519300102081,0.2974293371291,-0.0127081049831,0.2895005492652,0.3151541121676,0.3198886374513,-0.1482568068370,-0.3184866532835,0.3814390403370,-0.2224207453917,-0.1335128222893,-0.3001830767609,-0.4727142071973,-0.2607209595600,-0.0485149816485,-0.1088831889974,-0.0826033576397,-0.3099651525439,-0.1881222874070,-0.1996275354182,-0.3641539231870,-0.1895847481402,-0.2472574234953,-0.1308917708917,-0.2148904128930
0.1591596807007,0.3631391530610,0.0887732707631,0.5476185244919,0.3506859392750,-0.0206936235038,-0.0144700487077,0.5607390416669,-0.1959571670596,1.0000000000000,0.0529693996822,0.0402555782453,0.4056572721481,0.4276940289673,0.2046863272909,0.2291335747543,-0.2007483791470,0.1077182915212,-0.1442803216764,0.1069821551029,0.4449960031981,0.1332106661342,0.3478461091935,-0.0750506799326,0.5735937070793,0.3296281933686,0.3009831766308,0.1425209019874,0.0746636295738,0.2166839655265,0.1279597037577,0.0696065570851,0.2056563961158,0.2291066779523,0.0798318374834,-0.0119846000747,0.1978893329538,0.0285224796133,0.4596415364115,0.3001559441535,0.1685213828126,-0.0290902996054,0.3662034278560,-0.2417897263857,0.8489010157210,0.0232763650479,-0.0989875424152,0.3237758055667,0.3050804885156,-0.0583335218991,0.0793030904249,-0.1783051020698,-0.2051459676230,-0.1514820393760,-0.2238614982656,0.4262781782702,0.0289126406938,0.2229537320751,-0.1436405626994,0.4794448763216,0.3415590310949,0.1114777080919,0.0443999145019,0.0673397633306,0.0917715302492,0.0636244363051,0.0638244907224,0.2907436541199,0.1365559770205,0.0627966854984
-0.1436303512924,-0.0416915663191,-0.4572813255070,-0.0996906284688,0.4086056271478,0.1193630304585,0.7390374611184,-0.1444396427593,0.4472985723999,0.0529693996822,1.0000000000000,-0.1136339574691,0.5133854228624,-0.0426929646180,0.2788873277142,0.0736858632891,-0.2744936890622,-0.3926229435992,-0.0466117126167,-0.1768594901417,0.0596215079779,0.0958621560534,-0.2181000127566,-0.3257707876534,0.0669613023201,-0.1839921007702,-0.0936746786786,-0.2838141638582,0.2496246163347,-0.0011774121542,-0.0253050200553,-0.0311171963075,0.0343868121358,-0.0106682043279,-0.2411245477655,-0.2469762747487,-0.1309549666002,-0.3748386427316,-0.1338537960627,0.5500670611836,0.0908486508324,0.6765346579882,-0.1881315683779,0.4470853119824,0.1532358214509,0.7686832010758,-0.0237772294630,0.5902992919413,-0.0170426265542,0.1662498531640,0.0772042068715,-0.2612239228202,-0.4162363711169,0.0994737081094,-0.1931071989373,0.2557164350843,-0.0403966386816,-0.2377933187297,-0.3548906633470,0.3977788194836,-0.2014705203682,0.0252270753645,-0.3796434201593,0.2189297362969,-0.2338485162538,-0.2359075341250,-0.1182965824273,-0.0261068419729,-0.0132968492092,-0.2533874491567
-0.0952096359209,0.1601226175089,0.3264646060792,0.2036216237245,-0.2697285322008,0.2513821485469,0.1279730145566,0.1435697527326,0.4075049850579,0.0402555782453,-0.1136339574691,1.0000000000000,-0.1573809513056,0.5704563844293,0.3819030184560,0.2330877365729,-0.0251439557598,0.1132823732849,0.6500642434876,0.1368193920681,-0.0412439890640,-0.2314506731984,-0.1225478647456,-0.1065290697056,-0.1670617974013,0.4206079875730,0.3540352296356,0.2942268361854,-0.2585445219076,0.1467052039177,-0.1064797508852,-0.3087222637069,0.0351575136423,0.1482457237584,0.2729492835100,-0.1138852078839,0.1131703196666,0.2588117948041,0.2051987016388,-0.3094456381465,0.0272076913823,0.0818163288803,-0.1314980294134,0.3159531886976,-0.0556670078344,-0.0679188395990,0.5870148162102,-0.2652103654853,0.6286030407850,0.2014681732404,0.2037712672041,-0.0264014189507,0.0061113443965,0.4582846066296,0.0730652634129,-0.0670025221772,-0.2668901264895,-0.2296508572459,-0.0266034167612,-0.2946601930149,0.3730415931046,0.1277931711044,0.0977394939394,-0.2942247095416,0.0807064627033,-0.1837340708919,-0.1851146235076,-0.1360753900776,0.0835252766581,0.1550798567082
-0.0523163420824,0.2675415256411,-0.2526025463577,0.3070716060795,0.7005521581066,0.0471272952307,0.4269672024187,0.0577541689198,-0.0165660184013,0.4056572721481,0.5133854228624,-0.1573809513056,1.0000000000000,0.1375465758334,-0.0416454036996,0.2285777291951,-0.1043481298533,-0.0909229974759,-0.0778105513559,-0.0111861161500,0.6255749176303,0.2506355507996,0.1691075342923,-0.0711230083103,0.3119730214176,0.0366578164840,0.1312447496489,-0.1701198636045,0.2767628734132,0.0300082884910,0.1949722666259,-0.0849820265408,0.0570977948987,0.1067398127890,-0.0694383422707,-0.0897436630077,0.1971747251416,-0.2285327255557,0.2429693812774,0.7426852395199,0.2339852568855,0.3398792343239,-0.0111366188482,-0.1218370756372,0.3736203047831,0.4307613981921,-0.3459740171214,0.9225645345472,-0.1450123789126,-0.1293357486122,0.2209776534357,-0.0843267095088,-0.3193049437316,-0.0738490014283,-0.2943718589450,0.7199214269758,0.1577637802204,0.0985554118298,-0.1417054980647,0.5076587237157,0.0460795047574,0.1260505712958,-0.1642544853947,0.3151583203770,-0.0402962048377,0.0753215768154,-0.1154705879045,0.1712440669404,-0.0097420180986,-0.0295885432510
0.0040581667427,0.2589748920656,0.1842991420636,0.3924150941690,-0.0456158071044,0.1426023079045,0.0622007825052,0.2692957266189,0.1266746585063,0.4276940289673,-0.0426929646180,0.5704563844293,0.1375465758334,1.0000000000000,0.3257113694435,0.3714978057061,-0.0064503867685,0.0686285755508,0.3627197221940,0.1073603962296,0.1112220865302,0.0143431511134,0.0242464559425,-0.0058329738659,0.0121938601722,0.6218694321247,0.2004917354264,0.3241682714088,-0.0945837218338,0.1726045084955,-0.1066845281347,-0.2204514523405,0.1628126971754,0.1583957241385,0.1595005408225,-0.0164201513670,0.1446086207164,0.2419134244827,0.4096847097275,-0.0875072251786,0.0756086429058,0.0531284014936,-0.0708717039673,0.0569690454462,0.2590173215870,0.1240012411890,0.2194137013445,0.0091880951155,0.7431774058920,0.1716309586998,0.3364051023875,0.0271940814710,-0.1036106870093,0.1362488012844,-0.0823911475276,0.1021445571781,0.0056824722856,-0.1189384846342,0.1106287513879,-0.1042942115268,0.5385406476814,0.0160601295660,0.1708823052257,-0.0747655253905,0.1518384913138,-0.0421152648045,-0.0691103016976,0.0791132880132,0.0021746285683,0.1262264903231
0.2710438288987,-0.0923939907987,-0.0236892544542,0.0277208990736,-0.0112379657578,0.3547479536427,0.4220913181639,0.3026316536135,0.5273393137972,0.2046863272909,0.2788873277142,0.3819030184560,-0.0416454036996,0.3257113694435,1.0000000000000,0.2626275852826,-0.1979389359527,-0.0320857402166,0.2995235405831,0.2329084410922,-0.0994662637424,-0.0423095784738,-0.2338172340356,-0.1753902612707,0.1525221000894,0.1325875941717,0.0734199615124,0.1290227758270,0.0628795761090,0.4194859910085,-0.0347557613060,0.1380541255370,0.3103542601825,-0.0425729067064,-0.0075110208417,0.0664110554838,-0.1633241445294,-0.0361180907461,0.0140683867939,-0.0111272075070,0.1939063984604,0.4114453220884,0.1079282490738,0.4878987273509,0.2936360837283,0.1291965098309,0.4468256629143,-0.0519458813323,0.4593381869307,0.6148559059752,0.2139536642027,-0.1761532118132,-0.0842316553192,0.1246454138025,0.0555490321980,-0.0673011117477,-0.1131801282297,-0.3112758371745,-0.1584874497082,0.1259339203738,0.0164822491351,-0.1315572542066,-0.0604144099078,-0.0113390058326,0.0991403142647,-0.1460041797271,0.1263354444216,0.1872574709672,-0.0283892206345,-0.0782711385253
0.0087055835461,0.0591977798742,0.1013915952113,0.2193142947719,0.0977632739681,0.3541820689557,0.3562744976290,0.2938865023664,0.2413210347847,0.2291335747543,0.0736858632891,0.2330877365729,0.2285777291951,0.3714978057061,0.2626275852826,1.0000000000000,-0.0990753391410,0.0488785481823,0.0760627987605,0.1031935495237,0.1522752604384,-0.0344146350937,-0.0065919981960,-0.0455651210312,0.1726625734550,0.2633209283850,0.1346059390765,0.0995302539216,0.0086223890783,0.2173780078360,-0.0533508073172,0.0809822533633,0.2410234516022,0.2807110771664,0.1838172274189,-0.1825665108990,0.0554665697468,0.0774457808711,0.2842962117418,0.0608239920756,0.2676714179496,0.2724978535499,0.0859715813826,0.1489934516782,0.2719196777076,-0.0533897450681,0.1297474322812,0.1503280915886,0.3212583746411,0.1302788258594,0.6849742146903,-0.0870755993146,-0.1681665289167,-0.0169621847289,-0.1059882371215,0.1937905952684,-0.0900089054638,-0.0591259016091,-0.0785049371694,0.0624759040567,0.2200898767806,-0.0422405490373,0.0508402859758,-0.0239003977839,-0.0537791835014,-0.1161093099114,0.0678863133192,0.1538309862367,0.1663835524557,0.0278254854078
0.3070744568600,0.0166326559693,0.4477012306966,0.1411976482976,0.2109620736801,-0.1524489606526,-0.2850036516272,0.1200216731588,-0.1412337724168,-0.2007483791470,-0.2744936890622,-0.0251439557598,-0.1043481298533,-0.0064503867685,-0.1979389359527,-0.0990753391410,1.0000000000000,0.3143988181012,-0.1142517427258,0.1176617390567,0.2234380201726,0.6590927201874,0.3810335971174,0.8374576435102,0.2398534589618,0.1830058475647,0.1009563547697,0.3816147860360,0.4002629365603,0.0539613087218,0.4909023470992,-0.0164865908448,-0.1548978117329,0.0692835033822,0.2067874486054,0.4595261594995,-0.0002013939143,0.3763890100511,0.0182880849220,0.1251791380613,-0.2040799024969,-0.2089885926105,-0.0942987415533,-0.1560202347501,-0.3124226553864,-0.0336805511821,-0.1680384635314,-0.0294418513332,-0.1397982452136,-0.0010553728274,0.0232738937835,0.9733752519684,0.4038522981610,-0.2719386435622,0.2037049486285,0.0629382315464,0.6839530311573,0.4047527744815,0.8240536307888,0.1993524914366,0.1177880339705,-0.0170448178924,0.4523105413025,0.3945342045400,0.3351586045712,0.5085494817035,0.1820491408470,-0.1928528263946,-0.0513462792748,0.2357302681374
0.3909820539082,0.2184265873081,0.5839558736779,0.3299408422186,-0.0288210069163,-0.1375408480979,-0.3290136327079,0.4586063860577,-0.3439697998274,0.1077182915212,-0.3926229435992,0.1132823732849,-0.0909229974759,0.0686285755508,-0.0320857402166,0.0488785481823,0.3143988181012,1.0000000000000,0.0081643281182,0.7544590586850,0.2652036502831,0.3193707939375,0.3627614585112,0.5826751064110,0.2515939691338,0.3632924384731,0.5437717316272,0.5444635518478,0.2017954121404,0.3721399445974,0.4591962469689,0.2805207303845,0.0808021436884,0.2568732876593,0.5391088931683,0.4160181471251,0.1971221976635,0.2978337775406,0.3025785282481,-0.0882887397410,0.0617004861636,-0.2991845755305,0.2855355097657,-0.3857740864179,-0.0010921114382,-0.3264439180192,0.0268245256159,-0.0866783420226,-0.0835420507504,-0.1336404019876,0.0761849772704,0.2976389292604,0.6946682806523,-0.2833236276025,0.5257632223650,0.1500301050045,0.3061257746865,0.2842568781580,0.4876511455772,0.0205780553214,0.2193582613037,0.2212198700113,0.5255679984861,0.1178348619871,0.3289492958105,0.4183429026725,0.3529295260142,0.1350802012697,0.2173758774916,0.5524618099562
-0.2218710674904,-0.0722864987449,0.0658093496071,-0.0754697149669,-0.1935100339719,0.1868737112763,0.1300989316432,-0.0660892389619,0.3530566192772,-0.1442803216764,-0.0466117126167,0.6500642434876,-0.0778105513559,0.3627197221940,0.2995235405831,0.0760627987605,-0.1142517427258,0.0081643281182,1.0000000000000,0.0965621987878,-0.1684266077084,-0.1742152779250,-0.3050816095300,-0.1490625629361,-0.2944356672986,-0.0272738271851,0.1312442289485,0.2078204728479,-0.2267474108550,0.1030766203121,-0.2766976924333,-0.3879639568938,-0.1046226762394,0.0837949888218,0.0028491722604,-0.2041806680154,-0.0163186696353,0.0590955171891,0.0070622477449,-0.2132863943017,0.0378530881633,0.0501866152502,-0.2045509292225,0.2205719819697,-0.1471147264239,-0.0583363776963,0.4671261654270,-0.1556412382024,0.3106701243937,0.2176683014612,0.0754001078558,-0.1289037051304,-0.0491586787059,0.6961856105095,0.0625291767691,-0.1496773539575,-0.1786179857182,-0.3301183626470,-0.0889027355792,-0.3152580726148,-0.0704349984876,-0.0404794359256,0.0385253275897,-0.2218060074425,0.0596814284056,-0.2547998533481,-0.3999093089651,-0.0397961107251,0.0718449260384,-0.0463943044079
0.4904412967665,0.2082886495960,0.3786573834992,0.3140998130513,-0.0101960681124,-0.0991854368614,-0.1155979185633,0.4070784031927,-0.2682674307964,0.1069821551029,-0.1768594901417,0.1368193920681,-0.0111861161500,0.1073603962296,0.2329084410922,0.1031935495237,0.1176617390567,0.7544590586850,0.0965621987878,1.0000000000000,0.2387468843786,0.2360444961676,0.2848859580375,0.3728543956770,0.2572535649749,0.4002698382243,0.4553543687406,0.4672817292325,0.2804499753392,0.4746803730860,0.3558494269608,0.3649169718609,0.0959547809751,0.2015947794610,0.5103842489958,0.4560360885601,0.1813148869427,0.1431402868242,0.2498556726674,-0.0169379143696,0.1334078529554,-0.1460555796905,0.2971847528950,-0.3308771928741,0.0522713433823,-0.2472464218603,0.2011594974934,-0.0023226064897,-0.0804607025669,-0.0186442617648,0.0888044821867,0.1206555570423,0.5332505070290,-0.3122571531784,0.5198323802374,0.1552630032223,0.2329124530658,0.2357631067081,0.2993640548277,0.0779806620451,0.1545047002750,0.1822341776878,0.4577867075523,0.2306370152070,0.2611526927392,0.3367466232687,0.3643755982404,0.2574954775271,0.2241115234849,0.4803290616523
0.3467112964647,0.4503874081694,0.1709103234496,0.5713306678609,0.6973075913954,0.0459398507676,-0.0061319126362,0.3191978403486,-0.2296882071824,0.4449960031981,0.0596215079779,-0.0412439890640,0.6255749176303,0.1112220865302,-0.0994662637424,0.1522752604384,0.2234380201726,0.2652036502831,-0.1684266077084,0.2387468843786,1.0000000000000,0.4183569189441,0.4797801198215,0.3167569398218,0.5411482613343,0.2796302595838,0.3456260782231,0.1090700240003,0.3123877394839,0.2640488747428,0.4918398756870,0.0658488974164,0.0397373272853,0.3659472542801,0.3183947430107,0.3305668643411,0.4043366937340,0.1717323951115,0.3942187710143,0.6083996701678,0.1768254232079,-0.0262773191790,0.2033922641986,-0.3034664192115,0.3296845066822,0.1286609915251,-0.1659754319878,0.6170670669551,-0.1160231716601,-0.1202826886069,0.0595946600922,0.2107291602111,0.0473169878189,-0.2685906913693,-0.1021977323646,0.8721544286133,0.3514572881713,0.4437282215852,0.2591066843890,0.5274477116207,0.2626420163605,0.2355385849104,0.2450565905701,0.3053495418518,0.2680535583879,0.3717006259289,0.0656290072364,0.2031880975921,0.2256263018354,0.3176832061189
0.3562747300910,0.1711719502964,0.2488279192854,0.2221004373675,0.5597043376041,-0.1515680851151,-0.1209572083396,0.2882854966313,-0.2319458795696,0.1332106661342,0.0958621560534,-0.2314506731984,0.2506355507996,0.0143431511134,-0.0423095784738,-0.0344146350937,0.6590927201874,0.3193707939375,-0.1742152779250,0.2360444961676,0.4183569189441,1.0000000000000,0.4070748983937,0.7601783770308,0.5564989707312,0.0683138773714,0.1474392770136,0.3721749868331,0.7433133184831,0.3536360962462,0.6129556998749,0.0497838166424,0.0345305524006,0.2713776706347,0.1529151608333,0.4096311071678,0.0368186337963,0.1957769439679,0.0045866850587,0.4738917213298,-0.0298125028014,-0.0566549718806,0.0883078962155,-0.2066027051111,0.0522574829217,0.2125235543445,-0.1919626600031,0.3605781796433,-0.1890369965827,0.1452145322797,0.0100445235765,0.6531947820385,0.3139096006110,-0.3098532740217,0.2612388469157,0.3068638549465,0.9262971936198,0.4026521255542,0.7212795867574,0.5886935285933,-0.0744103800635,-0.0139971001988,0.4054499533478,0.7072449811220,0.4514870839646,0.5801438632452,0.1512389267646,0.0860277607752,0.1408277900972,0.2250606992709
0.4149174424559,0.6165344001080,0.3179725748810,0.6684594388804,0.2599679110504,-0.1727660977576,-0.3081093232116,0.2908706503924,-0.4537220200415,0.3478461091935,-0.2181000127566,-0.1225478647456,0.1691075342923,0.0242464559425,-0.2338172340356,-0.0065919981960,0.3810335971174,0.3627614585112,-0.3050816095300,0.2848859580375,0.4797801198215,0.4070748983937,1.0000000000000,0.4961566873630,0.4755637270740,0.3649275613311,0.3613900616154,0.2202683527244,0.1617202374053,0.2493465146264,0.6065272375367,0.0423699914866,-0.0307586625707,0.4357118116312,0.4548781313970,0.4080787211418,0.5543917617376,0.2122971087751,0.5378103195942,0.1873333097617,0.0062725491718,-0.2717206002056,0.2459928011566,-0.4946687757981,0.1773324526276,-0.1047270330576,-0.2759286674848,0.1347292349372,-0.1864602407909,-0.2825313430005,-0.0735219371780,0.3709452641641,0.1919430496671,-0.4009243918917,0.0020486567963,0.3338137406181,0.3739541819423,0.8981404722698,0.3619454621682,0.3687353327748,0.3627697769407,0.2443995822995,0.3494554215523,0.1474756642095,0.3388148872101,0.5541516651347,0.0818322864122,0.0845715087509,0.3688798140096,0.4983691891117
0.3990898561287,0.1826184220931,0.5858595518126,0.2760754650243,0.2260092386361,-0.1518036054983,-0.3620398115135,0.2946210277289,-0.3050472999690,-0.0750506799326,-0.3257707876534,-0.1065290697056,-0.0711230083103,-0.0058329738659,-0.1753902612707,-0.0455651210312,0.8374576435102,0.5826751064110,-0.1490625629361,0.3728543956770,0.3167569398218,0.7601783770308,0.4961566873630,1.0000000000000,0.3611813058944,0.2350392255113,0.2503490387977,0.5641161953382,0.4951568236846,0.2046683076470,0.6221766173767,0.1221017346082,-0.0552533687865,0.1792870808668,0.3360059937671,0.5269720782096,0.1583814525589,0.3763834443242,0.1491677199103,0.1118729916944,-0.0838415678042,-0.2784033368340,0.0843791948956,-0.2969450052075,-0.1934760446109,-0.1391502742465,-0.1569451439305,-0.0044433627224,-0.1885068629781,-0.0572271289232,0.0415319437762,0.8211798808038,0.5530372383977,-0.3786184565990,0.3065440975613,0.1306179336320,0.7690500097901,0.4978408998453,0.9142682744720,0.2286793947706,0.1189760530588,-0.0203953767816,0.6166128673286,0.4410594239788,0.3770768638154,0.6625712045261,0.2561577132658,-0.0343818218330,0.0846385170359,0.3754796116800
0.3239932937051,0.2585883200282,0.2854571619630,0.4367124429044,0.6230116474910,-0.0614370333519,-0.0515966791612,0.6672235636998,-0.1866902634823,0.5735937070793,0.0669613023201,-0.1670617974013,0.3119730214176,0.0121938601722,0.1525221000894,0.1726625734550,0.2398534589618,0.2515939691338,-0.2944356672986,0.2572535649749,0.5411482613343,0.5564989707312,0.4755637270740,0.3611813058944,1.0000000000000,0.1235671686808,0.4097104494630,0.2284025399472,0.6407608099705,0.3464077485505,0.5523989556774,0.2918713277645,0.1624415349591,0.2400082250319,0.0978507605081,0.2421079834592,0.1046900794943,0.0999969207188,0.2564565656322,0.5225879014683,0.0855278693043,-0.0852629199052,0.5060908245649,-0.2409600582575,0.5507571158766,0.0051865323583,-0.1037875441234,0.3649076852627,-0.0800786303997,0.0110800648308,0.0549072882326,0.2395408964035,0.0261602285170,-0.4319962619495,-0.0639163993257,0.4676768829494,0.4750553748644,0.4366911333798,0.2475357797646,0.8522325494847,0.0430396328568,0.0643496858103,0.2464042356982,0.5717033555372,0.2138759495230,0.4377959539651,0.2510141081395,0.2148424768865,0.1192219064623,0.0749440307273
0.2881206107709,0.4519988239560,0.5069608323512,0.6389013513458,-0.1081684424018,-0.0398201470335,-0.1465714281781,0.4048734936592,-0.1037080028650,0.3296281933686,-0.1839921007702,0.4206079875730,0.0366578164840,0.6218694321247,0.1325875941717,0.2633209283850,0.1830058475647,0.3632924384731,-0.0272738271851,0.4002698382243,0.2796302595838,0.0683138773714,0.3649275613311,0.2350392255113,0.1235671686808,1.0000000000000,0.4724293395108,0.5139963913262,0.0102406101329,0.0702155973022,0.1849905545100,-0.0260238843597,0.0162255506586,0.2090347607534,0.4416404760909,0.2353005857428,0.3787549310793,0.4849662027859,0.6036299993079,-0.1592357903886,-0.1060204176176,-0.1286772467947,0.1047881078669,-0.1575180453324,0.0905369538274,-0.0051386261161,0.1078400725605,-0.0437407158979,0.4266540163716,-0.1444130978499,0.1997052229984,0.2104957685464,0.2122844760872,-0.3243451924515,0.0689912342312,0.1959382833475,0.0656127628909,0.2239139643985,0.2997977929182,-0.0779175829501,0.8382554613068,0.2407419334336,0.4706591449153,-0.0211405489620,0.0522556980784,0.1740959870552,0.2326371551177,-0.0941134391280,0.0818151198002,0.4322432166237
0.1488234255370,0.4085085555638,0.6449929453282,0.5587463349527,0.0531215092014,-0.0318500783783,-0.0610567069282,0.5870134717677,-0.0532363217618,0.3009831766308,-0.0936746786786,0.3540352296356,0.1312447496489,0.2004917354264,0.0734199615124,0.1346059390765,0.1009563547697,0.5437717316272,0.1312442289485,0.4553543687406,0.3456260782231,0.1474392770136,0.3613900616154,0.2503490387977,0.4097104494630,0.4724293395108,1.0000000000000,0.4753039429912,0.2008487630781,0.1952655900486,0.4377613206684,0.0387618787581,-0.0085616649129,0.2358621724858,0.3718699307309,0.0570216583513,0.3301492889952,0.4504445144744,0.4644239808639,0.0056650050255,0.0677784434819,-0.1425047419386,0.3770771359541,-0.1634186287658,0.1785819423469,-0.1392531087839,0.1219113768639,0.0781746605324,0.1058216580400,-0.2609872397394,0.0860851379173,0.1007667511913,0.2184299883109,-0.1374279394160,0.0539389464008,0.3231368152391,0.0382280974816,0.2491346058147,0.1703055096759,0.2221790953994,0.4209849778255,0.6123210147949,0.4543240526680,0.0611613174365,0.0141771256136,0.2163726547780,0.1395261594088,-0.0384509791941,0.1348412258895,0.3387082703549
0.2409247510261,0.1807095495546,0.7361339186625,0.3342398954118,-0.0460325820403,-0.1555109526968,-0.2531978752921,0.5079588684200,-0.1382041354449,0.1425209019874,-0.2838141638582,0.2942268361854,-0.1701198636045,0.3241682714088,0.1290227758270,0.0995302539216,0.3816147860360,0.5444635518478,0.2078204728479,0.4672817292325,0.1090700240003,0.3721749868331,0.2202683527244,0.5641161953382,0.2284025399472,0.5139963913262,0.4753039429912,1.0000000000000,0.2683667159671,0.1118029624320,0.2209328562995,0.0301730379058,-0.0030315308602,0.1303945383214,0.2403397947563,0.2198838578649,0.0736435598738,0.5246045922168,0.2771762439352,-0.1438598647029,-0.0746498424687,-0.2356824925498,0.1430526791375,-0.1567169890969,0.0121150049503,-0.1627764885701,0.1862469056973,-0.1285803339157,0.2470460760045,-0.0089730896592,0.0880284853517,0.3872435011674,0.3491166937763,-0.1308670365067,0.2586570765070,0.0208997818191,0.3239614279695,0.1504135882056,0.5210339421785,-0.0237392394596,0.3637571187928,0.0017166238720,0.8068097002461,0.1792569520400,0.1255155005409,0.2040716131606,0.1535899407375,-0.0272325800228,0.0337858224679,0.1934455622512
0.2328981945363,0.0116209034574,0.2090961684723,0.0707272391058,0.5368823404495,-0.1532775862521,-0.0035908098063,0.3822417285642,-0.1388204901122,0.0746636295738,0.2496246163347,-0.2585445219076,0.2767628734132,-0.0945837218338,0.0628795761090,0.0086223890783,0.4002629365603,0.2017954121404,-0.2267474108550,0.2804499753392,0.3123877394839,0.7433133184831,0.1617202374053,0.4951568236846,0.6407608099705,0.0102406101329,0.2008487630781,0.2683667159671,1.0000000000000,0.2071330422811,0.5026635060767,0.2046389130796,0.0859190918749,0.0022860357005,-0.0865471597495,0.2574579187724,-0.1195335744356,0.1114445427848,-0.1184834714496,0.4977395063450,-0.0702152428674,-0.0119591439231,0.2633130924830,-0.1444767014075,0.0725241840996,0.2593728874279,-0.0702134603739,0.4103736756498,-0.2548004943272,0.0928076213364,0.0117340578848,0.4057263880003,0.1870540978543,-0.4576543340975,0.1866078580691,0.2822993404715,0.7141733765154,0.1808234494932,0.4764660001848,0.6251225613804,-0.1897993470504,-0.0339274623520,0.3260931597499,0.9348748588447,0.1396571917886,0.4718316477096,0.2363612758733,0.1034777787812,-0.1047489455215,-0.0491047413608
0.5325207259109,0.2979307084195,0.0188366513861,0.2396142271693,0.1554694710042,0.2097184484809,0.0468492701728,0.2140273464709,-0.0154231211372,0.2166839655265,-0.0011774121542,0.1467052039177,0.0300082884910,0.1726045084955,0.4194859910085,0.2173780078360,0.0539613087218,0.3721399445974,0.1030766203121,0.4746803730860,0.2640488747428,0.3536360962462,0.2493465146264,0.2046683076470,0.3464077485505,0.0702155973022,0.1952655900486,0.1118029624320,0.2071330422811,1.0000000000000,0.3565179107467,0.1378635445208,0.3752224599980,0.5738970501533,0.5314420668454,0.4089665608847,0.2275477236581,-0.0284924966817,0.1645278618904,0.0923949491808,0.3270286120979,0.0534136576008,0.1877216315368,-0.0317463053525,0.2656663514547,-0.1017969232902,0.2893191508183,0.0112213459926,0.1601640986627,0.4528434356663,0.1687622935740,0.0288837749463,0.2908378323979,0.0152921546611,0.3852937452983,0.1804335781816,0.2899769230773,0.1621325366774,0.1567237557253,0.2892313868470,-0.0507023002358,0.1125298316915,0.1335040970827,0.1405401429171,0.7467254993322,0.2944303117717,0.0741593394724,0.4203177402794,0.5148519370377,0.4805314653653
0.4126883391557,0.4571607153347,0.3475867567308,0.4323104487698,0.3712801162635,-0.0921728542368,-0.1203225585717,0.3245770810309,-0.1629347270981,0.1279597037577,-0.0253050200553,-0.1064797508852,0.1949722666259,-0.1066845281347,-0.0347557613060,-0.0533508073172,0.4909023470992,0.4591962469689,-0.2766976924333,0.3558494269608,0.4918398756870,0.6129556998749,0.6065272375367,0.6221766173767,0.5523989556774,0.1849905545100,0.4377613206684,0.2209328562995,0.5026635060767,0.3565179107467,1.0000000000000,0.0939303225118,0.0152012106356,0.2658927570943,0.3854196232633,0.4938876629493,0.3485792850084,0.1929231448297,0.2504415753191,0.3089097507205,0.0023939370983,-0.1035063954097,0.1986531368262,-0.2273969910531,0.0266621137433,0.0264158928673,-0.1787986995452,0.2422097694659,-0.2567689130252,-0.0856526855549,0.0183899265899,0.4689895922697,0.3532829668780,-0.3995147076968,0.1686270536516,0.3632497904041,0.5375964628629,0.5270335600126,0.5104877421490,0.5138390200886,0.1084422428562,0.2541223990772,0.2961292036841,0.4394009842076,0.3631927969895,0.7324501123378,0.1574664294672,-0.0143873820870,0.1493144342068,0.4500333144423
0.2596340946870,-0.1079757572707,0.0274691438180,-0.0413491897810,0.1054099192369,-0.0335796487587,0.0311314470010,0.2462487156493,-0.1531415071904,0.0696065570851,-0.0311171963075,-0.3087222637069,-0.0849820265408,-0.2204514523405,0.1380541255370,0.0809822533633,-0.0164865908448,0.2805207303845,-0.3879639568938,0.3649169718609,0.0658488974164,0.0497838166424,0.0423699914866,0.1221017346082,0.2918713277645,-0.0260238843597,0.0387618787581,0.0301730379058,0.2046389130796,0.1378635445208,0.0939303225118,1.0000000000000,0.1652956846073,-0.1554332937650,0.0217903830426,0.1918294854255,-0.0959590535625,-0.1162761872369,0.0006757057743,0.1472206186195,0.2058000174283,0.0260905356196,0.3203499027861,-0.1379782199858,0.1960604279214,-0.2575466934182,-0.1039904740664,0.0315433766011,-0.1882392636908,-0.0806713942198,-0.0119291728497,-0.0196951815395,0.1820471611583,-0.4998550863444,0.1102670370859,0.0771753391682,0.0666464600207,0.0996311909224,0.0215963907013,0.2092634560475,-0.1157060665044,-0.0170712222477,0.0782349570761,0.1949088394694,-0.0886360318754,0.1460610317514,0.7891674916043,0.2984683382276,-0.0728545776044,-0.0011500041608
0.1451205142131,0.0878047711761,-0.0838345460075,0.0596314254337,0.0827413077463,0.6280832191084,0.2159387633686,0.1350539268169,0.1378041886396,0.2056563961158,0.0343868121358,0.0351575136423,0.0570977948987,0.1628126971754,0.3103542601825,0.2410234516022,-0.1548978117329,0.0808021436884,-0.1046226762394,0.0959547809751,0.0397373272853,0.0345305524006,-0.0307586625707,-0.0552533687865,0.1624415349591,0.0162255506586,-0.0085616649129,-0.0030315308602,0.0859190918749,0.3752224599980,0.0152012106356,0.1652956846073,1.0000000000000,0.0767924561535,0.2235564738793,0.0006632107050,-0.0173488799305,-0.1099826586856,0.0213817813501,0.0664701838471,0.6282427602114,0.3146592617005,0.1159698570044,0.2742722365976,0.2098152140249,-0.0065306263215,0.0890948866030,0.0366148144181,0.1888225060287,0.2915589871435,0.2607473009100,-0.1540553299866,-0.0979375251610,-0.0499016320518,-0.0644480880217,0.0349235542953,0.0084705153435,-0.0795835270866,-0.0879810039167,0.1112457492766,0.0086298010295,-0.0867926496106,-0.0800699941309,0.0161645008019,0.1798394232863,0.0370007292734,0.0877099897655,0.5598451583221,-0.0278677838548,0.1022422745755
0.2301661013664,0.4646170258553,0.1023972723230,0.3948106242321,0.1646807687353,0.0735489484836,-0.0660699255349,0.1143080241280,-0.1118811511245,0.2291066779523,-0.0106682043279,0.1482457237584,0.1067398127890,0.1583957241385,-0.0425729067064,0.2807110771664,0.0692835033822,0.2568732876593,0.0837949888218,0.2015947794610,0.3659472542801,0.2713776706347,0.4357118116312,0.1792870808668,0.2400082250319,0.2090347607534,0.2358621724858,0.1303945383214,0.0022860357005,0.5738970501533,0.2658927570943,-0.1554332937650,0.0767924561535,1.0000000000000,0.5623832131847,0.1188401965472,0.4536049626393,0.0829463191709,0.3431218041865,0.0770719472879,0.0813679311887,-0.0485591728093,0.0566556146450,-0.1227646171959,0.1721766718196,0.0000952086691,0.0784789176249,0.0559928628345,0.1031831260897,0.0834763916025,0.1331595506384,0.0457249240259,0.1481884248562,0.0813054588055,0.1999915537699,0.2527665049902,0.2050055028344,0.3712833665018,0.1375219880139,0.2130975433600,0.1626442603162,0.1747448444837,0.1656885360251,-0.0364064485522,0.5010024695737,0.2102015302764,-0.2350997823752,0.1203882973449,0.8034281199011,0.5237404342310
0.3953910247909,0.4727175681450,0.3083875346523,0.4274756602407,-0.0667296577459,0.1808498921002,-0.1344366926671,0.1075110602003,-0.1408580311122,0.0798318374834,-0.2411245477655,0.2729492835100,-0.0694383422707,0.1595005408225,-0.0075110208417,0.1838172274189,0.2067874486054,0.5391088931683,0.0028491722604,0.5103842489958,0.3183947430107,0.1529151608333,0.4548781313970,0.3360059937671,0.0978507605081,0.4416404760909,0.3718699307309,0.2403397947563,-0.0865471597495,0.5314420668454,0.3854196232633,0.0217903830426,0.2235564738793,0.5623832131847,1.0000000000000,0.3499623468843,0.4647391477783,0.1785276632967,0.3881705704710,-0.1242954418168,0.3051960338742,-0.0970215654781,0.0246498443789,-0.0964571754678,-0.0337814007130,-0.2168483482119,0.1852314274124,-0.1238697803990,0.1468462850157,0.0161694514233,0.1421205923677,0.1803754122478,0.3744951155964,-0.0265410435601,0.3257686528509,0.1700342546709,0.1076826342513,0.4017688162541,0.2705327609425,-0.0139604465247,0.3724099517112,0.2723538365849,0.2725266368765,-0.1722017589537,0.4983509738362,0.3206607244876,0.0692711791591,0.2477018837526,0.5087869661701,0.8515279900119
