1.0000000000000,0.4896392688285,0.5474962761917,0.5891192074230,0.4838904747841,0.1474447060303,0.4575567887869,0.6472941682695,0.4561150203748,0.4539931570925,0.5146505128981,0.5836922836907,0.4642074588830,0.2719090812792,0.6983551657643,0.4473001320675,0.3763609257552,0.6742248737425,0.4907010548256,0.5754440050574,0.7229391715844,0.5545699460472,0.6288322835662,0.6922098560448,0.6338131029011,0.2085474501757,0.5055395881067,0.4608759751356,0.3619456701378,0.8091916803370,0.7442795303624,-0.2068373558509,0.2864670959302,0.5809627946832,0.6875245260790,0.0036161584866,0.3232740550756,-0.1627537394566,0.5097751110602,0.3809021383037,0.3753459850050,0.0311883251515,-0.4645348393551,-0.0399288160387,0.4567300939351,-0.0053060022385,0.2974154780004,0.3898053214928,0.2284648073699,-0.1836018407783,0.2650575243912,0.3236096732873,0.1676203980549,0.0137668927312,0.0719243672203,0.5567606027318,0.0697034269513,0.3484741309988,0.3168689776824,0.4127287029068,-0.0196802160546,-0.5798033885970,0.3785613090288,-0.0114675904577,-0.2839305128630,-0.1869693998070,0.3611052880722,0.2954737564705,0.1398158197148,0.3690084412695
0.4896392688285,1.0000000000000,0.5096479429075,0.7666899165776,0.2023050135746,0.1776495214811,0.1690185509767,0.5607597719854,0.2338569878947,0.4310454819433,0.2370207104692,0.4467968427512,0.1156478020560,0.3781025740617,0.4422220037474,0.3079058285368,0.0202211786085,0.5201700829788,0.3356276844445,0.4827363827878,0.4085069454244,0.1197616123800,0.6308454974302,0.3071673476514,0.4772694854761,0.5030434199992,0.6010838264308,0.5441108939081,0.1330861057682,0.5541847750681,0.4781442804807,-0.2008607742264,0.1416222302393,0.5236597566366,0.6329089764487,-0.0397185490455,0.8482011259121,0.1116256488812,0.7104409050010,0.1548242064417,0.3297078100796,-0.0969448808808,-0.1221015661155,-0.0700721079937,0.4254295575794,-0.0720976967351,0.3161214678709,0.0816318783480,0.2976624992392,-0.0169397877047,0.0849118047664,-0.0053590122817,0.1528752949101,0.0597778209169,0.0335052877668,0.3318641495732,-0.2075942808882,0.4261494623785,0.0351149202769,0.3558320672512,0.4466216932826,-0.0792835722945,0.5410764185073,-0.0902909435691,-0.1251249859453,-0.1747427298354,0.2910059461940,0.2398759496001,0.3318938986286,0.5980580359233
0.5474962761917,0.5096479429075,1.0000000000000,0.5808652369938,0.2395619448594,0.2372657793389,0.2156070455104,0.8360948966749,0.3656526697450,0.4200371958310,0.2110167224865,0.6041098057559,0.1357555988214,0.4096892062971,0.5443598341207,0.3853124126038,0.1917418905763,0.5445377868645,0.4353805234881,0.4561299918389,0.5269480359060,0.3318941059202,0.5288523842809,0.5991908825818,0.5762018739043,0.4417603408860,0.6927571453721,0.7926438308493,0.3831316609851,0.5381465280860,0.5864059164698,-0.1523901020744,0.2629819229230,0.3401705574819,0.5790020969309,-0.3593101721805,0.3074416754688,0.2734140521337,0.4662890983719,0.1298674974293,0.3270898644956,-0.1284105861730,-0.3272990170416,-0.0081700700740,0.3812816220174,-0.2509413225940,0.3439820925744,0.0447974031902,0.2640419286389,-0.1869716409889,0.1495266937730,0.1646495775458,-0.0185043396150,0.0620261257701,-0.0586981762805,0.3602907588111,-0.1778464504417,0.1990848102272,0.1725288935132,0.2475077579043,0.1817047067823,-0.3572026168467,0.6796518790754,-0.0860327577725,-0.4528385775871,-0.3712566733768,0.2166077345298,0.2105248783585,0.0323035808885,0.2380009987831
0.5891192074230,0.7666899165776,0.5808652369938,1.0000000000000,0.2431851343632,0.1529178300878,0.3468554360189,0.6977436742182,0.4111082761362,0.6524298131298,0.3469865640559,0.5994334507485,0.2858295999188,0.5165256623714,0.6066059066735,0.4994135512461,-0.0154456801102,0.6213805326054,0.4675108057517,0.6286725266438,0.5461312804345,0.1093432078259,0.6878177228805,0.3377315895260,0.5834455368613,0.5950749803139,0.7209733538824,0.5445759392698,0.1910216976962,0.6208600299692,0.4836037697819,-0.1527771326847,0.2050104133115,0.4931340595712,0.7026082189758,-0.1571011009444,0.6274159241671,0.0307719534904,0.8675142309196,0.1981467614647,0.3952965429621,0.0150964416608,-0.1848855566405,-0.0124053208004,0.6099063633673,-0.1020131950102,0.3997699861280,0.1957595857233,0.4024915002742,-0.0610450790705,0.2754236939596,-0.0263638026081,0.1072183124232,-0.0071637123571,-0.0175077069067,0.4293471823467,-0.2882564045440,0.4491107071205,-0.0398169414790,0.4053287993846,0.4640298269652,-0.2428201868258,0.5065578602902,-0.1209379676020,-0.3116527295607,-0.3274705617308,0.3848851355952,0.3252895070111,0.2479401266431,0.4859720851913
0.4838904747841,0.2023050135746,0.2395619448594,0.2431851343632,1.0000000000000,-0.1876504383760,0.1376950624164,0.3718730996953,0.1745563835754,0.2932354472675,0.4296379349128,0.1084329285160,0.6743406193282,-0.0543094593975,0.2804607278292,0.1725488463406,0.5050332915372,0.2989617958583,0.1107215658573,0.1142751920591,0.7194262072977,0.6863927011988,0.4216136818417,0.5740985215975,0.7292880035943,-0.1308037731441,0.1982487499617,0.0936356797614,0.6639916231188,0.4468161433854,0.6220136358252,-0.1821824956235,-0.0777562445569,0.3236429839095,0.2928724317240,0.1345897534458,0.0699619894547,-0.1285914406482,0.1552556827595,0.8930790804894,0.0237848374596,-0.0313431121808,-0.1937316735597,-0.1072055328283,0.3779106357452,0.2508787444593,-0.0986489731972,0.7059320998965,-0.1240167053158,-0.1621762799931,0.1969635165713,0.4894972293858,0.0576558950763,-0.1453442584437,-0.0001724204751,0.7735986735483,0.4707873711281,0.2496164924127,0.4528949683602,0.7598209744518,-0.3255517466750,-0.3787683782187,0.0696098821668,0.5040028128648,-0.0304087070013,0.2326122723702,0.0292035222672,0.0055455910287,0.0756483914242,0.1362831787215
0.1474447060303,0.1776495214811,0.2372657793389,0.1529178300878,-0.1876504383760,1.0000000000000,0.5422955224087,0.1155076707938,0.4580650856474,0.1402500599418,0.2135106605409,0.4299848577980,0.0072698941915,0.2006479320656,0.4131800102930,0.3999324390100,-0.3503686728257,0.1487983749579,0.3930639511500,0.2269028398755,0.0433242670731,-0.2020745943040,-0.1200048373870,-0.0660971461562,-0.1886587583688,-0.0619090540993,0.1555636489741,0.0774334719235,-0.2354426582916,0.3118101954830,0.0702606824952,-0.0516299816228,0.7274211283802,0.2471289372442,0.1736382108554,-0.3408104560989,0.1942490113568,-0.0285811885719,0.1769989098732,-0.2418825499916,0.6867181029832,0.3982908302611,-0.4072281590544,0.5343501778749,0.0823336141904,-0.0205108984378,0.4016062707575,-0.0665179154635,0.3546531485595,0.1279451424121,0.1766093466620,-0.3628380949214,-0.0165155236107,0.4662954901882,0.1644404524306,-0.1036503300507,-0.4910468692472,-0.2629431606310,-0.2906348623896,-0.3327286554691,0.0429231849945,-0.1067595376999,0.0395801785376,-0.4374567428723,-0.1935749962531,-0.4597745564341,0.2571892569304,0.3593479874990,0.0134810266628,0.0638974864788
0.4575567887869,0.1690185509767,0.2156070455104,0.3468554360189,0.1376950624164,0.5422955224087,1.0000000000000,0.2560329103503,0.8804633324593,0.4631021400495,0.7338248170189,0.6644662925873,0.5773944724900,0.3045902184210,0.7747823695835,0.6865271236377,-0.1807372979156,0.3098478036093,0.7064647903694,0.3752008469480,0.3661137457811,0.0740982523841,0.0325214355282,0.0967155505890,0.0918949717645,-0.0874008424766,0.3476940099802,0.1125069314505,0.0200693989442,0.5972840771400,0.3242177941823,-0.1575243244307,0.6293347586769,0.3187662757719,0.2882729083592,-0.3475426365493,0.0429087740928,-0.3788100333287,0.2388554577939,0.2067607722322,0.6514920808156,0.7412412682084,-0.6389902167772,0.5863016156951,0.3902598113636,0.2486812696837,0.3436311158950,0.4702201088707,0.4554560864919,-0.0853782594138,0.4942725990454,-0.2206546157552,-0.2353254042232,0.2717605274455,0.0010222784865,0.2290141149679,-0.3670341079816,-0.1543639611483,-0.2635222355533,0.0093542914327,-0.1791021779477,-0.3829401422454,-0.0839944489964,-0.2245178917547,-0.4433840309344,-0.4640766893370,0.3431706412605,0.5389698404609,-0.1700338263703,-0.0346035776550
0.6472941682695,0.5607597719854,0.8360948966749,0.6977436742182,0.3718730996953,0.1155076707938,0.2560329103503,1.0000000000000,0.3854526984596,0.6404994393000,0.3819528652473,0.5782212621809,0.2930406561329,0.4349778145949,0.6337496686020,0.4440236056286,0.1636123493367,0.6485970612087,0.4390010097940,0.5204749231391,0.5888763629398,0.3822595311299,0.6395327583294,0.5732893994086,0.7304083815500,0.4250287204925,0.6984323885103,0.7143567408597,0.4877045853706,0.6376465136486,0.6432961293976,-0.0478025626931,0.1700273646796,0.4400368207709,0.6382748859322,-0.3297620002553,0.3862998843420,0.0890520799806,0.5477413382287,0.3008034271938,0.3199274590886,-0.1302389811024,-0.2288310011301,-0.1053576221926,0.5923945909853,-0.0912985746058,0.2252120996313,0.2094849712571,0.2641658642052,-0.1847011241075,0.2092273915861,0.1338181789043,-0.0060570190094,-0.0278805547448,-0.0560777076500,0.4542874489723,-0.1515101783666,0.3020236359076,0.1076080083625,0.4471694328023,0.1702049324875,-0.3989722104597,0.5855019509957,0.0708151486440,-0.4204938549272,-0.3480241287767,0.2898158507612,0.2430812879888,0.1029614076306,0.2899973949827
0.4561150203748,0.2338569878947,0.3656526697450,0.4111082761362,0.1745563835754,0.4580650856474,0.8804633324593,0.3854526984596,1.0000000000000,0.5238793797373,0.6739866054758,0.7602267599551,0.5114821667318,0.4201159837046,0.8327118026238,0.6826330299770,-0.2189728448951,0.3531646029370,0.7277956711685,0.3827925165746,0.4286251668574,0.0962943703265,0.0614352592727,0.1141982115593,0.2039401600162,0.0401761675021,0.5235719857298,0.2467059483753,0.1216737644347,0.6255984169462,0.3589423375667,-0.0995576463290,0.6034599489505,0.2810299324409,0.3076894890553,-0.3873426501310,0.0672742220963,-0.2567753131811,0.2647340711792,0.2238995700681,0.5984931350414,0.6648886828220,-0.5672244446458,0.6199961344105,0.4603117597125,0.1111892710748,0.3807048180541,0.4149470689058,0.4920445420639,-0.0350694068275,0.4631128093598,-0.2526181529818,-0.3200263093053,0.2287246259134,-0.0933508523717,0.2914356421155,-0.3838242135988,-0.1545361079921,-0.3023449639480,0.0809014513414,-0.1313147059437,-0.3079817563636,0.0273699404154,-0.1705995708597,-0.4975590624533,-0.4809686445555,0.2415604679548,0.5250582400816,-0.1504163068299,-0.0396972336799
0.4539931570925,0.4310454819433,0.4200371958310,0.6524298131298,0.2932354472675,0.1402500599418,0.4631021400495,0.6404994393000,0.5238793797373,1.0000000000000,0.4506219159160,0.5654871043255,0.3805664707290,0.5018114538710,0.6925455850726,0.5987889540634,-0.1360056602086,0.5359905594443,0.5404752460266,0.4341338922408,0.4376615739936,0.0828143295747,0.4419222678590,0.1946683719241,0.5577349743003,0.2288845211518,0.5124871465726,0.4354989573545,0.1915572496534,0.5966879670984,0.3778955299375,-0.1105114555314,0.2878786639765,0.4132823695978,0.4468441861259,-0.2694978241690,0.3389488277438,-0.0244139912638,0.5458148816911,0.3119701089096,0.3601065326428,0.2390371415642,-0.2027619140296,0.1427434298205,0.8961511678012,0.0096263243757,0.2534250692541,0.3428143396429,0.5080032781626,0.0138164610630,0.3463894081896,-0.1557156957339,-0.0497315297675,0.0862782351568,0.0042024352193,0.3892445444252,-0.2821231743236,0.2591733925676,-0.1662281557314,0.4271563766488,0.1975245645727,-0.2988527892264,0.2519863225845,-0.0879709871066,-0.2875308962757,-0.3590719761379,0.2325663394412,0.3765828072046,0.1243113086764,0.1564530603994
0.5146505128981,0.2370207104692,0.2110167224865,0.3469865640559,0.4296379349128,0.2135106605409,0.7338248170189,0.3819528652473,0.6739866054758,0.4506219159160,1.0000000000000,0.4473303525985,0.7679653715185,0.1014546880204,0.6852891756708,0.5110770911450,0.0412846817745,0.3444315438428,0.5472586908765,0.3416199700494,0.4960376280022,0.4086239305559,0.2258878629824,0.3220478151355,0.3264667560296,-0.1630489785314,0.3818290949214,0.1509123009258,0.3610659773144,0.5961441522887,0.5140182145093,-0.2206818377392,0.2487113843269,0.2917838879170,0.3053933430145,-0.3506951642235,0.1024624893150,-0.4979553169672,0.2778167244147,0.5750985070187,0.4758883094352,0.4982130966573,-0.6268063127229,0.3506567382762,0.4530626121035,0.5623072270643,0.1052751977547,0.7110406637561,0.2088396974888,-0.1796997168891,0.3909494520110,0.0487809463061,-0.2067397778626,0.1680430926189,0.0838968436968,0.4269731843417,-0.0392103847931,0.0124233625829,-0.0435320781142,0.3406714640293,-0.2626539626478,-0.4124503768026,-0.0290332643267,0.1743555356509,-0.4414810684520,-0.2906248887888,0.3796683756059,0.3278079790444,-0.1231826687069,0.0392381941043
0.5836922836907,0.4467968427512,0.6041098057559,0.5994334507485,0.1084329285160,0.4299848577980,0.6644662925873,0.5782212621809,0.7602267599551,0.5654871043255,0.4473303525985,1.0000000000000,0.2865454180028,0.6589168232815,0.8476895259162,0.6444831290952,-0.1089069710112,0.5730764444851,0.8385780356284,0.5582148772980,0.4782783921421,0.0984110529068,0.2911889738881,0.3052036772325,0.3127455441977,0.3244279344024,0.6695869795399,0.5305754984866,0.0675974683101,0.6981255900326,0.4376811882189,-0.2104770256845,0.6028564479826,0.4201932658338,0.5544380937063,-0.3385183006883,0.3134490325192,-0.0843145478578,0.4933325167812,0.0774701408831,0.5491450806594,0.3619045757276,-0.4814143976789,0.3802268518909,0.4893390324133,-0.1470059213221,0.7128900919639,0.1994575175810,0.7155638585685,-0.0238361720280,0.4524384921124,-0.1455377456350,-0.0623355977418,0.3402887733390,0.0138535391938,0.3073829542864,-0.3972311880682,0.0340678091039,-0.1299648943214,0.0632574983605,0.1491400292009,-0.3714194732531,0.3384833229695,-0.3202079412694,-0.4705743682800,-0.4692916371926,0.3789951045499,0.4780334079672,-0.0304448685902,0.2475811792383
0.4642074588830,0.1156478020560,0.1357555988214,0.2858295999188,0.6743406193282,0.0072698941915,0.5773944724900,0.2930406561329,0.5114821667318,0.3805664707290,0.7679653715185,0.2865454180028,1.0000000000000,0.0295965386315,0.4689557447627,0.3556136907870,0.1402959005198,0.2516523496216,0.3634267644679,0.2057252581174,0.6763066788016,0.4521219575220,0.2018557710700,0.3245877851248,0.4146987611288,-0.1420919455528,0.2844107555652,0.0048669040551,0.4604683984272,0.4634402004634,0.4652644685190,-0.1859831011563,0.0739714910308,0.2359850274442,0.2301459786887,-0.1278350307316,-0.0517488974694,-0.4696582851567,0.1510695194937,0.7422090357857,0.2372477881192,0.4231844811403,-0.5131358301879,0.2019480373490,0.4094489704125,0.4329426206806,-0.0040797155394,0.9008572237132,0.0122662727576,-0.2049415633440,0.3328039397356,0.1315226344043,-0.2023805402909,0.0127930877968,-0.0114997221418,0.6757273715752,0.1071575448156,-0.0006398547990,0.0431238090400,0.4860697150149,-0.3238166630768,-0.3821350547895,-0.1538680254038,0.2857558395067,-0.2803502426037,-0.1397951403949,0.1831313113625,0.1773849314017,-0.1070071767003,-0.0308881885000
0.2719090812792,0.3781025740617,0.4096892062971,0.5165256623714,-0.0543094593975,0.2006479320656,0.3045902184210,0.4349778145949,0.4201159837046,0.5018114538710,0.1014546880204,0.6589168232815,0.0295965386315,1.0000000000000,0.4400664818324,0.4567619036851,-0.1370692838102,0.2724033939914,0.4152920287872,0.2822993270804,0.1952644888207,-0.1287522661544,0.1828852676490,0.0616749571406,0.2338089885741,0.6229354961231,0.4569888626871,0.5083413167333,0.0049608241975,0.2752040595778,0.0378716593145,0.0903527830530,0.3820036696400,0.1544646415077,0.2567674565805,-0.1626664476314,0.2275596815910,0.0896568675913,0.3905641252500,-0.0439723978453,0.2487096953073,0.1817725122322,-0.0447600663311,0.1667577060138,0.3969660497548,-0.1172176908634,0.5562385016790,0.0057999383459,0.7643941632337,0.1286506750089,0.3750215912080,-0.1630330660337,-0.2287505808726,0.0741430599818,-0.2431704018643,0.1583146682038,-0.3374292725528,-0.0489230638133,-0.1868476756279,0.0775754124941,0.3971767903584,-0.2315362217683,0.3869033845453,-0.1578563060823,-0.2358657225954,-0.3091311075817,0.2204915357131,0.3522839117000,-0.1067573011760,0.0803227019676
0.6983551657643,0.4422220037474,0.5443598341207,0.6066059066735,0.2804607278292,0.4131800102930,0.7747823695835,0.6337496686020,0.8327118026238,0.6925455850726,0.6852891756708,0.8476895259162,0.4689557447627,0.4400664818324,1.0000000000000,0.7126928652046,-0.0562568861687,0.6631322390690,0.8481008836429,0.6362079874037,0.5468405836835,0.2556476250641,0.3883838807103,0.3796020507362,0.4180326686819,0.1056589951879,0.6447860035915,0.4869393567787,0.1843634751439,0.8480269127928,0.6004823457567,-0.2244555054315,0.5804796989174,0.5140691498183,0.5637114768125,-0.3959873917166,0.3309573625923,-0.1919406948863,0.5186811123913,0.2740302273556,0.6458459986982,0.4151142927288,-0.5842507432494,0.3990277532042,0.6354321935588,0.0058120595001,0.4634608843035,0.3768133689582,0.5665798142080,-0.0208915683106,0.4176693250744,-0.0845787919956,-0.0262677385553,0.3020690708751,0.1287963719491,0.3662359252309,-0.3194858036672,0.1377606644283,-0.1032822125585,0.2114367420692,0.0008467317575,-0.4348984524462,0.2819138528496,-0.2147714114068,-0.4867300937211,-0.4839974895245,0.4290032524690,0.5605000442643,0.0071386546384,0.2080836998763
0.4473001320675,0.3079058285368,0.3853124126038,0.4994135512461,0.1725488463406,0.3999324390100,0.6865271236377,0.4440236056286,0.6826330299770,0.5987889540634,0.5110770911450,0.6444831290952,0.3556136907870,0.4567619036851,0.7126928652046,1.0000000000000,-0.0750292686421,0.3977147505874,0.6483039579672,0.4178858262178,0.3548679437567,0.1626824227665,0.2694805057360,0.2532379728396,0.3205829978948,0.0751064680837,0.3323543899509,0.2996135767307,0.1688132456280,0.6364681812748,0.3952558227243,-0.0661276169714,0.4810800920269,0.4359290493743,0.4805230255450,-0.3413425023576,0.2046749539675,-0.0825423382769,0.4572743528729,0.2222309106204,0.5699038492229,0.3224497981467,-0.4083654916754,0.3519779618943,0.6009405814765,0.0395906853741,0.3621735503836,0.3398625634394,0.5613532413564,0.0389584760618,0.6704705396324,-0.0690864029349,-0.0956952218685,0.1722313179757,0.0696755920061,0.2768974887341,-0.2018297962266,0.0809759365608,-0.0736481617530,0.1888951256169,0.0760111554707,-0.4695248369050,0.2104616967218,-0.0739640943603,-0.3063363486548,-0.3447137723594,0.4161403164193,0.4806831826793,0.0468165663940,0.1808832001447
0.3763609257552,0.0202211786085,0.1917418905763,-0.0154456801102,0.5050332915372,-0.3503686728257,-0.1807372979156,0.1636123493367,-0.2189728448951,-0.1360056602086,0.0412846817745,-0.1089069710112,0.1402959005198,-0.1370692838102,-0.0562568861687,-0.0750292686421,1.0000000000000,0.1956136167451,-0.0986664117608,0.0215531334498,0.2507653159985,0.7422754200395,0.4774978741743,0.7401480993724,0.5167672696408,-0.0654542128462,-0.0654361902948,0.1897629048751,0.4226762809405,0.1850108867353,0.5238234509201,-0.1409569478826,-0.2291279486302,0.1557109578919,0.2504257565406,0.3109011895359,-0.0914349933760,0.0891741654811,0.0122988602871,0.4144915232069,-0.1747469204498,-0.3717604253067,-0.0539281850433,-0.4358267447210,-0.0170961120367,0.0375129428996,-0.1576532533034,0.1627332727097,-0.1949301793738,-0.2229002729625,-0.0110781186164,0.9596229788496,0.2734636010487,-0.2028693876630,0.0451593944373,0.2324557563806,0.7380358703011,0.4409852727513,0.8657464557827,0.4963457035412,-0.1867727623193,-0.3604082918710,0.3009200819276,0.3432117226390,0.1607963495358,0.4540504532112,0.0675439021375,-0.1723095700413,0.0604418971826,0.2411179359249
0.6742248737425,0.5201700829788,0.5445377868645,0.6213805326054,0.2989617958583,0.1487983749579,0.3098478036093,0.6485970612087,0.3531646029370,0.5359905594443,0.3444315438428,0.5730764444851,0.2516523496216,0.2724033939914,0.6631322390690,0.3977147505874,0.1956136167451,1.0000000000000,0.6162992518400,0.8085417796110,0.5205444623555,0.3030616408837,0.6001880830117,0.5611395856655,0.4958200406344,0.1985469335011,0.6646858998037,0.5762935644199,0.1980270582607,0.7351062828151,0.6309106241924,-0.1257898122887,0.2169617379109,0.6486867105182,0.6970220878838,-0.0532265612145,0.4511613845435,0.0066893051980,0.5755380772425,0.1772779026123,0.3753028631222,-0.0239392567039,-0.2852674783088,-0.0951946786492,0.4878021324241,-0.1417345775877,0.2428303794430,0.1395050952846,0.2795363903972,-0.1450741355785,0.1341752253221,0.1622066708385,0.4613491666045,0.1215507104470,0.2538508762600,0.3174091337981,-0.1288897979414,0.3999830052802,0.2226409836313,0.2803638843353,0.0805488932165,-0.2601065113184,0.4522639612140,-0.1839582430897,-0.2282102811252,-0.2379063853454,0.3794920906491,0.2750589141440,0.3212238648099,0.4718458307056
0.4907010548256,0.3356276844445,0.4353805234881,0.4675108057517,0.1107215658573,0.3930639511500,0.7064647903694,0.4390010097940,0.7277956711685,0.5404752460266,0.5472586908765,0.8385780356284,0.3634267644679,0.4152920287872,0.8481008836429,0.6483039579672,-0.0986664117608,0.6162992518400,1.0000000000000,0.6136170043328,0.3659383643630,0.1380685600568,0.2218927772543,0.2749468597702,0.2071302720558,-0.0069411854008,0.5570988630384,0.4494355020224,0.0356264405894,0.6863774206122,0.4316941840245,-0.3064514633130,0.4859545409008,0.4529310542781,0.4371787788855,-0.3356538466379,0.2583475994787,-0.1473357589736,0.4379739901258,0.1309545035617,0.5942141205899,0.3832260052028,-0.5722965740889,0.4163017394430,0.4797085364903,-0.0425938690734,0.5601772345085,0.2648596144246,0.6375207866803,0.0613280343785,0.3986898850415,-0.1266865369757,0.0577393114585,0.5157617770050,0.3180450424022,0.1917182864152,-0.3237426160838,0.0469893254045,-0.1042573549357,0.0388930917638,0.0285836488635,-0.2927508985447,0.2758801460652,-0.3172602477106,-0.3789754315335,-0.4562603512121,0.5198957849604,0.4491556281860,0.0241916010659,0.2088786017976
0.5754440050574,0.4827363827878,0.4561299918389,0.6286725266438,0.1142751920591,0.2269028398755,0.3752008469480,0.5204749231391,0.3827925165746,0.4341338922408,0.3416199700494,0.5582148772980,0.2057252581174,0.2822993270804,0.6362079874037,0.4178858262178,0.0215531334498,0.8085417796110,0.6136170043328,1.0000000000000,0.4032362180514,0.1597129744599,0.4506466169928,0.3703927180480,0.3127027781937,0.3044929442581,0.6225727579136,0.4837731655940,0.0412803581011,0.6545844940236,0.4387907378065,-0.0640743648135,0.2121444589571,0.4152502559995,0.6750856206467,-0.0968264277557,0.4111181988767,-0.0100649536623,0.5911664821770,0.0358956493408,0.4226623173887,0.0339865431840,-0.2615847671402,-0.0246475089945,0.3800910373063,-0.0713642976114,0.3265933640452,0.0788864086517,0.2654945364637,-0.0221090745637,0.1578319919776,-0.0085885568510,0.3355519651439,0.1441854415327,0.3138893875785,0.2055056276466,-0.2287168319228,0.2502542035287,0.0318761619764,0.1172628766884,0.2149932032813,-0.2109984907281,0.3955446875990,-0.2297775190780,-0.2473747399495,-0.3589109359222,0.4042728299832,0.2765243285069,0.1276404387195,0.4038708565315
0.7229391715844,0.4085069454244,0.5269480359060,0.5461312804345,0.7194262072977,0.0433242670731,0.3661137457811,0.5888763629398,0.4286251668574,0.4376615739936,0.4960376280022,0.4782783921421,0.6763066788016,0.1952644888207,0.5468405836835,0.3548679437567,0.2507653159985,0.5205444623555,0.3659383643630,0.4032362180514,1.0000000000000,0.4882225482204,0.5213229104963,0.5960453230493,0.6602927967857,0.1777533793105,0.5168034323126,0.3256712681137,0.4712061312430,0.6142513021293,0.6710420994133,-0.1808756758316,0.1562052460015,0.4549513344298,0.5333071413020,-0.1149750303554,0.2484781843596,-0.1470398275451,0.4430401529335,0.6105638236466,0.2575270856435,0.0379359037190,-0.4518837339179,0.0002196527980,0.4380823054913,0.0325008211043,0.2187599425519,0.6023934542445,0.0922573072719,-0.2998979194442,0.2210104943089,0.2251397392591,0.0222573584581,-0.0509208405349,-0.0509768630114,0.8951555556047,0.0382675887782,0.2096849891649,0.2117890723552,0.4768544117514,-0.0900327166345,-0.4715068403006,0.2182587385627,0.1356512197030,-0.4423973422960,-0.1945287783223,0.2111412011664,0.1319831274651,0.0542047688981,0.1901485889368
0.5545699460472,0.1197616123800,0.3318941059202,0.1093432078259,0.6863927011988,-0.2020745943040,0.0740982523841,0.3822595311299,0.0962943703265,0.0828143295747,0.4086239305559,0.0984110529068,0.4521219575220,-0.1287522661544,0.2556476250641,0.1626824227665,0.7422754200395,0.3030616408837,0.1380685600568,0.1597129744599,0.4882225482204,1.0000000000000,0.4998654045482,0.8406235556210,0.6243398300587,-0.1828855544244,0.1392244352423,0.2459607113924,0.7369505344269,0.4677285421254,0.7379401805822,-0.1515995831449,-0.1242177917351,0.3064941810130,0.3690714715415,0.0366917735795,-0.0540970435617,-0.1322206684982,0.0807051345019,0.6416270702187,-0.0031450338299,-0.2165631057508,-0.3501556749028,-0.2288390690980,0.2305579844137,0.1502748275313,-0.0936462070328,0.4806030159609,-0.1736305165848,-0.2095109113006,0.1237739802019,0.7304338275128,0.0784991907697,-0.0525209712543,0.1228511541979,0.4711047653203,0.7173582150198,0.3498612698531,0.7257415893125,0.6127132505855,-0.3668777145687,-0.5083681076119,0.2564592794895,0.5279806874912,-0.0336953000065,0.2310292588731,0.1863501333351,-0.0855661720021,0.0977571965569,0.1761529083458
0.6288322835662,0.6308454974302,0.5288523842809,0.6878177228805,0.4216136818417,-0.1200048373870,0.0325214355282,0.6395327583294,0.0614352592727,0.4419222678590,0.2258878629824,0.2911889738881,0.2018557710700,0.1828852676490,0.3883838807103,0.2694805057360,0.4774978741743,0.6001880830117,0.2218927772543,0.4506466169928,0.5213229104963,0.4998654045482,1.0000000000000,0.6815600474886,0.7366052603044,0.3167426403692,0.4696601007264,0.5327853439155,0.3886066077767,0.5888153000717,0.7401535392821,-0.1495194136648,-0.0588711109111,0.5448701432603,0.7064408465781,0.0354362987329,0.5321436741582,0.0434250182689,0.6609410661623,0.3446330307742,0.1384734928486,-0.2869345945391,-0.1261036683438,-0.3190004944624,0.4910220965513,-0.0816195393085,0.0732542193981,0.1763789425479,0.1025806234212,-0.1778342826813,0.0984433496637,0.4776822863156,0.3258612903241,-0.1625819969331,0.0759234089629,0.4251668548997,0.1861665596617,0.8314837002596,0.4602976647876,0.5786580629197,0.2383026204448,-0.3300295646509,0.5873720825677,0.0981024909719,-0.0944175341223,0.0702099185266,0.2752839314374,0.0936788570641,0.4194549505173,0.5608499853132
0.6922098560448,0.3071673476514,0.5991908825818,0.3377315895260,0.5740985215975,-0.0660971461562,0.0967155505890,0.5732893994086,0.1141982115593,0.1946683719241,0.3220478151355,0.3052036772325,0.3245877851248,0.0616749571406,0.3796020507362,0.2532379728396,0.7401480993724,0.5611395856655,0.2749468597702,0.3703927180480,0.5960453230493,0.8406235556210,0.6815600474886,1.0000000000000,0.6862764519327,0.0738183451000,0.3330399213356,0.5189942326141,0.6461414590387,0.5792345726678,0.8262882878114,-0.2107301721509,0.0140006431480,0.4558130766989,0.5952829251306,-0.0261261205307,0.1595160196584,0.0077849849689,0.3240928341408,0.4471594106591,0.1546180231840,-0.2939010948355,-0.3830614598887,-0.2782234006044,0.2756422173374,-0.0515491034150,0.0798040909259,0.2840059835825,0.0110496803878,-0.3199550833599,0.1349200255743,0.7280799536371,0.2522847646410,-0.0577469046355,0.1021975044506,0.4721751249179,0.4639313304804,0.4520302217337,0.7702363260697,0.4903882088785,-0.1294397315869,-0.5764348458540,0.5225493620026,0.2802899570220,-0.2031797062068,0.0878442525254,0.3040755366318,0.0328745868490,0.1473130603015,0.3528798450060
0.6338131029011,0.4772694854761,0.5762018739043,0.5834455368613,0.7292880035943,-0.1886587583688,0.0918949717645,0.7304083815500,0.2039401600162,0.5577349743003,0.3264667560296,0.3127455441977,0.4146987611288,0.2338089885741,0.4180326686819,0.3205829978948,0.5167672696408,0.4958200406344,0.2071302720558,0.3127027781937,0.6602927967857,0.6243398300587,0.7366052603044,0.6862764519327,1.0000000000000,0.2515838662962,0.4617526872047,0.4622880707167,0.6643689188338,0.5780353780861,0.7297059554462,-0.1423878984549,-0.0403663905921,0.4164620214679,0.5687200350978,0.0217425575629,0.3012969924777,0.0949270791309,0.4710292793635,0.6403941782283,0.0803953851604,-0.2196568311423,-0.0891664024046,-0.2741371087537,0.6137721574349,-0.0097401574283,0.0211761453381,0.4200282958887,0.0758886678606,-0.2284804914417,0.2157289027672,0.4851818749016,0.0656564293692,-0.2214613103876,-0.0999246453480,0.6396045227206,0.3109787278301,0.5113420403703,0.4459014879489,0.8467466208687,0.0046631036539,-0.4386304437618,0.4358074586629,0.3678322418659,-0.1457223199025,0.0972481785651,0.1220204945219,0.0716563113689,0.1789740124690,0.3190944443920
0.2085474501757,0.5030434199992,0.4417603408860,0.5950749803139,-0.1308037731441,-0.0619090540993,-0.0874008424766,0.4250287204925,0.0401761675021,0.2288845211518,-0.1630489785314,0.3244279344024,-0.1420919455528,0.6229354961231,0.1056589951879,0.0751064680837,-0.0654542128462,0.1985469335011,-0.0069411854008,0.3044929442581,0.1777533793105,-0.1828855544244,0.3167426403692,0.0738183451000,0.2515838662962,1.0000000000000,0.4641284355845,0.5188754987671,0.0182657421441,0.0824021508025,-0.0194973882552,0.1203204884697,0.0382283167176,0.0412081074482,0.3714160680677,-0.0073203184902,0.3435723838258,0.2481260390944,0.4426472559340,-0.2076670801430,-0.0223444112201,-0.1770306457740,0.2025486138034,-0.2430602379636,0.1289548001113,-0.2167212720901,0.2930649614313,-0.2313876862856,0.2352568362708,-0.1088773905481,0.0221891776483,-0.0873983247123,-0.1221387534186,-0.2949908801397,-0.4312638399341,0.1281985886251,-0.2942089788732,0.1262502959078,-0.1072520943799,0.0700689367666,0.6157005630550,-0.0404172883496,0.4612616674357,-0.1044526111228,-0.2234123992510,-0.1981843762481,-0.0304144993962,0.1293238853359,-0.0043101624592,0.2750882225140
0.5055395881067,0.6010838264308,0.6927571453721,0.7209733538824,0.1982487499617,0.1555636489741,0.3476940099802,0.6984323885103,0.5235719857298,0.5124871465726,0.3818290949214,0.6695869795399,0.2844107555652,0.4569888626871,0.6447860035915,0.3323543899509,-0.0654361902948,0.6646858998037,0.5570988630384,0.6225727579136,0.5168034323126,0.1392244352423,0.4696601007264,0.3330399213356,0.4617526872047,0.4641284355845,1.0000000000000,0.6463280499996,0.2218146478318,0.5867360504456,0.4665539877656,-0.1341881768290,0.1901711803930,0.3456488970670,0.5791215494546,-0.2799500779756,0.3997409488173,-0.0228600612949,0.5496874803603,0.1243910824456,0.3362952832549,0.1142313302090,-0.3024678335286,0.0851640024376,0.4414033563506,-0.1142086620611,0.3359105263567,0.1405105712899,0.3244557348062,-0.1763063033592,0.1306345033806,-0.1038634097627,-0.0102141013013,0.0761890024541,-0.0403316359379,0.3506627794483,-0.3739002718383,0.1913227022323,-0.1409921899664,0.2606109137339,0.1760645477871,-0.0223537151227,0.4762362054899,-0.1807244609903,-0.4559520514155,-0.4537668717036,0.2726268923438,0.2408220676441,0.0351018490156,0.2480229815122
0.4608759751356,0.5441108939081,0.7926438308493,0.5445759392698,0.0936356797614,0.0774334719235,0.1125069314505,0.7143567408597,0.2467059483753,0.4354989573545,0.1509123009258,0.5305754984866,0.0048669040551,0.5083413167333,0.4869393567787,0.2996135767307,0.1897629048751,0.5762935644199,0.4494355020224,0.4837731655940,0.3256712681137,0.2459607113924,0.5327853439155,0.5189942326141,0.4622880707167,0.5188754987671,0.6463280499996,1.0000000000000,0.3043948610001,0.4469808104804,0.4326189621773,-0.0509225890719,0.1460273746758,0.3356507003153,0.4912273669222,-0.2517660434272,0.3792319965399,0.2882352511651,0.4945083433615,0.0123336307556,0.2253241736103,-0.2032803869801,-0.1688063079130,-0.1429293186777,0.3709611339050,-0.2424893449151,0.2708971110758,-0.0717016512825,0.3283865490173,-0.1290319178429,0.0558596726916,0.1777313422813,0.0038594976590,0.0547958108041,-0.0555712223554,0.1649373222850,-0.1310972084718,0.2777598443906,0.1843957971704,0.1724175305339,0.3072410388610,-0.2574376101952,0.8551582278519,-0.0614062447489,-0.3656201823186,-0.3030821209583,0.2600361432934,0.2026545713488,0.0917632695139,0.2418420620006
0.3619456701378,0.1330861057682,0.3831316609851,0.1910216976962,0.6639916231188,-0.2354426582916,0.0200693989442,0.4877045853706,0.1216737644347,0.1915572496534,0.3610659773144,0.0675974683101,0.4604683984272,0.0049608241975,0.1843634751439,0.1688132456280,0.4226762809405,0.1980270582607,0.0356264405894,0.0412803581011,0.4712061312430,0.7369505344269,0.3886066077767,0.6461414590387,0.6643689188338,0.0182657421441,0.2218146478318,0.3043948610001,1.0000000000000,0.3100863590764,0.5363982769782,-0.0157600480979,-0.1669966375046,0.1749883131121,0.2479566933063,-0.0927734601508,-0.0480845629763,-0.0980215037861,0.0483038882636,0.6312558020191,-0.0529013638082,-0.1818046212104,-0.1646386540574,-0.2121588930001,0.2601573889088,0.1626755765256,-0.2214568547769,0.4974192281529,-0.1990428069262,-0.2978934339698,0.1837891505830,0.4484990953705,-0.1365370660862,-0.2360135139536,-0.1584523544674,0.5108677360127,0.4786810894081,0.1821448025292,0.4703718787648,0.6342651591083,-0.3200563483326,-0.4263219981923,0.2602455797195,0.7672376961443,-0.1843953912482,0.1232494061473,0.0085935151876,-0.0540830847925,-0.0039142105283,0.0178962494038
0.8091916803370,0.5541847750681,0.5381465280860,0.6208600299692,0.4468161433854,0.3118101954830,0.5972840771400,0.6376465136486,0.6255984169462,0.5966879670984,0.5961441522887,0.6981255900326,0.4634402004634,0.2752040595778,0.8480269127928,0.6364681812748,0.1850108867353,0.7351062828151,0.6863774206122,0.6545844940236,0.6142513021293,0.4677285421254,0.5888153000717,0.5792345726678,0.5780353780861,0.0824021508025,0.5867360504456,0.4469808104804,0.3100863590764,1.0000000000000,0.7858314450923,-0.1759337184705,0.4153634826640,0.7284975803561,0.7758192837162,-0.1626354102707,0.4395861816399,-0.1564994021947,0.5473457833472,0.3662676408808,0.5636718006025,0.1725002277301,-0.4797870690426,0.1325458231475,0.6311473303009,0.0046625840891,0.2856769689382,0.3823316864874,0.3459436626609,-0.1295741972706,0.3681880308285,0.1433991248488,0.1682739075561,0.1319144421900,0.1530463503121,0.4476359358481,-0.0672513158152,0.3708943536216,0.1678135174519,0.4051768476207,-0.0305801596064,-0.4641979452159,0.3510694036906,-0.0795268044219,-0.2349694337773,-0.2251330729356,0.3729930928636,0.4224218717736,0.3099866613067,0.4782374743493
0.7442795303624,0.4781442804807,0.5864059164698,0.4836037697819,0.6220136358252,0.0702606824952,0.3242177941823,0.6432961293976,0.3589423375667,0.3778955299375,0.5140182145093,0.4376811882189,0.4652644685190,0.0378716593145,0.6004823457567,0.3952558227243,0.5238234509201,0.6309106241924,0.4316941840245,0.4387907378065,0.6710420994133,0.7379401805822,0.7401535392821,0.8262882878114,0.7297059554462,-0.0194973882552,0.4665539877656,0.4326189621773,0.5363982769782,0.7858314450923,1.0000000000000,-0.2314973053940,0.1422309277241,0.5855400851892,0.7086140596749,-0.1249016300278,0.3584351350780,-0.0898274168423,0.4627403718285,0.5425848719493,0.3307407124717,-0.0642845389588,-0.4635048672733,-0.0406960447331,0.4744020125136,-0.0033215276448,0.0985309034764,0.4206661427910,0.0956266115013,-0.2413696593924,0.2027191211706,0.5008868795318,0.2345021061159,0.0452066624681,0.1819612685482,0.5283149093826,0.2502177227531,0.5301275659420,0.5122484136339,0.5598669633536,-0.1106912093591,-0.4769534333900,0.4165894310720,0.1460745136543,-0.2266200048884,0.0405842794253,0.3252329661236,0.1320168044891,0.2400339726386,0.4610437098220
-0.2068373558509,-0.2008607742264,-0.1523901020744,-0.1527771326847,-0.1821824956235,-0.0516299816228,-0.1575243244307,-0.0478025626931,-0.0995576463290,-0.1105114555314,-0.2206818377392,-0.2104770256845,-0.1859831011563,0.0903527830530,-0.2244555054315,-0.0661276169714,-0.1409569478826,-0.1257898122887,-0.3064514633130,-0.0640743648135,-0.1808756758316,-0.1515995831449,-0.1495194136648,-0.2107301721509,-0.1423878984549,0.1203204884697,-0.1341881768290,-0.0509225890719,-0.0157600480979,-0.1759337184705,-0.2314973053940,1.0000000000000,-0.0660768385043,-0.1584256848874,-0.0835484059690,0.0317573128507,-0.1929626918327,0.0544495735573,-0.1986268677315,-0.1958204929822,-0.1049790356700,-0.0917608880101,0.2684045668394,-0.0937551768901,-0.1148002412357,-0.0699669527648,-0.3012228103752,-0.1723620449154,-0.1773705467004,-0.0259489627999,-0.0359474648433,-0.1246969460226,-0.1300879868739,-0.2708764401438,-0.1694541099610,-0.1749006831345,-0.0386296486670,-0.1800127988912,-0.1261117615437,-0.1805859083439,-0.0232808283058,0.2241443315225,-0.0186712661365,0.1241215705949,0.0818056809637,0.0158705343617,-0.2096383028144,-0.1873015664057,-0.0051610114355,-0.1276192066241
0.2864670959302,0.1416222302393,0.2629819229230,0.2050104133115,-0.0777562445569,0.7274211283802,0.6293347586769,0.1700273646796,0.6034599489505,0.2878786639765,0.2487113843269,0.6028564479826,0.0739714910308,0.3820036696400,0.5804796989174,0.4810800920269,-0.2291279486302,0.2169617379109,0.4859545409008,0.2121444589571,0.1562052460015,-0.1242177917351,-0.0588711109111,0.0140006431480,-0.0403663905921,0.0382283167176,0.1901711803930,0.1460273746758,-0.1669966375046,0.4153634826640,0.1422309277241,-0.0660768385043,1.0000000000000,0.2654495511750,0.1736498277675,-0.2699742912163,0.1447231377622,-0.0450412020148,0.1773937734375,-0.1240978042643,0.6008518351223,0.5277860598916,-0.3727792316072,0.5673792736426,0.2070099921580,-0.0926946419845,0.4637736532057,0.0324468317209,0.5193379189818,0.0708730059078,0.3290557642053,-0.2487794009119,-0.0808539030927,0.3111339600600,-0.0488546997460,0.0345482614751,-0.4090087189299,-0.1784756294340,-0.2146122920993,-0.2079055029388,-0.0334194681700,-0.2791523238000,0.0222886148818,-0.3837789210370,-0.2717782721742,-0.3492257881610,0.1498691842798,0.6147908405249,-0.0638657151695,0.0154757964823
0.5809627946832,0.5236597566366,0.3401705574819,0.4931340595712,0.3236429839095,0.2471289372442,0.3187662757719,0.4400368207709,0.2810299324409,0.4132823695978,0.2917838879170,0.4201932658338,0.2359850274442,0.1544646415077,0.5140691498183,0.4359290493743,0.1557109578919,0.6486867105182,0.4529310542781,0.4152502559995,0.4549513344298,0.3064941810130,0.5448701432603,0.4558130766989,0.4164620214679,0.0412081074482,0.3456488970670,0.3356507003153,0.1749883131121,0.7284975803561,0.5855400851892,-0.1584256848874,0.2654495511750,1.0000000000000,0.6235761849517,0.0104352118678,0.5085215574057,-0.0338552026126,0.5043683721342,0.1844883485464,0.3943974675718,-0.0022808208696,-0.2687627068050,0.0127866062474,0.4362312396798,-0.0562683307494,0.1698240944143,0.1763638909514,0.2180923127404,-0.1245323620143,0.1906073713151,0.1169270097012,0.3366062659815,0.0949488946914,0.1357923578401,0.3345595498480,-0.0515789416329,0.3926911248591,0.2104654987559,0.2902428580111,0.0096280001044,-0.3162284613215,0.3485197016407,-0.1290828003698,-0.0507639778182,-0.0623132485767,0.3272142112546,0.2920061263364,0.6729254188224,0.5255517429377
0.6875245260790,0.6329089764487,0.5790020969309,0.7026082189758,0.2928724317240,0.1736382108554,0.2882729083592,0.6382748859322,0.3076894890553,0.4468441861259,0.3053933430145,0.5544380937063,0.2301459786887,0.2567674565805,0.5637114768125,0.4805230255450,0.2504257565406,0.6970220878838,0.4371787788855,0.6750856206467,0.5333071413020,0.3690714715415,0.7064408465781,0.5952829251306,0.5687200350978,0.3714160680677,0.5791215494546,0.4912273669222,0.2479566933063,0.7758192837162,0.7086140596749,-0.0835484059690,0.1736498277675,0.6235761849517,1.0000000000000,-0.0731259258074,0.5494241307407,0.0347217624768,0.6826786757691,0.1786925780933,0.3925638006278,-0.1454796107752,-0.2660921791754,-0.1466317734527,0.4729603090494,-0.1384143094082,0.2604301994214,0.1620631317287,0.2139018186754,-0.2269835748136,0.2538568700517,0.2190413984666,0.3283511375396,-0.0502073466041,0.1212173366462,0.3828784387049,-0.0355869614185,0.5152791307564,0.2689965070074,0.3530935666172,0.2638769765089,-0.3404949745975,0.4846467778879,-0.0903824721842,-0.1911099510248,-0.1049592253947,0.3376868284718,0.2011257539614,0.3686405148625,0.6903190532929
