1.0000000000000,0.1330458260403,0.3501175001874,-0.0046181437586,0.3504586965826,0.0570586552157,0.1900104387652,0.2755411095778,0.2157107764059,0.2580788225660,0.0465438854081,0.1334709170632,0.2793145800085,0.2658825561095,0.5512795443883,0.3608611700420,0.2786841209985,0.6061414109704,0.1997843740944,0.5481060582053,0.4178371941110,0.1633747727609,0.2265866789853,0.2535557157843,0.0411636027196,0.0147237175521,0.1820935062060,0.0454492304285,-0.0977592833475,0.7487201268937,0.3208851664982,-0.3311954187701,0.0451409027856,0.4692297801894,0.3051731571493,0.5721562825367,0.2918588660704,0.1375286371117,-0.0032862131912,0.2587208919435,-0.0334365718575,0.1059292223611,-0.1407427244082,-0.0545078204635,0.1366935719239,-0.1393528563625,-0.0514630133961,0.1815549121434,-0.0421237075945,0.3770888989303,0.2903402335366,0.3104184370487,0.0285604706154,-0.2192458517935,0.0894943230659,0.3000428725902,0.2425401710265,0.2833987586800,0.0602689462563,0.1365794973398,-0.0198186733890,-0.3524479433609,-0.1399331281943,-0.2674694365158,0.5038274618186,0.2297819313073,-0.2558489228688,0.0416171337266,0.2826241482441,0.2695390501604
0.1330458260403,1.0000000000000,0.1324875132485,0.5764012473630,-0.1792344406064,0.0688336293325,-0.1561843498578,0.2306806988098,-0.0937093803021,0.3273550901239,-0.1430901675333,0.0184762623629,-0.1285983523585,0.1024123823589,0.0266816108016,0.0127917893161,-0.0311297144637,0.2314638308157,-0.0173016242293,0.1118626542905,-0.0542014900708,-0.0000849361140,0.5393134684296,0.0243509112498,0.4728995293006,0.3089283228111,0.1781519996499,0.1420801048508,0.0531654812987,0.1784074386900,0.3322759962103,-0.1662261967382,-0.1724276530130,0.2757906698352,0.4368476210918,0.0683486086166,0.6594344084077,0.1516406051195,0.5281935560215,-0.1291515370948,0.0707111779007,-0.2568301755532,0.2402390111706,-0.1929181483800,0.4149577603753,-0.1954992214603,-0.0476921157192,-0.1829322936911,0.1198364579661,0.0050527821198,-0.0850076807422,-0.0443311589122,0.0663704468579,0.0703670937950,0.0943511917050,-0.0971027528454,-0.0063149815764,0.4730013139949,-0.0324630064185,0.4809246864667,0.2727665621775,-0.0525116757365,0.1033969567749,0.0642997550937,0.1758212862062,0.2238088110386,-0.1770208873322,-0.1039219221628,0.2739626994783,0.3900648975752
0.3501175001874,0.1324875132485,1.0000000000000,0.3122084061145,0.2210605537502,-0.0223439992490,-0.2234438142345,0.5333615514186,-0.1435365058929,0.3709894341428,-0.2265741910834,0.0187976700046,0.0454507680626,0.2053134673115,0.2138667044046,0.1682778942769,0.4418056049768,0.3017159422471,0.2515292090649,0.3387934505343,0.2748622004887,0.3648306440247,0.2178578810915,0.5329486322765,0.2978678202466,0.2623942218504,0.2162305157064,0.6126384684689,0.1755205952414,0.2125251108894,0.2542201607087,0.0553163737011,-0.1947030549396,0.2108141413734,0.1269622383225,0.0562112837259,0.1663351989777,0.6020145109134,0.2396259726695,0.1933454520899,-0.0603466883937,-0.3749587397740,0.0379440605464,-0.3293301637362,0.1518019494953,-0.3474240348521,-0.1345081283179,0.0027401575269,0.0179040720107,-0.1815760161320,0.0463214842829,0.3516598429610,-0.1523102749891,-0.1521759055825,-0.0726077333891,0.2073572262793,0.2407093520474,0.2093712335229,0.3207525363331,0.2383969405001,0.2256653851327,-0.3098797318963,0.4898422842783,-0.0327944354496,-0.0754899721437,-0.0785443275730,-0.1201569409390,-0.0372187887283,0.0411051743698,-0.0417272806250
-0.0046181437586,0.5764012473630,0.3122084061145,1.0000000000000,-0.0861585630047,0.0746238038311,-0.1745664749873,0.4002041375990,-0.0880031326584,0.5233819255257,-0.0684535165150,0.0914774030132,-0.1395796352077,0.2198101793988,0.1748243456035,0.0152691947402,-0.0660630568221,-0.0256034850766,0.1627253920666,0.1090755026798,-0.0319717115066,0.0776157014778,0.3450627653423,0.1059584246141,0.5875183813249,0.4802696412258,0.1340800199664,0.2965892553741,0.1716030536870,0.0267702298250,0.1334365431291,0.1642473836493,-0.1799774933605,-0.0523914343321,0.1724503557496,-0.0841006500117,0.2794581809281,0.2707260643808,0.8885391277023,-0.0625387706989,0.0515045971854,-0.3919502968280,0.2884868873272,-0.1563047884708,0.5503143377058,-0.1626079829339,0.0674872234650,-0.1834536531278,0.2505061987111,-0.0991982845235,-0.2849868194152,-0.1612008175796,-0.1884233796038,0.1463440787014,0.0314184737698,-0.0554154697205,-0.1102443878639,0.2674828693572,0.0478847963568,0.4260654294630,0.4167790732649,-0.1078033157457,0.3272081844174,0.2173108299191,-0.1605885468183,-0.1811512091127,-0.0038893445846,0.0334898602081,-0.0106443459196,0.0878781692718
0.3504586965826,-0.1792344406064,0.2210605537502,-0.0861585630047,1.0000000000000,0.1086482049861,0.3816571582651,-0.0532064255786,0.1983022468504,0.1760095368293,0.3501150075038,0.0060983508752,0.7660968841111,0.0250980580520,0.0873586012606,0.4468150783337,0.3842634953151,0.1268739810390,0.0147235715549,0.0623513578176,0.8580294927886,0.5917803477761,0.0221480437394,0.4398060903502,0.0250108393078,-0.1820643704525,0.0007838137625,-0.0048990826970,0.3492016208472,0.4460878363897,0.2841295238955,-0.2088932838407,0.0176634966101,0.3678713071576,-0.0512604525258,0.2734794088431,-0.1375395080249,0.0647212324482,-0.1555332730683,0.9323591994819,-0.0423292217898,0.2275620307248,-0.3561150921638,-0.0428292491117,0.1520711340613,0.1496396222468,-0.0939323269262,0.7190598344390,-0.2976404659074,0.0204853210333,0.2745430508795,0.3840146613801,-0.1340702413025,-0.2677257716300,-0.2653880870500,0.8381149906581,0.5217352167124,0.1223556334825,0.3922533195070,0.0876054524492,-0.2635850920762,-0.3179045367097,-0.0181810140939,0.1962964689497,0.2376647067049,0.1672451850352,-0.1257182898891,0.1780799092724,0.1428561419553,-0.0900428918679
0.0570586552157,0.0688336293325,-0.0223439992490,0.0746238038311,0.1086482049861,1.0000000000000,0.4524790546285,0.0572196218021,0.5416127119617,0.1744505203258,0.2918754825006,0.3217446274426,0.1161634953424,0.3507529807263,0.3265520019314,0.1405330377201,-0.1426536797723,-0.0319549646099,0.2341341967881,0.0759152617665,0.0859102063960,-0.0967518760124,-0.0604344958688,-0.2030181932136,0.0994882593019,0.0246352272771,0.2506937256443,0.0716657826102,-0.0949924093244,0.2557144796692,-0.0512493862059,-0.0998548228296,0.4547830848902,0.0206564532569,-0.0690686501569,-0.1595061974459,-0.0598664178478,-0.1549459128396,0.0589698914001,0.1243770707571,0.6682985845484,0.3189969661434,-0.1696640768675,0.3526629430092,0.2570060346355,0.0946945284079,0.1870260304979,0.1051225301268,0.1732526091722,0.3226934773645,0.2362162143785,-0.1513794838436,-0.2846438690894,0.1108699270909,-0.2535387563627,0.1158343847940,-0.1876273438859,-0.1167569444155,-0.2697141455142,0.0691606939638,-0.1139575007956,-0.1416959060320,0.0040190761606,-0.0472611642768,0.1480027968542,-0.1579705819638,-0.1147770785023,0.4748702582910,-0.0773988715642,0.0293334812744
0.1900104387652,-0.1561843498578,-0.2234438142345,-0.1745664749873,0.3816571582651,0.4524790546285,1.0000000000000,-0.0885847464266,0.7162966282788,-0.0829846803238,0.8121904351674,0.3168980813776,0.6364832197941,0.1707004566443,0.3145628164665,0.3053351880114,-0.1298016989357,0.0345122856765,0.1892317140604,0.1380683233588,0.3235924885471,0.0861330976777,-0.1523277925163,-0.1620124933006,-0.0612220937410,-0.3229528518622,0.3380353046925,-0.1680286560463,0.2560416002119,0.3159136760350,-0.0016817804458,-0.1432409826336,0.4556513268609,0.0506423411258,-0.2556125920428,-0.0053596317397,-0.3776953836663,-0.4639775317432,-0.2208914172876,0.4260285435614,0.1425619047518,0.8494090437542,-0.3252117226039,0.5114279055725,0.0853739888671,0.6717538940625,-0.0639840090763,0.6385908667898,-0.1896276433905,0.2874234174679,0.3323399624973,-0.1263371765079,-0.3378486260921,-0.1052087457350,-0.4277099008118,0.4197266911152,-0.0263931221804,-0.2751292083823,-0.1460631895024,-0.0898530896012,-0.5978119967751,-0.1364406640412,-0.3095995828312,0.2964784969137,0.1590709965905,-0.1307633376248,0.0166740708526,0.2922680984274,-0.0665056397783,-0.2184835004447
0.2755411095778,0.2306806988098,0.5333615514186,0.4002041375990,-0.0532064255786,0.0572196218021,-0.0885847464266,1.0000000000000,0.0960280161087,0.6073046004477,-0.0566263715175,0.0308584673747,-0.1093133959045,0.3908021287596,0.4037677619466,0.1434519128854,-0.0704579115664,0.1861898839289,0.1801437744124,0.2571356936548,-0.0374493715242,-0.1644680952638,0.2894066640203,-0.0705348766671,0.6758999517712,0.3113848612235,0.3448363238500,0.3623796243268,0.1410030769163,0.1133641146075,0.0485674168803,0.0093580552986,-0.0915585613304,0.0182459743566,-0.0412734083139,-0.0250671786968,0.2544653519523,0.2839183870809,0.3660290739191,-0.0327647710425,-0.0677400704501,-0.2157747665059,0.5155709389175,-0.1041536797704,0.4745553972445,-0.1681501426203,-0.1568332708916,-0.1593047497973,0.2125833802342,0.1628794328476,0.0443008329791,-0.1000733596827,-0.3035530012166,-0.1144545680985,-0.1347768422821,-0.0702802929718,-0.2103064240574,0.1751208131168,-0.2115329707659,0.5177270371934,0.1823442588370,-0.2148124323782,0.1911807596068,0.0655435730145,-0.0708931023877,-0.1647614313170,-0.0924474606450,-0.0939882453635,-0.0711710179085,-0.0900705712735
0.2157107764059,-0.0937093803021,-0.1435365058929,-0.0880031326584,0.1983022468504,0.5416127119617,0.7162966282788,0.0960280161087,1.0000000000000,-0.0098244307911,0.6204096469034,0.3581275830569,0.2934586683887,0.3104147385433,0.4723773026219,0.2020251807692,-0.1948740846215,0.0808852284477,0.2234007617368,0.1306904844066,0.1291909192870,-0.1459324355305,-0.0361647719323,-0.2844026713548,0.0177068782507,-0.1903543466122,0.5044351412229,-0.1352082186140,0.1209156311733,0.3226564616686,0.0097643887955,-0.2242709833808,0.3401554911124,0.0647154849275,-0.1913387405740,0.0871333800507,-0.1338502460092,-0.3726644654787,-0.1057236326764,0.1947272609112,0.2390316302836,0.6189449842925,-0.1655151466376,0.6825257534528,0.0956139716413,0.3749643836707,0.0507452407062,0.2765646369868,0.0381752920450,0.4266809349201,0.3209570205408,-0.1660021690852,-0.2809103055478,-0.0604564652667,-0.3741371700806,0.1771695140549,-0.2045261364364,-0.1281756195211,-0.3534081934870,0.0102095744923,-0.3740246304726,-0.0781302383556,-0.3485667791424,0.0877807212599,0.2728569484970,-0.0811027058898,-0.0799700128456,0.2090663123679,-0.0409959364267,-0.0615731249307
0.2580788225660,0.3273550901239,0.3709894341428,0.5233819255257,0.1760095368293,0.1744505203258,-0.0829846803238,0.6073046004477,-0.0098244307911,1.0000000000000,-0.0554247077294,0.0728212910184,-0.0127884186900,0.5363086085505,0.3921357782472,0.2354749855008,-0.1244496991236,-0.0268259241706,0.2197363173621,0.1874677041176,0.1192299293962,-0.0871532350650,0.2266121033321,-0.0830802274010,0.7459441775481,0.4877567234602,-0.0064703067669,0.3587377144391,-0.0306540614943,0.1847899460766,-0.0379733400131,-0.0115551399828,-0.1028859635446,0.0372000300079,-0.0040694195114,-0.0088947336539,0.3566846093500,0.2116007701579,0.5320552435566,0.1978644895502,0.0917743951531,-0.2366059737119,0.3305909985284,-0.0873249717010,0.8135508038331,-0.2124053120504,-0.0526886352928,-0.0555300218006,0.3964490615815,0.2932864223135,0.0383846924691,-0.1433326365143,-0.4849109088858,-0.0290092745173,-0.1117762563641,0.0813864803256,-0.0811966523627,0.2025759065048,-0.1740913842804,0.6081961350636,0.3778265139114,-0.3904411496416,0.2805867186705,-0.0387698614478,0.0624950708169,-0.1018475266198,-0.1638539090708,0.0469254611619,-0.0788732667868,-0.0498310449664
0.0465438854081,-0.1430901675333,-0.2265741910834,-0.0684535165150,0.3501150075038,0.2918754825006,0.8121904351674,-0.0566263715175,0.6204096469034,-0.0554247077294,1.0000000000000,0.1846592468225,0.5350690781247,0.0928534703102,0.2096138265941,0.1062874397224,-0.1408290104652,-0.0518394603663,0.1154072983143,0.0858608924151,0.2076478868365,0.0915110923946,-0.0526170052612,-0.1782600372681,0.0417305069627,-0.2900810089452,0.3068070775248,-0.1118839466921,0.3260628781550,0.1728218717895,-0.0671040777242,-0.1268949780075,0.2678988087732,-0.0616858945528,-0.3525351273958,-0.0549554045973,-0.3777467363547,-0.4484952157810,-0.1211027346945,0.4557180362761,0.0188386278723,0.6862545773055,-0.1357711025449,0.5213946132045,0.1292286761510,0.8494325951776,-0.1820531582166,0.5626174690713,-0.1768223527315,0.1850020071207,0.1132783315487,-0.1382227664613,-0.3924646541165,-0.0815934076996,-0.4089680672454,0.3539457458816,-0.0601251369806,-0.2089607707512,-0.1285979027300,0.0135917437330,-0.5223878386810,0.0151942614021,-0.2363104145433,0.4442440844205,0.0550134799629,-0.2059809797437,0.0290396424182,0.1521529261707,-0.1408861540490,-0.3327080055262
0.1334709170632,0.0184762623629,0.0187976700046,0.0914774030132,0.0060983508752,0.3217446274426,0.3168980813776,0.0308584673747,0.3581275830569,0.0728212910184,0.1846592468225,1.0000000000000,0.0173978658009,0.5299181554679,0.4691782390176,0.3101145137530,-0.2069564257820,-0.0046435063203,0.6412638868925,0.3524708001491,-0.0228511874949,-0.1541420735939,-0.2129460681186,-0.1074535769254,-0.1153989766154,0.2856335776087,0.2058173734207,0.2863809883946,-0.2346721272963,0.1517409954029,-0.1863313724138,0.2326852332082,0.5218734899728,-0.0370875205708,0.1061128368648,-0.1965194916040,-0.1009594556975,-0.2698234571989,0.1655884745859,-0.0379594461529,0.2082792827366,0.1574698072555,-0.2745256045353,0.2987690000443,-0.0028979397867,0.0647026659213,0.6511940703057,-0.0064353953457,0.4322830825534,0.1515501542036,0.1927514516107,-0.2592722079051,-0.2324942655153,0.4129487588830,-0.0429437369516,-0.0201560119204,-0.3481737943125,-0.2875576724460,-0.2438964049586,-0.2445477113208,0.1460354712621,-0.1741936049695,0.1726593292168,-0.1990690420162,-0.0961000443153,-0.4425938818640,0.1612318702493,0.3055047226248,-0.1600257108569,-0.0191480182419
0.2793145800085,-0.1285983523585,0.0454507680626,-0.1395796352077,0.7660968841111,0.1161634953424,0.6364832197941,-0.1093133959045,0.2934586683887,-0.0127884186900,0.5350690781247,0.0173978658009,1.0000000000000,-0.0628145934295,0.0821188930185,0.4272335329191,0.2484009320453,0.1981016648436,-0.0070559548847,0.1069986006836,0.8239973396245,0.5287321071329,-0.0684571269727,0.2979900738765,-0.0635600177364,-0.3800980618389,0.0738127065309,-0.1731305655389,0.4364569958664,0.4153798724324,0.2987856595648,-0.2260495393021,0.1223814173545,0.3713609791072,-0.0665500055156,0.2074350760172,-0.2241663395191,-0.1100398069978,-0.2113676362048,0.7856584452569,-0.1017690296839,0.4993793749162,-0.3781133330698,0.0567977382588,0.0744565323153,0.4490711996404,-0.1889229371572,0.9574416117511,-0.4426906258844,0.0222222576344,0.3118242370359,0.2472170936399,-0.0578280778694,-0.2498238164934,-0.2501787837511,0.8655151250157,0.4630888222106,-0.0457788872204,0.3319850663060,-0.0268161498807,-0.5327216542129,-0.2583300507666,-0.2305431908204,0.3431893473107,0.2526566340372,0.1990846225655,-0.0612763221850,0.1495668099235,0.1717636432792,-0.1446317558292
0.2658825561095,0.1024123823589,0.2053134673115,0.2198101793988,0.0250980580520,0.3507529807263,0.1707004566443,0.3908021287596,0.3104147385433,0.5363086085505,0.0928534703102,0.5299181554679,-0.0628145934295,1.0000000000000,0.6397758508469,0.2874389332288,-0.2755073153105,-0.0356086329929,0.5905241541538,0.3286349395471,-0.0152291355360,-0.2924438543697,-0.0732074402860,-0.2443496637828,0.2643647868234,0.5037802316150,0.1087637105249,0.3981840286088,-0.3057375276285,0.1834262847586,-0.2765725142937,0.0513084940839,0.1387364499473,-0.1038523174095,-0.0667421240157,-0.1414889506115,0.1130490671169,-0.0721685403899,0.2727080326587,-0.0131761422318,0.1883994379729,0.0436536757284,0.0446903400362,0.2485882438891,0.3704218470488,-0.0622521346329,0.3131760121429,-0.1100394753623,0.7018830822073,0.4747125520606,0.1512046727259,-0.2979047936738,-0.4580046300984,0.2779298340413,-0.1373197193874,-0.0120682178690,-0.3342110761091,-0.1514080546853,-0.3528336868245,0.0992889591912,0.2846249892032,-0.4064323168866,0.2353696054443,-0.3029654685010,0.0246988954975,-0.3266641436525,-0.1443200914324,0.1710273866412,-0.2344604111529,-0.0847589711765
0.5512795443883,0.0266816108016,0.2138667044046,0.1748243456035,0.0873586012606,0.3265520019314,0.3145628164665,0.4037677619466,0.4723773026219,0.3921357782472,0.2096138265941,0.4691782390176,0.0821188930185,0.6397758508469,1.0000000000000,0.2852982829073,-0.1932416236964,0.2840669297330,0.5763160644776,0.5901786468310,0.0871232554484,-0.1448779489123,-0.0085027959965,-0.1327782990377,0.1111254992619,0.2025767093205,0.2874173371247,0.2021969169659,-0.1583736857155,0.4754165055372,-0.1163920676433,0.0420264699475,0.3088837605327,0.0674127665181,0.0448777973608,0.1747876037173,0.0700234883589,-0.1142308325643,0.2271862516917,0.0603937666023,0.2315749947783,0.2303520119066,-0.0008037311394,0.3324645038991,0.2800618374854,-0.0048008940558,0.2072736864496,0.0139200929163,0.4173492033556,0.5592855023538,0.2652016181647,-0.2114361192833,-0.2726086121228,0.1875061379887,0.1084337689930,0.0501328450568,-0.2299952320713,-0.0569749938532,-0.2502729549276,0.0222639272031,0.1121238304532,-0.2625854950923,-0.0010151313213,-0.1927107919917,0.2778789512124,-0.2565729373843,0.0117597690862,0.3149639270191,0.0038244904946,0.0172397405214
0.3608611700420,0.0127917893161,0.1682778942769,0.0152691947402,0.4468150783337,0.1405330377201,0.3053351880114,0.1434519128854,0.2020251807692,0.2354749855008,0.1062874397224,0.3101145137530,0.4272335329191,0.2874389332288,0.2852982829073,1.0000000000000,0.1786224650320,0.1503639484054,0.1271012205291,0.1777783016580,0.5020866501765,0.2869638115074,-0.0524088073823,0.2617654966387,0.0949917561586,0.1568199978014,-0.0129820221148,0.0296593273509,0.1002285726186,0.4906619301456,0.1308201908624,-0.0202350960694,0.2879926880808,0.4192108876466,0.2179937710096,0.2909724065066,0.1235610426368,-0.1028913558308,-0.0060081099484,0.4319778968460,0.1027015540753,0.1740717861307,-0.2194717073870,-0.1083177363321,0.0981007610692,-0.0824819746618,0.1530485040532,0.3716419638573,0.1408862402485,0.1392079424642,0.7246076224485,0.1729408446839,-0.1048435725866,-0.2426951619471,-0.1849913978160,0.4341653895405,0.2650971211632,0.0472283800789,0.2040663455699,0.1292298055349,0.0540912192057,-0.4962975591819,-0.0377223015078,-0.0967286635559,0.2924577285287,0.0124014356051,0.0297193244106,0.3113607190260,0.2376140457530,0.1670282911813
0.2786841209985,-0.0311297144637,0.4418056049768,-0.0660630568221,0.3842634953151,-0.1426536797723,-0.1298016989357,-0.0704579115664,-0.1948740846215,-0.1244496991236,-0.1408290104652,-0.2069564257820,0.2484009320453,-0.2755073153105,-0.1932416236964,0.1786224650320,1.0000000000000,0.2714757604001,-0.1867376880485,0.0690596038925,0.4349365833315,0.5874054574553,0.2964907064701,0.7046195031292,-0.1025004577925,-0.0756164689141,0.0232035097694,0.1483918818929,0.2239302917834,0.2857430639196,0.4286993026632,-0.1856138851019,-0.1710362855335,0.4183298389820,0.2594223935388,0.3169490330966,0.0910345757374,0.3353796591710,-0.1541232301785,0.3192001886154,-0.0940412083959,-0.2358476366334,-0.2973736685959,-0.4598689824686,-0.1983596013285,-0.2597921957934,-0.2186773965862,0.2127776202266,-0.3606791291648,-0.2948604898635,0.1296106505029,0.9363845751995,0.2127648277066,-0.3937970470143,-0.0635226656613,0.3623328756807,0.6019755495228,0.3781577902871,0.5846525427853,0.0705567597232,-0.0338314315934,-0.1887898632929,0.1249767809068,-0.0598400309093,0.1078560124884,0.2834184991102,-0.1439154556044,0.0084483247368,0.2523237363900,0.2205211319595
0.6061414109704,0.2314638308157,0.3017159422471,-0.0256034850766,0.1268739810390,-0.0319549646099,0.0345122856765,0.1861898839289,0.0808852284477,-0.0268259241706,-0.0518394603663,-0.0046435063203,0.1981016648436,-0.0356086329929,0.2840669297330,0.1503639484054,0.2714757604001,1.0000000000000,0.0299893322264,0.6344968897887,0.2817435447556,0.1879443696644,0.2441279713413,0.3213417377203,-0.0700512827045,-0.1495525039247,0.3882620735431,0.0870011377123,0.0031635677303,0.5448083589429,0.5621461424478,-0.1320918339235,-0.0206140100823,0.5786587577426,0.5486672443394,0.3981573635490,0.3233546899084,0.1220788235566,-0.0530912532118,0.0976971309981,-0.0632781690860,-0.0270287859794,-0.1423091177861,-0.1851999712678,-0.1102282433640,-0.1665131870584,-0.1687816237958,0.1015303187252,-0.1912802409256,0.1145732586249,0.1771413107234,0.2896432566168,0.4964140260706,-0.1409073517544,0.3474471026105,0.1883229697586,0.2378777131957,0.3101749287339,0.1850142107141,0.0468571365740,-0.1203511081073,-0.0559597698533,-0.1081562991114,-0.2081153014475,0.3879552544213,0.3618949042606,-0.0491592814206,-0.0163001416609,0.5085359016107,0.4359249610780
0.1997843740944,-0.0173016242293,0.2515292090649,0.1627253920666,0.0147235715549,0.2341341967881,0.1892317140604,0.1801437744124,0.2234007617368,0.2197363173621,0.1154072983143,0.6412638868925,-0.0070559548847,0.5905241541538,0.5763160644776,0.1271012205291,-0.1867376880485,0.0299893322264,1.0000000000000,0.5351842594958,-0.0029662395661,-0.0885216682188,-0.2108693807608,-0.0584675447754,-0.0527310940617,0.2355569324661,0.1594484743868,0.4206061091426,-0.1332183956963,0.1084594031434,-0.1931320794432,0.1675702637099,0.1967319146685,-0.1826534174409,-0.0326027776145,-0.2458931988133,-0.1299612394792,-0.0440618995724,0.1709710636589,-0.0262050856179,0.1453153719117,0.0330252793127,-0.1735083188358,0.1927471681727,0.0873352765002,0.0760651578967,0.4080804021038,-0.0208754811771,0.3419604020923,0.1569222354630,-0.0294757838166,-0.2485691946559,-0.3432641716265,0.5232019060819,0.0184583494398,0.0184957370934,-0.2505846730976,-0.2894135608547,-0.1698447027403,-0.2268922323019,0.1213971413863,-0.2296204691172,0.2435146984299,-0.1367257864373,-0.1290309573055,-0.3708366316978,-0.0578034681383,0.2527015277142,-0.2801018018703,-0.1631957735049
0.5481060582053,0.1118626542905,0.3387934505343,0.1090755026798,0.0623513578176,0.0759152617665,0.1380683233588,0.2571356936548,0.1306904844066,0.1874677041176,0.0858608924151,0.3524708001491,0.1069986006836,0.3286349395471,0.5901786468310,0.1777783016580,0.0690596038925,0.6344968897887,0.5351842594958,1.0000000000000,0.1309513723649,0.0669387105351,0.0281617372320,0.1574020606201,-0.0495678867625,0.1629516294613,0.3052029971139,0.4268864705876,-0.0643929676207,0.3697884329212,0.1529890503901,0.2036729150896,0.1650439747003,0.1928449034176,0.2885710232394,0.0530148873618,0.1199650296482,-0.0345222763428,0.0965359212340,0.0370436422714,0.0667150080888,-0.0062571408806,-0.1619615960550,-0.0778324779558,-0.0114287538048,-0.0187291726395,0.0190987670845,0.0370176888635,0.1302925638697,0.1267313218797,0.0922341353989,0.0092115896785,0.0108025870829,0.1590759160031,0.3048800750338,0.0822723799796,-0.0423704283743,-0.0092211764202,0.0224521767260,-0.0900264749755,0.0882173469264,-0.1918935137883,0.1444503766818,-0.2256677303265,0.0459597622685,-0.1408078081159,0.1119012669071,0.2089327658861,0.0723219654093,0.0785881519966
0.4178371941110,-0.0542014900708,0.2748622004887,-0.0319717115066,0.8580294927886,0.0859102063960,0.3235924885471,-0.0374493715242,0.1291909192870,0.1192299293962,0.2076478868365,-0.0228511874949,0.8239973396245,-0.0152291355360,0.0871232554484,0.5020866501765,0.4349365833315,0.2817435447556,-0.0029662395661,0.1309513723649,1.0000000000000,0.6748143911300,0.0377222075063,0.5727100880041,-0.0414661736999,-0.1933681386144,-0.0584357958914,-0.0770144010871,0.3242470049972,0.5471005401109,0.4372523390956,-0.2315632237210,0.0155406747410,0.5443539969535,0.1716903757695,0.3406890055458,0.0106289643792,0.1276286303418,-0.1061163088236,0.7894463844629,-0.0326841541767,0.1690006999779,-0.4069844280560,-0.1807222362970,0.0830151801674,0.0431641042885,-0.0801440407152,0.7615013571333,-0.3216884683688,-0.0366893347414,0.3396597738668,0.4288441086232,0.0543100461616,-0.2688459813214,-0.1664114477210,0.9339115029802,0.6231540404905,0.1869974848729,0.5244706264903,0.0487741744604,-0.2352463455889,-0.4453118907403,-0.0704195198554,0.0974356310119,0.3443830087017,0.2990383535962,-0.1293023766405,0.2102092797573,0.3085543757052,0.0841245358057
0.1633747727609,-0.0000849361140,0.3648306440247,0.0776157014778,0.5917803477761,-0.0967518760124,0.0861330976777,-0.1644680952638,-0.1459324355305,-0.0871532350650,0.0915110923946,-0.1541420735939,0.5287321071329,-0.2924438543697,-0.1448779489123,0.2869638115074,0.5874054574553,0.1879443696644,-0.0885216682188,0.0669387105351,0.6748143911300,1.0000000000000,0.0813478437440,0.8674814871640,-0.0834547102439,-0.2085334712260,-0.1275085516753,-0.0302346118185,0.5446149762480,0.3500865498304,0.5490890749805,0.0085093032459,-0.0567611145513,0.4526193306888,0.2481004073498,0.2548353775609,-0.0649554478790,0.2170481916122,-0.0635691886171,0.6102078332597,-0.1373194468997,-0.0294143895258,-0.3812851425421,-0.3402935219622,-0.1193474928359,0.0459016262266,-0.1889555903352,0.5416034750811,-0.4480599777096,-0.3418967268693,0.1226480848672,0.5439611933577,0.1249275014513,-0.2516404924686,-0.0847978440791,0.6559732292228,0.8481017814777,0.2122709265351,0.8794564991912,0.0167286210549,-0.1962844476735,-0.3341477599357,0.0702424934864,0.2975957749457,0.1597581361971,0.2817502089201,0.0993270803247,0.1425165452420,0.3453165635147,0.0778450631976
0.2265866789853,0.5393134684296,0.2178578810915,0.3450627653423,0.0221480437394,-0.0604344958688,-0.1523277925163,0.2894066640203,-0.0361647719323,0.2266121033321,-0.0526170052612,-0.2129460681186,-0.0684571269727,-0.0732074402860,-0.0085027959965,-0.0524088073823,0.2964907064701,0.2441279713413,-0.2108693807608,0.0281617372320,0.0377222075063,0.0813478437440,1.0000000000000,0.0912978161847,0.3949034079076,0.1309874723037,0.2293381071519,0.0921840201634,0.1142338882124,0.2611323844577,0.3963342154440,-0.2936341866203,-0.1852479476789,0.2426646903097,0.1801418759659,0.2459905277688,0.3927940636461,0.1808987524415,0.2579792272189,0.0353378507578,-0.0849786090740,-0.2154729976549,0.2505703391436,-0.2339285851393,0.3354878303371,-0.1702119424110,-0.3183387312665,-0.0924495398596,-0.0752567103770,0.0737183926611,-0.0304404315197,0.3361657538839,0.0155130441487,-0.2784353357094,-0.0144896808354,0.0238581510549,0.1423089511002,0.8734956085408,0.0226027550519,0.4949894906308,0.0962437514880,-0.1057044900273,0.0172794082897,0.0291335502626,0.2761926045284,0.2870993795773,-0.1875193220164,-0.1594810713196,0.2450814990006,0.3410045923526
0.2535557157843,0.0243509112498,0.5329486322765,0.1059584246141,0.4398060903502,-0.2030181932136,-0.1620124933006,-0.0705348766671,-0.2844026713548,-0.0830802274010,-0.1782600372681,-0.1074535769254,0.2979900738765,-0.2443496637828,-0.1327782990377,0.2617654966387,0.7046195031292,0.3213417377203,-0.0584675447754,0.1574020606201,0.5727100880041,0.8674814871640,0.0912978161847,1.0000000000000,-0.1438010202773,-0.0438350052007,-0.1407838878672,0.1078391925578,0.3050298615872,0.3294232967493,0.5444507255189,0.0397128299368,-0.1156991105978,0.4982753005425,0.4555239936816,0.2710386665495,0.0953139466676,0.3739056400431,-0.0080317895614,0.3806325226443,-0.1434609798562,-0.2835038541786,-0.3526249780097,-0.4979793508448,-0.2187590847297,-0.2403892115798,-0.1044597739242,0.2798736762921,-0.3187249294001,-0.4168043888751,0.1007768153521,0.6489213576444,0.2832028009846,-0.2523666468967,0.0324767369440,0.4881081627905,0.7595900457048,0.2626119979902,0.8809733964567,-0.0405029332022,0.0366085750493,-0.3504694798046,0.1911180067216,0.0159976448474,0.0737959916036,0.2546126247832,0.0667952545113,0.0717029829459,0.3763083432813,0.2332271332994
0.0411636027196,0.4728995293006,0.2978678202466,0.5875183813249,0.0250108393078,0.0994882593019,-0.0612220937410,0.6758999517712,0.0177068782507,0.7459441775481,0.0417305069627,-0.1153989766154,-0.0635600177364,0.2643647868234,0.1111254992619,0.0949917561586,-0.1025004577925,-0.0700512827045,-0.0527310940617,-0.0495678867625,-0.0414661736999,-0.0834547102439,0.3949034079076,-0.1438010202773,1.0000000000000,0.2872497705956,0.1748311728230,0.2425698262829,0.2880630611689,0.0236541146095,0.0851968592462,-0.0787708377368,-0.2001661244143,0.0254110726683,-0.0694846807551,-0.0879042343361,0.3247683813415,0.1966161917154,0.5397292914224,0.1114642988192,-0.0025386601897,-0.2142554503023,0.5441433073556,-0.0945371477312,0.7871101679820,-0.0692147520822,-0.2731963522956,-0.0825901791272,0.1539650088891,0.1231113948239,-0.0792408348626,-0.1283940350861,-0.4278352245573,-0.1652399312767,-0.2846176024498,-0.0450602393857,-0.1087561306185,0.2745947173450,-0.1902403025546,0.8712733775547,0.1502391256583,-0.2065803097677,0.1987438085846,0.2926269576886,-0.0311681957595,-0.0584393731450,-0.1595293282589,-0.1336202920975,-0.0513753542440,-0.0723035447817
0.0147237175521,0.3089283228111,0.2623942218504,0.4802696412258,-0.1820643704525,0.0246352272771,-0.3229528518622,0.3113848612235,-0.1903543466122,0.4877567234602,-0.2900810089452,0.2856335776087,-0.3800980618389,0.5037802316150,0.2025767093205,0.1568199978014,-0.0756164689141,-0.1495525039247,0.2355569324661,0.1629516294613,-0.1933681386144,-0.2085334712260,0.1309874723037,-0.0438350052007,0.2872497705956,1.0000000000000,-0.0342493241105,0.5198710467361,-0.3071555482459,-0.0427457455534,-0.2735874117565,0.3204075576053,-0.0301399246858,-0.1243634800434,0.1599191799091,-0.1003977800481,0.2363651911766,0.1143139343446,0.5814076267578,-0.2056301568671,0.1070609597113,-0.4660938583147,0.1978040143130,-0.2544357825548,0.3108295501154,-0.3938867092459,0.2222686019212,-0.4060073559453,0.6916212236354,-0.0262990395379,0.0005511479893,-0.1306630222363,-0.2186184939894,0.0714617051939,0.0307351729236,-0.2388127791590,-0.3021394189381,0.0941743938235,-0.1416735287461,0.1746171516557,0.8317798365427,-0.1749923653915,0.4822464979196,-0.2690980190300,-0.2502774463465,-0.4196204877813,0.0924536543306,0.1295373695554,-0.1831767677881,0.1101855058494
0.1820935062060,0.1781519996499,0.2162305157064,0.1340800199664,0.0007838137625,0.2506937256443,0.3380353046925,0.3448363238500,0.5044351412229,-0.0064703067669,0.3068070775248,0.2058173734207,0.0738127065309,0.1087637105249,0.2874173371247,-0.0129820221148,0.0232035097694,0.3882620735431,0.1594484743868,0.3052029971139,-0.0584357958914,-0.1275085516753,0.2293381071519,-0.1407838878672,0.1748311728230,-0.0342493241105,1.0000000000000,0.2226402522352,0.1369777071323,0.1973226486404,0.1913758417396,0.0158753160652,0.0227569767084,0.1063602123891,0.0108748673071,0.0486354522979,0.0220483698627,-0.0911282516108,0.0691231206739,0.0353123876930,0.0543861609186,0.1703778320932,-0.0401889166889,0.2352573347122,0.0652819730896,0.1018403709515,-0.1182267954784,0.0287714948583,-0.0651375269260,0.0944675164602,0.0741128996878,-0.0138609507143,-0.0520925583479,-0.0849942777545,-0.2046652710643,-0.0500862108826,-0.2570499676226,0.0636850449602,-0.2807339367908,0.1567849847838,-0.2435406657297,0.2440162876101,-0.1161150851167,0.0856221752084,0.0404109986499,-0.1066790116433,0.0025533040584,0.0084796976311,0.0868274386673,0.0091177122935
0.0454492304285,0.1420801048508,0.6126384684689,0.2965892553741,-0.0048990826970,0.0716657826102,-0.1680286560463,0.3623796243268,-0.1352082186140,0.3587377144391,-0.1118839466921,0.2863809883946,-0.1731305655389,0.3981840286088,0.2021969169659,0.0296593273509,0.1483918818929,0.0870011377123,0.4206061091426,0.4268864705876,-0.0770144010871,-0.0302346118185,0.0921840201634,0.1078391925578,0.2425698262829,0.5198710467361,0.2226402522352,1.0000000000000,-0.0611403460250,-0.0875950303151,-0.1141342945404,0.3322920379306,-0.0072295026194,-0.0681268752466,-0.0347101727069,-0.3197932589257,0.0665778024220,0.1971067428155,0.2897423943731,-0.0071576392628,0.0587902103413,-0.3657140446869,0.0059359045475,-0.1996958514581,0.1726599858505,-0.1821914826148,-0.0249988674878,-0.1961364798593,0.3039951399765,-0.1414103283289,-0.0921400771372,0.0587629879229,-0.3374022187171,0.1104806398470,-0.0667441071362,-0.0524172029126,-0.1866819749841,-0.0006147184525,-0.0391877579374,0.1001353000004,0.3698876882866,-0.1672844599267,0.7221034110769,-0.1151461440140,-0.3729243497559,-0.4321460653473,0.0288192131785,0.0696404141473,-0.2307476281986,-0.2110570049410
-0.0977592833475,0.0531654812987,0.1755205952414,0.1716030536870,0.3492016208472,-0.0949924093244,0.2560416002119,0.1410030769163,0.1209156311733,-0.0306540614943,0.3260628781550,-0.2346721272963,0.4364569958664,-0.3057375276285,-0.1583736857155,0.1002285726186,0.2239302917834,0.0031635677303,-0.1332183956963,-0.0643929676207,0.3242470049972,0.5446149762480,0.1142338882124,0.3050298615872,0.2880630611689,-0.3071555482459,0.1369777071323,-0.0611403460250,1.0000000000000,0.0542164184792,0.4153480168929,0.0510722429138,-0.0426632114203,0.0899334783790,-0.1905323382146,0.0059672799928,-0.1689387064568,0.1009108470359,0.0123982764788,0.4541721826831,-0.2533431305309,0.1272761899905,0.0295184623695,-0.0983966114834,0.0849923942631,0.3288815341377,-0.3312816709842,0.4671220271682,-0.5186374925855,-0.2900959369258,-0.0326614965412,0.1609091384974,-0.0920036696358,-0.2450371898314,-0.2677534414957,0.4066553440439,0.3605754337151,0.0765578235598,0.3714873727408,0.2660355436393,-0.3954969197305,-0.0753066441935,-0.0358692508555,0.7878497985744,-0.0663993888868,0.1519506724336,0.1340853143262,0.0251577084758,-0.0295925453262,-0.2629860035298
0.7487201268937,0.1784074386900,0.2125251108894,0.0267702298250,0.4460878363897,0.2557144796692,0.3159136760350,0.1133641146075,0.3226564616686,0.1847899460766,0.1728218717895,0.1517409954029,0.4153798724324,0.1834262847586,0.4754165055372,0.4906619301456,0.2857430639196,0.5448083589429,0.1084594031434,0.3697884329212,0.5471005401109,0.3500865498304,0.2611323844577,0.3294232967493,0.0236541146095,-0.0427457455534,0.1973226486404,-0.0875950303151,0.0542164184792,1.0000000000000,0.4781985969212,-0.2857640243331,0.1889962353939,0.6956474580416,0.4034725408451,0.6048324953027,0.2287482149991,0.0121226901834,-0.0033079569171,0.4162784023123,0.0899506005590,0.1963032027460,-0.2751203235982,-0.0606937518924,0.1782427329570,-0.0667567403833,0.0310092685011,0.3284877353081,-0.0587352503650,0.3436784494498,0.4440682978225,0.3351876426397,0.0973397692474,-0.2355252927434,-0.0246643695339,0.4579706969090,0.3692289023122,0.3617423675552,0.1970669073147,0.1735348405718,-0.1039151866749,-0.3918709885454,-0.1539424990579,-0.1123726403890,0.7285565333283,0.3118970830901,-0.1479594638766,0.3103731856774,0.4999981267535,0.4355004602470
0.3208851664982,0.3322759962103,0.2542201607087,0.1334365431291,0.2841295238955,-0.0512493862059,-0.0016817804458,0.0485674168803,0.0097643887955,-0.0379733400131,-0.0671040777242,-0.1863313724138,0.2987856595648,-0.2765725142937,-0.1163920676433,0.1308201908624,0.4286993026632,0.5621461424478,-0.1931320794432,0.1529890503901,0.4372523390956,0.5490890749805,0.3963342154440,0.5444507255189,0.0851968592462,-0.2735874117565,0.1913758417396,-0.1141342945404,0.4153480168929,0.4781985969212,1.0000000000000,-0.2371882322145,-0.1298506961109,0.5953283829341,0.4884971360194,0.3416553258266,0.2904033174152,0.2077748893818,-0.0105124671719,0.2682843931988,-0.1371082677797,-0.0998989857546,-0.2229074197042,-0.2822070609391,-0.0154462062242,-0.1469107337203,-0.2153280348346,0.2517726183815,-0.4441036113343,-0.1284973507544,0.0575962397660,0.4293247389338,0.4166283628318,-0.2351656949724,0.0470554523103,0.3819298434753,0.5562675529285,0.4920784042661,0.4506505974446,0.2215103689011,-0.2118388318254,-0.2212686244981,-0.1567613581161,0.0932913627451,0.3985300308364,0.6941894520277,-0.1331322781576,-0.0228073229705,0.4863696132948,0.4394632976824
-0.3311954187701,-0.1662261967382,0.0553163737011,0.1642473836493,-0.2088932838407,-0.0998548228296,-0.1432409826336,0.0093580552986,-0.2242709833808,-0.0115551399828,-0.1268949780075,0.2326852332082,-0.2260495393021,0.0513084940839,0.0420264699475,-0.0202350960694,-0.1856138851019,-0.1320918339235,0.1675702637099,0.2036729150896,-0.2315632237210,0.0085093032459,-0.2936341866203,0.0397128299368,-0.0787708377368,0.3204075576053,0.0158753160652,0.3322920379306,0.0510722429138,-0.2857640243331,-0.2371882322145,1.0000000000000,0.2448239631399,-0.2371163375470,-0.0300391230353,-0.3148570776001,-0.2640382645766,-0.0574657499499,0.1678960628861,-0.1442714517807,0.0071532197862,-0.2287069603747,-0.0133828390325,-0.1770907936490,-0.1249617546682,-0.0245776241353,0.1943370352768,-0.1766934083464,0.2768285514240,-0.2929457846598,-0.0892257181604,-0.2851547255348,-0.0312383182083,0.2329373490854,0.0860405139464,-0.1906227628352,-0.2370678644364,-0.3350963066908,0.0957160644274,-0.1929409510946,0.2574696450537,0.1095504254034,0.4255073623067,0.1052906779602,-0.5321483653478,-0.5265375920454,0.8077326436038,0.2626446381973,-0.2406360001466,-0.2521295161018
0.0451409027856,-0.1724276530130,-0.1947030549396,-0.1799774933605,0.0176634966101,0.4547830848902,0.4556513268609,-0.0915585613304,0.3401554911124,-0.1028859635446,0.2678988087732,0.5218734899728,0.1223814173545,0.1387364499473,0.3088837605327,0.2879926880808,-0.1710362855335,-0.0206140100823,0.1967319146685,0.1650439747003,0.0155406747410,-0.0567611145513,-0.1852479476789,-0.1156991105978,-0.2001661244143,-0.0301399246858,0.0227569767084,-0.0072295026194,-0.0426632114203,0.1889962353939,-0.1298506961109,0.2448239631399,1.0000000000000,0.0015464089884,-0.0342012363099,-0.1019733784128,-0.2415777792582,-0.3777939649008,-0.1617692957750,0.0419139772941,0.3185722791716,0.4072205838932,-0.2290104028265,0.2032167092247,-0.0727039589436,0.2371824398549,0.2912329895813,0.1619711455539,0.1407190531487,0.1774963577494,0.3805728308608,-0.1784757951173,-0.1027971751193,0.0865247829999,-0.1069296544241,0.0703844081932,-0.1755553114333,-0.2602754014429,-0.1336110528398,-0.2133494765634,-0.1346191645272,-0.1575687962139,-0.0124166417105,0.0045057918909,0.0100594163622,-0.2949777756992,0.3731003983691,0.5158965834439,-0.0784061445873,-0.0111420186806
0.4692297801894,0.2757906698352,0.2108141413734,-0.0523914343321,0.3678713071576,0.0206564532569,0.0506423411258,0.0182459743566,0.0647154849275,0.0372000300079,-0.0616858945528,-0.0370875205708,0.3713609791072,-0.1038523174095,0.0674127665181,0.4192108876466,0.4183298389820,0.5786587577426,-0.1826534174409,0.1928449034176,0.5443539969535,0.4526193306888,0.2426646903097,0.4982753005425,0.0254110726683,-0.1243634800434,0.1063602123891,-0.0681268752466,0.0899334783790,0.6956474580416,0.5953283829341,-0.2371163375470,0.0015464089884,1.0000000000000,0.6313816001646,0.5142115401384,0.4095212500043,0.0817711494644,-0.0893997137381,0.3577739659912,0.0330170771494,-0.0111999672438,-0.2418043550490,-0.2575467163093,-0.0013885350917,-0.2037827269990,-0.1182204303008,0.3061414152943,-0.2228465190268,0.0378879818705,0.4228028416704,0.4557373206173,0.3974370228548,-0.3221476321872,0.0087293383424,0.4499761008681,0.5210856754801,0.3904601308457,0.4022661023280,0.2198800583973,-0.0735913688169,-0.3267904265161,-0.0996487822878,-0.1362472126201,0.5747724817864,0.4779796672014,-0.0829021765907,0.0940366030286,0.7904192179156,0.5199532586027
