1.0000000000000,-0.3152885756802,0.2664422808565,-0.1665823471199,0.0580024497729,0.1000179271320,0.2461332492635,0.1776871503250,0.2622847888628,0.1463415089500,0.2247976942428,0.3329409613143,0.1067230235638,0.4394415655193,0.8201665708884,0.1372765278154,0.1041075569567,0.3579829538955,0.3137034371080,-0.0011305317448,0.0332607998353,0.0596724049411,-0.0233216833060,-0.0884167886950,0.1342537908021,-0.0287528591684,0.0627395752879,0.2120173876516,-0.0873463414040,0.6056261181149,0.0100384257362,0.2431628754508,0.1731770020322,0.1399069261836,-0.0080069324867,0.6438565322284,-0.3835198765700,-0.2464446010624,-0.1407501595518,0.0578020356184,0.1223646679339,0.2697402959234,0.0070357633456,0.2143816657986,0.1307810209953,0.2270062221534,0.0502114682933,-0.0007956950755,0.3028332874314,0.5349683168842,0.2387610443487,0.0323293675861,-0.1047833161309,0.2064290483937,-0.1346254409739,-0.0714599575026,-0.0540846253021,-0.1749508908403,-0.1568217220903,-0.0547614636926,-0.1722175329713,-0.4263406716314,-0.0963605404332,-0.1382745093581,0.3768210634386,-0.3810250332527,0.2907339331225,0.2869886552382,0.0493973592442,-0.1677006771857
-0.3152885756802,1.0000000000000,-0.3281749431310,0.2879149572111,-0.1855970693499,-0.0262514557099,-0.0366495431536,-0.1866450408661,-0.1640386695256,0.0076214925117,-0.1471696889143,0.1286138312066,-0.0932065163226,0.0128390033874,-0.2534481809297,0.0543172322384,-0.2730478189167,-0.0200199620138,-0.1552008046875,0.1123994970829,-0.1136925316928,-0.0695142288731,0.3620351228272,0.0399633233316,0.1356204669313,0.3557445550567,0.0765195317358,-0.0584849948796,-0.0225655738489,0.0490987716673,0.1658485141901,-0.0004614530258,-0.1506630415146,0.2797224376928,0.6275477450459,-0.1531714879812,0.8529045016512,-0.1376600951731,0.3557262356614,-0.2104657305037,-0.0193095004997,-0.1188087238383,-0.1723888254638,-0.1036580462329,0.0419089077571,-0.2038480316518,0.0646460879258,-0.0496012631554,0.0330192215015,-0.1933826196560,-0.0123004016561,-0.2595510079407,0.2686381813341,-0.0065862622236,0.1898297844880,-0.0544699355745,-0.1435934389083,0.4413250185206,-0.0504161489023,0.1722837222314,0.4155293162857,0.1226030426055,0.0344848633536,-0.1404317991348,0.1989753898097,0.1503957053800,-0.0068584750255,0.0069056910181,0.3393777291799,0.5961438184028
0.2664422808565,-0.3281749431310,1.0000000000000,0.0723186161930,-0.2409374755352,-0.0369619923736,-0.2886276408278,0.7102899136783,0.1442824115546,-0.0741502589401,-0.2819083819998,0.1015451675697,-0.3239063543172,-0.0253119360396,0.2190379420712,-0.2240117314529,0.0027477868249,0.5865702537078,0.5450629815761,0.2929421334899,-0.2066447733339,-0.1099289136765,-0.0460521402683,0.0991936071878,-0.0448685896600,0.0396425603875,0.5813844141885,0.5478966227243,-0.1288774513905,-0.2795029468369,0.1674240206692,0.0513503545446,0.1374445947492,-0.2645817318549,-0.1942132486427,0.0472279825998,-0.3023778776522,0.4485670200430,-0.1202105526643,-0.2662299075559,-0.0718776744432,-0.2956474910535,0.3594841170709,0.0129968387694,-0.2648736598915,-0.3234907399899,0.0560036401788,-0.3640842479606,-0.0965801584554,0.0689394850396,-0.1563921601834,-0.0313900058195,0.0672123515300,0.1086619053479,0.0834678756985,-0.2721690437211,-0.0985910106078,-0.2813441770571,-0.0336638257299,-0.2922680049504,-0.0906367414132,0.1534343134106,0.1910995081384,-0.1737492409383,-0.3902512672938,-0.0056064506206,-0.0738829378531,-0.1274647877525,-0.2792791756507,-0.2187972717866
-0.1665823471199,0.2879149572111,0.0723186161930,1.0000000000000,-0.3586579985679,0.2296004860347,-0.4452707291688,0.2166614122828,-0.1353043676493,0.0624060038719,-0.4616141450978,-0.2598351746910,-0.3983083345354,-0.2138443345851,-0.3098872352106,-0.0378192779331,-0.1829720304667,-0.0080109109054,-0.1515411065373,0.0915658305582,-0.3017022646553,-0.3009098409193,0.3711438121909,-0.1868284583288,0.1503520447392,0.6570664779089,0.2259754089035,0.2013931455675,-0.2105825144287,-0.2484882571013,0.0790984901995,-0.4209738063565,0.0860894020601,0.0427591483218,0.4707231231903,-0.0638542947598,0.3087187842078,0.3612519498986,0.8126322960171,-0.3899464976068,-0.0621908371464,-0.4444155743660,0.2836747544852,-0.1299184131567,0.0987440043486,-0.3791599703882,0.0346371489168,-0.3472081247117,0.1347306506379,-0.0260181133599,-0.1245461836706,-0.1306409972265,0.1076060946855,-0.3633813361619,0.1256414869560,-0.2762581668294,-0.2835234942798,0.2447749607655,-0.1446256302010,0.1564312747340,0.6505327942929,0.3868689598834,0.3791533082507,-0.2953295886462,-0.2799573393660,0.3181082781862,-0.2788706005186,-0.1297276231710,0.0345753823865,0.5455722763972
0.0580024497729,-0.1855970693499,-0.2409374755352,-0.3586579985679,1.0000000000000,-0.0272431090857,0.4901717561789,-0.1387891073708,0.0630948357498,0.3952457689601,0.6352047908159,-0.0696690403554,0.8682505200940,0.0712979393187,0.1186550427391,0.4762178782802,0.3673241762197,-0.0926370869072,-0.2388843055365,-0.2386363265415,0.8476144381790,0.3258741763643,-0.0539503952584,0.1287619139390,0.3743888422663,-0.2946321534746,-0.3324438192852,-0.1715721064328,0.5223308238375,0.2930135677967,-0.0047825911016,-0.0114272205665,-0.0022825625624,0.1992787924015,-0.2899306107383,0.0009900658113,-0.2316679120196,-0.3650477411108,-0.3658189484712,0.9530592080578,0.0523013299014,0.4731672079218,-0.1913017941139,-0.0697893093929,0.3254336173646,0.5662140280323,-0.3122734240465,0.8626053029008,-0.0611929909999,-0.0705069513921,0.4763174230115,0.3414262379345,-0.2910353837445,-0.0681595279118,-0.3198744232159,0.8392059109998,0.2948355808893,-0.0242177502668,0.0227258087484,0.3676267668191,-0.3837144660155,-0.4453871069696,-0.2839724817477,0.5959098234211,0.2628106571388,-0.2131658514152,0.1483637122193,-0.0718844583367,0.0959009123837,-0.3199573255885
0.1000179271320,-0.0262514557099,-0.0369619923736,0.2296004860347,-0.0272431090857,1.0000000000000,0.1919426808719,0.1595293003023,0.2192284155566,0.1207908896017,-0.0568741455090,0.0672591700670,-0.0510001742819,0.0136431442993,0.1326369350073,0.2541225531760,-0.1475672934024,-0.1124290799843,-0.0276666017934,-0.0653227751226,-0.1187914725194,-0.0166060180863,-0.0577686391477,-0.1287338692931,0.0633135955758,0.0987215550320,-0.0011685189434,0.0041311524788,-0.0220522990520,0.2317877518775,0.0962104624923,-0.0651605519953,0.4144209249546,0.0800295054325,0.1576889404356,0.0793727764152,-0.1358311692894,0.0674450187897,0.1397543466667,-0.0595362734950,0.3639635806713,0.1593579385550,0.2069270133377,0.2472758794176,0.1319386885604,0.0114442710215,-0.0383853643962,-0.0599960157739,0.0505973343168,0.2944704086126,0.1987455702009,-0.1562209496987,-0.1385325995211,-0.2136425027369,-0.1103841330336,-0.0684842065116,-0.1224387664834,-0.0822020544206,-0.2262630575718,0.0442211747784,0.0384319016873,0.0203840692538,0.0768312994695,-0.0722939592709,0.2171311327794,0.0688300822708,0.0359380783645,0.3528244472994,0.0558884225039,0.0851575543249
0.2461332492635,-0.0366495431536,-0.2886276408278,-0.4452707291688,0.4901717561789,0.1919426808719,1.0000000000000,-0.0881334714305,0.3939278089332,0.3333889644353,0.7193679513673,0.2308234537061,0.6010766769060,0.2866710497719,0.3522146263965,0.5413670098108,-0.0626538464743,-0.1267090624614,-0.0853603658594,-0.0669941761954,0.3412435125816,0.1891643144228,-0.2463217865494,-0.0728677994604,0.2316038238733,-0.3579591414351,-0.2891399655895,-0.3254533767260,0.3391070010232,0.4990417752948,-0.0490962530018,0.2771917448655,0.0966059442726,0.1092024229726,-0.1487407525476,0.0900599300833,-0.1811131737495,-0.5397102272182,-0.3733582609846,0.4691644232111,0.2605231954817,0.8837867933982,-0.1597014888883,0.2882199676152,0.2851177186716,0.6862889817788,-0.1823228432553,0.5255404149970,0.0558078872616,0.1154039591552,0.4903934518957,-0.1127358762316,-0.3053865907700,0.0625673434132,-0.2431506818469,0.3211067770380,0.0396861171097,-0.1825023916530,-0.2272109162163,0.1661336569555,-0.4360061871639,-0.5489773862264,-0.4528533145028,0.3223688982503,0.5084891262236,-0.3624663181205,0.3705519042536,0.3400291241234,0.0605680030338,-0.3157758151919
0.1776871503250,-0.1866450408661,0.7102899136783,0.2166614122828,-0.1387891073708,0.1595293003023,-0.0881334714305,1.0000000000000,0.1824572127556,0.1761433583282,-0.2644421319782,-0.0019580094089,-0.2090657196655,-0.1017224381840,0.1484687401590,0.1077574988307,-0.1256229845025,0.4097633653280,0.2031126887351,0.1768271621109,-0.1973050478122,-0.1246352702256,0.0974726528645,-0.0220767952264,0.3322730493287,0.1242597096928,0.4827390023517,0.3411374348270,-0.0064096509458,-0.1492784171220,0.3288484421164,-0.0217703999525,0.2195174160227,-0.1595203807388,-0.0817490398812,0.0893079589488,-0.2116160266272,0.4305232214753,-0.0000560907198,-0.2144244914604,0.0797389640768,-0.1776101514845,0.6958023055550,0.0382297856905,0.0164571619369,-0.2884921440450,-0.0291461972974,-0.2670387879700,-0.0995119441953,0.2652434280827,0.0168089614242,-0.1855792738869,0.0107342175327,-0.1229354834934,-0.0020567872589,-0.2593552513067,-0.2374323005856,-0.1709522585693,-0.3079641280634,0.1183753789655,0.0074738360088,0.1796725978513,0.1992992296874,-0.1163490813804,-0.2106288995269,0.0898391941695,0.0353779794192,0.0063378610507,-0.2135511221783,-0.1327940209801
0.2622847888628,-0.1640386695256,0.1442824115546,-0.1353043676493,0.0630948357498,0.2192284155566,0.3939278089332,0.1824572127556,1.0000000000000,0.0931315647980,0.2816187068653,0.4060776693575,0.0670315481986,0.2294798123718,0.3565424178866,0.1402888205122,0.0737156770508,0.1664769292525,0.2761017775060,0.4968274862020,0.0538396036570,0.1435626658644,0.0163046109121,0.1695742149220,0.0935623492072,-0.2797991093020,-0.0769062998498,-0.2277269312327,0.3620281601627,0.1998451414118,0.2294196349213,0.1720155051268,0.2187892130547,0.0916162524530,0.0637268860123,0.0676385575495,-0.2039545444581,-0.2986771591464,-0.0920917900603,0.0145670780594,0.3439917297081,0.3170307988218,-0.1040070261225,0.6843695818428,0.0071485577123,0.1187946007507,0.1343253897363,0.0158802537224,0.0256863437749,0.0179448445081,0.2396885176447,0.0635674790652,-0.0902404729471,0.3257272225978,0.1032756423013,-0.0664399326996,-0.0541524235187,0.0641607295120,-0.0098485574660,-0.1267081637997,-0.3202786965557,-0.3809618923336,-0.4249703484145,0.0157600794661,0.0743100336171,-0.0827958792501,0.4169764325906,0.2920313814336,0.0126928530683,-0.1606826347735
0.1463415089500,0.0076214925117,-0.0741502589401,0.0624060038719,0.3952457689601,0.1207908896017,0.3333889644353,0.1761433583282,0.0931315647980,1.0000000000000,0.2543599911187,0.0585123515449,0.3941143837457,0.2402793259075,0.1809475130158,0.6391968031892,0.0209889251066,-0.0389337080198,-0.1250657896550,-0.0982544446064,0.2567304792259,0.0394135334972,0.2438798886382,-0.0615391094026,0.6090464112113,0.1328039366627,-0.1371522926895,-0.0843494924045,0.1361762826583,0.2193376504463,-0.0823903375854,0.0967171619224,-0.0713447244197,0.2183067324639,0.0692239707042,0.0393111649220,-0.0889910782073,-0.2927946272275,0.1309265203279,0.3689494380883,0.1023966203747,0.2721577526513,0.0894853322437,-0.0264881981898,0.8293597588350,0.2062089988065,-0.0747092895160,0.3847332660733,0.2396257838904,0.1303018142085,0.5434758024284,0.0115331380300,-0.2554329553371,-0.0264641102080,-0.0788513147325,0.2332432034434,-0.0568142052821,0.1375307421596,-0.1719912055750,0.4223099382249,0.0181876821145,-0.3718220777416,-0.1607469946242,0.0778389785519,0.2201121353306,-0.3267084090240,0.1923714221128,-0.0025464207313,0.1775315709069,-0.0381861052433
0.2247976942428,-0.1471696889143,-0.2819083819998,-0.4616141450978,0.6352047908159,-0.0568741455090,0.7193679513673,-0.2644421319782,0.2816187068653,0.2543599911187,1.0000000000000,0.1367363506895,0.7153623842507,0.2613859771752,0.3077081700905,0.2741542012048,0.1890759911362,-0.1475082915773,-0.1137949137341,-0.1287637210128,0.5300494457131,0.2455069040362,-0.1548518505151,0.0296277858520,0.1064827681141,-0.3871581458522,-0.3029349269089,-0.2847198852503,0.5201674768482,0.3571875545464,-0.1238946001075,0.3095058436319,-0.0390765029495,0.0982252258245,-0.2596414347638,0.0334952300472,-0.2499847789991,-0.6056287961454,-0.3986997337840,0.6485034380349,0.1139752924775,0.6840232844227,-0.3408467069853,0.1360569918947,0.2205650809522,0.8854366774234,-0.2390913023337,0.6396847172857,-0.0020570509472,-0.0402549938352,0.3752175671915,0.1635701924583,-0.3682032657823,0.0957762692745,-0.3101809392065,0.4829320255100,0.1772073991068,-0.0805920376983,-0.0115333554744,0.0382754437149,-0.4777063846796,-0.5946413717184,-0.4757629614625,0.4857109429728,0.2944331117066,-0.3897800647125,0.3302282611290,0.1049869698085,0.0349940315856,-0.3818866785948
0.3329409613143,0.1286138312066,0.1015451675697,-0.2598351746910,-0.0696690403554,0.0672591700670,0.2308234537061,-0.0019580094089,0.4060776693575,0.0585123515449,0.1367363506895,1.0000000000000,0.0422902971158,0.7145224085428,0.5275801374279,-0.0034528456315,-0.0739233815615,0.2872882974467,0.6299701404527,0.4191110292516,0.0020341312312,0.0211854608972,0.1481579403224,0.0269970073653,0.0347057100533,-0.0798377031079,0.1587199835680,-0.1296200410918,0.0094234945474,0.2838763496296,0.0555502461666,0.5845443607493,0.0151704626553,0.1737490229618,0.2139555765141,0.0839595215648,0.1401859967173,-0.3602881670544,-0.0478874749236,-0.0875390325118,0.2931300659208,0.1092389619922,-0.2543255719013,0.4712923565864,0.0922595453825,-0.1137985741454,0.6059895494901,-0.0125234965179,0.3452985406928,0.0549301543934,0.0830882277700,-0.1798740396689,0.1585284082519,0.7460902096377,0.3269319818443,-0.1350831634922,-0.1209194954789,0.1911589216308,-0.0534681843933,-0.1195804865818,-0.0428138770782,-0.1897080319879,-0.2653677592569,-0.2179128012008,0.2494091286725,-0.2455037580256,0.6891661386053,0.5220158608300,0.1650076209307,0.0400441137443
0.1067230235638,-0.0932065163226,-0.3239063543172,-0.3983083345354,0.8682505200940,-0.0510001742819,0.6010766769060,-0.2090657196655,0.0670315481986,0.3941143837457,0.7153623842507,0.0422902971158,1.0000000000000,0.1592080926824,0.1965085545543,0.4566651662962,0.2596884975180,-0.0803533133961,-0.1917459687927,-0.1888004264827,0.8197668914476,0.3277453125481,-0.0099700542391,0.1262341613577,0.2458737474097,-0.2646033843930,-0.3588616945989,-0.2168182985797,0.4497306851911,0.3653499619720,0.0081745310331,0.0920043186670,-0.0738713885288,0.2701198597757,-0.1734796770508,-0.0201071787563,-0.1379975401101,-0.5001671244325,-0.3585332050883,0.8420824526452,0.0910423287969,0.5462025147963,-0.3060865963206,-0.0269871744757,0.3559799596581,0.6259130786147,-0.2503947972889,0.9470844743521,-0.0242425535846,-0.0854804054610,0.4323553695239,0.2370335970730,-0.2844508771939,0.0053951897466,-0.2756078455886,0.7757097932516,0.2628168388079,0.0280026578966,0.0054310597768,0.2433274412771,-0.3379363105977,-0.5115761484610,-0.3656045632313,0.5060205069778,0.3375903423476,-0.2351086269670,0.1947166371410,-0.0306162472470,0.1623536799967,-0.2523753669687
0.4394415655193,0.0128390033874,-0.0253119360396,-0.2138443345851,0.0712979393187,0.0136431442993,0.2866710497719,-0.1017224381840,0.2294798123718,0.2402793259075,0.2613859771752,0.7145224085428,0.1592080926824,1.0000000000000,0.5497986207219,0.1346374615900,-0.0073693275140,0.0635594299145,0.3823127129333,0.0858206519402,0.1228947974598,-0.0459228650459,0.0055836898242,-0.1421592039612,0.1393461887017,0.1242738230182,0.1771247025432,0.0024876770356,-0.0214035113962,0.3370714001534,-0.1403403697654,0.4222876043752,0.0350998140831,0.1108391865421,0.0938595371911,0.0883119125285,-0.0298819329577,-0.3864633453108,0.0098229484150,0.0503346835471,0.1823289774739,0.2468045474248,-0.2235422173902,0.3514697222811,0.2703206898990,0.1088527741391,0.4395469824155,0.1002473656380,0.7690830679742,0.2305143928617,0.1668223245595,-0.0812550686528,-0.1176531709044,0.5440587387883,0.0243219504544,0.0012594147302,-0.1555124789333,0.0359537418545,-0.1505217497934,0.0067701289594,0.0432364687234,-0.2116509936315,-0.0681165784624,-0.1354063446559,0.2576979912786,-0.4090821964856,0.5738524662290,0.4868639823766,0.0836869529655,-0.0503736618166
0.8201665708884,-0.2534481809297,0.2190379420712,-0.3098872352106,0.1186550427391,0.1326369350073,0.3522146263965,0.1484687401590,0.3565424178866,0.1809475130158,0.3077081700905,0.5275801374279,0.1965085545543,0.5497986207219,1.0000000000000,0.1563100458135,0.0664486608584,0.3555216878162,0.4522565385090,0.0894905154579,0.0802571908310,0.1189683453641,0.0269603155571,0.0045046753204,0.0552462125046,-0.0912385539075,0.1174965248813,0.2108407536478,0.0541179267390,0.5678292252348,0.0460196762205,0.4948157675544,0.1563594337071,0.1295938915185,-0.1221526892461,0.4333418705705,-0.3327466238840,-0.3266177851575,-0.2681336227030,0.0997735913908,0.2386047038313,0.3264975564465,-0.0749131638460,0.2929520241702,0.1456618460830,0.2107085495814,0.0971916877848,0.0895530924986,0.2790080002283,0.5410859699976,0.2607710181509,-0.0503032355634,-0.1511208921398,0.3716374449275,-0.1013960405922,-0.0351465174735,-0.0152636591831,-0.1192621071157,-0.2015091582862,-0.1369448807876,-0.2561610009168,-0.4176641437074,-0.1307037524102,-0.0137030469595,0.4118573641342,-0.4124866411906,0.3964762927711,0.4169659539726,0.0350908143217,-0.3065442938630
0.1372765278154,0.0543172322384,-0.2240117314529,-0.0378192779331,0.4762178782802,0.2541225531760,0.5413670098108,0.1077574988307,0.1402888205122,0.6391968031892,0.2741542012048,-0.0034528456315,0.4566651662962,0.1346374615900,0.1563100458135,1.0000000000000,-0.0104287296763,-0.0290342178790,-0.2277220502809,-0.1043075139126,0.3109532281615,0.0897916336644,-0.0553926351841,-0.0618768393557,0.4506217917338,0.1001958064362,-0.1676820566626,-0.0594139333860,0.2147449771574,0.4230326650968,0.0109729749869,-0.0241238405534,0.0880575225376,0.2506636269286,0.1387907845311,0.0737981560997,-0.0896955649049,-0.2623521119370,-0.0321930879235,0.4259065877483,0.1201781111212,0.4772204845153,0.0523415118654,-0.0369566522338,0.4867479465219,0.2530153658614,-0.2089618996637,0.4315301978818,0.1528891866816,0.1296398235961,0.7855014650685,-0.0126007495084,-0.2561278631134,-0.2159155222310,-0.2515934577767,0.2893724336374,-0.0495719489533,-0.0792551577103,-0.2484000123996,0.3779433335252,-0.0441224683409,-0.3649109720347,-0.1008619966752,0.1737795710402,0.4092792565417,-0.1613223255267,0.1349114757927,0.0851482668755,0.2334602305037,0.0220496660245
0.1041075569567,-0.2730478189167,0.0027477868249,-0.1829720304667,0.3673241762197,-0.1475672934024,-0.0626538464743,-0.1256229845025,0.0737156770508,0.0209889251066,0.1890759911362,-0.0739233815615,0.2596884975180,-0.0073693275140,0.0664486608584,-0.0104287296763,1.0000000000000,0.0224689344795,-0.0111051661034,-0.1296177384057,0.3499259461184,0.5962404009864,0.2220635548661,0.5820881185635,0.0217715600114,-0.1676984710927,-0.1707512528259,0.1220166404593,0.2590890905764,0.1136931138509,0.1701022872661,-0.1186406600001,0.0461675462388,0.2932895210699,-0.1722726145656,0.1487349048909,-0.2848347252089,-0.0432345101596,-0.2738047896439,0.3698112840895,0.0122408801846,-0.0151840746148,-0.1692941082596,-0.0757016001082,0.0515867859417,0.1463759947046,-0.1691464505454,0.2969254020979,-0.0614783171174,-0.0825385553988,0.1171773132407,0.9244392869752,-0.1242761625511,0.0303103583337,-0.2145695337395,0.3346560412465,0.5968408257825,0.1798970546967,0.5395984262528,0.0470955411101,-0.2406991256398,-0.2263536961435,0.0353280311848,0.3076682730357,-0.0185136178956,0.0493969421139,0.0560271577091,-0.1244033840737,0.1870905767166,-0.1852956063448
0.3579829538955,-0.0200199620138,0.5865702537078,-0.0080109109054,-0.0926370869072,-0.1124290799843,-0.1267090624614,0.4097633653280,0.1664769292525,-0.0389337080198,-0.1475082915773,0.2872882974467,-0.0803533133961,0.0635594299145,0.3555216878162,-0.0290342178790,0.0224689344795,1.0000000000000,0.5338395543812,0.5195429894688,-0.0740291928250,0.0344214735692,0.1200071951894,0.2820375246684,0.0059916253877,0.0568723432013,0.4097202867725,0.4141123860025,0.0013286023405,0.1309038409178,0.3005941584089,0.1757019515409,0.0425001478921,0.0822543131351,0.1031319306735,0.2144564588129,-0.0052400644336,0.0563649675099,-0.1295577202338,-0.1409729418936,-0.0027635414856,-0.1975544470078,0.0071239458922,-0.0421737495801,-0.2068866054537,-0.2584684550432,0.0289131022145,-0.1445615406288,-0.1094522384813,0.0158785786413,0.0001727876069,-0.0343399352383,0.3915026105840,0.1596799889285,0.2842511772233,-0.1562526410543,-0.0071701354952,-0.0462195544256,0.0725309624281,-0.2331142269152,-0.0814993532110,-0.1283088944932,0.0341127875248,-0.0668020047977,-0.0043095014603,0.0178280723896,0.1092273244892,-0.0441294117965,0.0409695310010,0.0119427086935
0.3137034371080,-0.1552008046875,0.5450629815761,-0.1515411065373,-0.2388843055365,-0.0276666017934,-0.0853603658594,0.2031126887351,0.2761017775060,-0.1250657896550,-0.1137949137341,0.6299701404527,-0.1917459687927,0.3823127129333,0.4522565385090,-0.2277220502809,-0.0111051661034,0.5338395543812,1.0000000000000,0.4526303915442,-0.1436472667303,0.0008159065283,0.0163126604218,0.1205233184951,-0.2322184724415,-0.0159682594632,0.4564987602829,0.2772614324218,-0.1687827788964,-0.0418175812341,0.0225570770557,0.4832319209594,0.0771918052887,-0.0320568408000,-0.0326356805956,-0.0125069089631,-0.1407118053654,-0.0300783055575,-0.1376928410105,-0.2557899704997,0.0883465007573,-0.1402613809288,-0.1368413704113,0.2359361075687,-0.2415961443740,-0.2579162453116,0.3588737712343,-0.2510966319760,0.1282281389003,0.0074472220876,-0.1480190251627,-0.0717970593941,0.0763051066364,0.5593349387599,0.2334074635667,-0.2600328489424,-0.0113840329152,-0.0804824366612,0.0258664321365,-0.4304945535209,-0.0808167188533,-0.0479582451950,-0.0910670851420,-0.2343097061899,-0.1350597357673,-0.1984574978081,0.2773854940370,0.1520975030961,-0.0547726188735,-0.1609671055488
-0.0011305317448,0.1123994970829,0.2929421334899,0.0915658305582,-0.2386363265415,-0.0653227751226,-0.0669941761954,0.1768271621109,0.4968274862020,-0.0982544446064,-0.1287637210128,0.4191110292516,-0.1888004264827,0.0858206519402,0.0894905154579,-0.1043075139126,-0.1296177384057,0.5195429894688,0.4526303915442,1.0000000000000,-0.1283964052665,-0.0552392505796,0.1080890342156,0.1902738678445,-0.1196436040119,0.0159269918974,0.2315144498246,0.0197409560424,0.1162778044039,-0.0666776954849,0.2690073703200,0.1513662751235,-0.1197754063908,0.0030858560298,0.3217624712843,-0.1458319627110,0.1430047152823,-0.0977506862117,0.1147712332049,-0.2877947388959,0.1328657921632,-0.1539898305348,-0.1846592718835,0.2289334761024,-0.2067520098020,-0.3341898660195,0.2380783202750,-0.2157901709013,-0.0804048028545,-0.2803349750280,-0.0620458083963,-0.1212656763211,0.2874369478072,0.2924798125398,0.5158390086029,-0.2486553284586,-0.1421238811785,0.0913593918545,0.0561265970553,-0.3401056066787,-0.0106285671655,-0.0606085201295,-0.2052575633237,-0.1623785908714,-0.0857552909449,0.1513987288178,0.2268230280827,0.0261426815892,0.0336327318212,0.1590964645747
0.0332607998353,-0.1136925316928,-0.2066447733339,-0.3017022646553,0.8476144381790,-0.1187914725194,0.3412435125816,-0.1973050478122,0.0538396036570,0.2567304792259,0.5300494457131,0.0020341312312,0.8197668914476,0.1228947974598,0.0802571908310,0.3109532281615,0.3499259461184,-0.0740291928250,-0.1436472667303,-0.1283964052665,1.0000000000000,0.2677627560850,0.0401978708961,0.1248859058233,0.2058136480108,-0.2139185074855,-0.3257475462107,-0.2036667239292,0.3711131242718,0.2141261991120,-0.0049821517526,-0.0623932947196,-0.0719313445767,0.2854479533540,-0.1312928081082,-0.0283872445402,-0.1030320713921,-0.3534050040032,-0.2156744936866,0.7933307286855,0.0725345324211,0.3496487978130,-0.2680813924691,-0.0093678101510,0.2471224355029,0.4155745895882,-0.1087619487598,0.8209179754745,0.0078913829411,-0.1518220059907,0.3698438020984,0.3346710793611,-0.1427505744420,0.0816094187960,-0.1577652111019,0.9139994890430,0.2507910605412,0.0911421290250,0.0979610441392,0.2191779817085,-0.2409806831273,-0.3750068478825,-0.3118341013777,0.3874092309587,0.1574086422855,-0.1365712763745,0.1594198186403,-0.0999009003985,0.2195477086402,-0.1645251303575
0.0596724049411,-0.0695142288731,-0.1099289136765,-0.3009098409193,0.3258741763643,-0.0166060180863,0.1891643144228,-0.1246352702256,0.1435626658644,0.0394135334972,0.2455069040362,0.0211854608972,0.3277453125481,-0.0459228650459,0.1189683453641,0.0897916336644,0.5962404009864,0.0344214735692,0.0008159065283,-0.0552392505796,0.2677627560850,1.0000000000000,0.1793486544611,0.7910464038546,-0.0383189004119,-0.3734382234925,-0.1872036706218,-0.0148727942697,0.3887640145284,0.3280885851437,0.4270232570096,0.0911994307299,0.0405136585183,0.4963066777275,-0.0428916938922,0.0433696222124,-0.1616931945053,-0.2183676164873,-0.4119826445788,0.3314812976570,0.1158466954075,0.1927836227708,-0.2407474147000,0.0258281376943,0.0601216725861,0.2494101810778,-0.2849018543234,0.3609739321251,-0.2279020509757,-0.1463625713162,0.1176817441257,0.5495011471360,-0.2175681144068,0.0110020475171,-0.2580985869130,0.2940417382255,0.8245627998168,0.1409980197134,0.5418244709823,-0.0191147317902,-0.4201149193540,-0.3297064645397,-0.1411920557647,0.4524370944230,0.2971572225277,0.0724346346025,0.1027133689927,0.0245272138904,0.3963434662025,-0.1948282599257
-0.0233216833060,0.3620351228272,-0.0460521402683,0.3711438121909,-0.0539503952584,-0.0577686391477,-0.2463217865494,0.0974726528645,0.0163046109121,0.2438798886382,-0.1548518505151,0.1481579403224,-0.0099700542391,0.0055836898242,0.0269603155571,-0.0553926351841,0.2220635548661,0.1200071951894,0.0163126604218,0.1080890342156,0.0401978708961,0.1793486544611,1.0000000000000,0.2502323892336,0.3367361639692,0.2634466594880,0.0154969367035,0.0065597034450,0.0188346429437,0.0573159945538,0.2848598613215,-0.0241626922676,-0.0014786884567,0.5011177560009,0.3892069223563,0.1095885489065,0.3998055333193,-0.0799203357560,0.4057117641820,-0.0757857089752,0.1953787558368,-0.2913494330028,-0.0483784486681,0.0567813149555,0.3094431813035,-0.2357759864223,0.1242324389949,0.0395661563830,-0.0164578956954,-0.0278903730235,-0.0318644634949,0.1505525587528,0.2196817059837,0.1481902201410,0.2186737698158,0.0005390051473,0.0955798600657,0.7956225086972,0.1305048498359,0.2602513402230,0.2724081999000,-0.0669084714371,-0.0131697356300,-0.1387720754112,0.0363791141012,0.1096447191045,0.1211437832384,-0.0201180481940,0.3898674714360,0.3081131650957
-0.0884167886950,0.0399633233316,0.0991936071878,-0.1868284583288,0.1287619139390,-0.1287338692931,-0.0728677994604,-0.0220767952264,0.1695742149220,-0.0615391094026,0.0296277858520,0.0269970073653,0.1262341613577,-0.1421592039612,0.0045046753204,-0.0618768393557,0.5820881185635,0.2820375246684,0.1205233184951,0.1902738678445,0.1248859058233,0.7910464038546,0.2502323892336,1.0000000000000,-0.1389543860875,-0.2952508239893,-0.0562267637052,0.1460876192574,0.4861733748756,0.0893224356966,0.5649739081107,0.0417544498015,-0.0217051113044,0.3539925674978,0.0213086321043,-0.1053467133430,0.0065988738283,-0.0715611372183,-0.3453240286132,0.1280832309392,-0.0138093428502,-0.1186683186597,-0.2487653133223,-0.0411716015874,-0.1344538160531,-0.0606654688606,-0.2044037619279,0.1632532351430,-0.3151234845168,-0.2968368092370,-0.0104051641195,0.5599891021364,-0.0093401951476,0.0358222287763,-0.0867585207914,0.1373881668662,0.7007179789802,0.2214530803303,0.6818127749254,-0.1777716522656,-0.3379770898014,-0.2077942463616,-0.0263655667406,0.4196654870052,0.0479645817767,0.2937141556277,0.0302618542672,-0.1552579540136,0.2463621888540,-0.1067961037757
0.1342537908021,0.1356204669313,-0.0448685896600,0.1503520447392,0.3743888422663,0.0633135955758,0.2316038238733,0.3322730493287,0.0935623492072,0.6090464112113,0.1064827681141,0.0347057100533,0.2458737474097,0.1393461887017,0.0552462125046,0.4506217917338,0.0217715600114,0.0059916253877,-0.2322184724415,-0.1196436040119,0.2058136480108,-0.0383189004119,0.3367361639692,-0.1389543860875,1.0000000000000,0.0456684434189,-0.0592175649566,-0.2094786015612,0.1694226157786,0.2236366399186,0.0839591714774,-0.0621981999923,0.0564223187173,0.2580389672856,0.0704197416642,0.2088904209704,0.1036400360777,-0.1152257057197,0.2312208638399,0.3103371275016,0.2110594331714,0.1724299163950,0.3289474126915,0.0787195547365,0.6139269640365,0.0715938430921,-0.0407991181416,0.2497402818106,0.1480745598727,0.2286602931914,0.4142616697637,-0.0148055016394,-0.0217768077089,0.0009998962489,-0.0198202234190,0.1810471652133,-0.1571208367373,0.3073468946649,-0.2685259157306,0.8375070103842,0.0081006646079,-0.1964535049948,-0.0976034036968,0.0737316232486,0.2151645018220,-0.2234936920591,0.2683028468857,0.0945627766820,0.1827186747514,-0.0041500536563
-0.0287528591684,0.3557445550567,0.0396425603875,0.6570664779089,-0.2946321534746,0.0987215550320,-0.3579591414351,0.1242597096928,-0.2797991093020,0.1328039366627,-0.3871581458522,-0.0798377031079,-0.2646033843930,0.1242738230182,-0.0912385539075,0.1001958064362,-0.1676984710927,0.0568723432013,-0.0159682594632,0.0159269918974,-0.2139185074855,-0.3734382234925,0.2634466594880,-0.2952508239893,0.0456684434189,1.0000000000000,0.4410903782316,0.4325252513706,-0.3997450844798,-0.1798054566579,-0.1540884283109,-0.2455265853186,0.0365119579215,0.0148238011519,0.4540658828828,-0.0417307748542,0.3215586026700,0.2651677354020,0.6138086327461,-0.3336254552187,-0.1341814558057,-0.3584836098323,0.1855297845450,-0.2604273645155,0.1150075155463,-0.3241529734023,0.1315861154940,-0.2473875005027,0.4414641324392,0.1372744873370,-0.0133897696525,-0.1406652653012,0.0122594680232,-0.2312251878234,0.0260161293317,-0.2074196856542,-0.4020011809757,0.0730256890429,-0.3318532997459,0.0554991695211,0.8503935950087,0.3861045670089,0.4910294540342,-0.3946180018796,-0.2150828470380,0.0246149645993,-0.2491980407380,-0.1032583582188,0.0096207914154,0.4990390663548
0.0627395752879,0.0765195317358,0.5813844141885,0.2259754089035,-0.3324438192852,-0.0011685189434,-0.2891399655895,0.4827390023517,-0.0769062998498,-0.1371522926895,-0.3029349269089,0.1587199835680,-0.3588616945989,0.1771247025432,0.1174965248813,-0.1676820566626,-0.1707512528259,0.4097202867725,0.4564987602829,0.2315144498246,-0.3257475462107,-0.1872036706218,0.0154969367035,-0.0562267637052,-0.0592175649566,0.4410903782316,1.0000000000000,0.5803611416219,-0.2139190348697,-0.3298598628547,0.0417764087241,0.2043528548568,0.1492300097031,-0.2166677310176,-0.0196972895915,-0.1975439038873,0.0273222961947,0.3776679463371,0.0887872138442,-0.3707673621054,-0.0494744068565,-0.3328586292475,0.3077227618398,-0.1122708808693,-0.2269199743229,-0.3395079786109,0.0405794517200,-0.3948887235783,0.1579928692550,0.0774022388668,-0.2354171899610,-0.2258267263723,-0.0514576736899,0.0331635031283,-0.0302752037580,-0.3390450485046,-0.2370953812570,-0.2061408999901,-0.2702125006307,-0.1724254064671,0.2674250213102,0.4836477365596,0.4189087419049,-0.2035379159124,-0.3531611785282,-0.0778636676855,-0.0437120498031,-0.0136867910987,-0.2615745574923,-0.0475382283657
0.2120173876516,-0.0584849948796,0.5478966227243,0.2013931455675,-0.1715721064328,0.0041311524788,-0.3254533767260,0.3411374348270,-0.2277269312327,-0.0843494924045,-0.2847198852503,-0.1296200410918,-0.2168182985797,0.0024876770356,0.2108407536478,-0.0594139333860,0.1220166404593,0.4141123860025,0.2772614324218,0.0197409560424,-0.2036667239292,-0.0148727942697,0.0065597034450,0.1460876192574,-0.2094786015612,0.4325252513706,0.5803611416219,1.0000000000000,-0.1316436349925,-0.1179988903483,0.1744289620831,-0.1145041495349,0.1824443799511,-0.1759719514172,-0.0599885225822,-0.0020148007403,-0.1623799215204,0.3850615016156,-0.0769336761593,-0.1897133173839,-0.2932365850238,-0.2674234462961,0.1378292807630,-0.3416337294691,-0.3042914814929,-0.1911966805653,-0.2312362259524,-0.2392515470562,0.0567924392348,0.1482468001566,-0.1030324813181,0.1139350545556,-0.1467499483010,-0.2855187682656,-0.2725273617920,-0.1811368208927,0.0440776526938,-0.3264401212972,-0.0361892766478,-0.3303036813206,0.1627645096097,0.1755366980899,0.6149035407141,-0.0151083173533,-0.2074143369748,0.1033975284192,-0.4002190945923,-0.2067690345644,-0.2071890861178,-0.0565108941001
-0.0873463414040,-0.0225655738489,-0.1288774513905,-0.2105825144287,0.5223308238375,-0.0220522990520,0.3391070010232,-0.0064096509458,0.3620281601627,0.1361762826583,0.5201674768482,0.0094234945474,0.4497306851911,-0.0214035113962,0.0541179267390,0.2147449771574,0.2590890905764,0.0013286023405,-0.1687827788964,0.1162778044039,0.3711131242718,0.3887640145284,0.0188346429437,0.4861733748756,0.1694226157786,-0.3997450844798,-0.2139190348697,-0.1316436349925,1.0000000000000,0.1416714581876,0.4059257256065,0.0683101340370,0.0377742914289,0.1144001592176,-0.1551588994814,-0.2396328691778,-0.0699552172939,-0.3539450410395,-0.3128724294173,0.5041147563445,0.0198921153408,0.2290737752741,-0.2254576006122,0.0872922814067,0.0223687004363,0.3492913517148,-0.3438609426999,0.4393858915921,-0.2587107665500,-0.2653907222195,0.1964580406968,0.2652400973753,-0.2625450772013,-0.1081377726131,-0.2587798415865,0.3548172655552,0.2987885821711,0.0903083846666,0.2015285905146,0.0591257668922,-0.4827832374813,-0.3731527211779,-0.2740764471967,0.8068719096855,0.1406837583529,0.1613555737107,0.1219671924764,-0.0116211723851,-0.0007155888605,-0.2754218902486
0.6056261181149,0.0490987716673,-0.2795029468369,-0.2484882571013,0.2930135677967,0.2317877518775,0.4990417752948,-0.1492784171220,0.1998451414118,0.2193376504463,0.3571875545464,0.2838763496296,0.3653499619720,0.3370714001534,0.5678292252348,0.4230326650968,0.1136931138509,0.1309038409178,-0.0418175812341,-0.0666776954849,0.2141261991120,0.3280885851437,0.0573159945538,0.0893224356966,0.2236366399186,-0.1798054566579,-0.3298598628547,-0.1179988903483,0.1416714581876,1.0000000000000,0.1850082201568,0.1500977812002,0.1568184545837,0.5689823292252,0.2265913080912,0.5467241151312,-0.0830586556458,-0.4919233616577,-0.1933682635544,0.2902740234073,0.2382526042802,0.4756035072435,-0.2510050879762,0.1793821386917,0.2357372772782,0.3407251925300,-0.0715530795484,0.3236761255860,0.1738761530463,0.3450925476624,0.4064431132921,0.0373288364957,-0.0668515148450,0.0622804658748,-0.1743093018812,0.1833907922527,0.1656341232037,0.0657292551374,-0.0572171100762,0.1582963079800,-0.2390011486560,-0.5631968505470,-0.2338885566252,0.1163416963161,0.9018393285923,-0.2104866082167,0.3101079723972,0.4110412875264,0.5119290888677,0.0484411718114
0.0100384257362,0.1658485141901,0.1674240206692,0.0790984901995,-0.0047825911016,0.0962104624923,-0.0490962530018,0.3288484421164,0.2294196349213,-0.0823903375854,-0.1238946001075,0.0555502461666,0.0081745310331,-0.1403403697654,0.0460196762205,0.0109729749869,0.1701022872661,0.3005941584089,0.0225570770557,0.2690073703200,-0.0049821517526,0.4270232570096,0.2848598613215,0.5649739081107,0.0839591714774,-0.1540884283109,0.0417764087241,0.1744289620831,0.4059257256065,0.1850082201568,1.0000000000000,-0.1196147835529,0.1273542197519,0.3148383330185,0.2415845328758,0.0522313805777,0.1646322748102,0.0130787605962,-0.0958051994129,-0.0187726955484,0.0902070495049,-0.1356280089050,0.0071774290445,0.0253023253854,-0.1412879963888,-0.1897904486435,-0.1595345989554,0.0235591364387,-0.2541895302598,-0.0718530593112,-0.0628859215794,0.1440248533999,0.1368723363437,-0.1149652685475,-0.0482665369964,0.0232600736546,0.3020569934940,0.2377516937959,0.2743486212033,-0.0042914601343,-0.2028566439659,-0.0851300783712,0.1204559180552,0.2041196839798,0.1884343316836,0.5684232693754,0.0503369008958,0.0184067030751,0.2306594139319,0.1376598365455
0.2431628754508,-0.0004614530258,0.0513503545446,-0.4209738063565,-0.0114272205665,-0.0651605519953,0.2771917448655,-0.0217703999525,0.1720155051268,0.0967171619224,0.3095058436319,0.5845443607493,0.0920043186670,0.4222876043752,0.4948157675544,-0.0241238405534,-0.1186406600001,0.1757019515409,0.4832319209594,0.1513662751235,-0.0623932947196,0.0911994307299,-0.0241626922676,0.0417544498015,-0.0621981999923,-0.2455265853186,0.2043528548568,-0.1145041495349,0.0683101340370,0.1500977812002,-0.1196147835529,1.0000000000000,-0.0619853902022,0.0112993179750,-0.1761694746062,-0.0270198868507,-0.0857168175160,-0.4004831199003,-0.2749955057188,0.0087342941927,0.1197870733954,0.1883369139983,-0.1893431920020,0.1261712106147,0.0892024974414,0.1262749891759,0.1452574644589,0.0138526971439,0.0146162354676,0.0822881269497,0.0602430644277,-0.2248004835913,-0.1036759085070,0.4808747696694,0.0417146398674,-0.1373020864694,0.0011897910840,-0.0073043968207,-0.1137446093276,-0.1791157126920,-0.2800302273065,-0.2518897547960,-0.3458599058883,0.0063701873999,0.1735977103337,-0.4466778263897,0.5071849895048,0.2144043716524,0.0060216803725,-0.3226923210848
0.1731770020322,-0.1506630415146,0.1374445947492,0.0860894020601,-0.0022825625624,0.4144209249546,0.0966059442726,0.2195174160227,0.2187892130547,-0.0713447244197,-0.0390765029495,0.0151704626553,-0.0738713885288,0.0350998140831,0.1563594337071,0.0880575225376,0.0461675462388,0.0425001478921,0.0771918052887,-0.1197754063908,-0.0719313445767,0.0405136585183,-0.0014786884567,-0.0217051113044,0.0564223187173,0.0365119579215,0.1492300097031,0.1824443799511,0.0377742914289,0.1568184545837,0.1273542197519,-0.0619853902022,1.0000000000000,0.1473187823850,-0.0299751481400,0.0904200147794,-0.1754888652037,0.1637183903496,0.0166757597362,-0.0112381329609,0.2816327146077,0.0997136970845,0.1570171612403,0.2366685272400,-0.1411570174575,-0.0023336257135,-0.1456278512550,-0.0993962859947,0.0489052042532,0.2598323007937,0.0508687711029,0.0147770847829,-0.1176868401517,-0.1557647867910,-0.2388379238563,-0.0337050052452,-0.0320866785155,-0.0419297803405,-0.1799397132957,0.0180715299410,-0.0945163769918,-0.0013884480828,0.1508297344781,0.0298159885545,0.0683351760289,0.0523742693332,0.0242050584234,0.3087435143718,0.0879287689067,-0.0939170374371
0.1399069261836,0.2797224376928,-0.2645817318549,0.0427591483218,0.1992787924015,0.0800295054325,0.1092024229726,-0.1595203807388,0.0916162524530,0.2183067324639,0.0982252258245,0.1737490229618,0.2701198597757,0.1108391865421,0.1295938915185,0.2506636269286,0.2932895210699,0.0822543131351,-0.0320568408000,0.0030858560298,0.2854479533540,0.4963066777275,0.5011177560009,0.3539925674978,0.2580389672856,0.0148238011519,-0.2166677310176,-0.1759719514172,0.1144001592176,0.5689823292252,0.3148383330185,0.0112993179750,0.1473187823850,1.0000000000000,0.4785203513251,0.1974931106055,0.2633096778765,-0.2811938839527,0.1377883123671,0.1901249869446,0.3396865001318,0.0840065286256,-0.2346985415937,0.1557317335058,0.2946850136237,0.0310183695564,0.0225232228494,0.2922528930345,0.0516819586420,0.0005456105535,0.2456212210837,0.2460627825324,0.0795010804880,0.1297827887500,0.0373028104750,0.2800203639117,0.3415248687899,0.5639366620027,0.2025706841068,0.2532985896179,0.0257226949309,-0.2875330597357,-0.1633889171590,0.0609503706315,0.5179431600020,0.0428957401932,0.2200343361753,0.1920143695390,0.8731832578457,0.2978450853799
