1.0000000000000,-0.1967214899857,0.1586362914939,0.1988597146243,0.0243748885431,0.1643938895892,0.4840294297381,0.4297382721730,0.2817163580143,0.2318223411364,0.1390480038682,0.0618303453632,0.1204288751199,0.1422043097963,0.5796264809967,0.2533423249767,0.1440312913848,0.1174289963038,-0.0510372589054,0.0620123623131,0.1055754486102,0.1547890112887,0.1321468204231,-0.0368681686250,0.1276806192905,0.0973493008461,0.0188989544693,0.2270521158180,-0.1480072152056,0.4043000804918,0.2199824755489,0.2482486158569,0.0657168987331,0.1543411476650,0.0632908956847,0.5613523041653,-0.3097810926740,0.1806235547940,-0.0083222058252,0.0151448051949,0.4981236193982,0.3245813938509,0.3520314251861,0.1720532851144,0.0836373307284,0.0905262794053,-0.1618494032117,0.0698873630164,-0.0069105304255,0.4026798289969,0.2516344308557,0.1672684105378,-0.2549805172977,-0.3256000402378,-0.2191264314978,-0.0408319836989,-0.0425929842861,-0.0566390394314,-0.1897417221938,0.1164566295065,0.1267738067191,-0.1110847158316,-0.0349333476279,-0.0918009999990,0.2728246043622,0.0548994097859,-0.3797995925824,0.2337462872081,0.0097444089707,0.0501246246230
-0.1967214899857,1.0000000000000,-0.0119111818990,0.6278374636424,-0.2088986922277,0.1308318240065,-0.1709800819615,-0.0958346911299,0.0978287057107,-0.0301727094494,-0.1354679488124,0.4056134425272,-0.1662836478903,0.1402445051465,-0.0793579832388,0.1011451435866,-0.0933817312441,0.2591175645137,0.2205013971395,0.4200848140509,-0.0554980423040,-0.2755111183726,0.5220637895015,0.0224347232317,0.2282195623185,0.6732476277776,0.4676728680438,0.1740851288190,0.0494725485815,0.2272974661420,0.3261620390183,-0.1002478629698,0.0620712701708,0.3891880930000,0.7249024767742,-0.0516079649533,0.8625001119491,-0.1197335483626,0.6650372513832,-0.3111925171244,-0.1507730011410,-0.2549270627451,-0.2208241594711,-0.0321216063319,0.0678167626403,-0.2373441033364,0.3512880497232,-0.2338009007178,0.1806203148074,-0.0170545775840,-0.0429029928392,-0.1117966149847,0.3196466093622,0.2203335436744,0.2045071423572,-0.0929743976871,-0.4171992721005,0.5637275985792,-0.1394606463499,0.1818209524820,0.5890489591943,0.2717806912117,0.2871108192023,-0.1550276931283,0.0212371560043,0.1205311386125,0.3058710111197,-0.0373142019930,0.3474467688536,0.6997096374005
0.1586362914939,-0.0119111818990,1.0000000000000,0.0987678787763,-0.3696521064419,-0.1104738503303,-0.2689067032938,0.5080860472943,-0.1015320126597,-0.2144401164747,-0.3440781693611,0.1739202557071,-0.3828710875367,-0.0005861416690,0.0667402852089,-0.3611593123728,0.0268404511102,0.4593332881731,0.3825682970978,0.3275281605448,-0.2529813449603,0.1377658569681,0.1107680679333,0.3431565196892,-0.1932142054917,0.1242839742084,0.5754469220866,0.7598268158501,-0.1869629390126,-0.1124774864909,0.2022781329759,0.0812486633072,-0.1165501053727,-0.0298888882046,0.0978011703231,0.1090820702452,-0.0464665735978,0.5197970037566,-0.0594363960675,-0.3412690798055,0.0774372503189,-0.3587157045035,0.2773222192532,-0.0499530131232,-0.3097611371059,-0.3658031303927,0.0730178034983,-0.3252447469083,-0.0082528854100,0.0880674882324,-0.2310712579149,0.0393875867929,0.2791710861653,0.2253870285459,0.3326862293258,-0.2471694035607,0.0924479438271,0.0142949955554,0.2230012895087,-0.4011951432383,0.0831565326051,0.3310258163223,0.5517987593332,-0.2096035793046,-0.1450971245974,0.2331231591804,-0.1385392871841,-0.0614234933215,-0.0788239620146,0.0519618696336
0.1988597146243,0.6278374636424,0.0987678787763,1.0000000000000,-0.2323885855859,0.1857336348407,0.0458580584535,0.2748490095123,0.2466195734053,0.1794493918024,-0.1629295175430,0.3293861104888,-0.2599378948990,0.0965036882646,0.0072359173053,0.2336811621099,-0.0078457949351,0.2773890302050,0.0767695441138,0.4267986020436,-0.1221139250100,-0.2432645936562,0.6095574030150,-0.0426992325394,0.3701022329983,0.7398591656636,0.5111727217306,0.2887243356209,-0.0813425177108,0.1545745156868,0.4218405002185,-0.0908676918985,0.0492788403014,0.3940185296012,0.6694220149233,0.2674678956471,0.5124339480086,0.1356000515470,0.7921030737193,-0.3605667109149,0.2060182505539,-0.1759640221755,0.0636002315305,-0.0696282957442,0.1639863208951,-0.3408954964516,0.2431631036807,-0.3398379274614,0.0427670497670,0.0137479906180,0.1366154846182,0.0168491806695,0.2113949714391,-0.0314515242285,0.1550230866660,-0.2679152627759,-0.5024212831287,0.4728196521976,-0.1539236530786,0.3072719792355,0.6691021343179,0.3401607021544,0.3520229547220,-0.3036438100507,-0.0480697059390,0.2693320647311,0.1076857104764,0.0447967662039,0.3110864607820,0.6802139552075
0.0243748885431,-0.2088986922277,-0.3696521064419,-0.2323885855859,1.0000000000000,0.0881125994543,0.3242755025252,-0.0793151123133,0.0760581109411,0.4029614675126,0.5986255513413,-0.1511625177427,0.8557634100695,-0.0497840921484,0.1098408137124,0.4630722506452,0.1325389062438,-0.0606437519609,-0.1826545303644,-0.1651615522573,0.7330082483005,0.3422094673536,-0.0544612041038,0.0649469870465,0.4137739693843,-0.2550667129856,-0.3367231975777,-0.3871890832831,0.5393667283097,0.2203940238705,0.0002132936852,0.0070087311272,0.0439398470824,0.1274533153549,-0.2662297758483,-0.0145200501439,-0.1774139699708,-0.3353365275700,-0.1529755064557,0.9254976644119,-0.0925345377762,0.4329977243760,-0.0576044205309,-0.0192728080228,0.3971998931724,0.6092376849967,-0.2720205385843,0.7917874531737,-0.0725437807081,-0.0434525328165,0.3526016512801,0.2102945077972,-0.3250627307681,-0.2620499932668,-0.2638863778981,0.7300421364320,0.3592646380016,-0.0776869860523,0.0086113706808,0.4845942005486,-0.3544695008932,-0.4348167764457,-0.4130905019982,0.6068229268927,0.1477015694696,-0.3523860311077,0.0518367790825,-0.0650220869416,0.0355861995405,-0.2534841210483
0.1643938895892,0.1308318240065,-0.1104738503303,0.1857336348407,0.0881125994543,1.0000000000000,0.3491289352611,0.0458671252868,0.5645539214959,0.0982594436964,0.1731727354125,0.4098709626769,0.1386070615964,0.2757407954014,0.4389300154380,0.4041489571491,-0.1120464108142,0.0510806425986,0.1778496311696,0.1468420268787,0.1612825701134,-0.0463191898935,0.0659811261412,-0.0712831842553,0.0736869939736,0.1630183889791,0.0200657318268,-0.0187503807329,0.0476541089676,0.3093921331244,0.1547029814730,0.1918069418922,0.7413911360382,0.2594880287686,0.2081018391994,0.0219522707478,0.0755204523746,-0.1221765111528,0.1455764457540,0.0048149254726,0.3296819641440,0.2515018947103,-0.1050662326604,0.3589286833313,0.1570087320076,0.0759175148658,0.2020328098564,0.0685447015512,0.2397308933334,0.1770015632030,0.2316477222275,-0.0339813011109,-0.1224834736618,0.0139184545922,-0.0877802636996,0.0723120473329,-0.1212328834151,0.0590792387575,-0.1595592576398,0.0654902592968,0.1207275751492,-0.1136678118635,-0.0447511853775,0.0375325359297,0.1043741243240,-0.1120709221940,0.1395780676028,0.2070586935423,0.1284539186096,0.1608146752351
0.4840294297381,-0.1709800819615,-0.2689067032938,0.0458580584535,0.3242755025252,0.3491289352611,1.0000000000000,0.2150047121317,0.6132677839189,0.3289335546912,0.5879372645262,0.0353355592897,0.4582269534945,0.3075674715740,0.4105323010546,0.6570158714210,0.1900371146979,-0.2138842820160,-0.2413440330834,-0.1836150559467,0.2404190609328,0.0549565244758,0.0213193096244,-0.2233369486515,0.2349827072422,-0.0057972025934,-0.2523508055927,-0.1202401921109,0.0455692757839,0.2574968379299,0.0212675935184,0.1306755137957,0.2197426217817,0.0821578047875,-0.1913483249327,0.1684083623604,-0.2906191006021,0.0961346751497,-0.0489444792818,0.2843922913911,0.4956606097550,0.8213890330817,0.1456208626320,0.4895629894445,0.1847212331175,0.4576575417241,-0.0733553524832,0.3994567897394,0.0897191127496,0.2542351795912,0.5137908363663,0.0835564384448,-0.4897399868732,-0.4744286463888,-0.4553896167249,0.1933379308427,-0.0641974693067,-0.1227687681728,-0.4098035593414,0.3566878168446,0.0455133226570,-0.2508805427808,-0.2022644369685,0.1487616304149,0.2759728306829,-0.1837093435145,-0.3115047780847,0.2385071753997,0.0027532880898,-0.1303198712858
0.4297382721730,-0.0958346911299,0.5080860472943,0.2748490095123,-0.0793151123133,0.0458671252868,0.2150047121317,1.0000000000000,0.0987451068811,0.2618576178959,-0.0747536153827,-0.0084356292883,-0.1197522754611,-0.0690628360074,0.1958771138384,0.1279048700565,0.0131131074208,0.3523187701770,0.0271540946916,0.2294963663027,-0.0922093856327,0.0030732978682,0.2046854768041,0.0367037328658,0.3651708453390,0.1368306695344,0.3259556443342,0.2997035134622,0.0439035063668,0.0193679646909,0.3914891751117,0.2721760115294,0.0471804642535,0.1039477329052,0.0221368441608,0.2655592795488,-0.2249555307332,0.3256019930653,0.0504306812838,-0.1427381324630,0.3642431054805,-0.0066216797912,0.6748546886728,-0.1101240635612,0.0551618611070,-0.2199669292788,-0.1633884275005,-0.0839035159013,-0.1197898276218,0.1718354441681,0.1288133580462,0.0077826477551,-0.0091339763310,-0.2148851648294,0.0441137558663,-0.1351717118140,-0.1440911468059,-0.0137711348899,-0.2279078081302,0.1828737294711,0.0921547239336,0.1163731617658,0.1370417044828,0.0347347932214,0.0717557098066,0.1529010643056,-0.1708654607594,0.0465048210253,0.0488111909247,0.0079002248095
0.2817163580143,0.0978287057107,-0.1015320126597,0.2466195734053,0.0760581109411,0.5645539214959,0.6132677839189,0.0987451068811,1.0000000000000,-0.0676202943275,0.5038311954718,0.3874590608743,0.1377621991561,0.3749585756493,0.6232157758240,0.5047696656657,0.0339246700400,0.1111882268409,0.2373491473915,0.2627328282262,0.1015678428624,0.0593859881090,0.0822823754846,0.0272850307113,-0.0007100916255,0.1978062080089,0.0395242365318,0.0442902466573,0.2295236369533,0.3276308952141,0.3418499035353,0.0361179974435,0.3270718586748,0.1503294606814,0.1558809799922,-0.0219371929143,0.0837396350479,-0.0319869699513,0.1367429941388,0.0538386634718,0.3594295857096,0.4120923348126,-0.1373832581532,0.5836384004473,-0.0574974855984,0.1963337279907,0.3215123937520,0.0505550792380,0.0731451314593,0.0961867915440,0.2100441794660,0.1073719235468,-0.2258300850649,-0.0022245336704,-0.2015499476222,0.0387121406697,-0.0860101759560,0.0705502820126,-0.1593473777636,0.0459297403803,0.1702243962133,-0.0197060715004,0.0309596694978,0.2123148889428,-0.0511024214851,-0.0160526256772,-0.0622272809367,0.2305863548899,-0.0202124058587,0.1384266990586
0.2318223411364,-0.0301727094494,-0.2144401164747,0.1794493918024,0.4029614675126,0.0982594436964,0.3289335546912,0.2618576178959,-0.0676202943275,1.0000000000000,0.2103062824980,-0.1700596240312,0.4126425068369,0.0914153471214,0.0364017124649,0.4888495066250,0.1803100665687,-0.1887257388897,-0.3597618459894,-0.2673856664319,0.2740618131295,0.0500917705867,0.2045216857009,-0.1423152057993,0.7191195714344,0.0470970251098,-0.1278232332126,-0.1999581079332,0.0566196721249,0.1736597263033,-0.0469718143064,0.2217221585640,0.0663466950309,0.3004747491927,-0.0351359176060,0.0676656595359,-0.1854939028674,-0.1451061365251,0.1754436116158,0.2829982688354,0.1281342882014,0.2704382075542,0.2373219944342,-0.1548109851661,0.8335860453150,0.2540427942802,-0.3322907795673,0.3664901709988,0.2463403086667,0.1367162214101,0.4456774340769,0.1487678850046,-0.3544015688919,-0.5100742007711,-0.3534301304136,0.1909861736343,-0.0012285323422,0.1045634986193,-0.2089221063401,0.6720152588549,-0.0786762608558,-0.3691963820693,-0.2406018596258,0.0589280243038,0.2588426892576,-0.3110184878451,0.0638231923290,0.0578959494311,0.1745065480827,-0.0745287449030
0.1390480038682,-0.1354679488124,-0.3440781693611,-0.1629295175430,0.5986255513413,0.1731727354125,0.5879372645262,-0.0747536153827,0.5038311954718,0.2103062824980,1.0000000000000,0.0079637680853,0.7023923156224,0.1396408510867,0.4109890981335,0.4884789828635,0.1994757486629,-0.1312704368672,-0.0076808049967,-0.1066940315400,0.4777662526883,0.2424929802917,-0.0969329313016,-0.0014203485463,0.1870895208853,-0.0861857273385,-0.2224652974398,-0.2492718349947,0.5740881345917,0.2202260001869,0.0680809367921,0.0927420154578,0.0520624422792,0.0674387601269,-0.2319396522531,-0.2234888201259,-0.1412749880867,-0.3554546436230,-0.0867397730588,0.6347988042951,0.0165707904178,0.6197162756329,-0.2293880263970,0.3142153187864,0.2313204847413,0.8254883046976,-0.1650183957855,0.6254733814807,-0.0056045385500,-0.0548772630877,0.2373586550179,0.2618648571844,-0.5088330969667,-0.2141512378332,-0.4176760871918,0.4587380808630,0.1609425733205,-0.1032766061836,-0.1442058165319,0.2700782345796,-0.1982191185562,-0.4351921843690,-0.3206925953465,0.6336216250243,-0.0414193679212,-0.4257296822193,-0.0453097164028,0.0290556348203,-0.1249366024738,-0.2528782167834
0.0618303453632,0.4056134425272,0.1739202557071,0.3293861104888,-0.1511625177427,0.4098709626769,0.0353355592897,-0.0084356292883,0.3874590608743,-0.1700596240312,0.0079637680853,1.0000000000000,-0.0877179882481,0.4055850868868,0.3549779310003,0.1734421450698,-0.1587664365453,0.2815594334904,0.6305113488576,0.4669273882850,0.0148630115595,-0.0240614264467,0.2608462178946,0.0543408293529,-0.0661055477702,0.4708508096059,0.4606257715038,0.3242507212938,-0.0796849845294,0.2836783337257,0.2010080050545,0.2536660422636,0.3235155748783,0.2194714503415,0.4419219996721,-0.0558478515133,0.3997102311548,-0.0789169822670,0.3461113532434,-0.1867767907883,0.0726919902495,-0.0528927357504,-0.2827623725761,0.2467267531121,-0.1481350366026,-0.1252562739939,0.5669809618042,-0.1449733656968,0.3027108135558,0.1145791407422,-0.0178015831757,-0.0904755036370,0.1075525575683,0.3922951397041,0.1768587881099,-0.0258318453993,-0.1768322520648,0.1589010961996,-0.0807347572900,-0.1491370225957,0.4090190404641,0.2278337741050,0.2337687373174,-0.1422251784649,-0.0420987827339,-0.0920930605325,0.2796441365570,0.1658598707221,0.1007702251304,0.3361360289956
0.1204288751199,-0.1662836478903,-0.3828710875367,-0.2599378948990,0.8557634100695,0.1386070615964,0.4582269534945,-0.1197522754611,0.1377621991561,0.4126425068369,0.7023923156224,-0.0877179882481,1.0000000000000,0.0499924297685,0.2188469838000,0.5149750916064,0.2268549420514,-0.1586939780707,-0.1550165721418,-0.2054648854622,0.7918092156189,0.2997295365091,-0.0829894080875,-0.0120418506824,0.3264375545961,-0.2465081093126,-0.3440408705032,-0.3659428883802,0.4415625443088,0.2877176793235,-0.0741933991934,0.1567020675497,0.1099763438406,0.1745673513506,-0.2503371499937,-0.1037238779658,-0.1803813657292,-0.3941295808054,-0.1725018202344,0.8424066628267,-0.0606663637055,0.5625095892716,-0.1509243956364,0.0777342942078,0.4154440159375,0.7468445472091,-0.2820329009543,0.9315847335254,-0.0106126390913,-0.0019871036214,0.3823362168931,0.2401896887792,-0.4546248462091,-0.2823279933681,-0.3843905244646,0.7678842804058,0.2938576609504,-0.0865023048277,-0.1010101535679,0.3819426821132,-0.3529882585598,-0.5483774693896,-0.4815839289612,0.5328262240397,0.2129345723110,-0.4176951524560,0.0280735871374,0.0347671478064,0.0413673321408,-0.2670051939752
0.1422043097963,0.1402445051465,-0.0005861416690,0.0965036882646,-0.0497840921484,0.2757407954014,0.3075674715740,-0.0690628360074,0.3749585756493,0.0914153471214,0.1396408510867,0.4055850868868,0.0499924297685,1.0000000000000,0.3387598757275,0.2328109292060,0.0219879799854,-0.0387625939425,0.3131184986154,0.0051236843422,0.0156100456654,-0.0004739008026,0.1280078970010,-0.0292096088828,-0.0129324454535,0.3103157226525,0.1929452181619,0.1895560393053,-0.1880739886094,0.1808571196437,-0.0854897027038,0.1985189639430,0.0583127465572,0.0786162295799,0.0919598969449,-0.1996483085342,0.1088084154310,-0.0249644859144,0.1069548239488,-0.1051046336790,0.1676708949755,0.1914656917659,-0.1422074856037,0.3963376062505,0.0543207833154,0.1102667913441,0.5503905768924,-0.0280637882019,0.6970688356147,0.2466746514064,0.1658042225387,0.0170058544291,-0.2771172126596,0.1960500374606,-0.2132908345658,-0.0031562626709,-0.0557144410627,0.0708520588608,-0.1021403121890,-0.0047336709651,0.2723433572589,-0.0166576947691,0.1339634809191,-0.1582531628373,0.0199050373901,-0.2928466981008,0.2489333794383,0.3090610060812,0.0170335942277,0.0380573910808
0.5796264809967,-0.0793579832388,0.0667402852089,0.0072359173053,0.1098408137124,0.4389300154380,0.4105323010546,0.1958771138384,0.6232157758240,0.0364017124649,0.4109890981335,0.3549779310003,0.2188469838000,0.3387598757275,1.0000000000000,0.3299489192922,0.0603027267296,0.1773078456807,0.4147262946045,0.1431339570335,0.2028056796509,0.2180064411075,0.0804169745217,0.0843269631679,-0.0137863120556,0.0407651464625,0.0484408177502,0.1667326882615,0.1332304052198,0.5683851646350,0.2419894885666,0.3499218680594,0.2602237753634,0.1784543955298,0.0431017038712,0.1083413928102,-0.1056829790031,-0.1341267619731,-0.0729766371487,0.1090509774569,0.3106960602254,0.3233239326226,-0.0476215411441,0.3339845275175,0.0070797467589,0.2114897781259,0.0514289886239,0.1666108181940,0.0583109814303,0.3134051668274,0.0933592701501,0.1390607397366,-0.3368120661185,0.0401566851720,-0.2533632714085,0.1154191402883,0.0778300094122,-0.0302056936180,-0.1417680355735,-0.0621880605928,0.0006006261602,-0.2217850056297,-0.0774090808124,0.2159818383239,0.1483741133885,-0.2519509331675,-0.1049778952833,0.3584247979753,-0.0268149602177,-0.0633792348257
0.2533423249767,0.1011451435866,-0.3611593123728,0.2336811621099,0.4630722506452,0.4041489571491,0.6570158714210,0.1279048700565,0.5047696656657,0.4888495066250,0.4884789828635,0.1734421450698,0.5149750916064,0.2328109292060,0.3299489192922,1.0000000000000,0.0871599211285,-0.0415805009892,-0.1158482823469,-0.0171698909520,0.3888244101481,0.0440420126599,0.1021106738492,-0.1522104735473,0.4783636174427,0.1655711087461,-0.1542343805400,-0.2634625516470,0.1895696171418,0.3521207254775,0.1277720477693,0.1182657522879,0.2448107868737,0.2153088758112,0.1026694686363,0.0615751181750,0.0328330296340,-0.2506086569000,0.2094413597108,0.3667231699769,0.2772155430076,0.5899489644694,-0.0245219728713,0.1873704953927,0.4807386242198,0.3514281669245,0.0430716976798,0.3959729748086,0.0620091688292,0.0701703261847,0.7172747238724,0.1225875062850,-0.3433633377947,-0.2813101053841,-0.3338410132847,0.2739773260457,-0.1355470199651,0.0415247542557,-0.2977015202024,0.5356106662855,0.0770890049481,-0.3354937553016,-0.2885972426245,0.1977685830519,0.1522782319852,-0.3156344184185,0.0940426231833,0.1189245633834,0.1068656785815,0.1388631733944
0.1440312913848,-0.0933817312441,0.0268404511102,-0.0078457949351,0.1325389062438,-0.1120464108142,0.1900371146979,0.0131131074208,0.0339246700400,0.1803100665687,0.1994757486629,-0.1587664365453,0.2268549420514,0.0219879799854,0.0603027267296,0.0871599211285,1.0000000000000,-0.1946473535815,-0.2007380819330,-0.2237974008682,0.1131770533372,0.4818270899941,0.2723577380961,0.3991947884233,0.1234848360375,0.0022143472837,0.0254346857126,0.2503084210709,0.0741527285980,0.0425712520199,0.0625338855974,-0.0297918575322,-0.1290276805887,0.1193352159431,-0.0319256845418,0.0135494697714,-0.1259055746465,0.0533158854298,-0.0539241167141,0.1581875118217,0.0254515454724,0.0776148101355,-0.0654828755645,-0.0387478702416,0.1274776379187,0.1479603916946,-0.1814547688581,0.1984079020175,0.0145984329554,-0.0836945197649,0.0873114264372,0.8535069305819,-0.2105070550525,-0.2797404286608,-0.2323368722262,0.0908756104082,0.3969170317053,0.2959592393369,0.3235455684189,0.1077488863239,-0.0803280521550,-0.1064508421263,0.1345553842562,0.0732402236469,0.0087496870922,-0.0182571687297,-0.1349144958805,-0.0967443946832,-0.0225643712326,-0.0511669767511
0.1174289963038,0.2591175645137,0.4593332881731,0.2773890302050,-0.0606437519609,0.0510806425986,-0.2138842820160,0.3523187701770,0.1111882268409,-0.1887257388897,-0.1312704368672,0.2815594334904,-0.1586939780707,-0.0387625939425,0.1773078456807,-0.0415805009892,-0.1946473535815,1.0000000000000,0.5086626731803,0.7663687518240,0.0292984667876,0.1491210719679,0.2659093459015,0.4064848362671,-0.0004358328022,0.2613780444307,0.4568756761667,0.2921114193369,0.1890465985228,0.3056467707877,0.6196831749954,0.1354107311382,-0.0295902089399,0.2231682760145,0.4195778339219,0.2388975098303,0.2875504057869,0.0349378105985,0.2143115822509,-0.1120800931018,-0.0729121311992,-0.3723111703119,0.1031155785958,-0.2335931328112,-0.1497812785152,-0.3302179337222,0.2000447728914,-0.1699232771890,-0.2243745835827,-0.0532239737056,-0.1988431996322,-0.0086540050607,0.5067443307123,0.3280503144843,0.5162151646477,-0.0546486710373,-0.0040070100991,0.1870257420378,0.1684952770533,-0.1482409980048,0.1135578367613,0.1687422509971,0.1770219229011,0.1394794780889,-0.0294421414303,0.2410085181326,0.1414496924066,-0.0316487809684,0.1218316336536,0.3253550022260
-0.0510372589054,0.2205013971395,0.3825682970978,0.0767695441138,-0.1826545303644,0.1778496311696,-0.2413440330834,0.0271540946916,0.2373491473915,-0.3597618459894,-0.0076808049967,0.6305113488576,-0.1550165721418,0.3131184986154,0.4147262946045,-0.1158482823469,-0.2007380819330,0.5086626731803,1.0000000000000,0.5610992503174,-0.0034502006557,0.0086030103934,0.1052119850624,0.1954563768284,-0.2570776236895,0.2286203727127,0.4796314388616,0.3563873110401,0.0048075958475,0.1424152566038,0.1610094354580,0.2243674164134,0.0112626168582,0.0713042429008,0.2598442689058,-0.2063031569498,0.3013019942840,-0.1700796347333,0.1021581890026,-0.1814606082933,-0.1974890139658,-0.2436078603530,-0.2654235294316,0.0648567363947,-0.2907625512030,-0.1229270102176,0.4353382161302,-0.1841135787531,0.1300588837123,0.0593450990199,-0.2587180281540,-0.0550892472241,0.1611928744560,0.6705808007923,0.3084066494567,-0.0420367803313,0.0000925190294,0.0800716430824,0.1064332287943,-0.4083598056600,0.0994337482473,0.1094381311396,0.1982848004500,0.0021089041727,-0.2321374155914,-0.1935504133847,0.2704736136227,0.0272942911637,-0.0143581341273,0.1474710878360
0.0620123623131,0.4200848140509,0.3275281605448,0.4267986020436,-0.1651615522573,0.1468420268787,-0.1836150559467,0.2294963663027,0.2627328282262,-0.2673856664319,-0.1066940315400,0.4669273882850,-0.2054648854622,0.0051236843422,0.1431339570335,-0.0171698909520,-0.2237974008682,0.7663687518240,0.5610992503174,1.0000000000000,-0.0094958077800,-0.0519914052181,0.2927027014041,0.2456365281939,-0.0746389397691,0.4090083083443,0.4946842302699,0.2785039300716,0.1491604982567,0.2351612845586,0.6359502689329,0.0063959048802,0.0771872769069,0.2304124573996,0.6057215588521,0.1488973542241,0.4339155493953,-0.0234105499966,0.3916266973080,-0.1865891813548,-0.0228368620644,-0.3136240187901,-0.0541406128580,-0.0463955425844,-0.2490316614059,-0.3126364469658,0.3666975923590,-0.2260190006219,-0.1293912266412,-0.1023673637977,-0.1352344927565,-0.0516128721447,0.5002265794958,0.4415278804404,0.5442049756809,-0.0561412685870,-0.1833595825713,0.3004085763536,0.0980783922682,-0.2171525591117,0.2787368883392,0.3213746560378,0.2125712041591,0.0157088114585,-0.0870028836288,0.3634213783239,0.1314236802984,-0.0451647293966,0.2083191166878,0.5218932917824
0.1055754486102,-0.0554980423040,-0.2529813449603,-0.1221139250100,0.7330082483005,0.1612825701134,0.2404190609328,-0.0922093856327,0.1015678428624,0.2740618131295,0.4777662526883,0.0148630115595,0.7918092156189,0.0156100456654,0.2028056796509,0.3888244101481,0.1131770533372,0.0292984667876,-0.0034502006557,-0.0094958077800,1.0000000000000,0.2801866808862,-0.0174796156834,0.0930480408602,0.2304440744754,-0.1173749466655,-0.2213527309892,-0.2227348438827,0.3412173073425,0.3293782220360,0.0579219406683,0.1241188011502,0.0944993764076,0.2772430093236,-0.0225174781050,-0.0329730673217,-0.0028842274192,-0.3146458198358,-0.0386143201624,0.6835282339175,-0.0255892218399,0.3105630093425,-0.1410780480415,-0.0237773767343,0.2662677010855,0.4520722049717,-0.1560597360007,0.7611338422277,-0.0356704025009,-0.0449024649721,0.2456473179996,0.1643972008048,-0.2188720183132,-0.1281928330158,-0.1592240654494,0.8700024302616,0.2276629433393,-0.0385698168165,-0.0235804407280,0.2425117417441,-0.1824543208093,-0.3835931348771,-0.3326954091763,0.3987922969003,0.1802178717086,-0.2658426301124,0.0553680351806,0.0146098780933,0.1555372095254,-0.0731069274551
0.1547890112887,-0.2755111183726,0.1377658569681,-0.2432645936562,0.3422094673536,-0.0463191898935,0.0549565244758,0.0030732978682,0.0593859881090,0.0500917705867,0.2424929802917,-0.0240614264467,0.2997295365091,-0.0004739008026,0.2180064411075,0.0440420126599,0.4818270899941,0.1491210719679,0.0086030103934,-0.0519914052181,0.2801866808862,1.0000000000000,0.0285548259526,0.8191509887448,-0.0843975641373,-0.2383839197692,-0.0917888549988,0.1382486007055,0.3626822667296,0.3151421784767,0.2524205348082,0.0714424949339,-0.0645923725784,0.1880609020690,-0.1150914042397,0.0863011152140,-0.2123777135773,0.0122060757115,-0.2814664380470,0.3654100387817,0.0058787440785,0.0437278674270,-0.0337723304647,-0.0608562640712,0.0416347896886,0.1811133028974,-0.1195320659561,0.3016238402532,-0.0569085322818,-0.0323341977194,-0.0332698201535,0.5324703454972,-0.0781889201983,-0.0982451450113,-0.0621078224360,0.2579436947586,0.8091673600006,0.0128057551275,0.6096251614042,-0.0750279823212,-0.3186370614488,-0.2060762080508,0.0788282006237,0.4344538535305,0.1139086622514,-0.0279521992341,-0.0553693321136,-0.0125356317965,-0.0620579335200,-0.2005413652511
0.1321468204231,0.5220637895015,0.1107680679333,0.6095574030150,-0.0544612041038,0.0659811261412,0.0213193096244,0.2046854768041,0.0822823754846,0.2045216857009,-0.0969329313016,0.2608462178946,-0.0829894080875,0.1280078970010,0.0804169745217,0.1021106738492,0.2723577380961,0.2659093459015,0.1052119850624,0.2927027014041,-0.0174796156834,0.0285548259526,1.0000000000000,0.1651351872307,0.4249716470539,0.5403305737966,0.3819577490733,0.2996084801182,-0.0100424808816,0.2383430593101,0.4172249649816,0.0578147881269,-0.0497570932753,0.4389875330548,0.4982614009083,0.2236093162135,0.4894433170274,0.0299464132731,0.6077882888540,-0.1559350227281,0.0614264219805,-0.1782460476582,0.0053716380326,-0.1444800555218,0.1832578872900,-0.2577199558761,0.1500922224426,-0.1376035311246,0.0911369386038,0.0924165336149,-0.0134043614533,0.2468104153598,0.1748567962328,-0.0103846480276,0.1002482038520,-0.0666568432400,-0.1455003986976,0.8192000405853,-0.0064853970089,0.3395717546474,0.4976629790611,0.1398066073946,0.2522881131130,-0.1374086595846,0.0830670973097,0.1180434709652,0.0783356656613,-0.0302785466222,0.2942353041933,0.4506987062544
-0.0368681686250,0.0224347232317,0.3431565196892,-0.0426992325394,0.0649469870465,-0.0712831842553,-0.2233369486515,0.0367037328658,0.0272850307113,-0.1423152057993,-0.0014203485463,0.0543408293529,-0.0120418506824,-0.0292096088828,0.0843269631679,-0.1522104735473,0.3991947884233,0.4064848362671,0.1954563768284,0.2456365281939,0.0930480408602,0.8191509887448,0.1651351872307,1.0000000000000,-0.1736558012964,-0.0511763685043,0.1522453931127,0.2986698109186,0.3570312602610,0.2264996375273,0.4220261433808,-0.0054965464011,-0.1032123042893,0.2426175530712,0.1428117093668,0.0102657630565,0.0929663063759,0.0913985679326,-0.0894498018041,0.0694926539970,-0.0973529329853,-0.3053372684155,-0.0683054061149,-0.1569251223272,-0.0925006352434,-0.1047240165141,0.0486808777305,-0.0060376666984,-0.0760377982746,-0.1281521946585,-0.2284766587463,0.4819243029706,0.2386219502241,0.1203678174433,0.2230860750739,0.0741290896627,0.6721871898175,0.2262927169740,0.7400095354154,-0.2444103542970,-0.1585070021494,0.0068886951196,0.3011930661040,0.3321985741731,-0.0055230368497,0.1789352424962,0.0457824590948,-0.0950931654076,0.0413482016409,0.0446718639499
0.1276806192905,0.2282195623185,-0.1932142054917,0.3701022329983,0.4137739693843,0.0736869939736,0.2349827072422,0.3651708453390,-0.0007100916255,0.7191195714344,0.1870895208853,-0.0661055477702,0.3264375545961,-0.0129324454535,-0.0137863120556,0.4783636174427,0.1234848360375,-0.0004358328022,-0.2570776236895,-0.0746389397691,0.2304440744754,-0.0843975641373,0.4249716470539,-0.1736558012964,1.0000000000000,0.2035826655471,0.0702376838318,-0.2061826424369,0.2492850710779,0.2026467098354,0.1843466510177,0.1079525116404,0.0101929056351,0.3374916545578,0.1509185053333,0.0935330852154,0.0980642217710,-0.2526971374507,0.3874189422010,0.2663251205414,0.0273166808758,0.1874092842017,0.2235774345941,-0.1500817072145,0.6308841028481,0.1587665479892,-0.2181466089285,0.2551433390032,0.0586667505261,0.0537964131020,0.3691959219808,0.1153642718538,-0.1863204940515,-0.4092894571300,-0.2338944733817,0.1529580642796,-0.2241690369513,0.3035301421231,-0.3246028329619,0.8820833280240,0.0890956776869,-0.2302013851667,-0.2512676372926,0.1463651328663,0.1913697466436,-0.2403611255884,0.1218521351700,-0.0654530849465,0.2337406877668,0.1348719287537
0.0973493008461,0.6732476277776,0.1242839742084,0.7398591656636,-0.2550667129856,0.1630183889791,-0.0057972025934,0.1368306695344,0.1978062080089,0.0470970251098,-0.0861857273385,0.4708508096059,-0.2465081093126,0.3103157226525,0.0407651464625,0.1655711087461,0.0022143472837,0.2613780444307,0.2286203727127,0.4090083083443,-0.1173749466655,-0.2383839197692,0.5403305737966,-0.0511763685043,0.2035826655471,1.0000000000000,0.6967013592497,0.4371078291795,-0.0937767822391,0.0651996426215,0.3357885288516,0.0561384110860,0.0186262072308,0.2152390239248,0.6515036126363,0.0083195214908,0.5645720274890,0.0431776248786,0.7170853642125,-0.3471276025346,0.0620799795526,-0.2339927236503,-0.0842885656112,-0.1195507867417,0.0562673265644,-0.2858336067402,0.3309948250614,-0.3321175717845,0.2905595014913,-0.0230500074857,0.0104164951263,0.0485948170581,0.1158687073921,0.0699060567379,0.0916749890077,-0.2484812689098,-0.4975731887380,0.4240263136380,-0.1733538954130,0.1449533928135,0.8516568585743,0.4051143175610,0.4684874410009,-0.2875602087932,-0.2269878950473,0.0516775488491,0.2495849414037,-0.0441313625221,0.1395817468639,0.6139356431227
0.0188989544693,0.4676728680438,0.5754469220866,0.5111727217306,-0.3367231975777,0.0200657318268,-0.2523508055927,0.3259556443342,0.0395242365318,-0.1278232332126,-0.2224652974398,0.4606257715038,-0.3440408705032,0.1929452181619,0.0484408177502,-0.1542343805400,0.0254346857126,0.4568756761667,0.4796314388616,0.4946842302699,-0.2213527309892,-0.0917888549988,0.3819577490733,0.1522453931127,0.0702376838318,0.6967013592497,1.0000000000000,0.6743547022885,-0.0525388486407,-0.0388192617237,0.3477032233652,0.1262436998700,-0.0935621199214,0.0947893282977,0.4688090716473,-0.0727560685758,0.3675613280900,0.1224465728096,0.4052244897881,-0.3811092657277,-0.0512141132559,-0.4257787105002,-0.0299613652763,-0.1280077272303,-0.1757843468052,-0.3931367896034,0.2359457787904,-0.3748347949454,0.1716012631803,-0.0233751689401,-0.2341043405540,0.0852597524856,0.2159177032935,0.2487542595966,0.2445937727794,-0.2815092303829,-0.2888601121085,0.2556161836287,0.0008106235781,-0.1236299733967,0.5146020195720,0.5175178319859,0.5481828054502,-0.2329762786893,-0.2708324867495,0.0790082499261,0.1670550198880,-0.0903636657817,0.0292816109696,0.3824723680669
0.2270521158180,0.1740851288190,0.7598268158501,0.2887243356209,-0.3871890832831,-0.0187503807329,-0.1202401921109,0.2997035134622,0.0442902466573,-0.1999581079332,-0.2492718349947,0.3242507212938,-0.3659428883802,0.1895560393053,0.1667326882615,-0.2634625516470,0.2503084210709,0.2921114193369,0.3563873110401,0.2785039300716,-0.2227348438827,0.1382486007055,0.2996084801182,0.2986698109186,-0.2061826424369,0.4371078291795,0.6743547022885,1.0000000000000,-0.2820718557243,-0.0285172233629,0.2074746198975,0.0672846041846,-0.0610789470722,0.0604131214465,0.3102430099219,0.0953012212049,0.1065679394892,0.4823430250482,0.1457501562355,-0.3796725599509,0.1878934621622,-0.2931077986954,0.0453405822972,0.0156526392043,-0.3244903418395,-0.3759342636002,0.1215634831266,-0.3462648195306,0.1579647410059,0.0175833413744,-0.1919161435554,0.2333803119194,0.1556132134285,0.1387799349343,0.1987119817852,-0.2683305682657,0.0080204857531,0.1478090893485,0.1971870821143,-0.3603601214313,0.3938370399573,0.4205752184610,0.7262497624805,-0.3421233262172,-0.1733227561646,0.1722469899632,-0.1387166495331,-0.0229093739808,-0.0258718843230,0.2435433830604
-0.1480072152056,0.0494725485815,-0.1869629390126,-0.0813425177108,0.5393667283097,0.0476541089676,0.0455692757839,0.0439035063668,0.2295236369533,0.0566196721249,0.5740881345917,-0.0796849845294,0.4415625443088,-0.1880739886094,0.1332304052198,0.1895696171418,0.0741527285980,0.1890465985228,0.0048075958475,0.1491604982567,0.3412173073425,0.3626822667296,-0.0100424808816,0.3570312602610,0.2492850710779,-0.0937767822391,-0.0525388486407,-0.2820718557243,1.0000000000000,0.1419734766701,0.4584381249557,-0.0150454469229,0.0199874632909,0.0986651613190,-0.0399182617379,-0.2266432622108,0.0795701502160,-0.3852013546829,-0.0366389263547,0.5502995125044,-0.2162967493525,0.0676991274058,-0.1164003450492,-0.0552773691857,0.1378442490695,0.4017296558978,-0.1711401095457,0.4065890205375,-0.2264764515483,-0.2301106808199,-0.0594761974645,0.2400790219830,-0.0914691782689,-0.0862728601870,-0.0940682786688,0.3876077081668,0.2462451316954,0.0984881822421,0.1426124538746,0.2345182088046,-0.2425775248478,-0.2004166719177,-0.2119578151770,0.8957453676331,-0.1240845422730,-0.0432604851693,0.1414656740133,-0.1872869058481,-0.1163909618708,-0.1128194469256
0.4043000804918,0.2272974661420,-0.1124774864909,0.1545745156868,0.2203940238705,0.3093921331244,0.2574968379299,0.0193679646909,0.3276308952141,0.1736597263033,0.2202260001869,0.2836783337257,0.2877176793235,0.1808571196437,0.5683851646350,0.3521207254775,0.0425712520199,0.3056467707877,0.1424152566038,0.2351612845586,0.3293782220360,0.3151421784767,0.2383430593101,0.2264996375273,0.2026467098354,0.0651996426215,-0.0388192617237,-0.0285172233629,0.1419734766701,1.0000000000000,0.4100426208439,0.1292786164260,0.1951801599217,0.6299870524135,0.3409860562385,0.3694747500720,0.1692164492009,-0.2173394463126,0.1196925600462,0.1386401647174,0.1778874862575,0.2233668102179,-0.1029865363787,0.1667386291324,0.1394280015664,0.1322821507163,0.0449666874422,0.2404062007956,-0.0315151214168,0.2416734241056,0.1672110730430,0.0871850961835,-0.0329018247947,-0.0593460210614,-0.0890585661550,0.2013553796670,0.0604021253498,0.1532021018507,-0.0803132846357,0.1774988826575,0.0038593853938,-0.2482687061961,-0.2016916453573,0.1569699825191,0.6562132093820,-0.0636415326660,-0.0550456463987,0.3519642327264,0.4257892772694,0.2295234490083
0.2199824755489,0.3261620390183,0.2022781329759,0.4218405002185,0.0002132936852,0.1547029814730,0.0212675935184,0.3914891751117,0.3418499035353,-0.0469718143064,0.0680809367921,0.2010080050545,-0.0741933991934,-0.0854897027038,0.2419894885666,0.1277720477693,0.0625338855974,0.6196831749954,0.1610094354580,0.6359502689329,0.0579219406683,0.2524205348082,0.4172249649816,0.4220261433808,0.1843466510177,0.3357885288516,0.3477032233652,0.2074746198975,0.4584381249557,0.4100426208439,1.0000000000000,-0.0389858351649,0.0897118078302,0.4572392092519,0.5391735733173,0.3169414081609,0.3173328989036,0.0085822643297,0.3147573783255,-0.0340561000149,0.1086830737200,-0.2272808286503,0.1256506835743,-0.0647199721402,-0.0824878595720,-0.2485235318936,0.1206924642442,-0.1116956304760,-0.1979796582671,-0.0353191549816,-0.0960938393526,0.2102584294167,0.3430941836855,0.0650374607097,0.2634283108162,-0.0186665523434,-0.0736570830384,0.4279863305925,0.0840447440643,0.0997503919258,0.2313017928458,0.2145766209876,0.1714919152131,0.2942006568216,0.1093844167225,0.4810152267175,-0.0677835892475,-0.0538176254369,0.2661435685193,0.4405912803845
0.2482486158569,-0.1002478629698,0.0812486633072,-0.0908676918985,0.0070087311272,0.1918069418922,0.1306755137957,0.2721760115294,0.0361179974435,0.2217221585640,0.0927420154578,0.2536660422636,0.1567020675497,0.1985189639430,0.3499218680594,0.1182657522879,-0.0297918575322,0.1354107311382,0.2243674164134,0.0063959048802,0.1241188011502,0.0714424949339,0.0578147881269,-0.0054965464011,0.1079525116404,0.0561384110860,0.1262436998700,0.0672846041846,-0.0150454469229,0.1292786164260,-0.0389858351649,1.0000000000000,0.2020371954344,0.0287037519806,-0.1728071533588,-0.0490653897976,-0.2125787169633,-0.1832989258270,-0.0715002478575,-0.0092339779937,0.1826722107170,0.0947212026387,0.0909873547251,-0.1033087022523,0.1456178067941,0.1081590293276,-0.1102255919551,0.1857579909953,0.1024297889111,0.1382119121746,-0.0415567557570,-0.0881155308468,-0.2844905244429,-0.0821908273711,-0.1706469146807,0.1098922631643,0.0222543536943,-0.1186486628017,-0.2597325721267,-0.0504110018344,0.0291920764398,-0.2733254887164,-0.1928184144623,0.0624183032835,0.1347861625785,-0.3248447162026,0.3238530226830,0.2061151934387,-0.0952124306422,-0.3020529171745
0.0657168987331,0.0620712701708,-0.1165501053727,0.0492788403014,0.0439398470824,0.7413911360382,0.2197426217817,0.0471804642535,0.3270718586748,0.0663466950309,0.0520624422792,0.3235155748783,0.1099763438406,0.0583127465572,0.2602237753634,0.2448107868737,-0.1290276805887,-0.0295902089399,0.0112626168582,0.0771872769069,0.0944993764076,-0.0645923725784,-0.0497570932753,-0.1032123042893,0.0101929056351,0.0186262072308,-0.0935621199214,-0.0610789470722,0.0199874632909,0.1951801599217,0.0897118078302,0.2020371954344,1.0000000000000,0.1603211396889,0.0830626070326,0.0429525527213,-0.0190327948187,-0.0572647461528,0.0391393738359,-0.0069866620053,0.2705066489531,0.1890464707020,-0.0366556222288,0.2062048615752,0.0888476546749,0.0443908760299,0.0454099209830,0.0998799225924,0.1429814563239,0.0983008115821,0.1654025829778,-0.1106529035262,-0.0528717412322,-0.0653898680164,-0.0442775663469,0.0719466218512,-0.0698641094705,-0.0403469870039,-0.1608714293003,-0.0096077390079,0.0355750688597,-0.0791844642191,-0.0838870559472,0.0189104692000,0.1823190780540,0.0016580229959,0.0969400298376,0.0995182639586,0.1501634510158,0.0576272604270
0.1543411476650,0.3891880930000,-0.0298888882046,0.3940185296012,0.1274533153549,0.2594880287686,0.0821578047875,0.1039477329052,0.1503294606814,0.3004747491927,0.0674387601269,0.2194714503415,0.1745673513506,0.0786162295799,0.1784543955298,0.2153088758112,0.1193352159431,0.2231682760145,0.0713042429008,0.2304124573996,0.2772430093236,0.1880609020690,0.4389875330548,0.2426175530712,0.3374916545578,0.2152390239248,0.0947893282977,0.0604131214465,0.0986651613190,0.6299870524135,0.4572392092519,0.0287037519806,0.1603211396889,1.0000000000000,0.4965321401989,0.2664616654677,0.3450705605609,-0.0916490695320,0.3541244886778,0.0041226783051,0.1372177941229,-0.0166308405796,0.0220716589249,0.0027172960670,0.2457017275924,-0.0262377693224,0.0431847308842,0.1365404345965,0.0494322758752,0.1431645812621,0.1091808851329,0.1268249605441,0.0878626735883,-0.0197232033777,0.0359817717386,0.1636267412961,-0.0117695551376,0.3972702909246,-0.0232953522754,0.2906707549185,0.1886261118049,-0.0888811001748,-0.0153209260061,0.0105724044403,0.5306860048080,0.0896519589512,-0.0001667296421,0.1468581611457,0.7522041182015,0.4112823552054
