1.0000000000000,0.0430526537533,-0.1331362760631,-0.0389477195910,0.1202063567255,-0.1914452610347,0.2111806120309,0.0981958240585,0.0191068957483,0.0443749995474,0.1299631667738,-0.0864616210534,0.0268735335817,-0.3126592216825,0.3767608886402,0.0529639886710,-0.0907745989551,0.1886691669380,0.1379247814327,0.2454018022395,-0.0003016622290,-0.3008350490641,0.2262173727286,-0.2241906540454,-0.0727073169085,0.0203978835890,-0.2599778758602,-0.3039225955466,-0.1477130056767,0.3130530607601,0.0278435954281,-0.0500104301578,-0.0224692304782,0.1384380048397,-0.0559025645475,0.6272527057730,-0.2285848499781,-0.3577974910358,-0.1575733281999,-0.1116805873471,-0.1871127584354,-0.0411645740786,0.2674381081530,0.0039070648901,0.0148108036348,-0.1549675706177,-0.0423647073725,-0.1138820463207,-0.2238800973548,0.2369831181664,0.0484684641158,-0.2632086357221,0.1157582322504,-0.0897278780644,0.0673303755525,-0.1524468957242,-0.3025501754214,0.1731207481008,-0.3700141791928,-0.0315938189071,-0.0041260081671,-0.4099652745720,-0.3395747921235,-0.1667027049736,0.1882600548760,0.1384302933952,0.3388983519027,0.1322269291794,-0.1225106270349,-0.1427263387800
0.0430526537533,1.0000000000000,0.1425202641851,0.4628569417466,0.1959379453837,-0.0394575553120,-0.3960809370483,-0.0477749722214,-0.2443499037388,0.0079249419028,-0.0496319975599,0.1148803727521,-0.1145793681025,0.0468380469360,-0.2043424939916,-0.3740692059708,0.1544474836311,0.4290640086601,0.0027793499030,0.1795106683029,0.3018031604725,0.4441506153866,0.5186693761042,0.4468127117327,0.2070339064931,0.1587370172007,0.3170717767944,0.2230083725309,0.0902674353050,0.0538565922103,0.5926078837037,0.1090603954529,-0.1556070315547,0.1629003254685,0.1121257041681,-0.0390122270466,0.7365927924683,0.0337972753846,0.4194432210431,0.1882196967328,-0.0460954593380,-0.3652125476598,-0.2786943746291,-0.3860841882717,-0.0510867449313,0.1178090859139,0.0211212299271,0.0017212599242,0.0048737540951,-0.3463864340171,-0.3413003114188,0.2072841689467,0.6216138074375,0.0523001672629,0.3833489303352,0.2880818695513,0.4321222090457,0.5281037186378,0.4000016776042,0.1484509409927,0.1792926246766,0.2510416439883,0.2885907698177,0.0889937913374,0.1903231682309,0.3241752505877,0.0108199605281,-0.0874584672609,0.0375633753424,0.1067056902108
-0.1331362760631,0.1425202641851,1.0000000000000,0.3156576528656,-0.0849828076007,0.0916123883176,-0.3337992595807,0.1703587004056,-0.0067055756316,0.1185819128947,-0.0407231543857,0.1867316784264,-0.2100503690156,0.4109901972867,-0.0092763948845,-0.1130475307131,0.3133703234128,0.2929719224069,0.4226220966577,0.3662036307433,0.3277701245175,0.6192054381465,0.0992709597081,0.6642619281470,0.2403408292326,0.1851189381462,0.3489569626847,0.7595102033644,0.3540951979148,-0.1629057991702,0.3492326335869,-0.0149197109505,-0.0053594823488,-0.0177603549598,0.1547676935533,-0.4715928662216,0.0274360093307,0.7203399417358,0.1864168246507,0.1765539921761,0.0916663584843,-0.0550052145009,-0.4221883174354,-0.1175856696878,0.1504261715197,0.3405346846903,0.1374826188558,0.1349662766542,0.3367566620837,-0.1364630256786,-0.1609157353316,0.4498498392626,0.0374246766987,0.3452714220799,0.2432849565093,0.4065142723637,0.5148562266202,0.0232564618369,0.5903007150669,0.1276809646577,0.1693305115962,0.2521683961961,0.6748338327207,0.0653011953304,-0.2245557876388,-0.1332071306259,-0.5605179453768,-0.2347214153963,0.2241487289979,0.1451408465186
-0.0389477195910,0.4628569417466,0.3156576528656,1.0000000000000,0.2050779686971,0.1973935237083,-0.1934546915598,0.1136399899907,-0.0753998197358,0.2208275314000,0.0201159037133,0.1476760912474,0.0964150959964,0.2617191212608,-0.0761802464081,-0.0418873193172,0.1737758057914,0.3670641675712,0.1421255352040,0.3935991257576,0.2567595522281,0.4443181546240,0.3740437946596,0.4690580746342,0.4014442255242,0.3379616548897,0.2673592412968,0.3605874269840,0.2287191175611,0.1195193569008,0.3879269767343,0.1814250753229,-0.0478117773217,0.1971071881170,0.4335670733186,-0.0728256643163,0.4396046385022,0.2194026903946,0.7032008170323,0.3699599450765,0.0628193092361,-0.1482210007171,-0.1891951894179,-0.2843675078635,0.2567671397950,0.1704854331826,0.0893800276528,0.2754753283940,0.2129729941750,-0.1316802510894,-0.1060586806362,0.2882677657375,0.3283358071368,0.1878864665066,0.3845027249969,0.3007680787020,0.3418554468965,0.4137849815823,0.4274542293952,0.3633682050082,0.3139447023572,0.2101035631199,0.3748821126327,0.0316819397911,0.0138403808968,0.1562292635182,-0.2705777464642,-0.0316731106991,0.3911084557555,0.4119893298944
0.1202063567255,0.1959379453837,-0.0849828076007,0.2050779686971,1.0000000000000,0.1329723761800,0.0865829104755,0.1963566171428,-0.0636157624192,0.3160623380898,0.1600015917335,0.0810494740191,0.3303414571206,0.0830107077243,0.0201471852256,0.1910477458158,-0.0690017408924,0.0887191674931,0.0643918755661,0.1305122711530,0.3926217260889,-0.0758750117693,0.1135355254560,-0.0221315928752,0.1245604404944,0.1256732796154,0.0648999949354,-0.0147508170633,-0.0668563185777,0.1550087892477,-0.0886511702198,0.1600725951315,0.0318492066392,0.1656896216204,0.0548422243929,0.1068352649961,0.1571294965623,-0.1664587280651,0.0957505457277,0.7593329265195,0.1334988501488,0.1001195219741,0.1342285044982,0.0699888642005,0.2145436655072,0.1048995244676,0.0509714799420,0.4458726190186,0.1121372574945,-0.0097675057770,0.1770184734022,-0.1283155323543,0.0304454106496,0.1132479681742,0.0368933147965,0.4059713755872,-0.1180893002803,0.0768562545437,-0.0655637715881,0.1081192913475,0.1142941655778,-0.0768867623938,-0.0145883320673,0.0391484246160,0.0006836865635,-0.1292266759911,0.2266848086122,0.1832227330326,0.0882776339311,0.0247386478563
-0.1914452610347,-0.0394575553120,0.0916123883176,0.1973935237083,0.1329723761800,1.0000000000000,0.0976637050047,0.1730514594144,0.2564227335601,0.0081031507387,0.1599714137552,0.0212130872300,0.2410403585612,0.0172363234842,-0.0084400257832,0.2740109503828,0.0501716612815,0.0754694506103,-0.0528977642879,-0.0175185590338,0.0761575922435,0.2674672533560,-0.0827969196187,0.2207493336242,0.1146718351851,0.0395477884390,0.2645129713464,0.1630151767705,0.2773054062714,0.0907875234153,0.1300237633456,0.2939860643299,0.4754948052182,0.1336240522870,0.3813482022712,-0.0544237679224,0.1339725090254,0.1451009880031,0.2432669773385,0.2716584199744,0.8308727976851,0.3579594584053,-0.0228345610537,0.1500162620094,-0.0025925908701,0.3281266885290,-0.0838379128070,0.3401492960483,0.0169105389284,-0.0305281374106,0.2695690310806,0.1487972519910,-0.0824992589080,0.0560867117346,-0.0074398311584,0.1554502736830,0.1877123153891,0.0459831591809,0.2283231888969,0.1531980158239,-0.0317736990699,0.2767729951496,0.1712182792499,0.2734016196753,-0.0070180007533,0.0416957017959,-0.0564497312404,0.3755999989312,0.3874578844547,0.3957500443707
0.2111806120309,-0.3960809370483,-0.3337992595807,-0.1934546915598,0.0865829104755,0.0976637050047,1.0000000000000,-0.0944106432042,0.5896525771593,-0.0218055232096,0.3532603487086,-0.1482940023204,0.2923542028674,-0.1692254497350,0.1844576764380,0.6148031959101,-0.2789766588230,-0.4058602662937,-0.1733473221250,-0.2479354108907,-0.3291161633730,-0.4899307785348,-0.1212034235784,-0.4805287103396,-0.2792404060983,-0.1088193412474,-0.3186816800359,-0.3278013902309,-0.1831716427682,0.2805069702552,-0.4018213148645,-0.0652347409209,0.4098883947467,0.0892367885446,0.0673493501078,0.2670077596526,-0.3715311514772,-0.3095387810119,-0.2594526240678,-0.1110200650578,0.1764519823451,0.7480473449493,0.2395763063330,0.6693522437891,-0.0429839834581,-0.1443707843327,-0.0080406345226,0.1125949250136,-0.2329949086622,0.2188817980088,0.6003656854476,-0.3791935513983,-0.4182351252706,-0.2751245274353,-0.4563289701927,-0.3871713010653,-0.4360658230727,-0.1588474785104,-0.4925618356744,-0.1982032406024,-0.2075902642823,-0.3994792901652,-0.3333334571163,-0.0778190879317,0.1239906405477,-0.1031958864325,0.2304716493248,0.3763096837860,0.0054614340050,0.0213616632157
0.0981958240585,-0.0477749722214,0.1703587004056,0.1136399899907,0.1963566171428,0.1730514594144,-0.0944106432042,1.0000000000000,-0.0409281461682,0.5218663975831,-0.1742050779179,-0.1204788119743,0.0193944070092,-0.0235884204158,0.1210758354442,0.2273550708557,0.0541815813884,0.0526333555903,0.1517240361795,0.1614940810726,0.0285418032832,-0.2300778091773,0.1307391064706,-0.1933806399907,0.5289307118536,0.1880319062206,0.0254421243909,-0.0257196917430,0.2616492816306,-0.1182066096219,-0.0663398698494,0.0254229981773,0.0481896667646,-0.1685857661344,-0.1196162887720,-0.0220154088832,-0.2437985260246,-0.1060238535772,-0.1373080147295,0.0726447314914,0.0731717670420,-0.2286176932193,0.5936977329369,-0.0652437308589,0.3440014161329,-0.1684825901928,-0.1461132075477,0.0555230146505,0.1349213205942,0.1395901038450,0.1806690142161,-0.0294302912283,-0.2518528330926,-0.0202529841313,-0.1454819885323,0.0015521518005,-0.2173188864217,-0.0316574921152,-0.2331825792026,0.2889714822550,-0.0359296269984,-0.2920818266328,-0.1856449133457,0.1129405830263,-0.3264199788937,-0.0469765938722,0.3662783557217,0.0956521942292,-0.0272775598533,-0.1157197304439
0.0191068957483,-0.2443499037388,-0.0067055756316,-0.0753998197358,-0.0636157624192,0.2564227335601,0.5896525771593,-0.0409281461682,1.0000000000000,-0.0658080754470,0.2940813239935,0.0415257796391,0.2251582599326,0.0781843982940,0.2279766985194,0.4747488816866,-0.1585016776111,-0.2486778707058,-0.0191767920809,-0.2808610688483,-0.1858458527234,-0.1377421257553,-0.2114551039833,-0.1895539331450,-0.2186165356737,0.0005386629568,0.0161794389780,0.0587997207579,-0.0764085821640,0.0071280676875,-0.1998242311950,-0.0590021791657,0.6483853103510,-0.0634426982749,0.1374953336564,-0.0460333863835,-0.1802095214052,0.0983356933648,0.0081914824145,-0.0632810007377,0.2983652221744,0.5772796008935,-0.0490786025417,0.6786218939187,-0.0794904431687,0.0600424111659,0.1544014894247,0.1198245020067,0.0495223614048,0.0904708815043,0.5654343945490,-0.1082131222088,-0.3824821711279,-0.1261026699799,-0.3795671188076,-0.2123558495217,-0.1710596396867,-0.2072696942009,-0.1606306659339,-0.2222848449815,-0.0990429778390,-0.0356156317689,0.0268608351582,-0.1625566949394,-0.1546106199494,-0.1808959513910,-0.0150878552477,0.3345395350317,0.0229317584157,0.1457976196914
0.0443749995474,0.0079249419028,0.1185819128947,0.2208275314000,0.3160623380898,0.0081031507387,-0.0218055232096,0.5218663975831,-0.0658080754470,1.0000000000000,-0.1699624665297,-0.1697287960605,0.1234880350321,0.1404294887993,0.2279415749344,0.1705366762095,-0.1419562446085,-0.0118801217760,0.0857056536365,0.1624475824752,0.2326319995099,-0.1571112083474,0.1743215872246,-0.1754438594109,0.5100999498888,0.4431925155600,-0.2201102871998,0.0009346966628,-0.1939109678780,-0.1824902158272,-0.2018070306235,0.1141758000579,0.0072503629377,-0.0308301706059,-0.0628208600790,-0.1536087198027,-0.1932331140658,-0.1046864676721,0.1087345533145,0.2645590360899,-0.0550821193563,-0.0888085681594,0.2241589814543,-0.1103699026756,0.8234095746242,-0.0750126007012,-0.1998539294846,0.2439307601713,0.3320979812013,0.0781957866119,0.0997362735541,-0.1632501087383,-0.1051750933577,-0.1034806680292,-0.0706793304371,0.2325782511036,-0.2029114305399,0.0683560853129,-0.2034371089019,0.3769498053110,0.3084221394913,-0.4027648104693,-0.0728180713077,-0.2723844064764,-0.2133676789560,-0.1391379855562,0.1192070311293,0.1503475280930,-0.0506090768121,-0.1418257464162
0.1299631667738,-0.0496319975599,-0.0407231543857,0.0201159037133,0.1600015917335,0.1599714137552,0.3532603487086,-0.1742050779179,0.2940813239935,-0.1699624665297,1.0000000000000,0.2616713078800,0.3545605266346,0.2065666049641,0.1233064466417,0.2322331839755,0.0414643160084,0.0239155622853,0.1215346346674,-0.0564307147339,0.1944093866566,0.1827868548944,-0.1437449449016,0.1340890544256,-0.1432209639495,-0.1219903252460,0.0108227940455,0.0797523148097,0.1808428004564,0.4128613182785,0.0254676018033,-0.1410606853248,0.1633623917751,0.2054347679560,0.3417434470753,0.1440472282736,-0.0312339152866,-0.0238082837540,0.0210527306435,0.2422999801576,0.1464556416900,0.4407937884970,-0.2231592442466,0.1054041638562,-0.2364241413595,0.6594644073686,0.2289719095679,0.3783598729706,0.0702415738600,-0.1367970769810,0.2549799517105,0.0672312464907,-0.0799185693970,0.0179046651744,-0.1273436898289,0.1323482176369,0.1285076899381,-0.0851914726872,0.1151846069532,-0.2166994429181,-0.1757951363595,0.0564239758167,0.0271385804651,0.1788359397723,0.2287461196212,0.0016040776439,-0.1257932481829,-0.0409676326594,0.2620116876605,0.3198997021289
-0.0864616210534,0.1148803727521,0.1867316784264,0.1476760912474,0.0810494740191,0.0212130872300,-0.1482940023204,-0.1204788119743,0.0415257796391,-0.1697287960605,0.2616713078800,1.0000000000000,-0.1183577482120,0.7166191815397,0.2406636814201,0.0133219302007,0.0096410654768,0.0270404160284,0.5962643906400,0.0172522300889,0.2815831044505,0.2742631848465,-0.2226993228406,0.2274191489637,-0.1396063784641,-0.0785652202525,0.2716367561886,0.4089120633504,0.0061041359181,0.2600914249909,-0.0192688744650,-0.1237435782280,-0.1394439998993,-0.0297840616748,0.1110343806989,-0.1377545145398,0.1044317997854,0.3106747600970,0.0556398225621,0.2222801714727,0.0286413389660,-0.0314798350366,-0.3367649191465,-0.1173986946467,-0.1436958136352,0.3784584302070,0.8769409071563,0.0865675047360,0.6393537797462,0.0274433332271,-0.1744909696399,0.1041614377388,-0.0349934548269,0.4523300001174,0.1229189917631,0.2595334763853,0.1694776974414,-0.1832874289900,0.2617515880076,-0.1639636198585,0.0245528998613,0.3182303158456,0.3746696875255,0.0290569891270,0.1538721223053,-0.2273228203090,-0.2810132064074,-0.2341291894623,0.1343682778720,0.1081023080594
0.0268735335817,-0.1145793681025,-0.2100503690156,0.0964150959964,0.3303414571206,0.2410403585612,0.2923542028674,0.0193944070092,0.2251582599326,0.1234880350321,0.3545605266346,-0.1183577482120,1.0000000000000,-0.0207172520140,0.0360570509467,0.4752634636000,-0.0310418224025,0.0077301301223,-0.1127343415466,0.1053688030729,0.1404308667747,-0.1323220666202,-0.1150150665985,-0.1010413949689,-0.0807602973330,0.1332092156282,-0.1138928288746,-0.1649024121981,0.0329758336876,0.2944512356478,-0.1861110100063,0.1979231983827,0.2732215575041,0.3095646036526,0.4522227902183,0.0931849669953,-0.0183868297903,-0.2562210714811,0.2157306098649,0.3305067038571,0.1231214714605,0.3514390992421,0.0034194435394,0.1372951231066,0.0022790818744,0.2125846607803,-0.0935805117750,0.7738608594373,-0.0398974506797,-0.0098066535637,0.5362440208726,-0.0361168181621,-0.0724053864353,0.0764118496097,0.0036570088116,0.2169880894503,-0.1343544354573,-0.0958631443200,-0.0978791433365,-0.1088199749487,0.0388055539278,-0.0924295917802,-0.1832227396255,0.0452046102996,0.1212128757589,-0.1383575899316,0.0688398068433,0.2177555664553,0.2468842550140,0.4507365946095
-0.3126592216825,0.0468380469360,0.4109901972867,0.2617191212608,0.0830107077243,0.0172363234842,-0.1692254497350,-0.0235884204158,0.0781843982940,0.1404294887993,0.2065666049641,0.7166191815397,-0.0207172520140,1.0000000000000,0.3218987119300,0.0806498530908,0.0383140632480,0.0861936626303,0.6446046206979,0.1734187466838,0.3426801954335,0.4021723650579,-0.2892013147945,0.3650668230977,0.0436145861860,0.1729884781740,0.3281414720273,0.6339060057081,0.0143212445704,0.1905700559369,-0.0966047976424,-0.0068224633015,-0.0676608316079,0.0492814870626,0.1948580978785,-0.4167882938323,0.0854642317904,0.5247485466415,0.2306530092896,0.3573543763672,0.0254969988249,0.0001048506038,-0.4440765474974,-0.1188831588606,0.1620821047994,0.4042332630319,0.6573757842607,0.2768476857219,0.8391781864231,0.1080223844101,-0.0341556925891,0.2127224187728,-0.0775808511474,0.5185043624942,0.1522639752726,0.3804136280610,0.2535911450860,-0.2712034147117,0.3971046769501,-0.0149950607206,0.2311981240565,0.3354462595012,0.5879394609473,-0.0593438072428,0.0116107217180,-0.4103908807320,-0.5167872356363,-0.2882120525926,0.1683244518720,0.1394104651425
0.3767608886402,-0.2043424939916,-0.0092763948845,-0.0761802464081,0.0201471852256,-0.0084400257832,0.1844576764380,0.1210758354442,0.2279766985194,0.2279415749344,0.1233064466417,0.2406636814201,0.0360570509467,0.3218987119300,1.0000000000000,0.2045459006892,-0.2507454322761,-0.0839422240799,0.4396974450310,0.1272348350361,0.1503529497082,-0.1613222507888,-0.1765068324298,-0.2240495173695,0.0608055319824,0.2672826244279,-0.1257655582580,0.0210785799991,-0.1575808499931,0.3712181353612,-0.2785648636179,0.0074771102231,0.0033697900015,0.1707695971974,-0.0975806837460,0.1806148341684,-0.2825584637658,0.0581851414967,-0.0097102752183,0.0519349752147,0.0544193391593,0.0990088874953,0.1202421682691,0.1007182535267,0.3536007335411,0.0538874917747,0.2316341335850,0.1082409987862,0.4147182106801,0.7307595481454,0.1518333490184,-0.2509545554475,-0.1449221588760,0.2420013808687,0.0373826178259,0.0435245949568,-0.2569705799932,-0.1554822941090,-0.2688170422251,0.2038535357350,0.3199316763474,-0.2174950751955,0.0441835599915,-0.1638236272904,0.2570463522221,-0.1972788305868,0.0002019463721,0.0156114331911,-0.2325082842723,-0.2482866661518
0.0529639886710,-0.3740692059708,-0.1130475307131,-0.0418873193172,0.1910477458158,0.2740109503828,0.6148031959101,0.2273550708557,0.4747488816866,0.1705366762095,0.2322331839755,0.0133219302007,0.4752634636000,0.0806498530908,0.2045459006892,1.0000000000000,-0.1711122245481,-0.3507924273737,0.0074038724884,-0.0964548266017,-0.2156744294904,-0.3593701314613,-0.1360061534755,-0.3663312498737,-0.1067650956111,-0.0551392863528,-0.2406607547885,-0.1411211430241,-0.1682425033997,0.2919413724300,-0.4400952304172,-0.0391793894108,0.5225897995999,0.0749481648097,0.2098241028270,0.0916071987546,-0.3514890221244,-0.1439165680714,-0.1565629416630,0.1347172631613,0.2899848232051,0.5821298311255,0.2209393440386,0.5040469184801,0.0869575262612,0.0030896183398,0.0763885338411,0.3656709843184,0.0660950785819,0.2770295627591,0.8185014412686,-0.1991399386167,-0.5268144390940,-0.0327279152199,-0.3571706450689,-0.1808218426517,-0.3553735535540,-0.1660492064377,-0.3179098410087,-0.1061691418780,-0.2029036728751,-0.2977610340714,-0.1960307953373,-0.1264429346373,-0.0443574627495,-0.2764989041044,0.1247997025312,0.3398035455370,0.2377255154123,0.2792142313555
-0.0907745989551,0.1544474836311,0.3133703234128,0.1737758057914,-0.0690017408924,0.0501716612815,-0.2789766588230,0.0541815813884,-0.1585016776111,-0.1419562446085,0.0414643160084,0.0096410654768,-0.0310418224025,0.0383140632480,-0.2507454322761,-0.1711122245481,1.0000000000000,0.0929871309597,-0.1008235206427,-0.0705233664476,0.1902543766095,0.3854395408197,0.1249784436133,0.5178255318891,0.4280544659439,-0.0440195294047,0.2192176585780,0.2578067752231,0.5214088188615,-0.0953433825375,0.3697188787396,-0.2083863209582,-0.0453814555303,-0.0185880434326,0.1725512327760,-0.0579004847113,0.1969932651460,0.1935278316105,0.1056743718408,-0.0360446253702,0.0188802222995,-0.1432285248659,-0.1935718469524,-0.1340468480473,-0.1663428874390,0.1751477807696,0.0279212955988,0.0698558559228,-0.0111321449616,-0.2841080775044,-0.1526753652707,0.8977556610627,-0.0101388336643,-0.0222426323422,-0.0249150859903,0.1645926743524,0.4677781294472,0.1107320578219,0.5061859773668,0.2467967831072,-0.0729094806729,0.2358600114468,0.2063096611711,0.3850286886141,-0.0232792964516,0.1448275667802,-0.0603231743353,-0.0090903515736,0.1302574246562,0.2358844924152
0.1886691669380,0.4290640086601,0.2929719224069,0.3670641675712,0.0887191674931,0.0754694506103,-0.4058602662937,0.0526333555903,-0.2486778707058,-0.0118801217760,0.0239155622853,0.0270404160284,0.0077301301223,0.0861936626303,-0.0839422240799,-0.3507924273737,0.0929871309597,1.0000000000000,0.3819243342929,0.7151051587546,0.2063099398803,0.4560600078793,0.1753080696857,0.5300082432465,0.0666274068910,0.1808547059925,0.5659954758253,0.3130394086062,0.1530329380768,0.1273794762172,0.5754853099001,0.1930493457138,-0.0398745446023,0.1587373196907,0.3799361677519,-0.0270078754285,0.3864155428420,0.1307699665199,0.3463973770112,0.2694904119286,-0.0873080853800,-0.4140746537991,-0.2610281372966,-0.4950085828150,-0.1142450132274,0.1600664941188,-0.0834774521485,0.1055368334779,0.0488743390400,-0.2223708150489,-0.2712419534812,0.2218230692128,0.7159126637833,0.4002254631286,0.7297335566447,0.2396077543825,0.3265385218180,0.1651126850933,0.3954192636817,-0.0542760388716,0.1368668000867,0.4456926436643,0.2614925215741,-0.0293215093610,0.0086044340205,0.1546289439796,-0.1389182670023,-0.2055130407535,0.3072608717245,0.3107457963514
0.1379247814327,0.0027793499030,0.4226220966577,0.1421255352040,0.0643918755661,-0.0528977642879,-0.1733473221250,0.1517240361795,-0.0191767920809,0.0857056536365,0.1215346346674,0.5962643906400,-0.1127343415466,0.6446046206979,0.4396974450310,0.0074038724884,-0.1008235206427,0.3819243342929,1.0000000000000,0.5330280272134,0.2415205610929,0.2128757564053,-0.1823178157269,0.2399754178227,-0.0561880087880,0.1176956751233,0.2476740171591,0.5013032941490,-0.0101407671888,0.2471140364391,-0.0207837606508,-0.0863568009578,-0.1388254806641,0.0399855076647,0.1886266132386,-0.1672768314141,-0.1016171367008,0.3565323480048,0.0139168428669,0.2332582410427,-0.0635312221656,-0.1734764147235,-0.2380136441017,-0.2353959019522,0.0184800652563,0.2369096075455,0.5459789366932,0.1181556477572,0.5965713595853,0.1602519494805,-0.1335673253341,0.0092617266495,0.0697849228164,0.6738200574576,0.3786855284376,0.2543174094261,0.0662782793606,-0.2240522818575,0.1886786933540,-0.1602364171349,0.1167358221138,0.1863518787987,0.4004326332381,-0.1240266232396,-0.0494242865434,-0.2851062724662,-0.3502389783685,-0.2515363360616,0.1594921811387,0.0873578525736
0.2454018022395,0.1795106683029,0.3662036307433,0.3935991257576,0.1305122711530,-0.0175185590338,-0.2479354108907,0.1614940810726,-0.2808610688483,0.1624475824752,-0.0564307147339,0.0172522300889,0.1053688030729,0.1734187466838,0.1272348350361,-0.0964548266017,-0.0705233664476,0.7151051587546,0.5330280272134,1.0000000000000,0.1914929044193,0.2452099553531,0.0868542712739,0.3570839718358,0.0465161453501,0.4409907347725,0.3181662625937,0.3153910164042,0.0426326411816,0.2687049886636,0.2237544114618,0.3815509360549,-0.1446554326918,0.3524922425783,0.3647804403776,-0.0735274167640,0.0730988206740,0.1177609060026,0.2346475023398,0.2395016073896,-0.1877832623685,-0.2741283112179,-0.2033717610740,-0.4168942629538,0.0631630032583,0.0743506354490,-0.0794606113641,0.2272977221004,0.1223652584428,0.0610599185942,-0.1889952024876,0.0141010641091,0.4552194744800,0.5362531739379,0.7690196549879,0.2543410860382,0.0771853648249,0.0755344875838,0.1946952293560,-0.0794642906224,0.3525479383989,0.1856248254285,0.2232882604432,-0.1803307919927,0.0377296015134,-0.0724192174190,-0.2107073729495,-0.1931412149561,0.3678427151494,0.2714329719187
-0.0003016622290,0.3018031604725,0.3277701245175,0.2567595522281,0.3926217260889,0.0761575922435,-0.3291161633730,0.0285418032832,-0.1858458527234,0.2326319995099,0.1944093866566,0.2815831044505,0.1404308667747,0.3426801954335,0.1503529497082,-0.2156744294904,0.1902543766095,0.2063099398803,0.2415205610929,0.1914929044193,1.0000000000000,0.4556327269242,0.0714960945091,0.4437668600733,0.2974185539548,0.1558163128185,0.1568324775713,0.3246484812561,0.2239475910943,0.0578506696997,0.2432078985742,0.1134786814359,-0.2640198112030,0.2120914621120,0.0998624898626,-0.1487983887035,0.2477880586901,0.2624662182347,0.2643977577345,0.4678181575318,0.1066813439053,-0.1533948638947,-0.2763479750481,-0.2500972131316,0.3101018616281,0.4514260401257,0.1965640217488,0.4753017104174,0.3037081928420,-0.1189130917049,-0.2752766716573,0.2329035470589,0.2914064825538,0.3416829709603,0.2961544453484,0.9117368125446,0.3862351387055,0.1345016641205,0.4027829015392,0.2451571646516,0.2817529078668,0.1628014934745,0.3398143863891,0.1525218473950,0.0815983858327,0.0934357606647,-0.1924198727554,-0.1512307690666,0.0024637137401,-0.0385020463390
-0.3008350490641,0.4441506153866,0.6192054381465,0.4443181546240,-0.0758750117693,0.2674672533560,-0.4899307785348,-0.2300778091773,-0.1377421257553,-0.1571112083474,0.1827868548944,0.2742631848465,-0.1323220666202,0.4021723650579,-0.1613222507888,-0.3593701314613,0.3854395408197,0.4560600078793,0.2128757564053,0.2452099553531,0.4556327269242,1.0000000000000,0.1254423965497,0.9391979715145,0.1792344251563,0.0776729692766,0.5290986579863,0.7156392578080,0.4148576060904,-0.0106578434444,0.6697867844430,0.1342285475386,-0.0576159868591,0.1455573048607,0.3601697018953,-0.3880079291597,0.5413656114993,0.6356028787236,0.4970235773502,0.3018722007210,0.2349705583932,-0.1258306730446,-0.7102985282105,-0.3444930747938,-0.0782384635367,0.5740762411844,0.1228132611125,0.2293898107434,0.2540026390372,-0.3453162844580,-0.3563557032220,0.5987416889882,0.4390136687770,0.3543363969979,0.4513644009802,0.5258801872626,0.8970956513945,0.2495210107844,0.9264591112956,0.1452898984430,0.1556982698303,0.6421684581494,0.7675875614283,0.2720700209738,0.0406878709987,0.1557556779983,-0.6099857982746,-0.2344408682914,0.3672187422579,0.3711698822025
0.2262173727286,0.5186693761042,0.0992709597081,0.3740437946596,0.1135355254560,-0.0827969196187,-0.1212034235784,0.1307391064706,-0.2114551039833,0.1743215872246,-0.1437449449016,-0.2226993228406,-0.1150150665985,-0.2892013147945,-0.1765068324298,-0.1360061534755,0.1249784436133,0.1753080696857,-0.1823178157269,0.0868542712739,0.0714960945091,0.1254423965497,1.0000000000000,0.1319973960763,0.4001632946580,-0.0223678054740,-0.0729795175369,-0.1348060058621,0.1473552131475,0.0461703443637,0.5217310652452,0.0000084633340,-0.0749309608744,0.0952916059344,-0.0286244033978,0.2661884565140,0.2578133412287,-0.1588874720409,0.1117262265212,-0.0330892890147,-0.0326880657905,-0.1988497883915,0.1141226215018,-0.1345310547059,0.1615201366514,-0.1259900694596,-0.2551224223050,-0.1224986362942,-0.2942609798289,-0.2155200913846,-0.1256469605984,0.0294154843408,0.3516634435885,-0.2016172241943,0.1063847761176,0.0170884346403,0.1992082799912,0.8621340240325,0.0747756982001,0.3733144407447,-0.0543970044503,-0.1967901896093,-0.0683880723194,0.0401060206380,0.1112629778490,0.5777149851139,0.1709304083915,0.1359312202805,-0.0417654031068,-0.0143533160201
-0.2241906540454,0.4468127117327,0.6642619281470,0.4690580746342,-0.0221315928752,0.2207493336242,-0.4805287103396,-0.1933806399907,-0.1895539331450,-0.1754438594109,0.1340890544256,0.2274191489637,-0.1010413949689,0.3650668230977,-0.2240495173695,-0.3663312498737,0.5178255318891,0.5300082432465,0.2399754178227,0.3570839718358,0.4437668600733,0.9391979715145,0.1319973960763,1.0000000000000,0.1997552052795,0.1242609012690,0.5627794272551,0.7288136123045,0.4646575524917,0.0022258647621,0.6614263909297,0.1252978405375,-0.1008963399629,0.1879750759430,0.4174247896927,-0.3608760832839,0.5474063422543,0.5924097071090,0.4725348858169,0.2900672604771,0.1634749051053,-0.1755343462824,-0.6759107226194,-0.3647840104853,-0.1515598959403,0.4995175637169,0.1163477779309,0.2411164035203,0.1865291113552,-0.3790232667207,-0.3660840878274,0.6893507501642,0.4376454707634,0.3719292127893,0.4906704297733,0.5116190697488,0.8374640887747,0.2272864406249,0.9292828658216,0.1116855970824,0.1630702130421,0.6301580471891,0.7385286833241,0.2766833139455,0.0124392678789,0.1202289852625,-0.5511616366357,-0.2361147625765,0.4040689943211,0.4093661115327
-0.0727073169085,0.2070339064931,0.2403408292326,0.4014442255242,0.1245604404944,0.1146718351851,-0.2792404060983,0.5289307118536,-0.2186165356737,0.5100999498888,-0.1432209639495,-0.1396063784641,-0.0807602973330,0.0436145861860,0.0608055319824,-0.1067650956111,0.4280544659439,0.0666274068910,-0.0561880087880,0.0465161453501,0.2974185539548,0.1792344251563,0.4001632946580,0.1997552052795,1.0000000000000,0.2242306450647,0.0810822744814,0.1266585778786,0.4637547500930,-0.1740565045823,0.2631887490835,-0.0299892452272,-0.1214188109086,-0.0609687243164,-0.0100834700751,-0.0606930865087,0.1164911860868,0.0960432527721,0.1921455677790,0.1583686364996,0.0343876364791,-0.2799779471267,0.2281407883082,-0.2602754897562,0.4917342597813,-0.0124327897949,-0.2282358818029,0.0874489557246,0.1111728058325,-0.0404165071160,-0.1217960556102,0.4030886782853,0.0318771735314,-0.1544822448961,-0.0382631987580,0.2501657059450,0.1934915497114,0.3446032862692,0.1960827916895,0.7869854949243,0.1352259280519,-0.0926036809481,0.0767635418162,0.2058178246103,-0.1379369388004,0.3223281390611,0.0494505923579,-0.0383841146731,-0.0823881848885,-0.0804684788146
0.0203978835890,0.1587370172007,0.1851189381462,0.3379616548897,0.1256732796154,0.0395477884390,-0.1088193412474,0.1880319062206,0.0005386629568,0.4431925155600,-0.1219903252460,-0.0785652202525,0.1332092156282,0.1729884781740,0.2672826244279,-0.0551392863528,-0.0440195294047,0.1808547059925,0.1176956751233,0.4409907347725,0.1558163128185,0.0776729692766,-0.0223678054740,0.1242609012690,0.2242306450647,1.0000000000000,0.1158096648699,0.2466149524121,0.0147476915263,-0.0620651075685,-0.0938341391246,0.4478728608801,-0.0079323463430,0.2381024590194,0.2422405150458,-0.2857811518413,0.1280402178941,0.0289233697816,0.4843395711592,0.0743321189231,-0.0713809741325,-0.0875829741485,-0.1123558487988,-0.2202657406474,0.3556907108024,0.0213214287597,-0.1143401748473,0.2112093576608,0.2590203694569,0.1558885817301,-0.0536242880116,-0.0195200691989,0.0842465396391,-0.0094976381381,0.2515121680467,0.1784222354658,-0.1317242613195,-0.0627653607267,-0.0169608761364,0.1245836694962,0.8184114321305,-0.0214451554703,0.1983821175859,-0.1867180921821,-0.0155407710656,-0.2360678408046,-0.0405096305907,0.0554348035581,-0.0197092790601,0.0885369130609
-0.2599778758602,0.3170717767944,0.3489569626847,0.2673592412968,0.0648999949354,0.2645129713464,-0.3186816800359,0.0254421243909,0.0161794389780,-0.2201102871998,0.0108227940455,0.2716367561886,-0.1138928288746,0.3281414720273,-0.1257655582580,-0.2406607547885,0.2192176585780,0.5659954758253,0.2476740171591,0.3181662625937,0.1568324775713,0.5290986579863,-0.0729795175369,0.5627794272551,0.0810822744814,0.1158096648699,1.0000000000000,0.5933834279770,0.2655295380441,0.0294646437805,0.4670477901433,0.2482951481151,0.0700986499945,0.0349435182206,0.2316929667035,-0.2971131602392,0.4737237136213,0.4641357285781,0.2325552743466,0.2621535458255,0.1773242022837,-0.1738949798813,-0.3398302714865,-0.1205242603308,-0.2252286197065,0.1987359519753,0.1259988806597,0.0817354980929,0.1831695990381,-0.1731669414230,-0.1772803757074,0.3799750499137,0.3325442811866,0.3487594831245,0.4234139576640,0.2193371718072,0.4061299327812,-0.0389617384872,0.5127109418851,-0.0222669277077,0.0764665159294,0.8028268790969,0.5572148570510,0.1554628178873,-0.0798006118548,-0.0440917318488,-0.1753597806410,-0.1523186061339,0.2158622903579,0.1873019715784
-0.3039225955466,0.2230083725309,0.7595102033644,0.3605874269840,-0.0147508170633,0.1630151767705,-0.3278013902309,-0.0257196917430,0.0587997207579,0.0009346966628,0.0797523148097,0.4089120633504,-0.1649024121981,0.6339060057081,0.0210785799991,-0.1411211430241,0.2578067752231,0.3130394086062,0.5013032941490,0.3153910164042,0.3246484812561,0.7156392578080,-0.1348060058621,0.7288136123045,0.1266585778786,0.2466149524121,0.5933834279770,1.0000000000000,0.2801606565983,-0.1265274372515,0.2547954602072,0.0869162232142,-0.0322078962593,0.0226238618258,0.2388448082658,-0.5879835439498,0.2638877441009,0.7987466670683,0.3331909005412,0.3253880683455,0.1522144676870,-0.0347857505480,-0.6063233488690,-0.1109594455747,0.0280925760189,0.4465215508375,0.3182800601200,0.2183070729575,0.4676087436303,-0.1679061998821,-0.1852544693377,0.4927073452624,0.0664994969006,0.4154284177259,0.2990379537859,0.4318440808733,0.5810534299561,-0.1073370278244,0.7324997725990,0.0183972592907,0.2432806351991,0.5567828705033,0.9220950622001,0.1564944780947,-0.2257726055162,-0.2830187849108,-0.6413845329213,-0.2549032571361,0.2900323894659,0.2048105360116
-0.1477130056767,0.0902674353050,0.3540951979148,0.2287191175611,-0.0668563185777,0.2773054062714,-0.1831716427682,0.2616492816306,-0.0764085821640,-0.1939109678780,0.1808428004564,0.0061041359181,0.0329758336876,0.0143212445704,-0.1575808499931,-0.1682425033997,0.5214088188615,0.1530329380768,-0.0101407671888,0.0426326411816,0.2239475910943,0.4148576060904,0.1473552131475,0.4646575524917,0.4637547500930,0.0147476915263,0.2655295380441,0.2801606565983,1.0000000000000,-0.0438744112965,0.3811471894173,0.0231689489284,-0.0885717224400,0.0138543479544,0.2133097843077,-0.1183315887136,0.1697526982775,0.2481055991311,0.1297157133497,-0.0055255161283,0.2108815778640,-0.0838162759110,0.0364519628071,-0.1402483676557,-0.2334075523288,0.2137944518776,-0.0495901869292,0.1326500789814,-0.1354985123587,-0.2306413303715,-0.1224275319353,0.5200098399915,0.0043295535674,0.0209232522478,-0.0255099718554,0.2088943580452,0.4344633644371,0.1264102266385,0.4250295630713,0.2589836695717,-0.0920633088504,0.1874575411128,0.2248678603835,0.7043827397294,-0.1108185733930,0.3016822574031,-0.1351888909151,-0.1628907710263,0.1136706971475,0.1686683198440
0.3130530607601,0.0538565922103,-0.1629057991702,0.1195193569008,0.1550087892477,0.0907875234153,0.2805069702552,-0.1182066096219,0.0071280676875,-0.1824902158272,0.4128613182785,0.2600914249909,0.2944512356478,0.1905700559369,0.3712181353612,0.2919413724300,-0.0953433825375,0.1273794762172,0.2471140364391,0.2687049886636,0.0578506696997,-0.0106578434444,0.0461703443637,0.0022258647621,-0.1740565045823,-0.0620651075685,0.0294646437805,-0.1265274372515,-0.0438744112965,1.0000000000000,0.0083526514432,0.0997853350009,0.0089220398146,0.6783568502514,0.3763265380234,0.4392232489634,0.0628138538623,-0.1197701453479,-0.0274615619616,0.0897380039146,0.0683285619935,0.1733816033540,0.0031607776727,-0.0254316152479,-0.1422047270676,0.1737856905675,0.2338119058935,0.2377445019371,0.0786013737389,0.2722109272659,0.2164393081349,-0.1479521590692,0.1846451402777,0.3435637096315,0.2288350296282,-0.0056708026012,-0.0590754986919,0.1229592694730,-0.0606235207150,-0.0684490708860,-0.0498966193419,0.0428859345140,-0.0768311917868,-0.0021986149767,0.7355657759074,0.1282642764313,0.0057205750144,-0.0009929871383,0.2500089957000,0.3045245504717
0.0278435954281,0.5926078837037,0.3492326335869,0.3879269767343,-0.0886511702198,0.1300237633456,-0.4018213148645,-0.0663398698494,-0.1998242311950,-0.2018070306235,0.0254676018033,-0.0192688744650,-0.1861110100063,-0.0966047976424,-0.2785648636179,-0.4400952304172,0.3697188787396,0.5754853099001,-0.0207837606508,0.2237544114618,0.2432078985742,0.6697867844430,0.5217310652452,0.6614263909297,0.2631887490835,-0.0938341391246,0.4670477901433,0.2547954602072,0.3811471894173,0.0083526514432,1.0000000000000,0.0275193559377,-0.0886956392215,0.0621519953416,0.2131866658767,0.0455380574816,0.5429733956697,0.2008583774694,0.3169487505650,0.0459179144152,0.0761617996632,-0.2959092743494,-0.3151224358824,-0.3396652667117,-0.1864612339629,0.1922597316648,-0.1347157559187,-0.0593691870377,-0.1683106421198,-0.3715686308175,-0.3680713334321,0.4371972636283,0.6535968944203,0.0927338142329,0.4482237011160,0.2289368171983,0.6633878074780,0.5606288914532,0.5944368444792,0.2234706343926,-0.0787772323727,0.4435605920352,0.3272598159302,0.2194958312472,0.0981795973088,0.6120340797280,-0.1613982982060,-0.1090688385914,0.1984802683477,0.2335770062173
-0.0500104301578,0.1090603954529,-0.0149197109505,0.1814250753229,0.1600725951315,0.2939860643299,-0.0652347409209,0.0254229981773,-0.0590021791657,0.1141758000579,-0.1410606853248,-0.1237435782280,0.1979231983827,-0.0068224633015,0.0074771102231,-0.0391793894108,-0.2083863209582,0.1930493457138,-0.0863568009578,0.3815509360549,0.1134786814359,0.1342285475386,0.0000084633340,0.1252978405375,-0.0299892452272,0.4478728608801,0.2482951481151,0.0869162232142,0.0231689489284,0.0997853350009,0.0275193559377,1.0000000000000,0.0230126121058,0.3623139445640,0.1576493881744,-0.1678691682757,0.1871082866893,-0.0668201798938,0.2435787729324,0.1518398514963,0.1804744489096,0.0046473414900,-0.1100868821804,-0.1030738825134,0.1139641519018,-0.0033684995990,-0.2896491915421,0.2002316244719,-0.0664661283002,0.0663366148949,-0.0483345585506,-0.1618736447209,0.2741632096668,0.1336648863529,0.3720346315003,0.1639949567871,0.0072262601080,0.0795726142707,0.0240757576683,-0.0290836470427,0.3880212232367,0.1359042670910,0.1092716797855,-0.0148741315007,0.1168394474042,-0.0290768719022,0.0336059339476,0.0588894293905,0.0965402652720,0.0590016975745
-0.0224692304782,-0.1556070315547,-0.0053594823488,-0.0478117773217,0.0318492066392,0.4754948052182,0.4098883947467,0.0481896667646,0.6483853103510,0.0072503629377,0.1633623917751,-0.1394439998993,0.2732215575041,-0.0676608316079,0.0033697900015,0.5225897995999,-0.0453814555303,-0.0398745446023,-0.1388254806641,-0.1446554326918,-0.2640198112030,-0.0576159868591,-0.0749309608744,-0.1008963399629,-0.1214188109086,-0.0079323463430,0.0700986499945,-0.0322078962593,-0.0885717224400,0.0089220398146,-0.0886956392215,0.0230126121058,1.0000000000000,-0.0741238309227,0.3095044193277,-0.0419744888079,-0.0774011866217,0.0453847489269,0.0418661791466,0.0703062225786,0.4181434010945,0.5275690853447,-0.0060901596113,0.5157272278333,-0.0411783080008,0.0398248992667,-0.0752241626414,0.1607370482292,-0.0682196223048,-0.0312961305794,0.6165659149000,0.0155941954176,-0.2688421319551,-0.1445619181907,-0.2687315680168,-0.2130317735988,-0.0999252906613,-0.0690867210230,-0.0776322427916,-0.0973362519851,-0.1523684422705,0.0254596554410,-0.0462810380432,-0.1636511767005,-0.1782856388746,-0.1339496024209,0.0874162035701,0.5948960803389,0.2309227616943,0.3757440784037
0.1384380048397,0.1629003254685,-0.0177603549598,0.1971071881170,0.1656896216204,0.1336240522870,0.0892367885446,-0.1685857661344,-0.0634426982749,-0.0308301706059,0.2054347679560,-0.0297840616748,0.3095646036526,0.0492814870626,0.1707695971974,0.0749481648097,-0.0185880434326,0.1587373196907,0.0399855076647,0.3524922425783,0.2120914621120,0.1455573048607,0.0952916059344,0.1879750759430,-0.0609687243164,0.2381024590194,0.0349435182206,0.0226238618258,0.0138543479544,0.6783568502514,0.0621519953416,0.3623139445640,-0.0741238309227,1.0000000000000,0.4530610797027,0.1582400530217,0.2053578651366,-0.0277184023539,0.2109240595405,0.1225565092854,0.1148434547919,0.0944659466712,-0.1581808130887,-0.0918686155494,0.0005909052225,0.2171154634603,-0.0670319352356,0.3082197937032,-0.0633644385918,0.0886746437163,0.0701352902190,-0.0520167948996,0.3168769473720,0.2955327735139,0.3494551642164,0.1889495377252,0.0773383145890,0.1775715577530,0.1080894889305,0.0049049156403,0.2579860068097,0.0928656101692,0.0618820374869,-0.0177073340792,0.6151037166914,0.1508566148298,-0.1350509730817,-0.0326168998170,0.3100992813498,0.3295950040703
