1.0000000000000,0.1884832119149,0.0296538091198,0.2541455517124,0.1653060103083,-0.1156524470743,0.4123999977658,-0.0306983380651,-0.0152952648428,-0.0523365347799,0.0901417375148,0.2022723349199,0.4109560783142,-0.2419265666418,0.4933529537720,-0.0549365018750,0.2754624244818,0.5539371272199,0.4082263212611,0.5422944490322,0.2773257086026,-0.0170148675132,0.0820028052071,0.2676405441497,-0.0534613189862,0.0628033388149,0.2582970648350,0.2008521071100,-0.1598654499402,0.5796116922600,0.3624205692266,-0.0373131556395,-0.0936904520050,0.1935228007687,0.3776659962546,0.6435695946465,0.1745209792693,-0.0364144686648,0.0484323088589,0.1478015673932,-0.0547742517976,0.1345110413626,-0.0931852692667,-0.0896696078176,-0.1153132513540,0.0042706029142,0.0636809501341,0.4842033362066,-0.3058221127470,-0.0510220014922,-0.0252932687087,0.3135304191007,0.2322579923136,0.1738167382155,0.3855730782329,0.0192732215316,0.0453696258118,0.1138837682309,0.0894072615100,-0.1604025410196,-0.1502910335224,0.0853129326428,0.0081500148696,-0.1138480459536,0.1954920217306,0.2332382117832,-0.0875750438242,-0.0135895631066,0.1648170781539,0.2750688955022
0.1884832119149,1.0000000000000,0.0382345079978,0.1204587667862,0.1813357586970,-0.0667385310520,-0.1098680560772,-0.1599050227143,-0.1134536584976,-0.1982500405350,0.1603123022269,0.0817632239619,-0.1619461481761,0.0395794460389,-0.1360708818665,-0.2457762517940,0.2781186479020,0.2283737295761,-0.1149134180267,0.1424806651668,0.3997804158976,0.5108090208719,0.1802534774791,0.4481582369045,-0.0218871445016,0.1493031720407,0.2573436292946,0.2168697832264,0.2094081215495,0.2628831256936,0.2517717412256,-0.1278955600808,0.3469437406087,0.6564567353222,0.5312484016253,0.4223387616729,0.7238113322199,-0.0324343200480,0.4247733140941,-0.0706030331766,-0.0906620366160,0.0175296559663,-0.1723589114806,-0.1698576690210,-0.1503245733840,0.1141253158812,-0.0293440493137,-0.0217446059815,0.0440728019030,-0.3511539718624,-0.2157402560279,0.2494513942185,0.3032488221254,-0.2186859698079,0.0203131471319,0.2719283800626,0.4359514366072,0.3939187003487,0.4178185407402,-0.0245376905689,0.0425877958445,0.0802119275997,0.1507912199004,0.1410457866001,-0.0620088370842,0.3793546311638,-0.1787219606487,0.0411852461710,0.1990976022370,0.4957583623110
0.0296538091198,0.0382345079978,1.0000000000000,0.2551819729244,0.3803752188313,-0.1174853875770,-0.2713684901000,0.5728505164290,-0.1914335085627,0.5076363198532,0.1436892630478,-0.0405694374773,-0.1282956544531,0.2836714100215,0.0974758242569,-0.0952299850663,0.1001911482511,0.1222607582228,-0.0989360241871,0.0117927412156,0.2423765117116,0.1890403842756,0.1276863035149,0.2869800274040,0.6773049537397,0.4044547964501,0.2506510744404,0.8165909394712,0.4306201247912,-0.2278983949691,0.4701996733982,0.0221557815252,0.1113334826417,-0.1527439835403,-0.2042988200110,-0.2511310483272,-0.1659104354991,0.5080097495228,0.3117383044480,0.3499424057215,-0.0557679546458,-0.2747386358797,0.4253286599084,-0.3831216137355,0.4199300230392,0.0501726412133,-0.1591244902462,-0.0174318907438,0.1900007877135,-0.1476198097013,-0.0774726906490,0.0605438492949,-0.0638528581703,-0.2670476692420,-0.3080457696663,0.4043361123151,-0.0901359138693,0.1907686421620,-0.0757608629423,0.5997358448028,0.3844114840413,-0.0232158842427,0.6792658550082,0.1971157534080,-0.4338379401858,-0.1246960068096,-0.0564059089468,-0.0144467607128,-0.2875214518219,-0.2925493643675
0.2541455517124,0.1204587667862,0.2551819729244,1.0000000000000,-0.0193165876540,-0.1116116085788,0.2321491564655,0.4183137435268,-0.0623163943109,0.3228729051310,-0.0068581156804,0.2807051279971,0.4192894455702,0.1232412572021,0.2253566056937,0.0123956605229,0.4118069719562,0.2099250320017,-0.0168682771234,0.3099404963856,0.0548639918313,0.0331792828771,0.5240460655711,0.1957256164542,0.4002509781480,0.5020627762649,0.4921895927225,0.3682411528640,0.2482568913583,0.3076153318934,0.2418662073583,0.0237897302788,-0.3380809817268,0.0927749349161,0.3247687250007,0.1592708948248,0.2404083176705,0.2196814474502,0.6206470676211,0.0617360650597,0.0393482481491,-0.1031618946009,0.3235645032200,-0.0859358409045,0.2775293862971,-0.0394206187504,0.0993925368381,0.4126474769074,0.0432640603078,0.0346628002023,0.0873049261048,0.4435190161534,0.1643658992992,-0.1575154444156,0.1186060341618,-0.0249797067884,0.1448100045072,0.3988002993093,0.1685528491166,0.2849590759887,0.3023737788842,0.2133262302260,0.3550805174736,0.3120648829524,0.2054869552758,0.1901484135382,-0.0281314113561,-0.1285578075916,0.2118545587192,0.2578745482692
0.1653060103083,0.1813357586970,0.3803752188313,-0.0193165876540,1.0000000000000,0.0597372215848,0.0242826045627,0.2180278230202,-0.0410767532423,0.3717064733171,0.5031445636059,-0.1499036720001,0.0935456228991,0.2243334304229,0.0432489849630,0.1722668517430,-0.0183748965297,0.0278091357400,-0.1143226873762,-0.0708796161281,0.6167751952909,0.0864513437692,0.0466189984964,0.0995917218395,0.4905026399702,0.1768746607942,-0.0101787423033,0.2375966764937,0.2130533212585,0.0336609331663,0.2917552855150,0.0404754228175,0.2536656108741,0.0049435793127,-0.0984805358007,0.3220529010993,-0.1515147638380,0.0710332101053,0.1133214444970,0.8631050526363,0.0351732647855,0.1499500345911,0.2608935830946,-0.1737111983215,0.4269570033255,0.3505594639105,-0.1676533017282,0.1771451889562,0.1296762997074,-0.0815791808070,0.1233989205009,-0.0369548452740,-0.1187448616515,-0.2400485217401,-0.2262516510094,0.5932697333815,-0.0741126106007,0.1538563177915,-0.1395641447800,0.4712029392019,0.1274830766103,-0.2497011431424,0.1790958480843,-0.0283373859017,-0.1703411338302,0.0632237437109,0.0879768532408,0.0303027868620,-0.2099148480226,-0.0835867940976
-0.1156524470743,-0.0667385310520,-0.1174853875770,-0.1116116085788,0.0597372215848,1.0000000000000,0.2937475502064,-0.1927598293036,0.6180102724736,0.0183752868819,-0.0657061859872,0.0580828748584,-0.0260334019352,0.0924970507231,0.2588418800416,0.5971446097417,-0.2276474111463,-0.0557444447724,0.1571179797097,-0.0809206662650,0.0113537385118,-0.1939872824316,-0.1113218610343,-0.2137461366519,-0.0952317362986,-0.0303610260558,-0.0530961497793,-0.2826493274131,-0.1006781478525,0.0589397018307,-0.1233565117699,0.1804231705470,0.3999483455127,-0.0045460817897,0.0107427481953,-0.0118463795588,-0.1786750462379,-0.2839778689183,-0.1185901238746,-0.0200680609808,0.7193262566669,0.5916711074120,-0.2251839806585,0.5131432426237,-0.0021041455667,-0.0413867590781,0.1709354804937,-0.1089334738996,0.0679962816648,0.3601637510175,0.5736189890019,-0.3128098994495,-0.1935398855793,0.1287868205358,-0.1684438031239,0.0632738378713,-0.3275227983190,-0.2177189687111,-0.2906501552741,-0.1207087095708,-0.1331813520150,-0.2532013195856,-0.3647366677637,-0.2593418961606,0.0028789454200,-0.2024764902542,0.1112480751500,0.3130935536298,-0.0755494697835,0.0146719091012
0.4123999977658,-0.1098680560772,-0.2713684901000,0.2321491564655,0.0242826045627,0.2937475502064,1.0000000000000,-0.0628880841053,0.5433630166822,0.0180982765475,0.1067396798949,0.3802537851962,0.5390654672527,-0.0052213858502,0.5734973876486,0.4364003277291,-0.0302574041456,0.1795524260729,0.3856945154691,0.1944368433020,0.0885973378442,-0.4102948110105,-0.1045242415703,-0.2196981700214,-0.1926814807605,0.0727627369147,0.2664667788606,-0.3053535667567,-0.4443453628985,0.4386053483897,-0.2404494276411,0.3144971216415,-0.0527257275875,0.0185418941687,0.1650653358496,0.3359201426128,-0.1557035340717,-0.2677069842734,-0.1824665390558,0.0482760735434,0.2519976110785,0.6376176727466,-0.2553986186079,0.5558247699261,-0.0964996487903,0.1604217556055,0.4137487549222,0.4905643044810,-0.0723021585444,0.2673994206781,0.4388857929307,0.0439242754122,-0.1617740739490,0.2849928955508,0.0418652246018,-0.1744196301699,-0.2596167296205,-0.2208178344541,-0.2609924461203,-0.3210398744372,-0.2244881358249,-0.1277945454285,-0.3307462010882,-0.2887399234954,0.2037099150525,-0.1698226012615,0.2697542437440,0.0713586437368,0.0541087171473,0.0737951880972
-0.0306983380651,-0.1599050227143,0.5728505164290,0.4183137435268,0.2180278230202,-0.1927598293036,-0.0628880841053,1.0000000000000,-0.3752575040788,0.5953903893388,0.3094179149246,-0.1392540030795,0.1165709462628,0.1916586156572,0.1398761650690,-0.0473525804197,-0.0047128222466,-0.0033917875105,-0.2248883946772,-0.0267760768151,0.1600006863301,-0.2348314662029,0.0419553021256,-0.1868059104128,0.7087881675242,0.4271625679624,0.0684376405108,0.4500545313652,0.4047734131097,-0.2190053733034,0.2939264875736,0.0022112300438,-0.1320115041420,-0.1958439595459,-0.2217056937370,-0.1500430892839,-0.2531110258561,0.4877572274285,0.3980602772005,0.2825463704143,0.0235296079086,-0.2955091230370,0.7393430183847,-0.2972633416789,0.4255919754194,0.2319999043731,-0.1996584073772,0.1675475902948,0.1853719953410,-0.0787442463078,0.0087999912355,0.0448143312517,-0.0877911511358,-0.4159847509334,-0.3107448926284,0.2050091826428,-0.2263289730119,0.0874213922083,-0.3193513670794,0.5200055414636,0.4601351897534,-0.0344097579995,0.4512912903645,0.4078674676526,-0.2291446822261,-0.1368593904276,-0.0273181089840,-0.1198096020948,-0.1779990514295,-0.1407375494293
-0.0152952648428,-0.1134536584976,-0.1914335085627,-0.0623163943109,-0.0410767532423,0.6180102724736,0.5433630166822,-0.3752575040788,1.0000000000000,-0.0425818333828,-0.0687701715972,0.4464882296319,0.0730104799481,0.2426319534967,0.4215890490426,0.6052511122506,-0.1990410833091,0.0069038807742,0.4018469229310,0.0344297282683,-0.0506818427690,-0.1428890853162,-0.1103277725862,-0.1092767274655,-0.2352901270688,0.0562115584378,0.2087716631684,-0.3106916407345,-0.2839901139117,0.1860238852444,-0.2914347053037,0.4600784039026,0.1965496134411,-0.0927102348866,0.0290835579907,-0.0218248454602,-0.2050339867788,-0.4208160001957,-0.2101616793724,-0.0798442330218,0.3551099637683,0.6869131722875,-0.4966424905290,0.7706466392287,-0.0821352460221,-0.0332149599787,0.4982346973715,-0.0376740562625,0.1533584816128,0.4598249067312,0.4904104065215,-0.2313476846372,-0.3092256800214,0.4098764514852,-0.0705858486267,-0.0658021115309,-0.2422227233545,-0.3050147175365,-0.1865738872573,-0.2556556362777,-0.1694310085984,-0.2359185030024,-0.4085038550494,-0.4109402049463,0.0696142289089,-0.2880232350720,0.3547549935289,0.2124075576216,-0.0382668709221,-0.0810350253248
-0.0523365347799,-0.1982500405350,0.5076363198532,0.3228729051310,0.3717064733171,0.0183752868819,0.0180982765475,0.5953903893388,-0.0425818333828,1.0000000000000,0.1032158409566,0.0011153427971,0.2229617783419,0.5502239973502,0.2038429459065,0.1284545522839,0.0173547468370,-0.1188327685109,-0.1921537217908,-0.0955014313251,0.3462178977473,-0.2931240054337,0.1720791139238,-0.1816360360793,0.7812257344283,0.5751028920256,0.0191556836084,0.3345875920727,0.0036239034680,-0.1042401408143,0.0088348083993,0.1990822289684,-0.1120625457096,-0.1021699615135,-0.2797020889865,-0.1604545073492,-0.4304607983732,0.1275323162772,0.2555278766550,0.3576610853092,0.0770043134385,-0.1323396067594,0.4123251039760,-0.0816518004839,0.8680768651705,0.0179126651812,-0.0286912914646,0.2154032700502,0.4669298506281,0.1288286642386,0.1981926952654,-0.0070098598386,-0.3466817124180,-0.2837242020679,-0.3723623938908,0.3508155493536,-0.4138683562736,0.0868229585320,-0.4443904297657,0.6485179398988,0.5424238628645,-0.3889021863073,0.2979836232137,-0.0994794947183,-0.1847901883593,-0.3828065052439,0.3351942074164,-0.0432973728940,-0.0628383196688,-0.2827153088558
0.0901417375148,0.1603123022269,0.1436892630478,-0.0068581156804,0.5031445636059,-0.0657061859872,0.1067396798949,0.3094179149246,-0.0687701715972,0.1032158409566,1.0000000000000,-0.1898060565239,0.1796269656841,0.1134677677672,0.0866446654487,-0.0392135393199,-0.1093184827841,0.0472026028120,-0.1272361286123,-0.0354103065042,0.4317858049179,0.0745006357168,-0.1883878178819,-0.0253233474307,0.2171089470464,0.1462653871469,-0.0422442878599,0.1013102894659,0.2809062052630,-0.0890579798355,0.1636338604093,-0.0447375586500,0.0538294313009,0.0612764076034,-0.0965187836212,0.2228530153237,0.0146895342905,0.0947187373697,0.1824926032838,0.5071772870539,-0.0609117849586,0.1802538207188,0.1999441729051,-0.1491330302511,0.0444482116563,0.6525657160711,-0.1599182290071,0.2626408237522,0.0712352008055,-0.1344406831100,-0.0122788927774,-0.0727768097953,0.0641272308607,-0.2150808605163,-0.1522656938975,0.4328194547422,-0.0252976632136,-0.0320807943657,-0.0950230290633,0.1508954387131,0.1120616019809,-0.0246079659966,0.0427566281423,0.2144911537551,-0.2468561971197,-0.0269513078714,-0.0680186886596,-0.1009260804198,-0.1268494307360,-0.0083366031725
0.2022723349199,0.0817632239619,-0.0405694374773,0.2807051279971,-0.1499036720001,0.0580828748584,0.3802537851962,-0.1392540030795,0.4464882296319,0.0011153427971,-0.1898060565239,1.0000000000000,0.2087831828474,0.2645824168709,0.2842170752054,0.2793141305087,0.1099401321314,0.0555121540168,0.4724965315646,0.1939705286736,0.0790806004307,0.0324047647032,0.2016256227124,0.1599825451970,-0.1560303933391,0.2557267994588,0.4160279477612,0.0416139354782,-0.1771482179565,0.2780938679377,-0.0772167965078,0.5279586669061,-0.0058482218616,-0.0656964339836,0.2979786579615,0.1465199387709,0.0737301120029,-0.2119279527456,0.0805948141575,-0.1897407547837,0.0353239562870,0.1524067551943,-0.3032963946050,0.3155709243598,-0.0494188812038,-0.1509230108691,0.8221264392227,0.1924940539145,0.1910087881133,0.0311166340861,0.1255355398866,0.2365389968432,-0.1659092241354,0.4544593813779,0.1167002657739,0.0020769308423,0.0328845638225,0.0632743576880,0.1601645732927,-0.2051426419285,-0.0574478128851,-0.0634754129761,-0.0537839668630,-0.1992487037635,0.1123537938811,0.0391920182679,0.3475646176822,0.1733633159770,0.0360567744943,0.1544109345521
0.4109560783142,-0.1619461481761,-0.1282956544531,0.4192894455702,0.0935456228991,-0.0260334019352,0.5390654672527,0.1165709462628,0.0730104799481,0.2229617783419,0.1796269656841,0.2087831828474,1.0000000000000,-0.0860219702745,0.3068052547746,0.1380909044893,0.1898548253697,0.3335030707180,0.1402222655801,0.4030798090480,0.2967163684626,-0.2573410929015,0.0983796395467,-0.0002530758639,0.0920822739904,0.1822344676443,0.3562311362914,-0.0673072704171,-0.1563488533419,0.3780144739128,-0.0977312363320,0.0671228605919,-0.5111034580328,0.1303080391685,0.2913423900120,0.3369044111220,-0.0315277765944,-0.1925962570850,0.0631702042880,0.1481742076763,0.0480842431818,0.1523033871945,-0.0171362869534,0.0597317914018,0.1497185098075,0.1608259135046,0.1241463327099,0.8881449926286,-0.2065324327706,0.0145178499831,0.2753382204732,0.2329514672527,0.1302252431742,0.0375617501669,0.2563889719130,0.0586872162765,-0.0992754339898,-0.0710558823457,-0.0650486140800,-0.0598265121159,-0.0360017549375,0.0312317138651,-0.1583042778796,-0.1074178285034,0.2121087529815,-0.0078265807180,0.0567224825562,-0.1945804061259,0.3131030007911,0.1940979270114
-0.2419265666418,0.0395794460389,0.2836714100215,0.1232412572021,0.2243334304229,0.0924970507231,-0.0052213858502,0.1916586156572,0.2426319534967,0.5502239973502,0.1134677677672,0.2645824168709,-0.0860219702745,1.0000000000000,0.1670635967941,0.1787242051029,-0.0963870743638,-0.2796438508760,-0.0320008830099,-0.2018251314509,0.2627477101129,-0.0811534500874,-0.0392121294161,-0.1178342988155,0.3885762903423,0.6257914420494,0.0797643548076,0.2381850025576,-0.0445944517749,-0.1255217340283,-0.2629899677467,0.5618112130854,0.1621298185039,-0.0344766546927,-0.3255110650741,-0.2765059360430,-0.2656855136242,-0.0336415615118,0.2200874291054,0.1498132097896,0.0250529930148,0.0880581413756,0.0617760942765,0.1744951599060,0.5312711596761,0.1487223177911,0.2629697081786,-0.0495106972369,0.8078073195469,0.2278641110593,0.1276266207229,-0.1135610899410,-0.4254709811582,-0.0092890802386,-0.4426193976826,0.3247686689115,-0.2311667254460,-0.0657004843380,-0.2667575344355,0.3777894067242,0.4974154168010,-0.2749235981887,0.2329229961931,-0.0674626061456,-0.2090796960399,-0.4683874358057,0.5818856500709,0.2044147061787,-0.1479352134349,-0.3739031045917
0.4933529537720,-0.1360708818665,0.0974758242569,0.2253566056937,0.0432489849630,0.2588418800416,0.5734973876486,0.1398761650690,0.4215890490426,0.2038429459065,0.0866446654487,0.2842170752054,0.3068052547746,0.1670635967941,1.0000000000000,0.3540185226266,-0.0130286888084,0.1624092829915,0.5117609709761,0.2748786634107,0.0874171514935,-0.3686150382188,-0.0783569268276,-0.1680680673531,0.0783219050891,0.3340305817515,0.1485588818757,0.0643656145307,-0.2909258903357,0.3852615734522,0.0100507543740,0.3354627118054,0.0438039679620,-0.0490356319133,0.0218325248069,0.1219718127524,-0.2272489789860,-0.1235774150879,-0.0430325125368,0.0425310160156,0.2556698849919,0.3710547718438,-0.0199551268329,0.3605535104658,0.0914126250567,0.1032035335615,0.2542568961080,0.2629615206405,0.1429225926604,0.4879596044412,0.3111540694576,-0.0292525446263,-0.2348949710961,0.2451470105787,0.0071410672918,-0.0606370382793,-0.3840776777038,-0.1684076504665,-0.3676859704642,-0.0503401200184,0.1175704244961,-0.1621609870497,-0.0564733577782,-0.2268107877321,0.0758865001874,-0.3039252674430,0.3243342693993,0.2524922311685,-0.0268418255729,-0.0721690542395
-0.0549365018750,-0.2457762517940,-0.0952299850663,0.0123956605229,0.1722668517430,0.5971446097417,0.4364003277291,-0.0473525804197,0.6052511122506,0.1284545522839,-0.0392135393199,0.2793141305087,0.1380909044893,0.1787242051029,0.3540185226266,1.0000000000000,-0.2945928533769,-0.1876577609404,0.2264577710458,-0.1269669289484,-0.0192146110415,-0.3111330989221,-0.0282541913069,-0.3136643808261,-0.0004315370699,0.1479513231233,-0.0247746717378,-0.2674062012522,-0.1930050198485,0.1315273749262,-0.1798465808630,0.3230612626782,0.2119114588430,-0.3213399682357,-0.0424525867444,-0.0252819116482,-0.3466247166320,-0.1750957599773,-0.1145581595738,0.1527367264108,0.5633592888261,0.4830019937780,-0.0691785893402,0.5232560405893,0.1473551320402,0.1315028612160,0.3166521897262,0.0485597535579,0.2038585356226,0.4296923801429,0.7688791987290,-0.2670728584286,-0.4239734623634,0.1612614377255,-0.1344018299236,0.0102131062242,-0.3152140587315,-0.1487262292667,-0.3204279529425,-0.0117458941003,0.0773495568508,-0.3105806672275,-0.2615730936263,-0.2390599425733,0.1815130548335,-0.1899903712483,0.2600954359472,0.2773779856923,-0.1977103410993,-0.0688914074180
0.2754624244818,0.2781186479020,0.1001911482511,0.4118069719562,-0.0183748965297,-0.2276474111463,-0.0302574041456,-0.0047128222466,-0.1990410833091,0.0173547468370,-0.1093184827841,0.1099401321314,0.1898548253697,-0.0963870743638,-0.0130286888084,-0.2945928533769,1.0000000000000,0.2234692697960,0.0204943317236,0.2635978264842,0.0762565346793,0.4488049033672,0.4661564374328,0.6276686460476,0.1508657269872,0.1166093441372,0.2077434970463,0.3390411588827,0.2090078691770,0.2814687775910,0.2581343012953,-0.1299906311053,-0.2172252334911,0.2932449317257,0.4361888290611,0.2314378144668,0.3877580266487,0.1203663162805,0.3188627846116,-0.0214362451318,-0.2311985848735,-0.1658124049709,-0.0171063599605,-0.2422517294154,0.0096331896038,-0.2867008137441,0.0023484516204,0.2201930909086,-0.1273658302156,-0.1795431163243,-0.1825422720675,0.8737099504279,0.2875317082408,-0.0334050195479,0.2534826471231,-0.0607748993272,0.4027228990638,0.4401719914935,0.5539754540698,0.1809019615740,0.0336681059212,0.1398118995570,0.2797905657626,0.1493165265652,0.0432888449200,0.2812869942568,-0.1345284250021,-0.1771477362716,0.3323370411305,0.3470555277739
0.5539371272199,0.2283737295761,0.1222607582228,0.2099250320017,0.0278091357400,-0.0557444447724,0.1795524260729,-0.0033917875105,0.0069038807742,-0.1188327685109,0.0472026028120,0.0555121540168,0.3335030707180,-0.2796438508760,0.1624092829915,-0.1876577609404,0.2234692697960,1.0000000000000,0.2659433228367,0.7830954801997,0.2041362321858,0.1439426571891,0.0071239998185,0.3954245526064,-0.0559956083765,-0.1079486252644,0.5042206638578,0.2048311320327,0.1304325928083,0.4520932730166,0.2587666638039,-0.1626361278769,-0.1765588037496,0.3861826239908,0.4444213892123,0.3583344581686,0.2681056397179,0.0118198849652,0.1173726855857,-0.0547280062144,0.0039578652481,0.0347222097375,-0.1337004203811,-0.1189925721415,-0.2592913084374,-0.0326399155315,-0.0888217405158,0.3498281933367,-0.4997533514526,-0.2185371954535,-0.0622541297224,0.1321818817568,0.5790816967314,-0.0063767626221,0.3786342390784,0.0365681870038,0.1344904472970,-0.0015943369584,0.1756074379861,-0.2179134577862,-0.3054542296889,0.2718276139593,-0.0060617050966,0.0570370590383,0.0519770600022,0.1956990127176,-0.3048432190834,-0.1050222230071,0.3452606421995,0.2970091122139
0.4082263212611,-0.1149134180267,-0.0989360241871,-0.0168682771234,-0.1143226873762,0.1571179797097,0.3856945154691,-0.2248883946772,0.4018469229310,-0.1921537217908,-0.1272361286123,0.4724965315646,0.1402222655801,-0.0320008830099,0.5117609709761,0.2264577710458,0.0204943317236,0.2659433228367,1.0000000000000,0.4508027892255,-0.0577427076821,-0.1353062753063,-0.0310295322158,0.0353946124572,-0.3593754855028,0.0386772732553,0.3105020759019,0.0326526161807,-0.2516282135948,0.2905206025441,-0.0171653938257,0.3913896719955,0.0999267504659,-0.1595896139787,0.0553425245111,0.0909613640966,-0.1501379591529,-0.1482907584599,-0.2242052815412,-0.1329559011585,0.0578059594256,0.2637520973756,-0.2779434346402,0.3063569783369,-0.2776367976214,0.0300517748395,0.4263475574916,0.0898917580223,-0.1459282682866,0.0955666951834,0.1088263512947,0.0313849870622,-0.1015254132335,0.6392773245384,0.2230287839255,-0.1483311010180,-0.1449838056602,-0.1325942206937,-0.0498419910362,-0.4404987408692,-0.2856267492566,0.0140732572703,-0.1536619770589,-0.2643187126075,0.0445374789222,-0.0117997910196,0.1909835639137,0.1301445737516,-0.1208429813790,-0.0866391738689
0.5422944490322,0.1424806651668,0.0117927412156,0.3099404963856,-0.0708796161281,-0.0809206662650,0.1944368433020,-0.0267760768151,0.0344297282683,-0.0955014313251,-0.0354103065042,0.1939705286736,0.4030798090480,-0.2018251314509,0.2748786634107,-0.1269669289484,0.2635978264842,0.7830954801997,0.4508027892255,1.0000000000000,0.1293675126946,0.0766474463075,0.1102889900770,0.2961013916486,-0.0879053841210,0.0674213409471,0.5770520093203,0.1811283009619,0.0469306071259,0.5700138243270,0.1751463016815,-0.0603024055108,-0.2779124888346,0.2803712274988,0.4489384300930,0.3024917445395,0.1877405785086,-0.0816368343194,0.1269207091179,-0.1535030619543,0.0361893611413,-0.0083001999836,-0.1215779370006,-0.1065596655357,-0.1766222401797,-0.0360260285904,-0.0086153393962,0.4174347633642,-0.4240167985361,-0.1703654878582,-0.0196740387246,0.1969017471745,0.3994401458260,0.0869937601580,0.5364042088337,-0.0407928960824,0.1388597677674,0.0174586188927,0.1450459096887,-0.2455819851905,-0.2126203194414,0.3196580471612,-0.0727181464570,0.0345228902074,0.2371175209833,0.2120624276273,-0.2572086341787,-0.0546715633339,0.3917906071332,0.3181096333526
0.2773257086026,0.3997804158976,0.2423765117116,0.0548639918313,0.6167751952909,0.0113537385118,0.0885973378442,0.1600006863301,-0.0506818427690,0.3462178977473,0.4317858049179,0.0790806004307,0.2967163684626,0.2627477101129,0.0874171514935,-0.0192146110415,0.0762565346793,0.2041362321858,-0.0577427076821,0.1293675126946,1.0000000000000,0.0875143081947,-0.0617298957724,0.1642326842704,0.3112034081430,0.3145167342972,0.1465587167855,0.2220878850931,0.0982653512809,0.1406832275211,0.1156874689426,0.0896907583609,0.1863852052720,0.3573507932577,0.1807249983752,0.4112763436400,0.0674486017846,-0.0099670163721,0.2250351033116,0.4031131143238,0.0382855155371,0.1407552444245,0.0423850377246,-0.0857910623799,0.3105962401559,0.2745832001420,0.0700052786418,0.4537757924797,0.1956188318347,-0.2042771654201,0.0891553894932,0.0555062340647,0.0791137213466,-0.1515711388785,-0.1517169691816,0.8432411432139,-0.0717027324871,0.0474631556870,-0.0961506367147,0.2115713189110,0.1783662937483,-0.2255248709476,0.1145053245948,-0.0785704504652,-0.2043448416767,-0.0131198541275,0.1298601507401,0.0375800293554,0.0336714806135,0.1275404740601
-0.0170148675132,0.5108090208719,0.1890403842756,0.0331792828771,0.0864513437692,-0.1939872824316,-0.4102948110105,-0.2348314662029,-0.1428890853162,-0.2931240054337,0.0745006357168,0.0324047647032,-0.2573410929015,-0.0811534500874,-0.3686150382188,-0.3111330989221,0.4488049033672,0.1439426571891,-0.1353062753063,0.0766474463075,0.0875143081947,1.0000000000000,0.3649591460054,0.8046294681265,-0.0069355208549,-0.0541447695451,0.1488905200878,0.3077783475975,0.5077045112624,0.0810280169231,0.3937871888617,-0.2352547686951,0.1079501218996,0.3208750422491,0.3853890879971,0.1192105730334,0.5418921994867,0.0658446910591,0.3241045457639,0.0048217566130,-0.2671048284468,-0.1950604318333,-0.1520747455463,-0.3614966884231,-0.1762628821783,-0.1245538322711,-0.0439409341724,-0.1723591542108,-0.0765370152863,-0.3953864198314,-0.3274591874129,0.4243283717851,0.3537814250139,-0.0626465114254,0.1460397962930,0.1776676698301,0.7735620587655,0.4464556408083,0.7717189627508,0.1536960805211,-0.0806728902970,0.2122319939919,0.2561203538050,0.3216183314342,-0.0216301202861,0.4413134169036,-0.2855937862581,-0.0843999705750,0.1885601552741,0.3177188686658
0.0820028052071,0.1802534774791,0.1276863035149,0.5240460655711,0.0466189984964,-0.1113218610343,-0.1045242415703,0.0419553021256,-0.1103277725862,0.1720791139238,-0.1883878178819,0.2016256227124,0.0983796395467,-0.0392121294161,-0.0783569268276,-0.0282541913069,0.4661564374328,0.0071239998185,-0.0310295322158,0.1102889900770,-0.0617298957724,0.3649591460054,1.0000000000000,0.4538278550346,0.2311819560991,0.2116514244521,0.1939776899277,0.2677884646096,0.1412186869055,0.3027068198759,0.4059244787213,-0.1124205843498,-0.1761457598486,0.0836185030100,0.3728224912556,0.1183441627559,0.2745792436206,-0.0502558284005,0.3607583041940,0.1208883772719,-0.1116774571704,-0.2680030247084,0.1020018340403,-0.2910892117358,0.2887059669803,-0.2462877083114,0.0599472424128,0.0219688732511,-0.0646330609581,-0.1657283253210,-0.0781926463530,0.5150802745558,0.0841597114053,-0.0150900232463,0.1406288677916,-0.0618007111365,0.3156099136848,0.7986438569369,0.4041715367335,0.2971499488799,0.0843400309696,0.0050173759998,0.2215461335897,0.0029984769433,0.2936184847109,0.4140793164961,-0.0464683914574,-0.1157535692592,0.2941085876574,0.3455695641278
0.2676405441497,0.4481582369045,0.2869800274040,0.1957256164542,0.0995917218395,-0.2137461366519,-0.2196981700214,-0.1868059104128,-0.1092767274655,-0.1816360360793,-0.0253233474307,0.1599825451970,-0.0002530758639,-0.1178342988155,-0.1680680673531,-0.3136643808261,0.6276686460476,0.3954245526064,0.0353946124572,0.2961013916486,0.1642326842704,0.8046294681265,0.4538278550346,1.0000000000000,0.0262403315760,0.0164677967530,0.3409024087887,0.4820887606087,0.3422735797372,0.2174828729607,0.5026930823717,-0.1990647236963,-0.0262510363390,0.2770885362169,0.4959133475992,0.2065500250042,0.5122189836821,0.0956452434463,0.2496767968831,0.0312583524669,-0.3189331322405,-0.2448036649982,-0.2038944243549,-0.3629495909538,-0.1362795405500,-0.2470358304458,0.0171835385036,0.0469665575200,-0.2207983449653,-0.4005767306322,-0.2990951194207,0.5983578239134,0.4468384199495,0.0297776734147,0.2215147890980,0.1755257446750,0.5670810285210,0.4584676896153,0.7804632920081,0.1154351109295,-0.1459516092015,0.1923500636366,0.3268312848570,0.0679117150607,-0.0559481701681,0.4110159899559,-0.2249638131878,-0.1378914985191,0.2813625717714,0.3538012074768
-0.0534613189862,-0.0218871445016,0.6773049537397,0.4002509781480,0.4905026399702,-0.0952317362986,-0.1926814807605,0.7087881675242,-0.2352901270688,0.7812257344283,0.2171089470464,-0.1560303933391,0.0920822739904,0.3885762903423,0.0783219050891,-0.0004315370699,0.1508657269872,-0.0559956083765,-0.3593754855028,-0.0879053841210,0.3112034081430,-0.0069355208549,0.2311819560991,0.0262403315760,1.0000000000000,0.4821046612672,0.0773222955507,0.4874655570900,0.4285009855449,-0.1374424055722,0.2577300396396,0.0613649889664,-0.0603632538839,-0.0429871052146,-0.1889010384120,-0.1056082580601,-0.2250948058181,0.3516202848815,0.4272073406632,0.4790508874211,0.0210261468627,-0.2359576217737,0.6657541995196,-0.2873594111955,0.7458632172497,0.1118858721004,-0.2180723044018,0.1394653440916,0.3394693141916,0.0429912949952,0.0617433306943,0.1148146271549,-0.1762066911004,-0.4401569549784,-0.3267848592608,0.3768429350591,-0.1341480860271,0.2315059633878,-0.2138181710675,0.8749235179230,0.5034147646028,-0.2061591413318,0.4826472234309,0.2605002665396,-0.2327502469592,-0.1178621719954,0.1249007633586,-0.0429389356230,-0.0863082853975,-0.1767997098044
0.0628033388149,0.1493031720407,0.4044547964501,0.5020627762649,0.1768746607942,-0.0303610260558,0.0727627369147,0.4271625679624,0.0562115584378,0.5751028920256,0.1462653871469,0.2557267994588,0.1822344676443,0.6257914420494,0.3340305817515,0.1479513231233,0.1166093441372,-0.1079486252644,0.0386772732553,0.0674213409471,0.3145167342972,-0.0541447695451,0.2116514244521,0.0164677967530,0.4821046612672,1.0000000000000,0.3138385223288,0.4763537930615,0.0750523375120,0.0379151760972,0.0798448266062,0.2757025710757,-0.0219464677171,-0.0023179898701,0.0071764890843,-0.0910805544806,-0.0612591834937,0.1311727689587,0.4888562324581,0.1183979287275,0.0278960776772,-0.0732047656446,0.2253281995952,-0.0493526628750,0.5192622115282,0.1033926873391,0.1629160010450,0.2383216874468,0.5803812346743,0.1016880406937,0.1721991807587,0.1343735690437,-0.2055261281065,-0.1280833720885,-0.1557073523364,0.2940061728544,-0.1746416083856,0.1512455409460,-0.1500338830440,0.4042205673407,0.7306384776928,-0.0973894380791,0.4045532740397,0.0239569991072,-0.1275713015501,-0.2008158416092,0.3133752558254,0.0406988420409,-0.0475803712027,-0.0420857343387
0.2582970648350,0.2573436292946,0.2506510744404,0.4921895927225,-0.0101787423033,-0.0530961497793,0.2664667788606,0.0684376405108,0.2087716631684,0.0191556836084,-0.0422442878599,0.4160279477612,0.3562311362914,0.0797643548076,0.1485588818757,-0.0247746717378,0.2077434970463,0.5042206638578,0.3105020759019,0.5770520093203,0.1465587167855,0.1488905200878,0.1939776899277,0.3409024087887,0.0773222955507,0.3138385223288,1.0000000000000,0.3666473678085,0.1628573147709,0.3490779887173,0.1166991919432,0.2795790363295,-0.1627565398368,0.1458538534519,0.2902610565028,0.0850490658139,0.2063518864045,0.0147786303702,0.2316313091105,-0.0800851625526,-0.0725566865920,0.0370880966746,-0.1137117768275,-0.0113332705644,-0.0718943394904,0.0825894860817,0.1886910127732,0.3893934430498,-0.1558827098267,-0.2316833998741,0.0406591595492,0.2143730191695,0.1602959022108,0.0938814930907,0.1477865137561,0.0178813057321,0.1462339302519,0.0475537103741,0.1880307354331,-0.0972260996682,-0.0517308794325,0.4001883911437,0.1529032458182,0.0846331207120,0.0693919157467,0.0859761536269,-0.0519053367819,-0.1397354112301,0.1448434176337,0.0996196660615
0.2008521071100,0.2168697832264,0.8165909394712,0.3682411528640,0.2375966764937,-0.2826493274131,-0.3053535667567,0.4500545313652,-0.3106916407345,0.3345875920727,0.1013102894659,0.0416139354782,-0.0673072704171,0.2381850025576,0.0643656145307,-0.2674062012522,0.3390411588827,0.2048311320327,0.0326526161807,0.1811283009619,0.2220878850931,0.3077783475975,0.2677884646096,0.4820887606087,0.4874655570900,0.4763537930615,0.3666473678085,1.0000000000000,0.4437527687327,-0.1095879320554,0.5205285835944,-0.0409161753320,0.0119110191289,-0.0614105016137,-0.0196351203853,-0.1400004674631,0.1212774446457,0.5225012562426,0.4266399726414,0.2164104589739,-0.2545781823309,-0.3830224980257,0.3225374597459,-0.4667856321696,0.2489330502152,-0.0102120991528,-0.1742914285279,0.0547455915833,0.1079148390153,-0.2808484911755,-0.2292097533842,0.3364950920852,0.1186773053251,-0.2159831096508,-0.1286901317548,0.3387704700701,0.1290758844200,0.3295649479709,0.2106885067734,0.4128585913260,0.3973565908469,0.1839178050623,0.7926470862747,0.2928467785101,-0.3633314776430,0.0185141294456,-0.1676769352809,-0.1384600431963,-0.1469126894180,-0.1379352897208
-0.1598654499402,0.2094081215495,0.4306201247912,0.2482568913583,0.2130533212585,-0.1006781478525,-0.4443453628985,0.4047734131097,-0.2839901139117,0.0036239034680,0.2809062052630,-0.1771482179565,-0.1563488533419,-0.0445944517749,-0.2909258903357,-0.1930050198485,0.2090078691770,0.1304325928083,-0.2516282135948,0.0469306071259,0.0982653512809,0.5077045112624,0.1412186869055,0.3422735797372,0.4285009855449,0.0750523375120,0.1628573147709,0.4437527687327,1.0000000000000,-0.2619342341103,0.4059275925501,-0.2477133646357,0.0386186795191,0.0148828063333,0.0837726553731,-0.0887519476966,0.2338515313157,0.3585425140527,0.4873168957263,0.1919268152073,-0.0149461415545,-0.2236403796434,0.4355499555492,-0.3705900680832,-0.0438592915721,0.1921332437359,-0.3077972312398,-0.0664053381638,-0.1204895691672,-0.2983507586918,-0.1509125504690,0.1933520151373,0.2539305618486,-0.4114663679431,-0.1307885133259,0.2957187284202,0.3833865765112,0.2136351141057,0.3100810853522,0.3581670745495,0.1300628314443,0.2109044935174,0.3386638314036,0.7640238057831,-0.2659951511173,0.2958186072606,-0.4498641435018,-0.1260465214232,-0.1041045281534,0.0702750968700
0.5796116922600,0.2628831256936,-0.2278983949691,0.3076153318934,0.0336609331663,0.0589397018307,0.4386053483897,-0.2190053733034,0.1860238852444,-0.1042401408143,-0.0890579798355,0.2780938679377,0.3780144739128,-0.1255217340283,0.3852615734522,0.1315273749262,0.2814687775910,0.4520932730166,0.2905206025441,0.5700138243270,0.1406832275211,0.0810280169231,0.3027068198759,0.2174828729607,-0.1374424055722,0.0379151760972,0.3490779887173,-0.1095879320554,-0.2619342341103,1.0000000000000,0.1154826737969,0.0633933271993,-0.1042958045634,0.4597954105376,0.5535940439321,0.5861913408879,0.2728367106081,-0.3006368859051,0.0907954072018,-0.0216959610373,0.1397949321321,0.2022627018528,-0.2197143835193,0.0681206062958,-0.0573137340557,-0.0700434251171,0.1544639691306,0.3616982830988,-0.2209540185383,0.0457218360558,0.1549493966383,0.2424039054770,0.1436230884801,0.1703353266367,0.3745816029932,-0.1336440640824,0.2067265557398,0.2240479810032,0.1671396845515,-0.1618854838461,-0.2085908224245,0.1484247922083,-0.1837858230835,-0.1759086322325,0.6502264253619,0.2229793519771,0.0031210925712,0.1176931868371,0.5010903044664,0.4778231575958
0.3624205692266,0.2517717412256,0.4701996733982,0.2418662073583,0.2917552855150,-0.1233565117699,-0.2404494276411,0.2939264875736,-0.2914347053037,0.0088348083993,0.1636338604093,-0.0772167965078,-0.0977312363320,-0.2629899677467,0.0100507543740,-0.1798465808630,0.2581343012953,0.2587666638039,-0.0171653938257,0.1751463016815,0.1156874689426,0.3937871888617,0.4059244787213,0.5026930823717,0.2577300396396,0.0798448266062,0.1166991919432,0.5205285835944,0.4059275925501,0.1154826737969,1.0000000000000,-0.3336867214246,0.1198380881161,-0.0135053285603,0.2656671628913,0.2722740803171,0.2938012545101,0.3014102833345,0.3506836175956,0.2923295176499,-0.0673546939551,-0.2897537414125,0.2358103496639,-0.4914718068284,-0.0107076247784,-0.1194747975549,-0.2337602883869,-0.0666059146098,-0.2723387692094,-0.2889506517239,-0.2418772675354,0.2533769887753,0.3335819972176,-0.1366559933739,0.1584037436453,0.1746251077952,0.2238972385770,0.4910324133068,0.3399193151172,0.2507770354362,0.0366222299099,0.2212899333417,0.4189791311119,0.1655415684772,-0.0371701815987,0.5073327124496,-0.3407842664866,-0.0595022479654,-0.0358891818602,0.3265467758172
-0.0373131556395,-0.1278955600808,0.0221557815252,0.0237897302788,0.0404754228175,0.1804231705470,0.3144971216415,0.0022112300438,0.4600784039026,0.1990822289684,-0.0447375586500,0.5279586669061,0.0671228605919,0.5618112130854,0.3354627118054,0.3230612626782,-0.1299906311053,-0.1626361278769,0.3913896719955,-0.0603024055108,0.0896907583609,-0.2352547686951,-0.1124205843498,-0.1990647236963,0.0613649889664,0.2757025710757,0.2795790363295,-0.0409161753320,-0.2477133646357,0.0633933271993,-0.3336867214246,1.0000000000000,0.1121009199234,-0.1723519853713,-0.2838473164889,-0.1360073085293,-0.3406810344096,-0.1644753234215,-0.1322848904211,0.0197733197030,0.0311085476070,0.2963429157144,-0.1220283447204,0.4345182452374,0.1619047173494,0.1477209351966,0.5990849087094,0.0221050239339,0.4966024794908,0.2575453910588,0.2010024226574,-0.0935186644352,-0.4823573997485,0.4926394136790,-0.2054845688072,0.0069257490685,-0.2856923842380,-0.2044427097335,-0.2839102897153,0.0222816457354,0.0886341758981,-0.1376996078459,-0.0134490747731,-0.2484797086619,-0.0090896493747,-0.3693977920396,0.7123753669430,0.0953323247720,-0.1888859910121,-0.3397552850635
-0.0936904520050,0.3469437406087,0.1113334826417,-0.3380809817268,0.2536656108741,0.3999483455127,-0.0527257275875,-0.1320115041420,0.1965496134411,-0.1120625457096,0.0538294313009,-0.0058482218616,-0.5111034580328,0.1621298185039,0.0438039679620,0.2119114588430,-0.2172252334911,-0.1765588037496,0.0999267504659,-0.2779124888346,0.1863852052720,0.1079501218996,-0.1761457598486,-0.0262510363390,-0.0603632538839,-0.0219464677171,-0.1627565398368,0.0119110191289,0.0386186795191,-0.1042958045634,0.1198380881161,0.1121009199234,1.0000000000000,-0.0095810808694,-0.1096389184856,0.0516003755496,-0.0041237871630,0.0056774579376,-0.0408280435445,0.0561190593221,0.2528350414311,0.2794959270441,-0.0850537428908,0.1863249163098,-0.0958922384014,0.1953587790329,0.0786060427695,-0.4791698046512,0.2274438718762,0.0432948814288,0.0870453760197,-0.2634218770420,-0.2184688451497,0.0467239689551,-0.3785059259542,0.2510531169582,-0.0626497741259,0.0247606580015,-0.1170824554001,-0.0677803297784,-0.0475991764101,-0.2225468302213,-0.0090076918603,-0.1058229826343,-0.1657227383914,0.0511015629819,0.1024419897510,0.4765907228270,-0.3522939495417,-0.0833684068511
0.1935228007687,0.6564567353222,-0.1527439835403,0.0927749349161,0.0049435793127,-0.0045460817897,0.0185418941687,-0.1958439595459,-0.0927102348866,-0.1021699615135,0.0612764076034,-0.0656964339836,0.1303080391685,-0.0344766546927,-0.0490356319133,-0.3213399682357,0.2932449317257,0.3861826239908,-0.1595896139787,0.2803712274988,0.3573507932577,0.3208750422491,0.0836185030100,0.2770885362169,-0.0429871052146,-0.0023179898701,0.1458538534519,-0.0614105016137,0.0148828063333,0.4597954105376,-0.0135053285603,-0.1723519853713,-0.0095810808694,1.0000000000000,0.5765296110822,0.4450750839316,0.5667744942944,-0.1772397801119,0.2754312239048,-0.1811756143869,0.0176030764859,0.1117877331979,-0.1897682730015,-0.0397888793993,-0.0776308200990,-0.0544622627130,-0.0546090253203,0.1972632435859,-0.0749286206388,-0.1539598889972,-0.1366920833748,0.1881615553381,0.3907831621751,-0.1683930142606,0.1565612907798,0.1410601750098,0.3350394117362,0.1699319490462,0.2613649211603,-0.0430482151700,-0.0835117083007,0.0715700981540,-0.0661857724142,0.0443250976299,0.1290780732137,0.1623383779526,-0.1198637975721,0.0112685510422,0.6100431265818,0.5270563688286
