1.0000000000000,0.2766236246082,0.1314043367921,0.4692156785669,0.3209344463405,-0.0042223545129,0.3586517065916,0.0999999064167,0.2343015242840,0.1939682453263,-0.0187299953650,0.3382663481892,0.3647918688773,0.0267585134339,0.3665031221117,0.1691744583236,0.3590351583841,0.5386131502253,0.2463880385869,0.4569009380079,0.4299586540912,0.0120208131006,0.3638135616667,0.2627121565230,0.1809853200278,0.1905206621132,0.1309266587177,0.3304081559684,0.0243816741375,0.4790105126307,0.5569711938502,-0.2587939547007,-0.0907820134059,0.4594185571553,0.4651607727068,0.5945112600819,0.1123561362724,-0.1592955277736,0.3331950741018,0.1978046806901,0.1139323307407,0.1846095262496,-0.1364378550414,-0.0270765845998,0.1930705328444,-0.0714570718803,0.2333186293736,0.3737821823726,-0.0372634772003,0.0757069513079,0.1572666123979,0.3955673658156,0.3051450333620,0.1086999833977,0.1365274743857,0.3508295606711,-0.1762208446932,0.3839537706755,-0.0528535181103,0.2134185284964,-0.0381020624293,-0.1039490316542,0.1002317439158,-0.3375823875516,0.2508236076845,0.1530468407921,-0.3820369442832,0.1070662590582,0.3498546259633,0.3920311737689
0.2766236246082,1.0000000000000,-0.0858739680919,0.3558201550356,0.2431669434374,-0.1618713425440,0.1598723488373,-0.2371517106554,0.0284404889900,-0.2200879450492,-0.0894245597379,0.2273915834523,0.1979823961177,0.0421860123954,-0.0529594945363,0.1302765124274,0.2831160382361,0.1471663259674,-0.0236992885349,0.0504431459515,0.1886982334522,0.4569367019447,0.1091106711664,0.4319182668425,-0.1221189232347,0.2998569175921,0.4352988938343,0.1721245408460,0.0770073751944,0.4445496301453,0.3150107432852,-0.0208335700491,0.1197084442369,0.4053645130982,0.5551327907024,0.5888460209205,0.6691599405175,-0.2003997396299,0.4350953828931,0.0267432104223,-0.0319400512338,0.0972359864041,-0.3017734416968,-0.1508381513039,-0.2118197708376,0.1345001776102,0.0832559304002,0.0786047906424,-0.1094554641955,-0.2491272821626,0.0033042205050,0.3108438605311,0.4463899531098,-0.0955039995825,0.0714784407725,0.0514554580588,0.3192225435258,0.2918297446787,0.3888587116353,-0.1077324110863,-0.0590127416197,0.0727933556699,0.0947735909261,-0.1498634774453,0.3621735193612,0.2203615243012,-0.2063821104644,0.2151299733955,0.2776305903784,0.6662308301444
0.1314043367921,-0.0858739680919,1.0000000000000,0.2547763614493,0.1612193772757,0.0475701868829,-0.2568076185951,0.6223619266979,-0.1500278431642,0.4593459817971,-0.1317094038068,-0.2282920277247,-0.0038296929893,0.0877623277690,0.2285673637653,-0.1573176023049,0.2312056683007,0.0872991086532,0.0538499649161,0.0282718568619,0.1624617274746,0.1539421246754,0.3466675362936,0.2552888041720,0.5360003722453,0.4275049543397,0.1416055125354,0.7586851082216,0.2119981562231,-0.1984633055259,0.4321680097914,-0.1097551667089,-0.0280507390410,-0.0921240015224,-0.0978540135404,-0.1334520982215,-0.2658299063149,0.3561278277023,0.3196436087240,0.1069386891330,0.0049775541985,-0.3320810355844,0.4116936438179,-0.3621463363988,0.3870295940095,-0.1120903457322,-0.2582960715767,-0.0263977075524,0.0385042763024,-0.0004502547486,-0.1117151888937,0.1648996187296,-0.0592515734009,-0.2888907925575,-0.1421037814719,0.2157153357004,-0.1089989543982,0.2838169463037,-0.0585795185501,0.4591232789855,0.4116882516259,-0.0986421042461,0.5962935744340,-0.0266033229258,-0.2077618651139,0.1175320590352,0.0924045085853,-0.1406092849231,-0.0504302454548,-0.1870274172872
0.4692156785669,0.3558201550356,0.2547763614493,1.0000000000000,0.2480042501962,0.0272012721303,0.2179763760792,0.3034353115472,0.1698384699877,0.3794977291618,-0.1830417795858,0.1845018792080,0.3484631613071,0.1122763714800,0.2092373730853,0.1178889029864,0.3849939005993,0.3061879737353,0.0960757221385,0.2686892389262,0.2265576409828,0.1699888235757,0.6054252934971,0.2495648695132,0.4697467192697,0.4489129831018,0.4651521677741,0.3108755557555,0.3837079069262,0.3147741614079,0.4446874150441,-0.0954232910645,-0.1489534991676,0.3668383005434,0.4687641091999,0.2554796389348,0.2004180961218,-0.0236485720515,0.6633260613963,0.0765017096985,0.1196133531634,0.0316123038302,0.1431516077168,-0.0410065784971,0.4000378313405,-0.0990457010879,0.1037073054064,0.2748038159975,0.0131196013297,0.1261856642188,0.1451215950576,0.3240822714830,0.2081572194533,-0.0761421510867,0.0289942257795,0.1452173246904,-0.0153764058307,0.5241671789939,0.0046869733108,0.4569387864532,0.1716846519168,0.0509465902547,0.2836281705454,-0.0499075946855,0.2691703212066,0.2589891172614,-0.1416641304066,0.0692702222020,0.3624990645917,0.3328649211099
0.3209344463405,0.2431669434374,0.1612193772757,0.2480042501962,1.0000000000000,-0.0050236309243,0.3664482206202,0.3018255096053,-0.0231328694713,0.4257339672559,0.4569728967702,-0.0409044744029,0.6785475327621,0.1262187490038,0.0812463911154,0.2496910439179,0.2098724454466,-0.0802183296839,-0.0620892746377,-0.1418798336459,0.5867928136273,0.0606522239995,0.1471198310873,0.0592153704700,0.4768878189249,0.3369069584371,-0.0290977394696,0.2028165809008,0.1277792361774,0.1077998949800,0.1846200402882,-0.1014348767177,-0.0918738617236,0.1191139107814,0.0932900971608,0.3515035315496,-0.0344347295540,-0.1064981663322,0.2906358973510,0.8499509853452,0.0606201086406,0.2444224184568,0.1384143094046,-0.1267822428335,0.4207873051339,0.5216549326026,-0.0212272712475,0.6512422541265,0.0851963914917,-0.0628522093358,0.2479493032098,0.2347802566109,0.0750063047567,-0.1488508710214,-0.2338673514656,0.5604150186322,-0.0431709215546,0.2374938032970,0.0062451749088,0.4031304167791,0.1916186439594,-0.1846519958655,0.1309840266275,-0.0258462423793,0.0806148848356,0.0628807404796,-0.0174206302071,0.0084223293977,0.1741009300262,0.1576777775982
-0.0042223545129,-0.1618713425440,0.0475701868829,0.0272012721303,-0.0050236309243,1.0000000000000,0.3481285891240,0.1176902312277,0.4603991067444,0.1679502967015,0.1643068124486,0.0887199849868,-0.0498827254026,0.2840020678870,0.2280859218505,0.4743854835944,-0.0814935827475,-0.1227077190635,0.2842867590859,-0.0019115366578,0.0206899952043,-0.2153250780977,-0.0844497845707,-0.2100288168026,0.0495185575514,0.0430422257197,-0.0863206119797,-0.0980789930192,-0.0152758286772,0.0187193803962,-0.0382750783757,0.3226210582068,0.2525531369119,0.0117984513510,-0.0408617682467,-0.0589598792487,-0.2370421619239,0.0088363671750,0.0081662030264,-0.0323983479426,0.7682577997305,0.4704824707127,-0.0624089394627,0.4487453792285,0.0760350607126,0.0078859590115,0.2369473626160,-0.0157559769579,0.2414384370114,0.1251849546770,0.5262326823619,-0.1993182018601,-0.3133248379309,0.1500575589941,-0.2905977064644,0.0352959744562,-0.2330945412954,-0.1786594008987,-0.2896184765812,0.0003203267672,0.0081024682322,-0.2651970608789,-0.2314423083949,-0.0623363608679,-0.1102826531516,-0.2116896905906,0.0134690883505,0.3972774987774,-0.1928150244138,-0.0548903687310
0.3586517065916,0.1598723488373,-0.2568076185951,0.2179763760792,0.3664482206202,0.3481285891240,1.0000000000000,-0.1876399929247,0.6840388958833,0.0828212027810,0.3506637437927,0.5238546204316,0.5800986821725,0.4199206057457,0.3968688684763,0.7792115477506,-0.0866627895918,-0.0226481329513,0.4169972822155,0.0918674880976,0.1407707696114,-0.2289173635085,-0.1079765092035,-0.2515456486524,-0.0514537232525,0.1674862192081,0.0723651383955,-0.2697869048529,-0.2002765236873,0.4709698304776,-0.0388592029056,0.2645531721372,0.0593219296066,0.2059430998945,0.1755965998145,0.3746068849716,-0.0921501182136,-0.3297166637399,0.0633307566703,0.2946864288858,0.4279993278376,0.8029003648073,-0.4199316218979,0.5229381653946,0.1354524002345,0.2903653660361,0.5471910002824,0.5010850472332,0.3361650055691,0.2782091097219,0.6476152294549,-0.0849797691468,-0.1423460370826,0.3291939131418,-0.2199319120124,0.0976428754634,-0.2711571514954,-0.0836325355748,-0.3154761066051,-0.0495574625653,-0.0500428550230,-0.2764181634340,-0.3893762461288,-0.3425427875825,0.3756208231395,-0.2322642052271,-0.0240345633790,0.4486346293678,0.0983863456215,0.2586424699744
0.0999999064167,-0.2371517106554,0.6223619266979,0.3034353115472,0.3018255096053,0.1176902312277,-0.1876399929247,1.0000000000000,-0.1434424071266,0.6182772772020,0.1214719456913,-0.2553866024532,0.1330800166962,0.0759760671763,0.1755538003853,-0.1238760933257,0.1258359596487,-0.0321424518746,-0.1427096411091,-0.1325286835668,0.3509021609772,-0.0807279551224,0.3202077004532,-0.0416218621166,0.7183252839761,0.4104782052712,-0.0849880430400,0.5021083629860,0.4363422952635,-0.2374883414897,0.3172285938665,-0.1362370723230,-0.0719438376853,-0.1097130862196,-0.1504382045034,-0.1791787547711,-0.3766406816227,0.1836413716933,0.2936024795803,0.2543677632605,0.0186383488025,-0.2524884205108,0.6699065810380,-0.3081612780487,0.5487589635925,0.0896065314942,-0.2495779464624,0.1654829490410,0.0711951836113,0.0694131346322,-0.0324049090563,0.0594140537605,-0.1503963464039,-0.3497981518694,-0.3367660069780,0.4151325462947,-0.1653030295732,0.2210481991238,-0.1937867005245,0.6190025137666,0.4227039327644,-0.2104605898105,0.4455146884322,0.2435477911883,-0.2546540191576,0.0145725843535,0.1551397363366,-0.1029480555305,-0.0373980659087,-0.1741675118060
0.2343015242840,0.0284404889900,-0.1500278431642,0.1698384699877,-0.0231328694713,0.4603991067444,0.6840388958833,-0.1434424071266,1.0000000000000,0.0489053346733,0.0977499644215,0.6177961410460,0.0680578699792,0.5324213597635,0.5373146194867,0.7134180911677,-0.1298008599113,0.0715642407234,0.5719043327253,0.1878821575041,-0.0360905023942,-0.3124152331853,-0.1337941578649,-0.2684562817636,-0.1106513479386,0.1247904825758,0.1268365130053,-0.2410574593752,-0.1791773335516,0.3504964673316,-0.0235675338660,0.4770839369085,0.2486393088738,0.1344869259312,0.0704187081729,0.1625766919098,-0.2005070759894,-0.0937195805577,0.0113050916826,-0.0950821712859,0.4080153372522,0.6474464612246,-0.4017193655462,0.7432081926228,0.0586817255092,-0.1030193436187,0.7177966255790,0.0026108779670,0.4661125049971,0.4453821054537,0.6135085454559,-0.1592349997976,-0.2359000913710,0.4322491809505,-0.3020809312119,-0.0107519046491,-0.3784582602769,-0.2065721628191,-0.4401027677163,-0.0422409053629,-0.1006409313783,-0.2685240664863,-0.3363932448588,-0.4175369676908,0.1332303245364,-0.3269497699597,0.0456083092963,0.4980279177294,-0.0595997437233,0.0764579182698
0.1939682453263,-0.2200879450492,0.4593459817971,0.3794977291618,0.4257339672559,0.1679502967015,0.0828212027810,0.6182772772020,0.0489053346733,1.0000000000000,0.1052836794604,-0.0313397324866,0.3488986327523,0.3543039234794,0.3894766138549,0.1836817231709,0.0275021859608,-0.0101258710584,0.0260614219406,-0.0622009490474,0.3906443047212,-0.2358384921391,0.4182313370920,-0.1729331744122,0.7669450575932,0.4396774517776,-0.1049430478144,0.3707627484940,0.0335396491752,-0.0939791229698,0.0722956624605,-0.0401970927755,-0.1428856865601,0.0313570932531,-0.1697244238229,-0.1675247387060,-0.4439187855910,-0.0352960167428,0.2556699580724,0.3546697416327,0.1397773151764,-0.0078190775732,0.2712704931888,-0.0753557838704,0.8995173442506,0.1130012344170,-0.0374366052601,0.3646140181179,0.3688290330572,0.2093216140341,0.2939998989229,0.0147392228473,-0.2010287015782,-0.1416222852295,-0.3533763418664,0.4971555354957,-0.3607676276103,0.2948803088994,-0.4090567193333,0.6514071815518,0.4128068141555,-0.3535430746482,0.2695912775354,-0.1672222428207,-0.1227590949968,-0.2679147789072,0.2646672720460,0.0078775398268,0.1546932281844,-0.2243266858465
-0.0187299953650,-0.0894245597379,-0.1317094038068,-0.1830417795858,0.4569728967702,0.1643068124486,0.3506637437927,0.1214719456913,0.0977499644215,0.1052836794604,1.0000000000000,-0.0492956791324,0.3177533212396,0.0955935229140,0.2708672886912,0.2481424169792,-0.1785837295048,-0.1174327899305,0.0647529645028,-0.1094159153519,0.2914631901881,-0.1223536226490,-0.2220082818328,-0.2318163870631,0.0823725126796,0.1381708454361,-0.2725573975356,-0.1038025774826,-0.0192013590444,0.0254200419322,-0.1205383847795,0.0305690063311,0.0680304712478,0.0170475120660,-0.1725780558278,0.0608901706696,-0.1848568989604,-0.2401001240011,-0.0804700809474,0.5314874449120,0.1155440737867,0.3476768395955,-0.0399481194706,0.1590063149244,0.0854018153098,0.6342017775744,0.0562242861956,0.4130968720760,0.1403587585324,0.1055559190300,0.2626407709888,-0.1635383491199,-0.2225526516692,0.0266563775788,-0.1741178534227,0.3011902165402,-0.1558689467840,-0.2201648833966,-0.1647566285281,0.0146822848987,0.1562039316391,-0.2033488506585,-0.1825300961893,0.1362713556743,-0.1712157585809,-0.3092501415057,0.1340453646172,-0.0293158948040,-0.0385291310811,-0.0988448106639
0.3382663481892,0.2273915834523,-0.2282920277247,0.1845018792080,-0.0409044744029,0.0887199849868,0.5238546204316,-0.2553866024532,0.6177961410460,-0.0313397324866,-0.0492956791324,1.0000000000000,0.1740957622347,0.5014356592497,0.4474970243944,0.5003227671799,-0.0757354919663,0.1407942077768,0.5453489977542,0.2519221799143,-0.0316625214613,-0.1186967045186,0.0259773666964,-0.0911060217961,-0.2296214805250,0.2037413461182,0.3043771550585,-0.0849495007424,-0.2978605135211,0.5457257036704,0.0794321668140,0.3871143069908,0.0522224152033,0.1866439418692,0.2558745279347,0.3131052526735,0.0974549642909,-0.2592429586208,-0.0025537535178,-0.0665273193832,0.1265798119777,0.4096142495653,-0.5580187539314,0.4655682961617,0.0074639075528,-0.2131849798363,0.8192468820436,0.0979348982947,0.4366188418310,0.2827932937947,0.2761196897112,-0.0230063548374,-0.0883889190284,0.5216438338554,-0.0896189026445,-0.0058811869844,-0.2067852544488,0.0031032712175,-0.2071933155533,-0.1769937731401,-0.0408311629594,-0.1154646486021,-0.1853099767840,-0.4884019751577,0.3929737157586,-0.2519164520302,0.0605967693688,0.3568759580590,0.0892805189554,0.2670710823718
0.3647918688773,0.1979823961177,-0.0038296929893,0.3484631613071,0.6785475327621,-0.0498827254026,0.5800986821725,0.1330800166962,0.0680578699792,0.3488986327523,0.3177533212396,0.1740957622347,1.0000000000000,0.1152736107594,0.1653287593409,0.3719360576065,0.0547241146218,-0.0455216566411,0.0982751475564,-0.0333889065093,0.4141482989803,-0.0688441086895,0.2024134864509,-0.0663420202753,0.2830914330526,0.2930480572165,0.1118327428385,0.0670905554096,0.0029076904305,0.2687615449160,0.1506498950873,-0.1073417527276,-0.4135742911548,0.1051978223112,0.0985836346029,0.2536211428162,-0.0984587079321,-0.2256724030777,0.1601094087824,0.6471038529409,0.0890998250571,0.2736710365114,-0.0242929055790,-0.0232510487960,0.4007736848682,0.4722217561136,0.0944183431211,0.8669659291593,0.0406463614816,-0.0435013222719,0.2585031132280,0.1019018815715,0.0441264488201,0.0456441371187,-0.1875555840290,0.4178887535254,-0.0742237713963,0.2860621415198,-0.1032204600207,0.2466852719518,0.0849118262079,-0.1342655521404,-0.0001577239688,-0.1350713061599,0.3807295615280,0.0597915665575,-0.0306302924479,0.0200976278561,0.3420823917388,0.2297767305506
0.0267585134339,0.0421860123954,0.0877623277690,0.1122763714800,0.1262187490038,0.2840020678870,0.4199206057457,0.0759760671763,0.5324213597635,0.3543039234794,0.0955935229140,0.5014356592497,0.1152736107594,1.0000000000000,0.5076602799562,0.5528496042184,-0.1264116575867,-0.2550621728639,0.3922667860114,-0.1743963467189,0.1205781458249,-0.1968822084745,-0.1926028587076,-0.2120877895202,0.1008922494944,0.5851847683937,-0.0242411505265,0.0722376921532,-0.2487353316991,0.2047025680028,-0.2857787498275,0.6805898372643,0.2758979530979,0.0034375943155,-0.1240872427913,0.0329420095353,-0.2333445098850,-0.1051863366582,0.1419967733398,0.0352234635446,0.2603117043498,0.4436288010155,-0.2421922243937,0.4036866770307,0.2997206716117,0.1094138820421,0.5726395021578,0.0635879593242,0.8411481406600,0.3482644131970,0.4846767094208,-0.1496118661006,-0.4462510907641,0.1818927193472,-0.5472150820030,0.1927391326504,-0.3072803719244,-0.2082304683578,-0.3542179829759,0.0113344274718,0.4465271837087,-0.5018180265617,-0.0764166061202,-0.3272613092838,0.0725293632086,-0.5505770336650,0.6187958990534,0.4803764141511,-0.1452713462152,-0.0986146082567
0.3665031221117,-0.0529594945363,0.2285673637653,0.2092373730853,0.0812463911154,0.2280859218505,0.3968688684763,0.1755538003853,0.5373146194867,0.3894766138549,0.2708672886912,0.4474970243944,0.1653287593409,0.5076602799562,1.0000000000000,0.4275888879701,-0.1447866802037,0.1659090654535,0.5620925194432,0.2623030379753,0.0968901963961,-0.2489561407037,0.0560640297251,-0.1944831066634,0.1694302608676,0.3973074575980,0.0574363689591,0.1926780012557,-0.2137571324697,0.3546394171256,0.1158681332783,0.2940203389092,0.1106798321647,0.1358878019473,-0.0474470716291,0.0213658494346,-0.3509786793484,-0.1934043005914,0.0922342462755,0.0383630238856,0.2139446694846,0.3113353375978,-0.2204828133505,0.3383308841227,0.3533369953114,0.0628933513135,0.4220803864991,0.1091513867674,0.4515036660487,0.4973691550390,0.4076311291018,-0.1634683466954,-0.3042882642597,0.2926947759415,-0.2141258804013,0.1631720284262,-0.4087983291953,-0.0238738796410,-0.4888679866228,0.1304833934498,0.2163675104981,-0.3457946466348,-0.0855609220602,-0.3620098854893,0.0869143728015,-0.4567134156694,0.2177771834066,0.2830758431727,0.0425881283289,-0.0742628913282
0.1691744583236,0.1302765124274,-0.1573176023049,0.1178889029864,0.2496910439179,0.4743854835944,0.7792115477506,-0.1238760933257,0.7134180911677,0.1836817231709,0.2481424169792,0.5003227671799,0.3719360576065,0.5528496042184,0.4275888879701,1.0000000000000,-0.2040521521575,-0.0723700678107,0.5350325924493,0.0669893665448,0.0891226946784,-0.3776690010888,-0.1893499144787,-0.3480201244608,-0.0409061431823,0.2124752877447,0.0177837477067,-0.2275432353470,-0.3060233370577,0.3813656715737,-0.1166072004868,0.4429608022473,0.1037389003981,0.1000393255806,0.0348030288906,0.2071601200767,-0.2261245661787,-0.1824817834972,0.0279609976581,0.1324396323994,0.5511555234684,0.6874942051936,-0.4310815921467,0.6286570561053,0.1969424542882,0.1826710554850,0.6130821172254,0.2500404391192,0.4858023631578,0.3244874986688,0.7476039293103,-0.2464168108361,-0.2442635490995,0.4213442195522,-0.3401975026554,0.1138941559559,-0.3784787342642,-0.1721136305393,-0.4354482184162,-0.0579742254101,-0.0034473169209,-0.3427899977262,-0.3382898862440,-0.4771412086156,0.2716259450421,-0.3973590235165,0.1435051891622,0.5511097896803,-0.0501395312837,0.1731200169396
0.3590351583841,0.2831160382361,0.2312056683007,0.3849939005993,0.2098724454466,-0.0814935827475,-0.0866627895918,0.1258359596487,-0.1298008599113,0.0275021859608,-0.1785837295048,-0.0757354919663,0.0547241146218,-0.1264116575867,-0.1447866802037,-0.2040521521575,1.0000000000000,0.1562236848093,-0.0509612500447,0.1243152858750,0.3149138508198,0.5192151193677,0.4739861539808,0.6600322112287,0.2568718071347,0.1964436005637,0.2310400884536,0.4069630046217,0.3170536742989,0.1322691550365,0.4517019161616,-0.2491155098790,-0.0611851353966,0.3646205737662,0.4665544793575,0.3877410023236,0.3309831413590,0.0424962064437,0.3338300799750,0.1113274726294,-0.0158453687975,-0.0949871104249,0.1535442462946,-0.2811750150057,-0.0012004813375,-0.1040742836190,-0.1129629783309,0.0958519312598,-0.2247340597777,-0.2370499873887,-0.0834235718111,0.9071891456352,0.2369103892195,-0.1664309140841,0.0657680339242,0.1679910523499,0.2513400321256,0.4367945995907,0.4798461098996,0.3224306528111,0.0196630130057,0.0573277502902,0.3697407205686,0.0933197865652,-0.0078821650920,0.4294662787166,-0.3302966917456,-0.1206091223443,0.2616625708978,0.3474130834837
0.5386131502253,0.1471663259674,0.0872991086532,0.3061879737353,-0.0802183296839,-0.1227077190635,-0.0226481329513,-0.0321424518746,0.0715642407234,-0.0101258710584,-0.1174327899305,0.1407942077768,-0.0455216566411,-0.2550621728639,0.1659090654535,-0.0723700678107,0.1562236848093,1.0000000000000,0.1636891699080,0.8082794623108,0.0427149747364,0.1386284716015,0.2595482002368,0.3893818313629,-0.0329783861338,-0.1391772491687,0.3213870818192,0.1494538186214,0.1085572291666,0.3485905258200,0.4676234292320,-0.2845909256458,-0.1509985239604,0.4250252578367,0.4320440080864,0.2296281571147,0.1680582310816,-0.0304014831446,0.0708888482734,-0.1645717523926,-0.0374868742805,-0.1452936104349,-0.1870567709591,-0.0574230658438,-0.0391040102109,-0.3294239181042,-0.0010584773705,0.0297579315514,-0.3019076251584,0.0078123766687,-0.0580637597640,0.1828577637442,0.5635697857831,0.1327396775183,0.5441229233142,0.0151756944362,-0.0333745474829,0.2002937145664,0.0444884602338,0.0146694227919,-0.3176200591727,0.2845580482292,0.0378459405805,-0.2579408116006,0.1834702206394,0.1079850852346,-0.4461036586385,-0.1861073968603,0.4784852714305,0.2362746111171
0.2463880385869,-0.0236992885349,0.0538499649161,0.0960757221385,-0.0620892746377,0.2842867590859,0.4169972822155,-0.1427096411091,0.5719043327253,0.0260614219406,0.0647529645028,0.5453489977542,0.0982751475564,0.3922667860114,0.5620925194432,0.5350325924493,-0.0509612500447,0.1636891699080,1.0000000000000,0.4666786178529,-0.1815491875329,-0.2625113100148,-0.0400218010877,-0.1409353067123,-0.2270173231436,0.1643672250040,0.2782949883546,0.1030467715177,-0.2788803062290,0.2977898635828,0.0046230346637,0.4801555446208,-0.0634691369707,0.0404304127512,-0.0681704300489,0.0388672659726,-0.3053075687487,-0.0705028248568,-0.1426375637636,-0.0976770994066,0.3353331535626,0.3869591360315,-0.4098894665372,0.5667916001228,-0.0162517762596,-0.0792528004313,0.6154174240185,0.0061786688995,0.3177858204576,0.2522995853363,0.3557352642538,-0.0689288284738,-0.2853045113382,0.6989257925555,-0.0997430799210,-0.1159045563168,-0.3656019092178,-0.0935412250712,-0.3649311208381,-0.2502849855323,-0.1127305711735,-0.1038677182097,-0.1704395663357,-0.4540503781061,0.1680009231986,-0.3050969468301,0.0064960607187,0.2108312871983,-0.0316497977137,-0.0719242059767
0.4569009380079,0.0504431459515,0.0282718568619,0.2686892389262,-0.1418798336459,-0.0019115366578,0.0918674880976,-0.1325286835668,0.1878821575041,-0.0622009490474,-0.1094159153519,0.2519221799143,-0.0333889065093,-0.1743963467189,0.2623030379753,0.0669893665448,0.1243152858750,0.8082794623108,0.4666786178529,1.0000000000000,-0.1359446164566,-0.0191103978339,0.2054766719211,0.2398190569390,-0.1251145943071,-0.1132474479400,0.4356652446286,0.0903660498679,-0.0134479389511,0.3889894802311,0.3198705849026,-0.1029202439743,-0.2410673278538,0.2745220054510,0.3313582139720,0.1057658740384,-0.0206469337591,-0.0983866421740,-0.0583532206162,-0.2144110358671,0.1120775928075,-0.0092166969395,-0.2955212274989,0.1499342075392,-0.0999738953623,-0.2868789226057,0.1225319223800,0.0022038637616,-0.2412986500727,0.0735219877390,0.0595497640795,0.1060826748823,0.2608945546769,0.3800642661407,0.5221497752523,-0.1254018271862,-0.1600350028790,0.0839623595151,-0.1295643912942,-0.1102715443509,-0.3680098770731,0.2821838305136,-0.1237612070566,-0.3334076005445,0.2635734147061,0.0127241259948,-0.4319954316885,-0.1419090485175,0.3159680768627,0.1427149354690
0.4299586540912,0.1886982334522,0.1624617274746,0.2265576409828,0.5867928136273,0.0206899952043,0.1407707696114,0.3509021609772,-0.0360905023942,0.3906443047212,0.2914631901881,-0.0316625214613,0.4141482989803,0.1205781458249,0.0968901963961,0.0891226946784,0.3149138508198,0.0427149747364,-0.1815491875329,-0.1359446164566,1.0000000000000,0.0576258274771,0.1745492513865,0.1454225180534,0.3996475918283,0.3293624242771,-0.2069995833769,0.2687763778559,0.0739769956268,0.1225767425918,0.3420014498820,-0.2401538217522,0.1716418460256,0.4054186266944,0.2977407897706,0.3575978657400,0.0232090783620,-0.0397051671490,0.3838487316178,0.4280532913136,0.0525087875055,0.1027238371659,0.1895794417378,-0.2051510267376,0.3632327873527,0.3155658401538,-0.0249723359061,0.5142072751078,0.1249903751316,-0.0326521849095,0.2040140132313,0.3036811849784,0.1849316750963,-0.2610713381207,-0.2166590802345,0.9030295997737,-0.0943622521731,0.1809489972385,0.0170648172643,0.4077985476501,0.2519748561699,-0.2580129339243,0.1761479511418,-0.0796662452267,-0.1213604129340,0.0468471276430,-0.0223905224191,0.1237926318307,0.2069003891999,0.3008776286431
0.0120208131006,0.4569367019447,0.1539421246754,0.1699888235757,0.0606522239995,-0.2153250780977,-0.2289173635085,-0.0807279551224,-0.3124152331853,-0.2358384921391,-0.1223536226490,-0.1186967045186,-0.0688441086895,-0.1968822084745,-0.2489561407037,-0.3776690010888,0.5192151193677,0.1386284716015,-0.2625113100148,-0.0191103978339,0.0576258274771,1.0000000000000,0.2600554446090,0.8171366285252,0.0034816581294,0.0669592015741,0.3010034153753,0.2416917638197,0.3958434764344,0.1053638188493,0.3429180211845,-0.1642597939528,0.0220002309191,0.2229841950811,0.4355782516297,0.3036108476525,0.5662357872946,0.0135465556094,0.3001154892647,0.0154451199433,-0.1920529281688,-0.2307754484707,0.0565484720633,-0.4002892081646,-0.2618443926980,-0.0502579912715,-0.2533376341517,-0.0273444461103,-0.3529308395677,-0.3930041148402,-0.3418544864611,0.5363751138182,0.3721719563783,-0.3191188751097,0.1694903050307,-0.0580824764687,0.7535764069349,0.2846769340574,0.7789089468063,0.0183806090619,-0.0274769257327,0.1714910477830,0.2784023454519,0.3172183177867,0.0917937641615,0.4373468762376,-0.1645115680813,-0.1657338705599,0.2444578685466,0.3223962916832
0.3638135616667,0.1091106711664,0.3466675362936,0.6054252934971,0.1471198310873,-0.0844497845707,-0.1079765092035,0.3202077004532,-0.1337941578649,0.4182313370920,-0.2220082818328,0.0259773666964,0.2024134864509,-0.1926028587076,0.0560640297251,-0.1893499144787,0.4739861539808,0.2595482002368,-0.0400218010877,0.2054766719211,0.1745492513865,0.2600554446090,1.0000000000000,0.3575396795875,0.5122758350249,0.1637749714869,0.2489840940515,0.4308144861610,0.3063415024158,0.1635994708836,0.5733483647244,-0.4269612273542,-0.3114651141935,0.2899005651871,0.3540541753292,0.1083371140155,0.1904290025539,-0.0519333351797,0.3641518968316,0.1423588238170,-0.0311085617423,-0.3020141949785,0.2068460016276,-0.3107779544040,0.4233347809244,-0.2430203759798,-0.1615586903990,0.1945616333791,-0.2511932779148,-0.1006032573403,-0.1033304672317,0.4495985644638,0.2220104965284,-0.1648443687985,0.0875567295129,0.1503768221207,0.0906509304959,0.8308613578613,0.1565735597750,0.5290583123068,-0.0112644837566,-0.0049008195998,0.4182156235328,0.0016635947931,0.1389023706684,0.4429020314486,-0.3279907020733,-0.1960215324854,0.4452213829675,0.2331936598763
0.2627121565230,0.4319182668425,0.2552888041720,0.2495648695132,0.0592153704700,-0.2100288168026,-0.2515456486524,-0.0416218621166,-0.2684562817636,-0.1729331744122,-0.2318163870631,-0.0911060217961,-0.0663420202753,-0.2120877895202,-0.1944831066634,-0.3480201244608,0.6600322112287,0.3893818313629,-0.1409353067123,0.2398190569390,0.1454225180534,0.8171366285252,0.3575396795875,1.0000000000000,0.0204710917174,0.0679138226575,0.3286922644309,0.4090181055755,0.3265688842556,0.1336619464822,0.4913930380450,-0.2190229103066,-0.0804083335008,0.2667968838858,0.5207302657518,0.3225328883185,0.5085450893292,0.0816457368041,0.2693192791946,-0.0189537778665,-0.1817945511870,-0.3073144344607,-0.0084161936959,-0.3988190414529,-0.2307289652965,-0.2243508861219,-0.2466997913562,0.0030069282485,-0.3813879368514,-0.4193878508685,-0.3079153813028,0.6724552629591,0.4541171445477,-0.2706027093404,0.2231566851115,0.0582360358100,0.5720130804326,0.3795396036110,0.7667125270443,0.0409855702088,-0.0845195900167,0.1568013155806,0.3388772107301,0.0847179982788,0.0673240546007,0.4493980860871,-0.3004553701853,-0.2355935645108,0.3039664306411,0.3639253694407
0.1809853200278,-0.1221189232347,0.5360003722453,0.4697467192697,0.4768878189249,0.0495185575514,-0.0514537232525,0.7183252839761,-0.1106513479386,0.7669450575932,0.0823725126796,-0.2296214805250,0.2830914330526,0.1008922494944,0.1694302608676,-0.0409061431823,0.2568718071347,-0.0329783861338,-0.2270173231436,-0.1251145943071,0.3996475918283,0.0034816581294,0.5122758350249,0.0204710917174,1.0000000000000,0.4000633789924,-0.0292191799523,0.3823495759731,0.4081314042541,-0.1455125173695,0.2250498624777,-0.2223791785526,-0.1617983481748,0.0085787155872,-0.0449461958691,-0.0972064154579,-0.2458711807439,-0.0010082412772,0.3874726177198,0.3960786349263,0.0243244367854,-0.1712846066388,0.5397209617567,-0.2963603274524,0.7451788906148,0.1525136645793,-0.2555997095660,0.3070810622877,0.0922374501282,0.1230875144051,0.0841911812199,0.2027817033078,-0.1157293492659,-0.3604233339341,-0.2747623334380,0.4459773468655,-0.1144840738893,0.3867514225383,-0.1488522579118,0.8757722857770,0.3302806875819,-0.2433944446030,0.3721846984039,0.1708837329743,-0.1498994719758,0.0580345706586,0.1030350735562,-0.1141261956239,0.1363584944690,-0.1277455701708
0.1905206621132,0.2998569175921,0.4275049543397,0.4489129831018,0.3369069584371,0.0430422257197,0.1674862192081,0.4104782052712,0.1247904825758,0.4396774517776,0.1381708454361,0.2037413461182,0.2930480572165,0.5851847683937,0.3973074575980,0.2124752877447,0.1964436005637,-0.1391772491687,0.1643672250040,-0.1132474479400,0.3293624242771,0.0669592015741,0.1637749714869,0.0679138226575,0.4000633789924,1.0000000000000,0.2058485828548,0.5145118584185,0.0754203196711,0.1279269084078,0.1211859400834,0.2127376496281,0.0477943652149,0.0707863268693,0.1127499390458,0.1396156902052,-0.0526740712956,-0.0105817334813,0.5466911071064,0.1970849014705,0.0546628526197,0.0884349691209,0.1124429847338,-0.0515232702069,0.4027546717348,0.2298980051487,0.2081846438745,0.2112994356441,0.4701939743729,0.1753778067922,0.2126032408431,0.1548566480181,-0.2423760105759,-0.0714910673374,-0.3730844689239,0.3297555324615,-0.1391981886449,0.1650910690113,-0.1204040540070,0.3014719390773,0.6896389306213,-0.3198877799266,0.3639924855763,-0.1365109936736,-0.0165646553561,-0.1687226354355,0.3737687089954,0.1916486259327,-0.0268129631163,0.1060428722051
0.1309266587177,0.4352988938343,0.1416055125354,0.4651521677741,-0.0290977394696,-0.0863206119797,0.0723651383955,-0.0849880430400,0.1268365130053,-0.1049430478144,-0.2725573975356,0.3043771550585,0.1118327428385,-0.0242411505265,0.0574363689591,0.0177837477067,0.2310400884536,0.3213870818192,0.2782949883546,0.4356652446286,-0.2069995833769,0.3010034153753,0.2489840940515,0.3286922644309,-0.0292191799523,0.2058485828548,1.0000000000000,0.2480250168660,0.1939989402696,0.2797840169380,0.2683643289752,0.1363021210826,-0.1815878256758,0.1310824923232,0.3164706516564,0.1203133385792,0.2619674473892,-0.0615551766882,0.1638422375682,-0.1713376015222,-0.0447770175363,-0.0312245252294,-0.1273269817794,0.0254890230695,-0.1042039715224,-0.1333017191516,0.1199911966230,-0.0238301070541,-0.1791337649765,-0.0441695752566,-0.0914720601132,0.2018289611128,0.2229487775591,0.2113525906139,0.2178397942825,-0.2522307532007,0.0555156143225,0.1854282528201,0.0900374682119,-0.0224574085883,-0.1843997184525,0.4778113384414,0.1451311282562,-0.1568161519993,0.3281806846619,0.1801358106414,-0.2200330780931,-0.0475529888394,0.1967025467881,0.1766980790714
0.3304081559684,0.1721245408460,0.7586851082216,0.3108755557555,0.2028165809008,-0.0980789930192,-0.2697869048529,0.5021083629860,-0.2410574593752,0.3707627484940,-0.1038025774826,-0.0849495007424,0.0670905554096,0.0722376921532,0.1926780012557,-0.2275432353470,0.4069630046217,0.1494538186214,0.1030467715177,0.0903660498679,0.2687763778559,0.2416917638197,0.4308144861610,0.4090181055755,0.3823495759731,0.5145118584185,0.2480250168660,1.0000000000000,0.2686752446953,-0.1287491169332,0.5030168981326,-0.1639103487498,-0.1084280811276,0.0108465133264,0.0168597947292,0.0815573757712,-0.0465438854087,0.1362638581456,0.3217088852718,0.1008508063964,-0.1274630095000,-0.3491285924663,0.2838820406030,-0.4167471279746,0.2482256660215,-0.0359372941390,-0.1823540058942,0.0479576845885,0.0084890909494,-0.1845385976228,-0.2412419396944,0.4070561440668,0.0758859496339,-0.2235004176794,-0.1307913875591,0.2941152980402,-0.0304996683326,0.4478324209691,0.1042309951675,0.2960524324603,0.3868262551135,-0.0833565457117,0.7115444090081,-0.0153162238909,-0.2064816041316,0.1708738988054,0.0329021883922,-0.1883217823775,0.0537543711213,-0.0587656641057
0.0243816741375,0.0770073751944,0.2119981562231,0.3837079069262,0.1277792361774,-0.0152758286772,-0.2002765236873,0.4363422952635,-0.1791773335516,0.0335396491752,-0.0192013590444,-0.2978605135211,0.0029076904305,-0.2487353316991,-0.2137571324697,-0.3060233370577,0.3170536742989,0.1085572291666,-0.2788803062290,-0.0134479389511,0.0739769956268,0.3958434764344,0.3063415024158,0.3265688842556,0.4081314042541,0.0754203196711,0.1939989402696,0.2686752446953,1.0000000000000,-0.2460603680405,0.3003971898799,-0.1760236551483,-0.0931150354241,-0.0600552018744,0.0815867443260,-0.0452433467020,0.1344638022517,0.1438911069397,0.3427461856774,0.0617084325950,-0.1048226227329,-0.2400352928488,0.5471642773247,-0.2474376255063,-0.0173793589954,0.0474120509320,-0.3065473785533,0.0202434222310,-0.3565616985945,-0.2654680602987,-0.2551075393902,0.2516468159860,0.1855640022459,-0.3964309944713,-0.0721873673157,0.0321157878133,0.3384514061860,0.3027452377348,0.2728599189061,0.3353700391554,-0.0043673585088,0.0919688515957,0.2654145180092,0.6902037684106,-0.1899411713472,0.4379054502068,-0.1108242314875,-0.2145916477230,0.0753684317259,-0.0224956402873
0.4790105126307,0.4445496301453,-0.1984633055259,0.3147741614079,0.1077998949800,0.0187193803962,0.4709698304776,-0.2374883414897,0.3504964673316,-0.0939791229698,0.0254200419322,0.5457257036704,0.2687615449160,0.2047025680028,0.3546394171256,0.3813656715737,0.1322691550365,0.3485905258200,0.2977898635828,0.3889894802311,0.1225767425918,0.1053638188493,0.1635994708836,0.1336619464822,-0.1455125173695,0.1279269084078,0.2797840169380,-0.1287491169332,-0.2460603680405,1.0000000000000,0.2609283115036,0.0136375473717,0.0967149593829,0.5995196978875,0.5911205662334,0.5802739777916,0.3152634390248,-0.3725536896006,0.1555629872347,0.0124099081574,0.2260063804073,0.3396674543782,-0.4566782418963,0.1285356802419,-0.0035297566381,0.0089280202509,0.3491387671584,0.2023181341641,0.0769488525651,0.1794178055667,0.2998582354243,0.1171128124282,0.2122981550604,0.2625416632192,0.1372580499533,0.0168584230201,-0.0361472830705,0.1314800803799,-0.0180058414482,-0.0968391194582,-0.1841551603137,-0.0438387190003,-0.1966307489123,-0.4130388729158,0.7720216802029,-0.0312669994026,-0.2467833167367,0.4292691800732,0.3954629864182,0.6105522163265
0.5569711938502,0.3150107432852,0.4321680097914,0.4446874150441,0.1846200402882,-0.0382750783757,-0.0388592029056,0.3172285938665,-0.0235675338660,0.0722956624605,-0.1205383847795,0.0794321668140,0.1506498950873,-0.2857787498275,0.1158681332783,-0.1166072004868,0.4517019161616,0.4676234292320,0.0046230346637,0.3198705849026,0.3420014498820,0.3429180211845,0.5733483647244,0.4913930380450,0.2250498624777,0.1211859400834,0.2683643289752,0.5030168981326,0.3003971898799,0.2609283115036,1.0000000000000,-0.4127053607446,-0.1166351624690,0.3484664322036,0.5025462566053,0.3737767261900,0.2467135785732,0.0987128196639,0.3953163622186,0.0636296908254,0.0358790518183,-0.2520284070979,0.1270518613389,-0.3571689921378,0.0529956702581,-0.2347962029706,-0.0912940863845,0.1128722317686,-0.3371278265302,-0.1921269327280,-0.1528217102539,0.4331578686016,0.5033998863466,-0.1771835355630,0.2040660074786,0.2387057512594,0.0821455500879,0.5445275012208,0.2378583244984,0.3363443755467,-0.0483693297021,0.1407176045825,0.4312498232423,-0.0910911908729,0.1116918801946,0.5632982739770,-0.4594702093077,-0.0555422406458,0.3321187538200,0.4797060528342
-0.2587939547007,-0.0208335700491,-0.1097551667089,-0.0954232910645,-0.1014348767177,0.3226210582068,0.2645531721372,-0.1362370723230,0.4770839369085,-0.0401970927755,0.0305690063311,0.3871143069908,-0.1073417527276,0.6805898372643,0.2940203389092,0.4429608022473,-0.2491155098790,-0.2845909256458,0.4801555446208,-0.1029202439743,-0.2401538217522,-0.1642597939528,-0.4269612273542,-0.2190229103066,-0.2223791785526,0.2127376496281,0.1363021210826,-0.1639103487498,-0.1760236551483,0.0136375473717,-0.4127053607446,1.0000000000000,0.2475308119340,-0.2077768485307,-0.2789526496813,-0.1563528256644,-0.2055241523643,0.0338970282788,-0.1157666922252,-0.1337781933024,0.2331637871468,0.4094015027153,-0.2573071835950,0.5396358672522,-0.1036840301879,0.0534110598014,0.5389772852255,-0.1998635172207,0.5725183832033,0.1979819005065,0.3389850152624,-0.2525373218472,-0.4647038400974,0.3588166589155,-0.3708799106916,-0.1653642217565,-0.1399193842294,-0.4181848903474,-0.2248039983975,-0.2776979534440,0.1202708405193,-0.1844115936429,-0.2482427847087,-0.1599372741566,0.0254189866598,-0.4552176386926,0.4961620970573,0.3730325328064,-0.2861837540264,-0.2157201653966
-0.0907820134059,0.1197084442369,-0.0280507390410,-0.1489534991676,-0.0918738617236,0.2525531369119,0.0593219296066,-0.0719438376853,0.2486393088738,-0.1428856865601,0.0680304712478,0.0522224152033,-0.4135742911548,0.2758979530979,0.1106798321647,0.1037389003981,-0.0611851353966,-0.1509985239604,-0.0634691369707,-0.2410673278538,0.1716418460256,0.0220002309191,-0.3114651141935,-0.0804083335008,-0.1617983481748,0.0477943652149,-0.1815878256758,-0.1084280811276,-0.0931150354241,0.0967149593829,-0.1166351624690,0.2475308119340,1.0000000000000,0.1924494861952,0.1168159786960,0.1620922658858,0.1218828026564,0.0195049492204,0.1880123543419,-0.1864600169760,0.1540817361447,0.3331969956147,-0.0938284095242,0.1361530814926,-0.1597792671815,0.0457905566026,0.1696802227177,-0.3663867755355,0.3148795149536,0.1333453381926,0.2543033689431,-0.1210424470912,-0.0701102425943,-0.1137312742668,-0.1509650054042,0.0388634784741,-0.1118303124212,-0.3073097854144,-0.0792010520521,-0.1471662461096,0.1250416031214,-0.1821870305451,-0.1715301600816,-0.0230672688108,-0.2283319245898,-0.2283358303614,0.1211487315927,0.5241093639074,-0.3222790787888,0.0694659863397
0.4594185571553,0.4053645130982,-0.0921240015224,0.3668383005434,0.1191139107814,0.0117984513510,0.2059430998945,-0.1097130862196,0.1344869259312,0.0313570932531,0.0170475120660,0.1866439418692,0.1051978223112,0.0034375943155,0.1358878019473,0.1000393255806,0.3646205737662,0.4250252578367,0.0404304127512,0.2745220054510,0.4054186266944,0.2229841950811,0.2899005651871,0.2667968838858,0.0085787155872,0.0707863268693,0.1310824923232,0.0108465133264,-0.0600552018744,0.5995196978875,0.3484664322036,-0.2077768485307,0.1924494861952,1.0000000000000,0.6175707741354,0.5003094835656,0.4019989289903,-0.2881697661762,0.3199807300203,-0.0201956491944,0.1194771651015,0.1940876370675,-0.2552200005457,-0.0598739556569,0.0356406547288,-0.0091856608529,0.0923560939979,0.2095808125203,-0.0208425668477,0.0207559592669,0.1962752039570,0.3080536305793,0.3917025851677,-0.0096248907888,0.2196365227969,0.2292371435969,0.0167926899049,0.2166737523985,0.1314820024335,0.0573107737341,-0.1081005931699,-0.0481704518759,-0.0735607059363,-0.2361923423408,0.3547989212474,0.0670816428325,-0.3015588507618,0.1728000305769,0.6308285802976,0.5619575264796
