1.0000000000000,0.2144500980371,0.4062588632791,0.6730302156287,0.5339317123710,-0.1832525336785,0.5576356050862,0.4426131392072,0.4685223780341,0.1669724075707,0.4930546403962,0.1703189166444,0.5218329334706,0.2228972273835,0.5391374725760,0.3493080985233,0.4095421790069,0.4566758447005,0.2673659741048,0.3152931350773,0.1992029598785,0.1157935155282,0.1288010172392,0.3063384626859,0.2451921809210,0.3058720265254,0.5559324212408,0.4386555241836,0.4140035484272,0.5043734299255,0.6100451982648,0.2076187717252,0.0249962730231,0.2471764060141,0.5450669072883,0.4679809055761,0.1671544862922,0.1025456167807,0.2305221771016,0.4433003698623,-0.1725818457362,-0.0763268223460,0.1517217549104,-0.0803887396983,0.0267890565852,0.0125692472067,0.0268548897895,0.4832612337160,0.0226621646985,-0.1667847923827,-0.1481998440315,0.2576105599199,0.0214270897433,-0.5378830521207,-0.4169497507789,0.4961773411017,0.0838541222616,0.0905637964120,0.1672945039350,0.2552304058490,-0.2125051049199,-0.1620700917585,0.3990682960549,0.0415727770052,0.0734939441977,-0.0538649016976,0.2431744033061,0.0287521631439,0.0710547944273,0.2335725391467
0.2144500980371,1.0000000000000,-0.0258478773727,0.4176239086478,0.0623392138530,-0.0952050642334,-0.0412704716647,-0.0807958184947,-0.1073397160671,-0.0194804207993,-0.0019513558111,-0.0585103976414,-0.0409789525630,0.0006147512132,-0.0183581944173,-0.0574880194337,0.2652886023652,0.3426573095703,-0.0470595784023,0.0193389929524,0.0224151693418,0.3711404114101,0.3551205989815,0.3880122504504,0.1940363070238,0.3336972189979,0.1611519640653,0.1259798716374,0.1462857171883,0.1152284270324,0.1566795472968,-0.0528087700695,0.1488692194816,0.0219353237363,0.4131536291250,0.0459829364097,0.7407543729601,-0.1180019998438,0.4634219396456,0.0383421123070,-0.1574803655546,-0.1841792964788,-0.0131707060669,-0.2629889543225,-0.0433165601675,-0.0888492541690,-0.0154684072426,-0.0833474977995,-0.0817205000191,-0.1501413453217,0.0048799261152,0.2680727504174,0.3056478408509,-0.1515705831929,0.0435826059507,0.1131300874268,0.3240280848268,0.4528384658933,0.3384938036603,0.3157132560080,0.2935009811950,0.1913386226545,0.2169341177094,0.1604681824453,-0.0039644358924,0.3696868317110,-0.0397360044033,0.0326704087523,0.0203965649978,0.3579334759421
0.4062588632791,-0.0258478773727,1.0000000000000,0.5853041333447,0.3654877897660,-0.0983298685396,0.4229925517765,0.7956358909912,0.4292196983483,0.4844717343847,0.1880317696388,0.1407405497926,0.3201724085403,0.4121742342849,0.3489867499609,0.4311547420468,0.4143465595717,0.4266338023688,0.4029117755416,0.2850084978210,0.0598802583057,0.1723646357154,0.0671573280461,0.4164180886197,0.4966490211066,0.3765800136657,0.6680575572448,0.7116253610727,0.4148653129573,0.1545949603784,0.5737672845968,0.3120540950964,-0.0565247700161,0.2157153529990,0.2831968986591,-0.1784526708484,-0.0974811281584,0.4159288219116,0.0881462908235,0.2185401421254,-0.0810186936803,-0.2192168675086,0.4040361753746,-0.1526723496502,0.3639986740994,-0.2432419203481,0.0317396921836,0.2659361659407,0.1951200184001,-0.3018860138856,-0.1333716127503,0.2823422249618,-0.2449073903646,-0.4991700702469,-0.5056850050367,0.2951647152945,0.0528967091068,-0.0739235632990,0.0987597608023,0.3632827205810,-0.1461787128973,-0.2242745496801,0.5474555445817,-0.0356878579098,-0.2175467997394,-0.3109223565956,0.2471875914542,-0.0097361901993,0.0054432535528,-0.0530341468263
0.6730302156287,0.4176239086478,0.5853041333447,1.0000000000000,0.4658442507194,-0.2038623010090,0.5561033962236,0.6256385444927,0.4506531100079,0.4926726769045,0.3628297597112,0.1271860474084,0.4854959375755,0.4444068981144,0.5211097857628,0.4163997324844,0.3906062476664,0.4895954681379,0.3328327625711,0.2317751218154,0.2482900810185,0.1190762565602,0.3973396452443,0.2918660757490,0.6034285576124,0.6159399841231,0.6576944619288,0.5932123830930,0.4121171694472,0.4523014633684,0.6650916273351,0.3959024622774,0.0106840283976,0.3434244083313,0.6256327623069,0.0593794042656,0.2414242341327,0.1250193412431,0.4861201174465,0.3118215120040,-0.2369098473858,-0.2103004093429,0.3028688998320,-0.2472617263510,0.3930977904545,-0.1351543267633,0.0323274261879,0.4186651349096,0.2581427327996,-0.1641818718493,-0.1811687923881,0.2247837170612,-0.0962061425390,-0.6215959947721,-0.5058858056510,0.4859789940783,0.0177631092680,0.2595235109016,0.0503226501707,0.5643065508098,0.0631833648467,-0.2385675155497,0.5075077099159,-0.0287622414873,-0.0060747208136,-0.1494634052864,0.3623712003232,0.0465669699187,0.0787243941456,0.2421114321397
0.5339317123710,0.0623392138530,0.3654877897660,0.4658442507194,1.0000000000000,-0.2273579204331,0.3329227711451,0.3663878584175,0.1900702320363,0.3748606680005,0.5479536716637,-0.0389145556801,0.5640758638143,0.2423030583712,0.2392156839139,0.1982705047046,0.3778517077391,0.3401258883432,0.1858290384976,0.2346382277265,0.4494199632667,0.1962805322517,0.0282050303778,0.2645068467168,0.3212983026357,0.3356814575329,0.3316233494989,0.3132662573355,0.3550159112496,0.0817347224112,0.3490856637862,0.1432197126962,-0.0248554267396,0.1430702661220,0.2136703382128,0.2368307461657,0.0913710327523,0.1200228414722,0.1165955266049,0.8734552325240,-0.1696806750382,-0.0710242952319,0.2534239858253,-0.0982709590672,0.2645236169792,0.1999742463030,-0.0078203779429,0.5764003939250,0.0620150487208,-0.1479750179345,-0.0575230460825,0.2816218993071,-0.0185414016871,-0.3040258396258,-0.2067229262234,0.5606370264185,0.2339290475290,0.0153077705787,0.2290473505685,0.3477813175169,-0.0451499213238,-0.1319656607305,0.2590195621437,0.2454271323195,-0.1627958982540,-0.0629963588547,0.0729287314046,-0.1233810804308,0.1084291372981,0.1305743078324
-0.1832525336785,-0.0952050642334,-0.0983298685396,-0.2038623010090,-0.2273579204331,1.0000000000000,0.1908434128356,-0.1696733546463,0.4287324000092,-0.3844017784560,0.1133964120106,0.2726748173749,-0.3840968466737,0.0963466370006,0.2099970906142,0.5185928123862,-0.2792552149075,-0.2940842735625,-0.1414840673883,-0.2413999531764,-0.3155205140231,-0.3593162120507,-0.3827087443778,-0.3410077626972,-0.2940283791291,-0.0196468156294,0.0311983216813,0.0647795102820,-0.1834463104164,-0.0266119195009,-0.1617681076192,-0.0867121510947,0.4263808520466,-0.1360602776342,-0.1394254403305,-0.1074259278044,-0.1089707158124,0.2828195639508,-0.0675439534918,-0.2690294917089,0.7775136580671,0.6036235491286,-0.3315805633980,0.5672351678232,-0.1859447640633,0.2076771607085,0.0665464343355,-0.2483799660833,0.0968904773507,0.0738212240761,0.4915591867755,-0.3327237714431,-0.2615141821484,0.0401523732665,-0.1681370790400,-0.4051939626337,-0.1643482561155,-0.3851901490610,-0.2160079413977,-0.3480420115302,0.0117138578075,-0.0434289758140,0.1058238830850,-0.2562222712085,-0.0555760565138,-0.1808629597286,-0.1023086877027,0.2916045298848,-0.1483953437426,-0.1063743548255
0.5576356050862,-0.0412704716647,0.4229925517765,0.5561033962236,0.3329227711451,0.1908434128356,1.0000000000000,0.3429311300702,0.7669100399236,0.2070083096229,0.7391358853637,0.3286319196990,0.5226625470173,0.4298497386359,0.6396456916684,0.6922514237631,0.1332609404022,0.0397298365124,0.1963908470900,0.0525814880857,0.1590081116833,-0.2851067896282,-0.0334161061192,-0.0620644772364,0.1655769010689,0.4100583287799,0.5672072430687,0.5699823924040,0.1324502037381,0.3935414373921,0.3517138514531,0.1146737556173,-0.0301071339050,0.3314232958669,0.3634594190664,0.1454759136126,-0.0583397913039,0.2462290806832,0.1526556415739,0.2906004564567,0.2202483492552,0.3916381655004,-0.1113656032399,0.3275890549249,0.1842185040697,0.3401421222968,0.2119345774251,0.5259547458613,0.1952848814169,-0.0945163781644,0.1501542222505,-0.0508956657803,-0.3584981231039,-0.3840953457330,-0.5208461568749,0.3669881550639,-0.1764297600198,-0.1128053472886,-0.1208793391254,0.1039533068127,-0.1760617150427,-0.3360857744969,0.5142405266732,-0.2980517815037,-0.0364830808329,-0.3574950356300,0.1066905903562,0.0261717188602,0.1297405906470,0.0879170681531
0.4426131392072,-0.0807958184947,0.7956358909912,0.6256385444927,0.3663878584175,-0.1696733546463,0.3429311300702,1.0000000000000,0.4465546152274,0.5885605674780,0.0827641741881,0.1785401851338,0.3230924380346,0.4369066765748,0.4796458023341,0.4391770010600,0.3175957567812,0.4593274485974,0.4973701274083,0.3396007091409,-0.0102215266227,0.0275471953349,0.0699464813497,0.1374882978885,0.6182417990566,0.3702437524943,0.7084361153823,0.6248375894495,0.4546512958233,0.2351155987476,0.6937839837433,0.5632610530786,0.1176749303121,0.1136241051322,0.2278613527238,-0.1953635578621,-0.2264026128622,0.2051656739042,-0.0304179584812,0.2126407824316,-0.1571598631477,-0.3313498497663,0.5538275952238,-0.2696754940530,0.4402694204296,-0.4121555902516,-0.0628136723474,0.2186875302732,0.3203263198821,-0.1388179104438,-0.3219777783003,0.1584708611244,-0.3075376317455,-0.6217470953236,-0.6060926224616,0.2436697449906,-0.1947924894771,-0.1947163089787,-0.1895430005592,0.4392639586334,-0.1796013482687,-0.2436798722767,0.4100731156408,-0.0464697342322,-0.1687884004372,-0.4921871907540,0.5034275791524,0.1738439224573,-0.1461478656154,-0.1563007420925
0.4685223780341,-0.1073397160671,0.4292196983483,0.4506531100079,0.1900702320363,0.4287324000092,0.7669100399236,0.4465546152274,1.0000000000000,0.1141570104579,0.4922953799528,0.3236618344404,0.1672704544562,0.4461148013004,0.7133668393966,0.7436231845996,0.1501513377458,0.0695211333986,0.2730909300371,0.1253342871118,-0.1456778289058,-0.3388153569638,-0.2554073876991,-0.1484799819765,0.1210410140055,0.3387496655076,0.6505244533128,0.6138659452023,0.1916329699819,0.2899614757809,0.3956072155808,0.2680661940244,0.2343297148874,0.1383213569697,0.2442516081099,-0.0445820675806,-0.1647908474272,0.3543994485069,0.0046588097587,0.1006982112692,0.3306283210386,0.3501539885233,-0.1070900932995,0.3350298502618,0.1039921354639,0.0781662375905,0.0506834802369,0.2324584653436,0.2206924083308,-0.1601934682520,0.0395161237565,-0.0717445672358,-0.4453077041631,-0.5067619029774,-0.6716461972400,0.0928985706641,-0.2456242527682,-0.3921492010755,-0.2091835526399,-0.0070331242285,-0.2266379318372,-0.3097318836654,0.5302903527171,-0.3242944499497,-0.2211441607091,-0.4720507936986,0.2322667438236,0.1945099745885,-0.0771818690591,-0.0790936988975
0.1669724075707,-0.0194804207993,0.4844717343847,0.4926726769045,0.3748606680005,-0.3844017784560,0.2070083096229,0.5885605674780,0.1141570104579,1.0000000000000,0.1383512997663,-0.0635738434789,0.5009262414569,0.4873386402569,0.2724139772227,0.1523743575846,0.1471421858608,0.2708029846235,0.3820223541754,0.1092533140424,0.3449111232497,0.0289233816760,0.1966681616448,0.0476795484480,0.5936758698650,0.3944050674052,0.2900398006408,0.3947900038733,0.0466918219423,0.0216733885827,0.1469767076570,0.3583993818750,-0.0612563410676,0.0740936628688,0.0205983383638,-0.2629579682551,-0.1879161955210,0.0798366958096,0.1310715102687,0.3324630754824,-0.2951290038167,-0.3656607134940,0.3957620545140,-0.3006595495699,0.8650986486540,-0.1989979608918,0.0194661708487,0.4226833925930,0.4345851483641,0.0330541575198,-0.2206831194347,0.0832472340913,-0.2653868932257,-0.2669213383333,-0.2787233683366,0.4575868996470,-0.0778176888380,0.0176785829675,-0.1311466421392,0.4742205471529,0.0896966189492,-0.3605078839786,0.2147721587969,-0.1634065444795,-0.2092249919862,-0.4030583738476,0.2031040877134,0.0852431638169,-0.0893624118142,-0.2028480334624
0.4930546403962,-0.0019513558111,0.1880317696388,0.3628297597112,0.5479536716637,0.1133964120106,0.7391358853637,0.0827641741881,0.4922953799528,0.1383512997663,1.0000000000000,0.1516520682167,0.5295564612767,0.3205024951187,0.4313652681450,0.4602409261046,0.0999257903231,-0.0011009619895,0.0356444356031,0.0239156398730,0.3746356129112,-0.1321905179742,-0.0937384759435,-0.0071654231334,0.0396797264300,0.2855349130442,0.3322126257392,0.3693879791295,0.0924059256999,0.2525572021382,0.1236404221831,-0.1097123872498,-0.0319911332623,0.2122295643345,0.2141070012943,0.2469289393093,0.0050354714188,0.1711818760385,0.1336265363765,0.5465836581968,0.2102610457460,0.4432212292200,-0.2408002116776,0.3395261274725,0.1080889510180,0.6496794130537,0.2000307571864,0.5823812078908,0.0393018000864,-0.1378762882075,0.2898938765374,-0.0011287650021,-0.2493525024027,-0.1837785286141,-0.2809376631902,0.4640631370587,0.0117464382268,-0.0739531011342,0.0142369541534,0.0342622607300,-0.1486990499836,-0.2530950611545,0.3703773828802,-0.0974675947799,-0.0986454887535,-0.1514065464700,-0.1617774720240,-0.0248761998977,0.1177760900551,0.0666117857186
0.1703189166444,-0.0585103976414,0.1407405497926,0.1271860474084,-0.0389145556801,0.2726748173749,0.3286319196990,0.1785401851338,0.3236618344404,-0.0635738434789,0.1516520682167,1.0000000000000,0.1293914510177,0.4778478433073,0.3394176823159,0.3891325316996,-0.1354464646146,0.0649391815982,0.2990177685284,0.2072108838393,0.0837791717751,-0.2422562107600,-0.0454450358862,-0.1829144264219,-0.1082366846430,0.2236886601220,0.2375333285440,0.1900747090007,-0.1077791700160,0.3096993128904,0.1687924217096,-0.0463943961098,-0.0579566136643,0.3476404215660,0.3145896744332,0.1747948753170,-0.0328201864928,0.0661592761309,-0.0204916309926,-0.0766030383931,0.3502865369321,0.2718811579429,-0.1201384955027,0.3274356921694,-0.0529762983632,0.1147416199174,0.7811312256890,0.1135303858776,0.3829333525504,0.1866658949253,0.2320567147492,-0.1834289002092,-0.0990237246971,0.0764803351979,-0.0708162004087,0.0958089069595,-0.2319108637888,-0.1154079112735,-0.1843869719096,-0.2374132617973,-0.1256934074895,-0.0512337829443,0.1604897524852,-0.2807737460446,0.2456090222287,-0.2358920458728,-0.0558881206107,-0.0683853194194,0.2242806168915,0.2339999240765
0.5218329334706,-0.0409789525630,0.3201724085403,0.4854959375755,0.5640758638143,-0.3840968466737,0.5226625470173,0.3230924380346,0.1672704544562,0.5009262414569,0.5295564612767,0.1293914510177,1.0000000000000,0.2734774198329,0.2863986422965,0.2343108174240,0.1647652786989,0.2873043669414,0.2687068483094,0.2191022280363,0.6706938176109,0.0634099799372,0.1751674193697,0.1672304346151,0.2759413618801,0.2380842279509,0.2675448782266,0.1911038192564,0.1507308399370,0.3511507675051,0.2614552704039,0.0857621633802,-0.2594316803712,0.2883510314213,0.3342343576972,0.2288623422431,0.0706016729292,-0.0104423803285,0.2508706152098,0.5715783860716,-0.2821448446710,-0.1156792816065,0.2329898597562,-0.0967292516658,0.3630234645875,0.2068893581530,0.1995066172901,0.8586717607524,0.1525784527996,-0.0591162833279,-0.0171508906086,0.1077121455858,0.0206046226934,-0.1922444784318,-0.1439545863707,0.7733763557468,0.0698396645883,0.1836730220777,0.1092905569521,0.3151476644333,-0.0860442061056,-0.1659915716584,0.1165751311412,0.0141072230751,0.1326035255873,-0.1097027739466,0.0343539645335,-0.0694387405205,0.1543751086300,0.1626952663445
0.2228972273835,0.0006147512132,0.4121742342849,0.4444068981144,0.2423030583712,0.0963466370006,0.4298497386359,0.4369066765748,0.4461148013004,0.4873386402569,0.3205024951187,0.4778478433073,0.2734774198329,1.0000000000000,0.5117576170886,0.5066926855836,0.0569405108218,0.0995980770663,0.4773452398476,0.0687487626453,0.1276745171303,-0.1559522866262,-0.0123705645841,-0.0944274449306,0.3041329741289,0.5522174399493,0.4706901700098,0.5577781891688,0.0302811796381,0.2378960432682,0.1819751421950,0.1366119577556,-0.0642020164559,0.2701224179142,0.2157569955828,-0.1119102403831,-0.1510481943475,0.2233987033400,0.0968721399646,0.1116978578772,0.1480301612280,0.0694671809791,-0.0132554394527,0.1237919264348,0.4823809638529,-0.0170088935141,0.4268620384519,0.1968911740074,0.7568617102319,0.1262011217693,0.1591652982571,-0.0842506193976,-0.4345609194804,-0.2155820714482,-0.4078573023100,0.1523883895607,-0.1828612370778,-0.1549373538169,-0.1609704742394,0.0948043788684,0.0342288253330,-0.3585036845351,0.4249372082874,-0.3026182590881,-0.0911012058733,-0.4787920220825,0.0347425619422,-0.0395054392971,0.0626913218843,-0.0505586822485
0.5391374725760,-0.0183581944173,0.3489867499609,0.5211097857628,0.2392156839139,0.2099970906142,0.6396456916684,0.4796458023341,0.7133668393966,0.2724139772227,0.4313652681450,0.3394176823159,0.2863986422965,0.5117576170886,1.0000000000000,0.6151621549324,0.0576497986047,0.2474362667454,0.4859852475276,0.1176139282112,0.0012470806850,-0.2524329010281,0.0234172833677,-0.1251669024251,0.2429217467929,0.3530661292987,0.5441946851263,0.5392615800872,0.1505222282613,0.6023575592864,0.3574812917813,0.2903529875310,0.1631868329340,0.1931038000168,0.3122663232069,0.1516845853852,-0.2112042767294,0.0795259746451,0.0931409490827,0.1343220092188,0.1410227214084,0.1623968300109,-0.0450739914043,0.2108824851031,0.2566080238358,0.0546295102558,0.1293231110972,0.3154341213073,0.4596900939342,0.2851032112430,0.0476428151042,-0.1608058065783,-0.2866654476737,-0.4327778086718,-0.5032618825547,0.1862490738452,-0.2756526664715,-0.1750577394054,-0.2512667751990,0.1090427482208,-0.0966495827469,-0.3513216215884,0.3941853395914,-0.2777873635433,0.1399236560845,-0.4461401890638,0.3872180526248,0.2813472689374,-0.1295267340967,-0.0375669416575
0.3493080985233,-0.0574880194337,0.4311547420468,0.4163997324844,0.1982705047046,0.5185928123862,0.6922514237631,0.4391770010600,0.7436231845996,0.1523743575846,0.4602409261046,0.3891325316996,0.2343108174240,0.5066926855836,0.6151621549324,1.0000000000000,-0.0050893762588,0.0617751304518,0.1875708779935,-0.0143849761516,-0.0974288233141,-0.2926552061980,-0.2101588416995,-0.1323602856019,0.1141017847932,0.2825415027291,0.5378260730016,0.5450902701373,0.1124183129399,0.3496040901512,0.3110107831137,0.1463110191116,0.3222676459748,0.0726991443223,0.1973163737690,-0.1301965913290,-0.0910030668634,0.3844420138946,0.0612032104174,0.0776784679297,0.4593950925859,0.3479866133851,-0.0378656371907,0.3111064372918,0.1936737781060,0.0747953190900,0.1302529204465,0.2273835068010,0.3249137817946,-0.0686264774803,0.3397044307620,-0.1993199706387,-0.4480904004929,-0.4208565363469,-0.5801959413520,0.0552138983886,-0.1992086651857,-0.3318035156309,-0.2076308213237,0.0166136071092,-0.1070809951033,-0.2715753103865,0.5258202021986,-0.3354657779616,-0.0992956020532,-0.4869419655530,0.1083988958205,0.3582805818010,-0.1708144685997,-0.0539161254897
0.4095421790069,0.2652886023652,0.4143465595717,0.3906062476664,0.3778517077391,-0.2792552149075,0.1332609404022,0.3175957567812,0.1501513377458,0.1471421858608,0.0999257903231,-0.1354464646146,0.1647652786989,0.0569405108218,0.0576497986047,-0.0050893762588,1.0000000000000,0.2555377906882,0.0866599158866,0.1532182829430,0.0396960938829,0.6112630744390,0.0990021583998,0.6288885852530,0.3778399227597,0.3576450476637,0.4139850143488,0.4282513312675,0.5612247571211,-0.0659723726060,0.4448459564211,0.2712340715913,0.0362339225266,0.1130024602242,0.2696738278601,0.0499047228331,0.1499878003926,0.0503711001355,0.0720290068115,0.3130531237331,-0.3416517014648,-0.3246822255575,0.2343158242977,-0.3257377382443,0.0516976037817,-0.1846900547896,-0.1786412823872,0.1925517952084,-0.1282842140089,-0.3606987260418,-0.3921157609235,0.9141861585046,0.0360216922500,-0.4623564057274,-0.3296305063013,0.2797318099673,0.4829085156040,0.1096664092108,0.4505191482596,0.4093967447906,-0.0680719949969,-0.0203192303183,0.3620833823952,0.4269910391979,-0.2515166631028,0.0982098419991,0.2015635743230,-0.1034360826226,0.0922524900303,0.0986378365043
0.4566758447005,0.3426573095703,0.4266338023688,0.4895954681379,0.3401258883432,-0.2940842735625,0.0397298365124,0.4593274485974,0.0695211333986,0.2708029846235,-0.0011009619895,0.0649391815982,0.2873043669414,0.0995980770663,0.2474362667454,0.0617751304518,0.2555377906882,1.0000000000000,0.4423607160787,0.6686081034071,0.0949176366256,0.3408461122466,0.2162001507339,0.4853003965104,0.2455543819212,0.1738488943980,0.3745389100084,0.2802273737165,0.3446588184139,0.3380446301462,0.5554611551867,0.2010285495034,0.0988090958273,0.0474080437904,0.4750913569423,0.1360173883684,0.3121462637657,-0.1529870912178,0.2597259333047,0.2832789414365,-0.3396494500044,-0.3890980778363,0.2690034308395,-0.3315328202874,0.0165437153276,-0.2682651117298,0.0022199661063,0.1885839963155,0.0304371833561,-0.0825092194294,-0.1550700644594,0.2190539926128,0.4680003444372,-0.2292275652016,0.0176428020826,0.2629656988583,0.1920438009618,0.1824166214013,0.2729231748337,0.2104303418797,0.0696751157200,0.0957507647112,0.1724713489354,0.2071284876961,0.0893292967426,0.1289905467937,0.2958147031094,0.1059746357589,-0.0767665007212,0.3386360964444
0.2673659741048,-0.0470595784023,0.4029117755416,0.3328327625711,0.1858290384976,-0.1414840673883,0.1963908470900,0.4973701274083,0.2730909300371,0.3820223541754,0.0356444356031,0.2990177685284,0.2687068483094,0.4773452398476,0.4859852475276,0.1875708779935,0.0866599158866,0.4423607160787,1.0000000000000,0.5607252822254,0.1153293105137,0.0278929362166,0.0813009452855,0.0813594451541,0.1605368344129,0.3501121713076,0.4377891212632,0.3927612871834,0.0695758019635,0.3542252230914,0.2710048383825,0.3113782813006,-0.1089729225860,0.1793572295216,0.3270670653434,0.0026613275959,-0.1268163150928,-0.0735020331108,0.0865983349028,0.0425818584270,-0.1797871300754,-0.2365536221299,0.1118904732611,-0.0781838187051,0.1943634065142,-0.2200043642860,0.1992492431194,0.1728372740640,0.4560624602047,0.1166420151204,-0.1026952969978,0.0184937090870,-0.0790926661867,-0.1262656690051,-0.1969038622894,0.1323784852619,-0.0820941699479,-0.0972130271546,-0.0546001322456,-0.0407640386942,0.1091188288812,-0.1857723972823,0.1487794862639,-0.1633740117529,0.1099343227160,-0.3287500699216,0.3694771610899,0.0064608615765,-0.0193552165998,0.0491248767300
0.3152931350773,0.0193389929524,0.2850084978210,0.2317751218154,0.2346382277265,-0.2413999531764,0.0525814880857,0.3396007091409,0.1253342871118,0.1092533140424,0.0239156398730,0.2072108838393,0.2191022280363,0.0687487626453,0.1176139282112,-0.0143849761516,0.1532182829430,0.6686081034071,0.5607252822254,1.0000000000000,0.0478904358174,0.1593452018435,0.0665209171210,0.2595573898425,-0.0589877988307,0.1546407778417,0.3427255476853,0.2157930084998,0.1122201038860,0.2361489741518,0.4078850996801,0.0496136026878,-0.0874450380797,0.1830250546582,0.3512041733810,0.2125160894001,0.1006544048004,-0.1833062261800,0.0082494580412,0.2157743127777,-0.2501065512503,-0.2308892894103,0.1108371771503,-0.1553783762655,-0.1787773247290,-0.1051156030098,0.1266867766851,0.1521866127964,-0.0263983240630,-0.1037432294600,-0.1664952524537,0.1680537973812,0.2763393562224,0.0298464225246,0.1246738320057,0.1488078826567,0.1135489157523,-0.0056519956014,0.1868884779139,-0.1682926415945,-0.0152421194526,0.1433272189243,0.0524984359260,0.0469229581637,0.1131932287368,0.0144391108096,0.1490911244485,-0.1295567505891,0.1726808291975,0.3145607128286
0.1992029598785,0.0224151693418,0.0598802583057,0.2482900810185,0.4494199632667,-0.3155205140231,0.1590081116833,-0.0102215266227,-0.1456778289058,0.3449111232497,0.3746356129112,0.0837791717751,0.6706938176109,0.1276745171303,0.0012470806850,-0.0974288233141,0.0396960938829,0.0949176366256,0.1153293105137,0.0478904358174,1.0000000000000,0.1675805632199,0.2871491425850,0.1699856385417,0.1821353567731,0.1832127559118,-0.0507195039136,-0.0764031237205,-0.0192679226236,0.1825170744712,-0.0252371985882,-0.0370261580400,-0.4024425873736,0.4138643838745,0.2882711759677,0.2444731915954,0.1513001767713,-0.0658585813986,0.3128702559932,0.4646341015424,-0.2211359043614,-0.0824316285895,0.0968446728194,-0.0756484894436,0.3123428987585,0.2888782923829,0.2836129906281,0.6718881677650,0.1077660206546,-0.0306628997795,0.0502592837628,0.0881927722112,0.1332961552623,0.0538243578507,0.1106581499335,0.7768357339692,0.1124422182490,0.3760676628355,0.1717019496474,0.2507287081235,0.0434523358785,-0.0793542393241,-0.0844273407149,0.0704040851539,0.1832683361265,0.0581320533210,-0.0954159707716,-0.3049087073296,0.3856767775608,0.2478670314807
0.1157935155282,0.3711404114101,0.1723646357154,0.1190762565602,0.1962805322517,-0.3593162120507,-0.2851067896282,0.0275471953349,-0.3388153569638,0.0289233816760,-0.1321905179742,-0.2422562107600,0.0634099799372,-0.1559522866262,-0.2524329010281,-0.2926552061980,0.6112630744390,0.3408461122466,0.0278929362166,0.1593452018435,0.1675805632199,1.0000000000000,0.2622235634180,0.7991741745122,0.2310107469452,0.0438656647669,0.0086279176816,-0.0185149736533,0.4465719464195,-0.0585517937819,0.1993966507209,0.0102344445147,-0.0566958432047,0.0143117619496,0.2283016550694,0.0435644460968,0.3408678287817,-0.2210121564292,0.2189574177602,0.1664812743442,-0.3687387774066,-0.4022176315501,0.2018621730855,-0.3833866469877,-0.0879149190526,-0.1962980019713,-0.0902994105255,-0.0039696813688,-0.2113417663586,-0.2750015038493,-0.1543516874077,0.6983751744945,0.3598579839545,-0.1166202312151,0.1104594521419,0.1913003131263,0.7050500308217,0.3962774049999,0.6654823173382,0.2863199765024,0.0530122091625,0.1200146287260,-0.0193688489415,0.5596263413051,-0.0409795134544,0.4013500048224,0.0257500903132,-0.1354686974817,0.1233523068934,0.2426090571387
0.1288010172392,0.3551205989815,0.0671573280461,0.3973396452443,0.0282050303778,-0.3827087443778,-0.0334161061192,0.0699464813497,-0.2554073876991,0.1966681616448,-0.0937384759435,-0.0454450358862,0.1751674193697,-0.0123705645841,0.0234172833677,-0.2101588416995,0.0990021583998,0.2162001507339,0.0813009452855,0.0665209171210,0.2871491425850,0.2622235634180,1.0000000000000,0.3234915756882,0.4306282468165,0.1221043813262,-0.0328389322326,-0.0559897175289,0.1485331792506,0.3690213785382,0.2936415428135,0.0830500325445,-0.3866833348671,0.3863101787367,0.4130700107521,0.1580511148133,0.2478393139134,-0.3055112318221,0.3995399478315,-0.0041297106606,-0.4293519390898,-0.4015349916560,0.1319034208929,-0.3950235782901,0.1560130799410,-0.0984764242681,0.0717688822971,0.0963033665383,0.0241819036956,0.0911246343062,-0.1887842958808,0.1288888657745,0.2700550353388,-0.1076273812954,0.1248244537134,0.2893596109168,0.0389369257965,0.8248871713493,0.1353286419045,0.4283433101755,0.0656754560434,-0.1008956195838,-0.1085292018352,0.1600779932861,0.4097492038894,0.2785080887768,0.1678107324790,-0.2024422392825,0.2280300470435,0.2875123043898
0.3063384626859,0.3880122504504,0.4164180886197,0.2918660757490,0.2645068467168,-0.3410077626972,-0.0620644772364,0.1374882978885,-0.1484799819765,0.0476795484480,-0.0071654231334,-0.1829144264219,0.1672304346151,-0.0944274449306,-0.1251669024251,-0.1323602856019,0.6288885852530,0.4853003965104,0.0813594451541,0.2595573898425,0.1699856385417,0.7991741745122,0.3234915756882,1.0000000000000,0.2248371238119,0.0886729990047,0.1525987256953,0.1645912634975,0.4681722209482,0.0601515800100,0.3364291019488,-0.0612656714271,-0.1574668804991,0.1078592970749,0.3544219403228,0.0749300527303,0.3699004866660,-0.0397135796336,0.2590501574954,0.2323136019978,-0.3961900861649,-0.4278701470142,0.1747090432419,-0.3642082274602,-0.0973833544561,-0.1559324539697,-0.0505882654857,0.1223212733629,-0.2498797126038,-0.3839734999023,-0.1237780874634,0.6804352298921,0.3886493591812,-0.2278905940324,0.0268320002052,0.3105097292550,0.6437057670719,0.4436615048691,0.7501153569112,0.3102279519062,-0.0636675735565,0.0618624664735,0.1851968004712,0.4820167969895,-0.0438673813323,0.3970069570971,-0.0293731604082,-0.1963075982500,0.1242698540434,0.2877426180434
0.2451921809210,0.1940363070238,0.4966490211066,0.6034285576124,0.3212983026357,-0.2940283791291,0.1655769010689,0.6182417990566,0.1210410140055,0.5936758698650,0.0396797264300,-0.1082366846430,0.2759413618801,0.3041329741289,0.2429217467929,0.1141017847932,0.3778399227597,0.2455543819212,0.1605368344129,-0.0589877988307,0.1821353567731,0.2310107469452,0.4306282468165,0.2248371238119,1.0000000000000,0.3426479551260,0.4277137894913,0.3608426240885,0.6065511850685,0.1715514159156,0.5359144172978,0.5204432917553,-0.0556386715543,0.1940409686899,0.2525144227139,-0.2202335100493,-0.0201710674358,0.0786077524260,0.2519648894140,0.2231460984573,-0.3102686562331,-0.3802632824482,0.5022106106198,-0.3884841207783,0.5810794723884,-0.2764734882891,-0.1907034485600,0.2128723999415,0.2684605049270,-0.0719901938889,-0.3228443151258,0.2648007921188,-0.1478456569331,-0.5386337881130,-0.4497749708677,0.3304736413808,-0.0514144050099,0.2632260565931,-0.0719587510704,0.8684693383722,-0.0487243840530,-0.2598585266745,0.2276501918830,0.3051033441045,-0.0754194392740,-0.1206012138442,0.4375057994581,0.0444205200007,-0.0473918550930,-0.0816979436353
0.3058720265254,0.3336972189979,0.3765800136657,0.6159399841231,0.3356814575329,-0.0196468156294,0.4100583287799,0.3702437524943,0.3387496655076,0.3944050674052,0.2855349130442,0.2236886601220,0.2380842279509,0.5522174399493,0.3530661292987,0.2825415027291,0.3576450476637,0.1738488943980,0.3501121713076,0.1546407778417,0.1832127559118,0.0438656647669,0.1221043813262,0.0886729990047,0.3426479551260,1.0000000000000,0.5327375598113,0.5615309331586,0.0881074290093,0.0746245035137,0.2887655157949,0.2598307563564,-0.0111778310037,0.3821845835554,0.3935761269976,0.0603203672916,0.1716174016896,0.1475954553549,0.2928723886113,0.2213154438773,-0.0355278974064,-0.0445644199362,0.1544599259038,-0.0490366165623,0.3639730725466,0.0008328414176,0.1863041169244,0.2177552533972,0.3975607522913,-0.0034854105504,-0.1141787472848,0.2523780402653,-0.2327598725424,-0.2523036205793,-0.3122374199918,0.2488876119800,0.0564283988320,0.0003224754689,0.0435649979220,0.2728924088352,0.3989928672496,-0.0887868512466,0.4634770892853,-0.1270935214616,-0.1613766897961,-0.2542856651996,0.1966217236111,-0.1603632662139,0.3184268306112,0.2194885225009
0.5559324212408,0.1611519640653,0.6680575572448,0.6576944619288,0.3316233494989,0.0311983216813,0.5672072430687,0.7084361153823,0.6505244533128,0.2900398006408,0.3322126257392,0.2375333285440,0.2675448782266,0.4706901700098,0.5441946851263,0.5378260730016,0.4139850143488,0.3745389100084,0.4377891212632,0.3427255476853,-0.0507195039136,0.0086279176816,-0.0328389322326,0.1525987256953,0.4277137894913,0.5327375598113,1.0000000000000,0.8216800533077,0.4289395261326,0.3106451423142,0.6886724462370,0.3976647224835,0.1359300252989,0.1978713896582,0.4181819809699,-0.0896993166206,0.0569699199606,0.2847702243796,0.0225292155695,0.1712995405143,0.0049909515369,-0.0457030741674,0.1792673081081,-0.0314973675113,0.1664946281147,-0.1252065040507,-0.0443884198715,0.2271213694204,0.2245495415106,-0.2529043481441,-0.2000524796789,0.2220028099246,-0.3542567548868,-0.5896965360229,-0.7006880184506,0.1925799081279,-0.1129175248455,-0.1854302530869,-0.0591152258813,0.2786588593654,-0.1016790233875,-0.0748557675628,0.6831740321996,-0.1123791943759,-0.2128798128937,-0.3929574193571,0.4011340903010,0.0808121164851,-0.0339935361002,0.0101516646477
0.4386555241836,0.1259798716374,0.7116253610727,0.5932123830930,0.3132662573355,0.0647795102820,0.5699823924040,0.6248375894495,0.6138659452023,0.3947900038733,0.3693879791295,0.1900747090007,0.1911038192564,0.5577781891688,0.5392615800872,0.5450902701373,0.4282513312675,0.2802273737165,0.3927612871834,0.2157930084998,-0.0764031237205,-0.0185149736533,-0.0559897175289,0.1645912634975,0.3608426240885,0.5615309331586,0.8216800533077,1.0000000000000,0.3119960332784,0.1838384255171,0.4723094044227,0.3172257662659,0.0923294674989,0.1783854464824,0.2414846911149,-0.1411652696946,-0.0471027463743,0.3771523519303,-0.0042448294391,0.1518358941088,0.0637505737910,-0.0136492101644,0.0821354260849,0.0052081482520,0.3129364429348,-0.0462742432931,0.0321178973053,0.1879048569769,0.3032621852775,-0.1728925833510,-0.0912633213918,0.2077944054140,-0.4332781018423,-0.4980246568208,-0.6243960597898,0.1544628029854,-0.0924885118145,-0.2137217382165,-0.0349856926735,0.2023607708326,-0.0249997744463,-0.2443108527823,0.8522414727538,-0.1744420283052,-0.2836920195013,-0.4595521317550,0.2735465739702,0.0674991506966,-0.0323607436066,-0.1291155064457
0.4140035484272,0.1462857171883,0.4148653129573,0.4121171694472,0.3550159112496,-0.1834463104164,0.1324502037381,0.4546512958233,0.1916329699819,0.0466918219423,0.0924059256999,-0.1077791700160,0.1507308399370,0.0302811796381,0.1505222282613,0.1124183129399,0.5612247571211,0.3446588184139,0.0695758019635,0.1122201038860,-0.0192679226236,0.4465719464195,0.1485331792506,0.4681722209482,0.6065511850685,0.0881074290093,0.4289395261326,0.3119960332784,1.0000000000000,0.2082371084497,0.6963030695941,0.4073636328440,0.0375368861853,0.0850317582039,0.3188571562388,-0.0119173166751,0.0612452929555,-0.0197402069435,0.0791593924744,0.2358511342933,-0.2247783308039,-0.2271158339144,0.2807573994687,-0.2771997891808,-0.0422543655170,-0.1927491117384,-0.2624862989108,0.1149479140873,-0.0704924794314,-0.2965340205968,-0.2822619972935,0.4140274671144,0.0609948582489,-0.5994320129383,-0.4463411613095,0.1849337170363,0.1241091638891,0.1119095585543,0.1840310941324,0.5087075382796,-0.2527594732790,-0.1359575223849,0.2231393028337,0.6385214402257,-0.0409321954710,0.0777562203580,0.4345740292779,0.0375432989374,-0.0765986358572,0.0438095700948
0.5043734299255,0.1152284270324,0.1545949603784,0.4523014633684,0.0817347224112,-0.0266119195009,0.3935414373921,0.2351155987476,0.2899614757809,0.0216733885827,0.2525572021382,0.3096993128904,0.3511507675051,0.2378960432682,0.6023575592864,0.3496040901512,-0.0659723726060,0.3380446301462,0.3542252230914,0.2361489741518,0.1825170744712,-0.0585517937819,0.3690213785382,0.0601515800100,0.1715514159156,0.0746245035137,0.3106451423142,0.1838384255171,0.2082371084497,1.0000000000000,0.4427670645806,0.1156526455027,-0.1157334037174,0.4149069923288,0.6623923024337,0.3067495964458,0.0269159923296,-0.1497304624619,0.3233333413533,0.0259587763353,-0.0515719079258,-0.0070022744554,-0.1110474246386,0.0193952214641,-0.0263722304334,0.0152137475050,0.1796389132286,0.3296688787475,0.2691436543915,0.1898750844461,0.1183372225657,-0.1865731173168,0.1193115132076,-0.2835437796417,-0.1756736602740,0.2683761821222,-0.1837086657001,0.2835452661982,-0.0740366310063,0.0983628402896,-0.1008089634730,-0.1798699736414,0.1048836978358,-0.0500400683762,0.6724965170435,-0.0244786860954,0.3045733351914,0.1790994791597,0.0473894183836,0.3867071174604
0.6100451982648,0.1566795472968,0.5737672845968,0.6650916273351,0.3490856637862,-0.1617681076192,0.3517138514531,0.6937839837433,0.3956072155808,0.1469767076570,0.1236404221831,0.1687924217096,0.2614552704039,0.1819751421950,0.3574812917813,0.3110107831137,0.4448459564211,0.5554611551867,0.2710048383825,0.4078850996801,-0.0252371985882,0.1993966507209,0.2936415428135,0.3364291019488,0.5359144172978,0.2887655157949,0.6886724462370,0.4723094044227,0.6963030695941,0.4427670645806,1.0000000000000,0.4917330640489,0.0763688678603,0.2427164489841,0.5626584171937,0.0933376497162,0.1163314958261,0.0278711135759,0.1284666323159,0.2140329660541,-0.2185450018281,-0.2716151457365,0.3420375268121,-0.2909349748677,-0.0263408548437,-0.3109161358831,-0.0967078066687,0.1936393752992,0.0382187049923,-0.2541715478757,-0.3546488528714,0.2700666366541,0.0581958045762,-0.6259697328776,-0.4944911921456,0.2486875159829,-0.0765217470153,0.1183538963756,0.0086741912339,0.4145647647449,-0.1943427127812,-0.0711477738064,0.3464912493984,0.2342369970289,0.0620833638439,-0.0509185196251,0.5384665080142,0.0784476812078,-0.0042764186713,0.2303742307925
0.2076187717252,-0.0528087700695,0.3120540950964,0.3959024622774,0.1432197126962,-0.0867121510947,0.1146737556173,0.5632610530786,0.2680661940244,0.3583993818750,-0.1097123872498,-0.0463943961098,0.0857621633802,0.1366119577556,0.2903529875310,0.1463110191116,0.2712340715913,0.2010285495034,0.3113782813006,0.0496136026878,-0.0370261580400,0.0102344445147,0.0830500325445,-0.0612656714271,0.5204432917553,0.2598307563564,0.3976647224835,0.3172257662659,0.4073636328440,0.1156526455027,0.4917330640489,1.0000000000000,0.2069833606796,0.0830436398939,0.1769685068553,-0.1998235794434,-0.2103386780794,-0.0897725497404,-0.0481819834609,0.0176082412682,-0.1609619611543,-0.1924584959213,0.2713872047216,-0.2492938697759,0.3244658950699,-0.4046385862000,-0.3187596332937,0.0849848277070,0.2824693187581,0.0133365020034,-0.4515179445975,0.1018256525042,-0.2221352332322,-0.5519793784818,-0.5350861164241,0.0497140259716,-0.2237867595457,-0.1546360512478,-0.2814879905438,0.3560015988973,-0.0228087602685,-0.3175843314832,0.0824173044237,0.0207888014687,-0.0297452125585,-0.3948214272633,0.8474020391511,0.2384715301845,-0.1363115818303,-0.1415180813464
0.0249962730231,0.1488692194816,-0.0565247700161,0.0106840283976,-0.0248554267396,0.4263808520466,-0.0301071339050,0.1176749303121,0.2343297148874,-0.0612563410676,-0.0319911332623,-0.0579566136643,-0.2594316803712,-0.0642020164559,0.1631868329340,0.3222676459748,0.0362339225266,0.0988090958273,-0.1089729225860,-0.0874450380797,-0.4024425873736,-0.0566958432047,-0.3866833348671,-0.1574668804991,-0.0556386715543,-0.0111778310037,0.1359300252989,0.0923294674989,0.0375368861853,-0.1157334037174,0.0763688678603,0.2069833606796,1.0000000000000,-0.5913118902446,-0.1760340063215,-0.2965447393179,0.0299493309876,0.0342282450440,-0.0578647432775,-0.0476538895348,0.2970009744482,0.1877923543997,0.0178165091496,0.0235009189843,-0.0508671808147,-0.1770627950466,-0.2704294805513,-0.2014141392662,-0.0155375325572,-0.1080679251801,0.1091170949800,-0.0435448532405,-0.1030513608503,-0.2177528363669,-0.2337684223489,-0.2864446140814,-0.0259914003558,-0.3909633127236,-0.2033310483572,-0.0765808877593,0.1249550779714,0.0506049167269,0.1218827992225,-0.1049724385217,-0.3133622743673,-0.1123855912005,0.1395501390729,0.7695216501326,-0.5831076839077,-0.1900098474350
0.2471764060141,0.0219353237363,0.2157153529990,0.3434244083313,0.1430702661220,-0.1360602776342,0.3314232958669,0.1136241051322,0.1383213569697,0.0740936628688,0.2122295643345,0.3476404215660,0.2883510314213,0.2701224179142,0.1931038000168,0.0726991443223,0.1130024602242,0.0474080437904,0.1793572295216,0.1830250546582,0.4138643838745,0.0143117619496,0.3863101787367,0.1078592970749,0.1940409686899,0.3821845835554,0.1978713896582,0.1783854464824,0.0850317582039,0.4149069923288,0.2427164489841,0.0830436398939,-0.5913118902446,1.0000000000000,0.6176877805232,0.3892432749312,0.0142991876032,-0.0257083946550,0.1622680197367,0.1331851387630,-0.0958888548365,-0.0047112472112,-0.0657072794893,0.0470932009479,0.1046681855085,0.1928416090907,0.3586865089325,0.2975450766257,0.1446965333423,0.1199354249463,-0.1382940759254,0.0840672960321,-0.0145455254989,-0.0710917709921,-0.0589473196704,0.4000227697530,-0.0680076803403,0.3028261186165,0.1111341398764,0.1623657989129,-0.1512602634266,-0.1913628217125,0.0817069669806,-0.0504852124065,0.4513846830806,-0.1058797388285,0.0701658258894,-0.5684252787442,0.8323396624692,0.5400874279174
0.5450669072883,0.4131536291250,0.2831968986591,0.6256327623069,0.2136703382128,-0.1394254403305,0.3634594190664,0.2278613527238,0.2442516081099,0.0205983383638,0.2141070012943,0.3145896744332,0.3342343576972,0.2157569955828,0.3122663232069,0.1973163737690,0.2696738278601,0.4750913569423,0.3270670653434,0.3512041733810,0.2882711759677,0.2283016550694,0.4130700107521,0.3544219403228,0.2525144227139,0.3935761269976,0.4181819809699,0.2414846911149,0.3188571562388,0.6623923024337,0.5626584171937,0.1769685068553,-0.1760340063215,0.6176877805232,1.0000000000000,0.2734827539829,0.3447723001493,-0.1260187857645,0.4586365008554,0.1389786181852,-0.1829528271101,-0.1028008898938,-0.0327908369373,-0.1046282128232,-0.0865582551370,-0.0099461146041,0.2357446482834,0.3114910996392,0.0860354906933,-0.1488509009766,-0.0582726391378,0.2018377839224,0.2406487271800,-0.3222076160356,-0.1749951524657,0.4088786002168,0.1245037501901,0.3890545833908,0.2387266127833,0.2091045416029,-0.0028989401298,-0.1201030509377,0.1729102353673,0.0593488656861,0.4032152405217,0.1386876125735,0.2401969708931,-0.1549799012726,0.3926163512538,0.7173513292850
