1.0000000000000,0.4100151309260,0.3733192044972,0.4763533224067,0.3057659975359,-0.1308807660490,-0.1053428690014,-0.0414540088349,-0.2095463152661,0.1986678174741,0.2712670992430,0.3054013489837,0.3455133144200,-0.0670873592106,0.4423862514385,-0.2061397366425,0.4427470300510,0.4659439224070,0.2921359704205,0.5648281458224,0.5884885096164,0.4782537096785,0.3678372255046,0.5300892667216,0.3107465391845,0.2400598426138,0.2795071524170,0.4046811516647,0.4004764882085,0.6890647829646,0.3882041402147,0.1822397961675,-0.3680794657567,0.3506799756981,0.6266585280436,0.8049462960341,0.4339361035940,0.2751984525625,0.4675689253650,0.3109817975700,-0.1108881983756,-0.2151816364080,0.0591288780090,-0.2324668360773,0.1720864191393,0.1159004942520,0.1240646995018,0.4837494143830,0.0543078674157,0.3468609705290,-0.0596517835140,0.4683845656451,0.5023659447584,0.0531667654497,0.5762890120681,0.5249104452952,0.4661660698911,0.3846679858849,0.5135638698394,0.3042114828976,0.1593778750173,0.3192125334575,0.2661072712327,0.3445375445317,0.5132554935753,0.4288029371351,0.2339587482510,-0.0955746929492,0.5428503155449,0.6087709895688
0.4100151309260,1.0000000000000,0.3447560281512,0.6538534399779,0.4914479279761,-0.2107681447004,-0.2572271152917,0.1130872216839,-0.3614280192364,0.1842831232053,0.2487140168421,0.1210465975973,0.2523745264479,-0.1367173607681,-0.0752040919910,-0.3005285773057,0.4740628964981,0.4756463385862,0.0277011453404,0.3487508707543,0.4173846514880,0.5545638510917,0.6577603580609,0.5521639920563,0.4026656662631,0.4411030865514,0.2852357714280,0.4142914634440,0.4364900780722,0.4029940391180,0.5401150344255,0.0353232249006,-0.0785287603992,0.2664625113690,0.4865827882624,0.5262038318010,0.8107083273391,0.2447662805367,0.5912573661353,0.4500089352393,-0.1944397956698,-0.3173653639224,0.1979417859902,-0.3565125439936,0.2642966046790,0.0769585392019,0.0924200244574,0.3299940255239,0.0008176983266,0.0000424647613,-0.2212586588913,0.5339284694692,0.4619526123478,-0.0207751205541,0.4016320091981,0.4599553399208,0.5062731478751,0.6951602263405,0.5412542644675,0.4539131523857,0.5196864452952,0.3163137807125,0.3604479205542,0.4204895417851,0.4166594289899,0.5301481031511,0.0810188279716,0.1956039506406,0.2000726453239,0.4762960479526
0.3733192044972,0.3447560281512,1.0000000000000,0.2883207351379,0.2489665878541,-0.0327176230997,-0.1800834428266,-0.0681531119336,-0.1105650726346,0.2654980951181,0.5042010898692,0.4747689853249,0.2524952116941,-0.1259523896224,0.0398690884603,-0.2045333952867,0.8041229860354,0.7144353154823,0.5157491977986,0.5780746301125,0.6697498311473,0.8280454345483,0.4517715298373,0.8761040143328,0.4114106028535,0.1219984253953,0.7701791002156,0.9588495728061,0.5330834674328,0.2161702318007,0.4795466453803,0.5136453156688,-0.2007504895040,0.2093093173584,0.3906070042966,0.3633295549298,0.3975289400583,0.9172530568775,0.3894956320011,0.2736165325946,-0.3643558392550,-0.1831816374309,0.2947072661328,-0.1097029921762,0.3012186564112,-0.0090220322917,0.4524868173874,0.4166363660883,0.2332808508261,0.2530325500075,0.0314982328970,0.6875972723013,0.7535354943924,0.4306744817908,0.4812207786009,0.6293428410456,0.8658485909517,0.3721848775140,0.8688135942471,0.3129533304045,0.3080851289072,0.6650453519389,0.8613684020723,0.6291993084474,0.3732399726082,0.6906296274711,0.4185220098350,-0.0479818221508,0.2682161933328,0.3570160273309
0.4763533224067,0.6538534399779,0.2883207351379,1.0000000000000,0.6596988446801,-0.1295335263923,-0.1465640544165,0.3531572794151,-0.2690134125409,0.5531708392955,0.3800411585183,0.1062859592816,0.4196080641741,0.0259076251412,0.0653580255017,-0.1894092939571,0.3529301628916,0.4679436092038,0.0561715638987,0.3444290288447,0.4566195268419,0.5063831679968,0.7246472377936,0.4851166311062,0.5822798912874,0.3775048164993,0.1437840812199,0.2940865287068,0.5141116978501,0.3088876301395,0.6033170081326,0.0929019182250,0.0562652037722,0.3199934024842,0.5705558161036,0.5957543463481,0.6091508084848,0.1363055896056,0.8584767196187,0.5489193409055,-0.0900594179128,-0.2609897479910,0.3598164859151,-0.3001950051687,0.6092578685005,0.1960776057348,0.0410858151444,0.4681211134872,0.1310695846721,0.0827739623483,-0.1080088413207,0.4543967954760,0.3891950758670,-0.1472961299090,0.2542538323850,0.5691463831906,0.4137267058587,0.6607504183727,0.4530285295341,0.6249302643829,0.3582122289903,0.1842647644162,0.1760904560493,0.4324469883539,0.2919198556253,0.5022315731639,0.0857540538832,0.3319336013237,0.2124473776617,0.4627457111208
0.3057659975359,0.4914479279761,0.2489665878541,0.6596988446801,1.0000000000000,-0.1967897060511,-0.1860832885056,0.4297100666468,-0.3580205958176,0.5442354587252,0.5227317814937,0.0656947040725,0.4872360337027,0.0184185510287,-0.0808104964751,-0.2570751482096,0.3297783895411,0.3700567568948,-0.0316316536790,0.2268106152368,0.5666028927666,0.5362340988101,0.6888839844372,0.4554196584074,0.7006282252132,0.2595322013137,0.1277523878998,0.2310554034953,0.6467309258309,0.2403121272108,0.6641231895749,0.1071288760465,0.0309873639981,0.2594242367112,0.3411262482023,0.3558494150895,0.4999015170678,0.1201584746718,0.5513451995225,0.9087497819985,-0.1826430102455,-0.2772026451968,0.4541809873762,-0.3939488955726,0.6009474064759,0.4284601328102,0.0599587769031,0.5383962119828,0.0850881259656,-0.1215591092885,-0.2057191208853,0.3554523541389,0.2821331551662,-0.1822563124521,0.1572662132040,0.6730004173266,0.4182509493620,0.6202599107665,0.4156458190344,0.6865244325017,0.2225863249910,0.1477657607934,0.0898194072084,0.5435184704706,0.2257524824213,0.5064165940773,0.1245788171186,0.3134754025099,-0.0628558721518,0.2310726409210
-0.1308807660490,-0.2107681447004,-0.0327176230997,-0.1295335263923,-0.1967897060511,1.0000000000000,0.5549575336269,-0.2267414780401,0.5740191315563,-0.1589207166481,0.1764294636837,0.3266570214755,-0.0371553927389,0.3412372011739,0.2277465317930,0.4503823226657,-0.0967190699249,-0.0484554286949,0.2779314641936,-0.0264333132768,-0.0995703866579,-0.1602640444316,-0.3334176839065,-0.1719884593381,-0.3441087481072,0.0620147847027,0.1579751414470,-0.0235865396997,-0.2854952665156,0.0038589945645,-0.3015984456992,0.1996938314038,0.3653187480280,-0.0284463847182,-0.0088721125486,-0.1147118793890,-0.2544224682780,0.0263579229277,-0.0092161481118,-0.2454729435314,0.4223097995942,0.5319661903781,-0.2918237940871,0.5114384303019,-0.2370315172792,0.0011238959644,0.3511097420319,-0.0754765826713,0.2651194708075,0.1666196764550,0.3776536552781,-0.0715041335572,-0.0228864821776,0.3535930899918,-0.0493387378913,-0.0550669382968,-0.0788117572425,-0.3526884459174,-0.1040208894726,-0.3936761393329,0.0438610358770,0.0773687925707,0.0210116377094,-0.1708265531882,0.0282840758181,-0.1515872384679,0.1284012785734,0.0043620834449,-0.0630269062257,0.0832667881604
-0.1053428690014,-0.2572271152917,-0.1800834428266,-0.1465640544165,-0.1860832885056,0.5549575336269,1.0000000000000,-0.3554688631298,0.8394127529651,-0.0188635189184,0.2483295260481,0.1677936717143,0.2629102169051,0.3797976041225,0.4317607057821,0.8314895764141,-0.2212576058546,-0.2454545193043,0.0567019357072,-0.1934044255453,-0.1156803226305,-0.3316063736394,-0.3864324012060,-0.3295766895717,-0.3800639080954,-0.0067744086596,-0.1364704097018,-0.1751729183698,-0.4089908374789,0.0361655418538,-0.3575036213906,-0.1267047894163,0.2310229961263,-0.1281536350459,-0.1229581470087,-0.1553964254971,-0.4073540096521,-0.1253405144474,-0.0760828466387,-0.2309831019708,0.5134583396799,0.8763003175789,-0.5073642715375,0.7823457623016,-0.1552349296822,0.3145149304052,0.2849941898902,0.0619682117241,0.1877515141309,0.3361821720122,0.7360697702735,-0.1780018284496,-0.2809888543814,0.2522131157301,-0.2604237918673,-0.1454850732414,-0.2878868096668,-0.3995984132051,-0.2878169292637,-0.4144033239316,-0.1187686262524,-0.2586138430328,-0.0941950831493,-0.4249003292856,0.0025894771740,-0.3772250441762,-0.0271874309074,-0.1594109130618,0.0474624057976,0.0483283419764
-0.0414540088349,0.1130872216839,-0.0681531119336,0.3531572794151,0.4297100666468,-0.2267414780401,-0.3554688631298,1.0000000000000,-0.3710608826148,0.3509668167133,0.0635580798810,-0.0647819950476,-0.1202041721219,0.1648883273452,-0.1413407909144,-0.4190287414567,-0.0043041564524,-0.1270450121923,-0.1435267897556,-0.1823116135980,-0.0291149949090,0.0694181056208,0.3193999938430,0.0306651399259,0.6098492459197,0.1502972337691,-0.1147139426559,-0.1161874195884,0.4977902806478,-0.0459850593193,0.4415892121208,0.0780602725567,0.1235932986121,-0.1257653889677,-0.1295057807852,0.0459808206082,0.0040284083257,-0.1487010360261,0.1711122429011,0.4247676664646,-0.1513333266137,-0.5080508613540,0.6532039708208,-0.4698718863419,0.3557998234164,-0.0349090691028,-0.1821439163156,-0.0446690467413,0.1607575489769,-0.1960022064401,-0.5299970861118,0.0654687565034,-0.1656941356765,-0.3913411900082,-0.2147677672622,0.0706052765232,-0.0342526395634,0.2636776237721,-0.0508633932891,0.5917975755826,0.0786217205235,-0.0589560602914,-0.1860837792914,0.3731734916946,-0.1051159728944,0.0587168318239,0.0743411377291,0.3164152997949,-0.2609848414154,-0.1895141710965
-0.2095463152661,-0.3614280192364,-0.1105650726346,-0.2690134125409,-0.3580205958176,0.5740191315563,0.8394127529651,-0.3710608826148,1.0000000000000,-0.1717766399332,0.2005628974561,0.3170894405846,-0.0529639934652,0.3352437022480,0.3831525172942,0.7870927119786,-0.2128587446024,-0.2540382596929,0.2610734481960,-0.1193015889235,-0.1618222530463,-0.3750188326086,-0.5836342202182,-0.3501368899749,-0.5191708062627,-0.0708379164490,0.0057065520667,-0.0875438266364,-0.4718511687102,-0.1433147828819,-0.4982049307556,-0.0425392888404,0.1510788897028,-0.0170767514227,-0.0942558540878,-0.2504525091361,-0.4880654768189,0.0249407542524,-0.2082497123413,-0.4322297308001,0.3773300369251,0.8330271416337,-0.4704919260256,0.8792768734472,-0.3052809851151,0.1397009735415,0.3776107616587,-0.2245441397316,0.1798313586238,0.2357990678333,0.6749245359825,-0.1884166386718,-0.2223880057426,0.3723485369625,-0.3334775552533,-0.2170094046320,-0.2870689483010,-0.5963872073926,-0.3244547314487,-0.5431561966484,-0.1732624524102,-0.1606431937377,0.0308025603260,-0.4170776593870,-0.2300580925329,-0.4494307903405,-0.0419970272846,-0.2207250741411,0.0099445783417,-0.0255516339705
0.1986678174741,0.1842831232053,0.2654980951181,0.5531708392955,0.5442354587252,-0.1589207166481,-0.0188635189184,0.3509668167133,-0.1717766399332,1.0000000000000,0.3967374558424,0.0063871536877,0.5347317815233,0.2598881111141,0.1435704173236,0.0681005139128,0.1380890147532,0.2641711436179,0.0511643379397,0.0836219419799,0.3252203911016,0.3004535698229,0.4948110591388,0.2827593467910,0.5743023776099,0.2484137213158,0.0101725327878,0.2352536329698,0.3000394513375,0.1350082599700,0.3476958731420,0.2441392343192,0.0063008740353,0.0961149501405,0.1365654804563,0.1994546030120,0.1914621772384,0.1108085454082,0.4699346048690,0.5607152328446,-0.1508694001171,-0.1592046368873,0.2737569140268,-0.2669835197651,0.8360932745311,0.3722343276020,-0.0151341610129,0.5228407085319,0.3032809714022,0.0824479341045,0.1087709773149,0.1816438443549,0.0810063543478,-0.1401805019105,0.0002216324006,0.4484982299209,0.2615536115113,0.4011443639775,0.2616677390195,0.4789221789213,0.1394060475172,-0.0246411616732,0.1483346273509,0.2107053265802,0.1435729779773,0.1963332687233,0.1266331604771,0.0464210533152,0.0447522872628,0.1010501494219
0.2712670992430,0.2487140168421,0.5042010898692,0.3800411585183,0.5227317814937,0.1764294636837,0.2483295260481,0.0635580798810,0.2005628974561,0.3967374558424,1.0000000000000,0.3730349320151,0.4859633585080,0.1519723308478,0.1288990982792,0.1186188672434,0.4182458455714,0.3855186792379,0.2443858159201,0.3417168838147,0.6842939987561,0.4961020167334,0.2800690211547,0.4621423761254,0.3030232007801,0.2770957055709,0.4419287262544,0.5043351833301,0.3497363483918,0.1869858319735,0.3022922345684,0.3178899986844,-0.0199128227116,0.3496096631990,0.3784247615577,0.3006040070731,0.2314015227086,0.4593999413535,0.3703651490499,0.4326847900964,-0.1417893578480,0.1523666253831,0.1391435304650,0.0976243284055,0.3431247642851,0.6145206463213,0.3634221472443,0.4797125493329,0.2414808951240,0.1285989890709,0.1643770032528,0.4118879231290,0.3884441455330,0.1664697544777,0.1577297767036,0.6823475476244,0.5060069708653,0.2015098669067,0.4620017991948,0.2095552870504,0.2338857928837,0.3095474758223,0.4399929617082,0.3736866706333,0.1751332020577,0.3624479414655,0.2457992080397,0.1004343985650,0.0950743065808,0.3004780434927
0.3054013489837,0.1210465975973,0.4747689853249,0.1062859592816,0.0656947040725,0.3266570214755,0.1677936717143,-0.0647819950476,0.3170894405846,0.0063871536877,0.3730349320151,1.0000000000000,0.0588070961027,0.4147311537847,0.2392918709885,-0.0091424513400,0.3750778822410,0.1615514915701,0.7632441421329,0.3101512859255,0.4326983449221,0.3092928067198,-0.0316356461288,0.3844913631273,0.0744527408047,0.3887637790383,0.5970308999567,0.5282555260943,0.2674817556651,0.3346341078541,0.1030129576250,0.6183567447571,-0.1034110224568,0.0472709122910,0.3329984461090,0.3407395305787,-0.0346079701301,0.5047383199156,0.2085336034397,0.0129416669623,-0.0991674964989,0.1062658875674,-0.0347542478874,0.2126938321990,-0.1033079506147,-0.0721650748773,0.8610996453955,0.1964563577354,0.5841895838767,0.3175556018475,0.0428696145704,0.3642714017662,0.3744138839156,0.6123431680185,0.2947159189105,0.3559091454738,0.4251853798538,-0.0815060813858,0.3672126968065,0.0286716066474,0.3379005947280,0.4894620762843,0.4833354716023,0.3497888869877,0.3305642883092,0.1609928924854,0.5956509356189,-0.0983815489417,0.2620278692069,0.4886203634812
0.3455133144200,0.2523745264479,0.2524952116941,0.4196080641741,0.4872360337027,-0.0371553927389,0.2629102169051,-0.1202041721219,-0.0529639934652,0.5347317815233,0.4859633585080,0.0588070961027,1.0000000000000,0.0485013819587,0.2408851769077,0.2087124887668,0.2332815220771,0.3409574943689,0.0646941749014,0.2502199132306,0.5428717884737,0.3752383719508,0.4684911432759,0.3432026039755,0.3193014335678,0.2052350390090,0.1026035647914,0.2368683131453,0.2596983421836,0.3991210559141,0.3859835072142,0.1159688878011,-0.1095552382515,0.1522860180144,0.2777471340351,0.2903801263736,0.2913635660960,0.1636265197088,0.4854380165857,0.5014528027804,0.0127040699152,0.1401194617072,0.0166360671888,-0.0398060630010,0.5456226782729,0.6007616074598,0.1640429093544,0.8759874383176,0.1448333846627,0.3280584120580,0.2990503661013,0.2458178634168,0.2348274382237,0.1153484394479,0.2978282253160,0.5321609139614,0.3342333594213,0.4007116453824,0.3659874699893,0.2985429155045,0.1162816725838,0.1211397474493,0.1949295100444,0.1887725878060,0.4490716855499,0.3406215219219,0.1981078092565,-0.0366938984376,0.3212366217022,0.3385747628839
-0.0670873592106,-0.1367173607681,-0.1259523896224,0.0259076251412,0.0184185510287,0.3412372011739,0.3797976041225,0.1648883273452,0.3352437022480,0.2598881111141,0.1519723308478,0.4147311537847,0.0485013819587,1.0000000000000,0.2622623629280,0.2505385481923,-0.1756150541918,-0.3261199471985,0.1631522019553,-0.2978466039575,-0.0922274105130,-0.2095751356716,-0.1963898557986,-0.2137978705866,-0.0270128568247,0.4065966048682,-0.0920860554799,-0.0770614699518,-0.1136678624906,0.0616645682858,-0.1824491390051,0.3864156379014,0.3461890158340,-0.1721888718650,-0.1757587555449,-0.0610367092998,-0.3404283654751,-0.1607369534846,0.0437216443459,-0.0456836478458,0.2466063004352,0.2890274784370,-0.2142909180014,0.2475626647108,0.0348748606620,0.0868087223531,0.3610079484440,0.0623695175146,0.7141548180516,0.2316776334305,0.1329134026664,-0.1006809207057,-0.3229559714365,0.1009199930116,-0.3359607216731,-0.0443163660159,-0.1680415741848,-0.2434786400801,-0.2434303249787,-0.0774598302751,0.2343903972102,-0.1826934950808,-0.0475472397485,-0.1568085914543,0.0266871048822,-0.3418183856413,0.4329059215207,0.1099413569794,-0.0717048758725,-0.0246804736355
0.4423862514385,-0.0752040919910,0.0398690884603,0.0653580255017,-0.0808104964751,0.2277465317930,0.4317607057821,-0.1413407909144,0.3831525172942,0.1435704173236,0.1288990982792,0.2392918709885,0.2408851769077,0.2622623629280,1.0000000000000,0.3991680004563,-0.0517339071355,0.0913480217342,0.3841759615664,0.2900507359132,0.0455698633292,-0.0973614713367,-0.1477623626237,-0.0583315470547,-0.1556640998542,0.0060489097927,-0.0205635384288,0.0500755901495,-0.1397320212085,0.4691128636236,-0.0597624803015,0.1372383167524,-0.0291919430396,0.0592411571285,0.2041426538264,0.2561570410550,-0.1444084651176,-0.0177164708256,0.0859639480997,-0.0826250676862,0.3140103392032,0.3058962856670,-0.2720299883082,0.2833377153969,-0.0381116161938,0.2268448983982,0.1023668921954,0.1717321857368,0.1065090592833,0.5440508330314,0.3855374880888,-0.0414093628599,-0.0176034549540,0.2482116514446,0.1492940288240,-0.0274133738043,-0.0692087325438,-0.1727783182437,-0.0512941575884,-0.2028681897863,-0.0830937699639,-0.1277328226096,0.0092419798532,-0.1844701000037,0.2776186682790,-0.1433815946448,0.0741696920578,-0.1950749704658,0.3641340922489,0.2876340849074
-0.2061397366425,-0.3005285773057,-0.2045333952867,-0.1894092939571,-0.2570751482096,0.4503823226657,0.8314895764141,-0.4190287414567,0.7870927119786,0.0681005139128,0.1186188672434,-0.0091424513400,0.2087124887668,0.2505385481923,0.3991680004563,1.0000000000000,-0.3086354179470,-0.2110915513924,0.0644995612557,-0.1851122423319,-0.2427335109024,-0.4107546140797,-0.4245343598207,-0.4096002410506,-0.4400360523490,-0.1403766034455,-0.2030334676925,-0.1903950341802,-0.5351069071407,-0.0823562276693,-0.4613612997361,-0.1701974456856,0.1580516607608,0.0076348069227,-0.0925836327842,-0.2712165732348,-0.3844682633977,-0.1371074518507,-0.1133155300164,-0.2770944692632,0.4829916387536,0.8102533426317,-0.4706967835690,0.7255628453909,-0.0324743530697,0.3053573959741,0.1203613194553,-0.0501651583974,0.0848036369102,0.2450344050110,0.8981054279191,-0.2905678370434,-0.3063223484555,0.2812445561715,-0.3231454076401,-0.2455854382892,-0.3606612216412,-0.4331814809582,-0.3630780515218,-0.4574344670529,-0.1859849543859,-0.3419409298857,-0.0477510273454,-0.5338809993702,-0.1327418399764,-0.4508998527754,-0.1857427326211,-0.2898671231523,0.0996482374458,-0.0294265209286
0.4427470300510,0.4740628964981,0.8041229860354,0.3529301628916,0.3297783895411,-0.0967190699249,-0.2212576058546,-0.0043041564524,-0.2128587446024,0.1380890147532,0.4182458455714,0.3750778822410,0.2332815220771,-0.1756150541918,-0.0517339071355,-0.3086354179470,1.0000000000000,0.5993485652542,0.3314368179889,0.4701165526422,0.6415777666482,0.8577487505587,0.5315669611986,0.8834935357592,0.5005527382657,0.2363220229626,0.6317723811947,0.8034962416052,0.6956171246773,0.3342119546401,0.5226943691413,0.3301122200800,-0.2467955399439,0.1810310067520,0.4046199579465,0.4646312890340,0.5106152001466,0.7222836336465,0.4343721763077,0.3447317908454,-0.3137339250198,-0.2426709530765,0.3087880842121,-0.2137988977779,0.1983814836822,0.0099713388419,0.3354726803907,0.4130929418702,0.1088527599761,0.1474058889902,-0.0933560850368,0.9310199627736,0.6871974147826,0.2399360035364,0.5086052156686,0.6309472477834,0.8713837769468,0.5374733621417,0.8691287676833,0.4480160128715,0.3477829583764,0.6124213076966,0.6658226226060,0.7780189661443,0.4429097148482,0.7460570759483,0.3484272667177,-0.0230100277122,0.2516129065603,0.4274946154097
0.4659439224070,0.4756463385862,0.7144353154823,0.4679436092038,0.3700567568948,-0.0484554286949,-0.2454545193043,-0.1270450121923,-0.2540382596929,0.2641711436179,0.3855186792379,0.1615514915701,0.3409574943689,-0.3261199471985,0.0913480217342,-0.2110915513924,0.5993485652542,1.0000000000000,0.3661902617387,0.8008958878605,0.5801607815949,0.7751860130425,0.5668394593550,0.7703399646301,0.2869655964211,-0.0136546330965,0.5665977748604,0.7001352350057,0.4107054885984,0.2969732741081,0.5485426421187,0.2381571043510,-0.0917303280384,0.4055589491126,0.5582685506476,0.4296870721558,0.6825758254589,0.6024031378245,0.4937965205983,0.3186040734712,-0.3009581749244,-0.2673574512459,0.2061810979758,-0.2775285021316,0.3400002727588,0.0490248358634,0.1317085314997,0.4435152683596,-0.0709719382568,0.0674783086583,-0.0003316458187,0.5415056734995,0.8069872229217,0.2149101872902,0.6089361533748,0.6008172277798,0.7414683150111,0.4917940139659,0.7962071230455,0.2457145373263,0.1515296641954,0.5152278195455,0.5491292563797,0.4978817157631,0.3734982016658,0.7578378841174,0.1295326171605,0.1084598827210,0.2239783994827,0.4132676877755
0.2921359704205,0.0277011453404,0.5157491977986,0.0561715638987,-0.0316316536790,0.2779314641936,0.0567019357072,-0.1435267897556,0.2610734481960,0.0511643379397,0.2443858159201,0.7632441421329,0.0646941749014,0.1631522019553,0.3841759615664,0.0644995612557,0.3314368179889,0.3661902617387,1.0000000000000,0.5505836210472,0.3151146051988,0.3139118053714,-0.0529316569546,0.3876459563282,-0.0299814255720,0.1234930142064,0.5937598725058,0.5519666971962,0.1878316280722,0.3106174483187,0.0524371455342,0.5953612435132,-0.1284615497006,0.1069894884573,0.3593746018074,0.2031426676225,-0.0084789107586,0.5025948337756,0.1374984577527,-0.0531526347241,-0.1039917862016,0.0418851942957,-0.0296103187694,0.1067087554642,-0.0342943819108,-0.0753265463425,0.6175614415879,0.1654581311442,0.3501995870603,0.2440455155701,0.1454160945327,0.2771426680003,0.4041285046230,0.6443786850356,0.3794186411041,0.2557881237877,0.4082371850591,-0.1224433023017,0.3806417175465,-0.0825780816382,0.1030128741890,0.4162173182483,0.4588678342361,0.2957587978654,0.3020840518767,0.1787727791745,0.3919598962249,-0.1775224752363,0.3534219648153,0.3978070941747
0.5648281458224,0.3487508707543,0.5780746301125,0.3444290288447,0.2268106152368,-0.0264333132768,-0.1934044255453,-0.1823116135980,-0.1193015889235,0.0836219419799,0.3417168838147,0.3101512859255,0.2502199132306,-0.2978466039575,0.2900507359132,-0.1851122423319,0.4701165526422,0.8008958878605,0.5505836210472,1.0000000000000,0.5740451603111,0.5862166566745,0.3238089249858,0.6278840176864,0.1030161895425,0.0652808972678,0.6064584333645,0.5881347006167,0.3183867676614,0.4254251055181,0.3377440936931,0.3102833297251,-0.2282188967407,0.4302467892530,0.6659467936409,0.4487998699975,0.4744038245517,0.5093926952241,0.3778643948452,0.1807131598969,-0.1990340478060,-0.1993478067329,0.0519843723474,-0.1763120401191,0.1192694569925,0.0751339113451,0.1934411404634,0.3392340482198,-0.1400355493892,0.1083124087857,-0.0220217339119,0.3883611167688,0.7282170509625,0.2975272939372,0.6983742810884,0.4748990041623,0.5781973705260,0.2418222041610,0.6326928486307,0.0784072975800,0.0979504683378,0.4969282875689,0.4361984588558,0.3734999035479,0.3562916651527,0.5218631706633,0.1880107827379,0.0661044244567,0.3938279852766,0.4846212576214
0.5884885096164,0.4173846514880,0.6697498311473,0.4566195268419,0.5666028927666,-0.0995703866579,-0.1156803226305,-0.0291149949090,-0.1618222530463,0.3252203911016,0.6842939987561,0.4326983449221,0.5428717884737,-0.0922274105130,0.0455698633292,-0.2427335109024,0.6415777666482,0.5801607815949,0.3151146051988,0.5740451603111,1.0000000000000,0.7499626624832,0.4835284546857,0.7487816715997,0.4876369971615,0.2969454455309,0.5893529142749,0.6761430977675,0.5981701793994,0.4143563252702,0.5021661285070,0.3596549418709,-0.3750490902866,0.4289700903662,0.6176891656715,0.5856264973023,0.5076431592155,0.6274240196082,0.5037746849447,0.5719719856036,-0.3139011235154,-0.1497107912074,0.2553695280537,-0.1627519896185,0.3530056498939,0.3014039341136,0.3866671167606,0.6813386751453,0.1705723664595,0.2007681017853,-0.0507085913620,0.6004092964564,0.7113660399469,0.1930055550314,0.5561006973844,0.9072257343412,0.7559522336044,0.4380538224558,0.7441530862278,0.4389809944667,0.2908493297748,0.5786507119223,0.5608886360080,0.6258010173703,0.4147937827939,0.6399576830469,0.3628179121269,-0.0091665038621,0.3788750516071,0.5466001429029
0.4782537096785,0.5545638510917,0.8280454345483,0.5063831679968,0.5362340988101,-0.1602640444316,-0.3316063736394,0.0694181056208,-0.3750188326086,0.3004535698229,0.4961020167334,0.3092928067198,0.3752383719508,-0.2095751356716,-0.0973614713367,-0.4107546140797,0.8577487505587,0.7751860130425,0.3139118053714,0.5862166566745,0.7499626624832,1.0000000000000,0.7296288748951,0.9631664648950,0.6108135759414,0.2333565173777,0.6366477370838,0.8156589227137,0.7531194018674,0.3580556237614,0.7358883548766,0.3880881529568,-0.1944561115637,0.3037134731001,0.5129824989037,0.5031713227631,0.6633615742659,0.7041414563723,0.5609243648327,0.5273658491156,-0.3646609084481,-0.3672560999292,0.4118946304104,-0.3668748995620,0.4042183400179,0.0669567320354,0.2926173429060,0.5547246030885,0.1100521988127,0.0981923313138,-0.1655537839571,0.7856275339462,0.7892589939391,0.1689170764952,0.5651344109216,0.7518165707001,0.9309091840475,0.6706138253413,0.9509460358390,0.5584168319613,0.3608758007272,0.6296222212052,0.6408437234203,0.7928494202980,0.4811465120789,0.8805342422062,0.3665327714916,0.1414633962991,0.2456151032515,0.4601206395453
0.3678372255046,0.6577603580609,0.4517715298373,0.7246472377936,0.6888839844372,-0.3334176839065,-0.3864324012060,0.3193999938430,-0.5836342202182,0.4948110591388,0.2800690211547,-0.0316356461288,0.4684911432759,-0.1963898557986,-0.1477623626237,-0.4245343598207,0.5315669611986,0.5668394593550,-0.0529316569546,0.3238089249858,0.4835284546857,0.7296288748951,1.0000000000000,0.6950128773166,0.7067322022205,0.2534945062101,0.1849797007955,0.4390660605850,0.6717875795648,0.2992661847775,0.8357936482772,0.1085288916743,-0.0161131835844,0.1708700012982,0.3481640609711,0.4389257152205,0.7055090833499,0.2702203773575,0.6719503785747,0.6916531962928,-0.2355692099764,-0.5074037706320,0.4749947535150,-0.5748005301664,0.6489033721586,0.1425766958856,-0.0139972753244,0.5437414235399,0.0237164850455,-0.0274507465216,-0.2753355249064,0.5398686942642,0.4508982639296,-0.1639172559111,0.3722820830249,0.5726829889797,0.6112702440733,0.9164873389499,0.6695087940627,0.7142462938590,0.3573449371110,0.2742787030684,0.2908768002292,0.5986602328798,0.4067614775797,0.7357438352437,0.1719469782185,0.2895158142010,0.1109795022149,0.3053415682368
0.5300892667216,0.5521639920563,0.8761040143328,0.4851166311062,0.4554196584074,-0.1719884593381,-0.3295766895717,0.0306651399259,-0.3501368899749,0.2827593467910,0.4621423761254,0.3844913631273,0.3432026039755,-0.2137978705866,-0.0583315470547,-0.4096002410506,0.8834935357592,0.7703399646301,0.3876459563282,0.6278840176864,0.7487816715997,0.9631664648950,0.6950128773166,1.0000000000000,0.5774768933804,0.2333386320677,0.6625119770710,0.8620224787150,0.7273590677685,0.4031657618955,0.6879505723074,0.4100195429021,-0.2453154563979,0.2474357018810,0.5104261316118,0.5430996209525,0.6137865401150,0.7585336633944,0.5368046985634,0.4698448190851,-0.3877902917450,-0.3821918988192,0.3557661588456,-0.3563743671013,0.3697146632315,0.0070386788200,0.3476109058969,0.5386354548034,0.1237565236070,0.1338219249832,-0.1675911676179,0.8087485251140,0.7905119721670,0.2181365041034,0.6024165512816,0.7363547165291,0.9285828900107,0.6436511788294,0.9650977170498,0.5200985146308,0.3424526469622,0.6446659438452,0.6767960421531,0.7726067420144,0.5113100344793,0.8423194187646,0.3916743456947,0.0772544640705,0.2898311659301,0.4855102127377
0.3107465391845,0.4026656662631,0.4114106028535,0.5822798912874,0.7006282252132,-0.3441087481072,-0.3800639080954,0.6098492459197,-0.5191708062627,0.5743023776099,0.3030232007801,0.0744527408047,0.3193014335678,-0.0270128568247,-0.1556640998542,-0.4400360523490,0.5005527382657,0.2869655964211,-0.0299814255720,0.1030161895425,0.4876369971615,0.6108135759414,0.7067322022205,0.5774768933804,1.0000000000000,0.2660560381018,0.2394394070566,0.3544305289010,0.8440578619869,0.2312929667721,0.7297462337187,0.2186980192975,-0.1708922093527,0.0124281103683,0.2005932038113,0.4170720960128,0.3936231187602,0.2942303409197,0.5249866288638,0.7657378471289,-0.3001689232277,-0.5004625764280,0.6906338433809,-0.5107307387006,0.6434352060605,0.0663189750083,0.0444022374108,0.4743927123781,0.2224193598281,0.0410902115926,-0.3171587427490,0.4963202549343,0.3062798295358,-0.1564242035651,0.2253441091814,0.5572539409948,0.5101637149745,0.6739957763906,0.5134295302384,0.9375358298251,0.2792320934318,0.3090145114192,0.2273303945260,0.7146629424719,0.2866157608932,0.5529437709745,0.2643995935705,0.1475334587903,0.0178451685374,0.2067903736940
0.2400598426138,0.4411030865514,0.1219984253953,0.3775048164993,0.2595322013137,0.0620147847027,-0.0067744086596,0.1502972337691,-0.0708379164490,0.2484137213158,0.2770957055709,0.3887637790383,0.2052350390090,0.4065966048682,0.0060489097927,-0.1403766034455,0.2363220229626,-0.0136546330965,0.1234930142064,0.0652808972678,0.2969454455309,0.2333565173777,0.2534945062101,0.2333386320677,0.2660560381018,1.0000000000000,0.2935564069395,0.2134389615500,0.2505588805890,0.3849689138320,0.1438584519971,0.3775511225721,-0.0745272448928,0.0490666234343,0.2987143491352,0.2907690370320,0.2481750445034,0.0968516616710,0.4945463913753,0.2193131097103,0.0368530576393,-0.0616980322290,0.0627823484208,-0.1123226404831,0.1584872718077,0.1253020168423,0.2990027132974,0.3247077721756,0.4417644624244,0.1104690106797,-0.1408917691728,0.2738059254202,0.1664092125403,0.0344760327032,0.1924961192012,0.3019429778970,0.2470698664851,0.2349226537109,0.2121614565981,0.2593053642653,0.7729996234565,0.2978389999190,0.2156363220888,0.2180589809920,0.3259835745240,0.0959227643325,0.4008018103931,0.1294203603105,0.1839671291890,0.4043614225648
0.2795071524170,0.2852357714280,0.7701791002156,0.1437840812199,0.1277523878998,0.1579751414470,-0.1364704097018,-0.1147139426559,0.0057065520667,0.0101725327878,0.4419287262544,0.5970308999567,0.1026035647914,-0.0920860554799,-0.0205635384288,-0.2030334676925,0.6317723811947,0.5665977748604,0.5937598725058,0.6064584333645,0.5893529142749,0.6366477370838,0.1849797007955,0.6625119770710,0.2394394070566,0.2935564069395,1.0000000000000,0.7794324614394,0.4074767194866,0.2659791922159,0.2725956623553,0.5850816721963,-0.2790180701675,0.2764533706273,0.4551408210755,0.3197243619931,0.3623056959459,0.8023676470883,0.3284781739861,0.1254454442370,-0.2688135304900,-0.0979376614966,0.2535874355905,-0.0015705626229,0.0522344488489,-0.0895025920763,0.5295602618917,0.2809004198814,0.2578663087697,0.1696463966434,-0.0242180859447,0.5495883564170,0.7190141123274,0.5268112561457,0.5547107859776,0.5071253293612,0.6906634222928,0.1613894912194,0.6839751013286,0.1804415257088,0.3999545589741,0.8679950579678,0.7484968098884,0.5392779835801,0.3294954332443,0.5182845171418,0.4839271492465,-0.0831540219236,0.2716484692446,0.4225717646041
0.4046811516647,0.4142914634440,0.9588495728061,0.2940865287068,0.2310554034953,-0.0235865396997,-0.1751729183698,-0.1161874195884,-0.0875438266364,0.2352536329698,0.5043351833301,0.5282555260943,0.2368683131453,-0.0770614699518,0.0500755901495,-0.1903950341802,0.8034962416052,0.7001352350057,0.5519666971962,0.5881347006167,0.6761430977675,0.8156589227137,0.4390660605850,0.8620224787150,0.3544305289010,0.2134389615500,0.7794324614394,1.0000000000000,0.4988012169352,0.2343596026345,0.4460813548007,0.5555695975458,-0.2119891234701,0.2471060315298,0.4368691326574,0.3940794702815,0.4609535348958,0.8908573117505,0.4071423038297,0.2356780735381,-0.3558572203655,-0.1892428951561,0.2298992196712,-0.1273195531707,0.2565699162015,-0.0133615755005,0.4767377704737,0.4031852339018,0.2555187576102,0.2309983764187,0.0327585117393,0.7094526565884,0.7534890657361,0.4327833722516,0.4989110803050,0.6266671159943,0.8713233068559,0.3607177159281,0.8607146015906,0.2761276653887,0.3924625658780,0.6618333246055,0.8942510418692,0.6135945948031,0.3727852610978,0.6596319008264,0.4352193723302,-0.0563191483607,0.3159537974443,0.4001235872595
0.4004764882085,0.4364900780722,0.5330834674328,0.5141116978501,0.6467309258309,-0.2854952665156,-0.4089908374789,0.4977902806478,-0.4718511687102,0.3000394513375,0.3497363483918,0.2674817556651,0.2596983421836,-0.1136678624906,-0.1397320212085,-0.5351069071407,0.6956171246773,0.4107054885984,0.1878316280722,0.3183867676614,0.5981701793994,0.7531194018674,0.6717875795648,0.7273590677685,0.8440578619869,0.2505588805890,0.4074767194866,0.4988012169352,1.0000000000000,0.3130147709862,0.7768186519177,0.2591720469394,-0.2234925808528,0.0619175601921,0.3361253662366,0.4631448048898,0.4428917266851,0.4267235528356,0.4875530422285,0.6552455228950,-0.3081386695989,-0.4891591048021,0.6359185134762,-0.4607083760944,0.3859615769866,0.0388848998019,0.1988480001839,0.4527639601448,0.1706576940802,0.0345375908058,-0.3605765635177,0.6752268060419,0.4909493560342,0.0049591424083,0.3986277180860,0.6062974337418,0.6824518044314,0.6357478931930,0.6722190530744,0.8001026753538,0.2650992695459,0.4681546624864,0.3210775200047,0.9166851359661,0.3925425148210,0.7039790888204,0.3136932954096,0.1231044742275,0.1245757279150,0.3390656439937
0.6890647829646,0.4029940391180,0.2161702318007,0.3088876301395,0.2403121272108,0.0038589945645,0.0361655418538,-0.0459850593193,-0.1433147828819,0.1350082599700,0.1869858319735,0.3346341078541,0.3991210559141,0.0616645682858,0.4691128636236,-0.0823562276693,0.3342119546401,0.2969732741081,0.3106174483187,0.4254251055181,0.4143563252702,0.3580556237614,0.2992661847775,0.4031657618955,0.2312929667721,0.3849689138320,0.2659791922159,0.2343596026345,0.3130147709862,1.0000000000000,0.3438982501546,0.1971790832094,-0.2990147497903,0.2361722920828,0.4797205370873,0.5912654895847,0.3136874816049,0.1510677314706,0.3936492969225,0.2898035137255,0.0651648964206,-0.1115114832711,-0.0018871628861,-0.1907440769052,0.0978052109626,0.1439331187085,0.2194430812823,0.4843130034627,0.1507835503173,0.3549659271786,-0.0221212926786,0.3380187210562,0.3638156456621,0.1702385965584,0.5257365884088,0.3350060966066,0.3366762560343,0.3636297126068,0.3851899957691,0.2358140255525,0.2529030580977,0.3046672403184,0.1640987383826,0.2645892114911,0.7759745950775,0.3085634654044,0.3005293189548,-0.1405548186851,0.5559928490332,0.6552238207579
0.3882041402147,0.5401150344255,0.4795466453803,0.6033170081326,0.6641231895749,-0.3015984456992,-0.3575036213906,0.4415892121208,-0.4982049307556,0.3476958731420,0.3022922345684,0.1030129576250,0.3859835072142,-0.1824491390051,-0.0597624803015,-0.4613612997361,0.5226943691413,0.5485426421187,0.0524371455342,0.3377440936931,0.5021661285070,0.7358883548766,0.8357936482772,0.6879505723074,0.7297462337187,0.1438584519971,0.2725956623553,0.4460813548007,0.7768186519177,0.3438982501546,1.0000000000000,0.1253166929205,-0.0641539660151,0.1646272890809,0.3105650701476,0.4245615300965,0.5745903186237,0.3583534223293,0.5674376352137,0.6686998197852,-0.2866813042316,-0.4972284227214,0.5770001712514,-0.5041791543475,0.4989191487757,0.0383148174577,0.1287427663755,0.4729861345314,0.0694725818688,0.0467830490804,-0.3341375758481,0.5180354028124,0.4910380987926,-0.0448669415878,0.3500618248906,0.5438471872317,0.5927262452957,0.7738395941212,0.6430258098404,0.7384052204484,0.2603895329172,0.3738792299482,0.3140256461111,0.6720687620704,0.4025814158011,0.7501296096413,0.2515105211167,0.2590834554432,0.0908908765334,0.2884906529590
0.1822397961675,0.0353232249006,0.5136453156688,0.0929019182250,0.1071288760465,0.1996938314038,-0.1267047894163,0.0780602725567,-0.0425392888404,0.2441392343192,0.3178899986844,0.6183567447571,0.1159688878011,0.3864156379014,0.1372383167524,-0.1701974456856,0.3301122200800,0.2381571043510,0.5953612435132,0.3102833297251,0.3596549418709,0.3880881529568,0.1085288916743,0.4100195429021,0.2186980192975,0.3775511225721,0.5850816721963,0.5555695975458,0.2591720469394,0.1971790832094,0.1253166929205,1.0000000000000,-0.0706147332218,0.0681984560451,0.2296562032509,0.1960015323793,0.0238719734794,0.4673495273309,0.2273689072520,0.1348467829732,-0.1550148842599,-0.1905736305563,0.1490214982525,-0.1461433787751,0.1662144469136,-0.0376805343730,0.4546673993120,0.2985219265830,0.5199558051087,0.2059743293357,-0.0921614923052,0.2551995139870,0.3334814686261,0.3786337166058,0.2643789902590,0.3267925690678,0.4417830630280,0.0097923495913,0.4081638839791,0.1462282345883,0.3938728809062,0.4539105665168,0.4967514884654,0.3379014019961,0.2571795604061,0.1986658344012,0.7513842061702,0.0588527684093,0.2204048635041,0.2547413436787
-0.3680794657567,-0.0785287603992,-0.2007504895040,0.0562652037722,0.0309873639981,0.3653187480280,0.2310229961263,0.1235932986121,0.1510788897028,0.0063008740353,-0.0199128227116,-0.1034110224568,-0.1095552382515,0.3461890158340,-0.0291919430396,0.1580516607608,-0.2467955399439,-0.0917303280384,-0.1284615497006,-0.2282188967407,-0.3750490902866,-0.1944561115637,-0.0161131835844,-0.2453154563979,-0.1708922093527,-0.0745272448928,-0.2790180701675,-0.2119891234701,-0.2234925808528,-0.2990147497903,-0.0641539660151,-0.0706147332218,1.0000000000000,-0.2055011351874,-0.3032241850115,-0.3204069386435,-0.1780796713181,-0.2650175171118,-0.0131132979646,-0.0875817749223,0.2895990284224,0.2257418913319,-0.1201296253435,0.1197065451407,-0.0077720271336,-0.0331784016276,-0.0044908661685,-0.1813767669806,0.1456632589285,-0.1302165188771,0.0325201412615,-0.2260807243796,-0.2770616921614,-0.1248269244839,-0.3707769930552,-0.2142235908342,-0.2181126461008,-0.1134265607080,-0.2602908349626,-0.1474999130756,0.0081724330037,-0.3759291669834,-0.2291848025737,-0.2071270069141,-0.1816988406216,-0.1424763276355,-0.0596970847581,0.6101266339211,-0.4360177237249,-0.3606880149358
0.3506799756981,0.2664625113690,0.2093093173584,0.3199934024842,0.2594242367112,-0.0284463847182,-0.1281536350459,-0.1257653889677,-0.0170767514227,0.0961149501405,0.3496096631990,0.0472709122910,0.1522860180144,-0.1721888718650,0.0592411571285,0.0076348069227,0.1810310067520,0.4055589491126,0.1069894884573,0.4302467892530,0.4289700903662,0.3037134731001,0.1708700012982,0.2474357018810,0.0124281103683,0.0490666234343,0.2764533706273,0.2471060315298,0.0619175601921,0.2361722920828,0.1646272890809,0.0681984560451,-0.2055011351874,1.0000000000000,0.7065632830640,0.3620506596236,0.4615303106319,0.2494928335645,0.3501104564766,0.1755099940177,-0.1597207378888,-0.0536485059819,0.1346975297394,-0.0336098908386,0.1905193209303,0.2324840555472,-0.0222392613117,0.1028296381949,-0.1330410128020,-0.0332993920965,0.0530671227810,0.1827865947699,0.4531861958914,-0.0317157174390,0.1711420030552,0.4131841000561,0.2762976351928,0.1393789478237,0.2547170732874,0.0885140684229,0.0870336906567,0.2643207957346,0.2876708145151,0.1269143262106,0.0029544383847,0.2452822961412,-0.0280131490183,0.0572306524720,0.3488372198764,0.3621286148478
0.6266585280436,0.4865827882624,0.3906070042966,0.5705558161036,0.3411262482023,-0.0088721125486,-0.1229581470087,-0.1295057807852,-0.0942558540878,0.1365654804563,0.3784247615577,0.3329984461090,0.2777471340351,-0.1757587555449,0.2041426538264,-0.0925836327842,0.4046199579465,0.5582685506476,0.3593746018074,0.6659467936409,0.6176891656715,0.5129824989037,0.3481640609711,0.5104261316118,0.2005932038113,0.2987143491352,0.4551408210755,0.4368691326574,0.3361253662366,0.4797205370873,0.3105650701476,0.2296562032509,-0.3032241850115,0.7065632830640,1.0000000000000,0.6671450579801,0.5881971676265,0.3419830355920,0.6171438646104,0.2529599314168,-0.1171920345996,-0.1104892804452,0.1143170563753,-0.0791728742060,0.2014809921933,0.1373318531336,0.1860142753434,0.3458777981595,-0.0157762503068,0.1856238925781,0.0621229997843,0.4137973911397,0.6819501786853,0.1701711031561,0.5679151876424,0.5648900425531,0.5077537669172,0.3187353083637,0.5252742353361,0.2429694098904,0.2949432970944,0.4468395811300,0.3501031894926,0.3655141995346,0.3687423016899,0.4569988411214,0.0955879146685,0.0382290110723,0.5812726194955,0.8017790028546
