1.0000000000000,0.2151556981282,0.2134466717380,0.3475725766894,0.4212930562545,0.0636264978689,0.0999380269224,0.4766238925237,0.0511761525375,0.4325582399916,0.3499275002378,-0.1655951952925,0.3161190678425,-0.1195943629360,0.4796819945227,0.2137777498211,0.2846060198628,0.5448091943161,-0.0778078908723,0.4920058293701,0.2922902829720,0.4735283788944,0.2357828298397,0.4452875204987,0.4624934664622,0.2529267125052,0.2795721252065,0.1534010526876,0.2811959994218,0.6759552114239,0.5519818932625,-0.0576119795502,0.0235158785288,0.4023927610191,0.4858238174844,0.6887494859343,-0.0350743154199,-0.2254111617053,0.0863264796002,0.3368472764251,0.1178318711511,-0.0800108192367,0.0123101571613,-0.2205032637504,0.3156473093247,0.1509378444414,-0.2117808576449,0.1764265418465,-0.3802599871369,-0.1131307236989,-0.0077208257950,0.2242618986731,0.3468174784831,-0.2357194671227,0.0032504499365,0.1529677548883,0.2068018440650,0.1142227263980,0.2008619243494,0.3989595730149,-0.1388134175498,-0.1332614804313,-0.1435425135131,0.0957089175952,0.1970416445236,0.1620558278940,0.0768346152630,0.0766759382593,-0.0105925706064,0.3299609906251
0.2151556981282,1.0000000000000,0.4001437888856,0.7952619243975,0.1297138116578,0.2009723195191,-0.0743994690788,0.3217704535340,-0.0445566092962,0.2661090357288,0.2217551770457,0.0115568861919,0.1304390636102,0.2067014408515,0.2995794345833,0.1354476012780,0.3283088334595,0.4892014281038,0.0431231696541,0.4836554925515,0.1030913700836,0.5098469386076,0.6113814636882,0.4446976149900,0.3604741614858,0.6337150243314,0.5133446680882,0.4399209312476,0.3458340502208,0.4654912098408,0.5400531473197,0.0125980923286,0.2261362182159,0.6389007878740,0.5008286296971,0.1847866345866,0.4985460589190,-0.2388802177279,0.5959609627338,0.1203817031993,-0.0692898028223,-0.2167381123002,-0.1901671309106,-0.4044149727555,0.2827368831457,-0.0662984610316,-0.1853508020649,0.1278365636370,-0.0389344617780,-0.2773766726548,0.0185153775544,0.2509018656306,0.4534913167250,-0.2680300400532,0.0102868501367,0.0917353325099,0.0900760666584,0.4213041403235,0.1834489895612,0.3001289557920,0.2404367468386,0.0355555880732,0.3341929856083,0.2320740290668,0.0471442915718,-0.0231241755042,0.0207124245250,-0.0069145241734,0.1027571747857,0.5028391188279
0.2134466717380,0.4001437888856,1.0000000000000,0.5270600111803,0.0995760303637,0.6295996719879,0.3289362792599,0.7418224733245,0.4662401717126,0.1570875324864,0.2078609067091,0.3517771420898,0.1230548444140,0.4133739451428,0.5709475560252,0.5392042929992,0.3865376060002,0.4973762230846,0.4443164546319,0.5420198199724,0.0791201345123,0.6709612593750,0.1624270209408,0.6965092576644,0.4405523061638,0.5080206079849,0.7873547842238,0.8744400916060,0.4665985569775,0.4062527513581,0.6937022442985,0.0735809674808,0.3958190617947,0.4405211689513,0.4235021921878,0.0039417046725,-0.2784419134282,0.3520333506128,0.0232991359458,-0.0096869427202,0.3042096653620,-0.0778117781398,-0.2252403452993,-0.0964757243719,-0.0370295585426,-0.1828174376628,0.1099498816063,-0.0472163523203,-0.0145222745841,-0.2406702431263,0.1562879239726,0.2627917084669,0.0361140878675,0.1989039247585,-0.2395162337458,0.0199171415577,-0.0877879513923,-0.1514197041735,0.0699535166550,0.2020585529319,-0.2715677825559,-0.1384054410674,0.4855496718482,0.2119736590799,-0.3595008604229,-0.3514257052025,-0.1558671441126,-0.0407663792604,-0.4117873644862,0.0788283530709
0.3475725766894,0.7952619243975,0.5270600111803,1.0000000000000,0.1541099606464,0.2979056064952,0.0831501662035,0.5117977701008,0.1624805047492,0.4628473714782,0.3698271388947,0.1396221488434,0.2333576184336,0.2881372219063,0.5193889089038,0.2980195469611,0.3721843312447,0.6206078913696,0.1940571744213,0.6542514288336,0.1954177968405,0.6141134571216,0.6652080013214,0.5623689622308,0.5475840520463,0.7222892731683,0.6802243560032,0.5047557611364,0.4420025105254,0.5569527532666,0.6657775463966,0.0756306390232,0.2461313517035,0.6914410715539,0.6367705689926,0.2805861730493,0.2367971548958,-0.1179996832709,0.7092148491864,0.1252451784057,0.0527578224696,-0.2217492415763,-0.1373936306555,-0.2801860073023,0.4112494559173,-0.0250626388722,-0.0617475052779,0.1821721986048,-0.0010674976631,-0.2191546376476,0.1021341122714,0.2446516045778,0.5350583851612,-0.1217709309036,0.0528448887428,0.1461610517795,0.0493725781078,0.4298086549073,0.2045228777729,0.4157730213838,0.1944039277224,0.1210213449309,0.3130809955591,0.2820736725018,-0.0482441160663,-0.1116669226784,0.0230662123085,0.0110815007872,0.0249393539122,0.5463593194438
0.4212930562545,0.1297138116578,0.0995760303637,0.1541099606464,1.0000000000000,-0.0002538537060,0.2785178849000,0.3207691369696,-0.0136146203378,0.5348553344270,0.4813851004767,-0.2057877326427,0.7592053883439,-0.1773547518435,0.0153404985041,0.1405498605609,0.4242318929722,0.2432075259964,-0.2290953256191,0.1438082161231,0.7615945713546,0.4431966479017,0.2100046130718,0.4208290306643,0.5795877182021,-0.0194652449848,0.1899859765004,0.0782990215728,0.4380034301929,0.2300224199564,0.4379358248303,-0.0186425116868,-0.0777003818586,0.2099467791502,0.1808674745985,0.1752086675451,-0.0015987333071,-0.2172924883075,-0.0784164583407,0.9298121136765,0.0918584237191,0.0556024986723,-0.1072636108350,-0.1189981844823,0.3991797574381,0.3328636837103,-0.1931963938083,0.6769910521190,-0.3837520997077,-0.2979349447695,-0.0372856940797,0.3662769761696,0.0295633493345,-0.2720635964752,-0.2823801656069,0.5680249725308,0.2943276196537,0.0934906377841,0.1721421965827,0.6578825178668,-0.3292253599028,-0.1824765480557,-0.2249628972687,0.3526281114459,-0.1123012342547,0.2024156450697,-0.0472974908896,-0.0021036925218,-0.0060313056423,0.0576066084073
0.0636264978689,0.2009723195191,0.6295996719879,0.2979056064952,-0.0002538537060,1.0000000000000,0.3625685343858,0.4493812215229,0.6569215751670,0.0113213685784,0.1978652343603,0.5755725336425,0.0582035328462,0.5872859153566,0.5812840312136,0.5242401218206,0.0726247269857,0.2188780740135,0.5912129220455,0.3219070635579,0.0366203382127,0.3969994953011,-0.0730113405047,0.3698521886605,0.2134993031340,0.2939654050493,0.6288511832982,0.5939739523010,0.2298919094214,0.4202211448102,0.4173917072686,0.0739272766920,0.4103351074454,0.4220845278561,0.2230675256560,-0.0481821971297,-0.3731583294198,0.2618647936325,-0.0688667138892,-0.0705312577190,0.5154318664774,0.0288932552792,-0.2916591504594,0.1472735255236,-0.1042655947386,-0.1242722872995,0.3586198599611,-0.0477819367427,0.2515463168031,-0.1035663873032,0.1797795404020,0.0132308889924,-0.1090169527028,0.3260196153103,-0.3437010192111,0.0353223632371,-0.1448270535285,-0.2956360383478,-0.0928908578971,0.0175909027174,-0.3556795811875,-0.2133095455431,0.2988606256567,0.0268989988192,-0.2409031013555,-0.3391809980605,-0.1960824936891,0.2201477985640,-0.2661345374875,0.0139078379667
0.0999380269224,-0.0743994690788,0.3289362792599,0.0831501662035,0.2785178849000,0.3625685343858,1.0000000000000,0.2579459682577,0.6629724459702,0.3610797245268,0.4836891959556,0.1821600084530,0.6121047349753,0.2363024912944,0.3491367741890,0.7315190908333,0.0988094978001,0.2140017570391,0.2860723328472,0.2860307788709,0.4827497375023,0.1489443179051,0.0317211108478,0.2277339815597,0.2298356230152,0.1374479221311,0.2890707707571,0.3050922341319,0.1686527596317,0.2802788005553,0.2114743400162,0.1565840849820,0.0536231493084,0.1712063745130,0.1295288524364,-0.0868504802256,-0.3000043046811,0.2351395143864,-0.2205769131841,0.2207541697458,0.3625407360480,0.5665700592846,-0.2049458578318,0.1806221698294,0.2550993363806,0.2307372364957,0.1871579876304,0.4864341707901,-0.0156172743554,-0.2091182668643,0.3900875650634,0.0423537208352,-0.1630946907495,0.1762187436588,-0.2701813908348,0.4444022314785,-0.1791930395207,-0.1507842927903,-0.1385078626968,0.2086634441414,-0.3987837520368,-0.2174261407518,0.0186295195124,0.0084159332198,-0.2744898107330,-0.3107489057428,-0.0927928863302,0.1706035072204,-0.1634413505755,-0.1393564585037
0.4766238925237,0.3217704535340,0.7418224733245,0.5117977701008,0.3207691369696,0.4493812215229,0.2579459682577,1.0000000000000,0.3511087692428,0.3340555933741,0.4597476712872,0.1652666314561,0.2478424668012,0.1957350476864,0.5916874061990,0.4054842372739,0.3672970701224,0.4643217034871,0.2194071196870,0.4895653845995,0.2528886776616,0.6919887233835,0.2292477058578,0.6318503246742,0.7040000081011,0.3790322085536,0.6234130202470,0.6110798801147,0.6977932757768,0.5301149565699,0.8198692967723,0.1103800273829,0.3151387789124,0.5119434910212,0.4082071187743,0.2056585768389,-0.2779914222803,0.1274722885569,0.0782496476802,0.2183761467248,0.2043699938529,-0.1885903214392,-0.0746071189799,-0.1616062471862,0.1516156404754,0.0504711235865,0.0228322876137,0.1126869851474,-0.1714460644506,-0.2261194629995,0.0925934428067,0.2074322207257,0.1111682476997,0.0441739351955,-0.2485651289989,0.1668886423915,-0.0299415428193,-0.0527963216061,0.0421349433401,0.4166317685112,-0.3452744601606,-0.1970284323916,0.2154522512576,0.3793967148000,-0.2230963494257,-0.1861459481872,0.0787008361686,0.0179331118607,-0.2969999550232,0.1443120639098
0.0511761525375,-0.0445566092962,0.4662401717126,0.1624805047492,-0.0136146203378,0.6569215751670,0.6629724459702,0.3511087692428,1.0000000000000,-0.0302247053130,0.3231315457931,0.6367667908874,0.1262448295541,0.6459756003901,0.6361926261075,0.6752311728913,-0.0175527022101,0.0974501056662,0.6877050082272,0.2772030392381,0.1018217849899,0.2032256747728,-0.1542692611168,0.2024578052770,0.1128709381216,0.1746969336911,0.4435070149799,0.4665379811623,0.2258269249650,0.3180499092964,0.2269214423012,0.1119404321468,0.1823932603637,0.2517066827634,0.0440613330159,-0.1246481244935,-0.3604419261538,0.4418770612438,-0.0609193883891,-0.0796135360023,0.3882682788572,0.2342261879093,-0.1266617075252,0.3290228497998,-0.1257810587193,-0.1274499664728,0.5457098733016,-0.0019377442504,0.3299974466334,-0.0978829255825,0.2839921891156,-0.0901309116006,-0.2398725599611,0.3951459338249,-0.3320870381031,0.0392222361006,-0.1600143476112,-0.3222087208974,-0.0908640570999,-0.0629863627606,-0.3316695413156,-0.0914762164383,0.2933413636324,0.0488436385064,-0.4004639400109,-0.3345197813079,-0.1833873036425,0.2721674179856,-0.2804760571575,-0.1665756858058
0.4325582399916,0.2661090357288,0.1570875324864,0.4628473714782,0.5348553344270,0.0113213685784,0.3610797245268,0.3340555933741,-0.0302247053130,1.0000000000000,0.3277087408216,-0.2661881100629,0.6912282268907,-0.1774947512526,0.1402013299973,0.3755591902318,0.3523689038622,0.4252409159509,-0.2287020842688,0.3569814432189,0.5742495786062,0.3300477784592,0.6010449264583,0.3595458074496,0.6967074121851,0.3040860882441,0.2491960740932,0.1399572235742,0.2050529696840,0.4000688832678,0.4219465257069,0.0357776349793,-0.1033897139236,0.3520033059424,0.3918915656633,0.3313668774240,0.0706180901834,-0.2551530029323,0.1636840780903,0.4612552431671,0.1085999440601,0.1263557600545,-0.0873664766748,-0.1848195290481,0.8761336334668,0.2350370621528,-0.2518400161456,0.5799775812559,-0.2935435624484,-0.1796767537441,0.1150955435531,0.2974652202357,0.2973045129351,-0.2279267746293,-0.0579339866928,0.5077956965467,0.0304782372164,0.4608175516306,0.0383769601530,0.7355295876813,-0.1316273652326,-0.1480144821312,-0.1388813471260,0.0200612624728,0.1096182755567,-0.0505074280804,0.0064999853673,-0.0387839928899,0.1658003387350,0.2318515255910
0.3499275002378,0.2217551770457,0.2078609067091,0.3698271388947,0.4813851004767,0.1978652343603,0.4836891959556,0.4597476712872,0.3231315457931,0.3277087408216,1.0000000000000,0.0005109977144,0.5558000608196,0.0650629658070,0.4053663696442,0.2089107894182,0.2067883457647,0.3083861540241,0.0433829367532,0.3158969955799,0.5926961401240,0.4165750315660,0.1986812141925,0.3915090329464,0.4333289049830,0.1188282427386,0.3576052933802,0.1995502681162,0.5744960538027,0.3870600224919,0.4634479634323,0.2118204543045,0.0296725650329,0.4851389150579,0.2438111936600,0.1349518338717,-0.0943787276365,-0.0403045077131,0.2679654807985,0.5464284295810,0.1328966862823,0.0974656749027,-0.0120273377158,-0.0074418173898,0.2999144285048,0.6695480805153,0.0313516170470,0.6308278370127,-0.1764977777381,-0.3310605924875,0.1712896968991,0.0877010649707,0.1400300577026,-0.1123798034093,-0.2786150527183,0.5682197237286,0.0979625955495,0.0401512318349,0.0797081195255,0.3887968197738,-0.2619416491809,-0.0433585438738,-0.0493450374279,0.5064344433684,-0.2548167012885,-0.0028799302005,0.1603728704729,0.1561007524526,0.0028425007085,0.1619810231293
-0.1655951952925,0.0115568861919,0.3517771420898,0.1396221488434,-0.2057877326427,0.5755725336425,0.1821600084530,0.1652666314561,0.6367667908874,-0.2661881100629,0.0005109977144,1.0000000000000,-0.1693748511204,0.8396907302398,0.4676552129666,0.3414832257254,-0.0944390156073,-0.2062887285825,0.8487413804379,0.0014871144218,-0.1359163791708,0.1076453355561,-0.2107175011808,-0.0043952661653,-0.0075184977953,0.0869805840086,0.3777934200984,0.3845099162895,0.1214766148956,0.1106078768884,0.0115898302398,0.1248504532984,0.3152907075464,0.1257872678520,-0.1219316080934,-0.2676649956547,-0.2050588890044,0.3143378002597,0.1306979487146,-0.2131429985694,0.1209986843242,-0.0028836671622,-0.0750887120444,0.3912111797972,-0.3210801644659,-0.2832723449010,0.8265381308081,-0.2234264809660,0.7087781218869,0.1456825348473,0.1593390839925,-0.0827201920472,-0.2883677336103,0.6244009474558,-0.1819231417222,-0.1590173576737,-0.0901686568132,-0.2684333203478,-0.1421844640996,-0.1611424823234,0.0072811772963,0.1008087936904,0.4665513593640,0.0666732319064,-0.2330845141299,-0.2905326973341,-0.0985642681398,0.1532673690612,-0.1877683365834,-0.2374038323688
0.3161190678425,0.1304390636102,0.1230548444140,0.2333576184336,0.7592053883439,0.0582035328462,0.6121047349753,0.2478424668012,0.1262448295541,0.6912282268907,0.5558000608196,-0.1693748511204,1.0000000000000,-0.1236300077036,0.1351956180165,0.4034411354044,0.2837034446390,0.3269892744201,-0.1248540601606,0.2756859625294,0.9035728129572,0.3123587330006,0.2949528869519,0.3234205998145,0.4854727534635,0.1357084578298,0.2446827447434,0.0946435243812,0.2795201053341,0.3251258590998,0.3590256934940,0.1254015031969,-0.0724728581706,0.3247392779163,0.3038805609848,0.2026337683796,-0.0439077478355,-0.2425579318865,-0.0192629549145,0.7274684078207,0.1310260409430,0.2805759058279,-0.2130591487632,-0.0831005890494,0.5961375839464,0.4496939565304,-0.1785793705635,0.9013309194844,-0.3308525897108,-0.2553819802498,0.2089204051324,0.2335679876750,0.1144916884929,-0.1990641237597,-0.2024896679357,0.8112085509264,0.0554614836650,0.1289377698305,-0.0222130065542,0.5836986972730,-0.2930830052509,-0.2006397533891,-0.2231216293872,0.1549167900726,-0.0407710856255,-0.0469388493977,0.0123835620485,0.0108615928642,0.0734453753546,0.1288933371825
-0.1195943629360,0.2067014408515,0.4133739451428,0.2881372219063,-0.1773547518435,0.5872859153566,0.2363024912944,0.1957350476864,0.6459756003901,-0.1774947512526,0.0650629658070,0.8396907302398,-0.1236300077036,1.0000000000000,0.5622119849732,0.4331376448200,-0.0590802728603,-0.1175679564415,0.7860273232593,0.1205806314946,-0.1196007216919,0.1977681346232,-0.1029627819945,0.0739762354240,0.0410142073974,0.2824059227182,0.4492108111249,0.4488803849707,0.1237090930206,0.2593579915086,0.0813744900622,0.2093998382372,0.2356228718031,0.3073453636706,-0.0448394803849,-0.2179681925002,-0.1476169228053,0.2640010475924,0.2445259194876,-0.2061064786619,0.1217696061502,0.0180582854632,-0.0742778846104,0.2773699499377,-0.2008966748580,-0.2460254894600,0.6616980140980,-0.1578757109296,0.6656544219883,0.0518040552039,0.2066072011150,-0.0594724146306,-0.2087054749263,0.5639578802558,-0.2073150841628,-0.1219402578712,-0.0381800646018,-0.2167004410931,-0.0948504206624,-0.1233652337336,0.0189023930853,0.0457668616777,0.5219352452376,0.0804508425561,-0.2130983154758,-0.3027469471931,-0.0934886515028,0.1965696738970,-0.1806580426608,-0.1125073269357
0.4796819945227,0.2995794345833,0.5709475560252,0.5193889089038,0.0153404985041,0.5812840312136,0.3491367741890,0.5916874061990,0.6361926261075,0.1402013299973,0.4053663696442,0.4676552129666,0.1351956180165,0.5622119849732,1.0000000000000,0.5529660278038,0.1039607514516,0.4474998306347,0.6276324299812,0.6301462269584,0.1171823236910,0.4698659669405,0.0810117879696,0.3818103464131,0.3149880884756,0.4835797952291,0.6106221035347,0.5274730783536,0.3457288206940,0.7077995383793,0.5139632404581,0.1690422088841,0.3117636742884,0.5731846132841,0.4209148182210,0.2620056558992,-0.2738667114841,0.1612512823196,0.2348058270332,-0.0339267100015,0.3387121364092,-0.0390805894232,-0.0589749881624,-0.0497293669753,0.0738090911153,-0.0587963654862,0.2161064310046,0.0116630691738,0.1200783034927,-0.1738162252267,0.2568081439504,0.0065776957140,0.1317165590721,0.1211893396998,-0.1948345777584,0.0747979216762,-0.0614554204330,-0.1526054886620,0.0050695675481,0.0973913105981,-0.1450692476973,-0.1198436655284,0.2971903910412,0.1074495738042,-0.1865408709823,-0.2459079423990,0.0367431918574,0.2935478010802,-0.2760033418845,0.2306692826374
0.2137777498211,0.1354476012780,0.5392042929992,0.2980195469611,0.1405498605609,0.5242401218206,0.7315190908333,0.4054842372739,0.6752311728913,0.3755591902318,0.2089107894182,0.3414832257254,0.4034411354044,0.4331376448200,0.5529660278038,1.0000000000000,0.1689557568419,0.3667342767243,0.4559736992412,0.4995350510545,0.2685960962338,0.3465861315618,0.0779956372495,0.3471650682540,0.3109095821397,0.4344290221977,0.4911426033161,0.5095895417817,0.1356573004015,0.4942391420008,0.3859459293066,0.0998551804830,0.2191469168389,0.3630258662944,0.3545461533750,0.0431403806824,-0.3060163303492,0.2128814793249,-0.1289627432675,0.0306253930364,0.4023432378802,0.2772489990755,-0.2705806590454,0.0181859352204,0.2640052216127,-0.1507613823326,0.2177146480653,0.1957602380202,0.0952548881216,-0.1357838426036,0.4926560547358,0.1007288053855,-0.0485771089142,0.2149627077700,-0.2185515863026,0.2023110868293,-0.1302360228011,-0.1724932261165,-0.0773175932407,0.1979352039635,-0.2723488102653,-0.2503674807400,0.1656407189066,-0.0990628063704,-0.1647203219889,-0.3448412468085,-0.1721677743678,0.1071033088375,-0.2275816717325,0.0902069210974
0.2846060198628,0.3283088334595,0.3865376060002,0.3721843312447,0.4242318929722,0.0726247269857,0.0988094978001,0.3672970701224,-0.0175527022101,0.3523689038622,0.2067883457647,-0.0944390156073,0.2837034446390,-0.0590802728603,0.1039607514516,0.1689557568419,1.0000000000000,0.4153105492992,-0.0699295417013,0.3699089406805,0.2334762702425,0.6655864932539,0.4342395645106,0.7302532196066,0.5457319200253,0.3003851966891,0.3896054146842,0.3964078246474,0.4296532787944,0.2530701961160,0.5908977395133,-0.1340473488299,0.0246397673416,0.1886780181975,0.3897028688351,0.1391065577284,0.1105430762325,0.0104543916774,0.0453059797508,0.3672830842021,0.0744590271382,-0.0998955060990,-0.0204133613950,-0.2791643630448,0.1831637663638,0.0167719766734,-0.1792324816064,0.1804965072588,-0.3066579526242,-0.3278373980550,-0.0576760106648,0.9109427224877,0.1969749958893,-0.2371715298515,-0.1582795013846,0.0784294681496,0.4465422374454,0.3022911197119,0.4936013430296,0.5550564529129,-0.1142419814125,-0.1125283572715,0.0409701906674,0.3998172132146,-0.1642721297701,0.2701177268949,-0.1632370646516,-0.1111867294275,-0.0960731790791,0.2436357874777
0.5448091943161,0.4892014281038,0.4973762230846,0.6206078913696,0.2432075259964,0.2188780740135,0.2140017570391,0.4643217034871,0.0974501056662,0.4252409159509,0.3083861540241,-0.2062887285825,0.3269892744201,-0.1175679564415,0.4474998306347,0.3667342767243,0.4153105492992,1.0000000000000,0.0386700815014,0.8878609366496,0.2315457451119,0.5781491051024,0.3910377609408,0.7018277367081,0.3959761954899,0.5855593610300,0.6201288694341,0.4130558242785,0.3189912423538,0.5483490130987,0.6966173920563,0.1246161058363,0.2005770165878,0.4865587187352,0.8267678257678,0.4475821605587,-0.0704307679408,-0.0982570660011,0.1623022125001,0.1550261517315,0.2956355615570,-0.1377859284904,-0.2271226563982,-0.4567681768580,0.3096931938130,0.0354268663473,-0.3847860285130,0.1767508478321,-0.4469430266339,-0.4126237459073,0.0859247615464,0.2762106502255,0.6498509469265,-0.2864952728693,0.1061140676240,0.1447952769278,0.0259711409660,0.1058358666081,0.3162006612828,0.3252872440827,-0.1286643341092,-0.0089289200695,-0.0500173620834,0.1273530994801,-0.0911149518873,-0.0510863973772,0.0601331034870,0.0054753347679,-0.1951574011423,0.6032500319612
-0.0778078908723,0.0431231696541,0.4443164546319,0.1940571744213,-0.2290953256191,0.5912129220455,0.2860723328472,0.2194071196870,0.6877050082272,-0.2287020842688,0.0433829367532,0.8487413804379,-0.1248540601606,0.7860273232593,0.6276324299812,0.4559736992412,-0.0699295417013,0.0386700815014,1.0000000000000,0.2786334475049,-0.1218668393802,0.1849419761174,-0.1942544790914,0.1121617945976,-0.0280488778625,0.1826849157935,0.4688150962710,0.4318515038538,0.1150679297083,0.2471451977383,0.1181858267519,0.1555339003856,0.2448427675152,0.2337459924978,0.0601442505255,-0.1957447911818,-0.2977669226242,0.3560932698939,0.0892402234449,-0.2633808423511,0.1913030646703,0.0138122514403,-0.1072665074823,0.1820110866655,-0.2776176919937,-0.3123972561412,0.6056609250139,-0.2123554896401,0.5389705390723,-0.0197455702064,0.2225849863843,-0.0870643650943,-0.1627567973625,0.5833001945730,-0.0763834689424,-0.1548601663235,-0.1112249370107,-0.3066398820394,-0.0641387660636,-0.1994291143144,-0.0739517192360,0.0960169254286,0.4024396572844,0.0015299688342,-0.2593143047071,-0.2961849955573,-0.1526264593036,0.0843931461902,-0.2399723553266,-0.0836437103500
0.4920058293701,0.4836554925515,0.5420198199724,0.6542514288336,0.1438082161231,0.3219070635579,0.2860307788709,0.4895653845995,0.2772030392381,0.3569814432189,0.3158969955799,0.0014871144218,0.2756859625294,0.1205806314946,0.6301462269584,0.4995350510545,0.3699089406805,0.8878609366496,0.2786334475049,1.0000000000000,0.1777164007006,0.5994952521276,0.3602999512794,0.6585699769294,0.3641350649367,0.6641193614317,0.6849214977017,0.4865800883029,0.3195445265015,0.6367810786924,0.6746379350382,0.2033335669413,0.2467911720821,0.5267608186324,0.8007204651875,0.3835111528554,-0.1587608338525,-0.0842216142509,0.2175083152574,0.0644003048321,0.2701160350247,-0.1506235076789,-0.2712507429140,-0.3925223974470,0.2533682827169,-0.0323467586402,-0.2279542325689,0.1308084854097,-0.2509572356175,-0.3706865936300,0.1522241500032,0.2192949344922,0.5213595090830,-0.1571016197392,0.0877308631638,0.0957298149222,0.0303747496819,0.0522956870249,0.2393682295238,0.2189495535494,-0.1044215783678,-0.0561484916085,0.0308461927641,0.1127348658524,-0.1113541729062,-0.1342773496690,0.0858165837075,0.0385893491609,-0.2381187767425,0.5984252565239
0.2922902829720,0.1030913700836,0.0791201345123,0.1954177968405,0.7615945713546,0.0366203382127,0.4827497375023,0.2528886776616,0.1018217849899,0.5742495786062,0.5926961401240,-0.1359163791708,0.9035728129572,-0.1196007216919,0.1171823236910,0.2685960962338,0.2334762702425,0.2315457451119,-0.1218668393802,0.1777164007006,1.0000000000000,0.2637599423571,0.2225877242511,0.2438370992649,0.4405943973676,0.1372335409255,0.1694308199560,0.0436729576112,0.3057382544771,0.2341837042750,0.3288691716294,0.0782282218349,-0.0640848142148,0.3114343607748,0.2658925454025,0.2240322425402,0.0108607897345,-0.2215008979328,0.0157441948338,0.7831156240061,0.1489561480726,0.2146872262911,-0.1237530863700,-0.0418934636203,0.5027149181110,0.5106229736742,-0.1262898528476,0.8466379575539,-0.3057982535053,-0.2429084334689,0.1965999043500,0.1905155829995,0.0497745727319,-0.2023825461205,-0.2336753562097,0.8988440969234,0.0385790227910,0.1071539039343,-0.0448035218283,0.5342414609101,-0.2241153265162,-0.1690336875269,-0.2049552100194,0.2108538317796,-0.0749501432767,0.0297832041064,-0.0109615925959,0.0722603245134,0.0913609900051,0.1222018323074
0.4735283788944,0.5098469386076,0.6709612593750,0.6141134571216,0.4431966479017,0.3969994953011,0.1489443179051,0.6919887233835,0.2032256747728,0.3300477784592,0.4165750315660,0.1076453355561,0.3123587330006,0.1977681346232,0.4698659669405,0.3465861315618,0.6655864932539,0.5781491051024,0.1849419761174,0.5994952521276,0.2637599423571,1.0000000000000,0.3297559179877,0.9027618125572,0.5915472601005,0.4255017391564,0.6956938831419,0.5955454831662,0.6573332398453,0.5768928857947,0.8793549075822,0.0511123582999,0.2087872497007,0.5903223489007,0.5261117226521,0.1652987403608,-0.1452013478311,-0.0197997311062,0.1635215655679,0.3419396113663,0.1227743173461,-0.2540348283534,-0.2949582583254,-0.3125069022986,0.1577927665981,0.0177939022883,-0.1089702482102,0.2043387612556,-0.2372636220936,-0.4136070338452,0.0023378200197,0.5318652454181,0.2274092960377,-0.1035161855722,-0.2236025855929,0.1198924978036,0.4485828228423,0.0450163307196,0.4515804159519,0.4070814786042,-0.2608547362743,-0.1406569195364,0.1442441824444,0.4845958101794,-0.2084815170058,0.0804947468296,-0.0922294247084,-0.0527734356951,-0.2272071596565,0.3474336771168
0.2357828298397,0.6113814636882,0.1624270209408,0.6652080013214,0.2100046130718,-0.0730113405047,0.0317211108478,0.2292477058578,-0.1542692611168,0.6010449264583,0.1986812141925,-0.2107175011808,0.2949528869519,-0.1029627819945,0.0810117879696,0.0779956372495,0.4342395645106,0.3910377609408,-0.1942544790914,0.3602999512794,0.2225877242511,0.3297559179877,1.0000000000000,0.3680698640259,0.5184649221680,0.4145157662477,0.2318048223616,0.1969557865438,0.2681615820023,0.3370819331387,0.4203425781168,-0.0908280008161,-0.0411013745089,0.4028320232075,0.4024718315835,0.2671952742488,0.4272080979536,-0.2916259171293,0.5454349469286,0.1919442308404,-0.0514838073098,-0.0425940493905,-0.0338973866615,-0.2625623723143,0.5846028754921,0.0063122759973,-0.2094557237285,0.2490609598932,-0.1482254694885,-0.1186323066240,-0.0177002990079,0.3837138994247,0.4667370729721,-0.2833179659403,0.1303456962747,0.1513131763587,0.1074009419379,0.8569159520098,0.2454938943194,0.5530583277822,0.1916355163902,0.0194304337267,0.1284703665516,0.1575556228154,0.1629121988276,0.0360582303789,0.0222399159634,-0.0702365695377,0.2600623274786,0.3722106799606
0.4452875204987,0.4446976149900,0.6965092576644,0.5623689622308,0.4208290306643,0.3698521886605,0.2277339815597,0.6318503246742,0.2024578052770,0.3595458074496,0.3915090329464,-0.0043952661653,0.3234205998145,0.0739762354240,0.3818103464131,0.3471650682540,0.7302532196066,0.7018277367081,0.1121617945976,0.6585699769294,0.2438370992649,0.9027618125572,0.3680698640259,1.0000000000000,0.5472224929327,0.4049607724315,0.7027382038132,0.6419856813850,0.6037445100810,0.4931684297370,0.8493801272518,0.0663428196225,0.1592820120260,0.4701139702691,0.6002606098971,0.1742024559615,-0.1495169122574,0.0644691634395,0.0873959161726,0.3114320434842,0.2220210023578,-0.1776561270950,-0.2995623324544,-0.3176649258529,0.1363584859102,0.0281384988422,-0.1768745659626,0.1878702849903,-0.3184851672699,-0.4526259222305,0.0095202287817,0.5979937996110,0.3097719595770,-0.1320759676760,-0.1786567659137,0.0953881634957,0.3624432299083,0.0770339971625,0.5320165489064,0.4153447535698,-0.3174326698296,-0.1251423666738,0.1452408718366,0.4396701777224,-0.2561765551864,0.0375180260647,-0.1078454453182,-0.0664809822219,-0.2650676551685,0.3437473951530
0.4624934664622,0.3604741614858,0.4405523061638,0.5475840520463,0.5795877182021,0.2134993031340,0.2298356230152,0.7040000081011,0.1128709381216,0.6967074121851,0.4333289049830,-0.0075184977953,0.4854727534635,0.0410142073974,0.3149880884756,0.3109095821397,0.5457319200253,0.3959761954899,-0.0280488778625,0.3641350649367,0.4405943973676,0.5915472601005,0.5184649221680,0.5472224929327,1.0000000000000,0.2759664235805,0.4822790432901,0.3770284755713,0.6245719658213,0.4369197045810,0.6742059002035,0.0465882527811,0.0578356426472,0.4159936615296,0.3046076588079,0.2257979766773,-0.0404000646693,-0.0191491456541,0.1794292542439,0.4940510574586,0.0841572140356,-0.1740359139257,0.0907175547663,-0.2494122165188,0.5635399587080,0.1492693446890,-0.0443926087172,0.3945880181353,-0.1939829011698,-0.2962254765044,0.0265287859640,0.4008992143666,0.2134602979823,-0.1320068387381,-0.2380142410440,0.3369372609214,0.1203817374959,0.3151769987999,0.1116792014728,0.8676896598631,-0.2924923278495,-0.0870361923941,0.0533408054860,0.4348478161215,-0.1662940523385,0.0195474819271,0.0413156646226,-0.0261394877715,-0.0775916261436,0.1294452658135
0.2529267125052,0.6337150243314,0.5080206079849,0.7222892731683,-0.0194652449848,0.2939654050493,0.1374479221311,0.3790322085536,0.1746969336911,0.3040860882441,0.1188282427386,0.0869805840086,0.1357084578298,0.2824059227182,0.4835797952291,0.4344290221977,0.3003851966891,0.5855593610300,0.1826849157935,0.6641193614317,0.1372335409255,0.4255017391564,0.4145157662477,0.4049607724315,0.2759664235805,1.0000000000000,0.5884458937775,0.5445173912015,0.1824887106748,0.4395664794533,0.5081964920954,0.0339606749617,0.2734185745847,0.5169309017382,0.6790532684939,0.2916518920274,0.1529835082709,-0.1249321480025,0.3663671653480,-0.0655606296571,0.1799404744069,-0.1152015073728,-0.1899814347610,-0.3166483469703,0.2280637745118,-0.1157904613611,-0.1846644194384,0.0058153592869,-0.0717143625709,-0.2154966317427,0.1797870973597,0.2145960054849,0.3291873508099,-0.2038475481727,-0.0489527003753,0.1231601986514,-0.1424352851569,0.1814868844453,0.0094590802295,0.1588457765356,0.2551629658998,-0.1111269425100,0.2807512191384,-0.0158020145358,-0.0629301996993,-0.1849462537974,0.0124793562585,0.0330840649255,-0.1215201515239,0.5441403936176
0.2795721252065,0.5133446680882,0.7873547842238,0.6802243560032,0.1899859765004,0.6288511832982,0.2890707707571,0.6234130202470,0.4435070149799,0.2491960740932,0.3576052933802,0.3777934200984,0.2446827447434,0.4492108111249,0.6106221035347,0.4911426033161,0.3896054146842,0.6201288694341,0.4688150962710,0.6849214977017,0.1694308199560,0.6956938831419,0.2318048223616,0.7027382038132,0.4822790432901,0.5884458937775,1.0000000000000,0.7837134019644,0.4401259444509,0.5485053925165,0.7245370832446,0.2128254877076,0.3227574116620,0.5710750052185,0.5542185474640,0.1261929630828,-0.2054807354668,0.1300426833195,0.2070031021725,0.1261129550956,0.2696929693221,-0.1694374233010,-0.2522360667818,-0.1717875633950,0.0825065859494,-0.0398036033566,0.1000509022159,0.1342026444690,0.0200287212427,-0.3605741312511,0.0841995703717,0.2634351360528,0.2245068764739,0.1162231362791,-0.2327051300289,0.1227532375854,-0.0334816479349,-0.0718417953165,0.0902382027747,0.2838085144078,-0.2436986283579,0.0515841206381,0.3427928677212,0.2359888961323,-0.3326938058856,-0.2498233604321,-0.0560905402100,0.0016678144852,-0.3152708830188,0.2685622280324
0.1534010526876,0.4399209312476,0.8744400916060,0.5047557611364,0.0782990215728,0.5939739523010,0.3050922341319,0.6110798801147,0.4665379811623,0.1399572235742,0.1995502681162,0.3845099162895,0.0946435243812,0.4488803849707,0.5274730783536,0.5095895417817,0.3964078246474,0.4130558242785,0.4318515038538,0.4865800883029,0.0436729576112,0.5955454831662,0.1969557865438,0.6419856813850,0.3770284755713,0.5445173912015,0.7837134019644,1.0000000000000,0.4232386791399,0.3908306681921,0.5864660491340,0.0725892398514,0.3068737924095,0.4233734562685,0.3435124852035,-0.1023678724430,-0.1647806655738,0.3958775214056,0.0631747902583,0.0018041312063,0.2681222897409,-0.1026696611197,-0.2377312707208,-0.1404124998436,-0.0253070168843,-0.2275791195232,0.1350222246688,-0.0464723275536,0.0462755948186,-0.3496122154939,0.0571139597269,0.3297213392967,-0.0603157140286,0.1615860402642,-0.3557260990730,0.0070766545055,-0.0248504496951,-0.0625317844104,0.1166679646093,0.1507591288030,-0.2119989933324,-0.1622247146487,0.6854329073191,0.1908057230113,-0.4328483786839,-0.3458965308760,-0.1518323516243,-0.0494016380816,-0.3520781066969,0.0222318345470
0.2811959994218,0.3458340502208,0.4665985569775,0.4420025105254,0.4380034301929,0.2298919094214,0.1686527596317,0.6977932757768,0.2258269249650,0.2050529696840,0.5744960538027,0.1214766148956,0.2795201053341,0.1237090930206,0.3457288206940,0.1356573004015,0.4296532787944,0.3189912423538,0.1150679297083,0.3195445265015,0.3057382544771,0.6573332398453,0.2681615820023,0.6037445100810,0.6245719658213,0.1824887106748,0.4401259444509,0.4232386791399,1.0000000000000,0.2917632532543,0.6716632135795,0.1010347901553,0.1034040964019,0.4153782637329,0.2237027912102,0.0197293637168,-0.0954539726682,0.0822785747041,0.2151563343070,0.3915278129215,-0.0139703468504,-0.2742580993654,-0.0755734777772,-0.2189041505577,0.0904536649307,0.1872810979457,0.0420239191307,0.2498296563838,-0.1346775521063,-0.3243188188283,0.0180880893168,0.2452665172524,0.1108213434089,-0.0740844344763,-0.2719406568899,0.1758755078833,0.1799337763948,0.0343045459390,0.2308260375561,0.4073293944240,-0.2784512415868,-0.0801709044971,0.1817433611479,0.7966056325723,-0.3184452389602,-0.0009860970326,0.1022053510631,-0.0889976353395,-0.2270322889298,0.1230625104062
0.6759552114239,0.4654912098408,0.4062527513581,0.5569527532666,0.2300224199564,0.4202211448102,0.2802788005553,0.5301149565699,0.3180499092964,0.4000688832678,0.3870600224919,0.1106078768884,0.3251258590998,0.2593579915086,0.7077995383793,0.4942391420008,0.2530701961160,0.5483490130987,0.2471451977383,0.6367810786924,0.2341837042750,0.5768928857947,0.3370819331387,0.4931684297370,0.4369197045810,0.4395664794533,0.5485053925165,0.3908306681921,0.2917632532543,1.0000000000000,0.6478866455362,0.1088542376826,0.2378982989517,0.7310858934943,0.5485176972495,0.4597700102733,-0.0828814634118,-0.1054966970021,0.2132365332131,0.1502784649804,0.2246769065788,-0.0180629717148,-0.1607369550015,-0.2193541805940,0.3275125519594,0.0403179341869,-0.0479210230516,0.2211540681799,-0.1059945286741,-0.2189582851778,0.1295778932284,0.1982426999817,0.3102929274667,-0.0780276021106,-0.0996261299298,0.1657347094849,0.1508516700763,0.0969750298451,0.1359547801335,0.3217558296127,-0.2032706747624,-0.2051385252267,0.0646702784719,0.0863989535898,0.2314702829243,-0.0159653317065,0.1273522090529,0.2368770847714,0.0647459256624,0.4168254394728
0.5519818932625,0.5400531473197,0.6937022442985,0.6657775463966,0.4379358248303,0.4173917072686,0.2114743400162,0.8198692967723,0.2269214423012,0.4219465257069,0.4634479634323,0.0115898302398,0.3590256934940,0.0813744900622,0.5139632404581,0.3859459293066,0.5908977395133,0.6966173920563,0.1181858267519,0.6746379350382,0.3288691716294,0.8793549075822,0.4203425781168,0.8493801272518,0.6742059002035,0.5081964920954,0.7245370832446,0.5864660491340,0.6716632135795,0.6478866455362,1.0000000000000,0.0260665499599,0.2464332646558,0.6182871801938,0.6312747813732,0.3209301187191,-0.1420275822335,-0.0431739693157,0.1423245059495,0.3298758306046,0.2251340804296,-0.2274447191335,-0.2593677180553,-0.3378742266770,0.2288776043572,0.0551574804738,-0.1822002193820,0.2110475422705,-0.3437013755775,-0.3953574098566,0.0221284926256,0.4108362748733,0.3212683121015,-0.1626173089677,-0.1943130322031,0.1900023843277,0.1841674329804,0.0895753615069,0.2928992681767,0.4799714008827,-0.3183631327767,-0.1759991817780,0.0773119923159,0.4033067431731,-0.1588496314406,0.0397240886114,-0.0502765350253,-0.0012194026817,-0.2398801798781,0.4158996654146
-0.0576119795502,0.0125980923286,0.0735809674808,0.0756306390232,-0.0186425116868,0.0739272766920,0.1565840849820,0.1103800273829,0.1119404321468,0.0357776349793,0.2118204543045,0.1248504532984,0.1254015031969,0.2093998382372,0.1690422088841,0.0998551804830,-0.1340473488299,0.1246161058363,0.1555339003856,0.2033335669413,0.0782282218349,0.0511123582999,-0.0908280008161,0.0663428196225,0.0465882527811,0.0339606749617,0.2128254877076,0.0725892398514,0.1010347901553,0.1088542376826,0.0260665499599,1.0000000000000,0.1172227126538,0.2261575869330,0.1135698228749,-0.0892369344513,-0.2261175382028,-0.0556591998397,0.0886016285132,-0.0176867898119,0.0677724251057,-0.1237713983842,-0.1772742235727,-0.0138240980973,0.0318512529036,0.1498907727236,0.0956330302387,0.2044099398197,0.2288672520758,-0.0995585521153,-0.0024799604903,-0.2001019278945,0.0742039983547,0.1992620855115,0.0556612640273,0.1775378733496,-0.1228262654847,-0.1977499568928,-0.0973072992464,-0.0670540428149,-0.0996484789190,0.0741791620348,0.0429668085087,0.0960436444386,-0.0148662934755,-0.3366099706077,0.5926032754458,-0.0138639238173,0.0091053853784,0.0350784222151
0.0235158785288,0.2261362182159,0.3958190617947,0.2461313517035,-0.0777003818586,0.4103351074454,0.0536231493084,0.3151387789124,0.1823932603637,-0.1033897139236,0.0296725650329,0.3152907075464,-0.0724728581706,0.2356228718031,0.3117636742884,0.2191469168389,0.0246397673416,0.2005770165878,0.2448427675152,0.2467911720821,-0.0640848142148,0.2087872497007,-0.0411013745089,0.1592820120260,0.0578356426472,0.2734185745847,0.3227574116620,0.3068737924095,0.1034040964019,0.2378982989517,0.2464332646558,0.1172227126538,1.0000000000000,0.1963862055132,0.2252207494446,-0.0096873766312,-0.1391976778531,0.0309444307608,0.0398663705016,-0.1136465237737,0.2270422559604,0.0130393865818,-0.1445198410403,0.0975745216887,-0.1621911466009,-0.1341086177233,0.1543893826892,-0.1222414872907,0.1867161845937,0.1315986417239,0.1750438478352,-0.0549237651967,0.0558045863532,0.1354623545971,-0.0271349492245,-0.0931809353582,-0.1652967063877,-0.1833486607814,-0.1247300429302,-0.0576372761007,-0.0062670231451,-0.1580291731865,0.1497647100461,-0.0078401807451,0.0301923586629,-0.2286630435352,0.2013424866609,0.1809341000975,-0.1831569952835,0.0951860553287
0.4023927610191,0.6389007878740,0.4405211689513,0.6914410715539,0.2099467791502,0.4220845278561,0.1712063745130,0.5119434910212,0.2517066827634,0.3520033059424,0.4851389150579,0.1257872678520,0.3247392779163,0.3073453636706,0.5731846132841,0.3630258662944,0.1886780181975,0.4865587187352,0.2337459924978,0.5267608186324,0.3114343607748,0.5903223489007,0.4028320232075,0.4701139702691,0.4159936615296,0.5169309017382,0.5710750052185,0.4233734562685,0.4153782637329,0.7310858934943,0.6182871801938,0.2261575869330,0.1963862055132,1.0000000000000,0.5659654264912,0.3097877495592,0.0777850344178,-0.1371910047154,0.4472445272003,0.1577542970813,0.1691534716394,-0.1638506566195,-0.2358036769406,-0.2330374227806,0.3277522469826,0.0826934114006,-0.0309936148052,0.3043476456803,-0.0355850906401,-0.2523472240484,0.1680114832466,0.1155926291402,0.3240946257036,-0.0422386769098,-0.0884073887210,0.3212429325854,0.0790206320363,0.1773514645485,0.1028680079882,0.2602549190120,-0.0679104270382,-0.0820183262876,0.1985056198761,0.2071458220746,0.1153425861888,-0.1245834036039,0.1042638508994,0.0838368654381,0.2671992102893,0.5001774310709
0.4858238174844,0.5008286296971,0.4235021921878,0.6367705689926,0.1808674745985,0.2230675256560,0.1295288524364,0.4082071187743,0.0440613330159,0.3918915656633,0.2438111936600,-0.1219316080934,0.3038805609848,-0.0448394803849,0.4209148182210,0.3545461533750,0.3897028688351,0.8267678257678,0.0601442505255,0.8007204651875,0.2658925454025,0.5261117226521,0.4024718315835,0.6002606098971,0.3046076588079,0.6790532684939,0.5542185474640,0.3435124852035,0.2237027912102,0.5485176972495,0.6312747813732,0.1135698228749,0.2252207494446,0.5659654264912,1.0000000000000,0.4975658545838,0.0632608789614,-0.2388506836319,0.3039768364371,0.1211179118578,0.3160003205906,-0.0953802275127,-0.2611580965111,-0.3159474425808,0.2472350543788,0.0284385361943,-0.2972967206165,0.1548962935258,-0.2751010545158,-0.1937289801168,0.2232402553796,0.2892830045773,0.6174056148588,-0.2367512494807,0.2205623089390,0.1815538572541,0.0094427949999,0.1667311773487,0.2545067399184,0.2436932369806,0.0984427437655,-0.0255735686885,-0.0431513428489,0.0437748211926,0.1435839646325,-0.0286195179295,0.0990312904607,0.0466631319823,0.0295517723212,0.7876090171107
