1.0000000000000,0.3023380755034,0.1177795972637,0.1728548864651,0.3805892295698,0.2009822472572,0.5375367575907,0.1326529389828,0.0742049634323,-0.0053123582757,0.2409341170635,0.3034097359938,0.4889061804330,0.0660324708559,0.4334447132946,0.2197331463878,0.3044062294307,0.5025490956842,0.2885329814650,0.4664223171630,0.4593183510066,0.5020709413171,0.4050276622376,0.4297568421813,-0.0590041589538,0.1650825642752,0.1212708453995,0.1658959572488,0.3088646941373,0.4865989586968,0.4829473863989,0.0039604683585,0.1262831810299,0.5234803729857,0.4390476537690,0.6269606300281,0.2119045226634,-0.3222831296924,-0.1215482979992,0.3876056722321,0.0495162285539,0.2004177337484,-0.3116993125910,-0.2155473739333,0.0013632617715,0.0504930426445,-0.0602290844261,0.4375342086006,-0.2589332165980,-0.1500469345181,0.2017299298276,0.3312762436150,0.2071156355224,-0.3726014596135,-0.0751579663434,0.3517021847935,0.2122537991777,0.2322177403432,0.0271533035235,-0.0106633406714,-0.1723353147640,-0.4156777812247,-0.1557885432775,0.1038811042494,0.2803149743489,0.1233170599836,-0.2055742437309,-0.0172846178855,0.2534906406359,0.2858630995645
0.3023380755034,1.0000000000000,0.0582818567804,0.6620349083144,-0.0150767006369,-0.0095677978511,0.1351206039290,0.2347420351972,-0.0125634931538,0.2108182217275,0.0814000978349,0.3064699440602,0.0551914467612,0.1105212738815,0.2349352906303,0.1533588723083,0.2290062167631,0.2613917134263,0.2730441987936,0.2912512987236,0.1048248702102,0.2874879540681,0.4568158697973,0.2512997920354,0.1710123061355,0.3826596978771,0.1526854254158,0.0988867074001,0.1162435701822,0.3218723791449,0.4158231841941,0.0011293929150,-0.0106597271887,0.3911153616476,0.4593101410437,0.0854888117459,0.6753861835437,-0.3199181024770,0.4239774079220,0.0177040787302,-0.1015544742071,-0.0017678880967,-0.0648589411863,-0.1176320947752,0.2477412181468,-0.0527647968067,0.1443264977562,0.0428570745662,-0.0135421642896,-0.0628100727061,-0.0312439406030,0.1229589006393,-0.0072240652615,-0.1054813964588,-0.0636276411458,0.0250370785616,-0.0075192092871,0.3322840451083,-0.0578864681329,0.1660968306508,0.1261812208313,-0.1531528401178,-0.0321643712164,-0.0578717220650,0.1360846146870,0.0308696289686,-0.1374086224392,-0.1661967691073,0.1914994150713,0.3114454457638
0.1177795972637,0.0582818567804,1.0000000000000,0.3448934374268,-0.1718058112566,-0.1744406455594,-0.2581271682830,0.4406664618844,0.0576648688665,0.1330783208096,-0.0573593141638,0.3404312545617,-0.2148881979570,0.0331284279595,-0.0118576020035,-0.1119582930988,0.4677217613064,0.3313439922140,0.3756246423447,0.3439714439379,-0.1116478862989,0.4316102719678,0.2199713990893,0.6060625614634,0.4205542610296,0.3339586512495,0.6266980833616,0.8035973014940,0.3363949021157,-0.0720309223547,0.4142364796714,-0.0754711691522,-0.1945919584305,-0.0673364515381,0.0234360849540,-0.2708946721939,-0.0817624634592,0.2748572585809,0.1687898523483,-0.1639897234284,-0.2373995921220,-0.3791592362113,-0.0877747332662,-0.2330140999300,0.1276585583284,-0.2888893667499,-0.0056576098825,-0.2227394142386,-0.2112485412447,-0.1481599610919,-0.1464196081408,0.3141358300960,-0.1545216762456,-0.0295843441175,-0.1757668453900,-0.2071179160000,-0.1515373800010,-0.0749476497548,-0.0164574920806,0.2761657015519,0.0038605077958,0.0621026030875,0.5261222704197,0.1121638600016,-0.3591378962148,-0.3480682413436,-0.2076276496059,-0.1031126317593,-0.2629494683190,-0.1437488062862
0.1728548864651,0.6620349083144,0.3448934374268,1.0000000000000,-0.1190564570348,-0.0477742924780,0.0015410511451,0.4250496505647,0.2199171729522,0.2766516919293,0.1751336976974,0.3780742219816,-0.0683714692742,0.1667944333244,0.2376053248981,0.1585297255087,0.2522093697194,0.2013001522163,0.2940253102402,0.3001501725921,0.0149980855096,0.2526344272263,0.3700477592044,0.2492345120484,0.3415157222825,0.5034754722148,0.3720969531321,0.1860784486634,0.1676107285504,0.1997992155522,0.4677511543173,0.0007870528304,-0.1116029994940,0.2089598188701,0.3017234907323,-0.1276579458719,0.3477212325242,-0.1699323262704,0.5986572627558,-0.0541465794299,-0.1211655195750,-0.1205132870857,-0.0201847055088,-0.0255083744615,0.3615337245247,0.0028793688431,0.1594551126454,-0.0949932188844,-0.0807364676196,0.0317497773375,-0.0592615221031,0.0749772491844,-0.1231677201500,-0.0270404895152,-0.1484922484924,-0.1221791247556,-0.2383961585278,0.0611329888949,-0.1754672016002,0.2542650506870,0.0667257229359,-0.0464391724772,0.0109041053633,-0.0321931210450,-0.0857909958351,-0.1705225561079,-0.1954969493966,-0.2156849875182,-0.0590737541636,0.1629482241629
0.3805892295698,-0.0150767006369,-0.1718058112566,-0.1190564570348,1.0000000000000,0.0868318277458,0.6443247954952,-0.0580359284418,-0.0265280774723,0.0813218574114,0.4188710933504,-0.2786076075280,0.8323277197347,0.0507474814308,0.1078633795654,0.3179798713244,0.2227581680668,0.0075836016970,-0.2481945933338,-0.1202416175662,0.8869645976832,0.4375102851687,0.3042324505197,0.2640809713652,-0.0575760228238,-0.1459854913004,-0.2104296407792,-0.0431892097118,0.3613636772367,0.4001587448755,0.1204490128472,0.1093349031258,0.1617950742843,0.4286036013390,-0.0239963963152,0.5537043101155,-0.0627669910511,-0.0939858174188,-0.3495531289855,0.9333079805551,0.0573469502895,0.3945494958433,-0.0898872842096,-0.0720279558247,0.0552785792244,0.5287030110631,-0.4410923417749,0.8834942217010,-0.1639129281877,-0.0957862451986,0.2671692914151,0.2699432724171,0.1115714741037,-0.4777630124196,-0.1628604969978,0.8970871054968,0.4584370557762,0.2442108470575,0.2030009177100,0.0899935020724,-0.3161306350661,-0.3530888486532,-0.1311969677889,0.4300257190123,0.4021871373329,0.2613127176881,-0.0743745317487,0.0620749484899,0.3243886319749,-0.0155885447285
0.2009822472572,-0.0095677978511,-0.1744406455594,-0.0477742924780,0.0868318277458,1.0000000000000,0.4925252408536,-0.2435154551766,0.5675094047655,-0.0301084002280,0.2504091853195,-0.0214625668425,0.2999244319975,0.0956954746551,0.4577995272114,0.5061084064166,0.0576958129780,0.0327013759528,0.0740098892732,-0.0021261853246,0.1064363063146,-0.0094378362665,-0.1258319355800,-0.0523570652979,-0.1478399143567,-0.0443547259331,-0.2188487875609,-0.3209954702323,0.0362221449630,0.3876940572838,-0.0609863449367,-0.0341127935702,0.5752150331697,0.3494803402951,0.3308272549332,0.2552924195591,-0.0424486264712,-0.1839125048928,-0.0072907488087,0.1008344808241,0.8761526593330,0.5060788996545,-0.2133157830626,0.5317468994318,-0.0094627179655,0.2233788434437,-0.0119566072061,0.1688168078545,0.1178664724378,0.3458753994276,0.5117450517658,0.0072125644929,-0.0056091104102,-0.0615583362999,-0.0734302688487,0.0563228127261,0.0664217805477,-0.1174153409470,-0.0264171319296,-0.0843486466018,0.0494860399075,-0.2834670321846,-0.3599231169946,-0.0079352852557,0.3172354088857,0.1036910867836,0.1428313236304,0.4148154978399,0.2451917022053,0.2871875751833
0.5375367575907,0.1351206039290,-0.2581271682830,0.0015410511451,0.6443247954952,0.4925252408536,1.0000000000000,-0.1286926759353,0.3552946167421,-0.0150188145968,0.5606425553865,-0.0103289875067,0.8487649780703,0.1442511151258,0.4960168155281,0.5803138643177,0.1522664793383,0.0210528763770,0.0468006800656,0.1140318989796,0.6437006306045,0.2743702037678,0.1987110524135,0.1159028821312,-0.2281351407985,-0.0483127345830,-0.1798938801645,-0.2473891400185,0.1856331669057,0.5470068507817,0.1038018467599,0.0957433328304,0.4117159730114,0.5086445829545,0.2690270972840,0.5972607534418,-0.0554562145747,-0.3962473671739,-0.2508699910995,0.6441478889063,0.3892659785475,0.7018495703097,-0.3192788492086,0.2539631677328,-0.0288925244723,0.5789811743948,-0.3055217508577,0.7609676092219,-0.0894348205505,0.1572422969458,0.5142882084006,0.1352545297519,-0.0586529791171,-0.3350057632418,-0.1667676512862,0.6123483139444,0.2217445218675,0.1021625102595,-0.0434698737698,-0.1259498310985,-0.2908292242838,-0.4904024303983,-0.4512164576075,0.1195953911892,0.4309782512996,0.0716521647807,0.0215116843405,0.2265225407970,0.3564041764533,0.1802445639669
0.1326529389828,0.2347420351972,0.4406664618844,0.4250496505647,-0.0580359284418,-0.2435154551766,-0.1286926759353,1.0000000000000,0.0531420429933,0.4428886308330,0.3270277004876,0.5457864983398,-0.1316323692919,0.2529671322704,0.3177656996273,0.0215189076822,-0.0141815267490,0.0978187125512,0.2096811145746,0.2364124996820,0.0499251607535,0.2360826920972,0.2545655298562,0.1243061217357,0.5722331778580,0.3684236473075,0.3567006974868,0.2990382314945,0.3027931943758,-0.0641420442873,0.5325390112937,0.1742350224642,-0.1349333970903,0.0369459348529,0.0258258532847,-0.2399494243205,0.0666029154918,-0.2958432998838,0.1927933541495,-0.0474177987764,-0.3564751957866,-0.1995300260404,0.3518696213402,-0.2141621528157,0.3884763524352,-0.0229459646481,0.1575935624617,-0.1733641250660,0.0495395227272,-0.1811974132086,-0.0565322972634,-0.0494624873108,-0.3200811574835,-0.0968885485879,-0.3590791078317,-0.1357459698459,-0.3092737721486,0.0434685440984,-0.4565017491874,0.3773992311167,0.1196400113058,-0.1650707387218,0.0543183257278,0.2180851495687,-0.4470470253837,-0.3618956363856,-0.3475945111437,-0.0962890568928,-0.2134265446513,-0.2314888390090
0.0742049634323,-0.0125634931538,0.0576648688665,0.2199171729522,-0.0265280774723,0.5675094047655,0.3552946167421,0.0531420429933,1.0000000000000,-0.0282699028709,0.5155462173902,0.2331922039013,0.1477347186039,0.2339260659572,0.5841545445345,0.5320488535127,0.0323267354644,-0.0347634733168,0.3100723738348,0.1910457587311,0.0092415280451,-0.0379490694802,-0.1662847580663,-0.0977210066906,-0.0631382783285,0.1909570264894,-0.0000539059730,-0.2252448737023,0.0633184427655,0.3245283187484,0.0329653875006,0.0105054874130,0.4161796572936,0.2504409301071,0.1739734619261,0.0365115118231,-0.1781688058681,-0.2496837996966,0.0372038465304,-0.0000168829239,0.5695879109028,0.4771947725794,-0.2848577900092,0.7583474763151,-0.0769908776062,0.4101429045218,0.0792533523535,-0.0277154894311,0.1413598153668,0.4786381974528,0.4379501958220,-0.0889472286976,-0.2117566586752,0.1058010524484,-0.1315924137990,-0.0592241189086,-0.1981492300460,-0.3220078025587,-0.2530546013717,-0.1621820113894,-0.0315692350602,-0.2622751697557,-0.3598040630576,-0.0485895603787,0.0510487143540,-0.2420709624367,0.0603480662569,0.3683122160259,0.1257032622429,0.1181258101208
-0.0053123582757,0.2108182217275,0.1330783208096,0.2766516919293,0.0813218574114,-0.0301084002280,-0.0150188145968,0.4428886308330,-0.0282699028709,1.0000000000000,0.0921567207209,0.1932528169133,0.0484887358247,0.3925430862437,0.1558135055882,0.2210153475792,-0.0857922335346,-0.0510426783686,0.0730919463369,-0.0527839399493,0.2255071238962,0.1057142974295,0.1362742850604,0.0330462027138,0.4385898446606,0.3550023237216,0.0542172795074,0.0869184075181,0.0735331032934,-0.0480417039532,0.0695026616798,0.1753092401500,-0.0662096550140,0.0616192680391,-0.0347996617658,-0.2283857917937,0.2160997640644,-0.1014113663845,0.2686008480500,0.1020327520243,-0.1248104181265,-0.1106104761258,0.3232505251883,-0.1478877719489,0.7821664376936,-0.0659508913285,-0.0217609387659,0.0162269199944,0.2618249246785,-0.1378142457626,0.0930201332514,-0.0417462307675,-0.2734337297453,-0.2221439358179,-0.3900911616799,0.0656042728616,-0.1076352765081,0.1509732080727,-0.1816216054234,0.4831594335757,0.2826674371754,-0.0807428342732,0.0414281761006,0.1096389697720,-0.2764094520107,-0.1802242234559,-0.0439712784253,-0.1025378275611,-0.0051560098465,-0.1776569811569
0.2409341170635,0.0814000978349,-0.0573593141638,0.1751336976974,0.4188710933504,0.2504091853195,0.5606425553865,0.3270277004876,0.5155462173902,0.0921567207209,1.0000000000000,0.1942539615522,0.5362745829473,0.1360956298870,0.5804695841524,0.5218876835885,-0.0127065081349,-0.1081547486411,-0.0685990393507,0.0756915140583,0.4211291703408,0.2167152656255,0.0748637405674,-0.0077788283449,0.1064110067023,0.1172019314837,-0.0933653477611,-0.2117072503620,0.3539116028118,0.4691556937800,0.2109061215175,0.0960495860446,0.2538094780955,0.3914328356720,0.1580330664388,0.2816523866320,-0.1249863687919,-0.5189662871971,-0.1200941251854,0.4483820222729,0.1612246677782,0.5610940427793,-0.1433737570525,0.4005258672464,-0.0319243110232,0.7742646950007,-0.1580034058266,0.3563864584472,0.0025023740287,0.1845542963402,0.4399128043278,-0.0100405250530,-0.2239671952874,-0.2024518008575,-0.3291599598139,0.2758335943099,-0.0403220591122,-0.0244046220485,-0.3694547757458,0.0400950751157,-0.1012507553525,-0.4658483810594,-0.4427038166553,0.2720214250326,0.0808412802094,-0.2090863659800,-0.2970955415652,0.1624852002081,0.1996935494870,-0.0172350750938
0.3034097359938,0.3064699440602,0.3404312545617,0.3780742219816,-0.2786076075280,-0.0214625668425,-0.0103289875067,0.5457864983398,0.2331922039013,0.1932528169133,0.1942539615522,1.0000000000000,-0.1603437026599,0.3565949038033,0.4438508055009,0.0460530951231,-0.0725628019451,0.2205016984517,0.6092412621522,0.5341939429431,-0.0893176157813,0.0825699280320,0.0599883796224,0.0468333827198,0.1691778346222,0.3894642063909,0.4516632160691,0.1854175351735,0.0424989674273,0.0572636742815,0.3512733344497,0.2998206745130,0.1193618361927,0.0679683165735,0.2649688145694,-0.0937572745847,0.1381069832866,-0.4630390148480,0.2236613961123,-0.2856349435361,-0.1458053856759,-0.0403833653825,-0.2077284065576,-0.0517928651888,0.0693289698711,-0.1480708409362,0.5033325820353,-0.2953690042778,0.2511391142573,0.0151120994956,0.0097903133111,-0.1406830937709,-0.2216044683003,0.1608601546383,-0.1585693712412,-0.3079583703865,-0.3897035795861,-0.1494523950197,-0.4643791525437,-0.0344620082900,0.1382409777798,-0.1737558017890,-0.1434736209226,-0.2268643555879,-0.2840425660399,-0.4461915805376,-0.1581783563265,0.0022086955172,-0.1596364653445,-0.0392275963850
0.4889061804330,0.0551914467612,-0.2148881979570,-0.0683714692742,0.8323277197347,0.2999244319975,0.8487649780703,-0.1316323692919,0.1477347186039,0.0484887358247,0.5362745829473,-0.1603437026599,1.0000000000000,0.0471921402927,0.3076651541567,0.4801018750367,0.2131878788535,-0.0227290344438,-0.1549814527281,-0.0110350715803,0.8203654194124,0.3527377293098,0.2021368457067,0.1797877688754,-0.1831782962345,-0.0140371696599,-0.2029453421431,-0.1381730800154,0.2549318903863,0.5085515531617,0.0605397576538,0.1062393141725,0.2128056115837,0.5390374177996,0.1676091303208,0.6253445198638,-0.0269755655873,-0.2888401152811,-0.3018378750766,0.8136213548644,0.2166488061897,0.5702395779916,-0.2706865616570,0.0949718167482,0.0169214274742,0.5891428470858,-0.3754722490700,0.9074694774336,-0.1483800963380,0.0491338582664,0.4430042842844,0.2256276953635,0.0106141860501,-0.4311920574225,-0.2187810141623,0.7738485800121,0.3062441783289,0.1257769060421,0.0204875935345,-0.0553273590353,-0.2039836040477,-0.4435046907884,-0.2765193022061,0.2274401680440,0.4550279912693,0.1134745660595,-0.0601686241968,0.0626571661865,0.4226271797083,0.0926418208927
0.0660324708559,0.1105212738815,0.0331284279595,0.1667944333244,0.0507474814308,0.0956954746551,0.1442511151258,0.2529671322704,0.2339260659572,0.3925430862437,0.1360956298870,0.3565949038033,0.0471921402927,1.0000000000000,0.2809971636568,0.2682935914629,0.0678102869017,-0.0798555649103,0.2790541916334,0.0530100682672,0.1395621032049,0.1069157838398,0.0379188933208,0.0129867714113,0.0569520627546,0.2780530861333,0.0403874001529,0.0741173881036,-0.0993966365346,0.1430676379036,-0.0293417473665,0.5581402223019,0.4007568670856,0.1170811736181,-0.0790888005893,0.0376470996410,-0.0698080550717,-0.0779918824896,-0.0208196730747,0.0732732637158,0.1248854876046,0.1185543490609,0.0667355690922,0.0477775092798,0.2989893382629,0.1801419903681,0.2458493230451,0.0594987489546,0.6031375890145,0.2160149352343,0.2484631081539,0.0425163385738,-0.1436611946190,-0.0177111914201,-0.0993626484589,0.1191821324767,0.0288246691592,-0.0667180633540,-0.0094273706200,0.0457394130333,0.0506587792467,-0.1662323916622,0.0014920211968,-0.0453730397725,0.0433273701511,-0.1094611523990,0.2921075850230,0.3738775405947,0.0557396887660,-0.0494342365919
0.4334447132946,0.2349352906303,-0.0118576020035,0.2376053248981,0.1078633795654,0.4577995272114,0.4960168155281,0.3177656996273,0.5841545445345,0.1558135055882,0.5804695841524,0.4438508055009,0.3076651541567,0.2809971636568,1.0000000000000,0.5160125081979,-0.0980142372734,0.1673221563455,0.3655990040234,0.3043514056550,0.2018192413061,0.0616250769175,-0.0428546137651,-0.0699429249767,-0.0611405233027,0.1581575403849,0.0019289339569,-0.1591012467914,0.0377096062766,0.4760037544379,0.1838951050756,0.1390596918849,0.3944393789149,0.4532479126983,0.2053588802685,0.2731868159730,0.1333925158653,-0.5084381701206,0.0111450981542,0.1248016393372,0.3231773931688,0.4892709301183,-0.0897247263399,0.3341842802911,0.0407805918579,0.2748714197804,0.1269657506308,0.1183745451723,0.1490326118975,0.3081899214327,0.3961208600869,-0.0752106692169,-0.1359912411478,0.0203836933750,-0.1665480728186,0.0828297238340,-0.1161659327090,-0.1181033435775,-0.3619955304273,-0.1148403274045,0.0573221387568,-0.3574381343159,-0.3759052025850,-0.0594550742564,0.0587421660993,-0.1937393524661,-0.0872800077754,0.1693377101576,0.2051137549381,0.0130124266054
0.2197331463878,0.1533588723083,-0.1119582930988,0.1585297255087,0.3179798713244,0.5061084064166,0.5803138643177,0.0215189076822,0.5320488535127,0.2210153475792,0.5218876835885,0.0460530951231,0.4801018750367,0.2682935914629,0.5160125081979,1.0000000000000,0.0504434708912,-0.0514623336695,0.0695591986591,0.0580616715226,0.3609975755764,0.1132950698417,0.0893202286283,0.0102261847480,-0.1302397404232,0.1568022546251,-0.2713638743059,-0.2636241719110,0.0160078632783,0.5899501189465,-0.0055695034266,0.0969565313311,0.4365316533671,0.4781199207873,0.3521602750431,0.3075673217543,0.0758349466898,-0.2930960745570,0.0346202339028,0.3774848140540,0.4778145228136,0.6268915874066,-0.1650115528392,0.4292298466887,0.1518325559249,0.4286011515787,-0.1660436739887,0.3670353919001,0.2264782957252,0.3164360660632,0.7314389042421,0.0190322547911,-0.1336144514418,-0.1502961424722,-0.1423710368545,0.3300539796439,0.0772080536282,0.1406451267979,-0.1173850914810,-0.0552243834926,0.0756446568737,-0.4517889723931,-0.3200665089236,0.0262152095678,0.3269282299599,-0.0137233250498,0.0624133361570,0.2975740744219,0.4614504474870,0.2298353707134
0.3044062294307,0.2290062167631,0.4677217613064,0.2522093697194,0.2227581680668,0.0576958129780,0.1522664793383,-0.0141815267490,0.0323267354644,-0.0857922335346,-0.0127065081349,-0.0725628019451,0.2131878788535,0.0678102869017,-0.0980142372734,0.0504434708912,1.0000000000000,0.2709866442938,0.1498870173143,0.1036348442372,0.2454360601018,0.7118378364141,0.3789617533083,0.7482876191094,0.2097672536546,0.1380265342933,0.1479954485568,0.4690614256686,0.4612816448733,0.2390416067418,0.3672070228687,-0.2160324559519,-0.0176841487731,0.3110818375371,0.2052465716806,0.2458878338345,0.0219716278398,0.2641039989473,-0.0135416904406,0.2619410080206,0.0445338208347,-0.0475886527904,-0.1809564877846,-0.1426459135498,0.0614975503601,0.0695053764255,-0.1309801631626,0.3125150248906,-0.2486361193626,-0.0731407430572,0.0805747760127,0.8395244612761,0.1311418664901,-0.2592157383100,-0.0687508324200,0.2877258745302,0.4531727489464,0.1296578581526,0.5034524451961,0.2584146473368,-0.2222968922210,-0.1619465247542,0.3350724843929,0.3093327408493,0.2816186534533,0.2708378414094,-0.1307879220152,0.0023715344395,0.1487435956905,0.2903797838642
0.5025490956842,0.2613917134263,0.3313439922140,0.2013001522163,0.0075836016970,0.0327013759528,0.0210528763770,0.0978187125512,-0.0347634733168,-0.0510426783686,-0.1081547486411,0.2205016984517,-0.0227290344438,-0.0798555649103,0.1673221563455,-0.0514623336695,0.2709866442938,1.0000000000000,0.3913123001145,0.6945358172996,0.0675072054704,0.3895671583208,0.3155342751241,0.5616999242057,0.0077646332218,0.0437951116038,0.3684469240025,0.3340569722635,0.1834018381570,0.3802910798411,0.5474968545450,-0.0414384361024,0.0620544088226,0.3517573602485,0.3788670786375,0.2730693773564,0.3144655109078,0.0117062965864,-0.0306769815355,-0.0110113789737,-0.0967055302513,-0.1582533417033,-0.2166982828521,-0.2745642364225,-0.0863390664260,-0.2967982023956,-0.0563518296192,-0.0188095078470,-0.3106220908942,-0.2745979410246,-0.0441698091437,0.2230228222985,0.5764621325750,-0.1922493808331,0.3094080592987,0.0370769330078,0.1254934233726,0.2021987489045,0.2444135666024,-0.0141943557100,-0.2074102607377,0.0156390767923,0.0923206516843,-0.0240397834619,0.1451291367953,0.1692865154539,0.0082517686044,-0.0176599500603,0.1941496946692,0.3030100594671
0.2885329814650,0.2730441987936,0.3756246423447,0.2940253102402,-0.2481945933338,0.0740098892732,0.0468006800656,0.2096811145746,0.3100723738348,0.0730919463369,-0.0685990393507,0.6092412621522,-0.1549814527281,0.2790541916334,0.3655990040234,0.0695591986591,0.1498870173143,0.3913123001145,1.0000000000000,0.6488918395714,-0.1392894215885,0.1170324736011,0.0143253462880,0.2036267038227,-0.0422871408773,0.3034456022004,0.4172227622193,0.2864612692429,-0.0191596907447,0.1192247235878,0.2245806861521,0.0973886137926,0.0877711887312,0.0273272692466,0.2141101582452,-0.0381059049726,0.1245902117627,-0.0943328832084,0.1765120815177,-0.2196355284559,0.0317242813565,-0.0284936488557,-0.2737453873686,0.0207170364100,0.0007654421352,-0.1841889115987,0.3070604213849,-0.1827435763824,0.1087114268323,0.1207905947534,-0.0224876351483,0.0514576960905,-0.1023022894986,0.3181549808877,0.1158047708068,-0.1885936914785,-0.1600342931921,-0.1737263558511,-0.0615638201828,-0.1468492525550,0.0373717322966,-0.0000074966803,0.0552807553037,-0.2499261814216,-0.1126669571277,-0.2926684596012,0.0309042198439,-0.0155679519186,-0.0907694423207,0.0378797916694
0.4664223171630,0.2912512987236,0.3439714439379,0.3001501725921,-0.1202416175662,-0.0021261853246,0.1140318989796,0.2364124996820,0.1910457587311,-0.0527839399493,0.0756915140583,0.5341939429431,-0.0110350715803,0.0530100682672,0.3043514056550,0.0580616715226,0.1036348442372,0.6945358172996,0.6488918395714,1.0000000000000,0.0149673570830,0.2303541578512,0.2603671027122,0.3598097089053,-0.0272123359616,0.3244673278825,0.4774094980529,0.3014504058823,0.1292264050203,0.3125598841918,0.5027914919335,0.1696602825869,0.0308822338470,0.2018924588857,0.4612314358457,0.1121931491968,0.1853149010924,-0.1856179880450,0.1202524110874,-0.1473398825215,-0.1489331249636,-0.0870946280465,-0.4276218890746,-0.1305685298875,-0.1854792930865,-0.1779412853797,0.0442645339334,-0.0999856220522,-0.1891754334469,-0.2248052283479,-0.0453622839147,0.0361455965162,0.2307571932003,0.0080338527295,0.2613642653033,-0.0951957604780,-0.1500052846353,0.0793087882236,-0.0686466857770,-0.2006785208369,-0.0822723777995,-0.0623798770788,-0.0334022416740,-0.1976678502761,-0.0613136418838,-0.2068717885889,0.0057137562666,-0.0298555795837,0.0808311645671,0.2378130454402
0.4593183510066,0.1048248702102,-0.1116478862989,0.0149980855096,0.8869645976832,0.1064363063146,0.6437006306045,0.0499251607535,0.0092415280451,0.2255071238962,0.4211291703408,-0.0893176157813,0.8203654194124,0.1395621032049,0.2018192413061,0.3609975755764,0.2454360601018,0.0675072054704,-0.1392894215885,0.0149673570830,1.0000000000000,0.4772459038145,0.3351987478265,0.3158659269826,-0.0057846231977,0.0378741763749,-0.1391175042477,-0.0254864123208,0.3489538437446,0.4368904467787,0.2305498948749,0.1914613475878,0.1467628578318,0.4775831546071,0.1511184889642,0.4971164312633,0.0716233208557,-0.1998566585089,-0.2124643040115,0.7860583149686,0.0269470979020,0.3298149357273,-0.1378455834842,-0.1179217469076,0.1523686130695,0.4211399942916,-0.3610047337295,0.8312473141050,-0.0851531395135,-0.1579352241221,0.2610235741879,0.3017494677081,0.0572553079002,-0.5031157462477,-0.2076874206830,0.8650812559809,0.3619763241719,0.2414979871284,0.1230554462537,0.1105830797692,-0.2025796279808,-0.4083572157236,-0.1598739578980,0.3200166157135,0.3375890218213,0.1986293100295,-0.0676209849088,0.0380459266676,0.3702933858460,0.0895361242303
0.5020709413171,0.2874879540681,0.4316102719678,0.2526344272263,0.4375102851687,-0.0094378362665,0.2743702037678,0.2360826920972,-0.0379490694802,0.1057142974295,0.2167152656255,0.0825699280320,0.3527377293098,0.1069157838398,0.0616250769175,0.1132950698417,0.7118378364141,0.3895671583208,0.1170324736011,0.2303541578512,0.4772459038145,1.0000000000000,0.5981384718772,0.8862910733071,0.3496507578662,0.1888330079308,0.2024456245671,0.4919127922539,0.7131237611045,0.4249196534336,0.6845341711899,-0.0603649915603,-0.0021566252932,0.4003049707407,0.3044340490798,0.3435567214932,0.0632945454746,0.0362012074510,-0.1202331446608,0.4398607416775,-0.0902250023202,0.0261102251688,-0.1674832256096,-0.2825487457536,0.1330048044670,0.1227907673222,-0.1870255166025,0.4044199331257,-0.2551560905058,-0.2671070739721,0.1160503917896,0.7044914753585,0.1555011271604,-0.4489771663180,-0.1406166792458,0.3977441424951,0.5378207674416,0.3485674299891,0.4137048305499,0.3976997345255,-0.2786374799611,-0.3291652725724,0.2089472762595,0.5533890018344,0.2166536909738,0.2951564759352,-0.1923045955662,0.0008918264651,0.2133947933530,0.2667909269925
0.4050276622376,0.4568158697973,0.2199713990893,0.3700477592044,0.3042324505197,-0.1258319355800,0.1987110524135,0.2545655298562,-0.1662847580663,0.1362742850604,0.0748637405674,0.0599883796224,0.2021368457067,0.0379188933208,-0.0428546137651,0.0893202286283,0.3789617533083,0.3155342751241,0.0143253462880,0.2603671027122,0.3351987478265,0.5981384718772,1.0000000000000,0.5615015279195,0.4009633775109,0.2440433350745,0.2100147504223,0.2999623413886,0.4913862486979,0.3400654766479,0.6488807553806,-0.0071133837272,-0.0177268898088,0.2810589469429,0.4213373963353,0.2361187494915,0.2443835633813,-0.0260275217494,0.1553063665932,0.2944366788534,-0.2134412049678,-0.0711532263984,-0.0304951620184,-0.3582848732536,0.2853575438318,-0.0341435576927,-0.2779619348185,0.2721503927688,-0.2668253494975,-0.3429942523135,0.0127682922709,0.3070341963978,0.1185075088675,-0.4617256888193,-0.0549919611611,0.2800551867416,0.2070773191945,0.7468680828139,0.1669519072058,0.4194264754435,-0.1652194513597,-0.2806454465288,0.0447975231421,0.3585569148399,0.1480325234410,0.2385380739940,-0.1014240878333,0.0346426849898,0.1664090385716,0.3396585837122
0.4297568421813,0.2512997920354,0.6060625614634,0.2492345120484,0.2640809713652,-0.0523570652979,0.1159028821312,0.1243061217357,-0.0977210066906,0.0330462027138,-0.0077788283449,0.0468333827198,0.1797877688754,0.0129867714113,-0.0699429249767,0.0102261847480,0.7482876191094,0.5616999242057,0.2036267038227,0.3598097089053,0.3158659269826,0.8862910733071,0.5615015279195,1.0000000000000,0.2816522064220,0.1612144880249,0.3506230471642,0.6515000578684,0.5950733841866,0.3491757133121,0.6567667508066,-0.1368870615940,-0.0579749771187,0.3059227022685,0.2905060125029,0.2266965662962,0.0911255405002,0.2264790451839,-0.0766198535553,0.2568716490704,-0.1405645943217,-0.1641022373610,-0.2387778918199,-0.3709508873343,0.0672643012431,-0.1074258039176,-0.2331632220968,0.2448006915569,-0.3560422528675,-0.3470650568392,0.0032432529801,0.7115441621687,0.2571023226454,-0.3846787147044,-0.0295407005189,0.2616294138677,0.4266086991631,0.3167188257953,0.5037223481625,0.3092313051755,-0.3010594472007,-0.1644366931927,0.3767819970755,0.3828238929353,0.1459783818835,0.2499583134991,-0.1088502491782,-0.0474737477797,0.1301557879320,0.2508242097965
-0.0590041589538,0.1710123061355,0.4205542610296,0.3415157222825,-0.0575760228238,-0.1478399143567,-0.2281351407985,0.5722331778580,-0.0631382783285,0.4385898446606,0.1064110067023,0.1691778346222,-0.1831782962345,0.0569520627546,-0.0611405233027,-0.1302397404232,0.2097672536546,0.0077646332218,-0.0422871408773,-0.0272123359616,-0.0057846231977,0.3496507578662,0.4009633775109,0.2816522064220,1.0000000000000,0.2694840964393,0.3621705488475,0.2976991303782,0.6483768970507,-0.1493023139617,0.4697902405921,-0.0683085312437,-0.2333742246109,-0.1491137746042,0.0446689841170,-0.3350758625572,-0.0206677453214,0.0199612635464,0.2591273889607,-0.0319472247174,-0.2059134623616,-0.3099243522305,0.4053405646118,-0.2246734227544,0.5117124519638,-0.1030268304029,-0.0296382807139,-0.1939010842095,-0.1181222250086,-0.2636542866736,-0.1335489208005,0.1936293796292,-0.2407375065137,-0.2246910529266,-0.3209462908907,-0.1823187739000,-0.1164577590696,0.2154574351580,-0.1386240073337,0.8691913702389,0.0283755926159,0.0025580315244,0.1567706187012,0.5871636719374,-0.3925753281924,-0.0834644376186,-0.2201434248660,-0.1006302733277,-0.2930853549509,-0.0554093630179
0.1650825642752,0.3826596978771,0.3339586512495,0.5034754722148,-0.1459854913004,-0.0443547259331,-0.0483127345830,0.3684236473075,0.1909570264894,0.3550023237216,0.1172019314837,0.3894642063909,-0.0140371696599,0.2780530861333,0.1581575403849,0.1568022546251,0.1380265342933,0.0437951116038,0.3034456022004,0.3244673278825,0.0378741763749,0.1888330079308,0.2440433350745,0.1612144880249,0.2694840964393,1.0000000000000,0.3059846813040,0.2721748182613,0.1406639152065,0.0772086388861,0.2352287918922,0.0152633904682,-0.1288634966271,0.0628004472433,0.4211284281511,-0.1740746835700,0.3026978654920,-0.1508028913915,0.5286804590219,-0.1475668261962,-0.0816294222848,-0.1065184269044,-0.1173293631051,0.0006978902870,0.2456061420371,-0.0873088780796,0.1693633049266,-0.1170344983941,0.0769924291891,-0.0100446504109,0.0310361056766,0.0405586182413,-0.2360899801720,-0.1140080632946,-0.1480573549941,-0.1426502785435,-0.2470200690715,0.1259151190896,-0.2162712228117,0.1813502023172,0.5532927386783,-0.0985437953125,0.1305224788939,-0.0364367694684,-0.2213669390783,-0.2922776972310,-0.2294309610451,-0.0130619713839,0.0715430109276,0.2811033859807
0.1212708453995,0.1526854254158,0.6266980833616,0.3720969531321,-0.2104296407792,-0.2188487875609,-0.1798938801645,0.3567006974868,-0.0000539059730,0.0542172795074,-0.0933653477611,0.4516632160691,-0.2029453421431,0.0403874001529,0.0019289339569,-0.2713638743059,0.1479954485568,0.3684469240025,0.4172227622193,0.4774094980529,-0.1391175042477,0.2024456245671,0.2100147504223,0.3506230471642,0.3621705488475,0.3059846813040,1.0000000000000,0.5653370220631,0.2034461655815,-0.1175194790628,0.3978571568179,0.1379220678054,-0.1723727361852,-0.1550698182024,0.0442883040778,-0.2898674373749,-0.0286948252429,0.1443149337793,0.1471106929775,-0.2288919087711,-0.2977455170798,-0.4311688856543,-0.0509621866630,-0.3226930867200,0.1317502733723,-0.2960927503830,0.0220806470465,-0.2405485685582,-0.2486313515132,-0.1901835213169,-0.3073377398544,0.0147544569632,-0.0096740529435,0.0729558345679,-0.0379309204676,-0.2881741300494,-0.3411979563128,-0.1163489557363,-0.1225347542157,0.1904998746434,-0.1622661746012,0.3637324727061,0.3041362267602,-0.0538630801441,-0.4097865772686,-0.3583302278315,0.0129797807703,-0.2144305294183,-0.3697378976715,-0.1266390055892
0.1658959572488,0.0988867074001,0.8035973014940,0.1860784486634,-0.0431892097118,-0.3209954702323,-0.2473891400185,0.2990382314945,-0.2252448737023,0.0869184075181,-0.2117072503620,0.1854175351735,-0.1381730800154,0.0741173881036,-0.1591012467914,-0.2636241719110,0.4690614256686,0.3340569722635,0.2864612692429,0.3014504058823,-0.0254864123208,0.4919127922539,0.2999623413886,0.6515000578684,0.2976991303782,0.2721748182613,0.5653370220631,1.0000000000000,0.3062039954159,-0.1383667776348,0.3457315137701,-0.0062933949959,-0.2388574882493,-0.0701315802972,-0.0451141138225,-0.1372691617796,0.0239761022685,0.4179669291278,0.0036285732358,-0.0522205533683,-0.3697120786931,-0.4578923847164,-0.0556746370669,-0.4906610647800,0.0709567028604,-0.3170078522708,-0.0448645014309,-0.0781416821994,-0.2493255825008,-0.3549637324469,-0.2462664617423,0.4399911142815,-0.0185895180280,-0.1729207744411,-0.1312385000288,-0.0649053657760,0.0865961023330,0.1294671773647,0.2355867058474,0.2261840084368,-0.0486142065163,0.1116440753833,0.7933051831522,0.1940564842838,-0.3112492493024,-0.1409082316502,-0.0950511696258,-0.1598501417452,-0.1821836373324,-0.1309502295301
0.3088646941373,0.1162435701822,0.3363949021157,0.1676107285504,0.3613636772367,0.0362221449630,0.1856331669057,0.3027931943758,0.0633184427655,0.0735331032934,0.3539116028118,0.0424989674273,0.2549318903863,-0.0993966365346,0.0377096062766,0.0160078632783,0.4612816448733,0.1834018381570,-0.0191596907447,0.1292264050203,0.3489538437446,0.7131237611045,0.4913862486979,0.5950733841866,0.6483768970507,0.1406639152065,0.2034461655815,0.3062039954159,1.0000000000000,0.2273310622033,0.6334545971050,-0.1658306305144,-0.0966033415155,0.1326356419369,0.2383191620870,0.1373030570717,-0.1063698608563,-0.0516611498892,-0.0846410781755,0.3670178025078,-0.0216423849078,0.0520671719023,0.0066356434665,-0.1153717612780,0.1153161580237,0.1811693355905,-0.2291805768807,0.2491681679890,-0.3701611695597,-0.2936849637073,0.0654441254056,0.5367182680336,-0.0438670944026,-0.4005150636939,-0.2766003314138,0.2034625488642,0.2591470968805,0.2638529204934,0.1143013379057,0.6023577649077,-0.2439409166946,-0.2940868642393,0.0392910349640,0.8187686483206,-0.0507319408772,0.1751571271453,-0.3379547536677,-0.0146401682086,-0.0241020741783,0.1415219521246
0.4865989586968,0.3218723791449,-0.0720309223547,0.1997992155522,0.4001587448755,0.3876940572838,0.5470068507817,-0.0641420442873,0.3245283187484,-0.0480417039532,0.4691556937800,0.0572636742815,0.5085515531617,0.1430676379036,0.4760037544379,0.5899501189465,0.2390416067418,0.3802910798411,0.1192247235878,0.3125598841918,0.4368904467787,0.4249196534336,0.3400654766479,0.3491757133121,-0.1493023139617,0.0772086388861,-0.1175194790628,-0.1383667776348,0.2273310622033,1.0000000000000,0.3503356090598,0.0767035410770,0.4091599256267,0.7157504272722,0.5412181727127,0.6296993498911,0.1910347987602,-0.3272372490024,-0.0909708172154,0.4110989405344,0.2848440299018,0.5020388529033,-0.3930174777712,0.1627056928328,-0.1166778342107,0.3198738928370,-0.2128016953577,0.4156882829190,-0.0415721543411,0.1614688088630,0.4510415779263,0.2060929959207,0.2830101878430,-0.2625173329166,0.0788005232425,0.4104136696710,0.2780014648675,0.2916104435848,0.0985859996369,-0.1232805440285,-0.1659273009844,-0.4490631822851,-0.3408575689634,0.0923117200661,0.6566186709644,0.1908534439661,0.0148151301218,0.2555579589603,0.6241435951010,0.4699263889543
0.4829473863989,0.4158231841941,0.4142364796714,0.4677511543173,0.1204490128472,-0.0609863449367,0.1038018467599,0.5325390112937,0.0329653875006,0.0695026616798,0.2109061215175,0.3512733344497,0.0605397576538,-0.0293417473665,0.1838951050756,-0.0055695034266,0.3672070228687,0.5474968545450,0.2245806861521,0.5027914919335,0.2305498948749,0.6845341711899,0.6488807553806,0.6567667508066,0.4697902405921,0.2352287918922,0.3978571568179,0.3457315137701,0.6334545971050,0.3503356090598,1.0000000000000,-0.0571886991966,-0.0747555055767,0.3025558094745,0.4297233788234,0.1168206317982,0.1571418310737,-0.1868192447241,0.0838277918319,0.0969035505476,-0.2010243860384,-0.1515487111800,-0.0627784941304,-0.2845726420875,0.1192573327263,-0.0747891158973,-0.0291619225776,0.0511407948195,-0.3482155099825,-0.3620857889959,-0.0691461350532,0.3268474116915,0.1288408114464,-0.3097465260748,-0.0942026613009,0.0571537432978,0.0551291887957,0.3093361782143,0.0302776559319,0.3658094968755,-0.2587856165703,-0.2373825519969,-0.0096837750865,0.3560992965078,-0.0236249061186,0.1501319589038,-0.2275599230274,-0.0888563391207,0.0068016554618,0.2618126514422
0.0039604683585,0.0011293929150,-0.0754711691522,0.0007870528304,0.1093349031258,-0.0341127935702,0.0957433328304,0.1742350224642,0.0105054874130,0.1753092401500,0.0960495860446,0.2998206745130,0.1062393141725,0.5581402223019,0.1390596918849,0.0969565313311,-0.2160324559519,-0.0414384361024,0.0973886137926,0.1696602825869,0.1914613475878,-0.0603649915603,-0.0071133837272,-0.1368870615940,-0.0683085312437,0.0152633904682,0.1379220678054,-0.0062933949959,-0.1658306305144,0.0767035410770,-0.0571886991966,1.0000000000000,0.2753601105523,0.0850550216091,-0.0412021082220,0.0013493712594,-0.0496907128906,-0.1989386929449,-0.1233911978721,0.0500395897786,-0.0655789482646,0.0203314651209,-0.0721859996506,-0.0680175908750,0.0977991731011,0.0578038559159,-0.0020955666585,0.0706336332888,0.4798415019079,0.0331103141061,0.0753484935116,-0.2426565853943,-0.0560476537783,0.0208597283247,0.0052396259741,0.0919599346118,-0.1530444963004,-0.0653795876562,-0.2215792400750,-0.1258581040325,0.0198542525331,-0.0927543502803,-0.0975661238408,-0.1985790728206,-0.0019814778211,-0.2323334839172,0.4457138376674,0.2117252091917,0.0711806714951,-0.1657773627496
0.1262831810299,-0.0106597271887,-0.1945919584305,-0.1116029994940,0.1617950742843,0.5752150331697,0.4117159730114,-0.1349333970903,0.4161796572936,-0.0662096550140,0.2538094780955,0.1193618361927,0.2128056115837,0.4007568670856,0.3944393789149,0.4365316533671,-0.0176841487731,0.0620544088226,0.0877711887312,0.0308822338470,0.1467628578318,-0.0021566252932,-0.0177268898088,-0.0579749771187,-0.2333742246109,-0.1288634966271,-0.1723727361852,-0.2388574882493,-0.0966033415155,0.4091599256267,-0.0747555055767,0.2753601105523,1.0000000000000,0.3094380361632,0.0975429734942,0.2609754253387,-0.1398502448639,-0.1590910811726,-0.1894375693792,0.1509320866787,0.5712578541488,0.4886082097544,-0.1875082435852,0.3911484535995,-0.0820891342996,0.2975685728020,-0.0062637703351,0.1697206050546,0.3625219920644,0.3490233273878,0.4525496912702,-0.0889019031668,0.0693536783581,-0.0343863997471,0.0629279030573,0.1537564656595,0.0910005108551,-0.0116975216872,0.0117408519270,-0.1759056172699,-0.0946008275200,-0.3208336948650,-0.3118437050495,-0.0660344485956,0.3393588314578,0.0478228720158,0.3523380782973,0.7112578367476,0.2931865693023,0.1468252030360
0.5234803729857,0.3911153616476,-0.0673364515381,0.2089598188701,0.4286036013390,0.3494803402951,0.5086445829545,0.0369459348529,0.2504409301071,0.0616192680391,0.3914328356720,0.0679683165735,0.5390374177996,0.1170811736181,0.4532479126983,0.4781199207873,0.3110818375371,0.3517573602485,0.0273272692466,0.2018924588857,0.4775831546071,0.4003049707407,0.2810589469429,0.3059227022685,-0.1491137746042,0.0628004472433,-0.1550698182024,-0.0701315802972,0.1326356419369,0.7157504272722,0.3025558094745,0.0850550216091,0.3094380361632,1.0000000000000,0.3954750171880,0.6350316576379,0.3683533591942,-0.3855003295263,-0.1797149723576,0.4589653805779,0.2224291132246,0.3758126104501,-0.2681235037260,0.0724091108038,0.0299588569411,0.2869689120649,-0.1123573802119,0.4554354718648,-0.0135524448298,0.0738801292226,0.4238577332591,0.2636617434370,0.2747054375224,-0.3216642096090,-0.0855967112890,0.4374893564093,0.2599156041386,0.2083500136271,0.0442182984476,-0.1014459290901,-0.1145574054357,-0.4650430529119,-0.2429273925011,0.0435022263246,0.5838131401139,0.2316861997895,0.0022233545361,0.0739610504506,0.7111317951199,0.3443566279571
