1.0000000000000,0.3250247659951,0.1688987537015,0.4951959897847,0.4888251439263,0.1111100242696,0.5727790434779,0.6254694576045,0.3120703540186,0.5459265399708,0.5300357152221,0.4065213503378,0.5484057187874,0.1398291075843,0.7611395653553,0.5360672338390,0.3850739013515,0.6079495136343,0.2459276197990,0.5308165889751,0.4438525815777,0.4725359833515,0.4367062629467,0.3879111161313,0.5832212634819,0.2565635378144,0.2927204565014,-0.2961653275917,0.3183690512592,0.6127721707788,0.5239443697941,-0.0103481135623,0.0080737405914,0.6295596834604,0.6097158199343,0.3411423683306,0.2657730354419,-0.1341798309577,0.2815319748083,0.2670755166011,-0.2246558970427,0.1469728482299,0.0838238907856,-0.0664015992591,0.4841183890236,-0.1881210525703,0.0183283448374,0.2485891413227,0.1746216793814,-0.0166574541559,0.2717661092486,0.3304843245208,0.0810668941468,-0.2760922046857,-0.1236277370778,0.2640020308645,-0.2897438006892,0.3141116450280,-0.3372305574297,0.5221755862368,0.2060637932677,-0.2406860236501,-0.2104673655751,0.0890542120011,-0.0922589323990,-0.1792451648424,0.1440941795855,-0.1214983537222,-0.0119029031696,0.1068323702456
0.3250247659951,1.0000000000000,0.6032499289467,0.7866470249054,0.1720050652666,-0.1180308893301,0.0445713636236,0.5052192761158,-0.0605079334443,0.4907775476903,0.0285563116961,0.1393683214771,0.1730620001348,-0.1880518663566,0.1960574219091,0.1702469152066,0.2832864110647,0.7701403035494,0.1873145370991,0.6180084975572,0.2469996659325,0.5598183109077,0.7284536903979,0.5541633821805,0.3959986733155,0.4515768533590,0.8114504220713,0.2044695961693,0.3415960700555,0.4363833392921,0.7809136026372,-0.2255859021280,0.0579049685618,0.5469789778429,0.5829881782953,0.3253346250398,0.8809063177114,0.4099265891580,0.6622269227204,0.0614611140255,-0.4454488617627,-0.3828648027120,0.2326547720936,-0.3689604203510,0.3795950868276,-0.6519854470065,-0.1496243611038,-0.0393355722014,-0.2326095040462,-0.4376376233102,-0.1227686717142,0.4318458051576,0.5079472099331,-0.3602179655775,0.1384279405338,0.1042287830944,-0.1729116501868,0.6734802907196,0.0059842327022,0.4355254011643,0.3956135275764,0.4446820198439,0.2435385309374,0.1575957794460,-0.0486896543137,0.3387281749967,-0.0337192503136,-0.1667081418471,0.2307759336266,0.2683713773656
0.1688987537015,0.6032499289467,1.0000000000000,0.4540363073748,0.1838703495805,-0.2880653743394,-0.1285513811528,0.3968525264074,-0.1812491185466,0.3093376927158,-0.1544016759885,-0.0099377833389,0.0622108400130,-0.1928190925621,0.0167275565283,-0.0242954436293,0.5709093450509,0.4786878449808,0.0493919681094,0.3751908538960,0.2826562536695,0.6939259105496,0.6539402264174,0.7494769887738,0.4683871076739,0.1906711598680,0.5689335565364,0.4233262116153,0.5719177876951,0.0840183997333,0.5907311771733,-0.1592456368857,-0.1500301175396,0.1625853959327,0.1810230636571,0.1882873821079,0.5081151187440,0.7252431604434,0.3596305061564,0.1497088938318,-0.4657801911159,-0.3697312204402,0.2618621205694,-0.3379976474317,0.2022499759367,-0.5646289464652,-0.1311560076054,-0.0317484948310,-0.2168233744271,-0.3673468369203,-0.2164578825665,0.6786567740575,0.2292155138551,-0.2767450673060,-0.0115204026143,0.1766509603640,0.0332630799873,0.6394299665076,0.1459208428912,0.4762853946072,0.1951670598177,0.2425724136768,0.4254357373670,0.4053733943219,-0.2328500793389,0.2162290532475,-0.1514911304335,-0.2713444587090,-0.0310658147251,-0.0391832800166
0.4951959897847,0.7866470249054,0.4540363073748,1.0000000000000,0.2178057109381,-0.0530638293146,0.2334644016784,0.5030873483494,0.0999536327894,0.6930658581136,0.1855663333254,0.2559376776072,0.3132402591747,-0.1295855920063,0.3874320696826,0.3501481811983,0.2596605133264,0.8163267057280,0.2857127375825,0.7020429856262,0.3060177134357,0.4968212403449,0.7306308892195,0.4816352483349,0.3975990938398,0.5170483586612,0.6725770670403,0.0138806576404,0.2418264160981,0.5320516822129,0.7076479595919,-0.2204506402254,0.0360101880306,0.6818483266531,0.6906804221788,0.4521076965786,0.7711977386554,0.2947915348447,0.8302471470740,0.0636169864289,-0.4107091348181,-0.2530268909967,0.2121243317824,-0.2272591756015,0.6404296185837,-0.5945324141488,-0.0602149422639,0.0179093892991,-0.1188427948362,-0.3549473635406,0.0123221422637,0.3654040584882,0.5067115369635,-0.2876549618236,0.2003029443218,0.2115920865545,-0.2504905032447,0.6569155075232,-0.1122075282911,0.4869061034935,0.5098335832030,0.2952327322337,0.0827152959532,0.0309979276290,0.0003359588883,0.2129274540090,-0.0600658915197,-0.2431241797362,0.2420958428884,0.3781350333062
0.4888251439263,0.1720050652666,0.1838703495805,0.2178057109381,1.0000000000000,-0.0464578647141,0.2269882662544,0.4208223064784,-0.1206820770201,0.5301510789030,0.2854562077322,0.0746281535397,0.6493039387204,0.0786889196539,0.2750593412387,0.1716092246581,0.3750301868802,0.3487568488652,0.0829960511030,0.2824370072656,0.7060671668004,0.3863008076130,0.3378473695359,0.4122495908143,0.7260091556819,-0.0342700283331,0.1648315300597,-0.1764505261536,0.4857696552595,0.2221826711602,0.2764127161042,0.2190608653580,-0.1185418058035,0.2535820778477,0.2743510402142,0.1881126359463,0.1534879663197,-0.0775473020829,0.0497346364392,0.7850133310595,-0.2887277005666,-0.0501018229104,0.1568695477022,-0.2878682158336,0.4036987887821,0.0162038185082,-0.0662293586854,0.6261166300038,0.0806355682903,0.0088218366073,0.1241145939155,0.2615900543758,0.1674847082663,-0.2018465579158,0.0458355168920,0.6044515170720,0.0006465671815,0.2256477513670,-0.1503488683685,0.6045817434137,0.0131268027752,-0.0917555304147,-0.1615839881279,0.3740104032649,-0.0214161816514,-0.1602476242821,0.2167792139396,-0.1906431912522,-0.0809401027420,0.0712535559345
0.1111100242696,-0.1180308893301,-0.2880653743394,-0.0530638293146,-0.0464578647141,1.0000000000000,0.5452832252178,0.0424453363124,0.5161498395502,-0.0113573182568,0.4896393021685,0.2340596919442,0.1601874982476,0.2008007072812,0.2621537060478,0.5637714927091,-0.1164092955396,-0.0018322627678,0.0633088450236,0.0196615796120,-0.1470728251394,-0.1928346778035,-0.2309367729967,-0.2273389904487,-0.1609146993167,-0.0672225372700,-0.1616468765586,-0.3336793050762,-0.1824526105252,0.2158852188567,-0.0950141444923,-0.0956756608726,0.7060984336191,0.0944001361863,0.2245483836085,-0.2382254456104,-0.1846062575226,-0.3865791986551,-0.1145420515937,-0.1769774861173,0.7164614965029,0.6104261764287,-0.3453675663363,0.4887263592481,0.0134056642882,0.1754899850037,-0.0187955776027,-0.0359273138913,0.1164265998945,0.1407932974631,0.5500264048336,-0.2008050076465,-0.2809085075368,-0.0126124666987,-0.2681778063628,-0.1997778844134,-0.3594094591483,-0.2462445037055,-0.3840395491653,-0.1624359451103,-0.0803980134821,-0.2701602676053,-0.2884268437815,-0.2499760762242,-0.0566871536917,-0.3346969155725,-0.0156598872661,0.3433385256948,-0.1818173179641,0.0365689668127
0.5727790434779,0.0445713636236,-0.1285513811528,0.2334644016784,0.2269882662544,0.5452832252178,1.0000000000000,0.3307736287241,0.7726914600464,0.2511342222614,0.7356554206529,0.3407829065443,0.5947706054379,0.2276425660066,0.5823277202221,0.8217475366267,0.1287500451742,0.3095782120803,0.0795008378948,0.2622037493651,0.1171243254270,0.0328683483178,0.0220097122495,0.0193985950938,0.2513481563084,-0.0229387917013,-0.0530416579408,-0.4367771880316,-0.0078777724664,0.4070758295594,0.1348023348742,-0.0985789406839,0.4271729058943,0.4402052782500,0.3824994205136,-0.1095605307730,-0.0344861562023,-0.3875303355824,-0.0193234488969,-0.0605436687210,0.2333386702051,0.7128729803272,-0.3164996301974,0.4506761337142,0.2747789545670,0.1520299062280,-0.0922541724473,0.1707957353681,0.1119747160472,-0.0202787773031,0.6147519461715,0.0113743045385,-0.1291215692779,-0.2652488905771,-0.3054572688448,-0.0166314462933,-0.3929022993799,-0.1048977010233,-0.4590387655451,0.1463453875120,-0.0854169223210,-0.4239273635741,-0.3889755245448,-0.2114992277259,-0.1540338076024,-0.4228991523465,0.0976687138233,0.0287554400823,-0.1565995248133,-0.0156966952706
0.6254694576045,0.5052192761158,0.3968525264074,0.5030873483494,0.4208223064784,0.0424453363124,0.3307736287241,1.0000000000000,0.2834454480825,0.4796350456490,0.4775832892769,0.5007879860313,0.3003986687539,0.1442691325278,0.5649606911358,0.5090227083305,0.3825906072405,0.5700618817172,0.3112758476446,0.4645873944666,0.2131396886238,0.5245844893520,0.4954671938633,0.4374097502120,0.6624148886505,0.3713176365353,0.5748641461321,0.0844824285744,0.6473318358079,0.4791061729650,0.7065956715089,0.2145516394885,0.0201260265218,0.5523201231088,0.5186568538458,0.0549001620279,0.3690669591356,0.0004592929343,0.3967440959680,0.3005774826398,-0.3039788140639,-0.0820535025666,0.4029032521225,-0.0940769080796,0.5193763445946,-0.3948845067714,0.1399062028379,0.0345011896055,0.1523246509940,-0.2090319095321,0.2029782256410,0.4214263163991,-0.0144488672763,-0.1521858380658,-0.2063279170779,0.0566582086035,-0.4337517762138,0.3442343261567,-0.4351656038763,0.6605924032009,0.3277352591720,0.0635424380150,0.1055020136765,0.3874041954483,-0.2699475203825,-0.1356397501654,0.2589840977739,-0.1009409139974,-0.1153117435103,-0.0850794931630
0.3120703540186,-0.0605079334443,-0.1812491185466,0.0999536327894,-0.1206820770201,0.5161498395502,0.7726914600464,0.2834454480825,1.0000000000000,-0.0882789697011,0.6667294107823,0.4494932520543,0.1921637799185,0.3050710968295,0.4717446754461,0.7792992922015,-0.0377250599834,0.0856930556074,0.0468482992420,0.0564800221100,-0.3327186593781,-0.1091222176847,-0.1740338340010,-0.1406672962294,-0.0493840394789,0.0229363109367,-0.0738688221750,-0.1907418905186,-0.0349487341630,0.2558855302649,0.0767665722663,-0.0556077478841,0.4418790668713,0.3096515232671,0.1790429479703,-0.2990694311225,-0.1828253729329,-0.3592208557367,0.0045709030871,-0.3174189471402,0.3947681046438,0.7269808987611,-0.2498148352109,0.7060171122403,0.0521181228316,0.2229246099746,0.1099199032276,-0.2256585967506,0.1718472760096,-0.0134549805070,0.5816562218277,-0.0660574023400,-0.2992359286117,-0.0475775249148,-0.3403799726024,-0.3339455606715,-0.4104239803253,-0.2355387186399,-0.3974722035949,-0.0676419880792,-0.0572694689846,-0.3376265528883,-0.1564557734503,-0.2138092988638,-0.2661724606209,-0.3436774077138,0.0779706568682,0.1164025041660,-0.1847606580385,-0.1287639584167
0.5459265399708,0.4907775476903,0.3093376927158,0.6930658581136,0.5301510789030,-0.0113573182568,0.2511342222614,0.4796350456490,-0.0882789697011,1.0000000000000,0.2173221961675,0.1488097568865,0.5013080351475,0.0366157722871,0.4552698339799,0.3194316600520,0.2885151851447,0.6133396669338,0.2429302721155,0.5092867995317,0.6051836038480,0.3960170409063,0.5655897757419,0.4129524391856,0.6295653722672,0.3001325509958,0.3755245629905,-0.1909835473125,0.2287888611123,0.4776583068573,0.4144347444750,-0.0157229390420,-0.0260053814536,0.4593032542382,0.5258253386172,0.4048230356180,0.5209386596459,0.0941821011346,0.4429147941641,0.3402049873662,-0.3720675984679,-0.1836369692647,0.1400553663572,-0.3166051813449,0.7801800720381,-0.3952526582981,-0.1216029188592,0.3841329661224,0.0446211457608,-0.0512771990326,0.1139213311266,0.2475256971913,0.3453143066163,-0.3034960233091,0.0913918700666,0.4321028151218,-0.2018700492994,0.4588029470319,-0.2487705034458,0.6118049543032,0.3488281941765,-0.0047755948305,-0.1524699365660,0.0392051277627,0.1061801729910,-0.1013411594920,0.0466252512360,-0.2321923712339,0.0094406848676,0.2370693649514
0.5300357152221,0.0285563116961,-0.1544016759885,0.1855663333254,0.2854562077322,0.4896393021685,0.7356554206529,0.4775832892769,0.6667294107823,0.2173221961675,1.0000000000000,0.4397991737080,0.4350023571195,0.3190646393969,0.5717240888980,0.7250547431024,0.0491457773701,0.2072979260664,0.1414160524435,0.1980797335859,0.0473561584562,0.0619868936410,-0.0029365021153,0.0102666613040,0.2334958331124,0.0024256043807,0.0381401133048,-0.2549668533526,0.1541696732001,0.4813945834479,0.2186484456412,0.0171002761774,0.2801480631382,0.4681347478231,0.3793897900038,-0.2171459128312,-0.0320886678183,-0.4434982045448,0.0309622374020,0.1182784768076,0.2409492353658,0.5093522029313,-0.1349477707948,0.3230464640212,0.2878051416064,0.1839026240939,-0.0235715884937,0.0794674137586,0.2228751577212,-0.0653879900429,0.5500392363829,-0.0392668869288,-0.2686038120324,-0.1610525652094,-0.4003517486240,-0.0452502383939,-0.4908869867418,-0.1035888225258,-0.5796787986871,0.1725084082850,-0.0506014107127,-0.2980370205626,-0.2547041671063,-0.0564955825394,-0.2006090850362,-0.3990898255516,0.2196627671599,0.0573866748799,-0.2135435226023,-0.1513912645208
0.4065213503378,0.1393683214771,-0.0099377833389,0.2559376776072,0.0746281535397,0.2340596919442,0.3407829065443,0.5007879860313,0.4494932520543,0.1488097568865,0.4397991737080,1.0000000000000,0.1238588210463,0.6231480190674,0.5032796780813,0.5137494922879,-0.0272322820207,0.2289180838165,0.6180846266884,0.2877400770931,-0.0520899050326,0.0369474332181,0.0015397944897,0.0096927741467,0.0748983762300,0.3999641794803,0.3336834492421,0.0315087565630,0.1211719877747,0.5301181897880,0.2618389972078,0.2221088134591,0.1388158290705,0.4371464590955,0.4554269490789,0.0304668351903,-0.0150667679082,-0.2671543033148,0.2657043766113,-0.0600616367110,0.0394725463290,0.1754646706917,0.0340687511848,0.2956005846821,0.2072354406171,-0.0763036078094,0.7384160678944,-0.1064885381774,0.6389256784359,0.0030618063601,0.3556920768123,0.0124593179764,-0.1845988398590,0.4136102915969,-0.0999104315384,-0.0642476883294,-0.5091364921863,-0.0371465937480,-0.4059970763739,0.0909624273026,0.2782984729724,0.0744679985554,0.0497227096838,-0.0581446414088,0.0249414747867,-0.2925624887588,0.3946010475022,-0.1365515230219,-0.0531800238354,0.1020531369965
0.5484057187874,0.1730620001348,0.0622108400130,0.3132402591747,0.6493039387204,0.1601874982476,0.5947706054379,0.3003986687539,0.1921637799185,0.5013080351475,0.4350023571195,0.1238588210463,1.0000000000000,0.1575680669682,0.4729072467383,0.4963471583804,0.2096755555876,0.4062417016202,0.1088966534693,0.3241293419740,0.6903044683101,0.2353808342007,0.2448486069953,0.2198968208236,0.4570846728693,-0.0421472052263,0.1038662479109,-0.3512233631460,0.1786738687841,0.4048657375476,0.1982646637791,0.0184246564647,0.1337410049546,0.4073729872370,0.4118304407491,0.2594828983797,0.1537202961336,-0.1476635135527,0.0830043974934,0.4349855750626,-0.1572814813628,0.2457399111253,-0.0841923222360,-0.0947850160548,0.4670653564769,0.0779206756263,-0.1143647791329,0.7188036500534,0.1080823359422,0.0812740513784,0.4597221393143,0.1356178773962,0.2443378719218,-0.2636231367374,0.0479013386570,0.6053073102660,-0.1638183139528,0.1588064911179,-0.2415792000083,0.3674034552075,-0.0341834056666,-0.1525565135774,-0.3311604376380,0.0270198856098,0.1419256961509,-0.2249406786176,0.2245814570962,-0.1875790775534,-0.0119001594308,0.2325155585397
0.1398291075843,-0.1880518663566,-0.1928190925621,-0.1295855920063,0.0786889196539,0.2008007072812,0.2276425660066,0.1442691325278,0.3050710968295,0.0366157722871,0.3190646393969,0.6231480190674,0.1575680669682,1.0000000000000,0.2834120303978,0.3590640997268,-0.2141693554307,-0.1424444052120,0.2813231405133,-0.1354310634925,-0.1106114643631,-0.1963306437234,-0.2950285396707,-0.1889398724354,-0.0351846953609,0.0879991017965,0.0147679236930,-0.1305502008041,-0.0743563323475,0.2386698590439,-0.1854943460501,0.2913469037520,0.0494448015777,0.0564999777790,0.0577712047291,-0.1850712118275,-0.3211660996529,-0.4472381390529,-0.2009556501742,-0.0829313189028,0.1649022926827,0.3066386257525,-0.1832769241936,0.2410756129876,0.0128721453939,0.2644176662412,0.5480242352977,-0.0203236630581,0.8574782197767,0.2795639217432,0.4351739704078,-0.2628963221554,-0.1961477389481,0.4243148867245,-0.0510969285372,-0.1182345734187,-0.3555492100247,-0.3239401610761,-0.3810757692092,-0.1140190018442,-0.0166309720640,-0.0901093768654,-0.1819722026614,-0.1942476694072,0.1350132736452,-0.4781524185125,0.5978057864156,-0.2165420373674,-0.1806968631606,-0.0019126765010
0.7611395653553,0.1960574219091,0.0167275565283,0.3874320696826,0.2750593412387,0.2621537060478,0.5823277202221,0.5649606911358,0.4717446754461,0.4552698339799,0.5717240888980,0.5032796780813,0.4729072467383,0.2834120303978,1.0000000000000,0.6564905846581,0.2372172752344,0.4505528184597,0.3446443726239,0.3648434446138,0.2897702476376,0.3380459888436,0.2924899300332,0.2116742855823,0.3871335735855,0.2319235431928,0.1787635181336,-0.2628063287206,0.2357151406109,0.6974970649580,0.4082369881520,0.0556761322108,0.2634977567514,0.5443321710798,0.5245550610428,0.2687230252365,0.1357479604419,-0.2303334794342,0.2657364349692,0.1211840365995,-0.0204341507485,0.2330134758622,0.1234375342717,0.1561971482464,0.4703582820949,-0.0677053169361,0.2123167321745,0.1884641026452,0.3217477370310,0.2672567087418,0.5140520382331,0.1934208632688,-0.0537376531753,-0.0643673140576,-0.1804217804012,0.1457179513666,-0.3506142526490,0.2131267296270,-0.4430888278855,0.3982096895935,0.1691610338372,-0.2615875289037,-0.2142274551573,0.0477015255053,0.0852549038923,-0.1895488207795,0.1486894349570,0.0833608776874,-0.0492366525241,0.1117982395484
0.5360672338390,0.1702469152066,-0.0242954436293,0.3501481811983,0.1716092246581,0.5637714927091,0.8217475366267,0.5090227083305,0.7792992922015,0.3194316600520,0.7250547431024,0.5137494922879,0.4963471583804,0.3590640997268,0.6564905846581,1.0000000000000,0.0748844077084,0.3402420932779,0.1772231277424,0.2494162145441,-0.0107124120770,0.0704687198429,0.0931516856904,0.0459210834259,0.2276561953409,0.0868137497813,0.1448514343087,-0.2714280973553,0.0777133950891,0.5438592459522,0.2492985268757,-0.0288572045663,0.4582457948366,0.5232868729104,0.4539090024938,-0.1139117569557,0.0570948663097,-0.3204382124237,0.1139745679880,-0.1435579372414,0.2143291637609,0.5704039342241,-0.1769819115044,0.4116546857150,0.4162297319321,0.0119886633390,0.0738956374681,0.0164657755943,0.2281183974798,0.0100638024775,0.7512430429915,0.0144452219904,-0.1156661496483,-0.1640518170886,-0.3009020156287,-0.1307262829427,-0.5348672381337,-0.0336826524607,-0.5188621148843,0.1924215345100,0.0198201494220,-0.2517165751705,-0.2295002223349,-0.1452734020473,-0.0925758964294,-0.4315811547965,0.2034622711863,0.0295455496262,-0.1806565945385,0.0267434705695
0.3850739013515,0.2832864110647,0.5709093450509,0.2596605133264,0.3750301868802,-0.1164092955396,0.1287500451742,0.3825906072405,-0.0377250599834,0.2885151851447,0.0491457773701,-0.0272322820207,0.2096755555876,-0.2141693554307,0.2372172752344,0.0748844077084,1.0000000000000,0.4089622482772,0.0134666825162,0.3795130835052,0.4061554030743,0.7708467296640,0.6456150536280,0.7118132783218,0.6536222305250,0.0729058660200,0.1873285201069,-0.0598787333829,0.5998286332021,0.1331150588061,0.4565285734425,-0.0880460716927,-0.1313007842461,0.2250295683371,0.2013751614673,0.1977717714800,0.2525607414000,0.3420418803202,0.1605934763479,0.2920736452609,-0.2875246416528,-0.0827335432469,0.2550021820894,-0.1415183085693,0.2040738415754,-0.3326908290556,-0.1866093200564,0.1302156645253,-0.1519354171605,-0.1131529216514,-0.0554838663472,0.8953783756632,0.0271053580017,-0.2777984122191,-0.1004092079384,0.2342356167381,0.2304875162259,0.5743901281354,0.0724019940761,0.6488681188701,0.1147795520522,-0.1680074318117,0.0136380129555,0.4868276848716,-0.1663866147916,0.1212397521257,-0.2110389326925,-0.1227467638928,-0.0226526586143,-0.0275895240880
0.6079495136343,0.7701403035494,0.4786878449808,0.8163267057280,0.3487568488652,-0.0018322627678,0.3095782120803,0.5700618817172,0.0856930556074,0.6133396669338,0.2072979260664,0.2289180838165,0.4062417016202,-0.1424444052120,0.4505528184597,0.3402420932779,0.4089622482772,1.0000000000000,0.3594115057886,0.8864120896311,0.4330090790233,0.6192705882059,0.6974629697616,0.5994572545222,0.5052434300103,0.5330944246107,0.6897308338496,-0.1143547543324,0.3657100412924,0.5101319598167,0.7663193608320,-0.1822136745079,0.0948076838843,0.6647488299673,0.8123402893416,0.4214202911673,0.6620350272382,0.2506893480501,0.6774195766897,0.1443343424483,-0.4384880387446,-0.2067322979130,0.1625804186200,-0.2618149862731,0.5063946172730,-0.5747581757081,-0.1188174854446,0.1289655491587,-0.0959144066965,-0.3656910751169,0.0430847951176,0.4714991219368,0.5341758130515,-0.3317669111027,0.2480534500882,0.2575075905257,-0.2076324501327,0.6248143538568,-0.1129647286311,0.5225526114353,0.4865111551294,0.2243185738513,-0.0096874887970,0.1271650668902,-0.1040574779631,0.2056256656099,-0.0190794847985,-0.1780558364448,0.2305085974273,0.4113242109523
0.2459276197990,0.1873145370991,0.0493919681094,0.2857127375825,0.0829960511030,0.0633088450236,0.0795008378948,0.3112758476446,0.0468482992420,0.2429302721155,0.1414160524435,0.6180846266884,0.1088966534693,0.2813231405133,0.3446443726239,0.1772231277424,0.0134666825162,0.3594115057886,1.0000000000000,0.5589558662057,0.1349320404823,0.0418520420388,0.1303797500285,0.0737811298676,0.0429935402406,0.5136276551082,0.3481703486972,0.0548018993558,0.0810205826656,0.4407680329570,0.2357924355053,0.1568885145715,0.1236862894591,0.3128537263601,0.5425763876398,0.1914851676589,0.1585849828647,-0.0101217708718,0.3528154346329,0.0379779563544,-0.1310752860434,-0.1407413888878,0.0995446296664,-0.0178519256238,0.2573348866956,-0.2386834809102,0.4827243048007,0.0478635241857,0.4221891411802,-0.0185153035056,0.0838046923433,0.0229056772802,0.1403163980880,0.4741801077804,0.2987787972170,0.0935746772680,-0.3037094053369,0.1302852879122,-0.1824884209428,0.0627853744278,0.4563331533501,0.2579523138864,0.0807083903853,-0.0099319509427,0.1799872318348,-0.0742143724641,0.1659465816957,-0.0900500194843,0.1343920327888,0.3827113637840
0.5308165889751,0.6180084975572,0.3751908538960,0.7020429856262,0.2824370072656,0.0196615796120,0.2622037493651,0.4645873944666,0.0564800221100,0.5092867995317,0.1980797335859,0.2877400770931,0.3241293419740,-0.1354310634925,0.3648434446138,0.2494162145441,0.3795130835052,0.8864120896311,0.5589558662057,1.0000000000000,0.3815855902423,0.4812385958964,0.5724848078494,0.4820887220007,0.3757649519908,0.6141115333849,0.5785109322943,-0.1081366872442,0.2820223909024,0.4509830132101,0.6456878757587,-0.1621802359754,0.0658922539403,0.6221371841938,0.8067325811889,0.3799580864796,0.5544097904335,0.1993470013124,0.6256983951808,0.1155257925453,-0.3647084924785,-0.2009286515261,0.1121608874691,-0.2133229597911,0.4170014399098,-0.5229064939647,-0.0590493902640,0.0902046357457,-0.0412686797423,-0.3857596082522,-0.0317283336497,0.4066393150412,0.4737240090426,-0.1671244765462,0.3602591591393,0.2332932535065,-0.2213562424076,0.5240084364657,-0.1077700567897,0.3738786008376,0.5746529480504,0.2143102513441,-0.0223371379529,0.0736297831510,-0.1010247617986,0.1403869781830,-0.0576989483211,-0.1721849315449,0.2964672036102,0.4734269327999
0.4438525815777,0.2469996659325,0.2826562536695,0.3060177134357,0.7060671668004,-0.1470728251394,0.1171243254270,0.2131396886238,-0.3327186593781,0.6051836038480,0.0473561584562,-0.0520899050326,0.6903044683101,-0.1106114643631,0.2897702476376,-0.0107124120770,0.4061554030743,0.4330090790233,0.1349320404823,0.3815855902423,1.0000000000000,0.4253547252319,0.4246041582693,0.4178200135887,0.5749886689258,0.0279646960348,0.1737201049189,-0.2053350463779,0.3270397739070,0.2709103783288,0.2516401777116,-0.0217172456720,-0.1299298879160,0.2060082910686,0.3196538237435,0.5079197112677,0.2805175953589,0.1597851213923,0.1823831313033,0.6742250711454,-0.3944092084805,-0.2076415538290,0.1478919638371,-0.3812987602242,0.4421012686540,-0.1426782865252,-0.1041646137485,0.7929122852725,-0.0288480667356,0.1037988062706,0.0146688128329,0.3475987611371,0.3025211838072,-0.2252482622897,0.1524980033714,0.8775801901595,0.0983587614389,0.4143529422653,-0.0190816147907,0.5307986246772,0.0940972235192,-0.0327158611376,-0.1823630083204,0.2585098726312,0.2018069625288,0.0483256787512,-0.0022046677745,-0.1575811856080,0.0656089662245,0.2390558664883
0.4725359833515,0.5598183109077,0.6939259105496,0.4968212403449,0.3863008076130,-0.1928346778035,0.0328683483178,0.5245844893520,-0.1091222176847,0.3960170409063,0.0619868936410,0.0369474332181,0.2353808342007,-0.1963306437234,0.3380459888436,0.0704687198429,0.7708467296640,0.6192705882059,0.0418520420388,0.4812385958964,0.4253547252319,1.0000000000000,0.7718792450725,0.8703953377673,0.6566730547944,0.2431296767078,0.4934021302586,0.1094850285414,0.7343677822356,0.3292869355972,0.7609076229673,-0.0434722421606,-0.1334604142192,0.3998525950525,0.4098589196085,0.3569998468368,0.4705982864927,0.4069282109003,0.4397147326306,0.3466629860957,-0.3986669557843,-0.2975151247748,0.3961181756011,-0.3407007536607,0.3224048018465,-0.4481475807684,-0.1426834490748,0.1236761764752,-0.1258654161314,-0.1807073711106,-0.1081139571416,0.8485757362973,0.2000611566721,-0.3396638244179,-0.0008993190134,0.3001411025212,0.2136904624633,0.7324050410437,0.0983459180114,0.7086812300032,0.2491440209919,0.0515788473612,0.1492033104835,0.5677321875769,-0.0998390130407,0.3315010121770,-0.0891321404356,-0.1139452360959,0.0940050874320,0.1102905794328
0.4367062629467,0.7284536903979,0.6539402264174,0.7306308892195,0.3378473695359,-0.2309367729967,0.0220097122495,0.4954671938633,-0.1740338340010,0.5655897757419,-0.0029365021153,0.0015397944897,0.2448486069953,-0.2950285396707,0.2924899300332,0.0931516856904,0.6456150536280,0.6974629697616,0.1303797500285,0.5724848078494,0.4246041582693,0.7718792450725,1.0000000000000,0.7476197734868,0.6343141433991,0.2937570940600,0.5625094862473,0.0749877202556,0.5089217558795,0.4198654338408,0.7397859589604,-0.1554420523138,-0.1306702164664,0.5079174607319,0.4599107268395,0.4443253459419,0.7521576574943,0.5114928213476,0.6051644690696,0.2751578681827,-0.4699238799818,-0.3823107834697,0.4072799855249,-0.4079789628015,0.4996014944460,-0.5971169296183,-0.2043001066775,0.1031953548642,-0.2258486615322,-0.2312884968051,-0.1316560858973,0.7158755978066,0.3866338831386,-0.3629924664872,0.0827267181758,0.2766832647196,0.1005223739818,0.9169419259308,0.1178980953034,0.7180237646541,0.3577261634145,0.2202826964735,0.1411616871883,0.3931399899250,0.0635410990248,0.3818378852827,-0.1888216411719,-0.1836745897072,0.2430925598465,0.2293959878623
0.3879111161313,0.5541633821805,0.7494769887738,0.4816352483349,0.4122495908143,-0.2273389904487,0.0193985950938,0.4374097502120,-0.1406672962294,0.4129524391856,0.0102666613040,0.0096927741467,0.2198968208236,-0.1889398724354,0.2116742855823,0.0459210834259,0.7118132783218,0.5994572545222,0.0737811298676,0.4820887220007,0.4178200135887,0.8703953377673,0.7476197734868,1.0000000000000,0.6190574001073,0.1823499500444,0.5103233134029,0.2401711496106,0.6660488672687,0.2218767347836,0.6231344315277,-0.0046153950503,-0.1796598302938,0.3013874683093,0.3313626337708,0.1992636275180,0.4468377437790,0.4723195615509,0.3675222111240,0.2841668052886,-0.4534150097633,-0.3174647657382,0.2026160030612,-0.3631788232358,0.2611902436813,-0.4855137216706,-0.1848564140771,0.1209459708233,-0.1444640437799,-0.2740654734189,-0.1507129437048,0.7561638662348,0.2090705672612,-0.3041354019697,0.0160262465958,0.2839187930391,0.2596487568601,0.6832533433046,0.2782369643458,0.5955118232891,0.2025529791602,0.0781435620692,0.2731741969708,0.4816891796729,-0.1597562219069,0.1874889417432,-0.0665325207167,-0.1855590685887,-0.0148483485609,0.0382319749773
0.5832212634819,0.3959986733155,0.4683871076739,0.3975990938398,0.7260091556819,-0.1609146993167,0.2513481563084,0.6624148886505,-0.0493840394789,0.6295653722672,0.2334958331124,0.0748983762300,0.4570846728693,-0.0351846953609,0.3871335735855,0.2276561953409,0.6536222305250,0.5052434300103,0.0429935402406,0.3757649519908,0.5749886689258,0.6566730547944,0.6343141433991,0.6190574001073,1.0000000000000,0.0999328016136,0.3315422049229,-0.0981200231092,0.7128795055489,0.2926411118570,0.5253301264360,0.1551197233035,-0.1727033029545,0.3338311162370,0.3104716628161,0.2176191425906,0.3602957114663,0.1233418495468,0.1891832440771,0.5920802043834,-0.4311304988789,-0.1249290518319,0.3940900263129,-0.3022883080161,0.5308428424886,-0.2842906260435,-0.1525607291128,0.3922696465208,-0.0123884426626,-0.0878190098041,0.0540639244335,0.5750737141150,0.1510133003760,-0.3772320418835,-0.1102295110225,0.3810956893340,-0.0027340768613,0.4869342830677,-0.2055271508259,0.8836499628341,0.1248744206511,-0.0908232687618,-0.0996659212351,0.5447063156290,-0.1196798997688,-0.0365531197775,0.1245520377890,-0.1759263635208,-0.0977136652759,-0.0347131581405
0.2565635378144,0.4515768533590,0.1906711598680,0.5170483586612,-0.0342700283331,-0.0672225372700,-0.0229387917013,0.3713176365353,0.0229363109367,0.3001325509958,0.0024256043807,0.3999641794803,-0.0421472052263,0.0879991017965,0.2319235431928,0.0868137497813,0.0729058660200,0.5330944246107,0.5136276551082,0.6141115333849,0.0279646960348,0.2431296767078,0.2937570940600,0.1823499500444,0.0999328016136,1.0000000000000,0.5329201110792,0.1336067486846,0.1592935867251,0.2467546018194,0.4528847932713,0.1169085078764,-0.0512602092090,0.3652085630752,0.5987725534045,0.3681260738261,0.3865064317472,0.0600707543766,0.6514477473690,-0.0124132588817,-0.2436126439510,-0.2608003277549,0.2844545401787,-0.1027251684300,0.3303370012573,-0.3608345825305,0.2764257215681,-0.1484969866386,0.2123128491359,-0.2279508021309,-0.0912865179466,0.1955021943168,0.3364358192304,0.1649198301590,0.4205957498739,0.0347684343371,-0.1982597908554,0.2841869168172,-0.0960026653525,0.2048159061197,0.8684383490734,0.3686645300919,0.1382343489581,0.0658817102397,-0.0790262447784,0.1800980045291,0.0540124567184,-0.0938935545510,0.3276362137074,0.5224878187771
0.2927204565014,0.8114504220713,0.5689335565364,0.6725770670403,0.1648315300597,-0.1616468765586,-0.0530416579408,0.5748641461321,-0.0738688221750,0.3755245629905,0.0381401133048,0.3336834492421,0.1038662479109,0.0147679236930,0.1787635181336,0.1448514343087,0.1873285201069,0.6897308338496,0.3481703486972,0.5785109322943,0.1737201049189,0.4934021302586,0.5625094862473,0.5103233134029,0.3315422049229,0.5329201110792,1.0000000000000,0.4132781441718,0.4140866519172,0.3710374194266,0.7111019761239,0.0392670994276,-0.0776894560406,0.4701507839820,0.5421702202885,0.2233172738801,0.6714542344465,0.3781477936487,0.6479267697540,0.0567478086366,-0.4575003968276,-0.4537219606622,0.2955926310536,-0.3578142523149,0.3542677134792,-0.6337431614996,0.0918630062617,-0.0962462420332,0.0364989619155,-0.4240700871253,-0.1203373922276,0.3558879818094,0.4107585149098,-0.1080762879382,0.2043524244572,0.0795913813744,-0.2121160016148,0.5071360546851,-0.0209546538344,0.3757153741558,0.4704200367949,0.6290594981537,0.4544884254366,0.2135713542446,-0.1281606484107,0.2345190590108,0.2126045632184,-0.2293391735514,0.1191957741899,0.2123194830513
-0.2961653275917,0.2044695961693,0.4233262116153,0.0138806576404,-0.1764505261536,-0.3336793050762,-0.4367771880316,0.0844824285744,-0.1907418905186,-0.1909835473125,-0.2549668533526,0.0315087565630,-0.3512233631460,-0.1305502008041,-0.2628063287206,-0.2714280973553,-0.0598787333829,-0.1143547543324,0.0548018993558,-0.1081366872442,-0.2053350463779,0.1094850285414,0.0749877202556,0.2401711496106,-0.0981200231092,0.1336067486846,0.4132781441718,1.0000000000000,0.2529909320377,-0.1816170741009,0.1395925591994,0.1759167277529,-0.2094156304194,-0.1239564169060,-0.1848697347298,-0.1384942863338,0.1639021557643,0.5126796803793,0.2243584774207,-0.0233094229164,-0.1695203504159,-0.4018777635611,0.2688569117722,-0.1553357658301,-0.0955887346453,-0.2337453254949,0.1512312894070,-0.2550333334825,-0.0938927949935,-0.2280792673370,-0.3183563700992,0.1555262754962,-0.0636358294013,0.1800146993296,0.0181028237466,-0.0864546511512,0.1671367991699,0.1116952554603,0.3734135472971,-0.0178582196078,0.1595669298792,0.5106647852178,0.9080328895189,0.3199556206825,-0.1837315898676,0.1709217487591,-0.0329950529578,0.0148260149902,-0.0238642490575,-0.2013556347271
0.3183690512592,0.3415960700555,0.5719177876951,0.2418264160981,0.4857696552595,-0.1824526105252,-0.0078777724664,0.6473318358079,-0.0349487341630,0.2287888611123,0.1541696732001,0.1211719877747,0.1786738687841,-0.0743563323475,0.2357151406109,0.0777133950891,0.5998286332021,0.3657100412924,0.0810205826656,0.2820223909024,0.3270397739070,0.7343677822356,0.5089217558795,0.6660488672687,0.7128795055489,0.1592935867251,0.4140866519172,0.2529909320377,1.0000000000000,0.1170759684799,0.6084532868748,0.2479690151093,-0.1936933014398,0.1497826195134,0.1637497344418,0.1066130772380,0.2324631573343,0.2635517553208,0.2543285480039,0.5280539280659,-0.3154354853384,-0.2309323173737,0.5609155539116,-0.2264294540858,0.2603905409631,-0.2509826829846,0.0187022989222,0.1482472938269,-0.0101745570957,-0.1556305986503,-0.0262975972510,0.6715676174909,0.0192194717088,-0.1411737110336,-0.0634988847850,0.2678362918907,0.0588544912859,0.4571758829410,-0.0844909391782,0.7021262505177,0.1545618013239,0.1098449316869,0.1844644665427,0.8737649176904,-0.2449191985721,0.1734362817127,0.0991661376626,-0.0190781054013,-0.1224034371055,-0.0739383610339
0.6127721707788,0.4363833392921,0.0840183997333,0.5320516822129,0.2221826711602,0.2158852188567,0.4070758295594,0.4791061729650,0.2558855302649,0.4776583068573,0.4813945834479,0.5301181897880,0.4048657375476,0.2386698590439,0.6974970649580,0.5438592459522,0.1331150588061,0.5101319598167,0.4407680329570,0.4509830132101,0.2709103783288,0.3292869355972,0.4198654338408,0.2218767347836,0.2926411118570,0.2467546018194,0.3710374194266,-0.1816170741009,0.1170759684799,1.0000000000000,0.5093061544265,-0.0997775865248,0.2598960275177,0.7677756123449,0.6449327696625,0.2945400939314,0.3856698459560,-0.0974021354311,0.3933392012107,0.0823775308999,-0.0982048085784,-0.0125813821671,0.0988664168219,-0.0899012565807,0.4953671511207,-0.2455836866346,0.1860529315512,0.1343520574146,0.2446196999780,0.0093360134683,0.3274309931328,0.1479666396668,0.1100456426760,-0.0780850634923,-0.1087305793729,0.1278797207782,-0.3793500144969,0.3716662204604,-0.3355478874177,0.3185473157809,0.1987951448950,0.0338436906484,-0.1271114089447,-0.0488388416429,0.3997867487648,-0.0385184410378,0.1827688935226,-0.0615629040035,0.2429152226148,0.2619727275834
0.5239443697941,0.7809136026372,0.5907311771733,0.7076479595919,0.2764127161042,-0.0950141444923,0.1348023348742,0.7065956715089,0.0767665722663,0.4144347444750,0.2186484456412,0.2618389972078,0.1982646637791,-0.1854943460501,0.4082369881520,0.2492985268757,0.4565285734425,0.7663193608320,0.2357924355053,0.6456878757587,0.2516401777116,0.7609076229673,0.7397859589604,0.6231344315277,0.5253301264360,0.4528847932713,0.7111019761239,0.1395925591994,0.6084532868748,0.5093061544265,1.0000000000000,-0.1382867189991,0.0321476952036,0.6444716611576,0.6426642628755,0.3310738904319,0.6698124209169,0.3244561287731,0.6586089633527,0.2225918324930,-0.4048623265564,-0.3262904446129,0.4359726325373,-0.2907823035669,0.3951343725970,-0.5543158813945,-0.0539859223274,-0.0251780275968,-0.1610189397018,-0.4031409479289,-0.0901812744028,0.5977225774819,0.2744832292244,-0.3106893150054,0.0044131912532,0.1237113123298,-0.1883089031385,0.6827544742042,-0.1284576105687,0.6076246965150,0.3886507579442,0.2721408509669,0.1800546608880,0.3989174850562,-0.1619982343442,0.3738776181556,-0.0618931267137,-0.1192289297518,0.2124224930571,0.1918281890904
-0.0103481135623,-0.2255859021280,-0.1592456368857,-0.2204506402254,0.2190608653580,-0.0956756608726,-0.0985789406839,0.2145516394885,-0.0556077478841,-0.0157229390420,0.0171002761774,0.2221088134591,0.0184246564647,0.2913469037520,0.0556761322108,-0.0288572045663,-0.0880460716927,-0.1822136745079,0.1568885145715,-0.1621802359754,-0.0217172456720,-0.0434722421606,-0.1554420523138,-0.0046153950503,0.1551197233035,0.1169085078764,0.0392670994276,0.1759167277529,0.2479690151093,-0.0997775865248,-0.1382867189991,1.0000000000000,-0.2143057590593,-0.1250753044364,-0.1133002743932,-0.1017922770395,-0.2190168253655,-0.2075371549428,-0.1313026647384,0.2691470574107,-0.0355389237814,-0.0176163641990,0.1862205005352,-0.0069219774584,0.1042903744875,0.2597950816462,0.3450293345138,0.1200989183072,0.4068336069439,0.2648210929046,0.0718626152240,-0.0944166487531,-0.0816853282611,0.3199262121133,0.1645592399273,0.0380683426618,0.0469210392054,-0.2248784387099,-0.0436940066446,0.1084117663700,0.1222010984727,0.1329586160436,0.1205727764480,0.3018462326850,0.1003439726258,-0.1291422269877,0.5227081801269,0.0214121913092,-0.1227550529990,0.0209850659641
0.0080737405914,0.0579049685618,-0.1500301175396,0.0360101880306,-0.1185418058035,0.7060984336191,0.4271729058943,0.0201260265218,0.4418790668713,-0.0260053814536,0.2801480631382,0.1388158290705,0.1337410049546,0.0494448015777,0.2634977567514,0.4582457948366,-0.1313007842461,0.0948076838843,0.1236862894591,0.0658922539403,-0.1299298879160,-0.1334604142192,-0.1306702164664,-0.1796598302938,-0.1727033029545,-0.0512602092090,-0.0776894560406,-0.2094156304194,-0.1936933014398,0.2598960275177,0.0321476952036,-0.2143057590593,1.0000000000000,0.0800387394114,0.2303154609111,-0.1183769061316,-0.0199740344259,-0.2262854906750,-0.0214941366174,-0.1969521115989,0.4921557491811,0.4566275819559,-0.2511586501218,0.4235357447406,0.0260183034997,0.0294583506145,-0.0056846878461,-0.0034861537913,0.0094255601267,0.1368486417322,0.4769004863414,-0.1592716993391,-0.0695202399522,-0.0481189302727,-0.1734921356457,-0.1733293060353,-0.2887361175811,-0.1433471881979,-0.2646960068276,-0.1433393043673,-0.0822793388305,-0.1319740652459,-0.1749322917928,-0.2133208951552,0.0586513675672,-0.1190679785289,-0.1491206509756,0.4159982237650,-0.0802512909249,0.0786964883902
0.6295596834604,0.5469789778429,0.1625853959327,0.6818483266531,0.2535820778477,0.0944001361863,0.4402052782500,0.5523201231088,0.3096515232671,0.4593032542382,0.4681347478231,0.4371464590955,0.4073729872370,0.0564999777790,0.5443321710798,0.5232868729104,0.2250295683371,0.6647488299673,0.3128537263601,0.6221371841938,0.2060082910686,0.3998525950525,0.5079174607319,0.3013874683093,0.3338311162370,0.3652085630752,0.4701507839820,-0.1239564169060,0.1497826195134,0.7677756123449,0.6444716611576,-0.1250753044364,0.0800387394114,1.0000000000000,0.7619608610023,0.2952250688865,0.4973504636434,-0.0030880424401,0.5525787477256,0.0461438818520,-0.2230321892910,-0.0374264783073,0.1302171507316,-0.1057835021903,0.5013025706898,-0.3366652144489,0.0235188765622,0.0302074985182,0.0256810426526,-0.2819422272050,0.1826216079918,0.2631886449320,0.2427460092434,-0.2256636466476,0.0305439966357,0.0868913600412,-0.3613464407211,0.4203946566403,-0.2572857912175,0.3685887838330,0.3428598048762,0.1017111929598,-0.0376267900211,-0.0567042251922,0.0957284807682,0.0325807766682,0.0978046014702,-0.2150624551807,0.4247914495126,0.3274459162697
0.6097158199343,0.5829881782953,0.1810230636571,0.6906804221788,0.2743510402142,0.2245483836085,0.3824994205136,0.5186568538458,0.1790429479703,0.5258253386172,0.3793897900038,0.4554269490789,0.4118304407491,0.0577712047291,0.5245550610428,0.4539090024938,0.2013751614673,0.8123402893416,0.5425763876398,0.8067325811889,0.3196538237435,0.4098589196085,0.4599107268395,0.3313626337708,0.3104716628161,0.5987725534045,0.5421702202885,-0.1848697347298,0.1637497344418,0.6449327696625,0.6426642628755,-0.1133002743932,0.2303154609111,0.7619608610023,1.0000000000000,0.4222137429475,0.5029750169439,-0.0146986376726,0.6259880379936,0.0929962366373,-0.1970836998483,-0.0618682567515,0.1026050231820,-0.1174853528926,0.5143794646575,-0.3927693044809,0.0942654052502,0.1295307742448,0.1206243773752,-0.2412340773481,0.2156839973295,0.2307065223056,0.3840067846085,-0.1164479440273,0.2421210516330,0.1921802203418,-0.3417376464940,0.4002610032826,-0.2519905377502,0.3581055616032,0.5239478252749,0.1792740185352,-0.0919000417051,-0.0483713066405,0.0181385420819,0.0686510783806,0.0865387565745,-0.0950690347561,0.2912957018893,0.5558880935257
