1.0000000000000,0.0457755707870,-0.2460016813216,-0.0239632272641,0.2298978685639,0.0824485118219,0.4258423156089,0.2258229693799,0.0983413248716,0.2473321874323,0.0677894108129,-0.0080946872144,0.2247501452463,0.1278615735824,0.2478284264454,0.1411156072645,-0.0686445400834,0.1840243974592,-0.0682338330653,0.2201135885510,0.3261279842484,-0.0705922828874,0.2550912871846,-0.1121417759365,0.2651046831408,0.0828563746964,-0.0281173690436,-0.3105177596781,0.0008608199684,0.5230556654849,0.0998174458609,-0.0285922722203,-0.0564962076122,-0.1515504608544,0.1928298462112,0.2232309130801,-0.0525532378921,-0.3896233971824,0.1685264892274,0.1728640091912,0.1476896282369,0.1327509346825,0.0814628619325,-0.0147512094103,0.1582672847990,-0.1400433892483,-0.0753289868356,0.2577010040595,0.1199200601387,-0.0496756581320,0.1147498787511,0.0745705621464,0.2127697273770,-0.1360642978112,0.3236365506047,0.2442450387043,-0.0858137543689,0.0579353356212,-0.2427460942669,0.2703788353431,-0.0122064637793,-0.1888215849493,-0.3939909981259,-0.0492210833705,0.0968342230773,0.1105207572299,0.1323295259651,-0.0419586018515,0.0121292798462,-0.0084488082897
0.0457755707870,1.0000000000000,0.2756313442696,0.5397247644547,0.0878040548798,-0.0414001866680,-0.0422356852639,0.0956425616672,0.0908086156375,0.0455405725628,0.0451954115048,0.3472790406618,0.0553577290297,0.0426867117291,0.0200192901900,0.1043970223903,0.1788386705256,0.3850795179493,0.2314097653150,0.3358819087118,0.1665835506267,0.2407188244603,0.5074262207098,0.4332533078075,0.3077639628583,0.2494874813267,0.3904170604401,0.3234135405445,0.2308620526083,-0.0054626952872,0.3666874300981,-0.1917357423811,-0.1797882827100,0.2561751183136,0.3761959585469,0.0969732608215,0.6949283687882,0.0119582718577,0.3396361969448,0.0758144313918,-0.2743255108880,-0.2698796759166,-0.0980139792646,-0.2981728218773,-0.0359337972121,0.0544867012258,-0.0631947061681,-0.0473380872308,-0.1439560348819,-0.3641463695102,-0.2459904158046,0.2009361782359,0.5035869401086,-0.1477937427493,-0.0036777966141,0.1541440246535,0.0536252580136,0.4970691321879,0.2414129557342,0.1875180130764,0.0204938429138,-0.0094391409505,0.0426768251153,0.1209623737183,-0.1052854199088,0.2767390857825,-0.0687486834212,-0.1691319531708,0.0696668942930,0.2075255535394
-0.2460016813216,0.2756313442696,1.0000000000000,0.3334829753481,-0.0348551397334,-0.0245849562440,-0.2916548244553,0.2649335718073,0.0284945764442,0.0118390436033,-0.0130295640385,0.3009324055825,-0.0363030280498,0.0384055286753,0.0713004297449,0.1174463018026,0.2343304348057,0.3501930998838,0.3867268529970,0.2352515184992,0.0464517767056,0.2697206040713,0.2054298721983,0.5792307424596,0.0402002550347,0.0871765450495,0.5082507455013,0.7771002544378,0.1657898325491,-0.2167906383360,0.1980787851429,-0.0542114204974,0.0206443097922,0.3779782481118,0.0663919787387,-0.1926139950882,0.0209954337233,0.3194909568544,0.1351363922622,-0.0938095404532,-0.2237237375244,-0.3148170830286,0.0451315408388,-0.1487866398728,0.0073709503746,0.1299141220813,-0.0988449562821,-0.1486153568154,-0.1729111293290,-0.1122504041268,-0.1277522105660,0.2087889755111,0.1166634788968,-0.0464655636551,-0.2344862666761,-0.0123034287274,0.0129927493665,-0.0085827388940,0.1386183280710,-0.0252985317311,-0.0234343456834,-0.0217937900979,0.3428237797340,0.0605249278370,-0.3145787568019,-0.0768511658891,-0.2148965485950,-0.0931943912030,-0.0283782818766,-0.1880082569632
-0.0239632272641,0.5397247644547,0.3334829753481,1.0000000000000,0.1964203476899,0.0465990717882,0.0227199525173,0.1243241538394,0.3193792952505,0.1563691384074,0.2165241582150,0.3790517730895,0.2381311102281,0.1692089945901,0.2487361215167,0.2866127334882,0.1754295461598,0.3689515877890,0.4763987149553,0.4963641090867,0.3616425373568,0.1961737617315,0.4470239931362,0.3668645116624,0.3801712454618,0.2340259679502,0.3503559905948,0.1899677819616,0.3202969446741,0.0549780708244,0.3257831345526,-0.1812092516430,-0.1587043205036,0.3754367483561,0.4355355734353,-0.0143475805791,0.3881866290242,0.0981557995003,0.5755675061215,0.1507021055698,-0.3351091321785,-0.3446316271684,0.0906219375611,-0.3399631688452,0.1255063579579,0.2309714740392,-0.2252010996550,0.0858334625601,-0.1323246888351,-0.2662174724093,-0.2430377406605,0.1388191521428,0.2654465436043,0.0455416480383,-0.0161195088684,0.2665621892942,0.0459993710314,0.3759234109507,0.2442202315017,0.2557415760899,-0.0703226237201,-0.0562335260623,-0.0225231989284,0.2551057207084,-0.2533785812288,0.3237126604202,-0.2446054891283,-0.3428455204185,0.2003200885478,0.0452495942397
0.2298978685639,0.0878040548798,-0.0348551397334,0.1964203476899,1.0000000000000,0.2296368983905,0.2112237317695,0.4495086423359,0.4079343293390,0.4340165773606,0.7114138611387,0.0203012181485,0.8022036309874,0.3867895738879,0.4306910247668,0.4950307049868,0.2327135504042,0.4545253811906,0.3241519493357,0.2102774653358,0.7551420045254,0.5832096488167,0.2462980741391,0.3682611903044,0.7314393271076,0.2855269710081,0.1465587737442,-0.1247799292425,0.7696812036212,0.3136254344284,0.5925824842831,0.0648252519764,0.0044546517093,0.5136754587906,0.2498941274744,-0.1522115767961,0.1229897776618,-0.4937578209648,-0.1339896106349,0.8249795343456,-0.2684517795697,-0.3495646056093,0.3977041408538,-0.2925548968053,0.3396094208933,0.6373060628198,-0.4130367606090,0.7261573594208,0.0483994397786,-0.0582012045745,-0.3309798684736,0.0699610814786,-0.1597615243648,-0.0562413901449,-0.1978235213457,0.7797194537835,0.2291830781998,0.0715635171106,0.0215239343836,0.6810800749384,-0.2339148117693,-0.5111599648807,-0.3314474122086,0.6809237179449,-0.2865548201864,0.3663373089515,-0.1138685177613,-0.3034312451718,0.2084457909181,-0.2377312654633
0.0824485118219,-0.0414001866680,-0.0245849562440,0.0465990717882,0.2296368983905,1.0000000000000,0.4808930689012,0.0044501045584,0.4812715467891,0.1038009222645,0.2542943845883,-0.0243460795871,0.3751143298892,0.1889201951171,0.2219091361309,0.6386127717322,0.1652292117070,0.2061573259588,0.2065105220322,0.0372581042181,0.1818165728263,0.1749399659883,0.0122889230431,0.1262725183037,0.1537242899511,-0.0674766733874,0.1394221550482,-0.0471016306824,0.1138481179175,0.0655447393145,0.1315269059730,0.1882386249603,0.3096811829355,0.2354741649078,0.2381982483822,-0.0652201496712,-0.1256435977959,-0.1510305710183,-0.0931341092449,0.1730944301032,0.3579766598206,0.0845081917354,-0.0586959304094,0.1931250412203,0.0843220965989,0.2852309078392,-0.2697781548726,0.3154941274076,0.0191743091875,0.0865527155872,0.3140973955289,0.0595304491644,-0.1307212387818,0.0076390882381,-0.2379363501718,0.1781959915366,0.0342267111766,-0.0625297397909,-0.0433038858007,0.1633397379325,-0.2567126712335,-0.0655633777062,-0.1268771666559,0.1601952733713,-0.0683533765210,0.0030133318915,0.0079768919147,0.0111618288764,0.2457353155564,0.0708926249791
0.4258423156089,-0.0422356852639,-0.2916548244553,0.0227199525173,0.2112237317695,0.4808930689012,1.0000000000000,0.0482499886993,0.5047053413865,0.1961065872147,0.2851357781943,-0.0042989671054,0.4721101368263,0.1516754473911,0.1659531304958,0.4701659571791,0.0786383019628,-0.0461975794403,0.0519289224110,0.0676986711845,0.2787153334952,0.0390400782497,0.1468170775503,-0.1083678962805,0.1811431074214,0.0559210931078,-0.0968706536328,-0.3001129529387,-0.0374600873740,0.3064000419484,0.0993595157744,0.1123981140818,0.0669251886733,0.0160862812756,0.2668409611987,-0.0128052909370,-0.1752504661770,-0.3690782866073,0.1318874080368,0.2316669741307,0.2335023952312,0.4114127077532,-0.2364622794557,0.1378487160659,0.1490826782661,0.1363785542696,-0.2652132269364,0.5466109450507,0.1585685526130,-0.2951089825614,0.2417435812033,0.1439917036049,-0.0490407112799,-0.4168492602439,-0.1849307315576,0.2408972129642,-0.0647422442647,-0.0407321174468,-0.2310552329870,0.1631647285814,-0.2291490041331,-0.2556620676138,-0.4691481724692,-0.0452817607407,0.0130289083238,-0.0822795462201,0.1123795681269,0.0190349444429,0.1127717577672,0.0531753880619
0.2258229693799,0.0956425616672,0.2649335718073,0.1243241538394,0.4495086423359,0.0044501045584,0.0482499886993,1.0000000000000,0.1609270861216,0.3272632367862,0.3969888216528,0.0348046479401,0.3440842957386,0.1691779341826,0.3210210864797,0.3741348690818,0.1040279241588,0.3629814340661,0.2553149258790,0.2359219991985,0.3523967802224,0.4186520845732,0.2451615594048,0.2596469450212,0.5388465613110,0.1943239013880,0.1143359607522,0.1205065845072,0.4899492650599,0.1077802844368,0.5462013250896,0.0841323660014,-0.2223904771754,0.2545218315169,-0.0560572930828,-0.0437933583642,-0.0672831650727,-0.3680713189032,-0.1090699469704,0.2976582336623,-0.2159006259479,-0.3475071388499,0.5144132973223,-0.2560011792860,0.2933660559193,0.3333477944811,-0.2145529254935,0.2591362854465,-0.0445465435644,0.0710462318324,-0.2041967151710,0.0425528259348,-0.0316402073549,-0.0529630237316,-0.1038813582030,0.4045382423009,-0.0497593558778,-0.1025643054919,-0.2234699045686,0.4743215084642,-0.1398230287271,-0.3527641825491,-0.1698681583006,0.4593671389934,-0.1994727714113,0.0311552570942,0.0599029536729,-0.0842404286350,-0.0424389845464,-0.2312430934614
0.0983413248716,0.0908086156375,0.0284945764442,0.3193792952505,0.4079343293390,0.4812715467891,0.5047053413865,0.1609270861216,1.0000000000000,0.0864968688492,0.7106328039548,0.3095373209157,0.5150386306218,0.3055692449794,0.6284224495830,0.5682676441784,0.2023720683320,0.4067419366201,0.5412348181423,0.4505476371449,0.4310951413445,0.3090450649261,0.1284784991801,0.3005613956486,0.3377718369937,0.0538809947366,0.3812152181995,-0.0494807732268,0.4549154605923,0.2563753158210,0.3803620421426,-0.1043305406061,0.0808698009512,0.3536454312700,0.3922148363041,-0.2908221928061,-0.0513285886110,-0.2223624277226,0.0031887342668,0.2132231978657,-0.1882290741906,-0.2548110118063,0.1276438156261,-0.1219034664159,0.0525130897649,0.5208764838928,-0.5277455816044,0.3979612161876,-0.1434281436556,-0.2845417964520,-0.2027770211556,0.0442300080746,-0.0931760248971,-0.0577916138713,-0.2522466588260,0.3928936751074,0.0777957427129,-0.0424540286373,0.0503781788768,0.2796472065262,-0.4429478190843,-0.2830732213201,-0.2884119659979,0.4237778793391,-0.5487719562008,0.2789508503936,-0.2401468779768,-0.4381378352381,0.1405685515834,-0.3298236488829
0.2473321874323,0.0455405725628,0.0118390436033,0.1563691384074,0.4340165773606,0.1038009222645,0.1961065872147,0.3272632367862,0.0864968688492,1.0000000000000,0.1037827313708,-0.0793790383833,0.3423894530006,0.4154068078477,0.0664065081435,0.4505768072307,-0.0556259114498,0.2443926821002,-0.0038341116174,0.0649114127185,0.2829421060012,0.0423503324541,0.1542445816210,0.0037136615542,0.5216543765279,0.2974089600439,0.0038410367206,-0.0035004931744,0.1695434388935,-0.0258345554145,0.1484834348811,0.0382478537556,-0.0446454145432,0.0281046460286,0.0125726546008,-0.2027169133661,0.0246860066202,-0.1987160739069,-0.0502709977654,0.3568159456779,-0.0037420119309,0.0391341366147,0.2849822578310,-0.0748726211633,0.8677371244180,0.0131578858652,-0.1192562072348,0.3504341007270,0.4133046479270,-0.0627668842720,0.0656149603993,-0.0239151334045,0.0239154623277,-0.1727849518517,-0.0157205549961,0.2832759845614,-0.1143558235479,-0.0434652653613,-0.2913077086495,0.4725737729479,0.1285823226470,-0.1782023866867,-0.1529879345998,0.0004902392900,-0.1301835911798,-0.0716209939880,-0.0202693805675,-0.0371703265946,-0.1919509899287,-0.0436175906498
0.0677894108129,0.0451954115048,-0.0130295640385,0.2165241582150,0.7114138611387,0.2542943845883,0.2851357781943,0.3969888216528,0.7106328039548,0.1037827313708,1.0000000000000,0.0795991735385,0.6440057806021,0.3996740449199,0.6049184120896,0.4501969697235,0.2611218426573,0.4262925325248,0.3666231975230,0.2398774274334,0.5933973077399,0.5240524747206,0.1438922014097,0.3737381226814,0.5216328037171,0.2177111090652,0.2314657983656,-0.0371544787082,0.7391055665913,0.3429441109873,0.5905963059768,-0.0247140285496,-0.0705724234677,0.4515019003239,0.2599348817149,-0.2411635572110,0.0748481188517,-0.3870765248566,-0.0838356183960,0.5316367496570,-0.2435904850334,-0.3601602185834,0.2849366006542,-0.1861878805723,0.0827197716184,0.7466120197978,-0.4290213101156,0.5594992065029,-0.0853706820239,-0.1340206184628,-0.3194751239964,0.0522651223785,-0.2532420395122,-0.0158530391940,-0.1796802141711,0.6559883293102,0.1231366988475,0.0000846917582,0.0665034223700,0.4819419998933,-0.3166348249143,-0.4376288414808,-0.2405372557407,0.6662892704004,-0.4713055157557,0.3523725993995,-0.2454484878863,-0.4160203068303,0.1656015891850,-0.3239502389681
-0.0080946872144,0.3472790406618,0.3009324055825,0.3790517730895,0.0203012181485,-0.0243460795871,-0.0042989671054,0.0348046479401,0.3095373209157,-0.0793790383833,0.0795991735385,1.0000000000000,0.1092074458933,0.2922117544016,0.4940573861926,0.2101658091394,-0.0105087697969,0.1903223610067,0.7512832246964,0.5577349790159,0.2645917280082,0.2263158140311,0.3055003857844,0.3254620501523,0.0888769113805,0.1545888794006,0.4129604577183,0.1891502720194,0.2262503689739,0.2399649468031,0.1748001798575,0.0782939505702,0.2413948521425,0.3031647120331,0.2676691965382,-0.0921754823473,0.0534486592427,-0.0710826586698,0.1721083768926,-0.1312113874710,-0.3861496955445,-0.5124258249495,-0.0262076145640,-0.5454607258992,-0.1939333667648,0.1777740561612,-0.1993800524113,-0.0906222067232,0.0272912675425,-0.2677259722992,-0.3382526831126,-0.0161353024746,0.0668674903557,0.1466757807716,-0.2281647996633,0.0985724997298,0.1955963586969,0.1697010500950,0.1079240448137,-0.0576122594908,-0.1086913731883,-0.2511026077168,-0.1440943007886,0.2131236761357,-0.3099455280781,0.2999824716478,-0.2495530465865,-0.4068818658452,0.1552414933103,-0.3353013029069
0.2247501452463,0.0553577290297,-0.0363030280498,0.2381311102281,0.8022036309874,0.3751143298892,0.4721101368263,0.3440842957386,0.5150386306218,0.3423894530006,0.6440057806021,0.1092074458933,1.0000000000000,0.3164631030772,0.4936234428670,0.6031934572797,0.2267684469044,0.4932282309973,0.4328024128813,0.3712468923493,0.7994092377542,0.5283518684681,0.1819483953851,0.3877819556881,0.4965935502583,0.2271440596856,0.1238118330942,-0.1757643741471,0.5866847596464,0.3409165367852,0.5244209560357,0.0879403881702,0.0907190543899,0.5663154901918,0.3501007444018,-0.1806884213836,0.0063717253486,-0.4719553639965,-0.0396849750261,0.6098589144899,-0.2054525639813,-0.2503616190666,0.1509545619334,-0.3129833851758,0.2590341114107,0.6202768936663,-0.5000632693872,0.8932586338695,-0.0119439226915,-0.1167938816079,-0.2938861862345,0.0681653010466,-0.1098676178193,-0.0845760850045,-0.2572142540633,0.7709331086682,0.2005356685830,-0.0516798782194,0.0164062287167,0.3789930998141,-0.3458221891998,-0.5156558335434,-0.4075077216724,0.5182927670162,-0.2432111325506,0.2340154227443,-0.0697076438716,-0.2464453421394,0.2724409434709,-0.1573084104265
0.1278615735824,0.0426867117291,0.0384055286753,0.1692089945901,0.3867895738879,0.1889201951171,0.1516754473911,0.1691779341826,0.3055692449794,0.4154068078477,0.3996740449199,0.2922117544016,0.3164631030772,1.0000000000000,0.4180012360914,0.4196086905773,0.1435340008424,0.2072319245114,0.2890059747890,0.1646079992073,0.3226455079064,0.2756284179602,0.1415947095378,0.2307357865985,0.3740353732279,0.5593670516068,0.1876803923942,0.1314694010680,0.3690735439299,0.2777989919085,0.2524475201638,0.3296826232247,0.1012635186084,0.2152163738108,0.1745201192799,-0.2647993762392,0.0236153778852,-0.2407379396548,0.0503446367999,0.2118850354002,0.0350848744715,-0.1569048086966,0.1110864584324,-0.1649896065244,0.3110441238013,0.1873759130310,-0.0783892351648,0.2421574218562,0.6180580848757,0.0152557379827,-0.1057429564705,0.0635998756240,-0.1863849625343,0.1293413558389,0.0383676196967,0.2864209755190,0.1349862211588,0.0174604121521,0.0330458802219,0.3246461133979,0.1825038743826,-0.3030534285666,-0.0485581010607,0.2326370034178,-0.2606374112921,0.1678289130203,-0.2436379220675,-0.2553370366293,0.0393541322966,-0.1708411485699
0.2478284264454,0.0200192901900,0.0713004297449,0.2487361215167,0.4306910247668,0.2219091361309,0.1659531304958,0.3210210864797,0.6284224495830,0.0664065081435,0.6049184120896,0.4940573861926,0.4936234428670,0.4180012360914,1.0000000000000,0.3894632284755,0.1409334916200,0.4517896085875,0.6389396691761,0.5527502118243,0.5367031671743,0.3714470050016,0.2118711082272,0.3097045604571,0.3220893805760,0.2075016607404,0.2776853793356,-0.0091462060047,0.4964378256630,0.5053515337503,0.3312043754686,0.0675605562364,0.1730576645328,0.3954002555958,0.2711948431345,-0.2672116747592,-0.1398339887062,-0.3064942815888,-0.0186521967465,0.1187893339639,-0.2749725178730,-0.5645139111338,0.3098495974047,-0.4529544872663,-0.0215541740802,0.4125267525169,-0.4054654969580,0.3353280926389,0.0205891024626,0.0190043114630,-0.3792727425784,-0.0191068740505,-0.2120344312968,0.2742327915658,-0.0667622952592,0.4435291940633,0.1726301713847,-0.0266896347014,0.0716505016148,0.2059974411854,-0.2473118179842,-0.4502921814326,-0.2033353924650,0.4929629395446,-0.4833055288973,0.3638892738490,-0.1661237247700,-0.5088892623381,0.1974976239557,-0.4917477943242
0.1411156072645,0.1043970223903,0.1174463018026,0.2866127334882,0.4950307049868,0.6386127717322,0.4701659571791,0.3741348690818,0.5682676441784,0.4505768072307,0.4501969697235,0.2101658091394,0.6031934572797,0.4196086905773,0.3894632284755,1.0000000000000,0.1728015910702,0.4046820755103,0.4381478597021,0.2595945046152,0.4547884547252,0.3516303429889,0.1610310493888,0.3128570259341,0.5054395414371,0.2194463836964,0.1913566183540,0.0448116060242,0.4122470886549,0.1418822372590,0.4082865861775,0.1781962263294,0.1459405537345,0.4323162503749,0.3113671529432,-0.2180509123382,-0.0709103529266,-0.3125772021539,-0.0285780626782,0.3253673300689,0.0023885696013,-0.1458008896249,0.1220703764558,-0.1179890497433,0.3800935175994,0.4496662646982,-0.4127570260772,0.4862653549151,0.0661891111496,-0.0979023216240,0.1137668076283,0.0535812735947,-0.0919710110538,-0.1562991414523,-0.3519932302239,0.4226416453698,0.0399962812080,-0.1000721819013,-0.1321355146072,0.4345698267609,-0.2925014829645,-0.3731117030472,-0.2989632466089,0.3576688039678,-0.2789351046304,0.0745695393836,-0.1182343095288,-0.1766475424641,0.1761797774184,-0.0682433545592
-0.0686445400834,0.1788386705256,0.2343304348057,0.1754295461598,0.2327135504042,0.1652292117070,0.0786383019628,0.1040279241588,0.2023720683320,-0.0556259114498,0.2611218426573,-0.0105087697969,0.2267684469044,0.1435340008424,0.1409334916200,0.1728015910702,1.0000000000000,0.2175855712869,0.2225964445342,0.0218433982504,0.0979236687164,0.6618946661739,0.4642481759953,0.6790521908492,0.2110111069063,0.0883335013292,0.1555846236925,0.2636487658786,0.3394135688838,0.2107613418100,0.4744512165351,0.0983365572999,-0.0483391164620,0.5555332913092,0.3406745398038,-0.0261388547036,-0.0487274731223,-0.0600134635383,0.0431789995349,0.2915912059087,-0.1197640747645,-0.1728478855312,-0.1462102262961,-0.2126098054831,-0.0884405573943,0.2127007996667,-0.3212415826920,0.1835942884549,-0.0267953278244,-0.1321552656989,-0.0613087941346,0.8755874724684,0.0203166839544,-0.1550709747375,-0.2405647202367,0.0954798728213,0.6074955184158,0.4108963372120,0.5400006544315,0.3011366594649,-0.1660074712887,-0.1909055804218,0.0305843935153,0.3245957748680,0.0433811969478,0.2911655284599,-0.0473211226217,-0.1032784931496,0.4642451589938,0.0605888610739
0.1840243974592,0.3850795179493,0.3501930998838,0.3689515877890,0.4545253811906,0.2061573259588,-0.0461975794403,0.3629814340661,0.4067419366201,0.2443926821002,0.4262925325248,0.1903223610067,0.4932282309973,0.2072319245114,0.4517896085875,0.4046820755103,0.2175855712869,1.0000000000000,0.4392618094900,0.6083860047748,0.4529937736717,0.4181508031691,0.1877239812115,0.6357421839787,0.3402326907621,0.1954554852559,0.5128481550010,0.1933702807695,0.5541136994578,0.2243148303830,0.6081333244979,-0.0853927358933,0.0288897428583,0.4886290883709,0.4633716510910,-0.3451274514545,0.2642165396204,-0.1917733922653,-0.0044870317119,0.1763757527598,-0.3165383360618,-0.5191547128195,0.2205579114971,-0.3997460742724,0.1780997385849,0.2808618480985,-0.4911739503991,0.2715727438670,-0.2692607451326,-0.1865348773737,-0.3580147199907,0.0684486305575,0.2748194121853,0.0374159235380,0.0513661464471,0.3812335566823,0.1108454604548,-0.0017658601200,0.1094605842302,0.2427790306313,-0.2304955487748,-0.2685731586674,-0.1003309836180,0.3756632326910,-0.5095729480030,0.3045471974276,-0.1948563703751,-0.3875386755384,0.0193770300794,-0.1718422224813
-0.0682338330653,0.2314097653150,0.3867268529970,0.4763987149553,0.3241519493357,0.2065105220322,0.0519289224110,0.2553149258790,0.5412348181423,-0.0038341116174,0.3666231975230,0.7512832246964,0.4328024128813,0.2890059747890,0.6389396691761,0.4381478597021,0.2225964445342,0.4392618094900,1.0000000000000,0.6149484838202,0.4283904533260,0.4889765245754,0.3409007871869,0.5055963078751,0.2460060458580,0.0827832867959,0.4485073929106,0.2060580953826,0.4871784679103,0.1676038482957,0.3880028906235,0.1032069294409,0.1328245857697,0.5876774868766,0.2930332714218,-0.2133403888114,-0.0704862186027,-0.1270970141337,0.0635013398574,0.0976980512283,-0.4286527494606,-0.6261027329193,0.1094770388948,-0.5435672932276,-0.0850639664320,0.5310054716144,-0.4926562192461,0.1948220992763,-0.1114240532131,-0.1948271601236,-0.4024990740543,0.1036522045266,-0.0764131123636,0.1926081126162,-0.3906643150715,0.2984820242338,0.2941989087842,0.1029044496003,0.1937292306751,0.1075874772129,-0.3661032956368,-0.3767360223172,-0.1509142372566,0.5002320499020,-0.4467116363237,0.3161999474993,-0.2856957654471,-0.4518432483323,0.2760854638503,-0.3963780830345
0.2201135885510,0.3358819087118,0.2352515184992,0.4963641090867,0.2102774653358,0.0372581042181,0.0676986711845,0.2359219991985,0.4505476371449,0.0649114127185,0.2398774274334,0.5577349790159,0.3712468923493,0.1646079992073,0.5527502118243,0.2595945046152,0.0218433982504,0.6083860047748,0.6149484838202,1.0000000000000,0.5162956589704,0.2043602194424,0.1936743351024,0.4056427591351,0.1763334311050,0.2419588366950,0.4823532445560,0.0756338824775,0.3407911274051,0.3852138128357,0.2960635851959,-0.1070681133936,0.1397459196057,0.4178366810099,0.5475144064634,-0.3055713274305,0.0887436539371,-0.1635337978397,0.3213390888542,-0.0779566700174,-0.3922936787767,-0.5282674511151,0.0955891450475,-0.5737146253642,-0.0017529365782,0.1565536813438,-0.4715702468700,0.1545952078012,-0.2423023216110,-0.3775758076632,-0.3964653913943,-0.0195186280566,0.2140670307641,0.0947636137769,0.1176364460534,0.3398164204781,0.0967207401658,-0.0415898741631,0.0816658078673,-0.0248514897224,-0.1507935640002,-0.3230034952399,-0.2378279951128,0.2444282059873,-0.4337411562850,0.2683708085770,-0.1483326904020,-0.4554416429870,0.1757771151930,-0.2430512293778
0.3261279842484,0.1665835506267,0.0464517767056,0.3616425373568,0.7551420045254,0.1818165728263,0.2787153334952,0.3523967802224,0.4310951413445,0.2829421060012,0.5933973077399,0.2645917280082,0.7994092377542,0.3226455079064,0.5367031671743,0.4547884547252,0.0979236687164,0.4529937736717,0.4283904533260,0.5162956589704,1.0000000000000,0.4063824786003,0.2389081708793,0.3567367103605,0.5336785447585,0.2825756015558,0.1975449045412,-0.1491929893961,0.6266873007665,0.4549686703275,0.4668991914477,-0.0283217639704,0.0700418972878,0.4797887581321,0.3735495699257,-0.1381865219753,0.1200468135687,-0.3640799257623,0.2042010181926,0.5406840761679,-0.3011976206102,-0.3989143254115,0.2714974530019,-0.4312410341947,0.2208596256239,0.5157891982321,-0.3758111233852,0.6882363370035,-0.0627720792153,-0.1366933003395,-0.3241694778201,-0.0065702489773,-0.0118280229601,0.0080419424028,-0.1117597836976,0.9077911338405,0.1454830364079,0.0278636675575,0.0504565158474,0.4065555921471,-0.2143418473667,-0.4786850065689,-0.3631433308574,0.5327942342616,-0.3080676928445,0.3027782102761,-0.1682301207082,-0.3666777508659,0.2856429127593,-0.2535986780202
-0.0705922828874,0.2407188244603,0.2697206040713,0.1961737617315,0.5832096488167,0.1749399659883,0.0390400782497,0.4186520845732,0.3090450649261,0.0423503324541,0.5240524747206,0.2263158140311,0.5283518684681,0.2756284179602,0.3714470050016,0.3516303429889,0.6618946661739,0.4181508031691,0.4889765245754,0.2043602194424,0.4063824786003,1.0000000000000,0.4795068852051,0.7661788781537,0.4471144670675,0.1447683328717,0.2659497574694,0.1917353455360,0.7428250914160,0.2862523789657,0.7723021768572,0.2419125115719,-0.0291477951637,0.7188723172253,0.2931473352081,-0.0860367884891,0.0437476275124,-0.3697375235226,-0.1554966331718,0.5233951884807,-0.3208897804334,-0.4374666865408,0.0484863754651,-0.3971008632788,-0.0477661460174,0.5437651435959,-0.3793783540777,0.4169457866018,-0.0924038238036,-0.0890518090848,-0.3451066675268,0.4409501576486,-0.1171840062075,-0.0275113823048,-0.3272053518760,0.4516714618121,0.6029421363593,0.3126917721789,0.3590459288890,0.4048132256227,-0.3006527118406,-0.5108671292262,-0.1240093664575,0.6476499566205,-0.0996479820036,0.3930095686211,-0.0533220754794,-0.2810707062009,0.4050470061042,-0.1455190329729
0.2550912871846,0.5074262207098,0.2054298721983,0.4470239931362,0.2462980741391,0.0122889230431,0.1468170775503,0.2451615594048,0.1284784991801,0.1542445816210,0.1438922014097,0.3055003857844,0.1819483953851,0.1415947095378,0.2118711082272,0.1610310493888,0.4642481759953,0.1877239812115,0.3409007871869,0.1936743351024,0.2389081708793,0.4795068852051,1.0000000000000,0.4334163726714,0.4596204583929,0.1597739046404,0.1518255000717,0.1629155665829,0.3389494617176,0.2608239126543,0.4880502466903,-0.0030962175553,-0.2890308512747,0.3886075167021,0.2830933713681,0.2198980714389,0.2237142538306,-0.1625113605202,0.2736427296521,0.2843534682140,-0.2981000533056,-0.2649732355997,0.0302458197767,-0.3637016693331,0.0440915538603,0.1634849681017,-0.1606138064181,0.1258495269110,0.0422135349806,-0.2280413445657,-0.1699887966156,0.4776152282895,0.2066085673353,-0.1219227123212,-0.1248140655968,0.2103954477258,0.2997170813981,0.7626311880832,0.2479401871486,0.4462450213881,-0.0491092676017,-0.2535536414287,-0.0778127075448,0.2890182611276,0.0468141397640,0.4108771340766,-0.0541306682077,-0.2569255211972,0.3478471852462,0.0245015872352
-0.1121417759365,0.4332533078075,0.5792307424596,0.3668645116624,0.3682611903044,0.1262725183037,-0.1083678962805,0.2596469450212,0.3005613956486,0.0037136615542,0.3737381226814,0.3254620501523,0.3877819556881,0.2307357865985,0.3097045604571,0.3128570259341,0.6790521908492,0.6357421839787,0.5055963078751,0.4056427591351,0.3567367103605,0.7661788781537,0.4334163726714,1.0000000000000,0.2935480948753,0.2548798995206,0.4656424667822,0.4513462640104,0.6206052484632,0.2217097415197,0.7171818966799,0.0417411357442,0.0654608231052,0.7665240459459,0.5120564185223,-0.2035008045653,0.1805117591380,-0.1224250101067,0.0906840701084,0.2396740384385,-0.3708159272170,-0.5204512954803,-0.0271034566846,-0.4729674263264,-0.0566196824765,0.3486396010045,-0.4356524447280,0.2060862441366,-0.2077673526062,-0.2810311996005,-0.3566789083116,0.5239041541624,0.1541373901691,-0.0956755896691,-0.2306957634582,0.2981774955858,0.4609633004842,0.2850681451074,0.4576306204881,0.2540532566544,-0.1559704691261,-0.3693062120150,0.0145205733832,0.4570896786809,-0.3077017941892,0.4054278316723,-0.2333404390965,-0.3356717456377,0.3088757877277,-0.0756488661707
0.2651046831408,0.3077639628583,0.0402002550347,0.3801712454618,0.7314393271076,0.1537242899511,0.1811431074214,0.5388465613110,0.3377718369937,0.5216543765279,0.5216328037171,0.0888769113805,0.4965935502583,0.3740353732279,0.3220893805760,0.5054395414371,0.2110111069063,0.3402326907621,0.2460060458580,0.1763334311050,0.5336785447585,0.4471144670675,0.4596204583929,0.2935480948753,1.0000000000000,0.2924829055527,0.2446198301816,-0.0228921985876,0.6770341675620,0.2003779289079,0.5836347840430,-0.0254145322531,-0.1458705199388,0.3362612383752,0.2438430413660,0.0260855776786,0.2355488845554,-0.3971034267737,0.0491215370706,0.6401275431510,-0.2110551688647,-0.3153710077431,0.4690941701167,-0.2733102877044,0.4051883464955,0.3939162388722,-0.2983752628484,0.4199220667348,0.0780583013767,-0.1634763802835,-0.1746867374482,0.1246294713939,-0.0222567839563,-0.1250882649545,-0.1355091246818,0.5395786742807,0.0816240961572,0.3199970520155,-0.0568488479378,0.9009280257988,-0.1398602883979,-0.3173989652065,-0.3050372613713,0.5898691514221,-0.2472103548887,0.3840732996741,-0.0556803587003,-0.3011882955206,0.0909548149723,-0.1662270576674
0.0828563746964,0.2494874813267,0.0871765450495,0.2340259679502,0.2855269710081,-0.0674766733874,0.0559210931078,0.1943239013880,0.0538809947366,0.2974089600439,0.2177111090652,0.1545888794006,0.2271440596856,0.5593670516068,0.2075016607404,0.2194463836964,0.0883335013292,0.1954554852559,0.0827832867959,0.2419588366950,0.2825756015558,0.1447683328717,0.1597739046404,0.2548798995206,0.2924829055527,1.0000000000000,0.1437187044375,0.2778693135130,0.2042413082391,0.2551119772166,0.2340726917012,0.1915584033845,0.1212565345499,0.2852624823732,0.3670346010999,-0.2027555537516,0.3052637514135,-0.2120171143637,0.3364126794525,0.1609341492381,-0.0707853528910,-0.0998724283281,0.0469280391254,-0.2613972229285,0.2476834972590,-0.0299241525497,-0.0839577046700,0.1975269350120,0.3426940475306,-0.2709600605135,-0.1085050207464,0.0914730098083,-0.0826935143565,-0.2099624354873,0.0772231129873,0.2356771008044,-0.0439688055369,0.0351112292457,-0.0661413536954,0.2279561687459,0.5967300788496,-0.2496913622593,0.0369100474406,0.0476515184095,-0.2002394566187,0.0932284258630,-0.0439994233418,-0.0852506361796,-0.0135567255768,0.1016218997735
-0.0281173690436,0.3904170604401,0.5082507455013,0.3503559905948,0.1465587737442,0.1394221550482,-0.0968706536328,0.1143359607522,0.3812152181995,0.0038410367206,0.2314657983656,0.4129604577183,0.1238118330942,0.1876803923942,0.2776853793356,0.1913566183540,0.1555846236925,0.5128481550010,0.4485073929106,0.4823532445560,0.1975449045412,0.2659497574694,0.1518255000717,0.4656424667822,0.2446198301816,0.1437187044375,1.0000000000000,0.4420785792793,0.3581361932514,0.0666368166114,0.3036111575382,-0.0834842232952,0.1317922063967,0.2951348380104,0.3167680347141,-0.1776093286838,0.2249378212283,-0.0610488633812,0.0899268988442,0.0572377859544,-0.1191785751066,-0.3022863856288,0.0533894599085,-0.1410700812233,-0.0998781009346,0.1388958093207,-0.2514379355357,0.0089084132729,-0.2176357378467,-0.3092563841217,-0.1035225245850,0.0342523303675,0.0383376461159,-0.0684494842665,-0.0810965310365,0.1178842780375,-0.0737263158661,0.0995328944749,-0.0463894419730,0.1269404007552,-0.1691249137127,0.0513532327438,0.0009684256192,0.1967208950500,-0.3949848628860,0.0991184927730,-0.0618611908097,-0.2592996662578,-0.0686853412599,-0.2799548679238
-0.3105177596781,0.3234135405445,0.7771002544378,0.1899677819616,-0.1247799292425,-0.0471016306824,-0.3001129529387,0.1205065845072,-0.0494807732268,-0.0035004931744,-0.0371544787082,0.1891502720194,-0.1757643741471,0.1314694010680,-0.0091462060047,0.0448116060242,0.2636487658786,0.1933702807695,0.2060580953826,0.0756338824775,-0.1491929893961,0.1917353455360,0.1629155665829,0.4513462640104,-0.0228921985876,0.2778693135130,0.4420785792793,1.0000000000000,0.0321719845527,-0.2447041298232,0.0857310161144,0.0668885411100,0.0091180855164,0.3009786115430,0.0005758900263,-0.1673871194487,0.1184262033161,0.4081062349563,0.0823061050268,-0.1382955964500,-0.1042208788479,-0.1636278620536,-0.0970249637629,-0.0571329977731,-0.0436720352886,0.0029016515192,0.0070748753832,-0.2141342845088,-0.0014753531994,-0.1947182946635,-0.0135988701413,0.2394426867039,0.0339125310359,-0.1721647161501,-0.1840318065871,-0.1723576152299,-0.0116533514259,-0.0018660804605,0.2151108236150,-0.0709378450762,0.1540957885750,0.0750550509669,0.6273374224370,-0.0528989831214,-0.2193490644187,-0.1515366570085,-0.0999319213538,0.0228435262850,-0.0911756240816,-0.0765247461064
0.0008608199684,0.2308620526083,0.1657898325491,0.3202969446741,0.7696812036212,0.1138481179175,-0.0374600873740,0.4899492650599,0.4549154605923,0.1695434388935,0.7391055665913,0.2262503689739,0.5866847596464,0.3690735439299,0.4964378256630,0.4122470886549,0.3394135688838,0.5541136994578,0.4871784679103,0.3407911274051,0.6266873007665,0.7428250914160,0.3389494617176,0.6206052484632,0.6770341675620,0.2042413082391,0.3581361932514,0.0321719845527,1.0000000000000,0.3019166894652,0.7766283920221,0.0813442810750,-0.0252687496344,0.6048041923542,0.2832446495983,-0.1896990990405,0.1852630721434,-0.4575265110325,-0.1082748612817,0.5499166151578,-0.3872095815052,-0.6172354450618,0.4190662090871,-0.4625509439614,0.0963875645597,0.6378071774991,-0.4279017959229,0.4240652985190,-0.1527693931380,-0.0948554148875,-0.4551060779737,0.0834886663681,-0.1212176279499,0.0863296732431,-0.1577554065254,0.6396121254026,0.3112559225104,0.2155349023488,0.1708110846741,0.6068543763260,-0.3199804874200,-0.5592648508655,-0.2658674482359,0.8470219677419,-0.4252734709314,0.5526222927624,-0.1727046374375,-0.4778965496083,0.2040444199125,-0.3573713670686
0.5230556654849,-0.0054626952872,-0.2167906383360,0.0549780708244,0.3136254344284,0.0655447393145,0.3064000419484,0.1077802844368,0.2563753158210,-0.0258345554145,0.3429441109873,0.2399649468031,0.3409165367852,0.2777989919085,0.5053515337503,0.1418822372590,0.2107613418100,0.2243148303830,0.1676038482957,0.3852138128357,0.4549686703275,0.2862523789657,0.2608239126543,0.2217097415197,0.2003779289079,0.2551119772166,0.0666368166114,-0.2447041298232,0.3019166894652,1.0000000000000,0.3150832844564,0.0799441681444,0.2988310237306,0.2828736266924,0.5405466733344,-0.0470240300600,-0.0181429482087,-0.4346522896907,0.2472840741874,0.2165002981178,-0.0099129173338,-0.1835910353697,-0.0273675075025,-0.4058739405283,-0.0758840533040,0.0061543763683,-0.2864455167282,0.3007732298378,0.0687295381174,-0.2203459316495,-0.0808247430224,0.1610018475729,-0.0748095776395,-0.0598675618592,0.1875226738986,0.3536147605221,0.2515376897028,0.1600242272701,0.0716028996246,0.1909765750586,0.0033044682441,-0.4579031267519,-0.3349395658000,0.2347898469309,0.0539338981745,0.3481729873078,0.0107137775235,-0.2293429137272,0.3872493554761,-0.1116887523958
0.0998174458609,0.3666874300981,0.1980787851429,0.3257831345526,0.5925824842831,0.1315269059730,0.0993595157744,0.5462013250896,0.3803620421426,0.1484834348811,0.5905963059768,0.1748001798575,0.5244209560357,0.2524475201638,0.3312043754686,0.4082865861775,0.4744512165351,0.6081333244979,0.3880028906235,0.2960635851959,0.4668991914477,0.7723021768572,0.4880502466903,0.7171818966799,0.5836347840430,0.2340726917012,0.3036111575382,0.0857310161144,0.7766283920221,0.3150832844564,1.0000000000000,0.0319915694993,-0.1654501940364,0.5981373607322,0.4024150958740,0.0035419420546,0.2897203232415,-0.4015765025207,-0.0103297635282,0.4778849036313,-0.3649314785493,-0.4568286513747,0.1617448921192,-0.4251212065503,0.0578964115249,0.4616017456787,-0.4115922384787,0.3679814889575,-0.1905619760703,-0.2249325942999,-0.3716508227527,0.2960230893635,0.1364839668602,-0.1180004649978,-0.1733570778464,0.4870117445797,0.2937042368043,0.3341749008806,0.1924293692765,0.5375204175791,-0.2497251259952,-0.4072588890052,-0.2256584176314,0.6236039181391,-0.2317843331284,0.5119760425873,-0.1823773100752,-0.3348330462423,0.1936924635609,-0.0561938629922
-0.0285922722203,-0.1917357423811,-0.0542114204974,-0.1812092516430,0.0648252519764,0.1882386249603,0.1123981140818,0.0841323660014,-0.1043305406061,0.0382478537556,-0.0247140285496,0.0782939505702,0.0879403881702,0.3296826232247,0.0675605562364,0.1781962263294,0.0983365572999,-0.0853927358933,0.1032069294409,-0.1070681133936,-0.0283217639704,0.2419125115719,-0.0030962175553,0.0417411357442,-0.0254145322531,0.1915584033845,-0.0834842232952,0.0668885411100,0.0813442810750,0.0799441681444,0.0319915694993,1.0000000000000,0.1270629077534,0.1292929701901,-0.0726541507220,-0.1109707461392,-0.2623341276376,-0.2382135907551,-0.1135171390292,0.0628472442913,0.1429436479156,0.1044297871456,-0.1413394540061,-0.0354727296908,-0.0180216810451,0.0429689822688,-0.0011950416316,0.0847524434763,0.3423342655134,0.1195188699312,0.1754126200738,0.0226566755259,-0.3655314080119,-0.0095291274561,-0.1305812408053,-0.0291928636555,0.1467875171793,-0.1073037504097,-0.0635261133207,-0.0472996902854,0.0663903756566,-0.3448652191180,0.0111205566560,0.0618228840281,0.1181192410740,-0.1688588900450,0.3182491752790,0.0455359511023,0.1064240354582,-0.1310911157237
-0.0564962076122,-0.1797882827100,0.0206443097922,-0.1587043205036,0.0044546517093,0.3096811829355,0.0669251886733,-0.2223904771754,0.0808698009512,-0.0446454145432,-0.0705724234677,0.2413948521425,0.0907190543899,0.1012635186084,0.1730576645328,0.1459405537345,-0.0483391164620,0.0288897428583,0.1328245857697,0.1397459196057,0.0700418972878,-0.0291477951637,-0.2890308512747,0.0654608231052,-0.1458705199388,0.1212565345499,0.1317922063967,0.0091180855164,-0.0252687496344,0.2988310237306,-0.1654501940364,0.1270629077534,1.0000000000000,0.1314477922187,0.2180707845410,-0.2383062072562,-0.1650349605744,-0.0673124809294,-0.1210969344074,-0.0673774505370,0.2544566348741,-0.0656726495057,-0.0496473640620,-0.1519131358751,-0.0317637950164,-0.1177731649923,-0.1804138248045,0.0739415145649,0.1549642955770,-0.0677488760541,0.1057387482245,-0.0901068566471,-0.1736459110724,-0.0125560639596,-0.1171721634869,-0.0376174782581,0.1194721366824,-0.2481335001720,-0.0354386108273,-0.1266793726909,0.0829021440394,-0.1665547610015,-0.0923236568168,-0.0117164075294,-0.0435754381469,0.0058394257194,0.0660212352084,0.1492312287661,0.1006186466891,-0.0958430497012
-0.1515504608544,0.2561751183136,0.3779782481118,0.3754367483561,0.5136754587906,0.2354741649078,0.0160862812756,0.2545218315169,0.3536454312700,0.0281046460286,0.4515019003239,0.3031647120331,0.5663154901918,0.2152163738108,0.3954002555958,0.4323162503749,0.5555332913092,0.4886290883709,0.5876774868766,0.4178366810099,0.4797887581321,0.7188723172253,0.3886075167021,0.7665240459459,0.3362612383752,0.2852624823732,0.2951348380104,0.3009786115430,0.6048041923542,0.2828736266924,0.5981373607322,0.1292929701901,0.1314477922187,1.0000000000000,0.5550771799306,-0.2038793117008,0.0669250918774,-0.1724930665493,0.0516183892793,0.3559265294764,-0.3874627190566,-0.5010624720696,0.0112656389849,-0.5198870126876,-0.0263924016885,0.5065879118194,-0.5404163176197,0.3669457693773,-0.1858065858601,-0.2902850626133,-0.3186295193937,0.3634446038411,-0.0609842191643,-0.1254673580131,-0.4110040974443,0.4050169944157,0.4254784495074,0.2106733990675,0.3423304952137,0.2792448523270,-0.2085784161657,-0.4797302976410,-0.0660677708667,0.5330261322069,-0.2522251338321,0.3585758862366,-0.1732586104876,-0.3608071063468,0.5360468365531,-0.0697529152261
0.1928298462112,0.3761959585469,0.0663919787387,0.4355355734353,0.2498941274744,0.2381982483822,0.2668409611987,-0.0560572930828,0.3922148363041,0.0125726546008,0.2599348817149,0.2676691965382,0.3501007444018,0.1745201192799,0.2711948431345,0.3113671529432,0.3406745398038,0.4633716510910,0.2930332714218,0.5475144064634,0.3735495699257,0.2931473352081,0.2830933713681,0.5120564185223,0.2438430413660,0.3670346010999,0.3167680347141,0.0005758900263,0.2832446495983,0.5405466733344,0.4024150958740,-0.0726541507220,0.2180707845410,0.5550771799306,1.0000000000000,-0.1599642222774,0.3060339862357,-0.2206516559305,0.4143212085079,0.1308338692499,-0.1574921957873,-0.2200306012048,-0.1489378438267,-0.3829895148034,-0.0219201793572,0.0393679609682,-0.4368050205737,0.2179661380689,-0.1474469452373,-0.5168815498358,-0.1225495959690,0.2980886739667,0.2164693376750,-0.2055424690904,0.0213745325469,0.2278343971097,0.2186769164227,0.2694219601360,0.2153332969522,0.1838438105284,0.0291749937397,-0.2348266420630,-0.2469711880881,0.1904567572369,-0.1791117488316,0.4211076090000,-0.1348577964585,-0.3560275911750,0.4330021036361,0.2522845128272
