1.0000000000000,0.2983666870041,0.3967638245778,0.5389467197803,0.2465420079040,0.0693946890396,-0.0032776509882,0.3444272092769,0.0531846484150,0.2143035604544,0.1249782317515,0.4439153605220,0.3648274442520,0.2182610563155,0.5301927293126,0.2663799948983,0.2563477342435,0.5342827602440,0.5112140808272,0.4807934638352,0.2421521808902,0.2979554267687,0.4024830537923,0.2864782078744,0.3558970545478,0.3693313629483,0.4475346856543,0.3446119488023,0.2646299298851,0.4837997205079,0.5353504705855,-0.0939695939441,0.1313124311831,0.3525652424971,0.3962468048969,0.6055929993556,0.1668954703539,-0.0425234523303,0.4570111767955,0.2667564657753,-0.0050152225398,-0.0673866394343,0.2590195672035,-0.1450490758460,0.2542636077272,0.0094289764781,0.3946666761650,0.2275031548007,0.1249974909553,0.0766888422525,0.1446290866223,0.2138288192658,0.3260538434230,0.3670644948482,0.3568687784218,0.2266414375280,0.1189423325811,0.3030842890747,0.1335280184450,0.4741023127324,0.3663334197026,0.2495518522725,0.3097369524722,0.2152685481876,0.1637940722345,0.2106072342378,-0.1399281196930,0.2319073111920,0.0717689285519,0.3672788625146
0.2983666870041,1.0000000000000,0.2596919988120,0.7222279684281,0.2993890788898,-0.1919335511729,-0.2283940142784,-0.1030692071015,-0.1488213940919,-0.1371149235819,0.0395282306949,0.3114158943682,0.4152953908577,0.0071143665416,0.0696057466951,0.0311841934915,0.5632547501885,0.5875730076587,0.1580687117680,0.3071974384403,0.4314925552351,0.6146884009466,0.7321506564186,0.6477651218615,0.2044573115531,0.6023648763635,0.5618219002750,0.4038278235743,0.3937683945143,0.4782924837880,0.4976086651162,-0.3031242601813,-0.0249012063312,0.5340457074828,0.7502137144473,0.2437642014043,0.8822376956115,-0.2593347495718,0.6540257651674,0.1946124100528,-0.2247370136913,-0.2275026232444,-0.1572659517752,-0.2212658996634,-0.0432848343448,0.0236737960886,0.3045728786321,0.2432927980953,-0.1155089581002,-0.2362824979389,0.1132699000171,0.6571092252596,0.5289857654510,0.1478565881092,0.2487249677815,0.3773256594805,0.5525991290253,0.7764509758046,0.6854336739974,0.3751969517999,0.4769656677902,0.2727694477369,0.2900613388143,0.3570857392588,0.3814190171308,0.4501861737800,-0.3580124751041,0.0506717901760,0.3230540576809,0.7160929255915
0.3967638245778,0.2596919988120,1.0000000000000,0.5425739004513,0.4208124602978,-0.0929320478996,-0.1313504567718,0.4087473010218,0.0742801027010,0.2307890036762,0.1742990238488,0.4726272830763,0.4004967506100,0.3456229523514,0.3631558682088,0.3575171220766,0.3843422703043,0.5669586343285,0.5328493160929,0.6492743444948,0.3648867172556,0.4699748301787,0.3518178804643,0.6036966469073,0.4863830635842,0.4321382329564,0.7745819933437,0.7013948619158,0.4652553291623,0.1243120265986,0.4005301061844,-0.2677779084880,0.0048300231684,0.2249758855662,0.2657627977987,0.0349878499068,0.0875973446262,0.3813847506208,0.5329603218378,0.3697153423082,-0.1493290521511,-0.0773470910012,0.1614517286997,-0.1348944627783,0.3063026879630,0.1493668618630,0.4844725887678,0.2491883859154,0.2162352193431,0.0146669118105,0.2771190381645,0.3160540353664,0.3536524778930,0.4953509695536,0.4595112964924,0.3570651049688,0.2892297831194,0.2256461205218,0.3410482717705,0.4699976346682,0.4103030308236,0.3951617336553,0.6463660232319,0.3441475977260,-0.1354386022456,0.0423792476190,-0.4602286310275,0.0983917531792,-0.1200506188324,0.1651592862980
0.5389467197803,0.7222279684281,0.5425739004513,1.0000000000000,0.5280329686953,-0.1443339490922,-0.2367753610802,0.2370375540734,0.0134471998548,0.3305295921142,0.2096250559561,0.5655387235506,0.6258771959831,0.2916826618052,0.4482490424638,0.3629685884050,0.5125578777400,0.7164313790934,0.5708425883448,0.6987230944596,0.5397040998761,0.5860295141903,0.8295187975048,0.6598243495052,0.4994652840525,0.7498225860472,0.7702851226554,0.6850810820867,0.4172261969261,0.5436258228060,0.5215609350872,-0.1658096842459,0.0803897643276,0.6467988044759,0.6884495147139,0.2660140077390,0.5858208100565,-0.1880809271497,0.9073284650188,0.4614116325877,-0.2162150764318,-0.1143564963538,0.0677430507524,-0.1915636095183,0.4405924960003,0.1330765573172,0.5783264038809,0.3902080340788,0.1585344874357,-0.0061186731766,0.3936440862842,0.5036963820225,0.5529938865928,0.5727727164611,0.5527067674741,0.4839113416804,0.4687597130730,0.7563859050291,0.5321476785071,0.6859817722687,0.7065230756187,0.3051904261485,0.5774406651339,0.4035847021374,0.2796672543751,0.2350977627978,-0.4160475532855,0.1842633302788,0.2849403201302,0.6391540601295
0.2465420079040,0.2993890788898,0.4208124602978,0.5280329686953,1.0000000000000,0.0309619725787,-0.0734397276950,0.2270873572803,0.0057707792611,0.3544547078486,0.4470709163041,0.3350023660738,0.7500114872023,0.2918075148149,0.2110349684794,0.4130509019728,0.1252568364408,0.3771197452246,0.2998499628125,0.4124156123136,0.8645788805167,0.2239858619576,0.3845846898134,0.3030313474685,0.5423948098950,0.3520911385612,0.4293605949346,0.2917705896690,0.4640132709525,0.2112133466090,0.1973621718766,-0.0445321392780,0.0211802502692,0.2883539789776,0.3001511627030,0.0868824757321,0.1790197748511,0.0306653768090,0.5048803138634,0.8632641524546,-0.1350308525657,0.1269598492752,0.1267375755769,-0.1268887780085,0.4479342753881,0.4933079595148,0.4626066354520,0.7993924467744,0.1843587614572,0.0111868964558,0.3660136029707,0.0706941396022,0.2764275655189,0.4162616096270,0.3382601932136,0.8436441560823,0.1456815551130,0.2420796231341,0.2190363683640,0.5879916949514,0.3116043565494,0.2032434397243,0.2816746950381,0.4290782761990,0.0709711021439,-0.0897394832105,-0.2145286327419,0.1179475497321,0.0445476722920,0.2452399202714
0.0693946890396,-0.1919335511729,-0.0929320478996,-0.1443339490922,0.0309619725787,1.0000000000000,0.5147493877104,-0.0701758607198,0.4425573801990,0.1711605929635,0.4877871878809,0.3270068757820,-0.0363654481200,0.4779346575400,0.1804340710275,0.4066548205266,-0.1768986680740,-0.1453639588983,-0.0171791535249,-0.0954959368723,-0.0815889572681,-0.1497062676246,-0.2100158571279,-0.2537069981988,-0.0513677240163,-0.0523160171481,-0.0714105170036,-0.1989681947937,-0.1388636256332,0.1479478935728,-0.0349466181241,0.2277576902764,0.4751887860972,0.0554690937947,-0.0230681129655,0.0176255181100,-0.2968079788817,0.3332619609971,-0.1786181611922,0.0742582839362,0.7966811981548,0.5174912449485,-0.1372625080651,0.4422493413753,0.0939756029573,0.4101022492125,0.3222179125798,0.0853984099305,0.4389221400160,0.2970394767108,0.2375520371585,-0.1861484881106,-0.1877471983584,-0.0070834533834,-0.1351115563138,-0.0884518609590,-0.1983247851086,-0.2973780152155,-0.1465997348029,-0.0149245049608,-0.0901915693737,0.2259396645884,-0.1121334390234,-0.2089088120488,0.0551355363303,-0.1649410637741,0.3163933335887,0.4266720685875,0.1513948025179,0.0295198313726
-0.0032776509882,-0.2283940142784,-0.1313504567718,-0.2367753610802,-0.0734397276950,0.5147493877104,1.0000000000000,-0.1362288367158,0.4363711172591,0.0453140731617,0.3543487463189,0.1117806833339,0.0612892950382,0.0884543233837,-0.0722086816234,0.2082878001560,-0.0679865667275,-0.1770858704301,-0.1648780279146,-0.2151850875546,0.0045995989306,-0.1661404939971,-0.2967700484826,-0.2907517198646,-0.0554229825336,-0.1299624415380,-0.1664454145818,-0.2935846474508,-0.0147175206579,-0.0567159341746,-0.0724891927815,-0.0024577112582,0.3035754192023,-0.2300477370532,-0.1984202366769,0.0000869862138,-0.3066510813271,0.2561824339489,-0.3030419422107,-0.0531028323957,0.4853518133663,0.6031393092760,-0.2120331781955,0.3610793407522,-0.0340754244960,0.3196527622048,0.0055511185294,0.2136524826265,0.0820514536399,0.0699189992525,0.0788219947652,-0.0753131337712,-0.1499085368465,-0.1674232987047,-0.1577292959466,-0.0091071696794,-0.1703174565232,-0.3652170076118,-0.1946682541958,-0.0851274216177,-0.2417622134824,0.1511806192142,-0.2474025194071,-0.0805562751704,-0.1208344044818,-0.0609068347715,0.1476065957370,0.1731133698835,-0.1680033686325,-0.1415203760681
0.3444272092769,-0.1030692071015,0.4087473010218,0.2370375540734,0.2270873572803,-0.0701758607198,-0.1362288367158,1.0000000000000,-0.1174916420457,0.5807965217320,-0.1990557073872,0.2735403287987,0.0484465954806,0.3832047018577,0.2562639155129,0.3373797554539,0.1201113541410,0.1820018474389,0.4401175678873,0.5177085066907,0.1342872101048,0.0685042678885,0.1618588421307,0.0191159737611,0.7053969395531,0.2968645628829,0.2459173377349,0.3406020060212,0.3445063835535,-0.0959737085834,0.2817273306009,0.2131887676204,-0.0693988555807,-0.0257323365761,-0.0814758021936,0.0188930870153,-0.2196012095976,0.0278625266730,0.1730147165432,0.2330379678643,-0.1985679921570,-0.2584256722840,0.6981261672921,-0.3334108310497,0.5293117142096,-0.1894473737690,0.1523133886951,0.1142008606991,0.3236821104308,-0.0481104327617,0.0059715939961,-0.0115236840896,-0.0291537296108,0.4068536798765,0.2367831627330,0.1434698655474,-0.0794548048558,0.0290834842896,-0.1714705377490,0.5028733230901,0.2571902844061,-0.1338151442308,0.2811677615955,0.3190532992110,-0.3704415688425,-0.0447083408718,0.0750257142780,0.0221811117482,-0.2361312247764,-0.2191123555724
0.0531846484150,-0.1488213940919,0.0742801027010,0.0134471998548,0.0057707792611,0.4425573801990,0.4363711172591,-0.1174916420457,1.0000000000000,0.0465385086440,0.6697749459400,0.2381061873010,0.1122330843794,0.2577652647040,0.4919109210699,0.3499914324658,-0.0998305657913,0.0814805454458,0.2553424918475,0.1320749617919,-0.0667053396924,-0.1211474211778,-0.2427190271338,-0.0129436618298,-0.1649470359719,0.0647569430248,0.2414704972807,0.0780890998087,-0.1500445390632,0.2112854867486,-0.0913050961380,-0.0261731289171,0.4843627845861,0.0805345015982,-0.0346158315835,-0.0811387279108,-0.2783579321467,0.3074062082154,0.0662937002589,0.0402935963211,0.4814002442802,0.7274773819607,-0.3491798886608,0.7438724064381,0.0102028297040,0.5315089864021,0.3318323128916,0.0335886851310,0.1740222351134,0.5638132058934,0.4808794571499,-0.1607418293381,-0.0809855035200,0.2034776691499,0.0487035597380,-0.0714264734810,-0.1969202081226,-0.3053768459188,-0.1092078187887,-0.1645033393509,0.0169537895710,0.3916024523165,0.1132148563003,-0.2200682389274,0.0526831208559,-0.2569487841537,-0.1745002636426,0.2147145992327,0.0678724505728,-0.0080497426350
0.2143035604544,-0.1371149235819,0.2307890036762,0.3305295921142,0.3544547078486,0.1711605929635,0.0453140731617,0.5807965217320,0.0465385086440,1.0000000000000,0.1204502570816,0.3609557992565,0.2360762631235,0.4828102005426,0.4548338572457,0.5541952349987,0.0160616420036,0.0874051608101,0.4252999326847,0.4637184936440,0.2264675168228,-0.0506313522374,0.2431165608886,-0.0828492786454,0.6319049568248,0.3771170565093,0.1674831689171,0.3393372762304,-0.0096282381887,0.0539082731633,-0.1061286980425,0.3119776740342,0.2612140698317,0.1151110502173,-0.0547982554354,-0.1164476518930,-0.2140996806095,0.0080028510174,0.3193962102667,0.3681644093344,0.1101428976110,0.1201606176175,0.3060664012090,-0.0426317847260,0.9071360743516,0.1109864435963,0.2795181361743,0.2549446148068,0.5362739866996,0.2346367356211,0.3970833191403,-0.1029782055673,-0.1896869764843,0.4202957831702,0.2164887798255,0.1941638871934,-0.1477530956553,0.1201513629850,-0.2005923533459,0.5744521847162,0.4345436722784,-0.1135255506588,0.3161662592544,-0.0150605833682,-0.1675562857247,-0.3868526294973,0.1001344685979,0.2639336235602,0.0316398802200,-0.1613350124540
0.1249782317515,0.0395282306949,0.1742990238488,0.2096250559561,0.4470709163041,0.4877871878809,0.3543487463189,-0.1990557073872,0.6697749459400,0.1204502570816,1.0000000000000,0.3289762637730,0.4728769601711,0.2800051240262,0.4321219979329,0.4251452758888,-0.0474197314451,0.1670939133363,0.2148852186984,0.1727614461641,0.3634237331523,0.0158951955428,0.0268836107938,0.1002535789637,-0.0209067791920,0.1332572920750,0.3212098526648,0.1241557827508,-0.0139670935979,0.3152527988837,-0.0231202010507,-0.0883538236356,0.3551190943901,0.2509555217535,0.1756910665350,-0.0169818524460,-0.0929784952143,0.2970575208000,0.2405621206931,0.5334438776146,0.5324787856265,0.7436123184819,-0.3721454295979,0.5688022138812,0.1356504144691,0.8873380043920,0.4471744120568,0.4579887902546,0.2055947210426,0.4206905546163,0.5839041239750,-0.0699804472935,0.0634257656896,0.2479359950309,0.1733879665936,0.3535883507671,-0.0677830034558,-0.1116345649358,0.0521996987396,0.0966835905701,0.1074221098806,0.4849969884851,0.1580672081380,-0.0183410890246,0.1767598725175,-0.2640473125253,-0.2095863145109,0.2421471637948,0.1838348180483,0.1980142793150
0.4439153605220,0.3114158943682,0.4726272830763,0.5655387235506,0.3350023660738,0.3270068757820,0.1117806833339,0.2735403287987,0.2381061873010,0.3609557992565,0.3289762637730,1.0000000000000,0.3720570363036,0.7183620123487,0.4510520654897,0.6548367335958,0.3222571091223,0.4301991000171,0.5848957116617,0.5887572849730,0.3157557510546,0.4217656596172,0.3718970003861,0.3933950678058,0.3994819407068,0.6754580297410,0.6204537579145,0.5369049820813,0.2802655434680,0.3533534394924,0.3816541782760,0.0372396540460,0.2459055794563,0.3936805417501,0.3651623483149,0.2034670520506,0.1126355660215,0.0882050821899,0.5903862928152,0.4056436891289,0.1814255809661,0.1629058612858,0.0419854292301,0.0686260340008,0.3731279405630,0.1963036988097,0.8626000647789,0.2686779133713,0.6103280262010,0.1313841602972,0.3982547752093,0.2511734977501,0.2537040655815,0.5788732900929,0.4037897707814,0.2969798473165,0.2438201407127,0.2447703287933,0.2568034812917,0.5203115674395,0.6196235120350,0.4035309766618,0.4818771709940,0.2806032246740,0.0334169391531,0.0144045786237,-0.1559517339070,0.4172949229553,0.0813478317356,0.3332560223892
0.3648274442520,0.4152953908577,0.4004967506100,0.6258771959831,0.7500114872023,-0.0363654481200,0.0612892950382,0.0484465954806,0.1122330843794,0.2360762631235,0.4728769601711,0.3720570363036,1.0000000000000,0.1754281292490,0.2802147124005,0.4074229559020,0.2550839309549,0.4868269735741,0.2916874494916,0.4035360297397,0.8700592587134,0.3670274090481,0.4483644069878,0.4355266353962,0.3895950032957,0.3417555155250,0.4857263570989,0.2815777256776,0.4095735031217,0.3499009161966,0.3049085488778,-0.1510651281017,0.1714971296844,0.3400542750645,0.3828197853579,0.1792227452011,0.2520681912946,-0.1289240033264,0.5906439895065,0.6702331563367,-0.1433874798652,0.2356537238893,-0.0881357067827,-0.0998515772324,0.3438905745894,0.5182843324588,0.4652872412004,0.8759662687466,0.0229431478020,-0.0434793339015,0.4868785016355,0.2188361081555,0.3429450375714,0.3366926256594,0.3278914534524,0.8496626782633,0.2517227117247,0.3302063236432,0.3098344300898,0.4897946138391,0.3036971741916,0.1755384700162,0.2281712806520,0.3936926413002,0.2175943822665,0.0188332961112,-0.3117853431792,0.2310582477541,0.0878063657004,0.3758722790441
0.2182610563155,0.0071143665416,0.3456229523514,0.2916826618052,0.2918075148149,0.4779346575400,0.0884543233837,0.3832047018577,0.2577652647040,0.4828102005426,0.2800051240262,0.7183620123487,0.1754281292490,1.0000000000000,0.3841528636475,0.6004249339810,0.1165829853146,0.1275965253537,0.4212115242444,0.3873434437391,0.1420679115693,0.2050857270721,0.0915262170058,0.1867344030666,0.4136417535831,0.4632426885096,0.3765712865773,0.3899869627800,0.1538498806934,0.1885160208455,0.1166016796912,0.3823531319867,0.3777699533325,0.2515861268343,0.0218686715734,-0.0600963109372,-0.2056724511336,0.2472609763328,0.2508734861527,0.2480451379404,0.3266001422086,0.1872644771835,0.1156664441904,0.1084039067284,0.4486564761546,0.2294045013146,0.7366776749816,0.1624792548156,0.8667283879663,0.2948339613850,0.3327443748851,0.0182020574130,-0.0671312721135,0.4898973037234,0.1481199501479,0.1176712174617,0.0325493984695,-0.0078256781772,0.0866509038491,0.3951949017991,0.3872183306844,0.2781793816896,0.4185334109407,0.0683413836623,-0.0375989085767,-0.2208615506695,0.1518515282387,0.4496078695529,0.0829859901401,0.0671973595973
0.5301927293126,0.0696057466951,0.3631558682088,0.4482490424638,0.2110349684794,0.1804340710275,-0.0722086816234,0.2562639155129,0.4919109210699,0.4548338572457,0.4321219979329,0.4510520654897,0.2802147124005,0.3841528636475,1.0000000000000,0.4264746054182,0.0364102468948,0.3660558713287,0.6993826718874,0.5460164732664,0.0907035082201,0.0606190392079,0.2424162869473,0.1960140901401,0.1540666222337,0.4230003803915,0.5074945969007,0.5021380932128,-0.1902131794730,0.4480796076039,0.0322154747841,-0.0045193327075,0.3734310346781,0.4023367779412,0.2382656274707,0.1125553064152,-0.0484072849543,0.1036898891099,0.5328668916343,0.3089461924175,0.2576408740380,0.3060678784962,-0.0037136124733,0.3342115360997,0.4575085591156,0.2522614447766,0.5020292803051,0.0595135004363,0.3878160478608,0.6175316163734,0.5584643985432,-0.0413656153171,-0.0014036356564,0.5955649416643,0.3162080515625,0.0693737589451,-0.0925738567678,0.1357845344033,-0.0365985625225,0.2529107216787,0.5072651553608,0.3390684620066,0.4539270339619,-0.1773038158831,0.1146836140508,-0.3093896326273,-0.2608110987280,0.2983822680137,0.1993723668073,0.1707607191001
0.2663799948983,0.0311841934915,0.3575171220766,0.3629685884050,0.4130509019728,0.4066548205266,0.2082878001560,0.3373797554539,0.3499914324658,0.5541952349987,0.4251452758888,0.6548367335958,0.4074229559020,0.6004249339810,0.4264746054182,1.0000000000000,0.0865730379147,0.2288802339321,0.4176946213667,0.4414323383888,0.3282262779627,0.0962109386798,0.1406700776405,0.1111643570978,0.4355243554833,0.4179365284715,0.3869440675823,0.3331046704470,0.1613938724313,0.1471753284622,0.1243478241504,0.1772331188508,0.2804413626524,0.2329667334256,0.1655473287101,0.0101064905573,-0.1281892394505,0.2020851927099,0.3742088006216,0.4682973204608,0.2929649461246,0.3744184673982,0.1401898859201,0.2045247767101,0.5751289360284,0.3653720797035,0.6132922918139,0.3747265626251,0.5349231617501,0.2799157160629,0.6141331642606,-0.0474945494262,0.0418635063935,0.4684339011304,0.2580778729171,0.3125990531562,-0.0465880995011,-0.0061042044762,-0.0232302721410,0.4767516583982,0.4076345425998,0.1952094647669,0.3411229652881,0.1402357588636,-0.1438448835764,-0.2496582478221,-0.0351792258933,0.4149204266773,-0.0029300903728,0.0867219854707
0.2563477342435,0.5632547501885,0.3843422703043,0.5125578777400,0.1252568364408,-0.1768986680740,-0.0679865667275,0.1201113541410,-0.0998305657913,0.0160616420036,-0.0474197314451,0.3222571091223,0.2550839309549,0.1165829853146,0.0364102468948,0.0865730379147,1.0000000000000,0.5112683659277,0.1839012086295,0.3662262575148,0.2666410039988,0.7278696839920,0.5446407830554,0.7147840868835,0.3717336529545,0.4518111384641,0.4761317282993,0.4563313931953,0.4724703716252,0.2146804540725,0.5298175249026,-0.2586057154369,0.0006583076117,0.3451993103101,0.4626590924530,0.2088002237771,0.5073435978657,-0.1319770938803,0.4845383551343,0.0428098301310,-0.2745902693892,-0.2155818234152,0.0054988267025,-0.2744121777262,0.0421576373046,-0.0566013334065,0.2578225173300,0.1195131637145,-0.0120282993350,-0.3277523940437,0.0538548724111,0.8816487890033,0.4810834924115,0.1395554881921,0.3211655712566,0.2090734936886,0.6609918724908,0.6152088795053,0.6500058616980,0.4064398213758,0.4305307275856,0.1668471797128,0.2980416613246,0.4379818994180,0.1405229363823,0.4896336892860,-0.3259166144208,0.0937028252751,0.1398409632504,0.4253372723680
0.5342827602440,0.5875730076587,0.5669586343285,0.7164313790934,0.3771197452246,-0.1453639588983,-0.1770858704301,0.1820018474389,0.0814805454458,0.0874051608101,0.1670939133363,0.4301991000171,0.4868269735741,0.1275965253537,0.3660558713287,0.2288802339321,0.5112683659277,1.0000000000000,0.5140575466596,0.7546991227114,0.3984643537663,0.5398767458848,0.5619807118687,0.6541368127654,0.3344190236010,0.5336301651586,0.7778058826083,0.5371042020358,0.4241023406587,0.4094535221835,0.6727449656254,-0.2627451479319,0.0714779837403,0.4608861363195,0.6527768396815,0.3054421220087,0.4492180703737,-0.1271053742962,0.6777798251600,0.2971126527257,-0.2066266878760,-0.0662418284438,0.0465196441503,-0.1219510816640,0.1597918787866,0.0546513212125,0.4466740743967,0.2679166634288,-0.0356107806003,-0.0935218681213,0.2789215250877,0.4474921609277,0.7616998449566,0.4317924613012,0.7027148375713,0.3530357679246,0.4383624280034,0.5087553521868,0.4703303455620,0.4554582125288,0.5040443486391,0.3925795242233,0.4176664121410,0.3657749041226,0.1690515747474,0.3988701305240,-0.4281891881367,0.1603330189068,0.1452444303830,0.5507679775289
0.5112140808272,0.1580687117680,0.5328493160929,0.5708425883448,0.2998499628125,-0.0171791535249,-0.1648780279146,0.4401175678873,0.2553424918475,0.4252999326847,0.2148852186984,0.5848957116617,0.2916874494916,0.4212115242444,0.6993826718874,0.4176946213667,0.1839012086295,0.5140575466596,1.0000000000000,0.8238672288964,0.1622523631202,0.1483257305359,0.3599915514950,0.2679499634172,0.3288449829976,0.6163390551047,0.6776867851949,0.6834630548861,0.0443549622040,0.3270289182137,0.1957590319419,-0.0979828181329,0.1107929154790,0.3836409235957,0.3387553596874,0.0932276882935,0.0051209892728,0.0332502608566,0.5838797314596,0.3368808073734,-0.0184370483937,0.0409674260754,0.1509514947468,0.0542825087170,0.4342945640265,0.0835484254917,0.5794345015125,0.1047760672241,0.3363199480052,0.3432039584698,0.3509369540105,0.0869417440066,0.2095362200293,0.8258047185954,0.6126110788358,0.1511336815086,0.0337231054521,0.2347601413337,0.0419330433751,0.3484853554405,0.5860339313670,0.3404376230045,0.5836295545583,0.0096890652147,-0.0141987467046,-0.1538297155831,-0.4258646407884,0.1046145263534,0.0486742735004,0.2326115117216
0.4807934638352,0.3071974384403,0.6492743444948,0.6987230944596,0.4124156123136,-0.0954959368723,-0.2151850875546,0.5177085066907,0.1320749617919,0.4637184936440,0.1727614461641,0.5887572849730,0.4035360297397,0.3873434437391,0.5460164732664,0.4414323383888,0.3662262575148,0.7546991227114,0.8238672288964,1.0000000000000,0.3266560554966,0.3644525790912,0.5179342987007,0.4733843126596,0.5058958680944,0.6444658556421,0.7754368959700,0.7520817522375,0.2804280688430,0.3156511167375,0.4230896487345,-0.0515396823374,0.0772842091689,0.4319127401186,0.4287816768500,0.0975220385245,0.1505180203570,-0.0354480527765,0.6911808066854,0.4015806816333,-0.1524462785339,-0.0568871095927,0.1885822740598,-0.1049474021584,0.4763960931294,0.0507845609667,0.5549350495321,0.2169998646691,0.2656919289463,0.0962865332268,0.3524856028928,0.2654155460424,0.4723038829609,0.7301416057480,0.7589119270392,0.3025260643449,0.2584477835566,0.3914226601004,0.2606623565063,0.5284265331465,0.6366268894634,0.3124241546299,0.6219847624837,0.2572751699511,-0.0121185355470,0.0422161326262,-0.3743144603662,0.1537034711302,0.0733751438338,0.2985901072808
0.2421521808902,0.4314925552351,0.3648867172556,0.5397040998761,0.8645788805167,-0.0815889572681,0.0045995989306,0.1342872101048,-0.0667053396924,0.2264675168228,0.3634237331523,0.3157557510546,0.8700592587134,0.1420679115693,0.0907035082201,0.3282262779627,0.2666410039988,0.3984643537663,0.1622523631202,0.3266560554966,1.0000000000000,0.3393372190049,0.4444440931780,0.3822229572355,0.5193038827821,0.3151642442797,0.3934523793617,0.2345572358247,0.5398911746090,0.2110097829492,0.2776942634045,-0.1184747406975,0.0267835529494,0.2216390647698,0.3218835592319,0.1595021665655,0.3127647219236,-0.1045958408902,0.5142006476083,0.7571044906553,-0.2297530730512,0.1050084425684,0.0497616297037,-0.2197413603465,0.3360839868850,0.4412177282656,0.3795517528025,0.9019847907100,0.0345277869138,-0.1811082664398,0.3312818160721,0.2350435855559,0.3149482613339,0.2622264120876,0.2849829059432,0.9577213574528,0.2381825838868,0.3352180331229,0.2986905214746,0.5709370223780,0.2709149989901,0.1165759293339,0.1997977438307,0.5362484036634,0.1167055594681,0.0379897411760,-0.2113320665411,0.1411219206180,0.0085953481930,0.2741498306417
0.2979554267687,0.6146884009466,0.4699748301787,0.5860295141903,0.2239858619576,-0.1497062676246,-0.1661404939971,0.0685042678885,-0.1211474211778,-0.0506313522374,0.0158951955428,0.4217656596172,0.3670274090481,0.2050857270721,0.0606190392079,0.0962109386798,0.7278696839920,0.5398767458848,0.1483257305359,0.3644525790912,0.3393372190049,1.0000000000000,0.5631706479634,0.9042850352931,0.3128569398867,0.4468316707923,0.5594684871173,0.4781864332853,0.5691378492570,0.3826813355431,0.6423094471421,-0.2144084674436,-0.0285123417210,0.5116369584635,0.5324679040772,0.2247848070507,0.5013327329798,-0.0999461591130,0.5625788591343,0.1498300876965,-0.2613085813866,-0.2318438425778,-0.0500345356312,-0.2981173998277,0.0001955617017,-0.0132969859496,0.3676031372952,0.2028325070576,0.0595210200515,-0.3348173863724,0.1074394728594,0.7021005439669,0.5284405687194,0.1288579427232,0.2791829082984,0.3133888889785,0.8088882789299,0.5766907366719,0.7885568913041,0.4082168509200,0.4118786636653,0.2112505006867,0.3598064703071,0.5402628921942,0.2809140090769,0.5124215954127,-0.2983570142525,0.0846390136935,0.2203871989958,0.5198378070872
0.4024830537923,0.7321506564186,0.3518178804643,0.8295187975048,0.3845846898134,-0.2100158571279,-0.2967700484826,0.1618588421307,-0.2427190271338,0.2431165608886,0.0268836107938,0.3718970003861,0.4483644069878,0.0915262170058,0.2424162869473,0.1406700776405,0.5446407830554,0.5619807118687,0.3599915514950,0.5179342987007,0.4444440931780,0.5631706479634,1.0000000000000,0.5552793833310,0.4086268987950,0.5854839875837,0.5514092499276,0.5511544242375,0.3536085542040,0.5140981163920,0.5063104537995,-0.1282759892031,-0.0524721842687,0.5873583815200,0.6659296060043,0.2415953683557,0.6964417990304,-0.3105605957099,0.7342279960029,0.3371433488366,-0.2604477846725,-0.2959602434813,0.0283094724265,-0.3613537035939,0.3099532680035,-0.0397643044260,0.2993334292296,0.2895183288282,0.0276958313571,-0.2227417201087,0.1817986907123,0.5670726847444,0.4838518299432,0.3011081646463,0.4357382449456,0.3906432906618,0.4564606657710,0.8952850088483,0.5129307656072,0.5769004544085,0.5822130754089,0.1095579193852,0.4192111465517,0.3430581315752,0.3506842051163,0.3335368851102,-0.2502083309861,0.0495919042689,0.3893312137324,0.6178752478544
0.2864782078744,0.6477651218615,0.6036966469073,0.6598243495052,0.3030313474685,-0.2537069981988,-0.2907517198646,0.0191159737611,-0.0129436618298,-0.0828492786454,0.1002535789637,0.3933950678058,0.4355266353962,0.1867344030666,0.1960140901401,0.1111643570978,0.7147840868835,0.6541368127654,0.2679499634172,0.4733843126596,0.3822229572355,0.9042850352931,0.5552793833310,1.0000000000000,0.2703535912457,0.4763892859552,0.6993299070820,0.6348001911209,0.5155562807973,0.3652055461687,0.5616618687320,-0.2774294658938,-0.0342962383416,0.5344055327476,0.5583923589575,0.1616697291429,0.5319337459378,-0.0332802498065,0.6761411415239,0.2275251708621,-0.3089622477741,-0.1941260462477,-0.1252932182331,-0.2080394986225,0.0120813839807,0.0652831702530,0.4452533830201,0.1975351925617,0.0381142564413,-0.1999966577162,0.2263648238096,0.6751984095365,0.5948523379319,0.2768255046518,0.3780935693301,0.3585766232736,0.7387974209993,0.5792913284776,0.8170520967850,0.3694397689777,0.4705575402514,0.3159850555375,0.5327284958733,0.4807939912685,0.2453631399537,0.3843454041046,-0.4734147706454,0.0651312820304,0.2105966191306,0.5343067001681
0.3558970545478,0.2044573115531,0.4863830635842,0.4994652840525,0.5423948098950,-0.0513677240163,-0.0554229825336,0.7053969395531,-0.1649470359719,0.6319049568248,-0.0209067791920,0.3994819407068,0.3895950032957,0.4136417535831,0.1540666222337,0.4355243554833,0.3717336529545,0.3344190236010,0.3288449829976,0.5058958680944,0.5193038827821,0.3128569398867,0.4086268987950,0.2703535912457,1.0000000000000,0.4366792697626,0.3807716697687,0.3949459086391,0.6709330669414,-0.0375374375168,0.3149713363136,0.0755236679671,-0.0086619623991,0.0390691150728,0.0689606925835,0.0890333422918,0.1045756264780,-0.0351458074110,0.4459478453929,0.4473293225218,-0.2697368837966,-0.1244368471764,0.5179670558747,-0.3713600714204,0.6380437853556,0.0292008998723,0.3189832856649,0.4406184930921,0.3244329005154,-0.2099363506715,0.1376174885464,0.2610750216066,0.1676130370170,0.3531574747678,0.3156782900851,0.4931867302141,0.1848623526840,0.3272028791478,0.1430540036261,0.8556026413033,0.3743264751829,-0.0506221049610,0.3398664779331,0.6029278476653,-0.1868415395998,0.0714457235886,-0.0567971485080,0.1746379992268,-0.1762706698650,-0.0596962435466
0.3693313629483,0.6023648763635,0.4321382329564,0.7498225860472,0.3520911385612,-0.0523160171481,-0.1299624415380,0.2968645628829,0.0647569430248,0.3771170565093,0.1332572920750,0.6754580297410,0.3417555155250,0.4632426885096,0.4230003803915,0.4179365284715,0.4518111384641,0.5336301651586,0.6163390551047,0.6444658556421,0.3151642442797,0.4468316707923,0.5854839875837,0.4763892859552,0.4366792697626,1.0000000000000,0.6921325554451,0.6777822800734,0.2402616111243,0.4008907612933,0.3337168978106,-0.1796603388582,0.1384048781496,0.4727630547345,0.5560385469056,0.1264989200971,0.4472033385287,-0.0977635426739,0.7518178017949,0.3177951202498,-0.1048499645903,-0.0866444207154,0.0500709228474,-0.1115676227022,0.4090588618936,0.0460283557345,0.6323582871669,0.1619221569275,0.3900215276180,0.0707220681020,0.3120429885658,0.4281661116227,0.3260498019442,0.6094461230445,0.4558258036146,0.2658536510240,0.3297376349201,0.5590039201155,0.3729281068615,0.5464852237880,0.8412171220466,0.3685921731074,0.5582528888245,0.2116469106862,0.1281236983307,0.1061798555790,-0.4205485545522,0.2402898588832,0.1118197280951,0.4792281065241
0.4475346856543,0.5618219002750,0.7745819933437,0.7702851226554,0.4293605949346,-0.0714105170036,-0.1664454145818,0.2459173377349,0.2414704972807,0.1674831689171,0.3212098526648,0.6204537579145,0.4857263570989,0.3765712865773,0.5074945969007,0.3869440675823,0.4761317282993,0.7778058826083,0.6776867851949,0.7754368959700,0.3934523793617,0.5594684871173,0.5514092499276,0.6993299070820,0.3807716697687,0.6921325554451,1.0000000000000,0.7739496925987,0.3993567774952,0.4066689553026,0.4915121944297,-0.3015306819019,0.1175896094481,0.4937706736896,0.5738613286301,0.1160805946031,0.3767435484213,0.1090090828752,0.7706770306153,0.3864362800204,-0.0864575705986,0.0399096691076,-0.0190625817474,0.0217731039529,0.2509024649546,0.2032504891756,0.6639452796745,0.2441600117252,0.2190218793698,0.1321064747943,0.4210938498564,0.4125203421538,0.5341313925548,0.6462675401067,0.5979653487028,0.3582152386929,0.3913368588067,0.4529061658746,0.4703766177291,0.4782998892528,0.6230016328040,0.6057415569637,0.6741944823614,0.3113181409900,0.1192814181299,0.1468365244295,-0.5810042125620,0.1727638509336,0.1127139148412,0.4930046710039
0.3446119488023,0.4038278235743,0.7013948619158,0.6850810820867,0.2917705896690,-0.1989681947937,-0.2935846474508,0.3406020060212,0.0780890998087,0.3393372762304,0.1241557827508,0.5369049820813,0.2815777256776,0.3899869627800,0.5021380932128,0.3331046704470,0.4563313931953,0.5371042020358,0.6834630548861,0.7520817522375,0.2345572358247,0.4781864332853,0.5511544242375,0.6348001911209,0.3949459086391,0.6777822800734,0.7739496925987,1.0000000000000,0.2189978299804,0.2806183186260,0.2758836758944,-0.1840562033084,0.0154783338038,0.4326323242440,0.3651240237860,-0.0133639455128,0.2859588287295,0.1117362857662,0.7017428467717,0.3007127591770,-0.1566917421123,-0.1443454019407,0.0116886303512,-0.1114620370346,0.3709077043797,0.0316442091351,0.5249004589740,0.0541094650634,0.3021817913429,0.1194931882479,0.3325849926868,0.4225976540963,0.3005719016870,0.6220949693772,0.4822928962324,0.1935889561490,0.3560495015015,0.4887925254334,0.4446286133448,0.4518034967645,0.6729795853099,0.3955487162043,0.9063560305280,0.1970348720078,-0.0138978869953,-0.0308065316496,-0.5026409785445,0.1282183952641,0.0937356522583,0.2812375693151
0.2646299298851,0.3937683945143,0.4652553291623,0.4172261969261,0.4640132709525,-0.1388636256332,-0.0147175206579,0.3445063835535,-0.1500445390632,-0.0096282381887,-0.0139670935979,0.2802655434680,0.4095735031217,0.1538498806934,-0.1902131794730,0.1613938724313,0.4724703716252,0.4241023406587,0.0443549622040,0.2804280688430,0.5398911746090,0.5691378492570,0.3536085542040,0.5155562807973,0.6709330669414,0.2402616111243,0.3993567774952,0.2189978299804,1.0000000000000,0.0571874691880,0.6051965980518,-0.1539116043224,-0.1144785465723,0.0530891517860,0.2072591828489,0.2111685046608,0.3119504449254,-0.0114750980821,0.3367350516173,0.3124870935570,-0.3886413504444,-0.1985617568719,0.2855140680713,-0.3720396229467,0.0420161037928,0.0142250580452,0.2421761867946,0.4504615988825,-0.0390473664728,-0.4776824133721,-0.0084930033711,0.4292911530416,0.4924224443059,0.0501963596505,0.2603398506689,0.5317707343809,0.4504699276313,0.3143911412293,0.4419833725280,0.5878394316449,0.1184734491246,0.0875446216179,0.1628521698687,0.8884241075637,0.0296107714080,0.4855815796692,-0.1604235786749,0.0412378970976,-0.1267334139914,0.1558104495109
0.4837997205079,0.4782924837880,0.1243120265986,0.5436258228060,0.2112133466090,0.1479478935728,-0.0567159341746,-0.0959737085834,0.2112854867486,0.0539082731633,0.3152527988837,0.3533534394924,0.3499009161966,0.1885160208455,0.4480796076039,0.1471753284622,0.2146804540725,0.4094535221835,0.3270289182137,0.3156511167375,0.2110097829492,0.3826813355431,0.5140981163920,0.3652055461687,-0.0375374375168,0.4008907612933,0.4066689553026,0.2806183186260,0.0571874691880,1.0000000000000,0.3921057894992,-0.0595076684890,0.3502565557620,0.7334721798877,0.5932219341685,0.3876154134609,0.3957503167290,-0.0651736293941,0.4823736660752,0.2286775061448,0.1440707300248,0.0590688942843,-0.2139314450399,0.0637266953345,0.0880086651014,0.1785854834927,0.4026521178808,0.1854491944257,0.1223451877469,0.1596528081762,0.3308246560093,0.2660267715251,0.3150386015933,0.2369542567701,0.2514083133578,0.1829926489973,0.2229358049916,0.4743099068093,0.3364206357542,0.1892090982329,0.3916752742108,0.3327008468167,0.2547456108336,0.0572382385653,0.7678232674796,0.1882433071988,-0.1887416254434,0.2513719018364,0.6386729994784,0.6796824509105
0.5353504705855,0.4976086651162,0.4005301061844,0.5215609350872,0.1973621718766,-0.0349466181241,-0.0724891927815,0.2817273306009,-0.0913050961380,-0.1061286980425,-0.0231202010507,0.3816541782760,0.3049085488778,0.1166016796912,0.0322154747841,0.1243478241504,0.5298175249026,0.6727449656254,0.1957590319419,0.4230896487345,0.2776942634045,0.6423094471421,0.5063104537995,0.5616618687320,0.3149713363136,0.3337168978106,0.4915121944297,0.2758836758944,0.6051965980518,0.3921057894992,1.0000000000000,-0.1550137904173,-0.0813091066394,0.4104279174198,0.5832757018276,0.4796844168626,0.4020677715606,-0.0926239658919,0.3898472926434,0.1217700951591,-0.2096802096773,-0.2787349809179,0.2147710099746,-0.3171116613925,-0.0576407210622,-0.1201611177743,0.3044222087405,0.2141233685010,-0.0828452101778,-0.3868818327820,-0.0441893835784,0.5008828823420,0.6922093707917,0.1274421971365,0.4151187086058,0.2461954282632,0.4999756508122,0.4617108954841,0.4883354878377,0.4208643853277,0.2540246361021,0.2303767678285,0.1851164024466,0.5507016928869,0.1925864058698,0.7353661557992,-0.1477097258940,0.0945258339716,0.1284690362719,0.5557397232251
-0.0939695939441,-0.3031242601813,-0.2677779084880,-0.1658096842459,-0.0445321392780,0.2277576902764,-0.0024577112582,0.2131887676204,-0.0261731289171,0.3119776740342,-0.0883538236356,0.0372396540460,-0.1510651281017,0.3823531319867,-0.0045193327075,0.1772331188508,-0.2586057154369,-0.2627451479319,-0.0979828181329,-0.0515396823374,-0.1184747406975,-0.2144084674436,-0.1282759892031,-0.2774294658938,0.0755236679671,-0.1796603388582,-0.3015306819019,-0.1840562033084,-0.1539116043224,-0.0595076684890,-0.1550137904173,1.0000000000000,0.1153097160938,0.0374191559424,-0.2005452970483,-0.0888520509096,-0.2866490351747,0.0266935476873,-0.1974653441474,-0.0273727825009,0.2441523612611,0.0465498783757,0.2120434845335,0.0195254787823,0.2344935574701,-0.1176217162602,0.0011322264938,-0.0431626857481,0.4452681791494,0.1340854600261,-0.0077347941122,-0.3010128973882,-0.2545519287214,-0.0047257410227,-0.1080793466425,-0.1464390911622,-0.2522427655695,-0.1699792141760,-0.2529168797185,0.0125086094166,-0.0489365091828,-0.2819681617797,-0.0893605505989,-0.1076792821998,-0.0726532685358,-0.2289344042802,0.7594580062156,0.0639848695324,0.1733614730238,-0.1477074391508
0.1313124311831,-0.0249012063312,0.0048300231684,0.0803897643276,0.0211802502692,0.4751887860972,0.3035754192023,-0.0693988555807,0.4843627845861,0.2612140698317,0.3551190943901,0.2459055794563,0.1714971296844,0.3777699533325,0.3734310346781,0.2804413626524,0.0006583076117,0.0714779837403,0.1107929154790,0.0772842091689,0.0267835529494,-0.0285123417210,-0.0524721842687,-0.0342962383416,-0.0086619623991,0.1384048781496,0.1175896094481,0.0154783338038,-0.1144785465723,0.3502565557620,-0.0813091066394,0.1153097160938,1.0000000000000,0.1108658474204,-0.0021934839777,-0.0295772378608,-0.1260068206634,0.1447431032909,0.0773563392231,0.0261570185012,0.4583287168396,0.4485870906876,-0.2066643982360,0.4323012368930,0.1862351427413,0.3091895954424,0.2946832736758,0.1098407127921,0.3143533189857,0.3720887873032,0.4673384697586,-0.0420958623483,-0.0713921972587,0.0872384246267,-0.0474573180560,0.0105252054517,-0.0791233678064,-0.1028582257274,-0.0311706075033,0.0197248294803,0.1836858460636,0.2124457264840,0.0348733602653,-0.1712916447718,0.2649465602523,-0.1623061074824,0.0276735985563,0.6442262700518,0.2273385045267,0.0411339522407
0.3525652424971,0.5340457074828,0.2249758855662,0.6467988044759,0.2883539789776,0.0554690937947,-0.2300477370532,-0.0257323365761,0.0805345015982,0.1151110502173,0.2509555217535,0.3936805417501,0.3400542750645,0.2515861268343,0.4023367779412,0.2329667334256,0.3451993103101,0.4608861363195,0.3836409235957,0.4319127401186,0.2216390647698,0.5116369584635,0.5873583815200,0.5344055327476,0.0390691150728,0.4727630547345,0.4937706736896,0.4326323242440,0.0530891517860,0.7334721798877,0.4104279174198,0.0374191559424,0.1108658474204,1.0000000000000,0.7452985495891,0.1989979340806,0.4633886012220,-0.0873544490130,0.6197408031862,0.2958127892543,0.0727088271123,-0.0245680949842,-0.1357272682597,0.0157930866871,0.1949451471192,0.1276020968206,0.4621276828806,0.1253857653192,0.2070593667652,0.1364789810621,0.3541582037809,0.3752925088488,0.3884305568030,0.3986868533025,0.3480522506685,0.1725132068626,0.4039575322762,0.5681730116534,0.4881583152795,0.2902089083685,0.5108176724077,0.2986389729389,0.3734853987892,0.0906348019448,0.5271718102736,0.1756605268039,-0.1892069771396,0.1054906427714,0.7090412040721,0.7538357096320
0.3962468048969,0.7502137144473,0.2657627977987,0.6884495147139,0.3001511627030,-0.0230681129655,-0.1984202366769,-0.0814758021936,-0.0346158315835,-0.0547982554354,0.1756910665350,0.3651623483149,0.3828197853579,0.0218686715734,0.2382656274707,0.1655473287101,0.4626590924530,0.6527768396815,0.3387553596874,0.4287816768500,0.3218835592319,0.5324679040772,0.6659296060043,0.5583923589575,0.0689606925835,0.5560385469056,0.5738613286301,0.3651240237860,0.2072591828489,0.5932219341685,0.5832757018276,-0.2005452970483,-0.0021934839777,0.7452985495891,1.0000000000000,0.3146716210389,0.7116821179351,-0.1703605853434,0.6843550864440,0.2695666464649,-0.0398168751272,-0.1051834591386,-0.0636379002524,-0.0724420519872,0.0445762045971,0.0543361780422,0.4176202155689,0.1781467169267,-0.0070199684791,-0.0770901272790,0.2509433155987,0.4770087544723,0.6348099845390,0.3192272278816,0.4921180279308,0.2452070374882,0.4470327348878,0.6597879046083,0.5255330042198,0.2937216341330,0.5548384729280,0.3458595156617,0.2565868629836,0.1928380853729,0.4458066466963,0.4420148411002,-0.2980649903316,0.0680505872989,0.4972844018403,0.9055717236441
