1.0000000000000,0.2056697169807,0.4861712048050,0.0840374850183,0.2925555498269,-0.2198283630247,0.0116534223310,0.3714294450952,-0.0316547020513,0.2558595477777,0.0479005224553,0.3455467906294,0.1962587715431,0.3725425864546,0.4358784628126,0.4114360115261,0.3163763496045,0.5753451410038,0.3273578504265,0.4757604456715,0.3139502335393,0.2515726949664,0.2770460643246,0.3457398452034,0.3096850000919,0.5561895227689,0.3148010970585,0.4259683401676,0.2129701325061,0.3904196919432,0.5067981264279,0.0081398120050,-0.0850964361352,0.2355279307420,0.5076414366413,0.4657414413102,-0.0911882221547,0.0240955376201,0.2786770351904,0.1505062234790,0.1232049210651,0.0141571376202,0.2944687482265,-0.0705031077557,0.2352219586958,-0.2335027907882,0.2326940632732,0.0218894962921,0.2160368080704,0.1452138040601,0.4595458374549,0.3251388531562,0.2865081798765,-0.3300157759666,-0.2814189780506,0.1294169805185,0.3355077369400,0.3636271666961,0.2379541011161,0.2203916789795,0.1780490840785,-0.3973340454553,0.2557367102178,0.0797438788951,0.2542113669711,0.3695172582516,0.0459211525456,0.1658883966349,0.2167338826206,0.2615565981103
0.2056697169807,1.0000000000000,0.0778387081333,0.4124355080389,0.2023161757689,-0.0878942732726,0.0502205368197,0.0992127108740,-0.2044614860866,0.1825002851270,0.0750497839098,-0.0284572621090,0.2324470255989,0.0426622980008,0.1918893198919,0.1804173669003,0.2046996778468,0.3060604989700,0.1724946246794,0.3918230516959,0.2058326715023,0.2647665778496,0.4316182745417,0.2600586805415,0.3069605622763,0.4665769499256,0.3393350268631,0.2635286203717,0.1691441252597,0.5265455794213,0.2736567829788,0.0268215801826,0.1041764205038,0.5773185215432,0.6158606140047,0.3074403730798,0.6633483819587,-0.0163680080910,0.5237748725930,0.1315683140328,0.1644605492604,-0.1253807039415,0.0638110068893,-0.2378318537788,0.1931146587079,-0.0283099508545,-0.1421217169385,0.1413481064938,-0.1365194646525,-0.2200965744639,0.1913076228298,0.1782001865778,0.1731487740725,-0.2171121866425,-0.2115209641004,0.1437642516212,0.2795103978690,0.4343371683334,0.2632317697432,0.3027172337437,0.3042293951434,-0.1690816956408,0.2291501725633,0.1652856270989,0.3307862105840,0.3041932332268,-0.1025319673120,0.1076730307563,0.4615371589834,0.4461533583175
0.4861712048050,0.0778387081333,1.0000000000000,0.0251807529252,0.0814952632736,-0.2292462084376,-0.0252140977518,0.5075437539554,-0.0306944338564,0.1808164620670,0.0144999354454,0.4078877972085,0.0121983279235,0.3486717466787,0.1700053491796,0.1510667545609,0.2969628264882,0.5220895752881,0.3697691635431,0.2829226455704,0.1369128273622,0.1148670150901,0.1155031225986,0.3317500259715,0.2272114807642,0.4313396675638,0.4235060178157,0.7888750890045,0.1516109209596,-0.0138012418429,0.4459128450579,-0.0700850769953,-0.0448194885291,-0.0096315314421,0.1970441855595,0.0883426041515,-0.0902619785514,0.5216791974464,0.2449201611014,-0.0226529963788,0.1252138905478,-0.0440743796736,0.4806726799455,0.0200884753886,0.0997822805822,-0.1579197047914,0.3207067076783,-0.1330021106524,0.2412288187525,0.0153365487477,0.1653525294068,0.2816172833048,0.1311059245784,-0.1311867588910,-0.2547492485153,0.0249922698004,0.1964046426721,0.2278856208959,0.2343987515997,0.1937927103542,0.2015234892713,-0.1512816076485,0.6286462768746,-0.0554500757196,-0.1305240376202,0.2473380327306,-0.0389045508459,0.0488841250237,-0.0649770323906,-0.0370843241625
0.0840374850183,0.4124355080389,0.0251807529252,1.0000000000000,-0.1710407406773,0.3145764372936,-0.0782608756341,0.3657336388988,0.1831445581954,0.2739189377906,-0.1274754128203,0.1018510648532,-0.1388707994746,-0.0390095729262,0.0877966262981,0.1715932710967,-0.0274413638834,0.2577816425006,0.0448008496898,0.2205371002456,-0.1106071773954,-0.1777584382130,0.5540744670074,-0.1035460454467,0.4252938514332,0.4538470791624,0.4774343971269,0.0407062259309,-0.0600799777487,0.2164277208956,0.2089864325101,0.2909891538206,0.0818372128161,0.1772574625648,0.4436240561757,0.1807603139656,0.4432974026058,-0.0259788035906,0.6273708045469,-0.1675631193165,0.2673793490819,-0.2262673042367,0.0999899580014,-0.0687006229116,0.1764862368492,-0.1806983808357,0.0799273880586,-0.1068385479618,-0.1207358961242,0.0100340995506,0.1102562435754,0.0037200128863,0.1432035260211,-0.0018722199971,-0.0494150172290,-0.1232412733680,-0.0874181250915,0.4108241909449,-0.0743379952341,0.2470126747689,0.5433653202056,0.2681973231010,0.0337277119416,-0.0631625271065,0.0352669783682,0.1425060109492,0.0707422453135,0.1671363632891,0.1482611066378,0.4865846678073
0.2925555498269,0.2023161757689,0.0814952632736,-0.1710407406773,1.0000000000000,-0.3983746611191,0.3430678638305,-0.1225581371078,-0.2546561364188,0.3826518484734,0.5161571784714,0.0165477281444,0.8184325021462,0.2116827169731,0.0614004735632,0.2569486904708,0.5109880481156,-0.0641622728310,0.0450349939759,0.0378132592069,0.8020979962834,0.6586277374737,0.1826312022229,0.5268902491245,0.3744565516233,0.0922652021428,-0.1190970321024,0.2108890553545,0.6297708353696,0.2332157068871,0.0461952612191,-0.1801330257939,-0.1211809521867,0.3989356749464,0.1066193612323,0.0468615077065,-0.1911230234756,-0.1484414659970,0.1135497169725,0.9287058919004,-0.0657125323865,0.2783997658117,-0.0395784815427,-0.0254273122110,0.4845089216283,0.2892689961146,-0.0922419190485,0.7336597209086,0.0616233691727,-0.2362508135063,0.3174426412729,0.4868540191014,-0.0982683032503,-0.4607046743145,-0.3845679524989,0.7728204969706,0.5923391932121,0.2239039294433,0.4766756114202,0.4870686856770,-0.3143383783033,-0.6303898274036,0.1669921327826,0.6193734307214,0.1758798781612,0.0669189217232,-0.1996793221838,0.0056817489705,0.2763111016857,-0.1596675181379
-0.2198283630247,-0.0878942732726,-0.2292462084376,0.3145764372936,-0.3983746611191,1.0000000000000,-0.1517729417279,0.2103677716158,0.4547678107174,-0.1015930611818,-0.3264631575049,-0.1897423164284,-0.4182089194774,-0.2844847441649,0.1967274593121,0.0900919225517,-0.2927901828827,-0.1129230283328,-0.0975160571675,-0.1228334127512,-0.3709941111164,-0.3147263566261,-0.0243794178653,-0.3284390077711,-0.1627904527680,-0.0545228201900,0.0347924339491,-0.2480059157437,-0.2382801125320,0.0267221560121,-0.0309213960562,0.4374467503574,0.4049479381736,-0.1073710693917,-0.0450788518910,-0.0796156959756,0.0077176735651,-0.2197567142361,-0.0248476863756,-0.3322459570537,0.2744399173002,-0.1286161290248,-0.1353858284291,0.1455347756373,-0.2105142070015,-0.2390301416757,-0.1416635269469,-0.2990683457814,-0.2867012920432,0.2475819048358,-0.0906231880310,-0.2836551298390,-0.1134756916163,0.1169446800906,0.1119287031972,-0.3212098352477,-0.3858481917099,-0.2409039264848,-0.3724839165480,-0.3096483969928,0.1729931337982,0.2496460137807,-0.2396376158993,-0.2792643394545,-0.0697429672793,-0.1921334707732,0.2018120298023,0.2844766913754,-0.0951873889655,0.1569901654173
0.0116534223310,0.0502205368197,-0.0252140977518,-0.0782608756341,0.3430678638305,-0.1517729417279,1.0000000000000,-0.0717188599931,0.3479386694751,0.2028181881684,0.7462049163868,0.1583747180461,0.5579470518471,0.1328706074815,0.3372293360865,0.3496270010793,0.0841301922670,-0.2558925868021,0.1700131678460,0.0060947926858,0.2011878400529,0.0991598317513,-0.1462798399711,0.0428975936469,0.0560247395176,0.0433066361549,0.0975956706533,0.1048307110309,0.2459407621093,0.1602683684983,-0.2522298675178,0.1375708646607,0.0008414481883,0.1224209097238,-0.1306120603998,-0.0007519071221,-0.1414036640450,-0.0409091145673,0.1020085007820,0.3667748263196,0.2390602470730,0.7151296555843,-0.0806906449621,0.4231518379746,0.2229036928696,0.7149515546748,0.0216468715280,0.6072031173837,-0.0303992392344,0.1250647272786,0.3460444013878,0.0431364723455,-0.3265280397766,-0.1013252782779,-0.3587586779744,0.2805223421419,0.0054742515858,-0.1247123783710,-0.0576405184545,0.2494843643840,-0.3063788609723,-0.1895353756154,0.2025598776405,0.3643053618825,0.1977236144047,-0.2642056659586,-0.0588786109583,0.2427630627317,-0.0078536319389,-0.2424131526391
0.3714294450952,0.0992127108740,0.5075437539554,0.3657336388988,-0.1225581371078,0.2103677716158,-0.0717188599931,1.0000000000000,0.2306889352024,0.3841212174130,-0.1414428748749,0.2658135186028,-0.1643129056340,0.2019842789779,0.4108894110587,0.2836799413312,0.0181683320066,0.3767484552183,0.2697901033052,0.1925838806205,-0.1638435274224,-0.1409745567214,0.2325191851901,-0.0284578003882,0.3846489099484,0.5307193028475,0.4364222047192,0.4105199679142,0.0663852083910,0.1361858938431,0.4231577859519,0.5324846321329,0.0659098857553,-0.0241868819041,0.2596668085304,0.2016599039084,0.0058778806964,0.0960165012755,0.3030709964025,-0.1920963529859,0.3682193995308,-0.1395061234103,0.5261976896252,-0.0696793299004,0.2208789921035,-0.1870771448354,0.1662254585295,-0.2523675945688,0.0892166486342,0.2062992626810,0.2753143070139,-0.0070542935064,0.0059056978366,-0.1570829942827,-0.2538613891826,-0.2199153022671,-0.1318988401496,0.1303104563400,-0.1506985166930,0.2101569233523,0.4102550819817,0.0525708431224,0.3304204320177,-0.1015302939093,-0.0732679861751,0.0001322417055,0.1457760922022,0.3070377233706,-0.1160557885000,0.1872606256869
-0.0316547020513,-0.2044614860866,-0.0306944338564,0.1831445581954,-0.2546561364188,0.4547678107174,0.3479386694751,0.2306889352024,1.0000000000000,0.0172251237190,0.0933739939850,0.3242149206906,-0.1483674217166,0.0980380043572,0.4382993238157,0.2240599947156,-0.1866714356000,-0.0835034061321,0.1000331740881,-0.0303217615231,-0.2798446452953,-0.3291681839497,-0.0827411287459,-0.2717373120337,-0.0956874605546,-0.0037522986179,0.2016582181444,-0.0125644119521,-0.0756139160644,0.0887227132996,-0.0338562060594,0.4060847696129,0.1818013186355,-0.1183455981841,-0.1635549604889,-0.0550337076797,-0.2091014983341,-0.0480830044638,-0.0821366357740,-0.2220659368350,0.1245060745510,0.2941556432537,-0.0945825356871,0.5494557219848,-0.1096131732028,0.0885125552039,0.1542188345643,-0.0519824578054,0.0442889596777,0.3980949536164,0.0130903012024,-0.2083007137900,-0.2091902639393,0.0936885505161,-0.0807401151781,-0.2148819025021,-0.3764663630994,-0.2489758411787,-0.3735729772456,-0.1073640035046,-0.0430385397449,0.1992414494849,-0.0246450011146,-0.0823514273565,-0.0353506292955,-0.3125386748919,-0.0342364454460,0.1280597791254,-0.1497507516790,-0.0299198023136
0.2558595477777,0.1825002851270,0.1808164620670,0.2739189377906,0.3826518484734,-0.1015930611818,0.2028181881684,0.3841212174130,0.0172251237190,1.0000000000000,0.1780111591864,0.1404606964145,0.3665092986607,0.2381591444702,0.2059927470890,0.4312826133388,0.1183267274909,0.1024586777017,0.1275769648197,0.0670139946409,0.3068118879883,0.0754044230928,0.2834763789616,0.0297506671092,0.6372547829458,0.3496368054438,0.1435513429057,0.2524724475941,0.1132920984138,0.1656363378933,-0.0009948557327,0.3779366478814,-0.0622089232306,0.1928646443330,0.1630708251576,0.0793881361744,-0.0186097061345,-0.2268933790394,0.2889274067479,0.3756384183408,0.1382865409494,0.0780918719444,0.0934134187514,-0.1515039291963,0.8341361635080,0.1214957160729,-0.0071036370194,0.3226281040245,0.2018430582011,-0.0042046058015,0.3845466756818,0.0951524424693,-0.1836291938576,-0.2919503936514,-0.2463178276564,0.3168785966763,0.0944895856864,0.1343477721368,-0.0080299114969,0.4866173749068,0.1874275465860,-0.2497719546982,0.0612376707198,0.1143736269621,0.1419105504053,-0.1985878963830,0.1314887795977,0.1442233431805,0.1273252568674,0.0847055184537
0.0479005224553,0.0750497839098,0.0144999354454,-0.1274754128203,0.5161571784714,-0.3264631575049,0.7462049163868,-0.1414428748749,0.0933739939850,0.1780111591864,1.0000000000000,0.0120142866149,0.6023448116904,0.0831269785072,0.1477407191876,0.1289696163480,0.2731701745127,-0.2534823373708,-0.0343177103596,-0.0595785272200,0.3621972389700,0.3148770882555,-0.0610069630571,0.2374905896151,0.1628945433190,0.0101746788274,0.0724440134198,0.1117253503645,0.4844349885139,0.0416519831494,-0.1935512999168,-0.0855792491144,0.0035171965104,0.1235017221779,-0.0878957503141,0.0219857427815,-0.1606894420975,0.0010997556242,0.1153053344938,0.5448741102398,0.1391927823727,0.5353035778441,-0.0034083066777,0.3570565020326,0.2758696485954,0.8189164811633,-0.1017449598171,0.5983133154929,-0.0834542788513,-0.1736400226427,0.1663237978774,0.2219518382402,-0.2822274452656,-0.2995486222806,-0.4489112946651,0.3935302570593,0.2405006804013,-0.0053710199744,0.1593347271496,0.4295568238387,-0.3719263215314,-0.3113350345101,0.2026300913817,0.6278268114535,0.0036515495952,-0.1657687841928,-0.2377599080200,0.0623016120165,-0.0050730757038,-0.3000237016852
0.3455467906294,-0.0284572621090,0.4078877972085,0.1018510648532,0.0165477281444,-0.1897423164284,0.1583747180461,0.2658135186028,0.3242149206906,0.1404606964145,0.0120142866149,1.0000000000000,0.0391393968462,0.7359216547975,0.2268160116122,0.3234715494524,0.0670932534453,0.2461846477764,0.4717859111986,0.2120651805003,0.0754119617760,-0.0964761184284,0.1194060472194,0.0158528732694,0.0449706463398,0.3519959988036,0.1747250287816,0.4405824148099,-0.0455430689501,0.1890527639624,0.1285822231317,0.0865761941451,-0.1533115289803,-0.0037106136578,0.1505661015110,0.0815267055260,-0.1183193184650,0.1766276920627,0.0822207505806,-0.0221493175447,-0.0422917685535,0.2196552666878,0.0608387395877,0.2568831646213,0.0163471497008,-0.1084868359780,0.7938806357152,-0.0498667069812,0.6311977622842,0.3486752880095,0.2152362009169,0.0740327958642,0.0139172803984,0.1191679229125,-0.0403103462420,0.0147099787225,-0.0458159096985,0.0803086166877,-0.0276821942332,-0.0351929469904,0.2113852042887,-0.0357514802939,0.3626387943374,-0.1570738423923,0.0974707078644,-0.0319955263924,-0.0101821265991,0.0041683032717,-0.0362083747375,0.0424804585281
0.1962587715431,0.2324470255989,0.0121983279235,-0.1388707994746,0.8184325021462,-0.4182089194774,0.5579470518471,-0.1643129056340,-0.1483674217166,0.3665092986607,0.6023448116904,0.0391393968462,1.0000000000000,0.1845782782094,0.1643747576951,0.3435375000880,0.3570948581903,-0.1188493970675,0.1660187815525,0.1628389401343,0.7896185630867,0.5013584681215,0.1295203114205,0.3668254007272,0.2526882922228,0.0953239749368,-0.0915364201412,0.1550291643350,0.5211069508621,0.3360786903663,-0.0360682222305,-0.1056134501485,-0.1120091482392,0.4778850134268,0.1210988782127,0.0794950198814,-0.1211711354799,-0.1041949290795,0.1819237384803,0.8082752349287,0.0110727211813,0.3474029505510,0.0003278636967,0.0201469575613,0.4800436718738,0.4203523398015,-0.0621821320322,0.9150402879718,0.0619410032680,-0.1044036190805,0.4178437940329,0.3280934697289,-0.1530479352238,-0.2592789733820,-0.3046366321430,0.7919543811479,0.3943671976423,0.2003860197438,0.3118830185098,0.4357394412172,-0.2906253426932,-0.5215899606784,0.1694260601351,0.5490710623221,0.3462250684300,-0.0157746521764,-0.1138847549465,0.0459107372880,0.3854368478593,-0.0996753200901
0.3725425864546,0.0426622980008,0.3486717466787,-0.0390095729262,0.2116827169731,-0.2844847441649,0.1328706074815,0.2019842789779,0.0980380043572,0.2381591444702,0.0831269785072,0.7359216547975,0.1845782782094,1.0000000000000,0.2501053943892,0.3738089652896,0.1085783271530,0.0851315893069,0.4538431863455,0.1691584013470,0.1680172914065,0.0331149988758,0.0880435658161,0.0485580645805,0.1428051071231,0.5024881212259,0.1054710326801,0.5046410413459,0.0277646667431,0.1894076698536,0.0511015018770,0.0411154721158,-0.0726180165089,0.0234465523030,0.1325793372768,0.0714097026645,-0.2039316848812,0.0389909193758,0.0467965063006,0.1097850230190,-0.1164303781155,0.2348324164710,-0.0180549112218,0.1625160555574,0.2043046481626,-0.0291112239646,0.6597367276175,0.0592072228014,0.7830441507744,0.2514974911538,0.2532885425678,0.0984754581916,-0.1474170158996,-0.0763436049017,-0.2134932701614,0.0813566846783,0.0800934433229,0.0467606929034,0.0197753037187,0.0151280035331,0.1589071726560,-0.3111353046991,0.3916000727320,-0.1066570971514,0.1286949908939,-0.1153486501807,0.0631170998258,-0.0058920305943,0.0027245129458,-0.0398165777267
0.4358784628126,0.1918893198919,0.1700053491796,0.0877966262981,0.0614004735632,0.1967274593121,0.3372293360865,0.4108894110587,0.4382993238157,0.2059927470890,0.1477407191876,0.2268160116122,0.1643747576951,0.2501053943892,1.0000000000000,0.4127958924874,-0.0562811214861,0.1891584126065,0.5110863196983,0.4610249142003,0.0234997630997,-0.0654239186504,0.0851805210304,-0.0811894771413,0.1079801223918,0.3521225683114,0.2633799121611,0.2082901820665,0.1019582403427,0.5331239711555,0.1712852180460,0.4339872656221,0.3416430656146,0.2213792987706,0.1855421172071,0.3785535918053,-0.0548231347581,-0.0410540289955,0.1908242654116,0.0078188707527,0.2842889202305,0.1862285856940,0.2087414759727,0.1654710233922,0.1842894155968,0.1044523724135,0.0002139851310,0.1039472150386,0.0666930993961,0.5808131062421,0.2756582556809,-0.0977390355221,-0.0600983373443,-0.0004104723197,-0.1259973846374,-0.0395088297775,-0.1435360148561,-0.0140109885723,-0.1843906329650,0.0750240209124,0.0754685121261,-0.1711080630942,0.1542685267585,0.0698542632450,0.4065933747297,-0.1249720970742,0.1192916277846,0.3277145302780,0.1217079679184,0.0958637862825
0.4114360115261,0.1804173669003,0.1510667545609,0.1715932710967,0.2569486904708,0.0900919225517,0.3496270010793,0.2836799413312,0.2240599947156,0.4312826133388,0.1289696163480,0.3234715494524,0.3435375000880,0.3738089652896,0.4127958924874,1.0000000000000,0.0483104851856,0.1659185974793,0.2655822373424,0.2538853461534,0.2662384542651,0.1202423535840,0.0819851743739,0.0719193559722,0.3359192211136,0.4560509403318,0.1539369870845,0.2129907881622,0.1257739742554,0.3925890250250,0.1364038194014,0.1878257887421,0.0740920527989,0.2143974026382,0.3737856827721,0.2517541104584,-0.1092947005676,-0.1379719183705,0.2784909780593,0.1622826543134,0.2438143424354,0.2934405610524,0.0329391919842,0.1438123787196,0.3295978075843,-0.0252647069791,0.2802849997643,0.2441064391136,0.2512812491317,0.2391460133311,0.7313301342737,0.0785135812315,0.0186364256337,-0.1361255768854,-0.2171810783166,0.1526995308740,0.0899510662633,0.0683328472562,-0.0158480361791,0.1954673949169,0.1559475505720,-0.2481659827163,0.1485847680730,0.0144044230826,0.3249715223337,0.0087293883118,0.0769293085374,0.2441147873375,0.1764378546789,0.2624138583641
0.3163763496045,0.2046996778468,0.2969628264882,-0.0274413638834,0.5109880481156,-0.2927901828827,0.0841301922670,0.0181683320066,-0.1866714356000,0.1183267274909,0.2731701745127,0.0670932534453,0.3570948581903,0.1085783271530,-0.0562811214861,0.0483104851856,1.0000000000000,0.1848239203280,0.0795728952020,0.1018442500923,0.5087141645190,0.6964295631025,0.5417147791187,0.7982613609310,0.2684037669371,0.1202903698820,0.1083392494285,0.3642368122612,0.5675609203136,0.1798439664883,0.3850473104771,-0.2150902154516,-0.1412267189359,0.3848248617757,0.1452077632394,0.0204031852368,-0.0838430073622,0.0943437530923,0.2709214147595,0.4751478364192,-0.1445033127415,-0.0572679954256,0.0899862237757,-0.1181937533077,0.1294557523181,-0.0485318960756,-0.0127449311303,0.3053837248835,0.0187338063072,-0.3234070289060,0.0156436743084,0.9550060988645,0.0231921028066,-0.2526254485421,-0.3021657174060,0.4275949591363,0.6565414196669,0.5965387409501,0.7071805093462,0.3832765026739,-0.0860153205147,-0.3679163450386,0.2638890256667,0.4613663613461,-0.0140131926261,0.2449480210535,-0.2093572198685,-0.1565477322812,0.2438378117921,-0.0759284086271
0.5753451410038,0.3060604989700,0.5220895752881,0.2577816425006,-0.0641622728310,-0.1129230283328,-0.2558925868021,0.3767484552183,-0.0835034061321,0.1024586777017,-0.2534823373708,0.2461846477764,-0.1188493970675,0.0851315893069,0.1891584126065,0.1659185974793,0.1848239203280,1.0000000000000,0.2768257574485,0.6583228652184,0.0929378937057,0.1279441513062,0.3671684039123,0.3492116457552,0.1006291648235,0.4601361324222,0.4450438666632,0.3848131337478,-0.0565519715458,0.3212857357174,0.6744472272935,0.0092948256696,-0.0563034008779,0.1988203716207,0.6353886202335,0.4395043123604,0.2780592437007,0.2577502281585,0.3002843335293,-0.1861984834190,0.1415342089594,-0.2722738871095,0.3331222051326,-0.2246549496501,-0.0332388356887,-0.4116298402095,0.1680558488333,-0.2627271032559,-0.0243000897276,-0.0297353198785,0.2192407225564,0.2293705526690,0.7058256089407,-0.0334028478692,0.0563105725882,-0.0774679689557,0.1892811291789,0.4195392566993,0.2825842011849,0.0268571970113,0.3327791750845,0.0438857672307,0.2597004875040,-0.2116472503346,0.1507705851252,0.5544085158418,-0.0817808633912,0.0994309565939,0.2034965656911,0.5250273317158
0.3273578504265,0.1724946246794,0.3697691635431,0.0448008496898,0.0450349939759,-0.0975160571675,0.1700131678460,0.2697901033052,0.1000331740881,0.1275769648197,-0.0343177103596,0.4717859111986,0.1660187815525,0.4538431863455,0.5110863196983,0.2655822373424,0.0795728952020,0.2768257574485,1.0000000000000,0.5776267501497,0.1013021991864,-0.0156009817713,0.1414266859341,0.0312861003862,0.0156704364771,0.3659833596567,0.2570966579017,0.4822369050177,0.0282044859463,0.2937172103141,0.1474648735892,0.1816026812738,-0.0449441703206,0.1838209327090,0.1465023877713,0.0839637477362,-0.0543409014044,0.0420170821753,0.1427539293990,-0.0418173116617,0.1693366611483,0.1180046211591,0.1036931592794,-0.0183960827671,0.0637670917083,-0.0467626732589,0.4072016781254,0.0602543503375,0.1700920423875,0.4065867208712,0.2639376475166,0.0645703210472,-0.0412707191506,0.2846428581253,-0.0363024979474,0.0151974817798,-0.1187089895398,0.0916356037970,-0.0903918826935,-0.0879605306271,0.1258932001894,-0.1650598725199,0.3494577668661,-0.1848486519086,0.2925943466954,-0.1226990840271,0.2400321502730,0.2190681677329,0.0934866512360,0.0271699414815
0.4757604456715,0.3918230516959,0.2829226455704,0.2205371002456,0.0378132592069,-0.1228334127512,0.0060947926858,0.1925838806205,-0.0303217615231,0.0670139946409,-0.0595785272200,0.2120651805003,0.1628389401343,0.1691584013470,0.4610249142003,0.2538853461534,0.1018442500923,0.6583228652184,0.5776267501497,1.0000000000000,0.1880719642729,0.1119647585807,0.3363675861457,0.1934049415214,0.0121150761634,0.4453920003689,0.3969112053702,0.3081948832693,0.0104699081518,0.5254817492101,0.3775425132057,0.0928846712156,-0.0186193332536,0.3836631700181,0.5592880307835,0.4439838307976,0.2756110499444,0.0976189671884,0.3295097520846,-0.0671333207738,0.1850248707985,-0.1463400639076,0.1389968629205,-0.2099193843556,0.0207489665556,-0.1720516071106,0.1215253325258,0.0499302788530,-0.0728388188234,0.1512563488343,0.2756229497444,0.1313065611902,0.5095028154910,0.1895484604708,0.1802663389396,0.0442218625683,0.0718895895616,0.3585722650314,0.1352617814089,-0.0491487211129,0.2387819329075,-0.0122266317262,0.2314692994647,-0.1170316873559,0.4267252871678,0.2641685240128,0.0767379229237,0.1213855735210,0.3826961701552,0.4483751895902
0.3139502335393,0.2058326715023,0.1369128273622,-0.1106071773954,0.8020979962834,-0.3709941111164,0.2011878400529,-0.1638435274224,-0.2798446452953,0.3068118879883,0.3621972389700,0.0754119617760,0.7896185630867,0.1680172914065,0.0234997630997,0.2662384542651,0.5087141645190,0.0929378937057,0.1013021991864,0.1880719642729,1.0000000000000,0.6450207981929,0.2832273274213,0.5612182287957,0.2824572810204,0.0744888150160,-0.1481847988676,0.2265974040441,0.5335026366483,0.2484413259407,0.1630628700285,-0.1950766189228,-0.1208980711643,0.4471234343023,0.2109470827744,0.0833826586155,-0.0682454716469,0.0194262075808,0.2316657947731,0.8032200233350,-0.1321350937695,0.0651338955456,0.0450687864889,-0.1099310931656,0.4071561339968,0.1059515400656,-0.0304657937816,0.6957610676789,0.1209862076798,-0.1967555951340,0.2624495566094,0.5011849139513,0.0590386151098,-0.2508150510441,-0.1677965865454,0.9012500071362,0.5423327132980,0.3422098376326,0.5193443654744,0.4058867534979,-0.1480372286827,-0.5251074787490,0.1613531850781,0.4721393558174,0.1859444847108,0.1724459450009,-0.1055938628787,-0.1118957250465,0.3955031910822,-0.0203995354310
0.2515726949664,0.2647665778496,0.1148670150901,-0.1777584382130,0.6586277374737,-0.3147263566261,0.0991598317513,-0.1409745567214,-0.3291681839497,0.0754044230928,0.3148770882555,-0.0964761184284,0.5013584681215,0.0331149988758,-0.0654239186504,0.1202423535840,0.6964295631025,0.1279441513062,-0.0156009817713,0.1119647585807,0.6450207981929,1.0000000000000,0.3885110256723,0.8815458651106,0.1973426039629,-0.0419782863367,-0.1645773711398,0.1798819064700,0.6833920574837,0.3141758281999,0.3597145417175,-0.2466832681976,-0.1337869645730,0.5626143505430,0.2053979104765,-0.0986385562611,-0.1083912413569,-0.0571571875653,0.1397645662408,0.6201186634286,-0.1819317222453,0.0341923884944,-0.0556753527725,-0.1754592467905,0.1671117871688,0.0503682205651,-0.1884046750678,0.4330629227394,-0.0407395904515,-0.3947361006850,0.1218873803934,0.6827052927124,0.0680088168043,-0.3208140544121,-0.2750122652783,0.5626899556004,0.8536322795774,0.4630422061769,0.7996699282145,0.3081321059421,-0.2733607283237,-0.5382364171801,0.0852465062023,0.6184582817697,0.1896306561225,0.3206129075664,-0.2572911599533,-0.1530768680843,0.4681226528555,-0.0125025487377
0.2770460643246,0.4316182745417,0.1155031225986,0.5540744670074,0.1826312022229,-0.0243794178653,-0.1462798399711,0.2325191851901,-0.0827411287459,0.2834763789616,-0.0610069630571,0.1194060472194,0.1295203114205,0.0880435658161,0.0851805210304,0.0819851743739,0.5417147791187,0.3671684039123,0.1414266859341,0.3363675861457,0.2832273274213,0.3885110256723,1.0000000000000,0.4428759186488,0.3395036549447,0.3251069091085,0.2039935671898,0.2139973630073,0.2182277502499,0.4286695768631,0.4459852311727,0.1268365299600,-0.0825869519360,0.5375089115986,0.4411376715482,0.1455134593528,0.3045240677675,-0.0774414118145,0.4532080583521,0.1710797676370,-0.0703692600916,-0.3495518453519,0.0626326663442,-0.3322465985329,0.2328289252125,-0.2869994913007,-0.0006709761426,0.1129445983804,0.0156325637183,-0.1348787905227,0.0370406081761,0.5344137279291,0.1908718249846,-0.1082602981104,-0.0631999019115,0.2203212185673,0.3539736477835,0.8250003746659,0.4059598627406,0.2769749126395,0.3237476571815,-0.1385302740760,0.0556380635184,0.1506006188577,0.2095321079432,0.2129090302118,-0.0066180005502,-0.0436822148063,0.4310274699623,0.3938284278276
0.3457398452034,0.2600586805415,0.3317500259715,-0.1035460454467,0.5268902491245,-0.3284390077711,0.0428975936469,-0.0284578003882,-0.2717373120337,0.0297506671092,0.2374905896151,0.0158528732694,0.3668254007272,0.0485580645805,-0.0811894771413,0.0719193559722,0.7982613609310,0.3492116457552,0.0312861003862,0.1934049415214,0.5612182287957,0.8815458651106,0.4428759186488,1.0000000000000,0.1609822050474,0.0896166838800,0.0318357698689,0.3642619299649,0.6178864542623,0.2590940568096,0.5211523654837,-0.2327914193206,-0.1511898427773,0.4650516599591,0.2706116104256,0.0084059682291,-0.0800477535262,0.1386119464386,0.2226776770773,0.4758387921978,-0.0840957395418,-0.0120071528859,0.0936884952150,-0.1313704053977,0.0728995613772,-0.0512967091518,-0.0850946731978,0.2808990121478,-0.0405163654847,-0.3760724303208,0.1116948103746,0.8034188435138,0.2242821159701,-0.2929907154351,-0.3024741111782,0.4643764252999,0.7950799354461,0.5508571159623,0.8558678140452,0.3182662655768,-0.1783032213858,-0.4279457361318,0.2830757518730,0.5138439035045,0.0780820363355,0.4417140208383,-0.3126074723524,-0.1134484348055,0.3501637279537,0.0380249040722
0.3096850000919,0.3069605622763,0.2272114807642,0.4252938514332,0.3744565516233,-0.1627904527680,0.0560247395176,0.3846489099484,-0.0956874605546,0.6372547829458,0.1628945433190,0.0449706463398,0.2526882922228,0.1428051071231,0.1079801223918,0.3359192211136,0.2684037669371,0.1006291648235,0.0156704364771,0.0121150761634,0.2824572810204,0.1973426039629,0.3395036549447,0.1609822050474,1.0000000000000,0.3986538798068,0.2993358146078,0.1931209848141,0.4009030975217,0.0280707115634,0.1725177417133,0.1027250771780,0.0087840991224,0.0969481587436,0.2729279255737,0.1914330002884,0.1256060328184,-0.0427285604863,0.5098543860940,0.2958316117112,0.1509196757338,0.0238852389653,0.2845279025438,-0.0587386523437,0.6301457428436,0.0555411603749,-0.0630565708791,0.1519808176111,0.0844650397140,-0.1726029500886,0.3076453938593,0.2495702464473,-0.1154224303124,-0.4379768587233,-0.3583612183552,0.2026957647245,0.2814566522582,0.3077204211566,0.1581861653158,0.7752817041252,0.2538024583374,-0.2269022830258,0.0686489252060,0.3587869936895,-0.1122043600011,0.0877673723972,-0.0141979622123,0.0529114164123,0.0315434296488,0.0554448309763
0.5561895227689,0.4665769499256,0.4313396675638,0.4538470791624,0.0922652021428,-0.0545228201900,0.0433066361549,0.5307193028475,-0.0037522986179,0.3496368054438,0.0101746788274,0.3519959988036,0.0953239749368,0.5024881212259,0.3521225683114,0.4560509403318,0.1202903698820,0.4601361324222,0.3659833596567,0.4453920003689,0.0744888150160,-0.0419782863367,0.3251069091085,0.0896166838800,0.3986538798068,1.0000000000000,0.5802957232153,0.5584152553066,-0.0196358909475,0.3610509642597,0.3773360556427,0.1939073328826,0.1013422521031,0.1948711603618,0.6665976325835,0.4362786255317,0.2426761607345,0.0002460713414,0.5439496020538,-0.0459628762094,0.4271128678472,0.0313497552085,0.2264425099458,-0.0123008901613,0.2643868302332,-0.1190398976101,0.3325462523242,-0.0305933462100,0.2496787823842,0.0714167520982,0.5119385172651,0.1407034331247,0.1987629875810,-0.2720066079908,-0.3699355524000,-0.0533334014118,0.0931089566690,0.3441545994634,0.0485274779189,0.2283351227044,0.6059941230109,-0.1602246225310,0.5042870779686,-0.1360890774046,0.1399634643442,0.2263805332631,0.1629114597347,0.3844073086180,0.1615607691385,0.4574114855710
0.3148010970585,0.3393350268631,0.4235060178157,0.4774343971269,-0.1190970321024,0.0347924339491,0.0975956706533,0.4364222047192,0.2016582181444,0.1435513429057,0.0724440134198,0.1747250287816,-0.0915364201412,0.1054710326801,0.2633799121611,0.1539369870845,0.1083392494285,0.4450438666632,0.2570966579017,0.3969112053702,-0.1481847988676,-0.1645773711398,0.2039935671898,0.0318357698689,0.2993358146078,0.5802957232153,1.0000000000000,0.4311009511421,0.0273111279328,0.1878001671728,0.3332752239194,0.1710846624347,0.1207811747899,0.0341865039173,0.3947701943361,0.3624187657503,0.2321590086117,0.2113402396088,0.3984851721522,-0.2088026830275,0.3899416747686,-0.0017804087599,0.2759004877502,0.1467401444903,0.0146400094119,-0.0341739453023,0.1787976961325,-0.1787450368912,-0.1642165184301,0.0259532948513,0.1765518605769,0.0991358683423,0.2094506646148,-0.1062379723090,-0.2540192251683,-0.2149337672506,-0.0795738113138,0.1722039862833,-0.0803592370778,0.2464022531062,0.2828344334864,0.2054006672061,0.3808637793348,-0.0758501100757,-0.0018632129932,0.1683213477617,0.0128133555813,0.3004495848427,0.0460701854634,0.3330953158399
0.4259683401676,0.2635286203717,0.7888750890045,0.0407062259309,0.2108890553545,-0.2480059157437,0.1048307110309,0.4105199679142,-0.0125644119521,0.2524724475941,0.1117253503645,0.4405824148099,0.1550291643350,0.5046410413459,0.2082901820665,0.2129907881622,0.3642368122612,0.3848131337478,0.4822369050177,0.3081948832693,0.2265974040441,0.1798819064700,0.2139973630073,0.3642619299649,0.1931209848141,0.5584152553066,0.4311009511421,1.0000000000000,0.1565497945215,0.1279185383431,0.3591721847411,0.0309573695889,-0.0275307287236,0.1676502545700,0.2197050757367,0.0194176494548,0.0214426982289,0.3918801490700,0.3037990447089,0.0959141359686,0.1847618381191,0.0417785349450,0.2572829871233,0.0844792946612,0.1412409309324,-0.0556634174209,0.3375240092672,0.0156035465642,0.3187013541881,-0.0037261835164,0.2216515168124,0.3544621858716,0.0272158823295,-0.1521370667139,-0.3142149767532,0.1310810274086,0.2323214640374,0.2672678402813,0.2894435950544,0.1679722711661,0.2649411897975,-0.1927195313081,0.8359461979871,-0.0239674991644,0.0033009967797,0.1113740597300,0.0504196196499,0.1467136591544,0.1109823594667,-0.0062829501677
0.2129701325061,0.1691441252597,0.1516109209596,-0.0600799777487,0.6297708353696,-0.2382801125320,0.2459407621093,0.0663852083910,-0.0756139160644,0.1132920984138,0.4844349885139,-0.0455430689501,0.5211069508621,0.0277646667431,0.1019582403427,0.1257739742554,0.5675609203136,-0.0565519715458,0.0282044859463,0.0104699081518,0.5335026366483,0.6833920574837,0.2182277502499,0.6178864542623,0.4009030975217,-0.0196358909475,0.0273111279328,0.1565497945215,1.0000000000000,0.1217553242928,0.2521647087785,-0.0733492351343,-0.0654595495718,0.2732544006885,0.0261321745798,-0.0077519923322,-0.2249234379999,0.0511932270286,0.2868929249787,0.5871719647809,-0.0055013525069,0.1743503325145,0.2105480466002,0.0893290710845,0.2521941650595,0.2609356261464,-0.1422374782814,0.4434522314181,-0.1014795500041,-0.2418338100830,0.1112819244504,0.5089772908306,-0.1413744092003,-0.3103824543238,-0.3993507448861,0.4368306282440,0.5083478264532,0.2807368499624,0.4589276670336,0.5186892850147,-0.2991116323199,-0.4544989027536,0.1807544228375,0.8393753319483,-0.0558489490315,0.1276344895601,-0.2335208742229,-0.0597250365251,0.1067441453287,-0.2465465233141
0.3904196919432,0.5265455794213,-0.0138012418429,0.2164277208956,0.2332157068871,0.0267221560121,0.1602683684983,0.1361858938431,0.0887227132996,0.1656363378933,0.0416519831494,0.1890527639624,0.3360786903663,0.1894076698536,0.5331239711555,0.3925890250250,0.1798439664883,0.3212857357174,0.2937172103141,0.5254817492101,0.2484413259407,0.3141758281999,0.4286695768631,0.2590940568096,0.0280707115634,0.3610509642597,0.1878001671728,0.1279185383431,0.1217553242928,1.0000000000000,0.3161032277423,0.1740759158135,0.0949431445467,0.7941033198800,0.5740459848698,0.3271020746723,0.1957499146968,-0.1379876135733,0.2438911960684,0.1831204393620,0.1108342416689,-0.0134750404343,-0.0249967550449,-0.1609855966035,0.1301344384724,-0.1422289420204,0.0317665561054,0.2626284499851,0.0187474676814,0.1918292915604,0.3598933958462,0.1764914188864,0.2119079279020,-0.0956445532843,-0.1476559960621,0.2232960523520,0.2584170714594,0.3740472424749,0.2173169220017,0.0588599766714,0.0907191877428,-0.2418804975072,0.0967846781235,0.1132934928484,0.8140090690478,0.2287973445261,-0.0819501400949,0.2395076137027,0.6947735343807,0.5064552195855
0.5067981264279,0.2736567829788,0.4459128450579,0.2089864325101,0.0461952612191,-0.0309213960562,-0.2522298675178,0.4231577859519,-0.0338562060594,-0.0009948557327,-0.1935512999168,0.1285822231317,-0.0360682222305,0.0511015018770,0.1712852180460,0.1364038194014,0.3850473104771,0.6744472272935,0.1474648735892,0.3775425132057,0.1630628700285,0.3597145417175,0.4459852311727,0.5211523654837,0.1725177417133,0.3773360556427,0.3332752239194,0.3591721847411,0.2521647087785,0.3161032277423,1.0000000000000,-0.0436629837516,0.0097320407441,0.2319855462467,0.6017492743265,0.3459104540197,0.1690272063517,0.2396732403371,0.3466780719907,-0.0900675676903,0.1291051757351,-0.2634266382270,0.4107024168590,-0.1122628479981,-0.0702113468982,-0.4175592651833,0.0588608708186,-0.1948673907177,-0.0558575827941,-0.1159725039153,0.1574080484382,0.3875256185764,0.4787526261140,-0.1955584927488,-0.2026571992470,-0.0259855234841,0.3576678128087,0.5388321435519,0.4015681979010,0.1100914844830,0.2255312067965,-0.1221774222614,0.2518389009987,0.0452013070174,0.0231171505575,0.7170022621378,-0.0912980083166,0.1125755331634,0.1987036391076,0.4237739454849
0.0081398120050,0.0268215801826,-0.0700850769953,0.2909891538206,-0.1801330257939,0.4374467503574,0.1375708646607,0.5324846321329,0.4060847696129,0.3779366478814,-0.0855792491144,0.0865761941451,-0.1056134501485,0.0411154721158,0.4339872656221,0.1878257887421,-0.2150902154516,0.0092948256696,0.1816026812738,0.0928846712156,-0.1950766189228,-0.2466832681976,0.1268365299600,-0.2327914193206,0.1027250771780,0.1939073328826,0.1710846624347,0.0309573695889,-0.0733492351343,0.1740759158135,-0.0436629837516,1.0000000000000,0.0907599294675,-0.0002134362242,-0.0187735244421,0.0344765833205,-0.0101932056806,-0.2188332398808,0.1207042764183,-0.0982699424070,0.3412986827978,-0.0101917680947,0.0754290645423,-0.0422636912335,0.2454398716767,0.0022375069140,-0.0960680380786,-0.0599552154022,-0.0149918385257,0.3251733313744,0.1239756232684,-0.2361597718782,-0.1631973981319,0.0622743632387,-0.0029264470297,-0.1478935447624,-0.3656308279160,-0.1372230824455,-0.3564201396815,0.0111176294040,0.2008036987151,0.1442997015684,-0.0006604316995,-0.0855642438823,0.1167004455316,-0.3790444103466,0.3291382427039,0.3075353009735,-0.0644314557395,0.1108146045090
-0.0850964361352,0.1041764205038,-0.0448194885291,0.0818372128161,-0.1211809521867,0.4049479381736,0.0008414481883,0.0659098857553,0.1818013186355,-0.0622089232306,0.0035171965104,-0.1533115289803,-0.1120091482392,-0.0726180165089,0.3416430656146,0.0740920527989,-0.1412267189359,-0.0563034008779,-0.0449441703206,-0.0186193332536,-0.1208980711643,-0.1337869645730,-0.0825869519360,-0.1511898427773,0.0087840991224,0.1013422521031,0.1207811747899,-0.0275307287236,-0.0654595495718,0.0949431445467,0.0097320407441,0.0907599294675,1.0000000000000,-0.0078852562863,0.1069976155550,0.0288760115448,0.1008123654164,0.0221420121179,0.0393759141061,-0.1159689829432,0.3013645705627,0.0147667506425,-0.0101154312144,0.2312900736573,-0.0268366316749,0.0090753489653,-0.1128979817614,-0.0814302906934,-0.0948124465273,0.0661602122367,-0.0510484152443,-0.1537067118267,-0.0130129713318,-0.0407850626089,-0.0594530834204,-0.1328733749178,-0.0989331532492,-0.1300296283863,-0.1270871248738,0.0103370976831,0.1186740908639,0.0522421991251,-0.0010237124390,-0.0445391055601,-0.0300863024818,-0.0282473335766,0.0861200210912,0.2717525877716,0.0172387192771,0.1445465358000
0.2355279307420,0.5773185215432,-0.0096315314421,0.1772574625648,0.3989356749464,-0.1073710693917,0.1224209097238,-0.0241868819041,-0.1183455981841,0.1928646443330,0.1235017221779,-0.0037106136578,0.4778850134268,0.0234465523030,0.2213792987706,0.2143974026382,0.3848248617757,0.1988203716207,0.1838209327090,0.3836631700181,0.4471234343023,0.5626143505430,0.5375089115986,0.4650516599591,0.0969481587436,0.1948711603618,0.0341865039173,0.1676502545700,0.2732544006885,0.7941033198800,0.2319855462467,-0.0002134362242,-0.0078852562863,1.0000000000000,0.4465474864721,0.0320167994627,0.2236096184278,-0.1143598745256,0.2583386344315,0.3971205087200,-0.0210952932540,-0.0869229277037,-0.0959420681764,-0.2939207861509,0.2065929281960,-0.0801251988302,-0.1413590466530,0.4387744587333,-0.0566339241736,-0.1194207049105,0.2522494546218,0.3826098777046,0.1036072885242,-0.1422578877085,-0.1530428426527,0.4623988215691,0.4858200019286,0.5140612381227,0.4630939725690,0.1838677196561,0.0345395447835,-0.3167356391525,0.1052265987368,0.2859495714064,0.6627173631521,0.2079680179742,-0.1570757490682,0.0550713046130,0.8415144660015,0.3693799133137
0.5076414366413,0.6158606140047,0.1970441855595,0.4436240561757,0.1066193612323,-0.0450788518910,-0.1306120603998,0.2596668085304,-0.1635549604889,0.1630708251576,-0.0878957503141,0.1505661015110,0.1210988782127,0.1325793372768,0.1855421172071,0.3737856827721,0.1452077632394,0.6353886202335,0.1465023877713,0.5592880307835,0.2109470827744,0.2053979104765,0.4411376715482,0.2706116104256,0.2729279255737,0.6665976325835,0.3947701943361,0.2197050757367,0.0261321745798,0.5740459848698,0.6017492743265,-0.0187735244421,0.1069976155550,0.4465474864721,1.0000000000000,0.5428085628750,0.4777580462754,-0.0010437539427,0.5181581036837,-0.0251238575555,0.3223903237302,-0.1677091686225,0.1843332741996,-0.1704102198934,0.1004329161442,-0.2926308366486,0.1064754260511,-0.0329487158449,-0.0162329869841,-0.1306467536439,0.4483245974800,0.1821955277638,0.5396649426211,-0.2474175461851,-0.1663463742459,0.0309774868020,0.2985804937220,0.5177787699276,0.2636868281765,0.1698150267201,0.4537403987187,-0.1004237348093,0.1911265444513,-0.0672105261591,0.3212261462743,0.5970295938234,-0.0284228236872,0.2628902182287,0.4329724526392,0.7913409975035
