1.0000000000000,0.2410278485687,0.1182473910362,0.3206275088438,0.4254868938567,-0.4659299809360,0.0933063908613,-0.0266941172246,-0.0477760870813,0.4123443609468,0.1173199447619,0.3626007867949,0.3066103326485,0.3560448470214,0.4497115278993,0.2104444518015,0.4562352442164,0.5571889645415,0.4685992772625,0.5601860787098,0.5062812358620,0.3526760905361,0.4803330483878,0.3464802848640,0.3863664533294,0.1810111197352,-0.0895746972039,0.0420855561240,0.3567086365290,0.3432940329149,0.2096579306058,0.3395390440000,0.1170015549281,0.3615558265340,0.5261913838660,0.4200380177299,0.2846979851336,-0.0397545829635,0.3915114747923,0.3095797413590,-0.2337131073949,0.2182619496456,0.3327952941429,-0.2086253933162,0.4186194977594,-0.1326448169204,0.3153742926671,0.1986536741812,0.1921324652922,0.1387865121230,0.3721857464555,0.5063388363205,0.4984012072219,-0.0746348823800,0.2354830453194,0.2753656006704,0.4557759074917,0.5689455874207,0.3883816950053,0.4778174992877,0.0502036664468,-0.5249527042328,-0.0214158215252,0.0986926604300,0.4132899736727,0.3728765379554,0.2486083393152,0.0310960781990,0.4286721014132,0.2995075234767
0.2410278485687,1.0000000000000,0.1320117514400,0.5181325917167,0.1449750032607,-0.1198650461217,0.0031456381933,0.0604526994626,-0.1591186254832,0.0473811907204,-0.0300354924544,0.1744576571938,0.0486242441261,0.1368367251648,0.1546436732883,0.0113565084676,0.2987631266999,0.3263365926624,0.1177000991192,0.2250752012539,0.0952968857037,0.2995657157365,0.6214710533397,0.2678455279854,0.2055848785717,0.3704367445196,0.1514517184256,0.2427329597420,0.2281790761021,0.3219355163324,0.3077050764958,0.1311105809368,0.1501265926345,0.3849450488896,0.4951718078477,0.2071741657560,0.6516867909472,-0.0319408146680,0.4230857012656,0.0341996263642,-0.0487777246983,0.1174220152127,0.0198412554569,-0.0782200539307,0.0146793418433,-0.0085364655749,0.0945319920152,-0.0049502321330,-0.0068437207370,0.0827228191397,0.0989349300836,0.2254948357959,0.2849229524383,-0.1045428764696,0.1004988279032,0.0118720544476,0.2631882631146,0.4775521608224,0.2433551682105,0.2207616814141,0.3129683192669,-0.1008365160533,0.1516751135101,0.1168534580993,0.2868081428495,0.3177971464598,-0.0633280226685,0.0973879350162,0.3010587870361,0.4333317663266
0.1182473910362,0.1320117514400,1.0000000000000,0.3450774245375,-0.2456257271957,-0.1211679729370,-0.1992446055016,0.6430913080089,-0.0426800534148,0.2036698337817,-0.1299701410869,0.0301691917042,-0.2624648826071,0.4608067170430,-0.1433680523599,0.1902647056760,0.2279112512897,0.4467832067503,0.0543589118401,-0.0560248480696,-0.0801269442987,0.0893059907381,0.2789047809412,0.3025370922301,0.2287638133660,0.6284142057193,0.5298797783871,0.7684262621422,0.1319712845468,-0.2354851445563,0.4416607268044,-0.0091646957269,0.0336772124173,-0.1205725702848,0.0793016374700,-0.0446726734186,0.1230865240175,0.6133797059317,-0.0524710011546,-0.2769327658782,-0.0900566607508,-0.1250544408067,0.3407340506426,-0.1010134481359,0.1198203185680,-0.1394198427602,-0.0610190738533,-0.2064641093687,0.4108627640865,-0.2252671094216,0.0749289149599,0.2050212830748,-0.0265181054266,-0.2518722387616,-0.3103774075245,-0.1027451751340,0.0001845954988,0.2145059787857,0.0976493371554,0.2001307857555,0.5592115767165,0.2027720126559,0.7221845620289,-0.2632432991339,-0.3449960701797,0.1235029451890,-0.0767126459562,0.0129975343746,-0.1596345069572,-0.0844419026049
0.3206275088438,0.5181325917167,0.3450774245375,1.0000000000000,0.2421285059273,-0.2578647932841,0.1114476721743,0.2349096135536,-0.0492877532206,0.3345048953117,0.0850873770021,0.2847123182961,0.1739200722898,0.3402976445439,0.1718573924728,0.3067159732838,0.2696202790050,0.3772545254328,0.1446477721971,0.1704221495963,0.3157187452690,0.1398228977365,0.6470115403996,0.2153123094112,0.5141694419871,0.5433115901780,0.3558278040164,0.2475489853515,0.3339844938850,0.2201629015283,0.2955128691503,0.1928989381726,0.1619275479835,0.1950493546474,0.5233751998866,0.2768328779289,0.5711734650083,0.1975069909467,0.5227360930261,0.1139039405200,-0.0382749594649,0.1842411994748,0.2391640599527,-0.1364141818063,0.3286543401746,0.0573678379914,0.2429545859838,0.1713352256039,0.1255313964693,-0.0072341093375,0.3376822934948,0.2933894955299,0.2977971487804,-0.1959542882759,-0.0778370692213,0.2057120419848,0.1407806007019,0.5255706132399,0.1642683917625,0.5050060769928,0.4247295872523,-0.0360756666106,0.2360307818395,0.0311558318673,0.1184401595974,0.3539589951815,0.1687148509475,0.0694436793859,0.1244255371730,0.4003501487215
0.4254868938567,0.1449750032607,-0.2456257271957,0.2421285059273,1.0000000000000,-0.3396255197585,0.3198361214070,-0.2349342834770,0.0200139485797,0.3133354437924,0.4219415401235,0.1073765956468,0.7800196837528,0.0200763239887,0.3213753157733,0.1540498291823,0.2504927537177,0.0427396263312,0.1446476014666,0.2760668806321,0.7751230904608,0.1609301578936,0.2610228221434,0.0190253612872,0.4081417643036,-0.0877830005203,-0.2335139485984,-0.2395447850609,0.4464793617610,0.3601147895143,-0.1611874790934,0.2325928364553,-0.0190559259739,0.3891289297085,0.1961440867019,0.4421507537303,0.2160603726918,-0.1584309221399,0.2456227445686,0.9239861314798,-0.2902393618758,0.2527126609720,0.0037425584403,-0.1615524205249,0.4412776178199,0.2266336822807,0.1180672184999,0.6873262306541,-0.1284271612201,0.0270014728110,0.2277939525127,0.2107071653389,0.2039483013739,0.0402784224671,0.1459699044359,0.7577317990089,0.2090931816675,0.1977665700680,0.0749625228437,0.5149403739187,-0.2032496303511,-0.4094892016757,-0.3194717643764,0.3987893447801,0.4253755638574,0.0290710884249,0.2782562438856,-0.1889045823893,0.3382775869880,0.1412694364924
-0.4659299809360,-0.1198650461217,-0.1211679729370,-0.2578647932841,-0.3396255197585,1.0000000000000,-0.1278047629611,0.1671601950958,0.3525584256547,-0.3200156877990,-0.1282367621934,-0.0812764381718,-0.3763951138310,-0.2353515722044,-0.0296034407476,-0.0437305398558,-0.3780981399867,-0.2106026075184,-0.1431929958296,-0.1745851007835,-0.4467457448384,-0.1032886621840,-0.2806974827625,-0.1690266969628,-0.3416441269378,-0.0203883842691,0.0722049654067,0.0055710395726,-0.3855794162563,-0.0668962039774,-0.0052748186285,-0.2573080790297,0.0932413085517,-0.1488395598774,-0.1573144166011,-0.2253190237246,-0.3199797624094,-0.2130049386505,-0.1216369287798,-0.2968966957633,0.5277220542324,-0.2835102171520,-0.2039703511101,0.3738011785108,-0.3671878332458,-0.0521508442689,-0.0918380361807,-0.3890498523620,-0.0280057973398,0.2096409366480,-0.1891926431231,-0.3775305256840,-0.3550375876684,0.1710592394598,0.0573707313793,-0.3594923619745,-0.2447088471133,-0.3840983723042,-0.2051051610878,-0.4654535072500,0.1087323650961,0.3876959069893,0.0221478991896,-0.0988668784606,-0.1280592870134,-0.2582373784382,-0.3007093890097,0.2968679674673,-0.1620341020050,0.0570891671311
0.0933063908613,0.0031456381933,-0.1992446055016,0.1114476721743,0.3198361214070,-0.1278047629611,1.0000000000000,-0.3597629717480,0.4705272352859,0.0239352840642,0.6832585008686,0.2433827548114,0.5647159025055,0.0790275991344,0.3015021056542,0.1719835807628,-0.0753131429453,-0.2634567284847,0.1536508697795,0.0168696292659,0.3679198159512,-0.2455970040745,-0.0889717195082,-0.2675948695931,-0.0045512028316,-0.1567710275855,-0.1235537450900,-0.1437954076558,0.1182428595497,0.1005048799675,-0.3933882323400,0.1471192525642,0.0781401628110,0.0519627055733,-0.0016541801500,0.0810556965919,0.0544797050390,0.0011899132375,0.2304471045409,0.3408031039711,-0.0041481541100,0.6438336472555,-0.0234102039337,0.2787389710568,0.1238553769348,0.5332076282230,0.2903800042879,0.6024027728042,-0.1465714975133,0.2608746468771,0.2773310818159,-0.0100621889964,-0.0149726698950,0.1711867086333,0.0234259598616,0.3631868718961,-0.1624782457316,-0.0413214142009,-0.1622703855942,0.0189411090265,-0.2860135213497,-0.2689784540063,-0.1636234753315,0.1360289863003,0.2447349228695,-0.0842955824134,0.2423145359836,0.0646825019511,0.0771065669684,-0.0704419555968
-0.0266941172246,0.0604526994626,0.6430913080089,0.2349096135536,-0.2349342834770,0.1671601950958,-0.3597629717480,1.0000000000000,-0.0517451397973,0.2295303185769,-0.2092756280088,-0.2097410555957,-0.3425319422080,0.2097979075014,-0.1618105339141,0.1328394076685,-0.0302932858622,0.3377461621958,-0.0578696651838,-0.0876907888112,-0.1829357205220,0.0665507615014,0.1546051277538,0.1576019573621,0.3252081072897,0.6090780670403,0.4010156752802,0.4524552678817,0.1657944011038,-0.2367312254541,0.5209662515201,-0.0671749906794,-0.1860618691735,-0.1914182854131,0.0059736823644,0.0231120569035,-0.0767404595793,0.2840143661608,-0.1664185719486,-0.2235658971743,0.1856483224258,-0.4418910542803,0.4243674867869,-0.1236621868917,0.1299189673829,-0.2555638513301,-0.2705855669712,-0.3502879714553,0.3279538100330,-0.2368936947234,0.0155927074073,-0.0711282433468,-0.1898410479334,-0.1832798719959,-0.2488125225256,-0.1576476317979,-0.1029470957589,-0.0057821047385,-0.0932647861619,0.2196490711806,0.6031899801062,0.3595722955329,0.4788654543686,-0.0497801839423,-0.3812008421527,-0.0042512788021,-0.1971496312593,0.0461461485017,-0.2201845254880,-0.0026705995136
-0.0477760870813,-0.1591186254832,-0.0426800534148,-0.0492877532206,0.0200139485797,0.3525584256547,0.4705272352859,-0.0517451397973,1.0000000000000,-0.1665887907054,0.5051271299653,0.1629618845754,0.0026590213450,0.0670192201749,0.2104218782627,-0.0440880570822,-0.1764049179447,-0.0518240128667,0.0452451160834,0.1108150189553,0.0239366574010,-0.1129545277907,-0.2078549336249,-0.1330655500234,-0.1632240476649,-0.0688746025467,0.1803160138205,0.0386095601220,-0.0723004800554,-0.1007887756618,-0.0258178419610,-0.0906794191598,-0.0273980851413,-0.0483228205657,0.0756021818932,-0.0035038104857,-0.1642484656923,0.0036378919579,0.0464860290181,-0.0168318835696,0.1477118679847,0.1904497620247,-0.0567565084607,0.5040671357525,-0.1733217569136,0.2582128061506,0.2748117286453,0.0202863752299,0.0276649268401,0.3024106926141,-0.0768053319453,-0.1306537779392,-0.0345381531335,0.1981494129201,0.0367465639402,-0.0512698603913,-0.0820083215360,-0.1790328663241,-0.0960668402728,-0.1674905287502,-0.1020305610843,0.1141439040483,0.0588953492539,-0.0360014505886,0.0210730942751,-0.0199287768535,-0.1179340174011,0.1816984301380,-0.0011743672178,0.0730337530972
0.4123443609468,0.0473811907204,0.2036698337817,0.3345048953117,0.3133354437924,-0.3200156877990,0.0239352840642,0.2295303185769,-0.1665887907054,1.0000000000000,0.0018701672006,0.2152908659864,0.2488087154962,0.5054505262298,0.2356436748115,0.2972943307454,0.1558193854353,0.1881407658356,0.2673068294183,0.1231864330326,0.2889113509883,-0.0019395231623,0.2809612600043,-0.0347282943665,0.7119036760520,0.3573956343332,-0.0542978834486,0.1427962059894,0.1545053375529,0.0938500055433,-0.0412488601780,0.4607311748232,0.1155320549553,0.0412001371968,0.1160861813248,0.0089881094864,0.0098854338727,-0.0829348306061,0.3191103620828,0.2641535086175,-0.0431144897283,0.1391667370531,0.4369856479760,-0.1981752176645,0.8632758586998,0.0189051987017,0.1033717550953,0.2106579066981,0.3795477252447,0.0195376881043,0.4437415599234,0.1512595383355,0.0682095388420,-0.2633377281382,-0.0863947077577,0.2231820360821,0.0279021308495,0.2773231049846,-0.0420294054315,0.6119003388283,0.1849182734505,-0.3830767332896,-0.0480278768033,-0.0465859244581,0.1154970629200,0.0087667865341,0.3816347454666,0.0321275378786,0.0727688901159,-0.0620813444059
0.1173199447619,-0.0300354924544,-0.1299701410869,0.0850873770021,0.4219415401235,-0.1282367621934,0.6832585008686,-0.2092756280088,0.5051271299653,0.0018701672006,1.0000000000000,0.1422129274240,0.4432268635801,0.1392429409410,0.1762296101258,0.0465480300604,-0.0755399163486,-0.1187764967230,0.0903097937168,0.0893858611953,0.3926595805867,-0.1929042020745,-0.0764939286747,-0.2202937171234,0.0226867743590,0.0090607581330,0.0337083285453,-0.0455634296456,0.1528566790829,-0.0480998255065,-0.2510647934346,0.1134483027878,0.0212356504863,0.0204067965638,0.1047391865041,0.1782643510313,-0.0176252918856,0.0727423734060,0.0842856094087,0.4449830561715,-0.1073370922304,0.4299091194385,0.0045167399795,0.2858882229843,0.0276125484037,0.7075531896636,0.2063983080911,0.4759751511057,-0.0294241559709,0.1383444533058,0.0564008758843,-0.0914747685829,0.0062932022669,0.1145828652429,0.0212493637518,0.4204913091100,-0.1407518969457,-0.1247049132965,-0.1845491539800,0.1007571568700,-0.0891309667769,-0.1035929605321,-0.0260362913367,0.1920852118322,0.0494583364551,-0.0718610879085,0.1243883640896,0.0067379510893,0.0344701336443,-0.0073779646330
0.3626007867949,0.1744576571938,0.0301691917042,0.2847123182961,0.1073765956468,-0.0812764381718,0.2433827548114,-0.2097410555957,0.1629618845754,0.2152908659864,0.1422129274240,1.0000000000000,0.1425383130476,0.4651055817778,0.5819960459187,0.3447131304110,0.1176885710616,0.2058513062587,0.5891634560575,0.4602118991664,0.2493562774182,0.0550974881161,0.2297959552753,0.0396261271455,0.1975976882169,0.0873961381701,0.2656160962961,0.2232947144311,0.0934522670867,0.4585070256951,0.0440246635882,0.3421216347465,0.5461976896613,0.1900777722595,0.4623518702571,-0.0277526438522,0.2490996538302,0.0011680704739,0.5248679180549,-0.0205851647034,0.0083143699754,0.4350723394688,0.1982877329686,0.3032114214576,0.1659295735702,0.1917320919898,0.7617647059174,0.1132510228734,0.2112703567927,0.4444509862912,0.4269429556960,0.2332815632617,0.2782965215439,0.1020259100116,0.2502075435692,0.0363046674194,0.1792518376554,0.3164802702993,0.1694446147633,0.1310288725780,-0.0343541552564,-0.2691898771635,0.0945870730366,-0.0162455928417,0.2949334042461,0.2676379069059,0.3278988694342,0.2549330869302,0.2946771268164,0.2590987152716
0.3066103326485,0.0486242441261,-0.2624648826071,0.1739200722898,0.7800196837528,-0.3763951138310,0.5647159025055,-0.3425319422080,0.0026590213450,0.2488087154962,0.4432268635801,0.1425383130476,1.0000000000000,0.1009617257386,0.3316232584935,0.2905169904138,0.1512070858826,-0.1775106892313,0.1027351295750,0.0931310527067,0.8356761345296,-0.0499904611769,0.1051125533216,-0.1348218164070,0.1982768409043,-0.0975287340944,-0.3067398769816,-0.2847773713364,0.3220637445710,0.3499377766459,-0.3554004027129,0.2073038855236,0.0242257490833,0.2861393278504,0.0773821389010,0.3480570462946,0.1300468534239,-0.1437981599878,0.1950612880545,0.8174639005269,-0.2185254593927,0.4378140189629,-0.0907008008225,-0.1398169639830,0.4298622480105,0.3179264700574,0.1498949779377,0.9176921958812,-0.0893514270448,0.0605854555483,0.3969679336242,0.1617575987592,0.0839689121322,0.0559805456177,0.0713000599243,0.8645349034098,0.0262389867564,0.0889384770112,-0.0630544166627,0.2978198376796,-0.2854190439152,-0.4529271554029,-0.3208886774296,0.2641358134082,0.4334771234298,-0.0790062041551,0.3404417999801,-0.1713103367339,0.2994457015428,0.0351685163901
0.3560448470214,0.1368367251648,0.4608067170430,0.3402976445439,0.0200763239887,-0.2353515722044,0.0790275991344,0.2097979075014,0.0670192201749,0.5054505262298,0.1392429409410,0.4651055817778,0.1009617257386,1.0000000000000,0.2037471208595,0.3352239370245,0.3131434150309,0.1460928396966,0.2509391555377,0.0375760721079,0.2272475817749,0.0772949227917,0.3096232500300,0.0906426613592,0.2846289811143,0.6231775996854,0.3065871376385,0.5496377785581,0.0222275532827,0.0610949619272,0.0230676548617,0.3462332835748,0.2546413699533,0.0480769872660,0.1981569662806,-0.0028851674665,0.1032564437794,0.1812975993345,0.1913542297862,-0.0332924580739,-0.1176504239701,0.2039078309662,0.1771592753851,0.0021376683253,0.4287223769021,0.0697256096151,0.4220063456251,0.1132758887759,0.7929217459814,0.1561447616479,0.3379347213964,0.3558980529337,0.0024563700292,-0.3090966499942,-0.1987621765548,0.1266853532455,0.1629403634425,0.3003184761029,0.1796756707823,0.2389801190698,0.3748034690846,-0.2093512127391,0.4380594777403,-0.3288095974531,0.0427092326378,0.0581179273482,0.2682756086304,0.1529139043834,0.1690503112803,0.0116291922336
0.4497115278993,0.1546436732883,-0.1433680523599,0.1718573924728,0.3213753157733,-0.0296034407476,0.3015021056542,-0.1618105339141,0.2104218782627,0.2356436748115,0.1762296101258,0.5819960459187,0.3316232584935,0.2037471208595,1.0000000000000,0.4091669191355,0.0242259883540,0.1217533559037,0.5831615234661,0.4604768589607,0.3149738265417,0.0943130086864,0.1883428592296,-0.0803152865123,0.2433563107353,-0.0482449044981,-0.0745885210025,-0.0222468192830,0.2124326982852,0.7183986570067,-0.0139016656377,0.2586878202630,0.4757604197822,0.4246476959631,0.2920328991927,0.1854914597268,0.0998675120958,-0.1246565410861,0.4398316988484,0.2508821121031,0.0567646278229,0.3896882971898,0.2039188088499,0.2259560874288,0.2943269994769,0.1732198635404,0.3655910395247,0.2520909143988,0.0179535105294,0.5677723200232,0.4392550872492,0.0387224113096,0.1084627082088,0.2974312631311,0.2683759743465,0.1887422991923,0.1315099886986,0.1926614049915,0.0066203732260,0.2352802694707,-0.2001234901303,-0.3466204930030,-0.1430041482581,0.2270354722036,0.5959978806604,0.0764150209611,0.2300356616410,0.1657481674268,0.4018691707275,0.2329513686912
0.2104444518015,0.0113565084676,0.1902647056760,0.3067159732838,0.1540498291823,-0.0437305398558,0.1719835807628,0.1328394076685,-0.0440880570822,0.2972943307454,0.0465480300604,0.3447131304110,0.2905169904138,0.3352239370245,0.4091669191355,1.0000000000000,-0.0802935036306,0.0315209749101,0.0855083926543,-0.0157764019118,0.3355516404023,-0.1503054658196,0.0679444546215,-0.1275150404446,0.1935026095510,0.3031616609785,0.1322228381639,0.0551062215054,0.0218679603272,0.4608082987308,-0.0074166237907,0.1502461423012,0.4780447659363,0.0157687346222,0.1904908363839,0.1559453986408,0.0130052159340,0.0576510667272,0.0843223485402,0.1253613545350,0.0831312248693,0.3057775069162,0.1575101910847,0.0967987692724,0.3248527511326,0.1960253400929,0.1819254552464,0.2871230296455,0.2331027612609,0.1079457971632,0.7302937021142,-0.0096230587339,-0.0389900224813,-0.1785213155564,-0.2054526798122,0.2773508275858,-0.1573160744650,0.0306648891651,-0.1831869994047,0.2224693319593,0.1262219923781,-0.1438252024966,0.0350451071674,-0.1539038375773,0.1125146960357,0.0150755503877,0.2214974349021,0.1440028148374,0.0405834332460,0.1202286061072
0.4562352442164,0.2987631266999,0.2279112512897,0.2696202790050,0.2504927537177,-0.3780981399867,-0.0753131429453,-0.0302932858622,-0.1764049179447,0.1558193854353,-0.0755399163486,0.1176885710616,0.1512070858826,0.3131434150309,0.0242259883540,-0.0802935036306,1.0000000000000,0.4367716109726,0.1306240882185,0.3250019988149,0.2342934246190,0.7470092521225,0.6300437184619,0.7579087728950,0.2016852914997,0.1345459524303,0.0059116350205,0.2071110983693,0.4116768841085,0.1932990703490,0.2837208079089,0.1811759900278,-0.1478600619289,0.4645881265163,0.2906231685378,0.2469957895992,0.3324511409515,0.1108691830431,0.2565674172736,0.1917399007760,-0.3006947657806,0.0114784094276,0.0014335323289,-0.2968278594809,0.2192986353837,-0.2674617330885,0.1580976652683,0.1461702624501,0.2007770431710,-0.1152900856303,-0.0032645044053,0.8981072753990,0.3923899778167,-0.1087805290987,0.0647998330237,0.1391364581674,0.7170055155746,0.6402074725429,0.7583899382640,0.3505600479438,0.0456466885073,-0.3195602515501,0.1788226621516,0.1738673341517,0.2970614980438,0.3100998071635,0.1792411215388,-0.1593598986769,0.4348637934783,0.1941444964144
0.5571889645415,0.3263365926624,0.4467832067503,0.3772545254328,0.0427396263312,-0.2106026075184,-0.2634567284847,0.3377461621958,-0.0518240128667,0.1881407658356,-0.1187764967230,0.2058513062587,-0.1775106892313,0.1460928396966,0.1217533559037,0.0315209749101,0.4367716109726,1.0000000000000,0.3489031874740,0.6378512485668,0.1105818350242,0.4834212142344,0.4993405665243,0.6336495348876,0.3245700124893,0.3244643085077,0.2878281379310,0.2902410027504,0.3421198485955,0.1345812492578,0.7274141362603,0.0794183986626,-0.0394140661621,0.2428572470663,0.5821120250732,0.2941625207550,0.3692622182484,0.2790513175136,0.3027436355153,-0.0780425628875,-0.0843844712029,-0.1307078023681,0.4141240171615,-0.1853469479839,0.1203693438075,-0.3266161697545,0.1328316738955,-0.2449820897957,0.0785534711029,-0.0797284385762,0.0906633611120,0.4223604508659,0.6199759187973,0.0163009744146,0.2808376639432,-0.0738790905574,0.4227145843402,0.5406070693683,0.4427446994285,0.3944484401464,0.3328610611834,-0.0066725766945,0.3008338444822,0.0946834502535,0.0745360308812,0.5570486694638,-0.0423940001147,0.0444753142996,0.2470781038818,0.4108960537713
0.4685992772625,0.1177000991192,0.0543589118401,0.1446477721971,0.1446476014666,-0.1431929958296,0.1536508697795,-0.0578696651838,0.0452451160834,0.2673068294183,0.0903097937168,0.5891634560575,0.1027351295750,0.2509391555377,0.5831615234661,0.0855083926543,0.1306240882185,0.3489031874740,1.0000000000000,0.6164214530366,0.1653591950823,0.1418851284408,0.2883108737411,0.1034947089749,0.2003575845171,0.1073583682282,0.0559828825030,0.1901296799174,0.1219974043104,0.2932905032686,0.0691969698665,0.4157412189125,0.2566755455369,0.2236882661107,0.3747015861076,-0.0354370172913,0.1406197543594,-0.0762879563200,0.4711672917019,0.0543876122976,0.0887701477136,0.1723895114160,0.3393224368600,0.0124037706342,0.2633492196900,0.0049713958044,0.4328592314600,0.0559901865522,0.0934147822041,0.4371447089219,0.2649232431165,0.2301168221932,0.2073088990411,0.3662475812645,0.4291891898056,0.0281989479885,0.1756667379534,0.3524638462000,0.1676256707483,0.1326510231256,0.0325642157150,-0.2322423339173,0.0478247108971,0.0854434194660,0.3333969416711,0.0985845844574,0.3535752765521,0.1481879751990,0.2694513992177,0.1869514732252
0.5601860787098,0.2250752012539,-0.0560248480696,0.1704221495963,0.2760668806321,-0.1745851007835,0.0168696292659,-0.0876907888112,0.1108150189553,0.1231864330326,0.0893858611953,0.4602118991664,0.0931310527067,0.0375760721079,0.4604768589607,-0.0157764019118,0.3250019988149,0.6378512485668,0.6164214530366,1.0000000000000,0.2630245307668,0.4436263948695,0.3402969675543,0.4492237101465,0.1644211147705,0.0123578372166,0.0537504855795,0.0081374733603,0.3541984667415,0.4263938915849,0.3710129539926,0.1211087228883,-0.0315863606770,0.4486201737746,0.6004389371140,0.2953519479674,0.2502783272884,-0.0209328889645,0.4535020472640,0.1592995085946,0.0537457294824,0.0314665472554,0.2307411806010,-0.0235390658076,0.0874661974273,-0.1256255830395,0.3241058987145,0.0126959016287,-0.0354464907625,0.2056977777715,0.1162855415629,0.3383063125075,0.6311023709827,0.4243417228825,0.6776177072609,0.0961126637124,0.4463534544314,0.4028101992838,0.4174802109597,0.2021326318186,-0.0047249103039,-0.1323708835464,-0.0021923971718,0.3247590980090,0.4223029161166,0.4212298816721,0.1463824128739,-0.0202143220038,0.5108784994815,0.4815883462730
0.5062812358620,0.0952968857037,-0.0801269442987,0.3157187452690,0.7751230904608,-0.4467457448384,0.3679198159512,-0.1829357205220,0.0239366574010,0.2889113509883,0.3926595805867,0.2493562774182,0.8356761345296,0.2272475817749,0.3149738265417,0.3355516404023,0.2342934246190,0.1105818350242,0.1653591950823,0.2630245307668,1.0000000000000,0.0474221876955,0.2580256193245,0.0246314055549,0.2850795895223,0.0906906757131,-0.1593251111783,-0.1812601751193,0.3534990666793,0.3667846906140,-0.0843076837452,0.1427740762875,0.0237741900769,0.3411517778413,0.3402456909597,0.5205690679510,0.2718842462730,-0.0006538771789,0.2727874273158,0.7455377786395,-0.3331366060833,0.2746689543896,0.0537810248203,-0.1897335850731,0.4388643023112,0.1269772827560,0.2556525634930,0.6936279107069,0.0787480507369,-0.0018261526324,0.3600991885402,0.2808972901811,0.3142080765522,-0.0258921716268,0.1309759997580,0.8832495650230,0.1540514580440,0.2819933176861,0.0778241383306,0.4331887199858,-0.0470972204293,-0.3884548035908,-0.1664981367123,0.1548417116682,0.3691928111756,0.1583644338742,0.2827084397646,-0.1723662812823,0.4069013406448,0.2175481741225
0.3526760905361,0.2995657157365,0.0893059907381,0.1398228977365,0.1609301578936,-0.1032886621840,-0.2455970040745,0.0665507615014,-0.1129545277907,-0.0019395231623,-0.1929042020745,0.0550974881161,-0.0499904611769,0.0772949227917,0.0943130086864,-0.1503054658196,0.7470092521225,0.4834212142344,0.1418851284408,0.4436263948695,0.0474221876955,1.0000000000000,0.5260159180813,0.8423656749549,0.0705469033061,0.0256966036445,0.0078389378633,0.1138951537911,0.4135047591923,0.3015048636180,0.4588018441287,0.0895874700676,-0.1628699220066,0.5447306701405,0.3205675639834,0.1660426538850,0.2445856011965,-0.0235905333973,0.2246388248490,0.0874124463533,-0.0448234625177,-0.1940094175834,-0.0036413125445,-0.1480046910503,0.0331999510807,-0.4231152938547,0.1034967066564,-0.1108121932883,0.0890682635588,0.0430928871335,-0.0926034588377,0.6922064161213,0.3643183777416,0.0699146109505,0.1965752822609,-0.0410792281936,0.8776763364105,0.4836875891732,0.8245875592400,0.1914662061506,0.0059860875834,-0.1531162601975,0.1340590969642,0.3436836473866,0.3447837339375,0.3192363178882,-0.0165082195089,-0.0030858701979,0.5086113854649,0.3428533450788
0.4803330483878,0.6214710533397,0.2789047809412,0.6470115403996,0.2610228221434,-0.2806974827625,-0.0889717195082,0.1546051277538,-0.2078549336249,0.2809612600043,-0.0764939286747,0.2297959552753,0.1051125533216,0.3096232500300,0.1883428592296,0.0679444546215,0.6300437184619,0.4993405665243,0.2883108737411,0.3402969675543,0.2580256193245,0.5260159180813,1.0000000000000,0.4996154442550,0.4075739213588,0.4046076223811,0.1126093995727,0.2482620748710,0.3462827933930,0.3132029725056,0.4007977668601,0.1998240670522,0.0758567335455,0.4463653854032,0.5480368431233,0.2944625355518,0.5693741551248,0.0293114474506,0.5101147812168,0.1260236413149,-0.0957252482603,0.0190482430274,0.1560364021562,-0.2612821917477,0.3095341931015,-0.1984876047029,0.2020535073565,0.0530911581904,0.1583536282064,0.0405996647401,0.1371705653313,0.5872299634110,0.3433595635998,-0.1488490984584,0.0879180817595,0.1103754861996,0.4832879379650,0.8229897627021,0.4838686129490,0.4541448405464,0.3435460681579,-0.2192760698524,0.2013401542961,0.1141341560979,0.3463931954366,0.3590923801126,0.1210569848461,0.0226854369762,0.4035992872208,0.4309384873725
0.3464802848640,0.2678455279854,0.3025370922301,0.2153123094112,0.0190253612872,-0.1690266969628,-0.2675948695931,0.1576019573621,-0.1330655500234,-0.0347282943665,-0.2202937171234,0.0396261271455,-0.1348218164070,0.0906426613592,-0.0803152865123,-0.1275150404446,0.7579087728950,0.6336495348876,0.1034947089749,0.4492237101465,0.0246314055549,0.8423656749549,0.4996154442550,1.0000000000000,0.0436024914760,0.1319721943458,0.1680978306207,0.2228614158508,0.4332373375679,0.1420200193920,0.5869030214741,0.0377943569743,-0.2032940074830,0.4056088160255,0.3633784914175,0.1516866356889,0.2761396416985,0.1965960258331,0.1550187600765,-0.0572079983862,-0.0633377195704,-0.2097653311481,0.0580565637859,-0.1791850569714,-0.0288982486571,-0.4454524382940,0.1004817257149,-0.1664404266464,0.0775608301471,-0.1170320392089,-0.0551553983211,0.7342773693412,0.4983704759812,0.0088091120416,0.1785970571308,-0.0749816223089,0.7368352594253,0.5301223689525,0.8330256454954,0.1797056248686,0.1351677537448,-0.0280132657450,0.2969554154354,0.2544663374525,0.1444093536488,0.4452402000640,-0.0153020846882,0.0155696987984,0.3906137883244,0.3158851132731
0.3863664533294,0.2055848785717,0.2287638133660,0.5141694419871,0.4081417643036,-0.3416441269378,-0.0045512028316,0.3252081072897,-0.1632240476649,0.7119036760520,0.0226867743590,0.1975976882169,0.1982768409043,0.2846289811143,0.2433563107353,0.1935026095510,0.2016852914997,0.3245700124893,0.2003575845171,0.1644211147705,0.2850795895223,0.0705469033061,0.4075739213588,0.0436024914760,1.0000000000000,0.2943651100157,0.1197580174557,0.1474733772725,0.5072958458622,0.1277630296864,0.2029311234098,0.2967677853277,0.0649496668631,0.1121149693873,0.1877695473737,0.1556014273438,0.2708982509197,0.1049688947905,0.4379432848289,0.3181626288180,-0.1518147800681,0.1376565760049,0.5220571478471,-0.1582922319396,0.6785957940323,-0.0007627513856,0.0375794700121,0.1693009505626,0.1324267697465,-0.0582445241648,0.3283833257378,0.1475482332840,0.1858509540554,-0.2192219991151,-0.0494134536108,0.2072851093109,0.0865527639771,0.3660218369147,-0.0240044896226,0.8834522916541,0.2162575151539,-0.2147593880783,-0.0054990423151,0.2888587213113,0.0934392947100,0.2034224975514,0.2695811132602,-0.0509265556344,0.0617919224621,0.0039394139345
0.1810111197352,0.3704367445196,0.6284142057193,0.5433115901780,-0.0877830005203,-0.0203883842691,-0.1567710275855,0.6090780670403,-0.0688746025467,0.3573956343332,0.0090607581330,0.0873961381701,-0.0975287340944,0.6231775996854,-0.0482449044981,0.3031616609785,0.1345459524303,0.3244643085077,0.1073583682282,0.0123578372166,0.0906906757131,0.0256966036445,0.4046076223811,0.1319721943458,0.2943651100157,1.0000000000000,0.4660567967939,0.5943700990828,0.0069710430500,-0.0617091818302,0.3199104884174,0.0897981646153,0.0733229494889,-0.0292737647564,0.3435738025553,0.1527031871121,0.2298678704690,0.2130049576612,0.0981132482167,-0.1231330213439,0.0969629399704,-0.1105924107462,0.2017958199814,-0.1209273790114,0.2553545442207,-0.0075347469928,0.0031216210447,-0.0931167616972,0.5699893467223,-0.1024473429438,0.2398844126936,0.1429775068846,-0.0100419677529,-0.2916802057686,-0.1728140264586,0.0706029980705,-0.0555047102657,0.2323070240872,0.0099785065502,0.2214396632821,0.8401994754915,0.1841287082022,0.5464319443721,-0.3014885824286,-0.1581132527790,0.0715240693260,-0.0151516497898,0.0987383625962,0.0000878117657,0.2535084165736
-0.0895746972039,0.1514517184256,0.5298797783871,0.3558278040164,-0.2335139485984,0.0722049654067,-0.1235537450900,0.4010156752802,0.1803160138205,-0.0542978834486,0.0337083285453,0.2656160962961,-0.3067398769816,0.3065871376385,-0.0745885210025,0.1322228381639,0.0059116350205,0.2878281379310,0.0559828825030,0.0537504855795,-0.1593251111783,0.0078389378633,0.1126093995727,0.1680978306207,0.1197580174557,0.4660567967939,1.0000000000000,0.6495856145548,0.1044894445828,-0.1196536668638,0.4203088805584,0.1147820913477,0.1294497190663,-0.1458818856710,0.2884733202497,-0.0317610697631,0.1804794356905,0.4140795684926,-0.1076375269017,-0.2916246278710,0.0788740895700,-0.0350708796055,0.0935449888829,0.2200878510733,-0.1578635428305,0.1095087708161,0.2752584679995,-0.2419517301558,0.1642406102405,0.0238824722047,0.0553281475343,0.0335906600844,0.0629520193679,-0.1154015960951,-0.1454680560286,-0.1938528445115,-0.0133822279973,0.0219245054693,0.0695654964073,0.0280786102231,0.3950415102020,0.5076308485203,0.5872915374289,-0.1414519755704,-0.2874280142390,0.2407132211538,-0.0474412606873,0.2430419257960,-0.1556594775145,0.2238041737312
0.0420855561240,0.2427329597420,0.7684262621422,0.2475489853515,-0.2395447850609,0.0055710395726,-0.1437954076558,0.4524552678817,0.0386095601220,0.1427962059894,-0.0455634296456,0.2232947144311,-0.2847773713364,0.5496377785581,-0.0222468192830,0.0551062215054,0.2071110983693,0.2902410027504,0.1901296799174,0.0081374733603,-0.1812601751193,0.1138951537911,0.2482620748710,0.2228614158508,0.1474733772725,0.5943700990828,0.6495856145548,1.0000000000000,0.0284235123384,-0.1582525135062,0.2879129941016,0.1304690917403,0.1691597370094,-0.0460419307789,0.0695982115664,-0.1972514241627,0.1520675437317,0.5033008760079,-0.0065612442145,-0.2734571482039,-0.0437605677115,-0.0422345280024,0.1784750064492,0.0912750318330,0.0539853968874,0.0109612738645,0.0973612242418,-0.2484966728856,0.4828752373540,-0.0183075691949,-0.0090163263052,0.1778439839646,-0.1127514743562,-0.1747794735093,-0.2074226889797,-0.1935498350884,0.0601236278533,0.1446460171893,0.1536716782105,0.0468728550956,0.4852680702527,0.2206903968597,0.8348423149382,-0.2279013519590,-0.2489306167669,0.0131464509637,-0.0478947882136,0.1628062457837,-0.0944645192030,-0.0627501621239
0.3567086365290,0.2281790761021,0.1319712845468,0.3339844938850,0.4464793617610,-0.3855794162563,0.1182428595497,0.1657944011038,-0.0723004800554,0.1545053375529,0.1528566790829,0.0934522670867,0.3220637445710,0.0222275532827,0.2124326982852,0.0218679603272,0.4116768841085,0.3421198485955,0.1219974043104,0.3541984667415,0.3534990666793,0.4135047591923,0.3462827933930,0.4332373375679,0.5072958458622,0.0069710430500,0.1044894445828,0.0284235123384,1.0000000000000,0.2198171325441,0.3566250458398,0.0865908155457,-0.1644741159885,0.3347474126950,0.1907579318132,0.2856884350453,0.2940057485633,0.2299605516679,0.2624731830218,0.4169498188875,-0.1788309779059,0.1031886405978,0.2905072290035,-0.1287484793973,0.2367598662222,-0.0446883295543,0.0024440824751,0.3168460426443,-0.1522200654617,-0.1232320429686,0.1367391922887,0.3568859193730,0.3697743815697,0.0856838849252,0.1224876598365,0.3562571267130,0.3944584716623,0.3081478050902,0.3115566957115,0.5801945413950,-0.0578368845413,-0.1148451108439,0.0603200213172,0.7702036671593,0.1668745129139,0.3894883898172,0.1366736020216,-0.1784037654148,0.2668045327339,0.1084868204180
0.3432940329149,0.3219355163324,-0.2354851445563,0.2201629015283,0.3601147895143,-0.0668962039774,0.1005048799675,-0.2367312254541,-0.1007887756618,0.0938500055433,-0.0480998255065,0.4585070256951,0.3499377766459,0.0610949619272,0.7183986570067,0.4608082987308,0.1932990703490,0.1345812492578,0.2932905032686,0.4263938915849,0.3667846906140,0.3015048636180,0.3132029725056,0.1420200193920,0.1277630296864,-0.0617091818302,-0.1196536668638,-0.1582525135062,0.2198171325441,1.0000000000000,0.1081316923035,0.0906595181539,0.4230887911148,0.7384216024279,0.4563288879732,0.3194687216300,0.2654693528117,-0.1236421803268,0.3773362857982,0.2637871403820,0.0245810015262,0.2487048761106,0.0324184659767,0.0929245125319,0.1719543989449,0.0297330206754,0.2629195360233,0.2447407996580,-0.0643842472835,0.3399492804758,0.4021579461987,0.1889569858727,0.2683610480983,0.1685851800906,0.2132315537826,0.2612535557599,0.3163089790060,0.2885397077837,0.2079463348698,0.2208414122321,-0.1950920250017,-0.3151024957117,-0.2253964767047,0.2472402945817,0.7358972914762,0.2884996720177,0.1652454897485,0.0404473449158,0.6781577611332,0.4768068267239
0.2096579306058,0.3077050764958,0.4416607268044,0.2955128691503,-0.1611874790934,-0.0052748186285,-0.3933882323400,0.5209662515201,-0.0258178419610,-0.0412488601780,-0.2510647934346,0.0440246635882,-0.3554004027129,0.0230676548617,-0.0139016656377,-0.0074166237907,0.2837208079089,0.7274141362603,0.0691969698665,0.3710129539926,-0.0843076837452,0.4588018441287,0.4007977668601,0.5869030214741,0.2029311234098,0.3199104884174,0.4203088805584,0.2879129941016,0.3566250458398,0.1081316923035,1.0000000000000,-0.1481578543714,-0.0762677158089,0.2047044412060,0.4730419224208,0.2348929735020,0.3313549937081,0.2972966396462,0.1363408443855,-0.2506391053991,0.0582938131035,-0.2991326271308,0.3379585979960,-0.0572428483231,-0.0891381321795,-0.4015933642390,-0.0351068949728,-0.4014092423353,0.0159268271873,-0.1420488827086,-0.0442497200124,0.2731290079147,0.4285347308073,-0.0649078172257,0.0623263617611,-0.2055970798809,0.3490106068532,0.4048723087503,0.3369176888026,0.2568327950351,0.3825382630901,0.2476778253479,0.3626660997357,0.1534589188354,-0.0819503058764,0.6412883145650,-0.2228798116176,0.1093676329731,0.1706790918485,0.3953497669060
0.3395390440000,0.1311105809368,-0.0091646957269,0.1928989381726,0.2325928364553,-0.2573080790297,0.1471192525642,-0.0671749906794,-0.0906794191598,0.4607311748232,0.1134483027878,0.3421216347465,0.2073038855236,0.3462332835748,0.2586878202630,0.1502461423012,0.1811759900278,0.0794183986626,0.4157412189125,0.1211087228883,0.1427740762875,0.0895874700676,0.1998240670522,0.0377943569743,0.2967677853277,0.0897981646153,0.1147820913477,0.1304690917403,0.0865908155457,0.0906595181539,-0.1481578543714,1.0000000000000,0.1664578918985,-0.0079968604708,0.1099050017671,-0.0825478605167,0.1215656165046,-0.2563407580023,0.2523011136490,0.1964563950406,-0.0335001041598,0.2216963430953,0.1355525953513,-0.1767131148195,0.4282974799107,0.0975061296165,0.4002108271349,0.1820254322021,0.1292425040060,0.2241628985026,0.2930702141152,0.2306521198829,0.0800077784967,-0.1194591870662,0.0282693208577,0.0513752038554,0.1421686878739,0.2235719852764,0.1255135420793,0.2385301692810,-0.1035686004032,-0.3363231008217,-0.0289671730769,-0.0049707196908,0.1819577530045,-0.0494122184424,0.5799332927148,0.1989285220020,0.0152529425430,0.0174459525086
0.1170015549281,0.1501265926345,0.0336772124173,0.1619275479835,-0.0190559259739,0.0932413085517,0.0781401628110,-0.1860618691735,-0.0273980851413,0.1155320549553,0.0212356504863,0.5461976896613,0.0242257490833,0.2546413699533,0.4757604197822,0.4780447659363,-0.1478600619289,-0.0394140661621,0.2566755455369,-0.0315863606770,0.0237741900769,-0.1628699220066,0.0758567335455,-0.2032940074830,0.0649496668631,0.0733229494889,0.1294497190663,0.1691597370094,-0.1644741159885,0.4230887911148,-0.0762677158089,0.1664578918985,1.0000000000000,0.0895866488978,0.2190063250827,-0.1793067119460,0.1533616176657,-0.0000780568187,0.2458183133941,-0.1151102432561,0.0777637779167,0.3804806213862,0.1124015771596,0.3510086979398,0.0718129034937,0.2712758618624,0.3223354743803,0.0079405383722,0.0730613608262,0.4187017490875,0.4138398429563,-0.0708696968304,-0.0780977748124,-0.1125177517384,-0.1631393920851,-0.0698021444696,-0.0596551663959,0.1078962704102,-0.0999913085116,0.0122842274364,-0.0353688408777,-0.2150756695936,0.0354587136679,-0.1722861987095,0.1641268728625,0.0719228809363,0.0331980768318,0.3998076164377,0.0154748420788,0.0914664120822
0.3615558265340,0.3849450488896,-0.1205725702848,0.1950493546474,0.3891289297085,-0.1488395598774,0.0519627055733,-0.1914182854131,-0.0483228205657,0.0412001371968,0.0204067965638,0.1900777722595,0.2861393278504,0.0480769872660,0.4246476959631,0.0157687346222,0.4645881265163,0.2428572470663,0.2236882661107,0.4486201737746,0.3411517778413,0.5447306701405,0.4463653854032,0.4056088160255,0.1121149693873,-0.0292737647564,-0.1458818856710,-0.0460419307789,0.3347474126950,0.7384216024279,0.2047044412060,-0.0079968604708,0.0895866488978,1.0000000000000,0.4478051141877,0.3563411284502,0.3053383643431,0.0092333909718,0.3325701712178,0.3085186400427,-0.1040136391358,0.0144383212146,0.0182766163142,-0.0562123032896,0.1322276526358,-0.1368911251135,0.1092375474982,0.1692800839706,-0.0250579519877,0.1436198026349,0.0426426916852,0.3899188087274,0.3507365159155,0.1726223804900,0.2287451684255,0.2942104478011,0.5248782877983,0.3917660492625,0.4530989417242,0.2727319435318,-0.1222208083418,-0.2847498823849,-0.1236464883928,0.3358825245296,0.6938154863450,0.3494185670616,0.0540368471385,-0.0796596249208,0.8472515987889,0.4569615157174
0.5261913838660,0.4951718078477,0.0793016374700,0.5233751998866,0.1961440867019,-0.1573144166011,-0.0016541801500,0.0059736823644,0.0756021818932,0.1160861813248,0.1047391865041,0.4623518702571,0.0773821389010,0.1981569662806,0.2920328991927,0.1904908363839,0.2906231685378,0.5821120250732,0.3747015861076,0.6004389371140,0.3402456909597,0.3205675639834,0.5480368431233,0.3633784914175,0.1877695473737,0.3435738025553,0.2884733202497,0.0695982115664,0.1907579318132,0.4563288879732,0.4730419224208,0.1099050017671,0.2190063250827,0.4478051141877,1.0000000000000,0.3995261242784,0.5268014210474,-0.0026720241160,0.4434080633154,0.0364130032814,0.0405874534565,0.0710684397900,0.1879634722160,0.0126018157717,0.0649963285558,-0.0453287993441,0.4330296292976,-0.0333087815595,0.0258386341590,0.1935268548807,0.2683527509645,0.3690490312934,0.5948426540244,0.0189155234232,0.2647575962356,0.1021998990451,0.3856400413074,0.5709603058501,0.3708272830199,0.2560707716537,0.2758685902190,-0.1028607842863,0.0677569200464,0.0223959247028,0.3798019076881,0.6310740073466,0.0579624434862,0.1965166872945,0.4753530226754,0.8212117904208
