1.0000000000000,-0.0758528138038,0.2095247512296,0.1017489737865,-0.0164737104135,-0.0410412674266,-0.0460221858348,0.1674934871754,0.1049724360254,-0.1738026195620,-0.0629324028022,0.2941196656229,0.0132502793481,-0.0364051378496,0.4841728220181,-0.1612259418769,0.2619462126945,0.5248070077214,0.3715452439002,0.4738205443859,-0.0704376812468,0.3021509755328,0.0431461845624,0.4151702074477,-0.0214504814491,-0.0854823960372,0.1652226868037,-0.0018445101841,0.1891608652681,0.5292796488257,0.5512753890832,-0.1358719030054,-0.0072898553062,0.3441554797456,0.2607727287827,0.7706740148670,0.0317833642861,0.0853196794356,-0.0330450943365,0.0213573411911,-0.0393158224495,-0.0548467907017,0.0962136604757,0.1382022944349,-0.0933446398522,-0.0831226083858,0.1630451592534,-0.0443003488529,-0.1464131965502,0.2417371926900,-0.0992128488548,0.2798896117379,0.3352711566926,0.1840341998064,0.2769379761706,-0.0941923255353,0.3397343674873,0.0199436085256,0.4217816480711,0.0534704830321,-0.1668334534513,0.1781879033972,0.0135576262435,0.1207791047858,0.3775354826581,0.4114656526947,-0.0950321047996,0.0025130183874,0.2213796446484,0.2584356784626
-0.0758528138038,1.0000000000000,0.2794470790849,0.4354756920867,0.0703664234247,0.0064213876048,-0.1058257950945,0.2597684967888,-0.1005591050142,0.0495870142896,0.1465592247988,0.1449202818925,-0.0585966861808,-0.1395377606480,-0.0403723075778,-0.0394259423138,0.1868400656990,0.3155837827736,0.0282826749564,0.3781905563964,0.2533511894010,-0.0054332720062,0.4710871036799,0.2391999499665,0.3428012947856,0.5634177219065,0.4964601016361,0.2939438731020,0.1217694966888,-0.2070896262280,0.2225749395588,0.1939277216559,-0.1587685078326,-0.1224113626356,0.5676066085525,-0.0704089253912,0.7839453471606,0.2003500604975,0.5601637387403,0.2086616020933,-0.1606275636722,-0.1867871918465,0.1488649605641,-0.3645727361829,-0.0043790438766,0.1381535692580,0.1302465643542,0.0110220893201,-0.0315473121964,-0.2596806055771,-0.0858374918475,0.1567510840200,0.3183773104008,-0.1425501147468,0.2903904088328,0.2442079064516,-0.1874966365156,0.4975147658172,0.1004975720518,0.3532153910426,0.6036181081117,0.2828974780898,0.3785631492099,0.0186554350745,-0.3548907765705,0.0698261081997,-0.0913193689965,-0.1655801594227,-0.1447428332110,0.4394927624632
0.2095247512296,0.2794470790849,1.0000000000000,0.1027204097041,-0.2056421059490,0.0243826675395,-0.4526301703661,0.6830983291080,-0.1361942279682,0.1974434535696,-0.2148214959018,0.0579075982009,-0.3389016803161,0.2582455977832,0.4391802704781,0.0298554888697,0.4871873596665,0.6823734934527,0.4812781119385,0.6064810227490,-0.0500891955134,0.3715204781013,0.3039482987554,0.5688092260314,0.3079843768440,0.4204150340627,0.5121132870529,0.8235797891318,0.0491091200250,0.0376358171937,0.5578163864998,0.2457570047155,-0.1238908358385,0.1653788107233,0.2169158627314,0.1066438938851,0.2898335926097,0.6677558009317,0.1084954094097,-0.1197880398957,-0.2582906886167,-0.4749065508249,0.5207877213803,-0.2700884030033,0.2081872960147,-0.2578156857245,-0.0275015472628,-0.2780119262632,0.3535214435797,0.1534677688883,-0.1629782577088,0.4039683426156,0.2029525958130,0.0489734120790,0.0576936838406,-0.0730978286720,0.1902123091315,0.2346885490292,0.4294106823885,0.1397322251338,0.1958160586530,0.2264215416127,0.6962494640331,-0.0617228274206,-0.1389266406269,0.1549426636137,-0.1209070305028,-0.1879779331808,-0.0096759814237,0.0426479798895
0.1017489737865,0.4354756920867,0.1027204097041,1.0000000000000,-0.1609133731949,-0.0576187496281,-0.1198686356401,-0.0508813906802,-0.0408583078656,0.1764450811282,-0.2337267098763,0.2949545007105,-0.1125397471697,0.2460531626140,0.1148426388842,0.0513220225236,0.1235106302184,0.1898575353956,0.1192654958176,0.2383115677339,-0.0277756898891,-0.1954166376500,0.6976770990496,-0.0026663665956,0.3268236722751,0.4805316700071,0.1902154516910,-0.0276627071964,-0.1842835284616,0.1223331686039,0.1755874585736,-0.0718176742263,-0.0656443341160,0.0518787255429,0.5423015184323,0.2405901217286,0.4636711950954,0.2637106309786,0.8264787321060,-0.1216897989441,0.0534705281134,-0.1144235061704,0.1518008753058,0.0221479340695,0.4585149693983,-0.1565900817568,0.4027248602714,-0.1371671231046,0.1655979363867,0.2186486954909,0.2571450669421,0.2718303803256,0.3755519973377,0.0407195051374,0.4113704709381,-0.0110388499710,-0.1495533807179,0.6215305705342,0.0570085579756,0.5024294918955,0.4923680636705,0.3099206109606,0.1442964655092,-0.2017454250884,0.1862300859162,0.2629596607904,-0.0520202763725,-0.0158574389610,0.1315125587896,0.5420939789161
-0.0164737104135,0.0703664234247,-0.2056421059490,-0.1609133731949,1.0000000000000,-0.0441117425923,0.5065577790663,0.1188885782293,0.2505043100347,0.3840222262170,0.6857155141533,-0.1734356999698,0.8379815984205,-0.2872376625473,-0.1068972994514,0.1437379182236,-0.0391513885626,-0.2587409726339,-0.2281392832725,-0.2347179092780,0.8126783332228,0.1834320083490,-0.1123684033019,-0.0464892263483,0.3910595471180,-0.1659035249525,-0.0108704456273,-0.1548852997621,0.6273345451624,0.0737044475974,-0.0957098328340,0.1212236538542,-0.1728498201437,0.0820769325420,-0.1275611345993,-0.1226309479869,-0.1091203652960,-0.3594169859499,-0.2460016952970,0.8677233542586,-0.1385446213809,0.4630270635743,-0.1084554544454,-0.0080813035262,-0.0567232258293,0.6964910653573,-0.2843879494365,0.8537102797992,-0.3204273020337,-0.3209173305197,-0.0431135085613,-0.1294355130911,-0.3466422570249,-0.2957787235745,-0.3364795961530,0.8530620207144,0.1970014790130,-0.1628613398318,-0.0831678342074,0.2478286767952,-0.1165176022475,-0.1697313234033,-0.2411905707671,0.5744616701398,-0.0529494717348,-0.1626991819123,0.0153833505682,-0.1679312316503,0.0748819545516,-0.1427552979370
-0.0410412674266,0.0064213876048,0.0243826675395,-0.0576187496281,-0.0441117425923,1.0000000000000,0.2483744708065,0.1954362627325,0.3838660800576,0.0793781826117,0.1323480615631,0.1100955151584,-0.0463568332215,-0.0923868469541,0.2023031008340,0.4308694195391,-0.1268497115385,-0.0114296177470,0.0567728096236,0.0858289794586,0.1002429956546,-0.0682698380748,-0.1183653810885,-0.0427544901718,0.0652428945540,0.0205763753769,0.1570659771885,0.1383982093426,-0.0002286442634,0.0865205629610,0.0078831690759,0.0494201142814,0.7135140934160,-0.0553106501965,0.1897376021233,-0.1014235185516,0.0341429844498,0.0481179562899,0.0102597184214,-0.0303871749895,0.6935767559813,0.2367253461903,0.0887399622491,0.3029981275997,-0.0374917474999,0.0776482897882,0.2071724945574,-0.0154264912927,0.0404836428367,0.1497530794147,0.3011316423996,-0.1877454634511,-0.0579631812874,0.1697794668044,-0.0552637191117,0.0493248406539,-0.2063023736977,-0.1400107522244,-0.1473596174657,-0.0103679593545,0.0919737179455,0.0078522965570,0.1213399243161,-0.0453653049553,-0.0526311394611,-0.0910515922469,0.0424652930964,0.6213844063523,-0.1564245297079,0.1073296155542
-0.0460221858348,-0.1058257950945,-0.4526301703661,-0.1198686356401,0.5065577790663,0.2483744708065,1.0000000000000,-0.1098525066676,0.6988119725478,0.1580181666465,0.6995924839251,0.1331698915721,0.7223170379576,-0.2045201489897,0.0206218557329,0.3137216665100,-0.2772459417681,-0.4291301643655,-0.1856856031535,-0.3189254035155,0.5000293526464,-0.1594786947167,-0.2515523322977,-0.3239574536837,0.1100768864815,-0.2628181468401,-0.1213650264059,-0.3230145684609,0.3829865657145,0.0630304549840,-0.2793097943508,0.0169636598680,0.2966900402820,-0.1865126103125,-0.1152140888140,-0.1227664764655,-0.1385707498955,-0.4631233908091,-0.1417972781311,0.3625413483459,0.2677696260767,0.8837264143691,-0.2587809417233,0.4481143791215,-0.1345321172183,0.6978382758470,0.0557960229634,0.6841545318839,-0.2528993498060,-0.1307916623954,0.2506077893338,-0.2395464540372,-0.3678234845911,-0.1234845023864,-0.2555672219836,0.4841198622494,-0.1315460184333,-0.2882147669641,-0.3722188873378,-0.0282387729112,-0.1800774737960,-0.2029592653338,-0.3681791869818,0.3685950530367,-0.0634303774004,-0.2172985427900,0.2237027007754,0.2857907742306,-0.2330133676040,-0.0982633934809
0.1674934871754,0.2597684967888,0.6830983291080,-0.0508813906802,0.1188885782293,0.1954362627325,-0.1098525066676,1.0000000000000,0.0878724165756,0.3565867950967,0.2576315200646,-0.0335393008845,-0.0458027457860,-0.0614212025599,0.4663874077498,0.1590228623153,0.3677957578992,0.4730689517672,0.2267066301580,0.4572490963202,0.3266168917567,0.3768018662606,0.1925824143903,0.4941877150484,0.6040548548335,0.3518948709623,0.5047982329126,0.6629683926421,0.3857419860142,0.0235252914067,0.5361682952050,0.5097941212099,-0.0469976537254,0.0686958452914,0.1163397952886,0.0081459406780,0.2404263643370,0.4366046652156,0.0003256354308,0.2434845832110,-0.2256446663611,-0.1966345959685,0.7221488298025,-0.2290717136343,0.1403348617999,0.1943379104611,-0.1625458217016,0.0371667433553,0.0955997891339,0.0889875140644,-0.2010762626227,0.1785836865226,-0.0035886739088,-0.1491037534061,-0.1788382875315,0.2434188540085,0.0522838191073,0.0732069740123,0.1929201188479,0.3636084579022,0.2381460827684,0.1012708667490,0.6040662562175,0.3010737744088,-0.3206423772213,0.0019568322888,0.1779428770310,-0.0509863446967,-0.1900182765098,-0.1258195582093
0.1049724360254,-0.1005591050142,-0.1361942279682,-0.0408583078656,0.2505043100347,0.3838660800576,0.6988119725478,0.0878724165756,1.0000000000000,0.1094292723990,0.4562554106598,0.3383010689207,0.3699285219950,0.0734403953990,0.3807692788773,0.3666948775591,-0.1524541679298,-0.1787781625120,0.0567046966065,-0.0794937459637,0.2785758986004,-0.0798622811389,-0.1280492614424,-0.1488381702318,0.1146801001591,-0.1032049071787,0.0226578779675,-0.0677082543791,0.2624546172787,0.2205009335441,-0.0478472732559,-0.0040051295675,0.3434503821611,-0.0526086291517,-0.0112246790137,0.0138892972950,-0.1573420078524,-0.1756390347960,-0.1156439943241,0.0989331587862,0.3436482624350,0.6357362694457,-0.0495685898590,0.6597090955447,-0.0456850454768,0.4270191813112,0.1677959084404,0.3431942511568,0.0057555957740,0.1214151325698,0.2066530442689,-0.1705461953243,-0.2650172734202,-0.0253436234385,-0.1864680177903,0.2635331884002,-0.0911495810292,-0.2450323436179,-0.2489914676441,-0.0229925356133,-0.1416587785882,-0.1305672395676,-0.1326098752131,0.1987445676317,0.0182619813875,-0.1186612325489,0.1809252341585,0.3038145480196,-0.1472021934609,-0.0549095865003
-0.1738026195620,0.0495870142896,0.1974434535696,0.1764450811282,0.3840222262170,0.0793781826117,0.1580181666465,0.3565867950967,0.1094292723990,1.0000000000000,0.2599088999307,-0.1312236566817,0.3789975698931,0.2734716383041,0.1800930586718,0.4777666101897,0.0426579427780,-0.0456989194267,0.0347418265741,-0.0797111124962,0.4646338936720,0.1596261264548,0.2345274918145,-0.0359282317515,0.7052625398420,0.2923482068201,0.0267441054462,0.2902242758364,0.1845677564716,0.0799347349040,-0.0589362909618,0.3130501358600,-0.0559184476906,0.0109275934036,-0.0576432778291,-0.2388992932848,-0.1488646648834,0.0429179889859,0.1026700852093,0.2705652511603,-0.0582939944412,0.1108523310250,0.2631219338390,-0.0934089897761,0.6380693549186,0.2909534350587,-0.1918857412662,0.4097451107602,0.2110094132781,0.0423211584582,0.1032995579295,-0.0049410425429,-0.4187976038437,-0.2012562504936,-0.3954393439169,0.4864302516032,0.0773060329522,-0.0041630619705,-0.1401571503530,0.3498056560880,0.1980859740358,-0.2593013463758,0.0812193060299,0.1375628173958,-0.0238677749448,-0.2635928678269,0.1926654926062,-0.0623629619577,0.0208798782722,-0.2238674096414
-0.0629324028022,0.1465592247988,-0.2148214959018,-0.2337267098763,0.6857155141533,0.1323480615631,0.6995924839251,0.2576315200646,0.4562554106598,0.2599088999307,1.0000000000000,-0.0555776506222,0.7393981742726,-0.3763420613062,-0.0015862222698,0.0842917442132,-0.1289411776519,-0.2915285145648,-0.1787707951531,-0.1511159061702,0.7931557949913,0.0598108868909,-0.2213685585197,-0.0582932008908,0.3313190571187,-0.0861291849377,0.0932737946538,0.0094086236548,0.6446009217950,-0.1138785963370,-0.1443209157042,0.3053451296199,-0.0457060545309,-0.2961265940450,-0.1101030253668,-0.2302222128616,-0.0285858083771,-0.3538836834741,-0.1840432073166,0.6271954575549,-0.1089361251842,0.6173077155195,-0.0688832564399,0.0547545883797,-0.2561339648527,0.9614888741912,-0.1440774490871,0.7721046459306,-0.3140750265744,-0.3577374674396,-0.1436214137094,-0.1910834386871,-0.3812192703165,-0.2657910341036,-0.3748785468783,0.7463957625173,-0.0890106086385,-0.2591746104159,-0.2430584633337,0.0486150851241,0.0408379938565,-0.1500306087731,-0.0610300763985,0.5974016372084,-0.3704514242148,-0.3232345074495,0.2425312212067,-0.0044286013925,-0.3316137916587,-0.2185821770503
0.2941196656229,0.1449202818925,0.0579075982009,0.2949545007105,-0.1734356999698,0.1100955151584,0.1331698915721,-0.0335393008845,0.3383010689207,-0.1312236566817,-0.0555776506222,1.0000000000000,-0.1401936824272,0.3935473757295,0.4557415846012,0.1329899015804,0.0238789204029,0.1703224570298,0.4999093023080,0.2612630683996,-0.1406657745293,-0.1717079365514,0.0770718351881,-0.0244155007885,-0.0602619688072,0.2741801759320,0.2138422456951,-0.0026248629463,-0.1912497006429,0.2190480482906,0.0250971286195,-0.3153918521988,0.1701608685413,0.0428915409657,0.3293111654251,0.2505715535204,0.1192378633201,0.0081198903630,0.2510370797787,-0.2454122953790,0.2187691185151,0.1399100415162,-0.0356316536491,0.3382610864623,0.0718827758003,-0.0336962849304,0.7371245654012,-0.1947465534862,0.2941158860445,0.2507517202410,0.2056480527475,0.0632597329796,0.1940788085708,0.4459300571829,0.3154684005008,-0.1597355062637,-0.1550340877504,0.0565170153243,-0.0699764260876,-0.0873964208209,0.2140630208462,0.1491936860027,-0.0234838980711,-0.2772320989436,0.1506753458831,-0.0326559973760,0.0749421144464,0.2357145800503,0.0138849113651,0.3644646236767
0.0132502793481,-0.0585966861808,-0.3389016803161,-0.1125397471697,0.8379815984205,-0.0463568332215,0.7223170379576,-0.0458027457860,0.3699285219950,0.3789975698931,0.7393981742726,-0.1401936824272,1.0000000000000,-0.2947686274840,-0.1278186724396,0.1423074163383,-0.1073466525188,-0.3879596423313,-0.2450055707147,-0.3214130861426,0.7643545953626,0.1202155760051,-0.1290731706036,-0.1402466041077,0.2883088323084,-0.3088673284418,-0.1077099841437,-0.2749190161785,0.6057388263395,0.1149675447281,-0.1592996373158,0.0835333505821,-0.0667967351993,-0.0472982414569,-0.1760131771001,-0.0891802701441,-0.1584769285462,-0.4546878830046,-0.1881667441078,0.6782481048570,-0.0888434797813,0.6396231040329,-0.2461876401797,0.1237246245825,-0.0663063008360,0.7363214779156,-0.2260199469509,0.9583373919823,-0.3734251124968,-0.3079284179080,-0.0173365037091,-0.1060078403745,-0.4242906596760,-0.2852077645654,-0.3750865445232,0.7888701653640,0.1703627688593,-0.1947315383704,-0.1435385613435,0.1723287941742,-0.2233191464682,-0.2193367763800,-0.3503551899943,0.5450494392268,-0.0233679496020,-0.1437522226579,0.1013614647223,-0.0788162050687,-0.0313427439269,-0.1856915793830
-0.0364051378496,-0.1395377606480,0.2582455977832,0.2460531626140,-0.2872376625473,-0.0923868469541,-0.2045201489897,-0.0614212025599,0.0734403953990,0.2734716383041,-0.3763420613062,0.3935473757295,-0.2947686274840,1.0000000000000,0.5152647961181,0.2707806791988,0.0992382049974,0.0525220007119,0.4464316608322,-0.0038058002838,-0.3271785528893,-0.0556784694232,0.1997098468657,-0.1126500798774,0.0139519405586,0.4369325137366,-0.1132485023237,0.2504909263679,-0.4372086733515,0.2047309013033,-0.1020544139545,-0.2000340488614,0.0071865036439,0.1449930230112,0.0057742279243,0.0149706180203,-0.2067173265818,0.2284358025000,0.1415076935643,-0.4243978833868,0.0863576497457,-0.1314161743193,0.0878845115953,0.2563949996578,0.5231052352412,-0.3164086748856,0.3006416292423,-0.3467077692904,0.8059742568372,0.5123555969912,0.2526314145299,0.1688189451233,-0.1050171546792,0.3238490128398,-0.0248444891624,-0.2902589961240,0.0210065547598,0.1029946809975,-0.0860701133184,-0.0959129874687,0.1689123228587,-0.1311667467119,0.0939765456096,-0.4220182156420,0.2788899377845,-0.1235639854436,-0.0624343314028,0.0051343612729,0.1613080399013,-0.0039882160124
0.4841728220181,-0.0403723075778,0.4391802704781,0.1148426388842,-0.1068972994514,0.2023031008340,0.0206218557329,0.4663874077498,0.3807692788773,0.1800930586718,-0.0015862222698,0.4557415846012,-0.1278186724396,0.5152647961181,1.0000000000000,0.2656701924800,0.2117736258473,0.3738115254280,0.5988340383465,0.4284031097210,-0.0415009965415,0.2063743038123,0.1275348866319,0.2447105791537,0.2235409584811,0.3484993675376,0.2332649067511,0.3852144473439,-0.0404452114714,0.4548036589331,0.3505721801514,0.1083444437400,0.1683460701639,0.2455407033229,0.1858033540570,0.2889153862431,-0.0658253926435,0.2851869593020,0.0348866275555,-0.1343105602791,0.1223557163233,-0.0258260830707,0.3484797705360,0.2336413730154,0.2575994253215,-0.0310200193210,0.2686778094560,-0.1508984070632,0.4070660720270,0.5701781802183,0.1089017449991,0.1707472352016,0.0033520217011,0.2691645833158,-0.0094656394724,-0.0922552468745,0.0927237408844,-0.0104505004223,0.0501013491526,0.0601204227449,0.1101078382459,-0.0101556933221,0.2759011913669,-0.1104809347791,0.1994102830496,-0.0296271902045,0.0832787088922,0.1777275686124,0.0714680075040,0.0706807598162
-0.1612259418769,-0.0394259423138,0.0298554888697,0.0513220225236,0.1437379182236,0.4308694195391,0.3137216665100,0.1590228623153,0.3666948775591,0.4777666101897,0.0842917442132,0.1329899015804,0.1423074163383,0.2707806791988,0.2656701924800,1.0000000000000,-0.0698269874803,-0.1031704271686,0.1498679831172,-0.0567596567254,0.1867599960451,-0.0696855298984,0.0091357871000,-0.1839814338642,0.2717850422965,0.1100596670504,-0.0328598902790,0.0698730517292,-0.0140759501721,0.1513885414631,-0.1339952291008,0.0738435403798,0.3814009414307,0.0206819955625,0.0830923303848,-0.1994227596647,-0.0735058304196,0.0148266607579,0.0158288982866,0.0462419849385,0.3715596463114,0.2881198855848,0.1668642663421,0.2954617275287,0.4416924850955,0.1096420264585,0.1187156555076,0.1618781701535,0.2669489431842,0.2424505571694,0.6390468954261,-0.0753336557683,-0.2081695100186,0.1185650950334,-0.1170299984960,0.2110515797583,-0.1119472537167,-0.0786595333016,-0.2311228279328,0.1711964842283,0.0116158280124,-0.1821392342140,-0.0470950040645,-0.0092209106671,0.0772557598437,-0.1336500196442,0.1085682971840,0.2894854054710,-0.0670030279274,0.0312616107059
0.2619462126945,0.1868400656990,0.4871873596665,0.1235106302184,-0.0391513885626,-0.1268497115385,-0.2772459417681,0.3677957578992,-0.1524541679298,0.0426579427780,-0.1289411776519,0.0238789204029,-0.1073466525188,0.0992382049974,0.2117736258473,-0.0698269874803,1.0000000000000,0.4465978790657,0.0991689554981,0.3661540171745,-0.0152149801431,0.7480255839916,0.3733554325885,0.7712795399175,0.1259586123767,0.2784558869702,0.3170163524621,0.3765197551011,0.2698166094860,0.3361633258127,0.5991933820510,0.0625083742404,-0.2153477230165,0.4728781026708,0.2902090877557,0.3527367809689,0.2798659907710,0.3347149262531,0.1151925773926,0.0643217195867,-0.2975783231587,-0.2608644850200,0.2892576417162,-0.1561830657220,0.1485056886473,-0.1545002356969,-0.1250747272241,-0.1213127282861,0.1180467405647,-0.0074292814823,-0.1099060151363,0.8768405039070,0.1151720589585,-0.1758754016646,-0.0403576656487,-0.0612380513243,0.6376397975067,0.3935281542099,0.7000547023458,0.2301232121522,0.0974417861348,0.0768013587132,0.3653060679475,0.1709506109277,0.1851925869980,0.4156023153013,-0.1988164610456,-0.2555304878660,0.2712434701760,0.1679381107720
0.5248070077214,0.3155837827736,0.6823734934527,0.1898575353956,-0.2587409726339,-0.0114296177470,-0.4291301643655,0.4730689517672,-0.1787781625120,-0.0456989194267,-0.2915285145648,0.1703224570298,-0.3879596423313,0.0525220007119,0.3738115254280,-0.1031704271686,0.4465978790657,1.0000000000000,0.4265630121869,0.8481645825447,-0.1437266773003,0.3400711333065,0.2620039754155,0.6716968818496,0.0861676043120,0.3193379584435,0.4038513421256,0.4918519294883,-0.0056256694795,0.1988395548804,0.6824842709562,0.1524500228396,-0.1099649309846,0.3203191999145,0.5019515575950,0.4155571186742,0.3564830740904,0.4645467242234,0.1763410883012,-0.1595871996457,-0.1521075819771,-0.4232507355376,0.3628451297129,-0.2148448609811,0.0859109777363,-0.3248378185044,0.0901824158657,-0.3635812493337,0.0692702411813,0.1054899851172,-0.1213219987594,0.3842756033342,0.5141864384826,0.0853279568337,0.4204561480141,-0.1890532439163,0.2250746298972,0.2318810087052,0.5585393107429,0.0906884750229,0.1781733181678,0.2449588515718,0.4523147694457,-0.1015962205791,0.1014960010043,0.3676978597883,-0.1217317626185,-0.1027065821103,0.2334359114359,0.3673175241695
0.3715452439002,0.0282826749564,0.4812781119385,0.1192654958176,-0.2281392832725,0.0567728096236,-0.1856856031535,0.2267066301580,0.0567046966065,0.0347418265741,-0.1787707951531,0.4999093023080,-0.2450055707147,0.4464316608322,0.5988340383465,0.1498679831172,0.0991689554981,0.4265630121869,1.0000000000000,0.5522295115737,-0.1120896643907,-0.0413014406739,0.0127776497370,0.1256694615750,-0.0483449911412,0.2658943717951,0.2514545866597,0.3406252527152,-0.2265011559939,0.1196539772463,0.1565775701731,-0.0708054810161,0.0342515196495,-0.0173063029415,0.2057536212079,0.2453421902477,0.0128577201120,0.2781421061168,0.0621183612359,-0.2798428299679,-0.0129171418530,-0.2238059571842,0.1356449752613,-0.0414941473747,0.1459554889309,-0.1848402620210,0.4331888925124,-0.2187196318302,0.4041188642989,0.3327866657937,0.0682504903066,0.1004334855476,0.2043892746350,0.6262273610912,0.3362889084134,-0.1339288824280,-0.1231354514366,-0.0207012740008,0.0860086142368,-0.1966465867344,0.1248004937346,0.1846725362004,0.2379032325146,-0.3051266270996,-0.0026339777220,-0.0399486801617,-0.0752640487776,0.0070474078217,-0.0490719347356,0.1571404550266
0.4738205443859,0.3781905563964,0.6064810227490,0.2383115677339,-0.2347179092780,0.0858289794586,-0.3189254035155,0.4572490963202,-0.0794937459637,-0.0797111124962,-0.1511159061702,0.2612630683996,-0.3214130861426,-0.0038058002838,0.4284031097210,-0.0567596567254,0.3661540171745,0.8481645825447,0.5522295115737,1.0000000000000,-0.0192745033154,0.2139261258413,0.2236905390446,0.5550379055800,0.0739531361050,0.4096621494713,0.5644735784255,0.4598667302328,0.0003592074691,0.0880672060736,0.6055915089637,0.2453792380862,-0.0668503876529,0.1084916211478,0.5945360521242,0.3502220734494,0.3921003636148,0.4218715845581,0.2499115178416,-0.1427901885162,-0.0987117041867,-0.3203838493059,0.3342255045075,-0.2142186531762,0.0146797073136,-0.1818854048376,0.2341747326503,-0.2813787790878,0.0374482867998,0.1295208353818,-0.0885914391283,0.3326490045888,0.5215027593339,0.1944214239837,0.5369094546812,-0.0786468360479,0.0406357377239,0.2214529404251,0.3975752892226,0.0735010712520,0.3032209914379,0.3696314749814,0.4472555181923,-0.1069842957888,-0.0334924186557,0.2845837247151,-0.0636824075292,-0.0299707351524,0.0617847444757,0.4178997339009
-0.0704376812468,0.2533511894010,-0.0500891955134,-0.0277756898891,0.8126783332228,0.1002429956546,0.5000293526464,0.3266168917567,0.2785758986004,0.4646338936720,0.7931557949913,-0.1406657745293,0.7643545953626,-0.3271785528893,-0.0415009965415,0.1867599960451,-0.0152149801431,-0.1437266773003,-0.1120896643907,-0.0192745033154,1.0000000000000,0.1219278498702,0.0070527726303,0.0199534401356,0.4760804626155,0.0206149031305,0.1115005184337,0.0424680753317,0.5806347566723,-0.0849170289785,-0.0296108743857,0.2973024456134,-0.1380915566296,-0.1364817909291,0.0709141742190,-0.1572726228287,0.0902115802067,-0.1836259358201,-0.0053052135632,0.7185839716648,-0.1573396548658,0.4094816540739,0.0670566751610,-0.1083126892493,0.0087930800823,0.7757988533509,-0.1578039692658,0.8264516411032,-0.2280020799900,-0.2917650880111,-0.0552504109353,-0.0857364123496,-0.2718459534937,-0.2477517146592,-0.2669221589561,0.9501341922967,-0.0076798125121,-0.0420732824777,-0.1196846280414,0.2902232071261,0.1594906126647,-0.0712875315720,0.0200879166696,0.5053976403233,-0.3025638340569,-0.1951760962420,0.0778911610464,-0.1107069746725,-0.1526901309893,-0.0473885104687
0.3021509755328,-0.0054332720062,0.3715204781013,-0.1954166376500,0.1834320083490,-0.0682698380748,-0.1594786947167,0.3768018662606,-0.0798622811389,0.1596261264548,0.0598108868909,-0.1717079365514,0.1202155760051,-0.0556784694232,0.2063743038123,-0.0696855298984,0.7480255839916,0.3400711333065,-0.0413014406739,0.2139261258413,0.1219278498702,1.0000000000000,0.1272208783294,0.8320126698804,0.1167911726903,0.0483712944793,0.2017293526657,0.3420673909279,0.4852439642465,0.5004367272232,0.5817794175139,0.1541908894189,-0.1877495828239,0.5778410091786,0.0837539965398,0.2497272320298,0.0156948675059,0.1157970374849,-0.1524327358773,0.2563316761135,-0.3042994297537,-0.1320598313572,0.1393263867769,-0.1117298267967,-0.0188037919584,-0.0266853551359,-0.3588759123844,0.1094289128987,-0.0446501160193,-0.1597340627032,-0.2950735340928,0.6211287673475,-0.1438253555978,-0.2910543355333,-0.3053988201200,0.0815175677873,0.8707753440729,0.0976955564495,0.7102679918179,0.0938819332176,-0.1239112518687,-0.1208190850541,0.2278886896180,0.3791320464971,0.2675158128393,0.3145578806641,-0.0964931521480,-0.2452687773749,0.3756303684709,-0.0458759346186
0.0431461845624,0.4710871036799,0.3039482987554,0.6976770990496,-0.1123684033019,-0.1183653810885,-0.2515523322977,0.1925824143903,-0.1280492614424,0.2345274918145,-0.2213685585197,0.0770718351881,-0.1290731706036,0.1997098468657,0.1275348866319,0.0091357871000,0.3733554325885,0.2620039754155,0.0127776497370,0.2236905390446,0.0070527726303,0.1272208783294,1.0000000000000,0.2365157330422,0.3793477825960,0.4313354659825,0.1286013210286,0.1622625635655,-0.0565041013432,0.2017405777506,0.4658835335113,0.0370360079261,-0.1351579146900,0.2355856190433,0.4609907041150,0.1658928442387,0.4857535447630,0.3209019505509,0.6219195402584,-0.0358283219360,-0.1042025894890,-0.2807206998248,0.2598946155629,-0.1106453934213,0.4365374172275,-0.2021318956189,0.0905403178631,-0.1471343794817,0.1322259677698,0.1106085648383,0.0750971508471,0.3951217122609,0.2594594704686,-0.1458068160838,0.1868627990636,-0.0113455233964,0.1044456225430,0.8499687481386,0.2505955610461,0.5454140368038,0.3706107886450,0.1034948851389,0.2888979509638,-0.1088589130420,0.1401033892572,0.3947532849839,-0.1436357988778,-0.1525114940950,0.2251230137482,0.4107216524510
0.4151702074477,0.2391999499665,0.5688092260314,-0.0026663665956,-0.0464892263483,-0.0427544901718,-0.3239574536837,0.4941877150484,-0.1488381702318,-0.0359282317515,-0.0582932008908,-0.0244155007885,-0.1402466041077,-0.1126500798774,0.2447105791537,-0.1839814338642,0.7712795399175,0.6716968818496,0.1256694615750,0.5550379055800,0.0199534401356,0.8320126698804,0.2365157330422,1.0000000000000,0.0777670682714,0.2141365026345,0.3949444650684,0.4833372847543,0.3893899484487,0.3738936626811,0.7576889739723,0.2313288584527,-0.2123025611100,0.4770242244941,0.3593489622631,0.3887803249485,0.3038237427536,0.3486689390717,0.0594710107801,0.1034735697814,-0.3277461043973,-0.3040040735316,0.3027930638748,-0.1989421885702,-0.0567813289082,-0.1374807817229,-0.1553751358320,-0.1335530398343,-0.0487302264067,-0.0972731910943,-0.2978924855323,0.6714499540764,0.2424850559601,-0.1930611587884,0.0521291348224,-0.0484627897205,0.6604129318299,0.2549261934167,0.8437976032110,0.1319184024801,0.0684061494938,0.1071518488579,0.4827052570220,0.2647492279122,0.1380082841713,0.4625743569526,-0.0891123734723,-0.2238927228473,0.3012232371474,0.2099641938089
-0.0214504814491,0.3428012947856,0.3079843768440,0.3268236722751,0.3910595471180,0.0652428945540,0.1100768864815,0.6040548548335,0.1146801001591,0.7052625398420,0.3313190571187,-0.0602619688072,0.2883088323084,0.0139519405586,0.2235409584811,0.2717850422965,0.1259586123767,0.0861676043120,-0.0483449911412,0.0739531361050,0.4760804626155,0.1167911726903,0.3793477825960,0.0777670682714,1.0000000000000,0.3708836242240,0.3659446506144,0.3308192356329,0.3748334261267,-0.0145618346722,0.1803167191211,0.3602650955607,-0.0748841697473,-0.0223724308296,0.0604451973934,-0.1509475075552,0.1873182974997,0.1566387277913,0.2554237575678,0.4426204406144,-0.1404327791645,0.0339359979837,0.4882658543065,-0.1690289121048,0.4232424714355,0.3669103293770,-0.1655238385233,0.3351575239661,0.0204930807762,0.0000989970359,-0.0052493178784,0.0426985560010,-0.1889421530241,-0.3443263854063,-0.2820600089866,0.4902911127166,-0.0203855265497,0.1791457480066,-0.0890328643598,0.7166951292829,0.2836729083984,0.0164868060624,0.2292431860076,0.3194440861184,-0.1776453080185,-0.1269620040267,0.2057101786165,-0.0758190204114,-0.1162167626826,-0.1109207054098
-0.0854823960372,0.5634177219065,0.4204150340627,0.4805316700071,-0.1659035249525,0.0205763753769,-0.2628181468401,0.3518948709623,-0.1032049071787,0.2923482068201,-0.0861291849377,0.2741801759320,-0.3088673284418,0.4369325137366,0.3484993675376,0.1100596670504,0.2784558869702,0.3193379584435,0.2658943717951,0.4096621494713,0.0206149031305,0.0483712944793,0.4313354659825,0.2141365026345,0.3708836242240,1.0000000000000,0.4604971966137,0.5071436759527,-0.1481589039726,-0.1154772178662,0.1759292226691,0.2492879836866,-0.1403281666517,-0.0083923110508,0.4552047470987,-0.0365271555722,0.4568899929821,0.3727807618461,0.5380228033707,-0.1007816307701,-0.1009938827639,-0.2803016880661,0.3808636506916,-0.1943764736567,0.3848655475674,-0.0439853497756,0.2560143389773,-0.2747965461281,0.4707268345069,0.1877442760376,0.0339221031676,0.2795104414415,0.1595782043816,-0.0021082371089,0.1713672022705,-0.0174456384314,-0.1355484668776,0.3901610798164,0.0105845737645,0.2620332349195,0.8143589086298,0.2272252932333,0.4991592448561,-0.1922572140974,-0.1717894958376,-0.0622856541344,0.0081358600879,-0.0814640705607,-0.0936289238230,0.2455181330337
0.1652226868037,0.4964601016361,0.5121132870529,0.1902154516910,-0.0108704456273,0.1570659771885,-0.1213650264059,0.5047982329126,0.0226578779675,0.0267441054462,0.0932737946538,0.2138422456951,-0.1077099841437,-0.1132485023237,0.2332649067511,-0.0328598902790,0.3170163524621,0.4038513421256,0.2514545866597,0.5644735784255,0.1115005184337,0.2017293526657,0.1286013210286,0.3949444650684,0.3659446506144,0.4604971966137,1.0000000000000,0.5383157483455,0.2980186249941,-0.0727494436595,0.3815741178454,0.3116665992630,-0.0236597028987,-0.0675320571382,0.2693130269027,0.0690655556933,0.4663155522809,0.3437961745242,0.2399473750609,0.1466962287016,-0.1648863091800,-0.1350730493079,0.3541058280088,-0.2159671754513,-0.1420924714315,0.0683521647538,0.0859862973880,-0.0421865698848,0.0005374648783,-0.0640402950773,-0.2018232634483,0.2501529634685,0.2207266172452,-0.0796070875240,0.1674667530483,0.0997235359097,-0.0197523280678,0.1427676990403,0.2155526655613,0.2719746709965,0.3499855516468,0.5765121798119,0.4917277251927,0.1718635874082,-0.3093661453886,0.0949063244495,0.1038554185352,-0.0563995328729,-0.2668133105109,0.0828553877395
-0.0018445101841,0.2939438731020,0.8235797891318,-0.0276627071964,-0.1548852997621,0.1383982093426,-0.3230145684609,0.6629683926421,-0.0677082543791,0.2902242758364,0.0094086236548,-0.0026248629463,-0.2749190161785,0.2504909263679,0.3852144473439,0.0698730517292,0.3765197551011,0.4918519294883,0.3406252527152,0.4598667302328,0.0424680753317,0.3420673909279,0.1622625635655,0.4833372847543,0.3308192356329,0.5071436759527,0.5383157483455,1.0000000000000,0.1320687198710,-0.0859252699413,0.3458273849179,0.4149178797512,-0.0641641903622,0.0037054287304,0.0922192303636,-0.0978499323510,0.2385160162876,0.5627806480576,0.0616086398202,-0.0559044629856,-0.2321279591920,-0.2938774487408,0.4742038479257,-0.2602840773954,0.1038155621347,-0.0352070939457,-0.0628030104481,-0.1850548229272,0.3777695490868,0.0647596384488,-0.2114375560212,0.2752373060390,0.0144580400069,-0.0340855548195,-0.1232217159183,0.0120643133729,0.0929955753642,0.1103851259222,0.2725739218295,0.0313709400542,0.3180267939691,0.1461179966385,0.8016744188369,0.0433428981380,-0.3144869301301,-0.0557292647312,0.0647268808297,-0.1151776809063,-0.1792111174483,-0.1257153902056
0.1891608652681,0.1217694966888,0.0491091200250,-0.1842835284616,0.6273345451624,-0.0002286442634,0.3829865657145,0.3857419860142,0.2624546172787,0.1845677564716,0.6446009217950,-0.1912497006429,0.6057388263395,-0.4372086733515,-0.0404452114714,-0.0140759501721,0.2698166094860,-0.0056256694795,-0.2265011559939,0.0003592074691,0.5806347566723,0.4852439642465,-0.0565041013432,0.3893899484487,0.3748334261267,-0.1481589039726,0.2980186249941,0.1320687198710,1.0000000000000,0.1476059938094,0.3376854469266,0.2649934935878,-0.1212868618223,0.0587446260755,-0.0851263481368,0.1186788057701,0.1050801676758,-0.1133547454089,-0.1977922228764,0.6778620094428,-0.2726960843158,0.3595832427485,0.1092392414200,0.0233830162175,-0.2835196488072,0.6078807333600,-0.3445715857821,0.6193165651237,-0.4163614273007,-0.3850504160049,-0.2463077148272,0.1879895573027,-0.1708638457279,-0.3968853802492,-0.3005753056767,0.5688403121195,0.3794471672342,-0.0758102451621,0.3073465733912,0.2661786668110,-0.1680070980465,0.0158655970792,0.0962056785729,0.9141533753790,-0.1458133545741,0.2210668872496,0.1199234758910,-0.1532145427163,-0.1203974680597,-0.1825070899291
0.5292796488257,-0.2070896262280,0.0376358171937,0.1223331686039,0.0737044475974,0.0865205629610,0.0630304549840,0.0235252914067,0.2205009335441,0.0799347349040,-0.1138785963370,0.2190480482906,0.1149675447281,0.2047309013033,0.4548036589331,0.1513885414631,0.3361633258127,0.1988395548804,0.1196539772463,0.0880672060736,-0.0849170289785,0.5004367272232,0.2017405777506,0.3738936626811,-0.0145618346722,-0.1154772178662,-0.0727494436595,-0.0859252699413,0.1476059938094,1.0000000000000,0.4247310343528,-0.2083023515300,0.1197732803608,0.7301734973168,0.2324419088828,0.5211008345487,-0.1414221451577,0.0043598305397,-0.0209814566127,0.0353182071967,0.1171077837186,0.1038585521470,0.0060054201539,0.3566677711172,0.1377881594166,-0.1680977680785,0.0387210868426,0.0323357330806,0.0125229166256,0.2551908613172,0.1328745194640,0.3361156385578,0.0100437864684,0.0322935787900,-0.0543818072593,-0.1004674547701,0.5963107949280,0.1434464641933,0.4345152505052,0.1153036145709,-0.2406874773784,-0.1236744090914,-0.0950110276855,0.0920385010145,0.7635107502740,0.4187592764290,-0.1009755501510,0.0869224946104,0.6204790017278,0.2931693171468
0.5512753890832,0.2225749395588,0.5578163864998,0.1755874585736,-0.0957098328340,0.0078831690759,-0.2793097943508,0.5361682952050,-0.0478472732559,-0.0589362909618,-0.1443209157042,0.0250971286195,-0.1592996373158,-0.1020544139545,0.3505721801514,-0.1339952291008,0.5991933820510,0.6824842709562,0.1565775701731,0.6055915089637,-0.0296108743857,0.5817794175139,0.4658835335113,0.7576889739723,0.1803167191211,0.1759292226691,0.3815741178454,0.3458273849179,0.3376854469266,0.4247310343528,1.0000000000000,0.1534653864296,-0.0468560888240,0.4433054413005,0.3980094675146,0.5192544885698,0.3756056196315,0.3917236568180,0.1622152229085,0.0567995509162,-0.1765116432715,-0.3013267733817,0.4436243593912,-0.0728316487367,0.0206734493592,-0.2097349696893,-0.0796610358377,-0.1896235947998,-0.0847976000818,0.1047408930054,-0.1865536090377,0.5246484456528,0.3925266303265,-0.1031232063108,0.2093560398045,-0.0984123713067,0.4628762371446,0.4309382840587,0.6592812986144,0.3386367093890,0.0313462248427,0.1984060918926,0.4290957928172,0.2336784768518,0.1995857553065,0.6977839057353,-0.1312017721241,-0.0580201151194,0.2262598039277,0.2882847334574
-0.1358719030054,0.1939277216559,0.2457570047155,-0.0718176742263,0.1212236538542,0.0494201142814,0.0169636598680,0.5097941212099,-0.0040051295675,0.3130501358600,0.3053451296199,-0.3153918521988,0.0835333505821,-0.2000340488614,0.1083444437400,0.0738435403798,0.0625083742404,0.1524500228396,-0.0708054810161,0.2453792380862,0.2973024456134,0.1541908894189,0.0370360079261,0.2313288584527,0.3602650955607,0.2492879836866,0.3116665992630,0.4149178797512,0.2649934935878,-0.2083023515300,0.1534653864296,1.0000000000000,-0.1273926760571,-0.1797877078042,-0.0952082796447,-0.2523795384029,0.1186106889602,0.0995231016895,0.0323608469340,0.2050472915283,-0.1885598581791,-0.0447967466100,0.3641077025715,-0.3416139789842,0.0197591195744,0.2889763817493,-0.2718377072581,0.1549258395763,-0.2199345481033,-0.1035927324666,-0.1785797428435,-0.0281399249591,-0.1163779969225,-0.3703358245464,-0.1725808349772,0.2643828023877,-0.1128371323405,-0.0146215627972,-0.0333174466736,0.1769737357639,0.2241791652658,-0.0726196284114,0.3388563819171,0.2574461449698,-0.4196392328973,-0.1247480573001,0.5246695473736,-0.0370766876979,-0.2521803794129,-0.2685100059557
-0.0072898553062,-0.1587685078326,-0.1238908358385,-0.0656443341160,-0.1728498201437,0.7135140934160,0.2966900402820,-0.0469976537254,0.3434503821611,-0.0559184476906,-0.0457060545309,0.1701608685413,-0.0667967351993,0.0071865036439,0.1683460701639,0.3814009414307,-0.2153477230165,-0.1099649309846,0.0342515196495,-0.0668503876529,-0.1380915566296,-0.1877495828239,-0.1351579146900,-0.2123025611100,-0.0748841697473,-0.1403281666517,-0.0236597028987,-0.0641641903622,-0.1212868618223,0.1197732803608,-0.0468560888240,-0.1273926760571,1.0000000000000,-0.0375223717204,0.0491675915211,-0.0454682406469,-0.0079852247590,-0.0114690508996,-0.0292476251892,-0.1953595088174,0.7251323842206,0.2819263170861,-0.0111095757710,0.4250192772801,-0.0346949300785,-0.0806450185248,0.2560994127046,-0.0967741533983,0.0367109705475,0.2741713774763,0.3362947962964,-0.1784543790406,0.0066291995783,0.2164418437017,0.0062207386821,-0.1612287779964,-0.1908769938327,-0.1234897774357,-0.1961016521884,-0.0577050340308,-0.1545174668573,-0.0652623918209,-0.0572143108342,-0.1321813151116,0.0754578986809,0.0131525090293,0.0818897599093,0.8430375585239,-0.1995576979108,0.0913527731839
0.3441554797456,-0.1224113626356,0.1653788107233,0.0518787255429,0.0820769325420,-0.0553106501965,-0.1865126103125,0.0686958452914,-0.0526086291517,0.0109275934036,-0.2961265940450,0.0428915409657,-0.0472982414569,0.1449930230112,0.2455407033229,0.0206819955625,0.4728781026708,0.3203191999145,-0.0173063029415,0.1084916211478,-0.1364817909291,0.5778410091786,0.2355856190433,0.4770242244941,-0.0223724308296,-0.0083923110508,-0.0675320571382,0.0037054287304,0.0587446260755,0.7301734973168,0.4433054413005,-0.1797877078042,-0.0375223717204,1.0000000000000,0.2275493611086,0.3897645662896,0.0044474584146,0.1442502702230,-0.0572924989832,0.0695902264240,-0.0340339953106,-0.1484537628676,0.1013143428694,0.1257076303605,0.1646762774624,-0.3383938506992,-0.0985269283146,-0.0981433998870,0.0118204084420,0.1723104317650,0.0006989415246,0.4121824097660,0.1275108156464,-0.0616777839572,-0.0213830489455,-0.1405941192148,0.6969039838715,0.2269076856387,0.5580706829327,0.1496359334957,-0.1674169953526,-0.0716591293598,0.0125714002601,0.0217316143092,0.6520233832447,0.4398566558351,-0.2235737106219,-0.0983837377956,0.7477777827358,0.3265068776588
