1.0000000000000,0.1909290578102,0.5269543485879,0.5658589832201,0.4225889932154,-0.0061185035369,0.1354241657173,0.2607622828692,0.0071406212106,0.4601574259497,-0.5165656172854,-0.4204048391145,0.3012829195563,0.1222254803299,0.4016451199048,0.5587392561966,0.2179349120756,0.2069135142281,-0.3240922326046,0.1495443957107,0.4956976748762,0.1359069571320,0.3561349577296,0.4289673601275,0.3151752881362,0.4544637956684,-0.2623164676017,0.0602049551689,0.0790157909760,0.4628048608287,0.2687998393093,-0.0295086532355,0.2548380907508,0.2158878463162,0.2759449865730,0.7302035096395,0.0683951951215,0.2845544244384,0.1080592253143,0.1814131889492,-0.0310091587124,0.3923313941248,0.3972339182194,0.1275157926467,0.4374190310014,-0.3851225063054,-0.0808722387992,0.4056180925528,0.0438315842431,0.2440641900228,0.5706921395725,0.4290247512666,0.1328837535206,-0.4053172379727,-0.1435108777392,0.3950386269050,0.2571817578857,0.3026276133455,0.2873195047608,0.4178056207636,-0.1596504839334,-0.3081485307113,0.1384594506365,-0.2216436625762,0.3928086615317,0.3893011437547,-0.1268122895955,0.2315416009908,0.1649659046541,0.2384350675103
0.1909290578102,1.0000000000000,0.0534530317625,0.5617884633240,0.2175811769716,0.0546116419637,-0.1905411801806,0.0591023221423,0.3400788141866,0.0593454726732,0.0253088470132,-0.0501232273662,0.2665831869416,0.3307885064136,0.2495272835079,-0.0615538622366,0.4650813327407,0.5003412705620,-0.2525370970483,0.0697562497407,0.3331752447768,0.4610023288945,0.5359617337064,0.3792565090884,0.5398615554973,0.3658546567196,0.1684856409358,0.4883931013750,0.5223126369467,0.3078247861847,0.4527204679761,0.2596955690206,0.0417813057057,0.2561357545150,0.1601605327578,0.1288925011347,0.3874912274006,-0.0130681772970,0.0074157538280,0.3138174698387,-0.0111421461806,-0.3795647447728,-0.2592028167617,-0.2062124213377,-0.0057705160709,0.0982091507333,-0.1931695231893,0.2063421624452,0.1939074300564,-0.0298470519592,-0.1874530479389,0.3064154420546,0.1600215308589,-0.3449338823756,0.0133917979020,0.2097973625856,0.1209297691891,0.2363392533232,0.1663788488446,0.3648563125626,0.1575275921358,0.2060667841729,0.2789053447923,0.4044240108709,0.0515001135616,-0.0819794982441,0.3845535405494,0.1934046947353,-0.0039174169081,0.1249824031389
0.5269543485879,0.0534530317625,1.0000000000000,0.4448183251063,0.3497071874677,0.0776755901195,0.3330981048087,0.4272559673399,0.0117228190763,0.3539305656253,-0.5941223256651,-0.4265991848075,0.2931032017317,-0.0096879067500,0.0842878582829,0.4136509556582,0.0462393148746,0.2248764014797,-0.2197381549276,0.2358974326444,0.3214197927697,-0.0481650767725,0.2623183044249,0.3311305828342,0.2459276325447,0.1875749647632,-0.1504680083471,0.0518983588873,-0.0650068468677,0.1857641411506,0.2248548292839,0.0231411970176,0.1420263336996,0.1066522232373,0.1994271448951,0.4616323599669,-0.0176246943191,0.4404465762381,-0.0062744837002,0.1621730237624,0.0241862998934,0.4385269040694,0.4316402244056,0.1059451176424,0.3393733877985,-0.5105478780303,-0.0464855217137,0.3855379148627,0.0157946305356,0.2331075167637,0.4848307921655,0.2695267382765,0.0128166776507,-0.3025886347488,-0.1687389488671,0.4008273573669,-0.0108962470061,0.2627151010078,0.0760310723243,0.3585329805626,-0.3553358868953,-0.3010477455471,-0.0724069351468,-0.3570104397388,0.2913435403872,0.4242513730009,-0.2758306432857,0.0496959288756,0.2123510302307,0.1444395866166
0.5658589832201,0.5617884633240,0.4448183251063,1.0000000000000,0.4087263487803,0.0639588629126,0.1508681596222,0.2040031826824,0.3227222095441,0.5238080611463,-0.3792018517456,-0.2854477038434,0.4668681980688,0.3786114328089,0.3814402825530,0.4017606842262,0.2287186598183,0.3593546395760,-0.3397303271575,0.2605748290174,0.5537871475760,0.1376102036406,0.5380175956313,0.3479890292235,0.5206127498283,0.7131044555016,-0.0063752658490,0.1731309049174,0.1948692596391,0.4507418883945,0.3334559479524,0.1490592934024,0.1867219902370,0.3007038381895,0.3806085408174,0.3844911431154,0.1757261143642,0.2228879632596,0.2298795598150,0.3199395883789,0.0124907482828,0.1467863634166,0.2661523303077,-0.0184579423492,0.5149190031295,-0.2517681454895,-0.1639594910688,0.4460018390997,0.1656168349158,0.1165295525648,0.3312119107311,0.2789517211892,0.1077661259617,-0.4338492567761,-0.1039172084540,0.4646938250862,-0.0062293319916,0.4024700019015,0.0653366376815,0.5661051784861,-0.0017554233677,-0.1851623408585,0.1510065274252,-0.0538824201370,0.1797340410320,0.2432341432570,0.0566054174762,0.2419942208773,0.1326074934982,0.2833712222939
0.4225889932154,0.2175811769716,0.3497071874677,0.4087263487803,1.0000000000000,0.0786200002539,0.2410060767276,0.1347730035532,-0.1523667468527,0.4207719276948,-0.2607428623917,-0.4047767059380,0.7329607777696,-0.1529877142385,-0.0794341479733,0.2882007662914,-0.0068938201297,0.0229194260879,-0.3331613831415,0.1082094990025,0.6923500808069,-0.0731027000286,0.3499209259639,0.0611432768517,0.4738462285676,0.1124434678880,-0.2003401404192,-0.2229677688192,0.0536493742741,0.2904050799540,0.1504106266725,-0.0055751906613,0.0866581020529,0.3247442828583,0.2090439186117,0.3256078813930,0.4061143703378,0.3884120379858,0.0685526147860,0.8742744717031,-0.0024566520864,0.3505120811061,0.4178952964893,0.0272267991790,0.2973841024874,-0.3048159819187,-0.1487919475234,0.7746662842234,-0.0308215434937,-0.0421814172136,0.3232251153879,0.1697709985067,0.1614597900066,-0.2708526544479,-0.0702502171737,0.8618979184094,0.0399920134525,0.4511981088815,-0.0274359625519,0.5534348588207,-0.0875194184295,-0.1303045801516,-0.1024527654976,-0.2279929918237,0.2701763493562,0.3491892810518,-0.1875864286588,0.1547667820156,0.3924933430947,0.2283021165981
-0.0061185035369,0.0546116419637,0.0776755901195,0.0639588629126,0.0786200002539,1.0000000000000,0.3819171332429,-0.0924593130303,0.3603444309064,-0.0006448081087,0.1079280876013,-0.0383414612188,0.1002715312609,0.1117612049630,0.0348375669563,0.0346466322741,0.1762698909153,0.0728981899274,-0.2527690989964,-0.0152707583844,0.0420306345773,0.1228644060713,0.0178437699613,0.0567767884474,0.0772969710765,-0.0652888922092,-0.1282590262486,0.0141737907912,0.0102970433367,0.3344644495097,0.0983253554532,0.2491980908041,0.4017269601296,0.1388005594114,0.3219295447489,-0.0406460879202,0.0740468839655,-0.0432393827476,0.0827960076719,0.0939747846129,0.7567970482190,0.0720748132194,-0.1285495553316,0.2800223331807,-0.0293635031255,0.0455478065504,-0.0560515727364,0.0886296419550,0.2280739939451,0.2248290281344,0.0024803745424,0.0579894580899,0.1889749113612,-0.2354056612662,0.0384054019803,0.0500512757009,0.0729995725454,0.0189174645244,0.0905813913217,0.0699097586705,0.0285486443232,-0.0543149049780,-0.0757187131333,-0.0477015142359,0.3259047874646,0.0113088057228,0.1288028777705,0.3362271879628,0.1343743475263,0.3509949236734
0.1354241657173,-0.1905411801806,0.3330981048087,0.1508681596222,0.2410060767276,0.3819171332429,1.0000000000000,0.1286032212901,0.2301064260220,0.2157962490758,0.0277666798099,-0.3663329363794,0.3419716637572,-0.0416685449315,-0.0223977417822,0.1914845175706,-0.2223549147962,0.0197374254047,-0.2990429482608,0.0719401333703,0.1738541000356,-0.2713189735986,-0.0613548490510,-0.0682860178588,-0.0745720283152,-0.0307941633583,-0.1979196718449,-0.1170159432056,-0.2916017647626,0.1146360633052,-0.0913349916782,0.1746817130210,0.1746187956845,0.0074582414095,0.2042299017156,0.1629385134840,-0.0736881183620,0.0498844911340,0.0767146105974,0.1805190549820,0.3341370996095,0.4171114252117,0.1586763302361,0.2870019522717,0.1382100075953,-0.1840252053843,-0.1566065171098,0.3685174494955,0.0401223927525,0.2974842405135,0.3208176881849,-0.1081866315831,-0.0758294742998,-0.2475108125823,-0.1412670275814,0.2981830014606,-0.2586982958101,-0.0091443678310,-0.2362395509634,0.0685997377261,-0.2451994078405,-0.2453379307275,-0.2280858367140,-0.3082219409662,0.3157361696316,0.1188303119970,-0.0893424056235,0.0722208790086,0.1458891653442,0.1684791504239
0.2607622828692,0.0591023221423,0.4272559673399,0.2040031826824,0.1347730035532,-0.0924593130303,0.1286032212901,1.0000000000000,-0.0599089760215,0.3175177376928,-0.1454229629590,-0.2061012666931,0.0121105934178,-0.0834731375774,0.1726162848055,0.2216783914081,-0.1121801601490,0.1152098167858,-0.1536705290825,0.1211817252210,0.1129672750259,-0.0982169565603,0.1669974174218,-0.0216145555719,0.2477686967453,0.0546257183116,-0.1858051294303,0.1535045756411,0.1104209501472,0.0114538837046,0.0943195228987,0.0200557169258,0.1235557590857,-0.0559033300399,-0.1101596023766,0.2890416326574,-0.0754167939130,0.1614769366184,0.0176829646276,0.0800838932155,-0.1348079917405,-0.0263697060809,0.3828662470485,-0.1902624674499,0.2823956280647,-0.2656100708669,-0.0925179407148,0.0942404772310,-0.0306273938831,0.1872455953690,0.1929573649167,-0.0162889027713,-0.1181166309153,-0.1476551225143,-0.1260887826163,0.1138306751580,-0.0693548415289,0.0640974560315,-0.0749580093723,0.2087216086354,-0.1328613144528,-0.1354663379774,0.1224345807831,0.1027428907965,0.1448988436819,0.0470008338867,-0.0408927019224,0.1325729516687,-0.0781723322486,-0.1205231121663
0.0071406212106,0.3400788141866,0.0117228190763,0.3227222095441,-0.1523667468527,0.3603444309064,0.2301064260220,-0.0599089760215,1.0000000000000,-0.0087109944205,0.1661538221466,0.0373011577888,0.2174431444626,0.4720682976908,0.3287769005478,-0.0627049412788,0.2194251101038,0.4923878998853,-0.1716859267119,0.1706653905936,0.1282074842986,0.3738300710806,0.1406729119871,0.2402639584874,0.2359366364472,0.2643003113915,0.0522347316243,0.2557800152229,0.3899598690608,0.3478290409360,0.3069099155997,0.3974165879938,0.2094064444109,0.1153067245070,0.0580633038040,-0.0201082265626,-0.2413891014510,-0.3292581176056,-0.1132264145143,0.0224101925471,0.2326174696786,-0.2828787597516,-0.3986475972826,0.1742874886127,-0.0093849537180,0.1790335365032,0.0657126145203,0.0977215197723,0.5292541655395,0.2243495413704,-0.1831019451393,0.1069526511989,0.2116225458825,-0.2712495712513,0.2460800560299,-0.0288219410220,0.0047932631427,-0.2230622944715,0.0676708279899,0.1382320263090,0.1145461069409,0.3077359516708,0.0797360693977,0.4061991124320,0.1110625651345,-0.2208201146032,0.5317488631968,0.2073307717626,-0.1715636551876,0.2178611479218
0.4601574259497,0.0593454726732,0.3539305656253,0.5238080611463,0.4207719276948,-0.0006448081087,0.2157962490758,0.3175177376928,-0.0087109944205,1.0000000000000,-0.4220312545025,-0.3097061446282,0.4528488813637,0.2285430247019,0.2267328609383,0.5237235198454,0.0067017062878,0.0382794093219,-0.3083833923092,0.1475956049446,0.5404785534743,-0.1171236814379,0.3745869317731,0.0827898449262,0.5021058111822,0.4903544118842,-0.2284979574265,0.0369365538925,-0.0473919707597,0.2524050097644,-0.0482532301868,0.0954278334187,0.1730359083308,0.1603804612790,0.1750346779616,0.3347166943974,-0.0325574145595,0.1956563759476,0.1451577056084,0.3564779053359,-0.0247124962982,0.2705527472100,0.3849332267453,-0.0940809149188,0.8459593693849,-0.3066861415430,-0.0726913434193,0.4595936139122,0.1288833272766,0.1102026676713,0.4580147135832,0.0922817409139,0.0067020230677,-0.3389932943696,-0.0681392162987,0.5374147945791,-0.0454599908307,0.2808083283004,-0.0657668122995,0.5630202991951,0.0330503036108,-0.2746966280260,0.1652752870906,-0.1741758722992,0.2188015255833,0.1575719372236,-0.0218361144913,0.1511482118795,0.1457956977358,0.1525576379792
-0.5165656172854,0.0253088470132,-0.5941223256651,-0.3792018517456,-0.2607428623917,0.1079280876013,0.0277666798099,-0.1454229629590,0.1661538221466,-0.4220312545025,1.0000000000000,0.3681628198196,-0.1271810680544,-0.1229824467384,0.0285401173520,-0.5173662365741,-0.0631975704082,0.0234498126638,0.1551081065281,-0.1527687254444,-0.1112374898065,-0.0705739944877,-0.3151528978491,-0.4375523448771,-0.2130577418530,-0.2757005534228,0.3094970180270,0.2613364839711,0.1652264898816,-0.2726515784796,-0.2962257301319,0.0488718452593,-0.1466111988603,-0.0606470212269,-0.0766397044614,-0.5103390225046,0.1577412196790,-0.2154565841385,0.1777364156467,-0.0185524160599,0.1855819157952,-0.3479715835246,-0.4057290259568,0.1506039257974,-0.4930560090501,0.8086354716937,-0.1781407327059,-0.2563133401247,-0.1496122726654,-0.0989521208959,-0.4604043591067,-0.3109966470342,0.0433648788903,0.2342607218200,0.1926953245298,-0.2998600659288,-0.1621020678669,-0.2571138226416,-0.1851201988245,-0.4273179111419,0.3299811895008,0.3955810358093,0.2118660753799,0.4199188623778,-0.2721307698875,-0.5155970627737,0.3141457759318,-0.0845364095272,-0.1468702318006,-0.0841856945791
-0.4204048391145,-0.0501232273662,-0.4265991848075,-0.2854477038434,-0.4047767059380,-0.0383414612188,-0.3663329363794,-0.2061012666931,0.0373011577888,-0.3097061446282,0.3681628198196,1.0000000000000,-0.3412384357321,0.1557806786332,0.0497852896660,-0.2982478314190,0.0167276916534,0.0230749083374,0.7228972215086,0.0509453004939,-0.3496167029522,0.0544148884483,-0.3247492571183,-0.1818127695495,-0.2519859409165,0.0245761824794,0.6089285174412,0.2300754156272,0.0872523800542,-0.1858174924437,-0.1977170899261,-0.2127596310112,-0.2291088149902,-0.2015807730841,-0.0642698604589,-0.4838778501825,-0.0433444237464,-0.2187633157967,0.1354223699013,-0.2832737889307,-0.0230255248542,-0.3594783286861,-0.3842829271055,-0.1419781547432,-0.2766222290739,0.4696735582899,0.4233655467332,-0.4410873126761,-0.0372648696369,-0.2835430077764,-0.3147103420644,-0.1931219160436,-0.0165798394231,0.6347882796312,0.2198519290881,-0.4471464164255,-0.0059357440577,-0.2997449956129,-0.0080142649283,-0.4501110755728,0.3417086118156,0.3522764403072,0.2097572716253,0.2415892648962,-0.3941390319896,-0.3918261198673,0.0111057713054,-0.1655437597925,-0.2441867190867,-0.0772192661363
0.3012829195563,0.2665831869416,0.2931032017317,0.4668681980688,0.7329607777696,0.1002715312609,0.3419716637572,0.0121105934178,0.2174431444626,0.4528488813637,-0.1271810680544,-0.3412384357321,1.0000000000000,0.1025736455869,0.0185745622226,0.1741210648864,-0.0042171099888,0.3095251538233,-0.3285622713261,0.3152398766354,0.7586949541212,-0.0046499594450,0.3615807600635,0.0397801811501,0.4254707761971,0.2179303808780,-0.1134387708890,-0.0894309335432,0.0497643145726,0.3741764305775,0.1642256680066,0.2434818404148,0.0648046798124,0.4211709497467,0.2209597443229,0.2848263728077,0.2047707493196,0.1507421194404,-0.0298942421105,0.8143135029980,-0.0052672005149,0.1669987798877,0.1592282197573,-0.0066353505296,0.2747833234317,-0.1328250571077,-0.0568572776646,0.8957304546828,0.2664304447218,0.0936332904076,0.1193303231665,0.0627363357489,0.2514655358491,-0.2921144093066,0.2182410874633,0.8648038313282,-0.1202856167139,0.2552263496481,-0.1434789552535,0.4949168009693,0.0605887733331,0.1077141520645,-0.0734319530545,-0.0951781853573,0.2766305711563,0.1271740145115,0.0857636238390,0.1199836603957,0.3162664862284,0.3064920105397
0.1222254803299,0.3307885064136,-0.0096879067500,0.3786114328089,-0.1529877142385,0.1117612049630,-0.0416685449315,-0.0834731375774,0.4720682976908,0.2285430247019,-0.1229824467384,0.1557806786332,0.1025736455869,1.0000000000000,0.4176433223550,0.1638114746028,0.2981705902620,0.2746692645459,-0.1846885371501,-0.1100441454509,0.1593740694635,0.2918164183977,0.1249634096281,0.2275249395927,0.2248385251325,0.5350306712257,0.1709384058188,0.4220618590459,0.2262287380194,0.3200410767044,0.1244974239074,0.4471821325928,0.1371818712442,0.1263093123922,-0.0075864420969,0.0023916983776,-0.2230523363883,-0.2632470277386,-0.0784563068139,-0.0578918690898,0.0807882541911,-0.3129815246823,-0.3036851436545,-0.1327286440310,0.2202954309283,0.0645979579665,0.1174782206425,-0.0006731075182,0.5639083924539,0.1369690625135,0.0220143314294,0.1656845347330,-0.0558752271271,-0.2930156573552,-0.1126604212006,-0.0191653412435,0.0339013143648,-0.1597408898405,0.0555701894696,0.1422864127332,0.0820812962108,0.1096835436931,0.2652630669764,0.2269263081671,0.0935729307274,-0.2023030894208,0.6089900361866,0.2227659099262,-0.1080643798593,0.0541511505685
0.4016451199048,0.2495272835079,0.0842878582829,0.3814402825530,-0.0794341479733,0.0348375669563,-0.0223977417822,0.1726162848055,0.3287769005478,0.2267328609383,0.0285401173520,0.0497852896660,0.0185745622226,0.4176433223550,1.0000000000000,0.2363994714895,0.1470391714888,0.2682298572477,-0.1508407524646,0.0811768517393,0.1855489459599,0.1406295719728,0.1078998187357,0.1050589811059,0.2447875945547,0.5523042778275,0.0570582409668,0.5159520989358,0.2450948361097,0.3154292016400,-0.0646210071662,0.2347315031309,0.2850372972628,-0.0050639446127,0.1230585830301,0.1547890247346,-0.0675768714541,0.0088772671383,0.2578622734066,-0.0881822149275,0.0458599477384,-0.0337748762051,-0.0304693300860,0.0494378516954,0.2248613262480,0.2264217062985,-0.2529950068786,-0.0703272392153,0.0818925514683,0.1902928775215,0.1623503722338,0.0934334551823,-0.0882358284720,-0.3389565294832,-0.0027950615827,-0.1048665231502,0.1593194061594,0.0236528505690,0.1720307262985,0.0608423133179,0.1295282790545,-0.1314131568228,0.4522076995581,0.2032590019503,0.0221854741118,-0.1392958906004,0.3986736091713,0.2254507144085,-0.0856118413032,-0.0877910677731
0.5587392561966,-0.0615538622366,0.4136509556582,0.4017606842262,0.2882007662914,0.0346466322741,0.1914845175706,0.2216783914081,-0.0627049412788,0.5237235198454,-0.5173662365741,-0.2982478314190,0.1741210648864,0.1638114746028,0.2363994714895,1.0000000000000,0.0386440327232,-0.1371774858062,-0.2738144092575,0.0717196948536,0.2913518131475,-0.1452244220494,0.2161095699585,0.1214450344158,0.2202293218541,0.3898148201608,-0.2656543026742,-0.1554540537030,-0.1274992163756,0.2600298021752,0.0563383874888,-0.0524117509683,0.2692434532797,0.1370081763801,0.2102399713572,0.3883724508664,0.0162860229813,0.2616192936457,0.2010814889600,0.0824221431701,0.0005798347851,0.5214046845684,0.5186589274307,0.2098434858469,0.5609658707572,-0.3575116031084,0.0121139518464,0.2799710911215,0.0619668595035,0.1279911573916,0.6935488518989,0.2124533323323,0.0587761783926,-0.3001879411702,-0.1551215302733,0.2937527883683,0.0503319157740,0.2843096064617,0.0680346349364,0.3607841808547,-0.0396030203729,-0.3846720890879,0.0611326949885,-0.3527423704187,0.2320095820035,0.3795529898643,-0.1336402606295,0.2268798749844,0.1842658292808,0.1907456414371
0.2179349120756,0.4650813327407,0.0462393148746,0.2287186598183,-0.0068938201297,0.1762698909153,-0.2223549147962,-0.1121801601490,0.2194251101038,0.0067017062878,-0.0631975704082,0.0167276916534,-0.0042171099888,0.2981705902620,0.1470391714888,0.0386440327232,1.0000000000000,0.2594033925097,-0.1374413412186,-0.1634545868708,0.0983862148993,0.6337939023189,0.4207184917523,0.5802480997821,0.2771367187055,0.2293652386618,0.1694690131251,0.3833908334830,0.4287908246963,0.3807542731527,0.4606646176504,0.1423307861320,0.0874720588758,0.3063524669107,0.2946987780683,0.0805771756348,0.1948443764501,0.0089904794467,0.0256683480567,-0.0191296678945,0.1717584881578,-0.1756310141059,-0.2772574385585,-0.0009558559729,0.0363550800124,0.1169435893819,-0.0808517428365,-0.0042048649030,0.1660852552645,-0.0753352872563,-0.0054609599349,0.7774099244396,0.2634575235923,-0.2008290577918,-0.1135140332415,-0.0657448823789,0.4781152907724,0.2227886877253,0.5362546443289,0.2402808214999,0.0872745215812,0.1434068869438,0.2310608965612,0.2633024672036,0.1569011025625,0.1372631055879,0.2462226753868,0.0645755643817,0.0585022424102,0.2497858023064
0.2069135142281,0.5003412705620,0.2248764014797,0.3593546395760,0.0229194260879,0.0728981899274,0.0197374254047,0.1152098167858,0.4923878998853,0.0382794093219,0.0234498126638,0.0230749083374,0.3095251538233,0.2746692645459,0.2682298572477,-0.1371774858062,0.2594033925097,1.0000000000000,-0.1138203966372,0.3938385459212,0.2834504196127,0.3221707402091,0.2526656780095,0.3193153292618,0.2048700247734,0.2897784388477,0.2284164344677,0.5352750349511,0.3058287419572,0.2461872661809,0.2464533732113,0.2074554666038,0.0827771118849,0.1585970188623,0.2160708779322,0.1286848827597,0.0056249690843,-0.1166426954524,-0.0628623306231,0.1504957194536,-0.0008966327444,-0.3690717221756,-0.4117722970341,-0.2077354999627,-0.0728057606561,0.0847897013857,-0.0319217620017,0.2544694128955,0.2502099280446,0.0423609297364,-0.2379693079250,0.2032808491439,0.2270068600995,-0.2526224320897,0.2492827723147,0.1509238656775,-0.0005925553067,-0.0760930801372,0.1132969107927,0.0662651457038,0.0500878145059,0.2320916112888,0.1849017849043,0.2714920228170,0.0722085554474,-0.2206013665579,0.3048385232055,0.1329968570993,0.0033875346447,0.2215866717877
-0.3240922326046,-0.2525370970483,-0.2197381549276,-0.3397303271575,-0.3331613831415,-0.2527690989964,-0.2990429482608,-0.1536705290825,-0.1716859267119,-0.3083833923092,0.1551081065281,0.7228972215086,-0.3285622713261,-0.1846885371501,-0.1508407524646,-0.2738144092575,-0.1374413412186,-0.1138203966372,1.0000000000000,0.2374811030469,-0.4579891662981,-0.0513447235366,-0.3203841355067,-0.1476555064109,-0.3883328261017,-0.1162080446357,0.4546223594764,-0.0434565948645,-0.1325932895252,-0.3380915004847,-0.1748468835530,-0.4615509637526,-0.3550652991048,-0.2940136257902,-0.1886449696999,-0.2585810369689,-0.2160073819304,-0.2113167496328,0.0127712294076,-0.2934209067893,-0.2857066286624,-0.1249290159691,-0.1634378322312,-0.1469738128142,-0.2764112442071,0.1811047113816,0.5650756192686,-0.3626577837761,-0.1859535743160,-0.1830354232218,-0.1946568974169,-0.2240426641695,-0.1833550748544,0.8694616804353,0.2048187095887,-0.3562383192454,-0.0879264746504,-0.3169550210285,-0.1085086624963,-0.4468365108868,0.0829779592911,0.2124102122036,-0.1005352830155,-0.0038086865686,-0.3983848667172,-0.2457750277588,-0.4076868611764,-0.3660788463206,-0.3026428142169,-0.1467580837051
0.1495443957107,0.0697562497407,0.2358974326444,0.2605748290174,0.1082094990025,-0.0152707583844,0.0719401333703,0.1211817252210,0.1706653905936,0.1475956049446,-0.1527687254444,0.0509453004939,0.3152398766354,-0.1100441454509,0.0811768517393,0.0717196948536,-0.1634545868708,0.3938385459212,0.2374811030469,1.0000000000000,0.0817623333996,-0.1467046409227,0.0720968224091,-0.0485885744448,-0.0222038525163,0.2319265379561,-0.1615832877904,-0.0681705494188,-0.1326637364774,0.1374969425757,0.0338580840951,-0.0569920367542,-0.0618193084800,0.0023516972519,0.2679972924520,0.1727480596991,-0.0631082089457,-0.0442829814380,0.1351576303214,0.1535522412844,-0.1480035545238,0.0982839965595,0.0891620385709,-0.0924724690356,0.0697183710800,-0.1313295688941,0.3424724200727,0.2902516413061,0.1376778267280,0.1162920580962,0.0034514797767,-0.1252530171532,0.1280104973583,0.1154637527064,0.6189021004211,0.2217497618507,-0.1750688544271,-0.0561517080606,-0.1449955029305,0.0389760597248,0.1843682821609,-0.0855707163279,-0.1101621122465,-0.1204466102130,0.0832408310361,-0.0136737493916,-0.2295723789026,-0.0170489624100,-0.0121050314441,0.2687668756910
0.4956976748762,0.3331752447768,0.3214197927697,0.5537871475760,0.6923500808069,0.0420306345773,0.1738541000356,0.1129672750259,0.1282074842986,0.5404785534743,-0.1112374898065,-0.3496167029522,0.7586949541212,0.1593740694635,0.1855489459599,0.2913518131475,0.0983862148993,0.2834504196127,-0.4579891662981,0.0817623333996,1.0000000000000,-0.0286927267858,0.3827654687547,0.0599495958702,0.5141447353466,0.3805730200432,-0.0242284045725,0.0876583833061,0.1521703981863,0.3233096193406,0.0947765178450,0.1417220462681,0.1681332086830,0.3650973328170,0.2379619496933,0.3132578236134,0.3165976771362,0.3320950609476,0.1088437471871,0.6771154376516,-0.0032882080402,0.1821530000583,0.2426299533309,0.0524850120061,0.4112218297554,-0.0347190880293,-0.2428235470109,0.7186060397664,0.0838186905865,0.0191567763408,0.2612469781181,0.1794434969000,0.2530416557595,-0.4198609843637,-0.0254552380632,0.7981305173024,-0.0413348973062,0.3662244098986,-0.0269570928330,0.5275393458854,0.0436292020077,0.0198792408702,0.1989992745898,-0.0577949847334,0.2454678903523,0.1534438358893,0.0960292162293,0.2233858701045,0.3215405390920,0.2715104026368
0.1359069571320,0.4610023288945,-0.0481650767725,0.1376102036406,-0.0731027000286,0.1228644060713,-0.2713189735986,-0.0982169565603,0.3738300710806,-0.1171236814379,-0.0705739944877,0.0544148884483,-0.0046499594450,0.2918164183977,0.1406295719728,-0.1452244220494,0.6337939023189,0.3221707402091,-0.0513447235366,-0.1467046409227,-0.0286927267858,1.0000000000000,0.3174543590462,0.7741033271082,0.2763292922075,0.0549186723093,0.0611884008430,0.2624672983357,0.5535856036126,0.4789128165459,0.6755671664955,0.0974478943448,0.0248327027127,0.3226463565192,0.0358779725220,0.1703114494534,-0.0884155533489,-0.2269645235692,-0.3053187517982,0.0003241374502,0.0501409399484,-0.4034933834542,-0.4165754482325,-0.1247997730440,-0.1242617138987,-0.0160640177027,0.0912462345185,-0.0095735187597,0.3755018015442,0.0078058703521,-0.2387703632091,0.5124578566249,0.1936643227182,-0.0920628925653,0.0203216653161,-0.0892567223773,0.6790847283976,-0.0401772147910,0.6292537872377,0.1798332301258,-0.0168721650630,0.3292147718254,0.0452143871582,0.4792178280852,0.2514833429447,0.0516916849355,0.3238946817787,0.1017840393286,0.0533230519090,0.1149799198388
0.3561349577296,0.5359617337064,0.2623183044249,0.5380175956313,0.3499209259639,0.0178437699613,-0.0613548490510,0.1669974174218,0.1406729119871,0.3745869317731,-0.3151528978491,-0.3247492571183,0.3615807600635,0.1249634096281,0.1078998187357,0.2161095699585,0.4207184917523,0.2526656780095,-0.3203841355067,0.0720968224091,0.3827654687547,0.3174543590462,1.0000000000000,0.3597217857574,0.5216230155763,0.3118215220273,-0.1151612196327,0.1391447036563,0.2976266464936,0.3080559820927,0.4007296703046,0.1164853665409,0.1630350899751,0.3572628536159,0.2632770298874,0.3611329466821,0.2800211983150,0.2058681535478,0.0989912182474,0.3445522192690,-0.0289867290671,0.0379658943908,0.0992148500443,-0.0563945943343,0.3816714288650,-0.2234177823506,-0.1629353576137,0.3988390310588,0.2070851215554,0.0908884840798,0.1740985167421,0.4318265622127,0.1585872195085,-0.3390568417086,-0.0099984502065,0.3702830233475,0.1943673589701,0.6372610808190,0.1460657346702,0.6212461702918,0.1278994707854,0.0170980185636,0.1460644450275,0.0869885858348,0.2636742387599,0.2557888974811,0.0735402941872,0.1788886523608,0.2158203447205,0.2295430076020
0.4289673601275,0.3792565090884,0.3311305828342,0.3479890292235,0.0611432768517,0.0567767884474,-0.0682860178588,-0.0216145555719,0.2402639584874,0.0827898449262,-0.4375523448771,-0.1818127695495,0.0397801811501,0.2275249395927,0.1050589811059,0.1214450344158,0.5802480997821,0.3193153292618,-0.1476555064109,-0.0485885744448,0.0599495958702,0.7741033271082,0.3597217857574,1.0000000000000,0.2396425306919,0.1938022780637,-0.0739162600253,0.1700186955991,0.3456268669432,0.4716467888692,0.6657615383767,0.0500402540372,0.0419022152969,0.2675593916299,0.1989083356439,0.4166138421351,-0.0558307870034,0.0289777776098,-0.1581362534548,-0.0612673997616,0.0147495544166,-0.0438537879314,-0.1383880346628,-0.0104981576015,0.1053061543808,-0.3244859730684,0.0634280642719,0.1046523427701,0.2113276161585,0.0778898787229,0.1554626980426,0.6285695561478,0.1998332986058,-0.2423876904175,-0.1535532071489,0.0460922965435,0.6175771122017,0.1285927997990,0.7343541473269,0.2687450684102,-0.2451350307742,-0.0060936828224,-0.0181343515224,0.1281222248928,0.3374531865499,0.3831418665532,0.0549411232049,0.0497182771267,0.1532656406642,0.2631071232875
0.3151752881362,0.5398615554973,0.2459276325447,0.5206127498283,0.4738462285676,0.0772969710765,-0.0745720283152,0.2477686967453,0.2359366364472,0.5021058111822,-0.2130577418530,-0.2519859409165,0.4254707761971,0.2248385251325,0.2447875945547,0.2202293218541,0.2771367187055,0.2048700247734,-0.3883328261017,-0.0222038525163,0.5141447353466,0.2763292922075,0.5216230155763,0.2396425306919,1.0000000000000,0.2827021607526,-0.0862447281373,0.1996484476504,0.6209229830547,0.3937974776785,0.3661782799469,0.2407677348094,0.1727255765311,0.3207389665362,0.0618819001069,0.1976206489721,0.2139687051112,0.1780722241527,-0.0622307099545,0.5251692912087,-0.0040939997549,-0.0972564812957,0.1568032678300,-0.1268146642750,0.4180458343457,-0.0919267511341,-0.2026965392251,0.3659253733918,0.2169357368528,-0.0519859410707,0.1037687644255,0.2374302399984,0.2705895085024,-0.4357611488750,-0.0093267839976,0.4578219047819,0.1743812448510,0.3351149080133,0.1400039206895,0.8122362435211,0.0407208245005,0.0330828081062,0.2281031935975,0.4078283794240,0.1902039057513,0.1381128388453,0.2832529994763,0.2475472853421,0.1226549594142,0.1011445798669
0.4544637956684,0.3658546567196,0.1875749647632,0.7131044555016,0.1124434678880,-0.0652888922092,-0.0307941633583,0.0546257183116,0.2643003113915,0.4903544118842,-0.2757005534228,0.0245761824794,0.2179303808780,0.5350306712257,0.5523042778275,0.3898148201608,0.2293652386618,0.2897784388477,-0.1162080446357,0.2319265379561,0.3805730200432,0.0549186723093,0.3118215220273,0.1938022780637,0.2827021607526,1.0000000000000,0.1686074241537,0.3684073774986,0.0832315764137,0.2703732085334,0.0103497111280,-0.0244414774811,0.1826248585866,0.0093873263689,0.2819337145692,0.1968696861162,-0.0237412345791,0.0725487827693,0.3260062477257,0.0330525347789,-0.0974812649039,0.0705886138411,0.0627963399279,-0.0479101191417,0.5311763008334,-0.0124010205378,-0.0286136274565,0.1687430526442,0.1421396280311,0.0129517101207,0.3184322361363,0.2468401836519,-0.0686129477117,-0.2800195201717,-0.0505572212801,0.1666564090103,-0.0198897708618,0.1557869893342,0.0319269373767,0.2633753224470,0.2267527639574,-0.1733091962529,0.3820314343528,-0.0791638434248,-0.0622149230470,-0.0367534282765,0.0765996740668,0.1907661932767,-0.0727442759313,0.1561897771849
-0.2623164676017,0.1684856409358,-0.1504680083471,-0.0063752658490,-0.2003401404192,-0.1282590262486,-0.1979196718449,-0.1858051294303,0.0522347316243,-0.2284979574265,0.3094970180270,0.6089285174412,-0.1134387708890,0.1709384058188,0.0570582409668,-0.2656543026742,0.1694690131251,0.2284164344677,0.4546223594764,-0.1615832877904,-0.0242284045725,0.0611884008430,-0.1151612196327,-0.0739162600253,-0.0862447281373,0.1686074241537,1.0000000000000,0.4364236255031,0.1057405764042,-0.1921366383277,-0.0849548203358,-0.1884475314585,-0.2377591838690,-0.1104031876055,0.0049010328102,-0.4280159289241,0.1276871038646,0.0201307885372,0.0691575391889,-0.1322466293154,-0.0649245285628,-0.2509809546668,-0.3375233848210,-0.1418223500080,-0.2081142915634,0.4364281420710,0.0056143884890,-0.2045815973394,-0.2782670992210,-0.4236573834136,-0.2676147538122,-0.0045125647570,-0.1003560182234,0.4008660610524,-0.1822183091438,-0.2031947877698,-0.1147502687388,-0.0519279757064,-0.0647806586025,-0.3243116576240,0.1028961660269,0.4194737481690,0.2195965041700,0.0993485781842,-0.4793327013813,-0.2614736182212,-0.0159738294872,-0.2595555577689,-0.0900977603454,-0.1139180976133
0.0602049551689,0.4883931013750,0.0518983588873,0.1731309049174,-0.2229677688192,0.0141737907912,-0.1170159432056,0.1535045756411,0.2557800152229,0.0369365538925,0.2613364839711,0.2300754156272,-0.0894309335432,0.4220618590459,0.5159520989358,-0.1554540537030,0.3833908334830,0.5352750349511,-0.0434565948645,-0.0681705494188,0.0876583833061,0.2624672983357,0.1391447036563,0.1700186955991,0.1996484476504,0.3684073774986,0.4364236255031,1.0000000000000,0.3937413852519,-0.0149611672159,-0.0481764921137,0.2741305849642,0.0467820847476,-0.0857920099750,0.0352460347619,-0.1088023553675,0.0219551765438,-0.0741686937283,0.0968496223482,-0.0976070995583,0.0593193350486,-0.4365149081851,-0.4629334978128,-0.2155342581975,-0.0154864456867,0.4359496226872,-0.2871236839598,-0.1891405685999,-0.0081956951627,0.0027514393063,-0.1838500269174,0.1965596627674,-0.1799013162329,-0.2346959290114,-0.1556395989958,-0.2083469358849,0.0169360161050,-0.0990776031327,0.0850152433585,-0.1188902711703,0.0994595923829,0.1463885813012,0.6017101292422,0.4055090613001,-0.1436176923688,-0.4337470102349,0.4490177731452,0.0793601194602,-0.2384226870770,-0.1300851937362
0.0790157909760,0.5223126369467,-0.0650068468677,0.1948692596391,0.0536493742741,0.0102970433367,-0.2916017647626,0.1104209501472,0.3899598690608,-0.0473919707597,0.1652264898816,0.0872523800542,0.0497643145726,0.2262287380194,0.2450948361097,-0.1274992163756,0.4287908246963,0.3058287419572,-0.1325932895252,-0.1326637364774,0.1521703981863,0.5535856036126,0.2976266464936,0.3456268669432,0.6209229830547,0.0832315764137,0.1057405764042,0.3937413852519,1.0000000000000,0.2515057470004,0.4303837335682,0.2196654337587,0.0498509472547,0.1879773746627,-0.0613847407721,-0.0908205835097,0.0821954715797,-0.0659369902055,-0.1352727147811,0.1683948884997,-0.0429613251296,-0.4235959519474,-0.2419924528922,-0.1112317568063,-0.0528302148604,0.2552894310624,-0.1290290176766,-0.0613788058482,0.1471032030092,-0.1759135802897,-0.2129719860856,0.2767818588573,0.2735723909375,-0.2254816531101,0.0121980835060,-0.0506342028745,0.3059331408491,0.0769791666728,0.3244967165447,0.3873585702076,0.0400411216667,0.2486885984386,0.2827964391284,0.8300779293341,-0.0191171055323,-0.0902167703434,0.4648805502468,0.1195319985909,-0.1518149644107,-0.0011759694282
0.4628048608287,0.3078247861847,0.1857641411506,0.4507418883945,0.2904050799540,0.3344644495097,0.1146360633052,0.0114538837046,0.3478290409360,0.2524050097644,-0.2726515784796,-0.1858174924437,0.3741764305775,0.3200410767044,0.3154292016400,0.2600298021752,0.3807542731527,0.2461872661809,-0.3380915004847,0.1374969425757,0.3233096193406,0.4789128165459,0.3080559820927,0.4716467888692,0.3937974776785,0.2703732085334,-0.1921366383277,-0.0149611672159,0.2515057470004,1.0000000000000,0.5162841182217,0.2508226410193,0.2506447791632,0.5815221043125,0.3317609099466,0.3138933037109,0.0700061063585,-0.0178518217869,-0.0610211184467,0.2523394899426,0.2381506230427,0.0384846772141,0.0653383853016,-0.0136153642936,0.1938726242389,-0.1887103974068,0.0755196299477,0.3472293762364,0.3780655226349,0.0970386979597,0.1529993895271,0.3427496112419,0.3059728908766,-0.3616490214139,0.0652388262510,0.2940436953722,0.4006985724511,0.1745309467304,0.3695393737986,0.4250179428614,-0.0194603975545,-0.0215989236021,-0.0490401522666,0.1028172493618,0.5994929264523,0.3140828377116,0.2211426619743,0.3055608931175,0.3722688488410,0.4398365339912
0.2687998393093,0.4527204679761,0.2248548292839,0.3334559479524,0.1504106266725,0.0983253554532,-0.0913349916782,0.0943195228987,0.3069099155997,-0.0482532301868,-0.2962257301319,-0.1977170899261,0.1642256680066,0.1244974239074,-0.0646210071662,0.0563383874888,0.4606646176504,0.2464533732113,-0.1748468835530,0.0338580840951,0.0947765178450,0.6755671664955,0.4007296703046,0.6657615383767,0.3661782799469,0.0103497111280,-0.0849548203358,-0.0481764921137,0.4303837335682,0.5162841182217,1.0000000000000,0.0873234947168,0.0609956376551,0.3906310788068,0.1595495847371,0.3157992939730,0.0335438319087,-0.0914800384161,-0.2986658284425,0.1167070756195,0.0049900171725,-0.1521934013189,-0.0663868554688,-0.0915317721375,-0.0399083486425,-0.3514275918150,0.1210231730199,0.2151722657616,0.3407124410762,0.0650535235851,-0.0446179278406,0.4342227354478,0.3526011362789,-0.1597974024696,-0.0035338805925,0.1528641271937,0.3408164771244,0.1772663597939,0.3862793621717,0.4267394691827,-0.1456907175469,0.2080992180600,-0.1410893036936,0.2347913833547,0.3372596566447,0.4257694796045,0.0890865954950,0.1064346114860,0.1063190059249,0.2775925114588
-0.0295086532355,0.2596955690206,0.0231411970176,0.1490592934024,-0.0055751906613,0.2491980908041,0.1746817130210,0.0200557169258,0.3974165879938,0.0954278334187,0.0488718452593,-0.2127596310112,0.2434818404148,0.4471821325928,0.2347315031309,-0.0524117509683,0.1423307861320,0.2074554666038,-0.4615509637526,-0.0569920367542,0.1417220462681,0.0974478943448,0.1164853665409,0.0500402540372,0.2407677348094,-0.0244414774811,-0.1884475314585,0.2741305849642,0.2196654337587,0.2508226410193,0.0873234947168,1.0000000000000,0.0907732748777,0.2585135152223,0.0396493381257,-0.0501748668097,0.0018514081684,-0.1437412220139,-0.1258644422038,0.1462286116461,0.2394331062670,-0.2265739871020,-0.2139488969985,-0.0572743090834,-0.0040781314853,0.0903234540890,-0.2288937893944,0.1275960852310,0.3503012192468,0.2407275219232,-0.1474692400186,0.0173340079069,0.0633690276914,-0.4997299562320,0.0120171644812,0.0852405479900,-0.0686194121228,-0.0394838202693,-0.0318363640531,0.1657201985506,-0.0351789121842,0.0553319430834,0.1068513655353,0.2767943369481,0.2094104659151,-0.1137752926957,0.7103764815911,0.1021151017203,-0.0039165113507,0.0310255993774
0.2548380907508,0.0417813057057,0.1420263336996,0.1867219902370,0.0866581020529,0.4017269601296,0.1746187956845,0.1235557590857,0.2094064444109,0.1730359083308,-0.1466111988603,-0.2291088149902,0.0648046798124,0.1371818712442,0.2850372972628,0.2692434532797,0.0874720588758,0.0827771118849,-0.3550652991048,-0.0618193084800,0.1681332086830,0.0248327027127,0.1630350899751,0.0419022152969,0.1727255765311,0.1826248585866,-0.2377591838690,0.0467820847476,0.0498509472547,0.2506447791632,0.0609956376551,0.0907732748777,1.0000000000000,0.0599630756934,0.1950617751015,0.1829247133733,0.0082528404425,0.0315906188156,0.0262888851151,0.0446346557871,0.2307319797207,0.1345668808874,0.0882125349355,0.0523468267730,0.2418329768277,-0.0944552505380,-0.1104819090130,0.1054723952055,0.2496007950531,0.2602281626064,0.2233278214447,0.1120188360862,0.1151069839872,-0.3501756850712,-0.0371243322214,0.0896058680473,0.0504597172077,0.0898557830502,0.0353458478007,0.1922103727922,0.0225456231829,-0.2135648542021,0.1398216518382,-0.0677717971098,0.2904037540900,0.0813591190696,0.0699034723115,0.7503481927553,0.0999367958047,0.2041392643447
0.2158878463162,0.2561357545150,0.1066522232373,0.3007038381895,0.3247442828583,0.1388005594114,0.0074582414095,-0.0559033300399,0.1153067245070,0.1603804612790,-0.0606470212269,-0.2015807730841,0.4211709497467,0.1263093123922,-0.0050639446127,0.1370081763801,0.3063524669107,0.1585970188623,-0.2940136257902,0.0023516972519,0.3650973328170,0.3226463565192,0.3572628536159,0.2675593916299,0.3207389665362,0.0093873263689,-0.1104031876055,-0.0857920099750,0.1879773746627,0.5815221043125,0.3906310788068,0.2585135152223,0.0599630756934,1.0000000000000,0.4158012955621,0.1625920911270,0.2732855812414,0.0874489322187,-0.0637549446781,0.3802759107692,0.1544517987914,0.0200703248124,0.0996979318613,0.0652282787779,0.0754157906212,-0.0355531782163,-0.0279703015514,0.4344146223399,0.2511335759494,0.0436820048407,0.0493450301449,0.2181153610476,0.4186508836672,-0.2013236448389,0.0874780366955,0.4009198755081,0.3203025506907,0.2971139205503,0.2902762372482,0.3850085743666,0.0969297590439,0.1387860291776,-0.0778081453172,0.1068316166273,0.4263253060008,0.3305481285617,0.2171320675840,0.1136305747643,0.6011503163882,0.3952907569756
0.2759449865730,0.1601605327578,0.1994271448951,0.3806085408174,0.2090439186117,0.3219295447489,0.2042299017156,-0.1101596023766,0.0580633038040,0.1750346779616,-0.0766397044614,-0.0642698604589,0.2209597443229,-0.0075864420969,0.1230585830301,0.2102399713572,0.2946987780683,0.2160708779322,-0.1886449696999,0.2679972924520,0.2379619496933,0.0358779725220,0.2632770298874,0.1989083356439,0.0618819001069,0.2819337145692,0.0049010328102,0.0352460347619,-0.0613847407721,0.3317609099466,0.1595495847371,0.0396493381257,0.1950617751015,0.4158012955621,1.0000000000000,0.1060903660121,0.4473461607963,0.2868806235286,0.4606183056604,0.0970585341682,0.4243196236344,0.3111545380184,0.0776883299576,0.2357145905816,0.1441052243501,0.0179988026389,-0.1305835593732,0.2618632473024,-0.0907767027265,0.0458610225432,0.2887723705180,0.2763962740984,0.4187689380883,-0.1809726885253,0.1481172788506,0.2124155720684,0.1519805376088,0.4269118620910,0.2410994715113,0.1489639856838,0.1886766356332,-0.2182404165470,0.1107015390601,-0.2303682899613,0.2653708331056,0.3666486784031,-0.1201407678326,0.1026455340535,0.4406504646579,0.6436706133917
