1.0000000000000,0.4653332058015,0.2109523829070,0.7058759080695,0.5165812145470,0.0785804507488,0.2756031313645,0.3343808206941,0.4360741007282,0.3586221742817,0.3326497648863,-0.2580971626666,0.4930467042692,0.2261978756682,0.5639926390908,0.4040815434233,0.5025913922487,0.0790645546076,-0.0122299227092,-0.0063925185147,0.5796280376712,0.2525946448606,0.4229476146598,0.2250271352210,0.4844346686844,0.2959286756193,-0.0569721263614,0.2442664494491,0.5826956233410,0.5905733628539,0.4952963059769,0.0560157603958,0.0302394260272,0.4295389334940,0.1836693609627,0.7123842596288,0.1554187430367,0.2208178269275,0.1622658153159,0.3130666242336,-0.1532480403616,0.0775664967614,-0.1523233242308,0.0420621947644,0.4560242384818,-0.1634050552033,0.1205498265624,0.4366393633777,-0.0684215692748,0.1698510310576,0.2022824914807,0.4682636785872,0.3824897751495,-0.2568001775261,-0.2016678252206,0.4462373378850,0.4823653453039,0.3489617565772,0.5147803372231,0.5463469646830,-0.1030641312515,-0.0580882245142,0.2326924381696,0.1353827514693,0.3680733345961,0.4213641756761,-0.3067116590195,0.0894503533294,0.4162482525032,0.4547238841529
0.4653332058015,1.0000000000000,0.3878741080071,0.7304648499070,0.3542459001205,0.0185843659619,-0.1176837470404,0.1964477236896,0.1724278875944,0.3020800476485,0.0542438472836,0.0178624924114,0.3115575183813,-0.0609037538405,0.0216141571824,0.2905323320054,0.3596030078990,0.4658557094085,-0.1125498671712,0.3399550450402,0.4919211268732,0.4421683460601,0.5865944365281,0.4794951769564,0.5018210804621,0.1926232057864,0.3175738786237,0.4468593369149,0.5535094211331,0.3128631280255,0.4974100121663,-0.3550879449742,0.0522597926482,0.3640517203112,0.3642073721742,0.0289795338831,0.4642590052485,0.4560989205403,0.4791258241700,0.1276991640385,-0.3018943841812,-0.3373276916350,-0.3237440234912,-0.3926024859446,0.3043938359496,-0.4930719608895,-0.0665591179056,0.2262552845679,-0.3478507779727,-0.3872380028235,-0.0482767236328,0.3250126780845,0.0912856867062,-0.5167157109350,-0.2159087126648,0.3394074096943,0.2484500787334,0.4998435592065,0.3765606314543,0.4366079171696,-0.2317457270752,-0.0626115817742,0.3650555682775,0.2004709279213,-0.2813101315554,0.1186454816109,-0.5027312786539,-0.3784938645843,0.1466072012871,0.3026770999255
0.2109523829070,0.3878741080071,1.0000000000000,0.3477289062020,0.2173752564162,-0.0561323246141,-0.1303521806336,0.1595153694112,-0.0308547234806,0.3434918577320,-0.1735900540725,-0.0976423130714,0.0576583946062,-0.0761583725217,-0.0032198381092,0.2021990765969,0.3248800620742,0.3626993689210,-0.0248219446488,0.0985585760799,0.2082511378329,0.2594450430049,0.4782310941920,0.3902427803261,0.4646357205569,0.0765173147454,0.2978034098545,0.5285300602931,0.3745947077660,0.1158023711093,0.1713863557282,-0.0925548922688,0.0401266303231,0.0803600332931,0.2233153273374,-0.0379738458659,0.1440685525684,0.5377440159743,0.1066309767198,0.1494839435772,-0.3292343179504,-0.1453482788808,-0.0416410382727,-0.1373862966131,0.3532502963282,-0.3095551322513,-0.0988977912165,0.0949149805465,-0.1488374170807,-0.1456604841577,-0.0172285154433,0.3192577911161,-0.0265710245493,-0.1853054321729,-0.1960523230690,0.2263808758495,0.2538983062367,0.3615248287905,0.2935381514924,0.3918349641141,-0.2215797929276,-0.1890930394771,0.3120616279150,0.3662280155125,-0.0281686870508,0.2028374360615,-0.3532308132065,-0.1101673586454,-0.0295697976642,-0.0575577112874
0.7058759080695,0.7304648499070,0.3477289062020,1.0000000000000,0.4236333148691,0.1619236328004,0.1946953928463,0.3656427167523,0.4095805252768,0.4471052841093,0.2474681381177,-0.0280007464780,0.3992661433774,0.2672281949305,0.4429780225482,0.4626075600453,0.3403739239693,0.2802384731667,0.0559274052552,0.2337362022919,0.5099685750547,0.1969080216098,0.6003180404564,0.2405394998664,0.5070519536052,0.5815418718471,0.3330637683050,0.4431258122525,0.4578298793559,0.5068909875508,0.4467869032536,-0.0056972605807,0.0987279246407,0.4050377266162,0.4424487212824,0.2744029370855,0.2440302126129,0.2477666793238,0.4335322310678,0.2122555587767,-0.1568869765513,-0.1305604964766,-0.1117555398133,-0.1288482991726,0.5162320311086,-0.2951369479995,0.0296918957107,0.2953687675932,-0.1830471248303,-0.0295553419827,0.1959431867253,0.2753728612273,0.0735095959635,-0.3951266253946,-0.3549915985611,0.3712586769473,0.2111646012834,0.4233745074885,0.2402449302682,0.5258716116457,0.0624970888544,-0.0934244405591,0.2844670682281,0.1352794692072,0.0097343812563,0.1443438052276,-0.4013220819841,-0.1347155595711,0.1944890852324,0.3805742545974
0.5165812145470,0.3542459001205,0.2173752564162,0.4236333148691,1.0000000000000,-0.0416769072118,0.1273145252176,0.2777650716153,0.1443439599588,0.6014572833105,0.4075912478755,-0.1817491828392,0.6936416082542,0.1815760882621,0.2132422111869,0.2956713572161,0.4804497658009,0.0473527908107,-0.0028111098640,-0.0413609614501,0.7434361682839,0.3306007043785,0.3962000070176,0.2382867452212,0.6870701923399,0.0615331455449,-0.1270190743436,0.2326102290175,0.6476388296954,0.3172643252787,0.3046045815898,-0.0077610781070,0.0183290786547,0.1666345185971,-0.0171513189918,0.2611229661774,0.0166150250912,0.2619285876538,0.0521695547668,0.9069556752334,-0.2739295315386,0.0304684610082,-0.1604313723018,-0.1819397408788,0.5724559234722,-0.0156392902132,0.0372306967978,0.6694148776580,-0.0302318194673,-0.0537862654667,0.0908896343574,0.4147503782445,0.0074122359148,-0.2456549849753,-0.3062537945367,0.8412948514842,0.4922356917319,0.3378233340354,0.4215560444373,0.6823274770230,-0.3249625135240,-0.2477739248917,0.1407574974706,0.4082401717727,0.0762873766363,0.2941518465475,-0.1608630550135,-0.0237569683741,0.2216653487088,0.0922491246551
0.0785804507488,0.0185843659619,-0.0561323246141,0.1619236328004,-0.0416769072118,1.0000000000000,0.4724946047125,-0.2878974443600,0.5426100935202,-0.0900292939974,-0.0249763753455,0.4584726651016,0.1476917251117,0.4006638089412,0.2580300135336,0.4795924525115,-0.0477229530537,0.0260851400124,0.4206472057340,0.2325075552774,0.0328621032578,-0.0350083176759,-0.1274757873063,-0.0485119296978,-0.0794452502088,0.1528653631266,0.1151155343186,-0.1439194773283,-0.0270127856303,0.4511006093711,-0.0948095770663,0.0781423155784,0.4659165330024,0.1417539976736,0.4080113388934,0.0628861096824,-0.1104954499149,-0.2823198882148,0.0025411876157,-0.0648404862159,0.6490263545966,0.4312957416396,-0.1211800046069,0.3335178648886,0.0020744298892,0.0447526965734,0.3222846518014,0.1584558864091,0.3340983136843,0.1697784218488,0.4796645778994,-0.0228416815007,-0.0983429615463,0.1794752769290,0.0009628242035,0.0775210511000,-0.0909539353613,-0.1195755684877,-0.1632120306857,-0.0202100945308,0.0256642314083,-0.1918299044982,-0.3046454184449,-0.2395679476165,0.1795496843542,-0.0950146312613,0.0154678106827,0.2515885533731,-0.0155594225881,0.1612888217821
0.2756031313645,-0.1176837470404,-0.1303521806336,0.1946953928463,0.1273145252176,0.4724946047125,1.0000000000000,0.0093564501505,0.7216680756171,0.0001297068729,0.5819495861117,-0.0316057578468,0.4648414467691,0.4968645984897,0.4866683890166,0.3542154077864,-0.1791465019221,-0.3113659023534,0.1601820804126,-0.1384197107161,0.1121933947757,-0.3277263241524,-0.1057166520300,-0.3541699878822,-0.0081489676212,0.2173674971098,-0.0858775220053,-0.2870931544949,-0.1096331530239,0.4467311081150,-0.0047297843721,0.4560670421379,0.1493687325835,0.1986141578764,0.1204197609646,0.3157658887629,-0.1008461628085,-0.3523343895753,-0.2605780796297,0.1456710023376,0.3780593888872,0.8258511699225,0.1223138186004,0.6504065510854,0.0001543920615,0.4727277025740,0.2519174409581,0.4055542899879,0.3146028954697,0.4659758159275,0.5549972011899,-0.2229976936495,0.0951753503031,0.1858195056499,-0.1065401475169,0.2203664660235,-0.0651722214472,-0.1246486108232,-0.2069043963613,-0.0346075926424,0.1381803569682,-0.0761929377676,-0.4167811581818,-0.1173587117859,0.5522152343465,0.2228343142978,0.0877566047124,0.3926213891835,0.3213196159977,0.2403339377094
0.3343808206941,0.1964477236896,0.1595153694112,0.3656427167523,0.2777650716153,-0.2878974443600,0.0093564501505,1.0000000000000,-0.1050631199103,0.2898351893495,0.4553262136801,-0.4813127061894,-0.0615944540207,-0.0194656937300,0.2442685060252,-0.1974588072344,0.0627859600520,-0.2927008548782,-0.2726511346084,-0.4061244205635,-0.0085635242160,-0.2513552254582,0.3062233732328,-0.2696611963057,0.3623336373925,0.4278205314569,0.0144458256900,0.2699458995403,0.0313812362505,-0.1348496733253,0.4181570489673,0.3560166640441,-0.3947583027843,0.0910065350437,-0.2109020482932,0.1955469809755,0.1865018155398,0.1882133721012,0.0194542502136,0.1078345891882,-0.1059658355944,-0.1784849456148,0.5717351856699,0.0138297434968,0.2635220124575,0.1729113723908,-0.2764277320560,-0.2234484833878,-0.3571068483721,0.2575603891698,-0.0325317184439,-0.0944997479623,0.0324160988161,-0.1844291238671,-0.4142013347645,-0.0333283601567,0.0511113382990,0.1928737802714,-0.0010541183919,0.2765255470464,0.1706289568737,0.0151476440042,0.1642099306107,0.2556549744728,0.1147806027576,0.2175528398474,-0.0917911955379,-0.0451007197460,0.1055138149917,-0.0075291420222
0.4360741007282,0.1724278875944,-0.0308547234806,0.4095805252768,0.1443439599588,0.5426100935202,0.7216680756171,-0.1050631199103,1.0000000000000,0.0917692860725,0.3572239416589,0.1893893106507,0.5302761796646,0.4961163638370,0.5089210487823,0.5470763578402,-0.0623526760951,-0.0210850620468,0.3698810553221,0.1832841494284,0.3741454417033,-0.1004058318547,0.0202667082897,-0.1456796270629,0.1208346013561,0.1766252009049,-0.0250824647016,-0.1589002617064,0.2199466043910,0.5644082783454,0.0331409913413,0.0798771032705,0.2614284230341,0.2526500524006,0.1696598128426,0.3096458371415,-0.0753754019656,-0.1196885460421,0.0759880840102,0.0521000565786,0.3448174456637,0.5372509939136,-0.2923433267251,0.4994782732064,0.1199466329973,0.0451953731631,0.3996785322898,0.4643341896882,0.3303802167167,0.2640564526306,0.4565516274968,-0.0552983627272,0.1400738359922,0.0349654263739,0.0089498964312,0.3174844243415,-0.0777661799775,-0.0506695669644,-0.0766575037844,0.1094549855726,0.0238693796866,-0.0125979032894,-0.1772146314662,-0.2068233372531,0.2919941696044,0.0385874211925,-0.0900201933584,0.1305645241383,0.2527316291284,0.4165079164083
0.3586221742817,0.3020800476485,0.3434918577320,0.4471052841093,0.6014572833105,-0.0900292939974,0.0001297068729,0.2898351893495,0.0917692860725,1.0000000000000,0.1365622066108,-0.1652787705702,0.4694782076633,0.1122341714876,0.1655374640660,0.4212940124718,0.2131962318328,-0.0190015536832,0.0195656033292,-0.1393616480650,0.6151033151990,0.0963364181459,0.5538553675214,0.0279733846934,0.7766101842652,0.0597433787920,-0.2265352968748,0.1602400535550,0.3875305824042,0.1118381875554,0.0177046025946,-0.1552214136480,-0.0804870998450,0.1728767592791,-0.0328010751960,0.1942758933767,0.2275432850567,0.3964370849914,0.4566450944185,0.5560813384123,-0.1683373893628,-0.0726499305749,-0.1731903696745,-0.1586895277989,0.8890924037402,-0.1819835861520,0.1254400648189,0.4356709069751,0.1241128519530,0.0778929698646,0.1928721994013,0.1825056121324,0.0156835124460,-0.0978005053654,-0.0387392176220,0.6282863987832,0.1714990687136,0.4581210250598,0.1642966919815,0.6841486180726,0.0671732327273,0.0023373664864,0.3995373742363,0.0915728153443,0.0220707539622,0.0398776372218,-0.1431489402626,-0.1165966039165,0.3108577265994,0.1758242348572
0.3326497648863,0.0542438472836,-0.1735900540725,0.2474681381177,0.4075912478755,-0.0249763753455,0.5819495861117,0.4553262136801,0.3572239416589,0.1365622066108,1.0000000000000,-0.3848161286607,0.4608000239590,0.1495811186885,0.3905714353936,-0.0112326084355,-0.0307093012128,-0.3162364338429,-0.2387295060387,-0.3318899286635,0.2032412890888,-0.2330088670621,0.0257895260916,-0.3085541332690,0.1783891591994,0.2738963496700,-0.1214572222171,0.0343049964969,0.0727145285054,0.1219223851277,0.1515607838450,0.2862862115880,-0.0994318266827,0.1984536619135,-0.1941783797042,0.2152210547732,-0.1083461386017,-0.0912670546536,-0.2060676721390,0.3507929862649,-0.0075301314761,0.3966161396483,0.2503686006401,0.2427895409621,0.0865951021677,0.5806797049173,-0.1783771100787,0.2837516247328,-0.1891221583695,0.2777923641051,0.2045622142856,-0.1271182569273,-0.1266640686636,-0.2370792194750,-0.4748177599463,0.2835518926282,0.0492814386615,-0.0479382298183,-0.1265401288927,0.0915059282433,-0.0465130053858,-0.1950578292959,-0.2098171244188,0.1446912964432,0.2151428102962,0.1742200484908,-0.1388061785198,0.0448930065100,0.2463949388439,0.0605524040175
-0.2580971626666,0.0178624924114,-0.0976423130714,-0.0280007464780,-0.1817491828392,0.4584726651016,-0.0316057578468,-0.4813127061894,0.1893893106507,-0.1652787705702,-0.3848161286607,1.0000000000000,-0.0071285890215,0.3721123061229,-0.0459368119831,0.2801662651949,-0.1080331403877,0.3248703911738,0.7085131036720,0.5561411911928,-0.0008961018352,0.1350835818397,-0.1689665554790,0.1797820364727,-0.2407830634639,0.0805860001754,0.3490990797625,-0.0157664119246,-0.0747189331299,0.2191540153112,-0.2862394231130,-0.1550305692274,0.3780869069786,-0.1682653297763,0.3557797158391,-0.3848910192205,-0.1830130892413,-0.3032851507730,0.1617313875491,-0.1576069999423,0.2698884404418,-0.0289036740337,-0.2754360433744,-0.0179078133837,-0.1498074782150,-0.1560398901206,0.4105306792949,0.0386444832416,0.3985712226904,-0.2565035200892,0.1489343318303,-0.0244684512933,-0.3175813733233,0.2292297281993,0.0905774367664,0.0004967388823,-0.2212468444333,-0.1907707396572,-0.2189926087377,-0.1873441729359,0.0127519581798,-0.1778839839456,-0.1789008123126,-0.1834773962721,-0.2978395518822,-0.4049782933582,0.2722608984422,0.0033176523963,-0.3280987999337,-0.1565253332718
0.4930467042692,0.3115575183813,0.0576583946062,0.3992661433774,0.6936416082542,0.1476917251117,0.4648414467691,-0.0615944540207,0.5302761796646,0.4694782076633,0.4608000239590,-0.0071285890215,1.0000000000000,0.2572967268015,0.3093153136367,0.5489863372497,0.2362506460819,0.1361673721142,0.1076635884207,0.1247800709759,0.8318938939168,0.2676171080375,0.2424068116027,0.1696705387932,0.4580435726368,-0.0584183295650,-0.2009558675325,-0.0123677180448,0.5366398137158,0.4388505779059,0.1193438549027,-0.1396271867006,0.1579636922381,0.1874565302528,0.0845078046367,0.2789561474821,-0.0773049780873,0.1052512044076,0.1324517847966,0.6283535714924,-0.1436485933414,0.3020497966660,-0.4434572913270,-0.0202225826268,0.4115093162904,-0.0166532065428,0.2310631768114,0.9196176798008,0.1333194736588,-0.0435058549086,0.2963408448069,0.2375603904501,0.0929631263710,-0.2314138004950,-0.0885097712462,0.8418906999257,0.2815040433458,0.1755561496912,0.2534406256876,0.4204723264925,-0.2903969483946,-0.1410115491502,0.0144505843118,0.1562734767181,0.1251471796002,0.1398084890205,-0.1737304437350,-0.0548132872644,0.3492767349336,0.3555363713025
0.2261978756682,-0.0609037538405,-0.0761583725217,0.2672281949305,0.1815760882621,0.4006638089412,0.4968645984897,-0.0194656937300,0.4961163638370,0.1122341714876,0.1495811186885,0.3721123061229,0.2572967268015,1.0000000000000,0.4683624966826,0.3777901836092,0.0258805810104,-0.1438051277689,0.6225170968449,0.1042971830906,0.1830260756648,-0.1322628765507,-0.0152858226954,-0.1522148086823,0.0431118722136,0.3701762211410,0.0502440147098,-0.0118141634546,0.0327685910102,0.4409170050315,-0.0138832725564,0.4239928713924,0.2465360072052,0.0797043017395,0.0674493117731,0.1790978334791,-0.1546916769477,-0.3416545811009,-0.0926407503487,0.1671673693688,0.3495522303672,0.3815803387336,-0.0087787203548,0.3794714664343,0.1547350342031,0.1403515136262,0.6265917338850,0.3090989159520,0.6137642972518,0.3358591076193,0.4114661474869,-0.0023134999132,0.0005438174145,0.3562524578242,0.0025776989694,0.2201972187304,0.0002586387137,-0.1442424429274,-0.1108336027351,0.1184828030127,0.2257528209244,0.0484418732823,-0.0853905833118,-0.1280321213434,0.3285834597423,-0.0164714984217,0.4013875382294,0.5322960697224,0.0626618460895,0.1248416720661
0.5639926390908,0.0216141571824,-0.0032198381092,0.4429780225482,0.2132422111869,0.2580300135336,0.4866683890166,0.2442685060252,0.5089210487823,0.1655374640660,0.3905714353936,-0.0459368119831,0.3093153136367,0.4683624966826,1.0000000000000,0.4612077264904,0.1124470118155,-0.0699254755644,0.2058535539319,0.0177688509097,0.1628667724528,-0.1475653248766,0.0940359583449,-0.1877314136580,0.0979286295857,0.5635893738108,0.0105802993404,0.1934406619046,0.0466417541853,0.5277721280236,0.0877711006605,0.3049257610813,0.1483255588526,0.1752546694535,0.1255154707640,0.5241398335488,-0.2151544104180,-0.2149782381042,-0.0287423300569,0.1324793926911,0.1982826147015,0.2956108240397,0.1139080482181,0.3563739364649,0.2631252840314,0.2504913964978,0.1700358754999,0.2373017717465,0.1043180175056,0.5745401676057,0.4200822968034,0.0718946762569,0.0316022838986,-0.0568824062559,-0.1925573321040,0.1586607474171,0.1049980672041,-0.0825197610060,-0.0481606982224,0.1305046231349,0.2378827948243,-0.1726924939921,-0.0325168883444,-0.0658543883091,0.4445728286926,0.0920076479596,-0.0701170731321,0.2853812288272,0.2055687777417,0.2285215205309
0.4040815434233,0.2905323320054,0.2021990765969,0.4626075600453,0.2956713572161,0.4795924525115,0.3542154077864,-0.1974588072344,0.5470763578402,0.4212940124718,-0.0112326084355,0.2801662651949,0.5489863372497,0.3777901836092,0.4612077264904,1.0000000000000,0.1710430045697,0.2028219995804,0.3131794610933,0.2810597324258,0.5052815617547,0.1854812653681,0.2339181183311,0.1561898554299,0.3379061143018,0.1946267309647,-0.0059915617354,0.0780698861719,0.3243354499617,0.5788746058570,-0.0777274198246,-0.1636206671568,0.2661698674022,0.1729361776461,0.4114516201954,0.2587869103563,-0.0263389754420,0.0068550747815,0.3608474604945,0.2247955337291,0.1846857122874,0.2156987119195,-0.4022229810560,0.1175725589772,0.4729865375886,-0.1847197733007,0.3602418720105,0.5388112047737,0.2971641151466,0.1363074305151,0.5699179466499,0.2161996017628,0.0586178593332,-0.0762939605482,0.0789583231271,0.4692374411011,0.1490357630832,0.1432209954614,0.1115630300341,0.3606532327244,0.0759844091987,-0.1259158693328,0.0616289540735,-0.1098245038296,0.1699509005605,-0.0718257195950,-0.1876056370033,-0.0150316200791,0.2256300828959,0.3870771565997
0.5025913922487,0.3596030078990,0.3248800620742,0.3403739239693,0.4804497658009,-0.0477229530537,-0.1791465019221,0.0627859600520,-0.0623526760951,0.2131962318328,-0.0307093012128,-0.1080331403877,0.2362506460819,0.0258805810104,0.1124470118155,0.1710430045697,1.0000000000000,0.2334169141757,-0.0674876487983,0.0978978363290,0.4160430821451,0.7596009973781,0.4679493534309,0.7142037679502,0.4332179505460,0.0034717219192,0.0194731341708,0.4065539889053,0.7384287782758,0.3447069972227,0.4852948698551,-0.1428173496126,0.0843684046061,0.2541969591170,0.1687679277794,0.2125903522225,-0.0039795714291,0.2828873990881,-0.0232945527271,0.4278968959816,-0.3279210769099,-0.1903981923645,-0.3067493767243,-0.3593969129862,0.3316403318479,-0.2768635267033,-0.0760889108377,0.3175250571372,-0.1259221171904,-0.2590543511744,-0.1504852196304,0.9363074513377,0.0589257545782,-0.3012152974108,-0.2412974581474,0.4016590517308,0.8115527137178,0.4174234174395,0.7873495906949,0.5758308920163,-0.4219330382886,-0.2510220420633,0.2378443718383,0.4879741420299,-0.0255283656650,0.3488037425726,-0.2604735403982,-0.0658515555822,0.0446332816687,0.0419454971328
0.0790645546076,0.4658557094085,0.3626993689210,0.2802384731667,0.0473527908107,0.0260851400124,-0.3113659023534,-0.2927008548782,-0.0210850620468,-0.0190015536832,-0.3162364338429,0.3248703911738,0.1361673721142,-0.1438051277689,-0.0699254755644,0.2028219995804,0.2334169141757,1.0000000000000,0.0825757948902,0.8086317081704,0.2718982841110,0.5325947648691,0.1342667477353,0.6444816019300,-0.0004404294522,0.1034217506676,0.5268653448851,0.4312272807611,0.2866685657432,0.2269907324254,0.1021842789397,-0.4745481635502,0.3526672099035,0.1467507512671,0.5126847723353,-0.2729831143745,-0.0811245477574,0.1888545457280,0.2882002369610,-0.0385553316334,-0.3329208077440,-0.4599221257141,-0.4645970980986,-0.5758355701198,-0.0531282636980,-0.5624538510368,-0.1303731808882,0.1413534698858,-0.3528598018366,-0.6331927997807,-0.1688678326160,0.2935600553325,-0.1299726831275,-0.4909478101174,-0.0721936631150,0.1640360672279,0.0632654856458,-0.0088139828971,0.2008702540236,-0.0038561936555,-0.3426040666271,-0.1889172490595,0.1369604944220,0.1383552057453,-0.5231108002633,-0.2388611863142,-0.3888860317063,-0.3806557723392,-0.2515335430408,0.0975025496027
-0.0122299227092,-0.1125498671712,-0.0248219446488,0.0559274052552,-0.0028111098640,0.4206472057340,0.1601820804126,-0.2726511346084,0.3698810553221,0.0195656033292,-0.2387295060387,0.7085131036720,0.1076635884207,0.6225170968449,0.2058535539319,0.3131794610933,-0.0674876487983,0.0825757948902,1.0000000000000,0.3725738922991,0.1004843837310,-0.0693486737120,-0.0941483395338,-0.0630921898049,-0.1083149457398,0.1289941931933,0.1642299005161,-0.0314304923877,-0.0193890464207,0.2917634955215,-0.1890872557523,0.2258545653329,0.2435490516000,-0.1585615451205,0.1480074208008,-0.0535337104330,-0.1157541710863,-0.2574883722193,0.0350864531111,0.0364727457407,0.3671310115109,0.1233513707583,-0.1308711068541,0.2018309444536,0.0530124626538,-0.0686972895846,0.5351745884427,0.1770715187333,0.5731977288888,0.0676002791272,0.2034342094029,-0.0434200109924,-0.0765762365926,0.5296903212748,0.2010121784029,0.1060670732796,-0.1504079258675,-0.1364617483025,-0.1730259914078,-0.0133154419081,0.1072095944417,-0.0209681101014,-0.0596845013964,-0.1524551544351,0.0307483732885,-0.1540132674915,0.4719126708031,0.2448491795028,-0.1852876566863,-0.0889419333202
-0.0063925185147,0.3399550450402,0.0985585760799,0.2337362022919,-0.0413609614501,0.2325075552774,-0.1384197107161,-0.4061244205635,0.1832841494284,-0.1393616480650,-0.3318899286635,0.5561411911928,0.1247800709759,0.1042971830906,0.0177688509097,0.2810597324258,0.0978978363290,0.8086317081704,0.3725738922991,1.0000000000000,0.1793016312589,0.3958833173750,0.0160880834060,0.4503340925718,-0.1272206827388,0.1156611974982,0.5356478449466,0.2380690824639,0.1670551470972,0.3493767899149,0.0284460736288,-0.3321956824273,0.3480926070415,-0.0050860340061,0.4643941807764,-0.3046643296526,-0.1351606777770,-0.0372354767663,0.2353771746398,-0.0825937090341,-0.1121065912835,-0.3118831260948,-0.4797416463388,-0.3955613529093,-0.1411765133465,-0.4705089438895,0.0335683769653,0.1502937020415,-0.1150881073933,-0.5457000860860,-0.1398606253790,0.1573966837336,-0.1863458767787,-0.2631016821006,0.0612920070390,0.0793060040797,-0.0776281319296,-0.1080530980662,0.0126599895772,-0.1044541316712,-0.2659662916777,-0.1350846904959,-0.0087005277700,-0.0124377862156,-0.4723417186139,-0.2908546043340,-0.1120665142228,-0.2990500469618,-0.3201607428705,0.0028504157382
0.5796280376712,0.4919211268732,0.2082511378329,0.5099685750547,0.7434361682839,0.0328621032578,0.1121933947757,-0.0085635242160,0.3741454417033,0.6151033151990,0.2032412890888,-0.0008961018352,0.8318938939168,0.1830260756648,0.1628667724528,0.5052815617547,0.4160430821451,0.2718982841110,0.1004843837310,0.1793016312589,1.0000000000000,0.4392808287827,0.4101519614479,0.3474773431238,0.6235440406237,-0.1148090671896,-0.1846122317482,0.1200302633714,0.7332456657713,0.3671645634266,0.2212767346466,-0.3219871128260,0.1317531103707,0.2545190578993,0.0647168249206,0.2788523610275,0.1039912135377,0.3541751813612,0.3557555543145,0.6163114016491,-0.2605358659700,-0.0179829357965,-0.5830205560695,-0.2434264811428,0.5894735303770,-0.3591272973745,0.2981580613814,0.8179590378835,0.1204629853454,-0.1845319897713,0.1311773656259,0.4168031517783,0.2029138197035,-0.2504393630659,0.0298253247734,0.8958305664404,0.3730513930669,0.3558111920092,0.4382855506668,0.6203933562371,-0.2981198931007,0.0234154620855,0.3417733239765,0.1339004754233,-0.0307375875749,0.0930270868445,-0.2185811895812,-0.1226540139908,0.3278689917541,0.3911635453845
0.2525946448606,0.4421683460601,0.2594450430049,0.1969080216098,0.3306007043785,-0.0350083176759,-0.3277263241524,-0.2513552254582,-0.1004058318547,0.0963364181459,-0.2330088670621,0.1350835818397,0.2676171080375,-0.1322628765507,-0.1475653248766,0.1854812653681,0.7596009973781,0.5325947648691,-0.0693486737120,0.3958833173750,0.4392808287827,1.0000000000000,0.2833802349399,0.9333815909702,0.2869303499491,-0.2212855020624,0.0997573984185,0.3084710612377,0.6974018246544,0.2976665834486,0.3875109729163,-0.5199299642845,0.2190869412003,0.1887962752882,0.2488836297302,-0.0487677651547,-0.0779100554712,0.3022465969447,0.1336039017409,0.2634446545829,-0.3916418963902,-0.2984062507692,-0.5947513912086,-0.5462814160643,0.1218795553874,-0.4724859870631,-0.0557529861734,0.3531831927447,-0.1679981182452,-0.6091136615157,-0.2102642386501,0.7857262222577,-0.0432465604860,-0.4466316997941,-0.1160099682828,0.3808122109296,0.7139422150763,0.2751596095752,0.7469162466649,0.3517685018906,-0.5878211165310,-0.2254938607550,0.1770125300971,0.3721988452462,-0.3430704329958,0.1325201471776,-0.3181868336209,-0.2661307084539,-0.0092771416061,0.0492966045538
0.4229476146598,0.5865944365281,0.4782310941920,0.6003180404564,0.3962000070176,-0.1274757873063,-0.1057166520300,0.3062233732328,0.0202667082897,0.5538553675214,0.0257895260916,-0.1689665554790,0.2424068116027,-0.0152858226954,0.0940359583449,0.2339181183311,0.4679493534309,0.1342667477353,-0.0941483395338,0.0160880834060,0.4101519614479,0.2833802349399,1.0000000000000,0.2995325928162,0.6793179941630,0.1041300690875,-0.0187237227445,0.2946768985223,0.5040800151562,0.2506909352409,0.4725013423580,-0.1280941829308,-0.0633154092548,0.3780261895191,0.2203698894901,0.1803688414147,0.4288068234278,0.5193474660262,0.3449906205778,0.3220508230983,-0.2694938316067,-0.2090192459620,-0.0817943898647,-0.2310890748819,0.6194658029854,-0.3112934499386,-0.0204913455407,0.2358766749193,-0.1137721303740,-0.0996570575806,-0.0627428185326,0.3858159925921,0.1399540328043,-0.2366936870201,-0.1249806284151,0.3748124243420,0.3390885294669,0.8530123545340,0.3658570469103,0.7150000476914,-0.0682530345465,-0.0439107501888,0.4147440388317,0.3319890396450,-0.0157078635943,0.3239990444296,-0.2868654975871,-0.1108213461132,0.2236181859411,0.2263253719218
0.2250271352210,0.4794951769564,0.3902427803261,0.2405394998664,0.2382867452212,-0.0485119296978,-0.3541699878822,-0.2696611963057,-0.1456796270629,0.0279733846934,-0.3085541332690,0.1797820364727,0.1696705387932,-0.1522148086823,-0.1877314136580,0.1561898554299,0.7142037679502,0.6444816019300,-0.0630921898049,0.4503340925718,0.3474773431238,0.9333815909702,0.2995325928162,1.0000000000000,0.2026732651655,-0.1206271458502,0.2551999268258,0.4102719098584,0.6278200935769,0.2921015203634,0.4001992506312,-0.4695459424594,0.2309843761458,0.1779186909333,0.3844819716393,-0.1062768577695,-0.0657130891573,0.3220281954680,0.1241852502885,0.1672896948329,-0.4257315632200,-0.3486612602208,-0.5086912089406,-0.5415832459210,0.0555250806744,-0.4930388633482,-0.1111318082794,0.2413340610411,-0.2314688818331,-0.6455542171389,-0.2292324219749,0.7543810857099,-0.0267550283502,-0.4608541037520,-0.1746200638719,0.2931496619316,0.6350914952908,0.2603798274506,0.7374800471760,0.2892354210453,-0.5635296830567,-0.2838288611503,0.1755885778597,0.4035370394749,-0.3584341087852,0.1553870616049,-0.3658902550521,-0.2913229730292,-0.0951713114925,0.0370716434988
0.4844346686844,0.5018210804621,0.4646357205569,0.5070519536052,0.6870701923399,-0.0794452502088,-0.0081489676212,0.3623336373925,0.1208346013561,0.7766101842652,0.1783891591994,-0.2407830634639,0.4580435726368,0.0431118722136,0.0979286295857,0.3379061143018,0.4332179505460,-0.0004404294522,-0.1083149457398,-0.1272206827388,0.6235440406237,0.2869303499491,0.6793179941630,0.2026732651655,1.0000000000000,-0.0267837067910,-0.1567003171876,0.2006287712815,0.6636420845895,0.2125788153155,0.3058220635451,-0.1564404424889,-0.0630809801087,0.2857740675883,-0.0156050196268,0.2269187606629,0.3293725383586,0.5008176760983,0.3399476980577,0.5739135741835,-0.2741947585405,-0.0692444230052,-0.1959285355146,-0.1990938354366,0.7321233886763,-0.2718690386645,0.0487290185469,0.4552969236059,0.0076873976667,-0.0493367697689,0.0732418130540,0.3784402190776,0.1118992326125,-0.2193433056819,-0.1424865934418,0.6188845171006,0.3646398830578,0.6278885482627,0.3639221194159,0.8863536967986,-0.1643261855318,-0.0657018731634,0.3398342379314,0.3389116020750,0.0551373421604,0.2567791754375,-0.2864837539193,-0.1132106897145,0.3262232574994,0.1829635688904
0.2959286756193,0.1926232057864,0.0765173147454,0.5815418718471,0.0615331455449,0.1528653631266,0.2173674971098,0.4278205314569,0.1766252009049,0.0597433787920,0.2738963496700,0.0805860001754,-0.0584183295650,0.3701762211410,0.5635893738108,0.1946267309647,0.0034717219192,0.1034217506676,0.1289941931933,0.1156611974982,-0.1148090671896,-0.2212855020624,0.1041300690875,-0.1206271458502,-0.0267837067910,1.0000000000000,0.5525483786392,0.4444700281748,-0.1827908779717,0.2600102526941,0.1040721369876,0.3605330305260,0.0420145564529,0.1442593970992,0.4240313749767,0.0603517424791,-0.1407551803855,-0.2998644954737,0.0760353126790,-0.0535975610105,0.1193005553986,-0.0824423061967,0.4042198545484,0.0920059402311,0.1113383116223,0.1546235837851,-0.1467964976566,-0.1898186696104,-0.2077405179949,0.2430003648533,0.2905380458406,-0.0649093782535,-0.2340175673975,-0.2211578674467,-0.5374203526019,-0.1073247177483,-0.0822134959752,-0.1358326694632,-0.2140743516890,0.0079209672800,0.4503945279063,-0.2706992175283,-0.1158950830248,0.0002188976703,0.0730320198376,-0.0976254713768,-0.1467144977363,0.0423299212861,-0.1113453433203,0.0659783511947
-0.0569721263614,0.3175738786237,0.2978034098545,0.3330637683050,-0.1270190743436,0.1151155343186,-0.0858775220053,0.0144458256900,-0.0250824647016,-0.2265352968748,-0.1214572222171,0.3490990797625,-0.2009558675325,0.0502440147098,0.0105802993404,-0.0059915617354,0.0194731341708,0.5268653448851,0.1642299005161,0.5356478449466,-0.1846122317482,0.0997573984185,-0.0187237227445,0.2551999268258,-0.1567003171876,0.5525483786392,1.0000000000000,0.5471051839580,-0.1019073165597,0.1026621944795,0.0390699668722,0.1026243796687,0.1849278971697,-0.0400761186073,0.4954707996935,-0.4091372721510,-0.0946784962514,-0.1501592536693,0.0386353049101,-0.1794254967741,-0.1398072169075,-0.3030757437374,0.1096053929348,-0.2388999594325,-0.2192059865058,-0.1761403329391,-0.3072877383571,-0.2365989335190,-0.3416501166000,-0.3748267732184,-0.0871913182109,0.0240769921131,-0.4044799987972,-0.2525580069353,-0.4589382253831,-0.2194300927439,-0.0914832601330,-0.1833764148123,-0.1364309662549,-0.1824607455493,0.0002069203440,-0.2525923797771,-0.1090556500384,0.1358691357585,-0.3723717673272,-0.1653536139692,-0.1539710781725,-0.2240685512293,-0.4356432779646,-0.2848164859086
0.2442664494491,0.4468593369149,0.5285300602931,0.4431258122525,0.2326102290175,-0.1439194773283,-0.2870931544949,0.2699458995403,-0.1589002617064,0.1602400535550,0.0343049964969,-0.0157664119246,-0.0123677180448,-0.0118141634546,0.1934406619046,0.0780698861719,0.4065539889053,0.4312272807611,-0.0314304923877,0.2380690824639,0.1200302633714,0.3084710612377,0.2946768985223,0.4102719098584,0.2006287712815,0.4444700281748,0.5471051839580,1.0000000000000,0.3133199240336,0.0763011009458,0.1320890752636,-0.1163844964004,0.0568887597261,0.0231352566014,0.1369816590845,-0.1738863781441,-0.1110875051755,0.3316784877738,0.0886400958262,0.1067777715386,-0.3662921015965,-0.4495478227441,-0.0305206648623,-0.4167163447668,0.1976616312546,-0.2237460232801,-0.3304574054248,-0.0899601886270,-0.4442553546948,-0.2501027914194,-0.0796476931041,0.4163539288984,-0.4091587935539,-0.4620382540024,-0.5326605992522,0.0399158889686,0.2697526123319,0.0906300885884,0.2376813849613,0.1650854176071,-0.2183141543254,-0.3529809827555,0.4613027918957,0.3165898961280,-0.3447423601776,-0.0842895014732,-0.3683754176445,-0.2902268321350,-0.2954930760720,-0.2619436691352
0.5826956233410,0.5535094211331,0.3745947077660,0.4578298793559,0.6476388296954,-0.0270127856303,-0.1096331530239,0.0313812362505,0.2199466043910,0.3875305824042,0.0727145285054,-0.0747189331299,0.5366398137158,0.0327685910102,0.0466417541853,0.3243354499617,0.7384287782758,0.2866685657432,-0.0193890464207,0.1670551470972,0.7332456657713,0.6974018246544,0.5040800151562,0.6278200935769,0.6636420845895,-0.1827908779717,-0.1019073165597,0.3133199240336,1.0000000000000,0.3431630883293,0.4459604075567,-0.3797786802922,0.1020576401529,0.2291874547252,0.0341866909733,0.2182059825200,0.0599859632981,0.5204144220563,0.1846306465928,0.4989020678677,-0.3817315942768,-0.1371348750397,-0.5589256132202,-0.3293012963176,0.4469126956492,-0.4211307566849,0.0910415888273,0.5644349851477,-0.0595623242557,-0.3463174625911,-0.1022713938177,0.7422963560318,0.1284192932297,-0.3882337105316,-0.1362967830818,0.6365353533197,0.6341706649471,0.4870148134647,0.7108244450433,0.7148970012539,-0.5538730298438,-0.1357447524122,0.3549779085814,0.4695771161789,-0.1194938119898,0.2780845212599,-0.3883617352428,-0.2025815827865,0.1415381676722,0.1919257480482
0.5905733628539,0.3128631280255,0.1158023711093,0.5068909875508,0.3172643252787,0.4511006093711,0.4467311081150,-0.1348496733253,0.5644082783454,0.1118381875554,0.1219223851277,0.2191540153112,0.4388505779059,0.4409170050315,0.5277721280236,0.5788746058570,0.3447069972227,0.2269907324254,0.2917634955215,0.3493767899149,0.3671645634266,0.2976665834486,0.2506909352409,0.2921015203634,0.2125788153155,0.2600102526941,0.1026621944795,0.0763011009458,0.3431630883293,1.0000000000000,0.3164381989073,0.0641173485813,0.3721669581780,0.4689948032556,0.4940999344149,0.4183872566099,-0.0168151018834,-0.0708278456244,0.0047361666073,0.2347475434858,0.0793096436988,0.2740079326973,-0.2457694057809,0.1501669112455,0.2196918184519,-0.1138151397467,0.2893948076437,0.4776899083729,0.1697639847422,0.0696956093077,0.4064515481777,0.3396862649203,0.1530991860338,-0.0973748583548,-0.1160513690989,0.3642680960612,0.3544151334578,0.1844521392091,0.3086720600446,0.3022263646112,-0.1237400897871,-0.2349708401556,-0.1147491237639,0.0274550320039,0.3906155874237,0.3044211282353,-0.1552902735393,0.2256595618434,0.2926549464004,0.3605879947652
0.4952963059769,0.4974100121663,0.1713863557282,0.4467869032536,0.3046045815898,-0.0948095770663,-0.0047297843721,0.4181570489673,0.0331409913413,0.0177046025946,0.1515607838450,-0.2862394231130,0.1193438549027,-0.0138832725564,0.0877711006605,-0.0777274198246,0.4852948698551,0.1021842789397,-0.1890872557523,0.0284460736288,0.2212767346466,0.3875109729163,0.4725013423580,0.4001992506312,0.3058220635451,0.1040721369876,0.0390699668722,0.1320890752636,0.4459604075567,0.3164381989073,1.0000000000000,0.1394064137470,-0.0241998326632,0.3655235585050,0.2158537123824,0.2917053456793,0.2907732620294,0.2164346142670,-0.0258736554444,0.1510774066700,-0.2062376888376,-0.1656856928027,0.0664430483700,-0.1764563605830,0.0872271817706,-0.2312762642433,-0.1355926840449,0.1096119784289,-0.2965359666980,-0.1799067245454,-0.1809479750720,0.3248252289750,0.3992188723856,-0.3002611736656,-0.2135430360766,0.1675478536110,0.4779612074622,0.4695506123181,0.5428238380937,0.4098881355662,-0.2628957691808,-0.0223804911498,0.0750275659412,0.4684926076792,0.0959821260634,0.6364503832924,-0.2254486821775,0.0151751515704,0.1396059515128,0.2794360444754
0.0560157603958,-0.3550879449742,-0.0925548922688,-0.0056972605807,-0.0077610781070,0.0781423155784,0.4560670421379,0.3560166640441,0.0798771032705,-0.1552214136480,0.2862862115880,-0.1550305692274,-0.1396271867006,0.4239928713924,0.3049257610813,-0.1636206671568,-0.1428173496126,-0.4745481635502,0.2258545653329,-0.3321956824273,-0.3219871128260,-0.5199299642845,-0.1280941829308,-0.4695459424594,-0.1564404424889,0.3605330305260,0.1026243796687,-0.1163844964004,-0.3797786802922,0.0641173485813,0.1394064137470,1.0000000000000,-0.0349731764406,-0.0395352992864,0.0137434509957,0.2401659268759,0.0003061549497,-0.4357125861819,-0.4431839862823,0.0702447263025,0.2637922175976,0.3605508573437,0.6803454393683,0.5023179010755,-0.0995248363837,0.4768956066619,0.0575876768749,-0.1188872582479,0.2207893824432,0.5222796732493,0.1692057216604,-0.2850061494754,0.1508733291225,0.5055929829020,-0.1086974421147,-0.1906292247707,-0.0706009588256,-0.1503347480398,-0.2228025859569,-0.0708552016691,0.3599932090794,0.0384127343012,-0.3291890019762,0.0713034053381,0.5707641806967,0.3578847185942,0.4402087296695,0.5552101943556,0.0195994316695,-0.0994575295525
0.0302394260272,0.0522597926482,0.0401266303231,0.0987279246407,0.0183290786547,0.4659165330024,0.1493687325835,-0.3947583027843,0.2614284230341,-0.0804870998450,-0.0994318266827,0.3780869069786,0.1579636922381,0.2465360072052,0.1483255588526,0.2661698674022,0.0843684046061,0.3526672099035,0.2435490516000,0.3480926070415,0.1317531103707,0.2190869412003,-0.0633154092548,0.2309843761458,-0.0630809801087,0.0420145564529,0.1849278971697,0.0568887597261,0.1020576401529,0.3721669581780,-0.0241998326632,-0.0349731764406,1.0000000000000,0.2091332819154,0.3971824830759,-0.0374809844927,-0.2317556937202,-0.1791591129472,0.0035053564080,0.0621274167099,0.1618251254867,0.0963626797417,-0.2816906800004,-0.0874138310850,-0.0195465356961,-0.1673865897593,0.2228314495806,0.2497382438193,0.1416414793333,-0.1220904074141,0.1892897055045,0.0975429386348,-0.1230829638087,-0.0589443589745,-0.0071333159268,0.1372542495939,0.0046048193750,-0.1087249754135,-0.0157630179074,0.0419042189036,-0.1291312168366,-0.1919374578289,-0.1758307091982,-0.0223917610567,-0.0260156505840,-0.1474104143508,-0.1326934610539,0.2373002392048,-0.1602267482112,0.1628743455644
0.4295389334940,0.3640517203112,0.0803600332931,0.4050377266162,0.1666345185971,0.1417539976736,0.1986141578764,0.0910065350437,0.2526500524006,0.1728767592791,0.1984536619135,-0.1682653297763,0.1874565302528,0.0797043017395,0.1752546694535,0.1729361776461,0.2541969591170,0.1467507512671,-0.1585615451205,-0.0050860340061,0.2545190578993,0.1887962752882,0.3780261895191,0.1779186909333,0.2857740675883,0.1442593970992,-0.0400761186073,0.0231352566014,0.2291874547252,0.4689948032556,0.3655235585050,-0.0395352992864,0.2091332819154,1.0000000000000,0.3900339390899,0.3550812986144,0.2939623559081,0.0973729901529,0.1123819829118,0.0710762147720,0.0460688946435,0.0934466180902,-0.1147955123621,-0.0335762150686,0.2022273240178,-0.1551226938856,0.0746862778491,0.1978288396476,-0.0827610720369,0.0284425424310,0.2075954111610,0.1975393119944,0.2745311680891,-0.1959389557829,-0.0797779038518,0.2591209240709,0.2352771472623,0.3241732310712,0.2417057045532,0.2854857916060,0.0010755886162,-0.0025524646602,0.0396036453074,-0.0440598888133,0.2204337626087,0.2643319256113,-0.2552432042128,0.1774502518155,0.5539504839972,0.5686302169850
