1.0000000000000,0.1883700329957,0.2442375530963,0.6150570126664,0.6859704585411,-0.0737691836775,0.4193412382189,0.5126765536844,0.2269844490717,0.6023207949980,0.6250469206243,-0.1274224386932,0.6692614503647,0.1053469820329,0.6784864971252,0.4070104997384,0.3141123356158,0.3678822463712,-0.1142811810648,0.1925464246327,0.7354689556585,0.3627564317105,0.4713138897597,0.2274692208388,0.6742006528510,0.3761481877214,0.1826741064276,0.0180290635152,0.6405541795159,0.6280261734901,0.4190505974265,-0.1321591049263,-0.1847073853562,0.5658764235140,0.5933190230984,0.7563516039539,0.1121602940549,-0.1027633150944,0.4790249963722,0.5618282752692,-0.1120816096734,0.2673428153264,0.5606043344013,-0.0021089274702,0.5391967693175,0.6166540563199,-0.1746820295202,0.6247410817031,0.1466953530994,0.4267656116014,0.4829302363994,0.4903771659167,0.5373120724236,-0.3610072039895,-0.1061545465185,0.6754608733656,0.2584469654547,0.5032497560009,0.1789187382508,0.6441983803982,0.3755720876442,0.0084475137678,0.0287758914678,0.5037746238166,0.5416048193451,0.4971849784701,0.1458111563558,-0.0739337713217,0.3172598646545,0.5753453332914
0.1883700329957,1.0000000000000,0.4751236588970,0.6274742532769,0.3313061923693,-0.1251940529240,-0.0443017429436,0.5895744305790,0.0733796663177,0.4054896719547,0.3394890489658,-0.0679886624135,0.2113056795870,0.0394813524062,0.1720351450284,0.1936127263264,0.2165258998513,0.3513575243099,-0.1942226203829,0.2724942174519,0.3101738919930,0.4185470557236,0.7084073134221,0.4402127071707,0.4012869203261,0.5666974633928,0.6787470143182,0.4662912360112,0.3857223252191,0.2933055982705,0.6649227599487,-0.0414320218826,-0.1394492902876,0.4448173505289,0.4732891973267,-0.1164133633385,0.8142996246913,0.0470853614584,0.6606630984997,0.0803760481517,-0.0462639658754,-0.1435091650691,0.0841437737132,-0.2604084955820,0.4531047523487,0.2567797153735,-0.0929830436227,0.1459939568671,-0.1006831182430,-0.2516797995315,0.0066244751278,0.0392447200187,0.1796191210572,-0.1904295132615,-0.2474695323712,0.2217075180241,0.1391128761157,0.5587899540327,0.1638668314195,0.2826449541830,0.5593121222120,0.3393279988630,0.2704217413413,0.2539872478284,-0.1506710578383,0.1107040449389,0.1030908421194,-0.1415729752494,0.1272300061236,0.3958566892940
0.2442375530963,0.4751236588970,1.0000000000000,0.5261684660671,0.2863436163288,-0.2770557571022,-0.1721099660986,0.6614557691778,-0.0381874708473,0.4480636944409,0.1450356239923,-0.1335636098645,0.1412307358457,-0.0113582329910,0.1439213571151,0.0479710335600,0.5543439332092,0.3562759392774,-0.1631191036378,0.1077317319150,0.2633813554701,0.5715738859117,0.6519253407692,0.7046587268357,0.4237194105662,0.4273188925559,0.5714583623892,0.7391975740612,0.3932883450095,0.1150621595923,0.6885367629821,-0.0262766362708,-0.1678419244352,0.2478974277537,0.2376701023689,-0.0272492466625,0.2160485526673,0.3003360078389,0.3583364067969,0.1347755024859,-0.2090218663294,-0.3287079975258,0.1612225588136,-0.3981832433897,0.3885670720289,0.0652734144439,-0.2045829616725,0.0621370366132,-0.1566211585357,-0.2800569896589,-0.0612161371005,0.3875607871514,0.1368519102429,-0.3262767947901,-0.3034749458280,0.2022462557083,0.3521419853145,0.5224429624839,0.3951395749055,0.3443869701305,0.2815256711907,0.1537324028919,0.5124386587100,0.3026013591102,-0.2154142982049,0.1948865770563,0.0539643922808,-0.2712968957821,-0.0764852093526,0.1481304542966
0.6150570126664,0.6274742532769,0.5261684660671,1.0000000000000,0.5936264152882,-0.0579512295154,0.1852328057311,0.6970375949718,0.2412579875596,0.6617577004816,0.5833505573188,-0.1410386410584,0.5374271998446,0.1545230548234,0.4828146936765,0.4447962102725,0.3792523692819,0.4184967503689,-0.2427904733653,0.3054433111622,0.6145235505264,0.4140494814575,0.7121932784783,0.4518691211572,0.6875957793145,0.7532271733129,0.6018820432107,0.3330292842648,0.5899267515116,0.5431537940633,0.6397514773339,-0.0055132795730,-0.1118979801138,0.5568211744013,0.6380334343655,0.3600248419736,0.4264362690367,0.0704831747742,0.6908033182871,0.3507495520966,-0.0240522777905,-0.0083737348914,0.4600384352892,-0.1929184062728,0.6152201110183,0.5137523023389,-0.1695581366207,0.4148560803400,0.1414396324590,-0.0102575329168,0.3446779422850,0.3749202258473,0.3986524898882,-0.5008026523176,-0.4064498370008,0.5251711656122,0.2189991070178,0.6066729504253,0.2085989198378,0.5784014583822,0.6035136534679,0.1958526800014,0.2513367890219,0.4769169200317,0.1404410001744,0.3616422654666,0.3054307579747,-0.1939709283298,0.0483899122211,0.5503458162940
0.6859704585411,0.3313061923693,0.2863436163288,0.5936264152882,1.0000000000000,-0.1493823627315,0.3411846907553,0.6015181214335,0.1757377926666,0.7631520726855,0.6760635568220,-0.1742758235890,0.8555488854229,0.0826464263923,0.4722929462835,0.3925336184910,0.3073466977828,0.2062606534356,-0.1340559595759,0.0453783396150,0.8562271768535,0.3869522797845,0.5321595259372,0.1916932589336,0.8318441337195,0.3180018587879,0.2531629481214,-0.0109955174593,0.7825054420971,0.4652480442831,0.4265946604589,-0.1662145958881,-0.2741487847958,0.4749187642780,0.4082659438490,0.5502391389537,0.2200523680988,-0.1062234093482,0.5481161914211,0.8205523233369,-0.2223827501973,0.1634152423172,0.6093471251399,-0.1142519653179,0.7655403274032,0.6608588100944,-0.1992719071744,0.8034135631774,0.0457475840077,0.2356923006347,0.4125272577974,0.4295207964223,0.4112513140428,-0.3162409462452,-0.2322819755695,0.8504931546519,0.2699427741047,0.5383759963004,0.1647034068961,0.8017956347318,0.3268175682126,0.0575422781813,0.0159599654353,0.6430429139872,0.3720957771457,0.4572513894879,0.0561258684179,-0.2044487090258,0.3009044607198,0.4511072185992
-0.0737691836775,-0.1251940529240,-0.2770557571022,-0.0579512295154,-0.1493823627315,1.0000000000000,0.3442093408009,-0.1827364029709,0.5207616416247,-0.2014600421904,0.0866439668819,0.4601867741373,-0.1243647502321,0.4536993441190,0.2761888970446,0.4849791072390,-0.0158823735134,-0.1039714288328,0.3877277648387,0.1518553694950,-0.1224765671458,-0.2028743052239,-0.2321132284898,-0.1198759966014,-0.1467368560630,0.1038314729159,-0.0816753640729,-0.1313043245133,-0.1997968970869,0.2100270455130,-0.2370520598005,0.2817441282960,0.4098309173924,-0.0384310038632,0.0343164233161,0.0558539614345,-0.1239462184937,0.0041863565560,-0.0939182909788,-0.1389602883216,0.4813509640314,0.2852077769434,-0.0846781221817,0.4388869099644,-0.2370553005403,0.0021923519903,0.3813085735655,-0.0836361761831,0.5222450270124,0.2450917185181,0.3639945966846,0.0406121415688,-0.1012332621676,0.2186121712772,0.0043551296785,-0.1527904314355,-0.1582283556737,-0.2106351683809,-0.0524124252047,-0.1673746568896,0.0228606776283,-0.0600481794572,-0.0343101970613,-0.2481963834557,0.1271953698041,-0.0934140302135,0.0562816596623,0.1616605833281,-0.1134086656011,0.0648580242534
0.4193412382189,-0.0443017429436,-0.1721099660986,0.1852328057311,0.3411846907553,0.3442093408009,1.0000000000000,0.0716017344300,0.6526761349554,0.2220452616583,0.6766298195086,0.3031787123024,0.5168268763585,0.2916851788319,0.5153170694590,0.4873131958626,0.0347931119927,-0.1621165240409,0.3582249654560,-0.0640222560266,0.4434504586637,0.0210912476112,0.0363159415566,-0.1183318968344,0.3478505021474,-0.0271641960847,-0.2068183017441,-0.2168627992861,0.3364926576099,0.3887893176527,-0.0667770105684,-0.0183027951183,0.0063339682751,0.2124969949414,0.0953989362052,0.4955071383362,-0.1559724764938,-0.0688655519955,0.1921221870501,0.3910994727358,-0.0926604659251,0.7139940781448,0.2406804069952,0.4118709838487,0.1839991522778,0.5862240332411,0.1547675571107,0.5473524150845,0.2776793281774,0.4331371884376,0.5317670692272,0.1452428276093,0.0633475125275,0.0664106874551,-0.1251869641309,0.4215591345245,-0.0154082316034,-0.0039472853838,-0.0824436715734,0.3197629110513,-0.0567731892917,-0.2416534087882,-0.0434169615980,0.2226202360829,0.3482818862166,0.0960668774571,-0.2650026118032,-0.1452807957951,0.1457050005565,0.1719818004065
0.5126765536844,0.5895744305790,0.6614557691778,0.6970375949718,0.6015181214335,-0.1827364029709,0.0716017344300,1.0000000000000,0.1434449506559,0.6688048501952,0.5632080157232,-0.2459434930449,0.4617834127323,0.0906715040066,0.5361036490909,0.2389127477861,0.4156982431094,0.5143358125504,-0.2619845303607,0.2388865873246,0.5484441574967,0.5462891403169,0.6608410394936,0.4516928982329,0.7112160276189,0.5992599509240,0.6258468859368,0.4832873503447,0.6799578556025,0.4179533284910,0.7724633310038,-0.0416231466557,-0.1269049407390,0.4996859043148,0.4291354656817,0.0778103905433,0.3730023390585,-0.0284610581397,0.4862995207137,0.4070666193113,-0.0930690335973,-0.1111031418571,0.3229307173410,-0.2943731907615,0.6158527708059,0.4748766051526,-0.2269106428766,0.3560737091814,-0.0380295091894,-0.1096721360672,0.0929059352789,0.2875148234858,0.1070984517520,-0.3837157071710,-0.4144938578542,0.5191825600058,0.1799437253609,0.5538798786875,0.1153813566234,0.5227017046398,0.4324361367419,0.0318551813505,0.2009602251405,0.5553412914972,-0.1045728249422,0.1097612539410,0.2570922722312,-0.2266199614466,-0.0274643665212,0.2592486352907
0.2269844490717,0.0733796663177,-0.0381874708473,0.2412579875596,0.1757377926666,0.5207616416247,0.6526761349554,0.1434449506559,1.0000000000000,0.0307371841940,0.4956863018940,0.6462831614499,0.1507755479066,0.5940679823874,0.5534123385420,0.6186903802748,0.1791538636541,-0.1714910929852,0.6211196278660,0.0934985840498,0.2685556868091,0.1061391128907,0.0243089525532,0.1412710001125,0.1534668045101,0.2401368791131,0.0244980333739,-0.0244422444571,0.1705522883752,0.2908729536591,0.0996997161420,-0.0304726965272,-0.0643403069813,0.1587483197183,0.0814646798399,0.1881899763826,-0.0326679219642,0.2574486371082,0.2203461769428,0.0280786906617,-0.0078003611190,0.4713445629817,0.0963169854097,0.5660704195124,0.0386554226104,0.2782350711701,0.5268739358345,0.1451418091460,0.4877737414237,0.2464785884405,0.4979223709020,0.2202319906906,-0.0467511640602,0.2768275764587,-0.2280624504806,0.1553805227854,0.0856699666864,-0.0043610850249,0.1102557809151,0.1159337787831,0.1244125293826,-0.0934609513459,0.1438308257331,0.0345332881820,-0.0067437838563,0.0714728782092,-0.2629193451463,-0.3042670384196,0.0129788833348,0.1600085557050
0.6023207949980,0.4054896719547,0.4480636944409,0.6617577004816,0.7631520726855,-0.2014600421904,0.2220452616583,0.6688048501952,0.0307371841940,1.0000000000000,0.5312719318610,-0.2465957712780,0.7040820489730,0.0838423655879,0.4225670267702,0.3775884928453,0.2227476992314,0.3112790572559,-0.2334959242851,0.1080107984470,0.7558163737535,0.3108621283462,0.6005143515362,0.2029642323509,0.8207786701248,0.4198686040804,0.3361232788059,0.1744282270239,0.6084214559865,0.4014731988437,0.4241309795659,-0.0292467306105,-0.2681287441475,0.4680866463646,0.4395077345894,0.4424177745211,0.2178061722660,-0.1069419646019,0.6133296119044,0.6143063565506,-0.1531480785463,0.0223919040826,0.5887882068028,-0.3020676836820,0.9229136381478,0.5354872129279,-0.3083986595628,0.6052457653797,0.0216417824642,0.1412463590053,0.3765290885358,0.3557677642311,0.4222064277334,-0.4224687522362,-0.1683111719322,0.7112667310641,0.2383387576503,0.5665768613861,0.1599013571629,0.7878881310148,0.3782601176991,0.1033248775812,0.1276512482225,0.5164424747949,0.2938931574578,0.3937360608878,0.1793802917790,-0.1587044225396,0.2369076808565,0.4573048364410
0.6250469206243,0.3394890489658,0.1450356239923,0.5833505573188,0.6760635568220,0.0866439668819,0.6766298195086,0.5632080157232,0.4956863018940,0.5312719318610,1.0000000000000,-0.0091334736805,0.7795892580425,0.2751150853785,0.6302246440968,0.4380947057436,0.2439309398139,0.1510257559281,0.0615337941539,0.0751210056320,0.7676167225703,0.3206610914656,0.3901001262667,0.1143965518737,0.6875499335887,0.3552684885556,0.2277841631684,0.0364103495574,0.7085619540522,0.5681823334281,0.3675354193766,-0.0468508020003,-0.1422777129776,0.4730127340549,0.3173043011394,0.4561043510591,0.1584300724678,-0.1282722874298,0.4433467140820,0.6251972111124,-0.1339705536050,0.4536949399307,0.3796118427656,0.1011662544276,0.4801522253516,0.8898330180936,-0.0645048245989,0.7359020155309,0.2024223660214,0.1979664114801,0.4192775990158,0.2561084504312,0.1216477070080,-0.2291176539433,-0.4275082756786,0.7602170819033,0.0398743286722,0.2815289194644,-0.0568012170909,0.5452354837199,0.2550084794486,-0.1561739120167,0.0192308256218,0.5385565653637,0.2472069901286,0.1427252065121,0.0079103407442,-0.2225339579223,0.0612290231029,0.2850115270974
-0.1274224386932,-0.0679886624135,-0.1335636098645,-0.1410386410584,-0.1742758235890,0.4601867741373,0.3031787123024,-0.2459434930449,0.6462831614499,-0.2465957712780,-0.0091334736805,1.0000000000000,-0.2555989642110,0.6536499679603,0.1168022845695,0.4492555283827,0.0015209465257,-0.3408969023890,0.8369171711247,0.0530672808710,-0.1065086278172,-0.0650863442950,-0.2020031224366,0.0970467860383,-0.2061439519879,0.1009353310578,-0.0653466583698,-0.0074431641254,-0.2528002753472,-0.0277035715152,-0.1415883189176,-0.0147006518810,-0.0183809813543,-0.1134998935810,-0.0475394541361,-0.0701178249958,-0.0760904375789,0.3732578017390,0.0211099985082,-0.3248524317095,-0.0332446834375,0.3209153043761,-0.1852290284970,0.5802741762530,-0.2002405001808,-0.1635102027169,0.8055233350746,-0.2275674578442,0.5701486661483,0.1730675258431,0.3247770369918,0.0368124759040,-0.1361687749396,0.6326213729448,0.0889569626711,-0.2375145754450,0.0072719431992,-0.1859463854943,0.1265412672733,-0.1813181792939,0.0718695066924,0.0262680403578,0.1818115015060,-0.3539060771089,-0.0900743948395,-0.0401940556672,-0.3433800936929,-0.1812334348165,0.0013446089953,0.0220267726247
0.6692614503647,0.2113056795870,0.1412307358457,0.5374271998446,0.8555488854229,-0.1243647502321,0.5168268763585,0.4617834127323,0.1507755479066,0.7040820489730,0.7795892580425,-0.2555989642110,1.0000000000000,0.0346300231054,0.4656077012310,0.3607878269891,0.1916008131575,0.1932822956342,-0.1586185961077,0.0413957149631,0.8758553737563,0.2888342399631,0.4358658277761,0.0236200586318,0.7629096563102,0.1886550212279,0.1318467251135,-0.1017377123720,0.7374805842782,0.5521680708039,0.2883828527363,-0.0611997346055,-0.1878867055642,0.4838487069534,0.3364613564207,0.6380454030709,0.0963905835460,-0.2555670148636,0.4217495687217,0.8586172094943,-0.1902265093650,0.3068345870003,0.5530938239694,-0.1206013100282,0.6673523961032,0.7941823414845,-0.2987444080533,0.9476886988023,0.0312702803025,0.2707679650948,0.4295428883161,0.3223412718216,0.4050316513139,-0.3864761187691,-0.2365875328762,0.9292842522472,0.1670979647282,0.4023754496209,0.0202659045884,0.7146738882726,0.1689600170448,-0.0517734342716,-0.0774050097368,0.6449803194215,0.5213680026718,0.3605821292946,0.0838140188948,-0.0924182715930,0.2868216494755,0.3934869485203
0.1053469820329,0.0394813524062,-0.0113582329910,0.1545230548234,0.0826464263923,0.4536993441190,0.2916851788319,0.0906715040066,0.5940679823874,0.0838423655879,0.2751150853785,0.6536499679603,0.0346300231054,1.0000000000000,0.4550386823094,0.5914522949481,0.1472553052666,0.0225580917259,0.6566056749546,0.4139625990525,0.1276516283298,0.0288401481623,-0.0181037777146,0.0849555831335,0.0947841678191,0.4510212429093,0.2214430432444,0.0966287471726,-0.0656263002180,0.3617641505711,0.0469683619674,0.4055273478570,-0.1231107355716,0.1900618714162,0.1093188926949,0.0427444291300,-0.0337678772460,0.2324044861776,0.1136613966014,-0.0500110433210,0.0745250406569,0.2493389775035,-0.0450320362594,0.3712304172778,0.0928769872876,0.1224320354625,0.5258870327439,-0.0045058621977,0.8407941783779,0.1976618699069,0.3886923926818,0.1761830581185,-0.1049435273550,0.3841968769773,-0.0432406051493,0.0914424113807,-0.0011863110519,-0.0121339702923,0.0749331291329,0.0394927802983,0.2769033789337,0.0791879367705,0.2135158650955,-0.1251698723904,0.0489943204630,-0.1223627925832,0.1158975406732,-0.0899605956383,-0.0868133354883,0.1020243579322
0.6784864971252,0.1720351450284,0.1439213571151,0.4828146936765,0.4722929462835,0.2761888970446,0.5153170694590,0.5361036490909,0.5534123385420,0.4225670267702,0.6302246440968,0.1168022845695,0.4656077012310,0.4550386823094,1.0000000000000,0.5702491634249,0.2246343363130,0.4457115116235,0.2168843736985,0.4614778623721,0.5016274582971,0.2933596584228,0.3118199996021,0.1578337950844,0.4701997704887,0.4494305440888,0.3035643858192,0.1224617824888,0.4145259151474,0.7231091837374,0.3466865963029,0.1725035115385,-0.0312751181930,0.5591127071864,0.3799064625632,0.4378288864348,0.0636553638803,-0.0807780040550,0.3262959212650,0.3997015869229,0.0852500118097,0.2894761681402,0.2375967571431,0.1150805707335,0.3522478716304,0.4898733232135,0.0111478464671,0.4220071227895,0.3532834375591,0.4013946129616,0.4379193328406,0.2803702397055,0.1845019823356,-0.1371512272880,-0.1405897971874,0.4719207175880,0.0872953700912,0.2956510127567,0.0267950303592,0.3604421135136,0.2661501434943,-0.0839399063704,0.0666598618437,0.2903664661077,0.3088726042507,0.0899711438177,0.2118580730858,0.0002018141447,0.1134076968323,0.3222997355964
0.4070104997384,0.1936127263264,0.0479710335600,0.4447962102725,0.3925336184910,0.4849791072390,0.4873131958626,0.2389127477861,0.6186903802748,0.3775884928453,0.4380947057436,0.4492555283827,0.3607878269891,0.5914522949481,0.5702491634249,1.0000000000000,0.1548685526583,0.0643222308589,0.3423058260447,0.2990718903323,0.4693696069053,0.1062931734502,0.2316165192429,0.1203839177822,0.3676969710308,0.4655634581111,0.1657185533694,-0.0086028330411,0.2262976803629,0.4915850358853,0.1295820695931,0.1634036111322,-0.0501878358992,0.3785875911266,0.4354806874111,0.3800642290350,0.1231165432088,0.0954562052765,0.4916593824558,0.1852376776002,0.1255565617276,0.3667214621093,0.3198451999347,0.3166093016547,0.4102558683504,0.3377834967079,0.3110236046008,0.3237885047198,0.6163628456060,0.4011023543727,0.7610160590867,0.3224366861730,0.3342891368397,0.0743395240451,-0.0103531540177,0.3343692060464,0.1278503251809,0.2720803855329,0.1643802330053,0.3816215371131,0.4064428585685,0.1649361051173,0.1579214814803,0.1140274968275,0.3384756166672,0.2632224202929,0.0463575085365,-0.0622951444730,0.2544462614149,0.5301239834717
0.3141123356158,0.2165258998513,0.5543439332092,0.3792523692819,0.3073466977828,-0.0158823735134,0.0347931119927,0.4156982431094,0.1791538636541,0.2227476992314,0.2439309398139,0.0015209465257,0.1916008131575,0.1472553052666,0.2246343363130,0.1548685526583,1.0000000000000,0.1412719066131,0.0259441781465,0.0454877242832,0.2067128600904,0.7587101783985,0.4400712679267,0.7605121983830,0.3563315370260,0.2564014633807,0.2136740621546,0.5155188493289,0.4228694023613,0.2911724307682,0.5562220062222,-0.0612140784198,-0.1805884084194,0.2246886734249,0.0989768616853,0.1049257157961,0.1352532340294,0.4137580179934,0.1925679628005,0.2187761270389,-0.1259134932840,-0.0647895652345,0.1103863462055,-0.0387684592523,0.2236958051586,0.1551835833286,0.0398115062265,0.1647310026391,0.0996364954351,-0.0330344292863,0.0407313439015,0.8073191745369,0.0435968886477,-0.0649951720768,-0.2679913639812,0.2342323894012,0.5950078225049,0.4033105437209,0.6502963922134,0.4039817433725,0.1441980150002,-0.0514956369184,0.5168051696581,0.3595378249007,-0.0165704666247,0.2071091722194,-0.0140812331324,-0.1909619645009,0.0342372234093,0.0552941896725
0.3678822463712,0.3513575243099,0.3562759392774,0.4184967503689,0.2062606534356,-0.1039714288328,-0.1621165240409,0.5143358125504,-0.1714910929852,0.3112790572559,0.1510257559281,-0.3408969023890,0.1932822956342,0.0225580917259,0.4457115116235,0.0643222308589,0.1412719066131,1.0000000000000,-0.3262876467121,0.6180797389664,0.1707169455290,0.3243190470812,0.4004944462649,0.2812763275808,0.2433372479784,0.5055690237624,0.6187719311508,0.3656741939197,0.2203194496426,0.5187233061335,0.5168267440087,0.2250534173550,0.1772701576621,0.5682528213957,0.5140075645791,0.0234279933464,0.3274988872628,-0.1630926784015,0.1831141146602,0.1840560710599,0.1327598480579,-0.1950959947177,-0.0130331736427,-0.3438496750988,0.2605666833318,0.1386796495231,-0.3142718224370,0.1188869906892,-0.0414559979300,-0.0599352606559,-0.1063856145636,0.0400483523045,0.2728328168931,-0.3566927659557,0.0349000572980,0.2304056235088,0.0234794864125,0.3812215324278,0.0082510895288,0.0890943403618,0.3650166359854,0.1764234280562,0.0201643870586,0.1549657923710,0.0889213917657,-0.0851329814896,0.5100206294078,0.2150513293784,0.0580189347288,0.2387698433223
-0.1142811810648,-0.1942226203829,-0.1631191036378,-0.2427904733653,-0.1340559595759,0.3877277648387,0.3582249654560,-0.2619845303607,0.6211196278660,-0.2334959242851,0.0615337941539,0.8369171711247,-0.1586185961077,0.6566056749546,0.2168843736985,0.3423058260447,0.0259441781465,-0.3262876467121,1.0000000000000,0.0840915479226,-0.0547718529072,-0.0123732204658,-0.2674331659164,0.0757900853276,-0.2305341772946,-0.1062667585781,-0.1494174228066,-0.0409955932719,-0.2457314868687,0.0232207233806,-0.1730228679643,0.0303295112813,-0.1826601299339,-0.1234848268927,-0.2751047152653,0.0214121879322,-0.2527013805846,0.3592273711453,-0.0928156255062,-0.1879283176775,-0.1898103538892,0.2247596778046,-0.2180750252607,0.4331149781918,-0.2076111946646,-0.1493968943058,0.6017209051494,-0.1321463668198,0.4270492951101,0.1836734126271,0.2623402292296,0.0441482608122,-0.1646145051147,0.6269629426090,0.0635763532159,-0.1302985450314,0.0760220156054,-0.2785849409040,0.1528418997672,-0.1704965485185,-0.1888242707669,-0.1351801378968,0.1973191982293,-0.3239571962671,-0.0507163055605,-0.0808383344198,-0.4667411963010,-0.2857372996074,-0.0008316784927,-0.1117291497338
0.1925464246327,0.2724942174519,0.1077317319150,0.3054433111622,0.0453783396150,0.1518553694950,-0.0640222560266,0.2388865873246,0.0934985840498,0.1080107984470,0.0751210056320,0.0530672808710,0.0413957149631,0.4139625990525,0.4614778623721,0.2990718903323,0.0454877242832,0.6180797389664,0.0840915479226,1.0000000000000,0.0755129212230,0.0651031437660,0.2841111412008,0.1017531081943,0.0636700321404,0.4871743911616,0.5346835908696,0.1653230390810,-0.0486660185535,0.5273153146910,0.3947886673316,0.4467040757240,0.0257680731245,0.4476911364816,0.4578327914933,0.0280265562793,0.2471476808496,-0.0707912661231,0.2244495029456,-0.0915061233935,0.1142208823265,-0.1286273532975,-0.1262264289737,-0.1707495369978,0.1129998314365,0.0334699017060,-0.0499134457737,-0.0194508466660,0.2761953187799,0.0562596990064,0.0712363089788,0.0375782439672,0.2494439972793,-0.0175170167430,0.2502446496502,0.0590237286787,-0.0242762472938,0.2743872227729,0.0116107505491,-0.0579774119590,0.4128054056375,0.2875378172718,-0.0289852091993,-0.1130113683328,0.1650026405527,-0.0084959806650,0.3944069298403,0.1296541371485,0.0624713805258,0.3366020107497
0.7354689556585,0.3101738919930,0.2633813554701,0.6145235505264,0.8562271768535,-0.1224765671458,0.4434504586637,0.5484441574967,0.2685556868091,0.7558163737535,0.7676167225703,-0.1065086278172,0.8758553737563,0.1276516283298,0.5016274582971,0.4693696069053,0.2067128600904,0.1707169455290,-0.0547718529072,0.0755129212230,1.0000000000000,0.3366690243233,0.5191408872866,0.1557081336852,0.7688866280483,0.3088054624583,0.1908765725220,-0.0783564150453,0.7266715776521,0.4641139833142,0.3987173777006,-0.2148008292377,-0.3232529598581,0.5257736787223,0.4719331501972,0.6601078753464,0.1610797332792,-0.1331535785711,0.6241552592716,0.6974988353583,-0.2931717825567,0.2366761433152,0.6334757868627,-0.0862405417790,0.7292975074805,0.7228563217410,-0.1929739372096,0.7916700513360,0.0863620047248,0.3014637292867,0.5352023552673,0.3946838774787,0.5332949398288,-0.3233706955801,-0.1696245991234,0.9034030432338,0.2465172645475,0.5037196220348,0.1395028368129,0.7472209470440,0.3597453905444,0.0600883970758,-0.0327963481493,0.5717392128000,0.4503514112816,0.5359005158175,-0.0491645283267,-0.2817082890115,0.3678276484926,0.5844491220060
0.3627564317105,0.4185470557236,0.5715738859117,0.4140494814575,0.3869522797845,-0.2028743052239,0.0210912476112,0.5462891403169,0.1061391128907,0.3108621283462,0.3206610914656,-0.0650863442950,0.2888342399631,0.0288401481623,0.2933596584228,0.1062931734502,0.7587101783985,0.3243190470812,-0.0123732204658,0.0651031437660,0.3366690243233,1.0000000000000,0.5664547114535,0.8390405585851,0.3511215609336,0.2690598008753,0.3199280067167,0.5550493492692,0.5453064137329,0.3833625519499,0.7053893766566,-0.1762983950322,-0.1542290324691,0.4463617239151,0.1744940574189,0.0265086249221,0.2818823529687,0.2598909070744,0.2595088164696,0.3017641397925,-0.2573368045172,-0.1427196443569,-0.0195392793186,-0.2078329586853,0.3091506940856,0.1692819950621,-0.0584992105852,0.2138666860528,-0.1333963838112,-0.0851086806621,-0.0697700426488,0.5314312088732,0.0578704507587,-0.1379775348539,-0.2832031318063,0.3381285122059,0.6799531257631,0.4873707544118,0.6014389252701,0.3692155817746,0.1367793990672,-0.1323783382631,0.4021980711209,0.4471826416619,-0.0522292351977,0.1058671314703,-0.0638869060912,-0.2295733146048,0.2352901651174,0.1099412653607
0.4713138897597,0.7084073134221,0.6519253407692,0.7121932784783,0.5321595259372,-0.2321132284898,0.0363159415566,0.6608410394936,0.0243089525532,0.6005143515362,0.3901001262667,-0.2020031224366,0.4358658277761,-0.0181037777146,0.3118199996021,0.2316165192429,0.4400712679267,0.4004944462649,-0.2674331659164,0.2841111412008,0.5191408872866,0.5664547114535,1.0000000000000,0.5189703373864,0.6221249689746,0.4824337934991,0.5120246910074,0.4364084966931,0.5880437478389,0.4336833019067,0.7694068010902,-0.0757604476084,-0.1616542017566,0.5662426177271,0.5622289461480,0.2297980395629,0.5490245850026,0.0051494454622,0.6094924970567,0.3337711315902,-0.2048695315754,-0.1630289840316,0.3082345462255,-0.3813431022604,0.6050553593159,0.3572755391611,-0.2370340028152,0.3312747406656,-0.1046922201507,-0.1326802535293,0.1108289669102,0.3721504941562,0.3682247703623,-0.3935672143341,-0.2563687343144,0.4696611676488,0.3877939185574,0.8936759173242,0.3565456844143,0.5668250687498,0.4704931027815,0.1564488320133,0.2204338397604,0.4861619193281,0.0863764148360,0.3850131337442,0.1527867553537,-0.1898397771779,0.2449995324701,0.4787652874291
0.2274692208388,0.4402127071707,0.7046587268357,0.4518691211572,0.1916932589336,-0.1198759966014,-0.1183318968344,0.4516928982329,0.1412710001125,0.2029642323509,0.1143965518737,0.0970467860383,0.0236200586318,0.0849555831335,0.1578337950844,0.1203839177822,0.7605121983830,0.2812763275808,0.0757900853276,0.1017531081943,0.1557081336852,0.8390405585851,0.5189703373864,1.0000000000000,0.2045566124947,0.3508336766825,0.3964429163301,0.6761255399744,0.3277911582953,0.2040142920597,0.6682345057769,-0.1628644913823,-0.1609852192060,0.2623138533406,0.1668343393489,-0.0959991004223,0.2704270270799,0.5125120200355,0.3060463567174,0.0205066637751,-0.1983986155159,-0.2164321087071,-0.0602877969431,-0.1319613958096,0.1847280891818,-0.0458490708698,0.0793355940425,-0.0484003479695,-0.0696902163239,-0.1927724537041,-0.0570548933102,0.4965733671193,0.0793127742068,-0.0503382592062,-0.2462740549386,0.0834688920914,0.6392764040528,0.4206960091946,0.7165964445251,0.2152797607825,0.2007840673277,0.0047065511529,0.6077482880846,0.2488367137652,-0.2170223724066,0.1385322969240,-0.1007836463096,-0.2907130593257,0.0604159160929,0.0962634716973
0.6742006528510,0.4012869203261,0.4237194105662,0.6875957793145,0.8318441337195,-0.1467368560630,0.3478505021474,0.7112160276189,0.1534668045101,0.8207786701248,0.6875499335887,-0.2061439519879,0.7629096563102,0.0947841678191,0.4701997704887,0.3676969710308,0.3563315370260,0.2433372479784,-0.2305341772946,0.0636700321404,0.7688866280483,0.3511215609336,0.6221249689746,0.2045566124947,1.0000000000000,0.4267903931419,0.3332030742554,0.1145148253431,0.8342579171841,0.4577309593840,0.4625485403973,-0.0791062595472,-0.2156901148267,0.4367486403954,0.4890655733962,0.5043619395225,0.2785769591564,-0.0904395787087,0.5785074101556,0.7049127260227,-0.1231724136674,0.1597570282645,0.6956790072351,-0.1455844958281,0.7805019429382,0.7224470493746,-0.2429704246236,0.7021651532891,0.0836197522431,0.1260065006780,0.3800660186485,0.4690759003833,0.3331677334438,-0.4161544226327,-0.3057980163531,0.7713755889178,0.2105951077431,0.6151513389087,0.1343065482422,0.8995764712633,0.4225654297302,0.0868177219368,0.0865549832733,0.7334312168673,0.2772190602708,0.4410957594563,0.1916343804946,-0.1591342610534,0.1468025649528,0.4358554355853
0.3761481877214,0.5666974633928,0.4273188925559,0.7532271733129,0.3180018587879,0.1038314729159,-0.0271641960847,0.5992599509240,0.2401368791131,0.4198686040804,0.3552684885556,0.1009353310578,0.1886550212279,0.4510212429093,0.4494305440888,0.4655634581111,0.2564014633807,0.5055690237624,-0.1062667585781,0.4871743911616,0.3088054624583,0.2690598008753,0.4824337934991,0.3508336766825,0.4267903931419,1.0000000000000,0.7349119207738,0.4255478295583,0.2916646851513,0.4751544131505,0.5278709475110,0.1712089413736,0.0440037577858,0.4963748648031,0.6768793572198,0.0310087423907,0.4545370057045,0.1314821892907,0.4711650828962,0.0642443931197,0.1913930783480,-0.0673833593336,0.1899742302715,-0.0989048673766,0.4027653323250,0.2539897833969,0.0876697895583,0.0757448777347,0.4127363479484,-0.0874099278407,0.2430112976052,0.2462256258129,0.1610391902062,-0.2808992484773,-0.3160774735388,0.2337578845356,-0.0073869329952,0.4315363308099,0.0635596472186,0.2624996412580,0.7772751178831,0.3218439116642,0.2345689785754,0.1631545252855,-0.0827102273430,0.0537384281954,0.4671807939072,-0.0445711599655,-0.0984101281510,0.4668360968667
0.1826741064276,0.6787470143182,0.5714583623892,0.6018820432107,0.2531629481214,-0.0816753640729,-0.2068183017441,0.6258468859368,0.0244980333739,0.3361232788059,0.2277841631684,-0.0653466583698,0.1318467251135,0.2214430432444,0.3035643858192,0.1657185533694,0.2136740621546,0.6187719311508,-0.1494174228066,0.5346835908696,0.1908765725220,0.3199280067167,0.5120246910074,0.3964429163301,0.3332030742554,0.7349119207738,1.0000000000000,0.6043082658687,0.2615148039308,0.3911540929326,0.6609520287761,0.2445454551916,-0.0046190541517,0.4037342956573,0.4419777676686,-0.1710335809533,0.4860283690131,0.0667949700461,0.3838546808531,0.0411641731272,0.1271404014231,-0.2288442368209,0.0081598157201,-0.2988446929237,0.3263174006050,0.1200895631951,-0.0826076564492,0.0533807755867,0.0790615938122,-0.3030624158531,-0.0830107081897,0.0333080376962,0.0816351286898,-0.2407166352199,-0.2475502882373,0.1582280825488,-0.0326353442015,0.3666932598002,0.0079453005047,0.1299899463705,0.5381492040165,0.4553402258781,0.2656098700661,0.1212347657495,-0.2063687221163,-0.0591057528447,0.4033729903636,0.0198004326110,-0.1759775848255,0.2255788412561
0.0180290635152,0.4662912360112,0.7391975740612,0.3330292842648,-0.0109955174593,-0.1313043245133,-0.2168627992861,0.4832873503447,-0.0244422444571,0.1744282270239,0.0364103495574,-0.0074431641254,-0.1017377123720,0.0966287471726,0.1224617824888,-0.0086028330411,0.5155188493289,0.3656741939197,-0.0409955932719,0.1653230390810,-0.0783564150453,0.5550493492692,0.4364084966931,0.6761255399744,0.1145148253431,0.4255478295583,0.6043082658687,1.0000000000000,0.1410660125646,0.1852931750343,0.5601725409389,0.1386441627529,0.0324021942031,0.2368137457719,0.0419999479733,-0.3377511954796,0.2648271157162,0.3613441290490,0.1336992372047,-0.0682052917710,-0.0242413951275,-0.2394152578411,-0.2502984382302,-0.2476870933889,0.1221759286915,-0.0834915366903,0.0160862951396,-0.1679541521779,-0.0848936402906,-0.3481894104834,-0.2601173888875,0.1850287299342,-0.2066997019680,-0.0448343657918,-0.2853897808560,-0.0602119160207,0.2767479939993,0.2880411472387,0.3290131674780,0.0148030884853,0.1550524565887,0.0785959307967,0.7155350183258,0.0809128891059,-0.3512761493774,-0.2039703620408,0.1077718478150,-0.0814046028310,-0.1440392697760,-0.1484507033945
0.6405541795159,0.3857223252191,0.3932883450095,0.5899267515116,0.7825054420971,-0.1997968970869,0.3364926576099,0.6799578556025,0.1705522883752,0.6084214559865,0.7085619540522,-0.2528002753472,0.7374805842782,-0.0656263002180,0.4145259151474,0.2262976803629,0.4228694023613,0.2203194496426,-0.2457314868687,-0.0486660185535,0.7266715776521,0.5453064137329,0.5880437478389,0.3277911582953,0.8342579171841,0.2916646851513,0.2615148039308,0.1410660125646,1.0000000000000,0.4075419084263,0.5239820373196,-0.1927110509228,-0.1468588344808,0.3974459429714,0.3845960342213,0.4339210566796,0.2493253331640,-0.1482453819125,0.4394182903029,0.7212844226629,-0.1774863324005,0.1398326951829,0.5448104946378,-0.1576424332099,0.5729266171451,0.6858965379998,-0.2866148527647,0.6926655488021,-0.0925302922356,0.0266589156141,0.2386612943972,0.4485103168751,0.2625072742827,-0.4354219844504,-0.4154086258689,0.7413027074872,0.2848095661229,0.5426219801952,0.1473908959658,0.7305337697019,0.2535548756777,-0.0830291296227,0.0257319591046,0.8442824519932,0.1993634502170,0.3648398007296,0.0967741417045,-0.1607991716220,0.1658309702743,0.3333873339001
0.6280261734901,0.2933055982705,0.1150621595923,0.5431537940633,0.4652480442831,0.2100270455130,0.3887893176527,0.4179533284910,0.2908729536591,0.4014731988437,0.5681823334281,-0.0277035715152,0.5521680708039,0.3617641505711,0.7231091837374,0.4915850358853,0.2911724307682,0.5187233061335,0.0232207233806,0.5273153146910,0.4641139833142,0.3833625519499,0.4336833019067,0.2040142920597,0.4577309593840,0.4751544131505,0.3911540929326,0.1852931750343,0.4075419084263,1.0000000000000,0.4483422442459,0.3551602147731,0.0941306116047,0.7327247338727,0.5124099955914,0.4006318028135,0.2240591182798,-0.1234701847549,0.2875052924982,0.4577731981651,0.1181811864398,0.1720329258153,0.1760331154873,-0.0846074631512,0.3712786534958,0.4655503749615,-0.1306028744312,0.4990558655961,0.2914341012321,0.1660100227893,0.3008164926304,0.3074385114354,0.2512177250487,-0.2627517665139,-0.1855554982952,0.5107254194793,0.1495019207908,0.3907144252506,0.0776946523641,0.3756953549363,0.2850795433545,-0.0122387013207,0.0734152065978,0.3160660491874,0.5029908939074,0.1058071736539,0.3327717536208,0.1836865460276,0.2482356141471,0.3818102332860
0.4190505974265,0.6649227599487,0.6885367629821,0.6397514773339,0.4265946604589,-0.2370520598005,-0.0667770105684,0.7724633310038,0.0996997161420,0.4241309795659,0.3675354193766,-0.1415883189176,0.2883828527363,0.0469683619674,0.3466865963029,0.1295820695931,0.5562220062222,0.5168267440087,-0.1730228679643,0.3947886673316,0.3987173777006,0.7053893766566,0.7694068010902,0.6682345057769,0.4625485403973,0.5278709475110,0.6609520287761,0.5601725409389,0.5239820373196,0.4483422442459,1.0000000000000,-0.0901805129386,-0.2060313104505,0.5325307808403,0.4694672686062,0.0011437141916,0.4926007427439,0.1201520266503,0.4710303323726,0.1926995575766,-0.2051838252541,-0.1950961218411,0.0625771015489,-0.3173682214809,0.4126659689536,0.2279356765975,-0.1439329694599,0.1940697533640,-0.1182355372774,-0.2321886338195,-0.0719490786499,0.3576871624523,0.1902695071801,-0.2533138054809,-0.2789218574497,0.3342425098060,0.3645451053408,0.6411310319121,0.3373819495209,0.3429997510728,0.4254634590782,0.1264107368533,0.2539722239215,0.3627784759598,-0.1134947858225,0.2051291968464,0.1064473072706,-0.2646066908946,0.1048467642098,0.3107449001375
-0.1321591049263,-0.0414320218826,-0.0262766362708,-0.0055132795730,-0.1662145958881,0.2817441282960,-0.0183027951183,-0.0416231466557,-0.0304726965272,-0.0292467306105,-0.0468508020003,-0.0147006518810,-0.0611997346055,0.4055273478570,0.1725035115385,0.1634036111322,-0.0612140784198,0.2250534173550,0.0303295112813,0.4467040757240,-0.2148008292377,-0.1762983950322,-0.0757604476084,-0.1628644913823,-0.0791062595472,0.1712089413736,0.2445454551916,0.1386441627529,-0.1927110509228,0.3551602147731,-0.0901805129386,1.0000000000000,0.1946248765331,0.1342703437677,-0.0275025944324,-0.0852397677502,-0.1196735849391,-0.2381654716675,-0.1805940703370,-0.0221843553824,0.2927517434058,-0.0819748276841,-0.1941874061880,-0.1269460280076,-0.0531051112511,-0.0633592583622,-0.1911451187741,-0.0453295562463,0.3328997583830,-0.0928632197209,-0.0203575655085,-0.1015551652402,-0.1514652986167,-0.0961029100437,0.0010323718632,-0.0856004138315,-0.2885648736509,-0.1332469825189,-0.2685328894945,-0.1569083072794,-0.0775271307653,0.0374720962299,0.0224684016488,-0.1655215020559,0.1362278301569,-0.3515258288069,0.4660050481378,0.3731965044458,-0.2594397612398,-0.1461039591084
-0.1847073853562,-0.1394492902876,-0.1678419244352,-0.1118979801138,-0.2741487847958,0.4098309173924,0.0063339682751,-0.1269049407390,-0.0643403069813,-0.2681287441475,-0.1422777129776,-0.0183809813543,-0.1878867055642,-0.1231107355716,-0.0312751181930,-0.0501878358992,-0.1805884084194,0.1772701576621,-0.1826601299339,0.0257680731245,-0.3232529598581,-0.1542290324691,-0.1616542017566,-0.1609852192060,-0.2156901148267,0.0440037577858,-0.0046190541517,0.0324021942031,-0.1468588344808,0.0941306116047,-0.2060313104505,0.1946248765331,1.0000000000000,0.0190611569330,0.0647775548828,-0.1906360488806,-0.1374185250310,-0.2401652187508,-0.3117434983279,-0.0974649834787,0.4269422344086,0.0304272828051,-0.2494435780700,0.0499473083384,-0.3373572291007,-0.1133395299264,0.0034923044909,-0.1897884874006,0.0050336099352,-0.0571733282490,-0.1387920641514,-0.2429177406935,-0.2269422607398,-0.1162709127887,-0.0533075686415,-0.2243579025061,-0.2737181024942,-0.1971022891304,-0.2845154657263,-0.3080455037064,-0.0992986532466,-0.1449874610356,-0.1963676727442,-0.1250211672299,-0.0129448478032,-0.3433767035454,0.2844073813400,0.4613216070000,-0.1505963785630,-0.1573803809353
0.5658764235140,0.4448173505289,0.2478974277537,0.5568211744013,0.4749187642780,-0.0384310038632,0.2124969949414,0.4996859043148,0.1587483197183,0.4680866463646,0.4730127340549,-0.1134998935810,0.4838487069534,0.1900618714162,0.5591127071864,0.3785875911266,0.2246886734249,0.5682528213957,-0.1234848268927,0.4476911364816,0.5257736787223,0.4463617239151,0.5662426177271,0.2623138533406,0.4367486403954,0.4963748648031,0.4037342956573,0.2368137457719,0.3974459429714,0.7327247338727,0.5325307808403,0.1342703437677,0.0190611569330,1.0000000000000,0.6266791241336,0.3158943604001,0.3461381115402,-0.0970050185416,0.4846963669557,0.3587018375665,-0.1172018359538,0.0242821352994,0.2039229489008,-0.1659937980257,0.4602150594805,0.3953850514369,-0.1691979190648,0.3610085567590,0.1050548989372,0.1453335498603,0.2254882071090,0.2534563150795,0.3626891416032,-0.2489446283761,-0.0630770885233,0.4924514511073,0.1891970416849,0.5554519187018,0.1134171864288,0.3917220246223,0.4194601969385,0.1126762821014,0.1011222851505,0.2486293373152,0.3768192862835,0.1766118101375,0.1852208917583,-0.0047889914355,0.4361382949354,0.4733029041142
0.5933190230984,0.4732891973267,0.2376701023689,0.6380334343655,0.4082659438490,0.0343164233161,0.0953989362052,0.4291354656817,0.0814646798399,0.4395077345894,0.3173043011394,-0.0475394541361,0.3364613564207,0.1093188926949,0.3799064625632,0.4354806874111,0.0989768616853,0.5140075645791,-0.2751047152653,0.4578327914933,0.4719331501972,0.1744940574189,0.5622289461480,0.1668343393489,0.4890655733962,0.6768793572198,0.4419777676686,0.0419999479733,0.3845960342213,0.5124099955914,0.4694672686062,-0.0275025944324,0.0647775548828,0.6266791241336,1.0000000000000,0.3586591172832,0.4866562151077,-0.1414667367408,0.5948725534234,0.1712568830842,0.1295669458080,0.0547372982824,0.4166443332017,-0.1034307179105,0.4373092713357,0.3351284866797,-0.1046687510295,0.2479340679804,0.1931650247675,0.1115224240505,0.3614318929465,0.2884023571825,0.5730234554850,-0.3606897681822,0.0204928172755,0.3318957896410,0.0270142111106,0.6092623261987,0.0544636243109,0.3980091556194,0.7785955409122,0.3479269330876,-0.0915772931312,0.2304166530146,0.3278295453357,0.4433669604388,0.3293087395511,0.0904459409702,0.3172202249180,0.8036317887129
