1.0000000000000,-0.2074851770284,0.3249517438290,-0.1589941917303,-0.1902014656043,-0.1425710257225,0.0130713988157,-0.0009667495991,0.0131057955987,-0.1257252837813,-0.0492661502548,0.2447548636715,-0.2434841430767,0.3174075159441,0.7406648840171,-0.1739099133364,-0.1714812213309,0.5088409830028,0.3394721526359,0.4954970363371,-0.1221495145997,0.0373797625753,-0.2353493142179,0.0874848353196,-0.4105589681673,-0.0598971640283,-0.1222771060493,0.2500089456411,-0.2139162769317,0.3083227224447,0.0329628498807,0.0220340685275,0.1584257161907,-0.1428036492065,0.0689054154382,0.4976610693280,-0.0649716760639,0.0310705376712,-0.0283297992621,-0.1908111078885,0.1377304231161,-0.1208267305689,-0.0134842950306,0.0361477188587,-0.1660822568490,-0.1464305584063,0.2546069316952,-0.2483156751759,0.3115745500474,0.3008318541919,-0.0573203670789,-0.1494547301129,0.1005344983291,0.3649190023400,0.4102636217337,-0.1303904390556,-0.0662045617942,-0.1181536989613,-0.0288212575363,-0.4151377400262,0.0438238284273,-0.2545741399345,0.1334576454096,-0.3297195246615,0.0671056557702,-0.2308056008670,0.0870017905188,0.1733068113091,-0.0006021929737,0.0445157203683
-0.2074851770284,1.0000000000000,0.2995297236350,0.6157856583240,-0.0086866896683,0.0024486752669,-0.0824507582972,0.3749365642912,0.1761032752706,0.1676304926071,-0.1711538381474,0.3519280077424,-0.0480535643441,0.1068060661601,-0.3237239990588,0.3034641779921,0.2156120338516,0.3299547814612,0.1865105361314,0.1227260231637,-0.0727669044187,0.0954015203897,0.6475479206465,0.2983239815527,0.3146093450530,0.5932346737948,0.5213593492481,0.4275604769809,0.1029571669701,0.1878021427279,0.5405677332523,-0.1575004378602,0.0084853421260,0.5466540190183,0.5536255294429,-0.2985097771688,0.6222092184659,-0.2565985906109,0.5282578721369,-0.1200280118879,0.2448474882392,-0.2048166192250,-0.3132230903189,-0.1793871126225,0.0473259386065,-0.2920672280183,0.2410580398665,-0.1519270454169,-0.2768210635006,-0.3089762770566,0.1084475721252,0.1459430449322,0.1265451432165,-0.2971057496123,-0.2445901348956,-0.0469964444838,-0.1092717512042,0.3109584417294,-0.0660107787755,0.0210939427361,0.4127431113850,-0.1954322717375,0.1209628356340,-0.0708965102143,0.0373206992226,0.0474589313493,-0.3427321401899,-0.2529738155837,0.3303868665194,0.6514669246378
0.3249517438290,0.2995297236350,1.0000000000000,0.3285217441560,-0.1584094519065,0.0286805330717,-0.1147397864187,0.7058580945006,0.2570387663227,0.1290001797237,-0.2058820669287,0.4818001228997,-0.2433191634068,0.3903225589121,0.2778197156308,-0.0439048308060,-0.0702074007043,0.5596567154845,0.5702675032222,0.6215657688859,-0.1230736895650,-0.0217918627021,0.2266332575462,0.2801071580893,-0.1116514980946,0.4067552570517,0.5624799333908,0.8232618911044,0.1310075978637,-0.0641880077753,0.3206914254150,0.0612485301413,0.2270081038329,-0.0218198809090,-0.0618540172778,-0.0143157015815,0.0913436366494,0.2083455264307,0.0652793561603,-0.3050061191482,0.1857659398370,-0.3428304969873,-0.1058029724016,-0.2701780430918,-0.0179309498852,-0.3364346600505,0.3646231446229,-0.3542926005687,-0.0031484952840,0.1976332572868,-0.0929875079764,-0.1890464455683,-0.1116363652878,0.0162819800467,-0.1250220111877,-0.0963766411738,-0.3427428783017,-0.3196926543352,-0.3310296984599,-0.3677021735453,0.1731822289187,-0.1999721644708,0.4563433068246,-0.0035445609309,-0.2006256821533,-0.4503039772749,-0.2793585338858,-0.1470440006870,-0.0601375836836,0.0894729927520
-0.1589941917303,0.6157856583240,0.3285217441560,1.0000000000000,-0.1511896684186,0.1432233538922,0.0203771238196,0.3862165421315,0.1866504517417,0.3327948581746,-0.2257308684164,0.2255112389146,-0.2275020191378,0.1595752281812,-0.2333858489287,0.1364234963290,-0.0868667666307,0.1785706935278,0.0869302895691,0.0175687408324,-0.1795444224902,-0.1634043109031,0.6327238571837,0.0477520056695,0.3475363561480,0.6551001908348,0.4454009503131,0.2807238813448,0.0233487401112,0.0231255890991,0.2637050183856,0.0131410607570,-0.0208909544920,0.3993542510429,0.4390797486686,-0.1623927877778,0.4620016926586,0.0955461499786,0.6678355294740,-0.2949671053954,0.0816779583403,-0.0467632370654,0.0159259536607,-0.1307487533741,0.3479970363421,-0.2821922499056,0.1357079083790,-0.3020019390463,-0.0641144797952,0.0467894494024,-0.0000514234844,-0.1347485647627,0.1204920185006,-0.2986290627746,-0.2936198080096,-0.1501781183630,-0.3083948235711,0.2300759936546,-0.2493347228381,0.0530623429039,0.3826446364421,0.0440019469822,0.1151865019320,0.0365344028859,-0.0249718352019,-0.0156251157090,-0.1545310688320,-0.0863253665407,0.1793894761583,0.4830631680418
-0.1902014656043,-0.0086866896683,-0.1584094519065,-0.1511896684186,1.0000000000000,-0.2364645011316,-0.0063718781528,-0.0039531313240,-0.2155419488643,0.2901425142119,0.3797101999801,-0.0505654674234,0.8109438799562,-0.0424187348603,-0.1037833650838,0.1171474981461,0.4672471304916,0.0705822309304,0.1656836751600,0.1120117828814,0.8269445960068,0.5673685539882,-0.0307098296652,0.3813397650793,0.4042067577451,-0.2270697975402,-0.0284023805806,-0.0211045511133,0.5188882246821,0.2285063329896,0.1172700273139,-0.0764178024185,-0.1141624526016,0.2277876752995,-0.1433249890656,0.1838854112982,-0.1921918226879,-0.1804387831600,-0.1545726496026,0.9159118894266,-0.0242550296570,0.0534983034964,-0.1005549845501,-0.1639309044921,0.2453522249224,0.3445896665626,-0.1626079514358,0.7793470684986,-0.1440581720122,-0.1623702809917,0.1198396588928,0.4829600605861,-0.2803297348976,-0.0855555961907,-0.1804764992519,0.8049239571581,0.5235018900424,0.0636420376588,0.2443794804941,0.5363462097470,-0.2864667825709,-0.2636553604768,-0.1182973368050,0.3911457607684,0.1962564904600,0.0633090219916,-0.1160092611817,0.0159554373899,0.2561939640446,-0.0667193578899
-0.1425710257225,0.0024486752669,0.0286805330717,0.1432233538922,-0.2364645011316,1.0000000000000,0.0873290732064,0.0877873873699,0.0313611103595,-0.1718865799972,-0.1562397079624,-0.0515810843236,-0.2208293265395,-0.1353758837718,-0.2033427459889,-0.1019509611374,-0.2830157590883,-0.2789890863878,-0.2144502761865,-0.2084612645862,-0.2776498520704,-0.2710829095752,0.0021921049356,-0.2347602127179,-0.0928666153283,0.0817043868505,0.1456545173438,-0.0540103790549,-0.1631547484299,-0.1429163887583,-0.0783928585433,0.1650851031419,0.2210442661971,-0.0167696911364,0.1152362175253,-0.1803091278321,-0.0370438825912,0.3388133921054,-0.1251999008631,-0.2417786868991,-0.1475440805193,0.1116797819898,0.4631727535539,0.0708265826662,-0.0866033192147,0.0894963519688,-0.2793420657113,-0.1900722334143,-0.0583805561252,0.0421205485141,-0.0774327440569,-0.1799056687028,-0.0654011994144,-0.3363503863168,-0.3777068164196,-0.2455779253771,-0.1149787989384,-0.0363597667920,-0.0007644697291,-0.0752470496631,-0.0848655141928,0.3003999473330,-0.0088057469048,0.1362510899326,0.1525235481506,0.3036649915044,-0.2210118936386,0.2253176450156,-0.0097301468402,0.0335956330342
0.0130713988157,-0.0824507582972,-0.1147397864187,0.0203771238196,-0.0063718781528,0.0873290732064,1.0000000000000,-0.0329929802624,0.5770920270540,-0.0096612238145,0.6956234952234,0.0388171573137,0.2139836360659,0.0042279667957,0.0348261585951,0.1183142020097,-0.2077943970921,0.0153137112460,0.1236984667865,0.1122631719461,0.0805582066645,-0.0274614976270,-0.0219558546104,-0.0652032382124,0.0767349174068,-0.0827576843475,0.1279463209089,-0.1116492444681,0.3176582430861,-0.0504558339330,0.1278310663119,0.1397088967722,-0.0226587135091,-0.2016567365141,-0.0261557999620,-0.0545259416653,-0.2561812928569,-0.1726816608154,0.0044659873480,0.0889029643254,0.1529815114434,0.7265600303225,-0.0722233673734,0.1983995943270,0.0816240665856,0.5692822659059,-0.0614548588292,0.1438080667739,-0.0750494140399,-0.0497752068866,0.0385286889628,-0.2195090318448,0.0174407391557,-0.1905101235839,-0.2270210761459,0.0654849366498,-0.1048538019784,-0.0968308383458,-0.1758646571835,0.2431903663332,-0.2296504095616,-0.0211019483397,-0.3941566433756,0.2999093807901,-0.2008629774245,0.0141059474352,0.0567742164997,-0.0303635993829,-0.3134592110370,-0.0981464113565
-0.0009667495991,0.3749365642912,0.7058580945006,0.3862165421315,-0.0039531313240,0.0877873873699,-0.0329929802624,1.0000000000000,0.2889093171204,0.2526093611298,-0.1115844380992,0.2535360851662,-0.0113249860294,0.2559250624522,0.0437791131901,0.2716422396865,-0.0065966361213,0.2667750767387,0.4120675821968,0.3506109344737,-0.0038808970904,-0.0302940390196,0.4114008763246,0.1235355444129,0.3011452492689,0.3369402189599,0.5513716600363,0.6448069295506,0.1884396009350,-0.1075963982132,0.4140002651937,0.1557167017309,0.2055812667689,-0.0014935966816,-0.1321013318830,-0.0156859382048,-0.0754476610156,0.1287368825083,0.0932488377784,-0.1084577832659,0.1800608756662,-0.2047987182199,0.1260134937619,-0.1624949382835,0.2143460601965,-0.1852343613817,0.1672040798463,-0.1186949991265,-0.1524883420015,0.2552168975845,0.1231892420358,-0.0976565524222,-0.3059435209936,-0.2380593279990,-0.3906824884211,0.0688641141552,-0.2973230311011,-0.2213333280410,-0.4331505870733,-0.0001383628519,0.1402736351193,-0.1823685806733,0.3555420356964,0.2094811771367,-0.1468322586019,-0.2353497074941,-0.3067896261900,-0.0640443571461,-0.1344631474007,0.0695189185540
0.0131057955987,0.1761032752706,0.2570387663227,0.1866504517417,-0.2155419488643,0.0313611103595,0.5770920270540,0.2889093171204,1.0000000000000,-0.0167996280724,0.3002301419968,0.2894931644906,-0.0667647637433,0.1668610363015,0.1155789829279,0.1367948889128,-0.2202416796708,0.2691323505428,0.3477210887775,0.3136006119256,-0.1254840356664,-0.1439927047325,0.1252930410222,0.0043481051929,0.1015339718842,0.1342059752896,0.5125488620823,0.2273985003535,0.2303409311879,-0.0551413267904,0.2802424667594,0.0895483383447,0.1167053081637,-0.2138042680572,-0.0392267526422,-0.2355514000118,-0.0902876770561,-0.1692973576676,0.0753704776283,-0.1795019468879,0.3522114585940,0.3424120983945,-0.2824932631764,0.3034155510077,-0.0807796199537,0.1360474570042,0.1969827395983,-0.1295500338466,-0.1426483171722,-0.0224466578937,0.0213290699340,-0.3100813033738,0.0574442777788,-0.1764141310473,-0.2642033109772,-0.0824796413273,-0.3576169883489,-0.2123225246265,-0.3881242814013,0.0393724046566,-0.0515054457021,-0.0268008552682,-0.1562407153165,0.1074416338551,-0.3510623178265,-0.2417097490628,-0.0517056588159,-0.2458916925955,-0.3503333230500,-0.0060457092383
-0.1257252837813,0.1676304926071,0.1290001797237,0.3327948581746,0.2901425142119,-0.1718865799972,-0.0096612238145,0.2526093611298,-0.0167996280724,1.0000000000000,-0.0403253295173,0.2051274729177,0.2714743871646,0.4247971991613,0.0931170662086,0.3689878226090,-0.0390829347099,-0.0772372354674,0.1865489398450,0.0531286402651,0.2036931163833,0.0244211300851,0.3444508414498,-0.0697995022337,0.4422388452786,0.4115701460216,0.0548144931098,0.2067025053286,0.1376257641220,0.0478148248963,-0.1629956367152,0.1736467627304,-0.0332222312364,0.1332891578649,-0.0519951313020,0.0216305758518,0.0192655790855,-0.1041638503204,0.3396947074215,0.2370338428853,0.1184855522073,0.0144810829623,-0.0842003134864,-0.1884617827792,0.8039073002685,0.0305824097088,0.1911495271794,0.2996702940313,0.3503106171556,-0.0320352597163,0.2853217290020,-0.0825397664570,-0.4705424427859,-0.0199734085064,-0.1989679847299,0.2604589581923,-0.0766549027334,-0.0763292683248,-0.3535118151736,0.2702052725970,0.2317963247863,-0.2559219257934,0.0245656751306,0.0317683427423,-0.0131960255496,-0.3336528270860,0.1552115783932,-0.0335452480878,-0.0029448722612,-0.0089744915046
-0.0492661502548,-0.1711538381474,-0.2058820669287,-0.2257308684164,0.3797101999801,-0.1562397079624,0.6956234952234,-0.1115844380992,0.3002301419968,-0.0403253295173,1.0000000000000,-0.1018957003619,0.5566273984814,-0.1235195010949,0.0324621883003,-0.1023979226642,0.0601751151022,0.0893116193007,0.1914496694867,0.1667372040627,0.4438475421074,0.3188013147310,-0.1799149487571,0.1717445044545,0.2064470220550,-0.3014792080354,0.0256809681913,-0.1146220746286,0.6110742603547,0.0692433011851,0.1770255585241,0.0878737121717,-0.1934712897434,-0.1457226243421,-0.2254427843600,0.0885120857524,-0.3857386363620,-0.2599912647479,-0.1908297062846,0.5085704327914,0.0106370603879,0.5555567956654,-0.2197731879450,0.1012138354987,0.0213779024237,0.8110166083869,-0.2074989103858,0.4852076391065,-0.2050773793537,-0.1508259115975,-0.0972967260799,0.0508680189967,-0.1134904892666,-0.0889153864518,-0.1560196713587,0.4131939987924,0.2720271225330,-0.1461033946343,0.0363520840541,0.4834619995066,-0.4462828212902,-0.1095349826055,-0.3237319160677,0.5033405178413,-0.0310261697753,0.0358768600379,0.0693840794678,-0.1703002980518,-0.1630670743322,-0.2330817120222
0.2447548636715,0.3519280077424,0.4818001228997,0.2255112389146,-0.0505654674234,-0.0515810843236,0.0388171573137,0.2535360851662,0.2894931644906,0.2051274729177,-0.1018957003619,1.0000000000000,-0.0345789540415,0.6601274612726,0.3195530340858,0.1299173751332,0.0466368893054,0.5361139151978,0.7406128080026,0.6923004121814,-0.0146211019562,0.1311796294437,0.2174001147300,0.3040792258724,-0.1078095305894,0.5477311933243,0.4162075781636,0.6490429141412,0.0778827435954,0.3465268637621,0.1965863863711,0.0204926498551,0.2276113089527,0.2213272195107,0.2753417351964,0.0072305030951,0.1367655394678,-0.1829147567587,0.2738210669328,-0.1095813816846,0.4583465119250,-0.1080030062539,-0.3742938542293,-0.0627712276031,-0.0024507417156,-0.1861236837544,0.7638579801336,-0.0869910636227,0.2628925214460,-0.0590307234742,0.0654030609796,-0.0107602361906,-0.0869791634953,0.3164802300807,0.0360256797918,0.0013952547903,-0.1431450320736,-0.1028891803254,-0.1999296001830,-0.2636256376795,0.3021764019243,-0.3750987812032,0.2199071938976,-0.1031073543268,0.0275492488887,-0.4066789713655,-0.0360587870978,-0.0146196064128,0.1184655729542,0.3791445745551
-0.2434841430767,-0.0480535643441,-0.2433191634068,-0.2275020191378,0.8109438799562,-0.2208293265395,0.2139836360659,-0.0113249860294,-0.0667647637433,0.2714743871646,0.5566273984814,-0.0345789540415,1.0000000000000,-0.0676252949406,-0.1060224117076,0.2188953265504,0.4083242302428,0.0128629098324,0.1941151302400,0.1294368483744,0.8779331134823,0.5238186543614,-0.0547951215962,0.3096687012181,0.3798056136968,-0.2466055358430,-0.0567644844035,-0.0514337488952,0.5169281816686,0.2152027227537,0.0860507054928,-0.0134794801750,-0.2432635028403,0.1771760998534,-0.1793376543502,0.1830525529143,-0.3174205274454,-0.3056842050152,-0.1782221351745,0.8345285746344,-0.0018030251850,0.2377127246429,-0.1491677208106,-0.1649965106096,0.2401116082006,0.5445723201709,-0.1774929222684,0.9276370660106,-0.2028459977316,-0.1802604578864,0.2403933848493,0.4203272166505,-0.3578683184710,-0.0835227874729,-0.2218443601846,0.8401988329356,0.5144714794366,0.0171946242528,0.1532041498472,0.5646004958548,-0.3452170039481,-0.3115359248901,-0.2046542752211,0.3704170607106,0.2106634674880,0.0442128193951,-0.0897537404689,-0.0451597482406,0.1840323459597,-0.0962916287725
0.3174075159441,0.1068060661601,0.3903225589121,0.1595752281812,-0.0424187348603,-0.1353758837718,0.0042279667957,0.2559250624522,0.1668610363015,0.4247971991613,-0.1235195010949,0.6601274612726,-0.0676252949406,1.0000000000000,0.4993435330710,0.0735950407376,-0.0194390995394,0.3437929097066,0.6633864016052,0.5699165177663,-0.0226201953826,0.1728405805559,0.1206696313670,0.2194342267146,-0.1903786575133,0.5043406867185,0.1444593120999,0.6316428782020,-0.0995523738344,0.2489584068154,0.0318909450433,0.3081404054620,0.2622807624313,0.0500321338454,0.0474143334030,0.1960601847693,-0.0782561247308,-0.2257466776610,0.1730152270600,-0.1026253850314,0.3810296350212,-0.1375855789384,-0.3014244607991,-0.1382537094032,0.2276995388502,-0.1771232447026,0.6658454440568,-0.0605162288164,0.6350291482457,0.2451725230716,0.0039064506902,-0.0948562261456,-0.3150908596476,0.2599901172530,0.0202110084751,0.0427524590681,-0.1081592289316,-0.2318995249327,-0.2452330484167,-0.3490806785198,0.2762564791772,-0.4873980436483,0.2271629131622,-0.2454071420707,-0.0248524614294,-0.5052961159910,0.1085016338765,0.0598678175701,-0.0348071292239,0.2062689984770
0.7406648840171,-0.3237239990588,0.2778197156308,-0.2333858489287,-0.1037833650838,-0.2033427459889,0.0348261585951,0.0437791131901,0.1155789829279,0.0931170662086,0.0324621883003,0.3195530340858,-0.1060224117076,0.4993435330710,1.0000000000000,-0.1742553223223,-0.3047867620257,0.3605520779879,0.4687187318967,0.5411826059679,-0.0761028590792,-0.0630613551447,-0.3535695881724,-0.0768976886101,-0.3841265714176,-0.0188670356903,-0.1003718000204,0.3089498550510,-0.1549922876931,0.2430276847424,-0.2308114375687,0.2460742868074,0.2314275464583,-0.2921272638674,-0.2337121169137,0.5060640504324,-0.2487190398000,0.0790005444480,-0.1371288668620,-0.1068068467817,0.0992252206183,0.0290717030261,-0.0223464850681,0.1232767617648,-0.0328690888565,0.0201861038696,0.3456693491131,-0.0978225478440,0.5295643758919,0.4830852765611,-0.0917856940011,-0.3309231039171,-0.1491409307020,0.5251312670360,0.3795049732389,-0.0153551035659,-0.1365495887696,-0.4183951786474,-0.2519689483335,-0.3486286335986,0.0059362583782,-0.2295530869884,0.2242831779837,-0.2156242582136,0.0646215760166,-0.4091077306777,0.2748655562386,0.2334720021338,-0.2241534994475,-0.2229112593490
-0.1739099133364,0.3034641779921,-0.0439048308060,0.1364234963290,0.1171474981461,-0.1019509611374,0.1183142020097,0.2716422396865,0.1367948889128,0.3689878226090,-0.1023979226642,0.1299173751332,0.2188953265504,0.0735950407376,-0.1742553223223,1.0000000000000,0.2068622440201,-0.0590505351993,-0.0200744112515,-0.0877356146878,0.1631943866735,-0.1063477536625,0.3529689122731,-0.0848251846843,0.3081145670560,0.1209677183355,0.0180354731384,-0.0144598835103,-0.0762446139210,-0.0175506995744,0.1179311796213,-0.0366544400874,0.0994902098229,0.0785861659419,0.1704082911721,-0.1030261711936,0.1177109214763,-0.1617903800809,0.1655264791107,0.0997059342843,0.2520135430241,0.0957125108719,0.0252668421192,0.0658696941266,0.3649150675136,-0.1067832786582,0.1223317962453,0.2010139656748,-0.0128183474967,-0.1399456997976,0.7915653840979,0.1599268581528,-0.1030132070759,-0.1226219760653,-0.1433039779391,0.1373077049109,-0.1277745723544,0.2358191600524,-0.1411442292280,0.1457572979799,0.2516764435758,-0.3240548084674,-0.1244053521293,-0.1224210627810,-0.1585429594002,-0.0574536150548,-0.0148546693649,0.0266176996452,-0.0047625470192,0.1843846289365
-0.1714812213309,0.2156120338516,-0.0702074007043,-0.0868667666307,0.4672471304916,-0.2830157590883,-0.2077943970921,-0.0065966361213,-0.2202416796708,-0.0390829347099,0.0601751151022,0.0466368893054,0.4083242302428,-0.0194390995394,-0.3047867620257,0.2068622440201,1.0000000000000,0.1750745594461,0.1075850757797,0.0519195441551,0.5165610760668,0.5958380265362,0.2697736571623,0.6552284992537,0.1975374165957,-0.0805096974181,-0.0390933602116,0.1113245279411,0.2929584966130,0.1517594241007,0.3739496168679,-0.1864299073532,-0.1541859271986,0.3418856935528,0.1311090737292,-0.0221472826923,0.1573469103385,-0.2802694145111,-0.0179850491795,0.4246231806154,0.1260147508209,-0.2616823710794,-0.2940085114061,-0.2933833062697,-0.0427809755291,-0.1258675972815,-0.0096030552375,0.3190885667956,-0.2187088375124,-0.3294613442243,0.1454803589134,0.9346275696825,0.0365523322569,-0.0790444557845,-0.0225611761378,0.3550123905742,0.4991053564290,0.4766465195858,0.5083757020416,0.1758485768217,-0.0306901553416,-0.3579495782219,0.0615743754296,0.0385117282268,0.0074295657998,0.0806956970648,-0.1421232736139,-0.1878389239646,0.3632837270344,0.2069874596811
0.5088409830028,0.3299547814612,0.5596567154845,0.1785706935278,0.0705822309304,-0.2789890863878,0.0153137112460,0.2667750767387,0.2691323505428,-0.0772372354674,0.0893116193007,0.5361139151978,0.0128629098324,0.3437929097066,0.3605520779879,-0.0590505351993,0.1750745594461,1.0000000000000,0.6791510033952,0.8140512181452,0.1379136269582,0.3609589686235,0.0932923067764,0.6124311041487,-0.1202838372777,0.2110235002351,0.4552080119175,0.6298503716339,0.2171323064622,0.4036628230062,0.5185905956105,-0.1114809622006,0.0442868984809,0.1492107065048,0.2154436126561,0.2538187794056,0.1122506265948,-0.2664336194682,0.1171662623232,-0.0302380476718,0.3566171384285,-0.1688238249186,-0.4766617631482,-0.2160541039987,-0.2575799493044,-0.1796323290066,0.3526167129706,-0.1186573907487,-0.1205832132624,-0.0200037149744,-0.0659526031310,0.0941222155070,0.1430406779444,0.1019192407151,0.1602887215299,0.0985888678708,-0.0138842349430,-0.0958233206847,-0.0105723572041,-0.2501025927152,0.0389351098686,-0.4590871007031,0.1914931202305,-0.1207137076183,-0.0361228457476,-0.3765424038243,-0.1843623069533,-0.2086767958095,0.1510205031480,0.3226888234128
0.3394721526359,0.1865105361314,0.5702675032222,0.0869302895691,0.1656836751600,-0.2144502761865,0.1236984667865,0.4120675821968,0.3477210887775,0.1865489398450,0.1914496694867,0.7406128080026,0.1941151302400,0.6633864016052,0.4687187318967,-0.0200744112515,0.1075850757797,0.6791510033952,1.0000000000000,0.8840581066516,0.2313288722325,0.3232446854180,0.0472337535017,0.4632369327653,-0.0711661339566,0.3200297941332,0.4259415417079,0.7470508637417,0.2805407526681,0.3080230370824,0.2753932071005,0.0922833643086,0.1179518321113,0.0437680037482,-0.0728159351890,0.1888210067206,-0.1477036128470,-0.1873606424550,0.0166067664277,0.0960586434448,0.3791484862974,-0.0546850644968,-0.4260961125154,-0.1833998044545,0.0146755524827,0.0271094119791,0.5786604274196,0.0930190746467,0.1758926511753,0.1192071182134,-0.0437949515290,0.0020756306141,-0.2624811119863,0.2887970997426,-0.0380886730054,0.2651625159824,-0.0452501658097,-0.3422110621177,-0.2257468572788,-0.1588222876877,-0.0102131122167,-0.4693705580503,0.2671393096579,0.0559248169757,-0.0477532651088,-0.5339339671460,0.0092786812007,-0.1154282741988,-0.0445595342511,0.1322419062418
0.4954970363371,0.1227260231637,0.6215657688859,0.0175687408324,0.1120117828814,-0.2084612645862,0.1122631719461,0.3506109344737,0.3136006119256,0.0531286402651,0.1667372040627,0.6923004121814,0.1294368483744,0.5699165177663,0.5411826059679,-0.0877356146878,0.0519195441551,0.8140512181452,0.8840581066516,1.0000000000000,0.1867145129392,0.3283815510323,-0.0470742644909,0.4790401299433,-0.1988629220301,0.2310315218953,0.4272194202467,0.7297976002678,0.2539646061816,0.3809266911325,0.3037963516207,0.1077541046528,0.1728717294365,0.0049260158268,-0.0191225303926,0.2589833963724,-0.1549857772773,-0.1839112583671,-0.0512955076960,0.0425567436415,0.3540515920650,-0.0733675662681,-0.3980207945507,-0.2217995440167,-0.1483880768210,-0.0033196169462,0.4939325922109,0.0224639702710,0.0841698053960,0.1210368826032,-0.0696295320220,-0.0142045896106,-0.1415274147126,0.2571220496705,0.0731773480764,0.1963893416574,-0.0225522412764,-0.3596711308045,-0.1620454009139,-0.2608962619983,-0.0570264240285,-0.4579018565470,0.2295988407386,0.0168808079582,0.0215851326806,-0.4914695656858,-0.1444585088637,-0.0368202092192,-0.0019366729730,0.1338708564905
-0.1221495145997,-0.0727669044187,-0.1230736895650,-0.1795444224902,0.8269445960068,-0.2776498520704,0.0805582066645,-0.0038808970904,-0.1254840356664,0.2036931163833,0.4438475421074,-0.0146211019562,0.8779331134823,-0.0226201953826,-0.0761028590792,0.1631943866735,0.5165610760668,0.1379136269582,0.2313288722325,0.1867145129392,1.0000000000000,0.5715728501700,-0.0246598249464,0.4299003375180,0.2980447114230,-0.2516753550601,-0.0740147109085,0.0053488188616,0.4650147804633,0.2056648764498,0.1175192817277,-0.0784845229895,-0.2038362282893,0.1833123823004,-0.1283172451745,0.2101792310637,-0.2205001741076,-0.2577202635248,-0.1259327333977,0.7881610667578,0.0326872054390,0.0299089465147,-0.1671544512376,-0.2497098684899,0.1946855497687,0.3405095152080,-0.1169390479327,0.7980353305200,-0.1440417316415,-0.1817567696553,0.2210708331301,0.5107684851358,-0.2354967193241,-0.0428727587156,-0.1180097906070,0.8833359648172,0.5031786198789,0.0958595139140,0.2417532400943,0.4338320229429,-0.2871464995902,-0.3801949964196,-0.1388771489192,0.2690312975077,0.1152624629959,-0.0400879983682,-0.0651837855780,-0.0791504296869,0.2494837153179,-0.0405301634638
0.0373797625753,0.0954015203897,-0.0217918627021,-0.1634043109031,0.5673685539882,-0.2710829095752,-0.0274614976270,-0.0302940390196,-0.1439927047325,0.0244211300851,0.3188013147310,0.1311796294437,0.5238186543614,0.1728405805559,-0.0630613551447,-0.1063477536625,0.5958380265362,0.3609589686235,0.3232446854180,0.3283815510323,0.5715728501700,1.0000000000000,0.0642833377836,0.8431170629438,0.1409575421741,-0.1679125130021,0.0128900487468,0.2384563495332,0.4654609941347,0.4736273234159,0.5065037747653,-0.0237700271331,-0.0513155311836,0.3333667720219,0.1007714982796,0.1829350097068,-0.0826580554712,-0.4333298664789,-0.0869859096908,0.5499344309471,0.1491189247970,-0.1436918883827,-0.4439150379515,-0.2823393784724,-0.1224087361486,0.1182716086104,0.0083948929054,0.4509205149506,-0.1617307498464,-0.2731381698960,-0.1175940202352,0.6088663103410,-0.1081127044037,-0.0769964907711,-0.0654190685096,0.4888138471588,0.7908556425623,0.1760213232563,0.5417075786675,0.1783072430008,-0.2426542550873,-0.4257949527038,0.0137289451863,0.1962138931598,0.2942204857638,0.1064096109884,-0.1923958713027,-0.1696255489514,0.4410855644041,0.2518464577910
-0.2353493142179,0.6475479206465,0.2266332575462,0.6327238571837,-0.0307098296652,0.0021921049356,-0.0219558546104,0.4114008763246,0.1252930410222,0.3444508414498,-0.1799149487571,0.2174001147300,-0.0547951215962,0.1206696313670,-0.3535695881724,0.3529689122731,0.2697736571623,0.0932923067764,0.0472337535017,-0.0470742644909,-0.0246598249464,0.0642833377836,1.0000000000000,0.2116338743040,0.4739414325006,0.4674872633821,0.3155952104050,0.2638907823628,0.1421577887586,0.1128825026889,0.4850626649992,-0.1017861029832,0.0127021637836,0.4913646379046,0.4451507074924,-0.2742240590694,0.4325943677860,-0.1235948833351,0.6186255366731,-0.1347602107116,0.2231011710787,-0.2068911436855,-0.1525236140669,-0.2096308267632,0.3307662099134,-0.3452297993183,0.1620248829458,-0.1363622209941,-0.1512642727275,-0.1956814156881,0.1911673925020,0.2245973109693,0.1220251079317,-0.2909736684263,-0.2194763175758,-0.0604939033411,-0.0648088097629,0.5783811205033,-0.0259763723758,0.1428099331055,0.3549231017555,-0.1547110035839,0.0876206439746,-0.0194777484088,-0.0288342785905,0.1355154526741,-0.1488966202637,-0.2031673751139,0.3256856720133,0.5311261129244
0.0874848353196,0.2983239815527,0.2801071580893,0.0477520056695,0.3813397650793,-0.2347602127179,-0.0652032382124,0.1235355444129,0.0043481051929,-0.0697995022337,0.1717445044545,0.3040792258724,0.3096687012181,0.2194342267146,-0.0768976886101,-0.0848251846843,0.6552284992537,0.6124311041487,0.4632369327653,0.4790401299433,0.4299003375180,0.8431170629438,0.2116338743040,1.0000000000000,0.0999504266909,0.0317247136444,0.2599689748036,0.4883158861944,0.4854498030927,0.4069240476056,0.6424415086275,-0.1286638942700,-0.0287304406711,0.3517813163131,0.1939656477613,0.0588852902720,0.1454386665213,-0.3291420842286,0.0330068182194,0.2934380828852,0.2510752773558,-0.2837115358355,-0.5180794596190,-0.3949481585453,-0.2143213137181,-0.1178355103093,0.1244018197481,0.1767811879389,-0.2422887491929,-0.2775126339122,-0.1219695044830,0.6090237410142,0.0769349935623,-0.1088557824798,-0.0645322438878,0.3138366115285,0.5325817197588,0.2220309281751,0.5062220081085,0.0218545932465,-0.1021500787098,-0.4399049348022,0.2045235811390,0.1318155927833,0.1088897709257,-0.0692454782463,-0.2625645660319,-0.2946985882062,0.4293421916087,0.3535837142235
-0.4105589681673,0.3146093450530,-0.1116514980946,0.3475363561480,0.4042067577451,-0.0928666153283,0.0767349174068,0.3011452492689,0.1015339718842,0.4422388452786,0.2064470220550,-0.1078095305894,0.3798056136968,-0.1903786575133,-0.3841265714176,0.3081145670560,0.1975374165957,-0.1202838372777,-0.0711661339566,-0.1988629220301,0.2980447114230,0.1409575421741,0.4739414325006,0.0999504266909,1.0000000000000,0.0352868435537,0.2324752971278,-0.0864581828695,0.5400792440380,0.0698895795171,0.2441998075379,-0.1165827058140,-0.1656483572098,0.1977540644892,0.0217429247038,-0.1827511884198,0.0756513416475,-0.1240318643703,0.3225958081545,0.3979719821048,0.0799528681717,0.0768240629984,-0.0007066123248,-0.0568479420491,0.4859884911176,0.1601303490289,-0.2002895414285,0.3499879144460,-0.3264365297701,-0.3128349398917,0.2068928113710,0.2169624069633,-0.1987284620335,-0.3787979029384,-0.4162524957830,0.2901360179359,0.0993624989332,0.2506727031867,-0.0889359650555,0.8280398489975,-0.0788354442348,-0.0207437183005,-0.1439660210659,0.4490018996465,0.0060172169444,0.1267592013691,-0.0074028353052,-0.1753733654452,0.0721521529573,0.0298473276936
-0.0598971640283,0.5932346737948,0.4067552570517,0.6551001908348,-0.2270697975402,0.0817043868505,-0.0827576843475,0.3369402189599,0.1342059752896,0.4115701460216,-0.3014792080354,0.5477311933243,-0.2466055358430,0.5043406867185,-0.0188670356903,0.1209677183355,-0.0805096974181,0.2110235002351,0.3200297941332,0.2310315218953,-0.2516753550601,-0.1679125130021,0.4674872633821,0.0317247136444,0.0352868435537,1.0000000000000,0.4425103282526,0.5330290694516,-0.1058094741758,0.0322741661491,0.0839362082934,0.1298571417581,0.1016565019065,0.3495937514064,0.3588342617086,-0.2247516497815,0.3910167360149,-0.0931224698337,0.5782513267010,-0.3360529796310,0.2232616705392,-0.1777173076997,-0.1974980894035,-0.1745656498375,0.2674760447230,-0.3334518239794,0.4865218160173,-0.2787150829923,0.2491943321392,0.0202068031509,0.0099687096535,-0.1442550746591,-0.0863249593544,-0.0165319276649,-0.1458765267681,-0.1879006008377,-0.3793899789493,0.0130939599726,-0.3686690526226,-0.2276331443974,0.6343587731600,-0.1183969368385,0.2852024833173,-0.1625200941330,-0.0835456343791,-0.3062340611873,-0.1052421983270,-0.1003858757885,0.0809130405745,0.4404689860334
-0.1222771060493,0.5213593492481,0.5624799333908,0.4454009503131,-0.0284023805806,0.1456545173438,0.1279463209089,0.5513716600363,0.5125488620823,0.0548144931098,0.0256809681913,0.4162075781636,-0.0567644844035,0.1444593120999,-0.1003718000204,0.0180354731384,-0.0390933602116,0.4552080119175,0.4259415417079,0.4272194202467,-0.0740147109085,0.0128900487468,0.3155952104050,0.2599689748036,0.2324752971278,0.4425103282526,1.0000000000000,0.5845273508315,0.3711720844689,0.0080624187784,0.4450468266558,0.0976884657531,0.0812590955422,0.0927088106161,0.1285560898431,-0.3191499955907,0.0466350068311,-0.1455441121376,0.1512268307679,-0.1184340318715,0.2570338661064,-0.0470403665443,-0.2447136944316,-0.1016048588096,-0.0976104223847,-0.1140297730861,0.1387111923209,-0.1493768164742,-0.3499291302628,-0.1355243276138,-0.1761214510911,-0.1147232692355,-0.0993385929160,-0.3456225659612,-0.3945727360605,-0.0495083277740,-0.2787423061898,-0.1731591996369,-0.3341116687488,0.0395933585097,0.0058920512521,0.0417506867850,0.0875704818288,0.2411490132716,-0.1840746937283,-0.2044274904142,-0.2939298452101,-0.3220217986922,-0.1045655833491,0.1952671156234
0.2500089456411,0.4275604769809,0.8232618911044,0.2807238813448,-0.0211045511133,-0.0540103790549,-0.1116492444681,0.6448069295506,0.2273985003535,0.2067025053286,-0.1146220746286,0.6490429141412,-0.0514337488952,0.6316428782020,0.3089498550510,-0.0144598835103,0.1113245279411,0.6298503716339,0.7470508637417,0.7297976002678,0.0053488188616,0.2384563495332,0.2638907823628,0.4883158861944,-0.0864581828695,0.5330290694516,0.5845273508315,1.0000000000000,0.2042393397346,0.1619282416148,0.3994291025646,0.1677100211854,0.2045077967924,0.1370414149036,0.0200521571378,0.0346168159281,0.0606208260424,-0.0865976040695,0.1017241737559,-0.1580380581186,0.2895103308895,-0.3289108858353,-0.3201861293777,-0.3473627396284,-0.0185490198141,-0.2612670399732,0.4822485650902,-0.1663696270807,0.0912942816895,0.1151017564928,-0.1456931076363,-0.0066359906654,-0.2594694609695,0.0262507974019,-0.1495387908862,0.0441507123010,-0.1396669782625,-0.2749110575526,-0.2371427913686,-0.3311383127228,0.1958010374437,-0.4038579971973,0.5367590920596,-0.0048689009442,-0.0603964377292,-0.4784631573876,-0.2657722441390,-0.1871423812248,0.0448343067819,0.2176806699417
-0.2139162769317,0.1029571669701,0.1310075978637,0.0233487401112,0.5188882246821,-0.1631547484299,0.3176582430861,0.1884396009350,0.2303409311879,0.1376257641220,0.6110742603547,0.0778827435954,0.5169281816686,-0.0995523738344,-0.1549922876931,-0.0762446139210,0.2929584966130,0.2171323064622,0.2805407526681,0.2539646061816,0.4650147804633,0.4654609941347,0.1421577887586,0.4854498030927,0.5400792440380,-0.1058094741758,0.3711720844689,0.2042393397346,1.0000000000000,0.1377458925324,0.4019087430799,-0.0588738313117,-0.1735106076460,0.0374019477878,-0.1334804510424,-0.1363464062864,-0.1453139879281,-0.1701719017487,-0.0341410964877,0.5448935278314,0.0689916624273,0.1625309731887,-0.3120862996317,-0.1341557806170,0.0741874307738,0.3974392577963,-0.1709117115028,0.4376098058880,-0.3835202694181,-0.3471922145084,-0.1523360101094,0.2640355329505,-0.1639839706352,-0.2415225240606,-0.3557621888027,0.3980198956873,0.3044740176450,-0.0335846704962,0.0649861224432,0.6313918983179,-0.3827855669646,-0.1347283572420,-0.0941449089511,0.7490722590991,-0.0397671085275,-0.0084257416903,-0.0758093778792,-0.3457523481928,-0.0076027931558,-0.1107920894213
0.3083227224447,0.1878021427279,-0.0641880077753,0.0231255890991,0.2285063329896,-0.1429163887583,-0.0504558339330,-0.1075963982132,-0.0551413267904,0.0478148248963,0.0692433011851,0.3465268637621,0.2152027227537,0.2489584068154,0.2430276847424,-0.0175506995744,0.1517594241007,0.4036628230062,0.3080230370824,0.3809266911325,0.2056648764498,0.4736273234159,0.1128825026889,0.4069240476056,0.0698895795171,0.0322741661491,0.0080624187784,0.1619282416148,0.1377458925324,1.0000000000000,0.2814599545293,-0.0675331663099,0.1196276135039,0.5105455416843,0.4364552450728,0.2534677487715,0.0894760525958,-0.2889397684383,0.1919574256145,0.2062593597813,0.2139748850658,-0.0818655331763,-0.3304875349866,-0.0591962024828,-0.0922606210772,-0.0054296515880,0.1378044577725,0.1917193296529,0.0153344982158,-0.1412031306698,0.0015610803421,0.2597044203183,0.0838145381556,0.1073590250757,0.0702163230251,0.2080457477750,0.4228252452690,0.2635822684689,0.2903648839616,0.0602838522313,-0.0780621747117,-0.2963871990644,-0.0273021692652,-0.0283372599214,0.6890460502973,0.1463984349971,0.0013355113868,0.1834696380164,0.5874502195587,0.4881097978018
0.0329628498807,0.5405677332523,0.3206914254150,0.2637050183856,0.1172700273139,-0.0783928585433,0.1278310663119,0.4140002651937,0.2802424667594,-0.1629956367152,0.1770255585241,0.1965863863711,0.0860507054928,0.0318909450433,-0.2308114375687,0.1179311796213,0.3739496168679,0.5185905956105,0.2753932071005,0.3037963516207,0.1175192817277,0.5065037747653,0.4850626649992,0.6424415086275,0.2441998075379,0.0839362082934,0.4450468266558,0.3994291025646,0.4019087430799,0.2814599545293,1.0000000000000,-0.1678494098669,0.0702903213508,0.2825819074756,0.3154669627101,-0.0513883229243,0.1788903289519,-0.2916201221844,0.1602102011159,0.0514560793163,0.2157107181642,-0.1366890585090,-0.3448172164885,-0.0850107050612,-0.2303359823064,-0.1173280743911,0.0394909123241,-0.0531823955694,-0.4782976799745,-0.2130391506957,-0.0090124517269,0.3317231978024,0.2168698445900,-0.3487421842864,-0.2265837020803,0.0685820980250,0.2472924599847,0.2939854148821,0.2599427891090,0.0723105952830,-0.0235098823429,-0.2876459238202,0.0543515384660,0.1745802682856,0.0380144064229,0.2660597953073,-0.4073493690481,-0.3064296229096,0.2617448844189,0.4725283011745
0.0220340685275,-0.1575004378602,0.0612485301413,0.0131410607570,-0.0764178024185,0.1650851031419,0.1397088967722,0.1557167017309,0.0895483383447,0.1736467627304,0.0878737121717,0.0204926498551,-0.0134794801750,0.3081404054620,0.2460742868074,-0.0366544400874,-0.1864299073532,-0.1114809622006,0.0922833643086,0.1077541046528,-0.0784845229895,-0.0237700271331,-0.1017861029832,-0.1286638942700,-0.1165827058140,0.1298571417581,0.0976884657531,0.1677100211854,-0.0588738313117,-0.0675331663099,-0.1678494098669,1.0000000000000,0.2232054222879,-0.1110232890815,-0.1898238084670,0.0222310906048,-0.2311891055145,-0.0239943358835,-0.1606757852239,-0.1024917809829,-0.0892224329120,0.1734631833895,0.1123387774418,-0.0079995438651,0.0980413090758,0.1714810302053,-0.0384407060297,0.0010441313311,0.2951172234982,0.2357112676682,-0.1473996422219,-0.1959547645357,-0.3127193986234,0.0000600712563,-0.0776500916937,-0.0333594891348,-0.0155046122747,-0.2808936085013,-0.1969406259310,-0.1642348959058,-0.1064710938353,-0.0546282094734,0.0517847617251,-0.0074650797704,0.0515267161129,-0.1303659577299,0.2264827585549,0.2031903591211,-0.1190067090224,-0.1896102916350
0.1584257161907,0.0084853421260,0.2270081038329,-0.0208909544920,-0.1141624526016,0.2210442661971,-0.0226587135091,0.2055812667689,0.1167053081637,-0.0332222312364,-0.1934712897434,0.2276113089527,-0.2432635028403,0.2622807624313,0.2314275464583,0.0994902098229,-0.1541859271986,0.0442868984809,0.1179518321113,0.1728717294365,-0.2038362282893,-0.0513155311836,0.0127021637836,-0.0287304406711,-0.1656483572098,0.1016565019065,0.0812590955422,0.2045077967924,-0.1735106076460,0.1196276135039,0.0702903213508,0.2232054222879,1.0000000000000,-0.0682125155991,0.0442871429041,-0.0448696770677,-0.0483567958414,0.1300906917889,-0.0135860512001,-0.1627255554448,0.2224567608444,-0.1125170406357,0.0968847800686,0.0991012894231,-0.0818506810239,-0.1828689450071,0.2270924455235,-0.2218239189732,0.1857534885713,0.2399181263467,0.0595957243037,-0.1494032394116,-0.0157918694876,0.0746905255867,0.0550255563193,-0.1245148554631,-0.1345815911311,-0.1079776240917,-0.0798437166253,-0.2524801505164,0.1493835019408,-0.0267703393895,0.1789337684168,-0.1048378581586,0.0450681715331,-0.0342438615706,-0.1035810470914,0.3227088776284,-0.0168574966861,0.1075135613299
-0.1428036492065,0.5466540190183,-0.0218198809090,0.3993542510429,0.2277876752995,-0.0167696911364,-0.2016567365141,-0.0014935966816,-0.2138042680572,0.1332891578649,-0.1457226243421,0.2213272195107,0.1771760998534,0.0500321338454,-0.2921272638674,0.0785861659419,0.3418856935528,0.1492107065048,0.0437680037482,0.0049260158268,0.1833123823004,0.3333667720219,0.4913646379046,0.3517813163131,0.1977540644892,0.3495937514064,0.0927088106161,0.1370414149036,0.0374019477878,0.5105455416843,0.2825819074756,-0.1110232890815,-0.0682125155991,1.0000000000000,0.6386710656117,-0.0869720376388,0.4383828724947,-0.1677930754531,0.4376838793943,0.0926120493910,0.0440272642745,-0.2121070237471,-0.1844935510777,-0.2077455452822,0.0868030755417,-0.1626933586914,0.1035778197533,0.0934997229589,-0.1213684613861,-0.2240282834457,-0.0367354158585,0.3902686103041,0.1285641725519,-0.1156453654616,-0.1043566298760,0.1868638459603,0.3386529981729,0.5228613707104,0.2770504235183,0.0666449724695,0.1648153848339,-0.1220049955062,0.0358094645544,-0.0210256210667,0.4754117798364,0.2731810270180,-0.1490950340490,0.0463772205621,0.8256490402795,0.6634659112479
