1.0000000000000,0.0875469395191,0.4601611469503,0.3855747583112,0.1989006241813,-0.1906014517414,-0.0175633405246,0.3864960837973,0.1783233229262,0.3825618114537,0.2644951263500,0.1724189251277,0.2204594501691,0.2438877710073,0.7903735772879,0.2217117569743,0.0965461045797,0.5438698126577,0.6541767811328,0.7179971230850,0.3098955819729,0.3100520973139,0.2089863056678,0.3286655503780,0.3383510785016,0.4075363897905,0.5238632996060,0.4485211987288,0.3104991715700,0.3901913551124,0.3232004761967,0.3645127000255,-0.1274811343192,0.1614517311034,0.3743896644193,-0.0351096164794,-0.1051027536037,0.0985561099996,0.3253174080814,0.0130582741325,-0.2356471194972,-0.2332655848251,-0.1124774819032,-0.2781390938751,0.1382228232229,-0.0547739149390,-0.2697128697688,0.0297521027551,-0.0391838066975,0.0564687583926,-0.1061087164692,-0.0354925252258,-0.0233705609977,0.2353181789652,0.0816753402012,0.0821332539820,0.0263296658267,-0.0590671312198,-0.0280027140693,0.0442035017033,0.1963959682076,-0.2749588836376,0.0623411025919,-0.0354605293893,-0.4297723067164,-0.1581475891313,0.1761544754754,-0.1458492266327,-0.2609972992982,-0.1196891320005
0.0875469395191,1.0000000000000,-0.0276011844950,0.5989360869754,0.2449249754557,0.0235527751455,-0.0237908515342,0.1382523989020,-0.0072520418842,0.0735358862917,0.4016303881629,0.0242776229676,0.2007666960805,-0.0296521694955,0.0626100219222,0.1947569456975,0.2954845340384,0.4099272456987,0.1788458589131,0.3919707508582,0.4014275486570,0.5748198446812,0.6068386581979,0.5415839434322,0.2483199564179,0.5410449670943,0.3149817854190,0.1413644417650,0.4557097052597,0.5247089968896,0.5938148368276,0.0700011377365,-0.0753318286401,0.6112010619943,0.5971159837672,0.3028654001773,0.7665160074192,-0.2403625746795,0.5525806764512,0.1944599803332,0.1435867281818,-0.0201306876975,0.1300989492369,-0.3554985257440,0.0658279681469,0.1355404492241,-0.1994110286088,0.1521237308675,-0.2180846695745,-0.3389721874063,0.1449353299811,0.2988559125399,0.4829256774245,-0.1663417851992,0.1743164997135,0.2407080258390,0.4878654571049,0.6460211228808,0.4773951375099,0.3925722671654,0.3457083178363,-0.0542104138328,0.0606105071641,0.3589622405212,0.1452705974919,0.4952822398113,0.2570188297529,-0.0361823362672,0.4146383072938,0.6053262452406
0.4601611469503,-0.0276011844950,1.0000000000000,0.3473001676343,0.0220511018771,-0.1014664240277,0.0532820994786,0.7121696410092,0.4134781738622,0.3710701591336,0.0777653535285,0.0885098577460,0.0758163046198,0.2250186424739,0.5772993932072,0.1973769356441,0.0229991070254,0.3720296040273,0.5472695123347,0.4676117478287,0.0120396862330,0.1916562155015,0.0034031245343,0.3588355448352,0.5033661938683,0.3110354747355,0.7369712032514,0.8149293332652,0.3613517832250,0.1079994060599,0.3144540888131,0.3178158431182,-0.1354306266030,-0.0790693151049,0.1458513492210,-0.3794614882981,-0.2516945283335,0.6807779033543,0.3966398822433,-0.1108570000995,-0.0617965647743,-0.1534544533344,0.1694468440451,0.0636937689384,0.1558319059816,-0.2303345215924,-0.1726206097590,-0.0709168279514,0.1617618404136,0.0802763166290,-0.0740750176994,-0.1554959324996,-0.2609409609883,0.2682106554278,-0.2170861354442,-0.1267107560221,-0.0070022359109,-0.2728067149803,-0.0018808936139,0.0772743119221,0.1685793176164,-0.0506035908884,0.5974679402010,0.2035178468299,-0.5720101752282,-0.3635246935343,0.2470927570245,-0.1007212912493,-0.4153973518630,-0.3133981808066
0.3855747583112,0.5989360869754,0.3473001676343,1.0000000000000,0.2497644392661,-0.1374591223513,0.0465091958129,0.3810636031451,0.3328893112767,0.4866772292518,0.4220616620370,0.1464373486865,0.2508311327972,0.2661517604393,0.4256537513297,0.4374101283291,0.1902874290746,0.4927865918481,0.4874818352462,0.5305358560440,0.3669324382040,0.5102119203160,0.5643602216967,0.5105104312477,0.5557835123572,0.7170534844884,0.5639906853172,0.3011777198566,0.5532634931279,0.5364947770923,0.5600073003797,0.3033710123476,-0.1188728049085,0.4950764767311,0.6417688575160,0.1240617994190,0.3664322265715,0.0788502109540,0.8893553171662,0.0755699645809,-0.0092985949004,-0.0972678445645,0.2202749053880,-0.1369878105482,0.4039484183706,-0.0704209749249,-0.1128401872866,0.0700040855662,0.0200554989746,-0.1507629449119,0.1519568501232,0.0392865863292,0.3649741984605,0.1907329658059,-0.0535660207019,0.1120920387657,0.2487170516771,0.3965169905031,0.2804455204798,0.5038438235794,0.4534267361914,-0.1817530898308,0.1690294929283,0.2590299538695,-0.2893314225737,0.2442631343889,0.2659989158948,-0.0835496215337,0.0312671739267,0.3542294473450
0.1989006241813,0.2449249754557,0.0220511018771,0.2497644392661,1.0000000000000,-0.1693347948682,0.2481799296330,-0.0820351577512,0.0194421615715,0.2596656225940,0.6634789608886,0.1496651227105,0.4974445292798,0.1753511091408,0.1327133070066,0.3314273607585,0.2538789392393,0.2397880363150,0.2773174234927,0.2754125152008,0.7775525124216,0.5470868298582,0.2603798550811,0.4305947263416,0.2247132453441,0.3157600795951,0.1319065331326,0.0502244648356,0.5534742743726,0.4978742726490,0.2449497058300,0.0679540746669,0.1216241101770,0.4302959947067,0.3313778505130,-0.1364408347909,0.0441958651190,-0.2097839355760,0.2205589750884,0.8564542775264,-0.1956670979262,0.1699985485053,-0.2254192250937,-0.2617526534769,0.0606069552060,0.5352426708781,-0.0462236782750,0.5078004194438,-0.1358326912018,-0.3958627920637,0.1466415163041,0.2401527921739,0.0255595075833,-0.0873009718864,-0.2272295514602,0.8160999578009,0.5528518895166,0.2729494296542,0.3137822519384,0.2041773622178,0.1248979301940,-0.3802018344852,-0.0862377583299,0.3834381185600,0.0031512635127,0.3940405783264,-0.0292665635478,-0.0160830457296,0.1037548421893,0.1145690965738
-0.1906014517414,0.0235527751455,-0.1014664240277,-0.1374591223513,-0.1693347948682,1.0000000000000,0.1758043633563,-0.0235628230273,0.2641501583237,-0.1880462844751,-0.0381017191399,-0.0235916890204,-0.2350307141829,0.0855034475347,-0.0032301966471,0.1387207310326,0.0742197341148,-0.2029360408689,-0.1328303860110,-0.1677439544138,-0.2209016644341,-0.1554514552015,-0.0537966619416,-0.1671016663296,-0.1469878102066,-0.0838942896802,-0.0946029985193,0.0072706716339,-0.2224035242817,-0.0523060657937,-0.0700626724990,-0.2199616384851,0.1781699617820,-0.0661691438774,-0.1662443008857,0.0531519173720,0.0392773138447,0.0000682998725,-0.0859043122752,-0.0279957021727,0.4925101618565,0.2113766087991,0.1541336568183,0.3525028631701,-0.0492834297631,0.1068684548747,0.2525783758139,-0.0465707758791,0.2204229601971,0.2379310892008,0.2701064015211,0.0947087514075,-0.0913317126290,-0.1157954063782,-0.0214799911960,-0.1122984134028,-0.0344422638578,-0.0210311459946,-0.0982561439292,0.0144575313043,0.0567906226578,0.1591789632055,0.1381672467273,0.0310138595232,0.2837824830308,-0.0599158494420,-0.0697468913057,0.2601173796193,0.2173831857633,0.1396907593332
-0.0175633405246,-0.0237908515342,0.0532820994786,0.0465091958129,0.2481799296330,0.1758043633563,1.0000000000000,-0.1447359029367,0.5306987419819,-0.0468327417681,0.4799278278270,0.2863463878166,0.3348067393883,0.3052896692706,0.2644680698333,0.5571586013183,-0.0662739664601,0.0362790385310,0.2270505670349,0.1124571114494,0.1562687747765,0.0793400252449,-0.2122838047754,0.0408563414590,-0.1003630769195,0.0942660284667,0.1244448511164,0.0537525558237,0.0800914344015,0.3443142870003,-0.1052308071625,0.1297807907056,0.0973554462141,0.2229415232049,0.2073242389922,-0.3205848339436,-0.1449058408372,-0.0776572416252,0.0847565851446,0.1966141374932,0.1467036573893,0.4731978781140,-0.3517394779373,0.3220048279612,-0.1564854803629,0.2730073806377,0.0915568737772,0.3035262936993,0.1049878839730,-0.0109377381785,0.2598688495978,-0.1592922708233,-0.2583971196062,0.0060723664708,-0.2727493430485,0.2320606098522,0.0561695563296,-0.2307830076925,-0.0083299949797,-0.1768035915327,-0.0746624562168,-0.3135799700618,-0.0101869169799,-0.0487019505550,0.0324844448908,-0.1723976784101,-0.0793131429420,0.0635445134818,0.0348390854217,0.0055162312828
0.3864960837973,0.1382523989020,0.7121696410092,0.3810636031451,-0.0820351577512,-0.0235628230273,-0.1447359029367,1.0000000000000,0.1248512097367,0.5836149144316,-0.0045762489854,-0.1468661450127,0.0488062064980,0.0269159340647,0.3859476261929,0.0715660145414,0.0359047390313,0.2767062511672,0.2353127083793,0.2695488303357,-0.0218915896761,0.0490911536443,0.2228452180958,0.1391075186160,0.7296528981723,0.3302781970272,0.6299184580687,0.5930051431306,0.3140806847084,0.0102170720402,0.4573838250553,0.3858371193252,-0.2595543713240,-0.0577650481356,0.0336317090907,-0.1103221702921,-0.0397943416506,0.4555760463821,0.3789881409864,-0.0667387036732,0.0865836794868,-0.1688659738318,0.5542036839888,-0.1029662429549,0.5330914398208,-0.1569132788414,-0.2178189272276,0.0232030957365,0.1734399794627,0.1984078700341,0.1251751247305,-0.0681541986584,-0.1739870150290,0.0368260998108,-0.1053040210617,-0.1357874534390,-0.1841812708383,-0.0351817084285,-0.2181191077149,0.4530936973773,0.3438966477110,0.1672372340206,0.3555399538570,0.2795485676348,-0.3623511882582,-0.2992915202615,0.4914141036363,-0.1037320078343,-0.1909502522026,-0.1581382465015
0.1783233229262,-0.0072520418842,0.4134781738622,0.3328893112767,0.0194421615715,0.2641501583237,0.5306987419819,0.1248512097367,1.0000000000000,0.0231107930907,0.2726404905992,0.4472078091460,-0.0077693022012,0.5130866314539,0.5961314384130,0.5216174081773,-0.0779676808328,0.1295133184609,0.5389545163006,0.3186886165382,-0.0334369674392,0.1352128120937,-0.1055876859347,0.1841293602185,0.0461224848628,0.3165499605869,0.4880007548319,0.3474671027200,0.1717447655257,0.3084009020659,0.0814389474654,0.2291426180144,0.2011744149552,0.0444032339453,0.2848153934681,-0.4019498715017,-0.2286401376261,0.2364366217762,0.4009498553131,-0.1715857529021,0.1584933470209,0.1469009393763,-0.1806672249681,0.5271450434439,-0.0763251184450,-0.2109460215772,0.1400366070868,-0.1779655323923,0.2473356940751,0.0878092983841,0.0001825161455,-0.2336794038883,-0.2421181500919,0.2248084072612,-0.4551113610700,-0.1285379860769,-0.0554119903697,-0.2616226552750,-0.0401647207012,-0.1369930675062,0.0116353533331,-0.2828675785812,0.2283545293808,-0.0651026400127,-0.4125854613482,-0.2835300026030,0.0027844843536,0.1266988770399,-0.3374376038287,-0.1212303363331
0.3825618114537,0.0735358862917,0.3710701591336,0.4866772292518,0.2596656225940,-0.1880462844751,-0.0468327417681,0.5836149144316,0.0231107930907,1.0000000000000,0.1177822302242,-0.0341473640562,0.2689270793752,0.2070045816681,0.3032984908477,0.2226866940120,-0.0924361341813,0.2182510223372,0.1638017482196,0.1648783481617,0.2790502788353,0.0577549546049,0.3341502833862,0.0665280388014,0.7523032712020,0.3510432795238,0.3272448216964,0.2483118728892,0.2530791196133,0.0640889913162,0.1994926313038,0.4376013435196,-0.1877930370233,0.1199819283532,0.1225849481752,-0.1432191524059,-0.0270387470079,0.1286294996520,0.4318551695430,0.1703381843298,-0.1162585891539,-0.0105888317385,0.2644587163603,-0.1393330006700,0.7923270911746,0.0576404563171,-0.1111951991871,0.2564255458471,0.1671893837438,0.0765077785280,0.2381290925026,-0.1257334100898,-0.1222150030331,-0.0143316300432,-0.1832067187820,0.2259369780169,-0.1144603604499,0.1265615607544,-0.1757752386609,0.4898101120888,0.2915843390141,-0.1642969560452,-0.0085673866152,0.0579986189845,-0.3003204288509,-0.0700936441023,0.2732610140076,-0.1779165668986,-0.0904230540866,-0.1218362484213
0.2644951263500,0.4016303881629,0.0777653535285,0.4220616620370,0.6634789608886,-0.0381017191399,0.4799278278270,-0.0045762489854,0.2726404905992,0.1177822302242,1.0000000000000,0.1061071340810,0.5143511029696,0.1818262229408,0.3308326802972,0.4931233600853,0.2496616535101,0.4139722156338,0.4047383315024,0.4917166864398,0.6768259222217,0.6081616283934,0.2116570673492,0.5162431944652,0.1571780699029,0.5021521314150,0.3227548914574,0.0928599975488,0.5891890780296,0.7449164016317,0.3285137022012,0.1829583321374,0.0582827377568,0.6244288663724,0.5763984214757,-0.0573334004435,0.1982629981837,-0.2067916430762,0.4183152246753,0.5594543620398,-0.0887791087781,0.1652804684265,-0.1812706794442,-0.2128796950727,-0.0407061650762,0.5566022247012,-0.1718005538617,0.4805888765138,-0.1350764662356,-0.3968166734901,0.1590287915482,0.1548616852463,0.1732299053752,-0.0307742598286,-0.1729001377835,0.5746555254960,0.4895812702915,0.2039023480542,0.3729483597549,0.1333925494294,0.2265130899335,-0.4201156832320,-0.0197270039079,0.3503416429431,-0.0363359253498,0.2930275399010,0.0834000714143,0.0369953161736,0.1702535281836,0.3062921059795
0.1724189251277,0.0242776229676,0.0885098577460,0.1464373486865,0.1496651227105,-0.0235916890204,0.2863463878166,-0.1468661450127,0.4472078091460,-0.0341473640562,0.1061071340810,1.0000000000000,0.0319529132769,0.7076867510477,0.2871918034671,0.3556487353262,0.0546752402940,0.0167781686166,0.4460846058343,0.1980510961126,0.1549554346114,0.2178359981447,-0.0366102526877,0.2099394413752,-0.1198496193201,0.2814150102338,0.2435320826354,0.1716328888891,0.1256767735389,0.1683408549272,-0.0686295057094,0.2679751759629,0.2645585237262,0.0252070211522,0.2688464870043,-0.3097746205347,-0.1132418230227,-0.0827462972788,0.1279952529549,-0.0783891840872,-0.0741192767782,-0.0313437363838,-0.4547015310270,0.2272731860144,-0.2322464815747,-0.0670518824291,0.4179956193254,-0.1874410159041,0.2401734392649,-0.0254259166770,-0.0710329791680,0.0289546132168,-0.2234767736008,0.2487187797891,-0.2444236625394,0.0746047030378,0.1382814974463,-0.1293851223961,0.0364537257806,-0.3003670477527,0.1213431525111,-0.2544051981932,-0.0192102683581,-0.1565363700975,-0.1562189301601,-0.1286186148901,-0.0921687297345,-0.0147201466005,-0.2182435680311,-0.0713547088221
0.2204594501691,0.2007666960805,0.0758163046198,0.2508311327972,0.4974445292798,-0.2350307141829,0.3348067393883,0.0488062064980,-0.0077693022012,0.2689270793752,0.5143511029696,0.0319529132769,1.0000000000000,0.0422432173403,0.1681089127388,0.1080091421246,0.1272840217355,0.4263475203995,0.2635221198184,0.4095538467520,0.6450732865265,0.4421610468987,0.1072543047406,0.3888120230108,0.1844999396662,0.2957816747453,0.1962060653254,-0.0046089288782,0.4505867662754,0.4891586476207,0.2618074296665,0.2000357116698,-0.2812725353926,0.4688547582705,0.4490069043707,-0.0740720812870,0.0605631938586,-0.1743426442645,0.2367647876801,0.3837944503014,-0.2412805939454,0.0319677347070,-0.1472670552448,-0.3395228606117,0.1096121234699,0.3032412366509,-0.1497506125220,0.8169131434298,-0.2084196221942,-0.3299084092159,0.2117749839387,0.0358161239529,0.0737753769494,-0.0625108075834,-0.0119832951326,0.5524051758721,0.3350052800721,0.0963595826994,0.2933278750411,0.0670882837351,0.0627415135247,-0.3259207439856,-0.1499369440181,0.3164364243937,0.0084156082625,0.1740402648695,0.0555459539613,-0.3044198198140,0.1854291671933,0.1069532862634
0.2438877710073,-0.0296521694955,0.2250186424739,0.2661517604393,0.1753511091408,0.0855034475347,0.3052896692706,0.0269159340647,0.5130866314539,0.2070045816681,0.1818262229408,0.7076867510477,0.0422432173403,1.0000000000000,0.4720875070659,0.4618075544029,0.0972616525771,-0.0567682930639,0.5236728892641,0.2111274528068,0.1232069019366,0.1978043058994,-0.0301460255528,0.1837104619612,0.1198896279677,0.5103183331459,0.3297051358890,0.3140341758473,0.1620340545824,0.1977254313802,-0.1000037924480,0.4497856414021,0.2353952007788,-0.0184569070917,0.2326734980530,-0.3733235420195,-0.1780610894909,0.0535470872169,0.2801537834948,-0.0519243785926,-0.0544429396347,0.0000609354693,-0.2906310292610,0.2732434807242,0.0473977545311,0.0243365888887,0.4466754360184,-0.1238143281641,0.6045386281194,0.1186619375475,0.0790225212726,0.0135551243100,-0.3180034769980,0.3389020062540,-0.3303946658697,0.0367440023160,0.0697587561050,-0.1756734045496,-0.0477392404720,-0.1048112254284,0.3333724078563,-0.3520639495594,0.1593315429050,-0.1161813612041,-0.2501342845707,-0.2012466602666,-0.0131759246849,0.0908528688457,-0.2904965613437,-0.0836695848950
0.7903735772879,0.0626100219222,0.5772993932072,0.4256537513297,0.1327133070066,-0.0032301966471,0.2644680698333,0.3859476261929,0.5961314384130,0.3032984908477,0.3308326802972,0.2871918034671,0.1681089127388,0.4720875070659,1.0000000000000,0.4259158531596,-0.0074455063571,0.4301968687228,0.7685515454023,0.7090070887732,0.1583828527465,0.2710913780436,0.0724558423913,0.3122912805808,0.2433352255761,0.4719309031926,0.6180101696263,0.5941770482366,0.2767891277149,0.4701383482330,0.2272040635552,0.5054358504277,-0.0310484144600,0.1327980157976,0.3834266470922,-0.2396233432917,-0.1840572444378,0.2203701511266,0.4269852262541,-0.0824476457037,-0.0780308543921,-0.1012129228351,-0.1405189226759,0.0802790195063,0.0885235031795,-0.1153421713905,-0.1164039698378,-0.0594150661275,0.1687124404174,0.1610828270034,-0.0006562252605,-0.1814916023486,-0.1783783894118,0.3223617617804,-0.1627188444945,-0.0245124162961,-0.0289608286059,-0.2100971613459,-0.0715501587165,-0.0553803240684,0.1738629593187,-0.3868500576278,0.2426904601077,-0.0461138481735,-0.4845191781473,-0.3119637932663,0.2171040221813,-0.0036241350781,-0.3533324957703,-0.1470003178069
0.2217117569743,0.1947569456975,0.1973769356441,0.4374101283291,0.3314273607585,0.1387207310326,0.5571586013183,0.0715660145414,0.5216174081773,0.2226866940120,0.4931233600853,0.3556487353262,0.1080091421246,0.4618075544029,0.4259158531596,1.0000000000000,0.1601674680152,0.2403406446498,0.4390034467082,0.3011734043009,0.3271185071255,0.3738703340010,0.1433183600762,0.3450062306604,0.2145704001759,0.4366475885977,0.3052541146415,0.1796724009929,0.3554447616636,0.5027503986003,0.1591948436800,0.3235529488043,0.0331784099207,0.3816924549079,0.4905846657156,-0.3125612346207,0.0517781269702,0.0088059302532,0.4451890202990,0.1689524447835,0.0354315861885,0.1917544820470,-0.2079812328592,0.1995561016727,0.1010885605738,0.1513547625678,0.0817614236772,0.0267251439589,0.1806904331086,-0.0812094586950,0.4004611376636,0.0463161553401,-0.0587390336360,0.1579182272745,-0.3220189630177,0.2497735231549,0.2396584430563,0.0767602654651,0.1637750529884,0.1563710284178,0.2284752078279,-0.3873363519552,0.1124775945105,0.0561215360389,-0.1715090552468,0.0263426168019,0.0439520761823,-0.0140833223686,-0.0204459642472,0.2334106262511
0.0965461045797,0.2954845340384,0.0229991070254,0.1902874290746,0.2538789392393,0.0742197341148,-0.0662739664601,0.0359047390313,-0.0779676808328,-0.0924361341813,0.2496616535101,0.0546752402940,0.1272840217355,0.0972616525771,-0.0074455063571,0.1601674680152,1.0000000000000,0.1908908744316,0.2258356486033,0.2312977978961,0.3558290224719,0.6565301597420,0.3409918140894,0.6130124168434,0.2682506825626,0.2907500608764,0.1896778250281,0.0906061694459,0.5975707308263,0.3301258730754,0.4629429431771,-0.1204363442013,-0.0977522811980,0.2448364749376,0.3371204158818,0.1110687042136,0.1769102497134,-0.0439395436717,0.1496828904387,0.2532356424914,-0.0839562766362,-0.1769230789321,-0.0070570451506,-0.3633495034457,-0.0924925719250,0.0879876155713,-0.0906591407896,0.0944005365746,-0.0838254035423,-0.3284006522943,0.1687814806437,0.8920239838315,0.1628512841498,-0.0434080339432,0.0188068955915,0.1915006450157,0.5907766775943,0.3519082676855,0.5205744905406,0.3522118714426,0.2375761331214,-0.0105195012400,0.1300127480193,0.5157319435876,0.0881993150712,0.3504081737064,-0.0476671246032,-0.0367734069046,0.1221304682494,0.3147510948105
0.5438698126577,0.4099272456987,0.3720296040273,0.4927865918481,0.2397880363150,-0.2029360408689,0.0362790385310,0.2767062511672,0.1295133184609,0.2182510223372,0.4139722156338,0.0167781686166,0.4263475203995,-0.0567682930639,0.4301968687228,0.2403406446498,0.1908908744316,1.0000000000000,0.5481299932250,0.7571288071623,0.4847155243044,0.5507099123706,0.3842468953623,0.6122577609794,0.2485161941584,0.4159112818562,0.4794330553443,0.1976226124694,0.4898532048786,0.6259101968751,0.6491998554800,0.1986994604959,-0.2683430226313,0.5115749979076,0.6597855589407,0.0369617899758,0.2502298974751,0.0806093302584,0.4100773891192,0.0668885163684,-0.3048536465525,-0.2350798581785,-0.0585918899792,-0.4438342175481,0.0581839707866,-0.0551033794143,-0.5031566231434,0.2051602430758,-0.3531108764573,-0.3559765342756,0.0061515801528,0.0557927036449,0.4169922400698,0.0028705181759,0.1707223213305,0.2170846417107,0.2726395891491,0.2808847807054,0.3843475267357,0.1453790200785,0.1122854427057,-0.2184141023816,0.0315996525061,0.1683376537449,-0.2531249074243,0.1970693633860,0.1432361324051,-0.2934968315955,0.0608525633014,0.2032326423365
0.6541767811328,0.1788458589131,0.5472695123347,0.4874818352462,0.2773174234927,-0.1328303860110,0.2270505670349,0.2353127083793,0.5389545163006,0.1638017482196,0.4047383315024,0.4460846058343,0.2635221198184,0.5236728892641,0.7685515454023,0.4390034467082,0.2258356486033,0.5481299932250,1.0000000000000,0.8068196410062,0.3207686293894,0.5448807177155,0.1357105324792,0.5606645483322,0.2195035263981,0.5949314014627,0.6777055571432,0.4936742962827,0.5104928757935,0.5834567443360,0.3759810317464,0.3452660773603,-0.0977448441846,0.2061727288359,0.5935004371248,-0.2318602157638,-0.1057239696122,0.1800671033366,0.4888698930677,0.0241387746561,-0.2314760972885,-0.2029248255526,-0.2536147205544,-0.0964954005837,-0.0587315334405,-0.1417390445486,-0.1115958620934,-0.0302212495299,0.0700991490455,-0.0902660186398,-0.0571521558626,0.0281941514810,-0.0382248059183,0.4313873916768,-0.1151053520692,0.0706358578003,0.2386904707038,-0.0652594635156,0.1817813648493,-0.0440504952714,0.2393792027032,-0.3789599597143,0.2276695184714,0.1208514139491,-0.4595149644165,-0.1037434410891,0.1453965189460,-0.1242460870494,-0.3441540438136,-0.0274089381136
0.7179971230850,0.3919707508582,0.4676117478287,0.5305358560440,0.2754125152008,-0.1677439544138,0.1124571114494,0.2695488303357,0.3186886165382,0.1648783481617,0.4917166864398,0.1980510961126,0.4095538467520,0.2111274528068,0.7090070887732,0.3011734043009,0.2312977978961,0.7571288071623,0.8068196410062,1.0000000000000,0.4440155566352,0.6090992559724,0.3161961915210,0.6388593862027,0.2304065015588,0.5715917411944,0.6287676321377,0.4644857958676,0.5583226382239,0.6921333576652,0.5527653020806,0.3337794902866,-0.1955327297249,0.4469541209767,0.6626013743237,0.0061220137239,0.1217747457009,0.0309855473977,0.5053515125067,0.0741226341997,-0.2155035925996,-0.2081750619284,-0.1211437281615,-0.3113725658210,-0.0467373415195,-0.0293534018479,-0.2780616698990,0.1727370703731,-0.2018410186798,-0.2244424136123,-0.0269155802536,0.0639267966300,0.2243446195765,0.2297023244084,0.1678264528216,0.1906608520457,0.2867484340070,0.1151468187541,0.2911625466020,0.0346999168848,0.1698124376798,-0.3737083846221,0.1261324235587,0.2058874915279,-0.3004688637381,0.0682172368595,0.2341851105336,-0.1717170381287,-0.0587350966683,0.1871437427058
0.3098955819729,0.4014275486570,0.0120396862330,0.3669324382040,0.7775525124216,-0.2209016644341,0.1562687747765,-0.0218915896761,-0.0334369674392,0.2790502788353,0.6768259222217,0.1549554346114,0.6450732865265,0.1232069019366,0.1583828527465,0.3271185071255,0.3558290224719,0.4847155243044,0.3207686293894,0.4440155566352,1.0000000000000,0.6846631876807,0.3548469784069,0.6036088349464,0.2251205226066,0.4821145519919,0.2136715223841,0.0070963648725,0.6066641983612,0.5885468982921,0.4126163905037,0.1493264194037,-0.0247962915256,0.6350050978638,0.5627102704795,-0.0591130755006,0.2652378185819,-0.2655926281056,0.3477636742959,0.6129625292065,-0.2633731899806,0.0442757639575,-0.1725683157864,-0.4545714260014,0.1022590586321,0.4578652411144,-0.1648420374013,0.5801400421382,-0.2430977292570,-0.5173205377290,0.1722724343975,0.2895587298542,0.2105292994365,-0.1280397167260,-0.0944615068302,0.8402488222158,0.6103457023891,0.3660944034797,0.4694274981560,0.2145599292591,0.2500829395374,-0.3550741081119,-0.1512959424369,0.4013963771901,-0.0535535824171,0.4726677130657,0.0355504832430,-0.1402596521765,0.2376265644768,0.2985221849809
0.3100520973139,0.5748198446812,0.1916562155015,0.5102119203160,0.5470868298582,-0.1554514552015,0.0793400252449,0.0490911536443,0.1352128120937,0.0577549546049,0.6081616283934,0.2178359981447,0.4421610468987,0.1978043058994,0.2710913780436,0.3738703340010,0.6565301597420,0.5507099123706,0.5448807177155,0.6090992559724,0.6846631876807,1.0000000000000,0.4775600813500,0.9368782437589,0.2998411962731,0.6025645676802,0.4357615249247,0.1905637692164,0.8561626465290,0.7190584247149,0.6530101562188,0.0899756587526,-0.0934825344593,0.6096150493649,0.7834660623491,-0.0584484879764,0.3264858019650,-0.1366567323730,0.5112013646484,0.3576861877824,-0.2191621948521,-0.1521780225132,-0.1977384621796,-0.4443349398485,-0.1132054907551,0.1280308763370,-0.2571933154180,0.2404514388626,-0.2163196064161,-0.5797557344147,0.0558278981824,0.5210945005806,0.2862602494310,0.0116526017305,-0.0817191740244,0.4182001883769,0.7818870472747,0.4584383075128,0.7131081917394,0.2801244050868,0.2798679689911,-0.3291830407875,0.0777636313715,0.5282242692228,-0.1332341339543,0.4795678125320,0.0541517172127,-0.1800359810910,0.1350499626944,0.3993153361457
0.2089863056678,0.6068386581979,0.0034031245343,0.5643602216967,0.2603798550811,-0.0537966619416,-0.2122838047754,0.2228452180958,-0.1055876859347,0.3341502833862,0.2116570673492,-0.0366102526877,0.1072543047406,-0.0301460255528,0.0724558423913,0.1433183600762,0.3409918140894,0.3842468953623,0.1357105324792,0.3161961915210,0.3548469784069,0.4775600813500,1.0000000000000,0.4372525901791,0.4482143504183,0.3726840297461,0.2226330800914,-0.0173074563119,0.4344677650292,0.3944263790654,0.6704491281722,0.0636797637009,-0.1338511973235,0.4246905002009,0.4253598588192,0.3670070607249,0.5418988223550,-0.1839626695184,0.4617986074802,0.1860169464197,-0.0958559850817,-0.1738762574177,0.2471808713146,-0.3845728146326,0.3427014592427,-0.0105968069349,-0.1727281723070,0.0816092747160,-0.2085808559606,-0.2128230342994,0.1214521835481,0.3372305003448,0.4627130048365,-0.1010302998200,0.1944115224575,0.1820395744643,0.3011252949203,0.8123115216034,0.3120926881914,0.6018584525471,0.2655375325754,0.0436177445699,-0.1281585924607,0.2350654121889,0.0938593603350,0.5136832113455,0.0911220387780,-0.1448387466991,0.2766552068299,0.4429472180632
0.3286655503780,0.5415839434322,0.3588355448352,0.5105104312477,0.4305947263416,-0.1671016663296,0.0408563414590,0.1391075186160,0.1841293602185,0.0665280388014,0.5162431944652,0.2099394413752,0.3888120230108,0.1837104619612,0.3122912805808,0.3450062306604,0.6130124168434,0.6122577609794,0.5606645483322,0.6388593862027,0.6036088349464,0.9368782437589,0.4372525901791,1.0000000000000,0.3183390088193,0.5862528809743,0.5206082006715,0.3392763991654,0.8197653280668,0.6536448315899,0.6549153316396,0.1355227248591,-0.1172588823579,0.5578414312313,0.7478358733111,-0.1343719756171,0.3139142830640,0.0036101387930,0.5056166751998,0.2115873968792,-0.2322896920299,-0.1896526557453,-0.1920886794395,-0.4187062475893,-0.1434735003950,0.0373157835929,-0.3104047135176,0.1576830958277,-0.2341005202041,-0.5650937192141,0.0083051694043,0.4797101453689,0.2234495339864,0.0065203979809,-0.1103694790333,0.3281271925339,0.7382207639491,0.3906449305043,0.7552143005024,0.2059671483779,0.2327325186249,-0.3175380211361,0.2028556615690,0.4870229694740,-0.2179025231194,0.3885984415634,0.0819014033970,-0.1847926221476,0.0601537219133,0.3191573220307
0.3383510785016,0.2483199564179,0.5033661938683,0.5557835123572,0.2247132453441,-0.1469878102066,-0.1003630769195,0.7296528981723,0.0461224848628,0.7523032712020,0.1571780699029,-0.1198496193201,0.1844999396662,0.1198896279677,0.2433352255761,0.2145704001759,0.2682506825626,0.2485161941584,0.2195035263981,0.2304065015588,0.2251205226066,0.2998411962731,0.4482143504183,0.3183390088193,1.0000000000000,0.4416085557302,0.5452814223958,0.3610443526458,0.5760055945439,0.1733698192387,0.5226147167504,0.3460156150834,-0.2332017329115,0.1085988541600,0.2196261798739,-0.0902238197720,0.0598780057381,0.2582429923312,0.5273960376132,0.1737367613279,-0.0903515870248,-0.1611332594252,0.4239446073203,-0.2441772805305,0.6396668684923,-0.0830721262208,-0.2282234477877,0.1422712337628,0.1113254915913,-0.0769750937544,0.1700365758495,0.1759529098750,-0.0611792988619,-0.0732337468684,-0.1825987119622,0.0857868293931,0.0943482940212,0.2744698977871,0.0484701237530,0.7573763886118,0.3337754583929,-0.0058352280578,0.2032910988374,0.3895476415023,-0.3085706065990,0.0748355975412,0.3536102891240,-0.1558090889666,-0.1208402243651,-0.0311556110460
0.4075363897905,0.5410449670943,0.3110354747355,0.7170534844884,0.3157600795951,-0.0838942896802,0.0942660284667,0.3302781970272,0.3165499605869,0.3510432795238,0.5021521314150,0.2814150102338,0.2957816747453,0.5103183331459,0.4719309031926,0.4366475885977,0.2907500608764,0.4159112818562,0.5949314014627,0.5715917411944,0.4821145519919,0.6025645676802,0.3726840297461,0.5862528809743,0.4416085557302,1.0000000000000,0.5797051220647,0.3890172345996,0.5803707867458,0.5659289937528,0.4487822393326,0.3873531752844,0.0057597813567,0.4129911714938,0.6522477109272,-0.0715332489066,0.2967036531516,-0.0236759892093,0.7244407715618,0.1063436017943,-0.0389967724232,-0.1345760191661,0.0546476822792,-0.2253502968873,0.2547319269168,0.0718384564414,-0.0369139503646,0.0975021401081,0.2125615584595,-0.2043865313530,0.1724686659118,0.1554751434900,0.1583640867155,0.1758978577143,-0.1132713910733,0.2063841351382,0.3318068839198,0.2594915236256,0.2541308299549,0.3192796398220,0.6605002791424,-0.2863430502357,0.1769862598826,0.2696906885478,-0.3134706358146,0.1572156687902,0.3458512850911,0.0091738010741,-0.0608090168131,0.2835607885707
0.5238632996060,0.3149817854190,0.7369712032514,0.5639906853172,0.1319065331326,-0.0946029985193,0.1244448511164,0.6299184580687,0.4880007548319,0.3272448216964,0.3227548914574,0.2435320826354,0.1962060653254,0.3297051358890,0.6180101696263,0.3052541146415,0.1896778250281,0.4794330553443,0.6777055571432,0.6287676321377,0.2136715223841,0.4357615249247,0.2226330800914,0.5206082006715,0.5452814223958,0.5797051220647,1.0000000000000,0.6655926773872,0.5745830717812,0.3826168587115,0.5363292213917,0.4377288332211,-0.1524499484538,0.1329605624444,0.4510389237712,-0.2060129884080,-0.0135549349073,0.3510967233159,0.5867999993313,-0.0354867547881,0.0077029993986,-0.1770639834712,0.1331281154252,-0.0713415257969,0.1489918688311,-0.2018273348599,-0.2164501548052,-0.0311240589134,0.1192314564300,-0.0425696756874,-0.0340635003970,-0.0026817354211,-0.0843386390649,0.1781911293741,-0.1819741462830,-0.0207256433590,0.1134849835903,-0.0180507429851,0.0901201436581,0.2032084882933,0.3262012595782,-0.0110381060641,0.3712660741670,0.2692979101012,-0.5133156105021,-0.1503528617314,0.3909384952622,-0.0990231813719,-0.3137041219722,-0.0728361556128
0.4485211987288,0.1413644417650,0.8149293332652,0.3011777198566,0.0502244648356,0.0072706716339,0.0537525558237,0.5930051431306,0.3474671027200,0.2483118728892,0.0928599975488,0.1716328888891,-0.0046089288782,0.3140341758473,0.5941770482366,0.1796724009929,0.0906061694459,0.1976226124694,0.4936742962827,0.4644857958676,0.0070963648725,0.1905637692164,-0.0173074563119,0.3392763991654,0.3610443526458,0.3890172345996,0.6655926773872,1.0000000000000,0.2966256336469,0.1232989980433,0.2308480869068,0.3542080960155,-0.0188926957167,-0.0485241376835,0.1223703455869,-0.3210586878915,-0.1040674335933,0.5563864334015,0.3661805209842,-0.0492260068697,0.1172466256909,-0.1037370328477,0.0970451656422,0.0716374754337,0.0493617592585,-0.1119795769894,-0.0570503946302,-0.1179088443807,0.1932177818790,0.0868070418204,-0.0226868729876,-0.0364451443250,-0.3027006075396,0.2044961534266,-0.1557085804538,-0.0735931846260,0.1283845854261,-0.2483835461668,0.0426020205116,-0.0133303961974,0.2537912031452,-0.0679043058018,0.7268702261862,0.2589880385976,-0.4408174714070,-0.3338472374653,0.3498312507203,0.0664051071683,-0.3172521202639,-0.2084362489834
0.3104991715700,0.4557097052597,0.3613517832250,0.5532634931279,0.5534742743726,-0.2224035242817,0.0800914344015,0.3140806847084,0.1717447655257,0.2530791196133,0.5891890780296,0.1256767735389,0.4505867662754,0.1620340545824,0.2767891277149,0.3554447616636,0.5975707308263,0.4898532048786,0.5104928757935,0.5583226382239,0.6066641983612,0.8561626465290,0.4344677650292,0.8197653280668,0.5760055945439,0.5803707867458,0.5745830717812,0.2966256336469,1.0000000000000,0.6075752665214,0.6880741903707,0.2084942229814,-0.1447868588460,0.4552939613890,0.6384212660123,-0.1385537993960,0.1755171607109,-0.0052508345835,0.5477500583943,0.4248913073524,-0.1783935985937,-0.1327603952772,0.0082007882017,-0.4025203787610,0.0665375439713,0.0951552070854,-0.2847630271340,0.2901170938160,-0.1430405271919,-0.5143335185254,0.0834199054212,0.4524424419127,0.1422473877869,-0.0174176577066,-0.1749812898799,0.3946936678509,0.6174205430000,0.3754005327966,0.5347256024372,0.4471711655881,0.2940193384927,-0.2483108844920,0.1293917253827,0.6744222355534,-0.2545144156132,0.3413662950747,0.2115423774232,-0.1769232820697,-0.0160289213682,0.2267667391946
0.3901913551124,0.5247089968896,0.1079994060599,0.5364947770923,0.4978742726490,-0.0523060657937,0.3443142870003,0.0102170720402,0.3084009020659,0.0640889913162,0.7449164016317,0.1683408549272,0.4891586476207,0.1977254313802,0.4701383482330,0.5027503986003,0.3301258730754,0.6259101968751,0.5834567443360,0.6921333576652,0.5885468982921,0.7190584247149,0.3944263790654,0.6536448315899,0.1733698192387,0.5659289937528,0.3826168587115,0.1232989980433,0.6075752665214,1.0000000000000,0.5560035979669,0.2091672052188,-0.0311969060452,0.6690435096755,0.7912549700168,0.0385019016220,0.2731210284405,-0.1585773372267,0.5154981751095,0.3147746235380,-0.1490140887215,-0.1174861878350,-0.1979879185190,-0.2776084299077,-0.0422379394498,0.1602631614433,-0.2631891030031,0.2831775636539,-0.2458209684313,-0.4329882475113,0.1837740368308,0.1869134336911,0.3336784765713,0.0182622563922,-0.0001770420470,0.3775008399344,0.5130585342177,0.3537885656892,0.4879267911005,0.2005256353375,0.1392269026205,-0.4337234057143,-0.0031662232100,0.2788262863146,0.0287516032911,0.3576403836429,0.0408126436740,-0.0218832173032,0.1612161254665,0.3742660165235
0.3232004761967,0.5938148368276,0.3144540888131,0.5600073003797,0.2449497058300,-0.0700626724990,-0.1052308071625,0.4573838250553,0.0814389474654,0.1994926313038,0.3285137022012,-0.0686295057094,0.2618074296665,-0.1000037924480,0.2272040635552,0.1591948436800,0.4629429431771,0.6491998554800,0.3759810317464,0.5527653020806,0.4126163905037,0.6530101562188,0.6704491281722,0.6549153316396,0.5226147167504,0.4487822393326,0.5363292213917,0.2308480869068,0.6880741903707,0.5560035979669,1.0000000000000,0.0963656379000,-0.2229325447565,0.4236130938799,0.5778626927719,0.1741924684507,0.3468445366398,0.0838614421012,0.5188230982048,0.1573888768523,-0.0724244216505,-0.2255938016369,0.2728325598956,-0.4367837673908,0.1907770807014,-0.1505546227245,-0.4093277667588,0.1073236929279,-0.3354381704074,-0.3789950919930,0.0479695368751,0.3025313364530,0.3870988222650,-0.1196021827744,0.1143920623482,0.1320060865839,0.3862028094501,0.5338600299463,0.4213746565346,0.5594107941054,0.2027512627434,0.0740815806575,0.0968785453701,0.4862833900351,-0.1535918825934,0.3849034265865,0.1881582395245,-0.2107171819433,0.1146199754068,0.3243825985634
0.3645127000255,0.0700011377365,0.3178158431182,0.3033710123476,0.0679540746669,-0.2199616384851,0.1297807907056,0.3858371193252,0.2291426180144,0.4376013435196,0.1829583321374,0.2679751759629,0.2000357116698,0.4497856414021,0.5054358504277,0.3235529488043,-0.1204363442013,0.1986994604959,0.3452660773603,0.3337794902866,0.1493264194037,0.0899756587526,0.0636797637009,0.1355227248591,0.3460156150834,0.3873531752844,0.4377288332211,0.3542080960155,0.2084942229814,0.2091672052188,0.0963656379000,1.0000000000000,-0.0369280743310,0.1114784501866,0.2116493729761,-0.3185824512001,-0.0902266982623,0.0371585309346,0.2787518734638,-0.1007674732798,-0.1461499677163,-0.0767480827332,-0.0267037735986,-0.0544708082201,0.2679427019222,-0.0178095676137,-0.0091268795122,0.0443471481949,0.2114031416032,0.0248372518433,0.0722364412167,-0.1822190300482,-0.2677341589931,0.0452425493508,-0.2508278106619,0.0392300754737,-0.0861211874959,-0.0819323392407,-0.1215241048156,0.0410986314779,0.1247958254054,-0.3466262701585,0.0389089193293,-0.0241697836915,-0.3279220514638,-0.2190668797979,0.5097885570626,-0.0111546289995,-0.1770133791689,-0.1352454457894
-0.1274811343192,-0.0753318286401,-0.1354306266030,-0.1188728049085,0.1216241101770,0.1781699617820,0.0973554462141,-0.2595543713240,0.2011744149552,-0.1877930370233,0.0582827377568,0.2645585237262,-0.2812725353926,0.2353952007788,-0.0310484144600,0.0331784099207,-0.0977522811980,-0.2683430226313,-0.0977448441846,-0.1955327297249,-0.0247962915256,-0.0934825344593,-0.1338511973235,-0.1172588823579,-0.2332017329115,0.0057597813567,-0.1524499484538,-0.0188926957167,-0.1447868588460,-0.0311969060452,-0.2229325447565,-0.0369280743310,1.0000000000000,-0.1070990405292,-0.2193819465436,-0.0747637128730,-0.1623937723562,-0.1092578919445,-0.1177185490127,0.0924198672448,0.1440499109806,0.3044306311618,-0.1879529614563,0.2403526982681,-0.1923863662872,0.1519086481179,0.2203595108992,-0.1469929695201,0.1910070148731,-0.0433238181466,-0.2225054171188,-0.0739469694532,-0.0860043299889,-0.0923431342018,-0.2072271003492,0.0664163764474,0.0269649316683,-0.0873779722693,-0.0624327838052,-0.1829952695188,-0.0746235530492,-0.0909556100816,0.0060672085747,-0.1555716129244,0.0422549670629,0.0099995273289,-0.1752565432522,0.6896160408595,-0.0293534564137,-0.0787526514820
0.1614517311034,0.6112010619943,-0.0790693151049,0.4950764767311,0.4302959947067,-0.0661691438774,0.2229415232049,-0.0577650481356,0.0444032339453,0.1199819283532,0.6244288663724,0.0252070211522,0.4688547582705,-0.0184569070917,0.1327980157976,0.3816924549079,0.2448364749376,0.5115749979076,0.2061727288359,0.4469541209767,0.6350050978638,0.6096150493649,0.4246905002009,0.5578414312313,0.1085988541600,0.4129911714938,0.1329605624444,-0.0485241376835,0.4552939613890,0.6690435096755,0.4236130938799,0.1114784501866,-0.1070990405292,1.0000000000000,0.6835303544980,0.1762524088343,0.5345880737625,-0.2932100130217,0.4578051696735,0.3397889201615,-0.0617504384806,0.1432312424144,-0.0703150885159,-0.2937920857449,0.0542927364634,0.3577331102011,-0.1931683470027,0.4355861990634,-0.3106961311654,-0.4088537413711,0.1986663936711,0.2090254551198,0.4642800271622,-0.1270064815723,0.0887350693898,0.5228159325077,0.5318805055539,0.5146002081271,0.5487676234944,0.2612423946003,0.1672722591512,-0.3304012403642,-0.0796305286671,0.2848283185196,0.1994181266326,0.5178808053597,0.1025104868858,-0.1325865507560,0.6237328562517,0.6532545576073
0.3743896644193,0.5971159837672,0.1458513492210,0.6417688575160,0.3313778505130,-0.1662443008857,0.2073242389922,0.0336317090907,0.2848153934681,0.1225849481752,0.5763984214757,0.2688464870043,0.4490069043707,0.2326734980530,0.3834266470922,0.4905846657156,0.3371204158818,0.6597855589407,0.5935004371248,0.6626013743237,0.5627102704795,0.7834660623491,0.4253598588192,0.7478358733111,0.2196261798739,0.6522477109272,0.4510389237712,0.1223703455869,0.6384212660123,0.7912549700168,0.5778626927719,0.2116493729761,-0.2193819465436,0.6835303544980,1.0000000000000,-0.0577926466506,0.4152413500292,-0.0974775968540,0.6293171194848,0.0815552306059,-0.2259974534340,-0.1661107249998,-0.2276037987001,-0.3182258327635,-0.0331002571224,-0.0300964229946,-0.3108514173142,0.1341212705528,-0.2540829213605,-0.5055965252364,0.0701206916439,0.1731139251174,0.3750351306621,0.0575475037715,-0.0150562155850,0.2499089096631,0.5292224416824,0.4028104473167,0.5786923319776,0.1987284344598,0.2714930703550,-0.3761943031025,0.0268423365543,0.2473733801807,-0.2273604856705,0.3666364519579,0.0212978653386,-0.3368412179953,0.1113522510926,0.4634266504361
