1.0000000000000,-0.1734997494118,0.1530076427645,0.0815839161167,0.3108169624139,-0.0920552020263,0.0188265756061,0.2713441884969,-0.0312458376047,0.3378306311709,0.0597690192368,0.0929883673195,-0.0317372562660,0.0984900736344,0.6082581821374,0.0852400576307,-0.0887148553117,0.0861481002217,0.1669194848301,0.2538738887713,0.1553168988609,-0.2231887226547,0.0333212343715,-0.2023879575470,0.1309003599820,-0.0655194406997,0.0819818604337,0.3081869070123,-0.2873584374179,-0.0358536850030,-0.0943875889613,0.3441218406332,0.0896118335109,0.2189476234943,-0.1120520406854,0.2431997404624,-0.1754769156840,0.0587059090423,-0.0718562688967,0.2322580087923,-0.0231707990682,-0.0905141302959,-0.1438454340165,-0.1114766750914,0.1665568493201,0.0434000354030,-0.1091987059432,0.0100554712919,0.0404874031219,0.3915600758800,-0.0586259694599,-0.0767907574666,-0.1240115629554,0.1395825081756,0.0784833706675,0.1866680464259,-0.2957843170473,-0.3098664847476,-0.3680094411909,-0.0938383056807,0.0802760948914,-0.0194789879054,0.1061874048795,-0.3240002558963,-0.1698846591803,-0.3618191033374,0.2342333436903,-0.0420880017842,-0.1676862619010,-0.1499334367337
-0.1734997494118,1.0000000000000,-0.2499011580370,0.4625225109771,0.2903691767571,-0.1440220266322,-0.0408861092265,-0.2082363816278,-0.1671577901971,-0.1720037975124,0.3636527253845,-0.0563288174888,0.1591531177751,-0.1123939889878,-0.1425370036810,-0.0648081982454,0.0254648414416,0.2656820047940,-0.0129996464585,0.2140254731680,0.3544519619139,0.2536755571643,0.4084924830005,0.2517157452087,-0.1412749926801,0.4388478571509,0.2110579489062,-0.1449905739245,0.1203802528414,0.3444480292929,0.3049582297670,-0.1132858025580,0.0940111013226,0.3186848789561,0.3286935335164,0.1478878586097,0.6599100978349,-0.4526562341525,0.2794363525541,0.1526447301812,-0.2221372576700,-0.2178578831016,-0.0922546209746,-0.3262762019677,-0.1846972513174,0.2007612344703,-0.0528261170076,0.1629479468812,-0.3407896934136,-0.3592558913710,-0.0535534794819,0.0584307749087,0.2948033941834,-0.1261163988276,-0.0050574289594,0.2900978805838,0.2207334717489,0.4367196356535,0.1601475603720,0.0348649037867,-0.0877227968697,-0.0572690495085,-0.2473848824438,0.1429690265451,0.0596811321882,0.3518182770768,-0.1760275157002,0.0437518872953,0.3396427632418,0.4974694070951
0.1530076427645,-0.2499011580370,1.0000000000000,0.2082133312183,0.0895767824608,0.1393057559773,-0.1927691255573,0.5106251843976,0.1533666258733,0.2831714655583,0.1318452443952,-0.1466675066665,-0.2442387335249,0.1992673466668,0.3665905593038,-0.0063473413691,-0.0425356776667,0.2116875443622,0.2895272962460,0.1500961319489,-0.1231901333694,0.2749342010717,-0.0621259441446,0.3797638036810,0.4111994456283,0.0275213086973,0.5435653464181,0.7323772510528,0.3391711038391,-0.3019989266324,0.2455885221591,0.2513693129354,-0.1433749494317,-0.2379433241694,0.0350676601539,-0.5607387201812,-0.4659145965216,0.1757711886345,0.0937115039847,0.0014455264294,-0.0015124363553,-0.1596203243018,0.2561046096314,-0.0492679917976,0.0870204782414,-0.0440452874047,-0.1540534388061,-0.2701957232391,-0.1190492184100,-0.0019257682088,-0.0558572308474,-0.2187487813080,-0.1929150997614,-0.1434662632978,-0.4427777939659,-0.1282337532897,-0.0452589604325,-0.4183274761072,-0.2007067386348,0.0565014020963,-0.0992794222137,-0.3281840047900,0.3049611763833,0.2445249878414,-0.5407092678565,-0.0628817548423,0.2031339317536,0.0425751173443,-0.3784251944965,-0.1975630611936
0.0815839161167,0.4625225109771,0.2082133312183,1.0000000000000,0.4953651783174,-0.1868209703524,-0.1270009714542,0.0694954121729,-0.0916098424376,0.2739788183464,0.4968271324749,-0.2348190404118,0.2012657897283,0.0576323494453,0.2166482572398,0.0682886637438,-0.0360796307299,0.4154373784982,0.3277208580209,0.3975379022699,0.4995005584070,0.3801900531901,0.4970630173926,0.3305271288259,0.2665177939892,0.5275866801670,0.3478296178054,-0.0249946972729,0.3243336535276,0.2813775284200,0.3607936931594,0.1046251800851,-0.1969184637772,0.2233390883254,0.4400343217613,0.0023870441297,0.2215817870566,-0.4159063845330,0.7176757902040,0.4466852684726,-0.1002538898969,-0.2413118039667,0.3215927182881,-0.3182195467165,0.2159256034606,0.4649164664442,0.0673807936019,0.2073642859334,-0.3093427667502,-0.1194073776947,0.1528017973024,-0.2354227802584,0.2724071426481,0.1048140730971,-0.1050563189209,0.4569119390933,0.0233690922724,0.1741642151742,-0.1956059896019,0.3380609011552,0.1029786823084,-0.3117552768966,-0.2613006139191,0.3046530121915,-0.1733775121384,0.3777026373491,0.0408539300442,0.0536978524504,0.1403580335292,0.4472929139525
0.3108169624139,0.2903691767571,0.0895767824608,0.4953651783174,1.0000000000000,-0.1721846979359,-0.1911682753326,0.0991735195299,-0.2665589489843,0.4084628440075,0.4476831734399,-0.3061992863158,0.2038512781269,-0.0156834501003,0.1497193562344,-0.1955723555446,-0.0952061711876,0.2876218797843,0.0008068168339,0.1404793915733,0.6207597701014,0.1459152374449,0.2998171069632,0.1158570216148,0.2950306825103,0.1677361089326,0.0870754153012,-0.0092880618592,0.0715353524478,0.0486253041790,0.1515102374413,0.1290497316634,0.0691511283778,0.2062119367100,0.0196161268283,0.1208751354298,0.1543002731072,-0.1642282593128,0.3392444779026,0.8517663668035,-0.2419158295576,-0.2014774145955,0.2150702180324,-0.2836098296258,0.2609630589059,0.4326985233514,-0.2274798680700,0.2772608341563,-0.1221179441665,-0.0504705471188,-0.0108879027804,-0.1745767300566,0.1623511736393,-0.0404794052253,-0.0850012204083,0.6097683139582,-0.0299415199919,0.0351484813375,-0.1751597343008,0.2384636702799,0.0069591093858,-0.0872773336388,-0.1684079007194,-0.0230181312688,-0.1727887369469,0.1782977992617,0.0785160844442,0.0333226760332,0.0806162023449,0.1153311515069
-0.0920552020263,-0.1440220266322,0.1393057559773,-0.1868209703524,-0.1721846979359,1.0000000000000,0.2597367187585,-0.2378066006777,0.5852693971476,-0.3446836675330,0.1877056343292,0.3111493206603,-0.3157105093092,0.2680801636204,0.1964455662518,0.2300482419713,-0.0245006851082,0.0377319631513,0.2616537353503,0.1620567255124,-0.3031765264198,0.1760925164446,-0.3835542708159,0.1254614531631,-0.2220681195971,-0.0223718205735,0.0931637525438,0.1494154041962,-0.0226772996054,-0.0090202563687,-0.1365120327244,0.0171755141443,0.4072163111451,-0.0942695932843,0.1693018283771,-0.1885190243127,-0.2832130335873,0.0126591513256,-0.1065519501456,-0.1681391059283,0.3700619009393,0.2757061613385,-0.1279196410148,0.3792651722115,-0.3113725293493,-0.0744946910244,0.0321112474669,-0.4385294128500,0.1248901999684,-0.0383380309096,-0.0459045389142,-0.1791573072725,0.0299539366289,-0.0002932807970,-0.1022514824260,-0.3441146340148,0.1985683120047,-0.3410384719211,0.1761656540855,-0.2388509402894,-0.0817436284399,-0.1129364986119,0.2826853890387,0.1450985719444,-0.1648461558012,-0.0032266864998,0.0451632719600,0.2554829986317,-0.2088915721990,0.0308422516905
0.0188265756061,-0.0408861092265,-0.1927691255573,-0.1270009714542,-0.1911682753326,0.2597367187585,1.0000000000000,-0.1401386981118,0.6249634242563,-0.1356928439840,0.1383229107406,0.5026704626110,0.3743121287430,0.3824614481109,0.2481669821626,0.6935397820664,-0.2399480300554,-0.2947052002097,0.0730986558852,-0.0490123667963,-0.1710254868029,-0.2843933800587,-0.4317562262683,-0.3152395732070,-0.3052176208465,-0.0566669381345,0.0173868975161,-0.1721409198694,-0.3644931621955,0.3119244198907,-0.3266218090969,0.2386550132654,0.2666246437206,0.2500775562991,-0.0512038411824,0.0233164101864,-0.2008619194217,-0.0840813538889,-0.2341664902677,-0.1912316132822,0.3767296159241,0.6073523082834,-0.4065187608955,0.5022328493945,-0.0398707537544,-0.0562028079763,0.2784158897477,0.2092167772164,0.3215012196554,0.1632371177173,0.4066580551803,-0.2032830247380,-0.3082746746760,-0.0066721096853,-0.1567866829539,-0.1075241854362,-0.2323130587001,-0.3137910029727,-0.2105596917973,-0.2520118008365,-0.2041137932613,-0.1210382116949,-0.0715631606185,-0.2939025667095,0.1564547833744,-0.4086706857849,-0.0171556653551,0.0957752836956,0.1104657766595,0.0131519746990
0.2713441884969,-0.2082363816278,0.5106251843976,0.0694954121729,0.0991735195299,-0.2378066006777,-0.1401386981118,1.0000000000000,-0.1511689593300,0.4438281488693,-0.1603187443765,-0.1695780256249,-0.1489146923882,-0.1064725263336,0.0881262450964,0.0329090349998,-0.0797669806702,-0.0559021031891,-0.2365782778335,-0.2388825926464,-0.2440127576754,-0.1678754833583,0.1457291758064,-0.0633496370683,0.5866585996560,-0.0398359982264,0.2132353153959,0.3849603983103,0.1842309000045,-0.2490627733385,0.3714931654187,0.1967729534527,0.0157650329974,-0.2380178560714,-0.3945081659457,-0.1739599710895,-0.2692853651699,0.4222211730452,-0.0581317832328,0.0962435145644,-0.2239947840607,-0.2115613260379,0.3014596790843,-0.1384858049524,0.4349166234444,-0.3241288180009,-0.2100572301163,-0.0960701449465,-0.0957343838552,0.2445018568899,-0.0052428494008,0.0338779353631,-0.2350525812583,-0.2287017127297,-0.2566280640206,-0.2080096403877,-0.3056046699261,-0.0527934178067,-0.3157702907561,0.3785766889503,0.0389759496547,0.1308474162836,0.2029546232757,0.0594946840846,-0.2671390695065,-0.3471964444744,0.2679884556533,0.0377433327084,-0.4200317634417,-0.4707400595011
-0.0312458376047,-0.1671577901971,0.1533666258733,-0.0916098424376,-0.2665589489843,0.5852693971476,0.6249634242563,-0.1511689593300,1.0000000000000,-0.2615804840099,0.1113051164528,0.5066815953742,-0.1396379205338,0.5962286485515,0.3975742475931,0.4932205264507,-0.1128318481495,-0.3060986307570,0.2419666053884,-0.0021174819033,-0.2760674447796,-0.0757670545287,-0.4509117096805,-0.1393873501414,-0.2305042766347,0.0182063679478,0.2084907189712,0.1053678089743,-0.1160458874375,-0.0244057973826,-0.2585166124896,0.1899486966968,0.3946745782581,0.0187954810359,-0.0339037254917,-0.2506601541555,-0.4725253012434,-0.0747897019600,-0.2467951730133,-0.3170847115299,0.6176909591856,0.5848410011302,-0.2494198351021,0.6613867272712,-0.1968601149590,-0.0997669458663,0.3836615893784,-0.2890022962865,0.2700557761055,0.0343327005749,0.2788697866708,-0.2146263963310,-0.3638811634500,-0.1341259041819,-0.4834837771874,-0.2376936821875,-0.1858126194319,-0.4591701690913,-0.2617837607245,-0.2641731755966,-0.3392087162716,-0.2812723542614,0.0093633174734,-0.0365818987084,-0.3135623890465,-0.2583842434601,-0.0281124360446,0.2872385374122,-0.1836659335565,-0.0480009990037
0.3378306311709,-0.1720037975124,0.2831714655583,0.2739788183464,0.4084628440075,-0.3446836675330,-0.1356928439840,0.4438281488693,-0.2615804840099,1.0000000000000,-0.1195722073748,-0.3364096934409,0.2632581588576,0.0672851044348,0.1826946398347,0.1071805155533,-0.1572417826441,0.1275709882507,-0.1216245004044,-0.0821049500540,0.2390835996826,-0.2146251253757,0.2143797869009,-0.1695035944053,0.6736205312539,0.0081980295039,0.0450008229211,0.1899331988994,0.0485119486228,-0.1281476927193,0.0063965529220,0.3053989012361,-0.2981275689358,-0.1461018422886,-0.1952109961242,-0.1314903440344,-0.0661149029392,0.2201760267997,0.2821645202250,0.4180051037945,-0.2004506410472,-0.2069005330096,0.3422891241004,-0.2816595247330,0.7836779651933,0.0058026253272,-0.2879597318192,0.3575189687897,0.0906500676422,0.1404406267175,0.2027481682315,-0.1323280805431,-0.1621025312335,-0.1137083681911,-0.0749928926962,0.2541941641555,-0.2277140683330,0.0132616088325,-0.3271370127118,0.4618497801448,0.0762017556983,-0.0491676361812,0.0174007822798,-0.0850416956006,-0.2039905863232,-0.0722467361369,0.2294845700221,-0.1102457889902,-0.1898257922955,-0.3572501005307
0.0597690192368,0.3636527253845,0.1318452443952,0.4968271324749,0.4476831734399,0.1877056343292,0.1383229107406,-0.1603187443765,0.1113051164528,-0.1195722073748,1.0000000000000,-0.0902569025071,0.1566332016112,0.1267884674634,0.4054015578623,0.0680997055377,-0.1708697417669,0.4121174586144,0.5003450796967,0.5594124803917,0.3982037978239,0.4671786205259,-0.0142064047483,0.3541669185207,-0.1377466641793,0.3718137710943,0.3083043756683,-0.0340594964549,0.1694119695521,0.4338121889443,0.1121506889705,0.1521910785448,0.0257194097022,0.3564411930465,0.5382579536187,-0.0540561575342,-0.0050191089608,-0.5297313914356,0.3837377203778,0.3799808679571,-0.0120492168823,-0.0940161411127,0.0732047403218,-0.1612059753850,-0.1905782192412,0.6158332878090,-0.0166991093016,0.0682985292887,-0.2762747813695,-0.2186314794913,0.0251243383539,-0.4274475349915,0.3042029593980,0.0987448156867,-0.1027250421656,0.3093733366361,0.0504185615159,-0.2621730592858,-0.1399146261758,-0.1099833417673,-0.0190879203043,-0.4742070231887,-0.1876158499293,0.2499662205354,-0.1838343573784,0.2683324672763,0.1129912387662,0.0986523489976,0.1957240135848,0.5020085755859
0.0929883673195,-0.0563288174888,-0.1466675066665,-0.2348190404118,-0.3061992863158,0.3111493206603,0.5026704626110,-0.1695780256249,0.5066815953742,-0.3364096934409,-0.0902569025071,1.0000000000000,0.0454857023719,0.4249692648929,0.1765258834228,0.3503271261475,0.0105773018887,-0.3043892315179,0.1987122023218,0.0125770003688,-0.2035830929923,-0.1843618843496,-0.2335502340944,-0.1724013586737,-0.3594364818371,0.0702614861042,0.0852688560567,0.0136819379569,-0.3101088962843,0.1358993905215,-0.2613330775567,0.0992593267655,0.4766432226137,0.2248030111832,0.0019998037773,0.0710024398478,-0.1272255100264,-0.1435380431564,-0.2841364789499,-0.3048486213051,0.2722311695617,0.3902667205688,-0.5804120007065,0.3207461331547,-0.2725061961339,-0.2532489738908,0.4033858632324,-0.0594366761543,0.2456200179095,0.1341374078059,0.0247936471001,0.0894688728707,-0.3356845429128,-0.0434245546733,-0.1385225801923,-0.1231848683502,-0.1288473025142,-0.1835871387830,-0.0866501639993,-0.3550651255578,-0.0002020931954,-0.1044704990527,-0.0388634892074,-0.2459040913017,0.1209043102838,-0.4094657088474,-0.1451837103297,0.0334780338667,0.0433903986977,-0.0427926259276
-0.0317372562660,0.1591531177751,-0.2442387335249,0.2012657897283,0.2038512781269,-0.3157105093092,0.3743121287430,-0.1489146923882,-0.1396379205338,0.2632581588576,0.1566332016112,0.0454857023719,1.0000000000000,0.0369419275174,0.0351036438155,0.1969328301574,-0.1603757156458,0.0928111648192,0.0911816874053,0.1397236005662,0.4204442799260,-0.0678069050552,0.1140765042379,-0.0406629491798,-0.0416096417748,0.0998013840341,-0.0090141270552,-0.2463443319038,-0.0618770050820,0.4670422385798,-0.0630233160279,0.0809183009593,-0.2590129950898,0.2935387111118,0.1981563796120,0.0228388006107,0.2445561816054,-0.2819538634432,0.1539802701916,0.2030244161645,-0.0473834224881,0.0839545997651,-0.1750059519478,-0.1469088628514,0.1728760745389,0.1795001203022,-0.0042794329391,0.8583452836855,0.0304640826749,-0.0439569211385,0.2688772223407,-0.1122713759369,-0.1149674000820,0.0203635960166,0.0759444989172,0.4012102561793,-0.0456258107702,0.1873040293204,-0.0759705212091,0.0100059788774,-0.0430204759846,-0.2402150041120,-0.3048419399833,-0.1423689672866,0.3210068214912,-0.0057645451285,-0.1218596278072,-0.1501054829998,0.3894799884964,0.1136136539900
0.0984900736344,-0.1123939889878,0.1992673466668,0.0576323494453,-0.0156834501003,0.2680801636204,0.3824614481109,-0.1064725263336,0.5962286485515,0.0672851044348,0.1267884674634,0.4249692648929,0.0369419275174,1.0000000000000,0.5397633190677,0.3599313685089,-0.0082695925912,-0.3193815105975,0.3320807399033,0.0155977143262,-0.0384693684688,0.0110171747696,-0.2977905708411,-0.0590041694690,-0.0859535357518,0.3513944354701,0.2188716811779,0.3038186363314,-0.1392177387499,-0.0233610006209,-0.3463648862279,0.4369766976239,0.2479166610029,-0.0552321076602,-0.0764866940986,-0.2713842157170,-0.3912226782362,-0.1567377692677,-0.0511067752015,-0.1516846766117,0.3596885262805,0.3479492572838,-0.2563658947327,0.3541394293463,0.0058274552679,0.0358930236821,0.4189114074289,-0.0529238051626,0.5695378002067,0.2274818463054,0.2689731682247,-0.1502266103625,-0.4124651458325,0.0454669648020,-0.4593234871091,0.0104098389222,-0.1419020769504,-0.4380568685105,-0.3084634921678,-0.2422770472174,-0.0545603957146,-0.4458711173696,0.0241412417349,-0.1318847544528,-0.2891271973456,-0.2760145288381,0.0875450872677,0.2899214252559,-0.2364848338726,-0.0969626039332
0.6082581821374,-0.1425370036810,0.3665905593038,0.2166482572398,0.1497193562344,0.1964455662518,0.2481669821626,0.0881262450964,0.3975742475931,0.1826946398347,0.4054015578623,0.1765258834228,0.0351036438155,0.5397633190677,1.0000000000000,0.3186768652686,-0.2213830074243,0.1489851568936,0.6628878343649,0.5078424260866,0.0288070293961,0.0712372380008,-0.1518256990405,0.0234217292698,-0.0676863384869,0.2211377681381,0.2874503418754,0.4177791354610,-0.1141260343368,0.2258237033531,-0.1333887432220,0.5261809461337,0.0831470283676,0.1058798476076,0.1722842012135,-0.1477335338253,-0.4045121848255,-0.2457121302060,0.0255787970585,0.0286871314382,0.1798296322005,-0.0007800838545,-0.1368598996566,0.0209902695161,-0.0176078550903,0.1849402776274,0.1227185805191,-0.0929151900781,0.1296215201850,0.2875529041575,0.1888393232691,-0.4134887072327,-0.1489942431698,0.2229228134480,-0.1837836017376,0.0238487830817,-0.2407237062684,-0.5241357659257,-0.4525755884147,-0.2725107051624,-0.0581119680378,-0.5389784453741,0.0668547447829,-0.0592323272546,-0.3118057346056,-0.1981898015333,0.3239618706070,0.1567614233057,-0.2169967906820,0.0072887722643
0.0852400576307,-0.0648081982454,-0.0063473413691,0.0682886637438,-0.1955723555446,0.2300482419713,0.6935397820664,0.0329090349998,0.4932205264507,0.1071805155533,0.0680997055377,0.3503271261475,0.1969328301574,0.3599313685089,0.3186768652686,1.0000000000000,-0.1918807306617,-0.1874470840554,0.0944771228139,-0.0548359638502,-0.1615241368326,-0.2345144845481,-0.2682662332904,-0.2585974289493,-0.0356918182376,0.0595772957766,0.0602449205268,-0.0553079179002,-0.2321665124385,0.2318069820972,-0.2426954687758,0.3896280908004,0.0224448983451,0.1928812105806,0.0412602475539,-0.0320579351629,-0.1859962367591,-0.0113353185387,-0.0384111489235,-0.1640942103295,0.2591805463341,0.4055829672247,-0.1784504789825,0.3222273022157,0.1978930499573,-0.0316482083187,0.1817882842261,0.1169269172856,0.3250242769018,0.2063572056414,0.5960855873029,-0.1483671061020,-0.2226342736365,0.0083559985472,-0.1443761405701,-0.0957415813385,-0.2286715569725,-0.2487438074366,-0.2610997987942,-0.0067084540964,-0.0588467930857,-0.1958612289109,0.0275155543255,-0.1469085511511,0.0257909583923,-0.3253937294147,0.1883236609743,-0.0757459756235,0.0109380073018,0.0609101804457
-0.0887148553117,0.0254648414416,-0.0425356776667,-0.0360796307299,-0.0952061711876,-0.0245006851082,-0.2399480300554,-0.0797669806702,-0.1128318481495,-0.1572417826441,-0.1708697417669,0.0105773018887,-0.1603757156458,-0.0082695925912,-0.2213830074243,-0.1918807306617,1.0000000000000,-0.0637552261016,-0.0945469334516,-0.0265470947602,0.1302844096850,0.4610742792689,0.2712188151446,0.4656761622872,0.2272797549963,0.0049854660725,0.0967977870220,0.0404156176426,0.5091620184436,-0.1279851488333,0.3343974071236,-0.1740290321704,-0.0043732972834,-0.0565477637021,0.0082349249190,-0.0219079307422,-0.0017081261210,-0.0333665712921,-0.0146753165120,-0.0489292210869,-0.0271370758686,-0.1939881373742,-0.0667093820321,-0.1694698796072,-0.1662282413263,-0.1025033008520,-0.0275675127967,-0.1181453041435,-0.0657387628549,-0.1571376438935,-0.2050922320763,0.7877422503269,-0.0192197089832,-0.0950142568229,-0.0449108887074,0.0632492577206,0.1594806858018,0.2182871549971,0.2366885178139,0.2877796877647,-0.0749316086479,0.0682044710018,-0.0957537741602,0.2383168438548,-0.0781018297211,0.2065585881330,-0.1934787011534,-0.0759246435157,-0.0178746042583,0.0361684614859
0.0861481002217,0.2656820047940,0.2116875443622,0.4154373784982,0.2876218797843,0.0377319631513,-0.2947052002097,-0.0559021031891,-0.3060986307570,0.1275709882507,0.4121174586144,-0.3043892315179,0.0928111648192,-0.3193815105975,0.1489851568936,-0.1874470840554,-0.0637552261016,1.0000000000000,0.4485128360801,0.7252895580080,0.3161249588877,0.4391250064515,0.3084473935817,0.5159409099800,0.0829776561942,0.1678717307830,0.3638183034142,0.0659009536151,0.3236218608374,0.3643125315096,0.4464760651263,-0.0422282463929,-0.3224268055649,0.1437765948788,0.6602130790805,-0.0388324304731,0.3020142288002,-0.2547325866259,0.4826434255649,0.2994807408173,-0.3163238487869,-0.5136855434111,0.2098087692425,-0.4977376199154,-0.1058800011522,0.2139629664384,-0.3664842201169,0.0020306225152,-0.4322787499891,-0.2221127610330,-0.2311907051321,-0.2331819095920,0.6076993083380,0.2281311067563,0.3860190503528,0.1907359292603,0.2370869972859,0.1365157997674,0.2315544138542,0.0745139858574,0.1518949655905,-0.0322541869747,0.0464610495223,0.3219538896103,0.0327481383777,0.5100793989347,0.0735660361076,-0.1822272700051,0.1595808909808,0.3722800609133
0.1669194848301,-0.0129996464585,0.2895272962460,0.3277208580209,0.0008068168339,0.2616537353503,0.0730986558852,-0.2365782778335,0.2419666053884,-0.1216245004044,0.5003450796967,0.1987122023218,0.0911816874053,0.3320807399033,0.6628878343649,0.0944771228139,-0.0945469334516,0.4485128360801,1.0000000000000,0.7727573365300,0.1163318107225,0.4751982130647,-0.0450515595942,0.4076575551294,-0.2233244568758,0.3914458126520,0.3866774372671,0.1685377085128,0.1461006720673,0.4290577486314,0.0423358380171,0.1370414829846,-0.0993486146493,0.1030012956008,0.6329852490464,-0.1344104432309,-0.1701458731940,-0.4849115285060,0.3301353402869,-0.0080102254399,0.1192603754188,-0.1554201762579,-0.0031462524600,-0.1263101473432,-0.2784705640814,0.3319351027383,0.1989434414122,-0.1082529932547,-0.1365914546158,-0.0066973340644,0.0219792221203,-0.4159580088521,0.2379993456436,0.4086597583284,0.0515466762631,0.0572600019379,0.0890336852033,-0.3080502165133,-0.0846311451687,-0.2592675938077,0.1252466338239,-0.5400587915928,-0.0284419309156,0.2651238083388,-0.1087366049717,0.2475994316209,0.0764065946233,0.1405952684615,-0.0354726206935,0.3667104389689
0.2538738887713,0.2140254731680,0.1500961319489,0.3975379022699,0.1404793915733,0.1620567255124,-0.0490123667963,-0.2388825926464,-0.0021174819033,-0.0821049500540,0.5594124803917,0.0125770003688,0.1397236005662,0.0155977143262,0.5078424260866,-0.0548359638502,-0.0265470947602,0.7252895580080,0.7727573365300,1.0000000000000,0.3161024454548,0.4932937710644,0.1696686676377,0.4923952920596,-0.2153480066885,0.3182044758199,0.3825098949670,0.1554511244249,0.1889781927361,0.5588536235082,0.2522926046776,0.0593728221498,-0.1311440083859,0.3196130956292,0.7018429132445,0.0488719405600,0.0504474915647,-0.5480308256772,0.3492159980255,0.1347426245642,-0.0118932798528,-0.2965626893692,-0.0709880312331,-0.3061310895712,-0.2966198738772,0.3991970085389,0.0537264365719,-0.0110844461669,-0.4136230109115,-0.1080266319054,-0.1175241982372,-0.2853658744098,0.4689384109591,0.4113721142764,0.3175904316442,0.2202864102442,0.1860165203742,-0.1172975308626,0.0551602392886,-0.2003606759339,0.0624106745647,-0.3554505820309,-0.0768218650011,0.2433263089393,0.0743393252490,0.3540622712797,0.0126290542057,-0.0000422001954,0.2390860753180,0.5203571981487
0.1553168988609,0.3544519619139,-0.1231901333694,0.4995005584070,0.6207597701014,-0.3031765264198,-0.1710254868029,-0.2440127576754,-0.2760674447796,0.2390835996826,0.3982037978239,-0.2035830929923,0.4204442799260,-0.0384693684688,0.0288070293961,-0.1615241368326,0.1302844096850,0.3161249588877,0.1163318107225,0.3161024454548,1.0000000000000,0.2658620197139,0.3196356114191,0.2021142043873,0.1009205643586,0.2702042990006,0.0812977942822,-0.1945735292759,0.1500945912226,0.2213076556394,0.1114697787279,-0.0139011180852,-0.2180336390246,0.4140304976981,0.3179551098544,0.1712967684638,0.2688534188796,-0.3750411920713,0.3991296896351,0.5599925459536,-0.1035776217382,-0.1770351688161,0.0641947687133,-0.3279730232402,0.0614657538489,0.5476263566438,-0.0180122927407,0.4590267098181,-0.2554931509360,-0.2772103686173,0.0136890966050,0.0211270229655,0.1857976215127,0.0008587002592,0.0093280046256,0.8733331363623,0.0775914491154,0.1482941732511,-0.0826628850657,0.1542831354317,0.0211302516695,-0.1579874301452,-0.3988474724208,0.0789913037755,-0.0385074008000,0.3402736797504,-0.1298347803991,-0.1409246142532,0.3581327499423,0.3893612886595
-0.2231887226547,0.2536755571643,0.2749342010717,0.3801900531901,0.1459152374449,0.1760925164446,-0.2843933800587,-0.1678754833583,-0.0757670545287,-0.2146251253757,0.4671786205259,-0.1843618843496,-0.0678069050552,0.0110171747696,0.0712372380008,-0.2345144845481,0.4610742792689,0.4391250064515,0.4751982130647,0.4932937710644,0.2658620197139,1.0000000000000,0.3194222084360,0.9141476111581,0.0820753150177,0.3667867185490,0.3481368788841,0.1116191591887,0.6900897029427,0.2872531513277,0.5421270701410,-0.2058432269033,-0.0976074701935,-0.0087236896501,0.5807375291687,-0.2150363572139,0.0055009384319,-0.4169217037048,0.4095997090054,0.1611073848209,0.0014197417579,-0.3542807802488,0.1887263529017,-0.2923877183188,-0.2930382992495,0.3123406879641,-0.0149619268929,-0.1642445357927,-0.4038075002850,-0.3946275139190,-0.1504624910988,0.0792413743661,0.3259139654139,0.0744470988014,-0.0760910440477,0.1153672083368,0.4625408913257,0.0933923742327,0.2863820029836,0.1842626649319,-0.0335169696379,-0.3678980672116,-0.1207925934566,0.5761247824003,-0.1552659671371,0.6212211614267,-0.1255960382012,0.1344851034589,0.0642259942044,0.4178360495507
0.0333212343715,0.4084924830005,-0.0621259441446,0.4970630173926,0.2998171069632,-0.3835542708159,-0.4317562262683,0.1457291758064,-0.4509117096805,0.2143797869009,-0.0142064047483,-0.2335502340944,0.1140765042379,-0.2977905708411,-0.1518256990405,-0.2682662332904,0.2712188151446,0.3084473935817,-0.0450515595942,0.1696686676377,0.3196356114191,0.3194222084360,1.0000000000000,0.3524273620670,0.3138912977338,0.2507290480226,0.0932505284213,-0.0621091977085,0.3989495221469,0.2395978771341,0.6249756332322,-0.1694950466463,-0.1973355172578,0.0662913132355,0.1548953850476,0.1866935946843,0.4365756343971,-0.2359948588388,0.3633825471341,0.3261810477235,-0.2956259812431,-0.5145388920559,0.1985110584704,-0.5711950892114,0.1541621280415,0.0141747920125,-0.1517650625144,0.1693550076217,-0.3662189445696,-0.1819178323341,-0.0678378030257,0.2425067377895,0.2185712376709,-0.0138560376609,0.1243441312826,0.2556647641216,0.1225451821455,0.7239983789830,0.0614826559335,0.4756871888198,0.0589005498253,0.0121736247610,-0.2541628513508,0.2061204613252,0.0731899148523,0.4244568598301,-0.1274761542584,-0.1578204233093,0.1323768998990,0.1200179382483
-0.2023879575470,0.2517157452087,0.3797638036810,0.3305271288259,0.1158570216148,0.1254614531631,-0.3152395732070,-0.0633496370683,-0.1393873501414,-0.1695035944053,0.3541669185207,-0.1724013586737,-0.0406629491798,-0.0590041694690,0.0234217292698,-0.2585974289493,0.4656761622872,0.5159409099800,0.4076575551294,0.4923952920596,0.2021142043873,0.9141476111581,0.3524273620670,1.0000000000000,0.1490124317471,0.2795360954495,0.4442206886030,0.2687994712316,0.7125173900663,0.2452739987432,0.6076920247939,-0.2213838271350,-0.1569490093558,-0.0024147918117,0.5382038394818,-0.2711376148666,0.0720428819179,-0.3343851787152,0.3436136447659,0.1062792821538,-0.0684581620975,-0.4143332292352,0.1167477052576,-0.3349552090954,-0.3051472555106,0.1542356743747,-0.1254235876680,-0.1406763749246,-0.4213897743204,-0.3955896902529,-0.2286478429368,0.1831896817916,0.2645286083977,-0.0000093530156,-0.0703526209999,0.0788692413674,0.4585896945468,0.1485246034976,0.3852635638642,0.1705133372790,-0.0749415515779,-0.2956636321824,-0.0092077004150,0.5367171195448,-0.1293556320508,0.5402727248196,-0.1765654787334,0.0393917543781,0.0604710144882,0.3269027646860
0.1309003599820,-0.1412749926801,0.4111994456283,0.2665177939892,0.2950306825103,-0.2220681195971,-0.3052176208465,0.5866585996560,-0.2305042766347,0.6736205312539,-0.1377466641793,-0.3594364818371,-0.0416096417748,-0.0859535357518,-0.0676863384869,-0.0356918182376,0.2272797549963,0.0829776561942,-0.2233244568758,-0.2153480066885,0.1009205643586,0.0820753150177,0.3138912977338,0.1490124317471,1.0000000000000,-0.0389543785236,0.2366353196174,0.1857278508104,0.5245734400650,-0.3209086460294,0.3314016671293,0.1126609197374,-0.2221965951983,-0.3178790206622,-0.1851195597367,-0.2501471367176,-0.1361037945997,0.2690658696992,0.2753882418706,0.4022756442429,-0.2191305418819,-0.2857215023406,0.4808499797886,-0.2952847650744,0.5991257885367,-0.0712079589412,-0.3430308859788,0.0802978775306,-0.0973873440535,-0.0546686503986,-0.0022790977666,0.2099502999878,-0.1782730225094,-0.3324648642361,-0.2553363725195,0.0942216612481,-0.1539698036429,0.1241195800445,-0.1866966939999,0.7871101820473,-0.0222515398850,0.0707127906065,0.0206616481213,0.2576466602499,-0.3941640296027,0.0765577260584,0.1474644548016,-0.0652639377642,-0.3443708018965,-0.3655169749508
-0.0655194406997,0.4388478571509,0.0275213086973,0.5275866801670,0.1677361089326,-0.0223718205735,-0.0566669381345,-0.0398359982264,0.0182063679478,0.0081980295039,0.3718137710943,0.0702614861042,0.0998013840341,0.3513944354701,0.2211377681381,0.0595772957766,0.0049854660725,0.1678717307830,0.3914458126520,0.3182044758199,0.2702042990006,0.3667867185490,0.2507290480226,0.2795360954495,-0.0389543785236,1.0000000000000,0.2257748580251,0.0693722194791,0.1665081670860,0.3375744316680,0.1672319332878,0.0021581368133,0.0927842381222,0.0491118150049,0.3805920804867,-0.0330005124568,0.1760527135041,-0.3317625780212,0.5348772925822,0.1073428870780,-0.0760778901680,-0.1990903647845,0.1670564266031,-0.2352475554203,0.0234911973135,0.2704307277856,0.2685556455446,0.0572990079976,-0.1257075497698,-0.1322957144850,0.0784528614400,-0.1159021762743,0.1767259608778,0.1368524917960,-0.1213580456002,0.2452287723440,0.1711903760385,0.1287036463728,-0.0673367923495,0.0873838368185,0.3172142949318,-0.3032320825546,-0.0851181890553,0.2918010375982,-0.1016087581691,0.2844893820806,-0.0809763902789,0.2820591288534,0.0173870140660,0.3938594000709
0.0819818604337,0.2110579489062,0.5435653464181,0.3478296178054,0.0870754153012,0.0931637525438,0.0173868975161,0.2132353153959,0.2084907189712,0.0450008229211,0.3083043756683,0.0852688560567,-0.0090141270552,0.2188716811779,0.2874503418754,0.0602449205268,0.0967977870220,0.3638183034142,0.3866774372671,0.3825098949670,0.0812977942822,0.3481368788841,0.0932505284213,0.4442206886030,0.2366353196174,0.2257748580251,1.0000000000000,0.4405228227858,0.3330134414549,0.0421826355696,0.3587338074862,0.1435111963802,-0.1363641101944,0.1114105025480,0.3270857066950,-0.3528876117091,-0.1115385949552,-0.2075882876719,0.1248077104479,-0.0259924253563,-0.0088496624465,-0.1611128148732,-0.0211912088818,-0.1207457718672,-0.1335408429484,-0.0564090329644,-0.1651255503120,-0.1241428916196,-0.2446405262109,-0.1210507863989,-0.1225970384009,-0.0909040106399,-0.0661098682014,-0.1758813112207,-0.3494737593518,0.0591593520597,-0.0812418526956,-0.1838154006497,-0.1460849065539,-0.0161109207827,-0.1924832911537,-0.1832387838267,0.0203250286160,0.1708443094453,-0.4105595641419,0.0191323294528,-0.0809896791324,-0.0655749386673,-0.1044242829555,0.0969169860691
0.3081869070123,-0.1449905739245,0.7323772510528,-0.0249946972729,-0.0092880618592,0.1494154041962,-0.1721409198694,0.3849603983103,0.1053678089743,0.1899331988994,-0.0340594964549,0.0136819379569,-0.2463443319038,0.3038186363314,0.4177791354610,-0.0553079179002,0.0404156176426,0.0659009536151,0.1685377085128,0.1554511244249,-0.1945735292759,0.1116191591887,-0.0621091977085,0.2687994712316,0.1857278508104,0.0693722194791,0.4405228227858,1.0000000000000,0.1286213105097,-0.2996860972507,0.1189398777066,0.2770555018486,0.0192017195051,-0.1719361146100,-0.0882068847807,-0.4733497550650,-0.3140382976420,0.2055473114878,-0.1332195880911,-0.1990236545203,-0.0137288557050,-0.1519127700680,-0.1180636888496,-0.0562950968847,-0.0979142605630,-0.2273420363113,-0.1508408345909,-0.2881298735832,0.0201669045511,0.1144156133436,-0.1705252122661,0.0084708880203,-0.3191416582416,-0.1311948823477,-0.3177615329485,-0.2145679178446,0.0640343061942,-0.3403148203481,-0.0387042105127,-0.2154416515018,-0.0401907351873,-0.2146640373342,0.5483367613435,0.0904483845151,-0.4184753565907,-0.2627306427220,0.1602742175274,0.0402618151244,-0.3786430973843,-0.2906753002036
-0.2873584374179,0.1203802528414,0.3391711038391,0.3243336535276,0.0715353524478,-0.0226772996054,-0.3644931621955,0.1842309000045,-0.1160458874375,0.0485119486228,0.1694119695521,-0.3101088962843,-0.0618770050820,-0.1392177387499,-0.1141260343368,-0.2321665124385,0.5091620184436,0.3236218608374,0.1461006720673,0.1889781927361,0.1500945912226,0.6900897029427,0.3989495221469,0.7125173900663,0.5245734400650,0.1665081670860,0.3330134414549,0.1286213105097,1.0000000000000,-0.0114596537866,0.6390022881283,-0.1672524456893,-0.2239117917771,-0.2537970814908,0.3048813201062,-0.4095390285243,-0.0193645501297,-0.2076937660099,0.3418500680062,0.1568159089327,-0.1104050099918,-0.3788689964512,0.3863958528478,-0.3330944484468,-0.0547023494912,0.0965900315680,-0.1488720503867,-0.0912214872458,-0.3887928127918,-0.4219032305674,-0.0953543857786,0.3139115346579,0.0749809510918,-0.1891510754507,-0.2197265465705,0.0245525795196,0.2463824648786,0.2585252978379,0.1652441944508,0.5118685508207,-0.1622552068823,-0.2222180261382,-0.1599884639460,0.7437052158376,-0.3053840716641,0.5598383583863,-0.0608761762548,0.0664736921295,-0.0988716883950,0.0540528496152
-0.0358536850030,0.3444480292929,-0.3019989266324,0.2813775284200,0.0486253041790,-0.0090202563687,0.3119244198907,-0.2490627733385,-0.0244057973826,-0.1281476927193,0.4338121889443,0.1358993905215,0.4670422385798,-0.0233610006209,0.2258237033531,0.2318069820972,-0.1279851488333,0.3643125315096,0.4290577486314,0.5588536235082,0.2213076556394,0.2872531513277,0.2395978771341,0.2452739987432,-0.3209086460294,0.3375744316680,0.0421826355696,-0.2996860972507,-0.0114596537866,1.0000000000000,0.2045944233151,-0.0314817630773,-0.0488787687899,0.4831236138966,0.5316926414591,0.2732962938053,0.2629635384237,-0.4396509897197,0.2410266553626,0.1076364931808,0.0169610125031,-0.1433221939738,-0.1397424176335,-0.2076780013069,-0.1147540574954,0.2245368163352,0.1470766512632,0.3160033613746,-0.2460341496842,-0.1298727321903,0.1857922870005,-0.2048010790008,0.3115167756865,0.2797731436277,0.2844180476131,0.1621668420644,0.1451089316769,0.2428459687596,0.0846637708615,-0.0492701389326,-0.0276217199806,-0.2852668148848,-0.2260022264949,0.0540973442296,0.4940363195394,0.2698724109528,-0.1004805620039,0.0025600506633,0.4757412262491,0.4574530443740
-0.0943875889613,0.3049582297670,0.2455885221591,0.3607936931594,0.1515102374413,-0.1365120327244,-0.3266218090969,0.3714931654187,-0.2585166124896,0.0063965529220,0.1121506889705,-0.2613330775567,-0.0630233160279,-0.3463648862279,-0.1333887432220,-0.2426954687758,0.3343974071236,0.4464760651263,0.0423358380171,0.2522926046776,0.1114697787279,0.5421270701410,0.6249756332322,0.6076920247939,0.3314016671293,0.1672319332878,0.3587338074862,0.1189398777066,0.6390022881283,0.2045944233151,1.0000000000000,-0.2355299114874,-0.0315298813642,-0.0572451282777,0.2098253803929,-0.1386486267935,0.1615720899672,-0.1492546337159,0.2228413639232,0.1621805548545,-0.2056718486911,-0.4917177378726,0.2516517885177,-0.4279213996389,-0.0662155657005,-0.1146794126953,-0.2239168138834,-0.0826328617440,-0.5388940541106,-0.3257956439415,-0.1622166367234,0.1788434501923,0.2412818660586,-0.1521736388709,-0.0582244204186,0.0062502316744,0.0799687817516,0.4211287655215,0.1050665943619,0.4329268645152,-0.1716638151626,-0.0170723405432,-0.1533469292262,0.3827294884445,-0.1085122091811,0.4576534974366,-0.1356912321865,0.0324819585532,-0.0212216509832,0.1033073621922
0.3441218406332,-0.1132858025580,0.2513693129354,0.1046251800851,0.1290497316634,0.0171755141443,0.2386550132654,0.1967729534527,0.1899486966968,0.3053989012361,0.1521910785448,0.0992593267655,0.0809183009593,0.4369766976239,0.5261809461337,0.3896280908004,-0.1740290321704,-0.0422282463929,0.1370414829846,0.0593728221498,-0.0139011180852,-0.2058432269033,-0.1694950466463,-0.2213838271350,0.1126609197374,0.0021581368133,0.1435111963802,0.2770555018486,-0.1672524456893,-0.0314817630773,-0.2355299114874,1.0000000000000,0.0209557992501,0.1347899502506,-0.0714407857591,-0.2144570012033,-0.2457562576888,-0.0832112433191,-0.0946606187196,0.0168334150016,-0.0322309372709,0.0569934870551,-0.1934786263144,-0.0390779156322,0.1618714188944,0.0670477375244,-0.0590694082426,0.0667932436571,0.3617479524771,0.3149705892988,0.2033279446379,-0.1834305573411,-0.2925238551382,0.0426010182401,-0.1758419823276,0.0335157699917,-0.3356149947811,-0.3763245668029,-0.4537017847348,-0.1529191623620,-0.0228674973310,-0.2988247611084,0.0195678191449,-0.2097823115063,-0.1991782765939,-0.3753488964053,0.7382562286284,-0.0865815038620,-0.0612613339621,-0.0950743606526
0.0896118335109,0.0940111013226,-0.1433749494317,-0.1969184637772,0.0691511283778,0.4072163111451,0.2666246437206,0.0157650329974,0.3946745782581,-0.2981275689358,0.0257194097022,0.4766432226137,-0.2590129950898,0.2479166610029,0.0831470283676,0.0224448983451,-0.0043732972834,-0.3224268055649,-0.0993486146493,-0.1311440083859,-0.2180336390246,-0.0976074701935,-0.1973355172578,-0.1569490093558,-0.2221965951983,0.0927842381222,-0.1363641101944,0.0192017195051,-0.2239117917771,-0.0488787687899,-0.0315298813642,0.0209557992501,1.0000000000000,-0.0454152386242,-0.3507767099270,0.0730606329563,-0.1472558341747,0.0274543758423,-0.2994937923745,0.0036874944369,0.1493301838667,0.2620781081442,-0.2915449126932,0.3449090688606,-0.1805012205545,-0.1566535842853,0.1905532584914,-0.2704397814793,0.0799191838323,0.0894955598580,-0.0912763332714,0.0354316223060,-0.1406052027248,-0.1645382499571,-0.2124769041120,-0.1703168653408,-0.0608877709408,-0.1458840261536,-0.0726385821867,-0.1449254628493,-0.1611818742454,0.0318509132535,0.0186814829483,-0.1475018823256,-0.0501640163350,-0.2257314838004,-0.0165800699832,0.5493622391351,-0.1295017352327,-0.1273942729221
0.2189476234943,0.3186848789561,-0.2379433241694,0.2233390883254,0.2062119367100,-0.0942695932843,0.2500775562991,-0.2380178560714,0.0187954810359,-0.1461018422886,0.3564411930465,0.2248030111832,0.2935387111118,-0.0552321076602,0.1058798476076,0.1928812105806,-0.0565477637021,0.1437765948788,0.1030012956008,0.3196130956292,0.4140304976981,-0.0087236896501,0.0662913132355,-0.0024147918117,-0.3178790206622,0.0491118150049,0.1114105025480,-0.1719361146100,-0.2537970814908,0.4831236138966,-0.0572451282777,0.1347899502506,-0.0454152386242,1.0000000000000,0.3821631924920,0.3719445885083,0.2243151895340,-0.3494547191120,-0.0043681948880,0.1378526864674,0.0278013210865,0.1167709838757,-0.3698287693801,-0.0829349259283,-0.1785192745406,0.2648537575562,0.0714598933881,0.2794180592394,-0.2169330417060,-0.0739819068886,0.0229210411231,0.0261465197698,0.0928243912500,0.0677999538637,0.0988881221659,0.4220851169291,-0.0116116948949,-0.0079358907632,-0.0227298091837,-0.2429838927065,-0.0568614741283,-0.1051074380605,-0.1687202053523,-0.2180144432891,0.2903267564448,-0.1096064486586,-0.0903863660849,-0.3160937223877,0.6832631282656,0.5314910804966
