1.0000000000000,0.1518589114866,-0.1516858132520,0.2879515714354,0.3894528902245,0.3093246414725,0.5747000464878,0.2495043172948,0.2824118928919,0.1023013656985,0.5896095228461,0.2608791296352,0.4836316057819,0.1980725134546,0.6230792629701,0.3744688630301,0.1105821640978,0.2848828326568,0.2106107823267,0.1104722208107,0.4385693761516,0.6364629835202,0.1866643749689,0.4312165018327,0.1021269848749,0.0569226498439,-0.2382275787208,0.0100429150896,0.4439469392683,0.7029596490542,0.5776735103451,0.1613194931373,0.2126500352769,0.5774872804596,0.4017742059315,0.6506942582502,0.0053903865441,-0.3309606544153,0.0760921847147,0.2412770913457,0.2907234470292,0.4984177194245,-0.1927872630796,0.1786528781837,-0.0963639943794,0.5159054488806,0.0161784407535,0.3162447956745,-0.1830732024584,0.1953807008158,0.3892814758426,0.1920612875419,0.2524365810513,-0.1248220068951,0.1590899361918,0.2324930733445,0.3091287637373,0.0671324802019,0.2888686159239,-0.0742753753445,-0.0597725358839,-0.3748038501046,-0.0931295878402,0.2864040654506,0.4854677593660,0.2817862255057,0.1686027065833,0.3146409205573,0.4985924992698,0.4247689632571
0.1518589114866,1.0000000000000,0.2963759870865,0.5176241282307,0.2290557476253,0.1210511571821,0.0831981817443,0.2263990648395,-0.0165238008738,0.1904793462576,0.0848325343549,0.0688115982454,0.0405793310421,0.0540028598820,-0.0219491101125,0.0595369653790,0.3372070763020,0.1434485914482,0.0835527957742,0.2999910759634,0.0555599963153,0.4450083837551,0.5824116505433,0.4465591646482,0.3811137877853,0.2871728234378,0.3941772934604,0.4587273093166,0.4114737251622,0.2479336641086,0.4495964301231,-0.0123884487232,0.0331389262451,0.2652385472699,0.2883281464529,0.1917892006909,0.7482102514555,0.2119008163337,0.4575645440698,0.2137729299224,0.0959837512664,0.0140975766010,0.1775662728525,-0.0967653128955,0.1578548008203,0.0600191192071,-0.2004999253986,0.0029129843932,-0.1972223302658,-0.1923684849311,0.0685130865233,0.3618120496836,0.2874041069620,-0.1813307014055,0.1372429022681,0.0092021415676,0.3597117334919,0.5329616424880,0.4056122873819,0.3475126384256,0.1289237560709,0.1177046842534,0.4010017724024,0.3854043362174,0.1980080558247,0.4560497537540,-0.1717705155428,-0.0417422036353,0.2372663875862,0.3013019408687
-0.1516858132520,0.2963759870865,1.0000000000000,0.2538713868310,0.1979011423954,-0.0900099123950,-0.2847085204015,0.5196789128029,-0.0992853980883,0.4204714896988,-0.0828651158343,0.0413813836411,-0.0825291035609,-0.0212592184264,0.0492816590968,-0.1597730346805,0.2456618899172,0.2760718970306,0.0454004531898,0.0255456606623,0.0848222162759,0.0013949053864,0.4671150756453,0.3417927968308,0.6097347635198,0.0803436204234,0.5812343869800,0.7096199911227,0.3298836390547,-0.2639609391613,0.2490778260888,0.0397713090626,-0.1230478239376,-0.2447050596596,-0.1490976416150,-0.1855683629377,0.0983892044088,0.7051303949412,0.2900658743162,0.2494949686665,-0.1341510301101,-0.3894988641412,0.4029304384834,-0.2500449248421,0.3610441890775,-0.2515226824624,-0.0565236321418,-0.0717938635787,-0.0389682210652,-0.1353948539330,-0.1336767542184,0.1786862504973,0.1081104455102,-0.0132935873997,0.0067700398801,0.1346998461838,0.0750447400996,0.3354987007162,0.2268221857108,0.4219109423790,0.0356583100601,0.4371114340909,0.5932057107191,0.2323091189315,-0.3221818479041,0.0738670687721,-0.0399427596197,-0.2083474879127,-0.2395693257019,-0.2246233553581
0.2879515714354,0.5176241282307,0.2538713868310,1.0000000000000,0.4251411870618,0.1854361720344,0.3450220289688,0.5998761025411,0.3253090217882,0.6158476925944,0.3737818544349,0.1729347362085,0.2571429170770,0.1935777355439,0.2183983689081,0.4382757560156,0.0325254175180,0.1828887433008,0.1535218589624,0.2652521497406,0.2926903855084,0.1803232959386,0.6133386209158,0.2225440056529,0.6108501777090,0.3994042402997,0.4155939664400,0.2137158243575,0.4383922339861,0.2689923523941,0.4851214470339,0.2497621854680,0.0988848066656,0.4127867585762,0.3984940132823,0.4146130899234,0.4742121188777,0.1945409187740,0.7637189248443,0.3831157766758,0.2216841913135,0.2057262601176,0.5477050401442,0.2054586358059,0.5296992640634,0.0779921804015,-0.0360632781695,0.1961891737770,-0.1983949214857,0.2753385276541,0.4516116949271,0.0779111616365,0.5990114220899,-0.0305424811423,0.2670971782722,0.1128186515768,-0.0403147697525,0.5462085773713,0.0718714451258,0.6307564383087,0.1941026877844,0.2088826488251,0.3167839172162,0.3105704149303,0.1688850304181,0.3428012062167,0.1611623821292,0.2094311703036,0.2294552727049,0.4087476425167
0.3894528902245,0.2290557476253,0.1979011423954,0.4251411870618,1.0000000000000,0.1135568228161,0.3686154036190,0.5330746269378,0.1872075206985,0.3806417181236,0.6532369706837,-0.0354347537061,0.6832612519162,-0.0391996197575,0.1420850510527,0.3823068551680,0.1240128613866,0.1372006276101,0.0341390670962,-0.0187821258552,0.8070548221440,0.2835757765341,0.2701467241722,0.3209100263247,0.4061290578756,-0.1574737541972,-0.0789528814021,0.0789536358391,0.6668724491955,0.1821977287962,0.5780898450473,0.0099853104173,-0.1564585802989,0.1817675009944,0.0608618564886,0.3071409008756,0.1627564908722,0.0546853030671,0.2725256851039,0.8871881667061,0.1033200101001,0.3271577712610,0.1947976005480,0.0413418576666,0.2499129419539,0.4943473267824,-0.1044154665677,0.6994962987502,-0.3240781413435,-0.0370540194045,0.2949695787004,0.1202689725016,0.4232749202563,-0.1209623038215,0.0326086150378,0.6572132315970,0.0776595776438,0.1379283527412,0.2220222086330,0.2714015225800,-0.2153418223635,-0.0525844860282,0.0728677038963,0.6069750462166,0.0900991500757,0.2697201969357,0.0316872035018,-0.0190889452229,0.1369524118559,0.1064454578229
0.3093246414725,0.1210511571821,-0.0900099123950,0.1854361720344,0.1135568228161,1.0000000000000,0.6318965691737,0.1268300052104,0.7037580671395,0.0003664112232,0.4239444223045,0.3053145626348,0.0521176455253,0.4752216958791,0.3591737606294,0.5014841299694,-0.1127158916029,-0.1813340062565,0.3420951659484,-0.0066257973001,0.0702885031618,0.1295986278658,0.1034543302946,0.0272786118245,0.0881174214586,0.0270147574308,-0.1084498360509,-0.0781169430745,0.1299087180987,0.4965547901285,0.1280179353688,-0.1656612319647,0.5443154466479,0.2797313217504,0.1125098149637,0.1789512187661,-0.0244517696972,-0.2511788227349,-0.0306331880514,0.0282026182480,0.8530159393694,0.5801127575900,-0.0932281376086,0.6801828693615,-0.1193217289443,0.1669280273515,0.1153227760935,0.0396330134573,0.1393488485159,0.2994557119119,0.4581487099701,-0.0812585122324,-0.1162359884699,-0.0862811219030,-0.2168056954270,-0.0359418104528,-0.1147212526706,0.0096147293664,-0.0798645274436,0.0255988812924,-0.1641319251404,-0.4485512065099,-0.1929167415599,0.0593666074971,0.1235366537997,-0.0750309282205,-0.0977412943256,0.4218046390596,0.1845259710113,0.0802819348535
0.5747000464878,0.0831981817443,-0.2847085204015,0.3450220289688,0.3686154036190,0.6318965691737,1.0000000000000,0.1591847036570,0.7305784624951,0.0430685809192,0.7582016742302,0.4545486481412,0.5753011789829,0.5036681112611,0.5061450864979,0.7424742383146,-0.1069682046195,-0.0236764424648,0.4368538677670,0.1609979585713,0.4776320259848,0.2444303276264,0.0056740793132,0.0269670376615,0.0304372795602,0.1491339263609,-0.0984146818077,-0.2176818770578,0.2440931925385,0.6735366584657,0.2604934349976,0.0301796555035,0.3806538159117,0.4632549975173,0.4126246364415,0.3993000959665,0.0003778375118,-0.4396735801162,0.1567061604835,0.2938664510306,0.6388145767434,0.8805227090227,-0.0983032697899,0.6441900482282,-0.0775546735855,0.6406200727144,0.2737110126630,0.5102905025361,0.1178843414517,0.3573976497886,0.6444817501884,-0.0908488014957,0.1118270338462,0.0603374645208,0.0512381263318,0.3144045655904,-0.1112115103190,-0.0708980695273,-0.0994657712355,-0.0185361496207,-0.0231832460233,-0.3880937550745,-0.2980111069096,0.2178209698838,0.3760074740278,0.0271842140956,0.0805125476056,0.4362277933135,0.3306866992077,0.4125111925623
0.2495043172948,0.2263990648395,0.5196789128029,0.5998761025411,0.5330746269378,0.1268300052104,0.1591847036570,1.0000000000000,0.3466601898919,0.6335018542912,0.4909279449529,-0.0362384447354,0.2055550654437,0.0308761592556,0.3009739386595,0.2844236117885,0.0396719582144,0.1510224646588,0.0317277696680,-0.1347248087488,0.3594589426078,0.0545662481795,0.3826398605719,0.1745357781868,0.7248396117916,0.0270513411111,0.2962518589181,0.3083470995473,0.5404943006742,0.0261196112302,0.5537486230968,0.2087685828214,-0.1359246116928,0.1204548205977,-0.0585080644439,0.1122682938175,0.0151645178934,0.2755361369109,0.3863029084474,0.4619785624257,0.0872250690343,0.0065270351583,0.5344778925134,0.1055010492616,0.4771663892100,0.0514065821264,-0.1096989031205,0.1766157095922,-0.3305412680631,0.1802478647555,0.2404473359088,0.0355406172108,0.3015231096854,-0.1744738585099,-0.1095778477396,0.2111341360196,-0.1778854611680,0.2102202710418,-0.0398647868868,0.5408035350250,-0.1581298075713,0.1484149660753,0.2954415790913,0.2781860402846,-0.1902679716733,0.0776135312136,0.1241701607886,0.0591881949210,-0.0407594713191,-0.0371968703951
0.2824118928919,-0.0165238008738,-0.0992853980883,0.3253090217882,0.1872075206985,0.7037580671395,0.7305784624951,0.3466601898919,1.0000000000000,0.0950900332719,0.5405444065472,0.3902998002934,0.1820691281555,0.5342597174289,0.4645713981488,0.6034865668916,-0.2038377855792,-0.0834873686824,0.3852801407743,0.0279895633280,0.2277071191959,-0.0722111807424,-0.0483150348620,-0.1259638263744,0.0750224600474,0.1627577822145,0.0190430613739,-0.1742218040459,0.1022715263454,0.3529968426386,0.1700291670554,-0.0927724969198,0.3934200922736,0.2748986279892,0.1711234564961,0.1171682583404,-0.1221314453989,-0.2691440253596,0.1792092216851,0.1173265669303,0.6292727134191,0.5930527203789,0.0392628296219,0.7700645536928,-0.0145543943094,0.2381880826493,0.4000749847705,0.1512238807150,0.2331094228584,0.4148317939392,0.4553190637093,-0.2333631981435,0.0567597625755,0.1215189794582,-0.0864418162351,0.1115981461931,-0.3683144489889,-0.1248888029495,-0.2850293364925,0.0298415301112,0.0341482946062,-0.2498890017790,-0.2506477358990,-0.0075320586345,0.0272683488514,-0.1450768010223,-0.0107633862934,0.3769298549470,0.0756778585112,0.2048941833778
0.1023013656985,0.1904793462576,0.4204714896988,0.6158476925944,0.3806417181236,0.0003664112232,0.0430685809192,0.6335018542912,0.0950900332719,1.0000000000000,0.2686178650627,-0.0872790378584,0.2533647664176,0.0294930445104,0.1364287277564,0.2677324528666,0.0165328203561,0.0546119087849,-0.1721173128233,-0.0934148829527,0.3377242700712,-0.0041870127888,0.5196921184954,0.0855212146064,0.7246720623189,0.2392802473988,0.2918605022766,0.2382689380859,0.2601159314898,-0.0602881687609,0.2090729075036,0.2292254813713,-0.1385168508536,0.1450707025448,0.0497233226626,0.1461959470547,0.1635023737617,0.2747804055530,0.5296028527367,0.4180447201936,-0.0354718083324,-0.0888910535289,0.5915239274567,-0.0878382279698,0.8457024564586,-0.0068890577046,-0.1210569130823,0.2040034527216,-0.0604216656582,0.1855285479781,0.2550528293485,-0.0090251886322,0.3356349190585,-0.1256493242631,0.0480242321708,0.2530304840637,-0.1131271229757,0.4024760431795,-0.0308482441912,0.6402127003148,0.1302169183499,0.2348469548272,0.2824892825140,0.1310156713806,-0.0718341683760,0.0353126548540,0.2008077785229,-0.0262769816977,0.0529284534776,0.1066639725722
0.5896095228461,0.0848325343549,-0.0828651158343,0.3737818544349,0.6532369706837,0.4239444223045,0.7582016742302,0.4909279449529,0.5405444065472,0.2686178650627,1.0000000000000,0.1382759379043,0.7127710950158,0.2200385381854,0.4588086620717,0.5966983541305,-0.0809182659939,0.0195555168904,0.2256160543839,-0.0187251138505,0.6889645068245,0.2632763635091,0.0573778122192,0.0828745225896,0.2607933769486,-0.0125946011374,-0.1198624701319,-0.1099796597747,0.4826964434939,0.4946773484275,0.4231932073198,0.1042184555521,0.0680845130673,0.4522995766434,0.1786317157885,0.3803702484572,-0.0624598559381,-0.2571254857243,0.1947901782181,0.5965099272335,0.4237958436887,0.6808099000208,0.0320656271434,0.4109703473884,0.1115878091883,0.7526125908762,0.0639706787115,0.6708727644749,-0.1326087385941,0.2606238004265,0.5368574303636,-0.0863662729394,0.1367574153291,-0.1163018982328,-0.0286088089809,0.5430830820912,-0.1222869377061,-0.0613728318804,-0.0764351686279,0.1177578721008,-0.1737547892944,-0.2814941928498,-0.1706953234784,0.3731693888269,0.1683575402772,0.0118245872482,0.1805841162831,0.2950508003213,0.3065245108672,0.2402506205018
0.2608791296352,0.0688115982454,0.0413813836411,0.1729347362085,-0.0354347537061,0.3053145626348,0.4545486481412,-0.0362384447354,0.3902998002934,-0.0872790378584,0.1382759379043,1.0000000000000,0.1002077923744,0.6714482719671,0.5683166483605,0.4483761406292,-0.0097524277944,0.3778954279488,0.7333970156920,0.4908057624507,0.1011911266634,0.0068844934822,-0.0591346830661,0.0848700994447,-0.1392861676795,0.4480763915728,0.3538352499679,0.2233215083297,-0.1139550201523,0.4393929028281,0.0198730641357,0.2421332615939,0.4256787392217,0.0816069060652,0.5558817321565,0.1970614408058,-0.0295784592634,-0.1875897649983,0.1032317817441,-0.0856398491179,0.3722422263212,0.4248361895529,-0.1420153284575,0.4572929099068,-0.1950833228686,0.1168811150586,0.6353768437496,0.0839700700169,0.4752589772649,0.4625006300082,0.4641909348331,-0.0428001308912,0.0971340524977,0.5046732293502,0.3504017715787,-0.0106513604826,-0.0906350863337,-0.1243450544588,-0.0556374407715,-0.2012902198304,0.3751718241827,-0.0203394063681,0.0353264096043,-0.1287915109792,0.3013678954913,-0.1080344774552,0.1655059340599,0.1829966391985,0.0600189670171,0.3580464152687
0.4836316057819,0.0405793310421,-0.0825291035609,0.2571429170770,0.6832612519162,0.0521176455253,0.5753011789829,0.2055550654437,0.1820691281555,0.2533647664176,0.7127710950158,0.1002077923744,1.0000000000000,0.0637627958371,0.2012087240577,0.4908864020894,0.0359055883089,0.1430154261571,0.1583932341610,0.1883779569143,0.8800448781882,0.2807298421462,0.0502928534543,0.1533669567550,0.1351464683766,0.0500970083112,-0.0780489533580,-0.1561108177027,0.3920957681252,0.3948205752322,0.3377958662072,0.0665195729276,-0.0691011459522,0.4033193940863,0.3564729388778,0.3324781932459,0.0148711895234,-0.1895187731755,0.2112426078643,0.6736557152272,0.0838849001201,0.5590688825910,0.0048620062708,0.0667119237295,0.1555763534599,0.7589949596772,0.0800268486992,0.9267096372783,-0.0794848544753,0.0597749885807,0.4494772159437,0.0206962992341,0.2872545763824,0.0469197144171,0.1901862317525,0.7943973573982,0.0311697065606,-0.0182356408126,0.0991923467641,0.0762744045386,-0.0058730861699,-0.0982549938717,-0.1718880244594,0.4503019702714,0.2971429287176,0.1166023099805,0.1369862476043,0.0688972661438,0.3273389006386,0.3800990867602
0.1980725134546,0.0540028598820,-0.0212592184264,0.1935777355439,-0.0391996197575,0.4752216958791,0.5036681112611,0.0308761592556,0.5342597174289,0.0294930445104,0.2200385381854,0.6714482719671,0.0637627958371,1.0000000000000,0.4911536612415,0.5077135253627,-0.0399236729530,0.0317597437240,0.6843457204276,0.3378771904222,-0.0148984542093,0.0030322556203,-0.0351670020137,0.0146102377487,0.0148729196571,0.4361620704464,0.2216103547387,0.1646254672467,-0.0475149251546,0.4114682620003,-0.1007126604669,0.0787920172908,0.3417296449916,0.1366385502557,0.2683165440357,0.1257251410804,-0.1368578320071,-0.2895376369269,0.0212019075091,-0.1030821263205,0.5299222329167,0.4684696428527,-0.1715242709258,0.5487772747660,-0.0464273282015,0.1332274367251,0.4577623548224,0.0516875758145,0.5618711863588,0.4470351825003,0.4658279129654,-0.0146344879928,-0.1577047888304,0.2879947579770,0.0423472602779,-0.0894602089016,-0.1707877807964,-0.1257074177088,-0.1008458628779,-0.0909723516125,0.2026740711270,-0.2867454866820,-0.0336938483516,-0.1619591944900,0.1187480004669,-0.2840901452473,-0.0243543220066,0.2753862920312,0.0086835401370,0.1401875170200
0.6230792629701,-0.0219491101125,0.0492816590968,0.2183983689081,0.1420850510527,0.3591737606294,0.5061450864979,0.3009739386595,0.4645713981488,0.1364287277564,0.4588086620717,0.5683166483605,0.2012087240577,0.4911536612415,1.0000000000000,0.3536604405575,-0.1152756241530,0.4686023531391,0.5188900124547,0.2066389783387,0.1960532809232,0.1676715396722,-0.0273140848385,0.1217982462526,0.0413781435188,0.1295132400468,0.0580463132031,0.1785686065473,0.0656959698093,0.5251645262015,0.2426517342575,0.2609833210304,0.3536330641522,0.3083394011951,0.2771616408075,0.4303939402828,-0.2057067555259,-0.3288663219595,0.0772182404963,0.0298245756440,0.3770296246310,0.3793661552779,-0.2253477876808,0.3759483357314,-0.0923045427177,0.2398763784003,0.3064965579579,0.1186485879089,0.1776736500889,0.5377637980775,0.3779341063177,-0.0852384274812,0.0392719014072,0.1758379372819,0.2122636701053,0.0377641603432,-0.1204077645363,-0.1753722514351,-0.1088033600847,-0.2065084923641,0.0528656721479,-0.2273043578563,-0.0965374270157,-0.1593330239858,0.2362360828570,-0.1098999409932,0.2714031680057,0.3933678824591,0.2224564053799,0.2150225198644
0.3744688630301,0.0595369653790,-0.1597730346805,0.4382757560156,0.3823068551680,0.5014841299694,0.7424742383146,0.2844236117885,0.6034865668916,0.2677324528666,0.5966983541305,0.4483761406292,0.4908864020894,0.5077135253627,0.3536604405575,1.0000000000000,-0.1731463847199,-0.0442318531235,0.4264242386381,0.2231964891658,0.4650696562740,0.0383627695629,0.0709585291485,-0.0461233365998,0.1625358154000,0.2237107037897,0.0350973080685,-0.1925584776518,0.1642292181838,0.5198042566554,0.1882653262775,0.1801218461590,0.1962644191718,0.3809998747750,0.4248821778662,0.2810774628551,-0.0007519776980,-0.2755239105288,0.2359741662450,0.3289122013776,0.5319800402012,0.6393578906396,0.1642763090296,0.5504788142548,0.1859065869227,0.3387510372266,0.2599988123409,0.4543481619100,0.1773394721401,0.4563779854828,0.7335275468358,-0.1770511153815,0.1953509181659,0.1523185797785,0.0608236259855,0.2819119700891,-0.2550237759341,-0.0363493026156,-0.2025546897396,0.1786539734788,0.0659504116205,-0.2243162868152,-0.1877304812994,0.1118723119695,0.2465502679635,-0.1004201204554,0.1649569530610,0.2062312005577,0.1558162755717,0.3480024714466
0.1105821640978,0.3372070763020,0.2456618899172,0.0325254175180,0.1240128613866,-0.1127158916029,-0.1069682046195,0.0396719582144,-0.2038377855792,0.0165328203561,-0.0809182659939,-0.0097524277944,0.0359055883089,-0.0399236729530,-0.1152756241530,-0.1731463847199,1.0000000000000,0.0783652609670,-0.0531019400815,0.0785746810978,0.0310461494958,0.5568113713548,0.3433793293280,0.6794726225913,0.2864153459723,0.0303395156622,0.0648178519520,0.4303080957136,0.5065492907947,0.0441271572391,0.3827086442632,-0.1355796473604,-0.1391953019214,-0.0440430087541,0.1415958596348,0.0647775771565,0.2720692331945,0.2964918669344,0.1149775424694,0.0875997635535,-0.1634076119443,-0.1346042295712,0.0430251512251,-0.2857256591324,0.0223787583283,0.0480701270415,-0.0853705473942,-0.0179794904380,-0.0545968432589,-0.3434887566269,-0.1552564622400,0.9216148586214,0.1114539102737,-0.1104983413251,0.0475634827465,0.0094250398815,0.6702216632198,0.3649937273776,0.7811755324700,0.2431279938873,0.0504156689270,0.0644620924138,0.5689954456014,0.5218578817649,0.1010628754809,0.3828091333100,-0.1668435347238,-0.1691681580463,0.0923858757562,0.0518791735847
0.2848828326568,0.1434485914482,0.2760718970306,0.1828887433008,0.1372006276101,-0.1813340062565,-0.0236764424648,0.1510224646588,-0.0834873686824,0.0546119087849,0.0195555168904,0.3778954279488,0.1430154261571,0.0317597437240,0.4686023531391,-0.0442318531235,0.0783652609670,1.0000000000000,0.3886401590612,0.5661728997871,0.1857315327532,0.1657619220623,0.1005538994653,0.3873882901890,-0.0723119700573,0.1911916910249,0.2756745142539,0.3902653737811,0.0810604764180,0.2110034278738,0.3640512368210,0.3536565062930,0.0585727621590,0.0830476731928,0.3954030927267,0.3261576633142,0.0453953908393,0.0103636252244,0.1977721475131,0.0901141327934,-0.1308413183536,-0.1129755310958,-0.0741800559129,-0.1629711390869,-0.0954223488676,0.0168957828086,0.1228266625947,0.0793968118715,-0.0360870576575,0.0957071297398,0.0913084115956,0.0899839019989,0.4075319111133,0.2781083662777,0.5971463147292,0.1595780941416,0.1254542010863,0.0254544589863,0.1756359081967,-0.1912669632649,0.1975253442119,0.1820505295623,0.1499313030218,0.0313700091006,0.2019918450713,0.1752043656790,0.2405559645768,0.0695874007165,0.2438048305159,0.2532591523968
0.2106107823267,0.0835527957742,0.0454004531898,0.1535218589624,0.0341390670962,0.3420951659484,0.4368538677670,0.0317277696680,0.3852801407743,-0.1721173128233,0.2256160543839,0.7333970156920,0.1583932341610,0.6843457204276,0.5188900124547,0.4264242386381,-0.0531019400815,0.3886401590612,1.0000000000000,0.6305737495157,0.1032033721260,0.0408540763206,-0.0726095394519,0.1001993530284,-0.1526626955514,0.1796499136243,0.2451602262811,0.1373875943964,0.0248928474947,0.5038685400761,0.1176327784452,0.0958908142907,0.2565867594304,0.1303704390603,0.3924246417582,0.1729858975486,-0.0984622644917,-0.1711463127452,0.0186621011101,-0.0502310972440,0.4207963710875,0.4475303808878,-0.2162159393028,0.4610418902159,-0.2992745578430,0.1591797283253,0.4737380939679,0.1473421488054,0.3601469161974,0.4036623064056,0.4340586734906,-0.0530521148742,0.0603544041119,0.5257139878769,0.3059297475447,0.0318325758452,-0.0921327197848,-0.1627530948170,-0.0321159877276,-0.2479353910031,0.0670150411979,-0.1076972763733,-0.1032089068203,-0.0632720041358,0.2329933838341,-0.0786273370009,-0.0516128839443,0.2115825863303,0.0908796161314,0.1978947214536
0.1104722208107,0.2999910759634,0.0255456606623,0.2652521497406,-0.0187821258552,-0.0066257973001,0.1609979585713,-0.1347248087488,0.0279895633280,-0.0934148829527,-0.0187251138505,0.4908057624507,0.1883779569143,0.3378771904222,0.2066389783387,0.2231964891658,0.0785746810978,0.5661728997871,0.6305737495157,1.0000000000000,0.0732135761863,0.1657039971967,0.1069302801125,0.2342522768118,-0.1403293325675,0.3419491371274,0.3461774515323,0.1407159065553,0.0044363181005,0.4382476556883,0.1808829704176,0.1671955291616,0.1128010902546,0.2989106681963,0.6284884755004,0.2963915623546,0.2483030831641,-0.0353900096854,0.2548563974792,-0.0269370988198,0.1246717253762,0.1557233372882,-0.0609994618163,0.1082811764657,-0.1522297363174,0.0352853636706,0.2216856535851,0.1260695577216,0.2527208684211,0.2376678199227,0.3068840796410,0.1086734555671,0.3175902019790,0.5508680720911,0.6293135799751,0.0418870360822,0.1224251900866,0.0949460136075,0.1742517189259,-0.0873024257778,0.3187874182158,0.1682595200935,0.0579111696666,0.0527795056249,0.4761752690642,0.2066521763630,0.0264738742717,-0.0660702310925,0.2730797374237,0.4665471676069
0.4385693761516,0.0555599963153,0.0848222162759,0.2926903855084,0.8070548221440,0.0702885031618,0.4776320259848,0.3594589426078,0.2277071191959,0.3377242700712,0.6889645068245,0.1011911266634,0.8800448781882,-0.0148984542093,0.1960532809232,0.4650696562740,0.0310461494958,0.1857315327532,0.1032033721260,0.0732135761863,1.0000000000000,0.2122510407541,0.1117198905793,0.1771379445016,0.2445805028690,-0.0213415841251,-0.0553018001869,-0.1011286674091,0.4464446630112,0.2834378733240,0.4354302780948,0.0237633059509,-0.0967050199519,0.2774413305700,0.2684602679022,0.3345345443017,0.0298598716976,-0.0425840754967,0.2531723816553,0.7980208924707,0.0667706699215,0.4363209288660,0.1304533921807,0.0751205038824,0.2314515665892,0.6224576283450,0.1546318274067,0.8534460102938,-0.0900148713640,0.0705415640709,0.4005623304413,-0.0288558408465,0.4044435024774,0.0634725246242,0.2070530205553,0.9020005480423,-0.0214253068056,0.0145319996459,0.0938460368800,0.1615461899347,-0.0367053420136,0.0182832345670,-0.0919287720212,0.4752555716607,0.2083208089233,0.1452147260417,0.0990572981088,0.0160341068637,0.2637477767439,0.3191765106382
0.6364629835202,0.4450083837551,0.0013949053864,0.1803232959386,0.2835757765341,0.1295986278658,0.2444303276264,0.0545662481795,-0.0722111807424,-0.0041870127888,0.2632763635091,0.0068844934822,0.2807298421462,0.0030322556203,0.1676715396722,0.0383627695629,0.5568113713548,0.1657619220623,0.0408540763206,0.1657039971967,0.2122510407541,1.0000000000000,0.3486955348547,0.8029132197529,0.1717516269443,-0.0275964797157,-0.1961903327336,0.1604105925247,0.6252522117376,0.5542168527859,0.6180097294016,0.0155335102274,0.1057853239597,0.4402711071022,0.3238495993233,0.4645125986306,0.3461187700133,-0.0557930055421,0.1012503701222,0.1967038317228,0.1318490768884,0.2299325506059,-0.1842964187366,-0.1046232255541,-0.1226240910589,0.3723597082221,-0.2178040787267,0.1487559249164,-0.2329227563446,-0.2453467478568,0.0854761413427,0.6064628108692,0.1717155242628,-0.2146188771566,0.0927925567181,0.1201268421053,0.8118506527257,0.3139945570591,0.7631883202064,0.0498397075942,-0.0762711271729,-0.2656048079274,0.1487794943360,0.5676865170334,0.4839117125145,0.5876523258285,-0.0715141292417,0.1648190876059,0.5063557375886,0.3389379700516
0.1866643749689,0.5824116505433,0.4671150756453,0.6133386209158,0.2701467241722,0.1034543302946,0.0056740793132,0.3826398605719,-0.0483150348620,0.5196921184954,0.0573778122192,-0.0591346830661,0.0502928534543,-0.0351670020137,-0.0273140848385,0.0709585291485,0.3433793293280,0.1005538994653,-0.0726095394519,0.1069302801125,0.1117198905793,0.3486955348547,1.0000000000000,0.4486276927536,0.6491657465157,0.1575327888255,0.2593371132121,0.4310964028047,0.5190060265361,0.1234562740370,0.5026370559860,0.0184745837862,-0.0544554256401,0.2021464459591,0.1913723147692,0.2487633345417,0.5406140975408,0.4519583112019,0.5342958923246,0.2648076378832,0.0760727918732,-0.1011566168432,0.4144347938236,-0.1550554794186,0.4261211448281,-0.0856241609637,-0.2366222785750,-0.0271997121261,-0.2573003608187,-0.1598462537005,0.1223585921027,0.3357934631876,0.4178194133298,-0.2768059779763,0.1003457055786,0.0484895781198,0.3357897746458,0.8845182020092,0.4042047551774,0.5959379410193,-0.0375058566443,0.1408510777599,0.4636732449129,0.4459479666831,0.0818259829162,0.5326343857858,-0.0524282745165,0.0099686063840,0.2220707554419,0.1697261393430
0.4312165018327,0.4465591646482,0.3417927968308,0.2225440056529,0.3209100263247,0.0272786118245,0.0269670376615,0.1745357781868,-0.1259638263744,0.0855212146064,0.0828745225896,0.0848700994447,0.1533669567550,0.0146102377487,0.1217982462526,-0.0461233365998,0.6794726225913,0.3873882901890,0.1001993530284,0.2342522768118,0.1771379445016,0.8029132197529,0.4486276927536,1.0000000000000,0.2496762955920,0.0351978588522,0.0259647203330,0.4355295096312,0.6349934482949,0.2942417967072,0.6673557809623,0.0754231941494,0.0258159351979,0.1488417473804,0.2703770120941,0.2662411069899,0.2918888887216,0.2395755167032,0.1824485556443,0.1971807300890,0.0017139368797,-0.0363689902078,-0.0513461428816,-0.2257622258141,-0.0254256764703,0.0974622863801,-0.1570209791086,0.0336287789072,-0.2009552550669,-0.3254824969468,-0.0409432034303,0.6843082938385,0.2652666940094,-0.1495541966114,0.1105409778920,0.1156415604257,0.7599280552982,0.3746504978484,0.8681321292103,0.1250021481642,0.0171303457354,-0.0688000581170,0.4092584380489,0.5414542465510,0.1916361029805,0.4982994723685,-0.0546358330352,0.0495342751486,0.2484351660097,0.1439273192033
0.1021269848749,0.3811137877853,0.6097347635198,0.6108501777090,0.4061290578756,0.0881174214586,0.0304372795602,0.7248396117916,0.0750224600474,0.7246720623189,0.2607933769486,-0.1392861676795,0.1351464683766,0.0148729196571,0.0413781435188,0.1625358154000,0.2864153459723,-0.0723119700573,-0.1526626955514,-0.1403293325675,0.2445805028690,0.1717516269443,0.6491657465157,0.2496762955920,1.0000000000000,0.1361346316881,0.3731500890883,0.4140005430656,0.5772132547412,-0.0211647503442,0.3780365609722,0.0144653393958,-0.1282005783169,0.1391410249126,-0.0191998197891,0.1372092765000,0.2764585110963,0.4876020652624,0.4937209275314,0.4491804726225,0.0675954810904,-0.0875974470611,0.6400956149701,-0.0525145457921,0.6574925245247,-0.0408562515835,-0.2488060794255,0.1168735043659,-0.2305012531735,0.0535201740724,0.2132337061743,0.2808921707171,0.2158649391398,-0.2582560481567,-0.0934524356286,0.1445950259020,0.0704620423659,0.5658486343394,0.1900475165670,0.8608194724534,-0.0606761572062,0.2479351157360,0.5254414305112,0.4124668516812,-0.1069510284025,0.2059626849892,-0.0415492900730,-0.0272806548085,0.0214046174493,0.0076240122183
0.0569226498439,0.2871728234378,0.0803436204234,0.3994042402997,-0.1574737541972,0.0270147574308,0.1491339263609,0.0270513411111,0.1627577822145,0.2392802473988,-0.0125946011374,0.4480763915728,0.0500970083112,0.4361620704464,0.1295132400468,0.2237107037897,0.0303395156622,0.1911916910249,0.1796499136243,0.3419491371274,-0.0213415841251,-0.0275964797157,0.1575327888255,0.0351978588522,0.1361346316881,1.0000000000000,0.6002301365630,0.2994177978864,-0.1247052279614,0.1441636650622,-0.1105132839787,0.2959387688137,0.2861115667179,0.1944830343048,0.5365191394295,0.1164292771407,0.1877915592499,-0.0223889210358,0.4569212938744,-0.0711810596342,0.0661555433629,0.0733376163903,0.1894709096327,0.0882837898185,0.3008093866723,-0.0131586654157,0.2681768451864,-0.0309641456942,0.2801744613301,0.2386545303193,0.3260236994857,0.0453683308099,0.1419409448389,0.1154409235775,0.3077179642727,-0.0302134398150,-0.1139156706446,0.1966413486736,-0.0711284695173,0.2239822340177,0.7455584262571,0.2022138448856,0.2651437900749,-0.1143697171313,0.1051617244403,-0.1404978092137,0.2488893512516,0.1546634803113,0.1434741507611,0.4968999580996
-0.2382275787208,0.3941772934604,0.5812343869800,0.4155939664400,-0.0789528814021,-0.1084498360509,-0.0984146818077,0.2962518589181,0.0190430613739,0.2918605022766,-0.1198624701319,0.3538352499679,-0.0780489533580,0.2216103547387,0.0580463132031,0.0350973080685,0.0648178519520,0.2756745142539,0.2451602262811,0.3461774515323,-0.0553018001869,-0.1961903327336,0.2593371132121,0.0259647203330,0.3731500890883,0.6002301365630,1.0000000000000,0.5601560513521,-0.0166727558824,-0.1441059767240,0.0103494674693,0.2007710757049,0.0747150538991,-0.0670482383707,0.2741011821292,-0.1340809592729,0.2548809059758,0.3844289420394,0.5002736880879,-0.0057649896544,-0.0692644082330,-0.1853481859730,0.3894849301726,-0.0149351575809,0.3298477344483,-0.2309764747219,0.1612748776384,-0.0893256752831,0.1662462665492,0.1341031343574,0.1256244490880,0.0409658624289,0.1300516498513,0.1809415326773,0.2507327037013,-0.0433943359583,-0.1680854935584,0.2265672770190,-0.0779851377665,0.3679248455555,0.4887020154190,0.5716686848787,0.4706017082456,-0.0512669596108,-0.1410291987291,-0.0538941240656,0.0840151311577,-0.0525172636718,-0.1182736892704,0.1634576625705
0.0100429150896,0.4587273093166,0.7096199911227,0.2137158243575,0.0789536358391,-0.0781169430745,-0.2176818770578,0.3083470995473,-0.1742218040459,0.2382689380859,-0.1099796597747,0.2233215083297,-0.1561108177027,0.1646254672467,0.1785686065473,-0.1925584776518,0.4303080957136,0.3902653737811,0.1373875943964,0.1407159065553,-0.1011286674091,0.1604105925247,0.4310964028047,0.4355295096312,0.4140005430656,0.2994177978864,0.5601560513521,1.0000000000000,0.3093356627777,-0.1179447312373,0.2011355683146,0.1570085173934,-0.0271301304395,-0.1635523355033,0.0031040233083,-0.0737097024663,0.1984810555230,0.4269158875464,0.2540613671762,0.0539706555144,-0.1212361879892,-0.2992183361215,0.1503125778302,-0.2668264229660,0.1635310452051,-0.1351808188794,-0.0642658945797,-0.1762029330825,-0.0259893285515,-0.1361420121479,-0.0961587128879,0.4266619826115,0.0180546604536,-0.0804829703956,0.0663635761387,-0.0987286129436,0.2487202654405,0.3153552840376,0.3376020584365,0.1992459982835,0.1836454491009,0.2197216486125,0.7729525452026,0.2250338706085,-0.1703219141390,0.0829847222335,0.0538937359460,-0.1073020524183,-0.0935640515466,-0.1217702095046
0.4439469392683,0.4114737251622,0.3298836390547,0.4383922339861,0.6668724491955,0.1299087180987,0.2440931925385,0.5404943006742,0.1022715263454,0.2601159314898,0.4826964434939,-0.1139550201523,0.3920957681252,-0.0475149251546,0.0656959698093,0.1642292181838,0.5065492907947,0.0810604764180,0.0248928474947,0.0044363181005,0.4464446630112,0.6252522117376,0.5190060265361,0.6349934482949,0.5772132547412,-0.1247052279614,-0.0166727558824,0.3093356627777,1.0000000000000,0.2588623285317,0.7595866538974,-0.0623845377180,-0.0793164893165,0.2299732101806,0.0808288533285,0.3033659893004,0.2652520357543,0.2634257033811,0.3060711181917,0.5582652841655,0.1183220823473,0.2128075323617,0.2015305114517,0.0094209025658,0.0934685455937,0.3522271536712,-0.2260287528892,0.3142626865173,-0.3893403943909,-0.1900333252247,0.1952124051479,0.5277617624392,0.3201438232132,-0.2270330233606,-0.0269218083833,0.3003947883507,0.4579792873899,0.4293087677627,0.5755082306894,0.4140626678627,-0.2547423869458,-0.0284016647508,0.3638284310422,0.8555985449738,0.1460772005723,0.5386720750561,-0.1090397020820,0.0745659088667,0.2406086737879,0.1036587006014
0.7029596490542,0.2479336641086,-0.2639609391613,0.2689923523941,0.1821977287962,0.4965547901285,0.6735366584657,0.0261196112302,0.3529968426386,-0.0602881687609,0.4946773484275,0.4393929028281,0.3948205752322,0.4114682620003,0.5251645262015,0.5198042566554,0.0441271572391,0.2110034278738,0.5038685400761,0.4382476556883,0.2834378733240,0.5542168527859,0.1234562740370,0.2942417967072,-0.0211647503442,0.1441636650622,-0.1441059767240,-0.1179447312373,0.2588623285317,1.0000000000000,0.3962131888783,0.0801257720525,0.3455194575496,0.6197504349862,0.5813250438138,0.6207539147597,0.1351199682612,-0.3728155102507,0.0626810069420,0.1204223806817,0.5580096526308,0.6222986295992,-0.2253938822948,0.3988531135733,-0.2193984694545,0.4313920736205,0.1343827866449,0.2970550999344,0.0677970345413,0.3271981221631,0.6004842147449,0.0842374402656,0.1782093494821,0.1233013896528,0.2815200535867,0.1381466533009,0.2218815096830,0.0711492440284,0.1593002849084,-0.0868966058962,-0.0382154771285,-0.3229745759670,-0.2060685007629,0.1731993362570,0.7154186926812,0.2164595880475,0.0115889756983,0.3804418092976,0.5819907528536,0.5532464052516
0.5776735103451,0.4495964301231,0.2490778260888,0.4851214470339,0.5780898450473,0.1280179353688,0.2604934349976,0.5537486230968,0.1700291670554,0.2090729075036,0.4231932073198,0.0198730641357,0.3377958662072,-0.1007126604669,0.2426517342575,0.1882653262775,0.3827086442632,0.3640512368210,0.1176327784452,0.1808829704176,0.4354302780948,0.6180097294016,0.5026370559860,0.6673557809623,0.3780365609722,-0.1105132839787,0.0103494674693,0.2011355683146,0.7595866538974,0.3962131888783,1.0000000000000,0.0680376336467,-0.0900229674434,0.2918066378805,0.3031571151421,0.4521955664669,0.3260769634590,0.1784853142331,0.3174363942716,0.4073035995539,0.0862005595643,0.1689202827974,0.1304317354008,-0.0112651561166,0.0219485149820,0.2051710819676,-0.1149325041893,0.2240720826446,-0.4235830751664,-0.1319462708022,0.1690944623168,0.3764490213544,0.5660109556465,-0.1575957171882,0.1726508422945,0.2591139319059,0.4185596393155,0.3784089076656,0.5074385083830,0.2478996333772,-0.1971687318491,-0.0031695087522,0.2161350304337,0.5777231425123,0.2726213027500,0.6509277146265,-0.0175697524286,0.1068289611923,0.3197705112166,0.2694281288169
0.1613194931373,-0.0123884487232,0.0397713090626,0.2497621854680,0.0099853104173,-0.1656612319647,0.0301796555035,0.2087685828214,-0.0927724969198,0.2292254813713,0.1042184555521,0.2421332615939,0.0665195729276,0.0787920172908,0.2609833210304,0.1801218461590,-0.1355796473604,0.3536565062930,0.0958908142907,0.1671955291616,0.0237633059509,0.0155335102274,0.0184745837862,0.0754231941494,0.0144653393958,0.2959387688137,0.2007710757049,0.1570085173934,-0.0623845377180,0.0801257720525,0.0680376336467,1.0000000000000,-0.0454513023543,0.0312904603857,0.2705968979449,0.1287670020755,-0.0691317471554,-0.0587900260084,0.1642171183701,-0.0366741735174,-0.1544069991002,-0.0236577567777,0.1058681674079,-0.1319530232317,0.1880598561797,-0.0060805251946,0.0109672971617,-0.0098742826815,-0.0958128072546,0.1386780938256,0.2298793258058,-0.1274706066232,0.1406315472989,-0.0888485350308,0.0920831759673,-0.0315746186490,-0.0473583793964,-0.0073323750482,-0.1174967491014,0.0082398853973,0.1806890472581,-0.0186735852801,0.1047763296531,-0.1154279526002,-0.0030397485892,-0.0919892704707,0.7603376708319,0.1226477475991,0.0829375185093,0.1283766800501
0.2126500352769,0.0331389262451,-0.1230478239376,0.0988848066656,-0.1564585802989,0.5443154466479,0.3806538159117,-0.1359246116928,0.3934200922736,-0.1385168508536,0.0680845130673,0.4256787392217,-0.0691011459522,0.3417296449916,0.3536330641522,0.1962644191718,-0.1391953019214,0.0585727621590,0.2565867594304,0.1128010902546,-0.0967050199519,0.1057853239597,-0.0544554256401,0.0258159351979,-0.1282005783169,0.2861115667179,0.0747150538991,-0.0271301304395,-0.0793164893165,0.3455194575496,-0.0900229674434,-0.0454513023543,1.0000000000000,0.2211431342576,0.3019725517898,0.1675600259640,-0.0155105788290,-0.2371224973700,0.1442286998152,-0.1321586758765,0.5240751744944,0.3486336644961,-0.1458978293185,0.4475601835219,-0.1676204780097,0.0541775136133,0.1905718937216,-0.1259872196429,0.2450625471772,0.2621393012194,0.3247570503533,-0.0689525392868,-0.0818043999635,0.1060669963846,0.0980410563444,-0.1002661261351,-0.0715149771702,-0.0399700240936,-0.0610069564118,-0.1106738807806,0.2211863139382,-0.1642993869378,-0.1365510989215,-0.0824275172686,0.1642969406488,-0.0681071170992,-0.0062076283241,0.5819100188841,0.2054072430291,0.2693071120833
0.5774872804596,0.2652385472699,-0.2447050596596,0.4127867585762,0.1817675009944,0.2797313217504,0.4632549975173,0.1204548205977,0.2748986279892,0.1450707025448,0.4522995766434,0.0816069060652,0.4033193940863,0.1366385502557,0.3083394011951,0.3809998747750,-0.0440430087541,0.0830476731928,0.1303704390603,0.2989106681963,0.2774413305700,0.4402711071022,0.2021464459591,0.1488417473804,0.1391410249126,0.1944830343048,-0.0670482383707,-0.1635523355033,0.2299732101806,0.6197504349862,0.2918066378805,0.0312904603857,0.2211431342576,1.0000000000000,0.5025164149704,0.5149807434701,0.2296211174035,-0.2782501440489,0.3330536112093,0.1741388456670,0.3250381375335,0.3884644214426,0.0003386892604,0.2197218204555,0.0381189442522,0.3678026226906,-0.0699070095875,0.2796130324461,-0.1240015102128,0.2306394964939,0.3970854350782,0.0564403925539,0.2325168529159,-0.0546681064468,0.2212033161816,0.1793622326464,0.1009413418097,0.1918346287001,0.1028704372591,0.1195650689626,0.0981980080223,-0.2008225258213,-0.1667419875033,0.1699509087410,0.4394611669228,0.2660062074059,0.0250070998103,0.2373852005232,0.6085748746364,0.5750614872742
0.4017742059315,0.2883281464529,-0.1490976416150,0.3984940132823,0.0608618564886,0.1125098149637,0.4126246364415,-0.0585080644439,0.1711234564961,0.0497233226626,0.1786317157885,0.5558817321565,0.3564729388778,0.2683165440357,0.2771616408075,0.4248821778662,0.1415958596348,0.3954030927267,0.3924246417582,0.6284884755004,0.2684602679022,0.3238495993233,0.1913723147692,0.2703770120941,-0.0191998197891,0.5365191394295,0.2741011821292,0.0031040233083,0.0808288533285,0.5813250438138,0.3031571151421,0.2705968979449,0.3019725517898,0.5025164149704,1.0000000000000,0.4906277692979,0.3308867700583,-0.1335928025637,0.4295319987228,0.0353575840033,0.1806920527190,0.3352562340917,0.0554311167554,0.1737208748561,0.0069901299417,0.1757682854422,0.3022697070358,0.2130282857062,0.1307651136222,0.2759671379368,0.5147935835552,0.1575494951430,0.4654794232159,0.2843525327433,0.5700678340965,0.1608328826972,0.1641918794176,0.2280139468876,0.1992140121824,0.0804074198642,0.4850427517196,0.1032775287551,0.0387742167445,0.1047752063133,0.5663103529806,0.3011142792613,0.2036596402682,0.1973355309796,0.5207367596538,0.8052560396702
