1.0000000000000,-0.1013890020384,-0.4261149040906,-0.0656033983952,0.2972914759084,-0.1241621113056,0.2750638614733,0.1668169916036,0.2175751071596,0.3040628386165,0.5003918443755,-0.1218996005517,0.6480136678509,0.0690208196338,0.6836428191349,0.2716595711568,-0.3752154642583,0.1457436942456,-0.1327113470256,0.1087336769674,0.5906371287458,-0.1391249132290,-0.2540249356298,-0.2126701015513,-0.0776455281864,0.0731989338341,-0.2521267358494,-0.4826386220304,-0.0630070004023,0.5846700896359,0.2079047473105,0.0733352349156,-0.1038906426369,0.5943449872290,0.2979519981529,0.4058357796405,-0.2732731780203,-0.4784710835895,-0.1083742282899,0.1727370390844,-0.0996833666944,0.2792619945337,-0.5294004109799,0.1122852953798,0.0700430087977,0.2023910215911,0.0694384935101,0.5265339392656,0.0814328343791,0.4416527294495,0.2921805620820,-0.3039812200234,0.1425100863384,0.0287166374532,0.2407311616865,0.4042974493719,-0.1202394821557,-0.3470967272751,-0.1578293591900,-0.2602640942589,-0.0088319572191,-0.1509565958937,-0.5524609943825,-0.3793985736802,0.5064012919212,-0.1825096221891,0.0584577014652,-0.0074748352668,0.3005148604791,0.4998749429425
-0.1013890020384,1.0000000000000,0.0427796254793,0.6195386513628,0.3744869121116,-0.2705505500354,0.0242806928504,-0.1451062437230,-0.3042339095447,0.0432688739753,-0.2050199679826,0.0874412497998,0.0726638938231,0.3197547952425,-0.2343538576095,-0.3003003037952,0.0888247697070,0.2868793441412,0.1643962119236,0.2177777684252,0.1753013563126,0.0796415314138,0.3976326109037,0.3460036898106,-0.0597540053924,0.3143484234193,0.1871528695537,0.2144450172457,-0.0344822663504,-0.0698935556451,0.1641127474399,0.3329543172256,-0.3824448693102,-0.0787511631487,0.0603581917375,0.3858250068060,0.5543871781972,-0.0343246121467,0.2747961252958,0.1026964174054,-0.3863959955561,0.0016841650741,-0.0994014634964,-0.4272233703862,0.1827232929426,0.2072405712137,0.0196853246404,-0.0025340584384,-0.2604851251015,-0.1570644779029,-0.1339382049890,0.1363087750871,0.4990670391886,-0.3569918304349,0.1544882077770,0.1854150434823,0.3975865133793,0.3798244861658,0.4838626117559,0.0733640192954,-0.3686555059655,-0.3460180075484,0.1400198769218,-0.0526197549463,0.2361560136402,0.4665105358338,-0.2284711043384,-0.1661014483650,0.0265110152554,0.1745277928226
-0.4261149040906,0.0427796254793,1.0000000000000,0.1426654738739,-0.0885904861916,0.0765269710460,-0.4156836565927,0.1817803896659,-0.1979118120675,-0.0298418174851,-0.3929807792687,-0.0166421522284,-0.5005996570185,-0.0741109919647,-0.4924047936269,-0.4031578682500,0.4333164291568,0.2190256099465,0.2355746460579,0.1642697924947,-0.3342365794120,0.2168448437231,0.3090429696579,0.3480880934033,0.2730100613634,0.0618679616508,0.4753174261079,0.7937721225327,0.2105320755662,-0.4730535956857,0.1118401279564,-0.2198941740753,0.0340348468608,-0.3806825496997,-0.2498972505031,-0.2524759133761,0.2491766594206,0.6475032654510,0.1626165095785,-0.0235528410951,0.0076102025476,-0.3436456097164,0.4584113788713,-0.1773002337094,0.0025453722860,-0.1859842826365,-0.1633345461285,-0.3947142567699,-0.2027385213673,-0.4800439611040,-0.3140445072795,0.3327750656904,-0.0790539412808,-0.1432844388190,-0.1163763580045,-0.2050258631690,0.1594202473943,0.3300985740996,0.2405653337331,0.2967056827213,0.0040211374798,0.1228415449818,0.6046566667725,0.1730919853404,-0.4559086754501,0.0403145307056,-0.2409380926738,-0.0383023836318,-0.1602698859981,-0.4433005723028
-0.0656033983952,0.6195386513628,0.1426654738739,1.0000000000000,0.4709140244161,-0.1977005136302,-0.0418517164702,0.1858763542138,-0.2353136117227,0.4083684222156,-0.1657685175178,-0.1138048622454,0.0233210315745,0.2904570530742,-0.2314940682836,-0.1991953410045,0.0922415284595,0.0332052799258,0.0663053768143,0.0442307740973,0.1029046837174,0.1239067209909,0.5162047352765,0.1396026096788,0.2711958603193,0.3941087734908,0.1071140687514,0.2393507053416,0.1363830709396,-0.1549610473668,0.2516906146136,0.2057083926528,-0.2719222060532,-0.0337942736754,-0.1349276298571,0.2895901126843,0.4218874225131,0.0395726423071,0.5663607568854,0.1759632946930,-0.2845340661708,-0.0738578669859,0.1707662147367,-0.3244390509158,0.5437233287390,0.0215692247384,-0.0548021254001,-0.1571326337702,-0.2375702482718,-0.0935975151204,-0.0765981752084,0.1111486501181,0.3053030787252,-0.2780284707243,0.0158236724698,0.0261155505407,0.2680560991793,0.4208588709212,0.2371347190404,0.3683743509634,-0.2736243778963,-0.2761081133565,0.1574494548149,-0.0713040900026,0.1106933543832,0.3096949091941,-0.1194684844549,-0.1196625034018,-0.0809868069221,-0.0415840125402
0.2972914759084,0.3744869121116,-0.0885904861916,0.4709140244161,1.0000000000000,-0.2541048245791,0.0697746891570,0.6021854201610,-0.0033843703327,0.6312367138396,0.4272377625743,-0.2277154135291,0.4486854989484,0.2287165890277,-0.0475530734268,-0.0812429747182,-0.1714102799813,-0.1503465213907,-0.0559996988692,-0.1573500115468,0.6466946961433,0.0665533690477,0.2441538469116,-0.0523982520642,0.4198230391830,0.0298548088676,-0.2266927025528,-0.1715498938565,0.3652923031498,0.0733265406692,0.5418371757041,0.2029052442538,-0.3383557646037,0.1107767598237,-0.3131009783948,0.3836935600341,0.0057378918118,-0.1417777447446,0.1837938401585,0.7267800515191,-0.3962608582464,0.0537294781370,-0.1669128977456,-0.2634071899905,0.6056526530715,0.4050785804981,-0.0062774939305,0.3961095006042,-0.0587046475239,0.0426238609323,-0.0613991196761,-0.1832509823217,0.2211481729230,-0.2987694541414,-0.0344718860369,0.6467471547169,0.1577265085720,0.0603046506826,0.1187850615452,0.2668710265388,-0.4199130838733,-0.2999638963316,-0.1691271399062,-0.1752682895257,0.3644625075588,0.0403078055062,-0.2246885388835,-0.2274128469686,0.1901674817979,-0.0105085461213
-0.1241621113056,-0.2705505500354,0.0765269710460,-0.1977005136302,-0.2541048245791,1.0000000000000,0.0467249533151,-0.0681240723223,0.3103999890965,-0.0113640800261,-0.0996858165107,-0.0701690304161,-0.2665897576646,-0.3268485702160,0.0124121739616,0.2142614709617,0.0286108328619,-0.0214344025284,-0.1182833510421,-0.0946302760554,-0.3023046603991,-0.0457931143654,-0.1003932220722,-0.0679000976069,0.0498055992275,-0.1245838289503,0.1387877978619,0.0561635758145,-0.0093097587591,-0.0775702066199,-0.0906218993017,-0.3048928212059,0.3779949598925,-0.1189414942492,0.0886333897319,-0.0717985344391,-0.1005540278236,0.0246801441633,0.0061589740151,-0.0832918085286,0.7453636728129,0.0844251872786,0.0215637774846,0.4538136865030,-0.0286018643297,-0.3512837264734,-0.2021726751098,-0.2015817536540,-0.0402848150048,-0.0006990195992,0.0672787726249,0.0708260069146,-0.2632821110223,0.0678985425389,-0.2036194154626,-0.2623036278697,-0.1642609736482,-0.1101885017209,-0.1771782390294,0.0233722679000,0.2658408526065,0.3135424623277,-0.0257222492508,0.1215973541422,-0.2786931332787,-0.1133113589198,0.0155018251023,0.4843703438714,-0.0471358476770,-0.0443337872087
0.2750638614733,0.0242806928504,-0.4156836565927,-0.0418517164702,0.0697746891570,0.0467249533151,1.0000000000000,-0.3458209031722,0.3672024906281,0.0580292052349,0.0586774661784,0.3568138162062,0.6327041937070,0.3416700319034,0.5024256175988,0.6453746736318,-0.3704644178085,-0.0493600243192,0.1942757627210,0.1061964357622,0.3864962325723,-0.3827935689296,-0.3847878668652,-0.2370915687104,-0.3936100510315,0.0475759919241,-0.3323491388092,-0.4802407488483,-0.4518660325725,0.3840494586251,-0.2206462614030,0.1634622948453,-0.1427238527989,0.1509665181171,0.2736619650428,0.0787246811526,-0.2863088453577,-0.2961864895341,-0.2258176593151,-0.1331670889975,0.0626070438014,0.8131611489865,-0.4932989505483,0.1501854241023,-0.0177694214914,0.3038750844350,0.4331290999518,0.4934453950817,0.2052332211871,0.4301085462101,0.4384169236241,-0.2261407293228,0.1320486164619,0.0484133679693,0.0145451523846,0.1944540115721,-0.0424299636014,-0.3484920983455,-0.0697475267052,-0.3130714587791,-0.2830703062977,-0.4275266000399,-0.4811218256000,-0.5575006231630,0.4749286262287,-0.0930546047354,-0.2723561390719,0.2280332881405,-0.0761133220717,0.3283974444771
0.1668169916036,-0.1451062437230,0.1817803896659,0.1858763542138,0.6021854201610,-0.0681240723223,-0.3458209031722,1.0000000000000,0.0069015077934,0.5895454898704,0.3798532651877,-0.4748050813430,-0.0419011821060,-0.1316625908502,-0.1215597828519,-0.1358825942972,-0.0301280980066,-0.2689495355689,-0.3001060754811,-0.3474924766715,0.1774259481822,0.1952207087575,0.2639423270149,-0.1715437592965,0.7208471535502,-0.1500796611449,-0.1237604413268,0.0607835967994,0.6205338146912,-0.2009643810788,0.6474669566290,-0.0826511954655,0.0613579670567,-0.1108642571177,-0.4702893670360,0.0601427607361,-0.0768005503671,-0.0042150225880,0.1890810949254,0.6434310365281,-0.1479356657258,-0.3813272368721,0.1810599811158,-0.1814926096873,0.4913630966881,-0.0281770079098,-0.3523603608392,-0.0205227632448,-0.0139973639196,-0.1615766930759,-0.1365697972105,-0.1535079683064,-0.2315130064881,-0.2136864238586,-0.2326471094411,0.2337782908431,-0.1626346845606,0.0437981433929,-0.2017990680704,0.4283771756980,-0.0394119177907,0.0788091496557,0.0026054585416,0.1150775872907,-0.1800590402252,-0.1918068958697,0.1295793161015,-0.1160084105339,0.1353400060000,-0.3457804805991
0.2175751071596,-0.3042339095447,-0.1979118120675,-0.2353136117227,-0.0033843703327,0.3103999890965,0.3672024906281,0.0069015077934,1.0000000000000,-0.1355021434138,0.3399827639843,0.2875184841430,0.3843089283969,0.1253803601356,0.4707527313592,0.4543363899152,-0.4301277080698,0.0992472605348,0.2299534692004,0.2387534812572,0.2442591455848,-0.2263833613376,-0.3939584511532,-0.3396070545128,-0.1906080162335,-0.0663260449510,-0.0298686993321,-0.3920120357326,-0.0944540256889,0.2458675357215,-0.0600072807187,-0.1098681638968,-0.1013349540899,0.1755371395036,0.1160726944417,-0.1386159196141,-0.5449794960828,-0.2797989252771,-0.3635011658994,-0.1603190862558,0.2193951160045,0.4011496423015,-0.2709737839943,0.5412978085244,-0.0915850001485,-0.1568867000440,0.3653270066091,0.2811905033330,0.1429458072313,0.4291230042597,0.4152541035786,-0.4780493399413,-0.0125966791442,0.3246725743616,0.0018864051959,0.1343281609689,-0.3375183424194,-0.4750820707441,-0.3729136245086,-0.3686276702694,-0.1362415637805,-0.1591336534508,-0.5168444582631,-0.2742331984527,0.2745863901725,-0.3833384799775,0.0146683082719,0.1489872750046,-0.1620264089109,0.1435301747008
0.3040628386165,0.0432688739753,-0.0298418174851,0.4083684222156,0.6312367138396,-0.0113640800261,0.0580292052349,0.5895454898704,-0.1355021434138,1.0000000000000,0.1699858006285,-0.3691211865430,0.2095138475309,0.0778823975781,-0.0020275171923,0.1378696874876,-0.1069208751582,-0.2763909422452,-0.2866663994268,-0.3732340755126,0.3384980429882,-0.0010215462236,0.2610536323235,-0.1712784387088,0.6036945694824,0.1268737915468,-0.2975772397809,-0.0746569781746,0.2287696173047,0.0323906872091,0.2470120867084,0.0850157354859,0.0371643306616,0.0846662421623,-0.2568564531609,0.2137957426295,0.0797169279949,-0.1005493606841,0.4721525217700,0.6450480969240,-0.0541037835504,0.0543596179139,0.0574411588952,-0.2249826304590,0.8397863180860,0.1786462773522,-0.2409778606631,0.2380666305096,0.1219192109441,-0.1089531068987,0.0708172413321,-0.0429834477255,-0.1838296932724,-0.3924331031514,-0.2595967146331,0.3210540513798,-0.0296100947404,0.0728902273256,-0.1230390320012,0.5769491997535,0.0345955144530,-0.1045345587051,-0.0849083505958,-0.0869497167601,0.0608252308271,-0.1618537200825,-0.0997378106002,0.0847347566832,0.1665620007408,-0.0924927349502
0.5003918443755,-0.2050199679826,-0.3929807792687,-0.1657685175178,0.4272377625743,-0.0996858165107,0.0586774661784,0.3798532651877,0.3399827639843,0.1699858006285,1.0000000000000,-0.1819768352034,0.5301647148026,0.0228594003842,0.2803029048495,0.1466522958978,-0.3888822653850,-0.2058496337772,-0.2365914671059,-0.1689294704487,0.5558495504285,-0.1055213601228,-0.2703627721078,-0.3933090094816,0.0782515174991,-0.1263550426628,-0.3088360531632,-0.5240401325590,0.1198556298413,0.2379638345415,0.1838946211931,0.0705037547661,-0.0862600537179,0.3541351431090,-0.0639794278311,0.1077596725895,-0.4219995235589,-0.3943221181907,-0.3012561507430,0.3629866362095,-0.2285301757896,0.1306151586381,-0.3477974876196,0.1946437447924,0.0946110182783,0.4330709927643,0.0638184867949,0.5129720291834,0.1766810443069,0.3594359426168,0.1670637264400,-0.4542931874041,-0.0031348373935,0.1447362279994,0.1541369076480,0.4940908893383,-0.2671250288673,-0.4294809369984,-0.2872964055323,-0.2337108099849,-0.0115141282007,0.0091059473657,-0.4550073863651,-0.1675332162211,0.3478170593117,-0.3805966564371,0.0765813622575,-0.2502583922351,0.2692166264973,0.2407142170051
-0.1218996005517,0.0874412497998,-0.0166421522284,-0.1138048622454,-0.2277154135291,-0.0701690304161,0.3568138162062,-0.4748050813430,0.2875184841430,-0.3691211865430,-0.1819768352034,1.0000000000000,0.1970657951620,0.5909948182713,0.2758845448049,0.1838887837529,-0.2310208889051,0.2848188415923,0.7774961762367,0.5047728231859,0.0155136838263,-0.3837324683458,-0.1762410650171,-0.1130136918356,-0.5351031559027,0.2160197317331,0.2490793363267,0.0082518369291,-0.5361339699165,0.2514256022482,-0.3760672497995,0.1718336031932,-0.1828972116570,0.0634377020062,0.2292054354336,-0.2114814891206,-0.0888838652179,-0.0660639666269,-0.2303731282590,-0.4065775405254,-0.0389793550871,0.3590074477524,-0.1541685474895,0.0574629117922,-0.2995504286937,0.0525203312653,0.7804907463972,0.1131794229628,0.4434028824026,0.2394233903891,0.1594307214792,-0.1944216144035,0.1253955064313,0.2891309093779,0.1879326893208,-0.0454554809635,-0.0197369870600,-0.0828421286257,-0.0224881395021,-0.4583281148398,-0.1367967680683,-0.1969514969213,-0.0620245552472,-0.3713629527699,0.2972915539076,-0.0910211037537,-0.1996290510421,0.0343511006228,-0.1968600130346,0.1662671737524
0.6480136678509,0.0726638938231,-0.5005996570185,0.0233210315745,0.4486854989484,-0.2665897576646,0.6327041937070,-0.0419011821060,0.3843089283969,0.2095138475309,0.5301647148026,0.1970657951620,1.0000000000000,0.4087454849052,0.5540196857218,0.3806703509696,-0.5039019285100,0.0337323469621,0.1509112034521,0.2064705168007,0.8550269751313,-0.2871001262476,-0.2806831861659,-0.2390491525029,-0.2581519422586,0.0950860805211,-0.3463494181648,-0.6192833551675,-0.2217861793262,0.5727397469975,0.0191846524581,0.2934405107194,-0.3611750181935,0.5655463874961,0.2298898492854,0.2099489960766,-0.3803885676446,-0.4382192253891,-0.2278396721946,0.1467391769154,-0.2993096754392,0.6344007971587,-0.5778349628988,0.0882900774122,0.1403908686577,0.5259297373320,0.4565767121692,0.8638967959301,0.1685514634912,0.5701254235887,0.3756381221906,-0.4155430729885,0.3065499765995,0.0967500692409,0.2285009755584,0.6659251436902,-0.0333969416029,-0.3728871655760,-0.0431840003361,-0.3447342895278,-0.3432161832868,-0.4533849544517,-0.6030594084875,-0.5543643527904,0.7921730924567,-0.2112716883477,-0.2112498296415,-0.0863474969519,0.1646361417516,0.5289109114235
0.0690208196338,0.3197547952425,-0.0741109919647,0.2904570530742,0.2287165890277,-0.3268485702160,0.3416700319034,-0.1316625908502,0.1253803601356,0.0778823975781,0.0228594003842,0.5909948182713,0.4087454849052,1.0000000000000,0.2163668903060,0.1629658776355,-0.2159823967177,0.0027614245683,0.5487450675561,0.2755473166119,0.2719367117204,-0.2791492743261,-0.0071936138976,-0.2213522377316,-0.1269926613791,0.5546242794389,0.0474174954310,0.0234300949110,-0.3685146227208,0.0887815826240,-0.2814402819888,0.5724073012393,-0.3393731873851,0.0760043351329,-0.0940154411373,-0.0700747301308,-0.1692335278560,-0.2411812795960,-0.1322665807726,-0.1757504576120,-0.3539488049987,0.3414028574493,-0.1634834949293,-0.2199641674413,0.1572002789183,0.1814122169844,0.5789485145207,0.1920566768778,0.4967745840239,0.2386778348318,0.2694906100147,-0.1936793672131,0.0515738123382,-0.0513903120072,0.0594464510737,0.1466033351978,-0.0022042908785,-0.0396575133297,-0.0644510414149,-0.0984092857731,-0.3689688917987,-0.5285360760733,-0.1160014448881,-0.4060638978287,0.3924240905383,-0.2123992282855,-0.0977122047356,-0.0218690163906,-0.1921367174179,0.0804144938428
0.6836428191349,-0.2343538576095,-0.4924047936269,-0.2314940682836,-0.0475530734268,0.0124121739616,0.5024256175988,-0.1215597828519,0.4707527313592,-0.0020275171923,0.2803029048495,0.2758845448049,0.5540196857218,0.2163668903060,1.0000000000000,0.6073407336548,-0.4519135345987,0.1441887076093,0.0706644758319,0.2279132609864,0.2832404567902,-0.3433024401634,-0.3614845368146,-0.3708675686407,-0.2913948495958,0.0840104832272,-0.1939311497626,-0.5517804065604,-0.2699996483370,0.7443750605342,-0.0700367049309,0.0047640666211,0.0891635267198,0.4982653556206,0.4525322059409,0.0910117859326,-0.3744633517784,-0.5597473988277,-0.2812205649242,-0.1458118719298,0.2154531665858,0.4209712803893,-0.4927979637457,0.2635843726954,-0.1939665559733,0.0056333959569,0.3011970863694,0.3689936176848,0.3309551599796,0.6022490683498,0.4894985149625,-0.3719541181938,-0.0744227454757,0.2613089643134,0.1510396041839,0.0983197730133,-0.3683827326461,-0.4159178110122,-0.3909612411343,-0.4219847598349,0.0456299473836,-0.1960121815908,-0.6700056324990,-0.3537815565797,0.4932634844922,-0.2812634688277,0.2145993053049,0.2700469962557,0.0796208053284,0.4471386656088
0.2716595711568,-0.3003003037952,-0.4031578682500,-0.1991953410045,-0.0812429747182,0.2142614709617,0.6453746736318,-0.1358825942972,0.4543363899152,0.1378696874876,0.1466522958978,0.1838887837529,0.3806703509696,0.1629658776355,0.6073407336548,1.0000000000000,-0.2800250638075,-0.1521356936220,-0.0693395325183,-0.0817252524717,0.1184602022793,-0.2763461603176,-0.3751192543822,-0.3583015534249,-0.1020603069776,0.0268709758521,-0.3427334666470,-0.5104891993837,-0.2329521135509,0.4031988710025,-0.2487440092060,0.0836923979542,0.1834959255708,0.2241297154242,0.2865352349257,-0.0786012539880,-0.4057151407986,-0.4072804582905,-0.1743839780626,-0.0675382325404,0.3210371984165,0.5127042824571,-0.3455034486974,0.2830903024236,0.0465019358092,-0.0513251637507,0.2149762070647,0.2514789319858,0.3092742512471,0.3985053125609,0.6975506400634,-0.2247072491141,-0.2192463269674,0.1433961997572,-0.1689543220578,-0.0122442952676,-0.3863858312632,-0.4025709660926,-0.4220070852090,-0.1465000432266,0.0669110529627,-0.2052242126865,-0.5672588575860,-0.2326850236070,0.2603789885774,-0.3416364372162,0.0811895386038,0.3331652301503,-0.0513829245071,0.2766618886829
-0.3752154642583,0.0888247697070,0.4333164291568,0.0922415284595,-0.1714102799813,0.0286108328619,-0.3704644178085,-0.0301280980066,-0.4301277080698,-0.1069208751582,-0.3888822653850,-0.2310208889051,-0.5039019285100,-0.2159823967177,-0.4519135345987,-0.2800250638075,1.0000000000000,-0.1229736831762,-0.1149590748666,-0.2250320005517,-0.3903491968550,0.7731963598043,0.4415494801356,0.6617934415721,0.4107041289905,-0.1557481522374,0.0299987269350,0.5580798230020,0.4902373029404,-0.3921974556599,0.1336512144767,-0.0415907000438,0.0018133046138,-0.2473736248179,-0.2257710849573,-0.1307529636252,0.2121559094267,0.5190891944341,0.0985288123359,-0.1023482444631,-0.0111198876670,-0.4088265190059,0.1964836325546,-0.2816040044597,-0.0377201952648,-0.3374596347195,-0.3488919887932,-0.4767285395849,-0.3321540341580,-0.5285409382875,-0.2816925950362,0.8913194813408,-0.1918355605182,-0.3179350059861,-0.3228454398912,-0.3391704519183,0.4595496348370,0.5805100060861,0.5276482790739,0.5197633522077,-0.1029042258323,-0.0538890240509,0.5425578035396,0.5418716428392,-0.4389671710042,0.4261113575661,-0.1110822559331,-0.1117381328978,-0.1145967625439,-0.3271366619247
0.1457436942456,0.2868793441412,0.2190256099465,0.0332052799258,-0.1503465213907,-0.0214344025284,-0.0493600243192,-0.2689495355689,0.0992472605348,-0.2763909422452,-0.2058496337772,0.2848188415923,0.0337323469621,0.0027614245683,0.1441887076093,-0.1521356936220,-0.1229736831762,1.0000000000000,0.3658007811177,0.8237202272643,0.0509951798475,-0.1941751933145,-0.0326317158957,0.2413080882815,-0.4577245636832,0.2708368273522,0.6164825304639,0.2025485220593,-0.3023078439866,0.2020060973330,0.0242264100878,-0.1099395317612,-0.1073268791643,0.1443692454715,0.5766322908789,0.2895597824865,0.2093413464396,-0.1099249828109,0.0352241210934,-0.1891376318255,0.0290976755161,0.0375644794385,-0.0344149740399,-0.0143027762639,-0.2852244381585,0.0185481071934,0.0882746382116,0.0650124412311,-0.2151825225365,0.0716966654957,0.0594940952561,-0.1346695009591,0.4579104155104,0.1685935151829,0.4782090957569,0.1551670422081,-0.0162356386555,0.0221842908622,0.1097821151540,-0.4105307089407,0.0516881975936,0.0256779792759,-0.0545976074782,-0.1777647293709,0.2222011819026,0.0801785924074,-0.0127909656773,0.0321469161371,0.2190297267538,0.3982523751081
-0.1327113470256,0.1643962119236,0.2355746460579,0.0663053768143,-0.0559996988692,-0.1182833510421,0.1942757627210,-0.3001060754811,0.2299534692004,-0.2866663994268,-0.2365914671059,0.7774961762367,0.1509112034521,0.5487450675561,0.0706644758319,-0.0693395325183,-0.1149590748666,0.3658007811177,1.0000000000000,0.6262867151885,0.0623108605517,-0.1930498053423,-0.0796633424126,0.0668022940529,-0.4088385394653,0.2453074215348,0.3561410791522,0.2485544229614,-0.3472991310956,0.0747738225976,-0.1864062228400,0.1148585889905,-0.3048795945005,0.0476189382436,0.0833884018171,-0.1319172414889,-0.0166004572351,0.1354603008616,-0.1411657494972,-0.3327765040535,-0.1321796956589,0.2443810323628,-0.0763291331172,-0.0095697219067,-0.1976093718793,0.0341768490741,0.6449619338250,0.0513705096348,0.1746574680751,0.1263473695144,0.0136164381749,-0.1318244702550,0.1796592973171,0.2948717527876,0.2215485891791,0.0060114496757,0.1524442511036,-0.0022866919391,0.1258160260765,-0.3434338321018,-0.2857429324009,-0.2518537370123,0.0985179237558,-0.4129466420656,0.2541589111855,-0.0682868251164,-0.3807965063331,-0.0675493974033,-0.1223953415792,0.0506126235247
0.1087336769674,0.2177777684252,0.1642697924947,0.0442307740973,-0.1573500115468,-0.0946302760554,0.1061964357622,-0.3474924766715,0.2387534812572,-0.3732340755126,-0.1689294704487,0.5047728231859,0.2064705168007,0.2755473166119,0.2279132609864,-0.0817252524717,-0.2250320005517,0.8237202272643,0.6262867151885,1.0000000000000,0.1052671314573,-0.3049926993671,-0.1018651819058,0.0908690753194,-0.5456753453861,0.3390770221717,0.5767069453262,0.1452526432644,-0.3883974129060,0.2446109630549,-0.1220715949789,0.0222877330736,-0.1708956672552,0.2193085177044,0.4765926439607,0.0981816346026,0.0045329355029,-0.1203922906574,-0.1137060902395,-0.3338516073573,-0.0660562204830,0.1877892715348,-0.0546931951275,0.0101989674894,-0.3206760609067,0.0875183472219,0.3385926688904,0.1562863822650,-0.0663382717137,0.2475830684764,0.1198920758294,-0.2297034224238,0.4439529150119,0.3286086915684,0.5143559469244,0.1183105079052,-0.0482275711662,-0.0479636402813,0.0413162946763,-0.4976490204728,-0.1364889315807,-0.1314264131308,-0.1197083499066,-0.3242678155275,0.3700065181100,-0.0278538962480,-0.0485776422973,0.0138037186229,0.0734760227410,0.3477955939616
0.5906371287458,0.1753013563126,-0.3342365794120,0.1029046837174,0.6466946961433,-0.3023046603991,0.3864962325723,0.1774259481822,0.2442591455848,0.3384980429882,0.5558495504285,0.0155136838263,0.8550269751313,0.2719367117204,0.2832404567902,0.1184602022793,-0.3903491968550,0.0509951798475,0.0623108605517,0.1052671314573,1.0000000000000,-0.1514314495710,-0.1265952050472,-0.1125457435118,-0.0942140934969,0.0219078681784,-0.2817508404434,-0.4541761329933,-0.0490147143342,0.3703834460799,0.2213726253835,0.2471837893126,-0.4112242284877,0.4453239462361,0.0696472282007,0.2571722940833,-0.2350493020483,-0.2760413452473,-0.0872459605071,0.3368350042079,-0.4037717532789,0.3701349085103,-0.4514358239514,-0.0682247334580,0.2688428550095,0.5627167376068,0.2785690690655,0.8134447826609,0.0036346164211,0.3168112706814,0.1193178806684,-0.3483825700702,0.3745603643505,-0.0647047833752,0.2448842254528,0.8798215868617,0.0868305938187,-0.2302066816263,0.1093898356867,-0.2063689000661,-0.3551224408284,-0.3946093869200,-0.4279726408322,-0.4790666439901,0.6177090195806,-0.1106056441960,-0.3146857181148,-0.2437036529950,0.2657299391970,0.3900505359877
-0.1391249132290,0.0796415314138,0.2168448437231,0.1239067209909,0.0665533690477,-0.0457931143654,-0.3827935689296,0.1952207087575,-0.2263833613376,-0.0010215462236,-0.1055213601228,-0.3837324683458,-0.2871001262476,-0.2791492743261,-0.3433024401634,-0.2763461603176,0.7731963598043,-0.1941751933145,-0.1930498053423,-0.3049926993671,-0.1514314495710,1.0000000000000,0.4178134208716,0.7208924060074,0.4763753807119,-0.2989081842912,-0.2097118772516,0.2886838154181,0.7075528903826,-0.2318703168433,0.3783385763258,-0.0053687568854,-0.1391594806885,-0.0045760869939,-0.3030746307492,0.0035232197557,0.0996009489552,0.3093176948984,0.0493938232817,0.0920896151340,-0.1240091143844,-0.3464580710048,0.0370357201902,-0.1794915005487,0.0832076482396,-0.2859880911030,-0.3766236266102,-0.2935500977054,-0.4005426257562,-0.4187591400715,-0.2563134010630,0.6660457408280,-0.1870586073918,-0.3441904776024,-0.3428517555299,-0.1559095666745,0.5586231529484,0.4583771664069,0.5279920134514,0.4691810093013,-0.2604341954034,-0.1858351991445,0.2804424841501,0.5432018786094,-0.2148475050245,0.4002657849996,-0.0550485163844,-0.1969288648413,-0.0368403509687,-0.2593604462772
-0.2540249356298,0.3976326109037,0.3090429696579,0.5162047352765,0.2441538469116,-0.1003932220722,-0.3847878668652,0.2639423270149,-0.3939584511532,0.2610536323235,-0.2703627721078,-0.1762410650171,-0.2806831861659,-0.0071936138976,-0.3614845368146,-0.3751192543822,0.4415494801356,-0.0326317158957,-0.0796633424126,-0.1018651819058,-0.1265952050472,0.4178134208716,1.0000000000000,0.3913034891341,0.5261372592540,0.0179778251137,0.1013704038120,0.3992139043320,0.4846786360078,-0.1785025427648,0.3839593354427,-0.0535635263109,-0.1290235972459,-0.0606556887712,-0.2669696429971,0.0574604052984,0.5041340500977,0.2047911542385,0.4670335229121,0.2173656302458,-0.1429900170069,-0.3961490901181,0.3529460131756,-0.4019364761792,0.4442357921532,-0.1506732676492,-0.2930449958229,-0.2904342608668,-0.2799328096297,-0.3511003601895,-0.3324027817124,0.3900349939630,-0.0198391142856,-0.3569851277008,-0.1946267539951,-0.0709800565104,0.2841935739411,0.8663057259978,0.3573565727326,0.5932126961849,-0.1560664173949,-0.0882484831035,0.3277150818743,0.4225194462549,-0.1102283563672,0.4436299121021,-0.0292224835643,-0.0596176957175,-0.0458969708628,-0.2480410473706
-0.2126701015513,0.3460036898106,0.3480880934033,0.1396026096788,-0.0523982520642,-0.0679000976069,-0.2370915687104,-0.1715437592965,-0.3396070545128,-0.1712784387088,-0.3933090094816,-0.1130136918356,-0.2390491525029,-0.2213522377316,-0.3708675686407,-0.3583015534249,0.6617934415721,0.2413080882815,0.0668022940529,0.0908690753194,-0.1125457435118,0.7208924060074,0.3913034891341,1.0000000000000,0.0342016302965,-0.1435970569129,0.0974204742062,0.4078607803706,0.3167203253356,-0.0827357437409,0.2291306399698,-0.0145954659194,-0.1552598767049,0.0627732461776,0.0511266207969,0.1604322541889,0.3708965257676,0.3411101354627,0.1213404089419,-0.0457322819043,-0.0956892438221,-0.2262656475010,0.0226531382973,-0.2360957528225,-0.0620417444477,-0.0977000607917,-0.2446430852738,-0.1765711524254,-0.4638216015189,-0.4388783945140,-0.3131939663567,0.6772968542917,0.1217725160825,-0.3074616032516,-0.1478085018556,-0.0538991652099,0.7124909174019,0.5130129790112,0.8069283428303,0.1909886901586,-0.2223999937242,-0.1713453605094,0.3326547877127,0.3219429864703,-0.0491603112593,0.5357110807775,-0.2468077497142,-0.1435553649361,0.0964345611179,-0.0235156241252
-0.0776455281864,-0.0597540053924,0.2730100613634,0.2711958603193,0.4198230391830,0.0498055992275,-0.3936100510315,0.7208471535502,-0.1906080162335,0.6036945694824,0.0782515174991,-0.5351031559027,-0.2581519422586,-0.1269926613791,-0.2913948495958,-0.1020603069776,0.4107041289905,-0.4577245636832,-0.4088385394653,-0.5456753453861,-0.0942140934969,0.4763753807119,0.5261372592540,0.0342016302965,1.0000000000000,-0.1054736504278,-0.2011616321856,0.2322744279152,0.7593593085361,-0.3353686965743,0.4232787850059,-0.0531355775907,0.0715412809729,-0.1992734842244,-0.5438846439019,-0.0659063716101,0.0017842831889,0.2101123730068,0.2969665987423,0.4883115872871,-0.0272202400162,-0.4060546497253,0.3035369160060,-0.2453187164462,0.5917008582304,-0.2353580749336,-0.4729292105778,-0.2324292023754,-0.0847184819276,-0.3506500936089,-0.1039894468571,0.2833625465480,-0.4062949086203,-0.4094989593610,-0.4721960909567,-0.0518849728116,-0.0274575878949,0.3670550004994,-0.0548015475080,0.8633810057310,-0.0501058308150,0.0035278370628,0.2106297122854,0.4927744956903,-0.3341891895903,0.0155187879667,0.0850909520564,-0.0077868007403,-0.0612897050538,-0.4416793262606
0.0731989338341,0.3143484234193,0.0618679616508,0.3941087734908,0.0298548088676,-0.1245838289503,0.0475759919241,-0.1500796611449,-0.0663260449510,0.1268737915468,-0.1263550426628,0.2160197317331,0.0950860805211,0.5546242794389,0.0840104832272,0.0268709758521,-0.1557481522374,0.2708368273522,0.2453074215348,0.3390770221717,0.0219078681784,-0.2989081842912,0.0179778251137,-0.1435970569129,-0.1054736504278,1.0000000000000,0.3840709093291,0.2494918031332,-0.3788552440464,-0.0080970788024,-0.3249730379695,0.1800694904227,-0.0100745147435,0.0543505711463,0.2848160429225,-0.0000098895307,0.0573460737977,-0.2021221508346,0.1588591219561,-0.2242061662666,-0.0819036811638,0.1248842626203,0.0701996826333,-0.1458766473664,0.1381178273244,-0.0227467852126,0.1052804471287,-0.0412991614157,0.2419760803477,0.1079730452222,0.2655884856376,-0.1230120679586,0.0354786345781,0.0722765349619,0.1908460834116,-0.0223499827584,-0.1294117987999,-0.0563144857030,-0.1759227500160,-0.0285295981773,0.2061935220127,-0.1067280074806,0.0323017158048,-0.2348109438796,0.1043414207340,-0.2639825247634,0.2003726748215,0.1063933577604,0.0231408725209,0.2896917420639
-0.2521267358494,0.1871528695537,0.4753174261079,0.1071140687514,-0.2266927025528,0.1387877978619,-0.3323491388092,-0.1237604413268,-0.0298686993321,-0.2975772397809,-0.3088360531632,0.2490793363267,-0.3463494181648,0.0474174954310,-0.1939311497626,-0.3427334666470,0.0299987269350,0.6164825304639,0.3561410791522,0.5767069453262,-0.2817508404434,-0.2097118772516,0.1013704038120,0.0974204742062,-0.2011616321856,0.3840709093291,1.0000000000000,0.5645319881148,-0.1724211554231,-0.2108023552457,-0.0227258196329,-0.1357057819457,0.0807078091838,-0.2433424988598,0.2139148558116,-0.0826068564989,0.2407388466123,0.0955737533251,0.0699493005360,-0.3000858638778,0.1032043639238,-0.2708141809992,0.2939228782691,-0.0533318907395,-0.2678894874400,-0.1887089215408,-0.0347649001772,-0.3011461576281,-0.0943881370264,-0.1734463594526,-0.2524684299087,-0.0191356437630,0.1732586527472,0.1586807348682,0.2296177290407,-0.1383317757427,-0.1244827729744,0.1364022098552,-0.0089420734595,-0.1974243326950,0.1782433983199,0.3757730387551,0.2875969815153,0.0104828493016,-0.2258829892794,0.0431098701072,0.1142947504966,-0.0744194718722,-0.0122649708476,-0.0062548299709
-0.4826386220304,0.2144450172457,0.7937721225327,0.2393507053416,-0.1715498938565,0.0561635758145,-0.4802407488483,0.0607835967994,-0.3920120357326,-0.0746569781746,-0.5240401325590,0.0082518369291,-0.6192833551675,0.0234300949110,-0.5517804065604,-0.5104891993837,0.5580798230020,0.2025485220593,0.2485544229614,0.1452526432644,-0.4541761329933,0.2886838154181,0.3992139043320,0.4078607803706,0.2322744279152,0.2494918031332,0.5645319881148,1.0000000000000,0.1470895398983,-0.5415966091890,-0.0234566245970,-0.0531542357401,0.0830945071043,-0.4297880596783,-0.2676294939184,-0.2438975767050,0.4289089089005,0.5798312828173,0.2499071097763,-0.1312219960954,-0.0173209670451,-0.4230363281517,0.4725036464208,-0.3319402081118,0.0039755542090,-0.2778948386376,-0.2582847772826,-0.5227198318404,-0.1327267586022,-0.6059367385089,-0.4004614115380,0.4734565501751,-0.1341290616209,-0.2053993616701,-0.0837355360728,-0.3414227227298,0.2882836060626,0.4668450866098,0.3512581462871,0.3322710489790,0.0743622171885,0.1186325434173,0.7950995449455,0.2735818660270,-0.5518930232147,0.1159239176551,-0.0789886882175,-0.0301578809166,-0.1630218596985,-0.4548140190823
-0.0630070004023,-0.0344822663504,0.2105320755662,0.1363830709396,0.3652923031498,-0.0093097587591,-0.4518660325725,0.6205338146912,-0.0944540256889,0.2287696173047,0.1198556298413,-0.5361339699165,-0.2217861793262,-0.3685146227208,-0.2699996483370,-0.2329521135509,0.4902373029404,-0.3023078439866,-0.3472991310956,-0.3883974129060,-0.0490147143342,0.7075528903826,0.4846786360078,0.3167203253356,0.7593593085361,-0.3788552440464,-0.1724211554231,0.1470895398983,1.0000000000000,-0.2213853511999,0.6897529163699,-0.1510938105303,-0.0265989023001,-0.0970815586939,-0.4633766809317,-0.0372850519951,0.0032328866416,0.2590764662905,0.0912803210679,0.4163027378114,-0.0787294757850,-0.4789449275455,0.1142158791875,-0.1731243820914,0.2652642281720,-0.2636602797178,-0.4397955791518,-0.2088370482659,-0.3869877111827,-0.3161067333967,-0.2726143830671,0.3330824786550,-0.1835266697317,-0.2771379921559,-0.3515586078232,-0.0020041500548,0.1305108969571,0.3627354405988,0.1847650289956,0.5686850124807,-0.2179239742614,0.0026395323830,0.1725691139143,0.5628732199428,-0.2349713724286,0.2332123533806,0.0419539044192,-0.1484764545857,-0.0273875299000,-0.3591258411820
0.5846700896359,-0.0698935556451,-0.4730535956857,-0.1549610473668,0.0733265406692,-0.0775702066199,0.3840494586251,-0.2009643810788,0.2458675357215,0.0323906872091,0.2379638345415,0.2514256022482,0.5727397469975,0.0887815826240,0.7443750605342,0.4031988710025,-0.3921974556599,0.2020060973330,0.0747738225976,0.2446109630549,0.3703834460799,-0.2318703168433,-0.1785025427648,-0.0827357437409,-0.3353686965743,-0.0080970788024,-0.2108023552457,-0.5415966091890,-0.2213853511999,1.0000000000000,-0.0150661980685,-0.0127566187939,0.0549601277029,0.7045998179045,0.4504006129801,0.2504334140618,-0.1347360756097,-0.4390039766780,-0.1570355664093,0.0327192080799,0.1444659947508,0.3877663505050,-0.4404966888115,0.1203150746566,-0.0611968842426,0.1814946247605,0.2649042778870,0.5274000800438,0.1955916715919,0.4602889788252,0.2295344062318,-0.2553892521912,0.1204081531821,0.1976744472520,0.1634402593110,0.2672124382092,-0.1211194045002,-0.2458022678156,-0.1032286215987,-0.3829624306221,0.0417286454890,-0.1589288544002,-0.5494854186454,-0.2764434199925,0.7052253889589,-0.1134798848219,0.1260194016237,0.1804190567458,0.1984330583828,0.5296631233772
0.2079047473105,0.1641127474399,0.1118401279564,0.2516906146136,0.5418371757041,-0.0906218993017,-0.2206462614030,0.6474669566290,-0.0600072807187,0.2470120867084,0.1838946211931,-0.3760672497995,0.0191846524581,-0.2814402819888,-0.0700367049309,-0.2487440092060,0.1336512144767,0.0242264100878,-0.1864062228400,-0.1220715949789,0.2213726253835,0.3783385763258,0.3839593354427,0.2291306399698,0.4232787850059,-0.3249730379695,-0.0227258196329,-0.0234566245970,0.6897529163699,-0.0150661980685,1.0000000000000,-0.1663799525570,-0.2297431460173,-0.0063209583183,-0.1548419083036,0.3363543370280,0.1122013948192,0.0112513018125,0.1169568435718,0.4259273604384,-0.1783277856410,-0.3169547441680,-0.1501576259510,-0.1673728058116,0.1755749766196,-0.0633374758487,-0.2608898227597,-0.0416854338868,-0.4352063330925,-0.1138597558086,-0.3041489146359,0.0260187212210,0.1672412754711,-0.2250742481360,-0.0894201381940,0.2572273290179,0.1036243896938,0.2622817960860,0.1915245832122,0.1790140664955,-0.3307380327749,-0.0201728179588,-0.0970128101684,0.0565595590613,0.0222973104721,0.3974835949913,-0.1023807897120,-0.2507328232780,0.1819435003895,-0.0644322159676
0.0733352349156,0.3329543172256,-0.2198941740753,0.2057083926528,0.2029052442538,-0.3048928212059,0.1634622948453,-0.0826511954655,-0.1098681638968,0.0850157354859,0.0705037547661,0.1718336031932,0.2934405107194,0.5724073012393,0.0047640666211,0.0836923979542,-0.0415907000438,-0.1099395317612,0.1148585889905,0.0222877330736,0.2471837893126,-0.0053687568854,-0.0535635263109,-0.0145954659194,-0.0531355775907,0.1800694904227,-0.1357057819457,-0.0531542357401,-0.1510938105303,-0.0127566187939,-0.1663799525570,1.0000000000000,-0.2035587312769,0.1143067613193,-0.1619128116768,0.0824946332989,-0.0564528158363,-0.2287364329686,-0.0869728566513,0.0107101102081,-0.3866391763105,0.1100103317456,-0.1792795505459,-0.2804888751399,0.1400900217925,0.2172071091173,0.2422700871385,0.2014584574190,0.2956817672189,0.0405961033720,0.1452052729931,0.0145637998848,0.1051726019215,-0.1966234050588,0.0238817643411,0.1741391251780,0.1375301652180,-0.0602353829476,0.0955269631647,-0.0043268347402,-0.3162448133727,-0.4482456907376,-0.0591678448672,-0.1267644643545,0.2548094099307,-0.0365948041168,0.0763334828908,-0.2112215466007,-0.0481095994779,0.0439657946104
-0.1038906426369,-0.3824448693102,0.0340348468608,-0.2719222060532,-0.3383557646037,0.3779949598925,-0.1427238527989,0.0613579670567,-0.1013349540899,0.0371643306616,-0.0862600537179,-0.1828972116570,-0.3611750181935,-0.3393731873851,0.0891635267198,0.1834959255708,0.0018133046138,-0.1073268791643,-0.3048795945005,-0.1708956672552,-0.4112242284877,-0.1391594806885,-0.1290235972459,-0.1552598767049,0.0715412809729,-0.0100745147435,0.0807078091838,0.0830945071043,-0.0265989023001,0.0549601277029,-0.2297431460173,-0.2035587312769,1.0000000000000,-0.1367408372284,0.0246783773042,-0.1953586656587,0.0100079856233,-0.0686652946369,0.1019490639598,0.0526955352710,0.5236877126545,-0.2160440918577,0.2261479801134,-0.0726602516472,-0.0779753076330,-0.1677571921497,-0.4087769575240,-0.1930891767609,0.2705286686688,-0.1405428901174,-0.0316353185110,0.0539602106089,-0.4170203224578,0.0949476782107,-0.1446599855712,-0.3252628871119,-0.3462155236363,-0.1945778451783,-0.3372127978945,0.0452502166818,0.5791880736685,0.3735915357365,0.0332249596728,0.2312166197195,-0.3931190833994,-0.3450587473445,0.3817252313939,0.4993600697814,0.0274490057367,-0.0926517718107
0.5943449872290,-0.0787511631487,-0.3806825496997,-0.0337942736754,0.1107767598237,-0.1189414942492,0.1509665181171,-0.1108642571177,0.1755371395036,0.0846662421623,0.3541351431090,0.0634377020062,0.5655463874961,0.0760043351329,0.4982653556206,0.2241297154242,-0.2473736248179,0.1443692454715,0.0476189382436,0.2193085177044,0.4453239462361,-0.0045760869939,-0.0606556887712,0.0627732461776,-0.1992734842244,0.0543505711463,-0.2433424988598,-0.4297880596783,-0.0970815586939,0.7045998179045,-0.0063209583183,0.1143067613193,-0.1367408372284,1.0000000000000,0.3791878095022,0.2287967346093,-0.1417842622472,-0.3490687100272,-0.0559518150569,0.0453847082866,-0.0486111448134,0.2344958093256,-0.3222858473041,0.1816711900202,0.0646783633048,0.1777334051534,0.1676271678248,0.5103475785182,0.0386064761797,0.4066167331948,0.2767571112261,-0.1525913862235,0.1267478044429,0.1999926402789,0.2399823573343,0.2793703082985,0.0521636300929,-0.1088176234888,0.0196717476897,-0.2402696964324,0.0364135588785,-0.1522836152876,-0.4283757305026,-0.1692543440665,0.6717366072218,-0.1089275468621,0.0621922806592,-0.0466738171338,0.3339999596265,0.5541539066653
