1.0000000000000,0.0502971870276,-0.0150466353615,0.1291319480730,0.3788746779959,-0.1991163580811,0.2328704997844,0.1591506810008,0.1794521409354,0.1009101047956,0.5482522951626,-0.2182817414680,0.5150159792443,-0.2286446599540,0.4802361420801,-0.0377856469188,-0.1416161361541,0.2721591840153,0.0165939742850,0.2031896280407,0.7085646378875,0.0456877281154,-0.0187417853723,-0.0603941123032,0.1005006460509,-0.0784624556134,0.0395631410528,-0.0762694886299,0.1790745932710,0.4072648584843,0.3907526781412,0.0434207508359,-0.1385459425008,0.3168607023348,0.2112363103973,0.5544213106196,0.1718633928492,-0.1043159705992,0.3015709512235,0.3228075872980,-0.1571246917447,-0.0909730056623,0.1854044421968,0.0780431887356,0.0609735009291,0.1292163045404,-0.0421483475431,0.2497686414335,-0.1606698418466,0.2213728150680,-0.1005900529338,-0.1578387325640,0.2666214048462,0.1137160967476,0.2709409655555,0.4979285221777,-0.0617026841368,0.0370594754194,-0.0495111391319,0.0189207962445,0.2013559288130,0.2480512658188,0.0085849803368,0.0372531416246,0.1423126961358,0.2690119415786,0.2220889622122,-0.0338331605252,0.2880041766053,0.2060698226827
0.0502971870276,1.0000000000000,0.0179404753710,0.4175692363333,0.3181870309781,-0.0405648455026,0.0881120783637,-0.1516550961400,-0.1475789274540,0.1716709035526,0.0698376691826,0.1074402146733,0.1739964566588,0.0214150918119,0.0552775877932,-0.1549945497787,0.2606601846560,0.2684983680340,0.1396468289204,0.0891902787217,0.1422302212170,0.5265018448250,0.2996341242725,0.5037686573643,0.0135165879684,0.2426935798648,0.1902686461014,0.3361906932056,0.0809860517363,0.4035665299490,0.1404129303467,-0.2557137523823,0.0216449067586,0.1892199909377,0.4015450219525,0.2131770306752,0.7843797508693,-0.1976024499941,0.4241668474905,0.3101887401877,-0.1232669072822,-0.0146273822093,-0.0399790275092,-0.1646451548767,0.0655146029908,0.1090502681442,0.1923317456055,0.3166516349818,0.1566321306431,0.0173480468742,0.0495404358879,0.2639940638905,0.4200926944655,0.0042482475723,0.2341685817493,0.1351459192392,0.4340679479029,0.5025845140223,0.4301229965452,0.1834528306723,0.3166851880300,0.0055759482463,0.3578081166081,0.1804469874639,0.2384505743371,0.4022061546565,-0.1055148154581,0.0401298916226,0.1298927940455,0.2917439680388
-0.0150466353615,0.0179404753710,1.0000000000000,0.2468120578933,0.0599489281889,-0.1272659479001,-0.2185628191531,0.3205254258121,-0.0441626068235,0.0599074778563,-0.1499396094257,0.0400806778088,-0.1115700944028,-0.0298221609694,0.0460805341361,-0.1249907812534,0.3013458242321,0.4865346703452,0.1784079109912,0.2773329739061,0.0959765640492,0.2998785382139,0.2891619312536,0.4660929574476,0.3513601461855,0.0697341112898,0.5985421493572,0.4428387842360,0.5331726641757,-0.0881305457933,0.4731796007902,-0.1109875347632,-0.0641947638285,-0.1026418890607,0.1015302335073,-0.0206476998267,0.0451004669732,0.5217478163892,0.2595948684523,0.0622288501620,-0.1819282499846,-0.1840929637242,0.4205235053244,-0.1278901265924,0.0338716722250,-0.0949479784342,-0.0233436567543,-0.0628630568360,-0.0685519281130,-0.1239379718102,-0.1120813834417,0.3192388126072,0.0051148397504,-0.1371074003985,0.0340860317109,0.1224970502393,0.0808274884352,0.0995027113117,0.1713576630466,0.2488707193345,0.0803907987737,0.2095688318018,0.5033736321245,0.4283016314467,-0.2509880017855,0.2840390066436,-0.0248493264019,-0.0249499910009,-0.1976173400957,-0.0674709174768
0.1291319480730,0.4175692363333,0.2468120578933,1.0000000000000,0.4978198713269,0.0587250693377,0.2290407814051,0.2846558443803,0.0442756443976,0.4007033399264,0.2064905402629,-0.1089721665514,0.1510161556167,-0.0055165410688,0.0297999874833,0.1730235056803,0.3127536731681,0.1580584957577,-0.0968844697909,0.0694231924174,0.2175612194991,0.2981774594822,0.5940177907424,0.4115906407056,0.3879570249160,0.3720975454518,0.1283937313594,0.0880834370840,0.1629522396544,0.1971716365994,0.3665488555900,-0.0977279262281,-0.1545990635669,0.2170715704455,0.2496905998628,0.3467393268850,0.3786344583301,0.0283628411626,0.5045956652998,0.2594499081292,-0.2316133783715,0.2606176318968,-0.0695949614852,-0.0923397780742,0.3887048008759,0.3631081402037,-0.0182982399817,0.2778190017054,0.0259006026736,0.1307598853853,0.0489214365578,0.2990709601736,0.2193886219749,-0.2260374278809,0.1528292649016,0.2321150136828,0.0982586304791,0.3227131824776,0.1475898403338,0.4926909296893,0.2206967436175,0.1865965784056,0.3304119478587,0.0867063513530,0.1278759649485,0.3719533971655,-0.2600816368537,-0.1755197307058,-0.0063827495499,0.4097234844597
0.3788746779959,0.3181870309781,0.0599489281889,0.4978198713269,1.0000000000000,-0.1670808554600,0.1672694759519,0.4202789944397,-0.1033368114218,0.4712427075222,0.5328858862647,-0.2584760268076,0.4995093656816,-0.1098275728751,0.1109082483739,-0.0183437231752,0.0753695351335,0.0733126815150,-0.1682583853486,-0.1236753412598,0.5675312476803,0.3292415004783,0.3739499197908,0.1558380979754,0.5072279381666,-0.0065900097022,-0.0269492720645,-0.0126694962067,0.3369954717560,0.2167067701062,0.5390056328935,-0.0034928514138,-0.2666272482509,0.0973479263970,-0.0744989906560,0.2676002176074,0.2967957687960,-0.0280209761510,0.3256080066334,0.8534382500184,-0.3006592728926,0.0134562174136,0.1305498886906,-0.2384900363710,0.4283735688540,0.3790878879964,-0.1240838430438,0.4937951251919,-0.0583977087289,0.0295602340319,-0.0246937289217,0.0190865257222,0.1587088596156,-0.1407607900633,0.1301569534726,0.5131771805191,0.1489467085623,0.2613909171127,0.1159162801383,0.4522614013241,-0.0400454953551,0.2110366556717,0.1443306117381,0.2026684258586,0.1418103672381,0.3813294323461,-0.0781906692764,-0.1136134353048,0.0254146838321,0.0316837304605
-0.1991163580811,-0.0405648455026,-0.1272659479001,0.0587250693377,-0.1670808554600,1.0000000000000,0.3703313263238,-0.0678645679728,0.5676828722129,0.0459991597755,-0.0961159924334,0.2508699054129,-0.1867592763058,0.2097235964371,0.0594151427112,0.2917715165627,0.0580203520799,-0.2229032137225,0.1745722633452,-0.0405160518367,-0.2657163416678,-0.0664112614505,0.0243135988690,0.0112356669381,-0.0948058094926,0.1783358093921,-0.0771319907400,-0.0510463855780,-0.2479467021073,0.0034876322016,-0.1646247296923,-0.0862210056123,0.4813518421767,-0.1227688718136,0.0755113695584,-0.1379065803641,-0.2280038927974,-0.0801667668553,-0.1802755950849,-0.2367205124598,0.6855788563643,0.6019848962185,-0.3517930252441,0.5496381454128,-0.0496269804768,0.1470234755138,0.2209605775009,-0.0278984717738,0.1656690522835,0.1976277057274,0.4561327953165,-0.0454828936172,-0.2393562313920,0.1008251208225,-0.1543084703122,-0.2035480327154,-0.1453462930348,-0.1235697520777,-0.1346370211147,-0.0790665865932,-0.0659017744179,-0.1305956664832,-0.0541140973733,-0.2525199385208,-0.0093270252889,-0.1803180823425,-0.4142066413464,-0.0363434108244,-0.2584712276022,0.0933204582174
0.2328704997844,0.0881120783637,-0.2185628191531,0.2290407814051,0.1672694759519,0.3703313263238,1.0000000000000,0.0198933758905,0.5213423793805,0.0921399799143,0.5569533666225,0.0460921285384,0.5281388094526,0.0672259028666,0.4512359166941,0.4489216330118,-0.0793917861336,-0.0901396650327,0.0401157213549,0.0548134669745,0.2140574476399,0.0143784233020,-0.0108778864202,-0.0484394958038,-0.0075332816301,0.1739490879059,0.0108348108796,-0.1864895289331,-0.0772836269877,0.3408758093081,0.0252068600766,-0.1483149611600,0.1799238336983,0.0936575040588,0.2533014990893,0.1305908398248,-0.0531401865866,-0.2926416375001,0.0718786589933,0.0974400198943,0.2999500160159,0.6966506150312,-0.2293345191980,0.4332864846466,0.0110045388763,0.5312580697118,0.1982519775134,0.4666791395978,0.1271379774275,0.2986503187855,0.4088255851141,-0.1097718902629,0.0129980574091,0.0752520326331,0.0463331316758,0.1102182952382,-0.1463701095698,-0.1312363681547,-0.0892469060177,-0.0081467329431,0.0843258218293,0.0810069438342,-0.1138493188621,-0.1101197553564,0.2532456362353,0.0185265883626,-0.1675105954565,0.1170739671651,0.0018517110551,0.2966745569722
0.1591506810008,-0.1516550961400,0.3205254258121,0.2846558443803,0.4202789944397,-0.0678645679728,0.0198933758905,1.0000000000000,-0.0788246538573,0.3642407058590,0.1920583542767,-0.4248492006451,0.1930207295163,-0.1296155057347,-0.1076205597669,0.1018208845453,0.1863911335871,0.0827269743311,-0.4836529485714,-0.1343975362712,0.2543553754803,0.1181771226426,0.4342132278442,0.1383229520913,0.7040873330553,-0.0651071255652,0.0227956308967,-0.2202527519833,0.5132387488631,-0.1125240523145,0.6364973921899,0.3865043361754,-0.1871387626296,-0.0683874008018,-0.2589118551711,-0.0841153284233,-0.1974183609530,0.2386621473149,-0.1496661650938,0.4049645066122,-0.2397019594824,0.1238385539616,0.1603518162109,-0.2688038402262,0.3370363028789,0.2474712494595,-0.4772315329617,0.2529005375682,-0.2917197528770,-0.3062585553756,-0.0389289808669,0.1223363773798,-0.3666342381501,-0.5324015645373,-0.2939031741544,0.3614280328504,-0.2160985881152,0.0236647685804,-0.1816725772754,0.4832024217646,-0.3372679633552,0.2544148069378,-0.0492515271397,0.1753143498811,-0.1600850300618,0.1692502239172,-0.0627577411747,-0.0398670143174,-0.4315244129929,-0.2176427512618
0.1794521409354,-0.1475789274540,-0.0441626068235,0.0442756443976,-0.1033368114218,0.5676828722129,0.5213423793805,-0.0788246538573,1.0000000000000,-0.2013224781583,0.3242905145342,0.2113925558700,0.0008594803293,0.0054691814141,0.4845587980415,0.2763052274793,-0.2470057709167,-0.0279120714069,0.3857513725138,0.0854050157063,0.0184570066415,-0.2711375311431,-0.2334423083699,-0.2684717940185,-0.1433989206410,0.1755600106275,0.1572427097384,-0.0344092412362,-0.0910447817862,0.0432251574146,0.0486132641582,-0.1902684006223,0.1502515968043,-0.0692038638360,0.1600189657086,-0.1193200361892,-0.0987212645197,0.1607442087844,0.1104426025509,-0.1880126221078,0.4687935564839,0.4358948578980,-0.0595394385942,0.8970080124192,-0.2159695148579,0.0952080026979,0.3482022802596,-0.1162849488612,-0.0053896784361,0.3791068510883,0.3970827934635,-0.3741804250488,-0.1096774247068,0.4146066930161,-0.0651921420276,-0.1464784119795,-0.3171119750627,-0.2800885990425,-0.2304291329640,-0.3051672006030,0.2060909531445,0.1824180515559,0.1226200969596,-0.1754439149131,-0.1884127722008,-0.1164906867764,-0.1527957524707,-0.0897269416060,-0.0460311233332,0.0814664879352
0.1009101047956,0.1716709035526,0.0599074778563,0.4007033399264,0.4712427075222,0.0459991597755,0.0921399799143,0.3642407058590,-0.2013224781583,1.0000000000000,0.0860924111376,-0.0017509000238,0.1864071796992,0.3725555120672,0.0754963022609,0.2241352390511,0.1323640728731,-0.1554552204945,-0.1013679712106,0.0611535644659,0.1396081526718,0.1420960670640,0.4401746198520,0.0814457630544,0.5631085604548,0.3981164882097,-0.1590035690650,0.2429604650279,0.0548637438859,0.1312976519213,0.1384603323422,-0.0269581135499,0.0849599918224,-0.0666691221631,-0.1358229192223,0.1860185359867,-0.0238154958489,-0.1472571489528,0.2187588445029,0.4232649546045,-0.0981366577497,0.0731147597963,-0.0584541664157,-0.3217180301023,0.7986994868401,0.2054716845515,-0.0895453146412,0.3119606659568,0.4193399518917,0.0977505086859,0.1372129696355,0.1023025198277,-0.2032783688674,-0.2433863818967,0.0862768678303,0.1951415938960,-0.0559106031777,0.2348486134005,-0.1959495936853,0.5783784174163,0.0506501606614,-0.2037827654424,0.1151212367372,-0.0432592167748,0.1581494478292,-0.1066637828018,-0.2444414801657,0.0456976715514,-0.2066523214556,-0.0568268309098
0.5482522951626,0.0698376691826,-0.1499396094257,0.2064905402629,0.5328858862647,-0.0961159924334,0.5569533666225,0.1920583542767,0.3242905145342,0.0860924111376,1.0000000000000,-0.1379819699882,0.6781773572319,-0.1237235933940,0.5567250644715,0.0875055623501,-0.2477600656833,0.0028184392529,-0.0043205343574,0.0211663210242,0.6373958083831,0.0279100055527,-0.0975916238951,-0.1716759005585,0.1387825224253,-0.0039923482678,0.0091354623471,-0.1112823708573,0.1446649974824,0.3404099767832,0.2823010728364,-0.0213703131690,-0.1701873799348,0.1931953237041,0.0583150881243,0.2554374465154,0.0785164247168,-0.1339581648133,0.2412582148409,0.5168963917177,-0.0650959825576,0.2470416960361,0.0450801430960,0.2168068056115,0.0368338196780,0.6425197691351,0.0301623753229,0.4801853550229,-0.1074949964858,0.2680032963941,0.0768268541240,-0.3226806510884,0.1265863956796,0.1422241246291,0.1173417342440,0.4508109177670,-0.1171673828853,-0.1318751773716,-0.0736492567301,-0.0326839455123,0.0881886585443,0.2130362689283,0.0011237454478,0.0535992876242,0.1235130414991,0.0915208873508,0.0153516749534,0.0496521490688,0.2112226307089,0.1005900009230
-0.2182817414680,0.1074402146733,0.0400806778088,-0.1089721665514,-0.2584760268076,0.2508699054129,0.0460921285384,-0.4248492006451,0.2113925558700,-0.0017509000238,-0.1379819699882,1.0000000000000,-0.2490551727700,0.6995776902253,0.2880554047550,0.1943760424767,-0.0583497768705,-0.1676438324897,0.6776961475899,0.1555057067868,-0.1966762712184,-0.0345961391198,-0.1325286850463,0.0171523828002,-0.2823603565625,0.2208694509570,0.0207932120591,0.4145455233071,-0.2505949316872,0.1041244793780,-0.3844881785693,-0.2592512818417,0.3802541033992,-0.1867232768732,0.1091895251873,0.0277770612259,-0.0144113853932,-0.0980392705874,0.0851868322048,-0.2519368825538,0.2222328535063,0.0718521825234,-0.1551999363128,0.2290657009296,-0.0378474695686,-0.0991343135989,0.7968703942966,-0.1940064924262,0.6682533002164,0.4904540654043,0.3024523626210,-0.0633288074416,0.0615473227867,0.4910273894446,0.2868549219767,-0.2671463491459,0.0330258737298,-0.0096342039789,-0.0544408205776,-0.2143392439477,0.0538502573262,-0.3203662135287,0.2095984887955,-0.0801162391567,0.2309511216834,-0.2524337879069,-0.2128651344438,0.1976526320761,0.0350770756986,0.1258553933851
0.5150159792443,0.1739964566588,-0.1115700944028,0.1510161556167,0.4995093656816,-0.1867592763058,0.5281388094526,0.1930207295163,0.0008594803293,0.1864071796992,0.6781773572319,-0.2490551727700,1.0000000000000,-0.1745639759603,0.3158232377694,0.0876589878510,-0.1022333283806,0.1936593417123,-0.2114875113495,-0.0128578878895,0.7280974695919,0.1093878190749,-0.0204180750381,0.0042989631917,0.0901942611060,-0.0405262480654,-0.0132130651691,-0.2012485986095,0.1372232945331,0.3877068939625,0.2391476387072,0.0455176376491,-0.1463066525586,0.2303486133195,0.1858081393954,0.3296082260808,0.1191463512288,-0.2348674025441,0.1122217631889,0.5140626404204,-0.2067748682242,0.2140000152767,0.0519378114224,-0.1032256878320,0.1194037392412,0.4786764022587,-0.0511005399843,0.8546332380570,-0.0752651416773,0.0612614888947,0.0854562707004,-0.1206216280458,0.2439489590405,-0.1204496080339,0.1912070603407,0.6390356428438,-0.0559056329478,-0.0629755159932,0.0008245594751,0.0745276377912,0.0602695591462,0.2172239494332,-0.1193287730712,0.0736633309026,0.3048583994183,0.2319394276242,0.0534169202339,0.0346977526349,0.1457930944246,0.2356202166789
-0.2286446599540,0.0214150918119,-0.0298221609694,-0.0055165410688,-0.1098275728751,0.2097235964371,0.0672259028666,-0.1296155057347,0.0054691814141,0.3725555120672,-0.1237235933940,0.6995776902253,-0.1745639759603,1.0000000000000,0.2299424503656,0.2204192803325,0.0832383956655,-0.2601349353644,0.3243750618777,0.2402632861421,-0.2642086750271,0.0146206510805,0.0693932126964,0.0487025398633,-0.0417669404275,0.4750378821639,-0.1636846221465,0.4507549513037,-0.2573890487827,0.0810298945533,-0.4099255013005,-0.0299931094141,0.4773237595037,-0.0846267324985,-0.1237862731573,0.1394779665551,-0.1583668881254,-0.2958251325609,-0.0902732941013,-0.1242938070823,0.0582774041361,0.1830310167255,-0.3374387277760,-0.0481887727290,0.1955353111393,0.1582522702725,0.4044706495455,-0.0510184467292,0.7902247309160,0.3550785723480,0.1937624445326,0.1038696086658,-0.1751238346644,0.1909033999525,0.1721789222879,-0.2511973993151,-0.0492649491430,-0.0467318329736,-0.2214309125821,0.0134968143053,-0.0382758182438,-0.5049879400550,0.0662502445890,-0.1955775823339,0.2064472390823,-0.5003053122027,-0.2423896100040,0.3333757760638,-0.0247671196117,-0.0360314138894
0.4802361420801,0.0552775877932,0.0460805341361,0.0297999874833,0.1109082483739,0.0594151427112,0.4512359166941,-0.1076205597669,0.4845587980415,0.0754963022609,0.5567250644715,0.2880554047550,0.3158232377694,0.2299424503656,1.0000000000000,0.2286949487560,-0.3234329014061,0.0957084801140,0.4543359313404,0.3878226094605,0.2895378677060,-0.0432083923749,-0.1996021003825,-0.1690508875290,0.0314407443793,0.2709562448399,0.2162121306946,0.2749011741018,0.0597184772144,0.5263298461739,0.1197892176617,-0.0868952679541,0.0809696431403,0.1451808076761,0.2764734394344,0.1557016772997,0.0845769875337,-0.1195060159091,0.3645899397933,0.1201721159383,0.2303500382976,0.0399381535131,0.1937434408360,0.3632550488435,0.0323642654166,0.1590030806940,0.3554065314703,0.0974303183546,0.3022048607976,0.5167105127929,0.3466403592787,-0.3496080860857,0.0743740434725,0.5110051040904,0.1666284423114,0.0273020822594,-0.1094434787877,-0.0876788868354,-0.1847935927127,-0.1424620113336,0.2881501147567,-0.0500121378960,0.1958683099464,0.0177918883465,0.1210490455726,-0.0850796614612,0.2023266559498,0.3179145807250,0.2648660572193,0.0532840302791
-0.0377856469188,-0.1549945497787,-0.1249907812534,0.1730235056803,-0.0183437231752,0.2917715165627,0.4489216330118,0.1018208845453,0.2763052274793,0.2241352390511,0.0875055623501,0.1943760424767,0.0876589878510,0.2204192803325,0.2286949487560,1.0000000000000,-0.0072414166406,-0.1963353860987,0.0199272424985,0.0293600495301,-0.0327365510877,-0.2119274345324,0.1750086020757,-0.1432982502893,0.0532359864209,0.2485171538386,-0.1239590968088,-0.1858079211099,-0.2417005773896,0.1590944984299,-0.1002853793950,0.0069498665454,-0.0691933627126,0.0432547209492,0.2037633271680,-0.0852960641584,-0.2815074002179,-0.1530756553239,-0.0959033219391,-0.1531261997007,0.3124664205656,0.4400495300295,-0.3220099531215,0.1487492074241,0.2631303953675,0.0935309988515,0.1340881422173,0.0842221181306,0.2442281936567,0.1786724170894,0.6108870158035,-0.0541794462159,-0.2588802606262,-0.0098736313476,-0.1165857131891,-0.0235593116310,-0.2439171159640,-0.0300000874449,-0.2233659234573,0.0944038977003,-0.0662811382705,-0.1632414915865,-0.1515115600153,-0.3169208364893,0.1866706289314,-0.1782921732654,-0.1917090254689,-0.0495818791099,-0.1809263013214,0.2594724406694
-0.1416161361541,0.2606601846560,0.3013458242321,0.3127536731681,0.0753695351335,0.0580203520799,-0.0793917861336,0.1863911335871,-0.2470057709167,0.1323640728731,-0.2477600656833,-0.0583497768705,-0.1022333283806,0.0832383956655,-0.3234329014061,-0.0072414166406,1.0000000000000,0.1215969234723,-0.1415540331720,0.1158780583537,-0.0996709490179,0.6681589729307,0.5248257699196,0.7396301611546,0.2575586292003,0.1173260435714,0.0649118127384,0.2393652620128,0.3314850932237,0.0335232064069,0.1241062896972,-0.0853144629074,0.0251314579138,0.1406142595841,0.1787645935121,0.1547176522536,0.0797454166889,0.0559307887762,-0.0121216070508,0.0424170139867,-0.1892322148911,0.1855055392390,-0.2144583533465,-0.2849399526219,0.0265013786730,0.1711162817345,-0.1396890350709,0.1322045797185,0.0236295762005,-0.2401251102927,-0.1059993543266,0.9053073125450,-0.0409627251264,-0.3356893798560,0.0342584378246,0.1100317584003,0.4637942450203,0.3561554807812,0.4809235294459,0.4201612679187,0.0010505071856,-0.0763434643848,0.2607858031146,0.3626626489625,0.0209698361189,0.2180483767034,-0.3540090954014,-0.1872870940748,-0.1610814485445,0.1957126986075
0.2721591840153,0.2684983680340,0.4865346703452,0.1580584957577,0.0733126815150,-0.2229032137225,-0.0901396650327,0.0827269743311,-0.0279120714069,-0.1554552204945,0.0028184392529,-0.1676438324897,0.1936593417123,-0.2601349353644,0.0957084801140,-0.1963353860987,0.1215969234723,1.0000000000000,-0.0201403288888,0.4859345252533,0.2959196759947,0.2725592623577,-0.0388674172655,0.4477903331328,-0.0847845759025,-0.0405456608640,0.6013201485995,0.1504825737524,0.3460000729976,0.3408936369590,0.2999038975962,-0.0305876062258,-0.0798893296729,0.3496088870099,0.4358482630132,0.1363755417798,0.3202202765512,0.1367973029707,0.1745661655795,0.1655486264924,-0.2071834604995,-0.1930323413291,0.2786623261575,-0.0858175355024,-0.2107164999774,-0.0970688966087,-0.1693312009721,0.1441047566757,-0.3079808299819,-0.2931673732916,-0.1503712881311,0.1665510726480,0.3821745769051,-0.1237836078676,0.0968447347911,0.3359261996117,0.1659113604111,-0.0573046649778,0.3148821525110,-0.1133156319818,0.1927189831605,0.2745048382238,0.1054176668790,0.2920260026603,-0.0713643814625,0.3417479407870,0.1565733270974,0.0473068800582,0.1561382444326,0.1253230438700
0.0165939742850,0.1396468289204,0.1784079109912,-0.0968844697909,-0.1682583853486,0.1745722633452,0.0401157213549,-0.4836529485714,0.3857513725138,-0.1013679712106,-0.0043205343574,0.6776961475899,-0.2114875113495,0.3243750618777,0.4543359313404,0.0199272424985,-0.1415540331720,-0.0201403288888,1.0000000000000,0.3350830145927,-0.1191296099452,-0.0581566402408,-0.2308161029018,-0.0800496835725,-0.2676774189334,0.2457234365382,0.2383799714103,0.5614004919319,-0.1717219650612,0.0833815209593,-0.1802477620758,-0.4517117803324,0.2006858090828,-0.1584799079951,0.1521479256588,-0.0230196083133,0.1509996063692,0.0866999735428,0.3076939116677,-0.2103929311011,0.2097187509788,-0.0917726851975,0.0183012663179,0.3854277615998,-0.1883890168760,-0.1919330710332,0.6624623236002,-0.2758494371260,0.4293394863043,0.4923158995521,0.2296080954659,-0.1363720679356,0.1543645015289,0.7071415515778,0.3094109231209,-0.3125094658793,0.0836818336248,0.0008131181301,0.0071257955516,-0.3163840184346,0.3114471197365,-0.1681368944181,0.4227923559099,-0.0310469728144,-0.0150002884192,-0.1318405516728,-0.0817785870983,-0.0100519017876,0.1535093668803,0.0476726977855
0.2031896280407,0.0891902787217,0.2773329739061,0.0694231924174,-0.1236753412598,-0.0405160518367,0.0548134669745,-0.1343975362712,0.0854050157063,0.0611535644659,0.0211663210242,0.1555057067868,-0.0128578878895,0.2402632861421,0.3878226094605,0.0293600495301,0.1158780583537,0.4859345252533,0.3350830145927,1.0000000000000,-0.0913494740012,0.1259133325970,-0.0334179148334,0.2258792605445,-0.0768967644910,0.3936115453187,0.4226652013553,0.4856967083761,0.0684130473147,0.3970278478150,-0.0840418818008,-0.0687362788415,0.1516931812273,0.2292753405846,0.3838007981565,0.1588724196106,0.0629560264295,-0.1423835586258,0.1682849576632,-0.0722405318355,0.0238311668983,-0.0112948375798,-0.0322885663392,0.0181733958693,-0.1028493096152,0.0728748686181,0.0200080639723,-0.0902971329752,0.2089271695249,0.0231066213379,-0.0067480287800,0.1945757184429,0.0608784406620,0.1587632156262,0.2212318888581,-0.1200839970922,0.0456532510126,-0.0150338567353,0.0594008966639,-0.1301222277701,0.3499192250985,-0.1380401097464,0.1668980493235,0.1085450837028,-0.0104450584940,-0.1729301586939,0.0861791230936,0.2031536655349,0.1322988817308,0.1089567263700
0.7085646378875,0.1422302212170,0.0959765640492,0.2175612194991,0.5675312476803,-0.2657163416678,0.2140574476399,0.2543553754803,0.0184570066415,0.1396081526718,0.6373958083831,-0.1966762712184,0.7280974695919,-0.2642086750271,0.2895378677060,-0.0327365510877,-0.0996709490179,0.2959196759947,-0.1191296099452,-0.0913494740012,1.0000000000000,0.1406146895579,0.0193097854598,0.0511453991839,0.1380251088976,-0.1481935485546,0.0377392494845,-0.1599739764618,0.2574158944114,0.2998633727923,0.4321157315156,0.0020867310024,-0.2240657990424,0.2933374230259,0.1696907151139,0.4007199837737,0.1906304127756,-0.0338583630522,0.2653738246173,0.5536144580520,-0.2725251718614,-0.0804355939921,0.2041961175960,-0.0870520534333,0.1097994340547,0.2637934979377,-0.0546318479333,0.5400277503721,-0.2010663096833,0.0583754172839,-0.1083182311134,-0.1508303402650,0.2747614604563,-0.0839983674180,0.1602015073164,0.8764445268766,-0.0287091228003,0.0008020245469,0.0452192132091,0.0804454272017,0.0688860465111,0.3041294461569,0.0257338725295,0.1283410113941,0.1270809296338,0.3712822601969,0.0747252846281,-0.0521925371963,0.2043422103195,0.1906307523983
0.0456877281154,0.5265018448250,0.2998785382139,0.2981774594822,0.3292415004783,-0.0664112614505,0.0143784233020,0.1181771226426,-0.2711375311431,0.1420960670640,0.0279100055527,-0.0345961391198,0.1093878190749,0.0146206510805,-0.0432083923749,-0.2119274345324,0.6681589729307,0.2725592623577,-0.0581566402408,0.1259133325970,0.1406146895579,1.0000000000000,0.4491863797045,0.8406728533306,0.2590734573565,0.0067198126755,0.2033351205091,0.2613855514394,0.5534335218188,0.4023931049430,0.3771757508893,-0.1153623367512,0.0355141228264,0.2275352177890,0.3082412100539,0.2402128277291,0.3625876774082,-0.0917205878706,0.2401347541324,0.3288376123629,-0.1577174856871,-0.0010501197313,0.0348436433680,-0.3093261714535,0.0287999888618,0.1938789855209,-0.0307374465620,0.2630269753623,-0.0176824659578,-0.1848570565409,-0.1584021733116,0.6456725397355,0.2569716552871,-0.2132228445356,0.1107627540694,0.2026734813630,0.7435054971559,0.4931354207016,0.6484332483196,0.3578324212469,0.0563262846859,-0.0380003666546,0.2626799982836,0.5545596296331,0.2214663866776,0.4762943915469,-0.1320958873675,0.0944511196018,0.0806768391250,0.1908642191841
-0.0187417853723,0.2996341242725,0.2891619312536,0.5940177907424,0.3739499197908,0.0243135988690,-0.0108778864202,0.4342132278442,-0.2334423083699,0.4401746198520,-0.0975916238951,-0.1325286850463,-0.0204180750381,0.0693932126964,-0.1996021003825,0.1750086020757,0.5248257699196,-0.0388674172655,-0.2308161029018,-0.0334179148334,0.0193097854598,0.4491863797045,1.0000000000000,0.5233798191135,0.5023616333495,0.1894403929634,-0.0479934096072,0.0377300758182,0.2583955139806,0.0765255924092,0.4192781266507,0.0450769461621,-0.2109919636218,0.0707831256592,0.0857153794967,0.2391405348903,0.1496457040296,0.0019998539067,0.1565979238500,0.1959555447583,-0.2186127997510,0.1661398332060,-0.1442473131406,-0.3660371841236,0.4157281185136,0.1956797946926,-0.1452409418291,0.1786427685047,0.0541358123723,-0.0503472145519,-0.0149294986948,0.5227107119089,0.0047835628257,-0.4126041950732,0.0915162382485,0.1500469981355,0.2197108785504,0.7172891655901,0.2308997373719,0.6572256088897,-0.0526686208831,0.0078934535118,0.1941196867171,0.1446399212894,0.2221155181561,0.4124973008934,-0.2966249507420,-0.2294981620963,-0.2189795785449,0.2976627565088
-0.0603941123032,0.5037686573643,0.4660929574476,0.4115906407056,0.1558380979754,0.0112356669381,-0.0484394958038,0.1383229520913,-0.2684717940185,0.0814457630544,-0.1716759005585,0.0171523828002,0.0042989631917,0.0487025398633,-0.1690508875290,-0.1432982502893,0.7396301611546,0.4477903331328,-0.0800496835725,0.2258792605445,0.0511453991839,0.8406728533306,0.5233798191135,1.0000000000000,0.1592351849628,0.0538934098057,0.2819143995597,0.2671620283413,0.4495135532260,0.3204722413748,0.2821342263532,-0.1162529200279,0.0382277073680,0.2049800796244,0.3469112435123,0.2297877122425,0.3154019259068,0.0033146011049,0.1456156007067,0.1216442087521,-0.1806002513434,0.1154883605923,-0.0767179329378,-0.3246009405412,-0.0229239265412,0.1728035303967,-0.0324107317072,0.2343828142894,-0.0263792402590,-0.2286699112602,-0.1385549235386,0.7699742798245,0.2560204859003,-0.3356754339904,0.1107351238332,0.1878631097654,0.5879109302740,0.4368980625732,0.6645021473368,0.3291478510022,0.0185145514220,0.0120507321055,0.2869858833711,0.4401465372088,0.1963144836179,0.4595985104806,-0.2565653565871,0.0350373482049,-0.0934035572053,0.2900978796962
0.1005006460509,0.0135165879684,0.3513601461855,0.3879570249160,0.5072279381666,-0.0948058094926,-0.0075332816301,0.7040873330553,-0.1433989206410,0.5631085604548,0.1387825224253,-0.2823603565625,0.0901942611060,-0.0417669404275,0.0314407443793,0.0532359864209,0.2575586292003,-0.0847845759025,-0.2676774189334,-0.0768967644910,0.1380251088976,0.2590734573565,0.5023616333495,0.1592351849628,1.0000000000000,0.0733897934227,0.0883389234172,0.0944686743711,0.6075281691185,-0.0636393213595,0.5969598698485,0.1115800830689,-0.1610215292732,-0.0955617021885,-0.1789825586807,-0.0678907716028,-0.0288776908614,0.2542165333266,0.2778961770727,0.4947484269473,-0.1100508409022,-0.0702939759005,0.3989207777765,-0.2700994357556,0.6151983335117,0.1363320807767,-0.2818268686063,0.1361078155508,-0.0325419712194,-0.1105189536881,-0.0129828329288,0.1983132578487,-0.3034260019225,-0.3002594943534,-0.1941315236368,0.1911612748212,0.0058772146470,0.2886324520109,-0.0349237944927,0.8347036567814,-0.0980224603703,0.1004120414452,0.2706430187397,0.4135266675919,-0.1881198087529,0.1854418644556,-0.0218132249373,0.0445436236047,-0.2509572698134,-0.2400464591009
-0.0784624556134,0.2426935798648,0.0697341112898,0.3720975454518,-0.0065900097022,0.1783358093921,0.1739490879059,-0.0651071255652,0.1755600106275,0.3981164882097,-0.0039923482678,0.2208694509570,-0.0405262480654,0.4750378821639,0.2709562448399,0.2485171538386,0.1173260435714,-0.0405456608640,0.2457234365382,0.3936115453187,-0.1481935485546,0.0067198126755,0.1894403929634,0.0538934098057,0.0733897934227,1.0000000000000,0.1515275676241,0.4940541983711,-0.1198433753809,0.1529841541172,-0.1246412633450,-0.1125107215305,0.2146093760237,0.0466609439873,0.2554410230159,0.1134967102988,0.1689839948577,-0.1481922187220,0.2914966451605,-0.0761430624086,0.0714861821511,0.1750403699835,-0.2045647249056,0.0936350151529,0.1978736668694,0.1419049529976,0.1233460436825,0.0218827078995,0.4915501961696,0.1891127456359,0.2406664130108,0.0925912625904,-0.1625196688894,0.0976056110737,0.0562411762415,-0.1773850399805,-0.1118926475883,0.1026279511993,-0.2271954360606,0.1134016159694,0.5571826994578,-0.2266940509570,0.3014381833567,-0.1682290943053,-0.0821728332402,-0.2742015487459,-0.2090501314561,0.0942104677716,-0.0463303808802,0.1157379328599
0.0395631410528,0.1902686461014,0.5985421493572,0.1283937313594,-0.0269492720645,-0.0771319907400,0.0108348108796,0.0227956308967,0.1572427097384,-0.1590035690650,0.0091354623471,0.0207932120591,-0.0132130651691,-0.1636846221465,0.2162121306946,-0.1239590968088,0.0649118127384,0.6013201485995,0.2383799714103,0.4226652013553,0.0377392494845,0.2033351205091,-0.0479934096072,0.2819143995597,0.0883389234172,0.1515275676241,1.0000000000000,0.3562584313594,0.3978898373629,0.1473565042886,0.2486599673866,-0.0103280503768,-0.0108331825267,0.0488995240605,0.3617370941597,-0.1359927919876,0.2702605412809,0.2224622930819,0.3385501936311,0.0446290473885,0.0197428111066,-0.1479531796559,0.4226236388066,0.1109085331720,-0.1784153347000,-0.0864939377464,-0.0255554714520,-0.1031499149810,-0.1771644957400,-0.1525201773485,-0.0972704420983,0.0846974032744,0.0914225444104,0.0783748428606,-0.0474236099901,-0.0071116258689,0.0635844321234,-0.0122189880516,0.1680640726018,-0.0193059862928,0.2798273898590,0.3969345028327,0.3258424365543,0.3715226727396,-0.2777175859613,0.1747113934366,0.2277370333824,0.0940971512537,0.0280281959423,-0.0821620999101
-0.0762694886299,0.3361906932056,0.4428387842360,0.0880834370840,-0.0126694962067,-0.0510463855780,-0.1864895289331,-0.2202527519833,-0.0344092412362,0.2429604650279,-0.1112823708573,0.4145455233071,-0.2012485986095,0.4507549513037,0.2749011741018,-0.1858079211099,0.2393652620128,0.1504825737524,0.5614004919319,0.4856967083761,-0.1599739764618,0.2613855514394,0.0377300758182,0.2671620283413,0.0944686743711,0.4940541983711,0.3562584313594,1.0000000000000,0.1028841169415,0.1059573788292,-0.0633674999625,-0.2894269014242,0.2189724120010,-0.0590546573229,0.0532390996265,0.0542181140327,0.3142755363356,0.1478184135437,0.4027148764731,0.0490944104154,-0.0538614788006,-0.2306118784479,0.0856296870636,-0.0591325531660,0.0356463974770,-0.0613001720800,0.2764184194938,-0.1392186406288,0.4706770319880,0.1395976560170,-0.0272128821833,0.2417259402490,0.0004204059570,0.3345222957756,0.2058966881471,-0.2048547873228,0.2487681339599,0.1733978893936,0.1439079092097,0.0378397285978,0.3965058546997,-0.2361244864447,0.7076963309599,0.2005543917494,-0.1782812793578,-0.1765756189135,-0.0529319578901,0.1513851495742,0.0730708383310,-0.1853440070167
0.1790745932710,0.0809860517363,0.5331726641757,0.1629522396544,0.3369954717560,-0.2479467021073,-0.0772836269877,0.5132387488631,-0.0910447817862,0.0548637438859,0.1446649974824,-0.2505949316872,0.1372232945331,-0.2573890487827,0.0597184772144,-0.2417005773896,0.3314850932237,0.3460000729976,-0.1717219650612,0.0684130473147,0.2574158944114,0.5534335218188,0.2583955139806,0.4495135532260,0.6075281691185,-0.1198433753809,0.3978898373629,0.1028841169415,1.0000000000000,0.0813651523933,0.6759693143826,0.1279816190075,-0.1512406253212,-0.0362403662962,0.0904588398817,-0.0581297344058,0.1507400828522,0.2839558659546,0.2537434399887,0.4235283886058,-0.1944615972322,-0.2322576502945,0.5468968488308,-0.1637775273751,0.0754992849883,0.0032937653507,-0.1971420468430,0.1113703031049,-0.3074617092400,-0.2725004860949,-0.1877594967553,0.3090343303770,0.0171544467915,-0.2322467839001,-0.1413387106551,0.2361379650472,0.3014937502633,0.2320946907483,0.2964759127620,0.4120134587477,-0.0203869378830,0.2523022982046,0.2348372663087,0.8018197695855,-0.1951947818134,0.4467096039319,0.2018025124663,0.1264038959156,-0.1128296491615,-0.1603720951891
0.4072648584843,0.4035665299490,-0.0881305457933,0.1971716365994,0.2167067701062,0.0034876322016,0.3408758093081,-0.1125240523145,0.0432251574146,0.1312976519213,0.3404099767832,0.1041244793780,0.3877068939625,0.0810298945533,0.5263298461739,0.1590944984299,0.0335232064069,0.3408936369590,0.0833815209593,0.3970278478150,0.2998633727923,0.4023931049430,0.0765255924092,0.3204722413748,-0.0636393213595,0.1529841541172,0.1473565042886,0.1059573788292,0.0813651523933,1.0000000000000,0.1249483867029,0.0195855196333,0.0470756924832,0.5296858332066,0.5554392925277,0.3226589898752,0.3174618990494,-0.3600644340342,0.2663859449896,0.2656943563142,0.0977268565450,0.0560231733705,-0.0022000027755,-0.0771621168897,0.0659113996747,0.1608032723299,0.1506217642215,0.3227231123438,0.1187963786565,0.0797127403057,0.2062205453677,0.0616213599925,0.3173673836773,0.1360231425096,0.1483085894944,0.2065219029158,0.3261576826184,0.2579269079079,0.2748811007595,-0.0117434465178,0.1969849632029,-0.0548141555437,0.0426615317975,0.1532708420714,0.5125220512028,0.2468158961645,0.1264688403094,0.3220042459350,0.3572049088212,0.3573354501511
0.3907526781412,0.1404129303467,0.4731796007902,0.3665488555900,0.5390056328935,-0.1646247296923,0.0252068600766,0.6364973921899,0.0486132641582,0.1384603323422,0.2823010728364,-0.3844881785693,0.2391476387072,-0.4099255013005,0.1197892176617,-0.1002853793950,0.1241062896972,0.2999038975962,-0.1802477620758,-0.0840418818008,0.4321157315156,0.3771757508893,0.4192781266507,0.2821342263532,0.5969598698485,-0.1246412633450,0.2486599673866,-0.0633674999625,0.6759693143826,0.1249483867029,1.0000000000000,0.0638167027309,-0.3476638340076,0.0630352055174,0.1159556863343,0.0375626214133,0.2469577361399,0.4127110511012,0.3293658578781,0.4830821704780,-0.1709267141613,-0.1510099289485,0.4763791587216,-0.0915938615541,0.1828903538166,0.0240729538697,-0.2153288886279,0.1850271364183,-0.3812667847209,-0.1905997017531,-0.0668766083667,0.0511816307804,0.0525754308615,-0.1819768721541,-0.1073037832380,0.3579077602463,0.1098889191594,0.3053192192426,0.1810400525139,0.4243637666276,0.0199635644679,0.3717420784075,0.2946576402993,0.3802787795230,-0.1795624295465,0.6582990670835,0.1067336366944,-0.1331390650783,-0.0934388630057,-0.0307942186190
0.0434207508359,-0.2557137523823,-0.1109875347632,-0.0977279262281,-0.0034928514138,-0.0862210056123,-0.1483149611600,0.3865043361754,-0.1902684006223,-0.0269581135499,-0.0213703131690,-0.2592512818417,0.0455176376491,-0.0299931094141,-0.0868952679541,0.0069498665454,-0.0853144629074,-0.0305876062258,-0.4517117803324,-0.0687362788415,0.0020867310024,-0.1153623367512,0.0450769461621,-0.1162529200279,0.1115800830689,-0.1125107215305,-0.0103280503768,-0.2894269014242,0.1279816190075,0.0195855196333,0.0638167027309,1.0000000000000,-0.0465452676149,0.0588951949787,-0.1460732203992,-0.1011537765881,-0.1487760962919,-0.1918877608591,-0.3630863219039,0.0890142358049,-0.1097984243811,-0.0927584015849,0.0173315097946,-0.2609836915675,-0.0140294923283,0.0227545798566,-0.4446585203207,-0.0156274552260,-0.2481566766394,-0.3385432216268,-0.1572588649414,-0.0891746314143,-0.2605387057412,-0.2850624368874,-0.3585818460698,0.0772946907365,-0.1227652788869,-0.0939448736627,-0.1948279591754,-0.0396643678578,-0.3273534633182,-0.0190174019829,-0.3880236674631,0.0289847007359,-0.0178258429371,-0.1144716530787,0.4658379702502,0.1660807593864,-0.0801385588589,-0.2575786223022
-0.1385459425008,0.0216449067586,-0.0641947638285,-0.1545990635669,-0.2666272482509,0.4813518421767,0.1799238336983,-0.1871387626296,0.1502515968043,0.0849599918224,-0.1701873799348,0.3802541033992,-0.1463066525586,0.4773237595037,0.0809696431403,-0.0691933627126,0.0251314579138,-0.0798893296729,0.2006858090828,0.1516931812273,-0.2240657990424,0.0355141228264,-0.2109919636218,0.0382277073680,-0.1610215292732,0.2146093760237,-0.0108331825267,0.2189724120010,-0.1512406253212,0.0470756924832,-0.3476638340076,-0.0465452676149,1.0000000000000,-0.0105406770396,0.0214161009994,0.0560577624223,-0.0717574321798,-0.2645815212110,-0.1108693018714,-0.1904847247054,0.3612842826677,0.2246517209663,-0.1409143139711,0.2088982091611,-0.0957204015864,0.0301194120578,0.1522400831986,-0.0923808728043,0.3547327563197,0.0771510583038,0.0868247508968,0.0461926246939,-0.1004605963570,0.0120054664183,-0.0222223968215,-0.2256763242600,0.0081639480185,-0.2248646750803,-0.1752691676992,-0.1506948070559,0.0354270668296,-0.3675088687781,-0.1162897747486,-0.0488161388676,-0.0465464068221,-0.3702643501732,-0.0807711387177,0.4929542026202,0.0512173168225,-0.1079476167964
0.3168607023348,0.1892199909377,-0.1026418890607,0.2170715704455,0.0973479263970,-0.1227688718136,0.0936575040588,-0.0683874008018,-0.0692038638360,-0.0666691221631,0.1931953237041,-0.1867232768732,0.2303486133195,-0.0846267324985,0.1451808076761,0.0432547209492,0.1406142595841,0.3496088870099,-0.1584799079951,0.2292753405846,0.2933374230259,0.2275352177890,0.0707831256592,0.2049800796244,-0.0955617021885,0.0466609439873,0.0488995240605,-0.0590546573229,-0.0362403662962,0.5296858332066,0.0630352055174,0.0588951949787,-0.0105406770396,1.0000000000000,0.4755746776455,0.3634875987298,0.2475428335709,-0.2025309845339,0.1691081096934,0.1052264273067,-0.0302943160004,-0.0446216317369,-0.0559533562883,-0.1304489176634,-0.0957099106984,0.1149580743074,-0.2472394859248,0.0918949144447,-0.1925906264857,-0.1829172503393,-0.1163679234535,0.1755201420394,0.2488284061039,-0.0435434369407,-0.0075623804281,0.3378582250573,0.2376417192970,0.1113706861020,0.3014664118453,-0.0185157621857,0.2343498074403,-0.0459878073738,-0.0176063608992,0.0393554191538,0.1181741020397,0.1458621991095,0.1011480465464,0.0939376001977,0.6727870942525,0.3241111858581
