1.0000000000000,0.1227906585310,0.4237333049885,0.4690222068915,0.0174336313225,-0.0285452415610,0.1642938162650,0.3178907353503,-0.0103934963878,0.4412714677652,0.1119606658573,-0.0389342132454,0.0822634768987,0.1219529399496,0.6753765586643,0.0675208857858,-0.1216850530658,0.5797950952790,0.1152718414983,0.5763800316509,0.2535191189450,0.0492457445855,0.2114059493939,0.1809238970239,0.4612654201665,0.1502938001344,0.2999633819752,0.2644614183714,0.2535937933558,0.6132502425354,0.6041967143782,-0.1216753259205,0.1227470152691,0.2587122004043,0.3583190559047,0.7651319799680,0.2355205282153,-0.0293970922397,0.4919632149590,-0.0196481399479,-0.0265140238538,-0.0848385127592,0.5115539464940,-0.0840720795530,0.3007139186488,0.0796538444643,0.0009955747428,0.0018254474004,0.0968277456189,0.4204999145527,-0.0392318751000,-0.0753938621328,0.3721417873026,0.0049424156320,0.4385175083160,0.0099353883315,-0.1475936796775,0.1521401006116,-0.1034061268121,0.3277334536724,0.2127451922129,0.1771614232978,0.2487266350769,0.0992652666201,0.4360991047670,0.4004610627133,-0.1563852524661,0.1550579472830,0.2488056781078,0.3196246093061
0.1227906585310,1.0000000000000,0.1694662867291,0.4971381270573,0.2938040434079,0.0349477823966,0.2468080462609,0.0530395407818,-0.1112945385560,0.1622320304860,0.1053617862281,-0.2409958699079,0.4713420409761,-0.2592845212075,0.0450583080553,0.0922619275367,0.1678448708921,0.2874204135556,-0.2888738799627,0.0293376039698,0.4137468685678,0.3835480864317,0.4974264193303,0.4595117355635,0.2645862121220,0.3175141101261,0.3783433827380,0.1358948305273,0.2720767954289,0.3181796467605,0.3358494510712,0.1140550393361,0.1909468253074,0.5564022654977,0.5528205179524,0.1945908439148,0.7049234692085,-0.2910043971698,0.2570464040515,0.1615703146031,0.0571018642888,0.0106536168546,0.0692705102501,-0.2407366702234,0.2589892599393,0.0675332463282,-0.2424075914055,0.3691246197310,-0.4083510565888,-0.2973668095817,0.0019519592530,0.2362074425716,0.4296231417867,-0.3546926441761,-0.2464526492662,0.3419133511344,0.2827580801995,0.5471010971812,0.3478348693061,0.2647164688233,0.0403350701971,-0.1363789967913,-0.0008255965471,0.1648778036267,0.1380055337326,0.4610212292476,0.0593438008403,0.3114090725169,0.3602684553503,0.3920727203961
0.4237333049885,0.1694662867291,1.0000000000000,0.4891075709259,-0.1897540247977,-0.1413363034525,-0.1788441054712,0.5185060478361,-0.1344924633011,0.2963237126152,-0.3197312793287,-0.0668182617683,-0.1609968396081,-0.0410356693384,0.2599060112602,-0.0519412482442,-0.0279127066255,0.3728653763012,0.0695361906911,0.3580767837314,0.0062465820193,0.0686619771790,0.3941628488093,0.3718107458837,0.3431036561883,0.4057295208225,0.5476126604020,0.6137011905671,0.2213241843666,0.1326213344648,0.7612944295564,0.0419766066933,-0.0557685275016,0.0387256571029,0.3226890750891,0.2029449603543,0.2144035715988,0.3743130321892,0.4657889566863,-0.2516593411098,-0.1115423116770,-0.3502692241197,0.5283311667903,-0.2166134671857,0.3064978697991,-0.3745255419638,-0.0878365523427,-0.1840028578873,0.0276504489350,-0.0376776747648,-0.2091420646566,0.0081408509677,0.1857440362729,-0.1860757221374,0.0191374822198,-0.1683934124824,-0.0916992187750,0.2091167930309,0.0168922140280,0.1693762130308,0.2987118725308,0.2344462329954,0.5419404284419,-0.0316152236153,-0.1013494851991,0.4674848242511,-0.0102348979236,0.1508186992370,-0.0818641219685,0.1789176010787
0.4690222068915,0.4971381270573,0.4891075709259,1.0000000000000,0.0688070183694,-0.0803038942035,0.1024275411121,0.1877642328779,-0.0462436368948,0.4612113221136,-0.0749751710593,-0.0518399979268,0.1731549880811,0.0146828486782,0.3191896913030,0.2234494675170,-0.0076271107018,0.5110509134141,-0.0250465053902,0.4010865009165,0.3190889890994,0.1727133257579,0.4749327952237,0.3865564705085,0.4144965387895,0.5622132202301,0.5578814730254,0.3295403562679,0.2367818726753,0.2799132196583,0.5379122544850,-0.0071851277091,-0.0337232378627,0.4200987976978,0.5485025874227,0.4390237557248,0.5325668096716,-0.0191175870792,0.7572473105520,-0.1045488017355,-0.0291401737719,-0.1173289703375,0.2853581610590,-0.1232974613902,0.5048755491631,-0.1970126571685,-0.0416510883084,0.0441892995581,-0.0940130025749,0.1183806682340,-0.0305867665931,0.0579388511129,0.4412886773250,-0.1663797209394,0.0743434074402,0.0879097662412,0.0472835637397,0.3259834703874,0.1339618345175,0.3199279854380,0.2990418084970,-0.0093032290945,0.2937925082149,-0.0009197953094,0.0573828393503,0.3983519693588,-0.0571016241349,0.0968932285308,0.3085406949893,0.4506793497972
0.0174336313225,0.2938040434079,-0.1897540247977,0.0688070183694,1.0000000000000,-0.1546731727551,0.2440149286381,-0.1974255430671,-0.3239510537485,0.2994374800292,0.4478318664269,-0.2061922247756,0.8425099981484,-0.1012621315627,-0.1448792199391,-0.0749983187205,0.5988457405425,0.1385730231367,-0.2664914536034,-0.1224369711069,0.8236543552472,0.7559603166645,0.4715367951790,0.4721525441986,0.4625822489913,-0.1909022455360,-0.0401258137196,-0.0060081909035,0.5589039867374,0.2501211211573,0.0897375597715,-0.1235896540795,-0.0743868015207,0.3215044936885,0.1173340218051,0.2368456222496,0.2801969959870,-0.5109346602916,-0.0374887897538,0.9321780814339,-0.2119684603422,0.0860881153656,-0.0360692730232,-0.3632791829980,0.2970394388729,0.4978339905699,-0.1768236862208,0.8662606792406,-0.1259082904245,-0.2125713796497,-0.0427810660900,0.5910611303672,0.3200292849628,-0.0649721782849,0.1388995439902,0.8719425747278,0.6855458502670,0.5349405663721,0.5787871238623,0.6111299360634,-0.2125995156048,-0.0844256614086,-0.1414756960795,0.6110937956479,0.3525026803245,0.2942316653556,-0.1852028515192,-0.0396284537555,0.3604388120585,0.2310165408993
-0.0285452415610,0.0349477823966,-0.1413363034525,-0.0803038942035,-0.1546731727551,1.0000000000000,0.5318024426131,-0.0114424384215,0.8410663307507,0.0608248078853,0.0531770145506,0.4926939986344,-0.0310038346126,0.4302833244477,0.3314910564771,0.4397918647923,-0.3136904961343,-0.2613808911041,0.5440406986705,-0.1858957239272,-0.1007789190357,-0.2972252542302,-0.2849642388295,-0.3011096847090,-0.0154476779608,0.0455548956531,-0.1345218173404,-0.1650222732329,-0.1800209896821,0.1126545477189,-0.1238331846132,-0.4042572218960,0.5655137500639,-0.0187658541999,-0.0579440762672,-0.0983408937382,-0.1247751841361,0.1429289359737,-0.1777955874853,-0.1684013566100,0.8999915339155,0.6587076393493,0.0392171417687,0.7168894619346,-0.0108660846616,0.0470062791321,0.5689808616806,-0.0625696516830,0.1817690992217,0.3769320778861,0.6242873395454,-0.3224984461391,-0.2878458335167,0.4815825368001,-0.1171371659405,-0.1275167202404,-0.2464341195925,-0.1552721386622,-0.2144571569612,-0.0957366340751,-0.1470493230359,-0.1527492029080,0.0020744903294,-0.1660248246109,0.0039974823808,-0.1642623152322,-0.4052870667995,-0.0473576187923,-0.0394505485320,-0.1188865157008
0.1642938162650,0.2468080462609,-0.1788441054712,0.1024275411121,0.2440149286381,0.5318024426131,1.0000000000000,0.0168661330519,0.4889076790189,0.2227498261950,0.5547465279363,0.2460115253669,0.5175743893081,0.2771366442324,0.4495047143833,0.5216959384591,-0.0689935005544,-0.0349959483195,0.2176622935518,0.0163603081471,0.3080855126995,0.0990566643081,0.0031756946249,-0.0291077408689,0.2379605683728,0.1091688631274,0.0330806423851,-0.1661443708775,0.1596677754780,0.4643186636966,0.0128572291989,-0.2388086460564,0.4423787172373,0.2836802546397,0.1808140265604,0.1773748748693,0.0946797167156,-0.2387932107266,-0.0080023637801,0.1858469644691,0.5501516298495,0.7818104865446,0.0966061434206,0.3372983161334,0.2083591933067,0.5309295609676,0.2747310404191,0.4336529053484,0.0378376132925,0.3262263642929,0.6617630719407,-0.0736111527270,0.0313600823355,0.2035733114968,0.0083123309832,0.2133123473196,0.0184883332307,0.1454919118698,0.0059898926992,0.2035002744339,-0.1689309993684,-0.1527406698264,-0.1347215477447,0.0991800290393,0.3745725408662,0.0630595276458,-0.2783864770697,0.1695020224806,0.2153753972650,0.1949218388826
0.3178907353503,0.0530395407818,0.5185060478361,0.1877642328779,-0.1974255430671,-0.0114424384215,0.0168661330519,1.0000000000000,-0.0401933146745,0.3908677619683,-0.0102192579992,-0.0729746536317,-0.0962899715815,0.0159086825367,0.3167304873173,0.1108403710856,-0.1236350494409,0.0376940036926,-0.0842279720064,0.1424572777587,-0.0348010296656,-0.0744341114386,0.0860320067545,0.0907331597317,0.4879872362583,0.2488368133475,0.4206681016188,0.2838090869571,0.1940138564136,0.1465318688591,0.4559174179559,0.2717766842390,0.2374612055286,-0.0334590951296,0.1613737260732,0.1222644239011,-0.1249310443716,0.2588242427537,0.2735116342324,-0.1980732317928,0.0649904837409,-0.1425991284363,0.5998153065906,-0.1621898440698,0.3619387256075,-0.0548471277004,-0.2264993385550,-0.1469130316622,0.0201046941040,-0.1084797194555,-0.0632085785923,-0.0817212718794,-0.1535004415318,-0.3584747053280,-0.2085001864925,-0.1097768183862,-0.2569584832380,0.0480814252163,-0.2393416209905,0.2785087652261,0.1833879168600,0.2064347803216,0.1820200728287,-0.0397168838072,-0.1246087224711,0.1534387462339,0.3040891505433,0.4284597538416,-0.2721230549524,-0.0610120842861
-0.0103934963878,-0.1112945385560,-0.1344924633011,-0.0462436368948,-0.3239510537485,0.8410663307507,0.4889076790189,-0.0401933146745,1.0000000000000,-0.0697006766400,0.0728140588870,0.6555601543709,-0.2202744184078,0.5631886077050,0.4353591107259,0.4677787262578,-0.4042517133774,-0.2330495369661,0.7080177071979,-0.0657646927568,-0.2700250499575,-0.4502207588283,-0.4369629698051,-0.3939084620323,-0.1934326411263,0.1122258708117,-0.1189997822116,-0.1038892566372,-0.2815003656857,0.0081709344660,-0.2215546221030,-0.3991184865980,0.4053357207326,-0.0978239367476,-0.1270183534686,-0.1369986750015,-0.1785372550064,0.2762504990977,-0.1219086539632,-0.3248988384404,0.7950637533422,0.6716787813079,-0.0701541503676,0.8939174939750,-0.1710980049360,0.0212809629033,0.6951100929174,-0.2649678068718,0.2969814885796,0.5661243312091,0.6319512579713,-0.4281480876325,-0.3817220149103,0.6020888365117,-0.0650437066470,-0.3187578663974,-0.3480780842557,-0.3470262611747,-0.3147109186196,-0.2989432311024,-0.0682387732507,-0.1271519403079,0.0756460199471,-0.2422661594128,-0.0612705511370,-0.3255293691219,-0.3818267239919,-0.1930525889606,-0.0799966953003,-0.1565381330673
0.4412714677652,0.1622320304860,0.2963237126152,0.4612113221136,0.2994374800292,0.0608248078853,0.2227498261950,0.3908677619683,-0.0697006766400,1.0000000000000,0.1637771705706,-0.1323210912416,0.3406457654792,0.2136413973755,0.4181528911748,0.1107270759770,-0.0813181472148,0.2720805921333,-0.0338038130629,0.2222123453712,0.3913100155712,0.2059392051411,0.3138034295622,0.1385458815997,0.6256038535049,0.1971577438522,0.1302111026133,0.1919523290752,0.1608040489136,0.4265517358277,0.4102717822803,-0.0657796405734,0.2207284531156,0.2334437862098,0.1909670304335,0.4491699976925,0.1795703209303,-0.1097823308915,0.4016553952583,0.2062075921431,0.0497728470700,0.0203076454677,0.4737844156553,-0.1663874189804,0.8810826028769,0.1288458976561,-0.0795823876735,0.2674829131790,0.1954846938084,0.1991728500627,0.0842023753459,-0.0470613454914,0.2317619491579,-0.0690585091357,0.2447911928986,0.2261591237174,0.0506398545708,0.2621057948850,0.0065486796637,0.4975533147053,0.1563458977704,-0.0665622025442,0.1379676158332,0.0131536205646,0.2762021956134,0.1962406581624,-0.1159014358927,0.2363943020784,0.2418311249719,0.1513868385099
0.1119606658573,0.1053617862281,-0.3197312793287,-0.0749751710593,0.4478318664269,0.0531770145506,0.5547465279363,-0.0102192579992,0.0728140588870,0.1637771705706,1.0000000000000,-0.0488675660662,0.5444144019027,0.0747039827182,0.1921923606753,0.0369168794035,0.1445703938261,0.0753052450216,-0.1144591297942,-0.0527078775225,0.4132627575047,0.3243612639954,-0.0246736770337,0.0527319944963,0.1863002219374,-0.2942267288524,-0.1325825450217,-0.1473082323583,0.3044176668736,0.2555145695654,-0.1313071640394,-0.0940668529061,0.2728841656746,0.2075954269234,-0.0299660872833,0.2148786262055,0.0992476361253,-0.2639994137588,-0.1573451704065,0.5185712476789,0.0158439720157,0.4212994051963,0.0625230536717,0.0895029796782,0.0773191023243,0.8745102238775,-0.0200806588651,0.4601806508968,-0.0151057273361,0.1894716591752,0.1257795410281,0.1098148574154,0.1414936962572,0.0860805822996,0.2384234708003,0.4055963545928,0.2431535273826,0.0586866323353,0.1062094192191,0.2528638938797,-0.1308401195644,0.0004461646283,-0.0821515134799,0.3997293966950,0.2486626527354,-0.0195638012584,-0.1198764752879,0.1157087134259,0.3194586476108,0.0978315748975
-0.0389342132454,-0.2409958699079,-0.0668182617683,-0.0518399979268,-0.2061922247756,0.4926939986344,0.2460115253669,-0.0729746536317,0.6555601543709,-0.1323210912416,-0.0488675660662,1.0000000000000,-0.2016314188588,0.6790927612698,0.1749701693486,0.3665625322487,-0.0480319293319,-0.1891305698781,0.8028017190043,-0.0261045718713,-0.1139807455175,-0.1834066829947,-0.2575119855665,-0.0819350850997,-0.1686503304974,0.0599284034529,-0.0723906187540,0.0503647810012,-0.0952875592031,0.0025071470727,-0.1870778228154,-0.3350867425908,0.0868276072135,-0.1127716856468,-0.0511229414792,-0.1305074340323,-0.0630073444087,0.2445139800887,0.0498701507636,-0.1352720687853,0.4790177095825,0.3714988686486,-0.1474516227362,0.5883488246308,-0.2235703690060,-0.0702312035516,0.8568787713438,-0.1278872409858,0.5397099076097,0.4058938221265,0.5139169256539,-0.0669467630260,-0.2880956535296,0.6396775065257,0.0594416857210,-0.1515119653914,-0.0934334534555,-0.1746278460122,-0.0786818247999,-0.1507821119479,0.0748017695411,0.0079369818015,0.1744790549314,-0.0699375250993,0.0409124469289,-0.2371575596634,-0.3023736608244,-0.2886230145267,-0.0850201597048,-0.0039370394354
0.0822634768987,0.4713420409761,-0.1609968396081,0.1731549880811,0.8425099981484,-0.0310038346126,0.5175743893081,-0.0962899715815,-0.2202744184078,0.3406457654792,0.5444144019027,-0.2016314188588,1.0000000000000,-0.1220667730172,-0.0025349513140,0.0617644290778,0.4500649509038,0.1486869226007,-0.2844921845590,-0.0817081933370,0.8539805747915,0.6730002800800,0.4080699700504,0.4235470991867,0.4567892093816,-0.0798320451215,0.1125937552890,-0.0551638317037,0.4976784866067,0.3842547979355,0.1360224446786,-0.1040263252348,0.1163908826786,0.4897482808795,0.2288999182041,0.3037915272467,0.3408888800884,-0.4853141042393,0.0427907976945,0.7604926211544,-0.0402043870986,0.2882337638050,0.0505957114900,-0.2893916069065,0.3674512894640,0.5880121248001,-0.1748483908392,0.9171027516982,-0.1988629742672,-0.1687254544129,0.0947266278391,0.4537482690503,0.3828393780219,-0.1158254758288,0.0689084338159,0.8428626856853,0.5309442722110,0.5164508119136,0.4542920392453,0.5750962390256,-0.1526795819497,-0.0378645772383,-0.1474437882222,0.4824188561271,0.4158358689479,0.3374126328470,-0.1758262309029,0.1375200715870,0.4667934992160,0.3081370469168
0.1219529399496,-0.2592845212075,-0.0410356693384,0.0146828486782,-0.1012621315627,0.4302833244477,0.2771366442324,0.0159086825367,0.5631886077050,0.2136413973755,0.0747039827182,0.6790927612698,-0.1220667730172,1.0000000000000,0.4461298282896,0.3339907605491,-0.1595782312018,-0.1167965549894,0.7583389616872,0.1632456229236,-0.0674543514763,-0.1783071848559,-0.2629696775809,-0.1392561169621,-0.0360394105416,0.2335459867655,-0.1617005455254,0.1660833397836,-0.1760508294387,0.1790032102156,-0.1762261979302,-0.2719898219675,0.2423020973176,-0.1610977451405,-0.1018015304979,0.0267100251308,-0.1240716701445,0.1895691514842,-0.0438723874734,-0.0885891470716,0.3785431818560,0.3507419538846,-0.0821445217043,0.4890990511996,0.0496048850845,0.0219647327306,0.7160317007111,-0.1062275201730,0.7664980362762,0.5169105733658,0.4476178883895,-0.1665565751388,-0.2872405565865,0.6243906836463,0.2027597303910,-0.1538726138516,-0.0828232751215,-0.2065828039618,-0.0985875894153,-0.0911330893324,-0.0005329813774,-0.1312654024122,0.2394173518091,-0.1534806626736,0.1138373392797,-0.3228805121717,-0.3343092712080,-0.1543086231660,-0.0899785987229,-0.0876360777579
0.6753765586643,0.0450583080553,0.2599060112602,0.3191896913030,-0.1448792199391,0.3314910564771,0.4495047143833,0.3167304873173,0.4353591107259,0.4181528911748,0.1921923606753,0.1749701693486,-0.0025349513140,0.4461298282896,1.0000000000000,0.3535959071151,-0.3702068191022,0.2767081195677,0.4035396902230,0.5206283133813,-0.0137299777401,-0.2065861256925,-0.0454041257459,-0.1006759590262,0.2936617642597,0.3457852048307,0.2106584714246,0.2521199430212,-0.0599347811723,0.6500339018692,0.3462887049589,-0.0984012227207,0.3460300787409,0.1445374670083,0.1749572134466,0.4405658714617,0.0297898799431,0.0602859793761,0.2181860092924,-0.2260664437186,0.3394375109519,0.2540526755178,0.3255082831151,0.2668515207745,0.2676672470165,0.0627623027587,0.2017322097655,-0.1246071344562,0.2482204452290,0.6053115592589,0.3010840455563,-0.3452947767726,0.0326079725718,0.1844721003910,0.2159546319835,-0.2343437635885,-0.3051995357612,-0.0582472400709,-0.2364131229087,0.0623303787116,-0.0134175543926,-0.0693564393976,0.2291432784960,-0.1676415853365,0.3396680159470,0.0453420294639,-0.1507463579633,0.2040850255538,0.0527959673920,0.0431471893796
0.0675208857858,0.0922619275367,-0.0519412482442,0.2234494675170,-0.0749983187205,0.4397918647923,0.5216959384591,0.1108403710856,0.4677787262578,0.1107270759770,0.0369168794035,0.3665625322487,0.0617644290778,0.3339907605491,0.3535959071151,1.0000000000000,-0.1085056155128,-0.0810216168768,0.3040129715844,0.1867698827530,0.0241725234136,-0.0824872475658,-0.0245466728991,-0.0382354091747,0.1240946441079,0.4202372928776,0.1298470514514,0.0144111885841,-0.0708791527909,0.3110484027625,-0.0150412245369,-0.1123886193802,0.1619933654710,0.2259498247511,0.3127333070298,0.1098625461714,0.0247307451685,-0.0322039462995,0.1410025677180,-0.1668229081782,0.4901636881345,0.3983209241399,-0.0325181907519,0.2920369505717,0.1802201122595,-0.0091955938163,0.2716788634969,0.0084551938810,0.0708804266309,0.2819291899469,0.7008519503707,-0.0804906348039,-0.1681762953536,0.2002091367804,-0.1537585448090,-0.0499076434093,-0.0647077612298,-0.0010459758316,-0.0261592646891,0.0456824004944,-0.0304986695037,-0.2168092403929,-0.0380478926735,-0.1548850090738,0.1597960629830,-0.1000059959439,-0.0828450789846,-0.0118497991742,0.0674408832341,0.2519381813198
-0.1216850530658,0.1678448708921,-0.0279127066255,-0.0076271107018,0.5988457405425,-0.3136904961343,-0.0689935005544,-0.1236350494409,-0.4042517133774,-0.0813181472148,0.1445703938261,-0.0480319293319,0.4500649509038,-0.1595782312018,-0.3702068191022,-0.1085056155128,1.0000000000000,0.0641115945268,-0.2273012974106,-0.0519155637391,0.5080260128817,0.7560443483483,0.5351715222272,0.7026659960491,0.2897225236758,-0.0914391866683,0.0506431069610,0.2112908288284,0.6397370598027,0.0268135264505,0.0539118475315,-0.0564345643467,-0.2839721290373,0.1778357056754,0.2181856565968,-0.0042025320839,0.3157722173452,-0.2069517628211,0.0861891927974,0.6335660172431,-0.3325387030613,-0.1809800931671,-0.1045647776941,-0.4091781392892,-0.0105631257747,0.2244490717827,-0.1113629294660,0.5874939364107,-0.0225002125521,-0.3843242421389,-0.1476300235719,0.9649632047890,0.2320646946829,-0.0986206992359,0.0702961311224,0.5742931978129,0.7115854897872,0.5947567494646,0.7383854407714,0.4923623306029,0.0512202993354,0.1378621606568,0.0656673649986,0.6545917751054,0.1633760348289,0.2932247821958,-0.0309614790766,-0.1446805896515,0.1652366473669,0.3159966645941
0.5797950952790,0.2874204135556,0.3728653763012,0.5110509134141,0.1385730231367,-0.2613808911041,-0.0349959483195,0.0376940036926,-0.2330495369661,0.2720805921333,0.0753052450216,-0.1891305698781,0.1486869226007,-0.1167965549894,0.2767081195677,-0.0810216168768,0.0641115945268,1.0000000000000,-0.0851752305627,0.6308616811821,0.2991360101569,0.2300367769634,0.3165017554576,0.3799009923156,0.2242872953174,0.0786016165240,0.3549523584653,0.2137694869575,0.2825784082749,0.4213942107593,0.5067427640035,-0.0094121089062,-0.1018985818706,0.4608304452808,0.5096163307847,0.5087537072293,0.4708187610547,-0.0405183874092,0.4445552992801,0.1229696008206,-0.2715710898758,-0.3097665226953,0.3033730998494,-0.2672867173982,0.2408691574380,-0.0246346396444,-0.1643463235157,0.1071718394254,-0.1202906486956,0.1407319870740,-0.2641830592969,0.0993962022765,0.7660659005469,-0.0557871040146,0.5196593167107,0.1400893732695,0.1570390240509,0.1922025715109,0.2051568318035,0.1913588587080,0.2013681474542,0.1931492340819,0.1225064403597,0.1958358276972,0.3155390211746,0.4214409695983,-0.0364259800248,-0.0478345295813,0.5183104013097,0.5433955559146
0.1152718414983,-0.2888738799627,0.0695361906911,-0.0250465053902,-0.2664914536034,0.5440406986705,0.2176622935518,-0.0842279720064,0.7080177071979,-0.0338038130629,-0.1144591297942,0.8028017190043,-0.2844921845590,0.7583389616872,0.4035396902230,0.3040129715844,-0.2273012974106,-0.0851752305627,1.0000000000000,0.2160316795585,-0.2072863963787,-0.2641359113296,-0.3084761986389,-0.1580798458710,-0.1983347437799,0.1736501890327,-0.0646637377866,0.1213320140489,-0.2251733929990,0.0821820140303,-0.0963730218844,-0.5109060589373,0.0770856880132,-0.1823766546790,-0.0859989274474,-0.0709116792750,-0.1659228820293,0.2751484984157,-0.0527169498916,-0.2423865421366,0.4970929676506,0.3442101229563,-0.0992921132672,0.6060885291962,-0.1924810959105,-0.1358557623026,0.8108259992137,-0.2339754550410,0.5828875624474,0.5161324767402,0.4699556977995,-0.2599394234005,-0.3069917364650,0.7339794285100,0.1698446807730,-0.2834564382871,-0.1744235432590,-0.2612289305654,-0.1467758772133,-0.2755657496099,-0.0086043217822,-0.0420096691128,0.2128282760281,-0.2168486601631,0.0393582019780,-0.2420592726075,-0.5312453382535,-0.3619328387508,-0.1136120122795,-0.0650112833668
0.5763800316509,0.0293376039698,0.3580767837314,0.4010865009165,-0.1224369711069,-0.1858957239272,0.0163603081471,0.1424572777587,-0.0657646927568,0.2222123453712,-0.0527078775225,-0.0261045718713,-0.0817081933370,0.1632456229236,0.5206283133813,0.1867698827530,-0.0519155637391,0.6308616811821,0.2160316795585,1.0000000000000,0.0263512257749,0.0150316555183,0.1602573227486,0.2033622743124,0.1200564491788,0.4424588620183,0.3828345383214,0.3831585890035,0.0182402400184,0.4689621148528,0.3427835755496,-0.0089542558581,-0.1716409433669,0.2293597674619,0.5025344854944,0.3544983539775,0.1321335359511,0.0041288322011,0.4197987451135,-0.1796896494258,-0.1503940731500,-0.2850444192045,0.1518184902915,-0.1776188762751,0.1811821894798,-0.1734571858448,-0.0564576494908,-0.1126105742341,0.1347040135492,0.2824118178446,-0.0735544032146,-0.0200008016372,0.2821464587218,0.0389476899312,0.4253584928582,-0.1361028974748,-0.0244007029283,0.0789267662408,0.0478382169686,-0.0020641688996,0.2533233268192,0.1197141707946,0.2020538272949,-0.1233991765912,0.2753368433941,0.1404208141682,-0.0444705850681,-0.0567093247058,0.1628464329254,0.4495493370677
0.2535191189450,0.4137468685678,0.0062465820193,0.3190889890994,0.8236543552472,-0.1007789190357,0.3080855126995,-0.0348010296656,-0.2700250499575,0.3913100155712,0.4132627575047,-0.1139807455175,0.8539805747915,-0.0674543514763,-0.0137299777401,0.0241725234136,0.5080260128817,0.2991360101569,-0.2072863963787,0.0263512257749,1.0000000000000,0.7073054749795,0.4562387789086,0.5339436816950,0.5539088983910,-0.0533644625694,0.1592251600032,0.0295053131867,0.6197417535163,0.3700441824384,0.2906187974505,-0.1870212687192,0.0442059022653,0.5033469541208,0.3470335963546,0.4479032782738,0.4503756221797,-0.3693728064098,0.2623436803899,0.7679252351379,-0.1140684511605,0.0930218882774,0.2009305349860,-0.3029401908886,0.4000874069845,0.4460001144536,-0.0843344170449,0.8155843131992,-0.0879831084675,-0.0867871512006,0.0219235080204,0.5225451985256,0.4475259299061,-0.0554931712428,0.2223988468543,0.9137474327621,0.5416266149041,0.5187748380712,0.4593161646594,0.6818676227533,0.0541881639766,0.1111931560708,-0.0121162655488,0.5594493040093,0.4363514904516,0.4293289312993,-0.2344454478038,0.0643997484801,0.5091477504633,0.4410140204985
0.0492457445855,0.3835480864317,0.0686619771790,0.1727133257579,0.7559603166645,-0.2972252542302,0.0990566643081,-0.0744341114386,-0.4502207588283,0.2059392051411,0.3243612639954,-0.1834066829947,0.6730002800800,-0.1783071848559,-0.2065861256925,-0.0824872475658,0.7560443483483,0.2300367769634,-0.2641359113296,0.0150316555183,0.7073054749795,1.0000000000000,0.6131001621975,0.8296647638505,0.4071183194350,-0.0826562161813,0.1160453925141,0.1590444932697,0.6793726602771,0.2717432489617,0.2840456880801,-0.0890570455680,-0.1812289207821,0.3736793516944,0.3058519683833,0.2145525375492,0.4434149756955,-0.3976575541714,0.1156141993284,0.7329313688777,-0.3229208659385,-0.1315618988972,0.0245859544012,-0.5063001092759,0.2503270825255,0.3590717897605,-0.2166331004074,0.7196611196607,-0.1343298434683,-0.3546049462650,-0.1234292988512,0.7447247789732,0.3867818290512,-0.1658617419550,0.1163935088156,0.7117750939493,0.8511904196934,0.6186429918939,0.7799602791608,0.5544108565462,-0.0585279514737,-0.0102812583407,-0.0334477729379,0.6608594521156,0.2964068240798,0.4582645304565,-0.1289065217797,-0.0274446479304,0.3691372726118,0.4190009920686
0.2114059493939,0.4974264193303,0.3941628488093,0.4749327952237,0.4715367951790,-0.2849642388295,0.0031756946249,0.0860320067545,-0.4369629698051,0.3138034295622,-0.0246736770337,-0.2575119855665,0.4080699700504,-0.2629696775809,-0.0454041257459,-0.0245466728991,0.5351715222272,0.3165017554576,-0.3084761986389,0.1602573227486,0.4562387789086,0.6131001621975,1.0000000000000,0.6300904757261,0.5313218204581,0.2136007814361,0.3066184482266,0.2601915019431,0.5045929799169,0.2621123558644,0.5899330181687,0.0779458531216,-0.1803872273082,0.3330083770273,0.4858318032488,0.1971048048502,0.5516932246958,-0.3226945736844,0.4027856187136,0.3798951214352,-0.2682475042034,-0.3137921726171,0.2501698548788,-0.5482032884743,0.4528472595269,-0.0378923860933,-0.2954683358815,0.4423992137202,-0.2400128984853,-0.3240948063479,-0.1348068471087,0.5806867651372,0.4393371422617,-0.3761466029398,-0.0093850412955,0.3753711066402,0.4525816463269,0.8702692649831,0.5335186603178,0.5626467563801,0.0288502216363,-0.0281045687069,0.0791676617790,0.3900128287534,0.1473270712596,0.6531417225256,0.0399908763829,0.1214482128914,0.1905132909893,0.4554784087509
0.1809238970239,0.4595117355635,0.3718107458837,0.3865564705085,0.4721525441986,-0.3011096847090,-0.0291077408689,0.0907331597317,-0.3939084620323,0.1385458815997,0.0527319944963,-0.0819350850997,0.4235470991867,-0.1392561169621,-0.1006759590262,-0.0382354091747,0.7026659960491,0.3799009923156,-0.1580798458710,0.2033622743124,0.5339436816950,0.8296647638505,0.6300904757261,1.0000000000000,0.3435329535438,0.1859819806530,0.3272943961866,0.4207931627819,0.6679834887845,0.2695854243661,0.4656547127032,-0.0142237199195,-0.2136926714098,0.3329087239973,0.4872062403192,0.2070161220738,0.5424426340988,-0.1154531282753,0.3475955342163,0.4288756602364,-0.2904577764313,-0.2774236135400,0.0656697872803,-0.4859226214953,0.1873091428490,0.0538472971068,-0.1677077086457,0.4753063794709,-0.0907000552398,-0.3879415970433,-0.1994981034485,0.7307006908095,0.4230043086803,-0.2331889665539,0.0193535580418,0.4796384882470,0.7066453402617,0.5826463742194,0.7848105068528,0.4387700815709,0.1216899093342,0.0441994457183,0.2053327168111,0.5188428686453,0.1604817991420,0.5481634717905,-0.0315684882337,0.0000781580193,0.2491705524571,0.4661211267769
0.4612654201665,0.2645862121220,0.3431036561883,0.4144965387895,0.4625822489913,-0.0154476779608,0.2379605683728,0.4879872362583,-0.1934326411263,0.6256038535049,0.1863002219374,-0.1686503304974,0.4567892093816,-0.0360394105416,0.2936617642597,0.1240946441079,0.2897225236758,0.2242872953174,-0.1983347437799,0.1200564491788,0.5539088983910,0.4071183194350,0.5313218204581,0.3435329535438,1.0000000000000,0.1572885008768,0.4002023980284,0.2338900205114,0.5944224755937,0.4197459620059,0.5454671124248,-0.0718279237409,0.1373829552127,0.3023939724438,0.3274726321309,0.4749166840753,0.2184680924959,-0.2056405141298,0.4547055030720,0.3828932861437,-0.0094219728732,-0.0425914405451,0.6641329416412,-0.3066370787961,0.6522092705868,0.1803326700371,-0.1792229544892,0.4183454350405,-0.0523400262802,0.0113256614311,0.0126037426378,0.3318543590284,0.2583328612112,-0.2103438888205,0.1094321941876,0.4332225311525,0.1335107204982,0.5395387536513,0.1192983376821,0.8963068397567,0.0937763844770,0.2127869832166,0.1650604257566,0.4085013929114,0.2731080421500,0.4730332084753,-0.1052771860868,0.2172009972112,0.1515326043809,0.2619797446598
0.1502938001344,0.3175141101261,0.4057295208225,0.5622132202301,-0.1909022455360,0.0455548956531,0.1091688631274,0.2488368133475,0.1122258708117,0.1971577438522,-0.2942267288524,0.0599284034529,-0.0798320451215,0.2335459867655,0.3457852048307,0.4202372928776,-0.0914391866683,0.0786016165240,0.1736501890327,0.4424588620183,-0.0533644625694,-0.0826562161813,0.2136007814361,0.1859819806530,0.1572885008768,1.0000000000000,0.5320620395321,0.4530909713272,-0.0817661989583,0.1909696576813,0.2560497456988,0.0834132909596,-0.0993123690004,0.1276564678651,0.4717928356044,0.0811149338644,0.1173283102549,0.0571463799024,0.3934675591581,-0.3941102039911,0.0985977917423,-0.0751426917431,0.0209758739743,-0.0753119710990,0.2748805464358,-0.4165089600611,0.0078725752540,-0.1514460326692,0.1143675615488,-0.0038906242626,0.1382213310018,-0.0264912985723,-0.1025720904805,-0.1732679658947,-0.2918256857690,-0.1940867411619,-0.1577228568146,0.1299298276920,-0.0385640472746,0.0163657101882,0.2405403291909,-0.1329366154277,0.2662999126761,-0.3624020646461,-0.1145433777309,0.0413270327195,0.0156435086521,0.0970733219386,-0.1603293093254,0.2023322246528
0.2999633819752,0.3783433827380,0.5476126604020,0.5578814730254,-0.0401258137196,-0.1345218173404,0.0330806423851,0.4206681016188,-0.1189997822116,0.1302111026133,-0.1325825450217,-0.0723906187540,0.1125937552890,-0.1617005455254,0.2106584714246,0.1298470514514,0.0506431069610,0.3549523584653,-0.0646637377866,0.3828345383214,0.1592251600032,0.1160453925141,0.3066184482266,0.3272943961866,0.4002023980284,0.5320620395321,1.0000000000000,0.3834241216386,0.2559279850474,0.1394308682684,0.5075910245056,0.0905033923171,-0.0713198546214,0.2597083892806,0.5344842475348,0.1793876193178,0.2131005785870,0.0051735897926,0.5164695103083,-0.1604298919635,-0.0622935014915,-0.2165550857753,0.3134643114336,-0.2597642579655,0.2190098991680,-0.2006995264645,-0.1931591441242,0.0215478961317,-0.1972252841899,-0.1754559227204,-0.2234515582794,0.0886181139037,0.2299770744272,-0.2999368849185,-0.1749345289403,0.0623915455208,-0.1114661764903,0.2306991763670,-0.0219634695432,0.2812878641036,0.2382575400249,0.4117171502413,0.2319598183977,-0.0206405213688,-0.0888784077637,0.3703662430202,0.0892544691180,0.1688095755940,0.0019563172922,0.2950024791907
0.2644614183714,0.1358948305273,0.6137011905671,0.3295403562679,-0.0060081909035,-0.1650222732329,-0.1661443708775,0.2838090869571,-0.1038892566372,0.1919523290752,-0.1473082323583,0.0503647810012,-0.0551638317037,0.1660833397836,0.2521199430212,0.0144111885841,0.2112908288284,0.2137694869575,0.1213320140489,0.3831585890035,0.0295053131867,0.1590444932697,0.2601915019431,0.4207931627819,0.2338900205114,0.4530909713272,0.3834241216386,1.0000000000000,0.1751800125951,0.1417869555211,0.3181390460175,0.0845119415157,-0.1228654213583,0.0304252627301,0.1486413049358,0.1612647749907,0.2022417586341,0.2449050701025,0.3031256090356,-0.0841945485389,-0.1635346596307,-0.2801672746939,0.0814678373221,-0.1910584574523,0.1020095745835,-0.2257473536356,-0.0490409112559,-0.0451437914089,0.1707533277149,-0.0449162861613,-0.1466365205505,0.2671082091865,0.0338621436724,-0.0759317291315,0.0011150168228,-0.0603430423474,0.1372071774411,0.1585190808700,0.2239861193351,0.1080041961492,0.2532174658437,0.1008557950336,0.7285118102365,0.0283305786026,-0.0580999281554,0.1160774212018,0.0001175774029,0.0034213260207,-0.0729611122281,0.0698659644771
0.2535937933558,0.2720767954289,0.2213241843666,0.2367818726753,0.5589039867374,-0.1800209896821,0.1596677754780,0.1940138564136,-0.2815003656857,0.1608040489136,0.3044176668736,-0.0952875592031,0.4976784866067,-0.1760508294387,-0.0599347811723,-0.0708791527909,0.6397370598027,0.2825784082749,-0.2251733929990,0.0182402400184,0.6197417535163,0.6793726602771,0.5045929799169,0.6679834887845,0.5944224755937,-0.0817661989583,0.2559279850474,0.1751800125951,1.0000000000000,0.2145769341099,0.4445214120849,-0.1191885479301,-0.0370991627577,0.2567321881053,0.3623640504406,0.2812177555625,0.3677738635793,-0.1680940572900,0.3152983823473,0.5810302892461,-0.1659971107873,-0.0324720503801,0.4015091264629,-0.2927126503964,0.1693940208100,0.3411236836685,-0.0958215654658,0.5566641966919,-0.1120776130782,-0.1938682556539,-0.0765867824459,0.6530678421463,0.3791329936242,-0.1453303335045,0.1697648643831,0.5562678271301,0.4593636112471,0.5070405515843,0.4679445703636,0.6348418456639,0.1473720914179,0.2975092683736,0.1463595963299,0.8633787530961,0.2617896250371,0.5899993118820,-0.1204238829661,0.0380919617964,0.2690351791177,0.4331207874146
0.6132502425354,0.3181796467605,0.1326213344648,0.2799132196583,0.2501211211573,0.1126545477189,0.4643186636966,0.1465318688591,0.0081709344660,0.4265517358277,0.2555145695654,0.0025071470727,0.3842547979355,0.1790032102156,0.6500339018692,0.3110484027625,0.0268135264505,0.4213942107593,0.0821820140303,0.4689621148528,0.3700441824384,0.2717432489617,0.2621123558644,0.2695854243661,0.4197459620059,0.1909696576813,0.1394308682684,0.1417869555211,0.2145769341099,1.0000000000000,0.3860880468743,-0.0169378544204,0.2339137996076,0.5544770016662,0.4167641006256,0.5978125903079,0.2781089629115,-0.2879242225963,0.2150183004304,0.1729400122023,0.1388920980215,0.1277402080173,0.2477995368656,-0.1688563676216,0.3632653671121,0.1866309857835,-0.0144744422925,0.3040057917552,0.0539989680964,0.2649864067238,0.2518887984660,0.0803270069381,0.3529769596883,-0.0023189740039,0.2764664728306,0.1887700804292,0.1500074855813,0.3373210730442,0.1779786399633,0.3368582611118,-0.0308541032190,-0.1461668133177,-0.0009405553260,0.1115613725089,0.7729230184653,0.2799675564810,-0.0795188701175,0.2589884882721,0.3907557074279,0.3746956235643
0.6041967143782,0.3358494510712,0.7612944295564,0.5379122544850,0.0897375597715,-0.1238331846132,0.0128572291989,0.4559174179559,-0.2215546221030,0.4102717822803,-0.1313071640394,-0.1870778228154,0.1360224446786,-0.1762261979302,0.3462887049589,-0.0150412245369,0.0539118475315,0.5067427640035,-0.0963730218844,0.3427835755496,0.2906187974505,0.2840456880801,0.5899330181687,0.4656547127032,0.5454671124248,0.2560497456988,0.5075910245056,0.3181390460175,0.4445214120849,0.3860880468743,1.0000000000000,0.0222167047719,0.0493571933203,0.2707999237012,0.5167171574322,0.4011503477421,0.3875348879994,0.0063650952668,0.4799154636695,0.0160621715684,-0.1085004582514,-0.2934611965067,0.6599409308755,-0.3359026748330,0.4212594018507,-0.1912270313396,-0.1907570788395,0.0886764767940,-0.1597111594441,-0.0583245407496,-0.1837856608365,0.1080137414383,0.4390649933886,-0.2878314105742,0.0944224044996,0.0804858708141,0.0289332247726,0.4295451891679,0.1242764272267,0.3897620514907,0.1766164038909,0.1898155829526,0.2304190603026,0.2109031451610,0.1488570123819,0.7847682446269,-0.0064921470964,0.2593207476818,0.1378840194233,0.3631215816496
-0.1216753259205,0.1140550393361,0.0419766066933,-0.0071851277091,-0.1235896540795,-0.4042572218960,-0.2388086460564,0.2717766842390,-0.3991184865980,-0.0657796405734,-0.0940668529061,-0.3350867425908,-0.1040263252348,-0.2719898219675,-0.0984012227207,-0.1123886193802,-0.0564345643467,-0.0094121089062,-0.5109060589373,-0.0089542558581,-0.1870212687192,-0.0890570455680,0.0779458531216,-0.0142237199195,-0.0718279237409,0.0834132909596,0.0905033923171,0.0845119415157,-0.1191885479301,-0.0169378544204,0.0222167047719,1.0000000000000,0.0458128320605,0.0241867739822,-0.0020663725790,-0.1485056112145,-0.0530464498316,-0.1156449591828,-0.0235742895024,-0.1826559359690,-0.2909863487006,-0.3409053927042,-0.0748929986666,-0.3780623353486,0.0018808186718,-0.1523828323092,-0.5546444982157,-0.1638998443018,-0.2758938981487,-0.3863015941508,-0.3079006664538,0.0127977602846,-0.0093916585555,-0.6471205505824,-0.3768902152248,-0.1555323388053,-0.0556503130714,0.0294763115618,-0.0550829726274,-0.1209798130203,-0.1627403771836,-0.2038223182885,-0.1456650568352,-0.1530742112694,-0.1807447668721,-0.0449435117665,0.8739957787591,0.5220343756120,-0.2103852833042,-0.1926577884605
0.1227470152691,0.1909468253074,-0.0557685275016,-0.0337232378627,-0.0743868015207,0.5655137500639,0.4423787172373,0.2374612055286,0.4053357207326,0.2207284531156,0.2728841656746,0.0868276072135,0.1163908826786,0.2423020973176,0.3460300787409,0.1619933654710,-0.2839721290373,-0.1018985818706,0.0770856880132,-0.1716409433669,0.0442059022653,-0.1812289207821,-0.1803872273082,-0.2136926714098,0.1373829552127,-0.0993123690004,-0.0713198546214,-0.1228654213583,-0.0370991627577,0.2339137996076,0.0493571933203,0.0458128320605,1.0000000000000,0.0810262311925,0.0317928222825,0.0881962136452,0.0260500315108,0.0137698405807,-0.1236850901941,-0.0756342089425,0.5435593673370,0.4428351608261,0.2368141667275,0.3694308588160,0.1213134362923,0.2355895834592,0.1107941887810,-0.0056408976427,0.0984386531096,0.2194410579723,0.2943981352629,-0.2388855738610,-0.0587013906152,0.0194629002094,-0.0914869928919,-0.0275658217152,-0.2244228949163,-0.0817663972935,-0.2456560561795,0.0530891833580,-0.0530519319235,-0.0590785574744,-0.0376201231403,-0.0727337938989,0.0972220812531,-0.0096800576468,0.0484848111251,0.5735171943909,0.0641122560740,-0.1371939159914
0.2587122004043,0.5564022654977,0.0387256571029,0.4200987976978,0.3215044936885,-0.0187658541999,0.2836802546397,-0.0334590951296,-0.0978239367476,0.2334437862098,0.2075954269234,-0.1127716856468,0.4897482808795,-0.1610977451405,0.1445374670083,0.2259498247511,0.1778357056754,0.4608304452808,-0.1823766546790,0.2293597674619,0.5033469541208,0.3736793516944,0.3330083770273,0.3329087239973,0.3023939724438,0.1276564678651,0.2597083892806,0.0304252627301,0.2567321881053,0.5544770016662,0.2707999237012,0.0241867739822,0.0810262311925,1.0000000000000,0.5260165994974,0.3938175400670,0.4477525911518,-0.3036925486736,0.2596488054948,0.1956527451209,0.0298858691648,0.0292768568670,0.1120453318030,-0.1833293788886,0.2749327596200,0.1302724790576,-0.1706030186980,0.3377047691607,-0.3523411007945,0.0288447912775,0.0813703807495,0.2279369257546,0.4620107587063,-0.1098210658709,0.0991726786198,0.3860655442871,0.2404837839388,0.3467343171636,0.2346820742580,0.2815287731227,0.0251652868140,-0.0710371176617,-0.1196719265259,0.1637010763970,0.5124462457702,0.2923483667670,-0.0104010102240,0.1267087700101,0.7842991403717,0.5754023101560
