1.0000000000000,0.0039892012840,0.1993553677716,0.1761483024556,0.3647845607434,0.0852233797681,0.2415422759944,-0.0064791838469,0.2159971623510,0.1628147115214,0.1706494310424,0.2040277940313,0.1951679757331,0.2258124207638,0.5706597615593,0.4439875885547,0.4406744497881,0.4712201827092,0.0538059039358,0.3245659555115,0.0647390784143,0.4414381880880,0.2791691832500,0.3343792081741,0.2517299760151,0.0656770409224,0.1630977478700,0.2131325847939,0.2162244028843,0.6372289950095,0.2563329640839,0.1696268958194,0.1147449175833,0.4357125228060,0.1479279572547,0.3590598618108,-0.0190085094461,-0.2250661536806,0.0684294865852,0.2581265794650,0.1876287799665,0.3743362095647,-0.0790901558716,0.1998929768651,0.1435999250541,0.1698694105733,0.1203581170830,0.1642594419385,0.0747774904366,0.1116434428729,0.3936135068129,0.3756521820528,-0.0053009299889,-0.1974219340949,-0.1671691981991,0.0506780403662,0.4294724129303,0.2043963302606,0.2700111562222,0.1922131033131,-0.0670403158293,-0.2999779358665,0.0866970998109,0.1839166392989,0.4721123123316,0.1072320764510,-0.0329177713408,0.2804194959429,0.3584584796485,-0.0509147072869
0.0039892012840,1.0000000000000,0.1906592357147,0.6546345850483,-0.0342623192958,0.0307590741278,0.1558623786793,0.0419850788869,0.1071220690569,0.1754834003274,-0.1230518798933,0.3784444027739,0.0349496346749,0.2854553155602,-0.0337191998023,0.1721529286876,0.0377424171936,0.2426141677930,0.0842190402698,0.2130732497766,0.1930029100549,-0.0462503297709,0.4649164749682,0.0454212721302,0.3111855444037,0.6483493575437,0.3811348340298,0.1167730029259,-0.2859501213539,0.0857521067189,0.1065430996354,-0.0977876832919,-0.0030364778036,0.2912527459984,0.6742950182539,0.5504112665295,0.7894874717840,0.2337766758931,0.6421557787495,-0.0847218271543,0.0542966821438,-0.0893477876845,0.0949819243632,-0.0803226286729,0.1420493832289,-0.1815565907055,0.2321489094991,0.0011097125643,0.2121845207968,0.0855334000141,0.0697793542059,0.0768495375398,0.4824423814416,0.0120812192056,0.3559999397788,0.1364847110309,-0.1146824678179,0.4858589119858,-0.0123023573989,0.3109939700036,0.4986216259612,0.2153354515336,0.4269364032297,-0.3669569723141,0.2265986890317,0.1878473942253,-0.0375148418859,0.0420913573540,0.3183049587002,0.6848786847674
0.1993553677716,0.1906592357147,1.0000000000000,0.3589879710535,-0.0220718302005,0.1988905724033,0.0663792794523,0.6269484226565,0.3678772910281,0.1350596639823,-0.1476380082344,0.3965201775449,-0.0238537790365,0.3186891926211,0.3472137566407,0.1549073584953,0.0887890165552,0.5279409352869,0.3953715537490,0.5008176272538,0.0505658214382,0.1051120752007,0.2652654461246,0.2119547956613,0.2900168437774,0.3031342545345,0.5788213556914,0.5359191658623,0.0113511586678,0.1237061853441,0.4099467313619,0.1170285317207,0.1413938717986,0.0456583955663,0.2525487975452,0.0654170785456,0.1082903299258,0.3415542236633,0.3344980203110,-0.1144978398631,0.2614620359162,0.0427750055280,0.2842464183551,0.2276985005008,0.2120073288236,-0.1944295735718,0.2395027092092,-0.1127343193842,0.2274869782317,0.2277054860396,0.1887632431676,0.1185442487141,0.0862267005796,0.1991813738178,-0.0482751135959,-0.0850656909374,-0.0684410886683,0.1610345585355,-0.0471964781177,0.1740401110222,0.2228802196545,0.0054805450331,0.3838307061385,-0.1208179213744,-0.0612056940565,0.0361451844859,-0.0595377230542,0.0187277266916,0.0714421327752,0.0954219008008
0.1761483024556,0.6546345850483,0.3589879710535,1.0000000000000,0.1535697840240,0.1435060486640,0.2556765810472,0.2277909054351,0.3316595746501,0.4380724321059,-0.1031117872683,0.5644005976569,0.1814272501301,0.4954085626952,0.1145219532373,0.3827334402636,0.0781966669409,0.3297652424317,0.2440754893016,0.3907017154634,0.2668684336856,0.0488258077614,0.6824503585440,0.1106053442802,0.5904594027793,0.7448993348622,0.5842420224469,0.1463942020070,-0.1491806542858,0.1625828842253,0.2384029628372,0.1136156415066,0.0566271088506,0.2710167555754,0.6187573774528,0.4747479367750,0.6438392279673,0.2122782914032,0.8446191993026,0.0480253521484,0.2774709950817,0.0571971090548,0.2182211375981,0.1195479646428,0.4583540015274,-0.1382856805546,0.4131381785009,0.0975976630154,0.3271054349978,0.1603861148621,0.3272952321746,0.1155092396914,0.3508698986730,-0.0117780380307,0.1417063593920,0.1929740024712,-0.0226253424590,0.6398690207317,0.0099795329119,0.5463357773587,0.5519424119905,0.2068997171853,0.3790497877305,-0.2255917152877,0.1754924313941,0.2742036520562,-0.0962978384156,0.1436660104685,0.3318176020031,0.6124276278357
0.3647845607434,-0.0342623192958,-0.0220718302005,0.1535697840240,1.0000000000000,-0.0048242047209,0.0895986337216,-0.0494968452537,0.0192731445494,0.3145514207476,0.2562837433547,0.0175665461563,0.5976746538233,0.0952899764239,0.1843408464029,0.4411822334541,0.3034009077341,0.0444417100841,-0.0385286369124,0.0260204127568,0.5894044590356,0.2614221521945,0.2990866886121,0.1500961011385,0.4734958939632,-0.0513587565641,0.0476698777094,0.0388740634880,0.3539277105202,0.2425014836908,0.0855573907916,0.0493034819440,-0.0386310251215,0.1845100145463,-0.0711933669083,0.1222839193812,-0.0113187650493,-0.2804760027095,0.0159139160712,0.8831949508611,0.0896836328132,0.1343053129622,-0.1005830526429,0.0227307548084,0.2977024715699,0.2285938868262,-0.0125991581160,0.6237849052757,0.0055361162388,-0.0229114787900,0.3506777136792,0.2389208474847,-0.1866045545412,-0.1731992537335,-0.2542183096243,0.6756065650207,0.2461747421272,0.2912275198209,0.1269219280927,0.3849678742863,-0.2000473955851,-0.2695735781064,-0.1236213350980,0.2714461735136,0.1560819835482,-0.0161163774251,-0.1515173172599,0.0929251678452,0.1234226250047,-0.0632035853990
0.0852233797681,0.0307590741278,0.1988905724033,0.1435060486640,-0.0048242047209,1.0000000000000,0.1933632704300,0.0562012523882,0.4380070670077,0.0295355311631,-0.0170208907800,0.4241418313834,-0.0167345074568,0.2680908918693,0.2583851564073,0.2151960875885,-0.0073406454236,0.0752357434707,0.3436107412148,0.1224725993010,-0.0338231633786,0.0399117440250,0.0376158031743,-0.0534409146100,0.0550881100435,0.0815499305234,0.1766099128257,0.0419012078500,-0.1392200903361,0.2037142875122,0.0084406652561,0.1995180636832,0.4533640550448,0.0792263327485,0.0469896591322,0.0972540346221,0.0505929699888,0.0072852490329,0.0549311781520,0.0517061686272,0.5289402973591,0.1834734129419,-0.0066318600152,0.4075209077680,0.0351328321190,-0.0399917481142,0.4809966215816,-0.0080149805326,0.3036883747830,0.2085540962542,0.1883635629985,0.0062707842094,-0.0714310561047,0.2752540543654,-0.0115092244295,-0.0412219267602,-0.0285222119010,0.0653260863584,-0.0862857535909,0.1201591462466,0.0338592176051,-0.0671787376548,0.0509322874098,-0.1667970072734,0.1363301848094,-0.0817870885741,-0.4010493444765,0.1520863532042,0.1349082526652,0.0028144743320
0.2415422759944,0.1558623786793,0.0663792794523,0.2556765810472,0.0895986337216,0.1933632704300,1.0000000000000,0.0872791948178,0.4779226464525,0.2258071130338,0.6444896559501,0.1828352118925,0.4256067912300,0.2498567784113,0.2560283481188,0.3389664276501,-0.0033246935187,0.1718135479015,0.1741412936913,0.2741374952199,0.3188285243176,0.0979828195647,0.0894287290248,0.1502948771783,0.2014084970416,0.0613936995048,0.1744980902101,0.0375268255282,0.3033894123386,0.1586399919041,0.0141647906529,0.1363681535542,0.0796287790505,0.0284597274171,0.0918961456212,0.0268460062794,0.1255844847435,0.0559210467823,0.1348933399365,0.1275593372143,0.1691332173219,0.7049643993751,-0.0110269683569,0.2542649707334,0.1948434510124,0.5860247888231,0.1317880054974,0.3684080337088,0.0892585185464,-0.0296087435875,0.3592550538180,-0.0589842714986,0.0218221174729,-0.1174160004119,-0.1716059744353,0.1351546109293,0.0643271570608,0.0569430367598,0.0529498021047,0.1849436622333,-0.1159663752186,-0.1386473263373,0.0414571219144,0.1685108182040,0.1145238388930,-0.0032561915593,-0.1366745331124,0.2541407634151,-0.0184461729127,-0.0230942793433
-0.0064791838469,0.0419850788869,0.6269484226565,0.2277909054351,-0.0494968452537,0.0562012523882,0.0872791948178,1.0000000000000,0.2027240649708,0.3952458715180,-0.0529105584784,0.1279185834443,0.0276370053905,0.2422623617763,0.3323223587854,0.1444944050413,-0.0937106050796,0.2963246324713,0.3216789592876,0.3501672751889,0.0799008867521,-0.1332246002359,0.2674632575593,-0.1263009043298,0.3866324226529,0.2111952768621,0.4165530349418,0.4890468587473,-0.0379628438483,-0.0646236846960,0.1630936579675,0.1244924929417,0.0922600065933,-0.1011088271515,-0.0291823122999,-0.0187059089636,-0.0526772022119,0.1186663217477,0.2427163611152,-0.0991308202914,0.0763361886374,-0.0283373782381,0.5914796416380,-0.0573714274227,0.4911607697981,-0.1298324769750,-0.0106653763620,-0.0579724933000,0.1976751773634,0.4044357175135,0.1638347802923,-0.0200520910791,-0.1494598096101,0.1599304588884,-0.0446535033568,-0.0559542848166,-0.2732421865785,0.1088176128690,-0.3303117863529,0.3112480610229,0.1837419043115,-0.0015915510801,0.3120866749872,-0.1676966473102,-0.1812227602768,-0.2914158266182,0.2214432645091,-0.0150017218299,-0.0534139540233,-0.1454690569076
0.2159971623510,0.1071220690569,0.3678772910281,0.3316595746501,0.0192731445494,0.4380070670077,0.4779226464525,0.2027240649708,1.0000000000000,-0.0056787402194,0.1552759520430,0.4896064290029,0.1008796443143,0.3462703371356,0.3785906795616,0.3291852175199,0.0950404209678,0.3127430527863,0.4428844620318,0.3699307463383,0.0768285875512,0.0979032124678,0.1480925200768,0.1369164601716,0.1479729887238,0.1448447483597,0.3667629455400,0.0790434129637,0.1025577532911,0.2255855896909,0.2524416062082,0.3271710329646,0.2381756761645,0.0763175619905,0.1524006283420,0.1411024146918,0.0890418693024,0.2199144028532,0.2671160363738,-0.0205028731033,0.4336023733022,0.4771138294877,0.1353843633128,0.7109719805375,0.0811883972901,0.1086516056555,0.5057548783242,0.0218013683888,0.1586673130906,0.2386188152172,0.4060731243496,0.0718389220485,0.0974856183427,0.1871698112475,-0.1340847955789,-0.0285954230367,-0.0241595838897,0.1381947038174,-0.0378588799485,0.1564772162715,0.0133505700295,-0.0215185686756,0.1077030717895,-0.0177966512014,0.0659410269091,0.1458815802641,-0.3118974392758,0.3828154494389,0.0397973140235,0.0935929927729
0.1628147115214,0.1754834003274,0.1350596639823,0.4380724321059,0.3145514207476,0.0295355311631,0.2258071130338,0.3952458715180,-0.0056787402194,1.0000000000000,0.1187058088603,0.1874972926319,0.4279733776022,0.4221533973400,0.2552498978581,0.3821551339024,-0.0158571052003,0.1054592529202,0.2018376881098,0.2438967351943,0.3392844391962,-0.0156828957485,0.5515470101234,-0.0727183908797,0.6426397784343,0.3351592674624,0.2120833571045,0.3056245295894,-0.0353318975540,0.1078003999255,-0.0369051346684,0.1573388008326,-0.0271351811333,0.0979317410164,0.0455634670000,0.1643669912888,0.1513230878079,-0.2069777914963,0.3738354600395,0.2545626781462,0.0408756848119,0.0111791862770,0.1222244759792,-0.2460627063573,0.8674904919668,0.0612376253963,-0.0147871452363,0.3468859029484,0.2851700438801,0.1804548859634,0.2383108202529,-0.0240804979694,-0.2594406023720,-0.1665366609349,-0.0026571228489,0.2674231535971,-0.0188399944537,0.4311905489242,-0.1260075317040,0.5369007808103,0.2089148155721,-0.2168694024928,0.1437239555650,-0.1556778435753,0.1625987322103,-0.1558188869476,0.0304491341083,-0.0075879722009,0.1430802580934,0.0033634483812
0.1706494310424,-0.1230518798933,-0.1476380082344,-0.1031117872683,0.2562837433547,-0.0170208907800,0.6444896559501,-0.0529105584784,0.1552759520430,0.1187058088603,1.0000000000000,-0.2130335720061,0.5985069383640,-0.1477565488508,0.1324075003813,0.2027172629795,0.0962012279309,-0.0302462351667,-0.1013727547637,0.0222450897804,0.4726936019485,0.2691448998157,-0.0447319446570,0.2782754980068,0.0739564459685,-0.3243314419997,-0.2061355427407,0.0346266065692,0.6584601572278,0.0588730452952,0.0321163623688,0.0797424394581,0.0075529961318,0.0117236421894,-0.1915996298188,-0.2376649414604,-0.1008503146044,-0.1445458154299,-0.1825562456343,0.3341759992883,-0.0541595037677,0.6502682219941,-0.1671685194751,0.1659867012536,0.0524979463828,0.9164019958464,-0.2065057416534,0.5448457027744,-0.1394308275543,-0.1583678424537,0.2111327563157,-0.0357956541469,-0.1920450000964,-0.1800057323125,-0.1957738917401,0.3171922147322,0.2641554377213,-0.0593402377149,0.2070282086286,0.0737035575495,-0.4110338406793,-0.3265475430644,-0.1688913878261,0.5597461784510,0.0306401648989,0.0069882363756,0.0724868201608,0.0626154138929,-0.0580140101625,-0.2607055903144
0.2040277940313,0.3784444027739,0.3965201775449,0.5644005976569,0.0175665461563,0.4241418313834,0.1828352118925,0.1279185834443,0.4896064290029,0.1874972926319,-0.2130335720061,1.0000000000000,-0.0353433981055,0.6435613178134,0.2730307809650,0.3474729454591,0.0354792304025,0.3055874677386,0.5946877693928,0.4148989454852,-0.0069153966582,0.0363525968993,0.3149427080023,0.0328047545192,0.2474303216596,0.5568673919839,0.5414620935662,0.2601932942624,-0.2572278229743,0.3217018955200,0.1780726903311,0.3620583030489,0.2160163769705,0.1887009910747,0.5020553979764,0.4059293947171,0.3291467062702,0.1519413339643,0.5139113964741,-0.0767141512251,0.4054572226559,0.0344391358584,0.0434799350997,0.2981842828969,0.1510920129793,-0.2475583246909,0.7590707147246,-0.0891619486901,0.4714410859345,0.2453897485730,0.2828366098374,0.0594862116279,0.2244509306647,0.2738360080678,0.1609760698560,-0.0538807186400,-0.0455509989035,0.3051683733949,-0.0538710097411,0.1876806398980,0.4439268515452,0.1510577131276,0.3278083758547,-0.3481940822695,0.2510487793633,0.1510937725955,-0.3712508364970,0.2331888217121,0.2290444460563,0.4239257116107
0.1951679757331,0.0349496346749,-0.0238537790365,0.1814272501301,0.5976746538233,-0.0167345074568,0.4256067912300,0.0276370053905,0.1008796443143,0.4279733776022,0.5985069383640,-0.0353433981055,1.0000000000000,0.0870750194163,0.1165835170964,0.4645135311679,0.0424539828174,0.0658424614285,0.0290016635354,0.1532545016827,0.8281625675627,0.1796451451871,0.2164804961170,0.2121383050038,0.3421764678348,-0.0611123167210,0.0090896720364,0.0586423524382,0.4572267530668,0.1024749520730,0.0590798762551,0.0590286540359,-0.1100643135316,0.0565287622980,-0.0863293001608,-0.0872307122550,0.0848821972952,-0.1613470468383,0.0071870216604,0.5918528777784,0.0269097286970,0.3484069389027,-0.1466452514130,0.0082759130783,0.3772872626927,0.5187979458237,-0.0985119998102,0.8717428891039,-0.1124492361766,-0.1591348727717,0.3541955043505,-0.0422767735730,-0.1725853994130,-0.2341681446789,-0.2209766899095,0.7147896725919,0.1428291077661,0.1939572995960,0.0991168045980,0.2428235454562,-0.2576467730237,-0.2971391683100,-0.1339320680316,0.3197123725118,0.0320516640073,0.0160237291186,-0.0084231870120,-0.0054165454432,0.0025277485517,-0.0673109479003
0.2258124207638,0.2854553155602,0.3186891926211,0.4954085626952,0.0952899764239,0.2680908918693,0.2498567784113,0.2422623617763,0.3462703371356,0.4221533973400,-0.1477565488508,0.6435613178134,0.0870750194163,1.0000000000000,0.4674419356644,0.3291147662071,0.0354206709626,0.2391110754500,0.7032730316528,0.5102923036038,0.0646989673637,0.0531008899053,0.3701660022846,-0.0323833388851,0.3300515930475,0.6131739344625,0.4318331754696,0.3706745177945,-0.2253046581216,0.2941054813426,0.1078478308803,0.3997630067911,0.0876511483527,0.1880515519234,0.3278081152221,0.3824463214274,0.1837926675883,0.0578686750740,0.4281740540655,0.0208798720411,0.2703004477948,-0.0109429356238,0.1459517434076,0.0810834498004,0.4064850542762,-0.1675933438748,0.4832131410799,0.0277139545631,0.6583119006309,0.3914718775305,0.2381472113828,0.0444568547111,-0.0121173667900,0.2378986797598,0.0546092929164,0.0282560546520,0.0178886322473,0.3093000880271,-0.0795787653827,0.2767744422173,0.4249982354915,-0.0964183965060,0.3601735703608,-0.3510580109013,0.2195675973262,-0.0154971921802,-0.2720286402103,0.2581401526955,0.1771575745031,0.2043025395872
0.5706597615593,-0.0337191998023,0.3472137566407,0.1145219532373,0.1843408464029,0.2583851564073,0.2560283481188,0.3323223587854,0.3785906795616,0.2552498978581,0.1324075003813,0.2730307809650,0.1165835170964,0.4674419356644,1.0000000000000,0.3564027861129,0.1889680952437,0.4281529994278,0.4702351682280,0.5633660440888,0.0208913077434,0.2816369801238,0.2309986050150,0.1033219070694,0.2064339811375,0.1047004974335,0.1641097916025,0.5301030563134,0.0399056817994,0.6961823722533,0.1449129872213,0.3121698568148,0.4016751113300,0.3336952814027,-0.0218411784495,0.2711918424534,-0.1641355550978,-0.2114164635353,0.0992108353051,0.1633462705616,0.2432610400205,0.2788690199416,0.1074912699046,0.1876815757163,0.3259205622281,0.0794570570189,0.1538833076488,0.0955954382120,0.3462103510707,0.5655408181172,0.3518063651711,0.1636001822119,-0.2722968253416,0.1294889762837,-0.1090148808313,-0.0379747708212,0.2212638184984,0.1082615737556,0.0068198075250,0.1876347717291,-0.0014162375847,-0.4307869074903,0.2495468205614,-0.0568573625395,0.4028900137041,-0.1531499273687,-0.0167024876928,0.4214386641896,0.2950540317002,-0.2031424070805
0.4439875885547,0.1721529286876,0.1549073584953,0.3827334402636,0.4411822334541,0.2151960875885,0.3389664276501,0.1444944050413,0.3291852175199,0.3821551339024,0.2027172629795,0.3474729454591,0.4645135311679,0.3291147662071,0.3564027861129,1.0000000000000,0.2036426552187,0.2640225963467,0.1719936032922,0.2842451006512,0.3619195680110,0.2033509577287,0.3299736380184,0.0840742852465,0.4487431559993,0.1813421559342,0.2424010873193,0.0942127208684,0.1482474036622,0.4358851744414,0.1191564517378,0.2403186387033,0.1518168670908,0.2482557566093,0.1943130453188,0.2699819707006,0.1586649222761,-0.1313151319785,0.2587095760744,0.3869517605350,0.3408161249244,0.3439778697125,0.0656614919047,0.2352425247558,0.4107999977063,0.1362817158631,0.2042954840572,0.4499380052065,0.1320554359976,0.1869723321337,0.7717520919589,0.1272438853682,-0.0352307648993,-0.1197826204705,-0.1127330747123,0.2991385659312,0.1459099444978,0.2887966599547,-0.0098583938981,0.3960173155050,0.0053644532608,-0.2130983512071,0.0582430610723,0.0414310423111,0.2938513820027,0.0061757676822,-0.1106395377076,0.2793178151932,0.2296035313896,0.0981610154226
0.4406744497881,0.0377424171936,0.0887890165552,0.0781966669409,0.3034009077341,-0.0073406454236,-0.0033246935187,-0.0937106050796,0.0950404209678,-0.0158571052003,0.0962012279309,0.0354792304025,0.0424539828174,0.0354206709626,0.1889680952437,0.2036426552187,1.0000000000000,0.3407487126498,0.0155996490137,0.2417673088574,0.0212405110780,0.6234555385340,0.3753987028242,0.6542778434851,0.2122240955623,-0.0195354610943,0.1297640610347,0.2513265038141,0.4013121616870,0.3284487742518,0.3681350281961,0.1791602510828,-0.0254868346354,0.3283949643806,0.1582340382436,0.1397051896852,-0.0140076240246,-0.1483269165948,-0.0492317969646,0.2231903953473,0.0629629655246,0.0687072437099,-0.1386240970366,0.0801613475133,-0.0345283622626,0.0470166788850,0.0001550070649,-0.0011995735156,-0.1284318540090,-0.0881209865888,0.0803173038826,0.8522709560838,-0.0274791825675,-0.1774030084731,-0.1710980409311,0.0576344932378,0.5361951699501,0.4247938472078,0.4656576021024,0.2692085801782,-0.1260137251404,-0.1721174708435,0.0593943446647,0.3089507188688,0.2492121065278,0.2597603543664,-0.1158399478592,0.1517513033596,0.2030567943773,0.0803791203029
0.4712201827092,0.2426141677930,0.5279409352869,0.3297652424317,0.0444417100841,0.0752357434707,0.1718135479015,0.2963246324713,0.3127430527863,0.1054592529202,-0.0302462351667,0.3055874677386,0.0658424614285,0.2391110754500,0.4281529994278,0.2640225963467,0.3407487126498,1.0000000000000,0.2329755696055,0.7003137949553,0.0737767550407,0.3121645255346,0.3401400477457,0.4125275258531,0.2202539620978,0.2419306928996,0.5884783335813,0.4332852201325,0.1587176074253,0.4954892394402,0.5640948217746,0.0960819978028,0.0979984960197,0.3063403154524,0.3993645869187,0.2164297254535,0.0706505394177,-0.0131276870172,0.2086537018715,-0.0338350446389,0.2178299060955,0.1397367636913,0.0608063859732,0.1183422321140,0.1090727240345,-0.0825643177304,0.0905769415784,-0.0133545890436,-0.0148635028569,0.0991583971714,0.2577014706123,0.3014625314767,0.2281992827650,-0.0824197246371,-0.0065952416114,0.0158198575292,0.1877864475255,0.2527025469317,0.1218886111015,0.1246743803350,0.0292427478229,-0.0667497493470,0.2372215539570,0.0306490663538,0.2901408116668,0.2040637488935,0.0422052473902,0.1841456773146,0.2665766257238,0.1759526966891
0.0538059039358,0.0842190402698,0.3953715537490,0.2440754893016,-0.0385286369124,0.3436107412148,0.1741412936913,0.3216789592876,0.4428844620318,0.2018376881098,-0.1013727547637,0.5946877693928,0.0290016635354,0.7032730316528,0.4702351682280,0.1719936032922,0.0155996490137,0.2329755696055,1.0000000000000,0.6237473059604,0.0292912409922,0.0300125617030,0.2051619612697,-0.0081709613034,0.1200808491851,0.3009214058027,0.3914415715283,0.4493403778670,-0.1524130630227,0.2184849066037,0.0910518447785,0.4375003834558,0.1250186748019,0.1099425452227,0.1220428916898,0.1315900701004,0.0205816664083,0.1385551432295,0.1822603954699,-0.0717487191031,0.2576366777714,-0.0165845780925,0.1418680403541,0.1648660106985,0.2045583248391,-0.1497298032385,0.5013013321995,-0.0226195496210,0.3815298561133,0.3452655847446,0.1159841062832,0.0149489167124,-0.0826524950523,0.5075131300348,0.0121461272322,-0.0384131410758,-0.0357192531439,0.1538431350893,-0.0912674917694,0.0827381953966,0.1753707984286,-0.1578040233205,0.3009830146131,-0.2991006127221,0.0762985149670,-0.0803108252275,-0.2937774296749,0.1876086845934,0.1000835387291,0.0187052966558
0.3245659555115,0.2130732497766,0.5008176272538,0.3907017154634,0.0260204127568,0.1224725993010,0.2741374952199,0.3501672751889,0.3699307463383,0.2438967351943,0.0222450897804,0.4148989454852,0.1532545016827,0.5102923036038,0.5633660440888,0.2842451006512,0.2417673088574,0.7003137949553,0.6237473059604,1.0000000000000,0.1477240913833,0.2816166569921,0.3517883382246,0.3320465303852,0.2424243262239,0.3813866548434,0.5227431663379,0.5427400601847,0.0712752321478,0.4435160686750,0.3880866060836,0.2744471871564,0.1085470309916,0.2646179287266,0.3453174002986,0.1935548624708,0.1099716731347,0.1104379307330,0.2595124484576,-0.0441712126091,0.2815467341053,0.1290295758042,0.1527095690766,0.1209226847297,0.2693978578521,-0.0533901887866,0.2172239348520,0.0319296370260,0.1469900317866,0.2938783223516,0.2534572304063,0.2173639919568,0.0501450709614,0.1371945580428,-0.0002251465615,0.0205362338128,0.1654217181413,0.2817378329026,0.0816810568213,0.1870718595135,0.1394033534034,-0.1788894701684,0.3789037378169,-0.0775318867526,0.2307406754921,0.1031883765248,-0.0562253733175,0.2501140094386,0.2100523340105,0.1726003352265
0.0647390784143,0.1930029100549,0.0505658214382,0.2668684336856,0.5894044590356,-0.0338231633786,0.3188285243176,0.0799008867521,0.0768285875512,0.3392844391962,0.4726936019485,-0.0069153966582,0.8281625675627,0.0646989673637,0.0208913077434,0.3619195680110,0.0212405110780,0.0737767550407,0.0292912409922,0.1477240913833,1.0000000000000,0.1182214009532,0.2300129187181,0.1914349140077,0.3581219021635,0.0571219004408,0.0766467235175,0.0411457182090,0.3441407280744,0.0159866787890,0.0754736547827,-0.0304628867632,-0.1250034254794,0.0468290310791,0.0525091840678,0.0013450995937,0.2240002631488,-0.0067665739390,0.1270665815502,0.5441090063014,0.0612881746234,0.2484743340377,-0.0542100544345,-0.0014553216364,0.2946141005788,0.4046027392327,-0.0258507699035,0.7154906961380,-0.1270143140028,-0.1646154725070,0.2831435477014,-0.0085574283859,0.0032191904455,-0.1542766468515,-0.1539406929436,0.8239154291140,0.0445482504745,0.2418243237037,0.0793577067391,0.2713040518591,-0.1736794681076,-0.1638677980223,-0.0611385271606,0.2352775202797,-0.0333208660489,0.0260558349830,-0.0440414803852,-0.0178836334795,0.0266527021090,0.0728491770420
0.4414381880880,-0.0462503297709,0.1051120752007,0.0488258077614,0.2614221521945,0.0399117440250,0.0979828195647,-0.1332246002359,0.0979032124678,-0.0156828957485,0.2691448998157,0.0363525968993,0.1796451451871,0.0531008899053,0.2816369801238,0.2033509577287,0.6234555385340,0.3121645255346,0.0300125617030,0.2816166569921,0.1182214009532,1.0000000000000,0.2351836774219,0.8522495452355,-0.0138102816193,-0.1606514268289,-0.0391897497867,0.2776619357248,0.4328157138101,0.4713567284690,0.4871582398594,0.1672085004033,0.1146048499597,0.3620279838648,0.2147432502124,0.0133085305147,-0.0565160048441,-0.1923478939434,-0.0906634016667,0.2310336104309,0.1663325271097,0.2490983193601,-0.2283897525904,0.1924946759976,-0.0158555191422,0.2178193880061,-0.0326798614964,0.1308353212414,-0.0609874269863,-0.0984705332783,0.1983531137701,0.4897520122601,-0.1456024690021,-0.1719268173760,-0.2501889304534,0.0933209486867,0.8453938342477,0.2588822404854,0.6913527153021,0.0330229828204,-0.2082392152053,-0.4224509011531,0.0246601786007,0.3682000760022,0.3523269941144,0.2992535701436,-0.0776832472493,0.2067469815200,0.3235171443342,0.0028237229779
0.2791691832500,0.4649164749682,0.2652654461246,0.6824503585440,0.2990866886121,0.0376158031743,0.0894287290248,0.2674632575593,0.1480925200768,0.5515470101234,-0.0447319446570,0.3149427080023,0.2164804961170,0.3701660022846,0.2309986050150,0.3299736380184,0.3753987028242,0.3401400477457,0.2051619612697,0.3517883382246,0.2300129187181,0.2351836774219,1.0000000000000,0.2320182911227,0.5898855866740,0.4837745328988,0.3691655848659,0.2742602186540,0.0119128302208,0.2836203224942,0.3497595834574,0.0786775224074,0.0127816273694,0.3561747746266,0.4163453339314,0.4372311826543,0.4551811041022,-0.0600015129949,0.5765629581602,0.2053130535049,0.1251383417484,-0.0689285592958,0.1502082225387,-0.0581600776187,0.5515728258564,-0.1276119924999,0.2021102373438,0.1397667084650,0.1866838212924,0.1261002815294,0.2411303326271,0.3156776424618,0.1572843231753,-0.0520855233216,0.0766265138348,0.2297304863229,0.1612145699826,0.8467684653279,0.1447052337932,0.5462400821077,0.3002375477989,-0.0309008896680,0.2415498241429,-0.0878222868431,0.3020864461246,0.2806617875039,-0.0439563170467,0.0914200006415,0.3334994934107,0.4370578028658
0.3343792081741,0.0454212721302,0.2119547956613,0.1106053442802,0.1500961011385,-0.0534409146100,0.1502948771783,-0.1263009043298,0.1369164601716,-0.0727183908797,0.2782754980068,0.0328047545192,0.2121383050038,-0.0323833388851,0.1033219070694,0.0840742852465,0.6542778434851,0.4125275258531,-0.0081709613034,0.3320465303852,0.1914349140077,0.8522495452355,0.2320182911227,1.0000000000000,-0.0160510291559,-0.0928561413141,0.0720112119212,0.2723644609184,0.5009265717251,0.2775937185932,0.5378620780972,0.0567018202133,-0.0153844484081,0.2245293215511,0.2860484112812,-0.0701461662656,0.0394431565222,0.0342186040820,-0.0282987024180,0.1074894511648,0.1003490211904,0.2240408080727,-0.2177448608504,0.1656090943580,-0.0860740085412,0.2266772963180,-0.0117085298391,0.1002562286430,-0.1768195340271,-0.2564149306750,0.0822218058137,0.5045101620492,0.0310390004802,-0.1698238124042,-0.2285074022074,0.1112275612128,0.6626422161393,0.2627751334308,0.6902046740935,0.0213669009360,-0.1728980308920,-0.2608646323146,0.0797352021080,0.4159742277278,0.1600834087472,0.3935118775451,-0.0762902283178,0.0616084704066,0.1708912572045,0.1292467266812
0.2517299760151,0.3111855444037,0.2900168437774,0.5904594027793,0.4734958939632,0.0550881100435,0.2014084970416,0.3866324226529,0.1479729887238,0.6426397784343,0.0739564459685,0.2474303216596,0.3421764678348,0.3300515930475,0.2064339811375,0.4487431559993,0.2122240955623,0.2202539620978,0.1200808491851,0.2424243262239,0.3581219021635,-0.0138102816193,0.5898855866740,-0.0160510291559,1.0000000000000,0.3408746019126,0.4673817968302,0.2242007080919,0.1453748397277,0.1555016749567,0.1877698166980,0.0546490066891,-0.0321500164204,0.1596458364099,0.1226393353947,0.2480741173809,0.2841818476036,-0.0937759550154,0.4610927177035,0.3407886150334,0.1292011357586,0.0388186017720,0.2478442138315,0.0169000913145,0.6282168784287,0.0283136442901,0.1280139405340,0.2695832691011,0.1704927601530,0.1305994086048,0.3531230278982,0.2316267999443,-0.0427574078479,-0.0982294266551,-0.0732074689937,0.3040605968006,-0.0429247613177,0.5401242300485,-0.1375718845371,0.8359217086400,0.1654559966370,-0.0081359181537,0.1657053715885,0.0043128964461,0.1320022045408,0.0775587335788,-0.1238541316097,0.0736001640951,0.1533528519526,0.1353281300552
0.0656770409224,0.6483493575437,0.3031342545345,0.7448993348622,-0.0513587565641,0.0815499305234,0.0613936995048,0.2111952768621,0.1448447483597,0.3351592674624,-0.3243314419997,0.5568673919839,-0.0611123167210,0.6131739344625,0.1047004974335,0.1813421559342,-0.0195354610943,0.2419306928996,0.3009214058027,0.3813866548434,0.0571219004408,-0.1606514268289,0.4837745328988,-0.0928561413141,0.3408746019126,1.0000000000000,0.5494907499669,0.2580890751147,-0.3889224395181,0.0623031225257,0.1013785493408,0.0894334940161,0.0300889908094,0.2122275523707,0.6291077591054,0.5236346016517,0.5307299102765,0.2246652876464,0.7417869974035,-0.1080150686256,0.1566726737795,-0.1360415352914,0.2107983465217,-0.0901874483357,0.3239262953554,-0.3090286368891,0.3540906741254,-0.0863629064854,0.5238823915387,0.2885782360079,0.0762497314301,0.0618109305562,0.3127983742546,0.0832519616700,0.3020654064162,0.0698726514726,-0.1732282165716,0.4427505201639,-0.1084812630096,0.2985187254444,0.7984039392276,0.2968645241603,0.4854076996190,-0.4242473892714,0.1388100555877,0.1280799306581,0.0272035465619,0.0591778580908,0.2801333086667,0.6301037303985
0.1630977478700,0.3811348340298,0.5788213556914,0.5842420224469,0.0476698777094,0.1766099128257,0.1744980902101,0.4165530349418,0.3667629455400,0.2120833571045,-0.2061355427407,0.5414620935662,0.0090896720364,0.4318331754696,0.1641097916025,0.2424010873193,0.1297640610347,0.5884783335813,0.3914415715283,0.5227431663379,0.0766467235175,-0.0391897497867,0.3691655848659,0.0720112119212,0.4673817968302,0.5494907499669,1.0000000000000,0.3123673995586,-0.0550896664672,0.1319692041757,0.3482271276006,0.1282305547558,0.0544080177486,0.1277271527208,0.4296456809249,0.2551329427528,0.2232373713975,0.1463096076060,0.4413341654077,-0.0368814744945,0.2044802009640,-0.0403605838407,0.2334638670355,0.0597394179631,0.2353382823822,-0.2513495963746,0.3146096740821,-0.0576040900013,0.2010149526416,0.1227619431805,0.2051423420204,0.1691308348197,0.2111994390033,0.0368788167642,-0.0332430778676,0.0391295578439,-0.1479502619421,0.3395528285302,-0.1452198044807,0.3537763777523,0.3279030813558,0.2790322697140,0.3050967279886,-0.2297390770585,0.0527694119876,0.0864220939460,-0.1090940193169,0.0720519324205,0.1535698768079,0.2955088632091
0.2131325847939,0.1167730029259,0.5359191658623,0.1463942020070,0.0388740634880,0.0419012078500,0.0375268255282,0.4890468587473,0.0790434129637,0.3056245295894,0.0346266065692,0.2601932942624,0.0586423524382,0.3706745177945,0.5301030563134,0.0942127208684,0.2513265038141,0.4332852201325,0.4493403778670,0.5427400601847,0.0411457182090,0.2776619357248,0.2742602186540,0.2723644609184,0.2242007080919,0.2580890751147,0.3123673995586,1.0000000000000,0.1137089343333,0.3473485750403,0.2897068317657,0.2169734752588,0.1736375886628,0.2668797622990,0.0555919856578,0.0546509067829,-0.1278872514774,-0.0574375163211,0.1348413357310,0.0169116253410,0.0167884309802,-0.0341901132787,0.0673493048814,-0.0873391919746,0.2854206787041,-0.0027156052844,0.0418484548248,0.0119397508553,0.3246096210416,0.3455642431631,0.0310202583764,0.1971988486735,-0.2654639521011,0.1764830006549,-0.0166180784242,0.0064825416017,0.2190849353515,0.1436609448756,0.1344153915950,0.1160746354259,0.2240263019556,-0.2376161511027,0.5591921002299,0.0009611833150,0.2090075640683,-0.0701529833859,0.1162677431111,0.0943348497668,0.2550623908306,-0.0984116356915
0.2162244028843,-0.2859501213539,0.0113511586678,-0.1491806542858,0.3539277105202,-0.1392200903361,0.3033894123386,-0.0379628438483,0.1025577532911,-0.0353318975540,0.6584601572278,-0.2572278229743,0.4572267530668,-0.2253046581216,0.0399056817994,0.1482474036622,0.4013121616870,0.1587176074253,-0.1524130630227,0.0712752321478,0.3441407280744,0.4328157138101,0.0119128302208,0.5009265717251,0.1453748397277,-0.3889224395181,-0.0550896664672,0.1137089343333,1.0000000000000,0.0772733920072,0.3628053895507,0.0450263261796,-0.1026905754967,-0.0244407999582,-0.2305852187115,-0.3955210819059,-0.2674840528764,-0.1531123308567,-0.3111070480161,0.3686399941045,-0.0193071260934,0.3764575810634,-0.2204515458828,0.1929621492371,-0.0506241439698,0.5945892597226,-0.2435440420279,0.4258005381871,-0.2930611277911,-0.3322410042197,0.1635185107808,0.2446334221090,-0.1604244327194,-0.2425832645252,-0.3444409262808,0.2733273017332,0.3914361056783,0.0276895346139,0.3382182862589,0.0707000887147,-0.5008163789668,-0.2650229288874,-0.2403559371964,0.8487437793886,-0.0336918657806,0.2180612157326,0.0026054477742,0.0100860595347,-0.1392766444549,-0.2884346038452
0.6372289950095,0.0857521067189,0.1237061853441,0.1625828842253,0.2425014836908,0.2037142875122,0.1586399919041,-0.0646236846960,0.2255855896909,0.1078003999255,0.0588730452952,0.3217018955200,0.1024749520730,0.2941054813426,0.6961823722533,0.4358851744414,0.3284487742518,0.4954892394402,0.2184849066037,0.4435160686750,0.0159866787890,0.4713567284690,0.2836203224942,0.2775937185932,0.1555016749567,0.0623031225257,0.1319692041757,0.3473485750403,0.0772733920072,1.0000000000000,0.2883137339335,0.2208215327393,0.3944752144707,0.6494908498570,0.1950748561496,0.3523695650320,-0.0429876006231,-0.2855499334267,0.0567176724307,0.1961825096751,0.2049762545860,0.2052697339393,-0.1818236927613,0.1986933920046,0.1226133986532,0.0277423314068,0.1841203094711,0.1104851587337,0.1287671892242,0.2371658975094,0.4249113283199,0.2519392021179,-0.0953768239860,-0.0401616293775,-0.0577355714801,0.0336415476686,0.4580809951488,0.2518897682114,0.2722058858349,0.1032764769663,-0.1023034074795,-0.3855966341337,0.1152797639309,0.0227095586638,0.7744114029681,0.1556955894026,-0.1730660158153,0.3900897097058,0.5608183632482,0.0605407196737
0.2563329640839,0.1065430996354,0.4099467313619,0.2384029628372,0.0855573907916,0.0084406652561,0.0141647906529,0.1630936579675,0.2524416062082,-0.0369051346684,0.0321163623688,0.1780726903311,0.0590798762551,0.1078478308803,0.1449129872213,0.1191564517378,0.3681350281961,0.5640948217746,0.0910518447785,0.3880866060836,0.0754736547827,0.4871582398594,0.3497595834574,0.5378620780972,0.1877698166980,0.1013785493408,0.3482271276006,0.2897068317657,0.3628053895507,0.2883137339335,1.0000000000000,0.0253455687101,0.0419182864093,0.1284262812648,0.4165067855351,0.0033429182530,0.0354389518331,0.0820978281391,0.1748753478497,-0.0308429450076,0.2195981277424,0.0980862426919,0.1126439868857,0.2603484161530,-0.0325445509822,-0.0372121595463,0.0968323843024,-0.0239357173515,-0.0350551035179,-0.1228576277580,0.2267949336524,0.2988151026387,0.2424163552425,-0.0138486075942,-0.0920390830707,0.0134438741198,0.2956195932746,0.3043467394436,0.2421262497808,0.1228029945257,0.0201491571933,-0.0513743989576,0.1171641200672,0.2523913154204,0.1422136065067,0.6328762403303,-0.0438397497614,0.1239906311803,0.0500411169647,0.2486876277324
0.1696268958194,-0.0977876832919,0.1170285317207,0.1136156415066,0.0493034819440,0.1995180636832,0.1363681535542,0.1244924929417,0.3271710329646,0.1573388008326,0.0797424394581,0.3620583030489,0.0590286540359,0.3997630067911,0.3121698568148,0.2403186387033,0.1791602510828,0.0960819978028,0.4375003834558,0.2744471871564,-0.0304628867632,0.1672085004033,0.0786775224074,0.0567018202133,0.0546490066891,0.0894334940161,0.1282305547558,0.2169734752588,0.0450263261796,0.2208215327393,0.0253455687101,1.0000000000000,0.1833472721591,0.1443738093325,-0.0013778477548,0.0953052797233,-0.1210462076910,-0.0902179050185,0.0530395841002,0.0397657395379,0.2305569448006,0.1671891147771,0.0165324434551,0.1895490716016,0.1874669226904,0.0395022081081,0.2115992607554,0.0568520089884,0.1666033714121,0.2089580266428,0.1768493147162,0.1171419067200,-0.1947325382301,-0.0389967404988,-0.1341487526388,-0.0347872150693,0.1289640316723,0.1029510885462,-0.0126962037779,0.0858328205598,0.0193368636968,-0.1726189470823,0.0667964167616,-0.0323654911671,0.0668755728006,-0.0878760628766,-0.0668257708739,0.2951638943895,0.1248433711235,-0.0907146028171
0.1147449175833,-0.0030364778036,0.1413938717986,0.0566271088506,-0.0386310251215,0.4533640550448,0.0796287790505,0.0922600065933,0.2381756761645,-0.0271351811333,0.0075529961318,0.2160163769705,-0.1100643135316,0.0876511483527,0.4016751113300,0.1518168670908,-0.0254868346354,0.0979984960197,0.1250186748019,0.1085470309916,-0.1250034254794,0.1146048499597,0.0127816273694,-0.0153844484081,-0.0321500164204,0.0300889908094,0.0544080177486,0.1736375886628,-0.1026905754967,0.3944752144707,0.0419182864093,0.1833472721591,1.0000000000000,0.1680766404084,0.0226409386126,0.0881163160520,-0.1061479828561,-0.1571849682618,0.0362700103509,0.0028823042767,0.0574266885914,0.1847735042216,-0.0525168303395,0.2385997233682,0.0475217029788,-0.0062926582113,0.1862345685139,-0.0554616264888,0.3005701545444,0.3074515577267,0.2587094118827,-0.0138292540912,-0.1687893997913,0.1691571750730,-0.0017340272929,-0.1127528508791,0.0339094886023,-0.0115854442478,-0.0775508318580,-0.0087141194787,0.0843642948676,-0.2338388336070,0.0510052391853,-0.1181716609169,0.2433059384061,-0.0894638938938,-0.1026447814861,0.0867352300181,0.2842271394035,-0.0387088508054
0.4357125228060,0.2912527459984,0.0456583955663,0.2710167555754,0.1845100145463,0.0792263327485,0.0284597274171,-0.1011088271515,0.0763175619905,0.0979317410164,0.0117236421894,0.1887009910747,0.0565287622980,0.1880515519234,0.3336952814027,0.2482557566093,0.3283949643806,0.3063403154524,0.1099425452227,0.2646179287266,0.0468290310791,0.3620279838648,0.3561747746266,0.2245293215511,0.1596458364099,0.2122275523707,0.1277271527208,0.2668797622990,-0.0244407999582,0.6494908498570,0.1284262812648,0.1443738093325,0.1680766404084,1.0000000000000,0.2641862457553,0.3522201912765,0.1346816497389,-0.1700803743178,0.1524070897756,0.1700265854414,0.0224387037460,0.0566768858174,-0.1390102394460,0.0539867545056,0.0919833153292,0.0067321981343,0.0629533088795,0.0926006193190,0.0340757906428,0.1184346965869,0.2036449122003,0.2937632122719,-0.0378320180063,-0.0736917323294,0.0729056849252,0.1102958451660,0.4253023272037,0.3549935050044,0.3211336105847,0.1377174021172,0.0380639011651,-0.1952495673875,0.1855565875886,-0.0466590828274,0.6248090290716,0.1300539484436,-0.0862119864499,0.1616489584592,0.8231190739909,0.2094897240004
0.1479279572547,0.6742950182539,0.2525487975452,0.6187573774528,-0.0711933669083,0.0469896591322,0.0918961456212,-0.0291823122999,0.1524006283420,0.0455634670000,-0.1915996298188,0.5020553979764,-0.0863293001608,0.3278081152221,-0.0218411784495,0.1943130453188,0.1582340382436,0.3993645869187,0.1220428916898,0.3453174002986,0.0525091840678,0.2147432502124,0.4163453339314,0.2860484112812,0.1226393353947,0.6291077591054,0.4296456809249,0.0555919856578,-0.2305852187115,0.1950748561496,0.4165067855351,-0.0013778477548,0.0226409386126,0.2641862457553,1.0000000000000,0.4758834545364,0.6160957387433,0.2518571982967,0.6307507367788,-0.1818503624008,0.2162239426389,-0.0114236823313,0.1088057930658,0.0241769046765,0.0251721742970,-0.2074021499691,0.3219691965815,-0.1169010812457,0.2270954057575,-0.0067723800484,0.1880809959271,0.1752297774179,0.5696260708238,-0.0040483585249,0.2697006293639,0.0016050563419,0.0895112374236,0.4429152798703,0.1584662418989,0.1312729622107,0.5313917653910,0.2681190989332,0.3004642033344,-0.2504112338884,0.2642867993139,0.4468518594020,-0.0176070103160,0.0731362762870,0.2799396457891,0.8121333171362
