1.0000000000000,0.3809756633488,0.3140340460269,0.3946371744607,0.6009387211376,-0.0559493725994,0.0066619140613,0.2215697684681,-0.0584196582516,0.3669465790799,0.2098230032364,-0.1366221935757,0.4134736611344,0.0163054134754,0.4086414275290,-0.0492634449610,0.3992296638973,0.5490645601565,-0.2681277600274,0.4416070279813,0.5325396696045,0.4398985483545,0.5131405869636,0.4383314483297,0.4117075111762,0.3311693925639,0.0974682354066,0.2253779588148,0.2793821708686,0.6275062777860,0.3995610317304,0.1564305564014,-0.0663236326586,0.3448617737550,0.5622718882731,0.6668914164698,0.3181140728801,-0.1063265583250,0.3148747143738,0.5324221612906,-0.2562083588195,-0.0900474787308,0.2399744152445,-0.2969536388642,0.3166614651087,0.3397633371379,-0.3146438080067,0.2864898485391,-0.1582089677342,0.2382137027581,-0.1137209504268,0.4408487006630,0.2579951528053,-0.3110717872509,-0.1590977885153,0.4895317898200,0.2005250798839,0.3397939401643,0.1340480226000,0.3869167846155,0.1148471234482,-0.1716037955288,-0.0176863975787,0.1990446444523,0.3895824611942,0.2527868098393,0.0413481678581,-0.0562942524097,0.1268515299123,0.3450880357779
0.3809756633488,1.0000000000000,0.4010629654479,0.5899763052318,0.2797717720677,-0.0881395031475,-0.1754787723917,-0.1201476192648,-0.2590887376341,0.2602409474665,-0.0459765403473,-0.0695043116622,0.1470620772257,-0.0115864251305,0.0617370901176,-0.2250547483049,0.3878604642277,0.5139871231380,-0.1324091358837,0.4029428917934,0.2370756749849,0.4874669987789,0.6095773188915,0.6124965375424,0.3457393141657,0.5255162224507,0.4139575484339,0.4574678673731,0.2353645156586,0.3435572442740,0.4986552839415,-0.0267166978396,-0.1561072601214,0.3527253040102,0.6423987477069,0.3208078174134,0.7463447081133,-0.2285419638668,0.6480562427946,0.2249488141830,-0.3244513476932,-0.2725521344998,-0.2190605160167,-0.3509746271645,0.1910042698507,-0.1346451854736,-0.0871406980910,0.0955825401000,-0.1131301311218,-0.1159774900064,-0.2894144564193,0.4395003794985,0.3696055284465,-0.1915077756767,0.0465234800243,0.1845524093319,0.1567381176300,0.5151904781911,0.1749930591923,0.2569494419646,0.5093296095223,0.0252630686237,0.1391452654919,0.0706761978183,0.1457608815699,0.1996548007675,-0.1006183944114,-0.2026880455667,0.1301057237768,0.4515926525995
0.3140340460269,0.4010629654479,1.0000000000000,0.3766217404057,0.1574889343034,-0.1404356906688,-0.1333788413732,0.3451348405442,-0.1635845380312,0.3674592619361,-0.1117002473539,0.1084006888730,0.0602066561643,0.1893454330215,0.1825496125940,-0.0489333414999,0.4415026331532,0.4058333475857,0.0876515019453,0.3129374380992,0.3211335384489,0.5050370773510,0.3860825908729,0.5712190708819,0.3945925967294,0.3850476841040,0.4364744644977,0.7147486375145,0.1411388121557,0.1176554406645,0.4583935199069,-0.1923091728958,-0.1174639312969,0.1243943708414,0.2114387852634,0.0989651092071,0.4071764504654,0.1585151221175,0.3592180525022,0.0716965693640,-0.3815125043805,-0.2140671839674,0.0075532271478,-0.2645911609769,0.2222389456642,-0.0912325440114,0.0207267789929,-0.0128611736288,0.0906411533156,0.0808364412988,-0.1565187164724,0.4419307440179,0.0408525643732,-0.0595011578170,-0.1176795840966,0.2581146022854,0.1988428975488,0.2048222209723,0.1700118830287,0.2393176207000,0.3406911151367,-0.0335879738407,0.3895360413881,-0.0587406989176,0.0126232202864,-0.0188490700646,-0.2491589556739,-0.1668414571148,-0.0715939741387,0.0168655618267
0.3946371744607,0.5899763052318,0.3766217404057,1.0000000000000,0.4605679361282,-0.0940144105729,0.0696698872912,0.0840124917043,-0.1214817738936,0.5861996738740,-0.0121163548437,-0.0327494738691,0.4386810932823,0.0183177939163,0.0643981682018,0.0544948655207,0.3834337162002,0.5088524519333,-0.1035285174289,0.3131624947467,0.4561146237021,0.4260965478218,0.7366883531298,0.5522654801924,0.5505491631259,0.4160121660837,0.1560264131888,0.1688379514656,0.2171870325527,0.3876761588540,0.4432457950961,-0.1514659869318,-0.2417071803331,0.5218250556281,0.5276520626163,0.4287856135424,0.5598695435194,-0.0998131549547,0.8351035812470,0.3496636374870,-0.3011581669621,-0.0300993099337,0.0265430233094,-0.3342725127182,0.5955180802015,0.0819593189572,-0.0980143872383,0.4285049482094,-0.1052941021677,0.0351914689496,-0.0979905466995,0.3969702096137,0.3668353889566,-0.2407984492276,0.1301349755693,0.4948413455655,0.2145546613828,0.6716395904644,0.1661207327639,0.5127576069489,0.3388905906906,-0.1231482999434,-0.0897283320641,0.1396322574299,0.3064036390141,0.3087975177532,-0.2405299050520,-0.1386820882426,0.3498865998325,0.4385337790764
0.6009387211376,0.2797717720677,0.1574889343034,0.4605679361282,1.0000000000000,-0.1083985830651,0.0628925773376,0.2662919741170,-0.0824155263961,0.4827496389548,0.3695104710680,-0.1404031856080,0.5220959988810,0.0269833500564,0.2096006755406,0.0283426695641,0.2847666900662,0.3062629138700,-0.2158001248042,0.1842821543472,0.5052416394057,0.2942759453221,0.5366399414074,0.2643762638824,0.5858247523127,0.3236251977969,0.0586394419204,0.1210469528023,0.3245394995318,0.3871539139676,0.3650925495795,0.1215702327120,-0.1751292783908,0.3479474978548,0.3718927346283,0.4896270676250,0.2794247841477,-0.1129186155606,0.3913577931505,0.9106923359248,-0.1634008395036,0.0507225979604,0.3130840224292,-0.2032831322470,0.4331578005664,0.4580237796587,-0.2244426836999,0.5109850300320,-0.0763823380017,0.1565303877450,0.0102868321414,0.3464863815008,0.1453553574496,-0.2171884779351,-0.1067569064550,0.5898103790223,0.1182401324772,0.4019759068059,0.0307084254059,0.5853868103164,0.1181175736115,-0.0360341126519,-0.0377464927038,0.2824028987929,0.2491231583461,0.2263437072428,0.0551433517039,-0.0199629168430,0.1002838733670,0.2343144666062
-0.0559493725994,-0.0881395031475,-0.1404356906688,-0.0940144105729,-0.1083985830651,1.0000000000000,0.5212965812677,-0.0384473705719,0.4625613162277,-0.0720913585641,-0.0609969691879,0.2845737182931,0.1474269943530,0.3886568380947,0.2217712010738,0.5276996902206,-0.0844516701395,-0.0390705848086,0.3074689222151,-0.1048275220019,0.0859185147547,-0.1266301164644,-0.0713604557187,-0.0573918261556,-0.1629537542277,-0.1462532948235,0.0420932651824,-0.0460036282604,-0.1134909764314,0.3129937826986,-0.1668549919487,-0.0989887287064,0.7457721202483,0.0485398549450,0.0618163402833,-0.0962482632081,-0.1930607319862,0.0022604661494,-0.0869308128566,-0.1335395225494,0.6791088348789,0.4540976062918,-0.1109834092430,0.2919613627169,-0.0557417650076,-0.1423133107730,0.3222806696148,0.1860035837488,0.2852636866923,0.1358625336586,0.4787135521844,-0.0268483394720,-0.0556298988157,0.3129271011808,0.1329764687850,0.0937215114637,-0.0548379701703,-0.0792504028094,0.0071778685999,-0.0937709416213,-0.1546839084073,0.1268740848736,-0.0325615636463,-0.0587962541879,0.1636152002072,-0.1614300096416,-0.1844742568945,0.6320950015509,0.0782403788248,0.1965800766054
0.0066619140613,-0.1754787723917,-0.1333788413732,0.0696698872912,0.0628925773376,0.5212965812677,1.0000000000000,-0.0490471732365,0.7434065668234,-0.0337600340010,0.2225447463124,0.2004263495067,0.5428164177781,0.1473048412433,0.3479857709087,0.6448951260384,-0.0023131299428,-0.0929548721398,0.2157361303152,-0.1433395639642,0.1401232706029,-0.0334969614058,-0.0489456952122,-0.0764838203541,-0.0512495238165,-0.2138331010373,-0.1444925703205,-0.2011010214795,-0.1024796296534,0.3291825421303,-0.1047884251239,-0.0661850792617,0.3488992650757,0.0607369936396,-0.0571283809690,-0.0168714168649,-0.3718422713346,0.0314482546174,-0.0161619443035,0.0498029560762,0.4678823566092,0.8114025474331,-0.1566998468371,0.4238943213125,-0.0415928417928,0.1664105057839,0.1518304827147,0.5509045489283,-0.0646862873365,0.1654684783213,0.5535513358669,-0.0610607745440,-0.1776337865950,0.1184802187433,-0.1444814123275,0.2252285312872,0.1106192954264,-0.0912550813979,0.0230754448752,-0.0510715668252,-0.3766031093879,-0.1749383070971,-0.2007583151258,0.0343341615610,0.2037391233467,-0.0799939402079,-0.2156475457001,0.3961950887347,0.0915880205241,0.2106551072783
0.2215697684681,-0.1201476192648,0.3451348405442,0.0840124917043,0.2662919741170,-0.0384473705719,-0.0490471732365,1.0000000000000,0.0424586808650,0.3226639500069,0.4628366925230,-0.0545683782082,0.1413539949606,0.3346877025815,0.2428615480174,0.1870626941699,0.0338940999536,0.0797517270355,-0.1380413864519,0.1628794047747,0.0872411204298,0.1217276299662,0.1108841955086,0.0292542461957,0.2941515446995,0.3520564676041,0.3720419017489,0.3240529749030,0.3223439267185,0.1471252651072,0.1568139417753,0.4030633429671,0.0358721757432,0.0134405931494,-0.1057930252106,-0.0546614189089,-0.1160664828082,0.1737098240815,0.0007381132548,0.2985393633399,-0.1167409514540,-0.0957169810143,0.5209658244993,-0.1630273872632,0.2348992070399,0.3613597570144,-0.2038102204727,0.1062095801477,0.2370941828449,0.0051536453863,0.0318870718869,0.0867196140695,-0.3006815727489,-0.1428504050798,-0.3107450415819,0.1151990025036,-0.1338924454903,-0.1707041498086,-0.1489528811710,0.1906268633017,0.1020132264826,0.1885752993803,0.1540134170738,0.2586927904424,-0.0223757617664,-0.2197901536355,0.3322481371084,0.0249963220842,-0.1344132034999,-0.1657429764674
-0.0584196582516,-0.2590887376341,-0.1635845380312,-0.1214817738936,-0.0824155263961,0.4625613162277,0.7434065668234,0.0424586808650,1.0000000000000,-0.2866907015281,0.2688612592476,0.4636552871263,0.1800964778807,0.3006937959861,0.5241664194649,0.6040779494237,-0.1313253274440,-0.2138022223877,0.4147403151302,-0.1346825265784,-0.0046083949420,0.0074830566478,-0.2382920318513,-0.1078204623772,-0.2113834649015,-0.1749223964653,-0.0841344054300,-0.0719458392919,0.1148823838063,0.2398811597082,-0.0505647323807,-0.1131315548271,0.3777290999635,-0.0586030325514,-0.1058129884576,-0.1702858691439,-0.5185775684403,0.0433907737343,-0.1989539016177,-0.0764532580793,0.4990872165582,0.6139217187406,-0.1349618370559,0.5822478661661,-0.2991218923834,0.0933673517698,0.3271415226727,0.1087838593087,0.1021992080457,0.1071575591170,0.5674374106563,-0.1486885733904,-0.3800358942280,0.1706060869629,-0.2738395990692,-0.0051849694371,-0.0301229045254,-0.3295202727722,-0.0492573792025,-0.2867918764249,-0.3029128131843,-0.2565527729084,-0.0352635318622,0.0403036227084,-0.0611111213583,-0.1568045599685,-0.1958568397805,0.2981677166942,-0.0708479672045,0.0595599306854
0.3669465790799,0.2602409474665,0.3674592619361,0.5861996738740,0.4827496389548,-0.0720913585641,-0.0337600340010,0.3226639500069,-0.2866907015281,1.0000000000000,-0.0281474983216,-0.2026816370936,0.4340409851502,0.1401817589715,0.0648720951886,0.1621572378398,0.2724453220424,0.2425616464192,-0.2036465236104,0.0573784012706,0.4616104179764,0.0900953312300,0.6142582252302,0.1706744694952,0.7227238043627,0.5045622263624,0.1243290188589,0.1850200934319,-0.0520774495596,0.2178599180033,0.0895308741255,-0.0092577818937,-0.1819418213012,0.3631331517062,0.2265364256047,0.2974909775345,0.3815173919657,-0.1042134914660,0.4784274714597,0.3831383844935,-0.2022759870017,-0.0876955632514,0.2463483532911,-0.3649541742977,0.8515484118352,0.1186018009080,-0.2604594195822,0.4286527810926,0.0761989804678,0.1023353082669,-0.0043059551983,0.2138506587095,0.0729638730374,-0.3134164843060,-0.0398425901420,0.4744784807066,-0.0397522072772,0.4874570529673,-0.1109186051924,0.6232499146739,0.2801629167880,0.0079913762662,-0.0854297370368,-0.0737106211868,0.1955965493089,-0.0332321127463,-0.0902668294888,-0.0594448514050,0.2600908299783,0.0682536125386
0.2098230032364,-0.0459765403473,-0.1117002473539,-0.0121163548437,0.3695104710680,-0.0609969691879,0.2225447463124,0.4628366925230,0.2688612592476,-0.0281474983216,1.0000000000000,-0.1529269758432,0.3360492832263,0.0686288052628,0.4334231545814,0.0557592728485,-0.0380480842787,0.0022315357546,-0.3211775935790,0.1911040862029,-0.1074160692132,0.1222528129901,-0.0005638416800,-0.0527349211030,0.0789698706480,0.2991044619607,0.2516079081594,0.0362364872068,0.2699482700656,0.3076716636838,0.1495393336020,0.5906458209151,-0.0455079796327,0.0321037425534,-0.0722153291627,0.0282026014659,-0.2459299719265,-0.0537745062837,-0.1142142836605,0.4991401191031,-0.0556394723958,0.0810834083588,0.2770946378827,-0.0171742798065,-0.1092539867681,0.7156864899453,-0.3302359886359,0.2596120511352,-0.1095729118014,0.0129363770238,-0.0333344170194,-0.0585134478177,-0.2889917203210,-0.2503003694695,-0.4319319211504,-0.0380639368687,-0.1230622876188,-0.2172428074813,-0.2019684433965,0.0080507508376,0.0100148024839,0.1034677541039,-0.0116524962698,0.3497392211708,-0.0172169820692,-0.0671520731260,0.4936040350087,-0.0773818109455,-0.1370776342478,-0.0491575433914
-0.1366221935757,-0.0695043116622,0.1084006888730,-0.0327494738691,-0.1404031856080,0.2845737182931,0.2004263495067,-0.0545683782082,0.4636552871263,-0.2026816370936,-0.1529269758432,1.0000000000000,-0.0950778671333,0.7279538809587,0.3275074002428,0.2894270072832,-0.2592877632317,-0.0895436034231,0.8640756096759,0.0467218879666,0.0519275978220,-0.0091650026901,-0.2298453949020,-0.0416325011957,-0.1936650152206,-0.0722267315048,0.1684589920065,0.2505953709526,0.1184822847431,0.1129774229919,-0.0091059963199,-0.5449982991389,0.3655273506190,-0.1481974775589,-0.0096505350985,-0.2307651993385,-0.2312653305528,0.0353093157222,-0.0336362638693,-0.2128764118368,0.3296504257721,0.1567738740368,-0.0929001488043,0.3345957149423,-0.2166492773700,-0.2339990406455,0.8011470196504,-0.1549835351992,0.6075418576096,0.0208297849925,0.3243839354791,-0.1328699638332,-0.2324104580858,0.5644854028621,0.0799727097108,-0.0128144137120,-0.1102478580663,-0.2734914788471,-0.0558437944105,-0.2051607088402,0.0074276065082,-0.0572043478356,0.2754425580989,-0.0717677960629,-0.1887669928190,-0.1972179757430,-0.5290267269803,0.3342774840885,-0.2067043504129,-0.0964447847805
0.4134736611344,0.1470620772257,0.0602066561643,0.4386810932823,0.5220959988810,0.1474269943530,0.5428164177781,0.1413539949606,0.1800964778807,0.4340409851502,0.3360492832263,-0.0950778671333,1.0000000000000,0.1077722916355,0.2861127778203,0.2805506272996,0.2318577502591,0.3323069861204,-0.1747771816468,0.2373234035546,0.4773971501147,0.2164926433414,0.3930477469467,0.1655879944743,0.3722464784426,0.1466055491163,0.0411349616093,-0.0559775862072,0.1833852395277,0.5598966933076,0.1460685219634,0.1316427023048,0.0554499110808,0.3761536512532,0.2325163870734,0.3394660062510,0.0040457955072,-0.1581265926255,0.2952995870704,0.4852944663812,0.0108819111271,0.3546865758227,0.1185193816702,-0.0924954681221,0.3909113716365,0.4203924369429,-0.2391690267689,0.8410840400422,-0.1962655506819,0.0831515577911,0.1313223576014,0.2465168643330,0.0597871229550,-0.2511828958024,-0.1441352209418,0.5337853297637,0.1677099452193,0.2738306163683,-0.0344338753648,0.3786521097319,-0.1271588160657,-0.1000452299648,-0.2667028891547,0.3090404746822,0.3937238187907,0.0822194321245,-0.0591397703049,0.1638876973410,0.2897899830131,0.2490186909165
0.0163054134754,-0.0115864251305,0.1893454330215,0.0183177939163,0.0269833500564,0.3886568380947,0.1473048412433,0.3346877025815,0.3006937959861,0.1401817589715,0.0686288052628,0.7279538809587,0.1077722916355,1.0000000000000,0.3781844606391,0.3818153715724,-0.2149640843827,0.0166355640621,0.5951213398392,0.1727642907859,0.1271334080091,-0.0356206825857,-0.0723403219178,-0.0660190783589,0.0051794293185,0.2941555251211,0.3849281841187,0.3770736517923,0.1724934132061,0.2717956466028,-0.0815665323103,-0.1657620895910,0.5127318260888,-0.0560521863055,-0.0018573013875,-0.2073510777145,-0.1803953071335,-0.0319115373542,0.0162216453229,-0.0387421658473,0.3258994475920,0.0536605909050,0.1282265552986,0.1210247335471,0.0334820216442,-0.0323941250788,0.4979138029812,0.0232622828655,0.7647975129711,-0.0189546958226,0.3219661979318,-0.0605798363879,-0.2969245419891,0.3765006462186,-0.0746548772283,0.0657754460942,-0.2166142726321,-0.2525706002868,-0.1820697569983,-0.0373914387350,0.1398819854034,0.1525936283680,0.2557968426743,0.0490666262399,-0.1003244588686,-0.3817777474749,-0.1981852801269,0.5050965634224,-0.1685356017788,-0.1184971361526
0.4086414275290,0.0617370901176,0.1825496125940,0.0643981682018,0.2096006755406,0.2217712010738,0.3479857709087,0.2428615480174,0.5241664194649,0.0648720951886,0.4334231545814,0.3275074002428,0.2861127778203,0.3781844606391,1.0000000000000,0.2779012010997,-0.0519194798281,0.1787514475863,0.2606775694749,0.3578944573906,0.0069949642561,0.1637573554002,0.0116925055965,0.0199468960761,0.0659731321618,0.3440180009999,0.3102760118550,0.3768648230042,0.1286187495675,0.5973892250877,0.1434674652055,0.1719884293402,0.2336002027570,0.0983955693858,0.0661965386292,0.0427956808278,-0.1675190395109,-0.1290916888245,-0.0755451420790,0.2114136028809,0.1567573850327,0.1088669325411,-0.0247410598047,0.1156549791570,-0.1462548204066,0.1377775922036,0.0811073395596,0.1496748635707,0.1862925295475,0.4025931559088,0.1101118749998,-0.0284728271970,-0.2889097093783,0.0985192340652,-0.3137133217724,-0.0113027781835,-0.1393424260266,-0.2510068105583,-0.2022635021742,-0.1524583406763,0.1672558917104,-0.1033637994416,0.1922352970863,0.0228994947913,0.0785272100305,-0.3063753589859,0.0599553153278,0.1457633388610,-0.0986727315196,0.0221558050616
-0.0492634449610,-0.2250547483049,-0.0489333414999,0.0544948655207,0.0283426695641,0.5276996902206,0.6448951260384,0.1870626941699,0.6040779494237,0.1621572378398,0.0557592728485,0.2894270072832,0.2805506272996,0.3818153715724,0.2779012010997,1.0000000000000,-0.0768620009303,-0.2060424625179,0.3110892652180,-0.2512708814560,0.1535853944051,-0.1449913288970,-0.0529330257721,-0.1391539175005,0.0336790285477,-0.0065168890066,-0.1354313422136,-0.0840311725741,-0.0881771076094,0.2456884224382,-0.2419494873354,-0.1169302573492,0.3704186464456,0.0814338351993,-0.0547314107050,-0.0941386751193,-0.3102727279886,-0.0078172103479,0.0721062795648,-0.0109922846037,0.4822927819432,0.5705881431772,-0.0077210680282,0.3897524990736,0.1299290417264,-0.0060608375684,0.2754997261154,0.3327287848226,0.3363762421205,0.2614892464371,0.6982653007521,-0.0854086333242,-0.2262978726087,0.2184657639380,-0.0366194538310,0.2049274513253,-0.1228069646142,-0.1143334568684,-0.1081572438319,-0.0022611031697,-0.1265072790534,-0.1646951102561,-0.1163984032384,-0.1088126137756,0.1566289518759,-0.2689402502505,-0.2095201192488,0.3655699864080,0.0950858829884,0.1381972686773
0.3992296638973,0.3878604642277,0.4415026331532,0.3834337162002,0.2847666900662,-0.0844516701395,-0.0023131299428,0.0338940999536,-0.1313253274440,0.2724453220424,-0.0380480842787,-0.2592877632317,0.2318577502591,-0.2149640843827,-0.0519194798281,-0.0768620009303,1.0000000000000,0.5108655332662,-0.2520787135430,0.2162271314911,0.4368350614590,0.5880811289444,0.5490603792423,0.6629877208148,0.4713719352512,0.1512787676957,0.0896365665073,0.2717087124444,0.1842454518886,0.2956864524752,0.5242994418579,-0.0733822315694,-0.2189610449145,0.3693427672182,0.4023208226356,0.4337522602039,0.4054262933734,0.1848021129293,0.3065207283599,0.2083286007141,-0.3553909284270,-0.0871784962874,-0.0010125918910,-0.3245919460242,0.2779437478261,0.0661603891117,-0.3366571515173,0.1901558403347,-0.3964267723672,-0.0758446854534,-0.2215582486508,0.8072838834295,0.3473793937267,-0.3778410519656,-0.0208295326740,0.4126566147327,0.5069445755096,0.5518013131265,0.4695501893131,0.4061240272444,0.0534121624855,-0.1364590774805,0.1310885743804,0.1932813938214,0.2559289984705,0.4384210843620,-0.1660574397224,-0.2749034363168,0.2098777469426,0.3184640806133
0.5490645601565,0.5139871231380,0.4058333475857,0.5088524519333,0.3062629138700,-0.0390705848086,-0.0929548721398,0.0797517270355,-0.2138022223877,0.2425616464192,0.0022315357546,-0.0895436034231,0.3323069861204,0.0166355640621,0.1787514475863,-0.2060424625179,0.5108655332662,1.0000000000000,-0.1233654042161,0.7150275526260,0.3854240117330,0.5208443607176,0.5829896898827,0.6669837986808,0.2975039390685,0.2216689411780,0.3498880852735,0.3372429923684,0.2637265600777,0.5821207368750,0.5882592864324,0.0385291084376,-0.0739363646298,0.5278292369681,0.5963642072648,0.5071300200873,0.5077960612493,-0.0480952776499,0.4146669684994,0.2509539047306,-0.3114912563263,-0.2323517640651,-0.0005000784483,-0.4882824741971,0.2231723243322,0.0263492928253,-0.2487212946607,0.2844114877844,-0.2413970145670,-0.0544507884974,-0.4034034945709,0.5615752016695,0.5903077461482,-0.2535528194721,0.2219200298180,0.3633419051914,0.3945653968541,0.5505544427183,0.3601709422286,0.2614455202604,0.1612354846803,0.0594913210242,0.0830897185421,0.2352499802463,0.3826092391133,0.4123066749942,-0.0315190825448,-0.0871509137715,0.2747230747755,0.4226461042253
-0.2681277600274,-0.1324091358837,0.0876515019453,-0.1035285174289,-0.2158001248042,0.3074689222151,0.2157361303152,-0.1380413864519,0.4147403151302,-0.2036465236104,-0.3211775935790,0.8640756096759,-0.1747771816468,0.5951213398392,0.2606775694749,0.3110892652180,-0.2520787135430,-0.1233654042161,1.0000000000000,-0.0889192876067,-0.0024735053098,-0.2253617701838,-0.2396483096329,-0.1824752206104,-0.2105499911979,-0.1824526159526,0.1102504995857,0.2207840644287,-0.1068741576758,-0.0080350499654,-0.1006355231582,-0.5934654914689,0.3130526439379,-0.1717548052194,-0.1642778396188,-0.2738773429711,-0.1721034416221,0.0492877351766,-0.0575537443372,-0.2677249415360,0.3719014851855,0.1593042169602,-0.2150587390750,0.2770257594707,-0.2302050702581,-0.4194312751531,0.7998535445199,-0.1163283422536,0.5625363552584,0.0843046132427,0.3031836977436,-0.1590959749602,-0.1765792730261,0.6512177821412,0.2058363062757,-0.0220909727669,-0.1559953091773,-0.2302411017692,-0.0918258698656,-0.2401657119221,0.0220548834453,0.0393007575227,0.2685854915535,-0.2600579972247,-0.1532335738593,-0.2746294838079,-0.5399483534401,0.3833029979165,-0.1498781610746,-0.0754207900833
0.4416070279813,0.4029428917934,0.3129374380992,0.3131624947467,0.1842821543472,-0.1048275220019,-0.1433395639642,0.1628794047747,-0.1346825265784,0.0573784012706,0.1911040862029,0.0467218879666,0.2373234035546,0.1727642907859,0.3578944573906,-0.2512708814560,0.2162271314911,0.7150275526260,-0.0889192876067,1.0000000000000,0.1430678099316,0.4676381317455,0.2313803309515,0.4698180207230,0.0672520160296,0.3773507786903,0.5133310857371,0.3354109966365,0.3422799082597,0.5224253392542,0.3868055423326,0.2118577372474,-0.0010089933640,0.3359003862669,0.4633868491138,0.2227314532089,0.3034346427569,-0.1374774827116,0.2579455537103,0.1693457369970,-0.3361491036693,-0.3574015954490,0.0913971114252,-0.4444210752377,0.0092979886332,0.1011346753382,-0.2056174347416,0.1167194249548,-0.0480710007874,-0.0947240992576,-0.4329412309057,0.2623748205977,0.3096168033611,-0.1856701724510,0.0343334681138,0.0851471592438,0.2451401607042,0.1386547265903,0.1732155251196,-0.0019628327056,0.3073378514575,0.1091063749787,0.1079306906925,0.3216825045324,0.1594415052088,0.1984184508727,0.1818152061912,-0.0937408898080,0.0906830597358,0.2622578505513
0.5325396696045,0.2370756749849,0.3211335384489,0.4561146237021,0.5052416394057,0.0859185147547,0.1401232706029,0.0872411204298,-0.0046083949420,0.4616104179764,-0.1074160692132,0.0519275978220,0.4773971501147,0.1271334080091,0.0069949642561,0.1535853944051,0.4368350614590,0.3854240117330,-0.0024735053098,0.1430678099316,1.0000000000000,0.3553859788784,0.4662721303296,0.4274527267552,0.3881476411861,0.1185258764590,-0.1229779689406,0.0838115785439,0.1280386857530,0.3087867097836,0.2879347009093,-0.3512586421060,0.0180589881931,0.2825846292580,0.5158046857694,0.4585029992620,0.3143596407450,-0.0264588298774,0.4600020063340,0.4179347760983,-0.1546516777219,0.0958280572985,0.1484000701022,-0.1835499124255,0.5114150420030,0.2192676303083,-0.0051308700529,0.3602614150750,-0.0303313680121,0.0779367586231,0.1334943593120,0.4205742596565,0.2528475030090,-0.2022228683118,0.0018872223894,0.9192276929640,0.2602145768188,0.4418023585380,0.2289419183523,0.4724236769123,0.0044283251109,-0.3074123159649,-0.0940735542724,0.0201897226287,0.2535637749177,0.3177988664807,-0.4250980340911,0.0719449724227,0.1756327433701,0.3929993698737
0.4398985483545,0.4874669987789,0.5050370773510,0.4260965478218,0.2942759453221,-0.1266301164644,-0.0334969614058,0.1217276299662,0.0074830566478,0.0900953312300,0.1222528129901,-0.0091650026901,0.2164926433414,-0.0356206825857,0.1637573554002,-0.1449913288970,0.5880811289444,0.5208443607176,-0.2253617701838,0.4676381317455,0.3553859788784,1.0000000000000,0.4333211457619,0.8629799444799,0.1951050912289,0.2623725417365,0.2073650506631,0.3684565893637,0.5133535119551,0.3894532109045,0.6670691105573,-0.0165674557119,-0.1258009372680,0.3881511312238,0.5191454356753,0.2666024632504,0.3390221154660,0.0079004306065,0.3554294756296,0.2162340462149,-0.3900188095088,-0.0747175045920,-0.0508819533288,-0.1502626127595,0.0809591651129,0.1530979755944,-0.2063737293308,0.0751244009890,-0.2232426383582,-0.0962721147407,-0.1957213463562,0.5910198189825,0.1719518623224,-0.2916855115728,-0.1949736669481,0.2965621944436,0.6367610641045,0.3225545196896,0.5308092966774,0.1024448285302,0.1496236710863,-0.2881996042895,0.1433603392444,0.3461406571574,0.1652312442522,0.3857478934610,-0.1052276941619,-0.2852752851404,0.1070984570118,0.2533820912946
0.5131405869636,0.6095773188915,0.3860825908729,0.7366883531298,0.5366399414074,-0.0713604557187,-0.0489456952122,0.1108841955086,-0.2382920318513,0.6142582252302,-0.0005638416800,-0.2298453949020,0.3930477469467,-0.0723403219178,0.0116925055965,-0.0529330257721,0.5490603792423,0.5829896898827,-0.2396483096329,0.2313803309515,0.4662721303296,0.4333211457619,1.0000000000000,0.5840176618764,0.6120585349082,0.3464408567155,0.1431686170178,0.2401680829586,0.2671777079879,0.4315184460887,0.5404877789076,0.0130837018915,-0.2285031991548,0.5872406968019,0.5646458355047,0.5764312056173,0.6118798418168,-0.1102982542492,0.6349962085926,0.4334536322367,-0.2824645793608,-0.1130202984586,0.0301074763515,-0.4363714915072,0.5890847683788,0.0759734195243,-0.2747920604651,0.4006782463385,-0.1980622958141,0.0028498188711,-0.1988607443551,0.6401297385179,0.3974954861708,-0.3168660122566,0.1223200899308,0.4957109375941,0.2665367329922,0.8387876839039,0.2566899405611,0.5646703489430,0.2240014302715,-0.0378462926622,-0.0842926351899,0.1562888085795,0.4229473390660,0.3423242250911,-0.1152258882018,-0.1242446729740,0.3697644142250,0.4312930001724
0.4383314483297,0.6124965375424,0.5712190708819,0.5522654801924,0.2643762638824,-0.0573918261556,-0.0764838203541,0.0292542461957,-0.1078204623772,0.1706744694952,-0.0527349211030,-0.0416325011957,0.1655879944743,-0.0660190783589,0.0199468960761,-0.1391539175005,0.6629877208148,0.6669837986808,-0.1824752206104,0.4698180207230,0.4274527267552,0.8629799444799,0.5840176618764,1.0000000000000,0.2289872893520,0.2226476533872,0.2002804623550,0.3824241212540,0.3780412029983,0.3838500438552,0.6668797247528,-0.1188773618854,-0.1286311762758,0.4523928371391,0.6455137758225,0.4149717714246,0.4966150149871,0.0362100988580,0.5107102246613,0.1692794168884,-0.3751776638477,-0.1039359442385,-0.0816500506163,-0.2821803680100,0.2063814960881,0.0137518951993,-0.1549719346967,0.1106781754491,-0.2403845643251,-0.0914035051118,-0.2268842579884,0.6871566055088,0.4292247012422,-0.2767310341058,0.0243775375334,0.3812930831078,0.5755262197199,0.5415050354085,0.6075265951502,0.2139071552538,0.1609807623734,-0.2095806752105,0.1421787090889,0.2142778109685,0.2611813137181,0.4695436966587,-0.2035151403036,-0.2338575276179,0.1862864263780,0.4292228127329
0.4117075111762,0.3457393141657,0.3945925967294,0.5505491631259,0.5858247523127,-0.1629537542277,-0.0512495238165,0.2941515446995,-0.2113834649015,0.7227238043627,0.0789698706480,-0.1936650152206,0.3722464784426,0.0051794293185,0.0659731321618,0.0336790285477,0.4713719352512,0.2975039390685,-0.2105499911979,0.0672520160296,0.3881476411861,0.1951050912289,0.6120585349082,0.2289872893520,1.0000000000000,0.4294125302324,0.2226779523026,0.2235955574230,0.2661494527346,0.2551193271459,0.3909274439455,-0.0168307887758,-0.2627164970781,0.3469703044818,0.2723300359984,0.3431977475354,0.3862814529160,0.0485748766601,0.4191078972901,0.4885434602039,-0.2979469528379,-0.1443550975768,0.2491821974259,-0.3628171856079,0.6118450292344,0.1226340986860,-0.2866687648481,0.2991112373835,-0.1646644598881,0.0052894784979,-0.1031841705812,0.4018377354607,0.1172081177727,-0.3516787168666,-0.1126807229719,0.3843761891359,0.0667772290716,0.4883282262766,-0.0099477102380,0.8478040266512,0.2177227659615,0.0395193001307,0.0523896323900,0.2495611513233,0.1104644750463,0.1716803330191,-0.0794383874245,-0.1654952629610,0.1569401522705,0.1308377606232
0.3311693925639,0.5255162224507,0.3850476841040,0.4160121660837,0.3236251977969,-0.1462532948235,-0.2138331010373,0.3520564676041,-0.1749223964653,0.5045622263624,0.2991044619607,-0.0722267315048,0.1466055491163,0.2941555251211,0.3440180009999,-0.0065168890066,0.1512787676957,0.2216689411780,-0.1824526159526,0.3773507786903,0.1185258764590,0.2623725417365,0.3464408567155,0.2226476533872,0.4294125302324,1.0000000000000,0.5404727214625,0.5527464718529,0.2141567824987,0.2770722570364,0.2027295705873,0.2485472987351,-0.1365645651854,0.1637654343491,0.3356519178163,0.0654298667925,0.3902616316158,-0.1622754074938,0.3910154325090,0.2996328164833,-0.2710915778076,-0.3528123314910,0.0934257644400,-0.3326898358413,0.3013334432958,0.1442923604810,-0.2547376926024,0.0308243853525,0.2093334166814,0.0155694439043,-0.1689855387912,0.1315962712308,-0.0626118782988,-0.2770782087843,-0.2299952535884,0.0663294618592,-0.2019560702531,0.0988402173956,-0.1814685293821,0.2260008906161,0.7406838049439,0.1093536636198,0.2726569103402,0.0927045700165,-0.0693116049331,-0.2238647838899,0.1904441101617,-0.1853973942348,-0.0413283165498,0.0963675541742
0.0974682354066,0.4139575484339,0.4364744644977,0.1560264131888,0.0586394419204,0.0420932651824,-0.1444925703205,0.3720419017489,-0.0841344054300,0.1243290188589,0.2516079081594,0.1684589920065,0.0411349616093,0.3849281841187,0.3102760118550,-0.1354313422136,0.0896365665073,0.3498880852735,0.1102504995857,0.5133310857371,-0.1229779689406,0.2073650506631,0.1431686170178,0.2002804623550,0.2226779523026,0.5404727214625,1.0000000000000,0.6263278505306,0.2366279623385,0.2557120866611,0.2693327782329,0.2492148734350,0.0886075434945,0.0654910735906,0.1157366904220,-0.1608328823438,0.2331073028669,-0.0706542560105,0.0834548576773,0.0257615577957,-0.1075551815773,-0.3042103142311,0.0311335194066,-0.2208406912338,-0.0718409034600,-0.0467561358025,-0.0033622607539,-0.0218491234292,0.1791369774430,-0.1518440205145,-0.2764900849743,0.1096269006401,-0.0820964817331,0.0406742089569,-0.1307070608225,-0.1653247483602,-0.1684227426418,-0.0736320731191,-0.1713083695933,0.0474820763996,0.4320499933988,0.5239651053225,0.3810163125606,0.1618909692560,-0.1896462256372,-0.2319179930570,0.2120621142765,-0.0204526252996,-0.1952645850122,-0.0500443263516
0.2253779588148,0.4574678673731,0.7147486375145,0.1688379514656,0.1210469528023,-0.0460036282604,-0.2011010214795,0.3240529749030,-0.0719458392919,0.1850200934319,0.0362364872068,0.2505953709526,-0.0559775862072,0.3770736517923,0.3768648230042,-0.0840311725741,0.2717087124444,0.3372429923684,0.2207840644287,0.3354109966365,0.0838115785439,0.3684565893637,0.2401680829586,0.3824241212540,0.2235955574230,0.5527464718529,0.6263278505306,1.0000000000000,0.2411322873063,0.1904101961644,0.3468852586520,-0.0326158847067,-0.0400967814051,0.0331793507555,0.1438059078605,-0.0367116488618,0.3373411888374,0.1346184351866,0.1661624591110,0.0586090809832,-0.2043270114498,-0.3064473255878,-0.0644394251934,-0.2043471753542,-0.0319037978608,-0.1894789563396,0.0774894467599,-0.1472674492264,0.2310479340836,-0.0046999954404,-0.1885201960643,0.3265029589082,-0.0592381965282,0.0652665265579,-0.1565344674791,0.0200984079703,-0.0776792027175,-0.0212091559430,0.0810431499723,0.0234683136694,0.4694649828881,0.1135772955642,0.7611548280488,0.0217105956653,-0.1744338574420,-0.2986793749588,-0.1143565011878,-0.1435631454574,-0.2256880247142,-0.1072936419931
0.2793821708686,0.2353645156586,0.1411388121557,0.2171870325527,0.3245394995318,-0.1134909764314,-0.1024796296534,0.3223439267185,0.1148823838063,-0.0520774495596,0.2699482700656,0.1184822847431,0.1833852395277,0.1724934132061,0.1286187495675,-0.0881771076094,0.1842454518886,0.2637265600777,-0.1068741576758,0.3422799082597,0.1280386857530,0.5133535119551,0.2671777079879,0.3780412029983,0.2661494527346,0.2141567824987,0.2366279623385,0.2411322873063,1.0000000000000,0.2681327489055,0.5211376034300,0.1799736980366,-0.0556760171586,0.1778445423874,0.2957787246274,0.1341280655836,0.0540089120732,-0.0746132363480,0.1423374662224,0.3008299282340,-0.2177433378509,-0.1144484621973,0.1896770908129,-0.1190193327798,-0.0560219370581,0.2592285546223,-0.1358932388245,-0.0194530383548,-0.0642602559260,-0.2932311050598,-0.1353655906286,0.3744901385180,-0.0283056284512,-0.2143543301562,-0.2253897326955,0.0781359605044,0.1965361143027,0.0629841959656,0.1957670091595,0.1870446344474,0.0542157337239,-0.1277478113198,0.1110824148433,0.7493847716180,-0.0518306232587,0.1732830124747,0.0991166729224,-0.1488131172239,-0.0810824677677,0.0411762624749
0.6275062777860,0.3435572442740,0.1176554406645,0.3876761588540,0.3871539139676,0.3129937826986,0.3291825421303,0.1471252651072,0.2398811597082,0.2178599180033,0.3076716636838,0.1129774229919,0.5598966933076,0.2717956466028,0.5973892250877,0.2456884224382,0.2956864524752,0.5821207368750,-0.0080350499654,0.5224253392542,0.3087867097836,0.3894532109045,0.4315184460887,0.3838500438552,0.2551193271459,0.2770722570364,0.2557120866611,0.1904101961644,0.2681327489055,1.0000000000000,0.4129024357643,0.1703499792982,0.2271302008687,0.5678338686589,0.5233639545762,0.4542033761706,0.1373022808850,-0.1633879067691,0.2333199371383,0.3401509806645,0.0076040718923,0.0767624010912,0.0241367890911,-0.2261534770362,0.1583437558077,0.1792594934356,-0.1357440859450,0.4460858745860,-0.0621089052901,0.1913264774648,-0.0352673946156,0.3722368502038,0.2394187528894,-0.1138091042481,0.0253475081361,0.3077400324852,0.2015488911883,0.2647943574946,0.1005080192460,0.1970916145206,0.1041470491670,-0.0393445786585,-0.0404102643294,0.2821477778099,0.5671716481087,0.1945173630003,-0.0117400380715,0.1723500390960,0.3343007127554,0.5052890049364
0.3995610317304,0.4986552839415,0.4583935199069,0.4432457950961,0.3650925495795,-0.1668549919487,-0.1047884251239,0.1568139417753,-0.0505647323807,0.0895308741255,0.1495393336020,-0.0091059963199,0.1460685219634,-0.0815665323103,0.1434674652055,-0.2419494873354,0.5242994418579,0.5882592864324,-0.1006355231582,0.3868055423326,0.2879347009093,0.6670691105573,0.5404877789076,0.6668797247528,0.3909274439455,0.2027295705873,0.2693327782329,0.3468852586520,0.5211376034300,0.4129024357643,1.0000000000000,-0.0443264976272,-0.2298254661429,0.4788085625007,0.5309808997460,0.3981743291139,0.4269364243238,-0.0351793254336,0.3478868567099,0.3576804508467,-0.4024271981189,-0.1757090238464,-0.0512667739074,-0.3205009531834,0.0700861510774,0.1165106707344,-0.1430153008200,0.0683487319422,-0.2949842962652,-0.0791920127235,-0.3910807120836,0.5928243696200,0.3136421461987,-0.2136511354351,0.0365096419817,0.2803530398843,0.3980593534184,0.4341794663805,0.3006254804273,0.2834671023099,0.2033732798549,-0.0957488523645,0.1433686917043,0.2867747636655,0.2682347100343,0.5145225473099,-0.0880985993254,-0.2764060177614,0.1871228443440,0.3976100303958
0.1564305564014,-0.0267166978396,-0.1923091728958,-0.1514659869318,0.1215702327120,-0.0989887287064,-0.0661850792617,0.4030633429671,-0.1131315548271,-0.0092577818937,0.5906458209151,-0.5449982991389,0.1316427023048,-0.1657620895910,0.1719884293402,-0.1169302573492,-0.0733822315694,0.0385291084376,-0.5934654914689,0.2118577372474,-0.3512586421060,-0.0165674557119,0.0130837018915,-0.1188773618854,-0.0168307887758,0.2485472987351,0.2492148734350,-0.0326158847067,0.1799736980366,0.1703499792982,-0.0443264976272,1.0000000000000,0.0106628575058,0.0586115855212,-0.0962568785557,-0.0060264537145,-0.0992547694613,-0.1971076303406,-0.2075986064341,0.2112753823850,-0.0736593624721,-0.1049727375976,0.1822295074615,-0.1589911683250,-0.1062229997887,0.3890701938043,-0.5948704735901,0.1151169870053,-0.1706750366849,0.0063443966015,-0.2028835674964,-0.0762626384860,-0.1215936995170,-0.2638959768862,-0.2858022931870,-0.2884814090126,-0.1297568491533,-0.1588714441295,-0.2221383735372,-0.0897714219208,0.0623009984677,0.2296157112862,-0.1343628528511,0.2680233405397,0.1133127059018,-0.1717252016124,0.8829536082567,-0.0535354492064,0.0234862041519,-0.0722199341626
-0.0663236326586,-0.1561072601214,-0.1174639312969,-0.2417071803331,-0.1751292783908,0.7457721202483,0.3488992650757,0.0358721757432,0.3777290999635,-0.1819418213012,-0.0455079796327,0.3655273506190,0.0554499110808,0.5127318260888,0.2336002027570,0.3704186464456,-0.2189610449145,-0.0739363646298,0.3130526439379,-0.0010089933640,0.0180589881931,-0.1258009372680,-0.2285031991548,-0.1286311762758,-0.2627164970781,-0.1365645651854,0.0886075434945,-0.0400967814051,-0.0556760171586,0.2271302008687,-0.2298254661429,0.0106628575058,1.0000000000000,-0.0549954807157,0.0334489031706,-0.1835633056304,-0.2995740618831,-0.1506931136787,-0.1851809295433,-0.1864928545578,0.6393695324123,0.3132721864454,-0.1138952389405,0.3313659050249,-0.2099005565815,-0.0963410613815,0.3286926934064,0.0330697412392,0.4400157206316,0.0847764794499,0.4156025854480,-0.1387355783895,-0.1638946855750,0.3103727650009,0.0722749013353,-0.0289830530677,-0.1241645974458,-0.2489156766333,-0.1494005270411,-0.2257851092231,-0.1294851307395,0.0650586749336,-0.0940004655707,-0.1032001388616,0.0692465553046,-0.2712224455899,0.0010497303639,0.7768395479508,0.0195772270530,0.0402179177716
0.3448617737550,0.3527253040102,0.1243943708414,0.5218250556281,0.3479474978548,0.0485398549450,0.0607369936396,0.0134405931494,-0.0586030325514,0.3631331517062,0.0321037425534,-0.1481974775589,0.3761536512532,-0.0560521863055,0.0983955693858,0.0814338351993,0.3693427672182,0.5278292369681,-0.1717548052194,0.3359003862669,0.2825846292580,0.3881511312238,0.5872406968019,0.4523928371391,0.3469703044818,0.1637654343491,0.0654910735906,0.0331793507555,0.1778445423874,0.5678338686589,0.4788085625007,0.0586115855212,-0.0549954807157,1.0000000000000,0.4862773583808,0.4391285014108,0.3623403233481,-0.1179926615368,0.4360715582959,0.2760393723761,-0.1464374639543,-0.0758881605955,-0.0115684610935,-0.3151459458922,0.3829709878409,-0.0079884275381,-0.2134887751275,0.4380164212787,-0.1952725512291,0.0065402731789,-0.1780418650320,0.4030511762945,0.4349704923885,-0.2018867607723,0.2440348776500,0.3351316861434,0.3309266197388,0.5764976830368,0.2284019970450,0.3020056151592,0.1553449795450,-0.0069787522241,-0.1233905718005,0.1579009839769,0.5036496532494,0.4037810562329,-0.0141657828642,-0.0499891134754,0.7234075644856,0.4756377101299
