1.0000000000000,0.4628174242007,0.4730236095671,0.4660721846291,0.1612615544543,-0.1569214336366,0.3544273840328,0.3595991433408,0.2846548607290,0.5087288437106,0.3907091844201,0.4364593068909,0.2691226662978,0.3763158090092,0.6810706405241,0.3033177701487,0.0725479425332,0.7169134879001,0.4243507539446,0.6103288316135,0.2781112445299,0.3202525126083,0.2524549903144,0.4357393808454,0.3176465444346,0.6040561615869,0.5942844333422,0.4845355745732,0.1630444851543,0.6287429648006,0.6491739848635,0.0690160283438,0.0254681488350,0.3450815353791,0.5930250447151,0.4939435314546,0.2953979813233,-0.1898532262904,0.4323714518191,-0.0163034864272,-0.2276623329165,0.0069627748706,-0.1267502033189,-0.1751266540446,0.4028418313784,0.1172793021113,-0.1206313172250,0.1038319185622,0.0189404178095,0.2512316772730,0.0439256543676,0.0148118407370,0.2413953785255,-0.1841629404275,0.1212843014468,0.1483608924125,-0.0235978133480,0.0650960311062,0.1004214872116,0.1819912294552,0.2509804074034,-0.1785347528607,0.2327858602060,-0.2522067900097,0.1690138159580,0.0724165323837,-0.2860841428653,-0.2342339278605,-0.0896226561029,0.1694358831711
0.4628174242007,1.0000000000000,0.4029916806493,0.5938501856015,0.1479912091011,-0.3144382681232,0.2404144983362,0.2894344211703,0.1801506221252,0.3629809674583,0.2261041096850,0.3326816673369,0.2286554562314,0.2959689275760,0.2302570746027,0.2265446462173,0.3469911952778,0.5292268547438,0.2521335613052,0.4192063175363,0.2086828595107,0.3358519117506,0.5918014565543,0.5127105411872,0.3678639708953,0.6568698215865,0.6010217101943,0.5046465276135,0.1847755283728,0.4064046125356,0.6248505430068,0.0109931068061,-0.0580084595527,0.3490747637318,0.6659230643498,0.0923052203964,0.7584407616758,-0.1553038332101,0.6370413588353,0.0728512645538,-0.3717633676144,-0.0855928118713,-0.1431911612960,-0.2787942329185,0.3345972149629,-0.0074085674954,-0.0819143849499,0.1494399134025,0.0292486164174,-0.2518945629452,-0.0283591398825,0.2765998501978,0.1581757794981,-0.2913288298228,0.0051889374475,0.1917920968309,0.0896138124663,0.4884075761329,0.3006083022786,0.2826790741367,0.5493552183393,-0.0257485995875,0.2844174051046,-0.2033964802427,-0.0239968265360,0.2324280314369,-0.2852352846458,-0.2226413382060,0.1482671447363,0.4759545422723
0.4730236095671,0.4029916806493,1.0000000000000,0.5920552344319,0.2276423001392,-0.1246342900140,0.3647013674022,0.3683355382658,0.3230639050208,0.5063505252486,0.1826410428533,0.5102428179968,0.2837690254160,0.4686886687143,0.3101387789638,0.4603291997542,0.2688271047231,0.6616054395330,0.4955530049883,0.6312744744832,0.2939637626754,0.5936409157324,0.4472571563303,0.7362066914056,0.3138510002518,0.6633232618914,0.6350917889608,0.8343434103819,0.3938424520192,0.4942453665630,0.7193975049938,-0.1127537150171,0.1502384397843,0.2968908573479,0.5848499175874,-0.0805998379617,0.1766214194876,0.0218940345025,0.5412748991733,-0.0742491472661,-0.3620733744982,-0.0357619945003,-0.1703507732425,-0.0955319673207,0.3504317783784,-0.0901118566566,0.0232721291070,0.0527756303611,0.1149104634176,-0.0122743568882,0.2603535848690,0.2442058008285,0.1783227362119,-0.0554145240149,0.0761710656434,0.1419769341192,0.2413080788743,0.2005955796225,0.4050984838295,0.1925899600826,0.2510959841107,-0.3402770341645,0.4546849697461,-0.0285826793965,-0.0199976919813,0.0817014232260,-0.4392712775492,-0.4158465220777,-0.1531505775442,0.1091911952920
0.4660721846291,0.5938501856015,0.5920552344319,1.0000000000000,0.3489132336138,-0.2589652505248,0.3198058960481,0.2174169946917,0.2107120493222,0.6384371797838,0.1500972894865,0.4016426490728,0.4280409156333,0.3379538791239,0.2359119492662,0.4007959325863,0.2914127218986,0.6538223065481,0.2334724429525,0.5116657642401,0.3805623325115,0.5547248154131,0.7127439481511,0.6325754057438,0.4586370836319,0.7401038527707,0.6436605383936,0.6658638455657,0.4377475594000,0.4681913763565,0.7055419119869,-0.0161868305887,-0.0687710590440,0.4989352337291,0.7112646692491,0.0018982126087,0.4971816014600,-0.2733387973726,0.8240943478341,0.1191867540970,-0.3265725955230,-0.0598328475434,-0.2508141526226,-0.2729308196724,0.6344133884526,-0.0487749340062,-0.1348899965081,0.2757545047368,0.1346787885152,-0.1303545136583,0.1879799348443,0.2651185920350,0.3748033991076,-0.2589938790809,0.1245047178747,0.3022104836012,0.1694428439581,0.4810905279650,0.2540995293960,0.4108731348564,0.5563242374381,-0.1942490283132,0.2669199482927,0.0360160325578,0.0609988168442,0.1384047385264,-0.1514391614806,-0.3063789549952,0.1400588948883,0.5285747255712
0.1612615544543,0.1479912091011,0.2276423001392,0.3489132336138,1.0000000000000,-0.2326583604568,0.0514403722318,0.1170387114922,-0.0059670308295,0.4946702623982,0.2861847084443,0.2217799967905,0.7850814822346,0.2361250778865,0.0425717458234,0.4046961269431,0.5962153724775,0.2094508260947,0.1360464793844,0.1720616324688,0.8248949509177,0.5629638418061,0.4697250583802,0.4555370910909,0.7425633035504,0.3337712205492,0.3180144006476,0.2825421400301,0.5302521668041,0.2343202601607,0.3366487665474,-0.0453414440239,-0.0390965919309,0.5209107899151,0.3245831647997,-0.1161222423015,0.0927963226443,-0.2723659236134,0.2231119767917,0.8833251696456,-0.3461786004898,-0.0952422860020,-0.3396263832648,-0.1958657830595,0.5837557714567,0.0907823929726,-0.1328128001916,0.7544608241144,-0.0102083924457,-0.2748073144787,0.2311848253453,0.5433664149660,-0.1219244751583,-0.3016963035673,-0.2204138437948,0.8310072292987,0.3565237358161,0.3422673744785,0.3205753899528,0.7840015851403,0.0635021200188,-0.3636699519310,-0.0506397854046,0.3620505294014,-0.0822293308734,-0.0303750482390,-0.2161274275869,-0.2484377584041,0.1770858659277,0.0889808051776
-0.1569214336366,-0.3144382681232,-0.1246342900140,-0.2589652505248,-0.2326583604568,1.0000000000000,0.4402523120804,-0.1746357353437,0.5154148715994,-0.2838875763648,-0.0890437409626,0.3580301469222,-0.2164596585400,0.3068009767841,0.3353441119596,0.3032505105946,-0.2672648552895,-0.2359766831233,0.3451128485209,-0.0866938669130,-0.2780641211320,-0.1349005935307,-0.4270587663010,-0.2698917532464,-0.3869631792955,-0.1936351362595,-0.2530258217628,-0.2818473195430,-0.2344060069576,0.0567588691771,-0.3554316845226,-0.2447389026286,0.6895066284208,-0.0587943685470,-0.2855865689338,-0.1507836308821,-0.3616769781001,0.4047564088639,-0.3693229100849,-0.2854614478851,0.6193187645381,0.6814805657075,-0.0241231157804,0.7968272608798,-0.3262666222269,-0.1128190540037,0.6611314766921,-0.3137391142547,0.3838802082176,0.5292112422749,0.4174526030739,-0.2825548140346,-0.2774852613898,0.6739152829960,-0.1553946054811,-0.2733229710707,-0.1391659514281,-0.4207421930882,-0.2068818651776,-0.3854547853507,-0.3457514631110,-0.1423954719188,-0.0544946070936,0.0645474110713,0.1122631261243,-0.4328375454127,-0.0513032566215,0.1669048808102,-0.1857226666617,-0.3135234826137
0.3544273840328,0.2404144983362,0.3647013674022,0.3198058960481,0.0514403722318,0.4402523120804,1.0000000000000,0.2036611416568,0.9121981161371,0.2249881444232,0.5338258013364,0.7964538328135,0.3324436074769,0.7327661212760,0.7364680137187,0.6880918005619,0.0240534118634,0.4370884432968,0.7977904410618,0.5671687947522,0.1942293030689,0.3079434276601,0.0727459705454,0.3111828767205,0.1070660661317,0.5088673529043,0.4255878496560,0.2178029683924,0.1916350504170,0.6694968684491,0.3901749034703,-0.3263049514449,0.4815772518511,0.3555299306061,0.3855699155301,-0.2391243831153,-0.0065243802785,0.2651950172991,0.1776413227947,-0.0943637049695,0.0846128602949,0.7254322064917,-0.1987029989312,0.4563581556072,0.1311508945346,0.1931134314474,0.4998764149423,0.0725603861243,0.3456205661702,0.1749065881423,0.4676847499905,-0.0597983179696,-0.2453088285700,0.2629609621456,-0.2262596949834,0.1145649506738,-0.1232668713950,-0.1154452715616,0.0043213196090,0.0048240162041,-0.0463618524552,-0.3495215483903,0.0849115024031,0.0217228872543,-0.0314717683280,-0.3133171665471,-0.4555842939621,-0.1365229694551,-0.2822205071260,-0.0822783561370
0.3595991433408,0.2894344211703,0.3683355382658,0.2174169946917,0.1170387114922,-0.1746357353437,0.2036611416568,1.0000000000000,0.2209893367237,0.3889830715372,0.4502230349128,0.2308846537675,0.0932460489483,0.2969647294575,0.2471839404717,0.1756644092935,0.3238196840966,0.2386579859083,0.2022526221249,0.2304850021381,0.1699371294777,0.1809470478021,0.2161367623646,0.3126400534218,0.4253914027860,0.2854918519493,0.3402933136374,0.2531891788610,0.3781327082087,0.2104497675371,0.5413263030228,0.1900497567186,-0.0066603555639,0.0481902129701,0.2734815401993,0.0418656206964,-0.0171960287465,-0.0443752566560,0.2547035838100,0.0898535219208,-0.2100469963483,-0.0815756597834,0.3313316089996,-0.1845751863961,0.1546541074489,0.2785173132858,-0.0792333931145,0.0159838177876,0.0024838343843,-0.1439033272100,0.0279514443485,0.2624277339682,-0.1804890323971,-0.2713153487301,-0.2375909758297,0.0930817436803,-0.0759596743761,0.0735647732462,0.0036375627227,0.2878226993896,0.0107106012131,-0.0443712305179,0.0300503735816,-0.0188463323508,-0.2718090975747,0.0401060885895,-0.1057956205751,-0.0798843335717,-0.2054586063610,-0.0450619017798
0.2846548607290,0.1801506221252,0.3230639050208,0.2107120493222,-0.0059670308295,0.5154148715994,0.9121981161371,0.2209893367237,1.0000000000000,0.1195732762283,0.4701610883557,0.8105505096979,0.1530154809634,0.7263084637687,0.7707961915321,0.5922651078854,-0.0126639756501,0.3047117483382,0.7945983473143,0.4706595430506,0.0908934312485,0.2513766610107,-0.0367393651241,0.2242095323693,-0.0071232307902,0.4463571577509,0.3291653282461,0.1439233090252,0.1497637655893,0.5942072103262,0.3152631810926,-0.3166556176049,0.4980119750664,0.2569023244500,0.2719559827803,-0.2425218636353,-0.1260380932993,0.4072707683073,0.0738044086634,-0.1507346805283,0.1799983761587,0.6695705597095,-0.1069558757332,0.5872433774515,-0.0190581418438,0.0744774698688,0.6003664443015,-0.0947341229897,0.3401475992448,0.2188547576052,0.4417067394934,-0.0619903088124,-0.3472052408898,0.3209171348982,-0.3235131370865,0.0060436808330,-0.1183247384060,-0.2150220446263,-0.0144802553877,-0.0914085413757,-0.1265947926742,-0.3505005135188,0.0872759719945,0.0786420927950,-0.1314799222006,-0.3451581792529,-0.4137913428826,-0.0850042698155,-0.3500960575082,-0.1708619485558
0.5087288437106,0.3629809674583,0.5063505252486,0.6384371797838,0.4946702623982,-0.2838875763648,0.2249881444232,0.3889830715372,0.1195732762283,1.0000000000000,0.2935205879414,0.3160403025502,0.4645659495308,0.3667289148996,0.2864692569343,0.4556699296316,0.3268637141186,0.5318810324824,0.2601156143818,0.4445205827811,0.4691875605094,0.4521598082575,0.5448377754136,0.4896557695231,0.6509871875374,0.5434866413659,0.5126112454409,0.4740747068555,0.3627265894567,0.4380073076817,0.6042635676320,0.0325582360393,-0.0880062098618,0.4680103347244,0.5529591238344,0.1019965329696,0.2666859252314,-0.2604542577724,0.5678633051616,0.2834401356200,-0.3515225680647,-0.1091776727234,-0.1241228154486,-0.3309739942519,0.8347941932896,0.1009140758311,-0.1966968608132,0.3601147354185,0.0702738029382,-0.1111954936606,0.2410985123865,0.2659985788254,0.1082729970869,-0.3182940187945,-0.0449967576344,0.3868466691626,0.2027845400556,0.3421545831844,0.2212998247099,0.5697908853112,0.2787433198955,-0.2470759511104,0.0904130374738,-0.0576949796076,0.0225479485305,0.0587121322693,-0.2319020673841,-0.2739444519028,0.1177432694794,0.2102874856018
0.3907091844201,0.2261041096850,0.1826410428533,0.1500972894865,0.2861847084443,-0.0890437409626,0.5338258013364,0.4502230349128,0.4701610883557,0.2935205879414,1.0000000000000,0.4577791110171,0.4753201110901,0.4205855208235,0.4488862201009,0.2850944576645,0.3297130038163,0.2910669135439,0.4332669154797,0.3411579687372,0.5657838093159,0.3574616447771,0.2157508182353,0.3716234948968,0.4059220199119,0.3401063853207,0.3750759591551,0.1570801114420,0.4036414501173,0.4822836526724,0.4595158131626,0.0197249917190,0.0502704266160,0.3135231367008,0.3642033522811,-0.1017257414177,-0.0624556786250,0.0159847066587,0.1690632681841,0.3211778329243,-0.2413055570497,0.2575036192022,-0.0299833440041,0.0098749050409,0.2131751914991,0.7411193724423,0.0425076312774,0.3510644877714,-0.0800965276362,-0.2053884455841,-0.0048855229187,0.2675824501617,-0.3515517065396,-0.2869073060193,-0.3734629919571,0.4776987733469,0.0904998486534,0.0942249560874,0.1761696719218,0.3402517753732,-0.1245828196766,-0.1908308195454,-0.0539170964952,0.1425718827643,-0.2655513175587,-0.0079278668700,-0.3352755772082,-0.1688094926672,-0.1757927010061,-0.1024854408546
0.4364593068909,0.3326816673369,0.5102428179968,0.4016426490728,0.2217799967905,0.3580301469222,0.7964538328135,0.2308846537675,0.8105505096979,0.3160403025502,0.4577791110171,1.0000000000000,0.3534962241623,0.8211967312586,0.7328247029999,0.6885992261528,0.2642489473227,0.4907885965982,0.8712847765244,0.6530180059215,0.3204517570927,0.5062001448302,0.2450464922050,0.4910046664999,0.2068848440500,0.6533383174949,0.5721780163597,0.4205582447173,0.2649044911406,0.7623926223015,0.5068602393971,-0.1857078788041,0.4759335168846,0.5037579402837,0.5491568549377,-0.2080060643366,0.0014511447266,0.1115068544578,0.2785401117668,0.0042413461627,0.0091698002003,0.4501956236142,-0.3478246791500,0.3651589966415,0.2254642006124,0.0141899933959,0.4897715828577,0.0949592734181,0.3668162974489,0.1772286236864,0.4520908196272,0.1994381124921,-0.2516776586944,0.2489707074321,-0.1909527010352,0.2068003408590,0.0916884262504,0.0316067031330,0.2065663977266,0.1190291665403,0.0472108347061,-0.3882635580207,0.1422594031537,0.0147758559865,0.0347801322917,-0.2637603067051,-0.4243968163769,-0.2108612329115,-0.1312579455379,0.0252243148675
0.2691226662978,0.2286554562314,0.2837690254160,0.4280409156333,0.7850814822346,-0.2164596585400,0.3324436074769,0.0932460489483,0.1530154809634,0.4645659495308,0.4753201110901,0.3534962241623,1.0000000000000,0.3387448718058,0.1488906041195,0.5084104545726,0.4943216524368,0.3897365562224,0.2948605878833,0.3687006157355,0.8939162819262,0.5626168273145,0.4817213927578,0.5266101744000,0.6831897556959,0.4771126224742,0.4470774948127,0.3449271980764,0.5477820169099,0.4045009265326,0.4485193031610,-0.1169852896644,0.0225173754514,0.5651256414743,0.4631262061232,-0.1965714500458,0.1633110408251,-0.3204936418325,0.3082802295799,0.7147834036844,-0.3636019626246,0.1263557626522,-0.4486529974812,-0.1805322600623,0.5842138143303,0.3219980196353,-0.0914296193511,0.8873067120129,0.0570132656314,-0.2482484906941,0.2397942136884,0.4007402520772,-0.0604668510812,-0.2513781780779,-0.1247802208029,0.8575500840924,0.2044718829389,0.3154586705127,0.2517072970966,0.6882513690717,0.1663986542341,-0.3145075924396,-0.0114410407366,0.2613738757604,0.0036365057091,-0.0585409794435,-0.3096373728462,-0.2689955759651,0.1368010736221,0.1616280511856
0.3763158090092,0.2959689275760,0.4686886687143,0.3379538791239,0.2361250778865,0.3068009767841,0.7327661212760,0.2969647294575,0.7263084637687,0.3667289148996,0.4205855208235,0.8211967312586,0.3387448718058,1.0000000000000,0.6254591180044,0.6294550328848,0.2717394388390,0.3981487448012,0.7575822749184,0.5446456313186,0.2888652230504,0.4253806282110,0.2223465963554,0.4168753715658,0.3017548931824,0.6526551719507,0.4522135628987,0.3720590354167,0.2449253806405,0.5972383513972,0.4606545470961,-0.0878725093165,0.5280843699212,0.3448648264927,0.4597163664636,-0.2038375335683,-0.0074308821001,0.0774024456666,0.2962347724842,0.0566827452229,0.0603336312350,0.4077877835644,-0.2331648413418,0.2849453051154,0.2310533796969,0.0069491645080,0.4555362830285,0.1064385890422,0.6352322299462,0.0576778559007,0.4157659229946,0.2194538361177,-0.3040267333903,0.1519757185960,-0.2878874573969,0.1982992480844,0.0566644845487,0.0377492561241,0.1215633040325,0.1941948148800,0.1152457900556,-0.3290747583257,0.1544262262474,-0.0350668108848,-0.0885355278537,-0.2190925034658,-0.3345637308131,-0.0615240017225,-0.2070642175372,-0.0128010754386
0.6810706405241,0.2302570746027,0.3101387789638,0.2359119492662,0.0425717458234,0.3353441119596,0.7364680137187,0.2471839404717,0.7707961915321,0.2864692569343,0.4488862201009,0.7328247029999,0.1488906041195,0.6254591180044,1.0000000000000,0.4813665416113,-0.0824021813934,0.4711140916194,0.7397000644569,0.5849368074137,0.0927795670596,0.2071269259085,-0.0573060632893,0.2079908589648,0.0524091354144,0.4978427275588,0.4238521953795,0.2110277425305,0.0238639972253,0.7641413095762,0.3730346039729,-0.1831723191353,0.3927513670118,0.3727163304594,0.3641563399090,0.2294279068356,-0.0093474147236,0.2349436722249,0.1063098781629,-0.1342572494559,0.1293580626923,0.4634363445952,-0.1099856945333,0.3446561235382,0.1596051068948,0.0465141783201,0.3636907901553,-0.0572391016948,0.2589304221197,0.4487143031620,0.3032282303246,-0.1438516561127,-0.1326643949628,0.2170960068279,-0.1176848508401,0.0032591543545,-0.0970795425765,-0.2444432808855,-0.0043594238354,-0.0518224401532,-0.0352980005988,-0.2847099137930,0.1674585824039,-0.1315107719303,0.1481197448758,-0.2450045321179,-0.3253802372488,-0.1277044705525,-0.2222431464834,-0.0738871734180
0.3033177701487,0.2265446462173,0.4603291997542,0.4007959325863,0.4046961269431,0.3032505105946,0.6880918005619,0.1756644092935,0.5922651078854,0.4556699296316,0.2850944576645,0.6885992261528,0.5084104545726,0.6294550328848,0.4813665416113,1.0000000000000,0.2319771126612,0.4312903493145,0.6055782737946,0.5150861258926,0.3997447711008,0.4319307714990,0.2456821863184,0.4114843693255,0.3978171746586,0.5126612947621,0.4521389321485,0.3644085829287,0.2985604100305,0.5698716678436,0.3943677719444,-0.2383430783487,0.3917075821289,0.4493930045242,0.4852452787067,-0.2206104462371,0.0221781940397,0.0588641332679,0.2638006015619,0.1885178663512,0.0030348693044,0.4454322532849,-0.3039331850397,0.2410873337338,0.3729750553837,-0.0246956021153,0.2950725273256,0.3068446229482,0.2957103345084,0.0951202042797,0.7651941294663,0.1604638774086,-0.1180489221536,0.1631163088491,-0.1064508045626,0.3109202092365,0.0032500559316,0.0445496447785,0.1075046428656,0.3130024476594,0.0209625609889,-0.4310220290362,0.1031085891324,0.0942460136045,0.0596974525974,-0.2785867488665,-0.3939158230296,-0.1872620860853,-0.1150817225265,0.0509312713897
0.0725479425332,0.3469911952778,0.2688271047231,0.2914127218986,0.5962153724775,-0.2672648552895,0.0240534118634,0.3238196840966,-0.0126639756501,0.3268637141186,0.3297130038163,0.2642489473227,0.4943216524368,0.2717394388390,-0.0824021813934,0.2319771126612,1.0000000000000,0.1851694696552,0.1432458572767,0.1699513479837,0.5700690185740,0.6244876197486,0.6405142768083,0.6152258490497,0.7014050852158,0.3243865805292,0.3423069981663,0.3972077941079,0.5330579893882,0.2078816240269,0.4354676647204,0.1556730399993,0.0025027391805,0.4631258096469,0.4027689051534,-0.2132652967153,0.1394730862471,-0.3107438227332,0.2632727683421,0.5667969449714,-0.4481510743351,-0.2267725340313,-0.2310192343010,-0.2878601227802,0.3608043711909,0.1594893369908,-0.1762113595880,0.4613806022364,-0.0672699186057,-0.4585778387064,-0.0084226713839,0.9303937242066,-0.2498935818137,-0.4221389664610,-0.2902383429104,0.5772907494897,0.4907317702937,0.5963709114860,0.5542532194637,0.6947688562378,0.0734905950922,-0.2957934293864,0.0073273867524,0.3001050878052,-0.1694164768898,0.1266469602013,-0.1900700068905,-0.2059398259443,0.1910456166904,0.1440146354984
0.7169134879001,0.5292268547438,0.6616054395330,0.6538223065481,0.2094508260947,-0.2359766831233,0.4370884432968,0.2386579859083,0.3047117483382,0.5318810324824,0.2910669135439,0.4907885965982,0.3897365562224,0.3981487448012,0.4711140916194,0.4312903493145,0.1851694696552,1.0000000000000,0.5070594430843,0.8454326632047,0.3159571569409,0.4777489992986,0.4365516266569,0.6710884534032,0.3349723120755,0.7668264788216,0.8474596862211,0.6976778338002,0.3512588686086,0.6963399102988,0.7618805153155,-0.0946784910450,-0.0247109450916,0.5024727196365,0.7828073380450,0.0723808578833,0.4540395165653,-0.1691288485335,0.5487910350151,-0.0479770257434,-0.4187389820791,-0.0147547594890,-0.3107701710801,-0.2820832501719,0.4897262806246,-0.0090867562659,-0.1969734601485,0.1886155486593,0.0084904345091,0.0156206018205,0.0922702706517,0.0673257296155,0.4370324833384,-0.1858008929934,0.3194939053913,0.2037499184329,0.0378395360322,0.1838339494121,0.2879424382856,0.1998897236879,0.4235465775394,-0.2090236795781,0.3112614730793,-0.1425479120945,0.1413400994625,0.0544151936485,-0.3858133615740,-0.4424289127959,-0.0271415629914,0.2803478418019
0.4243507539446,0.2521335613052,0.4955530049883,0.2334724429525,0.1360464793844,0.3451128485209,0.7977904410618,0.2022526221249,0.7945983473143,0.2601156143818,0.4332669154797,0.8712847765244,0.2948605878833,0.7575822749184,0.7397000644569,0.6055782737946,0.1432458572767,0.5070594430843,1.0000000000000,0.7147735281085,0.2416860547544,0.3852795640393,0.0750138669976,0.4035290034143,0.1092944190063,0.5702629895151,0.5211408570475,0.3133494380506,0.1547425710085,0.7638984249420,0.4332832006189,-0.3585906896992,0.4785901065404,0.4069203267042,0.4277739064103,-0.2171718059703,-0.0584852513328,0.2305884328401,0.1134434195881,-0.0749669038063,-0.0397693974671,0.4825207467871,-0.3110655512832,0.3502828083143,0.1700369581533,0.0451596675237,0.5064488247472,0.0414410778789,0.3203338892010,0.2422245962655,0.3947947299280,0.0367880618163,-0.2560799805629,0.3535785941342,-0.1151835888859,0.1539660341309,0.0496476295741,-0.1449810249080,0.1770685185698,0.0123547817946,-0.0332170017998,-0.4119856624815,0.0835077746746,-0.0750602015498,0.0836516291056,-0.2949289861997,-0.6150607156036,-0.2953547537490,-0.2444915259781,-0.1165782677108
0.6103288316135,0.4192063175363,0.6312744744832,0.5116657642401,0.1720616324688,-0.0866938669130,0.5671687947522,0.2304850021381,0.4706595430506,0.4445205827811,0.3411579687372,0.6530180059215,0.3687006157355,0.5446456313186,0.5849368074137,0.5150861258926,0.1699513479837,0.8454326632047,0.7147735281085,1.0000000000000,0.2948638235160,0.4553739733578,0.2926154405278,0.6085491991449,0.2593983068091,0.7838856467267,0.7905578391528,0.5983968667455,0.3220245889992,0.8152529019723,0.6663782606916,-0.0977253021640,0.1368998252997,0.4378259811344,0.7457635925865,-0.0689416870394,0.2283224678078,-0.0437811869133,0.4684611473121,-0.0832291506122,-0.2972468408791,0.1063707589653,-0.3046097689803,-0.1394997246334,0.3813779559881,-0.0293216281987,-0.0495624186855,0.1620838597821,0.1479801499570,0.0850139562972,0.2622692880701,0.0795633749656,0.1749712056283,-0.0136573168072,0.2584402992707,0.1778376661102,0.0349991001638,0.0212837204636,0.2841418326460,0.1335910489206,0.3463688729668,-0.2813802471687,0.2119234873285,-0.1151073926443,0.1890507507948,-0.0460588102882,-0.4221089131879,-0.4278681655129,-0.1287233165934,0.1358522559860
0.2781112445299,0.2086828595107,0.2939637626754,0.3805623325115,0.8248949509177,-0.2780641211320,0.1942293030689,0.1699371294777,0.0908934312485,0.4691875605094,0.5657838093159,0.3204517570927,0.8939162819262,0.2888652230504,0.0927795670596,0.3997447711008,0.5700690185740,0.3159571569409,0.2416860547544,0.2948638235160,1.0000000000000,0.5897301923855,0.4844862244879,0.5417619377257,0.6931931569790,0.4160607969559,0.3738470764287,0.3332214904114,0.5475417070776,0.3490792233863,0.4421162772327,-0.0031047442045,-0.0459464666887,0.5078187382198,0.4491267396537,-0.1751400571759,0.0714590974821,-0.2814534810554,0.3282393826240,0.7606868303824,-0.3847182845860,-0.0461878083888,-0.3643983102330,-0.2383495115704,0.5363270957800,0.3833840017868,-0.1294300819468,0.8016399980153,-0.0708892611584,-0.3335797594846,0.1514210417242,0.5178359692826,-0.1371221066467,-0.3577871026859,-0.2190816383670,0.9223259000995,0.3367380679295,0.3460811817017,0.3434025942751,0.7028005367193,0.0913448660738,-0.3401845667229,-0.0453647288616,0.2832432708195,-0.1118723216777,-0.0257802798130,-0.3063671066767,-0.2530465777329,0.1254665717074,0.1535301642754
0.3202525126083,0.3358519117506,0.5936409157324,0.5547248154131,0.5629638418061,-0.1349005935307,0.3079434276601,0.1809470478021,0.2513766610107,0.4521598082575,0.3574616447771,0.5062001448302,0.5626168273145,0.4253806282110,0.2071269259085,0.4319307714990,0.6244876197486,0.4777489992986,0.3852795640393,0.4553739733578,0.5897301923855,1.0000000000000,0.6462685576471,0.8749331520292,0.5835938613254,0.5559473400607,0.5828256294407,0.6439497450662,0.7072648615807,0.5121208680481,0.6647096236967,-0.0322803613943,0.1043547508107,0.6339234596517,0.5915030760217,-0.2369657133339,0.1974455383863,-0.2166567716983,0.4045336662650,0.3673651638182,-0.4923773498803,-0.0634517391822,-0.4304575567328,-0.1499977230638,0.4379252415545,0.0523830779089,-0.1172027691530,0.4036905976567,0.0072040473619,-0.2765221422301,0.1344522453397,0.5669274377388,-0.1098270847842,-0.2977947786563,-0.2247874114949,0.5421736329226,0.5652307868169,0.4169215284399,0.5955087659221,0.5297663427174,0.1369224754549,-0.5713220131177,0.1395290805268,0.4492776818344,-0.0611796525565,0.0630938060465,-0.4047996777886,-0.3804611360366,0.0778077824356,0.1014236272297
0.2524549903144,0.5918014565543,0.4472571563303,0.7127439481511,0.4697250583802,-0.4270587663010,0.0727459705454,0.2161367623646,-0.0367393651241,0.5448377754136,0.2157508182353,0.2450464922050,0.4817213927578,0.2223465963554,-0.0573060632893,0.2456821863184,0.6405142768083,0.4365516266569,0.0750138669976,0.2926154405278,0.4844862244879,0.6462685576471,1.0000000000000,0.7062145643118,0.6449409550413,0.5211277289786,0.5499504139170,0.6013693557900,0.5094267566427,0.2788135280580,0.6805559560186,0.1682103691077,-0.1506930068623,0.5258562022646,0.6227332653244,-0.1323437668582,0.5121158491924,-0.5003461294387,0.5969260468315,0.3658303609418,-0.5075424365776,-0.2884248233408,-0.3128629076894,-0.4625240783944,0.6116118979284,0.0774967075425,-0.3129090013934,0.4165086598518,-0.0739062736519,-0.4517200477180,-0.0349269936208,0.6122879764924,0.1355821101958,-0.5025015717647,-0.0664297640684,0.4597702638611,0.3487877615397,0.8723156849897,0.4442598228217,0.6329857604623,0.3901560251856,-0.1969837280195,0.1222660057335,0.1177462730280,-0.0610111962258,0.3544727625684,-0.1128841840266,-0.2293335353450,0.2942487082888,0.4264969389976
0.4357393808454,0.5127105411872,0.7362066914056,0.6325754057438,0.4555370910909,-0.2698917532464,0.3111828767205,0.3126400534218,0.2242095323693,0.4896557695231,0.3716234948968,0.4910046664999,0.5266101744000,0.4168753715658,0.2079908589648,0.4114843693255,0.6152258490497,0.6710884534032,0.4035290034143,0.6085491991449,0.5417619377257,0.8749331520292,0.7062145643118,1.0000000000000,0.5653994771654,0.6861806797926,0.7159341793035,0.7798667127185,0.6347478777547,0.5697234822761,0.8161934720484,-0.0207972277777,0.0562171805062,0.5719220197291,0.7320388924837,-0.1927749036670,0.3270518703618,-0.2303733640254,0.5286193543404,0.2339865467222,-0.5653290347728,-0.1426511358858,-0.3881899922888,-0.2810737941062,0.4567081407784,0.0742759311325,-0.1745961761099,0.3401803900080,-0.0117065426679,-0.2997672060572,0.0821004414972,0.5562179495543,0.0845695300547,-0.3387907588156,-0.0684959345609,0.4511780108802,0.4336555267573,0.4503795108486,0.6405464315535,0.4764717782717,0.2914982789048,-0.4341535080146,0.2755875776173,0.2132251793892,-0.0319107227934,0.1800985459683,-0.4361808966556,-0.4607948620442,0.0467043614285,0.2288861652483
0.3176465444346,0.3678639708953,0.3138510002518,0.4586370836319,0.7425633035504,-0.3869631792955,0.1070660661317,0.4253914027860,-0.0071232307902,0.6509871875374,0.4059220199119,0.2068848440500,0.6831897556959,0.3017548931824,0.0524091354144,0.3978171746586,0.7014050852158,0.3349723120755,0.1092944190063,0.2593983068091,0.6931931569790,0.5835938613254,0.6449409550413,0.5653994771654,1.0000000000000,0.4564912556189,0.4677096643310,0.3928389953147,0.6664524424933,0.2715887737983,0.5662413100925,0.0927105414015,-0.0577004653857,0.4363579926285,0.4724430255573,-0.0354113367449,0.2343179296312,-0.3692117830671,0.4227067404546,0.7155477342331,-0.4703371816119,-0.1459141882390,-0.1606166243804,-0.3870590757228,0.6752783986390,0.2399564349011,-0.2948864062967,0.6758342146047,0.0096295023339,-0.4168333391644,0.1320816292793,0.6183839242141,-0.0865686759906,-0.5249708485402,-0.2198632770517,0.6992524912764,0.3064247449445,0.5211911013877,0.3593142448828,0.9465951975680,0.1869143448887,-0.2617031577704,-0.0100376321529,0.3161348864171,-0.1309130061200,0.2043185043920,-0.1760312695134,-0.2272337506533,0.1042704350996,0.1804192380957
0.6040561615869,0.6568698215865,0.6633232618914,0.7401038527707,0.3337712205492,-0.1936351362595,0.5088673529043,0.2854918519493,0.4463571577509,0.5434866413659,0.3401063853207,0.6533383174949,0.4771126224742,0.6526551719507,0.4978427275588,0.5126612947621,0.3243865805292,0.7668264788216,0.5702629895151,0.7838856467267,0.4160607969559,0.5559473400607,0.5211277289786,0.6861806797926,0.4564912556189,1.0000000000000,0.7887754293741,0.7014572446585,0.4117489417707,0.7054822446502,0.7693722352018,-0.1572207105063,0.0981407595729,0.4807498950735,0.8206172725477,-0.0472554910765,0.4240353859614,-0.1148457334150,0.6939201409429,0.1204000257794,-0.3382344600880,0.0473251727157,-0.3319557835070,-0.1630072928483,0.4878470236320,-0.0507434078772,0.0360577720952,0.2952903787127,0.3265395766179,-0.0845061275802,0.2266020163286,0.2546772197647,0.1632255766221,-0.1519926664903,0.0760217697367,0.3179749718469,0.0950531072059,0.2460836085265,0.2947901515703,0.3569271842339,0.6131689638254,-0.2136051613779,0.3461309939988,-0.0706353829384,0.0282759324845,0.0454330198949,-0.4238103369481,-0.4154345269135,-0.0469680325685,0.3929013111960
0.5942844333422,0.6010217101943,0.6350917889608,0.6436605383936,0.3180144006476,-0.2530258217628,0.4255878496560,0.3402933136374,0.3291653282461,0.5126112454409,0.3750759591551,0.5721780163597,0.4470774948127,0.4522135628987,0.4238521953795,0.4521389321485,0.3423069981663,0.8474596862211,0.5211408570475,0.7905578391528,0.3738470764287,0.5828256294407,0.5499504139170,0.7159341793035,0.4677096643310,0.7887754293741,1.0000000000000,0.7112730778060,0.4685995593136,0.6741999620329,0.8095234821515,-0.0097294362343,0.0193525731488,0.5102476894780,0.7959152499381,-0.0489536825504,0.4168380074347,-0.2172394665303,0.5374244357528,0.1098039169560,-0.4790797637618,-0.0497732223160,-0.3298430617526,-0.2555991522719,0.4804236496978,0.0107588008773,-0.1816668251049,0.2609868757099,0.0008660343375,-0.1420707394063,0.0791388480530,0.2483770164755,0.2096654841254,-0.2435612058144,0.1175733217215,0.2719921240378,0.1083135003033,0.2916488371343,0.3398335910540,0.3515520809166,0.4005238649513,-0.1556302229816,0.2389027169295,-0.0339468097862,-0.0054117354092,0.1300124068839,-0.3598275643479,-0.4560175543205,-0.0335826024577,0.2480652328745
0.4845355745732,0.5046465276135,0.8343434103819,0.6658638455657,0.2825421400301,-0.2818473195430,0.2178029683924,0.2531891788610,0.1439233090252,0.4740747068555,0.1570801114420,0.4205582447173,0.3449271980764,0.3720590354167,0.2110277425305,0.3644085829287,0.3972077941079,0.6976778338002,0.3133494380506,0.5983968667455,0.3332214904114,0.6439497450662,0.6013693557900,0.7798667127185,0.3928389953147,0.7014572446585,0.7112730778060,1.0000000000000,0.4350985596704,0.4703991406121,0.7495321127970,0.1023443652949,-0.0467749226875,0.4262049267484,0.6579095714987,-0.0012021514086,0.3906168956869,-0.1981722774709,0.5931655746511,0.0202612756174,-0.4772781782379,-0.2137537476993,-0.2465979680415,-0.3117394691724,0.4250717153071,-0.1151982392730,-0.1832638784421,0.1572513515785,-0.0018550499198,-0.1498755268189,0.0604734263781,0.3917311752554,0.3126722932911,-0.2537511492300,0.1257751518692,0.2059266814899,0.3106515026003,0.4023000245705,0.5107846315446,0.2972068665657,0.4018771081890,-0.2124591724943,0.6374220868318,0.0283523938912,-0.0267419303656,0.2353727286376,-0.2766609698376,-0.3810602154520,0.0085581265541,0.2581271283034
0.1630444851543,0.1847755283728,0.3938424520192,0.4377475594000,0.5302521668041,-0.2344060069576,0.1916350504170,0.3781327082087,0.1497637655893,0.3627265894567,0.4036414501173,0.2649044911406,0.5477820169099,0.2449253806405,0.0238639972253,0.2985604100305,0.5330579893882,0.3512588686086,0.1547425710085,0.3220245889992,0.5475417070776,0.7072648615807,0.5094267566427,0.6347478777547,0.6664524424933,0.4117489417707,0.4685995593136,0.4350985596704,1.0000000000000,0.2571144106107,0.5881641739113,0.0405955191428,-0.0293106060009,0.3629798392577,0.4128324635172,-0.2855855310841,0.1074541908187,-0.2604181102746,0.3583224890625,0.4562036378460,-0.4505033414885,-0.0604232459682,-0.1220604942582,-0.2041180539092,0.4090350543206,0.2221732781171,-0.2496925464403,0.4905845386002,-0.0248915814734,-0.3038302542636,0.0737093046579,0.4732523294074,-0.0413522917406,-0.3634852109975,-0.1385489921947,0.5490231544880,0.2169844258801,0.2993222485937,0.3054005257448,0.6203368368663,0.1588998300184,-0.3189516873780,-0.0057051681553,0.6850612823119,-0.2075572417880,0.0781690883501,-0.1730281436642,-0.2971615751210,-0.0776026723935,0.0180357235987
0.6287429648006,0.4064046125356,0.4942453665630,0.4681913763565,0.2343202601607,0.0567588691771,0.6694968684491,0.2104497675371,0.5942072103262,0.4380073076817,0.4822836526724,0.7623926223015,0.4045009265326,0.5972383513972,0.7641413095762,0.5698716678436,0.2078816240269,0.6963399102988,0.7638984249420,0.8152529019723,0.3490792233863,0.5121208680481,0.2788135280580,0.5697234822761,0.2715887737983,0.7054822446502,0.6741999620329,0.4703991406121,0.2571144106107,1.0000000000000,0.6009016734437,-0.1994710364001,0.2607551958359,0.6856958101234,0.6840293888489,-0.0254528041756,0.1918023851452,0.0307101957953,0.3438667453418,0.0210439848028,-0.2058731167835,0.2323237566431,-0.3715193938898,0.0060560273540,0.3716607318348,0.0469833100067,0.1234392411204,0.2073370905784,0.1675890774319,0.1374019068151,0.2763408173715,0.1127467612759,-0.0291616885993,0.0371179118036,0.0104731913737,0.2623033482337,0.1341408744217,0.0233311590148,0.2986552802485,0.1724809297737,0.1919975622180,-0.3812263509330,0.1658918862521,-0.0768001894711,0.3103220624237,-0.1227993169898,-0.4792914676002,-0.3644017252602,0.0566296675382,0.1184355031913
0.6491739848635,0.6248505430068,0.7193975049938,0.7055419119869,0.3366487665474,-0.3554316845226,0.3901749034703,0.5413263030228,0.3152631810926,0.6042635676320,0.4595158131626,0.5068602393971,0.4485193031610,0.4606545470961,0.3730346039729,0.3943677719444,0.4354676647204,0.7618805153155,0.4332832006189,0.6663782606916,0.4421162772327,0.6647096236967,0.6805559560186,0.8161934720484,0.5662413100925,0.7693722352018,0.8095234821515,0.7495321127970,0.5881641739113,0.6009016734437,1.0000000000000,0.0524856065938,-0.0394267655843,0.4757364655514,0.7967498588702,-0.0514813798659,0.4003488811678,-0.2930889020370,0.6264110588209,0.1352061619729,-0.5299031828202,-0.1377490358769,-0.2124312479351,-0.3476537636892,0.5170579551311,0.0971147926914,-0.2144029931949,0.2631475929834,-0.0243395011929,-0.2512667708293,0.0350455846127,0.3636944690000,0.1040986559278,-0.4050052658340,-0.0511658335761,0.3238235387774,0.1258977169455,0.4102873863679,0.3259902735806,0.4387408405517,0.3649812397771,-0.2874793285317,0.2233988590158,-0.0059383036358,-0.1400721264965,0.2310263295097,-0.3959164622661,-0.3967297931996,-0.0867571508334,0.2205111880426
0.0690160283438,0.0109931068061,-0.1127537150171,-0.0161868305887,-0.0453414440239,-0.2447389026286,-0.3263049514449,0.1900497567186,-0.3166556176049,0.0325582360393,0.0197249917190,-0.1857078788041,-0.1169852896644,-0.0878725093165,-0.1831723191353,-0.2383430783487,0.1556730399993,-0.0946784910450,-0.3585906896992,-0.0977253021640,-0.0031047442045,-0.0322803613943,0.1682103691077,-0.0207972277777,0.0927105414015,-0.1572207105063,-0.0097294362343,0.1023443652949,0.0405955191428,-0.1994710364001,0.0524856065938,1.0000000000000,-0.2079991536534,-0.1451968061694,0.0354518115083,0.2095684916850,0.0579201838164,-0.4297363490417,0.1506490692123,0.0069595980569,-0.0478127501046,-0.4455143715520,0.2229496620248,-0.4173921490834,-0.0049722480701,0.0427321001797,-0.5102547458501,-0.0777316191701,-0.2441360266999,-0.2145184462339,-0.2610921316477,0.2680185139735,0.0137908645620,-0.4946940297072,-0.0653906045846,-0.0422041978112,0.0147066582178,0.2723843996093,-0.0209247016082,0.0611841331291,0.0304210921449,0.2111202446313,-0.0290000363745,-0.0912069250512,-0.1716856501422,0.2353948446717,0.5919123658308,0.4057930176024,0.0459849483080,-0.0117872894238
0.0254681488350,-0.0580084595527,0.1502384397843,-0.0687710590440,-0.0390965919309,0.6895066284208,0.4815772518511,-0.0066603555639,0.4980119750664,-0.0880062098618,0.0502704266160,0.4759335168846,0.0225173754514,0.5280843699212,0.3927513670118,0.3917075821289,0.0025027391805,-0.0247109450916,0.4785901065404,0.1368998252997,-0.0459464666887,0.1043547508107,-0.1506930068623,0.0562171805062,-0.0577004653857,0.0981407595729,0.0193525731488,-0.0467749226875,-0.0293106060009,0.2607551958359,-0.0394267655843,-0.2079991536534,1.0000000000000,0.0553237217324,-0.0125967017501,-0.2107220249422,-0.2138352545145,0.3152257523714,-0.1336471207137,-0.1062598745868,0.2642867880146,0.5148246451899,-0.1146031286836,0.5565787352262,-0.1074081188425,-0.1208991789982,0.5252370563857,-0.0735567494499,0.4619490403207,0.2913355392519,0.3909748126893,-0.0358627810236,-0.3162632388897,0.4112197351607,-0.2612956474924,-0.0573335786153,0.0166879168102,-0.2048224460251,0.0417231791346,-0.0901727960166,-0.2276928557348,-0.3149514339496,-0.0280950687811,0.0637740217834,0.0954284392353,-0.2664947455881,-0.2391707019877,-0.0194281775727,-0.1648129831716,-0.2153023249247
0.3450815353791,0.3490747637318,0.2968908573479,0.4989352337291,0.5209107899151,-0.0587943685470,0.3555299306061,0.0481902129701,0.2569023244500,0.4680103347244,0.3135231367008,0.5037579402837,0.5651256414743,0.3448648264927,0.3727163304594,0.4493930045242,0.4631258096469,0.5024727196365,0.4069203267042,0.4378259811344,0.5078187382198,0.6339234596517,0.5258562022646,0.5719220197291,0.4363579926285,0.4807498950735,0.5102476894780,0.4262049267484,0.3629798392577,0.6856958101234,0.4757364655514,-0.1451968061694,0.0553237217324,1.0000000000000,0.5624953207849,-0.0705843737968,0.3403874732078,-0.2375617050256,0.2668925748487,0.3582015644575,-0.3091799139357,0.0737298870325,-0.4906395236239,-0.1208282414389,0.5249164293701,0.0683132943053,-0.0112994102296,0.4574530531239,0.0047384378372,-0.0671501127281,0.1410226900016,0.3477202774219,0.0287311494536,-0.1172704525962,-0.0378561664863,0.5269455295920,0.3596779611273,0.3468136144295,0.3946031207319,0.4175228937645,0.1829278833353,-0.3583618044371,0.1065303344236,0.1407348936569,0.3080408975598,-0.0475419535848,-0.3035097120752,-0.2538190176153,0.4849190633401,0.2557589987986
0.5930250447151,0.6659230643498,0.5848499175874,0.7112646692491,0.3245831647997,-0.2855865689338,0.3855699155301,0.2734815401993,0.2719559827803,0.5529591238344,0.3642033522811,0.5491568549377,0.4631262061232,0.4597163664636,0.3641563399090,0.4852452787067,0.4027689051534,0.7828073380450,0.4277739064103,0.7457635925865,0.4491267396537,0.5915030760217,0.6227332653244,0.7320388924837,0.4724430255573,0.8206172725477,0.7959152499381,0.6579095714987,0.4128324635172,0.6840293888489,0.7967498588702,0.0354518115083,-0.0125967017501,0.5624953207849,1.0000000000000,-0.0179271089458,0.5020061071547,-0.3067442615051,0.7197588967498,0.1204910562396,-0.3822238609357,-0.0811204156807,-0.3536191244099,-0.3259914650035,0.5021355804693,0.0351385093245,-0.1886141281424,0.3168674374621,0.0792098486716,-0.1533402838683,0.1776617391210,0.3328072442256,0.2261302480868,-0.3092864654818,0.1538996046869,0.3348595303241,0.1396964518420,0.4011038333418,0.3405394105059,0.3593289670415,0.5570735393594,-0.1934308884924,0.1735375089309,-0.1396996536420,0.1285846365923,0.1319198211550,-0.3289682925424,-0.3239756638200,0.1510467215422,0.5143551088403
