1.0000000000000,-0.0662091301327,-0.1565072781609,0.1196969871702,0.2237376332566,-0.2311242248000,0.0457269898758,0.3246689290445,0.0444076633312,0.3558290522539,0.2736530942648,-0.1955344639707,0.1594186129561,-0.0041432226494,0.6018807791344,0.0466832716636,-0.0075959051829,0.2045908542888,-0.0193278176066,0.0221308793881,0.2482598549908,0.1190672069148,0.0035515797421,-0.0166965812764,0.2873251624256,-0.0330055461590,-0.0847733460865,-0.0995744115658,0.1010143160266,0.3601613747169,0.4312121539279,0.1490548706600,-0.2111898070272,0.2108320900739,-0.0019353965956,0.7584181040195,-0.0419952606486,-0.0502184518631,0.1203961552560,0.2010700306020,-0.1607268379200,-0.1121790738895,0.1469648782672,-0.0928538318606,0.3020306704458,0.0903294942514,-0.1349202904620,0.1072729279832,-0.1154050603197,0.4657056296170,-0.0733406458013,0.0130165619158,0.3784147053931,-0.0612385138900,0.1177860266754,0.1269155502054,0.1594591668463,0.0149363682026,0.0635632741231,0.2231853452134,-0.1942568704057,0.1319934250959,0.1418495378680,-0.1215286511691,0.3719765867584,0.1159805829029,0.1547974552993,-0.0022226144401,0.2021748069093,0.1568301040391
-0.0662091301327,1.0000000000000,0.2783710839740,0.6672018313891,-0.3183274651664,0.1250206300485,-0.2199852093634,0.0240468057575,-0.1540350981555,-0.2066766283762,-0.3621812692401,0.4177717006962,-0.3956960835304,0.2159872927232,-0.1586079344634,-0.0040536378723,0.0010571671905,0.3326572634230,0.0650153544580,0.2760108889552,-0.3963801985391,-0.0665301282092,0.5747740293811,0.2880009679520,-0.0519779360125,0.6665476340490,0.6126854804397,0.4421822209691,-0.3182943316005,0.2521670514396,0.0786595330241,0.2137907658376,0.2172582512580,0.3353764271649,0.7470009346360,-0.1362554902632,0.8515586156386,-0.0707439422858,0.6157239609872,-0.3870655871993,0.1662379932263,-0.2368391822678,-0.0370193330904,-0.1540733658735,-0.2514387832295,-0.2905866122149,-0.0444170667494,-0.3274647076572,0.1003208900560,-0.3222362605316,0.0068063439675,-0.0001989650298,0.1716168186826,-0.1577987014136,0.0585156192505,-0.4031450325046,-0.1328831485475,0.5794808168308,-0.0215015933496,-0.2042584211956,0.5696567515155,0.0598575975613,0.2865818993583,-0.3860744489586,-0.0194822199975,0.2256187556712,0.0739641607463,0.0020447118182,0.1701048711587,0.5269169163418
-0.1565072781609,0.2783710839740,1.0000000000000,0.4169613825450,-0.3575057724085,-0.0127241590426,-0.2597571264567,0.2175162336108,-0.0319193765271,0.0043514489641,-0.4348107747945,0.3916001687485,-0.4214766022088,0.1976140317743,-0.1531972687343,-0.1671088222161,-0.0533368520827,0.3983582482974,0.2647478661854,0.4598370502932,-0.3957797767646,0.0843383774482,0.2780569343565,0.4919849125575,-0.2444652030521,0.4712564512023,0.5254375823862,0.7781745086531,-0.0936576044195,-0.1273280177881,0.2082853290925,0.2347345925016,0.1198199059032,-0.0669403092034,0.3516859519342,-0.2431379151868,0.1218488378473,0.2947642595003,0.4004684420301,-0.4552918458471,-0.0600817499684,-0.2910952510911,0.1968833206012,-0.1096347443664,-0.2535236779617,-0.3351192998655,-0.0137714881191,-0.4322200207061,0.0247419886563,-0.2606228584024,-0.0684738247629,-0.0497767386394,0.1560405878002,-0.0550384516194,-0.0563572099235,-0.4186604333950,-0.0272892897396,0.1358633477334,0.0248043564637,-0.3625743523259,0.3113864904797,0.0197487363144,0.3575049115005,-0.2627954282190,-0.3229347111739,0.0249208169719,0.0922164231075,-0.0919523783888,-0.2068411937366,0.0025169790700
0.1196969871702,0.6672018313891,0.4169613825450,1.0000000000000,-0.1629408501489,0.0925445160876,-0.0614461077018,0.2180314629911,0.0514236979664,0.2118267649674,-0.3600607032346,0.4337305974162,-0.2314161770507,0.3526816804948,0.0584384457249,0.0862666188775,-0.1190421022698,0.3352454342243,0.1245181409350,0.3641811978215,-0.2359103798677,-0.1239405562885,0.6460418996961,0.1843301306440,0.0896916434589,0.7012096149405,0.7009376128962,0.5011382712503,-0.2189789166137,0.3219569599100,0.2881713526001,0.4864455345693,0.1543347123870,0.3134531089080,0.6347038710228,0.0230972212898,0.4989993382209,-0.0473291227000,0.8220689334118,-0.2947708283263,0.1457598202879,-0.2610830116422,0.0221381017916,-0.1816434897833,0.0680207143415,-0.3939874916613,-0.0659292870457,-0.2344332073906,0.1414215127896,-0.2037894132806,0.0526982231644,-0.0590365784090,0.2204846658290,-0.1772387946011,0.0045541693772,-0.3121333559752,-0.1399138961396,0.4824654369783,-0.1321033633239,-0.0848712651176,0.5031242444052,0.1975718516365,0.2097960310132,-0.4233519621263,-0.0076604498812,0.0441736357071,0.2604864678716,-0.0333172497626,0.1577782265306,0.4294383018310
0.2237376332566,-0.3183274651664,-0.3575057724085,-0.1629408501489,1.0000000000000,-0.2505174543899,0.2025359862611,0.1536499334826,-0.0594500597433,0.4426623522245,0.6124187004380,-0.3189302904776,0.7987134931940,-0.1443098457571,0.0728797915610,0.3089501396656,0.2243734990039,-0.2593961407538,-0.2045306766938,-0.3589544352278,0.8224335927664,0.2319043920729,-0.0768839516139,-0.2044298754151,0.6788675620439,-0.2964864456458,-0.3281988099946,-0.3136162826086,0.5047864404965,0.0374204261055,0.0395214675256,-0.1886770368251,-0.1701907728189,0.1625981219298,-0.2803982778422,0.2182225491306,-0.2611086555751,-0.2572756170863,-0.2370795854918,0.8972351141657,-0.2509111709955,0.2717555056537,0.2275790837689,-0.0564631986151,0.5885426185097,0.4910552201737,-0.1301803683854,0.7988597522615,-0.1430860517618,0.0863937416908,0.1962203013713,0.2006152382703,-0.2010043837348,-0.2036517945167,-0.2499592779856,0.8173511347527,0.2597890331273,-0.0262277060403,0.0606874257453,0.7630806661149,-0.3842271257495,-0.1747808075108,-0.2832432288123,0.5251404213287,0.1340343010657,0.0181504585722,-0.0400368257148,-0.0945254212763,0.2755706501870,-0.0430789713344
-0.2311242248000,0.1250206300485,-0.0127241590426,0.0925445160876,-0.2505174543899,1.0000000000000,0.4025290308077,-0.0791296894321,0.4104370147183,-0.2068099940036,-0.1308324630068,0.2776980781223,-0.0958665901229,0.1349220406237,0.1749054122686,0.3372187856222,-0.3082887400406,-0.0435586462580,0.3096525735605,0.1078459253192,-0.1796187173321,-0.4531964150012,-0.0733665966223,-0.3146270908627,-0.2923135815298,0.0056004845153,0.0949997694823,-0.0613492566494,-0.3070462654499,0.1236411407755,-0.1903455287220,-0.0053414007961,0.4658022747873,-0.0483687174563,0.0241999311598,-0.2964423447156,0.0678240283727,0.0759012049727,-0.0495470783847,-0.1865974808359,0.4724184343827,0.3146400115208,-0.2070701059264,0.3332572368100,-0.1102566056481,-0.0332512712338,0.3311679555774,-0.0770097471872,0.2945268612222,0.2222177510466,0.1976733135640,-0.3313939707750,-0.1274217728865,0.3658571521230,0.0299479132307,-0.1178024786769,-0.4138722841765,-0.1599736277790,-0.3785236406127,-0.2536217048652,0.0322046863469,0.0107181595899,-0.1025279610728,-0.2799758774280,0.0239607388731,-0.2966188028694,0.0632804441572,0.0884376458197,-0.1736564479074,-0.0280063644696
0.0457269898758,-0.2199852093634,-0.2597571264567,-0.0614461077018,0.2025359862611,0.4025290308077,1.0000000000000,-0.0493753004720,0.7155726404202,0.0733364847471,0.4812836541054,0.1970168757051,0.4480881103143,0.2583467412926,0.5042892595821,0.6297701098677,-0.2640237784334,-0.2736663536923,0.3725895642396,-0.0704813335147,0.2920079885377,-0.3842244333422,-0.3600897652177,-0.5028890466874,-0.0179480259258,-0.0678515305527,-0.1613888565113,-0.2623233723441,-0.0257750384556,0.1827773793487,-0.2260238003872,-0.0203677911309,0.1844881032884,-0.1402611927786,-0.3170854284648,-0.0576462018533,-0.2938696890861,0.0453496367258,-0.1667735125433,0.2182764588879,0.1479339962166,0.8130566648645,-0.1496082452560,0.5869414518823,0.2334016920395,0.3867906700215,0.4155676889809,0.3348207210574,0.3056302913399,0.3869642707436,0.5218827108268,-0.2641006313644,-0.3373091757450,0.2340652789076,-0.3162960519240,0.2872769968276,-0.2565501999982,-0.4085128933267,-0.4183460276703,0.0780146288343,-0.2181668572228,-0.1188856202322,-0.1973105070655,0.0047468641086,0.0366592361579,-0.3704510724484,-0.0559233645566,0.2137401569700,-0.2075354466099,-0.2108526953461
0.3246689290445,0.0240468057575,0.2175162336108,0.2180314629911,0.1536499334826,-0.0791296894321,-0.0493753004720,1.0000000000000,-0.0524450224283,0.1989105407483,0.1161077048261,-0.2092318906025,0.1231631602627,0.1382588115219,0.0489726426071,0.0300641952463,0.0131601634828,0.0628119751911,-0.0596247498232,-0.0036859136556,0.0845068535917,-0.0273509383810,0.0401030968638,0.1193916091111,0.4860556722131,0.1190555270699,0.2319657054578,0.1264154735244,0.4935472724343,-0.0635737462282,0.4116295871575,0.2265334313226,-0.0885220274712,0.0270007703930,-0.0529679610225,0.1548970858310,0.0260941975720,0.3209345470786,0.2174087337850,0.0791571651679,-0.0334740091903,-0.1665646434707,0.3212121392120,-0.1575854596125,0.1245982386365,0.0235953028885,-0.1497924618408,0.0779699397200,-0.0329197784670,0.0974133619781,-0.0803117453479,0.0127204408569,0.1622281179311,-0.0405276614026,-0.0068749431304,0.0451976464122,-0.0234611339876,-0.0474534174806,0.0557448941086,0.2390985184617,0.0966208893632,0.3342672613737,0.3294669185960,0.0551275366162,0.0071454959755,0.0092502419064,0.2506474417833,-0.1626536909481,-0.0234655675955,0.0076101053923
0.0444076633312,-0.1540350981555,-0.0319193765271,0.0514236979664,-0.0594500597433,0.4104370147183,0.7155726404202,-0.0524450224283,1.0000000000000,-0.0682777067918,0.1672628579845,0.4379074923595,-0.0233533517256,0.4033419339927,0.6193390711458,0.3863371274959,-0.2513813821286,-0.1047403960294,0.6256559664722,0.0601591934294,-0.0376253558419,-0.3220551573050,-0.2474107250020,-0.2807035653294,-0.2743949531242,0.0897385719364,-0.0239491921381,-0.0194937373047,-0.1138040546947,0.1950377824662,-0.0411220701854,-0.0108325415343,0.2216148566935,-0.1182238852853,-0.2468465412793,-0.1153857459987,-0.2624987753773,0.2300826320527,-0.0952474168948,-0.1051268521345,0.0976274191469,0.4787612240923,-0.2182883967637,0.7049682562851,-0.0817311259606,-0.0062222610892,0.6161304280411,-0.1367097563653,0.4339159290656,0.3837713244637,0.3269565943874,-0.2182502467796,-0.1945886318531,0.3457355515845,-0.2579171655511,-0.0747332841965,-0.1950043010944,-0.3557729963129,-0.3020590808099,-0.2395115158830,-0.1137465529089,-0.1461469678842,-0.0378198381409,-0.1321923286158,-0.0662784811902,-0.3411517387106,-0.1787379149084,0.1890472193292,-0.2389029347482,-0.2006493114831
0.3558290522539,-0.2066766283762,0.0043514489641,0.2118267649674,0.4426623522245,-0.2068099940036,0.0733364847471,0.1989105407483,-0.0682777067918,1.0000000000000,0.1495731954945,-0.1908265266932,0.4041300404176,0.0609209576182,0.2599731223431,0.2838594277079,0.0551945552473,-0.1256168883626,-0.0650671034212,0.0097431155364,0.3723125051443,0.1135250537884,0.1765509316417,-0.1625747213598,0.4832527891213,-0.0536560186697,-0.1381802967756,-0.1129459941264,0.1519432222312,0.2014281325179,0.1715868920662,0.0460216819844,-0.1287917876035,0.2235667942580,-0.0756801592235,0.2700443299062,-0.1959631721113,-0.1895162941899,0.1511085940696,0.3688418669691,-0.2168281943957,0.0272005155010,0.2730496381130,-0.1848985407692,0.8161370433603,0.0668016235187,-0.1652109009615,0.4005530030817,0.0284246090188,0.1769294354556,0.2393045637360,0.0608616646627,-0.0723620788586,-0.0815766160750,-0.0919981629042,0.3187506288651,0.0868425551149,0.1226346431753,-0.0817153756260,0.5173186618278,-0.0585026137199,-0.0261902448413,-0.1817267685344,0.1014744639142,0.2339619040827,0.0283824868865,0.1715867451033,-0.0849761842434,0.1782469269888,0.0034742239306
0.2736530942648,-0.3621812692401,-0.4348107747945,-0.3600607032346,0.6124187004380,-0.1308324630068,0.4812836541054,0.1161077048261,0.1672628579845,0.1495731954945,1.0000000000000,-0.3108741167700,0.6998449032796,-0.2431152916918,0.2369755325109,0.1786714545653,0.1888908105428,-0.2893972895721,-0.0802485466639,-0.2836651599046,0.7214082341870,0.1622401475783,-0.4128428483315,-0.2315730914104,0.3981049693132,-0.2997759944121,-0.4589936331383,-0.4074550220561,0.5228853749873,-0.0220211012405,-0.0342928260872,-0.4082258518646,-0.1742308029179,-0.0955096804121,-0.4002773585609,0.3237897117090,-0.3843536934134,-0.0879450054750,-0.3090484713940,0.6182585904391,-0.1841963963447,0.5864288883231,0.2382180696755,0.2523516456528,0.3381363293337,0.8575963769834,0.0894313420025,0.6727159016022,-0.1946447115765,0.2827522659116,0.1074307287675,0.1259541249766,-0.1995399998128,-0.0230488509853,-0.1973797779450,0.7218591244420,0.1435347929426,-0.3039555059996,-0.0069139719246,0.4782536763623,-0.4397936342588,-0.2512940934721,-0.2206809742419,0.5059439043132,0.0251250910428,-0.0370796477372,-0.2778520820849,-0.0010167041507,-0.0546390158375,-0.2024133311656
-0.1955344639707,0.4177717006962,0.3916001687485,0.4337305974162,-0.3189302904776,0.2776980781223,0.1970168757051,-0.2092318906025,0.4379074923595,-0.1908265266932,-0.3108741167700,1.0000000000000,-0.3609266782676,0.5680150551137,0.2157382427520,0.1879214082266,-0.2470250960870,0.2476626820831,0.6465488586939,0.4294209872217,-0.3139658522293,-0.2497413634153,0.1858200702307,0.0585273502996,-0.3765969832515,0.6346717776104,0.5290529251780,0.4575952529904,-0.4031745158462,0.2831314937284,-0.2071485163648,0.2093029419847,0.3108648526989,0.1008548315444,0.3607981487829,-0.2620701396294,0.2139986532211,-0.0234622844634,0.2929731993746,-0.3666648804523,0.0929424983515,0.0830999119255,-0.1745343776857,0.3053665535296,-0.2678575783360,-0.2256194846675,0.4723198536020,-0.4084559094854,0.4741390489018,-0.0622196332975,0.2212697746754,-0.1834099033470,-0.1527245972046,0.1258451336988,-0.1707706837838,-0.3542000878990,-0.1754122635557,0.0564115906592,-0.2179546161891,-0.3806544583622,0.3668914419436,-0.1438404423611,0.1289643689891,-0.3376911716955,-0.1327883224212,-0.2169898116238,-0.0181404957471,0.1169074174220,-0.0528970855518,0.0895225219841
0.1594186129561,-0.3956960835304,-0.4214766022088,-0.2314161770507,0.7987134931940,-0.0958665901229,0.4480881103143,0.1231631602627,-0.0233533517256,0.4041300404176,0.6998449032796,-0.3609266782676,1.0000000000000,-0.1561633496891,0.0674147312814,0.3815952364911,0.0759523708581,-0.3275273585923,-0.1672313958631,-0.2910594993166,0.8548913038823,0.0755331373609,-0.2434969107717,-0.3460071729927,0.5514462566288,-0.3215951320120,-0.3680358808012,-0.4480320187108,0.4689116399509,0.0654052158309,-0.0654176400251,-0.2277700739763,-0.0641097405307,0.0473052137339,-0.3390849828156,0.1389253620291,-0.3516673268043,-0.2493834502793,-0.2786960826994,0.7817651446807,-0.1544196149085,0.5061148986119,0.1350765167008,-0.0072586878331,0.6203017545892,0.6448592767582,-0.0779274956439,0.9409336510329,-0.1357679219589,0.1764454860954,0.2634445822260,0.0655743852026,-0.2449646180233,-0.0753228682473,-0.2031738368955,0.8597805628401,0.0953521314190,-0.2068816440963,-0.0662731095630,0.6584123634185,-0.3717327279527,-0.1157093084305,-0.3822537329589,0.4688358002851,0.2359966361022,-0.0578135511925,-0.0147498199466,-0.0442675676198,0.1449692219283,-0.0646321933470
-0.0041432226494,0.2159872927232,0.1976140317743,0.3526816804948,-0.1443098457571,0.1349220406237,0.2583467412926,0.1382588115219,0.4033419339927,0.0609209576182,-0.2431152916918,0.5680150551137,-0.1561633496891,1.0000000000000,0.3211259230020,0.4017486833309,-0.2284372690624,-0.0161411319355,0.4910854364404,0.1295662068358,-0.2999742516655,-0.3019174594059,0.1309008797342,-0.0942809101654,-0.0933134037273,0.5367757207093,0.3215715225939,0.2730270877518,-0.1784191713269,0.1845795143310,-0.1172539578825,0.3977325076409,0.3471981369746,0.1110712241972,0.0618600906936,-0.1399058502928,0.0821160156860,0.0400853514905,0.2729792820026,-0.1974958681845,0.0678539534368,0.1241612978888,-0.0931108005981,0.2640712025381,-0.0380292744657,-0.2604224566717,0.3822073493488,-0.2294437056805,0.7863855687799,0.1371802975993,0.4321388474780,-0.1094535394499,-0.1511457157815,0.1450668203906,-0.2475766318861,-0.3097241727629,-0.1392998531625,0.0269783926593,-0.2171699538492,-0.1313266018520,0.4227497858498,0.0413925530138,0.2381753362014,-0.2121355773232,0.0555179743052,-0.2020402368504,0.1850921900691,0.2223509084735,-0.0412613468640,0.0155824114902
0.6018807791344,-0.1586079344634,-0.1531972687343,0.0584384457249,0.0728797915610,0.1749054122686,0.5042892595821,0.0489726426071,0.6193390711458,0.2599731223431,0.2369755325109,0.2157382427520,0.0674147312814,0.3211259230020,1.0000000000000,0.3544582998386,-0.2434471136967,0.0237740933634,0.4837593253843,0.1385695803908,0.0883900350886,-0.2061473839653,-0.2077068206537,-0.3319807730318,-0.0697814624248,0.0289431724403,-0.1207718254316,-0.1141920234847,-0.1587371361343,0.4362938310812,0.0386539527902,0.1372983463016,0.0542879243651,0.0933971819041,-0.1995679820937,0.3932176613501,-0.2373560635561,0.1148663494794,-0.0599145343257,0.0756943694164,0.0705598585078,0.2816942436485,-0.0885199278148,0.4179286452230,0.2407319268639,0.0737136585995,0.2771043307834,-0.0111230153200,0.2607110664535,0.6893815017694,0.2410899116673,-0.2115845312027,-0.0029306056022,0.2137381144014,-0.0257046325896,0.0244500142702,-0.0814300899949,-0.2514154571097,-0.2363912268949,0.0141612420566,-0.2411078386746,-0.0632214923812,0.0424759509881,-0.1790841189764,0.2465673427707,-0.1696232904452,0.0222767419381,0.1614566238690,-0.0203054202014,-0.0680065450939
0.0466832716636,-0.0040536378723,-0.1671088222161,0.0862666188775,0.3089501396656,0.3372187856222,0.6297701098677,0.0300641952463,0.3863371274959,0.2838594277079,0.1786714545653,0.1879214082266,0.3815952364911,0.4017486833309,0.3544582998386,1.0000000000000,-0.2646587878051,-0.2980664774571,0.1912629297648,-0.1042050534288,0.2110914872047,-0.3309673779672,-0.0482398564992,-0.4733296039405,0.1862010682960,0.0567871534165,-0.0929802377302,-0.1418380352471,-0.0910859856296,0.2180169465102,-0.2087150637526,0.1203441540133,0.2429291814990,0.0247959590611,-0.1000037045522,-0.1057751263016,-0.0908651168932,-0.1539294495786,-0.0190983177864,0.3080975305304,0.1566620132929,0.5193407330699,-0.0804245426034,0.3019684045444,0.3559771319225,0.1321171207795,0.2070314192781,0.3459643613360,0.4171769186071,0.2558034777297,0.8044610851833,-0.2484284160858,-0.3587577252475,0.0788758350342,-0.3263220318648,0.2321220823519,-0.2229163737330,-0.1058993601676,-0.4213906026144,0.2277434643385,-0.0435941183866,-0.1985834903847,-0.1525742763412,-0.0143168209806,0.1007195273555,-0.1870884663448,0.1306431508281,0.2404610722149,-0.0583953037345,-0.0662488942398
-0.0075959051829,0.0010571671905,-0.0533368520827,-0.1190421022698,0.2243734990039,-0.3082887400406,-0.2640237784334,0.0131601634828,-0.2513813821286,0.0551945552473,0.1888908105428,-0.2470250960870,0.0759523708581,-0.2284372690624,-0.2434471136967,-0.2646587878051,1.0000000000000,0.0355552154233,-0.2480103841092,-0.1553886889002,0.1810303296488,0.7630133492940,0.2531203089582,0.5764195064465,0.3846420922997,-0.0763594231875,-0.1446390822943,0.2049357549682,0.4338336076731,-0.0018647175968,0.0972717896307,-0.2255073271386,-0.1761925348916,0.2268530912556,-0.0087406758654,0.1206757129657,-0.0039654176735,-0.0716614468922,-0.1263185983615,0.1810360219954,-0.2574713376710,-0.0788841082595,0.1378705267500,-0.1929804643049,0.0500184490642,0.2068705024444,-0.2105360991193,0.1240627809266,-0.3099372770601,-0.2570930240669,-0.2204058545670,0.9157948364888,-0.0038274095697,-0.2606777544997,-0.0950520175832,0.2047954260393,0.6219536896372,0.3902197732199,0.6591094293686,0.4201866324345,-0.1494172163131,-0.2466984308552,0.1631340262525,0.5272134368078,-0.0218404342425,0.3280760923655,-0.1375079001309,-0.0663810424127,0.2385200746867,0.0234717486798
0.2045908542888,0.3326572634230,0.3983582482974,0.3352454342243,-0.2593961407538,-0.0435586462580,-0.2736663536923,0.0628119751911,-0.1047403960294,-0.1256168883626,-0.2893972895721,0.2476626820831,-0.3275273585923,-0.0161411319355,0.0237740933634,-0.2980664774571,0.0355552154233,1.0000000000000,0.2207105878134,0.6983241655965,-0.2210887240022,0.1500714707747,0.2982766539994,0.4606070957451,-0.2412486465921,0.2958284905404,0.5042624981523,0.4068886109139,-0.2628707942702,0.2997089678500,0.2662633688564,0.1941392383111,-0.0410701392031,0.3258403562517,0.5076660277225,0.0586534312210,0.3223826494981,0.0279981321008,0.2649601449090,-0.2930253255532,-0.0208706412512,-0.3963423218165,-0.0305104850326,-0.2850824048603,-0.2169738347487,-0.1811404446491,-0.1321214373215,-0.3552999565917,-0.1878524798753,-0.1371764629859,-0.3282404230811,0.0154225237315,0.5666630209548,0.0452954582265,0.4078259535209,-0.2753521040147,0.0586011321500,0.2111314908228,0.1981671722221,-0.2838701538504,0.1675839716982,0.2122412768166,0.2198326783107,-0.3341033149079,0.1131948781962,0.0170631213328,0.1370089945823,-0.0282091368939,0.2055494154852,0.3073164430603
-0.0193278176066,0.0650153544580,0.2647478661854,0.1245181409350,-0.2045306766938,0.3096525735605,0.3725895642396,-0.0596247498232,0.6256559664722,-0.0650671034212,-0.0802485466639,0.6465488586939,-0.1672313958631,0.4910854364404,0.4837593253843,0.1912629297648,-0.2480103841092,0.2207105878134,1.0000000000000,0.4502761068584,-0.1996781053261,-0.2574969825285,-0.0962755229114,-0.0856167000499,-0.3389128972397,0.2536574609624,0.2142180923066,0.2074341500038,-0.2311591398749,0.3071356350269,-0.0897578704043,-0.0708716048963,0.3098897536566,0.0220120542684,-0.0495387437825,-0.1792231355460,-0.0903172785957,0.1965860530906,-0.0359957955631,-0.2434215467692,0.1033616103715,0.2600215464437,-0.0889020330095,0.4358178047273,-0.0593686622376,-0.0627762451621,0.5659436909649,-0.2454691719017,0.4412638465539,0.2932307113527,0.1996785973352,-0.2152574679962,-0.1316618320164,0.5041241007099,-0.0595452373192,-0.2127659877498,-0.2135243551779,-0.2065852288691,-0.2490425501834,-0.3003597639504,-0.0059018842586,-0.1000838778332,0.0431614861283,-0.2517240871650,0.0333211607225,-0.2944903756833,-0.2000301480170,0.1450709738454,-0.1625133024800,-0.1677198899167
0.0221308793881,0.2760108889552,0.4598370502932,0.3641811978215,-0.3589544352278,0.1078459253192,-0.0704813335147,-0.0036859136556,0.0601591934294,0.0097431155364,-0.2836651599046,0.4294209872217,-0.2910594993166,0.1295662068358,0.1385695803908,-0.1042050534288,-0.1553886889002,0.6983241655965,0.4502761068584,1.0000000000000,-0.2783242286237,-0.0736971159274,0.1330650628249,0.2241560400266,-0.3547722629240,0.4872134847139,0.5527440544708,0.4078074290823,-0.2749988378785,0.3757716737693,0.0285343646763,0.2086572390531,-0.0060462837617,0.1752922122309,0.4612897920225,-0.1429126395714,0.1549035271608,0.1055541577802,0.2927387249084,-0.3906977215384,0.0577472406144,-0.1873686506860,0.0438983389155,-0.1438811364545,-0.0634750821607,-0.1344550666234,0.0189645654256,-0.3456391173035,-0.0611084373200,-0.0183823715504,-0.0677175760110,-0.1378421833373,0.2962876634768,0.1878680502477,0.3318130780848,-0.3165060513201,-0.0992875071635,0.0326475539819,-0.0013728656496,-0.3672948254084,0.2890517962527,0.1175435027342,0.1837744689737,-0.3273536469685,0.0999814378950,-0.0459428065437,0.1889322555847,0.0248027111525,-0.0115106333464,0.1347616713101
0.2482598549908,-0.3963801985391,-0.3957797767646,-0.2359103798677,0.8224335927664,-0.1796187173321,0.2920079885377,0.0845068535917,-0.0376253558419,0.3723125051443,0.7214082341870,-0.3139658522293,0.8548913038823,-0.2999742516655,0.0883900350886,0.2110914872047,0.1810303296488,-0.2210887240022,-0.1996781053261,-0.2783242286237,1.0000000000000,0.1914596676133,-0.2282590336430,-0.2203551428033,0.5203110374262,-0.3667167665746,-0.3456972716046,-0.4108727135225,0.4204016232592,0.0633160240210,-0.0260811044698,-0.2294695652804,-0.2202022802461,0.1345514744813,-0.2820881061315,0.2533419099837,-0.3396589911129,-0.2169486236468,-0.2477597677669,0.8296342328066,-0.2552272878858,0.3434402670702,0.1575679466883,-0.0184785976065,0.5414264088697,0.6560434681435,-0.0759765546074,0.8039257889217,-0.2372170088363,0.1347167704595,0.0482883248471,0.1817422571520,-0.1835307140218,-0.1353468066387,-0.1715024325607,0.9399606329778,0.2250163460334,-0.1185509342775,0.0880454511217,0.6419584151479,-0.4159818571592,-0.0975603287598,-0.3119987569457,0.4436233713533,0.1774918094377,-0.0987331862665,-0.0093199079088,-0.0952236355561,0.2376537385768,-0.0551530354951
0.1190672069148,-0.0665301282092,0.0843383774482,-0.1239405562885,0.2319043920729,-0.4531964150012,-0.3842244333422,-0.0273509383810,-0.3220551573050,0.1135250537884,0.1622401475783,-0.2497413634153,0.0755331373609,-0.3019174594059,-0.2061473839653,-0.3309673779672,0.7630133492940,0.1500714707747,-0.2574969825285,-0.0736971159274,0.1914596676133,1.0000000000000,0.2210381900178,0.6964457591342,0.2802077355432,-0.1258909017727,-0.1689742193728,0.1876283814207,0.4505273932689,0.0500947813648,0.3126485992141,-0.2164798424667,-0.2046227653388,0.2653669915012,0.1029157840533,0.1906435086409,-0.0447731476518,-0.1400616251196,-0.0794347298745,0.1884767804277,-0.3191283843238,-0.2037206718998,0.1254778797719,-0.2830438207300,0.0370703879512,0.1194450529678,-0.2906615144067,0.1286880499655,-0.3540828199791,-0.2513354519200,-0.2466880126298,0.6984727070544,0.1590845661590,-0.3217188376526,0.0362375923486,0.1940049254389,0.7369207462531,0.3028609287044,0.6909725694373,0.2990773462608,-0.2438124176064,-0.2827110189690,0.0757873022566,0.4950466730086,0.0676101927608,0.4703911691525,-0.1715286315619,-0.0771344354126,0.3268131739066,0.1536559269590
0.0035515797421,0.5747740293811,0.2780569343565,0.6460418996961,-0.0768839516139,-0.0733665966223,-0.3600897652177,0.0401030968638,-0.2474107250020,0.1765509316417,-0.4128428483315,0.1858200702307,-0.2434969107717,0.1309008797342,-0.2077068206537,-0.0482398564992,0.2531203089582,0.2982766539994,-0.0962755229114,0.1330650628249,-0.2282590336430,0.2210381900178,1.0000000000000,0.3922029050544,0.2284222410237,0.3628537395314,0.4150567135806,0.4293565477109,-0.1006537653955,0.2506314527727,0.4024999757687,0.2607413524648,0.0984755997478,0.4909506736393,0.5656524312659,-0.0575879961474,0.5385758004638,-0.2851788240349,0.4870921474736,-0.1619282752687,-0.0170283639698,-0.4239200716988,-0.0016677809414,-0.4011573252616,0.0534660545814,-0.4227746391127,-0.2556247723332,-0.1636899758006,0.0491817822418,-0.3976511771295,-0.0080721497744,0.2465906247536,0.1811827788246,-0.2162537032457,0.0846593139413,-0.2554257934151,0.0168843502829,0.8268231511659,0.1047351395338,0.0893059715449,0.3397356033131,0.0408344132933,0.0983913666623,-0.1564312208379,0.0509180679804,0.3077904891911,0.1441638452022,-0.0421563774655,0.3501662061779,0.4022787199823
-0.0166965812764,0.2880009679520,0.4919849125575,0.1843301306440,-0.2044298754151,-0.3146270908627,-0.5028890466874,0.1193916091111,-0.2807035653294,-0.1625747213598,-0.2315730914104,0.0585273502996,-0.3460071729927,-0.0942809101654,-0.3319807730318,-0.4733296039405,0.5764195064465,0.4606070957451,-0.0856167000499,0.2241560400266,-0.2203551428033,0.6964457591342,0.3922029050544,1.0000000000000,-0.0008969653415,0.2776903640946,0.3084374170535,0.5985047935771,0.2019665739698,0.0061805047327,0.3499199301882,0.0535778930549,-0.0882162097744,0.2351533002691,0.4131864403804,-0.0389138670963,0.2396510896237,0.1289133275246,0.1805104812219,-0.2586270703218,-0.2184162727500,-0.4375683964851,0.0402388452277,-0.2874455445002,-0.3329110715426,-0.2046495345131,-0.2339448716168,-0.3283433383537,-0.2632680278760,-0.4445777046765,-0.3730393643979,0.5713136891132,0.3449756412084,-0.2866012157634,0.0535357581699,-0.2428828518520,0.4869910315375,0.3820434967367,0.6911964982298,-0.1182988220603,0.1182730859409,-0.0810267864741,0.4407537246317,0.1199546821871,-0.1360194438980,0.4006224623517,-0.0159568470603,-0.1271504739297,0.1870837608697,0.2306125629809
0.2873251624256,-0.0519779360125,-0.2444652030521,0.0896916434589,0.6788675620439,-0.2923135815298,-0.0179480259258,0.4860556722131,-0.2743949531242,0.4832527891213,0.3981049693132,-0.3765969832515,0.5514462566288,-0.0933134037273,-0.0697814624248,0.1862010682960,0.3846420922997,-0.2412486465921,-0.3389128972397,-0.3547722629240,0.5203110374262,0.2802077355432,0.2284222410237,-0.0008969653415,1.0000000000000,-0.1272746500956,-0.0974969145270,-0.1673777533458,0.5756536022341,0.0430922406199,0.1985473159321,-0.0929470149611,-0.1699105081609,0.2184764170201,-0.1257194512389,0.2956954222790,-0.0067308031961,-0.1681961333743,0.0294014819108,0.6232118145288,-0.2297928129147,0.0627428787730,0.3425414212504,-0.2252409607696,0.5380048292557,0.3091630431778,-0.2724183981497,0.5933344584431,-0.1594558497456,-0.0559425176038,0.0911444260789,0.3879524639072,-0.1492060997654,-0.3113045434990,-0.1989591324381,0.5199406400289,0.2434901047604,0.2426405266835,0.1880485817847,0.8798165636866,-0.1765333340573,-0.0092419003954,-0.0454471674272,0.4620373833955,0.0716406188572,0.2315478453597,0.0502395657465,-0.1247012378605,0.2699859467167,0.0158736574890
-0.0330055461590,0.6665476340490,0.4712564512023,0.7012096149405,-0.2964864456458,0.0056004845153,-0.0678515305527,0.1190555270699,0.0897385719364,-0.0536560186697,-0.2997759944121,0.6346717776104,-0.3215951320120,0.5367757207093,0.0289431724403,0.0567871534165,-0.0763594231875,0.2958284905404,0.2536574609624,0.4872134847139,-0.3667167665746,-0.1258909017727,0.3628537395314,0.2776903640946,-0.1272746500956,1.0000000000000,0.7071526563327,0.6205630538354,-0.2083580318336,0.2368345466830,-0.0464844350630,0.3886669994817,0.1411786701348,0.1597376999824,0.6141019609560,-0.0984360205496,0.4395949968178,0.0546788548010,0.6598182570666,-0.4147570374627,0.0373235431705,-0.1343778914749,0.0486473447668,-0.0382659392317,-0.1956040491396,-0.2273551042948,0.1002032772307,-0.3525390413540,0.2524448941368,-0.1970827175502,0.1384533404788,0.0091090793393,0.1032874163150,-0.1917009617083,-0.1276250898990,-0.4098180169161,-0.0356212369981,0.2940521928669,0.0012621150871,-0.2497872448507,0.7120887637675,0.0241525168477,0.3984036184949,-0.2972555235871,-0.1013621900631,0.0466319910180,0.1872746320760,0.0121051701422,0.0107353073236,0.3573650282693
-0.0847733460865,0.6126854804397,0.5254375823862,0.7009376128962,-0.3281988099946,0.0949997694823,-0.1613888565113,0.2319657054578,-0.0239491921381,-0.1381802967756,-0.4589936331383,0.5290529251780,-0.3680358808012,0.3215715225939,-0.1207718254316,-0.0929802377302,-0.1446390822943,0.5042624981523,0.2142180923066,0.5527440544708,-0.3456972716046,-0.1689742193728,0.4150567135806,0.3084374170535,-0.0974969145270,0.7071526563327,1.0000000000000,0.6153355320339,-0.2775880387009,0.1914289269669,0.0589503482768,0.5108437200508,0.0861852363419,0.2424010931862,0.6213893194552,-0.2327337901213,0.4664063079809,0.0541321774453,0.6002390864678,-0.3651309731694,0.0235418801250,-0.3271229394798,-0.0647603851145,-0.1724477713799,-0.2303983745448,-0.3453135698991,-0.1054553409331,-0.3848746037289,0.0833583819107,-0.3551871459942,-0.1491008030466,-0.0736002977250,0.1776136957900,-0.1288036265097,0.0294960122359,-0.3898635495235,-0.1472624834205,0.3123171939572,-0.0179970268445,-0.2765238999126,0.5465799016889,0.3793673676378,0.3601069011840,-0.4164747943271,-0.1525615060652,-0.0498017151632,0.3392907196580,-0.1733237899955,0.0797534976924,0.2839187074838
-0.0995744115658,0.4421822209691,0.7781745086531,0.5011382712503,-0.3136162826086,-0.0613492566494,-0.2623233723441,0.1264154735244,-0.0194937373047,-0.1129459941264,-0.4074550220561,0.4575952529904,-0.4480320187108,0.2730270877518,-0.1141920234847,-0.1418380352471,0.2049357549682,0.4068886109139,0.2074341500038,0.4078074290823,-0.4108727135225,0.1876283814207,0.4293565477109,0.5985047935771,-0.1673777533458,0.6205630538354,0.6153355320339,1.0000000000000,-0.0597960520868,-0.0265330564267,0.1517068449713,0.3452086903209,0.0715300846883,0.0460802748361,0.4296624322798,-0.1603409306692,0.2457198510488,0.1773220665812,0.4464220024159,-0.4059706948893,-0.0856331284468,-0.3074559845633,0.0665777796880,-0.1197535006872,-0.3067194788947,-0.3245955613061,-0.0805387890529,-0.4533455901531,0.0145937794403,-0.3224727349386,-0.0644656157080,0.2074831853887,0.1590816652141,-0.2114187476536,-0.1519945768648,-0.4331754733200,0.1122493240098,0.3065742076642,0.1701340051292,-0.2872744396349,0.3527111857751,-0.0281627719803,0.6032023687105,-0.1558400647997,-0.3506234183088,0.0768863305905,0.1673777332186,-0.0590628341128,-0.1045448116234,0.0741361385540
0.1010143160266,-0.3182943316005,-0.0936576044195,-0.2189789166137,0.5047864404965,-0.3070462654499,-0.0257750384556,0.4935472724343,-0.1138040546947,0.1519432222312,0.5228853749873,-0.4031745158462,0.4689116399509,-0.1784191713269,-0.1587371361343,-0.0910859856296,0.4338336076731,-0.2628707942702,-0.2311591398749,-0.2749988378785,0.4204016232592,0.4505273932689,-0.1006537653955,0.2019665739698,0.5756536022341,-0.2083580318336,-0.2775880387009,-0.0597960520868,1.0000000000000,-0.2015891039113,0.2668255808423,-0.2087203389301,-0.1632042177580,-0.0721104059527,-0.3424456730613,0.1304429970355,-0.3499577136429,0.0373084719862,-0.1933386791142,0.4141207668921,-0.2709497776498,0.1113254443612,0.3934758422054,-0.1176379320870,0.2244091813688,0.4002959818304,-0.1747606839074,0.4618048514018,-0.2717830003301,-0.0032120358464,-0.0298867875749,0.3693235653585,-0.1008931536897,-0.1889226925070,-0.1722337565368,0.4425122179364,0.3076279137472,-0.1419315680540,0.2703993371276,0.4836279542986,-0.2841852157817,-0.1948228643431,-0.0032267721893,0.7523767481168,-0.0461448211571,0.2026251680337,-0.0904128143511,-0.1100759511216,-0.0063434775286,-0.1983506161494
0.3601613747169,0.2521670514396,-0.1273280177881,0.3219569599100,0.0374204261055,0.1236411407755,0.1827773793487,-0.0635737462282,0.1950377824662,0.2014281325179,-0.0220211012405,0.2831314937284,0.0654052158309,0.1845795143310,0.4362938310812,0.2180169465102,-0.0018647175968,0.2997089678500,0.3071356350269,0.3757716737693,0.0633160240210,0.0500947813648,0.2506314527727,0.0061805047327,0.0430922406199,0.2368345466830,0.1914289269669,-0.0265330564267,-0.2015891039113,1.0000000000000,0.1382477602572,0.1283643354440,-0.0062495059097,0.6810347362064,0.3420225263374,0.1369541866980,0.2424519945477,-0.0823172455387,0.1325180792532,0.0010921871404,0.0514830145131,-0.0105650390427,-0.2593114183562,-0.0389755307010,0.2321634083712,-0.0770541905523,0.0615095428035,0.0036438748492,0.1157805181123,0.1872820138521,0.1196607033536,0.0388942278922,0.1813500103301,0.0971229322003,0.2201113518058,-0.0103148722640,0.0800804711685,0.2278728751926,0.0671016022797,0.0569105285465,0.0608798457282,0.0222319635584,0.0172634196061,-0.2218483605662,0.6607985459292,0.0949454616427,0.1164170738080,0.0846270584644,0.5038899160700,0.4043215835408
0.4312121539279,0.0786595330241,0.2082853290925,0.2881713526001,0.0395214675256,-0.1903455287220,-0.2260238003872,0.4116295871575,-0.0411220701854,0.1715868920662,-0.0342928260872,-0.2071485163648,-0.0654176400251,-0.1172539578825,0.0386539527902,-0.2087150637526,0.0972717896307,0.2662633688564,-0.0897578704043,0.0285343646763,-0.0260811044698,0.3126485992141,0.4024999757687,0.3499199301882,0.1985473159321,-0.0464844350630,0.0589503482768,0.1517068449713,0.2668255808423,0.1382477602572,1.0000000000000,0.0476394711455,-0.0523609614651,0.2020008821184,0.1716114770604,0.2499463273973,0.1151532106030,0.0227029271435,0.2368389484260,-0.0651370163412,-0.0783721893527,-0.4155742834400,0.1046273333516,-0.3148494257211,0.0180726745321,-0.3109044134189,-0.1273395265422,-0.0642713085516,-0.1121299775192,-0.0596054585708,-0.1890881006677,0.0440354278955,0.4540026034328,0.0387161790419,0.2367390112447,-0.1257517338491,0.0685551789194,0.2453089189067,0.1073107425968,-0.0308455169844,-0.0612027567320,0.1797399284072,0.0914927623067,-0.1216398326130,0.1611494155718,0.3266293209383,-0.0259200105621,-0.1332499492886,0.1756522024193,0.2757983080353
0.1490548706600,0.2137907658376,0.2347345925016,0.4864455345693,-0.1886770368251,-0.0053414007961,-0.0203677911309,0.2265334313226,-0.0108325415343,0.0460216819844,-0.4082258518646,0.2093029419847,-0.2277700739763,0.3977325076409,0.1372983463016,0.1203441540133,-0.2255073271386,0.1941392383111,-0.0708716048963,0.2086572390531,-0.2294695652804,-0.2164798424667,0.2607413524648,0.0535778930549,-0.0929470149611,0.3886669994817,0.5108437200508,0.3452086903209,-0.2087203389301,0.1283643354440,0.0476394711455,1.0000000000000,-0.1523264974805,0.1592482295485,0.3165177225554,0.0107913792861,0.1542990887595,0.0001965907234,0.4529499494966,-0.2038936715287,0.1227984823818,-0.2858694140374,-0.1858394661167,-0.1953672598691,-0.0647386121758,-0.3931563476245,-0.3916873832706,-0.3077424215797,0.0902018477347,-0.0552830044145,0.0319531449753,-0.1630704858686,0.2052179384505,-0.3516497756414,-0.0094949182632,-0.2961777352846,-0.1119187737246,0.1634546719433,-0.1190355216281,-0.1863838459545,0.2996822625032,0.3625907845293,0.2962390776010,-0.3271143999696,-0.0427443417244,-0.1118836395139,0.7149589443063,0.0585257734369,0.0340902049486,0.1998577469551
-0.2111898070272,0.2172582512580,0.1198199059032,0.1543347123870,-0.1701907728189,0.4658022747873,0.1844881032884,-0.0885220274712,0.2216148566935,-0.1287917876035,-0.1742308029179,0.3108648526989,-0.0641097405307,0.3471981369746,0.0542879243651,0.2429291814990,-0.1761925348916,-0.0410701392031,0.3098897536566,-0.0060462837617,-0.2202022802461,-0.2046227653388,0.0984755997478,-0.0882162097744,-0.1699105081609,0.1411786701348,0.0861852363419,0.0715300846883,-0.1632042177580,-0.0062495059097,-0.0523609614651,-0.1523264974805,1.0000000000000,-0.0631470811800,0.0818745079791,-0.2085105156177,0.1523590029578,-0.0489600136725,0.0564723213646,-0.1879237006662,0.1952977073909,0.2415597683548,0.0052479095763,0.2382025121958,-0.0838914707087,-0.1006640630975,0.3393807901166,-0.0204287004994,0.4271632181830,0.0895446682905,0.2662092467479,-0.1712298830188,-0.1792827945615,0.2305361454587,-0.1557326385623,-0.1701606473801,-0.2231781986311,0.0054634128344,-0.2387121669633,-0.1641673604820,0.1303424146271,-0.2016080607713,-0.0812849452952,-0.1662292980780,0.0439108752821,-0.0369309754872,-0.2234807666007,0.0644264486876,-0.0556382903497,0.0187925911914
0.2108320900739,0.3353764271649,-0.0669403092034,0.3134531089080,0.1625981219298,-0.0483687174563,-0.1402611927786,0.0270007703930,-0.1182238852853,0.2235667942580,-0.0955096804121,0.1008548315444,0.0473052137339,0.1110712241972,0.0933971819041,0.0247959590611,0.2268530912556,0.3258403562517,0.0220120542684,0.1752922122309,0.1345514744813,0.2653669915012,0.4909506736393,0.2351533002691,0.2184764170201,0.1597376999824,0.2424010931862,0.0460802748361,-0.0721104059527,0.6810347362064,0.2020008821184,0.1592482295485,-0.0631470811800,1.0000000000000,0.4298804591402,0.0556525798532,0.3960748341608,-0.1905961535473,0.1662637173897,0.1087203163189,-0.1139733546200,-0.2176300481309,-0.2206768879548,-0.2445045659713,0.1777512857168,-0.1067727388830,-0.1489645653957,0.0475393814073,0.0578795245928,-0.1014998324237,-0.0724519835170,0.2384896334252,0.1713721624874,-0.0914651870985,0.2233202416103,0.1009920999661,0.1447015744318,0.5023575105977,0.2088975922949,0.1925414452795,0.1625078310338,0.1040396486020,0.0477713115551,-0.1020574648440,0.5292604880766,0.1390263284693,0.1859593326470,-0.0623617283647,0.7360973016285,0.4702795875893
