1.0000000000000,0.3902772316568,0.4479198919514,0.6357959807508,0.4433481848103,0.0669356383489,0.2466925016871,0.3660874820089,0.1644930582576,0.4705898141320,0.0981219669800,0.3751679790456,0.3803246093226,0.3917184982479,0.5280862027266,0.0798049655300,0.4412255706031,0.5465791271684,0.2749484189857,0.4996987084681,0.5355572970480,0.4607094768311,0.3866666657392,0.4674058679586,0.3146749282124,0.5529320219825,0.3133912208434,0.5056752919175,0.2347196652229,0.3594734899830,0.4042571431976,-0.0878916129008,-0.0483839099780,0.3079142758739,0.4332461760437,0.5875189346151,0.3736926410514,0.2837476201417,0.6602333089157,0.4300660378027,-0.0439275429457,0.0367278738018,0.2074758642794,-0.0338513928274,0.2868126893045,-0.1255264379087,0.4069315670597,0.2992929430700,0.4167327822047,0.2713183988197,-0.0375842901829,0.3961773292615,0.4820286018988,0.2394420956138,0.4825005788925,0.4784023988682,0.3473655259009,0.3629161047973,0.3938409635214,0.4030055569793,0.5103487603976,0.1838441933814,0.4154351127592,0.1246146615590,0.2280718003108,0.1824362062596,-0.2428603830071,0.1003646409077,0.1434825097580,0.3872537390693
0.3902772316568,1.0000000000000,0.3295749408308,0.5892072131579,0.1395938278756,0.0401039438005,0.0433210680415,0.2104409160266,0.0299080439288,0.2758916188750,-0.0616875064418,0.0961687098229,0.1064832788554,0.0713736168745,0.2194017969894,0.1869804055016,0.4259597292514,0.5327971563234,0.0472782971175,0.3252219502694,0.2432983872531,0.6177498178961,0.6356098939984,0.5880436867128,0.3614113085780,0.3690820203122,0.4587043644387,0.4306530963996,0.3407056699573,0.3101655300817,0.5214291671432,-0.1168096472439,0.0233304801263,0.2874044533578,0.4845078768385,0.2576609003859,0.7480853317889,0.1716619435372,0.5125151367888,0.2046026636251,-0.0787995348889,-0.0378364319911,0.1463653558222,-0.1268687963730,0.2315787255453,-0.2246934099792,0.1456799528450,0.1278592706854,0.1407856599290,-0.0899679233152,0.0471564328066,0.3379088662426,0.5360507576677,-0.0083313423100,0.3645494693209,0.1811618277281,0.4756507209883,0.5950597397104,0.5527456770139,0.4291657406711,0.3512579288723,0.3823374709541,0.4282022201315,0.2909228895638,0.1709397713618,0.3705889021280,-0.0881310611959,0.1545781849071,0.1791744101265,0.5093596492806
0.4479198919514,0.3295749408308,1.0000000000000,0.4389833863928,0.1541468063519,0.1585622162157,0.1885622370095,0.5424171624118,0.1575868350820,0.4686984646308,-0.0402080545765,0.2622210920610,0.1813503246808,0.3033500298678,0.2984646581030,0.2116876049461,0.5786202190776,0.5085868425336,0.3385284036605,0.5112135519577,0.2831560708923,0.4626838728144,0.3702449486463,0.6354561281035,0.2674736740959,0.4226704458540,0.5959512258207,0.7985548433741,0.2751090402850,0.1394304456700,0.2001565186300,0.0098616362876,0.0448638193809,0.1375984930124,0.2433632820041,0.0531065193317,0.2164972516597,0.6822332361676,0.4680140214560,0.1254428245314,0.0538768571194,0.0329467414710,0.1384210383141,-0.0854433595585,0.2544910216317,-0.2381038574381,0.2703806941061,0.1280600969545,0.2670538649399,0.0036934349320,0.0343062689359,0.4745712543541,0.3486789568212,0.1405090323473,0.2470981965866,0.2317009658405,0.3885877770464,0.2204555079508,0.4436892362924,0.1474983992968,0.3810502658322,0.2998989002347,0.6591990279286,0.0355967125832,0.0295985655101,-0.1237534678859,-0.1749590674255,0.1350864777081,0.0101239920458,0.1717434567415
0.6357959807508,0.5892072131579,0.4389833863928,1.0000000000000,0.3524025159439,0.0296244360164,0.3450392051698,0.2848661680823,0.2377811810882,0.5545071950283,0.1116768244565,0.4438265258074,0.4153049786389,0.3901366735556,0.3196749528265,0.2471099369485,0.5127996133504,0.6377200990027,0.0577649333218,0.4132708375308,0.5402800481386,0.5216295506191,0.6911351628049,0.5296935251973,0.5229490294480,0.5502581890936,0.4248092768246,0.4661001124107,0.3583305657591,0.4016934665914,0.5663411002406,-0.3310596329342,-0.1480573056915,0.3943372523253,0.5274967049730,0.5281282219706,0.5944720774239,0.2604315021660,0.8810345816233,0.3433678216132,-0.0557908879191,0.0948402199681,0.2525190405820,-0.0131514255249,0.4392886058416,-0.1496669457700,0.5286322405809,0.3088892148273,0.3761995505764,0.1600158605327,0.0963726987126,0.3952903925725,0.6046148782048,0.2482411425923,0.4808784658843,0.4705969470950,0.3570665155190,0.6032112566518,0.5404535462625,0.5862334723507,0.5520172792511,0.3213877027819,0.3607401892053,0.1704843080262,0.3820691332689,0.2873415803616,-0.4622512474597,0.1397898633224,0.2452903301785,0.6308014735364
0.4433481848103,0.1395938278756,0.1541468063519,0.3524025159439,1.0000000000000,0.0240736063460,0.1428744615865,0.3628180404848,0.1004001839875,0.3593780554043,0.2898078445575,0.3664121774442,0.5176328578140,0.3745339617546,0.2481182635097,0.1676926646497,0.1431345893554,0.2149569077293,0.2059556568355,0.2123484308304,0.6776069101867,0.1950179673517,0.2211745144562,0.1659988242511,0.4020799093620,0.3654816118678,0.2161793059238,0.1650575268193,0.4224127261480,0.4731477682023,0.2973370635752,-0.2294603794292,-0.1329086609664,0.4890307194523,0.2859256342713,0.3847668605138,0.2249885103008,-0.0599529402892,0.3419501454851,0.8653902124640,0.0536834213769,0.0353822320343,0.1782459704731,0.0001568859823,0.3321819019726,0.2444370469560,0.3313175368262,0.5128482176524,0.2470846340521,0.1644354409111,0.0657515409038,0.1417054694556,0.0384395301144,0.2033540395663,0.1138687073448,0.6901831197524,0.0988434771902,0.1900670671771,0.1106442343176,0.3357411585416,0.2580021411409,0.0225520038760,0.0278553536680,0.1801305908006,0.4351905348164,0.0150792561512,-0.3148535838157,0.0073461052274,0.3314968104905,0.2756032843178
0.0669356383489,0.0401039438005,0.1585622162157,0.0296244360164,0.0240736063460,1.0000000000000,0.4288285682195,0.0984661121295,0.5274700333500,0.0872749147131,0.1460378846430,0.0940068052395,0.1212151136503,0.1006121193057,0.4674456859627,0.4183298505835,-0.0367045671648,0.1087636002590,0.2913136100037,0.1945242081426,0.0614646447499,0.0424682383559,-0.0394589752858,-0.0240543473411,-0.0646075035852,0.1801503970021,0.1833730172938,0.0960789188028,0.0073058045771,0.2133832489005,0.0032775220539,0.1865860049217,0.6290920250291,0.2667388104375,0.3120457938296,-0.1250871923966,-0.1191902790144,0.0537419240446,0.0131993355767,-0.0423212638405,0.7043428216334,0.6280184772479,-0.1254392890370,0.5203100379279,0.1372767596026,0.1345975793954,0.0181452526202,0.0738550203651,0.1793577373556,0.2829350132907,0.4359481576824,-0.0330445152510,-0.0153074654180,-0.0209660320514,-0.0812766329506,-0.0534836932632,-0.0670906777351,-0.1077443299548,-0.1749589952254,-0.1022647796672,0.1129986951497,-0.0062691055711,0.0164678343685,-0.1033982941075,0.0478114434359,-0.1224580009935,0.1159683787071,0.5666476176838,0.1439317286546,0.1873819906563
0.2466925016871,0.0433210680415,0.1885622370095,0.3450392051698,0.1428744615865,0.4288285682195,1.0000000000000,-0.0227625605154,0.7435687549232,0.1700910209704,0.6132243240311,0.5241280333319,0.6892837384556,0.3587108613592,0.4339554647073,0.6678753350542,0.0899912423215,0.1347303232165,0.0796687094626,0.0712864149679,0.5250884352469,0.0349320733610,-0.0006536930031,0.0361741302128,0.0774636495882,0.2150599122168,0.2898659971959,0.1417968559944,0.0991720522018,0.2594794040749,0.1176814758701,-0.2794252671699,0.2081315104531,0.2117844467375,0.2703275773902,0.1197851742556,0.0018135394972,0.0779526129760,0.3074172130081,0.0919234983925,0.5122072843634,0.7346580768246,-0.1216736009477,0.5436953692103,0.1995411943127,0.3289217640474,0.4842798477938,0.5088270325698,0.3822615855759,0.2855015757214,0.5844043997047,-0.0028372734014,0.0934944586860,0.1310315299857,0.0646238703756,0.3632252050501,-0.1782733685970,-0.0639738211246,0.0416077163263,0.0869951768229,0.1724374843877,0.1797918876610,0.0291903058692,-0.0518750883525,0.2229707976981,-0.1010410963791,-0.3388171356166,0.4668959279612,0.0464289634484,0.3672358682030
0.3660874820089,0.2104409160266,0.5424171624118,0.2848661680823,0.3628180404848,0.0984661121295,-0.0227625605154,1.0000000000000,0.0008827727475,0.6154968572676,0.0428698316433,0.0126487163515,0.0536975982919,0.2699702419512,0.1948479723428,0.1259992212951,0.2508433894397,0.3485503877213,0.2122364828668,0.3010304587461,0.2674126955314,0.3207552110599,0.2737736254879,0.3024532544477,0.5489919385997,0.4482337214309,0.3394834651930,0.5081748868303,0.5730594338519,0.0515805492712,0.3018031347309,0.1748347297221,-0.0308169984236,0.1715979258611,0.0076299247798,-0.0529434133355,0.0688954136178,0.2716418290889,0.2830426723214,0.3297231069626,-0.0806401388880,-0.1777557466387,0.4823318957467,-0.2630100327363,0.4992046233179,-0.1058606628180,0.0144221931634,0.0355890820719,0.1028810609435,-0.0255228577636,-0.1044905279350,0.1871696943982,0.0652454878627,0.0222777013720,-0.0175543444917,0.2061628923909,0.2073330551550,0.1063877606200,0.0545505345829,0.3699693237292,0.2914896164723,0.0193944761585,0.3780630749357,0.2117857278813,-0.1256107575735,-0.1871665217517,-0.0036023472353,-0.0158154119156,0.0436891286208,-0.1052339248492
0.1644930582576,0.0299080439288,0.1575868350820,0.2377811810882,0.1004001839875,0.5274700333500,0.7435687549232,0.0008827727475,1.0000000000000,-0.0240362336062,0.5385122960404,0.4069382407676,0.3723014666269,0.1872957268670,0.5553163901925,0.5122194373481,0.0164639031673,0.1511600730630,0.1559508384245,0.1586618497714,0.3144962362106,-0.0116560877710,-0.0040045917171,-0.0366951273219,-0.0703638069633,0.1512025674877,0.2045999447529,0.0497083779582,0.0434545964389,0.2636639210594,0.1728076607760,-0.1803937667656,0.2927126309840,0.2473216873979,0.2719451373207,0.0348506161562,-0.0359361930844,0.0959107597347,0.1825922684773,0.0500746086387,0.6506949623971,0.7896938056626,-0.1082826321144,0.7257454907796,0.0784466032649,0.3891907610398,0.3374398778513,0.2243910677691,0.2312958827906,0.3263192756506,0.6399954052277,-0.0309334029210,0.0718131493670,0.0645881002732,0.0217468760300,0.1374182293042,-0.1414781281355,-0.0844425490741,-0.0185025379500,-0.0545653329296,0.1514407681541,0.1614184272384,-0.0429571733134,-0.0525478948231,0.1632681193507,-0.0271091155425,-0.2558368363539,0.4950116285303,0.0865439700371,0.3254088636284
0.4705898141320,0.2758916188750,0.4686984646308,0.5545071950283,0.3593780554043,0.0872749147131,0.1700910209704,0.6154968572676,-0.0240362336062,1.0000000000000,0.0106518963857,0.1776164461320,0.2589053615501,0.4079426632975,0.1429039934077,0.2362449590386,0.3366676775927,0.4225516102653,0.0117774432415,0.2158100967319,0.4491057076803,0.3347213031374,0.3511862469606,0.3631674111486,0.6641375227045,0.5820668715646,0.2448304624837,0.4733368493173,0.3629185914271,0.0688466453861,0.1597800651260,-0.0436206669603,-0.0933728849207,0.1257167455438,0.1714479380227,0.1116656397868,0.2168962222008,0.2293153856389,0.5408483760261,0.3952838464671,-0.1384840555413,-0.0888878983040,0.3092801216564,-0.3134948532727,0.7829182563352,-0.2178505749234,0.2110500655720,0.2291072260749,0.2860498051104,-0.0948053100627,-0.0619906181392,0.2074024105656,0.1907113451356,0.0290338541051,0.1126150327502,0.4606011972792,0.2651918346012,0.1722479004716,0.2385962756355,0.6066903662261,0.3814504259404,0.0289128744932,0.3170155220066,0.0689513723576,0.0407209249727,-0.1760912838572,-0.2469527809218,0.1000568557171,-0.0178270861559,0.1499825865977
0.0981219669800,-0.0616875064418,-0.0402080545765,0.1116768244565,0.2898078445575,0.1460378846430,0.6132243240311,0.0428698316433,0.5385122960404,0.0106518963857,1.0000000000000,0.2583236280234,0.5953461588619,0.1873247125584,0.2027008969852,0.3941262098614,-0.0098701310723,-0.1472677415687,-0.0865747833087,-0.1575887115456,0.5452006959495,-0.0536273942589,-0.1194050700079,-0.1216442847346,0.0994032781971,0.0480490500232,0.1182715636827,-0.0926877661130,0.1860551863672,0.1461982352487,0.0304119624224,-0.1399921699021,-0.1132230959546,0.1833492023464,0.0032557451471,0.0866240296800,-0.1072960118580,-0.1066566341495,0.0784890490416,0.1487693738970,0.2972013786459,0.4866809005055,-0.0371064927904,0.4194709472378,0.1472742337082,0.7659864966580,0.2115977112727,0.4490653788360,0.1243262209606,0.2134504996953,0.3759934832436,-0.0865182063023,-0.1838876048489,-0.0344784517231,-0.2317618361035,0.3876878201592,-0.2134669875064,-0.1029083139023,-0.0968678972701,0.0988658618434,0.0107005822220,0.0277317277222,-0.1325154669553,-0.0038857550513,0.1135412112747,-0.1017832345652,-0.1663250069892,0.0502057048556,0.0316665515209,0.0490048281083
0.3751679790456,0.0961687098229,0.2622210920610,0.4438265258074,0.3664121774442,0.0940068052395,0.5241280333319,0.0126487163515,0.4069382407676,0.1776164461320,0.2583236280234,1.0000000000000,0.6173715712339,0.7745163635189,0.4419163887757,0.4146583310400,0.0966478153011,0.2014246656725,0.4750772246166,0.2709971040594,0.5639977321437,0.0518430111661,0.1432126885509,0.0508853252503,0.0235890893915,0.3758418762194,0.2980383269256,0.2701868279739,-0.0329765093591,0.4963781641576,0.1232364425192,-0.5515299025112,-0.1250817568248,0.3511103245637,0.3734951708446,0.3095077761461,0.1881495332168,0.1011899056330,0.4346435346500,0.2911387913087,0.2685598379890,0.3216390502381,-0.1042402034463,0.3405798409669,0.1271836239808,0.0886086753555,0.9131815963640,0.4288405792387,0.7466275348247,0.4324765188577,0.4457590592641,0.0091158902934,0.1331317156514,0.5616103111637,0.2775032923355,0.4935542977185,-0.0738397103265,0.0395487963730,0.1397261535290,0.0284175373782,0.4069217739322,0.1909296618063,0.1058103303646,-0.1723278467236,0.6104227671709,-0.1037144241430,-0.6180650130451,0.1703891879151,0.3282840567967,0.4774266028783
0.3803246093226,0.1064832788554,0.1813503246808,0.4153049786389,0.5176328578140,0.1212151136503,0.6892837384556,0.0536975982919,0.3723014666269,0.2589053615501,0.5953461588619,0.6173715712339,1.0000000000000,0.5007345385586,0.3984987559251,0.5095578165966,0.1271962930030,0.1463248950785,0.1643903615822,0.1203040321443,0.8432080619838,0.1272821544038,0.1069126205043,0.1113812989807,0.1727047538714,0.3029425335681,0.2952692409603,0.1885850479822,0.1757106625017,0.4734129728183,0.1674597266859,-0.3525554975239,-0.0536403421707,0.3484433880772,0.2821175744096,0.3276466737564,0.1538381575520,0.0428785747070,0.3869287802197,0.3914695925429,0.2257588200576,0.3972925690705,-0.0023437962688,0.2716211322080,0.2694371320755,0.3878987623456,0.5778242194647,0.8365372441648,0.4782062588075,0.3628870614072,0.4285665422015,0.0461198113726,0.0940807767235,0.2839798533252,0.1180363286879,0.7619446307516,-0.0505348278164,0.0895370665562,0.1380203625941,0.1806199294960,0.2608239729368,0.1647200601753,0.0901296264682,0.0034663959463,0.4655343214684,-0.0236965317790,-0.3929393012755,0.2105614005403,0.1994504834130,0.3653060998060
0.3917184982479,0.0713736168745,0.3033500298678,0.3901366735556,0.3745339617546,0.1006121193057,0.3587108613592,0.2699702419512,0.1872957268670,0.4079426632975,0.1873247125584,0.7745163635189,0.5007345385586,1.0000000000000,0.4153866512541,0.3071169416406,0.0652153726790,0.1691134681679,0.4944195902016,0.2280817074568,0.5130182093267,0.0304038503873,0.0849176863507,-0.0201567242469,0.0764750801975,0.6186918095097,0.2792306205774,0.4366494473131,-0.0245975266054,0.3390245793713,-0.0356142206188,-0.3453703709303,-0.1306873371354,0.2508640387972,0.1908356737553,0.1502820378847,0.0868759789248,0.1472709683238,0.3668952638240,0.2984644690942,0.1584278319042,0.1567977729904,0.0235817447629,0.1370506288201,0.3252163664677,0.0402329900280,0.7444740254752,0.2996421498602,0.8209327417493,0.4431220397087,0.2661060889037,-0.0206604036098,0.0266781704433,0.5394870746323,0.1930130060066,0.4561694869472,-0.0788174325474,-0.0598185824271,0.0072499729463,0.0787118644398,0.4970083853910,0.1179814997623,0.2687691066326,-0.2464404099445,0.4059534930270,-0.3381716402124,-0.4689294834444,0.1370545463552,0.2112770428115,0.2684073681520
0.5280862027266,0.2194017969894,0.2984646581030,0.3196749528265,0.2481182635097,0.4674456859627,0.4339554647073,0.1948479723428,0.5553163901925,0.1429039934077,0.2027008969852,0.4419163887757,0.3984987559251,0.4153866512541,1.0000000000000,0.3148565832612,0.0589178936582,0.3872576988550,0.5039946402283,0.4270359790439,0.4034304734213,0.1770643977390,0.1194003635905,0.1178831089795,-0.0977091993863,0.3097022997923,0.2452493895784,0.3186901878028,-0.0287619698947,0.5894971080484,0.2297407458079,-0.1552690954368,0.3585997941094,0.3485298247573,0.4041840078289,0.2267357166122,0.1161752633635,0.1550773778742,0.2546039225756,0.1945257280378,0.5003956670866,0.4307255117904,-0.0537238598466,0.4659763203862,0.1575782589548,0.0766926096434,0.3710545282636,0.3146606479239,0.4913772593928,0.5910935633842,0.5032513797761,0.0318954883877,0.2210840213295,0.3222708920871,0.2541453627380,0.2471272866066,0.0688725110534,0.0200109358698,0.0878212018207,-0.0336752022483,0.2652253554493,0.1529949528495,0.2159172035707,-0.0960107575895,0.3531568067056,0.0227811479615,-0.2159448736728,0.5607351446160,0.2173853136990,0.3714436968502
0.0798049655300,0.1869804055016,0.2116876049461,0.2471099369485,0.1676926646497,0.4183298505835,0.6678753350542,0.1259992212951,0.5122194373481,0.2362449590386,0.3941262098614,0.4146583310400,0.5095578165966,0.3071169416406,0.3148565832612,1.0000000000000,0.0965445164026,0.0823392015472,0.1439780262660,0.0358774316331,0.3748716071489,0.1538940180485,0.0333814586099,0.1136646438381,0.1803899547257,0.2988248770645,0.2952894196012,0.1274184870829,0.2094180703340,0.2928457514676,0.0696098991318,-0.1696050187050,0.2793934569686,0.3246477266540,0.3310878818630,0.0260842787780,0.0637738422608,0.0773860583832,0.1796445114004,0.1605471691180,0.4282883188537,0.5320176422091,0.0278609452194,0.3603514992201,0.3537502423749,0.2375362833818,0.3855768970076,0.4308032503320,0.3385027578979,0.1999641512486,0.6115126484077,0.0788150436619,0.0159447546495,0.0661514605686,-0.0374751870229,0.2111785195177,-0.0387897612594,-0.0205976590786,0.0335811286091,0.1465073011628,0.2115371563451,0.1023918889009,0.0713067307870,0.1021131970816,0.2098128229358,-0.1094099609923,-0.1582315072015,0.3845433024410,0.1931620631754,0.3486341207065
0.4412255706031,0.4259597292514,0.5786202190776,0.5127996133504,0.1431345893554,-0.0367045671648,0.0899912423215,0.2508433894397,0.0164639031673,0.3366676775927,-0.0098701310723,0.0966478153011,0.1271962930030,0.0652153726790,0.0589178936582,0.0965445164026,1.0000000000000,0.3518720196536,-0.0116862786651,0.3078209920458,0.2708423307306,0.7238081006264,0.4867274471036,0.7772614158190,0.3980202652121,0.2501241568236,0.3643670440216,0.4665365804731,0.4316333128821,0.1444401708482,0.3655876747570,0.0652183302777,-0.0765161770443,0.1482489639207,0.2909358118576,0.3077982290227,0.4053065258628,0.4653495015194,0.5557062791974,0.1550354141281,-0.1530264615709,-0.1136592381604,0.1474540677103,-0.2138501182174,0.1335019444107,-0.1968989606490,0.1189490579717,0.0636456440930,0.0453661484140,-0.1824284896798,-0.1437250401451,0.8792103025078,0.3839243883140,-0.1272729616529,0.2414827561268,0.2346067069687,0.6030264292120,0.5400025847938,0.6520369961656,0.4253774263109,0.2859287052838,0.2484100064688,0.4798631724496,0.3865394614570,0.0024222653431,0.2575478711786,-0.1147855786855,-0.0582508488763,0.0172082171729,0.2538209416900
0.5465791271684,0.5327971563234,0.5085868425336,0.6377200990027,0.2149569077293,0.1087636002590,0.1347303232165,0.3485503877213,0.1511600730630,0.4225516102653,-0.1472677415687,0.2014246656725,0.1463248950785,0.1691134681679,0.3872576988550,0.0823392015472,0.3518720196536,1.0000000000000,0.1547143672319,0.7469409121630,0.2780353097304,0.5022278885751,0.5141972311963,0.5903277832862,0.3350275638603,0.4152825101804,0.4868917469204,0.5153227629618,0.3193931775568,0.3047024075808,0.6057652977478,-0.2461084015364,0.0649749970534,0.3180259172436,0.5734226621901,0.2996461120980,0.4796107718897,0.2608698558102,0.5611571862838,0.2432255284387,0.0402113178004,0.0263417813788,0.1661304102223,-0.0680120024316,0.3000495648614,-0.3224511114670,0.2803815277376,0.0986797913848,0.2279588451481,0.0033980071017,0.0838395507631,0.2375322151530,0.7653476864019,0.2906581307506,0.6645723645857,0.1890606332949,0.3927205287355,0.3731323331663,0.5056878000577,0.2954663209502,0.3479809673918,0.3544267035837,0.3532256744525,0.1523707872021,0.2192513402487,0.2489570212776,-0.3725057462149,0.3124857965072,0.2258195018900,0.5863933502490
0.2749484189857,0.0472782971175,0.3385284036605,0.0577649333218,0.2059556568355,0.2913136100037,0.0796687094626,0.2122364828668,0.1559508384245,0.0117774432415,-0.0865747833087,0.4750772246166,0.1643903615822,0.4944195902016,0.5039946402283,0.1439780262660,-0.0116862786651,0.1547143672319,1.0000000000000,0.4205545242996,0.1141669343522,0.0503408541362,-0.0397437884904,0.0258163651511,-0.2130249528873,0.2202021092809,0.2674695816135,0.3474159635385,-0.0792331458182,0.3066107287513,-0.0317367073147,-0.0924923323678,0.1796547710597,0.1922891064362,0.1928366572796,0.0611408897128,-0.0161997072943,0.1435684444421,0.0842916847232,0.1154071364094,0.2342123462469,0.0957064490744,-0.0569879348994,0.1794243620050,-0.0224495875270,-0.1100928804373,0.3784033517106,0.1210276209498,0.4621680737958,0.3871744294923,0.1666237808311,0.0087049311363,0.0561007696759,0.4680135415915,0.1691365391654,0.1022110382166,0.0020782984920,-0.1182013594656,-0.0481433698595,-0.2378390620665,0.2824159279603,0.0925767765173,0.2679368227988,-0.1288733570453,0.2098644544978,-0.1540224468286,0.0240149693960,0.1259916081369,0.2224976508940,0.1154075693241
0.4996987084681,0.3252219502694,0.5112135519577,0.4132708375308,0.2123484308304,0.1945242081426,0.0712864149679,0.3010304587461,0.1586618497714,0.2158100967319,-0.1575887115456,0.2709971040594,0.1203040321443,0.2280817074568,0.4270359790439,0.0358774316331,0.3078209920458,0.7469409121630,0.4205545242996,1.0000000000000,0.2103708305987,0.3911379585985,0.3528609364744,0.4769141448612,0.0873315121914,0.4115434085389,0.4932277776263,0.4704186708362,0.2153135454145,0.3459081460791,0.4785499159579,-0.0812815418211,0.1123996983903,0.3552723770380,0.5851122368977,0.2379114146219,0.3040473363376,0.3628755615015,0.4335975587511,0.2468448269054,0.0754358528662,0.0075151841350,0.1452519724355,-0.0071354258529,0.0675703187040,-0.2775799115227,0.3250379058837,0.1053650069782,0.3250539436926,0.0770917048861,-0.0192228528747,0.2823699338029,0.5959462024517,0.4368026401396,0.5888687109397,0.1476208819967,0.3541310707835,0.2733012360345,0.3973014022825,0.0277467812963,0.4127783254122,0.3899952354340,0.3635660177266,0.1499783265809,0.1881394402375,0.2469671713592,-0.1746219495830,0.1704219006162,0.3133619810495,0.4884146918344
0.5355572970480,0.2432983872531,0.2831560708923,0.5402800481386,0.6776069101867,0.0614646447499,0.5250884352469,0.2674126955314,0.3144962362106,0.4491057076803,0.5452006959495,0.5639977321437,0.8432080619838,0.5130182093267,0.4034304734213,0.3748716071489,0.2708423307306,0.2780353097304,0.1141669343522,0.2103708305987,1.0000000000000,0.2813646184736,0.2757059264782,0.2657904743157,0.3745592139698,0.3854244583924,0.3023860813669,0.2978510026826,0.3285868876234,0.4983551152942,0.2874074927985,-0.3643777082927,-0.1502594887108,0.3807122715127,0.3342265999939,0.3820682705901,0.3055395693259,0.0955308350789,0.5361839519463,0.5585067617819,0.1052537482636,0.2182677602287,0.1700358102238,0.1125131155096,0.3757737199964,0.2938958434819,0.5429843060602,0.7369318449213,0.4556855701102,0.2535096859456,0.2759850745313,0.1524143634255,0.1602681274290,0.2586530320642,0.1620017387112,0.8995390369637,0.1429138661486,0.2183025562740,0.2784096941163,0.3481780282979,0.3450085821126,0.1695715031437,0.1915130130440,0.0903586715381,0.4571897087517,0.0481617279403,-0.4637179477350,0.1352135898268,0.2294252758899,0.3706700128827
0.4607094768311,0.6177498178961,0.4626838728144,0.5216295506191,0.1950179673517,0.0424682383559,0.0349320733610,0.3207552110599,-0.0116560877710,0.3347213031374,-0.0536273942589,0.0518430111661,0.1272821544038,0.0304038503873,0.1770643977390,0.1538940180485,0.7238081006264,0.5022278885751,0.0503408541362,0.3911379585985,0.2813646184736,1.0000000000000,0.6440906494212,0.8565107536454,0.4469117389940,0.2628155892644,0.3536615788386,0.4162955730166,0.5610493497819,0.3295033613278,0.6344719192686,0.0216055681137,0.0594193799843,0.3606125813065,0.4857506919052,0.3693496577247,0.6002311889602,0.2522829440077,0.5215287251905,0.2491360803340,-0.0282930645530,-0.0669911837253,0.2376473231914,-0.1536144581640,0.2362992181572,-0.2186125976077,0.1065085579090,0.1084577482895,0.0591391408061,-0.1526060619720,-0.0294848177720,0.6795942584886,0.4389572635243,-0.0774577961798,0.2687361567417,0.2110308243735,0.7333972323450,0.6617927684325,0.6944921626327,0.4847169396722,0.2655570432854,0.2435109831689,0.4244179456326,0.5220913680176,0.1220452098315,0.4508968782352,-0.0484431354128,0.0952599393862,0.2050586832485,0.4261648552353
0.3866666657392,0.6356098939984,0.3702449486463,0.6911351628049,0.2211745144562,-0.0394589752858,-0.0006536930031,0.2737736254879,-0.0040045917171,0.3511862469606,-0.1194050700079,0.1432126885509,0.1069126205043,0.0849176863507,0.1194003635905,0.0333814586099,0.4867274471036,0.5141972311963,-0.0397437884904,0.3528609364744,0.2757059264782,0.6440906494212,1.0000000000000,0.6205523921772,0.5269224663814,0.2470757143783,0.2694099578809,0.3514206030619,0.4494644680399,0.3847338655214,0.6812438988817,-0.1820574998053,-0.1323298180985,0.4204883179209,0.4593633456034,0.3985489093366,0.6857112129970,0.2015316207088,0.6957978973945,0.2783948814379,-0.1109854865036,-0.1042913225099,0.2023951053908,-0.1542880260231,0.2365121287401,-0.2882538601107,0.1937583704996,0.0940609159527,0.0770947810352,-0.1008139222978,-0.0873222441982,0.4079624135359,0.4626377117140,0.0239404796093,0.3014906517668,0.2536000292777,0.4783881091318,0.8414186498357,0.5751546447160,0.5600593822842,0.3242830058948,0.1981085678965,0.2742133351140,0.3191477983091,0.3166162532426,0.4372937556153,-0.2683916107775,0.0296505572358,0.2819892873591,0.4670627119100
0.4674058679586,0.5880436867128,0.6354561281035,0.5296935251973,0.1659988242511,-0.0240543473411,0.0361741302128,0.3024532544477,-0.0366951273219,0.3631674111486,-0.1216442847346,0.0508853252503,0.1113812989807,-0.0201567242469,0.1178831089795,0.1136646438381,0.7772614158190,0.5903277832862,0.0258163651511,0.4769141448612,0.2657904743157,0.8565107536454,0.6205523921772,1.0000000000000,0.4884595252389,0.2071034705544,0.4617033855063,0.4784602078053,0.5654979849994,0.2502704521288,0.5825623059247,0.0093564384270,0.0049432799282,0.2730518793407,0.4809602436530,0.3361428801682,0.5415863901700,0.3939121343096,0.5583361535322,0.2368808195487,-0.1159258377888,-0.1243320483960,0.2151150005185,-0.2384812115906,0.1871952013038,-0.3132743583517,0.1093369222830,0.1175073282903,0.0012709690231,-0.2340068657395,-0.1240070082722,0.7367360441793,0.5322125553123,-0.0724764407998,0.3368488556508,0.2463853499435,0.7247070884048,0.6217828999006,0.8352007439920,0.4655743449115,0.2165352131274,0.3013957075497,0.4647887425399,0.5262185733766,0.0852320373728,0.4228375592738,-0.1104226947547,0.0522518684801,0.1051429689432,0.4175723197975
0.3146749282124,0.3614113085780,0.2674736740959,0.5229490294480,0.4020799093620,-0.0646075035852,0.0774636495882,0.5489919385997,-0.0703638069633,0.6641375227045,0.0994032781971,0.0235890893915,0.1727047538714,0.0764750801975,-0.0977091993863,0.1803899547257,0.3980202652121,0.3350275638603,-0.2130249528873,0.0873315121914,0.3745592139698,0.4469117389940,0.5269224663814,0.4884595252389,1.0000000000000,0.2885248111323,0.3267460186512,0.2004830317705,0.7790425447501,0.1313762702443,0.4934422775883,-0.0592704117663,-0.1877295476703,0.2573677649939,0.2275428334506,0.2382401275508,0.3413645252197,0.0308078310324,0.5157899284593,0.4620374728727,-0.1965343470454,-0.1508738533242,0.4479775918715,-0.3078825671177,0.5473321627531,-0.0880095029208,0.0405996535345,0.1879375485973,-0.0459133916865,-0.2795829440717,-0.1363954814015,0.2805799688217,0.1800740537605,-0.2064098843937,0.0152839281203,0.3894396928381,0.2423141497460,0.4346729713480,0.3134364079519,0.8764885070476,0.1294828158464,0.0665749185126,0.0968698276633,0.5038787435121,0.0722459429210,0.1674486338347,-0.1656832162504,-0.0560519275163,0.0965146008034,0.2224705548625
0.5529320219825,0.3690820203122,0.4226704458540,0.5502581890936,0.3654816118678,0.1801503970021,0.2150599122168,0.4482337214309,0.1512025674877,0.5820668715646,0.0480490500232,0.3758418762194,0.3029425335681,0.6186918095097,0.3097022997923,0.2988248770645,0.2501241568236,0.4152825101804,0.2202021092809,0.4115434085389,0.3854244583924,0.2628155892644,0.2470757143783,0.2071034705544,0.2885248111323,1.0000000000000,0.4572773531020,0.5811633471347,0.1658067942099,0.1874033116530,0.1438526026863,-0.0449282214158,-0.0074541760400,0.2742167783338,0.3319400059834,0.2098547451290,0.3053326305800,0.3191692267468,0.5110322188281,0.3807314427587,-0.0145099298388,0.0683626543404,0.2609126859057,-0.0851004155271,0.4735913912245,-0.1180651072612,0.4454473409784,0.2125327572014,0.5820752150555,0.1867079577997,0.0537326515040,0.2133233727219,0.3356596355989,0.3017282618681,0.3894789469225,0.3331872738792,0.1914859589516,0.1672030513879,0.1654605574529,0.3005201123267,0.7166591981405,0.2595489994145,0.4638651702669,-0.0315035814176,0.1450712396012,-0.1484872544850,-0.2123279695422,0.1128718041201,0.1558878128199,0.3562112526313
0.3133912208434,0.4587043644387,0.5959512258207,0.4248092768246,0.2161793059238,0.1833730172938,0.2898659971959,0.3394834651930,0.2045999447529,0.2448304624837,0.1182715636827,0.2980383269256,0.2952692409603,0.2792306205774,0.2452493895784,0.2952894196012,0.3643670440216,0.4868917469204,0.2674695816135,0.4932277776263,0.3023860813669,0.3536615788386,0.2694099578809,0.4617033855063,0.3267460186512,0.4572773531020,1.0000000000000,0.6181290545580,0.3983280302287,0.2467142258928,0.3303670646592,-0.0742296731408,0.0898119101427,0.2732526047812,0.4315911593877,0.0575819640546,0.3283161349479,0.4021916555572,0.3942128694669,0.2130242656609,0.1120134891247,0.1123820968916,0.1538648709656,0.0010328745482,0.1308837973556,-0.1296851690602,0.3140063093617,0.1866748547700,0.2649173100650,-0.0323649561615,0.1070662845502,0.2975827193090,0.3606681614649,0.1953590249686,0.3003366662947,0.2076516356458,0.1940675531248,0.2246571951019,0.3313176417089,0.2077002335791,0.3568045610242,0.6280632487046,0.4998804358846,0.2009588396721,0.0871364219061,0.0144814473007,-0.1445565162937,0.1880741264910,0.1095312012954,0.4064032375402
0.5056752919175,0.4306530963996,0.7985548433741,0.4661001124107,0.1650575268193,0.0960789188028,0.1417968559944,0.5081748868303,0.0497083779582,0.4733368493173,-0.0926877661130,0.2701868279739,0.1885850479822,0.4366494473131,0.3186901878028,0.1274184870829,0.4665365804731,0.5153227629618,0.3474159635385,0.4704186708362,0.2978510026826,0.4162955730166,0.3514206030619,0.4784602078053,0.2004830317705,0.5811633471347,0.6181290545580,1.0000000000000,0.1853764203420,0.1322710908347,0.1745818888594,-0.0163950145431,0.0264052006739,0.1133237221798,0.1851433318070,0.0543677702389,0.3365057685095,0.6373387872796,0.4854847387656,0.1459536681834,-0.0464447403919,-0.0822542723677,0.1045878790034,-0.2039431311887,0.2406671711868,-0.3265234044457,0.2709110258429,0.1223062121122,0.3932021402808,0.0117350934032,-0.0692716795302,0.3556555325395,0.4125127535117,0.2338519281819,0.3763011463221,0.2517718459327,0.3063662655614,0.2368914153853,0.3542277527994,0.1431309326343,0.4961698140743,0.3948572718800,0.8772009747356,-0.0596741741618,0.0048565939425,-0.1493657988679,-0.1774963932045,0.1133399625522,-0.0110704155836,0.1708040820897
0.2347196652229,0.3407056699573,0.2751090402850,0.3583305657591,0.4224127261480,0.0073058045771,0.0991720522018,0.5730594338519,0.0434545964389,0.3629185914271,0.1860551863672,-0.0329765093591,0.1757106625017,-0.0245975266054,-0.0287619698947,0.2094180703340,0.4316333128821,0.3193931775568,-0.0792331458182,0.2153135454145,0.3285868876234,0.5610493497819,0.4494644680399,0.5654979849994,0.7790425447501,0.1658067942099,0.3983280302287,0.1853764203420,1.0000000000000,0.1879688826564,0.6297412841999,0.0427573818962,-0.0308763253275,0.3130435824224,0.2444302411216,0.1741621417007,0.2882949150115,0.0415242513263,0.3467918124830,0.4351960897501,-0.0698878866709,-0.0653671111836,0.5027663171999,-0.1646196105179,0.3218396352027,0.0368456541742,-0.0042482893627,0.2019346326485,-0.1616369014436,-0.2069331802620,-0.0728160608116,0.3978326645421,0.1732384215306,-0.1522222606780,-0.0127216878337,0.2931508393124,0.3076171559451,0.4417157322141,0.3543027175061,0.6461910075279,0.0638206670499,0.1592046978373,0.1312449863001,0.7397426187638,0.0285603885683,0.2984547081900,-0.0262827818317,-0.0137028804505,0.1173755006634,0.2151787055579
0.3594734899830,0.3101655300817,0.1394304456700,0.4016934665914,0.4731477682023,0.2133832489005,0.2594794040749,0.0515805492712,0.2636639210594,0.0688466453861,0.1461982352487,0.4963781641576,0.4734129728183,0.3390245793713,0.5894971080484,0.2928457514676,0.1444401708482,0.3047024075808,0.3066107287513,0.3459081460791,0.4983551152942,0.3295033613278,0.3847338655214,0.2502704521288,0.1313762702443,0.1874033116530,0.2467142258928,0.1322710908347,0.1879688826564,1.0000000000000,0.4511315684171,-0.2905389530559,0.1782204872595,0.7757101807009,0.6576184531114,0.4593131725108,0.3578767654171,0.0523541344924,0.3858916074338,0.4275762770439,0.2895533507739,0.2000021243891,0.0175200100586,0.2661078631084,0.1253542190455,0.0580983276124,0.4634033553206,0.4775923130194,0.4541992284123,0.3469788313977,0.3831065663918,0.1251083490483,0.1945725299217,0.2793864109888,0.1925610390959,0.4112120179462,0.1718710582262,0.3168592208404,0.2397773866992,0.1881989080851,0.2887140463835,0.1786139228493,0.0734078804226,0.1815856946049,0.7838229586814,0.3066910840445,-0.3143877330178,0.3330176408437,0.6274910199874,0.5999687053819
0.4042571431976,0.5214291671432,0.2001565186300,0.5663411002406,0.2973370635752,0.0032775220539,0.1176814758701,0.3018031347309,0.1728076607760,0.1597800651260,0.0304119624224,0.1232364425192,0.1674597266859,-0.0356142206188,0.2297407458079,0.0696098991318,0.3655876747570,0.6057652977478,-0.0317367073147,0.4785499159579,0.2874074927985,0.6344719192686,0.6812438988817,0.5825623059247,0.4934422775883,0.1438526026863,0.3303670646592,0.1745818888594,0.6297412841999,0.4511315684171,1.0000000000000,-0.1712505437730,-0.0059030848266,0.4863146155468,0.5972422849778,0.4157039547167,0.5242599341069,0.0932577394988,0.5212492070197,0.3695034578398,0.0320117341624,0.0395902540435,0.3417063325052,0.0350051818841,0.1553637393611,-0.1128082167575,0.1886630014743,0.1363025220391,0.0285070317315,-0.0363113565697,0.0388625478196,0.2955735141330,0.5099255307183,0.0632562252370,0.3692302115032,0.2137204983067,0.3418470167885,0.6431288769678,0.4870136621422,0.5204088307428,0.2116929096494,0.3192845741558,0.1418360123540,0.5666824542507,0.2614813811952,0.6462434706313,-0.2059700835956,0.1330899041402,0.3134708471086,0.5666632011136
-0.0878916129008,-0.1168096472439,0.0098616362876,-0.3310596329342,-0.2294603794292,0.1865860049217,-0.2794252671699,0.1748347297221,-0.1803937667656,-0.0436206669603,-0.1399921699021,-0.5515299025112,-0.3525554975239,-0.3453703709303,-0.1552690954368,-0.1696050187050,0.0652183302777,-0.2461084015364,-0.0924923323678,-0.0812815418211,-0.3643777082927,0.0216055681137,-0.1820574998053,0.0093564384270,-0.0592704117663,-0.0449282214158,-0.0742296731408,-0.0163950145431,0.0427573818962,-0.2905389530559,-0.1712505437730,1.0000000000000,0.2196324508227,-0.1187268728302,-0.2719678991758,-0.2588739752210,-0.3625787800064,0.2121199102582,-0.2535410578865,-0.2006319468680,-0.1354814522847,-0.1219469180922,0.0886599677533,-0.1457337051590,-0.1043475007773,0.0053765985472,-0.5451088667232,-0.2521193805348,-0.3847500061323,-0.1395420967402,-0.3564888858389,0.1655201103498,-0.1840765606491,-0.5243520671066,-0.3335303818035,-0.3393298588867,0.1217907914760,-0.0950605583745,-0.1698232168781,-0.0471043893643,-0.0986754125292,-0.1343332974029,0.0572981368868,0.1583353734428,-0.5337719900946,-0.0416974188997,0.7270125216599,-0.1364403252579,-0.1915853369721,-0.4620812075906
-0.0483839099780,0.0233304801263,0.0448638193809,-0.1480573056915,-0.1329086609664,0.6290920250291,0.2081315104531,-0.0308169984236,0.2927126309840,-0.0933728849207,-0.1132230959546,-0.1250817568248,-0.0536403421707,-0.1306873371354,0.3585997941094,0.2793934569686,-0.0765161770443,0.0649749970534,0.1796547710597,0.1123996983903,-0.1502594887108,0.0594193799843,-0.1323298180985,0.0049432799282,-0.1877295476703,-0.0074541760400,0.0898119101427,0.0264052006739,-0.0308763253275,0.1782204872595,-0.0059030848266,0.2196324508227,1.0000000000000,0.0914514768673,0.2408665608966,-0.1513994537195,-0.1021447042419,0.0585780731698,-0.1825045609413,-0.1350716230691,0.5001977613750,0.3705558109044,-0.0977313937139,0.3024877396822,-0.0447174916666,-0.0956375331560,-0.1503619238241,-0.0465390600978,0.0336066249162,0.1758073842485,0.3340163700811,0.0125773127236,0.0225753931042,-0.0716355681268,-0.0439040684829,-0.2300284130634,0.0326454135925,-0.1105751487455,-0.0973692301499,-0.1722783125298,-0.0718842851230,-0.0043136738113,0.0419535554858,0.0497156793094,-0.0564377930383,0.0537855070191,0.2346113736932,0.6298232181747,-0.0121867697282,0.1229566295944
0.3079142758739,0.2874044533578,0.1375984930124,0.3943372523253,0.4890307194523,0.2667388104375,0.2117844467375,0.1715979258611,0.2473216873979,0.1257167455438,0.1833492023464,0.3511103245637,0.3484433880772,0.2508640387972,0.3485298247573,0.3246477266540,0.1482489639207,0.3180259172436,0.1922891064362,0.3552723770380,0.3807122715127,0.3606125813065,0.4204883179209,0.2730518793407,0.2573677649939,0.2742167783338,0.2732526047812,0.1133237221798,0.3130435824224,0.7757101807009,0.4863146155468,-0.1187268728302,0.0914514768673,1.0000000000000,0.6585819937486,0.4292847076512,0.2927819373126,0.0426349292505,0.4031001860680,0.4519069845345,0.2750031509999,0.2154026708318,0.0682075543375,0.1981587714559,0.1754024676080,0.1020514869112,0.3401237091960,0.3496671937437,0.3005118693716,0.1985075052669,0.2513458888670,0.1553178028758,0.1930425648930,0.1670507254512,0.1166988031626,0.2977618728947,0.1778153461578,0.3594764728839,0.1877890189496,0.2458054477596,0.3486652914998,0.1231693700283,0.0467059474923,0.2255515237938,0.5875440042747,0.2563343246739,-0.2022068490282,0.1732736605966,0.7373486885485,0.5710729788388
0.4332461760437,0.4845078768385,0.2433632820041,0.5274967049730,0.2859256342713,0.3120457938296,0.2703275773902,0.0076299247798,0.2719451373207,0.1714479380227,0.0032557451471,0.3734951708446,0.2821175744096,0.1908356737553,0.4041840078289,0.3310878818630,0.2909358118576,0.5734226621901,0.1928366572796,0.5851122368977,0.3342265999939,0.4857506919052,0.4593633456034,0.4809602436530,0.2275428334506,0.3319400059834,0.4315911593877,0.1851433318070,0.2444302411216,0.6576184531114,0.5972422849778,-0.2719678991758,0.2408665608966,0.6585819937486,1.0000000000000,0.4452740246809,0.4663557617192,0.1758691841664,0.5062103134936,0.3435185112911,0.2815567615635,0.2577294191681,0.0731343815735,0.2115202144390,0.1917910588579,-0.1676255130368,0.4419843762271,0.2518176729951,0.3979033691047,0.1142510133896,0.2921991197992,0.2808999279814,0.5212952570850,0.2723196498445,0.4583445102385,0.2325893628315,0.3517670318758,0.4300560104550,0.4445363639420,0.2802576280837,0.4051474923522,0.3333534838791,0.1426734557660,0.2498227782496,0.5116153509328,0.4728868870921,-0.3034165313951,0.3520181536626,0.5429435344379,0.8541854187580
