1.0000000000000,-0.1607400871206,-0.0225980987636,0.0566153392322,0.3242496250756,-0.0310886309279,0.1227953157027,0.1684695251028,-0.0550461892518,0.0837134144297,0.0376145866375,0.2362117831294,0.1923794437471,0.0727657553171,0.6660219193169,0.0749388795507,0.1407153726986,0.2473222843401,0.2786435915960,0.4159675096855,0.3366003940495,0.2933575083960,-0.0110518063841,0.1786947410533,-0.0489736487999,0.2159784267337,0.2270300892614,0.1589555132343,0.1794235766949,0.5280493427009,0.3035242417466,0.0940500984753,0.1755697080684,0.1433530112064,0.3124261721854,0.2457317879960,-0.1363572663278,-0.2779097437751,0.0495722479571,0.2047429666581,0.0079046479210,0.0335556577807,-0.2449609065031,-0.2103216481230,-0.0500906800262,-0.2148772853649,0.2511239756984,0.1351109273971,-0.0210213002733,0.3751175818448,-0.1028850521382,0.1044592710198,0.1266175485422,-0.0990783641934,0.2817025980864,0.1453684054108,0.1049431860281,-0.0959797971035,-0.0360300685121,-0.0571498291682,0.0586750447172,0.1457843360776,0.0567585495943,-0.0227481309142,0.3883477664824,-0.0984719069210,0.4192719651825,0.2269537096026,0.2552610690580,0.2812817111315
-0.1607400871206,1.0000000000000,0.3539232820477,0.6177847569662,-0.1185279944765,0.2572843989300,0.0075857257785,0.2501899866675,0.0336013075513,0.3765022324054,-0.0830592873918,0.0437239874655,-0.1234098364465,-0.2580244191096,-0.2022800355981,0.1391400568663,0.2975843484155,0.3224234990963,0.0221553024213,0.1316582547858,-0.0659639876289,0.2490515470657,0.7145422043510,0.3730377468512,0.4134380160079,0.4791291765607,0.3613378305867,0.3164215188985,0.2276449286164,-0.0080020254144,0.3436358759648,-0.1133262152940,0.1422596325919,0.2348416716323,0.3431372407021,0.0507248122288,0.7634339426133,0.2237240963273,0.5849845234063,-0.0503270883770,0.1623967908946,-0.0040822105995,0.0773487929430,-0.1004052134961,0.3455795121964,-0.2220146635064,0.0817999081306,-0.0837120004722,-0.4092513651807,-0.0966697416656,0.0659733609199,0.3585466762529,0.1526383003889,-0.2774052813416,-0.0404597954400,0.0464581493909,0.1743032720315,0.6505059466996,0.3098326449785,0.4413642709713,0.3020535733497,0.1365507558598,0.2986885093616,0.1463582690858,0.0238218893445,0.1954829171772,-0.0187668173319,0.0626232929536,0.1559656702655,0.2499735635559
-0.0225980987636,0.3539232820477,1.0000000000000,0.3622920357643,-0.1756716908192,0.1200379595079,-0.0449729288375,0.4525008304070,-0.0248864710334,0.2204100831482,-0.1284033104807,0.2444883835280,-0.2795527382841,-0.0366794088389,-0.0277832360086,0.0812482259916,0.3575203851869,0.3861258030828,0.0031877387258,0.1659191366636,-0.2733662200327,0.5711000496186,0.3861004114290,0.7072952122690,0.2179676670610,0.1818331114569,0.6037681618600,0.7687036116390,0.3213973786387,0.1269897873062,0.4841692402224,0.0185170130242,0.1058896049079,0.1147396611570,0.1453017224587,-0.3012077206357,0.2661028089889,0.3798928419164,0.2422863686971,-0.0241233951736,0.0176020871682,0.0457000354354,-0.1795376568854,-0.2357847726958,0.1382568002436,-0.4517961005174,0.1172551368252,-0.2269756080285,-0.2023058675054,-0.0633355264074,-0.1671384998975,0.3509375650522,-0.0888659918852,-0.3721977756999,-0.2268144512363,-0.1515340190768,0.1689077469896,0.2378099052797,0.1948349070293,0.3844705670513,0.0242470644759,0.3020344532041,0.7244149444387,0.3075273011845,-0.2038434492962,-0.1049253935112,0.1293268892921,0.0039057855727,-0.0529971340692,0.0122778841352
0.0566153392322,0.6177847569662,0.3622920357643,1.0000000000000,0.1107601144610,0.4305100247700,0.1816452746766,0.3789781981018,-0.0436899024787,0.7738863511784,-0.1602029259815,0.0828793873948,0.0911079559069,-0.2751438485802,-0.0947025367358,0.4596831708825,0.3452557867586,0.4221454105486,-0.1361972662810,0.1229911663978,0.0830766195265,0.3810108303530,0.7619962963979,0.4004524496052,0.5190635204571,0.3612081744022,0.2820608643097,0.2263414482882,0.2888616256688,0.3112994616985,0.4307681414047,-0.1283726418875,0.2955188240372,0.5521970883725,0.6538842099075,0.2847724822300,0.4074394841673,-0.0026976937348,0.9246532476288,0.1882617597935,0.3842539548613,0.1400395782899,0.0190373934122,-0.0723659953091,0.7287139040826,-0.3575925735711,0.3383747393165,0.1644283683966,-0.5180847085259,0.1193701706160,0.2722276217581,0.4476425459254,0.2307557429323,-0.3130988995229,0.0388598176272,0.2446583058884,0.1659563200245,0.7123292193836,0.1641791137983,0.6457582807577,0.0657080202788,-0.0474115913578,0.1642920572830,0.1747292477614,0.1876867766533,0.1245907052610,0.1116129854682,0.1818652579744,0.3938438858802,0.6079183587194
0.3242496250756,-0.1185279944765,-0.1756716908192,0.1107601144610,1.0000000000000,0.0438495288837,0.1362421214100,0.1647302114074,-0.0776932057930,0.1838312387783,0.4776601721393,0.0579085473917,0.5957143800767,0.1849863524174,0.3370829779000,0.1388961246708,0.1663294641005,0.2738761060572,0.3075811899362,0.1588779212408,0.6780231848030,0.2711799199367,-0.0109088978527,0.1446768280309,0.1650969002896,0.2286510655135,0.1421860788041,-0.1239994460503,0.4150164540304,0.5040294819443,0.2880226329631,-0.0891890080359,-0.0116041095908,0.4760550988701,0.2462463809842,0.2615566485247,-0.2186892415009,-0.3549160809671,0.0748830082363,0.8378303257464,-0.0181196760397,0.0628801836138,-0.0805549416946,-0.1800074210698,0.0607888864398,0.3072951010153,0.0229083206904,0.5954359049626,-0.0103776726237,0.0761937343359,-0.0102026911217,0.0878678788239,-0.0558419246745,-0.1113026107596,0.1470193628766,0.6917058873424,0.1168741862320,-0.0882339457699,-0.0814583717808,0.1336443566826,-0.1325529219960,-0.0872189962820,-0.1752751721907,0.2602276983908,0.3925196332979,-0.0443630949011,0.0434498218386,-0.0228217952702,0.4600775376836,0.2241479681181
-0.0310886309279,0.2572843989300,0.1200379595079,0.4305100247700,0.0438495288837,1.0000000000000,0.5233634859308,0.0987664320185,0.4281803515297,0.5464259019977,0.2156369942656,0.0279887456188,0.3327326622925,-0.2419487875592,0.0293883699202,0.8859360069556,0.1122375565041,0.0439859045183,-0.1139464841353,-0.2380361189131,0.0150339654636,0.2547780069700,0.3229174098717,0.1458810629369,0.1844261645024,0.0862721743823,-0.0734486176748,0.0178044980954,0.1387187903307,0.3528011653054,0.1275563767202,-0.3807180240773,0.7383171849113,0.4565211759307,0.6629143314263,0.0435523723822,0.0028982419251,-0.0808439119764,0.4101075101314,-0.0144920193734,0.9352358306181,0.0886895389294,-0.3241608975832,0.3829314026788,0.5822703811098,-0.0268505962361,0.4210736138479,0.1983319458683,-0.4194731146772,0.1857077267843,0.8405185527245,0.1698319540639,-0.1208330024501,-0.1853330922750,-0.2040774121030,0.0460119419898,0.0663210931017,0.3278482727359,-0.0141655545913,0.2423336749606,-0.1914239437859,-0.4133294634297,-0.0530237640438,-0.0620859212817,0.0999852182365,-0.0993682560042,-0.1498677251071,0.5564753137318,0.1940699534690,0.5782165046856
0.1227953157027,0.0075857257785,-0.0449729288375,0.1816452746766,0.1362421214100,0.5233634859308,1.0000000000000,-0.1213742306883,0.5174225512862,0.2891490892191,0.3175579029316,0.1618759626121,0.5185617108699,-0.1276677026123,0.0779319639836,0.5698283722874,0.0946241540665,-0.1642994535678,-0.1169685183440,-0.1799123035538,0.2737335764723,0.0448180036526,0.0260030436272,-0.0295550241010,-0.0870065175269,-0.0987880521844,-0.2419878566657,-0.2000888380868,-0.0568634020733,0.2660643558513,-0.0589316925853,-0.1045907404312,0.5940482410772,0.1660980388524,0.4113424247625,-0.0102995796038,-0.1645003536084,-0.2816720095222,0.1626659613018,0.1471297340563,0.5380090331022,0.6103421575003,-0.4231998845582,0.4137830023136,0.3709778678430,0.1292170823463,0.3599169678289,0.4772358382550,-0.1773940819259,0.0832810420991,0.4717492098965,0.1412711990074,-0.3039990732589,-0.1224395543057,-0.2353945576362,0.2499192616324,-0.1433958162025,0.0691151648661,-0.2681344424635,0.1339061464099,-0.1250838445715,-0.3930867532043,-0.2448427578442,-0.0815337086656,0.0743729705385,-0.3369605760905,-0.0053873781300,0.4565006925728,0.0602463019541,0.3360611291334
0.1684695251028,0.2501899866675,0.4525008304070,0.3789781981018,0.1647302114074,0.0987664320185,-0.1213742306883,1.0000000000000,-0.0243026387914,0.4400858170189,0.0758874677528,0.1470339869748,0.0013656178220,0.0103517376191,0.3492254136217,0.0746225238909,0.0713289035857,0.6493515048357,0.2993363834498,0.4105835906334,0.0834635963882,0.3943339828736,0.3701268570837,0.4000803636180,0.6344130892456,0.2361281507953,0.5140998015849,0.2954248324900,0.4542297760908,0.1701078387364,0.6765938623326,0.2666956534917,-0.0049093723292,0.2119840034891,0.1438498394483,-0.2668099086525,0.0868390101293,0.0796644377742,0.1892325792033,0.2415406273184,-0.0303589297857,0.0380745835770,0.3413724667818,-0.2297884583525,0.2456834422597,-0.2963387577802,0.0332526575833,0.0271727086682,-0.1612792876161,0.0730973579353,-0.1879385694154,-0.0271560047673,0.2626283665752,-0.2923652892842,0.1397636332933,0.1705982850773,-0.0547965141657,0.1483938137093,-0.0084934765236,0.5267426681516,0.0784577255545,0.2581912056445,0.2647037828648,0.3258243263578,-0.1246405494649,-0.0039521198224,0.3418583106290,-0.0006785556100,0.0012040732956,0.0019022167510
-0.0550461892518,0.0336013075513,-0.0248864710334,-0.0436899024787,-0.0776932057930,0.4281803515297,0.5174225512862,-0.0243026387914,1.0000000000000,0.0348882455653,0.4648201719938,0.2100067089453,0.1990979654742,0.0242890142044,0.1364154812188,0.3116740098171,-0.0358684122312,-0.1921895916053,0.1138467881884,-0.1268855213588,0.1017013005275,-0.0949774922479,-0.1086893925860,-0.0703532633313,-0.0817607345298,-0.0066027816437,-0.1993518286718,-0.1742366252161,-0.1111391198373,0.0326602380412,-0.1226825179489,-0.0307825353093,0.3963848532379,-0.0412522787209,0.1353538244249,-0.1692593778351,-0.2103251588100,-0.1460629280788,-0.0637704887220,-0.0851783574665,0.3675029846634,0.3027151547631,-0.1793470819434,0.5048225913105,0.1092612415745,0.2469993628882,0.1624550690671,0.0882097768772,0.0203704046261,0.0114440901497,0.2807525345214,-0.0164337141021,-0.2830216312902,-0.0305583568366,-0.2703606328941,0.0685763899477,-0.2766999984503,-0.1303712372850,-0.2729758702023,-0.0132502717751,-0.0328750221664,-0.3273977832259,-0.1653940978737,-0.1649241528112,-0.1769916484871,-0.2677357083204,-0.0527690080760,0.2587562607380,-0.1909168909680,0.0184048140165
0.0837134144297,0.3765022324054,0.2204100831482,0.7738863511784,0.1838312387783,0.5464259019977,0.2891490892191,0.4400858170189,0.0348882455653,1.0000000000000,-0.0851884751823,0.0071507311330,0.2915806232898,-0.2177059944070,0.0178596091475,0.5942039232404,0.1255792845388,0.2911979263004,-0.0639496102295,-0.0525121235320,0.2076789014093,0.2810268520292,0.6182029971828,0.2047355234320,0.5843650881010,0.1980066103618,0.0685455874939,0.0978074225534,0.2178942956025,0.2532611470544,0.2357368043158,-0.1464156507587,0.3800059733747,0.4689083845355,0.5846887161243,0.1971558375772,0.1357638708579,-0.0548178525657,0.6979906448394,0.2289404835184,0.4856021715355,0.1650061033034,0.0746773851460,0.0501659855812,0.9090913717116,-0.2496011964045,0.2847556855407,0.3399478673481,-0.4603531746448,0.2132428860717,0.4684098552069,0.2287789081771,0.0538905380125,-0.2259353153252,-0.0996487127111,0.3318977948125,0.0689722371884,0.6034805798696,-0.0086746860756,0.6494428351218,-0.1285341120625,-0.2744274555098,0.0051764026408,0.0949899039532,0.1447931250443,-0.0187503794365,0.0519142027445,0.2936705382799,0.3088282210458,0.5013459846407
0.0376145866375,-0.0830592873918,-0.1284033104807,-0.1602029259815,0.4776601721393,0.2156369942656,0.3175579029316,0.0758874677528,0.4648201719938,-0.0851884751823,1.0000000000000,0.0320306297804,0.4345429312150,0.0908437975258,0.2663367343991,0.2403485638708,0.1484809041715,0.0212157127743,0.2356525977822,-0.0309746006492,0.2922073130148,0.1331462307361,-0.1194766831496,0.0822260087556,-0.0238420694228,0.0420639524271,-0.0370328870215,-0.2089863885585,0.2713658340655,0.2566906997379,0.1533668319068,-0.1821490546596,0.0581916336086,0.1871123461527,0.0488783702265,-0.1290235405874,-0.2782428290415,-0.2295983086077,-0.2438027960353,0.4155091048912,0.1071270663817,0.0552909898371,-0.1591435055505,0.1920691278730,-0.0890618278363,0.6987875523153,-0.0719943261231,0.3417345268722,0.0002145708690,-0.0796249236661,0.1164789308898,0.0660499596072,-0.2417553653614,-0.1457303864920,-0.0899199174352,0.3885546925271,-0.0763848736444,-0.2135297152660,-0.1550198473757,0.0169471350415,-0.1073704112453,-0.2433137139544,-0.2250766856675,0.1590383525765,0.0315790418994,-0.1882883956181,-0.1095972689815,-0.0322473692213,0.0951970215728,-0.0342676351498
0.2362117831294,0.0437239874655,0.2444883835280,0.0828793873948,0.0579085473917,0.0279887456188,0.1618759626121,0.1470339869748,0.2100067089453,0.0071507311330,0.0320306297804,1.0000000000000,0.1099061347117,0.5350733821813,0.3391125446360,0.1079006724694,-0.0851482554387,0.2858531065872,0.5603567835378,0.4790449087829,0.1677138757951,0.0901727244833,-0.1447691925422,0.1237726313101,-0.2435553280369,0.4346170724886,0.3104171623609,0.1706421913420,-0.1602500649538,0.5009975625750,0.1280578385530,0.1228360505689,0.1583029625321,0.2682131749106,0.3979037291638,0.0790385063146,-0.1286025236082,-0.2548846259298,0.0778461319840,0.1027020910838,0.0028199610983,0.2846417770409,-0.2190790847189,-0.0252471009102,0.0223167235001,-0.1716532973324,0.6912464423512,0.1501508075064,0.3927178572922,0.3106625251704,-0.1438027831348,-0.0631891097506,-0.1143086116670,0.2379731864319,0.1250575706874,0.1778603337773,-0.3127976467024,-0.2781228249840,-0.3139695077179,0.0190612958271,0.4516645992852,0.0799791989536,0.1328046142891,-0.1484992724449,0.3169930946244,-0.5054766268677,0.2455353078965,0.0998910884693,0.2314304460878,0.3245071321866
0.1923794437471,-0.1234098364465,-0.2795527382841,0.0911079559069,0.5957143800767,0.3327326622925,0.5185617108699,0.0013656178220,0.1990979654742,0.2915806232898,0.4345429312150,0.1099061347117,1.0000000000000,0.1921358723938,0.3342752883391,0.5051798851327,-0.0329467075175,0.0464068106800,0.2456880756379,-0.0830463713598,0.7881025651852,0.0549799989514,-0.0407188152181,-0.0795851669122,0.0415055039443,-0.0028588932119,-0.1947442289583,-0.2766915224596,0.1065711189303,0.4551083517675,0.0255371407693,-0.1383719037954,0.1717790808036,0.3485617154549,0.3897119340464,0.1329041581991,-0.3526638560182,-0.3284269534795,0.0432023725934,0.4048451784906,0.2874410476894,0.3486572774996,-0.2961043453828,0.2057791516028,0.2594922589839,0.3170668238386,0.2007302532567,0.8789901949554,0.0063520835896,0.2112819187575,0.4221158591333,-0.0889312059077,-0.1638124475043,0.0214348141313,-0.0040998854057,0.6839623391055,-0.0580455507879,-0.0661527665133,-0.1654028073854,-0.0304756747209,-0.2482113289233,-0.4211083349971,-0.3530510359245,-0.1111902369799,0.3856686808928,-0.1782063390460,-0.0866672422882,0.1594136731241,0.2410967541693,0.3510601841468
0.0727657553171,-0.2580244191096,-0.0366794088389,-0.2751438485802,0.1849863524174,-0.2419487875592,-0.1276677026123,0.0103517376191,0.0242890142044,-0.2177059944070,0.0908437975258,0.5350733821813,0.1921358723938,1.0000000000000,0.3146620141133,-0.1374330036223,-0.1713430787989,0.0904864362403,0.5558491846550,0.1689190058479,0.2156393030793,-0.0284527323985,-0.3972625344472,-0.0514832216094,-0.2548484299030,0.2164823090781,0.0718658375011,-0.0272556887561,-0.2012575608691,0.2587881272125,-0.0474222923847,0.1757454788248,-0.2470898057687,0.1297784787022,-0.0568863267920,0.0203804532152,-0.2936561478760,-0.1662952557824,-0.2606950169605,0.0469390616720,-0.2631403510732,0.0645421922595,-0.0456379991632,-0.0657149334421,-0.2372914225235,0.1611183004827,0.1878331459760,0.1507728828089,0.8350121900833,0.1778651278945,-0.1965248304604,-0.2511992199318,-0.1360794041691,0.4349868738766,0.1480055444184,0.1374735773258,-0.1335212594252,-0.4534543949698,-0.1952892885454,-0.3085016934226,0.1345258549147,0.0019038707474,-0.0012481497615,-0.2218026952915,0.2127537879748,-0.2801195004243,0.0096822939621,-0.1454619887534,0.1136839020265,-0.0729076961319
0.6660219193169,-0.2022800355981,-0.0277832360086,-0.0947025367358,0.3370829779000,0.0293883699202,0.0779319639836,0.3492254136217,0.1364154812188,0.0178596091475,0.2663367343991,0.3391125446360,0.3342752883391,0.3146620141133,1.0000000000000,0.1317915218054,-0.1051633071719,0.3073707340003,0.5841903626636,0.4177316211411,0.3796926291174,0.1498281779700,-0.1215859739043,0.0342169236049,0.0096884116023,0.2123148041165,0.2863689872907,0.1177957407491,0.1262908965718,0.6038380212771,0.2398286656844,0.0934864240346,0.1565878010286,0.1897490670323,0.1944627395534,0.0211392785688,-0.2429183785879,-0.2009855102986,-0.1674087789896,0.1307337842000,0.0075740819985,-0.0172236683551,-0.0672158891560,-0.1312635383998,-0.1298192527383,-0.0239694691612,0.1828058253644,0.1614724943799,0.1912692768813,0.4641636237845,-0.0805935608669,-0.1732196916224,0.0333403677966,0.0237290673263,0.2324104949026,0.1513794984276,-0.0644356051735,-0.2446861083467,-0.1785042318850,-0.1349037219523,0.0244686364413,0.1262841980103,0.0375707761504,-0.0850600547756,0.3130442962437,-0.2092592094800,0.3031811991599,0.1751166758289,0.1564786181590,0.0905896769574
0.0749388795507,0.1391400568663,0.0812482259916,0.4596831708825,0.1388961246708,0.8859360069556,0.5698283722874,0.0746225238909,0.3116740098171,0.5942039232404,0.2403485638708,0.1079006724694,0.5051798851327,-0.1374330036223,0.1317915218054,1.0000000000000,0.1162948818456,0.0634065275881,-0.0984576808018,-0.1783383175412,0.1440342143211,0.2393864376863,0.2768983122109,0.0963625073596,0.1086331218779,0.1007392325347,-0.0826667206226,-0.0283540964994,0.0869725238108,0.5005011221561,0.0961665881638,-0.3971214510418,0.6668833143476,0.5256138707493,0.7353501838467,0.0979062806750,-0.1228637980455,-0.1739361617877,0.4338486185278,0.0430864334549,0.8539494455484,0.1116700299163,-0.3835504196802,0.3368017189688,0.6436181473442,-0.0129412514961,0.5283172888085,0.3489101074100,-0.3503917680442,0.2993675503890,0.8690920547752,0.1657536273755,-0.1168789317550,-0.1245931428169,-0.1430279705807,0.1647657158892,0.0097956801136,0.2956378768300,-0.1149447274015,0.2236606519161,-0.2014079123431,-0.4212268807189,-0.1071813796354,-0.1235817972716,0.2320176307166,-0.2095083594544,-0.1196911106964,0.5310472481181,0.2557677581796,0.6620377096676
0.1407153726986,0.2975843484155,0.3575203851869,0.3452557867586,0.1663294641005,0.1122375565041,0.0946241540665,0.0713289035857,-0.0358684122312,0.1255792845388,0.1484809041715,-0.0851482554387,-0.0329467075175,-0.1713430787989,-0.1051633071719,0.1162948818456,1.0000000000000,0.1167500273195,-0.1580797874305,-0.0892110729768,-0.0278027292213,0.7597577845115,0.5255211622847,0.7093152493636,0.2970120509283,0.1087369947147,0.1820047490760,0.3091314716435,0.6294034908716,0.1628635511424,0.4518035762299,-0.2849639821524,0.0479213133495,0.1427723591868,0.1988719171701,0.0515881066665,0.1845440597959,0.0515421983342,0.3063374219792,0.2314402722903,0.0673992608054,0.1040314316090,-0.2274789262384,-0.0021135981547,0.1314098388450,0.0031270356687,-0.0071258540906,0.0240190384447,-0.3089013804540,-0.0461897400268,0.0032242770242,0.9300232123397,-0.0991537276885,-0.4644255005259,-0.1979936896522,0.0752631689270,0.6062788830383,0.4585695118635,0.4866313159405,0.4445488190352,-0.1816335799654,-0.0909477662138,0.2272084238423,0.5695381230518,-0.0065419403519,0.2247790079218,-0.0225377050803,-0.0007173171575,0.1944626422822,0.1995583000899
0.2473222843401,0.3224234990963,0.3861258030828,0.4221454105486,0.2738761060572,0.0439859045183,-0.1642994535678,0.6493515048357,-0.1921895916053,0.2911979263004,0.0212157127743,0.2858531065872,0.0464068106800,0.0904864362403,0.3073707340003,0.0634065275881,0.1167500273195,1.0000000000000,0.4667617843756,0.7000487804953,0.1427567149756,0.4803211060215,0.3153371905489,0.5215968661375,0.3413297018286,0.4501249112003,0.6975971601104,0.2884600690251,0.3792439548025,0.4287930535795,0.6877105295815,0.0702199558452,-0.0200556216842,0.4773199401214,0.4145743259646,0.0073595274869,0.1899559308154,-0.1090743826708,0.3293435236599,0.2954008785122,-0.0542150291051,-0.0264897113640,0.0552840859681,-0.3485474511481,0.1135389252445,-0.2847814852115,0.1842214498484,0.0931092736486,-0.1585375554480,0.0978004130093,-0.1859307393109,0.0389135055085,0.3809643924185,-0.1174502560574,0.3834682513708,0.2335114551512,0.0336586595473,0.1205479546794,0.0599060269375,0.2967140351281,0.2130224777627,0.3169168935904,0.2073576662514,0.1954908880749,0.2193959123821,-0.0133672387115,0.2197577225592,0.0413443475770,0.3140789730890,0.2972605160094
0.2786435915960,0.0221553024213,0.0031877387258,-0.1361972662810,0.3075811899362,-0.1139464841353,-0.1169685183440,0.2993363834498,0.1138467881884,-0.0639496102295,0.2356525977822,0.5603567835378,0.2456880756379,0.5558491846550,0.5841903626636,-0.0984576808018,-0.1580797874305,0.4667617843756,1.0000000000000,0.5280666039481,0.3474657727617,0.0987501363069,-0.1681669315003,0.0772810610419,-0.0027993843196,0.4450974715045,0.3786270752982,0.0629287735931,0.0529989390468,0.4072822826668,0.2081330656490,-0.0201908874226,-0.1128854501448,0.2427459713645,0.1702708850374,0.0377591005056,-0.1242502628910,-0.1566599159241,-0.1426199025167,0.1430848983103,-0.1908508383843,0.0218348982036,0.0125899973454,-0.1415420355815,-0.1938908700732,0.0750161195266,0.2275357144827,0.2062242272347,0.3540159846570,0.2335542999583,-0.2509371675620,-0.2420463342283,0.0925202988012,0.3811162822139,0.3515858653406,0.2787253378336,-0.0991334693277,-0.3054951556148,-0.1114450441762,-0.1632259017116,0.2302729021506,0.1444866346831,0.0033588715512,-0.0942853409812,0.3278161518842,-0.1845700659653,-0.0100537046533,-0.0618342958965,0.2453469594743,0.0959761713038
0.4159675096855,0.1316582547858,0.1659191366636,0.1229911663978,0.1588779212408,-0.2380361189131,-0.1799123035538,0.4105835906334,-0.1268855213588,-0.0525121235320,-0.0309746006492,0.4790449087829,-0.0830463713598,0.1689190058479,0.4177316211411,-0.1783383175412,-0.0892110729768,0.7000487804953,0.5280666039481,1.0000000000000,0.1453371696296,0.1653684619425,-0.0091310311611,0.2323913662289,-0.0018660553665,0.5070859407210,0.5871253935827,0.1485627367042,0.0845734810377,0.3784402480671,0.4207248944035,0.2854479149700,-0.0551808220994,0.2372024838694,0.2772293786994,0.1011231440695,0.0961699941183,-0.2115234465748,0.0871446966950,0.1493477844780,-0.2390456495238,-0.0164000209384,0.0862872679777,-0.3209377403993,-0.1640759976507,-0.2479089213276,0.2781947093121,-0.0439582244995,0.0544615170071,0.1355882777177,-0.4073755406832,-0.1613442898638,0.3886422555732,0.0382536941847,0.5375021794730,0.1320906091297,-0.2195238288896,-0.1683519929612,-0.1530586805223,-0.0025400221188,0.4925274419321,0.4680064498446,0.1343368485347,-0.0529237568163,0.2697182363107,-0.1834650960261,0.4452830112293,0.0203261114693,0.2036061188595,0.1917300608620
0.3366003940495,-0.0659639876289,-0.2733662200327,0.0830766195265,0.6780231848030,0.0150339654636,0.2737335764723,0.0834635963882,0.1017013005275,0.2076789014093,0.2922073130148,0.1677138757951,0.7881025651852,0.2156393030793,0.3796926291174,0.1440342143211,-0.0278027292213,0.1427567149756,0.3474657727617,0.1453371696296,1.0000000000000,0.0481427282587,-0.0446235906525,-0.0485681958970,0.1133633497506,0.1227766667795,-0.0691902482899,-0.1906306085387,0.1259061800085,0.4100442923384,0.0862829366146,0.1028420054739,-0.0238986114735,0.2470054079659,0.2563430343237,0.2307995409113,-0.1963101270211,-0.2317323414348,0.0512812861985,0.5185727785842,-0.0160965772028,0.2445961434557,-0.0683407890767,-0.0137938143424,0.1243525275850,0.1921634680253,0.1190080934605,0.7422919690724,0.0845002736072,0.1489767287008,0.0643484896453,-0.0921303714181,0.0246583286266,0.0269357130214,0.1992478734858,0.8241453624102,-0.0200338110366,-0.0847947991434,-0.0576231837009,0.0081538510004,-0.0792464370227,-0.1679605597236,-0.2274202367267,-0.0491812918637,0.3931560900882,-0.0666587743497,0.0946327264833,-0.0109254385369,0.2488485172888,0.2242790584104
0.2933575083960,0.2490515470657,0.5711000496186,0.3810108303530,0.2711799199367,0.2547780069700,0.0448180036526,0.3943339828736,-0.0949774922479,0.2810268520292,0.1331462307361,0.0901727244833,0.0549799989514,-0.0284527323985,0.1498281779700,0.2393864376863,0.7597577845115,0.4803211060215,0.0987501363069,0.1653684619425,0.0481427282587,1.0000000000000,0.4996343774999,0.8958899042725,0.3579789971064,0.2384216202927,0.4906040717349,0.5055045912508,0.7431633153014,0.4359297297853,0.7209268443824,-0.1902926604274,0.1534953437076,0.3888474691661,0.3942233426448,-0.0211052162435,0.1256756684204,0.0082040628767,0.2920132883093,0.3092553376349,0.1558306739624,0.0520008441653,-0.2937908961718,-0.1839969818447,0.1619973561449,-0.2184146674638,0.1147635761602,0.1038311863089,-0.3060043552827,0.0195242581984,0.0160010567783,0.6688528222014,-0.0416475448855,-0.4865194746025,-0.0840459763212,0.1280124424607,0.5725891909057,0.3433806662751,0.4241416507770,0.4377160999264,-0.1385214414916,0.0279817209354,0.3859010580371,0.5601958347885,0.0885039921258,0.1127811733912,0.1169513625332,0.1026266497021,0.2974619915431,0.3140200299343
-0.0110518063841,0.7145422043510,0.3861004114290,0.7619962963979,-0.0109088978527,0.3229174098717,0.0260030436272,0.3701268570837,-0.1086893925860,0.6182029971828,-0.1194766831496,-0.1447691925422,-0.0407188152181,-0.3972625344472,-0.1215859739043,0.2768983122109,0.5255211622847,0.3153371905489,-0.1681669315003,-0.0091310311611,-0.0446235906525,0.4996343774999,1.0000000000000,0.5076823526464,0.6455218018494,0.2043104436624,0.2495598549576,0.3215003060873,0.5443965582243,0.1105032807167,0.5152180490735,-0.1993426268654,0.1807994650325,0.2893619628779,0.3888773967056,0.1276118531906,0.5610637423906,0.1588105129787,0.6800412922203,0.1007466453974,0.2578506273898,-0.0107115334168,0.0925858663969,-0.0918228744430,0.5532287375068,-0.2737297170017,0.0306607868697,-0.0027499319710,-0.6000812092200,-0.0411690350047,0.1820960153945,0.5878098334794,0.0752133466540,-0.4573100279292,-0.1397179492222,0.0935227572732,0.3887493011296,0.9167038446218,0.3935967466632,0.6926115387956,-0.0723875012815,-0.0560665444019,0.2207089646108,0.4526242668462,0.0081873176442,0.3709346729254,0.0348747875809,0.0899755635188,0.2040170097751,0.3187930512491
0.1786947410533,0.3730377468512,0.7072952122690,0.4004524496052,0.1446768280309,0.1458810629369,-0.0295550241010,0.4000803636180,-0.0703532633313,0.2047355234320,0.0822260087556,0.1237726313101,-0.0795851669122,-0.0514832216094,0.0342169236049,0.0963625073596,0.7093152493636,0.5215968661375,0.0772810610419,0.2323913662289,-0.0485681958970,0.8958899042725,0.5076823526464,1.0000000000000,0.3061287569820,0.2489061664108,0.5281834503827,0.5926551488795,0.6868904946940,0.3108511481407,0.7282419442792,-0.0639137789643,0.0408354927733,0.3140577816652,0.3155749390500,-0.1121311687797,0.2637888549376,0.1301086764801,0.2902288098894,0.2277658024616,0.0296087236982,0.0410426933493,-0.2629585409477,-0.2402711427160,0.0932677504882,-0.2713341867445,0.0401443409233,-0.0046311586983,-0.2892792470822,-0.1248288367205,-0.1369258917234,0.6262362029547,-0.0194148848762,-0.4841121698419,-0.0986448702974,0.0697269277948,0.4646979636790,0.3232347160889,0.4641334986241,0.3874089636110,-0.0431427677182,0.1290026156691,0.5002198932201,0.5190069073656,-0.0018163475882,0.1305405734698,0.1377958947196,-0.0346294159985,0.1953856671004,0.2187278720441
-0.0489736487999,0.4134380160079,0.2179676670610,0.5190635204571,0.1650969002896,0.1844261645024,-0.0870065175269,0.6344130892456,-0.0817607345298,0.5843650881010,-0.0238420694228,-0.2435553280369,0.0415055039443,-0.2548484299030,0.0096884116023,0.1086331218779,0.2970120509283,0.3413297018286,-0.0027993843196,-0.0018660553665,0.1133633497506,0.3579789971064,0.6455218018494,0.3061287569820,1.0000000000000,0.1073678907868,0.1959337690440,0.1237359797575,0.5739243064583,-0.0516257199703,0.4592204256879,0.0121790143196,-0.0422728732546,0.1570047576632,0.1051634942516,-0.0218477737186,0.2772192292052,0.2139230233324,0.4118443255944,0.2370182317059,0.0736024170909,-0.0158144370662,0.4763116073638,-0.1074514482224,0.4747650140724,-0.1278649095425,-0.1826677062468,0.0868213246485,-0.4054564827018,-0.0528294247658,0.0418668856242,0.2637619511604,0.1793934346135,-0.3310600296754,-0.0515227787879,0.2325556194316,0.2758473828998,0.5728144110286,0.2678801265363,0.7284570136182,-0.1995291313042,-0.0209314398137,0.0801460625732,0.4797469419454,-0.1721182599738,0.3746577739982,0.0424382005169,-0.1153049649119,0.0329664519669,0.0375639579749
0.2159784267337,0.4791291765607,0.1818331114569,0.3612081744022,0.2286510655135,0.0862721743823,-0.0987880521844,0.2361281507953,-0.0066027816437,0.1980066103618,0.0420639524271,0.4346170724886,-0.0028588932119,0.2164823090781,0.2123148041165,0.1007392325347,0.1087369947147,0.4501249112003,0.4450974715045,0.5070859407210,0.1227766667795,0.2384216202927,0.2043104436624,0.2489061664108,0.1073678907868,1.0000000000000,0.5717204928547,0.3116568745719,0.1581590692314,0.3353718909297,0.3117935781182,-0.1189345910388,0.0362278322253,0.4080168925964,0.4482542210842,0.1844406313280,0.3342658805882,-0.0666266279477,0.4150042378539,0.1666348136530,0.0288757029215,-0.0674852901383,0.0079682317872,-0.2191762952299,0.1083824551317,-0.1568961232155,0.4063312675263,0.0533541984137,-0.0050870111899,0.1597435663125,-0.0959945693947,0.1268212574456,0.2383731212464,0.0212896302624,0.3056763967986,0.2145739394229,0.0180187614727,0.1094431250284,0.0226105336287,0.1339145327289,0.6510403798705,0.3422177492214,0.2943238988593,0.0104967366845,0.2804380034740,-0.0864409118883,0.1408881583236,0.0317525150558,0.3492065260308,0.4030355783822
0.2270300892614,0.3613378305867,0.6037681618600,0.2820608643097,0.1421860788041,-0.0734486176748,-0.2419878566657,0.5140998015849,-0.1993518286718,0.0685455874939,-0.0370328870215,0.3104171623609,-0.1947442289583,0.0718658375011,0.2863689872907,-0.0826667206226,0.1820047490760,0.6975971601104,0.3786270752982,0.5871253935827,-0.0691902482899,0.4906040717349,0.2495598549576,0.5281834503827,0.1959337690440,0.5717204928547,1.0000000000000,0.6389470230377,0.3752381096997,0.3150953015391,0.5771693361669,0.0539833236640,-0.0421670127313,0.2860334846795,0.2067828384051,-0.1428990340690,0.3172699069942,0.0937128847252,0.2311785580877,0.1747735451319,-0.1711022863600,-0.1398198264937,-0.0483123131873,-0.4724343443742,-0.0838552798356,-0.3888148240733,0.1172601502895,-0.1321331745766,-0.1372922366432,0.0272429957638,-0.3722034301494,0.1458527218264,0.2348178762261,-0.2338215920930,0.2365736768242,0.0063263076744,0.1366997489829,0.0897928797857,0.1103081058726,0.2244793753930,0.3500577754543,0.6482206741700,0.5709602802105,0.2554548039983,0.0601697144848,-0.0376738184034,0.2616475062988,-0.0412649531689,0.1683940627456,0.0980093087680
0.1589555132343,0.3164215188985,0.7687036116390,0.2263414482882,-0.1239994460503,0.0178044980954,-0.2000888380868,0.2954248324900,-0.1742366252161,0.0978074225534,-0.2089863885585,0.1706421913420,-0.2766915224596,-0.0272556887561,0.1177957407491,-0.0283540964994,0.3091314716435,0.2884600690251,0.0629287735931,0.1485627367042,-0.1906306085387,0.5055045912508,0.3215003060873,0.5926551488795,0.1237359797575,0.3116568745719,0.6389470230377,1.0000000000000,0.2903247924314,0.1131444894885,0.3484337167165,0.0303736184127,-0.0382801075813,0.0588802572375,0.0749568748430,-0.2405671566003,0.4168202877483,0.5565088606849,0.1908846401715,-0.0439694536178,-0.0754789530052,-0.1385861375367,-0.1515539066616,-0.3670707436962,-0.0237269502986,-0.5177590372221,0.0479234528591,-0.2200468073067,-0.1392865365561,-0.0492783643002,-0.2223664435220,0.3127680724239,0.0278964072923,-0.3000145854241,-0.0699665072834,-0.1678776259818,0.3863083101492,0.2325493324040,0.4296895226744,0.1659264135329,0.1290794800468,0.5177004313162,0.9330189336560,0.2741609779506,-0.1681418766600,0.0883648502285,0.1481665037978,-0.1025603417762,-0.0288271241263,-0.0045830335023
0.1794235766949,0.2276449286164,0.3213973786387,0.2888616256688,0.4150164540304,0.1387187903307,-0.0568634020733,0.4542297760908,-0.1111391198373,0.2178942956025,0.2713658340655,-0.1602500649538,0.1065711189303,-0.2012575608691,0.1262908965718,0.0869725238108,0.6294034908716,0.3792439548025,0.0529989390468,0.0845734810377,0.1259061800085,0.7431633153014,0.5443965582243,0.6868904946940,0.5739243064583,0.1581590692314,0.3752381096997,0.2903247924314,1.0000000000000,0.2260894541729,0.7410099403116,-0.1943156061585,-0.0155211750879,0.1850698957786,0.1603979660662,-0.0696471830350,0.1129685867216,-0.0114971384092,0.1737453220458,0.4545352108890,0.0166812946439,-0.0185194612053,-0.0696461401580,-0.1892022317482,0.0557473875098,-0.0232062174673,-0.1228199611649,0.1282431410855,-0.3967171901471,-0.1570539092972,-0.0825912318988,0.5209170036051,-0.0505432434353,-0.5242150879352,-0.1122579446274,0.2363544484019,0.4619756144577,0.3620153503360,0.3533660183696,0.4684096411670,-0.2394999708255,0.0181513795610,0.1869332541552,0.7930876304020,-0.0287341990825,0.3396938888952,0.0750134840273,-0.0624264324967,0.1201500141948,0.0982770844108
0.5280493427009,-0.0080020254144,0.1269897873062,0.3112994616985,0.5040294819443,0.3528011653054,0.2660643558513,0.1701078387364,0.0326602380412,0.2532611470544,0.2566906997379,0.5009975625750,0.4551083517675,0.2587881272125,0.6038380212771,0.5005011221561,0.1628635511424,0.4287930535795,0.4072822826668,0.3784402480671,0.4100442923384,0.4359297297853,0.1105032807167,0.3108511481407,-0.0516257199703,0.3353718909297,0.3150953015391,0.1131444894885,0.2260894541729,1.0000000000000,0.4076920133026,-0.1574987137532,0.3607372420166,0.7128788511151,0.7235946803924,0.3796677215650,-0.1523143225752,-0.3738398646454,0.2839820360941,0.3410936381015,0.3292757427281,0.0357696866406,-0.3968941747589,-0.1507455424645,0.1840820909866,-0.0730098554824,0.5418604939927,0.3370556534333,-0.0138636223230,0.3878276203141,0.2284906528211,0.1448025224700,-0.0266574603054,-0.0400128554571,0.2252011969167,0.3288213479000,0.0427844985681,0.0040509559523,-0.1212988995148,0.0591013699563,0.0208037101004,-0.0700033495937,0.0110228504127,-0.0245674649584,0.6464009797557,-0.2634058748010,0.1701927634785,0.2599577648057,0.6182537448074,0.6317545520790
0.3035242417466,0.3436358759648,0.4841692402224,0.4307681414047,0.2880226329631,0.1275563767202,-0.0589316925853,0.6765938623326,-0.1226825179489,0.2357368043158,0.1533668319068,0.1280578385530,0.0255371407693,-0.0474222923847,0.2398286656844,0.0961665881638,0.4518035762299,0.6877105295815,0.2081330656490,0.4207248944035,0.0862829366146,0.7209268443824,0.5152180490735,0.7282419442792,0.4592204256879,0.3117935781182,0.5771693361669,0.3484337167165,0.7410099403116,0.4076920133026,1.0000000000000,0.0234516205732,0.0399266954498,0.3768853844793,0.3384942276524,-0.1020058033644,0.2124059910753,-0.0412547465362,0.2829170990507,0.3292133856147,0.0119845812865,0.0042007800565,-0.0609225978366,-0.3110286764870,0.0446323578517,-0.2856019743694,0.0988254300885,0.0368868241141,-0.2624179846001,-0.0453675136201,-0.1832401236683,0.3263343033454,0.1784645039034,-0.4358618713183,0.1125755395450,0.1640441241102,0.2553443874971,0.2490577004201,0.2405679746283,0.4332331351842,0.0449271856908,0.2250494001766,0.2821110964992,0.5450692101567,0.1033179224274,0.2015750691783,0.2444046530387,0.0208040151028,0.2283128458417,0.2369125291897
0.0940500984753,-0.1133262152940,0.0185170130242,-0.1283726418875,-0.0891890080359,-0.3807180240773,-0.1045907404312,0.2666956534917,-0.0307825353093,-0.1464156507587,-0.1821490546596,0.1228360505689,-0.1383719037954,0.1757454788248,0.0934864240346,-0.3971214510418,-0.2849639821524,0.0702199558452,-0.0201908874226,0.2854479149700,0.1028420054739,-0.1902926604274,-0.1993426268654,-0.0639137789643,0.0121790143196,-0.1189345910388,0.0539833236640,0.0303736184127,-0.1943156061585,-0.1574987137532,0.0234516205732,1.0000000000000,-0.2070833020195,-0.2526053846010,-0.2614894085407,-0.1466646322699,0.0095346348182,0.0735850348605,-0.2149622512350,-0.0121965073040,-0.3675512339348,0.0922361459274,0.3066844777157,-0.1666051331493,-0.1792566397138,-0.1923377777548,-0.1684261884171,-0.0572334355599,0.3038899812855,-0.0962831754792,-0.4424404355029,-0.3321669061764,0.1890737103694,-0.0677318892702,0.1955218726381,0.0245085130539,-0.2766639016202,-0.2628170205045,-0.1190431829033,-0.0034185106200,0.2026230722734,0.3272570856248,0.1432763444546,-0.0887369897873,-0.1595643446421,-0.0677390336372,0.6485472239840,-0.2040305942484,-0.2205194648443,-0.3078863167327
0.1755697080684,0.1422596325919,0.1058896049079,0.2955188240372,-0.0116041095908,0.7383171849113,0.5940482410772,-0.0049093723292,0.3963848532379,0.3800059733747,0.0581916336086,0.1583029625321,0.1717790808036,-0.2470898057687,0.1565878010286,0.6668833143476,0.0479213133495,-0.0200556216842,-0.1128854501448,-0.0551808220994,-0.0238986114735,0.1534953437076,0.1807994650325,0.0408354927733,-0.0422728732546,0.0362278322253,-0.0421670127313,-0.0382801075813,-0.0155211750879,0.3607372420166,0.0399266954498,-0.2070833020195,1.0000000000000,0.2386776121616,0.5612349892753,0.0866956528872,-0.0765263646800,-0.2657519590197,0.2640847233738,-0.0508452988906,0.7594129803614,0.2444870865260,-0.3694290533531,0.3158930317877,0.4356896513580,-0.1291411098577,0.4854474375751,0.0504146915621,-0.3607950017198,0.3064256476253,0.5974209160657,0.1454671034442,-0.1485942161105,-0.2050244697544,-0.1857408186349,-0.0596514449475,-0.0547309917501,0.1949911042344,-0.2232346943392,0.1532228383868,-0.1414890759838,-0.3063913947303,-0.1029997732453,-0.1333852685660,0.2091006638225,-0.2533034165474,0.0920643418969,0.8615139581516,0.1379117837446,0.4837875645650
0.1433530112064,0.2348416716323,0.1147396611570,0.5521970883725,0.4760550988701,0.4565211759307,0.1660980388524,0.2119840034891,-0.0412522787209,0.4689083845355,0.1871123461527,0.2682131749106,0.3485617154549,0.1297784787022,0.1897490670323,0.5256138707493,0.1427723591868,0.4773199401214,0.2427459713645,0.2372024838694,0.2470054079659,0.3888474691661,0.2893619628779,0.3140577816652,0.1570047576632,0.4080168925964,0.2860334846795,0.0588802572375,0.1850698957786,0.7128788511151,0.3768853844793,-0.2526053846010,0.2386776121616,1.0000000000000,0.7300195577654,0.3815939617227,0.1041301684925,-0.2304714384062,0.5493940620340,0.3752311902378,0.3999909287005,-0.0452998233858,-0.1785810690312,-0.1638240048489,0.3974187703555,-0.0688348423066,0.3662734341509,0.3569188722234,-0.1656836931536,0.1454253627425,0.3221004247867,0.1566199836519,0.1450037481102,-0.0033166985587,0.2348749968027,0.3431326217925,0.1383267179323,0.2370666643075,0.0474689749428,0.2201550837167,0.1096038426115,-0.0911172895321,-0.0059860178881,-0.0009267393196,0.4578421738809,-0.0665800648562,-0.0876918792175,0.1217488766447,0.7153534410242,0.6795959491958
0.3124261721854,0.3431372407021,0.1453017224587,0.6538842099075,0.2462463809842,0.6629143314263,0.4113424247625,0.1438498394483,0.1353538244249,0.5846887161243,0.0488783702265,0.3979037291638,0.3897119340464,-0.0568863267920,0.1944627395534,0.7353501838467,0.1988719171701,0.4145743259646,0.1702708850374,0.2772293786994,0.2563430343237,0.3942233426448,0.3888773967056,0.3155749390500,0.1051634942516,0.4482542210842,0.2067828384051,0.0749568748430,0.1603979660662,0.7235946803924,0.3384942276524,-0.2614894085407,0.5612349892753,0.7300195577654,1.0000000000000,0.3856176113137,0.0868815464427,-0.3151952172173,0.6658872708783,0.1799609527076,0.6483758153132,0.1299307927688,-0.3820047507121,0.0585713893283,0.5755587152889,-0.2404734896492,0.7038751433425,0.3394521270836,-0.3394681763620,0.3080773000756,0.5369735157624,0.2626013673702,0.1207693290542,-0.0600484877096,0.1727501063051,0.2814166667474,0.0279541314460,0.3429890773587,-0.0473902480581,0.2676067132573,0.1505227439030,-0.2043393674499,-0.0324015987617,-0.0906368194927,0.5278800757107,-0.1874507123231,0.1035153741386,0.4604379396555,0.5787334289160,0.9130979123675
