1.0000000000000,0.2570019052993,-0.0215121098342,0.2222906092116,0.3239415986291,-0.0762759054724,0.3487570273275,0.0966660591249,0.2290490514048,0.1048347102361,0.2055647717129,-0.0533275394809,0.2853994557407,0.1039539587581,0.4803676627119,0.1100075517421,0.1798652353454,0.3940699791301,0.2412756255712,0.5031484676180,0.2375427478327,0.2271253077495,0.3871309375714,0.2428158499891,0.1825504690144,0.1893092371739,0.1191138943415,-0.0952506588046,0.2809763728694,0.6053421924932,0.3475322344029,0.0447367116502,-0.0329803938840,0.3862382102889,0.2732225002720,0.6274539987462,0.1078474942637,-0.4130243105576,0.2409177940270,0.1681779589411,-0.1169729383093,0.0008695255464,-0.0327331586233,-0.0310548846782,0.0545704318384,0.1936318507666,-0.1762627385840,0.2574376871428,-0.1807460768796,0.2338653587111,-0.0600189605534,0.1788291359585,0.1377217399744,-0.2393941794370,-0.1711458379301,0.2277571398431,0.1002844385760,0.2957738928005,0.1068476649725,0.2009842771475,-0.0959355328172,-0.2214490165357,-0.2297170272087,-0.0356387282743,0.4322497325032,0.1477973184180,-0.1330169711947,-0.0717413767399,0.1864215837561,0.2120740654867
0.2570019052993,1.0000000000000,0.4432033104619,0.7089555425049,-0.0986234765689,-0.0972684383643,-0.0619317203368,-0.0278035408595,-0.0132069365641,0.0557530674584,-0.1235814705410,0.3698624445349,0.0450420106191,0.0705030334291,0.1230515525485,0.1058495503395,0.4148325041584,0.4277389301829,0.2797987101431,0.4820977291724,0.1212808428445,0.3979704054877,0.5973721832066,0.6163847735737,0.1438870094881,0.5002185548515,0.6038952970468,0.4401589047610,0.3352825829387,0.3150988018399,0.4640942993660,0.1839659154040,-0.1126153801320,0.2585501718872,0.4948739386600,0.0494464043693,0.7556909799076,0.1295779934583,0.4734990638835,-0.1908534266764,-0.0320223145109,-0.1839175942507,-0.3141825805375,-0.3715078597535,0.0971520119707,-0.3186211491462,0.2897351895541,-0.1182122507649,0.0522352316385,-0.1734757300220,-0.0237644518112,0.4051420895706,0.3625627066412,-0.0318977208497,0.0872389900916,0.2317362473358,0.3539957190025,0.4930845711433,0.4675599656193,0.1206799842448,0.4978366505363,0.3456805252582,0.3539388756008,0.1603252284108,0.1991587490439,0.1817391052908,0.0438197555378,-0.1182357753109,-0.1069310526885,0.4754761370569
-0.0215121098342,0.4432033104619,1.0000000000000,0.4459097884698,-0.1650680255016,0.0435586596806,-0.1854075786482,0.4025643561225,0.0962901148371,0.3441569426453,-0.1801980703218,0.3970016848315,-0.1325580116430,0.3868277241368,0.3298371704784,0.2099434092158,0.2744808556739,0.3340655380151,0.4030611996656,0.2608912811218,-0.0730201529250,0.3545633163608,0.1414000563974,0.4927688399637,0.2941259953559,0.6287419504023,0.5809788051458,0.8565131546251,0.3544935147499,0.1052150984793,0.3399713090024,0.3262469458049,-0.1361981098243,-0.0960519103531,0.0635926645691,-0.2965915561320,0.1655323999059,0.5649437720253,0.1020251567558,-0.3117989982111,0.0688835888860,-0.1942565231428,-0.1763421845415,-0.3791200108204,0.2729845771378,-0.4015974991421,0.3646075224999,-0.2954815802544,0.4308243336203,-0.0412883846085,0.1655607490437,0.2162480772501,-0.1431661373628,0.0536193448318,0.0659299667118,0.0395709716416,0.2528405517118,-0.0698887933023,0.1564376106911,0.0965323502755,0.5579869881073,0.3352325317016,0.7348914011784,0.2189801684989,-0.2044566883240,-0.3122735523003,0.0197129721281,-0.0855580136140,-0.3574301980964,0.0791518652922
0.2222906092116,0.7089555425049,0.4459097884698,1.0000000000000,-0.1624956586191,-0.0059052148297,-0.1155238965007,0.0504476019379,0.0449587650109,0.2511627216825,-0.1359229164737,0.3570998364920,-0.0639327930550,0.1427758647224,0.2543102184763,0.0425412603664,0.4008237171069,0.2652917608242,0.2450834823469,0.4070129986890,0.0382977286583,0.3535795379467,0.6918972696340,0.5129648963471,0.3109266008494,0.4946877660679,0.5007143192151,0.4055416369029,0.3015293260892,0.2375710131211,0.4530527558758,0.1501494820635,-0.1709257812745,0.2690695178353,0.3508220520842,0.1469036853448,0.5637723395789,0.2518280620774,0.7223665665110,-0.2618694557950,0.0351404746643,-0.2243682783510,-0.1397246619899,-0.2826793341994,0.3095244105443,-0.3356714613562,0.2777752392676,-0.1996043688796,0.1725324443367,-0.0621476392043,-0.0679611309506,0.4155234496022,0.2417242316112,-0.0091891601000,0.0842597446417,0.1891986118748,0.3086081845605,0.5919122826397,0.3562425685986,0.3611932036150,0.5085362573091,0.2978712892918,0.4208975291181,0.2444190859954,0.0684937193833,0.2000133771792,-0.0458949393107,-0.1415469619605,-0.2558443529058,0.3576831838992
0.3239415986291,-0.0986234765689,-0.1650680255016,-0.1624956586191,1.0000000000000,-0.0682848626117,0.4814448912709,0.3739275516500,0.2966124273621,0.2851243897572,0.6744829824772,-0.3455658373609,0.5169918998103,0.2151912153829,0.2667986893310,0.3033392394897,-0.1181930893338,-0.0921111168347,0.0329105220636,-0.0225565987753,0.5808365295812,0.0301431352439,-0.0338792440252,-0.0581173726360,0.4028298734688,0.0911558576908,-0.1530999176926,-0.2478840837005,0.3852736553366,0.2567205633283,-0.1307055634046,-0.0400101274794,-0.1131688698034,0.3615668252696,-0.0537665967002,0.3629141012241,-0.1172810277055,-0.4659753473393,-0.0002344307713,0.7141791130667,-0.1737155613431,0.1066736471601,0.3783166718235,0.2964421453588,0.2225352766087,0.6933604312535,-0.2460416774439,0.5611018721543,-0.2091751454578,0.2844811648820,0.2025610472741,-0.1076812715832,-0.2060592145577,-0.2245773156644,-0.6320779825592,0.4465157548706,-0.0840571879455,-0.0542906730763,-0.1482845941213,0.3478761020772,-0.3541712598125,-0.5774200292460,-0.4388662944139,0.0756856187568,0.2340152272607,-0.1191261259904,-0.3099196572771,-0.0922080938567,0.5139731369322,-0.0502418154907
-0.0762759054724,-0.0972684383643,0.0435586596806,-0.0059052148297,-0.0682848626117,1.0000000000000,0.1762578271782,-0.2527451757492,0.0497860307525,-0.1044032591129,-0.1953308665565,-0.0116185839690,-0.1138922587061,0.1675969077159,-0.0522732529135,-0.0169373370046,-0.1043251786305,-0.0712848424647,0.1576815685428,-0.0561041282933,-0.0881932592913,-0.0590173664026,-0.1381941025184,-0.0505793946209,-0.1787249765416,-0.1282098536644,-0.0302656011893,0.0639100926389,-0.2188519612566,-0.0208679218123,-0.0056461746886,0.0617336478679,0.3568398100404,-0.0351259549639,0.0974205254563,-0.1027102424589,-0.1337452535146,0.0989515668363,-0.0484363580459,-0.2026868034864,0.8686896834881,0.3710773254232,-0.1704296955844,0.2259297271966,-0.1184426067882,-0.1215467320905,0.0902847177554,-0.1479349065179,0.1666874891912,-0.1532950516546,0.1748028702341,-0.1069453385944,-0.0339998974949,0.2757420891106,-0.0274283345750,-0.0879315946501,-0.0299816007363,-0.1816626080075,-0.0096694081253,-0.1482891608407,-0.1115490743917,0.0559627507485,0.0513780559039,-0.1576223977769,-0.0937186585201,-0.0150084274603,0.0559339369708,0.4057211036486,-0.1118398047679,0.0926284437815
0.3487570273275,-0.0619317203368,-0.1854075786482,-0.1155238965007,0.4814448912709,0.1762578271782,1.0000000000000,0.1351790992826,0.6204195981779,0.0395770668455,0.5319705235783,-0.0771886363489,0.6567148527897,0.1902373001777,0.3319068318893,0.4843161749371,-0.0535656892005,0.0120958954037,0.1354145081899,0.0817337483587,0.3741059363701,0.0596971277752,-0.0680907324572,0.0200868476495,0.0625357277562,0.0742427037379,-0.0462670989041,-0.2470992019727,0.1892939716809,0.3959388422078,-0.0031298697168,-0.0422400546735,0.2000458313761,0.2174949395074,0.0959530448137,0.2691127461053,-0.1834533668730,-0.4138511360413,-0.1009015898860,0.3587512853559,0.0923810361875,0.5291978939661,0.0497696761712,0.3607466058007,0.0251955629372,0.4760563783975,-0.0069452008353,0.6225969738534,-0.2096531811070,0.1337123456372,0.3024200727585,-0.0565020501404,-0.0729622657173,-0.2195557320230,-0.5321713431193,0.2551791862459,-0.0955331387161,-0.0816071352258,-0.0448112863930,0.1073037126391,-0.3713655219281,-0.4125416058711,-0.3684225383575,0.0352161931634,0.2937735651624,-0.0221689586202,-0.2846223601078,0.2443377446721,0.2887560289501,0.0883985514216
0.0966660591249,-0.0278035408595,0.4025643561225,0.0504476019379,0.3739275516500,-0.2527451757492,0.1351790992826,1.0000000000000,0.2517571081987,0.7032146841742,0.2928439277684,-0.0307526088476,0.2236782299971,0.4411630497886,0.5102605873971,0.5438743226116,-0.0414977601780,0.0694969157291,0.2039974752951,0.0818416165128,0.2528484728044,0.0187103165901,-0.0317054233363,-0.0351538869447,0.6155852357803,0.4722957679978,-0.0023137038566,0.2049635819894,0.5294106326982,0.1653004942853,-0.0318244856731,0.1860361879552,-0.0895810589368,-0.0100649660763,-0.2462581622537,0.0730686414320,-0.2439698746914,-0.0231458212762,0.0096280544496,0.1919331836877,-0.2217739949078,-0.2183096160625,0.4927286637235,-0.1425179195409,0.6114144514429,0.2012750067720,0.0222999667510,0.1771077681718,0.2086868638754,0.3351624000920,0.3530427795566,-0.0932960628809,-0.4362402353676,-0.1813967570466,-0.2970908262339,0.2705893820124,-0.1252826706074,-0.1697193384436,-0.3517309579331,0.4285154766981,0.0938121012657,-0.4204573358087,0.0639007255335,0.1934142973397,-0.0361444169579,-0.4866273554811,-0.1906503670191,-0.1424642179258,0.0198415399791,-0.2313685467524
0.2290490514048,-0.0132069365641,0.0962901148371,0.0449587650109,0.2966124273621,0.0497860307525,0.6204195981779,0.2517571081987,1.0000000000000,0.0332839922018,0.4799817609175,-0.0208973883509,0.2845315020938,0.1727699769608,0.4499635487187,0.3685283282075,0.0508591632975,0.1017336431547,0.3205699798677,0.2014783224554,0.1552705523176,0.0734879564672,0.0132049826528,0.0508594631364,0.1349551171337,0.1358049530622,0.1320053499803,-0.0415328414228,0.3702977661597,0.1715290121405,0.1658062677459,0.0057553083097,-0.0794521889330,0.0951228027614,-0.1013448987443,0.1964444151739,-0.2159941704101,-0.1213836504799,-0.0088560686429,0.1276772729126,-0.0527874955904,0.2426622584076,0.0849588170436,0.5229523599220,0.0141272043166,0.4161934620539,0.0184525019793,0.1810181708432,-0.2492410043719,0.2049005014101,0.2206738535049,0.0468128087840,-0.1293007305423,-0.1534440542224,-0.4829898106980,0.1048267220421,-0.0577351917721,0.0049612871478,-0.0598069682720,0.0946648453717,-0.3474963612756,-0.2574037903466,-0.1756848204678,0.1765128830448,0.0442650401452,0.0195585515334,-0.4062786246887,-0.0895983847661,0.0277960000861,-0.0379902111502
0.1048347102361,0.0557530674584,0.3441569426453,0.2511627216825,0.2851243897572,-0.1044032591129,0.0395770668455,0.7032146841742,0.0332839922018,1.0000000000000,0.1026871836263,-0.0526761244529,0.1894265696075,0.5624416357090,0.4415722227819,0.4463861691680,0.0576717172678,-0.1151005663691,0.1430118242384,-0.0409812471207,0.1631922142431,0.1010419050635,0.1775992694028,0.0472243652544,0.6442737300756,0.4669942316184,-0.1358446875559,0.2490865938933,0.2976777924470,0.1026147913425,-0.1966280975668,0.3506292617500,-0.1899128554484,0.0824503297893,-0.2853546702758,0.1357730998582,-0.0902553146286,0.0212942881415,0.1486193579588,0.0749065977409,-0.1284516262958,-0.1865906421183,0.3481578225842,-0.2015482346374,0.8828030535092,0.0391741826258,0.0293450925673,0.1193938303795,0.4142331377249,0.3248213402028,0.2899384408636,0.0386890382838,-0.4583893524462,-0.1256322087514,-0.1964082106028,0.2233986077335,0.0629920271243,0.0367823053915,-0.1267195530785,0.5326208672953,0.2199245031225,-0.3781086505568,0.2083176230262,0.1121292519792,-0.0171415479222,-0.4603780183841,-0.0413723756245,-0.1450555372090,0.0101174711946,-0.2753773436314
0.2055647717129,-0.1235814705410,-0.1801980703218,-0.1359229164737,0.6744829824772,-0.1953308665565,0.5319705235783,0.2928439277684,0.4799817609175,0.1026871836263,1.0000000000000,-0.2252521075086,0.4134404546868,0.0968802164058,0.3485039738426,0.1711033125495,-0.0527595080708,-0.1970497082749,-0.0074467632762,-0.0868598808453,0.4254069604974,0.1152121547999,0.0021879490025,-0.0517136718469,0.2934467726262,0.0397526746734,-0.1186931204544,-0.2252009760264,0.3930750562482,0.1948736994958,-0.0899144301904,-0.1065794050051,-0.1283264826505,0.3423201648297,-0.1250842494431,0.2898865097869,-0.1068503121291,-0.3922184527509,-0.0033168445414,0.6487988228574,-0.2975659339534,0.0247915055046,0.1742533855567,0.3835795749197,0.0851853003323,0.7913293190238,-0.2185251398359,0.4420834962498,-0.3049701109437,0.3000628745960,0.0731981994379,-0.0725904899273,-0.2925223319104,-0.3225166687863,-0.6367968112731,0.2866250389308,-0.0228353915534,0.0521155396617,-0.0930232192307,0.2195252421653,-0.3738301147080,-0.5171997229329,-0.3672384006288,0.1766853945617,0.1583717675080,-0.1372838197024,-0.3326367525284,-0.1160726161592,0.3537157366590,-0.0971427917399
-0.0533275394809,0.3698624445349,0.3970016848315,0.3570998364920,-0.3455658373609,-0.0116185839690,-0.0771886363489,-0.0307526088476,-0.0208973883509,-0.0526761244529,-0.2252521075086,1.0000000000000,-0.1078969068148,0.1380307709117,0.1346302584206,0.1036781885018,0.0604470444997,0.2287895591028,0.3379451837330,0.3464601247542,-0.0837752508113,0.1710119242761,0.0950633309686,0.3015965515861,-0.1676580557298,0.4000597971946,0.4821295030092,0.4370550917321,0.0554293688011,0.2238025263571,0.2246291495942,0.2559457428887,0.0225706181435,-0.0001684097541,0.2498513166645,-0.1961241838284,0.3185973379311,0.2771094966473,0.2168061322453,-0.3176516514087,0.0641289179289,-0.2231677819711,-0.3666047581660,-0.3586805071320,-0.0198359748704,-0.4755681834185,0.7209702678473,-0.2232087126112,0.3337781907526,-0.2228123247625,-0.0473931192335,0.0837231547960,0.1810364047686,0.1149662999934,0.3327324075152,-0.0304298117306,0.1244517686580,-0.0163559658459,0.1706918831404,-0.2405571611070,0.5670227591353,0.4731072422264,0.4104008129744,0.0599701107835,0.0866701703044,-0.0195691785849,0.1618592133035,-0.0462885548356,-0.4044106015013,0.2816398224678
0.2853994557407,0.0450420106191,-0.1325580116430,-0.0639327930550,0.5169918998103,-0.1138922587061,0.6567148527897,0.2236782299971,0.2845315020938,0.1894265696075,0.4134404546868,-0.1078969068148,1.0000000000000,0.1478580291848,0.1891828524719,0.4112026072464,-0.0049206435328,0.0541005742510,0.0313726289220,0.0731016544543,0.5364499122318,0.1481792486085,-0.0917949691228,0.1210472342638,0.1776340131716,0.0978660617695,-0.0097163926168,-0.1958705927979,0.3039359167674,0.3059828482271,-0.0790728297069,0.0322860669973,-0.0320397856564,0.1971486400154,0.1086691994083,0.1820952839085,-0.0173666543132,-0.3692018735477,-0.0981991954016,0.4136253108333,-0.1542371149741,0.3731669685960,0.0686505895725,0.0382143122910,0.1864594037427,0.3574188878710,-0.0735417836081,0.8604190640126,-0.1484447965749,0.0466130231341,0.2157043930716,0.0140293296304,0.0414255881779,-0.2442213012773,-0.3748662407979,0.4522097897475,0.0781675852691,-0.1130067590591,0.0871192785907,0.1802006705480,-0.2055669152652,-0.3536414574352,-0.2739182107821,0.1708455701831,0.3292918194396,-0.0475881327655,-0.1486265864813,-0.0301736662499,0.3141378786895,0.1054050883315
0.1039539587581,0.0705030334291,0.3868277241368,0.1427758647224,0.2151912153829,0.1675969077159,0.1902373001777,0.4411630497886,0.1727699769608,0.5624416357090,0.0968802164058,0.1380307709117,0.1478580291848,1.0000000000000,0.6040218251481,0.4812475483541,0.1911014713480,-0.0499563671282,0.5112223101714,0.0997524671605,0.0623837706612,0.2385712193239,-0.0193771647525,0.1698418546438,0.2757765135298,0.5956938257588,-0.0286710917363,0.4490182920012,0.2630632403035,0.3603696184716,-0.1936396722559,0.6266705978641,0.0878563267260,0.1446152613603,-0.1100852525774,0.0434222076267,-0.1761091745138,0.0107921356849,-0.1150117690355,-0.0598411434177,0.1257188212637,-0.0136841015584,0.0157304954528,-0.1598566460586,0.4734042199807,-0.0144085629185,0.3480807357650,0.0607758655817,0.7353601972904,0.3251731470276,0.3900310680663,0.1599497241101,-0.4649945375454,0.1088628953353,-0.2931147271733,0.1093116618671,0.2064261770025,-0.1413025065255,0.0089137505328,0.1275889584021,0.1922363777755,-0.3128476252765,0.3453977482260,0.0315209642460,0.0855930304689,-0.5092533569663,0.1179649842685,0.2090644261483,0.0586007208072,-0.0855812153077
0.4803676627119,0.1230515525485,0.3298371704784,0.2543102184763,0.2667986893310,-0.0522732529135,0.3319068318893,0.5102605873971,0.4499635487187,0.4415722227819,0.3485039738426,0.1346302584206,0.1891828524719,0.6040218251481,1.0000000000000,0.4160984570767,0.1770504468097,0.2112705210750,0.5511683004077,0.3786549179334,0.1512554335576,0.2256095802013,0.2157614376305,0.1826641600009,0.3674960869179,0.4978931559525,0.1751460168153,0.2911536270294,0.3584974641061,0.5021820626477,0.1907480171807,0.3857083182593,-0.0565846039518,0.2040406899769,-0.0631260023552,0.3166840310542,-0.0906382754531,-0.1602154008813,0.1248769409108,0.0630645840078,-0.1004000388456,-0.1439285020120,0.1039314144946,0.0193272792302,0.3770703346899,0.1672007909425,0.1130074483495,0.1187360651971,0.2911501416381,0.5229867843698,0.1582547518573,0.1461439873685,-0.2801318010100,-0.1259220116013,-0.2921093541860,0.1787293828287,0.0669756639103,0.0695009351986,-0.0712875971521,0.2497103696096,0.0601850360566,-0.3094433782463,0.1066830821530,0.1035804370740,0.1606025194894,-0.2377135675431,-0.1460303424522,-0.0501172293226,-0.0300816980957,-0.0896368124633
0.1100075517421,0.1058495503395,0.2099434092158,0.0425412603664,0.3033392394897,-0.0169373370046,0.4843161749371,0.5438743226116,0.3685283282075,0.4463861691680,0.1711033125495,0.1036781885018,0.4112026072464,0.4812475483541,0.4160984570767,1.0000000000000,0.0525563265122,0.0947838215355,0.2193251430691,0.1032345612900,0.2705857027425,0.0983388954477,-0.0618113298347,0.1109999516749,0.2388658275672,0.5041541594112,-0.0366107817745,0.0987579487831,0.3269074920425,0.4076754502190,-0.0005781891997,0.0945975715721,0.1452332873351,0.0382935804270,0.0863143432911,0.0789038741282,-0.1238417727297,-0.1696986400754,-0.0195564094116,0.0610069473086,0.0183898428758,0.1155241953022,0.1511763716441,-0.0468956795273,0.4219353012671,0.0875495511494,0.2695216670943,0.3444921368692,0.2436696478862,0.1777584473541,0.7528645944483,-0.0190342530664,-0.1556925038131,-0.0744520405499,-0.3151947531444,0.2440903735806,-0.0385518472720,-0.2116047266404,-0.1193743516702,0.1634024805830,0.1324577794902,-0.3541362236797,0.0054597997855,-0.0002687413943,0.2689775084388,-0.2900114932237,-0.2893063799962,0.1184361097614,0.2423445595838,0.1146856204859
0.1798652353454,0.4148325041584,0.2744808556739,0.4008237171069,-0.1181930893338,-0.1043251786305,-0.0535656892005,-0.0414977601780,0.0508591632975,0.0576717172678,-0.0527595080708,0.0604470444997,-0.0049206435328,0.1911014713480,0.1770504468097,0.0525563265122,1.0000000000000,0.2614969809903,0.1191541130020,0.1669245015980,-0.0860677547280,0.6959605687849,0.5038258216362,0.6888398767489,0.0906851428399,0.3293582630052,0.2638076705354,0.4097916783490,0.3658970678149,0.3147991360120,0.3722117779339,0.0510358554789,-0.0333448907125,0.2317416301742,0.3447791829730,0.0749729271306,0.2165254897349,0.1274450876895,0.1036519171273,-0.1363373314322,-0.0332013695758,-0.1259522459272,-0.3435594509586,-0.3115810694704,0.0259013580481,-0.2732150060706,0.0343131587380,-0.0579943219349,0.1470578017767,-0.0763851285183,-0.0379971399430,0.9229975274328,0.0820507478503,-0.2106101690124,0.0692964154675,-0.0043322553226,0.6973075706417,0.4749341872034,0.6416933823426,0.1110944619853,0.2701561461467,0.2258700862293,0.4086534720025,0.2699707201159,0.2174267703493,0.2054417080243,-0.0589938992739,0.0522005278349,0.0319782894389,0.3096571427379
0.3940699791301,0.4277389301829,0.3340655380151,0.2652917608242,-0.0921111168347,-0.0712848424647,0.0120958954037,0.0694969157291,0.1017336431547,-0.1151005663691,-0.1970497082749,0.2287895591028,0.0541005742510,-0.0499563671282,0.2112705210750,0.0947838215355,0.2614969809903,1.0000000000000,0.3552628170716,0.7615850394590,0.1042921217379,0.2104351865396,0.2527470122728,0.4236690781832,-0.0050709310786,0.2218408565029,0.5742713304507,0.2768511796959,0.2889138163442,0.3303609421814,0.5765528694251,0.0378600609469,0.0867750213618,0.0292787062659,0.5023491955884,0.0642273558049,0.1721959252664,-0.0341555516101,0.0426684076881,-0.1878509301360,0.0242552883113,-0.0144069797339,-0.2069980819470,-0.2418584591182,-0.1946395064763,-0.2249077745227,0.1026645763412,-0.0059650489316,-0.0856432250301,-0.1254322961774,0.0191905920870,0.2765971178623,0.5107172269278,0.0361776238812,0.3205891001744,0.1634470462358,0.1443638943523,0.1706208629066,0.2007333358795,-0.1340019085449,0.1722151303715,0.2956417129681,0.0912000467404,0.0735496244623,0.1651214748427,0.2029167481028,-0.0516747755634,0.0651872663503,-0.0339660503865,0.4299977909974
0.2412756255712,0.2797987101431,0.4030611996656,0.2450834823469,0.0329105220636,0.1576815685428,0.1354145081899,0.2039974752951,0.3205699798677,0.1430118242384,-0.0074467632762,0.3379451837330,0.0313726289220,0.5112223101714,0.5511683004077,0.2193251430691,0.1191541130020,0.3552628170716,1.0000000000000,0.6037359684724,0.0078969925665,0.0321593729743,0.0953718457143,0.1692847885091,0.0327800013287,0.3189045934200,0.3249429809915,0.4035452297642,0.1934415363837,0.2328434368787,0.1507067545178,0.5428816784173,-0.0192491421760,0.0321315333288,0.0423011156060,0.0725966069180,0.0656554851810,0.0677847271779,0.0268893260271,-0.1958165905012,0.1138614427803,-0.0846181649479,-0.0556931935187,-0.0309559042264,0.0599402387122,-0.0669076519394,0.3824068346869,-0.0777813637768,0.2590543512115,0.1913418656844,0.1249936348376,0.0939670524799,0.0156108488486,0.4545948923292,-0.0149715591150,0.0705337493093,0.0508601542856,-0.0146143350408,0.0058455859421,-0.1006978151536,0.1169999217019,-0.0046368269201,0.2077246977368,-0.0400783904931,0.0314212851434,-0.1338008014197,0.0582331749958,-0.0784239815429,-0.1111806367682,0.0954818786726
0.5031484676180,0.4820977291724,0.2608912811218,0.4070129986890,-0.0225565987753,-0.0561041282933,0.0817337483587,0.0818416165128,0.2014783224554,-0.0409812471207,-0.0868598808453,0.3464601247542,0.0731016544543,0.0997524671605,0.3786549179334,0.1032345612900,0.1669245015980,0.7615850394590,0.6037359684724,1.0000000000000,0.1104474181735,0.0959761577099,0.3433263373532,0.2935702307612,0.0291678903034,0.2950142569014,0.5002671441410,0.2369196962681,0.2472060075809,0.3969573590762,0.4244243719222,0.1734632641558,-0.0100007908681,0.1736778437298,0.3667183173319,0.2295136759832,0.2330867887002,-0.1025709444770,0.2396994188172,-0.1786676023719,-0.0061156935442,-0.0983678207286,-0.1293617564696,-0.1633167539055,-0.1012753610185,-0.1035528777324,0.2426253789371,-0.0413206918433,-0.0485637367200,0.0609939998504,-0.0182708200250,0.1909757518303,0.4555704945160,0.1540417059874,0.2107755095486,0.2015851890525,0.0210867318364,0.2793511011004,0.0948603742290,-0.0626985265561,0.1455997288270,0.1373709449182,0.0455811708689,0.0292561297861,0.2175863745749,0.1339510913089,-0.0290353434600,-0.0638499957083,-0.0863929234194,0.3921686281941
0.2375427478327,0.1212808428445,-0.0730201529250,0.0382977286583,0.5808365295812,-0.0881932592913,0.3741059363701,0.2528484728044,0.1552705523176,0.1631922142431,0.4254069604974,-0.0837752508113,0.5364499122318,0.0623837706612,0.1512554335576,0.2705857027425,-0.0860677547280,0.1042921217379,0.0078969925665,0.1104474181735,1.0000000000000,-0.0238580089245,0.0062940447626,0.0473491212132,0.1687570185813,0.1185005673514,-0.0472263493598,-0.1680966081897,0.1939795366585,0.1313658873308,0.0238873830493,-0.1053052315334,-0.0716368168306,0.1322519529917,0.2031777161108,0.2681192920887,0.0929892299316,-0.2799323352663,0.0766625328931,0.3362508421442,-0.1092665113947,0.1305388156062,0.1715671703592,0.0849397554678,0.2152569427859,0.3373101795913,-0.0185456698780,0.6022445979659,-0.1472641124229,0.0354881060928,0.2115529485399,-0.1118711058652,0.0530366020748,-0.0593281444776,-0.3062092375613,0.9126736832798,-0.1177676051275,0.0048391896770,-0.0794316440750,0.2183315662332,-0.0615024662634,-0.2752568675798,-0.2379925648911,0.0055327785950,0.0050085566845,-0.0628389702129,-0.2022837519733,-0.0674070362244,0.2314788207473,0.1830502049744
0.2271253077495,0.3979704054877,0.3545633163608,0.3535795379467,0.0301431352439,-0.0590173664026,0.0596971277752,0.0187103165901,0.0734879564672,0.1010419050635,0.1152121547999,0.1710119242761,0.1481792486085,0.2385712193239,0.2256095802013,0.0983388954477,0.6959605687849,0.2104351865396,0.0321593729743,0.0959761577099,-0.0238580089245,1.0000000000000,0.3983403889450,0.8633134798060,0.1514842874660,0.3860387483136,0.3026385074011,0.4102605444279,0.5084827566548,0.4493305684611,0.3984710578243,0.0965022702591,-0.0989035661544,0.4864621054323,0.3933124518591,0.0248621240567,0.2705552676259,0.0835015590574,0.0794016349652,0.0208166705047,-0.0691175212952,-0.1117043173055,-0.5011623519651,-0.3193024454765,0.0880113213008,-0.2106293577108,0.0694636227130,0.0312947189686,0.1900802063547,-0.0978997355697,-0.0100460947015,0.6662408316534,-0.0030497249616,-0.3443273055317,-0.0190974307011,0.0139220483840,0.8602456389477,0.2821523092542,0.7610152860001,0.1069155290290,0.2586721977601,0.1598668044795,0.3943518425189,0.3601810042388,0.3308797996455,0.0866036089526,-0.0719018334129,-0.0088676333413,0.0784928918361,0.3429909761698
0.3871309375714,0.5973721832066,0.1414000563974,0.6918972696340,-0.0338792440252,-0.1381941025184,-0.0680907324572,-0.0317054233363,0.0132049826528,0.1775992694028,0.0021879490025,0.0950633309686,-0.0917949691228,-0.0193771647525,0.2157614376305,-0.0618113298347,0.5038258216362,0.2527470122728,0.0953718457143,0.3433263373532,0.0062940447626,0.3983403889450,1.0000000000000,0.4532088535860,0.2950616514949,0.2976469790910,0.2926158168878,0.1191381729803,0.2790901917613,0.2854155844022,0.4974143045424,0.0456317516677,-0.1713857027667,0.4217745207898,0.2834854839754,0.3356487522225,0.4759504280213,-0.0323346647525,0.6131543325049,-0.1010988885486,-0.1092346575444,-0.2564041186685,-0.0725337407190,-0.1710586609596,0.2265458305706,-0.1111511733940,-0.0476690221395,-0.1511105136954,-0.0837074064608,0.0180986991764,-0.2018669014962,0.5146322226607,0.2110842998539,-0.1970856894138,0.0353019973870,0.1207843019687,0.3082712530382,0.8796359298659,0.3816963118299,0.3772119132893,0.2261478208494,0.1079307389215,0.1027097044085,0.1715145572176,0.2383305968081,0.3697071123682,-0.0624137897642,-0.1689113618344,-0.0504667630829,0.2650459918943
0.2428158499891,0.6163847735737,0.4927688399637,0.5129648963471,-0.0581173726360,-0.0505793946209,0.0200868476495,-0.0351538869447,0.0508594631364,0.0472243652544,-0.0517136718469,0.3015965515861,0.1210472342638,0.1698418546438,0.1826641600009,0.1109999516749,0.6888398767489,0.4236690781832,0.1692847885091,0.2935702307612,0.0473491212132,0.8633134798060,0.4532088535860,1.0000000000000,0.1219474950369,0.4258612078935,0.5361666863834,0.5334067109682,0.4798377465263,0.3812693558022,0.4906995151716,0.1226956084414,-0.1269355685087,0.3670035556947,0.4963332744294,-0.0446536512188,0.4506188771437,0.2199575410518,0.1812884613427,-0.1116515596540,-0.0425630782953,-0.0599039736674,-0.5337064908958,-0.3866191268695,0.0503447126043,-0.3693504505870,0.1957327710485,-0.0362463592002,0.1591401968111,-0.2390618070943,0.0056557933352,0.6509203209711,0.2323231231128,-0.1897716151539,0.1057728405944,0.1146691604860,0.7388132770676,0.3287049245098,0.8167133288077,0.0659315144368,0.3788339740117,0.3744329827923,0.4950465924348,0.3472458273837,0.2106424485481,0.1510766157930,-0.0635578560274,-0.0545507782481,-0.0640438439613,0.4428552460278
0.1825504690144,0.1438870094881,0.2941259953559,0.3109266008494,0.4028298734688,-0.1787249765416,0.0625357277562,0.6155852357803,0.1349551171337,0.6442737300756,0.2934467726262,-0.1676580557298,0.1776340131716,0.2757765135298,0.3674960869179,0.2388658275672,0.0906851428399,-0.0050709310786,0.0327800013287,0.0291678903034,0.1687570185813,0.1514842874660,0.2950616514949,0.1219474950369,1.0000000000000,0.2766580903753,0.1882877855197,0.1335884469924,0.5243504127982,0.0733840035700,-0.0089021681215,0.1942558603606,-0.2388418640713,0.1758405004028,-0.2544902016465,0.0562978327342,0.0389491275597,0.0168324499914,0.2650031496108,0.4495002810686,-0.2200549641724,-0.2053383534742,0.3905181590021,-0.0845336944447,0.6622769372090,0.1746966058915,-0.1870841207818,0.0691195540639,0.1182233794576,0.2838015883315,0.0807315097223,0.0796526441193,-0.2915287196800,-0.2377279172134,-0.2766813178381,0.1532186305208,0.0307661961805,0.1782375112069,-0.0886366278479,0.8192581534457,0.0020484707217,-0.2305412494085,0.0701384883854,0.4559376256172,-0.0600631818946,-0.3141010380834,-0.0656841562767,-0.2009353662221,0.0004026173013,-0.2968424863680
0.1893092371739,0.5002185548515,0.6287419504023,0.4946877660679,0.0911558576908,-0.1282098536644,0.0742427037379,0.4722957679978,0.1358049530622,0.4669942316184,0.0397526746734,0.4000597971946,0.0978660617695,0.5956938257588,0.4978931559525,0.5041541594112,0.3293582630052,0.2218408565029,0.3189045934200,0.2950142569014,0.1185005673514,0.3860387483136,0.2976469790910,0.4258612078935,0.2766580903753,1.0000000000000,0.3773381250641,0.6047125327050,0.3727962945056,0.4899956554227,0.2367120045725,0.2958389298823,-0.0230934909494,0.1731644420212,0.2281489051894,0.0242624040760,0.2095506906079,0.1054740856305,0.2657740406311,-0.1471715007196,-0.0494458565659,-0.2037502621756,-0.0961215758138,-0.3819482555269,0.4269651171043,-0.1901134285606,0.4273539502770,-0.0204665120537,0.4938404287745,0.1619613242161,0.3102904189520,0.3025381427332,-0.1956102943891,-0.1893932381485,-0.2038852801970,0.2115768879615,0.2322502471350,0.1159249833100,0.1084279686178,0.2013591969347,0.6455114233766,0.0102965024467,0.4880186213745,0.0967743963084,0.1526762604335,-0.2949693628724,-0.1251338657476,-0.0057660512749,-0.0829120096513,0.2580213237111
0.1191138943415,0.6038952970468,0.5809788051458,0.5007143192151,-0.1530999176926,-0.0302656011893,-0.0462670989041,-0.0023137038566,0.1320053499803,-0.1358446875559,-0.1186931204544,0.4821295030092,-0.0097163926168,-0.0286710917363,0.1751460168153,-0.0366107817745,0.2638076705354,0.5742713304507,0.3249429809915,0.5002671441410,-0.0472263493598,0.3026385074011,0.2926158168878,0.5361666863834,0.1882877855197,0.3773381250641,1.0000000000000,0.5520742135133,0.3074692184831,0.1774113095373,0.5365318022935,0.1740441447548,-0.0887639262854,0.0128653033861,0.3406941194441,-0.2443975169150,0.3945590750136,0.2692992915511,0.2355682968406,-0.1105656240770,0.0174979477291,-0.0954314101936,-0.2782511746527,-0.2509091345156,-0.1119010992347,-0.3404972042732,0.2325903327773,-0.1798148492516,0.0254309356027,-0.2287676709047,-0.1164059901544,0.2757020234526,0.3067233389360,-0.0492768586466,0.1155288376055,-0.0204654936997,0.1731588672740,0.1770770561111,0.2785335691120,0.0344405540871,0.3669340111217,0.5814056006535,0.3842251518992,0.2919897037774,-0.0636753624354,0.1359680550878,0.0324102182991,-0.1123544184016,-0.3444682601525,0.2695192012568
-0.0952506588046,0.4401589047610,0.8565131546251,0.4055416369029,-0.2478840837005,0.0639100926389,-0.2470992019727,0.2049635819894,-0.0415328414228,0.2490865938933,-0.2252009760264,0.4370550917321,-0.1958705927979,0.4490182920012,0.2911536270294,0.0987579487831,0.4097916783490,0.2768511796959,0.4035452297642,0.2369196962681,-0.1680966081897,0.4102605444279,0.1191381729803,0.5334067109682,0.1335884469924,0.6047125327050,0.5520742135133,1.0000000000000,0.2449227081057,0.1563639080876,0.2133536878534,0.4059679428789,-0.0613972839856,-0.0469925747261,0.1060310103249,-0.3267657212196,0.1901808581873,0.5392153412243,0.0152440306493,-0.3115102427808,0.0946502182264,-0.2013706787948,-0.3593828081154,-0.4712307891513,0.1540466661640,-0.4616994980871,0.3882409572130,-0.3309923679274,0.5470254725122,-0.0466420946621,0.0726092466958,0.3642789866343,-0.1494594848476,0.0161298035921,0.1577616061976,-0.0559076820169,0.4108526589301,-0.0260267857685,0.3342394368354,-0.0697030145705,0.5980749815397,0.4362688014111,0.8758945446865,0.2175014759627,-0.1437663295709,-0.3116756868796,0.1428739979300,0.0532725218744,-0.3114243484713,0.1114985624424
0.2809763728694,0.3352825829387,0.3544935147499,0.3015293260892,0.3852736553366,-0.2188519612566,0.1892939716809,0.5294106326982,0.3702977661597,0.2976777924470,0.3930750562482,0.0554293688011,0.3039359167674,0.2630632403035,0.3584974641061,0.3269074920425,0.3658970678149,0.2889138163442,0.1934415363837,0.2472060075809,0.1939795366585,0.5084827566548,0.2790901917613,0.4798377465263,0.5243504127982,0.3727962945056,0.3074692184831,0.2449227081057,1.0000000000000,0.3267046565548,0.2881454125782,0.1358771863802,-0.1398524832969,0.3078049791564,0.0958415928474,0.1429383257601,0.0719709683029,0.0189466062346,0.1367085251711,0.2753102240992,-0.1876837264995,-0.1336689948672,0.0611000991434,-0.1389891768036,0.2521856917263,0.1387268550792,0.0271960676079,0.1828166196460,0.0115455459768,0.0626525613974,0.1762131020029,0.3486158447938,-0.0649003444063,-0.2761507121834,-0.2166649907188,0.2076236908570,0.3981970187754,0.1986308788500,0.2577913356865,0.3190326736929,0.0405929554735,-0.0963794775705,0.1254225129085,0.6042153919443,0.2535680196764,-0.0511506542876,-0.1579705088830,-0.1166659838624,0.0930058598868,0.0956507141596
0.6053421924932,0.3150988018399,0.1052150984793,0.2375710131211,0.2567205633283,-0.0208679218123,0.3959388422078,0.1653004942853,0.1715290121405,0.1026147913425,0.1948736994958,0.2238025263571,0.3059828482271,0.3603696184716,0.5021820626477,0.4076754502190,0.3147991360120,0.3303609421814,0.2328434368787,0.3969573590762,0.1313658873308,0.4493305684611,0.2854155844022,0.3812693558022,0.0733840035700,0.4899956554227,0.1774113095373,0.1563639080876,0.3267046565548,1.0000000000000,0.3310292771955,0.1048157698215,0.3087173989100,0.5718495988763,0.5071479192645,0.3628953056975,0.1372484210220,-0.2820887338664,0.1305410654967,0.1329218964402,0.0309734086497,-0.0271098131107,-0.1981294120909,-0.2614183757495,0.0480165125426,0.0228835646582,0.1607712681378,0.2595514423006,0.1738200014517,0.1951839930745,0.1856540829315,0.3170978382387,0.1078671197242,-0.2624960055233,-0.1415277390209,0.1398863794239,0.2908479697989,0.1556962094874,0.2231497237588,0.0771142933109,0.1689181747629,-0.1184131394880,0.0458598707987,0.0565816968013,0.7312214445020,0.0283606541497,-0.0913397537430,0.2642860380839,0.3384842106512,0.4853834362449
0.3475322344029,0.4640942993660,0.3399713090024,0.4530527558758,-0.1307055634046,-0.0056461746886,-0.0031298697168,-0.0318244856731,0.1658062677459,-0.1966280975668,-0.0899144301904,0.2246291495942,-0.0790728297069,-0.1936396722559,0.1907480171807,-0.0005781891997,0.3722117779339,0.5765528694251,0.1507067545178,0.4244243719222,0.0238873830493,0.3984710578243,0.4974143045424,0.4906995151716,-0.0089021681215,0.2367120045725,0.5365318022935,0.2133536878534,0.2881454125782,0.3310292771955,1.0000000000000,-0.1539761868084,-0.1137488590801,0.2004167057893,0.5120985651765,0.1668975106082,0.3311927890718,0.1039650468932,0.2971969490083,-0.1891390062119,0.0631184083385,-0.1220567483448,-0.2312243063157,-0.1182726972934,-0.1853142183576,-0.2797285758942,0.0428874897288,-0.1252670076666,-0.1836366122593,-0.2151685982856,-0.0694815589276,0.3511980793820,0.4395390082294,-0.1014880519490,0.1603164533636,0.0661283264107,0.2163763680984,0.3818231632838,0.2892938602010,0.0742240157079,0.2287273373629,0.3618342591726,0.1227908376900,0.1357860560390,0.1970794238685,0.5517579111653,-0.2353601410804,-0.1062399585032,-0.1299595195994,0.4430639833649
0.0447367116502,0.1839659154040,0.3262469458049,0.1501494820635,-0.0400101274794,0.0617336478679,-0.0422400546735,0.1860361879552,0.0057553083097,0.3506292617500,-0.1065794050051,0.2559457428887,0.0322860669973,0.6266705978641,0.3857083182593,0.0945975715721,0.0510358554789,0.0378600609469,0.5428816784173,0.1734632641558,-0.1053052315334,0.0965022702591,0.0456317516677,0.1226956084414,0.1942558603606,0.2958389298823,0.1740441447548,0.4059679428789,0.1358771863802,0.1048157698215,-0.1539761868084,1.0000000000000,-0.0262015622558,0.0455664155233,-0.1923293751649,-0.1452289876389,0.0332452032443,0.1283169847923,-0.1134838048595,-0.1144370732247,0.0281729407056,-0.0653364116475,-0.0903380080509,-0.1980894892881,0.3055401944179,-0.2063453203001,0.2666330576414,-0.0996652748531,0.5527230905011,0.1616847911476,-0.0188253170654,0.0838805226769,-0.2179484458808,0.2848520595688,0.0433309588147,-0.0165018537785,0.1301632012773,-0.0369689437242,0.0575957948178,0.0234521013457,0.1879143452370,0.0114414249159,0.3189919245893,0.1380351799828,-0.0323038236881,-0.3759226666260,0.5998475397238,-0.0329472919216,-0.1881423820803,-0.1832810204365
-0.0329803938840,-0.1126153801320,-0.1361981098243,-0.1709257812745,-0.1131688698034,0.3568398100404,0.2000458313761,-0.0895810589368,-0.0794521889330,-0.1899128554484,-0.1283264826505,0.0225706181435,-0.0320397856564,0.0878563267260,-0.0565846039518,0.1452332873351,-0.0333448907125,0.0867750213618,-0.0192491421760,-0.0100007908681,-0.0716368168306,-0.0989035661544,-0.1713857027667,-0.1269355685087,-0.2388418640713,-0.0230934909494,-0.0887639262854,-0.0613972839856,-0.1398524832969,0.3087173989100,-0.1137488590801,-0.0262015622558,1.0000000000000,-0.0626243524720,0.2814053698979,-0.0996185912278,-0.1693609252270,-0.1713707711569,-0.1667427322231,-0.0591804440702,0.4579615266661,0.3046190661347,-0.1396130871725,-0.1114704896078,-0.2147570394801,-0.0789714345389,0.0327875524371,0.0651783646412,0.1728995563849,-0.0117421781477,0.2568599185004,-0.0372683870570,-0.0217725135721,0.0472846936775,0.0740297479702,-0.0416077726499,-0.0904184022324,-0.1860697618234,-0.1456524519965,-0.2699297134905,-0.0196841170968,-0.0609050317386,-0.0686125797962,-0.1815024431414,0.2479875873384,-0.1406847215543,0.2077576866901,0.7068067359830,0.1347158059677,0.2357635905682
0.3862382102889,0.2585501718872,-0.0960519103531,0.2690695178353,0.3615668252696,-0.0351259549639,0.2174949395074,-0.0100649660763,0.0951228027614,0.0824503297893,0.3423201648297,-0.0001684097541,0.1971486400154,0.1446152613603,0.2040406899769,0.0382935804270,0.2317416301742,0.0292787062659,0.0321315333288,0.1736778437298,0.1322519529917,0.4864621054323,0.4217745207898,0.3670035556947,0.1758405004028,0.1731644420212,0.0128653033861,-0.0469925747261,0.3078049791564,0.5718495988763,0.2004167057893,0.0455664155233,-0.0626243524720,1.0000000000000,0.3692310394339,0.3850347602790,0.2988249259309,-0.2238306508098,0.2915689274933,0.2611677962491,-0.1078351397764,-0.1083779340678,-0.0781018160271,-0.0167391116085,0.1119088885218,0.2228744343726,-0.0854508703564,0.1370565965405,-0.0556157131477,0.1160555164375,-0.0866162290827,0.2752373426752,0.1063944757934,-0.2619642969130,-0.1945126655597,0.1548270769363,0.4071080227650,0.4044215556547,0.4099097509185,0.2507886755534,-0.0231813439152,-0.1812170436528,-0.0788715250648,0.1843623218781,0.5662738733527,0.2132507198750,-0.1101602532239,-0.0592611099397,0.4440816622398,0.3453900292533
