1.0000000000000,-0.0763252388150,0.0456895669964,0.0857649223681,0.1278547092963,0.0565037739512,0.1476466950436,0.2872692738365,-0.2115273746444,0.3807481910713,0.1210354014856,-0.0507981861557,0.3778978664571,0.0804825251919,0.3114210980386,0.1075167096436,-0.0369509940904,0.2504677780169,0.0495164612621,0.2261294025165,0.3250866905327,-0.1815063297492,0.0737180797776,-0.1375648900098,0.0832747467444,0.0258450900682,-0.0137107278994,-0.0375701991433,-0.2196806672785,0.6191057502792,0.0847911451929,-0.1609621371803,-0.0537680988879,0.2936840860649,0.3357892682064,0.8434054640859,-0.0790566652263,-0.0704814238718,0.0456403772583,0.1599003275743,-0.1028997414075,0.0326139425932,0.3418209866882,-0.1918780167722,0.5045745344048,0.2416932408148,-0.0643949213017,0.3179138362491,0.0865113428073,0.1525282610793,0.1697423172283,-0.0427844463300,0.2518959873005,0.0560673124796,0.0154242548294,0.3125102526630,-0.0887350791820,0.1239999452212,-0.1266601411788,0.1539284956351,0.0552322210652,-0.0325447252807,-0.1322948950495,-0.1598877689829,0.4827389332913,0.1035579431060,-0.1212382333419,0.0523495796151,0.3319964955785,0.4490842113103
-0.0763252388150,1.0000000000000,0.6572836969544,0.7572647634346,0.0159167921465,-0.3822330165290,-0.4320271417984,-0.1699432585352,-0.5359890603051,0.2282442760312,-0.4515214002598,-0.0838099886606,0.1272540774610,0.1258919530706,-0.5978383182681,-0.3669405862230,0.7386924153401,0.7691700987888,-0.0881439659191,0.3506182891276,-0.0097702487449,0.7434251387182,0.6940005366356,0.7909557336446,0.6203270136267,0.4991725379515,0.3941547583443,0.7202017616145,0.6698552835558,-0.1401637166543,0.7219580969990,-0.2836901219932,-0.4751409427456,0.3280209878564,0.5975566733132,-0.1745139006946,0.8715819715465,0.5538057780252,0.6950268577137,-0.0909710926440,-0.2542377224049,-0.3954186052113,-0.2839138526179,-0.5537327831942,0.1395456455392,-0.4402361025992,0.0017998592138,0.0890550480586,0.1447304197653,-0.6472284692651,-0.5526050167215,0.7509919621590,0.4752516204645,-0.0943985891874,0.2181737454670,-0.0238826844193,0.6701199137601,0.6119833856721,0.6559906995046,0.5831919073759,0.2313308360114,0.1196273388035,0.6095651113923,0.6492805326845,-0.0914788122115,0.5287343865552,-0.1613879347283,-0.3372752568619,0.2616555009461,0.4593736833818
0.0456895669964,0.6572836969544,1.0000000000000,0.7195649599993,-0.0366372233672,-0.2745152892339,-0.2561978123853,-0.2143870899455,-0.3952768725888,0.4162789730706,-0.6398531316146,-0.1350043366690,0.1322371504864,-0.0571547607881,-0.5487781448851,-0.2296706858565,0.8008257634833,0.5676489523182,-0.0803107816667,0.1533000226963,0.0002044373981,0.7380520393862,0.6615123144021,0.8222085620545,0.6822370521547,0.1816722263560,0.0678831071456,0.7965327577332,0.6150625263757,-0.1997929358733,0.6542391026459,-0.5600848514240,-0.4298572024953,0.1872700894796,0.3480199660701,-0.0698833642612,0.5092706339039,0.7755771396489,0.6586328170539,-0.2560097111069,-0.1278998821061,-0.2957649277826,-0.2529185143668,-0.3737255609429,0.3527798545104,-0.5342224697886,0.0261559317449,0.0749568064619,0.0947086054004,-0.4799572220372,-0.2408668894757,0.7893813757836,0.3641656483079,-0.0024952961410,0.0879616175433,-0.0091858516762,0.7220009905460,0.6106534218228,0.7222640015470,0.6572857488365,0.0667957437985,-0.2064660318064,0.6777759067339,0.5285195566519,0.0251717891744,0.5218361950887,-0.3668481805848,-0.2406572597100,0.1443520403183,0.3114640511103
0.0857649223681,0.7572647634346,0.7195649599993,1.0000000000000,0.0374229107325,-0.3957181169557,-0.3434525601704,-0.2750971497094,-0.4503186074966,0.5137510229110,-0.4161509402985,-0.0110084812639,0.3158245453903,0.1013559291893,-0.4792214449173,-0.1993230255893,0.6779102034306,0.6758161374012,-0.0387424369402,0.3376764881599,0.1508503621830,0.7277441699995,0.8090010166448,0.7838173163256,0.6997345428620,0.3022720165230,0.2300179584249,0.7010332827942,0.6241874987063,-0.0289752274330,0.6685358328720,-0.4837311057954,-0.4480546418098,0.3805908461714,0.4977215650800,-0.0268325910592,0.6314234095880,0.5563731144590,0.9254806202864,-0.0515891832001,-0.1029566498570,-0.3395511285956,-0.3338992847804,-0.4437099852419,0.4461022762449,-0.3146348948728,0.1011788117434,0.2300828014219,0.1564726265187,-0.4521392011244,-0.4035073600058,0.7239299477307,0.4999870759751,-0.0656420545065,0.1544881422667,0.1123216988198,0.6280020041059,0.6724289343281,0.6477072384906,0.6935936993755,0.1158103549137,-0.0896848989694,0.6237990108538,0.6292238670638,0.0707603862271,0.4628473254452,-0.3792717537794,-0.1517021843067,0.2206235046456,0.5811829380651
0.1278547092963,0.0159167921465,-0.0366372233672,0.0374229107325,1.0000000000000,-0.0884041086799,0.2651171711967,0.2570111101266,-0.1447404239399,0.3773278432935,0.4239033574090,-0.1018131709427,0.6998083553470,0.0107827126473,-0.0110908980121,0.1240426680711,-0.1438924871446,0.0238695486755,-0.1006187385327,0.0069562589412,0.7927914159850,-0.1907464167636,0.0019057396095,-0.1031926759399,0.2594690909519,0.0152985918558,0.1327408782710,-0.0322421309164,0.1420006676452,0.0751535659835,-0.1176673245243,0.0104244148853,-0.2018983831610,0.1844694575455,0.0681319561844,0.1764553427917,-0.0010839568681,0.0088051292017,-0.0148555345345,0.9191423830876,-0.0669160905288,0.2546480291324,0.2348349464861,-0.0934934435187,0.4230989362535,0.4284113880695,-0.0294307871182,0.7551068896881,0.0471873356725,0.0040038083819,0.0969801228128,-0.1447113893310,0.0227868966760,-0.0043834333831,0.1664418136361,0.7892684427026,-0.2491661421710,-0.0507582168933,-0.1900143462950,0.3260517095847,0.0225541339653,0.1819941520590,0.0159969933080,0.1123268095894,0.0405586049612,-0.1472312982740,0.0399734122906,-0.1544132865032,0.1315560679192,0.0665466087169
0.0565037739512,-0.3822330165290,-0.2745152892339,-0.3957181169557,-0.0884041086799,1.0000000000000,0.4486781119574,-0.0189060103232,0.4680308045845,-0.2662419248751,0.0905939026808,0.3283414333719,-0.1924491820907,0.1172089590074,0.4523284617895,0.3617348144683,-0.3356834658460,-0.3998254869727,0.3766249499008,-0.2653885477959,-0.1298916819768,-0.3871763214661,-0.3294645422001,-0.3717918078349,-0.3748216792227,-0.2500958450909,-0.0892974856271,-0.3312698944603,-0.4475505150765,0.3518067098728,-0.3076868850189,0.1901642264186,0.3778660236433,-0.0472354575550,-0.1647611672473,0.0544389848816,-0.3908263382262,-0.1901424284259,-0.4104723198442,-0.0640623925920,0.6329647781847,0.3178444759294,0.0580127807782,0.4318624819546,-0.2045747142451,0.0196133710286,0.2761900870760,-0.1724331660554,0.1050326417908,0.3666443103945,0.4887814932116,-0.3707341984927,-0.2900190476455,0.3598776534714,-0.1273918033723,-0.1100150569025,-0.3432179429603,-0.3233449344962,-0.3164329703098,-0.3627609746184,-0.1810702348376,-0.0844242354146,-0.2937661560963,-0.4034487424301,0.3618070083237,-0.2402172194491,0.2632170014545,0.3724228382115,-0.0148555855062,-0.1287811605543
0.1476466950436,-0.4320271417984,-0.2561978123853,-0.3434525601704,0.2651171711967,0.4486781119574,1.0000000000000,0.0058403169012,0.6293932118367,-0.0819294451955,0.4186819370380,0.0110133474321,0.2093905772063,-0.1458465654470,0.5109866049281,0.7092065956789,-0.3483671777492,-0.3074215943661,-0.0129615008711,-0.2104861132667,0.2708616832468,-0.3621445563876,-0.3977531865956,-0.3818109430334,-0.3420373822659,-0.2247338144469,-0.1964277911841,-0.4136412123439,-0.3299629945250,0.3898371507280,-0.3960588940944,0.0068457137873,0.4062824990498,0.0116889636567,-0.1999656185484,0.1978218722915,-0.4849370120775,-0.2074973275132,-0.3099716284238,0.2201919343659,0.2838533880570,0.7893064488300,0.0061661707345,0.5667603602206,0.0305700805321,0.4252916877873,-0.0326939115654,0.2590284834988,-0.2189167132904,0.4928312078375,0.7226240074676,-0.4198963443571,-0.0788472875787,-0.0152809446299,-0.0732144764805,0.2862717910544,-0.3171509949921,-0.4159769488018,-0.3124647216385,-0.2534525920438,-0.1713808852871,-0.1547158768657,-0.3666869618177,-0.3506524502702,0.3424676019548,-0.3363020340884,0.0066887291935,0.3889020436241,0.0420446479710,-0.0922503765172
0.2872692738365,-0.1699432585352,-0.2143870899455,-0.2750971497094,0.2570111101266,-0.0189060103232,0.0058403169012,1.0000000000000,-0.1180591257226,0.1522880319914,0.4863234730441,-0.0410448092909,0.0438585502568,0.2409670323467,0.2881871742583,-0.0309953465568,-0.2377905350652,-0.0883268717472,-0.1337730356910,0.2625934114599,0.1001198063252,-0.3463507960387,-0.1956768490126,-0.3364599332211,0.1016807639413,0.3166638496061,0.2194685310218,-0.1213136778484,-0.0512942105792,0.1150273224078,-0.0540980569183,0.2214076089363,0.0138913954719,0.0417879335127,-0.0512947824785,0.3458713294173,-0.1151155198215,-0.2046407772010,-0.3075083851291,0.3492791978381,-0.3932878232094,-0.0274506793762,0.7593790935228,-0.1452788516589,0.1971963558520,0.3764584906084,-0.1601037856092,0.0686342898219,0.1476485054596,0.1484602595573,-0.0491084833209,-0.2789375385885,-0.2390669017138,-0.1347895554067,0.1496460174685,0.0817143349188,-0.4061223019881,-0.1882973659582,-0.3914355867908,0.0694172618176,0.3139113499934,0.3945644326466,-0.0874771138277,-0.0323305607121,-0.0513340131957,-0.1647315169536,0.3076826391448,-0.0830957584110,-0.0266215654515,-0.1428850930495
-0.2115273746444,-0.5359890603051,-0.3952768725888,-0.4503186074966,-0.1447404239399,0.4680308045845,0.6293932118367,-0.1180591257226,1.0000000000000,-0.4302753125654,0.3039052616384,0.2167518377120,-0.3523793128820,-0.1338448284457,0.6501673415292,0.6945611762253,-0.4538400176522,-0.5584000240660,0.1155936050904,-0.3405452910028,-0.1231881120986,-0.3063387380420,-0.4739843722098,-0.3990864694445,-0.5624062092270,-0.3272937338833,-0.3548740471845,-0.4817779256293,-0.3651444114052,0.1869155317822,-0.4367621401111,0.0553104958786,0.6645873026431,-0.1913047151479,-0.5121262573764,-0.2142239203120,-0.6243186909691,-0.4056217664828,-0.3350696367752,-0.1021342688489,0.4297092070228,0.5371330535649,-0.1133590024239,0.8353532331516,-0.4036741382018,0.2464278417375,0.1092103634115,-0.2920285237300,-0.2302359556801,0.6425532329192,0.6038093837845,-0.4748699734777,-0.4147328254244,-0.0064309624684,-0.3208955155207,-0.1059379272612,-0.3270411196429,-0.5109209582801,-0.3175256945470,-0.5533251879074,-0.2452883077174,-0.3051415040407,-0.4610571785758,-0.3573281614881,0.0672866372285,-0.4307865703374,0.1189849465975,0.4560895850938,-0.2378761266655,-0.3918160831554
0.3807481910713,0.2282442760312,0.4162789730706,0.5137510229110,0.3773278432935,-0.2662419248751,-0.0819294451955,0.1522880319914,-0.4302753125654,1.0000000000000,-0.1044828170049,-0.2135411491730,0.5567830716228,0.1001651060253,-0.1652072771345,-0.0789210144466,0.3328780020458,0.2999181329090,-0.1122360043454,0.1835853051962,0.4176968357460,0.2278229134942,0.4959481313356,0.2934646951507,0.6637357765605,0.0942376666732,-0.0389047222054,0.3278528407419,0.3401978997240,0.0193256012688,0.2558833889709,-0.3591364664547,-0.4882225091852,0.3294745064750,0.2068353046208,0.3826032766191,0.2122070789592,0.3157965857915,0.4475846824664,0.3251243641826,-0.1724927140962,-0.1217994649599,0.1437624617525,-0.4313950968419,0.9008081357144,0.0152034508204,-0.1181109915404,0.4946185485122,0.1765258269134,-0.1864028716781,-0.1177240138966,0.3200944030964,0.2378263290330,-0.0622606162028,0.0716110461087,0.3897827589194,0.2426046889227,0.4050035145301,0.2318695733054,0.6775798090616,0.0177741352437,-0.1115176122181,0.3218139812763,0.2996071274301,0.2236669115347,0.1318366234630,-0.1801026422355,-0.1990689843083,0.3036227323218,0.3210930899060
0.1210354014856,-0.4515214002598,-0.6398531316146,-0.4161509402985,0.4239033574090,0.0905939026808,0.4186819370380,0.4863234730441,0.3039052616384,-0.1044828170049,1.0000000000000,0.0987338011513,0.2513415872924,0.1444649239638,0.5691021235696,0.3065761488419,-0.6867012641082,-0.3112306713044,-0.0559177000740,0.1036732138019,0.3861554739533,-0.5836405342996,-0.5055285426842,-0.6060410406354,-0.3850641801376,0.0817658700949,0.1821981195708,-0.4805355316609,-0.3399701223256,0.2259932221396,-0.5305695329545,0.3471465659528,0.2828321504284,-0.0168278911862,-0.2037308689996,0.1832770139705,-0.4541026858294,-0.5935830901803,-0.3780579777417,0.5870393498353,-0.0348455076294,0.4568575785336,0.3384493781718,0.2740203752073,-0.0470865247344,0.9069386465372,-0.0191926042430,0.2889135551470,0.0565242460485,0.4266307166763,0.2060645817302,-0.6729226854331,-0.2484754499406,-0.0196788453621,0.1760032266340,0.3729377540133,-0.7012836272588,-0.5859624557046,-0.6763279729398,-0.3578404808352,0.1513543955545,0.3316478908488,-0.3970643167134,-0.2928456292149,-0.0330367594415,-0.5904112008553,0.3053350986199,0.0964092386906,-0.0847428602992,-0.1772917778857
-0.0507981861557,-0.0838099886606,-0.1350043366690,-0.0110084812639,-0.1018131709427,0.3283414333719,0.0110133474321,-0.0410448092909,0.2167518377120,-0.2135411491730,0.0987338011513,1.0000000000000,-0.0754718935459,0.6887942283468,0.2875118025781,-0.0434039635915,-0.2291408951731,-0.2221793083093,0.8232038063448,0.1213738119584,-0.0697273047528,-0.1442906018110,-0.1123194860093,-0.1263545056737,-0.1701149232814,0.1701293369567,0.2950897303644,0.1497337983315,-0.1707623810885,0.2028725886383,-0.2841840434448,0.2648379343311,0.2449797004769,-0.2371459647479,-0.2211336820317,-0.1817413144018,-0.1845152644002,-0.0326535523322,0.0415598321860,-0.0449906798394,0.3878488098755,-0.0879876941068,-0.2134545765559,0.1363973538346,-0.2145158813198,0.0823881141979,0.8942476377443,-0.0581071516369,0.6512057928287,0.1201005252792,-0.0691945799831,-0.1446252983210,-0.2704400396119,0.6654861694798,-0.0238946891095,-0.0661605047618,-0.2857350761390,-0.2170471567931,-0.1870194850788,-0.2397971309167,0.0954295799946,0.2276380625636,0.1907078323313,-0.1002214627766,-0.1141770847627,-0.3512329921693,0.5013407651936,0.1948473526718,-0.3610820570803,-0.1532025294041
0.3778978664571,0.1272540774610,0.1322371504864,0.3158245453903,0.6998083553470,-0.1924491820907,0.2093905772063,0.0438585502568,-0.3523793128820,0.5567830716228,0.2513415872924,-0.0754718935459,1.0000000000000,0.0860427838828,-0.1605897749515,-0.0126591348088,0.0245813008802,0.2494340395329,-0.0224192491174,0.1493440245199,0.8590260655448,-0.0394927254625,0.1820677728874,0.0357617891322,0.2796931485198,0.0039685910233,0.1368328380859,0.1028141222685,0.1048384606899,0.1323051065738,0.0432278770656,-0.2032110668039,-0.3420977408616,0.1746164733999,0.2567348511605,0.4000845308312,0.0982728054235,0.1858180777489,0.2386038255553,0.6629436731468,-0.1030998421497,0.1638721516475,0.0607395294237,-0.2972221857174,0.6119310328928,0.4269463390728,0.0009543484635,0.9611897897325,0.1081058098210,-0.1290424270945,0.0395561911809,0.0393991034072,0.3521234434137,0.0156029070164,0.1386814493670,0.8624578466642,0.0032868430935,0.1401808894462,0.0196111175058,0.3859250222049,-0.0692910708432,0.0848424717885,0.1165540972120,0.1339596932869,0.1545991832727,0.0532547727045,-0.1795756414925,-0.1584918749204,0.1896865229455,0.3962017689450
0.0804825251919,0.1258919530706,-0.0571547607881,0.1013559291893,0.0107827126473,0.1172089590074,-0.1458465654470,0.2409670323467,-0.1338448284457,0.1001651060253,0.1444649239638,0.6887942283468,0.0860427838828,1.0000000000000,0.1893033816258,-0.3149715628025,-0.0807285814011,0.0364141730200,0.5679621313278,0.3673671859888,0.0409358520104,-0.0461862188366,-0.0784035716752,-0.0208712307880,0.0818402464480,0.5322831873635,0.4618482866006,0.3481632465159,0.0309088105693,0.0674341954056,-0.1732977081525,0.1748147409111,-0.1016572117575,-0.2030331694789,-0.0680854392493,0.0006507731690,0.0287395262015,0.0740834233408,0.1137173789316,0.0639500244604,0.0259168485122,-0.2220308960216,-0.0758420211456,-0.2852119872323,0.0398055447932,0.1207535675867,0.5500623326882,0.1266071982093,0.8347072581950,-0.1325021286988,-0.3920047377300,0.0154256257260,-0.2682843353748,0.4198413235109,0.0336500936054,0.0179033072895,-0.1548522992023,-0.1832247923741,-0.1006493094480,0.0054057916272,0.2835569780534,0.3844004969656,0.3981551061632,0.0712063013770,-0.1988811111194,-0.3009118108894,0.5526986643809,-0.0202672569844,-0.2671300902898,-0.0786743499838
0.3114210980386,-0.5978383182681,-0.5487781448851,-0.4792214449173,-0.0110908980121,0.4523284617895,0.5109866049281,0.2881871742583,0.6501673415292,-0.1652072771345,0.5691021235696,0.2875118025781,-0.1605897749515,0.1893033816258,1.0000000000000,0.5617503452339,-0.6393259370879,-0.4369487601253,0.2246201509301,0.0389209887751,-0.0358031022586,-0.5427414094234,-0.4711834172934,-0.5974798763517,-0.5083559810371,-0.0784583742061,-0.1076311244171,-0.4766835495123,-0.5071469056476,0.5302063858170,-0.5599787317773,0.2802899781586,0.5680357514782,-0.0054118260975,-0.2768186738192,0.2397378863590,-0.6574120872482,-0.6433959081403,-0.3737812171172,0.1128536604708,0.3474221184464,0.4014035362932,0.2065119108170,0.5689717019083,-0.1208001865908,0.4697877101812,0.1592939642584,-0.1521747536703,0.1053570369770,0.7674159402104,0.4755098148367,-0.6419608190665,-0.4036894140799,0.2098299897262,-0.0878975067134,-0.0418449369479,-0.6284506528310,-0.5459121936036,-0.6252278835168,-0.5165238014068,0.0452729752104,-0.0167588326784,-0.4688274697655,-0.4965222257163,0.2432284819269,-0.6078135632681,0.3506305105248,0.4801825058280,-0.0900328177095,-0.2057049494888
0.1075167096436,-0.3669405862230,-0.2296706858565,-0.1993230255893,0.1240426680711,0.3617348144683,0.7092065956789,-0.0309953465568,0.6945611762253,-0.0789210144466,0.3065761488419,-0.0434039635915,-0.0126591348088,-0.3149715628025,0.5617503452339,1.0000000000000,-0.3109755504775,-0.2987251431885,-0.1046753554307,-0.2152394754760,0.1773274830594,-0.2057768264075,-0.1737249747087,-0.2759784589791,-0.2765425521892,-0.3513282538349,-0.4234740612893,-0.4918009688855,-0.2735719651733,0.4929249042616,-0.2042221462788,-0.0092524961961,0.5455333341944,0.2420743381946,-0.0921507963919,0.0804641649004,-0.4616144152277,-0.3410666773078,-0.1227562755156,0.1199634021620,0.3654733983303,0.6449050017849,0.0392716956428,0.6799873683499,0.0428492497879,0.2703288602623,-0.0308280268586,-0.0020235833151,-0.2852423385139,0.6375263263526,0.7633465061958,-0.3611697664319,-0.0756936631927,-0.0671955679258,-0.1188808897897,0.1725536881325,-0.2536462773730,-0.2298721312224,-0.2458434898601,-0.2092286347633,-0.2034626200343,-0.4048106030604,-0.5111287812090,-0.2659458539362,0.4353381409474,-0.2281654903207,-0.1325637057067,0.5255391529599,0.1107971107987,0.0432467160547
-0.0369509940904,0.7386924153401,0.8008257634833,0.6779102034306,-0.1438924871446,-0.3356834658460,-0.3483671777492,-0.2377905350652,-0.4538400176522,0.3328780020458,-0.6867012641082,-0.2291408951731,0.0245813008802,-0.0807285814011,-0.6393259370879,-0.3109755504775,1.0000000000000,0.6100286879781,-0.1661836542018,0.1065401774670,-0.1301096294770,0.8249431717785,0.7596040663149,0.8646240712851,0.7289075475988,0.2320948549839,0.0804644897481,0.6999037917470,0.7232789146716,-0.2069851436931,0.7981884699563,-0.4479779235041,-0.5005821551389,0.2449572666922,0.4150269857498,-0.1553729349996,0.6696469611161,0.6875973384027,0.6579519698115,-0.3060275300459,-0.2550499534204,-0.3970148103855,-0.2952107037562,-0.4770364085424,0.2473853940784,-0.6331512485396,-0.1234620843655,-0.0128411436200,-0.0619682938153,-0.6311099990213,-0.4137741563501,0.9561183406204,0.4622197206912,-0.2094459853614,0.0140948532460,-0.1358020458242,0.8540533614317,0.7843683763581,0.8452089901670,0.7029836274405,0.0131245936254,-0.1426700663070,0.5848842969552,0.6762952690123,0.0129906781907,0.7186341373547,-0.3693193944134,-0.3232662290401,0.2326673423415,0.3660517854131
0.2504677780169,0.7691700987888,0.5676489523182,0.6758161374012,0.0238695486755,-0.3998254869727,-0.3074215943661,-0.0883268717472,-0.5584000240660,0.2999181329090,-0.3112306713044,-0.2221793083093,0.2494340395329,0.0364141730200,-0.4369487601253,-0.2987251431885,0.6100286879781,1.0000000000000,-0.2694902537951,0.5550111158713,0.1120812899392,0.5718737246520,0.5999056032425,0.6529920891000,0.4915845385900,0.4362528426893,0.3948417473788,0.5617749120206,0.4548521974969,0.0785267672528,0.6846629593089,-0.3713620929458,-0.3854539122179,0.4985346900730,0.7479778958705,0.1405690962576,0.6728972303561,0.4010882980539,0.6231647862229,-0.0550968820537,-0.3626384930288,-0.3357923434811,-0.1507702049023,-0.5471047833929,0.2644129318223,-0.2641976057439,-0.1861517568600,0.1971373717485,0.0578122102078,-0.5224850541058,-0.4195036121714,0.6106359327193,0.7103044907945,-0.2102952261529,0.4009905510517,0.0974377548182,0.5470603608185,0.5437140114639,0.5083412595932,0.5155732215484,0.2608966567143,0.1058966018209,0.4385893808045,0.4452555297423,0.1220641198140,0.5225117845789,-0.2763450186087,-0.3045589582209,0.4236523347792,0.6341397533837
0.0495164612621,-0.0881439659191,-0.0803107816667,-0.0387424369402,-0.1006187385327,0.3766249499008,-0.0129615008711,-0.1337730356910,0.1155936050904,-0.1122360043454,-0.0559177000740,0.8232038063448,-0.0224192491174,0.5679621313278,0.2246201509301,-0.1046753554307,-0.1661836542018,-0.2694902537951,1.0000000000000,-0.1238123646178,-0.0547747121236,-0.1473892106819,-0.0939428933184,-0.1014680923084,-0.0986988203742,-0.1116795303707,0.0849174311041,0.1659666967162,-0.1485796958787,0.2066245833597,-0.2619865665736,0.3358991043859,0.0458783159103,-0.2538441562225,-0.2566012890410,-0.0516840584635,-0.1699516411512,0.1040084823933,-0.0087296528747,-0.0439619018890,0.5379578921303,-0.0846883514073,-0.2399201131210,0.0018007930388,-0.0775301188459,-0.0541588802607,0.8284230201889,-0.0106557978283,0.5137230159773,0.0442459012472,-0.0616496394528,-0.0826165596158,-0.2561476119752,0.7724500375053,-0.2712546376691,-0.0637946841643,-0.1990854844363,-0.1478273530228,-0.0936721562480,-0.1703041872793,-0.2459441173526,0.0446168217313,0.1814568310807,-0.0657684742867,-0.0155741634800,-0.2873653918013,0.4320566826206,0.1600555169106,-0.2374525454620,-0.0964567073096
0.2261294025165,0.3506182891276,0.1533000226963,0.3376764881599,0.0069562589412,-0.2653885477959,-0.2104861132667,0.2625934114599,-0.3405452910028,0.1835853051962,0.1036732138019,0.1213738119584,0.1493440245199,0.3673671859888,0.0389209887751,-0.2152394754760,0.1065401774670,0.5550111158713,-0.1238123646178,1.0000000000000,0.0163585501879,0.1377271528279,0.2377197189174,0.1583781907524,0.1517821832342,0.7049247028109,0.5509988120325,0.3044237402686,0.1065307116546,0.1262407136496,0.1828704806178,-0.1313871932702,-0.0680804022044,0.2464016987583,0.4871363456142,0.1075834719041,0.2910558442227,-0.0619450288369,0.3244950662441,-0.0134963367585,-0.3250739874105,-0.2746420976157,0.0276513075209,-0.2801397197245,0.0921357620487,0.0551339200894,0.0100290762062,0.0842831678815,0.3878839650952,-0.1265009098155,-0.3208972518644,0.1146162785154,0.2662359419715,-0.0290092001820,0.6102834412293,0.0010877661438,0.0138757452794,0.1215372507406,-0.0202698253719,0.1283767641481,0.6613266628252,0.3635820497956,0.2450652606047,0.0822557942921,-0.0453221857113,0.0014338101288,0.1091631077693,-0.0767662113353,0.0152310971347,0.3278170373025
0.3250866905327,-0.0097702487449,0.0002044373981,0.1508503621830,0.7927914159850,-0.1298916819768,0.2708616832468,0.1001198063252,-0.1231881120986,0.4176968357460,0.3861554739533,-0.0697273047528,0.8590260655448,0.0409358520104,-0.0358031022586,0.1773274830594,-0.1301096294770,0.1120812899392,-0.0547747121236,0.0163585501879,1.0000000000000,-0.1274682017790,-0.0035341217729,-0.0770762752571,0.1687410754792,-0.0756874801903,-0.0100506116374,-0.0612261314319,0.0422821690443,0.1557888190421,-0.0541562779453,-0.1790389660520,-0.1729565935705,0.1512316775488,0.1520987878095,0.3664727078076,-0.0606199013112,0.0404483413152,0.1192183231709,0.7535672345974,-0.0404413549960,0.2745560242799,0.1453543819796,-0.1119980946794,0.5095304240566,0.5204482316121,-0.0014631657037,0.8853369371178,0.0592782612096,0.0039069400616,0.1574505000256,-0.0954839203672,0.1742526940271,-0.0418751162479,0.0487840971343,0.9814747498599,-0.1173619434838,-0.0353476722677,-0.0755618098343,0.2752504914410,-0.1072116437514,0.0018767266979,-0.0522830429622,0.0965940040747,0.1161582202518,-0.0418537302442,-0.1323138711164,-0.0882023193460,0.1417637012513,0.2836366730497
-0.1815063297492,0.7434251387182,0.7380520393862,0.7277441699995,-0.1907464167636,-0.3871763214661,-0.3621445563876,-0.3463507960387,-0.3063387380420,0.2278229134942,-0.5836405342996,-0.1442906018110,-0.0394927254625,-0.0461862188366,-0.5427414094234,-0.2057768264075,0.8249431717785,0.5718737246520,-0.1473892106819,0.1377271528279,-0.1274682017790,1.0000000000000,0.6896997918766,0.9602873784602,0.6156856363478,0.2149620997707,-0.0162731675488,0.6683815166406,0.8191072634897,-0.2449182530808,0.7415502280846,-0.4749069344203,-0.4039666733612,0.2259509670894,0.3559174686421,-0.3338707868148,0.5832230100255,0.5441471546084,0.7435007573217,-0.3323493820708,-0.1886441715148,-0.3583025865146,-0.4179585591576,-0.3710652145997,0.1095504444467,-0.5460846756912,-0.0439604388703,-0.0814839227714,-0.0206618527711,-0.5576462049466,-0.4304233266171,0.8573940200507,0.3841195398369,-0.2200530757388,-0.0098829343116,-0.1451418171149,0.8967727642629,0.6288716197473,0.9012923422266,0.5695096686858,0.0062498965861,-0.2710744410945,0.5464827626868,0.7964805414033,-0.0610530399576,0.5654602987450,-0.3375067402159,-0.1917865646603,0.1480457060723,0.3394730415687
0.0737180797776,0.6940005366356,0.6615123144021,0.8090010166448,0.0019057396095,-0.3294645422001,-0.3977531865956,-0.1956768490126,-0.4739843722098,0.4959481313356,-0.5055285426842,-0.1123194860093,0.1820677728874,-0.0784035716752,-0.4711834172934,-0.1737249747087,0.7596040663149,0.5999056032425,-0.0939428933184,0.2377197189174,-0.0035341217729,0.6896997918766,1.0000000000000,0.7397953400958,0.7351605259399,0.1614439604708,0.1146867852862,0.5606365491165,0.5996495427747,0.0111882379133,0.7510259650769,-0.3062631327565,-0.3902775146894,0.4907709505751,0.5095023814465,-0.0486132922557,0.6518713086211,0.4567272665691,0.7747369474763,-0.0812273006747,-0.1259776256784,-0.4093494376046,-0.1923599847534,-0.4074584280438,0.4269396053652,-0.4504542219038,0.0131793377443,0.0808828670073,0.0099251992445,-0.4011209811240,-0.3594134496173,0.7245545186753,0.5352461969752,-0.0869408691007,0.1808058895582,-0.0252274808326,0.5970909682789,0.9076303580640,0.6195536119237,0.7151983630907,0.0694367872357,-0.0992716111471,0.4429647975549,0.5844539293564,0.2214555767739,0.5914375895621,-0.3246302260134,-0.1785601750934,0.3171992534031,0.5327080137434
-0.1375648900098,0.7909557336446,0.8222085620545,0.7838173163256,-0.1031926759399,-0.3717918078349,-0.3818109430334,-0.3364599332211,-0.3990864694445,0.2934646951507,-0.6060410406354,-0.1263545056737,0.0357617891322,-0.0208712307880,-0.5974798763517,-0.2759784589791,0.8646240712851,0.6529920891000,-0.1014680923084,0.1583781907524,-0.0770762752571,0.9602873784602,0.7397953400958,1.0000000000000,0.7094799975318,0.2158932741934,0.0756896530453,0.7646602391805,0.8279641265380,-0.2222163642111,0.7702822310912,-0.4782154347171,-0.5018774825509,0.2950341702351,0.4072978906889,-0.2752865845691,0.6450828043588,0.6673637982213,0.7707437344816,-0.2584125988776,-0.1777115577029,-0.3957933765782,-0.4037272374256,-0.4486680722172,0.1786460993898,-0.5741807634103,0.0046829780197,-0.0071558533304,0.0191846680236,-0.6284709165605,-0.4578071554736,0.9026547489138,0.4492105296181,-0.1407048319156,0.0620307021150,-0.0993717861270,0.8720797925275,0.6853659571024,0.8996354643834,0.6609393119040,-0.0039890531096,-0.2178411414075,0.6608446866482,0.7934254860759,-0.0128989206100,0.5979906015007,-0.3287329008714,-0.2599581995078,0.2206199899528,0.3847047214011
0.0832747467444,0.6203270136267,0.6822370521547,0.6997345428620,0.2594690909519,-0.3748216792227,-0.3420373822659,0.1016807639413,-0.5624062092270,0.6637357765605,-0.3850641801376,-0.1701149232814,0.2796931485198,0.0818402464480,-0.5083559810371,-0.2765425521892,0.7289075475988,0.4915845385900,-0.0986988203742,0.1517821832342,0.1687410754792,0.6156856363478,0.7351605259399,0.7094799975318,1.0000000000000,0.2335818853191,0.1345356801937,0.6539889138289,0.7552894601347,-0.1567268288056,0.6533228862412,-0.3480421242035,-0.6478143492927,0.3170492724472,0.3461534789912,0.0431485335196,0.5968150584386,0.6485194480491,0.6560225338499,0.1535435626440,-0.2736262781490,-0.3708166758399,0.0332061539531,-0.5943851760038,0.6039238659556,-0.3718747193724,-0.0455222604632,0.2436494771862,0.1087337415989,-0.5542095660577,-0.4366880918773,0.7468936929712,0.3250715031878,-0.1336578416169,0.0666030742835,0.1227537770725,0.5611011558490,0.7099237991600,0.6255686206027,0.9536855432055,0.0487749110626,-0.0289033896715,0.6332356314203,0.7308314797853,0.0563601528582,0.5045566707266,-0.2058517790262,-0.3284446258946,0.2369721971730,0.3668242826073
0.0258450900682,0.4991725379515,0.1816722263560,0.3022720165230,0.0152985918558,-0.2500958450909,-0.2247338144469,0.3166638496061,-0.3272937338833,0.0942376666732,0.0817658700949,0.1701293369567,0.0039685910233,0.5322831873635,-0.0784583742061,-0.3513282538349,0.2320948549839,0.4362528426893,-0.1116795303707,0.7049247028109,-0.0756874801903,0.2149620997707,0.1614439604708,0.2158932741934,0.2335818853191,1.0000000000000,0.6860402001778,0.4904928618158,0.2700633433621,-0.1211573291729,0.1793310466429,-0.0901493954129,-0.1473685687767,0.0210046197258,0.3636068405979,-0.0687524874069,0.4481064394046,0.0919795747358,0.3208072303870,-0.0254955902093,-0.3670232690788,-0.2869243144497,-0.0033726565539,-0.3756077680400,-0.0271927876189,-0.0137934163484,0.0301376336183,0.0073590693411,0.4694269965818,-0.3118892702146,-0.5026051414641,0.2533909510996,-0.0116310676350,-0.1014355470896,0.4162461489813,-0.0885813233633,0.0965193805857,0.0636962673800,0.0695010234142,0.1821226596775,0.8119384044985,0.5810778726644,0.4675864997826,0.2295291982685,-0.3308217564130,0.0201173738283,0.2500047680411,-0.1669116225096,-0.1184174710765,0.1267892116241
-0.0137107278994,0.3941547583443,0.0678831071456,0.2300179584249,0.1327408782710,-0.0892974856271,-0.1964277911841,0.2194685310218,-0.3548740471845,-0.0389047222054,0.1821981195708,0.2950897303644,0.1368328380859,0.4618482866006,-0.1076311244171,-0.4234740612893,0.0804644897481,0.3948417473788,0.0849174311041,0.5509988120325,-0.0100506116374,-0.0162731675488,0.1146867852862,0.0756896530453,0.1345356801937,0.6860402001778,1.0000000000000,0.4120748193307,0.0699388542645,-0.0420672961575,0.1073632370425,0.0691854102197,-0.1885081147948,0.0619145037963,0.3677202782583,-0.0446091757432,0.3867223424344,0.0776807390169,0.1901583007670,0.1314225637197,-0.1352347601222,-0.2348233107241,-0.0207674513019,-0.2983508673104,-0.1066286127144,0.0996056914468,0.2093819401924,0.1110683143572,0.4482461607902,-0.2414643387429,-0.4311008023185,0.1028080888241,0.0899381951129,0.1444806642453,0.4756015138845,-0.0112966311158,-0.1110339028783,0.0351389030510,-0.1176411035788,0.1106135578033,0.5785350052497,0.8276823432983,0.4621512414267,0.0524459434651,-0.2107043729748,-0.0033373842925,0.2886400623758,-0.1812733479758,0.0052379456206,0.1579267161292
-0.0375701991433,0.7202017616145,0.7965327577332,0.7010332827942,-0.0322421309164,-0.3312698944603,-0.4136412123439,-0.1213136778484,-0.4817779256293,0.3278528407419,-0.4805355316609,0.1497337983315,0.1028141222685,0.3481632465159,-0.4766835495123,-0.4918009688855,0.6999037917470,0.5617749120206,0.1659666967162,0.3044237402686,-0.0612261314319,0.6683815166406,0.5606365491165,0.7646602391805,0.6539889138289,0.4904928618158,0.4120748193307,1.0000000000000,0.6350940128117,-0.2758926672981,0.5112926166093,-0.4198984390727,-0.5262143888203,0.0631780594192,0.2944685288984,-0.1873866604396,0.5936518370808,0.7274190067092,0.6880781671263,-0.1915004886010,-0.1789990495796,-0.4926861608949,-0.3472424897447,-0.5781291192331,0.1947542275628,-0.4472388136419,0.2048318946047,0.0715249868702,0.3481148459377,-0.6153992620427,-0.5900310422914,0.7768298323975,0.1978833294608,0.0767306112649,0.0708754538037,-0.0898172066237,0.6008335151873,0.5020051077849,0.6504759628851,0.5810830760562,0.2198383944341,0.1592839014341,0.9353480851164,0.5832600812891,-0.2139354979708,0.3594096567094,-0.0556336045837,-0.2848239073871,0.0317228872048,0.2333636595717
-0.2196806672785,0.6698552835558,0.6150625263757,0.6241874987063,0.1420006676452,-0.4475505150765,-0.3299629945250,-0.0512942105792,-0.3651444114052,0.3401978997240,-0.3399701223256,-0.1707623810885,0.1048384606899,0.0309088105693,-0.5071469056476,-0.2735719651733,0.7232789146716,0.4548521974969,-0.1485796958787,0.1065307116546,0.0422821690443,0.8191072634897,0.5996495427747,0.8279641265380,0.7552894601347,0.2700633433621,0.0699388542645,0.6350940128117,1.0000000000000,-0.3600640061422,0.6337072024740,-0.3305105120359,-0.5348093055520,0.1481635986700,0.2130181451220,-0.3152866108649,0.5494133108238,0.5302883791812,0.6463189344109,0.0388477129466,-0.2749579768763,-0.3432194118149,-0.2079878137004,-0.4709521521013,0.2138259444397,-0.3646671779868,-0.0812285778020,0.1044498942154,-0.0162966319309,-0.6039919163266,-0.5365218205250,0.7549469446047,0.2196005888843,-0.2388070280172,-0.0229916246053,0.0191997053155,0.7029871896152,0.5387532521215,0.7423642572889,0.6805297236632,0.0244343035737,-0.1067059997104,0.5541161599573,0.9468260309064,-0.2075641009900,0.4441256535078,-0.1286525620847,-0.3030778259289,0.0659348056248,0.1828262062347
0.6191057502792,-0.1401637166543,-0.1997929358733,-0.0289752274330,0.0751535659835,0.3518067098728,0.3898371507280,0.1150273224078,0.1869155317822,0.0193256012688,0.2259932221396,0.2028725886383,0.1323051065738,0.0674341954056,0.5302063858170,0.4929249042616,-0.2069851436931,0.0785267672528,0.2066245833597,0.1262407136496,0.1557888190421,-0.2449182530808,0.0111882379133,-0.2222163642111,-0.1567268288056,-0.1211573291729,-0.0420672961575,-0.2758926672981,-0.3600640061422,1.0000000000000,-0.0253389540012,0.1352253265873,0.3396759590782,0.5057468610975,0.3129738334283,0.5149812116989,-0.1784659674310,-0.2416181011489,-0.0204631737741,0.1416832051286,0.2188493204750,0.2281540658071,0.1957917802098,0.1609704359479,0.1954732399087,0.2156738612006,0.1569329926990,0.1018067990877,0.0231519527755,0.3688862846632,0.3811854847159,-0.2342128075910,0.2793300442238,0.1835258291305,0.0337631713349,0.1451455501336,-0.2629439472450,0.0004050095151,-0.2567590725531,-0.0901185270416,-0.0612339458900,-0.1039252139684,-0.3246760116048,-0.2680120398702,0.7218094003677,-0.0338226510195,0.0155590942914,0.4039035577707,0.3981969239389,0.4280408580045
0.0847911451929,0.7219580969990,0.6542391026459,0.6685358328720,-0.1176673245243,-0.3076868850189,-0.3960588940944,-0.0540980569183,-0.4367621401111,0.2558833889709,-0.5305695329545,-0.2841840434448,0.0432278770656,-0.1732977081525,-0.5599787317773,-0.2042221462788,0.7981884699563,0.6846629593089,-0.2619865665736,0.1828704806178,-0.0541562779453,0.7415502280846,0.7510259650769,0.7702822310912,0.6533228862412,0.1793310466429,0.1073632370425,0.5112926166093,0.6337072024740,-0.0253389540012,1.0000000000000,-0.4097123406736,-0.4297008992804,0.4491145686138,0.5805097048945,-0.0170988026590,0.6824355920216,0.5338905184042,0.6320168815353,-0.1839713467143,-0.3003529948651,-0.3999573916776,-0.0776314873702,-0.4608501990177,0.1994149605362,-0.5024055023940,-0.2060026664958,-0.0138702265642,-0.1759375700120,-0.5388991749653,-0.3798728587777,0.7805322113129,0.5693971901397,-0.3247113861661,0.0869192764255,-0.0654641030119,0.7452009240970,0.7812319001590,0.7142766760721,0.6457986354325,0.0099412913982,-0.1207239365459,0.3850477103995,0.6460005053851,0.1604179101395,0.8441726807283,-0.4102526457916,-0.2654506356004,0.3541969198555,0.5484890291031
-0.1609621371803,-0.2836901219932,-0.5600848514240,-0.4837311057954,0.0104244148853,0.1901642264186,0.0068457137873,0.2214076089363,0.0553104958786,-0.3591364664547,0.3471465659528,0.2648379343311,-0.2032110668039,0.1748147409111,0.2802899781586,-0.0092524961961,-0.4479779235041,-0.3713620929458,0.3358991043859,-0.1313871932702,-0.1790389660520,-0.4749069344203,-0.3062631327565,-0.4782154347171,-0.3480421242035,-0.0901493954129,0.0691854102197,-0.4198984390727,-0.3305105120359,0.1352253265873,-0.4097123406736,1.0000000000000,0.2118639389073,-0.1380266189748,-0.1966632510419,-0.0829786582037,-0.2123352715776,-0.3785525818646,-0.4519581380783,0.1676493760817,0.1793381007669,0.1282000376831,0.1896370035521,0.1541749140840,-0.2716651388563,0.1928870676350,0.2614179559009,-0.1762956215821,0.1182062339578,0.2716145872928,0.0211614165879,-0.4743745939667,-0.2161549427939,0.4290556731745,0.1039542824239,-0.1725840348949,-0.5617126230508,-0.3450680851482,-0.5256004466318,-0.3860544632914,-0.0103381638107,0.2607323249334,-0.3694984497107,-0.3145357564829,-0.0520363695044,-0.3878359979518,0.4473561192041,0.0589807144766,-0.1433518400754,-0.2583074442891
-0.0537680988879,-0.4751409427456,-0.4298572024953,-0.4480546418098,-0.2018983831610,0.3778660236433,0.4062824990498,0.0138913954719,0.6645873026431,-0.4882225091852,0.2828321504284,0.2449797004769,-0.3420977408616,-0.1016572117575,0.5680357514782,0.5455333341944,-0.5005821551389,-0.3854539122179,0.0458783159103,-0.0680804022044,-0.1729565935705,-0.4039666733612,-0.3902775146894,-0.5018774825509,-0.6478143492927,-0.1473685687767,-0.1885081147948,-0.5262143888203,-0.5348093055520,0.3396759590782,-0.4297008992804,0.2118639389073,1.0000000000000,-0.1267189899892,-0.2810283231961,-0.0868769255957,-0.5441733149611,-0.5486445762685,-0.3727052843871,-0.1570724469281,0.2923000338255,0.4222080566685,-0.0043100446067,0.6960943073047,-0.4071859409936,0.2475160873690,0.1224874396054,-0.3074604870301,-0.0720958306852,0.6703062781166,0.5048046871659,-0.5606575877780,-0.2407596184055,0.0796534353727,0.0095539061267,-0.1475977410032,-0.4740952416970,-0.4576551059938,-0.5011834811708,-0.6145526116547,0.0576737700022,-0.0969313774946,-0.5565250537712,-0.5188809011361,0.1106130601752,-0.4125825658647,0.1088407596701,0.6434129305452,-0.2643982045384,-0.2864589129027
0.2936840860649,0.3280209878564,0.1872700894796,0.3805908461714,0.1844694575455,-0.0472354575550,0.0116889636567,0.0417879335127,-0.1913047151479,0.3294745064750,-0.0168278911862,-0.2371459647479,0.1746164733999,-0.2030331694789,-0.0054118260975,0.2420743381946,0.2449572666922,0.4985346900730,-0.2538441562225,0.2464016987583,0.1512316775488,0.2259509670894,0.4907709505751,0.2950341702351,0.3170492724472,0.0210046197258,0.0619145037963,0.0631780594192,0.1481635986700,0.5057468610975,0.4491145686138,-0.1380266189748,-0.1267189899892,1.0000000000000,0.6292304146675,0.2543415982909,0.3287320460915,0.0255134672393,0.3606004215559,0.1831380037979,-0.0850709956452,-0.0727003935823,0.1400691447523,-0.1541076386745,0.3342165702036,-0.0721112467904,-0.1900643271273,0.1217380297249,-0.1499192104827,-0.0515773641743,0.0419064827159,0.1978317511188,0.5314917341644,-0.1732083280391,0.3113150712660,0.1254428832761,0.1602544125896,0.4469665036703,0.1593178037331,0.3448468522092,0.0609903251661,-0.0727034398461,0.0130297629793,0.1653268715895,0.6268638879129,0.3388442664077,-0.1622163771264,0.0024907608929,0.7606541460304,0.6008706350288
