1.0000000000000,0.3424484644865,0.4450344550173,0.1633034548567,-0.0819237314982,0.0644354493953,-0.1410717384691,0.4354147926111,0.1202739671172,0.2935081970268,-0.0660920159879,0.3763515875583,-0.0251475172587,0.3292739412191,0.8223065807966,0.1349918320401,-0.0859298474275,0.6745685937375,0.4952138128622,0.6948266527497,-0.0261025251706,0.0908527200777,0.0776175493657,0.2037946117909,-0.0544044037320,0.4367544353111,0.1969065357915,0.5793862824655,-0.2454556832160,0.7465269967306,0.1464186152295,-0.0155985900037,0.2718543934554,0.2373159771977,0.3135692496712,0.8317094773021,0.0781630538028,-0.0148059404339,0.3126780733098,-0.1009809828921,0.0273270801578,-0.1102146536604,0.0459325454784,0.0122301956879,0.2138762775397,-0.0556147849150,0.1847807037049,-0.0671942037250,0.3394362905990,0.5878531006271,0.0043450161230,-0.0460638807746,0.1799724537753,0.3806937610858,0.3567790097609,-0.0104463960821,-0.0490087400418,-0.0461980543737,-0.1083950109159,0.0050387745638,0.3314153198583,0.0462596718743,0.3732867865464,-0.3238256208260,0.5939215732536,-0.2746539151240,0.2069436673408,0.2933592477975,0.2446614083304,0.2637488170949
0.3424484644865,1.0000000000000,0.5166846410866,0.6729827467057,0.0957225654384,0.1910234318481,-0.0749208060106,0.4138024746343,0.1132790532537,0.1705095528411,-0.1531041215071,0.4531589976791,0.0603451570712,0.4479494411169,0.2660048794754,0.3086711169473,0.4006055995659,0.6391355208175,0.1349980729466,0.4523320347879,0.0280471600988,0.4648695444938,0.6858575682550,0.6371266458738,0.3398821121864,0.7534855245374,0.5624327188739,0.6780653202029,0.0155817401965,0.4379006556333,0.5772532119509,0.2044661300688,0.1917668340048,0.3655739512446,0.6794791910147,0.2202341140996,0.8071121481238,0.1583584967781,0.6194914119142,-0.0018515109990,0.0233270732054,-0.2638318354451,0.1045632183577,-0.0841273607862,0.1933671224530,-0.3279323753129,0.2129651777686,0.0125355952353,0.2837958645755,0.1176446652515,0.1786978881283,0.3843063910916,0.5799518490186,0.1597995061105,0.2712023523592,0.0104682735684,0.2864501119394,0.5914611224215,0.4180859633162,0.3481157626923,0.6485297407216,0.3086707557665,0.6191903910739,-0.0499800282639,0.1883424161011,0.1697124615330,0.3303361247155,-0.0343010358440,0.3120534854514,0.6603716664972
0.4450344550173,0.5166846410866,1.0000000000000,0.4173031899278,0.0349735368199,0.2466864455337,0.1858357178845,0.6933558246705,0.4709012867699,0.1392741227644,0.0174683716508,0.5969186723509,-0.0119499539495,0.5523414341926,0.5114739593430,0.2837414987716,0.1227886329119,0.5367537036564,0.4891302351628,0.5764894992503,0.0430082694276,0.3075864818694,0.2908039062098,0.4868133935860,0.2639022023385,0.5989341576842,0.5911376324718,0.8597913033371,0.1109370228267,0.3706609105586,0.5448496918385,0.2534124330822,0.1405096193268,0.1560418846662,0.3630058017777,0.3113678295329,0.2130644226857,0.5659048575565,0.4279941360614,-0.0508249360764,0.2574086266244,-0.0158179747396,0.3499877312074,0.2366933255839,0.2050575879216,-0.1515635398930,0.3908407942523,-0.0414388770710,0.3027984518567,0.4331916770632,0.3071238744147,0.1953551081212,0.1592379894235,0.4995984840972,0.1678567807022,-0.0161835796387,0.1099308535551,0.1650074952551,0.1629962152452,0.2444304340793,0.4818951574790,0.3020608903852,0.7398464347749,0.0221922643102,0.0966297866644,0.0044761218376,0.3441758075695,0.0044283506745,0.0686600842397,0.2944839592020
0.1633034548567,0.6729827467057,0.4173031899278,1.0000000000000,0.1073280987322,0.1551326027105,0.2214051943677,0.4139240123876,0.2155586116921,0.3811520304245,0.1561274768733,0.3609494548234,0.3124098749149,0.5537767919308,0.2818399209985,0.2527340964743,0.3655184121354,0.4116755544885,0.0552279756634,0.3007232260489,0.0909261266546,0.5499972543663,0.7635850238655,0.6001520613291,0.5075679087428,0.6070531692817,0.6535274354021,0.5415203843580,0.2360407393965,0.4194142499336,0.5369895576673,0.3644161149003,0.0096969849551,0.3889498588801,0.4609953159242,0.1011931908692,0.5919652196226,0.2167040701106,0.8016008524183,0.0973909335050,0.0500432259928,0.0769559455850,0.0720174877635,0.0506374283773,0.3892170994814,-0.0034352172376,0.0681577604704,0.1740727412258,0.3747309440665,0.2079018523830,0.0610446648309,0.2811846985128,0.4662865931950,0.1011715797400,0.1839898726237,0.0617243978903,0.3876694952027,0.5354500080421,0.3945289855024,0.4418494203786,0.4863905560246,0.4009333677062,0.5445968437164,0.1684911549522,0.2712907353230,0.0294268615921,0.4758166429436,-0.0038121137965,0.2527772768558,0.4845361846932
-0.0819237314982,0.0957225654384,0.0349735368199,0.1073280987322,1.0000000000000,-0.1073441635831,0.2470635883971,0.1095242539109,-0.2329555381186,0.4080584061516,0.1898066474420,0.0224502337621,0.7585986458993,0.0305079253158,-0.1458589444597,0.4320544762206,0.4876613399560,-0.0011890913034,-0.0956221302200,-0.0476178979741,0.8112901363054,0.3716138300246,0.2287052374776,0.1998711259348,0.6680833000818,0.0175451297450,-0.0822323219968,0.0660636389863,0.2845048214879,0.1615868709516,0.0023881142068,-0.0248251546217,-0.0327487039215,0.4035955750327,0.0768065665228,-0.1242919880595,-0.0906400236966,-0.1786272744297,0.0892748278536,0.9484411346125,-0.1783543198158,0.0775840780778,-0.0961374513613,-0.4656136168786,0.4526122935264,0.1737345728489,-0.1955070808217,0.8765833913806,0.0099753027068,-0.2801129617732,0.2523386112737,0.4763831432927,-0.0183380946017,-0.1633634268492,-0.0678077096087,0.8822304431010,0.3141269941290,0.3088539858480,0.2304094469653,0.6011863419943,-0.0036162415511,-0.3353538338384,0.0208454363299,0.3278795199060,0.0506443584408,0.0651107503773,0.0170954984466,-0.2015647095164,0.3330762116258,0.0966990044566
0.0644354493953,0.1910234318481,0.2466864455337,0.1551326027105,-0.1073441635831,1.0000000000000,0.0598001697494,0.1517913081893,0.3350607979125,-0.0312117005973,-0.0884420078724,0.1547838080893,-0.0377764050973,0.2808577787132,0.2024317985648,0.1863109093311,0.0547465325148,0.1118176793282,-0.0186694530710,0.0121131531507,-0.1645170997565,0.1395636005032,0.1153193102597,0.1756690244890,-0.0777528840042,0.2254985176129,0.4152810313885,0.2425427322248,-0.0367279927868,0.0281159011655,0.1867206234419,0.2611634792021,0.2720675186662,-0.0462169304682,0.2334434656198,-0.0556010461364,0.2013274137420,0.0635902019790,0.1747898112966,-0.1730464200653,0.3993864992186,0.0047856107775,-0.0607273152001,0.2387122369447,-0.1035015424493,-0.1715755789891,0.0875008687098,-0.1561696723891,0.0284971758342,0.1457884696206,0.1088002448985,0.0509612024102,0.0756105071256,0.0848667509267,-0.1146263656297,-0.2003193124711,-0.0023731215251,0.0339345559343,0.0329838727675,-0.1004192277028,0.1430332124690,0.1908197285331,0.1500902601927,-0.1345861553310,-0.1010436137108,-0.0110286792216,0.4307702530036,0.0756864970869,-0.0486481421238,0.1647728145408
-0.1410717384691,-0.0749208060106,0.1858357178845,0.2214051943677,0.2470635883971,0.0598001697494,1.0000000000000,0.3541174853869,0.5227777599289,0.0203152322140,0.6578313635069,0.0757525857896,0.5222152075975,0.1397031566397,0.0184074586829,0.4103296719391,-0.1107690239108,-0.0275899780185,-0.0726406917411,-0.0076648029565,0.3383267732193,0.1253653239210,-0.0349209513767,0.0263965873611,0.2855098665548,-0.0061541880565,0.2787650220439,0.0292093575945,0.4799180418885,-0.0130504931779,0.2496201931358,0.0785595683790,0.0134089206132,-0.0285137017217,0.0284309902245,-0.1090470126401,-0.2239822057772,0.2899460586080,0.1979498806405,0.2722053409711,0.1004031079693,0.7855520628172,0.2698729221035,0.3458163575408,0.1260059417166,0.5496134772768,0.0994383400812,0.4208048346760,-0.0499494772479,0.0512147274394,0.4060465907722,-0.1063803515418,0.0031770888957,0.0219307571839,-0.0493589114372,0.2581005785644,-0.0162753323920,-0.1671484198031,-0.1292565022103,0.2609307750760,-0.0998268697992,0.1416655472975,0.0416789134027,0.4693948587559,-0.1355873411236,0.1253933768999,0.1896469246353,0.0908732715471,-0.1498009893621,-0.0131124762080
0.4354147926111,0.4138024746343,0.6933558246705,0.4139240123876,0.1095242539109,0.1517913081893,0.3541174853869,1.0000000000000,0.3376028733595,0.3209030150084,0.2379989907256,0.3280710777368,0.1835781093242,0.4290510903374,0.4843494748086,0.4919840024803,0.0434784542437,0.4299335325018,0.1188776042395,0.4688063755242,0.1046826817249,0.2099709354483,0.3082513811276,0.2591834651909,0.4295136480982,0.5251629385618,0.5415580202421,0.5914460223622,0.2073060809453,0.3139271578289,0.5198501732417,0.0622787506108,0.1033936237310,0.0534829549331,0.3690194215135,0.4287934545429,0.1226260097217,0.3166913000986,0.4621855884621,0.0808857706190,0.0297745645123,0.1618871134529,0.5734310311034,0.1334037834219,0.4394077782289,0.1489746207776,0.1374500295033,0.1114862174234,0.2641073925608,0.4080150169849,0.4138464405883,0.0909426584454,0.0966547019317,0.2224771450625,0.1423004813567,0.0505295777893,-0.0397358541163,0.1100979722579,-0.0669011515201,0.4796879013547,0.3831366510078,0.3640870242277,0.5102865334776,0.1620957441527,0.0554192138346,-0.0518679516400,0.3676042987373,0.0633652039805,-0.0563309418830,0.2607524632024
0.1202739671172,0.1132790532537,0.4709012867699,0.2155586116921,-0.2329555381186,0.3350607979125,0.5227777599289,0.3376028733595,1.0000000000000,-0.2481418666657,0.3014253781634,0.2977897004024,-0.0656308412664,0.3028179609688,0.3558978960092,0.0567835848281,-0.2810950717565,0.2361969719449,0.2365803030424,0.2408171591455,-0.1578069745262,0.0949773672235,-0.1194792130957,0.2009296471950,-0.1049227402754,0.1916565717814,0.5487739818862,0.3000978008279,0.3687506126090,0.0913048869544,0.3795482630993,0.2251809127840,0.1166928035749,-0.1409543144860,0.1161348137276,0.0609610052342,-0.0134477352043,0.5114458312636,0.2347603903903,-0.2396843208405,0.3336491953092,0.5420217347957,0.1924710097682,0.7536145034149,-0.2062887262990,0.1790917725611,0.3694136387241,-0.1620431049038,0.0316833675791,0.4200274159327,0.1273337422761,-0.2420985227072,0.0877412582966,0.2831153744749,-0.0849029249592,-0.2082541047544,-0.0933109058016,-0.2841246024026,-0.1084745578314,-0.1263305655392,0.0456111278539,0.4225752233193,0.2454654498526,0.2939663652956,-0.0374262547963,0.1224842271659,0.3091199501810,0.2149664923638,-0.1933190135006,0.1020030461705
0.2935081970268,0.1705095528411,0.1392741227644,0.3811520304245,0.4080584061516,-0.0312117005973,0.0203152322140,0.3209030150084,-0.2481418666657,1.0000000000000,0.0186633689661,0.1307673772796,0.5061628268978,0.4204627079764,0.3444447045006,0.2792271731698,0.2453067190701,0.0662224805293,0.0341272600837,0.1765174592893,0.3097134836458,0.2274509957043,0.4828660303851,0.1093340608216,0.5820162947340,0.2555567204319,0.0435563449890,0.2681760129393,-0.0970694510387,0.4296929754176,-0.0662807347835,0.1601569823478,-0.0865073338923,0.4321196300768,0.1034980719739,0.2389796673723,0.0512048721466,-0.3408124473964,0.4334951714662,0.4232286216963,-0.1069210308709,-0.0333402239734,-0.1471895360297,-0.3330230009535,0.8820136110350,0.1250380131404,-0.2532535866651,0.4177014027486,0.4134509226561,0.1324420225898,0.0112674657895,0.2275418839716,-0.0947334235021,-0.0339684541908,-0.0168439024758,0.3453258523289,0.2125066477928,0.3711449681527,0.1191307530131,0.5077531420858,0.2073586611339,-0.2119963417146,0.0962646336739,-0.0743412027444,0.3974645819797,-0.2762988588013,0.2536675223050,-0.0328828252419,0.3375934219034,0.1401328407466
-0.0660920159879,-0.1531041215071,0.0174683716508,0.1561274768733,0.1898066474420,-0.0884420078724,0.6578313635069,0.2379989907256,0.3014253781634,0.0186633689661,1.0000000000000,-0.1163451746794,0.4878715111605,0.0332493313137,0.0064669828064,0.0452053465763,-0.0872250587877,0.0030772922337,-0.1487914363426,-0.0875025136196,0.4258783989855,0.2528523513322,-0.1013306262854,0.1431710186590,0.2113275524862,-0.1437916122859,0.1324813532082,-0.0274666352269,0.6480083040998,-0.0589701367840,0.1338931707914,-0.0214859004293,-0.0140601909775,-0.0838697739815,-0.1892277481312,-0.1133474570104,-0.3395451112556,0.1556018377387,0.0661118524035,0.2344252743924,-0.0778217986084,0.6264081769910,0.0768643239453,0.1828639184820,0.0786447022591,0.8889322068923,-0.0454511901354,0.3982540909359,-0.0458074756424,-0.0222527934991,0.0543641701503,-0.1009283480326,-0.0081474109998,-0.1393729607813,-0.1271137703136,0.3038889885029,0.0863498947381,-0.2353361836524,-0.0664398446344,0.1507221284103,-0.2554255873107,0.0658837304035,-0.0390805464876,0.6044171369382,-0.1046464226736,-0.1162014666252,0.2652743267631,0.1243419450002,-0.2082237120026,-0.2051257949179
0.3763515875583,0.4531589976791,0.5969186723509,0.3609494548234,0.0224502337621,0.1547838080893,0.0757525857896,0.3280710777368,0.2977897004024,0.1307673772796,-0.1163451746794,1.0000000000000,0.0147793704159,0.6852625467868,0.4756493360305,0.2880370745461,0.1343575015461,0.3555274949910,0.6943545162346,0.6250271720342,0.0040916740833,0.1553319471590,0.2889248479652,0.2413289670233,0.1123076897301,0.6687371109348,0.4647948875632,0.6965226303601,-0.1098287656528,0.4085080710808,0.2168947248875,0.4100035406527,0.2671311459747,0.1964010243567,0.4307552240914,0.2796923536705,0.2824826199213,0.2594452241947,0.4990009899316,-0.0787826502980,0.3188129161880,-0.1299370089190,0.1020105016144,0.2110220450146,0.1698522629220,-0.2390211322974,0.6955741390142,-0.0411852962850,0.5293173545839,0.4123110019688,0.3807232954613,0.2145256194766,0.2008747737582,0.6894651055987,0.3736905537276,-0.0509175407305,0.0510537581394,0.1942282767477,0.1278764389789,0.1422923797127,0.6439436736821,0.2459772729909,0.5798585367212,-0.1458752960636,0.1695700351592,-0.0529367354321,0.3662575732658,0.1405669899120,0.1480019058212,0.4098274858059
-0.0251475172587,0.0603451570712,-0.0119499539495,0.3124098749149,0.7585986458993,-0.0377764050973,0.5222152075975,0.1835781093242,-0.0656308412664,0.5061628268978,0.4878715111605,0.0147793704159,1.0000000000000,0.1514305980541,0.0126273085617,0.4035719412020,0.3322649044570,-0.0054153348276,-0.1815878104842,-0.0180614557882,0.7544034367426,0.3765660171541,0.2825508843174,0.1763658619433,0.5980519500179,0.0639670281445,0.1248231379058,0.0489508167376,0.3775677555110,0.2092730612721,0.0180956872358,0.0690004514264,-0.0449532601119,0.3396216077327,0.0700150811581,-0.0996044498321,-0.1125248293498,-0.2148789132996,0.3157525942828,0.7708685585954,-0.1546813170646,0.3554366770009,-0.1630352275986,-0.2514986722071,0.4901606436715,0.4652432812818,-0.2346481234055,0.9035340591980,0.0176577463921,-0.1563094872360,0.1996158640463,0.2787181772535,-0.0026099686090,-0.2139956199785,-0.1060071336174,0.7457215006267,0.2418823459836,0.2056743419815,0.1283897730933,0.5061352207574,-0.0131242358451,-0.1812149972071,-0.0364514049071,0.3624993643189,0.1057973994469,-0.0889546989694,0.1687104631014,-0.0909447037030,0.2207964715503,0.0467870116041
0.3292739412191,0.4479494411169,0.5523414341926,0.5537767919308,0.0305079253158,0.2808577787132,0.1397031566397,0.4290510903374,0.3028179609688,0.4204627079764,0.0332493313137,0.6852625467868,0.1514305980541,1.0000000000000,0.5504873980923,0.3096085036420,0.1592797398839,0.2489317597664,0.4081386713326,0.4504465962899,0.0011844123602,0.2716988644261,0.4395014556760,0.3239884261900,0.2159179960220,0.6953449891809,0.5078086911875,0.6883292172098,0.0092314456566,0.3630871125816,0.1988786601749,0.5604506366003,0.1891727713260,0.1535835836512,0.3293672095191,0.1877718841759,0.3122654385202,0.1888701218147,0.5793784755763,-0.0434314631970,0.3126909178059,-0.0355818165816,0.0157564479429,0.1740627879258,0.4096478677394,-0.0362019702678,0.3857899185549,0.0172452067674,0.7296795652284,0.4018736210765,0.2678775764109,0.1984828869938,0.0988114809638,0.4462383527022,0.0659670883597,-0.0355580070919,0.1426514316314,0.2432512961747,0.2011628308502,0.1879812118579,0.5956604207724,0.2187525732776,0.5437176099845,-0.0476449276656,0.1653740421931,-0.1372543005214,0.6282031949797,0.2707930784896,0.0515349080770,0.3292897763503
0.8223065807966,0.2660048794754,0.5114739593430,0.2818399209985,-0.1458589444597,0.2024317985648,0.0184074586829,0.4843494748086,0.3558978960092,0.3444447045006,0.0064669828064,0.4756493360305,0.0126273085617,0.5504873980923,1.0000000000000,0.1340431420417,-0.1301047380168,0.5062519860694,0.5422217943903,0.6869605682680,-0.1472134802708,0.0529302491198,0.0982899921186,0.1400280732716,-0.0392875155881,0.4600239074282,0.3681053829167,0.5964454463516,-0.1516248150944,0.6469921699789,0.1121416080142,0.2517419080437,0.2216451376267,0.0967121368894,0.2674789298189,0.6990158805432,0.0714191317043,0.0626283752650,0.4351621715537,-0.1540895818290,0.1863428443291,0.0161653351728,0.0216253923143,0.2255355433597,0.2580665483510,0.0230235808331,0.2197191512027,-0.1016060620717,0.4681521117590,0.7785833736487,0.0446544112476,-0.0883620229898,0.0754897418480,0.4910128655525,0.2457895205536,-0.1263765616221,-0.0783427066148,-0.0602923876108,-0.1463830069244,-0.0536078410499,0.3659282273700,0.1514955571695,0.3982694264938,-0.2384851372868,0.4787999235530,-0.3682038822277,0.4227941724801,0.3455542895056,0.0624987657521,0.2104529549038
0.1349918320401,0.3086711169473,0.2837414987716,0.2527340964743,0.4320544762206,0.1863109093311,0.4103296719391,0.4919840024803,0.0567835848281,0.2792271731698,0.0452053465763,0.2880370745461,0.4035719412020,0.3096085036420,0.1340431420417,1.0000000000000,0.2776265383428,0.1526044458179,0.0334298951344,0.1890160455716,0.3029657677684,0.1671629276614,0.2463304397919,0.0887547032729,0.4097548134202,0.4257753742247,0.2622217984627,0.2873343496639,-0.0479113790604,0.2394994778927,0.2040369280859,0.1018724750744,0.1424219123491,0.1579489881228,0.4384608975320,0.1508197426872,0.1395629160632,0.0005316497418,0.3332287307840,0.3766107958180,0.0477144229602,0.1257439293619,0.2849526283694,-0.1473032942068,0.3863208888207,-0.0101474022823,0.0728200308077,0.3981066059316,0.2176051949390,0.0712167168535,0.7100361900464,0.2882504126760,0.0716234932559,0.1148389450809,0.1273883281824,0.3180579297157,0.0600149078475,0.1890347559375,0.0373271193380,0.5116956937199,0.3114503017624,0.0472786456690,0.2787061090267,-0.0281313282962,0.0100282522820,0.0801680241322,0.1390385001733,0.0592326974337,0.1194089561971,0.3661898503286
-0.0859298474275,0.4006055995659,0.1227886329119,0.3655184121354,0.4876613399560,0.0547465325148,-0.1107690239108,0.0434784542437,-0.2810950717565,0.2453067190701,-0.0872250587877,0.1343575015461,0.3322649044570,0.1592797398839,-0.1301047380168,0.2776265383428,1.0000000000000,0.1852166769678,-0.0275836191751,0.0429770930987,0.4097305131388,0.5282792816934,0.6096024933846,0.5399181222463,0.5318844777297,0.2960840792113,0.1998089284371,0.2739470804088,0.0191185697385,0.1722404871988,0.1602012845609,0.1332447267871,-0.0795490101976,0.5071093067409,0.3735145025551,-0.1782016278411,0.3943142767502,-0.0535778990514,0.3091742087698,0.4269353645179,-0.0411976500955,-0.3060955117988,-0.1130183886510,-0.4534153988736,0.2424313145636,-0.1946670726716,-0.1203684663264,0.3831962967348,0.1148205953381,-0.2744191296560,0.1053300216621,0.9477559322290,0.3010343802166,-0.0623144579950,0.1432982380950,0.4250859404448,0.5207226176127,0.7772909310850,0.6453748523490,0.5029564520275,0.2944513423470,-0.0823835086833,0.3159017364980,0.0279282066962,0.0700599251382,0.0531127878238,0.1536922519022,-0.2786350859331,0.4575338494146,0.4076018847250
0.6745685937375,0.6391355208175,0.5367537036564,0.4116755544885,-0.0011890913034,0.1118176793282,-0.0275899780185,0.4299335325018,0.2361969719449,0.0662224805293,0.0030772922337,0.3555274949910,-0.0054153348276,0.2489317597664,0.5062519860694,0.1526044458179,0.1852166769678,1.0000000000000,0.2947562470046,0.7477717303352,0.0946893068463,0.3771195408915,0.2865903963976,0.5948497581963,0.1089892767487,0.5631055075746,0.4962511488847,0.6241562834573,0.0558794397856,0.6173888070303,0.5165259416647,0.0055224454842,0.1672873914012,0.3922180404494,0.6028913538951,0.4965282472561,0.4033106757878,0.2256448673989,0.4868458448802,-0.0601624620853,-0.0246278112131,-0.1014588457581,0.1464503465190,-0.0135835079715,0.0223306460306,-0.1705386064020,0.1729573955268,-0.0163830145969,0.1363403870275,0.2848253103841,0.0465381744878,0.2246538457931,0.6585688008071,0.2473214092901,0.4969495031558,0.0587549680111,0.1831095632218,0.1930370171516,0.2040399440288,0.1650313845985,0.4267597076528,0.3168085798737,0.5084707787492,-0.0291363724938,0.3739225621739,0.0136248191057,0.2692021681709,0.0709438292514,0.3841058960897,0.5695466081352
0.4952138128622,0.1349980729466,0.4891302351628,0.0552279756634,-0.0956221302200,-0.0186694530710,-0.0726406917411,0.1188776042395,0.2365803030424,0.0341272600837,-0.1487914363426,0.6943545162346,-0.1815878104842,0.4081386713326,0.5422217943903,0.0334298951344,-0.0275836191751,0.2947562470046,1.0000000000000,0.5524722275134,-0.0489909745807,0.0032734732754,-0.0471800323770,0.1038196920180,-0.1018491965083,0.2776778535189,0.1178584198090,0.5447095038613,-0.2687133345503,0.4127461385976,0.0540330763479,0.2481141492269,0.2168118189621,0.1178283481411,0.0907727675960,0.3990423640923,-0.0349972938118,0.2788488702666,0.1027116850969,-0.1265051405565,0.2792545217129,-0.1210619506528,-0.0036871098669,0.1824861692669,0.0191620389463,-0.1705981984688,0.4892192642104,-0.1323225842025,0.4580023391720,0.4781776722300,0.1453402968224,0.0170394724412,-0.0190860257424,0.7422619264590,0.3647393067848,-0.0504479526470,-0.0039307555191,-0.0669571660779,-0.0464904143110,-0.0839804472074,0.2781541297542,0.0011617159504,0.4373461347549,-0.2950188971117,0.3325569588776,-0.2106553491825,0.0629993284836,0.0936076403466,0.1223814215982,0.1151998292184
0.6948266527497,0.4523320347879,0.5764894992503,0.3007232260489,-0.0476178979741,0.0121131531507,-0.0076648029565,0.4688063755242,0.2408171591455,0.1765174592893,-0.0875025136196,0.6250271720342,-0.0180614557882,0.4504465962899,0.6869605682680,0.1890160455716,0.0429770930987,0.7477717303352,0.5524722275134,1.0000000000000,-0.0027857695924,0.1478724091522,0.1901132778730,0.2946796370387,0.0287408675128,0.6110591083221,0.4401109161557,0.6303264985023,-0.0582103008841,0.5994156617584,0.2549203226229,0.1130626497127,0.1734688203437,0.2731623337472,0.5371843719482,0.5580303880553,0.2524038091620,0.1668070873336,0.5217647571219,-0.1014350306274,0.0466182545569,-0.1542984404009,0.2070905975932,0.0710020090903,0.1635707635759,-0.1897476039202,0.4045479549035,-0.0507055781921,0.3299310898574,0.5088175768698,0.2176424756944,0.1421975350654,0.3726526188440,0.5461593809900,0.5607885922745,-0.0226944698695,0.0235007756996,0.1202345567826,0.0417901969781,0.0837076027677,0.5844640331853,0.2583314611685,0.4542446752297,-0.1203511156440,0.3586232330597,-0.1566601939517,0.2747917648954,0.1693328810639,0.2651532533908,0.4836667364982
-0.0261025251706,0.0280471600988,0.0430082694276,0.0909261266546,0.8112901363054,-0.1645170997565,0.3383267732193,0.1046826817249,-0.1578069745262,0.3097134836458,0.4258783989855,0.0040916740833,0.7544034367426,0.0011844123602,-0.1472134802708,0.3029657677684,0.4097305131388,0.0946893068463,-0.0489909745807,-0.0027857695924,1.0000000000000,0.4344983552731,0.1178199908067,0.2780783669998,0.5643555828081,-0.0316974077448,-0.0633324758882,0.0518200707204,0.3788183037828,0.1940304798864,0.0462385110222,-0.0833204323476,-0.0329879730186,0.4621970214737,0.0454034786196,-0.1260794092555,-0.1964258776980,-0.0746349777897,0.0670739692020,0.7780080431402,-0.1527165977197,0.1444740524863,-0.0545302014505,-0.4229277027248,0.3521765528595,0.3275038295313,-0.1725360622573,0.8394624302914,-0.0526487550963,-0.3142507252401,0.1851120877902,0.4038890312951,-0.0026840728343,-0.1399138376718,-0.0563505892220,0.9172161949618,0.3300036209841,0.1857142047386,0.2188869468338,0.5113898465873,-0.0782083943864,-0.2645021236332,-0.0165516849539,0.3475521684232,0.0778051140013,0.0310279020336,0.0033417827828,-0.1891268235314,0.3761722796141,0.0322692275928
0.0908527200777,0.4648695444938,0.3075864818694,0.5499972543663,0.3716138300246,0.1395636005032,0.1253653239210,0.2099709354483,0.0949773672235,0.2274509957043,0.2528523513322,0.1553319471590,0.3765660171541,0.2716988644261,0.0529302491198,0.1671629276614,0.5282792816934,0.3771195408915,0.0032734732754,0.1478724091522,0.4344983552731,1.0000000000000,0.4375141052574,0.8623261821167,0.4494075234098,0.3265441941816,0.4507715399520,0.4285492946441,0.4216076235716,0.3893676774589,0.5744246352923,0.2051110467644,-0.0017734812767,0.5734211617964,0.4034740249282,-0.0991154912678,0.3426765017424,0.1071770459712,0.4502502409604,0.3050635753207,0.0264147741077,-0.0579159511555,-0.1954001954627,-0.2151586022942,0.1968977645262,0.0424655494821,-0.0593514920249,0.3254438284456,0.0626472567280,-0.1558237763152,-0.0161026375067,0.4587662294220,0.3865632205746,-0.0305632180756,0.0259331435728,0.3925040021155,0.8296625159967,0.4170684690072,0.7055579487477,0.3516959752173,0.1797233086261,0.0944251674013,0.3345419956129,0.3112196368397,0.2847140020505,0.2426058642984,0.4198611606068,-0.0967491377113,0.4676977168205,0.4523245135541
0.0776175493657,0.6858575682550,0.2908039062098,0.7635850238655,0.2287052374776,0.1153193102597,-0.0349209513767,0.3082513811276,-0.1194792130957,0.4828660303851,-0.1013306262854,0.2889248479652,0.2825508843174,0.4395014556760,0.0982899921186,0.2463304397919,0.6096024933846,0.2865903963976,-0.0471800323770,0.1901132778730,0.1178199908067,0.4375141052574,1.0000000000000,0.5007842508021,0.5778680160918,0.5724506770096,0.4318478263315,0.4383699565549,0.0250932999067,0.3135827707668,0.4153248620308,0.2337779979356,-0.0248783225649,0.4328394645103,0.4886671662033,0.0187820056619,0.6687346126652,-0.0170582860502,0.6491133399503,0.2085927293379,-0.0281956942578,-0.2294242360444,0.0127371658495,-0.2236644608958,0.4729159829279,-0.1916180837436,-0.0313402437053,0.2146312754032,0.2951589435582,-0.0272170297371,0.0652558179344,0.5298940794661,0.3905271283785,-0.0123863955204,0.1858586307561,0.1289825526388,0.3360657870063,0.8576171489854,0.4423885838951,0.5518434872084,0.5216166595663,0.1766844415833,0.4258370615395,0.0132650440046,0.1786215243153,0.0848378431100,0.3295465264006,-0.1585363394429,0.3165779621696,0.5047135222879
0.2037946117909,0.6371266458738,0.4868133935860,0.6001520613291,0.1998711259348,0.1756690244890,0.0263965873611,0.2591834651909,0.2009296471950,0.1093340608216,0.1431710186590,0.2413289670233,0.1763658619433,0.3239884261900,0.1400280732716,0.0887547032729,0.5399181222463,0.5948497581963,0.1038196920180,0.2946796370387,0.2780783669998,0.8623261821167,0.5007842508021,1.0000000000000,0.3702751595951,0.4439240065482,0.5279460721297,0.6090195481000,0.3992588962474,0.3800443230221,0.6249635405968,0.1784021291364,0.0639501934962,0.4681528155763,0.4355508631153,-0.0364283950942,0.4767474789348,0.2896264367675,0.4746348615073,0.1038894970019,0.0490232705767,-0.1385992783913,-0.1082201376826,-0.0905663470078,0.0681039125167,-0.1008545374395,0.0633831142242,0.1348249755205,0.1036966520865,-0.0456165373033,-0.0187445551205,0.5049739545545,0.5203064858884,0.0425989680293,0.1012540704178,0.2171970325032,0.6484238337075,0.4747648021586,0.7047049931623,0.2817532618512,0.3041549089289,0.1782545456694,0.5265552429579,0.2548645636486,0.2256508812070,0.1452267318812,0.4190355314903,-0.0985669207029,0.3768534911965,0.4642604133891
-0.0544044037320,0.3398821121864,0.2639022023385,0.5075679087428,0.6680833000818,-0.0777528840042,0.2855098665548,0.4295136480982,-0.1049227402754,0.5820162947340,0.2113275524862,0.1123076897301,0.5980519500179,0.2159179960220,-0.0392875155881,0.4097548134202,0.5318844777297,0.1089892767487,-0.1018491965083,0.0287408675128,0.5643555828081,0.4494075234098,0.5778680160918,0.3702751595951,1.0000000000000,0.2089964448203,0.2493246834514,0.2764199467624,0.2904764858921,0.2475353835633,0.3218589018710,0.1051957145373,-0.1199405687534,0.4668592167959,0.1890404437225,-0.0308516303540,0.1572890980275,0.0553684736510,0.3963107269729,0.6604622713490,-0.1439343676845,0.1184094652419,0.2084496231773,-0.2800774633902,0.6680736585603,0.1586981165163,-0.1313904068828,0.6134570662627,0.1509962542452,-0.1026931197859,0.2273091538430,0.4701151345361,0.0984004250712,-0.1026972861788,0.0289588841598,0.5571732388049,0.3203756133287,0.5430940533939,0.2512311828540,0.9084706581029,0.1538702750116,-0.0073835025038,0.2855722318712,0.3099064308529,0.1549720256566,0.0292041415591,0.2113803933111,-0.2466726237538,0.3267729299389,0.1980821925194
0.4367544353111,0.7534855245374,0.5989341576842,0.6070531692817,0.0175451297450,0.2254985176129,-0.0061541880565,0.5251629385618,0.1916565717814,0.2555567204319,-0.1437916122859,0.6687371109348,0.0639670281445,0.6953449891809,0.4600239074282,0.4257753742247,0.2960840792113,0.5631055075746,0.2776778535189,0.6110591083221,-0.0316974077448,0.3265441941816,0.5724506770096,0.4439240065482,0.2089964448203,1.0000000000000,0.6439388887159,0.7521442077135,-0.0651338697905,0.4357771850873,0.4362173291394,0.3197646999863,0.1171892941428,0.2916519807487,0.7439660259771,0.3086768863644,0.6466903612984,0.1971105774388,0.7636102185040,-0.0891597071563,0.1450382079580,-0.2454155899349,0.1700936572853,0.0078949173110,0.2659528018292,-0.3182043399085,0.3248316857998,-0.0482558726414,0.4670197012009,0.2950224681767,0.3446475949797,0.3525319406806,0.4498174489805,0.3645167838496,0.3193342670769,-0.0687639464281,0.1824844696255,0.4257264585439,0.3207416037733,0.2731823091493,0.8725963567792,0.4049442507954,0.6735731137916,-0.1182344127518,0.1211196449269,0.0647071278276,0.4441526369382,0.0605003627530,0.2452212859036,0.7089065920956
0.1969065357915,0.5624327188739,0.5911376324718,0.6535274354021,-0.0822323219968,0.4152810313885,0.2787650220439,0.5415580202421,0.5487739818862,0.0435563449890,0.1324813532082,0.4647948875632,0.1248231379058,0.5078086911875,0.3681053829167,0.2622217984627,0.1998089284371,0.4962511488847,0.1178584198090,0.4401109161557,-0.0633324758882,0.4507715399520,0.4318478263315,0.5279460721297,0.2493246834514,0.6439388887159,1.0000000000000,0.5905958768933,0.2843449352304,0.2916465203238,0.6512505799779,0.3999916272485,0.0422200372987,0.1738725232961,0.5456941549184,0.1097937364023,0.4662934942862,0.4029687406989,0.6729659059550,-0.1455372009128,0.1886551613638,0.1420135275111,0.1945159190577,0.3418134744710,0.0366728066449,-0.0757844032149,0.2908316546406,-0.0551506375343,0.1320368820590,0.3104873374228,0.2003777218194,0.1749012648615,0.4506969712036,0.2642500792938,0.1955358548538,-0.1457711436090,0.2177228930878,0.2332759884871,0.2564818905967,0.2378568198010,0.4572633023406,0.7000002831769,0.5468584258507,0.1803626336113,0.0336334996937,0.1352264080049,0.5163987979622,-0.0035314004631,0.0736214879338,0.4850297582883
0.5793862824655,0.6780653202029,0.8597913033371,0.5415203843580,0.0660636389863,0.2425427322248,0.0292093575945,0.5914460223622,0.3000978008279,0.2681760129393,-0.0274666352269,0.6965226303601,0.0489508167376,0.6883292172098,0.5964454463516,0.2873343496639,0.2739470804088,0.6241562834573,0.5447095038613,0.6303264985023,0.0518200707204,0.4285492946441,0.4383699565549,0.6090195481000,0.2764199467624,0.7521442077135,0.5905958768933,1.0000000000000,0.0197802964820,0.5080898849928,0.4910198272112,0.3370219364732,0.2005998226994,0.2581506282339,0.4605009216387,0.3649684827506,0.3717275642127,0.4144193611538,0.5649330410068,-0.0408637941795,0.2375356632775,-0.1480117358103,0.1430815325070,0.1057304194234,0.2697990884155,-0.1924156426979,0.4052141279442,-0.0154548477161,0.5033282905283,0.4238486411096,0.2564894429563,0.3299704451502,0.2918561801199,0.5208504601529,0.2510424619208,0.0072749200096,0.2424623967419,0.3034250384692,0.3247382036522,0.2572046520268,0.6234629570183,0.2681366762796,0.8530517987735,-0.0728945883823,0.2290429477632,-0.0886583058572,0.4727982691288,0.0694735841523,0.1777246910623,0.4327220081148
-0.2454556832160,0.0155817401965,0.1109370228267,0.2360407393965,0.2845048214879,-0.0367279927868,0.4799180418885,0.2073060809453,0.3687506126090,-0.0970694510387,0.6480083040998,-0.1098287656528,0.3775677555110,0.0092314456566,-0.1516248150944,-0.0479113790604,0.0191185697385,0.0558794397856,-0.2687133345503,-0.0582103008841,0.3788183037828,0.4216076235716,0.0250932999067,0.3992588962474,0.2904764858921,-0.0651338697905,0.2843449352304,0.0197802964820,1.0000000000000,-0.1030546488137,0.3847954213126,-0.0437908230577,-0.0502576837130,0.0262157468128,-0.0515648720286,-0.3668540558374,-0.0770537210015,0.2759643268004,0.1251911281007,0.2725766371138,-0.0926063465000,0.3993973166592,0.0684465298940,0.2141118369133,-0.0201131463757,0.5010002828306,-0.0099125047043,0.3573995728966,-0.2181310123585,-0.1887897984371,0.0139709904863,0.0068792976459,0.1473508195318,-0.2506988476646,-0.2269948466894,0.3150125871732,0.1888387330571,-0.0456962568271,0.1759987428888,0.1700629201896,-0.1582477656516,0.1382095509206,-0.0342489828481,0.9124835846285,-0.1722904973494,0.2058306840407,0.2946694110242,-0.0843071972740,-0.1103380394041,-0.0511845268446
0.7465269967306,0.4379006556333,0.3706609105586,0.4194142499336,0.1615868709516,0.0281159011655,-0.0130504931779,0.3139271578289,0.0913048869544,0.4296929754176,-0.0589701367840,0.4085080710808,0.2092730612721,0.3630871125816,0.6469921699789,0.2394994778927,0.1722404871988,0.6173888070303,0.4127461385976,0.5994156617584,0.1940304798864,0.3893676774589,0.3135827707668,0.3800443230221,0.2475353835633,0.4357771850873,0.2916465203238,0.5080898849928,-0.1030546488137,1.0000000000000,0.2626862320857,0.1237834589104,0.2154643317840,0.6684946410837,0.4681126197549,0.6153018116351,0.2651002797914,-0.0494147406659,0.4894195168522,0.1671981221433,-0.0089474285932,-0.0748527990380,-0.0744091789125,-0.1253043445046,0.3397310723944,-0.1073403760886,0.1318446348454,0.1754170376014,0.3182970543193,0.3784679036097,0.0044617763668,0.1397641289984,0.3451550579943,0.3048126341118,0.3691039512053,0.2202550982147,0.2936027587186,0.2129602683582,0.1561022465831,0.2544786780406,0.3170822085309,-0.0071016151589,0.3427816580245,-0.1631405786143,0.8536774309270,-0.0963098637907,0.2589220355660,0.2247855872709,0.6352031798428,0.4866503702948
0.1464186152295,0.5772532119509,0.5448496918385,0.5369895576673,0.0023881142068,0.1867206234419,0.2496201931358,0.5198501732417,0.3795482630993,-0.0662807347835,0.1338931707914,0.2168947248875,0.0180956872358,0.1988786601749,0.1121416080142,0.2040369280859,0.1602012845609,0.5165259416647,0.0540330763479,0.2549203226229,0.0462385110222,0.5744246352923,0.4153248620308,0.6249635405968,0.3218589018710,0.4362173291394,0.6512505799779,0.4910198272112,0.3847954213126,0.2626862320857,1.0000000000000,0.0767215962929,0.0334320879641,0.2474676811587,0.5262637421939,0.0732711553677,0.4370326959153,0.4860255052320,0.4175857533770,-0.0480997173605,0.0868398154194,0.0761662881194,0.3194196973732,0.1793723245437,-0.0007245617080,-0.0860674924910,0.1339493229896,-0.0207093321130,-0.0347462421360,0.0302715130172,0.1628216605905,0.1087433357698,0.5100475325137,0.0911380645755,0.2106287560833,-0.0217250334342,0.3209142728195,0.2790532000634,0.3021149479942,0.3334851368037,0.2433160941266,0.4715160982713,0.4846884680429,0.2929239626459,0.1042777060294,0.5254469484132,0.2777930821266,-0.1153027404506,0.1571477128525,0.4958219579467
-0.0155985900037,0.2044661300688,0.2534124330822,0.3644161149003,-0.0248251546217,0.2611634792021,0.0785595683790,0.0622787506108,0.2251809127840,0.1601569823478,-0.0214859004293,0.4100035406527,0.0690004514264,0.5604506366003,0.2517419080437,0.1018724750744,0.1332447267871,0.0055224454842,0.2481141492269,0.1130626497127,-0.0833204323476,0.2051110467644,0.2337779979356,0.1784021291364,0.1051957145373,0.3197646999863,0.3999916272485,0.3370219364732,-0.0437908230577,0.1237834589104,0.0767215962929,1.0000000000000,0.0364713637083,0.1077498212358,0.1344416467927,-0.0466993064967,0.2018849131068,0.1633345840760,0.3562437908339,-0.0611985156203,0.2153591351912,0.0113446749409,-0.0886942512029,0.1101394008887,0.1279626933695,-0.0561471234773,0.1442800973684,-0.0441379317607,0.3809421924452,0.2579059279995,0.0276716329504,0.0837993740341,0.0618876451214,0.3510811970467,0.0775991577546,-0.1054922814051,0.2170219877526,0.1240614400217,0.1783453710532,0.0388346970298,0.2381493513797,0.1722505624585,0.3392144403725,-0.0593804322349,0.0455004750775,-0.0537404109357,0.3488957010426,-0.0305917832054,0.0436017484251,0.1297141858618
0.2718543934554,0.1917668340048,0.1405096193268,0.0096969849551,-0.0327487039215,0.2720675186662,0.0134089206132,0.1033936237310,0.1166928035749,-0.0865073338923,-0.0140601909775,0.2671311459747,-0.0449532601119,0.1891727713260,0.2216451376267,0.1424219123491,-0.0795490101976,0.1672873914012,0.2168118189621,0.1734688203437,-0.0329879730186,-0.0017734812767,-0.0248783225649,0.0639501934962,-0.1199405687534,0.1171892941428,0.0422200372987,0.2005998226994,-0.0502576837130,0.2154643317840,0.0334320879641,0.0364713637083,1.0000000000000,-0.0492367825779,0.0532850398223,0.1478842521982,0.0763478113751,-0.1227360744439,-0.0533577148257,-0.0771397783888,-0.0009264040782,-0.0263644453121,-0.0617768729813,0.0428683509090,-0.0714530795280,-0.0416140367314,0.2486108885038,-0.0429894526320,0.2520936389932,0.1910396588284,0.1311197330140,-0.0800250624743,0.0565250766748,0.1476228289391,0.0681185949146,-0.0465082134727,-0.1923532186535,-0.0927853447050,-0.1279080621738,-0.1507236057374,0.0756907317146,-0.1324601385805,0.0642233903388,-0.1454386527386,0.1386920171808,-0.1207228778614,0.1890070571502,0.2808031056951,-0.0196466692605,0.0033663802506
0.2373159771977,0.3655739512446,0.1560418846662,0.3889498588801,0.4035955750327,-0.0462169304682,-0.0285137017217,0.0534829549331,-0.1409543144860,0.4321196300768,-0.0838697739815,0.1964010243567,0.3396216077327,0.1535835836512,0.0967121368894,0.1579489881228,0.5071093067409,0.3922180404494,0.1178283481411,0.2731623337472,0.4621970214737,0.5734211617964,0.4328394645103,0.4681528155763,0.4668592167959,0.2916519807487,0.1738725232961,0.2581506282339,0.0262157468128,0.6684946410837,0.2474676811587,0.1077498212358,-0.0492367825779,1.0000000000000,0.4789313276980,0.1143128650098,0.3392754232796,-0.1170185356665,0.4299970998650,0.4082952658177,-0.0692919351907,-0.1648555762500,-0.1360993634229,-0.3844803438254,0.3643132158218,-0.1939461642053,-0.0901994718885,0.3892665980477,0.0855848650734,-0.1361420274274,-0.0589542249907,0.4510356441918,0.3581181049069,0.0649825608315,0.2394958035669,0.4787291800912,0.5954675623285,0.4879009434153,0.4654029734872,0.4293204174577,0.2485386031544,-0.1196308231899,0.1555416346257,0.0269723565338,0.6027003963597,0.1665374941613,0.1103744401506,-0.1619114219074,0.9304614964365,0.5442479690650
0.3135692496712,0.6794791910147,0.3630058017777,0.4609953159242,0.0768065665228,0.2334434656198,0.0284309902245,0.3690194215135,0.1161348137276,0.1034980719739,-0.1892277481312,0.4307552240914,0.0700150811581,0.3293672095191,0.2674789298189,0.4384608975320,0.3735145025551,0.6028913538951,0.0907727675960,0.5371843719482,0.0454034786196,0.4034740249282,0.4886671662033,0.4355508631153,0.1890404437225,0.7439660259771,0.5456941549184,0.4605009216387,-0.0515648720286,0.4681126197549,0.5262637421939,0.1344416467927,0.0532850398223,0.4789313276980,1.0000000000000,0.2203124910354,0.6860420180999,0.0883196388514,0.6731896735698,0.0042412091663,0.1208655598405,-0.2539175034097,0.1573092672577,-0.1016296387925,0.1188015588543,-0.3643690109664,0.1827903312429,0.0178266566124,0.1579758876701,0.0747901751033,0.3343532410238,0.4088210930209,0.6143008387669,0.2009398603578,0.4036203659246,0.0265521560279,0.2954351642067,0.4886003341596,0.3676950633300,0.2945507337228,0.6883216299267,0.3412018091734,0.4071179304443,-0.0779789912571,0.2117590262338,0.3253737749406,0.2824314368405,-0.0187310949094,0.4795764267431,0.9134950677682
