1.0000000000000,0.0990951960769,0.0302497899092,0.4867926573502,0.5993438701726,-0.1395487286525,-0.0655312651806,0.5501859778504,-0.2097417275564,0.5223881545140,0.4323024556890,-0.1343627240355,0.3934076883265,0.0605157481280,0.4020892881595,-0.2086057699358,0.2504326715591,0.4587772035444,0.0649294317060,0.3355333772682,0.7425054733436,0.2220817309422,0.3045055634844,0.0946162842504,0.4858766449789,0.2880089963198,0.1154628761209,-0.0839807841006,0.3841319072530,0.3939165905456,0.4989880821939,-0.0931750172101,-0.0700315004496,0.5434520544217,0.3743424263909,0.4334433344681,0.1050357345453,-0.3810142876461,0.3504870196711,0.4187373188002,-0.3282492029946,-0.3707685690530,0.2730621256518,-0.4564050581065,0.4601773617750,0.3211634734399,-0.1594803422890,0.4163554203259,-0.1605268716186,-0.1117192023495,-0.1901920162127,0.3067145447826,0.0372927881631,-0.1862498000360,0.0411261623893,0.6426612331608,-0.1436979374293,0.2526207531050,-0.1196699344980,0.5400456760826,0.2178217176569,-0.0116390159949,-0.2742851454539,0.1752822390991,-0.1338980272833,0.0855885883417,0.0767864135718,-0.1005496738353,0.2047397355496,0.1358892551767
0.0990951960769,1.0000000000000,0.2296114755616,0.5317393048338,0.0209947040908,-0.0653305299518,-0.2379549585244,-0.0050322002257,-0.1827075812231,-0.0309579237177,-0.2187599338458,0.1236169479941,-0.1738793056377,0.0225869006147,-0.1893285398490,-0.2127774009128,0.0816734370492,0.5384001513133,0.3149383576620,0.4870040618197,0.0149788654757,0.1042564836780,0.2608383792229,0.0577630536566,-0.0799795234927,0.2471829780584,0.6632762054003,0.3084948796570,-0.0494034766131,-0.0284604844131,0.2489101256975,-0.0223389326860,0.0983121431411,-0.1193959866527,0.2350935825887,-0.0498352203811,0.8424733314570,0.0684901137706,0.4666455156967,-0.0402671497180,-0.1408343279633,-0.2347654585542,-0.0482819361125,-0.2327670427976,-0.1350053622843,-0.3662853708257,-0.2475004811642,-0.2220920062761,-0.1451158447050,-0.2605536747869,-0.2444141317351,0.1015118849437,0.3964045127920,-0.1817980728089,0.0144001190300,-0.1051215139616,0.0084980769576,0.3429661461857,0.1514154312552,0.0219349911991,0.3410709172113,0.4511147273316,0.2234147209513,-0.1651456489130,-0.1313162611375,0.2743216709633,-0.1317299569813,0.1293266225364,-0.1711476883799,0.0720631668103
0.0302497899092,0.2296114755616,1.0000000000000,0.1447083033646,-0.1125024099402,-0.2285200029216,-0.1138615291257,0.0926788243755,0.0016540218516,-0.0607032365290,-0.0187550405341,0.1257238239326,-0.0545811642136,-0.0325415533316,-0.0274154022173,-0.0967859879891,0.3489448324149,0.0874350719374,0.1339295932622,0.1227116478058,-0.0461396142344,0.5322539202510,0.2321033545261,0.5555580366503,0.0044439107017,0.0314315285485,0.3288368937999,0.6509448901987,0.1124763766902,-0.0574171254850,0.1901583305726,-0.1188676041355,-0.1086329954625,-0.0022010458838,-0.1110533125728,-0.3375317959862,0.1134447561571,0.4391721336608,-0.0413356875018,-0.1922505808563,-0.2268992414283,-0.0667661649582,-0.1494552382668,-0.0845108623633,-0.0583779887748,-0.0835331595656,-0.0330383566770,-0.1027164486734,0.0045772990782,-0.2891662912702,-0.1270348341737,0.3735074917489,-0.1145468278153,0.0065735701514,-0.2174057486278,-0.1150296753761,0.3259681514949,0.2214374399515,0.4387062452847,-0.0003915760053,0.0205721018820,-0.0279172281223,0.5676060551149,-0.0346926912792,-0.3470282492890,0.0261854104619,-0.1375776597253,-0.1416787815280,-0.2056285013397,-0.2831062449436
0.4867926573502,0.5317393048338,0.1447083033646,1.0000000000000,0.3900575529358,-0.0288019674735,-0.0710990280293,0.2161997041382,-0.2232024768509,0.5739443750110,0.0733400216400,-0.0731217087121,0.2794537791824,0.1004996566523,0.0285779322489,-0.0606961387776,0.2011043736492,0.6002766616784,0.0895860722962,0.4219422804101,0.3968934828739,0.1552967343890,0.4309837912847,0.0919726704858,0.2734611383799,0.4256927788034,0.2812731345516,0.0924806760937,0.2144450392219,0.2685890559632,0.3824826648396,-0.0432566131943,0.0503532758097,0.3114591870036,0.4276293996464,0.3525493893660,0.4392365990256,-0.1672787381868,0.6888410962719,0.2515023223928,-0.2979818310380,-0.2543487326860,0.1403211485849,-0.3447930275940,0.4589782558393,-0.0873660480509,-0.2867124953873,0.2411873617783,-0.2671384005554,-0.0547660608753,-0.0620105505763,0.2675839637386,0.2866448228443,-0.2126338338910,0.0311941903405,0.2682414442108,0.0052156443703,0.4223272322322,0.0871160570469,0.3802008655394,0.1988227148283,-0.0248498514105,-0.0915147414280,-0.0049713334012,-0.0112740198680,0.2922149322179,-0.0015724283292,0.0207995158069,0.2162420958903,0.4107630043387
0.5993438701726,0.0209947040908,-0.1125024099402,0.3900575529358,1.0000000000000,-0.0629235450461,-0.1498945902052,0.6961798080871,-0.2655411552536,0.4854451850212,0.4466881158963,-0.2883115406317,0.3201761480296,0.0260388776413,0.1145779353789,-0.2654063968948,0.1648478940230,0.1559449726881,-0.1687964587517,0.0038097390526,0.7217435019311,0.2052768145542,0.3979034401324,-0.0582628926093,0.6997050275797,0.1031272976580,-0.0826485361169,-0.1967679153663,0.6284855990460,0.1202111342013,0.6294320415391,-0.0275636438106,-0.0495748745253,0.3291963016160,0.1073703862197,0.4488470185077,0.0034223020973,-0.4390050285492,0.2238087481955,0.7883195624647,-0.1973984530845,-0.3539882517781,0.6795835125758,-0.3207938798310,0.3965434334108,0.4393820324734,-0.2140809884880,0.3740833256393,-0.1360669340060,-0.0155616592344,-0.1648409000044,0.1537948224069,0.0059572692244,-0.1466369658441,0.0002731690944,0.7425472786671,-0.1796113906489,0.3136149074849,-0.2156644300550,0.7044209208653,0.0066066874412,-0.1775060766277,-0.3832678864242,0.4010667399607,-0.0530722477260,0.3079211505395,0.1810703269043,-0.0751104454985,0.2052433432902,0.0572551258948
-0.1395487286525,-0.0653305299518,-0.2285200029216,-0.0288019674735,-0.0629235450461,1.0000000000000,0.2896243315448,-0.1442903513194,0.0972098029435,0.1167790034875,-0.2332584091985,-0.0398014995124,-0.0155333458531,-0.1056426782362,0.0137811205400,0.4048972302480,-0.2651447170279,-0.1269745406602,0.1119406416352,-0.0429767871117,-0.1094551311774,-0.3132308020002,-0.1934531038359,-0.2164073290755,-0.0596123982316,-0.1496241320095,-0.1112448741783,-0.3032253878763,-0.1361298615948,0.0700079050718,-0.2189263455411,0.0777422790085,0.7341552021886,-0.0631122241360,0.1699305784742,-0.0334607447766,-0.2020815355474,-0.1321717219676,0.0052180645914,-0.0034873879844,0.4167614025289,0.2311134151818,-0.1248169406741,0.2252592922223,0.0753766435600,-0.1576564349331,-0.0876084960411,0.0121083472570,-0.0875976797312,0.3210602050099,0.3431520030072,-0.2792819473357,-0.0324311370228,-0.0013805553091,0.0457270319761,-0.0976541393913,-0.3211345088538,-0.1588692426823,-0.3115747310650,-0.1551279282511,-0.1396054250336,-0.2073523060243,-0.2548646293199,-0.1523617995440,0.3284230291904,-0.1873676671504,0.1487324902268,0.5004103804358,-0.0655354523275,0.2633816072969
-0.0655312651806,-0.2379549585244,-0.1138615291257,-0.0710990280293,-0.1498945902052,0.2896243315448,1.0000000000000,-0.1557787992957,0.7887270855058,0.1227443982157,0.2941018553517,0.0882002041808,0.2384687272261,-0.0510555064235,0.4314869791695,0.7902590333551,-0.1777365643193,-0.1300158604515,-0.1368863165398,-0.2360648730266,-0.0401118278442,-0.3262407514220,-0.1286685239883,-0.1572118143173,-0.1931715631999,-0.1818977682645,-0.2014460998519,-0.3022443056546,-0.2265570593952,0.2460835375417,-0.3005751088470,-0.0283913465901,0.3139569449321,0.1232241369779,0.0219057088897,-0.1271317490294,-0.2974501190714,0.0135065046933,-0.0561440921962,-0.0135324891761,0.5447865342341,0.6787866102519,-0.3164416201601,0.5574031149626,0.0817643426255,0.2415111402054,0.1578958939940,0.1917597008113,-0.0902308596067,0.2237646511137,0.6604415360223,-0.1740574504159,-0.2414544743372,0.0133111711259,-0.1948342011402,-0.0139671674198,-0.2132550168554,-0.2918068095776,-0.2119186985966,-0.1608152398292,-0.3596082522307,-0.3484460914540,-0.1970576568605,-0.1761676242151,0.0537441781888,-0.3731134530724,-0.1744598813823,0.1240434877523,0.0570343391234,0.1500571356920
0.5501859778504,-0.0050322002257,0.0926788243755,0.2161997041382,0.6961798080871,-0.1442903513194,-0.1557787992957,1.0000000000000,-0.1839939676728,0.2313688739473,0.4026319483592,-0.1106756881545,0.0749563103878,0.1540845083084,0.2144971224154,-0.2991595550847,0.2907225018205,0.0594838670617,-0.0587891353450,0.0018899062956,0.5506613455894,0.4725454291810,0.4646472072024,0.1231061154951,0.6902649908907,0.1735680542622,0.0182442927008,-0.0263370401723,0.7263380257485,0.1310332025621,0.7667093538670,0.0126886234952,-0.1217978311236,0.3131866028170,0.0202333602107,0.1174935870219,0.0113349560554,-0.3651524221141,0.0601041295729,0.6144114886885,-0.2786074299033,-0.4621255964096,0.5989180555604,-0.4106057584248,0.1759576447040,0.3699672347032,-0.1544221575332,0.1189679616664,0.0391098844627,-0.2291096204389,-0.2972167591200,0.3563606944199,-0.2043468225079,-0.1098054293250,-0.1603065042977,0.5289903988823,-0.0640745663596,0.2971616597667,-0.1142581347944,0.7684890833075,0.0948290162670,-0.0871094433992,-0.2080565655891,0.6425403404805,-0.2810826344503,0.1996826221533,0.1439875424853,-0.1265853152513,0.0146682293777,-0.1500632867791
-0.2097417275564,-0.1827075812231,0.0016540218516,-0.2232024768509,-0.2655411552536,0.0972098029435,0.7887270855058,-0.1839939676728,1.0000000000000,-0.1798264054509,0.2776370656949,0.2597405226645,0.0069964019853,0.0789141500315,0.5046447283270,0.5877557436552,-0.1661345261536,-0.1555648074401,-0.0068495395798,-0.1725684971544,-0.1728318785550,-0.2456889131281,-0.1899661410929,-0.0830253472854,-0.3216842213163,-0.1226689339116,-0.0494842899672,-0.1119532121428,-0.2760800171936,0.1472680584192,-0.3324334033399,-0.0626339278316,0.1719789296229,-0.0439502509453,-0.2025056885558,-0.3125950811564,-0.2039734941180,0.1949301985046,-0.1774889686605,-0.1452536648109,0.4595723981212,0.5752201042086,-0.3735509461302,0.5882356116054,-0.1810209926343,0.2058410872970,0.2571949390971,-0.0567005052569,0.1074074545273,0.0877532000961,0.3911546510678,-0.1880500151894,-0.2724352324182,0.0537668484775,-0.2729758447197,-0.1503063221364,-0.1265266928371,-0.2787299829728,-0.0829725915628,-0.2940191026648,-0.2403841456032,-0.1613660129395,0.0198155564932,-0.2086204583083,-0.1578872914694,-0.3785742739718,-0.2145485236120,-0.0152845666978,-0.1132332060550,-0.1686293436205
0.5223881545140,-0.0309579237177,-0.0607032365290,0.5739443750110,0.4854451850212,0.1167790034875,0.1227443982157,0.2313688739473,-0.1798264054509,1.0000000000000,0.2400563061980,-0.2390187805112,0.5926670532631,-0.1413610042900,0.1588987585746,0.1860614167634,0.1273805101074,0.2442576496362,-0.1324388453814,0.0714883837870,0.5803117104272,-0.0035668715390,0.2755667302264,-0.0016006600826,0.4279236960713,0.0674491410422,-0.1676827746682,-0.2785141770504,0.2213982459333,0.2753991857113,0.2568245883616,-0.1321516170421,0.0703187768420,0.4456741264402,0.4023878692336,0.5354538974701,-0.0743140044997,-0.2841300278133,0.4171964796481,0.3540412714801,-0.0766122086357,-0.0352969996660,0.2404385915219,-0.1578666432207,0.8535014820759,0.2240471046657,-0.1690587470760,0.6255237122793,-0.3310038029250,0.1590997003999,0.2626132243605,0.1720609973083,-0.0146033795202,-0.1322574943187,0.0397220579763,0.5141452416142,-0.0943907518258,0.2541649981324,-0.1231239885913,0.4522457001965,-0.1795424892912,-0.3300022364625,-0.4201398773819,0.0631796489772,0.1275970385090,0.1233878297455,-0.0409431933396,0.0005357816343,0.3820448825699,0.4392458246153
0.4323024556890,-0.2187599338458,-0.0187550405341,0.0733400216400,0.4466881158963,-0.2332584091985,0.2941018553517,0.4026319483592,0.2776370656949,0.2400563061980,1.0000000000000,-0.0931711901250,0.5653667958292,-0.0088296833660,0.5569647039195,0.1035788284621,0.1181710119593,0.0506893457401,-0.1938838148201,-0.0468143248469,0.5731754660094,0.0782728189018,-0.0101805279649,0.1216849891192,0.2848146250532,-0.0088514333287,-0.0494862014209,-0.1018556306931,0.2697070385045,0.2940988575978,0.1543785870136,-0.0255550430136,-0.2289755364450,0.4103901706028,-0.0660822225084,0.1200165636407,-0.2281450480922,-0.1858797044817,0.0126213957040,0.3850558393562,-0.1270205914444,0.0670406534077,0.1699702156936,0.0098994016382,0.2711223942325,0.8381332997833,-0.0186427984967,0.5673008160946,0.0163387331014,0.0129490064372,0.0768803280212,0.1476211768439,-0.2714936459245,-0.1222821384630,-0.2605332956912,0.6184947766449,-0.0813792634576,-0.1603067121819,-0.0828790233440,0.2436311166237,-0.0675098543740,-0.2525888494658,-0.1532744986854,0.1757016868571,-0.2495478682606,-0.2054415680315,-0.0051846000224,-0.3129091703726,0.1321676425786,-0.2043323393820
-0.1343627240355,0.1236169479941,0.1257238239326,-0.0731217087121,-0.2883115406317,-0.0398014995124,0.0882002041808,-0.1106756881545,0.2597405226645,-0.2390187805112,-0.0931711901250,1.0000000000000,-0.1079354532440,0.4648293670913,0.2011263506623,0.1583704620311,-0.1355084189349,0.0363889575841,0.5945038865309,0.2757748160583,-0.1742738989062,-0.0777766819750,-0.1192087752066,-0.1258408166411,-0.2882549199952,0.1796149950464,0.3534868976219,0.1632172012569,-0.1885107747853,0.2493343644354,-0.1537730717937,0.0045406354390,0.0846571437428,-0.1270474117589,0.1005050238708,-0.3533845763820,0.0714877134499,0.1067950096952,0.0496847177444,-0.1783400214619,0.0122844029873,0.0661075047961,-0.3268674702042,0.1144151907646,-0.2673137712447,-0.1692231219766,0.5636730931164,-0.1719357830575,0.6779690919732,-0.0063044351262,0.0418579196249,-0.0678361782230,-0.1297517994840,0.5508511182545,0.1263275830776,-0.2481310177954,-0.1780802084166,-0.1194146445510,-0.1094675236576,-0.2069145903336,0.3232493895506,0.2080206634540,0.2181695678022,-0.1606230373056,0.0321902714884,-0.2510330841514,-0.2417665255681,0.0009680500642,-0.1730919124337,-0.0373442655691
0.3934076883265,-0.1738793056377,-0.0545811642136,0.2794537791824,0.3201761480296,-0.0155333458531,0.2384687272261,0.0749563103878,0.0069964019853,0.5926670532631,0.5653667958292,-0.1079354532440,1.0000000000000,-0.1363701225837,0.2883827658778,0.3470093351078,0.0116670865545,0.1931394195268,-0.1263850514065,0.0965373081798,0.4980939478804,-0.1110132894032,-0.0124737915594,-0.0044477153595,0.1343367634273,0.0041471372882,-0.0941016159887,-0.2209554356270,0.0660368767663,0.4264198710677,-0.0044342657389,-0.0165862817427,-0.1084851696056,0.4487464227832,0.3127012274815,0.4132572010656,-0.1745879797623,-0.1889376356815,0.2135388294085,0.2644095236635,-0.1290894507586,0.1188804459613,0.0339940840720,-0.0293126520712,0.5242978153987,0.5139184365314,-0.1097544782727,0.8744774963674,-0.1855806006009,0.2669756847358,0.3061516738864,0.0111312262164,-0.0336289419898,-0.1177560467027,-0.0114343859238,0.4916853576511,-0.1635514449669,-0.0879973911464,-0.1346165874186,0.1499639856560,-0.0795536782547,-0.3107691162365,-0.2475618282936,-0.0549147623520,0.2059644396505,-0.1246084870692,-0.0193543067030,-0.0906683755778,0.3771545288017,0.2845011303204
0.0605157481280,0.0225869006147,-0.0325415533316,0.1004996566523,0.0260388776413,-0.1056426782362,-0.0510555064235,0.1540845083084,0.0789141500315,-0.1413610042900,-0.0088296833660,0.4648293670913,-0.1363701225837,1.0000000000000,0.2644234695926,-0.0957017142326,-0.0310142203893,-0.0594182806631,0.2381282407209,0.0537460905769,-0.0670534391874,-0.0329755076150,0.0192101734571,-0.1115211460774,0.0275484720268,0.6291794444459,0.1174944763498,0.1214641967109,0.0789090648502,0.2370856673644,0.0646282432854,0.0240358036027,-0.0185275248900,0.0139432855225,0.0433938416353,-0.0980439313843,0.0067512410229,-0.1005344254960,0.0029686265705,-0.0246856056157,-0.0910020967331,-0.1193998293139,-0.0781938780856,-0.0965164757385,-0.1980972161373,-0.1601112112289,0.3993591062078,-0.2188680453977,0.5997714233113,0.0197554291328,-0.1114803345737,-0.0160333934217,-0.1701756563126,0.4141124311109,0.0313555764546,-0.1655000123523,-0.1575719746562,-0.0600275352614,-0.1287862414954,0.0061926333068,0.3214564205844,0.0322314698870,0.1059917317644,-0.0262703755963,0.0137485310849,-0.1076861806074,0.1316243614852,-0.0428440820345,-0.2024987410777,0.0629728712347
0.4020892881595,-0.1893285398490,-0.0274154022173,0.0285779322489,0.1145779353789,0.0137811205400,0.4314869791695,0.2144971224154,0.5046447283270,0.1588987585746,0.5569647039195,0.2011263506623,0.2883827658778,0.2644234695926,1.0000000000000,0.2948751633534,-0.0274820703481,0.1358432727445,0.1199596275660,0.0923861647485,0.2795151869145,-0.0596501457584,-0.0499667682323,0.0479211701721,0.0874179270850,0.1564195830572,-0.0369950722733,-0.1178894135923,0.0005827941916,0.6597918434527,0.0464247316148,-0.0212098158287,-0.0147720941868,0.3719289426713,0.1166312891898,-0.0171728695944,-0.1978309153361,-0.0436268360462,0.0235759257891,0.0990477971583,0.0410413109402,0.0774360881286,-0.0967098566183,0.0035366460660,0.1883691290742,0.4109181793020,0.1947752590978,0.3000741631745,0.1504542569236,-0.0146313600412,0.1691589792615,-0.0034381742401,-0.2235311187793,0.0076832582460,-0.1649554932995,0.2238065605814,-0.1450673170741,-0.1287423424374,-0.1151941060073,0.0204826565564,0.0313862453086,-0.1258337630064,-0.1074388624369,-0.0336770093620,-0.1484317995169,-0.2606811055677,-0.0398775535606,-0.1395292072578,0.0045463008509,-0.0489379049490
-0.2086057699358,-0.2127774009128,-0.0967859879891,-0.0606961387776,-0.2654063968948,0.4048972302480,0.7902590333551,-0.2991595550847,0.5877557436552,0.1860614167634,0.1035788284621,0.1583704620311,0.3470093351078,-0.0957017142326,0.2948751633534,1.0000000000000,-0.3039377787829,-0.1369932562353,-0.0774740705092,-0.2111613531335,-0.1980477835894,-0.3955768735272,-0.1759574452617,-0.1727000218352,-0.3132200723528,-0.2158192424047,-0.1990714997555,-0.2712977947667,-0.3346284268722,0.3443557951631,-0.3750286105663,0.0505263450295,0.2940417437309,0.1512284114489,0.1834858943916,-0.0910792794397,-0.2836056672656,0.1106091977057,0.0048948608654,-0.0858889414914,0.5435119196728,0.6326998581559,-0.3454238452715,0.5546351582163,0.1596023424162,0.0807434395848,0.1816911029965,0.2608856518789,-0.0577260925461,0.3425815845016,0.8284246066322,-0.3119414287684,-0.1427553796954,0.0766685678011,-0.0620660924622,-0.1635983725427,-0.2247483842589,-0.2925251022240,-0.1978008717634,-0.2818214450378,-0.3303724401661,-0.3276752683316,-0.1448650904720,-0.2703224250975,0.3221972009672,-0.3392153265393,-0.2310683674972,0.1785205289099,0.1760222261486,0.3437683123555
0.2504326715591,0.0816734370492,0.3489448324149,0.2011043736492,0.1648478940230,-0.2651447170279,-0.1777365643193,0.2907225018205,-0.1661345261536,0.1273805101074,0.1181710119593,-0.1355084189349,0.0116670865545,-0.0310142203893,-0.0274820703481,-0.3039377787829,1.0000000000000,0.0863169349424,-0.0554930203200,0.0891275386715,0.2921324681032,0.5562176608813,0.3066844193838,0.5133049009474,0.4517290208914,0.0296104047045,0.0208552457917,0.1904234788329,0.4314217854421,-0.0760708715343,0.3589890651075,-0.0340858386091,-0.2042887763573,-0.0330645924755,-0.0291772299866,0.0015183887932,0.0516465254107,0.0123799799538,0.0073885422319,0.0279391573645,-0.3366048654762,-0.2596653375542,0.1806011088410,-0.3150833591534,0.1438654880422,0.0875714953519,-0.2283983377796,0.0497352629707,-0.1848020988904,-0.3419948499838,-0.2666502494705,0.7626032971094,-0.1891076980605,-0.2469591256223,-0.1645954968325,0.1997278557502,0.4295491199617,0.4254044716604,0.3602023125236,0.4726150356244,-0.0409720731831,-0.1466487954464,0.0029254719313,0.3795216652344,-0.3609224165073,0.2287961536895,-0.0777153983301,-0.2106625994247,-0.1393310940516,-0.1452836961853
0.4587772035444,0.5384001513133,0.0874350719374,0.6002766616784,0.1559449726881,-0.1269745406602,-0.1300158604515,0.0594838670617,-0.1555648074401,0.2442576496362,0.0506893457401,0.0363889575841,0.1931394195268,-0.0594182806631,0.1358432727445,-0.1369932562353,0.0863169349424,1.0000000000000,0.2821873470486,0.7489296944059,0.3185776397892,0.0579610937795,0.1903041981515,0.1040036417688,-0.0100518586179,0.2104543874166,0.4207458679721,0.0200285582054,-0.0494235261418,0.4097258145575,0.2995243649315,0.1888669238646,-0.0013725410605,0.1863668076236,0.5871359158065,0.2709603213880,0.5589868020495,-0.1286266232720,0.6675994536493,0.0801623981767,-0.2771458983505,-0.2270952936794,-0.0510582420980,-0.3381061557730,0.1123714991954,-0.1042965403273,-0.3760749758062,0.1610747102296,-0.3109101032357,-0.1992572647378,-0.2120034746747,0.0975239824536,0.5655637875510,-0.3584417064845,0.2290996953032,0.1712542323947,-0.0764871517609,0.2384683023467,0.0591014159917,0.1114882068894,0.4019477252292,0.3002260951542,-0.0532656690289,-0.1824279744539,0.0315210238555,0.1608755980321,-0.0566543077535,0.1020688610125,0.1448267375195,0.3078694391504
0.0649294317060,0.3149383576620,0.1339295932622,0.0895860722962,-0.1687964587517,0.1119406416352,-0.1368863165398,-0.0587891353450,-0.0068495395798,-0.1324388453814,-0.1938838148201,0.5945038865309,-0.1263850514065,0.2381282407209,0.1199596275660,-0.0774740705092,-0.0554930203200,0.2821873470486,1.0000000000000,0.7068878284872,-0.0823676507256,-0.0461525777248,-0.1478631006599,-0.0827955967842,-0.1687767408554,0.3508246972640,0.5125056281858,0.1747836164957,-0.1388847183608,0.1820417566780,-0.0049136175976,-0.0780588297266,0.1736423501215,-0.1468783229204,0.3943254181655,-0.1475975966177,0.2633557374874,0.0880201256769,0.2457722450946,-0.1936077723584,-0.1218446785913,-0.1752683241962,-0.1643586887244,-0.1739320348631,-0.1917720008498,-0.2777991169468,0.0522947729597,-0.1904732737208,0.2004337971971,-0.1072655151597,-0.1805938700044,-0.0179217030853,0.1040245927046,0.1986136742606,0.2296405767533,-0.1955738220636,-0.1434433320334,0.0401073664406,-0.0268272608198,-0.1752906515584,0.5700910135681,0.4307658285403,0.1814245476268,-0.2290668211423,-0.0449587012269,-0.0223832334049,-0.0115131103369,0.1639588676517,-0.1820567819696,0.1012470368147
0.3355333772682,0.4870040618197,0.1227116478058,0.4219422804101,0.0038097390526,-0.0429767871117,-0.2360648730266,0.0018899062956,-0.1725684971544,0.0714883837870,-0.0468143248469,0.2757748160583,0.0965373081798,0.0537460905769,0.0923861647485,-0.2111613531335,0.0891275386715,0.7489296944059,0.7068878284872,1.0000000000000,0.1896112071547,0.0401523828397,-0.0024282516526,0.0752844109107,-0.0795351547021,0.4049534659487,0.6069400558558,0.1331088798384,-0.0853674511104,0.3076228175139,0.1549519600600,0.1369271504435,0.0776830951436,0.0151011009727,0.6059372687197,0.0989011715036,0.4847532766005,-0.0442316691251,0.5213174569208,-0.1043738476401,-0.3078820937832,-0.2744455557289,-0.1093771337808,-0.3531227769152,-0.0154594398590,-0.2001072445325,-0.3196580458281,0.0321773288622,-0.1289128376876,-0.2158778404938,-0.3107582861482,0.1333447403876,0.3813505067722,-0.2240292559328,0.2786787829167,0.0370108994275,-0.1039949220333,0.1490543579123,0.0534163118909,-0.0140606196699,0.6685687440912,0.4794463539763,0.0974202419840,-0.2249003620692,-0.0714916249845,0.0582387975184,0.0263858126608,0.1349447764608,-0.0521655198922,0.2322273320841
0.7425054733436,0.0149788654757,-0.0461396142344,0.3968934828739,0.7217435019311,-0.1094551311774,-0.0401118278442,0.5506613455894,-0.1728318785550,0.5803117104272,0.5731754660094,-0.1742738989062,0.4980939478804,-0.0670534391874,0.2795151869145,-0.1980477835894,0.2921324681032,0.3185776397892,-0.0823676507256,0.1896112071547,1.0000000000000,0.2053053234474,0.2366885205720,0.0397270248777,0.5665876099207,0.1002041355529,0.0109336438886,-0.2307614482438,0.4459909449284,0.2528357129419,0.4489431194182,-0.0816005504312,-0.0565915559507,0.4944955449892,0.2635549334063,0.4363871063308,-0.0070509870649,-0.4469921044592,0.2791415486118,0.5172485363758,-0.2430947766141,-0.3025176261518,0.3767517698083,-0.3267630035379,0.5115782150547,0.5685919915369,-0.1922212055741,0.5831718482782,-0.1599811761435,-0.0154347206328,-0.1148422942350,0.3341538770619,-0.0399044648660,-0.1888450371484,-0.0242235930694,0.8990034286665,-0.1221182592736,0.1760839280082,-0.1590365687618,0.6259454464728,0.0540597841495,-0.1291890952403,-0.3974354425491,0.2709179235302,-0.1279243537262,0.0871064858959,0.0857713257784,-0.0789364659059,0.2547733340797,0.0864718736058
0.2220817309422,0.1042564836780,0.5322539202510,0.1552967343890,0.2052768145542,-0.3132308020002,-0.3262407514220,0.4725454291810,-0.2456889131281,-0.0035668715390,0.0782728189018,-0.0777766819750,-0.1110132894032,-0.0329755076150,-0.0596501457584,-0.3955768735272,0.5562176608813,0.0579610937795,-0.0461525777248,0.0401523828397,0.2053053234474,1.0000000000000,0.4385934401772,0.6869365868463,0.4131922495916,0.0149868230405,0.0611665897873,0.4404505934592,0.6129292848398,-0.0717429524710,0.5573036252635,-0.0330780823900,-0.2128527295866,0.0635490559076,-0.1349655858073,-0.2198292006251,0.0851367186790,0.0360629096471,-0.0511426647393,0.1252708860203,-0.3718864384593,-0.4103040834856,0.2636768397829,-0.3886140918909,-0.0223509908632,0.0187779216705,-0.1648560467254,-0.0860468460025,-0.0190654318536,-0.4908408010165,-0.3941070870099,0.6007497093717,-0.1658865247442,-0.1587368126285,-0.2090775907381,0.1296928129140,0.5359781490645,0.4106378711040,0.5321061304801,0.4641955231681,-0.0042969920878,-0.1002775903296,0.2735355884262,0.5675665407120,-0.4507920610081,0.2623671392668,0.0742076831671,-0.1723298897704,-0.1865534140878,-0.3584686231632
0.3045055634844,0.2608383792229,0.2321033545261,0.4309837912847,0.3979034401324,-0.1934531038359,-0.1286685239883,0.4646472072024,-0.1899661410929,0.2755667302264,-0.0101805279649,-0.1192087752066,-0.0124737915594,0.0192101734571,-0.0499667682323,-0.1759574452617,0.3066844193838,0.1903041981515,-0.1478631006599,-0.0024282516526,0.2366885205720,0.4385934401772,1.0000000000000,0.1801625893534,0.4675842127992,0.0133838492260,-0.0145926970955,0.0803217282127,0.5006147504860,0.0801330095672,0.7328307611092,0.0184869671800,-0.0546934504297,0.1308307953769,0.0692096912470,0.0508081803985,0.2684132754440,-0.2141686485487,0.2417297168472,0.3631235658683,-0.2261223804320,-0.3404681543389,0.4520441976199,-0.3483501445397,0.1789256245285,-0.0938266647064,-0.2135073924780,-0.0098709994705,-0.1889411441970,-0.2604127160512,-0.1779324386045,0.3104706308456,0.0718711181223,-0.2198096995573,-0.0065196647431,0.1695085312667,0.1358576097382,0.8276028202880,0.1589348075090,0.5871291110761,-0.1002135876610,-0.1341362984231,-0.1690454840015,0.3859086785329,-0.1233110180771,0.5676594992361,-0.0474238629044,-0.0387307717671,0.0434220964427,0.0684031807399
0.0946162842504,0.0577630536566,0.5555580366503,0.0919726704858,-0.0582628926093,-0.2164073290755,-0.1572118143173,0.1231061154951,-0.0830253472854,-0.0016006600826,0.1216849891192,-0.1258408166411,-0.0044477153595,-0.1115211460774,0.0479211701721,-0.1727000218352,0.5133049009474,0.1040036417688,-0.0827955967842,0.0752844109107,0.0397270248777,0.6869365868463,0.1801625893534,1.0000000000000,0.0909548475224,-0.0097234399280,-0.0044611814681,0.5315735676861,0.1562333914345,-0.0218131467128,0.1771044957744,0.0142119313824,-0.1893441347618,0.0654805603564,-0.1352020579363,-0.2579402833490,0.0347892318485,0.2659821133725,-0.0722818075195,-0.0861167380915,-0.3032447405228,-0.2040000259191,-0.0748545532730,-0.2415457888888,0.0398001799657,0.0365740785714,-0.2016316490062,-0.0130491269809,-0.1270939571132,-0.4404720421183,-0.2565681040471,0.5025574644755,-0.0799472355027,-0.2400613893625,-0.1831852399580,-0.0133197377782,0.5959594010895,0.2176131626181,0.7013155782733,0.1197010503084,-0.0121194882240,-0.1346736412736,0.4211898450639,0.2850328896523,-0.4300067646813,0.0355539057084,0.0420105625426,-0.2172997812901,-0.1808801278612,-0.3679338027648
0.4858766449789,-0.0799795234927,0.0044439107017,0.2734611383799,0.6997050275797,-0.0596123982316,-0.1931715631999,0.6902649908907,-0.3216842213163,0.4279236960713,0.2848146250532,-0.2882549199952,0.1343367634273,0.0275484720268,0.0874179270850,-0.3132200723528,0.4517290208914,-0.0100518586179,-0.1687767408554,-0.0795351547021,0.5665876099207,0.4131922495916,0.4675842127992,0.0909548475224,1.0000000000000,0.0807479155864,-0.1404503008417,-0.1289166850818,0.8829192095981,0.0170197055010,0.6713539434695,-0.0454007714728,-0.0910383297728,0.2499754364200,0.0247368818157,0.2970149785718,-0.1229799829696,-0.4385818370591,0.0948085482412,0.5554835159234,-0.2266451701096,-0.4115173080705,0.7625951975345,-0.3753121274376,0.4162323452886,0.2766303472755,-0.2198015601457,0.2477901122541,-0.1273438631463,-0.1185742319665,-0.1961154848100,0.3389819023761,-0.1847660299485,-0.1379572330361,-0.0910567871805,0.5688946061458,0.0157716923466,0.4283571539111,-0.0942029847843,0.7608664868952,-0.0831112375204,-0.2787522144016,-0.3521715575005,0.5864094312894,-0.1666360610990,0.4068345928046,0.1778345913783,-0.1579268840281,0.1025100647369,-0.0141909099213
0.2880089963198,0.2471829780584,0.0314315285485,0.4256927788034,0.1031272976580,-0.1496241320095,-0.1818977682645,0.1735680542622,-0.1226689339116,0.0674491410422,-0.0088514333287,0.1796149950464,0.0041471372882,0.6291794444459,0.1564195830572,-0.2158192424047,0.0296104047045,0.2104543874166,0.3508246972640,0.4049534659487,0.1002041355529,0.0149868230405,0.0133838492260,-0.0097234399280,0.0807479155864,1.0000000000000,0.3543867808182,0.3041833249212,0.0869694473228,0.2592895983104,0.1387897950753,-0.2348839586021,-0.0175057085885,0.2210295009126,0.2903809546951,0.0867673998766,0.2543141834154,-0.0543874584889,0.3092220185246,-0.0005368634418,-0.2797918927351,-0.2786252647095,0.0036651403718,-0.3031736884886,-0.0036990349506,-0.1959732386393,0.0881717306029,-0.0757395070447,0.2277910526385,-0.1091558531633,-0.2180451427436,0.0471117723119,0.0523222024021,0.2021560436383,0.1247823439644,-0.0289930096218,-0.1108955988037,-0.0132016668972,-0.0300926401270,0.0650727049765,0.5636913188301,0.3174610148802,0.1990587007798,-0.0649943173146,-0.1446875324266,0.0122605314922,0.1859441074588,-0.1494451431955,-0.0300660435139,0.2293367595165
0.1154628761209,0.6632762054003,0.3288368937999,0.2812731345516,-0.0826485361169,-0.1112448741783,-0.2014460998519,0.0182442927008,-0.0494842899672,-0.1676827746682,-0.0494862014209,0.3534868976219,-0.0941016159887,0.1174944763498,-0.0369950722733,-0.1990714997555,0.0208552457917,0.4207458679721,0.5125056281858,0.6069400558558,0.0109336438886,0.0611665897873,-0.0145926970955,-0.0044611814681,-0.1404503008417,0.3543867808182,1.0000000000000,0.4429852146940,-0.0614258762685,0.0459241508927,0.1050943921483,-0.0806249206444,0.1004093287362,-0.0316924232525,0.2697001617022,-0.1327882952158,0.4989822028625,0.0759149862159,0.2454313917299,-0.1819136205691,-0.2251764407528,-0.1616640667288,-0.1710508052848,-0.1310536101650,-0.2263926258779,-0.1921134329466,-0.0988929674774,-0.1587537205232,0.0979818410668,-0.1599639083493,-0.2605072527948,0.0471564294633,0.1899586615021,0.0105853101878,0.0884820253543,-0.0910685580869,-0.2112244214103,0.0223533056396,-0.0515426480455,-0.1036098818858,0.5039832017435,0.5206636558603,0.3394153668641,-0.2555380014190,-0.1684694862479,-0.0654414917321,-0.1151473731465,0.0064673419126,-0.1637013628833,-0.0400456762804
-0.0839807841006,0.3084948796570,0.6509448901987,0.0924806760937,-0.1967679153663,-0.3032253878763,-0.3022443056546,-0.0263370401723,-0.1119532121428,-0.2785141770504,-0.1018556306931,0.1632172012569,-0.2209554356270,0.1214641967109,-0.1178894135923,-0.2712977947667,0.1904234788329,0.0200285582054,0.1747836164957,0.1331088798384,-0.2307614482438,0.4404505934592,0.0803217282127,0.5315735676861,-0.1289166850818,0.3041833249212,0.4429852146940,1.0000000000000,0.0364742865917,-0.1246653663323,0.0666514561486,-0.2036715894152,-0.1468783758010,-0.0350431090570,-0.2202323708711,-0.4360581020273,0.2075128287678,0.5237592772303,-0.0169053461716,-0.1665744557048,-0.3241993310094,-0.2705990705245,-0.1547644125532,-0.2455387333197,-0.2488680070991,-0.2487321074997,0.0734074288371,-0.2330336809244,0.1559559596757,-0.4393166974146,-0.3533718043455,0.1545944045871,-0.0234768537909,0.1287550602672,-0.1375698133718,-0.2644282257133,0.3311762997139,0.0537323360880,0.4899910345130,-0.1424636782623,0.2002415453247,0.2581534231645,0.8299192877696,0.0446705111848,-0.4411180020186,0.0070449532837,0.0800616325299,-0.2791201864655,-0.2610731699997,-0.3681303420995
0.3841319072530,-0.0494034766131,0.1124763766902,0.2144450392219,0.6284855990460,-0.1361298615948,-0.2265570593952,0.7263380257485,-0.2760800171936,0.2213982459333,0.2697070385045,-0.1885107747853,0.0660368767663,0.0789090648502,0.0005827941916,-0.3346284268722,0.4314217854421,-0.0494235261418,-0.1388847183608,-0.0853674511104,0.4459909449284,0.6129292848398,0.5006147504860,0.1562333914345,0.8829192095981,0.0869694473228,-0.0614258762685,0.0364742865917,1.0000000000000,-0.0248991146057,0.7067625636193,-0.0051131520428,-0.1134234290023,0.1750777756675,-0.0626707620615,0.1101698354533,-0.0864764295034,-0.3665710596151,0.0215552370038,0.5106558824638,-0.2430323416352,-0.4258986633805,0.7128973508341,-0.3683553340900,0.1727351674050,0.2086298628311,-0.1949890326928,0.1078948699070,-0.0300612356761,-0.2139341578412,-0.2714053954324,0.3390618650815,-0.2142485848392,-0.1107506140456,-0.1590169733056,0.4462584942005,0.0557189703569,0.3931500508238,-0.0210982319517,0.7126525882100,-0.0590446826673,-0.2583557856022,-0.1836974682704,0.6899396416920,-0.2252927310713,0.3643882725712,0.1794969280985,-0.1367695533283,-0.0023353545792,-0.1370109724785
0.3939165905456,-0.0284604844131,-0.0574171254850,0.2685890559632,0.1202111342013,0.0700079050718,0.2460835375417,0.1310332025621,0.1472680584192,0.2753991857113,0.2940988575978,0.2493343644354,0.4264198710677,0.2370856673644,0.6597918434527,0.3443557951631,-0.0760708715343,0.4097258145575,0.1820417566780,0.3076228175139,0.2528357129419,-0.0717429524710,0.0801330095672,-0.0218131467128,0.0170197055010,0.2592895983104,0.0459241508927,-0.1246653663323,-0.0248991146057,1.0000000000000,0.1530002794822,0.1361546715826,0.0878188355797,0.5435585509805,0.5413264067211,0.1163841011901,-0.0392435561779,-0.1231557163398,0.3485764916498,0.1614367833169,-0.0774363620876,-0.0288308286869,-0.0943776423453,-0.1713280860774,0.2347701566492,0.1456410924078,0.0943347428547,0.3774072473964,0.0679825707542,-0.0222911279646,0.2141441500869,-0.0747618541745,0.0974011577322,0.0258366233976,0.1666054033457,0.1504677568499,-0.2130946468433,-0.0106864483315,-0.1605560595004,0.0659765777004,0.2113929266990,0.0052857334470,-0.1653241777776,-0.0764025570024,0.2340103929629,-0.1035981975174,-0.0202191201660,0.0052232865276,0.2813041680230,0.3867658178177
0.4989880821939,0.2489101256975,0.1901583305726,0.3824826648396,0.6294320415391,-0.2189263455411,-0.3005751088470,0.7667093538670,-0.3324334033399,0.2568245883616,0.1543785870136,-0.1537730717937,-0.0044342657389,0.0646282432854,0.0464247316148,-0.3750286105663,0.3589890651075,0.2995243649315,-0.0049136175976,0.1549519600600,0.4489431194182,0.5573036252635,0.7328307611092,0.1771044957744,0.6713539434695,0.1387897950753,0.1050943921483,0.0666514561486,0.7067625636193,0.1530002794822,1.0000000000000,-0.0031435926444,-0.1012545666010,0.2262927319217,0.1544373965078,0.1552120683834,0.2387471176357,-0.2846466983526,0.2240581497360,0.4761007748489,-0.3277800059224,-0.5223418736865,0.6305773215392,-0.4924592736162,0.1513538357868,0.0580742555114,-0.2908483597642,0.0231249012890,-0.1746441025740,-0.3169749302361,-0.3557700287727,0.3373572224622,0.0597798630910,-0.2363630866190,-0.0149591664979,0.3636704861656,0.0640874406870,0.6314700397017,0.0582759661993,0.7386746541582,0.0875176090417,0.0029081905202,-0.1671056231079,0.4961917251067,-0.2262373818273,0.5509623644178,-0.0093608666364,-0.0807719221679,0.0338675262718,-0.0186384390213
-0.0931750172101,-0.0223389326860,-0.1188676041355,-0.0432566131943,-0.0275636438106,0.0777422790085,-0.0283913465901,0.0126886234952,-0.0626339278316,-0.1321516170421,-0.0255550430136,0.0045406354390,-0.0165862817427,0.0240358036027,-0.0212098158287,0.0505263450295,-0.0340858386091,0.1888669238646,-0.0780588297266,0.1369271504435,-0.0816005504312,-0.0330780823900,0.0184869671800,0.0142119313824,-0.0454007714728,-0.2348839586021,-0.0806249206444,-0.2036715894152,-0.0051131520428,0.1361546715826,-0.0031435926444,1.0000000000000,-0.0228729475554,-0.0746190317301,0.2145098646851,0.0446584561674,0.0112555329208,-0.1133659212501,0.0383020002577,-0.0002604439604,0.0424595178461,0.0071358355905,0.0009642730240,-0.0129766825773,-0.1661167665625,-0.0414547110449,-0.2753287261183,-0.0724261127854,-0.0154398575918,0.0341990608260,-0.0106001535699,-0.0736504760405,0.2512105924071,-0.3014840752102,0.1582200137304,-0.0278003878745,-0.0182222555567,-0.0365824218537,-0.0040670204096,-0.0263310435779,0.1033188729390,-0.0745269699919,-0.0631542894895,0.0509919352324,0.3008402434623,-0.0233447669514,0.1577695262410,0.2467217091601,0.0050868369287,0.1249319868604
-0.0700315004496,0.0983121431411,-0.1086329954625,0.0503532758097,-0.0495748745253,0.7341552021886,0.3139569449321,-0.1217978311236,0.1719789296229,0.0703187768420,-0.2289755364450,0.0846571437428,-0.1084851696056,-0.0185275248900,-0.0147720941868,0.2940417437309,-0.2042887763573,-0.0013725410605,0.1736423501215,0.0776830951436,-0.0565915559507,-0.2128527295866,-0.0546934504297,-0.1893441347618,-0.0910383297728,-0.0175057085885,0.1004093287362,-0.1468783758010,-0.1134234290023,0.0878188355797,-0.1012545666010,-0.0228729475554,1.0000000000000,-0.0478323535981,0.2344630114322,-0.0911539027272,-0.0671755020153,-0.1471607754168,0.0690972240416,-0.0256755027187,0.4826641128356,0.2776564371703,-0.1448060572448,0.2944370215487,-0.0411812607071,-0.2125051667989,-0.0148899227482,-0.1055912611883,-0.0177098608637,0.1711649603129,0.2792366988468,-0.2670125185701,0.0032798916060,0.0345202743740,0.0998689292214,-0.1221648514443,-0.3496375375938,-0.0896459277287,-0.2932392860085,-0.1402257449398,-0.0547869788133,-0.0858943271568,-0.1867492014649,-0.2432529592069,0.2002772436645,-0.1759048835520,0.0243242358620,0.5679760158158,-0.0797480384701,0.2458859081570
0.5434520544217,-0.1193959866527,-0.0022010458838,0.3114591870036,0.3291963016160,-0.0631122241360,0.1232241369779,0.3131866028170,-0.0439502509453,0.4456741264402,0.4103901706028,-0.1270474117589,0.4487464227832,0.0139432855225,0.3719289426713,0.1512284114489,-0.0330645924755,0.1863668076236,-0.1468783229204,0.0151011009727,0.4944955449892,0.0635490559076,0.1308307953769,0.0654805603564,0.2499754364200,0.2210295009126,-0.0316924232525,-0.0350431090570,0.1750777756675,0.5435585509805,0.2262927319217,-0.0746190317301,-0.0478323535981,1.0000000000000,0.3428938163831,0.2711825717155,-0.1418255922353,-0.1825852216238,0.2675834883476,0.3777585519920,-0.1023411987234,-0.1320843782045,0.1220867473723,-0.1828519448562,0.4498023877205,0.3308833997668,0.0400782153155,0.4644258465106,-0.0376505634719,0.0510400136851,0.1377398250110,0.0291182253337,-0.0006030405522,0.0015944398314,0.0284944012584,0.4872936617738,-0.1043056913128,-0.0436210776136,-0.1022665942018,0.2752303530164,0.0592741116270,-0.0857823035230,-0.1805113706754,0.1074602549941,0.0836667436179,-0.0589101087469,0.0662528214090,-0.1368330001261,0.6252941971134,0.2140273156664
