1.0000000000000,0.2759599408626,0.0122948801986,0.2739649978165,0.3084969415549,0.0598758854586,0.2993619278576,0.1032183156028,0.3398906800631,0.2151874481653,0.4388518244610,0.2549035579217,0.5178168819935,0.2308425317688,0.6087947346047,0.2740741383230,0.2512175543454,0.4703793131907,0.2558661872705,0.4975219128800,0.2915371824867,0.4224858874232,0.1481966294465,0.2407982333507,0.0318774465159,0.3996767729695,0.3554362681104,0.1701959587048,0.1884022026000,0.6099546429280,0.4499799977979,0.0037569696791,-0.0713948836300,0.3172538184157,0.3290338540539,0.4153961094493,0.0551882797747,-0.4401749265988,0.1284777937834,0.1219568119938,0.0506684324682,0.0273508440225,-0.3659729382586,-0.0894115483268,-0.0628619837006,0.0987067562286,-0.0527356194420,0.3313536878234,0.0331163788005,0.1805850082528,0.2126330807520,0.3568578518948,-0.0015079100983,-0.2290059658017,-0.2812606256945,0.0870904485790,0.2100570685093,0.1440636304467,0.0974623210038,-0.1103846148654,-0.0313348690120,-0.1847222237424,-0.2560233396047,-0.1155629998183,0.2303911310186,-0.0930501774501,0.0377829922071,0.1701660991660,0.2126206506734,0.2524223901005
0.2759599408626,1.0000000000000,0.2222371338218,0.6126312794513,0.4220221796267,0.0374411798020,-0.0579239090003,0.2125146595979,-0.0680033511877,0.3364608361992,0.0752200798150,-0.0523962720339,-0.0160939620720,0.0506556080532,-0.1262090724721,0.0253207875093,-0.0148322829876,0.4805418340415,-0.0416148619023,0.2053762726540,0.2821863744686,0.0613137669724,0.5163077291398,0.2173200177549,0.2680342263469,0.4072695758652,0.3000399342434,0.4389170320205,0.0797369969976,0.2192176805232,0.5189718450865,-0.2142558395938,0.0223612266659,0.4697358557885,0.3665840846826,0.2100017420222,0.8172465719874,0.0014447798715,0.4960752993221,0.4105955517340,0.1047071134347,-0.2558355292342,0.1490276540256,-0.2984442609542,0.3251538760274,0.0103260175133,-0.1077553293673,-0.0650431320182,-0.0381057420093,-0.3160605751703,0.0388155937480,0.0752842076001,0.3749768386577,-0.3156609153930,-0.0993937454236,0.2465596060569,-0.0529146209120,0.4884062342993,0.0963957021693,0.2922181656307,0.3183773731555,-0.0644475123869,0.2446807972209,-0.0055211714972,-0.0898603357553,0.1780466761807,-0.0003297857552,0.0028720086688,0.2714431841263,0.2573636868772
0.0122948801986,0.2222371338218,1.0000000000000,0.3403926644712,0.2996017718116,0.0531761208369,0.0309245584366,0.7561812580602,0.1915615848925,0.4505536200552,0.1177574379442,0.0381260895049,-0.0673737993665,0.1740280514812,-0.0703586498097,0.0494854973179,0.1771119895275,0.1931863869419,0.0531756781178,0.2028230384656,0.2040851152565,0.1270150128782,0.3652592688114,0.3907171827667,0.6458121927627,0.2302145676750,0.5262433053156,0.6761167041524,0.4729109442682,-0.1569288877950,0.3991531843964,-0.1343458997345,0.0180278812062,-0.0099369319570,-0.2026987214209,-0.2309176186254,0.0871734266014,0.4592754843096,0.0635136151608,0.2739476667644,0.0568662125186,-0.1485946766322,0.3343592318838,-0.1885683687921,0.2612578218582,0.0247831792377,-0.0781822047859,-0.0727868024082,0.0542465404597,-0.3561902020453,0.0217352609232,0.1977251871782,-0.0919469534208,-0.1577635539612,-0.2438869403664,0.2592350405816,-0.1463113179804,0.2299958512249,0.1305345649502,0.4056058115538,0.0602063097049,0.1726253823559,0.4043994490553,0.3203478061933,-0.3749336390944,-0.1128439167313,-0.0661964075757,-0.0823443517142,-0.2089462766922,-0.2794762737075
0.2739649978165,0.6126312794513,0.3403926644712,1.0000000000000,0.3599759533765,0.1190694727311,0.1536261534306,0.3925503664604,0.1918724953558,0.5642330234056,0.0701293318165,0.2105885035780,0.0063175852590,0.2726928375251,-0.0028527953164,0.1539856157487,-0.1001055336710,0.2448564847479,0.0391359687794,0.2404079338828,0.2399520011378,-0.1317948078167,0.6281281585852,-0.0504046665641,0.5119679410603,0.5098459348039,0.4867952472020,0.3099437927791,0.1120736909177,0.1595994296780,0.4885223178595,-0.1117324900108,0.1036775140443,0.1821653366604,0.1506801540698,-0.0464363615004,0.4754983408951,0.0899266526987,0.7026194478146,0.3505446144807,0.2948424743924,-0.0414859787595,0.2645195835792,-0.1257427533976,0.5604438235274,-0.1105204220920,0.1249187231251,-0.0405686500876,0.1850032745440,-0.2475379767291,0.0885483093560,0.0272660711992,0.1371149978630,-0.1244319482765,-0.2191192471677,0.2425584216713,-0.3835670636745,0.5609017712492,-0.2461311425423,0.4992356401601,0.4305763665029,0.1807213825838,0.1421518279990,-0.0317979321907,-0.1360183017651,-0.0477413863753,0.1647123366283,0.1195246907055,-0.0208196521795,0.0909942678678
0.3084969415549,0.4220221796267,0.2996017718116,0.3599759533765,1.0000000000000,-0.0155672156957,-0.0415865694408,0.4151449412077,-0.0635141394184,0.5287267435128,0.3804281008866,-0.2449913296523,0.3274811733571,0.0000752019979,-0.0498017243014,-0.0500484742978,0.1832710820044,0.3707030286425,-0.2124297899355,0.1244562474295,0.6966633309267,0.2738040530591,0.3976464143030,0.3517154669883,0.5763012764332,0.0891971390485,0.2676401216900,0.2303886834540,0.4860256912200,0.0825680191523,0.4679134295426,-0.0309702180021,0.0551669194723,0.3756097011901,0.0112399893593,0.1082599510472,0.3190428628278,0.1985194288729,0.1621986462681,0.8647731976307,-0.0644907269174,-0.1639439511201,0.3207951823082,-0.2835286514006,0.4866957877926,0.3046966684768,-0.3320056097846,0.3132373156371,-0.1519445622489,-0.1834602585072,-0.0117184177517,0.2333742529571,0.1910124201282,-0.3986608162422,-0.1970135900164,0.5264016057280,0.1321544175476,0.3219768486666,0.2161133897895,0.5439811104924,-0.1134331263474,0.0257910472258,0.1322134461606,0.3288488352489,-0.1931922415099,0.1473624708556,0.0774989748697,-0.1330224132339,0.1445039025926,-0.0604405745088
0.0598758854586,0.0374411798020,0.0531761208369,0.1190694727311,-0.0155672156957,1.0000000000000,0.4266714709616,0.1547280285657,0.4071065861034,0.0828940955289,0.1973610829044,0.1962094392716,-0.0068849620923,0.0346323115903,0.0895272907833,0.2293078649613,-0.1388737805420,-0.0153056673128,0.1241003708543,-0.0288293704554,-0.0083437821834,-0.0530114107666,0.0951662174273,-0.1996830525893,0.0420606129048,0.0201177234453,0.1189517404217,-0.0549197096155,-0.0779343660924,-0.0127173613834,0.1215134428176,0.0876865630516,0.3920710594799,0.0489483797806,-0.0362871461180,-0.1645952716216,-0.0740570459284,-0.1086423231242,-0.0503093225752,0.0358591159652,0.3427148355852,0.2081421586518,-0.1445042016447,0.2641756446528,0.1154536089863,-0.0190792083275,0.0584099460879,-0.0048329462998,0.0973946487204,0.1780458101801,0.2666907763209,-0.0610304750666,-0.2510539441969,-0.0015088994722,-0.2110342172315,0.0106802005215,-0.2415951248839,0.0297930556880,-0.2705299323655,0.0852920287182,-0.0411827618385,0.1455189949346,-0.1729877087748,-0.1492924011825,0.0601483724637,-0.3825254918889,0.0911839154431,0.0420073681559,-0.0816077392932,0.0045072125776
0.2993619278576,-0.0579239090003,0.0309245584366,0.1536261534306,-0.0415865694408,0.4266714709616,1.0000000000000,0.0691495731873,0.7936922379182,0.0641932213491,0.6321819989186,0.4463097991756,0.5322213315573,0.3300231022677,0.5183291334207,0.6359667488319,-0.1217894655964,-0.0634671413620,0.4637572362126,0.1509176208760,0.0587847669108,-0.0181637453134,-0.1422170180027,-0.2568065094594,-0.0441270663735,0.2270462370038,0.3142939924769,-0.1545647493486,-0.0275274071078,0.3850454619415,0.1459288469113,0.0244701825200,0.1763270541734,0.0489507304833,-0.1010411426116,-0.1311148420691,-0.2541932828468,-0.2607760326090,-0.1155335002503,-0.0995764526147,0.2576744227772,0.6269605473696,-0.3510719176548,0.4552308189780,0.0255552615552,0.3263000992470,0.2783276028207,0.4256283569355,0.2927743422044,0.2312128381036,0.4341547895532,-0.0312684880519,-0.4465380483892,0.0821882512923,-0.4720061802641,-0.0140439904097,-0.2998212034814,-0.1585532581408,-0.3833748865362,-0.0902935319936,-0.1129155302687,0.0162480875302,-0.3614303628395,-0.2011578745595,0.1664703506611,-0.4192426773679,0.1415337202823,0.2906843516862,-0.2173472014410,-0.0395164949723
0.1032183156028,0.2125146595979,0.7561812580602,0.3925503664604,0.4151449412077,0.1547280285657,0.0691495731873,1.0000000000000,0.1620488579220,0.5056270688948,0.0980740289256,-0.0221229877127,-0.0814834005561,0.2013810743707,-0.0208053300747,0.1343158037552,0.1194166977260,0.2034820709665,0.0230067557669,0.1921757752750,0.1886076484705,0.0847032781482,0.4648463400389,0.1749320335603,0.7285480013618,0.2175754516761,0.4765433815396,0.4272195598184,0.4477235075028,-0.1469506076860,0.5112682904267,0.0342905480177,0.0862912795559,0.0963366510891,-0.1704549872302,-0.2635385599222,0.0430831355819,0.3014441396995,0.0795904239459,0.3735250444099,-0.0026802995413,-0.2038821262424,0.4275909677769,-0.2817886008627,0.3787628410654,-0.0173455529630,-0.1343406388945,-0.0864553129754,0.0623848621173,-0.2829927321146,0.0293730036485,0.1313746989549,-0.0987836265177,-0.1814071514402,-0.2733442217209,0.1918068453375,-0.2093280324470,0.3082101028140,-0.0835397770425,0.5146156646702,-0.0151079288926,0.1736496379768,0.1723159910339,0.2792441959444,-0.2880284125703,-0.1850235792583,0.0682353073658,-0.1013734018158,-0.1540501455702,-0.2637501418950
0.3398906800631,-0.0680033511877,0.1915615848925,0.1918724953558,-0.0635141394184,0.4071065861034,0.7936922379182,0.1620488579220,1.0000000000000,0.1050135146369,0.5348246275225,0.5095790090904,0.3820155974365,0.4413616862153,0.5934311155050,0.5271860252247,-0.0518755982060,0.0354792148321,0.4779751914191,0.3466253217732,0.0642328816526,0.0110175734381,-0.1331799795262,-0.1438069078204,0.0218616959931,0.3604911430961,0.4313148851170,0.0415335594891,0.0368149255663,0.3763476515630,0.1505011789356,0.0014393744095,0.2347021728133,0.0524050172327,-0.0403922848641,-0.1464224406097,-0.2536327475169,-0.1359409179039,-0.0664702884129,-0.1796382503916,0.2644907699158,0.4889197320374,-0.2705259242129,0.4187289582197,-0.0267284961293,0.1943007848396,0.3248040598191,0.2632604977860,0.3267338040570,0.1142703860643,0.4316334355355,-0.0147551192999,-0.4026371442344,0.0581582084038,-0.4258283560398,-0.0024125420976,-0.2124020679781,-0.1659923828622,-0.2725436959290,-0.1485289012752,-0.0511578641998,-0.0076688706841,-0.2110739302212,-0.2195778557455,0.0344338834116,-0.3109270926339,0.0973929927115,0.3328717603010,-0.1636801610642,-0.0471095243041
0.2151874481653,0.3364608361992,0.4505536200552,0.5642330234056,0.5287267435128,0.0828940955289,0.0641932213491,0.5056270688948,0.1050135146369,1.0000000000000,0.1686027321679,0.0782462696230,0.1515641393467,0.2519229535103,-0.0670586422548,0.1652624868310,-0.0467349104943,0.2106632400778,-0.0760221054954,0.1720822316764,0.4101225360362,-0.0590245216768,0.4818002912785,0.0248425074762,0.6892265052592,0.3237342398257,0.3603111529552,0.2937354699371,0.1987457408435,-0.0134458207624,0.3125350292484,-0.0453609497005,0.0777684847031,0.1877130542637,-0.0098407612522,-0.0741759623946,0.2748161390141,0.1895387827873,0.3215412752224,0.5016116212450,0.0949037071699,-0.0376483603605,0.2271521607204,-0.1990199933661,0.7206511568589,0.1007313224679,-0.0230573007298,0.1830646238889,0.1330854247434,-0.3467145615915,0.0506797127493,0.0112093403420,0.0261124508261,-0.2595436044673,-0.2423820692604,0.3967543308075,-0.2372342086748,0.3128323748060,-0.1311624562984,0.4906152006404,0.1217305060054,0.0571445144495,0.1193010243285,0.0301451638072,-0.2371383494286,-0.0509903996065,-0.0148774386887,-0.0056573046034,0.0052717183513,-0.0863021963196
0.4388518244610,0.0752200798150,0.1177574379442,0.0701293318165,0.3804281008866,0.1973610829044,0.6321819989186,0.0980740289256,0.5348246275225,0.1686027321679,1.0000000000000,0.0652412628450,0.6861995042330,0.1126063531155,0.4714319684779,0.2183243575548,0.1390921419886,0.2013419250146,0.0736061722812,0.2278463027222,0.4548830355720,0.2736421622841,-0.0673126513176,0.1591825856857,0.1272156114940,0.0718899750626,0.2952770231933,-0.0266832596706,0.3261697948148,0.4060300735788,0.2161380011802,-0.0243398932022,-0.0598622330940,0.2718240257066,-0.0132631282955,0.1371825485464,-0.0875753832307,-0.0906464993135,-0.1278051059091,0.2790093276198,0.0335261469831,0.4622287943754,-0.2260072835810,0.3188233997826,0.0846841196508,0.7343073982937,-0.1773155069384,0.6112008417098,-0.0777853206430,0.2051243070164,0.2345952085801,0.2000960936744,-0.1641895646892,-0.2983661624184,-0.4138910211306,0.2795748855656,0.0523300867946,-0.0664050984909,0.0471453116436,0.0363901682156,-0.3204843604511,-0.0720987880564,-0.1934172873867,0.1214076290368,-0.0039468946960,-0.2002926272899,0.0768934599633,0.0281047000901,0.0376703457126,0.0397487126996
0.2549035579217,-0.0523962720339,0.0381260895049,0.2105885035780,-0.2449913296523,0.1962094392716,0.4463097991756,-0.0221229877127,0.5095790090904,0.0782462696230,0.0652412628450,1.0000000000000,0.1887250996090,0.6098509357193,0.4440828801173,0.4144262318994,-0.2110270322796,0.0262981218588,0.6441974830194,0.3855317002251,-0.0476253709026,-0.1513609859475,-0.1452226327686,-0.2313377933382,-0.1684295766658,0.5492026930168,0.3825613298731,0.0715433552001,-0.2074487310521,0.3091821057209,-0.0188420914198,0.1708826633887,0.0318395215520,-0.2175182074110,0.0788228561443,-0.0918540986572,-0.1606904359532,-0.3352110288381,0.1511189014486,-0.3479893621270,0.1604684522783,0.2675698777486,-0.3846232832580,0.2203035700060,-0.1471249666853,-0.1070246235728,0.6673948339016,0.1068288854143,0.4991413831491,0.1877719577413,0.2273227587700,-0.1595769450799,-0.2370206802538,0.4505800773711,-0.0921236991842,-0.0635194493168,-0.2669148856634,-0.1920461648140,-0.3430115065131,-0.3532973596573,0.3303020291831,-0.0362645723503,-0.1790620653647,-0.3703057386109,0.2301546529918,-0.2972826831797,0.0900744070661,0.3041815060586,-0.1789222937816,0.0795434282573
0.5178168819935,-0.0160939620720,-0.0673737993665,0.0063175852590,0.3274811733571,-0.0068849620923,0.5322213315573,-0.0814834005561,0.3820155974365,0.1515641393467,0.6861995042330,0.1887250996090,1.0000000000000,0.1512021974842,0.5691136010945,0.3887704398281,0.0618487913057,0.2432218688727,0.2020266865438,0.3456175753931,0.5583534027408,0.2552004286217,-0.2224991845610,0.0805571351039,-0.0468819644096,0.1650247353088,0.1104741839689,-0.1885190475190,0.1475671914204,0.5579778174856,0.0597330755318,0.0395928752864,-0.1237939568437,0.1307424037213,0.0776343291346,0.2352814689994,-0.1477154691883,-0.2646989789585,-0.0278219282440,0.2188135601024,-0.0120427084186,0.3586757875971,-0.3237994403929,0.0950801817771,0.0286125737086,0.5003703870591,0.0226596284201,0.8578244736018,0.0937833742909,0.2959343484512,0.2610672326780,0.1233073260695,-0.1163075808261,-0.1137608741599,-0.1854106589659,0.3573816693422,0.1072570315911,-0.2001053683485,0.0039453805959,-0.1147446609692,-0.0843662205733,-0.1228643080809,-0.3164669170934,0.0177494616998,0.3564816742835,-0.1898821040397,0.0543806478370,0.0535504207677,0.0564115329016,0.1320206946391
0.2308425317688,0.0506556080532,0.1740280514812,0.2726928375251,0.0000752019979,0.0346323115903,0.3300231022677,0.2013810743707,0.4413616862153,0.2519229535103,0.1126063531155,0.6098509357193,0.1512021974842,1.0000000000000,0.3876620982485,0.4506797670791,-0.1372262739835,0.0383219184792,0.3479350980026,0.3814021800977,-0.0093678675766,-0.1282724841482,-0.0839790068638,-0.1714227750615,0.0345814888617,0.7027317611199,0.4766078208390,0.1763456737114,-0.0538544251411,0.2777611106841,0.0560682458058,0.2765888694920,0.1183840676734,0.0254738315245,0.0971541128549,-0.1865462247064,-0.1346486933534,-0.2347849204091,0.0946266773635,-0.2216540285576,0.1893445160284,0.1260571990783,-0.2513654037966,0.0325661312436,-0.0260109126665,-0.0303151864479,0.4411616124292,0.0166093536088,0.4448833096511,-0.0543745280691,0.2899457549134,-0.1437273407627,-0.3099992991000,0.1457203484978,-0.3356128618644,-0.0868896369048,-0.2214304670241,-0.1624444701969,-0.3218347283837,-0.2519109120007,0.1780365560298,-0.1996901967183,-0.2118193493495,-0.2738257621050,0.0582184815706,-0.2660506090982,0.3208268144093,0.3609184261482,-0.1325909469977,-0.0338610797817
0.6087947346047,-0.1262090724721,-0.0703586498097,-0.0028527953164,-0.0498017243014,0.0895272907833,0.5183291334207,-0.0208053300747,0.5934311155050,-0.0670586422548,0.4714319684779,0.4440828801173,0.5691136010945,0.3876620982485,1.0000000000000,0.4220628971111,0.1365291401563,0.1897827607425,0.5541510421223,0.5573597337397,0.0629063724556,0.3517534369813,-0.1930482762222,0.0896012678917,-0.1567931694038,0.3829321908355,0.3191868623222,0.0146872710103,0.0448189576152,0.7179517293159,0.0334389132614,0.1303047880387,-0.0079744087874,0.0725967816660,0.1382496995570,0.1467676396861,-0.3014851206797,-0.3701947560105,-0.1334855681889,-0.2446841015179,0.0233672518011,0.2991510087544,-0.4015123720436,0.1696372044141,-0.2690160231483,0.1378184474902,0.1626052463924,0.3570793115550,0.2124430719475,0.4435248027393,0.2845502025456,0.2049784056040,-0.2217495344389,0.0392469282205,-0.2061998011302,-0.1618940863231,0.2229911095011,-0.1610574678400,0.0087406066710,-0.3364258331730,-0.0496055406390,-0.1834222597955,-0.2527890293694,-0.1469715490100,0.4266556923604,-0.1792330364084,0.0975997856820,0.2465875669660,0.0459211961722,0.1443925418926
0.2740741383230,0.0253207875093,0.0494854973179,0.1539856157487,-0.0500484742978,0.2293078649613,0.6359667488319,0.1343158037552,0.5271860252247,0.1652624868310,0.2183243575548,0.4144262318994,0.3887704398281,0.4506797670791,0.4220628971111,1.0000000000000,-0.0868192788502,0.0675276659669,0.4230534761435,0.2283333756671,0.0796774667361,-0.0304384389245,-0.0855515528897,-0.2277706539666,-0.0536474311685,0.4164772440133,0.1801672250680,-0.0667935475471,-0.1304032136893,0.4636757314426,0.2177250108623,-0.1124145014932,0.2642220008700,0.1529516261776,0.2540485799859,-0.0958948683852,-0.1365367387476,-0.2770817100406,0.0464016829525,-0.1358507188056,0.2445950137453,0.2973886081823,-0.2736617194405,0.0797483380045,0.0620597766194,0.0178918715077,0.3641996872670,0.2980829781959,0.5669007877950,0.0760002065866,0.7169453799568,-0.0906820236834,-0.2823648421827,0.0960595526388,-0.2496659655128,0.0207453823673,-0.2260504751786,-0.1280822641118,-0.3365250181237,-0.1391010245220,0.1701995210109,-0.1435473353237,-0.3081158804521,-0.3234015146849,0.3679904295246,-0.2235459219995,-0.0645762847418,0.3893111502242,0.0332265231406,0.1939364455168
0.2512175543454,-0.0148322829876,0.1771119895275,-0.1001055336710,0.1832710820044,-0.1388737805420,-0.1217894655964,0.1194166977260,-0.0518755982060,-0.0467349104943,0.1390921419886,-0.2110270322796,0.0618487913057,-0.1372262739835,0.1365291401563,-0.0868192788502,1.0000000000000,-0.0120140107606,-0.0246258202903,0.0036001970775,-0.0563518598698,0.7765898989227,0.2942096568343,0.6371974829939,0.2382086397002,-0.0373788388440,0.0014532870204,0.2560702877310,0.6409132780801,0.0794418473010,0.3054816684526,-0.1728263431988,-0.1941824615240,-0.0354790232969,-0.0206062520111,0.2516689443587,-0.0847413190270,0.0272411562823,-0.2303515279893,0.0496536904890,-0.2405591184179,-0.3084715550817,0.0096891896438,-0.2789843919284,-0.1807551080765,0.0159565501066,-0.3963676643785,-0.1155947056715,-0.2167900282793,0.0469215806693,0.0300429608483,0.8984019939192,-0.0932036806376,-0.3050141145235,-0.1525641068342,-0.2007229599774,0.6535513648757,0.3562604290200,0.6473175703778,0.1848587233568,-0.1956100485392,-0.1514433040835,0.1179382520529,0.3827863843577,0.0381897594658,0.2305760812292,-0.2184431861102,-0.1888036623678,-0.0054982521335,0.0251294381384
0.4703793131907,0.4805418340415,0.1931863869419,0.2448564847479,0.3707030286425,-0.0153056673128,-0.0634671413620,0.2034820709665,0.0354792148321,0.2106632400778,0.2013419250146,0.0262981218588,0.2432218688727,0.0383219184792,0.1897827607425,0.0675276659669,-0.0120140107606,1.0000000000000,0.1388192281280,0.6837390029943,0.4477770623850,0.1142306248510,0.0743586010240,0.2306096875641,0.1025999383690,0.2936412739145,0.3495129342337,0.2550339908501,0.0828010939452,0.3273483710192,0.3535703261861,-0.1039286975124,-0.1770390859404,0.4665711170290,0.5285651526859,0.3296371437705,0.2694846066130,-0.0706482113533,0.3193478960821,0.2721453234598,0.0196251044900,-0.1532227023557,-0.0442286169881,-0.2622518235528,0.0136696924984,0.1325351675382,-0.1374680731838,0.2228156778689,-0.0224023521244,-0.0598483105579,0.1659719159095,0.0093968429164,0.5118361750880,-0.1696199787725,0.1840626222165,0.3156302969043,0.0242414819528,-0.0006114815015,0.1085656288525,-0.0372516609506,0.1048027261239,-0.0191961763390,-0.0248330936965,-0.0767773036916,0.0342451769310,-0.0045563635032,-0.0405775186056,-0.0273526731102,0.4713923717038,0.3986719652636
0.2558661872705,-0.0416148619023,0.0531756781178,0.0391359687794,-0.2124297899355,0.1241003708543,0.4637572362126,0.0230067557669,0.4779751914191,-0.0760221054954,0.0736061722812,0.6441974830194,0.2020266865438,0.3479350980026,0.5541510421223,0.4230534761435,-0.0246258202903,0.1388192281280,1.0000000000000,0.4469598449963,-0.1430466194724,0.0596968385980,-0.0921333421858,-0.0740809306385,-0.1498798079453,0.4117120242288,0.3179187593922,0.1518386511312,-0.0758623984521,0.2723578291636,0.0293095002809,-0.0039335739315,-0.0405224575607,-0.1485840854027,-0.0449567651285,-0.0818183810997,-0.2055819475256,-0.2119462127873,-0.1415511195020,-0.2925447003590,0.0475800025657,0.0984886840519,-0.2844779581748,0.0237277598983,-0.2219054406827,-0.1379241228117,0.4524443299536,0.0540585288518,0.3911325949347,0.2623766885605,0.2379243095556,0.0318719709188,-0.1851359151155,0.4237715311434,-0.0525678944426,-0.2389106797726,-0.0769799390122,-0.1213473147896,-0.1852630041580,-0.2635381480402,0.1991189264663,-0.0079206336866,-0.0624383196404,-0.2261786151695,0.2540521361525,-0.2255999728164,-0.0392886283335,0.1518243668986,-0.1514384017934,-0.0444374432426
0.4975219128800,0.2053762726540,0.2028230384656,0.2404079338828,0.1244562474295,-0.0288293704554,0.1509176208760,0.1921757752750,0.3466253217732,0.1720822316764,0.2278463027222,0.3855317002251,0.3456175753931,0.3814021800977,0.5573597337397,0.2283333756671,0.0036001970775,0.6837390029943,0.4469598449963,1.0000000000000,0.2414459159955,0.0747069201953,-0.0423386169713,0.0592378362374,0.0514198799941,0.5477586862221,0.5706289902726,0.1981455218397,0.0598181922567,0.4860582133350,0.1325458680260,0.0717453487602,-0.1769908417767,0.1461898256683,0.3726719354163,0.2080963516259,0.0118300276429,-0.1599290012028,0.1750648215295,-0.0480229180384,0.0466408612397,-0.0475897953570,-0.1355321784721,-0.1462419869249,-0.1312670003076,0.0632222509606,0.1391986870157,0.1957063477585,0.1237733723530,0.1126727778100,0.2147647333219,0.0345381768295,0.2664667780764,0.0026827295051,0.1450743717314,0.0595522553600,0.0046513943447,-0.0998785263698,-0.0437761481656,-0.1951725955794,0.2140738336903,0.0330342952515,-0.0820217623390,-0.1822270380663,0.1909240328298,-0.1112597039159,0.0975712233681,0.1046318068047,0.1954616267470,0.2735201077903
0.2915371824867,0.2821863744686,0.2040851152565,0.2399520011378,0.6966633309267,-0.0083437821834,0.0587847669108,0.1886076484705,0.0642328816526,0.4101225360362,0.4548830355720,-0.0476253709026,0.5583534027408,-0.0093678675766,0.0629063724556,0.0796774667361,-0.0563518598698,0.4477770623850,-0.1430466194724,0.2414459159955,1.0000000000000,-0.0075779894611,0.0325381727476,0.1214813194576,0.3229429473625,0.0931338109516,0.1427501967355,-0.0065426314020,0.2136312945057,0.1993341424559,0.1576734012127,-0.0985572758495,-0.0557971340584,0.3029824252126,0.1778623474597,0.1597459506021,0.2259858338835,0.1750477781089,0.2714816573320,0.6785861018914,0.0727575098677,0.0701971289929,0.1559001780195,-0.1008266674798,0.3462281148912,0.4728665929703,-0.1205946958833,0.6428552298407,0.0370915932548,-0.0707426598744,0.1910966951241,-0.0951026987641,0.2277684830128,-0.2224325486455,-0.0095405586578,0.8736572909436,-0.0918937261562,-0.0626219142403,0.0134232613875,0.2611238142050,0.0366000467103,0.0571706328751,-0.0090334864873,0.1245756649494,-0.0533335255556,-0.0030771749116,-0.0204967345455,-0.0642789480896,0.2169957626963,0.1452530487185
0.4224858874232,0.0613137669724,0.1270150128782,-0.1317948078167,0.2738040530591,-0.0530114107666,-0.0181637453134,0.0847032781482,0.0110175734381,-0.0590245216768,0.2736421622841,-0.1513609859475,0.2552004286217,-0.1282724841482,0.3517534369813,-0.0304384389245,0.7765898989227,0.1142306248510,0.0596968385980,0.0747069201953,-0.0075779894611,1.0000000000000,0.2362901865485,0.7880471326632,0.1056588643601,-0.0298560585297,0.0081391628466,0.2981141932819,0.5542598186710,0.2945577738646,0.4019106036932,-0.0896893884419,-0.0743516529593,0.1777597311589,0.0566872694896,0.3027703303890,-0.0211576794445,-0.1478463693674,-0.2513759954059,0.1353015682910,-0.2268208250622,-0.1899496279223,-0.1537733525927,-0.2175591457879,-0.1988212248308,0.0941704165976,-0.3721804783423,0.0700067587173,-0.2352141873513,0.2003901966012,-0.0344271567861,0.8301176708082,-0.0926762901644,-0.3418056990483,-0.1765351000175,-0.1894863881661,0.8120137769901,0.3320582042703,0.7330467984852,0.0691386450970,-0.2484248948634,-0.2424475060886,0.0942359233043,0.3961469926904,0.2304235160110,0.2002102328879,-0.1789099046138,-0.0878394625113,0.1337841047287,0.0659476874687
0.1481966294465,0.5163077291398,0.3652592688114,0.6281281585852,0.3976464143030,0.0951662174273,-0.1422170180027,0.4648463400389,-0.1331799795262,0.4818002912785,-0.0673126513176,-0.1452226327686,-0.2224991845610,-0.0839790068638,-0.1930482762222,-0.0855515528897,0.2942096568343,0.0743586010240,-0.0921333421858,-0.0423386169713,0.0325381727476,0.2362901865485,1.0000000000000,0.3050390655757,0.6289201061062,0.1914797923247,0.2307249014706,0.4397125018359,0.3993198907944,-0.0315602120349,0.6129048038034,-0.2239075366925,0.0461718909599,0.0978273189916,-0.0227593692634,-0.0306076719544,0.4566020477966,0.2089123330692,0.3171611657504,0.3986916288749,0.0021339669081,-0.4069535037723,0.4184002143955,-0.4072347066554,0.4930358110909,-0.2282266174636,-0.2240313859689,-0.3189733926372,-0.1092203832779,-0.3263419207066,-0.1401688970891,0.4189165998222,0.1177119526405,-0.3307948888911,-0.2140008171033,0.0370330813034,0.0356117658683,0.9096982781231,0.1829825293169,0.6901326783818,0.1771890359495,0.0924891923401,0.3577287225375,0.2480383193471,-0.1733368072659,0.2389795945970,-0.0747468251070,-0.1197600678542,-0.0165663746325,-0.0435956856673
0.2407982333507,0.2173200177549,0.3907171827667,-0.0504046665641,0.3517154669883,-0.1996830525893,-0.2568065094594,0.1749320335603,-0.1438069078204,0.0248425074762,0.1591825856857,-0.2313377933382,0.0805571351039,-0.1714227750615,0.0896012678917,-0.2277706539666,0.6371974829939,0.2306096875641,-0.0740809306385,0.0592378362374,0.1214813194576,0.7880471326632,0.3050390655757,1.0000000000000,0.2382073078992,-0.0238160495913,0.0687147749481,0.5868501809171,0.6097945786794,0.1069041840110,0.3626797000627,-0.1443699963760,-0.1355620973691,0.1253924266624,0.0017119809332,0.2149753474545,0.1801172321507,0.1511797159035,-0.1085726276222,0.2720787745430,-0.2461071688905,-0.3376037409344,0.0864695012240,-0.3157422867157,-0.0866550622268,0.0730197755178,-0.3920766399789,-0.0371557469772,-0.2816896055272,-0.0723327601290,-0.1672037133086,0.6668677208788,0.0877422045879,-0.3304438016203,-0.0719482045102,0.0093966102978,0.6604968578551,0.3516764837246,0.8450955665788,0.1798635548573,-0.1170393445156,-0.1711900925359,0.4345878504626,0.5332872848385,-0.0880109575574,0.3007587886245,-0.1937405926971,-0.1991709256272,0.1144938422409,-0.0230428593973
0.0318774465159,0.2680342263469,0.6458121927627,0.5119679410603,0.5763012764332,0.0420606129048,-0.0441270663735,0.7285480013618,0.0218616959931,0.6892265052592,0.1272156114940,-0.1684295766658,-0.0468819644096,0.0345814888617,-0.1567931694038,-0.0536474311685,0.2382086397002,0.1025999383690,-0.1498798079453,0.0514198799941,0.3229429473625,0.1056588643601,0.6289201061062,0.2382073078992,1.0000000000000,0.1344703724681,0.3738969573174,0.4223096006278,0.6013053645831,-0.1849767686806,0.3651451853802,-0.0296509622054,0.0291159561746,0.0492075661127,-0.2381877892166,-0.2497496112335,0.1848980581662,0.4860194153771,0.1396345565705,0.5527474164618,-0.0320503261503,-0.2422887979335,0.5754309309459,-0.2750124952334,0.6563800658983,0.0401816430319,-0.2459473662959,-0.0527389619823,-0.0927683272072,-0.3829018554644,-0.0837158680411,0.2548484284562,-0.0338564052529,-0.2771249975412,-0.2820482765229,0.2923774884632,-0.1205780108277,0.4757592469204,0.0692589509597,0.8354981798247,-0.0210003167816,0.1653099766275,0.3653921970741,0.4649976330048,-0.4241757454513,0.0154801367378,0.0836868629422,-0.1883340805494,-0.1925621376672,-0.2713858887425
0.3996767729695,0.4072695758652,0.2302145676750,0.5098459348039,0.0891971390485,0.0201177234453,0.2270462370038,0.2175754516761,0.3604911430961,0.3237342398257,0.0718899750626,0.5492026930168,0.1650247353088,0.7027317611199,0.3829321908355,0.4164772440133,-0.0373788388440,0.2936412739145,0.4117120242288,0.5477586862221,0.0931338109516,-0.0298560585297,0.1914797923247,-0.0238160495913,0.1344703724681,1.0000000000000,0.5158173607847,0.3719026076941,-0.0043921623225,0.3880389034716,0.2438573800460,0.0347399785213,0.0091889522129,0.0774706803162,0.3025496320138,0.0018021776369,0.2033730944153,-0.1861996131406,0.3673058913390,-0.0765846426940,0.1643475197187,-0.1021556548893,-0.0971189517948,-0.1983676803596,0.1027805335437,-0.1299964529609,0.3388087745067,-0.0229910355359,0.4209617027778,-0.0715744887897,0.2965103695137,0.0434248737878,-0.0284693622331,0.0009501840056,-0.1727562822966,0.0131845477169,-0.1609557512683,0.1427487258160,-0.1628466717616,-0.0745563040437,0.5574637431613,-0.1034778648494,0.0159626951330,-0.2429961029828,0.1270378794720,-0.1219329476993,0.1177551018910,0.2340723065026,0.0057187369119,0.1997937367579
0.3554362681104,0.3000399342434,0.5262433053156,0.4867952472020,0.2676401216900,0.1189517404217,0.3142939924769,0.4765433815396,0.4313148851170,0.3603111529552,0.2952770231933,0.3825613298731,0.1104741839689,0.4766078208390,0.3191868623222,0.1801672250680,0.0014532870204,0.3495129342337,0.3179187593922,0.5706289902726,0.1427501967355,0.0081391628466,0.2307249014706,0.0687147749481,0.3738969573174,0.5158173607847,1.0000000000000,0.4748463206943,0.2577793186592,0.2201107495516,0.3911950580085,0.1026187581368,0.0094732796444,0.1073126549047,0.0393677317378,-0.1140249440511,0.0708966719018,0.0326303461392,0.0691711985824,0.0867785946580,0.1229616987611,0.1012296890585,-0.0224617256387,0.0521670909789,0.0856751032203,0.0760982913085,0.1365880813665,0.0009208707520,0.0833564318974,-0.1560611659772,0.1082970674095,0.0772108152376,-0.0220018279667,0.0281122549441,-0.2821508670691,0.0225536614634,-0.2427998773888,0.1226703494026,-0.1846897028389,0.1273395402603,0.0761988284108,0.3033892194209,0.0669818331794,-0.1103408865258,-0.2702673302932,-0.2075998599812,0.2410761948726,0.1076349319195,-0.1697103350521,-0.1094927830933
0.1701959587048,0.4389170320205,0.6761167041524,0.3099437927791,0.2303886834540,-0.0549197096155,-0.1545647493486,0.4272195598184,0.0415335594891,0.2937354699371,-0.0266832596706,0.0715433552001,-0.1885190475190,0.1763456737114,0.0146872710103,-0.0667935475471,0.2560702877310,0.2550339908501,0.1518386511312,0.1981455218397,-0.0065426314020,0.2981141932819,0.4397125018359,0.5868501809171,0.4223096006278,0.3719026076941,0.4748463206943,1.0000000000000,0.3677356171678,-0.0161065426653,0.3738417712932,-0.0930866246576,0.0236169380631,0.0825595299303,-0.0295495613483,-0.1053642146378,0.2921001780113,0.2913423593061,0.0890745380557,0.1279762814463,-0.0874297539384,-0.3374062467319,0.1756575449272,-0.2641945381350,0.0966246907771,-0.1734951065828,-0.0616346050099,-0.3185910647542,-0.0691896017172,-0.3291233233354,-0.1010515144802,0.3175001002995,0.0249665097374,-0.1032532636333,-0.1915345130382,-0.0461647710302,0.1530392758636,0.3798052005760,0.3731515192186,0.2184012240450,0.1206533568090,-0.0577788866037,0.6593894568982,0.2626648691253,-0.3323820513721,0.1079474781349,-0.0176733474404,-0.0078273826678,-0.0590525053445,-0.1282929985769
0.1884022026000,0.0797369969976,0.4729109442682,0.1120736909177,0.4860256912200,-0.0779343660924,-0.0275274071078,0.4477235075028,0.0368149255663,0.1987457408435,0.3261697948148,-0.2074487310521,0.1475671914204,-0.0538544251411,0.0448189576152,-0.1304032136893,0.6409132780801,0.0828010939452,-0.0758623984521,0.0598181922567,0.2136312945057,0.5542598186710,0.3993198907944,0.6097945786794,0.6013053645831,-0.0043921623225,0.2577793186592,0.3677356171678,1.0000000000000,-0.0143646304650,0.4247100412825,0.0330200325139,-0.1637038475726,-0.0674303372516,-0.2688102911975,-0.0813746654750,-0.0188965669128,0.1802093467639,-0.2207298163601,0.3801161613803,-0.2327250774847,-0.2801174693905,0.2277834063288,-0.2757807424429,0.1327735553120,0.1479139704333,-0.4000595543787,0.0143943987158,-0.2635852153263,-0.1904733594288,-0.0896964613009,0.6204512445425,-0.1551094903182,-0.2925116057121,-0.2859213241196,0.0613287396774,0.3067483259597,0.3629585527781,0.4248740868834,0.4843497244224,-0.2152411389069,-0.0330065034214,0.2179596366263,0.6897050177502,-0.2660585560219,0.1274823561963,0.0892025956520,-0.2881269975419,-0.2458035809878,-0.2776974511328
0.6099546429280,0.2192176805232,-0.1569288877950,0.1595994296780,0.0825680191523,-0.0127173613834,0.3850454619415,-0.1469506076860,0.3763476515630,-0.0134458207624,0.4060300735788,0.3091821057209,0.5579778174856,0.2777611106841,0.7179517293159,0.4636757314426,0.0794418473010,0.3273483710192,0.2723578291636,0.4860582133350,0.1993341424559,0.2945577738646,-0.0315602120349,0.1069041840110,-0.1849767686806,0.3880389034716,0.2201107495516,-0.0161065426653,-0.0143646304650,1.0000000000000,0.2500626165340,-0.0974170238715,0.0486951947072,0.4091421548390,0.5111202647548,0.4037752440001,0.1404218989870,-0.4020129065297,0.1265358545241,-0.1113945648976,0.0757928159097,0.2031959767495,-0.3282901773456,0.0761988909922,-0.1556327830951,0.1555671940141,0.1826944093562,0.3718449962836,0.1652049580128,0.2777107067466,0.3628197286766,0.1536915969380,0.0684843324595,-0.0880240545519,-0.1046890773211,0.0151523995067,0.2431968708762,0.0389444835547,0.0951390188345,-0.2517868891791,0.1010266075979,-0.2710591718429,-0.2271769147686,-0.1648056964679,0.5980840679196,0.1270304371091,-0.0035530647365,0.3653641944057,0.3837815200527,0.5016701678639
0.4499799977979,0.5189718450865,0.3991531843964,0.4885223178595,0.4679134295426,0.1215134428176,0.1459288469113,0.5112682904267,0.1505011789356,0.3125350292484,0.2161380011802,-0.0188420914198,0.0597330755318,0.0560682458058,0.0334389132614,0.2177250108623,0.3054816684526,0.3535703261861,0.0293095002809,0.1325458680260,0.1576734012127,0.4019106036932,0.6129048038034,0.3626797000627,0.3651451853802,0.2438573800460,0.3911950580085,0.3738417712932,0.4247100412825,0.2500626165340,1.0000000000000,-0.3050887639468,0.1046184474395,0.3648693300247,0.2068240904175,0.1672218215862,0.3572211934817,-0.0659471134019,0.2469894197351,0.3640374449717,0.0605836676110,-0.1595158127027,0.0911188770242,-0.2597192264073,0.2198397658114,-0.0354026755384,-0.1486865983234,-0.0274168422540,0.0186953591259,-0.2498448182480,0.1209457837016,0.4052911279457,0.1029097148410,-0.3444771611978,-0.2967145618306,0.1211021734458,0.0693499124770,0.5800436593986,0.1684047458648,0.3574233879927,0.0542264900278,0.0163626917087,0.0190858250690,0.1149381855388,-0.0367080343245,0.1773346175523,-0.1409382783446,0.0535255971220,0.1058758888699,0.0976653962455
0.0037569696791,-0.2142558395938,-0.1343458997345,-0.1117324900108,-0.0309702180021,0.0876865630516,0.0244701825200,0.0342905480177,0.0014393744095,-0.0453609497005,-0.0243398932022,0.1708826633887,0.0395928752864,0.2765888694920,0.1303047880387,-0.1124145014932,-0.1728263431988,-0.1039286975124,-0.0039335739315,0.0717453487602,-0.0985572758495,-0.0896893884419,-0.2239075366925,-0.1443699963760,-0.0296509622054,0.0347399785213,0.1026187581368,-0.0930866246576,0.0330200325139,-0.0974170238715,-0.3050887639468,1.0000000000000,-0.0200307040567,-0.1218309957924,-0.1884483922282,-0.1430489132025,-0.2288711109182,-0.2559471401082,-0.1512590340507,-0.0688572140485,-0.1099963821924,-0.0426783139933,-0.1497848665731,0.0648266234484,-0.1011685577177,-0.0204561006475,0.0235821122085,-0.0325506177918,-0.1400151142850,0.2206220111133,-0.2256061391649,-0.1568389448274,-0.1904489948971,0.1905734521019,0.0413013704177,-0.1788786809872,-0.0817429575154,-0.2327671839909,-0.2240960842074,-0.1198100696571,-0.1497549888942,0.0619492065980,-0.1276625755208,0.0718607725650,0.0522261268814,-0.3602941353426,0.7488852264431,-0.0576401897037,-0.1675280247638,-0.1715239777520
-0.0713948836300,0.0223612266659,0.0180278812062,0.1036775140443,0.0551669194723,0.3920710594799,0.1763270541734,0.0862912795559,0.2347021728133,0.0777684847031,-0.0598622330940,0.0318395215520,-0.1237939568437,0.1183840676734,-0.0079744087874,0.2642220008700,-0.1941824615240,-0.1770390859404,-0.0405224575607,-0.1769908417767,-0.0557971340584,-0.0743516529593,0.0461718909599,-0.1355620973691,0.0291159561746,0.0091889522129,0.0094732796444,0.0236169380631,-0.1637038475726,0.0486951947072,0.1046184474395,-0.0200307040567,1.0000000000000,0.2212066718009,0.0139266886672,-0.2401150231669,0.0562131424361,0.0086387174515,-0.0364944268780,0.0748053122135,0.2967865925129,0.2292352600511,0.0285978030935,0.2976833287748,0.1588521907764,-0.0971158290377,0.2010114519278,-0.0507232058713,0.2876522560739,0.0091956003188,0.1597793080837,-0.1898216608249,-0.1919010932587,0.0277459958355,-0.1275019245453,0.0200566095214,-0.0960109565104,0.0104163488294,-0.1511452466584,0.1046701234841,0.0379698288932,0.0318902266434,0.0044748175527,-0.0751015464982,0.0839595289550,-0.0168723379095,-0.0273493357598,0.4981489561991,-0.0139454611571,-0.0895792377422
0.3172538184157,0.4697358557885,-0.0099369319570,0.1821653366604,0.3756097011901,0.0489483797806,0.0489507304833,0.0963366510891,0.0524050172327,0.1877130542637,0.2718240257066,-0.2175182074110,0.1307424037213,0.0254738315245,0.0725967816660,0.1529516261776,-0.0354790232969,0.4665711170290,-0.1485840854027,0.1461898256683,0.3029824252126,0.1777597311589,0.0978273189916,0.1253924266624,0.0492075661127,0.0774706803162,0.1073126549047,0.0825595299303,-0.0674303372516,0.4091421548390,0.3648693300247,-0.1218309957924,0.2212066718009,1.0000000000000,0.5513444166014,0.3516917557767,0.4494502013577,-0.0802557836916,0.1627844663687,0.2958781577539,0.1136906502419,0.0936940125391,-0.0246928816309,0.0094529086520,0.1513314497848,0.3215897993300,-0.1097308773844,0.1953588800080,0.0004717257769,-0.0343319220301,0.2097792387878,-0.0072172197737,0.2931908211211,-0.2985238423058,-0.0633751791760,0.2416081373004,0.1688187975267,0.0921696908968,0.1085995950074,0.0420692572837,-0.1130926679950,-0.1369267525375,-0.0826373806728,-0.1040856013511,0.1033996957137,0.1589064003887,-0.0109196684993,0.2978459670268,0.6995240349364,0.4238857943527
