1.0000000000000,0.2934663764034,-0.0251469855353,0.3297158324093,0.3454127759404,-0.0647055750172,0.1677010398238,0.2822420975720,0.1225325147381,0.4367210757988,0.1389577370026,0.1377729328002,0.5515194161834,0.0562955439208,0.4415141574896,0.2241736675320,0.3263287295179,0.1878825021046,0.3860091555383,0.4334156462803,0.4466707348138,0.1285819344266,0.3443350293847,0.1025375257054,0.2440074053366,0.2659127432236,0.0158725459362,-0.1474431002567,0.1223321017320,0.7124671910860,0.2645385079182,-0.1679583106098,-0.2494251998224,0.3643365035512,0.3557515126387,0.3342309065006,0.1259796008404,0.2237828749188,0.2799269730463,0.1874327957874,-0.1563826233894,-0.1065850200868,0.2974144367874,-0.3981222443354,0.3309301342414,0.0261433081747,-0.1339599719746,0.3462954004458,-0.3118502471222,-0.2319026722372,-0.0132481050435,0.2970267054921,0.0096806536086,-0.2519065267456,-0.2642436527924,0.1878783461177,0.0193405836015,0.3499287405339,0.2366438909918,0.2501595379483,0.0320228842392,-0.3518724532332,-0.1763062935227,0.0564698520915,-0.0031209843039,0.2726804870298,0.2075422179733,-0.0932982581638,0.1992007557611,-0.1138533640274
0.2934663764034,1.0000000000000,0.1916778345608,0.5303183255531,0.1680546048758,-0.2448225441650,-0.2362669406317,0.1474587545621,-0.3403559650390,0.1559532015148,-0.3612173467287,0.0629732559568,-0.0911659643827,0.0604105684765,-0.0692502095104,-0.2431176723128,0.4741224815823,0.3995497969531,0.2469123174508,0.4072483367525,-0.0346185100363,0.4742651270619,0.5672266318416,0.6095089136311,0.2032266033569,0.3928035983300,0.2820377994446,0.2117921177245,0.2792061661224,0.3371752601217,0.3769407062022,0.0431111566176,-0.1993476312252,0.4067550968531,0.4541825118322,0.1750758756577,0.8088783312809,-0.0072466554002,0.5426710800983,0.0933712092061,-0.3211707853131,-0.3865509328878,0.2990348934394,-0.5290810639741,0.0512633986478,-0.2474038795060,-0.1983797377368,-0.1593033259455,-0.2206141835316,-0.5395120840380,-0.2940123523282,0.5134630610479,0.3168515047368,-0.2639408185271,-0.0324537105544,-0.0746875822269,0.4267611303331,0.5968039159051,0.5355311349992,0.2579260739139,0.3661325407762,-0.1014962635707,0.1541760661392,0.3186412992133,-0.1889529381316,0.4828417303830,0.1756281178989,-0.1549563637634,0.2387394329987,0.0883492697505
-0.0251469855353,0.1916778345608,1.0000000000000,-0.0616372401661,0.0359306723952,0.1505116118779,-0.0696454546217,0.1256730381063,0.1826345490936,0.0769190273632,-0.1135639918066,0.2304644457338,-0.1224096603071,0.2266934189667,-0.1042226063356,-0.2321593708392,0.0536116602900,-0.0813922230358,0.2541948105815,0.1563174513042,-0.1371876903518,0.1335034505383,0.0538637455680,0.3872495920181,0.3329115302090,0.1549148418415,0.6132846917165,0.8573365961004,0.1030311366886,-0.0685960868094,-0.1324051934736,-0.1141176224437,-0.0314078035426,-0.0631065041800,-0.0808574755197,-0.4638482045444,0.1100361763979,0.6469062123278,-0.1697343204163,-0.0610122900199,-0.0598569229846,-0.1700468862445,0.2323230844168,-0.0640304214478,-0.0371418401068,-0.1624622618245,0.0149502154274,-0.2936617294606,-0.1139696510064,-0.3705975061710,-0.2982192848820,0.1340431337254,-0.3083769548478,-0.2548706493650,-0.3694990104994,-0.0918452499286,0.2511010093665,0.0020520976593,0.0936030631394,0.1074497769972,-0.0310030278426,0.2426842326335,0.7432193806249,0.1087437578294,-0.4503198580363,-0.0839221884163,-0.1364248000344,0.0191362351316,-0.1947534610346,-0.3601126945179
0.3297158324093,0.5303183255531,-0.0616372401661,1.0000000000000,0.4434647261047,-0.4573929343021,-0.2765061736040,0.4711436691159,-0.3489176536398,0.5581315244586,-0.1341775851552,-0.1689900862809,0.0853749780804,-0.0088381098904,0.1854152364154,-0.0840436550496,0.4568478147372,0.3622686545690,0.0284290599429,0.3005513945800,0.3167008387705,0.5175618882775,0.7671429317522,0.3801951990465,0.4712592798851,0.2999420861585,0.0261640607502,-0.0868981534946,0.4795672408784,0.3622761447649,0.5165984721762,0.0158575129947,-0.3122365146528,0.4571328492176,0.2813377771752,0.4408625026100,0.3989394503563,-0.1773000508524,0.8480850074571,0.4532923343033,-0.3742813756341,-0.3960589856669,0.3580776143044,-0.4820843734517,0.5127843471077,-0.0528097570960,-0.0169318708256,0.1341526223357,-0.1157447347654,-0.1485374682270,-0.1402436412318,0.4531934303951,0.3921185101190,-0.0512928189731,0.2411361121356,0.3124963174279,0.3088580736682,0.7270970543089,0.3170769649651,0.5767897093431,0.3698321508683,-0.1723967391066,-0.0811765387179,0.3898244926723,0.0898431658606,0.3535005850436,0.2131141246895,-0.2688211607614,0.3454519998026,0.2356726935596
0.3454127759404,0.1680546048758,0.0359306723952,0.4434647261047,1.0000000000000,-0.2676664855348,-0.2159318274549,0.6705115407646,-0.2546248882291,0.5925897880151,0.1124827276319,-0.1493286351578,0.2897722500763,-0.1956399060199,0.0395523824385,-0.0458365002006,0.1123570474097,0.1540973407222,-0.0126377818197,0.0311078532962,0.6401702580964,0.3365691286048,0.4091327175093,0.1126345116867,0.7038497214142,-0.0298288929383,0.1209222706331,0.0714541755988,0.6458575454901,0.2318218123896,0.5865364152012,-0.0698567819267,-0.3044523205928,0.4292240942855,-0.0102494305087,0.3030969926133,0.1719370350847,0.0487204095169,0.3257130681586,0.8939722897225,-0.3274777989611,-0.2870891404393,0.4794984841093,-0.3611871421107,0.5060696247952,-0.0757114959937,-0.0713247926054,0.2310994250761,-0.3540115130605,-0.2412729127912,-0.1295927520900,0.1949803925964,0.2542903626454,-0.0895544316551,0.0283208034942,0.5799203560750,0.1560710862203,0.3980620726215,-0.0226744288439,0.6736179507811,-0.0112979411650,0.1075067898137,0.1133382373299,0.4088764326646,-0.1156957562496,0.3235572794292,0.0572969902934,-0.2212028718056,0.2099624748260,-0.0253711126009
-0.0647055750172,-0.2448225441650,0.1505116118779,-0.4573929343021,-0.2676664855348,1.0000000000000,0.4911135591398,-0.3725711139332,0.5958680812355,-0.3677932040487,0.2910299750939,0.2950674202010,-0.0457464580144,0.1443736440531,0.1390021334963,0.2922908259158,-0.3627323531144,-0.1572454373132,0.0457424198846,-0.1037270056475,-0.2837995363189,-0.3454859927790,-0.4289060760371,-0.1743496965721,-0.3137554128082,-0.0478795848315,0.1818483405387,0.2036791525216,-0.4184465913531,0.0875351174159,-0.3404606390762,0.0089058120630,0.5617822758081,-0.0652802361633,0.1461198629770,-0.3838289747666,-0.2105639859166,0.2164312420812,-0.4017403305453,-0.3343260183391,0.6450111569268,0.6027997685663,-0.2820115503777,0.5848784187990,-0.2977377703551,-0.0703677028895,-0.0470192011312,-0.2454489105071,0.0627558398355,0.1897621189724,0.2824308241096,-0.4245816379623,-0.4032618141985,-0.1552741612885,-0.3192608795445,-0.3366184159508,-0.4464870614977,-0.4790045969729,-0.2205200865595,-0.3954352325245,-0.1012934992904,0.1881688775024,0.2035249933755,-0.4522690927878,-0.0311723328422,-0.3385503489180,0.1081136471400,0.5422239156423,-0.1006816795312,-0.0649854029630
0.1677010398238,-0.2362669406317,-0.0696454546217,-0.2765061736040,-0.2159318274549,0.4911135591398,1.0000000000000,-0.4317794791425,0.7553515192822,-0.3024076856770,0.6025111418602,0.1656133718973,0.6072691649969,0.2126185188966,0.4556819540570,0.5807013722031,-0.2440388926824,-0.1562349842872,0.1405139472773,0.0019035364585,0.1752184875454,-0.2923021308114,-0.4830307411124,-0.2009800025111,-0.4576853627298,-0.0979472699685,0.0036224067910,-0.0853581633406,-0.4774343740751,0.2405818143221,-0.3345397264534,-0.0451830839934,0.2393612140602,-0.0385012688004,0.1212101804503,-0.0680232665468,-0.3032443777420,0.0614510409022,-0.2132862274894,-0.2610942579328,0.3975549112909,0.7573778929272,-0.4660651211946,0.5283223113765,-0.0703319913809,0.3860257734944,0.0601745466358,0.4025009728767,0.1076457297276,0.3206150708464,0.4919299576706,-0.3119834243104,-0.2645392951643,-0.0543500859932,-0.1365448735102,0.0175722625328,-0.3871158159287,-0.4595774890489,-0.1249569429796,-0.4184441093642,-0.1661755152793,-0.0895048344744,-0.1347073883603,-0.4780638115912,0.1025484595836,-0.3496627524613,0.1608592868764,0.3218196071547,-0.0418135930906,-0.0411353907284
0.2822420975720,0.1474587545621,0.1256730381063,0.4711436691159,0.6705115407646,-0.3725711139332,-0.4317794791425,1.0000000000000,-0.3410322009483,0.6337635438611,-0.0858738642142,-0.1090229902087,-0.0019852107408,-0.1674813718147,0.2197644249932,-0.1751057358343,0.2466071336663,0.1870601450388,0.1337144993638,0.2204446180658,0.3408231425992,0.4206486139916,0.4724671415516,0.1368753002749,0.7907478680467,0.2486292478538,0.0985517154398,0.0171181048244,0.7189860328877,0.1817075883398,0.6217471944008,0.1708299523957,-0.1856571796343,0.3633712480045,-0.0371962230236,0.1012354223631,0.0269658337490,-0.0053392776283,0.3135399282217,0.5710158603299,-0.4983060312161,-0.5168508768050,0.5735078776199,-0.4698135256439,0.4279842326760,-0.2895211941778,-0.1414425556869,-0.0237768737238,-0.2361879344460,-0.1981305123341,-0.2878817755377,0.2242442870617,0.2467472987906,-0.0807196874335,0.0615471879682,0.3692888920685,0.1970770807124,0.3602641953788,-0.0570091372270,0.6537095702172,0.1993245978386,0.0128565681771,-0.0319817394693,0.4629651891993,-0.2020357386430,0.1808843587054,0.1451894495318,-0.2934676170099,0.0340366987361,-0.0936246539920
0.1225325147381,-0.3403559650390,0.1826345490936,-0.3489176536398,-0.2546248882291,0.5958680812355,0.7553515192822,-0.3410322009483,1.0000000000000,-0.2182850987510,0.5546039458502,0.2144221686047,0.3340866260712,0.2915711334798,0.4129183720322,0.3923980648627,-0.1879145786290,-0.2544962315020,0.0780966768587,-0.0821088347258,0.0218840609756,-0.2139668110423,-0.4753292745480,-0.1126042046907,-0.2903799604900,-0.0593787801056,0.0950565236084,0.0850079754566,-0.3722402398438,0.1784998791863,-0.3284464070505,-0.1415780396094,0.2850351278814,-0.0612570157584,0.0827356725262,-0.2489910427105,-0.3677493145439,0.2949770830078,-0.3685348627969,-0.3308708748944,0.4157642398382,0.6173261450665,-0.3179241146720,0.5962981300522,-0.0973991838481,0.2746354843948,0.0827793159572,0.1445795949570,0.0472465133510,0.2850946033271,0.3547632491768,-0.2783396001494,-0.4686907576366,-0.1611779261129,-0.3545063036166,-0.1254427760573,-0.3025497705102,-0.4894655332494,-0.0948173037954,-0.3173181993811,-0.1888230973375,-0.0372322338962,0.0366212857109,-0.3827226635960,-0.0570884683612,-0.3929680575872,0.0741142134528,0.3944640818767,-0.1554557369047,-0.1801523516986
0.4367210757988,0.1559532015148,0.0769190273632,0.5581315244586,0.5925897880151,-0.3677932040487,-0.3024076856770,0.6337635438611,-0.2182850987510,1.0000000000000,-0.0233623015421,-0.2036288219855,0.1986828933217,0.0139341932462,0.1516943556193,0.0088546354328,0.2588543785650,0.0228732209046,-0.0843053188233,0.0429430397081,0.4235804302624,0.3144863702788,0.5219414243391,0.1210940052883,0.6764224834938,0.1299760332008,-0.1075449825753,-0.0544463077312,0.4195395970854,0.2662694646635,0.4145877884544,-0.0575026247490,-0.3070274613931,0.2824421328183,-0.0051040622219,0.3171266375971,0.0139517378216,0.1198470858849,0.4206173448963,0.5140785366661,-0.2991029987713,-0.3776122717117,0.3991423621829,-0.4336279071824,0.8203217393468,-0.0175955561311,-0.0168387442950,0.2268202362580,-0.1533252436237,-0.1141279947846,-0.1033145800634,0.2608031725228,0.0732014860140,-0.2065861265796,-0.0783831773432,0.4051294025264,0.2043979817631,0.4781066326680,0.0874100653602,0.6689493722766,0.0663833021089,-0.2579700669868,-0.0757217009405,0.2374327529370,0.0269694144759,0.2170757812553,0.0520812239274,-0.2336045418505,0.1930329684727,-0.0600634430173
0.1389577370026,-0.3612173467287,-0.1135639918066,-0.1341775851552,0.1124827276319,0.2910299750939,0.6025111418602,-0.0858738642142,0.5546039458502,-0.0233623015421,1.0000000000000,-0.1946967448134,0.5657901154762,-0.0107058295500,0.5446503659387,0.5101127509671,-0.1624267786034,-0.1337165924082,-0.0700395859958,-0.1353594732817,0.4881070558862,-0.0574345625673,-0.3751304233601,-0.0874552512027,-0.2103042483024,-0.1998408559798,-0.1023519957354,-0.1028309981847,-0.1680391014425,0.1854781417294,-0.0067749808361,-0.1698280580246,-0.0077240131535,0.2301295944817,0.0870874285770,0.0858300613332,-0.3565831565956,0.0549414825774,-0.1114198213688,0.1043714554127,0.4089419517682,0.5103298609443,-0.4293744795592,0.4856825194079,0.1084805853159,0.4881214447025,-0.0308933033204,0.4231048475004,-0.0878418922525,0.4201520067859,0.4764437403371,-0.3208605357161,-0.1255640756356,-0.0258605692525,-0.0230339339586,0.3293364992501,-0.3761213455709,-0.3716593177943,-0.0755039019043,-0.1852068734890,-0.1820646369078,0.0052606681403,-0.1191971656367,-0.4113446124588,0.1041026848341,-0.3753619444137,0.1534817861307,0.1465787216262,0.1657514396432,0.1110425174436
0.1377729328002,0.0629732559568,0.2304644457338,-0.1689900862809,-0.1493286351578,0.2950674202010,0.1656133718973,-0.1090229902087,0.2144221686047,-0.2036288219855,-0.1946967448134,1.0000000000000,-0.0288258551658,0.4994045249037,0.0234219201654,-0.0684229330904,-0.1512265220384,-0.1296539967580,0.6920510265470,0.3178237754219,-0.2274887860150,-0.2505673096888,-0.2103736904552,-0.1672477041474,-0.0368435256509,0.4171988158841,0.4237838606621,0.2800024633455,-0.1181106596403,0.2406780070917,-0.3105475391148,0.3084356956362,0.2526757571064,-0.0916568809744,0.0628097888386,-0.3682776750404,-0.0035693976996,0.1535368125852,-0.1988192409775,-0.2445307951605,-0.0447745436066,-0.0213242377729,0.1455238290562,-0.0213626463084,-0.2167346490434,-0.3046692013858,0.2703403144108,-0.2020584626315,0.2115533102111,-0.2511288242766,-0.1999814465129,-0.0460100689647,-0.3113886651185,0.1712952693982,-0.2966838493980,-0.2705484144608,-0.0475148150444,-0.1929878194362,-0.1857498987857,-0.1859191075115,0.2208572046749,0.1415680291332,0.2129554228687,0.0524089134200,-0.2088693868837,-0.0624150586663,0.0166638196685,0.1310828006333,-0.2906679283403,-0.2130819457632
0.5515194161834,-0.0911659643827,-0.1224096603071,0.0853749780804,0.2897722500763,-0.0457464580144,0.6072691649969,-0.0019852107408,0.3340866260712,0.1986828933217,0.5657901154762,-0.0288258551658,1.0000000000000,0.0862148107639,0.4570823535097,0.4638320625321,-0.0159004103498,0.0307193961684,0.1452744764616,0.1217687837488,0.7154566641864,-0.0789529952196,-0.0997839124947,-0.1052576368948,-0.1005497996398,-0.0752170178441,-0.0766996957073,-0.1793576848177,-0.1568879386214,0.3850719399714,0.0075251662219,-0.1693028218783,-0.2417224932528,0.1460753192767,0.0816416035710,0.3161613984152,-0.1831551889678,0.0379001022261,0.0728688093268,0.2157805375296,0.0429811520037,0.3448605729326,-0.1867041889506,-0.0217991217467,0.2985551675428,0.4917764922980,0.0326208692947,0.8112410119579,-0.1256234784124,0.0899620916582,0.2831430846726,-0.0389847235840,0.0039355187837,-0.0518305264802,-0.0436283218397,0.4940076453718,-0.1949297137697,-0.0584478111510,-0.0049103337075,-0.0437742444659,-0.1831927329948,-0.2496746559362,-0.2379813597939,-0.2261279594646,0.1445285178239,-0.0867942256613,0.1351220699936,-0.0514418918649,0.1012874266378,-0.0130379241677
0.0562955439208,0.0604105684765,0.2266934189667,-0.0088381098904,-0.1956399060199,0.1443736440531,0.2126185188966,-0.1674813718147,0.2915711334798,0.0139341932462,-0.0107058295500,0.4994045249037,0.0862148107639,1.0000000000000,0.1514603711933,0.0339822435192,-0.1102029511428,-0.0501472605865,0.2652309563235,0.0853243839487,-0.0704815634749,-0.1526215771054,-0.1689622636261,-0.0377873561246,-0.1388226832282,0.3397563720168,0.2281819094360,0.1985500439786,-0.3085026078619,0.1693812488579,-0.3363664576982,0.0689474001791,0.1823495164715,-0.0749874100204,0.0829322166330,-0.2707600460042,-0.0998215102267,0.1629439897280,-0.0227166156042,-0.2835171885539,0.1417274446614,0.1329242204838,-0.1493049582843,0.0438072298947,0.0433213868284,0.1046493516519,0.5398755567946,0.0888194578953,0.4986047150635,0.0337720430864,-0.0327648998122,-0.0706349948829,-0.3087367034904,0.2149276098473,-0.1936921048382,-0.1015599536417,-0.0827531439219,-0.1794121530895,-0.0354424486272,-0.1966550975049,0.1781318858632,-0.1193903089298,0.1329482982050,-0.2068149090452,0.0101544377809,-0.2622380983566,-0.0213382961419,0.3058480690286,-0.1601101496109,-0.1356629787059
0.4415141574896,-0.0692502095104,-0.1042226063356,0.1854152364154,0.0395523824385,0.1390021334963,0.4556819540570,0.2197644249932,0.4129183720322,0.1516943556193,0.5446503659387,0.0234219201654,0.4570823535097,0.1514603711933,1.0000000000000,0.4209461041747,-0.0000373168077,0.1726935445686,0.3293489588560,0.3604284298391,0.3095489859025,0.0732307203972,-0.0299492790534,0.0204352502229,-0.0298311521851,0.2960084401790,-0.0232825088897,-0.1867975586029,-0.1052588915926,0.5699579252835,0.0808153352822,0.1127228623540,0.0431620649559,0.3701262639975,0.3257281288048,0.1021240281919,-0.2521797481662,-0.0000977530407,0.1575120804177,-0.0501979418156,0.0346904655651,0.1883849438776,-0.1039558659977,0.0588083486041,0.2082516828194,0.1300174090962,-0.2032269757004,0.2652979981446,0.0583437529976,0.2885971944458,0.2407543464950,-0.1607717972193,-0.0161963247679,-0.1272398035637,-0.0174986368881,0.1559653953265,-0.3395445400629,-0.1184101981639,-0.0370193964664,-0.0621113380598,0.1456298590058,-0.2115591952148,-0.2675215479619,-0.2655885464296,0.0536537044714,-0.3618041559765,0.4099963812342,0.0321914703555,0.2217700929933,0.0104068819679
0.2241736675320,-0.2431176723128,-0.2321593708392,-0.0840436550496,-0.0458365002006,0.2922908259158,0.5807013722031,-0.1751057358343,0.3923980648627,0.0088546354328,0.5101127509671,-0.0684229330904,0.4638320625321,0.0339822435192,0.4209461041747,1.0000000000000,-0.1450766541652,-0.0274076981847,-0.0814135848285,-0.1457106800950,0.2033281761214,-0.1626322206321,-0.2321386131656,-0.1680198657863,-0.2251679455180,-0.1457728643076,-0.3303176786855,-0.2817368142747,-0.2468845765464,0.3192194270381,-0.0542995660602,-0.2577659008445,0.1020495034214,0.1225391927069,0.2116209709668,0.2401747291223,-0.2923561511174,0.0541215333602,0.0647563758174,-0.0514863962339,0.3572966014375,0.4490846047981,-0.3094744227447,0.3358990783153,0.1682007477766,0.1863285799705,0.0321451125316,0.2890428362235,0.0570899619045,0.4436992703539,0.7943234072308,-0.2510804025868,-0.0693352628736,-0.0116546111116,-0.0100053371228,0.0454517065167,-0.2916282160329,-0.2076780158187,-0.0447693910753,-0.1659803602653,-0.1415125570726,-0.3384473900997,-0.2486253602008,-0.3657226913903,0.3852349478628,-0.1892484809356,0.1214874486567,0.1904556708030,0.3832745673396,0.1844892529923
0.3263287295179,0.4741224815823,0.0536116602900,0.4568478147372,0.1123570474097,-0.3627323531144,-0.2440388926824,0.2466071336663,-0.1879145786290,0.2588543785650,-0.1624267786034,-0.1512265220384,-0.0159004103498,-0.1102029511428,-0.0000373168077,-0.1450766541652,1.0000000000000,0.0871377138688,0.0258690100538,0.1533628392684,0.0645194311726,0.6195282545865,0.5969484113070,0.5821821110285,0.2188497596128,0.1664346844872,-0.1034307285205,-0.0017708583983,0.3952629806956,0.1571586648840,0.4525110839716,-0.1696961786555,-0.3283643232426,0.2292555695222,0.1714340477615,0.2862563890365,0.3584955582335,0.0951084942295,0.4277218751673,0.1082463770437,-0.3074962672086,-0.4279609850675,0.2572899329043,-0.4584494876229,0.1867030229910,0.0416273009831,-0.1291468230085,-0.0172196413936,-0.2629621439692,-0.3110091041068,-0.1859750285578,0.8729714651495,0.2058666876796,-0.1900792770167,0.0309233727571,0.0243978130343,0.5784930777066,0.5948582973885,0.7268243646512,0.4390586454106,0.2200362017376,-0.1894368711236,-0.0209743656454,0.3956213094766,-0.1105798158615,0.4813945556127,-0.1141735978709,-0.3268690357279,0.1136797455022,0.0317447030927
0.1878825021046,0.3995497969531,-0.0813922230358,0.3622686545690,0.1540973407222,-0.1572454373132,-0.1562349842872,0.1870601450388,-0.2544962315020,0.0228732209046,-0.1337165924082,-0.1296539967580,0.0307193961684,-0.0501472605865,0.1726935445686,-0.0274076981847,0.0871377138688,1.0000000000000,0.0795836822471,0.5834024666470,0.0965963512604,0.2175844316442,0.2751726189269,0.3443298676327,-0.0023527692868,0.3404271179408,0.2448755130561,-0.1020360122639,0.0758114338396,0.3142628135101,0.2459972117699,0.1050516915413,-0.0495624989132,0.3811786104279,0.5262632969794,0.2379139548407,0.3862484773062,-0.2697295050232,0.4392253991934,0.1789102685794,-0.2249774969440,-0.1641003912707,0.1365664374261,-0.3547128314121,-0.0725038432953,-0.0550370957456,-0.2549960356755,0.0534780229693,-0.0348603583554,-0.1963036753706,-0.1217896015353,0.0542371202808,0.6737046731257,-0.0128749698598,0.4431343169734,0.0548557242614,-0.0054955888241,0.2261350345802,0.2381759696028,0.0220726290331,0.2882277521440,0.0148543992648,-0.1636340506378,0.1502199976884,-0.0192883461283,0.1126289059660,0.2629216991678,-0.1314989239923,0.2958350066623,0.2674536743668
0.3860091555383,0.2469123174508,0.2541948105815,0.0284290599429,-0.0126377818197,0.0457424198846,0.1405139472773,0.1337144993638,0.0780966768587,-0.0843053188233,-0.0700395859958,0.6920510265470,0.1452744764616,0.2652309563235,0.3293489588560,-0.0814135848285,0.0258690100538,0.0795836822471,1.0000000000000,0.6592038443790,-0.0288770679154,-0.0594323047535,-0.0171024767571,0.0045952894909,0.0827584391383,0.5349788344724,0.4490912631189,0.2636556219673,0.0512313232130,0.4255375969949,-0.0803005995132,0.2650341916484,0.0143276712311,0.1200756131256,0.1948811386436,-0.1695539815675,0.0550976908615,0.1525823844474,-0.0074261346507,-0.1492032130650,-0.2242239997399,-0.1582145076388,0.2390526500704,-0.1816265468551,-0.1376469498212,-0.3033043604204,-0.0446843912302,-0.0979786559202,-0.0334521685587,-0.3006932824759,-0.2799077689546,0.0602197218860,-0.1177678006088,-0.0146444631816,-0.2150691138034,-0.1679553708588,-0.0333312260630,-0.0148772664812,-0.0709158365283,-0.1029671775904,0.2331523019601,0.0493584597372,0.1373889590797,0.0877141937302,-0.2950321684055,-0.0095458785634,0.2307296384773,0.0111813379957,-0.0970679606740,-0.2492111768553
0.4334156462803,0.4072483367525,0.1563174513042,0.3005513945800,0.0311078532962,-0.1037270056475,0.0019035364585,0.2204446180658,-0.0821088347258,0.0429430397081,-0.1353594732817,0.3178237754219,0.1217687837488,0.0853243839487,0.3604284298391,-0.1457106800950,0.1533628392684,0.5834024666470,0.6592038443790,1.0000000000000,0.0506385470231,0.0102925038052,0.1971992250051,0.1683794542351,0.0786029821003,0.7391952502851,0.5346729843781,0.0935334294527,0.0029994188951,0.4914972167668,-0.0303609398629,0.4120285838422,0.0379840572411,0.2625840267824,0.4483899877180,0.0341073663922,0.2807606733057,0.0170327844386,0.2460252949419,-0.0662595868042,-0.3788113861030,-0.2741011923399,0.3977243070198,-0.3823364301699,-0.0809448202528,-0.2183265536185,-0.3322914399466,-0.0864333787468,-0.0125965436119,-0.3261339519729,-0.3149055880907,0.1224875074741,0.2610010198897,-0.1453503951511,0.0806571490050,-0.0469792483117,-0.0086057746406,0.1650564252560,0.1791011362633,-0.0217083670554,0.4796441674573,0.0864098424464,-0.0186721980186,0.1832873326495,-0.3041168587719,0.0953243290144,0.4359975583181,-0.1594336132106,0.0452213095405,-0.0868008513446
0.4466707348138,-0.0346185100363,-0.1371876903518,0.3167008387705,0.6401702580964,-0.2837995363189,0.1752184875454,0.3408231425992,0.0218840609756,0.4235804302624,0.4881070558862,-0.2274887860150,0.7154566641864,-0.0704815634749,0.3095489859025,0.2033281761214,0.0645194311726,0.0965963512604,-0.0288770679154,0.0506385470231,1.0000000000000,0.1289357832953,0.0968707671917,-0.0078568302867,0.2517080024623,-0.1096797581666,-0.1121208934096,-0.1795334849690,0.2172878165040,0.2541514106444,0.2835583782287,-0.1690965867563,-0.3281998061056,0.3036215007643,0.0095829174871,0.3842523677100,-0.1051405682212,-0.0477091545013,0.2682549227278,0.6287095675518,-0.1256544938174,0.0229494362769,0.0824960027087,-0.1713418881179,0.4339472661659,0.4093317526557,0.0442984652672,0.6999857524677,-0.1904145706888,0.0569114385957,0.1258010604576,0.0207357329641,0.2006506473471,0.0291946397589,0.1080334254886,0.8683828251407,-0.0186943578503,0.1177003478350,0.0123364716704,0.2829905233315,-0.0759490379129,-0.1571973030785,-0.1881338076157,0.0886719283309,0.0802442372908,0.0708363724539,0.0963274235634,-0.1913424541239,0.2419943601023,0.0677793648238
0.1285819344266,0.4742651270619,0.1335034505383,0.5175618882775,0.3365691286048,-0.3454859927790,-0.2923021308114,0.4206486139916,-0.2139668110423,0.3144863702788,-0.0574345625673,-0.2505673096888,-0.0789529952196,-0.1526215771054,0.0732307203972,-0.1626322206321,0.6195282545865,0.2175844316442,-0.0594323047535,0.0102925038052,0.1289357832953,1.0000000000000,0.5806661470542,0.7993420301784,0.4116382811351,0.0073172988411,-0.0338996154182,0.1296030320427,0.6378201555850,0.1969265424478,0.7522180176722,-0.1894892654721,-0.2756417380767,0.4990583633315,0.2636416487389,0.2408101231238,0.4028407605603,-0.0966488416382,0.4382919546998,0.3311681510923,-0.2364672950575,-0.3956553065567,0.1605894174883,-0.3865318189952,0.2220559050239,-0.0727653811282,-0.0953876610933,-0.0352872605711,-0.4144963953913,-0.3142846995262,-0.1194960933933,0.5946250589858,0.2925007003583,-0.1406869531165,0.0932318409183,0.1138313388513,0.6101286500172,0.5489883316223,0.4844625688478,0.5192891517336,0.0994647273020,-0.1282726614180,0.0796156507702,0.4283744452462,-0.1103760624336,0.3116882811554,-0.0422568898683,-0.2309472230746,0.1976808935731,0.1727297735917
0.3443350293847,0.5672266318416,0.0538637455680,0.7671429317522,0.4091327175093,-0.4289060760371,-0.4830307411124,0.4724671415516,-0.4753292745480,0.5219414243391,-0.3751304233601,-0.2103736904552,-0.0997839124947,-0.1689622636261,-0.0299492790534,-0.2321386131656,0.5969484113070,0.2751726189269,-0.0171024767571,0.1971992250051,0.0968707671917,0.5806661470542,1.0000000000000,0.4845731651174,0.5178219258398,0.2016956513697,-0.0199166803663,0.0172118549355,0.5243616025533,0.2803871586333,0.5790531867987,-0.0947423205389,-0.3360377265038,0.4094265894828,0.2265036626891,0.3419262091194,0.5175888511237,0.0306438173684,0.6602859416104,0.3847750999546,-0.4039765837178,-0.5625559796207,0.4971726152877,-0.6494906928401,0.3911848233171,-0.2238563229294,-0.1668986456611,-0.0829195790112,-0.2615812398179,-0.3866661717442,-0.2743116586527,0.6851465734412,0.3194137090738,-0.1860657486675,0.0802302630718,0.1000434228328,0.4749293622546,0.9318936367073,0.4425669895132,0.6454687712910,0.2360894570023,-0.1438415365069,0.0741198581635,0.4600829561404,-0.0215504640509,0.5311408451530,0.0609726695754,-0.3215155758163,0.2614017247183,0.0907712111451
0.1025375257054,0.6095089136311,0.3872495920181,0.3801951990465,0.1126345116867,-0.1743496965721,-0.2009800025111,0.1368753002749,-0.1126042046907,0.1210940052883,-0.0874552512027,-0.1672477041474,-0.1052576368948,-0.0377873561246,0.0204352502229,-0.1680198657863,0.5821821110285,0.3443298676327,0.0045952894909,0.1683794542351,-0.0078568302867,0.7993420301784,0.4845731651174,1.0000000000000,0.1771084667952,0.1134496797678,0.1284791281891,0.3198533307946,0.3176841998197,0.2133311484087,0.4631607469704,-0.2332073928619,-0.2172493890905,0.4397191631349,0.4059923201924,0.1208427544704,0.5540655841277,0.1074541894716,0.3864062152172,0.1072137476269,-0.1395622878324,-0.3333568785044,0.1035361520282,-0.3544028528105,0.0172191975451,-0.0377919919611,-0.1961526320886,-0.1336257148823,-0.3302296042009,-0.4179711165961,-0.1481140680498,0.5670615853728,0.2510744659819,-0.2564007364466,0.0080813371620,-0.0310016285112,0.5508452695108,0.4702612734787,0.7320142290724,0.2594971305910,0.1439865475673,-0.1059388949861,0.2525292071149,0.2821832417514,-0.1988488896125,0.2640659260363,-0.0139576405789,-0.1870083617144,0.2592077656115,0.1370918418765
0.2440074053366,0.2032266033569,0.3329115302090,0.4712592798851,0.7038497214142,-0.3137554128082,-0.4576853627298,0.7907478680467,-0.2903799604900,0.6764224834938,-0.2103042483024,-0.0368435256509,-0.1005497996398,-0.1388226832282,-0.0298311521851,-0.2251679455180,0.2188497596128,-0.0023527692868,0.0827584391383,0.0786029821003,0.2517080024623,0.4116382811351,0.5178219258398,0.1771084667952,1.0000000000000,0.1280884910524,0.2082868390418,0.2425092961453,0.7836284248843,0.1492900795325,0.4752369319948,0.0232126183618,-0.2438803495563,0.2537123696203,-0.1519686964353,0.0412366262078,0.1103795545956,0.2186009995857,0.2494331230517,0.6249813641135,-0.4775862102452,-0.5434685708410,0.6942582899279,-0.4335645574620,0.5487886079701,-0.3541575185914,-0.0881251790529,-0.1213299624313,-0.3222202424588,-0.3465495810567,-0.3231795111311,0.3148865866399,0.0083358279788,-0.2173656380126,-0.1965118639869,0.2956999987594,0.3819072378149,0.4645146137066,-0.0551984068509,0.8485238403187,0.0271810390278,0.0193802441357,0.2388003418773,0.6201452226473,-0.2685559580305,0.3067499881148,0.0458644890625,-0.2736926945004,0.0269024025014,-0.2611010700541
0.2659127432236,0.3928035983300,0.1549148418415,0.2999420861585,-0.0298288929383,-0.0478795848315,-0.0979472699685,0.2486292478538,-0.0593787801056,0.1299760332008,-0.1998408559798,0.4171988158841,-0.0752170178441,0.3397563720168,0.2960084401790,-0.1457728643076,0.1664346844872,0.3404271179408,0.5349788344724,0.7391952502851,-0.1096797581666,0.0073172988411,0.2016956513697,0.1134496797678,0.1280884910524,1.0000000000000,0.4836495595606,0.1137957388935,-0.0034029419370,0.4030797859763,-0.0565812918510,0.5188139132231,0.1837755244382,0.2125829689321,0.4098174521185,-0.1096366452643,0.2273407141857,0.0439223875586,0.2383656755260,-0.1681778627920,-0.4208521614520,-0.3318203151527,0.3976686429206,-0.3495410555578,0.0178939250189,-0.3057411855456,-0.2368638790388,-0.2732131223333,0.2309795005065,-0.2324054301476,-0.3158969201792,0.1493562401127,0.0668902749505,-0.1352224255710,-0.0316868969062,-0.1345561951088,-0.0058182793224,0.1561259470182,0.1178320235113,0.0646583699182,0.7603624935564,0.0996143108447,0.0203294406019,0.1813233533129,-0.3076980533361,0.0168802911994,0.4123877273884,-0.0818827259736,-0.0606558542428,-0.0823247450954
0.0158725459362,0.2820377994446,0.6132846917165,0.0261640607502,0.1209222706331,0.1818483405387,0.0036224067910,0.0985517154398,0.0950565236084,-0.1075449825753,-0.1023519957354,0.4237838606621,-0.0766996957073,0.2281819094360,-0.0232825088897,-0.3303176786855,-0.1034307285205,0.2448755130561,0.4490912631189,0.5346729843781,-0.1121208934096,-0.0338996154182,-0.0199166803663,0.1284791281891,0.2082868390418,0.4836495595606,1.0000000000000,0.6623374599139,0.0825705909955,0.1198834451419,-0.1689158519149,0.3023916528428,0.0918132874167,0.0185977926986,0.0957206023219,-0.4224738683233,0.2672388225443,0.2778385933311,-0.1499923325932,0.0104200338969,-0.1943455419139,-0.1083210651039,0.3177669199155,-0.0901573818016,-0.1844479577692,-0.2629176635408,-0.0946770666636,-0.2643806915446,-0.0588148940219,-0.4449948715206,-0.4415326108129,-0.0037239315778,-0.0843787367833,-0.1700294916804,-0.1933612284994,-0.1126416563063,-0.0104605165099,-0.0369682707012,-0.1105932740157,0.0254432541340,0.2406856859309,0.5719085191588,0.5225855315039,0.1981084269946,-0.5437820574225,-0.0246164883324,0.1876522646079,0.0544054157851,-0.3050514909770,-0.3036755222263
-0.1474431002567,0.2117921177245,0.8573365961004,-0.0868981534946,0.0714541755988,0.2036791525216,-0.0853581633406,0.0171181048244,0.0850079754566,-0.0544463077312,-0.1028309981847,0.2800024633455,-0.1793576848177,0.1985500439786,-0.1867975586029,-0.2817368142747,-0.0017708583983,-0.1020360122639,0.2636556219673,0.0935334294527,-0.1795334849690,0.1296030320427,0.0172118549355,0.3198533307946,0.2425092961453,0.1137957388935,0.6623374599139,1.0000000000000,0.1219604537269,-0.1502246482282,-0.1277943392310,-0.0051687229520,0.0042544456284,-0.0674317702588,-0.1467869319657,-0.4855218843319,0.1804122886296,0.5035515266283,-0.1830635239436,-0.0290475712314,-0.0009979612224,-0.1531182482183,0.1348830941679,-0.0161705795652,-0.1320666492485,-0.2104497819693,0.0415660476424,-0.3565276164183,-0.1208677285282,-0.3813310465036,-0.3509734297748,0.0848040454197,-0.2790637497236,-0.1530467023866,-0.2965412255834,-0.1362403141156,0.2301774654842,-0.0196284239828,-0.0164324499731,0.0451842090520,-0.0204186481962,0.4122160599449,0.9017401700562,0.1051569187413,-0.4900577745592,-0.0840262817111,-0.1357502432925,0.0193302029417,-0.2202729039127,-0.3161652140277
0.1223321017320,0.2792061661224,0.1030311366886,0.4795672408784,0.6458575454901,-0.4184465913531,-0.4774343740751,0.7189860328877,-0.3722402398438,0.4195395970854,-0.1680391014425,-0.1181106596403,-0.1568879386214,-0.3085026078619,-0.1052588915926,-0.2468845765464,0.3952629806956,0.0758114338396,0.0512313232130,0.0029994188951,0.2172878165040,0.6378201555850,0.5243616025533,0.3176841998197,0.7836284248843,-0.0034029419370,0.0825705909955,0.1219604537269,1.0000000000000,0.1004732636767,0.7426981675447,-0.0453482582317,-0.3060827434228,0.3224646031911,-0.0566263829317,0.1786537303980,0.2558714586456,-0.0785470272195,0.3161711478958,0.6118735849500,-0.4692506928834,-0.5522398213851,0.5053037672774,-0.4011773996762,0.2847986913726,-0.3426635308726,-0.0436688258883,-0.1400383910191,-0.4519776871906,-0.3523126380551,-0.2499136422698,0.4502354866164,0.2453245700829,-0.0736817244414,0.0364526246299,0.2184992135888,0.5033083195048,0.4932673758410,0.0944283867115,0.7248831243976,0.0461498591028,0.0652043938135,0.1209579137667,0.7363048896997,-0.1738802034005,0.4466853970021,-0.0325210288210,-0.3094788646935,0.0693522266569,-0.0022283980536
0.7124671910860,0.3371752601217,-0.0685960868094,0.3622761447649,0.2318218123896,0.0875351174159,0.2405818143221,0.1817075883398,0.1784998791863,0.2662694646635,0.1854781417294,0.2406780070917,0.3850719399714,0.1693812488579,0.5699579252835,0.3192194270381,0.1571586648840,0.3142628135101,0.4255375969949,0.4914972167668,0.2541514106444,0.1969265424478,0.2803871586333,0.2133311484087,0.1492900795325,0.4030797859763,0.1198834451419,-0.1502246482282,0.1004732636767,1.0000000000000,0.2819140984063,0.0095872700895,0.0462620548407,0.5728322660691,0.6755768065491,0.2987923036384,0.2340073949715,0.1061862169184,0.3363101009270,0.0742317495999,-0.0593963084549,-0.0505822738670,0.2358349236135,-0.2558441907069,0.2341926231725,-0.1789630892420,-0.0925200693507,0.1255991601475,-0.1426972512160,-0.1222935074460,0.1411861818995,0.1692096203802,0.0869625149002,-0.1471543952122,-0.1444994821910,-0.0198982231194,-0.0593909321496,0.3044114644684,0.2392084974245,0.1537740736447,0.2503848786270,-0.2273439342698,-0.1402809323355,0.0412736935784,0.1764443355690,0.1721845341730,0.3924813115965,0.0722295639973,0.3517371198111,0.1345274690863
0.2645385079182,0.3769407062022,-0.1324051934736,0.5165984721762,0.5865364152012,-0.3404606390762,-0.3345397264534,0.6217471944008,-0.3284464070505,0.4145877884544,-0.0067749808361,-0.3105475391148,0.0075251662219,-0.3363664576982,0.0808153352822,-0.0542995660602,0.4525110839716,0.2459972117699,-0.0803005995132,-0.0303609398629,0.2835583782287,0.7522180176722,0.5790531867987,0.4631607469704,0.4752369319948,-0.0565812918510,-0.1689158519149,-0.1277943392310,0.7426981675447,0.2819140984063,1.0000000000000,-0.2026846901649,-0.2840154724686,0.5823839979317,0.2909167852875,0.3846771484934,0.3681610038942,-0.2163605634552,0.4775262751655,0.5239715629403,-0.2349848524956,-0.3663983073731,0.2394813860523,-0.3998639881823,0.2668872963264,-0.2005879082322,-0.1315567034326,0.0088684303041,-0.4834515836790,-0.2304291605555,-0.0276565239617,0.4450992376093,0.4476567695042,-0.0577366449897,0.1946786263370,0.2074872189412,0.3513240321241,0.5430042981031,0.2886098812570,0.5564353319456,0.0841435493969,-0.0838012019723,-0.1061605859132,0.3751398766163,0.0361433440804,0.4702030508426,0.0201637504956,-0.2194035204870,0.2642432548464,0.2981033196237
-0.1679583106098,0.0431111566176,-0.1141176224437,0.0158575129947,-0.0698567819267,0.0089058120630,-0.0451830839934,0.1708299523957,-0.1415780396094,-0.0575026247490,-0.1698280580246,0.3084356956362,-0.1693028218783,0.0689474001791,0.1127228623540,-0.2577659008445,-0.1696961786555,0.1050516915413,0.2650341916484,0.4120285838422,-0.1690965867563,-0.1894892654721,-0.0947423205389,-0.2332073928619,0.0232126183618,0.5188139132231,0.3023916528428,-0.0051687229520,-0.0453482582317,0.0095872700895,-0.2026846901649,1.0000000000000,0.3613875283967,0.0045103765443,-0.0159227908029,-0.1828329182607,0.0272452687038,-0.2702315052994,-0.0760220259254,-0.1120523776764,-0.2928542398531,-0.1499307973520,0.1810193407548,-0.0691578147992,-0.0827834496808,-0.3201903756696,-0.1389452280652,-0.2774614201006,0.3282924147158,0.0139080916922,-0.2822716548743,-0.1660306760257,0.1102596303358,0.1156352948562,0.1965954612149,-0.0526775105998,-0.1082497695063,-0.1399640334254,-0.2280660743360,-0.0903556485131,0.5319201546213,0.3401420264175,-0.0499849917364,0.1091214607389,-0.1906334149835,-0.1485112657350,0.3750860243486,-0.1016076165078,-0.2365627254614,-0.0906449846578
-0.2494251998224,-0.1993476312252,-0.0314078035426,-0.3122365146528,-0.3044523205928,0.5617822758081,0.2393612140602,-0.1856571796343,0.2850351278814,-0.3070274613931,-0.0077240131535,0.2526757571064,-0.2417224932528,0.1823495164715,0.0431620649559,0.1020495034214,-0.3283643232426,-0.0495624989132,0.0143276712311,0.0379840572411,-0.3281998061056,-0.2756417380767,-0.3360377265038,-0.2172493890905,-0.2438803495563,0.1837755244382,0.0918132874167,0.0042544456284,-0.3060827434228,0.0462620548407,-0.2840154724686,0.3613875283967,1.0000000000000,-0.1206072781124,0.1563931653429,-0.3394157097363,-0.1459362705668,-0.0433963281075,-0.2982312200906,-0.3253722442511,0.2874629053220,0.3091182239733,-0.1018544022372,0.4154935280395,-0.2718511774762,-0.2425237154214,-0.0091610287966,-0.3418660125725,0.3853766182768,0.2614503507058,0.2194518516567,-0.3825906611568,-0.1652727743439,0.0767761306616,-0.0349547621765,-0.2754311906598,-0.2757793850640,-0.3580589853735,-0.2249094258783,-0.3150807846158,0.2256999173649,0.1856925357032,0.0267867883311,-0.2070757322377,0.0730331489925,-0.2428202571752,0.1846408070440,0.5189225759014,-0.2291939889638,0.0493207992825
0.3643365035512,0.4067550968531,-0.0631065041800,0.4571328492176,0.4292240942855,-0.0652802361633,-0.0385012688004,0.3633712480045,-0.0612570157584,0.2824421328183,0.2301295944817,-0.0916568809744,0.1460753192767,-0.0749874100204,0.3701262639975,0.1225391927069,0.2292555695222,0.3811786104279,0.1200756131256,0.2625840267824,0.3036215007643,0.4990583633315,0.4094265894828,0.4397191631349,0.2537123696203,0.2125829689321,0.0185977926986,-0.0674317702588,0.3224646031911,0.5728322660691,0.5823839979317,0.0045103765443,-0.1206072781124,1.0000000000000,0.5637812232369,0.3300788929650,0.3162353960530,-0.0767124609177,0.4721912391291,0.3352251653584,-0.0729516550450,-0.1525144687036,0.1515345236410,-0.2347915348825,0.1898835222665,-0.1293383481455,-0.2121960319686,0.0043048350553,-0.2870465808977,-0.1068793103898,0.0734859838339,0.1846028307236,0.3285837967352,-0.0921533504199,0.1170934226375,0.1870395984214,0.0898199544546,0.3484038863899,0.2887191512774,0.2620540952745,0.2804645595311,-0.0675996896585,-0.0658703515115,0.0726671048241,0.0348245908130,0.1510744883956,0.3292749254879,-0.1015773003320,0.5659708204293,0.3040415274362
