1.0000000000000,0.3942746687595,-0.0096084452477,0.4163256200669,0.3113504575850,0.1232501579643,0.3218290583781,0.5631678590497,0.4209691086892,0.2580156996335,0.5116394831238,0.0926958410542,0.2169082746900,0.4158813720023,0.6034495880104,0.2159848842305,0.2894372657539,0.4552677089954,0.1078845370359,0.3598907899028,0.2715007983148,0.5266512611181,0.4697415778957,0.3810381092703,0.4322179634233,0.2325855884888,0.2721735494002,-0.0466537395556,0.4629874722608,0.6918133096245,0.6608216832027,0.0334863442568,0.1072781853571,0.4092895795474,0.0996153420641,0.4369335137167,-0.1507669418236,-0.5103715631150,0.0985886604292,0.2232857494117,0.1218689953167,-0.0334296118598,0.1269027557389,0.0526256869088,0.2684904988596,0.3738482761200,0.0672808812682,0.1275837643911,-0.0365414811593,0.1631636751578,0.1812118309202,0.2255053347882,-0.1633592738765,-0.3346603394491,-0.1996853144245,0.1720884633353,0.0856779338966,0.2376233734186,-0.1402558399717,0.4211125290550,-0.0818894714536,-0.3604763630125,-0.3844585458018,0.2776342777915,0.4584328322008,-0.1210846958471,-0.0164445600355,0.2441814293231,0.1049521339627,0.0998773485422
0.3942746687595,1.0000000000000,0.2883090350333,0.7132293948446,0.0663080183541,0.2788504556351,0.0835379532859,0.3462528650648,0.2516773812787,0.0090037026360,0.2621692910402,0.1430795304490,-0.0046841896734,0.3325348963625,0.2622204298031,0.1623283726928,0.0590819485361,0.3912937503869,0.0608922237674,0.2377609537784,0.1477271372752,0.3441387586545,0.4478616773258,0.3918114809031,0.2333320554113,0.3652797999153,0.5096286278778,0.2312279799380,0.1881913071023,0.2492389515249,0.5847475563529,0.0025701031006,0.0956790033405,0.2908601561976,0.4467761259657,0.1391513236224,0.3876332757312,-0.1639294920109,0.4286451413612,0.0070218867748,0.2248058629697,-0.2625282355715,0.1120658986003,-0.0397627507601,0.0147949050391,0.1689002610067,0.0321610894027,-0.0655648411281,0.0575851628429,-0.0194060792573,0.1237268511834,-0.0056271402440,0.1200918748258,-0.3548693343387,-0.3236006976258,0.0481648191250,-0.0502385482996,0.2342106790307,-0.0755532486405,0.3150401015763,0.2387869178269,-0.1336270422312,0.0185236059002,0.0671834149698,0.1591717142639,-0.0046345615082,-0.0894396850689,0.1721672963058,0.2362822495389,0.5125487411422
-0.0096084452477,0.2883090350333,1.0000000000000,0.3961606334351,-0.0822531708349,0.1136111593860,-0.0181501903320,0.2993246560111,0.2293554942414,0.0764993621143,0.0853490001883,0.2993525452444,-0.1589456742795,0.2683856262443,0.1655936335687,0.0582075653592,-0.1683847847268,0.0788835650385,0.2515410025723,-0.0337807088107,-0.0249894812094,0.0294586460259,0.1142717467636,0.1413948617169,0.2625462162239,0.2957177421408,0.2695988027037,0.7451869199961,0.0698546787230,-0.0465474991213,0.1913560249087,0.0313425476104,-0.0231554982299,-0.0818056494145,-0.0667400742361,-0.2745352944085,-0.0676615908577,0.4975218948154,0.1584046262489,-0.1447091816746,0.0756941647037,-0.0480078360780,0.1623607075173,0.0942298299152,-0.0152981842200,-0.0357809647052,0.2250473155780,-0.1993196185295,0.0683541146043,-0.0189178153428,0.0663472537704,-0.1889175804716,-0.2563998714980,-0.0153412934968,-0.4017032213163,-0.0741647713739,-0.2707268163995,-0.0702828510500,-0.2021161185154,0.2042294960839,0.1332679740887,-0.2988905461019,0.5832265285140,-0.1621110238373,-0.2710954598935,-0.2792481841759,-0.2627040080363,0.0820290611606,-0.0223981584992,-0.0094601907988
0.4163256200669,0.7132293948446,0.3961606334351,1.0000000000000,0.1287956804381,0.2606609992714,0.1383212887204,0.4037014585881,0.3608897991263,0.2674260436801,0.2915474685627,0.1547779837603,0.0960555371776,0.3411952253875,0.3473416356352,0.1919236455814,0.0788934948362,0.2645727292925,0.0860029425209,0.2875131429229,0.2777533475621,0.3289472766029,0.6616894396681,0.3111379825983,0.4349048032582,0.4566216960402,0.3501248213901,0.1539892799719,0.2987883309821,0.2769511141061,0.5012839383443,0.0548528137496,0.0850586808477,0.3391994901143,0.2938442470836,0.1562166109844,0.1896257594360,-0.0635926146079,0.6876345817321,0.0999726483360,0.2004110090158,-0.1083504635457,0.2650190856026,0.0644163512252,0.2988058198673,0.2122679214276,0.0678879825604,0.0244743440858,0.0553075390964,0.1462611080682,0.1611587196315,0.0456324442324,-0.0269871509147,-0.3416220216800,-0.3628465852032,0.1842080849638,-0.0828643091340,0.4129541233650,-0.1165934265141,0.5552228152931,0.3074636152530,-0.2334876718421,0.0323304488178,0.1683022389592,0.1018855214627,-0.1497083580278,-0.0634179542332,0.2201073548007,0.2745172820907,0.4269012470071
0.3113504575850,0.0663080183541,-0.0822531708349,0.1287956804381,1.0000000000000,-0.1316204428033,0.4607258237762,0.3759902033100,0.2583986228512,0.3046822117083,0.6171612179120,-0.0084767293932,0.7538101802004,0.2881728429317,0.2460983747510,0.4294787257595,0.2688496431487,0.2188968425040,-0.0468635046393,0.0239846204214,0.5514448327284,0.4631099252197,0.0981292627085,0.3134929294203,0.3327987043735,0.1175637274827,0.1189189326351,-0.1570320901926,0.7099404854693,0.5031560269102,0.2862234599039,0.0329968781151,0.0112075796263,0.2124111136950,-0.2196498626313,0.0587697551158,-0.3331078654699,-0.3519905154694,-0.1889360458577,0.9171993035350,0.0377542607502,0.2963045574485,0.0898618213202,0.1162031565814,0.5128988735962,0.6097764364721,-0.0092059259239,0.7467200644388,-0.1016228941306,-0.1093801585950,0.4964647822634,0.1793808033812,-0.2174163987429,-0.3517626263929,-0.3076304924425,0.6323142626311,0.0153629258094,-0.0007208249827,-0.0946881047679,0.3856320323663,-0.2767061967563,-0.3431700190320,-0.3034041051159,0.6637619702234,0.3496714535934,-0.1692403348884,0.0703903173673,0.2244081742065,-0.0931677062509,-0.1999685284858
0.1232501579643,0.2788504556351,0.1136111593860,0.2606609992714,-0.1316204428033,1.0000000000000,0.2715197872620,0.2259169628604,0.4059886005676,-0.0565791857821,0.1474688186979,0.2052436223470,-0.0504979032776,0.2209838242899,0.3562259559672,0.3510513604078,-0.2303615247564,0.1534725076376,0.1589298871433,0.1626948485658,-0.1510392742517,-0.0481155987178,0.0509950497941,-0.0283317224058,-0.0234086786306,0.1588725184817,0.2510993275174,0.0343722602212,-0.1366647985700,0.1590906692335,0.1711836748386,0.1860251161790,0.5267785984594,0.3260826809186,0.2089475925006,-0.1448887819374,-0.0541462884554,-0.1336670866756,0.1461829517223,-0.1682909306761,0.6226291757679,-0.0647429737034,-0.1668904485840,0.1499179032451,-0.0614248705617,-0.0026855423308,0.1092134143820,-0.1290058380422,0.1536096976561,0.2240503691584,0.2270901271875,-0.2307597945937,-0.0810963039119,-0.0524339859986,-0.0902106064103,-0.1459285941676,-0.2046752892589,-0.1508970734098,-0.2402164165325,-0.0368962512251,0.1004501633377,-0.1338611113004,-0.1220903178944,-0.2502993206204,0.1652158413433,-0.2039507123852,0.0154201410927,0.3866909014238,0.2019237128611,0.2543631346662
0.3218290583781,0.0835379532859,-0.0181501903320,0.1383212887204,0.4607258237762,0.2715197872620,1.0000000000000,0.4539074967331,0.6200175350522,0.0839338207463,0.6900207236451,0.2149490177253,0.5680343306573,0.4694811586084,0.5847537700580,0.5034113476740,-0.1290181633083,0.2275973388818,0.2538292101652,0.1681202927555,0.0916421185664,0.0788835426224,0.0418348975596,0.0751246976185,0.1279391698340,0.1516767061788,0.3126786388099,-0.0291503565662,0.3502245160004,0.4933102200990,0.2573134343338,0.2087038153145,0.2116936110555,0.0940791858306,-0.3186568008726,-0.1222736206216,-0.4287651957611,-0.2997821368769,-0.2306980429532,0.3350905511383,0.3099863868451,0.5458234912028,-0.1122636387099,0.3682187303827,0.2439018626803,0.5691629350697,0.0950569734747,0.4674484147168,0.0309200532989,0.0049919162782,0.5027907315082,-0.2321178359014,-0.3433815735153,-0.2663968216724,-0.2608826313596,0.1352985113044,-0.3310004180986,-0.2261057444612,-0.3254350349897,0.0901229974875,-0.3224900634203,-0.3013203720041,-0.1978776283269,0.2055191157841,0.1759517958937,-0.3673750007177,0.0219414927145,0.5115398302015,-0.2609153086599,-0.2339297821594
0.5631678590497,0.3462528650648,0.2993246560111,0.4037014585881,0.3759902033100,0.2259169628604,0.4539074967331,1.0000000000000,0.6366650801874,0.1450478288255,0.8023145991709,0.1381393473536,0.1721596786414,0.6637915534044,0.7171765508484,0.3948910680884,-0.1535672777638,0.5211788121111,0.0669049288789,0.3641984199593,-0.0010087052786,0.2636810031398,0.2634254066972,0.1496696161974,0.5141663173091,0.5589484429283,0.6123904287195,0.2097006356356,0.6353785643693,0.5864919246818,0.6483451241407,0.2544572596065,0.3320647720782,0.2228992128935,-0.1384932518727,-0.1786858532638,-0.4529519198796,-0.3478856092941,-0.1555229360121,0.2178897219510,0.3909110491786,-0.0230991043847,0.2845968899565,0.1527665023722,0.1706393818135,0.6129088866779,0.1241181474995,0.0925960128054,0.0291103042928,0.0405648940030,0.3906128932677,-0.2730625291072,-0.4682209201586,-0.5756282341885,-0.5349593359526,0.0313024896886,-0.4948385085470,-0.0979369348705,-0.6291973403356,0.4295689838095,-0.0303542399266,-0.4332563243275,-0.1486396107505,0.3582387022494,0.1676028975902,-0.5665656314283,0.2177775582358,0.5884479295258,-0.1022070253861,-0.1233250278801
0.4209691086892,0.2516773812787,0.2293554942414,0.3608897991263,0.2583986228512,0.4059886005676,0.6200175350522,0.6366650801874,1.0000000000000,-0.1429619226445,0.7265997393448,0.4215233960683,0.0654131029101,0.7240099619524,0.8508843600827,0.4993609893065,-0.2628853681320,0.2909777721111,0.3807853860384,0.3164673088966,-0.1960455022165,0.1279138532581,0.0745692422815,0.1371419548542,0.1031072783178,0.4866804743712,0.4818104454282,0.2215649367028,0.4012606060460,0.5842342317990,0.4152810230087,0.2706398268612,0.3827202572918,0.2334682009879,-0.1538312859452,-0.2690585000937,-0.5560756521725,-0.2665596328963,-0.1398654159388,0.0614320233177,0.4753314338054,-0.0457476854212,-0.0957164135761,0.5572232569759,-0.0266292506071,0.4619315453540,0.3203167980739,-0.0481502255825,0.1497604235557,0.0649045945548,0.3926942690644,-0.3551159140449,-0.5728369484198,-0.3748388209434,-0.5387699830095,-0.1518082074369,-0.5795073175111,-0.2653748232955,-0.5947007266737,0.0957769756592,-0.0677432129327,-0.4929706897890,-0.0193197081341,0.1228327313203,0.0096666647387,-0.6605126996568,0.0377240761834,0.7361021081857,-0.1634427926361,-0.0947975701109
0.2580156996335,0.0090037026360,0.0764993621143,0.2674260436801,0.3046822117083,-0.0565791857821,0.0839338207463,0.1450478288255,-0.1429619226445,1.0000000000000,0.0409645534729,-0.1497833187179,0.4891980338519,0.0519891864238,-0.0200243602404,0.1950289814779,0.3127411079352,0.0238948311282,-0.1413331816921,-0.0794497649026,0.5435340198392,0.2992025909162,0.4748146621113,0.1373749410921,0.6267284076373,0.0963021599715,-0.2190798509931,-0.0729985108975,0.1995804163295,0.1367991946955,0.0610928469891,-0.0662899017449,-0.0919213008377,0.2178269827276,-0.0783369213239,0.2217746389827,0.0019660571905,-0.1871413725855,0.2561280424240,0.3243216636588,-0.0845177491459,0.2885118821165,0.2932719831669,-0.2138990886481,0.8378780280076,0.1659048743383,-0.1687368573260,0.4374675414642,0.0660603012244,0.1128355111105,0.2154362451651,0.2849575882652,-0.0707627520313,-0.1048032759808,-0.1073470756818,0.4437889871980,0.3125057594257,0.3644319256757,0.1739841713960,0.5192562906466,0.0645055249143,-0.2444779521251,-0.2164658681282,0.2386732961816,0.3137435975472,0.0324197866804,-0.0172539098386,-0.1244668636144,0.2505696290741,-0.0483961880686
0.5116394831238,0.2621692910402,0.0853490001883,0.2915474685627,0.6171612179120,0.1474688186979,0.6900207236451,0.8023145991709,0.7265997393448,0.0409645534729,1.0000000000000,0.1240368604393,0.4106106139277,0.6495315987685,0.7209134141396,0.4793144205984,-0.0956516706849,0.4087658487602,0.1020319283012,0.2953635789338,0.1242789579983,0.3208774588201,0.1340627486166,0.2152722544639,0.3035489568884,0.4557478327732,0.5026089448749,0.0454575961652,0.6508048868324,0.6879908952091,0.5371867273228,0.2091117169466,0.2778933457466,0.2090646454075,-0.2225388766197,-0.1309440458024,-0.5742779046669,-0.4514007333342,-0.2656447341997,0.4394633214722,0.3552392507442,0.1621312128658,0.0354164436013,0.3599681000908,0.2177071279435,0.8556535208426,0.1105925155805,0.3432246883313,-0.0483768658222,-0.0533597731372,0.5085565370314,-0.2287953761478,-0.5156141854752,-0.5780368943079,-0.5584274361869,0.1973713222609,-0.4415528580585,-0.1848528903065,-0.5530931421655,0.2875765366187,-0.1984016941600,-0.5059242901120,-0.2502331976406,0.4167625484440,0.2007109600934,-0.5632560328415,0.1870800393545,0.6210275316830,-0.2157791200651,-0.1942483825610
0.0926958410542,0.1430795304490,0.2993525452444,0.1547779837603,-0.0084767293932,0.2052436223470,0.2149490177253,0.1381393473536,0.4215233960683,-0.1497833187179,0.1240368604393,1.0000000000000,-0.1189961382144,0.4995903411694,0.2394846717878,0.0569930280040,-0.1515357644856,0.0089643311041,0.8904800524786,-0.0249679824161,-0.1058793720005,-0.0900654931265,-0.0258284131652,-0.0633987698587,-0.0507050704531,0.0147350059747,0.3099862577339,0.3018336773062,0.0273111297758,0.1515291986740,0.0605171774288,0.3534784941886,-0.0693990806578,-0.1568833304407,-0.2254903681722,-0.0819262631339,-0.1340785028374,0.1485937790331,-0.0134941058607,-0.0922266990598,0.0391837176229,-0.0054101450948,0.0212877807265,0.2506378114408,-0.1266149013114,-0.0094487643956,0.8691376120761,-0.1586712839444,0.5262825563583,-0.0009179947888,-0.0521948920784,-0.1464993772150,-0.2296367044768,0.3606218313630,-0.3064501695188,-0.1184297533479,-0.2978179299603,-0.1662159018775,-0.2720612671721,-0.0249299405950,-0.0802101909128,-0.2121714625226,0.2209449563487,-0.0962677756969,-0.1930599039638,-0.2214812757876,-0.5693461416831,0.1329474339368,-0.3143233344107,-0.1416923351390
0.2169082746900,-0.0046841896734,-0.1589456742795,0.0960555371776,0.7538101802004,-0.0504979032776,0.5680343306573,0.1721596786414,0.0654131029101,0.4891980338519,0.4106106139277,-0.1189961382144,1.0000000000000,0.0832937577549,0.1157725782304,0.4231810764641,0.2960282190915,0.0669187550210,-0.0850991916882,-0.0669650627352,0.6929570832269,0.3427104206601,0.1217511526436,0.2120068471099,0.2972937770153,-0.0787758406737,-0.0881003055352,-0.3024355502967,0.4349781401120,0.3441072760596,0.1195824197555,-0.0071973560898,-0.0317576714197,0.1484648244084,-0.2586293667651,0.1225077706192,-0.1869790424316,-0.3240518219091,-0.0637893259031,0.7489878752485,-0.0175811721616,0.5640806588900,0.0536285692887,-0.0048913019351,0.6587263594172,0.5161111640549,-0.1705230185014,0.9089644504778,-0.0799763242378,-0.0364990345964,0.4668083918118,0.2370619263893,-0.0791972042377,-0.2043127873077,-0.1354894053560,0.6938835318455,0.1928703131782,0.0645689610799,0.1124998132902,0.2858404504823,-0.3031145892950,-0.2848795136386,-0.3891488017850,0.4929167837095,0.3879700406256,-0.0051248986949,-0.0041529175368,0.0511936324835,0.0337105237871,-0.1543815991374
0.4158813720023,0.3325348963625,0.2683856262443,0.3411952253875,0.2881728429317,0.2209838242899,0.4694811586084,0.6637915534044,0.7240099619524,0.0519891864238,0.6495315987685,0.4995903411694,0.0832937577549,1.0000000000000,0.7355774371902,0.4052583989711,-0.2160403901949,0.3371310826505,0.3950924872649,0.2318160787078,-0.1452818196324,0.1357412719014,0.0890356067686,0.1187192379678,0.2358760576861,0.6386739876263,0.5462472857893,0.3590802230204,0.4185280226638,0.5669581262245,0.3087296020116,0.4252448371843,0.2700535328599,0.1492420388747,-0.2135124807243,-0.2604413052809,-0.4885806987446,-0.2677099240416,-0.1547192797767,0.0605264996717,0.4257774702173,-0.0456192711597,0.0353608592456,0.3351520967962,0.0478159203462,0.4342907155083,0.4883542343387,-0.0397897414611,0.5223741726924,0.0781555355035,0.3481869567770,-0.3317978179927,-0.5471221673768,-0.3490794301039,-0.6322663678071,-0.1640214517983,-0.5017912484315,-0.2405136531331,-0.5608949517835,0.1217907042538,0.0633772896572,-0.4565672825275,0.0489011373478,0.1204972141726,0.1261898855027,-0.6266117855122,0.0235973705658,0.6917632302026,-0.1340576275518,-0.1341206045275
0.6034495880104,0.2622204298031,0.1655936335687,0.3473416356352,0.2460983747510,0.3562259559672,0.5847537700580,0.7171765508484,0.8508843600827,-0.0200243602404,0.7209134141396,0.2394846717878,0.1157725782304,0.7355774371902,1.0000000000000,0.5216091308121,-0.2252817278650,0.4228809798737,0.2012088071809,0.4583795515795,-0.1459383390109,0.2010902860975,0.1334979186783,0.1598502078310,0.1890057207897,0.5177494969170,0.4794829998224,0.1601619452158,0.4334526105698,0.7399748044097,0.5125026637780,0.2321210122551,0.4710576112016,0.3115663393844,-0.0790051733008,-0.1720509846017,-0.5019782425347,-0.3917703531932,-0.1211631499570,0.0533026409656,0.5073190905579,-0.0539389125965,-0.0287559418733,0.3726089758401,0.0356442121001,0.4846695460451,0.1895182488313,-0.0264600795715,0.1571800065688,0.1636493286586,0.4162457000316,-0.3193730237828,-0.4768087977344,-0.4699608256383,-0.4278370360805,-0.1495864333170,-0.4730565749212,-0.2059736242277,-0.5636689094162,0.1204364477678,-0.0345354794141,-0.4471062283366,-0.1643121366564,0.1428970500009,0.2325593923864,-0.5740424967453,0.1687130669865,0.7248541388671,-0.0274042091715,-0.0183197785014
0.2159848842305,0.1623283726928,0.0582075653592,0.1919236455814,0.4294787257595,0.3510513604078,0.5034113476740,0.3948910680884,0.4993609893065,0.1950289814779,0.4793144205984,0.0569930280040,0.4231810764641,0.4052583989711,0.5216091308121,1.0000000000000,-0.0936775832353,0.1053061040150,-0.0612047112468,0.0761042284714,0.0873415415921,0.2260257120922,-0.0031708391342,0.1428865923272,0.1351870213126,0.3615443305657,0.1246933129114,0.0105694516561,0.3575540055353,0.5674625471421,0.1809048416139,0.0425719161272,0.4823307417681,0.3376074471674,-0.0068530224300,-0.2561082533621,-0.2782768487411,-0.2746954234321,-0.0962602351631,0.3321103991839,0.5352175141632,0.1234575591601,-0.0424748432949,0.2658977558585,0.3162161130784,0.4153524049314,0.0285653345302,0.3325249364040,0.0483438390566,0.0368681351735,0.8377457005641,-0.1685723928754,-0.3327936492602,-0.3707173521173,-0.3229643082753,0.1323851330695,-0.2094301346138,-0.1911047485373,-0.2838623568770,0.1214594821107,0.0052963470441,-0.3515639332937,-0.1837931693205,0.2548219160888,0.3925215912472,-0.3419377414066,0.1946170241576,0.4898586141986,0.1723517346754,0.0986836983203
0.2894372657539,0.0590819485361,-0.1683847847268,0.0788934948362,0.2688496431487,-0.2303615247564,-0.1290181633083,-0.1535672777638,-0.2628853681320,0.3127411079352,-0.0956516706849,-0.1515357644856,0.2960282190915,-0.2160403901949,-0.2252817278650,-0.0936775832353,1.0000000000000,0.1118600575012,-0.0787681434881,0.0015235888561,0.4960256800469,0.6353676134799,0.4263570146326,0.5851642047371,0.2563310367763,-0.2481670070801,-0.2003645046580,-0.1851497517444,0.2610130877795,0.1669622738903,0.2382752738908,-0.1761857460985,-0.2016656727268,0.2435361582655,0.1447661827251,0.5198306427090,0.1893443781885,-0.2386434039370,0.1013211475298,0.3366484485132,-0.3033655744144,0.1114202216538,0.0594025250044,-0.1684215568632,0.3062044293989,-0.0085443494216,-0.1622857375346,0.2951249640953,-0.1425977123449,-0.0863502146045,-0.0329470295851,0.9095508932296,0.2677188882702,0.0614781154906,0.2009625923400,0.4067824400615,0.6935318115664,0.5526512118142,0.6044104581366,0.2924643088816,-0.1626422650345,-0.0548923122412,-0.2889161677368,0.3738292895922,0.3205757901897,0.4773796229589,-0.1197497272142,-0.3163880774668,0.2893687086349,0.1240185949739
0.4552677089954,0.3912937503869,0.0788835650385,0.2645727292925,0.2188968425040,0.1534725076376,0.2275973388818,0.5211788121111,0.2909777721111,0.0238948311282,0.4087658487602,0.0089643311041,0.0669187550210,0.3371310826505,0.4228809798737,0.1053061040150,0.1118600575012,1.0000000000000,-0.0237543146519,0.6311208495076,0.0814957334320,0.3080267406322,0.2905255771481,0.3849003690325,0.3047975575443,0.2308243285691,0.5638442693395,0.0678042013486,0.3896507449074,0.4316267121567,0.6309938271512,0.0501141561492,0.2350270900844,0.3209376050369,0.2832375247135,0.1612907197904,-0.0580870084964,-0.3438557300434,-0.0077024230597,0.1330251163492,0.1880533544996,-0.1098376677570,0.1009087810915,-0.0802010788099,0.0222397097936,0.2371304623790,-0.0194244269121,0.0455910837491,-0.0961955380570,-0.0454624960373,0.1205100194529,0.0210980213059,0.2039751365114,-0.4255057860347,-0.0606115833319,0.0469967057171,-0.1237755140222,0.1778514052389,-0.1579140709080,0.3027715198304,-0.0935928776790,-0.0879145074613,-0.2114388647061,0.2327494024143,0.1836029923603,-0.0682152583118,0.2002791641934,0.3195725258897,0.0420345960173,0.1605694959492
0.1078845370359,0.0608922237674,0.2515410025723,0.0860029425209,-0.0468635046393,0.1589298871433,0.2538292101652,0.0669049288789,0.3807853860384,-0.1413331816921,0.1020319283012,0.8904800524786,-0.0850991916882,0.3950924872649,0.2012088071809,-0.0612047112468,-0.0787681434881,-0.0237543146519,1.0000000000000,0.0118096051173,-0.0765597117950,-0.0354962421092,-0.0248637390789,0.0119284012488,-0.0690139440378,-0.1660584761180,0.2143253741058,0.2184813339691,-0.0034671465699,0.0716176962628,0.0769919482625,0.4443555829099,-0.1742311533261,-0.2172285359670,-0.3168776374694,-0.0155598184816,-0.1888394557444,0.1267089983357,-0.0848021260184,-0.1066929531137,-0.1121784673228,0.1115338213266,-0.0540520984507,0.1822776015443,-0.1292681986742,-0.0338924469657,0.7110213470902,-0.1331204582234,0.3800440588227,-0.0680650063488,-0.1441796719630,-0.0725522064880,-0.2357593760894,0.4938129679227,-0.2487724416307,-0.0838108466829,-0.2157583121931,-0.1637967786334,-0.1634116754756,-0.0503248033579,-0.2750054527032,-0.3092511241903,0.1700626056471,-0.1048040406129,-0.2934566434266,-0.1795589652666,-0.6338281547298,-0.0134016821680,-0.3843782125545,-0.2420600706359
0.3598907899028,0.2377609537784,-0.0337807088107,0.2875131429229,0.0239846204214,0.1626948485658,0.1681202927555,0.3641984199593,0.3164673088966,-0.0794497649026,0.2953635789338,-0.0249679824161,-0.0669650627352,0.2318160787078,0.4583795515795,0.0761042284714,0.0015235888561,0.6311208495076,0.0118096051173,1.0000000000000,-0.1487789255787,0.1398867721409,0.2801453531285,0.2510993506554,0.0943567050190,0.2948199568826,0.4736246911423,0.0526994737289,0.2457366998010,0.3517267451846,0.4168081364275,0.2118215320951,0.3304567883265,0.3074034733600,0.2450379092100,0.0305306449495,-0.0499314684845,-0.2345511828182,0.1440879400670,-0.0534901849219,0.1655432125813,-0.1224659271903,0.0187226187526,0.0001436127367,-0.0572080553660,0.1475105334889,-0.0730042646238,-0.1107610368969,-0.1124827189752,0.0508562539685,0.0269154763272,-0.0400676865186,0.0641708948930,-0.3291954778615,0.0547728042690,-0.1691180291400,-0.1908807076821,0.1663480641219,-0.1315438038659,0.1012444442879,0.0592489095540,-0.0307616159163,-0.0857429113858,0.1529122337063,0.0852456727675,-0.2183282832180,0.3468211961017,0.3494234332507,0.0841325597625,0.1666455878302
0.2715007983148,0.1477271372752,-0.0249894812094,0.2777533475621,0.5514448327284,-0.1510392742517,0.0916421185664,-0.0010087052786,-0.1960455022165,0.5435340198392,0.1242789579983,-0.1058793720005,0.6929570832269,-0.1452818196324,-0.1459383390109,0.0873415415921,0.4960256800469,0.0814957334320,-0.0765597117950,-0.1487789255787,1.0000000000000,0.4819025515116,0.3352527506611,0.3375085702990,0.3941387460933,-0.1786685703965,-0.2105116913526,-0.2823409769909,0.3118349461018,0.1256511073039,0.1919730105127,-0.1867071806013,-0.2529933762147,0.1509909499918,0.0879827137349,0.4890916532539,0.1022254379284,-0.1856097678873,0.2901095980216,0.6438789072500,-0.2646193838149,0.2509104154815,0.2436480929010,-0.2333732637300,0.6146893789704,0.2849257349437,-0.1746287505177,0.6881925157861,-0.1039226640391,-0.0707821307040,0.1754754397381,0.5180955438995,0.1753418296945,-0.0479118058168,-0.1184324054834,0.9004056182358,0.4754474241505,0.3605282841900,0.3344295324489,0.4780822006467,-0.1541025178923,-0.2284236976632,-0.3408094456843,0.4267791939479,0.2408997461577,0.2753636048407,-0.2832308378577,-0.3457619770887,0.1123482997676,0.0389680412533
0.5266512611181,0.3441387586545,0.0294586460259,0.3289472766029,0.4631099252197,-0.0481155987178,0.0788835426224,0.2636810031398,0.1279138532581,0.2992025909162,0.3208774588201,-0.0900654931265,0.3427104206601,0.1357412719014,0.2010902860975,0.2260257120922,0.6353676134799,0.3080267406322,-0.0354962421092,0.1398867721409,0.4819025515116,1.0000000000000,0.3992336168120,0.8599619793333,0.3397760950042,0.0270849210453,0.0343655680092,-0.1355593268123,0.4941406400429,0.5178628037124,0.6187064074358,-0.0945736797848,-0.0126831923236,0.4170502173789,0.2148450966856,0.3988647779403,-0.0417239752284,-0.4510000471126,0.0523199588835,0.4498274087090,-0.0692350121825,-0.0096362040994,-0.0267917325780,-0.1055262442181,0.3335261732017,0.2531187745305,-0.1645104480421,0.3078769886704,-0.1584144157472,-0.1402167724307,0.2120231872143,0.5908054281923,0.0104549742012,-0.2827956591716,-0.1931580184867,0.4167064669637,0.5146039188321,0.3329168980914,0.3436776222731,0.4074157205794,-0.1835601963658,-0.4342331746842,-0.3647597304065,0.4484816481842,0.3700622552936,0.1070906881673,-0.0122685574595,-0.0149652412145,0.2918681568394,0.2239971531709
0.4697415778957,0.4478616773258,0.1142717467636,0.6616894396681,0.0981292627085,0.0509950497941,0.0418348975596,0.2634254066972,0.0745692422815,0.4748146621113,0.1340627486166,-0.0258284131652,0.1217511526436,0.0890356067686,0.1334979186783,-0.0031708391342,0.4263570146326,0.2905255771481,-0.0248637390789,0.2801453531285,0.3352527506611,0.3992336168120,1.0000000000000,0.3377971048962,0.5022475684630,0.2082882498096,0.1525568865732,-0.0619029593445,0.2430525539761,0.2572015799731,0.4667896396558,-0.0966990396264,-0.0345739685984,0.3829999584738,0.2872521841091,0.3660650597806,0.2249611264456,-0.2544031835517,0.5228767210250,0.0968763489809,-0.0170745884724,-0.0423458833077,0.2215633074139,-0.1091436723447,0.4316402664506,0.1058791912378,-0.0864934917707,0.0553928284578,-0.0868400215317,0.0818093682327,0.0078076550399,0.3524310029933,0.1036618057182,-0.2293027482098,-0.0556863446338,0.2179571979856,0.1991688071305,0.8093202420984,0.0943429001902,0.5640711512089,0.1706010334506,-0.0625453040864,-0.2130282978864,0.1912189585880,0.2562289808919,0.1184226003649,-0.0276353478053,-0.0289176531394,0.3092290630259,0.2946757345488
0.3810381092703,0.3918114809031,0.1413948617169,0.3111379825983,0.3134929294203,-0.0283317224058,0.0751246976185,0.1496696161974,0.1371419548542,0.1373749410921,0.2152722544639,-0.0633987698587,0.2120068471099,0.1187192379678,0.1598502078310,0.1428865923272,0.5851642047371,0.3849003690325,0.0119284012488,0.2510993506554,0.3375085702990,0.8599619793333,0.3377971048962,1.0000000000000,0.1894527943790,0.0536910527593,0.1010263702719,0.0769141534062,0.4030592815819,0.3686138546120,0.5181529293041,-0.1018326600407,0.0364640497928,0.3689003629175,0.2766453846343,0.2601426888778,-0.0011343325946,-0.3110384417955,0.0674727828660,0.2875063413660,-0.0684775452809,-0.0426415747255,-0.1554720757060,-0.0646789603890,0.1601363252383,0.1070272842675,-0.1702497251389,0.1797750589796,-0.1499858217226,-0.2368384183949,0.1661932175971,0.5192634450515,0.0714948898152,-0.2400004577779,-0.1456458238675,0.2741399769463,0.4255609851569,0.2845571064330,0.4452724163095,0.2258120879825,-0.1467719503426,-0.3644223609161,-0.1114075684712,0.3465176780036,0.2029944087415,0.0569011192817,-0.0149534933467,0.0248745337712,0.2357633982484,0.2201602537812
0.4322179634233,0.2333320554113,0.2625462162239,0.4349048032582,0.3327987043735,-0.0234086786306,0.1279391698340,0.5141663173091,0.1031072783178,0.6267284076373,0.3035489568884,-0.0507050704531,0.2972937770153,0.2358760576861,0.1890057207897,0.1351870213126,0.2563310367763,0.3047975575443,-0.0690139440378,0.0943567050190,0.3941387460933,0.3397760950042,0.5022475684630,0.1894527943790,1.0000000000000,0.2997885442681,0.1531002766053,0.1270402387714,0.5080669008649,0.2577259237403,0.3884270958463,0.0729860105693,-0.0317205285002,0.2644558847592,-0.0446065562755,0.1327630600811,-0.0250363487697,-0.1263633413029,0.2058957971094,0.3359765423744,0.0262867872562,0.1195469506529,0.5306971989388,-0.1813834539029,0.5827188065840,0.2753651963952,-0.1179130930018,0.2953956898158,-0.0422415112602,0.0782707526434,0.2032231733174,0.1650062958487,-0.1586323090933,-0.3394748087455,-0.3110287997354,0.3649010276345,0.0863925240736,0.3394207981059,-0.0589142403228,0.8463528177317,0.0737195553277,-0.2590622354366,-0.0755423110197,0.4220305195215,0.1957039554942,-0.0673050926342,0.0950155413328,0.0679121616201,0.1205087022117,-0.0157851874081
0.2325855884888,0.3652797999153,0.2957177421408,0.4566216960402,0.1175637274827,0.1588725184817,0.1516767061788,0.5589484429283,0.4866804743712,0.0963021599715,0.4557478327732,0.0147350059747,-0.0787758406737,0.6386739876263,0.5177494969170,0.3615443305657,-0.2481670070801,0.2308243285691,-0.1660584761180,0.2948199568826,-0.1786685703965,0.0270849210453,0.2082882498096,0.0536910527593,0.2997885442681,1.0000000000000,0.4958947766492,0.4434776211603,0.3133927183546,0.3643144824590,0.1697314842328,0.0672947493130,0.3829245525691,0.2972001381716,0.1696589314570,-0.3042118529742,-0.1940132160771,-0.1540197024412,0.1441475285666,-0.0415010578068,0.4453939126208,-0.2613049045653,0.1174196669787,0.2602319386595,0.0760727901336,0.3068245824058,0.1177989029505,-0.1275143152733,0.2612885386775,0.1445651602530,0.3514357230072,-0.3558255546609,-0.4026285645432,-0.5761032281601,-0.4762840260648,-0.1810294631304,-0.4819327236531,-0.0359987760627,-0.5143845969093,0.1734362691933,0.6442360382684,-0.1341390023645,0.1932489981977,0.0621098340784,0.1500585009008,-0.6042199097390,0.3844792611054,0.6335733958316,0.1427624571691,0.1585944241010
0.2721735494002,0.5096286278778,0.2695988027037,0.3501248213901,0.1189189326351,0.2510993275174,0.3126786388099,0.6123904287195,0.4818104454282,-0.2190798509931,0.5026089448749,0.3099862577339,-0.0881003055352,0.5462472857893,0.4794829998224,0.1246933129114,-0.2003645046580,0.5638442693395,0.2143253741058,0.4736246911423,-0.2105116913526,0.0343655680092,0.1525568865732,0.1010263702719,0.1531002766053,0.4958947766492,1.0000000000000,0.3657948099657,0.3136516477148,0.3584600883335,0.4799940785821,0.3272785582216,0.2448146536276,0.1079676265568,0.0915421277460,-0.2111832060171,-0.1240985975588,-0.1459967870823,-0.0479181530032,-0.0500009087189,0.2532199692244,-0.1662402637511,0.0242843529069,0.1055099924931,-0.2123043361070,0.2845447149428,0.2494242455313,-0.1423339783611,0.1224796069174,-0.0708497466988,0.0864227236494,-0.3125987549292,-0.1632468131952,-0.3582676224809,-0.3091484500819,-0.1939884789196,-0.5315651260902,-0.1315026797179,-0.5227988419704,0.1210432015776,0.1213722581797,0.0232597787145,0.0536883146407,0.0465282307220,0.0008100957504,-0.3860622586589,0.1277599217312,0.4730186603704,-0.1967627167326,0.0083331405070
-0.0466537395556,0.2312279799380,0.7451869199961,0.1539892799719,-0.1570320901926,0.0343722602212,-0.0291503565662,0.2097006356356,0.2215649367028,-0.0729985108975,0.0454575961652,0.3018336773062,-0.3024355502967,0.3590802230204,0.1601619452158,0.0105694516561,-0.1851497517444,0.0678042013486,0.2184813339691,0.0526994737289,-0.2823409769909,-0.1355593268123,-0.0619029593445,0.0769141534062,0.1270402387714,0.4434776211603,0.3657948099657,1.0000000000000,0.0151423079764,-0.0558150920598,0.0091152519749,0.0701889791855,0.0025010532030,-0.0729022231612,-0.0330462191582,-0.3683014428596,-0.0271315837796,0.4998269819061,0.0017593529735,-0.2593594177984,0.0783308585587,-0.1595136471497,0.0676533604134,0.1132311857446,-0.1896961160569,-0.1007367770008,0.3083847888355,-0.3177644715877,0.1884264042822,-0.0698661333379,0.0066709015068,-0.2776427336771,-0.2970620210854,-0.0036625009895,-0.2545760375464,-0.3188669790954,-0.3319576967995,-0.2004264515087,-0.2030879229104,-0.0466336259659,0.2752523216031,-0.0456863397364,0.8009496822435,-0.2188843262984,-0.2029127862066,-0.3242161699665,-0.0767397650189,0.2280823359966,-0.0868520592221,-0.0911262097145
0.4629874722608,0.1881913071023,0.0698546787230,0.2987883309821,0.7099404854693,-0.1366647985700,0.3502245160004,0.6353785643693,0.4012606060460,0.1995804163295,0.6508048868324,0.0273111297758,0.4349781401120,0.4185280226638,0.4334526105698,0.3575540055353,0.2610130877795,0.3896507449074,-0.0034671465699,0.2457366998010,0.3118349461018,0.4941406400429,0.2430525539761,0.4030592815819,0.5080669008649,0.3133927183546,0.3136516477148,0.0151423079764,1.0000000000000,0.5409647874884,0.5068431534344,0.1631948719939,0.1226021652427,0.1906239280820,-0.1855829532373,0.0222196465064,-0.3527012951693,-0.3693867324008,-0.1530415884589,0.5882936419884,0.1232252589223,0.0972302779075,0.3499423482591,0.1589043041141,0.3228015006800,0.6199238924227,0.0351833295116,0.4021239246470,-0.1102258025562,-0.1082972297555,0.4517601997533,0.1393360898280,-0.2942083663724,-0.4577929002468,-0.3975044056625,0.3599874531201,-0.1365702213171,0.0897827758292,-0.2031962911860,0.4546587013625,-0.1700293661242,-0.4190327483468,-0.2056484821521,0.8590069839272,0.2589578610990,-0.2633770325744,0.1657628188797,0.3546815101732,-0.1037802353081,-0.1754259880354
0.6918133096245,0.2492389515249,-0.0465474991213,0.2769511141061,0.5031560269102,0.1590906692335,0.4933102200990,0.5864919246818,0.5842342317990,0.1367991946955,0.6879908952091,0.1515291986740,0.3441072760596,0.5669581262245,0.7399748044097,0.5674625471421,0.1669622738903,0.4316267121567,0.0716176962628,0.3517267451846,0.1256511073039,0.5178628037124,0.2572015799731,0.3686138546120,0.2577259237403,0.3643144824590,0.3584600883335,-0.0558150920598,0.5409647874884,1.0000000000000,0.5827612395705,0.0805173557152,0.3284017223831,0.5573327883715,0.0360842164472,0.1131615865247,-0.3502865396840,-0.5291868016196,-0.1565346159678,0.3580100980870,0.3326844639353,0.0110608012165,-0.0877284500129,0.2069302716948,0.2585219989402,0.4959708823444,0.1477312796467,0.2390648040649,0.0252392475517,0.0192623073023,0.4929643629260,0.0384345711571,-0.3003093937619,-0.4629106016003,-0.3020873455505,0.1137264650407,-0.1226597973932,0.0351447567412,-0.3146727658722,0.2616657528724,-0.1262434791008,-0.3665929061069,-0.3726848756509,0.3357439884861,0.6122686210644,-0.2949009642616,0.1761935601527,0.5508431040893,0.1774898264761,0.1179864447558
0.6608216832027,0.5847475563529,0.1913560249087,0.5012839383443,0.2862234599039,0.1711836748386,0.2573134343338,0.6483451241407,0.4152810230087,0.0610928469891,0.5371867273228,0.0605171774288,0.1195824197555,0.3087296020116,0.5125026637780,0.1809048416139,0.2382752738908,0.6309938271512,0.0769919482625,0.4168081364275,0.1919730105127,0.6187064074358,0.4667896396558,0.5181529293041,0.3884270958463,0.1697314842328,0.4799940785821,0.0091152519749,0.5068431534344,0.5827612395705,1.0000000000000,0.0273788156586,0.1051931976105,0.3692671121463,0.2408761447431,0.2688610300103,-0.0312005624698,-0.3797724878634,0.0653587025652,0.2125922360893,0.1316637620528,-0.1285464158122,0.1517809639639,-0.0634408876551,0.0897629890128,0.3577514734597,-0.0552223058865,0.0410061515110,-0.2195199369596,-0.0868105504455,0.1404816148086,0.1537938017293,0.0162895370881,-0.4513681228708,-0.2539275370346,0.1342668181928,-0.0246060084072,0.2545116962070,-0.1606938268143,0.4921315101264,-0.1706811003804,-0.3616561186093,-0.2851066179163,0.3321678760748,0.2221439510762,-0.0125907340450,0.0216833704909,0.2360095651443,0.1073943364758,0.2731965376943
0.0334863442568,0.0025701031006,0.0313425476104,0.0548528137496,0.0329968781151,0.1860251161790,0.2087038153145,0.2544572596065,0.2706398268612,-0.0662899017449,0.2091117169466,0.3534784941886,-0.0071973560898,0.4252448371843,0.2321210122551,0.0425719161272,-0.1761857460985,0.0501141561492,0.4443555829099,0.2118215320951,-0.1867071806013,-0.0945736797848,-0.0966990396264,-0.1018326600407,0.0729860105693,0.0672947493130,0.3272785582216,0.0701889791855,0.1631948719939,0.0805173557152,0.0273788156586,1.0000000000000,0.1430019324921,-0.0456916624056,-0.3449960407784,-0.2171892688475,-0.2714619619301,-0.0610106997914,-0.1543549788249,-0.0410108998796,0.1604589818381,0.1080863293027,-0.0226979406595,0.0819752088526,-0.0563640026541,0.1055107496153,0.2754087209706,-0.0293302447652,0.3168091378028,0.0100088058949,0.0274200923744,-0.2087583099259,-0.3027382541885,0.1677065594647,-0.2098085540890,-0.1169739071398,-0.2905341379683,-0.2783604718631,-0.2270536423625,-0.0149384095951,-0.1709466032275,-0.2194922992777,0.0550829849194,0.0529300370998,-0.1309854921612,-0.3102070240638,-0.0022295457106,0.1804243840164,-0.2356934633367,-0.2744587619803
0.1072781853571,0.0956790033405,-0.0231554982299,0.0850586808477,0.0112075796263,0.5267785984594,0.2116936110555,0.3320647720782,0.3827202572918,-0.0919213008377,0.2778933457466,-0.0693990806578,-0.0317576714197,0.2700535328599,0.4710576112016,0.4823307417681,-0.2016656727268,0.2350270900844,-0.1742311533261,0.3304567883265,-0.2529933762147,-0.0126831923236,-0.0345739685984,0.0364640497928,-0.0317205285002,0.3829245525691,0.2448146536276,0.0025010532030,0.1226021652427,0.3284017223831,0.1051931976105,0.1430019324921,1.0000000000000,0.3058437836889,0.1403058343503,-0.2775098219722,-0.2283291570754,-0.3098155859172,-0.0754894936244,-0.0584906407679,0.5781401789883,-0.1292792658204,-0.1759829136375,0.1723628136905,-0.0696637533019,0.1426499090567,-0.0360437952269,-0.0926370671400,0.1011276056879,0.2129790135799,0.4117440778499,-0.2567116747061,-0.1777401354265,-0.3163643299426,-0.0295198393276,-0.1979219259208,-0.2855116300943,-0.1696518222263,-0.2993145010371,-0.1073583784495,0.1798262545870,-0.0854394056175,-0.1479209346846,-0.0148254573263,0.3171514672253,-0.3635779713461,0.4798365440600,0.5562071982082,0.2054429984644,0.1356942905696
0.4092895795474,0.2908601561976,-0.0818056494145,0.3391994901143,0.2124111136950,0.3260826809186,0.0940791858306,0.2228992128935,0.2334682009879,0.2178269827276,0.2090646454075,-0.1568833304407,0.1484648244084,0.1492420388747,0.3115663393844,0.3376074471674,0.2435361582655,0.3209376050369,-0.2172285359670,0.3074034733600,0.1509909499918,0.4170502173789,0.3829999584738,0.3689003629175,0.2644558847592,0.2972001381716,0.1079676265568,-0.0729022231612,0.1906239280820,0.5573327883715,0.3692671121463,-0.0456916624056,0.3058437836889,1.0000000000000,0.4822366829244,0.1816443067315,0.0774460072019,-0.3198262913094,0.2423409049207,0.1832243874014,0.3285308828945,-0.2343755798502,-0.0813558635148,0.0273404379277,0.3061684183599,0.0433151076214,-0.1487228916550,0.1126610137792,-0.1064771342925,0.1137651796263,0.2769713980182,0.1506183314863,0.0615326732471,-0.3312556633012,0.0053684323136,0.1240242381485,0.1444634031051,0.3091795551894,0.0439915590597,0.3059070657221,0.1606502961925,-0.0838605558268,-0.1962560685586,0.1194528326739,0.5602826374052,-0.0132156096805,0.2609663505591,0.2816663939969,0.6257401585434,0.4482195216031
