1.0000000000000,-0.0468737492065,0.2450530354351,0.2127884954373,0.0496939869542,0.0496612213599,0.4250999746956,0.4340337502627,0.2278986039481,0.0253341514523,0.2781055774885,-0.0280992509284,0.1837779478623,0.1034725656765,0.5014030934082,0.2984896323598,0.1788940087994,0.1570778512255,0.2325542351637,0.4102327121786,0.2233204126866,0.4238805980667,0.1427452023689,0.2276121478884,0.2124353546501,0.0696932622550,0.0709154347165,-0.0225714368169,0.3370541333437,0.4469105076125,0.3905682007452,-0.1870900925087,-0.0326278712608,0.4796309891429,0.4062983679939,0.6318800993954,-0.1739198865763,0.1507061117332,0.0681819873449,-0.0794624847415,0.1821384780401,0.0802081299699,0.2202694860946,-0.0245973234308,0.0646900699006,0.3392365334695,-0.2179673864023,0.1271727087860,-0.2991539904231,0.1997795838230,0.1487602408270,0.1633335684507,0.0034876825225,-0.2164404257510,-0.2727795022716,0.1800621317206,0.3954251561808,0.1961637880644,0.2994500800949,0.2152973391854,-0.2651550601103,-0.5238536334616,-0.1159683268349,0.1642675750278,0.1977881904053,0.2899686344543,-0.2209825080079,-0.0638910197666,0.3463397461183,0.3162307538388
-0.0468737492065,1.0000000000000,-0.0289364918238,0.5961843046737,0.1892505744066,-0.4729841930870,-0.2621595490663,-0.3074177475982,-0.2062886512114,-0.2164125657008,0.0143490866765,0.3073527023364,0.0408804885904,0.0434325674870,-0.2382576670094,-0.1911221797468,0.3900158231547,0.2602600658015,0.1823980194947,0.3875582013492,0.2039898007441,0.3964423486435,0.5582212487566,0.5509703971817,-0.0590616498845,0.6401761405120,0.3972462549666,0.3975517457094,0.1113315511049,0.1552671320207,0.1996091366827,-0.3799701087621,-0.0394389631005,0.3401435856386,0.6285240264015,0.0052496425041,0.6040839238162,0.0457238653615,0.6738502307186,0.1939726077065,-0.2056606202513,-0.5176650432627,-0.3002775590121,-0.4017096660653,-0.1505454622652,-0.2482862770043,0.3048023164870,-0.0198160844329,0.0633561744421,-0.3500630809713,0.1407938651931,0.3704218110001,0.1775144924951,0.1499989145908,0.3767109551352,0.1489967693288,0.2435134611468,0.5195083442229,0.4567467508018,-0.0090763085591,0.4639186149646,0.2174424869603,0.2688025404508,0.0291250867676,0.0448079645407,0.0980563296542,-0.2786484421738,-0.4126255462190,0.0788616227022,0.5486781279215
0.2450530354351,-0.0289364918238,1.0000000000000,0.0222839827816,-0.1708054211886,0.0326514600931,-0.1077471359154,0.4748777795383,-0.1622645052902,0.1448782317633,-0.3510622611099,-0.3309271469412,0.1476899811450,-0.0824365504850,0.3270754142514,0.0190581215466,0.2709250507507,0.4626182558023,0.0070067752000,0.2845349013210,0.0828233260557,0.4436859203764,-0.2000566380843,0.4787251687113,0.1307458848049,0.0303101385121,0.6566694618992,0.6869421657985,0.1765623061290,-0.1853915072761,0.0465692221149,-0.1671350863783,0.1327114423275,-0.0188623279747,0.1616421050161,0.1484583715426,-0.2504947063244,0.7682532354597,0.0787317989320,-0.1557900823558,0.5620012420117,-0.3196238027547,0.4435515182446,-0.3490982097764,0.0783425959323,-0.0427611062322,-0.3354692517348,-0.0281631741207,-0.4687966135842,0.0440776128950,-0.3238486079242,0.3877776289800,0.1017349482894,-0.5251321071932,-0.5418635080999,0.0852485487118,0.5129777020017,-0.1951617156319,0.4054742899039,0.1008398325313,-0.0769167490014,0.0493669481423,0.6237701456166,0.1591063601389,-0.4698607302456,0.0829955739674,-0.3626609671224,-0.1419353362369,-0.1958838640458,-0.1122331305803
0.2127884954373,0.5961843046737,0.0222839827816,1.0000000000000,0.1609821641923,-0.4687931337018,0.1466618546971,0.1435443629444,0.1226334919384,0.2358952222093,0.3678214705202,0.4412408947900,0.1702056624156,0.4136608980718,0.0881352579091,0.1512662023849,0.2228753475645,0.3788937340044,0.3367926283652,0.3296409016837,0.2816853320831,0.2653183169285,0.6159552894174,0.3986153920808,0.2680975469517,0.6893865619360,0.2080357786489,0.2779585533420,0.1906677025548,0.3999125982815,0.2583212194853,-0.2936101315546,-0.0439462687728,0.3642624547834,0.4324609510698,-0.0016042940803,0.6227274551052,-0.0143844911897,0.8432418591100,0.1230205955042,-0.4239227308061,-0.1759579107059,-0.1834729712085,-0.0576825461390,0.2578820459810,-0.0943487796933,0.3770049738028,0.1788580755083,0.3257569137213,-0.0780471045618,0.5108714545211,0.1542274865274,0.0265283075106,0.2331817647111,0.3037469754576,0.3510389859110,0.0827275861222,0.5994331100082,0.1995557028131,0.2871207287505,0.3542071507353,0.0741011145968,-0.0154255390621,-0.1581536437356,0.2195348463055,-0.1601513135892,-0.1579298484695,-0.2898860394598,0.3150749830964,0.3102868759131
0.0496939869542,0.1892505744066,-0.1708054211886,0.1609821641923,1.0000000000000,-0.1884155659471,0.2320995685673,-0.0194482892675,-0.0706722441439,0.1348583238710,0.2487285182478,-0.0329773121136,0.7229613646149,-0.1447854049275,-0.1574364989648,0.1060408235137,-0.1106386706323,0.1439910640027,-0.0780772281319,0.1295821623446,0.7557753590707,0.0759313935402,0.2393979934035,0.0911132866367,0.4740641747079,0.1066715276237,0.0742549611887,-0.2438254902998,0.4693919215550,0.1154068263540,0.2908522160078,-0.2383653817296,-0.1781488488071,0.0968830370701,0.1707442836997,-0.0874665993599,-0.0496306601200,-0.2071486750239,0.1843109190263,0.9225381997299,-0.0104801318129,-0.0157966602163,0.0712420104637,-0.1555482948905,0.2567602492140,0.2329583638516,-0.1844251292520,0.6808580181390,-0.2321722125677,-0.2671452820253,0.2025571482135,-0.1125652311675,0.1866130521536,-0.2163964470085,0.0494854694562,0.6776600848420,0.0571193043734,-0.0045598231046,0.1037570152026,0.4062732716461,-0.1446560178782,-0.1454642564007,-0.2194284737675,0.4106705074849,0.0663204594789,0.2295627044444,-0.1920214451650,-0.1772142369779,0.1686199975056,0.1265663031120
0.0496612213599,-0.4729841930870,0.0326514600931,-0.4687931337018,-0.1884155659471,1.0000000000000,0.2037757085244,0.0263776331553,0.3470758928735,-0.0484245812304,-0.1144915623693,-0.1744969696478,-0.1700401937681,-0.1999118493066,0.0752717656899,0.2931038641379,-0.1143070562412,-0.1644237949993,-0.1886621278624,-0.1803964927711,-0.2643884004950,-0.2866800634362,-0.3029899131626,-0.3755598598488,-0.1382977234929,-0.4955812669409,-0.1297929442741,-0.2507282751976,-0.2738962857823,0.0612465691782,-0.1254575587023,0.4068219625874,0.3238582199997,-0.1156484050402,-0.2168489427795,0.0444582559391,-0.3552663505727,-0.0573304818040,-0.5507960272883,-0.2512033863334,0.3005653801145,0.4893406598621,0.0092869272778,0.2476087230848,-0.0598538789911,0.2198634049817,-0.2610455970163,-0.1069039938347,-0.1773724401237,0.1160184849154,-0.2604095723181,-0.0812221700261,-0.0511702900747,-0.2491374764421,-0.2899146827902,-0.2237992362290,-0.1826260325745,-0.2950191339749,-0.2399989853822,-0.1563164310304,-0.2819561885321,-0.0949656818892,-0.1186218074567,-0.0892836912754,-0.0583205973482,0.0796834193856,0.2772675543007,0.4614392863420,-0.1303374778466,-0.1345775988328
0.4250999746956,-0.2621595490663,-0.1077471359154,0.1466618546971,0.2320995685673,0.2037757085244,1.0000000000000,0.2912789787118,0.6010419056254,0.2600185032341,0.6525286474509,0.2248867849533,0.4419555983252,0.2828030140581,0.4426062232750,0.5782456097252,-0.0907158437017,0.0466059351926,0.2495034516489,0.1820057422869,0.2414014174889,-0.0903459485887,0.0605181354506,-0.2277206710008,0.2478776876090,0.0218719135873,-0.1435660967687,-0.2878435176415,0.1207727382767,0.5422696462913,0.1372977913436,0.0410423778889,0.1948983518633,0.3155633890328,0.0468877099804,0.1117659825984,-0.1989249795022,-0.2393626677462,-0.0223093408681,0.0906614456165,-0.0964350000137,0.6565073838954,-0.0462933959298,0.4099511231761,0.2954444272398,0.5270085265493,0.0033629955557,0.5375627309702,0.0845377407313,0.2053136672637,0.3983139903389,-0.1511455762491,-0.1014998045133,-0.0310412469140,-0.0500510756369,0.3152614642642,-0.0813408742630,-0.0069115104460,-0.2324058874015,0.2481965167311,-0.2262907127475,-0.3761630137054,-0.3672881260882,-0.0513333914203,0.2512884933779,-0.0321195108423,-0.0183389313472,0.2196833562177,0.2228821370081,0.0017052254441
0.4340337502627,-0.3074177475982,0.4748777795383,0.1435443629444,-0.0194482892675,0.0263776331553,0.2912789787118,1.0000000000000,0.1366928678218,0.5370506270868,0.2109534761009,-0.1840250834807,0.2582185095381,0.2408250055084,0.5501243951537,0.3728742656942,-0.0946202590793,0.2148529765923,0.0703792183691,0.0744961130129,0.1377440249342,0.1776606550128,-0.1256753354754,0.0221348092941,0.5885644713746,0.0385799632578,0.0432683110741,0.1714331912384,0.4492907527426,0.0571414102627,0.2637073205072,-0.0839713158663,0.0172553589218,0.1329134333664,-0.0821467192001,0.1573347541801,-0.3239896473897,0.2468480770129,0.0298914493602,0.0435673069591,0.1949141339947,0.0169961840795,0.5267111447825,-0.0197545554759,0.4289391519368,0.2960065509430,-0.2822377447014,0.1437853624504,-0.1567405837610,0.3353755672262,0.0989164330373,-0.0636546359472,-0.0974181150455,-0.3185358657419,-0.4167603218531,0.1829427681503,0.2354479685290,-0.1879622733331,-0.0387764005081,0.4978597507426,-0.2055679065696,-0.3833823770544,0.0097542893102,0.1846983482495,-0.1310827259513,-0.0364164680858,-0.2338554448841,-0.0033103891694,0.0648707077223,-0.1315831905537
0.2278986039481,-0.2062886512114,-0.1622645052902,0.1226334919384,-0.0706722441439,0.3470758928735,0.6010419056254,0.1366928678218,1.0000000000000,-0.0119264067496,0.5387240950537,0.5165897498374,-0.0406099814446,0.2787532554705,0.3146866773664,0.4187466480397,-0.1376956272627,0.0071598152488,0.4537795747156,0.1659494572849,-0.0610108498549,-0.1354151381517,0.0851413280678,-0.1767538042185,-0.0000798701435,-0.0669482779918,-0.2064704597323,-0.3380705059021,0.0790511432630,0.3215198210224,0.2493742997842,-0.0805218390785,0.1829326404409,0.1724821872061,-0.0366100138244,-0.0694950367335,-0.1335276252301,-0.1904174680552,-0.0731473528990,-0.1726187257406,-0.1986246203479,0.5633900755571,-0.1267965719154,0.6717904694898,-0.0403676416771,0.3301057182480,0.2164581488508,0.0308359726694,0.1881898393244,0.1154791368027,0.3781198679109,-0.2372758045712,-0.1056615157075,0.1720691310628,0.0622466216723,-0.0374373568171,-0.1646716103654,-0.0029377762689,-0.1673268754650,-0.1032474070740,-0.2757582452782,-0.2269892424350,-0.3727599288708,-0.0738894360192,0.1409085915592,0.0196816205643,0.0112476203761,0.1705438741415,0.1540541799500,0.0211988949210
0.0253341514523,-0.2164125657008,0.1448782317633,0.2358952222093,0.1348583238710,-0.0484245812304,0.2600185032341,0.5370506270868,-0.0119264067496,1.0000000000000,0.1469853625387,-0.0420223886850,0.3454920098499,0.5110216980794,0.3591939496362,0.5066436729572,-0.2177255517152,-0.0246391583623,0.0152016901654,-0.2462479901219,0.1923117816900,-0.1449895414907,0.0055849572909,-0.1783913291181,0.6717501781811,0.3047714040831,-0.1076820924130,0.1983047086886,0.0887737060871,0.1346047937143,-0.2663223344989,0.0261159234174,0.0497803168694,-0.0793344240150,-0.2728619907791,-0.0968553884237,-0.0793358497319,-0.0163335708625,0.2339657859555,0.1392506944256,-0.0339948326266,0.0739985051666,0.0545335908840,-0.0545404243860,0.8980775826503,0.1671821692330,-0.1019971887411,0.3394419014767,0.1979258358869,0.1931361618840,0.2422026618778,-0.1966027707290,-0.3792856566116,-0.2294490568703,-0.3115971123008,0.2537890625701,-0.0977878529791,-0.0734924914460,-0.3210296786342,0.6240009287704,0.1879496556465,-0.2774504267348,0.0310301161378,-0.1634385680300,0.0040971032002,-0.3706305783278,-0.0632875026836,0.1211479443619,0.0565639343753,-0.4307796782385
0.2781055774885,0.0143490866765,-0.3510622611099,0.3678214705202,0.2487285182478,-0.1144915623693,0.6525286474509,0.2109534761009,0.5387240950537,0.1469853625387,1.0000000000000,0.4499875212859,0.2666842972454,0.3736097939236,0.3255407845434,0.3134206188847,-0.1186757549626,-0.0605455630151,0.3490867971998,0.1709944266040,0.2077723561404,-0.0333874167498,0.3145199008684,-0.1397070182888,0.2112035380640,0.2136126074666,-0.2611385720005,-0.2987540029527,0.2501232279871,0.5117467297756,0.2671561811795,-0.1167806210883,0.0256908218908,0.4029670479765,0.0296688843383,-0.0045468607370,0.0721935077866,-0.4016945142874,0.2152019500095,0.1452681394420,-0.4055861427456,0.4483485698955,-0.1633917437814,0.4642023864164,0.1624089323272,0.6024094380627,0.3253309848030,0.4061256524033,0.3521770808003,0.1823008934679,0.6222441711414,-0.2392323912458,-0.1891931869572,0.2975021509714,0.2406847106693,0.2300985531774,-0.1332117604724,0.2005047394680,-0.2409178845314,0.2071821858922,-0.0599246215239,-0.3071818188405,-0.4371906183802,-0.0252707360033,0.3930548968122,-0.1257381928567,-0.0969452673743,0.0072809354155,0.3827359356673,0.0748877784703
-0.0280992509284,0.3073527023364,-0.3309271469412,0.4412408947900,-0.0329773121136,-0.1744969696478,0.2248867849533,-0.1840250834807,0.5165897498374,-0.0420223886850,0.4499875212859,1.0000000000000,-0.0995110547899,0.5559931439043,0.0967930478093,0.1292685442259,0.0299138078653,-0.0837736297329,0.7352711551169,0.1439015544030,0.0272733684631,-0.0112317202730,0.2944338552964,0.0227441095502,-0.1499324077248,0.4090763198088,-0.1717110392083,-0.0039964647107,-0.0969476569872,0.3433250711292,0.0343697134646,-0.1636794367967,0.0209925935649,0.2978163230820,0.1562081714464,-0.1104451649277,0.3278414932409,-0.2476926551502,0.3557760160809,-0.0747924618905,-0.5059111997480,0.1524647980699,-0.4686527432295,0.4017543982331,-0.0807787839845,-0.0253379764346,0.7904124466517,-0.0408401279440,0.6160071375349,0.0336997096741,0.5016544304419,-0.1042679913871,-0.2601721493818,0.5917761890437,0.3873709988743,0.0225469780365,-0.1368164237203,0.2951014292683,-0.0997523225612,-0.1675961394968,0.2565201185866,-0.0165481527456,-0.1925199641791,-0.3103405301347,0.2874130702199,-0.2570790021603,0.0295573315194,-0.0538494255234,0.1652359853399,0.1155898024125
0.1837779478623,0.0408804885904,0.1476899811450,0.1702056624156,0.7229613646149,-0.1700401937681,0.4419555983252,0.2582185095381,-0.0406099814446,0.3454920098499,0.2666842972454,-0.0995110547899,1.0000000000000,0.0394100855242,0.1318334684042,0.2902086214150,-0.0650958631969,0.3143804149541,0.0231620035101,0.2593086122539,0.7937823768117,0.2250173840731,0.0701949445135,0.1939715253074,0.4967388378742,0.1455492737594,0.2189070222296,-0.0180313470749,0.5111401971881,0.1621834916973,0.2401812586108,-0.2584330457666,-0.0127024772076,0.1284217385409,0.2520928147753,-0.0516564640645,-0.2067282336622,0.0098090297109,0.2370745102071,0.7036724083587,0.1849200041506,-0.0104146911266,0.2203808344670,-0.1845901779006,0.4076937272440,0.2754644960589,-0.2702087578197,0.8604431646302,-0.2735371100746,-0.1439021862037,0.1937889965687,-0.0253546600943,0.1702781093531,-0.3862327135119,-0.1738403571551,0.7373112961174,0.2421460453688,-0.1347335474711,0.1580671160504,0.4215603656102,-0.1901688438918,-0.2535279635131,-0.0584617755004,0.3586552196650,-0.0761552322121,0.1580519424066,-0.2630748194247,-0.1144833192328,0.0395967516752,0.0806551400837
0.1034725656765,0.0434325674870,-0.0824365504850,0.4136608980718,-0.1447854049275,-0.1999118493066,0.2828030140581,0.2408250055084,0.2787532554705,0.5110216980794,0.3736097939236,0.5559931439043,0.0394100855242,1.0000000000000,0.5501944045134,0.3802085580626,-0.0217674042945,-0.0832199576928,0.6195837590219,-0.0261978555190,0.0145797486529,-0.0874570026609,0.0843166099508,-0.0561785073649,0.1291117161929,0.5544961900089,-0.2221529472957,0.2698209457965,-0.1200337191821,0.3546298872578,-0.2717394778052,-0.0784871512736,0.0706760443711,0.2051280761734,-0.1093309354698,-0.0684319890783,0.2317357389989,-0.0710395188231,0.3792132687154,-0.1570674460135,-0.2841863126951,0.0926509058364,-0.2248717160090,0.2356452256759,0.4001104625424,0.0459943666769,0.5364936990302,0.0786262526020,0.6690981588792,0.3229198690645,0.4800610144477,-0.0988546666965,-0.4738122215069,0.3385041902184,0.0409007207443,0.0942101008633,-0.1634865433692,0.1583311108005,-0.2877399246631,0.1950278828455,0.4221560166470,-0.1981785818041,0.0265149117926,-0.4454594705082,0.1463601382150,-0.5060509354018,-0.0350641506357,0.2335670475306,0.1119195796986,-0.2543159101651
0.5014030934082,-0.2382576670094,0.3270754142514,0.0881352579091,-0.1574364989648,0.0752717656899,0.4426062232750,0.5501243951537,0.3146866773664,0.3591939496362,0.3255407845434,0.0967930478093,0.1318334684042,0.5501944045134,1.0000000000000,0.3647972589396,-0.0182695215388,-0.0478064672895,0.4331040392382,0.1413670216365,-0.0041461459419,0.0894234072900,-0.1509747167055,-0.0354723463305,0.2364921691677,0.1857667651318,0.0592935602653,0.2343111366482,0.1155576746342,0.3843760313126,-0.0625858242139,-0.1627330036644,0.2131990378340,0.2348713571539,-0.0307172909937,0.3543061155807,-0.2692009853962,0.2235829921654,0.0715457975750,-0.1984942595234,0.2503063251162,0.1936970968115,0.2531605667666,0.2281755546813,0.2406894226918,0.3791974870838,0.0144173247649,0.1550942996859,0.0449335798327,0.5944385773807,0.1421153181941,-0.0009538502637,-0.3293682984880,-0.0802688738153,-0.4047834308641,0.0540551631063,0.1483886360908,-0.1311177657430,-0.1163211593431,0.2460999191470,-0.0043163204957,-0.3546381309311,0.1498158437815,-0.0963373374978,0.0749097644719,-0.1655613696668,-0.2829897584071,0.2795456973096,0.1199417955454,-0.2090322008786
0.2984896323598,-0.1911221797468,0.0190581215466,0.1512662023849,0.1060408235137,0.2931038641379,0.5782456097252,0.3728742656942,0.4187466480397,0.5066436729572,0.3134206188847,0.1292685442259,0.2902086214150,0.3802085580626,0.3647972589396,1.0000000000000,-0.1337348895440,0.0288772241704,0.0762137278358,0.0287004683839,0.1940959249307,-0.1507701352973,0.0654922195495,-0.1977576356135,0.3822270828868,0.1612355802959,-0.1538120848155,-0.0639849526612,0.0292057104264,0.3813309725391,-0.0257593738670,0.1163771294774,0.2568563680121,0.2373600466679,0.0309708948149,0.0325931180652,-0.0915250476134,-0.0405514880634,0.0375147174947,-0.0052828121963,0.0219426357323,0.3555491275278,-0.0462740278297,0.1759066272100,0.5564697436460,0.3009740867729,-0.0268704606680,0.2859813607748,0.1127791139671,0.1540683241122,0.4249177757470,-0.1528512055303,-0.2201113279279,-0.1734742496166,-0.1892368955441,0.2082033126455,-0.1254424342744,0.0216890848542,-0.2346057546186,0.4089835057432,0.0168105297215,-0.3906631984108,-0.1489362319347,-0.1547055503239,0.0866251541932,-0.0984132807304,0.0038399799183,0.2964715863868,0.1335375541302,-0.0282825094971
0.1788940087994,0.3900158231547,0.2709250507507,0.2228753475645,-0.1106386706323,-0.1143070562412,-0.0907158437017,-0.0946202590793,-0.1376956272627,-0.2177255517152,-0.1186757549626,0.0299138078653,-0.0650958631969,-0.0217674042945,-0.0182695215388,-0.1337348895440,1.0000000000000,0.3238191246507,0.0586252295669,0.3533461714280,0.1105850426576,0.5576985476908,0.3684749600894,0.6394082986487,-0.2164714774511,0.2077262948668,0.3338036757463,0.4354389863617,-0.0424739333313,0.1657420577112,0.1063851345946,-0.0912168880741,-0.0148095827289,0.2618736860200,0.3811831724845,0.1435341844926,0.2862018127807,0.2180016019866,0.2463609634253,-0.1138104606823,0.0778648669897,-0.2751646596777,-0.2141736709093,-0.3304272796837,-0.1290769300039,-0.2224893975074,0.0942463426020,-0.0856814081473,-0.0445428893695,-0.2592903586013,-0.0737397142209,0.9286575043393,0.0683456320447,-0.0674631480778,0.0588380389122,0.1291729562055,0.3343999356656,0.4367845959891,0.4904348235465,-0.0517354749568,0.1564963854339,0.1669596597197,0.3090016669041,-0.0656751104239,-0.1298746148759,0.0828361369372,-0.1692697317289,-0.0819600324961,0.0689310108481,0.1536332939111
0.1570778512255,0.2602600658015,0.4626182558023,0.3788937340044,0.1439910640027,-0.1644237949993,0.0466059351926,0.2148529765923,0.0071598152488,-0.0246391583623,-0.0605455630151,-0.0837736297329,0.3143804149541,-0.0832199576928,-0.0478064672895,0.0288772241704,0.3238191246507,1.0000000000000,0.0280216079801,0.6809051477200,0.3400678383304,0.4206304498081,0.2679067199189,0.6181576444940,0.0809896349951,0.1091613167995,0.5356475890524,0.2857518757154,0.3365132614752,0.1138201811375,0.5061859457710,-0.1911070648689,-0.0009130439848,0.1487778027345,0.4911231872845,-0.1143865385745,0.1610791519263,0.1750843026667,0.3331615543964,0.1283444048978,0.1182102822562,-0.2750649636719,0.0998013060151,-0.2484647309514,-0.0499631572488,-0.1616760741979,-0.1131065355263,0.1645160444549,-0.2135617724925,-0.3572566104697,0.0328135441106,0.3424368948448,0.5236756445881,-0.2003712076932,0.1801524993298,0.3128764583843,0.3288442053919,0.1580972550685,0.4561189176028,-0.0425825771059,-0.1324164337268,0.1598304136605,0.0749815008301,0.1461357203722,-0.1579087579107,0.2294999865211,-0.2151552538249,-0.2765375396565,0.0681743788761,0.2973431742713
0.2325542351637,0.1823980194947,0.0070067752000,0.3367926283652,-0.0780772281319,-0.1886621278624,0.2495034516489,0.0703792183691,0.4537795747156,0.0152016901654,0.3490867971998,0.7352711551169,0.0231620035101,0.6195837590219,0.4331040392382,0.0762137278358,0.0586252295669,0.0280216079801,1.0000000000000,0.3043716116109,0.0571996468948,0.2010128609670,0.1368206195885,0.1830159041556,-0.0897045568548,0.2876378449998,-0.0602963147962,0.1520904794093,0.1234114018619,0.2502693090722,0.0755536054343,-0.3947141600539,0.0964698778469,0.3787989278266,0.1657889098246,0.0507992286033,-0.0114104099386,0.0442353642575,0.2802638158922,-0.1117199355279,-0.2028044533564,-0.0185323037751,-0.1508577086531,0.2429608865111,-0.0811212391473,0.0529897059794,0.5322071285851,-0.0572370970115,0.3432364182114,0.2024443396021,0.3669182594905,-0.0456937692788,-0.2245082120347,0.4093524224700,0.0798685128980,0.0483430641563,0.1739651475818,0.0861861235668,0.1046425720063,-0.1636100659380,0.0030294381935,-0.2652451763941,-0.0259878664651,-0.1181384453251,0.1258554288124,-0.1496411846207,-0.1982432992664,-0.1400318284961,0.1883834909415,0.0083384914235
0.4102327121786,0.3875582013492,0.2845349013210,0.3296409016837,0.1295821623446,-0.1803964927711,0.1820057422869,0.0744961130129,0.1659494572849,-0.2462479901219,0.1709944266040,0.1439015544030,0.2593086122539,-0.0261978555190,0.1413670216365,0.0287004683839,0.3533461714280,0.6809051477200,0.3043716116109,1.0000000000000,0.2967652536965,0.5428571506016,0.4098379119832,0.5917443080655,-0.0533352075416,0.2073774396245,0.5158431081634,0.1918855364755,0.3790842531647,0.2995357691040,0.5875234325366,-0.3229415244457,0.0004754504770,0.3567733379838,0.7228289446491,0.1625647378081,0.0285867148118,0.1613534728313,0.3308991509369,0.0349423832960,0.1748539560341,-0.2011580000812,0.0628233083569,-0.1386363053424,-0.1993131092119,0.0589232528549,-0.0527269252852,0.1354127602979,-0.3111071559354,-0.2346041788681,0.1384178301179,0.3560881628359,0.4611411038912,-0.0978129583177,0.2205150219375,0.1752452385183,0.4454429280394,0.2457072005111,0.5546648314068,-0.0977487141470,-0.1822249206249,-0.1203669863268,0.0910175541153,0.2462640337638,-0.0323127385242,0.4596464313909,-0.3037331386729,-0.3233857023425,0.1478029701107,0.4973145459573
0.2233204126866,0.2039898007441,0.0828233260557,0.2816853320831,0.7557753590707,-0.2643884004950,0.2414014174889,0.1377440249342,-0.0610108498549,0.1923117816900,0.2077723561404,0.0272733684631,0.7937823768117,0.0145797486529,-0.0041461459419,0.1940959249307,0.1105850426576,0.3400678383304,0.0571996468948,0.2967652536965,1.0000000000000,0.2943569803512,0.2912641685090,0.3336988174256,0.3401095815350,0.2325360372844,0.1654554070284,0.0080292021138,0.4381438945579,0.1731790211641,0.3165821913338,-0.3280289531034,-0.1335024294918,0.2230985358858,0.3542286342339,-0.0758911743644,0.0135307634391,0.0259952047909,0.3084188448124,0.6968112187510,0.0064610712277,-0.1679545501938,0.0496745873601,-0.2528667895929,0.3198512175484,0.1091282829517,-0.1020350429368,0.6653244561274,-0.1731474930865,-0.2421623748519,0.2613383922824,0.1057679294821,0.1553260672559,-0.2464192156215,-0.0101517706713,0.8619638016349,0.1924647341960,0.1344798197597,0.2643360170744,0.3526665027324,-0.0962649807193,-0.1694327182990,-0.0665768185028,0.2469772861893,-0.0341797004966,0.1738193618820,-0.2855627371371,-0.1940400046188,0.2054960467152,0.1922016195946
0.4238805980667,0.3964423486435,0.4436859203764,0.2653183169285,0.0759313935402,-0.2866800634362,-0.0903459485887,0.1776606550128,-0.1354151381517,-0.1449895414907,-0.0333874167498,-0.0112317202730,0.2250173840731,-0.0874570026609,0.0894234072900,-0.1507701352973,0.5576985476908,0.4206304498081,0.2010128609670,0.5428571506016,0.2943569803512,1.0000000000000,0.2214612572818,0.8420966615771,0.0567870546652,0.2258168982634,0.4337644841978,0.3945846777169,0.5204022669436,0.1408595605670,0.4771567978484,-0.4533371417619,-0.0429066120616,0.4226746943833,0.5976091831430,0.1996637001250,-0.0440158159102,0.3930101074424,0.4044230929839,0.1115511910766,0.3013105007697,-0.4413917962452,0.2225877254121,-0.3882852769434,-0.0950963130444,-0.0932472495785,-0.1215923233257,0.0545695454265,-0.3929825418373,-0.2536823280083,0.0464839642870,0.5691759693991,0.2524381930350,-0.2890032955143,-0.1116453528782,0.1819396820236,0.8751692291551,0.1841109026781,0.8254788294645,0.0448178542618,-0.1372105590356,-0.2055464583128,0.3136377400854,0.4508982977750,-0.0948376109003,0.4281822552979,-0.5064118822870,-0.3900675387614,0.1613606700750,0.4287413794990
0.1427452023689,0.5582212487566,-0.2000566380843,0.6159552894174,0.2393979934035,-0.3029899131626,0.0605181354506,-0.1256753354754,0.0851413280678,0.0055849572909,0.3145199008684,0.2944338552964,0.0701949445135,0.0843166099508,-0.1509747167055,0.0654922195495,0.3684749600894,0.2679067199189,0.1368206195885,0.4098379119832,0.2912641685090,0.2214612572818,1.0000000000000,0.3797565332699,0.1367732437212,0.3950876929502,0.0679504922430,-0.0050310545229,0.1742055240056,0.4079861646888,0.4249832313051,-0.2085649634879,-0.0775200353791,0.3254543706835,0.4629939425177,0.0714852189704,0.4727345383705,-0.2101723442190,0.5234309880597,0.1486524820134,-0.4107120105119,-0.1351973834651,-0.3521784613030,-0.0989604127027,0.1427679043304,-0.0704188722124,0.1746449452253,0.1200034122595,0.1559012895509,-0.2322115271413,0.3989703559577,0.2596829586944,0.2081533839072,0.1882175379612,0.4631044360523,0.2841768751261,0.0320956468160,0.7925116351635,0.2894294931059,0.1970137506456,0.1178280103595,-0.0713485848952,-0.1562029530803,-0.0134953614078,0.3300463389909,0.2149811104594,-0.1093835872794,-0.2615875373801,0.3975350942130,0.3624788610332
0.2276121478884,0.5509703971817,0.4787251687113,0.3986153920808,0.0911132866367,-0.3755598598488,-0.2277206710008,0.0221348092941,-0.1767538042185,-0.1783913291181,-0.1397070182888,0.0227441095502,0.1939715253074,-0.0561785073649,-0.0354723463305,-0.1977576356135,0.6394082986487,0.6181576444940,0.1830159041556,0.5917443080655,0.3336988174256,0.8420966615771,0.3797565332699,1.0000000000000,-0.0215369197595,0.3519220522705,0.5872236975900,0.5355776949594,0.4096254087427,0.0340311489037,0.4309713071739,-0.5140402379150,-0.0310665203391,0.2644799075224,0.6271662661039,0.0175326168339,0.1897307019598,0.4177758503985,0.5388010962724,0.1040688517332,0.2087115613396,-0.5556536716419,0.0703281438463,-0.4331032981764,-0.1260741843691,-0.2672132791729,-0.0057342525279,0.0134336505600,-0.2891573912774,-0.4285988204087,0.0404795839693,0.6423856138334,0.2998250621851,-0.2258227337251,0.0081230782074,0.2433996695998,0.6927499475043,0.3170588162054,0.8541435079592,-0.0557248028717,0.0203259995456,0.0286309473178,0.4130054260572,0.3129222841505,-0.2341423909918,0.3566742460829,-0.5005263693278,-0.4101857355336,0.0366331416128,0.3715482393874
0.2124353546501,-0.0590616498845,0.1307458848049,0.2680975469517,0.4740641747079,-0.1382977234929,0.2478776876090,0.5885644713746,-0.0000798701435,0.6717501781811,0.2112035380640,-0.1499324077248,0.4967388378742,0.1291117161929,0.2364921691677,0.3822270828868,-0.2164714774511,0.0809896349951,-0.0897045568548,-0.0533352075416,0.3401095815350,0.0567870546652,0.1367732437212,-0.0215369197595,1.0000000000000,0.2229961863396,0.0822580534671,-0.0311784528980,0.5944552036919,0.0786036774125,0.1754512565040,-0.2425693199784,-0.0756822783971,0.0195619731195,-0.0116377442945,0.0783412317375,-0.2089880187245,-0.0323555065006,0.2690926626057,0.4770161815978,0.1062062086415,-0.0189926884987,0.3381467913900,-0.1148691376393,0.6674122138342,0.2591278685867,-0.3238165146062,0.4083048794367,-0.1970485340567,0.0576222686131,0.2085354953133,-0.1664861698785,-0.0783557914005,-0.3909861484395,-0.3216907413842,0.3124735808430,0.1032104232582,-0.0634383824354,-0.0532077632041,0.8293952066281,-0.0965367983538,-0.3598647819193,-0.1076140802602,0.3671524148605,-0.0165959717228,0.0557421589932,-0.2475741539419,-0.1419414001645,0.0914675977548,-0.0961618215439
0.0696932622550,0.6401761405120,0.0303101385121,0.6893865619360,0.1066715276237,-0.4955812669409,0.0218719135873,0.0385799632578,-0.0669482779918,0.3047714040831,0.2136126074666,0.4090763198088,0.1455492737594,0.5544961900089,0.1857667651318,0.1612355802959,0.2077262948668,0.1091613167995,0.2876378449998,0.2073774396245,0.2325360372844,0.2258168982634,0.3950876929502,0.3519220522705,0.2229961863396,1.0000000000000,0.3101989136205,0.5344611803981,0.0516701632681,0.3038514346622,-0.0858901127946,-0.3842205392400,0.0504694581555,0.2518322933424,0.3946342043168,-0.0413551805792,0.5430082273950,0.0633474669150,0.8153052036365,0.0835744355663,-0.2217629064428,-0.3157562974276,-0.2166390947816,-0.2199370409685,0.3205051464543,-0.1111335913750,0.4059533693580,0.1576472293356,0.3121252374079,-0.0641328204949,0.3607827071016,0.2137348820948,-0.1982395889028,0.0997897027324,0.1430695076775,0.2335945662287,0.0780134549689,0.4143645363372,0.1316291215941,0.3100325092068,0.7431515130874,0.0941055235432,0.3299485153830,-0.1985781424912,0.0164936635493,-0.2512321557606,-0.3399588810067,-0.2104331249678,0.0132079695371,0.1967109728014
0.0709154347165,0.3972462549666,0.6566694618992,0.2080357786489,0.0742549611887,-0.1297929442741,-0.1435660967687,0.0432683110741,-0.2064704597323,-0.1076820924130,-0.2611385720005,-0.1717110392083,0.2189070222296,-0.2221529472957,0.0592935602653,-0.1538120848155,0.3338036757463,0.5356475890524,-0.0602963147962,0.5158431081634,0.1654554070284,0.4337644841978,0.0679504922430,0.5872236975900,0.0822580534671,0.3101989136205,1.0000000000000,0.6115355323603,0.2279454993181,-0.0660161691078,0.1212070884942,-0.2974094270532,0.1696912049660,0.0114320463428,0.5043394064110,0.0170866416693,0.0163114466013,0.4761128569425,0.3531985347874,0.0529404751399,0.4942180707380,-0.3994437840117,0.2400684657640,-0.4034788946661,-0.1259523583745,-0.0890838319738,-0.1743237076219,0.0993235208920,-0.4755970570798,-0.2876239814995,-0.2960120195623,0.4709407047624,0.2844088780516,-0.4403670337077,-0.2141234705042,0.1252799438583,0.4160877947173,-0.0217172132558,0.5116115798364,0.0107389703955,0.1348877509869,0.3463060281142,0.5883146705968,0.2528603484239,-0.4099320797883,0.2481915143553,-0.3887914414417,-0.3403136827407,-0.2311440878474,0.2017707417848
-0.0225714368169,0.3975517457094,0.6869421657985,0.2779585533420,-0.2438254902998,-0.2507282751976,-0.2878435176415,0.1714331912384,-0.3380705059021,0.1983047086886,-0.2987540029527,-0.0039964647107,-0.0180313470749,0.2698209457965,0.2343111366482,-0.0639849526612,0.4354389863617,0.2857518757154,0.1520904794093,0.1918855364755,0.0080292021138,0.3945846777169,-0.0050310545229,0.5355776949594,-0.0311784528980,0.5344611803981,0.6115355323603,1.0000000000000,-0.0920923193166,-0.0979151502358,-0.2470767051478,-0.2311232853130,0.1286360908514,0.0408197832217,0.2190045969447,-0.0133687728429,0.2348447147055,0.6325271146007,0.4458858015401,-0.1839515148561,0.2577318166089,-0.5027710427907,0.0185289650488,-0.4793992229386,0.1328432139239,-0.2308927157346,0.1410053873706,-0.1141811976941,-0.0282932241597,-0.0369481639626,-0.1744694680882,0.5182033218507,-0.1597601854443,-0.2043947511946,-0.2518564858898,0.0579878701478,0.3605219919006,0.0799784897397,0.3167804104304,0.0730063366961,0.5191097258342,0.2579233132574,0.8511843323178,-0.1435440448869,-0.4176247347347,-0.2281961459706,-0.3954640720303,-0.1433380139800,-0.2815554823483,-0.0855667778301
0.3370541333437,0.1113315511049,0.1765623061290,0.1906677025548,0.4693919215550,-0.2738962857823,0.1207727382767,0.4492907527426,0.0790511432630,0.0887737060871,0.2501232279871,-0.0969476569872,0.5111401971881,-0.1200337191821,0.1155576746342,0.0292057104264,-0.0424739333313,0.3365132614752,0.1234114018619,0.3790842531647,0.4381438945579,0.5204022669436,0.1742055240056,0.4096254087427,0.5944552036919,0.0516701632681,0.2279454993181,-0.0920923193166,1.0000000000000,-0.0643892611386,0.6496931206559,-0.5632649243327,-0.1123854732618,0.1738251821301,0.3130993002385,0.0217694131940,-0.3381958466324,0.0668676328887,0.2524158599132,0.5179130046475,0.2423140236849,-0.2254289134558,0.5091638110156,-0.1139390848361,0.1069123545093,0.2344199937311,-0.3198036732311,0.3115109761294,-0.4518425412219,-0.1866701841327,0.2225596710813,-0.0343242676228,0.2799550736170,-0.3649476803146,-0.1497119646696,0.3022617970633,0.5322164725960,-0.1192142616987,0.4657975493653,0.3618530902211,-0.4253722406523,-0.3949701415363,-0.1188183435725,0.8206396921337,-0.1400090243661,0.5170938740003,-0.4854143919675,-0.4306518608348,0.1519652921593,0.2781823928053
0.4469105076125,0.1552671320207,-0.1853915072761,0.3999125982815,0.1154068263540,0.0612465691782,0.5422696462913,0.0571414102627,0.3215198210224,0.1346047937143,0.5117467297756,0.3433250711292,0.1621834916973,0.3546298872578,0.3843760313126,0.3813309725391,0.1657420577112,0.1138201811375,0.2502693090722,0.2995357691040,0.1731790211641,0.1408595605670,0.4079861646888,0.0340311489037,0.0786036774125,0.3038514346622,-0.0660161691078,-0.0979151502358,-0.0643892611386,1.0000000000000,0.2061602847270,0.0454661543664,0.1654881219706,0.5484163435317,0.3363501381182,0.2755153046831,0.2429374941651,-0.3139571317096,0.2979896001150,-0.0282964621458,-0.2489192368497,0.3268192281285,-0.3326261332447,0.2096817777504,0.1604496504730,0.1953326222942,0.2081216838458,0.3367848885155,0.2584371226463,0.1983424473857,0.3537495586322,0.1017953679576,-0.0401135287774,0.1788650249986,0.2317585597884,0.2446282911831,-0.0128329275462,0.4362747177849,-0.0622144049018,0.1587543260894,0.0831984875415,-0.2100325182976,-0.2690114539785,-0.2715566111425,0.6724338056836,-0.0463645366669,-0.0173053362952,0.2377095515943,0.4361075916707,0.2753953183672
0.3905682007452,0.1996091366827,0.0465692221149,0.2583212194853,0.2908522160078,-0.1254575587023,0.1372977913436,0.2637073205072,0.2493742997842,-0.2663223344989,0.2671561811795,0.0343697134646,0.2401812586108,-0.2717394778052,-0.0625858242139,-0.0257593738670,0.1063851345946,0.5061859457710,0.0755536054343,0.5875234325366,0.3165821913338,0.4771567978484,0.4249832313051,0.4309713071739,0.1754512565040,-0.0858901127946,0.1212070884942,-0.2470767051478,0.6496931206559,0.2061602847270,1.0000000000000,-0.2963890979110,-0.1290358241826,0.2868408850959,0.5026186462386,0.1189313760685,-0.0556013467581,-0.0388263892894,0.1646889460074,0.2762776612157,-0.0490571676396,-0.1049304634351,0.2273057021024,-0.0277200582034,-0.2304287802602,0.0734247336871,-0.2098878229456,0.1353308265799,-0.3475470264485,-0.2182251864966,0.1913710803812,0.0569261041573,0.5479041631066,-0.0852732617273,0.2397005762248,0.2148948281078,0.3618478126245,0.2057364741976,0.4794753088375,0.0329785663243,-0.4721826158106,-0.2333143533392,-0.3020039070365,0.5075989770261,0.1099061394290,0.6193756982989,-0.2442817678615,-0.3428828257110,0.2258526888024,0.5680281589289
-0.1870900925087,-0.3799701087621,-0.1671350863783,-0.2936101315546,-0.2383653817296,0.4068219625874,0.0410423778889,-0.0839713158663,-0.0805218390785,0.0261159234174,-0.1167806210883,-0.1636794367967,-0.2584330457666,-0.0784871512736,-0.1627330036644,0.1163771294774,-0.0912168880741,-0.1911070648689,-0.3947141600539,-0.3229415244457,-0.3280289531034,-0.4533371417619,-0.2085649634879,-0.5140402379150,-0.2425693199784,-0.3842205392400,-0.2974094270532,-0.2311232853130,-0.5632649243327,0.0454661543664,-0.2963890979110,1.0000000000000,-0.0358034541143,-0.1593426595645,-0.4012451694285,0.0024550201741,0.0470324410700,-0.2388794843357,-0.4989698633226,-0.2704086027701,-0.1003369073423,0.3718937394420,-0.1991181780405,0.1349038812046,0.0202477204644,-0.0050200097441,-0.0420053384486,-0.1001295725083,0.2373654852853,0.1320309966338,-0.1736026718566,-0.1098058287681,-0.1122121105703,0.0756524601884,0.0187585426692,-0.2221054247147,-0.4600450525978,-0.0985371475251,-0.5147645036285,-0.1051111818587,0.0158266853795,0.1366880157354,-0.2328122966684,-0.4238531465220,0.1458094620278,-0.2878201531404,0.7284093021998,0.4204815739797,-0.0349146870715,-0.2777157858682
-0.0326278712608,-0.0394389631005,0.1327114423275,-0.0439462687728,-0.1781488488071,0.3238582199997,0.1948983518633,0.0172553589218,0.1829326404409,0.0497803168694,0.0256908218908,0.0209925935649,-0.0127024772076,0.0706760443711,0.2131990378340,0.2568563680121,-0.0148095827289,-0.0009130439848,0.0964698778469,0.0004754504770,-0.1335024294918,-0.0429066120616,-0.0775200353791,-0.0310665203391,-0.0756822783971,0.0504694581555,0.1696912049660,0.1286360908514,-0.1123854732618,0.1654881219706,-0.1290358241826,-0.0358034541143,1.0000000000000,0.0940240491330,0.0376518490513,-0.0847590782373,-0.1105020928402,0.0283381926964,-0.0076031020977,-0.1972263860717,0.1432360591621,0.0787502832083,-0.0225875993475,0.0041491255079,-0.0283918378091,0.0391425173177,0.0044007500104,0.0115085930195,0.0328916902385,0.1662159775285,-0.0116613182538,0.0000607566658,-0.0551626836749,-0.0247165503881,-0.0834273167541,-0.0822991612214,0.0555307663283,-0.1285332068696,-0.0178332921014,-0.1060830134086,0.0604733878437,-0.0098498107322,0.0900013046893,-0.1069077860141,0.0333702396992,-0.0391833786843,-0.1327748530342,0.1393983554079,0.0082156901196,-0.0182166104611
0.4796309891429,0.3401435856386,-0.0188623279747,0.3642624547834,0.0968830370701,-0.1156484050402,0.3155633890328,0.1329134333664,0.1724821872061,-0.0793344240150,0.4029670479765,0.2978163230820,0.1284217385409,0.2051280761734,0.2348713571539,0.2373600466679,0.2618736860200,0.1487778027345,0.3787989278266,0.3567733379838,0.2230985358858,0.4226746943833,0.3254543706835,0.2644799075224,0.0195619731195,0.2518322933424,0.0114320463428,0.0408197832217,0.1738251821301,0.5484163435317,0.2868408850959,-0.1593426595645,0.0940240491330,1.0000000000000,0.4596104939508,0.2242598968494,0.1252735341148,-0.0174374585146,0.2652855643031,0.0109909935059,-0.1283481802522,-0.0516072134942,-0.1160531317794,-0.0235211272010,-0.0443513925808,0.1568795945669,0.2157621944064,0.1079150927906,0.0827645567903,0.1273739390656,0.3414781122025,0.1870056040138,0.0026824254521,0.1701391504252,0.1408456954813,0.2289614404295,0.3291696721448,0.3197446582444,0.2372519460146,0.0899878467879,0.0049923025029,-0.2780935002314,-0.1269677993629,-0.0216853541617,0.3665767707078,0.0358660278326,-0.1880672930059,-0.1514819508318,0.4852226261079,0.4374847527684
