1.0000000000000,0.1466653226359,0.0464002195023,0.2497190273422,0.1627018213796,0.1956693860869,0.2930874493749,0.1875806740787,0.2267106656765,0.2567240233164,0.1097870697819,0.1110827004997,0.1876433328197,0.1839835299320,0.5734188755419,0.1406001043766,0.2884239320123,0.2540775826385,0.2276971689821,0.2984974244573,0.0867740142260,0.2783704876300,0.3295105470898,0.1661292889997,0.1236741471158,0.1833244803568,0.1196776983983,0.2199636798485,-0.0816432958517,0.6485218422991,0.1157562523770,-0.1342266523518,0.0185930482794,0.3615328034035,0.1442989298565,0.5662157871165,-0.2677369870932,-0.1746492365235,0.1195968703571,0.0197483801926,0.0474512833580,0.2468404659576,0.0068447875628,-0.1338755596306,0.2107591705563,0.0742861193827,0.0055553964334,0.2272607781843,0.0693073148789,0.1858454523612,0.2938732796702,0.2445180421428,0.0197489043855,0.1215413221606,0.0722004905517,0.0815762866610,0.1685192399715,0.1994233615576,-0.0279992293841,0.2465669981221,-0.2621152586552,-0.1735993291812,-0.0598714899535,-0.0976293523740,0.2798081443884,-0.0698067168111,0.0054238561237,-0.0065533561973,0.1288324128619,0.1808362807326
0.1466653226359,1.0000000000000,0.6235197307346,0.7983282660842,0.0060494088757,0.2223271806772,0.0982532218899,0.4068196551287,0.2672475643067,0.2661354792334,-0.1152452298443,0.3969934752359,0.0657292626073,0.3901743039497,0.1065444322674,0.3608709921514,0.3416692014425,0.5670792515585,0.0608547666966,0.3570603402422,0.2726933908908,0.4156511236469,0.7822571631234,0.4870894658852,0.4456756990933,0.4687384725155,0.5020235104514,0.3678456271705,0.2233510379917,0.4292813926907,0.6448464371630,-0.2454170574939,0.0269150892980,0.4380426607572,0.6217826509269,-0.0928926720577,0.5436402957982,0.0088091844279,0.6524676230712,-0.0126087326086,0.1272911082782,-0.1656413316405,-0.3155805095296,-0.3152926673081,0.1878922690384,-0.2971295380417,0.1203001702236,-0.0451557114795,0.1501000139099,-0.3114472333998,0.0095915508735,0.2322221511161,0.1566656124956,-0.1658544951998,-0.1510916741318,0.1183681876833,0.0955165064223,0.5391057187060,0.2247708355180,0.2347777809750,0.1857898450772,-0.1189086457134,0.0300718754981,-0.0545725875949,-0.1508527868805,0.0503905182948,-0.1933052374956,-0.3809900593678,0.1278359171396,0.6620879932811
0.0464002195023,0.6235197307346,1.0000000000000,0.6884387499043,-0.1363793889875,0.2924871279229,-0.0410825969314,0.6527375346678,0.3045460157610,0.3063075915778,-0.2240049182505,0.4301958655547,-0.1367169683254,0.4051364532737,0.1836601782704,0.4611612370033,0.1127199440747,0.6488697388040,0.1965337099755,0.3752512986223,0.1480246528518,0.1972552016459,0.5342857638962,0.3343175599468,0.4785167665163,0.3874845808384,0.5948544304244,0.5356780319378,0.2384630214604,0.1867985372325,0.6167845646588,-0.3368309971221,0.1749421351516,0.1035633366705,0.4214442512853,-0.2499704098095,0.2433150623665,0.4015023122820,0.4849654242507,-0.2069434128079,0.2333379152093,-0.1989235795040,-0.1376878973664,-0.1378004363090,0.1965112803072,-0.3915676817567,0.2583828965599,-0.2633462795723,0.2836441490786,-0.1197574104264,0.0636153181561,0.0269797106573,0.0698441772410,0.0434584249492,-0.0652530269396,-0.0828487215530,-0.1297947960381,0.1560072125051,0.0233644585829,0.1796393434986,0.1089607114996,0.0467507925583,0.2004160318160,-0.1968583458713,-0.3561536806711,-0.2267111471293,-0.2092749731364,-0.2779676172144,-0.1747919809231,0.3745956907760
0.2497190273422,0.7983282660842,0.6884387499043,1.0000000000000,-0.0156128925066,0.2304739642618,0.1629612804151,0.5677181254283,0.3864360978900,0.4195580277214,-0.0577631191108,0.3296330620334,0.0259812409636,0.2758510075555,0.2598518515983,0.4895105819717,0.1936737105776,0.6014388915379,0.0302557063640,0.3812798572461,0.1964506662713,0.2759748328585,0.7263345115298,0.3793594617737,0.6253330047067,0.5792393203818,0.5990397042331,0.3779372849553,0.3062169006240,0.4180254047525,0.5751847097371,-0.1214014829035,0.0994252639653,0.3688081615008,0.5774498248589,-0.0545187951430,0.3654346784540,0.1840936732470,0.7387361970557,-0.0431161466958,0.2950474598935,-0.1251937728431,-0.0843015330730,-0.2100569658086,0.3598174526366,-0.2097114046593,0.0375057787399,-0.1019747929782,0.0859177616656,-0.1089048925565,0.1928385501795,0.1068858450633,0.1125170665933,-0.2564697855622,-0.2192300745602,0.0846612834351,-0.0140390572921,0.3967938063210,0.0982748769209,0.4108099829783,0.2720825972278,-0.0130137496100,0.1792161182304,-0.0159586256295,-0.2454240614408,-0.0736390640922,-0.0370290795924,-0.3181732011894,0.0209334619446,0.5863266675337
0.1627018213796,0.0060494088757,-0.1363793889875,-0.0156128925066,1.0000000000000,-0.1804718142564,0.4773689471579,-0.2889766371843,-0.1776646249805,0.1632181740041,0.6160308060298,-0.2337011010479,0.8132057604085,-0.1023862612777,-0.1577865189140,0.0802712236669,0.2577131884730,0.1028765385362,-0.1494218978827,-0.0035417724098,0.7663499619800,0.1848537670956,-0.0155838466960,0.2725846240301,0.1342415274916,-0.1332337617721,-0.1253720449851,-0.0164995267848,0.3232053636158,0.0859217506704,-0.1114401638418,-0.0214400062296,-0.1875017447630,0.2135165483809,-0.0640670047689,0.2894610308110,-0.0525417972017,-0.1383264391820,-0.1278053803586,0.9131395011664,-0.1651929724893,0.5054398918135,-0.2139360738452,-0.0824106136131,0.2525109015241,0.5432015783364,-0.1282979931251,0.7051576497576,-0.2217793281716,-0.1501246251629,0.3500489314918,0.2427027538230,0.1273114314255,-0.1160361789332,0.0729673994621,0.7832715752329,0.2327480649187,0.0660504199630,0.2402974976175,0.4032854559316,-0.1869621846614,-0.1076693717211,-0.0744652309020,0.6012041265603,0.1222545455984,0.0182462055693,-0.2816973878317,0.0556606845240,0.0271634718401,-0.0575580649594
0.1956693860869,0.2223271806772,0.2924871279229,0.2304739642618,-0.1804718142564,1.0000000000000,0.1016959807878,0.2287638583164,0.4548076523232,-0.0120168016405,-0.2364222669889,0.5354704141722,-0.1538205060617,0.4797791586209,0.2884611715207,0.2228513438131,-0.0060412079594,0.1386719854775,0.4369876726743,0.1560164059788,-0.1555768016615,0.0136736900491,0.2182430085364,-0.0318368845315,0.0223028628181,0.0913936101877,0.2366709910271,0.2358034224505,-0.2641457144641,0.3696094671821,0.1750857411709,-0.2968244079439,0.5629686249196,0.0866341674922,0.2476495859487,-0.1421976700920,0.0346004732998,0.0800284787501,0.1664668003749,-0.2663200077111,0.5135230856383,0.1351906591494,-0.0120267227243,0.1701237461150,-0.0352335464874,-0.2638935734521,0.4736942185191,-0.0913220782755,0.3302509592841,-0.0259941708166,0.1272827871099,-0.0867730073400,0.0096589944288,0.3939704761592,0.0284086245625,-0.2126375748914,-0.1750716826930,0.0516818672937,-0.1583227912537,-0.1107674104597,-0.1098948911362,0.0416643911839,-0.0051342321234,-0.3805517727518,0.0586559085334,-0.0486883461939,-0.0658770664344,0.0054439117492,-0.0123205444074,0.2693489092763
0.2930874493749,0.0982532218899,-0.0410825969314,0.1629612804151,0.4773689471579,0.1016959807878,1.0000000000000,-0.0408960808147,0.3840902362813,0.2464253390726,0.7374281919142,-0.0166201215297,0.6590311769870,0.1476498375997,0.3037880239259,0.3637428190562,0.1860048595713,0.1307383372649,0.0306977354847,0.0977353114574,0.4745951763083,0.1262337789297,0.0663328806122,0.1473333896028,0.1221903090630,0.0084909835678,0.0229104286802,0.1312045874808,0.1730614338681,0.3899484983345,-0.0409189347928,-0.0914277549342,-0.0959533478091,0.2839776603856,-0.0187119942723,0.2845271642735,-0.1882819930193,-0.2185386780746,-0.0007694214971,0.4846393855378,-0.0889812718533,0.6907019504269,-0.2985660669493,0.0414314115704,0.2337558219404,0.5304932262086,-0.0451808117458,0.5937954516115,0.0172684898979,0.0886258551931,0.4426440482119,0.0853759558919,0.0098092244906,-0.0933475224208,-0.0409740147093,0.5660281721004,-0.0425286032006,-0.0535398083914,-0.0594639097969,0.3181882620779,-0.2376351810729,-0.2345908592375,0.0399354303238,0.2484493234347,0.0995062123706,-0.1670766120789,-0.0613249024746,0.0302603225479,-0.0013283874714,0.0271800407503
0.1875806740787,0.4068196551287,0.6527375346678,0.5677181254283,-0.2889766371843,0.2287638583164,-0.0408960808147,1.0000000000000,0.1951022934129,0.4574328605441,-0.2693279055137,0.2614817451456,-0.2109293107152,0.2514851751652,0.3008119153323,0.5355702790125,-0.0097566218480,0.3763640839962,0.0608899805440,0.1310238606036,0.0029099717649,0.0549963994341,0.4104017151654,0.0554187020254,0.6127066530652,0.4151564881975,0.4375209108005,0.2787318205241,0.1569999524024,0.1357801654361,0.4992216487456,-0.1756398209415,0.0993680681839,0.0743321599326,0.3001354222465,-0.1167727673141,0.1212602784118,0.2443354886189,0.4326296976237,-0.2689070226968,0.2623586368512,-0.2854641062540,0.2995422022117,-0.2904279404527,0.3602707117255,-0.3634683092933,0.0516906370651,-0.2806893044216,0.2343568360947,0.0836949245083,0.1352027825655,-0.1329174599100,-0.0898217865365,-0.0466716233131,-0.1292061974415,-0.1552165675592,-0.2016408603880,0.0640894499755,-0.1902922412825,0.3761906176291,0.1800947141531,0.0419160332362,0.0743714831718,-0.2264729592499,-0.3677412849448,-0.2773585726962,0.0052246657808,-0.2978296811826,-0.1831863917663,0.2757060467786
0.2267106656765,0.2672475643067,0.3045460157610,0.3864360978900,-0.1776646249805,0.4548076523232,0.3840902362813,0.1951022934129,1.0000000000000,-0.0104780978836,0.0606224220834,0.4635136949580,-0.1377403940466,0.3425349873261,0.5443270145468,0.1985091361670,0.0113841326195,0.2339285212309,0.4166207675982,0.3433691690518,-0.2142990270850,-0.0057552239742,0.1950986648917,0.0403682899752,-0.0095841135392,0.2424031235950,0.3896168498877,0.3569394086138,-0.0427331336902,0.4845802394557,0.1487707065988,0.0338599292158,0.3412169593047,0.1280934715396,0.0605463705808,-0.0322238090183,-0.1190526768582,0.0685822535180,0.1629458540025,-0.2021101099676,0.1358008233337,0.1102771685419,-0.1344311096093,0.2032034201681,-0.0819747645911,-0.1020315074449,0.2113183513840,-0.0946725116884,0.1368347869188,0.0865570082065,0.1028635982865,-0.0718353377411,-0.0426634325062,-0.0581982875918,-0.1719413204436,-0.1680711896606,-0.2052110931248,-0.0814970400386,-0.1395325069986,-0.0771348631491,-0.0991698266491,0.0132238794999,0.1518690471192,-0.1750461829497,-0.0662348224439,-0.1806193508829,0.1268852919225,-0.0260647990641,-0.1095933383834,0.1690209956069
0.2567240233164,0.2661354792334,0.3063075915778,0.4195580277214,0.1632181740041,-0.0120168016405,0.2464253390726,0.4574328605441,-0.0104780978836,1.0000000000000,0.1590231479246,-0.0209611577655,0.3319560126921,0.1833958476706,0.3187362150046,0.5633794703336,-0.0286960404374,0.1476915509943,-0.1146207115501,-0.0050592321376,0.3342423833864,0.0513186371952,0.3731368816919,0.0427540167843,0.6315064709561,0.3254278301430,-0.0257075946921,0.1976403261827,0.1950255987556,0.2387158203683,0.0210950644664,-0.1059542758321,-0.1512515353202,0.3514024503949,0.1619324752506,0.1372906925193,0.0852577993075,0.0172056545205,0.4704905440923,0.2248794919384,0.0078263417607,0.0668126118600,-0.0273940471525,-0.1991221422708,0.9093417503536,0.0112690343888,-0.0132775807885,0.2221063923244,0.2459079406870,0.1930267489198,0.3923676403964,-0.1305268510461,-0.1461035436887,-0.0697452714175,-0.0837908904272,0.3315132278005,-0.0893447029292,0.0989012956175,-0.2032727462399,0.6892357931916,0.1121847033932,-0.1744105258937,0.0261639665082,-0.0066905033621,-0.0224309122538,-0.3570169082871,-0.0511032946052,-0.1035347046157,0.1060938475455,0.2254706003860
0.1097870697819,-0.1152452298443,-0.2240049182505,-0.0577631191108,0.6160308060298,-0.2364222669889,0.7374281919142,-0.2693279055137,0.0606224220834,0.1590231479246,1.0000000000000,-0.2492708603980,0.6745459724564,-0.1205573544932,0.1495194466545,0.0925899049208,0.0496132838393,0.0200192342146,-0.1353092528057,-0.0504250732059,0.5096447663086,0.0742992055921,-0.1641046882565,0.1294871975492,0.0096953321811,-0.0977068230739,-0.1153506861289,0.0109248273344,0.3657870305181,0.1240757233991,-0.2216899942364,0.1758079311535,-0.2026181688819,0.1516140744678,-0.1958558862676,0.3193376673653,-0.2270233092224,-0.2895230815283,-0.2119017563284,0.6935859609729,-0.1783799426635,0.5566959964988,-0.3023006585275,0.0635666514794,0.2048547545828,0.8170839488933,-0.2016129606121,0.5819350642947,-0.1868696140674,0.1297403997503,0.2953163476604,0.0224813181249,-0.0295600296041,-0.2087292839073,-0.0404468948858,0.7011686942689,0.0007753603349,-0.2201455441304,-0.0298731029535,0.3326175148478,-0.1857809186757,-0.2859945618560,0.0733163293558,0.5611033944824,0.0670913543880,-0.1970684611038,-0.0017577386762,0.1112646728372,-0.0607669089821,-0.1912859632767
0.1110827004997,0.3969934752359,0.4301958655547,0.3296330620334,-0.2337011010479,0.5354704141722,-0.0166201215297,0.2614817451456,0.4635136949580,-0.0209611577655,-0.2492708603980,1.0000000000000,-0.1709683498814,0.7630586804170,0.3467795785225,0.2692354531020,0.0908167263843,0.2567595898344,0.7819742179915,0.3783014438748,-0.1101688038738,0.1958092755775,0.2658953319788,0.1514675740899,-0.0317108121786,0.3211799960709,0.4448932521094,0.4664229969497,-0.1277684414692,0.3340405674909,0.2620516797660,-0.1750500091524,0.5479333084040,-0.0368535408923,0.1156156014799,-0.2146502539915,0.0629174621097,-0.0294168447562,0.1867556019418,-0.2879284213542,0.1858785669748,-0.1090205876481,-0.2604151563118,-0.0589686552106,-0.1052143788765,-0.3696195863741,0.7301389893116,-0.2090275182253,0.5961127947067,-0.1789113821285,-0.0488441926294,-0.0028885051205,-0.1765769865797,0.4341340487249,-0.0789814053644,-0.2281598695514,-0.0763219352575,-0.0293091263052,-0.1294870790596,-0.1967972810832,0.0271412091921,-0.0333567238139,0.0511353219495,-0.3035152635168,-0.0808283167774,-0.2335160283969,0.0399593961144,-0.1049572742354,-0.2148196440493,0.2388351152506
0.1876433328197,0.0657292626073,-0.1367169683254,0.0259812409636,0.8132057604085,-0.1538205060617,0.6590311769870,-0.2109293107152,-0.1377403940466,0.3319560126921,0.6745459724564,-0.1709683498814,1.0000000000000,0.0196593576824,-0.0895251226652,0.2240471981322,0.2815901103971,0.1053020219079,-0.1423052588352,0.0474841921551,0.8179458482041,0.2344673034079,0.0626539457949,0.2865770075821,0.1336075172089,-0.1081704228950,-0.1938710107393,0.0422907124139,0.1827183651450,0.1883985354616,-0.1152755440873,-0.0885470474306,-0.2958775128857,0.2896586995663,0.0087924980300,0.1967377853949,-0.0382585958155,-0.2096438079583,-0.0271465222863,0.7967984537896,-0.1215380748161,0.6342328557652,-0.2903365334144,-0.1037825035503,0.3931253086241,0.5525989268070,-0.0719567788421,0.8882439687714,-0.0749815221746,-0.1404738524078,0.4398889254351,0.2163007188019,0.0644813245071,-0.0690506306590,0.0321008894949,0.8775361993414,0.1995385803443,0.0816364741705,0.1644540917095,0.4004725523156,-0.1915189333821,-0.2538420628737,-0.0734814404726,0.4353662562838,0.0953642210372,-0.0239834609389,-0.2395983902176,-0.0048538321204,0.0478639255159,0.0228717841389
0.1839835299320,0.3901743039497,0.4051364532737,0.2758510075555,-0.1023862612777,0.4797791586209,0.1476498375997,0.2514851751652,0.3425349873261,0.1833958476706,-0.1205573544932,0.7630586804170,0.0196593576824,1.0000000000000,0.3921550997717,0.3793542124019,0.1583353863653,0.1742762068066,0.6622392671488,0.2317848720715,0.1157741217775,0.2568363151920,0.2807389284016,0.1747366558382,0.0915090846628,0.2981072872624,0.2513148875457,0.4594784215066,-0.1213929405427,0.3594116284877,0.1824427425945,-0.4779507597719,0.3439428350655,0.0759252422883,0.0785038556160,-0.0653239158880,0.0190094444505,-0.0417486823312,0.2052639460460,-0.1707950348479,0.0179061644748,0.0717848883745,-0.3456373058391,-0.0648833106616,0.1080640661242,-0.2637879553791,0.7558229715960,-0.0536939163994,0.7987077530603,-0.1059597048642,0.0800569164937,0.0550290613213,-0.2383436907892,0.5244461764986,-0.1021023032207,-0.0409082045557,-0.0269280191997,0.0078453986569,-0.1322319818309,-0.0146020915027,-0.1180941552205,-0.1844104432234,0.0379711857164,-0.3047334363334,-0.0869963130396,-0.3040617153755,-0.1673252240007,-0.0672438377573,-0.1810316652849,0.1763405770422
0.5734188755419,0.1065444322674,0.1836601782704,0.2598518515983,-0.1577865189140,0.2884611715207,0.3037880239259,0.3008119153323,0.5443270145468,0.3187362150046,0.1495194466545,0.3467795785225,-0.0895251226652,0.3921550997717,1.0000000000000,0.3552322652538,-0.0123845447115,0.0963099409190,0.4765152526883,0.2321826068233,-0.1282279579504,0.0985420153192,0.1900654967836,0.0046469310605,0.1178332476649,0.3465603474947,0.1784482773920,0.3389197546808,0.0165899552411,0.5712093393973,0.0435807603288,-0.0423554435053,0.3297049566205,0.1494178899541,-0.0974044906587,0.3070632490981,-0.2909527076387,-0.1234863874703,0.1354325937334,-0.1592838941910,-0.0295453010886,-0.0198209122688,-0.1399992943783,-0.0793149669942,0.2058440597579,-0.0605628158110,0.2242691209514,-0.1507869343831,0.3372008470696,0.3564382130683,0.1328993920290,-0.0711562387811,-0.2852667904213,0.1619498120796,-0.1773717031380,-0.1068785040258,-0.0948286897230,-0.1312387899279,-0.2777585187636,0.1943479432996,-0.2055276887256,-0.2237856270628,0.1508884150501,-0.1486806909130,0.0245115240758,-0.4172716414003,0.2685409622528,0.1185944473365,-0.0974935586465,0.0666852017595
0.1406001043766,0.3608709921514,0.4611612370033,0.4895105819717,0.0802712236669,0.2228513438131,0.3637428190562,0.5355702790125,0.1985091361670,0.5633794703336,0.0925899049208,0.2692354531020,0.2240471981322,0.3793542124019,0.3552322652538,1.0000000000000,0.1362237632668,0.3088553979923,0.1257262397139,0.1439398550257,0.3430209991532,0.1808596986797,0.3371914931288,0.1992566700680,0.5202943183214,0.3397510034059,0.1789319090578,0.2168687103062,0.1901760706387,0.2870327010003,0.3172288242804,-0.3224549115980,0.1240563345987,0.2781168561699,0.2994019967089,-0.0066418707414,0.1423284839078,0.1485748243780,0.4314142429147,0.0619847227257,0.1099429405736,0.0796403125843,-0.0987822002897,-0.1832695941303,0.4764101301665,-0.1282904035183,0.2232772283565,0.0346608458719,0.3770951802100,0.0493448042829,0.5167178683649,0.0432375438277,-0.0857348891982,0.0619983834794,-0.1309137387688,0.1823335068480,-0.0487843026600,0.1109331382976,-0.0474921456685,0.4135917570271,0.0286503632976,-0.1229174325417,0.0516491473699,-0.0307723560478,-0.1006354511185,-0.2577517245102,-0.1478012028995,-0.1214433548006,0.0201313865234,0.3173854132159
0.2884239320123,0.3416692014425,0.1127199440747,0.1936737105776,0.2577131884730,-0.0060412079594,0.1860048595713,-0.0097566218480,0.0113841326195,-0.0286960404374,0.0496132838393,0.0908167263843,0.2815901103971,0.1583353863653,-0.0123845447115,0.1362237632668,1.0000000000000,0.2113967718242,-0.0035042952224,0.0693800774539,0.3372993568951,0.8195347563445,0.4489036043129,0.7923816583357,0.0182884070042,-0.0081780756646,-0.0216585918585,0.1818662184463,0.0982652426017,0.3993403832232,0.2919753006319,-0.4307695811087,-0.0590363932390,0.4627881290873,0.3124176447549,0.1397768470230,0.0436236650438,-0.0890165141614,0.0376958262738,0.1326441686937,-0.0457620253256,0.1505431089026,-0.3319539242322,-0.2478116106180,-0.0501301890005,-0.0620927094600,-0.0441045649587,0.2709629978759,0.0555928254147,-0.4214354274824,0.0871044101632,0.9406081077030,0.0551233911535,-0.0951097589751,-0.0670563056513,0.2059667474668,0.7356926029344,0.5501765826309,0.6773938356283,0.0312052646038,-0.2094519601110,-0.2000606111321,-0.0822698023831,0.2431035646372,0.1834776347072,0.3259305378416,-0.3681147379932,-0.2322288209188,0.2698466463222,0.2617812813779
0.2540775826385,0.5670792515585,0.6488697388040,0.6014388915379,0.1028765385362,0.1386719854775,0.1307383372649,0.3763640839962,0.2339285212309,0.1476915509943,0.0200192342146,0.2567595898344,0.1053020219079,0.1742762068066,0.0963099409190,0.3088553979923,0.2113967718242,1.0000000000000,0.0652292698504,0.7034171106649,0.2688064776357,0.3308842029723,0.4599717937277,0.4679804615213,0.2657739179363,0.2073098870207,0.6053507333933,0.3115582936105,0.2890303679613,0.3625876944795,0.6527288087421,-0.1581453341996,0.0157632803333,0.3192967380684,0.5860224867771,0.0322166496847,0.0895072956540,0.0902506049413,0.3216357094982,-0.0380946123222,0.2284488603769,-0.0433464551765,-0.1599250303091,-0.2496421808842,0.0656307786845,-0.1393285456882,-0.0345246633023,-0.0052110680699,-0.1240772047636,-0.3022827940211,0.0610792767905,0.1977772789730,0.3965202850935,-0.1704653133289,0.1615164650217,0.0671308731367,0.0742839457950,0.2390807201716,0.2223811328615,0.0799200639115,-0.1008089465696,-0.0747598932136,-0.0665615012720,0.0584208475998,-0.1176347712738,0.0898114674062,-0.1861060956586,-0.2350955591365,0.0194864977573,0.4382966415871
0.2276971689821,0.0608547666966,0.1965337099755,0.0302557063640,-0.1494218978827,0.4369876726743,0.0306977354847,0.0608899805440,0.4166207675982,-0.1146207115501,-0.1353092528057,0.7819742179915,-0.1423052588352,0.6622392671488,0.4765152526883,0.1257262397139,-0.0035042952224,0.0652292698504,1.0000000000000,0.3197453129476,-0.1433209159377,0.0356605014003,0.0416667900366,-0.0664305041261,-0.2110119270759,0.1692347639849,0.3195968422496,0.4368920510475,-0.2720155330881,0.2468953146614,0.0137024212192,-0.1199105133287,0.5163595871699,-0.1564723890778,-0.2153457600732,-0.0240078902522,-0.2170043817443,-0.0702612317799,-0.0725343453396,-0.1998056466832,-0.0223586412304,-0.0222729439067,-0.2253281076682,-0.0164878281714,-0.1546634305517,-0.2241103076088,0.6569172596990,-0.1462794038912,0.5566207523604,-0.0081916123044,-0.0536547052588,-0.0612600630361,-0.2770184531441,0.5571810810425,-0.0037247109484,-0.2097040140879,-0.1040196726093,-0.2268764770634,-0.2932428872750,-0.2270048986755,-0.1744148309906,0.0665720087410,0.1038700321733,-0.3195198993413,-0.0552192632918,-0.3796671498117,0.0469593436924,0.0596718589343,-0.2889745014904,-0.0756421361455
0.2984974244573,0.3570603402422,0.3752512986223,0.3812798572461,-0.0035417724098,0.1560164059788,0.0977353114574,0.1310238606036,0.3433691690518,-0.0050592321376,-0.0504250732059,0.3783014438748,0.0474841921551,0.2317848720715,0.2321826068233,0.1439398550257,0.0693800774539,0.7034171106649,0.3197453129476,1.0000000000000,0.0630132364268,0.1471943738888,0.2535866424882,0.2131239342148,-0.0467137983271,0.3282580243818,0.5400668290381,0.2760941868247,-0.0298983100894,0.4065062704607,0.3966647858129,-0.0946603180500,0.0390349762603,0.1615328556871,0.3495562697236,-0.0010708041917,-0.0177620583042,0.0568790628569,0.2310409091630,-0.1518283635453,0.1962431141837,-0.0511285159314,-0.1129198764993,-0.1961132313758,-0.0562094122957,-0.1655127175186,0.0999432210547,-0.0292116233517,-0.0282735075140,-0.3141484354528,-0.0154710798966,0.0642527833629,0.2603443455677,0.0146127554717,0.2053986346482,-0.0845383797404,-0.0188311113343,0.0909013461342,0.0619642887753,-0.1487589361956,-0.0585202241190,-0.0180780525147,0.0054570371004,-0.1061424574595,-0.0645507422110,0.0469279536217,0.0295734920037,-0.1527957156207,-0.0443126888294,0.3115540047941
0.0867740142260,0.2726933908908,0.1480246528518,0.1964506662713,0.7663499619800,-0.1555768016615,0.4745951763083,0.0029099717649,-0.2142990270850,0.3342423833864,0.5096447663086,-0.1101688038738,0.8179458482041,0.1157741217775,-0.1282279579504,0.3430209991532,0.3372993568951,0.2688064776357,-0.1433209159377,0.0630132364268,1.0000000000000,0.3464039787161,0.2263266637720,0.4211174358797,0.3180388098466,-0.0412500630601,-0.0837749160528,0.0376299906731,0.3621108849251,0.0806542805848,0.2233399243054,-0.2944289101528,-0.2243110013394,0.2530344999669,0.1592908820292,0.1696365906418,0.1347035630018,-0.0642928650323,0.1110606383097,0.7394913647106,-0.1402297075978,0.3651197084165,-0.2792307800706,-0.2275801253810,0.3584283864830,0.3633048301604,0.0093325429033,0.6099476149840,0.0155926774673,-0.2431657391869,0.2832522820989,0.2982457330788,0.1406934536356,-0.0723897461924,0.0586699955616,0.8749557055222,0.2485849395160,0.2271310418365,0.2738121394291,0.4567066393444,-0.1234644209176,-0.1927399299584,-0.0644919703753,0.4521283235215,-0.0774163998873,0.0024302437769,-0.4110741658383,-0.1089175871657,0.0105728260004,0.1683829162934
0.2783704876300,0.4156511236469,0.1972552016459,0.2759748328585,0.1848537670956,0.0136736900491,0.1262337789297,0.0549963994341,-0.0057552239742,0.0513186371952,0.0742992055921,0.1958092755775,0.2344673034079,0.2568363151920,0.0985420153192,0.1808596986797,0.8195347563445,0.3308842029723,0.0356605014003,0.1471943738888,0.3464039787161,1.0000000000000,0.4970885923353,0.9027997873137,0.0355023841022,0.0802573016352,0.0250084080869,0.1625326152688,0.2481582254310,0.4487816938654,0.4278928111392,-0.3877568765718,-0.0008761363273,0.4753400623992,0.3738274888873,0.1503200290538,0.0616376728971,-0.2120749771616,0.1358246908345,0.0847051807087,0.0212745756159,0.0495204298126,-0.4042638072352,-0.2970447493508,-0.0158252919736,-0.0778976740558,0.0434630924393,0.1607506517739,0.1075336637414,-0.4048309779429,0.0020676360775,0.7842357793025,0.0365814854128,-0.0687962587097,-0.0582472521847,0.1814460100924,0.8009455567175,0.4807350040856,0.6521495892466,0.0376615984679,-0.1782757449974,-0.3385557371414,-0.1152736762242,0.2803436442148,0.1718404798054,0.3038259374697,-0.2739879940816,-0.1635500695053,0.2376570923485,0.3392499045302
0.3295105470898,0.7822571631234,0.5342857638962,0.7263345115298,-0.0155838466960,0.2182430085364,0.0663328806122,0.4104017151654,0.1950986648917,0.3731368816919,-0.1641046882565,0.2658953319788,0.0626539457949,0.2807389284016,0.1900654967836,0.3371914931288,0.4489036043129,0.4599717937277,0.0416667900366,0.2535866424882,0.2263266637720,0.4970885923353,1.0000000000000,0.4788388893411,0.5202729672574,0.3161358378467,0.3412437758392,0.2502993774443,0.2056490017166,0.5141166911883,0.6333229254504,-0.3024417588088,-0.0127427657061,0.5163075899776,0.5973121816192,-0.0222924789955,0.3998225879612,-0.0407149533439,0.5852220442860,-0.0672024639217,0.1313597936967,-0.1451836918583,-0.2591240467265,-0.3094089707602,0.2935044013689,-0.3435480678446,0.0534859451414,-0.0019712087569,0.1199629213183,-0.2592404383894,0.0365226313681,0.3373203643106,0.0646697424452,-0.1315813818743,-0.1769929092348,0.0731784741512,0.2158571091667,0.7045858097050,0.2117750737405,0.3423622763645,0.0727350079828,-0.1472981323751,-0.1108422912530,-0.1028293579585,-0.0591213151989,0.1225278026730,-0.2135478511178,-0.3138232483282,0.2231095043103,0.6240997991322
0.1661292889997,0.4870894658852,0.3343175599468,0.3793594617737,0.2725846240301,-0.0318368845315,0.1473333896028,0.0554187020254,0.0403682899752,0.0427540167843,0.1294871975492,0.1514675740899,0.2865770075821,0.1747366558382,0.0046469310605,0.1992566700680,0.7923816583357,0.4679804615213,-0.0664305041261,0.2131239342148,0.4211174358797,0.9027997873137,0.4788388893411,1.0000000000000,0.0963260269976,0.0939256495945,0.1505850690219,0.2638964588533,0.3529553692645,0.3788381339816,0.4577220821236,-0.3025249506378,-0.0335248812486,0.4527167182180,0.4270282216579,0.0396831234042,0.1090793027841,-0.1030192099186,0.1832128029617,0.1716738417717,0.0694763014579,0.0533836771768,-0.4371666502393,-0.2466297664578,-0.0215075785498,-0.0488505492302,-0.0239381842829,0.1799412795139,-0.0062432576897,-0.4205389051832,0.0133426911442,0.7687669234728,0.1226101632332,-0.1932751954864,-0.0773730316201,0.2501918974348,0.7023819384564,0.4511411377333,0.7179622448262,0.0553999075780,-0.1257190198258,-0.2725348348333,-0.0179749329945,0.3673498584673,0.0762986794621,0.2638817771249,-0.2802178620695,-0.1777229604512,0.1714932676006,0.3608972308793
0.1236741471158,0.4456756990933,0.4785167665163,0.6253330047067,0.1342415274916,0.0223028628181,0.1221903090630,0.6127066530652,-0.0095841135392,0.6315064709561,0.0096953321811,-0.0317108121786,0.1336075172089,0.0915090846628,0.1178332476649,0.5202943183214,0.0182884070042,0.2657739179363,-0.2110119270759,-0.0467137983271,0.3180388098466,0.0355023841022,0.5202729672574,0.0963260269976,1.0000000000000,0.3108380026094,0.2497724377253,0.1555064233669,0.4412149443772,0.1084723551467,0.3083769755830,-0.1567267837126,-0.1099569990117,0.2399709570023,0.3681643256011,0.0618689516928,0.3756724380354,0.1866868767203,0.6144820659573,0.1594988641117,0.0963624728323,-0.0470797194262,0.1429742770353,-0.1378552387614,0.6393108879600,-0.0637934316456,-0.0595483523914,0.0170022976641,0.0808186317271,0.1237577318311,0.2998501576045,-0.0749699133299,-0.0172515381334,-0.1792175875340,-0.2295742482091,0.2464224530667,-0.1262468993933,0.3082971819512,-0.0725436396469,0.8288637000552,0.2532515713614,0.0067354269856,0.0615855615578,0.0769448117033,-0.2358259671172,-0.1302462695525,-0.1395500303445,-0.1528334020742,0.0135198953898,0.3765468671723
0.1833244803568,0.4687384725155,0.3874845808384,0.5792393203818,-0.1332337617721,0.0913936101877,0.0084909835678,0.4151564881975,0.2424031235950,0.3254278301430,-0.0977068230739,0.3211799960709,-0.1081704228950,0.2981072872624,0.3465603474947,0.3397510034059,-0.0081780756646,0.2073098870207,0.1692347639849,0.3282580243818,-0.0412500630601,0.0802573016352,0.3161358378467,0.0939256495945,0.3108380026094,1.0000000000000,0.4954280094069,0.4445260607415,0.0530063035720,0.2183212367377,0.1822755889841,0.0428646729671,0.0854637034558,0.1417331325096,0.2187340422363,-0.0500143055284,0.2229006216634,0.1038244104764,0.5502478954462,-0.1001943675054,0.1855753780617,-0.2154071292041,0.0401738892961,-0.2241239270401,0.2931880501837,-0.1307996070869,0.0522484207252,-0.2138666288619,0.2632396613422,0.0491980118617,0.1100526020806,-0.0827966730952,-0.2189591879977,-0.1038508071072,-0.2646763355390,-0.0796412679538,-0.0718174911671,0.0777490000590,-0.1219036526383,0.2276926378027,0.5171834448461,0.0205609496958,0.3641356837249,-0.1178863782912,-0.1841691240394,-0.2513612178150,0.1503401405440,-0.1611468468678,-0.0597760690665,0.2615138059166
0.1196776983983,0.5020235104514,0.5948544304244,0.5990397042331,-0.1253720449851,0.2366709910271,0.0229104286802,0.4375209108005,0.3896168498877,-0.0257075946921,-0.1153506861289,0.4448932521094,-0.1938710107393,0.2513148875457,0.1784482773920,0.1789319090578,-0.0216585918585,0.6053507333933,0.3195968422496,0.5400668290381,-0.0837749160528,0.0250084080869,0.3412437758392,0.1505850690219,0.2497724377253,0.4954280094069,1.0000000000000,0.5675362857370,0.1536686955125,0.2391564653493,0.4694946942719,0.1268125071350,0.1928348555802,0.0654394063585,0.2902103252704,-0.1754724494920,0.0718181524469,0.1019287088662,0.2951906320431,-0.1522139474337,0.2128410667989,-0.1991292835505,-0.0575254150558,-0.1485196799165,-0.0643331561495,-0.2677461247092,0.0742806244265,-0.2482979242776,0.0398103662783,-0.0856500843596,-0.0692124862070,-0.0894128932522,-0.0245165922551,-0.0623567190063,-0.1396450514531,-0.1952467095680,-0.2523191884992,0.0287422018363,-0.1536115692795,0.0589502859128,0.2220152542214,0.2494530109343,0.3135974963220,-0.1443181879213,-0.2734801294245,-0.1641244833770,0.1466900085659,-0.1994559931241,-0.2261504354679,0.1954800003659
0.2199636798485,0.3678456271705,0.5356780319378,0.3779372849553,-0.0164995267848,0.2358034224505,0.1312045874808,0.2787318205241,0.3569394086138,0.1976403261827,0.0109248273344,0.4664229969497,0.0422907124139,0.4594784215066,0.3389197546808,0.2168687103062,0.1818662184463,0.3115582936105,0.4368920510475,0.2760941868247,0.0376299906731,0.1625326152688,0.2502993774443,0.2638964588533,0.1555064233669,0.4445260607415,0.5675362857370,1.0000000000000,-0.0492168255007,0.3000009061936,0.0933402829807,-0.0734125032620,0.1765148751475,0.1729295818471,0.0984695508775,-0.0831635660403,-0.0060789639578,0.1953173033338,0.2847234522646,-0.0522574540710,0.0734508357736,0.1188000017091,-0.2430556404280,0.0240437683570,0.1527042448051,-0.1383710800228,0.2975630069698,0.0578344067706,0.3836149649053,0.0633872046405,0.1376119769039,0.0652492889785,-0.1846469605408,0.2337006720899,-0.1216173288958,0.0173922495873,-0.0697244445605,-0.0508305113154,-0.0697373630020,0.0925670686715,0.0920222258806,0.1527549873206,0.5988167033525,-0.1682254152232,-0.0893348040779,-0.3097534329998,-0.0151302972759,-0.0729014687737,-0.1124153055560,0.0540108558318
-0.0816432958517,0.2233510379917,0.2384630214604,0.3062169006240,0.3232053636158,-0.2641457144641,0.1730614338681,0.1569999524024,-0.0427331336902,0.1950255987556,0.3657870305181,-0.1277684414692,0.1827183651450,-0.1213929405427,0.0165899552411,0.1901760706387,0.0982652426017,0.2890303679613,-0.2720155330881,-0.0298983100894,0.3621108849251,0.2481582254310,0.2056490017166,0.3529553692645,0.4412149443772,0.0530063035720,0.1536686955125,-0.0492168255007,1.0000000000000,0.0156971853299,0.3190101656260,0.0901832944819,-0.1126260986555,0.0672693487180,0.0983000325567,0.0074876361696,0.0812963432045,-0.1952715154521,0.0744218176890,0.4116487231926,-0.1436575294836,-0.1422427060539,-0.1844502541532,-0.1629148558304,0.1409435079869,0.2267249356213,-0.2014983285699,-0.0375866693700,-0.2301387959012,-0.1109094515263,-0.0536507336361,0.0972464994787,-0.0341446843697,-0.3974837981321,-0.2546909632695,0.3254689831290,0.0534898932011,0.0487401729541,0.1066848481521,0.4561469586412,0.0005878704846,-0.2688985913361,-0.1479278504298,0.7190111373567,-0.1564805247762,-0.0543441122663,0.0239854995891,-0.0617404948885,-0.1063571270242,0.0920131326583
0.6485218422991,0.4292813926907,0.1867985372325,0.4180254047525,0.0859217506704,0.3696094671821,0.3899484983345,0.1357801654361,0.4845802394557,0.2387158203683,0.1240757233991,0.3340405674909,0.1883985354616,0.3594116284877,0.5712093393973,0.2870327010003,0.3993403832232,0.3625876944795,0.2468953146614,0.4065062704607,0.0806542805848,0.4487816938654,0.5141166911883,0.3788381339816,0.1084723551467,0.2183212367377,0.2391564653493,0.3000009061936,0.0156971853299,1.0000000000000,0.2641587904588,-0.2097879067607,0.1556243323771,0.7026189604798,0.3908150371284,0.2891923940762,-0.0590346549847,-0.2239886962482,0.2389720721020,-0.0155196105101,0.1177733342763,0.1963846573896,-0.3062544472722,-0.1361567023403,0.1706007373695,-0.1089547372755,0.1281270444866,0.1812085943167,0.1113618548724,-0.0927072551573,0.2134254600078,0.2953869618413,-0.0126771857156,0.0363207263593,-0.1636934945702,0.0475361824030,0.1779587483176,0.3261345443589,0.0800262293547,0.1412688711974,-0.3024159490174,-0.3204875634083,-0.1153671735187,-0.0528928334687,0.3776486312586,0.0846190496301,0.0624526374635,0.0000948924680,0.3267727293156,0.4637431864996
0.1157562523770,0.6448464371630,0.6167845646588,0.5751847097371,-0.1114401638418,0.1750857411709,-0.0409189347928,0.4992216487456,0.1487707065988,0.0210950644664,-0.2216899942364,0.2620516797660,-0.1152755440873,0.1824427425945,0.0435807603288,0.3172288242804,0.2919753006319,0.6527288087421,0.0137024212192,0.3966647858129,0.2233399243054,0.4278928111392,0.6333229254504,0.4577220821236,0.3083769755830,0.1822755889841,0.4694946942719,0.0933402829807,0.3190101656260,0.2641587904588,1.0000000000000,-0.3525688312561,0.0569476114131,0.2281279026867,0.6102147061456,-0.0889427672440,0.3303787835296,0.0745309019929,0.3436199190545,-0.1574574975769,0.1180959499854,-0.3264067389960,-0.1466462045186,-0.3363906446963,-0.0891464147752,-0.4106747200888,0.0619788540350,-0.2635415224802,0.0298738340886,-0.3805525373394,-0.1778699435337,0.2425358640124,0.2946919664767,-0.1294417994064,0.0219701618775,-0.0586722538531,0.1114293823831,0.4499740609408,0.2166998781683,0.0550396319722,0.0331996422560,-0.0431583158771,-0.1319319372268,-0.0506888535655,-0.2129256558832,0.2477477206931,-0.2645908294862,-0.4557906952450,0.0187497551919,0.5607443899012
-0.1342266523518,-0.2454170574939,-0.3368309971221,-0.1214014829035,-0.0214400062296,-0.2968244079439,-0.0914277549342,-0.1756398209415,0.0338599292158,-0.1059542758321,0.1758079311535,-0.1750500091524,-0.0885470474306,-0.4779507597719,-0.0423554435053,-0.3224549115980,-0.4307695811087,-0.1581453341996,-0.1199105133287,-0.0946603180500,-0.2944289101528,-0.3877568765718,-0.3024417588088,-0.3025249506378,-0.1567267837126,0.0428646729671,0.1268125071350,-0.0734125032620,0.0901832944819,-0.2097879067607,-0.3525688312561,1.0000000000000,0.0074657206052,-0.1509151660917,-0.3125627402247,-0.0255540427068,-0.1923302243930,-0.2297578926535,-0.1688850053057,0.1035106280243,-0.0231952315270,-0.1636917444286,0.1948390607270,0.0502874311877,-0.0454252011362,0.2541842643028,-0.3601425335901,-0.0468829206741,-0.4853830693665,0.2915889010397,-0.0521054798696,-0.3790883536767,-0.1096485112810,-0.3955894261924,-0.0829926155852,-0.0570571331345,-0.2305442214972,-0.3403564912311,-0.2679976095951,-0.0094159544587,0.1999115833159,0.1066571559716,0.1145235052953,0.1832597134367,0.0171118569772,-0.1396086463720,0.6322951639668,0.2022725713179,-0.0399380911901,-0.2837872424650
0.0185930482794,0.0269150892980,0.1749421351516,0.0994252639653,-0.1875017447630,0.5629686249196,-0.0959533478091,0.0993680681839,0.3412169593047,-0.1512515353202,-0.2026181688819,0.5479333084040,-0.2958775128857,0.3439428350655,0.3297049566205,0.1240563345987,-0.0590363932390,0.0157632803333,0.5163595871699,0.0390349762603,-0.2243110013394,-0.0008761363273,-0.0127427657061,-0.0335248812486,-0.1099569990117,0.0854637034558,0.1928348555802,0.1765148751475,-0.1126260986555,0.1556243323771,0.0569476114131,0.0074657206052,1.0000000000000,-0.1233606674959,-0.0461665593586,-0.0803858479634,-0.0997847737502,0.0254734327873,-0.0397282289496,-0.2233994750262,0.2590517586261,-0.0942638967962,-0.0284412409290,0.0994357046857,-0.1813762486886,-0.2229616950520,0.5015176005832,-0.2980886940451,0.2708053545086,0.0504543250833,0.0411194721824,-0.0652343000514,-0.1274841898015,0.3749740808814,-0.0507732363936,-0.2534211802038,-0.0960536947004,-0.1592432304420,-0.1475048310103,-0.1694632613336,-0.1580754053898,0.0492836690784,0.0687072606269,-0.1649482086412,-0.0516918194163,-0.1947224472139,0.1794067608881,0.1763772832059,-0.1071036948831,-0.0467607956035
0.3615328034035,0.4380426607572,0.1035633366705,0.3688081615008,0.2135165483809,0.0866341674922,0.2839776603856,0.0743321599326,0.1280934715396,0.3514024503949,0.1516140744678,-0.0368535408923,0.2896586995663,0.0759252422883,0.1494178899541,0.2781168561699,0.4627881290873,0.3192967380684,-0.1564723890778,0.1615328556871,0.2530344999669,0.4753400623992,0.5163075899776,0.4527167182180,0.2399709570023,0.1417331325096,0.0654394063585,0.1729295818471,0.0672693487180,0.7026189604798,0.2281279026867,-0.1509151660917,-0.1233606674959,1.0000000000000,0.5541941893050,0.2809160723266,0.1667026066809,-0.2088191307180,0.3531554456726,0.1359986925973,0.0681167136053,0.2008612745920,-0.2251742924264,-0.1040485011985,0.3513833578484,0.0043143123506,-0.1630349276455,0.2886663430982,-0.0495479586915,-0.1407609836984,0.2841136975247,0.3850761475951,0.1371844785081,-0.1890900247772,-0.0723482923330,0.2296466202829,0.3367886017781,0.5012045990245,0.2634404902379,0.2746175099392,-0.1306127096416,-0.2422474919328,-0.1230626231434,0.0765025075476,0.4788412779655,0.2901880618187,-0.1366632263338,-0.0573257559673,0.7134341333220,0.5013404001412
