1.0000000000000,0.1915437952823,-0.1392184733238,0.2224276883042,-0.0292207060189,-0.1023053323230,0.0118421379873,0.0069392777446,-0.0295969788170,-0.0755532287987,0.2152556868847,0.0639666522726,0.0390043774161,-0.0223972971715,0.3406064437687,-0.1304664296379,0.1097227762037,0.4608929578047,0.1153856707476,0.3722991451258,-0.0802711473973,0.1145248024801,0.1261891430545,0.0818938387329,-0.1579880356934,0.1525502188426,0.0716181137315,-0.0146216692057,-0.0134425221884,0.5389919949219,0.2599417459528,-0.1173556716492,-0.0489321481542,0.2514971404680,0.3102348532269,0.6674834332365,0.1483360878176,-0.4151646584374,0.1813657321998,-0.0578063075815,-0.1079854977618,-0.0878226115754,-0.1984701906687,-0.1161318333235,-0.1118444373481,0.1047054381875,-0.0155875210989,0.0166493743043,-0.0141038226011,0.1349039096787,-0.1536459790673,0.0852051542476,0.3505336687893,0.0794508417677,0.3233374925992,-0.0748705444869,-0.0458206998859,0.1023589813761,-0.0014504517646,-0.1624059157715,0.1612943365079,-0.0065827589406,-0.2054805674187,-0.0566611183228,0.3875431884103,0.0822762041968,0.0323699772747,-0.0661471612641,0.1884613210885,0.2968365845174
0.1915437952823,1.0000000000000,0.0539202368361,0.4623260498365,-0.0503702594334,-0.1529197780944,-0.1814965049408,-0.1548683451466,-0.2065037913633,-0.0967445335439,-0.1517735659618,-0.1296090028068,-0.0520661900078,-0.1414440923749,-0.0603353736322,-0.1805443287407,0.2605944010053,0.5639263690791,-0.0175248453592,0.2833315592291,0.1430481396385,0.3310481396593,0.4838811338565,0.3791787610431,-0.0869813333132,0.2260684044729,0.4217918207932,0.1250924950276,-0.0194086521502,0.3133243750602,0.5143095477578,-0.1002835345818,-0.0494778306954,0.4730982634125,0.6499165811341,0.2339842729370,0.8108395741657,-0.3181707922751,0.4502635865902,-0.1013050342613,-0.1746029110275,-0.2901768685312,-0.2902121900912,-0.3011530002732,-0.1600232244968,-0.1876912929090,-0.2419594745862,-0.0261054515622,-0.0945848984309,-0.2805183988557,-0.1205736275849,0.1144871881788,0.2001146454408,-0.1415364853833,0.0984358515335,0.1418118844970,0.2315949008007,0.6029532083827,0.2892405261057,-0.0256564209982,0.3448086485490,0.0084903419007,-0.0203910205849,-0.1239474290644,0.2014300167884,0.3317774194661,-0.0404269111655,-0.1344802904534,0.4266079717153,0.6326860125461
-0.1392184733238,0.0539202368361,1.0000000000000,0.1395526643697,-0.1943072874825,-0.0066299123880,-0.1540947353467,0.2857517518535,0.1382351208748,0.1380920472997,-0.2751081716317,0.1908328446775,-0.2333840474004,0.2293209284885,0.0886456903930,-0.0849799032205,0.1047754907278,0.0575417826744,0.0887548780523,0.0347604920715,-0.0396175643706,-0.0375726465439,0.0700121208885,0.1801897020460,0.2097297266418,0.1655585647305,0.4942984986485,0.6535115639237,-0.0032908808923,-0.1347137689077,0.0216419066335,-0.0956269356670,-0.0137588841149,-0.0393731254883,-0.1023075841254,-0.3051351126430,-0.0052514546656,0.6839338309749,0.1497295343482,-0.1879154107769,-0.0155726497074,-0.1551587955587,0.1068085336853,-0.0010746384119,0.0547641260143,-0.3674338064098,0.1745830892472,-0.2161675820050,0.1626274333827,-0.0975886688230,-0.0906300099730,0.1056886800928,-0.0407857391657,0.1349316916974,-0.1232589210223,-0.1261519515094,-0.0038415968845,-0.0318138472123,0.0671934975160,0.0894132781404,0.0758855340115,0.2826457044582,0.5390116040912,-0.1773656074124,-0.2228413893740,-0.1092137275152,-0.1179826212679,0.0150315060172,-0.1307511222011,-0.1403909847458
0.2224276883042,0.4623260498365,0.1395526643697,1.0000000000000,0.1071898428538,-0.0807927683205,-0.0940660618621,0.2020802359459,-0.2758236423243,0.3196703756623,-0.1157007078202,-0.1627635669930,0.0700827493965,-0.0889022261368,-0.0038260550926,0.0355405548701,0.3052024935577,0.2645390813803,-0.1280992858002,0.1812183716105,0.1713253117469,0.0581522212452,0.6839833629419,0.0972922772018,0.5021010197635,0.3657898205336,0.3913463911732,0.1436540406202,0.1683680574298,0.1277574576521,0.2733157119726,-0.2564571481532,-0.1140811893988,0.2160105529297,0.4278082219355,0.2493137904554,0.5460010223058,-0.0970266312533,0.8612281236338,0.0781403123786,-0.0254764691956,-0.1394042448000,0.1468810611042,-0.2124714327704,0.2541275342077,-0.0982696212677,-0.2376170608941,0.1199775595171,-0.0589004329411,-0.0370964096065,0.0513497643623,0.1922271607016,0.2388819543664,-0.2113171015945,0.1041525186671,0.1894660257990,-0.0702365788492,0.5939023554208,0.0427273967181,0.4758118191855,0.4748569011199,0.1238735388223,0.0578304433911,0.1164083400259,0.1291502617155,0.1720351526052,-0.1275687957120,-0.0105979006197,0.1402148282615,0.3803429789199
-0.0292207060189,-0.0503702594334,-0.1943072874825,0.1071898428538,1.0000000000000,-0.0444035119193,0.3589390925931,0.2787316674968,-0.1292087221045,0.1811400710302,0.5526638223681,-0.3523430085542,0.8479160791989,-0.2872446781144,-0.0751997412111,0.4857108499450,-0.0350553605437,-0.0500868824035,-0.3281871797131,-0.1933484576001,0.7494038031989,-0.2291461733895,0.0696109196979,-0.1492924660406,0.4429902724461,-0.0829761381927,-0.2442415306910,-0.2367581211014,0.6388234250717,-0.1368779430093,-0.2784556712899,-0.0958422091559,-0.1149930195202,-0.1073213897095,-0.1499466398960,0.0603226699310,0.0175225208356,-0.1685984589214,0.0747736299420,0.9531336930188,-0.0701247229882,0.3227923158105,0.2836218726424,-0.1262240716323,0.3217977389994,0.6373639990078,-0.3085672520613,0.8343513003296,-0.2726608377790,-0.0659136560819,0.3828706345817,-0.0636225719260,0.0223402610519,-0.3755616628322,-0.1212051333746,0.8130487474870,-0.2871233085310,-0.1011997850988,-0.1670506089941,0.4779128838809,-0.0903055591770,-0.2434845193905,-0.2260144882009,0.6521638000352,-0.0675871690270,-0.3479071297109,-0.0188913344745,-0.1310742771077,-0.1551939389503,-0.1808833475301
-0.1023053323230,-0.1529197780944,-0.0066299123880,-0.0807927683205,-0.0444035119193,1.0000000000000,0.6083278767525,-0.0739167966133,0.5852699902195,-0.0588336932218,0.0530039090103,0.1572262737952,0.0109279540752,0.1376849792315,0.1827509103743,0.5663060738712,-0.1682391876159,-0.2781843063985,-0.2387444258771,-0.3293766241789,-0.0338435176318,-0.1085578332332,-0.1368189437584,-0.1153600557358,0.0015117281887,-0.2037300938300,-0.2069205394296,-0.1050013605307,-0.0903809741489,-0.0310247844713,-0.0030817395083,-0.0378634905700,0.5794253093952,-0.0012231985980,-0.0969071355342,-0.0383165964995,-0.1751861723653,0.1102199310972,-0.0755675345659,-0.0447155510519,0.8541516228918,0.5905794010442,-0.0128342271681,0.4654556281127,0.0201754986022,0.0549619588659,0.0907699102497,-0.0103509440273,0.0316377594231,0.1223898017963,0.5198427042153,-0.1831305742214,-0.2102124305831,-0.0483973914435,-0.2626272054909,-0.0499891944461,-0.0581468204716,-0.1009232681147,-0.1370075632300,-0.0180992483491,-0.2000865754804,-0.2153104151873,-0.0413803339193,-0.1298012939556,-0.2514339870309,-0.0342575762670,-0.1997834356024,0.5943576690298,-0.0028219761022,-0.1627524871779
0.0118421379873,-0.1814965049408,-0.1540947353467,-0.0940660618621,0.3589390925931,0.6083278767525,1.0000000000000,-0.0143343713363,0.5840676966968,-0.1032731844226,0.5744921154848,0.0217669220214,0.4948049611868,0.0063729946591,0.3020503611313,0.6269630031085,-0.2818715104106,-0.2462258930536,-0.2428411297767,-0.3503299971902,0.1711140389003,-0.2240601896116,-0.2800009678518,-0.2037835585744,0.0986358554744,-0.2530284041527,-0.2310226883086,-0.2757483338623,0.1836097309529,0.0484373149301,-0.2091170006598,-0.0997811043841,0.4854799521719,-0.0951826495755,-0.1922318104577,0.0834953452210,-0.1870040034731,-0.0238535864534,-0.1345547749102,0.3679638144862,0.5016487289123,0.8022090663457,-0.0091387643059,0.3700479107748,0.0125325679220,0.5333889702432,-0.0011082848609,0.3811305525844,-0.0681274775886,0.0812427762320,0.4875150635972,-0.2657961516384,-0.1484495438059,-0.1260683525268,-0.2366451593594,0.2069086422012,-0.2368719988628,-0.3046243304852,-0.2532152642007,0.0479885160957,-0.2829042792025,-0.2577953852755,-0.1909042125926,0.2284467560620,-0.2181318421755,-0.2786927721566,-0.1673556203418,0.4096757622828,-0.2086475862038,-0.2488432661999
0.0069392777446,-0.1548683451466,0.2857517518535,0.2020802359459,0.2787316674968,-0.0739167966133,-0.0143343713363,1.0000000000000,-0.1085130814602,0.6487369558751,0.1360630458726,-0.3087293243233,0.2041156819027,0.0066865184134,0.1649872804263,0.1990919900316,0.1947669756875,-0.1425818886413,-0.2178209391806,-0.2617106163837,0.2914791763748,-0.0759853267273,0.3272397577741,-0.1017502166737,0.5835074617847,0.2958595785690,-0.0629564966357,0.3516933041790,0.4015765050769,-0.1923798463613,-0.1361849491716,0.0076442665141,-0.0822933775352,-0.1293441231960,-0.2556860915918,-0.1958817419439,-0.2350360698084,0.0795429029717,0.1130367074060,0.3037712517383,-0.1073522938544,-0.1328017281926,0.6515391939116,-0.3496685933025,0.6194892049377,0.1554217122012,-0.2888723838632,0.1964417771798,-0.0215975628652,-0.1649833309272,0.1262382793151,0.1883423995565,-0.2097442857487,-0.3712944489120,-0.3894909686034,0.2515901622153,-0.1774155978365,-0.0821783157417,-0.3561800600409,0.5622854288742,0.1626865203817,-0.1138855983456,0.1481159720299,0.2695154860015,-0.2312442035427,-0.3332811977965,0.1447433899455,-0.0088062890421,-0.2250998868903,-0.3497362545091
-0.0295969788170,-0.2065037913633,0.1382351208748,-0.2758236423243,-0.1292087221045,0.5852699902195,0.5840676966968,-0.1085130814602,1.0000000000000,-0.2562258218275,0.2555014781857,0.5238382081794,-0.0675708258672,0.3762943404789,0.5922366619950,0.3721518227659,-0.3196783694312,-0.2927429965999,0.0916472726684,-0.3127890596288,-0.1582353017939,-0.0839416298476,-0.4172782517758,-0.1016476483439,-0.1962945851714,-0.2341906812563,-0.1612393886651,0.0013042085777,-0.1480434804622,0.1171079681378,-0.0864325886270,0.0235724769296,0.5207518887959,-0.0620608976886,-0.2365472283701,-0.1649775381156,-0.2972050412134,0.1951706624606,-0.2914306949563,-0.1371202640877,0.3954136998604,0.4402168111094,-0.2413640214254,0.5087740326353,-0.2226407945544,0.0847698793307,0.4641420167315,-0.1620957223072,0.2828568656253,0.0490438472403,0.1515979426754,-0.2743418950406,-0.2891701362980,0.2685751225033,-0.2002414775088,-0.1962444154177,-0.0210567603539,-0.3693719889896,-0.1490015504505,-0.2832872658562,-0.2860602493493,-0.1357806487291,-0.0097220986081,-0.1727335072321,-0.3473526064293,-0.2004968403341,-0.1397386900802,0.4559295306687,-0.2581273665739,-0.3078253612214
-0.0755532287987,-0.0967445335439,0.1380920472997,0.3196703756623,0.1811400710302,-0.0588336932218,-0.1032731844226,0.6487369558751,-0.2562258218275,1.0000000000000,-0.0144163647317,-0.2574770299864,0.1939562972184,0.2505718430523,0.0293822429843,0.2807936076796,0.0686016543373,-0.1826133518810,-0.1327677547040,-0.1956402868273,0.2590245546063,-0.0112818488075,0.4503606919683,-0.1785318950708,0.5729466873845,0.5141212138222,-0.0670154930764,0.3290809871721,0.0703619520301,-0.0072118917454,-0.1893911522646,0.0460651539212,-0.0874712118295,-0.0559814220942,-0.0799390161379,-0.1235512640492,-0.1054245089582,0.0365475200328,0.3455360791711,0.2560670204331,-0.0620760090146,-0.1125543634003,0.4787134004062,-0.2963592105672,0.8916482020540,0.0681014497526,-0.1977040158413,0.2354843346476,0.2737634641213,-0.0731500153789,0.2916488504385,0.0509384945733,-0.2692799549289,-0.2399287210955,-0.2642908193426,0.2456872042241,-0.0142755258078,0.1049743668721,-0.3173589830067,0.5879906234669,0.4455898019574,-0.1486134929416,0.2721608603573,0.0113745092562,0.0722470158850,-0.1999017927953,0.1651853336012,-0.0577538150127,0.0886480621076,-0.1048020111672
0.2152556868847,-0.1517735659618,-0.2751081716317,-0.1157007078202,0.5526638223681,0.0530039090103,0.5744921154848,0.1360630458726,0.2555014781857,-0.0144163647317,1.0000000000000,-0.1649775964081,0.6674238202686,-0.0745401549686,0.2265043701951,0.4135233461100,-0.3169665651731,-0.0258910386870,-0.2276153797208,-0.1892454509069,0.3688143283503,-0.2849796430420,-0.2188657739993,-0.3021675613503,0.1435855852542,-0.1935672347096,-0.3384406083954,-0.3205742781741,0.3719660560951,0.0322479946324,-0.3232891680529,-0.0386256019298,-0.0699989197890,-0.0573550795386,-0.3391571769868,0.1690231571317,-0.1546031953659,-0.2412165067134,-0.2025884777019,0.5675347966713,0.0065752979135,0.5411057546301,0.0987399081326,0.1603046743875,0.1283482010979,0.8986585810693,-0.0657738521304,0.5369880679649,-0.0604475138614,0.1570695290419,0.2905380476251,-0.2770147064257,0.0193183711529,-0.1217632272187,-0.0318478344878,0.4142274078135,-0.3186405390987,-0.3426152412282,-0.3389291089816,0.1169872748207,-0.2010147396336,-0.2502203125796,-0.2812836519247,0.4396360608839,-0.0332590479788,-0.4337220910910,0.0528212089590,-0.0966534778568,-0.2087688827671,-0.2596782618114
0.0639666522726,-0.1296090028068,0.1908328446775,-0.1627635669930,-0.3523430085542,0.1572262737952,0.0217669220214,-0.3087293243233,0.5238382081794,-0.2574770299864,-0.1649775964081,1.0000000000000,-0.3297092371061,0.5986650907683,0.4058421712216,-0.0407495931460,-0.2771477225973,-0.0554391124006,0.5582218102448,0.2345485745577,-0.3286833287856,-0.1086356506812,-0.4061250918050,-0.1067479005426,-0.4098362940305,-0.0129632371695,0.0147889001858,0.1881120027783,-0.4909965064531,0.2040945731383,-0.0865047137644,0.0274688135497,0.2570711230516,-0.1160938971206,0.0034922597856,-0.0954937995729,-0.1632804211922,0.2130300002330,-0.0694279104905,-0.3450406954917,0.1185523163850,0.0865467706848,-0.3673869058745,0.4583042972532,-0.3279660405814,-0.2634671806073,0.8883478360811,-0.3388904163657,0.5171870170102,0.2756045468771,-0.1094913574525,-0.2208015197196,-0.0676406790992,0.7262656367726,0.2437606290047,-0.3551172995347,-0.0063752144178,-0.2751248066175,-0.0468747709754,-0.4658363563575,0.0060484997911,0.0492496352274,0.1478865552868,-0.4890430853440,0.0214882174210,-0.0861026225003,-0.1641946509702,0.1992721649962,-0.1514824556584,0.0073580511341
0.0390043774161,-0.0520661900078,-0.2333840474004,0.0700827493965,0.8479160791989,0.0109279540752,0.4948049611868,0.2041156819027,-0.0675708258672,0.1939562972184,0.6674238202686,-0.3297092371061,1.0000000000000,-0.2222930064664,0.0197797259905,0.5174120695974,-0.1475980431144,0.0049922605802,-0.2679913428871,-0.1251677009367,0.6646504401930,-0.2536886953751,0.0363874814674,-0.2181110494048,0.3470902960037,-0.0947963697288,-0.2100110283575,-0.2445860569869,0.4779627224137,0.0002030989078,-0.2876387968789,-0.0339772420734,-0.1212706706811,-0.0857192599311,-0.1379165778430,0.0762892493844,-0.0091898417511,-0.2303369831624,0.0234694116762,0.8355234067636,-0.0039252727969,0.4743062233913,0.2169303077865,-0.0615364884376,0.3275367420990,0.7413156275573,-0.2611963687085,0.9269347488694,-0.1945475561434,-0.0032063912315,0.4577264930592,-0.1554677670296,0.0306567200149,-0.2717010525633,-0.0913431422799,0.7268197062563,-0.2879420310019,-0.1162784934594,-0.2421067347040,0.3477736086793,-0.0765406816331,-0.2361655058036,-0.2475832249482,0.5381251062383,0.0595312659196,-0.3434144187059,0.0367984997401,-0.1312878294285,-0.1173476716950,-0.1296787733728
-0.0223972971715,-0.1414440923749,0.2293209284885,-0.0889022261368,-0.2872446781144,0.1376849792315,0.0063729946591,0.0066865184134,0.3762943404789,0.2505718430523,-0.0745401549686,0.5986650907683,-0.2222930064664,1.0000000000000,0.4049411738772,0.1108923520791,-0.2198025971529,-0.2505771420549,0.2865339333681,-0.1162930385518,-0.2302516729358,-0.0646465431325,-0.2223178047049,-0.1980207205648,-0.1192162754696,0.4768065265328,-0.0373870116989,0.4269418309472,-0.4505109435390,0.1349189167116,-0.2173620700097,0.0535630110297,0.2018277436489,-0.0437914271476,-0.1473056804912,-0.1834461798861,-0.2025359219613,0.2340254210233,0.0268824940303,-0.2176344746534,0.1377503014085,0.0778338566262,-0.1660026049707,0.2907636394492,0.1620595860937,-0.1317425575650,0.6095984952581,-0.2583997439536,0.9194938952461,0.2592575621307,0.0931068610862,-0.1522906842507,-0.4002385189972,0.4427213312258,-0.1861982783467,-0.2667765388021,0.0514799073588,-0.2631910640078,-0.2523441467792,-0.2023987917021,0.4179755754605,-0.0764814182991,0.4948342958515,-0.5067974638359,0.0110210192984,-0.2135391286716,-0.0620948637182,0.1503704606967,-0.0319803207306,-0.0769731956775
0.3406064437687,-0.0603353736322,0.0886456903930,-0.0038260550926,-0.0751997412111,0.1827509103743,0.3020503611313,0.1649872804263,0.5922366619950,0.0293822429843,0.2265043701951,0.4058421712216,0.0197797259905,0.4049411738772,1.0000000000000,0.1511771022757,-0.2210593669060,0.0261885432276,0.4203622841006,0.0658202962002,-0.1217846677100,-0.0653370547686,-0.1088828062367,-0.1463795678721,-0.1204137674653,0.1242596575108,0.0056931930472,0.2277847130526,-0.1738243784533,0.4133081088641,-0.0592134745205,0.0362239285618,0.3272454750321,0.0313606644000,-0.0352773489686,0.0135019949335,-0.1643232678140,-0.0784773092527,-0.0472666920169,-0.1028873601550,0.0599652359552,0.0701693066559,-0.1667799713432,-0.0300446022862,0.0372826736033,0.0434319071514,0.2854568879717,-0.0618532865915,0.3584699784263,0.0354237099327,-0.0169569800545,-0.1836692063885,-0.1051955034594,0.3000356889084,0.0051486499483,-0.1463698932514,-0.1117836288751,-0.2278718007030,-0.3044353323266,-0.1956734044099,0.0276762041690,-0.0584904532270,0.1225397377727,-0.2429583509725,-0.0395078969141,-0.2650235970845,0.0321218854932,0.2756673190947,-0.1501771447269,-0.1262794732301
-0.1304664296379,-0.1805443287407,-0.0849799032205,0.0355405548701,0.4857108499450,0.5663060738712,0.6269630031085,0.1990919900316,0.3721518227659,0.2807936076796,0.4135233461100,-0.0407495931460,0.5174120695974,0.1108923520791,0.1511771022757,1.0000000000000,-0.1579133262493,-0.2963937182626,-0.3275637882668,-0.4443064781131,0.3966642036115,-0.1756744775493,-0.0088268868579,-0.2213138359936,0.3282995389821,-0.0810688896425,-0.3330650644951,-0.1468656637738,0.2900707042756,-0.0239155071028,-0.2303738335543,-0.0168121806132,0.3108083899648,0.0219023299796,-0.1503522319231,-0.0778196054800,-0.1570718575192,0.0190237520009,0.0594437536666,0.5229128792414,0.4907316932382,0.6257151288201,0.2589920497934,0.2627053615002,0.4261598303014,0.4638881795056,-0.0193459126238,0.4926558433821,0.0957735763306,0.0243246302631,0.8129298178383,-0.1735373477073,-0.2016930514465,-0.2225222991370,-0.2740533424899,0.4129100443121,-0.1615745534326,-0.1469389732164,-0.2463918695599,0.3867553451900,-0.0907510570693,-0.2909899772593,-0.0806195210288,0.2985760859874,-0.1959196692530,-0.2829028242408,-0.0414106962157,0.2749083557340,-0.0457653924244,-0.1826800334695
0.1097227762037,0.2605944010053,0.1047754907278,0.3052024935577,-0.0350553605437,-0.1682391876159,-0.2818715104106,0.1947669756875,-0.3196783694312,0.0686016543373,-0.3169665651731,-0.2771477225973,-0.1475980431144,-0.2198025971529,-0.2210593669060,-0.1579133262493,1.0000000000000,0.0962190816865,-0.1714828873963,0.0022455877437,0.0156474668813,0.5425471624841,0.5185725689279,0.5595225274546,0.1964077657864,0.1436291436414,0.2357948980536,0.1913091389092,0.3070426904365,0.0239064215171,0.4909706575720,-0.1788404293001,-0.0979729947615,0.2170807669608,0.3535993856031,0.0356106899723,0.2717278798615,-0.0720823881604,0.2680088783867,-0.0451394968624,-0.1388715939964,-0.3536008811194,0.0780930518294,-0.3090136559108,-0.0383495281145,-0.3104834786016,-0.3095865194145,-0.0515473704367,-0.1992098632783,-0.2964821569953,-0.1256201993650,0.9139392443394,0.0261422142010,-0.2904267609942,-0.0979040205369,0.0353338732841,0.3711504203982,0.5409697321110,0.4867787136176,0.2936103984246,0.1870466904907,0.0685133938632,0.0054865124329,0.2672544813281,0.0068443620464,0.4347054237945,-0.0642882040437,-0.0890318770051,0.1460934851579,0.2435015725586
0.4608929578047,0.5639263690791,0.0575417826744,0.2645390813803,-0.0500868824035,-0.2781843063985,-0.2462258930536,-0.1425818886413,-0.2927429965999,-0.1826133518810,-0.0258910386870,-0.0554391124006,0.0049922605802,-0.2505771420549,0.0261885432276,-0.2963937182626,0.0962190816865,1.0000000000000,0.3046149879718,0.7537369288841,0.0956268612381,0.1272694693630,0.2587844620084,0.1895693644755,-0.2483116860934,0.0536267025265,0.4865002771342,0.0814264885526,-0.0291294661611,0.2742952169857,0.3295720189222,-0.0974264407444,-0.1880346559756,0.4117198812824,0.5411745167827,0.3987652700259,0.4413526523281,-0.3649283520608,0.2491708621224,-0.1333543169026,-0.2327451292997,-0.3007187045921,-0.1291648242218,-0.2845463008724,-0.1852726818509,-0.0623914059180,-0.1337954583934,0.0096290373165,-0.1719420890015,-0.0469605458403,-0.1995492145938,0.0303234967407,0.6692563082305,0.1134488131535,0.5385908834529,0.0985070477288,-0.0177649522912,0.3088715182001,0.1593649083717,-0.1964795179102,0.1521741707499,0.2411233057744,-0.1453065334400,-0.1062386884355,0.2672503357380,0.1867214830822,0.0011367910918,-0.2624542416179,0.3284952719551,0.5515612897970
0.1153856707476,-0.0175248453592,0.0887548780523,-0.1280992858002,-0.3281871797131,-0.2387444258771,-0.2428411297767,-0.2178209391806,0.0916472726684,-0.1327677547040,-0.2276153797208,0.5582218102448,-0.2679913428871,0.2865339333681,0.4203622841006,-0.3275637882668,-0.1714828873963,0.3046149879718,1.0000000000000,0.6290848698144,-0.2911674076723,-0.0682523811569,-0.1687902565219,-0.1165153865018,-0.4131090889435,0.0385189337891,0.2300585220640,0.2874942640359,-0.4666943879666,0.2279127914679,-0.1332717760051,0.1999242195814,0.0321141942315,-0.0408009307413,0.1488525030226,-0.1054128114848,-0.0783628220090,0.0015918733711,-0.0521796406631,-0.3520109605620,-0.2000427869005,-0.2728991200677,-0.2878938309276,-0.0657964732899,-0.1913661145133,-0.3035623331082,0.4903597652318,-0.2642225757044,0.2953214237916,0.0517052873227,-0.3344856774918,-0.1103448041933,0.1748534319872,0.7484484777323,0.5185039639419,-0.3048560278904,-0.0404910251536,-0.1559786529910,-0.1117984971014,-0.4513870518704,0.0370775760749,0.2586347013264,0.1303630834849,-0.4580656835298,0.1625571689607,-0.1323125507413,0.1053180152817,-0.0104394768236,-0.0078659698884,0.1512460976695
0.3722991451258,0.2833315592291,0.0347604920715,0.1812183716105,-0.1933484576001,-0.3293766241789,-0.3503299971902,-0.2617106163837,-0.3127890596288,-0.1956402868273,-0.1892454509069,0.2345485745577,-0.1251677009367,-0.1162930385518,0.0658202962002,-0.4443064781131,0.0022455877437,0.7537369288841,0.6290848698144,1.0000000000000,-0.1192873541456,-0.0085908923970,0.0969722405814,0.0437273310995,-0.2932664072397,0.0666965685558,0.4504061215475,0.1026929535998,-0.2370189566916,0.2092049048829,0.1475000070614,-0.0809963393135,-0.2254241290050,0.1255124534944,0.3979976927191,0.2447741454000,0.2761853586833,-0.1891806205553,0.2109936187376,-0.2581181970442,-0.2021580302145,-0.3039359021132,-0.1425087367481,-0.1400049369037,-0.2454600742788,-0.1997014312500,0.1265214367192,-0.1154668329047,-0.0932653189143,0.1638462315256,-0.3196969686741,-0.0164842161215,0.6103045781297,0.4484120144237,0.7376089882891,-0.1272639328513,-0.0386355396463,0.1696027166875,0.0933548995393,-0.2699982677226,0.1390154458118,0.2551060084335,-0.0687070064966,-0.2578982712250,0.3438685298313,0.1672477833145,-0.0927364066206,-0.1513687431102,0.1827277795148,0.4078336678089
-0.0802711473973,0.1430481396385,-0.0396175643706,0.1713253117469,0.7494038031989,-0.0338435176318,0.1711140389003,0.2914791763748,-0.1582353017939,0.2590245546063,0.3688143283503,-0.3286833287856,0.6646504401930,-0.2302516729358,-0.1217846677100,0.3966642036115,0.0156474668813,0.0956268612381,-0.2911674076723,-0.1192873541456,1.0000000000000,-0.1362060096682,0.2100097672649,-0.0194514431705,0.3959635854494,0.0366699275631,-0.0919967789734,-0.0928715060307,0.4746959642262,-0.1225059610569,-0.1045906151200,-0.1152680159104,-0.0635093306350,0.1152135124778,0.0084366279408,-0.0581262946568,0.1811061874486,-0.0964292762840,0.1996858448383,0.6877029609873,-0.0663638423721,0.1434600711760,0.2381065907306,-0.1695504168865,0.3470651969443,0.4279842472348,-0.3036365186356,0.6750692745318,-0.1841846800014,-0.1713542991729,0.2876183914225,-0.0420174653334,0.0421812202635,-0.3588579179536,-0.1240677327401,0.9416633098206,-0.2040224657110,0.0290462572573,-0.0768429163675,0.4152072511194,0.0546790064548,-0.1456267782945,-0.1407307283926,0.4252874429642,-0.1316426954182,-0.2500090397252,-0.0168219167305,-0.1402706751567,0.0478450542028,-0.0122651679551
0.1145248024801,0.3310481396593,-0.0375726465439,0.0581522212452,-0.2291461733895,-0.1085578332332,-0.2240601896116,-0.0759853267273,-0.0839416298476,-0.0112818488075,-0.2849796430420,-0.1086356506812,-0.2536886953751,-0.0646465431325,-0.0653370547686,-0.1756744775493,0.5425471624841,0.1272694693630,-0.0682523811569,-0.0085908923970,-0.1362060096682,1.0000000000000,0.2692902386749,0.8002919110243,-0.2135931306120,0.1096553680408,0.0628721122855,0.1333573854669,0.0171443281282,0.2963895317437,0.6640126480722,-0.0082665848059,0.0315791240263,0.3469994585320,0.4555371356430,0.0171087978457,0.1940314939018,-0.2446748951279,0.0623922074844,-0.2303501171273,-0.1567880169094,-0.3284846551896,-0.3066628084193,-0.1999802112056,-0.1405753154007,-0.3314387389183,-0.1552672490039,-0.1795628337020,-0.0227253702958,-0.3426539601772,-0.1794934394092,0.4884955941485,-0.1698647382918,-0.1818991167232,-0.1553458454247,-0.1295482396366,0.8535843176314,0.3942582202164,0.6442678896214,-0.1239541957630,0.1327673571303,-0.1113521392330,-0.0772690723689,0.0099363578088,0.1767570199467,0.5965819503403,0.0603617532839,-0.0120263755354,0.4323488231218,0.4089685768640
0.1261891430545,0.4838811338565,0.0700121208885,0.6839833629419,0.0696109196979,-0.1368189437584,-0.2800009678518,0.3272397577741,-0.4172782517758,0.4503606919683,-0.2188657739993,-0.4061250918050,0.0363874814674,-0.2223178047049,-0.1088828062367,-0.0088268868579,0.5185725689279,0.2587844620084,-0.1687902565219,0.0969722405814,0.2100097672649,0.2692902386749,1.0000000000000,0.2132582788771,0.4717473124507,0.3259672476673,0.2865089157533,0.1860583448834,0.2254080951176,0.1504835609858,0.3890159198946,-0.0922106139095,-0.2157926298590,0.3239277369830,0.4179212731858,0.1026257526578,0.5479966206010,-0.2574025597413,0.5845906964409,0.0246359854238,-0.1309503764939,-0.3670005316077,0.2063369107042,-0.4786269414911,0.3927416623938,-0.2025227199746,-0.4858127729231,0.1169300298777,-0.1589621414097,-0.3001955393884,0.0585081383925,0.3630120463597,0.0762023504514,-0.3958700680169,-0.0235385845891,0.2211284971725,0.1484993761620,0.8179709065760,0.1227428613463,0.5456229362375,0.3952346381127,-0.0270738405024,0.0250772536035,0.1219389361520,0.1104212228926,0.2927139021434,0.0273223584379,-0.1446861523355,0.3427674432876,0.3225106547317
0.0818938387329,0.3791787610431,0.1801897020460,0.0972922772018,-0.1492924660406,-0.1153600557358,-0.2037835585744,-0.1017502166737,-0.1016476483439,-0.1785318950708,-0.3021675613503,-0.1067479005426,-0.2181110494048,-0.1980207205648,-0.1463795678721,-0.2213138359936,0.5595225274546,0.1895693644755,-0.1165153865018,0.0437273310995,-0.0194514431705,0.8002919110243,0.2132582788771,1.0000000000000,-0.1668459136849,0.0578857346214,0.2037971464909,0.2066307381298,0.1340933011076,0.2032728601431,0.7047966132904,-0.0602802782586,0.0165375632838,0.3369358040395,0.4842555418198,0.0427261761535,0.3086880675245,-0.0158887673315,0.0996443192849,-0.1923286132274,-0.1699965816351,-0.3310766151417,-0.3366099286383,-0.2057639505440,-0.2779183692315,-0.3758024748717,-0.2115508556391,-0.1786687586627,-0.2060651797324,-0.3608132126709,-0.2619639502864,0.5177241246300,-0.0879138881989,-0.2171178152535,-0.1625678305383,-0.0406045443510,0.6894018716725,0.3546930668473,0.7994599430887,-0.1358138860057,0.0580887891134,-0.0612512970764,0.0516308146206,0.0567574565957,0.0323296554436,0.5512371872709,-0.0031451612080,-0.0512083091453,0.2952672446995,0.3704358500935
-0.1579880356934,-0.0869813333132,0.2097297266418,0.5021010197635,0.4429902724461,0.0015117281887,0.0986358554744,0.5835074617847,-0.1962945851714,0.5729466873845,0.1435855852542,-0.4098362940305,0.3470902960037,-0.1192162754696,-0.1204137674653,0.3282995389821,0.1964077657864,-0.2483116860934,-0.4131090889435,-0.2932664072397,0.3959635854494,-0.2135931306120,0.4717473124507,-0.1668459136849,1.0000000000000,0.1888298996777,0.0594274057671,0.0204442935993,0.5743614074894,-0.2581886545614,-0.1746522986479,-0.1107216878456,-0.1315635930172,-0.1301030795774,-0.2216175845393,-0.1347345838736,0.0254265342379,0.1906716810810,0.3766391783336,0.4709205604224,0.0161255429657,0.0852049329866,0.5707314628126,-0.1854417994244,0.5982308238163,0.2020080987943,-0.3819284681772,0.3534116824687,-0.1203571063432,-0.0555990217847,0.2806797868252,0.1182060074445,-0.1129599287008,-0.3991297778171,-0.2554780798499,0.3841381792061,-0.2249624505215,0.1728879763491,-0.2416259120032,0.8682493546732,0.1198942136432,-0.0834006135990,0.0794630656542,0.4810734354471,-0.1441366523413,-0.2130756965277,-0.0321136111211,-0.0169983085905,-0.1538683599431,-0.2821304195310
0.1525502188426,0.2260684044729,0.1655585647305,0.3657898205336,-0.0829761381927,-0.2037300938300,-0.2530284041527,0.2958595785690,-0.2341906812563,0.5141212138222,-0.1935672347096,-0.0129632371695,-0.0947963697288,0.4768065265328,0.1242596575108,-0.0810688896425,0.1436291436414,0.0536267025265,0.0385189337891,0.0666965685558,0.0366699275631,0.1096553680408,0.3259672476673,0.0578857346214,0.1888298996777,1.0000000000000,0.3180136870150,0.4593423050377,-0.0842982161727,0.1639822220625,0.0659731011578,-0.2056013703076,-0.1321999409733,0.0629711515733,0.2267167297267,0.0031113734013,0.2513862541816,0.0218628665214,0.4661835067248,-0.0568569820405,-0.1804689050127,-0.3510638656777,0.0819622420231,-0.3446723245180,0.3926488546958,-0.1749487129529,-0.1147230527158,-0.0992715514937,0.4156795030946,-0.0850772928618,-0.0999050893275,0.1232184964099,-0.1641601605623,-0.1592671881808,-0.1839639407644,-0.0211604154225,0.0474340079370,0.1361559169531,-0.1346681742660,0.1653008914598,0.8788066144106,-0.0150525519420,0.4307486989253,-0.2119418887893,0.1091450430251,-0.0066593287716,-0.1088941342648,-0.0840359556924,0.1227261864249,0.1612908881772
0.0716181137315,0.4217918207932,0.4942984986485,0.3913463911732,-0.2442415306910,-0.2069205394296,-0.2310226883086,-0.0629564966357,-0.1612393886651,-0.0670154930764,-0.3384406083954,0.0147889001858,-0.2100110283575,-0.0373870116989,0.0056931930472,-0.3330650644951,0.2357948980536,0.4865002771342,0.2300585220640,0.4504061215475,-0.0919967789734,0.0628721122855,0.2865089157533,0.2037971464909,0.0594274057671,0.3180136870150,1.0000000000000,0.3193539102441,-0.0558989527477,0.1033981783675,0.2721038158310,-0.2454992769413,-0.1474686702382,0.1892110537060,0.3887548941250,0.0375116901428,0.4151128434423,0.2057258485377,0.3855005458620,-0.2999097893458,-0.1789500018915,-0.3794888807262,-0.0402059345554,-0.2801183442470,-0.1601745443965,-0.3958413973560,-0.1093490351955,-0.2216069712034,-0.0430998166344,-0.1639890373142,-0.3228900563134,0.1747998202304,0.3085112274798,0.0818165886989,0.2409523280295,-0.1607508315791,-0.0042858220346,0.3058536541961,0.1099374428657,-0.0278265762232,0.3163453653319,0.5519779042654,0.2386539846632,-0.1988000005639,0.0340240845291,0.1958647316433,-0.2474260486861,-0.1230360780685,0.1063748632628,0.2838512217600
-0.0146216692057,0.1250924950276,0.6535115639237,0.1436540406202,-0.2367581211014,-0.1050013605307,-0.2757483338623,0.3516933041790,0.0013042085777,0.3290809871721,-0.3205742781741,0.1881120027783,-0.2445860569869,0.4269418309472,0.2277847130526,-0.1468656637738,0.1913091389092,0.0814264885526,0.2874942640359,0.1026929535998,-0.0928715060307,0.1333573854669,0.1860583448834,0.2066307381298,0.0204442935993,0.4593423050377,0.3193539102441,1.0000000000000,-0.2030920564672,-0.0036466745358,-0.0552573821012,0.0930629120300,0.0537169602026,0.0957536174190,0.0323131054229,-0.2700407046456,0.0351989331610,0.3647050253033,0.2463166246022,-0.2141846466832,-0.1045689287180,-0.3173680287330,-0.0065076213651,-0.1955672929706,0.2152961640879,-0.3603166061506,0.1167200558958,-0.2196622075073,0.3734174872906,-0.1355569487907,-0.1653434777558,0.2245462761609,-0.2369929788376,0.1410781968730,-0.2031428896717,-0.1428393960792,0.1884029084017,0.0263710730553,0.0197391949702,-0.0371639298736,0.4006423659127,0.0859187457649,0.7431952750663,-0.3363051427315,-0.1641334737269,-0.1583104287471,0.1000131117206,-0.0131070170782,0.0423856995845,0.0220352843645
-0.0134425221884,-0.0194086521502,-0.0032908808923,0.1683680574298,0.6388234250717,-0.0903809741489,0.1836097309529,0.4015765050769,-0.1480434804622,0.0703619520301,0.3719660560951,-0.4909965064531,0.4779627224137,-0.4505109435390,-0.1738243784533,0.2900707042756,0.3070426904365,-0.0291294661611,-0.4666943879666,-0.2370189566916,0.4746959642262,0.0171443281282,0.2254080951176,0.1340933011076,0.5743614074894,-0.0842982161727,-0.0558989527477,-0.2030920564672,1.0000000000000,-0.2215584409592,-0.0141501380764,-0.1445757996885,-0.1641289537540,-0.0785646738887,-0.1628957957711,-0.0599094278100,0.0248981703430,-0.0638525487627,0.0536845114428,0.5941760176866,-0.0914159410585,0.1301027184954,0.3919434186540,-0.1788795842776,0.1788309546199,0.4137225726365,-0.4614663055330,0.4656820701429,-0.4469372515292,-0.1861915491815,0.2102119297901,0.2598570687201,0.0394536883908,-0.5251837869640,-0.2230541662586,0.4925837315856,-0.0755493904639,0.0593029567447,0.0806871095423,0.5525395678031,-0.1512526423751,-0.1539914975052,-0.2595813926348,0.8861399847435,-0.1678420354882,-0.0797212274956,0.0010325231108,-0.0807172192174,-0.1772583565265,-0.2427050871152
0.5389919949219,0.3133243750602,-0.1347137689077,0.1277574576521,-0.1368779430093,-0.0310247844713,0.0484373149301,-0.1923798463613,0.1171079681378,-0.0072118917454,0.0322479946324,0.2040945731383,0.0002030989078,0.1349189167116,0.4133081088641,-0.0239155071028,0.0239064215171,0.2742952169857,0.2279127914679,0.2092049048829,-0.1225059610569,0.2963895317437,0.1504835609858,0.2032728601431,-0.2581886545614,0.1639822220625,0.1033981783675,-0.0036466745358,-0.2215584409592,1.0000000000000,0.3879288662606,0.0590132112108,0.0969407034705,0.3511164099467,0.5095708789097,0.4029419738905,0.2365615855080,-0.3035403767934,0.1028763204711,-0.1532780160177,-0.0987964973793,-0.1221107580682,-0.4110146647033,-0.1732728174768,-0.0843714097356,-0.1178608111982,0.0996074738142,0.0034165870733,0.1681702949888,-0.1581832414228,-0.0449466412018,0.0140801380662,0.0642803661348,0.1550720881702,0.1857771185766,-0.1280073687101,0.2220224262778,0.2256798584597,0.1041572198483,-0.2128263798474,0.1869982369451,-0.0138581998891,-0.0965904444364,-0.2429086041911,0.6161371893491,0.2572003274264,0.0989136479393,0.0303839988460,0.3858197879831,0.4670305551799
0.2599417459528,0.5143095477578,0.0216419066335,0.2733157119726,-0.2784556712899,-0.0030817395083,-0.2091170006598,-0.1361849491716,-0.0864325886270,-0.1893911522646,-0.3232891680529,-0.0865047137644,-0.2876387968789,-0.2173620700097,-0.0592134745205,-0.2303738335543,0.4909706575720,0.3295720189222,-0.1332717760051,0.1475000070614,-0.1045906151200,0.6640126480722,0.3890159198946,0.7047966132904,-0.1746522986479,0.0659731011578,0.2721038158310,-0.0552573821012,-0.0141501380764,0.3879288662606,1.0000000000000,-0.1868453690041,-0.0114319089577,0.3772984886688,0.6539175800962,0.2347785617852,0.4550677624707,-0.2215887965954,0.1934912657893,-0.3249779439585,-0.0469163231309,-0.3347083380899,-0.3030990275054,-0.2037101654133,-0.3070656140636,-0.4168566545450,-0.2145605740838,-0.2275955196467,-0.1911107946423,-0.2951370810333,-0.2094869576440,0.3610413774882,0.1365484434886,-0.2036569345787,0.0290114398289,-0.1486132894222,0.4715562318040,0.5719839809247,0.5793242110377,-0.0974778842420,0.1201536708887,0.0124133863293,-0.1447841726496,-0.0784616740258,0.1921362463369,0.7666818764030,-0.1227012298170,0.0379351794082,0.3218525169719,0.5546861762812
-0.1173556716492,-0.1002835345818,-0.0956269356670,-0.2564571481532,-0.0958422091559,-0.0378634905700,-0.0997811043841,0.0076442665141,0.0235724769296,0.0460651539212,-0.0386256019298,0.0274688135497,-0.0339772420734,0.0535630110297,0.0362239285618,-0.0168121806132,-0.1788404293001,-0.0974264407444,0.1999242195814,-0.0809963393135,-0.1152680159104,-0.0082665848059,-0.0922106139095,-0.0602802782586,-0.1107216878456,-0.2056013703076,-0.2454992769413,0.0930629120300,-0.1445757996885,0.0590132112108,-0.1868453690041,1.0000000000000,0.0545962502536,0.0718962517364,-0.0759678999837,-0.1497232081084,-0.1451459328627,-0.1010632289575,-0.2458586878949,-0.0880002304595,-0.0779699874806,-0.0911172429373,-0.0900421703305,-0.0140999847130,0.0747639230962,-0.0456083107189,0.0544597248726,-0.0393943325435,0.0743102558397,-0.0577088667674,-0.0176342420327,-0.1084762120390,-0.1982693242285,0.1235012413261,-0.0040686026362,-0.1341143409939,0.1167471997298,-0.0999810831791,-0.1028273533417,-0.1800516322017,-0.1871038806478,-0.1294879561448,0.0355318959206,-0.1217566584778,0.0544091288850,-0.1609847584330,0.8280012581841,-0.1161142917796,0.1107797367665,-0.0279816594663
-0.0489321481542,-0.0494778306954,-0.0137588841149,-0.1140811893988,-0.1149930195202,0.5794253093952,0.4854799521719,-0.0822933775352,0.5207518887959,-0.0874712118295,-0.0699989197890,0.2570711230516,-0.1212706706811,0.2018277436489,0.3272454750321,0.3108083899648,-0.0979729947615,-0.1880346559756,0.0321141942315,-0.2254241290050,-0.0635093306350,0.0315791240263,-0.2157926298590,0.0165375632838,-0.1315635930172,-0.1321999409733,-0.1474686702382,0.0537169602026,-0.1641289537540,0.0969407034705,-0.0114319089577,0.0545962502536,1.0000000000000,0.1281582437312,0.0714294767795,-0.0010432927054,-0.1468991451869,0.0755056737132,-0.0081129833893,-0.0871142743553,0.4931389827955,0.3399116364148,-0.1405431953385,0.3158299183672,-0.0665585437279,-0.0603239970735,0.1451786880876,-0.1543350099041,0.1570575067897,0.1041298743363,0.2023962864359,-0.1014576725587,-0.2026531095357,0.0850900748697,-0.1892679085058,-0.0637799605788,0.0738976998762,-0.1684141356077,-0.0275039844489,-0.1303390374391,-0.1463283118322,-0.1624564853601,0.0784510544949,-0.1742820462523,-0.1861056239632,-0.0537774652870,-0.0122055012153,0.6690940150855,0.0586626082413,0.0381534725207
0.2514971404680,0.4730982634125,-0.0393731254883,0.2160105529297,-0.1073213897095,-0.0012231985980,-0.0951826495755,-0.1293441231960,-0.0620608976886,-0.0559814220942,-0.0573550795386,-0.1160938971206,-0.0857192599311,-0.0437914271476,0.0313606644000,0.0219023299796,0.2170807669608,0.4117198812824,-0.0408009307413,0.1255124534944,0.1152135124778,0.3469994585320,0.3239277369830,0.3369358040395,-0.1301030795774,0.0629711515733,0.1892110537060,0.0957536174190,-0.0785646738887,0.3511164099467,0.3772984886688,0.0718962517364,0.1281582437312,1.0000000000000,0.5416742981488,0.3088883955081,0.4382038096160,-0.2334858069261,0.3073228029697,-0.1369599690829,-0.0278472397294,-0.2268049139463,-0.2186475237975,-0.1833444201342,-0.0572891526763,-0.1524460972116,-0.2094373438515,-0.1052863287679,0.0232688418534,-0.2118924893314,-0.0634558305586,0.1609749540987,0.1295185541316,-0.1018883210443,0.0882148003243,0.1088712834581,0.2846905884948,0.4081216178183,0.2387189241062,-0.0508724347126,0.2262592561206,0.0648365645539,-0.0328908708381,-0.1532601969615,0.0264811122569,0.2346378721084,0.0582332648267,-0.0844299827965,0.6989821037591,0.5153850404089
