1.0000000000000,0.2192744351117,0.1575649688334,0.5765506306470,0.5209877463020,0.0416006202304,0.6250446976250,0.5348368685991,0.6125412706090,0.2529287198489,0.6044354185247,0.2582629850403,0.5711169054677,0.1341012811405,0.7330880764530,0.5590604130016,0.3688529394444,0.5010511132575,0.2538405307018,0.6280355769924,0.6816475601905,0.4068050552577,0.1927436511141,0.4711353408548,0.4789195323371,0.3415362649397,0.3244740135796,0.1550632086564,0.4299958585424,0.5548206802920,0.5262728913538,0.0510878512087,0.1408978450228,0.6241927836418,0.4807350938667,0.1509168095719,-0.0285610742461,-0.4929133056437,0.1715356301707,0.3714068558303,-0.2815477618314,0.2942972514714,-0.0749924061673,-0.1541367916289,0.3449854900942,0.2102206523872,-0.4179288499364,0.5094885474270,-0.2380521570992,-0.4145203746744,0.3559570195226,0.3893375121342,-0.2819280059155,-0.4818327626633,-0.4690719079004,0.5460975956449,-0.3402700491399,0.2238781314260,-0.3025224444511,0.4937261224390,-0.1222712084173,-0.4289028048400,-0.1707953540224,0.2836126622129,-0.4388392957669,-0.2219556875636,0.0205052080216,-0.1186401524162,0.1028907948087,-0.0192386497990
0.2192744351117,1.0000000000000,0.3416816562270,0.4493063010888,0.1484376165939,-0.1925733602330,-0.0526468349457,0.1980436187503,-0.0185375187635,-0.1100020935277,0.0250204026501,0.1961073036788,0.0146680791178,-0.0219406675013,0.0962514259493,-0.1791591138154,0.3038991191523,0.5433882817003,0.0405834606073,0.4109946845263,0.0494943925901,0.4552035378298,0.2772888636913,0.5294728095387,0.0922948615588,0.3792003978598,0.5335438907953,0.4970075109518,0.2319043858308,0.1315250552361,0.3805673103800,-0.0133521400686,0.0245143552575,0.1978704369130,0.2509268412662,-0.1266022170831,0.6345529534001,-0.0304542826184,0.0329940200230,0.1422683497839,-0.1971246274350,-0.1954032306587,-0.0797891173955,-0.3802347796101,-0.0565489156609,-0.2207201807802,0.0139525442156,0.0698460839127,-0.1622030941711,-0.4159655052604,-0.2255248863528,0.1966997085576,0.0501920547881,-0.1480818670262,0.1127866352562,0.0756224314949,-0.0065390395559,0.2075576267410,0.1252594540784,0.0971140750808,0.1999988120726,0.2467251548672,0.3624501221071,0.1322464931537,-0.1310184622656,-0.1228371920309,-0.1120181116982,0.1631802665040,-0.0135924257545,0.1059068542853
0.1575649688334,0.3416816562270,1.0000000000000,0.1228269988259,0.3479724534081,-0.2703717729181,0.0500757407593,0.6528217365912,0.0087044055519,0.0195324611248,0.2249510438848,0.0625336461965,0.1757421476572,-0.1788811231066,0.0962580183155,-0.1032869149581,0.4789414205260,0.5327119019431,0.0335854732742,0.3316666179750,0.2726628345649,0.5991902697769,0.2199430882283,0.6358846686168,0.4299522449697,0.3389519848811,0.6364181441066,0.7416729102040,0.6091620102698,-0.1357347305705,0.5731227640936,-0.2468363049209,-0.2894937301042,-0.0662482101863,-0.1518240436614,-0.3635539390208,0.0206545215641,0.2844385743937,-0.1781932897229,0.2321915523155,-0.1884641112856,-0.0218186676469,0.3576392904385,-0.3778840600317,0.0878921594616,-0.0328840761869,-0.0460336900948,0.1444374234453,-0.2047547621910,-0.4048729814224,-0.1466670471603,0.3756073068300,-0.3283035489533,-0.1394890710142,0.0689988498216,0.2997364863654,-0.1335319677384,0.0438167370971,0.0574585390031,0.3910853429360,0.2627429027389,0.2741301150186,0.4930962360757,0.4940420597423,-0.4924969067885,-0.2047756444234,-0.4201416532654,0.0358013914545,-0.4282098138994,-0.3891246283502
0.5765506306470,0.4493063010888,0.1228269988259,1.0000000000000,0.2647348689674,0.1427620864401,0.4012176365719,0.3269653956347,0.4315955317331,0.3594866551542,0.3429707792450,0.3632091233900,0.2814459199487,0.2254828621603,0.5639582767763,0.3610251120439,0.2698486290372,0.5434983493579,0.3272455186258,0.6444284954743,0.3629542085131,0.4136867004045,0.5138118220000,0.4894367338267,0.3361164620399,0.3537574011320,0.2954923503449,0.0861994714612,0.2519116306401,0.5961753617562,0.5572148185040,0.1830295508732,0.1509774554325,0.6380182254281,0.6324830576098,0.0268832265025,0.3988802763502,-0.3603497156195,0.5895728084240,0.1876669738039,-0.1291091455879,0.1428684963177,-0.1711787139496,-0.1194980530709,0.4123827779030,-0.0639423739086,-0.2110489523925,0.2045490318695,-0.1354020313975,-0.3367256573261,0.2228747889182,0.3122357984657,0.0338707541140,-0.3146452972274,-0.3564163575362,0.2588470827910,-0.2075416441573,0.4814164964865,-0.0504410071819,0.4028013431737,-0.0013261738647,-0.3084704957170,-0.0629708128788,0.1034580579909,-0.2226403166832,-0.0415753233002,0.1316798457582,-0.1875076724185,0.0778380975376,0.2526556763747
0.5209877463020,0.1484376165939,0.3479724534081,0.2647348689674,1.0000000000000,-0.1799209186942,0.5792438763809,0.6269392269140,0.2330357213312,0.3501923949523,0.6413805104794,-0.1661328165193,0.7963058129807,-0.2540055279770,0.2200053503953,0.4282570643450,0.5840024367963,0.4409083265075,-0.1847807272651,0.2111245682325,0.8577271237595,0.5730603277047,0.3145639893966,0.4900472743789,0.7829470076948,0.1915962626696,0.3856654841715,0.3495665805941,0.7693128041651,0.1695294435005,0.5784625871667,-0.3391866897176,-0.1934433903554,0.2591836989435,0.0622785474723,0.0982066351896,-0.0101414960449,-0.1358818505243,-0.0318380351956,0.9104345536234,-0.2308693991260,0.2697869423727,0.3845017039233,-0.2914742977965,0.4733058745388,0.6318606503602,-0.3468315809535,0.7820620031905,-0.3932629191499,-0.3910878198001,0.3308204441090,0.5117865013432,-0.3056390527062,-0.4951771089203,-0.3286383204525,0.8557642699096,0.0108508884791,0.2718627276219,-0.0390185191851,0.7497388642266,-0.1143517789933,-0.1813489184600,0.0858406462201,0.6810162192072,-0.3254129673041,0.0233175615868,-0.4075235102491,0.0864424420893,-0.1189274886318,-0.2343915581230
0.0416006202304,-0.1925733602330,-0.2703717729181,0.1427620864401,-0.1799209186942,1.0000000000000,0.2416210053477,-0.0288321659339,0.5335007259191,0.0916370962834,0.2313189499000,0.3521174563401,-0.0772058184439,0.5199042386957,0.4223069264673,0.3687039990460,-0.3743320434798,-0.2243651456317,0.3879410845214,-0.0291615423588,-0.1685493311366,-0.2121303975485,-0.0852298642348,-0.2179416928742,-0.2239963795219,-0.0204863190590,-0.3281295355347,-0.3719339451330,-0.2471371636263,0.4393471509305,-0.1757559845588,0.3891086505210,0.6604548042933,0.1978772201438,0.2469452468386,-0.2559227425842,-0.1765896794122,-0.3069898033994,0.0370227752412,-0.1690466032366,0.5723417600838,0.2595848928052,-0.2743110175745,0.5351538520531,-0.0453141596348,-0.0007200818014,0.1689449833307,-0.1593705421418,0.4148558778358,0.3079461737578,0.1295889308095,-0.3109790989887,-0.1194514766320,0.1278843184336,-0.2085794615781,-0.2041156116304,-0.3356412011819,-0.1851019690076,-0.3294706273253,-0.2132077305403,-0.0954069192577,-0.3508134957449,-0.4334175362893,-0.2618300334253,-0.0111522621175,-0.3581211572578,0.3500272606889,0.1944504475198,-0.0858995894837,0.0755380354108
0.6250446976250,-0.0526468349457,0.0500757407593,0.4012176365719,0.5792438763809,0.2416210053477,1.0000000000000,0.4677431751791,0.6696109643219,0.3002736138008,0.8071337821678,0.1779551866821,0.7618626964660,0.1051935057809,0.5719290433452,0.7350790160749,0.2730378673807,0.3429478186811,0.2710145166381,0.4247909680152,0.6411109070089,0.3618117378070,0.0713708685147,0.3137583183306,0.4348315854174,0.2097210310121,0.1808557394085,0.0215482606747,0.4717421491053,0.5742485761158,0.3380088077465,0.0116931734403,0.1173380522545,0.5727515459022,0.3942669194497,0.0026560552782,-0.1551793544275,-0.4788188764151,0.1413443467353,0.5430896397129,-0.0203529095084,0.6945790904036,0.0046567109754,0.0392557645981,0.3168732699187,0.5313136504752,-0.3157241363873,0.6683772167981,-0.2329431514392,-0.2835319764252,0.5486637218355,0.2490259499711,-0.3473763444941,-0.4535561909128,-0.5357692601080,0.5776367773447,-0.3597181580840,0.0919693593827,-0.3240172260090,0.4280861740768,-0.1791600742628,-0.4962010709770,-0.2793992531593,0.3436062312981,-0.3159441875985,-0.2713166839377,-0.0703789517672,-0.0354648425638,-0.0475487666888,-0.0864411095713
0.5348368685991,0.1980436187503,0.6528217365912,0.3269653956347,0.6269392269140,-0.0288321659339,0.4677431751791,1.0000000000000,0.4399630266441,0.3273448694146,0.6854864833278,0.1712577323157,0.5105275334389,0.0069801671043,0.4468831110555,0.3350536879150,0.4735654160583,0.5875365082514,0.0727254846861,0.4588081128685,0.5740437103816,0.6939379718718,0.2977727389724,0.6322732613224,0.6845285097234,0.3182504840434,0.4560304323220,0.4251828181055,0.8188261721878,0.2289717470919,0.7682345490050,0.0274003288291,-0.1088567581759,0.3132273481432,0.1650377467619,-0.3418962126931,-0.1056447907296,-0.2195187187137,-0.0417577597786,0.5278307725326,-0.1854616214467,0.2354900780379,0.4679421987756,-0.2968355178872,0.4170243915754,0.2589091270958,-0.1669441174001,0.4631043952873,-0.1529865608866,-0.4777423813191,0.1893135649223,0.4493161263885,-0.5184573299694,-0.3455946667644,-0.2164181855912,0.5430425276107,-0.4287835265407,0.1339125430334,-0.2586779590412,0.6858732829854,0.0817940310289,-0.0279625968535,0.1162509425813,0.7279442023045,-0.6521805474349,-0.3404116137174,-0.2191033182408,0.0735856164737,-0.3740117094019,-0.2495842894837
0.6125412706090,-0.0185375187635,0.0087044055519,0.4315955317331,0.2330357213312,0.5335007259191,0.6696109643219,0.4399630266441,1.0000000000000,0.1904566992985,0.6655945633104,0.4903741420130,0.3880545661217,0.4249499907230,0.8253658325060,0.6778946007928,0.0211955355057,0.2889383677992,0.5407339184032,0.4872462013111,0.3319505259648,0.1774947604440,0.0616488361954,0.2116661073422,0.1618621666644,0.2608665363451,0.0610352059198,-0.1056782191618,0.2050879214955,0.6792287941890,0.2996974131179,0.2932205915638,0.3727637171349,0.5189980141068,0.4769233005032,-0.2327918813945,-0.1803082657232,-0.5902046320424,0.0872462331528,0.1478390251603,0.1140094336647,0.4208816535692,-0.1998951130403,0.2425485865041,0.1295915607837,0.1391915551559,-0.1810975820343,0.2889459107534,0.0592554174561,-0.2268454589188,0.2705594722291,0.0847736905655,-0.3340136735735,-0.4030090302805,-0.5879118666778,0.2096714003453,-0.5611140174419,-0.0351843210093,-0.4772542309754,0.1553116982433,-0.2296493874931,-0.5626844020033,-0.4297823091591,0.0677698987014,-0.4386587892231,-0.4707856833887,0.2241941465902,0.0931413272035,-0.1967592095536,-0.0724254659714
0.2529287198489,-0.1100020935277,0.0195324611248,0.3594866551542,0.3501923949523,0.0916370962834,0.3002736138008,0.3273448694146,0.1904566992985,1.0000000000000,0.2190016738301,-0.0237480719899,0.3548107435549,0.1529319092241,0.1795741575921,0.4287749091859,0.0343101234386,0.2040883326037,0.0096421423252,0.1085706719738,0.3842461234848,0.0354740104665,0.4532253163481,-0.0092515631519,0.5950332485361,0.0677464171460,-0.0165807660956,-0.1076819946472,0.1476003408470,0.1007961799874,0.2783474484366,0.0975918882661,-0.0495993933042,0.1930230445143,0.1171136801059,-0.0639166939056,0.0505397517529,-0.1765993062933,0.3132245087845,0.3200937489291,-0.0851477482862,0.1941595662272,0.2540447827267,-0.0429279016323,0.7858675023328,0.1646641285088,-0.1717221202461,0.3243248533214,0.1132526427967,-0.0102014682026,0.3327050937990,0.0764466725986,0.0164945738456,-0.1883713112047,-0.2831409332591,0.3018341630578,-0.1598002249588,0.3062732346787,-0.2526524259383,0.5243559859521,-0.0480435837998,-0.2308715961489,-0.1326648629908,0.0994112329754,-0.2079220344052,-0.0239216703555,0.0707132885847,-0.1408495297221,-0.0769248826722,-0.0436534952559
0.6044354185247,0.0250204026501,0.2249510438848,0.3429707792450,0.6413805104794,0.2313189499000,0.8071337821678,0.6854864833278,0.6655945633104,0.2190016738301,1.0000000000000,0.1771840326075,0.6475004808590,0.0853529485344,0.5807488731241,0.5949212018548,0.3851188341347,0.3191576073473,0.1405748659861,0.3386870784168,0.6253346531227,0.5339216707674,0.0932886454179,0.4606576985845,0.4387336125227,0.1963047517895,0.2069940078127,0.1708070771547,0.6183350714809,0.5175855081570,0.4645300535626,0.0464849646890,0.0521880113271,0.5540403381913,0.2978662387508,-0.1356893659131,-0.1738571821383,-0.4182916620131,0.0537981556143,0.5795841850126,0.0104810993403,0.6258712742691,0.1539415772166,0.0426869702874,0.2854712907057,0.6031698865722,-0.2213309171764,0.5870417640505,-0.1820843209327,-0.3258561776412,0.4166743195547,0.3673458901935,-0.5678842663084,-0.3487045662033,-0.4172211361393,0.5848320847739,-0.4153476733683,0.0572821946680,-0.2726915098740,0.5011338767792,-0.0604513474354,-0.3436275488739,-0.1323285631934,0.5687634540212,-0.4506640325421,-0.3683313780181,-0.1493264185902,0.0183705969872,-0.1482511204118,-0.1641115423536
0.2582629850403,0.1961073036788,0.0625336461965,0.3632091233900,-0.1661328165193,0.3521174563401,0.1779551866821,0.1712577323157,0.4903741420130,-0.0237480719899,0.1771840326075,1.0000000000000,-0.1236955058341,0.5981199919448,0.5878386584715,0.1517772665266,-0.1552536956830,0.2742955249006,0.6606859566624,0.5655663657539,-0.0935406727812,0.0997856521467,-0.0085426484828,0.1670725449696,-0.1956714562990,0.4290762278267,0.2008659516885,0.0404618197643,-0.0386843856958,0.5659492665394,0.1562772529287,0.3645219378744,0.3316708394522,0.3226017768909,0.4174034489638,-0.3833161351970,0.0093660915935,-0.3833287345664,0.2244955768309,-0.2137801229843,0.1200508276012,0.1240758695039,-0.4107964372204,0.0830366799424,-0.1448223233280,-0.4007380598565,0.2962392588867,-0.1742704068533,0.4005642513161,-0.1120862957110,-0.1415353407007,-0.1358236016236,-0.1927388108829,0.1204641095344,-0.1483069988718,-0.1967667799107,-0.4801352389611,-0.2410251625254,-0.3788533161291,-0.1737552470541,0.2344340473446,-0.1092144812681,-0.1737564536129,-0.1890864655700,-0.2092736182243,-0.5249611176154,0.2678810940455,-0.0057674500909,-0.2216071625689,0.0524621433768
0.5711169054677,0.0146680791178,0.1757421476572,0.2814459199487,0.7963058129807,-0.0772058184439,0.7618626964660,0.5105275334389,0.3880545661217,0.3548107435549,0.6475004808590,-0.1236955058341,1.0000000000000,-0.2296474660370,0.3324737801960,0.6015054177685,0.4128247790560,0.3875950581343,0.0201547553607,0.3177616874153,0.8425276183870,0.3916287593913,0.2129968910385,0.3362348659662,0.6619633818017,0.1340807814274,0.2311762316097,0.0935824433795,0.6060230507355,0.2882552596304,0.4455626183000,-0.2370733451770,-0.1244336883830,0.3805696251553,0.2449478988454,0.1275791135416,-0.0670105216051,-0.3091359121785,-0.0232211117032,0.7292694902071,-0.3183104658085,0.5017016184063,0.2615394473475,-0.1778438296634,0.4150693835685,0.6162544816425,-0.4953609682046,0.9063626350297,-0.4521605737419,-0.3763948407149,0.5051569498433,0.3674285451487,-0.2194791391873,-0.5900580965708,-0.5139330123592,0.7950714757452,-0.1499875549861,0.2531788149734,-0.1672968657671,0.5817132019149,-0.2714776987009,-0.3992126110437,-0.1719323081760,0.4758494888296,-0.3251474429589,-0.0257721169467,-0.2435625665998,-0.0373537242626,-0.0388645578300,-0.1638872813101
0.1341012811405,-0.0219406675013,-0.1788811231066,0.2254828621603,-0.2540055279770,0.5199042386957,0.1051935057809,0.0069801671043,0.4249499907230,0.1529319092241,0.0853529485344,0.5981199919448,-0.2296474660370,1.0000000000000,0.4879309647517,0.2619380654921,-0.3287194712360,-0.0908444030275,0.5331698626343,0.2398207227485,-0.1433627924043,-0.1775848937441,-0.1546875313678,-0.1671225134738,-0.1957129318014,0.4179877993576,-0.0630281765736,-0.1210681071064,-0.2783734452407,0.4136562818802,-0.1823437792239,0.5207754665150,0.3636108408024,0.2441111580388,0.3352478948938,-0.3035668276452,-0.1357112602197,-0.2380491685554,0.2530787704211,-0.2549562886853,0.3374495131123,0.0759541686939,-0.3476723085291,0.3406643097179,0.0089631288449,-0.2298011838861,0.3932851741769,-0.3092314068703,0.6983260796890,0.1726360208780,0.1218341806556,-0.2828744873559,-0.1676428984941,0.2187006957882,-0.1193811392984,-0.2010276481639,-0.3974727462061,-0.2692785128399,-0.3991414968813,-0.2364251242511,0.2498235345273,-0.2024318019701,-0.2167650557763,-0.3634528481567,-0.0870833360991,-0.4565098835012,0.4486666813023,-0.0028998139219,-0.0683761657851,0.1330814007599
0.7330880764530,0.0962514259493,0.0962580183155,0.5639582767763,0.2200053503953,0.4223069264673,0.5719290433452,0.4468831110555,0.8253658325060,0.1795741575921,0.5807488731241,0.5878386584715,0.3324737801960,0.4879309647517,1.0000000000000,0.5232505888802,0.0662642534591,0.3302607766204,0.6256069062447,0.6011394570197,0.3700210641548,0.2257490281642,0.1131998019131,0.2812750804678,0.1835463055969,0.3776636193565,0.1668982337608,0.0313148784655,0.2033800963892,0.7513559753943,0.4036656451934,0.3241622270497,0.3252127039038,0.5976493136721,0.5224636366373,-0.1504660363535,-0.1312786136413,-0.5110262789914,0.2411719837282,0.0763145978703,0.0260190508616,0.3061693203415,-0.2613853866208,0.1225940349402,0.1368605724126,-0.0048781231543,-0.1521227983084,0.2030066078869,0.0582975352315,-0.1660397397722,0.2120172832414,0.1263815087596,-0.3221860974002,-0.2868594525817,-0.5192218962152,0.2050584269663,-0.4670891470105,0.0208901311854,-0.4198841845954,0.1565017354344,-0.0952953278108,-0.5242331467323,-0.3044463105161,0.0189778762999,-0.3771512954714,-0.3862997723645,0.2492527293527,-0.0824782443476,-0.0715790231350,-0.0253863430646
0.5590604130016,-0.1791591138154,-0.1032869149581,0.3610251120439,0.4282570643450,0.3687039990460,0.7350790160749,0.3350536879150,0.6778946007928,0.4287749091859,0.5949212018548,0.1517772665266,0.6015054177685,0.2619380654921,0.5232505888802,1.0000000000000,0.1022938715963,0.2283233919501,0.2474632582366,0.3433092119869,0.5781695152065,0.1167319113901,0.0704106226241,0.0802722799755,0.4078330245953,0.1702054715171,0.0388946793915,-0.1916699400156,0.2248437796677,0.5293371451315,0.1649942489351,0.0432567692780,0.1962077295199,0.4822563522011,0.3876711989293,0.0116669109451,-0.1368819235011,-0.4628293614182,0.1436450033893,0.3339022465844,0.0586374144104,0.4710991186741,-0.0316194983046,0.2268829762295,0.4439533228781,0.3942487702514,-0.3344167340180,0.5143828316637,0.0121332074854,-0.0850496995907,0.6010488579114,0.1482897196634,-0.1986908277155,-0.4157535206425,-0.5857123932420,0.4526830381452,-0.3387133257204,0.0973638109514,-0.3746692363931,0.3924084593156,-0.2944854056682,-0.5800197152906,-0.4565507480853,0.1279187387618,-0.2514800037689,-0.2322868193471,0.0822795210501,0.0588058243004,-0.0648757695627,-0.0633531483095
0.3688529394444,0.3038991191523,0.4789414205260,0.2698486290372,0.5840024367963,-0.3743320434798,0.2730378673807,0.4735654160583,0.0211955355057,0.0343101234386,0.3851188341347,-0.1552536956830,0.4128247790560,-0.3287194712360,0.0662642534591,0.1022938715963,1.0000000000000,0.4520260082719,-0.1526690830499,0.2341905366305,0.5375259173622,0.7588017787396,0.3510808447151,0.7760343047317,0.5524928943539,0.1538718870796,0.4085545384782,0.5300504860292,0.7268425173793,0.0892668913191,0.5812765728902,-0.2774339701464,-0.2926415941777,0.1874398620123,0.0714254977808,0.1917198733197,0.1348359000289,0.0238291563974,-0.0332530867738,0.4972281511848,-0.3177476375417,0.1042424658952,0.3031458207607,-0.4157943473878,0.1948858092461,0.3413862550805,-0.2189741054377,0.4225893906334,-0.4085956011783,-0.4780195896710,0.0710701336639,0.9222838731401,-0.1919609203924,-0.3633313661963,-0.1265116253975,0.5435504786577,0.2876835673375,0.4274721658504,0.4057225975141,0.6034737269613,-0.0349597515640,0.0308672883510,0.4164540501324,0.7019069725011,-0.2337759850232,0.2508474028946,-0.4016158777850,0.0452240587286,-0.0709675545547,-0.0647900839244
0.5010511132575,0.5433882817003,0.5327119019431,0.5434983493579,0.4409083265075,-0.2243651456317,0.3429478186811,0.5875365082514,0.2889383677992,0.2040883326037,0.3191576073473,0.2742955249006,0.3875950581343,-0.0908444030275,0.3302607766204,0.2283233919501,0.4520260082719,1.0000000000000,0.1779046904803,0.7736329023944,0.4749108259435,0.6169678719037,0.3256911591567,0.6788156514877,0.4662549188418,0.4196969374810,0.6647571193635,0.4458763068821,0.5574042126157,0.2761910524597,0.6979513392625,-0.0652599177851,-0.0974959272401,0.3918752930602,0.3921470481594,-0.2139875349552,0.3512058596066,-0.1874066659039,0.0968738348251,0.3409938242471,-0.3516540648676,0.0695949824846,0.1377826158211,-0.4817093615312,0.2744622901510,-0.0753575965861,-0.1888700789345,0.3854568841830,-0.2761847269089,-0.6511095209896,0.0287845095498,0.3713182445989,-0.0435335185482,-0.4276238236497,-0.1400466370712,0.4077293769431,-0.2412733337169,0.1802529344763,-0.0715153763987,0.4682686639626,0.0911905777414,0.1037477638298,0.1721675737876,0.3984775743712,-0.4481775684116,-0.1764561121559,-0.1937147923215,0.1300931958754,-0.2057585751529,0.0166742493241
0.2538405307018,0.0405834606073,0.0335854732742,0.3272455186258,-0.1847807272651,0.3879410845214,0.2710145166381,0.0727254846861,0.5407339184032,0.0096421423252,0.1405748659861,0.6606859566624,0.0201547553607,0.5331698626343,0.6256069062447,0.2474632582366,-0.1526690830499,0.1779046904803,1.0000000000000,0.5006597156584,-0.0192670961495,-0.0374834071636,0.0287466184554,0.0584736195915,-0.1435445619366,0.1654054830155,-0.0074623862110,-0.1229304140034,-0.1093194103336,0.5736351978436,0.0852100758784,0.4944833979918,0.2608293081507,0.2843085463525,0.4927581513439,-0.2372108839359,-0.0897411598868,-0.4084143482912,0.0417535972739,-0.2658387298856,-0.0022325577348,0.2065942569242,-0.3577827545628,0.1800329258603,-0.2492824780137,-0.2225812405857,0.0205208720325,-0.1563257467194,0.1662126627504,-0.0790100304090,-0.0445537128129,-0.1073237085166,0.0428052235878,-0.0111539428146,-0.3357416418459,-0.1837802425271,-0.3807268512170,-0.1404533328043,-0.2868288450415,-0.2781641646482,-0.1546183415316,-0.3928549435774,-0.3264421341323,-0.2974672755361,-0.1446518151432,-0.3254443204270,0.4266687250277,-0.1056338367759,-0.1278369440075,0.0491619822392
0.6280355769924,0.4109946845263,0.3316666179750,0.6444284954743,0.2111245682325,-0.0291615423588,0.4247909680152,0.4588081128685,0.4872462013111,0.1085706719738,0.3386870784168,0.5655663657539,0.3177616874153,0.2398207227485,0.6011394570197,0.3433092119869,0.2341905366305,0.7736329023944,0.5006597156584,1.0000000000000,0.4043259676421,0.4060991602416,0.1998110821088,0.5013853781001,0.2567764844807,0.5219136512128,0.5491098687591,0.2564184768123,0.3162563260143,0.5297472415059,0.5256246693717,0.1859429140984,0.0562574015410,0.5812188170347,0.6065839725107,-0.1756449400575,0.1986821667880,-0.3859196001939,0.2469150432718,0.0900560662532,-0.2750664633362,0.1643599648341,-0.1521264144336,-0.2390368149995,0.1604567226546,-0.1856771012339,-0.1883344605801,0.2429155370928,-0.0982490097288,-0.5140870523552,0.0777057384994,0.2229674317754,-0.1001056836941,-0.3396121758767,-0.2561769720011,0.2819545748986,-0.4557450430255,0.0777910266172,-0.2564583142342,0.2601609741871,0.1005831592272,-0.1296785679143,-0.0343489136472,0.1231526202122,-0.4271426732943,-0.3240747420762,0.1087701905392,-0.0750934055029,-0.1112318895320,0.0772372080792
0.6816475601905,0.0494943925901,0.2726628345649,0.3629542085131,0.8577271237595,-0.1685493311366,0.6411109070089,0.5740437103816,0.3319505259648,0.3842461234848,0.6253346531227,-0.0935406727812,0.8425276183870,-0.1433627924043,0.3700210641548,0.5781695152065,0.5375259173622,0.4749108259435,-0.0192670961495,0.4043259676421,1.0000000000000,0.4628628504301,0.2964163134328,0.4332544449834,0.7574496510063,0.2276093379870,0.3415879615484,0.2251143831118,0.6451014541127,0.2773771872017,0.5278597212864,-0.2387156399136,-0.2103089755861,0.4163265876033,0.2319426162366,0.1935498655002,-0.0354884826149,-0.2202869250358,0.0769822304556,0.6968735568788,-0.2887213867156,0.3287491195528,0.3087989231076,-0.2464049040135,0.5260230009275,0.5808609485359,-0.4305468821472,0.7718453460145,-0.3591863481236,-0.4166638267208,0.4311905286158,0.5157814318740,-0.2312986619796,-0.5275263665414,-0.4196493599183,0.9071821044753,-0.0927706547320,0.3001673021361,-0.0839941028492,0.7105212039908,-0.1386549114157,-0.2993932570519,-0.0431433894428,0.5348950629101,-0.3705841457523,0.0542340540315,-0.2700747130782,-0.0733746629488,-0.0059300154586,-0.1529588861054
0.4068050552577,0.4552035378298,0.5991902697769,0.4136867004045,0.5730603277047,-0.2121303975485,0.3618117378070,0.6939379718718,0.1774947604440,0.0354740104665,0.5339216707674,0.0997856521467,0.3916287593913,-0.1775848937441,0.2257490281642,0.1167319113901,0.7588017787396,0.6169678719037,-0.0374834071636,0.4060991602416,0.4628628504301,1.0000000000000,0.3928450604887,0.9265542495431,0.4646472111064,0.2287947062309,0.5503655091843,0.5629865885080,0.8357129051832,0.3190448668218,0.7667843490136,-0.0999835808280,-0.1633874802829,0.3695397617410,0.2365233160517,-0.1177454307182,0.1994272656949,-0.1405449020096,0.0415914085550,0.5137150337297,-0.1872568082410,0.1175216367051,0.2339902162084,-0.4694728174673,0.1932789383549,0.2097232962203,-0.0925341224587,0.3897631224160,-0.2886065853569,-0.5780108175200,0.0117145594510,0.6917135369834,-0.3073550858519,-0.2951374509442,-0.0583475180641,0.4789190467224,0.0170696675711,0.3065446027492,0.2269741571988,0.5747636467104,0.0874355766746,0.1154162242225,0.3466767411808,0.7560346640501,-0.3179612402214,-0.0411010843009,-0.3136606390042,0.1372551671555,-0.2294897682710,-0.0044525837886
0.1927436511141,0.2772888636913,0.2199430882283,0.5138118220000,0.3145639893966,-0.0852298642348,0.0713708685147,0.2977727389724,0.0616488361954,0.4532253163481,0.0932886454179,-0.0085426484828,0.2129968910385,-0.1546875313678,0.1131998019131,0.0704106226241,0.3510808447151,0.3256911591567,0.0287466184554,0.1998110821088,0.2964163134328,0.3928450604887,1.0000000000000,0.4098062637503,0.4655364974026,-0.0214848428391,0.0996485517919,0.0594164419207,0.3198491937416,0.1955349856159,0.5875345633583,0.0209281004865,-0.1743518551012,0.1745782366866,0.2531177000050,0.0274317207040,0.3732458753099,-0.0891982540329,0.2867202987976,0.2313611128834,-0.1994033168711,-0.1023691158992,0.2366342005604,-0.3083291709613,0.4326284315689,-0.0087950756318,-0.2158058389124,0.1275387274782,-0.2186799884154,-0.2446517865363,-0.0230238945879,0.4126980144113,0.1862778870380,-0.2428523542862,-0.2101548166082,0.1778996831168,0.1288184404402,0.7855433412290,0.1963384599020,0.4781765919446,-0.1418873318927,-0.0948451461527,0.1191451368205,0.2612546296731,-0.1230939137006,0.3137887707253,-0.0490770157745,-0.1212671385335,-0.0884361685441,0.1491931488511
0.4711353408548,0.5294728095387,0.6358846686168,0.4894367338267,0.4900472743789,-0.2179416928742,0.3137583183306,0.6322732613224,0.2116661073422,-0.0092515631519,0.4606576985845,0.1670725449696,0.3362348659662,-0.1671225134738,0.2812750804678,0.0802722799755,0.7760343047317,0.6788156514877,0.0584736195915,0.5013853781001,0.4332544449834,0.9265542495431,0.4098062637503,1.0000000000000,0.3863403655466,0.2361100343682,0.5208652366692,0.5541439750129,0.7382644507275,0.3154675184664,0.7707325434400,-0.0440875409807,-0.0858754626318,0.3690609169222,0.3296263854187,-0.1046936846891,0.2194384971538,-0.1418869860431,0.0247293484076,0.4094193314247,-0.2928115193918,0.0903633288934,0.1281463267494,-0.4818495587407,0.1199977762648,0.1136100618716,-0.1264191840942,0.3396626882272,-0.3283397074938,-0.6488331345484,-0.0159081605298,0.7331337350831,-0.2033813354870,-0.3030718563501,-0.0598614988708,0.4305741985674,-0.0218316845784,0.3243103929563,0.2467950902524,0.5046277695913,0.0644642621904,0.0971935772648,0.3494073269007,0.6410029961349,-0.3960238598737,-0.0618226484722,-0.2570585969875,0.1127485366324,-0.1687292387895,0.0465240885356
0.4789195323371,0.0922948615588,0.4299522449697,0.3361164620399,0.7829470076948,-0.2239963795219,0.4348315854174,0.6845285097234,0.1618621666644,0.5950332485361,0.4387336125227,-0.1956714562990,0.6619633818017,-0.1957129318014,0.1835463055969,0.4078330245953,0.5524928943539,0.4662549188418,-0.1435445619366,0.2567764844807,0.7574496510063,0.4646472111064,0.4655364974026,0.3863403655466,1.0000000000000,0.2789020919172,0.4048060511786,0.3609533540125,0.7289897263212,0.0204463582480,0.6184993072683,-0.3162177324225,-0.3057124639198,0.1508595543724,0.0030502539827,0.0437807106232,0.0060777271023,-0.0004192952470,0.0863360915859,0.6536062564274,-0.2714784074743,0.1460643416521,0.5980184882171,-0.3450255292618,0.7135118498156,0.3988456270821,-0.3780967876355,0.5962563905358,-0.3366298824685,-0.3405778452141,0.3284767781086,0.5034409316187,-0.2571601885460,-0.5416114066551,-0.3704287379907,0.7024820985738,-0.0273663514192,0.4459466564764,-0.0679011583570,0.8885603677478,-0.0749348674407,-0.1715472999635,0.1538356260661,0.6379004371937,-0.4142399482233,0.1410750311541,-0.4036882839536,-0.0430140227786,-0.2040174526751,-0.2686735649146
0.3415362649397,0.3792003978598,0.3389519848811,0.3537574011320,0.1915962626696,-0.0204863190590,0.2097210310121,0.3182504840434,0.2608665363451,0.0677464171460,0.1963047517895,0.4290762278267,0.1340807814274,0.4179877993576,0.3776636193565,0.1702054715171,0.1538718870796,0.4196969374810,0.1654054830155,0.5219136512128,0.2276093379870,0.2287947062309,-0.0214848428391,0.2361100343682,0.2789020919172,1.0000000000000,0.6335611123021,0.5271077996806,0.2607147039617,0.1588711245284,0.1990252177321,-0.2393974866058,-0.0520529444194,0.1862701556205,0.1087206406602,-0.2424448973396,0.1306558564662,0.0694137389789,0.2467362255094,0.0978998713836,0.0790658407799,0.0056170351845,-0.0043617834513,-0.1056284718079,0.2066972894533,-0.1708347752314,0.1959860856384,0.1152861420291,0.1570468235202,-0.2032513772815,0.0666900876909,0.0612228533217,-0.4187935263039,-0.2663617039581,-0.2093269078614,0.2224620431311,-0.2800442494910,-0.0795309922519,-0.2504103676653,0.1981288192511,0.5278123380777,0.0199664721699,0.2431214276316,0.0788525651341,-0.3343755248651,-0.3398155991557,-0.3060523567179,0.0939594401675,-0.2204378569536,-0.1534676956761
0.3244740135796,0.5335438907953,0.6364181441066,0.2954923503449,0.3856654841715,-0.3281295355347,0.1808557394085,0.4560304323220,0.0610352059198,-0.0165807660956,0.2069940078127,0.2008659516885,0.2311762316097,-0.0630281765736,0.1668982337608,0.0388946793915,0.4085545384782,0.6647571193635,-0.0074623862110,0.5491098687591,0.3415879615484,0.5503655091843,0.0996485517919,0.5208652366692,0.4048060511786,0.6335611123021,1.0000000000000,0.8438216128267,0.5169464536447,0.0419624183257,0.4657058075084,-0.4137812692872,-0.2778313016776,0.1458734313223,-0.0747845809010,-0.2368357044044,0.3099749306379,0.1539053360782,0.0758074309312,0.2854860721936,-0.1528663124160,-0.0455863434616,0.1104964464131,-0.4217704945384,0.1613800910323,-0.1691808368414,-0.0630793673724,0.2397734416633,-0.1538422789823,-0.4262637761614,-0.1147623649974,0.2758007280381,-0.3407730063290,-0.2740952280197,-0.0535047527241,0.3395518150463,-0.1245984241232,-0.0003957630517,-0.0594480007081,0.4038449782871,0.3544391680247,0.2798585608093,0.5698754242478,0.3701157302835,-0.3734101811234,-0.1981229563492,-0.4705979496654,0.0842239630677,-0.3330912033855,-0.3521064357845
0.1550632086564,0.4970075109518,0.7416729102040,0.0861994714612,0.3495665805941,-0.3719339451330,0.0215482606747,0.4251828181055,-0.1056782191618,-0.1076819946472,0.1708070771547,0.0404618197643,0.0935824433795,-0.1210681071064,0.0313148784655,-0.1916699400156,0.5300504860292,0.4458763068821,-0.1229304140034,0.2564184768123,0.2251143831118,0.5629865885080,0.0594164419207,0.5541439750129,0.3609533540125,0.5271077996806,0.8438216128267,1.0000000000000,0.5423195399489,-0.1581599901864,0.3886961763961,-0.4246529025407,-0.3353392770892,-0.0520614065477,-0.2895395842003,-0.2311169187919,0.1696191643400,0.3792965007711,-0.0755257327619,0.2615681708979,-0.0909723631389,-0.1037539011053,0.2508350801652,-0.4204277597428,0.0370256235171,-0.0670295065545,0.0796155946673,0.1164178002189,-0.1698602710979,-0.3377593857152,-0.1953180202696,0.3788206066632,-0.4192940768444,-0.1532973085818,0.0876738724343,0.2776463694503,0.0509483308583,-0.0229010021808,0.1265534040935,0.3440084853616,0.4027170665446,0.3607821416860,0.7946883869527,0.4686952867326,-0.3342818611490,-0.1171214725306,-0.5885777721902,0.1062400503713,-0.3285619485700,-0.4084805502374
0.4299958585424,0.2319043858308,0.6091620102698,0.2519116306401,0.7693128041651,-0.2471371636263,0.4717421491053,0.8188261721878,0.2050879214955,0.1476003408470,0.6183350714809,-0.0386843856958,0.6060230507355,-0.2783734452407,0.2033800963892,0.2248437796677,0.7268425173793,0.5574042126157,-0.1093194103336,0.3162563260143,0.6451014541127,0.8357129051832,0.3198491937416,0.7382644507275,0.7289897263212,0.2607147039617,0.5169464536447,0.5423195399489,1.0000000000000,0.1574976914554,0.7344146788195,-0.2672554369165,-0.2616490028545,0.2245622333939,0.0481028473798,-0.1151724919610,-0.0268286145043,-0.0857070221079,-0.0686282830185,0.6914973659344,-0.2157851412522,0.1923468392734,0.4988074885751,-0.4477596475610,0.3196310767882,0.4163567683424,-0.1951203147026,0.5804526895137,-0.4025655900478,-0.5437158129482,0.1583228975360,0.6489555298702,-0.4418854160140,-0.4474387676914,-0.1879743559518,0.6691966252901,-0.0663168896246,0.2576099675797,0.0629586458211,0.7252534331203,0.0339987794245,0.0206888946046,0.2660553201785,0.9034690179783,-0.4463553496419,-0.0285813234344,-0.4645176672412,0.1128503281252,-0.3110945381641,-0.2288544425060
0.5548206802920,0.1315250552361,-0.1357347305705,0.5961753617562,0.1695294435005,0.4393471509305,0.5742485761158,0.2289717470919,0.6792287941890,0.1007961799874,0.5175855081570,0.5659492665394,0.2882552596304,0.4136562818802,0.7513559753943,0.5293371451315,0.0892668913191,0.2761910524597,0.5736351978436,0.5297472415059,0.2773771872017,0.3190448668218,0.1955349856159,0.3154675184664,0.0204463582480,0.1588711245284,0.0419624183257,-0.1581599901864,0.1574976914554,1.0000000000000,0.3103772939457,0.4033150194448,0.3880957572375,0.7077536166042,0.6854741065915,-0.0000978023811,0.0381935685790,-0.6280686961251,0.3210343364994,0.1008467303947,0.1018291863768,0.2764000680090,-0.4204819648534,0.0624768834422,0.0587617711557,0.0468858843199,-0.1088925812504,0.1874499734981,0.0446191565550,-0.1845662578412,0.1752637834691,0.1708476075521,-0.0646748264684,-0.2227871753131,-0.4159520756268,0.1296331810190,-0.2704852577029,0.0896320827409,-0.2167605335814,0.0820055795302,-0.2061400015736,-0.5029857812299,-0.3892643552386,0.0130739923837,0.0009324641392,-0.2370822165732,0.3637519955423,0.0134569428160,0.0621107185601,0.2771061567357
0.5262728913538,0.3805673103800,0.5731227640936,0.5572148185040,0.5784625871667,-0.1757559845588,0.3380088077465,0.7682345490050,0.2996974131179,0.2783474484366,0.4645300535626,0.1562772529287,0.4455626183000,-0.1823437792239,0.4036656451934,0.1649942489351,0.5812765728902,0.6979513392625,0.0852100758784,0.5256246693717,0.5278597212864,0.7667843490136,0.5875345633583,0.7707325434400,0.6184993072683,0.1990252177321,0.4657058075084,0.3886961763961,0.7344146788195,0.3103772939457,1.0000000000000,0.0093296523870,-0.1202596530398,0.3677563602960,0.3233859229224,-0.1850034116899,0.1794325589590,-0.2159614655672,0.1039674315500,0.4465457911814,-0.3450900619061,0.0584563400458,0.2817562833174,-0.4911352821407,0.3661169888743,0.0369841640774,-0.2740370225944,0.3911281512729,-0.3513424655010,-0.6017608650149,0.0257980071216,0.5701305556902,-0.1959167400449,-0.4156930327296,-0.2374418240075,0.4310024570565,-0.1441178557784,0.4420663570340,0.0226047736662,0.6760669749085,-0.0473026557399,-0.0207658630217,0.1991945623987,0.6105753768232,-0.5093751990160,0.0069974873900,-0.1696958270750,-0.0036836478333,-0.2618814904256,-0.0363032727997
0.0510878512087,-0.0133521400686,-0.2468363049209,0.1830295508732,-0.3391866897176,0.3891086505210,0.0116931734403,0.0274003288291,0.2932205915638,0.0975918882661,0.0464849646890,0.3645219378744,-0.2370733451770,0.5207754665150,0.3241622270497,0.0432567692780,-0.2774339701464,-0.0652599177851,0.4944833979918,0.1859429140984,-0.2387156399136,-0.0999835808280,0.0209281004865,-0.0440875409807,-0.3162177324225,-0.2393974866058,-0.4137812692872,-0.4246529025407,-0.2672554369165,0.4033150194448,0.0093296523870,1.0000000000000,0.3828528167455,0.3007152705595,0.5423622941065,-0.2074150680258,-0.0720155145744,-0.4783225322973,0.0435404037600,-0.2846523660445,-0.0333076804896,0.0641337497899,-0.2418389281793,0.1752363127111,-0.1656872019131,-0.1701860604517,0.1209902168154,-0.2996171708854,0.4105489798024,-0.0100112697901,0.0009520245406,-0.1693009187892,0.1818134630556,0.2877961275274,0.1116666572742,-0.2989230718811,-0.3672318318943,-0.0958455894081,-0.2445478963158,-0.2979125732866,-0.1172969673838,-0.1103898192694,-0.3364453119346,-0.2742811278774,-0.0546644806277,-0.2864107673250,0.8354575140816,-0.0918283374069,0.0714834494606,0.3843025754256
0.1408978450228,0.0245143552575,-0.2894937301042,0.1509774554325,-0.1934433903554,0.6604548042933,0.1173380522545,-0.1088567581759,0.3727637171349,-0.0495993933042,0.0521880113271,0.3316708394522,-0.1244336883830,0.3636108408024,0.3252127039038,0.1962077295199,-0.2926415941777,-0.0974959272401,0.2608293081507,0.0562574015410,-0.2103089755861,-0.1633874802829,-0.1743518551012,-0.0858754626318,-0.3057124639198,-0.0520529444194,-0.2778313016776,-0.3353392770892,-0.2616490028545,0.3880957572375,-0.1202596530398,0.3828528167455,1.0000000000000,0.1490222430028,0.3391110685502,-0.1174047736560,-0.0978056753580,-0.3994430263077,-0.0492384738532,-0.1766129384058,0.1293818144276,0.0525384469481,-0.4895643935257,0.2410543118421,-0.1836003265218,-0.1607210519315,-0.0108682676630,-0.1344965038740,0.1895391722241,0.0771379738951,0.0286777080639,-0.2456659717781,0.0849054175458,0.0196863598903,-0.1186216542054,-0.2508025460563,-0.2373134915128,-0.2226001573904,-0.2657054846778,-0.2976830056369,-0.2049172025111,-0.3130434546885,-0.4198275924636,-0.3339145774766,0.0384159419296,-0.3451761024484,0.3851352240271,0.3533494685844,0.1098280045644,0.2258377861304
0.6241927836418,0.1978704369130,-0.0662482101863,0.6380182254281,0.2591836989435,0.1978772201438,0.5727515459022,0.3132273481432,0.5189980141068,0.1930230445143,0.5540403381913,0.3226017768909,0.3805696251553,0.2441111580388,0.5976493136721,0.4822563522011,0.1874398620123,0.3918752930602,0.2843085463525,0.5812188170347,0.4163265876033,0.3695397617410,0.1745782366866,0.3690609169222,0.1508595543724,0.1862701556205,0.1458734313223,-0.0520614065477,0.2245622333939,0.7077536166042,0.3677563602960,0.3007152705595,0.1490222430028,1.0000000000000,0.6685269195781,0.1034541960071,0.1423096027054,-0.5357840851758,0.4480677166061,0.2235566537001,-0.0617165199343,0.3561722502981,-0.2017664227284,0.0093007596699,0.2524294897179,0.1477061881248,-0.2002214090389,0.3311116118318,-0.0749064606576,-0.2826671384163,0.3144297578298,0.2308649573983,-0.1292693038533,-0.2407809326469,-0.2788581140508,0.3336431662973,-0.3271755539903,0.2124984087721,-0.1901435220044,0.2761766555560,-0.0141442543965,-0.3257357350929,-0.2073521583455,0.1529053176262,-0.1352753997176,-0.1725520118527,0.2639584753912,-0.2468637575074,0.3429427746102,0.2888109553026
