1.0000000000000,0.4580099161448,0.1908866707070,0.6215305710212,0.2995254586055,0.0619875633182,0.1673759939824,0.2710721486563,-0.0755491896808,0.2631956119529,0.2699306206602,0.0491903176799,0.1900933358788,-0.1626333034179,0.4034446803841,0.1733065769263,0.2978662472789,0.4327475389258,0.1448840577920,0.3075055147393,0.1655271135861,0.1518708065552,0.5586736977881,0.2223962239663,0.2852179197792,0.2072316618794,0.0750701129791,-0.0599130606233,0.0699599218936,0.6397349902766,0.3693309524741,-0.1140086828544,-0.1795994313992,0.5590303061106,0.5272293478819,0.7416278932875,0.4187586982069,-0.0732121376082,0.4556533345972,0.2320559199594,-0.1937285282436,-0.1347139984813,0.0651198085626,-0.2248910028092,0.1059986818492,0.1140791374579,-0.0218843612776,0.1811316693234,0.0463259901160,0.3420450011282,-0.0028916618719,0.3078246813573,0.3155107225376,-0.0314905128132,0.2658110106811,0.0830260591883,0.0115533236273,0.4425189358058,0.0909691423512,0.2904990252222,0.2102254433102,-0.1378231552415,-0.0329426402822,-0.0492724615707,0.5580440812023,0.3497385146994,0.2365296801426,0.0131747814311,0.4509177866041,0.5088133800666
0.4580099161448,1.0000000000000,0.2939091116064,0.6463192734182,0.1943891067499,-0.0930652127800,-0.0904965411079,0.0544111912314,-0.1812087457170,0.1034458284405,0.1091906831502,0.0348613787511,0.2286257635115,-0.0142321245158,0.0945682116138,0.1570487518630,0.3848479318723,0.3517500917108,-0.0369526656316,0.2877339073443,0.2362523872836,0.3307026793499,0.6222892105898,0.4572759336974,0.1645243877554,0.3532924543567,0.3066589874925,0.0481059883344,0.1284793759734,0.3604428361262,0.3933892994327,0.0112577953532,-0.2188074054505,0.4703032510349,0.6068512062458,0.4153667687249,0.8209967160969,-0.2056624472726,0.5025023706053,0.1674054641381,-0.2406591121254,-0.3058773026658,-0.1516062720689,-0.3709927533999,-0.0053019631378,-0.0218374525649,-0.0651199960592,0.1754061957807,0.0295018019718,-0.0593828622468,0.0282505018493,0.4518917473982,0.2271946754177,-0.0310570300174,0.1507246803045,0.2293151170772,0.1948677783671,0.4525655547105,0.2721866853512,0.1925096214863,0.3369420589382,-0.1925561240001,0.0172033954115,0.0213937804093,0.2178719574308,0.4162312966232,0.0898364440321,-0.0688055578531,0.3335474401981,0.5924954958621
0.1908866707070,0.2939091116064,1.0000000000000,0.3298901315059,0.0130426517177,0.1492033501534,-0.0644622070823,0.4425048238507,-0.0647133864395,0.2894575166310,-0.2021368039217,0.1037236911703,0.0011792305420,0.1736752518519,0.2493337419343,0.1910329966572,0.1784921907079,0.4008670540144,0.2518329694844,0.3207609626608,0.0468852273325,0.0048584928348,0.3968260868309,0.1555347469577,0.2496988816174,0.3175082537762,0.2878960917100,0.5775136011682,0.0097090398029,-0.0024116826964,0.2868757600084,-0.0847047905245,-0.0314544852690,-0.0005863191127,0.0654815000413,0.1855837176999,0.0798075766365,0.2133757014001,0.3040586924711,-0.0223969308414,-0.0981170249834,-0.2270200228569,0.0104078706886,-0.2597644224007,0.1273591110484,-0.2490441563075,0.0089896788664,-0.0209131448313,0.2068968090506,0.1242636264087,0.0179160465238,0.0842665137146,-0.0478028319826,0.0705270686179,-0.1041135172541,0.1200769968133,-0.0283205566897,0.1626219788066,-0.0197809923826,0.0527925558182,0.2195364334752,-0.1784553178151,0.2073543759211,-0.2720821279598,0.0151384505108,-0.0114531773384,-0.1033495224460,0.0076566017081,-0.1087410365095,0.0673661423482
0.6215305710212,0.6463192734182,0.3298901315059,1.0000000000000,0.3100976314355,0.0476923786968,0.2020302953588,0.4128265610825,0.0576985554787,0.4797016491834,0.1796345907197,0.1185515468868,0.1821326927116,0.0053773258156,0.2299185530505,0.4462519680209,0.1846179509928,0.4713403713280,0.0804482676426,0.4626349041618,0.1979580938097,0.1769421557087,0.7376523081323,0.2893507093616,0.5575903089619,0.4365592959496,0.2369415382735,-0.0291065947843,0.3311430075667,0.4164218018498,0.4561809161159,0.0548990684356,-0.1462556753152,0.5154200708193,0.4784022105533,0.4591853912224,0.4966997408696,0.0298180497578,0.8268772443759,0.2300589215954,-0.2287245476305,-0.1080162163276,0.2940863616360,-0.1042620549137,0.3336201652697,-0.0461800546816,0.0856470510863,0.1314179881142,0.2113318407418,0.2779739246045,0.3037509011281,0.2275636486546,0.2886968971465,0.0857564052303,0.2891128122823,0.1462463121127,-0.0056203795103,0.6146695839530,0.0727625663925,0.5232197670466,0.3669627991002,-0.0642117148157,0.0704315975127,0.1420407234749,0.3839692659760,0.3388827968072,0.2357287767013,0.0846838609036,0.3208609523232,0.5330926650671
0.2995254586055,0.1943891067499,0.0130426517177,0.3100976314355,1.0000000000000,0.0053513920554,0.2281328084438,-0.0724927725704,-0.0978258230099,0.3202200690955,0.6068073726355,-0.2709639030725,0.7601372308806,-0.2222358458079,-0.1834710705173,0.1251518709378,0.2386153530747,0.2118804692053,-0.2017397431586,0.0486266188477,0.7350694044113,0.3607061592902,0.2893575316168,0.3623876926092,0.2931380961056,-0.0849899506012,-0.0759654563439,-0.1984768979695,0.3551833394819,0.1487401501254,0.2107618251508,-0.2533166446869,-0.2874110726687,0.3480785783932,0.1990627002836,0.4048240280922,0.1089355563098,-0.1338286139278,0.0911363752327,0.8954506130020,-0.2019811554685,0.0073786126941,-0.0550714659859,-0.1406593170941,0.2876285068131,0.3989094926094,-0.3640401457740,0.7528294357905,-0.1364429941998,-0.0905763800344,0.2360998467720,0.2074227665617,0.1967010604490,-0.1489832570988,0.0811699657632,0.5830923062061,0.2777598249349,0.1999824890600,0.3052330593108,0.3198853869522,-0.2006578681070,-0.2378350242842,-0.2388314195746,0.3424141938113,0.3160947314732,0.1560402249583,-0.0753827986694,-0.2133058347474,0.3746758547661,0.3029812938989
0.0619875633182,-0.0930652127800,0.1492033501534,0.0476923786968,0.0053513920554,1.0000000000000,0.4303778399156,0.0140297538515,0.3579366989654,0.1409655519076,-0.0524783332318,0.3778917243914,-0.0565622741234,0.2164647939315,0.1396375475973,0.1392064964768,-0.0609076514827,-0.0257027124238,0.4176772792824,0.2359557038084,-0.1182882454840,-0.1879910696335,-0.0842778630029,-0.1241780496174,-0.0039274572631,0.0177452943075,0.1425513268058,0.1149200265707,-0.1400016269031,0.0180434635096,-0.0912155901870,0.0452543767669,0.3895497905122,-0.1139644714460,-0.0494620786596,-0.0508860359902,-0.1884642560396,0.1216580969587,0.1129878147583,-0.0342674894248,0.6027461036224,0.4027888009132,-0.1048580625606,0.4390223178007,0.0716118987268,-0.0746229098437,0.4129018916767,-0.0392497190615,0.3909725382759,0.2786773031708,0.1276336922102,-0.0670734825795,-0.1887223558919,0.3186575699165,-0.0333883439154,-0.1071347626181,-0.1775825046701,-0.1263252260997,-0.1608590778738,0.0264816360474,-0.0158415896525,0.0294380698707,0.0824529892910,-0.2236535418032,0.1398526575007,-0.1872527959846,-0.0113380248487,0.3602936269258,-0.1339147989349,-0.0279063557863
0.1673759939824,-0.0904965411079,-0.0644622070823,0.2020302953588,0.2281328084438,0.4303778399156,1.0000000000000,-0.0554837236258,0.4522501019296,0.3396549491549,0.3590570855319,0.1653813735478,0.3656588130198,0.0778562474628,0.1031277720997,0.4163286565540,-0.1907127564972,0.0525081464627,0.1562128126557,0.1991005211478,0.1945658647621,0.0208064472827,-0.0767443309439,0.0274459696518,0.1434331135424,0.0694698358725,-0.0063897180129,-0.1382867987170,0.0807431728392,0.2853884233643,-0.0848313661899,0.0104757637541,0.0661266197848,0.0860671975407,0.2034747053186,-0.0242250112019,-0.1495437471907,-0.0577501110937,0.2247897596077,0.2202690629670,0.1409845393184,0.6264079798734,-0.1142591303881,0.3087199227741,0.2794674842364,0.1937798538260,0.0834627805506,0.3613794765523,0.1637889338406,0.1369530729867,0.4001127636198,-0.1446066612919,-0.0901712634094,-0.0017633695563,-0.0401226666514,0.0874002096548,-0.0123599700136,-0.0660184363133,-0.0009256965462,0.0626306517966,-0.0891446577993,-0.1833597669533,-0.1394561085375,-0.0233218182768,0.3213760137658,-0.1455720299381,0.0094953376997,0.0920990140331,0.1204073579429,0.1334523773176
0.2710721486563,0.0544111912314,0.4425048238507,0.4128265610825,-0.0724927725704,0.0140297538515,-0.0554837236258,1.0000000000000,0.1467806966552,0.3385446045009,-0.0884881469379,0.1550032645322,-0.3206832975121,0.2249580790897,0.5502050546473,0.2068435575876,-0.0026825921545,0.2961271541226,0.1012751248595,0.2423606304439,-0.1836943406362,-0.1665478984598,0.4324543563215,-0.2070742524346,0.5663445671386,0.3532043162582,0.1764461357391,0.3399333712019,0.1690772392284,0.1374961464955,0.3238666052629,0.3041981300670,0.0525494299159,0.0771041797589,-0.0441205269259,0.0787163800047,-0.0142278859202,0.1231589219023,0.3933555254319,-0.0693595587514,-0.0956631253819,-0.1120501456672,0.6540378837955,0.0137734141611,0.2613464261311,-0.1238978090381,0.1648067700084,-0.2804533220368,0.3421901624224,0.5270311712039,-0.0086888262342,-0.0750742148060,-0.0628838152298,0.0209353757109,0.0406168473031,-0.1540638695861,-0.2963367596293,0.3228537705843,-0.4129342135545,0.4336185114556,0.2431599340198,0.1023093223422,0.3111545148674,-0.0008411740731,0.0347330752744,-0.0353340888898,0.4426876662318,0.3031850675209,-0.0924805997906,-0.1059531461296
-0.0755491896808,-0.1812087457170,-0.0647133864395,0.0576985554787,-0.0978258230099,0.3579366989654,0.4522501019296,0.1467806966552,1.0000000000000,-0.0182678064240,0.1689968423697,0.3444445927235,-0.1855668504213,0.1925801182097,0.2945869288072,0.1807905494393,-0.2078129604413,0.1088603119126,0.3576370158040,0.3302384509097,-0.1365860291189,-0.0891961517576,-0.1292905201476,-0.1113223274986,0.0848072193206,0.0523435344017,0.1526479981605,0.0081617346010,0.2101136785957,0.1300281214558,0.1214720529891,0.3305848732178,0.2670077935556,-0.0257366862175,-0.0247421873421,-0.3005633846359,-0.2568125514971,-0.0442669880050,0.1183385387777,-0.0433344902842,0.2517914829608,0.4915223921041,0.0730429700603,0.6037637662905,-0.1067177168243,0.2044500526584,0.1860128465487,-0.1021631088874,0.1590942846045,0.1345136591607,0.1289584017271,-0.2277466072583,-0.3100949659851,0.0248788925707,-0.2017231244714,-0.1542406489165,-0.1468000026584,-0.1835202409510,-0.1981737961937,-0.0013496677142,-0.2403999615005,0.0159234924765,-0.0635220626897,0.1253333622835,-0.0639986330592,-0.1678756264346,0.1707532313841,0.3287979666551,-0.0782227453588,-0.1906165839275
0.2631956119529,0.1034458284405,0.2894575166310,0.4797016491834,0.3202200690955,0.1409655519076,0.3396549491549,0.3385446045009,-0.0182678064240,1.0000000000000,0.0104028914629,-0.0937457182338,0.3516762425818,0.1723198740627,0.1615312518973,0.5159537289580,-0.0608598746922,0.1755651293853,0.0560568475533,0.2727166751450,0.2597983062647,-0.1291905677251,0.3919683759096,-0.0673789325207,0.5974596604852,0.3342001279309,-0.0184024355943,0.0934426380053,0.0724759719899,0.1838407828340,-0.0179821870642,-0.0212641250702,-0.2307353748798,0.0728423211572,0.0636618785736,0.1855402766304,-0.0146088011009,0.0397260638798,0.5305008815535,0.1918589261467,-0.2179262615113,0.0216409050346,0.1734312374923,-0.1609078510418,0.8542747928697,-0.1642691624709,-0.0785903718842,0.2854394202649,0.3175445756848,0.2515871698897,0.3451505818824,-0.1071866841156,0.0156403934507,-0.0077854826255,0.0186104820220,0.2073444183450,-0.1699141143296,0.3159678208307,-0.1404614743974,0.3969396313485,0.2645380669414,-0.2344184230788,0.0143200878997,-0.1212122377316,0.3110003977257,-0.1975713456566,0.0763766145263,-0.1268487207214,0.0981258382997,0.1118911488579
0.2699306206602,0.1091906831502,-0.2021368039217,0.1796345907197,0.6068073726355,-0.0524783332318,0.3590570855319,-0.0884881469379,0.1689968423697,0.0104028914629,1.0000000000000,-0.0205050734075,0.4949687286891,-0.2046585520840,-0.0049822448916,-0.0085724157472,0.1447056908561,0.0150673830708,-0.1654016898023,-0.1098938963089,0.4328336267776,0.2978859468896,0.0929820420744,0.2320349124719,-0.0094341027054,-0.1188061502132,-0.0943752970007,-0.2111637403463,0.2457345607204,0.2384263710358,0.1246735500434,-0.1369385056027,-0.0430293573663,0.3129765545824,0.1667524529187,0.2757791935482,0.0704718017972,-0.1201568507630,0.0388492718431,0.6956109560952,-0.0159067286228,0.2231189011688,0.0124473220553,0.1576505181460,-0.0235937788317,0.7996686034751,-0.1202500869279,0.5668568998082,-0.1992952126485,-0.0051838778954,0.1484119345507,0.1328012124010,0.0812479357465,-0.1437241412183,0.0608490988967,0.3160752157407,0.2083169901170,0.0559099182225,0.1984214366593,0.0489157676466,-0.2674665948912,-0.1198472705960,-0.1200640115008,0.3591077326572,0.2559523251216,0.1888462485788,0.0477283096153,0.0765655114287,0.2938453146551,0.2186520244080
0.0491903176799,0.0348613787511,0.1037236911703,0.1185515468868,-0.2709639030725,0.3778917243914,0.1653813735478,0.1550032645322,0.3444445927235,-0.0937457182338,-0.0205050734075,1.0000000000000,-0.3425514865088,0.5289735304233,0.3446500729061,0.0433850723067,-0.0436517819890,0.1021485513619,0.4469135520055,0.2941003760385,-0.2932930642278,-0.1052229661954,-0.1142061822717,-0.0912019141306,-0.0088142009509,0.3838079982669,0.4688585384228,0.2732204856215,0.0261204504140,0.1966448031227,-0.0978037228856,0.4990255279926,0.5696221486967,-0.1044250035530,0.0740989312615,-0.1564560855126,-0.0834834497563,-0.1325884109290,0.2387230168064,-0.1660520660722,0.3535464205448,0.2585936188561,0.0328793694376,0.3610362801300,-0.2382173134831,-0.0432781544375,0.7348641913807,-0.2768241144801,0.4023374227001,0.1667499478669,0.0076402459438,-0.0795983171370,-0.2738118297546,0.3392728509697,0.0192564710557,-0.2656349745440,-0.1283527545313,-0.2293873302367,-0.2287346674384,-0.1053085309837,0.1849108430595,0.1039706864784,0.0780130914161,-0.0171641586328,0.0494473195044,-0.1989647110370,0.1377150195711,0.5455798236336,-0.2303317821293,-0.0281394938499
0.1900933358788,0.2286257635115,0.0011792305420,0.1821326927116,0.7601372308806,-0.0565622741234,0.3656588130198,-0.3206832975121,-0.1855668504213,0.3516762425818,0.4949687286891,-0.3425514865088,1.0000000000000,-0.2502358862948,-0.2450307863591,0.1920875357864,0.0979518800027,0.1065865717876,-0.1859552945748,0.0542368212552,0.7973289116322,0.2912814998022,0.1362444898865,0.3024815720732,0.0694664832330,-0.1171923381522,-0.1747685960188,-0.2391230552462,0.1038595386991,0.2183562876440,0.0460276255013,-0.3190572450037,-0.3532234115767,0.2554951076721,0.2830167277904,0.2851939963761,0.1243954530927,-0.1366263040616,0.0423061248341,0.6783188830633,-0.2975645914194,0.0348788322388,-0.3288146927302,-0.2963092436599,0.3633000315170,0.3053988081983,-0.3545212189695,0.9147019971174,-0.1709357542296,-0.1882378157362,0.2657863757031,0.0980321269844,0.2027164990227,-0.1293811907241,0.0922151823330,0.6601281759828,0.2838372652233,0.0877454957182,0.3304930335395,0.0535091407727,-0.1285939932545,-0.3830509281182,-0.2475962844436,0.0761680109702,0.3606197789662,0.0639299767544,-0.1858969915526,-0.3398687752505,0.3735059741352,0.3782178491513
-0.1626333034179,-0.0142321245158,0.1736752518519,0.0053773258156,-0.2222358458079,0.2164647939315,0.0778562474628,0.2249580790897,0.1925801182097,0.1723198740627,-0.2046585520840,0.5289735304233,-0.2502358862948,1.0000000000000,0.4960661220523,0.0238402825976,-0.0445509914494,-0.1056164017251,0.3312324714056,0.1888815036638,-0.2489809251768,-0.1996372596562,-0.1450322700791,-0.2140557025843,0.0706901640873,0.6968229223866,0.4809353290525,0.5918094505298,-0.2267103290499,0.0711370036175,-0.4020408230098,0.5003035654977,0.2673355672028,-0.3645016983916,-0.1854805049072,-0.3008414559911,-0.1585660065913,-0.0699548188775,0.1897673842873,-0.1902583465650,0.2285084821629,0.1108451925545,-0.0167138925116,0.1421262514083,0.1291383193598,-0.2240246967225,0.4309099391206,-0.2355785432605,0.7364034120336,0.2393857250721,-0.0544870039914,-0.1428261991550,-0.5090704800183,0.1439783269608,-0.1966290215953,-0.2264814057469,-0.1986960457189,-0.2598652299769,-0.3671581437608,-0.0595442387675,0.4139557618047,0.0444849569227,0.3179070928431,-0.2552479135669,-0.1359632678452,-0.5555547179593,0.2131841799785,0.3510519978700,-0.4579102065526,-0.3147031937738
0.4034446803841,0.0945682116138,0.2493337419343,0.2299185530505,-0.1834710705173,0.1396375475973,0.1031277720997,0.5502050546473,0.2945869288072,0.1615312518973,-0.0049822448916,0.3446500729061,-0.2450307863591,0.4960661220523,1.0000000000000,-0.0129441686401,-0.0209434164467,0.1742885792888,0.4200615544397,0.3246593439899,-0.2077460266931,-0.1976803591793,0.1656022102882,-0.2135991889125,0.1176062628337,0.5295204942997,0.3139321721455,0.5152795040146,-0.2357224249730,0.5453483663690,-0.0713657474494,0.3554689781815,0.0760347812651,0.0263400593333,0.0968707513803,0.0646182645833,0.0110347500997,-0.0112349724129,0.3007387901650,-0.1743885044853,0.0361429147969,-0.0291277245754,0.1933804497709,-0.0444628218638,0.0499896750540,-0.0912051597990,0.2394708806217,-0.2157731932120,0.4542303168328,0.5780461752231,-0.2554007537698,-0.1162286993629,-0.2512132999118,-0.0123847164729,-0.0288486683112,-0.2230874874564,-0.2632654954688,0.0512576190921,-0.4262231514410,0.0195816654011,0.3737817784469,-0.0366986142534,0.3590993864669,-0.3494251672379,0.1474752531378,-0.2451642079929,0.4240251804186,0.3549474512234,-0.1003265060888,-0.1032377799267
0.1733065769263,0.1570487518630,0.1910329966572,0.4462519680209,0.1251518709378,0.1392064964768,0.4163286565540,0.2068435575876,0.1807905494393,0.5159537289580,-0.0085724157472,0.0433850723067,0.1920875357864,0.0238402825976,-0.0129441686401,1.0000000000000,-0.0595750955918,0.1910971040362,0.0399016446666,0.2986702028588,0.1987355565728,0.0094533083570,0.2329363529426,0.0778529044426,0.3212583066659,0.2704122102118,-0.0845370648115,-0.1693983485536,0.1762851259118,0.1398041759561,0.1574258321051,-0.0362536779285,-0.0108526141732,0.1741961633825,0.2437920609655,0.1675559110364,0.0163701372778,0.0638006349341,0.4653128798463,0.0254327256248,-0.1671848009888,0.0700301624560,0.1538773602742,0.0112226642377,0.4715483844167,-0.1239734690550,0.0526491425993,0.1128424954591,0.1888603654721,0.1950447643688,0.7871105795792,-0.0996942972252,0.0696674717929,0.0360383818721,-0.0197765522076,0.1615716114269,-0.1188766378336,0.1652372109635,-0.0496208969417,0.1817396775475,0.1441719815433,-0.2754565762588,-0.1786572406500,0.0204578457348,0.2659520176276,-0.0132703388695,0.0347527322826,0.0047591513442,0.1162814873500,0.2553939321180
0.2978662472789,0.3848479318723,0.1784921907079,0.1846179509928,0.2386153530747,-0.0609076514827,-0.1907127564972,-0.0026825921545,-0.2078129604413,-0.0608598746922,0.1447056908561,-0.0436517819890,0.0979518800027,-0.0445509914494,-0.0209434164467,-0.0595750955918,1.0000000000000,0.1084758603869,-0.0103036551958,-0.0250163945280,0.1344317583795,0.4134873826978,0.4301750389411,0.5048043481393,0.1306454761879,0.0648790539878,0.1421125373517,0.0882826953221,0.2549714216411,0.1032500632121,0.2411354417738,-0.0773346385494,-0.0446018180524,0.2036673265746,0.2079662151115,0.2813526962833,0.3150200470804,-0.2155765621019,0.0564968089321,0.2920288897948,-0.1138970532458,-0.2417198247022,-0.1408064695757,-0.2517552710088,-0.0458871673113,0.1122179930989,-0.1653421818738,0.1185742823812,-0.0664578666681,-0.1289276192915,-0.0779005978716,0.8802255410946,-0.0312600313502,-0.1765813698498,-0.1115674887386,0.1364498522919,0.3219051658744,0.2756110487474,0.3730215819097,0.1437677371348,-0.0226498483779,-0.1420805425841,-0.1110289107634,0.1540198598239,0.0950360803271,0.2586426103383,0.0112232250460,-0.0996098227707,0.1248946057986,0.1701210436570
0.4327475389258,0.3517500917108,0.4008670540144,0.4713403713280,0.2118804692053,-0.0257027124238,0.0525081464627,0.2961271541226,0.1088603119126,0.1755651293853,0.0150673830708,0.1021485513619,0.1065865717876,-0.1056164017251,0.1742885792888,0.1910971040362,0.1084758603869,1.0000000000000,0.2037115056810,0.6516811732073,0.2197082643300,0.2052799147338,0.3939235548628,0.3389080911360,0.3222714404884,0.1278584180249,0.3570752423471,0.0358241696871,0.2875054032652,0.3110509986705,0.5831899057788,0.0320027117145,-0.1662858154306,0.4067132776365,0.4974911329581,0.2188007389053,0.2455970065813,-0.1409890163906,0.3102785568849,0.1737169627330,-0.2122284373232,-0.1276799373303,0.0653298051404,-0.1732282502171,0.0021939965368,-0.0664775149192,-0.1388443857922,0.0904043452442,-0.0759520242971,0.0695673831757,0.0024082082169,0.0809939365425,0.3349212519200,0.0002054415648,0.2453968557633,0.2098258504496,0.0750081774635,0.2460185638000,0.1244040957229,0.1615890338074,-0.0663963879082,-0.0377090893702,-0.1903313419979,0.0283761937522,0.2229353816241,0.2294218677206,0.0337541823487,-0.1344275153616,0.3524847150130,0.3924021142036
0.1448840577920,-0.0369526656316,0.2518329694844,0.0804482676426,-0.2017397431586,0.4176772792824,0.1562128126557,0.1012751248595,0.3576370158040,0.0560568475533,-0.1654016898023,0.4469135520055,-0.1859552945748,0.3312324714056,0.4200615544397,0.0399016446666,-0.0103036551958,0.2037115056810,1.0000000000000,0.5428984466674,-0.2340702886426,-0.2247420408563,-0.0746160423344,-0.1625934554614,-0.0684697219169,0.2060149889758,0.3388382891538,0.3336122195563,-0.1561056928413,0.3275166308801,-0.0968170048834,0.1815821278896,0.1770847700098,-0.0631521748869,0.1280452996771,-0.0643622271402,-0.1217778882860,0.0916434203610,0.1268942820688,-0.2125087809767,0.1464356213586,0.1594802318814,-0.1056620082497,0.1871270448020,-0.0750182190222,-0.1814637369425,0.3388056005396,-0.1678937115011,0.3802634222924,0.2685990041765,-0.0620098134859,-0.0669737996674,-0.1469473655945,0.4030909072704,0.0542473729954,-0.2135872712448,-0.2128232808996,-0.1314423447352,-0.1963823390506,-0.1488121741118,0.0864932144514,0.0548472870011,0.1592531067198,-0.2754306724548,0.1532095871831,-0.2111217184377,0.0516820845193,0.2306886259723,-0.1132181583119,-0.0231098036162
0.3075055147393,0.2877339073443,0.3207609626608,0.4626349041618,0.0486266188477,0.2359557038084,0.1991005211478,0.2423606304439,0.3302384509097,0.2727166751450,-0.1098938963089,0.2941003760385,0.0542368212552,0.1888815036638,0.3246593439899,0.2986702028588,-0.0250163945280,0.6516811732073,0.5428984466674,1.0000000000000,0.1115054366508,-0.0225109852259,0.1915073125510,0.0822474871045,0.2146794720959,0.3137668527071,0.3568729406873,0.0771585738529,0.0977096198024,0.3565587264212,0.2354069025722,0.3345114197933,-0.1121292908931,0.2848594002889,0.3795628260650,0.0500362851679,0.0712515864067,-0.0053635076483,0.4169751927453,-0.0272072874334,-0.1155046453459,0.0013949440289,-0.0021112984012,0.0242921342293,0.1232484999861,-0.1780516522998,0.1890818898252,0.0063958599373,0.3661192132247,0.2466488200596,0.0903639398101,-0.0897004232786,0.1037411322667,0.3235414902863,0.2876417546104,0.1197356902675,-0.0712691758208,0.0508017295529,-0.0371884596646,0.1085490624341,0.1291593556521,-0.0988705188691,-0.0292797343813,-0.1308483218258,0.2854513258346,-0.0789673219896,0.3283086285629,0.0804886922200,0.2448519045987,0.2998890056664
0.1655271135861,0.2362523872836,0.0468852273325,0.1979580938097,0.7350694044113,-0.1182882454840,0.1945658647621,-0.1836943406362,-0.1365860291189,0.2597983062647,0.4328336267776,-0.2932930642278,0.7973289116322,-0.2489809251768,-0.2077460266931,0.1987355565728,0.1344317583795,0.2197082643300,-0.2340702886426,0.1115054366508,1.0000000000000,0.3567143040697,0.2303744688581,0.3903150634555,0.1196244107661,-0.0713975189597,-0.2028687974643,-0.2242431545435,0.1879090172140,0.1272485227661,0.1488522351821,-0.2476374549313,-0.3297744612381,0.4077964351299,0.2618705993141,0.2322985329123,0.1820951554700,-0.0805616035580,0.0484701193764,0.6463535262392,-0.3335715325475,-0.1291448918011,-0.1581440570844,-0.3157234684048,0.2829347677261,0.2333667471305,-0.3929607514540,0.7260599901272,-0.1872931917361,-0.1882343986550,0.2206244783000,0.1235928926747,0.2230578295532,-0.1976798358276,0.0722640736431,0.9041637241354,0.3041639747416,0.1720504156440,0.3834763881487,0.1616605380185,-0.1482164539142,-0.3491147050395,-0.2505395487148,0.1528097177252,0.2180979923517,0.1033614021727,-0.1040227720995,-0.2922577505573,0.4535562644499,0.3545321975557
0.1518708065552,0.3307026793499,0.0048584928348,0.1769421557087,0.3607061592902,-0.1879910696335,0.0208064472827,-0.1665478984598,-0.0891961517576,-0.1291905677251,0.2978859468896,-0.1052229661954,0.2912814998022,-0.1996372596562,-0.1976803591793,0.0094533083570,0.4134873826978,0.2052799147338,-0.2247420408563,-0.0225109852259,0.3567143040697,1.0000000000000,0.2416395180574,0.8877717824739,0.0471686074960,-0.0543202869054,-0.0096017897754,-0.1350047810808,0.4405219498569,0.1212536232763,0.4028664400739,-0.1637204399374,-0.0884104442833,0.4003470458406,0.3884101347085,0.1090765459366,0.2534380175473,-0.2795367897255,-0.0121374506547,0.4096977017848,-0.2161007915452,-0.1131024075112,-0.1668336137415,-0.1439604446626,-0.1723919629176,0.1916851681020,-0.3197582806916,0.3236914878347,-0.2878355160711,-0.3574380558177,0.0246903222736,0.4605061393736,-0.0526498116407,-0.3353830796584,-0.2067229720626,0.2719692030734,0.8550592768652,0.1611785334712,0.7163156049770,0.0295368955461,-0.2437465382224,-0.2749881380037,-0.3532467178190,0.3365046166521,0.0571545393585,0.4475119676887,-0.1444203804241,-0.0868604971248,0.2869023150334,0.2907785702330
0.5586736977881,0.6222892105898,0.3968260868309,0.7376523081323,0.2893575316168,-0.0842778630029,-0.0767443309439,0.4324543563215,-0.1292905201476,0.3919683759096,0.0929820420744,-0.1142061822717,0.1362444898865,-0.1450322700791,0.1656022102882,0.2329363529426,0.4301750389411,0.3939235548628,-0.0746160423344,0.1915073125510,0.2303744688581,0.2416395180574,1.0000000000000,0.3588762407766,0.5694857573648,0.2293888132665,0.1240522884353,0.0326658957344,0.3129021497856,0.2714631271347,0.5755095512989,-0.0686603982482,-0.2545659577867,0.4510170807947,0.3627974023520,0.4573115767259,0.5779227199144,-0.0541498117086,0.6140799164172,0.2430488442114,-0.2942705624392,-0.3742954149183,0.2541612373002,-0.3445240830009,0.3183179243920,-0.0646281509627,-0.1684801897282,0.1030112763781,0.0206070064512,0.1438557747718,0.0439795045178,0.4790367757445,0.2525320103560,-0.1210768411429,0.1357518184906,0.2156343621192,0.0851120252543,0.8299642824782,0.1561191956920,0.5540277380696,0.2673399767756,-0.0743326940288,0.0361218530247,0.1134518603600,0.2485321712930,0.4747236249470,0.1281225997927,-0.0631873130853,0.3026203855073,0.3649738860711
0.2223962239663,0.4572759336974,0.1555347469577,0.2893507093616,0.3623876926092,-0.1241780496174,0.0274459696518,-0.2070742524346,-0.1113223274986,-0.0673789325207,0.2320349124719,-0.0912019141306,0.3024815720732,-0.2140557025843,-0.2135991889125,0.0778529044426,0.5048043481393,0.3389080911360,-0.1625934554614,0.0822474871045,0.3903150634555,0.8877717824739,0.3588762407766,1.0000000000000,0.0534645603720,-0.0298611169653,0.0542397316505,-0.0676746088777,0.4720038564419,0.1116905802407,0.4605548476766,-0.2049506556010,-0.1285427471597,0.4700010166556,0.4528648762111,0.1586402830931,0.3781761032562,-0.2158901880314,0.0991606510750,0.3848272214244,-0.2335814855049,-0.1581514818947,-0.2245166155015,-0.2127360185063,-0.1627002066114,0.0957759965728,-0.3370945777332,0.3026356910713,-0.2922676074086,-0.3957757581177,0.0753945876655,0.5576476482217,0.0500895065393,-0.2858227547638,-0.1303351383303,0.3272585134203,0.7363188764737,0.2208546590485,0.7633358430564,0.0319719554480,-0.2127383264785,-0.2538780853666,-0.3027896562273,0.3289435727585,0.0586699208513,0.4677762058819,-0.2219934293084,-0.1642721694645,0.3071498115366,0.3845253734491
0.2852179197792,0.1645243877554,0.2496988816174,0.5575903089619,0.2931380961056,-0.0039274572631,0.1434331135424,0.5663445671386,0.0848072193206,0.5974596604852,-0.0094341027054,-0.0088142009509,0.0694664832330,0.0706901640873,0.1176062628337,0.3212583066659,0.1306454761879,0.3222714404884,-0.0684697219169,0.2146794720959,0.1196244107661,0.0471686074960,0.5694857573648,0.0534645603720,1.0000000000000,0.2127955634911,0.1550758379903,-0.0283288264644,0.4923146953425,0.1096818381877,0.3414487159391,0.1539295478765,-0.1213397158109,0.1876013448379,0.1091807500649,0.0991835985897,0.1155662272263,-0.0122904162971,0.4780844553378,0.1945054141070,-0.2001696386958,-0.0430390265827,0.4689213375552,-0.1042176627011,0.5719276341769,-0.1624396420470,-0.0587841357968,0.0642202679693,0.1803957821134,0.1682073703662,0.1970718920804,0.1647444283174,0.0308265600285,-0.0688360018411,0.0431750599770,0.0980982299315,-0.0505821861744,0.5193967773632,-0.0866367227934,0.8247427778088,0.1226609330346,-0.0068751757675,-0.0371835849731,0.2506185558816,0.1421540580736,0.1311146949349,0.2225900201076,0.0285046405833,0.1267817566880,0.0704692460742
0.2072316618794,0.3532924543567,0.3175082537762,0.4365592959496,-0.0849899506012,0.0177452943075,0.0694698358725,0.3532043162582,0.0523435344017,0.3342001279309,-0.1188061502132,0.3838079982669,-0.1171923381522,0.6968229223866,0.5295204942997,0.2704122102118,0.0648790539878,0.1278584180249,0.2060149889758,0.3137668527071,-0.0713975189597,-0.0543202869054,0.2293888132665,-0.0298611169653,0.2127955634911,1.0000000000000,0.5142905689641,0.5052475346225,-0.1262598155238,0.2218196880916,-0.1429544635416,0.3008304920194,0.0343109790382,-0.0311694029860,0.1814256744247,0.1122520923401,0.1794422214154,-0.1511002900468,0.5484401745876,-0.0942447792143,-0.0315173251478,-0.0841614491905,0.0469746279368,-0.0780119911376,0.2195097627431,-0.2238089163885,0.2380969224726,-0.1407350102561,0.5701684971891,0.3425154434715,0.0513603978431,-0.0152898886628,-0.2173146222717,0.0130105719375,-0.0413373762407,-0.0680853946488,-0.1766498881269,0.0740939220604,-0.3120014743861,0.0755226317136,0.7244594645659,-0.0511206959383,0.2728719243625,-0.1940542965425,0.0032656346737,-0.2888049806354,0.2695933883951,0.1524638549512,-0.2046520967032,0.0631479035255
0.0750701129791,0.3066589874925,0.2878960917100,0.2369415382735,-0.0759654563439,0.1425513268058,-0.0063897180129,0.1764461357391,0.1526479981605,-0.0184024355943,-0.0943752970007,0.4688585384228,-0.1747685960188,0.4809353290525,0.3139321721455,-0.0845370648115,0.1421125373517,0.3570752423471,0.3388382891538,0.3568729406873,-0.2028687974643,-0.0096017897754,0.1240522884353,0.0542397316505,0.1550758379903,0.5142905689641,1.0000000000000,0.4995384827515,0.0650863269001,0.1560335847550,0.0872329934587,0.4355611714673,0.1051432219957,-0.0517718275332,0.1821137900446,-0.1029715241676,0.1571903094299,-0.2289940547604,0.2501544141947,-0.0056998142473,0.1815484613512,0.0759780511641,-0.0808625552769,0.0719521197426,-0.1049873368715,-0.1812628821763,0.2653808123938,-0.1165430496297,0.3010528785951,0.0623411022718,-0.1526940707331,0.1279092720181,-0.1963633703443,0.1927545879538,0.0368295255129,-0.1840967372896,-0.0931062303886,-0.0408906309934,-0.2522511925965,0.0414465259770,0.3411161072495,0.3465374818412,0.2501519150958,-0.0309033845979,-0.1121376206622,-0.1661635490365,0.0729846565812,0.1195562431096,-0.1995295418009,0.0161310835414
-0.0599130606233,0.0481059883344,0.5775136011682,-0.0291065947843,-0.1984768979695,0.1149200265707,-0.1382867987170,0.3399333712019,0.0081617346010,0.0934426380053,-0.2111637403463,0.2732204856215,-0.2391230552462,0.5918094505298,0.5152795040146,-0.1693983485536,0.0882826953221,0.0358241696871,0.3336122195563,0.0771585738529,-0.2242431545435,-0.1350047810808,0.0326658957344,-0.0676746088777,-0.0283288264644,0.5052475346225,0.4995384827515,1.0000000000000,-0.2179950855098,0.0007223660596,-0.1605485630137,0.1991364075045,0.1048847877260,-0.2475100055929,-0.1360767435361,-0.1748012849127,-0.0417608767532,0.0734175632708,0.0418787427738,-0.1544196138062,0.1526068687574,-0.0927832279475,-0.0993285094169,-0.0990393501090,-0.0350868872374,-0.2284542167280,0.1152726631588,-0.1784045224452,0.3788117607754,0.1350094173188,-0.2652196891427,-0.0020269883413,-0.4017856710290,0.0152999854917,-0.2661357549340,-0.1523870941535,-0.1291819121374,-0.1586836754099,-0.2598183139038,-0.2074736158917,0.3359677565235,0.0512145255114,0.5559337788025,-0.3259345494703,-0.2223914962031,-0.3865908807229,0.0098681734352,0.1445570373541,-0.3801569026897,-0.2706524847107
0.0699599218936,0.1284793759734,0.0097090398029,0.3311430075667,0.3551833394819,-0.1400016269031,0.0807431728392,0.1690772392284,0.2101136785957,0.0724759719899,0.2457345607204,0.0261204504140,0.1038595386991,-0.2267103290499,-0.2357224249730,0.1762851259118,0.2549714216411,0.2875054032652,-0.1561056928413,0.0977096198024,0.1879090172140,0.4405219498569,0.3129021497856,0.4720038564419,0.4923146953425,-0.1262598155238,0.0650863269001,-0.2179950855098,1.0000000000000,-0.0311475958129,0.5165032758749,0.0872734509666,0.0053698832830,0.2500452153071,0.0864476143461,-0.0216613559330,0.0623068476290,-0.1842187284897,0.1715446211907,0.3819649353324,-0.1713737388194,0.0439164740522,0.2841033937152,0.1020981584470,0.0388516019511,0.1702156901892,-0.1383227785162,0.1826011179945,-0.2596640766535,-0.2170991270302,0.2416116178724,0.2920757023056,0.0109287471459,-0.1442615319502,-0.0644211393550,0.1519062120189,0.3536975277974,0.2218964363508,0.3428580586604,0.3744325716149,-0.3461124806972,-0.1091534944705,-0.2781510216200,0.8107968242719,0.0318284710728,0.3548910810012,-0.0544445694377,0.0227622781339,0.1679964310373,0.0289008303828
0.6397349902766,0.3604428361262,-0.0024116826964,0.4164218018498,0.1487401501254,0.0180434635096,0.2853884233643,0.1374961464955,0.1300281214558,0.1838407828340,0.2384263710358,0.1966448031227,0.2183562876440,0.0711370036175,0.5453483663690,0.1398041759561,0.1032500632121,0.3110509986705,0.3275166308801,0.3565587264212,0.1272485227661,0.1212536232763,0.2714631271347,0.1116905802407,0.1096818381877,0.2218196880916,0.1560335847550,0.0007223660596,-0.0311475958129,1.0000000000000,0.1383877162382,0.1452152131885,-0.1512001520153,0.4786435815921,0.6303304115622,0.3191437109112,0.3150536660764,-0.1714416103024,0.3394260834217,0.1426552918649,-0.1982166313612,0.0457669906471,-0.0838214233026,-0.1927785318069,0.0691829268865,0.0614996479912,0.0764855163302,0.2231514478581,0.1087564667986,0.2373301316687,-0.0020347415092,0.0948920847234,0.1014742852742,-0.0228382993763,0.2015099999097,0.0237670521181,0.0400267945082,0.2116399353889,0.0115867297114,0.0618839332217,0.1870154501567,-0.2009691758674,-0.0537824330535,-0.1517752349935,0.6713150010950,0.1217424663457,0.2676048699725,0.0962784176960,0.4743637616485,0.4463357093082
0.3693309524741,0.3933892994327,0.2868757600084,0.4561809161159,0.2107618251508,-0.0912155901870,-0.0848313661899,0.3238666052629,0.1214720529891,-0.0179821870642,0.1246735500434,-0.0978037228856,0.0460276255013,-0.4020408230098,-0.0713657474494,0.1574258321051,0.2411354417738,0.5831899057788,-0.0968170048834,0.2354069025722,0.1488522351821,0.4028664400739,0.5755095512989,0.4605548476766,0.3414487159391,-0.1429544635416,0.0872329934587,-0.1605485630137,0.5165032758749,0.1383877162382,1.0000000000000,-0.1103459554645,-0.1138672343617,0.4891894228540,0.4013117633846,0.2605218468562,0.3554410365927,-0.0370087254188,0.2274451737150,0.2219581465083,-0.2165843225166,-0.2068059588607,0.2204087360049,-0.1008119615705,-0.1328223979790,0.0854227220681,-0.2284973435525,0.0546435323996,-0.3037976700711,-0.0884467996994,0.0524200916071,0.2956474766029,0.3077943126767,-0.0857388816436,0.1105876259647,0.1510541587808,0.2035690054674,0.4810489637700,0.2768924260464,0.3239009158733,-0.2143958160593,-0.0317245355450,-0.1963365564843,0.3142770739008,0.0848503281338,0.6974301617975,-0.0314707035620,-0.0598107786434,0.3423980549434,0.3595368546208
-0.1140086828544,0.0112577953532,-0.0847047905245,0.0548990684356,-0.2533166446869,0.0452543767669,0.0104757637541,0.3041981300670,0.3305848732178,-0.0212641250702,-0.1369385056027,0.4990255279926,-0.3190572450037,0.5003035654977,0.3554689781815,-0.0362536779285,-0.0773346385494,0.0320027117145,0.1815821278896,0.3345114197933,-0.2476374549313,-0.1637204399374,-0.0686603982482,-0.2049506556010,0.1539295478765,0.3008304920194,0.4355611714673,0.1991364075045,0.0872734509666,0.1452152131885,-0.1103459554645,1.0000000000000,0.1634146287951,-0.0638453665886,-0.0581288875027,-0.3724684452841,-0.0589820604214,-0.1748516886543,0.1404631839480,-0.1551044913226,0.1656695847368,0.1983765982188,0.1250349881520,0.2305241083401,-0.0306620169252,-0.0375024061827,0.4100036944712,-0.2314471833096,0.3627778281297,0.1268040488884,-0.1261662648686,-0.1049629349233,-0.3484418085126,0.1184593769543,-0.0188979761384,-0.1895637695908,-0.1585440860843,-0.1778572883353,-0.3148906487589,0.1159810723397,0.1480373148783,0.1377359072657,0.1435926504407,0.0637602082399,-0.0832922880004,-0.3396861483952,0.5137823687463,0.3578214045370,-0.1489447596779,-0.1988367215482
-0.1795994313992,-0.2188074054505,-0.0314544852690,-0.1462556753152,-0.2874110726687,0.3895497905122,0.0661266197848,0.0525494299159,0.2670077935556,-0.2307353748798,-0.0430293573663,0.5696221486967,-0.3532234115767,0.2673355672028,0.0760347812651,-0.0108526141732,-0.0446018180524,-0.1662858154306,0.1770847700098,-0.1121292908931,-0.3297744612381,-0.0884104442833,-0.2545659577867,-0.1285427471597,-0.1213397158109,0.0343109790382,0.1051432219957,0.1048847877260,0.0053698832830,-0.1512001520153,-0.1138672343617,0.1634146287951,1.0000000000000,-0.2307768175942,-0.2396740838832,-0.1893273290907,-0.2631458266105,0.0203822469937,-0.0865977664100,-0.2009515598230,0.4486039509122,0.2939797155532,0.0764093747891,0.4723039223493,-0.2957428065183,-0.0129768918035,0.4544685227145,-0.2973107474505,0.1588624484830,0.1177761167004,0.0943973750732,-0.0588675145337,-0.2380639371726,0.1696163055362,-0.1463598746499,-0.3264030098828,-0.0746079855136,-0.2792982219850,-0.1197991199520,-0.1546264615741,-0.1382821940935,0.0836801268748,0.0435522523853,0.0501260158208,-0.1206961579540,-0.1309260635899,-0.0323614519457,0.4682221246453,-0.2910024220369,-0.1638025849165
0.5590303061106,0.4703032510349,-0.0005863191127,0.5154200708193,0.3480785783932,-0.1139644714460,0.0860671975407,0.0771041797589,-0.0257366862175,0.0728423211572,0.3129765545824,-0.1044250035530,0.2554951076721,-0.3645016983916,0.0263400593333,0.1741961633825,0.2036673265746,0.4067132776365,-0.0631521748869,0.2848594002889,0.4077964351299,0.4003470458406,0.4510170807947,0.4700010166556,0.1876013448379,-0.0311694029860,-0.0517718275332,-0.2475100055929,0.2500452153071,0.4786435815921,0.4891894228540,-0.0638453665886,-0.2307768175942,1.0000000000000,0.6386884918094,0.3995820724069,0.4640539966471,-0.0225858977971,0.2630675499502,0.2768344151600,-0.2916907652813,-0.1549208456129,0.0328486298285,-0.2016098629286,-0.0512736764977,0.1434223973279,-0.2158306550981,0.2348226384858,-0.2182041796439,-0.0012054138048,0.1212449150329,0.2610241958384,0.3992988884839,-0.0717855350059,0.2712006038255,0.3074925277856,0.2226340033665,0.4153110032180,0.3496490168001,0.2961970742732,-0.0410103121794,-0.0820215899481,-0.1132616052476,0.1729693187397,0.4382660550675,0.4618855320135,0.1576929349489,-0.0841258441303,0.8211205742812,0.6590789979567
