1.0000000000000,0.3763803871441,0.1882357903964,0.3955373446586,0.3378818683993,0.0410443728730,0.2923491303160,0.4657223490506,0.3246049026445,0.1800514314675,0.2571371096743,0.4216748848014,0.4076255822374,0.4157762767178,0.3465211646552,0.2792478342542,0.1938089622750,0.2500145103687,0.3310209197414,0.2453793632957,0.4801867790452,0.3901547029405,0.4185497933566,0.4993554458245,0.3594833548888,0.3468101725124,-0.0650922483533,0.1366697165772,0.3693494350598,0.2838269359080,0.4426100423525,0.1409947010858,-0.2539005254953,0.3443525665004,0.2313983596674,-0.3406956953822,-0.0409281232407,-0.4010893841800,-0.0225485417445,0.0647448737309,-0.2514706088373,0.0697942713115,-0.3951287816980,-0.1680587101921,0.1013823553115,-0.4467454234376,-0.3734666690026,0.3252665890217,0.0702598281158,-0.3738798218206,-0.0026125565111,0.3755568580018,-0.4845647628140,-0.4638186069565,-0.3764320814992,0.2866306079093,-0.4428807780220,0.2745539876504,-0.4776428183957,0.1285927663555,-0.3049659698335,-0.5286441363427,-0.2271738063446,-0.2207734893059,-0.4029182199796,-0.4512656026950,-0.0530535460793,-0.3553217173320,-0.2429229502742,-0.3464744735413
0.3763803871441,1.0000000000000,0.2864349524408,0.8189514741470,0.3592584922353,-0.0685487057808,0.1006213846457,0.4472067442944,0.2950067724268,0.1379486094588,0.2066168548151,0.4411787875286,0.4664871065234,0.3819410705941,0.2348571368069,0.4051999494617,0.1953620582445,0.2067467717615,0.4078216971317,-0.0524127045784,0.4744880016533,0.5752606075681,0.5945943864489,0.5808532910525,0.3688290857723,0.5269260538008,0.2387257374294,0.1096596440798,0.4376715103774,0.5003220287817,0.5882520997155,0.0283737846006,-0.0364174614876,0.2708081190018,0.3205765898912,-0.2998941229105,0.5211377151054,-0.2446635943167,0.3669770142731,0.4180186355105,-0.1242748853171,-0.0586794041033,-0.3151358881788,-0.4174503253897,0.1659956693168,-0.2623727308793,-0.0564572259410,0.4424164436154,0.2100447636041,-0.2928894639539,0.0223669532145,0.4039230752496,-0.1676258032618,-0.3410352550005,-0.4713326936143,0.3757798982028,-0.1728408209715,0.3367442418672,-0.1474540849234,0.2476996263910,0.0999546429462,-0.1885600718681,0.1533325214958,0.1028004319691,0.0522953284074,-0.2004850483245,0.0117037922238,0.0349923591420,-0.2752430708161,0.1658890936236
0.1882357903964,0.2864349524408,1.0000000000000,0.4497312287176,0.0023314141344,0.1113402904896,0.2014300117672,0.5117960230126,0.2472929813395,0.1733407915176,0.1112276973852,0.2943307328017,-0.0752279799463,0.2412319687321,0.4590396541328,0.1420469855815,0.1249959516582,0.2991619445925,0.4099870048036,0.1482150490941,0.0816544991965,0.3332230773242,0.3136728351415,0.3975280924916,0.3361099755799,0.3306988311455,0.6048459541172,0.4056562409041,0.2436350620791,0.1695847547113,0.3334315500924,0.2520688188502,0.2040684033384,0.2236713562467,0.1645948529585,-0.3906076069286,-0.0407857450607,0.3611924130674,0.1514369587655,0.1929524380014,0.0667146408149,-0.2747833004009,-0.0572961035618,-0.2488242206103,0.2528802869349,-0.0178724629910,0.2310749029089,-0.0286616250934,0.1188540751774,-0.1245969111273,-0.0719245868862,0.1876275190681,-0.0184159769720,-0.1052319508283,-0.2457012000483,0.1933978525654,-0.0515243853701,0.0354481976619,0.0098655162468,0.3054122309986,0.2177590374534,0.1968350381053,0.3843731310122,0.1084522596768,-0.1374863609051,-0.2512546567504,0.2940216270479,0.1658003962556,0.0194715011996,0.2225612421608
0.3955373446586,0.8189514741470,0.4497312287176,1.0000000000000,0.4566729490400,0.0810915238464,0.3036846838832,0.5628104663248,0.4083808386758,0.3034461623600,0.3961308976466,0.4916890379193,0.4995713249809,0.4334533642508,0.4253490707809,0.4675211140096,0.2291798322879,0.2040477168843,0.4719618171424,-0.0357075614826,0.5927746822897,0.5800877699585,0.6949556257406,0.6122919282311,0.5092288764429,0.5890326807661,0.2953232014629,0.0576456709913,0.5415115383368,0.5273525228936,0.5855454335616,0.0964796077903,0.0470062883030,0.4598103743524,0.4018392136758,-0.3417640878592,0.3562692033761,-0.1503234658643,0.4424512084431,0.5268427692380,0.0614378165182,-0.0022039015943,-0.2899414588816,-0.4247705239701,0.3595403784800,-0.1113060637965,0.0678960929882,0.5466074257324,0.2367590276011,-0.2716222746580,-0.0019053115877,0.4638910007580,-0.1119882283666,-0.3313574189775,-0.5293020471838,0.5707047643153,-0.2061939515202,0.4236488679496,-0.1513461480073,0.4198869340922,0.1262559212694,-0.1133860806159,0.1784072823250,0.1952146852745,0.0087682419890,-0.2275718264428,0.1381539385318,0.0874657050085,-0.1120819146290,0.3023664913415
0.3378818683993,0.3592584922353,0.0023314141344,0.4566729490400,1.0000000000000,-0.0149972382293,0.1337722362409,0.4750332557191,0.0441408280681,0.3250672788541,0.3330611735608,0.1077309144400,0.6125212057332,0.3032860638226,-0.0433425809394,0.3002748991158,0.1717786209533,0.1647083720927,-0.0476953949458,-0.0669431269503,0.7343915912772,0.2857260184495,0.4299046567549,0.3658766260405,0.5798393685769,0.4663635880198,0.0277364148206,-0.1622148340784,0.6146196876134,0.1527461021212,0.3759659062887,0.0685488815770,-0.2468259186507,0.3916405819619,0.2870990514599,-0.0844984594688,0.1339048413229,-0.2892814889069,0.0129538915972,0.6905227708378,-0.0569184317492,0.1030396712977,0.0816740011445,-0.2480623499476,0.2712928403393,-0.0058591530546,-0.3802391647555,0.6145878257695,0.0579965524935,-0.3612742494269,0.0335654433672,0.2782237186481,-0.1611082723843,-0.4491146233882,-0.3729174696633,0.6985207142977,-0.2194183258953,0.2933092204845,-0.2481100062473,0.4512808157435,-0.0288482928296,-0.2454327545206,-0.2590659014450,0.3216248763172,-0.1556956395207,-0.0477554791652,-0.0238325491016,-0.1306758558225,-0.0364514898262,-0.0600179762048
0.0410443728730,-0.0685487057808,0.1113402904896,0.0810915238464,-0.0149972382293,1.0000000000000,0.5445899479320,0.0040400708472,0.5749516092926,0.0893524124935,0.2285096387775,0.0685813821641,-0.0622421385768,0.1662616757364,0.2707976954516,0.3838413330380,-0.0149427280114,-0.1309978222205,0.1507217840004,-0.2380442497806,-0.0683525474736,-0.0091301824250,-0.0514544136979,-0.0459638417467,0.0474876616549,0.0720012627257,0.0518700450394,0.0003003359902,-0.0302709852607,-0.0083326765403,-0.0357106266790,0.0725890247389,0.4420886493343,-0.0022873182753,0.0962639054492,-0.1646019190789,-0.2634658305836,0.0877068542783,0.0307191917390,0.0371352461754,0.6479554795442,0.3433088683159,-0.1211972284452,0.4254633747800,0.1616636640466,-0.0012055353163,0.1599856451516,-0.1382029888261,0.2453950107139,0.0501325574755,0.3362797884934,0.0261095447403,-0.2121752690552,-0.0687881496958,-0.3174227927540,0.0267752492881,-0.1732184384709,-0.0925395115971,-0.1689168474742,0.0288469114510,0.0405029871311,-0.0386134249679,-0.0411866807706,-0.2397161804847,-0.2464375870837,-0.1974042109261,0.1836301486518,0.0682035039195,-0.1687207465396,0.0105112547825
0.2923491303160,0.1006213846457,0.2014300117672,0.3036846838832,0.1337722362409,0.5445899479320,1.0000000000000,0.1197424693430,0.8118638125626,0.1865420194638,0.6176630585531,0.4540337240524,0.3174518631860,0.3788066572764,0.4385628293458,0.5086107567293,-0.0106474447761,-0.1530915568616,0.4538444066040,-0.1724396339829,0.2229670936301,0.1996002826720,0.1168647937523,0.1465757629777,0.1390341039038,0.3523937982595,0.0872279809322,-0.0220415611664,0.1739998698749,0.1189303695704,0.0530276417041,0.1033027732944,0.0429208196975,0.2345747878212,0.1854394421763,-0.3103846236081,-0.2703254534161,-0.1373745834156,0.0016230196663,0.1326234655152,0.3418496453189,0.4713473003723,-0.3949018373998,0.2703039813053,0.1981640298689,-0.0318222783089,0.1949680420804,0.2029540288481,0.2919614354873,-0.1195727394425,0.3315406208647,0.1927297847452,-0.3581074213649,-0.2089393954631,-0.4751771528225,0.2347073994826,-0.2558521249313,-0.0225924606835,-0.2961607748452,0.0844500576576,-0.0470185558584,-0.1925062750518,-0.1083302232479,-0.2066719566705,-0.4227897614228,-0.4361040488932,0.1838418210034,-0.2049488540923,-0.0404317240812,0.0030045931869
0.4657223490506,0.4472067442944,0.5117960230126,0.5628104663248,0.4750332557191,0.0040400708472,0.1197424693430,1.0000000000000,0.2036209705919,0.4933943424001,0.2282940366063,0.3024307943069,0.3181100450660,0.4454999067425,0.4054048593432,0.3786638949238,0.0410903248784,0.2240242442665,0.3098556429976,0.0637660289452,0.4284609832219,0.2719232391599,0.4398699485740,0.3623718424749,0.7115483507353,0.4149651952312,0.2846001120659,0.1302193110548,0.4762816483857,0.2940780516001,0.4934259785763,0.3314079391461,-0.0171192160729,0.2393547417684,0.0707503559030,-0.5546442103766,-0.0945778130009,-0.1003504545920,0.1598791411708,0.4776890621513,-0.1366347548529,-0.1644829222198,0.1201830226176,-0.4196211381536,0.5118584555103,-0.1928224576932,-0.2122899195231,0.3255550578590,0.2503090922890,-0.2917119271773,-0.0312078149306,0.1738067203415,-0.3613077777951,-0.3815378460358,-0.4047299167178,0.3594483273388,-0.4402694463685,0.1109813251208,-0.4391266835988,0.5866514116381,0.0456443524423,-0.1614498674270,0.0276260899045,0.1969404324928,-0.1500398016345,-0.4172168959905,0.2544325348926,0.0462353195695,-0.2192918551756,-0.1244518778961
0.3246049026445,0.2950067724268,0.2472929813395,0.4083808386758,0.0441408280681,0.5749516092926,0.8118638125626,0.2036209705919,1.0000000000000,0.0770071350781,0.5739838027880,0.5883822661848,0.2633991645804,0.4720388706204,0.5971157876067,0.5878739647901,0.0047507883605,-0.1291111666940,0.6636290456528,-0.1264784819750,0.1736568620111,0.2638547813720,0.1616531991837,0.1966812257924,0.0983652990211,0.3681268315744,0.1208232341965,0.0585449878556,0.1653919582300,0.3182346849386,0.1619942457258,0.1083487236009,0.1827175266643,0.2026373958756,0.1701252924968,-0.4080269165713,-0.2056248953639,-0.1773864592622,0.0301569966104,0.1160289062638,0.2890705119698,0.4113870238871,-0.5061439789019,0.2144132043448,0.1637158391582,-0.1462853614027,0.2425378778650,0.1943934825720,0.3717466108360,-0.1281085361211,0.3144438081368,0.2528015670918,-0.4194037790880,-0.1997115077836,-0.5395489036197,0.1629470872836,-0.3579038888215,-0.0138741563538,-0.3583770228520,0.0344884853922,-0.0509644534484,-0.2128727149434,-0.0077746741631,-0.2694025057173,-0.3205440332112,-0.5241070101160,0.1860630267580,-0.1101490261504,-0.2529035320365,0.0069283120042
0.1800514314675,0.1379486094588,0.1733407915176,0.3034461623600,0.3250672788541,0.0893524124935,0.1865420194638,0.4933943424001,0.0770071350781,1.0000000000000,0.0972487162808,0.1025888909673,0.3516606166316,0.3098152646895,0.1165975449093,0.3528961972231,-0.1219710132517,-0.1449557001995,0.0471151904989,-0.2287085838389,0.2365381387996,-0.0882129811941,0.2791481049987,-0.0813565800155,0.6926264870008,0.3110759099825,0.0365499683660,0.0639002402183,0.1491747358004,0.0661033668727,0.0505677818437,0.3572779427487,-0.1749538113506,0.0735358613103,-0.0768432340205,-0.3960207906207,-0.1393709584480,-0.1228132688952,0.2951377900380,0.2481745994398,0.0585374553788,-0.0394483216111,0.1606251562276,-0.1787064439340,0.7896093012295,-0.2294920451128,-0.2133207313843,0.2806527012871,0.2533043462627,-0.2737565564279,0.4054363309557,-0.0910935953791,-0.3747682049920,-0.3813547860993,-0.2897231053655,0.1229124112593,-0.3316385981567,0.0964903607400,-0.3940109902135,0.6343252028984,0.0761208808462,-0.2558321581102,-0.1216442269698,-0.0726827760297,-0.1462712572704,-0.3263520339945,0.3266860754759,-0.1450582695560,0.0349318567930,-0.1675625223292
0.2571371096743,0.2066168548151,0.1112276973852,0.3961308976466,0.3330611735608,0.2285096387775,0.6176630585531,0.2282940366063,0.5739838027880,0.0972487162808,1.0000000000000,0.3695193068187,0.3900175963901,0.3555826589440,0.4453081342289,0.3970159844273,0.0281517888820,-0.0207773307439,0.3617067325784,0.0219599522988,0.4806915997443,0.2376969017591,0.1607727192010,0.1737541870674,0.1111299424546,0.4140846817569,0.1341813264626,0.0826672316556,0.2643775867455,0.3280342847957,0.0488639609048,0.1517011867589,-0.0185590428208,0.4118624861866,0.2930325334226,-0.2009332904494,-0.0922054907555,-0.1630020034708,-0.0020289920059,0.3742355415473,0.1664869021588,0.2625695646615,-0.2769353148082,-0.0114495519024,0.1189812699694,0.3437350302406,0.1908729270930,0.4329036537144,0.2302322601926,-0.1657681045116,0.1006541352878,0.2177642592369,-0.2365146858872,-0.0860476079296,-0.4274046140767,0.5523629876800,-0.1979786591369,0.0197488602240,-0.2140141479014,0.0989181459642,0.0762108126383,-0.0805322038693,0.0143854343763,0.0409278609713,-0.2412946558648,-0.3619340699556,0.2308239342336,0.0191917398641,0.0777637778651,0.1314015566145
0.4216748848014,0.4411787875286,0.2943307328017,0.4916890379193,0.1077309144400,0.0685813821641,0.4540337240524,0.3024307943069,0.5883822661848,0.1025888909673,0.3695193068187,1.0000000000000,0.4319765790278,0.7051276892551,0.5682392753384,0.5169446844889,0.0604993442467,-0.1098227682961,0.8028610033839,0.0966314108710,0.3678310493473,0.3016662081369,0.3412368502968,0.3426752877005,0.1303492246243,0.4473658448430,0.1226660187203,0.1907795183556,0.2163871018587,0.5862157864159,0.2425124410886,0.2991426070568,-0.1151976144478,0.4043741341505,0.2400422310704,-0.4618474596073,0.0200955711714,-0.2694657254204,0.0662077922190,0.0435392854043,-0.2068008821405,0.0849342051506,-0.5554232290374,-0.1169656163001,0.1828572929373,-0.3197088017428,0.2711566433108,0.3215620940986,0.4827632523384,-0.2704435906575,0.1880789414888,0.2639409312261,-0.4615219877049,-0.0714014952912,-0.4272993057289,0.1505284919682,-0.4307638277448,0.1135477974891,-0.3737135250742,-0.0114036692958,-0.1434540313685,-0.3675115278446,0.0677114221838,-0.2255565118997,-0.2113133495349,-0.5583935696897,0.0883101543271,-0.2391402010804,-0.0723692495322,-0.0731397422011
0.4076255822374,0.4664871065234,-0.0752279799463,0.4995713249809,0.6125212057332,-0.0622421385768,0.3174518631860,0.3181100450660,0.2633991645804,0.3516606166316,0.3900175963901,0.4319765790278,1.0000000000000,0.4193119195537,0.0992134017783,0.5440840777274,0.1195033848534,-0.0187245308066,0.2162189621449,-0.0745647268113,0.7214601687072,0.3176476216453,0.4258588988253,0.3275017525506,0.3715011885553,0.4168992085982,-0.0971505684406,-0.1643935644385,0.4709129297874,0.4140334607758,0.3393533818839,0.0685097551915,-0.3421827184020,0.2593056521449,0.2202779741251,-0.2403238165858,0.0606332720714,-0.5456272862794,0.1257229150661,0.3871280485947,-0.0955556368645,0.3657486065896,-0.2810243632390,-0.1719279759959,0.2527170587297,-0.2244431996907,-0.2474937819097,0.8475667362816,0.1599929668877,-0.3119501420580,0.3680326707428,0.3063961655305,-0.3348161408929,-0.4421112420303,-0.4750182056605,0.4665336748521,-0.2655686503567,0.2556114177975,-0.3347330381452,0.2275492447964,-0.1398384502988,-0.4954923477461,-0.2976870281257,0.0872769305973,0.0136539630445,-0.2648061971420,-0.0772185272512,-0.2554976244176,-0.0725499701843,-0.0794249211565
0.4157762767178,0.3819410705941,0.2412319687321,0.4334533642508,0.3032860638226,0.1662616757364,0.3788066572764,0.4454999067425,0.4720388706204,0.3098152646895,0.3555826589440,0.7051276892551,0.4193119195537,1.0000000000000,0.4058284725291,0.5068344795488,0.1182723467007,-0.1856686821704,0.5466314880128,-0.1468754759104,0.3785918702410,0.2692749545524,0.3240359701976,0.2849112501847,0.3600674524734,0.5865846068245,0.0591075765687,0.1860939576392,0.2663913926151,0.3711971845526,0.2141932861333,0.5624479583348,-0.1529323643532,0.3663961477370,0.1155807073046,-0.5063576443748,-0.1533808960753,-0.3343317250975,-0.0533374340802,0.1586322829484,-0.0624841788219,0.0720235759081,-0.3513641557257,-0.1065000271099,0.2976940096794,-0.3364218698110,-0.0182534253177,0.3227219746597,0.6780339398222,-0.3099486493003,0.1973799279901,0.3130247648924,-0.6007920702288,-0.3762755229173,-0.5691531147788,0.2041014821224,-0.5164681023940,0.1236065102147,-0.5003741904425,0.2162071164647,-0.0994681286375,-0.4241069944165,-0.0131023159454,-0.1989404496852,-0.3278551301710,-0.5969562092826,0.3419306964017,-0.1642059369520,-0.1668546280092,-0.2243558631282
0.3465211646552,0.2348571368069,0.4590396541328,0.4253490707809,-0.0433425809394,0.2707976954516,0.4385628293458,0.4054048593432,0.5971157876067,0.1165975449093,0.4453081342289,0.5682392753384,0.0992134017783,0.4058284725291,1.0000000000000,0.4204372456726,-0.1363912855889,0.2398584655881,0.6964478349932,0.3249208072919,0.1543979923257,0.2033077222365,0.0973023324569,0.1884915202433,0.1725844019978,0.2666688639660,0.3596253968839,0.2822216741768,0.0200713666256,0.5328990466912,0.1487875678892,0.3284677914630,0.3279985888267,0.2708390031193,0.1736886622451,-0.4389926254879,-0.0852774459047,0.0597473980400,0.1874868359036,0.1880461028786,0.1271817554052,-0.0197918750008,-0.2683471063500,-0.1738006710985,0.2695012412237,0.0652548648465,0.4151806351626,0.1734780303665,0.3902572445498,0.0311845657272,0.0254531853576,0.0346326421940,-0.1577473142978,0.1086480938308,-0.2557599943342,0.1958367164391,-0.2875282463639,-0.1390956052909,-0.1984730814827,0.0973100203286,0.1584212846268,0.0297606355606,0.2717629657433,-0.1732817276130,-0.0671112401607,-0.4789132926910,0.3785103242561,0.1881229918356,-0.0539572310037,0.1415557460061
0.2792478342542,0.4051999494617,0.1420469855815,0.4675211140096,0.3002748991158,0.3838413330380,0.5086107567293,0.3786638949238,0.5878739647901,0.3528961972231,0.3970159844273,0.5169446844889,0.5440840777274,0.5068344795488,0.4204372456726,1.0000000000000,-0.1197209020155,-0.0758042434993,0.4987767371630,-0.1759871573028,0.3567413925379,0.1575783851636,0.2175153730417,0.1372125208258,0.3479526290343,0.4072471620454,0.0000285949597,0.0092924853095,0.1661723054276,0.5374707283657,0.1557308607416,0.1456056962242,0.0885011699033,0.1696410549767,0.2382929887373,-0.4748261511706,-0.1361538167643,-0.3559808589051,0.2288623811689,0.2748546579855,0.1684365775811,0.3502643864030,-0.3587910845734,-0.0584683586789,0.4140892462980,-0.2748942800092,0.0235111667474,0.4331699860609,0.4459997968618,-0.2374834589217,0.5827287780123,0.1130964783250,-0.4481309878378,-0.2599249007107,-0.5445843229399,0.2324928725963,-0.4841775269960,-0.0246461036410,-0.4795760356074,0.2241282829003,-0.0015182076928,-0.4308847331699,-0.1345500509913,-0.2545425292786,-0.0671029338835,-0.5359275718274,0.0850822997867,0.0106447988425,-0.2339775889936,-0.0420835354668
0.1938089622750,0.1953620582445,0.1249959516582,0.2291798322879,0.1717786209533,-0.0149427280114,-0.0106474447761,0.0410903248784,0.0047507883605,-0.1219710132517,0.0281517888820,0.0604993442467,0.1195033848534,0.1182723467007,-0.1363912855889,-0.1197209020155,1.0000000000000,-0.0607446876554,-0.1459788882930,-0.0664337745187,0.2872263276273,0.4848744465903,0.4877398743512,0.5812581774779,0.1175554100358,0.2656981665316,0.0167341458586,0.0018438630694,0.5504202035213,-0.0566711342874,0.3660147934575,-0.0413527469740,-0.0856687155843,0.2689330685612,0.2058846652879,0.0935213049686,0.1938943074878,0.0765848744376,-0.0129518580339,0.0734777117144,-0.0816724608426,-0.0456299658524,-0.0253965305224,0.0456907143388,-0.1362518664678,-0.1570008170489,-0.1660429313848,0.1015939837346,-0.0592301086114,-0.1267757260433,-0.1619659577912,0.8316540466554,-0.0268893853793,-0.3078713598892,-0.2069958876754,0.3071760396587,0.1854678286306,0.6225301440424,0.1700860633253,0.1493557875434,-0.0264281775227,-0.0953632003513,0.0500524263426,0.4141086663002,-0.1858467382287,0.2517632734266,-0.0962006086174,-0.1780030653211,0.0089626771653,0.0216590399002
0.2500145103687,0.2067467717615,0.2991619445925,0.2040477168843,0.1647083720927,-0.1309978222205,-0.1530915568616,0.2240242442665,-0.1291111666940,-0.1449557001995,-0.0207773307439,-0.1098227682961,-0.0187245308066,-0.1856686821704,0.2398584655881,-0.0758042434993,-0.0607446876554,1.0000000000000,-0.0005267168915,0.6804578321673,0.1387537060663,0.2952842369427,0.0368316329922,0.3375696838648,0.0897960671145,0.0510779594282,0.4706559532423,0.2906716590326,0.0924063476126,0.1467739468988,0.3399918944018,-0.0476749247528,0.0859991879798,0.1252889999951,0.3277758308160,0.0016857447999,0.2342144705999,0.1007102476058,0.2314351328766,0.2643893169795,-0.0111385622003,-0.2358631246063,0.0045915640242,-0.2965443314618,-0.1413973689551,0.1276998927524,-0.0104497891800,0.0682941317239,-0.2558864387103,-0.0757842148007,-0.2863541111407,-0.0459367183447,0.4122372356397,0.0203198214254,0.1367811217008,0.2896554590955,0.1935433534218,-0.1352535043595,0.2395649845298,-0.0743762104514,0.2302691219005,0.2799167512924,0.1608271751654,0.1118433575480,0.0798991920882,0.1311270707805,-0.0279257723485,0.2310776325335,0.0150683844275,0.2487825628320
0.3310209197414,0.4078216971317,0.4099870048036,0.4719618171424,-0.0476953949458,0.1507217840004,0.4538444066040,0.3098556429976,0.6636290456528,0.0471151904989,0.3617067325784,0.8028610033839,0.2162189621449,0.5466314880128,0.6964478349932,0.4987767371630,-0.1459788882930,-0.0005267168915,1.0000000000000,0.0875007217652,0.1376171419018,0.2515411353564,0.1870646368635,0.1995593937771,0.0824301348130,0.3451266558453,0.2299314761290,0.2653422789350,0.0106557633912,0.5277408658838,0.1197106360796,0.2393488853969,0.0916478701725,0.2730136907443,0.1670335348875,-0.4604273289730,-0.0617610466440,-0.1407713059982,0.0595338684426,0.0764231369318,-0.0403412295010,0.0475018218501,-0.5043477058363,-0.1608578251100,0.2029861645087,-0.1836649676644,0.3833942004710,0.1898060437535,0.4013208993340,-0.1030894995383,0.1001101413925,0.1257365818735,-0.3642641559834,0.0732428257203,-0.3903330125956,0.0502710106527,-0.4044220357827,-0.0666972481309,-0.3345590508439,-0.0056975293687,-0.0300677179878,-0.1791384913317,0.2381248071827,-0.3232997908094,-0.1366696781646,-0.6422247071334,0.1971830037517,-0.0156451102109,-0.1492559294638,0.0552941895323
0.2453793632957,-0.0524127045784,0.1482150490941,-0.0357075614826,-0.0669431269503,-0.2380442497806,-0.1724396339829,0.0637660289452,-0.1264784819750,-0.2287085838389,0.0219599522988,0.0966314108710,-0.0745647268113,-0.1468754759104,0.3249208072919,-0.1759871573028,-0.0664337745187,0.6804578321673,0.0875007217652,1.0000000000000,0.0371653767827,0.0341119683542,-0.1019046109387,0.1245603876922,-0.1531320887612,-0.0717649227480,0.3207710775963,0.3782778768575,-0.0770486868108,0.1839267139767,0.0861825929846,0.0500822680440,-0.0215653560305,0.1833901244797,0.3028644935718,0.0046729920969,0.0925848473553,0.0499393428691,0.0318314137990,-0.0508627270270,-0.1812051766053,-0.2246432246849,-0.0774346519719,-0.1658729564041,-0.2403324739284,0.1543057348976,0.0977912243775,-0.0047407841243,-0.2399576868069,0.0025025272414,-0.2493029739831,-0.1475685910416,0.2848594152548,0.2236346078552,0.2559509903721,0.0799587275516,0.1138379363945,-0.1518953492697,0.1926598629979,-0.2713441968329,0.0505131318456,0.1651614968620,0.1429469230101,0.0098565394219,0.0441242384469,0.0524401028895,-0.0707183460002,0.0525233140581,0.2104767322843,0.1554577019962
0.4801867790452,0.4744880016533,0.0816544991965,0.5927746822897,0.7343915912772,-0.0683525474736,0.2229670936301,0.4284609832219,0.1736568620111,0.2365381387996,0.4806915997443,0.3678310493473,0.7214601687072,0.3785918702410,0.1543979923257,0.3567413925379,0.2872263276273,0.1387537060663,0.1376171419018,0.0371653767827,1.0000000000000,0.4708352884141,0.5496843911588,0.5521926643675,0.4345123690489,0.4930259355301,-0.0428268291234,-0.1730555351257,0.6363307841246,0.3933543278655,0.4385824146630,0.0681330135302,-0.2517852628806,0.5752058729789,0.4656035243074,-0.1355208400792,0.2404069249568,-0.3001195303058,0.1319564687530,0.5600911722390,-0.0898890297107,0.0854486024502,-0.1937149725524,-0.3105813940536,0.2276926823958,-0.0362350816166,-0.2048607912661,0.7535616548632,0.1110790859004,-0.4142745018191,0.0170584837004,0.4426336329548,-0.1699593554705,-0.3600703924523,-0.3983240627632,0.8371809863226,-0.1477698439371,0.4403482662190,-0.1629463889024,0.3395452114345,-0.0725386235859,-0.3180632428931,-0.1691551152977,0.2676537490651,-0.1124317312536,-0.1310606803415,0.0065186717407,-0.1288503459501,0.0878821026086,0.0718935898706
0.3901547029405,0.5752606075681,0.3332230773242,0.5800877699585,0.2857260184495,-0.0091301824250,0.1996002826720,0.2719232391599,0.2638547813720,-0.0882129811941,0.2376969017591,0.3016662081369,0.3176476216453,0.2692749545524,0.2033077222365,0.1575783851636,0.4848744465903,0.2952842369427,0.2515411353564,0.0341119683542,0.4708352884141,1.0000000000000,0.5635514781365,0.8422565673982,0.2090870672694,0.3634332373862,0.1416876402063,-0.0202403532348,0.5772560909564,0.3387771738826,0.6773610925736,-0.0762005068836,-0.0020672205619,0.3952957395377,0.3843170960214,-0.1449672507058,0.3406208551168,-0.1016603446011,0.1593074329258,0.3973649268024,0.0372061501462,0.0418136135987,-0.3790948858104,-0.1786530380818,-0.0793404317374,-0.1323013437990,0.0275704463967,0.3698017836927,0.1299712357434,-0.1812759273666,-0.1293614679171,0.6516703412871,0.0274005978578,-0.2258958347653,-0.2455177329321,0.5050906414930,0.2427510098558,0.4161370911808,0.1827885589927,0.1595562148849,0.0357502231976,-0.0286737929960,0.1068663025566,0.2385636507666,-0.0391739296371,-0.0312809376281,-0.0339427544182,-0.0466709177246,-0.0669850890362,0.2524907333847
0.4185497933566,0.5945943864489,0.3136728351415,0.6949556257406,0.4299046567549,-0.0514544136979,0.1168647937523,0.4398699485740,0.1616531991837,0.2791481049987,0.1607727192010,0.3412368502968,0.4258588988253,0.3240359701976,0.0973023324569,0.2175153730417,0.4877398743512,0.0368316329922,0.1870646368635,-0.1019046109387,0.5496843911588,0.5635514781365,1.0000000000000,0.6698037510911,0.5156911331380,0.4384700732913,0.0531359496649,-0.0587327127234,0.6476092821876,0.2969162863016,0.6740936208005,-0.0452199905555,-0.2094766999350,0.4917463226465,0.2813119814516,-0.2462357956222,0.3152195828434,-0.2360853478926,0.1423871339322,0.2653280852005,-0.1860546339025,-0.1723596698049,-0.2291385893749,-0.3838248044266,0.2640235351925,-0.3668636468512,-0.2722662757905,0.3863209632435,0.0159013481424,-0.4307420498964,-0.0748958730916,0.6206762902610,-0.2331488465977,-0.4632290914652,-0.3850891581226,0.4167181297485,-0.1560265397511,0.7844807295490,-0.1965070277030,0.4355712908452,-0.1766911950357,-0.2764807020876,-0.0766523596030,0.2355655712450,-0.1896660407340,-0.0445778111875,-0.1262740778766,-0.2299555013042,-0.0758788184586,-0.0038666219693
0.4993554458245,0.5808532910525,0.3975280924916,0.6122919282311,0.3658766260405,-0.0459638417467,0.1465757629777,0.3623718424749,0.1966812257924,-0.0813565800155,0.1737541870674,0.3426752877005,0.3275017525506,0.2849112501847,0.1884915202433,0.1372125208258,0.5812581774779,0.3375696838648,0.1995593937771,0.1245603876922,0.5521926643675,0.8422565673982,0.6698037510911,1.0000000000000,0.2786803042587,0.3717100412933,0.1530642826991,-0.0155413855971,0.6928069592113,0.3590037806801,0.7330590391187,-0.0614726930576,-0.0435452201412,0.4678666745949,0.4386305102951,-0.1644809586984,0.3343591553376,-0.0648493980490,0.1454405234075,0.3218694971824,-0.1238429062963,-0.0344038802518,-0.3229869078317,-0.2529358428432,-0.0202973072736,-0.2420904395965,-0.1113062596592,0.3515940456543,0.0515889029549,-0.3113463702951,-0.1949512129531,0.7091771330727,-0.0378801383351,-0.3334406523488,-0.2913690229779,0.5172347646714,0.0676391983569,0.5623664605013,0.0811716904642,0.1762144831912,-0.0608815452630,-0.1382419553654,0.0506492029225,0.2834051840355,-0.1392082981374,0.0116796838175,-0.0929655960678,-0.0967651108984,-0.0915734209276,0.1343453065212
0.3594833548888,0.3688290857723,0.3361099755799,0.5092288764429,0.5798393685769,0.0474876616549,0.1390341039038,0.7115483507353,0.0983652990211,0.6926264870008,0.1111299424546,0.1303492246243,0.3715011885553,0.3600674524734,0.1725844019978,0.3479526290343,0.1175554100358,0.0897960671145,0.0824301348130,-0.1531320887612,0.4345123690489,0.2090870672694,0.5156911331380,0.2786803042587,1.0000000000000,0.4125110541435,0.2010474249472,0.0000661984063,0.5454445767132,0.1336629764953,0.3827463765950,0.2698748931432,-0.1436856633220,0.2185541439600,0.1174980160751,-0.4262350252647,0.0101723853844,-0.1267067796433,0.1975425323893,0.5133482109071,-0.0425776581340,-0.1345108679764,0.1743388951459,-0.4064846255212,0.6463214463695,-0.2698152959416,-0.3400009446347,0.3532959080956,0.1661658585542,-0.4184921405080,0.1062384142574,0.1721471285345,-0.2964215215448,-0.5190270832860,-0.4003490590578,0.3600212552510,-0.3216390285572,0.2858796681615,-0.3905207064915,0.8566427848449,-0.0312207640165,-0.2286720624440,-0.1002135495193,0.2110794260593,-0.2194089791081,-0.2263058805620,0.2177448607156,-0.0651896412981,-0.1521034709715,-0.1526700989588
0.3468101725124,0.5269260538008,0.3306988311455,0.5890326807661,0.4663635880198,0.0720012627257,0.3523937982595,0.4149651952312,0.3681268315744,0.3110759099825,0.4140846817569,0.4473658448430,0.4168992085982,0.5865846068245,0.2666688639660,0.4072471620454,0.2656981665316,0.0510779594282,0.3451266558453,-0.0717649227480,0.4930259355301,0.3634332373862,0.4384700732913,0.3717100412933,0.4125110541435,1.0000000000000,0.3011087490152,0.2427918258416,0.3277344119952,0.2298222095167,0.2562910099753,0.4142411099512,-0.0649955730000,0.4622464238879,0.4551088255703,-0.3663058728781,0.1340573940953,-0.2452987028293,0.1990072782574,0.3355392060857,-0.0551164099394,0.0465454703492,-0.3002891336901,-0.2350954952686,0.2622954588495,-0.1213073705988,-0.0611644485807,0.3846093156511,0.3930188549141,-0.4172656435428,-0.0099868038275,0.4485414762538,-0.3416926140039,-0.4352576539287,-0.5572667812671,0.4780485252720,-0.2876508402810,0.2490834030720,-0.2788695199259,0.2663578627664,0.3257808349743,-0.2662874665861,0.0226649004588,-0.0410004206632,-0.3028113525256,-0.4162858678117,0.2171875237043,-0.0978369841583,-0.0590498727116,0.0674287039584
-0.0650922483533,0.2387257374294,0.6048459541172,0.2953232014629,0.0277364148206,0.0518700450394,0.0872279809322,0.2846001120659,0.1208232341965,0.0365499683660,0.1341813264626,0.1226660187203,-0.0971505684406,0.0591075765687,0.3596253968839,0.0000285949597,0.0167341458586,0.4706559532423,0.2299314761290,0.3207710775963,-0.0428268291234,0.1416876402063,0.0531359496649,0.1530642826991,0.2010474249472,0.3011087490152,1.0000000000000,0.4988748844115,0.1174508119854,0.0645142967319,0.1928684846531,0.2879800241204,0.2041709109576,0.0506578262063,0.1530543074608,-0.1837922754709,0.1655482786627,0.3268395206926,0.2886355835393,0.2691556458625,0.1377261812168,-0.2701091888437,0.0744302344578,-0.1853480122733,0.0662149330392,0.2077143145427,0.2963856353590,-0.0440187692738,-0.0186708407904,-0.0222587689285,-0.1309583097579,-0.0283605419153,0.2293303002553,0.0116982862599,-0.1175526031673,0.1801123653328,0.0952087333740,-0.1799601495355,0.1657771084443,0.1220465777516,0.4047912681380,0.5404607203387,0.4732517245198,0.2012019324177,0.0150323971339,-0.0084690346214,0.2961616989944,0.2519706882150,0.0099984565839,0.2922874465333
0.1366697165772,0.1096596440798,0.4056562409041,0.0576456709913,-0.1622148340784,0.0003003359902,-0.0220415611664,0.1302193110548,0.0585449878556,0.0639002402183,0.0826672316556,0.1907795183556,-0.1643935644385,0.1860939576392,0.2822216741768,0.0092924853095,0.0018438630694,0.2906716590326,0.2653422789350,0.3782778768575,-0.1730555351257,-0.0202403532348,-0.0587327127234,-0.0155413855971,0.0000661984063,0.2427918258416,0.4988748844115,1.0000000000000,-0.2146110382351,0.0486668609938,-0.0775429673505,0.3951814105114,0.1241910281457,0.0400118036944,0.0109902119158,-0.2751619695799,0.0555270107258,0.1161853568376,0.1400695966038,-0.0631962443525,-0.1181665940331,-0.2591154566201,-0.1103192162713,-0.0538471200268,-0.0270249018533,-0.0039630357518,0.1187117268575,-0.1644316933267,0.1140669511919,-0.0546212411193,-0.0305303553989,-0.0398803163848,-0.1307415799888,0.0133018364567,-0.0682543507184,-0.0970228850192,-0.1025751800520,-0.1870762909649,-0.0255122217774,-0.1220653621708,0.2550368206252,0.1010286296854,0.5363742337365,-0.1857564124040,-0.1628080941289,-0.2880324246819,0.1501417610912,0.0343763287124,0.0506970660452,-0.0457255646030
0.3693494350598,0.4376715103774,0.2436350620791,0.5415115383368,0.6146196876134,-0.0302709852607,0.1739998698749,0.4762816483857,0.1653919582300,0.1491747358004,0.2643775867455,0.2163871018587,0.4709129297874,0.2663913926151,0.0200713666256,0.1661723054276,0.5504202035213,0.0924063476126,0.0106557633912,-0.0770486868108,0.6363307841246,0.5772560909564,0.6476092821876,0.6928069592113,0.5454445767132,0.3277344119952,0.1174508119854,-0.2146110382351,1.0000000000000,0.1532427934295,0.6725243745957,-0.0919381755113,-0.2067345221246,0.3120893333074,0.2573087161456,-0.1647572482624,0.1616038193774,-0.0838389162020,0.0583584396331,0.5157536566210,-0.0480430174801,0.0705344096502,-0.0314276733944,-0.1813912670976,0.1303214201532,-0.1557839394130,-0.2150473133028,0.4683757385085,-0.0099629986849,-0.3957077009260,-0.0416857184279,0.5755834554835,-0.1116250891501,-0.4189272203143,-0.4105118703268,0.5727175030993,0.0039952109584,0.5315322631945,-0.0721630319371,0.4740873312462,-0.1725634273195,-0.1624483964039,-0.1681634009165,0.5881706556071,-0.1868753660224,0.1273936934663,-0.0454844773271,-0.1362714847609,-0.1162354797905,0.0056000256259
0.2838269359080,0.5003220287817,0.1695847547113,0.5273525228936,0.1527461021212,-0.0083326765403,0.1189303695704,0.2940780516001,0.3182346849386,0.0661033668727,0.3280342847957,0.5862157864159,0.4140334607758,0.3711971845526,0.5328990466912,0.5374707283657,-0.0566711342874,0.1467739468988,0.5277408658838,0.1839267139767,0.3933543278655,0.3387771738826,0.2969162863016,0.3590037806801,0.1336629764953,0.2298222095167,0.0645142967319,0.0486668609938,0.1532427934295,1.0000000000000,0.3607697667269,0.0752917863935,0.0787449834703,0.4638630748164,0.3733898357410,-0.2246734807527,0.2150558790758,-0.2312022325608,0.2299480176067,0.2376523875037,-0.0536025751009,0.0446273800535,-0.4323746356407,-0.3105491679033,0.2095408823557,-0.1143760002003,0.2362016604309,0.4827132579404,0.3726925711214,-0.1609900039015,0.2167932509390,0.1556372725441,-0.0932282447674,0.0540451259352,-0.1678100025114,0.2669311655386,-0.2375625639554,0.1280386166992,-0.1526393783427,0.0681395339909,0.0031630030272,-0.1554120333517,0.1488156580627,-0.0935529928930,0.2995597695759,-0.3124286134715,-0.0173344159632,0.0641469695300,0.0671828122016,0.2384564169333
0.4426100423525,0.5882520997155,0.3334315500924,0.5855454335616,0.3759659062887,-0.0357106266790,0.0530276417041,0.4934259785763,0.1619942457258,0.0505677818437,0.0488639609048,0.2425124410886,0.3393533818839,0.2141932861333,0.1487875678892,0.1557308607416,0.3660147934575,0.3399918944018,0.1197106360796,0.0861825929846,0.4385824146630,0.6773610925736,0.6740936208005,0.7330590391187,0.3827463765950,0.2562910099753,0.1928684846531,-0.0775429673505,0.6725243745957,0.3607697667269,1.0000000000000,-0.1606787443663,-0.1262793751865,0.3398430392529,0.3074368031505,-0.1872487712485,0.3184771916754,-0.1690805734190,0.1888666106943,0.3411413611761,-0.0754964588357,-0.0816694845222,-0.2241368471319,-0.2060736486735,0.0568350820075,-0.3271964009540,-0.1969604641558,0.3231883230709,0.0194599288560,-0.2908234181773,-0.0596245356983,0.4627500817243,-0.0479592674071,-0.3711205675868,-0.2227571781822,0.3674915679572,-0.0325931866450,0.4706522206898,-0.0682078140138,0.2611973654746,-0.1245386317817,-0.0749070511804,-0.0613783333213,0.2664199391315,-0.0709301700406,0.1025100594060,-0.1949597133695,-0.2308138955048,-0.1722700600206,0.0814601753747
0.1409947010858,0.0283737846006,0.2520688188502,0.0964796077903,0.0685488815770,0.0725890247389,0.1033027732944,0.3314079391461,0.1083487236009,0.3572779427487,0.1517011867589,0.2991426070568,0.0685097551915,0.5624479583348,0.3284677914630,0.1456056962242,-0.0413527469740,-0.0476749247528,0.2393488853969,0.0500822680440,0.0681330135302,-0.0762005068836,-0.0452199905555,-0.0614726930576,0.2698748931432,0.4142411099512,0.2879800241204,0.3951814105114,-0.0919381755113,0.0752917863935,-0.1606787443663,1.0000000000000,0.0711015116722,0.1148171731494,-0.0530228584376,-0.3730203633111,-0.1281505896846,-0.0494116801937,0.1434972997140,0.1135767470938,-0.0584147014466,-0.1618270824337,0.0514056031349,-0.1409469077266,0.3064131270548,-0.0417642754813,0.0687246718636,0.0523431675223,0.5286814766762,-0.0777939203480,0.0218127950730,-0.0159257583357,-0.2551150386243,-0.1043581747184,-0.1363479467559,0.0797701890840,-0.2900469870029,-0.1419475166667,-0.2367461194192,0.1962993987869,0.2956659825464,-0.0513337234326,0.2012766371027,-0.1200221224261,-0.1159595359249,-0.4242347800578,0.6146876105340,0.0773779966321,0.0463679102894,-0.1371021896970
-0.2539005254953,-0.0364174614876,0.2040684033384,0.0470062883030,-0.2468259186507,0.4420886493343,0.0429208196975,-0.0171192160729,0.1827175266643,-0.1749538113506,-0.0185590428208,-0.1151976144478,-0.3421827184020,-0.1529323643532,0.3279985888267,0.0885011699033,-0.0856687155843,0.0859991879798,0.0916478701725,-0.0215653560305,-0.2517852628806,-0.0020672205619,-0.2094766999350,-0.0435452201412,-0.1436856633220,-0.0649955730000,0.2041709109576,0.1241910281457,-0.2067345221246,0.0787449834703,-0.1262793751865,0.0711015116722,1.0000000000000,-0.1512427823347,0.0090807729928,-0.0123166677782,-0.0032243391311,0.3355804585012,0.2308020776469,0.1341971053760,0.3936511806381,0.1297130378679,0.1101143540930,0.1020786788436,-0.0092268300420,0.3068818594094,0.3847402732145,-0.1436984389477,0.2118453143136,0.4180707214108,-0.0965423396975,-0.0743035751123,0.2515995540216,0.3129307401918,0.1581787626666,0.0169338915018,0.1563995587395,-0.2082063889800,0.2681929214297,-0.0573968922951,0.4255919294195,0.3539521062340,0.3750712998383,0.0451839354606,0.3180563160015,0.0200222764197,0.1327864296188,0.4782541904545,-0.0828765185662,0.2987802274062
0.3443525665004,0.2708081190018,0.2236713562467,0.4598103743524,0.3916405819619,-0.0022873182753,0.2345747878212,0.2393547417684,0.2026373958756,0.0735358613103,0.4118624861866,0.4043741341505,0.2593056521449,0.3663961477370,0.2708390031193,0.1696410549767,0.2689330685612,0.1252889999951,0.2730136907443,0.1833901244797,0.5752058729789,0.3952957395377,0.4917463226465,0.4678666745949,0.2185541439600,0.4622464238879,0.0506578262063,0.0400118036944,0.3120893333074,0.4638630748164,0.3398430392529,0.1148171731494,-0.1512427823347,1.0000000000000,0.6363758272901,-0.0601678258850,0.1292593638507,-0.1662924298933,-0.0570244416094,0.2181273699653,-0.0852870356830,-0.0776080054832,-0.3510097597148,-0.2051156849264,0.1908824174144,-0.0017254781088,-0.0238022062138,0.3678960934592,0.1531915527147,-0.2804498518407,-0.1303226688550,0.4347828116579,-0.0650232591860,-0.1726654254591,-0.1789820703116,0.5361664331823,-0.1135614328955,0.4672072441344,-0.0664780031265,0.2000018111003,-0.0839737586648,-0.1516212522066,0.0362246767826,0.0104943705613,-0.2067225765194,-0.1850907419996,-0.0262132738296,-0.2460793704675,0.4676098024708,0.2391207178620
