1.0000000000000,0.1285338431559,0.3538282891416,0.2018812243991,0.0785766031975,-0.0167958112627,-0.2548679503261,0.2197934024279,0.0647897025104,-0.0087640951868,-0.2121801861170,0.1212567444569,-0.0736564249021,-0.0532550605723,0.4448807364992,0.1679628725804,0.2159970481542,0.5372757956679,0.1167982690311,0.4022761661722,0.1569087196994,0.1678011286260,0.2450935694429,0.3502475735397,0.0036225889800,0.0209878110873,0.0287528534720,0.3447043625622,0.0678368917242,0.0955434579131,0.4433961448096,0.1773813765118,0.0608732080380,0.1903341242195,0.3961377714478,0.4588236581219,0.2253085495549,0.0497030921888,0.2334801375996,-0.0709243856488,-0.0800817544788,-0.2725723348678,0.2984379022263,-0.0395105318521,0.0411315915429,-0.1514669814874,0.1091199013706,-0.1095403180849,-0.1332195619079,0.1701130728732,0.1357106314174,0.2447941886010,0.5330813559729,0.0182853183847,0.3253705602655,-0.0231853982669,0.1914570712512,0.2333741414144,0.2489055891508,-0.0409458894182,0.1058940849079,-0.0897178431340,0.3466381701146,0.0037489200118,-0.0213940259090,0.1144384073246,0.0356922586537,0.0377811396859,0.0409307526954,0.2748379376010
0.1285338431559,1.0000000000000,0.0695671315151,0.5256299540959,-0.0856592424374,-0.0791658235829,-0.0872812301915,-0.0324588551359,-0.0779879548325,-0.1226591376497,0.0270369534163,0.1295594183294,-0.1051810931531,0.1005766555844,-0.0500773983758,0.1066703662436,-0.0857637592030,0.2624817285225,0.0399596243777,0.2509652042862,0.0193474917108,-0.1053847854610,0.2547767827736,0.1185353814282,0.0982995561377,0.5854025160286,0.4797161430121,0.2726933039480,-0.0455538890896,0.1269624814970,0.2778189518075,0.1741734240826,-0.0970129389530,0.1073052128560,0.4854114921604,-0.0533282710122,0.8138516399373,-0.0729653770863,0.4186915518837,-0.0456011483602,-0.0631564981574,-0.1700793462965,-0.0455519020615,-0.2383038742379,-0.0826209213474,0.0067531390246,0.0821144492246,-0.0821037735071,-0.0793149628028,-0.3095401664178,-0.0511970214706,-0.1284286430568,0.2879273365149,-0.1782557955211,0.1553140619409,0.0293843598204,-0.1599297900001,0.3524371225840,0.0070684114006,0.0188489715785,0.2106083179549,0.1178355264485,0.2438427558807,-0.1425220075559,0.0327884928026,0.0549683272955,0.0897512679319,-0.0207483048795,0.1844562947369,0.3294037334577
0.3538282891416,0.0695671315151,1.0000000000000,0.1258098182686,0.0994307995311,0.0667891531094,-0.3393258991745,0.5455967507268,-0.0208117087633,0.2961103583320,-0.3105080361877,-0.1408541042967,-0.0891916175814,0.0816375368200,0.2186881413779,0.2064014273685,0.2118871209780,0.3023671513865,-0.0062959898286,0.1990756051639,0.1238227351688,0.2261076988314,0.0123775493472,0.3922929651933,0.2887451418394,0.1234576363648,0.2538404695561,0.7867880046119,0.1142899461523,-0.1682952113507,0.3091930069502,0.0081538927482,-0.3033768289758,-0.1346584644643,-0.0125036287861,0.0692840744553,-0.0264909575927,0.6048984431063,0.0326200742747,-0.0461880818217,-0.0516319915390,-0.2723528272710,0.3306223017582,-0.0672776243827,0.3120455879584,-0.2949133545284,-0.0882175494701,-0.1652095102661,0.0114801573301,0.1982269622879,0.2097384638927,0.1559291981995,0.0903845648563,-0.0371435153554,-0.1308300689740,0.0364023412327,0.1060134460265,-0.0883633248267,0.1399920157302,0.1034412502562,-0.0294816139326,-0.0448520678212,0.4806891820714,-0.0484358591405,-0.2346051521164,-0.1323793096935,-0.0353757782812,-0.1623205267291,-0.1341108604570,-0.2310743001089
0.2018812243991,0.5256299540959,0.1258098182686,1.0000000000000,-0.0568859436291,-0.0855047860812,-0.0490229053188,0.2469611349863,0.0158469993533,0.3475062966554,0.1215505833848,0.0064767043917,0.0272380581950,0.2942987456524,0.3054548747588,0.0315805269585,-0.1764193705646,0.2223481850246,-0.0279722700729,0.2078271788390,0.0588043743370,-0.1220964253802,0.5929098463283,-0.1109647697929,0.5274701633172,0.6030816763376,0.3584610994570,0.2175044701615,-0.0497631778997,0.1262830062133,0.1413451951044,0.1946443593011,-0.1656263442131,0.3356823720775,0.2725190082679,-0.0086486516602,0.3264976544614,-0.0543976554067,0.7803018848288,0.0310127343253,-0.0491873506322,-0.2226427777221,0.2161077349941,-0.1397106674808,0.4016208031981,0.0583481926394,0.0177952372784,0.0521721093077,0.1352526037361,0.0849238486681,-0.0875504734199,-0.1693767394584,0.1550065873950,-0.2041617804153,0.1327308176505,0.1531970741195,-0.1346266402693,0.5675010881060,-0.1428628545917,0.4855153969668,0.4472669241806,0.1273215974663,0.2140476085486,-0.0385599988384,-0.0623691803838,-0.0832118598061,0.3481164465805,-0.0187555129117,0.2943012374718,0.2389930533854
0.0785766031975,-0.0856592424374,0.0994307995311,-0.0568859436291,1.0000000000000,-0.0512565258045,0.4355230540242,0.2088618616668,0.0033385607316,0.3915460338422,0.5215953639621,-0.2184938720135,0.8132550990886,0.0176493795459,0.1105115702264,0.3243842417259,0.5533411269393,0.0382281125084,-0.1724022227395,-0.0333326425799,0.8547989879630,0.6557573265688,0.0770954326883,0.4125825255394,0.3998691814354,-0.3108422763725,-0.3033277671250,0.1122338903145,0.6561068439730,0.4094616727862,0.2091350708787,-0.0066849384963,-0.0339829492428,0.1503839159368,0.0625528951676,0.3543878948950,-0.0488863778171,-0.2600416878261,-0.1062144239127,0.9317113208045,-0.0175022804254,0.3192370784568,0.0269777138829,-0.2130279607105,0.2729089892356,0.6226467261532,-0.2838061693877,0.7842166842641,-0.1916866147636,-0.1098288417246,0.4019729539947,0.4146162341824,-0.1762922711415,-0.3115587262398,-0.3141813722584,0.7424377359607,0.6107871118918,0.0579200821737,0.4311880790943,0.4159694468350,-0.3966280247020,-0.5451087349520,-0.2153907549328,0.5461538935986,0.2842381371243,0.2929381412216,-0.2432144399558,0.0462965960207,0.2754794809754,-0.0319953521672
-0.0167958112627,-0.0791658235829,0.0667891531094,-0.0855047860812,-0.0512565258045,1.0000000000000,0.2019695178260,-0.0911994477981,0.6544199028662,-0.0975607442306,0.0161585074110,0.4229991148092,-0.0741053863488,0.2803576574980,0.2117673201220,-0.0450645199245,-0.0034382656146,-0.0432152440579,0.3841571088428,-0.0525083635965,-0.0898219990649,-0.0433425459028,-0.1213663747773,-0.0306271837454,-0.0673832501492,-0.0659401989637,0.0736395245733,-0.0254926112718,-0.0903815345631,0.1113313209758,0.1039115770308,-0.2597872320662,0.3495383102549,-0.0437766491968,-0.0125359858286,-0.1012183678853,-0.0666811562424,0.1271945807909,-0.0816078140190,-0.0510854906762,0.8188039577904,0.1880415091158,-0.0574138796536,0.5616721464736,-0.1169668956814,-0.0304441050638,0.3835599406763,-0.1016967156124,0.2651996616081,0.1423855890682,-0.0965923977125,-0.0559397866903,-0.1198814252937,0.3447045220913,-0.0114042939804,-0.0571804919212,-0.0929976668501,-0.0857750873255,-0.0255225012739,-0.0564900713755,-0.1308461570229,0.0379748246355,0.0201269380579,-0.1180065314861,0.1054585945205,0.1055613596835,-0.1999404871914,0.2667052184024,0.0102655413093,0.0085850838273
-0.2548679503261,-0.0872812301915,-0.3393258991745,-0.0490229053188,0.4355230540242,0.2019695178260,1.0000000000000,-0.0754627308873,0.3900091525365,0.0194381604956,0.8150594497861,-0.0081700500869,0.6977356082589,0.0728439805673,0.0197596846962,0.1554151217367,0.1497910797024,-0.1090948633371,0.0564445103736,-0.0747587087800,0.3934119410414,0.2080952521024,-0.1134607108006,-0.0463462904667,0.1590350473094,-0.1956374681443,-0.0648683423743,-0.2758423982899,0.3597493201876,0.5606309398639,-0.0894118298576,-0.0932481426316,0.1764733527678,0.1703999738386,0.0057730880278,0.0356143181010,-0.1475733772731,-0.2565221386466,-0.0821385208407,0.5729996534655,0.2499594572343,0.8096085063682,-0.1848651081362,0.2122240002650,-0.1128335246733,0.7709774147712,-0.0195329743417,0.7079275327893,-0.0483046847593,-0.1862456561167,0.1377799752132,0.0561410573441,-0.3107871081164,-0.0195545248284,-0.0529650969380,0.5545707135998,0.1736017014958,-0.0374347724722,0.1308146036673,0.2616926285586,-0.2537925611024,-0.1312166308444,-0.2988491950254,0.4356383797479,0.5984218866068,0.3008590954522,-0.1122581148307,0.1633884358014,0.3462716786251,0.1311678737162
0.2197934024279,-0.0324588551359,0.5455967507268,0.2469611349863,0.2088618616668,-0.0911994477981,-0.0754627308873,1.0000000000000,-0.2121556754870,0.5690492492818,0.0289028151248,-0.3464794811453,0.1088243096770,0.0036909857309,0.2536595205376,0.4111805236731,0.0789872260548,0.0904870282318,-0.3885950183543,-0.1433899771256,0.1888963068801,0.1627929968797,0.1153803642190,0.0650622966192,0.6974617270034,0.0997692110651,0.1587245074143,0.4027751573261,0.3380043864988,-0.1597791223400,0.1532807895296,0.4431667634663,-0.1552031000974,-0.0880766966049,-0.2065066566474,0.0268954436720,-0.0654643622375,0.3115614596867,0.0929561246280,0.2027519109765,-0.1234203711305,-0.0355769447114,0.7280343737863,-0.2849141144429,0.5904869716847,0.0351024277187,-0.2655239595816,0.0788951918769,0.0124440218845,0.3140598603894,0.4906908496894,0.0329921134489,-0.0654076794635,-0.2487239249190,-0.3482304368882,0.1961304894248,0.0776880344692,0.0059425408911,-0.0818825215239,0.5492224147004,-0.0135766448873,0.0519568106206,0.2743473580866,0.2502301723079,-0.0451901502234,-0.1570971699428,0.1242067429864,-0.0109545898059,-0.0608725173506,-0.3611043802812
0.0647897025104,-0.0779879548325,-0.0208117087633,0.0158469993533,0.0033385607316,0.6544199028662,0.3900091525365,-0.2121556754870,1.0000000000000,-0.2376220002976,0.2220979552184,0.4957005490615,0.0176076210990,0.2972064558227,0.2925358273114,-0.0385501190135,0.0011975706303,0.0489944374844,0.5262881019408,0.0737469593816,-0.0391181132132,0.0448575549628,-0.1017798110049,0.0186305024595,-0.0812383687192,-0.0751167700444,0.1356203502074,-0.0474930365645,0.0397032306947,0.2852044452610,0.1900402602266,-0.3613850026628,0.4782137113481,0.0618998542838,0.0296307483852,-0.1437385005431,-0.0747473716307,0.1061189788086,0.0277331512560,0.0197546966429,0.5901581696952,0.2375634766254,-0.1551788251711,0.7876523410646,-0.2756009404587,0.1393979415219,0.4278926832041,-0.0021484819105,0.2812811588730,0.0525851181173,-0.1889301632142,-0.0339478607110,-0.0838631987550,0.3994670449329,0.1798655881324,0.0121803594801,-0.0505374456001,-0.0234120465162,0.0677994129905,-0.0260740382231,-0.0638048506501,0.0245777961451,0.0462215694178,0.0870947655876,0.1222737659206,0.2364523138023,-0.0059838180355,0.3177580781476,0.0885061889035,0.1118574762558
-0.0087640951868,-0.1226591376497,0.2961103583320,0.3475062966554,0.3915460338422,-0.0975607442306,0.0194381604956,0.5690492492818,-0.2376220002976,1.0000000000000,0.1100225933712,-0.2834018876268,0.3926965716691,0.3022679858234,0.3247153254038,0.3714158342420,0.0387192876135,-0.0719183829001,-0.3206902512157,-0.0866896058713,0.3541826756738,0.1125705510253,0.2449306129750,-0.1077860769243,0.6879809205965,0.0884293241362,-0.0857268574410,0.1889684474097,0.1337487910493,0.0438568444614,-0.2071424541997,0.2341909355087,-0.2630440934497,0.0839657973885,-0.1619286520794,0.1548447307541,-0.2269235169582,0.0351394755065,0.1945930307403,0.3898341467850,-0.0674405058497,0.0141136152734,0.3893468684621,-0.2637790893546,0.9084723501060,0.1660437571051,-0.2485670361744,0.3376367141749,0.2483266860105,0.3724822908077,0.3999089863401,-0.0201372212766,-0.1679743278464,-0.2855827425312,-0.3339250338153,0.4013062780563,0.1543407279798,0.0971859988264,-0.1056360341749,0.6078028673939,0.0299034438442,-0.1516280095786,0.0108298423109,0.0862834612092,-0.0401657363540,-0.2246865373237,0.1879122360805,-0.0344965153786,0.1458389063638,-0.2827638349341
-0.2121801861170,0.0270369534163,-0.3105080361877,0.1215505833848,0.5215953639621,0.0161585074110,0.8150594497861,0.0289028151248,0.2220979552184,0.1100225933712,1.0000000000000,-0.1273107098612,0.6794041097776,0.1638010033066,0.1815119443685,0.0831900951306,0.1423775692135,-0.0566570956739,-0.0788985250811,-0.1254320679568,0.5435346811687,0.2192419771015,-0.0109219385252,-0.0650089581511,0.2472540973380,-0.0836795584992,-0.0623133272403,-0.1881881941830,0.3862127405411,0.4910463404090,-0.1077839339903,0.0088682400682,0.1493464832396,0.2324276082328,-0.0552297315856,0.0601061812861,-0.0324496364214,-0.3818491198919,0.0846307676428,0.6626245696244,0.1251673262250,0.5406668447899,-0.1552226109131,0.0168776916501,-0.0218932737413,0.9078800182656,-0.1099852801376,0.7413775349642,-0.0317683231614,-0.0923760006171,0.0986163122818,0.0567772257806,-0.2574553377186,-0.1264086161037,-0.1526637303144,0.6364896811624,0.1933744477433,0.0034294522764,0.0667965444178,0.3217007632161,-0.1383765824715,-0.1460400167360,-0.2440257319048,0.4148026503907,0.4691093126261,0.1355476603662,-0.0375460695815,0.2400141966390,0.3236783621833,0.1433919252973
0.1212567444569,0.1295594183294,-0.1408541042967,0.0064767043917,-0.2184938720135,0.4229991148092,-0.0081700500869,-0.3464794811453,0.4957005490615,-0.2834018876268,-0.1273107098612,1.0000000000000,-0.2278052512450,0.3028319031496,0.1777364103212,-0.1224320977970,-0.1665847874563,0.0289678470046,0.6732953342482,0.2402451626438,-0.1874922953667,-0.2048073955497,-0.1242301444438,-0.1008269089566,-0.2993070585497,-0.0004947856115,0.1609029761499,-0.0525154333816,-0.2002522034575,0.1110803424045,-0.0463794193831,-0.1195758157048,0.5728293457360,-0.0952900826276,0.0843959053649,-0.1383058329837,0.1826185006993,-0.1374531383265,0.0556350092922,-0.2626496199675,0.4380449973485,-0.0460120657445,-0.2156976562586,0.4922680215124,-0.3161538214455,-0.1189690538586,0.8427714429501,-0.2672993484500,0.2847327566026,-0.0251387009060,-0.3390705091554,-0.1663606986235,0.0532647812565,0.5619554380544,0.2775570864202,-0.2142537777244,-0.1726246366282,-0.0574916186839,-0.0780384374904,-0.3068005857496,0.0083407914142,0.0789733294598,0.0538597015163,-0.2180986411871,-0.0932726438493,-0.0255163482168,-0.0335366636118,0.4736626268850,-0.1395765517885,0.1026346306590
-0.0736564249021,-0.1051810931531,-0.0891916175814,0.0272380581950,0.8132550990886,-0.0741053863488,0.6977356082589,0.1088243096770,0.0176076210990,0.3926965716691,0.6794041097776,-0.2278052512450,1.0000000000000,0.0281626814176,0.0824198267862,0.2164065214740,0.3434566746284,0.0628157741033,-0.1408559454185,0.0973648300363,0.7870900131259,0.4726220124875,0.0558823211838,0.1825071804155,0.3587566062140,-0.2470707218158,-0.2434303922712,-0.0312616151495,0.5482466005201,0.5666141826837,0.0114645944985,0.0406840548026,-0.1065509074296,0.2282508033742,0.0874028371890,0.2833368365818,-0.1684241685713,-0.2909028901393,-0.0526361035756,0.8591807314584,-0.0323070387596,0.5771969900436,-0.0510569547667,-0.1744283617309,0.2484866316998,0.7509204410773,-0.2750448706697,0.9447396579360,-0.1884171809357,-0.1224203671765,0.2809670605640,0.2128669671909,-0.2241119230801,-0.2838858784866,-0.1624129099867,0.8468176439227,0.4606125674969,0.0603622091909,0.2971127829142,0.4412005327535,-0.3237311090966,-0.4022378540148,-0.2877417045697,0.5464787634213,0.4674574535428,0.2736681614741,-0.1516601374913,-0.0099751336327,0.3939838158948,0.0178420372971
-0.0532550605723,0.1005766555844,0.0816375368200,0.2942987456524,0.0176493795459,0.2803576574980,0.0728439805673,0.0036909857309,0.2972064558227,0.3022679858234,0.1638010033066,0.3028319031496,0.0281626814176,1.0000000000000,0.5379066091522,0.0637824102479,-0.2331432924539,-0.0642692432532,0.3350679259592,-0.0339460524182,0.1525520839838,-0.2652887456209,-0.0200275423065,-0.3281947388466,0.2225710505404,0.4037085996146,0.2249414135037,0.1481235478595,-0.2452071239049,0.0835072341717,-0.2605164088998,-0.1589575802454,0.1737145135713,-0.1077496965482,-0.1763627769789,-0.1902320213451,0.0191680370109,-0.0573836307819,0.2274123679731,0.0517513377031,0.3816492376347,-0.0768822690407,-0.0792541579301,0.1971081646100,0.2572624234205,0.0602081048542,0.3504960616546,0.0629742642652,0.7430778156029,0.3678212803680,-0.0218764849356,-0.2393963206514,-0.1649812427723,0.2104486496935,-0.2117158715528,0.1966649638816,-0.2827891009048,-0.1091136159279,-0.3652467332158,0.1548130255915,0.1463056095026,0.0359287215009,0.0697239018747,-0.3027085242241,-0.0948606430710,-0.3435612803485,0.4084121572782,0.3720796793377,-0.1008834388321,-0.1405460340863
0.4448807364992,-0.0500773983758,0.2186881413779,0.3054548747588,0.1105115702264,0.2117673201220,0.0197596846962,0.2536595205376,0.2925358273114,0.3247153254038,0.1815119443685,0.1777364103212,0.0824198267862,0.5379066091522,1.0000000000000,0.1629684850292,-0.0711979280081,0.2426351091774,0.2834433795260,0.2510078198985,0.2181704352356,0.0021191353764,0.0921967758040,-0.0714523185307,0.1833249323870,0.1090776286744,-0.0327489372143,0.2194328273586,-0.0474937227538,0.3004891138330,-0.0143382281560,0.1952072568086,0.2009576232946,0.1198831045662,-0.0302076219605,0.2199721306159,-0.0006547581521,-0.0132242867407,0.1958730902500,0.0897761991194,0.2227921417434,-0.1316263114883,0.1765905056282,0.1691462259701,0.2683958764707,0.1390622686624,0.2512239063717,0.0869964435570,0.4133035282611,0.6305234304517,0.0963071830059,-0.1229040327580,0.1185152659769,0.2290584888360,-0.0051047246945,0.1784775726330,0.0016236888506,0.0052744599399,-0.0956050130918,0.1556110601093,0.1262695980293,-0.0057520805958,0.2623082142568,-0.0673973993195,0.0981121008247,-0.1962238807686,0.3046591759247,0.4171830762959,0.0747040774506,-0.0430328964033
0.1679628725804,0.1066703662436,0.2064014273685,0.0315805269585,0.3243842417259,-0.0450645199245,0.1554151217367,0.4111805236731,-0.0385501190135,0.3714158342420,0.0831900951306,-0.1224320977970,0.2164065214740,0.0637824102479,0.1629684850292,1.0000000000000,0.1897184837926,0.0030353366270,-0.2030615463838,-0.0577951032282,0.2445732365657,0.2552086335593,-0.0891128474529,0.2261036039281,0.2809700977793,0.0187226343107,-0.0592680038135,0.1314626776716,0.2406622769480,0.1110465009256,0.0717082585479,0.3246756051503,0.0072011404565,0.0074542949358,0.0677887479847,0.1087977669545,0.1798517991377,0.1013094744888,-0.0351194504936,0.2739670456751,-0.0710887679869,0.1871925000461,0.2825172579657,-0.1079363219078,0.3368916373211,0.1619143515910,-0.0781551669633,0.1984521262859,0.1097420741931,0.1035401762268,0.7906510454183,0.1800409553395,0.0731948200392,-0.1889341963589,-0.1432247868728,0.1451876316383,0.2555694422742,-0.0553887016123,0.1587670973053,0.2030324786564,-0.1302835722689,-0.1862514363275,0.0586670038375,0.1925755850062,0.1628789923714,0.0616182102070,0.1134665961054,0.0542789445690,0.1039493756538,-0.0554877943909
0.2159970481542,-0.0857637592030,0.2118871209780,-0.1764193705646,0.5533411269393,-0.0034382656146,0.1497910797024,0.0789872260548,0.0011975706303,0.0387192876135,0.1423775692135,-0.1665847874563,0.3434566746284,-0.2331432924539,-0.0711979280081,0.1897184837926,1.0000000000000,0.2152839281907,-0.1044370472256,0.0227532106865,0.3706405680259,0.8502890077298,0.2769194248471,0.8118181768210,0.0789146476837,-0.3749520120508,-0.2136055438697,0.3238034868741,0.6535683832091,0.2608445665648,0.3928287414019,-0.1664826188530,0.0093121754081,0.3365492943879,0.2898713865314,0.5599037813198,0.0028622391609,-0.0411635315372,-0.1230013589084,0.3973096539349,-0.0781471950646,0.1581451304532,-0.0144743257926,-0.1276952686349,-0.0691017695242,0.2800188287851,-0.2543924093326,0.2737871090157,-0.3668457366279,-0.2044594892067,0.3074883536162,0.9077944935176,0.0057045837782,-0.2331862703311,-0.1586499527283,0.1504497090350,0.8204736463487,0.2816762360169,0.7889536655859,0.1045255469618,-0.2909911567245,-0.4429717204145,0.0532517387262,0.4982556163001,0.2016268332104,0.3961292235578,-0.4155851547785,-0.0425655367165,0.3305094534076,0.1934379859231
0.5372757956679,0.2624817285225,0.3023671513865,0.2223481850246,0.0382281125084,-0.0432152440579,-0.1090948633371,0.0904870282318,0.0489944374844,-0.0719183829001,-0.0566570956739,0.0289678470046,0.0628157741033,-0.0642692432532,0.2426351091774,0.0030353366270,0.2152839281907,1.0000000000000,0.0895569670080,0.6671566381661,0.1804306710423,0.2002490519441,0.2409496940548,0.3966646190502,-0.0263268403194,0.1116456319450,0.2823538614820,0.3818288710944,0.1244024440917,0.2535204168830,0.3945080615922,0.0524663630045,-0.1875581718926,0.3375552431460,0.5569578940231,0.3084712332580,0.2142527516608,-0.0163625458871,0.2843787581211,-0.0251019553982,-0.0596803213608,-0.1961485047205,0.0335107740463,-0.1361830092380,-0.1273607120067,-0.0381717996098,-0.0659535467804,0.0269335578695,-0.2619599562553,-0.0912108957923,-0.0524238728607,0.1689654753657,0.6052923081552,-0.1200387515247,0.4700548085060,0.1251797786004,0.1314991615183,0.2255509956021,0.2752359064530,-0.0605612115714,0.1356415061109,0.0204276136595,0.2047435344321,-0.0427996909480,0.0857164033079,0.0760730920691,0.0464058650864,-0.0973599084936,0.2438824716143,0.3783078067208
0.1167982690311,0.0399596243777,-0.0062959898286,-0.0279722700729,-0.1724022227395,0.3841571088428,0.0564445103736,-0.3885950183543,0.5262881019408,-0.3206902512157,-0.0788985250811,0.6732953342482,-0.1408559454185,0.3350679259592,0.2834433795260,-0.2030615463838,-0.1044370472256,0.0895569670080,1.0000000000000,0.4450324905020,-0.1300705242214,-0.1511965220755,-0.1447342149218,-0.0751201966400,-0.3005429129786,-0.0613337600834,0.0947998277603,0.0446603659949,-0.2140575659426,0.2361937815495,0.0478115188573,-0.3484389638926,0.2407207117312,-0.0923148168743,0.0382469828974,-0.1112452214278,0.0916001447648,0.0358470178113,-0.0858865738140,-0.1985714498277,0.3795023175484,-0.0759046811470,-0.2585777014757,0.4076239093668,-0.3216863978392,-0.1064829951211,0.6338818707952,-0.1653233926150,0.2353687069718,-0.0204144201069,-0.3669226590993,-0.1484324466631,0.0300299786248,0.6579741288323,0.2918876942090,-0.1130177617940,-0.1466428588680,-0.0862684269527,-0.0202971703067,-0.2322123561254,-0.0983713351846,0.1051605551073,0.1236983875455,-0.2080411973186,-0.0691700669470,0.0288297701867,-0.0017424982554,0.1527373859093,-0.0771865769543,0.0277732684365
0.4022761661722,0.2509652042862,0.1990756051639,0.2078271788390,-0.0333326425799,-0.0525083635965,-0.0747587087800,-0.1433899771256,0.0737469593816,-0.0866896058713,-0.1254320679568,0.2402451626438,0.0973648300363,-0.0339460524182,0.2510078198985,-0.0577951032282,0.0227532106865,0.6671566381661,0.4450324905020,1.0000000000000,0.0439741804986,0.0411863862292,0.0848262385720,0.2188305083976,-0.1856178047148,0.0806653066974,0.1995982067292,0.3004226853108,0.0029647831720,0.4278142995943,0.2586698745256,0.0142369400679,-0.2582219512857,0.0905082145478,0.4985394862490,0.1876354653727,0.2095709652436,-0.0380087581896,0.1116967821683,-0.0929759758989,-0.0712197776978,-0.0809986294067,-0.1427532131735,-0.0186635683080,-0.1206430020648,-0.0458133524415,0.1647005694356,-0.0052136540099,-0.1988267911130,-0.0983428839543,-0.1858187936017,-0.0278729336644,0.4461469634414,0.1099184138002,0.5895588828712,0.0481122045356,0.0379365452414,0.1125650349039,0.1660561235326,-0.1818304142096,0.0100385571730,0.0173643916108,0.1632249994153,-0.0950571468627,0.1040533344880,0.0881021430971,0.0498337105398,-0.1847383506881,0.1517142154289,0.2187970056216
0.1569087196994,0.0193474917108,0.1238227351688,0.0588043743370,0.8547989879630,-0.0898219990649,0.3934119410414,0.1888963068801,-0.0391181132132,0.3541826756738,0.5435346811687,-0.1874922953667,0.7870900131259,0.1525520839838,0.2181704352356,0.2445732365657,0.3706405680259,0.1804306710423,-0.1300705242214,0.0439741804986,1.0000000000000,0.4575345409128,0.0937273070803,0.2831256569367,0.3444693171172,-0.0946614342997,-0.1544441042691,0.2137591120900,0.4843451720659,0.3463501676751,0.1168566475707,0.0572918323353,-0.0469810326998,0.2030975324198,0.1073797453985,0.2856367736311,0.0023859780002,-0.2377571568149,0.0725416213651,0.8051514695465,-0.0189626622534,0.2041630908917,0.0023098059823,-0.2486266185020,0.2347511451742,0.5732827316480,-0.2532229336755,0.7966931168621,-0.1459061080847,-0.0709891393605,0.3258841118806,0.2703466165754,-0.0782484476889,-0.3119636957869,-0.2604684849826,0.8715203537663,0.4241518903178,0.0433992480125,0.2736513164743,0.3325721157922,-0.1896353453628,-0.4303581707769,-0.1358900908853,0.4057146217911,0.2068381376806,0.1458868981938,-0.1187469079105,0.0895266960760,0.2263111438268,0.0803553026628
0.1678011286260,-0.1053847854610,0.2261076988314,-0.1220964253802,0.6557573265688,-0.0433425459028,0.2080952521024,0.1627929968797,0.0448575549628,0.1125705510253,0.2192419771015,-0.2048073955497,0.4726220124875,-0.2652887456209,0.0021191353764,0.2552086335593,0.8502890077298,0.2002490519441,-0.1511965220755,0.0411863862292,0.4575345409128,1.0000000000000,0.2346846182054,0.8447358222110,0.1547304081411,-0.4294074035077,-0.3207738649254,0.2671159914157,0.7417751557454,0.4016796983778,0.4636870168576,-0.0585841543612,-0.0338174366512,0.3641303210307,0.2567351980905,0.5094062023037,-0.0175150401652,-0.0544637551980,-0.1635090196665,0.5343836826513,-0.1067600989409,0.1938881982916,0.0376909687163,-0.1357669338347,0.0093956870767,0.3611037208680,-0.2937280029398,0.3802210771751,-0.4115191860697,-0.1739071904675,0.3322548482055,0.7475613136442,-0.0246566179549,-0.2583308309506,-0.1472838884060,0.2667585431127,0.9069738867332,0.2659615323521,0.8196720618331,0.1950316582426,-0.3763437084673,-0.5433548088529,-0.0088829528209,0.6487550363066,0.2924472092617,0.4956237274139,-0.3805270199505,-0.0259177226993,0.4369273721486,0.1216231024157
0.2450935694429,0.2547767827736,0.0123775493472,0.5929098463283,0.0770954326883,-0.1213663747773,-0.1134607108006,0.1153803642190,-0.1017798110049,0.2449306129750,-0.0109219385252,-0.1242301444438,0.0558823211838,-0.0200275423065,0.0921967758040,-0.0891128474529,0.2769194248471,0.2409496940548,-0.1447342149218,0.0848262385720,0.0937273070803,0.2346846182054,1.0000000000000,0.2301608035159,0.3797618398984,0.2828496743062,0.0869290606663,0.2334722689018,0.1989010780842,0.0630467322154,0.2927581663623,0.0142103521435,-0.1204706130152,0.5642032517656,0.4634850585385,0.3810663283054,0.0765526459101,-0.1776883967907,0.5885779260239,0.0698831047916,-0.1097067331026,-0.2070186482761,0.1748504781576,-0.1904118557822,0.2650568882418,0.0090086370096,-0.1819920024059,0.0473980590808,-0.1521572073467,-0.0477904895094,-0.0564259926522,0.2943763696367,0.0647362725128,-0.3579081645342,0.0463701160313,0.0850103196480,0.2582608581555,0.8713913670739,0.2210359740172,0.4054174764830,0.3744321500423,-0.1307180072849,0.1343512073578,0.1886181946078,-0.0306397970099,0.1650252326568,-0.0484725241622,-0.0743092620772,0.3780106804089,0.3948305263222
0.3502475735397,0.1185353814282,0.3922929651933,-0.1109647697929,0.4125825255394,-0.0306271837454,-0.0463462904667,0.0650622966192,0.0186305024595,-0.1077860769243,-0.0650089581511,-0.1008269089566,0.1825071804155,-0.3281947388466,-0.0714523185307,0.2261036039281,0.8118181768210,0.3966646190502,-0.0751201966400,0.2188305083976,0.2831256569367,0.8447358222110,0.2301608035159,1.0000000000000,-0.0627495135382,-0.2582298382309,-0.0935490965591,0.4646339893634,0.5736154549701,0.2587474804443,0.5922364227025,-0.0601517426739,-0.0774947192537,0.3074029620687,0.4582943303233,0.5212955131090,0.1887182527902,0.1150286303149,-0.0828878944168,0.2217113169552,-0.1397353923122,-0.0152738738899,-0.0020395155905,-0.1188730913784,-0.1733180620782,0.0506205861190,-0.2008722382960,0.0789602398223,-0.4701961333270,-0.2584363507894,0.2510743548274,0.7350568933758,0.2428516815956,-0.2487168593809,0.0180279167195,0.0328661283340,0.7488504338581,0.2756980123171,0.8478304158678,-0.0807245791061,-0.2414850499005,-0.4016703374195,0.1877354884975,0.4236025184436,0.1602854806103,0.4546940266996,-0.3933597673303,-0.0938993309394,0.3269245043749,0.2689050684245
0.0036225889800,0.0982995561377,0.2887451418394,0.5274701633172,0.3998691814354,-0.0673832501492,0.1590350473094,0.6974617270034,-0.0812383687192,0.6879809205965,0.2472540973380,-0.2993070585497,0.3587566062140,0.2225710505404,0.1833249323870,0.2809700977793,0.0789146476837,-0.0263268403194,-0.3005429129786,-0.1856178047148,0.3444693171172,0.1547304081411,0.3797618398984,-0.0627495135382,1.0000000000000,0.2280237323923,0.1887429144302,0.2371541867479,0.3833708199450,0.0555684489352,0.0945465446500,0.1739689069410,-0.2061763428775,0.0761116785425,-0.1040981544736,-0.0498326511025,-0.0782021261323,0.0750271701761,0.3301377403187,0.4766342625229,-0.0274585072606,0.0174624683857,0.5284678908885,-0.2495691318393,0.6952895266668,0.2478580271955,-0.2696728559521,0.3544405447449,0.1127967259295,0.1257867085890,0.3418799646758,-0.0074408496778,-0.2452283175591,-0.3476727545360,-0.3656025180706,0.4434015584883,0.0749431005862,0.2800619099281,-0.0799624488957,0.9058848866250,0.0228358480501,-0.0693443264020,0.0960852944815,0.3454189884088,0.0147541073393,-0.0541951555413,0.1449761533203,-0.0050330411196,0.1233869552005,-0.2291708263206
0.0209878110873,0.5854025160286,0.1234576363648,0.6030816763376,-0.3108422763725,-0.0659401989637,-0.1956374681443,0.0997692110651,-0.0751167700444,0.0884293241362,-0.0836795584992,-0.0004947856115,-0.2470707218158,0.4037085996146,0.1090776286744,0.0187226343107,-0.3749520120508,0.1116456319450,-0.0613337600834,0.0806653066974,-0.0946614342997,-0.4294074035077,0.2828496743062,-0.2582298382309,0.2280237323923,1.0000000000000,0.6751155693098,0.3361840546978,-0.2851955976882,-0.2198396923718,-0.0476350343589,0.1942433342447,-0.1848173002869,0.0456283775854,0.2441008531696,-0.2746003631880,0.3126535148498,0.0858583294304,0.6545116450085,-0.2358835546887,-0.0533869053839,-0.2381550329003,0.0365794941048,-0.1238905505915,0.1629395987839,-0.1863538556363,0.0291144070424,-0.1627741716735,0.2635651663523,0.0262363210670,-0.0482031670541,-0.2714918883458,0.0393664996796,-0.2597928344935,-0.0381078165284,-0.0065870015869,-0.4562430506891,0.2299343533429,-0.4003527281972,0.1142558490539,0.7049091987203,0.3427744447299,0.2753394437492,-0.2877347705700,-0.2083721983610,-0.3040365543783,0.3786860521531,-0.0607310915179,-0.0672503093256,0.1907758700467
0.0287528534720,0.4797161430121,0.2538404695561,0.3584610994570,-0.3033277671250,0.0736395245733,-0.0648683423743,0.1587245074143,0.1356203502074,-0.0857268574410,-0.0623133272403,0.1609029761499,-0.2434303922712,0.2249414135037,-0.0327489372143,-0.0592680038135,-0.2136055438697,0.2823538614820,0.0947998277603,0.1995982067292,-0.1544441042691,-0.3207738649254,0.0869290606663,-0.0935490965591,0.1887429144302,0.6751155693098,1.0000000000000,0.4117195342248,-0.1110890243716,-0.1406849607240,0.1345811601906,0.0287625143173,-0.1407258009709,-0.1047002398380,0.2172495429156,-0.3240222254752,0.2053435020456,0.2143461854273,0.4152548905255,-0.2434955611778,0.0362289517005,-0.1214935159852,0.0527891675044,0.0153165656926,-0.0684381818728,-0.1609183219231,0.1121205082860,-0.2111453031340,0.1198567405990,-0.1232204359887,-0.1229508527141,-0.1856880274716,0.0499543826248,-0.0678302086458,0.0878570403105,-0.0507199183267,-0.4301054463468,0.0570588397550,-0.2500844403474,0.0492602955372,0.4256017176352,0.5211023034959,0.2997751441398,-0.1867253905966,-0.1491978067484,-0.1755813061421,0.1713153883473,-0.1384043209074,-0.1712717867386,0.1095386933546
0.3447043625622,0.2726933039480,0.7867880046119,0.2175044701615,0.1122338903145,-0.0254926112718,-0.2758423982899,0.4027751573261,-0.0474930365645,0.1889684474097,-0.1881881941830,-0.0525154333816,-0.0312616151495,0.1481235478595,0.2194328273586,0.1314626776716,0.3238034868741,0.3818288710944,0.0446603659949,0.3004226853108,0.2137591120900,0.2671159914157,0.2334722689018,0.4646339893634,0.2371541867479,0.3361840546978,0.4117195342248,1.0000000000000,0.2343437438198,-0.0969401710692,0.2906678568728,0.0588386231611,-0.1963889599954,0.0278846869031,0.2010032092228,0.1411240751576,0.0858267517556,0.3996608151756,0.2327146035688,-0.0396113455313,-0.1209423834609,-0.2396561444979,0.1739375981321,-0.1241327866825,0.1593478969519,-0.1697428850444,-0.0927259911170,-0.0843723470411,-0.0607905894230,0.0855453490763,0.1555698702165,0.3037959217386,0.0356599306049,-0.1622275518170,-0.1486110971682,0.1035140450441,0.1772070634155,0.1029965606213,0.1976049219900,0.0735807583369,0.1864136868269,-0.0591181362707,0.5833993459017,0.0841078151920,-0.1975708303963,-0.1229722045380,-0.0335804504802,-0.0758857283300,-0.0642015143990,-0.0242526628088
0.0678368917242,-0.0455538890896,0.1142899461523,-0.0497631778997,0.6561068439730,-0.0903815345631,0.3597493201876,0.3380043864988,0.0397032306947,0.1337487910493,0.3862127405411,-0.2002522034575,0.5482466005201,-0.2452071239049,-0.0474937227538,0.2406622769480,0.6535683832091,0.1244024440917,-0.2140575659426,0.0029647831720,0.4843451720659,0.7417751557454,0.1989010780842,0.5736154549701,0.3833708199450,-0.2851955976882,-0.1110890243716,0.2343437438198,1.0000000000000,0.2974987085515,0.4280397755956,0.0885096734303,0.0104372222424,0.1445357642012,0.1295458623594,0.3184152046427,-0.0040742281131,-0.0757471928456,-0.0842420769927,0.5990003996638,-0.0985507951433,0.3262455928774,0.2294643019962,-0.1198496001177,0.0306716863582,0.5369816626096,-0.2582752454932,0.4669039268530,-0.3980830110912,-0.2200529361889,0.3385956324241,0.5497646650667,-0.1699349562899,-0.3365188347049,-0.2228252353957,0.3836014448259,0.6253488298202,0.2289952283242,0.5379096731238,0.3631183822193,-0.3171911028330,-0.3704469501780,0.0088636308838,0.8749061226168,0.2417944421017,0.4854403886088,-0.3427362963025,0.0636486023900,0.1956861713582,-0.0292790600543
0.0955434579131,0.1269624814970,-0.1682952113507,0.1262830062133,0.4094616727862,0.1113313209758,0.5606309398639,-0.1597791223400,0.2852044452610,0.0438568444614,0.4910463404090,0.1110803424045,0.5666141826837,0.0835072341717,0.3004891138330,0.1110465009256,0.2608445665648,0.2535204168830,0.2361937815495,0.4278142995943,0.3463501676751,0.4016796983778,0.0630467322154,0.2587474804443,0.0555684489352,-0.2198396923718,-0.1406849607240,-0.0969401710692,0.2974987085515,1.0000000000000,0.1812199487859,-0.0944199879573,0.0505768807973,0.3419073781641,0.3557157218551,0.3543196518160,0.1317549900469,-0.2706764775725,-0.0721863659249,0.4582321007192,0.1430324708434,0.4125511930060,-0.1870843802229,0.0537475769286,-0.0674859066289,0.5340341819460,0.1003268174013,0.4933574912934,-0.0772218368833,-0.0641017762542,0.0524632599979,0.0741862379650,0.0893126966381,0.0777962125550,0.2471918657050,0.3947868955660,0.3574571276214,0.1613983661475,0.3991894616358,0.1811797005623,-0.3436852598276,-0.2134996742701,-0.1106138713253,0.2711661528562,0.7795678649833,0.4179033202326,-0.1071013452166,0.1556569855172,0.5879283678601,0.2378556052308
0.4433961448096,0.2778189518075,0.3091930069502,0.1413451951044,0.2091350708787,0.1039115770308,-0.0894118298576,0.1532807895296,0.1900402602266,-0.2071424541997,-0.1077839339903,-0.0463794193831,0.0114645944985,-0.2605164088998,-0.0143382281560,0.0717082585479,0.3928287414019,0.3945080615922,0.0478115188573,0.2586698745256,0.1168566475707,0.4636870168576,0.2927581663623,0.5922364227025,0.0945465446500,-0.0476350343589,0.1345811601906,0.2906678568728,0.4280397755956,0.1812199487859,1.0000000000000,-0.0058165903783,-0.0764600588522,0.1600866109356,0.4579731887069,0.2567172733223,0.3039498325065,0.1225476948047,0.0696494173941,0.1276950648325,-0.0228920505929,-0.1230338763249,0.2250477253734,0.0056431197734,-0.1694196418270,-0.0342072700205,-0.0914357623640,-0.0456744731459,-0.3286997923102,-0.2252058810745,0.0488862620634,0.3403047440597,0.3034802170461,-0.0903514976140,0.2298180720468,0.0240303625779,0.2858147262043,0.3818318789575,0.4342736608678,0.0772160157614,-0.1498245429130,-0.1390458634780,0.1698107159412,0.3156912163101,0.0712018813011,0.6547287266475,-0.2331677643718,-0.1683695527783,0.2073034496562,0.2422404152906
0.1773813765118,0.1741734240826,0.0081538927482,0.1946443593011,-0.0066849384963,-0.2597872320662,-0.0932481426316,0.4431667634663,-0.3613850026628,0.2341909355087,0.0088682400682,-0.1195758157048,0.0406840548026,-0.1589575802454,0.1952072568086,0.3246756051503,-0.1664826188530,0.0524663630045,-0.3484389638926,0.0142369400679,0.0572918323353,-0.0585841543612,0.0142103521435,-0.0601517426739,0.1739689069410,0.1942433342447,0.0287625143173,0.0588386231611,0.0885096734303,-0.0944199879573,-0.0058165903783,1.0000000000000,-0.0001458825870,-0.0418222414578,0.0063522489018,0.0728150296459,0.2195628341518,-0.0553906096513,0.1659785736756,-0.0041700491961,-0.3058595753964,0.0440978957392,0.3404819776277,-0.3166711863862,0.2365561588842,0.0416669068337,-0.1085654331581,0.0613243907217,-0.1135339489529,0.1435170389261,0.2568028700246,-0.1139736450125,0.1324417217305,-0.2207387566958,-0.0990894693616,0.0520450798583,-0.0185104402784,0.0098666633293,-0.1529124187034,0.0883054608376,0.1694470334791,0.0716985187012,0.1102101110357,0.1416420725068,0.0495542678724,-0.1130861240119,0.3017123048596,0.0447342869735,-0.0224873569654,-0.0925775498245
0.0608732080380,-0.0970129389530,-0.3033768289758,-0.1656263442131,-0.0339829492428,0.3495383102549,0.1764733527678,-0.1552031000974,0.4782137113481,-0.2630440934497,0.1493464832396,0.5728293457360,-0.1065509074296,0.1737145135713,0.2009576232946,0.0072011404565,0.0093121754081,-0.1875581718926,0.2407207117312,-0.2582219512857,-0.0469810326998,-0.0338174366512,-0.1204706130152,-0.0774947192537,-0.2061763428775,-0.1848173002869,-0.1407258009709,-0.1963889599954,0.0104372222424,0.0505768807973,-0.0764600588522,-0.0001458825870,1.0000000000000,0.0006648379099,-0.1413996440216,-0.0251532264326,0.0520928973696,-0.1721271284454,-0.0561446188206,-0.0457610113207,0.3219516105896,0.1228342650644,-0.0709070679418,0.4539882150280,-0.3046565679276,0.1397068056136,0.4520321181658,-0.0676947609780,0.2192337170895,0.1078999215614,-0.0901515434366,0.0241387692329,-0.1269324433993,0.3046430976400,-0.0751343825525,-0.1260408877916,-0.0058330932369,-0.0863107182712,-0.0256416976761,-0.1651296065463,-0.0664893360643,-0.0711059807756,-0.0183316333421,0.0546506804206,0.0714253353968,0.0399450536111,-0.0065615306984,0.6568021658680,-0.0549876791215,0.0309736395524
0.1903341242195,0.1073052128560,-0.1346584644643,0.3356823720775,0.1503839159368,-0.0437766491968,0.1703999738386,-0.0880766966049,0.0618998542838,0.0839657973885,0.2324276082328,-0.0952900826276,0.2282508033742,-0.1077496965482,0.1198831045662,0.0074542949358,0.3365492943879,0.3375552431460,-0.0923148168743,0.0905082145478,0.2030975324198,0.3641303210307,0.5642032517656,0.3074029620687,0.0761116785425,0.0456283775854,-0.1047002398380,0.0278846869031,0.1445357642012,0.3419073781641,0.1600866109356,-0.0418222414578,0.0006648379099,1.0000000000000,0.5139355839348,0.5175901652653,0.0347382872797,-0.1683159990229,0.4115607727382,0.1587270525255,-0.0449055645458,0.0202805168263,-0.0505470641329,-0.0662552002509,0.0127237455229,0.2206423607191,-0.1473264674595,0.2372475701339,-0.2151114722751,-0.0281290472678,0.0087260533156,0.3807278250077,0.1632515209574,-0.2216635389754,0.1773942270456,0.1539317695722,0.4357628605878,0.5805610975125,0.3945372575840,0.1745126419710,0.2970139613016,-0.1447182013975,0.0595800069193,0.2038299209507,0.2864957187441,0.2669283506827,-0.0836874622205,0.0155209974664,0.7667596315292,0.5908724615890
