1.0000000000000,0.3470374434579,0.4541146125436,0.6596907782332,0.6239183046099,0.3234347878868,0.5692091918531,0.0061793494146,0.6394892167854,0.2010735450441,0.6055185024888,0.6164336902861,0.5740345690070,0.5458738130284,0.8006871784683,0.6535424467301,0.3421052826249,0.7878185338849,0.7269010413625,0.7112356957569,0.5905937512729,0.4646538469281,0.5445463659917,0.6071662977072,0.3004718370080,0.5363875614541,0.5106209129015,0.6265336911980,0.1678148345561,0.7222448747115,0.3753954805073,0.1994260542084,0.1817632818025,0.5287689882082,0.3938647733569,0.2860598725298,-0.0675484341133,-0.2656810625716,0.4908610171926,0.6004238504613,0.2911924339587,0.4082749293994,-0.3616171681158,0.0374335441674,0.2394545726679,0.4008738847241,0.4116789781405,0.4444709749755,0.1632033649212,0.5250993256139,0.3948022886153,0.2850492773328,-0.0247128924547,0.3964073149349,0.0342027332848,0.5106407245756,-0.2471614802402,-0.0028484585942,-0.1207949875850,0.2786245507876,-0.0927700896981,-0.3749983412438,-0.1099655543224,-0.3267728757502,0.1998858472414,-0.3599833071396,0.1558278505441,0.3369193292142,0.1393613072864,0.2608584261394
0.3470374434579,1.0000000000000,0.0155327913748,0.6268564791311,0.3920996920230,0.2696531979436,0.3454698803497,-0.2391572639549,0.4432753622578,-0.0255754714651,0.3746945589528,0.4944932007037,0.3435164731365,0.2951158299214,0.3348157837843,0.4236639340543,0.1255012903593,0.3439395861966,0.4208856030860,0.3618110869595,0.5098431609464,0.2645187223078,0.6500766564384,0.3807768692329,0.1424492140883,0.4925211358905,0.5732872765909,0.2717531173048,0.1122643710915,0.5067597072721,0.3672280703261,0.1554795931613,0.0911543245759,0.6253277519797,0.7272845299108,0.1740531936518,0.6714766760943,-0.3131054359057,0.4943959247591,0.1739566286573,0.1925494449222,0.2584627561171,-0.3564473231759,0.0376694968093,-0.0282261763672,0.1909954301557,0.3052717382242,0.2791372018081,-0.0385655546284,-0.0601809953770,0.2490398214013,0.0105134359020,0.3352266828437,0.1946384404581,0.0511915042742,0.3649047318292,-0.1847767843488,0.4772979231245,0.0936979741308,0.2425987746121,-0.0705625051677,-0.0299177905402,-0.2700371192386,-0.1614585115306,0.2903538887385,0.1524805132171,-0.1205377574169,0.2411044526246,0.4144397563513,0.7515876691295
0.4541146125436,0.0155327913748,1.0000000000000,0.4456991432979,0.1878744744099,0.1857385863694,0.3221886152804,0.7284842434743,0.4515483662705,0.5166582141950,0.2138761383926,0.3888067411757,0.1621387328671,0.4442074091143,0.4916273574606,0.4673335998295,0.2767861180661,0.5260567980199,0.4746027998492,0.4220580711229,0.1954143878761,0.2108544801391,0.3351310827080,0.4975895829615,0.4783487443119,0.4977518601949,0.4918523169173,0.7925729272215,0.1630022069899,0.2130273022213,0.4224665087965,0.2521775444829,-0.0205951632508,0.1273042424534,-0.0636585372078,-0.0686095880487,-0.2524244421413,0.2154227727868,0.1970404322565,0.1623971413085,0.1419344377958,-0.0590248731576,0.3280487112100,-0.1377347223968,0.5411847364871,-0.0552462390229,0.2078121084243,0.0637746774864,0.2020086782444,0.2089007137363,0.2728099495821,0.1276279746095,-0.2440930321954,0.1776466636566,-0.1918480381135,0.1371662476734,-0.3628802179997,-0.1080646850166,-0.2708653313811,0.4998512636240,0.2963137538725,-0.1410560127188,0.2262447046327,-0.1475855090594,-0.2035804203333,-0.4256502696059,0.3262209899873,0.0941682106909,-0.0751800676806,-0.0312051139114
0.6596907782332,0.6268564791311,0.4456991432979,1.0000000000000,0.5347969260385,0.3093266903258,0.4239259786902,0.0849027704136,0.7353373998735,0.2931208298082,0.4988009595121,0.6715543152763,0.3691915985635,0.6431927546046,0.7262610371242,0.7037214357813,0.1747087117122,0.7030914424286,0.7246291642298,0.7582495319923,0.6508889297391,0.2454370048695,0.7976589680141,0.5082473362763,0.4787212909165,0.7995401255487,0.7540503916066,0.5999815217626,0.2612182148963,0.6304961001413,0.4927794003236,0.1732352389682,-0.0108177343683,0.5798884039394,0.6268965316298,-0.0804227753371,0.2344820716132,-0.1978991116601,0.8187447462371,0.3276750148863,0.3111933637049,0.2590259910073,-0.2368099447612,0.0616621710395,0.2926811427077,0.2202489010086,0.4320258137676,0.2767185869404,0.1912857065622,0.2035748570031,0.4172703051717,-0.0323742280778,0.2588447023903,0.3020137026448,0.0078501655767,0.4196771787886,-0.5657413000432,0.2192935826012,-0.2584997191023,0.4955884187106,0.0807162269362,-0.1865278315928,-0.2019288523401,-0.3017782172184,-0.0640461853504,-0.2147940036416,0.0974569749624,0.3171158973150,0.0680490429142,0.4719647641857
0.6239183046099,0.3920996920230,0.1878744744099,0.5347969260385,1.0000000000000,0.3337010487399,0.6228867889362,-0.1651733908848,0.4814581917295,0.3164338192661,0.6814254429297,0.4205916768574,0.7838566866539,0.4475579019298,0.5490499234077,0.5699563376116,0.3733705583897,0.4938991683998,0.4807381511601,0.4158313660473,0.7867566254431,0.5200271686673,0.5481362558902,0.5347541915843,0.4204329863582,0.3625415723221,0.2420465479044,0.3798551428559,0.3255152940937,0.6961678809232,0.1202017493122,0.2442480253568,0.2376747206084,0.5932760500848,0.3835953621951,0.3741543346143,0.0411703687667,-0.3315792747611,0.4212209070201,0.8262242824289,0.2648336032827,0.4963911314394,-0.4570208185135,0.0713563090175,0.3254359101856,0.5781107382329,0.2478772909432,0.7502593388768,0.1527945014274,0.2998564191776,0.5036730277152,0.3510149558515,-0.0299109677977,0.1627054630157,-0.1901785222852,0.8277352445816,0.0773986013075,0.1373289397443,0.0696148419781,0.2460642990895,-0.2180036668591,-0.4482067174296,-0.1748445898944,-0.0568160023451,0.3860452365354,-0.2665537758524,0.0451386760560,0.3022687299618,0.3391387302895,0.2983500309424
0.3234347878868,0.2696531979436,0.1857385863694,0.3093266903258,0.3337010487399,1.0000000000000,0.5807107837612,-0.0326081636456,0.5268648805193,0.1723294842688,0.4420995850369,0.4848893182704,0.3735979489380,0.3745481385445,0.3897729868896,0.5658678503687,0.0004303097026,0.2761272317926,0.4274359210251,0.3077523794295,0.3089135006966,0.2397589846835,0.2132705404210,0.2643887527789,0.0994573467687,0.2371655789359,0.2381468989702,0.2967138013929,-0.0149619295406,0.4409163400222,0.0355833708997,0.2468789159652,0.6416427385292,0.2592097486145,0.2147519515309,0.1377830492854,-0.0061561239259,-0.2000742472293,0.2264343155002,0.3100548383007,0.7395321368349,0.4918460360108,-0.2428494418509,0.2570084583795,0.2160821696288,0.2990781257800,0.4607258729205,0.3076448097440,0.2125024246269,0.3208853490114,0.5010233442222,-0.0629561645139,-0.0618542692055,0.3345375915213,-0.0414036155712,0.3096483095215,-0.0833121040552,-0.0858909682181,-0.1411927079391,0.0348186766060,-0.1295214835616,-0.2315683492595,-0.0498078133148,-0.1936147812485,0.3166854904499,-0.2945792022278,0.0323941587888,0.5524940893497,0.1558733210668,0.2172972349411
0.5692091918531,0.3454698803497,0.3221886152804,0.4239259786902,0.6228867889362,0.5807107837612,1.0000000000000,-0.0043928565350,0.6973939024643,0.2475761255899,0.7839132701330,0.6075551316303,0.7824562393160,0.5574412980643,0.6496828262931,0.7114487202286,0.3157581798746,0.4134482784438,0.5990887990058,0.4237802417286,0.4953960325775,0.5464214710145,0.3559000018400,0.5450261787495,0.1947610385943,0.3648126776687,0.3774187970565,0.4706290280427,0.1768806157691,0.7478686075744,0.2306708536540,0.2954735736882,0.3905431660458,0.4691905855824,0.2786479724479,0.3952866734895,-0.0486113242579,-0.2958741399418,0.2618581866156,0.6284622363159,0.5380438887671,0.6790390774894,-0.3364976920123,0.3064832565509,0.3040993504480,0.5828987050519,0.4794401298395,0.5864503966970,0.2740677607078,0.4803293874592,0.5410068800561,0.2282605927517,-0.1441118278893,0.3626623784095,-0.1420834317270,0.5758961921521,-0.0170783710907,-0.0376312799926,-0.0488505043637,0.1369797147856,-0.1823090649736,-0.3312725550445,-0.0823433313604,-0.1133018825165,0.4588759144347,-0.2980320150082,0.1647527523650,0.5154986778552,0.2796947829222,0.2528158488954
0.0061793494146,-0.2391572639549,0.7284842434743,0.0849027704136,-0.1651733908848,-0.0326081636456,-0.0043928565350,1.0000000000000,0.0112365007081,0.5280796508717,-0.1402526407867,-0.0515157312882,-0.1292242439216,0.0870976530273,0.0685657096596,0.0625583903390,0.1664076118234,0.0239184478601,0.0163657065618,-0.0493527538380,-0.1896204714390,-0.1104482558983,0.0446054961278,0.0721561577476,0.5200890038233,0.2135771083146,0.2126200750031,0.4321150187580,0.1870334246728,-0.2487902471920,0.2893388068512,0.2187757489420,-0.1452086182279,-0.2107588142181,-0.3366805176005,-0.1414675399360,-0.2389627011730,0.3823510162318,-0.0505070320156,-0.1553278384869,-0.0616599245773,-0.4112854191506,0.7134796579914,-0.1960005201103,0.6018859458064,-0.3885505329732,-0.0844026308087,-0.1362782933153,0.1246188067574,0.0027383968042,0.0298786927173,0.0272908407038,-0.3185757133475,-0.0728663505076,-0.1942793178823,-0.1754267371010,-0.2273330111811,-0.0015369045422,-0.2794165291147,0.5269769109522,0.4569707781266,0.1515250171847,0.3064200905646,0.1575061070800,-0.3297992056268,-0.2167568493128,0.4073399943693,-0.1070750279102,-0.1765105104542,-0.2667619545837
0.6394892167854,0.4432753622578,0.4515483662705,0.7353373998735,0.4814581917295,0.5268648805193,0.6973939024643,0.0112365007081,1.0000000000000,0.2149777385210,0.6820703272231,0.8468562848122,0.4782711760435,0.7936637553632,0.8783714660910,0.8031256369158,0.1003530839808,0.6772887959900,0.8883340762713,0.7862769866453,0.5240787220486,0.3488473049372,0.5428620862307,0.5574293705104,0.2675477853295,0.6718452697002,0.6654974641495,0.6558092945704,0.1017348538806,0.7721148075440,0.3543004223776,0.2162002526227,0.2202407163703,0.5607237384631,0.3927202415459,-0.0525163548193,-0.0946458641833,-0.3489198416320,0.5147229327780,0.3637837485973,0.5560814030167,0.5235747022547,-0.3985143759618,0.2514083780379,0.2391145183494,0.3622093246419,0.6329016140625,0.2575951443320,0.3014302482490,0.4308548574360,0.4717372214337,-0.0799089605427,0.0039044709451,0.4914266519394,-0.0860011172844,0.4144867884424,-0.4928345330261,-0.1352124253265,-0.3781634471466,0.2145692956844,-0.1187926797430,-0.3547439844144,-0.2047787277457,-0.4146481931016,0.0933644833135,-0.4379271605086,0.1264888382262,0.5739267657860,0.0735145819851,0.2668205726952
0.2010735450441,-0.0255754714651,0.5166582141950,0.2931208298082,0.3164338192661,0.1723294842688,0.2475761255899,0.5280796508717,0.2149777385210,1.0000000000000,0.1576873939377,0.2033122530074,0.2970111321530,0.3957280781574,0.2705425184923,0.3789634246180,0.1133174285387,0.0832655311687,0.2280339838439,0.0408112902098,0.2550418115954,0.0405983682350,0.2699067642050,0.0823737290919,0.7255941786736,0.4128045531475,0.1158764409633,0.4933461265672,-0.0203912947802,0.1432882752472,-0.1143255914856,0.4121080090992,0.0814414203907,0.1839047563383,-0.1812906483633,0.0516247042782,-0.1986364454867,-0.0263425980065,0.2492794209346,0.2288085208602,0.1893974324412,0.0274430786896,0.1539065294863,-0.1222171576352,0.8889775384021,0.0425308653983,0.1490910673486,0.3021151964490,0.3491303382904,0.1663356380759,0.4216021417490,0.0275445288821,-0.4593687976462,0.0275762196825,-0.3852039954614,0.2422113265878,-0.0767510177425,-0.0002295343244,-0.2447768356207,0.5467809267768,0.3318424481122,-0.2615212303853,0.1694126384213,-0.1047199592899,0.0191577728464,-0.4704237897405,0.3211081931073,0.2104031898860,0.1286096503944,-0.1076064113243
0.6055185024888,0.3746945589528,0.2138761383926,0.4988009595121,0.6814254429297,0.4420995850369,0.7839132701330,-0.1402526407867,0.6820703272231,0.1576873939377,1.0000000000000,0.6097259694064,0.7706911383636,0.5708360754910,0.6920855813995,0.6661890334056,0.2493037037029,0.5311424967257,0.6353380534770,0.5381642137298,0.5810514796909,0.5450588511118,0.3320109539794,0.5519347613427,0.1580979934192,0.4395846013158,0.3607921295978,0.4673149143548,0.1339170055090,0.7899396472604,0.1400776102084,0.3702730237826,0.3475361481164,0.5262116927135,0.3162639117064,0.3293278155643,-0.0634950754406,-0.4631874075082,0.3677420085033,0.6782227105770,0.3654979389206,0.6628829041866,-0.5259184193354,0.2121526135481,0.2034132929780,0.7720879855776,0.4014444966894,0.6205673319873,0.2395831655563,0.4392544708927,0.4843126814793,0.1751065801352,-0.0965044591760,0.3512738599737,-0.0673254349591,0.6556435511894,-0.0695953572901,-0.1664619415651,-0.0988366845667,0.0238325853538,-0.2195279525160,-0.3981335279128,-0.1924598621147,-0.2187498936717,0.4018247399294,-0.3997678656292,0.1592822675099,0.4475541767946,0.2726732344879,0.2434699636410
0.6164336902861,0.4944932007037,0.3888067411757,0.6715543152763,0.4205916768574,0.4848893182704,0.6075551316303,-0.0515157312882,0.8468562848122,0.2033122530074,0.6097259694064,1.0000000000000,0.4522475964777,0.8094238142553,0.7827143247552,0.7575121251198,0.1367772803350,0.5965550023136,0.9213496022294,0.7327678789138,0.4624002162696,0.3681495087460,0.5142656816604,0.4889564417855,0.2167198838650,0.6379711803041,0.6498465450006,0.6322291737472,-0.0142367385559,0.7537212155512,0.2586888378508,0.2286769591697,0.2524090115162,0.4671634101763,0.3627788177616,-0.0065184788967,0.0015348029335,-0.3875862421858,0.4767501564972,0.3591314998517,0.5260371384578,0.4451599607674,-0.4303508339425,0.1590712072770,0.2019904835666,0.3185227161369,0.8390553280604,0.2353839607526,0.3855410201807,0.4062398415329,0.3811117747833,-0.0367963465753,-0.0170717909123,0.6981136830333,-0.0169413406722,0.3248106913793,-0.4201486090799,-0.0926048600965,-0.3229945420355,0.1777418941872,-0.1063295270028,-0.3399972356108,-0.1946811795170,-0.4431645812906,0.1636582040300,-0.4261261154597,0.0724189321293,0.5734892240950,0.0787172850737,0.3033747860816
0.5740345690070,0.3435164731365,0.1621387328671,0.3691915985635,0.7838566866539,0.3735979489380,0.7824562393160,-0.1292242439216,0.4782711760435,0.2970111321530,0.7706911383636,0.4522475964777,1.0000000000000,0.4196464228765,0.5218896476942,0.5776094393628,0.3574867218699,0.3772520537922,0.4699185755528,0.3458436011273,0.6609734698611,0.5479823441579,0.3721445108879,0.5202145416515,0.2570773882278,0.2935629602821,0.2132452555470,0.3655532455933,0.1521812377487,0.7306486255086,0.0822409095172,0.2647961001319,0.2766117480482,0.5434512745040,0.2970656510654,0.4660918438907,0.0138390855295,-0.4022572711896,0.2762759457290,0.7039206121844,0.3452726447201,0.6243575827503,-0.4689041904847,0.1596362444233,0.3310471389798,0.6606720987256,0.2818116407673,0.8336446464197,0.1629917870207,0.3629919688806,0.4683472771660,0.3388948952644,-0.1403341946572,0.2332300456073,-0.1317821853336,0.7389885073231,0.1649402768101,0.0475436945151,0.0680617978696,0.0814989778073,-0.2257865705065,-0.3997695440994,-0.1636332155024,-0.0985044926070,0.5762283100137,-0.2791776765785,0.1124707229427,0.3646505377138,0.4439693190763,0.2543263124128
0.5458738130284,0.2951158299214,0.4442074091143,0.6431927546046,0.4475579019298,0.3745481385445,0.5574412980643,0.0870976530273,0.7936637553632,0.3957280781574,0.5708360754910,0.8094238142553,0.4196464228765,1.0000000000000,0.8033856543882,0.7554992147083,0.0913812081374,0.4971710285473,0.8408207314647,0.6152912878782,0.4894309263639,0.2418707093357,0.4163851803832,0.3940583910446,0.3665818768225,0.7534894004261,0.4787104699023,0.7083281217764,-0.0460804210938,0.6686460545378,0.1530727676826,0.2952405561268,0.1812463528018,0.3997418868683,0.1574317373198,-0.1154534326993,-0.1858591595934,-0.3603371457655,0.5170314663808,0.3371684034134,0.4668702345484,0.3825329459855,-0.3695206350431,0.1557854118468,0.4067994664262,0.3114296952571,0.7090236570423,0.1961421885342,0.6909125035876,0.4834307735558,0.4624336084702,-0.0802468842360,-0.2482100335897,0.5080051416655,-0.2832385995641,0.3423582736976,-0.4398379319372,-0.2192123437905,-0.4233487090432,0.2415955246379,0.0859677106553,-0.5026180149323,-0.0944645592889,-0.5059683553034,-0.0291965861192,-0.5909391222882,0.3322963955751,0.5602448355559,-0.0375226484198,0.0482524853280
0.8006871784683,0.3348157837843,0.4916273574606,0.7262610371242,0.5490499234077,0.3897729868896,0.6496828262931,0.0685657096596,0.8783714660910,0.2705425184923,0.6920855813995,0.7827143247552,0.5218896476942,0.8033856543882,1.0000000000000,0.7751714751614,0.1586887133033,0.7505364187372,0.8998583709353,0.8158533364211,0.5485035523937,0.3696380560137,0.5437157240872,0.5458449094386,0.3583621385223,0.7006297977374,0.5978982187707,0.7381992680262,0.1108954493480,0.8211660592489,0.3462786167992,0.2630209040504,0.2105053415538,0.5552150488968,0.2854827791749,-0.0137932493671,-0.2131733152562,-0.3158540393831,0.5519632134680,0.4818403619248,0.4201666026916,0.4851513808626,-0.4164369571459,0.1194105730986,0.3174261998626,0.3886573616349,0.5689475848308,0.3281582287155,0.3692479520941,0.6171777522329,0.4673132153694,0.0114780261976,-0.1125349426397,0.5003817503242,-0.0987650427429,0.4757057325093,-0.4529014092401,-0.1794623930223,-0.4147250074873,0.2495917245230,-0.0566082946173,-0.4618550073484,-0.1318000155849,-0.4649050165980,0.0721904302533,-0.5420845902344,0.3161335384005,0.5446485082601,0.0308099189977,0.1151543220000
0.6535424467301,0.4236639340543,0.4673335998295,0.7037214357813,0.5699563376116,0.5658678503687,0.7114487202286,0.0625583903390,0.8031256369158,0.3789634246180,0.6661890334056,0.7575121251198,0.5776094393628,0.7554992147083,0.7751714751614,1.0000000000000,0.1938593538295,0.5860344459698,0.7728271808148,0.6344367040606,0.6014339611744,0.4051440155216,0.5281872348234,0.5428071388850,0.3382997564502,0.6644262090463,0.5177139237052,0.6506538233088,0.0561006716354,0.7471399506426,0.2525144169919,0.3782651221139,0.3190244051531,0.5356905143784,0.3620344943898,0.0889802386684,-0.0328785545672,-0.2972648476546,0.5319205574228,0.4438591769678,0.5245183490384,0.5114148426143,-0.3146814288131,0.1861278158122,0.4276857366903,0.4310346581702,0.5900189918309,0.4258650311403,0.3808128862853,0.4284253512903,0.6693338727827,0.0602000705890,-0.0948348573838,0.4600781083562,-0.1581673503907,0.5013825627804,-0.3270086968419,-0.0614981035441,-0.2592593262702,0.2987456448673,-0.0079046197299,-0.4008894175282,-0.1173342140525,-0.3790216064891,0.1933704062196,-0.4380738305533,0.2238030405956,0.5220409515479,0.1698832243308,0.3119643402948
0.3421052826249,0.1255012903593,0.2767861180661,0.1747087117122,0.3733705583897,0.0004303097026,0.3157581798746,0.1664076118234,0.1003530839808,0.1133174285387,0.2493037037029,0.1367772803350,0.3574867218699,0.0913812081374,0.1586887133033,0.1938593538295,1.0000000000000,0.2015652691611,0.1572860129858,0.1304028391975,0.1313686929953,0.6211948026585,0.3396072712337,0.5423969969543,0.1725841175833,0.1690277102523,0.1972468401307,0.2946819531255,0.3881364567344,0.2475791611208,0.3481304943133,0.1077737348782,-0.0737894004116,0.1948749634954,0.1277650179163,0.4349820864112,0.0035145261782,-0.0289685150077,-0.0029554017409,0.4740534582270,-0.0501249960333,-0.0392653561707,-0.0002004194080,-0.1577557041724,0.1780269704839,0.0713742363550,0.0174199559014,0.3215754548684,-0.0307313484600,0.0103775943802,0.1441451661716,0.8926162999389,-0.1148988446807,-0.0011053209515,-0.0925681662287,0.2701442663455,0.2691671937327,0.2939062266779,0.4232020875877,0.3388511643418,0.0478346776231,-0.0382961128953,0.1336156130929,0.3007838027224,0.1477719350153,0.0148039173792,0.0814502100039,-0.0881631799248,0.0669190128455,0.1734230588307
0.7878185338849,0.3439395861966,0.5260567980199,0.7030914424286,0.4938991683998,0.2761272317926,0.4134482784438,0.0239184478601,0.6772887959900,0.0832655311687,0.5311424967257,0.5965550023136,0.3772520537922,0.4971710285473,0.7505364187372,0.5860344459698,0.2015652691611,1.0000000000000,0.7124401991038,0.8948609881868,0.5449890480643,0.3725738722128,0.4959163803185,0.6987257850240,0.1861942988312,0.5462545884675,0.5932598830009,0.6222366294502,0.2391271575920,0.6125263799783,0.3992421317831,0.1366536446323,0.0629740351685,0.5094948452981,0.4542640706658,-0.0251301875428,-0.1241675915492,-0.2029652478907,0.5157670221455,0.4044580194052,0.2137192200875,0.3175714155093,-0.3083224838509,-0.0178986632395,0.1254590623820,0.2655343160932,0.3071229228156,0.2570633788921,0.0375162127453,0.2976155739629,0.3138093410521,0.1062939099408,0.2271413196456,0.3339221628166,0.1459978135359,0.4417064625227,-0.4399996903721,-0.1603591223493,-0.2025124358337,0.1577029003471,-0.0881273817858,-0.3431077479876,-0.1639652767227,-0.3389645927830,-0.0381948296956,-0.3863860435950,0.0559326064106,0.2678961575752,0.0077353921077,0.2484939042171
0.7269010413625,0.4208856030860,0.4746027998492,0.7246291642298,0.4807381511601,0.4274359210251,0.5990887990058,0.0163657065618,0.8883340762713,0.2280339838439,0.6353380534770,0.9213496022294,0.4699185755528,0.8408207314647,0.8998583709353,0.7728271808148,0.1572860129858,0.7124401991038,1.0000000000000,0.8267843867079,0.4952631017675,0.3484469078586,0.5442981012219,0.5218621388509,0.3022792491020,0.6874085001486,0.6648789128914,0.7198654306626,0.0416297499076,0.7818683976861,0.3186450207346,0.2257749932117,0.1470265305870,0.5295260993618,0.3170769870548,-0.0455529459259,-0.1159762727413,-0.3634245978074,0.5121208604650,0.4244419400408,0.4747819310380,0.4206841875872,-0.4202345863973,0.0921563272763,0.2402515320105,0.3254638601913,0.7032724957363,0.2539138677130,0.3486141802977,0.4870934316243,0.3834268696746,-0.0065300350954,-0.0843698303329,0.6662400633460,-0.0644456374242,0.3638152595743,-0.4830177861783,-0.1364921496412,-0.3979071970098,0.2300755170977,-0.1050337289255,-0.4212403906274,-0.1807931284748,-0.4663319650483,0.0666907982005,-0.4946488191058,0.2014002437001,0.5286493607836,0.0528865508786,0.2053163318703
0.7112356957569,0.3618110869595,0.4220580711229,0.7582495319923,0.4158313660473,0.3077523794295,0.4237802417286,-0.0493527538380,0.7862769866453,0.0408112902098,0.5381642137298,0.7327678789138,0.3458436011273,0.6152912878782,0.8158533364211,0.6344367040606,0.1304028391975,0.8948609881868,0.8267843867079,1.0000000000000,0.5122200373085,0.3201360213004,0.5517368961032,0.6060109008227,0.1617975908546,0.5964354274707,0.6708000152512,0.5825594610826,0.2149876004198,0.6831621488561,0.4092349109656,0.0552988181834,0.0241651966693,0.4752206367766,0.4593534620493,-0.1701014693922,-0.0989348567381,-0.2418571125308,0.6021501150779,0.3247812757940,0.3211267168647,0.3542071410115,-0.3781997747877,0.0626062231915,0.0642349532717,0.2474419984448,0.4731718726201,0.1790030291945,0.1304107540828,0.3135978161174,0.2860755043081,-0.0061498719879,0.2442118131922,0.4736631017668,0.2054762318457,0.3399059005378,-0.5434967528073,-0.1241986578185,-0.3074055455727,0.1276720933417,-0.1069883706125,-0.3068351133629,-0.2058126877626,-0.3849727134736,-0.0809117574224,-0.3705298507671,0.0329244158741,0.3350912584322,-0.0855572852732,0.2260382152382
0.5905937512729,0.5098431609464,0.1954143878761,0.6508889297391,0.7867566254431,0.3089135006966,0.4953960325775,-0.1896204714390,0.5240787220486,0.2550418115954,0.5810514796909,0.4624002162696,0.6609734698611,0.4894309263639,0.5485035523937,0.6014339611744,0.1313686929953,0.5449890480643,0.4952631017675,0.5122200373085,1.0000000000000,0.3119255520417,0.5639571008947,0.4786063132531,0.3241563888328,0.4901451229166,0.3139362867177,0.4192503168426,0.1525409178549,0.6517836681843,0.1614827172679,0.2007494821712,0.1980940268337,0.6466081948791,0.5877068459721,0.1189420616944,0.2368815740477,-0.2974149842042,0.6369655519698,0.4540278458600,0.2802949059199,0.5036783207687,-0.4243531739942,0.1601206480029,0.2416644763472,0.5051145237367,0.3111394819999,0.6369688292399,0.1949799037227,0.1982160267147,0.5001079843135,0.1047865060149,0.1720415522504,0.1834669972330,-0.0754362965196,0.8182128400226,-0.1492231183655,0.1769261918753,0.0023107859192,0.1791917882694,-0.0195027507778,-0.3950410825692,-0.1530770914838,-0.2871078812434,0.2399283926111,-0.2197234293682,-0.0075891557820,0.3121233896229,0.3893295834198,0.4418677551076
0.4646538469281,0.2645187223078,0.2108544801391,0.2454370048695,0.5200271686673,0.2397589846835,0.5464214710145,-0.1104482558983,0.3488473049372,0.0405983682350,0.5450588511118,0.3681495087460,0.5479823441579,0.2418707093357,0.3696380560137,0.4051440155216,0.6211948026585,0.3725738722128,0.3484469078586,0.3201360213004,0.3119255520417,1.0000000000000,0.3459291647580,0.8048103782904,-0.0232095874672,0.1788885744825,0.1983096692445,0.3163169161529,0.3527942697754,0.5837235756717,0.3152496779616,0.2329173308882,0.2133262357220,0.4414807217116,0.2699476440651,0.4738255321367,-0.0442518398646,-0.2386494215508,0.0341881871489,0.6266347748718,0.1156420313205,0.2613543853747,-0.3229555531416,-0.0387339079868,0.0703059254194,0.3812893225987,0.1604082742224,0.4332945063185,-0.0290960175522,0.1292365201840,0.2751219733212,0.5697550655576,-0.0633634117261,0.1128396729026,-0.0809437011244,0.4631228422495,0.3986378660344,0.1032664465471,0.4563568535512,0.0697359184168,-0.2202229049777,-0.2911484610747,-0.0497787401972,0.1507574799080,0.4240210188735,-0.0479686234395,0.0307212346218,0.1119192403529,0.3020418646954,0.3399138451876
0.5445463659917,0.6500766564384,0.3351310827080,0.7976589680141,0.5481362558902,0.2132705404210,0.3559000018400,0.0446054961278,0.5428620862307,0.2699067642050,0.3320109539794,0.5142656816604,0.3721445108879,0.4163851803832,0.5437157240872,0.5281872348234,0.3396072712337,0.4959163803185,0.5442981012219,0.5517368961032,0.5639571008947,0.3459291647580,1.0000000000000,0.4866774549219,0.4751744716350,0.5741562257203,0.6009618780495,0.4444630261636,0.3188679069462,0.5739426462999,0.5322871957178,0.1198561816187,-0.0637729055525,0.5734776999055,0.5601540099770,0.0588306272381,0.3416142186129,-0.0698909282054,0.6039705923824,0.3709507093069,0.1856009486666,0.1047398444192,-0.2178220454207,-0.1104066992332,0.2326220972609,0.0846874685166,0.2778514812879,0.2883012201396,0.0261366471284,0.0429326156144,0.2703930004005,0.1853509898993,0.2242992518323,0.1615843891656,0.0052697626954,0.3944413025299,-0.2835441677318,0.5532882786353,-0.0013979109881,0.5341761314206,-0.0213499757249,-0.1350137924599,-0.1277049485302,-0.1109535577853,0.0733344979549,0.0030296377885,0.0238934604422,0.1518217323727,0.1927425713358,0.5235932306671
0.6071662977072,0.3807768692329,0.4975895829615,0.5082473362763,0.5347541915843,0.2643887527789,0.5450261787495,0.0721561577476,0.5574293705104,0.0823737290919,0.5519347613427,0.4889564417855,0.5202145416515,0.3940583910446,0.5458449094386,0.5428071388850,0.5423969969543,0.6987257850240,0.5218621388509,0.6060109008227,0.4786063132531,0.8048103782904,0.4866774549219,1.0000000000000,0.1251982749750,0.3922789667041,0.4644313504678,0.5428144313231,0.4267007414807,0.6230032357676,0.5040910319610,0.1991243826774,0.0869777957327,0.5071057793919,0.4292519750727,0.2299444189583,-0.0313276149068,-0.1791275003324,0.2507552003943,0.4818331276424,0.1448218694306,0.2448420002105,-0.2361386107428,-0.0303095635209,0.1470316398812,0.2659732298216,0.1965780635218,0.3435756580069,0.0003577554870,0.0906756717144,0.3052033931063,0.4321155910836,0.1212588560701,0.1464585116480,-0.0390260033913,0.4804620959887,-0.0020847661511,0.0579244126641,0.2698854140640,0.2271617273629,-0.1185527575570,-0.3033640911521,-0.0702880763917,-0.0058300449124,0.1951704756140,-0.1719575967554,0.0275011582701,0.1257719725863,0.1748324689739,0.3805952602050
0.3004718370080,0.1424492140883,0.4783487443119,0.4787212909165,0.4204329863582,0.0994573467687,0.1947610385943,0.5200890038233,0.2675477853295,0.7255941786736,0.1580979934192,0.2167198838650,0.2570773882278,0.3665818768225,0.3583621385223,0.3382997564502,0.1725841175833,0.1861942988312,0.3022792491020,0.1617975908546,0.3241563888328,-0.0232095874672,0.4751744716350,0.1251982749750,1.0000000000000,0.3995541598240,0.3403853939069,0.4195582605616,0.2939625567779,0.1939894350292,0.1643843789697,0.2465135870283,-0.0401077106242,0.2663934265183,0.0082413876507,0.0105163600264,-0.0504895808532,0.0114373206089,0.3997482059187,0.2897181059873,0.1786544557537,0.0194612780877,0.1439960750739,-0.0781765045011,0.7202330763109,0.0108236304605,0.1347400373341,0.2551771716329,0.2064035965817,0.2051742605376,0.3217042085387,0.0430251578440,-0.2229079979862,0.0402237278631,-0.2543193006272,0.2676192078511,-0.2482439991344,0.1683906150754,-0.3097830169989,0.8049769383453,0.1439159227788,-0.1421220588963,-0.0039375369894,0.0292115844883,-0.0593110590695,-0.3099082180735,0.2248905599458,0.2091172733780,0.1065029451240,-0.0346546471659
0.5363875614541,0.4925211358905,0.4977518601949,0.7995401255487,0.3625415723221,0.2371655789359,0.3648126776687,0.2135771083146,0.6718452697002,0.4128045531475,0.4395846013158,0.6379711803041,0.2935629602821,0.7534894004261,0.7006297977374,0.6644262090463,0.1690277102523,0.5462545884675,0.6874085001486,0.5964354274707,0.4901451229166,0.1788885744825,0.5741562257203,0.3922789667041,0.3995541598240,1.0000000000000,0.6146654665413,0.7576909546603,0.0052907115352,0.5292349407817,0.3197495823098,0.2626008986290,0.0201798833770,0.4598144434812,0.3803776729184,-0.1342779120439,0.0607486353329,-0.2621629097894,0.6555686416399,0.1931208053979,0.2464762092042,0.1724680745463,-0.2080325050049,-0.0155399618215,0.4103192268849,0.1495576712492,0.4655696094559,0.1738616484610,0.4309855335587,0.2474378166101,0.4161835484742,-0.0200506794753,-0.0786573001358,0.2845961117968,-0.2228483368070,0.3023380340170,-0.5136130189049,0.0071720079113,-0.3250617202031,0.4034218509257,0.3934870395129,-0.2825653763253,-0.0480409276999,-0.4643984604746,-0.1357397907131,-0.4023046851382,0.2920019584989,0.3474967866655,-0.0029716817492,0.3104080570170
0.5106209129015,0.5732872765909,0.4918523169173,0.7540503916066,0.2420465479044,0.2381468989702,0.3774187970565,0.2126200750031,0.6654974641495,0.1158764409633,0.3607921295978,0.6498465450006,0.2132452555470,0.4787104699023,0.5978982187707,0.5177139237052,0.1972468401307,0.5932598830009,0.6648789128914,0.6708000152512,0.3139362867177,0.1983096692445,0.6009618780495,0.4644313504678,0.3403853939069,0.6146654665413,1.0000000000000,0.5656434408561,0.2980946464030,0.4680274913955,0.6545486943712,0.0959250869727,-0.1094830735857,0.4047892348041,0.4961663320602,-0.0983620601835,0.2083029485962,-0.1670440215983,0.5242268760159,0.1480996674890,0.2720573843393,0.1371287630253,-0.0877546012919,0.0543396551224,0.1521195420712,0.0234314209777,0.3996930106162,0.0762600386749,-0.0091616503485,0.1121330812357,0.1645959697217,-0.0193243538799,0.2127113851737,0.3691556989457,0.0847475280844,0.1475645871887,-0.6010832953665,0.1863846433246,-0.3186823838078,0.4350440518133,0.0210950624971,0.1154668509805,-0.2624978302328,-0.1579726899775,-0.0868543456409,-0.0914960061267,0.0335199851326,0.2325139450353,0.0085507194712,0.3578113138160
0.6265336911980,0.2717531173048,0.7925729272215,0.5999815217626,0.3798551428559,0.2967138013929,0.4706290280427,0.4321150187580,0.6558092945704,0.4933461265672,0.4673149143548,0.6322291737472,0.3655532455933,0.7083281217764,0.7381992680262,0.6506538233088,0.2946819531255,0.6222366294502,0.7198654306626,0.5825594610826,0.4192503168426,0.3163169161529,0.4444630261636,0.5428144313231,0.4195582605616,0.7576909546603,0.5656434408561,1.0000000000000,0.0865694491756,0.5073027555495,0.3533999757734,0.3831968337372,0.1246367981882,0.3856598808411,0.1228597618537,-0.0639960566884,-0.1755740497402,-0.1011606268373,0.4167588116073,0.3077067398576,0.2576595492579,0.1780380115033,-0.0748590687506,-0.0784805587542,0.4985965903405,0.1529163745904,0.4422315501664,0.2326848541151,0.3986334421927,0.3537869477127,0.4159550213616,0.1364032310106,-0.3211148380423,0.3544403087141,-0.3015417560958,0.3465820196387,-0.3437811265357,-0.1334177979900,-0.2965023117687,0.3640956825201,0.2976575524333,-0.3812521896264,0.1921351621234,-0.3631138100116,-0.0945207335204,-0.5555619497622,0.3920007036944,0.3152807246411,0.0114757958647,0.0549029979156
0.1678148345561,0.1122643710915,0.1630022069899,0.2612182148963,0.3255152940937,-0.0149619295406,0.1768806157691,0.1870334246728,0.1017348538806,-0.0203912947802,0.1339170055090,-0.0142367385559,0.1521812377487,-0.0460804210938,0.1108954493480,0.0561006716354,0.3881364567344,0.2391271575920,0.0416297499076,0.2149876004198,0.1525409178549,0.3527942697754,0.3188679069462,0.4267007414807,0.2939625567779,0.0052907115352,0.2980946464030,0.0865694491756,1.0000000000000,0.1065470468588,0.5538978082895,0.0368756337590,-0.1782172683679,0.0882532104686,0.2472289570783,0.0482791455165,0.0332451503504,0.0977462137549,0.1408244011654,0.3005886255735,-0.0541123305512,-0.0178749340175,0.1502711445887,0.0246399163722,0.0150616052182,0.0406937793636,-0.1256862199814,0.1727869412480,-0.2418061549114,-0.1486644715190,-0.0178016051597,0.3275924761624,0.2611278398974,-0.1062574374166,0.0488310796787,0.2153754103652,0.0150592298223,0.2431635370540,0.1352697462116,0.3031632613308,-0.1090493407149,0.0497355612664,-0.1029947149851,0.6517729105515,-0.0995198787695,0.2549776338983,-0.0364363705584,-0.1760799632482,-0.1099734091043,0.0754042647834
0.7222448747115,0.5067597072721,0.2130273022213,0.6304961001413,0.6961678809232,0.4409163400222,0.7478686075744,-0.2487902471920,0.7721148075440,0.1432882752472,0.7899396472604,0.7537212155512,0.7306486255086,0.6686460545378,0.8211660592489,0.7471399506426,0.2475791611208,0.6125263799783,0.7818683976861,0.6831621488561,0.6517836681843,0.5837235756717,0.5739426462999,0.6230032357676,0.1939894350292,0.5292349407817,0.4680274913955,0.5073027555495,0.1065470468588,1.0000000000000,0.2464153356730,0.2419229137073,0.2652767337361,0.7366413658732,0.4732386631129,0.2772958640146,0.0229098486908,-0.4456172710948,0.4595811602304,0.6153924391329,0.4443846208272,0.6012875370995,-0.6314874709669,0.1118489987121,0.1693261071622,0.5521105104657,0.5218884178394,0.5336253867001,0.2248957741117,0.4400114369932,0.4509270296479,0.1526391513986,-0.0146278598309,0.4125183145015,-0.0845656188403,0.6027186098991,-0.1542877987294,-0.0026697554976,-0.0969151272238,0.1225783635559,-0.2661642201246,-0.4640800885058,-0.2297601413816,-0.3423819727924,0.4653128225583,-0.3533404982293,0.1286646258918,0.5107091916955,0.3265215889069,0.3803090091093
0.3753954805073,0.3672280703261,0.4224665087965,0.4927794003236,0.1202017493122,0.0355833708997,0.2306708536540,0.2893388068512,0.3543004223776,-0.1143255914856,0.1400776102084,0.2586888378508,0.0822409095172,0.1530727676826,0.3462786167992,0.2525144169919,0.3481304943133,0.3992421317831,0.3186450207346,0.4092349109656,0.1614827172679,0.3152496779616,0.5322871957178,0.5040910319610,0.1643843789697,0.3197495823098,0.6545486943712,0.3533999757734,0.5538978082895,0.2464153356730,1.0000000000000,-0.0586729533755,-0.2180332014739,0.2334100574412,0.4553187597414,-0.0142404415971,0.2370713886315,0.1812189676756,0.2752756620689,0.0736125267883,0.0225817823027,-0.0913951082740,0.1644389889417,0.0368655035904,-0.0579323986781,-0.1694803417391,0.0837098031963,-0.0522712052298,-0.1548603658642,-0.0174932903601,-0.0718446063085,0.1776802650089,0.3455082044020,0.0969034194940,0.1652350386802,0.0735917306635,-0.3412193133610,0.3624993639933,-0.0253665333680,0.3812320059132,0.0557020301605,0.2133036372966,-0.0358631492010,0.1591518790079,-0.1259757863532,0.3462096348928,0.0444818071503,-0.0819140302572,-0.0327182532145,0.3518912876026
0.1994260542084,0.1554795931613,0.2521775444829,0.1732352389682,0.2442480253568,0.2468789159652,0.2954735736882,0.2187757489420,0.2162002526227,0.4121080090992,0.3702730237826,0.2286769591697,0.2647961001319,0.2952405561268,0.2630209040504,0.3782651221139,0.1077737348782,0.1366536446323,0.2257749932117,0.0552988181834,0.2007494821712,0.2329173308882,0.1198561816187,0.1991243826774,0.2465135870283,0.2626008986290,0.0959250869727,0.3831968337372,0.0368756337590,0.2419229137073,-0.0586729533755,1.0000000000000,0.2842294568681,0.2162816932188,-0.1045718234632,0.1239705530327,-0.1240701742832,-0.1555371336636,0.0725760480056,0.2563672073431,0.0055182119835,0.0916262295406,0.0002044984101,-0.2391033401600,0.4308134618180,0.2441327832860,0.0687954456518,0.3317397799380,0.1918624961812,0.0936901876304,0.2905786033486,0.0929719557968,-0.3239128887043,0.0228448352909,-0.3184691580317,0.3412350616714,0.0531551829458,-0.1036313389571,-0.0766084253145,0.1796497249842,0.0096231903060,-0.3255580616569,0.0646025040712,0.0118253978944,0.0915133514893,-0.3262005442036,0.5544991980430,0.1424304638828,0.1621940469061,-0.0007143436933
0.1817632818025,0.0911543245759,-0.0205951632508,-0.0108177343683,0.2376747206084,0.6416427385292,0.3905431660458,-0.1452086182279,0.2202407163703,0.0814414203907,0.3475361481164,0.2524090115162,0.2766117480482,0.1812463528018,0.2105053415538,0.3190244051531,-0.0737894004116,0.0629740351685,0.1470265305870,0.0241651966693,0.1980940268337,0.2133262357220,-0.0637729055525,0.0869777957327,-0.0401077106242,0.0201798833770,-0.1094830735857,0.1246367981882,-0.1782172683679,0.2652767337361,-0.2180332014739,0.2842294568681,1.0000000000000,0.1060116229706,-0.0164420372713,0.2276683052876,-0.0697203323504,-0.1723239781237,0.0052294401700,0.2863470421190,0.4809652726477,0.4199748017803,-0.2461535253691,0.1835429694027,0.1370920682725,0.3195905590502,0.3421055420414,0.2617784796324,0.2298175250376,0.3640520256286,0.4309773861830,-0.0472452161149,-0.1626561691335,0.2014644145382,-0.0742531568481,0.3325026227123,0.1881137069305,-0.1983938762368,-0.0181241947308,-0.1147874510424,-0.1226097481080,-0.2357348153361,0.0550939511508,-0.1760331323149,0.3896486899242,-0.2482715391690,0.0144156614928,0.5396397343020,0.1911219288930,0.0617744845830
0.5287689882082,0.6253277519797,0.1273042424534,0.5798884039394,0.5932760500848,0.2592097486145,0.4691905855824,-0.2107588142181,0.5607237384631,0.1839047563383,0.5262116927135,0.4671634101763,0.5434512745040,0.3997418868683,0.5552150488968,0.5356905143784,0.1948749634954,0.5094948452981,0.5295260993618,0.4752206367766,0.6466081948791,0.4414807217116,0.5734776999055,0.5071057793919,0.2663934265183,0.4598144434812,0.4047892348041,0.3856598808411,0.0882532104686,0.7366413658732,0.2334100574412,0.2162816932188,0.1060116229706,1.0000000000000,0.6101800182464,0.2652762964024,0.2420110076688,-0.4128914586032,0.4585112033733,0.4051784117184,0.2647073326872,0.4147279682060,-0.4872621525109,0.0572445935624,0.1644165334621,0.3704568377127,0.2211326247024,0.4659331068036,-0.0114274383538,0.1733916687817,0.3925875228394,0.1223868662380,0.0852527821219,0.1581842874355,-0.1113888956041,0.6007730017979,-0.0768658067490,0.1957828111416,0.0192807425256,0.2149349401849,-0.1494063573909,-0.3293287818542,-0.2552804731873,-0.2467067034105,0.4561634717749,-0.1441198917433,0.0459941084742,0.3551742533127,0.6557584327112,0.5465832424608
0.3938647733569,0.7272845299108,-0.0636585372078,0.6268965316298,0.3835953621951,0.2147519515309,0.2786479724479,-0.3366805176005,0.3927202415459,-0.1812906483633,0.3162639117064,0.3627788177616,0.2970656510654,0.1574317373198,0.2854827791749,0.3620344943898,0.1277650179163,0.4542640706658,0.3170769870548,0.4593534620493,0.5877068459721,0.2699476440651,0.5601540099770,0.4292519750727,0.0082413876507,0.3803776729184,0.4961663320602,0.1228597618537,0.2472289570783,0.4732386631129,0.4553187597414,-0.1045718234632,-0.0164420372713,0.6101800182464,1.0000000000000,0.1106737191410,0.6056321731473,-0.1940282590549,0.6108927813508,0.1438556870637,0.2152444356798,0.3012666042184,-0.3245939047084,0.2341376907281,-0.1887308237634,0.1955615021967,0.2449789021605,0.2450697550999,-0.1243423627653,-0.0753406452832,0.2303502849818,0.0549476005133,0.6156408348352,0.1290913725629,0.2349233775339,0.3774549418944,-0.2150688658963,0.4119083085650,0.1904515376416,0.1389537067259,-0.0043727795560,0.0663731023519,-0.2307392587555,-0.1171853265032,0.2194667934089,0.2834732533325,-0.2616303101445,0.1486218051244,0.3248574398789,0.7980426853655
