1.0000000000000,0.0248608117773,0.1506717537213,0.1955846011954,0.4258369184745,-0.2437883930691,0.3271949699507,0.1746765870700,0.2442678387479,0.2726524475400,0.4420928113284,-0.0248033093849,0.4281593145692,0.1461950270578,0.6855048345139,0.1283983243057,0.3979697339864,0.3385610402244,0.2302590108514,0.5429531459121,0.5276902741170,0.3333696443981,0.2202119693285,0.2482387428653,-0.0188439327792,0.0879266489981,-0.1039044144271,0.0865305783971,0.1500187365950,0.3370984170728,0.2848087916212,-0.0053244230486,-0.1055409459592,0.0629412508000,0.0245458441177,0.7106194783626,-0.0642691194022,-0.2083737875196,0.2303361794528,0.3446574688377,-0.2948304819005,-0.0276111989536,0.0082465021198,-0.0983850218237,0.2510181964475,0.2042322808113,-0.0253998312087,0.4099486486794,0.0076262616896,0.2127386272309,-0.0089506551117,0.3661893155585,-0.1239755229396,0.1120784523837,0.1279179817686,0.4121019052081,0.1409553676453,0.1021492192835,0.1020875602330,0.1547062594342,0.0312964244691,-0.2632349681107,0.0262898328659,0.0616227212598,0.1151224465132,-0.0009592681884,0.0861359770507,-0.0045558462244,0.0955666268681,0.0238883650856
0.0248608117773,1.0000000000000,-0.0150388848079,0.6552886895631,0.0297402191465,0.1262269897363,0.2245370939727,-0.0635244311233,0.1586421299948,0.1003082621404,0.2431403514674,0.0692639405142,0.1603144022233,0.0292912169151,0.0221900255405,0.2661276681166,0.1900166383342,0.3436768954672,0.0190676939996,0.2419598276643,0.2759899411841,0.3327081646953,0.4883832145190,0.3774332338614,0.3781470878741,0.4576167568831,0.3523008565396,0.0226397043880,0.2587105786481,0.2596894453719,0.4908196411469,-0.2265708549693,0.0777264099581,0.4741105081681,0.6382061093289,0.0090270503744,0.8724709465614,-0.0934337892899,0.5679895906455,0.0279322181622,-0.0118193318400,0.0618726578168,-0.0857000392998,-0.0124141556216,0.0021787442485,-0.1022144115736,0.0237332523774,-0.0093877971456,-0.0553015411082,-0.3334925288790,0.0938347198580,0.2210237157608,0.3446012417290,-0.1123492548439,-0.0149026876833,0.0994870895986,0.0095127881021,0.5650213697770,0.2771750261290,0.4079800570720,0.3261589836049,0.1804670127973,0.0578774782377,0.2059344437069,-0.1520034563914,0.5277614234559,-0.1534200528261,0.0848785145532,0.3475620497045,0.6039483565563
0.1506717537213,-0.0150388848079,1.0000000000000,0.1933596488133,0.0839928756440,0.1582102746307,0.0789059809949,0.4411401658960,0.3068866925226,0.1734177138206,-0.0950324711409,0.3322068322471,-0.1229398495452,0.3574183950546,0.1850528205635,0.1628399263583,0.0069166263131,0.2427492809895,0.3529138203081,0.2570219506171,-0.0519680430956,-0.0403557314285,0.0709844160740,0.1829692338543,0.3044758433314,0.1665918037212,0.4249446371626,0.8191558513273,0.1153207304213,-0.1765051227535,0.0022493489208,-0.1238966084771,0.0187521992036,-0.1484653756767,-0.1360158861819,-0.0937998106007,-0.0488541140198,0.6803838934320,0.0564640434417,-0.0697155041536,0.0929272601748,0.0985964959783,0.2499247891680,0.2183116584509,0.1297178682156,-0.2661740151896,0.3514148392653,-0.1295689545803,0.2784982801494,0.1050755850789,0.0970589880869,-0.0058913187232,-0.2025926354404,0.2668321865290,-0.0913832969106,-0.0918044433409,-0.2582962840679,-0.1549470891032,-0.1251524681833,0.1450928008399,0.0794494294139,0.1783112095689,0.6975102988187,-0.1129152159296,-0.3400507882659,-0.2989582876215,-0.1517402561027,-0.0839547003723,-0.1106209358936,-0.1895719463520
0.1955846011954,0.6552886895631,0.1933596488133,1.0000000000000,-0.0177315871390,0.2421101513760,0.2967182983123,0.3931953885064,0.2653234529341,0.4497260345431,0.1646102186061,0.0728745581006,0.0943415984618,0.2665528232622,0.2619185092839,0.4926766676966,0.1514459470134,0.4012851150637,0.0824668039229,0.3456658947810,0.2645155102707,0.2122899084989,0.6341738163713,0.2223780385476,0.6376350885530,0.6437228076851,0.4183202783737,0.1200147661123,0.3840352410897,0.2299854572798,0.5307447417359,-0.0305920423806,0.0895770348138,0.4553414201436,0.5319432524170,0.1515513621339,0.6135094809037,0.0167614881942,0.7919612955537,-0.0727844967696,0.0638851194547,0.0002837621398,0.2966649105744,-0.0377477449221,0.3756782472133,-0.2038269044561,0.0458111918222,-0.0316214198847,0.0085699273717,-0.1911444821241,0.2222929302804,0.1492496992618,0.0812687577289,-0.1439154249573,-0.1326198196443,0.0942231361154,-0.1950313889314,0.5605189697229,0.0034604239776,0.6719495301963,0.5262509004624,0.1309911374987,0.0922666621954,0.2719534903575,-0.2788111145000,0.3630852157547,-0.0803351815327,0.1358852817408,0.2499543215621,0.4541148060985
0.4258369184745,0.0297402191465,0.0839928756440,-0.0177315871390,1.0000000000000,-0.3194456618137,0.0122977575229,-0.1798062780652,-0.0129771026575,0.0771356241407,0.6470500261064,0.0853155350264,0.6499177580923,0.0590521890409,0.0721503691736,-0.1804143693227,0.4798110756564,-0.1229603251693,0.0745973368080,0.0174651368813,0.6780506694417,0.4271318514810,0.0879456468802,0.3183759138098,-0.1048020468277,-0.0812966672846,-0.2222423099452,0.1488307859610,0.3494886092965,0.0817626817650,0.1590420370489,-0.1912967122500,-0.1740101771803,-0.1631984925797,-0.3041316661213,0.5006088009300,-0.1303528212384,-0.1587942860710,-0.0094088147524,0.8983709614062,-0.3054137465491,0.0036060125651,-0.1756887577375,-0.0110518359078,0.1071106573040,0.5709451773261,0.0648556872223,0.6825972312802,0.1057506286453,0.1848378320491,-0.1495908070572,0.4869775932675,-0.1926131237551,0.0756375180646,0.0318061648323,0.6232064409869,0.3774274966005,-0.0252263591135,0.2972145827591,0.0896270247245,-0.0941397644697,-0.2547187638014,0.1232063264767,0.3643186322307,0.3549681748231,0.0685012987711,-0.1442300413235,-0.0252084545956,-0.0429691185149,-0.2211141087692
-0.2437883930691,0.1262269897363,0.1582102746307,0.2421101513760,-0.3194456618137,1.0000000000000,0.4577460048201,0.2555501081694,0.4471083796367,0.1047601065636,-0.0642662761739,0.2928095203282,-0.2281373518419,0.2635506430341,0.1081827448890,0.4239891836966,-0.3245881801779,0.1599435211532,0.2235374959787,0.0293771447927,-0.3421665198948,-0.1872324623932,0.0526563785892,-0.1361589814346,0.2937535511528,0.1462751398189,0.3333295910054,0.0976603490539,0.0209506817032,0.1901802565626,-0.0639685820831,0.0487102057065,0.5996883609205,0.1093919116259,0.2793762466461,-0.3580508493865,0.0428271332860,0.0748995067176,0.1159589540448,-0.2761299834512,0.6416157758877,0.4635191414262,0.1699819715471,0.3678419131014,0.1250974018276,-0.1849427638949,0.2702846621966,-0.1947881261118,0.2135086810174,0.1862550894546,0.4019408008088,-0.3029161028028,-0.0041671905058,0.0574674159359,-0.1307731428531,-0.3175045559612,-0.1950286925283,0.0732765682320,-0.2722453906114,0.1834803295256,0.0443851480062,0.0720712152954,-0.0293796921695,-0.1574402562550,-0.1140569484662,-0.1086309029399,-0.0673713779101,0.1886539722499,0.0838883162935,0.2065566489015
0.3271949699507,0.2245370939727,0.0789059809949,0.2967182983123,0.0122977575229,0.4577460048201,1.0000000000000,0.1052891666120,0.7571795396354,0.2290137712631,0.3732302002245,0.3054863808486,0.1985661741169,0.2835618780856,0.5565856418000,0.5692686463718,-0.0985316811506,0.2985202956553,0.3910839124468,0.3122279956889,0.0957035619604,0.0322790519315,0.1510171844108,0.0732560634480,0.2401569275974,0.1094154296257,0.1587637753719,0.0484188445428,0.1028945035094,0.4601723567348,0.1187064844903,-0.0946833699893,0.3444699562440,0.2633668191637,0.3648058219078,0.0559790877064,0.1102846111975,-0.0629625202437,0.2258611246872,0.0023140430286,0.2602255850557,0.6884931680201,-0.0102690797588,0.4529387005310,0.2236822211546,0.0507493148126,0.2887865765458,0.1875523606539,0.2080011859028,0.2251753798785,0.4117059667831,-0.0962492242326,0.0082176129390,0.1307097399280,-0.0320743814228,0.0162189416153,-0.0191265352558,0.1459463448491,-0.1169618944267,0.2220138445253,-0.0737769787373,-0.1197986446636,-0.0539702410976,-0.0793184001684,-0.0601438147815,-0.0096996901758,-0.0973076120825,0.1927802083826,0.1846488607484,0.3039403183373
0.1746765870700,-0.0635244311233,0.4411401658960,0.3931953885064,-0.1798062780652,0.2555501081694,0.1052891666120,1.0000000000000,0.2033397340870,0.5259857546936,-0.1043134827965,-0.0617917618986,-0.1797971662470,0.3126118623218,0.3780967897969,0.4533576905220,-0.1811072797151,0.3133554539180,-0.0144244785603,0.2279515783122,-0.1251667933425,-0.2116223635603,0.2759609436611,-0.1934977371550,0.5862718626383,0.3958588910637,0.3597153224521,0.2652098169274,0.2893234082638,-0.0293797208254,0.0377836861789,0.3733478576278,0.0390565298643,0.0506700009734,0.0545201782612,-0.0288434361907,-0.0660866006273,0.1860472677589,0.2652568687468,-0.2990542540692,0.1934145819614,-0.1110711566976,0.7622048107320,-0.0736346771784,0.5014012067472,-0.1954900919485,-0.0657918186183,-0.2277254106542,0.0238717652497,0.0592688738874,0.2601873356637,-0.2025192188558,-0.2489042858367,-0.1967331481111,-0.1627805820973,-0.1738202249450,-0.3550761000075,0.0273697549098,-0.4285792635638,0.4345733982285,0.3411398593834,0.0533116123379,0.0989616292854,0.1295138762771,-0.3257546152865,-0.2905747336245,0.3496742977354,0.0654936399889,0.0125967099101,-0.0825637837428
0.2442678387479,0.1586421299948,0.3068866925226,0.2653234529341,-0.0129771026575,0.4471083796367,0.7571795396354,0.2033397340870,1.0000000000000,0.0867975082465,0.2111828509689,0.4385362239656,-0.0436813201235,0.4246404391601,0.5697846497066,0.3978641596756,-0.0790164134890,0.2849027464858,0.4893009286364,0.2881024544467,-0.0397682331560,-0.0319954044098,0.1311141311823,0.0873808819719,0.2447677933958,0.1805664045003,0.3440027932117,0.3029730750491,0.1952910842890,0.2944295569223,0.2100805057191,-0.0629336836886,0.2747627304331,0.1420990494814,0.2294267833626,-0.0446901651725,0.0518293846757,0.1815043558532,0.1274891494119,-0.1091121143595,0.3373051519773,0.6771448303105,0.0379198060502,0.6852967032285,0.0446452159444,-0.0996705114610,0.4038470109316,-0.1017813532409,0.2678358381659,0.2217650620057,0.2229157472976,-0.0781974978952,-0.1403704846419,0.1949917472464,-0.2298008625437,-0.1932282190035,-0.1663428178016,0.0925321460100,-0.1201380794241,0.1511018930626,-0.0509638805502,0.0066070418170,0.1853528128079,-0.0680064067430,-0.2373485076864,0.0037706288417,-0.0899243956485,0.0576303518003,0.0049913165633,0.1401601029497
0.2726524475400,0.1003082621404,0.1734177138206,0.4497260345431,0.0771356241407,0.1047601065636,0.2290137712631,0.5259857546936,0.0867975082465,1.0000000000000,0.1062512903117,-0.0606053890227,0.3024213960750,0.2772166233955,0.3244439151564,0.5981024288933,0.0165044430608,0.0065209477353,0.0207468857972,0.0929220251261,0.2763481810499,-0.0101519444996,0.4242499481736,-0.1814289837844,0.5785324231054,0.3428031139916,-0.0364110220909,0.0138242695315,0.0015146892656,0.0017387890039,0.0112538891524,0.1519314085965,0.0335498116673,0.1850233383030,0.0464698181670,0.1490721198436,0.0944017960017,0.0415541400601,0.4823993751454,0.0796118088323,-0.0636625742674,-0.0415236299493,0.4976451127679,-0.0920323742420,0.9329179338894,-0.0808601785026,-0.0654148918079,0.2589522652708,0.1999620642804,0.0459411734274,0.4139265183618,-0.0155776901968,-0.2615588640554,-0.1033219182772,-0.0416206470013,0.3232757404944,-0.1017794627976,0.2152879236257,-0.2664339776725,0.7055945519040,0.3854824094762,-0.1601635985024,0.0230601154499,0.0204674739056,-0.0673932266979,-0.1462169731660,0.0026355742878,0.0342385068858,0.2578295015222,0.0199909911703
0.4420928113284,0.2431403514674,-0.0950324711409,0.1646102186061,0.6470500261064,-0.0642662761739,0.3732302002245,-0.1043134827965,0.2111828509689,0.1062512903117,1.0000000000000,0.0041922445776,0.7229308936858,0.0538570129443,0.3292171140319,0.0758313827838,0.3706014215117,0.0508668096058,0.1148950337831,0.1888214823328,0.6232939937338,0.4712958918053,0.1061066828113,0.3045520375973,-0.0036027662283,0.0767878634726,-0.0930143471997,-0.0019317133751,0.3325622847837,0.4293690975861,0.2340341411202,-0.1404148855483,-0.0209260117632,0.1493009854281,0.0822481832099,0.4125479296111,0.0463907340514,-0.3285283795032,0.1843308925337,0.6891413279474,-0.1697092473362,0.2171907599612,-0.2267384796253,0.0442278100187,0.1083963107047,0.7242465158168,-0.0211948176578,0.6846005358528,0.0234900260997,0.1747203229311,0.0714213008794,0.3694628245057,-0.1182509085697,-0.0108141387149,-0.0260147504340,0.6104268104802,0.4361983559265,0.1209663034953,0.2306621679756,0.1460834305604,-0.0364690939356,-0.3139815065656,-0.0363138498317,0.3846623905198,0.3210419421130,0.1252165897243,-0.0842749935051,0.0317588267050,0.1388552972619,0.1126749201605
-0.0248033093849,0.0692639405142,0.3322068322471,0.0728745581006,0.0853155350264,0.2928095203282,0.3054863808486,-0.0617917618986,0.4385362239656,-0.0606053890227,0.0041922445776,1.0000000000000,-0.0686963092660,0.6702355309205,0.0167683388809,0.1304944989900,-0.0032410324598,-0.0141412092533,0.8449802682046,0.1740476866468,0.0480932702317,-0.0126471153131,-0.0441288875457,0.0705839497004,0.0121951765584,-0.0868716048988,0.1723078938256,0.2659782032580,-0.0383386453255,-0.0957260537355,0.0525162434172,-0.2909500077934,0.1681731689600,-0.0242815963772,-0.0152985834834,-0.1395093363690,0.0387491013151,0.3067444401945,0.0285979168041,0.0551048194885,0.1062594657245,0.3907084642305,-0.1446634460158,0.3944382562757,-0.0257829673511,-0.1835375734462,0.9313135300851,-0.0156337925917,0.8198636435419,0.1616190091464,0.0415607360990,-0.0146075533469,-0.0149963379932,0.7512180839680,0.1397227235071,0.0123471187239,-0.1518891993454,-0.0338348333327,-0.0038115754502,0.0240492781348,-0.0072698821813,0.1436996127004,0.2881698732824,-0.1735507462385,-0.1006294418688,-0.0433432772829,-0.6180109538483,-0.1662829903677,-0.0224986880585,0.0098206565847
0.4281593145692,0.1603144022233,-0.1229398495452,0.0943415984618,0.6499177580923,-0.2281373518419,0.1985661741169,-0.1797971662470,-0.0436813201235,0.3024213960750,0.7229308936858,-0.0686963092660,1.0000000000000,0.0178249915876,0.2253333984403,0.1088547686214,0.3548151038771,-0.0496143292521,0.0675138477716,0.1203507899768,0.7808389108489,0.4566298447107,0.0514966038394,0.2297269652781,-0.0670868927747,0.0205899493436,-0.2806129864897,-0.1124769646526,0.1338268872097,0.3145519833551,0.0838025097475,-0.1117535006305,-0.1640440637347,0.1748845095471,-0.0710937636148,0.4987044271548,0.0223078710887,-0.2839991148351,0.1494815022114,0.7164237155495,-0.3509076361222,0.0607478912535,-0.2022641175273,-0.1097908657369,0.3164883918840,0.5522121505108,-0.0747375666211,0.9043650884445,0.0632425953386,0.1393409408959,0.1511644868791,0.3451103403862,-0.1053044415094,0.0401342440308,0.0516884746392,0.8306387630749,0.5004331833585,0.0210021751759,0.2378920639785,0.1554995165314,-0.0312072892218,-0.4100126256264,-0.0514405056917,0.2966000559104,0.4107184292473,0.0835843694414,-0.1174989691397,-0.1127985269909,0.2403685136361,0.0210150569441
0.1461950270578,0.0292912169151,0.3574183950546,0.2665528232622,0.0590521890409,0.2635506430341,0.2835618780856,0.3126118623218,0.4246404391601,0.2772166233955,0.0538570129443,0.6702355309205,0.0178249915876,1.0000000000000,0.3687691895961,0.3938337631103,-0.0307512672706,0.0365363650696,0.6673256216701,0.2214948015542,0.0606491404365,-0.0861821968204,0.0399063469391,-0.0684294365958,0.2247689035727,0.3379702701413,0.2848835390736,0.2958840707622,-0.0059638583146,0.0729035294188,-0.0635804474481,0.1015039631678,0.1312054051806,0.0473147516891,-0.0209360700584,-0.0759450482707,-0.0227720109978,0.2476193669831,0.1854130440612,-0.0411541972129,0.1828953886632,0.2305836837794,0.1675222338124,0.2032036407996,0.3049728324512,-0.1377295283068,0.6083856991557,-0.0008187574364,0.7746414995881,0.1774856335888,0.2281126960301,-0.0646638556727,-0.3303336737789,0.4106523983627,-0.0978401738274,0.0192177747907,-0.2543973312162,-0.0376197466290,-0.2238548751091,0.2401434818111,0.3074354306784,0.0437836271006,0.2727902630912,-0.1162026067118,-0.1650189817820,-0.2394574743353,-0.2823418060591,-0.0197753434110,-0.0120974091631,-0.0578097534889
0.6855048345139,0.0221900255405,0.1850528205635,0.2619185092839,0.0721503691736,0.1081827448890,0.5565856418000,0.3780967897969,0.5697846497066,0.3244439151564,0.3292171140319,0.0167683388809,0.2253333984403,0.3687691895961,1.0000000000000,0.3612603217455,0.0085806355747,0.3431045347462,0.3201301479642,0.4597994808449,0.1203984642559,0.0074904730765,0.1205863228626,-0.0418309955492,0.1859138889469,0.3077735587141,0.1774243954031,0.1535131481906,0.0319485739762,0.5487881447969,0.0563292484044,0.2663177321615,0.0620877117802,0.1970826058967,0.1061323164811,0.3268095046505,-0.0497024044481,-0.0854864504526,0.1854385853502,0.0128247755171,0.1363005446495,0.2832556390816,0.1724351126947,0.1664864056068,0.2899349702933,0.0553427274580,-0.0017658573172,0.1542308547845,0.0544328043870,0.3358621110846,0.2011154075035,-0.0169098753229,-0.2704391379633,0.0171569421292,-0.1565246620695,0.0389798419852,-0.0235287108435,0.0623390397254,-0.2527033728518,0.2021332767555,0.0921755910662,-0.1725302663885,0.0775099391887,-0.0705422065700,-0.0675123640320,-0.1943272729682,0.2904076471561,0.1303136039464,0.0972845156145,0.0106280475497
0.1283983243057,0.2661276681166,0.1628399263583,0.4926766676966,-0.1804143693227,0.4239891836966,0.5692686463718,0.4533576905220,0.3978641596756,0.5981024288933,0.0758313827838,0.1304944989900,0.1088547686214,0.3938337631103,0.3612603217455,1.0000000000000,-0.1375093112391,0.2588395896222,0.1511026062278,0.2435188326103,0.0835031504008,-0.0813383902331,0.3053995610446,-0.0757953607107,0.5368867593028,0.4508070410660,0.2134061800960,0.0184901360318,0.1357121842851,0.2375903246216,0.0880571304753,0.1626447060578,0.2438345730914,0.3420977636895,0.4175200021484,-0.0517753035771,0.2420126965326,0.1071202892899,0.4685712140417,-0.2043821839913,0.2366607627250,0.2939590723377,0.3949350036558,0.1112083946437,0.5963526461852,-0.2375729219180,0.1086075425928,0.0670373977975,0.2386693961728,0.0260675065419,0.7236656518188,-0.1371175754285,-0.0265654627454,0.0031375645430,0.0003148722161,0.0268932372787,-0.2485233495762,0.1941584898622,-0.2529008137203,0.5134104576822,0.3690435892425,-0.0359651414570,-0.0501701349682,0.0131789385724,-0.1514727160153,-0.0451685894474,-0.0167268096075,0.1277608167252,0.3275853958176,0.3744830848473
0.3979697339864,0.1900166383342,0.0069166263131,0.1514459470134,0.4798110756564,-0.3245881801779,-0.0985316811506,-0.1811072797151,-0.0790164134890,0.0165044430608,0.3706014215117,-0.0032410324598,0.3548151038771,-0.0307512672706,0.0085806355747,-0.1375093112391,1.0000000000000,0.1134127130086,0.0293843923617,0.1511117265439,0.5904929457277,0.7807994833896,0.3828190297778,0.6696458507669,0.0255905644318,-0.1100075068755,-0.1095460008432,0.0727751756128,0.4246710559191,0.2316991588851,0.5488344670966,-0.1387727171055,-0.1155775387493,0.1593464871899,0.0846032709720,0.3990290047187,0.1160274759604,-0.0666223602744,0.1567942233520,0.4313079602566,-0.3946068731796,-0.2458297185523,-0.1887391570627,-0.2381159711992,0.0019996129756,0.1810984560999,-0.0041941378472,0.3125638537234,0.0032996079300,-0.1408074691736,-0.1326864995585,0.9424158278044,0.0547146063023,0.0653365384476,0.1015717415419,0.4683592047507,0.4406865870696,0.3529779716750,0.6905166541188,0.2388749790267,-0.0767582535265,-0.1355775865558,0.0847663789159,0.4387328264835,0.2763627626807,0.4584547384260,-0.1977783510567,-0.1273590264216,0.1870632469743,0.1400851969380
0.3385610402244,0.3436768954672,0.2427492809895,0.4012851150637,-0.1229603251693,0.1599435211532,0.2985202956553,0.3133554539180,0.2849027464858,0.0065209477353,0.0508668096058,-0.0141412092533,-0.0496143292521,0.0365363650696,0.3431045347462,0.2588395896222,0.1134127130086,1.0000000000000,0.1429365181201,0.6997664065319,0.1012960955939,0.2386638184931,0.3000042448131,0.4811730245038,0.2037099657568,0.2098042305107,0.5638927346062,0.1773743125522,0.3805347513165,0.3871087339355,0.4531843304090,0.0889802202822,0.0243109573868,0.3773901669322,0.5132654532807,0.1031468747780,0.2643629753658,0.0662832819399,0.2352370247138,-0.1879012197942,0.1244648601395,0.0175732782563,0.1383972844957,-0.0489805877845,-0.0609694561557,-0.2178910881246,-0.0074672427584,-0.1756602384240,-0.2380654481250,-0.2355275997849,0.1288648722691,0.1065055483511,0.3811289878726,-0.0511313792160,0.0855007975503,-0.0687542277008,-0.0002290950638,0.2425309318088,0.1810244552274,0.0877469287751,-0.0401431188127,0.1829766002070,0.0164513725229,0.1750850648071,-0.2800213888590,0.2182973043519,0.2386017204851,-0.0525355034131,0.1794757426856,0.3700679938840
0.2302590108514,0.0190676939996,0.3529138203081,0.0824668039229,0.0745973368080,0.2235374959787,0.3910839124468,-0.0144244785603,0.4893009286364,0.0207468857972,0.1148950337831,0.8449802682046,0.0675138477716,0.6673256216701,0.3201301479642,0.1511026062278,0.0293843923617,0.1429365181201,1.0000000000000,0.4433350524294,0.1119983563405,0.0334696660345,-0.0935676817272,0.0928834211589,-0.0416016909808,-0.0801986514800,0.1753029910034,0.2980497531347,-0.1225141275303,0.0698385588429,0.0113100279018,-0.1829162886431,0.0906562198086,-0.0022937254621,-0.0258179761098,-0.0219708921961,-0.0248554374514,0.2445458573570,0.0161843371699,0.0767991349003,0.0706186944923,0.3825135885178,-0.1916091545353,0.3472407718440,0.0383873674463,-0.1205032323036,0.7853435333699,0.0922775164503,0.7096075777798,0.1987689431636,0.0585573196244,-0.0073470731079,-0.0545567755383,0.7795801423853,0.1327511001801,0.1171750832483,-0.0522077069091,-0.0916735597687,-0.0354002816939,-0.0058186587500,-0.0875994522279,0.0207983648321,0.3129041739868,-0.2021354024904,-0.1144954484988,-0.1389532543655,-0.5121890622059,-0.2481908400701,-0.0025935251661,-0.0210403708889
0.5429531459121,0.2419598276643,0.2570219506171,0.3456658947810,0.0174651368813,0.0293771447927,0.3122279956889,0.2279515783122,0.2881024544467,0.0929220251261,0.1888214823328,0.1740476866468,0.1203507899768,0.2214948015542,0.4597994808449,0.2435188326103,0.1511117265439,0.6997664065319,0.4433350524294,1.0000000000000,0.2672426869260,0.2017058413218,0.2049775063279,0.3277907362302,0.0580033264166,0.2103218500622,0.2410474126627,0.1541722628453,0.2018056976888,0.3212058770218,0.3818363429463,-0.0443573702586,0.0028639668845,0.2806833737115,0.4196658336931,0.3652306695038,0.1723753650541,-0.0315518800206,0.3308266069387,-0.0516149684180,-0.1218879511805,-0.0338235872980,-0.0019782845283,-0.1142846282427,0.0463350666841,-0.0954561462330,0.1265285743040,0.0318174681295,0.0435025241675,0.0230218103763,0.0556989467919,0.1332108021457,0.2577068651872,0.2574027559963,0.3422479289923,0.1274457626454,-0.0470092604503,0.1204140505666,0.1088195290137,0.0564353744340,0.1240694209987,0.0284985730463,0.0662938617820,0.0490473097019,-0.0745793083136,0.0905224088676,-0.0674154589743,-0.0126303428087,0.2247353337288,0.3722703771532
0.5276902741170,0.2759899411841,-0.0519680430956,0.2645155102707,0.6780506694417,-0.3421665198948,0.0957035619604,-0.1251667933425,-0.0397682331560,0.2763481810499,0.6232939937338,0.0480932702317,0.7808389108489,0.0606491404365,0.1203984642559,0.0835031504008,0.5904929457277,0.1012960955939,0.1119983563405,0.2672426869260,1.0000000000000,0.6014681897121,0.2920036054829,0.4116803506316,-0.0174783930635,0.0346246687223,-0.2069116057113,-0.0762683348094,0.2845235132673,0.1467322576617,0.4024568791346,-0.2115228419133,-0.1929260076431,0.1702509989548,0.0750491954560,0.5804872499269,0.1811574026850,-0.1968322370919,0.3065618668805,0.6422930409109,-0.4428580944379,-0.1288137386179,-0.2155929524736,-0.1992198056138,0.2616719328978,0.3008971787269,0.0224201105242,0.6809845914873,0.0881795445425,-0.1376282309541,-0.0145021450920,0.5654636157729,-0.0253101743984,0.1035014233208,0.1493124308237,0.8705840910786,0.3389887335356,0.1996943748880,0.4315174015184,0.2445841716603,0.0873509230038,-0.2730335430736,-0.0082382664018,0.3641962472381,0.2104466515491,0.3057140453786,-0.2877313121597,-0.1591121989865,0.1612873407002,0.1235174829397
0.3333696443981,0.3327081646953,-0.0403557314285,0.2122899084989,0.4271318514810,-0.1872324623932,0.0322790519315,-0.2116223635603,-0.0319954044098,-0.0101519444996,0.4712958918053,-0.0126471153131,0.4566298447107,-0.0861821968204,0.0074904730765,-0.0813383902331,0.7807994833896,0.2386638184931,0.0334696660345,0.2017058413218,0.6014681897121,1.0000000000000,0.4268453916945,0.8437026376883,-0.0734320850238,-0.1256817054285,-0.0798002661516,0.0159231443474,0.3838209038450,0.4087907161368,0.6018212107357,-0.1443549392756,-0.0504554891067,0.3202540217464,0.2321222914012,0.3418012702934,0.2383349478796,-0.1612562070282,0.1527670729212,0.4376891054665,-0.3371932422080,-0.1704072458451,-0.3000463677530,-0.2201739806217,-0.0311983530387,0.2191004479970,-0.0303221571044,0.3796227639948,-0.0474378798196,-0.1844388153742,-0.0940728233960,0.7574786305792,0.1797480199735,0.0344352859293,0.1027170446583,0.5140009094393,0.6978188184946,0.3935046826327,0.7970698980695,0.1344984224657,-0.1478397223180,-0.2019973934705,0.0358527600743,0.4569365734544,0.3409302708539,0.5507560330968,-0.1800819578770,-0.1814924470644,0.3372575330800,0.2891169864086
0.2202119693285,0.4883832145190,0.0709844160740,0.6341738163713,0.0879456468802,0.0526563785892,0.1510171844108,0.2759609436611,0.1311141311823,0.4242499481736,0.1061066828113,-0.0441288875457,0.0514966038394,0.0399063469391,0.1205863228626,0.3053995610446,0.3828190297778,0.3000042448131,-0.0935676817272,0.2049775063279,0.2920036054829,0.4268453916945,1.0000000000000,0.3862537153528,0.4814613883447,0.2524451237648,0.1454940494768,0.0053684198269,0.4080339352539,0.1709472197059,0.6620198892648,-0.0245348120456,0.0993628995881,0.3300460853189,0.4538144553167,0.2165030447148,0.5054210476323,-0.0728510076903,0.5583632566736,0.0272347309787,-0.1320464356423,-0.1627647603074,0.2637710980567,-0.1765575983410,0.3812440180686,-0.1852180213824,-0.0678174476882,-0.0069914843842,-0.0761727452212,-0.2414391531119,0.1139309430400,0.4075182200383,0.1189531482696,-0.1537097458107,0.0212344220258,0.1252977418381,0.0582378559400,0.8245141422277,0.2559032745465,0.5908503840623,0.2414042509125,-0.0149208654152,-0.0490254958158,0.2952097513520,-0.0747245088686,0.5141222525553,-0.0617642155332,0.0355077626406,0.3188936356267,0.4077156427923
0.2482387428653,0.3774332338614,0.1829692338543,0.2223780385476,0.3183759138098,-0.1361589814346,0.0732560634480,-0.1934977371550,0.0873808819719,-0.1814289837844,0.3045520375973,0.0705839497004,0.2297269652781,-0.0684294365958,-0.0418309955492,-0.0757953607107,0.6696458507669,0.4811730245038,0.0928834211589,0.3277907362302,0.4116803506316,0.8437026376883,0.3862537153528,1.0000000000000,-0.0188104057291,-0.1111475987474,0.1736794975804,0.2294084633971,0.4796267035427,0.3500240782125,0.6464682829555,-0.1742241809076,-0.0713994754601,0.3202419909007,0.3101987939743,0.2014762829702,0.2767140327586,0.0775498671167,0.0977536920159,0.2517561479711,-0.2531050055087,-0.1168047060997,-0.2952234509979,-0.1225368742650,-0.2294644210620,0.0481931844775,0.0530088416024,0.1420326363859,-0.0844937442853,-0.2464694265439,-0.1232118725698,0.6555012197634,0.3333661623640,0.0624841137009,0.1206160232434,0.2724779705233,0.5573608659102,0.3696559257869,0.8082165400594,0.0342785445536,-0.2267571673342,-0.0365245728815,0.1809304997385,0.4547442737679,0.1532381416001,0.5573116493204,-0.1560700969892,-0.1848578020416,0.2605112083769,0.3216010121073
-0.0188439327792,0.3781470878741,0.3044758433314,0.6376350885530,-0.1048020468277,0.2937535511528,0.2401569275974,0.5862718626383,0.2447677933958,0.5785324231054,-0.0036027662283,0.0121951765584,-0.0670868927747,0.2247689035727,0.1859138889469,0.5368867593028,0.0255905644318,0.2037099657568,-0.0416016909808,0.0580033264166,-0.0174783930635,-0.0734320850238,0.4814613883447,-0.0188104057291,1.0000000000000,0.5034702064525,0.4320542753930,0.1689961996726,0.4141730174338,0.0731038857334,0.2419879309516,0.1050289534178,0.1287505373238,0.2979617314746,0.3089772027493,-0.1288915079799,0.3372647965807,0.2468758709304,0.5103309707675,-0.1721082209923,0.1724612096015,0.0431486136900,0.6162188711445,0.0294307763270,0.5110573850311,-0.2451582502667,-0.0070705879528,-0.1553807051522,0.0580744223144,-0.0801443587290,0.3695887542241,0.0168309020079,-0.0815232761116,-0.2281721483939,-0.1830762414224,-0.0976283042207,-0.2944670780152,0.3767704455383,-0.2379446472630,0.8689320347976,0.3804917354703,0.1624940330269,0.1111045548378,0.2902975574633,-0.3101919224186,0.0937338341969,0.0469821372984,0.1385627707564,0.2250991239257,0.2063741186397
0.0879266489981,0.4576167568831,0.1665918037212,0.6437228076851,-0.0812966672846,0.1462751398189,0.1094154296257,0.3958588910637,0.1805664045003,0.3428031139916,0.0767878634726,-0.0868716048988,0.0205899493436,0.3379702701413,0.3077735587141,0.4508070410660,-0.1100075068755,0.2098042305107,-0.0801986514800,0.2103218500622,0.0346246687223,-0.1256817054285,0.2524451237648,-0.1111475987474,0.5034702064525,1.0000000000000,0.5103548684808,0.1756935507064,0.1831024032024,0.1914256138407,0.1332263158747,0.1811380388758,0.0134305399284,0.3114059410196,0.3474148305179,-0.0373900930676,0.3952531289001,0.0066078099807,0.5349846433226,-0.1808639471601,0.1786087869764,-0.0217225500408,0.2982406747703,-0.0625423458020,0.2417844651128,-0.1315866445040,-0.1319096209532,-0.1313459083132,-0.0537990529668,-0.1119047683218,0.1990318817955,-0.0941823066386,-0.1556754404570,-0.3523693050533,-0.3152401105857,-0.1054808557120,-0.3628020840093,0.1760245337583,-0.3041952787972,0.4198503980231,0.7389081525695,0.1739629184838,0.1028639784232,0.1066633042996,-0.2867691714806,-0.0020404383525,0.2270569882886,0.2343239834591,0.0992051820649,0.2646552079114
-0.1039044144271,0.3523008565396,0.4249446371626,0.4183202783737,-0.2222423099452,0.3333295910054,0.1587637753719,0.3597153224521,0.3440027932117,-0.0364110220909,-0.0930143471997,0.1723078938256,-0.2806129864897,0.2848835390736,0.1774243954031,0.2134061800960,-0.1095460008432,0.5638927346062,0.1753029910034,0.2410474126627,-0.2069116057113,-0.0798002661516,0.1454940494768,0.1736794975804,0.4320542753930,0.5103548684808,1.0000000000000,0.4458764124569,0.2599650426775,0.1437916059159,0.1847017012169,0.1396133025541,0.0489250422063,0.2244644929436,0.2899348420127,-0.3561871162038,0.2823360023680,0.2952503987376,0.1134617008828,-0.3104883882351,0.3926812587279,0.1551574912986,0.1916362042538,0.1788531414233,-0.1475314385720,-0.3471380237868,0.1329443504671,-0.4152551766467,-0.0321541036171,-0.2120941925947,0.0447521829804,-0.1059418395011,0.0239186586166,-0.1053943171464,-0.3173823064056,-0.3442595844545,-0.2514527630777,0.1413832164132,-0.1375310609923,0.1831521132153,0.1618145506084,0.4666426725306,0.2628938535014,0.0776814474920,-0.4908208279835,0.0236708863471,0.1698737069997,-0.0864074546868,-0.0388430769863,0.1224740827769
0.0865305783971,0.0226397043880,0.8191558513273,0.1200147661123,0.1488307859610,0.0976603490539,0.0484188445428,0.2652098169274,0.3029730750491,0.0138242695315,-0.0019317133751,0.2659782032580,-0.1124769646526,0.2958840707622,0.1535131481906,0.0184901360318,0.0727751756128,0.1773743125522,0.2980497531347,0.1541722628453,-0.0762683348094,0.0159231443474,0.0053684198269,0.2294084633971,0.1689961996726,0.1756935507064,0.4458764124569,1.0000000000000,0.1201630311632,-0.1048516947121,-0.0808921446537,-0.1317979564429,0.0164626314425,-0.1460631737184,-0.1744674319624,-0.1559981120886,-0.0704581198562,0.6198236902168,-0.0087845514070,-0.0127860726376,0.0888928813830,0.1097077366022,0.0376492753750,0.2241230438273,-0.0337222138521,-0.1076335986042,0.2760716063509,-0.1194911200807,0.1946804936468,0.0436383721629,-0.0313670204383,0.0797912340905,-0.2590761513178,0.1516932782927,-0.2135923206778,-0.1211066565309,-0.1285628196438,-0.1213004520378,-0.0022825941443,-0.0093092699868,0.0330671171360,0.1596263580955,0.8728790117066,-0.0322308801638,-0.2736620253261,-0.3201449764164,-0.0287707706733,-0.0365122666400,-0.1696541779535,-0.2498411808703
0.1500187365950,0.2587105786481,0.1153207304213,0.3840352410897,0.3494886092965,0.0209506817032,0.1028945035094,0.2893234082638,0.1952910842890,0.0015146892656,0.3325622847837,-0.0383386453255,0.1338268872097,-0.0059638583146,0.0319485739762,0.1357121842851,0.4246710559191,0.3805347513165,-0.1225141275303,0.2018056976888,0.2845235132673,0.3838209038450,0.4080339352539,0.4796267035427,0.4141730174338,0.1831024032024,0.2599650426775,0.1201630311632,1.0000000000000,0.1964088612645,0.5919739905240,0.0015724682537,-0.0558556512811,0.1877410083872,0.2315646396458,0.2119445436431,0.1434606518683,-0.0455663928253,0.2194980065379,0.2366130681137,-0.0684617058005,-0.0788229276986,0.2242216510333,-0.0378581206664,-0.0010085305754,0.1264393772953,-0.0901957908656,0.0898620778595,-0.1704966832038,-0.1075842219485,0.0545584494717,0.4340871028054,0.0973943616258,-0.2358660041211,-0.0449551435518,0.0904740114270,0.1304313332425,0.3258548658021,0.3046004709682,0.3337501315903,0.0170830107079,-0.0512417483733,-0.0467321596012,0.7781209713888,0.0111754832611,0.4021548524146,0.1183099225523,0.0220257650218,0.0923036525856,0.1867065305319
0.3370984170728,0.2596894453719,-0.1765051227535,0.2299854572798,0.0817626817650,0.1901802565626,0.4601723567348,-0.0293797208254,0.2944295569223,0.0017387890039,0.4293690975861,-0.0957260537355,0.3145519833551,0.0729035294188,0.5487881447969,0.2375903246216,0.2316991588851,0.3871087339355,0.0698385588429,0.3212058770218,0.1467322576617,0.4087907161368,0.1709472197059,0.3500240782125,0.0731038857334,0.1914256138407,0.1437916059159,-0.1048516947121,0.1964088612645,1.0000000000000,0.2726531578239,0.2217328843307,0.1784250509562,0.5219058966389,0.4502721399046,0.1684041847801,0.1225610189169,-0.2901261056047,0.0750923391185,0.0985588582453,0.1747464234011,0.2103900884728,-0.1500598076664,-0.0518019740584,-0.0148987145481,0.1871040359997,-0.1276848945637,0.2290199059044,-0.1695750823216,0.0667053550894,0.2206289850273,0.2447348946873,0.0615211390837,-0.1746838160718,-0.1090640941387,0.0602661247249,0.4094657447364,0.2788115216670,0.1974233946755,0.0945080407095,-0.1127295786348,-0.2414069142296,-0.2180251218022,0.1682897232691,0.3772033009703,0.2555534590911,0.2547607312723,0.2129675712375,0.4117679851095,0.4233669848845
0.2848087916212,0.4908196411469,0.0022493489208,0.5307447417359,0.1590420370489,-0.0639685820831,0.1187064844903,0.0377836861789,0.2100805057191,0.0112538891524,0.2340341411202,0.0525162434172,0.0838025097475,-0.0635804474481,0.0563292484044,0.0880571304753,0.5488344670966,0.4531843304090,0.0113100279018,0.3818363429463,0.4024568791346,0.6018212107357,0.6620198892648,0.6464682829555,0.2419879309516,0.1332263158747,0.1847017012169,-0.0808921446537,0.5919739905240,0.2726531578239,1.0000000000000,-0.1588011174872,-0.0173390271340,0.3651306655344,0.5076346957568,0.3328299461408,0.4582263336811,-0.1383714304623,0.4144464820566,0.0946549749268,-0.2559635653249,-0.1785681115110,-0.0201499524168,-0.1379035728175,-0.0567890984515,-0.1184752327649,-0.0000785265313,-0.0209885765730,-0.1467390932220,-0.2689682625255,-0.1102678565068,0.5308876981241,0.3602202097346,-0.0452614502087,0.1231074069199,0.1570558831009,0.1558497850492,0.6126978767898,0.5149291779709,0.3265116749529,0.1011493307542,0.0567549248374,-0.1189492616235,0.4582579359915,0.0208151160128,0.7962581134753,-0.1379658030791,-0.0428042630352,0.2416572350927,0.4899329751610
-0.0053244230486,-0.2265708549693,-0.1238966084771,-0.0305920423806,-0.1912967122500,0.0487102057065,-0.0946833699893,0.3733478576278,-0.0629336836886,0.1519314085965,-0.1404148855483,-0.2909500077934,-0.1117535006305,0.1015039631678,0.2663177321615,0.1626447060578,-0.1387727171055,0.0889802202822,-0.1829162886431,-0.0443573702586,-0.2115228419133,-0.1443549392756,-0.0245348120456,-0.1742241809076,0.1050289534178,0.1811380388758,0.1396133025541,-0.1317979564429,0.0015724682537,0.2217328843307,-0.1588011174872,1.0000000000000,0.0363995573598,0.1046006416570,-0.0116427130666,-0.0799490992705,-0.1975836465859,-0.1074297078032,-0.1549117699503,-0.1958369248007,0.2581548247999,-0.1396602650622,0.2846219562144,-0.2250455469554,0.1807705195812,0.0237453024622,-0.3977287235914,-0.1448983180971,-0.1385075683558,0.0255398253691,0.0714396012983,-0.1581861128681,-0.1670701340671,-0.3026039784527,-0.0859870728994,-0.1536356576004,0.0392048546044,-0.0490722494588,-0.2550623390383,0.0594387870280,0.1302399901641,-0.1514400230956,-0.2479208023560,0.1230857091068,0.0818633767169,-0.1500538046782,0.5941075788592,-0.0737367804949,0.0298367116571,-0.1102831322408
-0.1055409459592,0.0777264099581,0.0187521992036,0.0895770348138,-0.1740101771803,0.5996883609205,0.3444699562440,0.0390565298643,0.2747627304331,0.0335498116673,-0.0209260117632,0.1681731689600,-0.1640440637347,0.1312054051806,0.0620877117802,0.2438345730914,-0.1155775387493,0.0243109573868,0.0906562198086,0.0028639668845,-0.1929260076431,-0.0504554891067,0.0993628995881,-0.0713994754601,0.1287505373238,0.0134305399284,0.0489250422063,0.0164626314425,-0.0558556512811,0.1784250509562,-0.0173390271340,0.0363995573598,1.0000000000000,-0.0001652248383,0.2137622402443,-0.1457556058855,0.0078900178821,-0.0060780402332,0.1249040028016,-0.1339549156542,0.3690970785627,0.2975541834359,0.0603721065152,0.1699504898202,0.0891158513867,-0.0999577174185,0.1507517235382,-0.1179644260677,0.2330076256218,0.2734868518079,0.3369011790395,-0.0941485057704,0.0148799883949,0.0820690076774,0.0625520497109,-0.1633463008468,-0.1335831311858,0.1160605700178,-0.1218899635842,0.1314109327778,0.0281209619581,0.0069801252438,-0.0322383471974,-0.1395830094332,0.1520533114547,-0.0292823742615,-0.1125666119705,0.3315287174155,0.0838900595739,0.1941289735438
0.0629412508000,0.4741105081681,-0.1484653756767,0.4553414201436,-0.1631984925797,0.1093919116259,0.2633668191637,0.0506700009734,0.1420990494814,0.1850233383030,0.1493009854281,-0.0242815963772,0.1748845095471,0.0473147516891,0.1970826058967,0.3420977636895,0.1593464871899,0.3773901669322,-0.0022937254621,0.2806833737115,0.1702509989548,0.3202540217464,0.3300460853189,0.3202419909007,0.2979617314746,0.3114059410196,0.2244644929436,-0.1460631737184,0.1877410083872,0.5219058966389,0.3651306655344,0.1046006416570,-0.0001652248383,1.0000000000000,0.6534665415858,0.0439707080883,0.4851894032725,-0.1323791952225,0.3882728496280,-0.1574867144305,0.0450644937325,0.0880650661978,-0.0112740418338,-0.0760328934101,0.1368273087031,-0.0994413041423,-0.0542295021368,0.0206997508287,-0.0878196758829,-0.1577973600108,0.1886335797718,0.1766965052257,0.2440451286651,-0.1164020840469,-0.0061213735244,0.0771935261189,0.2040265663909,0.4992786665857,0.2058531622092,0.3132734639292,0.1534603715298,-0.0416215267657,-0.1606877880895,0.1887938071081,0.0198532233476,0.3893753233928,0.0493022750670,-0.0244237612149,0.7263711181580,0.6241098941185
0.0245458441177,0.6382061093289,-0.1360158861819,0.5319432524170,-0.3041316661213,0.2793762466461,0.3648058219078,0.0545201782612,0.2294267833626,0.0464698181670,0.0822481832099,-0.0152985834834,-0.0710937636148,-0.0209360700584,0.1061323164811,0.4175200021484,0.0846032709720,0.5132654532807,-0.0258179761098,0.4196658336931,0.0750491954560,0.2321222914012,0.4538144553167,0.3101987939743,0.3089772027493,0.3474148305179,0.2899348420127,-0.1744674319624,0.2315646396458,0.4502721399046,0.5076346957568,-0.0116427130666,0.2137622402443,0.6534665415858,1.0000000000000,-0.0184365378686,0.6307040398286,-0.1234695994975,0.5163140726511,-0.2937186149864,0.1529544066889,0.1026666440233,0.0038919604696,-0.0519866236057,-0.0082898653347,-0.2191042102828,-0.0355178996708,-0.2005122414277,-0.1713992120186,-0.3150404775975,0.2188897786664,0.1357738066566,0.4518455285019,-0.1290966789558,0.1473654585982,-0.1112298055840,-0.0203175589010,0.5640497016904,0.2329524540227,0.2925836663797,0.2841606706276,0.1238838429639,-0.2279218628150,0.0904046372373,-0.1143401834907,0.5158415452814,-0.0323591975092,0.1534881537586,0.4987873758380,0.8953044074939
