1.0000000000000,0.0798441693138,0.1643096064275,0.2694034028846,0.3000809122040,-0.1564715163548,0.3427827313870,0.1355048464430,0.0907518629561,0.4907322275524,0.3172110067261,-0.1521734134411,0.4134607200470,0.1050727239271,0.6675949535738,0.1789519818179,0.1806471860926,0.3322801783278,0.1668788374715,0.5111346621629,0.5211632127659,0.2382289882945,0.1644988952250,0.1786330409749,-0.0282627188852,0.1531347246851,-0.0916111940049,0.1607015665362,-0.0566535025182,0.5177511205781,-0.0872449801314,0.1859391650218,-0.1006552097924,0.2400409165520,0.1350032571627,0.5176890858593,-0.0608822883938,-0.2514416531706,0.1903338306582,0.0983104311175,-0.2997076106340,-0.0760637680828,-0.0601327846122,-0.3037387409169,0.4719779934014,0.0448978443483,-0.1955370360107,0.3311987243430,-0.1675361452691,0.1075382531805,0.0482948980241,0.2073486371040,-0.0790210081290,-0.2213909183243,0.0684122513439,0.4274858316235,0.1191256100661,0.0563945545439,0.1139922989294,0.1358725699072,-0.0437107121596,-0.3440944086912,0.0069441200310,-0.1801161254248,0.1168183504809,-0.3012258469383,0.1428860040397,0.0427403505502,0.1672582473300,0.0827307320209
0.0798441693138,1.0000000000000,0.2634668078480,0.7286540903025,0.2684659405120,0.2306888990888,0.0126404549836,0.1934817301642,0.0642514508586,0.1461542160377,0.0229244326477,0.0211525478479,0.3662478798767,0.1496794936170,-0.1506825879453,0.2710418963702,0.4131413006707,0.3864570112684,0.1452957713070,0.3394988282499,0.4899303452201,0.5498870325663,0.6506627482199,0.5660382532919,0.3414947880709,0.6499282337904,0.6094108812083,0.5280299225439,0.2776060620555,0.2551605933495,0.5532511985231,-0.2484353921998,0.2581398391621,0.3876745166473,0.5846139512778,0.1004446485647,0.6989579421085,0.0314000198019,0.5573332907643,0.1311817776360,-0.2314743350029,-0.4347999713595,-0.3191874758285,-0.4840256041825,0.1059023329680,-0.4790706028678,-0.2279499695025,0.1846363384149,-0.1757101580570,-0.4645447669492,-0.1005784416308,0.3474048328705,0.3089210407078,-0.3174362548829,-0.2093717252416,0.4310171356640,0.0547628323984,0.5285840347029,0.4842026054947,0.4203075470051,0.4549265910115,0.2058805261552,0.3952280599316,0.1249852253657,-0.0232776875854,0.4001861330526,0.0376291486843,-0.1252054239796,0.1475761270686,0.5677764742527
0.1643096064275,0.2634668078480,1.0000000000000,0.3120318758482,0.0180743884168,0.2688093710156,0.0486347222324,0.8005236869182,0.2277131708433,0.2509280190450,-0.0801357893455,0.1863896144009,0.0400129768342,0.2923809948055,0.0741132095091,0.2512203862709,0.2150324267074,0.4062601338511,0.4189237479851,0.4267102145664,0.1048238663046,0.3375808938931,0.0290959909906,0.3810644036884,0.3966351649206,0.4674578773112,0.6476763387885,0.8073378922445,0.4909182706011,0.0330334420904,0.3866112567016,-0.0174166764862,0.2211072899457,0.0197867669232,0.0359786325548,-0.3801535960462,-0.0407040732429,0.6065141838802,0.2621337694764,-0.1248269334119,0.0397509234776,-0.2791591062525,0.2841380500135,-0.2415432365826,0.2063544949812,-0.4398697710548,-0.2331458295470,-0.1252081726391,0.0727773682104,-0.3063023245510,0.0165322802146,0.1348608075942,-0.1279191055756,-0.2364530405216,-0.2269067752787,0.0491880740494,-0.1731590324722,-0.2250630619236,0.0908230634145,0.3107925958020,0.2984718347110,0.1346550854946,0.6971499139307,0.2957677947890,-0.4718267841436,-0.2743625266799,0.1407215307091,-0.1384407962862,-0.2321430916222,-0.1771654039371
0.2694034028846,0.7286540903025,0.3120318758482,1.0000000000000,0.3262283124410,0.2252522674317,0.3258122850206,0.3265288511335,0.2768930328832,0.3562249015553,0.2141823297199,0.0971569627725,0.4533003281019,0.2301005835273,0.1829575411369,0.3962492360675,0.2841591440212,0.5411771819784,0.2469690802624,0.4301002522230,0.5104328865348,0.4221330942864,0.7009610432723,0.4208909120776,0.5729604077566,0.6167063973502,0.5693423099823,0.4463820696955,0.3489521818199,0.4303597038696,0.4583012685713,-0.1492876434522,0.1758799232708,0.4734540636187,0.4776226095756,0.1030952585477,0.4952425056931,0.0317443812403,0.7580435427192,0.1488399160706,-0.2070386544497,-0.2786705067624,-0.0563577550147,-0.3750584115934,0.3414322499421,-0.4305243612764,-0.1816378425022,0.2167642882604,-0.2200060215040,-0.3248378002734,0.0992847922455,0.2355306419340,0.3131505596099,-0.2528746597455,-0.1746736691246,0.4182968284650,-0.0509638187738,0.4889075697099,0.2680210554856,0.5973381315227,0.2989198472313,0.1471695020803,0.2932528047394,0.1343716514314,-0.1212549569221,0.2297934085664,0.0804380866257,0.0929421679539,0.1089334753286,0.4960064759561
0.3000809122040,0.2684659405120,0.0180743884168,0.3262283124410,1.0000000000000,-0.1458475146615,0.0816228923586,0.0239213556121,0.0359586111774,0.0823647129171,0.4883900902281,0.0866353274402,0.5446076622945,0.1562184994529,0.0467179490097,0.0116205932618,0.3877807333887,0.1158795869362,0.0354794853584,0.1242942486197,0.6204358584989,0.3592704546159,0.2689667420189,0.2674619905785,0.1522251258197,0.1893239831218,0.0874373296633,0.1155131056738,0.2902506529072,0.2860686282006,0.2304857500046,-0.2276259862363,-0.1019714592894,0.1657023752348,0.0563186703893,0.3341401784001,0.2001662548212,-0.1215640737165,0.2680667291234,0.8729726929851,-0.1704294179433,-0.0867578912355,-0.0536181993337,-0.1959826118639,0.0901788682341,0.1393130807343,0.0208336903463,0.5248730939947,-0.0968624169028,-0.1105691998735,-0.0096790664348,0.3890107782047,0.0310767803219,-0.0131080381831,-0.1172497767884,0.5276874294686,0.2511547575966,0.1862333081481,0.2994585127406,0.2764732809092,0.1196753830596,-0.0219392459562,0.0818061008036,0.2418719502725,0.1383898342070,0.1341020195233,-0.0375598267104,0.1532795099982,0.0962489436669,0.1832139670815
-0.1564715163548,0.2306888990888,0.2688093710156,0.2252522674317,-0.1458475146615,1.0000000000000,0.4336501896413,0.2649159682282,0.5125366221729,0.0074902699265,-0.0813426518180,0.4196567025338,-0.1156873100323,0.3301559865044,-0.0159253057815,0.3145498560989,0.1153112907084,0.0756024381127,0.3730894725749,-0.0055526514760,-0.0972356439816,0.1968811574416,0.0771191600968,0.1792644575248,0.1715994715691,0.1562856808379,0.3322632442027,0.3097153686836,0.2037164319538,0.1051893789327,0.1627676141024,-0.2234189267336,0.7795165094810,0.0920426700329,0.2321390630722,-0.2487235663386,-0.0930942898805,0.1351217076516,0.1438018666067,-0.1869167762292,0.5512885725100,0.1744753588998,-0.0618096545829,0.1127944136826,0.0535257928749,-0.4084511698563,0.1747500534798,-0.1693334980107,0.3483951898144,0.0066782532380,0.1920769584637,0.1115194969029,-0.1514890460639,0.1264387958861,-0.1573159339844,-0.1376318129689,-0.0875645645754,0.0360524604445,0.0634767227759,0.1611107773276,0.0821490721984,-0.0535894685973,0.1900301725134,0.1146504420678,-0.1224345685605,-0.0090315131056,-0.1134626188038,0.1386094794430,-0.1332024920687,0.1496322084029
0.3427827313870,0.0126404549836,0.0486347222324,0.3258122850206,0.0816228923586,0.4336501896413,1.0000000000000,0.0860646109856,0.6533624821889,0.3310573318252,0.3333147878774,0.2979741043834,0.3454491680618,0.3488126342762,0.4968270703071,0.4302058491267,0.1088732102041,0.1667855275930,0.3581271981872,0.1649666258680,0.1862447604401,0.1199735545872,0.1690097438262,0.1075532674763,0.1396388323269,-0.0301443346441,-0.0340832954127,0.0107839067543,0.0514467804734,0.3393906488229,-0.0513160940153,-0.1490966072471,0.2928111847182,0.1982079947850,0.1243880830518,0.0881635190848,-0.2129341565968,-0.2380475575587,0.1940446519994,0.0114460761341,0.1618269737614,0.4004607030910,-0.1453800759012,0.1944743472932,0.3731574348028,-0.0569016839682,0.2028993900171,0.2706928605785,0.1738687253248,0.1952452385501,0.3825234286627,0.0893400958450,-0.2097770108224,0.0710857300754,-0.1748890418375,0.1845291903624,0.0661102883504,0.0389006241900,0.0202119655606,0.1905361628049,-0.2861121661094,-0.4256951515261,-0.1913752036201,-0.0754711711610,0.0158048059970,-0.1483934297864,-0.1251983557157,0.2271518656934,-0.0138284251614,0.1299752913070
0.1355048464430,0.1934817301642,0.8005236869182,0.3265288511335,0.0239213556121,0.2649159682282,0.0860646109856,1.0000000000000,0.1838006187195,0.3470672617089,-0.0238944623294,0.1172217872404,-0.0306443649047,0.2791726468644,0.1082443752351,0.3644140581684,0.1692257341195,0.3471550568343,0.3346464925678,0.3796133962578,-0.0130196545463,0.2860085736953,0.0582495877365,0.3034209799737,0.5005382383036,0.4847613938503,0.5571144971376,0.6812805070424,0.6266996014858,0.0606350348306,0.3699467588109,0.1516384919149,0.2275126473248,0.0632723146015,0.0818834424938,-0.3540573926049,-0.1416741852658,0.5230818450239,0.3381336215973,-0.0944183463715,0.0181124716627,-0.3394643186074,0.3878633929563,-0.2811279283005,0.3107110630011,-0.4331534592271,-0.3632539617015,-0.1449887873841,0.0543743278949,-0.2354791303032,0.0312907033682,0.0904728615077,-0.1618993758763,-0.3616214499442,-0.1806424879817,-0.0301507194774,-0.1551725605205,-0.2259980764224,0.0446157885520,0.4117366180305,0.3585909793996,0.1208528402105,0.6344344684705,0.4694607795481,-0.4287366100607,-0.3127713855067,0.3450048359551,-0.1107530290893,-0.2640381943518,-0.2114565550915
0.0907518629561,0.0642514508586,0.2277131708433,0.2768930328832,0.0359586111774,0.5125366221729,0.6533624821889,0.1838006187195,1.0000000000000,0.0174705363362,0.2801222363926,0.4954383310335,0.1208480447204,0.4672968372944,0.4112483152721,0.2770683418051,0.1258497172941,0.1555658026048,0.5150175315938,0.1697238516419,0.1197774757940,0.0840951346616,0.0397283294029,0.0646219673135,0.0946019630656,0.1316415742195,0.1975037460271,0.2183582305827,0.2822135802747,0.1463643543319,0.2122608192443,-0.2531879720642,0.2996614838254,0.0591398835093,0.0555165461974,-0.1044188420429,-0.2104846139964,-0.0020173796910,0.1981922237087,-0.0348111357258,0.3874661429593,0.3779294080764,-0.0588409347776,0.3808483932591,0.0299837430189,-0.1854579999301,0.2568798547763,0.0273222509332,0.2555677036771,0.0661497324194,0.1725794615180,0.1204198223693,-0.2489969792058,0.1665943305676,-0.2869624828539,0.0237934854766,-0.1672189478624,-0.0645041716041,-0.0730602638600,0.0755128247110,-0.1212214317721,-0.2046376170359,0.0498724943139,0.1106058572239,-0.2617766438863,-0.0701647642673,-0.1106612742702,0.2377374219852,-0.2906694031550,0.0221659166907
0.4907322275524,0.1461542160377,0.2509280190450,0.3562249015553,0.0823647129171,0.0074902699265,0.3310573318252,0.3470672617089,0.0174705363362,1.0000000000000,-0.0495501820753,-0.1826593876799,0.3688002171899,0.1306641312217,0.2830083190555,0.5365507497638,0.0657491818299,0.1250773450197,0.0066574032865,0.1281527237838,0.2930501343793,0.0357088505580,0.3701571718345,-0.0131471746029,0.3592770269977,0.2139083064701,0.0582017305587,0.1709203941666,-0.1208446120026,0.1164500458574,-0.2311515433246,0.1501084974816,0.1788105848805,0.1569586951096,0.0265073812311,0.2172124577646,0.0132420650550,0.0790905205951,0.2535454464193,-0.0108104389857,-0.2777966493641,-0.1103005272037,0.2084464671408,-0.3103007638166,0.9216849125254,-0.2518252872306,-0.1702103053320,0.3070298889565,0.0198176292661,0.0841439231436,0.2933790174851,0.0028223624697,-0.0615492424232,-0.2347630878808,-0.0636576556622,0.3835131000300,-0.0476745336980,0.1164564964949,-0.0474933354061,0.5592971700824,0.1278798849964,-0.0999737753428,0.0865854180663,-0.1996518546603,0.0073938935679,-0.3208307586338,0.0102279686302,-0.0772558357647,0.1449108341111,-0.0049483271741
0.3172110067261,0.0229244326477,-0.0801357893455,0.2141823297199,0.4883900902281,-0.0813426518180,0.3333147878774,-0.0238944623294,0.2801222363926,-0.0495501820753,1.0000000000000,-0.0704564617046,0.3220365795375,-0.0078225863239,0.4500396669210,-0.0131567591794,0.2362394539762,0.3084947320273,0.0126021567238,0.2116653307904,0.3225851063246,0.2693346418986,0.0444417771474,0.1964007294885,0.0099998710106,0.0760099072282,-0.0075843961710,-0.0374721139814,0.2799969983814,0.4581923300606,0.1793669231942,0.1217055704209,-0.1335197533727,0.1207682119492,0.1292173359395,0.1157199629431,-0.0682315112081,-0.3932282325874,0.1693711530335,0.4966678680284,-0.0577651153385,0.1558905035277,-0.1098543511384,0.0198301506575,-0.0184164117808,0.4555753824855,-0.1876571372744,0.2793751168464,-0.2341273605504,0.0034981634705,0.0188491721868,0.2763483528420,-0.0560144882182,-0.1696755795276,-0.0912446335105,0.2381870001988,0.2121212229384,0.0417837128584,0.0552767335277,0.0080461308929,-0.0931708445934,-0.2664972542450,-0.1344936504137,0.1982380038588,0.0528331527277,-0.0524460869721,0.2389095393218,0.2558909374178,0.0274482061763,0.0360078695375
-0.1521734134411,0.0211525478479,0.1863896144009,0.0971569627725,0.0866353274402,0.4196567025338,0.2979741043834,0.1172217872404,0.4954383310335,-0.1826593876799,-0.0704564617046,1.0000000000000,0.0377776577439,0.7874649628957,0.0543811598920,0.0037106354645,0.0536950087763,-0.0586674018337,0.7139388997849,-0.0134646755296,0.0027819267372,0.0867962057753,-0.2032865499414,0.0686432518778,0.0917577881927,0.1050631163103,0.2837385668652,0.2298096358279,0.1966539001333,-0.0177184905432,0.0846228731934,-0.5785145365917,0.1430832566046,0.0193381641380,0.0058941412610,-0.2313454937613,-0.2027873426721,0.1866945785114,0.0702498790340,0.0115641598202,0.3873954277434,0.2291482956794,-0.0812820029997,0.3302541874097,-0.1995871390450,-0.2438167416711,0.7051076836525,-0.0480108730305,0.6624349453930,0.0389495707906,0.0595797865416,0.0309140766212,-0.2640762971352,0.5444176390653,-0.3006771041261,-0.0558979428392,-0.0150982878054,-0.2203412287884,0.0490396981897,0.0145296757285,-0.0134303210909,0.0767014588947,0.1769480816880,0.1259410482773,-0.1768556504800,-0.0476292928878,-0.2734643557964,0.1849125030456,-0.2501264087135,0.0185569303680
0.4134607200470,0.3662478798767,0.0400129768342,0.4533003281019,0.5446076622945,-0.1156873100323,0.3454491680618,-0.0306443649047,0.1208480447204,0.3688002171899,0.3220365795375,0.0377776577439,1.0000000000000,0.1755920913068,0.2349764805075,0.3655709801775,0.2384934127327,0.2326348676521,0.1258881266449,0.2569386178697,0.7680863575400,0.3678812944056,0.3569239899853,0.3335488390515,0.0932947965888,0.2666976552883,0.1497608408047,0.1129380989127,0.0069825525502,0.3701586683097,0.1062327638956,-0.1980065893373,-0.0855661755034,0.4255033026620,0.2263986389518,0.3616635548433,0.2088279581398,-0.1567446183967,0.2927850640209,0.4602818364106,-0.3647891130820,-0.0682670730515,-0.3160751811761,-0.3097588835005,0.3822018544439,-0.1030412291017,0.0100723193914,0.8571648552523,-0.1330822187598,-0.1040333658269,0.2321035261196,0.1874458300512,0.1416449463119,-0.1137494185609,-0.1771514473861,0.8210341093462,0.2348419455700,0.1901506816759,0.2580415160602,0.2847915437843,0.0353529648734,-0.0430513788499,0.0008637176782,-0.1146277886408,0.1825595958140,0.0214319653308,-0.0686746632180,-0.0274013018948,0.3030139418130,0.3207138713458
0.1050727239271,0.1496794936170,0.2923809948055,0.2301005835273,0.1562184994529,0.3301559865044,0.3488126342762,0.2791726468644,0.4672968372944,0.1306641312217,-0.0078225863239,0.7874649628957,0.1755920913068,1.0000000000000,0.1938080843116,0.2170634878472,0.1377629575289,0.0667883216616,0.6859684857488,0.2192993246189,0.1769555818630,0.1862847615544,-0.0916378289380,0.1337420915500,0.1301979322722,0.4004098225979,0.4140909632651,0.4068665139593,0.1919608656765,0.0419621500789,0.0448196259708,-0.4263848988638,0.1355951444572,0.0461418599100,0.0441340045548,-0.1542551536827,-0.1969073136933,0.1936759072258,0.1918181890250,-0.0300537586529,0.2009837758276,0.0640747474881,-0.0783449527333,0.1067468503974,0.0910878725849,-0.3321973528152,0.4647663627190,-0.0094631351648,0.6608698196473,-0.0475371157586,0.1180459822614,0.0701030983373,-0.3308737662037,0.2671775788883,-0.3863588739159,0.0754541321413,-0.0713709293980,-0.2437032523687,0.0997787906564,0.1204383396715,0.1867110967183,0.0732048566351,0.3183298784741,0.0467934749768,-0.2190473275355,-0.2190056308922,-0.0163421853716,0.2056201755374,-0.2826091690497,0.0318473509354
0.6675949535738,-0.1506825879453,0.0741132095091,0.1829575411369,0.0467179490097,-0.0159253057815,0.4968270703071,0.1082443752351,0.4112483152721,0.2830083190555,0.4500396669210,0.0543811598920,0.2349764805075,0.1938080843116,1.0000000000000,0.1732092473146,-0.0827179718678,0.2667160328461,0.3280930740823,0.4046586879205,0.2005030976961,0.0395958248771,-0.0886849973284,-0.0439785511273,-0.0676025114481,0.0853780497686,-0.1122970950676,0.0368743285245,-0.0149861496263,0.6417826109961,-0.1336965223328,0.2522381039628,-0.1189785791447,0.1951433985977,0.0798472314735,0.1416343833345,-0.2444140072055,-0.2637184319026,0.1636200587967,-0.0139201108144,-0.0052633542223,0.1637065027319,-0.0362552422711,0.0157897315250,0.2523534888094,0.1238516666194,-0.0969625885733,0.1365778975676,-0.0071487151126,0.2785113208043,0.1596750723602,-0.0491813184880,-0.1687369726260,-0.0475562456816,0.0615626017047,0.0895104804363,0.0726395218988,-0.1263501617502,-0.1607606632319,-0.0653691128482,-0.1060801685015,-0.3677075779313,-0.0668404455334,-0.1351257787247,0.0480109309577,-0.3996667203256,0.1852949916741,0.2981183981001,0.0200993201665,-0.0314009692159
0.1789519818179,0.2710418963702,0.2512203862709,0.3962492360675,0.0116205932618,0.3145498560989,0.4302058491267,0.3644140581684,0.2770683418051,0.5365507497638,-0.0131567591794,0.0037106354645,0.3655709801775,0.2170634878472,0.1732092473146,1.0000000000000,0.0109760347939,0.1862165818797,0.1329002237561,0.1428245817292,0.3007746495011,0.0883760819701,0.2808776665268,0.0475169996846,0.3401077936560,0.3159239212910,0.2339046536111,0.1529887174158,0.1262822735176,0.1989305186210,0.0847916511407,0.0360794399230,0.3362435886251,0.1843510940012,0.2560406431393,-0.0127477837429,0.0890205204727,0.1245422362667,0.3523840367837,-0.0834654113708,0.0081000129699,0.0129077127994,0.1056715144328,-0.2093249917268,0.5616108736159,-0.4089124697755,-0.1385607490135,0.2709500174963,0.0095888334490,-0.0976256105618,0.5593193256608,-0.0457745798664,-0.0525334574245,-0.2231051549260,-0.1388244012124,0.2586399420081,-0.2128025328160,0.0688437294707,-0.0866151981424,0.4055454065942,0.1910799101396,-0.0369646381155,0.0851997894401,-0.0539837750197,-0.0920748373895,-0.1426896064138,0.0418672241536,0.1038775503703,0.0380603341795,0.1857278775637
0.1806471860926,0.4131413006707,0.2150324267074,0.2841591440212,0.3877807333887,0.1153112907084,0.1088732102041,0.1692257341195,0.1258497172941,0.0657491818299,0.2362394539762,0.0536950087763,0.2384934127327,0.1377629575289,-0.0827179718678,0.0109760347939,1.0000000000000,0.1868377459650,-0.0186290115395,0.1606907521770,0.3482805325081,0.7291038049373,0.3843229556420,0.7109544235129,0.1981326160126,0.2845846587878,0.2561125417069,0.4171397276733,0.3972991630226,0.1845702804369,0.4384345888106,-0.1973352816565,0.1056403263139,0.3293327899906,0.2903951289064,0.2172021925792,0.1129439352989,0.0123493905361,0.2893648145717,0.2900935693310,-0.1680804184033,-0.2538870270634,-0.2402428880272,-0.1946092023305,0.0793321247652,-0.1260223629504,-0.1393780205210,0.2067574410046,-0.1300227527530,-0.2206476752728,-0.1807492812978,0.8974848849723,-0.1201366657147,-0.2757568119713,-0.3279151527536,0.3175139962056,0.4425422176699,0.3377287611629,0.7094252009099,0.3438073189494,0.1413315101798,-0.1016924773715,0.2663815020128,0.3993891250908,-0.0044240101069,0.2863119431600,0.0393011308960,-0.1574193312366,0.0320421304692,0.1961337044451
0.3322801783278,0.3864570112684,0.4062601338511,0.5411771819784,0.1158795869362,0.0756024381127,0.1667855275930,0.3471550568343,0.1555658026048,0.1250773450197,0.3084947320273,-0.0586674018337,0.2326348676521,0.0667883216616,0.2667160328461,0.1862165818797,0.1868377459650,1.0000000000000,0.2097949660067,0.7002727421237,0.3566852537642,0.4262731379235,0.2694735892338,0.5048697499810,0.2554513496570,0.4768343148281,0.5286742952300,0.3991523834707,0.3911187400528,0.4257675247658,0.4763442112031,0.1544150019546,0.0501662242717,0.3446303635211,0.4922114210988,-0.0594683186270,0.1398133634992,-0.0475528293127,0.4385722929655,-0.0524448897976,-0.1517611498956,-0.3327702278948,0.0050445662405,-0.3847118101198,0.1162518836208,-0.1660114685817,-0.4222034837992,-0.0305055150697,-0.3390187074080,-0.4144784812382,-0.0976563407764,0.2127956138440,0.3635553081509,-0.4365808605631,-0.0556584775337,0.2067980919727,0.0004928087243,0.1728026011568,0.2565147665753,0.1170083827116,0.1357588094583,0.0067778657389,0.2359782165532,0.1184390330946,-0.3014762904771,0.0135940747856,0.4255707855198,0.0618514488368,0.1423704433154,0.2627276966102
0.1668788374715,0.1452957713070,0.4189237479851,0.2469690802624,0.0354794853584,0.3730894725749,0.3581271981872,0.3346464925678,0.5150175315938,0.0066574032865,0.0126021567238,0.7139388997849,0.1258881266449,0.6859684857488,0.3280930740823,0.1329002237561,-0.0186290115395,0.2097949660067,1.0000000000000,0.4473130054506,0.0619713771872,0.1673195994596,-0.0872425138962,0.1450062831718,0.0560262156963,0.2796219899759,0.3726623209609,0.4248251468260,0.2329383959325,0.1884458498107,0.1625518647996,-0.3635267738015,0.1590487610601,-0.0198425596329,0.0745112899279,-0.1977470087305,-0.1617371431002,0.1423167246578,0.1362695984397,-0.0951525058609,0.2467390370073,0.0677498714480,-0.0700344730482,0.0618849649232,-0.0169664967323,-0.3243877962306,0.2953155602483,-0.0130117624352,0.4254966098905,-0.0785438196920,0.1019411102202,-0.0468604964407,-0.1693030041712,0.2540941334054,-0.2292011033587,0.0103557286945,-0.1173694033560,-0.2328885114031,0.0033528272537,0.0111322680616,0.0442720415533,-0.0441332024610,0.2952414076458,0.0349018368457,-0.2411550743468,-0.2304822261452,-0.0578864616083,0.1868335331395,-0.2616507507171,0.0407165594832
0.5111346621629,0.3394988282499,0.4267102145664,0.4301002522230,0.1242942486197,-0.0055526514760,0.1649666258680,0.3796133962578,0.1697238516419,0.1281527237838,0.2116653307904,-0.0134646755296,0.2569386178697,0.2192993246189,0.4046586879205,0.1428245817292,0.1606907521770,0.7002727421237,0.4473130054506,1.0000000000000,0.3473498206261,0.4018101729120,0.1623544200881,0.4168724599057,0.0612432176646,0.5349242859763,0.4313783077766,0.4656402094910,0.2973149495525,0.4251912710003,0.3782293640540,0.1298798836233,-0.0412013257450,0.2393106006274,0.4325421025585,0.0667734072115,0.0858767242092,-0.0530823934229,0.4003850513744,-0.0507114713757,-0.2193706001853,-0.3363047752150,-0.1341073098292,-0.3950349996704,0.1197904342073,-0.2313698222687,-0.3699150305612,0.0920935205248,-0.1773154433827,-0.3017071884010,-0.0421426027839,0.1575146737368,0.1815179277412,-0.3564605639784,0.0585458975825,0.2292944601416,-0.0160916918977,-0.0141610009561,0.1979273353721,0.0247412441000,0.2814527358198,-0.0523650121846,0.3099607886315,0.0439686532994,-0.1412564925452,-0.1451466470862,0.4005361026562,0.0401030183118,0.0423635625778,0.2669392537365
0.5211632127659,0.4899303452201,0.1048238663046,0.5104328865348,0.6204358584989,-0.0972356439816,0.1862447604401,-0.0130196545463,0.1197774757940,0.2930501343793,0.3225851063246,0.0027819267372,0.7680863575400,0.1769555818630,0.2005030976961,0.3007746495011,0.3482805325081,0.3566852537642,0.0619713771872,0.3473498206261,1.0000000000000,0.4634247763018,0.4410282138981,0.3908572650009,0.0870065729241,0.3641810948541,0.2333116258022,0.2285894163636,0.0997108537950,0.3675593393457,0.2478871746694,-0.1802401383963,-0.0516242065770,0.3630229530826,0.3603665822214,0.4315635463330,0.3204401696525,-0.1678596348472,0.4153627158315,0.3995708138887,-0.2711776763876,-0.1520825714193,-0.2402128359533,-0.3767255835386,0.3113015445276,-0.1598287658228,-0.0671628916156,0.6238404938246,-0.2016417310596,-0.2838824755795,0.0895597679345,0.3486724510298,0.1312655588910,-0.2025288154171,-0.1481194991216,0.8035528405359,0.1426280340893,0.3069746618268,0.3501612419011,0.2325717036315,0.1616124123027,-0.0705451132170,0.0636849133426,-0.1017323544777,0.0881123065831,0.1145709199710,-0.0124714322924,0.0232680951863,0.2342606317607,0.4056245946288
0.2382289882945,0.5498870325663,0.3375808938931,0.4221330942864,0.3592704546159,0.1968811574416,0.1199735545872,0.2860085736953,0.0840951346616,0.0357088505580,0.2693346418986,0.0867962057753,0.3678812944056,0.1862847615544,0.0395958248771,0.0883760819701,0.7291038049373,0.4262731379235,0.1673195994596,0.4018101729120,0.4634247763018,1.0000000000000,0.3793764770743,0.9466406110697,0.1551591520228,0.4351287385920,0.4388793458140,0.5465744243114,0.4707792744377,0.4718847137314,0.6092218010084,-0.1316425652395,0.1186785528549,0.5354488558416,0.5336423231753,0.1006078689964,0.1799932261414,-0.0075987797421,0.3740238923049,0.2444371288523,-0.1821471000836,-0.3782431108617,-0.3463867836294,-0.3828601208715,0.0428812422630,-0.2031196404665,-0.2889542166602,0.2545022360037,-0.1822409218434,-0.3526348425178,-0.1666451071035,0.7102612120846,-0.0129146064063,-0.3840835118847,-0.3231324860175,0.3965876995933,0.6264482643300,0.3304537579764,0.8047458589049,0.2053741557171,0.2312988212647,-0.1000488475382,0.3901467393996,0.3584762952385,0.0172527086608,0.2543640715387,0.1865111704454,-0.1688714813103,0.2374307590034,0.3724547558839
0.1644988952250,0.6506627482199,0.0290959909906,0.7009610432723,0.2689667420189,0.0771191600968,0.1690097438262,0.0582495877365,0.0397283294029,0.3701571718345,0.0444417771474,-0.2032865499414,0.3569239899853,-0.0916378289380,-0.0886849973284,0.2808776665268,0.3843229556420,0.2694735892338,-0.0872425138962,0.1623544200881,0.4410282138981,0.3793764770743,1.0000000000000,0.3879582108572,0.4055429054356,0.2464165427556,0.2419735209696,0.2196521703211,0.1456734795789,0.2328072507568,0.4068487115105,-0.1647748902091,0.1890834969831,0.3607187708068,0.3540142306721,0.3483032460739,0.5607687134562,-0.1327172204457,0.5142496075554,0.1559180915087,-0.3420050405220,-0.3320841543200,-0.1054959244810,-0.3873638639340,0.4102982014951,-0.2902871993957,-0.1919758883480,0.2933836927350,-0.3296538308883,-0.2990657114013,0.0576325638005,0.3449277631678,0.3440766093537,-0.2477881090599,-0.0755070177904,0.4279834534001,0.0993462777896,0.7995202405706,0.3798653741454,0.5291559261519,0.1300955747381,0.0093361105107,0.0546980555391,0.0306509391957,0.1032823802180,0.4847866740047,-0.0653977814601,-0.0791384016709,0.2318740110869,0.4772928099812
0.1786330409749,0.5660382532919,0.3810644036884,0.4208909120776,0.2674619905785,0.1792644575248,0.1075532674763,0.3034209799737,0.0646219673135,-0.0131471746029,0.1964007294885,0.0686432518778,0.3335488390515,0.1337420915500,-0.0439785511273,0.0475169996846,0.7109544235129,0.5048697499810,0.1450062831718,0.4168724599057,0.3908572650009,0.9466406110697,0.3879582108572,1.0000000000000,0.1749322645316,0.4150395038163,0.4650616118654,0.5698383482436,0.4911309269088,0.3942635800996,0.6540083741117,-0.1092890247688,0.0945840599632,0.5221255388646,0.5289926782839,0.0538015377045,0.1855470729849,0.0286942225518,0.3443433415655,0.1422569245135,-0.2267124766315,-0.4409599580463,-0.3526268528227,-0.4018520801833,-0.0031988482404,-0.2380328597057,-0.3058440233087,0.1940441162118,-0.2296174771456,-0.4220430561569,-0.2331249712183,0.6810362487164,0.0839059039494,-0.4184815851470,-0.3049349470089,0.3486841070640,0.5723217975503,0.3305538608741,0.8383660674743,0.1940927407116,0.1799255551408,-0.0662320318928,0.4002623112078,0.3816866255364,-0.0492850852349,0.3077040274722,0.1913966823902,-0.2386177259741,0.2166122903097,0.3565930524843
-0.0282627188852,0.3414947880709,0.3966351649206,0.5729604077566,0.1522251258197,0.1715994715691,0.1396388323269,0.5005382383036,0.0946019630656,0.3592770269977,0.0099998710106,0.0917577881927,0.0932947965888,0.1301979322722,-0.0676025114481,0.3401077936560,0.1981326160126,0.2554513496570,0.0560262156963,0.0612432176646,0.0870065729241,0.1551591520228,0.4055429054356,0.1749322645316,1.0000000000000,0.3787489863220,0.4458395773549,0.2538396444869,0.5428120446460,0.0565702103045,0.3380004137795,-0.0607033961219,0.1520107060342,0.2018571232289,0.1715107435551,-0.2112324879822,0.2536217619738,0.3386554244829,0.5075120668060,0.0904742395007,-0.0791285492366,-0.2174011240075,0.4891084648288,-0.1809275652920,0.3464895746772,-0.3106277687466,-0.1671064773011,-0.1002365901850,-0.1039593630446,-0.2385856842154,0.0879312361627,0.1690037278018,0.0536126616193,-0.2070789348194,-0.2718586809211,0.0511628681710,-0.1332764451359,0.2667410430264,0.0200302869213,0.8410028074291,0.2362890050087,0.1899312424089,0.2693825909542,0.4442492476947,-0.3601847942251,0.1367609607532,0.1044730882637,0.0710798174742,-0.0902918207660,0.0467421444137
0.1531347246851,0.6499282337904,0.4674578773112,0.6167063973502,0.1893239831218,0.1562856808379,-0.0301443346441,0.4847613938503,0.1316415742195,0.2139083064701,0.0760099072282,0.1050631163103,0.2666976552883,0.4004098225979,0.0853780497686,0.3159239212910,0.2845846587878,0.4768343148281,0.2796219899759,0.5349242859763,0.3641810948541,0.4351287385920,0.2464165427556,0.4150395038163,0.3787489863220,1.0000000000000,0.7405988949794,0.6130583413795,0.3749060960306,0.2415321094151,0.4071612729041,-0.0048018618588,0.1125556556217,0.2920603599716,0.4611966602583,-0.1685627411808,0.3330743898035,0.2538489674273,0.6136399004401,0.0296602455332,-0.1464660581775,-0.4598192922208,-0.0808097507983,-0.4657481273684,0.1376522286477,-0.5153461458076,-0.3525248186255,-0.0121078490244,-0.0689453027250,-0.4407122334695,-0.0970521501631,0.1970857606556,0.0984274314903,-0.4523731156465,-0.3210505494756,0.2268244721448,-0.0959006265643,0.0830273349735,0.2470185109389,0.3697234829104,0.7091635838671,0.3439832357866,0.5793220057624,0.1809581176346,-0.3025759263196,-0.0539457236911,0.3833081977038,-0.0481492643005,-0.1043702918800,0.2833126733054
-0.0916111940049,0.6094108812083,0.6476763387885,0.5693423099823,0.0874373296633,0.3322632442027,-0.0340832954127,0.5571144971376,0.1975037460271,0.0582017305587,-0.0075843961710,0.2837385668652,0.1497608408047,0.4140909632651,-0.1122970950676,0.2339046536111,0.2561125417069,0.5286742952300,0.3726623209609,0.4313783077766,0.2333116258022,0.4388793458140,0.2419735209696,0.4650616118654,0.4458395773549,0.7405988949794,1.0000000000000,0.7691117278028,0.4827559416940,0.0402507078940,0.4887789404835,-0.2249063681468,0.2527331503774,0.1751908612443,0.3425127390046,-0.3798951847975,0.2400538473521,0.4531576964456,0.4891045616865,-0.0453232447244,-0.0053187904264,-0.4201262397615,0.0220309058560,-0.3472124997614,0.0451349963730,-0.5678556439895,-0.1713972787039,-0.1181952476034,0.0723990193709,-0.4812504645283,-0.1385707440575,0.1848467315148,0.0940495033904,-0.2202025375376,-0.2961436845201,0.1194149777349,-0.1471276935795,0.0520081167909,0.2246640206522,0.3480851230691,0.5231575258203,0.4734579573928,0.7026549428834,0.2797276776330,-0.4592389473957,-0.0263977202772,0.2128310945040,-0.0770344678325,-0.2077266667910,0.1253399769812
0.1607015665362,0.5280299225439,0.8073378922445,0.4463820696955,0.1155131056738,0.3097153686836,0.0107839067543,0.6812805070424,0.2183582305827,0.1709203941666,-0.0374721139814,0.2298096358279,0.1129380989127,0.4068665139593,0.0368743285245,0.1529887174158,0.4171397276733,0.3991523834707,0.4248251468260,0.4656402094910,0.2285894163636,0.5465744243114,0.2196521703211,0.5698383482436,0.2538396444869,0.6130583413795,0.7691117278028,1.0000000000000,0.4848413812002,0.0837674277850,0.4315300073865,-0.1594127162661,0.2474851335651,0.1518284611909,0.1810400850161,-0.2534380667942,0.1101299564660,0.5128140448126,0.3996534315578,-0.0564246899163,-0.0338652896316,-0.4326828619650,-0.0382026284187,-0.3475125966905,0.1355590257294,-0.5292584154417,-0.2150243338815,-0.0496958203517,0.1370031953931,-0.3659494480820,-0.1720508957504,0.3182635069401,-0.0722300721917,-0.2318154898841,-0.2543783567582,0.1735276967365,-0.0265488845082,-0.0223290510776,0.3593920081413,0.2633221043304,0.4602628580105,0.2284805142526,0.8725354461568,0.3214846822125,-0.3709844524357,-0.1533517055417,0.1814688430319,-0.1728496294548,-0.2159443717963,-0.0237691812806
-0.0566535025182,0.2776060620555,0.4909182706011,0.3489521818199,0.2902506529072,0.2037164319538,0.0514467804734,0.6266996014858,0.2822135802747,-0.1208446120026,0.2799969983814,0.1966539001333,0.0069825525502,0.1919608656765,-0.0149861496263,0.1262822735176,0.3972991630226,0.3911187400528,0.2329383959325,0.2973149495525,0.0997108537950,0.4707792744377,0.1456734795789,0.4911309269088,0.5428120446460,0.3749060960306,0.4827559416940,0.4848413812002,1.0000000000000,0.1587363689746,0.6494988173972,-0.0476914424614,0.0703284408639,0.1769191031206,0.2484142333874,-0.2932205311616,0.0173176499350,0.2740795675719,0.4536114964034,0.2266946946252,0.0641294329237,-0.2355975223155,0.2609999784169,-0.1010449371255,-0.1129945410822,-0.1611481315719,-0.2953900824204,-0.0912389644741,-0.1208267848253,-0.3662819940659,-0.0998298742356,0.4137878059858,-0.1001619601260,-0.2951813957685,-0.3024278454970,-0.0226031455328,0.0690815520385,0.0503890687407,0.2828169759501,0.3215356674813,0.2405358329514,0.0054770795640,0.4441459762544,0.8477118093128,-0.4226464335629,0.0918245122386,0.3324297345148,0.0729026881474,-0.1746368526338,0.0105109285824
0.5177511205781,0.2551605933495,0.0330334420904,0.4303597038696,0.2860686282006,0.1051893789327,0.3393906488229,0.0606350348306,0.1463643543319,0.1164500458574,0.4581923300606,-0.0177184905432,0.3701586683097,0.0419621500789,0.6417826109961,0.1989305186210,0.1845702804369,0.4257675247658,0.1884458498107,0.4251912710003,0.3675593393457,0.4718847137314,0.2328072507568,0.3942635800996,0.0565702103045,0.2415321094151,0.0402507078940,0.0837674277850,0.1587363689746,1.0000000000000,0.2651535466935,0.2261193916713,0.0183982504094,0.5645494025407,0.5019631572899,0.2204534710449,0.0943665735252,-0.3622066624533,0.3296690897603,0.2133969227519,-0.0658186030783,-0.0900682509966,-0.2551395860845,-0.2981912028629,0.1051243701163,0.0453523247118,-0.2513647773053,0.2542909083571,-0.2704490998086,-0.0317338866299,0.1199462877484,0.2278842280110,0.0900405968814,-0.2573156791851,0.0512338880594,0.2495976441459,0.3925351999927,0.2387703157125,0.2626074593860,0.0517897260941,0.0086844800712,-0.3227690961432,-0.0628005217793,0.0269798253769,0.3242041299785,0.0658138005197,0.2081375364800,0.2552453201518,0.3712830965961,0.4270524769998
-0.0872449801314,0.5532511985231,0.3866112567016,0.4583012685713,0.2304857500046,0.1627676141024,-0.0513160940153,0.3699467588109,0.2122608192443,-0.2311515433246,0.1793669231942,0.0846228731934,0.1062327638956,0.0448196259708,-0.1336965223328,0.0847916511407,0.4384345888106,0.4763442112031,0.1625518647996,0.3782293640540,0.2478871746694,0.6092218010084,0.4068487115105,0.6540083741117,0.3380004137795,0.4071612729041,0.4887789404835,0.4315300073865,0.6494988173972,0.2651535466935,1.0000000000000,-0.1520644827001,0.0551218792395,0.3101199215183,0.4675413573233,-0.0972793824874,0.3624299232933,0.0724274209417,0.4198326214311,0.1560477012465,-0.0747596730647,-0.3711540897103,-0.0800917356340,-0.2699420142858,-0.2456247681083,-0.2650252356676,-0.2866788237805,-0.0042006687201,-0.3098629588528,-0.5372671149045,-0.1457913484872,0.4135265354066,0.2224868466076,-0.3312730758165,-0.2295309528020,0.0956158141506,0.1630069254368,0.3539039888834,0.4480555251789,0.1962890140838,0.2316933535943,0.0619442964804,0.3117449134518,0.4624152743645,-0.1976365399185,0.5557880749565,0.1637398025879,-0.0597665011805,0.0064081181580,0.3424060126897
0.1859391650218,-0.2484353921998,-0.0174166764862,-0.1492876434522,-0.2276259862363,-0.2234189267336,-0.1490966072471,0.1516384919149,-0.2531879720642,0.1501084974816,0.1217055704209,-0.5785145365917,-0.1980065893373,-0.4263848988638,0.2522381039628,0.0360794399230,-0.1973352816565,0.1544150019546,-0.3635267738015,0.1298798836233,-0.1802401383963,-0.1316425652395,-0.1647748902091,-0.1092890247688,-0.0607033961219,-0.0048018618588,-0.2249063681468,-0.1594127162661,-0.0476914424614,0.2261193916713,-0.1520644827001,1.0000000000000,-0.1226389760576,-0.0141026274865,-0.0015208175386,-0.0306917930603,-0.1571980561510,-0.0707314257917,-0.1376885789280,-0.1912932759252,-0.0978966294645,-0.1685631188548,0.2118599711857,-0.2058618522581,0.1247489372347,0.2537785556229,-0.6213275748545,-0.1976359559550,-0.4012711257529,-0.0315932712831,-0.0684933567820,-0.1540193721774,0.0403413548429,-0.5025412891057,0.2439863147394,-0.1628488289856,-0.0230518040552,-0.1664505706682,-0.1698460423929,-0.1357006805262,-0.0429376032410,-0.1373949525073,-0.1344648251176,0.0060029255926,0.0266936923494,-0.2573496782344,0.5749973789174,-0.0331631870280,0.0770191296211,-0.1814314363518
-0.1006552097924,0.2581398391621,0.2211072899457,0.1758799232708,-0.1019714592894,0.7795165094810,0.2928111847182,0.2275126473248,0.2996614838254,0.1788105848805,-0.1335197533727,0.1430832566046,-0.0855661755034,0.1355951444572,-0.1189785791447,0.3362435886251,0.1056403263139,0.0501662242717,0.1590487610601,-0.0412013257450,-0.0516242065770,0.1186785528549,0.1890834969831,0.0945840599632,0.1520107060342,0.1125556556217,0.2527331503774,0.2474851335651,0.0703284408639,0.0183982504094,0.0551218792395,-0.1226389760576,1.0000000000000,-0.0174818357051,0.1453844013819,-0.1019275235943,-0.0228224806186,0.0815771153315,0.0530584303029,-0.1210784753812,0.3171359151633,0.0432336369676,0.0014292481039,-0.0484221548484,0.2083669049015,-0.3684123190385,0.0548064380715,-0.0838524995823,0.3153245416894,0.0290805572033,0.2041189364615,0.0782439516586,-0.0315936991332,0.0165906794361,-0.0454202679200,-0.0131257804588,-0.1353913481408,0.0939758705864,0.0274722739029,0.2139478755858,0.1144206544979,-0.0546840522389,0.1383759695717,0.0064469237262,-0.0002024102799,-0.0110501697010,-0.0553994113128,-0.0048193796591,-0.0249297808541,0.1503498185782
0.2400409165520,0.3876745166473,0.0197867669232,0.4734540636187,0.1657023752348,0.0920426700329,0.1982079947850,0.0632723146015,0.0591398835093,0.1569586951096,0.1207682119492,0.0193381641380,0.4255033026620,0.0461418599100,0.1951433985977,0.1843510940012,0.3293327899906,0.3446303635211,-0.0198425596329,0.2393106006274,0.3630229530826,0.5354488558416,0.3607187708068,0.5221255388646,0.2018571232289,0.2920603599716,0.1751908612443,0.1518284611909,0.1769191031206,0.5645494025407,0.3101199215183,-0.0141026274865,-0.0174818357051,1.0000000000000,0.6496580990914,0.2238959637627,0.2119321496667,-0.1590557503910,0.4770828899344,0.0836916168562,-0.2082134192711,-0.2046625791058,-0.2635332006667,-0.2988940197275,0.1758742574927,-0.1649392934751,-0.1602453126998,0.3091874242102,-0.2723720162599,-0.0383974417524,-0.0136493535956,0.3330859356671,0.1946578565296,-0.2439613440474,-0.0187061662556,0.3563455361183,0.4074791383554,0.4050104645993,0.4006294514009,0.2465741599783,0.1488442231015,-0.0734664014041,0.0672614705645,0.1133918538309,0.2011877316182,0.2573298145607,0.0704092800185,-0.0111671722797,0.5692225809047,0.5319946670751
0.1350032571627,0.5846139512778,0.0359786325548,0.4776226095756,0.0563186703893,0.2321390630722,0.1243880830518,0.0818834424938,0.0555165461974,0.0265073812311,0.1292173359395,0.0058941412610,0.2263986389518,0.0441340045548,0.0798472314735,0.2560406431393,0.2903951289064,0.4922114210988,0.0745112899279,0.4325421025585,0.3603665822214,0.5336423231753,0.3540142306721,0.5289926782839,0.1715107435551,0.4611966602583,0.3425127390046,0.1810400850161,0.2484142333874,0.5019631572899,0.4675413573233,-0.0015208175386,0.1453844013819,0.6496580990914,1.0000000000000,0.1239501179354,0.3361351246096,-0.2546684632048,0.5191372975447,-0.0361073240186,-0.1061564493771,-0.2611731730794,-0.3453411961485,-0.3580955025538,0.0252151799738,-0.3005796602239,-0.2668375937436,0.1104168777914,-0.2770054389341,-0.2534179437158,-0.0550538889087,0.3310610839247,0.2426258347530,-0.3656764876919,0.0248151097361,0.2149235104395,0.2342063776120,0.4395113441602,0.4155497809641,0.1570430558443,0.3479813804042,-0.0468935888616,0.0390485389157,0.0790147332971,0.1266075551344,0.3257214190277,0.1237624985356,-0.0031146436485,0.3587946777500,0.7394796813023
