1.0000000000000,0.2421476250579,0.2926118504192,0.4224956025238,0.5328739474349,0.0973099893674,0.2406210381412,0.4303306060862,0.2816065218257,0.3430825772048,0.0696951650423,0.2897002319022,0.4316956664797,0.1125860966104,0.6881009181500,0.5424428303789,0.6023963181077,0.5307032678372,0.2917815614954,0.4887516287877,0.4804634419392,0.5947187617750,0.4941600863745,0.5929566031820,0.4199915673474,0.3430922922966,0.2292306653019,0.3632030796714,0.5266572369022,0.6612093275605,0.4830315040310,0.2052553968359,0.0619233217419,0.4541128183404,0.3876812829954,0.6905546382147,0.0964673986658,0.0250813996670,0.2720954151855,0.3954684242630,0.1028814318678,-0.0106381004624,0.1012359750698,-0.0461972032284,0.2179040461564,0.0637368401829,0.1315348641609,0.3972698385202,-0.0822534700850,0.2789947520898,0.3296526597952,0.6195237769819,0.1595338780017,0.0875842893742,-0.0915275301471,0.3079769700327,0.4230085699081,0.3772466168772,0.3371194793082,0.3800083888605,0.1557413338683,-0.2058769534490,0.1427873196964,0.4029529574977,0.3636753741780,0.3251801457026,-0.0768518621546,0.1289870154476,0.2768368095336,0.3652578708835
0.2421476250579,1.0000000000000,0.3430758071588,0.6393918192280,-0.1236368612782,0.2899012659507,-0.0911800286312,0.3858693298171,0.2523550023612,0.1472715418620,-0.0387379529508,0.1982619194362,-0.1621400683650,0.1357286903286,0.0623417922769,0.1736606303445,0.1491665010221,0.5199663844622,0.2788657130397,0.3936897430308,0.0846999287100,0.1974732069766,0.4339785888526,0.3885201172888,0.2369369795288,0.5076621146980,0.6079323190861,0.3960743116999,0.0937477717182,0.1713379608524,0.4473429530036,-0.1261111728101,0.3935930068837,0.6234903738249,0.7239355571574,0.1807348437382,0.8042225738156,0.2501184417441,0.4390370064591,-0.2658229151893,0.1996317890777,-0.1450690823814,0.2083889702324,-0.1107170569826,0.0133787479662,-0.1015857151047,-0.0312175886768,-0.1358442889896,0.0553477648116,-0.2244401334858,0.1879707268612,0.0891544965509,0.4167847635508,-0.0980635379941,0.1175003247308,-0.0609029294758,-0.0997094287391,0.4405674975537,0.0043505015426,0.2483411433045,0.4158860555177,0.3528334290311,0.2599320045409,-0.1142314291370,-0.0974785075221,0.2010232072839,-0.0564808571174,-0.0691658504784,0.2881304388930,0.6264524300295
0.2926118504192,0.3430758071588,1.0000000000000,0.6580575766362,-0.0347025311142,0.1984500888714,-0.1762956639422,0.5608563117274,0.4359195038764,0.4277714171500,-0.3127579244320,0.3363116414678,-0.0312156464102,-0.0113621579831,0.1719055122331,0.4279299294393,0.3110825397628,0.5390117524643,0.3522004048411,0.3830248823326,0.1102743884438,0.2621026165148,0.5665784121625,0.4633183328269,0.3427828246627,0.4315032057151,0.4869180583886,0.4003244085474,0.1602392905913,0.2494198146641,0.4823289987245,0.2893891551912,-0.0970056767743,0.3683338635866,0.5774697719289,0.2136127904276,0.4444445034059,0.7633328396161,0.4877083474370,-0.2825555111787,0.1062986447221,-0.3378053704415,0.4002683775414,-0.0578759472640,0.2746822889772,-0.3985244489269,0.1899242158527,0.0100721621260,0.0482862528169,-0.2764700633106,0.3339538134594,0.3064269851944,0.1960312435904,0.2726172880553,0.1933483070210,-0.1166324440091,-0.2129401155044,0.5087350400897,-0.0400461767292,0.2665398474317,0.4066037120642,0.1246644176551,0.2078571097695,-0.0849061205348,-0.0843974278238,0.0323327591495,0.2325466318787,-0.1053934163454,0.1923590691713,0.5059442639095
0.4224956025238,0.6393918192280,0.6580575766362,1.0000000000000,-0.0458193466455,0.2997304375280,0.0432366269720,0.6254726006094,0.4960818788333,0.5344677629201,-0.0766006056187,0.4440119706427,0.0707806241146,0.2583368764430,0.3178838138356,0.4850121292807,0.2013282882529,0.5787004146164,0.3892307783422,0.6000861923713,0.1517657341249,0.2559332829735,0.7208816831845,0.4276775022891,0.5674244066938,0.7572267111829,0.6632200258773,0.3993903734445,0.2037924562111,0.3518929531177,0.6164731799347,0.1873336281763,0.0307218091877,0.4757738717509,0.8041317654004,0.3540860342295,0.6990060989453,0.4966316807338,0.8116006284124,-0.2272141419002,0.2992033067943,-0.1754650733024,0.4806642644432,0.0120560764815,0.4804283526092,-0.1699113182094,0.2062896863314,0.0924656936174,0.2068280413579,-0.1506744385295,0.4685051268906,0.1904536167549,0.2626178214612,0.0811807438602,0.1919254251884,-0.0778396610458,-0.1876555723138,0.6510278538510,-0.1207681205999,0.5475907042871,0.7184498560280,0.2528500219548,0.2419984707830,-0.0435481880130,-0.0354844005311,0.1713419864592,0.1806909960656,0.0181516778514,0.2753642078419,0.7343903598570
0.5328739474349,-0.1236368612782,-0.0347025311142,-0.0458193466455,1.0000000000000,0.0091500942698,0.4673241893803,0.1145507675904,0.1684883439346,0.2317996989313,0.4193712705257,0.2146928273017,0.7433294917874,0.1513948140102,0.4312402048639,0.4559812093723,0.5882074872147,0.1117907794238,-0.0014727585526,0.1079987209934,0.7697311102172,0.6134851768782,0.2166364306190,0.4118708265276,0.3477033963209,0.0447876195610,-0.0598472073133,0.1405606453116,0.7732119197874,0.5856977178513,0.2442507428472,0.2876586802151,-0.1395170854824,0.2656999309222,-0.0612557364746,0.5359581531213,-0.3194622308220,-0.2228960566398,-0.1434508546296,0.9140321703018,0.0045853818584,0.2650641093320,-0.2268226906070,0.1052879619569,0.1455591589381,0.3654616616169,0.1021528837067,0.7092004587240,-0.0489433495558,0.2930529862423,0.2055074359360,0.5949392646629,-0.1297847540420,0.0238108046129,-0.3709706447663,0.7481493952636,0.6783149925745,0.0636541446881,0.5238326039353,0.3050252875602,-0.1269573551683,-0.3336143042876,0.0408068955079,0.7416034305432,0.4264452851223,0.2755432638358,-0.0321513282158,0.1581637551162,0.2470295757288,-0.0451712965927
0.0973099893674,0.2899012659507,0.1984500888714,0.2997304375280,0.0091500942698,1.0000000000000,0.2388020574275,0.2248558616523,0.4300852304062,0.1061864639357,0.0323145149302,0.3829093951862,0.0483685576582,0.1615236809512,0.1699353566832,0.4088704845909,-0.0318766289173,0.1075011406433,0.2312589387337,0.2180498282831,0.0032189972943,0.0888695185931,0.2469416040571,0.1032038670265,0.1500122749425,0.2789639426052,0.2958727649656,0.1691726082592,0.0971386293201,0.2284069093451,0.2943480968240,0.1474060996523,0.1842240042047,0.0333892087696,0.2439440057201,0.0883364663516,0.3251735753505,0.1790885161262,0.2063871700504,-0.0746400239362,0.4662691063707,0.1961148709046,0.2149302467212,0.2515942707605,0.0820959753850,-0.0236579355588,0.3097593684419,-0.0038014515505,0.2683157842006,0.0758589195296,0.3704160580415,-0.0742279963575,-0.0252462062187,0.2376681304739,-0.0209154520940,-0.0796067921809,-0.0925537184031,0.2604644426488,-0.1290044229265,0.1295736923587,0.1804358760926,0.0258002114604,0.1281588598227,-0.0789545999127,0.0751843910430,0.1716037777019,0.2448790212820,0.1539282852319,0.1287534552283,0.2040887268757
0.2406210381412,-0.0911800286312,-0.1762956639422,0.0432366269720,0.4673241893803,0.2388020574275,1.0000000000000,0.1038084490633,0.4702082977381,0.2209630653993,0.7466452455861,0.3216487841956,0.7648629777224,0.3446397879821,0.4421961503379,0.4619813575936,0.1069024180954,-0.0638293584033,0.0559423410740,0.1053592028717,0.5238054115347,0.1978631311999,0.0625992899188,-0.0107890543043,0.3656229472832,0.1242694103309,0.0593988036385,0.0380125813962,0.4788005627692,0.2729265601316,0.1118522734109,0.3416667964556,-0.0140579833922,-0.0756301466209,-0.0679126241448,0.2536716974810,-0.1866290525438,-0.2430384314142,-0.0086494925380,0.5318462551856,0.2475583459905,0.8107181855363,-0.0737345575457,0.4748936200187,0.2910481712289,0.7241691289037,0.2896902957814,0.6789747575414,0.2898539893935,0.4742703264568,0.4004253201039,0.0424967815301,-0.2977419695324,0.1047402958823,-0.2311105527229,0.5404649089886,0.2237210503207,-0.1114431438478,-0.0240574364299,0.3088257181213,0.0297392518856,-0.2057919164209,-0.0369324076715,0.3511856854541,0.1826504012363,0.0947301850843,0.1984178215653,0.1397926620525,0.0163038816896,-0.1095205342448
0.4303306060862,0.3858693298171,0.5608563117274,0.6254726006094,0.1145507675904,0.2248558616523,0.1038084490633,1.0000000000000,0.3857300130018,0.5134208400029,0.1024478514298,0.3875288357139,0.1630465355458,0.2540401579601,0.3560291640273,0.3191907962356,0.2220128063749,0.6021063550188,0.3414053702128,0.5912780597419,0.1816380438123,0.3551128387041,0.6455937615447,0.4351343457647,0.6899627819288,0.5035642577868,0.5608455575389,0.5155789172956,0.4246791861709,0.3339116745126,0.6159435130919,0.0546657293698,0.0368271287510,0.3150724749798,0.4471779885330,0.1840046285666,0.3822101544935,0.3579225068542,0.4798328703369,0.0202248507098,0.3292110413867,-0.0837188290746,0.5800583129232,-0.0962028305501,0.4086093221961,0.0273248675387,0.0692713214343,0.1589874845970,0.1067569965660,0.0388291140895,0.2808367862050,0.1679859653375,0.1472079905269,-0.1128126095334,0.1389892919466,0.0541442528296,0.0459449283159,0.5439388103289,0.0610439827540,0.5232094211370,0.4280911321876,0.1788848538136,0.3717843404172,0.2398748863704,0.0606681264820,0.2165579067768,-0.0227516673684,0.1706844829758,0.3256986062186,0.4194798123292
0.2816065218257,0.2523550023612,0.4359195038764,0.4960818788333,0.1684883439346,0.4300852304062,0.4702082977381,0.3857300130018,1.0000000000000,0.2660181389044,0.1703270883378,0.7314923873649,0.2577902430033,0.3575750287881,0.5889186362798,0.6674026275122,0.1052272984909,0.3244832755225,0.5502622497285,0.4454736038113,0.1777884996669,0.0836300150614,0.3270312586443,0.1863890146568,0.3145624755379,0.5087202682906,0.5281719946791,0.3868092917231,0.3006313344665,0.3229545753934,0.3764180567580,0.4869380585346,0.0245893434678,0.1759909352189,0.3630695238860,0.2020765925421,0.2059538287498,0.3333776440779,0.3454730921464,0.0524276658299,0.3614563098638,0.3168582748851,0.2260102590999,0.5088613246357,0.2290090279649,0.0763583582283,0.5384456950889,0.2114383238809,0.3716365675497,0.2320652283723,0.5616212168159,0.0833945156444,-0.0598920008691,0.3358100033943,0.0220542241371,0.0592184406180,-0.1675386012313,0.1653198585216,-0.1924084683111,0.2544568221206,0.4438677632660,0.1186193077967,0.2807377265274,0.0931536778536,-0.0573733620014,-0.0057712821541,0.4350400988798,0.0306224815275,0.0468991189571,0.2892629290351
0.3430825772048,0.1472715418620,0.4277714171500,0.5344677629201,0.2317996989313,0.1061864639357,0.2209630653993,0.5134208400029,0.2660181389044,1.0000000000000,0.0950997989618,0.2349115130305,0.3543168189685,0.3359375738538,0.3565114564483,0.4399500354897,0.1976356427242,0.2780793022183,0.1483328074998,0.2255475212627,0.3671187550277,0.2034468658638,0.5035088949743,0.1880343368242,0.6766982175505,0.4813609009995,0.2732972513733,0.1954390429919,0.2704971368235,0.2514033574054,0.2160872311173,0.3646229970954,-0.1164376423467,0.2366758720931,0.2993445333263,0.2265069389174,0.1846260795360,0.2186489656349,0.4256341676438,0.1355171466518,0.1092407192022,0.0026653000660,0.3012775760538,-0.0099406421608,0.8472760101776,0.0844946005433,0.0988397435662,0.4155124707810,0.2784227544137,0.0468785863137,0.4310947789551,0.1707090825300,-0.1137487279319,0.0886143837337,-0.0707384906792,0.2429810655003,-0.0510707629372,0.3685620796257,-0.1079583083540,0.5331867049072,0.4166343183381,-0.1911389166725,0.0403605062705,0.0870575860711,0.0655879253425,-0.0461440033732,0.1724404828427,0.0090468875229,0.1941665480093,0.2316138899931
0.0696951650423,-0.0387379529508,-0.3127579244320,-0.0766006056187,0.4193712705257,0.0323145149302,0.7466452455861,0.1024478514298,0.1703270883378,0.0950997989618,1.0000000000000,0.0321441473008,0.6781304375703,0.1956112188227,0.1474505360161,0.1444186896156,0.1092136851629,-0.0293285914083,-0.1174528198798,0.0336877192859,0.5984058271811,0.2774458721968,-0.0318605723303,0.0555083900285,0.2677339785152,-0.0644158109540,-0.0154328774411,-0.0392896435964,0.4892562472819,0.1440544653009,0.0731268012791,0.0345412227391,0.0748363832406,0.0659214081082,-0.1031642260635,0.1728696771754,-0.2120605439263,-0.2982009426414,-0.1345391145575,0.5606184858573,0.1377670674239,0.6470448044431,-0.0888518104316,0.2933543489322,0.1652106634483,0.9266450645545,-0.0049224309907,0.6228460068344,0.1085449519894,0.2999063360390,0.0740017890013,0.0300050938094,-0.0955003755844,-0.1534905142549,-0.1571235423582,0.6615807990540,0.3059958737588,-0.1850896263693,0.0993327604982,0.2664521028239,-0.0703432449716,-0.0717213226804,-0.0395800402105,0.4440577314571,0.1393515207225,0.1292246135130,-0.0207897132411,0.1060094523138,0.0806689781686,-0.1208585396065
0.2897002319022,0.1982619194362,0.3363116414678,0.4440119706427,0.2146928273017,0.3829093951862,0.3216487841956,0.3875288357139,0.7314923873649,0.2349115130305,0.0321441473008,1.0000000000000,0.1990231153646,0.5617850212182,0.5662160241990,0.5432062166987,0.0537416076265,0.3885696649681,0.6278050426742,0.5529647523586,0.0606581599662,0.1175869111233,0.3052226683087,0.3059294240345,0.2837380775725,0.6614743417752,0.6179544110027,0.5991897211480,0.2787120467612,0.4170237021024,0.3369694959309,0.4212831498735,-0.0743904676334,0.0541709861499,0.3155501917375,0.1576046675052,0.1799509632807,0.3014103775813,0.4441058216259,0.0927469757696,0.4561955928385,0.2061875658363,0.2456778200384,0.4187584206317,0.1916949512153,-0.0404428244341,0.6480364808148,0.1508960952467,0.4574293892760,0.2331554415388,0.6074768221076,0.0904136476463,-0.0131103006482,0.3448725951998,0.0517797486795,-0.0111569826412,-0.0361531694416,0.1830955226181,0.0111838077662,0.1630575452299,0.5303837652964,0.2568420499674,0.5347130287669,0.1541495261545,0.0833812388276,0.0143111598661,0.3416450698346,0.2287500234601,0.1157261517483,0.2604695919690
0.4316956664797,-0.1621400683650,-0.0312156464102,0.0707806241146,0.7433294917874,0.0483685576582,0.7648629777224,0.1630465355458,0.2577902430033,0.3543168189685,0.6781304375703,0.1990231153646,1.0000000000000,0.1663679372015,0.3757957972002,0.4422259724759,0.4031939434239,0.0725201676509,-0.0185726625446,0.1606819487474,0.8087619884226,0.4734272298968,0.2230950442182,0.2605550855338,0.4593030321090,0.0582342036530,-0.0169302435432,0.0441820942727,0.6412629509537,0.5038067666903,0.2602854686995,0.3117094991771,-0.2203137293263,0.1239274326335,-0.0033774297902,0.4638346895226,-0.2397960742192,-0.1892351845326,0.0208594627295,0.7465869309349,0.0829293461854,0.4929317529908,-0.1289816571291,0.1862737271572,0.3805597838642,0.6059349895616,0.1007274216135,0.9223868592484,0.0284022403847,0.2980673831905,0.2970479380986,0.3804898193497,-0.1639637984455,0.0457936905324,-0.2150623143365,0.7865278918466,0.4920764979878,0.0404568855447,0.3048726571099,0.4170520281524,-0.0369781428752,-0.2560825428121,-0.0806103628803,0.5713747349100,0.4215106039580,0.2782623564813,0.0700138805655,0.0969319847223,0.2433425813431,0.0060116661580
0.1125860966104,0.1357286903286,-0.0113621579831,0.2583368764430,0.1513948140102,0.1615236809512,0.3446397879821,0.2540401579601,0.3575750287881,0.3359375738538,0.1956112188227,0.5617850212182,0.1663679372015,1.0000000000000,0.5031123883721,0.2143428026323,-0.0129917952774,0.2167667013663,0.2590416356167,0.3425627473856,-0.0165718862495,0.0637317607107,0.1198592743059,0.1303487456931,0.2879357567061,0.6641576758378,0.4334691767378,0.4454713176727,0.2506774939681,0.2349480955509,0.0601043985771,0.3022744656286,0.2358464570248,0.0031026895951,0.0466901470568,0.0909365668872,0.0280699822084,-0.0708555597297,0.2284473529444,0.1393655852390,0.4900080796785,0.3580650364368,0.0981169592831,0.3342329538218,0.3053558660800,0.2096759635412,0.4087091278860,0.1008097132419,0.7505963893315,0.3874152285185,0.3391382809363,-0.0679284198223,-0.2229398684567,-0.0680815811337,-0.2517221732155,0.0045413135990,0.0455903900576,0.0025395136878,-0.0134802346651,0.1213369871809,0.4752504140707,0.0249951482553,0.3919908750836,0.1274842144805,0.0302902296720,-0.0653001398680,0.1076719773872,0.4320881454445,-0.0374068617957,-0.0448858661105
0.6881009181500,0.0623417922769,0.1719055122331,0.3178838138356,0.4312402048639,0.1699353566832,0.4421961503379,0.3560291640273,0.5889186362798,0.3565114564483,0.1474505360161,0.5662160241990,0.3757957972002,0.5031123883721,1.0000000000000,0.5507569364874,0.3094490056109,0.3837394389167,0.4284398708547,0.4691991496575,0.2852845757839,0.2999781430866,0.2990067329187,0.2968569884475,0.3766051101170,0.4620501703776,0.2984590102820,0.4099359470559,0.4247739864119,0.5686276569443,0.2872702953663,0.4441134209205,0.1407030885445,0.1933390564960,0.1652047367523,0.3976722527687,-0.0583370510831,-0.0271914872541,0.2118204426333,0.3566304056140,0.3159238825292,0.2889789461722,0.1020644211611,0.2988804522791,0.2603081654242,0.1473345661296,0.4479647116297,0.3333041143613,0.3399907234826,0.5752345931592,0.4759072150246,0.2975669698748,-0.1161124902273,0.2122342856382,-0.1500979972652,0.2042572150410,0.2202583008891,0.1662078016565,0.0847120566620,0.2811111671008,0.2714621460304,-0.2005133752734,0.2592133561681,0.2844248950508,0.2759934371099,0.1085616556866,0.1608510789869,0.2781391948849,0.1237292174397,0.1144392002159
0.5424428303789,0.1736606303445,0.4279299294393,0.4850121292807,0.4559812093723,0.4088704845909,0.4619813575936,0.3191907962356,0.6674026275122,0.4399500354897,0.1444186896156,0.5432062166987,0.4422259724759,0.2143428026323,0.5507569364874,1.0000000000000,0.3862331552952,0.2599867710216,0.3686032845448,0.3491033136315,0.4638348711428,0.3528330751813,0.4665296778906,0.3348300308308,0.3979048355490,0.4336165826914,0.2730421793017,0.2435987779630,0.3965344501341,0.5192678961150,0.3988667740411,0.4969874831064,-0.0915137439316,0.2746450131141,0.3914906331363,0.4699514050941,0.1248033938368,0.2314508953558,0.2972906666611,0.2849488030129,0.2322295014541,0.2095137521087,0.1464185286339,0.2945008603064,0.3558044910174,0.0811733384030,0.4125921573916,0.4147349593523,0.1954397526922,0.1702801928850,0.6881147527458,0.3917593483860,-0.0737372751916,0.3378267826990,-0.1297576635707,0.2793030554977,0.0623880556918,0.3162742509194,-0.0204441176629,0.3704911278380,0.2836836516357,-0.2194309389402,0.0896071023551,0.2002540657481,0.1372405232231,0.0807130466559,0.3349493870445,0.0678136144157,0.1884083197300,0.3519703715420
0.6023963181077,0.1491665010221,0.3110825397628,0.2013282882529,0.5882074872147,-0.0318766289173,0.1069024180954,0.2220128063749,0.1052272984909,0.1976356427242,0.1092136851629,0.0537416076265,0.4031939434239,-0.0129917952774,0.3094490056109,0.3862331552952,1.0000000000000,0.3672820288501,0.1610599978223,0.2520816049383,0.5903020171698,0.8140832135497,0.5025023710958,0.7445797381611,0.2802994530282,0.1171781946015,0.1064338912983,0.2627841858708,0.5758542413554,0.5799668226169,0.4504527292424,0.1812521177989,-0.0681005103998,0.5356706187092,0.3216683213730,0.6683032565737,-0.0044945360911,0.0124608454881,0.0425926441094,0.3963354476822,-0.0814740631497,-0.1387394769621,-0.1617996743991,-0.1473148914615,0.0486589662444,0.0248362904322,-0.0463537496474,0.3797174225163,-0.1830160139451,0.0307015598030,0.0740397263718,0.9263658749033,0.1926725492950,0.0695396053157,-0.1630180609779,0.4528331463250,0.6189511033383,0.3730017482302,0.6454940281644,0.2825150238712,0.0085586721691,-0.2097000593863,0.0662448573741,0.4511192877481,0.3142760559186,0.3811631721424,-0.0661700562073,-0.0492901545607,0.3288627544053,0.3313304609466
0.5307032678372,0.5199663844622,0.5390117524643,0.5787004146164,0.1117907794238,0.1075011406433,-0.0638293584033,0.6021063550188,0.3244832755225,0.2780793022183,-0.0293285914083,0.3885696649681,0.0725201676509,0.2167667013663,0.3837394389167,0.2599867710216,0.3672820288501,1.0000000000000,0.4290903968916,0.8168996286761,0.1880284022503,0.3976189169541,0.5033627964827,0.7028035361686,0.3652441408178,0.5249456888702,0.6804200927308,0.6812760567486,0.3659438239295,0.4235465816453,0.4585747639622,-0.1315680605636,0.1242570543207,0.5858581040583,0.6673116451001,0.2903577531232,0.3679446200388,0.3914185610015,0.4743068247015,-0.0618588340527,0.3361015118947,-0.2105656815170,0.3218543405348,-0.0972717046108,0.1129058355136,-0.1200205606267,-0.0006709794081,0.0311205254357,-0.0674960545515,-0.0663649558860,0.2175457266763,0.3688541749133,0.4613155909923,-0.1399381454609,0.1932159402043,0.0631391473153,0.1664766235376,0.3748323982668,0.2821897852375,0.2502892771148,0.4323224270489,0.3254855597363,0.4377452389798,0.1786498534920,0.0854646489409,0.2128092221090,-0.2426220403507,0.0900484902829,0.3745427104929,0.5622328289422
0.2917815614954,0.2788657130397,0.3522004048411,0.3892307783422,-0.0014727585526,0.2312589387337,0.0559423410740,0.3414053702128,0.5502622497285,0.1483328074998,-0.1174528198798,0.6278050426742,-0.0185726625446,0.2590416356167,0.4284398708547,0.3686032845448,0.1610599978223,0.4290903968916,1.0000000000000,0.5888749189539,-0.0232789814669,0.1140409434517,0.2888089186818,0.3428045426919,0.1365712488979,0.4971481803882,0.5736355069061,0.5833924910022,0.0214592076709,0.1857786736116,0.2806719651280,0.4162579664906,-0.0429006986721,0.1762599948747,0.4159570590691,0.0565936415081,0.2725921348450,0.2677670757068,0.3178618175962,-0.1676352570213,0.0774224302994,-0.1069994766140,0.2030108598582,0.0642708183227,0.0327239849930,-0.2125517361296,0.3003421672884,-0.0413504954435,0.1577175414146,0.0248248735850,0.2906969753059,0.1553206526923,0.1310893577537,0.4303213572636,0.2013431310788,-0.1514741959917,-0.1213667750492,0.1779307147174,-0.0070753376606,0.0704331577021,0.3993003464340,0.2017518913071,0.4455530481199,-0.1254032771941,-0.0991678270607,-0.0273137257985,0.3110645760917,-0.1436550495344,0.0927864408278,0.3288440138664
0.4887516287877,0.3936897430308,0.3830248823326,0.6000861923713,0.1079987209934,0.2180498282831,0.1053592028717,0.5912780597419,0.4454736038113,0.2255475212627,0.0336877192859,0.5529647523586,0.1606819487474,0.3425627473856,0.4691991496575,0.3491033136315,0.2520816049383,0.8168996286761,0.5888749189539,1.0000000000000,0.1111173696924,0.3531800850944,0.5069108881422,0.5924298414044,0.3867945334864,0.6309199556745,0.7345524133147,0.6364482987981,0.3162516396347,0.4876447339510,0.5590544276625,-0.0444353578025,-0.0417284010697,0.3489735294594,0.6122303541644,0.2711901517377,0.3289890175942,0.2749434520308,0.5176047866617,-0.0522140347752,0.4196764253207,-0.1109932039649,0.3656122149908,-0.0072520627803,0.1543870827932,-0.0785801647545,0.0791596612469,0.0582244187891,0.0199406464144,-0.0009398907639,0.3152227732013,0.2728379857901,0.2674694143700,-0.1148511666686,0.1587083161014,-0.0330257462269,0.1059801867703,0.3820308074076,0.1785617170948,0.2980436544981,0.4919513706379,0.3247291661158,0.4175778916329,0.1528248475096,0.0890688514368,0.2560957515655,-0.1324473582280,0.1891127583218,0.3141352874898,0.5453683792410
0.4804634419392,0.0846999287100,0.1102743884438,0.1517657341249,0.7697311102172,0.0032189972943,0.5238054115347,0.1816380438123,0.1777884996669,0.3671187550277,0.5984058271811,0.0606581599662,0.8087619884226,-0.0165718862495,0.2852845757839,0.4638348711428,0.5903020171698,0.1880284022503,-0.0232789814669,0.1111173696924,1.0000000000000,0.6363363279609,0.3349678607011,0.4169133644908,0.4471042548768,0.0087077743914,-0.0043459464808,0.0379324471015,0.6511581756467,0.5164049646545,0.3285591268561,0.2268442950430,-0.0728686233523,0.4383511076919,0.1732894418834,0.5330652751597,-0.0646390852090,-0.0936638894454,-0.0019616896583,0.6868527830306,-0.0223386885709,0.2750888966522,-0.1055146932980,0.0491430150584,0.3120221349189,0.4907440382304,0.0108579724798,0.8237505830364,-0.0797697463711,0.0960207642896,0.2583602244643,0.5325533864113,-0.0025109200502,0.0647354443769,-0.1919954010583,0.8911122961775,0.5264196822573,0.1933826743669,0.3819413003464,0.4696320789570,-0.0812606775947,-0.2568672396992,-0.1092804582101,0.5277060530525,0.3700412619466,0.3001123966465,0.0452813343624,-0.0314503525303,0.4017138213583,0.1738524160010
0.5947187617750,0.1974732069766,0.2621026165148,0.2559332829735,0.6134851768782,0.0888695185931,0.1978631311999,0.3551128387041,0.0836300150614,0.2034468658638,0.2774458721968,0.1175869111233,0.4734272298968,0.0637317607107,0.2999781430866,0.3528330751813,0.8140832135497,0.3976189169541,0.1140409434517,0.3531800850944,0.6363363279609,1.0000000000000,0.5484557847078,0.8117466895349,0.3619637142929,0.1749830108558,0.1794878875392,0.2745256249593,0.6799869811764,0.6777159191003,0.6511137408353,0.0669004306150,-0.0434664315468,0.4993101176299,0.3501190176024,0.7018738783576,0.0733137756957,0.0174585909952,0.1054428067168,0.4645681149474,0.0911421919475,-0.0458265928871,-0.0437717688150,-0.1179745647417,0.0913505843201,0.1725694470234,-0.0446576947784,0.4498882359313,-0.1247170564902,0.0693696394820,0.1243420263483,0.7382097086416,0.2058290475280,-0.0554209486242,-0.1193649918594,0.4994471060876,0.6999880179505,0.4272560841795,0.6835526535843,0.3833464743965,0.0177434609435,-0.1011982606406,0.1265132319960,0.5673533690341,0.4460975262019,0.5435195314220,-0.1228145341445,0.0988402845308,0.4782487469032,0.3760414983291
0.4941600863745,0.4339785888526,0.5665784121625,0.7208816831845,0.2166364306190,0.2469416040571,0.0625992899188,0.6455937615447,0.3270312586443,0.5035088949743,-0.0318605723303,0.3052226683087,0.2230950442182,0.1198592743059,0.2990067329187,0.4665296778906,0.5025023710958,0.5033627964827,0.2888089186818,0.5069108881422,0.3349678607011,0.5484557847078,1.0000000000000,0.5749815279053,0.6386638364547,0.4865241914893,0.3875845455003,0.2736194507733,0.4084233849766,0.5239240825321,0.7214797062846,0.1288023901189,-0.0965314560292,0.4852150321742,0.6597442489996,0.4915179570135,0.4947468355915,0.2606348852449,0.5606740772404,0.0343411225598,0.2256811835844,-0.2316897257543,0.3624690020015,-0.1631696635581,0.4663480333180,-0.1456154037653,0.1029251060031,0.2603158814319,0.0152726209426,-0.1101227540118,0.3724001159366,0.4431501386614,0.2381765022698,0.0239528600324,0.1336003058795,0.1592028300013,0.2072650295799,0.8349806569367,0.2453194530272,0.6159017241952,0.4209791334586,0.0466667122730,0.1046865915649,0.1872324501461,0.2418184850908,0.4026835526570,0.0852997812638,0.0595082436324,0.4940833045370,0.6658516500765
0.5929566031820,0.3885201172888,0.4633183328269,0.4276775022891,0.4118708265276,0.1032038670265,-0.0107890543043,0.4351343457647,0.1863890146568,0.1880343368242,0.0555083900285,0.3059294240345,0.2605550855338,0.1303487456931,0.2968569884475,0.3348300308308,0.7445797381611,0.7028035361686,0.3428045426919,0.5924298414044,0.4169133644908,0.8117466895349,0.5749815279053,1.0000000000000,0.2824357737223,0.3954767624662,0.4693244300471,0.6019559544823,0.5594339825484,0.6018448735839,0.6190923359686,-0.0044795896687,-0.0091832538424,0.5766792880858,0.5792130421468,0.5983397598259,0.2477399437000,0.2514648204809,0.3166144965668,0.2079697913716,0.1501961912175,-0.2417610863799,0.0644264874573,-0.1684889058193,0.0176597938542,-0.0521077768634,-0.0110866438743,0.2270407370200,-0.1366358774202,-0.0797113463811,0.1573581760949,0.7272835190158,0.4210716068225,-0.0560880051749,0.0015783192738,0.2639675402064,0.4967196394352,0.4321997840331,0.6567856917045,0.2418807750297,0.2682169283641,0.1466447558220,0.4197993510202,0.4126494134280,0.2667663116538,0.3803293603427,-0.1825975955226,0.0342183805130,0.4060124563962,0.5375672107898
0.4199915673474,0.2369369795288,0.3427828246627,0.5674244066938,0.3477033963209,0.1500122749425,0.3656229472832,0.6899627819288,0.3145624755379,0.6766982175505,0.2677339785152,0.2837380775725,0.4593030321090,0.2879357567061,0.3766051101170,0.3979048355490,0.2802994530282,0.3652441408178,0.1365712488979,0.3867945334864,0.4471042548768,0.3619637142929,0.6386638364547,0.2824357737223,1.0000000000000,0.4085420272679,0.3779192189944,0.2587696669805,0.5624701738985,0.3378668971146,0.4266448918162,0.1735145227716,-0.1127934130439,0.3191926702014,0.3472007201145,0.2824513028213,0.2282723078887,0.1237288755426,0.4848720450214,0.2844853230131,0.2662533194291,0.1183198095862,0.4110059990707,0.0259216981313,0.6995419899369,0.2074433381626,0.0834040310961,0.4720206539040,0.1777363815962,0.1877560089527,0.3674652909584,0.2186460622240,-0.0284867956945,-0.0616327293648,-0.0119751054262,0.3599292283574,0.2169598482586,0.4877630988628,0.0873693107586,0.8776476982419,0.4262456107763,0.0165290280645,0.1240557647895,0.3702734470777,0.1762834154256,0.2307175346529,0.0905540938930,0.1157463119922,0.3402029010696,0.3314243264495
0.3430922922966,0.5076621146980,0.4315032057151,0.7572267111829,0.0447876195610,0.2789639426052,0.1242694103309,0.5035642577868,0.5087202682906,0.4813609009995,-0.0644158109540,0.6614743417752,0.0582342036530,0.6641576758378,0.4620501703776,0.4336165826914,0.1171781946015,0.5249456888702,0.4971481803882,0.6309199556745,0.0087077743914,0.1749830108558,0.4865241914893,0.3954767624662,0.4085420272679,1.0000000000000,0.7393349415191,0.5970856518473,0.2080122892953,0.3097849837566,0.4128281984524,0.2688767761354,0.0406370911199,0.2676780113080,0.6122010820477,0.2430076385472,0.4902460846748,0.3494031196696,0.6783396947430,-0.1089673377107,0.3731470154205,-0.0635699865401,0.3566332673597,0.1258513497356,0.4035049765119,-0.1212175176555,0.2887015731623,0.0459234423840,0.4428829779556,0.0130499676426,0.4926684902650,0.1187321089547,0.1063792578918,0.0343612732113,0.0049085600525,-0.1396801502363,-0.1564325250260,0.3599537812924,-0.0695740384774,0.3075638335577,0.8180393651273,0.2574062232638,0.4750217006134,0.0213946534146,-0.1002386310229,-0.0004574354882,0.1565808024280,0.1538285245116,0.1143089377459,0.5153708262719
0.2292306653019,0.6079323190861,0.4869180583886,0.6632200258773,-0.0598472073133,0.2958727649656,0.0593988036385,0.5608455575389,0.5281719946791,0.2732972513733,-0.0154328774411,0.6179544110027,-0.0169302435432,0.4334691767378,0.2984590102820,0.2730421793017,0.1064338912983,0.6804200927308,0.5736355069061,0.7345524133147,-0.0043459464808,0.1794878875392,0.3875845455003,0.4693244300471,0.3779192189944,0.7393349415191,1.0000000000000,0.7720509589573,0.1931434846639,0.2374402252401,0.4297834809405,0.0709825437135,0.0729134731366,0.3551686582538,0.6255411942061,0.0490727554037,0.5260899263428,0.4194047049755,0.5715705723485,-0.2241053211896,0.3831126193680,-0.0751585101378,0.3506116041970,0.0693323197636,0.1765782119213,-0.1294989417212,0.1428107728383,-0.0599263672756,0.2229322720627,-0.0965013606243,0.3324009682486,0.0898648227972,0.1966724542228,-0.0190776211327,0.1120220962453,-0.1311978585869,-0.1223570052034,0.2882564786696,-0.0175498815330,0.2699421826796,0.6618642675696,0.5530256807216,0.5755697835973,-0.0270880520370,-0.1595510672192,0.0240128638352,0.0573546568106,-0.0124599604031,0.1805338579977,0.5047842155016
0.3632030796714,0.3960743116999,0.4003244085474,0.3993903734445,0.1405606453116,0.1691726082592,0.0380125813962,0.5155789172956,0.3868092917231,0.1954390429919,-0.0392896435964,0.5991897211480,0.0441820942727,0.4454713176727,0.4099359470559,0.2435987779630,0.2627841858708,0.6812760567486,0.5833924910022,0.6364482987981,0.0379324471015,0.2745256249593,0.2736194507733,0.6019559544823,0.2587696669805,0.5970856518473,0.7720509589573,1.0000000000000,0.3051587978179,0.2924308798161,0.3062135087079,0.1201788953641,0.0790193093898,0.3221310042431,0.3832242013358,0.0792756263318,0.2289423205102,0.3389736260156,0.3479297526981,-0.0134942676527,0.2842122407788,-0.0826901354492,0.1743871047398,0.0192569819114,0.0022975798293,-0.1127044412242,0.1631629589794,-0.0201663116891,0.1239781199973,0.0609570602079,0.2061057758257,0.2717652294872,0.1857699768556,0.0249111885399,0.0308619340151,-0.0305413483619,0.1511521979478,0.1485604667552,0.2777504723391,0.0506654902447,0.4609511870127,0.3417268768103,0.8274934844716,0.1916626709787,-0.0323191744635,0.0458052305724,-0.0969189647438,0.0637287391123,0.1496784033147,0.2741994769791
0.5266572369022,0.0937477717182,0.1602392905913,0.2037924562111,0.7732119197874,0.0971386293201,0.4788005627692,0.4246791861709,0.3006313344665,0.2704971368235,0.4892562472819,0.2787120467612,0.6412629509537,0.2506774939681,0.4247739864119,0.3965344501341,0.5758542413554,0.3659438239295,0.0214592076709,0.3162516396347,0.6511581756467,0.6799869811764,0.4084233849766,0.5594339825484,0.5624701738985,0.2080122892953,0.1931434846639,0.3051587978179,1.0000000000000,0.5445863402844,0.4798014687440,0.1571784022329,-0.0349995293683,0.3536226225729,0.1497460746826,0.5204840997942,-0.0898420130609,-0.0318374382408,0.0824379902522,0.7054769569860,0.2094789099056,0.2623100318368,0.0112320189031,0.1522352362480,0.2036911462592,0.4329837934773,0.1133134304197,0.5930326236420,0.0232371057971,0.2866195151521,0.1905039028055,0.5205917853446,0.0605432573120,-0.1154908523004,-0.2202629701987,0.5982109168956,0.6290904090571,0.2380337629784,0.4926248435991,0.4680613150636,0.0769476142781,-0.0900567277935,0.1878614347163,0.8501841642803,0.3267204960339,0.4322121562184,-0.0772001526405,0.2231429004433,0.2793320779624,0.1616870912577
0.6612093275605,0.1713379608524,0.2494198146641,0.3518929531177,0.5856977178513,0.2284069093451,0.2729265601316,0.3339116745126,0.3229545753934,0.2514033574054,0.1440544653009,0.4170237021024,0.5038067666903,0.2349480955509,0.5686276569443,0.5192678961150,0.5799668226169,0.4235465816453,0.1857786736116,0.4876447339510,0.5164049646545,0.6777159191003,0.5239240825321,0.6018448735839,0.3378668971146,0.3097849837566,0.2374402252401,0.2924308798161,0.5445863402844,1.0000000000000,0.6159095212287,0.1974753176599,-0.0295487188194,0.4542157010241,0.3474444238576,0.6588977323471,0.0995603519756,0.0339687081036,0.2296520316253,0.4445212260916,0.3024417958072,0.0826119520145,0.0070924316137,0.0897472670537,0.1741807893333,0.0403936016576,0.2508654894007,0.4500573381416,0.0951970916962,0.2159645356627,0.4172374975914,0.5688906925854,0.1166528674646,0.0769061320505,-0.1122536197427,0.4123028406213,0.5385289796542,0.4849063121364,0.5051753168458,0.3288783732423,0.1180300780672,-0.1181892189549,0.1248754038984,0.4485317648914,0.7229135611436,0.5203822672061,0.0028012097675,0.3782056223756,0.5937841192628,0.4056410406365
0.4830315040310,0.4473429530036,0.4823289987245,0.6164731799347,0.2442507428472,0.2943480968240,0.1118522734109,0.6159435130919,0.3764180567580,0.2160872311173,0.0731268012791,0.3369694959309,0.2602854686995,0.0601043985771,0.2872702953663,0.3988667740411,0.4504527292424,0.4585747639622,0.2806719651280,0.5590544276625,0.3285591268561,0.6511137408353,0.7214797062846,0.6190923359686,0.4266448918162,0.4128281984524,0.4297834809405,0.3062135087079,0.4798014687440,0.6159095212287,1.0000000000000,0.0651182860297,-0.0151441551021,0.4264056873504,0.6005908817432,0.5206233707290,0.4996723250463,0.2898600916055,0.4467013313589,0.0947988616986,0.2608578511736,-0.1379317046029,0.2721478543532,-0.0964060646265,0.1544566837122,-0.0625200241398,0.0983672116268,0.2501918780312,-0.0264806387812,-0.0770093659494,0.2644411437808,0.3988549337272,0.3000145766177,-0.0074160992068,0.1234934923722,0.1353589051330,0.2500044436995,0.6820496049899,0.3034367338317,0.4618775380023,0.2706037186356,0.1601677900705,0.2083718922373,0.3192577253480,0.2895236250741,0.6334161511924,-0.0152118378297,0.1097001521776,0.4679543936920,0.6400713377144
0.2052553968359,-0.1261111728101,0.2893891551912,0.1873336281763,0.2876586802151,0.1474060996523,0.3416667964556,0.0546657293698,0.4869380585346,0.3646229970954,0.0345412227391,0.4212831498735,0.3117094991771,0.3022744656286,0.4441134209205,0.4969874831064,0.1812521177989,-0.1315680605636,0.4162579664906,-0.0444353578025,0.2268442950430,0.0669004306150,0.1288023901189,-0.0044795896687,0.1735145227716,0.2688767761354,0.0709825437135,0.1201788953641,0.1571784022329,0.1974753176599,0.0651182860297,1.0000000000000,-0.1103674346282,-0.0300406872644,-0.0481345142723,0.2124572910619,-0.0692645428482,0.0520653585044,0.0194344485252,0.1792890723451,-0.0884437094559,0.1987729690665,-0.1429504292871,0.2458426248925,0.2517661459382,-0.0163835134456,0.5347247307145,0.3407542688393,0.4152708534467,0.2193091153544,0.3500948015310,0.1552110035297,-0.3756985138500,0.6214741558707,-0.1847371077193,0.1354432843903,-0.1022509835652,0.0215588473623,-0.1689965541264,0.0948970721890,0.1264359065853,-0.3898576726256,-0.0365453432209,0.0141852730042,0.0037609342750,-0.1821758110727,0.6607888181735,-0.0946341243218,-0.1223630848113,-0.0976827518461
0.0619233217419,0.3935930068837,-0.0970056767743,0.0307218091877,-0.1395170854824,0.1842240042047,-0.0140579833922,0.0368271287510,0.0245893434678,-0.1164376423467,0.0748363832406,-0.0743904676334,-0.2203137293263,0.2358464570248,0.1407030885445,-0.0915137439316,-0.0681005103998,0.1242570543207,-0.0429006986721,-0.0417284010697,-0.0728686233523,-0.0434664315468,-0.0965314560292,-0.0091832538424,-0.1127934130439,0.0406370911199,0.0729134731366,0.0790193093898,-0.0349995293683,-0.0295487188194,-0.0151441551021,-0.1103674346282,1.0000000000000,0.1876955119002,0.0458931113017,0.0466352206278,0.2162982291010,-0.0932219589823,-0.0621851942245,-0.0843227380424,0.2756620760770,0.2069115162368,0.0017310490768,0.0769987911749,-0.2038162599284,0.1323861814116,0.0981015790969,-0.1980504564232,0.2941503210373,0.2392799739788,-0.0546872634874,-0.1572479315509,0.1731853764746,-0.0965814469337,-0.0274260609591,-0.0548097645455,-0.0263969672615,-0.0190995615247,-0.0630100389996,-0.0923112593487,-0.0379879376935,0.0006485007410,0.1210285456071,-0.1192014133505,-0.0157677160044,0.0270204572092,-0.1624798715681,0.1801986786313,-0.0745901082664,-0.0493484742564
0.4541128183404,0.6234903738249,0.3683338635866,0.4757738717509,0.2656999309222,0.0333892087696,-0.0756301466209,0.3150724749798,0.1759909352189,0.2366758720931,0.0659214081082,0.0541709861499,0.1239274326335,0.0031026895951,0.1933390564960,0.2746450131141,0.5356706187092,0.5858581040583,0.1762599948747,0.3489735294594,0.4383511076919,0.4993101176299,0.4852150321742,0.5766792880858,0.3191926702014,0.2676780113080,0.3551686582538,0.3221310042431,0.3536226225729,0.4542157010241,0.4264056873504,-0.0300406872644,0.1876955119002,1.0000000000000,0.6043939191628,0.4504143984990,0.3602846207110,0.1695865326717,0.2198970992923,0.0930837580088,0.0506470428113,-0.2038129114720,0.0251739610880,-0.1482314522286,0.0662708034165,-0.0421368317133,-0.1008383618271,0.1439181111725,-0.1582076429328,-0.1535083268192,0.0883713037038,0.5054209750530,0.3676848685844,-0.1260807404284,-0.0413168602905,0.3366724371223,0.2819960796701,0.4091968065365,0.3126693385624,0.3212136956699,0.2204283787766,0.0820590935458,0.1090997836479,0.2154824123279,0.1585453580325,0.2887604614649,-0.1154468557125,-0.1058446635173,0.5767807181949,0.5565984357173
0.3876812829954,0.7239355571574,0.5774697719289,0.8041317654004,-0.0612557364746,0.2439440057201,-0.0679126241448,0.4471779885330,0.3630695238860,0.2993445333263,-0.1031642260635,0.3155501917375,-0.0033774297902,0.0466901470568,0.1652047367523,0.3914906331363,0.3216683213730,0.6673116451001,0.4159570590691,0.6122303541644,0.1732894418834,0.3501190176024,0.6597442489996,0.5792130421468,0.3472007201145,0.6122010820477,0.6255411942061,0.3832242013358,0.1497460746826,0.3474444238576,0.6005908817432,-0.0481345142723,0.0458931113017,0.6043939191628,1.0000000000000,0.3808583065784,0.7293059927058,0.4689400230182,0.7070954594292,-0.2562927850215,0.1945190684422,-0.3034400651930,0.3472304944633,-0.1118487388038,0.2337190359449,-0.2245290097611,0.0045232105897,0.0239555903972,-0.0604276062836,-0.2737567454721,0.3438562204410,0.3129813184032,0.5255726713510,0.0171324560782,0.3189247957273,-0.0417360819692,-0.0815458135498,0.5875922658408,0.0764876338910,0.3934610923183,0.5957189738773,0.3747304961360,0.2330011084663,-0.0733023191183,0.0222162785557,0.2430366980476,0.0069150605471,-0.1436314383213,0.3999954235352,0.9154376284518
