1.0000000000000,0.3023181526680,0.3839605637615,0.4909256884204,0.3185370905483,0.3069438389279,0.5395208562949,0.6583270099682,0.5381545059419,0.2688020860242,0.3312640539144,0.5645627884205,0.2190567214389,0.5930753848338,0.8040937280462,0.5832602948814,0.2783993376443,0.6348793655539,0.3283502685542,0.4277339656795,0.2379560154805,0.3169848340269,0.3962578976848,0.3700802142230,0.4145900802220,0.6066769148012,0.4558831724225,0.4693091492258,0.2894067636632,0.7039016824777,0.6420365494551,0.4577809493568,0.1923642480964,0.5511664518744,0.3507745176159,0.0799380567484,-0.0311338100586,-0.1554310165223,0.0313783524788,0.2369841703650,0.0240163583391,0.1771657112741,-0.2148375051676,-0.0995201304029,-0.0628829955539,-0.0282623951789,-0.0291763921635,0.0918905600826,0.0353665742554,0.0769338939650,-0.0664671826906,0.3576075886747,-0.4440648282792,-0.4617044704570,0.0442363734536,0.1350557203359,-0.2784059994197,0.0806062093823,-0.3622782631973,0.2590740538229,0.0094015859049,-0.2224612527718,0.2107544759961,-0.0421095057614,-0.1206493984856,-0.3225582191378,0.0513943873676,0.4892113947633,-0.1986430824641,0.0237323171449
0.3023181526680,1.0000000000000,0.2227377706341,0.6497312410983,-0.2466275963458,0.1816870385171,0.0938499988236,0.4281934783627,0.3124128605955,0.0547719599158,-0.0243032589919,0.3048385556876,-0.1617068918896,0.4012480863041,0.2400969822561,0.2440739411365,-0.0054332617017,0.4498454495611,0.3147026168369,0.3771603277914,-0.0866715145336,0.1324486098063,0.4483340490538,0.2794355202884,0.2076924047225,0.6225753145056,0.5973632023958,0.4637086483868,0.1096775847527,0.3961987339842,0.5081239451240,0.2831230088174,0.3354655432417,0.5551933885819,0.7082273601905,-0.3979142124773,0.7306720762878,-0.1229444618376,0.3502718993065,-0.2629852280065,0.1466357206709,-0.0936495926402,-0.1911165010489,-0.2496175222500,-0.1241994934463,-0.3568445304427,-0.0816079390687,-0.2621486251633,0.0300153271452,-0.3236932750555,-0.2735957704125,0.0083588901444,-0.1379102019777,-0.3098758851657,0.0099085189511,-0.1276126379836,-0.4100279926813,0.2334073270224,-0.3432907042010,0.1644022830951,0.4156187813134,0.2065713303186,0.3021366127400,-0.2533950436707,-0.0934567288289,-0.2354836865962,-0.1473740135881,0.3923476138803,-0.0055324906735,0.4350220138904
0.3839605637615,0.2227377706341,1.0000000000000,0.5184473120052,-0.0213252575626,0.0269128748739,0.0707410106737,0.5703705789861,0.3610031622170,0.2217010377101,-0.0007813367850,0.2275581811626,-0.1541474396867,0.2874053862726,0.3035535238930,0.2982529867586,0.1822972083202,0.6070875663177,0.1235695902812,0.4152030372747,-0.1004507230461,0.3662640761615,0.3678831032327,0.4779482943372,0.3479547378772,0.4066903598369,0.5819722942145,0.4682726626800,0.2926828009476,0.2291811554757,0.6223289386199,0.2521434704293,-0.0178002351482,0.2863786049687,0.2617545659407,-0.1675064095816,0.0479869144091,0.2040057462936,0.0409394635983,-0.1067837245328,-0.0577552968900,-0.0232203549368,-0.0003381025417,-0.1243326832457,0.0350781687595,-0.2245626787490,-0.0585767065522,-0.1993887432413,-0.1130817834226,-0.1661966907528,-0.2074776927545,0.3008412703138,-0.2183834500783,-0.3294647396509,0.0392067950515,-0.2080848698932,-0.3513117730264,0.0385355055102,-0.2288135957915,0.1964007791689,-0.0143291441714,-0.0518697308730,0.2867003874161,-0.0859560056803,-0.3023458730686,-0.2727688575349,-0.0237942590217,0.2141973598270,-0.2472230817244,0.0644193934300
0.4909256884204,0.6497312410983,0.5184473120052,1.0000000000000,-0.0912451011611,0.2576396399682,0.2501519554798,0.5646432447333,0.6009282471970,0.3876331309100,0.1125906290884,0.4700122209073,-0.0220982268894,0.5256546732348,0.5195703790931,0.5324138204883,-0.0096150893605,0.5451924397471,0.3061183710180,0.6029066914149,0.0184461201436,0.2635552446238,0.5845275815347,0.3404526393001,0.3474374309313,0.7784456432972,0.7231365140383,0.3983012906710,0.1698068433586,0.4503979877303,0.6475955752455,0.3137950670136,0.1824764420937,0.5320123283286,0.6194078184518,-0.3677706283038,0.3928927984862,-0.0754577411564,0.4301774314942,-0.1133048516929,0.1014872082689,-0.0925059782937,-0.2491649797843,-0.3119973961333,0.1875163087316,-0.3099820353029,-0.0458061600204,-0.1099300631160,0.0579280867641,-0.3692812938045,-0.1532302875810,0.2106315633465,-0.3569209500294,-0.4143856977344,-0.1719726735890,-0.0927443263577,-0.5790010791419,0.2274944348029,-0.5014351467794,0.3117797713384,0.3572471486035,-0.0565264812208,0.2328577555989,-0.3013347745533,-0.3974213574261,-0.5362483099485,-0.0954361142475,0.3564251581346,-0.2225623778640,0.3753445102689
0.3185370905483,-0.2466275963458,-0.0213252575626,-0.0912451011611,1.0000000000000,0.1230228275414,0.4558837105665,0.1037676376700,0.1987394194611,0.2797574941336,0.5738503898655,0.2087468866444,0.7714847266334,0.1999206848591,0.2641194631325,0.2287405685194,0.4217192004083,0.0682834878086,-0.0204562063953,-0.0208323600747,0.8186005585581,0.3960188667673,0.1160833135169,0.2328750450014,0.4152274154781,-0.0005156064871,-0.0110206737561,0.0478746267339,0.5393014404319,0.2243502034771,0.0860895697352,0.1224664048261,-0.1129272410899,0.1301654194836,-0.2596613444651,0.2406198654314,-0.4599572318821,-0.3663408273203,-0.3055219154107,0.9376375591032,0.0362560037082,0.3225263329496,-0.2322925639739,0.1127513280014,0.0734899938046,0.4931450554724,0.0204708596480,0.7524281289640,0.0864523945572,0.1818051921753,0.2133837020111,0.3156567314652,-0.2496035882025,-0.0740842345550,-0.2742313197940,0.7902856320296,0.2387570568915,-0.0003599640752,0.0464390554158,0.3260279017344,-0.3544523510932,-0.4427527086849,-0.1974574227374,0.4557810768718,0.0287450309857,-0.0723656261854,0.0323476317644,0.0905276153329,0.0170345015243,-0.3036790908940
0.3069438389279,0.1816870385171,0.0269128748739,0.2576396399682,0.1230228275414,1.0000000000000,0.3770901032578,0.2963877784500,0.4164345923374,0.1836722092448,0.2058055346022,0.5048948894476,0.1629522943078,0.4414005635017,0.4594114055500,0.4569082275117,0.0000736745822,0.3087543968751,0.3422291310979,0.2157832627140,0.0660668777259,0.1536821568586,0.1039807873426,0.2302023853647,0.1971383251998,0.3903646861215,0.2980639082859,0.2378689464188,0.2327573001581,0.4483701731448,0.2621221704721,0.2335472402867,0.2371140300676,0.3050072594527,0.2962918732045,-0.1402422525045,0.0269286772210,-0.1434523985370,0.1831709683000,0.0854819897909,0.5361699613990,0.0909453862693,-0.0984080150051,0.1209242691811,0.0065176325357,-0.0384834224660,0.1570449103114,0.0525205537327,0.2278367365614,0.0034907180533,0.3304114765709,-0.0577363519391,-0.2311998541333,-0.0842438182351,-0.0116371236043,-0.0114893836843,-0.2250425121302,-0.0569026830021,-0.2730941359507,0.0513031502966,0.1433946464246,-0.0107393742253,0.0704226026199,0.0033357841065,-0.0548604576897,-0.2627528921157,0.0016301781290,0.3944834036234,-0.0418585654045,-0.0075886596703
0.5395208562949,0.0938499988236,0.0707410106737,0.2501519554798,0.4558837105665,0.3770901032578,1.0000000000000,0.5861900615026,0.6608000973595,0.1845526001819,0.7305694426687,0.5556206878863,0.6548265195575,0.6411459288136,0.6211243324208,0.5370097475296,0.1464198063788,0.2238328085213,0.1717512154658,0.0716075481867,0.4900664699108,0.3111977252669,0.1932503102497,0.1160244889134,0.4379404592977,0.3746558794749,0.3740408801229,0.3237096475164,0.4205227345852,0.5263378363935,0.5285219049348,0.5111151744323,0.1045486277880,0.2952233091772,-0.0912864174298,-0.1869774327648,-0.2874201618892,-0.4394820027505,-0.2127498945944,0.4093686288968,0.1650749796451,0.7117590027988,-0.4488164236295,0.0387114442367,-0.1426056078363,0.3752621283752,-0.0643914371568,0.4701502249451,0.1085690111288,0.0172191470198,0.0990167803126,0.0992632304879,-0.7167795708631,-0.5467398168942,-0.1261037631451,0.4697665676984,-0.3055212179025,-0.1586939696899,-0.5167778324565,0.1854313911250,-0.2615270571008,-0.3106525676752,-0.1120772310332,0.0016975962340,-0.1120715462729,-0.3840714401470,0.2043194196599,0.5184225778241,-0.2316464942220,-0.3527798625853
0.6583270099682,0.4281934783627,0.5703705789861,0.5646432447333,0.1037676376700,0.2963877784500,0.5861900615026,1.0000000000000,0.5445665251651,0.3023000872600,0.2436114481564,0.5248839190331,0.1069075110224,0.7088204667441,0.5964359820292,0.5081457890235,0.2000376875405,0.5658582160464,0.2155375087267,0.2082151639458,0.0105335578651,0.2965960817440,0.3948750417196,0.2387962709478,0.6046549102858,0.6838337046188,0.6640918526052,0.6388885185979,0.2829988635707,0.5453211420307,0.8874279575283,0.5963366720514,0.1343156731565,0.5652015718139,0.3038481355388,-0.4173803827601,0.0334210530794,-0.0822631110397,0.0164664511028,0.0031351515493,0.0940659559117,0.2700810780519,-0.2195915881596,-0.1741404334809,-0.1065015844899,-0.2434023396144,-0.2082609018703,-0.1008683052487,-0.0281564163208,-0.1661065060555,-0.2393008829719,0.2226821064007,-0.6995028417408,-0.7120802584748,0.1705699675467,-0.0560211246930,-0.5664733601088,-0.0213522945605,-0.6552054511673,0.2783101975789,0.0618053824053,-0.0560505239958,0.2549676351477,-0.2757382108187,-0.2996953230561,-0.4518105153267,0.1147564448534,0.6592440530321,-0.3181792129087,-0.1498621203108
0.5381545059419,0.3124128605955,0.3610031622170,0.6009282471970,0.1987394194611,0.4164345923374,0.6608000973595,0.5445665251651,1.0000000000000,0.2086625569404,0.4686577903370,0.6990259442838,0.2822594299786,0.6128566364399,0.7725573267170,0.6792449242102,0.0716374247574,0.4312579446225,0.4184661150315,0.4752901364569,0.2448242963911,0.3242290075288,0.3035810512562,0.3094877445898,0.3014473436204,0.5670933509050,0.6068424400320,0.4007393590183,0.3841238189902,0.5845079393258,0.5768874133549,0.4760396891011,0.1504423126943,0.3960569355826,0.2232986217305,-0.2984074168740,-0.0299659209151,-0.2077966122749,0.0515792528871,0.1590251889898,0.1253360241987,0.2479517268919,-0.3335191670295,-0.1404510500425,-0.0869438484021,0.0315186646289,0.0201487687414,0.1417185687303,0.0421508974098,-0.2892978352238,-0.0430970160088,0.1605482885336,-0.5109080683243,-0.4716731986167,-0.2918438533382,0.1768146975649,-0.3757135929050,-0.0428001501822,-0.4447262792837,0.1207284861563,-0.0668493156643,-0.2291056783496,0.0864099894104,0.0014033384944,-0.4008554455341,-0.4570689297545,0.0103034293334,0.4068714246104,-0.2640861854059,0.0250573425327
0.2688020860242,0.0547719599158,0.2217010377101,0.3876331309100,0.2797574941336,0.1836722092448,0.1845526001819,0.3023000872600,0.2086625569404,1.0000000000000,0.0958321766358,0.2743681984635,0.2960986404331,0.4364710259443,0.2638274915959,0.2978807401961,0.0614687981039,0.1867536009962,0.1289040875503,0.0982634940846,0.2519717020805,0.1563168720041,0.4103913347585,0.1179899027549,0.6152564979663,0.3516097152469,0.1747317027999,0.0862462347029,0.1709774239294,0.1649090047957,0.1894195443689,0.2620732774263,-0.1853099579977,0.2008317791549,0.0934600524961,-0.0256540901737,0.0308337855907,0.0153018692908,0.3470369047568,0.2551786875552,0.1108559379548,0.0146597692083,0.0219808430988,-0.0810479344005,0.7494547265519,-0.0677526353356,-0.0131450251921,0.2774760829855,0.3244603859751,0.0087220676649,0.2635683946622,0.1120811507391,-0.2981090025111,-0.1543540480291,-0.0369271659468,0.1861337842095,-0.1074440545189,0.3407098506674,-0.1599490910059,0.5022171868651,0.2595692862078,-0.2108345956234,0.0581225179268,-0.0363745290906,-0.1210944666816,-0.2499961559113,0.0684937059690,0.0693504740937,-0.0056350973910,-0.1026362077205
0.3312640539144,-0.0243032589919,-0.0007813367850,0.1125906290884,0.5738503898655,0.2058055346022,0.7305694426687,0.2436114481564,0.4686577903370,0.0958321766358,1.0000000000000,0.2506584691032,0.6958522145368,0.3428792850642,0.4172383374818,0.2815993131270,0.2391951581870,0.1562406789586,0.0238545717779,0.1688492419586,0.7151856427452,0.4850210800517,0.1371852982964,0.3056126270539,0.3704315454766,0.1489343413462,0.2552978691132,0.1734415846303,0.6678686808423,0.2933180688583,0.2633947522255,0.2470667827553,0.0297930560247,0.1548431130075,-0.2026904506171,-0.0638705187484,-0.3464425288627,-0.5104710671041,-0.3128986138802,0.5541885197321,0.1036208247757,0.5986565222765,-0.3562514241930,-0.0055675021879,-0.1326798530737,0.7732597015553,-0.0827043200559,0.6138981974065,0.0597976485833,0.0332027526095,0.0215246034909,0.1803536852052,-0.3550119821544,-0.2903221292623,-0.4339831428625,0.6504240140025,0.0069436433508,-0.1361000402083,-0.1762415589467,0.2368281520983,-0.3611309999121,-0.3866998277194,-0.1559876070003,0.3679654899802,-0.1161080344722,-0.2854080495007,-0.0217973540570,0.2743249110809,-0.1270165979536,-0.2177232203606
0.5645627884205,0.3048385556876,0.2275581811626,0.4700122209073,0.2087468866444,0.5048948894476,0.5556206878863,0.5248839190331,0.6990259442838,0.2743681984635,0.2506584691032,1.0000000000000,0.2248918713288,0.7358751388965,0.6753327681598,0.5758365964714,0.0281702213058,0.3826545343972,0.7122643882694,0.3899318207607,0.1302855565825,0.1263407267071,0.2420493085370,0.2438690498187,0.3064117121090,0.6389714528453,0.6180132909280,0.5300718728904,0.2056280405728,0.5748933017933,0.4845407706146,0.6615106028348,0.0814907094057,0.3403744405492,0.3200882847976,-0.2409688790403,0.0238672034361,-0.2424140313775,0.2155907947860,0.1647586342940,0.3392450518636,0.2188292455489,-0.3708131635472,0.1095774682906,-0.0181508145403,-0.1582435604337,0.3860969322574,0.0830545967127,0.3253285173586,-0.0456378982757,0.1963051756584,0.0360165385779,-0.4988062495141,-0.1928830002783,0.0066092307316,0.0749083812622,-0.4379029254709,-0.0728025622442,-0.4849023908653,0.0795206463227,0.2008732142622,-0.0129442926902,0.2660014455145,-0.1540953209353,-0.2300410518227,-0.4781462570673,0.2036673371336,0.4189672195770,-0.2596190095778,-0.0688231663406
0.2190567214389,-0.1617068918896,-0.1541474396867,-0.0220982268894,0.7714847266334,0.1629522943078,0.6548265195575,0.1069075110224,0.2822594299786,0.2960986404331,0.6958522145368,0.2248918713288,1.0000000000000,0.2716901603878,0.2653193776287,0.2155936207498,0.1234549438589,-0.0235369020031,-0.0414837937643,-0.0241080999052,0.8307020718275,0.3706776229527,0.1086013916917,0.1570069434999,0.4032613221310,0.0034635983401,0.0622533890702,0.0075994238334,0.4963318738661,0.2714405179232,0.1289494931155,0.1385299897438,-0.1590295104100,0.1352251599620,-0.2755997599302,0.1004660957776,-0.3606074387150,-0.4845081299817,-0.2340667265964,0.7837159503031,0.1371539399025,0.5552071681808,-0.3262184722780,0.1138248246165,0.1205990766995,0.5663577326331,0.0092961189920,0.9241449341486,0.1590145120882,0.2002862164609,0.3246927476705,0.0226884269890,-0.3634592843482,-0.1296090142741,-0.3224628448802,0.8274600224398,0.1314237120704,-0.0352458957817,-0.0860972436152,0.2962530022844,-0.3779668929067,-0.4011008276336,-0.2830183365808,0.3089826979552,0.1357167995059,-0.1212336225978,0.0463973378634,0.1390201491637,0.0991874824148,-0.3582505292048
0.5930753848338,0.4012480863041,0.2874053862726,0.5256546732348,0.1999206848591,0.4414005635017,0.6411459288136,0.7088204667441,0.6128566364399,0.4364710259443,0.3428792850642,0.7358751388965,0.2716901603878,1.0000000000000,0.6811487998826,0.5873252732356,0.1032468925583,0.4311917858713,0.4478661182886,0.2866079786484,0.1182572665746,0.2665231625442,0.3229288944100,0.2955126810344,0.4989417809253,0.7858519059785,0.6588595073079,0.5926784101837,0.3567886719422,0.6014217976804,0.6285561171037,0.7053704220850,0.1960309210982,0.4743794385114,0.2411643719481,-0.3462983734339,0.0283091377533,-0.3043148810662,0.0926819616145,0.1475786704070,0.3028096994975,0.3447322232118,-0.3493654128182,-0.0496252272719,0.0602159147522,-0.0691066449846,0.1183124569966,0.0862559395520,0.4832538375957,-0.0738772159127,0.0132660044533,0.1101694679929,-0.6214322685512,-0.4887090690977,-0.0832906648970,0.0850570864556,-0.4629485485196,-0.0607952279588,-0.5354362798478,0.2127369193730,0.1801340324515,-0.1497960872581,0.2751690568936,-0.0931567676684,-0.1992663257462,-0.4691798003024,0.2090468534193,0.6729684513333,-0.2206874025022,-0.0950976944231
0.8040937280462,0.2400969822561,0.3035535238930,0.5195703790931,0.2641194631325,0.4594114055500,0.6211243324208,0.5964359820292,0.7725573267170,0.2638274915959,0.4172383374818,0.6753327681598,0.2653193776287,0.6811487998826,1.0000000000000,0.6632035447936,0.1235565182405,0.5538380980168,0.5084035017923,0.4671430144151,0.1828972947941,0.2944776492557,0.2492004755803,0.3282876795084,0.3319517808042,0.6313176210697,0.5265071414192,0.4706606937485,0.3172900351597,0.7344184720539,0.5559255969256,0.5221731760128,0.1921626495340,0.5215645536948,0.2678182809715,-0.1113510783084,-0.1285383445360,-0.2526601498567,0.0054369726043,0.2317437340654,0.1598736081000,0.1605903747000,-0.3033060218634,-0.1549645909269,-0.0836383715696,0.0157816776705,-0.0282433674022,0.1265206540685,0.1028123682252,-0.0639244914017,-0.0074336750652,0.2122845734065,-0.5309175083832,-0.4667472126732,-0.2464118002813,0.1147009974419,-0.3490576494265,-0.1021362350752,-0.4761307680630,0.1253068320999,-0.0518922685679,-0.3518672632046,0.1452712069866,-0.0239550301947,-0.2827517773357,-0.4723847692784,0.0255832347021,0.5183865748046,-0.2162263444595,-0.0195530818490
0.5832602948814,0.2440739411365,0.2982529867586,0.5324138204883,0.2287405685194,0.4569082275117,0.5370097475296,0.5081457890235,0.6792449242102,0.2978807401961,0.2815993131270,0.5758365964714,0.2155936207498,0.5873252732356,0.6632035447936,1.0000000000000,0.1881202465882,0.4314654932220,0.2939473676153,0.3556703942037,0.2211239986435,0.3131753487846,0.3147351580764,0.3136371590060,0.2686367032807,0.5413151027291,0.4468068181136,0.3065149337459,0.2215967167910,0.6041199485543,0.5032124105267,0.4309176217433,0.3155438235093,0.5277486207706,0.3192827397975,-0.1321155898205,-0.0563368386908,-0.1136557289853,0.0300444964606,0.1548502134050,0.0598952394658,0.1785529785892,-0.2434110546724,-0.1234936579411,0.0667288650918,-0.0683023126186,0.0575532394793,0.0918306527389,0.1370894239791,-0.1183458517410,0.0922851259773,0.2961846689153,-0.3893356629956,-0.3651428784485,-0.1009265912786,0.1075220738170,-0.2995330522125,-0.0000432651163,-0.3447951291772,0.1824439155388,0.0183201445931,-0.2467309431428,0.1415456811049,-0.0721101182424,-0.2112870203809,-0.4201922828491,0.1453588216010,0.3963648943755,-0.1450637194216,0.1049494462735
0.2783993376443,-0.0054332617017,0.1822972083202,-0.0096150893605,0.4217192004083,0.0000736745822,0.1464198063788,0.2000376875405,0.0716374247574,0.0614687981039,0.2391951581870,0.0281702213058,0.1234549438589,0.1032468925583,0.1235565182405,0.1881202465882,1.0000000000000,0.2449424597305,-0.0199724861477,0.0484385312113,0.3202368147727,0.5529670884813,0.3703329901872,0.4449984711085,0.3063338810284,0.1098393156487,0.0200962284210,0.1548529681486,0.3350824925881,0.1894842861743,0.2432753742276,0.0708363252084,0.0125072894525,0.2607015470624,0.0387137276141,0.1900635377240,-0.1365005736539,0.0357482060659,-0.1717467445251,0.3155780657918,-0.1768367058613,-0.0217330544791,-0.0806055537464,-0.2206668510065,-0.0365070857671,0.1407520572009,-0.1794300113696,0.0889770267691,-0.1481856846456,-0.0783980173661,-0.1580544896705,0.8577268576575,-0.0568741481240,-0.2360693830133,-0.0207442812815,0.2517865775336,0.3231442462013,0.2954690101396,0.2316129180708,0.3799192625061,-0.0963705185956,-0.1512927792706,0.0400339867780,0.3353424942515,-0.1076399305146,0.0916060340327,-0.0607261916748,0.0890363785362,-0.0466339997261,0.0686079703175
0.6348793655539,0.4498454495611,0.6070875663177,0.5451924397471,0.0682834878086,0.3087543968751,0.2238328085213,0.5658582160464,0.4312579446225,0.1867536009962,0.1562406789586,0.3826545343972,-0.0235369020031,0.4311917858713,0.5538380980168,0.4314654932220,0.2449424597305,1.0000000000000,0.3747857810974,0.6949036676917,0.0589088508847,0.4364222280234,0.3546900229262,0.6562504742001,0.2846537136034,0.5711749179271,0.5985933632943,0.5473580161467,0.3729067095595,0.5686115433812,0.5888126406875,0.2322182330054,0.1973033103777,0.6219158372893,0.5712860779948,-0.1091029080756,0.1371690392042,-0.0414954539086,0.0546197809785,-0.0071366821504,0.1215689810671,-0.0508930315426,-0.1345569448545,-0.2302404521803,-0.1108431343880,-0.1663370273577,-0.0662620804545,-0.0980504228715,-0.0988033864235,-0.1709188095417,-0.1908211047528,0.2928448303045,-0.1494267650565,-0.3372460072576,-0.0530648464575,-0.0625097857453,-0.2685383466000,0.0322190051943,-0.2165187960289,0.1165505740966,0.0084982941796,-0.0860765751766,0.2673010728648,0.0191110261019,-0.2166664985381,-0.3374937510517,-0.2452126202976,0.3913183929634,-0.1559585929473,0.2305658987043
0.3283502685542,0.3147026168369,0.1235695902812,0.3061183710180,-0.0204562063953,0.3422291310979,0.1717512154658,0.2155375087267,0.4184661150315,0.1289040875503,0.0238545717779,0.7122643882694,-0.0414837937643,0.4478661182886,0.5084035017923,0.2939473676153,-0.0199724861477,0.3747857810974,1.0000000000000,0.4705124427541,-0.0542625404620,-0.0460357308838,0.0478736955130,0.2043016380733,0.0183739816741,0.4516330834617,0.4719376750157,0.4741341925969,-0.0128702652812,0.3619677712017,0.1639703401964,0.4918598690808,0.0926954382212,0.2150823381721,0.4068298846688,-0.2328214002236,0.1652539001816,-0.1811010535892,0.2637012594157,-0.0489059591470,0.2202379330883,-0.1117064316139,-0.2441106466301,-0.0576763380830,-0.1099814002086,-0.2515790610732,0.3178782323752,-0.1208010964176,0.1741197225516,-0.1567171448928,0.0444341879937,-0.0598624286563,-0.1607391457731,0.0551154801396,0.0184782270841,-0.0881179445648,-0.2634841829056,-0.0908764335616,-0.2584480993414,-0.1332020792465,0.2713071441363,0.0831386164847,0.3126290937471,-0.1528246925537,-0.2206518442360,-0.3217901783872,0.0220502817109,0.1944609686989,-0.2090320190573,0.1072384671637
0.4277339656795,0.3771603277914,0.4152030372747,0.6029066914149,-0.0208323600747,0.2157832627140,0.0716075481867,0.2082151639458,0.4752901364569,0.0982634940846,0.1688492419586,0.3899318207607,-0.0241080999052,0.2866079786484,0.4671430144151,0.3556703942037,0.0484385312113,0.6949036676917,0.4705124427541,1.0000000000000,0.0710289171768,0.3473140081534,0.3051519419436,0.5515952255584,0.0202690397402,0.5138171319138,0.5837965708557,0.3121696244892,0.2782084375847,0.4109677746419,0.3438950587617,0.0422502202585,0.1025460081604,0.3737993912314,0.4894554700162,-0.0606035721963,0.2131134300636,-0.1345030797953,0.1285182736375,-0.0305311199961,0.1312641900370,-0.1171180168334,-0.1696113440938,-0.2323231441310,-0.0435753676404,-0.0504777765980,0.1825851429034,-0.0365823034876,0.0422666511575,-0.1930400921385,-0.1023133202895,0.2259790894128,0.0649202536106,-0.0372486856587,-0.2826552716318,-0.0065067716727,-0.1925694725974,0.0714925159576,-0.0674407872886,0.0330403285674,0.0985977200719,-0.0349318142768,0.2007846414562,0.0643577289699,-0.2592530209885,-0.3212460787261,-0.2212299349977,0.1929482670112,-0.1285382315162,0.4578459384783
0.2379560154805,-0.0866715145336,-0.1004507230461,0.0184461201436,0.8186005585581,0.0660668777259,0.4900664699108,0.0105335578651,0.2448242963911,0.2519717020805,0.7151856427452,0.1302855565825,0.8307020718275,0.1182572665746,0.1828972947941,0.2211239986435,0.3202368147727,0.0589088508847,-0.0542625404620,0.0710289171768,1.0000000000000,0.4092091445293,0.2027716112040,0.2313065110313,0.3684398752367,-0.0218232000982,-0.0020098779961,-0.0454872919596,0.5316710803014,0.1939010523328,0.0412757042797,0.0470032509184,-0.0950766630141,0.1632643437715,-0.1665782096421,0.1886617144908,-0.2594827678765,-0.4374655683217,-0.1772993138751,0.7738231333748,0.0316209064642,0.3801897830800,-0.2757242435726,0.0144650749587,0.1278190594846,0.5962997562728,-0.0410393072281,0.8332572369530,0.0235552500752,0.0805972203932,0.2121851022517,0.2278807675454,-0.1738461090711,-0.0712142267177,-0.3461385379407,0.9178481067139,0.2269292591303,0.1173217276022,0.0526782960158,0.3683749893324,-0.2838659287831,-0.4136595395913,-0.2866923522125,0.3817093958706,0.0692186812476,-0.1086722674245,-0.0533895659106,0.0204805153150,0.0907136200055,-0.1612319342950
0.3169848340269,0.1324486098063,0.3662640761615,0.2635552446238,0.3960188667673,0.1536821568586,0.3111977252669,0.2965960817440,0.3242290075288,0.1563168720041,0.4850210800517,0.1263407267071,0.3706776229527,0.2665231625442,0.2944776492557,0.3131753487846,0.5529670884813,0.4364222280234,-0.0460357308838,0.3473140081534,0.4092091445293,1.0000000000000,0.5176425482884,0.7852744312482,0.4216250429023,0.2450208007048,0.3651852115827,0.2366738126830,0.7090949185421,0.3856517877000,0.5107511006408,0.1093365034089,-0.0152849728983,0.4397859984206,0.1046006811930,0.0406987952930,-0.0834790423519,-0.2532618316744,-0.2306726063690,0.3523046755121,0.0034702966480,0.1877495324384,-0.2522251363368,-0.1674023674841,0.0072083673815,0.3135988708745,-0.1010474299175,0.3279440526624,-0.0266939374053,0.0001094715887,-0.0418000128672,0.5262948806428,-0.1616216454869,-0.2409765970884,-0.3267875568674,0.3375558170786,0.2710121709330,0.2151690853388,0.1796633870711,0.4013187811351,-0.2147065086977,-0.2782809122339,0.0666698186817,0.4575514733635,-0.0444929832207,-0.0596607018514,-0.1271524687567,0.1907270992426,0.1051231353761,0.0863014301366
0.3962578976848,0.4483340490538,0.3678831032327,0.5845275815347,0.1160833135169,0.1039807873426,0.1932503102497,0.3948750417196,0.3035810512562,0.4103913347585,0.1371852982964,0.2420493085370,0.1086013916917,0.3229288944100,0.2492004755803,0.3147351580764,0.3703329901872,0.3546900229262,0.0478736955130,0.3051519419436,0.2027716112040,0.5176425482884,1.0000000000000,0.4664279508007,0.5724654856445,0.4590427370446,0.3754366424139,0.2425135086930,0.3560646979031,0.2640831509622,0.5528485461064,0.2088243264659,-0.1289882593458,0.4271878530978,0.3439103433784,-0.0600289533821,0.3843663882811,-0.0591783470601,0.3771644024916,0.0924877098057,0.0322914433911,-0.0412503023409,-0.1527007383404,-0.2663103094841,0.3672801934725,-0.1112554259560,-0.1613667903948,0.0792349077364,-0.0240361383662,-0.1372075251957,0.0243982022672,0.4317744803767,-0.2787773999521,-0.3472568590340,-0.0483899154712,0.1398476081318,-0.0844766169783,0.7177459977899,-0.1197634413346,0.6423477046480,0.2744748057506,-0.1083381223242,0.1622956921181,0.0132940631398,-0.1859016192067,-0.1917371825831,-0.1366516471968,0.1307001449529,0.0141084082640,0.1903714034342
0.3700802142230,0.2794355202884,0.4779482943372,0.3404526393001,0.2328750450014,0.2302023853647,0.1160244889134,0.2387962709478,0.3094877445898,0.1179899027549,0.3056126270539,0.2438690498187,0.1570069434999,0.2955126810344,0.3282876795084,0.3136371590060,0.4449984711085,0.6562504742001,0.2043016380733,0.5515952255584,0.2313065110313,0.7852744312482,0.4664279508007,1.0000000000000,0.2823524353784,0.3718139686466,0.5044905073157,0.4898533134737,0.6550015319124,0.4095470432128,0.4430866263572,0.1435037403720,0.0644244822136,0.4460658106744,0.3308608405127,-0.0337731963735,0.0591952950111,-0.1407823278960,-0.0233483854205,0.1915271929111,0.0962589957163,-0.0271132552922,-0.1680343016695,-0.1544354471475,-0.0303497215077,0.1113138506925,0.0518483926109,0.0995026630297,0.0193219422808,-0.0835960692511,-0.0370724891745,0.4423773157431,0.0335755809875,-0.1002186100596,-0.3432041413968,0.1027565761727,0.1344263091660,0.1818791770739,0.1962736108752,0.2542823245447,-0.0658907237346,-0.1588452927368,0.3607013827349,0.4359029043454,-0.1453398581069,-0.1672707140566,-0.3109181228230,0.1487523026278,-0.0047256496718,0.2196602975852
0.4145900802220,0.2076924047225,0.3479547378772,0.3474374309313,0.4152274154781,0.1971383251998,0.4379404592977,0.6046549102858,0.3014473436204,0.6152564979663,0.3704315454766,0.3064117121090,0.4032613221310,0.4989417809253,0.3319517808042,0.2686367032807,0.3063338810284,0.2846537136034,0.0183739816741,0.0202690397402,0.3684398752367,0.4216250429023,0.5724654856445,0.2823524353784,1.0000000000000,0.4019700144846,0.4033849020590,0.3523867252951,0.5405545629340,0.2816239343666,0.5392533288180,0.4025062912721,-0.1350703403894,0.3589409502275,0.0534018240693,-0.1882246172815,0.0522054526690,-0.0538216661090,0.1896374137751,0.3425814996081,0.1790180813460,0.2492040182869,0.0348013055377,-0.0820658995458,0.3733042843599,0.0718816096883,-0.1644410634349,0.2851773025598,0.1649661223032,0.0733874708180,0.0693455953178,0.2209802389309,-0.5051301750359,-0.3955989316233,-0.0107408615324,0.3038054233777,-0.1405682746983,0.3503908674722,-0.3083383144205,0.8174236927306,0.1102990443870,-0.1276203171904,0.1743376509810,0.0774832746066,-0.1229550207785,-0.2357604984372,0.0374404017443,0.3343285607121,-0.0538369838732,-0.2523983770758
0.6066769148012,0.6225753145056,0.4066903598369,0.7784456432972,-0.0005156064871,0.3903646861215,0.3746558794749,0.6838337046188,0.5670933509050,0.3516097152469,0.1489343413462,0.6389714528453,0.0034635983401,0.7858519059785,0.6313176210697,0.5413151027291,0.1098393156487,0.5711749179271,0.4516330834617,0.5138171319138,-0.0218232000982,0.2450208007048,0.4590427370446,0.3718139686466,0.4019700144846,1.0000000000000,0.7525465800656,0.6257875644028,0.2449389314248,0.5403259940503,0.6704948399241,0.5056605438414,0.2332848017961,0.5582689259048,0.5947469402969,-0.3884722739079,0.2776438196945,-0.1814818894861,0.3561084764189,-0.0540612999833,0.2248614475396,0.0095517098019,-0.3140595140763,-0.2180128639350,0.0599992841769,-0.2844259944724,-0.0197590374937,-0.1492242052292,0.2219405605916,-0.2874281507948,-0.1311126725903,0.2106483731527,-0.4537723609436,-0.4950991644514,-0.1168446155869,-0.0994804242033,-0.5850045473610,0.0735562791510,-0.5617913195214,0.2189851045506,0.4536153881619,-0.0088255730672,0.3697133546239,-0.2348925199872,-0.3672308635986,-0.5487847721280,-0.0727338302006,0.5727123760525,-0.2937561229959,0.2749965330348
0.4558831724225,0.5973632023958,0.5819722942145,0.7231365140383,-0.0110206737561,0.2980639082859,0.3740408801229,0.6640918526052,0.6068424400320,0.1747317027999,0.2552978691132,0.6180132909280,0.0622533890702,0.6588595073079,0.5265071414192,0.4468068181136,0.0200962284210,0.5985933632943,0.4719376750157,0.5837965708557,-0.0020098779961,0.3651852115827,0.3754366424139,0.5044905073157,0.4033849020590,0.7525465800656,1.0000000000000,0.7459894339386,0.3889456610631,0.4704305696733,0.7216689108499,0.5371702076856,0.2019288168229,0.4670277742717,0.4695162638305,-0.4863052316113,0.2371268075249,-0.1853995058662,0.1512210670833,-0.0564016809878,0.2153386902857,0.1718087651705,-0.3281178600141,-0.0953056160875,-0.1304308049210,-0.1922539818407,0.1072168242438,-0.1058181964640,0.1688767166409,-0.2007034632876,-0.2025994859005,0.0931571876413,-0.4118081617995,-0.3653285989962,-0.1613573981216,-0.0733327749901,-0.5474808387282,-0.0829585353055,-0.5072506125089,0.1777600206269,0.2045546394998,0.1008228221442,0.4348745627399,-0.1609769384748,-0.3292728673604,-0.5387117987321,-0.0151443496990,0.4708516811448,-0.3007362925585,0.1388946738278
0.4693091492258,0.4637086483868,0.4682726626800,0.3983012906710,0.0478746267339,0.2378689464188,0.3237096475164,0.6388885185979,0.4007393590183,0.0862462347029,0.1734415846303,0.5300718728904,0.0075994238334,0.5926784101837,0.4706606937485,0.3065149337459,0.1548529681486,0.5473580161467,0.4741341925969,0.3121696244892,-0.0454872919596,0.2366738126830,0.2425135086930,0.4898533134737,0.3523867252951,0.6257875644028,0.7459894339386,1.0000000000000,0.3343963123021,0.3971727582230,0.5733657453295,0.6033211847484,0.1846427668709,0.4097016130043,0.3249774869893,-0.4109145404768,0.1350334086258,-0.0481987961078,0.1261227607477,-0.0052736455998,0.1745302944049,0.1864948548310,-0.2138760658973,0.0023221851883,-0.2623971010326,-0.1871629798468,0.0354614532011,-0.1736798601086,0.1291169934949,-0.0977039679288,-0.1830654256753,0.0996926439081,-0.3338763776644,-0.3428312068935,0.0250200469322,-0.0693114851709,-0.3645310694049,-0.0716167615211,-0.3530062184423,0.0590104878112,0.1886305159693,0.1317741790216,0.7013864837945,-0.0329793179872,-0.2256893878558,-0.3543722406576,-0.0532595283623,0.4876648439736,-0.2769468718429,-0.0289826978542
0.2894067636632,0.1096775847527,0.2926828009476,0.1698068433586,0.5393014404319,0.2327573001581,0.4205227345852,0.2829988635707,0.3841238189902,0.1709774239294,0.6678686808423,0.2056280405728,0.4963318738661,0.3567886719422,0.3172900351597,0.2215967167910,0.3350824925881,0.3729067095595,-0.0128702652812,0.2782084375847,0.5316710803014,0.7090949185421,0.3560646979031,0.6550015319124,0.5405545629340,0.2449389314248,0.3889456610631,0.3343963123021,1.0000000000000,0.2708974253877,0.3910455375945,0.1736061112596,-0.0132760610276,0.2667392742699,-0.0490218802497,-0.0692717159109,-0.1208231793814,-0.3217803612589,-0.1857290989917,0.5135434529842,0.1853644112907,0.3597935836724,-0.1227544213672,0.0389491742337,-0.0471229721691,0.5274186477129,-0.0375391362948,0.4446114465650,0.1169515575036,0.0493389599109,0.0391565074934,0.2443385377883,-0.1579698963916,-0.2084720682664,-0.4207444861500,0.4808345980330,0.1416798796234,0.0586156714300,0.0505677763549,0.4043381882820,-0.2412071620143,-0.2496961411292,0.0718649571545,0.6537826940938,-0.0694878008141,-0.0998064814712,-0.1421067992023,0.2832772583619,0.0067849972747,-0.0568705133036
0.7039016824777,0.3961987339842,0.2291811554757,0.4503979877303,0.2243502034771,0.4483701731448,0.5263378363935,0.5453211420307,0.5845079393258,0.1649090047957,0.2933180688583,0.5748933017933,0.2714405179232,0.6014217976804,0.7344184720539,0.6041199485543,0.1894842861743,0.5686115433812,0.3619677712017,0.4109677746419,0.1939010523328,0.3856517877000,0.2640831509622,0.4095470432128,0.2816239343666,0.5403259940503,0.4704305696733,0.3971727582230,0.2708974253877,1.0000000000000,0.6121935837995,0.4232644515162,0.3535015510567,0.6996686923896,0.4301553855469,-0.0498177471200,0.0677666829195,-0.2187395315617,-0.0624453515634,0.1648823381611,0.1699158594811,0.1202433435612,-0.2743553956327,-0.1461142765008,-0.1773907194699,-0.1203618463221,0.0365092000497,0.1260756610958,0.0959197183711,-0.0495492779343,-0.0264480269798,0.1991856112703,-0.3983846368551,-0.3721511269241,-0.0959493063046,0.1092298724911,-0.2033579118183,-0.0050836950655,-0.2792644201704,0.1596159048813,-0.0931768320924,-0.1938728070163,0.1171149104132,0.0033090464110,0.1118538009308,-0.2169999574991,0.0639756745274,0.5900946001393,0.1079909458378,0.1349823960284
0.6420365494551,0.5081239451240,0.6223289386199,0.6475955752455,0.0860895697352,0.2621221704721,0.5285219049348,0.8874279575283,0.5768874133549,0.1894195443689,0.2633947522255,0.4845407706146,0.1289494931155,0.6285561171037,0.5559255969256,0.5032124105267,0.2432753742276,0.5888126406875,0.1639703401964,0.3438950587617,0.0412757042797,0.5107511006408,0.5528485461064,0.4430866263572,0.5392533288180,0.6704948399241,0.7216689108499,0.5733657453295,0.3910455375945,0.6121935837995,1.0000000000000,0.4923857302382,0.1332420429418,0.6021761592340,0.3904139423980,-0.3364772634413,0.1391942709007,-0.1209800437342,-0.0000915440410,0.0061280064797,0.0482421912576,0.2093641230877,-0.2922468490420,-0.2017404872091,-0.1449403823752,-0.2149463461187,-0.1662174593190,-0.0507257938892,-0.0845424109233,-0.1736800818392,-0.2492483646829,0.3033568297558,-0.5918786079817,-0.6531591412572,0.0706940467894,-0.0311841495303,-0.4564926578505,0.0981543871549,-0.5006029275128,0.3275159695599,0.0120440637757,-0.0550252614195,0.2422342243129,-0.1490594246619,-0.2262633926230,-0.3168057476475,0.0668892622809,0.5804776524198,-0.2008411941309,0.0366051869011
0.4577809493568,0.2831230088174,0.2521434704293,0.3137950670136,0.1224664048261,0.2335472402867,0.5111151744323,0.5963366720514,0.4760396891011,0.2620732774263,0.2470667827553,0.6615106028348,0.1385299897438,0.7053704220850,0.5221731760128,0.4309176217433,0.0708363252084,0.2322182330054,0.4918598690808,0.0422502202585,0.0470032509184,0.1093365034089,0.2088243264659,0.1435037403720,0.4025062912721,0.5056605438414,0.5371702076856,0.6033211847484,0.1736061112596,0.4232644515162,0.4923857302382,1.0000000000000,0.1036165768640,0.3368958645786,0.1381797359603,-0.3679811429573,-0.0087870662814,-0.2348575113301,0.0499544941070,0.0558084731637,0.0603227476444,0.2924068195193,-0.3479574782057,0.0443832722946,-0.0766863104848,-0.1413145812795,0.0604071512740,-0.0434169154025,0.2461416955094,-0.0269598192596,-0.0276857655174,0.0204014017295,-0.5917185024472,-0.3863645984471,0.0958075355818,0.0000219025162,-0.4054923864051,-0.1042912810152,-0.5115778991483,0.1190230777323,0.1276842449356,-0.1048239234232,0.3102073206167,-0.2179266082705,-0.1833440342842,-0.4267101969953,0.3357951832279,0.3708244362508,-0.2322370985711,-0.2653641248454
0.1923642480964,0.3354655432417,-0.0178002351482,0.1824764420937,-0.1129272410899,0.2371140300676,0.1045486277880,0.1343156731565,0.1504423126943,-0.1853099579977,0.0297930560247,0.0814907094057,-0.1590295104100,0.1960309210982,0.1921626495340,0.3155438235093,0.0125072894525,0.1973033103777,0.0926954382212,0.1025460081604,-0.0950766630141,-0.0152849728983,-0.1289882593458,0.0644244822136,-0.1350703403894,0.2332848017961,0.2019288168229,0.1846427668709,-0.0132760610276,0.3535015510567,0.1332420429418,0.1036165768640,1.0000000000000,0.2716450726367,0.3622684626811,-0.1355308735325,0.1255834003193,-0.0501942110244,-0.1169943731211,-0.1341449606999,0.0073233136801,0.0849998843402,-0.0837767187095,0.0066409475772,-0.3240654547985,-0.0475130390091,0.0180568472752,-0.2291320499334,0.1547507062062,0.0175097974680,-0.2580737873696,-0.0145985352976,0.0824255315272,-0.0969016776706,0.0397975538772,-0.1397524263573,-0.1666943216391,-0.2353047326957,-0.1018922458020,-0.1973929534065,0.0306797460517,0.0964540657667,0.1595329234030,-0.0644301872618,0.2020299920136,-0.0674848114347,-0.0311333617965,0.3909408327197,-0.0173915205257,0.3239020113593
0.5511664518744,0.5551933885819,0.2863786049687,0.5320123283286,0.1301654194836,0.3050072594527,0.2952233091772,0.5652015718139,0.3960569355826,0.2008317791549,0.1548431130075,0.3403744405492,0.1352251599620,0.4743794385114,0.5215645536948,0.5277486207706,0.2607015470624,0.6219158372893,0.2150823381721,0.3737993912314,0.1632643437715,0.4397859984206,0.4271878530978,0.4460658106744,0.3589409502275,0.5582689259048,0.4670277742717,0.4097016130043,0.2667392742699,0.6996686923896,0.6021761592340,0.3368958645786,0.2716450726367,1.0000000000000,0.5680186972184,-0.1597454102474,0.2332371432210,-0.1840274755130,0.0403123603892,0.0589438383886,0.0877974781919,-0.0516852918364,-0.2221881261559,-0.2871788256399,-0.0810434257920,-0.2288089103447,-0.2082429027083,0.0339726119295,-0.0598344852092,-0.1503424522640,-0.1625633336519,0.2843992464265,-0.3009568511642,-0.4339101004916,-0.0773878599054,0.0904512803524,-0.2031584287942,0.1548459400780,-0.2818482686452,0.2542131624696,0.0725229558522,-0.1894633766930,0.1388386711721,-0.0792630005085,-0.0093382836549,-0.2588540706720,-0.1150942397906,0.4680578242243,0.2260457959243,0.2257403145436
0.3507745176159,0.7082273601905,0.2617545659407,0.6194078184518,-0.2596613444651,0.2962918732045,-0.0912864174298,0.3038481355388,0.2232986217305,0.0934600524961,-0.2026904506171,0.3200882847976,-0.2755997599302,0.2411643719481,0.2678182809715,0.3192827397975,0.0387137276141,0.5712860779948,0.4068298846688,0.4894554700162,-0.1665782096421,0.1046006811930,0.3439103433784,0.3308608405127,0.0534018240693,0.5947469402969,0.4695162638305,0.3249774869893,-0.0490218802497,0.4301553855469,0.3904139423980,0.1381797359603,0.3622684626811,0.5680186972184,1.0000000000000,-0.2220810540117,0.5881735171897,-0.0221724918598,0.4782564491301,-0.2874852547001,0.1084856401247,-0.3745457701591,-0.1165975973367,-0.2482576452557,-0.0027475358021,-0.4997553446418,-0.0253995220435,-0.3368302789098,-0.0945767881613,-0.2936333165070,-0.1817181497064,0.0957082974558,0.0443892186673,-0.1371923317254,0.1139096590858,-0.2701095801039,-0.3447219271093,0.2012924215083,-0.2362035975593,0.0612807807181,0.4778824575505,0.2189526692091,0.2529679102715,-0.3147417232632,-0.0875253267711,-0.2424721472029,-0.2693207557517,0.2410432326034,0.0503572301204,0.6372931196577
