1.0000000000000,0.2819658184964,0.2675860728857,0.3758488788761,0.2945646126001,-0.1665624141622,0.3171960952947,0.2923002615077,0.1482884930889,0.3051706242356,0.4282653374833,0.3116649878515,0.2940904275903,0.2637227023011,0.5040725507771,0.1859233471530,0.1361005351687,0.3698616079850,0.1449373848645,0.3393267642729,0.3373638645090,0.1147553136909,0.2128334946158,0.1953501896389,0.3948167220528,0.3108170592662,0.4136092011969,-0.0333845190097,0.1834804406586,0.5637922819326,0.1955883961335,-0.0698485203576,0.0561288058104,0.4034950880508,0.4237756111562,0.3659004139560,0.0055293094167,-0.3976283352439,-0.0309347066997,0.1491993530637,0.2317167631675,0.2211747529348,0.1857355493666,0.0415071706904,0.2668871329088,0.2145836964574,-0.0525479946645,0.1193231410973,-0.3272911079397,-0.1903935023235,-0.0979560198638,0.1544470222399,-0.1479792877539,-0.2237750840423,-0.3516112096892,0.1328941989056,-0.2722154950855,0.1465791649760,-0.1961468114457,0.3942688520036,-0.3100717297063,-0.4693803997367,-0.2860085774085,-0.1684155138454,-0.0150705605348,-0.2051504892942,-0.0757968275426,-0.0464083308251,0.2260531519819,-0.0795034515237
0.2819658184964,1.0000000000000,0.1719931785869,0.6371197749800,-0.0876618310267,-0.2918505783824,0.0797185769009,-0.1763037695250,-0.1191327226107,0.0452245910363,0.2850557888213,0.2510269794841,0.0671480004832,0.2332842105209,0.0706326165289,-0.0936985752619,-0.0436306054510,0.4137827231112,0.1332993254831,0.4248233618988,0.1059763199621,0.0489672832299,0.4557019335638,0.2381517258705,-0.1103494865672,0.3772824291459,0.4885325450306,0.1772193548452,0.0027495376200,0.3574217370822,0.1731793404692,0.1196953900753,0.1105359390186,0.2239812496496,0.7311657710107,0.4543018492131,0.7011547153980,-0.1566682585418,0.5365438628491,-0.1296672942384,0.0637343845114,0.0897459677628,-0.1332292606177,-0.0165249360131,0.0066431179237,0.0805345932882,0.2465175059166,0.0015107001061,-0.0242778251675,-0.3367250962177,0.0233528945405,0.0325621906201,0.2673074907683,-0.1222735884505,-0.0287202414621,-0.0385365017463,-0.2476456823055,0.4563483236640,0.1471364822178,-0.1050588195379,0.0754812482984,-0.1800806287965,-0.0375410903405,-0.0693834843725,0.1318562606685,0.0207367642417,-0.1920397657763,0.0632334174128,0.1891185073086,0.4834612835922
0.2675860728857,0.1719931785869,1.0000000000000,0.2852926279415,0.0728948407128,-0.1090799626088,-0.0084378075178,0.3507963379644,-0.0105979446722,0.2971632303636,0.1313691792504,0.2086687025673,0.0691553428025,0.2352884606028,0.2057619249203,0.0123806163864,0.1982288688942,0.4745334943470,0.2714268026513,0.2430719990041,0.2846130241603,0.2064039101856,0.2453772501314,0.3717930405546,0.3131952869407,0.1558599646513,0.5058676377664,0.4912287066547,0.2790282242498,0.1540276197080,0.2542009012841,0.1960775258176,0.0246320768633,0.0453191428617,0.1523317848233,-0.2134051990814,-0.0097697701809,0.0671498499404,0.2267300853208,-0.0331944196493,0.0915980490321,-0.1048868108461,0.1296814185907,0.0501543434768,0.1793879299691,-0.0400716917235,0.0524864547902,-0.0011179518528,0.0344603898718,-0.1094842250530,0.1330257538439,0.2245108958747,0.0699967364729,0.1073807330411,-0.2396197474492,0.1642214276850,-0.0997685817844,0.1914672190725,0.1249055115111,0.1871046074061,-0.0326151769037,-0.1338277217537,-0.0154663714239,-0.1092179784152,-0.1656726398401,-0.2399783268683,-0.2446497718809,0.0360114189242,-0.0258504811272,-0.2286306999834
0.3758488788761,0.6371197749800,0.2852926279415,1.0000000000000,-0.0431733000315,-0.2023845850571,0.0742808598874,0.2756987855483,-0.0215325679675,0.3369249669287,0.1067813319487,0.2602412716438,0.0100356306491,0.3813042459599,0.1626765494920,-0.0044003771720,-0.0172115139163,0.3160363119214,-0.0400548280318,0.3228395407266,0.0170360800898,0.0325172923711,0.4579268403689,0.2037150657840,0.1859622742965,0.6113574888078,0.4463797401259,0.3887015008294,0.1349836464126,0.2966651882871,0.1577764470537,-0.1099957532245,0.1079223396734,0.2248141184269,0.4334236576962,0.3024765006616,0.4227295429446,-0.1360207269520,0.5324181955655,-0.1240061573186,0.1366863166312,0.0679110407962,0.0693830570106,0.0177733065301,0.2089053210166,-0.0863858308020,0.2807784368641,-0.0927207614677,-0.2235409399889,-0.2106058540335,-0.2076026650124,0.0445800925985,0.1675210492691,-0.1035084276687,-0.0734181619388,-0.1050813275746,-0.2183271229409,0.3579040905935,-0.1081375156235,0.1749678858618,0.1167030366926,-0.0985200574016,0.1178259363867,0.0458096615386,0.0751633603119,-0.1655746315343,0.0026956397947,0.2285816379267,0.1243468538564,0.3498001097251
0.2945646126001,-0.0876618310267,0.0728948407128,-0.0431733000315,1.0000000000000,-0.1740554353367,0.3169411871142,0.0122882231838,0.0553657399857,0.3251448628400,0.5565820659568,-0.1193396406210,0.7598058089877,-0.0624292694666,0.2286607666914,0.1090248032390,0.3372789391973,0.0999570147985,-0.0274667064695,-0.0551712649981,0.7601609017155,0.4676856758729,0.1460054766771,0.3923048478754,0.6201417424227,-0.2360016958530,0.0271400321692,-0.2861428075027,0.5658606990291,0.3288491100551,0.1657439746386,0.0695642808897,-0.1984064290308,0.2985989261205,-0.0149867346510,-0.1118288145351,-0.3021459767467,-0.3614480878600,-0.2151348797574,0.8859206465030,0.0652372836679,0.2282658829198,0.0385384758113,-0.1272697178149,0.4169032733018,0.5130447561743,-0.2601686819448,0.7537399093510,-0.2076817947109,-0.3442998575133,0.0392764917526,0.2442915152605,-0.2024021107755,-0.2330959452218,-0.4402149140303,0.7398308791662,0.0927958576951,0.0789361738254,0.0680035858186,0.5591385948606,-0.5463818769473,-0.3911593685827,-0.4575850126194,0.2901555389493,-0.1757069198431,-0.2534203052719,-0.1003811503804,-0.2391585311420,0.1908903350142,-0.4332888645606
-0.1665624141622,-0.2918505783824,-0.1090799626088,-0.2023845850571,-0.1740554353367,1.0000000000000,0.3762550054117,-0.0548246718977,0.7207354854893,-0.2098086426904,-0.1435557300964,0.1695647552885,-0.2253591559532,0.0874869621796,0.2584777818045,0.6391029858011,-0.1514203041203,-0.3312747888162,0.1831389234059,-0.2811875562089,-0.2660326753572,-0.1167401114742,-0.4466564787312,-0.1647975183098,-0.2013664590516,-0.1121065655329,-0.1578129229528,0.0719872574778,-0.2162851034666,-0.0579797881909,-0.1123194744200,0.0386399132470,0.6047819407618,-0.1938446545931,-0.2484998744689,-0.1983980679109,-0.3914279732192,0.1048828380461,-0.2644460695712,-0.1877862613637,0.5660519026533,0.3367986615500,-0.2133413243963,0.6695298340949,-0.2684459659046,-0.1516649321630,0.1687923010157,-0.2647030698618,0.1494524545101,0.4732614274403,0.3464851786211,-0.2253455299661,-0.3509531450002,0.1835157374166,-0.1436631356730,-0.2294390020385,-0.0819294210115,-0.4641158949134,-0.2194935516608,-0.2157340696040,-0.1386079379853,-0.0744458173892,0.3259806191847,-0.2087817151564,-0.0279340320089,-0.1508402709855,0.0173752137808,0.1159803647083,-0.1584906973491,-0.1663426126337
0.3171960952947,0.0797185769009,-0.0084378075178,0.0742808598874,0.3169411871142,0.3762550054117,1.0000000000000,-0.1211031016724,0.7060638632664,0.1766015206831,0.5853042182104,0.3209638225291,0.5141062643630,0.1337452130951,0.5775070278166,0.7257772393976,-0.1014200124758,0.0328356127506,0.2618230594851,0.0104481807338,0.3558478052477,0.0388876244880,-0.0634660493829,0.1079590185153,0.1906721010775,-0.1047817837060,0.0466275477553,-0.2423701405264,0.1354026218163,0.4240019657358,0.0485557617277,-0.0284360117505,0.4158650332056,0.1844371429258,0.2719207356050,-0.0109733855767,-0.2786907179027,-0.4203398574989,-0.2229486523821,0.2309715810771,0.5656625995763,0.7581929987765,-0.2645875909081,0.3463553260687,0.1536310457846,0.4664956316907,-0.0670922989838,0.3383541650050,-0.2708873018705,-0.1456267579474,0.3266543281856,-0.1682977411068,-0.3798406436486,-0.1821177462834,-0.4715857786631,0.1921900353545,-0.3436024299344,-0.0921546794396,-0.3078485583101,0.0647365941935,-0.6189742507368,-0.5928833800425,-0.2357557964752,-0.1533708824949,0.0042841820622,-0.3520659955956,-0.1295876419007,0.0757759892213,0.1229955287228,-0.1338931580399
0.2923002615077,-0.1763037695250,0.3507963379644,0.2756987855483,0.0122882231838,-0.0548246718977,-0.1211031016724,1.0000000000000,0.0084257203971,0.2694769073751,-0.1991144829944,-0.0069482147909,-0.1782614685414,0.1453944950707,0.0984948694884,0.0009618041806,0.0539902239546,0.1476489296141,-0.2640084731577,-0.0157596884635,-0.1491390332765,0.0319036845525,0.0672700001349,-0.0040738854534,0.4981570949271,0.3912876169644,0.1680187250503,0.3482043649195,0.2770275523592,-0.0383675859894,0.3055236707217,-0.1641499237064,-0.0567059683409,0.1153637783285,-0.2616895113561,-0.2175537134368,-0.2596615568955,-0.1252201009660,-0.1550907927446,-0.0725021544029,-0.0391171267235,-0.1670045794275,0.3932912925587,-0.1136195145055,0.1375290725794,-0.2642921952453,-0.1615356743404,-0.2268680273598,-0.3470736930302,0.0552626018145,-0.4242547891631,0.0019030765054,-0.1833126654228,-0.1825040912664,-0.1928077686351,-0.1196314920208,-0.0841118341908,-0.1402137586888,-0.3850985992516,0.4381770552057,0.0500367752742,0.0421955398628,0.0606356156525,0.1188315424289,-0.2245986455582,-0.2477122370061,0.2948319142143,0.0933855272853,-0.0587816903367,-0.2309387696915
0.1482884930889,-0.1191327226107,-0.0105979446722,-0.0215325679675,0.0553657399857,0.7207354854893,0.7060638632664,0.0084257203971,1.0000000000000,0.0055629237058,0.2345317744096,0.3837345114278,0.1047008496696,0.2471532030874,0.6500229294730,0.7982068592205,-0.0558168703207,-0.1110184184818,0.3788333648809,-0.0678874132285,-0.0169230733198,-0.0094720683758,-0.1878306469403,-0.0016330260088,0.0703077015776,-0.0163376048323,0.0377939555406,-0.0434444792305,-0.0097036224926,0.3198106589611,0.0601036556374,-0.0150448927611,0.5446691567683,0.0510063431607,0.0333686410972,-0.0863835925257,-0.3863223891909,-0.1282277328023,-0.2999606333996,-0.0172204533180,0.5575034403706,0.4705632863898,-0.2287556053419,0.5334556285746,-0.0854512431975,0.0846321182991,0.0634046923016,-0.0556496585685,-0.1506451414296,0.1775244329166,0.2661838887833,-0.1782665851331,-0.4461443692562,0.0128259975993,-0.3701991752989,-0.0935585032410,-0.2395738281190,-0.2733450673426,-0.3390026737622,-0.0321454302334,-0.4143388349732,-0.3701259106267,0.0921968827161,-0.1929981035110,-0.0157751860063,-0.3032503815528,-0.1062193236808,0.0197223152529,0.0161165082221,-0.1638774395623
0.3051706242356,0.0452245910363,0.2971632303636,0.3369249669287,0.3251448628400,-0.2098086426904,0.1766015206831,0.2694769073751,0.0055629237058,1.0000000000000,0.2106013435952,-0.1457536854360,0.4309692846206,0.2166943046915,0.2675528615158,0.0710735510221,0.0026359899904,0.2416727749152,-0.0926638651827,0.0081762588209,0.4312483802402,0.0264101208218,0.3361031911197,0.1688313103851,0.6669582022519,0.0892517646156,0.0341756401929,-0.0523251441113,0.1802448722062,0.2132512541685,-0.0956913011423,0.0900634723550,-0.0089271829573,0.1101103598840,0.0887114313420,-0.0956699275343,-0.0305461551476,-0.1606592740455,0.1802950900059,0.2224896970165,0.0506861104613,0.0423828238377,0.2391597726430,-0.1336685960220,0.8496056813156,0.0798923912600,-0.2012886075975,0.3568704439047,-0.0419271189885,-0.2050894339476,0.1237219609906,-0.0235362946806,-0.0747494705519,-0.2234120043223,-0.3460045698576,0.2970598731939,-0.1479426377926,0.3264236344380,-0.0294945873121,0.6229873600353,-0.1569265613476,-0.2386882564859,-0.2979496813635,-0.0256880137717,-0.2052645479276,-0.3071181009059,-0.0662050146078,0.0254425661792,0.1707018876817,-0.2432627955938
0.4282653374833,0.2850557888213,0.1313691792504,0.1067813319487,0.5565820659568,-0.1435557300964,0.5853042182104,-0.1991144829944,0.2345317744096,0.2106013435952,1.0000000000000,0.1219269776294,0.6985805926189,0.0791802782254,0.4192188484196,0.2299457769006,0.2456064950159,0.2483755437193,0.2140508006489,0.1862467184392,0.6996447509009,0.3430964178178,0.2327059449403,0.4247399084578,0.3514215929581,-0.1444199830265,0.2148581832641,-0.2702515607626,0.4094236895249,0.5042894897544,0.1424690679769,0.1296404017349,-0.0177870187718,0.2984475569750,0.4018093038027,0.0849499436662,-0.0566176422403,-0.4685744996588,-0.0509942234001,0.4426601992586,0.2262137427126,0.4250889582072,-0.2073736274968,0.0264862808666,0.2446503080091,0.8101240560148,-0.0767900516491,0.5399795299405,-0.2008666588480,-0.4476311846120,0.1967929245967,0.2338020584046,-0.1618889842213,-0.2524660017185,-0.4779510896400,0.5234312706923,-0.1048459647142,0.2105801607250,0.1239358593883,0.1716692396667,-0.6015466044787,-0.6325232822740,-0.4671239013186,0.0635740607031,-0.0996981334279,-0.2759199772990,-0.2905378250663,-0.1896077424263,0.2269518944614,-0.1643033521044
0.3116649878515,0.2510269794841,0.2086687025673,0.2602412716438,-0.1193396406210,0.1695647552885,0.3209638225291,-0.0069482147909,0.3837345114278,-0.1457536854360,0.1219269776294,1.0000000000000,-0.0800168531935,0.3713150262202,0.3302699422032,0.3425436360009,-0.1171971483198,0.2574644205243,0.4729647907762,0.5027567243344,-0.0146141010968,-0.0796627299354,0.0495605601830,-0.0078471795222,-0.1797854937072,0.3379016823571,0.4662194816868,0.2285623305643,0.0019768690802,0.4172099708748,0.2309553074950,-0.0470341391777,0.2610873299017,0.1298305278061,0.4253611265188,0.1697271894512,0.0546824019114,-0.1210506163546,-0.0565226065247,-0.2016473632934,0.3248492346828,0.1827875960318,-0.1375652804825,0.2395361559343,-0.2754630827712,-0.0833107083722,0.2396610727508,-0.2279997969587,-0.1937847540751,-0.0649989269691,-0.0436120597465,-0.0947210771041,-0.1477526555001,0.1335683748073,-0.0769745842930,-0.2084179813125,-0.3823042283113,-0.0367271713949,-0.3390077636388,-0.1715862494951,-0.1363825761014,-0.3453126251609,0.1257028710206,-0.1849068951113,0.2071280461213,-0.0355555426755,-0.0260519199960,0.0418722761259,-0.0094907159607,0.1124972851917
0.2940904275903,0.0671480004832,0.0691553428025,0.0100356306491,0.7598058089877,-0.2253591559532,0.5141062643630,-0.1782614685414,0.1047008496696,0.4309692846206,0.6985805926189,-0.0800168531935,1.0000000000000,-0.0916737245347,0.2692871369020,0.1359550328234,0.2914137115268,0.2107499016992,0.0115023498551,0.0637866639962,0.8421332551933,0.4112142983539,0.2128333450231,0.4374882563435,0.5077768095555,-0.2929492037577,0.0680120171557,-0.3839495819803,0.4254604135899,0.3705993998887,0.1384807115959,0.0589070883754,-0.1296890778025,0.2935599697153,0.2136893489889,-0.0209647158810,-0.1794688726097,-0.4275937082810,-0.0661650321548,0.6961548083398,0.0342152263958,0.3704060259930,-0.1482192518566,-0.1714930390423,0.5014360071666,0.6454842284703,-0.2780785739798,0.8811210551910,-0.1829065098884,-0.4333197746671,0.1588341228249,0.2021434455579,-0.1013755061976,-0.2358845961209,-0.3896697257777,0.7262255479195,0.0113871228662,0.2026425631625,0.1130525287460,0.3700927546431,-0.5625103089602,-0.4540118379012,-0.5709668474480,0.1459394306385,-0.0909095227533,-0.2688432657634,-0.1781230521280,-0.2121238714742,0.2872676401608,-0.2539774678793
0.2637227023011,0.2332842105209,0.2352884606028,0.3813042459599,-0.0624292694666,0.0874869621796,0.1337452130951,0.1453944950707,0.2471532030874,0.2166943046915,0.0791802782254,0.3713150262202,-0.0916737245347,1.0000000000000,0.5007055139750,0.2694744941960,-0.0377277974664,0.1475380022521,0.4001443445865,0.2368887269604,-0.0555664480396,-0.0083534077154,0.0988672901766,0.0559805874863,0.1270533356072,0.5977114039400,0.3874955312277,0.4674692012352,0.0080115725031,0.4040241047781,-0.0963401553000,0.2312706334543,0.1818583687081,0.1296077885743,0.1610844621815,-0.0673745467758,0.0318813066881,-0.0469382137920,0.0824473661998,-0.1846276134773,0.3899331356695,0.0826950052116,0.0657196420242,0.3312576546490,0.0435628055628,-0.2113183189825,0.5097858127383,-0.2237764611193,0.0768806308193,0.0151295330964,-0.0537555675871,-0.0622736586904,-0.3251940278323,0.0180135736984,-0.3965356846434,-0.1856146103804,-0.2592292817181,0.0149417669107,-0.2594577836537,0.1388009138256,0.0051014929309,-0.2389450799731,0.3224045344237,-0.2473242630427,-0.0700155463747,-0.2614792123496,-0.3108023276756,0.2217648446705,0.0130116741900,-0.1630330663298
0.5040725507771,0.0706326165289,0.2057619249203,0.1626765494920,0.2286607666914,0.2584777818045,0.5775070278166,0.0984948694884,0.6500229294730,0.2675528615158,0.4192188484196,0.3302699422032,0.2692871369020,0.5007055139750,1.0000000000000,0.5595035289557,0.0387801683446,0.1589276142141,0.5569238490158,0.1886201826839,0.2115226303742,0.0787113361910,-0.0058078072368,0.1717189548879,0.2706277951893,0.0909835793211,0.1864669161718,-0.0079164237203,0.0481285635637,0.7059116911395,-0.0540947765960,0.1876457416302,0.3259432871416,0.2317719595366,0.2148932341172,-0.0062658856540,-0.2468152157699,-0.1730001357590,-0.1424904326338,0.0988605446796,0.4735547175174,0.3324583014241,0.0307501146575,0.3509297012419,0.2046566743253,0.0963433500064,0.1315530560209,0.0777833376251,-0.1127211354024,0.0299443980073,0.2341189362624,-0.0284456814189,-0.3233397901012,0.0239098294170,-0.5022179975478,0.0559304759421,-0.2276205367644,-0.0499566544903,-0.1684415418971,0.2200598227194,-0.4898749271925,-0.4789544661124,-0.0287388482398,-0.2045529759597,-0.0248394929987,-0.3966015465247,-0.2298105232036,0.1368095719112,0.1737051867975,-0.2345694091295
0.1859233471530,-0.0936985752619,0.0123806163864,-0.0044003771720,0.1090248032390,0.6391029858011,0.7257772393976,0.0009618041806,0.7982068592205,0.0710735510221,0.2299457769006,0.3425436360009,0.1359550328234,0.2694744941960,0.5595035289557,1.0000000000000,-0.1678285859398,-0.0812078136686,0.3275126244862,-0.0733656175216,0.0541950744557,-0.0422660213162,-0.1977180497074,-0.0338738831717,0.0263156560917,-0.0172483585357,-0.0204923125746,-0.0222710001201,-0.0451195200690,0.3234309828327,0.0075405398193,-0.1372536382544,0.5271392929740,0.1718330044117,0.1013445451673,-0.0604665800508,-0.3824316901137,-0.1678162849488,-0.3144243238837,0.0141610953419,0.6692134832849,0.5623508220236,-0.2163701902650,0.5676021491866,-0.0229862131817,0.1153820051142,0.1546814249889,0.0054536401219,-0.1530009018666,0.1380637308223,0.3849742599532,-0.2240398846309,-0.4234003163047,0.0362811876831,-0.3499645015069,-0.0423634001560,-0.2621307441191,-0.2859966488012,-0.3673813650880,-0.0098248227074,-0.4402577659166,-0.3957000281117,0.0793081640597,-0.2882149651851,0.0894675597409,-0.2547029435305,-0.2042349847008,0.1610009411441,0.0293734841640,-0.0910190806307
0.1361005351687,-0.0436306054510,0.1982288688942,-0.0172115139163,0.3372789391973,-0.1514203041203,-0.1014200124758,0.0539902239546,-0.0558168703207,0.0026359899904,0.2456064950159,-0.1171971483198,0.2914137115268,-0.0377277974664,0.0387801683446,-0.1678285859398,1.0000000000000,0.1047735983747,-0.0953457629640,-0.0446700180522,0.3045913560553,0.8048927283839,0.3131613409209,0.7150082975207,0.4142006564589,-0.0964531242446,0.1440194192765,0.0664697676868,0.5322495760117,0.2491990440690,0.3729701023691,-0.0129377562815,-0.2925232435322,0.3473188978905,-0.0373917253980,-0.0622652512721,-0.1433088564541,-0.0705938269297,-0.1307754161706,0.2566164832642,-0.1642632980766,-0.1644306321043,0.0437943697374,-0.2259341574174,0.1135139773988,0.1491187760941,-0.1704953731027,0.2012251980066,-0.1412036041828,-0.2106907036437,-0.2346693689957,0.8867142800671,-0.0323617804792,-0.0346705038286,-0.2051549547816,0.2807068047749,0.5806429729494,0.2182578738708,0.3892483786727,0.3125503905883,-0.2428411217391,-0.0704915239645,-0.1121061312674,0.3249389646714,0.0493422628209,-0.0071179283639,-0.0544449229458,-0.2273239899220,0.3742478309074,-0.2349230460402
0.3698616079850,0.4137827231112,0.4745334943470,0.3160363119214,0.0999570147985,-0.3312747888162,0.0328356127506,0.1476489296141,-0.1110184184818,0.2416727749152,0.2483755437193,0.2574644205243,0.2107499016992,0.1475380022521,0.1589276142141,-0.0812078136686,0.1047735983747,1.0000000000000,0.1759456787031,0.7308561661427,0.2818843882357,0.0905858466235,0.2244735225872,0.3482691551459,0.1683475646433,0.2231528208342,0.5928608274737,0.2078492284884,0.2287657454964,0.3308484975233,0.2310613778092,-0.0036620355340,-0.0243260038250,0.2445836911760,0.5497983602447,0.1363715191728,0.1708415316050,-0.0136703489539,0.1287775095180,-0.0170733654340,-0.0655935738802,-0.1579451037541,0.0591359967282,-0.2566633396730,0.1190646784576,0.0333176428529,-0.0829584550398,0.0904601781385,-0.3028760783853,-0.4289588846111,-0.1669021895651,0.1550928693549,0.4151272505491,-0.1483420727253,-0.0658028873045,0.0844119503334,-0.1800148049784,0.1808452564975,0.1116962193322,0.0806717823358,-0.1709745221230,-0.1469782345945,-0.2198115544083,-0.0350723727477,-0.0879966683587,-0.1104104712618,-0.1476709135761,-0.0541981573135,0.0331326159848,0.1100375307225
0.1449373848645,0.1332993254831,0.2714268026513,-0.0400548280318,-0.0274667064695,0.1831389234059,0.2618230594851,-0.2640084731577,0.3788333648809,-0.0926638651827,0.2140508006489,0.4729647907762,0.0115023498551,0.4001443445865,0.5569238490158,0.3275126244862,-0.0953457629640,0.1759456787031,1.0000000000000,0.3835826569490,0.1187225037727,-0.0934689255777,-0.0168649829218,0.0146162013197,-0.1752826906621,-0.0893461606419,0.2412348909777,0.0784784931293,-0.1447702462500,0.3927865170855,-0.1540515726919,0.4219596268198,0.1948253971654,-0.0636029695639,0.2635478249978,0.0246083299733,0.0177232169193,0.0803257345742,0.0839650804057,-0.0535504926899,0.2435235661062,0.0630286775660,-0.1495211485885,0.2466412651627,-0.1667419665019,-0.0076645167463,0.4214891086005,-0.0670497032853,0.2371006843642,0.0076645753163,0.3427774263752,-0.0485615667075,-0.0677379963752,0.3879581925360,-0.0807765651946,-0.0012273915506,-0.1795968848224,0.0257164767367,0.0856908473268,-0.1968444999202,-0.1903242772692,-0.2780254832631,0.0870050678070,-0.2687122398964,-0.0095181335656,-0.1459400759774,-0.4344199272574,-0.0532526873790,-0.0584069776406,-0.0629551518454
0.3393267642729,0.4248233618988,0.2430719990041,0.3228395407266,-0.0551712649981,-0.2811875562089,0.0104481807338,-0.0157596884635,-0.0678874132285,0.0081762588209,0.1862467184392,0.5027567243344,0.0637866639962,0.2368887269604,0.1886201826839,-0.0733656175216,-0.0446700180522,0.7308561661427,0.3835826569490,1.0000000000000,0.0836055971334,-0.0720984771269,0.1761293980696,0.1334618287582,-0.1071227771248,0.3190331023868,0.5815182649186,0.1872232255974,0.0341319446240,0.3929970802087,0.0954726332225,-0.0312167155050,0.0155898826165,0.1922071391775,0.5812952906194,0.2952206536668,0.2897470165526,-0.0313252436545,0.1257648316392,-0.0958254860996,-0.0582112036881,-0.1689287656078,-0.0776070816832,-0.1986321417086,-0.1318206857159,-0.0667134303878,0.1371278499858,-0.0751654963348,-0.2673587732889,-0.3726668533215,-0.2568005379189,0.0823936581976,0.3804098429311,0.0145213091438,0.1975504143304,-0.0871810080589,-0.2690824119213,0.1422902545273,-0.0177711587787,-0.1321424133718,-0.0414145393404,-0.1108668394293,-0.0540087663857,-0.1227321382162,0.0016163025757,-0.0518394044939,-0.1291999599997,-0.0374733090110,-0.0481668078011,0.2492495854516
0.3373638645090,0.1059763199621,0.2846130241603,0.0170360800898,0.7601609017155,-0.2660326753572,0.3558478052477,-0.1491390332765,-0.0169230733198,0.4312483802402,0.6996447509009,-0.0146141010968,0.8421332551933,-0.0555664480396,0.2115226303742,0.0541950744557,0.3045913560553,0.2818843882357,0.1187225037727,0.0836055971334,1.0000000000000,0.4496406285442,0.2854234851836,0.4630738583087,0.5076098263922,-0.3101514306196,0.1319511488039,-0.2996255733780,0.4611837886181,0.3446676271836,0.2080314343121,0.1824468519998,-0.2057246253819,0.2735870519299,0.2354453180426,-0.0895962708352,-0.0817474291798,-0.3046550013614,0.0461001367021,0.6488762021250,0.0381520134537,0.2050896183178,0.0192934446278,-0.1802412269524,0.4896023576971,0.6216263687364,-0.2461489888311,0.7725160203462,-0.0576643201139,-0.4964927502542,0.2375009650603,0.2837010637973,-0.0477890858459,-0.1800537707620,-0.4141180936707,0.8117657534110,0.0293626692229,0.3140435123124,0.2504581610148,0.4340887581908,-0.5097879853526,-0.4688103458555,-0.5533110088432,0.1781429297251,-0.1846847700345,-0.1373507807132,-0.2684889259321,-0.2300361842815,0.2260241530434,-0.2983376658716
0.1147553136909,0.0489672832299,0.2064039101856,0.0325172923711,0.4676856758729,-0.1167401114742,0.0388876244880,0.0319036845525,-0.0094720683758,0.0264101208218,0.3430964178178,-0.0796627299354,0.4112142983539,-0.0083534077154,0.0787113361910,-0.0422660213162,0.8048927283839,0.0905858466235,-0.0934689255777,-0.0720984771269,0.4496406285442,1.0000000000000,0.2631490241732,0.8383268852687,0.3953735139896,-0.0920905443312,0.1434981058327,0.0298569910794,0.6157432274647,0.3379405445555,0.5546501955388,0.0288248175982,-0.2411978294012,0.4436853054814,0.0486722949278,-0.1206906484093,-0.1396577717295,-0.2308321018296,-0.0912076495501,0.4004941665415,-0.0183365114315,-0.0078566474660,0.0186088979962,-0.1500712895255,0.1460796029324,0.2666347349674,-0.1563437967557,0.3568402712989,-0.1300810714164,-0.2821708312835,-0.1455915505059,0.6462038313782,-0.0958945581095,-0.0513680476450,-0.3130123978969,0.4078967748479,0.5375950738277,0.1771410933010,0.3444099080540,0.3153146896923,-0.3333793651326,-0.2007312973600,-0.1537930683455,0.3915112855167,0.0887193458868,0.0224348116506,-0.0902133969184,-0.1508429056039,0.3816431354574,-0.2280372173927
0.2128334946158,0.4557019335638,0.2453772501314,0.4579268403689,0.1460054766771,-0.4466564787312,-0.0634660493829,0.0672700001349,-0.1878306469403,0.3361031911197,0.2327059449403,0.0495605601830,0.2128333450231,0.0988672901766,-0.0058078072368,-0.1977180497074,0.3131613409209,0.2244735225872,-0.0168649829218,0.1761293980696,0.2854234851836,0.2631490241732,1.0000000000000,0.4087181098123,0.3383709142349,0.1527373565869,0.1844596902848,0.0686486993125,0.2473301660009,0.2946911638571,0.2681951515782,-0.0607729151920,-0.2568561207867,0.2747451060541,0.3510368503755,0.2598016901838,0.4029043381667,-0.1030264473494,0.3159678150207,0.0954054344325,-0.1793458047604,-0.1364270208006,0.0507662372839,-0.3519502506563,0.3343292214645,0.0795952040938,-0.0612459977482,0.1351641606619,-0.1995514929687,-0.4140953456553,-0.1376769699743,0.3342801139387,0.1218610326724,-0.1638734164930,-0.1104996591248,0.1008764822844,0.0413541540325,0.8497066911810,0.1865026090409,0.3168756295055,-0.0799258551943,-0.1500726460526,-0.1876214641512,0.1101727281693,0.0654612691114,0.0549631699490,-0.1024973721810,-0.0526229339451,0.3315355622045,0.1140799571747
0.1953501896389,0.2381517258705,0.3717930405546,0.2037150657840,0.3923048478754,-0.1647975183098,0.1079590185153,-0.0040738854534,-0.0016330260088,0.1688313103851,0.4247399084578,-0.0078471795222,0.4374882563435,0.0559805874863,0.1717189548879,-0.0338738831717,0.7150082975207,0.3482691551459,0.0146162013197,0.1334618287582,0.4630738583087,0.8383268852687,0.4087181098123,1.0000000000000,0.4020463404164,-0.0767475113451,0.2315458192097,0.1179281351731,0.5520676368053,0.4255280614469,0.4155538017862,0.0427570018780,-0.1878023735344,0.4134947068401,0.2279415373476,-0.0191078988743,0.0230428283811,-0.1112657571279,0.0776895114761,0.2913261823333,0.0319360288788,-0.0117643540148,0.0001368163732,-0.1704952463975,0.2418100055046,0.2315187625621,-0.1450373617511,0.3240364335916,-0.1941273187431,-0.3762617439900,-0.0955245582948,0.6138858534117,0.0641154126425,-0.0660482693592,-0.3282320594420,0.3784767805221,0.4314720511219,0.3588986069004,0.4680183464097,0.2657760743210,-0.3989620963855,-0.2644564940527,-0.1426959313020,0.2845054213095,0.0432418558372,-0.0972844061462,-0.1521395715547,-0.0948478599439,0.4237287962610,-0.1706526252402
0.3948167220528,-0.1103494865672,0.3131952869407,0.1859622742965,0.6201417424227,-0.2013664590516,0.1906721010775,0.4981570949271,0.0703077015776,0.6669582022519,0.3514215929581,-0.1797854937072,0.5077768095555,0.1270533356072,0.2706277951893,0.0263156560917,0.4142006564589,0.1683475646433,-0.1752826906621,-0.1071227771248,0.5076098263922,0.3953735139896,0.3383709142349,0.4020463404164,1.0000000000000,0.0120751334108,0.1173744974758,-0.0807696202948,0.6320423958616,0.2744306858185,0.1926981606432,0.0252293825724,-0.2181705923229,0.2611851519266,-0.1292945038510,-0.1894530743091,-0.2772533496605,-0.2948561878788,-0.1259925762868,0.5027016131617,0.0094550380494,0.0830631385857,0.3074990917497,-0.1938320309986,0.6290612002234,0.2519326551126,-0.3096732956071,0.4399220880084,-0.2457812003891,-0.2374121406356,-0.1266716889707,0.2827966358937,-0.2536463867078,-0.2684042188103,-0.5081453755569,0.4692294393880,0.0842557977836,0.2016749077244,-0.0510591748687,0.8299599321693,-0.3877314939925,-0.2838008840052,-0.3780126294515,0.2963379921665,-0.2044374298665,-0.3738533749745,0.0085744553968,-0.1139119789586,0.2776652002965,-0.5018918705789
0.3108170592662,0.3772824291459,0.1558599646513,0.6113574888078,-0.2360016958530,-0.1121065655329,-0.1047817837060,0.3912876169644,-0.0163376048323,0.0892517646156,-0.1444199830265,0.3379016823571,-0.2929492037577,0.5977114039400,0.0909835793211,-0.0172483585357,-0.0964531242446,0.2231528208342,-0.0893461606419,0.3190331023868,-0.3101514306196,-0.0920905443312,0.1527373565869,-0.0767475113451,0.0120751334108,1.0000000000000,0.5248791757795,0.5430016173532,0.0192850519247,0.1630279273246,0.1500888378069,-0.1549454979163,0.1414846057375,0.1574984991579,0.2546820730602,0.1401297461084,0.2105611579844,-0.1640069148947,0.1307776233295,-0.3077470816289,0.1034835663235,-0.0599575100954,0.0669067415228,0.0689050567869,-0.0805077007325,-0.3150554537166,0.3067394984135,-0.3803995059427,-0.2690087401137,-0.0682164349026,-0.4582793034765,-0.0675595598264,-0.0860133167040,-0.2760195597627,-0.1342179434474,-0.3921602571460,-0.3368452342513,0.0033092762101,-0.4532838070671,0.0702737576902,0.3438560414411,-0.0402143630837,0.2693110051678,-0.1491224292206,-0.0508501588145,-0.0986021854602,0.0862360701971,0.1565706655887,-0.0768413987401,0.2166253799532
0.4136092011969,0.4885325450306,0.5058676377664,0.4463797401259,0.0271400321692,-0.1578129229528,0.0466275477553,0.1680187250503,0.0377939555406,0.0341756401929,0.2148581832641,0.4662194816868,0.0680120171557,0.3874955312277,0.1864669161718,-0.0204923125746,0.1440194192765,0.5928608274737,0.2412348909777,0.5815182649186,0.1319511488039,0.1434981058327,0.1844596902848,0.2315458192097,0.1173744974758,0.5248791757795,1.0000000000000,0.4045332813983,0.2969711051026,0.2840563193366,0.3978923998980,0.1300120669314,0.1181062946729,0.1634137947387,0.4565374495289,0.0426144510782,0.1482824688941,-0.1707315899213,0.1104107514654,-0.0885060234988,0.1223034847585,-0.0008853363152,0.0226334323027,0.0645164314870,-0.0968768374607,-0.0420399319617,0.1900586900227,-0.0717222516201,-0.1724700533060,-0.3186022878229,-0.1791660528316,0.1203080082368,0.0811956121977,-0.0998398322063,-0.2462975355267,-0.0400244096718,-0.3543081906238,0.0914027472620,-0.1713274107604,0.0346851901705,-0.0272474381117,-0.1743068413949,-0.0773046122570,-0.0575375830616,-0.1191843875625,-0.1569961478147,-0.2205111253328,-0.0703569373956,-0.0655452974590,0.0108686449996
-0.0333845190097,0.1772193548452,0.4912287066547,0.3887015008294,-0.2861428075027,0.0719872574778,-0.2423701405264,0.3482043649195,-0.0434444792305,-0.0523251441113,-0.2702515607626,0.2285623305643,-0.3839495819803,0.4674692012352,-0.0079164237203,-0.0222710001201,0.0664697676868,0.2078492284884,0.0784784931293,0.1872232255974,-0.2996255733780,0.0298569910794,0.0686486993125,0.1179281351731,-0.0807696202948,0.5430016173532,0.4045332813983,1.0000000000000,0.0152061370902,-0.0610653695317,0.0709696339704,0.0884920108518,0.0486203534855,-0.0055053307798,-0.0661541602821,-0.2081484040456,0.0969607778513,0.2527509779545,0.1640815872956,-0.3527937498440,0.1077954420498,-0.2202839831231,0.0173826086754,0.1539408551901,-0.1639601633025,-0.3977264417930,0.3425669535129,-0.4136023859494,0.0017019507571,0.0920734224952,-0.2440291016290,0.1343559840011,-0.0458495199023,0.0677923513934,-0.0437377296153,-0.2960608730005,0.0001860744310,-0.0313452769904,-0.0659640931037,-0.0899829584950,0.2839926225255,0.1403934894484,0.6551715369460,-0.0524037426701,-0.0887869194982,-0.0823136337592,-0.0101974065430,0.1297637214427,-0.1691991105546,-0.0335620691353
0.1834804406586,0.0027495376200,0.2790282242498,0.1349836464126,0.5658606990291,-0.2162851034666,0.1354026218163,0.2770275523592,-0.0097036224926,0.1802448722062,0.4094236895249,0.0019768690802,0.4254604135899,0.0080115725031,0.0481285635637,-0.0451195200690,0.5322495760117,0.2287657454964,-0.1447702462500,0.0341319446240,0.4611837886181,0.6157432274647,0.2473301660009,0.5520676368053,0.6320423958616,0.0192850519247,0.2969711051026,0.0152061370902,1.0000000000000,0.2142681289477,0.5050184642825,-0.0083743881724,-0.2758446174828,0.1936392838152,-0.0041737328818,-0.2141445682908,-0.2107909290525,-0.3622912622993,-0.1086888058850,0.4761437077058,-0.0492192787847,0.0224746468947,0.0563599983722,-0.2410007669353,0.1652882983207,0.3596996437590,-0.1915867509137,0.3670708262094,-0.2704927031582,-0.4208913131779,-0.1927667904871,0.4124448613179,-0.1253551621882,-0.2412670525612,-0.3770991221144,0.3762624410845,0.1635423040247,0.1036484773611,0.0783407836044,0.4238982979449,-0.3484703176983,-0.2924711957198,-0.3712366899623,0.6208086724597,-0.1631854250837,-0.1779357305374,-0.0336633939401,-0.1395586080816,0.0556893249160,-0.3388283190501
0.5637922819326,0.3574217370822,0.1540276197080,0.2966651882871,0.3288491100551,-0.0579797881909,0.4240019657358,-0.0383675859894,0.3198106589611,0.2132512541685,0.5042894897544,0.4172099708748,0.3705993998887,0.4040241047781,0.7059116911395,0.3234309828327,0.2491990440690,0.3308484975233,0.3927865170855,0.3929970802087,0.3446676271836,0.3379405445555,0.2946911638571,0.4255280614469,0.2744306858185,0.1630279273246,0.2840563193366,-0.0610653695317,0.2142681289477,1.0000000000000,0.2069128671731,0.0102785616713,0.1053528817003,0.5250259652838,0.5303486368126,0.2732844475831,0.0084547357478,-0.2813450652686,-0.0944596964811,0.2071862261216,0.3118642209851,0.2138534545129,-0.0561757084228,0.0893143641460,0.2028431024313,0.1563500894535,0.1103479055276,0.1930045346674,-0.2274552029987,-0.2415469407557,0.0151747245886,0.2229626802697,-0.1190636655390,-0.0655218582420,-0.3906029201957,0.1407924477871,-0.0928875600023,0.2249308500794,-0.0124917079642,0.2456005201806,-0.5066430318683,-0.5566691899765,-0.1726457560007,-0.0849563432558,0.2953131515055,-0.2036037446108,-0.2509279342547,0.0402509710156,0.4578157596691,-0.0036025990552
0.1955883961335,0.1731793404692,0.2542009012841,0.1577764470537,0.1657439746386,-0.1123194744200,0.0485557617277,0.3055236707217,0.0601036556374,-0.0956913011423,0.1424690679769,0.2309553074950,0.1384807115959,-0.0963401553000,-0.0540947765960,0.0075405398193,0.3729701023691,0.2310613778092,-0.1540515726919,0.0954726332225,0.2080314343121,0.5546501955388,0.2681951515782,0.4155538017862,0.1926981606432,0.1500888378069,0.3978923998980,0.0709696339704,0.5050184642825,0.2069128671731,1.0000000000000,-0.1824149827356,-0.0567577201410,0.3038992960744,0.2171902904315,-0.0293484268814,-0.0686082778333,-0.2649521300170,-0.1131981025304,0.1033974755010,-0.0594798950246,0.0070406643451,0.0808801323203,-0.1325128333469,-0.0596052228357,0.0724265787956,-0.1813685626193,0.0605067945010,-0.2822937100133,-0.3068706583468,-0.2270309715065,0.2306065176959,-0.0472352859738,-0.1576356488908,-0.2065326100490,0.0681828998602,0.0102465360330,0.1121877645153,-0.1165911588528,0.1466053261447,-0.1654457446119,-0.1685592765008,-0.2034062619038,0.2788122576304,0.0745763264816,0.2142666445347,-0.0058165633888,-0.1174647158229,0.1320918829021,0.0196583175620
-0.0698485203576,0.1196953900753,0.1960775258176,-0.1099957532245,0.0695642808897,0.0386399132470,-0.0284360117505,-0.1641499237064,-0.0150448927611,0.0900634723550,0.1296404017349,-0.0470341391777,0.0589070883754,0.2312706334543,0.1876457416302,-0.1372536382544,-0.0129377562815,-0.0036620355340,0.4219596268198,-0.0312167155050,0.1824468519998,0.0288248175982,-0.0607729151920,0.0427570018780,0.0252293825724,-0.1549454979163,0.1300120669314,0.0884920108518,-0.0083743881724,0.0102785616713,-0.1824149827356,1.0000000000000,0.0393792937048,-0.2055652143080,0.0059318799374,-0.2718826638095,0.1051035011720,0.0646865746508,0.2860501535291,0.0461399972276,0.1017873947989,-0.0525656981729,0.0998239953188,0.1581349808785,0.1157987597758,0.0113131516742,0.1381382928067,0.0949426324517,0.4945873944590,0.0502861853674,0.3818137777254,-0.0469233016022,-0.0643629263220,0.0924170190448,-0.1892263820685,0.2027801081260,-0.0387157159141,0.0463008526756,0.2820868390671,0.0312233084633,0.0790236952139,-0.0439861489791,0.0850769388243,0.0328108511822,-0.3173540194593,-0.1554874614056,-0.0028738855514,-0.0655335057737,-0.1269944182815,-0.2690484460664
0.0561288058104,0.1105359390186,0.0246320768633,0.1079223396734,-0.1984064290308,0.6047819407618,0.4158650332056,-0.0567059683409,0.5446691567683,-0.0089271829573,-0.0177870187718,0.2610873299017,-0.1296890778025,0.1818583687081,0.3259432871416,0.5271392929740,-0.2925232435322,-0.0243260038250,0.1948253971654,0.0155898826165,-0.2057246253819,-0.2411978294012,-0.2568561207867,-0.1878023735344,-0.2181705923229,0.1414846057375,0.1181062946729,0.0486203534855,-0.2758446174828,0.1053528817003,-0.0567577201410,0.0393792937048,1.0000000000000,-0.1928289275057,0.1409454328166,0.0387021215389,-0.1168122218647,-0.0470149264421,-0.0746709051231,-0.2524168256675,0.4459140968337,0.4070303800731,-0.1560162972877,0.5358098619768,-0.1155428630192,-0.1698257537314,0.1913435183918,-0.2015948525449,0.0739363236280,0.2713826732126,0.3050491721963,-0.3364389437589,-0.1548070326504,0.0053258533102,-0.1585811154612,-0.2687467604145,-0.3984174906916,-0.2545057176003,-0.3176673341221,-0.2154351632673,-0.1051854776137,-0.1956792342992,0.1356094878078,-0.3531354319359,-0.0349935277841,-0.2101974055225,-0.0631239630421,0.1855706792394,-0.1954924865867,0.0747971404451
0.4034950880508,0.2239812496496,0.0453191428617,0.2248141184269,0.2985989261205,-0.1938446545931,0.1844371429258,0.1153637783285,0.0510063431607,0.1101103598840,0.2984475569750,0.1298305278061,0.2935599697153,0.1296077885743,0.2317719595366,0.1718330044117,0.3473188978905,0.2445836911760,-0.0636029695639,0.1922071391775,0.2735870519299,0.4436853054814,0.2747451060541,0.4134947068401,0.2611851519266,0.1574984991579,0.1634137947387,-0.0055053307798,0.1936392838152,0.5250259652838,0.3038992960744,-0.2055652143080,-0.1928289275057,1.0000000000000,0.3568988080595,0.1909842408864,0.0562122398333,-0.2513732942966,-0.1402802835242,0.2182273963044,0.1047201118582,0.1058348280039,0.0196937096777,-0.1228498770845,0.1319481150664,0.1841911316596,-0.1288299984252,0.1888355701285,-0.3925889562794,-0.2251110253614,-0.2299484476531,0.3179708914136,-0.0565138973141,-0.1822962905496,-0.2169196551890,0.2203359052811,0.1378794985712,0.1727570077518,-0.0271220278538,0.2861639966911,-0.2737671473284,-0.2438722340436,-0.1217560022787,0.0066201461705,0.2637700084165,-0.0155805170271,0.0031010748592,-0.0285396671786,0.6260510204553,0.0908290635290
