1.0000000000000,0.2056858339010,0.4409260225733,0.5051147085708,0.2557434126585,0.0299264444275,0.2607323087349,0.4281832444173,0.2983157746980,0.4427033607748,0.1288420562692,0.2385997989459,0.1115671431859,0.2585983429498,0.7093573025018,0.4546629667900,0.0045409326467,0.6189829906077,0.4580123612215,0.6706574267954,0.4134197779012,0.0028205551667,0.2982928965147,0.1524893935882,0.4297149615444,0.4628662569244,0.3144070156181,0.3457689559078,0.1185442683237,0.4839303759619,0.1558702565263,0.0571663879570,0.1885985426134,0.2672630663604,0.3358865541195,0.2507812850141,0.2020319110513,0.0890397854087,0.4335899588510,0.1384640004901,0.2115429456282,-0.1208896549148,0.1019115521373,0.0065741382637,0.3473361085328,-0.2340623216705,0.1550218878383,0.0606502160231,0.1521628807013,0.2396865673996,0.3123053603230,-0.0152409085004,0.2989430923778,0.1081955022892,0.4132828957333,0.3051792639342,-0.1556966535886,0.1391229216565,-0.1273193155627,0.3300064468823,0.3263576357381,-0.1514753559392,0.1452063565213,-0.1643997133859,-0.0084932599985,-0.2418620258051,0.1975467699169,0.3611840971633,0.0603059849957,0.2295141312464
0.2056858339010,1.0000000000000,0.2431399018470,0.6821393649670,0.3481433358879,-0.2360605003259,0.0075589618650,0.0689727235985,-0.1089115433288,0.0281383173532,0.1581372311313,0.2680587538653,0.1728704551393,-0.1060404092526,0.1123081262464,0.2714002637190,0.3274689756218,0.2727137851136,0.1010609947383,0.3843643214030,0.3510238795505,0.4083106162958,0.7400084800149,0.5233230350195,0.3895283586034,0.3885008456372,0.2689498049168,0.3813931542915,0.4148140194659,0.4456324389339,0.3231551935747,0.0149189437197,0.0398284972031,0.5560453165613,0.6130283922328,0.1134078424040,0.6836278339965,0.0469595860181,0.6086078308532,0.2476564186739,-0.1116294547800,-0.1988735228375,-0.2483755451567,-0.3044518029658,0.0991730077715,-0.1971196113291,0.0625688744986,0.1067186991074,-0.2428269254120,-0.2754603203325,0.1799842436511,0.3960175431476,0.4794970557094,-0.1258705940726,0.3207605979030,0.2588163217006,0.2762731010559,0.6849627320856,0.4146198196504,0.3965163972486,0.2340720247708,-0.1391638204014,0.1643078175069,0.0863256496975,0.3378838720734,0.0397927984108,0.1504991372384,0.2207725807610,0.3035041522693,0.6420383374984
0.4409260225733,0.2431399018470,1.0000000000000,0.4811043634088,0.2869735218841,-0.1243556146799,-0.1639990841885,0.5738027264093,-0.0385416326208,0.4492618007681,-0.0460684589690,0.1592751532308,-0.0741448845972,0.0720266407642,0.2649838037492,0.1145734758710,0.2468387720946,0.6845795749339,0.3605232616242,0.4512637787355,0.2293666845077,0.2057579726386,0.3609404495856,0.4236245052105,0.5696217148222,0.1246270383069,0.5320142539449,0.6652342560120,0.4414219404806,0.1261182956441,0.3467412183908,-0.0357885605301,-0.1055360582609,0.0695184027466,0.0678533325056,-0.1776280921010,0.2763858503225,0.5129604772177,0.3577965832217,0.1341400069766,-0.0726584913442,-0.4530476569246,0.1654953998778,-0.2587214985676,0.3303077360882,-0.3083010821774,-0.0448874133703,-0.0545860565524,-0.0943276280936,-0.0869099650422,-0.0331128530909,0.2526192545176,0.2024163842250,0.0657656575680,0.2125973693718,0.1694962156267,0.1239057858810,0.2145744435968,0.1657848977248,0.3473250054931,0.0595813697541,-0.1215197474516,0.2937717210875,0.1305019945758,-0.1509622305151,-0.0703796253120,0.0166659422187,0.0097983774521,0.0659130950772,-0.0381139792937
0.5051147085708,0.6821393649670,0.4811043634088,1.0000000000000,0.5121779492249,-0.0794270726581,0.0477150765981,0.3276609142615,0.0596011078072,0.5033722424767,0.2104430300906,0.4143208772665,0.2389788211237,0.2029424925308,0.4286439672674,0.4441729691538,0.1707748069785,0.5699757331681,0.3832554879975,0.5674274517886,0.5242040798509,0.2780301770030,0.6414772360081,0.4381889486862,0.5715006330977,0.5790857835460,0.4261943639789,0.4475376372618,0.4162757832779,0.5524960831446,0.3351943950553,0.0170695932502,-0.0035001800765,0.3517173640242,0.5191128811925,-0.0190266082294,0.5899816174258,0.1858233642085,0.8721317985348,0.3794095878960,0.0603720154609,-0.2971281507782,-0.0891906071822,-0.1625963157773,0.4656673942023,-0.2885429431589,0.3080816827572,0.2105406137758,0.0545636133084,-0.0128698696707,0.3687350967805,0.2557224220249,0.4210004157875,0.2036027184665,0.4010048452656,0.4310716358465,0.0775647371697,0.4713253283246,0.2164539007553,0.6091140523519,0.3807953339868,-0.1027799060416,0.1877293132932,0.0199931982339,0.2835330040703,-0.0824368566274,0.1475204762696,0.3155328548007,0.2315963662585,0.5231383639362
0.2557434126585,0.3481433358879,0.2869735218841,0.5121779492249,1.0000000000000,0.0426065642106,0.3437224079007,-0.0047851534607,0.1696555088144,0.4039575254963,0.5045324139573,0.3417236043186,0.6243950395578,0.3321149031408,0.3334303408209,0.2315651126021,0.2678941548366,0.3941416987041,0.3769365342491,0.4667301613146,0.5142350876496,0.5008995177008,0.3747025619687,0.4721187027481,0.3604308359223,0.2181840875092,0.2702049923414,0.2571275988406,0.4194424026201,0.5643473409064,0.2916404367092,0.0524915125371,-0.0696852547747,0.4075446980393,0.3357556844590,-0.2147691621985,0.0663637984693,-0.0712846290701,0.3595554630054,0.8567302297165,0.2540509212907,0.1530392713595,-0.3827105877389,-0.0033945704955,0.2711517731822,0.1253142013156,0.2042811785627,0.4926498916428,0.0831781260814,-0.1363741381140,0.3568092848735,0.3806010813066,0.0570974569115,0.1403410593087,0.0391745371614,0.3383443882768,0.2125381296751,0.2272177598285,0.3580046441271,0.5615868851970,-0.0485498036611,-0.2005958918311,-0.1077012889966,0.0061640359079,0.3598623819202,-0.1862129144987,-0.0328265092680,0.2455340183157,0.3342365499391,0.2883551781257
0.0299264444275,-0.2360605003259,-0.1243556146799,-0.0794270726581,0.0426065642106,1.0000000000000,0.4979113460273,-0.0450575528562,0.5919958776875,-0.0305544567818,0.2251333305639,0.2232361464951,0.0089127566162,0.3462204890739,0.2895732482676,0.3165193575967,-0.1748841841856,-0.0104708634953,0.1191261675678,0.0303213532493,0.0728154285839,-0.0842562525785,-0.2898074910118,-0.1067924773244,-0.1477717430188,0.1023717223419,0.1807439434535,-0.0178916932239,-0.2459515280025,0.1590783004369,-0.0488597222079,-0.0254846591844,0.3858858738382,0.0838663863780,0.0721850084568,-0.1358499968976,-0.2352415532165,-0.1092599266365,-0.0120599857478,-0.0041797481790,0.6964131470989,0.2756697798874,-0.0864554437942,0.4809093910389,-0.1320514675980,0.0939167975596,0.3963912795415,0.0399001329940,0.3653217968947,0.2511124303955,0.3681218447085,-0.1720621687075,-0.1914917752887,0.4190829580931,-0.0654726642234,-0.0803497978010,-0.2311697358177,-0.3692982670492,-0.2450096648832,-0.0250938073336,0.1640201205918,0.2654144923036,0.0668286790571,-0.2572005855543,-0.0628818387496,-0.1597829157222,-0.2587355179190,0.1790421641556,0.0421077600813,-0.0501822674707
0.2607323087349,0.0075589618650,-0.1639990841885,0.0477150765981,0.3437224079007,0.4979113460273,1.0000000000000,-0.1405034736245,0.8041432865093,-0.0033569886567,0.6124157890129,0.3482505833463,0.3676922114755,0.3680107235415,0.6014512868964,0.5085815685428,-0.0881756363054,0.0660199601873,0.2993537909552,0.2945963636928,0.2051466575874,0.1027770019077,-0.0273435512894,0.0266830097465,-0.1483896680256,0.1434569217664,0.2100615415952,-0.1033295046694,-0.0959096738716,0.4520959896022,0.0512384544380,0.2036251958559,0.3958096316159,0.2877402349633,0.2715484021577,-0.0681800234896,-0.2273432226057,-0.3204603475042,0.0306064704067,0.2783692207176,0.6553608675995,0.6506663935553,-0.3244871612527,0.5925612019308,-0.1952371492965,0.3445963311564,0.3055689896764,0.1767635432029,0.2713050275082,0.2123681477208,0.4916188997160,-0.0495909897451,-0.0725475817534,0.2454370939627,0.0040949397519,-0.0626175304796,-0.1142326127717,-0.1282642658284,-0.0729860114008,0.0279835482089,0.0568839143757,0.1275849314469,-0.1622745828058,-0.2479535173003,0.1408776992535,-0.2153915991221,0.0695616324399,0.3852630536280,0.1000323289894,0.2153325435427
0.4281832444173,0.0689727235985,0.5738027264093,0.3276609142615,-0.0047851534607,-0.0450575528562,-0.1405034736245,1.0000000000000,-0.0417446717990,0.3616637757343,0.1024626819138,0.0706911718585,-0.3517044523976,-0.0642505546890,0.4053339603813,0.1816829286599,-0.1037595221055,0.4193144713265,0.1560541213115,0.1827016867319,-0.0681895808169,0.0211433205703,0.1740475303029,0.0976039426954,0.3926669370792,0.2338072259363,0.3719206471923,0.5462086735062,0.5195946525810,0.0470118094411,0.4015450662892,0.3952567105388,0.1504341223380,-0.0861976050409,-0.0932653802534,-0.0119125179055,0.2584421212911,0.3665914897759,0.3074320744042,-0.0091499693635,-0.1829044686955,-0.4567557709361,0.6200755096854,-0.1730780790456,0.2406506935137,-0.0499237578906,-0.0537272714653,-0.2152524011721,0.0668588465971,0.1880063193539,-0.0724250840115,0.0688010452815,0.1844353790697,-0.0036324112132,0.2985864840184,-0.0630767332809,-0.1042061903486,0.0792185105071,-0.1120127504675,0.3457125406382,0.2760110932739,0.2351638209648,0.4431899599718,0.4888627170587,-0.1716383317745,0.0683231569078,0.4155288837167,0.0268183597454,-0.0921710094732,-0.1083707387272
0.2983157746980,-0.1089115433288,-0.0385416326208,0.0596011078072,0.1696555088144,0.5919958776875,0.8041432865093,-0.0417446717990,1.0000000000000,0.0206497325507,0.5612633546056,0.4457864957992,0.1800027536903,0.4689109649251,0.6965874027115,0.5120706923435,-0.1628134654108,0.1519081976561,0.4611879893346,0.3564098024430,0.1726940881730,0.0015221946672,-0.1780100871638,0.0018751133456,-0.1232237298954,0.1688033178126,0.3820195425296,-0.0615595583917,-0.1337914754250,0.3843614602708,0.0628654532516,0.0675548261875,0.3683014279730,0.1515961842741,0.1431315797033,-0.1823310037963,-0.3321723691980,-0.1948843200432,-0.0115422349985,0.0763653302796,0.6967400201876,0.4351214374209,-0.2857823541572,0.7295247204233,-0.1541501842395,0.1946084855107,0.3773674785080,0.0749102674856,0.3183666307075,0.2755448225398,0.4978156872621,-0.2161979801586,-0.1142641591426,0.3754198728984,-0.0667827986207,-0.0639801122931,-0.2554755213440,-0.3190717974913,-0.2163705537165,-0.0103480790901,0.0312691853762,0.1255142318436,-0.1647580241391,-0.2949481425210,-0.1303531605883,-0.3034955118088,-0.0571265362870,0.3166838327593,-0.0462262983871,0.0242403975325
0.4427033607748,0.0281383173532,0.4492618007681,0.5033722424767,0.4039575254963,-0.0305544567818,-0.0033569886567,0.3616637757343,0.0206497325507,1.0000000000000,0.0200000261961,0.1632798714053,0.2769297993260,0.4152610625094,0.3768764890045,0.3171281637188,-0.0341167369607,0.4369372065840,0.3085312852184,0.2973945032663,0.3689104253982,0.0076747641115,0.2191634523031,0.0684826216987,0.5676781016152,0.3408063032687,0.1393920054569,0.2241511575696,0.1929135081040,0.2737611017054,0.1298842859493,0.0503435807864,-0.0976855721677,0.0850186811194,0.0721349913619,-0.1338872875704,0.0649955516311,0.1507567230305,0.4290108968869,0.3417411046071,0.1069649135357,-0.1160955392556,0.1798144148168,-0.0554556852542,0.8339957741304,-0.1838780084878,0.1932571243279,0.3342199673848,0.3678616236684,0.2779560483125,0.3201803997352,0.0096507721700,-0.0485890650705,0.2012962066614,0.0747099763194,0.3897337228602,-0.0719564137804,0.0982720014879,-0.0530492960041,0.5101880041635,0.1489156813714,-0.2102129135184,-0.0144370998858,-0.0217894493778,0.1659891078684,-0.1008652038357,0.0456966214132,0.2623068308377,0.1537950590979,0.0599036328712
0.1288420562692,0.1581372311313,-0.0460684589690,0.2104430300906,0.5045324139573,0.2251333305639,0.6124157890129,0.1024626819138,0.5612633546056,0.0200000261961,1.0000000000000,0.2450432020418,0.3884713672521,0.2353477879886,0.5799006116081,0.3371642180859,0.0732037219721,0.1342119792055,0.1824294347534,0.2648556092683,0.0786740440396,0.4292681679501,0.0675129829393,0.3137925582744,-0.0684822019557,0.2185873634404,0.2401195578119,0.0650849688053,0.2872482196273,0.5636133630925,0.3377397723726,0.4166783969386,0.2365032603598,0.3624857413388,0.1604308239617,-0.1197883695959,-0.0448903997084,-0.2706606880015,0.1291678713180,0.5791269143666,0.3749057435603,0.3913890185995,-0.2467658063945,0.4400074583587,-0.1487527128071,0.6376198896031,0.1140811363760,0.2913029462229,0.2171336739984,0.0883421816379,0.3878040346833,0.2047418262197,0.0410405350145,0.0420678034603,0.0208142463723,-0.1244555338209,0.1000837939407,-0.0299875976589,0.2120798823878,0.2613094179859,0.0210444778936,0.1901051577678,-0.0881907106934,0.1758745791575,0.2716883884973,-0.0821209965520,0.3095451525022,0.2293399832697,0.2610695740956,0.2094289145362
0.2385997989459,0.2680587538653,0.1592751532308,0.4143208772665,0.3417236043186,0.2232361464951,0.3482505833463,0.0706911718585,0.4457864957992,0.1632798714053,0.2450432020418,1.0000000000000,0.0784784559900,0.5950531372145,0.4456055570520,0.5026427651720,0.0030057646760,0.1991264898457,0.6809592953324,0.4879795980015,0.2884107785097,0.1937654001445,0.2446182086390,0.2460973528040,0.0252265927679,0.3999022976178,0.5232518887021,0.3400779940559,0.1223847121877,0.3911463677982,0.0942221865252,-0.0615032492754,0.1206815730027,0.1587878166024,0.3371976762381,-0.3158456135998,-0.0331413916763,-0.0866671038853,0.3317150765708,0.1880358768609,0.3736329701473,0.0533755053231,-0.3478015754777,0.2583272748346,0.1075021300651,-0.2081963527945,0.7188378049365,0.0042814025568,0.3757357767621,0.1166185598836,0.4489200698012,0.0649657925304,-0.1064059993595,0.5601473752129,0.1516947638570,0.0774952913780,0.0046676574613,0.0573159611568,0.0244489770879,0.1171019331056,0.1679828845037,-0.0455927609432,0.0318721651784,-0.2222467345395,0.0921180713468,-0.3333462728936,-0.2967692193719,0.3263070367574,-0.0509196439105,0.2651681701656
0.1115671431859,0.1728704551393,-0.0741448845972,0.2389788211237,0.6243950395578,0.0089127566162,0.3676922114755,-0.3517044523976,0.1800027536903,0.2769297993260,0.3884713672521,0.0784784559900,1.0000000000000,0.2731280126378,0.1758485171489,0.1972370822976,0.1924513989526,0.1816347811190,0.1013747112784,0.3323890672266,0.5704485470035,0.3542148155057,0.0472537089230,0.2467235104574,0.1123655324936,0.0695289467840,-0.0916068418770,-0.1581930816439,0.1136112913986,0.5020145858274,0.0351806411063,0.0771938599644,0.0880091950663,0.3979219661136,0.2506392196975,-0.0847367586584,-0.1002648097539,-0.3660047570690,0.1180833801932,0.6487074166338,0.1861005422107,0.4700478838309,-0.5211190621737,0.0736478313049,0.2671555842006,0.2056419697878,0.0987923159878,0.8698440986707,0.0467023545859,-0.1170294259911,0.4147762747005,0.1579367272947,-0.0265073194110,-0.0037367177471,-0.1575113498700,0.5429125726243,0.1752408518193,-0.0165357687018,0.2405993887848,0.2325228812844,-0.2026255603285,-0.3749823674939,-0.4577675006967,-0.1506492829757,0.4116034221919,-0.2571060439363,0.0432734238420,0.3191636654074,0.3464815755063,0.2540953777069
0.2585983429498,-0.1060404092526,0.0720266407642,0.2029424925308,0.3321149031408,0.3462204890739,0.3680107235415,-0.0642505546890,0.4689109649251,0.4152610625094,0.2353477879886,0.5950531372145,0.2731280126378,1.0000000000000,0.4521271239909,0.4061423920931,-0.0779814631410,0.1603367897565,0.5373850426496,0.3840358857598,0.3047323445082,0.0401055158357,-0.0819311028484,0.0577404271098,0.0929981652139,0.4390673446208,0.2568838777047,0.1731895509232,-0.1205430276052,0.3176183084445,-0.1540065475849,-0.0572529385635,0.1870919093645,0.0826029248502,0.1336947945045,-0.3233671576064,-0.2894791922795,-0.2953465115558,0.1034080200663,0.1996994953973,0.5181235737978,0.2898646156598,-0.3038758361264,0.3791557572424,0.2853201688496,-0.0000366195432,0.6467565501851,0.1977576314078,0.6431716691135,0.2455870202803,0.4471723242125,-0.1314832296960,-0.3459233416793,0.4934838688707,-0.0710869197010,0.1670581277897,-0.1266116040031,-0.2247666814454,-0.1575550519283,0.0278443306329,0.0792697856711,-0.1953677319169,-0.1297821668532,-0.4205016811556,0.0397221136788,-0.4133128349550,-0.2819064371513,0.3769936777144,0.0378626360698,0.0609314281398
0.7093573025018,0.1123081262464,0.2649838037492,0.4286439672674,0.3334303408209,0.2895732482676,0.6014512868964,0.4053339603813,0.6965874027115,0.3768764890045,0.5799006116081,0.4456055570520,0.1758485171489,0.4521271239909,1.0000000000000,0.6080052442706,-0.1476057420084,0.5183421117540,0.6003923962074,0.6205528581008,0.2703876633682,0.1059938337941,0.1152366699984,0.1491766010138,0.1472691261497,0.4576133483685,0.4330922387312,0.2330187433199,0.1598892921184,0.6447357572382,0.2723970129319,0.3161213970728,0.3467403167637,0.2674476686525,0.2405884020093,0.0002707532532,-0.0042208396900,-0.0998211383878,0.3264539687472,0.2495523538040,0.4869889877975,0.1331337777998,-0.0243534534611,0.4079200421421,0.1746131088743,0.1169822077824,0.3759919368295,0.1591574262230,0.3804687073969,0.3725844921212,0.4908513872081,-0.0898750526862,0.1271105930170,0.3322600557185,0.2695333978666,0.0832733273362,-0.2031409328075,-0.0848269086208,-0.1568486741441,0.2604626457036,0.2351612347061,0.0587667328490,0.0145257660725,-0.0748648339925,0.1095878131607,-0.2700259886269,0.2862277915544,0.5110240653015,0.1015877141496,0.2067325385881
0.4546629667900,0.2714002637190,0.1145734758710,0.4441729691538,0.2315651126021,0.3165193575967,0.5085815685428,0.1816829286599,0.5120706923435,0.3171281637188,0.3371642180859,0.5026427651720,0.1972370822976,0.4061423920931,0.6080052442706,1.0000000000000,0.0302171787774,0.2364795956643,0.3048341838723,0.3960261432354,0.3880715271549,0.2111256903669,0.2809808055419,0.2407106671924,0.2189699120448,0.4190710851520,0.1561819082785,0.1728936251568,0.1158800317335,0.5284098315219,0.1607273555405,0.1190340747085,0.3138869300311,0.3852229468179,0.4611799894546,-0.0606090859920,0.1855127049305,-0.1688579394043,0.4660760261783,0.1657032218994,0.4457373356990,0.1643044302940,-0.0892842297074,0.2759310432941,0.2893514504849,-0.0994832619856,0.3818442731828,0.1115687840081,0.3671155872327,0.2450185515520,0.7434689104295,0.0571078322756,0.0801594064585,0.2883362210082,0.1865144310373,0.1530175588303,0.0697865545277,0.1696392762168,0.0408954922618,0.2639066581453,0.2999434006104,-0.1384983177415,-0.0017503936247,-0.1207177345573,0.1321091487666,-0.1231837102403,0.0971039241963,0.5133489738089,0.2211919553237,0.3817252488764
0.0045409326467,0.3274689756218,0.2468387720946,0.1707748069785,0.2678941548366,-0.1748841841856,-0.0881756363054,-0.1037595221055,-0.1628134654108,-0.0341167369607,0.0732037219721,0.0030057646760,0.1924513989526,-0.0779814631410,-0.1476057420084,0.0302171787774,1.0000000000000,0.0606227403410,-0.2018862428319,0.0452770056373,-0.0065753689456,0.7439135007501,0.5045293230544,0.7915296793012,0.3642839506492,-0.0925750725523,-0.1034950851838,0.3749280794115,0.4518208211319,0.2473326418442,0.4243395920532,-0.1246832180449,-0.1589447772467,0.2299424799307,0.1345726127372,-0.1046963940587,0.2407528088041,-0.0167317692435,0.0970726851929,0.3464907379056,-0.1090857563988,-0.0188383565345,-0.2483338006238,-0.3436383822432,0.0623210802943,-0.1664943585949,-0.2688227683075,0.0542406169440,-0.1080705808553,-0.3772165780416,0.0234129016386,0.8832016397537,0.1042104831260,-0.2990934104642,-0.1766425347959,-0.1288579065461,0.7359691742716,0.5085093380828,0.7845240232680,0.3161494236624,-0.2243491963551,-0.3434339198910,0.1229199121171,0.2509649382088,0.1887543440597,0.2900561693075,-0.0356572538918,-0.0437551323482,0.3689539933664,0.0609476669717
0.6189829906077,0.2727137851136,0.6845795749339,0.5699757331681,0.3941416987041,-0.0104708634953,0.0660199601873,0.4193144713265,0.1519081976561,0.4369372065840,0.1342119792055,0.1991264898457,0.1816347811190,0.1603367897565,0.5183421117540,0.2364795956643,0.0606227403410,1.0000000000000,0.5084837647540,0.7306991164310,0.4332968560069,0.1332639006296,0.2383817562432,0.3515510103686,0.3773261068253,0.2612205379046,0.4904253677760,0.4514596215289,0.2642503348173,0.4905642209867,0.2737552076637,0.0862357640802,0.1029674011123,0.2476846661035,0.3420046759941,-0.1374249134066,0.2320863055739,0.1576339835255,0.4559470730911,0.2812865592805,0.0967637958261,-0.2893918921919,-0.0257639531896,-0.1349463560721,0.3628894785888,-0.2701597811138,0.1019683042612,0.2361139624884,-0.0994209166897,-0.1434085722725,0.1964507481668,0.0487945541622,0.3767801314039,0.1295066955383,0.2738517099457,0.3302100318305,-0.0172899872707,0.0203075051117,0.0216193817653,0.2921628898969,0.1027375948709,-0.1675019869128,0.0199509486781,-0.0910094187515,0.0244078110972,-0.1862813052022,0.1882332973808,0.2378764036494,0.1843618136297,0.2158949376084
0.4580123612215,0.1010609947383,0.3605232616242,0.3832554879975,0.3769365342491,0.1191261675678,0.2993537909552,0.1560541213115,0.4611879893346,0.3085312852184,0.1824294347534,0.6809592953324,0.1013747112784,0.5373850426496,0.6003923962074,0.3048341838723,-0.2018862428319,0.5084837647540,1.0000000000000,0.7036940739704,0.3721550078127,-0.0701225646180,0.0965107267499,0.0566856346417,0.0456198407241,0.3075737650820,0.6166557191713,0.2728284895396,0.0254616005122,0.3271646281536,-0.0069130201071,-0.1102545551129,0.0823185471932,0.0860196600800,0.2409069307515,-0.2985975647101,-0.1726395491079,0.0727051874829,0.2294968762020,0.1350795999058,0.3265175170375,-0.0630798608107,-0.2632631138267,0.2243193347742,0.1525925146070,-0.2013855018399,0.5523463287025,0.0568592387106,0.1673572063556,0.1018492284196,0.2994915456502,-0.1790406683120,0.0247539091722,0.5750229840001,0.2115143855539,0.2257243902270,-0.2825956505308,-0.1655399807921,-0.2323197164100,0.0679135856422,0.0736282090267,-0.0878327081829,-0.1004676053106,-0.3344059777778,-0.0516435140818,-0.4848542772927,-0.2143864076986,0.3136747868674,-0.1362515572436,0.1645739591170
0.6706574267954,0.3843643214030,0.4512637787355,0.5674274517886,0.4667301613146,0.0303213532493,0.2945963636928,0.1827016867319,0.3564098024430,0.2973945032663,0.2648556092683,0.4879795980015,0.3323890672266,0.3840358857598,0.6205528581008,0.3960261432354,0.0452770056373,0.7306991164310,0.7036940739704,1.0000000000000,0.5837912391737,0.1560642468671,0.2600352882045,0.3144139807541,0.2068467041743,0.4118453133702,0.5364846309514,0.4358691389243,0.1358741262890,0.5589215489272,0.0734108154844,0.0323360468948,0.1865438457167,0.4032108807137,0.4718381852475,-0.1165741756631,0.0923011614448,-0.0518762761763,0.4097383881473,0.2870793958052,0.2191651906831,-0.0927434806856,-0.3512019181819,-0.0088877657193,0.2007561750778,-0.2370157957845,0.3301364954188,0.2644105504660,-0.0278208164373,-0.1058457735705,0.3822574404181,0.0019700968846,0.2676113373876,0.3201042414474,0.3816435317642,0.4394319387283,-0.0760100218060,0.0231117634590,-0.0329096050669,0.1408548004288,0.1299604743114,-0.2397623692264,-0.0674771117810,-0.3219612817605,0.0172111954221,-0.4883055655155,0.0613602250974,0.3643725477010,0.0943330023343,0.3532099305281
0.4134197779012,0.3510238795505,0.2293666845077,0.5242040798509,0.5142350876496,0.0728154285839,0.2051466575874,-0.0681895808169,0.1726940881730,0.3689104253982,0.0786740440396,0.2884107785097,0.5704485470035,0.3047323445082,0.2703876633682,0.3880715271549,-0.0065753689456,0.4332968560069,0.3721550078127,0.5837912391737,1.0000000000000,0.0644425150879,0.2350516882814,0.1735847383417,0.3406103238757,0.3084955181584,0.2762660823148,0.1401237404093,0.0256506910203,0.4128665371925,-0.0172676562008,-0.0941375669718,0.0606347264386,0.3649314085646,0.5455251465217,-0.0154145870345,0.1594585517120,-0.0795544771351,0.4779203380123,0.3663273237373,0.2064224256936,0.0012824003010,-0.3458501235599,-0.0486782774146,0.3772235272976,-0.2531817262441,0.2625043452390,0.5817447241678,-0.0501006985319,-0.1743129560839,0.4414367135711,-0.0671062797228,0.1732377473354,0.2149012218410,0.1606796423634,0.8812809453477,-0.1512538393136,0.0510852472876,-0.1031715752171,0.3021761576488,0.1312305722739,-0.3078995041182,-0.1625848117109,-0.3860663035702,0.0727878504846,-0.3684571213149,-0.0765297612894,0.3040913295223,0.0937234672976,0.4268612937605
0.0028205551667,0.4083106162958,0.2057579726386,0.2780301770030,0.5008995177008,-0.0842562525785,0.1027770019077,0.0211433205703,0.0015221946672,0.0076747641115,0.4292681679501,0.1937654001445,0.3542148155057,0.0401055158357,0.1059938337941,0.2111256903669,0.7439135007501,0.1332639006296,-0.0701225646180,0.1560642468671,0.0644425150879,1.0000000000000,0.4781277338279,0.8742232818292,0.2333488047179,-0.0409264774239,-0.0511162214044,0.3082651060931,0.6705108099334,0.4967884175067,0.5886865326126,0.1998006469065,-0.0085536272726,0.4110836206341,0.2198335256993,-0.1996713801551,0.2088384513433,-0.2410557523725,0.1730713385267,0.6044891142818,0.0326319345411,0.1088637305920,-0.3472928244845,-0.1601296743179,0.0302094808964,0.0937291573989,-0.1135484929119,0.2340360782557,0.0074413989654,-0.2884691659632,0.2099369807429,0.7860849069722,0.0203450063179,-0.2373337018597,-0.1567686632224,-0.1026153375986,0.8136920625826,0.4609399424182,0.8481914744417,0.3601978303848,-0.2839187358057,-0.3553659179941,-0.0705668592049,0.4147420539426,0.3929120534879,0.1975703529716,0.1585713308266,0.1625512575091,0.4914286818023,0.1872208033092
0.2982928965147,0.7400084800149,0.3609404495856,0.6414772360081,0.3747025619687,-0.2898074910118,-0.0273435512894,0.1740475303029,-0.1780100871638,0.2191634523031,0.0675129829393,0.2446182086390,0.0472537089230,-0.0819311028484,0.1152366699984,0.2809808055419,0.5045293230544,0.2383817562432,0.0965107267499,0.2600352882045,0.2350516882814,0.4781277338279,1.0000000000000,0.6006961251327,0.5616705607379,0.2640607453087,0.1319100696174,0.4190466115437,0.4816216551085,0.3681058736464,0.4547117037816,-0.0124876486194,-0.1982204657511,0.3628977597072,0.4823072397668,0.0993556585324,0.6195888446593,0.1530062336549,0.5853517363413,0.3286791613328,-0.0978433126819,-0.2234426787321,-0.0956405002335,-0.3557986156682,0.2460457277636,-0.2926791193361,-0.0309729919900,-0.0593120105229,-0.1090535380270,-0.1873113782134,0.1428602956230,0.5774361268109,0.3407204421495,-0.1793155894726,0.2451831109727,0.1091975954338,0.4210431052008,0.8848838397101,0.5541960775510,0.5614702164366,0.1494981802840,-0.1850815985577,0.2504794353401,0.2163665340677,0.3236741977253,0.2545149222087,0.1340764578609,0.1514853406227,0.2731154425219,0.4933810436556
0.1524893935882,0.5233230350195,0.4236245052105,0.4381889486862,0.4721187027481,-0.1067924773244,0.0266830097465,0.0976039426954,0.0018751133456,0.0684826216987,0.3137925582744,0.2460973528040,0.2467235104574,0.0577404271098,0.1491766010138,0.2407106671924,0.7915296793012,0.3515510103686,0.0566856346417,0.3144139807541,0.1735847383417,0.8742232818292,0.6006961251327,1.0000000000000,0.4020188142314,0.1040341862268,0.1349149949430,0.5187570809705,0.6252428915434,0.5355267955820,0.5953617576438,0.0412995870444,-0.0807044507609,0.4026625623081,0.3177903371294,-0.2526899127899,0.3298034522339,-0.0880570810916,0.3099355448863,0.4774831847745,0.0187376216589,-0.1211167664654,-0.3523306146540,-0.2842295807008,0.1296441426632,-0.1791628461888,-0.0988027665931,0.1445522718861,-0.0919893725949,-0.4068497607353,0.1953732379455,0.7726632211735,0.1434060308378,-0.2044903602029,-0.0842770677679,-0.0238870791960,0.6866324676735,0.5150173814445,0.7797899453151,0.4150406625909,-0.1965665809995,-0.3816364984695,0.0824124826436,0.2488929720840,0.2427566365571,0.1417319109100,0.1094965598991,0.1408009984181,0.4168676883700,0.2196912562125
0.4297149615444,0.3895283586034,0.5696217148222,0.5715006330977,0.3604308359223,-0.1477717430188,-0.1483896680256,0.3926669370792,-0.1232237298954,0.5676781016152,-0.0684822019557,0.0252265927679,0.1123655324936,0.0929981652139,0.1472691261497,0.2189699120448,0.3642839506492,0.3773261068253,0.0456198407241,0.2068467041743,0.3406103238757,0.2333488047179,0.5616705607379,0.4020188142314,1.0000000000000,0.2751970546416,0.2096889754538,0.4136736811231,0.5038685458365,0.2317839865052,0.4206718328000,-0.0892375541678,-0.1556545381858,0.1801404169273,0.2550312713386,0.0198755979999,0.4322054612588,0.3242097872270,0.4942264731062,0.2499612078687,-0.0582427719667,-0.2880459931833,0.1686526170139,-0.3153330561780,0.5469785529627,-0.3270798998269,-0.0675809793207,0.0876869075495,0.0362247322820,-0.0794433054326,0.0999870592539,0.3465003343811,0.2249946513952,-0.1619742991402,0.0699106410960,0.3176159015624,0.1193060809603,0.5065361663503,0.2259591506186,0.7741539371497,0.1267957484178,-0.1971005525559,0.2539415472834,0.2137112542946,0.0029634206938,0.1255530074807,0.0592869833582,0.1088517711408,0.1424257755640,0.1430313636639
0.4628662569244,0.3885008456372,0.1246270383069,0.5790857835460,0.2181840875092,0.1023717223419,0.1434569217664,0.2338072259363,0.1688033178126,0.3408063032687,0.2185873634404,0.3999022976178,0.0695289467840,0.4390673446208,0.4576133483685,0.4190710851520,-0.0925750725523,0.2612205379046,0.3075737650820,0.4118453133702,0.3084955181584,-0.0409264774239,0.2640607453087,0.1040341862268,0.2751970546416,1.0000000000000,0.3164465017142,0.3323730198011,-0.0384707034620,0.4063238040010,0.0327024932905,0.0074848340088,0.1258961953675,0.2863051139086,0.4378233380214,0.1214386667288,0.2898626557438,0.0440414588588,0.5735202246669,0.1069769146546,0.2312144796728,-0.1031380528441,0.0322883893694,0.0904391270373,0.3327050673946,-0.1157247210726,0.4725394560621,0.0630835703685,0.3543522929801,0.2709264592135,0.3642553265983,-0.0317844766630,0.2362970175793,0.2253079632680,0.4597169238133,0.2598856209535,-0.2236092287567,0.1620826642781,-0.1173247504233,0.3247948642686,0.6817271611444,0.1295321470227,0.2932261650986,-0.2132895929912,0.1482553137816,-0.2000048060297,0.1200519827514,0.3847876705531,0.1060827602273,0.4925654491073
0.3144070156181,0.2689498049168,0.5320142539449,0.4261943639789,0.2702049923414,0.1807439434535,0.2100615415952,0.3719206471923,0.3820195425296,0.1393920054569,0.2401195578119,0.5232518887021,-0.0916068418770,0.2568838777047,0.4330922387312,0.1561819082785,-0.1034950851838,0.4904253677760,0.6166557191713,0.5364846309514,0.2762660823148,-0.0511162214044,0.1319100696174,0.1349149949430,0.2096889754538,0.3164465017142,1.0000000000000,0.5376085185013,0.2014964774102,0.2204288523779,0.1681970997971,0.0383771579642,0.1474763077407,0.1213422156585,0.2641095285007,-0.2213758032376,0.1075763858650,0.3607695527768,0.3158080737970,0.0668460553732,0.1626526530483,-0.2123247898608,-0.0226459057393,0.1344779748967,-0.0332675776886,-0.1247536134769,0.3326572446719,-0.0812407472067,-0.0084721032116,-0.0401368079469,0.1206062147179,-0.0438559075097,0.1924711573394,0.3678506871724,0.2654046572311,0.1295179691205,-0.2656442652480,-0.0737495181805,-0.1749510970910,0.1931518874795,0.2490731120642,0.3321930079363,0.3027176181613,-0.0992818686156,-0.1887659136189,-0.2752377249509,-0.0896729903885,0.0553279984925,-0.1391052073876,0.1405329981588
0.3457689559078,0.3813931542915,0.6652342560120,0.4475376372618,0.2571275988406,-0.0178916932239,-0.1033295046694,0.5462086735062,-0.0615595583917,0.2241511575696,0.0650849688053,0.3400779940559,-0.1581930816439,0.1731895509232,0.2330187433199,0.1728936251568,0.3749280794115,0.4514596215289,0.2728284895396,0.4358691389243,0.1401237404093,0.3082651060931,0.4190466115437,0.5187570809705,0.4136736811231,0.3323730198011,0.5376085185013,1.0000000000000,0.4349402087705,0.2080010890208,0.2988330143274,0.0579586336694,0.0536910686661,0.1213664726434,0.1458580289039,-0.2151653989780,0.3197746948842,0.3210329357138,0.3728994714269,0.1598442710852,-0.0737881988742,-0.4313443591873,0.0794252773639,-0.3544357647440,0.1912271785533,-0.3019190277863,0.1198523780516,-0.1369199307327,-0.0123107569776,-0.1827886637332,0.0416954847714,0.4600042974958,0.1200311868269,0.0730751815552,0.2137833578759,0.0245233349970,0.1879646724673,0.2921595156492,0.2386993733257,0.3074562845811,0.1904650027548,0.0192441083362,0.6247112877043,0.1191097597024,-0.1037371623197,-0.0867246633548,0.0294273369808,0.0320037878401,0.0328960359719,0.0490602371930
0.1185442683237,0.4148140194659,0.4414219404806,0.4162757832779,0.4194424026201,-0.2459515280025,-0.0959096738716,0.5195946525810,-0.1337914754250,0.1929135081040,0.2872482196273,0.1223847121877,0.1136112913986,-0.1205430276052,0.1598892921184,0.1158800317335,0.4518208211319,0.2642503348173,0.0254616005122,0.1358741262890,0.0256506910203,0.6705108099334,0.4816216551085,0.6252428915434,0.5038685458365,-0.0384707034620,0.2014964774102,0.4349402087705,1.0000000000000,0.2859405773741,0.6801072421096,0.3060839561394,-0.0426417469691,0.1601167701289,0.0548974852178,-0.1632448732718,0.3473734777677,0.1141390903267,0.2784886500586,0.4590007427365,-0.2405790731079,-0.1948377983790,0.0723789726622,-0.3120211438640,0.1447324932911,-0.0125830624663,-0.1812703501029,0.0886404273177,-0.0802764752767,-0.2347725234860,-0.0089051158605,0.5893971893168,0.1697697104657,-0.2097288920612,-0.0399998439104,-0.0460499671626,0.4945090614216,0.4348369110643,0.5393844018156,0.5201529667944,-0.1572404480190,-0.1230961201512,0.1333044656446,0.7317192896095,0.1670348880306,0.2200873852695,0.3067091627418,0.0443477583418,0.2131599742347,0.0320292871844
0.4839303759619,0.4456324389339,0.1261182956441,0.5524960831446,0.5643473409064,0.1590783004369,0.4520959896022,0.0470118094411,0.3843614602708,0.2737611017054,0.5636133630925,0.3911463677982,0.5020145858274,0.3176183084445,0.6447357572382,0.5284098315219,0.2473326418442,0.4905642209867,0.3271646281536,0.5589215489272,0.4128665371925,0.4967884175067,0.3681058736464,0.5355267955820,0.2317839865052,0.4063238040010,0.2204288523779,0.2080010890208,0.2859405773741,1.0000000000000,0.4336634804486,0.1775681103061,0.2411495852151,0.6188753051286,0.5432025944463,-0.0095088688866,0.1908169624162,-0.2824721508627,0.4290588762463,0.5396955419349,0.3805665567250,0.1690288961967,-0.3587865918815,0.0878879084563,0.2794028481039,0.0114845291869,0.2835072884083,0.4477907117180,0.2162967101486,-0.0104934608486,0.5371891553116,0.2847385165665,0.2422916465315,0.1062862453648,0.0822505138232,0.2135773906646,0.1863511126779,0.2129234760847,0.2791885603277,0.3993292427468,0.0736200233688,-0.2348373524132,-0.1280159834699,-0.0549790136850,0.5695349603392,-0.1097334809182,0.1840336567670,0.5222543561400,0.5239217949576,0.4978428130012
0.1558702565263,0.3231551935747,0.3467412183908,0.3351943950553,0.2916404367092,-0.0488597222079,0.0512384544380,0.4015450662892,0.0628654532516,0.1298842859493,0.3377397723726,0.0942221865252,0.0351806411063,-0.1540065475849,0.2723970129319,0.1607273555405,0.4243395920532,0.2737552076637,-0.0069130201071,0.0734108154844,-0.0172676562008,0.5886865326126,0.4547117037816,0.5953617576438,0.4206718328000,0.0327024932905,0.1681970997971,0.2988330143274,0.6801072421096,0.4336634804486,1.0000000000000,0.1862060813375,-0.0581648617150,0.2450257938684,0.1954816961272,0.0058346075198,0.2942862432135,0.1203050014467,0.2326961015652,0.3389284437654,0.0031974251000,-0.0943773754543,0.0973141317090,-0.0785339092525,0.0888257369589,0.0487363456669,-0.1191498287792,0.0629267617790,-0.0009263907429,-0.0742198497152,0.0401770866307,0.5129574620979,0.2358827659342,-0.1313674675472,-0.0584345577853,-0.1255404850972,0.3717490373303,0.3897108260138,0.4540913245018,0.5146768319989,-0.0697621419198,-0.0425683009801,0.1810501140499,0.5599239731569,0.2841776966766,0.4757065150363,0.1896799234205,0.0605728325448,0.3424526574471,0.1364513345023
0.0571663879570,0.0149189437197,-0.0357885605301,0.0170695932502,0.0524915125371,-0.0254846591844,0.2036251958559,0.3952567105388,0.0675548261875,0.0503435807864,0.4166783969386,-0.0615032492754,0.0771938599644,-0.0572529385635,0.3161213970728,0.1190340747085,-0.1246832180449,0.0862357640802,-0.1102545551129,0.0323360468948,-0.0941375669718,0.1998006469065,-0.0124876486194,0.0412995870444,-0.0892375541678,0.0074848340088,0.0383771579642,0.0579586336694,0.3060839561394,0.1775681103061,0.1862060813375,1.0000000000000,0.1926195543346,0.1543222605488,-0.0826074605972,-0.0263691743956,0.0452037502694,-0.2135422907555,0.0207551190080,0.1797635825163,-0.0912325335355,0.0490227785545,0.1589316842427,0.0150223582677,-0.0774747788071,0.4025058689618,-0.1727267985294,0.1320953557065,0.0945000251500,0.0177007550858,0.0181905942583,0.0237215811672,0.0178490324430,-0.1762298738029,0.1438361919998,-0.0972376585033,0.0159282327702,-0.0121809026322,0.0391862416066,0.0326650592222,-0.0051248047953,0.2049345417484,0.0061913831775,0.3643480494750,0.1572915537915,-0.0153747957558,0.7702945284410,0.0427819236103,0.1361679898489,0.0146435232001
0.1885985426134,0.0398284972031,-0.1055360582609,-0.0035001800765,-0.0696852547747,0.3858858738382,0.3958096316159,0.1504341223380,0.3683014279730,-0.0976855721677,0.2365032603598,0.1206815730027,0.0880091950663,0.1870919093645,0.3467403167637,0.3138869300311,-0.1589447772467,0.1029674011123,0.0823185471932,0.1865438457167,0.0606347264386,-0.0085536272726,-0.1982204657511,-0.0807044507609,-0.1556545381858,0.1258961953675,0.1474763077407,0.0536910686661,-0.0426417469691,0.2411495852151,-0.0581648617150,0.1926195543346,1.0000000000000,0.1741170998743,0.1920296071547,0.0213626359210,-0.0530168876863,-0.2509985359039,0.0654853712121,-0.0004877319265,0.1952521755031,0.3110283042649,0.0097079136084,0.2275627109856,-0.1128884597479,0.1515877741050,0.2293537866154,0.1433402911847,0.2198727591882,0.2051797609431,0.2627715932056,-0.1182504774404,0.0492410211127,0.0800141575481,0.0523791355961,-0.0287977026332,-0.0751771643611,-0.2437456742447,-0.1948924283917,-0.0933888325694,0.1740877977518,0.0941273405236,-0.0337948174466,-0.0801421892549,0.0415172814398,-0.2221807824102,0.0980004086906,0.4457928054667,0.0044443225866,0.1536478868600
0.2672630663604,0.5560453165613,0.0695184027466,0.3517173640242,0.4075446980393,0.0838663863780,0.2877402349633,-0.0861976050409,0.1515961842741,0.0850186811194,0.3624857413388,0.1587878166024,0.3979219661136,0.0826029248502,0.2674476686525,0.3852229468179,0.2299424799307,0.2476846661035,0.0860196600800,0.4032108807137,0.3649314085646,0.4110836206341,0.3628977597072,0.4026625623081,0.1801404169273,0.2863051139086,0.1213422156585,0.1213664726434,0.1601167701289,0.6188753051286,0.2450257938684,0.1543222605488,0.1741170998743,1.0000000000000,0.6731955519078,0.1700220953769,0.3528747661269,-0.1501714129332,0.3163712954675,0.3499388815885,0.2034478395921,0.1414473861223,-0.2168573343463,0.0027000925708,0.0863722640251,0.1332779342119,0.0412627429677,0.3545567812609,-0.0214746155270,-0.1231753929156,0.3921566235818,0.2485673650696,0.3418584418438,-0.0436892364160,0.2280385142495,0.2158910280544,0.2412325136116,0.3627031621853,0.2995861286361,0.2457746484278,0.1997807352319,-0.1368157255283,-0.0567136212437,-0.0333124975398,0.4683257457172,0.0493535510164,0.1350013771004,0.3275884450073,0.6674695260296,0.6062585530836
0.3358865541195,0.6130283922328,0.0678533325056,0.5191128811925,0.3357556844590,0.0721850084568,0.2715484021577,-0.0932653802534,0.1431315797033,0.0721349913619,0.1604308239617,0.3371976762381,0.2506392196975,0.1336947945045,0.2405884020093,0.4611799894546,0.1345726127372,0.3420046759941,0.2409069307515,0.4718381852475,0.5455251465217,0.2198335256993,0.4823072397668,0.3177903371294,0.2550312713386,0.4378233380214,0.2641095285007,0.1458580289039,0.0548974852178,0.5432025944463,0.1954816961272,-0.0826074605972,0.1920296071547,0.6731955519078,1.0000000000000,0.1877125935195,0.4336717260165,-0.1016516493792,0.5544086431072,0.2457066929012,0.2256966170616,0.0695473153195,-0.2474992747731,0.0092919891723,0.0911930406518,-0.1378783369379,0.2655940189433,0.2073390235019,-0.0705120091312,-0.1584494843466,0.4111579080920,0.1525301044013,0.4582747811293,0.0713773643763,0.3353339340436,0.3775798288944,0.1124410910723,0.3834223815102,0.1717093847967,0.2916947511085,0.3559647653385,-0.0971030881114,-0.0105660599887,-0.1971499589110,0.3211129003324,0.0359162448494,-0.0107128797981,0.3856705783889,0.3575008891837,0.8494849191975
