1.0000000000000,0.2413858652669,0.0395120381587,0.2912934749600,0.3482530388068,0.0619594690782,0.0437162004091,0.0715547080317,0.0341069925168,-0.0198689252459,0.2187607118273,-0.0255033521998,0.2271687054247,0.1216652226255,0.5076006466908,-0.0861165187425,0.2367357745561,0.4431546441671,0.2121400650410,0.5498361938589,0.3703364718604,0.2336408805712,0.1663088748199,0.3148534945476,-0.0181570176450,0.3533491324276,0.2320994543802,0.1684167640247,-0.0045308814328,0.5381998858914,0.2592785558783,-0.0871485261932,-0.0630263601150,0.2994404335223,0.4511578650498,0.4891279908178,0.2778236926990,0.0107270578374,0.0281727788966,0.1218511297766,-0.0859801916878,-0.0728858321543,-0.0772801263608,-0.1757079933842,-0.0252634153022,0.1115651506627,0.1054040625986,0.1563670572404,-0.0948799628729,0.1419686759718,-0.0054664019106,0.2543405990481,0.3615898890084,-0.1232728511510,0.0274922731760,0.3925494302831,0.2408115756812,0.1439955982840,0.2461832721648,0.0060011676756,-0.0017455408892,-0.0323479347771,0.2218391993469,-0.1018709084880,0.2669263236484,0.1497381987219,0.2076691591422,-0.1228659979842,0.1758865044236,0.3498918876055
0.2413858652669,1.0000000000000,0.3051924666639,0.5577224639211,0.2542525315624,-0.1126864467902,-0.1908348801186,0.1745522774144,-0.2771107848205,0.0424575491813,-0.1800135283526,0.1420859692334,0.0600547626945,-0.0958017937330,-0.1353834382481,-0.2270113217668,0.2174531027859,0.2847634146307,0.0669066988789,0.1914789856259,0.1842838799253,0.3421227109686,0.4486996004005,0.3624226088069,0.3204359893432,0.3398598058463,0.4483545985444,0.4050213715492,0.1997831279322,0.1167664565292,0.3126862076046,-0.0529373993803,-0.1616775604565,0.1662924184257,0.4234674225956,0.1576686399763,0.7195225311249,0.1203027463987,0.3048534272350,0.1380395975897,-0.1251081596099,-0.4852422897863,0.0824648240785,-0.5146373670661,0.0925169894852,-0.2522653097077,0.0489162462100,0.0923266076418,-0.0279712812131,-0.3231971443128,-0.2038665315260,0.2429990043529,0.3355160402200,-0.1161999992764,0.1213169517873,0.2655130897151,0.2839404509028,0.4685176969715,0.2407162582273,0.3361224531729,0.2154943875126,0.0872394712537,0.3300246815046,0.0402161565686,0.0745983330707,0.2565656503437,0.2023265538505,-0.0837421512703,0.1601849855196,0.3539567476978
0.0395120381587,0.3051924666639,1.0000000000000,0.3956664033753,-0.0580568878614,0.2009728764806,-0.0141468383803,0.2885370153483,0.0325088954514,0.1380625644730,-0.0181321097689,0.2158464836844,-0.1082228319306,-0.0279139707741,0.0506559063521,0.0801492469878,0.3637027992934,0.0552951887502,0.3741394490518,0.0928612985075,0.0871053916000,0.4510302450677,0.2603970575510,0.5777919668591,0.3561046281110,0.0827864096798,0.5668618347258,0.7087850084292,0.4192744701243,-0.0373925541411,0.3888032487480,-0.1440993289818,0.1099552272340,-0.0043100607053,0.0883105009682,-0.1124663185959,-0.1118199319958,-0.0135217801671,0.0347984663448,-0.1303674414789,0.0706990607105,-0.0873971712967,0.3022377821676,-0.0235626546646,0.1505244324183,-0.1413213096904,-0.0014216842479,-0.0095950191576,0.2235944857319,0.0007550195699,-0.0029628563247,0.3404201302921,0.1034385373036,0.1139406016989,0.0346759204504,0.1429022251161,0.3073583873409,0.1769844409729,0.0307981290716,0.3108873302042,-0.0087219193185,-0.0768780477193,0.2261176994067,-0.1173647221340,-0.0852105536775,0.1172683309273,-0.0948384039201,-0.1820188011510,-0.0501038380805,-0.0025411849539
0.2912934749600,0.5577224639211,0.3956664033753,1.0000000000000,0.1554174244751,0.2426412818332,0.1598086540532,0.0277419783268,0.0671041433020,0.3834546466084,0.0248804319552,-0.0394817245650,0.2305726352708,0.1522662200334,0.1944443683791,0.0995319392752,0.3754225706345,0.1781542020488,0.1582722876988,0.2909773360792,0.2295538566700,0.1972218809712,0.5194150768826,0.3017414220667,0.3273855620560,0.5478423195677,0.3675825741458,0.3846604852948,0.0133027715151,0.3391449270410,0.1748450640660,-0.3224415447277,-0.0746445633385,0.1379348858404,0.3699146309945,0.2747054490050,0.3039248668261,0.3650663678404,0.3445214294983,-0.0924282478478,0.0908290552343,-0.0316041969771,0.1941772620272,-0.2120554028088,0.3450021548414,-0.1512946002121,0.0292468325231,0.1003307017251,-0.0784578405296,-0.0643875239128,0.0939500985420,0.4157839810622,0.3088960571966,-0.2647413528019,-0.2966588494551,0.3724480741082,0.3659085238375,0.5084069789914,0.1845388086401,0.3828423257828,-0.1260339608189,-0.0903786507471,0.4024859883639,-0.1914277475798,0.1389565914385,0.3448913398062,0.0318702730492,-0.2094776501334,0.0742906546414,0.2419715966343
0.3482530388068,0.2542525315624,-0.0580568878614,0.1554174244751,1.0000000000000,-0.0997239187266,-0.0832639144824,0.1217966222525,-0.2368947757646,0.2560845394496,0.1759405254340,-0.0708447204062,0.4021471777858,0.0520858088343,-0.1303948072372,-0.2203377635750,0.0242182323933,0.3197990884095,-0.1018467931553,0.2572662682000,0.5704910475602,0.1743179721731,0.1469799505069,0.2199450612937,0.2824323012175,0.0914255683980,0.0552537355822,-0.0177867930409,0.2227424826007,0.1839246575209,0.1379279595200,-0.0614881473171,-0.2685165896057,0.2632114986574,0.2864096192869,0.3587422716071,0.2243903604357,-0.0571453378069,0.0537956688832,0.7874589268390,-0.1203496786973,-0.1602417433082,0.0833216252874,-0.3393958352691,0.2372222209811,0.2642634724672,0.0296064031144,0.4194157900053,0.0391762275043,-0.2271809985099,-0.0649346904776,0.0555820550470,0.3779948204614,-0.0737350092780,0.1833570484892,0.6247112838467,0.1310715486125,0.1607086763347,0.1860570378384,0.2953186873883,0.1034944223283,0.1028663825667,0.0403855889869,0.2592049400066,0.1929584605350,0.1139017892884,0.1261142364797,0.0676724019017,0.3328186496457,0.3110187378690
0.0619594690782,-0.1126864467902,0.2009728764806,0.2426412818332,-0.0997239187266,1.0000000000000,0.5482635075499,-0.2538788856473,0.4563859751165,0.1020110651404,0.2409752816005,-0.2372073035234,0.0989737659937,0.0622726702937,0.3254945663892,0.5287177447077,0.2787270245979,-0.0355482914585,0.0689520507332,0.0088690832751,-0.0355651635842,0.0750355787276,0.0464808753201,0.1820985580672,-0.0821402388344,0.1953690325453,0.0106886282493,0.0621189433769,-0.1330151869202,0.0880356516337,0.0535101198594,-0.2351496101376,0.4448484742598,0.0281066736805,0.2686936684815,0.0455709123902,-0.1921734940440,0.0732133607983,0.0854367831752,-0.2704814735374,0.7239235809052,0.5711067203442,-0.1124540943770,0.4354118449750,0.1119313249377,-0.0195861652193,-0.0467649307824,-0.0168524193095,-0.0373714471345,0.1620151735181,0.4941128784748,0.2412334219732,0.1433726677711,-0.1153201313616,-0.3298919199079,0.0294022756258,0.1802682795230,0.0972387894875,0.0619229515907,0.0009487486079,-0.2066032691083,-0.1640619867847,0.0235741997057,-0.2113530583963,-0.1057964836890,0.2049327739590,-0.2610181999317,0.0086503494605,-0.1017946198249,0.2068428938686
0.0437162004091,-0.1908348801186,-0.0141468383803,0.1598086540532,-0.0832639144824,0.5482635075499,1.0000000000000,-0.4157431109809,0.6995633803425,0.1476365844809,0.4264598876873,0.1578561762317,0.4428222629894,0.3883088658123,0.3401847478420,0.7554727044551,0.0444868554352,-0.1239433465275,0.2540651861799,0.0592057669543,-0.1423816601503,-0.1737524631969,-0.1934617445165,-0.0884397956499,-0.3016662468901,0.1262152525891,-0.1484195493806,-0.0736008596916,-0.3408305387773,0.2323537008286,-0.2508140047956,-0.4224634057895,0.4392339120058,0.0725053595776,0.1230114636007,0.1530441867048,-0.2967993830755,-0.0515375033723,0.0058820588922,-0.1158471967978,0.5209292123317,0.7555346044731,-0.2608311187321,0.5332321560360,0.1501573821876,0.2154752368130,0.1035172441189,0.2893683551227,0.1597201360929,0.2962283038895,0.6402820186838,0.0441055643790,0.1319546774442,-0.1067987858118,-0.3400314257428,-0.0061694838070,0.0030205091951,-0.1731078575779,-0.1883380276713,-0.1973394690062,-0.2439277859258,-0.2514792445643,-0.0848894337676,-0.3838287004256,0.2390191717365,0.0276833442842,-0.2530048350878,0.0866617136578,-0.0469982757837,0.0620523776486
0.0715547080317,0.1745522774144,0.2885370153483,0.0277419783268,0.1217966222525,-0.2538788856473,-0.4157431109809,1.0000000000000,-0.1419696451198,0.2321292861409,-0.1183204358039,0.1093837700648,-0.1662269372482,-0.1731959910029,0.1433350676202,-0.1835369507038,-0.1073851910998,0.1013983718211,-0.0690834316501,-0.2038115616140,0.1813099727209,0.3274566132119,0.3090227486085,0.2000131614366,0.7062074566840,-0.0101125646882,0.3225730058796,0.3894596339298,0.5297290445025,-0.0100997079159,0.5391088079508,0.5997033146471,-0.0210966570725,0.0334817386292,-0.1596499011241,-0.3456707670034,0.0288888700098,0.0228445604097,0.0582694256409,0.3243945577602,-0.3532400116760,-0.5027724589920,0.3963376670701,-0.3176172982750,0.1777199148742,-0.1270729530210,-0.0236505692486,0.0177349701411,0.0056523050871,-0.1262783297973,-0.3700374395484,-0.1982633354179,-0.3055267559872,0.0033890582143,0.1687720429419,0.0589500600771,-0.1908356638617,0.0676295399757,-0.1164511044662,0.4946344686175,0.1858792819726,0.3310575631313,0.2564203073462,0.4827944569296,-0.1521988411641,-0.2796207351132,0.4913680533730,0.1784747929115,-0.0687566313976,-0.0483912621417
0.0341069925168,-0.2771107848205,0.0325088954514,0.0671041433020,-0.2368947757646,0.4563859751165,0.6995633803425,-0.1419696451198,1.0000000000000,0.0147241766288,0.4979049672519,0.2423640979242,0.0028779769407,0.3487846321106,0.5717828239468,0.7472468425365,0.0923584671644,-0.1772438640486,0.2962776150639,0.0144151258940,-0.2630604227298,-0.1758255824017,-0.1280059790568,-0.0569236793079,-0.2255691669011,0.1757379720903,-0.0607308563726,0.0990242487748,-0.2159556326197,0.2523557677891,-0.1072448431768,-0.1654640407091,0.4498195980268,0.1514690354157,0.0376178161362,-0.0656478592027,-0.3430959315563,0.0733432972628,0.0931911124973,-0.1119333445707,0.3608543176836,0.5997949486955,-0.2860362529440,0.6480887351487,0.0020159115519,0.2520845482851,0.0551430091861,0.0013300316321,0.1911457043047,0.3940072800214,0.4147594650263,0.0298448869812,-0.1404049430609,0.0225298643929,-0.2003232229697,-0.1727019731709,-0.2141215642772,-0.2083482644932,-0.2527033457696,-0.1266390791180,-0.0403990827847,-0.0827487580021,0.1107322924280,-0.1643294086730,0.0183060102128,-0.2129701973530,-0.1703896375691,0.0750742593014,-0.0265528645417,0.0734641640026
-0.0198689252459,0.0424575491813,0.1380625644730,0.3834546466084,0.2560845394496,0.1020110651404,0.1476365844809,0.2321292861409,0.0147241766288,1.0000000000000,0.0005449599145,-0.0615147973744,0.3600526222808,0.2101962748683,-0.0157813329452,0.2246848592048,0.0374124691418,-0.0936160327585,-0.0998347557200,-0.0821846837329,0.2849546025714,-0.1150013792442,0.3163140056744,-0.0727241203029,0.5484424962558,0.1501890762450,-0.0759436796451,0.1719194683042,-0.0621798070122,0.0677629788988,-0.0715243644516,-0.0961705488191,-0.1936219208551,-0.1576940302216,-0.0299519183991,-0.0095567843913,-0.1102125996412,0.1319305085956,0.1090359445943,0.2593242408590,0.1148204622891,0.0761388470829,0.2758438572436,-0.1198528628607,0.8014361729307,-0.0923830773628,0.0131043309206,0.3935506630047,0.1508341155813,-0.0161291411723,0.2630226579588,0.0570787552383,-0.0182699415062,-0.1601952658091,-0.2260886375544,0.3843954820291,0.0446157603492,0.1809330934370,-0.1071109929088,0.5544649528043,-0.1044540208792,-0.0932201636021,0.2202255638997,-0.0243253547834,0.1655765677804,-0.0267939531545,0.0553771013909,0.1588787567358,-0.0082974780801,-0.0374771154300
0.2187607118273,-0.1800135283526,-0.0181321097689,0.0248804319552,0.1759405254340,0.2409752816005,0.4264598876873,-0.1183204358039,0.4979049672519,0.0005449599145,1.0000000000000,0.0556989265231,0.3159032669941,0.2296133125348,0.4393588781841,0.3323200368331,0.0988829903135,-0.0285982069038,0.2412278197200,0.1447147963286,0.2330452417860,0.0483442414497,-0.1934698968764,0.1282806284706,-0.1781345656311,0.0671019346184,0.0677934689049,0.0526080813331,-0.0103988019432,0.3310788382118,-0.0357869564277,-0.1761197671166,0.1366821708167,0.2431815934789,0.1535663707874,0.1009137970381,-0.1663499076729,-0.1337049218726,0.1415196069268,0.1740290042077,0.2587854136719,0.4008622773216,-0.2388938399093,0.3957202267592,-0.0294015636193,0.7725417743320,0.0823894824975,0.2310312034694,0.1817583082690,0.2199883866295,0.2439761525243,0.0276454884695,0.0133285182484,0.1778736387657,0.0102309280494,0.1523406909648,-0.0284265288608,-0.2510956570413,0.0770430039913,-0.1619943733579,0.0495126052499,0.0174919520906,0.0184560963769,0.0341439141299,0.0811847212404,-0.1334271576015,-0.1160493647292,-0.0427343680805,0.1563961316574,0.1430959924531
-0.0255033521998,0.1420859692334,0.2158464836844,-0.0394817245650,-0.0708447204062,-0.2372073035234,0.1578561762317,0.1093837700648,0.2423640979242,-0.0615147973744,0.0556989265231,1.0000000000000,-0.0146640627526,0.4669737583105,0.0322449793999,0.2355191250421,-0.1419706988914,-0.2418601334160,0.5634390486414,-0.0292212090550,-0.0780402333716,-0.0261138793219,-0.0183723414765,-0.0202543191963,-0.0049185852655,-0.1760933644002,0.2313737081130,0.3161148470774,0.1590445708250,0.0999567712209,-0.0431200405383,0.1044793003230,0.2253632206409,0.0276099250059,-0.1781053668652,-0.0071736448337,-0.1012717997078,-0.2724735670370,-0.0362462816892,0.1811561646804,-0.0924838386011,-0.0137469235579,-0.0873918356429,0.1119899023408,0.0254473281587,0.0952062208549,0.4121464880716,0.2181372408571,0.6394829825710,0.2650657294559,0.0608968959633,-0.1519498468905,-0.1903361587902,0.3951455195453,0.2989505427704,-0.0417002191588,-0.2120840313990,-0.1587976699229,-0.2657531606225,0.0197355262914,0.2432735877370,-0.0803720747586,-0.0101358841759,-0.0170925402826,0.3266303680760,-0.2654195604379,0.1165917784163,0.1829100340531,0.1070662130853,-0.0646684585302
0.2271687054247,0.0600547626945,-0.1082228319306,0.2305726352708,0.4021471777858,0.0989737659937,0.4428222629894,-0.1662269372482,0.0028779769407,0.3600526222808,0.3159032669941,-0.0146640627526,1.0000000000000,0.2801190306879,0.1312062253495,0.2170338207606,-0.1180416783838,0.1922306562910,0.0914072512883,0.2910109379399,0.5415346963384,-0.0715503998642,-0.1068652670077,-0.0801228464569,-0.0213582919056,0.1956183088064,-0.0136807789030,-0.1284110294293,-0.1617902822682,0.2975112986568,-0.1509604430595,-0.2419713968095,-0.0796787344322,0.0283968200848,0.1819480449220,0.2300426461499,0.0225765830402,-0.0377147521677,-0.0439999544224,0.2557157403914,0.1630814305885,0.2258904952296,-0.0179177145864,-0.0941709373983,0.3560052529827,0.2333323187793,0.1814199325707,0.7810713382792,-0.0269301910325,-0.0829097179714,0.3236437404094,-0.0567995641468,0.3588090063522,-0.1675958332867,-0.1936924299053,0.5508621229573,0.0409003949201,-0.0958711117362,-0.0693133630643,-0.0449758850627,-0.1837041235451,-0.0071632043342,-0.0522885929372,-0.1679707552682,0.3766582475583,0.1080463278640,0.0965162179403,0.0740676257922,0.0144574403827,0.0863933285599
0.1216652226255,-0.0958017937330,-0.0279139707741,0.1522662200334,0.0520858088343,0.0622726702937,0.3883088658123,-0.1731959910029,0.3487846321106,0.2101962748683,0.2296133125348,0.4669737583105,0.2801190306879,1.0000000000000,0.2959189552616,0.3338228221450,0.0921014917342,-0.1480145205100,0.3521351745999,0.1228166251910,0.0524725051480,-0.0731763706022,-0.1172444358878,-0.0978384996396,-0.0751262414738,0.2821344521786,-0.1359577285827,0.1565083117784,-0.0652460040452,0.3980446472858,-0.2547267318791,-0.1725453233712,0.3320597903214,0.0702824060180,-0.1348026766394,0.1014346654446,-0.0802708287884,-0.0377591175695,-0.1062835367645,0.0366050378403,0.1506630352841,0.3347808776679,-0.0849121564938,0.2556028283581,0.2011557859600,0.2162945487732,0.5587412838919,0.1423230575345,0.5166534789221,0.3067230178967,0.3330217819321,0.1329798962040,-0.0187789402623,0.1060293610942,-0.2592948007250,0.1095812389366,-0.0023190632586,-0.1349594846364,-0.0800880740441,-0.0547857873411,-0.0739838547020,-0.2287228863000,0.2285723323356,-0.1777284165841,0.3081594081950,-0.0743949729852,0.1584060783638,0.1817896522220,0.0008454864722,-0.1157248168307
0.5076006466908,-0.1353834382481,0.0506559063521,0.1944443683791,-0.1303948072372,0.3254945663892,0.3401847478420,0.1433350676202,0.5717828239468,-0.0157813329452,0.4393588781841,0.0322449793999,0.1312062253495,0.2959189552616,1.0000000000000,0.3318920840718,0.1300247559314,0.1134005338009,0.4677501180003,0.3007762542774,0.0605384478833,0.0549674605310,-0.0486660328509,0.0750759434234,-0.1113666456730,0.4646636350512,0.1393768663476,0.2418540608794,-0.0942691260061,0.5515551631881,0.1055720204005,0.0414235250320,0.3560841936277,0.1547286660730,0.0788872978870,0.0552788371582,-0.1070645034739,0.0722026940358,0.1035732486839,-0.1859456047180,0.1598053638887,0.2566469351210,-0.1629639059923,0.3424345990172,-0.0320766351895,0.1438508690113,0.1915672357529,-0.0172894780681,0.0014746307048,0.4725657124936,0.1463575405313,0.0510903004724,-0.0999762213076,0.0477049596599,-0.1891016153942,-0.0033367266578,-0.1284162382556,-0.1592438342110,-0.0773638295502,-0.1806106277080,0.0084447954968,0.0198419263917,0.3041440199592,-0.1491133189348,0.0840568377989,-0.1964115670828,0.1437308089148,0.0098452635969,-0.1405975324766,0.0499081710554
-0.0861165187425,-0.2270113217668,0.0801492469878,0.0995319392752,-0.2203377635750,0.5287177447077,0.7554727044551,-0.1835369507038,0.7472468425365,0.2246848592048,0.3323200368331,0.2355191250421,0.2170338207606,0.3338228221450,0.3318920840718,1.0000000000000,0.0387397717814,-0.2166951380935,0.1628212802312,-0.0841139412274,-0.2166750194925,-0.1838655147504,-0.1042915484396,-0.0880014130313,-0.0991306875996,0.0556455007425,-0.1119209282768,0.0683976034457,-0.2457472742761,0.1572832191897,-0.1716432944074,-0.2045235653147,0.4572915549491,0.0764486636637,0.0285322408548,-0.0728760135270,-0.3681547436801,-0.0652453233250,0.1304039580567,-0.0745724241740,0.4656454509869,0.6421842921262,-0.2591670349480,0.5728646275868,0.2414116495104,0.1834228806425,0.0798060454997,0.2168148294014,0.2818606529820,0.3854000251407,0.6663013092600,-0.0085953682706,-0.0935146208132,-0.0148914150027,-0.1900012377087,-0.0760950634540,-0.1688246466140,-0.1898083129737,-0.3243928916428,-0.0082795203932,-0.0710597748559,-0.1544434171830,-0.0101106272025,-0.2755492258199,0.2055334421015,-0.1820936102344,-0.1759530446283,0.1780875095333,0.0057664948091,0.0872768981200
0.2367357745561,0.2174531027859,0.3637027992934,0.3754225706345,0.0242182323933,0.2787270245979,0.0444868554352,-0.1073851910998,0.0923584671644,0.0374124691418,0.0988829903135,-0.1419706988914,-0.1180416783838,0.0921014917342,0.1300247559314,0.0387397717814,1.0000000000000,0.1035591761421,0.1164860594090,0.1710766287497,0.0160883884800,0.4634773081515,0.3288285928454,0.5628491595167,0.1173199006787,0.2823770497062,0.1113449695044,0.3636009006289,0.2944571792256,0.1875029395175,0.2364423882306,-0.2181713914624,0.1019718865660,0.0682787266378,0.2997872343691,0.0416478470524,0.1640016453075,0.3041210608374,0.1264596463538,-0.1928536822587,0.1510542468924,0.0825585512239,-0.0771502999628,0.0459392161108,-0.0026761754393,-0.0686837216137,0.0469416113869,-0.1986417121645,0.0005717498901,-0.0204014690736,0.0887035325568,0.8903811543203,0.1752084604843,-0.0510492805219,-0.2294237788342,0.0963369181070,0.5215736892217,0.3358196426748,0.5083626017719,0.1842164958456,-0.0861244012719,-0.1113980578846,0.4654366652778,0.0567933159315,-0.0530289333433,0.2945655725888,-0.0453516187305,-0.2242642836323,0.0188289372173,0.2213777860085
0.4431546441671,0.2847634146307,0.0552951887502,0.1781542020488,0.3197990884095,-0.0355482914585,-0.1239433465275,0.1013983718211,-0.1772438640486,-0.0936160327585,-0.0285982069038,-0.2418601334160,0.1922306562910,-0.1480145205100,0.1134005338009,-0.2166951380935,0.1035591761421,1.0000000000000,-0.0597426195766,0.6174573112298,0.3432618835289,0.3688755738595,-0.0138081027967,0.3832989061062,-0.0671367225485,0.2656730665752,0.3162473711766,-0.0429420050741,0.0773291128892,0.3811027845047,0.4962982279708,-0.0294262625903,0.0108306305899,0.5028081169551,0.5391032644465,0.1104584290693,0.4135753897963,0.1745186308213,0.1651203242941,0.1193811630642,-0.1289345313888,-0.2457614877964,0.0457584834923,-0.3587437176095,-0.1676498982767,-0.0226601472516,-0.0690733475687,0.1351800651930,-0.3778598328521,-0.3053941047614,-0.1533434091773,0.1282137080515,0.6138685295169,-0.1488168942584,0.1939889506497,0.3502347929555,0.1719086403876,0.1342693074879,0.2403544585160,-0.1391316521447,-0.0053833300100,0.2788604210594,0.0531873234997,0.0051497291800,0.0328775581208,0.3505951662914,0.1884315960518,-0.0897094358228,0.2679509982675,0.3647447411720
0.2121400650410,0.0669066988789,0.3741394490518,0.1582722876988,-0.1018467931553,0.0689520507332,0.2540651861799,-0.0690834316501,0.2962776150639,-0.0998347557200,0.2412278197200,0.5634390486414,0.0914072512883,0.3521351745999,0.4677501180003,0.1628212802312,0.1164860594090,-0.0597426195766,1.0000000000000,0.3603230372014,0.0844020511675,0.0475445311986,-0.1603456215826,0.1239261917144,-0.1900749880270,0.1761557055862,0.2800346360041,0.3864399180961,0.0148346465981,0.3179836159173,-0.0963432005932,-0.1936859548373,0.2334316921768,0.0758907717025,-0.0148576039901,0.1247116124861,-0.1584886856430,-0.0987810848032,-0.0086700273856,-0.1652546965187,0.0926198697261,0.0941761742800,-0.0657804262517,0.1714531548699,-0.0331523547100,0.0857355857343,0.3396270953249,0.0664924892563,0.4042711697320,0.3660377171812,0.1163312942281,0.1214681809512,-0.0197044731587,0.4663472713643,0.1120049745670,0.0719291816621,0.0110001610318,-0.2149359165421,-0.0525675617103,-0.2128052885575,0.1161035685417,-0.2040893191244,0.1203015858898,-0.2473569152591,0.2285553950746,-0.1450128047784,-0.0720117984248,-0.0646430388819,0.0191844882378,-0.0742491193229
0.5498361938589,0.1914789856259,0.0928612985075,0.2909773360792,0.2572662682000,0.0088690832751,0.0592057669543,-0.2038115616140,0.0144151258940,-0.0821846837329,0.1447147963286,-0.0292212090550,0.2910109379399,0.1228166251910,0.3007762542774,-0.0841139412274,0.1710766287497,0.6174573112298,0.3603230372014,1.0000000000000,0.4325726386820,0.0512251687642,-0.1340896245653,0.1605639611351,-0.2735992594043,0.4241288280356,0.2969683755195,0.1098765495480,-0.1791660936511,0.5310532431289,0.0036214142891,-0.3978487675537,-0.0699357932439,0.3283149747924,0.4994180809665,0.3957373440475,0.2097216660341,0.1197952668171,0.0579040232116,-0.0246844760063,0.0397507166066,-0.0752546183357,-0.0592924498645,-0.2014913993003,-0.1181853835902,0.0692883747979,0.1382908993098,0.1472377754102,-0.0706328149281,-0.0455973524477,0.0607286980581,0.2432173072603,0.5478069429858,0.0411561726632,0.1555795058059,0.5004452198805,0.0841338053132,-0.0501901620596,0.1227602362647,-0.2833306933955,0.0289631757847,0.0045679665929,0.1644891845751,-0.2933075544070,0.2051630987508,0.1566111989700,-0.0321034683297,-0.1071852136750,0.1938884522391,0.2412891251164
0.3703364718604,0.1842838799253,0.0871053916000,0.2295538566700,0.5704910475602,-0.0355651635842,-0.1423816601503,0.1813099727209,-0.2630604227298,0.2849546025714,0.2330452417860,-0.0780402333716,0.5415346963384,0.0524725051480,0.0605384478833,-0.2166750194925,0.0160883884800,0.3432618835289,0.0844020511675,0.4325726386820,1.0000000000000,0.1868920353182,0.0825212849344,0.1929973214321,0.2293972003391,0.1687180459909,0.2677424422974,0.1167528855528,0.2357323728871,0.2736021435840,0.1848230477431,0.0040997665334,-0.2748126338378,0.0900321757188,0.2334003106942,0.1648940849291,0.2142268774614,0.0519827160729,-0.0018276781236,0.4128687243760,-0.0239947156038,-0.1998128110307,0.1998231427644,-0.3514709682411,0.2896887072517,0.2087758614586,0.1845261348445,0.5141453133500,-0.0292910267909,-0.2122586580331,-0.0244604558359,0.0182251602265,0.3344052238676,0.1062595528190,0.1576176471622,0.8747113294489,0.0846216031034,0.0766813822993,0.2253815337265,0.1364420275452,-0.0112263572974,0.1336702008798,0.1384519114779,0.2052772403800,0.1159142508481,0.1078879054892,0.2592754761047,0.0519222850611,0.1179380673641,0.1454646397098
0.2336408805712,0.3421227109686,0.4510302450677,0.1972218809712,0.1743179721731,0.0750355787276,-0.1737524631969,0.3274566132119,-0.1758255824017,-0.1150013792442,0.0483442414497,-0.0261138793219,-0.0715503998642,-0.0731763706022,0.0549674605310,-0.1838655147504,0.4634773081515,0.3688755738595,0.0475445311986,0.0512251687642,0.1868920353182,1.0000000000000,0.2348758482128,0.8951215009586,0.2465060051853,0.0274842579196,0.3571024339655,0.3529781513529,0.6696443587289,0.2102375469870,0.6750105717298,0.1755130197985,0.1553663954563,0.3264830364307,0.2641395952052,-0.1256648921434,0.3340595242076,-0.0024623628426,0.0542901879595,0.0357656590684,-0.0556219954505,-0.2003739999171,0.0368703777894,-0.1763212094853,-0.1066438192529,-0.0562006609809,0.0420094416276,-0.0702809068714,-0.0899590965819,-0.2054367108228,-0.2240740112809,0.3517560199702,0.1781413192438,-0.0004540532066,0.0185915332163,0.1317628227335,0.5475364107396,0.2549559039071,0.5737518743577,0.1323836155676,-0.0638273479502,0.0603523270677,0.2139801584785,0.2353912905676,-0.0269091252763,0.2600295706667,0.2697303331981,-0.0801047335140,0.1957657016274,0.2716717223951
0.1663088748199,0.4486996004005,0.2603970575510,0.5194150768826,0.1469799505069,0.0464808753201,-0.1934617445165,0.3090227486085,-0.1280059790568,0.3163140056744,-0.1934698968764,-0.0183723414765,-0.1068652670077,-0.1172444358878,-0.0486660328509,-0.1042915484396,0.3288285928454,-0.0138081027967,-0.1603456215826,-0.1340896245653,0.0825212849344,0.2348758482128,1.0000000000000,0.3152768189747,0.5787527512107,0.0899664704932,0.2415237002110,0.2627969090521,0.2861151511308,0.0074819300801,0.4364727856157,0.1482168427174,-0.2261314486350,-0.0668180854035,0.1560523574189,0.0458347254342,0.2998024819380,0.3171713912805,0.2114999328069,0.1516870081476,-0.0792292067121,-0.2295894634280,0.1438002947481,-0.2857397977010,0.2916487282380,-0.2647269891453,-0.0424602666933,0.0130494181956,-0.0783773709923,-0.1604937494504,-0.2051111186342,0.2217188428933,-0.0067663796947,-0.2113556356576,-0.0448166072476,0.1690410664512,0.2496464552602,0.8423217780814,0.1998392773794,0.6714988289005,-0.0124365226527,0.1217631747938,0.2913802633851,0.2926277483480,0.0502182261910,0.2644999861263,0.1322760501839,-0.0375813200368,0.0513020151143,0.2575142223763
0.3148534945476,0.3624226088069,0.5777919668591,0.3017414220667,0.2199450612937,0.1820985580672,-0.0884397956499,0.2000131614366,-0.0569236793079,-0.0727241203029,0.1282806284706,-0.0202543191963,-0.0801228464569,-0.0978384996396,0.0750759434234,-0.0880014130313,0.5628491595167,0.3832989061062,0.1239261917144,0.1605639611351,0.1929973214321,0.8951215009586,0.3152768189747,1.0000000000000,0.2072529101907,0.0357954298605,0.4278443814621,0.4050587299244,0.5876029345217,0.2409610117258,0.6629968387475,0.0167882311370,0.0835678073508,0.3515001143877,0.3790017936003,-0.0094418631915,0.2718006710895,0.0388559483628,0.1084128995742,0.0707615064364,-0.0273832391905,-0.1122189507176,0.0078518789825,-0.1266556548729,-0.0712283224300,0.0081661089916,-0.0353745080785,-0.0250099846368,-0.0515320709659,-0.1720787013957,-0.1606455002163,0.4718856036632,0.2836305781502,-0.0035216848606,0.0736631991080,0.2216120518453,0.6007148700633,0.3259180366192,0.6020696757031,0.1918827441376,-0.0480957773549,0.0387032550191,0.2128692158620,0.1648502417863,0.0302422734260,0.3221917463493,0.0892063536832,-0.1728749731406,0.2996433123463,0.3918094837700
-0.0181570176450,0.3204359893432,0.3561046281110,0.3273855620560,0.2824323012175,-0.0821402388344,-0.3016662468901,0.7062074566840,-0.2255691669011,0.5484424962558,-0.1781345656311,-0.0049185852655,-0.0213582919056,-0.0751262414738,-0.1113666456730,-0.0991306875996,0.1173199006787,-0.0671367225485,-0.1900749880270,-0.2735992594043,0.2293972003391,0.2465060051853,0.5787527512107,0.2072529101907,1.0000000000000,0.0670831567927,0.2794788255531,0.3994643213977,0.4984118068943,-0.1140143808654,0.3674840275094,0.3075111695407,-0.1790585699745,-0.1493572509067,-0.0803799842445,-0.1296985868574,0.0708969467688,0.1534271117475,0.0803107390113,0.3893633093888,-0.1611550312103,-0.3724508713466,0.4107409803702,-0.3543462182588,0.5544182384985,-0.2124881142648,-0.0280833877612,0.1162902259604,0.0901447759177,-0.1729733386330,-0.1753180345936,0.0098484590492,-0.1652552159373,-0.1565356561973,-0.0391384432369,0.2038724410600,0.0368630520157,0.3935821820717,0.0124369852435,0.8651971801637,0.0713537372162,0.2350075825184,0.3419361266697,0.4410896215092,-0.0559783735214,-0.0550657826626,0.2697384223415,0.1089136723028,-0.0630176402364,-0.0104498689029
0.3533491324276,0.3398598058463,0.0827864096798,0.5478423195677,0.0914255683980,0.1953690325453,0.1262152525891,-0.0101125646882,0.1757379720903,0.1501890762450,0.0671019346184,-0.1760933644002,0.1956183088064,0.2821344521786,0.4646636350512,0.0556455007425,0.2823770497062,0.2656730665752,0.1761557055862,0.4241288280356,0.1687180459909,0.0274842579196,0.0899664704932,0.0357954298605,0.0670831567927,1.0000000000000,0.1908395592355,0.3050463943395,-0.1422819303445,0.4295645497417,-0.0176376072138,-0.2221506315607,0.0996073696942,0.2342573866912,0.4046458770405,0.2179247653833,0.3161706709708,0.3287191472359,0.2270489026651,-0.1581876655865,0.0821559233066,-0.0170521247519,0.0530409646981,-0.1038227920485,0.1214587848854,-0.1032171070428,0.1701255426720,-0.0613570155141,-0.1279340677453,0.0111856879247,0.1425393411873,0.3220227861468,0.2511391151431,-0.2303972520914,-0.3461533450058,0.2074253815509,0.1085735291847,0.1387050625335,0.0691464167393,0.0345053283368,0.0807873434042,0.0497629242852,0.4974890860606,-0.2186761914288,0.0276109397548,0.1222392464485,0.1872771888575,-0.1570642808132,-0.0384053629271,0.2612481445194
0.2320994543802,0.4483545985444,0.5668618347258,0.3675825741458,0.0552537355822,0.0106886282493,-0.1484195493806,0.3225730058796,-0.0607308563726,-0.0759436796451,0.0677934689049,0.2313737081130,-0.0136807789030,-0.1359577285827,0.1393768663476,-0.1119209282768,0.1113449695044,0.3162473711766,0.2800346360041,0.2969683755195,0.2677424422974,0.3571024339655,0.2415237002110,0.4278443814621,0.2794788255531,0.1908395592355,1.0000000000000,0.6199535283738,0.3676486089879,0.1053912494729,0.5115324832338,0.1096222308525,0.0061320996486,0.1381441332649,0.2329438363808,0.0534776173224,0.1877037564045,-0.0473586140525,0.1043280391772,0.0319789079801,-0.0755641288051,-0.2702975219849,0.1227432087277,-0.2132327205478,-0.0964017110244,-0.0402487681064,0.0917042874202,0.0816669982861,0.0072297939294,-0.1004046410613,-0.2080863747145,0.0554185933883,0.1899599203450,0.0669235216764,0.2750782012596,0.2320830796483,0.0613097071934,0.1679912759879,0.0772948304446,0.1619168177670,0.1123425037873,0.3160693448370,0.2533827939093,0.0230031118377,-0.0168047270682,0.1059104482015,0.0783028676323,-0.1081043773253,0.0928482516180,0.1524851212735
0.1684167640247,0.4050213715492,0.7087850084292,0.3846604852948,-0.0177867930409,0.0621189433769,-0.0736008596916,0.3894596339298,0.0990242487748,0.1719194683042,0.0526080813331,0.3161148470774,-0.1284110294293,0.1565083117784,0.2418540608794,0.0683976034457,0.3636009006289,-0.0429420050741,0.3864399180961,0.1098765495480,0.1167528855528,0.3529781513529,0.2627969090521,0.4050587299244,0.3994643213977,0.3050463943395,0.6199535283738,1.0000000000000,0.3529588636918,0.0566298197822,0.2242928251982,0.0819791749009,0.0874276119574,0.0047665011744,0.0463935473846,-0.1427751287817,0.0350032975112,-0.0986375244518,0.1336138237264,-0.0044063133852,0.0189010715126,-0.1645626615113,0.0755573752958,-0.0789472508068,0.1196295601905,-0.0844570313481,0.1551152435854,-0.0085050286373,0.2923403479091,0.0519815213248,-0.0259376151768,0.3368757652035,-0.1429417203413,0.0842089354163,0.0421560690877,0.1664977432762,0.1215830609555,0.0614834214645,0.0454950013852,0.3027953047437,0.1924321096394,-0.0750693955202,0.6217074653244,-0.0544749992638,-0.1066498951325,-0.1875247630297,0.1544027244682,-0.0279848703310,-0.0619246999204,-0.0061516553860
-0.0045308814328,0.1997831279322,0.4192744701243,0.0133027715151,0.2227424826007,-0.1330151869202,-0.3408305387773,0.5297290445025,-0.2159556326197,-0.0621798070122,-0.0103988019432,0.1590445708250,-0.1617902822682,-0.0652460040452,-0.0942691260061,-0.2457472742761,0.2944571792256,0.0773291128892,0.0148346465981,-0.1791660936511,0.2357323728871,0.6696443587289,0.2861151511308,0.5876029345217,0.4984118068943,-0.1422819303445,0.3676486089879,0.3529588636918,1.0000000000000,-0.0501473912846,0.6140520301431,0.4221299627989,0.0894416452643,0.0347349932388,-0.1427483157448,-0.2490848603863,0.1239899700398,-0.0008389815952,-0.0825202930345,0.2963377737269,-0.2109410652407,-0.2549212706561,0.1852020092860,-0.1477702009978,-0.0116274389619,-0.0059254556642,0.1342379994698,-0.0289611283506,0.0710200594153,-0.1855144926967,-0.2757379895010,0.1295047198724,-0.0742961455476,0.1790563201894,0.1650673964849,0.0898287795386,0.1886736079887,0.2119924108137,0.2839398299607,0.3339324956491,0.0219704180015,0.2341427799090,0.1174788455692,0.6512896900510,-0.1070070447302,0.0537976891864,0.3019128504187,-0.0421621792115,0.0192060812127,0.0168455356391
0.5381998858914,0.1167664565292,-0.0373925541411,0.3391449270410,0.1839246575209,0.0880356516337,0.2323537008286,-0.0100997079159,0.2523557677891,0.0677629788988,0.3310788382118,0.0999567712209,0.2975112986568,0.3980446472858,0.5515551631881,0.1572832191897,0.1875029395175,0.3811027845047,0.3179836159173,0.5310532431289,0.2736021435840,0.2102375469870,0.0074819300801,0.2409610117258,-0.1140143808654,0.4295645497417,0.1053912494729,0.0566298197822,-0.0501473912846,1.0000000000000,0.1516114680123,-0.0720760953534,0.1970664430397,0.4989677082573,0.4299168882315,0.2672486815011,0.2493398297152,0.1592185669878,0.0772584259983,0.0316154190544,-0.0021649499233,0.0335036379700,-0.0966905175394,-0.0630315183951,0.0797208534298,0.0935294981359,0.3086304144040,0.1272191472154,-0.0117126451239,0.1262017914192,0.1179809826636,0.1776023338698,0.2788881004237,0.0460864809491,-0.1018180860928,0.2290620058816,0.1268498615523,0.0582595955278,0.2207809972852,-0.0883343105748,-0.0665994677130,-0.0148345436392,0.1850678829630,-0.0729051652976,0.5519839912601,0.1122324046143,0.2408466280641,0.0281030746956,0.3475886117486,0.3618137275491
0.2592785558783,0.3126862076046,0.3888032487480,0.1748450640660,0.1379279595200,0.0535101198594,-0.2508140047956,0.5391088079508,-0.1072448431768,-0.0715243644516,-0.0357869564277,-0.0431200405383,-0.1509604430595,-0.2547267318791,0.1055720204005,-0.1716432944074,0.2364423882306,0.4962982279708,-0.0963432005932,0.0036214142891,0.1848230477431,0.6750105717298,0.4364727856157,0.6629968387475,0.3674840275094,-0.0176376072138,0.5115324832338,0.2242928251982,0.6140520301431,0.1516114680123,1.0000000000000,0.3699099851953,0.1006027192942,0.2473073338242,0.2575803864642,-0.1610118732421,0.2802623644903,0.1277838453984,0.1176357069241,0.1349082323257,-0.1638433979818,-0.2901495571804,0.1438267299621,-0.2264974467745,-0.1171611500140,-0.1308185783533,-0.0023695380393,-0.0217749765275,-0.2268450025853,-0.2413377826108,-0.3179001991748,0.0863287761907,0.1835600486107,-0.0409262546436,0.1837701056269,0.1105521424685,0.2280233628682,0.3816807645744,0.2802489782999,0.2804733533363,-0.0275645861610,0.3529527210491,0.0772576554931,0.4242066012389,-0.0950231849708,0.3626226678395,0.2365701174279,-0.0277634829880,0.1254878434734,0.3501775692918
-0.0871485261932,-0.0529373993803,-0.1440993289818,-0.3224415447277,-0.0614881473171,-0.2351496101376,-0.4224634057895,0.5997033146471,-0.1654640407091,-0.0961705488191,-0.1761197671166,0.1044793003230,-0.2419713968095,-0.1725453233712,0.0414235250320,-0.2045235653147,-0.2181713914624,-0.0294262625903,-0.1936859548373,-0.3978487675537,0.0040997665334,0.1755130197985,0.1482168427174,0.0167882311370,0.3075111695407,-0.2221506315607,0.1096222308525,0.0819791749009,0.4221299627989,-0.0720760953534,0.3699099851953,1.0000000000000,0.0720238070516,0.0285870177412,-0.2712146949672,-0.4631943392157,0.0623317045802,-0.0454001568236,0.0215229720362,0.2496709317681,-0.2934327485319,-0.3149034476690,0.0288802190908,-0.1355047841599,-0.0425958805436,-0.1456731543755,0.1428132551452,-0.0071543878742,-0.0793320129316,-0.1196368773403,-0.3134186448877,-0.3296312921477,-0.4576484654377,0.0946540171641,0.2162567702823,-0.1786656358483,-0.3225130661236,-0.0081764249318,-0.0403976608203,0.1862890681958,0.1788495779711,0.4048328237727,0.0785665644564,0.5887541379787,-0.1203530632295,-0.2970490049948,0.5799971266357,0.2122292137551,-0.0363755823027,-0.0225331067834
-0.0630263601150,-0.1616775604565,0.1099552272340,-0.0746445633385,-0.2685165896057,0.4448484742598,0.4392339120058,-0.0210966570725,0.4498195980268,-0.1936219208551,0.1366821708167,0.2253632206409,-0.0796787344322,0.3320597903214,0.3560841936277,0.4572915549491,0.1019718865660,0.0108306305899,0.2334316921768,-0.0699357932439,-0.2748126338378,0.1553663954563,-0.2261314486350,0.0835678073508,-0.1790585699745,0.0996073696942,0.0061320996486,0.0874276119574,0.0894416452643,0.1970664430397,0.1006027192942,0.0720238070516,1.0000000000000,0.1636162510939,-0.0220821451839,-0.1834464760518,-0.1570654310242,-0.0577728347459,0.0269543624334,-0.2304459249845,0.3810018998223,0.3538340369435,-0.1004354170444,0.4802522817669,-0.1889175758835,0.0253506309659,0.2049013462824,-0.1783705030737,0.1131869015182,0.2552755786389,0.3070390949424,0.0685492506915,-0.0339107557167,0.0855123965844,-0.1658565255273,-0.2941530257657,-0.0674161470338,-0.2056961994179,-0.0976970678371,-0.1932157559072,-0.0598243132303,-0.0401194270715,-0.0204471936023,-0.0382099470315,-0.0324847553855,-0.0101635612785,0.0691948409642,0.1495447463475,-0.1036105557249,0.0321902956793
0.2994404335223,0.1662924184257,-0.0043100607053,0.1379348858404,0.2632114986574,0.0281066736805,0.0725053595776,0.0334817386292,0.1514690354157,-0.1576940302216,0.2431815934789,0.0276099250059,0.0283968200848,0.0702824060180,0.1547286660730,0.0764486636637,0.0682787266378,0.5028081169551,0.0758907717025,0.3283149747924,0.0900321757188,0.3264830364307,-0.0668180854035,0.3515001143877,-0.1493572509067,0.2342573866912,0.1381441332649,0.0047665011744,0.0347349932388,0.4989677082573,0.2473073338242,0.0285870177412,0.1636162510939,1.0000000000000,0.5475837226266,0.1688853354249,0.2535486163983,-0.0024196600154,0.3516184755680,0.1920101359203,-0.0997496842990,-0.0203848657532,-0.1269218608098,-0.1093460177719,-0.1664345806170,0.2623514392376,-0.0131563801683,-0.0080619459823,-0.0750643232650,-0.0972735351765,0.0385758268669,0.0838560843544,0.2801974374845,-0.0357288299756,0.2107090667264,0.1326401710565,0.1052091569359,0.0255773366483,0.1922979620051,-0.1078927189465,0.1776537044735,0.1017252549788,0.0278087415077,-0.0127480262034,0.1915084904746,0.0623160767671,0.1694822762936,-0.0209496252065,0.7258463755017,0.5402183833957
