1.0000000000000,0.1817606660367,0.3955367566301,0.6178262077060,0.0307673827266,0.3855338928819,0.2357531097901,0.1892789548099,0.2697997975439,0.1860888803626,0.0535697018302,0.1494379104081,0.1625273474017,0.1329603532116,0.4532963511539,0.4564678368519,0.2755345083631,0.4588483358003,-0.0288908275682,0.1522102277477,0.0984234997283,0.5199291049206,0.2079537921311,0.5495450698321,0.1345358147846,0.1620433248910,0.3299867814062,0.2262062364316,0.2216717028095,0.5671862427338,0.4434603584783,-0.2226801791130,0.2335750618335,0.6513851294421,0.5405075412814,0.7347723357189,0.1845324034738,0.1508390053148,0.4736973146726,-0.1698491314124,0.5183859193132,0.3632820837478,0.3543341713562,0.2579136386161,0.1428242556374,0.2846064268966,0.1595212262294,0.1047955604400,-0.1837071263369,0.3130051168296,0.4385840237451,0.2848912004397,0.1035295311155,-0.1670485424359,-0.1735440456688,0.0977507136385,0.4786115072767,0.2536220842520,0.3508366626713,0.0818701031556,0.0787318415246,-0.0401371293310,0.1159563454628,0.1545951771038,0.3949295781009,0.4187374211215,-0.0323396612964,0.3513315465444,0.5677754749924,0.5341950446862
0.1817606660367,1.0000000000000,0.2676379680565,0.4834391213780,-0.1818784104184,-0.2014072816762,-0.2618536984126,0.0056584506079,-0.1033419559244,-0.1093554977254,-0.0791957785334,0.0363115018006,-0.2201872158325,-0.0101653055258,0.2113406174312,-0.3065149971499,0.4879593383135,0.3688226344768,0.0853668200982,0.2248766786540,-0.1026965169129,0.4740711096326,0.6221468060652,0.4533636065645,0.2198223974356,0.4237425707210,0.6775456874264,0.3577814501736,0.3004089616989,0.3324537852899,0.5816556928569,0.1609314408207,-0.3370881044098,0.2656156361120,0.5724445827366,0.2376952801165,0.8084273876473,-0.1476601053294,0.4641699440858,-0.1725633287588,-0.2521606849940,-0.2190374924609,-0.2796428691432,-0.3169269593241,-0.2322334276520,-0.1686608334165,-0.0880037854145,-0.2341545906404,-0.0596512691754,-0.1351739047450,-0.2965019165950,0.4503769777843,0.2615713944665,0.0364993463907,0.2479581158795,-0.1074689127306,0.4548209942418,0.5307562292831,0.4938053546152,0.0761795553960,0.3335691995236,0.3024139192823,0.2618260381586,0.0695281219021,0.3195593703610,0.5259391808595,0.0787962640724,-0.2979246419424,0.4075082510568,0.5133717080147
0.3955367566301,0.2676379680565,1.0000000000000,0.4484377108862,0.0238134492431,0.0289417205346,0.0785882369314,0.5024310968671,0.3760485271498,0.2880323823071,-0.0273087491065,0.2752078689824,0.0077106781077,0.2614474121876,0.4726795106327,0.2015792591888,0.1591861815635,0.5345152628411,0.2625934141659,0.5037767993427,0.1178921217954,0.4102634177484,0.2281046904912,0.5591564598795,0.2986979134616,0.5507427159455,0.5990160091216,0.6470329587715,0.2802449095401,0.1965072110290,0.5118418020328,-0.0517357606646,-0.1038884362749,0.1743389370659,0.4749693594608,0.1820593634559,0.1003410140330,0.2968440900031,0.5002002544104,-0.0743894792223,0.0915718584638,0.0297740145544,0.2487284650633,0.0811251356544,0.1368370469747,0.0682046551276,0.1766352894418,-0.0141904282593,0.1137853598184,0.1856459297160,0.1949694775060,0.2178986445295,0.0859671357750,0.0745106190123,0.0117319859163,0.0980421525664,0.2946803750013,0.2654116736234,0.1660485010295,0.1049619921673,0.2878646194875,0.1141024428288,0.4945377174141,0.0877559783775,0.1160270837036,0.1529227133047,0.0411050558713,0.1065692122213,0.1879975836639,0.2911664629576
0.6178262077060,0.4834391213780,0.4484377108862,1.0000000000000,0.1340510699078,0.2991774047007,0.2529691378381,0.3546670523573,0.1770673026545,0.4193369237206,0.0582474239730,-0.0059976400942,0.2313869635736,0.0041821228601,0.3335122039322,0.3724302902266,0.3923901501376,0.3055848217000,-0.1963616640983,0.1043429625473,0.2002937864740,0.4702798980473,0.6160706297657,0.4861106450546,0.5204582844459,0.4126569646071,0.5391283079467,0.3365906156014,0.4765757576424,0.5118200506852,0.5657804131197,-0.2808658082400,0.1057428714282,0.4445775645299,0.6620041235001,0.5261373711304,0.3312668756965,0.0445646979273,0.7264134793550,-0.0651990039202,0.4417333094557,0.3252723061328,0.4344933814077,0.0616721034466,0.3922000999099,0.3600276830173,-0.0882646500397,0.1838774397364,-0.2961265077506,0.1670210228948,0.4244262215939,0.3671139939950,-0.0743844128387,-0.2754402708916,-0.2621392948632,0.1722050441809,0.4631125740945,0.6077241173714,0.3445759717261,0.4362064781520,0.1186277525140,-0.0514249207226,0.1712218441759,0.3799830751839,0.3257945037640,0.4998911089724,-0.1773443784381,0.2100961509476,0.5447334399210,0.6208568257560
0.0307673827266,-0.1818784104184,0.0238134492431,0.1340510699078,1.0000000000000,-0.1496095686891,0.4289807684939,0.1041706776013,-0.0922098266687,0.3021738004015,0.7567492873241,-0.2755345378806,0.8842563960791,-0.2613976798858,-0.2277543061943,0.0691586764508,-0.1750339170288,-0.1024051503223,-0.3885554183112,-0.2014341524185,0.8947639818864,-0.1187046604668,-0.0494293761760,-0.0637969785929,0.4170934033517,-0.0224428104957,-0.1352630830521,-0.1904411201952,0.6135736154122,-0.2077514351839,0.0078564727559,-0.4667916433715,0.1977786672915,-0.0966185685383,-0.1268787971972,-0.0723234408580,-0.1104287674370,0.1094745513097,0.0640522804939,0.9289286776473,0.0671718616905,0.2919828698761,0.3296530277597,-0.1781829360387,0.5070572920540,0.7438963968951,-0.2168009543903,0.8935309370663,-0.2461096630892,-0.2173770136403,0.2025081012404,-0.0749599054056,-0.0333043163845,-0.3306576902762,-0.2536475394521,0.9052200063653,-0.1878955986251,0.0224415987457,-0.0894014536634,0.7004515373503,-0.0744140788271,-0.0707078797899,-0.1389659158523,0.6896952133714,-0.1841580841883,-0.1042948251599,-0.4108580745061,0.2061115887014,-0.1808189140191,-0.1452418547472
0.3855338928819,-0.2014072816762,0.0289417205346,0.2991774047007,-0.1496095686891,1.0000000000000,0.5155216262880,0.1160273847235,0.5746902394523,0.1255078638578,-0.0379190611151,0.3678724890188,-0.0189770076151,0.3465503173254,0.3931778131530,0.7039456841811,-0.1143562651221,-0.1388746960207,0.1106110276433,-0.1513465241257,-0.1897086555161,0.0287412244676,-0.0494807721077,-0.0503547630918,-0.0227109828488,-0.0883749445629,-0.1320959196713,0.0403995251416,-0.0699181500248,0.3184756408987,0.0248802032710,0.0656932269836,0.4762095666601,0.3246695042101,0.0822166459835,0.3259817564251,-0.2543639166428,-0.1300069599335,0.0601062918566,-0.3247586240414,0.8269978541294,0.6702594591185,0.2942422370694,0.7511005571124,0.1832320881811,0.2709046343029,0.3193246945043,-0.0221219954380,-0.0059649350193,0.4888851670359,0.6566427559004,-0.1608409534046,-0.4212072507462,0.0753813829917,-0.4310628824514,-0.1623732993645,0.0873328379111,0.0087804628182,-0.1587717874501,-0.0942041640600,-0.2851144188701,-0.4438842968712,-0.2162589527749,-0.0636884750814,0.1635358529828,0.1579233666874,0.1647249284599,0.3376789486369,0.3023611254346,0.1290011301479
0.2357531097901,-0.2618536984126,0.0785882369314,0.2529691378381,0.4289807684939,0.5155216262880,1.0000000000000,0.1171468346645,0.5367728555126,0.2784280198243,0.5197632831853,0.1685369445435,0.5826973356528,0.1970619729609,0.2029575057595,0.6231231457232,-0.2159035674378,-0.1257450442514,-0.0778056970990,-0.1204421856706,0.4146683871465,0.0034234773278,-0.1234179977068,-0.0435674150090,0.2217060085859,0.0014345485984,-0.1379001730577,-0.0260530940238,0.2867232826509,0.1888890843238,-0.0036931690607,-0.1172762813357,0.4929033820832,0.2029512210211,-0.0259191212487,0.1834719430672,-0.3388822525171,0.0656425624187,0.1220800332611,0.2962258369644,0.5867114900444,0.8428790624416,0.3926317600291,0.4660808981094,0.4866356043790,0.6307502318514,0.1781966786657,0.5954329839089,-0.0448518761034,0.2352286184088,0.6282713951152,-0.1117252489116,-0.2628581637130,-0.0968538672776,-0.3411182462231,0.4077525030490,0.0063805974630,-0.0200989219261,-0.1339061020195,0.3619714740406,-0.1927218222244,-0.2702161239815,-0.1118775119624,0.3411084653947,0.1055144189918,0.0458136783677,-0.0960887110860,0.4365049056969,0.1443069047571,-0.0133919751023
0.1892789548099,0.0056584506079,0.5024310968671,0.3546670523573,0.1041706776013,0.1160273847235,0.1171468346645,1.0000000000000,0.1985860610768,0.6386524796244,-0.0737631291090,0.0207919390207,0.0559521358448,0.2496662333363,0.3451150781763,0.3043988474976,0.1802341852830,0.1382384947225,-0.0289651381429,0.2381198096928,0.0794026268215,0.1397811485924,0.3253263958843,0.1649550199928,0.6753421457681,0.4700378707350,0.2154980162352,0.5417755984783,0.2419927603477,0.0258140917252,0.2511883162509,-0.1413401203311,0.0503725331828,0.0163489467384,0.2050921960582,-0.0340316323795,-0.1441574933299,-0.0996534834580,0.3020106052281,0.0009330673319,0.1759046613587,0.0560109501100,0.5030581127504,-0.0508013040885,0.4748774367394,0.1203320266755,-0.1445772147521,0.0690768899488,0.1353041887718,0.2226513114879,0.3242976289315,0.1982754716794,-0.3042480533721,-0.0866604916636,-0.2356600822770,0.0641478337927,0.0741878878961,0.2863567567740,-0.0810374243332,0.3843218763149,0.1146549089597,-0.3132589477489,0.2839769161160,0.1404934010853,-0.0084809497531,-0.0607361217824,-0.0883968479435,0.1179449897008,0.0002800737858,0.0701764016437
0.2697997975439,-0.1033419559244,0.3760485271498,0.1770673026545,-0.0922098266687,0.5746902394523,0.5367728555126,0.1985860610768,1.0000000000000,0.0009487329424,0.1840043026712,0.6794681372876,-0.0153263269617,0.6438499935332,0.6850290280382,0.4444572037620,-0.1897396655234,0.1308871198636,0.6065926860150,0.3845977608092,-0.0535593037690,0.1950550655133,-0.1686076886582,0.1394357447291,-0.0714124788348,0.2384797706067,0.1286820336398,0.2942298538984,0.0474571993935,0.3487889696189,0.0717089021074,0.3490662933844,0.2136739097520,0.1715088752482,0.0472187972094,0.2046744942868,-0.2972116637982,0.1154311969251,0.1800077658455,-0.1979620427391,0.4230961538045,0.5075554884241,0.1148985016597,0.7088083499010,-0.0257918914247,0.2093934770903,0.6013175662895,-0.0497457853111,0.3780225315532,0.4938515654142,0.3196449260621,-0.1256820198463,-0.1403131677135,0.4042662481496,-0.0355515693745,-0.0398534568129,0.1814032729936,-0.1427209035000,-0.0521665933741,-0.1646912950014,-0.0009031464660,-0.0903935583303,0.1655489293832,-0.0297388295065,0.2140912282490,0.0327702896876,0.4309414919497,0.2406195451984,0.1573575663203,-0.0144031475514
0.1860888803626,-0.1093554977254,0.2880323823071,0.4193369237206,0.3021738004015,0.1255078638578,0.2784280198243,0.6386524796244,0.0009487329424,1.0000000000000,0.0164089881433,-0.1739066622708,0.3323549691085,0.1396119912858,0.0962495474570,0.4904725909911,0.0904136436983,-0.0058707750736,-0.2988405391481,-0.0297050907714,0.3032494724196,0.0881671755997,0.3588660738646,0.0781944171561,0.7437982406937,0.3293871961352,-0.0428907077831,0.3003638081444,0.1429179525130,-0.0063618546140,-0.0298146415558,-0.3540439071953,0.0977842277689,0.0858667185608,0.2043692853266,-0.0057562517181,-0.1521234305024,-0.0574307641340,0.3797066746423,0.1762823288205,0.3176376236011,0.1898337025211,0.6031522808024,-0.0744307749529,0.8372968956971,0.2938789611730,-0.1967391197747,0.3578535551570,-0.0335403415297,0.1438334063165,0.5530356095843,0.0982696492161,-0.3593356948576,-0.1927543155271,-0.3494380914298,0.2556967180797,0.0127585543989,0.4369651354596,-0.1118042431966,0.5785445926130,0.0714754260033,-0.4258497467774,0.1488166881695,0.1170169386075,-0.0428079211933,-0.1330951183344,-0.2153075449766,0.2304723876622,0.0941449673329,0.1488006793753
0.0535697018302,-0.0791957785334,-0.0273087491065,0.0582474239730,0.7567492873241,-0.0379190611151,0.5197632831853,-0.0737631291090,0.1840043026712,0.0164089881433,1.0000000000000,0.0490185098594,0.7010215058493,-0.0301546478515,0.0528852526349,-0.0291898483536,-0.2749991079029,-0.0686224611756,-0.0491648410223,-0.0770582693760,0.7255142491065,-0.0501788664366,-0.1472425998503,-0.1178689376372,0.1251665490999,0.0115678519331,-0.0321116359080,-0.1469113824372,0.4164762299793,-0.0031969418559,-0.0453919325484,-0.0993696241283,0.2139091349969,-0.0213057277171,-0.1933958820513,0.0560484313169,-0.0266114540270,0.1150021187340,0.0642162963842,0.7566521113513,0.0299447059001,0.3915504793041,0.0819932854800,0.0533399111427,0.2169579846662,0.7454802390036,0.0166060039594,0.7087988342131,0.0028159344030,-0.0319947251047,0.0257421983226,-0.1473795559483,0.0575112130898,-0.0770350080897,-0.0424465257494,0.7394876257320,-0.1316458083876,-0.0949784069416,-0.0837009210584,0.4058299015697,0.0932327078003,0.1209579376771,-0.0137473906778,0.4680486733030,-0.0234345306120,-0.1035294857793,-0.1044780932097,0.1519754842361,-0.0997085977059,-0.1727042263011
0.1494379104081,0.0363115018006,0.2752078689824,-0.0059976400942,-0.2755345378806,0.3678724890188,0.1685369445435,0.0207919390207,0.6794681372876,-0.1739066622708,0.0490185098594,1.0000000000000,-0.2759812991961,0.6964737734023,0.5667528570468,0.1664766538984,-0.0447300031095,0.1773114700013,0.7678499171594,0.4561774080082,-0.2500700277150,0.2341794255598,-0.1851597857202,0.1383289501944,-0.2759640333793,0.2610763420640,0.1913429540337,0.3191131096332,-0.1313570328697,0.3167059822109,0.0146818403422,0.5022874540571,0.1686840373227,0.1418730742609,0.0779320049759,0.0900587730255,-0.1056048532968,0.0839061165909,0.1044693102545,-0.2846284292324,0.1705995731569,0.0860643505745,-0.1783905074075,0.5523300660884,-0.2649955573873,-0.0641929968036,0.7737010787515,-0.3050812249425,0.5763352400682,0.3917172908260,0.0098542762466,0.0280550259847,0.0643461766245,0.5798773164719,0.2356255221892,-0.2326460916916,0.2311572716079,-0.1445863153623,0.0152556814149,-0.3744346115917,0.2189846727125,0.1150471594338,0.2423736628350,-0.2383765953239,0.2572315998753,-0.0119977577553,0.5817632530574,-0.0032901101613,0.1125053756784,0.0369719645750
0.1625273474017,-0.2201872158325,0.0077106781077,0.2313869635736,0.8842563960791,-0.0189770076151,0.5826973356528,0.0559521358448,-0.0153263269617,0.3323549691085,0.7010215058493,-0.2759812991961,1.0000000000000,-0.2351753433144,-0.2032514395532,0.2474289174540,-0.1349674672511,-0.0373559729062,-0.4101320194964,-0.1937151431304,0.9168324903699,-0.0527971132672,-0.0272840924119,-0.0030012333190,0.3508959412461,-0.0775425728938,-0.1447900702372,-0.2323064894161,0.5226249385668,-0.0296357569742,0.0247525710319,-0.4611212392211,0.2495104557012,0.0727159119408,-0.0292282208216,0.0968020970953,-0.1813381804368,0.1630267880178,0.1292033605467,0.8031568398724,0.2358541967361,0.4533811280199,0.4281869930403,-0.0473271587271,0.5691424309127,0.8048261140691,-0.1609034127335,0.9662342875581,-0.3177061013110,-0.1309554213699,0.3601063852348,-0.0318571483538,-0.0147547875211,-0.3596966421353,-0.2917106133973,0.8963197249533,-0.0906997000090,0.0335081683209,-0.0380775500011,0.6194411584679,-0.1208847099515,-0.0878972924741,-0.1573174163626,0.6298114574533,-0.0762867115564,-0.0228566890908,-0.3652336727703,0.2869775263440,0.0007067826398,-0.0053781856346
0.1329603532116,-0.0101653055258,0.2614474121876,0.0041821228601,-0.2613976798858,0.3465503173254,0.1970619729609,0.2496662333363,0.6438499935332,0.1396119912858,-0.0301546478515,0.6964737734023,-0.2351753433144,1.0000000000000,0.6396831684304,0.3031631743227,0.0304747868783,-0.0061361582993,0.6883186317022,0.3240448372087,-0.2054054915968,0.2791182185294,-0.0731213175301,0.1267537568989,0.0309912216122,0.4226130842382,0.0119978015899,0.4885016807705,-0.1665647907330,0.2159964519017,-0.1169093185139,0.5507868824545,-0.0068094386420,0.1593772496461,0.0204204161887,-0.0001634421511,-0.1827638358442,-0.0460712470020,0.1653766317804,-0.2982764814674,0.1981160549651,0.1858765743307,0.0359298999380,0.5425932509134,-0.0461768615514,-0.0216897886005,0.5991503434915,-0.2576518089492,0.7498141912263,0.5612080589235,0.1811578018922,0.0888646469871,-0.2573835472539,0.5736384913975,0.0428045628868,-0.2219741069618,0.2579472586338,-0.0798476688729,-0.0461402011116,-0.2099418563605,0.2388117464295,-0.2072298309042,0.3920983532069,-0.2859888506000,0.1399895724281,-0.1457023572273,0.6547063928534,0.1555724929338,0.1404883087067,-0.0506057436605
0.4532963511539,0.2113406174312,0.4726795106327,0.3335122039322,-0.2277543061943,0.3931778131530,0.2029575057595,0.3451150781763,0.6850290280382,0.0962495474570,0.0528852526349,0.5667528570468,-0.2032514395532,0.6396831684304,1.0000000000000,0.2553756693003,0.0332994473560,0.3214966059565,0.5797660932449,0.4993349880346,-0.1477761385326,0.4079489236054,0.1355908673592,0.2787839744313,0.0936563940883,0.5046688139828,0.3726930773699,0.5797920953497,-0.0329129387611,0.4588022788615,0.1992602570388,0.3424725854278,0.0461654301030,0.2722451961046,0.2328355918255,0.3293083638916,0.0376363288857,-0.0449292641905,0.4044891309490,-0.3340667331815,0.2821902027686,0.2358914448203,0.0716684543955,0.4100253071499,-0.1043449124367,0.0300364566186,0.3987605728186,-0.2465399401806,0.3963457802581,0.6893976894663,0.1481190660077,0.0691251359286,-0.0729973550840,0.4132344180999,0.1552157942634,-0.1580017190482,0.3004101592423,0.1044148170419,0.0429190109099,-0.1293884365259,0.3041656415797,-0.0374908910283,0.4466844633177,-0.1949053255814,0.2805154492063,0.0586909139097,0.4168772908508,0.2181044425427,0.2474646963930,0.1394701550496
0.4564678368519,-0.3065149971499,0.2015792591888,0.3724302902266,0.0691586764508,0.7039456841811,0.6231231457232,0.3043988474976,0.4444572037620,0.4904725909911,-0.0291898483536,0.1664766538984,0.2474289174540,0.3031631743227,0.2553756693003,1.0000000000000,-0.0000356100420,-0.0302107982564,-0.0941541050388,-0.0581313473179,0.0695197209892,0.1328471208551,-0.0266188343605,0.1207034850292,0.2220130148429,0.0227100370184,-0.1991996469057,0.0875260515391,0.0558028593528,0.2819449875309,0.0009194182547,-0.2039009014434,0.4219969144554,0.3874456347405,0.2187674204110,0.3033877726716,-0.4010634110076,0.0992291304315,0.2305505903683,-0.1394305497547,0.8347841000905,0.6639641443830,0.6169480288009,0.5577684987021,0.5538466773005,0.3832770975269,0.2420177755419,0.2515066158506,-0.0593861049842,0.4357051078491,0.9278686376715,0.0024015677809,-0.3251814018281,-0.0831446927036,-0.4303443563335,0.0580255145169,0.1131666752802,0.1146262852297,-0.1078474817129,0.1808688357805,-0.2562353748633,-0.4808172044720,-0.0586527418228,0.0902447403849,0.1716029019397,0.0766702511960,-0.0285224115510,0.4691079148679,0.3382502153070,0.2289717177957
0.2755345083631,0.4879593383135,0.1591861815635,0.3923901501376,-0.1750339170288,-0.1143562651221,-0.2159035674378,0.1802341852830,-0.1897396655234,0.0904136436983,-0.2749991079029,-0.0447300031095,-0.1349674672511,0.0304747868783,0.0332994473560,-0.0000356100420,1.0000000000000,0.2327253660168,-0.0867643382926,0.0961328987726,-0.0953578074386,0.5870665518625,0.5462832412567,0.6374596419941,0.2802945163206,0.2876729903912,0.3592257800278,0.3476928109706,0.2529236873994,0.3034183488881,0.4607129487565,-0.1178718396658,-0.1616432345541,0.3791566100477,0.5096911345699,0.1991172912274,0.3359694281834,0.0132645390419,0.3022342263516,-0.2230613426961,-0.0182712688966,-0.1957373180703,0.1007450533178,-0.2089550491095,0.0077368837025,-0.1491767326563,-0.0829818294319,-0.1683154618091,-0.0517046088239,-0.0944629639290,0.0218459312931,0.8440154378985,0.0900037104339,-0.1549159651916,-0.0450851154457,-0.1249813556844,0.5180030046042,0.4530239532837,0.5338547702515,0.1038877409063,0.1172434893719,0.0577328758006,0.2727885037095,0.1119077276234,0.1579575481194,0.4123702872982,-0.0460861576631,-0.0380368838047,0.3540862118850,0.4209034595294
0.4588483358003,0.3688226344768,0.5345152628411,0.3055848217000,-0.1024051503223,-0.1388746960207,-0.1257450442514,0.1382384947225,0.1308871198636,-0.0058707750736,-0.0686224611756,0.1773114700013,-0.0373559729062,-0.0061361582993,0.3214966059565,-0.0302107982564,0.2327253660168,1.0000000000000,0.1623882671975,0.6283296852165,0.0134776096074,0.4469096933122,0.2079232665961,0.6034540376639,-0.0185867241780,0.1811056424748,0.6090914049684,0.4135616810426,0.1512467061467,0.3771237953262,0.4398739900481,-0.0966729365075,-0.0552840236321,0.4405934388140,0.5515321810472,0.3117961529997,0.2686614495750,0.1038459005873,0.2596629176377,-0.1817592654232,-0.0385379048220,-0.1235474487027,-0.0843525256063,-0.1616341513865,-0.2018254903016,-0.0316391233840,0.0557115888447,-0.0964304161395,-0.1611317562979,-0.0129893216696,-0.0702900564275,0.1997339779900,0.5527074466953,-0.1113904005046,0.3067190040027,0.0490622293604,0.3687084503795,0.1022965525836,0.4180739625618,-0.1874477575087,0.1430334144935,0.2251092492453,0.1873680074225,-0.0519098393700,0.2887081289922,0.2122344621159,-0.0582597810521,0.0844895022869,0.3400954654592,0.4446250823332
-0.0288908275682,0.0853668200982,0.2625934141659,-0.1963616640983,-0.3885554183112,0.1106110276433,-0.0778056970990,-0.0289651381429,0.6065926860150,-0.2988405391481,-0.0491648410223,0.7678499171594,-0.4101320194964,0.6883186317022,0.5797660932449,-0.0941541050388,-0.0867643382926,0.1623882671975,1.0000000000000,0.5807273072981,-0.2973024512510,0.1896344413845,-0.1880676187879,0.0878336115218,-0.3708712357707,0.2570310299336,0.1757878776966,0.3724978694219,-0.2792513294491,0.1490394182863,-0.1033341146300,0.6956085349879,-0.2212354836691,-0.0484635249052,-0.0404296740098,-0.0678354594300,-0.0516816024425,0.0415458665394,0.0686180224326,-0.3125438022843,-0.1423745838552,-0.1203010621852,-0.3624157318227,0.3855002380904,-0.4592195044718,-0.2535045986454,0.6671906901232,-0.4394868002536,0.6357206493053,0.3243267968144,-0.2548789832852,-0.0398594491173,0.0910228185211,0.7812237298344,0.4169334328482,-0.2909088928767,0.1610884346951,-0.2493159690472,-0.0018200605948,-0.5223980268245,0.2620751422888,0.1925871409463,0.3639676485170,-0.3977296591391,0.1027606123830,-0.1555427991308,0.7246025091689,-0.1359017313938,-0.0172398114939,-0.1133540798238
0.1522102277477,0.2248766786540,0.5037767993427,0.1043429625473,-0.2014341524185,-0.1513465241257,-0.1204421856706,0.2381198096928,0.3845977608092,-0.0297050907714,-0.0770582693760,0.4561774080082,-0.1937151431304,0.3240448372087,0.4993349880346,-0.0581313473179,0.0961328987726,0.6283296852165,0.5807273072981,1.0000000000000,-0.1143964980268,0.3474734694429,0.1279466234891,0.4338533755429,-0.0718676209571,0.3983184311157,0.4681884302514,0.5343098103761,0.0213993809143,0.3237216738264,0.2273410687183,0.2107159649013,-0.2262635801443,0.0542885950330,0.3409574834696,0.0972507444011,0.0262308191010,0.1441035145905,0.2846758644347,-0.2146459804670,-0.1195359893466,-0.2542124729800,-0.1223479310049,-0.0257583359370,-0.2174772677197,-0.1477683335503,0.3321981589987,-0.2524370816968,0.2284100480023,0.1554310804426,-0.1534478905314,0.1351156902945,0.4040715120360,0.3434312645809,0.5362747207549,-0.1278143621543,0.2618263033574,0.0572399577309,0.2490367445874,-0.2567050100343,0.2689440697667,0.2594536069638,0.4549572440797,-0.1518400654207,0.2446396295245,-0.0063884530592,0.2257452321081,-0.0815152389766,0.1120968111932,0.2116993949038
0.0984234997283,-0.1026965169129,0.1178921217954,0.2002937864740,0.8947639818864,-0.1897086555161,0.4146683871465,0.0794026268215,-0.0535593037690,0.3032494724196,0.7255142491065,-0.2500700277150,0.9168324903699,-0.2054054915968,-0.1477761385326,0.0695197209892,-0.0953578074386,0.0134776096074,-0.2973024512510,-0.1143964980268,1.0000000000000,-0.0030114141764,-0.0036676282361,0.0610390801425,0.3551516785949,0.0956866393201,-0.0540924597137,-0.1577746890635,0.5256648439164,-0.1132904362990,0.0429739727656,-0.4059389443406,0.0579935598721,-0.0159140972254,-0.0053576066617,0.0269058183187,-0.0696922351522,0.2375392310461,0.2290628874243,0.8802119241696,0.0236896877121,0.2816641251463,0.3546883569046,-0.1608711198122,0.4937705370225,0.6998554395364,-0.1440618546166,0.8878491259643,-0.1823046209696,-0.1675669338109,0.1833450312471,0.0292142917337,0.0874594785147,-0.2491724210441,-0.1350185763632,0.9612006197230,-0.0899560853149,0.0262444012784,-0.0119058187654,0.6377354642186,0.1017128561392,0.0703249054243,0.0080525748412,0.6025525940225,-0.1604286931101,-0.0768977764877,-0.2949337250502,0.1894617040010,-0.0779127072644,-0.0102328661670
0.5199291049206,0.4740711096326,0.4102634177484,0.4702798980473,-0.1187046604668,0.0287412244676,0.0034234773278,0.1397811485924,0.1950550655133,0.0881671755997,-0.0501788664366,0.2341794255598,-0.0527971132672,0.2791182185294,0.4079489236054,0.1328471208551,0.5870665518625,0.4469096933122,0.1896344413845,0.3474734694429,-0.0030114141764,1.0000000000000,0.4578493627964,0.8264327479015,0.1384486807315,0.3842110418284,0.4747615628950,0.4355699615796,0.3194065330403,0.6051353163210,0.5472219937989,0.0006577243379,-0.0452186855496,0.6396260550325,0.6025834648675,0.4340283860599,0.3211807531825,0.1190623284515,0.4297416180189,-0.2320612187719,0.1082147565992,-0.0110386754450,0.0912777731990,0.0007162648775,-0.0719480323822,0.0064150619852,0.1364142000466,-0.1357962704429,0.0256985508547,0.1402499320083,0.0887328245757,0.6078578435922,0.2337512559084,-0.0167433217711,0.0706591969344,-0.0474126335051,0.8322750825546,0.4566908811376,0.7419647793173,0.0111395532515,0.2056232002883,0.0954719674432,0.4087649033467,0.1324160197132,0.4329558347107,0.4650891337260,0.1168746689901,0.1375345531260,0.5846551692081,0.5622469326315
0.2079537921311,0.6221468060652,0.2281046904912,0.6160706297657,-0.0494293761760,-0.0494807721077,-0.1234179977068,0.3253263958843,-0.1686076886582,0.3588660738646,-0.1472425998503,-0.1851597857202,-0.0272840924119,-0.0731213175301,0.1355908673592,-0.0266188343605,0.5462832412567,0.2079232665961,-0.1880676187879,0.1279466234891,-0.0036676282361,0.4578493627964,1.0000000000000,0.4052997030018,0.5263457854845,0.3371595109477,0.4686823116255,0.3565775765389,0.3646777252125,0.3877937008824,0.5641613670337,-0.1457819097115,-0.1105638043704,0.2942046912892,0.5360246368494,0.2500886267158,0.4768710859227,-0.2491469037823,0.4579766052116,-0.1386710520564,0.0267712749889,-0.1240630163799,0.1102326593098,-0.3389950728557,0.2195074004142,0.0130162940768,-0.3427561070133,-0.0603393287131,-0.2421666046080,-0.0709325221060,0.0360739816957,0.4479304448808,0.0002702203404,-0.2282588674666,-0.0647947449523,-0.0377360326700,0.4500847364983,0.8117388994438,0.4570046773773,0.3110616689535,0.1105341940099,-0.0518067244458,0.1516125852560,0.1752457602377,0.3019863978121,0.4600787987442,-0.1681019628252,-0.0696386045445,0.4407165027934,0.5098976312897
0.5495450698321,0.4533636065645,0.5591564598795,0.4861106450546,-0.0637969785929,-0.0503547630918,-0.0435674150090,0.1649550199928,0.1394357447291,0.0781944171561,-0.1178689376372,0.1383289501944,-0.0030012333190,0.1267537568989,0.2787839744313,0.1207034850292,0.6374596419941,0.6034540376639,0.0878336115218,0.4338533755429,0.0610390801425,0.8264327479015,0.4052997030018,1.0000000000000,0.1458932140967,0.3761518465500,0.5507515017862,0.4796309647212,0.4103813718421,0.5067891828718,0.6648994324541,-0.1829391723111,-0.0869624567897,0.5172489852726,0.7018906846213,0.4303998902108,0.2793922770345,0.2748039192149,0.4282678257864,-0.1682907214821,0.0865686363863,-0.0535755726290,0.1499678592336,-0.0721857346558,-0.0501896710744,0.0233072338169,0.0762209089735,-0.0783629912808,-0.1253827689174,-0.0168452597923,0.1091468778950,0.6495979072472,0.3144799028480,-0.1472882423267,0.0283008106195,0.0283471349363,0.6847944930935,0.3979999853980,0.7123083411031,0.0304471356461,0.1585071244318,0.1310790658083,0.3611817819142,0.2022077545078,0.3029415863650,0.4871562875372,-0.0588940684893,0.1335685726351,0.4869692436038,0.5976679774581
0.1345358147846,0.2198223974356,0.2986979134616,0.5204582844459,0.4170934033517,-0.0227109828488,0.2217060085859,0.6753421457681,-0.0714124788348,0.7437982406937,0.1251665490999,-0.2759640333793,0.3508959412461,0.0309912216122,0.0936563940883,0.2220130148429,0.2802945163206,-0.0185867241780,-0.3708712357707,-0.0718676209571,0.3551516785949,0.1384486807315,0.5263457854845,0.1458932140967,1.0000000000000,0.4230165099732,0.2211875176948,0.3700686273607,0.5066307718433,-0.0259192385995,0.2686961403659,-0.3131523033220,-0.0009490232279,-0.0098962640710,0.2276509377926,-0.0203373077889,0.1185142950537,-0.2256828287291,0.3897686928981,0.2890807328453,0.1423318731408,0.1345476247351,0.4557182822241,-0.2802758909672,0.6716136693374,0.2992465925062,-0.3741947897368,0.3650792032726,-0.0968414810459,0.0152397724929,0.3173003615192,0.2758075744235,-0.3579609759502,-0.2982244946852,-0.3357391633597,0.3119972141216,0.1100117447385,0.5210461540098,0.0298879765266,0.7931773200642,0.0652051390879,-0.3276917250260,0.1452621253829,0.3825389643175,-0.0605388537269,0.0639959228351,-0.2868551038912,0.0940042376684,0.0412963288259,0.1228818316570
0.1620433248910,0.4237425707210,0.5507427159455,0.4126569646071,-0.0224428104957,-0.0883749445629,0.0014345485984,0.4700378707350,0.2384797706067,0.3293871961352,0.0115678519331,0.2610763420640,-0.0775425728938,0.4226130842382,0.5046688139828,0.0227100370184,0.2876729903912,0.1811056424748,0.2570310299336,0.3983184311157,0.0956866393201,0.3842110418284,0.3371595109477,0.3761518465500,0.4230165099732,1.0000000000000,0.5221454224043,0.6816866950522,0.1554843239996,0.1517185555049,0.2443674261346,0.0353986762922,-0.2066241838269,0.0394482473523,0.3755228250159,0.0444253947595,0.2764864283049,0.1040259467530,0.5872287930442,-0.0531342912823,-0.0692680225724,-0.1005258256201,0.1546882594616,-0.0475857518388,0.1533047721065,-0.0543385299698,0.1275927373003,-0.0952858371588,0.3743519917832,0.2229261548174,0.0461552888511,0.3682241408437,-0.0496230199227,0.2676825917195,0.1116981373510,0.0174964422059,0.2517249363625,0.3143027482131,0.1208197928140,0.2329672016600,0.6821693766548,0.1280779710643,0.6736146854801,-0.0023042177390,0.0357867691996,0.0486155933268,0.1042727318074,0.0302721346823,0.0932584916385,0.2422219832948
0.3299867814062,0.6775456874264,0.5990160091216,0.5391283079467,-0.1352630830521,-0.1320959196713,-0.1379001730577,0.2154980162352,0.1286820336398,-0.0428907077831,-0.0321116359080,0.1913429540337,-0.1447900702372,0.0119978015899,0.3726930773699,-0.1991996469057,0.3592257800278,0.6090914049684,0.1757878776966,0.4681884302514,-0.0540924597137,0.4747615628950,0.4686823116255,0.5507515017862,0.2211875176948,0.5221454224043,1.0000000000000,0.5756188848466,0.3318182113362,0.4235855709644,0.6437159829500,0.0285664844132,-0.1526220019504,0.2660931167083,0.5636807687528,0.2639193934097,0.5842445815675,0.0135417327185,0.4527895050233,-0.2173372347673,-0.1229254238511,-0.1686375162950,-0.1378467375236,-0.2272970136772,-0.2016580593478,-0.0924753069891,-0.0701317681955,-0.2044468195738,-0.1436646795174,-0.0954805324808,-0.1960099436405,0.3732912640596,0.2606108942692,-0.0637593148509,0.1517415537736,-0.0812110081452,0.4619846612126,0.3793429351208,0.4783045162772,0.0241588577300,0.3428947316376,0.3750641303702,0.3722318072471,0.0776048891611,0.2557467067526,0.4054395424505,-0.0304454755880,-0.0966294725117,0.3424250243227,0.4394452745994
0.2262062364316,0.3577814501736,0.6470329587715,0.3365906156014,-0.1904411201952,0.0403995251416,-0.0260530940238,0.5417755984783,0.2942298538984,0.3003638081444,-0.1469113824372,0.3191131096332,-0.2323064894161,0.4885016807705,0.5797920953497,0.0875260515391,0.3476928109706,0.4135616810426,0.3724978694219,0.5343098103761,-0.1577746890635,0.4355699615796,0.3565775765389,0.4796309647212,0.3700686273607,0.6816866950522,0.5756188848466,1.0000000000000,0.1393801317618,0.2049919729836,0.3035286745936,0.1260706127554,-0.1093640615911,0.1674692359695,0.3497456983668,0.0043180150061,0.1978341478554,-0.1260402991594,0.3836760828331,-0.2731322763760,0.0247082393846,-0.0774549571860,0.0114829107489,0.0298775278663,0.0128619369505,-0.0863190927564,0.0797826857386,-0.2438276581706,0.2630047789148,0.2421633008040,0.0657951698145,0.3567702336381,-0.1589207995709,0.2008696585118,0.0075741803192,-0.1895287379994,0.3438473460833,0.2782281326810,0.1744711458869,-0.0219659166512,0.3677096480435,-0.1320695006633,0.6004611135589,-0.1319757822948,0.0653406289167,0.0085271929246,0.1358885392263,0.0635886474546,0.1705510253053,0.1623594747845
0.2216717028095,0.3004089616989,0.2802449095401,0.4765757576424,0.6135736154122,-0.0699181500248,0.2867232826509,0.2419927603477,0.0474571993935,0.1429179525130,0.4164762299793,-0.1313570328697,0.5226249385668,-0.1665647907330,-0.0329129387611,0.0558028593528,0.2529236873994,0.1512467061467,-0.2792513294491,0.0213993809143,0.5256648439164,0.3194065330403,0.3646777252125,0.4103813718421,0.5066307718433,0.1554843239996,0.3318182113362,0.1393801317618,1.0000000000000,0.1584613943521,0.5834230354205,-0.3559644048986,0.1558372797638,0.1911893621564,0.2789266238192,0.1405301677646,0.1893715983319,0.0350657440353,0.2438169412110,0.4802878109931,0.0969673665987,0.1998123362494,0.2365722869899,-0.1965926838460,0.2602709889331,0.5116400324565,-0.2228492897707,0.4908076853796,-0.3147358960149,-0.2302903007846,0.1373327100894,0.3145165839531,0.0130616911174,-0.4109754237708,-0.2771868319331,0.5443604846446,0.2803010320620,0.3330613689517,0.3457813574325,0.6148105075535,-0.1023567685925,-0.0290464514815,-0.0410442730322,0.8718133271001,0.0935976580450,0.3511190909559,-0.3684889056002,0.1319653251804,0.1575154132462,0.2012027883651
0.5671862427338,0.3324537852899,0.1965072110290,0.5118200506852,-0.2077514351839,0.3184756408987,0.1888890843238,0.0258140917252,0.3487889696189,-0.0063618546140,-0.0031969418559,0.3167059822109,-0.0296357569742,0.2159964519017,0.4588022788615,0.2819449875309,0.3034183488881,0.3771237953262,0.1490394182863,0.3237216738264,-0.1132904362990,0.6051353163210,0.3877937008824,0.5067891828718,-0.0259192385995,0.1517185555049,0.4235855709644,0.2049919729836,0.1584613943521,1.0000000000000,0.4645468649503,0.0814302670702,0.1886564309808,0.6600622528329,0.5483135093321,0.7047704733647,0.1946534715784,0.0643715964108,0.3489851421509,-0.3704292733840,0.3726369296987,0.1903239399382,0.1239425659289,0.2305131360176,-0.0596142280169,0.1261275650988,0.2197505170768,-0.1365522700163,-0.1197378044465,0.3041229007439,0.2072481396811,0.2997626293927,0.2241898949948,-0.0690656922339,0.0417237005906,-0.1424287246854,0.6030202823983,0.3624136771695,0.5679973412104,-0.1147164497544,-0.0156124783203,0.0915864565625,0.1478235352272,0.0553829284285,0.7442605615269,0.5347677979714,0.1550609522988,0.1677490981582,0.7386587114127,0.6083774258624
0.4434603584783,0.5816556928569,0.5118418020328,0.5657804131197,0.0078564727559,0.0248802032710,-0.0036931690607,0.2511883162509,0.0717089021074,-0.0298146415558,-0.0453919325484,0.0146818403422,0.0247525710319,-0.1169093185139,0.1992602570388,0.0009194182547,0.4607129487565,0.4398739900481,-0.1033341146300,0.2273410687183,0.0429739727656,0.5472219937989,0.5641613670337,0.6648994324541,0.2686961403659,0.2443674261346,0.6437159829500,0.3035286745936,0.5834230354205,0.4645468649503,1.0000000000000,-0.1756108307083,0.0219554083086,0.4141102023349,0.6554193707934,0.3971230828918,0.4467074531756,0.0124459772426,0.3533238405205,-0.1071472259246,0.0964283424119,0.0343151596333,0.0788376639056,-0.1723423102221,-0.0442771046286,0.0867759197977,-0.1558357155840,-0.0140837846936,-0.3139983240470,-0.1382921720236,0.0428829630483,0.4679588440281,0.2126936427544,-0.3349433542951,-0.0996664219168,0.0523949078922,0.5568003493088,0.5442090456216,0.5695366049031,0.1779223438759,0.0118790794340,0.1287692852761,0.0769237956485,0.3872367732506,0.4006960393686,0.7443764046731,-0.1920157261543,0.0061092906131,0.4326647033648,0.5717886432429
-0.2226801791130,0.1609314408207,-0.0517357606646,-0.2808658082400,-0.4667916433715,0.0656932269836,-0.1172762813357,-0.1413401203311,0.3490662933844,-0.3540439071953,-0.0993696241283,0.5022874540571,-0.4611212392211,0.5507868824545,0.3424725854278,-0.2039009014434,-0.1178718396658,-0.0966729365075,0.6956085349879,0.2107159649013,-0.4059389443406,0.0006577243379,-0.1457819097115,-0.1829391723111,-0.3131523033220,0.0353986762922,0.0285664844132,0.1260706127554,-0.3559644048986,0.0814302670702,-0.1756108307083,1.0000000000000,-0.3306138584460,-0.1208050640298,-0.2092762978006,-0.1352201862884,0.0462681518678,-0.1686105935785,-0.0691599013617,-0.3501778439907,-0.2729940527759,-0.1003306731949,-0.4334139817736,0.2970378436772,-0.4585168961034,-0.3189234225914,0.4418697116815,-0.4719659393108,0.6019546738988,0.2781456177637,-0.3418550260104,-0.1211763742878,-0.0473768450185,0.6549715347477,0.3765066333348,-0.4116451888994,0.0421929142863,-0.1939251828659,-0.1167231244138,-0.4531354414321,0.1777501543702,0.1410113999283,0.1780390703508,-0.4287540840653,0.0922457357424,-0.1304001964943,0.8443124151687,-0.3531723739219,0.0000036751624,-0.2111232313646
0.2335750618335,-0.3370881044098,-0.1038884362749,0.1057428714282,0.1977786672915,0.4762095666601,0.4929033820832,0.0503725331828,0.2136739097520,0.0977842277689,0.2139091349969,0.1686840373227,0.2495104557012,-0.0068094386420,0.0461654301030,0.4219969144554,-0.1616432345541,-0.0552840236321,-0.2212354836691,-0.2262635801443,0.0579935598721,-0.0452186855496,-0.1105638043704,-0.0869624567897,-0.0009490232279,-0.2066241838269,-0.1526220019504,-0.1093640615911,0.1558372797638,0.1886564309808,0.0219554083086,-0.3306138584460,1.0000000000000,0.3420293699333,-0.0496762792443,0.2175910234161,-0.2851052844885,-0.0852574442418,-0.2201152099220,0.0490084720733,0.5458018744655,0.4738705131865,0.2138061689253,0.2916095150658,0.1836409186561,0.3665436840937,-0.0397168207997,0.2460356155592,-0.2044257586836,0.1810715387355,0.4369832149837,-0.1370608599585,-0.1435829414444,-0.3548057909478,-0.3890396330765,0.1270796226859,0.0216732418246,-0.0608462912576,-0.0377445389341,0.0595099647318,-0.3250558283152,-0.3759807498888,-0.3310633997351,0.1964845795742,0.2206524363038,0.0825137086389,-0.3772561034316,0.5881674932323,0.1648048301388,-0.0137604931864
0.6513851294421,0.2656156361120,0.1743389370659,0.4445775645299,-0.0966185685383,0.3246695042101,0.2029512210211,0.0163489467384,0.1715088752482,0.0858667185608,-0.0213057277171,0.1418730742609,0.0727159119408,0.1593772496461,0.2722451961046,0.3874456347405,0.3791566100477,0.4405934388140,-0.0484635249052,0.0542885950330,-0.0159140972254,0.6396260550325,0.2942046912892,0.5172489852726,-0.0098962640710,0.0394482473523,0.2660931167083,0.1674692359695,0.1911893621564,0.6600622528329,0.4141102023349,-0.1208050640298,0.3420293699333,1.0000000000000,0.5601534825957,0.5605505194493,0.2018948681723,0.0170330032179,0.1921261332998,-0.2710797784600,0.4228067473628,0.3171111335848,0.1804507047945,0.1839018302478,-0.0007777769041,0.1905808718621,0.0803402275357,0.0105977284886,-0.1963537572007,0.1739266729626,0.3481860110499,0.3511861668588,0.1840812224313,-0.2545758837125,-0.1521634601466,0.0198018599719,0.6217812664373,0.2518027528253,0.5243823435480,-0.0842201500103,-0.0473866950254,-0.1193285494344,0.0143048353733,0.0874201194181,0.5433452381404,0.4905282337018,-0.0462333386405,0.3945160490770,0.7537747065896,0.5712618734640
0.5405075412814,0.5724445827366,0.4749693594608,0.6620041235001,-0.1268787971972,0.0822166459835,-0.0259191212487,0.2050921960582,0.0472187972094,0.2043692853266,-0.1933958820513,0.0779320049759,-0.0292282208216,0.0204204161887,0.2328355918255,0.2187674204110,0.5096911345699,0.5515321810472,-0.0404296740098,0.3409574834696,-0.0053576066617,0.6025834648675,0.5360246368494,0.7018906846213,0.2276509377926,0.3755228250159,0.5636807687528,0.3497456983668,0.2789266238192,0.5483135093321,0.6554193707934,-0.2092762978006,-0.0496762792443,0.5601534825957,1.0000000000000,0.4726508008313,0.4144143642443,0.0830589599970,0.5503212239207,-0.2534040995297,0.2252593975329,0.0478930051297,0.1803407817074,-0.0913702679428,0.0819048798691,0.0455315145648,-0.0070558586143,-0.0781647534666,-0.2676361007730,0.0008669760450,0.2282740806795,0.4900160206935,0.2994622710615,-0.2126649039895,0.0187692918125,-0.0210006018023,0.5596300131094,0.5139076698877,0.5557407640837,0.0713405742919,0.1381840794438,0.0653264612460,0.1761156141730,0.1148049424871,0.4240478814839,0.6158068457752,-0.1504398206128,0.1088039521820,0.6040847325692,0.8644784558841
