1.0000000000000,0.3868716052677,0.2118061960674,0.3819282425478,0.3854043626824,-0.0422557873473,0.3547827782381,0.4690983761858,0.2301888081057,0.2550197725931,0.5397899581495,0.3238973429179,0.4653284474693,0.3105796593564,0.7292302715045,0.1048574848315,0.3259547652392,0.5892959989365,0.4441689872663,0.6727553160257,0.5483263451541,0.3976139157694,0.2987734432990,0.3734440343318,0.2664753995627,0.4562161925833,0.4027308651075,0.1805715906908,0.3723310083145,0.6917510303925,0.4313809007352,0.1663232663946,0.1179100782413,0.6038783004411,0.3697781667540,0.1625702995372,-0.1912705755838,-0.3920527769946,0.2318965266840,0.1791428112717,-0.1233481220952,-0.0171937101749,-0.2356472680420,-0.0566880653382,0.0831637884603,0.1699903293072,-0.1597887562215,0.4035834388761,0.1171771692602,0.0837397431003,0.0960746394008,0.2830177988459,-0.2022257566686,-0.2505731505448,-0.2661795051533,0.3965392259096,-0.0125243113484,0.0490615404046,-0.1298873969154,0.1814524505374,-0.0342318753004,-0.4835729918305,-0.1232783504250,-0.0270061457432,0.0209755143631,-0.1722002554048,-0.0059773638125,0.0349094806923,-0.0441149821539,0.0553364793338
0.3868716052677,1.0000000000000,0.3915051158337,0.6323865501068,0.2000768258657,-0.0538244599648,0.3402329650651,0.3886750060182,0.3536001256882,0.1526867866807,0.4122117950278,0.5187287793959,0.3772024128225,0.4222391115582,0.3032170372266,0.0963171175553,0.1277287553987,0.6501378883196,0.5226169428530,0.6279820220675,0.2610172562279,0.4113933276304,0.6627187477055,0.5228121582053,0.2313832619650,0.6049197442493,0.6434543279747,0.4565128909237,0.3373314576487,0.3627145839765,0.5782362582091,0.0641640420963,-0.0729442818301,0.3661265092405,0.6063936557610,0.1740886941723,0.5212578677412,-0.2666454332816,0.6325491955230,0.0238398184532,-0.0604569213619,-0.0334170976262,-0.3082709872498,-0.0384306622806,0.0341140347345,0.1101128566019,0.0911131826296,0.1767059044409,0.0745904129441,-0.2534268163674,-0.0931559489677,0.1551517913282,-0.1130309577102,-0.1965932563712,-0.3573992045044,0.1681019700613,-0.2190240132747,0.5485097478724,-0.0506035917092,0.0312450457823,0.2261610291705,-0.2969556764244,0.2644634073492,-0.2167306766660,-0.2059871316653,-0.1402434558500,-0.0235855580342,-0.1053574760149,0.0125610594195,0.3939426667762
0.2118061960674,0.3915051158337,1.0000000000000,0.3487295219396,0.0614246629460,0.1245194172548,0.1209813772017,0.3844171500748,0.2504109650480,0.1267034872695,0.0094846821512,0.1921269182969,0.0073749856336,0.2832490518619,0.1330463686604,-0.0103633863460,0.2205262199457,0.3588364683291,0.2153921661478,0.3546998677685,-0.0094760810889,0.4694986861261,0.3162591402053,0.6433494645059,0.1479795611934,0.3239913846015,0.3859376567871,0.7516489990935,0.2186919143893,0.0844934914519,0.3099725265784,0.0537230249108,0.0890135211097,0.1158785703544,0.1127646286849,-0.3242348132500,-0.2092060621911,0.2295224591243,0.1330475868935,-0.0298141197274,-0.0178975711452,-0.0033828873311,-0.2568648430756,0.0734199521210,0.0533768618194,-0.0797408538616,-0.0177972352647,-0.0288363647443,0.0540123115988,-0.1893584246727,-0.0186375516736,0.3343757978032,-0.4552218669975,-0.1139479328790,-0.4865397949430,-0.0929073133989,-0.1570851866079,0.0287079901157,0.1368868506311,0.0492856394627,-0.1074191973965,-0.3214211188450,0.5647804582384,-0.2052974513952,-0.4065955508338,-0.3578019320443,-0.2124279548447,-0.0795667559153,-0.3067227936359,-0.2080605069617
0.3819282425478,0.6323865501068,0.3487295219396,1.0000000000000,0.2656532023841,0.1267498159559,0.4971650024847,0.5780896983819,0.4493654551658,0.5845260784640,0.4457302757257,0.4355874378923,0.4271523458520,0.3747019991416,0.4719759241833,0.3767233101230,0.0842587676368,0.3896043059690,0.3656214769436,0.5622180323612,0.1522270080287,0.2165029111801,0.6125815583568,0.2676496403927,0.4726940893675,0.7199209194226,0.5852556600418,0.3170816332731,0.2587806892466,0.3872127484366,0.3286426846632,0.2366907349434,0.1075446126702,0.3817002629305,0.5811153252644,-0.1458115997606,0.2549840258042,-0.2533158641642,0.7085723868785,0.1722620517765,0.0954269257909,0.1629699730062,-0.1283183210476,0.1176018291651,0.4690457809190,0.0033610422509,0.0297429140568,0.1763147809172,0.3456597535937,-0.0567278265020,0.2481384767199,0.0019637123961,-0.3732346266629,-0.2230902549772,-0.4146696165128,0.0192832303255,-0.3486044325264,0.5894141831653,-0.3397120737545,0.3038737856369,0.2874607674093,-0.4039824444829,0.1082272299148,-0.1173408218182,-0.2355726263128,-0.2954327170040,0.1467670707903,0.0569268020600,-0.1885798632488,0.1757710128856
0.3854043626824,0.2000768258657,0.0614246629460,0.2656532023841,1.0000000000000,-0.2797365309696,-0.0405525121498,0.5363274420443,-0.0663293722778,0.4557698874571,0.6661813501681,-0.0063889532975,0.3604624092447,0.1011032577502,0.2471483811197,0.0685357143530,0.3042897714489,0.2880096518919,0.0142094995495,0.2281618156409,0.6299201897539,0.3092956553201,0.3334285534077,0.2235555298288,0.6040388722136,0.2563881008816,0.1415162864223,0.0375875830162,0.6161700761994,0.2560115968161,0.3192196907116,0.0043028832016,0.0097891856820,0.3499668455731,0.0759152857691,0.0451280485953,-0.0049379646731,-0.2678830540831,0.3053074625837,0.7720582529608,-0.1493988745920,-0.0620229234581,0.1554792958476,-0.0789047885360,0.3885215434510,0.3762698623353,-0.2977698982081,0.3526509163634,-0.0190530997591,-0.0700480086157,0.1513671454357,0.1189269153534,-0.0814480749595,-0.1776041162556,-0.2370495345541,0.5988267419244,0.0879219761270,0.2542597010404,-0.1105327452939,0.6097309565909,0.0330982738608,-0.3303700081525,-0.1450508386369,0.4114584594407,-0.1437641768494,0.0571185103069,-0.1343038552770,-0.1402611369445,0.1720249098660,-0.0820508202906
-0.0422557873473,-0.0538244599648,0.1245194172548,0.1267498159559,-0.2797365309696,1.0000000000000,0.5276504266026,-0.1261407006256,0.5721029746970,-0.0679662608933,-0.1416221082363,-0.0190103879069,0.0321750370037,0.0296169219675,0.1244593785806,0.2259246252686,-0.0219447738964,-0.0621825265495,0.0687978546322,0.1123084886138,-0.2709366100050,-0.1422911931950,-0.0933985003835,0.0072097051766,-0.1943924099483,-0.0290988927937,0.1423336538295,0.0593299854589,-0.2315218107423,0.0193910545682,-0.0544945733639,0.2112728514458,0.5114182103823,0.0112919297375,0.1569891893530,-0.1516389147664,-0.1434379271566,0.0639740419342,-0.1031768712949,-0.2765135326208,0.6586689286053,0.3847146826770,-0.3468480581835,0.3197534280953,-0.0521278109416,-0.2281861927758,0.1003479700040,-0.1729482364674,0.0730921976395,0.0139151816021,0.2503741902387,0.0220780096509,-0.2312372104598,0.0371145063498,-0.1640322613288,-0.3082906795669,-0.1872948576277,-0.0190367502680,-0.0564891979825,-0.1863244769415,-0.1776181145394,-0.1245845398011,0.0351971305858,-0.2886697611075,-0.0882123989941,-0.1886408540535,-0.0251064050276,0.5735219407930,-0.1972560455958,-0.0220563272152
0.3547827782381,0.3402329650651,0.1209813772017,0.4971650024847,-0.0405525121498,0.5276504266026,1.0000000000000,0.2249073513821,0.6945936910802,0.2126954956832,0.4435170690950,0.4311756902781,0.6663284219138,0.4223309299456,0.5297302242659,0.5352044373649,0.0133823267040,0.2372108892128,0.4506102290645,0.5053445057230,0.1327169617639,0.1325418653507,0.2279256545105,0.2010296968875,0.0503087473426,0.3831236107508,0.4179907859417,0.0498970255684,0.0267063949954,0.4659084834969,0.2571280081841,0.2346010411754,0.2482198397726,0.2951378618390,0.4843033478856,-0.0894871148942,-0.0295639861088,-0.2245322629372,0.2473310512687,-0.0573584186469,0.2928051428394,0.4086044556527,-0.4324938781626,0.1046211746976,0.1082189362399,0.1287457102893,0.0614893902593,0.3346767580870,0.2401596672866,-0.1037472007520,0.2521894359165,0.0541614967268,-0.3571563962767,-0.2148474962477,-0.3913294011687,0.0698437689850,-0.2026251328137,0.1730766243356,-0.1703264176315,-0.0622432458062,-0.0769822070154,-0.4168210074481,-0.1058080607661,-0.3161271079311,-0.0913505481791,-0.2789621645609,0.0700369048203,0.2905938775086,-0.0972409695916,0.2125846124269
0.4690983761858,0.3886750060182,0.3844171500748,0.5780896983819,0.5363274420443,-0.1261407006256,0.2249073513821,1.0000000000000,0.1544430226250,0.5542691968884,0.4929800728343,0.2295139067869,0.2911437032301,0.1727338700519,0.3612088512902,0.1347376315188,0.2552217503550,0.4025772061205,0.1325683421769,0.3896807918420,0.3581157201391,0.3448268570653,0.5490675319037,0.2737861764753,0.7596696306083,0.4808292100482,0.4034947103375,0.2144422860225,0.5702766647693,0.2333130209416,0.6024529267714,0.1125347815872,0.0442130479031,0.2125421213591,0.2147624687469,-0.0611255663183,-0.1408067441033,-0.2720573063842,0.3724708511195,0.4755927207897,-0.2482939584763,-0.2152209898218,0.2125120969846,-0.1969510231152,0.4925216094690,0.0511128285650,-0.3221173424963,0.1970410181597,0.0447612731782,-0.1620490405973,-0.0634161576081,0.1861397974620,-0.2999212980605,-0.3739809931569,-0.4049936929476,0.2636508121803,-0.2369678339867,0.3390397857804,-0.2602179634558,0.6438777238050,0.0147540324742,-0.3866792983302,-0.0732966819823,0.1417174679828,-0.4241864144687,-0.1649281669306,-0.0746676657637,-0.2255749816110,-0.0726765822334,-0.1040716871579
0.2301888081057,0.3536001256882,0.2504109650480,0.4493654551658,-0.0663293722778,0.5721029746970,0.6945936910802,0.1544430226250,1.0000000000000,0.0729430517379,0.2969587460907,0.4396751603389,0.2882495201848,0.4264053326625,0.5093236437419,0.3333415232756,0.0323284350684,0.2235616668669,0.4949892827536,0.4296900482239,-0.0268797315148,0.0914882195303,0.1472936052981,0.2339167726438,-0.0076116501419,0.3725692430040,0.4688102066268,0.2525709132658,0.0073137271295,0.2632462102118,0.1568933902686,0.1694695673946,0.3213240033548,0.2205319537758,0.3964632529769,-0.1810174800437,-0.0090737074577,-0.0015751196617,0.3150180020523,-0.2176622002384,0.4680039577052,0.4001893484788,-0.4576535680410,0.3226210501636,-0.0490354311253,0.0693385949276,0.2308098898895,-0.0018169352836,0.2261255639889,-0.0755215738668,0.2424482671375,0.0204342554009,-0.3383413285954,-0.0178392004299,-0.3561532071865,-0.1116847677034,-0.2691487596970,0.1452109545094,-0.1274614064568,-0.1349150364101,0.0572842154673,-0.2881278251652,0.1652507673490,-0.3170485395030,-0.2036866793350,-0.3044022514016,0.0605535494431,0.2968104617114,-0.2159305264755,0.1227114825250
0.2550197725931,0.1526867866807,0.1267034872695,0.5845260784640,0.4557698874571,-0.0679662608933,0.2126954956832,0.5542691968884,0.0729430517379,1.0000000000000,0.3422118414505,0.0327047885753,0.3464097764663,0.2688795154564,0.3019060062736,0.3374125419500,-0.0410975480388,0.0863631634389,0.0475827941187,0.1540654488517,0.2648384447929,0.0304192902445,0.4951444485030,-0.0136637166755,0.7040324668791,0.3905768365824,-0.0030822716474,-0.0589420328735,0.2387390613886,0.2065849183039,0.0886396342678,-0.0216974143281,0.1698031070409,0.1645318587755,0.1681615602344,-0.1740086368667,-0.1130086974997,-0.2559184185511,0.4665841682167,0.5246592673567,-0.0935872217170,0.0887489224496,0.0792680728176,-0.0751384620226,0.8546374331698,0.0950643560473,-0.1516574503141,0.3638990754342,0.3055410336188,0.0770590631422,0.2155757212956,-0.0057378970186,-0.3697704415031,-0.1370501795959,-0.2103469868365,0.2427571291241,-0.2969298692665,0.3933909531074,-0.4081797621605,0.6766265537104,0.1958674869694,-0.4129318604577,-0.1772150756538,0.0471033311747,-0.0807232606703,-0.3240182559510,-0.0764756491927,0.0430098715923,-0.1689265897242,-0.0428473596972
0.5397899581495,0.4122117950278,0.0094846821512,0.4457302757257,0.6661813501681,-0.1416221082363,0.4435170690950,0.4929800728343,0.2969587460907,0.3422118414505,1.0000000000000,0.2464628652899,0.7207089840938,0.2364772972704,0.5084139817598,0.3301464913089,0.2183237073016,0.3179092344581,0.2782849389686,0.4413234871123,0.6299759663081,0.3003860447132,0.3593608795035,0.2384124334304,0.4153951632798,0.3730312824366,0.2997209697208,-0.0039942214512,0.5177874579889,0.4674680818729,0.3937345639998,0.0450845567615,0.0539544363743,0.4124616653757,0.3501054550919,0.0361770549570,0.0898638179140,-0.3783261835099,0.4122828789014,0.5134275309761,-0.0141087579031,0.2095723719528,-0.0896520281255,0.0318310473969,0.1970400806865,0.5349530295998,-0.1931903552790,0.5125869497484,0.0172527534896,-0.0880496852985,0.2757018177709,0.0382787702323,-0.1671304534570,-0.2028382721743,-0.3117293783278,0.5858808275075,-0.0020989898158,0.2906810753210,-0.2088635728038,0.3042788333048,0.0137202939751,-0.4714849559293,-0.2318053322415,0.2148462048152,-0.1331236754191,-0.0178186971265,-0.0851929382756,-0.0838376498476,0.1510182224874,0.1337654593608
0.3238973429179,0.5187287793959,0.1921269182969,0.4355874378923,-0.0063889532975,-0.0190103879069,0.4311756902781,0.2295139067869,0.4396751603389,0.0327047885753,0.2464628652899,1.0000000000000,0.3270621015673,0.6033662976458,0.4853483310613,0.1269871104152,-0.0300455993021,0.3688675964100,0.6985367924882,0.5174356705246,0.1385677490333,0.1653972658048,0.1659228681714,0.2707734126612,-0.0239433829773,0.5809993257206,0.5470272775372,0.2599076787159,-0.0266699845099,0.3241646737259,0.1769152873876,0.0401368819251,-0.0835952321937,0.2857531749699,0.4492111733049,0.0545457993247,0.2010727040372,-0.1410275299317,0.4189105806050,-0.2333642456116,0.0034201049819,0.0479527708125,-0.2965070349644,0.0676887421523,-0.1083199416844,0.0652540837608,0.4528159249692,0.1025541326560,0.3715007574634,-0.1032722442480,-0.0642566827595,-0.0100446085326,-0.2066799217530,-0.0379583752709,-0.2387854508217,0.0323259816798,-0.2692284189936,0.1181142310389,-0.0989764517848,-0.1810018734780,0.3190608824088,-0.1565334703460,0.1750378991458,-0.4488602667057,-0.1123478002626,-0.3379571408563,0.2117093827090,-0.0812551284734,-0.0693573580318,0.2485036162495
0.4653284474693,0.3772024128225,0.0073749856336,0.4271523458520,0.3604624092447,0.0321750370037,0.6663284219138,0.2911437032301,0.2882495201848,0.3464097764663,0.7207089840938,0.3270621015673,1.0000000000000,0.3864664321141,0.4325489013597,0.3653517979077,0.0579967022360,0.3159550931732,0.3729672576364,0.4599767844099,0.5602414116874,0.2485211789746,0.3205934732500,0.2212598389359,0.2131693941125,0.3370886273442,0.2851080406806,-0.0879944636271,0.2575067187418,0.5389492343273,0.3506027781064,0.0418528926123,0.0759515109284,0.4223015380883,0.4244606441842,0.1020316463941,0.0793615394762,-0.4087853367132,0.3644626555936,0.2981124644493,-0.0024090097875,0.3191249132856,-0.3574475294177,-0.0346600654999,0.2046354621733,0.4367928882708,-0.0460811309944,0.6865956222815,0.1199115583062,-0.0736151937455,0.1808553671670,0.0546340053562,-0.2051154486729,-0.1976341573948,-0.3191556558284,0.5284698120332,-0.1017940890621,0.2670760363209,-0.2251544908579,0.1358688991679,0.0025693024409,-0.4953040233997,-0.2482964588199,-0.1307623284780,0.0537151411682,-0.1841208381990,-0.0667429294813,0.0149414947337,0.1088328981973,0.2827861041339
0.3105796593564,0.4222391115582,0.2832490518619,0.3747019991416,0.1011032577502,0.0296169219675,0.4223309299456,0.1727338700519,0.4264053326625,0.2688795154564,0.2364772972704,0.6033662976458,0.3864664321141,1.0000000000000,0.5467846427851,0.2571705633388,0.0672457866214,0.3148447095894,0.7151636302569,0.4609005772351,0.1951411001007,0.2437289947800,0.2972962586864,0.3442221554459,0.1194063798473,0.5385082228747,0.3523692468030,0.2652075556971,0.0963354558668,0.4517629708132,0.1131730519855,0.0088830317840,-0.0669637566962,0.3369703306807,0.3472556388172,-0.0810106445678,-0.0014522005187,-0.1274937359193,0.3665703622563,-0.0610479382556,0.0776705104034,0.1995943279322,-0.4855900394062,0.0492686062841,0.1346522693695,0.1629761436071,0.4046083923237,0.2890021908391,0.6478978846817,-0.0446547176555,0.1075874475138,0.2042789733775,-0.3830573046265,0.0732325733672,-0.3408078994960,0.1460454416281,-0.1769121738654,0.1686438393746,-0.0588308465441,-0.0023999208104,0.1284687375624,-0.3990573334948,0.1516610687437,-0.3815637345558,0.0210110467317,-0.4090994337716,0.0038048521950,0.1137247667607,-0.1748525361150,0.2225090123284
0.7292302715045,0.3032170372266,0.1330463686604,0.4719759241833,0.2471483811197,0.1244593785806,0.5297302242659,0.3612088512902,0.5093236437419,0.3019060062736,0.5084139817598,0.4853483310613,0.4325489013597,0.5467846427851,1.0000000000000,0.3676379251784,0.2379008431121,0.4264486792365,0.6438230302857,0.6500434844488,0.3370047983210,0.2518644270635,0.2099607323845,0.2652833077308,0.1987386274659,0.5328753343565,0.4034834011316,0.1362943382989,0.2241300079276,0.7173055848707,0.1774368007181,0.2067885390464,0.1656491421872,0.5749744715048,0.4610759131449,-0.1102396173279,-0.1793792675903,-0.2796982322729,0.2961984848778,0.0503421867614,0.1709331862360,0.2017024804062,-0.3093271122338,0.0830998759711,0.1342094489764,0.0847012837867,0.0134907377586,0.2938733868358,0.4452180917385,0.1575139262148,0.3394154977693,0.1223353268306,-0.3039599398334,-0.0978707366425,-0.1949603079013,0.1922576819257,-0.1022581692127,0.0509989030362,-0.2028742136007,0.0929073448874,0.0671234145164,-0.4612809592858,-0.0933387850468,-0.1339522919794,0.0341762855103,-0.2841597537705,0.1254403933250,0.1884310295503,-0.1852475970816,0.0227113296748
0.1048574848315,0.0963171175553,-0.0103633863460,0.3767233101230,0.0685357143530,0.2259246252686,0.5352044373649,0.1347376315188,0.3333415232756,0.3374125419500,0.3301464913089,0.1269871104152,0.3653517979077,0.2571705633388,0.3676379251784,1.0000000000000,0.0215313090625,0.0352641084202,0.2121861980001,0.1924586629057,0.0067278277783,0.1145709618916,0.1823433485238,0.0828043370715,0.1900547795671,0.2288938097314,0.0830995001516,-0.0583196967134,0.1199428169228,0.3225890250223,0.0071374160585,0.1554945337450,0.1174604332879,0.2163801635353,0.3528722180907,-0.2364940951963,-0.0885697743205,-0.1931496615669,0.2560045741949,0.0825059925257,0.3009703553620,0.3593020476609,-0.1406967701498,0.2004615987107,0.2839510825017,0.0872630180836,-0.0077934469693,0.2089172659583,0.3074383204235,-0.0054212931895,0.5987496824498,-0.0278794884849,-0.2012309149341,0.0575748077975,-0.1328887287643,0.0021456929227,-0.0157454898277,0.1245524029036,-0.1661866155220,0.1011010873677,-0.1269507854471,-0.3732332011715,-0.1694521741605,0.0268200155122,-0.0327737296625,-0.1311536862860,0.1064179642207,0.3110028675053,0.0260063659759,0.1280746085936
0.3259547652392,0.1277287553987,0.2205262199457,0.0842587676368,0.3042897714489,-0.0219447738964,0.0133823267040,0.2552217503550,0.0323284350684,-0.0410975480388,0.2183237073016,-0.0300455993021,0.0579967022360,0.0672457866214,0.2379008431121,0.0215313090625,1.0000000000000,0.1865376395462,0.0617444938992,0.2627038659936,0.2191437287575,0.5578382287928,0.1938069802060,0.5521177405709,0.3029589299161,0.2269052381256,0.2438463198500,0.3389290767137,0.5953212104171,0.2699607019522,0.3655807875767,0.2270159320833,-0.0173813793394,0.2440619114381,0.1636062835496,-0.0340443619060,-0.1049244160292,-0.0917404584919,-0.0746824350708,0.0580589571032,-0.0198944422608,-0.1343742349186,-0.0351025667617,-0.0187196670600,-0.1109407939508,-0.0759438098774,-0.2607761648216,-0.0519483228837,0.0326299448331,-0.2726652723543,0.1377139017421,0.6938159077560,-0.1146642059562,-0.2141342466710,-0.2801131003694,0.1131509621781,0.5044942025586,0.1124020175447,0.4002036112161,0.2417609826526,-0.1935211690391,-0.2791321861039,0.0933757224102,0.4119534792198,-0.1478947422285,0.3480449671112,0.0742841091140,-0.0400647467666,0.0624781876946,-0.0937071624590
0.5892959989365,0.6501378883196,0.3588364683291,0.3896043059690,0.2880096518919,-0.0621825265495,0.2372108892128,0.4025772061205,0.2235616668669,0.0863631634389,0.3179092344581,0.3688675964100,0.3159550931732,0.3148447095894,0.4264486792365,0.0352641084202,0.1865376395462,1.0000000000000,0.5476425002141,0.7821302104768,0.3812875473836,0.4733819832491,0.4988414651919,0.5295969799783,0.1737899273728,0.4464563296334,0.6218133767249,0.3338478160296,0.3583166727748,0.5802491161099,0.6577073181485,0.1037791309148,-0.0618353037072,0.5502520943951,0.5679021832592,0.2142092027341,0.1292069802566,-0.2479500015577,0.4257271348471,0.0475228318958,-0.0869312369080,-0.1998155554516,-0.2961815653606,-0.1715998848194,-0.0047914196647,-0.0639975839720,-0.0589083939991,0.2096083955030,0.0049990425643,-0.2778140800909,-0.1335721437482,0.1781490154371,0.1542847778705,-0.2075563899686,-0.1594345542104,0.2375393721965,-0.0951065314525,0.2790964793701,-0.0027766175934,0.0721177728184,0.0606898937328,-0.1942637424716,0.1411727368966,-0.1649467648408,-0.1024883490481,-0.0779218999871,-0.0212719087178,-0.0915919654954,0.0495955942500,0.3476650585784
0.4441689872663,0.5226169428530,0.2153921661478,0.3656214769436,0.0142094995495,0.0687978546322,0.4506102290645,0.1325683421769,0.4949892827536,0.0475827941187,0.2782849389686,0.6985367924882,0.3729672576364,0.7151636302569,0.6438230302857,0.2121861980001,0.0617444938992,0.5476425002141,1.0000000000000,0.6908176811833,0.1295101448232,0.2452056725926,0.2594969857233,0.3284043678483,-0.0572282892245,0.4281153441510,0.5606286120667,0.3216751591295,0.0543884086010,0.5305188307171,0.2340591150052,-0.0112292192943,-0.0538924854910,0.4131440915194,0.5625886801598,0.0368527481211,0.0748165622331,-0.1406726071736,0.3869232081075,-0.2067416458901,0.1761324820556,0.1233246390704,-0.4776698508626,0.0380267664563,-0.1026617811644,0.0853613292009,0.4033528090710,0.1852447409979,0.2917736560797,-0.1232177813697,0.0752320465296,0.0612422392540,-0.1034294764478,0.1385967453641,-0.1615578132033,0.0653581538146,-0.1548662979771,0.1146033034186,-0.0490611757362,-0.2122573096186,0.0609667204331,-0.2356665645824,0.1815241696824,-0.4228625484339,-0.0254523180715,-0.2937811684241,0.0935776586661,0.1083837204613,-0.1189980843270,0.3627119637501
0.6727553160257,0.6279820220675,0.3546998677685,0.5622180323612,0.2281618156409,0.1123084886138,0.5053445057230,0.3896807918420,0.4296900482239,0.1540654488517,0.4413234871123,0.5174356705246,0.4599767844099,0.4609005772351,0.6500434844488,0.1924586629057,0.2627038659936,0.7821302104768,0.6908176811833,1.0000000000000,0.2738326963865,0.3729096392125,0.3991786343317,0.5039473693127,0.1064618146323,0.6731114127489,0.7424143901957,0.4345867688489,0.2539430561720,0.6955543936593,0.4740236094206,0.3964628270773,-0.0050873463624,0.6110418159566,0.6666761753805,0.0556104096204,0.1006320489263,-0.1874325294322,0.3800439459889,-0.0319785235527,0.0406086623541,0.0059474900930,-0.3546332058148,0.0119418167281,0.0087817442272,0.0215790867432,0.0265764688073,0.1873217775585,0.2589868719051,-0.1642705950261,0.0724863809505,0.1724576874030,-0.1148217319570,-0.2789779821691,-0.3517336698726,0.1201363645312,-0.1069865031575,0.2275597730828,-0.0268625458189,-0.0334576059596,0.0534893519263,-0.3748478334277,0.1594479695355,-0.2446019032015,-0.1409680780483,-0.1869243092462,0.2355030008681,0.0305231239712,-0.0825083700629,0.3029649302604
0.5483263451541,0.2610172562279,-0.0094760810889,0.1522270080287,0.6299201897539,-0.2709366100050,0.1327169617639,0.3581157201391,-0.0268797315148,0.2648384447929,0.6299759663081,0.1385677490333,0.5602414116874,0.1951411001007,0.3370047983210,0.0067278277783,0.2191437287575,0.3812875473836,0.1295101448232,0.2738326963865,1.0000000000000,0.3606822779015,0.3057591810627,0.3001048443331,0.3480607037271,0.1604068110507,-0.0078217315137,-0.2065865939329,0.4860019326233,0.4656538769018,0.4059936685751,-0.2123738312859,0.0317063851008,0.3803037748433,0.0942865709690,0.3107297994363,-0.0568235614097,-0.4262003382567,0.2192495125630,0.5240679289387,-0.3166428552572,-0.0926679623560,-0.1331316954567,-0.2401838654268,0.1674217714526,0.3114725066065,-0.1516427659022,0.6935948180564,-0.0025547124345,-0.0288074908359,-0.0245247624996,0.2895456273159,-0.0040478372218,-0.1898407044455,-0.0812776621819,0.8415953864848,0.0580821090252,0.1521454161854,-0.0492136835406,0.3766714815749,0.0923192039745,-0.3268969802904,-0.2597818661150,0.2299259808967,0.1751378097015,-0.0195655695731,-0.2861115668450,-0.1815525278204,0.1000996039552,0.1198094358864
0.3976139157694,0.4113933276304,0.4694986861261,0.2165029111801,0.3092956553201,-0.1422911931950,0.1325418653507,0.3448268570653,0.0914882195303,0.0304192902445,0.3003860447132,0.1653972658048,0.2485211789746,0.2437289947800,0.2518644270635,0.1145709618916,0.5578382287928,0.4733819832491,0.2452056725926,0.3729096392125,0.3606822779015,1.0000000000000,0.4337942948261,0.8763954083070,0.2600946682659,0.2409695710775,0.3314742651028,0.4684095007578,0.6025943467595,0.4696957519525,0.6381411184082,0.0852733056499,-0.0211094770813,0.4155123330449,0.3226647395654,0.0007724109164,-0.0340111981647,-0.1798432841710,0.1272980854142,0.1513448429775,-0.1338848423746,-0.1013529293882,-0.2553359377921,-0.1186845899268,-0.0408646594980,0.1475840164772,-0.2037029925534,0.2629626168389,-0.0537412969101,-0.3013727546751,-0.0095948497879,0.5639789932770,-0.1580784557820,-0.1815391852470,-0.3156083988306,0.3264652885853,0.5026016439508,0.1313776574813,0.4741170995760,0.1412211861747,-0.2560983890388,-0.4006613330189,0.2744607586032,0.1645444496948,-0.0214706326940,0.1750948980028,-0.1101838084717,-0.0659396133396,0.1500724397611,0.0690637049179
0.2987734432990,0.6627187477055,0.3162591402053,0.6125815583568,0.3334285534077,-0.0933985003835,0.2279256545105,0.5490675319037,0.1472936052981,0.4951444485030,0.3593608795035,0.1659228681714,0.3205934732500,0.2972962586864,0.2099607323845,0.1823433485238,0.1938069802060,0.4988414651919,0.2594969857233,0.3991786343317,0.3057591810627,0.4337942948261,1.0000000000000,0.3948536752801,0.5730825151563,0.4297931475509,0.3170839087974,0.2319411875014,0.4848454977936,0.3278980634470,0.6289544445223,-0.0404429603368,0.0017573010095,0.2376357125165,0.3916501302868,0.0576479235815,0.2738174381708,-0.2779534072601,0.5353830619648,0.3325694951805,-0.1924253413693,-0.1207625050202,-0.1069053776968,-0.2995014290379,0.4483011954466,0.0295007071355,-0.1285726523864,0.3291460005715,0.0423899847406,-0.3354589186657,-0.0821452203346,0.2961688082403,-0.1693139515848,-0.2738254843794,-0.3247173387097,0.2683895093845,-0.0721015386009,0.7328634247856,-0.0552320382720,0.4313630996129,0.0914934662132,-0.3268500536847,0.0343099043221,0.0475137278639,-0.1701797326359,0.0070856998774,-0.1390691575337,-0.1005668100741,-0.0425600679957,0.2479576460553
0.3734440343318,0.5228121582053,0.6433494645059,0.2676496403927,0.2235555298288,0.0072097051766,0.2010296968875,0.2737861764753,0.2339167726438,-0.0136637166755,0.2384124334304,0.2707734126612,0.2212598389359,0.3442221554459,0.2652833077308,0.0828043370715,0.5521177405709,0.5295969799783,0.3284043678483,0.5039473693127,0.3001048443331,0.8763954083070,0.3948536752801,1.0000000000000,0.1365644875552,0.3841026968350,0.4308275476090,0.6285805329371,0.4681726125340,0.4228738135915,0.5774944425308,0.1422737606675,-0.0130739725650,0.3985503709782,0.3874388337543,-0.0535161902907,-0.0070268500379,-0.0103796756498,0.1675268918668,-0.0109675761752,-0.0370791320554,-0.0505216475587,-0.4096047349699,0.0170957039755,-0.1134566798564,0.0337631080068,-0.0698550399172,0.1533355681677,0.0656647018144,-0.3430197376628,0.0132312587298,0.5432850470789,-0.2343087120061,-0.1768823352760,-0.4092784584169,0.1954729742060,0.3132462757552,0.1081687695855,0.5105536718711,0.0244784005750,-0.1415846622597,-0.4284198075981,0.4657129529777,-0.0360483583100,-0.1647025590834,0.0250693827277,-0.0826286241881,-0.0527227644515,0.0056433562240,0.0852163521567
0.2664753995627,0.2313832619650,0.1479795611934,0.4726940893675,0.6040388722136,-0.1943924099483,0.0503087473426,0.7596696306083,-0.0076116501419,0.7040324668791,0.4153951632798,-0.0239433829773,0.2131693941125,0.1194063798473,0.1987386274659,0.1900547795671,0.3029589299161,0.1737899273728,-0.0572282892245,0.1064618146323,0.3480607037271,0.2600946682659,0.5730825151563,0.1365644875552,1.0000000000000,0.3545446008478,0.1197166131073,0.0072794440544,0.6646925448150,0.0991466124986,0.4190024282350,-0.0356751557712,0.0180494516945,0.0494042007427,0.1492058854698,-0.0087821903616,-0.0680925022264,-0.3155101250442,0.4010792822977,0.6357865807683,-0.1927127781409,-0.1944396645032,0.3141036045092,-0.1861177949807,0.6655350635616,0.0991529360378,-0.3372901901211,0.2143074928074,0.0786839286157,-0.1433207436242,0.0776429482631,0.1714898827267,-0.2195381435575,-0.2487305791433,-0.2773186746811,0.3195685804316,-0.0755915340051,0.4152960843932,-0.2463305861318,0.8994922769688,0.0559994620921,-0.3215545484985,-0.2076031000127,0.4428441107323,-0.3086396162638,0.0456208307937,-0.1322767784575,-0.1086922101794,0.0030855625909,-0.0509423541788
0.4562161925833,0.6049197442493,0.3239913846015,0.7199209194226,0.2563881008816,-0.0290988927937,0.3831236107508,0.4808292100482,0.3725692430040,0.3905768365824,0.3730312824366,0.5809993257206,0.3370886273442,0.5385082228747,0.5328753343565,0.2288938097314,0.2269052381256,0.4464563296334,0.4281153441510,0.6731114127489,0.1604068110507,0.2409695710775,0.4297931475509,0.3841026968350,0.3545446008478,1.0000000000000,0.6316542962443,0.4305335880847,0.2259144868065,0.4254522175224,0.2562503521019,0.3646490871255,-0.0388832307332,0.4241354964843,0.5626350236503,-0.0709575177416,0.2160151381949,-0.1324204875199,0.5539123372861,0.0234888801959,-0.0699563320467,-0.0311587776428,-0.1030041141785,0.0500007103477,0.2425698822902,-0.0106601707034,0.0558849395800,0.0332499310100,0.5175882354365,-0.0907980702926,0.1199020945167,0.0702471217999,-0.3274632894451,-0.3926050721274,-0.4768129834452,-0.0185048150853,-0.2011771130929,0.3464167990582,-0.1132601195839,0.1902477240837,0.4034519149037,-0.3614913833893,0.2069426586729,-0.1432024410542,-0.2652043646654,-0.2159329891410,0.3930897285987,-0.0619334900120,-0.1308916480520,0.1994415009358
0.4027308651075,0.6434543279747,0.3859376567871,0.5852556600418,0.1415162864223,0.1423336538295,0.4179907859417,0.4034947103375,0.4688102066268,-0.0030822716474,0.2997209697208,0.5470272775372,0.2851080406806,0.3523692468030,0.4034834011316,0.0830995001516,0.2438463198500,0.6218133767249,0.5606286120667,0.7424143901957,-0.0078217315137,0.3314742651028,0.3170839087974,0.4308275476090,0.1197166131073,0.6316542962443,1.0000000000000,0.5585785441212,0.2324824655946,0.3623972329966,0.4759210480878,0.4546089827402,-0.1327292014848,0.4435983299293,0.6786025418847,-0.0356192128131,0.3022788616456,-0.1617116057649,0.4298844010845,-0.1439273743123,0.1390697073572,-0.0400884523029,-0.2481888932099,0.1198186936563,-0.1003167987505,-0.0240859074673,0.0795266605438,-0.1206262729903,0.1476307502998,-0.2153779760039,-0.0087019335942,0.0279469130721,-0.0898781340739,-0.1928775959142,-0.4074109936897,-0.1004013083212,-0.1399553002480,0.3263907686827,-0.0669586635350,-0.0469218719041,0.1191348547160,-0.1468584939230,0.2594188266059,-0.2399754686360,-0.3392172262627,-0.1121210781676,0.3362966781106,-0.0211522267251,0.0795720963952,0.3045915409773
0.1805715906908,0.4565128909237,0.7516489990935,0.3170816332731,0.0375875830162,0.0593299854589,0.0498970255684,0.2144422860225,0.2525709132658,-0.0589420328735,-0.0039942214512,0.2599076787159,-0.0879944636271,0.2652075556971,0.1362943382989,-0.0583196967134,0.3389290767137,0.3338478160296,0.3216751591295,0.4345867688489,-0.2065865939329,0.4684095007578,0.2319411875014,0.6285805329371,0.0072794440544,0.4305335880847,0.5585785441212,1.0000000000000,0.1372431005100,0.0653091760710,0.2202319859942,0.2943366094809,-0.0568941637363,0.1926835903685,0.2136967170712,-0.3187413190455,0.0647761643230,0.3844156391900,0.1434761761508,-0.1621532399970,0.0637461208024,-0.0524422403087,-0.1829888529616,0.1308001826274,-0.1170942970570,-0.0366347421040,0.0131325485945,-0.2640012882597,0.0391461949658,-0.2708087019619,-0.0103035881262,0.2571879102442,-0.3352447179741,-0.1367120634002,-0.4750803383141,-0.2559295611555,0.0778322117434,0.0360315978565,0.3563420995668,-0.1277214488327,-0.0874172295776,-0.2331475154760,0.7862641015430,-0.1663378244810,-0.4326960030312,-0.1213657121332,0.1321925570243,-0.0786626481835,-0.1772694821572,-0.1526497940109
0.3723310083145,0.3373314576487,0.2186919143893,0.2587806892466,0.6161700761994,-0.2315218107423,0.0267063949954,0.5702766647693,0.0073137271295,0.2387390613886,0.5177874579889,-0.0266699845099,0.2575067187418,0.0963354558668,0.2241300079276,0.1199428169228,0.5953212104171,0.3583166727748,0.0543884086010,0.2539430561720,0.4860019326233,0.6025943467595,0.4848454977936,0.4681726125340,0.6646925448150,0.2259144868065,0.2324824655946,0.1372431005100,1.0000000000000,0.3274778803698,0.6212057408701,0.0379479746798,-0.0169301781895,0.2316051690635,0.2383370983233,0.0923478872324,-0.0300951969616,-0.3700349202758,0.1660442338960,0.4880061039261,-0.1623526003378,-0.1796677239949,0.1147417871367,-0.1668505055264,0.1621508810455,0.1727426836351,-0.3948513119286,0.2424644581244,-0.0691582504804,-0.2865722376056,0.0794199706392,0.4425899719965,-0.1003475731557,-0.2796515478649,-0.3421473075376,0.4405980102701,0.2589535877766,0.2824164236613,0.0503423541471,0.5298200212831,-0.2450385472071,-0.3574597772061,-0.1736143396508,0.5937461614373,-0.1736252265013,0.3221569859528,-0.1954607566453,-0.1082515906509,0.0932480736480,0.0269974416828
0.6917510303925,0.3627145839765,0.0844934914519,0.3872127484366,0.2560115968161,0.0193910545682,0.4659084834969,0.2333130209416,0.2632462102118,0.2065849183039,0.4674680818729,0.3241646737259,0.5389492343273,0.4517629708132,0.7173055848707,0.3225890250223,0.2699607019522,0.5802491161099,0.5305188307171,0.6955543936593,0.4656538769018,0.4696957519525,0.3278980634470,0.4228738135915,0.0991466124986,0.4254522175224,0.3623972329966,0.0653091760710,0.3274778803698,1.0000000000000,0.4129352641167,0.2226182776739,0.1214983617247,0.7871296877169,0.5846448543855,0.1035300814082,-0.0361483036826,-0.3526602859645,0.2327361009182,0.0928406149416,-0.0293786471828,0.0625937212637,-0.4060404586610,-0.1254768622105,0.0651819134739,0.0747026098985,-0.0873510698468,0.4764642140952,0.3138818069796,-0.0088438883479,0.1880614125936,0.2825338567182,-0.1067450686320,-0.2175531673609,-0.1885634963630,0.3418877073510,0.1532559877911,0.1582614538527,0.0030289963235,-0.0038015581574,-0.0959278261910,-0.4540796082360,-0.1195563113148,-0.0683683618064,0.3697474326409,-0.0437539439585,0.0506265299116,0.1370338306545,0.0757855791482,0.3134689723166
0.4313809007352,0.5782362582091,0.3099725265784,0.3286426846632,0.3192196907116,-0.0544945733639,0.2571280081841,0.6024529267714,0.1568933902686,0.0886396342678,0.3937345639998,0.1769152873876,0.3506027781064,0.1131730519855,0.1774368007181,0.0071374160585,0.3655807875767,0.6577073181485,0.2340591150052,0.4740236094206,0.4059936685751,0.6381411184082,0.6289544445223,0.5774944425308,0.4190024282350,0.2562503521019,0.4759210480878,0.2202319859942,0.6212057408701,0.4129352641167,1.0000000000000,0.0243535611321,-0.0187951703719,0.3134430487342,0.4235782175368,0.2794980706081,0.1253516119870,-0.3136610681958,0.2586768662685,0.2360938191261,-0.2120096902914,-0.2713278238395,-0.1601730382918,-0.2881551229976,0.0460959150339,0.0231217659558,-0.2664837643740,0.2663695015990,-0.2149759406864,-0.4226651761065,-0.2449635633573,0.3751011987874,0.0312149371481,-0.3433521411399,-0.3151854417182,0.3574905475550,0.1033481006565,0.4232001221963,0.1333319542122,0.2915314304810,-0.1903503485786,-0.2755321074413,-0.0001449561934,0.0996990067851,-0.1757671913275,0.2395619255549,-0.1750167816226,-0.1765606864732,0.2105724564194,0.2903477043523
0.1663232663946,0.0641640420963,0.0537230249108,0.2366907349434,0.0043028832016,0.2112728514458,0.2346010411754,0.1125347815872,0.1694695673946,-0.0216974143281,0.0450845567615,0.0401368819251,0.0418528926123,0.0088830317840,0.2067885390464,0.1554945337450,0.2270159320833,0.1037791309148,-0.0112292192943,0.3964628270773,-0.2123738312859,0.0852733056499,-0.0404429603368,0.1422737606675,-0.0356751557712,0.3646490871255,0.4546089827402,0.2943366094809,0.0379479746798,0.2226182776739,0.0243535611321,1.0000000000000,-0.0933018925206,0.3111044402566,0.3241058481058,-0.1726493801325,0.0850279559618,0.0249104091732,-0.0595381767344,-0.1134191326680,0.0791986675967,-0.0188660215280,-0.0051303323877,0.1023324311585,-0.0363108879075,-0.0848086517089,-0.2350563448583,-0.1912136841805,0.2989120878357,0.0308598727077,0.1012079957553,0.0496433767118,-0.1277234824259,-0.3876168558949,-0.2865988851629,-0.2346805871061,0.1363367714849,0.0409599678086,0.0906546197036,-0.0922368259271,-0.0496519711295,-0.1496589901591,0.0457414355234,-0.0012974558137,-0.0769847428956,0.0480497235404,0.6074726380303,0.1719060196484,0.0546363812556,0.0411253420860
0.1179100782413,-0.0729442818301,0.0890135211097,0.1075446126702,0.0097891856820,0.5114182103823,0.2482198397726,0.0442130479031,0.3213240033548,0.1698031070409,0.0539544363743,-0.0835952321937,0.0759515109284,-0.0669637566962,0.1656491421872,0.1174604332879,-0.0173813793394,-0.0618353037072,-0.0538924854910,-0.0050873463624,0.0317063851008,-0.0211094770813,0.0017573010095,-0.0130739725650,0.0180494516945,-0.0388832307332,-0.1327292014848,-0.0568941637363,-0.0169301781895,0.1214983617247,-0.0187951703719,-0.0933018925206,1.0000000000000,0.0373403552645,-0.0096152444310,-0.0882769676029,-0.2656532280342,-0.0671783865301,-0.0612323079631,0.0130662597758,0.3106607129924,0.1855770357727,-0.1748595776878,0.0910289228358,0.1369565019910,-0.0935723164473,-0.1602800916935,0.0539305358238,-0.0449534706772,0.0908319811628,0.1544777192784,0.0893921552972,-0.2885586085662,-0.0645790138370,-0.1310095695460,-0.0129560828390,-0.1406304623531,-0.0461780052387,-0.1684730874989,0.0135774646516,-0.1648586307175,-0.3046267138964,-0.1139768131793,-0.0739263538348,0.0565519554424,-0.1211482005652,-0.1835946323016,0.5264232756923,-0.2586034220301,-0.2078420942487
0.6038783004411,0.3661265092405,0.1158785703544,0.3817002629305,0.3499668455731,0.0112919297375,0.2951378618390,0.2125421213591,0.2205319537758,0.1645318587755,0.4124616653757,0.2857531749699,0.4223015380883,0.3369703306807,0.5749744715048,0.2163801635353,0.2440619114381,0.5502520943951,0.4131440915194,0.6110418159566,0.3803037748433,0.4155123330449,0.2376357125165,0.3985503709782,0.0494042007427,0.4241354964843,0.4435983299293,0.1926835903685,0.2316051690635,0.7871296877169,0.3134430487342,0.3111044402566,0.0373403552645,1.0000000000000,0.5621579707556,0.0417814352344,0.1173222665332,-0.2579202057137,0.3337558689409,0.0500942999972,0.0497047160534,0.0455336280943,-0.3380999478654,0.0134092001879,0.0445733086287,0.0659321575151,-0.0539414261501,0.2976849908099,0.2138504457390,0.0199779892447,0.2103307632082,0.1848038367505,-0.0109013822606,-0.1574878790529,-0.1482965978988,0.2418288971958,0.0977235053414,0.2162841675184,-0.0111060041131,-0.0186388246761,0.0406277548371,-0.3549810604910,0.0368086597059,-0.1300613966550,0.2832896590243,-0.0880881174265,0.1098317173138,0.1180128473479,0.2241252839921,0.2869671836445
0.3697781667540,0.6063936557610,0.1127646286849,0.5811153252644,0.0759152857691,0.1569891893530,0.4843033478856,0.2147624687469,0.3964632529769,0.1681615602344,0.3501054550919,0.4492111733049,0.4244606441842,0.3472556388172,0.4610759131449,0.3528722180907,0.1636062835496,0.5679021832592,0.5625886801598,0.6666761753805,0.0942865709690,0.3226647395654,0.3916501302868,0.3874388337543,0.1492058854698,0.5626350236503,0.6786025418847,0.2136967170712,0.2383370983233,0.5846448543855,0.4235782175368,0.3241058481058,-0.0096152444310,0.5621579707556,1.0000000000000,0.0736405678074,0.3459471933986,-0.3255447111216,0.5377742729289,-0.1314459905289,0.2377771748542,0.0547864243336,-0.3332393012087,0.1070024772873,0.0461161590563,-0.0576573887195,0.0697452064127,0.0876551357395,0.2393136297184,-0.1594093348894,0.2280369966690,-0.0330582445666,0.0487081931529,-0.0882509899949,-0.1598951182971,-0.0062757320150,-0.0732426334306,0.3945991233398,-0.1128956120641,-0.0278868019377,0.1568611953239,-0.2553118112650,0.0232990300295,-0.1934862059676,-0.0192936903506,-0.0206540350239,0.2315643507401,0.1856368973331,0.2019358162534,0.6436401431547
