1.0000000000000,0.3375267511341,0.2691035877552,0.4383725442408,0.1696221594469,-0.1229310717442,0.2892037154790,0.2430516857220,0.0814702177831,0.3380521646058,-0.0666759026358,0.0692703449447,0.1483552350399,0.1875063536525,0.4219984787244,0.1309502778105,0.3339949027496,0.3932681725220,0.0467118174656,0.5789350930277,0.4218885931358,0.4392235552399,0.1892795874380,0.4614711286691,0.2762122020922,0.4754592074480,0.3776642584532,0.3286592751183,0.3071306344133,0.4475467400555,0.4416463765018,-0.1362389464713,-0.0547398651121,0.3019842893216,0.3518095417095,0.4577032982619,0.3659562584901,0.1208591017110,0.4455105577630,0.0434077805405,-0.1621683994605,-0.1305138485278,0.1632085359087,-0.2503602669738,-0.0333994950258,-0.1654136508970,0.0585809490260,0.1241664091229,0.0599160338223,-0.2402406125536,-0.2230806739386,0.4142440661913,0.3823815098666,0.0262662185108,0.3403978394220,0.1755072844509,0.1641987757987,0.3125762117058,0.3403608332413,0.3381933243997,0.2434175118096,0.3945660160974,0.4211790405276,0.1302162775801,0.0432207803325,0.2261058013685,0.2741527178561,0.0981043531079,-0.0164907970687,0.1610689119741
0.3375267511341,1.0000000000000,0.2871514291980,0.6806441687172,0.2641055970053,-0.2814208189284,-0.1818690591277,0.3301205412279,-0.2263799663180,0.2314984135489,-0.0934512089849,-0.0446723104181,0.1239604593360,-0.0208836365333,0.0173722704923,-0.1235187184304,0.3847576463571,0.4402097284201,-0.0306476455959,0.2529641509152,0.2698445909371,0.6226028781311,0.6392611523799,0.5907853607083,0.4139973189202,0.3518535720793,0.3462505403485,0.5519720202900,0.4884226332885,0.2110064786923,0.6155997076726,-0.3001059264990,-0.1763476527448,0.2945105652415,0.2250622896411,0.4927478273728,0.8017515913091,0.1216966927419,0.6394776917021,0.2155606703433,-0.3120414036198,-0.2868467149850,0.2301943000694,-0.3491388232476,0.0880002332253,-0.1650535028453,0.0226575037138,0.1207529887328,0.0073270995635,-0.0714563060616,-0.1799809026253,0.4181014304116,0.5489443821186,0.1425088685006,0.4723082405341,0.3116166880694,0.4366043934454,0.6052463247822,0.5112339958461,0.4622828148257,0.3867947137842,0.3891440700014,0.5599936567555,0.3764538200884,0.3209366427215,0.4515386748046,0.2401390696960,-0.1430676033103,0.2525252263886,0.3916426616653
0.2691035877552,0.2871514291980,1.0000000000000,0.2017411650548,-0.0178947333720,-0.2448715659426,-0.2824017240187,0.2498846084159,-0.0899171836389,0.2389928961321,-0.2289501604304,0.3426591342329,-0.2178060887821,0.3869830943045,0.0676079441579,-0.1407498794519,0.2619710769763,0.1951665220523,0.2443439497921,0.4044147205821,0.0019041607591,0.4723484107801,0.0116253227617,0.7144727459650,0.0978548563590,0.4057368678247,0.5955105436197,0.8292207277023,0.1248714643610,-0.0300987692399,0.0581140414791,0.0847483571805,-0.1496363139541,0.0839584312986,0.0872284881364,0.0552760786959,0.1118337406832,0.5554151110517,0.0836956425305,-0.1499796392727,-0.2588774479514,-0.4096415067275,0.0488121918398,-0.1356743728433,-0.1469394224994,-0.3142756308181,0.3080656960591,-0.2678957686205,0.2745577805045,-0.1719743778765,-0.2866717204581,0.3074917280366,0.0332284428625,0.2106207279524,0.1175257892456,0.0363909536481,0.1212937424134,0.0464957710572,0.2888544585900,0.0953316882194,0.2426407012632,0.3254519691818,0.6187959773897,0.0603105603894,-0.3121138872463,-0.1264664969419,0.3082659895686,-0.1909946464638,-0.1229779250814,-0.0163727885255
0.4383725442408,0.6806441687172,0.2017411650548,1.0000000000000,0.2954485436233,-0.1765506223895,0.0279293603841,0.4064580365887,-0.0614221929075,0.4401807051321,0.0388053640816,0.0066664708715,0.2617304035674,0.0435076074604,0.1693795610901,0.1437654497290,0.2871416750505,0.4907867658228,0.0626518960149,0.3431548457765,0.3685299184642,0.4818074934073,0.6612651017642,0.3748012530313,0.4252515900813,0.3710948218566,0.2613951458835,0.3487129334314,0.3871005272686,0.2352531342468,0.5168207529022,-0.1545686136019,-0.1468533848881,0.4269920973129,0.2744610148332,0.5250022218661,0.6088439782487,-0.0076260647811,0.8071214952310,0.2349097175742,-0.1923754413497,-0.0684252005311,0.2264363561616,-0.2100714173908,0.3677784880360,-0.0292272715517,0.0696175383952,0.2493124256194,0.0508584483195,0.0934017866484,0.0285565475909,0.3171928166293,0.4390676596808,0.1486725765959,0.4621410444298,0.3291840377066,0.1871968980811,0.5585852754344,0.2931352521842,0.4361135252314,0.3370332738709,0.2748199078577,0.3695731883260,0.2162587540827,0.3055397869150,0.2617282682058,0.1345323320964,-0.1272212830939,0.3542445223685,0.3588129778399
0.1696221594469,0.2641055970053,-0.0178947333720,0.2954485436233,1.0000000000000,-0.0578236756464,0.1318370374169,0.5432498034502,0.0296351190665,0.3182426456934,0.4737623772320,-0.1427026228162,0.6347320322103,-0.0845132647007,0.1708132997635,0.1627602587357,0.1410262277243,0.0211301906886,-0.2228891922682,-0.1308750083147,0.7626852953572,0.2920258856470,0.4136384363455,0.1824092298405,0.6567642294609,0.1497689893272,0.0233530743979,0.0508916990566,0.6789396686563,0.2286985334466,0.3790708104408,-0.1623676597886,0.0673282679275,0.2374094312975,0.0041776945543,0.2528632530947,0.1717567294592,-0.1473753682334,0.2788820570017,0.8800791101030,-0.0687895241596,0.0831949142670,0.4961183746582,-0.1042725717867,0.3975156108007,0.4477595809141,-0.2308149748262,0.6809309470051,-0.2497810141455,0.0669892930688,0.1486606760810,0.1709094924418,0.1186720018176,-0.2815869306412,0.0785051991140,0.6208882785720,0.2584274050263,0.3778760600166,0.1395388685222,0.5853661311128,-0.0238584961064,-0.0221974660698,-0.0051858752771,0.6115239036103,0.1509452713002,0.2238231963722,0.1299264590404,0.0837182192970,0.1957678791139,0.1498978660040
-0.1229310717442,-0.2814208189284,-0.2448715659426,-0.1765506223895,-0.0578236756464,1.0000000000000,0.6453628945499,-0.0268770002391,0.5987554297754,-0.2548373958366,0.3481394593440,-0.3047412786734,0.2367596198081,-0.1428885777217,0.4508818810137,0.6787570972678,-0.1541303529997,-0.0702765263183,0.0089950801371,-0.1095403250395,-0.1990340139679,-0.1238493061417,-0.1295115035170,-0.1502157779345,-0.1231332182475,-0.1282205430641,-0.0211753856486,-0.3875619333475,-0.1071484252722,0.4199217344530,0.0641904030901,-0.0492917510741,0.7435304426817,0.3144232831369,0.4744307988547,-0.3441566700518,-0.3382170203583,-0.3552981800051,-0.1034062368046,-0.0628076626384,0.9659361650335,0.5998864830252,-0.2439260042951,0.5839940797750,-0.0065414195770,0.1895056110155,-0.3048719146449,0.0949054750617,-0.3847325397908,0.2854682067100,0.7182384663311,-0.2279656310300,-0.0796929631207,-0.1581047610456,-0.2179520283450,-0.4245220758533,-0.1537822693160,-0.1193748484268,-0.3285951100217,-0.2581373408482,-0.2763451231483,-0.3737066923979,-0.5100031744481,-0.1180819388206,0.2133518900606,-0.1947655311932,-0.1285633254602,0.7353443544523,0.2015443271553,0.3113689870738
0.2892037154790,-0.1818690591277,-0.2824017240187,0.0279293603841,0.1318370374169,0.6453628945499,1.0000000000000,-0.0267438537835,0.5935413097814,-0.1256688026277,0.4575156702931,-0.1638913518589,0.5629518920981,-0.0263805411313,0.5672767266257,0.7323931192700,-0.1298942578089,0.0300149178481,0.0859718310678,0.1148311205372,0.2149942376353,-0.0668603093629,-0.1402531727594,-0.1274315453038,-0.0232852876459,0.0000588845581,0.1116369697509,-0.3219590529493,-0.0178294863526,0.6141250920671,0.2675783758730,-0.0270708705926,0.4294918759996,0.4053423965324,0.4005652092425,-0.1815198821829,-0.1816480927726,-0.3343661944899,0.1201925931759,0.1840374804893,0.6261890043515,0.7076352262867,-0.2189249354392,0.4370944608373,0.0470691481698,0.2647195609173,-0.1232498248062,0.4074732716090,-0.2765070011919,0.1422051963331,0.6011657674268,-0.1615184705128,0.0319903846058,-0.1438698107372,-0.0987578527811,-0.1724073228434,-0.1601236198232,-0.0866771094390,-0.2581167480365,-0.1269954877335,-0.2150697982584,-0.1783123464865,-0.3703653162340,-0.0559895063151,0.2331306283816,-0.0388081227573,0.0137134349093,0.5084319176019,0.1495980829929,0.2134986711101
0.2430516857220,0.3301205412279,0.2498846084159,0.4064580365887,0.5432498034502,-0.0268770002391,-0.0267438537835,1.0000000000000,0.3258763276086,0.5397541630128,0.4426063175097,0.1561430321680,0.3821756962412,0.3111640613177,0.5223302738449,0.2322003098332,0.0135006876605,-0.0307575338250,0.0981527413222,-0.0381028760003,0.3513915019517,0.4140871010339,0.4358772737067,0.2497588469625,0.7290976731101,0.4228125560946,0.3128416420483,0.2978720341509,0.6353042122325,0.3775237172487,0.4525477240555,0.0160433632034,0.1335156287166,0.2789359392484,-0.0121938580600,0.1908971338022,0.0894426221891,-0.0890429333194,0.4249433159952,0.4103948648487,-0.0781386872965,-0.0922139524480,0.6342309432451,0.0265286584866,0.5660120201251,0.1447782179853,0.0080520666662,0.3337412866642,0.0915273482567,0.1901214459213,0.1531447127884,0.0713411047232,-0.1134051807587,-0.0734169648102,-0.1014658967947,0.2585942059782,0.2798237126496,0.2857020655039,-0.0836838336225,0.5539841375125,0.1880557634275,-0.0469502203596,0.0868150622031,0.6952255696529,0.0510840888797,0.0729567521477,0.4547748952858,0.1601591648985,0.0837498250263,0.0288736596610
0.0814702177831,-0.2263799663180,-0.0899171836389,-0.0614221929075,0.0296351190665,0.5987554297754,0.5935413097814,0.3258763276086,1.0000000000000,-0.0802853852839,0.5199706857017,0.1879990192222,0.3136029681048,0.2924599106149,0.7219320547788,0.5891122169012,-0.1412369692883,-0.2504130802143,0.2772684655862,-0.0927683732691,-0.0040874256714,0.0840168458989,-0.0853478187280,-0.0453648326548,0.0898813083648,0.1252901875877,0.1781358375279,-0.2226396565513,0.1171653475320,0.5252604219190,0.2589794846407,0.1372100558669,0.5259022782872,0.2709952770881,0.1779829494357,-0.1754254365529,-0.4664890000305,-0.3393087808715,0.0364307398866,-0.0105090431288,0.5661978963168,0.4482172985652,-0.0958404616159,0.6391862641014,0.1244086794877,0.1659418338874,0.0917945827438,0.0974370172135,-0.0239159933055,0.2734545224369,0.5722483290330,-0.2159111936901,-0.2304595303479,-0.0594853094347,-0.3761518372763,-0.2826718589265,-0.1304651429380,-0.1997387248828,-0.3878565714214,-0.0687372345497,-0.2395566504001,-0.3277098153760,-0.4256892209180,0.1568334731253,0.0542194215011,-0.1659215687647,0.2302249068703,0.5319686484938,0.0228832981504,0.1259584753927
0.3380521646058,0.2314984135489,0.2389928961321,0.4401807051321,0.3182426456934,-0.2548373958366,-0.1256688026277,0.5397541630128,-0.0802853852839,1.0000000000000,-0.0187090002300,0.0841593009351,0.1154931788284,0.3244468058326,0.2258057655867,0.0332318553936,0.1961914041727,0.1708171035492,-0.0320444275065,0.1939555345695,0.3668218825810,0.2699201911467,0.3161057612021,0.1841655582973,0.5851495431414,0.5459338702484,0.1403314800120,0.2996108161841,0.4086742498433,0.1620855019923,0.1212207048641,0.0667758011918,-0.1278605794308,0.0721611853184,-0.0299090125657,0.2777633400732,0.2144937923427,0.1193599863527,0.4660895189634,0.2203264613287,-0.2964745806839,-0.2227208430592,0.5029369201781,-0.3614148037405,0.7034650698094,-0.1203657497783,0.0025098006928,0.2103581747137,0.2921275730070,-0.1218486812963,-0.1620149362658,0.2650504565386,0.0153682710104,-0.0758158975223,0.1671765545452,0.4191286603809,0.1528783788840,0.2591010303616,0.1397134612880,0.5701307912946,0.4420284085349,0.1967210520238,0.3265465260687,0.2883018434203,-0.0896855463709,0.0210535880019,0.2812472180086,-0.0875075845546,-0.0722274433206,-0.0692802617789
-0.0666759026358,-0.0934512089849,-0.2289501604304,0.0388053640816,0.4737623772320,0.3481394593440,0.4575156702931,0.4426063175097,0.5199706857017,-0.0187090002300,1.0000000000000,-0.1044012974728,0.6776394082233,-0.0322011122924,0.5119507270072,0.4892795390554,-0.1110734472307,-0.3337353821048,-0.1153818801424,-0.4104602685094,0.3215133935224,-0.0213809371165,0.1999634782189,-0.1972981768504,0.3560348397953,-0.0810122177843,-0.0564959286639,-0.3201595432186,0.3124251416634,0.3630764473704,0.2686821972701,-0.0428523377554,0.2168614992489,0.3216602856154,0.0028023363362,-0.1968167049937,-0.1994045173604,-0.3599605776087,0.1681302210828,0.4945663799594,0.3563514889778,0.4452787282779,0.1961118220644,0.4391764026136,0.3978342776903,0.7671988300818,-0.1843277668648,0.5549438393431,-0.2771100230279,0.3559065351652,0.5548863497627,-0.2074335312560,-0.3014774633020,-0.3103359078538,-0.3618362212306,0.0379604564306,0.0166159166223,0.0877582960730,-0.3418595183086,0.1328248587832,-0.2889051922249,-0.4166635894610,-0.4974741370436,0.3633661558300,0.0896330220513,0.0358075220465,0.1063849874832,0.2638270839404,0.2106260384221,-0.0700284201142
0.0692703449447,-0.0446723104181,0.3426591342329,0.0066664708715,-0.1427026228162,-0.3047412786734,-0.1638913518589,0.1561430321680,0.1879990192222,0.0841593009351,-0.1044012974728,1.0000000000000,-0.2310029323302,0.7664049853897,0.1049448246453,-0.1442253447719,-0.1151289227241,-0.1225070357568,0.6259364665972,0.2120810185981,-0.0483451328593,0.0134665380209,-0.1309177465194,0.0711243853847,-0.0316201508413,0.1829832922984,0.2850457397252,0.2977936428231,-0.0983879979770,-0.0913662850979,-0.1328964780652,0.5894863317639,-0.1150815254452,-0.0622396021879,-0.2027928488115,0.0091149156882,-0.1841765818077,0.2240724515052,0.0026323269291,-0.1459272494225,-0.3099398621194,-0.2216622213819,-0.0651239188800,0.0560924605665,-0.0510931269394,-0.2082211776286,0.8077007046640,-0.2376199974301,0.7269400616678,0.0211504715180,-0.1512789665389,-0.1081639588141,-0.2771867684943,0.4390079867761,-0.1253434926512,-0.0273920307952,-0.1230405395156,-0.2274849580409,-0.0930866479681,-0.0589307167743,0.1305256421593,0.0648258774036,0.1720670844478,-0.0225996082088,-0.1743736153908,-0.2178326769857,0.3599908171515,-0.1625457930680,-0.1600017441103,-0.1677847109923
0.1483552350399,0.1239604593360,-0.2178060887821,0.2617304035674,0.6347320322103,0.2367596198081,0.5629518920981,0.3821756962412,0.3136029681048,0.1154931788284,0.6776394082233,-0.2310029323302,1.0000000000000,-0.1011763974163,0.4683892147120,0.5402021958047,-0.1298333753516,-0.0478761987830,-0.1112297981976,-0.1118968985037,0.6177509751455,0.1157402039821,0.2470653657922,-0.0428733646555,0.3588740649431,0.0409725217288,0.0578730322600,-0.2019479535084,0.3587072382942,0.4904685512187,0.4105983490407,-0.1298922578546,0.1609413550478,0.4087603105450,0.1051616247418,0.0255313443041,0.0035217317039,-0.4214875451612,0.2868202809517,0.6345442496121,0.2479224072913,0.4916459523707,0.1064152767747,0.2659887295017,0.3888599931605,0.5192944956648,-0.2151887887708,0.8616497261117,-0.3311187892380,0.3217540751089,0.5101373083085,-0.1597403476361,-0.0114377649509,-0.1722411701313,-0.0880558491535,0.2885893217784,-0.0075613977846,0.1460495837923,-0.2236868532864,0.2133584890422,-0.2294035186063,-0.2067070630866,-0.3391460548543,0.3337316158524,0.3245398821324,0.0790534314479,0.0668280620855,0.2528351295126,0.2939904259736,0.0882110120171
0.1875063536525,-0.0208836365333,0.3869830943045,0.0435076074604,-0.0845132647007,-0.1428885777217,-0.0263805411313,0.3111640613177,0.2924599106149,0.3244468058326,-0.0322011122924,0.7664049853897,-0.1011763974163,1.0000000000000,0.3652902754522,0.0607746588849,-0.1000311870568,0.0102630718219,0.5040005999599,0.3474688911253,0.0138941956955,0.0759189682956,-0.1600011659398,0.1562942315155,0.1098114575165,0.5260490823904,0.5049666449895,0.4081571425499,-0.0183489523369,0.1475353002673,-0.0545561394197,0.6751599179138,0.0018519263288,0.0602928984894,-0.0058052145744,-0.0618717921240,-0.1850295585133,0.2566393252342,0.0823525514089,-0.1657296729963,-0.1748497327736,-0.2219229687977,0.0179048839823,-0.0004115106502,0.0947855764025,-0.2682841815954,0.6307379070733,-0.1760161041489,0.7351797734242,-0.0509762384274,-0.1068171047292,-0.0729115504917,-0.2323540225702,0.3489042179816,-0.0582106937877,-0.0574269183138,-0.0799648469874,-0.1990982731391,-0.0692303801853,0.0146602187705,0.2740557368797,0.1755033817153,0.2589971150153,0.0043163382488,-0.2364214365584,-0.2471185818566,0.5683517797825,0.0408363503339,-0.1870807841799,-0.1142596503908
0.4219984787244,0.0173722704923,0.0676079441579,0.1693795610901,0.1708132997635,0.4508818810137,0.5672767266257,0.5223302738449,0.7219320547788,0.2258057655867,0.5119507270072,0.1049448246453,0.4683892147120,0.3652902754522,1.0000000000000,0.6295333747568,-0.0474847998665,-0.0290815456181,0.1457079883278,0.1740058497392,0.1762610479218,0.2043893978653,0.1073410295242,0.1401935263897,0.3338699412740,0.3857945158280,0.3585689530188,0.0265492732645,0.2894112249598,0.7895033203877,0.4523242959601,0.1187931505867,0.4310250424265,0.4777251278857,0.3415526647602,-0.0951489495888,-0.1366522770377,-0.2223133794358,0.3280994521913,0.0489558928993,0.4002663799404,0.1771141265078,0.1392752892948,0.3592711357483,0.2747841242139,0.0481855073215,-0.0518562554018,0.2168490821274,-0.0510108705810,0.2119043190400,0.4121246337480,-0.0554347117209,-0.0968794179099,-0.0839485247263,-0.1519680914683,-0.2003564304125,0.0542385998928,0.0839180212536,-0.2295257092726,0.1431875479381,-0.0343350678081,-0.1418856468305,-0.1574585435611,0.3061283349265,0.0956364954022,0.0264180498968,0.3574701123714,0.5329385899703,0.0782942809916,0.0843734354301
0.1309502778105,-0.1235187184304,-0.1407498794519,0.1437654497290,0.1627602587357,0.6787570972678,0.7323931192700,0.2322003098332,0.5891122169012,0.0332318553936,0.4892795390554,-0.1442253447719,0.5402021958047,0.0607746588849,0.6295333747568,1.0000000000000,-0.1400080993435,0.0378716353868,0.0970514672569,0.0790189920376,0.1250609626541,0.0257664567527,0.0074581632353,-0.0436781581542,0.1350046535904,0.1499271770472,0.1875876602785,-0.2354858026471,0.0783749754138,0.6052795537476,0.3281620959793,0.0495297804345,0.5054698302281,0.5301129451122,0.5139004656501,-0.1864488139311,-0.2147743089942,-0.3574138751671,0.1833047325459,0.1435432006911,0.6632395553599,0.5564266329761,-0.0905355910144,0.4894790103423,0.2526893822772,0.1829137595250,-0.1510747757904,0.3815537398529,-0.2334310929524,0.2901565022423,0.7474743923476,-0.1585188200032,-0.0523594295161,-0.1075678673444,-0.1552781963900,-0.1823075811999,-0.1373737707461,0.0009604567841,-0.3231952865412,-0.0096195315380,-0.1450508014152,-0.2620819275915,-0.3856756893161,0.0650004245799,0.2242238303556,-0.1133954672895,0.0479911309945,0.5425164000903,0.2671636907959,0.2927807838939
0.3339949027496,0.3847576463571,0.2619710769763,0.2871416750505,0.1410262277243,-0.1541303529997,-0.1298942578089,0.0135006876605,-0.1412369692883,0.1961914041727,-0.1110734472307,-0.1151289227241,-0.1298333753516,-0.1000311870568,-0.0474847998665,-0.1400080993435,1.0000000000000,0.2580072281552,-0.1251416747608,0.2320550073689,0.2139952695413,0.5648502237698,0.2674670494996,0.5416095843813,0.3082577432808,0.2879455815505,0.1741059107876,0.3336296658185,0.4437437860103,0.0406953031412,0.2699943260102,-0.2934936011132,-0.1571600338922,0.1330826863296,0.2045262491152,0.3903778977372,0.3430518342428,0.2648887953233,0.2848621292467,0.1022190819971,-0.1952331510842,-0.2653973450230,0.1573430857485,-0.2917017420177,-0.0233299410078,-0.0760845246515,-0.0999738123127,-0.0415618043604,-0.0325070825350,-0.2725974581446,-0.2665686214157,0.9099172886605,0.4317943562174,-0.1070013808926,0.3125169793372,0.3328371024526,0.3781210204561,0.3701227059525,0.7190257586931,0.4975290467098,0.2311030957567,0.3846975663196,0.4570030639449,0.2042711302436,-0.0054248609001,0.4025875221068,0.1238014298229,-0.1472240962521,0.0518583900608,0.2518555091972
0.3932681725220,0.4402097284201,0.1951665220523,0.4907867658228,0.0211301906886,-0.0702765263183,0.0300149178481,-0.0307575338250,-0.2504130802143,0.1708171035492,-0.3337353821048,-0.1225070357568,-0.0478761987830,0.0102630718219,-0.0290815456181,0.0378716353868,0.2580072281552,1.0000000000000,0.0419701248552,0.6806422855174,0.1153513572845,0.3722156648790,0.2273758127582,0.4492674533648,-0.0845166568001,0.2525941278643,0.3592116249513,0.3157285280439,0.0260222794448,0.2028107070935,0.2781374354112,-0.0418458943157,0.0003527657419,0.2369762526505,0.4825140282153,0.3734616093273,0.4468624114171,0.1927789283041,0.2987214451959,-0.0261931958343,-0.0886571388146,-0.1026992273545,-0.1578199777321,-0.3112242032571,-0.1250339296718,-0.2783756356865,0.0403911611615,-0.0106724959928,0.0913312340843,-0.1576902032803,-0.1646099943515,0.2908821238420,0.6679163182085,0.2569923110166,0.7395843425592,0.1426012636752,-0.0393727049969,0.2106394311607,0.3755764951492,0.0504659022763,0.4142640276340,0.4963103035121,0.4091862543235,-0.2594127406295,0.2627970418041,0.0031767584893,-0.0056127551221,-0.0632425298256,0.1136748227664,0.5524051891666
0.0467118174656,-0.0306476455959,0.2443439497921,0.0626518960149,-0.2228891922682,0.0089950801371,0.0859718310678,0.0981527413222,0.2772684655862,-0.0320444275065,-0.1153818801424,0.6259364665972,-0.1112297981976,0.5040005999599,0.1457079883278,0.0970514672569,-0.1251416747608,0.0419701248552,1.0000000000000,0.3559328881175,-0.1826862337989,0.0176215033146,-0.2335019019056,0.0076153180921,-0.1645438169861,0.1188057915215,0.3622086484921,0.2071539255065,-0.1639562966669,0.0433788230611,-0.0859697525704,0.3821321979097,-0.0729593779487,0.0263595938591,-0.0209932233054,-0.0160466868009,-0.1682647596774,0.1508457765785,-0.0018953708791,-0.1872368725748,0.0174731360006,0.0943978842477,-0.2217577489944,0.2309011891888,-0.1494081520880,-0.2028414618961,0.7243579283594,-0.1655456633358,0.5252615136395,0.1781876930083,0.1399655174807,-0.1277510080837,-0.1706026184426,0.5415722751065,-0.0905583063999,-0.1841167973564,-0.2324025073922,-0.3149427761819,-0.1824148156523,-0.1759130133862,0.0887822739722,0.1070043288251,0.0642229895187,-0.1565449878916,0.0508198486792,-0.2810608042010,0.2242860087496,-0.0817953909820,-0.0781771315254,0.0191770903157
0.5789350930277,0.2529641509152,0.4044147205821,0.3431548457765,-0.1308750083147,-0.1095403250395,0.1148311205372,-0.0381028760003,-0.0927683732691,0.1939555345695,-0.4104602685094,0.2120810185981,-0.1118968985037,0.3474688911253,0.1740058497392,0.0790189920376,0.2320550073689,0.6806422855174,0.3559328881175,1.0000000000000,0.1174980215119,0.3341925796925,-0.0029650922589,0.4694553496672,-0.0747406719416,0.4973773035197,0.5531431863335,0.4587093700651,0.0093430348428,0.2859418614702,0.1994911394487,0.1697370862810,-0.1228815494605,0.3378895999740,0.5326623468002,0.2838957540433,0.2077076949843,0.3521231243820,0.2402679010925,-0.2063031253970,-0.1101228019843,-0.1889785849149,-0.1965787327537,-0.2032709773485,-0.2738976017630,-0.4477369158991,0.3349643226377,-0.1205829525959,0.3065023859141,-0.1953907886244,-0.2357045872924,0.3117550999886,0.4094086185920,0.4641849662266,0.4906514722764,0.0651459121470,-0.0664720894857,0.1034807337154,0.3109287612085,0.0285631627221,0.4159632435900,0.5363429560769,0.5073823814789,-0.2448316542234,0.0948993703740,-0.0321709567198,0.2191659891024,-0.0750871784605,0.0229756655968,0.3961481976084
0.4218885931358,0.2698445909371,0.0019041607591,0.3685299184642,0.7626852953572,-0.1990340139679,0.2149942376353,0.3513915019517,-0.0040874256714,0.3668218825810,0.3215133935224,-0.0483451328593,0.6177509751455,0.0138941956955,0.1762610479218,0.1250609626541,0.2139952695413,0.1153513572845,-0.1826862337989,0.1174980215119,1.0000000000000,0.3438293799355,0.3037466988009,0.2139095270074,0.4782944296743,0.2685845605579,0.0917102286675,0.0865260493440,0.5543036384247,0.2387177244703,0.3477787283604,-0.1336262587500,-0.0965833960144,0.3031976844010,0.0745942298817,0.4253304870750,0.1940677654664,-0.1397380282686,0.3390117743276,0.6814340062110,-0.2146054367254,0.0793977999806,0.2626568584400,-0.1959976119381,0.2868129612786,0.3306051341336,-0.0747908486440,0.6818594672466,-0.0802321916744,-0.1100251223678,-0.0235744726711,0.2535572300875,0.2083639141551,-0.1695501221080,0.1885173884306,0.8002746242560,0.0928572573937,0.2891105143775,0.1943242512449,0.4861979308086,0.0844984802792,0.1403947387001,0.1265415048381,0.3789434333683,0.1005592189699,0.1506834142476,0.1549251835165,0.0027148404609,0.1944788387300,0.1437120686396
0.4392235552399,0.6226028781311,0.4723484107801,0.4818074934073,0.2920258856470,-0.1238493061417,-0.0668603093629,0.4140871010339,0.0840168458989,0.2699201911467,-0.0213809371165,0.0134665380209,0.1157402039821,0.0759189682956,0.2043893978653,0.0257664567527,0.5648502237698,0.3722156648790,0.0176215033146,0.3341925796925,0.3438293799355,1.0000000000000,0.4501770736868,0.8359835230022,0.4295787640488,0.4088333795594,0.3842634915787,0.4966824320525,0.6243452709497,0.2946552025908,0.6348081905368,-0.2683363137324,-0.0528626661905,0.3835325840568,0.3135286626715,0.4547595308294,0.3829716999522,0.1664012861436,0.3925154419057,0.1642007586864,-0.1535924717550,-0.2194315802842,0.1936480637362,-0.1501007178924,0.0201863627453,-0.1338959726056,0.0204475047367,0.0950751123533,0.0005266315565,-0.1162469000557,-0.1188739671723,0.5886981705944,0.4617053970884,0.0624563299476,0.3426521305387,0.3388137654214,0.4547479454183,0.4157830448079,0.5945645967115,0.5300396670729,0.2594428297808,0.3617754767633,0.4775179944915,0.3967483122673,0.1777420738126,0.3003140272358,0.2447462882731,0.0046277449672,0.2002114689065,0.4292792117550
0.1892795874380,0.6392611523799,0.0116253227617,0.6612651017642,0.4136384363455,-0.1295115035170,-0.1402531727594,0.4358772737067,-0.0853478187280,0.3161057612021,0.1999634782189,-0.1309177465194,0.2470653657922,-0.1600011659398,0.1073410295242,0.0074581632353,0.2674670494996,0.2273758127582,-0.2335019019056,-0.0029650922589,0.3037466988009,0.4501770736868,1.0000000000000,0.2858042665353,0.5667264019625,0.1696827027453,-0.0176420960712,0.1526919253900,0.5771333350014,0.1427582403573,0.5708356066620,-0.2490711397280,-0.0628171858750,0.3524077028790,0.1630049930825,0.3935131827722,0.5793617635875,-0.0753555359862,0.6574162846256,0.3386486190204,-0.1457868298004,-0.1500306565756,0.3724926009606,-0.2105411420280,0.3907067512094,0.1316761413911,-0.2210703141234,0.2513817448197,-0.1949693904380,0.0915369012502,0.0187891564568,0.2483540759510,0.3058595552128,-0.1100632676375,0.2513320141361,0.3000930845365,0.3847257514141,0.8482799572523,0.2966778555177,0.5557983472984,0.1710239079441,0.0306358856193,0.1974913433640,0.4271898737503,0.2879049142476,0.4366904796300,0.0811086946806,-0.0492075425060,0.3921803314959,0.2676143120900
0.4614711286691,0.5907853607083,0.7144727459650,0.3748012530313,0.1824092298405,-0.1502157779345,-0.1274315453038,0.2497588469625,-0.0453648326548,0.1841655582973,-0.1972981768504,0.0711243853847,-0.0428733646555,0.1562942315155,0.1401935263897,-0.0436781581542,0.5416095843813,0.4492674533648,0.0076153180921,0.4694553496672,0.2139095270074,0.8359835230022,0.2858042665353,1.0000000000000,0.2852104902718,0.4673620761822,0.5630626174386,0.6784162940665,0.4313455731065,0.2507204161809,0.5234957109821,-0.1927333780989,-0.0547130371912,0.3065887884517,0.3965039083249,0.3457390893014,0.3620266158451,0.3452801757768,0.2614558474805,0.0320147523156,-0.1793097103327,-0.3732983958631,0.0724522348271,-0.2065954561272,-0.1827281803947,-0.2948758629393,0.0584861544371,-0.0884457988701,0.0186589967652,-0.2333521701405,-0.2298504935806,0.5759124675534,0.5227443683642,0.0857872438797,0.4106407452156,0.1931524431430,0.3387505220190,0.3642955773605,0.6189897707041,0.3604384799181,0.2471001688147,0.4582034418641,0.5919947498876,0.2246259112108,0.0113969580647,0.2199055144533,0.2111331930071,-0.0344621728245,0.0695352486620,0.4159209067526
0.2762122020922,0.4139973189202,0.0978548563590,0.4252515900813,0.6567642294609,-0.1231332182475,-0.0232852876459,0.7290976731101,0.0898813083648,0.5851495431414,0.3560348397953,-0.0316201508413,0.3588740649431,0.1098114575165,0.3338699412740,0.1350046535904,0.3082577432808,-0.0845166568001,-0.1645438169861,-0.0747406719416,0.4782944296743,0.4295787640488,0.5667264019625,0.2852104902718,1.0000000000000,0.4352511714746,0.1999036183448,0.2221904518411,0.8420261651240,0.3278291009070,0.5299741481688,-0.1337410661922,-0.0302232526019,0.2919519450537,0.0392784100162,0.2208171606226,0.2850372939767,0.0450660851429,0.5399927404985,0.5895102452113,-0.1655502225142,-0.1665273221634,0.7711814539436,-0.1704894947169,0.5952396109745,0.1354002232765,-0.1630381041663,0.4057987743376,-0.0745448972779,0.0130608395000,0.0246907495267,0.3601928036529,0.0921473898681,-0.2243740868825,0.0396786002819,0.4521114009134,0.4995490404941,0.5521916164978,0.2319910834471,0.8928011131437,0.2407206401892,0.1424131042688,0.1710057446813,0.8118034897521,0.1104341643289,0.4649247884846,0.3642372045378,0.0519088596411,0.1462001909767,0.0668246484336
0.4754592074480,0.3518535720793,0.4057368678247,0.3710948218566,0.1497689893272,-0.1282205430641,0.0000588845581,0.4228125560946,0.1252901875877,0.5459338702484,-0.0810122177843,0.1829832922984,0.0409725217288,0.5260490823904,0.3857945158280,0.1499271770472,0.2879455815505,0.2525941278643,0.1188057915215,0.4973773035197,0.2685845605579,0.4088333795594,0.1696827027453,0.4673620761822,0.4352511714746,1.0000000000000,0.6285287405603,0.5074710295183,0.3682225205887,0.3946334012634,0.3391480058773,0.0910927268438,-0.0522106957396,0.3289559198358,0.3671065077061,0.3003832344765,0.1451188777541,0.2245193852683,0.4015044167776,-0.0135458237498,-0.1796386716064,-0.3348164663515,0.2635714887083,-0.2337924916508,0.1774696051932,-0.3420164980004,0.1645135381714,-0.0259539060898,0.3044897332797,-0.1936610986765,-0.1988467583529,0.3997343640609,0.2114850182723,0.1153973973252,0.2266114292020,0.2209610713733,0.1745347375078,0.2586650773554,0.2681733665746,0.4338374700619,0.6021040016856,0.4645989881965,0.4610788930156,0.2618457341851,-0.1068005542006,0.1033074073936,0.5336464946178,0.0136170058267,-0.0549253291111,0.2228829752442
0.3776642584532,0.3462505403485,0.5955105436197,0.2613951458835,0.0233530743979,-0.0211753856486,0.1116369697509,0.3128416420483,0.1781358375279,0.1403314800120,-0.0564959286639,0.2850457397252,0.0578730322600,0.5049666449895,0.3585689530188,0.1875876602785,0.1741059107876,0.3592116249513,0.3622086484921,0.5531431863335,0.0917102286675,0.3842634915787,-0.0176420960712,0.5630626174386,0.1999036183448,0.6285287405603,1.0000000000000,0.6671154950609,0.2029601898087,0.3703333722704,0.3469317797695,0.2059646487544,-0.0044851422733,0.2658740662591,0.3675953134205,0.0225272679780,0.1076892936715,0.3362790781636,0.2556747216344,-0.0415502906442,-0.0640961537767,-0.1873464832282,-0.0119198472990,-0.0440654544152,-0.1237437647754,-0.3711632373721,0.3443604438662,-0.0648068912184,0.2820203741646,-0.1696379620636,-0.0778147557957,0.2382410734451,0.2120923654255,0.2829041739627,0.1742328013145,-0.0256460114404,0.0776579968249,0.0528713466770,0.1701048392925,0.1529886728439,0.3391247347699,0.5247158816227,0.4660428997691,0.1350742990709,-0.1176472640480,-0.0029997192415,0.5855570160784,-0.0109691652903,-0.1207822070354,0.2004576103887
0.3286592751183,0.5519720202900,0.8292207277023,0.3487129334314,0.0508916990566,-0.3875619333475,-0.3219590529493,0.2978720341509,-0.2226396565513,0.2996108161841,-0.3201595432186,0.2977936428231,-0.2019479535084,0.4081571425499,0.0265492732645,-0.2354858026471,0.3336296658185,0.3157285280439,0.2071539255065,0.4587093700651,0.0865260493440,0.4966824320525,0.1526919253900,0.6784162940665,0.2221904518411,0.5074710295183,0.6671154950609,1.0000000000000,0.2275837079243,0.0179577963558,0.1821417959272,0.0779619035725,-0.2135097536289,0.0999621036280,0.0954542771507,0.1977688260533,0.3879050534936,0.5634078148495,0.3060249607429,-0.0585164332747,-0.4338954237307,-0.5170508983819,0.1885204881520,-0.3978571058034,-0.0914988929136,-0.4343697534184,0.2850450884659,-0.2148950755583,0.3374821800361,-0.3080982294002,-0.4248890461312,0.4169424119232,0.2001333719057,0.2361412134352,0.2939427326752,0.1581069996643,0.3247015797161,0.2393015940641,0.4495130240951,0.2388242613146,0.4245103150279,0.5000389431010,0.8536435660631,0.2118445829342,-0.2197529823072,0.0880202075392,0.4821701453004,-0.2648576434084,-0.0943991385546,0.0544729381017
0.3071306344133,0.4884226332885,0.1248714643610,0.3871005272686,0.6789396686563,-0.1071484252722,-0.0178294863526,0.6353042122325,0.1171653475320,0.4086742498433,0.3124251416634,-0.0983879979770,0.3587072382942,-0.0183489523369,0.2894112249598,0.0783749754138,0.4437437860103,0.0260222794448,-0.1639562966669,0.0093430348428,0.5543036384247,0.6243452709497,0.5771333350014,0.4313455731065,0.8420261651240,0.3682225205887,0.2029601898087,0.2275837079243,1.0000000000000,0.3198092886030,0.6186513490711,-0.2569183862605,-0.0156255675664,0.3348440071813,0.1571661889599,0.3634289004795,0.2949608530376,-0.0672550227902,0.4844396968312,0.5522862006023,-0.1544182517840,-0.1208690245605,0.5587337423421,-0.1239784732510,0.3590313120215,0.1454839151076,-0.1647814638382,0.4067970593227,-0.1314833293964,0.0082308484139,0.0134548269980,0.4841669406956,0.2648585928821,-0.1676029039449,0.0998163157194,0.5662569544302,0.4684897399771,0.5445187131641,0.3757260871417,0.8295086541673,0.1949826817880,0.1505808846082,0.1931998947894,0.8003904206367,0.1799876929583,0.4616382892865,0.3512581907759,0.0545356146294,0.1987902578013,0.2503910065558
0.4475467400555,0.2110064786923,-0.0300987692399,0.2352531342468,0.2286985334466,0.4199217344530,0.6141250920671,0.3775237172487,0.5252604219190,0.1620855019923,0.3630764473704,-0.0913662850979,0.4904685512187,0.1475353002673,0.7895033203877,0.6052795537476,0.0406953031412,0.2028107070935,0.0433788230611,0.2859418614702,0.2387177244703,0.2946552025908,0.1427582403573,0.2507204161809,0.3278291009070,0.3946334012634,0.3703333722704,0.0179577963558,0.3198092886030,1.0000000000000,0.6224025739980,-0.0874508423318,0.4382876824245,0.5444647611566,0.4868621365963,-0.0216587830606,0.0754159692917,-0.2000475715876,0.3729796080801,0.1802348203919,0.3828971996674,0.2215974332124,0.1263099679367,0.2441359738634,0.2060761403885,-0.0305352754115,-0.1299009408489,0.2942291114146,-0.1922843810527,0.0869063138197,0.3878175374215,0.0702388276258,0.2292208956103,-0.0727738969594,0.0849028685535,-0.0960843816507,0.1336744013948,0.1631210625512,-0.0744351424505,0.2128432087587,0.0892779787286,0.0517091048170,-0.0887103115345,0.2902924116546,0.3671884779378,0.2154862211533,0.2445616065016,0.5173772628175,0.1897881596082,0.3810265745484
0.4416463765018,0.6155997076726,0.0581140414791,0.5168207529022,0.3790708104408,0.0641904030901,0.2675783758730,0.4525477240555,0.2589794846407,0.1212207048641,0.2686821972701,-0.1328964780652,0.4105983490407,-0.0545561394197,0.4523242959601,0.3281620959793,0.2699943260102,0.2781374354112,-0.0859697525704,0.1994911394487,0.3477787283604,0.6348081905368,0.5708356066620,0.5234957109821,0.5299741481688,0.3391480058773,0.3469317797695,0.1821417959272,0.6186513490711,0.6224025739980,1.0000000000000,-0.3023459415334,0.0885337635920,0.5409158580594,0.4270863701184,0.3211118261169,0.4090527510573,-0.1366363124993,0.5353992275815,0.2987701887524,0.0249872504925,0.0106749587851,0.2325489188091,0.0382595643400,0.1255827166646,-0.0405980451660,-0.1408018799499,0.2823617253631,-0.2793119814575,0.0446042458780,0.1528815220851,0.3020755678167,0.4899853545072,-0.0418705160639,0.2490157219910,0.1401618647797,0.3700522047741,0.5591261021591,0.2826699697089,0.5247065131394,0.0829411705334,0.1995097230161,0.1533644210071,0.4933619529242,0.3730585060905,0.5595335226030,0.2227441636484,0.1628437851872,0.2803027701610,0.4869901315815
-0.1362389464713,-0.3001059264990,0.0847483571805,-0.1545686136019,-0.1623676597886,-0.0492917510741,-0.0270708705926,0.0160433632034,0.1372100558669,0.0667758011918,-0.0428523377554,0.5894863317639,-0.1298922578546,0.6751599179138,0.1187931505867,0.0495297804345,-0.2934936011132,-0.0418458943157,0.3821321979097,0.1697370862810,-0.1336262587500,-0.2683363137324,-0.2490711397280,-0.1927333780989,-0.1337410661922,0.0910927268438,0.2059646487544,0.0779619035725,-0.2569183862605,-0.0874508423318,-0.3023459415334,1.0000000000000,0.0553796947437,-0.1162294049639,-0.1156710909357,-0.2217818334000,-0.3417222118787,0.1654595209814,-0.1309635258009,-0.1613916847142,-0.0501197114741,-0.0013566550808,-0.1272953461778,0.0359597036256,0.0302104822915,-0.1114724509170,0.4776344900326,-0.0989986258216,0.5369400430348,-0.0180347914591,-0.0291949335340,-0.3258731984308,-0.3570785608598,0.2475039076511,-0.1951838073756,-0.1364648299144,-0.2648351689574,-0.3088020326119,-0.2589090905687,-0.2020498684025,0.0444513776193,-0.1024283777746,-0.0420086498689,-0.2006067715570,-0.2486978936113,-0.3548345444309,0.2429043110623,-0.0108212886522,-0.1982161691220,-0.2043972924999
-0.0547398651121,-0.1763476527448,-0.1496363139541,-0.1468533848881,0.0673282679275,0.7435304426817,0.4294918759996,0.1335156287166,0.5259022782872,-0.1278605794308,0.2168614992489,-0.1150815254452,0.1609413550478,0.0018519263288,0.4310250424265,0.5054698302281,-0.1571600338922,0.0003527657419,-0.0729593779487,-0.1228815494605,-0.0965833960144,-0.0528626661905,-0.0628171858750,-0.0547130371912,-0.0302232526019,-0.0522106957396,-0.0044851422733,-0.2135097536289,-0.0156255675664,0.4382876824245,0.0885337635920,0.0553796947437,1.0000000000000,0.1524634670664,0.2848592361048,-0.2227432484156,-0.2596900477184,-0.3244760864958,-0.1002250217315,0.0098948951761,0.6749643465662,0.3911392762539,-0.0307897028584,0.3826694387140,0.0433540416461,0.0645131223718,-0.2795515353135,0.0668548834331,-0.2467109898752,0.1679792662491,0.4956401862938,-0.1877842935883,-0.0218079496364,-0.1675533392411,-0.0895116569963,-0.2871330253257,-0.0548406769309,-0.0893575056963,-0.2571833079919,-0.1372492199642,-0.1666772731936,-0.3401314418390,-0.3451114907521,0.0571276473841,0.1796620977810,-0.1804500500771,-0.0632462938276,0.8147199635566,0.0572630100096,0.2888223053460
0.3019842893216,0.2945105652415,0.0839584312986,0.4269920973129,0.2374094312975,0.3144232831369,0.4053423965324,0.2789359392484,0.2709952770881,0.0721611853184,0.3216602856154,-0.0622396021879,0.4087603105450,0.0602928984894,0.4777251278857,0.5301129451122,0.1330826863296,0.2369762526505,0.0263595938591,0.3378895999740,0.3031976844010,0.3835325840568,0.3524077028790,0.3065887884517,0.2919519450537,0.3289559198358,0.2658740662591,0.0999621036280,0.3348440071813,0.5444647611566,0.5409158580594,-0.1162294049639,0.1524634670664,1.0000000000000,0.6496303419335,0.1121959427548,0.1291159927950,-0.1695222918694,0.4351232075514,0.1265639797657,0.3072553048920,0.1044583246389,-0.0079695354299,0.1893994623782,0.0965434543671,0.0618117747797,-0.0931143141667,0.2616725870030,-0.1946380946743,0.1685122116947,0.3701791717366,0.1328365068061,0.2308655653728,-0.0327424384562,0.1397932335424,0.1118349675070,0.1164415174591,0.3596541639556,0.0729149335493,0.1840158050398,0.0942718801879,-0.0348769179023,0.0008189455029,0.2015461008565,0.3248790777057,0.1680332118586,0.1587061717903,0.2942061658895,0.6804743432611,0.4951956681273
0.3518095417095,0.2250622896411,0.0872284881364,0.2744610148332,0.0041776945543,0.4744307988547,0.4005652092425,-0.0121938580600,0.1779829494357,-0.0299090125657,0.0028023363362,-0.2027928488115,0.1051616247418,-0.0058052145744,0.3415526647602,0.5139004656501,0.2045262491152,0.4825140282153,-0.0209932233054,0.5326623468002,0.0745942298817,0.3135286626715,0.1630049930825,0.3965039083249,0.0392784100162,0.3671065077061,0.3675953134205,0.0954542771507,0.1571661889599,0.4868621365963,0.4270863701184,-0.1156710909357,0.2848592361048,0.6496303419335,1.0000000000000,0.1552939732377,0.1642141104261,-0.0493743161211,0.3312616382715,-0.1329963571673,0.4484234823031,0.1016520967803,-0.1967119740863,0.1356269073829,-0.1648725419709,-0.1748698556531,-0.1219312512224,0.0144695487753,-0.1732395626734,0.0077063550722,0.2958499790190,0.2503221776857,0.4277466744081,0.0916809473003,0.2914878515076,-0.0762062689671,0.0601770735336,0.3238173724838,0.2152376755310,0.0202669367026,0.2371042240430,0.1686266557332,0.1027300866228,-0.0797455792457,0.2298316322661,0.1255652308130,0.0841643209960,0.3262961010588,0.3694287970558,0.6935224608300
