1.0000000000000,0.4012123471868,0.3778488019968,0.4873849926130,0.1388299627735,-0.0138631731740,0.1628280457961,0.2500289205604,0.0861233611209,0.1580270824725,0.2481934972731,0.3143381431926,0.2969101227551,0.1665610546336,0.4209979954290,0.2826560989151,0.3369025325973,0.4191743940207,0.1304194356896,0.2708523297659,0.3423779120710,0.3581983124722,0.2667816599838,0.4031058172241,0.2387346461414,0.3424556872340,0.2387593286054,0.3236208014114,0.3226846024339,0.4712093781036,0.3840315102570,0.0535617658798,0.0803989273085,0.3436504815118,0.4994160222962,0.5030868221327,0.2069724851006,0.1408285714295,0.3755189246522,0.1988926613987,-0.2377228647216,0.0292268356857,-0.0281460365699,-0.2691094231676,0.2358104027134,-0.0930550430297,0.1419646068446,0.2052021746995,0.0008848280148,0.0240247223459,-0.0742087265767,0.2008269746342,0.2572643484737,-0.1218796512896,-0.0427585045144,0.2590641893815,0.2023550393421,0.2056561463302,0.2226364963314,0.3029022976601,0.2324651618634,-0.0885792647615,0.0926105099644,0.1302636645918,0.1722912107439,-0.0366425883309,-0.1293589704091,-0.0837207986433,0.0598033244792,0.3634137159792
0.4012123471868,1.0000000000000,0.4213379667833,0.6331834795970,0.1386861272461,0.0555997909890,0.1783086128699,0.0192948591432,0.1501301306235,-0.0863044780202,0.2882700493278,0.3796136090244,0.3054415948532,0.0907981804967,-0.0046971252467,0.2611586078360,0.3449666496713,0.2140875790139,-0.0693381138763,0.2798513189286,0.3204042181571,0.2693760671572,0.5927253397020,0.4691955334785,0.1135272986174,0.4058226645757,0.4846080740698,0.4678799013446,0.4073347617195,0.4241944215701,0.5870273437920,-0.0069168424463,0.0029898544910,0.4426341463828,0.6437441350896,0.1684551683745,0.6226229820575,0.2255349640826,0.4967522323553,0.1214808055200,-0.2397069015690,-0.0523305336314,-0.2854529418248,-0.4212338087957,-0.0525976065949,-0.0165231384296,-0.0001474121850,0.1911690902844,-0.0543973811476,-0.4229044854077,-0.2171093643051,0.2038278423321,0.1020613299343,-0.4092858867211,-0.0779822114040,0.2699305049293,0.1008588181132,0.5549468143811,0.2702758441765,0.1761680396793,0.0128999976175,0.0267284728676,0.1932609849092,0.2748913194069,0.0147666989665,0.3134240819899,-0.0965938576618,-0.2248061397530,-0.0288694643675,0.5320998036233
0.3778488019968,0.4213379667833,1.0000000000000,0.5378973335960,-0.0894750520377,0.2903958315464,0.1252722086067,0.6509900124433,0.2644152019042,0.2680457330647,-0.0944925324472,0.4512280240202,-0.0269172965775,0.2078628134475,0.3889702851006,0.3220566132381,0.4215633060378,0.3092694320592,0.2380828931579,0.2450046883682,0.0082443740996,0.3538855627289,0.2966028785454,0.4747398753263,0.5438191062514,0.4807053756046,0.5023631920092,0.8002462453355,0.3439970216435,0.0356224039186,0.5093100025987,0.1046661529208,0.2880603834241,0.1298385576515,0.2255308075024,-0.2716879576973,0.0691297914269,0.4401927643345,0.3474718465968,-0.0391064617530,0.0303578864001,-0.0491912257892,0.0270113589835,-0.3986477605801,0.1252110870852,-0.4380249248247,-0.0518517385915,-0.1914447692088,0.0074607754467,-0.2341889137349,-0.2335243774727,0.1723707096230,-0.0758324060662,-0.2295459153510,-0.2702087558768,-0.0727463853857,0.0645940589810,0.1477100814228,0.1858825400166,0.3237541010257,0.1125768076638,-0.0950617022398,0.4904681646661,0.0472748777588,-0.4243540034427,-0.2123987494800,-0.1743133270159,0.0260734030322,-0.3628965000326,-0.0000010237897
0.4873849926130,0.6331834795970,0.5378973335960,1.0000000000000,-0.0385541544313,0.1852184489863,0.2016355759759,0.4232450573819,0.1683891174216,0.2656805616980,0.1110711267271,0.3329360090581,0.1198415348024,0.3091886800810,0.2145858936100,0.4464271688083,0.4016030718161,0.3835529882340,0.1025653640737,0.3077935225652,0.0727490630126,0.3099840624880,0.5492313866838,0.4653266306894,0.4174878015204,0.5443028912774,0.6010077872103,0.5768551240835,0.4163406599907,0.2467894329422,0.5688331914785,-0.0626040766951,0.2122281856507,0.3533657014787,0.5074828843617,0.0671787266494,0.3030058541706,0.3217132282553,0.7481855834547,0.0294338485839,-0.1687647463123,0.0090101653035,0.0328449871445,-0.4748060642935,0.2977297776155,-0.3315932608199,-0.1307240148283,-0.0190785600604,0.1859983602254,-0.4034425287511,-0.1953413294888,0.1387362089729,0.0690361176294,-0.4173634964473,-0.3129688993669,-0.0029965969690,0.0898054949553,0.4998940908151,0.1334570139849,0.3606369351998,0.1791255185422,0.0966041192393,0.3569863054282,0.1763930669015,-0.2385532973234,0.0161299303063,-0.2235065390846,-0.1642618849738,-0.1650215985595,0.2187129688424
0.1388299627735,0.1386861272461,-0.0894750520377,-0.0385541544313,1.0000000000000,-0.0846589402674,0.0616113862674,-0.1027012577264,-0.0772799352263,0.2462764950149,0.5325629853237,-0.1872108274653,0.5979504022788,0.0253126076260,-0.2101069595652,-0.0367530156286,0.1383494722917,-0.1595642189007,-0.2324323244789,-0.2159871878353,0.7615772755439,0.3080431010901,0.2467015891229,0.2545057829289,0.1584752161767,-0.2168871425156,-0.1969754447378,-0.0996600949449,0.4107906445596,0.1585519698310,-0.0615273117720,0.1534405976576,-0.2371798966440,0.3175520433288,0.0310866082092,0.3374980676121,0.1219529992859,-0.2333184348468,-0.1454231689756,0.8461263938321,-0.0481458812596,0.0836976819533,-0.1077829094599,0.0275069142383,0.2696995378919,0.6191119695030,-0.1119699965358,0.7038222625839,-0.0851311881560,-0.0760349567525,0.1156227780702,0.2693386766915,-0.0081153162572,-0.2054639582630,-0.0970406414805,0.7445354799777,0.3836287530446,0.1416997784402,0.3040266952435,0.2770487370004,-0.2995126423900,-0.2743993584783,-0.2544792862672,0.3589584736192,0.3727458038468,0.1689706357161,0.2375694144215,-0.0600761212154,0.4322928528063,0.1238738638602
-0.0138631731740,0.0555997909890,0.2903958315464,0.1852184489863,-0.0846589402674,1.0000000000000,0.5293540705298,0.1322968211688,0.6804785994897,-0.0385419327318,0.0210025921863,0.3751411367925,-0.0449211451997,0.0906495907411,0.2977354174876,0.4260464007180,0.1006613995197,-0.0427652561102,0.2492607927280,0.0612531815997,-0.1094856037394,0.0005309011014,0.0017801228112,0.0818169417083,0.0731243326789,0.1040712968760,0.2416988026898,0.1994482498674,0.0292290120329,0.1523779279776,0.1752715623734,0.1396983991103,0.6295999443470,-0.0556959002869,0.0039514386280,-0.1258028916160,-0.1009957783456,0.3155821067470,0.1079595632488,-0.0875862356499,0.8274256633884,0.4824914768948,-0.0239860875576,0.3144922160565,-0.0814650228160,-0.2347900269110,0.1674774967483,-0.1929266318636,0.2442700038826,0.0860164052313,0.1941290306402,-0.0132882780161,-0.1348443499960,0.1214634504334,-0.2918422598687,-0.1796955666637,-0.1697791029970,0.0258194785146,-0.1200279744583,0.0283023642703,0.0198706608701,0.1038482303005,0.2748812771234,-0.1719056803631,-0.1760484954465,-0.1461131358966,0.0230971205466,0.5346483549074,-0.3270137052785,-0.0992735185011
0.1628280457961,0.1783086128699,0.1252722086067,0.2016355759759,0.0616113862674,0.5293540705298,1.0000000000000,-0.0308902047940,0.5882581554746,0.0888227376558,0.5908197060731,0.2757515995775,0.4719832643877,0.2105149066681,0.3244840335129,0.5355615009305,0.0061883135434,-0.0228678989938,0.1539218560049,0.1234272208679,0.1802641699334,-0.1030956158854,-0.0348667771027,0.0293753792895,-0.0652509148202,0.1500037039892,0.2484281571109,0.0734049634083,-0.0429226763576,0.3736215311742,-0.0425858868935,0.2624878647618,0.4393196784849,0.1151314751244,0.1587370100137,0.1289871905188,0.1114747040454,0.1107751185681,0.1374684812901,0.0073857066445,0.3323871681564,0.7535439488495,-0.2667469344722,0.2203268637144,0.0953075463268,0.1556499024765,0.1080828104288,0.2582321786702,0.3113253717455,0.1013488962986,0.2826758716514,-0.0959498974642,-0.1962535763902,0.0382060462110,-0.2499929574592,0.0298895091439,-0.2171763551186,-0.0229595815485,-0.2006530120771,-0.0462787133336,0.0800460489363,0.0000870067902,0.0083824724849,-0.2897339349502,0.0742518223705,-0.3084080111882,0.0927515523704,0.3036008913536,-0.0093881368529,0.1145009338324
0.2500289205604,0.0192948591432,0.6509900124433,0.4232450573819,-0.1027012577264,0.1322968211688,-0.0308902047940,1.0000000000000,0.1543328544922,0.5859622183634,-0.1882441572023,0.1642048672155,-0.0745802367042,0.4026058139677,0.3900864377127,0.2625750376882,0.2381002656544,0.3356956397834,0.3834977091902,0.2074555397515,0.0014677645701,0.2510964345229,0.0850769042705,0.2849490537858,0.5874870364825,0.1896585389379,0.2302811612047,0.6125761982454,0.2413481424574,-0.2354373002314,0.2766648285631,0.2582572903379,0.1665565488207,0.0132516687522,-0.0521124490917,-0.2476873180787,-0.2920884958302,0.0858976755221,0.2063541244711,-0.0251062069584,0.0044093341937,-0.1239764611464,0.4550267556677,-0.2731300861455,0.4056317693110,-0.3743609216439,-0.0527900762660,-0.1941940213815,0.1126705914047,-0.2131414771815,-0.0349735426917,0.0407261769578,0.0299031023880,-0.0461845170537,-0.4145032170741,-0.0689184375796,0.0307528451214,-0.1159492695145,0.0606127002548,0.2817075647578,-0.0178551638661,-0.1716189599835,0.3095886964525,0.0074005332113,-0.4400125181373,-0.3856257088935,0.0777647581850,-0.0649405491343,-0.2729940106362,-0.2828282425903
0.0861233611209,0.1501301306235,0.2644152019042,0.1683891174216,-0.0772799352263,0.6804785994897,0.5882581554746,0.1543328544922,1.0000000000000,-0.0831057862510,0.1135967460650,0.4700465342058,0.0872892438555,0.1781328308089,0.3967422741202,0.4776743824332,0.0828610219607,0.1012159155775,0.4548132324726,0.2857552757482,0.0583048773056,0.0522729522324,-0.0365839097992,0.2016670184090,-0.0178728001098,-0.0572233394507,0.2098054311529,0.1632462243318,0.0874290237320,0.3505231979628,0.2479280335562,0.4004427405230,0.5635486772429,0.0445857386344,0.0790180067755,0.0327781237801,-0.1461675012706,0.1881064017768,0.0037470032210,-0.0707928002663,0.5089806484218,0.5435958113490,-0.0780771873507,0.3946568703249,-0.0826249743664,-0.1378192372100,0.2838928769874,-0.0203481566000,0.1197061686696,0.0051071817143,0.3093822147427,-0.0150072517248,-0.0724142490555,0.2030323712692,-0.3447039151077,0.0013120437360,-0.0845269160146,-0.0741541606881,-0.0384993939687,-0.0727045777394,-0.1126446538782,-0.0647998494148,0.0766192344910,-0.0622817643247,-0.0048252510848,-0.1232021359303,0.1782846388193,0.3197553849455,-0.1375116968726,0.0360050716136
0.1580270824725,-0.0863044780202,0.2680457330647,0.2656805616980,0.2462764950149,-0.0385419327318,0.0888227376558,0.5859622183634,-0.0831057862510,1.0000000000000,0.1255377628649,-0.0740118989948,0.2311811629431,0.5594981251564,0.1290952816745,0.2687217448583,0.1283196923290,0.0140119667660,0.0585852189823,-0.1488314857612,0.2417128367461,0.2402884171632,0.0955285237184,0.2130851508017,0.5845678904200,0.1897770480642,-0.0510465322144,0.3792996756754,0.1327203189016,-0.1496927096304,-0.2193592599852,0.2888591857715,0.0141365617092,0.1864278261990,-0.1716528156486,-0.0820929862815,-0.2599454830932,-0.2314870987067,0.1491307025175,0.1780356429289,-0.0670222204356,0.0282865328946,0.2239701142168,-0.1984931677800,0.8135540850729,0.0662954204626,-0.1669520683118,0.1498291724588,0.3569180051493,-0.1605891103194,0.1843517193405,0.0376520780002,-0.1584220351677,-0.1490865324095,-0.4385527813610,0.1640338014089,0.1767826909309,-0.1021688148117,0.1323462726166,0.3424580334090,0.0577982955518,-0.3928691858601,0.0604781955071,-0.0658427312034,-0.1361385365655,-0.4325994137462,0.2727036495944,-0.0179445544297,0.1184322565745,-0.2743307518846
0.2481934972731,0.2882700493278,-0.0944925324472,0.1110711267271,0.5325629853237,0.0210025921863,0.5908197060731,-0.1882441572023,0.1135967460650,0.1255377628649,1.0000000000000,0.0528115091390,0.7426034248909,0.1930451191412,-0.0278158123443,0.2492159004505,0.1993747596270,-0.1148248237061,-0.0814325753318,0.0179636395952,0.6103443244485,0.1713044477527,0.1812257225707,0.2050246134894,-0.0906840287140,0.0767352749768,0.1095934772041,-0.0167691601228,0.2175404312374,0.4425006965230,-0.0550373697518,0.2056522367695,-0.0888288691988,0.3498956965846,0.2318777299716,0.4392656803210,0.2879545376336,-0.1304923394180,0.0061103292549,0.4708510221497,-0.0874193349533,0.3754110141127,-0.3742804687153,-0.0286192746096,0.1849457363674,0.6446969015026,-0.0734165671949,0.6850746824708,0.1193723931933,-0.1154114819210,0.1521430049755,0.1813058497100,-0.1300652479629,-0.1569962773682,-0.1370835431196,0.5055159241707,0.1620861657857,0.1170061848676,0.0936428079107,0.0376335226420,-0.1076878081042,-0.1585330184643,-0.2678614312444,0.0622098476843,0.3713282104511,-0.0338499112991,0.1240592940869,-0.1275917373558,0.3429507297572,0.2612899351187
0.3143381431926,0.3796136090244,0.4512280240202,0.3329360090581,-0.1872108274653,0.3751411367925,0.2757515995775,0.1642048672155,0.4700465342058,-0.0740118989948,0.0528115091390,1.0000000000000,0.1395394429336,0.3235063810577,0.4878113295016,0.2680214121921,0.2290044095835,0.3288180668330,0.5555525291342,0.4957187579253,0.0981106961585,0.1682835302247,0.1399887647811,0.2768445748628,-0.0074679396394,0.3698482426274,0.4586243988517,0.4604568692204,0.1173359789082,0.4602670819677,0.4071855646328,0.2986188643724,0.4604162925385,0.1256092480288,0.3291261589227,-0.0140688493553,0.0816465800069,0.1531937048349,0.1501430728876,-0.1856761013665,0.1242200830183,0.1506103799410,-0.2271631414560,-0.0909494975586,-0.1295948646675,-0.1980678600875,0.5437862430166,-0.0342126082664,0.1739518382704,-0.0881474234355,-0.0768106503673,0.0707666660976,0.0335080362052,0.1901033523405,-0.0827221457306,0.0242892006794,-0.0594040436911,0.0464539884273,-0.0065366780143,-0.0764995235972,0.0967040028506,-0.0141845246592,0.1935270543637,-0.1235856250704,-0.0299781939854,-0.1074628509229,0.0881676477193,0.1430084830602,-0.2068342865329,0.1622029396239
0.2969101227551,0.3054415948532,-0.0269172965775,0.1198415348024,0.5979504022788,-0.0449211451997,0.4719832643877,-0.0745802367042,0.0872892438555,0.2311811629431,0.7426034248909,0.1395394429336,1.0000000000000,0.1997462692781,0.1257326667104,0.1885468359587,-0.0089471602512,0.0437538963974,0.0347843181138,0.1179715384587,0.8175882274003,0.1005065777329,0.1073767016982,0.1509810779030,-0.0365927502597,-0.0016385159842,0.0197377561007,-0.0244851245156,0.1469836705003,0.4062796178632,-0.0623206454465,0.3274217168892,-0.1429801916935,0.4032850991984,0.2293565071375,0.3299305063176,0.1925220419184,-0.2442540507477,-0.0222612969330,0.4852290559917,-0.1766541161704,0.3233650610887,-0.2374882535200,-0.0225433967153,0.3030016913599,0.6331308259105,0.1346636430640,0.8515387317540,0.0860854685760,-0.0100177352406,0.1611407348230,-0.0176409316326,0.1146812607060,0.0149199570388,-0.0206007766167,0.7237892574029,0.0629036409789,-0.0053824047799,0.0664554222339,0.0680426624474,-0.1377923449280,-0.1759283830994,-0.2645264767000,0.0106978015965,0.3810702124980,-0.1009843441504,0.3277024954474,-0.1257024211266,0.4421139849404,0.2790830986292
0.1665610546336,0.0907981804967,0.2078628134475,0.3091886800810,0.0253126076260,0.0906495907411,0.2105149066681,0.4026058139677,0.1781328308089,0.5594981251564,0.1930451191412,0.3235063810577,0.1997462692781,1.0000000000000,0.3140814789240,0.3318640617795,0.1557321600456,0.1802075144530,0.4427334344069,0.1856094111751,0.0995595782879,0.2334122806074,-0.0003474537556,0.2581721816193,0.2263883090543,0.3603157976508,0.2146670133851,0.4087821337809,0.1681811751792,0.1673876305363,-0.0809485051657,0.5491768638237,0.0940553910592,0.2035764375828,0.0447694219898,0.0734985626053,-0.2505654422905,-0.2865791223508,0.1768415660812,0.0229509171117,-0.0743040062999,0.0748400012543,-0.0904207133584,-0.2167783958700,0.4204755397962,0.0683879975606,0.1094238154764,0.0605797778509,0.6255510178744,-0.2691651540726,0.1107608040164,0.0190313203862,-0.2128465716868,0.0178262564033,-0.5051786813061,0.0431873611051,0.1475418894710,-0.1382264024788,0.0461702758175,-0.0059428531195,0.0533702922967,-0.2858457921069,-0.0753203071509,-0.0823643487713,-0.0088012629561,-0.3785254693764,0.3855076935857,-0.0947409871732,0.0490014956449,-0.1517196426393
0.4209979954290,-0.0046971252467,0.3889702851006,0.2145858936100,-0.2101069595652,0.2977354174876,0.3244840335129,0.3900864377127,0.3967422741202,0.1290952816745,-0.0278158123443,0.4878113295016,0.1257326667104,0.3140814789240,1.0000000000000,0.2480840948952,0.0469361472178,0.3885958070759,0.5746988781937,0.3476584171498,-0.0263649329551,0.1180333378955,-0.2113770285804,0.1791886531252,0.0624422840176,0.2638691596652,0.0545347701452,0.3209590436526,-0.0293581047501,0.3048671479065,0.1169400656186,0.3569784586028,0.4312400197436,0.0523287816027,0.0180835497069,-0.0202578184686,-0.2630035870801,0.0712778876419,0.0311197791548,-0.1905028978405,0.1024463561067,0.2557676997669,0.0988978685694,0.0544219181193,0.0714621085359,-0.2243163587794,0.3656366233988,-0.0670880255179,0.2247510046108,0.3636491771076,0.0890885628118,-0.1103267914041,0.1099762410932,0.4087851451824,-0.0654993567871,-0.0981764602029,-0.0604869076928,-0.3060361145439,-0.0024011169226,-0.0399535381201,0.1753352738303,-0.1667560918663,0.2119152083640,-0.1947241407288,-0.0763121245656,-0.4275529640637,0.1535578107246,0.2121457344569,-0.0773639843044,-0.0645359207104
0.2826560989151,0.2611586078360,0.3220566132381,0.4464271688083,-0.0367530156286,0.4260464007180,0.5355615009305,0.2625750376882,0.4776743824332,0.2687217448583,0.2492159004505,0.2680214121921,0.1885468359587,0.3318640617795,0.2480840948952,1.0000000000000,0.2662509767569,0.0015844493727,0.0923656105246,0.1109553518823,0.0844613757335,0.1075779414144,0.0935387924808,0.1584501162498,0.3286050526981,0.3332044218273,0.2470194648379,0.2757313114442,0.1089826425877,0.2927672771729,0.1347420006079,0.1638937361495,0.2344971082131,0.2219202256905,0.2721694801733,-0.0012056707277,0.0419626985290,0.3441612467762,0.4009158850555,0.0085996895775,0.2035335223488,0.3313848650407,-0.0004773532825,-0.0373919489150,0.3528326481522,-0.1939792491007,0.0164759659269,0.0504625202003,0.3515936422248,-0.1311199347906,0.4230116790389,0.0762003313875,-0.1608968133912,-0.1811733593932,-0.3660023984818,0.0143496400346,-0.0645794872776,0.0668298856194,-0.0852216384150,0.3048275642655,0.2154576302286,-0.1117373733483,0.2094204035658,-0.0692505960569,-0.1090518176566,-0.2732147164399,-0.0049880692071,0.0483219389768,-0.1557189923345,0.1185336302505
0.3369025325973,0.3449666496713,0.4215633060378,0.4016030718161,0.1383494722917,0.1006613995197,0.0061883135434,0.2381002656544,0.0828610219607,0.1283196923290,0.1993747596270,0.2290044095835,-0.0089471602512,0.1557321600456,0.0469361472178,0.2662509767569,1.0000000000000,-0.0003653590865,-0.0401309469986,-0.0398112561727,0.1184117290080,0.7497227383908,0.4692001908593,0.7297770664732,0.3577121910243,0.4233362782493,0.2629024534566,0.5349493338387,0.6036516010145,0.1713483629108,0.4481831441641,-0.0338495371254,0.1183577252153,0.2082719867426,0.2117201476785,0.0795362650268,0.1450905922378,0.3220287726776,0.2685162889687,0.1863689258616,-0.0850470828080,-0.1780723097035,-0.1535599873796,-0.4369285414404,0.1431256326548,-0.2169061885654,-0.2273573879264,-0.0279032894996,0.0877498406860,-0.4222449989681,-0.2736932302543,0.8327439864276,-0.1663746238932,-0.3860346707540,-0.3003889348496,0.1162358338155,0.5737716812039,0.3385953720642,0.5209720354119,0.3771102528815,0.0020951826883,-0.1522677677759,0.3275475619615,0.4614217032272,-0.2266407782664,0.0588133657214,-0.2707642015203,-0.1248834755516,-0.1697947386955,0.0048789669337
0.4191743940207,0.2140875790139,0.3092694320592,0.3835529882340,-0.1595642189007,-0.0427652561102,-0.0228678989938,0.3356956397834,0.1012159155775,0.0140119667660,-0.1148248237061,0.3288180668330,0.0437538963974,0.1802075144530,0.3885958070759,0.0015844493727,-0.0003653590865,1.0000000000000,0.5720749935168,0.8086468752832,0.0084243130659,0.0977034193225,0.0372432005428,0.2859397721479,-0.1318669716461,0.0226812409866,0.4008963815803,0.2855388079170,0.0917126097703,0.1721411921176,0.4335602000020,0.0698768959483,0.0491605676020,0.1225393396794,0.3435687117608,0.2233066507765,-0.0397525329600,-0.1473775404825,0.1910668428386,-0.1678176617930,-0.2328074856784,-0.1166495653461,0.0381746616142,-0.2374564541976,-0.0731368136005,-0.2238268134604,0.2180133708277,-0.0223208167617,-0.1889791086648,-0.1426763134182,-0.2393273094003,-0.1263510278892,0.5619131296989,0.1975462765518,0.1889143958560,-0.0885618926331,-0.0177342248600,-0.0432841286188,0.0615038706656,-0.2347367917310,-0.1298402115385,0.1662617751203,-0.0382483037168,-0.0960860452929,0.0165667418294,-0.0813444007692,-0.1438478263852,-0.1993445462941,0.0267468445427,0.1681950194446
0.1304194356896,-0.0693381138763,0.2380828931579,0.1025653640737,-0.2324323244789,0.2492607927280,0.1539218560049,0.3834977091902,0.4548132324726,0.0585852189823,-0.0814325753318,0.5555525291342,0.0347843181138,0.4427334344069,0.5746988781937,0.0923656105246,-0.0401309469986,0.5720749935168,1.0000000000000,0.6696064299654,-0.0112282735177,0.0550271301770,-0.1987508610253,0.1414236392810,-0.1445028282323,-0.0396506482418,0.2912917994340,0.2822801526463,-0.0183448983337,0.1240550727457,0.1818729430704,0.4648751189929,0.3120017608505,-0.0806846560363,-0.0044134492956,0.0164734331713,-0.4152983937069,-0.2167206591765,-0.1315936263329,-0.2580427370074,0.1087143442423,0.0964592665333,-0.0661063990997,0.0471239493774,-0.1149829506129,-0.1280462671985,0.3980459131815,-0.0688165864319,0.0117393669722,-0.0709387554336,0.0076287288586,-0.1325003418855,0.1384418778960,0.5322329937067,-0.1538876982922,-0.0997042469997,-0.0655135265053,-0.3213178472182,-0.0763925369713,-0.3774718980366,-0.2238941200729,-0.0583630569399,-0.0915592154374,-0.2199526891102,-0.0274257225717,-0.2674636828949,0.1887128376172,0.0276030031072,-0.0869110593780,-0.1090064587650
0.2708523297659,0.2798513189286,0.2450046883682,0.3077935225652,-0.2159871878353,0.0612531815997,0.1234272208679,0.2074555397515,0.2857552757482,-0.1488314857612,0.0179636395952,0.4957187579253,0.1179715384587,0.1856094111751,0.3476584171498,0.1109553518823,-0.0398112561727,0.8086468752832,0.6696064299654,1.0000000000000,0.0423238299560,0.0258753274163,0.0067396731624,0.2091588249535,-0.2724954236073,0.0400028506718,0.5148518391377,0.2513390842205,0.0241352636926,0.3075486026509,0.4817013910750,0.0986029208571,0.0282165186853,0.1147135268403,0.4387107915751,0.1676884848769,-0.0039282153336,-0.0862561023355,0.1099297339101,-0.2380747434812,-0.1409724194241,0.0194495231809,-0.1377631675133,-0.1084380188702,-0.2455849927360,-0.1562453540333,0.3095819431223,0.0105955478354,-0.2066814597156,-0.1838906085179,-0.0511764715776,-0.1353767912187,0.3830876294446,0.2702330438258,0.1744757974196,-0.0562506636532,-0.1269831551934,-0.0691943070528,-0.0500380723286,-0.3891490875391,-0.1529496477375,0.2024509629734,-0.1104133551567,-0.1739259019901,0.1066978004008,-0.0303406789508,-0.0881441167658,-0.2640858846563,-0.0127829671987,0.3222748937391
0.3423779120710,0.3204042181571,0.0082443740996,0.0727490630126,0.7615772755439,-0.1094856037394,0.1802641699334,0.0014677645701,0.0583048773056,0.2417128367461,0.6103443244485,0.0981106961585,0.8175882274003,0.0995595782879,-0.0263649329551,0.0844613757335,0.1184117290080,0.0084243130659,-0.0112282735177,0.0423238299560,1.0000000000000,0.2583931456639,0.2598951046962,0.2438154337238,0.0825641195839,-0.1329092073336,-0.1079122677522,0.0306377558683,0.2991623416892,0.2999606657946,0.0851678951520,0.2751515796637,-0.1614955845345,0.3451768627809,0.2145605564715,0.3631549040792,0.1793699342888,-0.2233616537789,-0.0766686002651,0.6281442131875,-0.1619989139311,0.1058990345422,-0.1324874113256,-0.0226539448570,0.3030653968473,0.5938818932253,0.1423893078200,0.7820383132662,-0.0909229689834,-0.0899040267968,0.1232435348571,0.1682333698950,0.1593303758724,-0.0828671507832,-0.0316216909381,0.9147114701204,0.2056347701670,0.1050311194113,0.2088923888607,0.2193369698153,-0.2130151183659,-0.3022044823116,-0.2430742804552,0.2158293757557,0.3848468647195,0.0827695292262,0.3272819231307,-0.1181572020708,0.3772120076259,0.2863110615096
0.3581983124722,0.2693760671572,0.3538855627289,0.3099840624880,0.3080431010901,0.0005309011014,-0.1030956158854,0.2510964345229,0.0522729522324,0.2402884171632,0.1713044477527,0.1682835302247,0.1005065777329,0.2334122806074,0.1180333378955,0.1075779414144,0.7497227383908,0.0977034193225,0.0550271301770,0.0258753274163,0.2583931456639,1.0000000000000,0.3387687037268,0.8790986864144,0.3388265161279,0.2847701982769,0.0699434137922,0.4776615795582,0.7239766668276,0.2515195216180,0.3950655001470,0.0978211763698,0.0060782711084,0.3467892783403,0.1694403556907,0.1480870423575,-0.0169883309807,0.0416094847228,0.1035609681852,0.3424468793363,-0.1205371076597,-0.1757870127655,-0.1428181890586,-0.3326394224964,0.2283721746689,-0.0388105535537,-0.1557118555140,0.1388047934129,0.0211092623045,-0.3550609870073,-0.1783378701753,0.7193057489450,-0.1004154644019,-0.2629405647901,-0.3063601214570,0.2745441509863,0.8374029451206,0.1586649681259,0.7099483087325,0.2837965776625,-0.1302951477345,-0.3645469706257,0.1490671603386,0.5382933514071,-0.0428504345359,0.0878060466698,-0.0452174985280,-0.1633279584583,0.1100139772778,0.0153148968619
0.2667816599838,0.5927253397020,0.2966028785454,0.5492313866838,0.2467015891229,0.0017801228112,-0.0348667771027,0.0850769042705,-0.0365839097992,0.0955285237184,0.1812257225707,0.1399887647811,0.1073767016982,-0.0003474537556,-0.2113770285804,0.0935387924808,0.4692001908593,0.0372432005428,-0.1987508610253,0.0067396731624,0.2598951046962,0.3387687037268,1.0000000000000,0.4294668111305,0.3200120176555,0.2240380411268,0.3857578481308,0.3503134256557,0.4937126742831,0.1926992849465,0.5637036147761,-0.1687099923908,0.0419492954046,0.3454913323323,0.4626768244364,0.1716397988851,0.4469676051390,0.2259771558200,0.4318324906684,0.2966248699868,-0.1464888320328,-0.1660772159042,-0.1500529785517,-0.3609683197138,0.1130099023926,-0.0797651553218,-0.1963390899942,0.0971076465759,-0.0915695795930,-0.4073121205791,-0.3305822783273,0.3964667928347,-0.0259109185179,-0.4800025739500,-0.0788890526726,0.2704892231364,0.2157376894920,0.8758264796193,0.2555525361642,0.4466605202256,-0.0284066785399,0.0306025049670,0.1514372380545,0.3696136468797,-0.0264771833602,0.4036661730224,-0.2366294966382,-0.1444197922383,-0.0221528443519,0.3431456381014
0.4031058172241,0.4691955334785,0.4747398753263,0.4653266306894,0.2545057829289,0.0818169417083,0.0293753792895,0.2849490537858,0.2016670184090,0.2130851508017,0.2050246134894,0.2768445748628,0.1509810779030,0.2581721816193,0.1791886531252,0.1584501162498,0.7297770664732,0.2859397721479,0.1414236392810,0.2091588249535,0.2438154337238,0.8790986864144,0.4294668111305,1.0000000000000,0.2908162681100,0.2804864584475,0.2336706579684,0.5877710014867,0.7017460853289,0.3462960191769,0.5229267287153,0.1431481761125,0.1040277835812,0.4424579483423,0.2774712199504,0.1826527867098,0.0950199957580,0.0844819241036,0.1957504045079,0.2703257965554,-0.1472977347692,-0.0882080400154,-0.1780044784480,-0.3686628275588,0.1856848428273,-0.1069050585714,-0.1213595253036,0.1320545625733,-0.0092059257010,-0.4368506424381,-0.2463435203328,0.6284042727968,0.0097171954471,-0.2428044827412,-0.3056365353665,0.2200994529659,0.6952437773199,0.2596187391163,0.7309275718981,0.2189636929391,-0.2073087243068,-0.2953112240112,0.2036985063574,0.4775001668047,-0.0645901491546,0.0940923020909,-0.0742544784950,-0.1605461653728,0.0894830031726,0.1018427518717
0.2387346461414,0.1135272986174,0.5438191062514,0.4174878015204,0.1584752161767,0.0731243326789,-0.0652509148202,0.5874870364825,-0.0178728001098,0.5845678904200,-0.0906840287140,-0.0074679396394,-0.0365927502597,0.2263883090543,0.0624422840176,0.3286050526981,0.3577121910243,-0.1318669716461,-0.1445028282323,-0.2724954236073,0.0825641195839,0.3388265161279,0.3200120176555,0.2908162681100,1.0000000000000,0.2728275172202,0.0989151233341,0.4285454225642,0.4683072691949,-0.1807956047382,0.0932447165471,0.0705812599887,0.0992164555444,0.1291768281617,-0.0615623052596,-0.2392136063468,-0.0699786982176,0.2597830019754,0.3396814899078,0.2450233548368,0.0331314403726,-0.0893298479367,0.2884571142926,-0.2653524474518,0.5598817655576,-0.2088844590833,-0.2340215060807,-0.0853563140094,0.2022448466189,-0.1650436340143,0.0597046173048,0.2361622552823,-0.2491337230061,-0.3918503249742,-0.4420426577220,0.0798951587684,0.2183207150511,0.1745046578205,0.2023244292180,0.7807805285782,0.1070471612342,-0.3014487649602,0.3046513966830,0.3058158352086,-0.3429962120167,-0.1998466812364,0.0829217409454,0.0168252029562,-0.1482266375705,-0.2295609863860
0.3424556872340,0.4058226645757,0.4807053756046,0.5443028912774,-0.2168871425156,0.1040712968760,0.1500037039892,0.1896585389379,-0.0572233394507,0.1897770480642,0.0767352749768,0.3698482426274,-0.0016385159842,0.3603157976508,0.2638691596652,0.3332044218273,0.4233362782493,0.0226812409866,-0.0396506482418,0.0400028506718,-0.1329092073336,0.2847701982769,0.2240380411268,0.2804864584475,0.2728275172202,1.0000000000000,0.4042167374487,0.5967631418594,0.1841706512019,0.1542388238511,0.2532140722698,-0.0935885084227,0.1475593827628,0.1410309508725,0.3159704116907,-0.1168748811476,0.2150839757358,0.3059695498223,0.5795744255124,-0.1638613542608,-0.1545243876273,-0.0349509975609,-0.1937953732884,-0.5143201856894,0.1545757374121,-0.2988444178390,-0.1459272185229,-0.1753897364717,0.3314953989744,-0.2212451436658,-0.2492113174103,0.1973353970718,-0.2448269755236,-0.3510805910700,-0.2003607656059,-0.1702895623063,0.0922505339209,0.1961687190255,0.1032397804320,0.1706468692458,0.4963600790512,-0.0290272794693,0.3875379881484,-0.0377161387930,-0.3064356642543,-0.1715019225093,-0.2569185862440,-0.0373163774384,-0.2944056740139,0.1060702723014
0.2387593286054,0.4846080740698,0.5023631920092,0.6010077872103,-0.1969754447378,0.2416988026898,0.2484281571109,0.2302811612047,0.2098054311529,-0.0510465322144,0.1095934772041,0.4586243988517,0.0197377561007,0.2146670133851,0.0545347701452,0.2470194648379,0.2629024534566,0.4008963815803,0.2912917994340,0.5148518391377,-0.1079122677522,0.0699434137922,0.3857578481308,0.2336706579684,0.0989151233341,0.4042167374487,1.0000000000000,0.4689861851065,0.2659358231384,0.1901293988593,0.5314797057340,-0.0674531466924,0.1290280642035,0.1488645848568,0.4886871481740,0.0345306132969,0.2903846776027,0.2765193656444,0.4894239488312,-0.1634367286393,-0.0504022975409,0.0769104413970,-0.2474389454954,-0.3525594339698,-0.1538566739456,-0.2614250380928,-0.1561962429071,-0.1040976929745,-0.0528179809023,-0.4732788884937,-0.3154804621458,0.0543052129795,-0.0470607015496,-0.3121233188384,-0.2181430362751,-0.2100459940144,-0.1337935875291,0.3821142825009,-0.1576317420047,-0.0402064137790,-0.0102660267870,0.4137081808324,0.1413194400164,-0.0475311230430,-0.1922946674376,0.0663973271744,-0.3783553278192,-0.1602023992096,-0.2638231627233,0.2079989322295
0.3236208014114,0.4678799013446,0.8002462453355,0.5768551240835,-0.0996600949449,0.1994482498674,0.0734049634083,0.6125761982454,0.1632462243318,0.3792996756754,-0.0167691601228,0.4604568692204,-0.0244851245156,0.4087821337809,0.3209590436526,0.2757313114442,0.5349493338387,0.2855388079170,0.2822801526463,0.2513390842205,0.0306377558683,0.4776615795582,0.3503134256557,0.5877710014867,0.4285454225642,0.5967631418594,0.4689861851065,1.0000000000000,0.3820152361051,-0.0057661291585,0.4972627566978,0.2094141322736,0.2662049035924,0.1252543038497,0.1614539813652,-0.1871568846805,0.0375023803834,0.2012588982657,0.3560239806767,-0.1006177490744,-0.0561134159077,-0.1333055736614,-0.0711298461572,-0.5296126727973,0.1561681166598,-0.3591942498889,-0.1377341498858,-0.1965268948949,0.1017598092553,-0.4396323878777,-0.3192921949822,0.3256264924445,-0.1473744000360,-0.2576135694309,-0.3483638504765,-0.0537942025055,0.2032388638317,0.1686747668957,0.2776018843790,0.1637339416940,0.0612240217953,-0.1985577567701,0.5128194849734,0.0882417234528,-0.4360532468574,-0.1972711091235,-0.0837994832610,-0.0318446222717,-0.3321385593935,-0.0779175741619
0.3226846024339,0.4073347617195,0.3439970216435,0.4163406599907,0.4107906445596,0.0292290120329,-0.0429226763576,0.2413481424574,0.0874290237320,0.1327203189016,0.2175404312374,0.1173359789082,0.1469836705003,0.1681811751792,-0.0293581047501,0.1089826425877,0.6036516010145,0.0917126097703,-0.0183448983337,0.0241352636926,0.2991623416892,0.7239766668276,0.4937126742831,0.7017460853289,0.4683072691949,0.1841706512019,0.2659358231384,0.3820152361051,1.0000000000000,0.2006183076270,0.4868543581233,0.0528841215836,-0.0139979037601,0.2966347296754,0.2553673584976,0.1709479924128,0.1681763049143,0.0286239269354,0.1775395764581,0.4760297415377,-0.1130368471774,-0.0720668014002,-0.1005082323533,-0.3012642810572,0.1119808791707,0.0562687923664,-0.2321105758957,0.1800124030878,-0.0788202285803,-0.4808133905361,-0.1919918831460,0.5579999680768,-0.1199619100429,-0.4472660479043,-0.4147133484320,0.3075982412692,0.6105366716678,0.3392832718869,0.4819460978184,0.3883661608366,-0.2564407539720,-0.2663063177473,-0.0036527374675,0.7303267537456,-0.0367096079381,0.2664363752395,-0.0266891952220,-0.1973597429048,0.0683656999474,0.0668759641841
0.4712093781036,0.4241944215701,0.0356224039186,0.2467894329422,0.1585519698310,0.1523779279776,0.3736215311742,-0.2354373002314,0.3505231979628,-0.1496927096304,0.4425006965230,0.4602670819677,0.4062796178632,0.1673876305363,0.3048671479065,0.2927672771729,0.1713483629108,0.1721411921176,0.1240550727457,0.3075486026509,0.2999606657946,0.2515195216180,0.1926992849465,0.3462960191769,-0.1807956047382,0.1542388238511,0.1901293988593,-0.0057661291585,0.2006183076270,1.0000000000000,0.2656424932201,0.1259963242858,0.1066530901279,0.5788907638948,0.5687857037889,0.5341423116697,0.3192982456259,0.0978357433809,0.1237881937343,0.1455272765962,-0.0564996961096,0.2666137419750,-0.3805130268812,0.0427493943082,0.0022167800350,0.1645953801627,0.3486594204073,0.3177157793814,0.1459518320846,0.0306855235237,0.1188939413285,0.0979670634328,0.1226571705116,0.0568577328464,0.0081585221967,0.2696666256667,0.1505716607806,0.2245515180523,0.1510899448254,0.0026733547158,0.0969918048973,-0.0255468322832,-0.1645788726238,0.0674664368620,0.6119772155827,0.1902086511467,0.0381978264900,-0.0831291374882,0.3477840887403,0.5822718367884
0.3840315102570,0.5870273437920,0.5093100025987,0.5688331914785,-0.0615273117720,0.1752715623734,-0.0425858868935,0.2766648285631,0.2479280335562,-0.2193592599852,-0.0550373697518,0.4071855646328,-0.0623206454465,-0.0809485051657,0.1169400656186,0.1347420006079,0.4481831441641,0.4335602000020,0.1818729430704,0.4817013910750,0.0851678951520,0.3950655001470,0.5637036147761,0.5229267287153,0.0932447165471,0.2532140722698,0.5314797057340,0.4972627566978,0.4868543581233,0.2656424932201,1.0000000000000,-0.1281440781230,0.1849836343039,0.1956774034949,0.5442556831679,0.1211766510210,0.3549157446874,0.3320981886838,0.3721532330771,0.0114854090897,-0.0800448131316,-0.1472019188112,-0.0780856261332,-0.2981647665226,-0.2603483331740,-0.3889535456146,-0.0131503026438,-0.1012332943145,-0.2732077676720,-0.4081341059557,-0.3612407812557,0.2952903741959,0.2083495182749,-0.2477408603842,-0.0501752674227,0.0745020750712,0.1281379092404,0.4948374728948,0.1910829851414,0.0912446768320,-0.0582517598683,0.1652925842369,0.2334498916354,0.3034501205646,-0.1624576070682,0.4135193648484,-0.3700316011887,-0.1573943997384,-0.2432237889864,0.3299122871868
0.0535617658798,-0.0069168424463,0.1046661529208,-0.0626040766951,0.1534405976576,0.1396983991103,0.2624878647618,0.2582572903379,0.4004427405230,0.2888591857715,0.2056522367695,0.2986188643724,0.3274217168892,0.5491768638237,0.3569784586028,0.1638937361495,-0.0338495371254,0.0698768959483,0.4648751189929,0.0986029208571,0.2751515796637,0.0978211763698,-0.1687099923908,0.1431481761125,0.0705812599887,-0.0935885084227,-0.0674531466924,0.2094141322736,0.0528841215836,0.1259963242858,-0.1281440781230,1.0000000000000,0.1067106889287,0.0885021686000,-0.2010819009982,0.0169413007898,-0.3144714751267,-0.3656703555757,-0.2341516896202,0.1232763360356,0.0744799268679,0.2048946285209,-0.0963614789539,0.0818658970291,0.1585074581872,0.2494342848640,0.2615926732668,0.2652807748542,0.2932969038072,-0.0474507948122,0.1983317066673,-0.0801230004577,-0.1115007488765,0.3142893172231,-0.2962877270688,0.2491294630710,0.0371410035238,-0.3221516503849,-0.0002384015508,-0.0968787316942,-0.1955670895067,-0.3755986968018,-0.1379654478243,-0.0390496151045,0.0387805783530,-0.3207884588787,0.6131907127423,0.0200013243580,0.1181550397333,-0.1938048028312
0.0803989273085,0.0029898544910,0.2880603834241,0.2122281856507,-0.2371798966440,0.6295999443470,0.4393196784849,0.1665565488207,0.5635486772429,0.0141365617092,-0.0888288691988,0.4604162925385,-0.1429801916935,0.0940553910592,0.4312400197436,0.2344971082131,0.1183577252153,0.0491605676020,0.3120017608505,0.0282165186853,-0.1614955845345,0.0060782711084,0.0419492954046,0.1040277835812,0.0992164555444,0.1475593827628,0.1290280642035,0.2662049035924,-0.0139979037601,0.1066530901279,0.1849836343039,0.1067106889287,1.0000000000000,-0.1378380942165,-0.0702373258885,-0.1293250696152,-0.1101860091942,0.2452338200179,0.1313286094447,-0.2280889791149,0.5025923993133,0.3811208732423,0.0181415319543,0.2066535403873,-0.0453003312387,-0.3405095114669,0.2746124037050,-0.2867351092433,0.2847067981544,0.1455544003739,-0.0331695624097,0.0096328675488,-0.1078436347292,0.1619430197713,-0.2317875857482,-0.2371046293316,-0.1206363307455,0.0593875250538,-0.0716915251451,0.0299197847335,0.0973395306778,-0.0445007100237,0.3185037925098,-0.1916492324248,-0.2512628131020,-0.1787566370391,-0.0118047179521,0.6734247904556,-0.3109879454517,-0.2101960798664
0.3436504815118,0.4426341463828,0.1298385576515,0.3533657014787,0.3175520433288,-0.0556959002869,0.1151314751244,0.0132516687522,0.0445857386344,0.1864278261990,0.3498956965846,0.1256092480288,0.4032850991984,0.2035764375828,0.0523287816027,0.2219202256905,0.2082719867426,0.1225393396794,-0.0806846560363,0.1147135268403,0.3451768627809,0.3467892783403,0.3454913323323,0.4424579483423,0.1291768281617,0.1410309508725,0.1488645848568,0.1252543038497,0.2966347296754,0.5788907638948,0.1956774034949,0.0885021686000,-0.1378380942165,1.0000000000000,0.5374251425394,0.3334899730755,0.3235734804108,0.0603970689908,0.2257201535899,0.2949147726054,-0.2309314164763,0.0251705297063,-0.1599893231758,-0.1823263832074,0.2651355451795,0.1339935601245,-0.0138262091792,0.3713715828870,0.0946221189605,-0.1880215714655,0.0336186137884,0.1193052779706,0.1134419105712,-0.1778158866291,-0.0913217828054,0.2951169919899,0.2853363202111,0.3211243242231,0.3450826684868,0.2054008940675,0.0062912504293,-0.0893678257672,-0.0462947728904,0.1448322830861,0.3509994742650,0.1775568153104,0.0752250023254,-0.3000147484730,0.5556267068791,0.4886034106543
0.4994160222962,0.6437441350896,0.2255308075024,0.5074828843617,0.0310866082092,0.0039514386280,0.1587370100137,-0.0521124490917,0.0790180067755,-0.1716528156486,0.2318777299716,0.3291261589227,0.2293565071375,0.0447694219898,0.0180835497069,0.2721694801733,0.2117201476785,0.3435687117608,-0.0044134492956,0.4387107915751,0.2145605564715,0.1694403556907,0.4626768244364,0.2774712199504,-0.0615623052596,0.3159704116907,0.4886871481740,0.1614539813652,0.2553673584976,0.5687857037889,0.5442556831679,-0.2010819009982,-0.0702373258885,0.5374251425394,1.0000000000000,0.3420447461128,0.5869256741550,0.2491003148307,0.4754505853651,0.0813348360671,-0.2414004161286,0.0497220380330,-0.2566133854073,-0.2345920386668,-0.0959949576879,-0.1179031011636,0.0891586903756,0.1637876192563,-0.1184130000273,-0.2690054451117,-0.0646374683298,0.0943638021605,0.2152966219663,-0.2584584939853,0.0582959686406,0.1556584705101,-0.0018584351486,0.5242711862471,0.0605689737049,0.0470103367762,0.1841280922904,0.1834960493120,-0.0429775110375,0.0587975387679,0.2508251347223,0.3288183477282,-0.3117471631948,-0.2830648190262,0.1315498803800,0.8221134973068
