1.0000000000000,0.1195064125684,-0.0453620075568,0.0595643509556,0.5381051396308,0.0407642053664,0.3450778702118,0.1329802548483,0.1227311221649,0.2078122616171,0.4504028246131,0.3005987383238,0.3374398678802,-0.0316377040333,0.5566408979300,0.0021739161489,0.3488383520897,0.4806625050124,0.1099497496168,0.3790550961738,0.4587446044830,0.3919672303065,0.3678473543924,0.3952682133828,0.3202868042696,0.1116323141223,0.0942832622168,-0.1106832409460,0.4035837248389,0.5880517925488,0.3857257155307,-0.2442733939343,-0.0808849533990,0.5079033315749,0.3826586110366,0.7135371637015,0.1696567913046,-0.1768153780581,0.1405632030262,0.3596495538363,-0.1784988282297,0.1363351301336,0.2146396518442,0.0325725815603,-0.0086194873847,0.3426416825117,-0.0048830506526,0.3177872894624,-0.1861227991332,0.3470033216763,0.0523887814596,0.2886858243667,0.1055292275619,-0.1162509640148,-0.0137930549409,0.3629764630624,0.3799947148380,0.2273329974479,0.1472837012881,0.2450127944307,0.0677579128733,-0.2489002024538,-0.2796533615033,0.2682291494303,0.5741448760312,0.2692788614698,-0.3286788413645,0.1944307413471,0.4447285900873,0.1768071537946
0.1195064125684,1.0000000000000,0.1769861090493,0.5310235256945,0.2099581297771,0.0285586860920,-0.0321070667285,0.2352905753978,0.0276110165287,0.1392145942263,0.0611999651514,0.1218445589849,0.0201476441675,0.1381651460171,0.2089415067186,0.0992426363803,0.2154243935403,0.2757357868867,-0.1440922614131,0.1196731036647,0.0719437213993,0.2231080315326,0.4600243923744,0.3608469550952,0.3063540588345,0.4318945673772,0.4032686785684,0.3387597182868,0.2774727890635,0.3016240461582,0.3216651238025,-0.0239807159510,0.0136773378942,0.3968818597415,0.4973672733285,0.1517248741008,0.6499241743027,-0.0288562965177,0.5373461229765,0.1834285313997,0.0920092553453,0.0536050760801,0.2900769107474,0.0540868060331,0.1319026468794,-0.0265221918791,0.0010593841560,-0.0069027379786,-0.2079258357222,0.0085846192417,0.1103906633250,0.2293888781836,0.1113529873563,-0.2678752319379,-0.1845281817989,0.1072624592662,0.2212519155659,0.3411222227969,0.2832607132754,0.2863590950580,0.2838123848857,0.1312971086114,0.2897768173180,0.1650819455773,0.0831920674543,0.2795169280574,0.1627684304967,0.2115799222813,0.2732141039566,0.4002387820138
-0.0453620075568,0.1769861090493,1.0000000000000,0.3711228980247,-0.0237138609601,-0.1839145881703,-0.0971204474500,0.3683373411870,0.0891449091495,0.0918974498298,-0.2562499304691,-0.1395358557545,-0.0956411577874,0.1231537535160,-0.1797595677588,0.1064347319204,0.2543635716664,-0.0140309961932,0.0689340979630,0.0343103561242,-0.0458411163983,-0.0075347143832,0.2139207293797,0.2682143111766,0.0134390940408,-0.0322839587685,0.1136450574824,0.6220474884961,0.0665074121502,-0.1059030393814,0.1669209440614,-0.2497729892793,-0.0318568315306,-0.0702530408585,-0.1548395601756,0.0131542028188,-0.1205800319206,0.6441649603766,0.0874689427252,-0.1388339049825,-0.1023994369712,0.0435493459206,0.0206957765091,0.0122294116431,0.0079800172960,-0.1114885957361,0.3405585874164,-0.1051195882800,-0.1307745259140,-0.0906302587845,0.0054426682563,0.3402529490768,0.0557313922555,-0.0576886716191,-0.0689353310953,0.0334288037065,0.1559427830943,0.0611400918286,0.3829256619334,0.0174359153239,-0.1820561789392,-0.0472496981268,0.5680775241591,-0.1271796291016,-0.2290791769138,0.0669947996951,-0.1335964581926,-0.0931634891418,-0.0430946513404,0.0513020951253
0.0595643509556,0.5310235256945,0.3711228980247,1.0000000000000,0.2001960235403,-0.3901864522860,0.0427178627999,0.4093159034613,0.0710291284435,0.4474524541865,-0.0271919542669,-0.1888934907488,0.3141193250197,0.3748007083861,-0.0266240147815,0.3094683883366,0.2153868172449,0.0726329811127,-0.1180902317603,0.1153673081036,0.2436522607161,0.0092459980896,0.5814054732588,0.0567628460856,0.3398709468562,0.2485620580628,0.1291614164577,0.1992792994872,0.1401941747366,0.1717829721034,0.3102830454460,-0.1069290181050,-0.0068095190928,0.1503796593462,0.1700204373735,0.2548340498551,0.1600675594225,0.3313024497747,0.4419455815480,0.1282455780643,-0.0427110691575,0.1908339033870,0.1285926268507,0.0094967539857,0.5379993738888,0.3190571748206,0.3224936539155,0.3096147797928,-0.1014837808702,0.2006279718492,0.1411243452728,0.3163567842964,0.1549910946693,-0.2264752504931,-0.1614383273794,0.4493576404928,0.0229967198698,0.4765103538418,0.1287563641716,0.3874933267741,-0.0857154388701,-0.0557804367734,0.1827720538672,-0.0911841888725,0.0025401513823,0.1133349096606,-0.0936043830551,-0.0779372450479,0.1570152861057,0.4699629943874
0.5381051396308,0.2099581297771,-0.0237138609601,0.2001960235403,1.0000000000000,-0.0230163845237,0.2728217524923,0.3050295411973,-0.0763310915807,0.5483677529433,0.4429723948557,0.1529567365358,0.6315131358121,0.0313782382457,0.3938155189220,0.0678831435820,0.3754415327002,0.3324623911996,-0.0231074550628,0.1304439769297,0.6988814906322,0.3828731823700,0.4829062336162,0.3445041107703,0.6619218453480,0.1533437951018,0.0693310068131,-0.0528532346254,0.5748325471525,0.4291130894240,0.4119693117318,-0.0948805696712,-0.0357964267391,0.4586958165162,0.3728945977912,0.4714160143110,0.2823115872117,-0.0629894137546,0.2169735681118,0.8187135679161,-0.0737821013508,0.1092141539081,0.3570338858905,-0.1789625958915,0.3454210975784,0.2881967459776,-0.0599721952448,0.5343314459634,-0.1148413432192,0.0703668681820,0.0919670990638,0.3313125663544,-0.0008587654142,-0.3092553950833,-0.2273731327007,0.6231797855384,0.3772210276245,0.3974822002700,0.0990965699753,0.6464029241654,0.0825620943879,-0.2030504568206,-0.1576331916096,0.4663119699438,0.3522285582820,0.3162024993642,-0.0867497717459,0.1574293717805,0.3800206374747,0.1648919794210
0.0407642053664,0.0285586860920,-0.1839145881703,-0.3901864522860,-0.0230163845237,1.0000000000000,0.3958615008924,-0.2363335456019,0.5796225823635,-0.3641555526547,0.3218571038526,0.6071202568410,-0.3081213582257,-0.0863674285179,0.4762635824080,0.2204178113817,-0.2935711483502,-0.0789206791874,0.3920819294963,-0.1356743866040,-0.3416941149632,0.1272406423131,-0.3177841635312,0.1041534181030,-0.1586596072845,0.1869027673729,0.0824812459850,0.1800641083611,0.0841297444918,0.1667737828058,-0.2002261904425,0.1088101276508,0.3350923465895,0.0511031986621,0.0521530942728,-0.1822345736144,0.0914414375909,-0.4034706396666,0.0440581768587,0.0290800774550,0.4560099804154,0.1672472929758,-0.0201845470289,0.5459882747091,-0.3821506874104,-0.1426928570027,0.0819779512538,-0.2551086136311,0.1354138183942,0.0425804785152,0.2294317505068,-0.4049264654788,-0.4476340674089,0.1455803779305,-0.2899622222189,-0.4177339105562,-0.0427442420876,-0.3539395639746,-0.0691750143082,-0.2056870855413,0.3051782651158,-0.0319673829199,0.1659787024290,0.1662778401828,0.0655708133994,-0.0754772197753,0.2066562612016,0.4119177394539,-0.0330338741237,-0.2704852165758
0.3450778702118,-0.0321070667285,-0.0971204474500,0.0427178627999,0.2728217524923,0.3958615008924,1.0000000000000,-0.2919083524390,0.6335147822305,0.0217928585929,0.5441764704739,0.2921901481083,0.3923192199669,-0.0055968016671,0.5800595696082,0.4964973106576,-0.0614789617631,0.0409888653794,0.2374678182690,0.0750340469476,0.2086125108383,0.1835723011455,-0.0343629214836,0.0234550832103,-0.0587577135208,-0.0838189169734,0.0204578873071,-0.1401450695937,0.0436901365573,0.5499491519089,0.0792823977922,-0.2082705074139,0.3092868867459,0.2755361042090,0.2558601021810,0.4024409345463,-0.0325068505585,-0.1266915376624,-0.0350466381208,0.2726801007122,0.3578849271820,0.6810495068386,-0.0973900280592,0.4700665176315,-0.0467837500932,0.4748494350474,0.3098992172510,0.4904679638001,-0.1192325594625,0.3581851093041,0.5663253972071,-0.0594004974907,-0.0295760973122,-0.0914772510205,-0.1176223211067,0.3064406288519,0.0743135466003,-0.0218540210097,-0.0535802221095,0.0438646096964,-0.1779939233737,-0.2375335191040,-0.2026914712274,-0.0282425630866,0.4329253254189,0.0848638297565,-0.1525133282889,0.4707531191846,0.2777665572916,0.2494503474836
0.1329802548483,0.2352905753978,0.3683373411870,0.4093159034613,0.3050295411973,-0.2363335456019,-0.2919083524390,1.0000000000000,-0.2026992663240,0.5031384430755,0.0301533947715,0.1046902762400,0.1016096100731,0.2017354273344,0.0218134017918,-0.1901875241050,0.1910859206383,0.2609864055011,0.0706934660977,0.2096560528868,0.2194207038048,0.0691879898344,0.4508816515243,0.1953089258310,0.5710801480335,0.3581046590353,0.0985604597289,0.2771923923452,0.4669846780546,-0.1079021045874,0.4128691701133,0.0656033470106,-0.2804051904617,0.0307302575417,0.0185028814432,-0.0222898481993,0.0417427290297,0.0797489129119,0.3267630889395,0.2250153358381,-0.3638686141145,-0.3745411557060,0.5389169770193,-0.3444916608300,0.3825685845585,-0.0582281153221,0.0135796304939,0.0118124148534,0.0696821992816,-0.0582863819735,-0.3018147554482,0.2067848954826,-0.0963153412822,-0.1003007257631,-0.2146067971816,0.1594287294054,0.0910601687490,0.2152485962573,0.0448576614920,0.4305492588142,0.2079139201100,-0.0408045178107,0.1405505275093,0.4257454204996,-0.1819365340410,0.1342692646589,-0.0030342430363,-0.2992289903106,-0.0909747667789,-0.0827019279829
0.1227311221649,0.0276110165287,0.0891449091495,0.0710291284435,-0.0763310915807,0.5796225823635,0.6335147822305,-0.2026992663240,1.0000000000000,-0.2379897453015,0.1930929000608,0.2588777352644,-0.1127321784292,0.1816934144256,0.4005820566605,0.7028415753626,-0.1714446936424,-0.2060740503637,0.3510939092456,-0.0231297260432,-0.2269693483024,0.0510202707252,-0.1634078690165,-0.0458515945534,-0.2348881816659,-0.0136699388985,-0.0580933807277,0.1695602910880,-0.0754563821031,0.3427313789893,-0.0485133825748,-0.1800135428735,0.6360253141134,0.0461328680327,-0.0270292209773,0.1226517813666,-0.1401374351511,0.0679546342645,-0.0963501167561,-0.1613151763491,0.5567740774012,0.6116671329585,-0.2609351239579,0.7680789373655,-0.2075915064156,0.2067787264983,0.4979599118837,-0.0189759589430,0.0033971887552,0.3901070346319,0.4952309677945,-0.1660424632506,-0.2854762843879,0.1735850780273,-0.2416959265911,-0.0806589326172,-0.1140264153539,-0.2258193582772,-0.0768769786363,-0.2124437750221,-0.1467550234365,-0.1936796822350,0.1103562284448,-0.2545533307986,0.1584064934832,-0.1394173996354,-0.1179030558324,0.4236268308052,0.0792151370502,0.1299912385931
0.2078122616171,0.1392145942263,0.0918974498298,0.4474524541865,0.5483677529433,-0.3641555526547,0.0217928585929,0.5031384430755,-0.2379897453015,1.0000000000000,0.0240624772611,-0.0544831524695,0.5107600980742,0.2846202011003,0.1618564796895,0.0398588209397,0.1741310954709,0.1945591860408,-0.1315587862392,0.1126128644057,0.5787216886942,-0.0037662619499,0.5182461438775,0.0159333210156,0.6899123431555,0.2533039521224,-0.0971647829251,-0.0215402593755,0.2313601597864,0.0231464043421,0.1788016227775,0.0380482104347,-0.1570626120043,0.1295219830422,0.1442201926453,0.1536742885146,0.0466166000995,0.1017658632453,0.2885702616569,0.4755203647619,-0.2227107682995,-0.0981832058561,0.3605837961446,-0.3172560780184,0.8185726547715,0.1010416043576,-0.0820232614991,0.4372020184535,0.1591491276463,0.0601946785996,0.0106229279425,0.2110678819183,0.0413294104875,-0.2793879924024,-0.1261370162943,0.5503835974518,0.0704257752424,0.4720851590144,-0.1067014215006,0.6212450165169,0.0322783470588,-0.2343153714977,-0.1742746949179,0.1838222786269,0.0245886570672,0.0497186184863,-0.1015243145914,-0.1333072859035,0.1211504996016,0.1155640693745
0.4504028246131,0.0611999651514,-0.2562499304691,-0.0271919542669,0.4429723948557,0.3218571038526,0.5441764704739,0.0301533947715,0.1930929000608,0.0240624772611,1.0000000000000,0.4418455371166,0.3962839712039,-0.0689904815932,0.6139107065356,-0.0222378612538,0.0040626682560,0.1971836941313,0.2594040591003,0.2141076102057,0.3968314529249,0.2025748597553,0.0616438082478,0.1138936517512,0.2197363396962,0.1965557189877,0.2828840869395,-0.1036785836862,0.3996295725585,0.4664039603735,0.1878837884771,-0.0607929364843,-0.0661667670405,0.2490777377717,0.3292625604930,0.3712260850802,0.1663356401098,-0.3671729552642,0.1128840498058,0.5019706121890,0.0259269081763,0.2729718451585,0.3383149384689,0.1867753355047,-0.0494042267585,0.6133991154823,0.0478311154700,0.4187734761240,-0.0796817089607,0.2289784135306,0.0947974079474,-0.0938318126162,-0.0685220790285,-0.1081244837155,-0.1161621907902,0.3315835564197,0.0690278202694,0.1318979710991,-0.1417670334711,0.2126839029685,0.1708380515514,-0.0473803434229,-0.1725088832130,0.4254251463496,0.3542053505526,0.2275326965485,0.0167479596626,0.2173868849554,0.1367317452710,0.0002939179910
0.3005987383238,0.1218445589849,-0.1395358557545,-0.1888934907488,0.1529567365358,0.6071202568410,0.2921901481083,0.1046902762400,0.2588777352644,-0.0544831524695,0.4418455371166,1.0000000000000,-0.1032388357895,0.2015319629811,0.6325830045795,-0.0847970017545,-0.1554885145752,0.2688895179005,0.5363173987179,0.3113899973597,0.0121459188139,0.1595692560064,-0.0917560936986,0.2001473816302,0.0943708571291,0.5766124438527,0.3903930637484,0.1336454543177,0.2867932769162,0.2154434440384,0.0112985660709,0.2456338307935,-0.0660734290893,0.1182248272994,0.2987861044993,-0.0361793399029,0.1972698145448,-0.5074602812616,0.3537232177731,0.2414565172696,0.0467960372930,-0.0343661260121,0.3008281152175,0.2378281195067,-0.1952252272507,-0.0962830383227,0.1673471000393,-0.0949796546774,0.3183816398887,0.1047712891649,0.1541108787067,-0.2502804256384,-0.2126675799714,0.2490568709502,-0.1188498342564,-0.1560899990988,0.0138999188694,-0.1696386441233,-0.0982439039685,0.0050142146869,0.5807757026769,0.0793567903329,-0.0109132251471,0.3550704581774,0.1293178108444,0.0617963524631,0.3130453495495,0.2164886344988,-0.0173406408750,-0.1714095294727
0.3374398678802,0.0201476441675,-0.0956411577874,0.3141193250197,0.6315131358121,-0.3081213582257,0.3923192199669,0.1016096100731,-0.1127321784292,0.5107600980742,0.3962839712039,-0.1032388357895,1.0000000000000,0.1208004629084,0.2085319708453,0.0920606105339,0.2295889995801,0.1762959728880,-0.0411932051113,0.1224348584917,0.7556952658499,0.2028252641267,0.3199424253290,0.0253911995033,0.4411263326537,-0.0487588510238,0.0166878661083,-0.2063790019522,0.2509251173824,0.3614028046703,0.2973496111267,-0.1140241481737,-0.0524850833032,0.2359640605847,0.2115406890772,0.4431542229674,0.0776728409371,0.0862406377121,0.0420315614358,0.5530621749083,-0.1345981919996,0.3371253487054,0.0913301123084,-0.2114372564488,0.4612567278499,0.5419547239162,0.0488291454111,0.9074811684115,-0.0390186303458,0.1221239122502,0.1364322763076,0.2153125578451,0.1457024542723,-0.2786925890956,-0.0653238916216,0.7862537221615,0.1663111095427,0.3888678782180,-0.0725457941912,0.4831642737539,-0.2020771274756,-0.1284586495000,-0.2685198640977,0.1379138458014,0.3568497273830,0.1601447099145,-0.2233290204715,-0.0195882091193,0.2920162375599,0.2336010470706
-0.0316377040333,0.1381651460171,0.1231537535160,0.3748007083861,0.0313782382457,-0.0863674285179,-0.0055968016671,0.2017354273344,0.1816934144256,0.2846202011003,-0.0689904815932,0.2015319629811,0.1208004629084,1.0000000000000,0.1773202947836,0.2829133238204,0.0798820819025,-0.0836023414321,0.3798846529332,0.1824288659578,0.0314656015819,-0.0290601568887,0.0505681284814,-0.1348969012419,0.1575981705316,0.4875561458822,0.1465055955078,0.3212582956284,0.0066018033969,0.0067477752502,-0.0231010950077,0.2722523665638,0.2129096437808,-0.1076382807679,-0.0821888750465,-0.0981197003269,-0.1962369764794,0.0963665273269,0.1105335531086,-0.0523288346276,0.1088446627464,0.2005343789744,-0.1308915384519,0.1735118888983,0.2465510143041,0.0818303001411,0.4755021150141,0.0667653580977,0.5846646928620,0.2489713173908,0.2263421714712,0.0774652666869,-0.2610772592849,0.1428720097880,-0.1709483263998,0.1007780277651,-0.1215007443484,-0.0622168746375,-0.1536624230283,0.0421073985655,0.0462216610794,-0.0377634920550,0.1285226901407,-0.1862916353834,-0.1192212155955,-0.3013117820445,0.1793601797102,0.0223200634059,-0.0813831330510,0.0209081196676
0.5566408979300,0.2089415067186,-0.1797595677588,-0.0266240147815,0.3938155189220,0.4762635824080,0.5800595696082,0.0218134017918,0.4005820566605,0.1618564796895,0.6139107065356,0.6325830045795,0.2085319708453,0.1773202947836,1.0000000000000,0.1887655594923,-0.0549622155202,0.3978653336425,0.4626892699154,0.4527163076378,0.2340386059002,0.3024104015881,0.1205930361864,0.2761605890870,0.1744871120502,0.4497147679321,0.2692218304594,0.1108624836179,0.2795524670254,0.5546692085751,0.1340596907272,0.0885096896118,0.0862932549423,0.3987436187776,0.4257606088300,0.2810928693176,0.2348778753355,-0.3768545266910,0.1615661839755,0.3249827156987,0.1474077907168,0.2310812090546,0.2265993538176,0.3128063981768,-0.0654036615369,0.2102481753528,0.1414395983565,0.2104886517885,0.0274106043685,0.3912085296044,0.3389439903820,-0.1510119402107,-0.0978360110889,0.0118657197634,-0.1039083382226,0.1451394518042,0.1328190809031,0.0202359291684,-0.0612059890192,0.0583391595687,0.2706836492739,-0.1656760252032,-0.0964755607331,0.2350338802274,0.3622289799585,0.0527383599665,0.0969884119574,0.4509699069489,0.2575445308898,0.1065796169876
0.0021739161489,0.0992426363803,0.1064347319204,0.3094683883366,0.0678831435820,0.2204178113817,0.4964973106576,-0.1901875241050,0.7028415753626,0.0398588209397,-0.0222378612538,-0.0847970017545,0.0920606105339,0.2829133238204,0.1887655594923,1.0000000000000,-0.0945509010389,-0.2317837757709,0.0840102405143,-0.1000540794467,-0.0741698908583,0.0257697295135,0.0203010772981,-0.1266658926734,-0.0763358762141,-0.1633874688777,-0.2591666781757,0.0972343600138,-0.1630448526600,0.3572466170843,-0.0284477766618,-0.1479750847430,0.6612474995156,0.1365087645082,-0.0500917426261,0.1850677259871,-0.1024530485472,0.3163977567659,-0.0994193734197,-0.1043598138606,0.5983215193390,0.6577244876183,-0.3586143765822,0.5777410469988,0.1085259403008,0.2519668388211,0.5542829657906,0.1336114949644,0.0267637901718,0.4123397894734,0.6853349422417,-0.0158059119195,-0.1489362897618,0.0818858540792,-0.1434729263676,0.1196383399353,-0.0603213256903,-0.0289949692114,-0.0529123144323,-0.0287010920331,-0.3401120608590,-0.2515679676980,0.1016156329731,-0.3987721118363,0.2124212504791,-0.2141001290867,-0.1829553481278,0.4180516726629,0.2473610569341,0.3459133242509
0.3488383520897,0.2154243935403,0.2543635716664,0.2153868172449,0.3754415327002,-0.2935711483502,-0.0614789617631,0.1910859206383,-0.1714446936424,0.1741310954709,0.0040626682560,-0.1554885145752,0.2295889995801,0.0798820819025,-0.0549622155202,-0.0945509010389,1.0000000000000,0.1492957715422,-0.0654192248890,0.0124654604957,0.2619280809746,0.5327848283278,0.5030201968040,0.5521219739191,0.3672878586613,-0.0300113458713,0.0340977154557,0.1095827158090,0.5321252463131,0.2256577274618,0.6131879205617,-0.1421557941220,-0.1111162688427,0.3701862954944,0.2267144944375,0.3596480329411,0.0933438438547,0.1382656676211,0.0839592696788,0.2380453576022,-0.2205082416639,0.0363072869626,0.0336563106233,-0.2813554698990,0.0156287465159,0.1413755548870,-0.0794493583538,0.1817060870876,-0.2131710322075,-0.2155559972061,-0.1201768836398,0.8762743730906,0.0356032763731,-0.3644569839629,-0.2060251569960,0.3089937762415,0.5621578879980,0.3330177645850,0.5229119729507,0.4188422585398,-0.1654834581442,-0.2084972935855,0.0179450362242,0.2895478955049,0.1128409633883,0.3965443729088,-0.1426030291748,-0.0979611183215,0.3225565793669,0.1743612765654
0.4806625050124,0.2757357868867,-0.0140309961932,0.0726329811127,0.3324623911996,-0.0789206791874,0.0409888653794,0.2609864055011,-0.2060740503637,0.1945591860408,0.1971836941313,0.2688895179005,0.1762959728880,-0.0836023414321,0.3978653336425,-0.2317837757709,0.1492957715422,1.0000000000000,0.1625666436120,0.6697311073217,0.2583396499256,0.3142113721083,0.3273112077310,0.5497580513912,0.2255679927586,0.2464627006110,0.4748731838780,0.0456233499893,0.3061448251270,0.3600841966107,0.3902564792633,0.1210181134822,-0.3168389855380,0.4706877297491,0.5098817855309,0.2687324409152,0.3471530237086,-0.2690295195826,0.1670627929032,0.2549150355126,-0.2606577869517,-0.2578379674311,0.2501428584450,-0.3668366369367,-0.0212451831936,-0.0629219841352,-0.2003785142163,0.0894949209630,-0.2252662973872,-0.0471977581385,-0.1064281652615,0.1243631530017,0.4492543122441,-0.0369816223831,0.2365328767876,0.1462804273098,0.2740869220688,0.1346873835222,0.2340724314226,0.1093695617603,0.1669140081513,0.0634380643617,-0.1304891301216,0.2842615823203,0.3254318060659,0.2051756595999,0.0076686474460,0.0168072458483,0.2769536139504,0.2210143356306
0.1099497496168,-0.1440922614131,0.0689340979630,-0.1180902317603,-0.0231074550628,0.3920819294963,0.2374678182690,0.0706934660977,0.3510939092456,-0.1315587862392,0.2594040591003,0.5363173987179,-0.0411932051113,0.3798846529332,0.4626892699154,0.0840102405143,-0.0654192248890,0.1625666436120,1.0000000000000,0.3233312134048,-0.1760842365898,0.1953259565965,-0.1899355879209,0.1314337032573,-0.1379033217216,0.3017590633502,0.2405590052721,0.3707890597826,0.0967285160914,0.0442929500042,0.0365959925451,0.2470362753065,0.1168605874736,-0.1445484552128,-0.1618715687922,-0.0966894102695,-0.2153612930368,-0.1185710032408,-0.2059321919377,-0.0989259472289,-0.0056221599948,0.0678512126025,-0.1693941948231,0.1646972331031,-0.2918886566494,0.0413037489184,0.4704784042507,-0.0654560882790,0.2695770944894,0.1027418283844,-0.0024254007116,-0.1257757354296,-0.3549576260652,0.3320726906376,-0.2008303751268,-0.1560630557255,-0.0717860079486,-0.3523625870802,-0.0531182170454,-0.2808423441029,0.0146854512742,-0.0235324994485,0.1994742561611,-0.0121109010223,-0.0704001949307,-0.2829547400495,0.0512424308267,0.0728005189963,-0.2073495528847,-0.2904371477312
0.3790550961738,0.1196731036647,0.0343103561242,0.1153673081036,0.1304439769297,-0.1356743866040,0.0750340469476,0.2096560528868,-0.0231297260432,0.1126128644057,0.2141076102057,0.3113899973597,0.1224348584917,0.1824288659578,0.4527163076378,-0.1000540794467,0.0124654604957,0.6697311073217,0.3233312134048,1.0000000000000,0.2418149629911,0.0397791387448,0.1283227377997,0.2229889112392,0.0462305720628,0.3955060117940,0.4806531807412,0.0453769562161,0.1140121549987,0.2409643397409,0.1577574615502,0.2249678327521,-0.1790569047180,0.1906367045933,0.4148331089314,0.2267263108937,0.0931511872096,-0.1667899814803,0.1227666236909,0.0766408707993,-0.1850154010495,-0.1323600211249,0.2181520645301,-0.1473182646170,-0.0532452961002,0.0611054975617,0.1031828242485,0.0540556624433,-0.0846260641446,0.1584101455113,0.0056706894298,0.0119686641508,0.4049644486089,0.2667860997331,0.4131810144684,0.1529019212300,-0.0306986697683,0.0586850876569,-0.0210605833495,-0.1336013036944,0.1926443095994,0.0855431888725,-0.1519401444692,0.0499020402025,0.1088593659613,0.0162252411511,0.1163758177568,0.0103052093478,0.0439080179952,0.2566517672008
0.4587446044830,0.0719437213993,-0.0458411163983,0.2436522607161,0.6988814906322,-0.3416941149632,0.2086125108383,0.2194207038048,-0.2269693483024,0.5787216886942,0.3968314529249,0.0121459188139,0.7556952658499,0.0314656015819,0.2340386059002,-0.0741698908583,0.2619280809746,0.2583396499256,-0.1760842365898,0.2418149629911,1.0000000000000,0.1168265949402,0.3901798975163,0.0839780129333,0.4952739901178,0.0429122494799,0.0697423886817,-0.2961574036096,0.2998730770273,0.2903447126401,0.2803156586079,-0.1764169636333,-0.1808558751704,0.3252515961154,0.3624309911537,0.5000741001720,0.1718611147168,-0.0020969013770,0.2345992056453,0.6337914077305,-0.2349233742359,0.1227622677832,0.3348417942342,-0.2241204227901,0.4238516573343,0.4036154008778,-0.0281510216707,0.6746474408253,-0.1266468092815,0.1125939728704,0.0490165262233,0.2657585763166,0.2528398082799,-0.2609080836623,0.0464151931438,0.8460933144277,0.1675518880134,0.4780457467558,-0.0586702842605,0.5174601259641,0.0037170485553,-0.1476608720446,-0.3954213174325,0.2511559530658,0.3030323756636,0.2882089809598,-0.1855562132720,-0.0459605686945,0.2701966049908,0.2614984049911
0.3919672303065,0.2231080315326,-0.0075347143832,0.0092459980896,0.3828731823700,0.1272406423131,0.1835723011455,0.0691879898344,0.0510202707252,-0.0037662619499,0.2025748597553,0.1595692560064,0.2028252641267,-0.0290601568887,0.3024104015881,0.0257697295135,0.5327848283278,0.3142113721083,0.1953259565965,0.0397791387448,0.1168265949402,1.0000000000000,0.3873940655317,0.7805917877776,0.2050490694377,0.0285418097459,-0.0079102049789,0.0978561323140,0.5812645923740,0.4696719378145,0.7296595233851,-0.0390109084920,-0.0137108405119,0.6586092131462,0.2994429714661,0.2809565290167,0.2766075758082,-0.1547453320013,-0.0219167764593,0.1880934757692,-0.1168689634605,0.0835921804408,-0.1072937822855,-0.1344247373678,-0.2392633559139,0.1145161397405,-0.0583805930312,0.1706879206833,-0.2351813027892,-0.0655996159175,0.0045489309169,0.4513656150114,-0.0926860564698,-0.2818788819050,-0.2628839511857,0.1591051582702,0.7756694743026,0.1270467768815,0.6174818256448,0.2194232310113,-0.1143169387775,-0.2894175310725,0.0088385702122,0.3458541190941,0.3822835313574,0.3549918962710,-0.1311674563334,0.1296109957714,0.5778847671173,0.1773250855368
0.3678473543924,0.4600243923744,0.2139207293797,0.5814054732588,0.4829062336162,-0.3177841635312,-0.0343629214836,0.4508816515243,-0.1634078690165,0.5182461438775,0.0616438082478,-0.0917560936986,0.3199424253290,0.0505681284814,0.1205930361864,0.0203010772981,0.5030201968040,0.3273112077310,-0.1899355879209,0.1283227377997,0.3901798975163,0.3873940655317,1.0000000000000,0.4405353503671,0.5609102738704,0.1503857758432,0.0298092274423,0.0641659990857,0.4411157861691,0.2996356682311,0.5894108910196,-0.1138787581057,-0.2139004638045,0.4997716917548,0.3367812243135,0.3908260411090,0.3981053442551,0.1231756853032,0.3735903029207,0.3445004929245,-0.2819103455357,-0.0692743187040,0.3007186457222,-0.2686805316950,0.4322455902869,0.1341530404111,-0.0763260580404,0.2616591463970,-0.2339484003178,-0.0050847929172,-0.0656215405293,0.5120178935002,0.1725973911143,-0.4030380203880,-0.1564960156618,0.4304211169568,0.4275231602916,0.8034228217482,0.3371532530926,0.5692599174050,-0.0262946526190,-0.2134823372193,-0.0288327068036,0.2491785610734,0.1920819716760,0.3999036708009,-0.1631318052867,-0.0633723056729,0.4190791301393,0.3663393970383
0.3952682133828,0.3608469550952,0.2682143111766,0.0567628460856,0.3445041107703,0.1041534181030,0.0234550832103,0.1953089258310,-0.0458515945534,0.0159333210156,0.1138936517512,0.2001473816302,0.0253911995033,-0.1348969012419,0.2761605890870,-0.1266658926734,0.5521219739191,0.5497580513912,0.1314337032573,0.2229889112392,0.0839780129333,0.7805917877776,0.4405353503671,1.0000000000000,0.2403008469086,0.1455815714907,0.2564743443423,0.3289844359554,0.6392249165757,0.3565665817211,0.6821375690756,-0.0432589314687,-0.1759201405968,0.6148224343846,0.4008468061939,0.2036765932307,0.3694296891896,-0.0788738061589,0.1796367152599,0.1901947307098,-0.2057706950210,-0.1267361823357,0.0921615777790,-0.2268314841154,-0.2453908585221,-0.0776367922712,-0.1565289666112,-0.0161838086408,-0.3208154840310,-0.2206959171428,-0.1132509521080,0.4712178963407,0.0967752087318,-0.2607485785067,-0.1510452821267,0.0537599444310,0.6901213526650,0.1842691329870,0.7330370612909,0.2181067848914,0.0470165595112,-0.1594909710947,0.1975258266216,0.4402552710938,0.2187170648151,0.4189660465251,-0.0833083084769,0.0832382668719,0.4412855542935,0.1682684952197
0.3202868042696,0.3063540588345,0.0134390940408,0.3398709468562,0.6619218453480,-0.1586596072845,-0.0587577135208,0.5710801480335,-0.2348881816659,0.6899123431555,0.2197363396962,0.0943708571291,0.4411263326537,0.1575981705316,0.1744871120502,-0.0763358762141,0.3672878586613,0.2255679927586,-0.1379033217216,0.0462305720628,0.4952739901178,0.2050490694377,0.5609102738704,0.2403008469086,1.0000000000000,0.2625061480339,0.0492124905573,0.0219259222208,0.6755867142251,0.1974377221897,0.4063549562292,-0.0309459056069,-0.1517770674390,0.2449254309106,0.2168788722376,0.1859687365119,0.3327595489878,-0.0166279325654,0.3532540683204,0.6024618450096,-0.2016411887726,-0.1447312762129,0.5247417101911,-0.2989289415784,0.6344061826547,0.0990483001728,-0.1736318256687,0.3544243761965,0.1062466114256,-0.1130830354094,-0.1502213705556,0.2795720026582,-0.1125096790108,-0.3396858001127,-0.2791592494022,0.4146147421630,0.2334623059035,0.5417386676990,-0.0099444507152,0.8764080034496,0.1380029176134,-0.2086241064455,-0.0769038269293,0.5826636654096,0.1547100878167,0.3263829940944,-0.0406456473441,-0.0659930286748,0.1736010936845,-0.0220133948484
0.1116323141223,0.4318945673772,-0.0322839587685,0.2485620580628,0.1533437951018,0.1869027673729,-0.0838189169734,0.3581046590353,-0.0136699388985,0.2533039521224,0.1965557189877,0.5766124438527,-0.0487588510238,0.4875561458822,0.4497147679321,-0.1633874688777,-0.0300113458713,0.2464627006110,0.3017590633502,0.3955060117940,0.0429122494799,0.0285418097459,0.1503857758432,0.1455815714907,0.2625061480339,1.0000000000000,0.5230015480850,0.3345657270589,0.2631685969434,-0.0531100656627,0.0188873201955,0.4015466787902,-0.1641959540384,0.0308978658065,0.3201727804545,-0.1600151083304,0.2223626927560,-0.3627185057472,0.5460621495617,0.2174308801366,-0.0438306467401,-0.2380661120512,0.3865719756346,0.0077893019431,0.1589830411871,-0.1098969632217,0.0102556248901,-0.0971093651884,0.3287717463094,0.0985527591232,-0.0486733543149,-0.1058700183478,-0.1647157747468,0.0908744889449,-0.1570706013204,-0.0108457319016,-0.0879348904481,0.0560345468649,-0.1445754829481,0.1175009960782,0.7287208156619,0.2232700831565,0.1497030260368,0.2777669477363,-0.2572715657352,-0.0710698069742,0.4896835496362,0.0566082897897,-0.1570188413133,-0.0203988179794
0.0942832622168,0.4032686785684,0.1136450574824,0.1291614164577,0.0693310068131,0.0824812459850,0.0204578873071,0.0985604597289,-0.0580933807277,-0.0971647829251,0.2828840869395,0.3903930637484,0.0166878661083,0.1465055955078,0.2692218304594,-0.2591666781757,0.0340977154557,0.4748731838780,0.2405590052721,0.4806531807412,0.0697423886817,-0.0079102049789,0.0298092274423,0.2564743443423,0.0492124905573,0.5230015480850,1.0000000000000,0.3108394746236,0.2018166452625,0.1117326176339,0.1287516366046,0.0901844527057,-0.1533242062723,0.0753066906706,0.4417419036761,-0.0236062637598,0.3253535004904,-0.2107389259492,0.3104612241329,0.1860797488348,0.0119183998117,-0.0501086452832,0.3011906850484,-0.0265169102626,-0.1159122346429,-0.0380001902538,0.0071369119995,-0.0042378780505,-0.0484403553686,-0.1144795713256,-0.0729109430927,0.0039124595550,0.2472365404935,-0.0218750994711,0.0249056083588,0.0311925919670,-0.0213288107731,0.0358472147281,0.0181614503095,-0.0028860677597,0.4212432035261,0.5488805951535,0.2144235206143,0.2394201483054,-0.0915372391821,0.1731155038187,0.3596313026764,0.1722579640231,-0.1082346803938,0.1137459829288
-0.1106832409460,0.3387597182868,0.6220474884961,0.1992792994872,-0.0528532346254,0.1800641083611,-0.1401450695937,0.2771923923452,0.1695602910880,-0.0215402593755,-0.1036785836862,0.1336454543177,-0.2063790019522,0.3212582956284,0.1108624836179,0.0972343600138,0.1095827158090,0.0456233499893,0.3707890597826,0.0453769562161,-0.2961574036096,0.0978561323140,0.0641659990857,0.3289844359554,0.0219259222208,0.3345657270589,0.3108394746236,1.0000000000000,0.1123068801339,-0.0887286050286,0.0104692630979,0.1104816117653,0.0883204459559,-0.0999789162554,-0.1365161528072,-0.3037910059929,0.0243724470806,0.3456553325024,0.1341519019329,-0.1645170834814,0.0543868715356,-0.0165434072679,0.0203661304543,0.0995615117722,-0.0911701976821,-0.2349233596072,0.2505742960597,-0.2205715114154,0.1467495470479,-0.1341128721847,-0.0412350303015,0.0638894190219,-0.2729058256542,0.0902632538265,-0.2660941582232,-0.2593274277102,0.0787487824171,-0.1055359857592,0.2645024519108,-0.1214183151584,0.1087014695875,0.1409782990158,0.8613695438688,-0.0289565212981,-0.3075312930882,-0.1522275641857,0.1591629286279,0.0564079968851,-0.1533070777139,-0.2068694830764
0.4035837248389,0.2774727890635,0.0665074121502,0.1401941747366,0.5748325471525,0.0841297444918,0.0436901365573,0.4669846780546,-0.0754563821031,0.2313601597864,0.3996295725585,0.2867932769162,0.2509251173824,0.0066018033969,0.2795524670254,-0.1630448526600,0.5321252463131,0.3061448251270,0.0967285160914,0.1140121549987,0.2998730770273,0.5812645923740,0.4411157861691,0.6392249165757,0.6755867142251,0.2631685969434,0.2018166452625,0.1123068801339,1.0000000000000,0.3248541793268,0.6896005323068,-0.0325540215802,-0.1744588495410,0.4251960096479,0.3427554774382,0.2376826319072,0.3240229858661,-0.1983238927414,0.2666599523241,0.5044898350004,-0.1907700528001,-0.1226754890322,0.4421024578409,-0.2020072201187,0.0918921401713,0.1665123527692,-0.1153736562230,0.1922007551002,-0.0866296126471,-0.1405185843657,-0.1758891791319,0.4215439257713,-0.1402368970043,-0.3264931168249,-0.3567490084630,0.2591864622815,0.5008657983792,0.3267091926782,0.3674812350964,0.6494232205421,0.1459750821849,-0.2196072661055,0.0061566562210,0.8035795024944,0.1998559624742,0.5370195249226,-0.0420643898793,0.0383497950637,0.2532128125233,-0.0071653771371
0.5880517925488,0.3016240461582,-0.1059030393814,0.1717829721034,0.4291130894240,0.1667737828058,0.5499491519089,-0.1079021045874,0.3427313789893,0.0231464043421,0.4664039603735,0.2154434440384,0.3614028046703,0.0067477752502,0.5546692085751,0.3572466170843,0.2256577274618,0.3600841966107,0.0442929500042,0.2409643397409,0.2903447126401,0.4696719378145,0.2996356682311,0.3565665817211,0.1974377221897,-0.0531100656627,0.1117326176339,-0.0887286050286,0.3248541793268,1.0000000000000,0.4485868607188,-0.2683323302387,0.2336820391669,0.7186723264196,0.5640795058715,0.6173909278915,0.4128351708458,-0.0659532629299,0.1008149286190,0.2907652814871,0.2287252936488,0.4823968924887,0.0782927002438,0.2553972204274,-0.0424459594943,0.3933205499648,0.2138511345767,0.3846545468783,-0.2196387777328,0.3452590221867,0.4308619241635,0.1909353600881,0.1712489914582,-0.1762280589419,-0.0500989304933,0.3140788910548,0.3955906750706,0.2246427348187,0.2223779755486,0.2251507596519,-0.1235908987547,-0.2172802626024,-0.1306027857144,0.1412949549885,0.8407855011818,0.4115537857032,-0.1543535980298,0.4790442901457,0.6830557244365,0.5072168995756
0.3857257155307,0.3216651238025,0.1669209440614,0.3102830454460,0.4119693117318,-0.2002261904425,0.0792823977922,0.4128691701133,-0.0485133825748,0.1788016227775,0.1878837884771,0.0112985660709,0.2973496111267,-0.0231010950077,0.1340596907272,-0.0284477766618,0.6131879205617,0.3902564792633,0.0365959925451,0.1577574615502,0.2803156586079,0.7296595233851,0.5894108910196,0.6821375690756,0.4063549562292,0.0188873201955,0.1287516366046,0.0104692630979,0.6896005323068,0.4485868607188,1.0000000000000,-0.1881287689836,-0.1191394050678,0.5958672834886,0.3954185504861,0.4204646761633,0.3192649611761,0.0207856146141,0.1288947184882,0.2945154714371,-0.2349446825769,0.0260577234455,0.1594743075026,-0.2510546148393,0.0152431872088,0.2176728700044,0.0013416743064,0.2460660508700,-0.3548231163567,-0.0744258716509,-0.1032300275642,0.6160529368073,0.1293554151861,-0.3978408990236,-0.2430218214172,0.3656264050756,0.6182515848830,0.3674860557002,0.5296436048001,0.4712950941679,-0.1628581286389,-0.1941968438763,-0.0677514400975,0.4411949644439,0.3456412388987,0.5913815011226,-0.2546596655733,0.0081558838371,0.4803159125963,0.3689193284784
-0.2442733939343,-0.0239807159510,-0.2497729892793,-0.1069290181050,-0.0948805696712,0.1088101276508,-0.2082705074139,0.0656033470106,-0.1800135428735,0.0380482104347,-0.0607929364843,0.2456338307935,-0.1140241481737,0.2722523665638,0.0885096896118,-0.1479750847430,-0.1421557941220,0.1210181134822,0.2470362753065,0.2249678327521,-0.1764169636333,-0.0390109084920,-0.1138787581057,-0.0432589314687,-0.0309459056069,0.4015466787902,0.0901844527057,0.1104816117653,-0.0325540215802,-0.2683323302387,-0.1881287689836,1.0000000000000,-0.1263104751443,-0.1362698030458,-0.0217510486875,-0.3502074861912,-0.0245836513895,-0.3150185340329,0.0555562901687,-0.0265576429057,-0.0860591190899,-0.2536762730711,-0.0317657069493,-0.2167019024489,-0.0054825487027,-0.2169214768375,-0.1342910326672,-0.1746539154341,0.3902175942276,-0.1585202776223,-0.1159558838544,-0.2020371289762,-0.1200782656226,0.2809029658085,0.1449306488390,-0.2217508726811,-0.1899401221444,-0.1359671954109,-0.1294623624383,-0.1527205190882,0.3164811395438,0.1644569463351,0.0470437265574,0.0379153722943,-0.2797229514669,-0.3068875550525,0.5892554542219,-0.2212518525242,-0.2421491470785,-0.1443479500102
-0.0808849533990,0.0136773378942,-0.0318568315306,-0.0068095190928,-0.0357964267391,0.3350923465895,0.3092868867459,-0.2804051904617,0.6360253141134,-0.1570626120043,-0.0661667670405,-0.0660734290893,-0.0524850833032,0.2129096437808,0.0862932549423,0.6612474995156,-0.1111162688427,-0.3168389855380,0.1168605874736,-0.1790569047180,-0.1808558751704,-0.0137108405119,-0.2139004638045,-0.1759201405968,-0.1517770674390,-0.1641959540384,-0.1533242062723,0.0883204459559,-0.1744588495410,0.2336820391669,-0.1191394050678,-0.1263104751443,1.0000000000000,0.0144931367317,-0.0081811329659,0.0418160147677,-0.0876808293245,0.1633219406585,-0.1864431176628,-0.1076385220134,0.7168420554990,0.6273719331280,-0.3586922205867,0.5938046029183,-0.0979525611362,0.0455741968876,0.3699677646810,-0.0277479838194,0.0755427222548,0.2791638677025,0.4485739917402,-0.0605790676563,-0.2657752603821,0.1471977828398,-0.2275581549194,-0.0530862611611,-0.0788584851345,-0.1982872469163,-0.0982673159258,-0.1383252334884,-0.2036281260289,-0.0320481764769,0.1311375926834,-0.2913437400896,0.1339593036959,-0.1847118645471,-0.0913545693810,0.5752189264648,0.0912913727386,0.2031536970582
0.5079033315749,0.3968818597415,-0.0702530408585,0.1503796593462,0.4586958165162,0.0511031986621,0.2755361042090,0.0307302575417,0.0461328680327,0.1295219830422,0.2490777377717,0.1182248272994,0.2359640605847,-0.1076382807679,0.3987436187776,0.1365087645082,0.3701862954944,0.4706877297491,-0.1445484552128,0.1906367045933,0.3252515961154,0.6586092131462,0.4997716917548,0.6148224343846,0.2449254309106,0.0308978658065,0.0753066906706,-0.0999789162554,0.4251960096479,0.7186723264196,0.5958672834886,-0.1362698030458,0.0144931367317,1.0000000000000,0.6708931638849,0.5221067507412,0.4998040333857,-0.2112834414520,0.2252749824487,0.3073708272965,0.0646263473708,0.1768677774145,0.1172955668928,0.0001087622518,-0.0434654777905,0.1430242870075,-0.1069962749094,0.1892514141314,-0.3610905581176,0.1318826955966,0.2538169108949,0.3532348381142,0.2003367676065,-0.3486381225141,-0.0711728936444,0.2860959084358,0.6176323665731,0.3618701577682,0.4811287949002,0.3036123885244,-0.0109857850164,-0.2764680742106,-0.1681361401373,0.2813291290911,0.6009679871423,0.4990117273161,-0.0775205623573,0.3292203080751,0.7928907713087,0.5579847092434
0.3826586110366,0.4973672733285,-0.1548395601756,0.1700204373735,0.3728945977912,0.0521530942728,0.2558601021810,0.0185028814432,-0.0270292209773,0.1442201926453,0.3292625604930,0.2987861044993,0.2115406890772,-0.0821888750465,0.4257606088300,-0.0500917426261,0.2267144944375,0.5098817855309,-0.1618715687922,0.4148331089314,0.3624309911537,0.2994429714661,0.3367812243135,0.4008468061939,0.2168788722376,0.3201727804545,0.4417419036761,-0.1365161528072,0.3427554774382,0.5640795058715,0.3954185504861,-0.0217510486875,-0.0081811329659,0.6708931638849,1.0000000000000,0.3833572685932,0.5726718529651,-0.3625113990581,0.5224842097133,0.4530711798892,0.1525252312924,0.1145007516238,0.4116504274425,-0.0071179415192,-0.0016159358813,0.0448275609982,-0.1532378990566,0.1673250554748,-0.3105879664854,0.0258385311895,0.2558193185557,0.2103750896453,0.4091250621315,-0.2563722529994,0.0320117600967,0.2923535062648,0.3109889731028,0.3218257410164,0.2437583134363,0.2921939202629,0.3546304812799,0.1039512195755,-0.1625024220572,0.3762013918326,0.3771805766833,0.5778962000444,0.2303904293216,0.4218611451289,0.4537482421915,0.6611950802268
