1.0000000000000,0.4503727183149,0.4423773262063,0.4644129609604,0.2158950234324,-0.2273198603122,0.1443191969421,0.4313263669593,0.1782764935776,0.4261167020349,0.3917448877235,0.1117179216496,0.2024263661874,-0.0611857826505,0.7186245454688,0.0158666825874,0.3573010723478,0.6451493584104,0.0759448859628,0.5261322476237,0.4419748944016,0.3124614469515,0.2651813336505,0.4749395345852,0.3654238973670,0.3971200118673,0.5224888602774,0.2902656854252,0.3048125257259,0.5963885545582,0.5808609663361,0.2547759324402,0.0244574939543,0.4192930387390,0.5772203579428,0.4909249497474,0.3077772868279,-0.1001132465961,0.3251617665913,0.1448502250244,-0.0755883920845,-0.1195347640562,0.2290454211184,-0.3805628340105,0.3838528165616,0.1253014520583,-0.4167515972897,0.1132196478029,-0.1894367180714,0.1979011815296,-0.0971510751626,0.3147940347015,0.1754764846872,-0.3472619970837,0.0622455260869,0.2777074033668,0.0766682585064,0.2747720384093,0.0244577369315,0.2084999245065,0.0958432770792,-0.0922896247931,0.1045899900191,0.0400381657337,0.0753117610868,0.0759101782042,-0.0210704216361,0.0383380682704,0.1628998540701,0.1721601597056
0.4503727183149,1.0000000000000,0.4182124601691,0.7769847119325,0.2505945344244,0.0844265891814,0.2757838667601,0.1608083295031,0.2804340194082,0.2793976325128,0.1777969693328,0.4196316143178,0.1949826952711,0.2428217882383,0.4122751213114,0.3347445169429,0.3826991306670,0.6179440785861,0.1562094584701,0.5895761371880,0.3542272320659,0.4716490211282,0.6388789081188,0.6720519129455,0.3136690702511,0.6235199709657,0.6568635110557,0.3806689513151,0.2838296578320,0.6179384557774,0.6290361145044,0.3455148857286,0.1671330669672,0.6597940582583,0.7999295834648,0.4018191265238,0.7249069540171,-0.3396520824190,0.7013849407287,0.1586728145244,0.1148242111293,-0.1964135869507,-0.1346340656462,-0.2287864175954,0.2885077235660,-0.1127929816814,-0.1773661897952,0.0870465836174,-0.1615517479967,0.0649996752273,0.2352985471717,0.4658475157519,0.2611095935573,-0.2739110866298,0.1292830662781,0.2384524119921,0.0285989205188,0.5934238175648,0.0740137239464,0.3104572689599,0.1058572754550,-0.2191003829012,0.2660328119491,-0.1283682489290,0.0912128926564,-0.0784686028929,0.1063019782067,0.0777842969735,0.2880497817751,0.6047204386818
0.4423773262063,0.4182124601691,1.0000000000000,0.5479939483227,-0.0486704149921,0.0310608513728,0.1272823961948,0.6060588059004,0.2214500744061,0.3285281199869,0.2279426779785,0.1489979218918,-0.0448156751372,0.0054435501318,0.4940015557637,0.1237928279561,0.3815410055907,0.4219882439063,0.0707827129779,0.3716753150664,0.2065659831316,0.2580125131530,0.0427236190855,0.6659983874637,0.2223404671762,0.4993040064731,0.7152843667633,0.7866501916283,0.3922946372742,0.3350857591452,0.5635026068022,0.1200358952463,0.2280193799648,0.1829877621950,0.4347082553179,-0.0770718988347,0.2449695700705,0.3162613802313,0.2917535313537,-0.1174001161793,0.0078522633619,-0.1528166346298,0.2209869314108,-0.1809913588631,0.2942439467577,-0.0566011069249,-0.4692632438269,-0.1047214269118,-0.0228112891229,-0.0659573607165,0.0916089284483,0.3858434714159,-0.0010805145764,-0.3466080338197,-0.1615953521209,0.1012579769825,0.0126954407510,0.0932491783227,0.3161945802655,0.0201571225473,0.3612951161328,0.1548068982128,0.5994006760400,0.0474618145221,-0.3707138425948,-0.0439115647972,-0.1663905649941,0.0124981755005,-0.1077542492296,-0.0958031696243
0.4644129609604,0.7769847119325,0.5479939483227,1.0000000000000,0.2637922251266,0.0594107562606,0.3527294965632,0.3868250846326,0.3087425692762,0.4620092216874,0.3270466981405,0.4663200636847,0.3045335868810,0.1988548699617,0.4980075037425,0.3910641973802,0.3593145006171,0.6041918253886,0.2408158659290,0.6600011388413,0.5044369725840,0.3471909828420,0.5757440347878,0.6196748075110,0.5177828073977,0.6913240380230,0.7933806809184,0.4574405672653,0.4613727356833,0.6629144906951,0.6916565108342,0.5038394848001,0.1305294218037,0.6534633000820,0.7867776671826,0.1893716711251,0.5170299173954,-0.2322288146020,0.7950253109677,0.1991989181974,0.1209088113099,-0.1840742962806,0.0358765104485,-0.2789997672715,0.5134878546952,-0.0524737502550,-0.3002498301855,0.1836764588418,-0.0940060644069,0.0080873880503,0.2768725396489,0.3846283363452,0.1484980101797,-0.3337024024834,0.0269481844106,0.3576991665421,-0.1262544034462,0.5730138824243,-0.0295802213443,0.4524678892815,0.1341978117220,-0.2562344460159,0.3696593389483,0.0368821675185,-0.0872829064722,-0.1105484124605,0.0319784462972,0.0844906141430,0.1959691822086,0.4408894945288
0.2158950234324,0.2505945344244,-0.0486704149921,0.2637922251266,1.0000000000000,-0.1028564239172,0.2838782195023,0.0563174724189,-0.0129122183472,0.4096155268855,0.4443453234227,0.0919762564559,0.8139068931412,0.0321298404521,0.0765895060649,0.2105552696410,0.3271104929106,0.3057939857014,-0.0997340293783,0.1024822412317,0.7374940857135,0.4477283466962,0.4455397952998,0.2960199278325,0.6454992862417,0.1039579797970,0.1805809327897,-0.0659486891744,0.5685427615009,0.2184232469492,0.4029609669959,0.1970927761103,-0.1049548629506,0.3909874853485,0.3222079665768,0.2335031490208,0.1370249803626,-0.3883403657279,0.1860440272995,0.9039863284589,-0.0558691578634,0.0590203319459,-0.1749866051761,-0.3788581789273,0.3490378614325,0.3866388584864,-0.2281804606411,0.7681888700283,-0.2115449795794,-0.1988109400982,0.0752671523185,0.3142021504907,-0.0263817427091,-0.4583496976016,-0.1289909730336,0.7732324380280,0.1847210987448,0.3745564068018,-0.0426424109516,0.6678674334749,-0.2787606455508,-0.4282605733817,-0.1732785669263,0.3870686767778,0.0870729215397,-0.0198519665332,0.0739160267114,-0.0541738313871,0.2952840606177,0.1993730528435
-0.2273198603122,0.0844265891814,0.0310608513728,0.0594107562606,-0.1028564239172,1.0000000000000,0.5169545281538,-0.2504969583857,0.7251850797580,-0.1358808945216,-0.0231873020409,0.4551533586204,-0.0500215541902,0.5522837419330,0.1475860083333,0.6202613760279,-0.2118394745590,-0.0867324102857,0.5253679814923,0.0906654744524,-0.2454070811157,0.0268641346151,0.0591090888002,-0.0122524394905,-0.1990494255038,0.2197367771076,0.0229523143979,0.2951074839628,-0.1745686295413,0.1826373084887,-0.1712597909668,0.2760862999982,0.4997017433496,0.1462228463577,-0.0460703472881,-0.1780019026636,-0.0822153031478,0.0921143754785,0.0238132824124,-0.0625726511261,0.5867460672765,0.3379696644185,-0.4181932434110,0.3531930826125,-0.1541460458183,-0.2196958494287,0.4250619995978,-0.0139518997970,0.2543335632800,-0.0361007843333,0.3211299079489,-0.1870468805999,-0.2292143458630,0.1404879610581,-0.2073188526583,-0.2081252255113,0.0214661666185,-0.0660511281284,0.1221874135926,-0.1877970722858,-0.2673447764513,-0.1940634592621,0.3804037522577,-0.1492089531047,0.0240526152034,-0.3177005993496,0.1304062307340,0.3227048421149,-0.0714162947357,0.1232819080408
0.1443191969421,0.2757838667601,0.1272823961948,0.3527294965632,0.2838782195023,0.5169545281538,1.0000000000000,-0.1269802079821,0.7834441877666,0.1249827628835,0.4302834110004,0.5325166486160,0.4668593287738,0.5312414999668,0.4967267893931,0.7523859065022,-0.0096983238367,0.2264689037848,0.5146357761650,0.3474498565911,0.2757613445181,0.1957197270555,0.3034507546563,0.2428075481788,0.0935302932402,0.3866609056058,0.3414930692958,0.2610141537622,0.1642215455175,0.5024889525097,0.1918313740718,0.5025735229323,0.2328292454552,0.3903039098939,0.2897958000317,-0.0202678662651,-0.0104402603532,-0.2160434250714,0.2952901403927,0.3404995852785,0.4303045167593,0.5390120842793,-0.4454211446697,0.0262072145479,0.0575923899758,0.1270190047957,0.2266332213227,0.4459690385065,0.1199626399969,-0.0595995288554,0.5695028656863,0.0435363807189,-0.1654578157448,-0.1660315442901,-0.2595015557152,0.2542766363971,-0.0159550753729,0.1818285973301,-0.0142494263060,0.1464480750436,-0.3456780688791,-0.3924429601332,0.2498464732577,0.0080398009829,-0.0533517352579,-0.3091641799925,0.3115442712453,0.2750168275020,0.0032235314556,0.2008460823337
0.4313263669593,0.1608083295031,0.6060588059004,0.3868250846326,0.0563174724189,-0.2504969583857,-0.1269802079821,1.0000000000000,-0.0522782892706,0.4837979190955,0.3824904424386,-0.0060873658507,0.0363642245857,-0.2139016930762,0.3638958028537,-0.1513033726520,0.3777171582741,0.3134708139939,-0.0086646990402,0.1734652318057,0.3131471576535,0.2387819280511,0.0037403039558,0.3438499519456,0.5375950692411,0.2933200213701,0.4052926977750,0.3966457709384,0.5443382635965,0.1980270856867,0.6035241771074,0.0896087542861,0.1597986806679,0.0673556015669,0.2690091959463,-0.0493218485732,0.0991759021208,0.2396287789071,0.1850940408730,0.0475913703712,-0.3296068245333,-0.2419500831536,0.5766922334316,-0.2540499720307,0.4541590537982,0.2148243445003,-0.5536315709504,0.0275931970201,0.0530010860927,-0.0109059782836,-0.1165198517677,0.2897654714259,-0.1312310516949,-0.3126249340030,-0.1615530050464,0.2334696643100,0.0603098018579,0.0431147746763,0.0918874456237,0.3354576148280,0.4358914394516,0.1564820195482,0.2069698799262,0.4522768591028,-0.2356277223837,0.1747920890994,-0.1926311610702,-0.1342908808649,0.0346882023191,-0.1843529725547
0.1782764935776,0.2804340194082,0.2214500744061,0.3087425692762,-0.0129122183472,0.7251850797580,0.7834441877666,-0.0522782892706,1.0000000000000,-0.0063189856547,0.2784514808410,0.5811628932105,0.1192103227151,0.5865181317366,0.5975853743009,0.6996689896967,-0.1104154923107,0.1715938252820,0.6599918679573,0.4078428156748,0.0079593055082,0.0568249263561,0.1408298875812,0.1614030765743,-0.0811575776432,0.4468948055431,0.3607561560759,0.4290972187541,0.0062978787406,0.5361674105710,0.1009150447247,0.4718371956930,0.4322807864869,0.2697242585708,0.2101294727190,-0.0555926009556,0.0295054228145,0.0208827303576,0.2453624309830,0.0609521191164,0.5838689774029,0.3894812578459,-0.3099483128511,0.1737149078356,-0.0419790523817,-0.1297178135067,0.2683975874018,0.0948127010158,0.1979334939729,-0.0471162103240,0.3930276270735,-0.0937701599030,-0.2152847014296,-0.0242611513693,-0.2644225712764,-0.0555478372257,-0.0521125229174,0.0511378362611,0.0563313782780,-0.0942479212041,-0.2034466544668,-0.1781376740786,0.4324863904673,-0.0841967752541,-0.1088173595819,-0.2253119340820,0.1907253992408,0.4054632210977,-0.1193239417862,0.1398369464053
0.4261167020349,0.2793976325128,0.3285281199869,0.4620092216874,0.4096155268855,-0.1358808945216,0.1249827628835,0.4837979190955,-0.0063189856547,1.0000000000000,0.3934232739937,0.1462362308668,0.4308284312991,0.2018322291395,0.4113667454515,0.2121385934934,0.3553508409026,0.3402887360578,0.0954922072139,0.2410438691522,0.5244214983718,0.3322916933198,0.4381079878141,0.3243455227093,0.6962242597990,0.4834543445141,0.3105206512987,0.2224365266153,0.3675881603237,0.3350959534465,0.4225551638265,0.3532135962503,0.0765886973805,0.3893742815563,0.4388010430904,0.1024463553336,0.0530755129429,-0.1909424026456,0.3249381564177,0.3284683139146,-0.1540398818039,-0.1141454320311,0.1052804994930,-0.4268859221114,0.8102424931127,0.2753663265250,-0.3359250685401,0.4222473973964,0.1370967784705,0.0252637229291,0.1061174226574,0.3230962472373,-0.1281288144447,-0.3521342637196,-0.2155192320767,0.4992807230482,0.0475054869889,0.3924360736065,-0.0800247229505,0.5346327439417,0.0893695829948,-0.3659545108182,-0.0176619360908,0.1229745961091,0.0604269199544,-0.1524816859275,-0.0184105385995,-0.0478441701075,0.2191341970289,0.1150979374609
0.3917448877235,0.1777969693328,0.2279426779785,0.3270466981405,0.4443453234227,-0.0231873020409,0.4302834110004,0.3824904424386,0.2784514808410,0.3934232739937,1.0000000000000,0.0768562359561,0.6717651253355,-0.0214690123488,0.5283638429652,0.1997679086312,0.2769141921618,0.2216275410727,0.1385199066908,0.1807926335450,0.6841584169257,0.3438537696414,0.0752305879488,0.2457778848746,0.5590040755490,0.2176173506864,0.3850431891150,0.2731882353367,0.5879865220133,0.4767592264935,0.4698664710453,0.3342568290251,0.2083729176420,0.3614090579971,0.3015671494904,-0.0562747719004,0.0808497423942,0.0296466942802,0.1195210613429,0.4772336237656,0.0470192564024,0.2457860808758,0.0496681148276,-0.3345285766948,0.3969374935714,0.7108224509997,-0.4214658636405,0.6206701473174,0.0244234863157,-0.2281102494259,0.1000025944324,0.1349328418036,-0.3820249545384,-0.5159326690521,-0.4242942997518,0.6402638040858,0.0611771432731,0.1474425310811,-0.0262030208033,0.4251637992744,-0.0736427421865,-0.1557957119248,0.2240609455571,0.4630567457181,-0.1974667994798,-0.0575239856912,-0.0020543590870,-0.0314400855938,0.1133421554091,-0.0820018403215
0.1117179216496,0.4196316143178,0.1489979218918,0.4663200636847,0.0919762564559,0.4551533586204,0.5325166486160,-0.0060873658507,0.5811628932105,0.1462362308668,0.0768562359561,1.0000000000000,0.1633309368936,0.6608890662559,0.3862445409285,0.6403514541724,-0.0603525125070,0.2991149982114,0.6379268462843,0.5778125904169,0.1303137906861,0.1047708754474,0.3896008611942,0.2284343639617,0.0723766685724,0.4881046270350,0.3840787724185,0.3236470597521,0.0384904205674,0.4651527905254,0.1597050886025,0.5292319277206,0.1959984322498,0.4300908038748,0.3491141469849,0.0768486008491,0.1274060270194,-0.2586647913611,0.4888849073138,0.0968809195544,0.3116999677988,0.0203904959547,-0.2852239718900,0.1168123150429,0.0340316047740,-0.1707194263343,0.3857029904877,0.1098276972558,0.2335541274104,0.1877921137302,0.3689362720892,0.0151363093957,0.0462254475398,0.1839370657790,0.0740251537576,0.0848269784841,-0.0881929897411,0.2393033479707,-0.0539419762985,0.0593298418405,-0.0665776822590,-0.2630651993964,0.2703759368122,-0.1414758358414,0.1340974240080,-0.2703647048257,0.2703075499456,0.1373092242090,0.0570477893771,0.4022312108750
0.2024263661874,0.1949826952711,-0.0448156751372,0.3045335868810,0.8139068931412,-0.0500215541902,0.4668593287738,0.0363642245857,0.1192103227151,0.4308284312991,0.6717651253355,0.1633309368936,1.0000000000000,0.0802566983993,0.1956477039170,0.3066126692476,0.2513796214021,0.2507924353922,0.0684352597078,0.1664651690642,0.8408334150098,0.4292971364270,0.3198916941181,0.2271270824339,0.6039958013870,0.1394387042178,0.2443874202331,-0.0284360262956,0.5063156444509,0.3590438159526,0.4049897157427,0.3126142270694,-0.0417659916852,0.4644882741348,0.3516924249101,0.0467390558356,0.0455915927051,-0.3232244641900,0.1726599883984,0.7654130329962,0.0291474472355,0.2367808136362,-0.2552126018615,-0.3788983946766,0.4095108247343,0.5093047947553,-0.2200976247538,0.9245464527957,-0.1055855673389,-0.2416313755476,0.2089295101611,0.2182556565852,-0.1578009097418,-0.4500313226640,-0.2489959654563,0.8548205921048,0.0781797962877,0.2856463763576,-0.1183650403131,0.5942554286310,-0.3353264795217,-0.4623598343162,-0.0724757610075,0.3447262407621,0.0480234077427,-0.1677178004489,0.0537050353351,-0.0681831304167,0.2443961683568,0.1440660145151
-0.0611857826505,0.2428217882383,0.0054435501318,0.1988548699617,0.0321298404521,0.5522837419330,0.5312414999668,-0.2139016930762,0.5865181317366,0.2018322291395,-0.0214690123488,0.6608890662559,0.0802566983993,1.0000000000000,0.3307938090363,0.6704534507147,-0.1694518273299,0.1389738815265,0.7011311102714,0.3698302417628,-0.0747213094819,0.0034128323519,0.3435762928220,0.0672413369989,-0.1350098366607,0.5729190677225,0.1397662096585,0.2307853080730,-0.2316036515891,0.3099960476280,-0.1177040462895,0.5355982047875,0.2633315514750,0.2627017977701,0.1144329450611,0.0762969023180,-0.1421059807050,-0.2635233389527,0.2725248907119,0.0472904828066,0.4206982172457,0.2050323278096,-0.4862272259531,0.1821583897892,-0.0172252680562,-0.1351617684932,0.5768887555275,0.0739753645332,0.4917316815805,0.2371953426178,0.4219777184233,-0.0387516581309,-0.1117973099677,0.2696747139508,-0.0657217356091,-0.0233456288319,-0.0707799869406,0.1435178540467,-0.0475284363708,-0.0539028909251,-0.1969368588504,-0.3614475078020,0.1639586795117,-0.3219367890471,0.1203745578070,-0.4479539855788,0.3656815654732,0.3323728494705,-0.0601292125800,0.3079923459695
0.7186245454688,0.4122751213114,0.4940015557637,0.4980075037425,0.0765895060649,0.1475860083333,0.4967267893931,0.3638958028537,0.5975853743009,0.4113667454515,0.5283638429652,0.3862445409285,0.1956477039170,0.3307938090363,1.0000000000000,0.4252370166213,0.2058890457201,0.5126415353346,0.4839564451396,0.6320660521167,0.2964113106187,0.2242273479120,0.2103112650387,0.4274873278152,0.2503913489516,0.5885913926999,0.5962944583869,0.5470712073276,0.2596468414645,0.7490581617576,0.4426205649316,0.5375770044160,0.2724460571066,0.4539486574615,0.5029091364464,0.1343737340439,0.1682371088282,0.0404757323040,0.3234368037498,0.0923848643777,0.2612113348589,0.0515923562485,0.0232372895998,-0.2824159013328,0.3022427510412,0.0418772455365,-0.1923272837388,0.1197327871369,0.0588463053522,0.0942549860226,0.1980724988707,0.1400870620189,-0.0843036256706,-0.2462604007620,-0.1833928414666,0.1523648247203,0.0230591107333,0.1696893344696,0.0957263839565,0.0800653885881,0.0204413583450,-0.1205346865944,0.4140310709983,0.0437981154244,-0.1058852468193,-0.1165678755073,0.1446055375346,0.2735353422308,0.0238036509799,0.0961961737933
0.0158666825874,0.3347445169429,0.1237928279561,0.3910641973802,0.2105552696410,0.6202613760279,0.7523859065022,-0.1513033726520,0.6996689896967,0.2121385934934,0.1997679086312,0.6403514541724,0.3066126692476,0.6704534507147,0.4252370166213,1.0000000000000,-0.0167905063450,0.1740658365933,0.5642929176697,0.3823686492413,0.1094143533708,0.2211934197447,0.4002625448222,0.2344191576041,0.1085341769264,0.4531884943071,0.2872598330047,0.3065933878970,0.0628223894752,0.5273876855771,0.1227782015003,0.5389460214353,0.2916396155159,0.4526760239404,0.3296356276590,-0.0160299413676,0.0412705937935,-0.2234707562688,0.3558272550648,0.2334225779299,0.5162945206463,0.2902756568759,-0.4365907973281,0.0774689743269,0.1297824298408,-0.0738517188349,0.3344489284519,0.3191598684557,0.2517724704826,0.0439522692454,0.6673065601212,0.0446867826630,-0.1320096897202,-0.0084123719853,-0.2286855870234,0.1206577929265,0.0029307970452,0.2399261323219,0.0080463008402,0.1728048264464,-0.2681617352752,-0.4182957247229,0.2881177286925,-0.1078335181185,0.1471895131316,-0.3433928405137,0.3049663101276,0.3285401796970,0.1393745669234,0.3211664767964
0.3573010723478,0.3826991306670,0.3815410055907,0.3593145006171,0.3271104929106,-0.2118394745590,-0.0096983238367,0.3777171582741,-0.1104154923107,0.3553508409026,0.2769141921618,-0.0603525125070,0.2513796214021,-0.1694518273299,0.2058890457201,-0.0167905063450,1.0000000000000,0.3063044664039,-0.1499215259669,0.1046561807942,0.4112860059890,0.6783840523796,0.3105068615906,0.6341969427970,0.5322216625742,0.2492034666169,0.3559269936891,0.2302596350733,0.5441846286441,0.3180175221157,0.6321862186511,0.0530689909321,0.0288679833480,0.3792429511674,0.5356200550463,0.1176977168264,0.3201258214075,0.0165781231481,0.2021772404062,0.1926631538888,-0.2556850975394,-0.2329752968664,0.1763279497535,-0.4234258253055,0.3823856000670,0.1675998270843,-0.5109463685910,0.1977542655216,-0.1181564751631,-0.2187494153541,-0.0580998290974,0.8514762081475,0.0078076259734,-0.4733807843946,-0.1593754109078,0.3512003493399,0.4665704515496,0.3988461814654,0.4160889522097,0.4594781914125,0.1870550640696,-0.0397438086780,0.1540175912276,0.3240238618693,0.0105491272270,0.2409450219926,-0.1345658391681,-0.1457973118833,0.3741708009537,0.2219856564223
0.6451493584104,0.6179440785861,0.4219882439063,0.6041918253886,0.3057939857014,-0.0867324102857,0.2264689037848,0.3134708139939,0.1715938252820,0.3402887360578,0.2216275410727,0.2991149982114,0.2507924353922,0.1389738815265,0.5126415353346,0.1740658365933,0.3063044664039,1.0000000000000,0.2383651666479,0.7774857109449,0.3865370832200,0.4308603114641,0.5669675796561,0.7227533022281,0.3626003195241,0.4456616206851,0.6247450466131,0.2996843764694,0.3609511927656,0.5601546883514,0.6712604025457,0.4659067823006,-0.0620812457420,0.5776020271420,0.6528360309900,0.3322007154148,0.3283920884392,-0.3862320387711,0.4048168762755,0.1812760336991,-0.0508991280704,-0.2856820205170,-0.0593040103846,-0.3538380512584,0.2110263860686,-0.0894248730973,-0.2021034679560,0.1362523980397,-0.2988512351198,0.2219154635265,-0.0026024437201,0.3547367882035,0.4940089496325,-0.1886863380131,0.3708319876081,0.2736675595146,0.0397784788260,0.3857670493630,-0.0034972411170,0.2764642783488,-0.1744981077015,-0.3160564467434,0.0930387955903,-0.0291335530042,0.0891652704667,-0.1650124956677,0.1703526878014,-0.0054668107067,0.1647809282979,0.3627044309809
0.0759448859628,0.1562094584701,0.0707827129779,0.2408158659290,-0.0997340293783,0.5253679814923,0.5146357761650,-0.0086646990402,0.6599918679573,0.0954922072139,0.1385199066908,0.6379268462843,0.0684352597078,0.7011311102714,0.4839564451396,0.5642929176697,-0.1499215259669,0.2383651666479,1.0000000000000,0.5022121337390,-0.0430505012121,0.0518049634480,0.2134424587207,0.0775168864218,-0.0826295557243,0.4515701914804,0.2113504838471,0.3280533965719,-0.0878453225468,0.4338105902020,0.0159968481805,0.5895539093407,0.2597814878229,0.2568403628728,0.1110206461734,-0.0648913660069,-0.1643279556132,-0.1148972109467,0.1719110976709,-0.0370760901361,0.3070704921727,0.0984251293991,-0.3232900031482,0.0356672770702,-0.0718958379711,-0.1362272053073,0.4167120120292,0.0585714710119,0.3083995136305,0.1470669239710,0.3010473801484,-0.0943675456722,-0.1335566742617,0.2707276525606,-0.0831588986542,-0.0436291049935,-0.0727936780367,0.0187273141920,-0.0479357677813,-0.0712968357281,-0.2412355713026,-0.2810493602308,0.2820264348304,-0.1406308816331,0.0125851671140,-0.3882276538042,0.2005554493549,0.1695860430705,-0.1106827572052,0.1139305581167
0.5261322476237,0.5895761371880,0.3716753150664,0.6600011388413,0.1024822412317,0.0906654744524,0.3474498565911,0.1734652318057,0.4078428156748,0.2410438691522,0.1807926335450,0.5778125904169,0.1664651690642,0.3698302417628,0.6320660521167,0.3823686492413,0.1046561807942,0.7774857109449,0.5022121337390,1.0000000000000,0.2725703883597,0.1700324258894,0.4868492354235,0.4883623894932,0.2067402013169,0.6015508527152,0.7155295844550,0.3567421015681,0.1517612639656,0.7051428396120,0.4659490843994,0.6653540691663,0.0549619333784,0.6012258287171,0.6539431766975,0.1707868789209,0.2683789130867,-0.3529123001998,0.5362473166238,0.0357586843998,0.1894702177314,-0.2725252730004,-0.1105205018227,-0.3034352175662,0.1561035347849,-0.2658059794655,0.0168308751856,0.0355117258177,-0.1849965597136,0.1462433116158,0.1379845987663,0.1346697967423,0.3630317295297,-0.0182926059220,0.3225134929123,0.1211847284756,-0.1901175011078,0.3855824333482,-0.1491855282387,0.1169233646440,-0.1415001005905,-0.2271540935378,0.2399482184204,-0.1819840543385,0.0203924515505,-0.2378739483824,0.2834409717373,0.1022397632352,0.0365583882156,0.3961600281162
0.4419748944016,0.3542272320659,0.2065659831316,0.5044369725840,0.7374940857135,-0.2454070811157,0.2757613445181,0.3131471576535,0.0079593055082,0.5244214983718,0.6841584169257,0.1303137906861,0.8408334150098,-0.0747213094819,0.2964113106187,0.1094143533708,0.4112860059890,0.3865370832200,-0.0430505012121,0.2725703883597,1.0000000000000,0.3958644737926,0.3246061423813,0.3654787492624,0.6960688139399,0.2609024017933,0.4311696229101,0.0688083949503,0.5974953140299,0.4313790791439,0.6057556732530,0.2550155451165,-0.0228688684206,0.5062529678847,0.5234935116907,0.1648498014944,0.2518002279825,-0.2222100219027,0.3631297342843,0.6754445186640,-0.1214926261292,-0.0359266185413,0.0361644923782,-0.5126909316539,0.5358326261654,0.4940125610501,-0.4632112344185,0.7528012448759,-0.1905371698172,-0.2302653785581,0.0499791470517,0.3634653812632,-0.0451827742257,-0.5524395671089,-0.1554709214842,0.9178236520794,0.0232435978154,0.3937794649450,-0.0852595390823,0.6238024753939,-0.0624906490274,-0.2876537746306,-0.0327949082181,0.3663678113348,-0.0490600739936,-0.0036687763956,-0.0961863940642,-0.1176051378406,0.2586258078202,0.1778152131947
0.3124614469515,0.4716490211282,0.2580125131530,0.3471909828420,0.4477283466962,0.0268641346151,0.1957197270555,0.2387819280511,0.0568249263561,0.3322916933198,0.3438537696414,0.1047708754474,0.4292971364270,0.0034128323519,0.2242273479120,0.2211934197447,0.6783840523796,0.4308603114641,0.0518049634480,0.1700324258894,0.3958644737926,1.0000000000000,0.4518234439945,0.7151900108437,0.4976275176573,0.1939056927710,0.2731773647705,0.2354010954447,0.5399431349074,0.4398592914673,0.6894095193092,0.1885425620708,0.0692184799657,0.5385071064087,0.5152229199962,0.2088230277206,0.2883787542318,-0.1863974919821,0.1129174119644,0.2863822539414,-0.1161001522702,-0.0419066172100,-0.1584929194210,-0.2727479255733,0.2280181406971,0.2255947414554,-0.3010425261425,0.3903137926403,-0.0908605990062,-0.0750606812731,0.1354897280094,0.6515587539189,-0.0310749946441,-0.3950043413590,-0.1848266351979,0.4103193546222,0.6223905036451,0.3212073014289,0.4154183884737,0.4168494460912,-0.1126678422106,-0.3878884343164,0.1239694489635,0.2798588590405,0.2612928423076,0.0103933913652,-0.0513190525637,-0.1006192474576,0.5297656121603,0.3082245631394
0.2651813336505,0.6388789081188,0.0427236190855,0.5757440347878,0.4455397952998,0.0591090888002,0.3034507546563,0.0037403039558,0.1408298875812,0.4381079878141,0.0752305879488,0.3896008611942,0.3198916941181,0.3435762928220,0.2103112650387,0.4002625448222,0.3105068615906,0.5669675796561,0.2134424587207,0.4868492354235,0.3246061423813,0.4518234439945,1.0000000000000,0.4722246506248,0.4349383394971,0.4416653190446,0.2917614038631,-0.0245669296213,0.1798963963346,0.4488810340233,0.4378176878935,0.4699915148610,-0.0573004334788,0.6903828213600,0.5918761353921,0.3896193350067,0.3685870552258,-0.6589969944493,0.5664928788912,0.3613926903770,0.0153743222808,-0.1713992672979,-0.2494689007028,-0.2677993363206,0.3542611343044,-0.0608292515519,0.0777809532322,0.2765473842274,-0.0754304164117,0.1832102867269,0.2202858286089,0.3991065895944,0.3081143520802,-0.0839835886822,0.2456050090573,0.2925929798327,0.0665350591679,0.8212482662365,-0.1614761748961,0.5493707426843,-0.2378803945116,-0.5665468285938,-0.1451180938867,-0.1303104272762,0.3512379921202,-0.1600862763232,0.2980493172780,-0.0065682753203,0.4522331153917,0.6043620864334
0.4749395345852,0.6720519129455,0.6659983874637,0.6196748075110,0.2960199278325,-0.0122524394905,0.2428075481788,0.3438499519456,0.1614030765743,0.3243455227093,0.2457778848746,0.2284343639617,0.2271270824339,0.0672413369989,0.4274873278152,0.2344191576041,0.6341969427970,0.7227533022281,0.0775168864218,0.4883623894932,0.3654787492624,0.7151900108437,0.4722246506248,1.0000000000000,0.3689243646653,0.4404941398287,0.6698278973542,0.5882817085981,0.5642648845208,0.5053269996324,0.7736362887217,0.2942840313126,0.0272808912662,0.5120836896807,0.6673905054141,0.1705903056166,0.4045880520023,-0.1468283714574,0.3443784305674,0.1230057932232,-0.0543787431184,-0.2323532357096,-0.0870237587986,-0.3240901993705,0.2051812011141,-0.0185143131078,-0.3835985980563,0.1203290384062,-0.1998937079133,0.0044083020701,0.1159251151135,0.6844443755455,0.2427484664077,-0.4341971862542,0.0059907321486,0.2783902463868,0.3669128175128,0.3528630311651,0.4639796136896,0.2496735477186,0.0068193184638,-0.2656797310026,0.4120471215705,0.1347616037616,-0.0598720469622,-0.0665756127431,0.0329360002569,-0.0388370092133,0.2254611244128,0.2716618322106
0.3654238973670,0.3136690702511,0.2223404671762,0.5177828073977,0.6454992862417,-0.1990494255038,0.0935302932402,0.5375950692411,-0.0811575776432,0.6962242597990,0.5590040755490,0.0723766685724,0.6039958013870,-0.1350098366607,0.2503913489516,0.1085341769264,0.5322216625742,0.3626003195241,-0.0826295557243,0.2067402013169,0.6960688139399,0.4976275176573,0.4349383394971,0.3689243646653,1.0000000000000,0.2277804366740,0.3655728707739,0.1021082640143,0.7571401902131,0.3415501452115,0.6385015903813,0.2538070889774,0.0143101693409,0.4470417911634,0.4596138844983,0.0591465946759,0.2384802166034,-0.1775259580550,0.3249958264981,0.5531772342013,-0.2216159976273,-0.1709937747807,0.2770534922309,-0.5177772547836,0.7231265570451,0.3782447953054,-0.5007026419416,0.5540420970186,-0.1255900386237,-0.1985813286250,-0.0127284302835,0.3814956222677,-0.0629246416019,-0.4945113402520,-0.1505325046123,0.6404569506343,0.1585276229377,0.4603191957131,-0.0701658689513,0.8352013794936,-0.0010796137121,-0.2720466376427,-0.0244856564777,0.5278457848346,0.0295885699070,0.1534442408366,-0.1240417252924,-0.1297146882545,0.3696955078806,0.1401205717313
0.3971200118673,0.6235199709657,0.4993040064731,0.6913240380230,0.1039579797970,0.2197367771076,0.3866609056058,0.2933200213701,0.4468948055431,0.4834543445141,0.2176173506864,0.4881046270350,0.1394387042178,0.5729190677225,0.5885913926999,0.4531884943071,0.2492034666169,0.4456616206851,0.4515701914804,0.6015508527152,0.2609024017933,0.1939056927710,0.4416653190446,0.4404941398287,0.2277804366740,1.0000000000000,0.6423795931483,0.4972441100782,0.1343333032090,0.5186205384892,0.3749275065734,0.4862714189459,0.2308381848153,0.5062920678097,0.5997660275881,0.1370792616599,0.2452309076499,-0.1615889630473,0.6563382204843,0.0593191274301,0.1920623729284,-0.0509639328705,-0.1096961296411,-0.1311383313463,0.4115210676082,-0.0740982354970,-0.0688889263783,0.0726293737363,0.2751109300003,0.1113964877167,0.2975479348204,0.3225882314180,-0.0464076464016,-0.0978991347016,-0.0514074603773,0.1823910682247,-0.1559555058733,0.4245305895985,-0.0346362418553,0.2037947688127,0.2860682553434,-0.1766464541237,0.3356977479845,-0.1716015516362,-0.1295037658096,-0.3274180017704,0.1435675720163,0.1703697352347,0.0459749834899,0.3611373806071
0.5224888602774,0.6568635110557,0.7152843667633,0.7933806809184,0.1805809327897,0.0229523143979,0.3414930692958,0.4052926977750,0.3607561560759,0.3105206512987,0.3850431891150,0.3840787724185,0.2443874202331,0.1397662096585,0.5962944583869,0.2872598330047,0.3559269936891,0.6247450466131,0.2113504838471,0.7155295844550,0.4311696229101,0.2731773647705,0.2917614038631,0.6698278973542,0.3655728707739,0.6423795931483,1.0000000000000,0.6482738197181,0.4796598379430,0.6100975246852,0.6730792269532,0.4300850595218,0.1708002987250,0.4694655016092,0.7086168543998,0.0374362053389,0.3827888449924,-0.0963305624577,0.5647867838313,0.0984981650675,0.1380141009091,-0.1510711681747,0.0328587527193,-0.3097351097163,0.3452776735505,-0.0658535508742,-0.3845823167780,0.0895255701533,-0.1646689489365,-0.1074561466039,0.1327851853512,0.3480900399100,0.1114645395646,-0.3990611154119,-0.0227070563252,0.2680439683013,-0.1537566482259,0.3417536975622,0.0496791790887,0.2135368623833,0.1596443869498,-0.0061176277394,0.5205721024398,0.0402457088950,-0.3343879536611,-0.1274716264604,0.0753659763517,0.0360076107847,-0.0668889235390,0.1794413069486
0.2902656854252,0.3806689513151,0.7866501916283,0.4574405672653,-0.0659486891744,0.2951074839628,0.2610141537622,0.3966457709384,0.4290972187541,0.2224365266153,0.2731882353367,0.3236470597521,-0.0284360262956,0.2307853080730,0.5470712073276,0.3065933878970,0.2302596350733,0.2996843764694,0.3280533965719,0.3567421015681,0.0688083949503,0.2354010954447,-0.0245669296213,0.5882817085981,0.1021082640143,0.4972441100782,0.6482738197181,1.0000000000000,0.3654515571718,0.3638305586011,0.3626330657446,0.2500057173731,0.3045380077329,0.1499417833454,0.2824403673149,-0.1832070753823,0.1520410259039,0.3785798699820,0.1799273449339,-0.1114607779375,0.1885308410182,-0.0495534359089,0.0097541585377,-0.0694838933455,0.1248665133809,-0.0717093598373,-0.2782783557001,-0.0919446619816,0.1288070267546,-0.0980133200475,0.1584570609341,0.2319150317805,-0.1899985315578,-0.2502218299241,-0.2993797840643,-0.0058221303829,0.1406613132667,-0.0673836327434,0.4617564016805,-0.1210127094590,0.2368604678619,0.0917956764401,0.8686888817208,0.1214269159752,-0.4305515801852,-0.1622697770710,-0.0307819069371,0.0708691614229,-0.1876313363700,-0.1404671585498
0.3048125257259,0.2838296578320,0.3922946372742,0.4613727356833,0.5685427615009,-0.1745686295413,0.1642215455175,0.5443382635965,0.0062978787406,0.3675881603237,0.5879865220133,0.0384904205674,0.5063156444509,-0.2316036515891,0.2596468414645,0.0628223894752,0.5441846286441,0.3609511927656,-0.0878453225468,0.1517612639656,0.5974953140299,0.5399431349074,0.1798963963346,0.5642648845208,0.7571401902131,0.1343333032090,0.4796598379430,0.3654515571718,1.0000000000000,0.2869270755640,0.6927491711578,0.1854985726895,-0.0058407470286,0.2550411406046,0.3817922585542,-0.0525253753756,0.1899837137156,0.0102224314167,0.1573958871199,0.4604659718775,-0.1816638685836,-0.1055567578418,0.2336285075671,-0.3626681992954,0.3560558255972,0.4025383200950,-0.5389367752892,0.4242334732639,-0.2156793302230,-0.2533435944256,0.0150367808920,0.4659916586973,-0.1227177555030,-0.5857877934775,-0.2750347082794,0.5464296760173,0.3250822508163,0.1853084206649,0.2628838480288,0.5763232438014,0.0249508637894,-0.1433059451234,0.2706484436146,0.7594865044699,-0.2473024879464,0.2179180706530,-0.1112428092018,-0.1138805355180,0.1499746488950,-0.0377947170162
0.5963885545582,0.6179384557774,0.3350857591452,0.6629144906951,0.2184232469492,0.1826373084887,0.5024889525097,0.1980270856867,0.5361674105710,0.3350959534465,0.4767592264935,0.4651527905254,0.3590438159526,0.3099960476280,0.7490581617576,0.5273876855771,0.3180175221157,0.5601546883514,0.4338105902020,0.7051428396120,0.4313790791439,0.4398592914673,0.4488810340233,0.5053269996324,0.3415501452115,0.5186205384892,0.6100975246852,0.3638305586011,0.2869270755640,1.0000000000000,0.6018425791290,0.6259507306213,0.3223614608704,0.7402644147300,0.7281209821120,0.2488589642126,0.3664669617701,-0.1843925479416,0.4841231690848,0.2021063476488,0.3082783880536,-0.0278938380943,-0.1181920139824,-0.3633358176483,0.3203725538677,-0.0014677635819,-0.1485260130759,0.2951076364831,-0.0622337087733,-0.0311297482522,0.3257211483756,0.2658380865402,0.0433522189206,-0.3163610580175,-0.1124177561360,0.3008767514582,0.0395184464815,0.4068764826046,0.0165539991844,0.2600565474825,-0.1498029843968,-0.2936824109217,0.3087838818694,-0.0116213392437,0.2364241208778,-0.0848131542124,0.1257025866746,0.2546889572991,0.2923792502253,0.4339286565580
0.5808609663361,0.6290361145044,0.5635026068022,0.6916565108342,0.4029609669959,-0.1712597909668,0.1918313740718,0.6035241771074,0.1009150447247,0.4225551638265,0.4698664710453,0.1597050886025,0.4049897157427,-0.1177040462895,0.4426205649316,0.1227782015003,0.6321862186511,0.6712604025457,0.0159968481805,0.4659490843994,0.6057556732530,0.6894095193092,0.4378176878935,0.7736362887217,0.6385015903813,0.3749275065734,0.6730792269532,0.3626330657446,0.6927491711578,0.6018425791290,1.0000000000000,0.2859699818421,0.0885402778059,0.5437160665899,0.7229824298533,0.2260895105062,0.4473394967655,-0.1488974725394,0.4300787558421,0.2959181976076,-0.1442591964105,-0.2388929144302,0.1439746863882,-0.4280506968882,0.4209361626450,0.1631750086768,-0.5484643677584,0.3088386034076,-0.2791422846891,-0.0745634389471,0.0646589440275,0.5883704613942,0.1524106557445,-0.5560324072941,-0.0552886305658,0.4940506951802,0.2214149984717,0.4111314222651,0.1839703670736,0.5294272478402,0.0538932101744,-0.1967058237131,0.2107630318643,0.3338153147268,0.0016747939805,0.1540688838321,-0.0981619877920,-0.0780303269139,0.3236951263494,0.2616627096014
0.2547759324402,0.3455148857286,0.1200358952463,0.5038394848001,0.1970927761103,0.2760862999982,0.5025735229323,0.0896087542861,0.4718371956930,0.3532135962503,0.3342568290251,0.5292319277206,0.3126142270694,0.5355982047875,0.5375770044160,0.5389460214353,0.0530689909321,0.4659067823006,0.5895539093407,0.6653540691663,0.2550155451165,0.1885425620708,0.4699915148610,0.2942840313126,0.2538070889774,0.4862714189459,0.4300850595218,0.2500057173731,0.1854985726895,0.6259507306213,0.2859699818421,1.0000000000000,0.1798396995574,0.5049022922367,0.4605712123196,0.0596462169963,-0.0378415902242,-0.3886824351082,0.3363182763182,0.1774129124539,0.2901718867326,-0.0336344582802,-0.2147894223271,-0.2352732147601,0.2106286833503,-0.0168443730399,0.1397616132828,0.2217359623026,0.0695812196743,0.1049582147794,0.2991113618719,0.0621396217893,0.0736280713941,-0.1160156038257,-0.0058974995428,0.2117353183739,-0.0509713696582,0.3318524432295,-0.0988938851642,0.1946185491463,-0.3961023827281,-0.4503279741674,0.2142608960666,-0.0183275065793,0.0269204623734,-0.3133798176927,0.4987304266467,0.1966834365795,0.0473543450894,0.3054683791948
0.0244574939543,0.1671330669672,0.2280193799648,0.1305294218037,-0.1049548629506,0.4997017433496,0.2328292454552,0.1597986806679,0.4322807864869,0.0765886973805,0.2083729176420,0.1959984322498,-0.0417659916852,0.2633315514750,0.2724460571066,0.2916396155159,0.0288679833480,-0.0620812457420,0.2597814878229,0.0549619333784,-0.0228688684206,0.0692184799657,-0.0573004334788,0.0272808912662,0.0143101693409,0.2308381848153,0.1708002987250,0.3045380077329,-0.0058407470286,0.3223614608704,0.0885402778059,0.1798396995574,1.0000000000000,0.1321130798091,0.1352452905381,-0.0738703671576,0.1114965795931,0.2030774975696,0.0912789576163,0.0007865686409,0.3101502809931,0.1234040893021,-0.0517750955008,0.0149378827803,0.1111605327578,-0.0124550874823,-0.0494570174717,-0.0175334609866,0.1961682751417,-0.1602391852847,0.1813093217592,-0.0369450174199,-0.2572849152608,-0.1929647078174,-0.3257076816368,-0.0372750833384,0.0007017876429,-0.0174410727734,0.0677751004061,-0.0238474437010,0.0704885830722,0.0383091154335,0.2765537790252,-0.0091744383518,-0.0294111998122,-0.0694038471673,-0.0852236313677,0.2118169011474,-0.0440842491717,0.0435649189630
0.4192930387390,0.6597940582583,0.1829877621950,0.6534633000820,0.3909874853485,0.1462228463577,0.3903039098939,0.0673556015669,0.2697242585708,0.3893742815563,0.3614090579971,0.4300908038748,0.4644882741348,0.2627017977701,0.4539486574615,0.4526760239404,0.3792429511674,0.5776020271420,0.2568403628728,0.6012258287171,0.5062529678847,0.5385071064087,0.6903828213600,0.5120836896807,0.4470417911634,0.5062920678097,0.4694655016092,0.1499417833454,0.2550411406046,0.7402644147300,0.5437160665899,0.5049022922367,0.1321130798091,1.0000000000000,0.7560105560879,0.2551342630526,0.4696470310393,-0.3795896282598,0.5435107642673,0.3055621244184,0.1821688943388,-0.1005414237259,-0.2059990170170,-0.3319852995107,0.4031801519816,0.0112430882833,-0.1056522705972,0.3797674454479,-0.0614613192690,-0.0149759773975,0.2597719717697,0.3512119941323,0.1555755193601,-0.2162582567894,0.0976121071086,0.4166859071125,0.0745535022052,0.6552015335183,-0.0452832192866,0.4212293529809,-0.1567672885759,-0.4284808783643,0.1084757396088,-0.0589036160353,0.3164448619904,-0.1449118457424,0.1382217930827,0.0745496561953,0.6140851931803,0.6311935009408
0.5772203579428,0.7999295834648,0.4347082553179,0.7867776671826,0.3222079665768,-0.0460703472881,0.2897958000317,0.2690091959463,0.2101294727190,0.4388010430904,0.3015671494904,0.3491141469849,0.3516924249101,0.1144329450611,0.5029091364464,0.3296356276590,0.5356200550463,0.6528360309900,0.1110206461734,0.6539431766975,0.5234935116907,0.5152229199962,0.5918761353921,0.6673905054141,0.4596138844983,0.5997660275881,0.7086168543998,0.2824403673149,0.3817922585542,0.7281209821120,0.7229824298533,0.4605712123196,0.1352452905381,0.7560105560879,1.0000000000000,0.3159038773732,0.5735425799077,-0.3630672308803,0.6719763412083,0.2111745054742,0.0861889128152,-0.1873563040993,-0.0079378169080,-0.3817933851505,0.4525306008885,-0.0419763711742,-0.3106162080335,0.2285902387011,-0.2486828268120,-0.0341373395165,0.2417613177723,0.5582875409359,0.2715974866251,-0.3855419513808,0.0927766505886,0.3803601895549,0.0498674917062,0.6260565618643,0.0281547473726,0.4205211843512,0.0803032961163,-0.2432614480868,0.1696100587587,-0.0203127703364,0.1151407418959,-0.0013711422900,0.1271114515723,0.0423420858830,0.3784464431666,0.6492688996659
