1.0000000000000,0.4306504380221,0.4887831745368,0.3301975897905,-0.1521014340431,0.4170891362934,0.1240051416008,0.6231066706912,0.4922934080352,0.2436656729639,-0.0053601072950,0.1068475649210,-0.1347107484850,0.3521560133006,0.7397328266015,0.3306446907554,0.1304284869261,0.5666851493838,0.6155543228193,0.7185614864712,-0.0866963463253,0.1639056117129,0.3889329479046,0.3912244640047,0.1414754570866,0.5309733328160,0.4337718904012,0.6302095078949,0.0862527667306,0.7507295755128,0.6405004502513,0.5636730229744,-0.0933866051711,0.5491730428144,0.4741669821546,0.4425418824463,0.3178538776407,0.0423155338355,0.2649742601138,-0.2134018166201,0.3511515163182,-0.1398245585782,0.2750104384589,-0.1049355473902,0.1923193091918,-0.3422649526049,0.1954337037691,-0.2613497299499,0.2693823046010,0.0727721964363,0.2755780529927,0.1637562171991,0.0205314201010,-0.2835850728895,0.0287739114122,-0.1233595401133,-0.0556478937962,0.1448378614287,-0.0225350584504,0.0008151823076,0.3622082153459,-0.0997450170062,0.5320483942329,-0.2096613410747,0.0722453452778,-0.0040937522554,0.0732472137634,-0.1080770089713,0.1742827097233,0.1683118705259
0.4306504380221,1.0000000000000,0.2028128286004,0.6379217703880,-0.0375275235082,0.3740492446506,0.1171906052451,0.3882008305217,0.2884516670847,0.2580221283682,-0.0410028175325,0.2460476182075,0.0132301280977,0.3378601828238,0.3634036402001,0.3712715644020,0.3105478996467,0.4519349438846,0.2977758928704,0.4248980273541,0.0386378819336,0.3641483357964,0.5397956126850,0.4095270147077,0.1680330196138,0.6682972655821,0.5053876210381,0.4802011537594,0.1687972422629,0.4638572488497,0.6375816001723,0.3436642498816,-0.1391888782351,0.6100576667536,0.8199696395960,0.2818514367969,0.7985041120876,-0.1118417479259,0.5859512537375,-0.1090059775419,0.2388402241855,-0.1901188083694,0.1392030402221,-0.2223937753369,0.2593780690338,-0.3080258578895,0.2671769358438,-0.0769558511677,0.1693169752312,-0.1839163640283,0.3248269945573,0.2835194433139,0.1377672163267,-0.3291551681868,-0.1178051453040,0.0585452527124,0.0767460595764,0.4926785040204,0.0980576449262,0.1927646802813,0.5439788352463,0.0663844924520,0.4227707463557,-0.0654084190061,0.0254740829221,0.2333071379328,0.0655118629536,-0.2447828651705,0.4453961661676,0.6241845015530
0.4887831745368,0.2028128286004,1.0000000000000,0.4366695437682,-0.0015854398149,0.2675077409359,-0.1749811495963,0.6213870183839,0.2656754756753,0.4211752997275,-0.1661102897459,0.0158998450430,-0.1630753545341,0.3004725822454,0.3361440366561,0.0377158395315,0.1977527890300,0.6710383025909,0.5369984144415,0.5870588713261,-0.0651267717628,0.2286893059966,0.5038881458193,0.5489099399052,0.3189717892252,0.4131967940011,0.4720131363515,0.7678992300186,0.2411359271738,0.2315980009729,0.4602073374694,0.5306584116870,-0.1805066825272,0.2236032486591,0.2894065743743,-0.0213269145714,0.2810501896583,0.4712158804617,0.3232470360454,-0.1200231077658,0.2061766638625,-0.3348418148096,0.2939637876235,-0.3070004683627,0.1975079550987,-0.3457766163248,0.0032638960556,-0.2736604749668,0.2864473962841,-0.1943719798753,0.0127361199352,0.1812077667062,0.1904525008217,-0.2139561189313,-0.0218512784869,-0.0904284624170,-0.0178597062836,0.3212481151024,0.1637614251036,0.0623853265781,0.3070036652124,0.0148826344069,0.5798131844104,0.0131957521106,-0.2189803265785,-0.0858430490420,-0.0311237227739,-0.1830380802305,-0.0130405345570,-0.0108791563490
0.3301975897905,0.6379217703880,0.4366695437682,1.0000000000000,0.1835625778586,0.2797987265132,0.0774295969981,0.3533899855992,0.2946437910343,0.4644705659971,0.0128982691663,0.1729277291661,0.1213422045454,0.3833256198356,0.1972060486489,0.2700341509620,0.3334747589614,0.4614194507345,0.3572894112784,0.4454586505564,0.2222872806474,0.3506908346641,0.6465688392373,0.4579467023430,0.3803683452503,0.6566746161891,0.4641923741165,0.5240782653654,0.3145385168330,0.2529148385429,0.4215390325389,0.4224249538583,-0.1907032319726,0.3649870399303,0.6082654410065,0.1599471311091,0.6834338562508,0.2848352021166,0.8743382991696,0.0593894373359,0.1765417001815,-0.1226407623648,0.2310770481541,-0.1648659854112,0.4564814708009,-0.1035198885366,0.3491465069637,0.0571082267140,0.2824256717494,-0.1769095941830,0.3006279178495,0.3422205087638,0.3998694069911,-0.1557650697605,0.0533624097144,0.2387481726936,0.1585861494301,0.5732675391493,0.3008262646518,0.3867063489987,0.5797774803617,0.2997249228500,0.6122297302893,0.1670732041100,-0.1307706273645,0.1530142493906,0.0504708014096,-0.2091686141862,0.2373871617575,0.5307257318923
-0.1521014340431,-0.0375275235082,-0.0015854398149,0.1835625778586,1.0000000000000,-0.1390691972801,0.0711467644488,-0.1015327146273,-0.2318488192062,0.1854606654459,0.4377795667323,-0.2793296366560,0.7846674144186,-0.1715340475902,-0.3451721032244,0.1486359720835,0.4679064869884,-0.0589220844144,-0.1898937440686,-0.0973469637919,0.8488923793729,0.4343347637393,0.0976669635400,0.2144157193264,0.5614001225265,-0.1482203322611,0.0150688422984,-0.0332283973455,0.5947577677719,-0.1527577076756,-0.0729500666649,0.0065644142007,-0.1707280090659,0.0941317838387,-0.1149704249378,-0.1935468810306,-0.1209365053085,-0.0720397173553,0.1061125299392,0.9204343259111,-0.1302049120959,0.0055861555535,-0.2741223899929,-0.1762049699582,0.3275040741866,0.3546304861398,-0.2365344850468,0.7533400386934,-0.1980954204248,-0.2961305702442,-0.0863214713426,0.4343861530448,-0.1163118516055,-0.1589339417585,-0.1513108423572,0.8099143386490,0.3067845583522,0.0826304512771,0.1957856714980,0.6971773558793,-0.2312818605070,-0.0626731206809,-0.0940501602356,0.6240361407864,-0.1187898658538,-0.0186461541217,-0.0881256182610,-0.1045107830724,-0.0037184674496,-0.1895517877548
0.4170891362934,0.3740492446506,0.2675077409359,0.2797987265132,-0.1390691972801,1.0000000000000,0.3467526058826,0.6026417183623,0.5274036409911,0.1868810994968,0.0970412521502,0.2261577936158,0.0124082559890,0.3450858562977,0.4729368667229,0.3796825954818,0.1198692955148,0.2442424383544,0.3557696025173,0.3081688644812,-0.0045995533764,0.1287979325794,0.3585713873395,0.1540808650902,0.0974891341475,0.4652913442760,0.4835771745195,0.3290040197640,0.2213369054387,0.3527522115537,0.5517058458837,0.3301899194370,0.1784034044697,0.3581106278759,0.4496444171245,-0.0827701936265,0.2356204918631,-0.0856381698840,0.2108910756442,-0.2213401236738,0.5882977458102,0.0407460154007,0.2843601293569,-0.1051847923922,0.1978751364179,-0.3883716669072,0.2103647531452,-0.1080927603731,0.2899956734210,-0.2122548434069,0.2200405824107,0.1049319168367,-0.2578578906574,-0.3579752611461,-0.3340946611317,-0.0490415394388,-0.1785172367332,0.1791510577285,-0.2176354783982,0.0536435379241,0.3327279630648,-0.1633538218270,0.1910691550251,-0.0320573587935,-0.1701937628039,-0.0330641013082,0.1090152078196,0.0143099842975,0.1498319390081,0.1485640011083
0.1240051416008,0.1171906052451,-0.1749811495963,0.0774295969981,0.0711467644488,0.3467526058826,1.0000000000000,0.1880507608006,0.5683503041519,-0.0136787886450,0.6250053655158,0.1819123647774,0.4568986033520,0.2382349948464,0.2167507092236,0.5602937011511,-0.1129767185788,-0.0750729388326,0.1367860402044,0.0438559765989,0.1868613763151,0.0416603202308,-0.0913356116280,-0.2234555138308,0.1162171905601,0.1282989707004,0.2312760791834,-0.1284223037188,0.3444926844845,0.1764725665775,0.1280259292017,0.1096875809480,0.1836351620275,0.0546241686501,0.1346820820969,0.0083606039918,-0.0606602549386,-0.3045952998253,0.0066155586317,0.0891797270892,0.4025946324159,0.7138164548780,-0.1334094441204,0.2972847861271,0.1013289076398,0.2796714159654,0.2832618401431,0.3474663194605,0.0213677140583,-0.0198144937125,0.3709649429523,-0.1414739578195,-0.2894375554917,-0.1280301162097,-0.1975662346108,0.1175200482724,-0.1589507329722,-0.2272817243334,-0.3316337695340,0.2259423817246,-0.0489145095276,-0.0811027153256,-0.1507611356181,0.2070944688244,0.0177912501755,-0.1391292144136,0.1088862731895,0.1940793778973,0.0176747769954,0.0721738226095
0.6231066706912,0.3882008305217,0.6213870183839,0.3533899855992,-0.1015327146273,0.6026417183623,0.1880507608006,1.0000000000000,0.4680987452931,0.4967015833455,0.0907761273359,0.0331562057050,-0.0066917352885,0.3476895499682,0.5722861635674,0.4237673457245,0.1167461728476,0.5043474189447,0.4871438665450,0.4851681739184,-0.0224829663836,0.1573698858364,0.4887152122352,0.2705128613203,0.4222940410115,0.5284284227278,0.5375197712133,0.5525011865039,0.3601235185866,0.4300450933288,0.6879708194047,0.6030518868506,-0.1653150741192,0.3847820017513,0.4488990332683,0.0349025887855,0.2892754380987,0.0808620417152,0.2307044154363,-0.1986455004573,0.3860480186305,-0.2113050082188,0.4915070423825,-0.3272024781322,0.3737186901236,-0.4136799344991,0.0282639247665,-0.1819526770480,0.2841075455526,-0.2130013353479,0.2711911200344,0.0533338882758,-0.2250025617959,-0.4335359106048,-0.2993329379252,-0.0828393126969,-0.2492663764160,0.1859593969868,-0.2768346012111,0.1989615179590,0.3462428389179,-0.2008870744442,0.3734398108880,-0.0132913682929,-0.2486603091742,-0.2181768127742,0.0994616020001,-0.2506049333640,0.0391478429419,0.0286196974945
0.4922934080352,0.2884516670847,0.2656754756753,0.2946437910343,-0.2318488192062,0.5274036409911,0.5683503041519,0.4680987452931,1.0000000000000,0.0957473596840,0.2018395615347,0.4265814101803,-0.0546875455888,0.5729079464177,0.5788426437941,0.4761505779807,-0.0926938778488,0.2580662939934,0.4971421061308,0.3914890236742,-0.1269029736285,0.0490502730649,0.2068901464168,0.0744052380853,-0.0288489764860,0.5201116017005,0.5418882949735,0.3435825911851,0.1950571521114,0.4442127958027,0.4854952788357,0.3965604317679,0.2526904492930,0.2477096828111,0.4438380049971,0.1573244513835,0.1852553584502,0.0422997412931,0.2676055876500,-0.2574253836808,0.5713170830344,0.3273109963303,0.2779666972861,0.2718011954520,0.0361893525513,-0.1758683091059,0.5172362258900,-0.1569541932720,0.3978963486902,0.0498183175064,0.3205098157514,-0.0650714238077,-0.0588876730084,-0.1139036117903,-0.1670588516554,-0.1346166982117,-0.1836560040674,-0.0452972232502,-0.1839831241667,-0.0974764354807,0.3615344448211,0.0564551392111,0.2655940895171,-0.0264567460325,-0.0655504171224,0.0867571981672,-0.0337432946184,0.1706202390607,0.0742933750638,0.2745401582998
0.2436656729639,0.2580221283682,0.4211752997275,0.4644705659971,0.1854606654459,0.1868810994968,-0.0136787886450,0.4967015833455,0.0957473596840,1.0000000000000,0.0061917674984,-0.1339692243854,0.2438487558621,0.2919086739187,0.1888795796176,0.4209738439002,0.1467901691057,0.3583736606164,0.1666004514971,0.1920383756062,0.2287328450568,0.0624176264991,0.4312771202102,0.2473322368101,0.6548672153494,0.3781020955640,0.1847503502147,0.4142157761319,0.1017473031749,0.1187265889814,0.1823790419639,0.5137283796749,-0.1804783932142,0.2458923860525,0.2617804844548,-0.0391966178108,0.2601953607117,0.0722724050129,0.3881295045604,0.0928544350055,0.0420259376163,-0.2315833829946,0.1548663535633,-0.3851662055612,0.8546203706436,-0.1726520979179,-0.0801422398878,0.1427244047644,0.2979187354198,-0.1764707515676,0.2398459213160,0.1692579478600,-0.0980782778765,-0.3725798592842,-0.2373446195342,0.1595830468515,-0.0078884036380,0.2737298216245,-0.0112335173998,0.4339039077242,0.3492692739749,-0.2220470598804,0.2932660366783,-0.0937197341431,-0.2518460370617,-0.3119167972037,0.0402299606535,-0.1610281146943,0.0644505954243,0.0548385999845
-0.0053601072950,-0.0410028175325,-0.1661102897459,0.0128982691663,0.4377795667323,0.0970412521502,0.6250053655158,0.0907761273359,0.2018395615347,0.0061917674984,1.0000000000000,-0.1734127544364,0.6792664583515,-0.0355590406476,-0.0669910725432,0.2472272641024,0.0592199096960,-0.0716640944279,0.0102832130651,0.0350393731297,0.6125470786068,0.2923808676424,-0.1102179598188,-0.1009841484111,0.2178322183114,-0.1011455823955,0.0894963693858,-0.2107119251106,0.5370477137175,0.0656841920383,0.1034595532049,0.1043152898135,-0.0792998455704,0.1355819791407,-0.0329324840616,-0.2074513818084,-0.2215078073765,-0.3206336072612,-0.0980286552830,0.4653050974911,0.0762554837183,0.4691620139780,-0.2979309231706,0.0086016667288,0.1277865323596,0.6190275714648,-0.1106145120725,0.6386054172558,-0.1627417345788,-0.2155484971084,-0.0262444401840,-0.0051610033707,-0.3487912663324,-0.1560472759578,-0.1231624220379,0.5449430654990,0.0926926935685,-0.2063446333057,-0.1840137036855,0.3756582552357,-0.2856235984136,-0.1456691998496,-0.2606042276133,0.4585693501903,-0.0195629119798,-0.1075002539145,0.1262760657147,-0.0385799179555,0.0512518387653,-0.1419167742551
0.1068475649210,0.2460476182075,0.0158998450430,0.1729277291661,-0.2793296366560,0.2261577936158,0.1819123647774,0.0331562057050,0.4265814101803,-0.1339692243854,-0.1734127544364,1.0000000000000,-0.2349406459915,0.5630163480389,0.3652026670339,0.1776437184747,-0.1054558678594,-0.0088558071788,0.3389905464297,0.1904379597533,-0.2331996959958,-0.0441255117105,0.0013148548007,-0.0305571677242,-0.1893133765789,0.2450081480533,0.2979760036804,0.1414112488321,-0.1785284247675,0.2883402291239,0.1342689416000,0.1393872340302,0.3943398572132,0.1429504933339,0.3473704810878,0.2428396284622,0.2300387021409,-0.0499883417537,0.2779181370916,-0.3130288176720,0.2625840207141,0.2508209986612,0.1121607581088,0.4240476813258,-0.1133385804348,-0.1019790673170,0.7458044477956,-0.1997855830187,0.3856395936939,0.3607116147231,0.2732075962673,-0.0824263890471,0.0787762141350,0.3624904026657,0.1702671976641,-0.2162515098910,-0.0608955975681,0.0036431043874,-0.0478446185979,-0.1977660495136,0.2690925179684,0.2397303868036,0.0564106862965,-0.1748591115718,0.3669078900143,0.1871645914937,0.2416690920129,0.2888115350174,0.3643684432830,0.4955551909320
-0.1347107484850,0.0132301280977,-0.1630753545341,0.1213422045454,0.7846674144186,0.0124082559890,0.4568986033520,-0.0066917352885,-0.0546875455888,0.2438487558621,0.6792664583515,-0.2349406459915,1.0000000000000,-0.1583239278487,-0.2451559260257,0.4005875394200,0.1876339143415,-0.1366805600754,-0.1253652921300,-0.0970218696189,0.8480674400793,0.2825103364355,-0.0537292752551,-0.0621867035870,0.5122897139362,-0.1355835264279,0.0757663932859,-0.2164387153587,0.5869289506097,-0.0998434193716,-0.0708009692590,0.0584757089758,-0.1404273128025,0.1204071413955,-0.0567542058910,-0.2415618322268,-0.1577406950890,-0.3175273950447,0.0240075844425,0.7785457742289,-0.0407598908511,0.2888300417228,-0.3302140203113,-0.1044695182723,0.4361210130925,0.4391000308395,-0.2042507399639,0.9195396773438,-0.2412725585649,-0.3178604923835,0.0534930475707,0.1503700746229,-0.3223328318473,-0.2269566705681,-0.2404063919930,0.7752875609839,0.1298471028663,-0.0914896376650,-0.1078416395421,0.6587263488931,-0.2771996150699,-0.0998657055222,-0.2818349861357,0.5707630039452,-0.1089419385012,-0.1535122640137,0.0461816095302,-0.0936827149408,0.0832709754451,-0.1673813950789
0.3521560133006,0.3378601828238,0.3004725822454,0.3833256198356,-0.1715340475902,0.3450858562977,0.2382349948464,0.3476895499682,0.5729079464177,0.2919086739187,-0.0355590406476,0.5630163480389,-0.1583239278487,1.0000000000000,0.5685496217850,0.3025308639799,0.1427986800392,0.2124627440197,0.4695735179393,0.3309621813447,-0.1481866381012,0.1251023628662,0.2689238071986,0.2535229344461,0.1186704776113,0.6026037221720,0.3745668501655,0.5471254052187,0.0040072694310,0.4657490103716,0.3399649998820,0.5244344143758,0.2173013243941,0.2779441829706,0.4266337011525,0.2133145281402,0.2970108463791,0.0723330879870,0.4040609353104,-0.2556244585199,0.3711968228765,0.1379151690413,0.1471808475707,0.1611311237118,0.1863501201161,-0.1412818622754,0.6180986367856,-0.2476648045837,0.7394638772065,0.2315585828517,0.2696216243829,0.1747261001879,0.0108335893441,-0.0074208542123,-0.0748206772864,-0.1632031735649,0.0690291611597,0.1611546100149,0.0980569817585,-0.0226931145953,0.4918510347648,-0.0943568347751,0.4040727272722,-0.1794945689852,0.1484962954507,0.0773366074735,0.1238628179052,0.2287019386098,0.1963899357305,0.3931887181760
0.7397328266015,0.3634036402001,0.3361440366561,0.1972060486489,-0.3451721032244,0.4729368667229,0.2167507092236,0.5722861635674,0.5788426437941,0.1888795796176,-0.0669910725432,0.3652026670339,-0.2451559260257,0.5685496217850,1.0000000000000,0.3626415762453,-0.0410294376436,0.3838813953009,0.6057807743082,0.5830808417259,-0.2670684332772,0.0117988565855,0.1697519275242,0.1519858383816,0.0503761321455,0.4409594852623,0.3646009053868,0.4651323118682,-0.1244534041193,0.7766133087792,0.5040566590057,0.5295882523064,0.1073801399607,0.4551192183579,0.3759570285609,0.4442499740404,0.2186397689413,-0.0343940067888,0.2173699154169,-0.3908977905305,0.3934164504546,0.0027826946743,0.2666435682115,0.1096738246175,0.1530989115017,-0.3523174342269,0.3391882452597,-0.3446268651741,0.4601786001844,0.3471490497062,0.2277854033747,-0.0643261914275,-0.0883131368657,-0.0530443165552,0.0892013901812,-0.3065838707849,-0.1833296621848,0.0179999316773,-0.2006150416605,-0.0881398155401,0.2995388299655,-0.1184679114125,0.3125853721796,-0.3470123342117,0.2450882261401,-0.1307969673296,0.2777619406862,0.1086471318786,0.2698239569016,0.2041077149410
0.3306446907554,0.3712715644020,0.0377158395315,0.2700341509620,0.1486359720835,0.3796825954818,0.5602937011511,0.4237673457245,0.4761505779807,0.4209738439002,0.2472272641024,0.1776437184747,0.4005875394200,0.3025308639799,0.3626415762453,1.0000000000000,0.0625743821968,0.0565864606568,0.1394925742941,0.1520906314132,0.2051269514028,0.0712547507926,0.2324062292857,-0.0158810995407,0.4431398336594,0.3613237434920,0.3316867015024,0.1776448365174,0.2462340227730,0.3513289522916,0.2976510074841,0.3046456757597,0.0991845584552,0.3395481702970,0.3764783404162,0.1918772349967,0.2271535690425,-0.2216785511884,0.2539371787508,0.0811771671880,0.3040797570921,0.2703490095118,0.1108224736773,0.0921728112308,0.4985129023758,-0.0796342089520,0.2020110407403,0.2541653498233,0.1567275935332,0.0025353456421,0.6244768282357,0.0623612613871,-0.2958347616487,-0.2754819038327,-0.2957661418107,0.1242061719183,-0.1170051784829,0.0590152542840,-0.2682975320413,0.3913708064901,0.2585245045005,-0.1452765133714,0.1081717686638,0.0077040491649,0.0315019579756,-0.1297065757832,0.0434723152072,0.0119986050339,0.2345151001085,0.1918719994851
0.1304284869261,0.3105478996467,0.1977527890300,0.3334747589614,0.4679064869884,0.1198692955148,-0.1129767185788,0.1167461728476,-0.0926938778488,0.1467901691057,0.0592199096960,-0.1054558678594,0.1876339143415,0.1427986800392,-0.0410294376436,0.0625743821968,1.0000000000000,0.2094660958422,-0.0392763936338,0.1384810500174,0.3814744826107,0.6553423369353,0.5262505182418,0.6506212009827,0.3778744490172,0.2121865795562,0.2604273873023,0.4044016729790,0.4026392524604,0.1759000556500,0.3198567301515,0.1043884610002,-0.1097529967883,0.3301383637936,0.2343645305369,-0.0172410749054,0.3068819378979,-0.0195099044681,0.2446534411685,0.3738607726735,-0.0506527734005,-0.2464485867908,-0.1699443135106,-0.3800590266467,0.1401124959192,-0.0839724121155,-0.0993718085964,0.1589343268617,0.0862676959203,-0.2720513393238,-0.0837874560031,0.9189885196970,0.0204187859550,-0.2868839791551,-0.1775353873990,0.3664624606687,0.4848345357042,0.4896554215834,0.4768825445009,0.4275066251228,0.0953627233178,-0.1453866940398,0.2827859271421,0.2998799971558,-0.1046741995081,0.1469949631472,-0.0807855979073,-0.1718340011378,0.1347371628448,0.0726735977316
0.5666851493838,0.4519349438846,0.6710383025909,0.4614194507345,-0.0589220844144,0.2442424383544,-0.0750729388326,0.5043474189447,0.2580662939934,0.3583736606164,-0.0716640944279,-0.0088558071788,-0.1366805600754,0.2124627440197,0.3838813953009,0.0565864606568,0.2094660958422,1.0000000000000,0.5524573329453,0.7613108218266,0.0018495217486,0.2891090746084,0.3887540710983,0.6007336556216,0.1792912638256,0.4348007683382,0.5563980509251,0.6303823533700,0.1774926686373,0.3743961841271,0.5479225946681,0.4096708527335,-0.2080613610740,0.4184635281684,0.4834506423832,0.0878657375992,0.4020346944467,0.2392800456682,0.3212886369101,-0.1298311916325,0.1923894662017,-0.2959400176132,0.1355498270033,-0.3954608279993,0.2271072946668,-0.3139032468662,0.0819472350742,-0.2367051701640,0.1581025354394,-0.2597712660677,0.0336960445719,0.1836549406894,0.3655215890718,-0.2811565046269,0.0550235671277,-0.0217471362893,0.0282652038435,0.1721191909153,0.2057843106060,0.0500383706898,0.2646269459926,0.1226400367987,0.5161093569262,-0.0564451262671,-0.2452615027643,-0.0375779546385,-0.0516905666144,-0.2155389181221,0.0171026584176,0.1550872748055
0.6155543228193,0.2977758928704,0.5369984144415,0.3572894112784,-0.1898937440686,0.3557696025173,0.1367860402044,0.4871438665450,0.4971421061308,0.1666004514971,0.0102832130651,0.3389905464297,-0.1253652921300,0.4695735179393,0.6057807743082,0.1394925742941,-0.0392763936338,0.5524573329453,1.0000000000000,0.7606116055411,-0.0959736380079,0.0967807691581,0.1700532534749,0.2406807629715,-0.0381778053936,0.4289691558049,0.4556762502835,0.4942961266285,0.0564432197511,0.5000537886432,0.3908411893205,0.5724725988595,-0.0997123160577,0.3340151166738,0.4018069569174,0.1319857321295,0.1830664089746,0.1369844822564,0.2863839219509,-0.2441949048776,0.2834644830445,-0.0170423799857,0.2139581243345,-0.0354472306942,0.0964230164648,-0.1927617474909,0.3803589467267,-0.1981102153866,0.3728078160369,0.0262933222730,0.1852119503528,-0.0429725273682,0.1813190561820,0.0814823292891,0.2383228701172,-0.1063712499182,-0.0698473900793,0.0055745698795,-0.0267685477805,-0.1766855270328,0.2369498264802,0.1233386739539,0.3675072590771,-0.1009482414955,0.0527722876687,-0.0485738461471,0.2685844691233,-0.1338506788484,0.1625214062254,0.2053517127707
0.7185614864712,0.4248980273541,0.5870588713261,0.4454586505564,-0.0973469637919,0.3081688644812,0.0438559765989,0.4851681739184,0.3914890236742,0.1920383756062,0.0350393731297,0.1904379597533,-0.0970218696189,0.3309621813447,0.5830808417259,0.1520906314132,0.1384810500174,0.7613108218266,0.7606116055411,1.0000000000000,0.0276001111567,0.2875461652061,0.3352468958209,0.4571195541748,0.0668472296685,0.4361936932942,0.5320118817936,0.5825326025627,0.1630137439790,0.6093696572843,0.5510742045385,0.4990694745152,-0.1543035641750,0.4958693409672,0.4987628601020,0.2624033529042,0.3117659507777,0.1112821739397,0.3664244256448,-0.1710943737513,0.2248096217784,-0.1125550322856,0.1215321080389,-0.1269410355823,0.1382132444621,-0.1568305763130,0.2063800998284,-0.1696734294107,0.1801340750014,-0.0489963602002,0.1315136836692,0.1045457884258,0.2871528946174,-0.1323748077252,0.2837905482464,0.0137599942423,0.0746506331735,0.1773607562510,0.1261363316825,-0.0393754274029,0.1954650157294,0.1409876519783,0.4441087919981,-0.0435631129815,0.0675940574396,0.0424017406197,0.1499965000809,-0.1526416842872,0.3219934784318,0.2568453875939
-0.0866963463253,0.0386378819336,-0.0651267717628,0.2222872806474,0.8488923793729,-0.0045995533764,0.1868613763151,-0.0224829663836,-0.1269029736285,0.2287328450568,0.6125470786068,-0.2331996959958,0.8480674400793,-0.1481866381012,-0.2670684332772,0.2051269514028,0.3814744826107,0.0018495217486,-0.0959736380079,0.0276001111567,1.0000000000000,0.4559466811724,0.0947937208806,0.1609292342569,0.4529996251669,-0.0947492381202,0.0885118242258,-0.0794397788451,0.5703591655567,-0.0730398013367,0.0299403348994,0.0734411897785,-0.1696469668661,0.2164265417612,-0.0066513071221,-0.2257320900165,-0.0757557233387,-0.2135594402510,0.1495952634407,0.7687897369659,-0.1092538271853,0.1135966386529,-0.2835348723093,-0.2164339691026,0.3917628709581,0.4218884731275,-0.2141307110952,0.8371009929220,-0.1435077024859,-0.3749278671016,-0.0882654571765,0.3611049000981,-0.1631105808787,-0.2078904545113,-0.1461390451865,0.9130147812111,0.3257363877175,0.0444599290359,0.1275920996147,0.6075854358759,-0.2070068752555,-0.0383427955618,-0.1362068579233,0.5544076900256,-0.1500644458231,-0.0235269939921,0.0290389410509,-0.1605950471260,0.1161546032357,-0.1257834072904
0.1639056117129,0.3641483357964,0.2286893059966,0.3506908346641,0.4343347637393,0.1287979325794,0.0416603202308,0.1573698858364,0.0490502730649,0.0624176264991,0.2923808676424,-0.0441255117105,0.2825103364355,0.1251023628662,0.0117988565855,0.0712547507926,0.6553423369353,0.2891090746084,0.0967807691581,0.2875461652061,0.4559466811724,1.0000000000000,0.4334567792896,0.7432085876481,0.2160465106811,0.1599022129595,0.3090787618607,0.3452587533319,0.5854059202774,0.2814760416871,0.5296160905037,0.1161227351397,-0.1510017203318,0.4348190716100,0.3328579701588,0.0065366810978,0.3002552963092,-0.1102395156357,0.2345491870396,0.3769763569363,-0.0019975030179,-0.1527517721860,-0.2235190805913,-0.2608099829424,0.0671171417576,0.0695426888029,-0.0796736568899,0.2608391224789,-0.0265435413751,-0.3082367703414,-0.1210870503263,0.5979571424760,0.0136914127341,-0.2831113757682,-0.1217695199835,0.4485173692420,0.7105720982797,0.4109529121771,0.5582983763123,0.3566198539232,0.0079913915524,-0.0722563795140,0.2570087518153,0.4794724897441,0.0689568852216,0.4020415572673,0.0024079786147,-0.2301659659452,0.3167758154196,0.2250090598759
0.3889329479046,0.5397956126850,0.5038881458193,0.6465688392373,0.0976669635400,0.3585713873395,-0.0913356116280,0.4887152122352,0.2068901464168,0.4312771202102,-0.1102179598188,0.0013148548007,-0.0537292752551,0.2689238071986,0.1697519275242,0.2324062292857,0.5262505182418,0.3887540710983,0.1700532534749,0.3352468958209,0.0947937208806,0.4334567792896,1.0000000000000,0.6176859249274,0.3333216671388,0.6090920847938,0.4197038354204,0.6673692475557,0.2996755551875,0.2582458528717,0.6183707489574,0.3482888143140,-0.1228611802351,0.3934122048385,0.5462326655009,0.1185321036075,0.6025182276787,0.1592190805286,0.5405658199385,-0.0181323863331,0.1568306783615,-0.3365163673590,0.2481539158188,-0.3797551450989,0.3393332766917,-0.3895081475085,0.0647497847952,-0.1585378431530,0.1604460758897,-0.3119974545425,0.2022718037066,0.5535525082727,0.1011330259284,-0.4397502984913,-0.2206421279901,0.0775900184019,0.1782073878952,0.8283710000314,0.2873013768755,0.2810763756603,0.5046030480798,-0.0832306034731,0.6221219669682,0.0378735199067,-0.2634014877181,0.1798312640246,-0.1263628194010,-0.2486531835801,0.1730671688458,0.3121218893470
0.3912244640047,0.4095270147077,0.5489099399052,0.4579467023430,0.2144157193264,0.1540808650902,-0.2234555138308,0.2705128613203,0.0744052380853,0.2473322368101,-0.1009841484111,-0.0305571677242,-0.0621867035870,0.2535229344461,0.1519858383816,-0.0158810995407,0.6506212009827,0.6007336556216,0.2406807629715,0.4571195541748,0.1609292342569,0.7432085876481,0.6176859249274,1.0000000000000,0.1949227372465,0.3490087119353,0.3669205064380,0.6942982931528,0.3415382855126,0.3389084687174,0.5708852034826,0.2454938395619,-0.1632206783127,0.4247493054233,0.4091112213087,0.0922226880595,0.4414742531814,0.1705848701978,0.3433930665733,0.1231311925267,0.0792529574874,-0.3909785209855,-0.0177243892453,-0.3644837452118,0.1335272197956,-0.2537109902681,-0.0024312326723,-0.1180593769990,0.1740327630610,-0.2775769599306,-0.0452937100425,0.6553739278200,0.2524167335854,-0.3045698719910,-0.0965902446863,0.1609042009299,0.5403658850753,0.5208463854196,0.6693372794435,0.1785718667844,0.2520109410344,-0.0647191306973,0.5700524943269,0.1736827042639,-0.0840609243211,0.3048137969419,-0.1115094995915,-0.2298038931127,0.1441765422652,0.2299087329284
0.1414754570866,0.1680330196138,0.3189717892252,0.3803683452503,0.5614001225265,0.0974891341475,0.1162171905601,0.4222940410115,-0.0288489764860,0.6548672153494,0.2178322183114,-0.1893133765789,0.5122897139362,0.1186704776113,0.0503761321455,0.4431398336594,0.3778744490172,0.1792912638256,-0.0381778053936,0.0668472296685,0.4529996251669,0.2160465106811,0.3333216671388,0.1949227372465,1.0000000000000,0.1743598236480,0.2402267728210,0.2853372037751,0.4611533200773,0.0515920233117,0.1545615828582,0.3542417495697,-0.1906626094353,0.1858710982454,0.1351191686583,-0.0076025421076,0.1448205834256,0.0317177618509,0.2804337209057,0.4453548081387,0.0090442183331,-0.1055907887376,0.0312108575500,-0.2860160504334,0.6488671816792,0.0220077463215,-0.1911302686945,0.3756814303218,0.0365050192302,-0.1634490788007,0.1677407723648,0.2941999672226,-0.2270700479787,-0.3746499349104,-0.2885699505593,0.3512177422871,0.0204539490111,0.2152168376121,-0.0649082128366,0.8010318390262,0.1090085554447,-0.1724682854209,0.1461212018692,0.2572711603913,-0.1760588548478,-0.2799476361694,-0.0137510283626,-0.1081674512027,0.0341377418227,-0.0985583593774
0.5309733328160,0.6682972655821,0.4131967940011,0.6566746161891,-0.1482203322611,0.4652913442760,0.1282989707004,0.5284284227278,0.5201116017005,0.3781020955640,-0.1011455823955,0.2450081480533,-0.1355835264279,0.6026037221720,0.4409594852623,0.3613237434920,0.2121865795562,0.4348007683382,0.4289691558049,0.4361936932942,-0.0947492381202,0.1599022129595,0.6090920847938,0.3490087119353,0.1743598236480,1.0000000000000,0.6113753255357,0.6884830614510,0.1263695314448,0.3857699462217,0.5993156160921,0.4733706049197,-0.0337058959368,0.4248427775493,0.7688924174081,0.2582363867212,0.6627585608709,0.1504365304300,0.6403371814162,-0.2560153474244,0.3901996950631,-0.0953859411952,0.3558825783542,-0.1279447547889,0.3065251880422,-0.3742012814808,0.4205471899602,-0.2720098112213,0.4691894905842,-0.1283557712095,0.3706150328802,0.2594261179438,0.1316684130070,-0.3743172684200,-0.2356124530930,-0.0880907187587,-0.0281609896754,0.4196825790152,0.0640136828639,0.0585485961666,0.8364071452594,0.0500691395343,0.6586217226767,-0.1875927401039,-0.2195510328085,0.1641038147406,-0.1849849498003,-0.1070980354006,0.1722078300375,0.5425957184929
0.4337718904012,0.5053876210381,0.4720131363515,0.4641923741165,0.0150688422984,0.4835771745195,0.2312760791834,0.5375197712133,0.5418882949735,0.1847503502147,0.0894963693858,0.2979760036804,0.0757663932859,0.3745668501655,0.3646009053868,0.3316867015024,0.2604273873023,0.5563980509251,0.4556762502835,0.5320118817936,0.0885118242258,0.3090787618607,0.4197038354204,0.3669205064380,0.2402267728210,0.6113753255357,1.0000000000000,0.5451989956586,0.3915374560449,0.3395998621219,0.6607657588041,0.3857082377631,0.0281841460530,0.4056630887289,0.6609295944295,0.0327669508398,0.4156917325366,0.0568198340004,0.3813475659181,-0.0405721015294,0.3898589097893,0.0001082718264,0.1771191231836,-0.1262185739043,0.1619105517200,-0.2909850631306,0.2971888838775,-0.0259361186375,0.1893922044924,-0.2506145771732,0.1958826308946,0.1943779127835,-0.0082656979480,-0.3520710918163,-0.2885486732211,0.0815721891890,-0.0789483751448,0.2086236784839,-0.0614275231167,0.1915078390733,0.3714744148273,0.2267314468218,0.3487481447961,0.1013209113401,-0.2321467903648,0.1248176733950,-0.1495590581767,-0.0672421679680,0.1788224978154,0.3105975180630
0.6302095078949,0.4802011537594,0.7678992300186,0.5240782653654,-0.0332283973455,0.3290040197640,-0.1284223037188,0.5525011865039,0.3435825911851,0.4142157761319,-0.2107119251106,0.1414112488321,-0.2164387153587,0.5471254052187,0.4651323118682,0.1776448365174,0.4044016729790,0.6303823533700,0.4942961266285,0.5825326025627,-0.0794397788451,0.3452587533319,0.6673692475557,0.6942982931528,0.2853372037751,0.6884830614510,0.5451989956586,1.0000000000000,0.1766403154871,0.4350631737759,0.6196174408015,0.6064649573109,-0.0584848995786,0.4033288867274,0.5319706960582,0.2292692966024,0.5156360247648,0.2633421806913,0.4637827605433,-0.1539653587837,0.2781731326382,-0.2747593449747,0.2084245541947,-0.2487372923497,0.2293466615291,-0.3922001432786,0.1740773272274,-0.3424936997303,0.4686510944979,-0.0903654960572,0.1713465028696,0.4444704085462,0.1593724644470,-0.3482427727736,-0.1213877665168,-0.0902001972445,0.1709471081936,0.4674200840672,0.3322540614319,0.0459742425553,0.5860880441515,-0.1130767357625,0.7905959157728,-0.1477188553124,-0.1391369253098,0.1498038322677,-0.0844433326122,-0.1092905748251,0.1213789384773,0.2493285374579
0.0862527667306,0.1687972422629,0.2411359271738,0.3145385168330,0.5947577677719,0.2213369054387,0.3444926844845,0.3601235185866,0.1950571521114,0.1017473031749,0.5370477137175,-0.1785284247675,0.5869289506097,0.0040072694310,-0.1244534041193,0.2462340227730,0.4026392524604,0.1774926686373,0.0564432197511,0.1630137439790,0.5703591655567,0.5854059202774,0.2996755551875,0.3415382855126,0.4611533200773,0.1263695314448,0.3915374560449,0.1766403154871,1.0000000000000,0.0061140412166,0.3816647436394,0.1963826169392,-0.2052492118412,0.1468719477959,0.2051700761738,-0.2182973025220,0.0946110165374,-0.0230094539421,0.1818456222518,0.5543900779628,0.1060339613485,0.0952710319702,-0.0358777091531,-0.1502551431772,0.1390295216566,0.2183594555910,-0.1395067888512,0.4855502314892,-0.1399429157416,-0.4192348137471,0.0642482139122,0.3070190990623,-0.1300867492838,-0.3532283067394,-0.3102642359053,0.5435310062585,0.1905530579375,0.1521494566846,0.0965335012120,0.5313885211273,-0.0469084283782,-0.0186181325759,0.0993188349625,0.8063279404538,-0.2343963029414,0.1598945146903,0.0154048070511,-0.2137166155745,-0.0142884337791,-0.0316711391203
0.7507295755128,0.4638572488497,0.2315980009729,0.2529148385429,-0.1527577076756,0.3527522115537,0.1764725665775,0.4300450933288,0.4442127958027,0.1187265889814,0.0656841920383,0.2883402291239,-0.0998434193716,0.4657490103716,0.7766133087792,0.3513289522916,0.1759000556500,0.3743961841271,0.5000537886432,0.6093696572843,-0.0730398013367,0.2814760416871,0.2582458528717,0.3389084687174,0.0515920233117,0.3857699462217,0.3395998621219,0.4350631737759,0.0061140412166,1.0000000000000,0.6154725365188,0.4868030382338,-0.0200397904284,0.7308742833627,0.4426717779450,0.5215235317638,0.2750487803974,-0.0498520707855,0.2402322139138,-0.1921211545175,0.2893798998361,-0.0949849905223,0.1428105571180,-0.0199779249483,0.1538815850363,-0.2423128942912,0.3013972032790,-0.1779504108482,0.3148931104403,0.2165564184439,0.2586362786917,0.1472382274065,-0.0178093611909,-0.0904506763270,0.1386717734086,-0.1041547376939,0.0809416480795,0.1692524135688,0.0163682909163,0.0443070118866,0.2066665258352,-0.0866450930830,0.3833244925814,-0.1745752146766,0.4545936693954,0.0629313664379,0.1944283034172,-0.0174182239552,0.4648380690056,0.3215994063969
0.6405004502513,0.6375816001723,0.4602073374694,0.4215390325389,-0.0729500666649,0.5517058458837,0.1280259292017,0.6879708194047,0.4854952788357,0.1823790419639,0.1034595532049,0.1342689416000,-0.0708009692590,0.3399649998820,0.5040566590057,0.2976510074841,0.3198567301515,0.5479225946681,0.3908411893205,0.5510742045385,0.0299403348994,0.5296160905037,0.6183707489574,0.5708852034826,0.1545615828582,0.5993156160921,0.6607657588041,0.6196174408015,0.3816647436394,0.6154725365188,1.0000000000000,0.4378623700094,-0.1150820380282,0.6245137562920,0.6942540464591,0.2085391551970,0.4761182281883,-0.0690332192383,0.3216664515046,-0.1293029721038,0.3899513825169,-0.2523823577246,0.2177962834220,-0.2896147323280,0.1142862425382,-0.4170829971026,0.1146308509744,-0.1963581958895,0.1559166763507,-0.2821747610265,0.1720601860389,0.2772157045281,-0.0685810938986,-0.4911194474516,-0.2637089764991,0.0270189208778,0.1071228326585,0.4067959248751,0.0758666944089,0.1176872953328,0.3830513675244,-0.1437625774273,0.4757303277238,0.0175962261999,-0.0905674120236,0.2969923670404,-0.0591552529460,-0.2499887763659,0.2822135505509,0.3405666760830
0.5636730229744,0.3436642498816,0.5306584116870,0.4224249538583,0.0065644142007,0.3301899194370,0.1096875809480,0.6030518868506,0.3965604317679,0.5137283796749,0.1043152898135,0.1393872340302,0.0584757089758,0.5244344143758,0.5295882523064,0.3046456757597,0.1043884610002,0.4096708527335,0.5724725988595,0.4990694745152,0.0734411897785,0.1161227351397,0.3482888143140,0.2454938395619,0.3542417495697,0.4733706049197,0.3857082377631,0.6064649573109,0.1963826169392,0.4868030382338,0.4378623700094,1.0000000000000,-0.1909864149275,0.4300962271731,0.3556607314625,0.1507816618856,0.2892183515161,0.1217837735171,0.3744769311913,-0.0651156250190,0.1733527649459,-0.1462608546072,0.2244074479136,-0.2110563744119,0.4083658837304,-0.1270625492271,0.1456731513243,-0.0586034725515,0.4881846735411,0.0037417200408,0.2086472978639,0.1145008622825,-0.0024039259582,-0.1541465765893,-0.0060731424337,0.0322746733524,-0.0310034435492,0.1594032541161,-0.0097142803009,0.1463928388517,0.3933305929767,-0.0616386443285,0.4892973102702,-0.0421126807534,-0.0504115332475,-0.1180065993605,0.3252106099399,-0.2236539404557,0.1697380684278,0.1226414274313
-0.0933866051711,-0.1391888782351,-0.1805066825272,-0.1907032319726,-0.1707280090659,0.1784034044697,0.1836351620275,-0.1653150741192,0.2526904492930,-0.1804783932142,-0.0792998455704,0.3943398572132,-0.1404273128025,0.2173013243941,0.1073801399607,0.0991845584552,-0.1097529967883,-0.2080613610740,-0.0997123160577,-0.1543035641750,-0.1696469668661,-0.1510017203318,-0.1228611802351,-0.1632206783127,-0.1906626094353,-0.0337058959368,0.0281841460530,-0.0584848995786,-0.2052492118412,-0.0200397904284,-0.1150820380282,-0.1909864149275,1.0000000000000,-0.1327485390538,-0.0994837481721,0.0262605489111,-0.1142862661005,-0.0191878043669,-0.1154400594342,-0.1320449607066,0.2878040380385,0.3747528020843,-0.0142773804817,0.4149632258722,-0.1617682250390,-0.0228568796053,0.3154521734387,-0.1197956088470,0.1069714994260,0.3296125000232,0.0683142959791,-0.0600913598503,-0.1004851252117,0.1349369433488,-0.0843798043781,-0.1733173454108,-0.0762072020767,-0.1250462996361,-0.1035376840981,-0.1529211572346,0.0046832119553,0.0052749462925,-0.1345093630049,-0.1444109791300,0.1594470772374,0.0581796698635,-0.1414234528419,0.7652878302118,-0.0183194218150,0.0555500214085
0.5491730428144,0.6100576667536,0.2236032486591,0.3649870399303,0.0941317838387,0.3581106278759,0.0546241686501,0.3847820017513,0.2477096828111,0.2458923860525,0.1355819791407,0.1429504933339,0.1204071413955,0.2779441829706,0.4551192183579,0.3395481702970,0.3301383637936,0.4184635281684,0.3340151166738,0.4958693409672,0.2164265417612,0.4348190716100,0.3934122048385,0.4247493054233,0.1858710982454,0.4248427775493,0.4056630887289,0.4033288867274,0.1468719477959,0.7308742833627,0.6245137562920,0.4300962271731,-0.1327485390538,1.0000000000000,0.5546438324064,0.2604075183481,0.4354752468491,-0.1036342918092,0.3172464572048,0.0168332008941,0.2133889612686,-0.2246755241824,0.0755181286066,-0.3116271598568,0.3017294459770,-0.2401073974887,0.1052691135925,0.0298128515879,0.1768315481122,-0.1545979261908,0.1268223849472,0.2991359319300,-0.0632761024834,-0.3021629670982,-0.0490325476992,0.1638758213423,0.1639169120105,0.3153805721486,0.0722202543749,0.2268960707063,0.2695442264106,-0.0758264165728,0.3253725782940,-0.0380317916995,0.1853397587346,0.1004779161592,0.1046206552831,-0.2015724650986,0.5596232347740,0.3045171380160
0.4741669821546,0.8199696395960,0.2894065743743,0.6082654410065,-0.1149704249378,0.4496444171245,0.1346820820969,0.4488990332683,0.4438380049971,0.2617804844548,-0.0329324840616,0.3473704810878,-0.0567542058910,0.4266337011525,0.3759570285609,0.3764783404162,0.2343645305369,0.4834506423832,0.4018069569174,0.4987628601020,-0.0066513071221,0.3328579701588,0.5462326655009,0.4091112213087,0.1351191686583,0.7688924174081,0.6609295944295,0.5319706960582,0.2051700761738,0.4426717779450,0.6942540464591,0.3556607314625,-0.0994837481721,0.5546438324064,1.0000000000000,0.2903656736085,0.6999828667983,-0.0309330369987,0.5995882449930,-0.1993888978148,0.3293932919909,-0.0859102470497,0.2243282259784,-0.1207153908954,0.2431914459336,-0.3006850016468,0.3767391476611,-0.1517868059392,0.2453045469743,-0.1774857546284,0.3839109802191,0.2418724017020,0.1733397270283,-0.3515409692109,-0.1468956575918,0.0165881488096,0.0862539750957,0.4302509681223,0.1084383755061,0.0949390013806,0.6413418320393,0.1254182004512,0.4915134464506,-0.1009019158168,-0.0695290680534,0.3203477511593,-0.0198069456464,-0.1953934158237,0.4354283313168,0.7359594776534
