1.0000000000000,0.2181644276949,-0.0768527278348,0.3286167868148,0.4002398199887,-0.3516887515348,-0.0060558288813,0.1607375117577,-0.2505978409884,0.4589228332077,0.2920878178304,-0.0987908310860,0.3207107550729,0.1231367914050,0.3313748256286,-0.0807771186078,0.4078327876757,0.3319564279948,-0.0299202372456,0.3336055202823,0.4478105232876,0.1546044914150,0.4327934735335,0.2416043444737,0.3046907886571,0.2218020898020,-0.2076270642540,-0.1106349563674,0.2289064519715,0.3702471020882,0.3304824683659,-0.0175923956172,-0.0259135091737,0.5032047362396,0.4004649078182,0.5878829519260,0.1886368236235,-0.1824832445505,0.3625357165341,0.3940371855305,-0.2980184503762,-0.2445377359257,0.0909589186260,-0.3600209347805,0.4038702372617,0.2020639751331,-0.1507846450122,0.2685520744229,-0.0765793246391,-0.0164964992074,0.0191078257650,0.3623030183819,0.0928984838460,-0.2731652809124,-0.0507900073059,0.4528248528532,0.1072736076535,0.3322390729891,0.2067427480963,0.4360878406960,0.2083997528866,-0.1875858638622,-0.1758275601619,0.0247028978923,0.1871769354583,0.0767881861627,0.0157904471523,-0.0152082292915,0.2345313540620,0.1818736842284
0.2181644276949,1.0000000000000,-0.2702382658411,0.6213402538581,0.3407019034015,-0.4289237453146,-0.3450942161994,0.1989796584403,-0.4352260823687,0.2206314582495,0.0848676917088,-0.2501310303860,0.2941250088680,-0.1566463402441,0.1618502711997,-0.3969654616037,0.2359374892324,0.4730633635169,-0.1340202347556,0.3707852233824,0.2828193118365,0.1169121568856,0.5838817652402,0.1683603239995,0.3585894150874,0.3589254501206,0.1620671536515,0.0865392118651,0.3640700917133,0.2607769428084,0.4481780100597,-0.0137066933082,-0.3347350489040,0.4100082056688,0.6060298141883,0.2300837801098,0.7474467187809,-0.1676197243673,0.4654041115802,0.3279894705733,-0.3244931537573,-0.4357049189064,0.2830348445816,-0.5368119406473,0.2013436207625,0.0993383031801,-0.3712438934089,0.2632078367831,-0.4073269820681,-0.4086936336628,-0.3241676561953,0.2539980055560,0.3037017163345,-0.3062016589263,-0.1887054244467,0.2664079084795,0.1561201978068,0.5903283399747,0.0785395516887,0.3929251149988,0.2206636322520,0.1835148489754,0.1480901488799,0.3861975813059,0.1277392470898,0.5559378597982,-0.2233249394053,-0.0559425788453,0.3807205257732,0.4463905456100
-0.0768527278348,-0.2702382658411,1.0000000000000,-0.1403946423728,-0.2694614451252,0.3802820288315,0.2099485224366,0.0646219732025,0.3470246344084,-0.0572691232856,-0.2523862514827,0.1073418520156,-0.2452911136294,0.1591258460774,-0.3429022929433,0.4398564269051,0.1560926356023,0.0072161419038,0.1988757493713,-0.0480615596360,-0.1652272627232,0.2230112509597,-0.0936220103706,0.3424068952522,-0.1439990115169,-0.0346327640354,0.0974475611409,0.3480213618239,-0.2590388185944,-0.1294038809648,-0.0101798256846,-0.2601226446295,0.2252141907148,-0.1320095710366,-0.2653636675509,-0.2944843062083,-0.3005907179896,0.3819058823699,-0.1338935452563,-0.2179603488127,0.1821651065360,0.0949642250530,-0.2571892929101,0.3403142637254,-0.0676320133247,-0.2887839944910,0.2120551098815,-0.2817606303949,0.3509170606430,0.1524998518638,0.0719970088799,0.1638165802983,-0.1805893775885,0.2146986631982,0.0471003710170,-0.1079844721297,0.0727626269185,-0.2102943720987,0.2571112112639,-0.1011359619326,0.0527914158760,-0.0799638799375,0.1999826876155,-0.2125390629572,-0.1420295577430,-0.2885148321103,-0.1227106465981,-0.2480558954171,-0.1732960925979,-0.1747652091111
0.3286167868148,0.6213402538581,-0.1403946423728,1.0000000000000,0.4049860807960,-0.4230778863975,-0.2151015777149,0.3109470873547,-0.4198280310956,0.5741345651890,-0.0294234312761,-0.2607961472635,0.3249331760160,-0.0118035625057,0.1257916270725,-0.3135562706153,0.1283433224917,0.4433672112325,-0.1515142500991,0.4068392435549,0.3222398873014,-0.1964850455267,0.7177812922474,-0.1078831944544,0.4913932665908,0.5486797223412,-0.1250692677178,-0.1301939706766,0.2248469199055,0.2271684507760,0.4719395226482,-0.1252249923892,-0.1676594783694,0.3818891110799,0.5923628911359,0.3843468730541,0.6838218240702,-0.1424071836501,0.8392116340592,0.4073326507701,-0.1986692829532,-0.4706301691727,0.2776200383571,-0.4834032780876,0.5584018931782,0.1116025616968,-0.2095729477938,0.2928547122333,-0.2552027283998,-0.0969302416392,-0.1679660684320,0.2154119341297,0.3706419530964,-0.2532735810061,-0.1087229566815,0.3100900149877,-0.1929444440782,0.6586160481594,-0.0642311808060,0.5511007946983,0.4899187858543,0.2276815926432,-0.0700100105247,0.1417771645041,0.1914195419437,0.3456456214082,-0.1707231606783,0.0158446757602,0.3967263158778,0.5159043624652
0.4002398199887,0.3407019034015,-0.2694614451252,0.4049860807960,1.0000000000000,-0.4423587779669,0.0048868416536,0.0684261752034,-0.4458917022790,0.4485309598909,0.5295871087665,-0.2482713310143,0.7944965914157,-0.0665708704820,0.1414955170617,-0.2559145734245,0.3010496453943,0.2856412110164,-0.0969025232795,0.2746022731076,0.8447959252341,0.1289128341143,0.4620719297871,0.1030359107724,0.5326372991908,0.0462324276328,-0.1418443957198,-0.1636623621274,0.5236011425515,0.2309611017166,0.1875684290455,-0.0184607706946,-0.2939800234085,0.4803149101511,0.2593749792158,0.4153086623299,0.4071469382910,-0.1852521363052,0.4100242262051,0.8357728325853,-0.2196750767935,-0.1005392799463,0.0786674648022,-0.4198505860276,0.4545121522448,0.5239710979610,-0.2771223625373,0.7635642550476,-0.2360640636270,-0.2399658089355,-0.0914844980180,0.2631772067468,0.1984728517336,-0.1433912177512,-0.0299444343865,0.8200695079739,0.2378001673042,0.4718995690612,0.1814627264154,0.5652167082778,-0.0239816966863,-0.0030666889302,-0.1543590471915,0.3495235588673,0.1832181143557,0.2419013689036,-0.0650495538748,-0.0986220562851,0.3669751746826,0.1000471204218
-0.3516887515348,-0.4289237453146,0.3802820288315,-0.4230778863975,-0.4423587779669,1.0000000000000,0.4817134388975,-0.1171085922623,0.7631105553455,-0.3037657709372,-0.1170750900458,0.4014888803122,-0.3883903668220,0.1717936211327,-0.1084470051750,0.7309619914788,-0.2535042851181,-0.3807541305537,0.3023810819653,-0.4063028339617,-0.3919051951386,-0.0368789114470,-0.5322969466772,-0.0718543108047,-0.3086476102578,-0.1888732789095,0.2190157104359,0.0296958487221,-0.2678701486304,-0.1147588664274,-0.2862044624055,-0.1465748640037,0.4687290388278,-0.3998457303701,-0.4443949640585,-0.4538229879617,-0.6137113450337,0.1633394332984,-0.3588137913357,-0.3692653938079,0.7457286876051,0.5754299437748,-0.3224249779044,0.7766889975974,-0.2771738092197,-0.2529857086566,0.3584687596173,-0.3389916034283,0.3398176968898,0.3106873009834,0.3457205485639,-0.3119268405586,-0.5269867638956,0.3098239578204,-0.2188957580870,-0.4182333186831,-0.2038013849979,-0.5546192961957,-0.2816960874744,-0.3580173498741,-0.2638478761920,-0.2953074373047,-0.0984876425669,-0.2655483135589,-0.3099168636489,-0.4448824062250,0.0094729948256,0.0132453415184,-0.3894066444139,-0.3695374797930
-0.0060558288813,-0.3450942161994,0.2099485224366,-0.2151015777149,0.0048868416536,0.4817134388975,1.0000000000000,-0.1992753293638,0.6431120113211,-0.1544615771895,0.3548074809569,0.2367960874849,0.1839525236163,0.2166161213233,-0.1503561466186,0.6488668594061,-0.1821349995206,-0.2303068169166,0.2725998537680,-0.1671276677522,0.0600918025873,-0.1443153218211,-0.3824608971552,-0.1291748750230,-0.2235792566833,-0.1633305206544,-0.1095461855681,-0.2019708585617,-0.1433248870636,0.1953146147059,-0.2795900698739,-0.1786639577245,0.2734019709253,-0.1968021671443,-0.2252878705673,-0.1328227725301,-0.3800293285008,0.0611023830681,-0.0401183748166,0.0458028223202,0.4131553596606,0.6630158848319,-0.4574059322491,0.4987503295151,-0.0402373690762,0.2953008263471,0.3339946603652,0.2031865649860,0.2578728946009,0.2359473669071,0.4343911296271,-0.2241951140082,-0.2794589323889,0.3283551846424,-0.0332940569187,0.0214374480833,-0.2656513852501,-0.4203808896304,-0.1750768669870,-0.1623241646494,-0.2050081770893,-0.2261968579581,-0.2302105114467,-0.2521984462624,-0.0944395485561,-0.4675631898214,-0.0876022714246,-0.0488187853946,-0.2816353073587,-0.1999253086015
0.1607375117577,0.1989796584403,0.0646219732025,0.3109470873547,0.0684261752034,-0.1171085922623,-0.1992753293638,1.0000000000000,-0.1127188789281,0.2092628015084,0.0134984920604,-0.2416316050418,-0.0110490943862,-0.0981302616967,0.1241688613753,-0.1610330077931,0.2365206164533,0.2936711891573,-0.2538548011094,0.1241255723312,-0.0084077795930,0.0309028803330,0.3548457685457,-0.0077758064837,0.4390273735501,0.3289945074560,0.2156360608205,0.0132746490952,0.4432160295166,0.0344526908291,0.6074883221034,0.1021899045837,-0.0093960902826,0.0929296249846,0.1508118297499,-0.0629313038742,0.0409230145999,-0.0046632873778,0.1511248725911,0.2915242678380,-0.2874701028964,-0.4426523665992,0.5194436897258,-0.3506695427246,0.1614196814210,-0.0818254141966,-0.2210940744104,-0.0374035489601,-0.2061646830380,-0.1160974219760,-0.1163994713081,0.2129979079560,-0.0602197772552,-0.3990821840471,-0.2645567357736,0.0218541037958,-0.1786002644834,0.2183375743200,-0.2965504565416,0.4804558497949,0.2615774581903,0.0605062410877,-0.0405880000330,0.3207848690538,0.0122425831211,0.0087595663026,-0.0597455644858,0.0919951046782,-0.0543626689194,0.1242221194147
-0.2505978409884,-0.4352260823687,0.3470246344084,-0.4198280310956,-0.4458917022790,0.7631105553455,0.6431120113211,-0.1127188789281,1.0000000000000,-0.3676923139552,0.0271155677682,0.5210003943140,-0.3190949238771,0.3202691670124,-0.0403560902228,0.7502251798494,-0.2810443961355,-0.3166916043876,0.5206749105017,-0.1789197250707,-0.3623461186288,-0.0030847444953,-0.5905670475025,0.0124800687425,-0.4000485403964,-0.0798502551259,0.2190865458036,0.1222990162685,-0.2869582052158,0.1406618750903,-0.2325309812015,-0.1030357210540,0.2758670906015,-0.3463788465139,-0.3347887557051,-0.4612154286631,-0.6145669426123,0.0965456792079,-0.3004840001777,-0.3939901844316,0.5248754215741,0.4980051058454,-0.4117684486385,0.6690145863536,-0.3206991743680,-0.1767497533266,0.4230209475756,-0.3056899497001,0.3339175345534,0.2374588210199,0.3442779848152,-0.3244108664954,-0.4780437424397,0.3454746800843,-0.2372581127168,-0.4343760770372,-0.2466447437050,-0.6469437481552,-0.2640953947723,-0.4518512954171,-0.2168276331733,-0.3277244971663,-0.0314798549078,-0.2927754981749,-0.3351130478896,-0.5236404909467,-0.0198790471392,-0.0206285636901,-0.4048353544175,-0.3550947750087
0.4589228332077,0.2206314582495,-0.0572691232856,0.5741345651890,0.4485309598909,-0.3037657709372,-0.1544615771895,0.2092628015084,-0.3676923139552,1.0000000000000,0.1084240502707,-0.2576262639100,0.3671811382010,0.1162388785381,0.3123782540717,-0.1070978984753,0.1291851843314,0.1535633761515,-0.1647206009067,0.1163715775325,0.4063723400593,-0.1021365010051,0.5092276490305,-0.1033975058250,0.6614483833294,0.3393394541376,-0.1971007838270,-0.0978355337824,0.1565350516885,0.1827346448924,0.0686019829016,0.0370044022150,-0.0167917371499,0.3780536404864,0.2915550327422,0.3693340055792,0.2527353885065,-0.0511518034871,0.4741030233770,0.4220471341784,-0.1162730572239,-0.2448342888764,0.3309302504997,-0.3153451838839,0.8736453127282,0.1470509568408,-0.1930664786593,0.3741736599018,-0.0998769396196,0.0885803236016,0.0318834943944,0.1109420535288,0.0365576910095,-0.2668384134903,-0.0584828437326,0.4187661210774,-0.0236705661933,0.4055990743902,-0.0711391131924,0.6359232567653,0.3609140558396,-0.0996131740818,-0.1550898986245,0.0294710293455,0.2528769618073,0.0464512556634,0.0399723687330,0.1245965027988,0.2872308191120,0.1586073981200
0.2920878178304,0.0848676917088,-0.2523862514827,-0.0294234312761,0.5295871087665,-0.1170750900458,0.3548074809569,0.0134984920604,0.0271155677682,0.1084240502707,1.0000000000000,-0.0720475589513,0.5207094177380,-0.0700851244677,0.2152646240915,0.0162771321338,0.1195821934909,0.1368024032120,-0.0176326441651,0.1663932294458,0.5306118497927,0.2241112302842,0.0300278926349,0.1724752883383,0.2294338770857,-0.1498337852035,0.0673449623696,-0.0860617978941,0.4529052743373,0.3067415192536,0.0350264039868,0.0899637092990,-0.2026948883340,0.2457763830470,0.0884717947580,0.1667075196604,-0.0279252394769,-0.2040882142511,0.0158788870837,0.4805659498614,-0.0923438301993,0.2087041655548,-0.1024417783127,-0.1432024670567,0.1164332213723,0.7245471976376,-0.1848683535448,0.4871899360962,-0.2408167489680,-0.1976148930894,0.0439884128946,0.0166102331321,0.0127213208270,-0.1130815086308,-0.0741375134972,0.4777515492634,0.1834294850486,0.0424070249288,0.0598032860772,0.1624067496001,-0.2894528078361,-0.1864728768781,-0.1168382426381,0.3072213308422,0.0795954263092,-0.0540942541657,-0.0327152517851,-0.0763637569400,0.1345771474463,-0.1293887850667
-0.0987908310860,-0.2501310303860,0.1073418520156,-0.2607961472635,-0.2482713310143,0.4014888803122,0.2367960874849,-0.2416316050418,0.5210003943140,-0.2576262639100,-0.0720475589513,1.0000000000000,-0.1862457173315,0.5616607336224,0.1986172860319,0.3705884893781,-0.2374192184612,-0.1556445235260,0.7375830772181,0.0579044497144,-0.1680180523861,0.0560631543233,-0.4051305027474,0.0423334003352,-0.3206042716265,0.0354493756507,0.3129292238313,0.2893164429580,-0.1786137701266,0.1317815655507,-0.0692606092631,-0.1110891990134,0.0873478160936,-0.2346657761851,-0.1135930959109,-0.1793072486543,-0.3097009806183,0.0215191221556,-0.2093171682294,-0.3940470387402,0.3321002669086,0.3092567524471,-0.2936813639947,0.3873835513576,-0.2850714920433,-0.2842938281266,0.7108110480151,-0.2476155920248,0.4684402894341,0.0341516527848,0.1438394813640,-0.2223295410243,-0.2970348611420,0.4373881744960,-0.2037816051524,-0.3051587176912,-0.1127736114930,-0.4081242807766,-0.1234897159588,-0.4141314205107,-0.1638783460072,-0.3179145361037,0.1397205766097,-0.1886014159733,-0.3636081229810,-0.2224906084056,0.2527343561107,-0.0575556395052,-0.2868303060922,-0.3816312500435
0.3207107550729,0.2941250088680,-0.2452911136294,0.3249331760160,0.7944965914157,-0.3883903668220,0.1839525236163,-0.0110490943862,-0.3190949238771,0.3671811382010,0.5207094177380,-0.1862457173315,1.0000000000000,0.0016767879051,0.1290992276828,-0.1430653782765,0.1899523403089,0.2499272897923,-0.0200213079245,0.2722984199290,0.8695818612899,0.1054624081662,0.3151005821691,0.0894901854248,0.3662211610285,0.0325736603525,-0.1772663407201,-0.2402653929967,0.3908293809100,0.2994067098362,0.0851182523413,-0.0918902423746,-0.3117073320167,0.4759451018620,0.3063327213836,0.3363052092554,0.3291715283827,-0.2176469340604,0.3493423692897,0.6934142132998,-0.2049023323771,0.0083897105152,-0.0598408237836,-0.3615109895322,0.3967191294447,0.5109805350711,-0.1360194547851,0.9192803202745,-0.1611404863451,-0.2395921099689,-0.0588726693717,0.1655426197669,0.1818660829315,-0.0509617103173,0.0063756616076,0.7862555702795,0.1783100667287,0.3229271194203,0.1220248882532,0.4200049845507,0.0049986623014,-0.0433435092969,-0.2271611311368,0.2804552892902,0.2044324667152,0.1334190621794,-0.0753805786621,-0.1614853914220,0.3235587613780,0.1386109391675
0.1231367914050,-0.1566463402441,0.1591258460774,-0.0118035625057,-0.0665708704820,0.1717936211327,0.2166161213233,-0.0981302616967,0.3202691670124,0.1162388785381,-0.0700851244677,0.5616607336224,0.0016767879051,1.0000000000000,0.1614364967931,0.3272934679984,-0.0876310725648,-0.0752515921885,0.6116426447114,0.1626875008485,-0.0142812253667,0.0075935224857,-0.1873860190339,0.0170387395660,-0.1411110835068,0.3865331049377,0.1233002174512,0.1769290560042,-0.2651304056515,0.2020797775135,-0.1240144824049,-0.1045828596185,0.0942248915676,-0.0908657955026,-0.0181715459220,-0.0992428771230,-0.1847111977193,-0.0000522125604,0.0182202952391,-0.1305819095121,0.1429120410530,0.0742214481714,-0.1659375830992,0.1296559047879,0.0861845482569,-0.1910309721071,0.5940317310132,-0.0505486501433,0.7080882876893,0.1276973263685,0.0751518411168,-0.0513647617143,-0.2755723880266,0.2688042451759,-0.1038146293185,-0.0587944436900,-0.1103133952356,-0.2645761310994,-0.0437956431354,-0.1162621861719,0.3206428387938,-0.2274059241404,0.0898177115077,-0.2871003995819,-0.1308471378732,-0.3364042218459,0.1204530156136,-0.1052194229354,-0.2403674499984,-0.1700442648349
0.3313748256286,0.1618502711997,-0.3429022929433,0.1257916270725,0.1414955170617,-0.1084470051750,-0.1503561466186,0.1241688613753,-0.0403560902228,0.3123782540717,0.2152646240915,0.1986172860319,0.1290992276828,0.1614364967931,1.0000000000000,-0.1511849747679,0.0308377951502,0.2645885447692,0.0554520476340,0.3171615663064,0.1886230342026,0.0857284655857,0.1573609098822,-0.0048274762781,0.3795529279021,0.3228208456973,0.3435231584100,0.0677110521607,0.2886593167995,0.3124081843891,0.1232091085478,0.1924777062276,0.0059596143001,0.0573952740624,0.3380380471156,0.2915735162309,0.0215875849086,-0.2017728455026,0.0370787340710,-0.0354585484844,-0.0408428058979,-0.1071136289467,0.2834623986846,-0.2248148992823,0.1814441447374,-0.0978505596065,-0.1672239639381,0.1144904688100,-0.2394384159001,-0.0325863527868,0.0296930398844,-0.0228192849971,-0.0734821092094,-0.3019258139202,-0.3765327802728,0.0586864867076,0.0256285292084,0.1285113418822,-0.1534627976712,0.1469204617654,0.0170176665072,-0.2599879292501,-0.0196141904719,0.1644412422298,-0.1021396427422,0.0523030775370,0.1341448738036,0.1964832312312,-0.0179776389412,-0.1217596496905
-0.0807771186078,-0.3969654616037,0.4398564269051,-0.3135562706153,-0.2559145734245,0.7309619914788,0.6488668594061,-0.1610330077931,0.7502251798494,-0.1070978984753,0.0162771321338,0.3705884893781,-0.1430653782765,0.3272934679984,-0.1511849747679,1.0000000000000,-0.1378966777296,-0.2899395653437,0.4448527810716,-0.2396066497587,-0.1610382820497,0.0126331817253,-0.4080729432357,0.0330843945035,-0.2842819585992,-0.1925898448182,-0.0178359881796,0.0157106494010,-0.3330947041712,0.1863763967527,-0.2408807930118,-0.1928218721085,0.3936962218892,-0.1087569793311,-0.2762393552849,-0.3511587891702,-0.5176530469842,0.1147729604410,-0.1492419545822,-0.1869350756674,0.6038726509096,0.5005835292475,-0.4527886320155,0.6506211205862,-0.0300110633561,-0.1292555649601,0.4562302695322,-0.1387722716136,0.4490334073052,0.3386029303690,0.4960273228467,-0.1830705969104,-0.4259706665786,0.3819881185394,-0.0763822101048,-0.1566959822003,-0.1286524340704,-0.4846705125743,-0.1063229960191,-0.2232804850396,-0.2099580653995,-0.4093734906047,-0.1276330766510,-0.3696252145291,-0.1562455567032,-0.4716275274198,-0.0509738440882,-0.0634377919481,-0.1870048529296,-0.2010864856941
0.4078327876757,0.2359374892324,0.1560926356023,0.1283433224917,0.3010496453943,-0.2535042851181,-0.1821349995206,0.2365206164533,-0.2810443961355,0.1291851843314,0.1195821934909,-0.2374192184612,0.1899523403089,-0.0876310725648,0.0308377951502,-0.1378966777296,1.0000000000000,0.2786554443203,-0.1953629551996,0.1528722006899,0.3663557387682,0.5630330725666,0.4906948149969,0.5616606889708,0.3624257595128,0.0213440205562,-0.0508507259056,0.1313698250435,0.4435010242402,0.0992523771216,0.3762349751141,0.0641059331948,-0.1182452164983,0.3783628311431,0.1614785937797,0.1485748325964,0.2035832341687,-0.0998442172331,0.1208173308117,0.3435669257818,-0.3208294783596,-0.3635380115000,0.0872592295034,-0.3009992271526,0.1253846926971,-0.0479701778103,-0.2584576095320,0.1041411449481,-0.1694569424844,-0.2521128937937,-0.2158733454502,0.9098776139610,0.0314957071142,-0.3157739503216,-0.1350988942719,0.3936153183609,0.5272357705799,0.5064958025705,0.5673928624665,0.4717479589316,-0.0054234266874,-0.1274545247219,0.1126294778355,0.3925672906731,0.0392099516839,0.2619223167595,-0.0292887402151,-0.1940812030035,0.2550916770478,0.1030121016127
0.3319564279948,0.4730633635169,0.0072161419038,0.4433672112325,0.2856412110164,-0.3807541305537,-0.2303068169166,0.2936711891573,-0.3166916043876,0.1535633761515,0.1368024032120,-0.1556445235260,0.2499272897923,-0.0752515921885,0.2645885447692,-0.2899395653437,0.2786554443203,1.0000000000000,-0.0545076195499,0.7989692751739,0.3260510684251,0.1274453416669,0.4354175073546,0.2834836169698,0.2665417883764,0.3822666077115,0.2801420067770,-0.0680656651460,0.3265323588820,0.2686176402663,0.5299288796879,-0.0490093343700,-0.1247798746133,0.3414913250681,0.6312689107812,0.1958684001542,0.3935790852203,-0.2283938665067,0.3796878198130,0.1749909066031,-0.3860924752975,-0.4212002717546,0.0630328771799,-0.4942314194904,0.1320691380480,-0.0651986217417,-0.2886176398651,0.1753941799247,-0.3168617623080,-0.2957060216798,-0.3421206458323,0.2399634321267,0.5670986501122,-0.1990079721130,-0.0039753806375,0.2636382161339,0.0003042392310,0.3832358440331,0.1349153196115,0.2521629989867,0.2140446264497,0.1648698358955,-0.0828702486887,0.1280937202018,0.0772052040235,0.2256164121426,-0.0993103854144,-0.2233198158488,0.2400240015732,0.3928114955291
-0.0299202372456,-0.1340202347556,0.1988757493713,-0.1515142500991,-0.0969025232795,0.3023810819653,0.2725998537680,-0.2538548011094,0.5206749105017,-0.1647206009067,-0.0176326441651,0.7375830772181,-0.0200213079245,0.6116426447114,0.0554520476340,0.4448527810716,-0.1953629551996,-0.0545076195499,1.0000000000000,0.2719065974238,-0.0332298317019,0.0120394759573,-0.2912383866373,0.0757787310285,-0.3256988723384,0.0202664470492,0.1977040108581,0.2660127405597,-0.2805591162072,0.3518977747994,-0.0512045091457,-0.2489463400290,-0.0102248973047,-0.0035962556711,0.0000608485227,-0.1970002977953,-0.1991770183121,0.0281051119529,-0.1036714148540,-0.2100365551871,0.3214014617774,0.2149513847104,-0.3351458191391,0.2579364969255,-0.1727461180909,-0.1826174312431,0.6059450914631,-0.1063030680136,0.4196531165697,0.0306009915559,0.0656588994942,-0.1712658777346,-0.1612222365983,0.6087134529744,-0.0621064801794,-0.0962377789501,-0.1424906408459,-0.3350631871396,-0.0980873927294,-0.3093339295958,-0.1064729567517,-0.2531621452041,0.1148552058550,-0.2811133358760,-0.1708124856938,-0.3138825934007,0.0959892765754,-0.1677190953074,-0.1617894603338,-0.1664477074356
0.3336055202823,0.3707852233824,-0.0480615596360,0.4068392435549,0.2746022731076,-0.4063028339617,-0.1671276677522,0.1241255723312,-0.1789197250707,0.1163715775325,0.1663932294458,0.0579044497144,0.2722984199290,0.1626875008485,0.3171615663064,-0.2396066497587,0.1528722006899,0.7989692751739,0.2719065974238,1.0000000000000,0.2906761454620,0.1246718730071,0.3389112042968,0.2607473557997,0.1518140061795,0.4463441909943,0.2633049946260,0.0559489254652,0.1990036008745,0.4133014101372,0.4147627762733,0.0099744424461,-0.2016379430927,0.3707497252972,0.6246198738845,0.1593576883757,0.3496042803735,-0.2713417699196,0.3788915478553,0.0961282594035,-0.3369332994858,-0.3911075078852,-0.0687259714178,-0.4808898360203,0.0856851192567,-0.0617523064849,-0.1551168579619,0.1476323714506,-0.2188356419754,-0.2939506175163,-0.3125788766843,0.1261089741652,0.4423785494144,-0.0651724356700,-0.0650908514306,0.2188086141343,-0.0283270585211,0.2702823157382,0.0886642339432,0.0945886887634,0.2280236952069,0.0699541303745,0.0036722503788,0.0034709648002,0.0144134348885,0.0737143534273,0.0015852557466,-0.1629493617952,0.2262734888222,0.2912046227152
0.4478105232876,0.2828193118365,-0.1652272627232,0.3222398873014,0.8447959252341,-0.3919051951386,0.0600918025873,-0.0084077795930,-0.3623461186288,0.4063723400593,0.5306118497927,-0.1680180523861,0.8695818612899,-0.0142812253667,0.1886230342026,-0.1610382820497,0.3663557387682,0.3260510684251,-0.0332298317019,0.2906761454620,1.0000000000000,0.2720393490685,0.3766744613226,0.2621283821659,0.3996868608548,0.0262496047382,-0.1998952662192,-0.1769115090851,0.4505609269221,0.2462451130088,0.1583965485705,-0.1039784194224,-0.2473223388650,0.5252257980684,0.3038960458122,0.3995354169644,0.3090569635192,-0.2254565381955,0.3614969039132,0.7049806163296,-0.2407522386295,-0.0713848294168,-0.0506558665426,-0.3484583414784,0.4109002799543,0.4433893516339,-0.1585900301263,0.8064611307443,-0.1621640631405,-0.2651553037485,-0.1047199573663,0.3378061087399,0.1907252335786,-0.1354940784317,-0.0290478045920,0.9182972599344,0.3467570605180,0.3844874472122,0.3364935173319,0.4451811037362,-0.0315140194421,-0.1392681523679,-0.1921612333587,0.3423077786975,0.1516605518411,0.1944896446277,-0.0391460588335,-0.2060469391692,0.3811537386485,0.1189374351280
0.1546044914150,0.1169121568856,0.2230112509597,-0.1964850455267,0.1289128341143,-0.0368789114470,-0.1443153218211,0.0309028803330,-0.0030847444953,-0.1021365010051,0.2241112302842,0.0560631543233,0.1054624081662,0.0075935224857,0.0857284655857,0.0126331817253,0.5630330725666,0.1274453416669,0.0120394759573,0.1246718730071,0.2720393490685,1.0000000000000,0.0773681986876,0.9099455522921,0.0979815644167,-0.0699411860076,0.2568973205399,0.4425487336297,0.4036810962291,0.0682775417796,0.2201446562702,0.1808803649408,-0.1949374610150,0.3147271284159,0.0499730638095,-0.1082270275888,-0.0054614081635,-0.2086154271053,-0.2158200751351,0.0805636725703,-0.2117418626776,-0.1051891646367,-0.1550293411499,-0.0651935854875,-0.1576678132100,-0.0841532623648,-0.1637215024637,-0.0160155115835,-0.0873387671829,-0.3179987022389,-0.0895139104114,0.4737964499370,-0.1697449366624,-0.2911669957929,-0.2190130507516,0.2368579696541,0.7903083500189,0.1280355365093,0.5976363568811,-0.0129482054667,-0.2425505232993,-0.3272653382751,0.2506369126302,0.4687159256496,-0.0907173999875,0.1296685493212,0.0970672778709,-0.1790279874798,0.1242111244652,-0.1949947863589
0.4327934735335,0.5838817652402,-0.0936220103706,0.7177812922474,0.4620719297871,-0.5322969466772,-0.3824608971552,0.3548457685457,-0.5905670475025,0.5092276490305,0.0300278926349,-0.4051305027474,0.3151005821691,-0.1873860190339,0.1573609098822,-0.4080729432357,0.4906948149969,0.4354175073546,-0.2912383866373,0.3389112042968,0.3766744613226,0.0773681986876,1.0000000000000,0.1232724710801,0.5805233659025,0.2601515305107,-0.1527015213939,-0.0522857258812,0.4051804524259,0.1940669920413,0.5819192718425,-0.0167120389504,-0.1715784278211,0.4848564276088,0.4801122539164,0.4192321417847,0.6377142761288,-0.1699491033195,0.5937046452866,0.4834440413739,-0.3383456656692,-0.5419891436700,0.3207600271652,-0.5835186390999,0.4695929831986,0.0934349789360,-0.3930766697731,0.2760698595766,-0.3808096284774,-0.1858989131689,-0.2951982582815,0.5246320954902,0.3547693444064,-0.3611248429239,-0.0642384321092,0.4136468751428,0.1316045199831,0.9100954930398,0.1769223088076,0.6783255328347,0.2526731785299,0.1267524092438,-0.0193458479602,0.2547086628340,0.2528580339934,0.4603701092217,-0.1379519928291,-0.0348467820458,0.4490963864207,0.4124824668803
0.2416043444737,0.1683603239995,0.3424068952522,-0.1078831944544,0.1030359107724,-0.0718543108047,-0.1291748750230,-0.0077758064837,0.0124800687425,-0.1033975058250,0.1724752883383,0.0423334003352,0.0894901854248,0.0170387395660,-0.0048274762781,0.0330843945035,0.5616606889708,0.2834836169698,0.0757787310285,0.2607473557997,0.2621283821659,0.9099455522921,0.1232724710801,1.0000000000000,-0.0347800015197,-0.0043737712464,0.2026497013321,0.4349915685605,0.2661219355448,0.1506657722099,0.2570538592605,0.0655290838837,-0.1672264771182,0.3568067611263,0.1630287353254,-0.1068746523484,0.0556329547016,-0.2266983292336,-0.1213329392354,0.0733826930131,-0.2739465737408,-0.1992782394708,-0.2588828841948,-0.1120537466235,-0.1567958212464,-0.1156499521469,-0.1335824158500,-0.0305822588657,-0.0650522829315,-0.3372830417015,-0.1631492291704,0.4944974271396,-0.0451888876040,-0.2519923990336,-0.1798493940077,0.2423051379244,0.6934887059561,0.1320138348815,0.6634445827644,-0.0719498185349,-0.1553932113500,-0.2892966122735,0.2289400376050,0.3097425990004,-0.0766136713303,0.0997418993330,0.0145265062333,-0.2584486059832,0.1592139213792,-0.0596893218273
0.3046907886571,0.3585894150874,-0.1439990115169,0.4913932665908,0.5326372991908,-0.3086476102578,-0.2235792566833,0.4390273735501,-0.4000485403964,0.6614483833294,0.2294338770857,-0.3206042716265,0.3662211610285,-0.1411110835068,0.3795529279021,-0.2842819585992,0.3624257595128,0.2665417883764,-0.3256988723384,0.1518140061795,0.3996868608548,0.0979815644167,0.5805233659025,-0.0347800015197,1.0000000000000,0.2558479615988,0.0628272121002,-0.0612040855527,0.6308853368566,0.0851684971050,0.2871626323738,0.1489959571329,-0.1569077795784,0.2995587511181,0.2543087901617,0.3315737545516,0.3494982041335,-0.0207447082573,0.3908577426619,0.4650599379573,-0.1801387383469,-0.2280461750252,0.4644666838745,-0.3996698594578,0.5919027732493,0.1705129141686,-0.4237339843487,0.3674677152290,-0.3675020598196,-0.1053176284423,-0.0948635229086,0.2770725737164,0.0640662487131,-0.3614532614802,-0.1825286295311,0.3684004553995,0.1584258523664,0.5766078076691,-0.0389181893288,0.8024741021291,0.1193947319002,-0.0168780726602,-0.0729869680733,0.4699876110207,0.1250495033686,0.2793869782225,0.0124141381030,0.0327453015419,0.2559613195019,0.0548567404881
0.2218020898020,0.3589254501206,-0.0346327640354,0.5486797223412,0.0462324276328,-0.1888732789095,-0.1633305206544,0.3289945074560,-0.0798502551259,0.3393394541376,-0.1498337852035,0.0354493756507,0.0325736603525,0.3865331049377,0.3228208456973,-0.1925898448182,0.0213440205562,0.3822666077115,0.0202664470492,0.4463441909943,0.0262496047382,-0.0699411860076,0.2601515305107,-0.0043737712464,0.2558479615988,1.0000000000000,0.2836351462478,0.0626210819819,0.0847089874959,0.2154938309691,0.2391597458867,0.0346261713490,-0.0405091624699,0.0360269801932,0.5008963126049,0.0656735744393,0.2723189106666,-0.1321159513904,0.4237745383680,0.0149567154774,-0.2184671699045,-0.4335143084975,0.2160954945844,-0.3501226611998,0.2542939939708,-0.2435930894129,-0.0583197018103,0.0036502007831,0.0190112978023,-0.1260388026361,-0.1032519419859,0.0784034779810,0.0139885133394,-0.3099507652316,-0.3739705355778,-0.0363178504941,-0.2605490850349,0.1599864589514,-0.1931298812502,0.2183011263346,0.7345930292183,0.0882393765549,0.0527436142859,0.0232867816639,-0.1069666413352,-0.0232250775007,-0.0433268519762,0.0602454706699,-0.0763669728395,0.2443820864766
-0.2076270642540,0.1620671536515,0.0974475611409,-0.1250692677178,-0.1418443957198,0.2190157104359,-0.1095461855681,0.2156360608205,0.2190865458036,-0.1971007838270,0.0673449623696,0.3129292238313,-0.1772663407201,0.1233002174512,0.3435231584100,-0.0178359881796,-0.0508507259056,0.2801420067770,0.1977040108581,0.2633049946260,-0.1998952662192,0.2568973205399,-0.1527015213939,0.2026497013321,0.0628272121002,0.2836351462478,1.0000000000000,0.5085229958989,0.2104781641260,0.0280633266365,0.1230815136068,0.2115990769775,-0.0950784600368,-0.1911560230773,0.0575775302546,-0.3321942534392,-0.1142666823167,0.0351121161499,-0.2930354698696,-0.2294936653931,0.0165004735453,-0.0467614347241,0.0625560592204,-0.0063345911493,-0.2690094829803,-0.2680192855995,-0.0715972067239,-0.2253611746641,-0.1037234622978,-0.2326464916697,-0.1482457289684,-0.1039258675155,-0.1704889441499,-0.0877963736844,-0.3364514184888,-0.2773024453997,-0.0053440851503,-0.1522123229448,-0.1923003313672,-0.1598314273812,-0.0315506441828,0.0882395832809,0.3535820027885,0.1576214293472,-0.3226980397266,-0.1118318045077,0.1230343668649,-0.0363872579040,-0.2925162620298,-0.2710349910321
-0.1106349563674,0.0865392118651,0.3480213618239,-0.1301939706766,-0.1636623621274,0.0296958487221,-0.2019708585617,0.0132746490952,0.1222990162685,-0.0978355337824,-0.0860617978941,0.2893164429580,-0.2402653929967,0.1769290560042,0.0677110521607,0.0157106494010,0.1313698250435,-0.0680656651460,0.2660127405597,0.0559489254652,-0.1769115090851,0.4425487336297,-0.0522857258812,0.4349915685605,-0.0612040855527,0.0626210819819,0.5085229958989,1.0000000000000,0.0503517859147,-0.0737325490835,0.0794845018598,0.0791180731820,-0.1540929179251,-0.0494806783143,-0.0852041098325,-0.2593064392761,-0.0041203235622,0.2148366606863,-0.1855382316351,-0.1743307339579,-0.0801714638545,-0.1558925194687,0.0035401556551,0.0387182200461,-0.1571585272026,-0.2277539573095,0.0681990245887,-0.3025009998491,0.0999517195251,-0.1426988447703,-0.0557054155955,0.1626591253765,-0.2490755545393,-0.0881406136588,-0.1821997604273,-0.1763839057015,0.3241422282823,-0.0672401404985,0.2458231023500,-0.1361531965956,0.0103795422101,-0.0406336664028,0.8289028488790,0.1422690656653,-0.2851281802437,-0.0155732398621,0.0102784630599,-0.0554491294582,-0.0495914544384,-0.2902863319887
0.2289064519715,0.3640700917133,-0.2590388185944,0.2248469199055,0.5236011425515,-0.2678701486304,-0.1433248870636,0.4432160295166,-0.2869582052158,0.1565350516885,0.4529052743373,-0.1786137701266,0.3908293809100,-0.2651304056515,0.2886593167995,-0.3330947041712,0.4435010242402,0.3265323588820,-0.2805591162072,0.1990036008745,0.4505609269221,0.4036810962291,0.4051804524259,0.2661219355448,0.6308853368566,0.0847089874959,0.2104781641260,0.0503517859147,1.0000000000000,0.0727871208798,0.4159564628111,0.1886324238195,-0.2638399444611,0.2815451801462,0.2096596798583,0.1444500349260,0.2368541649388,-0.1399914985728,0.1636793910437,0.5061159688755,-0.2862146053513,-0.1806329146648,0.2762847196403,-0.3655873952377,0.1258240496640,0.2286966659337,-0.3818140104188,0.3644182733476,-0.4315480925324,-0.3741265773052,-0.1111328291762,0.3224018582212,0.0002844611356,-0.4104838473473,-0.2885042007756,0.3624970621560,0.3015005491359,0.4353460248452,0.0434056176371,0.5195589583253,-0.1104756784114,-0.0716476369516,0.0154237269353,0.7522571879767,-0.0154447270494,0.2967563329195,-0.0780125474573,0.0078221609519,0.1391141652402,-0.0646354086663
0.3702471020882,0.2607769428084,-0.1294038809648,0.2271684507760,0.2309611017166,-0.1147588664274,0.1953146147059,0.0344526908291,0.1406618750903,0.1827346448924,0.3067415192536,0.1317815655507,0.2994067098362,0.2020797775135,0.3124081843891,0.1863763967527,0.0992523771216,0.2686176402663,0.3518977747994,0.4133014101372,0.2462451130088,0.0682775417796,0.1940669920413,0.1506657722099,0.0851684971050,0.2154938309691,0.0280633266365,-0.0737325490835,0.0727871208798,1.0000000000000,0.2278836168049,0.0818927499541,-0.0565336826324,0.5472574877012,0.4949308930118,0.1141387569688,0.1174995433969,-0.2802504400004,0.2133520185957,0.2347295816257,-0.0082993816105,-0.0859706804862,-0.1908630320939,-0.2214215076921,0.1975167471056,0.0959027048561,-0.0235308034481,0.2683767513516,-0.1611949774996,-0.0282633314617,0.0651693718674,0.0667210613013,0.0269451012754,0.0655385841756,-0.2311032698605,0.2265617620315,-0.0394377160539,0.1235337989097,-0.1054634014449,0.1497971145446,-0.0493925060058,-0.2959977845163,-0.1806531730094,-0.0319632079673,0.3424645339059,-0.0949447963027,0.0501967368191,0.1707831660570,0.2439049448317,0.2740376953390
0.3304824683659,0.4481780100597,-0.0101798256846,0.4719395226482,0.1875684290455,-0.2862044624055,-0.2795900698739,0.6074883221034,-0.2325309812015,0.0686019829016,0.0350264039868,-0.0692606092631,0.0851182523413,-0.1240144824049,0.1232091085478,-0.2408807930118,0.3762349751141,0.5299288796879,-0.0512045091457,0.4147627762733,0.1583965485705,0.2201446562702,0.5819192718425,0.2570538592605,0.2871626323738,0.2391597458867,0.1230815136068,0.0794845018598,0.4159564628111,0.2278836168049,1.0000000000000,-0.0135121087911,-0.1466754584174,0.3603894034633,0.4342918640442,0.1702163236005,0.3913641914351,-0.2243157049060,0.3912442305000,0.2583669925466,-0.2691291138387,-0.4994260033057,0.2340552695786,-0.3979745268629,0.0301823173460,-0.0647480741153,-0.1738283237169,-0.0090852957158,-0.3056486580774,-0.2382796675932,-0.2868959376686,0.4086548041910,0.2526747111575,-0.2779031310018,-0.1868679309757,0.1290941837561,0.0251791900722,0.5242145154600,0.0559210608456,0.3539809131522,0.1239694188333,0.0215461596576,0.0271258990540,0.2810549437695,0.0278148401628,0.4096483747617,-0.0638534551256,-0.1144110332170,0.2906318970519,0.2918911673343
-0.0175923956172,-0.0137066933082,-0.2601226446295,-0.1252249923892,-0.0184607706946,-0.1465748640037,-0.1786639577245,0.1021899045837,-0.1030357210540,0.0370044022150,0.0899637092990,-0.1110891990134,-0.0918902423746,-0.1045828596185,0.1924777062276,-0.1928218721085,0.0641059331948,-0.0490093343700,-0.2489463400290,0.0099744424461,-0.1039784194224,0.1808803649408,-0.0167120389504,0.0655290838837,0.1489959571329,0.0346261713490,0.2115990769775,0.0791180731820,0.1886324238195,0.0818927499541,-0.0135121087911,1.0000000000000,-0.0533545024646,0.0699128890340,0.0235939718383,-0.0498604424758,-0.0236961337480,-0.1924521421608,-0.1661145025411,-0.0349757052244,-0.1368220427288,-0.0973490422515,0.1302290790381,-0.1044076279269,-0.0077970923189,-0.0339321678093,-0.3178158975717,-0.0985852994546,-0.2827732479934,0.0009130722330,0.0658702442598,-0.0211251243767,-0.1455344784057,-0.3110827102039,-0.1298268246959,-0.1174695538220,0.1348209960315,0.0457022748319,-0.1064690460473,-0.0240350801930,-0.1125839424744,-0.1429519042754,0.0190740142832,0.1339263639433,0.1031730051977,-0.0463748355759,0.5975255202321,0.4454202897889,-0.0055365585895,-0.1102922363934
-0.0259135091737,-0.3347350489040,0.2252141907148,-0.1676594783694,-0.2939800234085,0.4687290388278,0.2734019709253,-0.0093960902826,0.2758670906015,-0.0167917371499,-0.2026948883340,0.0873478160936,-0.3117073320167,0.0942248915676,0.0059596143001,0.3936962218892,-0.1182452164983,-0.1247798746133,-0.0102248973047,-0.2016379430927,-0.2473223388650,-0.1949374610150,-0.1715784278211,-0.1672264771182,-0.1569077795784,-0.0405091624699,-0.0950784600368,-0.1540929179251,-0.2638399444611,-0.0565336826324,-0.1466754584174,-0.0533545024646,1.0000000000000,-0.2960010699854,-0.1935386433428,-0.1087362635904,-0.3380004016806,0.0230047863652,-0.0792051626538,-0.2094834958071,0.2927137002418,0.2330628107625,-0.0914921274009,0.3573681425245,0.0171536937738,-0.2006011989527,0.2042763697758,-0.1992891765577,0.2051785333875,0.4048113073047,0.2492471076873,-0.1353452908073,-0.1718054951848,0.0782856549256,-0.0009724210000,-0.2088694067150,-0.2703232089756,-0.2419222882303,-0.1714756223570,-0.1348085763169,-0.0140169809160,-0.1837327761109,-0.1834292833436,-0.3252466651496,0.0414308424351,-0.3018425619072,0.0281198964315,0.2024468588776,-0.2492924920331,-0.0310811571554
0.5032047362396,0.4100082056688,-0.1320095710366,0.3818891110799,0.4803149101511,-0.3998457303701,-0.1968021671443,0.0929296249846,-0.3463788465139,0.3780536404864,0.2457763830470,-0.2346657761851,0.4759451018620,-0.0908657955026,0.0573952740624,-0.1087569793311,0.3783628311431,0.3414913250681,-0.0035962556711,0.3707497252972,0.5252257980684,0.3147271284159,0.4848564276088,0.3568067611263,0.2995587511181,0.0360269801932,-0.1911560230773,-0.0494806783143,0.2815451801462,0.5472574877012,0.3603894034633,0.0699128890340,-0.2960010699854,1.0000000000000,0.5491225290427,0.2671362916321,0.3580050276659,-0.2524632214812,0.3464267672433,0.4788488950185,-0.2380670163007,-0.3190941214653,-0.0321697656388,-0.3913781452047,0.4020353826491,0.1909379825858,-0.2955388601805,0.3853314192356,-0.2697342316191,-0.1825868292644,-0.0827285210408,0.3334324372424,0.2216197293043,-0.1941792317138,-0.0282367622925,0.5554308619589,0.3439083877415,0.4420168383778,0.2504856467513,0.4060138542105,0.0054677997272,-0.1390893771740,-0.1367711971668,0.1880973782011,0.4204630041943,0.2481868900885,0.0227250809183,0.0440870904605,0.6879385348393,0.3907448410852
