1.0000000000000,0.4107907866542,0.3481678545425,0.5940810255423,0.1758682356403,-0.1091209674033,-0.0617520207398,0.5679325602881,-0.0079438692677,0.2978455272073,0.0863207080536,0.0907962601454,0.1933810888711,-0.1654532923797,0.4541482010957,-0.0063726012544,0.2714019924712,0.6682469874840,0.4782387104233,0.7068629013261,0.2167813835657,0.4029938099625,0.4335738247713,0.5911258032752,0.3989888506649,0.4809096456357,0.4744250199957,0.1487098193962,0.3435087498588,0.5662626523999,0.4901329321552,-0.0776101016868,-0.1538348311019,0.4360371653104,0.5739821604060,0.3409082756963,0.1256590262304,-0.1108162404442,0.3508123504416,0.0702996448827,-0.1371927439764,-0.2295615917940,0.2742251783631,-0.2546648684470,0.2922479914956,-0.1097880132322,-0.0330517374836,0.1047230618888,-0.2766826012974,-0.1885766896623,-0.1018664597455,0.2681191944037,0.3025219844548,-0.3007517621603,-0.0420147020311,0.1417255597266,0.2488176761134,0.2840727724073,0.2480900403847,0.1672313023352,0.2461081238026,-0.0130759189332,0.0651876341735,0.1540431037658,0.1213102641177,0.1886551954097,0.0658287411239,-0.0071783166466,0.2959293581459,0.3401394671083
0.4107907866542,1.0000000000000,0.1727876606797,0.6873743484879,0.3288938021212,-0.0052990046548,-0.0085099469416,0.3187970506803,-0.0725688687425,0.2336529827950,0.1899902707780,0.0721483976464,0.1927672976928,-0.1879180632083,0.1567242351050,0.0218789994289,0.1964318504112,0.4781026568632,0.2259340354316,0.3393823183260,0.2267735366790,0.3288926337254,0.5367322580221,0.4273340444364,0.3677166659227,0.5012431818619,0.4934956141892,0.2515300734191,0.3235452686964,0.4126567493971,0.4419485027963,-0.1617419955679,0.0328981479808,0.4421837634593,0.4631549327622,0.3976121959092,0.7063717916318,-0.0375301848861,0.5326432962203,0.2540724926801,-0.0403492265726,-0.2483724387002,0.2543491889627,-0.2609331912435,0.3518278607594,-0.0093915607637,-0.0748836065403,0.0826027625981,-0.2158680940213,-0.2242829021463,-0.0466865336341,0.1312127212990,0.3527014126069,-0.3959876918344,-0.0368307126735,0.2284376802384,0.1302700844205,0.5458500846465,0.2283887556294,0.3613302589782,0.3477400338685,0.2639436565441,0.2380713464879,0.2385625943526,0.0335218523825,0.3438828929642,0.0349948326838,0.0757968849606,0.2931864987812,0.4383925314317
0.3481678545425,0.1727876606797,1.0000000000000,0.2826962117783,-0.1606855357240,0.1938487026200,0.0278343253778,0.5460867798248,0.1435769911973,-0.0510834410826,-0.0437229619525,0.3782994609914,-0.0952944671359,0.1014134272561,0.3036482910714,-0.0214983850505,0.2153232730802,0.2998416368966,0.5573683603151,0.3415679967832,-0.0051072763448,0.1802349916248,0.0232650955187,0.3481693644602,0.2162383786185,0.3669931293445,0.6240557023201,0.6835711826136,0.3065027937516,0.3175982498928,0.3203147776797,-0.1578624863098,0.0756848916536,0.3466998131980,0.1300986222039,-0.2019539865104,-0.1826745262793,0.6123622377075,-0.0389915655135,-0.3334418735069,0.1809798689501,-0.2459508176742,0.2246715016855,-0.0439998028730,-0.0879656506172,-0.3003256026988,0.2551255003280,-0.1116039829630,0.1271745972052,-0.0778967883589,0.0089094570291,0.3059357826413,-0.2071694583857,-0.1207169456146,-0.3842426072181,-0.0773849051492,0.1463367260777,-0.1706805140381,0.0950549836316,-0.1277082679215,0.0446941083283,0.3940678789664,0.6611491894654,-0.0261980776621,-0.1730648726993,-0.0192301558870,0.1096997917422,0.2829914691611,-0.0453027970389,-0.1306685312809
0.5940810255423,0.6873743484879,0.2826962117783,1.0000000000000,0.4074922343183,0.0336441873011,0.2184018446312,0.5493940775703,0.1019113890920,0.5141428561084,0.3910174404787,0.0903298144889,0.3607436843012,-0.1833406620764,0.4336415802616,0.2513291963858,0.2841116370326,0.5121612122684,0.3042835703720,0.4973397433171,0.2723859569519,0.4119982535461,0.6940200173107,0.4953400322529,0.5807124963841,0.5608135422125,0.4802942265994,0.1357019537587,0.4453645043877,0.6461685041309,0.5848173266008,-0.1790928022449,-0.1137519201195,0.6957932983923,0.6250769413018,0.4547577846601,0.3605716652598,-0.1362904166997,0.6828444072523,0.2601929622913,-0.0431378545556,-0.1419762383900,0.3260784648623,-0.2543143179029,0.5440842923181,0.1976707130383,-0.0996126764143,0.2784093377664,-0.2428133515966,-0.0303471915815,0.0897717277461,0.1908931806344,0.3424433360220,-0.4027128644852,-0.1322432558975,0.3350952231934,0.1555458963733,0.5589159197020,0.1795336141196,0.5138308329189,0.3428428659668,0.0856451204605,0.1170404158431,0.2707445008712,0.2600756729147,0.2016753013014,0.1026394544460,0.0537228569928,0.3567133967408,0.5180679126904
0.1758682356403,0.3288938021212,-0.1606855357240,0.4074922343183,1.0000000000000,-0.2090753765662,0.1250008567468,0.2488019454450,-0.2120082029381,0.4581113753201,0.4744377665693,-0.3608066681284,0.7471058575114,-0.4091155057586,-0.0535322803088,0.1845556112757,0.1393547437193,0.3612533654257,-0.0800282470920,0.2101858889360,0.7052581385528,0.1616909587892,0.3722640975925,0.2832487854505,0.5568790455818,0.0116438398728,0.0991409242800,-0.1635062420964,0.4605717124091,0.1755697428581,0.2922738540141,-0.1572398973826,-0.1837647371955,0.2728187216016,0.3221012421591,0.2586861207191,0.3650092686674,-0.1575642112263,0.4141523291928,0.9280434629844,-0.2358568605564,-0.0187637162743,0.3371016188202,-0.4166483408129,0.6387053667784,0.5103438460251,-0.3820368347030,0.6135279522168,-0.3807372457863,-0.2151303438316,0.0543473077542,0.0048320874755,0.3816844334247,-0.3824555463828,0.0683368794810,0.8273800186793,0.0257530286150,0.4148980632763,0.2100317091876,0.6185169570433,0.0269599501332,-0.0304332268375,-0.1092079734619,0.4708191736218,0.1162743323830,0.2217108721619,-0.1880023955306,-0.2652528765752,0.2826209627845,0.3623731155579
-0.1091209674033,-0.0052990046548,0.1938487026200,0.0336441873011,-0.2090753765662,1.0000000000000,0.4744758533457,-0.0014816609227,0.6378765505276,-0.1019618432021,0.2324756940811,0.2531485797344,-0.2500735480958,0.1281689156630,0.4038190940145,0.2723963396275,-0.1216366859660,-0.1845752304376,0.0037118847309,-0.2092897554264,-0.3793325534473,-0.0599389099535,0.0153062882281,-0.1352736177341,-0.1244355099082,0.0267879032852,0.1553184978739,0.3944969606879,-0.1417163798664,0.1616360002019,0.0016921337674,-0.1428386240090,0.6198339764059,0.1042642393647,-0.0540668409652,-0.1145047917292,-0.1347855052313,0.2038250482548,-0.0641972720622,-0.2690196409999,0.7527346264259,0.3583461915272,-0.2341397321512,0.4959357441891,-0.1987950415878,-0.0262655612512,0.0458938000063,-0.2640140029740,0.0843315880941,0.5152250491531,0.1977898920255,-0.1335945685207,-0.2651693484797,-0.1269124491922,-0.3860596713909,-0.2868335415248,-0.1864966272333,-0.0964275634817,-0.1828065399563,-0.0642031163360,-0.0916483162092,0.1658505674505,0.3474090535416,-0.2265027801341,0.0198774387568,-0.2574151626113,-0.0441383851352,0.5888048119199,-0.1268871696482,-0.0573235472489
-0.0617520207398,-0.0085099469416,0.0278343253778,0.2184018446312,0.1250008567468,0.4744758533457,1.0000000000000,0.0115867749028,0.6910142511386,0.2167993550910,0.7611993539709,0.0646944435666,0.3043655038814,-0.0047193137192,0.4827756767538,0.7419541705239,-0.0299729370490,-0.1567624451427,-0.1254044560951,-0.1271818848414,-0.1351120777645,0.0004437363489,0.1335539538031,-0.1145737710764,0.0267078617655,0.0018693614270,0.0289577045030,0.1511597101364,-0.0255850462848,0.3164947347059,-0.0103728382595,-0.3274578623796,0.2446869797154,0.2772143014243,0.0609042311624,-0.0049841657372,-0.0993065097650,0.0020094503043,0.1808709271689,0.0554477182847,0.4586365209106,0.6735762751299,-0.2748015371592,0.5057100315966,0.0549988249160,0.6051397777032,-0.0362311998988,0.2543070452879,-0.0005935225987,0.5010967981005,0.5577248700131,-0.1054575610022,-0.1097299118214,-0.1858070997703,-0.3200291254034,0.0649983097684,-0.1958414530847,-0.0467183192546,-0.1799489110699,0.1157645592115,-0.0576096430565,-0.0555275897653,0.1039860910802,-0.0662956208682,0.2251944551550,-0.3077518680999,-0.1061215696248,0.2636149104891,-0.0161778332603,0.1537780051977
0.5679325602881,0.3187970506803,0.5460867798248,0.5493940775703,0.2488019454450,-0.0014816609227,0.0115867749028,1.0000000000000,0.1042728484997,0.3135097624613,0.0814157887111,0.0015411345858,0.1544599325493,-0.3812795932293,0.3787003570036,0.0494391516273,0.3604684684937,0.5868700321155,0.4351422878059,0.5517413832974,0.1038430836623,0.4275924154518,0.4333862946249,0.5332572211715,0.7113142393618,0.2762611420068,0.6179214748332,0.3129117671296,0.7062654320623,0.3240910156775,0.7018797317220,-0.2305488430744,-0.0170675028286,0.3439677472499,0.2996371899074,-0.0011300723062,-0.0817339743558,0.1134448402130,0.2964406365970,0.1798472668654,-0.0698935794957,-0.2713910932852,0.6077724410213,-0.2943182010029,0.3079717818172,-0.0689642796907,-0.3216718937632,0.0780545740029,-0.4219171195950,-0.2940367652043,-0.0405259171838,0.2907307350174,0.0662420602663,-0.4958211205036,-0.3421659476357,0.1155803224722,0.1959375282839,0.2465897603630,0.1091617665547,0.4257341066472,-0.0138630110900,0.1949081357823,0.2478696501731,0.4931567377520,-0.1485494373305,0.1749382583759,-0.0610996183573,0.1392696826921,0.0705953828165,0.0722881750632
-0.0079438692677,-0.0725688687425,0.1435769911973,0.1019113890920,-0.2120082029381,0.6378765505276,0.6910142511386,0.1042728484997,1.0000000000000,-0.0557167987673,0.4734948292905,0.2671789267568,-0.2207061708061,0.0892550193236,0.6375617217217,0.4765799201647,-0.0040083882843,-0.1234141705769,-0.0180638933957,-0.0978415720813,-0.4843702286959,0.1264325543094,0.0600946204322,-0.0690653596915,-0.1584713373817,-0.0214553805197,0.0429828648283,0.2591606554856,-0.0885886155756,0.2326631308865,0.1158993761735,-0.2171333997967,0.5081541567353,0.1542698447928,0.0077868826546,-0.0654214233328,-0.1850274211129,0.0811363343884,0.1107277878869,-0.2087297740449,0.6407587363287,0.4607500776142,-0.2796526093932,0.7217364922491,-0.2501544566703,0.2086236489935,0.0580190532031,-0.1903431446425,0.0528758950582,0.5892106585931,0.3043641463843,-0.0405328752793,-0.0870211219273,-0.0503551535924,-0.2501325915120,-0.3312411792179,-0.0124896678628,-0.1368230426081,-0.1460685260866,-0.1201986594645,-0.0803146748920,0.0215727334288,0.1855074405920,-0.0861014362009,0.1127471193281,-0.2219857413767,-0.1063763445324,0.4040407343437,-0.0682264304824,0.1110497328676
0.2978455272073,0.2336529827950,-0.0510834410826,0.5141428561084,0.4581113753201,-0.1019618432021,0.2167993550910,0.3135097624613,-0.0557167987673,1.0000000000000,0.2737905889353,-0.0584861222982,0.4694206240297,-0.1296282310086,0.1585859537557,0.4401142337886,0.1605494665143,0.0954812248106,0.0397002773065,0.1320933024491,0.3614630704525,0.1935519774728,0.5125849490994,0.1694852693922,0.6377196066626,0.3250229212612,0.1264150489686,-0.0828505264353,0.2412832246804,0.2786879394993,0.1375029718060,0.0524168066663,-0.2324717907484,0.3190600031560,0.1735397264184,0.2543633587610,0.1724908551373,-0.2574110520315,0.5250116087724,0.4182169299300,-0.1361823603141,-0.0155127697778,0.1336361349316,-0.2610811781461,0.7917849562452,0.3907460367551,-0.2806668478510,0.5268736922383,-0.1045890179389,-0.0687230850402,0.3322104100305,0.0385614800093,0.0785162847258,-0.3775345522556,-0.1641122336565,0.4340513494949,0.0394607146538,0.4052267414044,0.0648933188786,0.6218443438757,0.3336473387866,-0.1672464520786,-0.1357880032436,0.2075787623696,0.2850773523145,-0.0834371938575,0.0702641329448,0.0028716092398,0.0768561635153,0.1381740527270
0.0863207080536,0.1899902707780,-0.0437229619525,0.3910174404787,0.4744377665693,0.2324756940811,0.7611993539709,0.0814157887111,0.4734948292905,0.2737905889353,1.0000000000000,-0.1084079149321,0.5335878753001,-0.2517581572765,0.4461073895947,0.5651592316279,0.0811343941848,0.0644189553387,-0.0669738470465,0.0773715983048,0.1593023664472,0.1797373899007,0.2065420327712,0.0776652004310,0.1651849523880,0.1506118993818,0.1268284514373,0.1429672951629,0.2069701026272,0.4115813391243,0.1102930574270,-0.3275772156861,0.0534106638144,0.4219698803360,0.3086621259417,0.1516620567626,0.1327398301159,-0.0496236725313,0.3569788585988,0.3857743707113,0.2035972162729,0.4834972808953,-0.1737959947904,0.2376394071565,0.1993752208234,0.7884115087332,-0.2020876176156,0.4103214667692,-0.2107503779337,0.3281647757106,0.3358044172905,-0.0192606760795,0.0565774992800,-0.3097795093785,-0.1921417900687,0.3953112648928,-0.0706286103314,0.0784861746176,-0.0212597265270,0.2673980659539,0.0951601406947,-0.0201897865385,0.1067617661698,0.1825284688714,0.2027616232842,-0.1590999429351,-0.1881791031592,-0.0456337630025,0.2225660616844,0.3882609972078
0.0907962601454,0.0721483976464,0.3782994609914,0.0903298144889,-0.3608066681284,0.2531485797344,0.0646944435666,0.0015411345858,0.2671789267568,-0.0584861222982,-0.1084079149321,1.0000000000000,-0.3543069495799,0.5007731285825,0.2785966449794,0.1328178804823,0.0706565670168,-0.1378289941775,0.4643570854611,0.0239558058202,-0.1838842482863,0.0535170764621,-0.0953370813090,-0.0008967292506,-0.1324512106631,0.3754391310520,0.2552411354768,0.4306708364766,-0.1874790753981,0.2965194185341,-0.0274544953377,0.3839200540847,0.1053833704650,0.1720238065601,0.0922632111109,-0.0402696453758,-0.1273018045356,0.2838177146841,0.0708233125435,-0.4195282655538,0.2163796127589,0.0289577602397,-0.2248710983840,0.2866222900508,-0.2120831877093,-0.2845656953211,0.5962638795038,-0.1731240239054,0.5936087445351,0.1982816470435,0.1424762312031,0.1973043544384,-0.2048650751629,0.2827683186145,-0.1135261336688,-0.2846602946477,0.0496873140555,-0.2029326693297,-0.0086693084249,-0.2151844699076,0.3177578255273,0.2645215894708,0.4137420145066,-0.2361623698840,0.0722335872868,-0.1300587355895,0.3842805885075,0.3766484256695,-0.1976706799017,-0.1605595048882
0.1933810888711,0.1927672976928,-0.0952944671359,0.3607436843012,0.7471058575114,-0.2500735480958,0.3043655038814,0.1544599325493,-0.2207061708061,0.4694206240297,0.5335878753001,-0.3543069495799,1.0000000000000,-0.2754384356160,0.0348829434857,0.3480940345389,0.0997863893512,0.2968234149576,-0.0210801775868,0.2597025978523,0.7148813350441,0.0851214548632,0.2503181976267,0.2199697737990,0.4393115691205,0.1120846966563,0.1092888757020,-0.1851313988443,0.3534065633426,0.2753698820775,0.2126168231244,-0.2090966191624,-0.3050829027181,0.3433646120275,0.3013245394524,0.2347234870396,0.1608284700226,-0.1499170400557,0.2927327482005,0.6313714201568,-0.3187090648376,0.0748473915770,0.1912331224709,-0.3149123395037,0.5339496896246,0.6005445282093,-0.2888047907732,0.7967571568233,-0.2568253672322,-0.1405687525186,0.2141747038725,-0.0104534723775,0.2895180699796,-0.2833537540115,0.0254024680466,0.7749558398524,-0.0760017908863,0.2448101048951,0.1015331036100,0.4504833298624,0.0679589540553,-0.0813200389170,-0.1183310385524,0.2707493430878,0.1680768899146,0.0962177354127,-0.0700454267383,-0.2357042012069,0.2356834016708,0.3379679418522
-0.1654532923797,-0.1879180632083,0.1014134272561,-0.1833406620764,-0.4091155057586,0.1281689156630,-0.0047193137192,-0.3812795932293,0.0892550193236,-0.1296282310086,-0.2517581572765,0.5007731285825,-0.2754384356160,1.0000000000000,-0.0336571287761,-0.0490419035156,-0.0382785394985,-0.3835801580929,-0.0412751839803,-0.2979122126398,-0.1497053076311,-0.0654402921123,-0.2337829907411,-0.1420043968533,-0.3178053619313,0.0787542310720,-0.1796783544568,-0.0507912772057,-0.3847945684375,0.0190398196560,-0.1710297121687,0.5431123417420,0.2119584538427,-0.0684588832614,-0.1273888072212,0.0408722010585,-0.0593645783664,-0.0233894768064,-0.2173079690874,-0.4685255402146,0.2044508512221,0.1246029585178,-0.4413738968482,0.3530748960035,-0.2473814870252,-0.2904492889588,0.7580126917731,-0.2529333062460,0.8141987877683,0.2221287434137,0.0170435134192,0.0783763549367,-0.1159688877529,0.5783243850329,0.0009506063109,-0.2898995248515,0.0828495964114,-0.1995451991257,0.0115276064621,-0.3824163187905,0.0520158592285,-0.1449327692830,-0.0369042765335,-0.5746260531287,0.1563499932104,-0.1001383090514,0.6030381427322,0.2423408561689,-0.0419882271419,-0.1369488846002
0.4541482010957,0.1567242351050,0.3036482910714,0.4336415802616,-0.0535322803088,0.4038190940145,0.4827756767538,0.3787003570036,0.6375617217217,0.1585859537557,0.4461073895947,0.2785966449794,0.0348829434857,-0.0336571287761,1.0000000000000,0.4289717191384,0.2407628122344,0.2096534772390,0.4428041537033,0.3855896057087,-0.3155395187669,0.4037179833550,0.2531548587545,0.3041753066857,0.0902849771205,0.3790312822833,0.3156117733768,0.3559811970878,0.1554043414936,0.6429534071988,0.3450028526160,-0.1636866245064,0.2048027512657,0.4812645933623,0.3216657856415,0.0906769502956,-0.1740285201921,0.0037266250109,0.2611030704262,-0.1461976134056,0.3218310604592,0.1446781723182,-0.1246835282841,0.3112757731548,-0.0285092232298,0.1550382063500,-0.0425173465137,0.0242504909495,-0.0626365432239,0.3755725956774,0.2100970505507,0.1729143430265,-0.0431843178681,-0.1811705867603,-0.3102610909855,-0.2178879474361,0.1393821922516,0.0229673358643,0.0375528234075,0.0126810950104,0.1456007039363,-0.0259168958630,0.2502197141736,0.0612791670241,0.2090910381585,-0.1775001795710,0.1542902525288,0.3604788596010,0.0614250950390,0.2149176875504
-0.0063726012544,0.0218789994289,-0.0214983850505,0.2513291963858,0.1845556112757,0.2723963396275,0.7419541705239,0.0494391516273,0.4765799201647,0.4401142337886,0.5651592316279,0.1328178804823,0.3480940345389,-0.0490419035156,0.4289717191384,1.0000000000000,0.0737398002221,-0.1554931762762,-0.0436689072050,-0.0851014184685,-0.0547819606565,0.0642553331814,0.2813269456283,-0.0346115083390,0.1339486348870,0.0533738446852,-0.0345842579356,0.0731822417183,-0.0176494545298,0.3784247349580,-0.0195610123240,-0.2566963689349,-0.0231153719815,0.3037307066303,0.0901817315651,0.0218879504909,-0.1207062556826,0.0013316160899,0.2959010263121,0.1297207081765,0.2474840603701,0.3548849012404,-0.1674709570901,0.3399644252020,0.2240750232735,0.5188404338321,-0.0692312770569,0.4488221499438,0.0502839962361,0.4103077461988,0.7841866142306,-0.0217199395451,-0.0374453877806,-0.1974914223784,-0.2223936458109,0.1240427083486,-0.1009185681941,0.1027823538296,-0.1090468780321,0.2642985952481,0.0737312764242,-0.1200642053345,0.0324421492893,0.0330846642175,0.3272081731697,-0.2352931297974,-0.0352745239010,0.2518565534943,-0.1490061440010,0.1571522669704
0.2714019924712,0.1964318504112,0.2153232730802,0.2841116370326,0.1393547437193,-0.1216366859660,-0.0299729370490,0.3604684684937,-0.0040083882843,0.1605494665143,0.0811343941848,0.0706565670168,0.0997863893512,-0.0382785394985,0.2407628122344,0.0737398002221,1.0000000000000,0.1007520073810,0.1738506490236,0.1780306287972,0.0101217353313,0.8034196267920,0.3526918793685,0.7139849197201,0.4396895380602,0.2017801168824,0.1576680630549,0.0665277369825,0.5529794668552,0.2290616069455,0.4489185940809,-0.0100127296213,-0.0808097798330,0.1543801823849,0.2665423084245,0.1306581375886,-0.0066054942826,-0.0719885008880,0.1150081139967,0.0771563892049,-0.1193196855546,-0.1344251439143,0.1387363625983,-0.1133169231792,0.0643766069787,-0.0252679931945,-0.0446416570625,0.0370440604178,-0.0794449525353,-0.1973603835646,0.0366845637629,0.9203793864531,0.0899575528401,-0.2057716631309,-0.2137995646040,-0.0518552622093,0.7493437206102,0.3374317408023,0.6798396462545,0.3102682796170,0.0644110175633,-0.0800536059563,0.0177057909219,0.4848632530166,0.0613519861558,0.3510338134514,0.1272550373890,0.0280982309859,0.0224436146032,0.1813015243428
0.6682469874840,0.4781026568632,0.2998416368966,0.5121612122684,0.3612533654257,-0.1845752304376,-0.1567624451427,0.5868700321155,-0.1234141705769,0.0954812248106,0.0644189553387,-0.1378289941775,0.2968234149576,-0.3835801580929,0.2096534772390,-0.1554931762762,0.1007520073810,1.0000000000000,0.4008013743015,0.7704762828082,0.3182943697101,0.2620631365624,0.3209247629715,0.5292493693241,0.3521315234843,0.3147911731408,0.5241821321771,0.1421026075006,0.4286609360694,0.4054407151084,0.5535056736921,-0.2068192883826,-0.0648061992869,0.4285029215717,0.5740965543314,0.1532901947688,0.2299379939608,0.0002117284986,0.3360066081516,0.2929596477279,-0.2401405686484,-0.3389957609299,0.4513516837606,-0.4340819207515,0.2290791545860,-0.0840616010316,-0.2484768341703,0.1057294705352,-0.4557409708857,-0.3894045820131,-0.2553854574310,0.0649994417192,0.4786568962326,-0.3201919441879,0.1343552998430,0.3069796998832,0.1112812609901,0.2408976750280,0.1423858273319,0.1515914289139,0.1005066346859,0.1725161485803,0.0858810405165,0.2746142448539,-0.0664595038150,0.2619188488815,-0.0957110575217,-0.1140970824725,0.4296057153835,0.4652368855283
0.4782387104233,0.2259340354316,0.5573683603151,0.3042835703720,-0.0800282470920,0.0037118847309,-0.1254044560951,0.4351422878059,-0.0180638933957,0.0397002773065,-0.0669738470465,0.4643570854611,-0.0210801775868,-0.0412751839803,0.4428041537033,-0.0436689072050,0.1738506490236,0.4008013743015,1.0000000000000,0.6449805574781,0.0350374357919,0.2084636004816,0.0856827444345,0.3589681681863,0.1589281929992,0.5086781673202,0.5685991147886,0.4171999941827,0.2187220847043,0.3757376634378,0.2600477240876,0.0592661954840,-0.1000861004816,0.3308138005588,0.3303487354342,-0.1008259179434,-0.1561319760236,0.2137774878383,0.1930400966697,-0.1785535559186,-0.0281179076911,-0.2639883989084,0.1457395806544,-0.1447226530515,-0.0237698069280,-0.2133889212228,0.1261385003092,0.0513223428454,0.0830732795032,-0.1342882304398,-0.0084339045152,0.2232206258535,-0.0557094116906,0.0106701987310,-0.0878756678823,-0.0357030977092,0.1338480376484,-0.0955996708805,0.1026436003146,-0.0802770885037,0.3228449961977,0.2800835002271,0.3604242536392,0.0916275886496,-0.0839839086836,0.0165645336974,0.2213744693625,0.2406540274775,-0.0795722760769,0.0028641477872
0.7068629013261,0.3393823183260,0.3415679967832,0.4973397433171,0.2101858889360,-0.2092897554264,-0.1271818848414,0.5517413832974,-0.0978415720813,0.1320933024491,0.0773715983048,0.0239558058202,0.2597025978523,-0.2979122126398,0.3855896057087,-0.0851014184685,0.1780306287972,0.7704762828082,0.6449805574781,1.0000000000000,0.2606573567397,0.2636360393175,0.2567871188516,0.4779288899927,0.3242525392433,0.4479964681712,0.5272462224200,0.1570426495135,0.3662065995580,0.4448577682915,0.4389443462213,-0.1360082068882,-0.2608596331687,0.4489946288118,0.6032524819854,0.0633896671419,0.0825119506166,-0.0018101088254,0.3259016768228,0.1402667856574,-0.2773480529773,-0.2868569351199,0.3955283698367,-0.3632279802103,0.1742020434810,-0.0589822483812,-0.0918727511669,0.2056648651548,-0.3273968223144,-0.2635659392393,-0.1634499546476,0.1546162644988,0.3138749176888,-0.1149487134574,0.1293281880356,0.2303501400339,0.1473156563321,0.1252268690954,0.1090863254120,0.0951530938840,0.2314556086056,0.1250268045670,0.0766443070153,0.2345455418728,-0.0154177900998,0.1437871727151,-0.0078630628648,-0.1230075093362,0.2368543060259,0.3732436191607
0.2167813835657,0.2267735366790,-0.0051072763448,0.2723859569519,0.7052581385528,-0.3793325534473,-0.1351120777645,0.1038430836623,-0.4843702286959,0.3614630704525,0.1593023664472,-0.1838842482863,0.7148813350441,-0.1497053076311,-0.3155395187669,-0.0547819606565,0.0101217353313,0.3182943697101,0.0350374357919,0.2606573567397,1.0000000000000,-0.0657630987941,0.1466390019664,0.2033296047171,0.4678887016642,0.1449717162253,0.1417957147076,-0.1767813369207,0.3568837152058,0.0446734417779,0.1911320298808,0.0044981166183,-0.3572443812227,0.1744983087995,0.2947758255201,0.2232255512785,0.2847591239215,-0.0490801728738,0.2396857054773,0.5925566604702,-0.3901675808656,-0.2221713002829,0.3646645117732,-0.5033847254491,0.5319652305478,0.2410447113105,-0.0395929885031,0.6480223022852,-0.1203031832489,-0.3340676945785,-0.0681734936823,-0.0069453432639,0.3238962043783,-0.1424320126305,0.2117246077385,0.8958219596419,-0.0656748037208,0.2346845172487,0.1554751162532,0.4219401178570,0.1872082506915,0.0472225227546,-0.0554867933661,0.2650129773524,-0.0286261599961,0.2783324894914,-0.0742498202122,-0.3267685804326,0.1349741817863,0.1882693595922
0.4029938099625,0.3288926337254,0.1802349916248,0.4119982535461,0.1616909587892,-0.0599389099535,0.0004437363489,0.4275924154518,0.1264325543094,0.1935519774728,0.1797373899007,0.0535170764621,0.0851214548632,-0.0654402921123,0.4037179833550,0.0642553331814,0.8034196267920,0.2620631365624,0.2084636004816,0.2636360393175,-0.0657630987941,1.0000000000000,0.4034548470964,0.8218615940046,0.4013088361423,0.2659924803584,0.2471100774119,0.1087716441651,0.5520503856173,0.4126862331936,0.5826138562757,0.0246650252437,-0.0276787762087,0.3499198526630,0.4459232857935,0.2771174598612,0.0761009448538,-0.1330305762926,0.1568668367799,0.1084717992034,-0.1001022540433,-0.1458895596162,0.0390001845271,-0.0913133932412,0.0872154354045,0.0012566471468,-0.1713042605127,0.0057365201457,-0.1881274221396,-0.2059140703107,-0.0380873320411,0.6999025015152,0.2125740390792,-0.3434337345102,-0.2738368324028,-0.1084181362056,0.8146025284422,0.3492263010729,0.7238810923517,0.2480160745358,0.0584017762635,-0.1232374132113,0.0528191042415,0.4838777354031,0.2225140560404,0.3719987971766,0.1724420514166,0.0267206933445,0.2097072163006,0.3529167134293
0.4335738247713,0.5367322580221,0.0232650955187,0.6940200173107,0.3722640975925,0.0153062882281,0.1335539538031,0.4333862946249,0.0600946204322,0.5125849490994,0.2065420327712,-0.0953370813090,0.2503181976267,-0.2337829907411,0.2531548587545,0.2813269456283,0.3526918793685,0.3209247629715,0.0856827444345,0.2567871188516,0.1466390019664,0.4034548470964,1.0000000000000,0.4878317032416,0.5503512900559,0.1886881049362,0.1636606315140,-0.1451285682911,0.3646111369712,0.3317272971670,0.5551103751357,-0.1089732895167,-0.0566626178893,0.3605945925843,0.3582208924914,0.3954945003509,0.3561997195142,-0.3619208980410,0.5549528615962,0.3315239893001,-0.0590823742773,-0.1050761745109,0.3230757824771,-0.2474227478088,0.5266512678880,0.1105143741554,-0.2545835659520,0.2188157207259,-0.3350833234240,-0.0965736267319,0.1830526949483,0.1819227182576,0.3962178898895,-0.4051835713292,-0.0396658623220,0.2029080249514,0.1810052977480,0.8702442076525,0.2157637912007,0.6013960092421,0.1311143713570,-0.1765824311240,-0.2046995778161,0.3004634916039,0.2198088555163,0.2764310313523,0.0494098852459,0.0441571002926,0.1548345359625,0.3643527830886
0.5911258032752,0.4273340444364,0.3481693644602,0.4953400322529,0.2832487854505,-0.1352736177341,-0.1145737710764,0.5332572211715,-0.0690653596915,0.1694852693922,0.0776652004310,-0.0008967292506,0.2199697737990,-0.1420043968533,0.3041753066857,-0.0346115083390,0.7139849197201,0.5292493693241,0.3589681681863,0.4779288899927,0.2033296047171,0.8218615940046,0.4878317032416,1.0000000000000,0.4926843872769,0.3149224739300,0.3994698955673,0.1120502520437,0.6350660197133,0.4218059766434,0.6921253520970,-0.0304003056308,-0.1068575467698,0.3915688523117,0.5247377582705,0.2686913789374,0.1587216797467,-0.0867592456293,0.2269210262318,0.1702254422599,-0.1706914193951,-0.3202084629699,0.2374662376055,-0.2882613386483,0.1557052045947,-0.1258985710542,-0.1369037671822,0.1155554481575,-0.2677242889380,-0.3830386641244,-0.0807508645833,0.6332558766779,0.3980393704069,-0.3766473880686,-0.1617961131574,0.1030677974031,0.6509486220531,0.4431029832468,0.6984075850326,0.2839463761859,0.0847450573455,-0.0303273309078,0.0702268280179,0.4471260189970,0.0836564576422,0.4107445772183,0.1156476422204,0.0281653659408,0.1777058578667,0.3467741564437
0.3989888506649,0.3677166659227,0.2162383786185,0.5807124963841,0.5568790455818,-0.1244355099082,0.0267078617655,0.7113142393618,-0.1584713373817,0.6377196066626,0.1651849523880,-0.1324512106631,0.4393115691205,-0.3178053619313,0.0902849771205,0.1339486348870,0.4396895380602,0.3521315234843,0.1589281929992,0.3242525392433,0.4678887016642,0.4013088361423,0.5503512900559,0.4926843872769,1.0000000000000,0.2762706466098,0.4551435337448,0.0506651010104,0.7777304332440,0.2236448564685,0.5697720522381,-0.1610252923445,-0.1858160952423,0.2837788899452,0.3026734956224,0.1903502948511,0.1450430979641,-0.0984509331201,0.4063881538275,0.4630108664245,-0.1779007582133,-0.2067712957423,0.5757225933244,-0.4385366022535,0.6580869402918,0.1309719632746,-0.3512357968810,0.3857223765034,-0.3400740308952,-0.3169541073955,0.0573627665210,0.3345281770974,0.1252093598892,-0.5326266855836,-0.2828535606945,0.4616070802952,0.2081644484539,0.4840428443799,0.2323756132509,0.8367473560856,0.0993069399248,0.0846221137900,0.0485954116981,0.5972847227678,-0.0056759451110,0.2767830468996,-0.0655004863161,0.0004095199857,0.0509943760030,0.1007011350101
0.4809096456357,0.5012431818619,0.3669931293445,0.5608135422125,0.0116438398728,0.0267879032852,0.0018693614270,0.2762611420068,-0.0214553805197,0.3250229212612,0.1506118993818,0.3754391310520,0.1120846966563,0.0787542310720,0.3790312822833,0.0533738446852,0.2017801168824,0.3147911731408,0.5086781673202,0.4479964681712,0.1449717162253,0.2659924803584,0.1886881049362,0.3149224739300,0.2762706466098,1.0000000000000,0.6046214688257,0.4499834489373,0.1691659988883,0.6051168321632,0.1668124074129,0.0423142335977,-0.0475632966704,0.5319303627740,0.5536267465162,0.1941219496617,0.1763301832806,0.0947844525073,0.3691151726747,-0.1502297886720,-0.0374237380465,-0.1605521582703,-0.0099337932993,-0.1661416286901,0.2307044198666,-0.0482062549460,0.1671459482493,0.0282923283381,0.1509540968469,0.0083001108902,-0.0644132834804,0.2510284380428,-0.0827343021145,-0.1904093628024,-0.2250289417938,0.0937580897343,0.1139271734933,0.0891081970280,0.1300361355158,0.1202368678109,0.6713694227327,0.2888720177646,0.4159332448533,-0.0113074167435,0.0861632641224,-0.0639853858948,0.2632599037154,0.1179992177174,0.2539991542555,0.3331820311689
0.4744250199957,0.4934956141892,0.6240557023201,0.4802942265994,0.0991409242800,0.1553184978739,0.0289577045030,0.6179214748332,0.0429828648283,0.1264150489686,0.1268284514373,0.2552411354768,0.1092888757020,-0.1796783544568,0.3156117733768,-0.0345842579356,0.1576680630549,0.5241821321771,0.5685991147886,0.5272462224200,0.1417957147076,0.2471100774119,0.1636606315140,0.3994698955673,0.4551435337448,0.6046214688257,1.0000000000000,0.6650018408388,0.4365374169955,0.4734103459667,0.4368139414155,-0.2132859126478,0.0665792459441,0.4428684399651,0.3963966187819,-0.0440763567275,0.0797078176134,0.3420767312405,0.2055742109166,-0.0447232179837,0.0928202968131,-0.2139746281839,0.3289885423889,-0.1884829996867,0.1506770200142,-0.1626781634038,-0.0194844710568,0.0048855320658,-0.1389075618824,-0.1748273194718,-0.0691695903203,0.1838993813870,-0.0819226750308,-0.3717526223581,-0.3971155115815,0.1033947741489,0.0135588807717,0.0272371581933,0.0344554497213,0.2084586691267,0.2442533033342,0.6668473871506,0.6338041257105,0.1628679225918,-0.1837218210362,0.0474562771388,-0.0134814826792,0.2340271905107,0.0838111891016,0.1068164269887
0.1487098193962,0.2515300734191,0.6835711826136,0.1357019537587,-0.1635062420964,0.3944969606879,0.1511597101364,0.3129117671296,0.2591606554856,-0.0828505264353,0.1429672951629,0.4306708364766,-0.1851313988443,-0.0507912772057,0.3559811970878,0.0731822417183,0.0665277369825,0.1421026075006,0.4171999941827,0.1570426495135,-0.1767813369207,0.1087716441651,-0.1451285682911,0.1120502520437,0.0506651010104,0.4499834489373,0.6650018408388,1.0000000000000,0.1091787012004,0.3372273611246,0.0385181723145,-0.1396090099581,0.2410419998616,0.2654278407672,0.0835872735315,-0.2469578521959,-0.0793665556977,0.7254272333107,-0.0395889808044,-0.2474842475970,0.3284318518355,-0.0621621038226,-0.0161254755833,0.1103794568892,-0.1685613434600,-0.1585377538251,0.1114400383175,-0.1836411854986,0.0660086859136,0.0638663655738,0.0416829561254,0.1676076586036,-0.3900964546638,-0.2448948357964,-0.4683111492908,-0.1723104080849,0.0115407968546,-0.2798718422091,0.0061350859750,-0.1299828892342,0.1283890601503,0.6164523424389,0.9087072081242,-0.0079159506773,-0.1821755489955,-0.1829584451894,-0.0308009547501,0.3504472068764,-0.0767098369240,-0.1300615739463
0.3435087498588,0.3235452686964,0.3065027937516,0.4453645043877,0.4605717124091,-0.1417163798664,-0.0255850462848,0.7062654320623,-0.0885886155756,0.2412832246804,0.2069701026272,-0.1874790753981,0.3534065633426,-0.3847945684375,0.1554043414936,-0.0176494545298,0.5529794668552,0.4286609360694,0.2187220847043,0.3662065995580,0.3568837152058,0.5520503856173,0.3646111369712,0.6350660197133,0.7777304332440,0.1691659988883,0.4365374169955,0.1091787012004,1.0000000000000,0.1880363865935,0.6834913493598,-0.2865876021484,-0.1439047225263,0.2522265987534,0.3177771843093,0.1198500899722,0.0715193956476,0.0370167770943,0.1968656273071,0.3523428079219,-0.1853332745523,-0.2731377513761,0.5595227000281,-0.3445415851448,0.3106551132296,0.0904588362729,-0.3594805489837,0.2655154445002,-0.4240019333276,-0.4117312278965,-0.0508170685443,0.4724086070957,0.1628872218674,-0.5181403544263,-0.2624921768745,0.3292308893635,0.3784966126934,0.3384907764320,0.3794301617150,0.5921089784476,-0.0452107761944,0.1049585818423,0.1489196253050,0.8033698952456,-0.1699647124745,0.4570241106620,-0.1564825570260,-0.0172323110137,0.0061964166494,0.1127698510572
0.5662626523999,0.4126567493971,0.3175982498928,0.6461685041309,0.1755697428581,0.1616360002019,0.3164947347059,0.3240910156775,0.2326631308865,0.2786879394993,0.4115813391243,0.2965194185341,0.2753698820775,0.0190398196560,0.6429534071988,0.3784247349580,0.2290616069455,0.4054407151084,0.3757376634378,0.4448577682915,0.0446734417779,0.4126862331936,0.3317272971670,0.4218059766434,0.2236448564685,0.6051168321632,0.4734103459667,0.3372273611246,0.1880363865935,1.0000000000000,0.3691225126222,-0.1198335932927,-0.0683622686643,0.8168379601750,0.6699898368122,0.4147029325964,0.0286871546638,0.0688365258203,0.3529884459154,-0.0071243582238,0.0517798085441,0.0201511786506,-0.0607977639539,-0.0266567612534,0.2371107677296,0.1305925819117,0.0538122062438,0.1849160621361,-0.0027681131592,0.2071995255309,0.2078695295132,0.1986010758881,0.1523294321136,-0.2559154548251,-0.2278079351625,0.0715688392523,0.1793669964138,0.1614559450658,0.2267635806173,0.1544663850520,0.3038241972031,0.1348625823882,0.3289019257367,0.0263434572932,0.5385158919036,0.0217928582604,0.2562647785141,0.1765440768596,0.3982143312888,0.5305314949099
0.4901329321552,0.4419485027963,0.3203147776797,0.5848173266008,0.2922738540141,0.0016921337674,-0.0103728382595,0.7018797317220,0.1158993761735,0.1375029718060,0.1102930574270,-0.0274544953377,0.2126168231244,-0.1710297121687,0.3450028526160,-0.0195610123240,0.4489185940809,0.5535056736921,0.2600477240876,0.4389443462213,0.1911320298808,0.5826138562757,0.5551103751357,0.6921253520970,0.5697720522381,0.1668124074129,0.4368139414155,0.0385181723145,0.6834913493598,0.3691225126222,1.0000000000000,-0.1063604726414,0.0534907704515,0.4219916343881,0.4571464899511,0.3268485562403,0.1759751285145,-0.1796386637846,0.3184462360239,0.1887041823364,-0.0502481205210,-0.2130261315079,0.4462990177929,-0.1734230754039,0.1876532972234,-0.0667625195663,-0.1799326718817,0.0929157816562,-0.3442083457939,-0.2349044805696,-0.1188017264875,0.3369863268627,0.4410425460561,-0.3601079618221,-0.1054163234443,0.1307975689449,0.3138190458333,0.5057507092874,0.3081017578819,0.4069638573194,-0.0186346877674,0.0582298766275,0.0196746128023,0.4415657564287,0.0444905686522,0.5313386075928,0.0652717922810,0.1265257451072,0.2042801506995,0.3190563482534
-0.0776101016868,-0.1617419955679,-0.1578624863098,-0.1790928022449,-0.1572398973826,-0.1428386240090,-0.3274578623796,-0.2305488430744,-0.2171333997967,0.0524168066663,-0.3275772156861,0.3839200540847,-0.2090966191624,0.5431123417420,-0.1636866245064,-0.2566963689349,-0.0100127296213,-0.2068192883826,0.0592661954840,-0.1360082068882,0.0044981166183,0.0246650252437,-0.1089732895167,-0.0304003056308,-0.1610252923445,0.0423142335977,-0.2132859126478,-0.1396090099581,-0.2865876021484,-0.1198335932927,-0.1063604726414,1.0000000000000,-0.0006583538437,-0.1674199220454,-0.0554943547893,0.1349783179444,0.0438771712000,-0.1889670652307,0.0076931768445,-0.0870403221400,-0.1537082201779,0.0380471251643,-0.2321533927638,0.0168264200159,-0.0673324433405,-0.1921897551726,0.3407567401212,-0.1505716193405,0.4399705804947,-0.0925289830282,-0.2085548515453,0.0412818540719,0.0517901252906,0.4335510028950,0.1951822652746,-0.1239277563351,0.0796268346414,0.0181316768983,0.0976532170371,-0.1662937350182,0.2273712603419,-0.1621574265827,-0.1899329647133,-0.2798350566711,0.1144028263875,-0.0650495675972,0.5797333410059,0.0120399460478,0.0347257332361,-0.1231776259078
-0.1538348311019,0.0328981479808,0.0756848916536,-0.1137519201195,-0.1837647371955,0.6198339764059,0.2446869797154,-0.0170675028286,0.5081541567353,-0.2324717907484,0.0534106638144,0.1053833704650,-0.3050829027181,0.2119584538427,0.2048027512657,-0.0231153719815,-0.0808097798330,-0.0648061992869,-0.1000861004816,-0.2608596331687,-0.3572443812227,-0.0276787762087,-0.0566626178893,-0.1068575467698,-0.1858160952423,-0.0475632966704,0.0665792459441,0.2410419998616,-0.1439047225263,-0.0683622686643,0.0534907704515,-0.0006583538437,1.0000000000000,-0.1397578778487,-0.1117628743707,-0.1481262975704,-0.0078685436190,0.0762581848898,-0.0453772639024,-0.1574123000626,0.6847467513059,0.2576353165210,-0.1944169362732,0.4274778497647,-0.2588232520640,-0.1544740801300,0.0759520828755,-0.4698360346730,0.1183509299621,0.3102597734954,-0.0725344107170,-0.0844442655256,-0.1521523812382,-0.0214005506885,-0.2334888335200,-0.3087334012352,-0.0865478866045,-0.0599938480175,-0.1275805297906,-0.1520457080866,-0.1068018735880,0.1616050041813,0.1803355766929,-0.2017803432012,-0.2107306036418,-0.1296293302044,-0.0302721121007,0.5429510250906,0.0251199642083,0.0085498651759
0.4360371653104,0.4421837634593,0.3466998131980,0.6957932983923,0.2728187216016,0.1042642393647,0.2772143014243,0.3439677472499,0.1542698447928,0.3190600031560,0.4219698803360,0.1720238065601,0.3433646120275,-0.0684588832614,0.4812645933623,0.3037307066303,0.1543801823849,0.4285029215717,0.3308138005588,0.4489946288118,0.1744983087995,0.3499198526630,0.3605945925843,0.3915688523117,0.2837788899452,0.5319303627740,0.4428684399651,0.2654278407672,0.2522265987534,0.8168379601750,0.4219916343881,-0.1674199220454,-0.1397578778487,1.0000000000000,0.6770296028828,0.3399238353614,0.1264596716906,0.0505887599263,0.4149356814044,0.0835833454038,-0.0037221825110,-0.0152931456776,0.0452974536167,-0.1335323591719,0.3031343553610,0.2049130641399,0.0128290199102,0.3329678206524,-0.0632745652255,0.1098271361153,0.1623325363004,0.1022421455817,0.2069509306721,-0.2836979349938,-0.1836049249061,0.2246269671824,0.0962173986342,0.2156457247419,0.1370310154604,0.2010923354008,0.3171828706731,0.1177566414290,0.2811246022675,0.0605050639862,0.4780764651237,0.0590455146051,0.1969300543401,0.0748000573171,0.4415216311820,0.5573151912727
0.5739821604060,0.4631549327622,0.1300986222039,0.6250769413018,0.3221012421591,-0.0540668409652,0.0609042311624,0.2996371899074,0.0077868826546,0.1735397264184,0.3086621259417,0.0922632111109,0.3013245394524,-0.1273888072212,0.3216657856415,0.0901817315651,0.2665423084245,0.5740965543314,0.3303487354342,0.6032524819854,0.2947758255201,0.4459232857935,0.3582208924914,0.5247377582705,0.3026734956224,0.5536267465162,0.3963966187819,0.0835872735315,0.3177771843093,0.6699898368122,0.4571464899511,-0.0554943547893,-0.1117628743707,0.6770296028828,1.0000000000000,0.3999870692125,0.2641608754026,-0.1345171498716,0.3697210050527,0.1866340120293,-0.1612296422579,-0.0485921630762,0.1149806578165,-0.2475773507271,0.2337573053755,0.0915479690512,-0.0249247589089,0.2019865404380,-0.1982052528976,-0.0764697618135,-0.0552784494436,0.2322212638203,0.3762786445532,-0.2587323903448,0.0084610617269,0.2884912670489,0.2677147227195,0.3167608688655,0.3215518182205,0.2394004996599,0.3355685051003,0.0475565299087,0.0667905091551,0.2078145114154,0.3227975813656,0.2761302424974,0.0835198544535,-0.1456425204145,0.4860143435360,0.7569586006563
