1.0000000000000,0.0991180474422,-0.1205787888119,0.1557875150674,-0.0755695099812,0.0305744198628,0.1490633626286,0.1532802002006,-0.0798872812542,0.1894913296388,0.0904633945698,0.0938275808187,0.0392952405932,-0.1791409144309,0.3773372814106,0.1430850473835,-0.0446265714512,0.2462214905693,0.0997259361885,0.2674592841955,-0.1117794132033,-0.1705751796160,0.1135461585154,-0.1864952587383,0.0921925546673,0.2440996020528,-0.0423688914416,0.0749257323691,-0.1515770606646,0.1604653449811,0.0680310820217,-0.1389776015309,-0.0099659864517,-0.1080002522758,0.0681729668274,0.2842288135996,0.0397003237615,-0.3968769882038,0.0218274407143,0.0495842636464,0.0178293794782,-0.0126062719121,-0.0352074729532,-0.1904412329119,0.1104514080740,0.0070105526630,-0.0877224409042,-0.0607794742945,-0.0915635335054,0.0342173240102,-0.0394628003755,-0.0758977829596,-0.1071909413477,-0.0737760146017,0.1053245977574,-0.1194905155235,-0.3148528823753,0.1061480509302,-0.4256194368517,-0.0172069950740,0.2017741966327,-0.3648457519108,-0.2683340547999,-0.3332572070025,0.0218762718087,-0.2449935811880,0.1729938172965,-0.0034515850349,-0.0543470413751,0.0191703161791
0.0991180474422,1.0000000000000,0.0109741235896,0.5879285793485,0.3778218617820,-0.2252983941663,-0.2736583892989,-0.0214770529504,-0.3872581748264,0.0215598492908,0.4931975766670,-0.0254930544264,0.3789715980042,-0.1582211124544,-0.0461897443926,-0.2375955728711,0.2700748137957,0.3493875520836,-0.0120069758493,0.0647449072159,0.3016486677429,0.3887021580081,0.3756452652855,0.4175081477333,-0.0047174093396,0.1320062874584,0.5474685075922,-0.0848814154333,0.2057237206210,0.2542113886860,0.1866540446772,0.0193718098784,-0.1073785357794,0.2939804263359,0.3344751513873,0.4425875731205,0.2893196223870,-0.3231604540901,0.0618399287892,0.0800803097346,-0.1206423899440,-0.1621552418798,-0.2410461794487,-0.2917311474526,0.0461325521137,0.3333020335467,-0.1606928995794,0.2374613983943,-0.2263249230986,-0.1989051409817,-0.2205459550504,0.1843235385282,0.1244068633177,-0.2112264924779,0.0419731928617,0.3400154928536,0.1652507340105,0.2862670745097,0.0608077674984,0.0385630851374,0.1546637483664,0.1044371858442,0.0967933048011,0.0679863121867,-0.1228805943012,0.0823227238853,0.0433810171573,-0.1311968410868,0.1121134844392,0.2061492261587
-0.1205787888119,0.0109741235896,1.0000000000000,0.1780255475830,0.1615350766591,0.0520532597024,-0.1510238115353,0.4506415424127,0.2091133598527,0.0740903194045,0.1011097889017,0.1903716245691,-0.1542469022668,0.3211623973938,0.2458295671799,-0.1260251183087,0.1502078087925,-0.0226319438853,0.4789059411184,0.2515601316248,-0.0804102357885,0.2382765173220,0.0388024899999,0.3670451452565,0.0767704702553,-0.1160872817868,0.3210398200745,0.3983416629283,0.2701222226632,0.0758744338351,0.0871221291667,0.2056837494615,0.0825850942276,-0.0736994435295,-0.1054934356910,-0.1873762384545,-0.1878012361026,0.4326008614468,-0.0370126399551,-0.0351591005486,0.1269905607668,-0.0905543723183,0.1197752796199,0.1322510062883,-0.0110302284702,-0.0912879235102,0.2284864598352,-0.1440592920103,0.1170368863968,0.2046359005937,0.0374102122607,0.0195502769615,-0.3194618983560,0.1631554489486,-0.3534902447923,-0.0044752077392,0.2818630461082,-0.2885002693975,0.0501062480436,0.0079583270352,-0.2293859221446,0.0840041823299,0.4404674039335,0.0122342146040,-0.0439730848256,-0.2286820127613,0.0367435038031,0.0709201013256,-0.1889088036887,-0.3422260261554
0.1557875150674,0.5879285793485,0.1780255475830,1.0000000000000,0.5150976782153,-0.1824084567617,-0.1184500776809,0.3477835943133,-0.0956833251155,0.2875850130816,0.5178549020514,-0.1365126499155,0.4123476360364,0.0045034625663,0.2073605645552,-0.0425342296701,0.2405277539965,0.2764357268718,0.0973434441477,0.1727897194281,0.2309547279585,0.4024549363479,0.6344964796189,0.3763425275342,0.3963482929797,0.2999344712155,0.4997929684068,-0.2802277499794,0.3870778482388,0.4448701495477,0.4630802011675,0.0767169553402,-0.0767733271624,0.4245928888663,0.3611621726936,0.3642980889569,0.0277166470243,-0.4239436861217,0.2306106708170,0.1570204603488,-0.0435151773258,-0.0688023672144,0.0433334421849,-0.1443340895616,0.4703612063203,0.2478939387205,-0.1133676381376,0.1933044084294,-0.2267081684970,-0.0524551052461,0.0189195290496,0.0787894843095,0.0648590448792,-0.3333113072190,-0.1330889696524,0.4212418450093,0.1124110429790,0.3386228462365,-0.2079405369857,0.3999216294754,0.0656511638228,-0.2061995922918,-0.0784400614511,-0.0943359761605,-0.0062031930863,-0.0304773165075,0.2951056655933,-0.0692721640130,0.1656923094838,0.2403035879218
-0.0755695099812,0.3778218617820,0.1615350766591,0.5150976782153,1.0000000000000,-0.1681723528014,-0.2930415520400,0.4287570838432,-0.3174929437642,0.2723694635679,0.3939236507981,-0.1329030598585,0.4727284064278,0.0751007741531,-0.0392439491834,-0.1529559722679,0.1710938025529,0.1720017458688,-0.0026699396954,0.0508920391172,0.4971635670944,0.2624740478969,0.4401656753726,0.3088718916398,0.4630163333544,0.0348107037378,0.3508293756058,-0.1650626296665,0.4965213379009,0.2115446674395,0.3500490590529,0.1112053725956,-0.0715611244512,0.2224048341692,0.1923766899252,0.2339820376635,-0.0016333445956,-0.2026978744355,0.1089430142807,0.7536107623155,-0.0848384903990,-0.1886635554927,0.1270702599606,-0.2563783718455,0.4815087206571,0.3072688948278,-0.0125715913252,0.4190954334321,-0.1151482325223,-0.1012436467372,-0.0573953629676,-0.0307005707257,0.2144816437005,-0.1176652282575,-0.0042160719638,0.6334106946460,0.1482080315101,0.2366887478438,0.0312127070188,0.4884326445197,-0.0729218517745,0.0450157864925,0.0612458640605,0.1857573597681,0.0089141062951,-0.0216485687659,0.1178758380588,-0.0639655281296,0.1018692147083,0.1591360945564
0.0305744198628,-0.2252983941663,0.0520532597024,-0.1824084567617,-0.1681723528014,1.0000000000000,0.2667028293989,-0.0361337826468,0.4627293616461,-0.0972584002140,-0.1743288860292,0.4161218956885,-0.3490260368919,0.0445907470238,0.2977062924394,0.2409273006175,-0.2157848708960,-0.2908646152304,0.0996433897917,-0.1921188207630,-0.4100962272158,-0.2730830431136,-0.2513661564681,-0.2961040706702,-0.0369350061364,-0.1142996940271,-0.1388002293999,0.2863979458246,-0.1185938280652,0.0807877433934,-0.3036606959506,-0.2523070234534,0.3875298292910,-0.1707508269236,-0.2550457034539,-0.3548231778068,-0.3024884347758,0.2661883336354,-0.1645159044579,-0.1473161488758,0.5799766806229,0.1735881430195,-0.0235696253457,0.3177430178580,-0.1562205232188,-0.4184979457739,0.2501344215610,-0.4569804863964,0.0856583531228,0.3357445667363,0.2801703006442,-0.1151950195372,-0.3839237697288,0.1055019843073,-0.3244144277703,-0.3644355749900,-0.1455944735655,-0.2757150741217,-0.2280471212224,-0.0803935540754,-0.1252439975387,0.0017110446596,0.1675527864711,-0.0771383140917,0.0814517885497,-0.2283842652619,-0.0504997118294,0.5626077366079,-0.2265413799473,-0.2808124823189
0.1490633626286,-0.2736583892989,-0.1510238115353,-0.1184500776809,-0.2930415520400,0.2667028293989,1.0000000000000,-0.3069580090487,0.4485183040369,0.1010705624734,0.1418980109075,-0.0206752096938,0.1289691255878,-0.1437310393610,0.0849948202443,0.5678553853636,-0.2715855361396,-0.0597502890385,-0.0688625905673,-0.0496118654981,-0.3716625550679,-0.3288065612467,-0.1931573471438,-0.3136542724052,-0.0847728112310,-0.1181121556259,-0.2071967264805,0.1003415561984,-0.3217638011528,-0.0482893998030,-0.2357721299607,-0.2485218133277,0.2819708740740,-0.0398068983648,-0.0547083933732,-0.2572271342511,-0.2748080350911,0.0541216291105,-0.3017444461908,-0.2412204619317,0.3157205288847,0.6891020770102,-0.2966974493003,0.4239600423688,-0.0334285885618,-0.0152566915907,-0.1244383823625,-0.0472569490956,0.0047223974414,0.1922800735704,0.4265455379659,-0.1185321091919,-0.2411222847314,0.0567938676797,-0.0868191024975,-0.2978667553877,-0.4221033498200,-0.1847751229174,-0.2462673276790,-0.1926280046478,-0.0331261298031,-0.2578869708421,-0.1654129739460,-0.4348941662811,-0.0250571920555,-0.3106971841583,-0.2671802098141,0.2287844664998,-0.1131202444576,-0.0859819264436
0.1532802002006,-0.0214770529504,0.4506415424127,0.3477835943133,0.4287570838432,-0.0361337826468,-0.3069580090487,1.0000000000000,-0.0117190572877,0.2488837883622,0.0540350773774,-0.0151264583378,0.0708904215607,0.1281347950908,0.2024557947081,-0.1505121329367,0.2245583618348,0.0899973898458,0.1951021217814,0.1990710083029,0.1184584468546,0.1780224717323,0.3879521188993,0.1740662429966,0.6411295329866,0.1518821754866,0.2390617847813,0.0203052606677,0.5775911414134,0.0715455723432,0.4155501261555,-0.0164494321922,-0.1322457898523,-0.0652954136213,-0.0999716636053,0.0216684665148,-0.0639447258455,-0.1239016061759,0.1814344174549,0.4359050791217,-0.1636710753754,-0.3981964855296,0.5587361448127,-0.3317617963519,0.3464922317758,-0.0386126122246,0.0357728658936,0.0432008787812,-0.1131296043380,-0.1118125463032,-0.1430287471101,-0.0288228592770,-0.0366689630960,-0.1191671243038,-0.1730582729774,0.1742042619768,0.0734839455475,0.1157619114989,-0.1487973403497,0.5320741771085,-0.1596251559688,0.0053201252719,0.0296520167709,0.2825002164927,-0.0379523362434,-0.1329891914681,0.3712574662390,-0.0908473221524,-0.0793639109314,-0.1354317464917
-0.0798872812542,-0.3872581748264,0.2091133598527,-0.0956833251155,-0.3174929437642,0.4627293616461,0.4485183040369,-0.0117190572877,1.0000000000000,-0.2846841531586,0.0738887584312,0.2536217425581,-0.3727049224306,0.1528217943901,0.5730876523680,0.2971317979061,-0.2729728915755,-0.3170665644209,0.2075341140830,-0.0637595652211,-0.5455420183955,-0.1940002302288,-0.2428633288476,-0.2579764502291,-0.1533980903197,-0.0515223478766,-0.1086302897103,0.1038515997231,-0.0590260120621,0.2229162311326,-0.1694261861956,-0.2684638002506,0.2562417354028,-0.0819383588275,-0.1830339754162,-0.3208211710189,-0.3355274372821,0.3711609547916,-0.2336800791912,-0.3701887703675,0.4814412081064,0.3476961839884,-0.0573255649543,0.6698084916199,-0.2108919555321,-0.2254164144217,0.1868345558053,-0.4297910433919,0.0647425462956,0.4989628400044,0.4120615007719,-0.2298648943183,-0.3928363857200,0.0521864523561,-0.3314653834509,-0.3634445962935,-0.1836524848792,-0.3135781487191,-0.2683099914470,-0.2025705366391,-0.2296229266568,-0.0867444462080,0.1506023331512,-0.1975195619118,0.1173125243135,-0.2126436775348,-0.0896914165621,0.4129964130893,-0.2099889490412,-0.1362175606545
0.1894913296388,0.0215598492908,0.0740903194045,0.2875850130816,0.2723694635679,-0.0972584002140,0.1010705624734,0.2488837883622,-0.2846841531586,1.0000000000000,-0.0654813074814,-0.1032012689457,0.3289628996639,0.1173014752561,-0.1296438741218,0.2757187009433,0.0532401424998,-0.0383713621757,-0.0640872577910,0.0469677154443,0.3209442220514,-0.0330451848022,0.3215392302777,-0.0676398431348,0.5552537270702,0.2374979504987,0.1140765727154,0.0415842541701,-0.1112935256654,-0.1524969435616,0.0693201475760,0.2160699001750,-0.0703858693741,0.0844106049728,0.1033305410198,-0.0025985753691,0.0240663626670,-0.2137897069591,0.2038064230284,0.3069764050416,-0.0780918913537,-0.0294519943768,0.1368459626883,-0.2666166857344,0.7438698714985,0.0021242727235,-0.0822527894604,0.3439359360603,0.1771315792706,-0.1389992509132,0.1450595161471,-0.0435704538135,-0.1236147749666,-0.1553630507760,-0.2339381832076,0.2906929022737,-0.1015030379471,0.2097884606476,-0.1940839522050,0.4258010268978,0.2108577502144,-0.2082274903041,-0.1180052152427,-0.2842229371388,-0.1082873947430,-0.2581864537740,0.1208857960818,-0.1251651243187,-0.0594245568700,-0.0866321467131
0.0904633945698,0.4931975766670,0.1011097889017,0.5178549020514,0.3939236507981,-0.1743288860292,0.1418980109075,0.0540350773774,0.0738887584312,-0.0654813074814,1.0000000000000,0.0239712959683,0.5111882416625,-0.0396052916679,0.3152672164568,0.0380035867030,0.0041211022638,0.2924913495999,0.1800477284715,0.2291589796781,0.0717554617202,0.1557066340179,0.1841832992689,0.1619716991325,-0.1085794481168,0.0447591894876,0.3396439649516,-0.1474173847337,0.1450183544018,0.4408673295082,0.0921985971040,-0.0210305653156,-0.0331643266838,0.3098395688466,0.2335928514018,0.2765894944505,-0.2396124778418,-0.3309772416427,-0.3148886414963,0.0563376646356,-0.0272606053600,0.1881323982673,-0.3713060583903,0.0783756401160,0.0721634118428,0.6499561125512,-0.2011571286344,0.2764723679914,-0.1311280233047,0.1189949963111,0.1028675720855,-0.0490748815587,-0.0381269523012,-0.0500840469740,0.1002868346485,0.3304458214890,-0.0488952064068,-0.0937196808267,-0.2075206614159,-0.1183637048857,-0.0906701250612,-0.2361810736820,-0.0243619626412,-0.1835901045051,0.0306066566430,-0.2058369608338,0.1291515071572,-0.0525611246890,0.0619074298204,0.1833648204677
0.0938275808187,-0.0254930544264,0.1903716245691,-0.1365126499155,-0.1329030598585,0.4161218956885,-0.0206752096938,-0.0151264583378,0.2536217425581,-0.1032012689457,0.0239712959683,1.0000000000000,-0.2277601839493,0.4250175874900,0.3788380353158,-0.0621465299455,-0.1338544252887,-0.2597172949497,0.3234031512725,-0.0413209517016,-0.2010347341737,-0.0680266015731,-0.2246318984172,-0.1579174450004,-0.2565095485622,0.0946786198526,-0.0084275411033,0.2362311148984,-0.1607140142673,0.1143309365345,-0.1977224112086,0.2275939649121,0.1280620864374,-0.2271117433656,-0.1973462342567,-0.1329085366173,-0.1596627774727,0.1557132890594,-0.0207922191997,-0.1489399717624,0.2010948858664,-0.0496760566486,-0.1491853060595,0.0395351578845,-0.1925701672540,-0.1035948465877,0.6048160680868,-0.2090845293270,0.4179865555158,0.2079005433837,0.0045262474696,-0.0731629654934,-0.3561045255475,0.3607978197627,-0.1773710257852,-0.1709841143338,0.0110460976882,-0.2883383356299,-0.1588216909698,-0.2456631292149,0.0628037108551,-0.0208569606186,0.2128304863384,-0.0335078233324,0.1046542052161,-0.1290005352201,0.0500476790540,0.2991297741066,-0.2350385251614,-0.2314165246478
0.0392952405932,0.3789715980042,-0.1542469022668,0.4123476360364,0.4727284064278,-0.3490260368919,0.1289691255878,0.0708904215607,-0.3727049224306,0.3289628996639,0.5111882416625,-0.2277601839493,1.0000000000000,-0.0626484526792,-0.2247002318105,0.1773495279819,0.1474831762554,0.2849812672506,-0.1207596285888,0.1195788980259,0.5259578712543,0.1458343735854,0.2680662701506,0.1518314784965,0.1998785943921,0.0836724897507,0.2215868771774,-0.2467203158929,0.1301405020125,0.1271501705628,0.2073883909633,0.1053134636801,-0.2790207750449,0.2820285779763,0.1923956638113,0.2849802773128,-0.0171906143195,-0.4288213446682,-0.0865275345264,0.2984024444292,-0.2943140322207,0.1545449733525,-0.0952271809679,-0.2437509672516,0.4031769270816,0.5008233005794,-0.1460230775854,0.8323602606276,-0.0114584638013,-0.2505745791969,0.0745294566591,0.1049899085799,0.2853877870265,-0.0396166029585,0.1795376525596,0.6035435698919,-0.0860778595718,0.1741678312038,-0.0651461902693,0.1767099313460,0.0545144626380,-0.1717490823267,-0.2001479564670,-0.1100593705884,0.0019844128506,-0.0766104255731,0.0473055294967,-0.2648839044152,0.0994968143022,0.2123570850380
-0.1791409144309,-0.1582211124544,0.3211623973938,0.0045034625663,0.0751007741531,0.0445907470238,-0.1437310393610,0.1281347950908,0.1528217943901,0.1173014752561,-0.0396052916679,0.4250175874900,-0.0626484526792,1.0000000000000,0.3466913973870,-0.0966412726290,0.0715473167187,-0.2654647023309,0.4718847319618,0.0189737476032,0.1282445306933,0.1983186773334,-0.1065718363177,0.0863271710803,0.0006487559013,0.3322255808235,0.1413314629620,0.1968256518131,-0.0176091719378,0.3126338267606,-0.0301048559880,0.6040129774222,0.1698341732898,-0.0367153007014,-0.0055707754112,-0.1626779528245,-0.0017654401479,0.1344038843485,0.1492309417804,0.0024493768575,0.2246889524515,0.0238243495431,-0.1499245461072,0.1701606602727,0.0106796637683,-0.0194107850095,0.6950273112150,0.0129600661170,0.5722318468839,0.2291476133190,0.1043975686132,0.0051309398193,-0.2032520971552,0.2679080599935,-0.2397576746526,0.1482827012354,0.2658882701688,-0.1494949226206,0.0513586346199,-0.0453429283642,-0.0508153944819,-0.0483105310717,0.2529160673792,-0.1864487222843,0.3103510077300,-0.0727219643157,0.0157025839902,0.3070938492022,-0.0547037533548,-0.0672255407438
0.3773372814106,-0.0461897443926,0.2458295671799,0.2073605645552,-0.0392439491834,0.2977062924394,0.0849948202443,0.2024557947081,0.5730876523680,-0.1296438741218,0.3152672164568,0.3788380353158,-0.2247002318105,0.3466913973870,1.0000000000000,0.0769931580382,-0.1345325494094,-0.0874678368740,0.4362276753380,0.2078982170285,-0.2909181670730,-0.0516118360878,-0.0718195096443,-0.1859468075213,-0.1221183541896,0.2625123285654,0.1234566657367,0.1911795302895,-0.0860431595276,0.5934613309552,-0.0705351542614,-0.0016284582814,0.2574539886784,-0.0204312672724,-0.0068419095846,-0.0185052346474,-0.2492483733265,-0.0130745490759,-0.1489041343448,-0.1826263936885,0.4390994829455,0.0877060171689,-0.1772683989343,0.3497841883981,-0.0926097271278,-0.0031385847686,0.2170556286755,-0.3114012001111,0.1387201751087,0.5876968932920,0.2104681485822,-0.2514900943662,-0.4294841068994,0.0973521496455,-0.2297035497728,-0.0997798774677,-0.0640480620408,-0.2668210913355,-0.4057754393938,-0.1599044103520,-0.0439076577960,-0.2597014404171,0.1461081037238,-0.3691736949454,0.2453088998124,-0.3202692975770,0.2154344980298,0.4347982666670,-0.0886916301990,-0.0654118813756
0.1430850473835,-0.2375955728711,-0.1260251183087,-0.0425342296701,-0.1529559722679,0.2409273006175,0.5678553853636,-0.1505121329367,0.2971317979061,0.2757187009433,0.0380035867030,-0.0621465299455,0.1773495279819,-0.0966412726290,0.0769931580382,1.0000000000000,-0.1946903982925,-0.1047379599072,-0.0846456491094,0.0707200975458,-0.2614959957106,-0.3238597770959,-0.1426804374691,-0.3055897150213,0.0881152578816,-0.0027444526752,-0.2025516863541,0.0260566816313,-0.2491028060036,0.1043844777109,-0.2165918862207,-0.1107751887656,-0.1401131914444,0.1040542245777,0.1648811971345,-0.2233199891445,-0.2635747970104,0.0025945993146,-0.1828866293879,-0.1106305011786,0.2051026677266,0.3943997129657,-0.1556772158828,0.3620620208874,0.1523275924808,-0.1026636491691,0.0347707089735,0.0115766458524,0.1696200196412,0.1957546071516,0.7457240916157,-0.1152692268623,-0.1642036455377,0.1031885739996,-0.0708374167112,-0.1664283506117,-0.2758243758059,-0.1656237468973,-0.2739161019120,-0.0146814572261,-0.0315019082012,-0.3296730061818,-0.1911575703478,-0.3857574293568,0.2254207795406,-0.2946974373500,-0.1281714069336,0.0476374232571,-0.0990130505297,0.1264030175162
-0.0446265714512,0.2700748137957,0.1502078087925,0.2405277539965,0.1710938025529,-0.2157848708960,-0.2715855361396,0.2245583618348,-0.2729728915755,0.0532401424998,0.0041211022638,-0.1338544252887,0.1474831762554,0.0715473167187,-0.1345325494094,-0.1946903982925,1.0000000000000,0.0054930740622,0.0480638773829,-0.0531344989641,0.2217342324224,0.6002838477010,0.3549973734415,0.6270582505093,0.2907774754599,0.0648574506923,0.0336307875041,-0.0843441037290,0.3995389887668,0.0185770463064,0.4386267593458,0.1017617745486,-0.1549557099419,0.1566321563984,0.1925791634888,0.1334607385827,0.2925555924876,-0.1576199954128,0.2017242969980,0.1100076238869,-0.2535748813426,-0.2260101518837,0.0811608294667,-0.2565036581948,0.1179186937125,0.0509657654198,-0.0232788565305,0.1906869040314,-0.2013498133078,-0.2973354614247,-0.1208995372230,0.8574257865561,0.1649536391928,-0.2187447658461,-0.0365302834165,0.1840002999774,0.4893099543286,0.4136068905956,0.4559225287440,0.2972718793329,-0.0982633663409,-0.1483110423205,-0.0548764467276,0.3027783564159,-0.0613832239148,0.3186299495048,0.0634526418597,-0.1776693056042,0.1909464441298,0.1621626452588
0.2462214905693,0.3493875520836,-0.0226319438853,0.2764357268718,0.1720017458688,-0.2908646152304,-0.0597502890385,0.0899973898458,-0.3170665644209,-0.0383713621757,0.2924913495999,-0.2597172949497,0.2849812672506,-0.2654647023309,-0.0874678368740,-0.1047379599072,0.0054930740622,1.0000000000000,0.1653291639931,0.6347340198671,0.1801166548391,0.0776145033899,0.1275549601418,0.3172788735247,0.0101219287312,0.0362147728774,0.4363589866079,-0.1190750331319,0.1352448307455,0.1788081133432,0.1399811689128,-0.1153375061114,-0.2178344644449,0.2264107093813,0.3111185317673,0.1600250229824,0.1824117887194,-0.4211880385330,-0.0004116003118,0.0743287207436,-0.2438000663791,-0.0926205764474,-0.1208782425406,-0.3495706198557,-0.0043589082187,0.2596876844502,-0.3768061506345,0.1866699063567,-0.3128093653805,-0.3137765190409,-0.1184844046676,-0.0484902408067,0.4335039023246,-0.1276547305758,0.4443811612035,0.1379045253692,-0.0324827194316,-0.0020400346132,-0.0300771029492,-0.0975781664458,-0.0165616868279,-0.0041365507570,-0.3493814909091,-0.1053677807213,-0.0030215358350,-0.1377332152015,0.1670828387160,-0.2639866861347,0.2592713090605,0.2734071410321
0.0997259361885,-0.0120069758493,0.4789059411184,0.0973434441477,-0.0026699396954,0.0996433897917,-0.0688625905673,0.1951021217814,0.2075341140830,-0.0640872577910,0.1800477284715,0.3234031512725,-0.1207596285888,0.4718847319618,0.4362276753380,-0.0846456491094,0.0480638773829,0.1653291639931,1.0000000000000,0.5684352003190,-0.0373101030860,0.1364571318348,-0.2124553499627,0.2622275807166,-0.1411724461354,0.0747750666292,0.2136939994987,0.1626603207224,0.0527852479408,0.2824722213372,-0.0782056305042,0.3543343308782,0.0212261021617,0.0690092563473,0.1223124121321,-0.0931117740959,-0.0740608429473,0.0386672143252,0.0768882538137,-0.1706707465531,0.1986728619986,-0.0115508154663,-0.1623176772399,0.1344535366005,-0.1733769916087,0.0666380270995,0.3255630155929,-0.1498832294137,0.1441663490885,0.2625857935645,0.1147028511001,-0.0048881073230,-0.2355998425032,0.2873453745024,-0.0733700887553,-0.0202249182091,0.2415240169286,-0.3743895649082,-0.0283769212277,-0.2761530525872,-0.1114575769942,-0.1326410884332,0.0883777308897,-0.2120642933309,0.1891591676519,-0.2420464776613,0.1271798057433,0.1120436716970,-0.0439376929360,-0.0863865566326
0.2674592841955,0.0647449072159,0.2515601316248,0.1727897194281,0.0508920391172,-0.1921188207630,-0.0496118654981,0.1990710083029,-0.0637595652211,0.0469677154443,0.2291589796781,-0.0413209517016,0.1195788980259,0.0189737476032,0.2078982170285,0.0707200975458,-0.0531344989641,0.6347340198671,0.5684352003190,1.0000000000000,0.0360185054829,-0.0361268642246,-0.1438464341913,0.1643496795468,-0.0424634315040,0.0931138987182,0.3912873330187,0.0421108828464,0.0148514998704,0.2193543479504,-0.0558345265117,0.1131393033729,-0.3101451650587,0.0730932238606,0.2825945947973,-0.0608022160921,-0.0351930136611,-0.2294721079969,0.0180970066567,-0.0968982406375,-0.1592816340778,-0.1101396857562,-0.0553577866337,-0.1143688005905,-0.0357857819412,0.1393459432877,-0.0928571518219,0.0636108755753,-0.0339925619316,0.0628594037654,0.1057081370401,-0.1496444675097,0.0626806576237,0.2394055805579,0.3433838553533,0.0058459885036,-0.0071522454482,-0.3291457455566,-0.1906200789263,-0.1896296010283,0.0444891586694,-0.0562856991674,-0.2084304659421,-0.2685217950427,0.1375596186773,-0.3740813031002,0.2978359286685,-0.2472138124131,0.0253774860828,0.1050674509064
-0.1117794132033,0.3016486677429,-0.0804102357885,0.2309547279585,0.4971635670944,-0.4100962272158,-0.3716625550679,0.1184584468546,-0.5455420183955,0.3209442220514,0.0717554617202,-0.2010347341737,0.5259578712543,0.1282445306933,-0.2909181670730,-0.2614959957106,0.2217342324224,0.1801166548391,-0.0373101030860,0.0360185054829,1.0000000000000,0.2856039529175,0.2212819061404,0.2710692543782,0.2425825317402,0.1212168435303,0.2204293904437,-0.2652320385678,0.2196887014676,-0.0427911373969,0.2636501310486,0.2953890257198,-0.2123082740115,0.1761661789357,0.2199477543029,0.2421832920472,0.3877441823735,-0.2657255229177,0.2998295795108,0.4265734392747,-0.3040797275024,-0.2844050452606,0.0551069321784,-0.4544901238916,0.3603171203426,0.3125854374505,-0.0157213817066,0.6920736096402,-0.0689805726149,-0.3979090028814,-0.2779793076649,0.1107856754267,0.3553429893672,-0.1931009661968,0.0708195673325,0.8355117773068,0.2468083225270,0.2610395079389,0.2109204852703,0.2738968595919,0.0812942909093,0.0309392118951,-0.0688683485458,0.1987631192827,-0.1204500489333,0.2286984327071,-0.0102630649099,-0.2812145783958,0.0986831214036,0.1521615242824
-0.1705751796160,0.3887021580081,0.2382765173220,0.4024549363479,0.2624740478969,-0.2730830431136,-0.3288065612467,0.1780224717323,-0.1940002302288,-0.0330451848022,0.1557066340179,-0.0680266015731,0.1458343735854,0.1983186773334,-0.0516118360878,-0.3238597770959,0.6002838477010,0.0776145033899,0.1364571318348,-0.0361268642246,0.2856039529175,1.0000000000000,0.4124176845879,0.7892550169770,0.1366313796069,0.0241508023125,0.1849504930909,-0.2212244678244,0.4642241157659,0.2130228119688,0.5885139354681,0.2242050886908,-0.1340412796060,0.2978454823714,0.2863471510839,0.2780091494236,0.3432209394944,-0.1636169235898,0.2402698192714,0.0552626249461,-0.1521406162373,-0.1210525562994,-0.0648992677487,-0.0800001806291,0.0548625723221,0.2381730065822,0.0395413200805,0.1540868503262,-0.1756824664588,-0.2368143936672,-0.1499269505122,0.4729708797031,0.2323100006853,-0.2199641827335,-0.1179393859668,0.2703812791755,0.7312247979461,0.4082475907980,0.5485252246844,0.1495249042383,-0.1948589929522,-0.1372377567639,-0.0066304485223,0.2991805412910,0.0987643648259,0.5003162232611,-0.0349942143052,-0.1092768804859,0.3454465503613,0.2393895453285
0.1135461585154,0.3756452652855,0.0388024899999,0.6344964796189,0.4401656753726,-0.2513661564681,-0.1931573471438,0.3879521188993,-0.2428633288476,0.3215392302777,0.1841832992689,-0.2246318984172,0.2680662701506,-0.1065718363177,-0.0718195096443,-0.1426804374691,0.3549973734415,0.1275549601418,-0.2124553499627,-0.1438464341913,0.2212819061404,0.4124176845879,1.0000000000000,0.3651062434256,0.4990526172598,0.1759571443879,0.1689345906407,-0.3651677704524,0.3599950054114,0.1274297681486,0.6693123573429,0.0073432412983,-0.0234135324127,0.2169018333219,0.1865087270692,0.3239842130245,0.1830689464915,-0.4508541121097,0.2415126772872,0.3725332097328,-0.2163232721651,-0.2046309500904,0.2378703422879,-0.3379796707665,0.5268158432751,0.1012161601780,-0.2436969138009,0.2005269568814,-0.2098015990051,-0.3025027255953,-0.1934710183133,0.2228398428069,0.2319503101112,-0.4285001290646,-0.0745423239617,0.3081914350884,0.1282842461901,0.7729468997626,0.0448016275915,0.5420638673284,0.0581841513469,-0.1832162538954,-0.2984688252313,0.0975017107157,-0.0898464456320,0.2486926250158,0.1283479676968,-0.1158371768946,0.2170305510984,0.1785840262097
-0.1864952587383,0.4175081477333,0.3670451452565,0.3763425275342,0.3088718916398,-0.2961040706702,-0.3136542724052,0.1740662429966,-0.2579764502291,-0.0676398431348,0.1619716991325,-0.1579174450004,0.1518314784965,0.0863271710803,-0.1859468075213,-0.3055897150213,0.6270582505093,0.3172788735247,0.2622275807166,0.1643496795468,0.2710692543782,0.7892550169770,0.3651062434256,1.0000000000000,0.0917590399777,-0.1127734818774,0.3124024138860,-0.1842712613017,0.5119548013504,0.1096045102977,0.5295434199082,0.1908194269315,-0.1663794626123,0.3378048472757,0.3085512766675,0.1974350154282,0.3497984126831,-0.1209757607137,0.2442511985375,0.0982100412321,-0.1626941553724,-0.1490951824167,-0.0457763714603,-0.1449575087960,-0.0092441866626,0.1633337443363,-0.0025213204822,0.1507782074830,-0.2904908928058,-0.3116118936781,-0.1235086110580,0.5175536900598,0.3368300446501,-0.2116848198653,-0.0065076971385,0.2372885550681,0.6318782759483,0.3414330370899,0.5948927503918,0.0628943022514,-0.2579081745366,-0.0308484121160,-0.0699612805189,0.2631550941530,-0.0464307112391,0.3604945711526,-0.0848312603851,-0.1947446223254,0.2684704285906,0.2306443544144
0.0921925546673,-0.0047174093396,0.0767704702553,0.3963482929797,0.4630163333544,-0.0369350061364,-0.0847728112310,0.6411295329866,-0.1533980903197,0.5552537270702,-0.1085794481168,-0.2565095485622,0.1998785943921,0.0006487559013,-0.1221183541896,0.0881152578816,0.2907774754599,0.0101219287312,-0.1411724461354,-0.0424634315040,0.2425825317402,0.1366313796069,0.4990526172598,0.0917590399777,1.0000000000000,0.1734150788165,0.1707756241535,-0.1185409650331,0.5385038041127,-0.0481361855951,0.4255302415296,-0.0456806554984,-0.1217759109235,0.0300570196819,0.0210456105698,-0.0054732869576,0.0513674265243,-0.1684120767189,0.2559972265786,0.4648049212930,-0.1421858697050,-0.2115065724998,0.5121748935963,-0.3402915550537,0.6450121933715,-0.1947092996299,-0.1017420957383,0.1467365498257,-0.1335266496358,-0.2584176527989,-0.0021613282953,0.1125256131523,0.0363266201214,-0.3196552111101,-0.2399340374094,0.2442486919300,-0.0170223869383,0.4014097420483,-0.1152620777722,0.8803709837585,-0.0196320232094,-0.0757502499141,-0.1217495893519,0.2416076427977,-0.1243575864072,0.0063947012561,0.2201246178463,-0.1280144466968,-0.0425602464622,-0.0252548417137
0.2440996020528,0.1320062874584,-0.1160872817868,0.2999344712155,0.0348107037378,-0.1142996940271,-0.1181121556259,0.1518821754866,-0.0515223478766,0.2374979504987,0.0447591894876,0.0946786198526,0.0836724897507,0.3322255808235,0.2625123285654,-0.0027444526752,0.0648574506923,0.0362147728774,0.0747750666292,0.0931138987182,0.1212168435303,0.0241508023125,0.1759571443879,-0.1127734818774,0.1734150788165,1.0000000000000,0.2225458239136,0.0634198159500,-0.0806981397203,0.3097088580946,0.0937989780742,0.1470038973607,-0.1220168611754,0.0807658501648,0.2970979740430,0.0706252994496,0.1684143158554,-0.2896912749540,0.3826581160472,0.1010517362735,-0.1357717621227,-0.2245343583402,-0.0400415198593,-0.2077784695843,0.2067743092291,0.0364719621615,0.1809296117703,0.0771635096807,0.2364181086928,-0.0286110094193,-0.0387589172226,0.0129792628603,0.0011423185165,-0.1489290092146,0.0690661712034,0.1641668786052,-0.0907173266470,0.1441500019923,-0.2500240361355,0.1838518859873,0.5775228401391,0.0242955634986,0.0238706118359,-0.1241426326474,0.1821956706656,-0.0849565373588,0.3451656908046,-0.0757994147121,0.0498332831914,0.3358181214135
-0.0423688914416,0.5474685075922,0.3210398200745,0.4997929684068,0.3508293756058,-0.1388002293999,-0.2071967264805,0.2390617847813,-0.1086302897103,0.1140765727154,0.3396439649516,-0.0084275411033,0.2215868771774,0.1413314629620,0.1234566657367,-0.2025516863541,0.0336307875041,0.4363589866079,0.2136939994987,0.3912873330187,0.2204293904437,0.1849504930909,0.1689345906407,0.3124024138860,0.1707756241535,0.2225458239136,1.0000000000000,0.1721917096028,0.2726529716097,0.2910487921891,0.1102003150363,0.1156124858924,-0.0340944801080,0.1342297980784,0.2202634965161,0.0945469699864,0.0490582087500,-0.1472893441040,0.0428093615257,0.0356487644138,0.0445111842639,-0.1050185154332,-0.0881582288483,-0.1040472331315,0.0367228361406,0.0766490323559,0.0031200907094,0.1283513279570,-0.0513609901886,0.0119059041614,-0.1270187895547,-0.1290237626010,-0.0287375701610,-0.0511802049215,-0.0955863565963,0.2485860609679,-0.0230525702563,-0.0482445125277,-0.2020441894363,0.1054150237323,0.0848615331762,0.4193769016622,0.2255980363938,-0.0583943982192,-0.1056337872541,-0.2561057852741,0.1630890634535,-0.0163728574283,-0.1216869628961,-0.0274589019287
0.0749257323691,-0.0848814154333,0.3983416629283,-0.2802277499794,-0.1650626296665,0.2863979458246,0.1003415561984,0.0203052606677,0.1038515997231,0.0415842541701,-0.1474173847337,0.2362311148984,-0.2467203158929,0.1968256518131,0.1911795302895,0.0260566816313,-0.0843441037290,-0.1190750331319,0.1626603207224,0.0421108828464,-0.2652320385678,-0.2212244678244,-0.3651677704524,-0.1842712613017,-0.1185409650331,0.0634198159500,0.1721917096028,1.0000000000000,-0.2703198958278,-0.1370973859765,-0.4962736346372,-0.0164860152071,0.2744544946259,-0.3325794929300,-0.2964545501668,-0.4273798097481,-0.2452755600735,0.5436158008718,-0.2896807213190,-0.0806933073409,0.2569988271627,0.0594805237245,-0.1642459558776,0.1172932302913,-0.2407978201548,-0.2891069461457,0.1579310292158,-0.2763476430771,0.2823297606957,0.2093935726955,-0.0411639227871,-0.0620134392820,-0.4493398467344,0.3059555868174,-0.2253492688211,-0.2766605547554,-0.1198725079491,-0.4617225403377,-0.0672527186549,-0.2629858028505,0.0949161951644,0.3348728153554,0.6883911426726,-0.1382460647823,-0.1451312376652,-0.5047730260210,0.0158458554330,0.2940343448810,-0.3338939613178,-0.4622666476811
-0.1515770606646,0.2057237206210,0.2701222226632,0.3870778482388,0.4965213379009,-0.1185938280652,-0.3217638011528,0.5775911414134,-0.0590260120621,-0.1112935256654,0.1450183544018,-0.1607140142673,0.1301405020125,-0.0176091719378,-0.0860431595276,-0.2491028060036,0.3995389887668,0.1352448307455,0.0527852479408,0.0148514998704,0.2196887014676,0.4642241157659,0.3599950054114,0.5119548013504,0.5385038041127,-0.0806981397203,0.2726529716097,-0.2703198958278,1.0000000000000,0.1501349302974,0.5725086676352,-0.0905982963485,-0.2264769367015,0.1158038319626,0.0460227883186,0.1891674734141,0.1120637318404,-0.0576675598333,0.1687983413341,0.3268597922463,-0.1532398321208,-0.2497527198277,0.4079629578891,-0.1889222109014,0.1055319053698,0.0433842222204,0.0705980912075,0.0905553595994,-0.3895476291035,-0.2401377905236,-0.1025442222052,0.2357329494130,0.1982767736022,-0.2826539173733,-0.0923634688792,0.2737390719216,0.3238866721389,0.2539874836557,0.1689406329046,0.5397097331612,-0.3468917423735,0.0394724610507,0.0138716401956,0.6691574405991,-0.0616612959318,0.3207108256592,0.1272799675556,-0.1497478034918,0.0598049407678,0.0849366013136
0.1604653449811,0.2542113886860,0.0758744338351,0.4448701495477,0.2115446674395,0.0807877433934,-0.0482893998030,0.0715455723432,0.2229162311326,-0.1524969435616,0.4408673295082,0.1143309365345,0.1271501705628,0.3126338267606,0.5934613309552,0.1043844777109,0.0185770463064,0.1788081133432,0.2824722213372,0.2193543479504,-0.0427911373969,0.2130228119688,0.1274297681486,0.1096045102977,-0.0481361855951,0.3097088580946,0.2910487921891,-0.1370973859765,0.1501349302974,1.0000000000000,0.2157349939193,0.1077963843356,0.0927881154426,0.3491100784033,0.3830976373928,0.2731943502641,-0.0916504028378,-0.2467666846684,-0.0772582931452,-0.0637308616131,0.3046512646321,0.1375022744412,-0.2776329007214,0.2491660043484,-0.0518297702839,0.0874048203423,0.2340924902289,-0.0754404223755,0.0963592891811,0.4088272657155,0.3159842192023,-0.0584306376015,-0.0374292249154,0.0211119759715,0.0099772307722,0.1279875184709,0.1035295519460,-0.0481374629683,-0.2112928044431,-0.0077340097243,-0.0165050423320,-0.2329618132616,-0.0221099862928,-0.2512452322427,0.5825071022609,-0.0654106931270,0.0698908687680,0.3255856631588,0.2040107131718,0.3430952151807
0.0680310820217,0.1866540446772,0.0871221291667,0.4630802011675,0.3500490590529,-0.3036606959506,-0.2357721299607,0.4155501261555,-0.1694261861956,0.0693201475760,0.0921985971040,-0.1977224112086,0.2073883909633,-0.0301048559880,-0.0705351542614,-0.2165918862207,0.4386267593458,0.1399811689128,-0.0782056305042,-0.0558345265117,0.2636501310486,0.5885139354681,0.6693123573429,0.5295434199082,0.4255302415296,0.0937989780742,0.1102003150363,-0.4962736346372,0.5725086676352,0.2157349939193,1.0000000000000,0.0736552001311,-0.1776327389813,0.2734423381092,0.2711364825796,0.3588021197002,0.1986992774867,-0.4502422556219,0.2328870551363,0.2553267305304,-0.2520636523184,-0.1272965234706,0.1942233194746,-0.2183164653727,0.2839233038683,0.0464520051666,-0.0591299461257,0.1815949857611,-0.2646593050878,-0.2935594115005,-0.1520733641209,0.3008564513951,0.4110950503505,-0.2883901427097,0.0776274150114,0.2589826302203,0.2346858216341,0.6055974464916,0.1544308999715,0.4774451008123,-0.0719812933864,-0.2277631235290,-0.3395216582894,0.2779573315567,0.0247637808603,0.5252390701554,0.0229128564967,-0.2029568619304,0.2758058971780,0.3194653480172
-0.1389776015309,0.0193718098784,0.2056837494615,0.0767169553402,0.1112053725956,-0.2523070234534,-0.2485218133277,-0.0164494321922,-0.2684638002506,0.2160699001750,-0.0210305653156,0.2275939649121,0.1053134636801,0.6040129774222,-0.0016284582814,-0.1107751887656,0.1017617745486,-0.1153375061114,0.3543343308782,0.1131393033729,0.2953890257198,0.2242050886908,0.0073432412983,0.1908194269315,-0.0456806554984,0.1470038973607,0.1156124858924,-0.0164860152071,-0.0905982963485,0.1077963843356,0.0736552001311,1.0000000000000,-0.0828010122888,0.1271537216425,0.2233092444715,0.1070149666214,0.1090931148427,-0.0362559696904,0.2787518383231,0.0234517312682,-0.0837465032155,-0.0645760823478,-0.0923122431298,-0.0559396169929,0.0791184511312,0.1080982280065,0.4127644344723,0.1920133681800,0.4316859674291,0.0468274141448,0.0085021725584,0.0415271842708,0.0033751894416,0.3000604682981,0.0134551430993,0.2300956193183,0.2863402077073,-0.0301632247254,0.1141527079196,0.0124452630473,0.1377479735050,-0.0466235765238,0.1091853816976,-0.1145330801968,0.2015857131364,0.0827899294838,-0.0239293535880,-0.1307194087331,0.0637240799305,0.0349399710718
-0.0099659864517,-0.1073785357794,0.0825850942276,-0.0767733271624,-0.0715611244512,0.3875298292910,0.2819708740740,-0.1322457898523,0.2562417354028,-0.0703858693741,-0.0331643266838,0.1280620864374,-0.2790207750449,0.1698341732898,0.2574539886784,-0.1401131914444,-0.1549557099419,-0.2178344644449,0.0212261021617,-0.3101451650587,-0.2123082740115,-0.1340412796060,-0.0234135324127,-0.1663794626123,-0.1217759109235,-0.1220168611754,-0.0340944801080,0.2744544946259,-0.2264769367015,0.0927881154426,-0.1776327389813,-0.0828010122888,1.0000000000000,-0.0702814278805,-0.1496486717774,-0.1213333892264,-0.2407134703617,0.2258159434326,-0.2467439508103,-0.1222794084129,0.6223469398575,0.3257279582744,-0.1383246217827,0.3565410199260,-0.1083050887692,-0.2221813629684,0.0123640438609,-0.3753670095707,0.0370116226951,0.4252084622268,-0.0627484500177,-0.0919578169908,-0.3367062478586,0.0273777030428,-0.3770580887778,-0.1900684617671,-0.1080315498459,-0.0848188892419,-0.0902250107854,-0.1087825394306,-0.0374271389134,0.1085533372432,0.2304289366317,-0.2757162462561,-0.0654152934189,-0.1342941223025,-0.2573399586211,0.7711562044128,-0.0315051235232,-0.2425104492731
-0.1080002522758,0.2939804263359,-0.0736994435295,0.4245928888663,0.2224048341692,-0.1707508269236,-0.0398068983648,-0.0652954136213,-0.0819383588275,0.0844106049728,0.3098395688466,-0.2271117433656,0.2820285779763,-0.0367153007014,-0.0204312672724,0.1040542245777,0.1566321563984,0.2264107093813,0.0690092563473,0.0730932238606,0.1761661789357,0.2978454823714,0.2169018333219,0.3378048472757,0.0300570196819,0.0807658501648,0.1342297980784,-0.3325794929300,0.1158038319626,0.3491100784033,0.2734423381092,0.1271537216425,-0.0702814278805,1.0000000000000,0.5336583343120,0.2877919079545,0.0369091996219,-0.2661212756851,0.0958905507824,-0.0178622339978,-0.0738360701171,0.0715258395998,-0.2082077772470,0.0555074468808,0.2013473159727,0.1798310142838,-0.1684318216981,0.1404056592052,-0.2311455977767,-0.0397869750525,0.2618443432977,0.1238789976087,0.1707032998202,-0.2273671226586,0.0610324062279,0.1880944226964,0.2078302916628,0.1382937631904,0.0806015613876,0.0196650439685,-0.0283301763094,-0.2327759004228,-0.1653154534880,-0.1133042435667,0.0526819284125,0.1411992089728,-0.0381069627546,-0.1252163807676,0.6125790847684,0.5276791008403
