1.0000000000000,-0.0627387288849,0.4568911466806,0.4162202777315,0.1599815507534,0.1523414115194,0.1068375826920,0.4938393997071,0.2092483971946,0.4445554871948,0.2226796193093,0.2494663959740,0.0216054753390,0.2308880198149,0.6874643353168,0.1635748680619,0.0417238776041,0.3880722827952,0.1876810079268,0.2806783239999,0.2177308854600,0.0568106397781,0.1689801082042,-0.0578719918997,0.4144336535227,0.4340868313438,0.3466892278529,0.3702244709661,0.0398030039925,0.4235840197702,-0.0180515715834,0.2482028393939,0.0634775711379,0.3923568430278,0.2211023412485,0.3625170516013,-0.1117987214160,0.0835084645867,0.2791730841689,0.1177413050612,0.1014143264163,-0.3551798336259,0.2661517238258,-0.1411187010456,0.3561586240570,-0.0362684802775,-0.1132917113968,-0.0238528975703,0.1047068409554,0.0457016046075,-0.0132176062995,0.2839300270718,0.0413729603772,-0.1117157957532,-0.1894852366449,0.0887596447140,-0.2239497079327,-0.0024243579500,-0.3535753524811,0.1361114683433,0.2473449320109,-0.2419580900847,0.2865609763349,-0.2728483263569,-0.4184271554555,-0.4167931395559,0.0037754346014,-0.0458444037556,-0.0015683479073,-0.1300836380397
-0.0627387288849,1.0000000000000,0.1473515876853,0.3692161564754,-0.1177660278737,0.2307398734662,0.1022904540760,0.0873873201414,0.2553234529583,-0.3141120481035,0.2455396829453,0.3345440902550,-0.1816573152422,0.1984653095513,-0.0883559959904,0.2071343067830,-0.1827498304750,0.3027981265017,0.0694189415529,0.0412811160057,-0.1503692816596,0.0833534999769,0.2002672698533,0.3491139329762,-0.0237976330071,0.2633142914426,0.3614892413347,0.2475917156548,0.1733431003990,0.1732736173040,0.5028281453246,0.0760556686359,0.1978937172976,0.0782257421736,0.5641639542062,-0.3850608800366,0.8252477690993,-0.2139910213594,0.2623821105475,-0.2969965211602,0.1698883570442,-0.0228459792413,-0.2100505988705,-0.1229197986222,-0.2610040105627,-0.0482829936294,0.0788628777492,-0.3739435970751,-0.0294829902083,-0.4512328687676,-0.0027308149403,-0.1089291075194,0.1379330570598,-0.3040590915370,-0.2587638014818,-0.2644779432215,-0.2789249368757,0.2362913081319,-0.0635484122799,-0.2587656837009,0.2433593022589,0.0421205583408,0.1421880403834,-0.2800900905172,-0.2591926975451,0.1704394082347,-0.0735946735739,0.1676953710301,-0.3345949583919,0.5484838499911
0.4568911466806,0.1473515876853,1.0000000000000,0.3301415511650,0.0728461091394,0.2117935832383,0.0459145527392,0.6650199197873,0.1370966844359,0.3354374621139,0.1582626115067,0.4180332532423,-0.0010215125313,0.4804617518536,0.5459152392951,0.3284869652684,0.1377947616189,0.5355088335430,0.5694150988037,0.3684886217753,0.0224459305856,0.3676616850212,0.3088651939002,0.3533414924634,0.2727677061434,0.4191516565422,0.5592411808154,0.7756458011427,0.3147283065747,0.3599016027205,0.4584641718431,0.1914692131236,0.1838760896015,0.2065231801838,0.3961227476147,-0.1034978539262,-0.0777378150186,0.1620264188105,0.1893382690116,-0.0754820693293,-0.0991289964570,-0.4601610874549,0.1320666555984,-0.4373362662081,0.2168214256750,-0.3660295579111,-0.0200088742946,-0.1799884006403,0.2426990004679,0.0247891177267,-0.0199273350270,0.1003815048014,0.0223181771374,-0.0516424219653,-0.2298008796093,-0.1235617679720,-0.1494403763131,0.0167995740420,-0.3020578835064,-0.0562775228338,0.1017213995767,-0.2274594874578,0.4677878511662,-0.3148406842404,-0.2518911650651,-0.2114930290841,-0.1373294120502,-0.0905788212955,-0.2137963940578,-0.1431605821801
0.4162202777315,0.3692161564754,0.3301415511650,1.0000000000000,-0.0192916812746,0.2613212715716,0.3019045162043,0.5379630839929,0.3084254120581,0.2446251126565,0.1905060479101,0.4638483029195,0.0743607644181,0.4165709312136,0.4001868223870,0.2965839374926,0.0126346665879,0.3614729945581,0.1385573564079,0.1236423442888,0.0156795203129,0.0217554037067,0.6490593479463,0.1571328701173,0.4872012302864,0.7282736650199,0.5818846324253,0.3728058404657,0.2255455960209,0.3481489998748,0.3526377287042,0.4440705778487,0.0215191209567,0.2434470342861,0.5834228623377,0.0096591397724,0.4138448459244,-0.0524465909214,0.8533190793640,-0.2352789749420,0.2533644211687,-0.1345819187010,0.1536527127771,-0.0815983757985,0.3863955665644,-0.2339643339352,0.2276983469888,-0.0927446398476,0.2073138736068,-0.2728749928757,0.1424720645339,0.1987366620365,0.0871513417781,-0.3366666864198,-0.2294870689178,-0.1806909037367,-0.3184329320452,0.6413609718480,-0.2633342377103,0.1822809220305,0.6448614454808,0.0274613508662,0.2774486759885,-0.2565547562030,-0.2520245995609,-0.1112433085156,-0.0188409517243,0.0613993741736,0.0750794075349,0.3090211042355
0.1599815507534,-0.1177660278737,0.0728461091394,-0.0192916812746,1.0000000000000,-0.1522889710325,0.3510431421174,0.0609107562423,0.0276564524806,0.3263371075205,0.4270678681665,-0.1559114293839,0.6708170191829,0.0572712519601,0.1255100573830,0.1538227085899,0.2574352351693,0.0935530201927,0.1388969202380,-0.0161991832232,0.8588214994589,0.2991904866941,0.0214777813568,0.2111763289645,0.3843388741705,-0.0107947269527,-0.0272985222351,-0.0604966630951,0.3450072830497,0.3544930439376,0.0133724764323,0.0214530140597,-0.0907016654309,0.1933429010688,0.0111715673165,0.4130857278765,-0.1979813500801,-0.1191022840171,-0.1117172086093,0.8306034016442,-0.1527640403707,-0.0599610279012,0.0643015631360,-0.1438714338605,0.2118667377989,0.5380299212295,-0.1858054604987,0.6548505794952,-0.0449213104284,0.1387000461840,0.1268880867875,0.2441531347061,-0.0524773343078,-0.0264972092673,-0.2206852971850,0.8319743441804,0.2374540157702,-0.1192548444177,0.1465781856235,0.4471316234835,-0.2356625580862,-0.3301752197610,-0.1474475033004,0.4588080636091,0.1083485063860,0.0900837782561,-0.1874244744702,-0.0137233201723,0.0502324733505,-0.0537261981566
0.1523414115194,0.2307398734662,0.2117935832383,0.2613212715716,-0.1522889710325,1.0000000000000,0.3591553502225,0.1392906877487,0.5580290280442,0.0234502053501,0.1478371357133,0.2196721734335,-0.0634451164109,0.2744635640392,0.3080295439632,0.6284034855798,-0.0865272697643,0.0314071608552,0.1998173286818,0.0672737879522,-0.1850428097158,0.1353415324517,0.1636474065822,0.1783730445982,0.1478699460021,0.2620283120696,0.2339302903371,0.1616413913263,0.1032836241856,0.1389848980434,0.2137390109315,0.2186815210937,0.3078807686629,-0.0193215115856,0.3217597196387,-0.3697152068807,0.1972586652190,-0.1275745311082,0.2629198530602,-0.2919111880347,0.5874200906656,0.1970958492337,-0.1477270658450,0.1189064655798,0.0638040996357,-0.2960706868344,-0.0416193723940,-0.3294278138040,0.0856364983309,-0.1782681409177,0.4583471486175,-0.1764109446569,-0.2698090734947,-0.0661256764969,-0.3100794233648,-0.3295345965242,-0.2997482147382,0.1911579167335,-0.1939302817514,-0.1656326347168,0.1152257440659,-0.2615037911872,-0.0364619397124,-0.3143149588917,-0.2706031930863,-0.1734511771524,0.1296320787665,-0.0555459531990,-0.0762970638630,0.0141529514750
0.1068375826920,0.1022904540760,0.0459145527392,0.3019045162043,0.3510431421174,0.3591553502225,1.0000000000000,0.1216212447987,0.4837114338205,0.1520814777549,0.5279830010461,0.1602982146194,0.5786540727118,0.2905276717282,0.3274110620849,0.5997764710578,0.0216660941661,0.1566508213751,0.2319116198782,0.1359202663918,0.3474974875390,0.1671236774371,0.1339730085259,0.1737516834745,0.3059403404195,0.3718055508654,0.2745083696934,-0.0913650249295,0.3465117718818,0.4701394479661,0.0879453162477,0.2015989260605,-0.0282113776151,0.2000648876534,0.3965142694517,0.0108017176091,0.1130531037695,-0.3859593973331,0.3190129191298,0.1475605361098,0.2780454834056,0.2341320918312,-0.2710185667720,0.0012097086774,0.1020975023629,0.1894986287561,0.0305043962095,0.3899443373683,0.0807972081575,-0.1331006856421,0.4164219939599,0.0307952569938,-0.1658934286172,-0.0895138743293,-0.2890505512027,0.2428128272246,-0.1718615308856,0.1495908568310,-0.1575051047025,0.1789585753297,0.1849745576429,-0.2745296413187,-0.2734038557703,0.1531305919047,0.0263014266286,-0.1765536211392,-0.0516192339239,-0.0023085501544,0.2194290149110,0.1409609351214
0.4938393997071,0.0873873201414,0.6650199197873,0.5379630839929,0.0609107562423,0.1392906877487,0.1216212447987,1.0000000000000,0.0453688957696,0.5493125005510,0.2453746001897,0.3284902807062,0.0707708051938,0.5464264464149,0.5506489299215,0.3099135142571,0.1579761608622,0.3181106878838,0.2715391645751,0.1739764202846,-0.0046186298812,0.2967553007776,0.3827490655271,0.2055136568100,0.5752198139963,0.5132116150994,0.4462752497674,0.6055290901690,0.4885135910247,0.3934119691464,0.3006127349265,0.4423629015701,0.1816012013958,0.1232078739253,0.3202054170983,-0.0093210725745,-0.0649987439722,0.1306981627349,0.3238328737931,-0.0004438024268,0.0531126514576,-0.3585645673311,0.3680675289297,-0.3614177435518,0.4923856308861,-0.2920673804217,0.0398896536325,-0.0739728047877,0.3866707332717,-0.1478716615965,0.0757740569192,0.1964976130235,-0.1857414520484,-0.2958799699148,-0.4117424640030,-0.1396128261374,-0.1427015586054,0.2309259142788,-0.3677522914085,0.2774308522750,0.2601635865783,-0.2949195424262,0.4528896875229,-0.0869441985715,-0.2357867951726,-0.3118616740156,0.0712165054379,0.1476554768525,-0.1573509667765,-0.1180977745990
0.2092483971946,0.2553234529583,0.1370966844359,0.3084254120581,0.0276564524806,0.5580290280442,0.4837114338205,0.0453688957696,1.0000000000000,-0.0905934383618,0.3905365010425,0.4105999965666,-0.0773365292709,0.3898537357917,0.5268760907045,0.5585394948557,-0.1684951362178,0.1263575044280,0.3628250504956,0.2110336258947,0.0260911024656,0.1321811682654,0.0211860232515,0.1845315691669,0.1988412892450,0.4584659098157,0.3264834504858,-0.0111849399270,0.1244288236410,0.2990580296978,0.1644771765141,0.2223395560266,0.1193218430883,0.2414258272390,0.3764955982894,-0.2230571640583,0.2357898625599,-0.2974059355028,0.3118261763023,-0.1740483909398,0.3917211404704,-0.0331577660842,-0.2245090254896,0.2365521047350,-0.0464101697152,-0.1065497818593,0.1410299188542,-0.2082257985810,0.1530705261412,-0.0042739209203,0.2708391817132,-0.0938025750265,-0.2218313926921,0.0454543544569,-0.2930074415549,-0.1100787682584,-0.3001738526170,0.0708098688987,-0.2022683927874,-0.1353962347207,0.2556827696213,-0.1182111596525,-0.1618718046320,-0.2046578490889,-0.2255147145608,-0.2313354926460,0.0574712979999,-0.2158929617154,0.0287529542436,0.1178557926257
0.4445554871948,-0.3141120481035,0.3354374621139,0.2446251126565,0.3263371075205,0.0234502053501,0.1520814777549,0.5493125005510,-0.0905934383618,1.0000000000000,0.0011833827269,-0.0493565220935,0.2997871363408,0.3412428196428,0.4008351466977,0.2337395941730,0.2218301163753,-0.0359598418810,0.0520460760615,-0.0276873597752,0.2404014479580,0.0998060178861,0.2196285045393,-0.0353911529846,0.6257143393306,0.2234975505962,0.0514685738998,0.2108703029240,0.0894740714789,0.1758028835459,-0.2266326417061,0.2375295095848,-0.0005216248845,0.0975695909879,-0.0793599197693,0.2256240895969,-0.3442477605061,0.1817433541003,0.1269596453339,0.3246504720946,0.0124128822914,-0.1147584686262,0.3757453830336,-0.1229467367712,0.8176012601596,-0.0344537194519,-0.1209104147130,0.3269895022284,0.4293065961100,0.1014163731007,0.1736950034109,0.2359937995351,-0.2305692453076,-0.1261763546639,-0.2861215421250,0.2638751246310,0.0565454003942,0.1061831127696,-0.1742852021147,0.5869418910849,0.0957755442581,-0.3622561568527,0.1053984162041,0.0924562202683,-0.0437469063592,-0.2696700670513,0.1042705031090,-0.0297148694121,0.1172566668993,-0.2632896410217
0.2226796193093,0.2455396829453,0.1582626115067,0.1905060479101,0.4270678681665,0.1478371357133,0.5279830010461,0.2453746001897,0.3905365010425,0.0011833827269,1.0000000000000,0.0333115287086,0.4093403062787,0.1391227960352,0.3677632088595,0.4106826573873,0.0246594900681,0.4175002852801,0.2536987112902,0.2540471030454,0.4949833569264,0.2521563898614,0.0047313658204,0.2621533494723,0.1927762317355,0.2215740862739,0.2693961523963,0.0575827164318,0.4497712274328,0.5714825238564,0.2526987098255,0.0850360565934,0.0457440799916,0.4683448390166,0.4470042470890,-0.0147599737821,0.1217868792209,-0.4550209128873,0.1246395045318,0.3320644613452,-0.1290177506265,-0.2666242945522,-0.1875735906276,-0.3978953210457,-0.1164083302752,0.4016708503686,-0.2104477674336,0.1986952075891,-0.1518018149206,-0.1385268273000,0.1328422357851,0.1450605656552,0.0282550288521,-0.1545586528503,-0.3019305023160,0.3064561097887,-0.0957711309576,-0.0336113318575,-0.0838432720187,-0.0731661606953,0.0025409290857,-0.3317975173394,-0.1601638324503,0.1483993255599,-0.1718837017598,-0.0570523730412,-0.1213675952048,-0.0639081349048,0.0300275503190,0.1660566353777
0.2494663959740,0.3345440902550,0.4180332532423,0.4638483029195,-0.1559114293839,0.2196721734335,0.1602982146194,0.3284902807062,0.4105999965666,-0.0493565220935,0.0333115287086,1.0000000000000,-0.1815208930930,0.6143897973366,0.4330485262850,0.2382726877904,-0.0351481600037,0.4110478713030,0.5700932919785,0.3643760929932,-0.1948536694008,0.1869576849619,0.2116243536839,0.1736258447988,0.2291723936218,0.6859809977359,0.5449244058683,0.3838421243719,0.2856975065093,0.3418042392595,0.3288885610982,0.4893456749810,0.0765170517910,0.0490272268539,0.5127409668549,-0.2318652600952,0.2570557218291,-0.1798408654330,0.4585304666700,-0.3471063465433,0.2405322625382,-0.1168990812821,-0.0908686737118,-0.0070311434715,-0.0155152442566,-0.3222602226976,0.3602760499457,-0.3316696874125,0.3024614255713,-0.1888922634689,0.0610431342352,-0.0863056898423,-0.0866822975971,-0.0417820187891,-0.1749595634790,-0.3268474806361,-0.3250963250131,0.1521937320042,-0.3782043166763,-0.2026605447765,0.4701880143817,-0.1444875436193,0.1302443598124,-0.3089852550759,-0.1650773877159,-0.2021139320995,-0.0792594637811,-0.0571724845247,-0.0978262199104,0.0015993514934
0.0216054753390,-0.1816573152422,-0.0010215125313,0.0743607644181,0.6708170191829,-0.0634451164109,0.5786540727118,0.0707708051938,-0.0773365292709,0.2997871363408,0.4093403062787,-0.1815208930930,1.0000000000000,-0.0648400861733,0.0705292326648,0.1719024823080,0.3128431603708,0.1399121434257,-0.0053940756563,-0.0143578455799,0.7560283672338,0.2708518473813,0.1663963598137,0.2531256713669,0.2173101646346,0.0203933065110,0.0183695825781,-0.0682146065967,0.3515534019176,0.3347271504085,0.0781264288455,-0.0950609333656,-0.2464670664921,0.2526808291899,0.1402179591106,0.2996835474151,-0.1885601924872,-0.2315864182123,0.0269839571114,0.6014831523914,-0.1653866543657,0.0960435908436,-0.1197013511063,-0.2532832360634,0.2007803595224,0.3986356695494,-0.2068567545666,0.8309049254873,-0.1567379010520,-0.1071364285218,0.1689864080916,0.3241112757880,-0.0126599066142,-0.1324575312460,-0.1773904862074,0.6821950323223,0.2516912921433,0.0466417144493,0.2213039844831,0.3688833900171,-0.0984648109306,-0.2807054651110,-0.2125459071818,0.3898369156562,0.1433826283258,0.0743466480728,-0.2055370709789,-0.0895226975903,0.2592670978659,0.0381194361396
0.2308880198149,0.1984653095513,0.4804617518536,0.4165709312136,0.0572712519601,0.2744635640392,0.2905276717282,0.5464264464149,0.3898537357917,0.3412428196428,0.1391227960352,0.6143897973366,-0.0648400861733,1.0000000000000,0.5319942811824,0.5326887555031,0.0117797868802,0.1481419582246,0.5632095767567,0.1875743437451,-0.1107337849037,0.2329629607754,0.1696993898154,0.1000070261727,0.4043702192690,0.6086850638718,0.3987293370588,0.4337591367958,0.2711771548587,0.4026292826198,0.1479475356140,0.5620846765667,0.2207405127433,-0.0335640733309,0.3098354241411,-0.1708872598290,0.0477650792572,0.0033857788126,0.3159284099003,-0.1713074574550,0.2812490530795,0.0094039682738,0.0986116355636,0.0029955305728,0.2911453536531,-0.2527940073982,0.4482562424158,-0.1970544614890,0.7545625644671,-0.0006933884561,0.4056779380348,-0.1240090114183,-0.3641845005479,0.0112077241844,-0.4542394540683,-0.1880022230794,-0.1942036601880,0.1220300913447,-0.4463993509218,0.0849328870115,0.3012171646034,-0.3452723930440,0.2303067598796,-0.1518190993622,0.0177006400796,-0.3246248211242,0.1142193282958,0.1044064976351,-0.0942184147589,-0.1518988666185
0.6874643353168,-0.0883559959904,0.5459152392951,0.4001868223870,0.1255100573830,0.3080295439632,0.3274110620849,0.5506489299215,0.5268760907045,0.4008351466977,0.3677632088595,0.4330485262850,0.0705292326648,0.5319942811824,1.0000000000000,0.4659364478307,0.0365497591189,0.4105617179943,0.5048572263239,0.4417871570792,0.1577409443476,0.2079069961773,0.1740286175668,0.0815983689765,0.3824608284668,0.5731167179410,0.4575654105226,0.3800864612086,0.1866699204367,0.5937957591592,0.0998624755937,0.3477664179070,0.1844590745277,0.3455189883620,0.3006023513348,0.1355485039529,-0.1715450998345,-0.0935485490977,0.3406082208307,0.0315153958803,0.1084946814715,-0.3393249066364,0.0409816739548,-0.1759012874612,0.2929841659461,-0.2504556359951,0.1008240897608,-0.0509871328219,0.3469180121314,0.1749349549339,0.1677480665378,0.1045877458078,-0.1304492285682,0.1169209773387,-0.2093549603664,-0.0118092912906,-0.2095000136124,0.0019308707780,-0.3948975965735,0.0783557021341,0.2202313797986,-0.3395793034399,0.1427748256778,-0.2157337063145,-0.1848479090190,-0.4818187208392,0.0720283359000,-0.1577685477505,0.0771675535172,-0.2477611571318
0.1635748680619,0.2071343067830,0.3284869652684,0.2965839374926,0.1538227085899,0.6284034855798,0.5997764710578,0.3099135142571,0.5585394948557,0.2337395941730,0.4106826573873,0.2382726877904,0.1719024823080,0.5326887555031,0.4659364478307,1.0000000000000,-0.0499666625055,0.1460776450000,0.4040343602084,0.1760937271401,0.0420685260255,0.2279053052297,0.1135656840510,0.2137815378038,0.2753793879389,0.3422896922502,0.2153317841410,0.1434750702473,0.2254229926285,0.4203485652941,0.2044963966865,0.2513889333949,0.3140757159089,0.1031372786678,0.4055467505304,-0.1984088348149,0.0556030835893,-0.2139305049382,0.2675693527022,-0.0219979610399,0.3227329905957,0.0853183400057,-0.1362057810113,-0.0757129817503,0.2196771530525,-0.1470700521392,0.1190746140275,-0.0265329440396,0.3024920888698,-0.0180767372724,0.6301217328215,-0.1976539242699,-0.2416920330103,0.0059184324948,-0.3922773558370,-0.0600720879318,-0.1866015322568,0.0876207428681,-0.2643058264927,0.0548697704637,0.0504064278457,-0.4307821384689,-0.1085747987838,-0.1327866363507,-0.0234357621211,-0.2454385117854,0.0223652251210,-0.0053430727210,-0.0440715720740,0.0597081720501
0.0417238776041,-0.1827498304750,0.1377947616189,0.0126346665879,0.2574352351693,-0.0865272697643,0.0216660941661,0.1579761608622,-0.1684951362178,0.2218301163753,0.0246594900681,-0.0351481600037,0.3128431603708,0.0117797868802,0.0365497591189,-0.0499666625055,1.0000000000000,0.0326245248821,0.0613963673134,-0.0066719422918,0.2605296531148,0.5938227792829,0.3735656536122,0.5042662916764,0.3171021202842,0.0632021855606,-0.0047981546967,0.2790242728450,0.3787735242826,0.2078397304643,0.1729778588575,0.0093991527379,-0.0603213377636,0.1616942137327,0.1207554277492,0.1073928258087,-0.2663874905516,0.0379139026095,-0.0315000146504,0.2542655747210,-0.1915643692655,-0.2181165418784,0.1293433968896,-0.2662461297419,0.1528469353970,-0.0058525978938,-0.1722235794088,0.3193736723657,-0.0620149924873,-0.0625823659358,-0.0562069987844,0.6197713985144,-0.1004273901422,-0.1235289350867,-0.1335774414309,0.2638319427554,0.5522426858235,0.1936320539652,0.4727174552569,0.3530824837075,-0.0853559377146,-0.2094856225869,0.1789300843005,0.4214549897738,0.1382880026571,0.2178194566169,-0.1798389383915,-0.0966779793765,0.1862767142642,-0.0355070168411
0.3880722827952,0.3027981265017,0.5355088335430,0.3614729945581,0.0935530201927,0.0314071608552,0.1566508213751,0.3181106878838,0.1263575044280,-0.0359598418810,0.4175002852801,0.4110478713030,0.1399121434257,0.1481419582246,0.4105617179943,0.1460776450000,0.0326245248821,1.0000000000000,0.4497016690039,0.6913062397828,0.1755666293629,0.2200875840414,0.2933837054970,0.4180828517146,0.1072976596560,0.3580242253743,0.6962554444574,0.4759589854195,0.3364798732928,0.5534034601474,0.5322015464384,0.0570000340704,-0.0335180598260,0.3930196836483,0.6507080234262,-0.0340909336848,0.1887452098536,-0.2329255963632,0.2792632953764,-0.0726056577151,-0.1882577781456,-0.4718553459696,-0.1830792774339,-0.5577270553720,-0.1519818830560,-0.1117690834173,-0.0753443156765,-0.0369641328633,-0.2284344151977,-0.2072392964117,-0.1391540679769,0.2053540070800,0.4922876351173,-0.1110480933984,0.0530623085346,-0.0204015985688,-0.1621521297089,0.0703417553013,-0.1074612325531,-0.2353929952805,0.1148120032316,-0.0856879412859,0.1530225857670,-0.2332420420160,-0.2634287060582,0.0042671102844,-0.2186495472037,-0.0695331758144,-0.0634862916649,0.1638966078911
0.1876810079268,0.0694189415529,0.5694150988037,0.1385573564079,0.1388969202380,0.1998173286818,0.2319116198782,0.2715391645751,0.3628250504956,0.0520460760615,0.2536987112902,0.5700932919785,-0.0053940756563,0.5632095767567,0.5048572263239,0.4040343602084,0.0613963673134,0.4497016690039,1.0000000000000,0.5729882113917,-0.0325911661414,0.2666262600922,0.0909118001086,0.1805767943151,0.2524979628645,0.3862460817900,0.3833254885725,0.2719143707731,0.3641846544354,0.3491041359368,0.2693034968708,0.2285415217132,0.0359603552512,0.0295621289667,0.3319509665920,-0.1162571320267,-0.1377136825735,-0.1759691855797,0.1486408641554,-0.1546751038546,-0.1108659150458,-0.2521588166580,-0.0678252885594,-0.3116869279728,-0.0295506027886,-0.2889430578310,0.2162789090979,-0.1717932118570,0.2394677304701,0.2531998407394,0.1548296529914,-0.2341690984597,-0.0493087605066,0.3656766775361,-0.0831983980318,-0.1247060694129,-0.1570900677415,-0.0359056039785,-0.2472699060708,-0.2131009858601,-0.0285762446227,-0.3513654466834,-0.0660643321449,-0.0346343767514,0.0240117637047,-0.1141193613389,-0.1448984475242,-0.2644357729274,-0.0633015896473,-0.2405001015486
0.2806783239999,0.0412811160057,0.3684886217753,0.1236423442888,-0.0161991832232,0.0672737879522,0.1359202663918,0.1739764202846,0.2110336258947,-0.0276873597752,0.2540471030454,0.3643760929932,-0.0143578455799,0.1875743437451,0.4417871570792,0.1760937271401,-0.0066719422918,0.6913062397828,0.5729882113917,1.0000000000000,-0.0173128102074,0.0240126610295,0.1142985371567,0.1798949825594,0.0348386728268,0.1990857372833,0.4154522670854,0.1962057895170,0.1879912487976,0.3467681106759,0.2669894954926,0.0350287991080,-0.0513660953751,0.1229514159671,0.3395472396926,-0.0998116376705,-0.0492183514685,-0.1843231339382,0.1433965178003,-0.1778922309232,-0.2265364021533,-0.2560945221574,-0.1803695401802,-0.3976548802154,-0.1334472287374,-0.1796199989270,0.0748093761364,-0.1274892892654,-0.0028160317301,0.1412255690154,-0.0862812321301,-0.0426531792483,0.3227372167661,0.3044931831408,0.3262233086351,-0.1323056847556,-0.1860942052551,-0.0095340429390,-0.1009026945396,-0.2193230266325,-0.0372147604417,-0.0505089278879,-0.0683563178630,-0.1404534268856,-0.0821459759594,-0.1633308915206,0.0053268059480,-0.2909943388833,0.0096950008338,-0.0823647166109
0.2177308854600,-0.1503692816596,0.0224459305856,0.0156795203129,0.8588214994589,-0.1850428097158,0.3474974875390,-0.0046186298812,0.0260911024656,0.2404014479580,0.4949833569264,-0.1948536694008,0.7560283672338,-0.1107337849037,0.1577409443476,0.0420685260255,0.2605296531148,0.1755666293629,-0.0325911661414,-0.0173128102074,1.0000000000000,0.2548594435674,0.0153971605809,0.2058600220908,0.2266279477468,0.0281486320934,0.0159067675650,-0.0538445524874,0.2529058850945,0.3628682695540,-0.0086290139043,-0.0732945115837,-0.1923458620406,0.4211154405452,0.0989361199975,0.3867091280100,-0.1519463850922,-0.1762678754100,-0.0423586221141,0.7858636138009,-0.2096579999094,-0.1703710382836,-0.0160058782094,-0.2097983969915,0.1371847477290,0.5644313615495,-0.2742063383673,0.7017156938013,-0.2035475438231,0.0058912100265,-0.0096680438896,0.4370633060559,0.0848529104954,-0.1269710427424,-0.1514609796143,0.8653163600068,0.2388987026579,-0.1311285247273,0.2005133431347,0.3297566553947,-0.1146253811915,-0.2356408670550,-0.1363733389342,0.3527950596104,-0.0289226083676,0.0504402031207,-0.2137138215187,-0.1001029594523,0.1630753485404,0.0655348724996
0.0568106397781,0.0833534999769,0.3676616850212,0.0217554037067,0.2991904866941,0.1353415324517,0.1671236774371,0.2967553007776,0.1321811682654,0.0998060178861,0.2521563898614,0.1869576849619,0.2708518473813,0.2329629607754,0.2079069961773,0.2279053052297,0.5938227792829,0.2200875840414,0.2666262600922,0.0240126610295,0.2548594435674,1.0000000000000,0.2545050527819,0.7917445684048,0.2727180893009,0.1913486460903,0.1813028658713,0.4004348054172,0.5903221742147,0.5341224990820,0.4542861415480,0.1277051411723,0.1342522606120,0.3689680418415,0.3958778970864,-0.0348508012128,-0.1455661949253,-0.2071788725373,-0.0817496715256,0.2213523578006,-0.0581464095691,-0.2565793314701,-0.0626761426185,-0.2904269359893,0.0084596759470,-0.0445941289600,-0.2345334363759,0.1825866073331,-0.0459631435765,-0.1825434391939,0.0726875908709,0.3705561779531,-0.2200302991085,-0.2539828662863,-0.3950590738472,0.2475622503055,0.5528374903336,0.0411630916918,0.3222591278594,0.1471922295851,-0.1189770274087,-0.4162900786037,0.1394471810204,0.2937702440797,0.0555440806721,0.2335257858212,-0.2155311194661,0.0540014926791,0.0824085485281,0.0219077483116
0.1689801082042,0.2002672698533,0.3088651939002,0.6490593479463,0.0214777813568,0.1636474065822,0.1339730085259,0.3827490655271,0.0211860232515,0.2196285045393,0.0047313658204,0.2116243536839,0.1663963598137,0.1696993898154,0.1740286175668,0.1135656840510,0.3735656536122,0.2933837054970,0.0909118001086,0.1142985371567,0.0153971605809,0.2545050527819,1.0000000000000,0.4297178296398,0.3744297768793,0.3723033838224,0.3660626618328,0.3801661522983,0.2695267076518,0.2862503198644,0.5307657553062,0.1491053597537,-0.0068029146570,0.1127207407479,0.4530250859317,0.0352930151342,0.1594706302991,0.0233115018519,0.5414223372334,-0.1583858963228,0.0471397738901,-0.0972985729716,0.0614673602286,-0.1741722145576,0.2978120896736,-0.2774755748567,0.1386728943752,0.0637427549625,-0.0050510761901,-0.1774963622897,0.0865760152740,0.3096193216456,0.0887156610491,-0.1783517981633,-0.0462110229063,-0.0756637884768,0.0975011422252,0.7768319567289,0.1257664119266,0.2981217172319,0.2793443627077,0.0033751197112,0.2836997131717,-0.0282478062791,0.0695616189356,0.2199579168724,-0.1488367490453,-0.0330730201444,0.1866740925153,0.2066509530732
-0.0578719918997,0.3491139329762,0.3533414924634,0.1571328701173,0.2111763289645,0.1783730445982,0.1737516834745,0.2055136568100,0.1845315691669,-0.0353911529846,0.2621533494723,0.1736258447988,0.2531256713669,0.1000070261727,0.0815983689765,0.2137815378038,0.5042662916764,0.4180828517146,0.1805767943151,0.1798949825594,0.2058600220908,0.7917445684048,0.4297178296398,1.0000000000000,0.1628644078031,0.1378713527046,0.3124169138283,0.4202248923287,0.5147577207588,0.4341753215816,0.6803795833180,-0.0354438161583,0.0848693397237,0.3201668347811,0.5702630882562,-0.1565224261597,0.1660557243845,-0.2010859697778,0.0637126244924,0.0607468359387,-0.0712428178983,-0.1961255197470,-0.2083289349818,-0.3172344224991,-0.0758483017821,-0.0860745487560,-0.1495402558593,0.1098972095206,-0.1984820083191,-0.2632689838676,0.0206274460881,0.3562626636541,0.0873965286902,-0.2360624036069,-0.2046749836287,0.1276344358438,0.4175216158652,0.2253016399930,0.4907598723581,0.1020690969849,-0.0652613259922,-0.1444836365100,0.1758632284990,0.1199469555404,0.0448099952357,0.3722358788094,-0.2353860965614,-0.0113113913161,0.0207480567347,0.2967636012624
0.4144336535227,-0.0237976330071,0.2727677061434,0.4872012302864,0.3843388741705,0.1478699460021,0.3059403404195,0.5752198139963,0.1988412892450,0.6257143393306,0.1927762317355,0.2291723936218,0.2173101646346,0.4043702192690,0.3824608284668,0.2753793879389,0.3171021202842,0.1072976596560,0.2524979628645,0.0348386728268,0.2266279477468,0.2727180893009,0.3744297768793,0.1628644078031,1.0000000000000,0.4893228644513,0.3217471077082,0.1664569732939,0.5598051796336,0.2919648841315,0.0715311944977,0.4562845913918,-0.0653438190820,0.1266818531110,0.2335793861515,0.1044830968078,-0.0440827725531,0.0096338281003,0.3895126688385,0.1907240708836,0.1983101711067,-0.2308180501038,0.4205690289961,-0.1136328753679,0.6076171054868,-0.0830593655464,-0.0991325082101,0.1731305255226,0.2920899122783,-0.0437861567638,0.1700729913212,0.3049751152005,-0.2145029350153,-0.2700076630103,-0.3787526336178,0.1417856217836,-0.0771256076437,0.3765284498674,-0.1501687465682,0.5676567764298,0.2247756862828,-0.3162551851627,0.0692945732312,0.2466633485542,-0.1794940510397,-0.0718829808141,0.0461606463691,-0.0178309449470,0.1386419282303,-0.1020512771127
0.4340868313438,0.2633142914426,0.4191516565422,0.7282736650199,-0.0107947269527,0.2620283120696,0.3718055508654,0.5132116150994,0.4584659098157,0.2234975505962,0.2215740862739,0.6859809977359,0.0203933065110,0.6086850638718,0.5731167179410,0.3422896922502,0.0632021855606,0.3580242253743,0.3862460817900,0.1990857372833,0.0281486320934,0.1913486460903,0.3723033838224,0.1378713527046,0.4893228644513,1.0000000000000,0.6790059198339,0.3870362823185,0.3274049234692,0.4460242840126,0.1990780345206,0.5467592355342,-0.0644170729550,0.3045419529403,0.5788455328600,-0.0741558449614,0.2392363853821,-0.2067240265742,0.6859836029395,-0.2358506617494,0.3051976384553,-0.2600914583513,0.0711699748078,-0.0694608640660,0.2529081388934,-0.2887219578287,0.2176177270034,-0.1348285981537,0.3630125013905,-0.2285726259182,0.0960381792154,0.1993696231139,-0.1512885024839,-0.3127566903345,-0.3681385829405,-0.1873775349384,-0.3491691426126,0.3141735947233,-0.4454715255778,0.0402184324630,0.7494879907705,-0.1327275623815,0.1636845409216,-0.2407768657165,-0.2948793946075,-0.3304185028803,-0.1019692878110,-0.0020617652213,0.1074854335842,0.1506686886089
0.3466892278529,0.3614892413347,0.5592411808154,0.5818846324253,-0.0272985222351,0.2339302903371,0.2745083696934,0.4462752497674,0.3264834504858,0.0514685738998,0.2693961523963,0.5449244058683,0.0183695825781,0.3987293370588,0.4575654105226,0.2153317841410,-0.0047981546967,0.6962554444574,0.3833254885725,0.4154522670854,0.0159067675650,0.1813028658713,0.3660626618328,0.3124169138283,0.3217471077082,0.6790059198339,1.0000000000000,0.5470647942638,0.3600157369879,0.4577223108776,0.4243396211365,0.3531439733394,-0.0625782185422,0.2420845402404,0.6119112575340,-0.1793935090124,0.3116952476607,-0.1320567670951,0.4952148627896,-0.2766897303496,0.2035149651345,-0.3258885984181,-0.1046288937683,-0.2462863200863,0.0094777957477,-0.2872315804634,0.0668309346343,-0.1669769448720,0.0905980548150,-0.3136897694153,-0.0255180537577,0.2129545722890,0.1489151697863,-0.2781048231070,-0.1748936902123,-0.2331643748808,-0.3998988910111,0.2341395410798,-0.3639729042156,-0.1081513466768,0.4811047223048,0.0565680462278,0.2820302410464,-0.3572370365743,-0.3631879230692,-0.2154964319402,-0.0720093412742,0.0376428913017,-0.0298479591799,0.1215608273086
0.3702244709661,0.2475917156548,0.7756458011427,0.3728058404657,-0.0604966630951,0.1616413913263,-0.0913650249295,0.6055290901690,-0.0111849399270,0.2108703029240,0.0575827164318,0.3838421243719,-0.0682146065967,0.4337591367958,0.3800864612086,0.1434750702473,0.2790242728450,0.4759589854195,0.2719143707731,0.1962057895170,-0.0538445524874,0.4004348054172,0.3801661522983,0.4202248923287,0.1664569732939,0.3870362823185,0.5470647942638,1.0000000000000,0.2886725693733,0.3666330685991,0.4409184442927,0.2745442882661,0.2424294056672,0.2254505863894,0.4094831155699,-0.1006834063210,0.0696657170345,0.1865448687491,0.1989964838324,-0.1636215675780,-0.0003740363272,-0.3720691610450,0.0846671599871,-0.3591035504840,0.1041196067061,-0.2819924684008,0.0308383585988,-0.2272979671034,0.1870214925280,-0.2271479856700,-0.0512452847794,0.2799027784454,-0.0039787598790,-0.2772051014231,-0.3001764008903,-0.1945538259306,0.0041356479091,0.0806497416086,-0.1696573347193,-0.1023267058938,0.2055336344132,-0.1536482568968,0.7566437701595,-0.3162911534659,-0.1906020319703,-0.1189093831304,-0.0419935191918,0.1501835841147,-0.1811426031485,-0.0149336199256
0.0398030039925,0.1733431003990,0.3147283065747,0.2255455960209,0.3450072830497,0.1032836241856,0.3465117718818,0.4885135910247,0.1244288236410,0.0894740714789,0.4497712274328,0.2856975065093,0.3515534019176,0.2711771548587,0.1866699204367,0.2254229926285,0.3787735242826,0.3364798732928,0.3641846544354,0.1879912487976,0.2529058850945,0.5903221742147,0.2695267076518,0.5147577207588,0.5598051796336,0.3274049234692,0.3600157369879,0.2886725693733,1.0000000000000,0.4290412418133,0.4279934753893,0.3285027215110,0.0454047271570,0.1611061494834,0.4144643823203,-0.0943150522711,0.0223996371671,-0.2622224067877,0.1249466774028,0.1683648812816,-0.0212920325234,-0.2785075198381,0.0493993145894,-0.3981253509787,0.0189015846459,0.0119519411943,-0.1649238768453,0.1759070668703,-0.0318115947737,-0.2214398896297,0.0407673346867,0.2781078629434,-0.1350257691471,-0.2946270299113,-0.3709256667633,0.1313448840174,0.0604895251752,0.1684545917498,0.0077944557740,0.1443318598418,0.0043880749007,-0.3589577861433,0.0545449077424,0.4229556811300,-0.0571110939181,0.1291460925650,-0.1009525812077,0.0349790331221,-0.0064197309251,-0.0221885349641
0.4235840197702,0.1732736173040,0.3599016027205,0.3481489998748,0.3544930439376,0.1389848980434,0.4701394479661,0.3934119691464,0.2990580296978,0.1758028835459,0.5714825238564,0.3418042392595,0.3347271504085,0.4026292826198,0.5937957591592,0.4203485652941,0.2078397304643,0.5534034601474,0.3491041359368,0.3467681106759,0.3628682695540,0.5341224990820,0.2862503198644,0.4341753215816,0.2919648841315,0.4460242840126,0.4577223108776,0.3666330685991,0.4290412418133,1.0000000000000,0.3201926629571,0.2592468946924,0.1965869339824,0.5377396562309,0.5913989274374,0.1406814067943,0.0239962099723,-0.3471572220371,0.2357622308860,0.2229203377132,0.0361230389561,-0.2362270455755,-0.1768345956421,-0.3034283654711,0.0226583417545,0.1088036712628,-0.0356945747555,0.2230364657451,0.0428289125615,-0.1645534285248,0.2305327177035,0.2586585808203,-0.0236865825213,-0.1622582169172,-0.3273903693737,0.2672177208092,0.1000426798908,0.1103569916849,-0.1218385197169,0.1355390612448,0.1210965534430,-0.4664698930764,0.0562110708407,0.1050895128231,0.0763029729434,-0.1057839447171,-0.0921414663260,0.1166749196321,0.1997050351118,0.0975352183263
-0.0180515715834,0.5028281453246,0.4584641718431,0.3526377287042,0.0133724764323,0.2137390109315,0.0879453162477,0.3006127349265,0.1644771765141,-0.2266326417061,0.2526987098255,0.3288885610982,0.0781264288455,0.1479475356140,0.0998624755937,0.2044963966865,0.1729778588575,0.5322015464384,0.2693034968708,0.2669894954926,-0.0086290139043,0.4542861415480,0.5307657553062,0.6803795833180,0.0715311944977,0.1990780345206,0.4243396211365,0.4409184442927,0.4279934753893,0.3201926629571,1.0000000000000,-0.0138366133695,0.1408746267905,0.0930176914128,0.6203966126756,-0.2651169551086,0.3076481335793,-0.1656716636570,0.2550871863465,-0.1623494460435,-0.1104940226654,-0.2341283487710,-0.1509226328119,-0.4051055344305,-0.1789454060680,-0.2912877344801,0.0000181230069,-0.1849225413508,-0.1692361222468,-0.2901657938657,-0.0685772512651,0.0723039013858,0.1742503821566,-0.1687642263376,-0.0881886908552,-0.1529999422677,0.0212485823263,0.3823359489316,0.1747603741219,-0.1010943334744,0.0359888654934,-0.0183609337062,0.2282307883243,-0.1105017394621,-0.1384977967988,0.3999425625887,-0.2408326637232,-0.0669125334818,-0.2617656866142,0.2951164406494
0.2482028393939,0.0760556686359,0.1914692131236,0.4440705778487,0.0214530140597,0.2186815210937,0.2015989260605,0.4423629015701,0.2223395560266,0.2375295095848,0.0850360565934,0.4893456749810,-0.0950609333656,0.5620846765667,0.3477664179070,0.2513889333949,0.0093991527379,0.0570000340704,0.2285415217132,0.0350287991080,-0.0732945115837,0.1277051411723,0.1491053597537,-0.0354438161583,0.4562845913918,0.5467592355342,0.3531439733394,0.2745442882661,0.3285027215110,0.2592468946924,-0.0138366133695,1.0000000000000,0.1519281248026,0.0072489989073,0.2041830588057,-0.1591665304036,0.1088625143060,-0.0136627911684,0.3815797638437,-0.1128730248364,0.3522736185512,-0.0613562016030,0.2326594892154,0.0340193339305,0.2928868340474,-0.1775767953104,0.0912865464039,-0.1736229828599,0.3880864227972,-0.1620222686762,0.2778237950939,-0.0159673625612,-0.2735526133282,-0.1604326659786,-0.2847893124193,-0.1582500643836,-0.2708036977519,0.1884661560616,-0.3626671606042,0.0741185962220,0.3131772243181,-0.1742222182538,0.1986379610918,-0.0411860103877,-0.1741624686924,-0.2316813517682,0.2796327898957,0.0514043227492,0.1031050967400,-0.2099408622730
0.0634775711379,0.1978937172976,0.1838760896015,0.0215191209567,-0.0907016654309,0.3078807686629,-0.0282113776151,0.1816012013958,0.1193218430883,-0.0005216248845,0.0457440799916,0.0765170517910,-0.2464670664921,0.2207405127433,0.1844590745277,0.3140757159089,-0.0603213377636,-0.0335180598260,0.0359603552512,-0.0513660953751,-0.1923458620406,0.1342522606120,-0.0068029146570,0.0848693397237,-0.0653438190820,-0.0644170729550,-0.0625782185422,0.2424294056672,0.0454047271570,0.1965869339824,0.1408746267905,0.1519281248026,1.0000000000000,-0.0064876506212,0.1209392441841,-0.1153050276262,0.0977129595083,0.0534732560484,-0.0479947809947,-0.0443432520357,0.0889269942168,-0.0306523738804,-0.0211943754417,-0.0559288748353,-0.0729483391967,-0.0755331979710,0.0325213332743,-0.2486408171613,0.1576717722370,0.0920689037765,0.1702567713264,-0.1697986535896,-0.0520776035658,0.0317011387959,-0.1255442059272,-0.1166999536763,0.0007907133126,-0.0168719250996,-0.0887014408230,-0.0607591892555,-0.1320172433392,-0.2174685330650,0.2074276283248,-0.1064861359568,0.0805561436417,0.0166537291432,0.1398206076547,0.2197795491033,-0.2189778419790,0.0737026741045
0.3923568430278,0.0782257421736,0.2065231801838,0.2434470342861,0.1933429010688,-0.0193215115856,0.2000648876534,0.1232078739253,0.2414258272390,0.0975695909879,0.4683448390166,0.0490272268539,0.2526808291899,-0.0335640733309,0.3455189883620,0.1031372786678,0.1616942137327,0.3930196836483,0.0295621289667,0.1229514159671,0.4211154405452,0.3689680418415,0.1127207407479,0.3201668347811,0.1266818531110,0.3045419529403,0.2420845402404,0.2254505863894,0.1611061494834,0.5377396562309,0.0930176914128,0.0072489989073,-0.0064876506212,1.0000000000000,0.4704415478856,0.1382239554843,0.0602373350235,-0.3233136009527,0.2051522314789,0.1739164775473,-0.1601570706579,-0.4202416685031,-0.0511454983412,-0.2958742728996,0.0015570554861,0.2576187550197,-0.3754145284261,0.2029799078609,-0.1924627351259,-0.1090823010630,-0.1336205882791,0.4827379060365,0.2483762343900,-0.3337250005486,-0.1962511339231,0.3159430115569,0.1700148899738,-0.0316508117506,0.0800456236899,-0.0151094021352,0.2112648598663,-0.1591213803819,0.0588748811124,-0.0024932968792,-0.2168164420040,-0.0048384261451,-0.0980882734004,-0.0511960257515,0.3409332941082,0.3040948255403
