1.0000000000000,0.2541892981068,0.4056298010790,0.3983032961079,0.0711216190161,0.0971427079527,0.2067219471309,0.2324895087623,0.2494480945710,0.1326998812909,0.1174997624071,0.3478296606624,0.0963725440938,0.2913095700569,0.6720027244315,0.2989642141988,0.2743554964374,0.6051333108806,0.3022295132091,0.4691895152335,0.1096511495541,0.3930706166595,0.3211087756964,0.4438435800535,0.2013446599529,0.2899398196983,0.3117352074254,0.4308952687690,0.3792625993605,0.6274438774199,0.4578006792403,-0.0306531086444,0.1200445185635,0.4031480287907,0.3798984539035,0.3525966237279,0.2466847018337,0.2107044060807,0.4035801487061,0.0834226573200,0.1759936860846,0.1169381449375,0.2622052564921,0.1236179454472,0.2416438232327,0.1809874073808,0.3633377366241,0.0491008251263,0.2419711877367,0.3910783636234,0.1947636582928,0.2958159046796,0.3456284953817,0.2318030707535,0.2953209168514,0.0726503959962,0.3240873711277,0.2706352868438,0.3607592420444,0.1299070593413,0.2382217715237,0.1427375774940,0.4336885009312,0.2940030095706,0.3522273454433,0.3765481907547,-0.0719410034561,0.0366457221378,0.1888852921838,0.3350255297635
0.2541892981068,1.0000000000000,0.4319192418373,0.6888966753305,0.1904285373573,-0.1135051717401,-0.1078144180661,0.0289395686284,-0.1183752829084,0.2433539241832,-0.1415672269371,0.4375552996721,0.1930144283218,0.3165987302957,-0.0861332835929,0.1982118527494,0.4329974428251,0.3499165576724,0.1078540200108,0.2603292255609,0.2701739087257,0.4918433328802,0.6224067181420,0.5592431890078,0.2696953104899,0.6050122801012,0.4919935500299,0.6070871290169,0.2623425904952,0.3189655177283,0.4612374521716,-0.2773631196758,-0.1888611989129,0.4505095873186,0.6054096983165,0.3776202054436,0.8119229356378,0.3038367766756,0.7025978915632,0.2346126528058,-0.0196437923379,-0.2709761905993,0.1853475878871,-0.2102587495509,0.2949152747885,-0.1009570593065,0.4202356966317,0.2215584231466,0.3283754234918,-0.0834940720103,0.0314107953430,0.4779116891279,0.5222473426995,0.2677524845179,0.2783427455466,0.2733545977226,0.5040834745841,0.5814288694738,0.5414723453768,0.2102707906021,0.4872945259501,0.2990945944979,0.6451704944567,0.2767925201195,0.4341389435365,0.4056752355051,-0.2264214456303,0.0135701449818,0.4566247289773,0.6075048623238
0.4056298010790,0.4319192418373,1.0000000000000,0.5281128253595,-0.0447893146575,0.2332099766516,0.1327556482948,0.2021859972549,0.3146964610220,0.1106173307134,-0.0497711469272,0.5651507379552,0.0695561523617,0.5294832433942,0.3596663330518,0.4113464213909,0.3843675890931,0.6035100482812,0.4559663233038,0.4705443066198,-0.0067317446932,0.4249653845701,0.4178350890908,0.6960861465722,0.0773041253484,0.5461836022946,0.7286516701688,0.8771121121207,0.2726835929702,0.1962970842880,0.2466571062828,-0.2848131008034,0.0590212546550,0.2701396890303,0.3909725165555,0.1397493383782,0.3828082488156,0.6651187221911,0.4585835647794,-0.0175326316100,0.2519464720520,-0.0451851829288,0.0972785075991,0.1413147720328,0.1738072518060,-0.0035150716536,0.5970345159749,-0.0384664594593,0.4021413417898,0.0392052126855,0.1933194669763,0.4039810617169,0.3764536862306,0.2640301819801,0.2317162813129,-0.0291107106271,0.3804737586099,0.3284177400380,0.4920205209515,-0.0479694623850,0.3208773210826,0.4796720493035,0.7167854956600,0.1291067955829,0.1268354831970,0.2467890873539,-0.3625830248720,0.0793589005384,0.1107239129405,0.3423572681994
0.3983032961079,0.6888966753305,0.5281128253595,1.0000000000000,0.2563915585062,-0.0382725013149,0.0461561955426,0.2291966801236,-0.0674057141449,0.4670818155828,-0.0560285147608,0.4643551346599,0.2508391232694,0.3100334430759,0.0487387128660,0.3751491163743,0.3486134943192,0.4129758401689,0.1323584640366,0.3386307037714,0.2583774643964,0.4988931354252,0.6978484667572,0.5906133999787,0.4796120280321,0.6422338392431,0.5025267473166,0.5737699094002,0.4144865835405,0.3037806461723,0.4448438845186,-0.1927856338937,-0.1965094664411,0.5154124992210,0.5922308691803,0.4057674793642,0.6485076716137,0.3867224055291,0.8323249110036,0.2619887166106,0.0571551378058,-0.0821007893682,0.3837203497055,-0.1310732917732,0.5093090914336,0.0049429633179,0.4300764266993,0.1904475418326,0.3591305936372,-0.0250416285711,0.1705457529521,0.4228531128278,0.5122257622896,0.1432013844662,0.2919556858386,0.2197206126234,0.4896579205792,0.7231741486346,0.5714291651467,0.3624727880325,0.5093434470034,0.3316620364758,0.5839227992884,0.3178590411647,0.2974338212242,0.4731076903061,-0.1926805565122,-0.0487641522200,0.3323877454935,0.5270270801878
0.0711216190161,0.1904285373573,-0.0447893146575,0.2563915585062,1.0000000000000,-0.0599117081145,0.2219871616491,-0.2546150926387,-0.0172364823429,0.5760189759249,0.4506299869710,0.0521159243451,0.7064279143234,0.1927729727363,-0.0647029694217,0.1637277484176,0.3000830110857,0.0046543978096,-0.0979067608427,-0.0633255043805,0.8584645556670,0.3570821667686,0.2413638867515,0.1098273108026,0.6630169321233,0.0372341438331,0.0311704483676,0.0877138853263,0.4947041494975,0.1766316449466,0.1214658599917,-0.0425868746024,-0.2159890951877,0.1477460169352,-0.0022797820688,0.1154349725441,0.1582064767252,-0.0870439849255,0.2522829304562,0.9387481630649,-0.1171308160691,0.1721694460198,-0.0199531125940,-0.0248797017643,0.4283650139998,0.4214623913195,0.0059313278346,0.7688538714609,0.2206132395597,0.0519082463145,0.1162514833360,0.2258612449847,-0.1108578267060,-0.0169795871584,0.0160767903863,0.8315607287435,0.3377496912322,0.2137545816882,0.1077375355331,0.6476386549373,0.0673445928757,-0.1022250444966,0.0858220689909,0.6573341778522,0.2027350817700,0.1110649210689,0.1240678456532,-0.0424360925989,0.2177020996410,-0.0059234255449
0.0971427079527,-0.1135051717401,0.2332099766516,-0.0382725013149,-0.0599117081145,1.0000000000000,0.4737803589009,-0.1061066680062,0.6681936270642,0.0079622684901,0.3395429623589,0.2865916996897,0.0391309599611,0.3411761304360,0.4234859872660,0.4155584678340,0.0584792794797,-0.0015976758708,0.1616527109848,-0.0427277087860,-0.1462498967592,-0.1610722115147,-0.0732003681632,0.0623845263262,-0.0152031618373,0.1008094704859,0.3624140792573,0.1803818306900,-0.1919710592120,0.1350007643293,-0.1404076105787,-0.0271456527265,0.5984762348934,0.0101924604867,0.1099607396599,0.0115447189801,-0.1811179111007,0.3028746322179,-0.0421028538351,-0.0667113064700,0.8146734010346,0.3917935289154,-0.0518128322649,0.7355767329004,-0.0107228438889,0.2356458679792,0.2722093464285,-0.0748989298334,0.3601406315496,0.4035135480465,0.4093636162239,0.0986009756319,-0.0534265335309,0.0509541899215,-0.0664159714277,-0.1358255389909,-0.0443491285237,-0.1184976631406,0.0243805549882,-0.0242169228644,0.0094856168178,0.4668029762463,0.1214045824248,-0.2465686161407,0.0693004687446,0.0260025267027,-0.1049121985070,0.6191630429772,-0.0657330774507,0.1526208875562
0.2067219471309,-0.1078144180661,0.1327556482948,0.0461561955426,0.2219871616491,0.4737803589009,1.0000000000000,-0.1375431832715,0.6829327157902,0.2705439253092,0.7830007559831,0.2132396660848,0.5875198628137,0.4132143231627,0.4022844818443,0.4661982543956,-0.1737582879742,-0.0221301760201,0.1860631683764,-0.0544378639504,0.2868622180427,-0.0897993981759,-0.0329520521699,-0.1172474065075,0.1626280702884,-0.0073970118192,0.2038102102496,0.1194109755648,0.0546112134493,0.1430068697325,-0.0593098190374,-0.1258171384557,0.3315255637956,0.1208084808390,-0.0301843558677,0.1407056086606,-0.1674718486395,0.1908073798228,0.0606233887960,0.2279859679810,0.4033043711263,0.8688937187455,0.0478854279756,0.6837527798287,0.1965944763097,0.7323713516803,0.2545648240025,0.4221110367907,0.3059655453877,0.5197727079918,0.4604893352855,-0.2011662107646,-0.1515249024874,0.2071239261706,0.0443456641901,0.2653741000217,-0.1268329047000,-0.0710338497382,-0.2273977593846,0.2513907371776,-0.0577796682526,0.2341233711343,0.1317444785421,0.1309118880175,0.1224233038589,-0.1207852987878,-0.1839225109975,0.3179560280906,0.0868197274453,0.0155540398201
0.2324895087623,0.0289395686284,0.2021859972549,0.2291966801236,-0.2546150926387,-0.1061066680062,-0.1375431832715,1.0000000000000,-0.1483816341149,-0.0254047825468,-0.2910316917622,0.0551321071364,-0.2336838410196,-0.3092609886599,0.1955302304472,-0.1326960466076,-0.0313575457104,0.2705008431356,0.1528481041266,0.3979359983502,-0.2997916296927,0.0477279584229,0.2187207041220,0.1643500309560,0.1805498496082,0.2186001848371,0.2173892089917,0.0509868622975,0.2515816971514,-0.0232421705245,0.3360518351483,0.4168826334395,0.0010460045822,0.1478571972510,0.2200955196704,0.1259991277967,0.0175208144523,0.0408135294271,0.2144074840529,-0.2715169822386,0.0361237266824,-0.1279414309078,0.5123121756553,-0.1529197874557,-0.0789175375509,-0.3558138466893,-0.1777382184524,-0.2661477790836,-0.2359426287768,-0.0550150189333,-0.1493370061937,0.0097498936849,0.1897544812223,-0.2266877278809,0.0851419815658,-0.3207326146492,-0.0582215402550,0.1806944277963,0.1113201517970,0.0099894058631,0.2109354917464,0.1984336970525,-0.0663354679943,-0.1543711379896,-0.1872997169231,0.1766989236722,0.0520996662555,-0.2639458588968,0.0489722675846,0.0964332765232
0.2494480945710,-0.1183752829084,0.3146964610220,-0.0674057141449,-0.0172364823429,0.6681936270642,0.6829327157902,-0.1483816341149,1.0000000000000,-0.0151275721454,0.5194653704623,0.3943797549834,0.1985079887461,0.5200318541094,0.6452532918939,0.4629706362346,-0.0968148554912,0.1051589182829,0.3977775826572,0.0162464685525,-0.0170493253239,-0.1343995200348,-0.1185214486545,0.0096385291968,-0.0930315195811,0.0217365921225,0.3074208627525,0.2558186438438,-0.1182398620278,0.1417162561050,-0.1771838066326,-0.1259897863642,0.4658648145645,0.0295852771144,-0.0077520081445,-0.0597898603950,-0.2031510109875,0.3788068510210,-0.0681618744665,-0.0341741211270,0.4950260438037,0.5714844963498,-0.1626838789820,0.8164983034714,-0.0345906642959,0.4474523216875,0.3798526693457,0.0590704420178,0.3371001393566,0.4548831528141,0.3620759128423,-0.0963123372677,-0.1616191994404,0.2447221544757,-0.0872068004445,-0.0229744140102,-0.1132423490569,-0.2137158784499,-0.1306747547946,-0.1003381075582,-0.0555745713916,0.3077271480892,0.1635626858444,-0.1182686215797,0.0355691699861,-0.1574878273612,-0.1658152347731,0.3988553975702,-0.0143214641296,0.0405275577754
0.1326998812909,0.2433539241832,0.1106173307134,0.4670818155828,0.5760189759249,0.0079622684901,0.2705439253092,-0.0254047825468,-0.0151275721454,1.0000000000000,0.3195206674563,0.1074570439189,0.5789263301398,0.2230439706725,0.0235136813074,0.3721619716557,0.1067190660077,0.0793337452896,-0.0205973302969,0.0111459677836,0.5494271919782,0.3032013178120,0.3108757924685,0.1000134353246,0.5949726759139,0.1542638506049,0.1061785426430,0.1971240994387,0.3850950500036,0.2744092188859,0.1972070278539,-0.0928445909400,-0.1064300975159,0.2133553329081,0.1853263592136,0.1422206323706,0.1407055310064,0.0058694942179,0.3707734292271,0.5962698792907,0.0338541960652,0.2703321591030,0.2234874555018,0.0377930943949,0.8012035909012,0.3672684805316,0.0802832784738,0.5621121516613,0.3128157246981,0.1598898282228,0.2869159701737,0.1101690328981,0.0391677860910,0.1093048237374,0.1087682433069,0.5663803134709,0.2856026788885,0.3107828290121,0.0942247792968,0.6331041760537,0.1482266259883,0.0683911599015,0.2020447734457,0.4401540245151,0.3435773085665,0.2147765450776,-0.0071154237147,0.0553180887931,0.2789760100952,0.1416145160257
0.1174997624071,-0.1415672269371,-0.0497711469272,-0.0560285147608,0.4506299869710,0.3395429623589,0.7830007559831,-0.2910316917622,0.5194653704623,0.3195206674563,1.0000000000000,0.0502207581625,0.6603585616902,0.3473128538886,0.3458960066713,0.2388681757647,0.0001007734114,-0.0617185105132,0.1032711945688,-0.1003879007862,0.5445884806760,0.0444645912458,-0.0359792885651,-0.0956532328698,0.2107382857789,-0.2175015551809,0.0513194343361,-0.0179874571542,0.2819322027568,0.2502992008397,0.0331289044850,-0.1046886092851,0.1495356851226,0.0528947316296,-0.1354270589851,-0.0997522722381,-0.2106139507226,0.0299229441463,-0.0656452639783,0.4488979773861,0.1945217003773,0.7039744907759,-0.1680712683296,0.5234933608404,0.1663216179885,0.8983026948997,0.0693279060974,0.6227204183106,0.2569582016700,0.4400129274140,0.2545445790380,-0.1082873701827,-0.3470159587199,0.1530808632891,-0.0359308455250,0.5488818493548,-0.0046595746933,-0.1269826554835,-0.2239796787455,0.2775552520856,-0.1879594302119,0.0573050978067,-0.0287072801583,0.4292824898560,0.1381474086616,-0.0481445401523,-0.0428348959377,0.1987122801066,0.1070436626990,-0.0985376699975
0.3478296606624,0.4375552996721,0.5651507379552,0.4643551346599,0.0521159243451,0.2865916996897,0.2132396660848,0.0551321071364,0.3943797549834,0.1074570439189,0.0502207581625,1.0000000000000,0.1159651920020,0.6832941784028,0.3689164574724,0.4691109849581,0.1654891064035,0.4422544345654,0.6092530080885,0.3824076709483,0.0220294456318,0.1940832843912,0.2261261763952,0.4198152160501,0.0629313560745,0.6471241985533,0.6016239455200,0.6256624180360,0.1137298472729,0.3403411300252,0.1012999591897,-0.3425161372279,0.1295264450523,0.3163107335186,0.4847327331834,0.2260392567614,0.3690244012617,0.5817755295542,0.4934508066551,0.0545435719773,0.2886000626195,0.0801808370497,0.0861758118372,0.2648027211313,0.1211211645678,0.0586320106293,0.7803111963857,-0.0018699851072,0.6320132462284,0.2661202146433,0.2331177622949,0.1811918609128,0.4015371948992,0.5341579729192,0.4126816208318,-0.0042803132853,0.1703815455512,0.1848677376325,0.3204041564359,-0.0318676723925,0.4926853794721,0.4827131881369,0.5696039805346,0.0631720500641,0.2759154025510,0.1201499360912,-0.3535147736440,0.1750534201041,0.1313995585481,0.4814082077248
0.0963725440938,0.1930144283218,0.0695561523617,0.2508391232694,0.7064279143234,0.0391309599611,0.5875198628137,-0.2336838410196,0.1985079887461,0.5789263301398,0.6603585616902,0.1159651920020,1.0000000000000,0.3271151973080,0.0118384671438,0.3452053190934,0.0892858640295,0.0310501911012,0.0310678581376,-0.0107709622296,0.8372605273797,0.2682918703789,0.2409321542188,0.0801181663417,0.4959508022954,0.0519838552188,0.1839205292256,0.1407379522689,0.3922979260728,0.2235398980579,0.2008024135258,-0.2456026591277,-0.0659084444549,0.2458631325528,0.0669989327842,0.1319502148174,0.1193176237854,0.0069140254648,0.2894774580484,0.7397375338611,0.0339163480513,0.4581193588616,0.0290861185539,0.1921654255177,0.4530036501198,0.5752351189768,0.1615566922950,0.9007398569066,0.2694584259986,0.1924595890360,0.3032887455394,0.0330720834680,-0.0994697279127,0.1616369884417,0.0765670854523,0.7969941274753,0.2441704426178,0.1875493702826,0.0333905780737,0.5507659996536,0.0147913424448,0.0944493324209,0.1792714766020,0.5878405202796,0.3189168517686,0.1252413719439,-0.1425355066682,0.0469323092938,0.3620161452710,0.1060664495078
0.2913095700569,0.3165987302957,0.5294832433942,0.3100334430759,0.1927729727363,0.3411761304360,0.4132143231627,-0.3092609886599,0.5200318541094,0.2230439706725,0.3473128538886,0.6832941784028,0.3271151973080,1.0000000000000,0.4265865216532,0.5554743649184,0.2266736941026,0.2773831860610,0.4498710111040,0.1558016591022,0.2628912205065,0.2920255339169,0.1736580108750,0.3249221665090,0.0269032993943,0.4463343420728,0.4164989361746,0.6472134440538,0.0388072507822,0.3984637848024,0.0076059183071,-0.5018363235155,0.1771373003130,0.2973082308331,0.2694004763076,0.1296938612283,0.2133069453303,0.5511185812530,0.3494469708218,0.2055730828854,0.2853832492761,0.3075218382614,-0.0902391212111,0.4557689029056,0.2534359146688,0.4225510412747,0.7504688365452,0.2284309415253,0.8259276391729,0.4358317425540,0.4043785054294,0.1975375651731,0.1644336316679,0.5315128695859,0.2644637493756,0.2446996136307,0.2951865280346,0.1066679744101,0.1931663008900,0.1092059383163,0.2842067761393,0.2694474365572,0.6429373861596,0.2030731181546,0.3539904390134,0.0244658234830,-0.4820450755864,0.4033954439796,0.1972229674435,0.3105981049420
0.6720027244315,-0.0861332835929,0.3596663330518,0.0487387128660,-0.0647029694217,0.4234859872660,0.4022844818443,0.1955302304472,0.6452532918939,0.0235136813074,0.3458960066713,0.3689164574724,0.0118384671438,0.4265865216532,1.0000000000000,0.2925436452183,0.0967537039123,0.4305971306895,0.5650351234207,0.4449577870877,-0.0640730997199,0.1176719583187,0.0053392725802,0.1717321354924,-0.1091247737090,0.0427605727776,0.2125517376813,0.3396580848327,0.1494304284298,0.5508075187879,0.1100318667778,0.0237837725113,0.3946432876842,0.1555909951735,0.0633077298287,-0.0193750346724,-0.1583298394505,0.2745952176738,0.0311189782422,-0.0599155558249,0.3653942446467,0.3435801175934,0.0071547338536,0.4891820785565,0.0247392294983,0.3328455727157,0.2978705859154,-0.0316233791089,0.3255198797772,0.6048426314801,0.2195712891563,0.0534446548223,-0.0111852707983,0.2982407271722,0.1353453112249,-0.0528552036699,0.0264874402675,-0.1022775137818,0.0118628536215,-0.1218495177361,-0.0132856507896,0.1528962863040,0.2205249486750,0.0473910308216,0.1526723693153,0.0182440371145,-0.0911316345979,0.2619838522755,-0.0057249191031,0.0102603535302
0.2989642141988,0.1982118527494,0.4113464213909,0.3751491163743,0.1637277484176,0.4155584678340,0.4661982543956,-0.1326960466076,0.4629706362346,0.3721619716557,0.2388681757647,0.4691109849581,0.3452053190934,0.5554743649184,0.2925436452183,1.0000000000000,0.0323929476196,0.1431097511986,0.1423290417823,-0.0117759892458,0.1563356309699,0.1001067170209,0.1339787646275,0.2297813219722,0.2395721331489,0.4165692264236,0.3493568039140,0.3940370560231,0.0372479053183,0.2205250426208,-0.0154798887274,-0.2372002523866,0.3131305465074,0.1652229086634,0.2923944531590,0.2479352088834,0.1174281216406,0.3468334287815,0.3763418845708,0.1571187605465,0.4144364682742,0.3354179399985,0.1510688650419,0.4345904690450,0.4791652519993,0.2994146981926,0.6117785509327,0.1848319311739,0.5657830992255,0.3016819696538,0.7090399034986,0.1216555898025,0.1735421291544,0.1960206294568,0.0313928536221,0.1106406756249,0.1787651046545,0.1961840373025,0.2023533600319,0.2470864493475,0.2531284454254,0.2977406605412,0.4125953193812,0.0904479946569,0.3241810022878,0.1471447584558,-0.1883539282802,0.3806963909807,0.0711368446915,0.3339871576383
0.2743554964374,0.4329974428251,0.3843675890931,0.3486134943192,0.3000830110857,0.0584792794797,-0.1737582879742,-0.0313575457104,-0.0968148554912,0.1067190660077,0.0001007734114,0.1654891064035,0.0892858640295,0.2266736941026,0.0967537039123,0.0323929476196,1.0000000000000,0.4032732373351,0.0705796617101,0.3099267331741,0.3179216040186,0.7442694537852,0.5242947307420,0.7314895584865,0.2715478045942,0.2802733424439,0.3487103479752,0.4998175858021,0.4354403699284,0.3422583812405,0.4316691196102,0.0427112418973,-0.0796518173160,0.2538562186015,0.3732127706454,0.0274000153839,0.4449324527722,0.2525989594118,0.3602405353153,0.2609043963339,0.0559159412683,-0.2883073683774,-0.0707786736313,-0.1767109098435,0.1188057800347,0.0128825206595,0.1567531552078,0.1821585255080,0.2441375128695,-0.1168742310287,-0.0817213104558,0.9467753602156,0.2380880050262,0.0252537118933,0.2000021923281,0.3107762116124,0.7854610363521,0.3901872312724,0.7099639477023,0.1914324567681,0.2306906284185,0.1567118043672,0.4421041970911,0.4642851235158,0.1857159698460,0.5079979842500,0.0892067426357,-0.0043215781625,0.1772811105085,0.3103964524673
0.6051333108806,0.3499165576724,0.6035100482812,0.4129758401689,0.0046543978096,-0.0015976758708,-0.0221301760201,0.2705008431356,0.1051589182829,0.0793337452896,-0.0617185105132,0.4422544345654,0.0310501911012,0.2773831860610,0.4305971306895,0.1431097511986,0.4032732373351,1.0000000000000,0.5421875956131,0.7254611866958,0.1014845966735,0.4474492255320,0.3021993181572,0.6684410757449,0.0412765747330,0.3639914129251,0.5467996518801,0.6101999273487,0.4810710915014,0.3678767477319,0.4234376861613,-0.0607811376440,-0.0040613036511,0.2749566889772,0.4391425211062,0.0997977582948,0.2579932773651,0.2346180089125,0.3751162342514,0.0171283792862,0.0622247199958,-0.1880889965489,0.0437129034014,-0.1159927339271,0.0841079392630,-0.0181835579831,0.3830313137299,-0.0176385821194,0.2099942865509,0.0300048663816,-0.0171743030552,0.3825032461706,0.5619173715460,0.2965833022906,0.4979663977668,0.0371259736587,0.3520992654303,0.1837492416407,0.5038498857834,-0.0980973308856,0.1815898505712,0.2540988900666,0.5039494310548,0.3323313187075,0.1635878264238,0.2770588716112,-0.1709931237906,-0.0642296699657,0.1005228324562,0.3296995849276
0.3022295132091,0.1078540200108,0.4559663233038,0.1323584640366,-0.0979067608427,0.1616527109848,0.1860631683764,0.1528481041266,0.3977775826572,-0.0205973302969,0.1032711945688,0.6092530080885,0.0310678581376,0.4498710111040,0.5650351234207,0.1423290417823,0.0705796617101,0.5421875956131,1.0000000000000,0.6296876299908,-0.0735315329738,0.0742976414728,0.0092174144283,0.2152845343305,-0.2581368836297,0.2899588482266,0.3935810035861,0.4611322819771,0.0824916283121,0.2884994639252,-0.0252529478524,-0.1927368319747,0.1171350573127,0.1445616476497,0.1716791280449,-0.0011223056283,0.0402962754253,0.3946226360655,0.1293273182900,-0.0667424289301,0.1780269009855,0.1127813662645,-0.0307235582260,0.2059262676917,-0.0350945016498,0.0850368182123,0.4672963283472,-0.0493663094692,0.3387115243671,0.2550422885063,0.0007695934182,0.0074412038387,0.2422684730311,0.6345640300942,0.4050206390346,-0.0887648637376,-0.0034022337638,-0.1062598630599,0.0735512402569,-0.2410216116018,0.1471794126724,0.2937684351143,0.3234898850644,-0.0035714698904,0.0767692938545,-0.1090550172731,-0.2715273180769,0.0874409037741,0.0509774641941,0.1350445689245
0.4691895152335,0.2603292255609,0.4705443066198,0.3386307037714,-0.0633255043805,-0.0427277087860,-0.0544378639504,0.3979359983502,0.0162464685525,0.0111459677836,-0.1003879007862,0.3824076709483,-0.0107709622296,0.1558016591022,0.4449577870877,-0.0117759892458,0.3099267331741,0.7254611866958,0.6296876299908,1.0000000000000,0.0099658062643,0.3399407280181,0.3358753857909,0.4789684283916,-0.0324896014204,0.2936876132556,0.4209003422006,0.4850252665442,0.3439245173617,0.3875141033561,0.3738220494760,-0.0332330342944,-0.0254538323241,0.3788923367289,0.3941314248711,0.1281622877409,0.2329598471428,0.2262468235376,0.3582024539491,-0.0378396815308,0.0888074512319,-0.1336464590668,0.1549140173169,-0.1334662491920,0.0269008651317,-0.0964880376262,0.2231966301020,-0.0240539163666,0.1282649329818,0.1453267074198,-0.1396070728380,0.2612523740312,0.4415675085455,0.3575755684239,0.5315956610491,-0.0371895608389,0.2402351921041,0.2036664783736,0.3687231767895,-0.1132373112574,0.2168509719842,0.2933800910905,0.3417038505188,0.1834730335331,0.1308138391946,0.2167110224694,-0.0954209480656,-0.1199902633525,0.1812044978047,0.2841649517877
0.1096511495541,0.2701739087257,-0.0067317446932,0.2583774643964,0.8584645556670,-0.1462498967592,0.2868622180427,-0.2997916296927,-0.0170493253239,0.5494271919782,0.5445884806760,0.0220294456318,0.8372605273797,0.2628912205065,-0.0640730997199,0.1563356309699,0.3179216040186,0.1014845966735,-0.0735315329738,0.0099658062643,1.0000000000000,0.4390947564878,0.3154188053405,0.1812233036571,0.5513101359792,-0.0077268419959,0.0665518241381,0.1367489300022,0.5382595675237,0.2654977461036,0.2667824867390,-0.1328998330758,-0.2382160912090,0.2271321754022,0.0527369245453,0.0412133933994,0.2016306564702,-0.1094336180692,0.2640225988571,0.8415284548628,-0.1687143684626,0.1728246842325,-0.0757582681821,-0.0548177878552,0.4132442827986,0.5113793299900,0.0576859509626,0.8828741631448,0.2145886973847,0.0529497642734,0.0837833982724,0.2233960559469,-0.0765806879054,0.0919177867095,0.1092442413210,0.9408982545040,0.4129949237210,0.2312917245849,0.1446225018698,0.5732279525561,-0.0009856511717,-0.0967453319626,0.1533410915010,0.7696077343810,0.3166035894052,0.1759180272208,0.0169507927798,-0.0369837135797,0.3433650977765,0.0671028840568
0.3930706166595,0.4918433328802,0.4249653845701,0.4988931354252,0.3570821667686,-0.1610722115147,-0.0897993981759,0.0477279584229,-0.1343995200348,0.3032013178120,0.0444645912458,0.1940832843912,0.2682918703789,0.2920255339169,0.1176719583187,0.1001067170209,0.7442694537852,0.4474492255320,0.0742976414728,0.3399407280181,0.4390947564878,1.0000000000000,0.5403215377156,0.7639238335267,0.3371990595640,0.3007051830746,0.2797476116312,0.5151344892040,0.5496717293488,0.4586597026798,0.5989739644897,-0.0881042832804,-0.1958075178287,0.4221904671016,0.4369469784788,0.1756940406986,0.4636236759114,0.2689850578850,0.5063701282358,0.3598080894391,-0.1503635573486,-0.1918996052990,0.0345334840909,-0.2634156983410,0.2549933187439,0.0783183526358,0.1895709451894,0.3462523535334,0.2556951482594,-0.0419927488212,-0.0166840784855,0.6949319561229,0.2817686063902,0.0993804947630,0.2438709074045,0.4187970228017,0.8989254778946,0.4262896807631,0.7091353535807,0.2846456976809,0.2614399497657,0.0448343515765,0.5017049762410,0.5992811887413,0.3377923630261,0.5234679697118,-0.0410246849733,-0.1460917812861,0.3682547954354,0.3469761109208
0.3211087756964,0.6224067181420,0.4178350890908,0.6978484667572,0.2413638867515,-0.0732003681632,-0.0329520521699,0.2187207041220,-0.1185214486545,0.3108757924685,-0.0359792885651,0.2261261763952,0.2409321542188,0.1736580108750,0.0053392725802,0.1339787646275,0.5242947307420,0.3021993181572,0.0092174144283,0.3358753857909,0.3154188053405,0.5403215377156,1.0000000000000,0.5264812836739,0.4955118195616,0.4297497538764,0.4185214567722,0.4831269484565,0.3657994816074,0.3281935038653,0.5711840224409,-0.0787349107315,-0.1821207302850,0.5449971290281,0.5685737332987,0.4016788028526,0.6781984792194,0.2455366837292,0.6786387398634,0.2639104550726,0.0261958652017,-0.1342166786740,0.4018889885351,-0.1456096524180,0.3821934932518,-0.0142264367215,0.1892532042001,0.2493628040265,0.1763613012605,-0.0195906326351,0.0416044954022,0.5543800558123,0.3712724691340,0.0549282043904,0.2962997654273,0.3119892666815,0.5666434651102,0.8609492028813,0.5411680853372,0.4437762677193,0.4204349451165,0.2818221254781,0.4654623452052,0.3512843906264,0.3534363256480,0.5517087575938,-0.1223399483047,-0.0975352013305,0.4837549502454,0.5201612199424
0.4438435800535,0.5592431890078,0.6960861465722,0.5906133999787,0.1098273108026,0.0623845263262,-0.1172474065075,0.1643500309560,0.0096385291968,0.1000134353246,-0.0956532328698,0.4198152160501,0.0801181663417,0.3249221665090,0.1717321354924,0.2297813219722,0.7314895584865,0.6684410757449,0.2152845343305,0.4789684283916,0.1812233036571,0.7639238335267,0.5264812836739,1.0000000000000,0.1896605821460,0.5126469142913,0.6169080460513,0.7103156463495,0.5076246945892,0.3332292634613,0.5891283243598,-0.1333458540078,-0.0519192951051,0.3403203288443,0.5979384319258,0.1270139492467,0.4996381123738,0.4561375637642,0.5483877648052,0.0873659777607,0.1236683226650,-0.3262596222716,0.0087334200870,-0.1670003235904,0.1331670248570,-0.0914081055349,0.4325167251659,0.0584493052717,0.2954286645275,-0.1437815404124,0.0568087782278,0.7453192030590,0.4837114039335,0.0913326697989,0.2416016961294,0.1220987832397,0.7379373470140,0.4229861599707,0.8794923806746,-0.0151752102781,0.3394664808028,0.3363166432801,0.6403042971569,0.3850366961278,0.1998217839538,0.6029423739617,-0.1332927737891,-0.0242967681686,0.1621761482946,0.5119237752274
0.2013446599529,0.2696953104899,0.0773041253484,0.4796120280321,0.6630169321233,-0.0152031618373,0.1626280702884,0.1805498496082,-0.0930315195811,0.5949726759139,0.2107382857789,0.0629313560745,0.4959508022954,0.0269032993943,-0.1091247737090,0.2395721331489,0.2715478045942,0.0412765747330,-0.2581368836297,-0.0324896014204,0.5513101359792,0.3371990595640,0.4955118195616,0.1896605821460,1.0000000000000,0.2287457255023,0.2502949668406,0.1263588597196,0.5527860003238,0.0967570170097,0.3592263284679,0.1578196620250,-0.1736341288753,0.2606368791449,0.2517377070125,0.3589266535395,0.2786758020678,-0.0484196574600,0.4813456466671,0.6310238509471,0.0133672903984,0.1535918270079,0.4558302259464,-0.0044790932683,0.5023831744458,0.2274665539997,-0.0115130823565,0.4849911239489,0.1414594919156,0.0883254328283,0.1978323609999,0.2902417477649,0.0934641681415,-0.1651880624122,0.0949041057990,0.5270208436503,0.3371822154240,0.4745094987936,0.2211504043039,0.8382345287150,0.2723048993890,0.1750474830264,0.1363106146244,0.4991816777350,0.2202633341339,0.3458800815921,0.1666794908273,-0.0705521534608,0.2761272930117,0.2365556190187
0.2899398196983,0.6050122801012,0.5461836022946,0.6422338392431,0.0372341438331,0.1008094704859,-0.0073970118192,0.2186001848371,0.0217365921225,0.1542638506049,-0.2175015551809,0.6471241985533,0.0519838552188,0.4463343420728,0.0427605727776,0.4165692264236,0.2802733424439,0.3639914129251,0.2899588482266,0.2936876132556,-0.0077268419959,0.3007051830746,0.4297497538764,0.5126469142913,0.2287457255023,1.0000000000000,0.5752248390039,0.6361993406336,0.1310455273761,0.1386304782082,0.1853503434319,-0.2399940858956,0.0317581680127,0.3515497462011,0.6218201975137,0.3496105460054,0.5972282546299,0.4839884455506,0.7222691879439,0.0402392792146,0.2264436666826,-0.0932922654782,0.2883385267800,-0.0022506815021,0.2463593496572,-0.1526939539273,0.6244780631974,-0.0440128255444,0.5579036169245,-0.0273148602766,0.2974686996510,0.3703685999714,0.5334584274758,0.2364196993547,0.3066716613434,-0.0664657717615,0.3357723454403,0.4337301775038,0.4936024165051,0.1160541823244,0.7782060658220,0.4470401018758,0.6490808919064,0.0554932295901,0.1897094819356,0.2639616644810,-0.3215872718221,0.1253640489816,0.1597511159340,0.6158349143279
0.3117352074254,0.4919935500299,0.7286516701688,0.5025267473166,0.0311704483676,0.3624140792573,0.2038102102496,0.2173892089917,0.3074208627525,0.1061785426430,0.0513194343361,0.6016239455200,0.1839205292256,0.4164989361746,0.2125517376813,0.3493568039140,0.3487103479752,0.5467996518801,0.3935810035861,0.4209003422006,0.0665518241381,0.2797476116312,0.4185214567722,0.6169080460513,0.2502949668406,0.5752248390039,1.0000000000000,0.7152446158812,0.3213832019343,0.1580716290978,0.3936746213269,-0.1970470813841,0.0727202830669,0.2558566451614,0.5065267428639,0.2508626936109,0.3855692348005,0.4723531585583,0.4742904666747,0.0253514871983,0.3804767936930,-0.0092535248424,0.2324371942713,0.2289113059870,0.1137136620013,0.0061714036399,0.5704176056227,0.0343360321659,0.3533479137759,0.0981970756406,0.1859886200186,0.3842206653397,0.4930168049069,0.2690178752769,0.3660098985455,-0.0011524724517,0.3029457072171,0.3358220128147,0.4890979058927,0.0769649715104,0.3225759638098,0.7784356920729,0.6330829618087,0.1299599173042,0.2064216593415,0.3601653039970,-0.3376671468443,0.1366873610383,0.1823499794618,0.4962982099506
0.4308952687690,0.6070871290169,0.8771121121207,0.5737699094002,0.0877138853263,0.1803818306900,0.1194109755648,0.0509868622975,0.2558186438438,0.1971240994387,-0.0179874571542,0.6256624180360,0.1407379522689,0.6472134440538,0.3396580848327,0.3940370560231,0.4998175858021,0.6101999273487,0.4611322819771,0.4850252665442,0.1367489300022,0.5151344892040,0.4831269484565,0.7103156463495,0.1263588597196,0.6361993406336,0.7152446158812,1.0000000000000,0.2940039869930,0.3182558416412,0.3015552445869,-0.3633642361298,0.0467461520274,0.3209255973523,0.4586089599013,0.1875280582566,0.5558521765674,0.6327611936740,0.5633461963787,0.1077744963281,0.2302999561311,-0.0510705815918,0.0591102755709,0.0997971004552,0.2322515274905,0.0665741858955,0.6635157883393,0.0740279501852,0.5309799550269,0.1173241851015,0.1914406561089,0.5078058671702,0.4713056727133,0.4127861446496,0.3828959650955,0.1059174973705,0.4826811298995,0.3821957702854,0.5496843771776,0.0365568181631,0.4196024156948,0.4401584336277,0.8970782116768,0.2641136005167,0.2617653278172,0.2753157867746,-0.3999504533870,0.1757931221519,0.1694975998511,0.4323642946264
0.3792625993605,0.2623425904952,0.2726835929702,0.4144865835405,0.4947041494975,-0.1919710592120,0.0546112134493,0.2515816971514,-0.1182398620278,0.3850950500036,0.2819322027568,0.1137298472729,0.3922979260728,0.0388072507822,0.1494304284298,0.0372479053183,0.4354403699284,0.4810710915014,0.0824916283121,0.3439245173617,0.5382595675237,0.5496717293488,0.3657994816074,0.5076246945892,0.5527860003238,0.1310455273761,0.3213832019343,0.2940039869930,1.0000000000000,0.2383292037163,0.5920121619122,0.1446487474386,-0.2171371227251,0.1178235938836,0.1724060623555,-0.0171926810443,0.2312423162667,-0.0712056194026,0.3421469471619,0.4855876151737,-0.1671386637362,-0.0728131057516,0.1411277675666,-0.2449013956764,0.2604175570478,0.2530363978612,0.0710595121113,0.4477043902397,0.0477799159038,-0.0722790300945,-0.0965836372649,0.3551521689464,0.1127376340662,-0.0086386234539,0.1620465636729,0.4886999021039,0.4157431058946,0.2749365097063,0.3748766415070,0.2992983157620,0.0469281539838,0.0584333833494,0.2093974364793,0.8163287693509,0.1008992585782,0.4459521480015,0.1121525211200,-0.1992522887753,0.0739877644379,0.0962803617007
0.6274438774199,0.3189655177283,0.1962970842880,0.3037806461723,0.1766316449466,0.1350007643293,0.1430068697325,-0.0232421705245,0.1417162561050,0.2744092188859,0.2502992008397,0.3403411300252,0.2235398980579,0.3984637848024,0.5508075187879,0.2205250426208,0.3422583812405,0.3678767477319,0.2884994639252,0.3875141033561,0.2654977461036,0.4586597026798,0.3281935038653,0.3332292634613,0.0967570170097,0.1386304782082,0.1580716290978,0.3182558416412,0.2383292037163,1.0000000000000,0.4664743349856,-0.1993492691844,0.1493247461927,0.5544168933018,0.3865017613111,0.2760955186508,0.2631713720550,0.2255392565407,0.3676672205079,0.2014596439851,0.1809848302859,0.0890899105664,0.0940901644648,0.1067774405198,0.2857584674398,0.2467904988863,0.2810021414620,0.2641617318425,0.4101672731145,0.5346382267742,0.1679828290900,0.2978716325564,0.1970652475383,0.3751656034932,0.3716273780373,0.2815104981474,0.4112013359659,0.2650092740770,0.3151967247004,0.1794732234613,0.1778068141173,0.1256618868048,0.3597896087853,0.3171520596464,0.7478352900586,0.3670915822319,-0.1202985653625,0.2039698526584,0.5071282316554,0.3826008779794
0.4578006792403,0.4612374521716,0.2466571062828,0.4448438845186,0.1214658599917,-0.1404076105787,-0.0593098190374,0.3360518351483,-0.1771838066326,0.1972070278539,0.0331289044850,0.1012999591897,0.2008024135258,0.0076059183071,0.1100318667778,-0.0154798887274,0.4316691196102,0.4234376861613,-0.0252529478524,0.3738220494760,0.2667824867390,0.5989739644897,0.5711840224409,0.5891283243598,0.3592263284679,0.1853503434319,0.3936746213269,0.3015552445869,0.5920121619122,0.4664743349856,1.0000000000000,-0.0004103224272,-0.1243792026186,0.3737915524587,0.5328560124575,0.3264603810529,0.3691267777174,0.0418361628072,0.4562563868007,0.1175124858010,-0.0484631132569,-0.1573636953434,0.3275222246904,-0.1804632577864,0.1908625042108,0.0009771745628,0.0678126100418,0.2308812195764,0.0085574262416,0.1036589506566,-0.0600551124327,0.4273326436327,0.3873362787366,0.0206033414321,0.2893920039280,0.2210633644357,0.5398919022679,0.4894277396838,0.5736476034692,0.2545385107792,0.1686503820284,0.2321735990305,0.3422698314104,0.4744388370389,0.4353954243111,0.7903173350658,-0.0760949576723,-0.1424667520965,0.4257220313885,0.4681163984011
-0.0306531086444,-0.2773631196758,-0.2848131008034,-0.1927856338937,-0.0425868746024,-0.0271456527265,-0.1258171384557,0.4168826334395,-0.1259897863642,-0.0928445909400,-0.1046886092851,-0.3425161372279,-0.2456026591277,-0.5018363235155,0.0237837725113,-0.2372002523866,0.0427112418973,-0.0607811376440,-0.1927368319747,-0.0332330342944,-0.1328998330758,-0.0881042832804,-0.0787349107315,-0.1333458540078,0.1578196620250,-0.2399940858956,-0.1970470813841,-0.3633642361298,0.1446487474386,-0.1993492691844,-0.0004103224272,1.0000000000000,-0.0258052830176,-0.1320442004217,-0.1725735890099,-0.1197165993774,-0.2399530971177,-0.4096662575183,-0.2115053777842,-0.1106447191453,-0.0168499011060,-0.0960630438616,0.1078327735013,-0.1354691261141,-0.1290229645383,-0.1750955144449,-0.4489967440212,-0.1758138696853,-0.3351423088981,-0.1699794641563,-0.1834140493098,0.0456067347627,-0.2121658154259,-0.4210239969645,-0.1963642999849,-0.1370649346726,-0.1083832279372,-0.0931025084907,-0.1217074874850,0.0365090979584,-0.0907043855199,-0.1407194323591,-0.4553985328528,-0.0980396944775,-0.3179202620234,-0.0325609023450,0.7241366424218,-0.1709866187421,-0.2112352745154,-0.2717845085884
0.1200445185635,-0.1888611989129,0.0590212546550,-0.1965094664411,-0.2159890951877,0.5984762348934,0.3315255637956,0.0010460045822,0.4658648145645,-0.1064300975159,0.1495356851226,0.1295264450523,-0.0659084444549,0.1771373003130,0.3946432876842,0.3131305465074,-0.0796518173160,-0.0040613036511,0.1171350573127,-0.0254538323241,-0.2382160912090,-0.1958075178287,-0.1821207302850,-0.0519192951051,-0.1736341288753,0.0317581680127,0.0727202830669,0.0467461520274,-0.2171371227251,0.1493247461927,-0.1243792026186,-0.0258052830176,1.0000000000000,-0.0955286949918,0.0753829302730,-0.0221676434110,-0.2005620905954,0.1326366993832,-0.0857108379308,-0.2207717727798,0.6624915074050,0.3551007458820,-0.0148248423140,0.5419788200677,-0.0629621277106,0.1183556616139,0.1298696276270,-0.1528827668557,0.1515735230781,0.3631945499008,0.4229442395177,-0.0331976849733,-0.0164241773639,0.0209029338728,-0.0548762836073,-0.2511406051111,-0.1507087865561,-0.2377972961885,-0.0513054681557,-0.1479823519813,0.0172059247389,0.2055519859217,0.0528943207552,-0.2281482451017,0.0771963305282,-0.0229408396547,-0.0926461333230,0.6235278023862,-0.1104198322173,0.1120162826489
0.4031480287907,0.4505095873186,0.2701396890303,0.5154124992210,0.1477460169352,0.0101924604867,0.1208084808390,0.1478571972510,0.0295852771144,0.2133553329081,0.0528947316296,0.3163107335186,0.2458631325528,0.2973082308331,0.1555909951735,0.1652229086634,0.2538562186015,0.2749566889772,0.1445616476497,0.3788923367289,0.2271321754022,0.4221904671016,0.5449971290281,0.3403203288443,0.2606368791449,0.3515497462011,0.2558566451614,0.3209255973523,0.1178235938836,0.5544168933018,0.3737915524587,-0.1320442004217,-0.0955286949918,1.0000000000000,0.5957742474858,0.4909912342847,0.4608426500510,0.2377804730223,0.6113197815573,0.1730866480091,0.0984868807415,0.0668466646554,0.2764303322977,-0.0183815393358,0.2488819177247,0.0543630635543,0.2236232172908,0.2197156865177,0.2865588895015,0.1840059344905,0.0867659743864,0.2765243021979,0.2801146301017,0.1859516957266,0.3209773259905,0.2210256439926,0.4177439098088,0.5149012382493,0.3454614865142,0.3071285604999,0.4215113490595,0.2264779657880,0.3325882573470,0.1421122433302,0.5131940511591,0.3001224012101,-0.1793458473817,-0.0586355548776,0.7628830670344,0.5517470075430
0.3798984539035,0.6054096983165,0.3909725165555,0.5922308691803,-0.0022797820688,0.1099607396599,-0.0301843558677,0.2200955196704,-0.0077520081445,0.1853263592136,-0.1354270589851,0.4847327331834,0.0669989327842,0.2694004763076,0.0633077298287,0.2923944531590,0.3732127706454,0.4391425211062,0.1716791280449,0.3941314248711,0.0527369245453,0.4369469784788,0.5685737332987,0.5979384319258,0.2517377070125,0.6218201975137,0.5065267428639,0.4586089599013,0.1724060623555,0.3865017613111,0.5328560124575,-0.1725735890099,0.0753829302730,0.5957742474858,1.0000000000000,0.4525466963592,0.5521078111857,0.3397919120896,0.7149685483156,-0.0141690126004,0.2729255676186,-0.0957481490047,0.3429242806383,-0.0145423573029,0.2494574837111,-0.1051915343193,0.3893486210001,0.0054586128624,0.3323560314016,0.1004741099686,0.2108243274370,0.4587010847567,0.5980385570482,0.1944060111699,0.3987733774891,-0.0085144273697,0.4976549801727,0.5174851473190,0.6245331465704,0.1865383212986,0.6159175145024,0.4500668047312,0.4989378306044,0.0994624435962,0.4250260316873,0.5547236528765,-0.1739600578673,0.0589773752126,0.4793811782417,0.8883625834310
