1.0000000000000,0.2234757135167,0.3264356585244,0.3839228739253,0.3028639871867,-0.0388190670925,0.1764816822035,0.4000317430754,0.0501682255264,0.0760091616397,0.4296900802259,0.2365063528394,0.3190452568149,0.1186715407217,0.7107503274883,-0.0221137797424,0.2919674892228,0.4367154944498,0.3172772045530,0.3832321136487,0.2407453508177,0.2612243891776,0.4499468378261,0.4323054279158,0.2600551543976,0.4131530304589,0.3158144215159,0.2433809834038,0.3130350053084,0.5746779420709,0.4267599561382,-0.1764728438545,-0.0894214688673,0.3311796272068,0.4542783786063,0.5534678440196,0.1062939440436,-0.1809110330824,0.3091411204967,0.1401195556071,-0.0337782145059,0.0346066386192,0.0145016970879,-0.2165108565898,-0.1315891912767,0.1249176757068,-0.1056988087839,0.1641686462787,-0.2408096140464,0.1531588137302,-0.0743930048274,0.2462943841884,0.0917958398987,0.0313156620588,-0.1448041353473,0.2030359916442,0.0647799479540,0.2969278459637,0.0761134265135,0.2011031890098,0.1612347409230,-0.3939652095386,-0.0445964782300,0.1982822302254,0.1257101460005,0.2031138303062,0.1349172561444,-0.0127767822138,0.0205171956688,0.2314793082889
0.2234757135167,1.0000000000000,0.3512596310855,0.7222842195348,-0.0432001782862,-0.0274229889936,-0.0706180741425,0.4490921933435,-0.1324644937575,-0.0421466173822,-0.1066015259313,0.4833237097325,-0.0791029555179,0.1372533978295,0.2017415786759,0.0903384516320,-0.1239182101871,0.6104499959379,0.4283859355469,0.5909470208913,-0.0331152838509,-0.0538298226259,0.6132364324038,0.2462704830643,0.1097077302426,0.5933088771096,0.6611118985009,0.4740734179456,-0.0423582696698,0.3845715215906,0.5139305854144,-0.2103619967610,0.0788731466159,0.2636309665046,0.6267938112412,0.1834718887214,0.7809191952393,0.2049034290167,0.7234978532663,-0.1220531535647,0.1154864305611,-0.2885346620243,0.2459414216058,-0.2113516521092,-0.0481788557710,-0.2135778202161,0.0235440518599,-0.2547964585025,0.1165213745882,0.0192263615984,-0.0115187432485,-0.2436932255347,0.4694546524816,0.2436315967843,0.0860551665283,-0.1027680498905,-0.2213083148984,0.4379147609900,-0.0201156057773,0.1833908424561,0.4182396146029,0.1213641106375,0.3911470569171,-0.2414214283676,-0.0361044053992,0.3237426475268,0.0293580712041,0.1529050998944,0.0610313072583,0.5018158880296
0.3264356585244,0.3512596310855,1.0000000000000,0.4886387630762,0.0893513617080,-0.0950022256427,-0.1661495526892,0.6901925682392,0.0157626825031,0.4351168746208,-0.0811071310766,0.2839709707700,0.0599499361794,0.3285061061831,0.3803726947324,0.0716918691256,0.1405778796415,0.5756401779462,0.5552440063102,0.5244231168092,0.1948836568521,0.0575834089766,0.3800265606639,0.3379582312969,0.5238903762122,0.5238903361786,0.7074229514530,0.7428301267941,0.3999597210558,0.1440841573427,0.2829949100731,-0.2063877825679,-0.2169238288090,0.0378323954835,0.2102498775782,-0.1503042832377,0.1539984341563,0.4702439969339,0.3999933102667,0.0690088892811,-0.0509081526822,-0.5354362201508,0.1735082049295,-0.3704837114574,0.2624779634794,-0.2774033942477,-0.2318467979531,-0.1141117198138,0.0685168829218,-0.0021392384171,-0.0525948967585,-0.0185018498000,0.0985289913239,0.2264106553274,-0.1118890339557,0.1266119985021,-0.1408575776559,0.1274077198698,-0.0390652220110,0.3930045053198,0.4053732240130,-0.0004347185701,0.4816777010141,0.0124678523354,-0.3128440087974,-0.0357429960782,0.0971900033640,-0.1877560683904,-0.1646585219479,-0.1269673559640
0.3839228739253,0.7222842195348,0.4886387630762,1.0000000000000,0.0585210596508,-0.1106669045158,-0.0617316562599,0.6005093713869,-0.0718597096849,0.2443552487521,-0.0327475404152,0.4189480254989,0.0871709045450,0.2273212300054,0.3449278856707,0.0092714466978,-0.1242495776226,0.6246257235778,0.4977884824002,0.6664899974257,0.2375188422150,-0.1336964121353,0.6534361484525,0.1705635997902,0.3476993872880,0.7681677114074,0.7139579019196,0.5764367238184,0.0566129992834,0.3647340580927,0.4099781800078,-0.2036843413219,-0.1254656378183,0.2650101833593,0.6217494751141,0.1380080980251,0.6008720165818,0.2195393386973,0.8863089456462,0.0515094640612,0.0632276091113,-0.3482971098852,0.2962076567826,-0.3243187179205,0.2086606603889,-0.2652556580740,-0.1521983609502,-0.1424506326243,-0.0108915605504,0.0688367525562,-0.0195339503376,-0.2437235972615,0.3685790822830,0.2088313106695,0.0186768781665,0.1538047040696,-0.3418690992694,0.4395680304396,-0.2044166637826,0.3809670382537,0.5683615512076,-0.0591608811566,0.4432390899176,-0.2422753758760,-0.1483263064389,0.1551870245248,0.0462038719639,0.0016558477633,-0.0197140131395,0.3102217125514
0.3028639871867,-0.0432001782862,0.0893513617080,0.0585210596508,1.0000000000000,-0.1719793419565,0.2201968005902,0.1468279212874,-0.0983408746558,0.1953242394389,0.6681597247970,-0.0879460559699,0.7182219852947,0.1157363188848,0.1974416036344,-0.0231272996710,0.6057270124965,0.2656933319680,0.1705640013578,0.1864223137563,0.4832282805505,0.6671047420096,0.1929680033574,0.5824364955856,0.2343464385296,0.1497776299312,0.1620547013534,0.0356853343269,0.6845944633938,0.4664337534439,0.3896338297862,-0.0424336211236,-0.1256217397491,0.4531827752417,0.1925780355450,0.0772878928403,-0.2185719808150,-0.2286224812620,-0.0289091626756,0.5725586807301,-0.1215394562307,0.1378351058022,-0.1073598194946,-0.2664115110311,0.0522203836553,0.4382587754772,-0.3308073267803,0.5693982372405,-0.1792162239167,-0.1964402766240,0.0273864159224,0.5814865552048,-0.0968424373139,-0.0379175746836,-0.2610117652166,0.3391323948800,0.5666204402727,0.2507007772323,0.5251362421195,0.2409133682660,-0.1301457185869,-0.4419999411832,-0.0743007062510,0.6266379170812,0.1190453894329,0.2564364303246,0.0348054939571,-0.1294119000731,0.3463527216880,0.1332534873380
-0.0388190670925,-0.0274229889936,-0.0950022256427,-0.1106669045158,-0.1719793419565,1.0000000000000,0.6420063398124,0.0154661741430,0.7510563151069,-0.1106067290918,0.0636126374427,0.4989488422945,-0.0528304830091,0.3904892425477,0.3148597673842,0.7336790607236,-0.0314207989840,-0.1694513860376,0.2742972206089,-0.1106797676638,-0.1777512261116,-0.0872075428668,-0.3125924563006,-0.1326703281417,-0.1746665152743,0.1334092836762,0.0385350107217,0.1123181238236,-0.0670979766266,0.1402198927905,-0.0583824450808,-0.1626572775073,0.5233877926145,0.0335970921106,0.1125317907593,-0.1000671678163,-0.2588054713810,0.0699358779750,0.1018878187033,-0.2179633797286,0.7269372737651,0.2808374694251,-0.2910597220107,0.6151995900417,-0.0527447297288,-0.2052288664861,0.4295938618150,-0.2137059175641,0.3502839032284,-0.1877130160193,0.4634293190389,-0.0378783976540,-0.3004329480810,0.0083044756995,-0.4355757857841,-0.1484676058512,-0.1401824869991,-0.3493186571373,-0.2323331697412,-0.2463408021094,-0.1715640028062,-0.0333629861804,0.1415872596416,-0.2418365445912,-0.2177093436713,-0.2934146148941,0.0724970420009,0.1626604155811,-0.1821945370833,-0.0286486741249
0.1764816822035,-0.0706180741425,-0.1661495526892,-0.0617316562599,0.2201968005902,0.6420063398124,1.0000000000000,0.0615779671744,0.6999074987842,0.0394886393425,0.5722301242130,0.3833104224436,0.4656407297352,0.2819815087452,0.4239145814696,0.6711737477878,0.1294175703289,-0.0567260423320,0.2466457451723,-0.0424726104343,0.1393897561118,0.0942966480201,-0.1881977799175,0.0324901445851,-0.0970506133901,0.0931970507012,-0.0013410143642,-0.0567101343709,0.1584779570866,0.3473003329443,0.1088855737415,-0.1071779374285,0.4207386571366,0.1685475694621,0.1069685890248,-0.0197700764500,-0.3025725053550,-0.1747104764787,0.0777451239943,0.1588334884443,0.4884175850916,0.5513519255100,-0.3674134638072,0.4204175880446,0.0621472592436,0.2736564076324,0.2505632377396,0.2947487568544,0.1439185539613,-0.2055218239934,0.5865081185313,0.1183991313419,-0.3112531961164,-0.0715825826221,-0.4640381071743,0.1279566867077,-0.0175988781034,-0.3018830449271,-0.1556959839478,-0.1395166781000,-0.2511532359777,-0.3188735311730,-0.0381592048441,0.0683652826937,-0.1339294070131,-0.1769325541587,0.0432157028830,0.1444659325197,-0.0791863222655,0.0229121545475
0.4000317430754,0.4490921933435,0.6901925682392,0.6005093713869,0.1468279212874,0.0154661741430,0.0615779671744,1.0000000000000,0.2237778824931,0.4922089238914,0.1151857731028,0.3133388462098,0.1711539054729,0.3927434327558,0.5448225512729,0.2882534857895,0.0367625408114,0.5190096850858,0.4980350688608,0.4834323126249,0.1795402411698,0.0097792628078,0.4762872100124,0.2376463735035,0.6872355178444,0.6010202624117,0.6567591895692,0.6023398722391,0.4232742620331,0.3860070051176,0.4071743452216,-0.1820673952140,-0.0448029893037,0.2148442767128,0.3695984422680,0.0050013428920,0.2275549272827,0.2725635640869,0.5404923603420,0.1187254392223,0.1117387424297,-0.3278315233823,0.3707173042566,-0.2381206848085,0.3824240009421,-0.1669626458094,-0.1552585491358,-0.0459538198225,0.1372605270923,0.0583364293974,0.1239872392388,-0.0772286890176,-0.0001160452971,0.0815323871987,-0.2345661951438,0.1284175733164,-0.2218622924659,0.1977046186966,-0.1613987111669,0.5695174951187,0.3593549572523,-0.1839181849020,0.3342013699720,0.0515787864985,-0.2632689015773,-0.0210169620175,0.2032359052302,0.0294817528274,-0.0863092816248,0.0478294632934
0.0501682255264,-0.1324644937575,0.0157626825031,-0.0718597096849,-0.0983408746558,0.7510563151069,0.6999074987842,0.2237778824931,1.0000000000000,0.1581158670948,0.2568785410776,0.4629764292476,0.1557225686951,0.4586549529689,0.4429153084092,0.7567142569672,-0.0780414512820,-0.1708156779383,0.2619166837271,-0.1663965300392,0.0394615070309,-0.1338004793768,-0.2220722871441,-0.1745305187622,0.0708001306164,0.0854766130645,0.0324302297268,0.0613405104385,0.1490477896029,0.1138879056583,0.0047767996783,-0.0472819576036,0.4024927582809,-0.0432190104533,-0.0307962255099,-0.1999013205869,-0.3128283712761,0.0911315912427,0.0737706028885,0.0002165441462,0.5376212885607,0.3659485226490,-0.1837590366250,0.5785689566662,0.1866192881792,0.0092118818522,0.4315334201517,0.0354293627073,0.3951725378351,-0.0891931121946,0.4682202753703,-0.0681399531252,-0.4153438665523,0.0129865692417,-0.4316612377673,0.0447659961097,-0.2392392536152,-0.3636097035030,-0.3448525887689,-0.0460401173693,-0.1653622174262,-0.0882118787274,0.0082556042317,-0.0207027587524,-0.2870361884744,-0.3630783994040,0.1878735865142,0.1777867376399,-0.2678258915087,-0.1228174041350
0.0760091616397,-0.0421466173822,0.4351168746208,0.2443552487521,0.1953242394389,-0.1106067290918,0.0394886393425,0.4922089238914,0.1581158670948,1.0000000000000,0.0998084931860,-0.1110797790487,0.3140944550697,0.3581715265078,0.1628094518542,0.2168691699116,0.0543769156384,0.0555258993316,0.1123548486561,-0.0175031869341,0.3732242384747,0.0222284251617,0.0813415610778,0.0252387368214,0.7763128285001,0.2315888724869,0.1749738170928,0.2412791468515,0.3956811826949,-0.0066312573090,-0.0113541996441,-0.0172484392525,-0.0825472071659,-0.0416714488496,-0.1455415854800,-0.2652338371020,-0.1306177401599,0.1329505525904,0.1650666086026,0.4331886650732,-0.0920725647034,-0.2132328270936,0.1241056742596,-0.2509934424189,0.8356262598214,0.0561691623415,-0.3436096815590,0.3013659253745,0.1175795852276,-0.1115986694384,0.2829381313829,-0.0137851269349,-0.3460238813638,-0.1433090430346,-0.2968691528981,0.3265026337968,-0.0748687561763,-0.0465257462562,-0.1258418772728,0.6247449165598,0.2229774402240,-0.2292540682090,0.0926418060927,0.1905102344583,-0.1870567514189,-0.1826356972369,0.0868827278006,-0.1220248681987,-0.0904236624183,-0.2201349363145
0.4296900802259,-0.1066015259313,-0.0811071310766,-0.0327475404152,0.6681597247970,0.0636126374427,0.5722301242130,0.1151857731028,0.2568785410776,0.0998084931860,1.0000000000000,0.0505109735924,0.8088381282648,0.1308511025115,0.3850979876699,0.1950391290322,0.3450896542353,0.1164777535992,0.1409366136799,0.0515162201320,0.5138772023048,0.4429435575469,0.0621886093800,0.3661557707854,0.0927658080411,0.0645808402540,0.0070868674617,-0.1316520759775,0.5337920327384,0.4710074931068,0.3038261615125,-0.0850797778547,-0.0247109852004,0.3399817167096,0.1348264220738,0.1398672623368,-0.3202773394613,-0.3218690311380,-0.0754174639259,0.5419231968035,0.0322234044656,0.4804324182915,-0.2496846039750,0.0658983692734,0.0059875327893,0.7129167155802,-0.0940022065079,0.6994671408236,-0.1432803489098,-0.1830114066613,0.1708061590944,0.3828295252745,-0.2798677710199,-0.0638845256838,-0.3937867192241,0.4433992956540,0.2903777307595,0.0084861640666,0.2101455293972,0.0780000730326,-0.3325277750485,-0.5136599279279,-0.2530005570630,0.5340773473417,0.0498018901513,0.1086076016194,0.0628409886088,-0.0202434185431,0.0757150554504,0.0489912351674
0.2365063528394,0.4833237097325,0.2839709707700,0.4189480254989,-0.0879460559699,0.4989488422945,0.3833104224436,0.3133388462098,0.4629764292476,-0.1110797790487,0.0505109735924,1.0000000000000,0.0128455458512,0.5403428349010,0.5036842282360,0.5009766135016,-0.1092132325366,0.3448248205254,0.7198425902971,0.4305372293814,-0.0252709070622,-0.0988622313666,0.1795835177021,0.0661112519226,-0.0940237399967,0.5470738685066,0.5310071269546,0.4822136523483,-0.0440947166091,0.3740104180357,0.2547170625265,-0.1953151572700,0.2482589308464,0.1661173786528,0.4766923887728,0.0027609114289,0.1809436640469,0.1774751723438,0.5275362303545,-0.2245199408532,0.4734011542128,-0.0541440956404,-0.1388585489572,0.2121271255936,-0.0958261607450,-0.2583132609421,0.4968356674569,-0.2416742730843,0.4736948885702,0.0140685222762,0.2043318446261,-0.1905107467628,0.0787963115778,0.4066360428051,-0.2133918506087,-0.1066159818667,-0.2754895272868,-0.0063854446283,-0.2316721162093,-0.1167726431517,0.2166710307479,0.0502200343048,0.4009869088339,-0.3120026401276,-0.2039682484063,-0.0736361781884,0.2055217640264,0.1491650678752,-0.1334383793077,0.2216099516268
0.3190452568149,-0.0791029555179,0.0599499361794,0.0871709045450,0.7182219852947,-0.0528304830091,0.4656407297352,0.1711539054729,0.1557225686951,0.3140944550697,0.8088381282648,0.0128455458512,1.0000000000000,0.1011020625020,0.3463975709643,0.1320990837018,0.2901857654313,0.1527012888645,0.2032532889750,0.1025955222023,0.7118958469749,0.4030327781717,0.1061877956820,0.2967890150135,0.1968195570359,0.0847642271204,0.1011385656540,-0.0583704239160,0.5183383541276,0.4384298543555,0.3017152277295,-0.0770394453133,-0.0666470534719,0.2985873436822,0.0700788842600,0.0155906189773,-0.2955586840137,-0.2825217549947,-0.0133941979433,0.6587600861934,0.0147260886573,0.3193062489302,-0.1611921923325,-0.0705338933865,0.1875787932539,0.5903094108006,-0.2026787426200,0.8373863948682,-0.2045112271880,-0.0982566327804,0.2605185279214,0.3061849849053,-0.2493409203552,-0.0611062685738,-0.3624807439657,0.5977060107316,0.2447357664395,0.0530761930457,0.1899113859985,0.2028078696251,-0.2874847057476,-0.5006755134320,-0.1657082749813,0.4914312964656,0.0860418560817,0.0984528898355,0.1027746176991,-0.0451414805479,0.0554216036956,0.0030875676474
0.1186715407217,0.1372533978295,0.3285061061831,0.2273212300054,0.1157363188848,0.3904892425477,0.2819815087452,0.3927434327558,0.4586549529689,0.3581715265078,0.1308511025115,0.5403428349010,0.1011020625020,1.0000000000000,0.4492972853107,0.5526103494278,0.0249016767977,0.1140804186666,0.5510982652316,0.1973255890965,0.0534470240638,0.0325485553060,-0.0231300393112,0.0463126219012,0.2955548628284,0.5481879441475,0.3522089172216,0.5383575865615,0.2545937759618,0.2681768112249,-0.0108871822951,0.0224624603187,0.0519747565210,0.1955229833666,0.1490375501259,-0.2194239208397,-0.1953556321729,0.2268590056193,0.2800950272452,-0.0603567148072,0.3820060300164,-0.1167409676054,-0.2278756720264,0.1182812259320,0.3292274347445,-0.1619650811669,0.1804306119355,-0.1213894002335,0.6351758820937,-0.1456081070615,0.2962992038690,-0.0464741230990,-0.4029445928172,0.1959920038097,-0.5266580743870,-0.0495318073412,-0.0822296312282,-0.1547437735406,-0.1716116404328,0.0768177248690,0.2482095250391,-0.2381420663345,0.3907974999167,-0.1151708044067,-0.2352162534518,-0.2674271427603,0.4758052451873,-0.0089016115518,-0.0639841657284,-0.0702075753136
0.7107503274883,0.2017415786759,0.3803726947324,0.3449278856707,0.1974416036344,0.3148597673842,0.4239145814696,0.5448225512729,0.4429153084092,0.1628094518542,0.3850979876699,0.5036842282360,0.3463975709643,0.4492972853107,1.0000000000000,0.3897831327574,0.1032401669885,0.3974471714390,0.5772821013149,0.3715756169742,0.1944565144671,0.1020778081184,0.2782486668649,0.2270262749813,0.2265116474797,0.4667832596264,0.3708865908622,0.4443688092290,0.2570237429790,0.5676917748082,0.2894111865128,-0.1777709578464,0.1015176110037,0.3200349825469,0.3108235143558,0.2880064360668,-0.0710299378460,-0.0700939805083,0.3411003864436,0.0906573512893,0.2804870881520,0.0118732882478,-0.0130519690718,0.0230260416689,0.0537744024655,0.0088014498513,0.1174858112510,0.1116100259215,0.1089189647471,0.2793630325052,0.1742416143647,0.0428639128034,-0.0752252347448,0.0667613865753,-0.3224145884162,0.1698762860045,-0.1182599820405,0.0378475928498,-0.1443028199132,0.1507786310102,0.1219200281378,-0.3768729543758,0.2077572628509,0.0470208264788,-0.0808490977080,-0.1162365476017,0.2842158728043,0.0825564319098,-0.1252730259054,0.0690853249796
-0.0221137797424,0.0903384516320,0.0716918691256,0.0092714466978,-0.0231272996710,0.7336790607236,0.6711737477878,0.2882534857895,0.7567142569672,0.2168691699116,0.1950391290322,0.5009766135016,0.1320990837018,0.5526103494278,0.3897831327574,1.0000000000000,-0.0003332544178,-0.0203844147676,0.3634524753565,-0.0382354417991,-0.0415822648557,-0.0496017148107,-0.1530011805711,-0.0101499828007,0.1275990311285,0.2173753369113,0.1484524979118,0.2162374589623,0.1594810458586,0.2817621106742,0.0810749489597,-0.0762152663283,0.4583671819369,0.1538710576368,0.1262157809623,-0.2186635343529,-0.1885433675301,0.1713019131651,0.1902515155801,-0.0428481438046,0.5888039725841,0.1837428995512,-0.2280266097878,0.4498391602774,0.2614120352786,-0.0726481720848,0.3198559509304,-0.0408354279785,0.4776805131775,-0.2005920436890,0.7033174523589,-0.0444848022791,-0.3515741150723,0.0671901555126,-0.4773582218531,-0.0649766882981,-0.1490490314494,-0.2985942841919,-0.2140346677904,-0.0120009354045,-0.0644119960515,-0.1376384315406,0.2058515432921,-0.0988675574462,-0.1980864929681,-0.2584427521398,0.2115043177352,0.1745423766806,-0.0798473086397,0.0384789693301
0.2919674892228,-0.1239182101871,0.1405778796415,-0.1242495776226,0.6057270124965,-0.0314207989840,0.1294175703289,0.0367625408114,-0.0780414512820,0.0543769156384,0.3450896542353,-0.1092132325366,0.2901857654313,0.0249016767977,0.1032401669885,-0.0003332544178,1.0000000000000,0.0984668380016,0.0693134698972,0.0356017570764,-0.0033139828610,0.8121000437394,0.1688444113244,0.7580121439936,0.1503010397194,0.0905667338585,0.0325973984934,-0.0268689543920,0.6071497278803,0.3742650583691,0.3757290760029,-0.0833944430493,-0.0267193069489,0.3347815050556,0.1455386755485,0.1370684246189,-0.2445793125196,-0.1203668539437,-0.1513929707986,0.0754451932796,-0.1502877002436,-0.0129681808133,-0.1673242457984,-0.2055826805923,-0.0845348491061,0.1714148853480,-0.2482859794659,0.1977875299914,-0.1177050337833,-0.2137145509440,0.0165595673097,0.9313969192593,-0.1095225135043,-0.0824453475078,-0.2028170849334,-0.0989572543882,0.7832935094772,0.2719986534270,0.7108335389776,0.1205699663458,-0.0217460166256,-0.3195420858414,-0.1082027133100,0.5568333876340,0.2400181864994,0.4000944795269,-0.1194101490226,-0.1993752208540,0.2886865403786,0.1165779441631
0.4367154944498,0.6104499959379,0.5756401779462,0.6246257235778,0.2656933319680,-0.1694513860376,-0.0567260423320,0.5190096850858,-0.1708156779383,0.0555258993316,0.1164777535992,0.3448248205254,0.1527012888645,0.1140804186666,0.3974471714390,-0.0203844147676,0.0984668380016,1.0000000000000,0.5437006990136,0.8847673056322,0.1949957468386,0.1457847581611,0.5579107552328,0.5320453129837,0.1532343122045,0.5058029341722,0.7704210918762,0.5873786242014,0.2025150245915,0.4722312308470,0.5786589162383,-0.0370135397879,-0.1116081788506,0.4036712640626,0.6223300022718,0.1392496287622,0.4369544975819,0.1166209459239,0.5257748989596,0.1318007894636,0.0181596964631,-0.3661630348846,0.0934961750118,-0.4618238486839,-0.0345127788977,-0.1291577444443,-0.1593362314123,-0.0468907235705,-0.1306181835253,-0.0084390246562,-0.1537626106184,-0.0420365871557,0.5769252172729,0.2237395831910,0.2051693885355,0.1545453059999,-0.0807720948766,0.3344127897829,0.1111191628405,0.1394127246431,0.2856861464950,-0.0647989040585,0.3890885531585,-0.0689852142362,-0.1777276056577,0.1935214788564,0.0821502406775,-0.0239513040427,0.1528432059714,0.3185943116137
0.3172772045530,0.4283859355469,0.5552440063102,0.4977884824002,0.1705640013578,0.2742972206089,0.2466457451723,0.4980350688608,0.2619166837271,0.1123548486561,0.1409366136799,0.7198425902971,0.2032532889750,0.5510982652316,0.5772821013149,0.3634524753565,0.0693134698972,0.5437006990136,1.0000000000000,0.6538597193537,0.1395121982960,0.0744347605011,0.2384115807620,0.2314053607517,0.1051753829162,0.6719454122968,0.7107930585815,0.6830302806858,0.1915748293536,0.4580634235438,0.2801566869214,-0.3469308146544,-0.0495305846661,0.2496195557645,0.4725035552845,-0.0877933373356,0.0667622985344,0.2937379011773,0.5468034287512,-0.0478649507544,0.3406142113247,-0.2702462105320,-0.0650400950953,-0.1087201377824,0.0720660574629,-0.2626003411161,0.0342122312378,-0.1291516591038,0.2615768985396,-0.0242187775196,0.1123165298465,-0.0596713872872,0.0726747880075,0.5416648248951,-0.2774479875962,0.0367661745359,-0.1312638698426,0.0676244936037,-0.1074934010322,0.0360944630792,0.2731169378107,-0.0879312274353,0.5712869744614,-0.1646247751704,-0.2965295939304,-0.0092379139333,0.1148178992842,-0.0549636105571,-0.0839304840896,0.0703589435069
0.3832321136487,0.5909470208913,0.5244231168092,0.6664899974257,0.1864223137563,-0.1106797676638,-0.0424726104343,0.4834323126249,-0.1663965300392,-0.0175031869341,0.0515162201320,0.4305372293814,0.1025955222023,0.1973255890965,0.3715756169742,-0.0382354417991,0.0356017570764,0.8847673056322,0.6538597193537,1.0000000000000,0.1254536401044,0.0892163962973,0.5102661850167,0.4268320535058,0.0859573718698,0.6052831761819,0.8076415841455,0.6064952722080,0.1111222346089,0.4930568683490,0.5022214363715,-0.1136080723519,-0.2150681976544,0.4080297114695,0.6633368991409,0.0885394445491,0.4034798880478,0.1627723439914,0.5969807270277,-0.0354722018032,0.1154237098053,-0.4157018629218,0.0755638199565,-0.3973779698134,-0.0545654045461,-0.2942457593769,-0.1231165710248,-0.1515506666245,-0.1062249405590,-0.0210804346568,-0.1484887161102,-0.0887385148213,0.5054510424166,0.3420425601643,0.1608325332267,0.0660990843930,-0.1222392476962,0.3399157222444,0.0387715978116,0.0652031521167,0.3047524498829,-0.0596379373141,0.4607356162114,-0.1878306838306,-0.1691312190934,0.2020210941129,0.0918885840826,-0.0792962687653,0.1125394025209,0.2675977127699
0.2407453508177,-0.0331152838509,0.1948836568521,0.2375188422150,0.4832282805505,-0.1777512261116,0.1393897561118,0.1795402411698,0.0394615070309,0.3732242384747,0.5138772023048,-0.0252709070622,0.7118958469749,0.0534470240638,0.1944565144671,-0.0415822648557,-0.0033139828610,0.1949957468386,0.1395121982960,0.1254536401044,1.0000000000000,0.0053587087471,0.1855927948099,0.0370282736928,0.2836484865017,0.1609403935841,0.1550482630978,0.1174108686064,0.2886748024947,0.1136034450722,0.1031991680372,-0.1222356747295,-0.2579129761672,0.1448819707980,0.0371609047389,-0.0823320925324,-0.0681221007736,-0.0315554582226,0.1335945444344,0.8201410856973,-0.0474674359031,0.0598745455759,-0.0218419906811,-0.1698938961612,0.2708390885367,0.3768472486610,-0.2643691260321,0.7037901833384,-0.1910692687619,-0.1188792116694,0.0194924987540,0.0053572818701,-0.0759297823661,-0.0247600277800,-0.1243197843336,0.9065783503738,-0.1213772293765,0.0884602079947,-0.0689262823773,0.3050343630053,-0.0047408876597,-0.2402492000632,-0.0067516044040,0.2222192369945,-0.1042729701188,-0.0778087594749,0.0118050133371,-0.1383830221817,-0.0007688994432,-0.0582641318855
0.2612243891776,-0.0538298226259,0.0575834089766,-0.1336964121353,0.6671047420096,-0.0872075428668,0.0942966480201,0.0097792628078,-0.1338004793768,0.0222284251617,0.4429435575469,-0.0988622313666,0.4030327781717,0.0325485553060,0.1020778081184,-0.0496017148107,0.8121000437394,0.1457847581611,0.0744347605011,0.0892163962973,0.0053587087471,1.0000000000000,0.1887511704083,0.8299423418069,0.0712336369062,0.0308614015504,0.0374195590302,-0.0997189345744,0.6067078924278,0.5001732196930,0.5270554296551,-0.0038012062458,-0.0575022934303,0.4509946232105,0.2194169693925,0.1473167632432,-0.2299353092381,-0.2864150061979,-0.1928099384417,0.0995353929512,-0.1741294601440,0.0645679559496,-0.1816980737447,-0.1526004772219,-0.1015146864545,0.2588100900226,-0.2023264683248,0.2924728721069,-0.1427898406119,-0.1574568388362,-0.0245437139360,0.8212267240344,-0.1406475097261,-0.0639825426916,-0.2259822717394,-0.1041395985644,0.8964605287761,0.3246863086835,0.8239387778473,0.0848251653842,-0.1731604565157,-0.4191008267343,-0.1753112255669,0.6199109289557,0.3437574929045,0.4589329226932,0.0144471137185,-0.1232960130860,0.3446735343890,0.2198077319330
0.4499468378261,0.6132364324038,0.3800265606639,0.6534361484525,0.1929680033574,-0.3125924563006,-0.1881977799175,0.4762872100124,-0.2220722871441,0.0813415610778,0.0621886093800,0.1795835177021,0.1061877956820,-0.0231300393112,0.2782486668649,-0.1530011805711,0.1688444113244,0.5579107552328,0.2384115807620,0.5102661850167,0.1855927948099,0.1887511704083,1.0000000000000,0.4437977165088,0.3412675669691,0.4740310599401,0.4775825525210,0.3055333115704,0.2068974803341,0.4596285334363,0.7008785509949,-0.0909487415742,-0.1962541008178,0.4434212951890,0.5916239219281,0.3002975383666,0.6196171928573,0.0655100353613,0.5077585564831,0.0515725943410,-0.1368411572917,-0.2625904165561,0.3283402032756,-0.3255237195675,-0.0093792795400,-0.1165691888642,-0.1075223940601,0.0146618682538,-0.0699064385305,0.1693479659624,-0.1464153535556,0.1298633421904,0.3765659899118,0.1335647469340,0.2261316837167,0.1183221477982,0.0124801545386,0.8183135481035,0.2009298926690,0.4112928201154,0.3856259224751,-0.0967311059862,0.1249769049316,0.1225260764793,0.2249805757769,0.5083935676049,0.0209959243275,-0.0171569471067,0.2148489946230,0.4991814810048
0.4323054279158,0.2462704830643,0.3379582312969,0.1705635997902,0.5824364955856,-0.1326703281417,0.0324901445851,0.2376463735035,-0.1745305187622,0.0252387368214,0.3661557707854,0.0661112519226,0.2967890150135,0.0463126219012,0.2270262749813,-0.0101499828007,0.7580121439936,0.5320453129837,0.2314053607517,0.4268320535058,0.0370282736928,0.8299423418069,0.4437977165088,1.0000000000000,0.1585317192481,0.2437759894256,0.3425066284947,0.1625227028871,0.5987476290243,0.5949186480483,0.7153591837446,-0.0420035572937,-0.0589051294420,0.5258711284953,0.4817665009808,0.1933036029633,0.0674325754234,-0.1037244423052,0.0900853629052,0.0646042274989,-0.1400851715535,-0.1588766663241,-0.0981359844450,-0.3260993123925,-0.1428512513488,0.1272147478938,-0.2201237650874,0.1314953467120,-0.1608440811282,-0.1737512111062,-0.0808979934704,0.6825263568104,0.1558144727864,0.0068978797388,-0.0605205024471,-0.0728514124672,0.6594805126018,0.4369222946470,0.7466640348405,0.1248083612355,0.0266924518024,-0.3280262773497,-0.0138404519484,0.4666507301004,0.2292414165558,0.4996965427269,0.0455023493406,-0.0889226170337,0.3222835381286,0.3523036004816
0.2600551543976,0.1097077302426,0.5238903762122,0.3476993872880,0.2343464385296,-0.1746665152743,-0.0970506133901,0.6872355178444,0.0708001306164,0.7763128285001,0.0927658080411,-0.0940237399967,0.1968195570359,0.2955548628284,0.2265116474797,0.1275990311285,0.1503010397194,0.1532343122045,0.1051753829162,0.0859573718698,0.2836484865017,0.0712336369062,0.3412675669691,0.1585317192481,1.0000000000000,0.3395030281028,0.3309430279496,0.3077683429249,0.5198686177058,0.0860642532116,0.1657163303836,-0.1129350693010,-0.1929429171872,0.0180957677421,0.0259003114630,-0.1181646610708,0.0101891222918,0.2054940323993,0.2648907127895,0.3182468013596,-0.1550447115218,-0.3172612270438,0.3619027965008,-0.3141185457660,0.6175017382351,-0.0301947925971,-0.4138115171688,0.1443529560530,0.0349808513413,-0.0992195820906,0.1054709492081,0.0894778569623,-0.2402097577753,-0.1921184467705,-0.2406248231456,0.2443652148634,-0.0534229566290,0.1924228857745,-0.0432036558292,0.8388974590577,0.2644574166289,-0.2049592573617,0.0593299712422,0.2880788364837,-0.1874239264372,0.0145629648452,0.0955583587033,-0.1377410974850,-0.0894705617941,-0.1325357649542
0.4131530304589,0.5933088771096,0.5238903361786,0.7681677114074,0.1497776299312,0.1334092836762,0.0931970507012,0.6010202624117,0.0854766130645,0.2315888724869,0.0645808402540,0.5470738685066,0.0847642271204,0.5481879441475,0.4667832596264,0.2173753369113,0.0905667338585,0.5058029341722,0.6719454122968,0.6052831761819,0.1609403935841,0.0308614015504,0.4740310599401,0.2437759894256,0.3395030281028,1.0000000000000,0.7641758880137,0.7319557739462,0.1910277984725,0.4602522525854,0.3169939872807,-0.3120187909146,-0.1819995816780,0.3397562607117,0.5757748942100,0.0279607753334,0.3268106224494,0.2916111642341,0.7802854821812,-0.0512623139960,0.1747817227978,-0.3557611072505,0.0506215590126,-0.2646184368299,0.1617133190465,-0.3361806459467,-0.1660939360259,-0.2330276852835,0.1742047593367,-0.1325260329994,0.0162659468750,-0.0260383242522,0.0878120086970,0.2626441640777,-0.3222796368715,0.0429685638924,-0.1647020627405,0.2620232296924,-0.1535411746499,0.2704154377193,0.6626189442079,-0.1150984043071,0.5782933300101,-0.2164838300076,-0.2775524663152,0.0029982923998,0.0404520585599,-0.1778294463288,-0.0384508806832,0.1614763967880
0.3158144215159,0.6611118985009,0.7074229514530,0.7139579019196,0.1620547013534,0.0385350107217,-0.0013410143642,0.6567591895692,0.0324302297268,0.1749738170928,0.0070868674617,0.5310071269546,0.1011385656540,0.3522089172216,0.3708865908622,0.1484524979118,0.0325973984934,0.7704210918762,0.7107930585815,0.8076415841455,0.1550482630978,0.0374195590302,0.4775825525210,0.3425066284947,0.3309430279496,0.7641758880137,1.0000000000000,0.7607555584911,0.2464254101527,0.4010274114093,0.4667075085267,-0.2352789541217,-0.1620514561347,0.2473168244326,0.5503509096842,-0.0615491543923,0.3558640739416,0.3253349278018,0.6835477307490,-0.0034158879404,0.1683769141089,-0.4284268118198,0.1015559903617,-0.3526493155902,0.0829299480536,-0.3509200289030,-0.1767132220777,-0.1992290095472,0.0546252662375,-0.1498227487126,-0.0418645014310,-0.1103741322898,0.3219412851688,0.3168646825288,-0.0974773666826,0.0701499023437,-0.1977366280715,0.2194318783652,-0.0723227876373,0.2536928864599,0.4216040092588,0.0751738869919,0.5585035891036,-0.1820575727933,-0.3699623617083,0.0635649916950,0.0557038419663,-0.1507378527120,-0.0514619179115,0.1080983082652
0.2433809834038,0.4740734179456,0.7428301267941,0.5764367238184,0.0356853343269,0.1123181238236,-0.0567101343709,0.6023398722391,0.0613405104385,0.2412791468515,-0.1316520759775,0.4822136523483,-0.0583704239160,0.5383575865615,0.4443688092290,0.2162374589623,-0.0268689543920,0.5873786242014,0.6830302806858,0.6064952722080,0.1174108686064,-0.0997189345744,0.3055333115704,0.1625227028871,0.3077683429249,0.7319557739462,0.7607555584911,1.0000000000000,0.1326102296506,0.1849615431780,0.1420753099496,-0.2531055622617,-0.1790924834948,0.1888925097332,0.3389110462763,-0.1319063964453,0.2355356524946,0.4068607662149,0.5900286074619,-0.0311810934489,0.1615251740237,-0.4880282629588,0.0247469757241,-0.2954456260953,0.1520518097057,-0.3820740682872,-0.1374692176539,-0.2829540086592,0.2312960284762,-0.0507382197184,-0.0372301193986,-0.1788750823836,0.1816200672912,0.3008879606157,-0.1838190016667,0.0695686053192,-0.2416960865201,0.0602410853471,-0.1534327098660,0.1645982998943,0.5775460909001,0.0722152096448,0.8202767535070,-0.3105045343064,-0.4144229324674,-0.1673834449951,0.1211287138599,-0.2702050891968,-0.0223135473915,-0.0120650003245
0.3130350053084,-0.0423582696698,0.3999597210558,0.0566129992834,0.6845944633938,-0.0670979766266,0.1584779570866,0.4232742620331,0.1490477896029,0.3956811826949,0.5337920327384,-0.0440947166091,0.5183383541276,0.2545937759618,0.2570237429790,0.1594810458586,0.6071497278803,0.2025150245915,0.1915748293536,0.1111222346089,0.2886748024947,0.6067078924278,0.2068974803341,0.5987476290243,0.5198686177058,0.1910277984725,0.2464254101527,0.1326102296506,1.0000000000000,0.3843755454052,0.4528828680796,-0.0501056879148,-0.0804559649331,0.2530110146177,0.0971111277631,-0.0389959939653,-0.2619256913401,0.0601639226288,-0.0194641072958,0.3636018927240,-0.1210641425720,-0.0226451976208,0.0384674494554,-0.1506428372857,0.2220238045210,0.2910935350058,-0.2639371513853,0.4076687893551,-0.0438229594015,-0.2086501657879,0.1334132650569,0.5442588924709,-0.2977107497919,-0.0448596204154,-0.3849029907584,0.1756186307119,0.4295362851354,0.1737535620099,0.4133870905355,0.4022027420387,-0.1187319109656,-0.3909287600027,-0.0902729272111,0.7555931624957,-0.0023959370141,0.2239807289342,0.1004372873518,-0.0915533699012,0.0502192235859,-0.0646128977425
0.5746779420709,0.3845715215906,0.1440841573427,0.3647340580927,0.4664337534439,0.1402198927905,0.3473003329443,0.3860070051176,0.1138879056583,-0.0066312573090,0.4710074931068,0.3740104180357,0.4384298543555,0.2681768112249,0.5676917748082,0.2817621106742,0.3742650583691,0.4722312308470,0.4580634235438,0.4930568683490,0.1136034450722,0.5001732196930,0.4596285334363,0.5949186480483,0.0860642532116,0.4602522525854,0.4010274114093,0.1849615431780,0.3843755454052,1.0000000000000,0.7043780578730,-0.0477868828489,0.0587925564846,0.7804052750819,0.6831913640652,0.3640813347468,0.1180098738427,-0.0704185649023,0.3430342919321,0.0106928594831,0.2652105338225,0.0043247947359,-0.0301745454516,-0.0672413826330,-0.0950963378385,-0.0122565032926,0.0455941225140,0.1389996346078,0.0002140432353,-0.0201907829565,0.1828244967150,0.3604568803442,0.0335663121753,0.1976635791899,-0.2520840706535,-0.0125234340289,0.2732971715849,0.4466364878930,0.3100025367031,0.0910271625456,0.0130677132446,-0.3798370952372,0.0913161300648,0.2430900592022,0.3383238059217,0.3552525897475,0.2065211740344,0.1423235182620,0.2914545275586,0.4793933104090
0.4267599561382,0.5139305854144,0.2829949100731,0.4099781800078,0.3896338297862,-0.0583824450808,0.1088855737415,0.4071743452216,0.0047767996783,-0.0113541996441,0.3038261615125,0.2547170625265,0.3017152277295,-0.0108871822951,0.2894111865128,0.0810749489597,0.3757290760029,0.5786589162383,0.2801566869214,0.5022214363715,0.1031991680372,0.5270554296551,0.7008785509949,0.7153591837446,0.1657163303836,0.3169939872807,0.4667075085267,0.1420753099496,0.4528828680796,0.7043780578730,1.0000000000000,-0.0122209428394,0.0234208097703,0.5762288909072,0.6658202569841,0.2902288777423,0.3613682247017,-0.0541901023514,0.3311950940149,0.0670552089860,0.0592916858821,-0.0425328655554,0.1098547473123,-0.1210028709328,-0.1361185234350,0.0199500171827,0.0287319107437,0.1376822510165,-0.1064012145526,-0.0093725641184,0.0547969735901,0.3561553549496,0.2549446613345,0.1190211372067,0.0381507114943,0.0288028874960,0.2554575564953,0.6309609961876,0.3926316692021,0.2027670717787,0.0211934614999,-0.1843491834944,-0.0120044197745,0.3348725733493,0.2728245828350,0.5523048248005,0.0829118228072,0.1380602986562,0.2512693867019,0.5381058189251
-0.1764728438545,-0.2103619967610,-0.2063877825679,-0.2036843413219,-0.0424336211236,-0.1626572775073,-0.1071779374285,-0.1820673952140,-0.0472819576036,-0.0172484392525,-0.0850797778547,-0.1953151572700,-0.0770394453133,0.0224624603187,-0.1777709578464,-0.0762152663283,-0.0833944430493,-0.0370135397879,-0.3469308146544,-0.1136080723519,-0.1222356747295,-0.0038012062458,-0.0909487415742,-0.0420035572937,-0.1129350693010,-0.3120187909146,-0.2352789541217,-0.2531055622617,-0.0501056879148,-0.0477868828489,-0.0122209428394,1.0000000000000,0.0878839120918,0.0246838416626,-0.1718627389911,-0.0525870547226,-0.0610722931110,-0.1158657939280,-0.3098049605062,-0.0183356197988,-0.0615332320783,0.0762805525813,-0.0215298691223,0.0205356752573,0.0557915571764,0.0537204099403,0.2279334338927,0.0559878105476,0.0961641673395,0.0907504378111,0.0766691421757,-0.0272685380564,0.0630404630065,-0.1397836154410,0.3273111232362,-0.0968373998862,0.0272845083519,-0.0244348863303,0.0729882057118,-0.1022404153917,-0.2116502582588,0.0135445644622,-0.1700762188209,0.0798305859691,0.2510337924579,-0.0555928444950,0.4139220805435,0.1485919168370,0.1670453417263,0.0137373609814
-0.0894214688673,0.0788731466159,-0.2169238288090,-0.1254656378183,-0.1256217397491,0.5233877926145,0.4207386571366,-0.0448029893037,0.4024927582809,-0.0825472071659,-0.0247109852004,0.2482589308464,-0.0666470534719,0.0519747565210,0.1015176110037,0.4583671819369,-0.0267193069489,-0.1116081788506,-0.0495305846661,-0.2150681976544,-0.2579129761672,-0.0575022934303,-0.1962541008178,-0.0589051294420,-0.1929429171872,-0.1819995816780,-0.1620514561347,-0.1790924834948,-0.0804559649331,0.0587925564846,0.0234208097703,0.0878839120918,1.0000000000000,-0.0594263213633,0.0663925491302,0.0902812874179,0.0047020653810,-0.1112350733679,-0.0129588870402,-0.1283467148787,0.4022432817236,0.3158240436278,-0.0578998842187,0.3783638625661,-0.0308564965482,0.0840712603636,0.3814296415010,-0.0664742663155,0.2726872495022,0.0345360654495,0.4473150028502,-0.0787153576453,-0.0154202579613,-0.1535598564673,-0.0720279094127,-0.2396739027055,-0.0670904148256,-0.2208124257859,-0.0743695082070,-0.1776099400120,-0.2123573714274,-0.0298106407387,-0.1365909744731,-0.0693958130283,0.0736983865507,-0.0231763555666,0.0960031331688,0.5455934249959,0.0161726863076,0.2423000449788
0.3311796272068,0.2636309665046,0.0378323954835,0.2650101833593,0.4531827752417,0.0335970921106,0.1685475694621,0.2148442767128,-0.0432190104533,-0.0416714488496,0.3399817167096,0.1661173786528,0.2985873436822,0.1955229833666,0.3200349825469,0.1538710576368,0.3347815050556,0.4036712640626,0.2496195557645,0.4080297114695,0.1448819707980,0.4509946232105,0.4434212951890,0.5258711284953,0.0180957677421,0.3397562607117,0.2473168244326,0.1888925097332,0.2530110146177,0.7804052750819,0.5762288909072,0.0246838416626,-0.0594263213633,1.0000000000000,0.6591870652643,0.2659212885787,0.1896688815792,-0.0719138786893,0.2474803692137,0.0711300687583,0.2194700789402,-0.0229143572530,-0.0602793662828,-0.0777304323605,-0.0964170230918,-0.0443502080566,0.0216712332688,0.1251533689805,0.0059602860412,-0.0343929766542,0.0998006139448,0.3512700252030,0.0953392738137,0.1465335160082,-0.0842507113586,0.0882907071879,0.3198701208486,0.5261435229214,0.3894651530634,0.0299292747030,0.0698497917007,-0.3002145855141,0.1623545784206,0.1717944666600,0.4163215330847,0.3199385080572,0.1567103297468,0.0604303259582,0.6088682976659,0.5760400520903
