1.0000000000000,0.3637454197151,0.4625337586461,0.5619120599422,0.3122961611545,0.0615242740367,0.2752189761223,0.4938851332684,0.1497327706417,0.3574875263195,0.4132766593686,0.3943755911938,0.3318252438454,0.4026274729172,0.5908412686615,0.2154255990923,0.3725152954689,0.4403429382304,0.2054506448841,0.5413978412797,0.4962680823530,0.4451257193077,0.3874184031827,0.5053140515680,0.4063033844885,0.3622982383856,0.3218429621232,0.2992311285190,0.3864357688510,0.5445391699411,0.3777124910352,0.1577394835945,0.0961380095298,0.2710290744130,0.4021573020910,0.4957403612223,0.3483512053261,0.0902420436237,0.4292459725322,0.2738339981319,0.0050938772583,0.1374033590437,0.0365516303170,-0.0862070399631,0.2237174741877,0.2329614179883,0.2025229735635,0.2475728161211,0.2309459592796,0.1612271378970,0.0799800622396,0.4358883124107,0.2310693686495,-0.1907892487092,0.0256107960768,0.3490019803724,0.2760252464758,0.2903264249617,0.3012402525619,0.3947979452178,0.2385614498263,0.0506401308143,0.2598303332106,0.2746962587819,0.0722583429493,-0.1649930632334,-0.0587015900495,0.1477130162705,0.2407634757027,0.3508646046892
0.3637454197151,1.0000000000000,0.3486819607646,0.4931168150720,0.1916994809741,-0.0140767830006,0.1714346606693,0.2719797614306,0.0761221231345,0.0691873637814,0.2447375475413,0.3632514731568,0.2256873745230,0.3400169347649,0.2048725144171,0.0883679490192,0.2943465220569,0.2605514697815,0.1491820837191,0.3991173849182,0.2490899665722,0.4812729321381,0.3629896596021,0.4649161239223,0.1957953735062,0.5381333976802,0.6355847412935,0.4563463279927,0.4180680481304,0.5156303674381,0.3864344335502,0.1530322184440,0.1006502000504,0.4134288254896,0.4950131107912,0.2567378958125,0.8177511423796,0.0879127295114,0.5005533812520,0.1577272250476,-0.0791110998739,-0.0525988912493,-0.1626662310845,-0.2229809817251,-0.0020274252252,0.0252934787764,0.2285414854246,0.1426053832177,0.0887072856643,-0.1664399662936,-0.0640870927084,0.3774638281651,0.1690442956663,-0.2349697500582,-0.0734390783661,0.1944164473655,0.2501154294727,0.3567488083384,0.3526292941830,0.2402159685453,0.4183907530805,0.3787385710229,0.5193678100535,0.3864803782955,0.2384076466398,0.1669615934577,0.0221016253729,0.1495215559677,0.4034050694857,0.5215451831964
0.4625337586461,0.3486819607646,1.0000000000000,0.5756091229841,0.3915873737185,-0.0156617887830,0.0676682380761,0.6377711041744,0.1150784230031,0.4230376798537,0.2616847088727,0.5134292093907,0.1803713258922,0.4652354149587,0.4064235860822,0.1428701585115,0.2297298733698,0.3938885655505,0.3345382721416,0.5693973697655,0.4325447094296,0.5132193401648,0.4866091480428,0.5699090956385,0.5626665489064,0.4707806632651,0.6136355878893,0.7255935082444,0.4899562699371,0.3117729086001,0.5249203847215,0.2379615794475,0.0947049843113,0.3392074995565,0.2945421860868,-0.0463536916321,0.3052899657159,0.4054367569189,0.4758729402317,0.2530307377604,-0.1019302591816,-0.1550455462876,0.0994634584510,-0.2003463774709,0.2309658190558,-0.0574711298666,0.3725354935421,0.0459977513430,0.1318765256096,-0.0906114714400,-0.0535618990605,0.2978959659757,0.1022399373148,-0.2112013902349,-0.1016911008544,0.3358092721553,0.1633954227317,0.2807666048302,0.1922914243712,0.3765802396721,0.2759263357338,0.2275223825234,0.5931543856810,0.1453775847109,-0.2643891113937,-0.1760747391642,-0.0386460580244,0.0611288023380,0.1278992427666,0.1768750571736
0.5619120599422,0.4931168150720,0.5756091229841,1.0000000000000,0.4209609351740,0.1450677448102,0.3390758539699,0.5576301053410,0.3440111159073,0.4212127726601,0.4052933887212,0.5038203815037,0.4323479590129,0.5452947933621,0.4885023032572,0.3378747475657,0.2657686412543,0.2657470617441,0.2891362405980,0.4893027857106,0.6115731997046,0.3254092227366,0.5410339122078,0.3471331159004,0.5163376068358,0.6254949047124,0.4701483650280,0.3144270714144,0.4289919909011,0.4883845342179,0.4437428219640,-0.0690822026065,0.1477078070029,0.4433171935847,0.5498748462960,0.0936078351964,0.4304868858294,0.1210997692055,0.8882077538347,0.3489659696684,0.0815251122373,0.1210523403184,0.0057084539889,-0.0330052553365,0.3498406810813,0.1012648855847,0.4580924268574,0.3238508718227,0.2736649092337,0.0017337321423,0.1502567861678,0.3252281789355,0.0294917066321,-0.1896736454892,-0.1219589615172,0.4656607445284,-0.0089770914465,0.4056296043834,0.1427126945137,0.4507358430642,0.4949686682647,0.2436030843536,0.4175021584380,0.2036248131460,-0.1044908931229,-0.0757855702375,-0.1257806190789,0.2062247604179,0.3125860366721,0.5460772415699
0.3122961611545,0.1916994809741,0.3915873737185,0.4209609351740,1.0000000000000,0.0145073695444,0.1739351399212,0.4892308259941,-0.0220712383986,0.6823993486160,0.4543683995277,0.1130684513446,0.5719875343323,0.3568934705607,0.2224855865746,0.2078399025077,0.0644573319097,0.4835109767722,0.0430142948188,0.3315034807787,0.6755091441937,0.2354200044023,0.3899964983318,0.2749259762293,0.5921904331947,0.2480774795774,0.3959439720741,0.1832808309748,0.4806193924363,0.2728100273151,0.3550828123153,0.0234329675226,0.0031075324580,0.3393839992387,0.1917270517370,0.0021292131500,0.2249290930182,0.0028500308366,0.2940015915473,0.8492102897279,-0.0563245899666,-0.0789934134454,0.1628231434165,-0.1463235046434,0.5760859222365,0.2893949587889,0.0700988053936,0.5809569851696,0.2013074237994,-0.0210744905485,0.1024375069256,0.1695975712251,0.2972655732673,-0.1931841608059,0.1642846913614,0.7551186841138,-0.0605908103364,0.3089381346163,0.0810190098933,0.6266708099132,0.1183658648919,0.1289898062197,0.2176693774966,0.2729088695718,-0.1028074440118,-0.0814596310588,-0.0136875985734,0.0188345381973,0.1574694502179,0.1010174872490
0.0615242740367,-0.0140767830006,-0.0156617887830,0.1450677448102,0.0145073695444,1.0000000000000,0.5458114934911,0.0210519605654,0.6480938011149,0.1074548944769,0.2584561509239,0.0426385160621,0.2113024253503,-0.0058017319122,0.4518050253918,0.5752563183740,-0.1624190547952,-0.0303281391988,0.2388532715437,0.0479012079887,0.0554411700827,-0.0061853345250,-0.0495655601758,-0.0094198225875,-0.0016440037918,0.0321204591051,-0.1111004535585,-0.0231019072906,-0.0961212024236,0.3069069309294,0.0150731661214,-0.0220819988929,0.5301505990155,0.2344778628880,0.3889255242278,-0.0353508678546,-0.1446167789157,-0.1001923256114,0.1596830572826,0.0534449893846,0.8991818473113,0.5763786072471,-0.1139413029434,0.6091482349196,0.1808828085246,0.0226077863310,0.1073785908647,0.1502316245821,-0.0366802963942,0.2240884773166,0.5243119288213,-0.1554837057780,-0.1196082280394,0.0534148970207,-0.1693060703138,0.0423916387410,-0.1454127357690,-0.0948310629328,-0.1132576677081,-0.0262504130693,-0.0170604812637,-0.2201870514965,0.0476138620938,-0.1908607086386,-0.1123437554863,-0.1258477243611,-0.0879592253294,0.1889594536184,0.1944204023416,0.3155149310320
0.2752189761223,0.1714346606693,0.0676682380761,0.3390758539699,0.1739351399212,0.5458114934911,1.0000000000000,0.1584574951360,0.6713252066319,0.1216422671796,0.7079071900241,0.2649522208374,0.6303907757463,0.3627255660397,0.5869389148496,0.7001539409607,0.0628716345397,0.0727265859023,0.3667928486722,0.2085700152451,0.2666521211551,0.1586315925173,0.1078585414747,0.1160653313291,0.0827549544154,0.1954638455412,0.1482922783527,0.0210081536971,0.0698541852779,0.6022509079127,0.1741055084205,-0.1709362470558,0.3516740127233,0.4354540307819,0.4128042464899,0.1643274888626,0.0670509242449,-0.1350636501623,0.2560564927093,0.2781435125091,0.5281086508587,0.7311978999503,-0.2933116647215,0.5311483357481,0.2499209554901,0.3157367064744,0.2649020230929,0.4566284454503,0.3113993174246,0.3271581416928,0.6259319646022,0.0793963228692,-0.0230923417399,0.1270761913474,-0.0083851598164,0.2489752406355,-0.0556623660812,0.0663509020370,0.0415105744808,0.1869071158051,0.1446336998716,-0.0595853783322,0.1225696965256,0.0177681672296,0.1547008461881,-0.1297351996609,-0.0643351190670,0.1992319461859,0.3451637557297,0.3607167861714
0.4938851332684,0.2719797614306,0.6377711041744,0.5576301053410,0.4892308259941,0.0210519605654,0.1584574951360,1.0000000000000,-0.0236021535262,0.4912435239720,0.3791369617228,0.3088415134720,0.3673281603996,0.3598865197898,0.2840055841426,0.0732777026297,0.2801914855296,0.3539447112693,0.1012999865636,0.2945843058972,0.6723767630464,0.5785099662796,0.5582809368505,0.5525552439012,0.7474544989795,0.1457943392045,0.3708232464249,0.3454551507863,0.7273044527603,0.3308074857220,0.6411569354390,0.3232564308545,0.0010337146404,0.3393490633635,0.1321790693103,0.1797870036337,0.2670969165489,0.0430894511506,0.3417729043391,0.4849329573824,-0.0871956869219,-0.0785581814398,0.4388006261430,-0.2676773924464,0.2468032951379,0.2808792634751,0.0649935417364,0.2898232179001,0.0475345180009,-0.1840583103844,-0.0841533985283,0.4075832819424,0.1246950396567,-0.4660086641123,-0.2365148823637,0.4964342839691,0.2069238983136,0.4205639001499,0.2382017583149,0.5927918664255,-0.1142833570994,-0.0879544489812,0.3719779918440,0.5446810185677,-0.2703836221844,0.0548970478673,0.1420084223873,-0.0217661737937,0.1636953025205,0.0721384273918
0.1497327706417,0.0761221231345,0.1150784230031,0.3440111159073,-0.0220712383986,0.6480938011149,0.6713252066319,-0.0236021535262,1.0000000000000,-0.0283952245734,0.4762081318341,0.4403120525603,0.2823844624477,0.3511314276585,0.7024642597005,0.6994202074236,-0.0765415315241,-0.1397616878701,0.6566528155817,0.2370624775628,0.0150637953494,-0.0771316002856,-0.0822647756329,-0.0609596719705,-0.0695799657389,0.3392369806071,0.0510237984675,0.0883291899993,-0.1063588158754,0.4147301368973,0.0028367890769,-0.2526007755444,0.4948951993133,0.3410108390753,0.4297927718853,-0.0673520393241,-0.1126263399811,-0.0163433769164,0.3471800631287,-0.0319840296658,0.6709361970872,0.6953271254576,-0.3709626398958,0.7558182973384,0.1475832548307,-0.0089031442645,0.5389440970040,0.1322703367453,0.2767855161340,0.3341543482676,0.5991230937645,-0.0988474890830,-0.2532575452510,0.2940253020586,-0.1338171319099,-0.0173302469968,-0.3031586330378,-0.1680518440532,-0.2094296622290,-0.0516040867880,0.2981081297777,-0.0383830829532,0.1882346589333,-0.2421682804107,-0.0624853893219,-0.2360880061506,-0.1772744581056,0.2726014201808,0.2335222010251,0.4358182000629
0.3574875263195,0.0691873637814,0.4230376798537,0.4212127726601,0.6823993486160,0.1074548944769,0.1216422671796,0.4912435239720,-0.0283952245734,1.0000000000000,0.2736535499999,0.0341382182727,0.4572213310688,0.3621696167855,0.2380937582394,0.2664949238476,0.0168970036319,0.4395324735693,-0.0909165356998,0.2306645205841,0.5646579438735,0.1900871739460,0.4457495542131,0.2006107094086,0.6486131314211,0.2220231368756,0.2550511730494,0.1595821452778,0.2474688724886,0.1688676737226,0.3100257798507,0.0633123689423,0.0161153508631,0.2396903298260,0.1825159813877,-0.0621265112905,0.1972994765207,-0.0713366974836,0.3124103318934,0.6397279609095,0.0959867286770,-0.0674765294183,0.1857916454348,-0.1593459756044,0.8112278076023,0.1137215264824,0.0272036102492,0.4264617391758,0.2526293428884,0.0352732365759,0.1509411556922,0.0712588419037,0.2239113205191,-0.1878974162602,0.1092448773280,0.5966909551627,-0.0451531046130,0.3470762084673,0.0190350267627,0.6122942579652,0.1282636417773,-0.0193563524918,0.1269642164682,0.0494438352962,-0.2165854102284,-0.1816007538429,-0.0228802676483,0.0431309824245,0.1685045521906,0.0978345860388
0.4132766593686,0.2447375475413,0.2616847088727,0.4052933887212,0.4543683995277,0.2584561509239,0.7079071900241,0.3791369617228,0.4762081318341,0.2736535499999,1.0000000000000,0.3033210673387,0.7383179498479,0.4337198127942,0.5932973272470,0.5504875252721,0.1781485382626,0.2549682236018,0.3528706575736,0.3796172745095,0.4706516034847,0.2439605358650,0.1790662472859,0.2447540948073,0.2151533132081,0.2788463643936,0.2903420809146,0.2083812547107,0.3300013049273,0.5767881199178,0.2331644418705,-0.0292797885551,0.1409346318979,0.5165869266763,0.2824744555561,0.2211127923740,0.0829410613152,-0.0263192543788,0.2824448701274,0.5459794992221,0.2634465109704,0.5561955569095,-0.1622064487602,0.3336343861635,0.3540212091183,0.6245870965117,0.2514017167737,0.6134367006084,0.2491834107844,0.2188580981832,0.5036107257301,0.2368495130270,0.0171102305973,-0.0208065100560,0.0526145409996,0.5066112974491,-0.0640794469834,0.0960380397844,0.0475120399188,0.3319798769457,0.1269720451770,0.0016735820697,0.3055881848719,0.2509860220676,0.0055437588670,-0.2213835166824,-0.1315646719216,0.0698213875868,0.2954649708864,0.2168513855184
0.3943755911938,0.3632514731568,0.5134292093907,0.5038203815037,0.1130684513446,0.0426385160621,0.2649522208374,0.3088415134720,0.4403120525603,0.0341382182727,0.3033210673387,1.0000000000000,0.1061221270385,0.6603285348454,0.5147578105246,0.2125800388422,0.0601878267987,-0.0436709585354,0.7874485611644,0.5290233202837,0.2190621728546,0.1567043017096,0.1831672072695,0.1497559775554,0.2154023176884,0.5699173433643,0.4022912055328,0.4319396135126,0.2478473608459,0.3430769738381,0.1683131784515,0.1778396658723,0.2983037629975,0.1840508844681,0.2732140227354,0.0914626960901,0.2330563671264,0.1767620666129,0.4580891594757,0.0075632203722,0.0025831934572,0.1922428395967,-0.0862109983315,0.1335300716812,0.0101676921701,0.0036253795912,0.7627466194731,-0.0310411929819,0.4632999083246,0.2132511107081,0.0862011487008,0.1128845695391,-0.2014760887595,0.2118433133115,-0.1625051375641,0.1064655827710,-0.0756000194267,0.0453736659577,-0.0834114124524,0.0816652402399,0.4101546075519,0.1566341115106,0.3919585694355,0.0673693119690,-0.0042818374253,-0.1959807870602,0.1474663962881,0.2641829953348,0.0985673991665,0.2719171102556
0.3318252438454,0.2256873745230,0.1803713258922,0.4323479590129,0.5719875343323,0.2113024253503,0.6303907757463,0.3673281603996,0.2823844624477,0.4572213310688,0.7383179498479,0.1061221270385,1.0000000000000,0.3937273730290,0.4224892118942,0.5545604738323,0.1194196813107,0.3053355802936,0.1145224633021,0.2645521129516,0.6542063538034,0.1653614656838,0.2498152575580,0.1763117240867,0.2972459552952,0.2236815479124,0.2828358065940,0.1382665359490,0.2978149561514,0.5127887837700,0.2488789368280,-0.1034828332800,-0.0380706086153,0.4650156876653,0.3511585345757,0.0729379870145,0.2082535508793,-0.1309272639498,0.3203812627848,0.7000998757720,0.2056204067095,0.3322886843868,-0.1756087081882,0.1253888592497,0.5003792830527,0.4926842132727,0.0922595806475,0.8850319624656,0.2549540916324,0.0878582777972,0.4876023738252,0.1690563673892,0.1151804097823,-0.1093569936223,0.1540475658939,0.7130633137844,-0.1349645611465,0.2051836127074,0.0623540323936,0.4063115548426,0.1468165132947,0.0087950915759,0.2327432006524,0.2311236689969,0.0440329083979,-0.1629834582566,-0.1275344125668,-0.0259437218946,0.3222394764305,0.2640853198486
0.4026274729172,0.3400169347649,0.4652354149587,0.5452947933621,0.3568934705607,-0.0058017319122,0.3627255660397,0.3598865197898,0.3511314276585,0.3621696167855,0.4337198127942,0.6603285348454,0.3937273730290,1.0000000000000,0.5428177749936,0.4063646673067,0.0718400614346,0.0942060309010,0.4733152287607,0.4301929884121,0.3526849258157,0.1654677969171,0.2401797962207,0.1267556318838,0.3399200853703,0.6337230285977,0.4656549537952,0.3724668342097,0.2208845255369,0.4459001387835,0.1672539648674,-0.0347864039660,0.2815419874419,0.3304922946364,0.2771977046927,-0.0206133430988,0.2896811521502,0.0652701174246,0.4161542515222,0.2867715762986,-0.0271908590076,0.1442787677517,-0.1810838652232,0.0174115640143,0.3601044228638,0.0672998497854,0.5780194441277,0.2646145977056,0.7848014911367,0.2983497000450,0.2195532886657,0.1236578599623,-0.1502005661786,0.1195689603990,-0.0608819521210,0.3274710672700,-0.1183319403178,0.1139026025472,-0.0622703960121,0.2827567946994,0.4734638683873,0.1508104336618,0.3811953530986,0.0001234793030,0.0621301400573,-0.3306989556926,0.1258912005983,0.3462916484467,0.2002015936818,0.2674193905275
0.5908412686615,0.2048725144171,0.4064235860822,0.4885023032572,0.2224855865746,0.4518050253918,0.5869389148496,0.2840055841426,0.7024642597005,0.2380937582394,0.5932973272470,0.5147578105246,0.4224892118942,0.5428177749936,1.0000000000000,0.6628943067278,0.0126180254221,0.2210193747868,0.5842130560064,0.5507540213667,0.2602406542056,0.1088924454107,0.0696909349892,0.1514701948929,0.1896200203827,0.4679864479064,0.2904137361585,0.3323458192956,0.1137308066667,0.6630660677004,0.1188690035491,-0.0639012852715,0.4368844417298,0.4593739905186,0.5296221571621,0.1020900693287,0.0349425577788,0.1032685558753,0.4492866868542,0.1749819560581,0.4134632503493,0.4624521941976,-0.2187526075200,0.4196264622876,0.3543206161890,0.1015524355432,0.4803855611651,0.2551657326207,0.4018441038159,0.4692898916298,0.5170689799068,0.0430398313099,-0.0972194453146,0.1823819201710,0.0236897421553,0.2279859913408,-0.2118699665757,-0.0721625597828,-0.1573383779551,0.1600385922672,0.3526626180988,-0.0033197571345,0.3747208853610,-0.1014213335186,-0.0260351938462,-0.4181529033861,-0.1765042127490,0.3329451281695,0.2992017472387,0.4014759884602
0.2154255990923,0.0883679490192,0.1428701585115,0.3378747475657,0.2078399025077,0.5752563183740,0.7001539409607,0.0732777026297,0.6994202074236,0.2664949238476,0.5504875252721,0.2125800388422,0.5545604738323,0.4063646673067,0.6628943067278,1.0000000000000,-0.1097748597319,0.0586390497184,0.3657958509938,0.1938321304686,0.1488514482201,-0.0289770152410,-0.0035835930692,-0.0538432864846,0.0802847101085,0.2853541063110,0.1154226691389,0.1013741344173,-0.0929657104656,0.5552864079891,-0.0406206646707,-0.2281726689169,0.4420204545285,0.4043308773281,0.4803333086929,-0.0911674332145,-0.0287702793979,-0.0232658835669,0.3188268230034,0.2563103127698,0.5749787842976,0.6048475317889,-0.3333781515520,0.5502773540923,0.4989107099397,0.1252970076067,0.2873311543453,0.4159038207699,0.3824757869164,0.4474582803242,0.8321129657527,-0.1080923952616,-0.1585666502243,0.1747568760410,0.0077775700480,0.2276853703047,-0.2885094160270,-0.0882083398779,-0.2173521375513,0.1642070835539,0.2711999820965,-0.0873219925897,0.2008950716804,-0.1898066967668,0.0946542206192,-0.3968879045168,-0.1226083431039,0.2943344974406,0.2764879567520,0.3498372747365
0.3725152954689,0.2943465220569,0.2297298733698,0.2657686412543,0.0644573319097,-0.1624190547952,0.0628716345397,0.2801914855296,-0.0765415315241,0.0168970036319,0.1781485382626,0.0601878267987,0.1194196813107,0.0718400614346,0.0126180254221,-0.1097748597319,1.0000000000000,0.2240558278207,-0.0937965546049,0.0949212857573,0.3034117603679,0.6305529076506,0.5620580177419,0.6608759058261,0.3305449870755,0.0682302276929,0.1530614786736,0.1362364966364,0.5107152195104,0.2653161948970,0.5328397508182,-0.0306995098084,-0.2037336267332,0.1670543279308,0.1961315897394,0.4021593856963,0.2654503813943,-0.1021880107230,0.1728215845886,0.0995852282139,-0.1713195381984,-0.0229507682700,-0.0744801362020,-0.2219215497095,-0.1705606754129,0.1580994224814,-0.0614938179111,0.1168067537576,-0.0407546022199,-0.2724609496929,-0.1737157525270,0.9378014153312,0.2234438748468,-0.3250381193881,-0.1314005476474,0.1378007692268,0.6006837693944,0.5665734953896,0.7150667550252,0.4000547301917,0.0030989305069,0.0565793182663,0.0234786402259,0.4578772685388,0.1477639717755,0.3089987293563,-0.1817479772892,-0.1241121755164,0.1330143146280,0.2674146509320
0.4403429382304,0.2605514697815,0.3938885655505,0.2657470617441,0.4835109767722,-0.0303281391988,0.0727265859023,0.3539447112693,-0.1397616878701,0.4395324735693,0.2549682236018,-0.0436709585354,0.3053355802936,0.0942060309010,0.2210193747868,0.0586390497184,0.2240558278207,1.0000000000000,-0.0911709978366,0.5365950602264,0.4159390279621,0.3821831520614,0.3293626563904,0.5360177019765,0.3097295122397,0.1264474822706,0.5320234127523,0.3006784202936,0.2655790002189,0.4015197118349,0.4481262010355,0.0482985413787,-0.0502328518125,0.4322499428392,0.3331802574636,0.1307625189478,0.2854175681269,0.0211948913253,0.1626820842279,0.3945385323576,-0.1395653140890,-0.2444561594026,-0.0588785337014,-0.3061534248510,0.2779367054775,0.0439300840703,-0.1632556204722,0.2459375590015,-0.0926852392546,-0.2071811798919,-0.0738582698166,0.2169336091661,0.7201053124245,-0.2151588027015,0.4959829284128,0.3696819595731,0.1686470157668,0.2560089433812,0.3349782803177,0.2978393953895,0.0526748009588,0.2249836168415,0.1429611564053,0.0705800374391,-0.0187754704479,-0.0253159047834,-0.2592506461909,-0.0848958609618,0.2268153110128,0.1414470548988
0.2054506448841,0.1491820837191,0.3345382721416,0.2891362405980,0.0430142948188,0.2388532715437,0.3667928486722,0.1012999865636,0.6566528155817,-0.0909165356998,0.3528706575736,0.7874485611644,0.1145224633021,0.4733152287607,0.5842130560064,0.3657958509938,-0.0937965546049,-0.0911709978366,1.0000000000000,0.5014990864484,0.0264153281496,-0.0407886487811,-0.0468027353934,-0.0043109482041,-0.0104522864263,0.4045056110400,0.2604202123132,0.3287442307552,0.0681188532118,0.3257671378824,0.0368161903229,-0.0344904718982,0.3936114083302,0.1623362517230,0.2289751774403,-0.0525622563682,-0.0485020150223,0.1226818819395,0.2706196952642,-0.0268202506547,0.2061636846754,0.3254593875265,-0.2406943622216,0.4083716204172,-0.0098620787471,-0.0381650381500,0.7023150837483,-0.0276566985623,0.3897363219722,0.2373285459345,0.2808780472976,-0.0694576799127,-0.1891186674102,0.4292058658207,-0.0327303756533,-0.0123033171897,-0.2842437747515,-0.1762658133375,-0.2386299075357,-0.0707039302801,0.2854654709726,0.0894197432926,0.3164197143300,-0.0946176365863,-0.0745447234921,-0.2560847878280,0.0080026873476,0.1948935448907,0.0572294724920,0.2364557579264
0.5413978412797,0.3991173849182,0.5693973697655,0.4893027857106,0.3315034807787,0.0479012079887,0.2085700152451,0.2945843058972,0.2370624775628,0.2306645205841,0.3796172745095,0.5290233202837,0.2645521129516,0.4301929884121,0.5507540213667,0.1938321304686,0.0949212857573,0.5365950602264,0.5014990864484,1.0000000000000,0.2947147695627,0.2047110277909,0.2019918445310,0.3369442029493,0.2247252349074,0.6055922468967,0.6494359977364,0.5188841117300,0.2547756008236,0.4928807724835,0.2915650191720,0.0391249719426,0.1807570416181,0.3075134439220,0.5043463189534,0.0187308375739,0.2276967930843,0.1947026804117,0.4192722874659,0.2149382652503,-0.0659332206018,-0.0282246797111,-0.1585018499854,-0.0542176798033,0.1882383111699,0.0210992283071,0.4509335783938,0.1466112530051,0.2391523397358,0.0580460775000,0.0259834694223,0.1316882526585,0.2830250759576,0.2063639179799,0.3684070600784,0.2994089701465,-0.0645569901750,0.0565891872985,0.0447148958237,0.1926491554452,0.4376103815025,0.3738343647206,0.4094170453137,0.0221442312438,-0.0112275098224,-0.2171275029386,-0.1888875455939,0.1374057846335,0.1945007535774,0.3796390091614
0.4962680823530,0.2490899665722,0.4325447094296,0.6115731997046,0.6755091441937,0.0554411700827,0.2666521211551,0.6723767630464,0.0150637953494,0.5646579438735,0.4706516034847,0.2190621728546,0.6542063538034,0.3526849258157,0.2602406542056,0.1488514482201,0.3034117603679,0.4159390279621,0.0264153281496,0.2947147695627,1.0000000000000,0.3818959343810,0.5461475138298,0.4276186174596,0.6278753134471,0.2407027948066,0.2909258987977,0.1300438161462,0.5688901029469,0.3163647862119,0.5393217534693,0.0909653502400,-0.1070010719310,0.3759876732477,0.3333766442384,0.1840466361248,0.2994641619891,-0.1042505147711,0.4424605497983,0.7050816394737,-0.0152798406916,-0.0279439882653,0.1535661407204,-0.2168182119628,0.3413249312809,0.3669684896289,0.0934580917487,0.6020590832387,0.0972298462581,-0.1907813921446,0.0198048828172,0.3782172936309,0.2032751261681,-0.4010161832661,-0.0318903967657,0.8193286454550,0.0650920719241,0.4476986036227,0.2609605052333,0.5576068234329,0.0882493505006,-0.0113655214579,0.1434107246730,0.3527680308774,-0.1725868687745,0.0313879900275,-0.0728449487005,-0.0845091515949,0.2583528043021,0.2919018642293
0.4451257193077,0.4812729321381,0.5132193401648,0.3254092227366,0.2354200044023,-0.0061853345250,0.1586315925173,0.5785099662796,-0.0771316002856,0.1900871739460,0.2439605358650,0.1567043017096,0.1653614656838,0.1654677969171,0.1088924454107,-0.0289770152410,0.6305529076506,0.3821831520614,-0.0407886487811,0.2047110277909,0.3818959343810,1.0000000000000,0.6431518943996,0.9160135197552,0.4791727956677,0.1395450058447,0.4443359227214,0.3369030370398,0.6938075546896,0.4815437798070,0.7906143729764,0.2157473341007,-0.0214388684943,0.4097646006415,0.2986659432329,0.4160353738760,0.4476043330701,-0.0195475304650,0.1970651635294,0.2150076254547,-0.0865986192972,-0.0664466452173,0.0773219231615,-0.2705495605200,-0.0386354310430,0.0734067776602,-0.0373506671006,0.0673598647316,-0.0970502854422,-0.2799404917956,-0.1636098986112,0.7124368082278,0.3014907377285,-0.5173364903430,-0.2016689123632,0.2074181811281,0.7666323987961,0.5774584111828,0.7839414885261,0.4842434355099,-0.0297225760660,0.1231691774005,0.2896114582445,0.5397248948581,0.1206678766531,0.3568360561243,-0.0395958316702,-0.0160420305407,0.3043666454436,0.2755805344201
0.3874184031827,0.3629896596021,0.4866091480428,0.5410339122078,0.3899964983318,-0.0495655601758,0.1078585414747,0.5582809368505,-0.0822647756329,0.4457495542131,0.1790662472859,0.1831672072695,0.2498152575580,0.2401797962207,0.0696909349892,-0.0035835930692,0.5620580177419,0.3293626563904,-0.0468027353934,0.2019918445310,0.5461475138298,0.6431518943996,1.0000000000000,0.6567774512959,0.6977244206201,0.1879593248689,0.3672524721133,0.1736695933182,0.6733222174395,0.2676177489847,0.7822643150330,0.0842348771063,-0.0716310885904,0.2536762882299,0.2784661193876,0.2565545282478,0.4860365120947,-0.0620465538443,0.4226456545034,0.3845091964661,-0.0862067728179,-0.1558715971210,0.1853973533229,-0.3062891160812,0.1916673885773,0.0431769886277,0.0465060170080,0.1786771846578,0.0508267091431,-0.3274340035078,-0.0978539980724,0.6136153162606,0.3156038291854,-0.3921223057460,-0.1720555606296,0.3424780324106,0.4535835349916,0.9053268054133,0.5765775276627,0.6666070816274,0.0767808827286,0.1726096178509,0.0970803186349,0.4513978948792,-0.0686845604192,0.4062811421656,-0.0732770096440,0.0072423035347,0.2037626349999,0.3181593548194
0.5053140515680,0.4649161239223,0.5699090956385,0.3471331159004,0.2749259762293,-0.0094198225875,0.1160653313291,0.5525552439012,-0.0609596719705,0.2006107094086,0.2447540948073,0.1497559775554,0.1763117240867,0.1267556318838,0.1514701948929,-0.0538432864846,0.6608759058261,0.5360177019765,-0.0043109482041,0.3369442029493,0.4276186174596,0.9160135197552,0.6567774512959,1.0000000000000,0.4712083643370,0.1449684192623,0.5050433234408,0.4212574895389,0.6881629857885,0.4521718125945,0.8177600332069,0.1979158574419,-0.0763848298292,0.3843615433329,0.3236102285767,0.3948061199211,0.4277326604042,0.0756702676085,0.2060855706503,0.2282430900606,-0.1039895184866,-0.1436258739607,0.0447122101821,-0.2887791678872,-0.0716389811549,0.0502232657117,-0.0563312868315,0.0879831080707,-0.1532804870300,-0.3726874613831,-0.1795426313612,0.7085017327117,0.4398857955469,-0.4945145350368,-0.0842179836459,0.2421383119241,0.6879907188584,0.5628063224706,0.8107867143181,0.4438629991228,-0.0390586996520,0.1690020164262,0.2921218104383,0.4874074489493,0.0217937905702,0.3321226646375,-0.1331411658736,-0.0980753907414,0.2624620803907,0.2688208435367
0.4063033844885,0.1957953735062,0.5626665489064,0.5163376068358,0.5921904331947,-0.0016440037918,0.0827549544154,0.7474544989795,-0.0695799657389,0.6486131314211,0.2151533132081,0.2154023176884,0.2972459552952,0.3399200853703,0.1896200203827,0.0802847101085,0.3305449870755,0.3097295122397,-0.0104522864263,0.2247252349074,0.6278753134471,0.4791727956677,0.6977244206201,0.4712083643370,1.0000000000000,0.2204920609202,0.3660677647545,0.2152949976445,0.6848421217358,0.1815890345334,0.6109329746932,0.1691559197732,-0.0126060211021,0.1639004998056,0.2015629502912,0.0681737505047,0.2992765856026,-0.0128904922234,0.3769988169559,0.5231567303557,-0.0672802857437,-0.1519872811468,0.4230107539409,-0.2780663538156,0.4169237965995,0.1146521519167,0.0949478073982,0.2682342585243,0.1490356590000,-0.1498477377758,-0.0673829845652,0.4171302741912,0.1790085681356,-0.3515689820349,-0.1777478015731,0.5094221750455,0.2278401611309,0.5950705635352,0.2704060000944,0.8573184600382,0.0552500794119,0.0568582789374,0.1593098161996,0.3927757853194,-0.2572806663057,0.1222351478683,0.0863503439269,0.0299501235103,0.0524348700025,0.1641878643910
0.3622982383856,0.5381333976802,0.4707806632651,0.6254949047124,0.2480774795774,0.0321204591051,0.1954638455412,0.1457943392045,0.3392369806071,0.2220231368756,0.2788463643936,0.5699173433643,0.2236815479124,0.6337230285977,0.4679864479064,0.2853541063110,0.0682302276929,0.1264474822706,0.4045056110400,0.6055922468967,0.2407027948066,0.1395450058447,0.1879593248689,0.1449684192623,0.2204920609202,1.0000000000000,0.6433146757821,0.4291874604655,0.1829560850326,0.4169739801392,0.1160206484991,-0.1100482072512,0.2221092296835,0.3183392660512,0.5767539612095,-0.1037608384268,0.3712602197453,0.1440254001782,0.6590121274815,0.1089251691152,-0.0258632997703,-0.0015683698002,-0.2668575886871,-0.0811419987839,0.2670937499134,-0.1007434380070,0.6608562714105,0.1465035881428,0.4605208863028,0.1584068498344,0.0826630422900,0.1071007572895,-0.1260908630411,0.0958971069192,0.0260788751379,0.2728143644004,-0.1214509124834,0.0648987308302,-0.0338956744761,0.2066195771740,0.8626070348552,0.5040579588745,0.4846984424494,-0.0360383388790,0.0664238214056,-0.2753856937595,-0.1985717353234,0.3182837529871,0.1899730347345,0.5428273994139
0.3218429621232,0.6355847412935,0.6136355878893,0.4701483650280,0.3959439720741,-0.1111004535585,0.1482922783527,0.3708232464249,0.0510237984675,0.2550511730494,0.2903420809146,0.4022912055328,0.2828358065940,0.4656549537952,0.2904137361585,0.1154226691389,0.1530614786736,0.5320234127523,0.2604202123132,0.6494359977364,0.2909258987977,0.4443359227214,0.3672524721133,0.5050433234408,0.3660677647545,0.6433146757821,1.0000000000000,0.6484039011533,0.4177187723763,0.5092623527858,0.4674048539760,0.0667639174965,0.0387130697294,0.4682303490675,0.4737648702743,-0.0188931656473,0.5903247303977,0.1854259242258,0.4444057384730,0.2656013578262,-0.2186577204725,-0.2572357871061,-0.1525434547709,-0.3211470847279,0.1863626382548,-0.0920840473799,0.3174036757281,0.1458101285054,0.2092975142184,-0.1492394459589,-0.0995096498653,0.2116222942794,0.3460487885679,-0.1030736733136,0.2349574279877,0.2779383942314,0.0950519342776,0.2764672114928,0.2531216262305,0.3526488090361,0.5172437384506,0.6746368901340,0.5902209579034,0.1825779520737,0.0679450890402,-0.0374601596301,-0.0970271127654,0.0831325380564,0.2124410745391,0.3322212711565
0.2992311285190,0.4563463279927,0.7255935082444,0.3144270714144,0.1832808309748,-0.0231019072906,0.0210081536971,0.3454551507863,0.0883291899993,0.1595821452778,0.2083812547107,0.4319396135126,0.1382665359490,0.3724668342097,0.3323458192956,0.1013741344173,0.1362364966364,0.3006784202936,0.3287442307552,0.5188841117300,0.1300438161462,0.3369030370398,0.1736695933182,0.4212574895389,0.2152949976445,0.4291874604655,0.6484039011533,1.0000000000000,0.3256135057932,0.2968132595452,0.2085069289706,0.2981720866621,0.0800673363000,0.3055019453478,0.2209230136472,-0.1034614221456,0.3774431854527,0.5145204250617,0.3330030864774,0.1098866358738,-0.1049766456611,-0.1623918533340,-0.0342935454796,-0.1683198500199,0.0777544665007,-0.0336241409422,0.2784454164097,0.0367109606073,0.0894621774508,-0.0525636785496,-0.0080715031512,0.2028827384850,0.0588184535453,-0.0595833726158,0.0335468934741,0.1756628411878,0.1039709502053,0.0537518550278,0.1203732165042,0.0961065587135,0.2643809967673,0.3012063944336,0.8228521878581,0.1686159288586,-0.1155913138536,-0.2518854220372,0.0351617174759,0.0202069132852,0.1423631582032,0.0675688064599
0.3864357688510,0.4180680481304,0.4899562699371,0.4289919909011,0.4806193924363,-0.0961212024236,0.0698541852779,0.7273044527603,-0.1063588158754,0.2474688724886,0.3300013049273,0.2478473608459,0.2978149561514,0.2208845255369,0.1137308066667,-0.0929657104656,0.5107152195104,0.2655790002189,0.0681188532118,0.2547756008236,0.5688901029469,0.6938075546896,0.6733222174395,0.6881629857885,0.6848421217358,0.1829560850326,0.4177187723763,0.3256135057932,1.0000000000000,0.3026790556567,0.6984294886826,0.3055823896635,-0.0780063609076,0.2696108463048,0.1661725071732,0.2741909073224,0.3945960390136,-0.0142419941034,0.2951105063646,0.4596180450031,-0.1915681560744,-0.1454899220500,0.3274448414013,-0.3263343362213,0.0209851300315,0.2844223271274,0.0435199483921,0.2908747250133,-0.0676467574746,-0.3224855069072,-0.1780027517271,0.6609829383934,0.2027995692461,-0.5104921653074,-0.2575534571134,0.4501193735567,0.4022369490222,0.6024725557152,0.4690179851470,0.6389400934959,-0.0584954636821,0.0988754489364,0.3435226156665,0.8073975854373,-0.1330019796631,0.3150827563035,0.1038273003288,-0.0464339318685,0.0887550943213,0.1296117621126
0.5445391699411,0.5156303674381,0.3117729086001,0.4883845342179,0.2728100273151,0.3069069309294,0.6022509079127,0.3308074857220,0.4147301368973,0.1688676737226,0.5767881199178,0.3430769738381,0.5127887837700,0.4459001387835,0.6630660677004,0.5552864079891,0.2653161948970,0.4015197118349,0.3257671378824,0.4928807724835,0.3163647862119,0.4815437798070,0.2676177489847,0.4521718125945,0.1815890345334,0.4169739801392,0.5092623527858,0.2968132595452,0.3026790556567,1.0000000000000,0.3978693172074,-0.0472455935303,0.3466228500039,0.5833638222167,0.6656991661058,0.3521259209221,0.3863409246653,-0.0182640455982,0.4216132615628,0.2563018873848,0.2272498198557,0.3083167113409,-0.2712319389772,0.1331448257714,0.2623746795669,0.1148621404573,0.2842486172586,0.3357605789937,0.3335726881142,0.2520543445658,0.4031101761714,0.3207000118763,0.2195208137163,-0.0364292835984,0.1119088948215,0.2356201971263,0.1462816022530,0.2138672470994,0.2667440461368,0.2994616186729,0.3194123646525,0.2065652486795,0.4082840590468,0.1856243338148,0.4092395263528,-0.0551620905108,-0.1046018395137,0.3363503138532,0.4594687517916,0.5438948506585
0.3777124910352,0.3864344335502,0.5249203847215,0.4437428219640,0.3550828123153,0.0150731661214,0.1741055084205,0.6411569354390,0.0028367890769,0.3100257798507,0.2331644418705,0.1683131784515,0.2488789368280,0.1672539648674,0.1188690035491,-0.0406206646707,0.5328397508182,0.4481262010355,0.0368161903229,0.2915650191720,0.5393217534693,0.7906143729764,0.7822643150330,0.8177600332069,0.6109329746932,0.1160206484991,0.4674048539760,0.2085069289706,0.6984294886826,0.3978693172074,1.0000000000000,0.1300053110078,-0.0601115553280,0.3779708793988,0.3588796006046,0.2939149495739,0.4184759628981,-0.0985090454779,0.2995249564849,0.3432211320199,-0.0602160781505,-0.1430181329855,0.1460651038638,-0.2491839457431,0.0210536375169,-0.0053264115039,0.0202289194967,0.1395215057820,-0.0748130826657,-0.3921531761537,-0.1635170794231,0.5745777267129,0.4451619821636,-0.4237284670843,-0.1039906840265,0.2870264207191,0.4938344497473,0.7052231764527,0.6549640272956,0.5540050410266,-0.0330974647937,0.2071634765843,0.1224307777229,0.4379015074324,-0.0703924665129,0.5457371949428,-0.0848353990530,-0.0708682171548,0.2659325277521,0.3569111187183
0.1577394835945,0.1530322184440,0.2379615794475,-0.0690822026065,0.0234329675226,-0.0220819988929,-0.1709362470558,0.3232564308545,-0.2526007755444,0.0633123689423,-0.0292797885551,0.1778396658723,-0.1034828332800,-0.0347864039660,-0.0639012852715,-0.2281726689169,-0.0306995098084,0.0482985413787,-0.0344904718982,0.0391249719426,0.0909653502400,0.2157473341007,0.0842348771063,0.1979158574419,0.1691559197732,-0.1100482072512,0.0667639174965,0.2981720866621,0.3055823896635,-0.0472455935303,0.1300053110078,1.0000000000000,0.0254853522743,-0.0149206506795,-0.1672678359987,0.2060307167630,0.1628071065480,0.1393102651844,-0.0537580315943,0.0430639817941,-0.0705468393687,-0.1251481862905,0.4079444988413,-0.2323878623092,-0.0722195766859,0.1995640806222,-0.0952381421968,-0.0618112932968,-0.2517970948711,-0.1137784261748,-0.2037690052385,0.0679416597596,0.0420119742105,-0.3667109353959,-0.2572405388317,0.0485405195887,0.1924022155271,0.0723635735390,0.0549734139491,0.0546435139671,-0.2704670739400,-0.1586028254866,0.2211398017618,0.3415747070393,-0.1235813651410,0.0856903608348,0.5823322992427,0.0459309498650,-0.0950937352944,-0.2354485483832
0.0961380095298,0.1006502000504,0.0947049843113,0.1477078070029,0.0031075324580,0.5301505990155,0.3516740127233,0.0010337146404,0.4948951993133,0.0161153508631,0.1409346318979,0.2983037629975,-0.0380706086153,0.2815419874419,0.4368844417298,0.4420204545285,-0.2037336267332,-0.0502328518125,0.3936114083302,0.1807570416181,-0.1070010719310,-0.0214388684943,-0.0716310885904,-0.0763848298292,-0.0126060211021,0.2221092296835,0.0387130697294,0.0800673363000,-0.0780063609076,0.3466228500039,-0.0601115553280,0.0254853522743,1.0000000000000,0.0367061031452,0.3229477506747,-0.1131658309186,-0.0426414373383,0.0330018785878,0.1641022613926,-0.0278496612001,0.4316497819379,0.3544644657324,-0.1541936368936,0.3167188425740,0.1353435813164,-0.0838955265291,0.2964382931199,-0.0470721248608,0.2832836979637,0.2903351111868,0.2459551633849,-0.1762136904786,-0.1394897616782,0.2271320830491,-0.1148796395244,-0.0798124139661,-0.1612709603029,-0.1203336021679,-0.2060251075780,-0.0151115393588,0.1696927388367,-0.0847637762915,0.1413987628109,-0.1699142210534,0.0283358919964,-0.2139977173378,0.1316636151967,0.7195799346360,-0.0088932374103,0.2061164294356
0.2710290744130,0.4134288254896,0.3392074995565,0.4433171935847,0.3393839992387,0.2344778628880,0.4354540307819,0.3393490633635,0.3410108390753,0.2396903298260,0.5165869266763,0.1840508844681,0.4650156876653,0.3304922946364,0.4593739905186,0.4043308773281,0.1670543279308,0.4322499428392,0.1623362517230,0.3075134439220,0.3759876732477,0.4097646006415,0.2536762882299,0.3843615433329,0.1639004998056,0.3183392660512,0.4682303490675,0.3055019453478,0.2696108463048,0.5833638222167,0.3779708793988,-0.0149206506795,0.0367061031452,1.0000000000000,0.5176725300406,0.1252959590089,0.2816408596668,-0.0393766733173,0.4108150350806,0.2943544266537,0.2195058401031,0.1788822403428,-0.2252397363793,0.1552697388340,0.2704729132117,0.0828549596634,0.1403992521548,0.2844957516525,0.0327818418902,0.0440632792232,0.3147048682483,0.2168117042040,0.1485489758278,-0.2235750077751,0.0749550464628,0.3284921700115,0.0598586851406,0.1696663742776,0.1750914506948,0.1932586018843,0.2238527350804,0.1498074116462,0.3904946312394,0.1072640185803,0.0902165401793,-0.0429529171275,-0.1828116788614,-0.0027440030087,0.6503721006456,0.4401255398467
0.4021573020910,0.4950131107912,0.2945421860868,0.5498748462960,0.1917270517370,0.3889255242278,0.4128042464899,0.1321790693103,0.4297927718853,0.1825159813877,0.2824744555561,0.2732140227354,0.3511585345757,0.2771977046927,0.5296221571621,0.4803333086929,0.1961315897394,0.3331802574636,0.2289751774403,0.5043463189534,0.3333766442384,0.2986659432329,0.2784661193876,0.3236102285767,0.2015629502912,0.5767539612095,0.4737648702743,0.2209230136472,0.1661725071732,0.6656991661058,0.3588796006046,-0.1672678359987,0.3229477506747,0.5176725300406,1.0000000000000,0.0826566224555,0.3655254731566,-0.0392075226606,0.6202430268062,0.1648397778950,0.3102695209498,0.1922987221544,-0.3088840891144,0.1248087683615,0.2296743159437,-0.0833416732387,0.3199176177855,0.2534078896529,0.1658365295051,0.0926276962098,0.3192568949241,0.1859598326545,0.1590730197391,0.0116078324583,0.1109007990027,0.2548272595639,0.0334562754060,0.2181849128084,0.1923426471003,0.2258312770424,0.5661817736800,0.3296539702367,0.2490967496434,-0.0286788177416,0.2335594062486,0.0207059040277,-0.2977130928660,0.2974539927782,0.4478638861477,0.8231772090807
