1.0000000000000,0.0689909679503,-0.1819125967572,-0.0704802715106,0.2035243902005,0.0164499251236,0.1625178177956,-0.0805268320397,-0.2050346031646,-0.2296418564975,0.1615847387985,-0.3893747704569,0.1807748088366,-0.3881737374026,-0.1101914937654,-0.2400164804992,0.2579172410374,0.2079365061823,-0.2155989683236,0.2656202438237,-0.1180725671502,0.0126440299740,0.2252192204067,0.0372812741679,0.0107075364264,-0.2574818847450,-0.0529725868824,-0.2947291477078,0.0030527058649,0.3884861419920,0.2921671248466,-0.2850123741795,-0.0405320697524,0.1102101521228,0.1262462670973,0.6284233187378,0.1297813487686,-0.1537726956588,-0.0047055066314,0.0884082569848,-0.1347698383003,0.1891865166517,-0.0425651474778,-0.1789529336052,-0.1476541663530,-0.0332526878812,-0.4048721412080,0.1852807941771,-0.4237329217169,-0.0666659906285,-0.1620444392178,0.4470353008046,0.4236707660859,-0.3120075208658,0.3275774629862,-0.1742251690514,0.0713754140696,0.3397901056833,0.0771033497290,0.1473152775942,-0.3267260633892,-0.1189420006076,-0.3583354030956,0.1515821808901,0.3028986153116,0.4334685195962,0.1128908143892,-0.1125896707542,0.1856770404212,0.2827233172821
0.0689909679503,1.0000000000000,0.0241515293071,0.6355990114564,0.3569053310374,-0.2704928905793,0.1730855748496,0.1363560571698,0.0627659136708,-0.2403461031884,0.3244717035751,0.4980594222786,0.2269756898835,0.0907331115072,0.1117683981069,0.1352582887659,0.4155023915122,0.6582547408132,0.2166872106241,0.4702681224674,0.0012001051920,0.6688328515585,0.6160524669764,0.5372951181219,0.0080752790467,0.4577911674911,0.7508109252054,0.3703437186157,0.4881602450590,0.4240518259318,0.6748350500030,0.0968208107421,-0.0478671035433,0.6119308406644,0.6805619292364,0.0658167888935,0.7758113891394,-0.1407891074303,0.3802689467727,0.2362404005838,-0.2653377395036,-0.1641518552074,-0.1035166893965,-0.2803960936423,-0.1948519995856,0.3592175814183,0.0060700309189,0.1847120202598,-0.0756650035009,-0.4402464859838,-0.1142811779564,0.1518287747071,0.5060207523358,-0.2089678615223,0.4172079999197,-0.0671852937845,0.4805140749557,0.5188521608263,0.5486281258332,0.0878672959847,0.0400213817165,0.4303138604209,0.3679546922220,0.3551029022046,0.2297961122947,0.3881536481082,0.0369209962266,-0.2346254769215,0.3214735765387,0.5641044798723
-0.1819125967572,0.0241515293071,1.0000000000000,0.3799566196144,0.1263533187496,-0.2714888398935,-0.1925627739309,0.7224942746539,0.2437438425202,0.4855790329229,-0.0587251447746,0.2311024490458,0.1596227870385,0.4202575373541,0.4604802532427,0.1777921577227,-0.0634211233316,0.1995124365876,0.3977967853906,0.3106566948953,0.5473978549436,0.0908758091385,0.0214172261059,0.1266819181795,0.4052649270142,0.3728239032538,0.2847433493248,0.6849457081142,0.3436513763530,-0.1714025500047,-0.0439524897606,0.2851242965760,-0.1952515636589,0.0342858386607,-0.1331773564283,-0.1087200118946,-0.1808014649909,0.4114805665449,0.2383635225514,0.2847450024645,-0.1486959587471,-0.3659354330722,0.3242537171869,0.0366231329283,0.3700250560891,-0.0470361483772,0.0871125482079,0.1752601683150,0.0720821760900,0.0753248450633,-0.0874876112638,-0.2051569673218,-0.4294813498519,0.0627310909836,-0.1705692329239,0.6148891901696,-0.0250468492157,-0.2881524947392,-0.0655663624250,0.1252134590174,0.1972776895587,0.1808771785230,0.4316315239335,0.0675638359100,-0.3659886143847,-0.4623519682493,-0.0807235615016,-0.1721152430249,-0.0187452918372,-0.2177122786182
-0.0704802715106,0.6355990114564,0.3799566196144,1.0000000000000,0.4403752534105,-0.3374870819192,0.0781090350237,0.6186056567813,0.1808787178668,0.3406310639036,0.4065879978098,0.5564973434937,0.3771250950423,0.5207548687464,0.4378643923390,0.3532922657969,0.3196177640289,0.4700050888239,0.2802965375680,0.3965783141302,0.3325386819122,0.6536772117044,0.6043855359689,0.4369815638753,0.4767326341810,0.6847014554976,0.6147936429843,0.5619256415601,0.6202371364112,0.3689135171321,0.5215946122533,0.3827372061057,-0.0851429934442,0.5754880474098,0.4715319579249,0.0637414116389,0.4701335300959,-0.0251025863121,0.7241104320987,0.4429144917943,-0.2150749731231,-0.3310315954912,0.2806568451282,-0.1801325323785,0.3467146535489,0.3239512184522,0.0596330056239,0.3571156191970,0.1632772897153,-0.1647502757521,-0.0194613041882,-0.0316441543216,0.0923167958350,-0.1798484819376,0.2322450249066,0.2866563532151,0.3981365293843,0.3647865926372,0.3610577636496,0.4350978339798,0.2156640051238,0.3837750879892,0.6250228223907,0.3928831084120,-0.0017397561458,0.0454884437400,0.0569320615391,-0.1965758628387,0.2615604671312,0.3500217900882
0.2035243902005,0.3569053310374,0.1263533187496,0.4403752534105,1.0000000000000,-0.2803650298255,0.1537337501911,0.4036096926326,-0.0502515848907,0.1160737896667,0.3981228042882,0.2016525447661,0.5372567815139,0.1414014098963,0.0730773546140,0.0968670607414,0.4825150058982,0.3458002202605,0.0167745818846,0.1491273596092,0.2723440199298,0.5862752198823,0.4512969709864,0.4050183980578,0.2588857506889,0.2952483186152,0.3001953651265,0.2367731695149,0.5832461269994,0.3521296883454,0.4945011400340,0.1157610349924,-0.0735676608034,0.4784964270748,0.3597356625327,0.2390666857560,0.1819833072619,-0.1066631879480,0.2017367778539,0.8076458740283,-0.2826353956053,-0.0232730056297,0.1785654306506,-0.2157411514254,0.1289015105166,0.3395625195728,-0.1376143084246,0.5686255595843,-0.0693044939488,-0.3427672838809,-0.0508347454606,0.3395658359317,0.1644743430181,-0.3324883710572,0.0211527906104,0.2150114379806,0.5129931650756,0.3256528930167,0.4359215472214,0.2689810352920,0.0439641516619,0.0467927842128,0.2116424852955,0.5190655880866,0.2188780690011,0.1961518551501,0.0510903186749,-0.1508557506418,0.3385367424701,0.3474199178281
0.0164499251236,-0.2704928905793,-0.2714888398935,-0.3374870819192,-0.2803650298255,1.0000000000000,0.2988119834308,-0.3774123874933,0.2750151900307,-0.0850426709767,-0.2328494388900,-0.1130933185064,-0.2375402391782,-0.0627436524050,0.0046374005893,0.2860419618364,-0.2696997515490,-0.3802083649977,-0.0176651288455,-0.1698472832123,-0.2554651150652,-0.3996264274598,-0.2704657614095,-0.3183740144290,-0.1748011508195,-0.2209971870616,-0.3224613740398,-0.3228468504539,-0.4348206155729,0.0473084468483,-0.3403969836664,-0.1774367873468,0.3781973116185,-0.2583912187632,-0.1580092883151,-0.0644608687669,-0.1763566864983,-0.0552208098478,-0.0674088732290,-0.3098846165612,0.6224528904588,0.4072514750016,-0.2130543781845,0.4063239492343,-0.0527271277132,-0.2558946087391,0.2412429807015,-0.2466692188104,0.2039103744833,0.2979487923045,0.4449437919836,-0.1584404328548,-0.1343019030361,0.2506365855123,-0.1053440396280,-0.2167640520007,-0.2843203612888,-0.2021627737125,-0.3036440067552,-0.1137655242853,-0.1028019733337,-0.2215710557497,-0.2953328215549,-0.3867909960271,0.1455917862513,-0.1390625825999,-0.0087442623991,0.4038495960639,-0.0815529809114,-0.0572608389119
0.1625178177956,0.1730855748496,-0.1925627739309,0.0781090350237,0.1537337501911,0.2988119834308,1.0000000000000,-0.1849277871221,0.5202663334098,-0.1934351767801,0.3815272063142,0.2563090566317,0.3059606837566,0.0423097646318,0.1952914413887,0.4568855382759,0.1107936694436,0.0883820455052,0.1888246903866,0.1189535139114,-0.0291112082509,0.1856561717065,-0.0096887255541,0.0416851611321,-0.1035064174266,0.0012537937523,0.1783042987704,-0.2137162703950,0.0612155656458,0.3803848519751,0.1339320054351,-0.0315049704854,0.1128260863899,0.2911082319638,0.3396832645498,-0.0208863087990,0.1495081765070,-0.1507363689151,0.0955376849932,0.0092862986318,0.3649508824393,0.5252283997624,-0.3100435070001,0.3105092702938,-0.1275864076058,0.2333456352126,0.1825678448356,0.2181263992443,-0.0029078713144,-0.0928961453479,0.3792607919394,0.0138917641446,0.0672059276502,0.0911448282207,-0.0064612528672,-0.1136660578890,0.1593751489715,-0.0459898342533,-0.0007223780425,-0.0270752604627,-0.1622571444265,0.0026548347723,-0.1366605522318,0.0275786632385,0.2120404967957,0.0229490499390,-0.0793595075539,0.2500971834479,0.0946261222021,0.3082415885679
-0.0805268320397,0.1363560571698,0.7224942746539,0.6186056567813,0.4036096926326,-0.3774123874933,-0.1849277871221,1.0000000000000,-0.0584241205306,0.6286024071901,0.2340189007638,0.2392534944006,0.3573506368239,0.4406889755394,0.4058673977458,0.1396865717046,0.1697101306102,0.1916295061995,0.1402213504308,0.2014726386242,0.5552091029250,0.3347170111185,0.3965924560069,0.1893653056741,0.6745339859754,0.4671738245565,0.2579398353279,0.6352962209543,0.5422406841513,0.0812136797883,0.2115265527417,0.3985304242035,-0.1713910959372,0.2585996718045,0.0293945639691,0.1102125504115,-0.0247993146562,0.0598292268609,0.3987033175166,0.5811806405829,-0.3774578393665,-0.4575137511155,0.5996747153831,-0.3089238770739,0.5876671552989,0.1255122246743,-0.0731477746329,0.3794486213962,0.1523229510274,-0.0219243805558,-0.1531509229328,-0.0252657802816,-0.2725778385688,-0.2154557899733,-0.0774157106256,0.5365828761766,0.1114489380662,0.0895746679006,0.0571562407095,0.4887342578398,0.2272094325311,0.1210701249211,0.5230244128801,0.4084486334215,-0.1810338891315,-0.2351868071918,0.1263341578363,-0.2390622970228,0.1354137839789,-0.0281315981914
-0.2050346031646,0.0627659136708,0.2437438425202,0.1808787178668,-0.0502515848907,0.2750151900307,0.5202663334098,-0.0584241205306,1.0000000000000,-0.0659445615999,-0.0413007910305,0.5281048752528,-0.1679432718252,0.4336395603451,0.5526354260913,0.5996432565740,0.0343502410489,-0.0167938084459,0.5432528057964,0.1741550880517,-0.0359090996894,0.0728879835864,-0.2362757090216,-0.0026792067375,-0.1361291768151,0.2978562687793,0.3329820329580,0.1534968699471,0.1045511918913,0.0825149448101,-0.0826524788626,0.1853230669139,0.1792412395583,0.0387395685841,0.1325093404283,-0.2580021730482,-0.0086440351264,0.2398425972338,0.1819103188706,-0.1639406478731,0.5126561451590,0.2101634344614,-0.2596243107713,0.7165332573398,-0.0970045821984,-0.0020827815317,0.5602260841101,-0.2062829501650,0.2072960500653,0.1751045715797,0.3783526425028,-0.2063443067539,-0.2854508025413,0.4014737925067,-0.1299866939374,0.0061614303856,0.0632765326040,-0.4024996993315,-0.1131156836999,-0.2030124480413,0.1725392148293,0.2944731678734,0.2176632242603,-0.1346235648635,-0.1672392446598,-0.3296280513130,-0.1896575351178,0.3762717201082,-0.1777554732286,0.0721848502901
-0.2296418564975,-0.2403461031884,0.4855790329229,0.3406310639036,0.1160737896667,-0.0850426709767,-0.1934351767801,0.6286024071901,-0.0659445615999,1.0000000000000,0.0452402633131,-0.0085727705580,0.3097290566599,0.5578268471962,0.2837211641781,0.2674152155478,-0.2307246644518,-0.2260865559207,-0.0110315584513,-0.1150922612408,0.5741884228342,-0.1130087333226,0.1289410824645,-0.1400414291999,0.6834968841312,0.3378627133450,-0.1932944438670,0.3846888404005,0.0264137439921,-0.1938844293720,-0.2326301665887,0.4415299373515,-0.1146047118894,-0.0477125200438,-0.3335078532611,0.0135324218892,-0.2176589079232,0.0449705952421,0.4032597253447,0.3473144529318,-0.0205295434226,-0.2252365812219,0.5068718946265,-0.1080130425573,0.8696047404014,0.0058434157877,-0.0577076797027,0.3005134532677,0.3847403751730,0.2070344287130,0.1087582188931,-0.2874630984779,-0.5001729777686,-0.0703209935767,-0.2638515332560,0.6106744419897,-0.1662127044797,-0.1038437252586,-0.1962653588096,0.4866201887210,0.2305412746394,-0.1978776418357,0.2858763753706,-0.0801394538529,-0.2620586962560,-0.4246448736536,0.0854496115189,-0.0352290856632,0.0181618730296,-0.3240056537702
0.1615847387985,0.3244717035751,-0.0587251447746,0.4065879978098,0.3981228042882,-0.2328494388900,0.3815272063142,0.2340189007638,-0.0413007910305,0.0452402633131,1.0000000000000,0.1981723798637,0.6235077620424,0.0610521242750,0.2036062467923,0.0351895190405,0.1468180298372,0.3410817981034,0.0403762835292,0.2345892393491,0.2419156258981,0.4231713597383,0.2669901899958,0.2407836317829,0.1079539983601,0.1921717211779,0.2854343908143,0.0386708482413,0.3042999952946,0.3976966630066,0.3431462919851,0.1930201009131,-0.0744134078555,0.4260728301001,0.3096587004781,0.1368260694878,0.2512551717798,-0.3821140302096,0.3008635738347,0.3926293748986,-0.2421074898159,0.1312704389581,-0.0149647895801,-0.1947007215001,0.0058099869229,0.7312766333164,-0.1797367285616,0.5353716900788,-0.1065992816636,-0.1575581456703,-0.0855485487010,0.0167254641253,0.1963593766822,-0.2319033888090,0.2004675744843,0.1307035537418,0.1887382744385,0.2022232698237,0.1466114848416,0.1006308968292,-0.1314720375417,0.0274938574597,0.0821412386956,0.3694071680305,0.1166067414814,0.0772197570004,0.2325097125082,-0.2018693436078,0.2114365300260,0.2343040444607
-0.3893747704569,0.4980594222786,0.2311024490458,0.5564973434937,0.2016525447661,-0.1130933185064,0.2563090566317,0.2392534944006,0.5281048752528,-0.0085727705580,0.1981723798637,1.0000000000000,0.0225778280974,0.5645069564473,0.5965347873978,0.4904590741322,0.2036908147368,0.4259032514121,0.6957334398895,0.3904334423110,0.1426813382886,0.5465802693066,0.1275437840439,0.3991294247031,-0.0570488184099,0.6895443541601,0.6761452783835,0.5628874691287,0.4589595550615,0.2925236956059,0.2375376872320,0.4377175542203,0.1002911046140,0.4749290643352,0.5320952066222,-0.3848297658820,0.3274290324171,-0.0322678871338,0.3240444100168,0.1647286637401,0.0832880557858,-0.1592972195088,-0.0923892325933,0.1456591954320,-0.0670081528365,0.3666028381977,0.6469505252716,-0.0619705199250,0.4018753425689,-0.1415046375901,0.1502609789153,-0.1948843746041,-0.1291129541494,0.3540520785454,0.1234101059574,0.1149565756438,0.3041774150881,-0.0929741563757,0.2493949023975,-0.1134162766013,0.4038502470209,0.4225242786094,0.6421286808924,0.2076722506008,-0.1137498953255,-0.2124014255531,0.1098465863057,0.1625348223918,0.0228679732671,0.2551361862679
0.1807748088366,0.2269756898835,0.1596227870385,0.3771250950423,0.5372567815139,-0.2375402391782,0.3059606837566,0.3573506368239,-0.1679432718252,0.3097290566599,0.6235077620424,0.0225778280974,1.0000000000000,0.0489764378107,0.0609039375469,0.0443390066751,0.1610896100084,0.3213409306642,-0.0195083306738,0.2064429819183,0.6825298589595,0.3350719369660,0.3045439617426,0.2785079579528,0.2778469109879,0.1172094861713,0.1062258090009,0.1469775584909,0.2998238006888,0.1874075034585,0.3496020295409,0.1676859494805,-0.1919793043035,0.3550209308858,0.2162329993273,0.2052324566132,0.0923500767014,-0.2314076866030,0.2351980937626,0.5808962530742,-0.2824086294398,0.0573222948893,0.1324221128506,-0.3407447486326,0.2355314350264,0.4540391156976,-0.2423917374643,0.8616128660520,-0.1445376459936,-0.2420467659851,-0.0909325131059,0.0830479518657,0.1086020713406,-0.2907427477576,0.0748653927496,0.5806983687860,0.2340732491643,0.2025471126216,0.2169979778386,0.2104633813463,-0.1265296868726,-0.1930020629025,0.0150431343014,0.2541499736914,0.1408706528892,0.0620832458051,0.1167196612449,-0.2266324117935,0.2684078450230,0.1728764052321
-0.3881737374026,0.0907331115072,0.4202575373541,0.5207548687464,0.1414014098963,-0.0627436524050,0.0423097646318,0.4406889755394,0.4336395603451,0.5578268471962,0.0610521242750,0.5645069564473,0.0489764378107,1.0000000000000,0.5655184672843,0.5789540481884,0.0636587768276,-0.0348943389266,0.3654595514766,0.0073203929840,0.3064540345587,0.2156283730241,0.1051598630024,0.1333229562464,0.3777412738184,0.7296377831097,0.2656553068600,0.5508501406848,0.2507166864950,0.1128371982010,-0.0942810178181,0.5692453818602,0.1150801621803,0.1638451484608,0.0220414894265,-0.2389223340297,0.0275537519468,0.1204161641787,0.4246942340514,0.2175980348034,0.2128481848157,-0.1636234071574,0.2173639473927,0.2142053177183,0.5107140616081,0.1024801841953,0.4149691408700,0.0143905563367,0.6858859245928,0.1188090844091,0.3052734955782,-0.2277624129874,-0.4501278035915,0.1886907857734,-0.1637002227745,0.3236382948190,0.0473202167150,-0.2171900688584,0.0010892568556,0.2434088887790,0.4345646734822,0.1796216043372,0.6293370977651,0.0059387364283,-0.2145455872011,-0.4562351629363,0.0570557526128,0.2379459209513,-0.0639960953985,-0.0933256061809
-0.1101914937654,0.1117683981069,0.4604802532427,0.4378643923390,0.0730773546140,0.0046374005893,0.1952914413887,0.4058673977458,0.5526354260913,0.2837211641781,0.2036062467923,0.5965347873978,0.0609039375469,0.5655184672843,1.0000000000000,0.4325334673552,-0.0187959892581,0.1965224542663,0.6644754772455,0.4348127537061,0.2598746982249,0.1830477145569,-0.0176084490614,0.0846458302516,0.1118871511463,0.5590666381474,0.3435455066685,0.5550435954666,0.2156800401360,0.2349908346425,-0.0362577446643,0.5012033640635,0.1352424778633,0.2369679156621,0.1340627797006,-0.1104811795100,-0.0138467774572,-0.0752531985847,0.3244895691740,0.1390553932043,0.1529669038213,-0.1102532655091,0.0920329049772,0.2653428212685,0.1580189837697,0.2620872175124,0.3689714396363,-0.0094754000021,0.3230370596911,0.3470743139138,0.1287443101055,-0.2951134640302,-0.3561738565887,0.3376506469910,0.1003638399788,0.2819924897172,-0.0210957629464,-0.2466305431167,-0.1020622533553,-0.0557586569466,0.2887837961292,0.1619443258905,0.4740414963844,0.0387614737431,-0.2201446575193,-0.4374691358678,0.2162150092758,0.2070947826767,0.0268630827015,-0.0592940798339
-0.2400164804992,0.1352582887659,0.1777921577227,0.3532922657969,0.0968670607414,0.2860419618364,0.4568855382759,0.1396865717046,0.5996432565740,0.2674152155478,0.0351895190405,0.4904590741322,0.0443390066751,0.5789540481884,0.4325334673552,1.0000000000000,-0.0013572277257,-0.0360734404983,0.3946710158512,0.0981169855798,0.1097088302606,0.1638066050058,0.0434169656456,-0.0092248406688,0.1308821543041,0.4377995046054,0.2557136838000,0.2441035571121,0.0776590904572,0.2258082257513,-0.0263574939620,0.2338708674380,0.1094837366783,0.1761283690756,0.2567280865696,-0.1569956853130,0.0690760683546,0.0941383412645,0.3899479129278,0.0071525841991,0.4727529187379,0.1228449529230,-0.0221948171341,0.4067637417451,0.3428753197740,0.0015543312147,0.4200413831192,-0.0677236432146,0.3930515990526,0.1060138801854,0.7328062280299,-0.2176494505826,-0.2572802423280,0.2016224630248,-0.0752751830102,0.0765336389201,0.0962697697667,-0.1593058812807,-0.0486176519238,0.1358623515884,0.1905231747328,0.1348627912051,0.3325530675313,-0.1601857520052,-0.0138812079441,-0.2888936859774,-0.1315787942702,0.2562249290202,0.0179288561232,0.2258805817536
0.2579172410374,0.4155023915122,-0.0634211233316,0.3196177640289,0.4825150058982,-0.2696997515490,0.1107936694436,0.1697101306102,0.0343502410489,-0.2307246644518,0.1468180298372,0.2036908147368,0.1610896100084,0.0636587768276,-0.0187959892581,-0.0013572277257,1.0000000000000,0.3413739685869,-0.0082929625368,0.1295988628720,-0.0819759673685,0.6697293824444,0.5494779101747,0.6294320291178,0.0643910339639,0.1925791069319,0.3075796697777,0.1693064592739,0.5721940902646,0.4049298111221,0.6326906691291,-0.1066130329868,-0.0128466655260,0.4417526266379,0.4464171787585,0.2874101229229,0.3206671990622,0.0195230381605,0.0859099965226,0.3364795450873,-0.2096231906215,-0.0975198841088,0.0185511730573,-0.1264165530266,-0.1332849137485,0.0783194903846,0.0109203591898,0.1302199039899,-0.0923041319134,-0.3690708521208,-0.1307952724973,0.7971088407610,0.3440945852810,-0.1845502118936,0.1472347057910,-0.1870017441905,0.6719044386716,0.4757614884549,0.6468306839142,0.2057644336807,0.0454748803735,0.2170033915444,0.2365858450251,0.4823002137649,0.2893373693842,0.4530301917612,-0.0791603134273,-0.0262482988791,0.1943007187322,0.4884528557757
0.2079365061823,0.6582547408132,0.1995124365876,0.4700050888239,0.3458002202605,-0.3802083649977,0.0883820455052,0.1916295061995,-0.0167938084459,-0.2260865559207,0.3410817981034,0.4259032514121,0.3213409306642,-0.0348943389266,0.1965224542663,-0.0360734404983,0.3413739685869,1.0000000000000,0.3427692934523,0.6610822857021,0.2290939009780,0.6059798161754,0.3361746619782,0.6355563730755,-0.1272185886158,0.2725379751136,0.6200461736932,0.3685237717466,0.4888244170647,0.3777221052733,0.6268512270691,0.0918987643409,-0.1297488178081,0.6182943039312,0.6550318610532,0.0344896073532,0.4086825904187,-0.0361542539763,0.2410958083402,0.2965865117049,-0.3358445394492,-0.1552346035615,-0.1689568635331,-0.2895773260238,-0.2760960816672,0.3407748778026,-0.0720622615848,0.2624044679113,-0.2833463531889,-0.3999897134052,-0.2159505358485,0.1520634562299,0.4821538894635,-0.1152082925483,0.5037177305216,0.1734806368723,0.4656286457514,0.2658785093052,0.5250064721607,-0.1307928448420,-0.0648284348986,0.2067329162659,0.2431741634937,0.2871711955355,0.1115873188564,0.2306019526850,0.1576269022742,-0.2802636380151,0.4208408036932,0.4649528282906
-0.2155989683236,0.2166872106241,0.3977967853906,0.2802965375680,0.0167745818846,-0.0176651288455,0.1888246903866,0.1402213504308,0.5432528057964,-0.0110315584513,0.0403762835292,0.6957334398895,-0.0195083306738,0.3654595514766,0.6644754772455,0.3946710158512,-0.0082929625368,0.3427692934523,1.0000000000000,0.6007868227198,0.1790621540525,0.2211543433707,-0.1363658459427,0.2235790510105,-0.2121481027275,0.4433285389822,0.4565858017961,0.5260282265571,0.1410054797189,0.1808863549388,-0.0269287903605,0.2016863283878,0.1394048547248,0.1623250014348,0.2866804116076,-0.3192151691716,0.0261753454837,0.0346859135313,0.1006480032205,0.0030787240534,0.1312690536188,-0.0092678345133,-0.2636541876374,0.2615087267689,-0.1783571274207,0.1795949081478,0.5485914714239,-0.0725638764643,0.1488175753370,-0.0260268326689,0.1811422948691,-0.2637457529878,-0.2611487017713,0.4686872182687,0.1684298113823,0.2374794744672,0.0509428370095,-0.3335585449194,0.0149816438966,-0.3274246394541,0.1833717316961,0.2318212401199,0.3600558374967,-0.0930328229428,-0.2466151899341,-0.3807802341526,-0.0708414037933,0.1095148741537,-0.0704478604576,0.0934005578956
0.2656202438237,0.4702681224674,0.3106566948953,0.3965783141302,0.1491273596092,-0.1698472832123,0.1189535139114,0.2014726386242,0.1741550880517,-0.1150922612408,0.2345892393491,0.3904334423110,0.2064429819183,0.0073203929840,0.4348127537061,0.0981169855798,0.1295988628720,0.6610822857021,0.6007868227198,1.0000000000000,0.2310905694740,0.3206459784222,0.1761721541893,0.2497454740647,-0.1196894197621,0.3104988741389,0.5241577991857,0.4152140803269,0.2608670897058,0.3358858466748,0.2701138709930,0.0415900111071,-0.0211963271054,0.3477544414564,0.4490904339449,0.0741722477070,0.2180741299978,-0.0544297640173,0.2647941274717,0.1514771155646,-0.1659041177824,-0.1301120260857,-0.1098424044325,-0.0754934913872,-0.1972993972136,0.2736358316540,0.0547179978574,0.1472937192540,-0.2507420797807,-0.0926360593145,-0.0842441657274,-0.0220371873148,0.1716927160646,0.0705045406386,0.5936904377276,0.2345621890880,0.1915002780502,0.0766124503652,0.1778741453289,-0.1584691565944,-0.0142681824770,0.2715695752997,0.2120141159276,0.1639280184632,-0.0211041360444,0.0102186638111,0.1168566617063,-0.1894885268099,0.1897811515159,0.2916600147815
-0.1180725671502,0.0012001051920,0.5473978549436,0.3325386819122,0.2723440199298,-0.2554651150652,-0.0291112082509,0.5552091029250,-0.0359090996894,0.5741884228342,0.2419156258981,0.1426813382886,0.6825298589595,0.3064540345587,0.2598746982249,0.1097088302606,-0.0819759673685,0.2290939009780,0.1790621540525,0.2310905694740,1.0000000000000,0.0863131942270,0.0489848707745,0.1212263923501,0.3610533550381,0.2533342208891,0.0531812320965,0.4372315983299,0.2421290080928,-0.1328058398019,0.0255121903508,0.3687303315990,-0.1933365899095,0.1067360848827,-0.0403835682197,-0.0182680553137,-0.1273528202829,0.0863299283785,0.2595608769922,0.4303319590565,-0.2309610140106,-0.2372156891833,0.2996261859828,-0.2063250576777,0.4302310775096,0.2206780163015,-0.0526429565769,0.5767981262892,0.0377626556447,-0.0553624647891,-0.0817301478333,-0.1833457853261,-0.2895571640078,-0.0450662061668,-0.0644402629243,0.9159165588020,0.0226507510759,-0.1378882058321,0.0068486480007,0.1499668929799,0.1154248238464,-0.1687357531634,0.2612932084582,0.0914076507379,-0.2734406579712,-0.3282914427087,0.1348050840136,-0.1395395685338,0.0501590230940,-0.1641489766182
0.0126440299740,0.6688328515585,0.0908758091385,0.6536772117044,0.5862752198823,-0.3996264274598,0.1856561717065,0.3347170111185,0.0728879835864,-0.1130087333226,0.4231713597383,0.5465802693066,0.3350719369660,0.2156283730241,0.1830477145569,0.1638066050058,0.6697293824444,0.6059798161754,0.2211543433707,0.3206459784222,0.0863131942270,1.0000000000000,0.5793970302082,0.7812273520320,0.1136794448369,0.4194857441633,0.6038952976349,0.3883320172288,0.7123107142717,0.5164850754651,0.7558786995598,0.1621603906814,-0.1074537790000,0.7710825835567,0.6453427404568,0.0182813501529,0.4623835821926,-0.1381369077009,0.2783355263504,0.4728626147175,-0.2481646066621,-0.2150503639395,-0.0306858573433,-0.2496441926783,-0.0939154780652,0.3704007236787,0.0436450262351,0.2762555225962,-0.0433488256202,-0.4989375293081,-0.1097793990953,0.3402010469015,0.3411066235664,-0.1894284071327,0.1692122090402,-0.0118596609418,0.8069019693317,0.4043414444491,0.7433279682499,0.1693110536330,-0.0100674621920,0.2946727585273,0.4214314533414,0.5465928629341,0.2535969640699,0.2921941956574,0.0392596734305,-0.2199609412118,0.3837165727217,0.5447705295527
0.2252192204067,0.6160524669764,0.0214172261059,0.6043855359689,0.4512969709864,-0.2704657614095,-0.0096887255541,0.3965924560069,-0.2362757090216,0.1289410824645,0.2669901899958,0.1275437840439,0.3045439617426,0.1051598630024,-0.0176084490614,0.0434169656456,0.5494779101747,0.3361746619782,-0.1363658459427,0.1761721541893,0.0489848707745,0.5793970302082,1.0000000000000,0.4290965737656,0.4425530794727,0.3339836376332,0.3456686784308,0.2426137077942,0.4435678167538,0.4024780779003,0.6614955057116,0.0108143055896,-0.0491630028447,0.5298321181265,0.4070620544055,0.3832057041437,0.5276290119522,-0.1352118621620,0.4030628458976,0.4393807008895,-0.3240062372237,-0.2111823585658,0.2674375851508,-0.4437523844086,0.2368203650457,0.1342585973125,-0.2201514191964,0.3167603015664,0.0124154876980,-0.2991433755558,-0.1365026205861,0.3976831378656,0.4382747162916,-0.3970242466778,0.2649498133496,-0.0404148454546,0.4225148618193,0.8182865065439,0.4625590205290,0.5589052992643,-0.0157684977967,0.1778164976179,0.2822604624075,0.3965468238894,0.2889667815971,0.5299263717396,-0.0137825988926,-0.2486631524244,0.3845770029442,0.4827066253324
0.0372812741679,0.5372951181219,0.1266819181795,0.4369815638753,0.4050183980578,-0.3183740144290,0.0416851611321,0.1893653056741,-0.0026792067375,-0.1400414291999,0.2407836317829,0.3991294247031,0.2785079579528,0.1333229562464,0.0846458302516,-0.0092248406688,0.6294320291178,0.6355563730755,0.2235790510105,0.2497454740647,0.1212263923501,0.7812273520320,0.4290965737656,1.0000000000000,0.0291966365977,0.3176392799987,0.4172944142670,0.4019477486670,0.5957522145103,0.3193311220968,0.6583167855258,0.0110870589638,-0.0625717360515,0.5919141800726,0.4813832773018,-0.0261204296048,0.3315804724656,0.0067548804801,0.1559832879806,0.3515917691332,-0.2092701475107,-0.1270919648379,-0.1745010670848,-0.2579564678169,-0.2138972035250,0.2117564112252,0.0135776015582,0.2256967364926,-0.0715869338541,-0.4558531181395,-0.1528606648348,0.3586692482630,0.3752088016667,-0.1166505168506,0.1824953536278,0.0745366036498,0.6647718601576,0.2918480673628,0.8107699203027,0.0201242856761,-0.0259005232007,0.1246512881755,0.3342735298500,0.3348374198235,0.1702491848209,0.2270286297502,0.0324545511441,-0.1659442251458,0.3800990867544,0.4100817353745
0.0107075364264,0.0080752790467,0.4052649270142,0.4767326341810,0.2588857506889,-0.1748011508195,-0.1035064174266,0.6745339859754,-0.1361291768151,0.6834968841312,0.1079539983601,-0.0570488184099,0.2778469109879,0.3777412738184,0.1118871511463,0.1308821543041,0.0643910339639,-0.1272185886158,-0.2121481027275,-0.1196894197621,0.3610533550381,0.1136794448369,0.4425530794727,0.0291966365977,1.0000000000000,0.2758564767979,0.0168701685498,0.2594422240592,0.3950359357721,-0.0054436623788,0.0909696796628,0.2572604404848,-0.1511554704620,0.1235858739346,-0.1402338527567,0.1941020572233,0.0717649489344,0.1194617768528,0.4236893801387,0.4195839829252,-0.1766003309043,-0.3464677973789,0.6416292845480,-0.2843854873165,0.7106826350528,-0.0693770469975,-0.2384920032446,0.3007398190073,0.1784118548828,0.0400363691821,-0.0442820989724,0.0189331908993,-0.1987794909746,-0.2724757174665,-0.1978557069300,0.3313067224840,0.0349777951281,0.2454339845076,0.0049794876957,0.8675266504836,0.0577974788784,0.0124441014455,0.3171690192867,0.3193774224461,-0.0858362670929,-0.0267990764199,-0.0194693160065,-0.1579076597233,0.0980627495881,-0.1153510146507
-0.2574818847450,0.4577911674911,0.3728239032538,0.6847014554976,0.2952483186152,-0.2209971870616,0.0012537937523,0.4671738245565,0.2978562687793,0.3378627133450,0.1921717211779,0.6895443541601,0.1172094861713,0.7296377831097,0.5590666381474,0.4377995046054,0.1925791069319,0.2725379751136,0.4433285389822,0.3104988741389,0.2533342208891,0.4194857441633,0.3339836376332,0.3176392799987,0.2758564767979,1.0000000000000,0.5787022310862,0.6839716348197,0.3830556174467,0.2235849874298,0.1277354991176,0.3880540002858,0.0992931624127,0.4037305084426,0.3972958643251,-0.1236012173178,0.3613588066531,-0.0086447221040,0.5709541782082,0.3015653775519,-0.0671758256562,-0.2302795512885,0.1815809234418,0.0013368346490,0.3040763283059,0.2787024869051,0.3254586599671,0.0748011110270,0.5094329375539,-0.0429943566200,0.1107085442736,-0.1306623874948,-0.1699213088971,-0.0168754959641,0.1122773478305,0.2709150174035,0.1482677018044,0.0424451804742,0.1868737782553,0.1946714319307,0.6166458146402,0.4189171786776,0.7149923691701,0.1567521960281,-0.1910837078650,-0.2233073826154,0.0478798324125,0.0183243327258,0.0670792204256,0.2287992181336
-0.0529725868824,0.7508109252054,0.2847433493248,0.6147936429843,0.3001953651265,-0.3224613740398,0.1783042987704,0.2579398353279,0.3329820329580,-0.1932944438670,0.2854343908143,0.6761452783835,0.1062258090009,0.2656553068600,0.3435455066685,0.2557136838000,0.3075796697777,0.6200461736932,0.4565858017961,0.5241577991857,0.0531812320965,0.6038952976349,0.3456686784308,0.4172944142670,0.0168701685498,0.5787022310862,1.0000000000000,0.5271801838189,0.5384469556928,0.3336014296777,0.4688207901104,0.2729011298533,-0.0582568242261,0.4975445109188,0.6258652826714,-0.0890891526309,0.5905073021037,-0.0318765333508,0.3688726736472,0.1825790130314,-0.2075506531607,-0.2388770021121,-0.0383979133854,-0.0853038507976,-0.1460976363396,0.3290840614468,0.1909949108099,0.0631198865342,0.0127237122777,-0.3385655709861,-0.0595294114517,0.0307068571285,0.2304792443182,-0.0918987531325,0.2498130386205,0.0104024425123,0.3377965927822,0.1805497525360,0.3147041163527,0.0283636315405,0.1778901788264,0.6401875086780,0.5229903508994,0.3285494009993,-0.0523957114963,0.1109480254643,-0.0467531915830,-0.1624587977368,0.1217730472029,0.4009757770789
-0.2947291477078,0.3703437186157,0.6849457081142,0.5619256415601,0.2367731695149,-0.3228468504539,-0.2137162703950,0.6352962209543,0.1534968699471,0.3846888404005,0.0386708482413,0.5628874691287,0.1469775584909,0.5508501406848,0.5550435954666,0.2441035571121,0.1693064592739,0.3685237717466,0.5260282265571,0.4152140803269,0.4372315983299,0.3883320172288,0.2426137077942,0.4019477486670,0.2594422240592,0.6839716348197,0.5271801838189,1.0000000000000,0.4573211020513,-0.0178525975318,0.1484642510882,0.4419974993135,-0.0405072552147,0.2475593711950,0.1528756121371,-0.1773183168991,0.1320315253380,0.1088854733778,0.3274727080898,0.3559600357908,-0.2332632032749,-0.4385444258682,0.2255362293701,-0.1519924840141,0.2431081290401,0.1795321148231,0.2433988452269,0.0967126995796,0.3255502478789,-0.1254828967130,-0.0886474934468,-0.0855441498935,-0.2778201391287,0.0300419061607,0.0412362458578,0.4842449671308,0.1606707813658,-0.0687143488022,0.2444530870778,0.0647902804347,0.3571465503358,0.2905387623007,0.7688820182245,0.1932115284919,-0.3276043041748,-0.3176382954228,0.0821263843302,-0.1086398726409,0.0117567363428,-0.0549730185886
0.0030527058649,0.4881602450590,0.3436513763530,0.6202371364112,0.5832461269994,-0.4348206155729,0.0612155656458,0.5422406841513,0.1045511918913,0.0264137439921,0.3042999952946,0.4589595550615,0.2998238006888,0.2507166864950,0.2156800401360,0.0776590904572,0.5721940902646,0.4888244170647,0.1410054797189,0.2608670897058,0.2421290080928,0.7123107142717,0.4435678167538,0.5957522145103,0.3950359357721,0.3830556174467,0.5384469556928,0.4573211020513,1.0000000000000,0.2641635706621,0.5791909793728,0.2953540029588,-0.1853304656186,0.5324786464782,0.3859381440796,0.0554291919827,0.2874040942518,0.1076508619097,0.2756837094705,0.5988824753106,-0.3544495341593,-0.3400726943644,0.3168337447798,-0.2316202099808,0.0515412917218,0.3301321594013,-0.0052551434097,0.3179259826880,-0.0711837811581,-0.2795692397730,-0.1735988015520,0.3344784123455,0.1271649020833,-0.1730315170341,0.0374618214915,0.1797933993012,0.5737010626536,0.2785049682118,0.5509140087968,0.3133181843762,0.0913184357357,0.2898654305890,0.5191326731244,0.8050172318855,0.1197760949444,0.1581975149957,0.1090661899778,-0.1583275804887,0.2285789609477,0.2444856675972
0.3884861419920,0.4240518259318,-0.1714025500047,0.3689135171321,0.3521296883454,0.0473084468483,0.3803848519751,0.0812136797883,0.0825149448101,-0.1938844293720,0.3976966630066,0.2925236956059,0.1874075034585,0.1128371982010,0.2349908346425,0.2258082257513,0.4049298111221,0.3777221052733,0.1808863549388,0.3358858466748,-0.1328058398019,0.5164850754651,0.4024780779003,0.3193311220968,-0.0054436623788,0.2235849874298,0.3336014296777,-0.0178525975318,0.2641635706621,1.0000000000000,0.4248830072874,-0.0138515280714,0.2498509660883,0.5967805262914,0.5293542430473,0.1735754934836,0.3178620431704,-0.2628274441810,0.2395382735424,0.2342446850923,0.0234199563344,0.1532197901083,-0.1250799208282,-0.0611072745593,-0.1446358706666,0.2159412592662,0.0281974510352,0.1420766587307,-0.0620969694335,-0.2021980858839,0.1501153235543,0.2572990588842,0.3250449881574,-0.1646897993280,0.3052204644509,-0.2496156073047,0.3899970404046,0.3429166077260,0.2952560594585,0.1260853249342,-0.1381362075164,0.1186924167847,0.0376294158925,0.2631651890155,0.5614561260848,0.2556104287769,0.2371213806057,0.1288831409366,0.4335299839188,0.5737368913319
0.2921671248466,0.6748350500030,-0.0439524897606,0.5215946122533,0.4945011400340,-0.3403969836664,0.1339320054351,0.2115265527417,-0.0826524788626,-0.2326301665887,0.3431462919851,0.2375376872320,0.3496020295409,-0.0942810178181,-0.0362577446643,-0.0263574939620,0.6326906691291,0.6268512270691,-0.0269287903605,0.2701138709930,0.0255121903508,0.7558786995598,0.6614955057116,0.6583167855258,0.0909696796628,0.1277354991176,0.4688207901104,0.1484642510882,0.5791909793728,0.4248830072874,1.0000000000000,-0.0184521045419,-0.1741622350701,0.6090554728712,0.5868735808257,0.2520317166916,0.5298324767434,-0.1431612666019,0.1945717094875,0.3616633838866,-0.2710028381689,-0.1409858875548,-0.0339871664594,-0.3441175475016,-0.1567793943916,0.2344540595973,-0.1428236430690,0.3336301437690,-0.2973750929486,-0.4213373824428,-0.1885793573413,0.4194258330889,0.6382941394284,-0.2691360751422,0.2982899201932,-0.0690041845008,0.6499921648263,0.6490205923580,0.6249417459934,0.2081080077689,-0.1811369025133,0.2134808454385,0.1835766064545,0.4414997580929,0.3430455097564,0.6283659003929,0.0004717590711,-0.2547183748375,0.3830034826456,0.5884142438304
-0.2850123741795,0.0968208107421,0.2851242965760,0.3827372061057,0.1157610349924,-0.1774367873468,-0.0315049704854,0.3985304242035,0.1853230669139,0.4415299373515,0.1930201009131,0.4377175542203,0.1676859494805,0.5692453818602,0.5012033640635,0.2338708674380,-0.1066130329868,0.0918987643409,0.2016863283878,0.0415900111071,0.3687303315990,0.1621603906814,0.0108143055896,0.0110870589638,0.2572604404848,0.3880540002858,0.2729011298533,0.4419974993135,0.2953540029588,-0.0138515280714,-0.0184521045419,1.0000000000000,-0.0921741349806,0.1948000873659,-0.0370998683726,-0.1117359863092,0.0316216081936,-0.1989608690966,0.2444297764046,0.3064568692052,-0.0890408385317,-0.2364852009219,0.3040666286423,-0.0767668050960,0.3547090705594,0.3651471799459,0.1795812079324,0.1665694849028,0.3676348594717,0.1594546315335,-0.0554918934558,-0.3160324420390,-0.3092251395711,0.1234020306061,-0.0863015951721,0.3720455996325,0.0358597397690,-0.1661265751188,-0.0197007984434,0.0864502047100,0.2878084251902,0.0174239717613,0.4457331057438,0.2474762905773,-0.1167505246444,-0.3710602945493,0.4001949210747,0.0954479008549,0.0461488636028,-0.2237019759356
-0.0405320697524,-0.0478671035433,-0.1952515636589,-0.0851429934442,-0.0735676608034,0.3781973116185,0.1128260863899,-0.1713910959372,0.1792412395583,-0.1146047118894,-0.0744134078555,0.1002911046140,-0.1919793043035,0.1150801621803,0.1352424778633,0.1094837366783,-0.0128466655260,-0.1297488178081,0.1394048547248,-0.0211963271054,-0.1933365899095,-0.1074537790000,-0.0491630028447,-0.0625717360515,-0.1511554704620,0.0992931624127,-0.0582568242261,-0.0405072552147,-0.1853304656186,0.2498509660883,-0.1741622350701,-0.0921741349806,1.0000000000000,-0.1414055784214,0.0090021604765,-0.1066276405197,-0.0581026620787,-0.1737881177647,-0.0567669704801,-0.1004692775360,0.1515176093619,0.2992514474830,-0.1351926475376,0.1865849001243,-0.1105214881349,-0.0408254441085,0.2485441354875,-0.1588120380222,0.2818711865293,0.1317473289973,0.2418142458299,-0.0523386869799,-0.0716282704061,0.0768947231403,0.0238811856326,-0.1753973055456,-0.1326259820168,-0.0351848232639,-0.0856666572439,-0.1043211660342,0.0877812531180,-0.0674598090549,-0.0246061024673,-0.1686851991743,0.0709192983947,-0.0716369392296,0.1782340261511,0.5049552169899,0.0223224112781,0.0600243904839
0.1102101521228,0.6119308406644,0.0342858386607,0.5754880474098,0.4784964270748,-0.2583912187632,0.2911082319638,0.2585996718045,0.0387395685841,-0.0477125200438,0.4260728301001,0.4749290643352,0.3550209308858,0.1638451484608,0.2369679156621,0.1761283690756,0.4417526266379,0.6182943039312,0.1623250014348,0.3477544414564,0.1067360848827,0.7710825835567,0.5298321181265,0.5919141800726,0.1235858739346,0.4037305084426,0.4975445109188,0.2475593711950,0.5324786464782,0.5967805262914,0.6090554728712,0.1948000873659,-0.1414055784214,1.0000000000000,0.6801414697594,0.0689090143147,0.4731782806066,-0.2069148077265,0.3300688202634,0.4044113268229,-0.1255563178308,-0.0634002550647,-0.0462585116841,-0.2235854673045,-0.0587124189096,0.3298689974297,-0.0129333096438,0.2655049866725,-0.0436189795679,-0.3221691067516,-0.0959013889453,0.1980861601825,0.3543848767518,-0.1460820509082,0.2605961191442,0.0157633209728,0.6227691366193,0.3961251310831,0.5673370939251,0.1676311665546,0.0403774172269,0.1875258796695,0.2707211786142,0.3976976122181,0.4114865929253,0.2533233570128,0.1650289687735,-0.1219623274337,0.6314830696586,0.5437464902876
0.1262462670973,0.6805619292364,-0.1331773564283,0.4715319579249,0.3597356625327,-0.1580092883151,0.3396832645498,0.0293945639691,0.1325093404283,-0.3335078532611,0.3096587004781,0.5320952066222,0.2162329993273,0.0220414894265,0.1340627797006,0.2567280865696,0.4464171787585,0.6550318610532,0.2866804116076,0.4490904339449,-0.0403835682197,0.6453427404568,0.4070620544055,0.4813832773018,-0.1402338527567,0.3972958643251,0.6258652826714,0.1528756121371,0.3859381440796,0.5293542430473,0.5868735808257,-0.0370998683726,0.0090021604765,0.6801414697594,1.0000000000000,-0.0000375186728,0.5425359812037,-0.1934127467144,0.2879307662165,0.1492525972321,-0.1019952270178,-0.0146906247747,-0.2100333916339,-0.1125428571112,-0.2550991519286,0.2682039178194,0.1155316179523,0.1122928210073,-0.0764907975147,-0.3658442789387,0.0764172027748,0.2438742842960,0.4749867634885,-0.1163216406847,0.3686112358585,-0.1504677677982,0.4781993755131,0.3543743737259,0.4410021464092,0.0041943883070,0.1407046763644,0.3268422868300,0.2149849716624,0.2340850483974,0.2541791469106,0.3466378183297,0.0097391644357,-0.0959739511892,0.3322150764237,0.7585607892002
