1.0000000000000,0.3187117749843,0.1801059387599,0.2825292311983,0.4711814942207,0.0465814808555,0.2780191578826,0.3975642914171,0.1278431751507,0.3457457213618,0.4310469669298,0.0686519324137,0.4405382449172,0.1104057622770,0.5879035330974,0.2014275995029,0.3393758236906,0.3858900931888,0.0946906516424,0.4430831976137,0.4507639392679,0.4092634466407,0.3375561096206,0.3392798705885,0.1468965712881,0.3763052582805,0.2501696124631,0.4148641158807,0.3902708093662,0.7186776276636,0.5029418740006,-0.1853968601495,0.2043591690293,0.4547570472161,0.5568117634302,0.6657092307934,-0.0101511336593,-0.1560244732176,0.2173950571201,0.4183642978328,-0.0042819422871,0.0637383117869,0.3457945428869,-0.0818149328719,0.3004088269125,0.4084887586934,0.0291887720106,0.4065369466289,0.0302974207519,0.3134855153979,0.2659715010314,0.4044607674008,0.1403699528669,-0.0357349206174,-0.0356861545593,0.3445366528454,0.3106316977243,0.2451960324994,0.1753798879604,0.2484446639754,-0.0380852628193,-0.1876522210607,0.1997828118091,0.3473348486792,0.4328641060660,0.2018431653732,0.2994481526005,0.1287444581693,0.4100189918589,0.5002070285782
0.3187117749843,1.0000000000000,0.2925016513294,0.6567183851316,0.1677881759512,0.2190166232407,0.1470604093742,0.2931721053455,0.2169935704947,0.1135152275131,0.1606001244349,0.1120752907970,0.1592083726806,0.1239320556180,0.2723493537479,0.1732925237754,0.0042183026383,0.5160715268466,0.0644515745730,0.3238360129178,0.2294054015252,0.1352496567730,0.5126120508710,0.2089097130915,0.3416747965580,0.5140492140875,0.5930186356457,0.4348448205551,0.1401667809049,0.2974586171037,0.4645828853126,-0.1130979344291,0.1449006872398,0.4325326050372,0.5110871094539,0.1920276955991,0.5664592964697,0.1224079095003,0.5228941114092,0.0541499428513,0.1627997641717,0.0269975427940,0.0761068283927,-0.0116810661242,0.0310874621249,0.0262803163622,0.1247118436374,0.1101766672326,0.0225167796773,0.0139401843573,0.2354203665801,0.0058638737219,0.3768668428306,-0.0797947775874,0.1017965240526,0.1630382481239,0.0221388464211,0.3112957816094,0.0562929957538,0.2186623844759,0.1626795804662,0.2491437340289,0.3038199358094,0.0097638694834,0.0433972873285,0.4307857832448,0.1174748596266,0.1504330280245,0.0180957385927,0.5221627421636
0.1801059387599,0.2925016513294,1.0000000000000,0.3843756649165,0.0461567650946,0.0227721783860,-0.2728765959183,0.5987316299485,0.0492000023043,0.1308043746953,-0.1567504871143,-0.1791497502006,-0.0885927099869,-0.0990997180399,0.0925045490991,-0.0101802569542,0.1888865350945,0.3687516820780,-0.0778462508750,0.2209177785011,0.1869982892854,0.0397034213151,0.4781163817333,0.3027851334022,0.4206424093832,0.3866420999199,0.4139431036008,0.7477465651694,0.2347360198539,-0.0740437043654,0.5902911236158,-0.3703120370615,-0.0139632507645,0.0385488373173,0.2610685063063,-0.0351742487022,0.1226739753523,0.6187542555294,0.3079596417061,-0.0251435748915,0.0803866747995,-0.3576045274542,0.4693029789988,-0.1782761891180,0.0281931821636,-0.2117434601272,-0.1308840565311,-0.1304539727388,-0.0873206651253,-0.3312548350461,0.0289481951535,0.1332663645225,0.0621074078942,-0.2412909463462,-0.2446254193604,0.1530244806844,-0.1141974298768,0.3249716487984,-0.0412276918774,0.3716184686607,0.1173853071541,0.0521931477127,0.6251676649668,0.0453983660608,-0.4120004878825,0.2351844787172,0.0907923760968,0.0462548949375,-0.1057260580590,0.1099992219308
0.2825292311983,0.6567183851316,0.3843756649165,1.0000000000000,0.0767491700556,0.2632895438227,0.1922917793272,0.4462201469952,0.2743614644521,0.3096355613757,0.0760600073732,0.1822005702367,0.1361993163571,0.2227433919906,0.3449270366057,0.2461937454477,-0.0942920368846,0.3534249709850,0.0998751694165,0.3948841804715,0.2434831909374,-0.0766257937217,0.6148575800235,-0.0028412996074,0.4974372327926,0.6695234526756,0.6752602151597,0.4620338233172,0.0543644010134,0.2567772878089,0.4229173352936,-0.1105115022294,0.2297717526692,0.3523490296850,0.5876472126636,0.1782691065896,0.3899289207785,0.1602965165606,0.8065058658642,-0.0559169824885,0.2168974171673,0.0146081796099,0.0919326698835,0.0255758551734,0.2054256161350,-0.0337047314790,0.2022164194771,0.0363230355268,0.1643845847789,0.0176829973445,0.2181756381328,-0.0882625217542,0.3272704835342,-0.0375247157458,0.1246017639438,0.1199484558515,-0.2057813321191,0.4309333416799,-0.1755768203206,0.3961089039201,0.3949320666167,0.3485837966122,0.3944397001349,-0.1301852306303,-0.0735584123576,0.3660709161350,0.1203413080194,0.1930557894805,0.0393596136344,0.5894591212941
0.4711814942207,0.1677881759512,0.0461567650946,0.0767491700556,1.0000000000000,-0.0600115624196,0.2242232545766,0.2510368362437,0.0457933008494,0.3878008980472,0.6504515112691,-0.1122008116417,0.7267094409053,-0.0742134354474,0.2131030416791,0.0841033324717,0.5353966972050,0.0792483982516,-0.0756560525301,-0.0234193845057,0.7303698824534,0.5804890168405,0.2347346786022,0.5712208314646,0.3441398797874,-0.0162913596163,0.0120652558004,0.2389118856598,0.7334868506040,0.4663920486193,0.3823369706223,-0.1795372282588,0.0120904515457,0.3088270235539,0.1747837756304,0.3036321342116,-0.2226336677712,-0.2313723871330,-0.0123131482659,0.9260459326106,-0.1662653163635,0.2546300712105,0.4645236757466,-0.0803028494482,0.4706698202478,0.6133320844012,-0.1503893912370,0.7408209339955,-0.1581176937015,0.0631878729149,0.2769002745045,0.5498456400587,-0.0680213516505,-0.2589998344339,-0.3538649907844,0.6420999245639,0.4092224156081,0.2921605293740,0.3798642761585,0.4936146689934,-0.3551421042469,-0.3682100522101,0.0326671251121,0.7450563372384,0.2318298689856,-0.0077313365219,0.2273244270742,-0.0189427179956,0.2714047530300,0.1540810059401
0.0465814808555,0.2190166232407,0.0227721783860,0.2632895438227,-0.0600115624196,1.0000000000000,0.3722751052154,0.0199770111205,0.7506924377850,-0.0060460113684,0.1856685459156,0.5013123506302,0.0300002327743,0.5721086100916,0.5015465369121,0.4372473365106,-0.2805982232872,-0.0272314679924,0.5556350252577,0.0669118324045,-0.0328514722494,-0.0960475783913,-0.0473199048482,-0.1591953217929,0.0514670903701,0.2916164295456,0.2511452738983,-0.0369084095705,-0.1236668357448,0.1798842844952,0.0410313332899,-0.1215479571329,0.7974452922489,0.0177799141986,0.1246127568416,-0.1103187362748,0.0204019572557,-0.0948000753772,0.1808013607447,-0.1157188883478,0.8592025620141,0.3555073717271,-0.2032910623043,0.6208403004745,-0.0434429277450,0.0576436575964,0.6381684766300,-0.0642419372306,0.2926661094362,0.2128954766197,0.4044405609639,-0.2884984740942,-0.0748260666464,0.3698774372498,-0.1407602112236,-0.1027020115293,-0.2509300729513,-0.1387142562641,-0.3002959729547,-0.0500605705662,-0.0463444251116,0.0233161003778,0.0298335399978,-0.2333105165687,0.0228379597036,-0.0187627874194,0.1484195263951,0.6594704047307,-0.1189604066490,0.1831900676087
0.2780191578826,0.1470604093742,-0.2728765959183,0.1922917793272,0.2242232545766,0.3722751052154,1.0000000000000,-0.0326451772408,0.5111008395528,0.2466364191399,0.6356746772561,0.2661282859257,0.5759331106092,0.3147828076000,0.5095263349589,0.4411502705379,-0.0737389043913,0.0983240374702,0.3179692566335,0.2325166627565,0.2469068548130,0.1902383638978,-0.0516367312332,-0.0098067774573,0.0284196620802,0.1953790571779,0.2676113625134,-0.0209851660764,0.0917509731231,0.5030499268618,-0.0266727786547,0.0299719938085,0.3044593800656,0.1663741948258,0.1811515423383,0.1972386427963,-0.1985475254670,-0.4260062552748,0.1771435634705,0.2226335243513,0.2821421799913,0.7163954030213,-0.0962933603671,0.4881620006034,0.2976134366946,0.5331571656591,0.2299046891332,0.4856605786116,0.2310419165483,0.4103032220734,0.3005205101022,-0.0525035254717,0.0691982540247,0.0731216885390,0.0364355765002,0.1353510052214,0.0537240336948,-0.0496333349151,-0.0636905384937,-0.0093123955134,-0.1508054852632,0.0256927933785,-0.1493729883885,0.1280608476489,0.4014369012225,-0.1200161202700,0.2486650270599,0.2765972643064,0.1497978705252,0.2758022814835
0.3975642914171,0.2931721053455,0.5987316299485,0.4462201469952,0.2510368362437,0.0199770111205,-0.0326451772408,1.0000000000000,-0.0128001388465,0.3775284959811,-0.0111238936392,-0.0294944023815,0.1909159562711,-0.0853639006279,0.2355247071926,0.1419499311754,0.0972369906641,0.3451769297353,-0.0998468732382,0.3157609255488,0.3859669955708,0.0627970486346,0.4925890043602,0.1524429882640,0.6391999180311,0.3821946700549,0.4989751728796,0.5273606847439,0.3944407706426,0.1409227712831,0.6713419533416,-0.2779752802236,0.1129961887810,0.1301465189662,0.3840356997383,0.1046824107432,0.0925451599058,0.2552162753181,0.3405518886877,0.1366755020895,-0.0667420487072,-0.3039202614722,0.6840105063005,-0.2712038342174,0.3247811436599,-0.1142951564988,-0.1435881947310,0.0880206217120,-0.0161612380241,-0.1282187476314,0.0850046476394,0.1101722136655,0.1697729520313,-0.2205860572757,-0.1407263537898,0.2625255238137,-0.1716164003026,0.4014084420616,-0.1980260032445,0.5898101656564,0.0588833905667,0.0581662275948,0.4114818911980,0.1271671405318,-0.1575022414309,0.2499555202959,0.2165322396606,-0.0238585166728,0.0334746801041,0.2564028386881
0.1278431751507,0.2169935704947,0.0492000023043,0.2743614644521,0.0457933008494,0.7506924377850,0.5111008395528,-0.0128001388465,1.0000000000000,-0.0399093022324,0.3747504549997,0.5237031297957,0.1797316240382,0.6220779480257,0.6115892472920,0.4600711869153,-0.1575302574547,0.1297853837699,0.7193589041396,0.2296177603499,0.0854338162049,0.0538747583188,-0.0808401517414,0.0067147434463,0.0031216729837,0.2988924928963,0.3469959283293,0.0118998975856,0.0168901396545,0.2982423554420,0.0525304310616,-0.0042338349545,0.5758331910810,0.0870128661095,0.1772548545351,-0.0243799516052,-0.1256539769067,-0.1229961473598,0.2263219941012,-0.0245780250476,0.6958775698579,0.4966756175810,-0.1660991351963,0.7580987201759,-0.0203180986704,0.2124233647381,0.6373164523853,0.0423724227932,0.3057985448718,0.2602935239260,0.3636412719279,-0.1286343136080,-0.0422057776952,0.3778263315505,-0.1167898633780,-0.0589661630724,-0.1422416717002,-0.1148695834605,-0.1561899137600,-0.0690685619974,-0.0445576280138,0.0136306118911,-0.0124468145168,-0.0738476189834,0.0664665502844,-0.0623465363438,0.2871426503332,0.4733444125534,-0.0556679442965,0.2429884578307
0.3457457213618,0.1135152275131,0.1308043746953,0.3096355613757,0.3878008980472,-0.0060460113684,0.2466364191399,0.3775284959811,-0.0399093022324,1.0000000000000,0.3256440689972,-0.0574855839822,0.4837769799871,0.1974856488993,0.2514857963019,0.3152640220087,0.1721011337006,0.0139335338378,-0.0851199519010,0.0371673215021,0.4799825971900,0.1887926751146,0.3929360414926,0.1189861651182,0.5891417343581,0.3412003691384,0.0706082181676,0.3644708417689,0.2507743885869,0.2463990337529,0.1204504088104,0.0420058943511,-0.0118746020249,0.1763678228896,0.2169913210483,0.1261764501929,-0.0582988330393,-0.0788817146428,0.3674215808685,0.3907143513042,-0.0776028446877,0.1402953032504,0.3722957224103,-0.1478601043351,0.8938950098789,0.2969400375526,-0.1491995692216,0.4482089215126,0.2633548317645,0.0843013568074,0.1980007385451,0.1459617373202,-0.1051472184812,-0.2585046349436,-0.1723941453383,0.4280446026899,0.0815078881848,0.3785619450340,-0.0469172894043,0.6085753461509,0.1349633976649,-0.1981349626134,0.1465020367345,0.1953304023031,0.0452206524472,-0.1712552726995,0.1777026911960,-0.0221481858482,0.1819635379059,0.1954993789266
0.4310469669298,0.1606001244349,-0.1567504871143,0.0760600073732,0.6504515112691,0.1856685459156,0.6356746772561,-0.0111238936392,0.3747504549997,0.3256440689972,1.0000000000000,0.0742894728294,0.7104486795370,0.1796280848111,0.4923007197293,0.2096520297973,0.3289845944932,0.0684709626606,0.1945624580734,0.0994658885650,0.5132933097202,0.5713172965618,0.0583835256535,0.4086626028418,0.1621424730666,0.0034480666929,0.1160315667796,0.1444960969102,0.4686058080786,0.6587273464880,0.1858653844973,-0.0874230150256,0.2134826857338,0.3001253687347,0.1470917583286,0.2771056808213,-0.2715955479740,-0.4188973159392,0.0494960848233,0.6610432640908,0.0724412557886,0.6117348390584,0.1828771014860,0.3229986866385,0.4531701502113,0.9040883906806,0.0218702464424,0.7089458883981,-0.0397049809323,0.3376769259210,0.3019152397620,0.3217938405529,-0.0718999881883,-0.0989008968821,-0.2568781052834,0.4133747496848,0.4029992518109,0.1142988333888,0.2656309571409,0.2188822935419,-0.4603018505342,-0.3261347138303,-0.0478702611977,0.5694989251555,0.4518977055727,-0.0605330150111,0.3246900014371,0.1927784536365,0.2893752292077,0.2219711731033
0.0686519324137,0.1120752907970,-0.1791497502006,0.1822005702367,-0.1122008116417,0.5013123506302,0.2661282859257,-0.0294944023815,0.5237031297957,-0.0574855839822,0.0742894728294,1.0000000000000,0.0072176290438,0.7277859313331,0.3537153007799,0.4917295274202,-0.2859704306383,-0.0509028931619,0.7891639587589,0.2709005541763,-0.0437609544200,-0.0893081534509,-0.1300802200023,-0.1926441037112,-0.0870257245891,0.1737836701508,0.2022301362215,-0.0735771396644,-0.1507928009814,0.3062314089564,-0.0369090493373,0.2841650228251,0.5192599750907,0.0683639738348,0.1559032755262,-0.0287799837130,0.0671058865040,-0.2677274090986,0.2554801179630,-0.1285868012575,0.3765410772761,0.2802751215809,-0.3539657824251,0.3780806796505,-0.0887106349763,-0.0293162409431,0.8318230005588,-0.0398956045375,0.5206715034381,0.3540403565500,0.2998469773265,-0.2004294137315,0.1114696676603,0.7748558359803,0.2454458340407,-0.1462511419434,-0.2430468946241,-0.2135637796937,-0.2800246611949,-0.1543169937964,0.2510751071304,0.1175984916321,-0.0960947429437,-0.2543609572325,0.3369588778984,-0.0500437369274,0.0406649289778,0.2209616922566,0.0670806807686,0.3069572051109
0.4405382449172,0.1592083726806,-0.0885927099869,0.1361993163571,0.7267094409053,0.0300002327743,0.5759331106092,0.1909159562711,0.1797316240382,0.4837769799871,0.7104486795370,0.0072176290438,1.0000000000000,0.0267543243231,0.3256314983260,0.2322191601676,0.2634714096793,0.2084626022279,0.0340076696783,0.1074297491516,0.8345790735324,0.4473236764731,0.0970165962504,0.3493300152227,0.2686798390733,0.0633572427139,0.1331519483250,0.1862618590703,0.5063646719652,0.4819335149800,0.2215193697136,-0.0267862604554,0.0600888543702,0.2958316438838,0.1999023094050,0.3249415772634,-0.2259536225124,-0.2975770471134,0.0864679767672,0.7582402511565,-0.0842254820633,0.4762394043871,0.2861871339018,0.0701031574227,0.5783990008909,0.6620508601608,-0.0517889403785,0.9012735671838,0.0084527755952,0.2293505201557,0.2952688488900,0.2822109403121,0.0319744653074,-0.1823297052336,-0.1748583766403,0.7551973128093,0.2926875585763,0.1182931930624,0.1974623704930,0.3572431285023,-0.2352089006555,-0.1489987706330,0.0193545567123,0.5179178348740,0.3042356284770,-0.1171356398986,0.2461340936418,0.0352113271712,0.2844824679154,0.2067354648037
0.1104057622770,0.1239320556180,-0.0990997180399,0.2227433919906,-0.0742134354474,0.5721086100916,0.3147828076000,-0.0853639006279,0.6220779480257,0.1974856488993,0.1796280848111,0.7277859313331,0.0267543243231,1.0000000000000,0.5541810860378,0.4806602536940,-0.2134226918293,-0.1150841697299,0.8010103061761,0.2159895775413,-0.0150041363893,-0.0177251505360,-0.0811676683601,-0.1340037960550,0.0205188267129,0.4297990104357,0.1471731803614,0.0641609560788,-0.1299193702610,0.2734483243053,-0.1045264229672,0.3212823284490,0.4937403433222,0.0409335882123,0.1362683118881,-0.1137898799410,-0.0492261460964,-0.1816296333391,0.3090354594339,-0.1066246314346,0.4979129790664,0.2994236015163,-0.3040876556672,0.4332065061064,0.1163892333070,0.0325095209436,0.7098767867815,-0.0715929475066,0.7280296339205,0.2808104234661,0.2665628686053,-0.1715471056516,-0.1284383526799,0.5767285653773,0.0234172228484,-0.1463700903565,-0.1836172477399,-0.1326010063007,-0.2460837560203,-0.0681363082895,0.2505274907202,-0.0818908291120,-0.0174753169904,-0.2025257533153,0.1129444320558,-0.2210879866652,0.3160973328777,0.3149882322152,-0.0268653845839,0.2233566210692
0.5879035330974,0.2723493537479,0.0925045490991,0.3449270366057,0.2131030416791,0.5015465369121,0.5095263349589,0.2355247071926,0.6115892472920,0.2514857963019,0.4923007197293,0.3537153007799,0.3256314983260,0.5541810860378,1.0000000000000,0.4449794623304,-0.0598073984422,0.2837834052362,0.5242621076881,0.5386597703066,0.2125182798600,0.1685994535788,0.0633111736038,0.0362340670515,0.1069252078806,0.5125532321065,0.3921420153406,0.2863531757142,0.0938211260877,0.6630037802357,0.2145019883485,-0.2049645772123,0.5376123906022,0.3145647443482,0.3539929217183,0.2082154968352,-0.1925736382190,-0.2726383780276,0.2670591741357,0.1233143717946,0.4551032467452,0.2857610332693,0.0460345621914,0.4321693588744,0.2153512910287,0.3407572970909,0.3592269757340,0.1738796799309,0.4446900487207,0.4624468785000,0.3841798130172,-0.0328210660260,-0.0085424491290,0.1997432073786,-0.1278182812252,0.0615341367059,-0.0259913243575,-0.0421074402189,-0.1613007434314,0.0283441918576,-0.0924578517631,-0.1899356067597,0.1263321680181,0.0466575316161,0.3113789269811,-0.0729675651569,0.5883084088261,0.4485003209902,0.1533964562047,0.3411746281905
0.2014275995029,0.1732925237754,-0.0101802569542,0.2461937454477,0.0841033324717,0.4372473365106,0.4411502705379,0.1419499311754,0.4600711869153,0.3152640220087,0.2096520297973,0.4917295274202,0.2322191601676,0.4806602536940,0.4449794623304,1.0000000000000,-0.0591250858663,0.0293986639015,0.3991178842582,0.1054734285090,0.0970584745606,0.0382682876167,-0.0050393434654,-0.0508271352894,0.1382863716486,0.3322166468446,0.2040657285153,0.0650130218938,-0.0449789502676,0.3197042832507,-0.0128982229997,-0.0047390893041,0.4401551022026,0.1311220944587,0.1315758978042,0.0509001528265,-0.0280669293912,-0.1882057503576,0.2528308066504,0.0246168655248,0.3829947263243,0.4562415730602,0.0116305582348,0.4114200860724,0.2890134342830,0.1237249595977,0.4993931047919,0.1859044833804,0.5167027223711,0.3642746152341,0.7362461434380,-0.0108706847332,-0.0030524241090,0.2748445557169,-0.0924370899377,-0.0051706057695,-0.1407644012706,-0.0787440428952,-0.1888834227098,0.1363431792825,0.1443173968136,-0.0661642766410,-0.0240870529776,-0.1166746119250,0.2766213184100,-0.2291546122052,0.2814954973184,0.3328330859271,0.0642831426056,0.2057327054838
0.3393758236906,0.0042183026383,0.1888865350945,-0.0942920368846,0.5353966972050,-0.2805982232872,-0.0737389043913,0.0972369906641,-0.1575302574547,0.1721011337006,0.3289845944932,-0.2859704306383,0.2634714096793,-0.2134226918293,-0.0598073984422,-0.0591250858663,1.0000000000000,-0.0339640933779,-0.2060092504250,-0.2220276189598,0.3088122677847,0.7389597507410,0.3182206265846,0.8198301696467,0.2498049317233,-0.1582450595388,-0.1953503409515,0.3484927103212,0.6784969908883,0.2903162410310,0.4268928039665,-0.1766269571959,-0.1634806572714,0.2348466352121,0.0444971695700,0.2658090157002,-0.1418591185129,0.1019584746674,-0.1593742261028,0.5513963567131,-0.2656634020637,0.0570348289505,0.4282057081075,-0.1860484620276,0.2362619211166,0.4082301384182,-0.2524579788962,0.4090854495839,-0.3162906305574,-0.1164839640535,0.1375019552098,0.9472142649413,-0.1988788476169,-0.3351374588006,-0.3980058515974,0.2844239837372,0.7070389884241,0.4041176629124,0.7324505545310,0.4462483195630,-0.3464985644690,-0.3888817830874,0.2309779864488,0.7636160677905,0.1398248677972,0.0755171667148,0.0422009964105,-0.0694187000096,0.2374723982880,-0.0318336068930
0.3858900931888,0.5160715268466,0.3687516820780,0.3534249709850,0.0792483982516,-0.0272314679924,0.0983240374702,0.3451769297353,0.1297853837699,0.0139335338378,0.0684709626606,-0.0509028931619,0.2084626022279,-0.1150841697299,0.2837834052362,0.0293986639015,-0.0339640933779,1.0000000000000,0.0588278577901,0.6254027473240,0.2690246685752,0.0103704011629,0.2414135081152,0.1135343738352,0.1100412480041,0.2735857529874,0.5240345099502,0.3957335470481,0.0571801004720,0.2398935831394,0.3420662648729,-0.0908377834062,-0.0257532255061,0.3891475316102,0.4245878590041,0.3134277418486,0.2059588674100,0.2191077403485,0.2829789521606,0.0285735619957,-0.0133627960413,-0.0613276693758,0.1395622084725,-0.0947924281678,-0.0230875358995,0.0284802884544,-0.0517626632153,0.1413283704652,-0.0275782723676,0.0072904540596,0.0288523733814,-0.0218158481599,0.5742945837755,-0.0492099360516,0.2648926662333,0.2694802266441,-0.0451722977642,0.0192328936071,0.0023855186003,0.0249591824645,0.1367709998139,0.3439456527874,0.2135228347112,-0.0426849519223,0.0341296203671,0.2606545568498,0.1261496955787,-0.0554251333976,0.1616056159037,0.3522648177619
0.0946906516424,0.0644515745730,-0.0778462508750,0.0998751694165,-0.0756560525301,0.5556350252577,0.3179692566335,-0.0998468732382,0.7193589041396,-0.0851199519010,0.1945624580734,0.7891639587589,0.0340076696783,0.8010103061761,0.5242621076881,0.3991178842582,-0.2060092504250,0.0588278577901,1.0000000000000,0.3400758475411,-0.0359716525681,-0.0148123824129,-0.1721627582246,-0.1105919600122,-0.1300834608610,0.1650482267250,0.1737716378232,-0.0431051121571,-0.1206958797714,0.2984924431678,-0.0738583022070,0.2474213289298,0.4400180012633,0.0269683446681,0.0775197240411,-0.0973997129824,-0.0840826051307,-0.1286608734054,0.1580366227974,-0.0986428552876,0.4608345224986,0.3084300072201,-0.3233759647523,0.5342342329323,-0.1082581296263,0.0679748146970,0.7531290653132,-0.0554484424189,0.5389902972981,0.2909135357515,0.2309165797057,-0.1581827275179,-0.0238041997582,0.7309519868555,0.0616158145625,-0.1437285980847,-0.1573190817655,-0.2298786548222,-0.2117685131359,-0.2001942670721,0.1033245827679,0.0402306530686,-0.0784839924671,-0.1787067568856,0.1818975627453,-0.1215870049633,0.2072092558200,0.1972359821678,-0.0223922608990,0.1782045044239
0.4430831976137,0.3238360129178,0.2209177785011,0.3948841804715,-0.0234193845057,0.0669118324045,0.2325166627565,0.3157609255488,0.2296177603499,0.0371673215021,0.0994658885650,0.2709005541763,0.1074297491516,0.2159895775413,0.5386597703066,0.1054734285090,-0.2220276189598,0.6254027473240,0.3400758475411,1.0000000000000,0.1588479928236,-0.1405322878399,0.1912853033916,-0.1203522597449,0.0044402249118,0.4970724884767,0.5918011701600,0.3298237398966,-0.0772591302411,0.4275044446461,0.2499078972874,-0.0504105626992,0.1080704139557,0.2553592247080,0.5323352554730,0.1768248682044,0.0436261026678,-0.0216200758225,0.4504969075934,-0.1005014788500,0.0279295649604,-0.0838957432654,-0.0381626700890,-0.0037441143060,-0.0313758632654,-0.0378683619672,0.0984948823523,-0.0538881325961,0.2363537762936,0.0980995892979,-0.0395049973100,-0.1640232591000,0.4391166846364,0.1797428208908,0.3655369455866,0.0251338376664,-0.2374847032805,0.0205930596140,-0.2556836059869,-0.0803885323861,0.2468248209213,0.2150099633853,0.1499543191662,-0.1788641635130,0.1391494821159,0.1782268329839,0.3193429206999,-0.0526565434723,0.1975676694860,0.4977176512523
0.4507639392679,0.2294054015252,0.1869982892854,0.2434831909374,0.7303698824534,-0.0328514722494,0.2469068548130,0.3859669955708,0.0854338162049,0.4799825971900,0.5132933097202,-0.0437609544200,0.8345790735324,-0.0150041363893,0.2125182798600,0.0970584745606,0.3088122677847,0.2690246685752,-0.0359716525681,0.1588479928236,1.0000000000000,0.4093220322505,0.2662677576714,0.4246336752857,0.4018962986648,0.1366431402722,0.1377462573609,0.3440383680947,0.5835049925727,0.3834236149923,0.4187754238082,-0.0749667429624,0.0225156918801,0.3507013734504,0.3407068102005,0.3133655666191,-0.1290107210914,-0.0504229353614,0.2002189382113,0.7311700158249,-0.1519031154459,0.1880902208402,0.4317654006503,-0.1559215869951,0.5420965878190,0.4589001250026,-0.0970987053859,0.7492061952348,-0.0926712184209,-0.0106279438952,0.1905501441046,0.3178139743175,0.0721964897463,-0.2226487696380,-0.2140545834228,0.9009262965461,0.2200064048341,0.2671147923362,0.1780952941558,0.5028490765872,-0.1274960830474,-0.1551962465303,0.1872853845516,0.4944924607359,0.0926584437253,0.0147792960106,0.1673403222934,-0.0360378627172,0.2931365354442,0.2898602086029
0.4092634466407,0.1352496567730,0.0397034213151,-0.0766257937217,0.5804890168405,-0.0960475783913,0.1902383638978,0.0627970486346,0.0538747583188,0.1887926751146,0.5713172965618,-0.0893081534509,0.4473236764731,-0.0177251505360,0.1685994535788,0.0382682876167,0.7389597507410,0.0103704011629,-0.0148123824129,-0.1405322878399,0.4093220322505,1.0000000000000,0.1688147375722,0.8842911099501,0.1734873875691,-0.1422350119898,-0.1405730898053,0.2436772194785,0.7090722296794,0.5064401785312,0.4504153017076,-0.1093667014351,0.0278791820933,0.3969024376533,0.1236968651465,0.3079367027283,-0.1381381274079,-0.1809081498321,-0.1438196084314,0.6099511629210,-0.1464965093261,0.2586453834256,0.3187101711208,-0.0055854957747,0.3017615597789,0.6037341788845,-0.1125977507054,0.5494044268700,-0.2362227341227,0.1165696815426,0.2181003843444,0.7077012143712,-0.1471260055204,-0.2080711122679,-0.3981318970855,0.3474516757382,0.8362210910358,0.2891945295577,0.7520637894167,0.3029128090548,-0.5009586307229,-0.4757678576791,0.1139474059491,0.7726977986670,0.3632534418956,0.0528161408254,0.2207480411085,0.0787657679514,0.3464948986044,0.1216775950316
0.3375561096206,0.5126120508710,0.4781163817333,0.6148575800235,0.2347346786022,-0.0473199048482,-0.0516367312332,0.4925890043602,-0.0808401517414,0.3929360414926,0.0583835256535,-0.1300802200023,0.0970165962504,-0.0811676683601,0.0633111736038,-0.0050393434654,0.3182206265846,0.2414135081152,-0.1721627582246,0.1912853033916,0.2662677576714,0.1688147375722,1.0000000000000,0.2795370844161,0.5862449694838,0.3716273703734,0.3403190932794,0.5483301421176,0.2824377060538,0.2331933420170,0.5438295293026,-0.1363119555836,-0.0876535329991,0.3688353960021,0.4939343379266,0.2548063554824,0.3912520663979,0.3116323865853,0.5592596729805,0.1586908768827,-0.1069230565891,-0.1599790369736,0.3574414233076,-0.2828601871903,0.2820332720595,0.0328344170468,-0.1358963833034,0.1169512050170,-0.1595344747629,-0.1403038724226,0.0381598469079,0.2759835109572,0.2197380036596,-0.2571460609964,0.0095481496468,0.2162033197336,0.1132472225091,0.8328331508609,0.1553136547984,0.6150002247989,0.1799772708752,0.1584125646367,0.4597738267805,0.1811274135695,-0.0656342806540,0.5109326974178,-0.0658751582081,-0.0332911489600,0.1645775530604,0.4709061274612
0.3392798705885,0.2089097130915,0.3027851334022,-0.0028412996074,0.5712208314646,-0.1591953217929,-0.0098067774573,0.1524429882640,0.0067147434463,0.1189861651182,0.4086626028418,-0.1926441037112,0.3493300152227,-0.1340037960550,0.0362340670515,-0.0508271352894,0.8198301696467,0.1135343738352,-0.1105919600122,-0.1203522597449,0.4246336752857,0.8842911099501,0.2795370844161,1.0000000000000,0.2467943631743,-0.0691048402786,-0.0591905461494,0.4112360443699,0.7950767836408,0.3436442770285,0.5781731572266,-0.2237621796376,-0.0620738887522,0.3241087820414,0.1516110681243,0.2132081511985,-0.0789700198495,0.0568172011862,-0.0980345679944,0.5711835843752,-0.1660700196303,0.0958514622242,0.4103312092591,-0.1046059118063,0.1930180462934,0.4404291778672,-0.1824753311585,0.4340809599731,-0.3130353931881,-0.1164725412958,0.1683484500300,0.7744658148607,-0.1273707856639,-0.3026395973589,-0.4563003205881,0.3636202805786,0.7208816265315,0.3545246955301,0.7584476794202,0.3772623147561,-0.4186629898306,-0.4311439696186,0.2440464503455,0.7940685764541,0.1397952110651,0.1013340267926,0.1532674885579,0.0119785026290,0.2483093037037,0.0934573971974
0.1468965712881,0.3416747965580,0.4206424093832,0.4974372327926,0.3441398797874,0.0514670903701,0.0284196620802,0.6391999180311,0.0031216729837,0.5891417343581,0.1621424730666,-0.0870257245891,0.2686798390733,0.0205188267129,0.1069252078806,0.1382863716486,0.2498049317233,0.1100412480041,-0.1300834608610,0.0044402249118,0.4018962986648,0.1734873875691,0.5862449694838,0.2467943631743,1.0000000000000,0.2961881868604,0.3934698658511,0.4984668816894,0.5012856970888,0.0311347104239,0.4627277895862,-0.1510502522729,0.0461412001614,0.1319302487358,0.1664725742463,-0.0968993341085,0.1562404406559,0.2949077158137,0.4395569200723,0.2904613371350,-0.0496132868046,-0.1101624769822,0.6106385072423,-0.1759924522261,0.5815223641281,0.0309416716282,-0.1603193885489,0.2298581075309,0.0135212163022,-0.1740742736960,0.0611650960607,0.1729651301867,0.0508581217652,-0.3346572861957,-0.2279701296062,0.3241173949587,-0.0482358100302,0.5857246935751,-0.0314451171634,0.8827950688080,-0.0099788185598,0.0500535802871,0.4431702183098,0.3234720064856,-0.2489118206365,0.2009070205188,0.1037497997329,-0.0265353702888,-0.1023736167895,0.1298953195634
0.3763052582805,0.5140492140875,0.3866420999199,0.6695234526756,-0.0162913596163,0.2916164295456,0.1953790571779,0.3821946700549,0.2988924928963,0.3412003691384,0.0034480666929,0.1737836701508,0.0633572427139,0.4297990104357,0.5125532321065,0.3322166468446,-0.1582450595388,0.2735857529874,0.1650482267250,0.4970724884767,0.1366431402722,-0.1422350119898,0.3716273703734,-0.0691048402786,0.2961881868604,1.0000000000000,0.6053480308494,0.4858136994157,-0.0371991110120,0.2165441067754,0.3337653236104,-0.2149987087265,0.2236488608721,0.1809472189853,0.5672009900693,0.0538562170727,0.2030135732949,0.0946498417182,0.6578448644222,-0.1404529470337,0.3197766092628,-0.0831275612316,0.0356341044800,0.0981702987442,0.1940270000349,-0.1430824146112,0.1923465634273,-0.1157320704584,0.4895990860322,0.0131008451608,0.1909152547719,-0.1237274957903,0.1864906766053,-0.0191171130932,0.0654668311694,-0.0136943672123,-0.2705379756245,0.2215843009782,-0.2780987420341,0.1986664875377,0.4887434248606,0.1231204452245,0.3461019871929,-0.2137077550397,-0.1350828103287,0.1248010530095,0.4240347939473,0.1909470548192,-0.0048021615651,0.5281744994384
0.2501696124631,0.5930186356457,0.4139431036008,0.6752602151597,0.0120652558004,0.2511452738983,0.2676113625134,0.4989751728796,0.3469959283293,0.0706082181676,0.1160315667796,0.2022301362215,0.1331519483250,0.1471731803614,0.3921420153406,0.2040657285153,-0.1953503409515,0.5240345099502,0.1737716378232,0.5918011701600,0.1377462573609,-0.1405730898053,0.3403190932794,-0.0591905461494,0.3934698658511,0.6053480308494,1.0000000000000,0.4594759401682,0.0757458521859,0.2055562263638,0.4171810187020,-0.1829194775332,0.2056850209543,0.1333212212130,0.4400054528748,0.0460382093938,0.2557956952621,0.1435256386024,0.5685759754255,-0.1091305519680,0.1969649402193,-0.0486152600761,0.1345562652827,0.1099590298264,0.0035305242188,-0.0679843730682,0.1225775139751,-0.0215000093141,0.1701426838717,-0.0220452193510,0.0919013238087,-0.1608614186198,0.3965869457393,-0.0326857372817,0.1923303210531,0.0045502053683,-0.3181796421092,0.1583650549145,-0.2836858045484,0.2103492349602,0.2254314904200,0.4961209232569,0.3376422425731,-0.1156101683518,-0.1031789484456,0.2942923375257,0.2553817104472,0.1157216843093,-0.1243179361520,0.4170696990550
0.4148641158807,0.4348448205551,0.7477465651694,0.4620338233172,0.2389118856598,-0.0369084095705,-0.0209851660764,0.5273606847439,0.0118998975856,0.3644708417689,0.1444960969102,-0.0735771396644,0.1862618590703,0.0641609560788,0.2863531757142,0.0650130218938,0.3484927103212,0.3957335470481,-0.0431051121571,0.3298237398966,0.3440383680947,0.2436772194785,0.5483301421176,0.4112360443699,0.4984668816894,0.4858136994157,0.4594759401682,1.0000000000000,0.3898942354831,0.2255971887431,0.5627458608366,-0.1534420990588,-0.0118137149246,0.2563456240928,0.3800868494313,0.1769758195286,0.1210482088887,0.3237675844374,0.4050803740233,0.1871214651856,-0.0690395887579,-0.1754978839310,0.4202754116819,-0.2529415452926,0.2630064834896,0.0746484587737,-0.1144386864745,0.1618582983313,0.0442940951943,-0.0915878655460,0.0303908703890,0.3044142116716,0.0889369434647,-0.2462929688629,-0.1217047329550,0.2857497697196,0.0744462927255,0.3881859140974,0.0974420474556,0.4223835688413,0.1565932381096,-0.0022456808426,0.6857750344423,0.2624055587782,-0.1196304983716,0.1459982201646,0.1236012472766,0.0246541769943,0.0908382774368,0.2684581195474
0.3902708093662,0.1401667809049,0.2347360198539,0.0543644010134,0.7334868506040,-0.1236668357448,0.0917509731231,0.3944407706426,0.0168901396545,0.2507743885869,0.4686058080786,-0.1507928009814,0.5063646719652,-0.1299193702610,0.0938211260877,-0.0449789502676,0.6784969908883,0.0571801004720,-0.1206958797714,-0.0772591302411,0.5835049925727,0.7090722296794,0.2824377060538,0.7950767836408,0.5012856970888,-0.0371991110120,0.0757458521859,0.3898942354831,1.0000000000000,0.3065273972036,0.6030612954207,-0.1851394193416,0.0116162180671,0.1852338628547,0.1535340690941,0.1293103712158,-0.1813767177231,-0.0552014296659,-0.0650445663936,0.7026244023613,-0.2150878985080,0.0527456281222,0.5977051233504,-0.1609043059329,0.3338246950961,0.4258949899970,-0.2335055559808,0.5180057928292,-0.2661221844753,-0.1507184472521,0.0969323662205,0.6608035014056,-0.1485297042383,-0.3450739468667,-0.4654641798303,0.4874093037138,0.4676965721049,0.4149832287611,0.4784272828820,0.5625489781374,-0.4303578994645,-0.4080280525398,0.1691916901068,0.9047340395211,0.0547264404771,0.0653030873767,0.2304708396363,-0.0470893830093,0.1226466408850,0.0686034940383
0.7186776276636,0.2974586171037,-0.0740437043654,0.2567772878089,0.4663920486193,0.1798842844952,0.5030499268618,0.1409227712831,0.2982423554420,0.2463990337529,0.6587273464880,0.3062314089564,0.4819335149800,0.2734483243053,0.6630037802357,0.3197042832507,0.2903162410310,0.2398935831394,0.2984924431678,0.4275044446461,0.3834236149923,0.5064401785312,0.2331933420170,0.3436442770285,0.0311347104239,0.2165441067754,0.2055562263638,0.2255971887431,0.3065273972036,1.0000000000000,0.3631484554856,-0.0895715928891,0.3474227127846,0.6304066575570,0.5351435318681,0.5258225911991,-0.0820896044779,-0.4022857847722,0.2330775750815,0.4197915362517,0.0646935574845,0.3988474841957,0.0976112355872,0.1359308781512,0.2646902037602,0.6117627644001,0.1967901328859,0.4681306198911,0.0731578563107,0.4257203214632,0.3650406549077,0.3426228132195,0.1163799186689,0.1022631983067,-0.0306385026141,0.2409573506179,0.3898579799635,0.1877947354367,0.2489292514464,0.0944679459371,-0.1962966044705,-0.2376583926999,0.0174627125127,0.3481382244037,0.7268270838887,0.1627962297278,0.2999043993584,0.2493394544919,0.6038073323045,0.5762335989615
0.5029418740006,0.4645828853126,0.5902911236158,0.4229173352936,0.3823369706223,0.0410313332899,-0.0266727786547,0.6713419533416,0.0525304310616,0.1204504088104,0.1858653844973,-0.0369090493373,0.2215193697136,-0.1045264229672,0.2145019883485,-0.0128982229997,0.4268928039665,0.3420662648729,-0.0738583022070,0.2499078972874,0.4187754238082,0.4504153017076,0.5438295293026,0.5781731572266,0.4627277895862,0.3337653236104,0.4171810187020,0.5627458608366,0.6030612954207,0.3631484554856,1.0000000000000,-0.4119161247925,0.1447444265978,0.3441762081564,0.5330759506349,0.1847209838382,0.1897609174733,0.2425876019299,0.2740883745088,0.3120391807665,-0.0320150707439,-0.1957590133698,0.5190095625348,-0.2022185610633,0.1167774979130,0.0949707146125,-0.0953465296468,0.2074337571514,-0.2185069862008,-0.2186517873469,0.1152153324545,0.4141517136115,0.2000660679066,-0.2320076015789,-0.2540336393089,0.3090651730267,0.2261612252571,0.4786392737043,0.2149458618934,0.4869545935663,-0.1259255173400,-0.0886717084638,0.4591323583509,0.4093571693932,-0.0292441865127,0.5670152280256,0.2295942266046,0.0695407622135,0.1704795972295,0.4133376906721
-0.1853968601495,-0.1130979344291,-0.3703120370615,-0.1105115022294,-0.1795372282588,-0.1215479571329,0.0299719938085,-0.2779752802236,-0.0042338349545,0.0420058943511,-0.0874230150256,0.2841650228251,-0.0267862604554,0.3212823284490,-0.2049645772123,-0.0047390893041,-0.1766269571959,-0.0908377834062,0.2474213289298,-0.0504105626992,-0.0749667429624,-0.1093667014351,-0.1363119555836,-0.2237621796376,-0.1510502522729,-0.2149987087265,-0.1829194775332,-0.1534420990588,-0.1851394193416,-0.0895715928891,-0.4119161247925,1.0000000000000,-0.1194605972588,-0.0137819099685,-0.1030355131804,0.1146049731912,0.1365303171882,-0.1305225186480,0.0480926285234,-0.1033443536566,-0.2369578118687,0.1471425042790,-0.3511820798354,-0.1666996959898,0.0161596248702,-0.0549646385810,0.1738394363328,0.0335833339405,0.1522298554300,0.1712382070253,-0.1839085589297,-0.0997237544975,0.0383979818512,0.3196056189402,0.4513432982517,-0.0300228172807,-0.0532815542068,-0.0640423656741,-0.0203905747249,-0.1637816944771,0.3372858498855,0.1884831529331,-0.2004240256232,-0.1632785119709,0.1105182595176,-0.1808990005638,-0.2643421289302,-0.2708924353017,0.0796486070514,0.0122463213135
0.2043591690293,0.1449006872398,-0.0139632507645,0.2297717526692,0.0120904515457,0.7974452922489,0.3044593800656,0.1129961887810,0.5758331910810,-0.0118746020249,0.2134826857338,0.5192599750907,0.0600888543702,0.4937403433222,0.5376123906022,0.4401551022026,-0.1634806572714,-0.0257532255061,0.4400180012633,0.1080704139557,0.0225156918801,0.0278791820933,-0.0876535329991,-0.0620738887522,0.0461412001614,0.2236488608721,0.2056850209543,-0.0118137149246,0.0116162180671,0.3474227127846,0.1447444265978,-0.1194605972588,1.0000000000000,0.0854245496524,0.1781189418694,0.0150228654329,-0.0082425832136,-0.2181397221150,0.1406374799934,-0.0396807878075,0.6901590066595,0.3063460090580,-0.0765006106607,0.4357200472904,-0.0277542948012,0.1206763860455,0.5835369911295,-0.0146271593710,0.2464963041959,0.2841193989497,0.4318132097155,-0.1515686181910,-0.0761512644191,0.3185866009990,-0.1457053031911,-0.0838063370409,-0.1387061467050,-0.1696641899031,-0.2149450645752,-0.0179671338081,-0.1149712186927,-0.1155754351427,0.0239762922767,-0.1002079195546,0.2146069555311,-0.0188759240349,0.2207255060730,0.7348962356790,0.0333994737674,0.2203390304424
0.4547570472161,0.4325326050372,0.0385488373173,0.3523490296850,0.3088270235539,0.0177799141986,0.1663741948258,0.1301465189662,0.0870128661095,0.1763678228896,0.3001253687347,0.0683639738348,0.2958316438838,0.0409335882123,0.3145647443482,0.1311220944587,0.2348466352121,0.3891475316102,0.0269683446681,0.2553592247080,0.3507013734504,0.3969024376533,0.3688353960021,0.3241087820414,0.1319302487358,0.1809472189853,0.1333212212130,0.2563456240928,0.1852338628547,0.6304066575570,0.3441762081564,-0.0137819099685,0.0854245496524,1.0000000000000,0.5426885109126,0.5231792507905,0.2028656756126,-0.0780478313180,0.2836498120847,0.2564831764982,-0.0526824793473,0.1564140007839,0.0549901553512,-0.0891164853443,0.1904007077808,0.2988301691271,0.0643728079271,0.3180565109675,-0.0979633981028,0.2420856680777,0.1955498732649,0.2574732021917,0.3643562390284,-0.0000871027006,0.1439261502746,0.3070190835310,0.3655688044875,0.3356371197198,0.3550320094095,0.1557345816992,-0.0126559512618,-0.0184834502972,0.1717421282937,0.1891574843355,0.4743946044465,0.3416923750410,0.0580829074390,0.0722703530932,0.6775911622048,0.5671900921099
0.5568117634302,0.5110871094539,0.2610685063063,0.5876472126636,0.1747837756304,0.1246127568416,0.1811515423383,0.3840356997383,0.1772548545351,0.2169913210483,0.1470917583286,0.1559032755262,0.1999023094050,0.1362683118881,0.3539929217183,0.1315758978042,0.0444971695700,0.4245878590041,0.0775197240411,0.5323352554730,0.3407068102005,0.1236968651465,0.4939343379266,0.1516110681243,0.1664725742463,0.5672009900693,0.4400054528748,0.3800868494313,0.1535340690941,0.5351435318681,0.5330759506349,-0.1030355131804,0.1781189418694,0.5426885109126,1.0000000000000,0.4080795779849,0.3078607795536,0.0207347372350,0.5318630601476,0.0729688911072,0.0741666132958,-0.0176779017134,0.1242566206194,-0.1430801137401,0.1129025950868,0.0748074445265,0.0950276866571,0.0999120442664,-0.0074772500890,-0.0157605987451,0.1185157712889,0.0960855863799,0.3396625246115,-0.0158583016875,0.1564420626067,0.2048238027980,0.0664097002504,0.3930845549906,0.0341295047319,0.1915083970424,0.3084822574784,0.1252335321243,0.2703187913927,0.0039146263109,0.1631470990512,0.4391675064208,0.1213003453690,0.1066847758057,0.4332746468997,0.8614975490983
