1.0000000000000,0.2845817647641,0.2891487846283,0.4100288506484,-0.1107782975140,0.1720378834409,0.0906258499999,0.3928993012057,0.1416985416121,-0.1393148458157,-0.1311209330249,0.3132382603937,0.0519160848261,0.2152390109552,0.5466200880285,0.0724839121962,0.2536268920408,0.5127689308925,0.4443795562655,0.4881629583022,0.0895098932336,0.2219149073262,0.3521123066633,0.3710726920854,-0.0372871662350,0.3965098501737,0.3354775447136,0.3663567911008,0.1125032824514,0.6158703185992,0.5410266609006,-0.1091269575428,0.2350326976685,0.3328607753760,0.3384681629338,0.1926943136379,0.0604510712720,0.0044173359965,0.2952345060420,-0.1158560349916,-0.0862773005685,-0.3839872259321,-0.4027521566958,-0.4294400443125,-0.0978280183433,-0.4274619777208,-0.2051594498813,-0.1383120720811,-0.2204192006808,-0.2615340189828,-0.2559137202432,0.2853875586197,0.2621618407092,-0.2032120241137,-0.0429353029986,-0.0919811406769,0.1141504003510,0.2004137190545,0.1721158405691,-0.0071909708090,-0.0214556392408,-0.2484960213017,0.3163960262478,-0.0396576979893,0.0026660780834,-0.1113209076978,-0.1275123128917,-0.0638469702380,0.1170151804724,0.1995014965316
0.2845817647641,1.0000000000000,0.1610612558185,0.6472320148529,-0.2960736164295,0.4238088535853,0.1425434582269,0.1003053472210,0.0363129098875,-0.0128225426210,-0.2089202250134,0.4226173381675,-0.1292121570784,0.3389981332889,0.2729436359435,0.3369941503581,0.1081583526107,0.3882939756909,0.2200106046356,0.3406005051490,-0.2190556141844,0.0799006901518,0.5240444169810,0.2837312350908,-0.0045188875801,0.7145510916549,0.5791309537454,0.3539873101649,-0.0038783078382,0.4892371746889,0.4913184507893,0.0244128758897,0.3602914763989,0.2252637807994,0.8085320702481,-0.0748719748104,0.6182879376390,-0.1422905922578,0.5552189576853,-0.3496076146846,0.2240530383840,-0.1825702219337,-0.3991263262227,-0.2829154433324,0.0931591472312,-0.4093474668603,-0.0322857025369,-0.2728397817267,-0.1514654773765,-0.4672844283471,0.0646324162145,0.0351619598856,0.3488463563296,-0.2881141989400,-0.0848304248302,-0.3541403981427,-0.1101057840329,0.4307743913748,-0.0691774388357,-0.0364781936787,0.5514879694525,-0.2176176032046,0.2094910977679,-0.0850171119985,-0.0540817004310,0.1155810325937,-0.1181447802548,-0.0667953187135,0.0552768655327,0.6183425610708
0.2891487846283,0.1610612558185,1.0000000000000,0.3669282523738,-0.0688222190658,0.3129790210341,-0.1243259054818,0.6041906659978,0.1529151693060,0.0836141295241,-0.3805112694760,0.4267971748230,-0.0975763015514,0.3851592734848,0.3314606770438,0.2173226396885,0.3096528730501,0.4539310735150,0.3323152370124,0.2331636388169,-0.0371645480917,0.1126910816919,0.3501402734803,0.4526857058035,0.2150986495086,0.4396889673670,0.6653764545638,0.8312589992531,0.3894690023172,-0.0173082820121,0.3175365172174,0.1537537555921,0.2480114252440,0.0165133930784,0.1992916235334,-0.4029882242630,-0.0435455313539,0.4510223923549,0.2853984826385,-0.2136743876527,-0.1249499554377,-0.5678454124318,-0.1845922099486,-0.4029186177016,0.0720463768480,-0.6601149160416,-0.2456598153478,-0.3555565951259,0.0057568165877,-0.3038943273125,-0.1370429916538,0.1966813156840,0.0681973324434,-0.1984461042440,-0.2232016737835,-0.2506799897405,-0.0636060648036,0.2027101498198,0.0521523640979,0.0226745713677,0.0795138633970,-0.0555053268921,0.6990998495888,0.0252580965320,-0.4911010255468,-0.3120810113172,0.0911466888059,-0.4230231489304,-0.2185056772787,-0.2106116951111
0.4100288506484,0.6472320148529,0.3669282523738,1.0000000000000,-0.2057035290609,0.3622399976949,0.0988877889492,0.4669738227231,0.1889859197717,0.2361483997070,-0.1809465421174,0.4326354959273,-0.0838498622987,0.4364463881889,0.4074745710757,0.4959793836165,0.1113135240694,0.4783014522698,0.2252141737410,0.3406357947870,-0.0826050249755,-0.0374098223828,0.6328677826795,0.2823666716251,0.1697910635918,0.8006107979662,0.6101754629707,0.4051095315693,0.0376647773850,0.3158368344793,0.5973127419347,0.0794054189050,0.3556776705448,0.1679554131482,0.6583800360678,-0.0484989924437,0.3182812739695,-0.0038628360767,0.8503137971790,-0.2665820856667,0.1546158043133,-0.3403853580962,-0.3035217983105,-0.3384383332827,0.3598019590646,-0.4950933893060,-0.0338315666639,-0.2957050042425,-0.0966455755783,-0.3715964443287,0.0951407435283,0.0861053227727,0.3412558533409,-0.3074394565087,-0.2143649188684,-0.2730377161129,-0.2387819548682,0.3987390343423,-0.1303744899309,0.1363419948965,0.4669075468138,-0.1862432405348,0.2997111372373,-0.1691510065211,-0.2961643186605,-0.1007887992439,0.1084918360564,-0.0897988763262,-0.1430879427713,0.4676426036569
-0.1107782975140,-0.2960736164295,-0.0688222190658,-0.2057035290609,1.0000000000000,-0.4002509098870,0.0284330199711,0.0606997512788,-0.1328029736041,0.4289420252377,0.2503834813915,-0.2754000749187,0.5940577849035,-0.0971917442058,-0.2669580418083,-0.0743862726862,0.2652055440073,-0.2570380353284,-0.2994231126012,-0.1974205039654,0.6603909577823,0.3081946278395,0.0815119268742,0.0839343004029,0.6332637968061,-0.3377554778259,-0.2397665922009,-0.1373004576813,0.4520504447824,-0.0575057093401,-0.0920754911406,-0.0463716134999,-0.3685502750916,0.1166952534267,-0.3697423985447,0.2683822659000,-0.0775980024032,-0.0154870078564,-0.2187589598583,0.8669605900985,-0.2917752454533,0.1612828017103,0.0915172672451,-0.0139153759611,0.3114872717400,0.2338681005187,-0.0917944239574,0.6541657867392,0.0215522576907,0.0186292026929,0.0635843418886,0.3055951570979,-0.2814533936340,0.0084255328192,-0.1184475045196,0.6159594440941,0.2874322577730,0.0582611255964,0.2008087130870,0.5882993727766,-0.2580234705669,-0.0453430753805,-0.1278294421480,0.4455572746767,0.0638819182112,-0.0393535156288,0.0008398565678,-0.0346762013180,0.1637636850116,-0.2546239959363
0.1720378834409,0.4238088535853,0.3129790210341,0.3622399976949,-0.4002509098870,1.0000000000000,0.0961856160806,-0.0063535329533,0.3720874242240,-0.1318091171025,-0.3458505010567,0.4757915233944,-0.2332914170047,0.3697073447054,0.4472897613932,0.3772475756533,-0.0017958424502,0.1938498535168,0.1861790864303,0.0547063856487,-0.2645851159969,-0.0018992393693,0.1638135308872,0.2346414121680,-0.1924005348329,0.4218437701657,0.4473567747094,0.3482284742206,-0.1151569255090,0.2272397305847,0.2795322985591,-0.1254947648057,0.6683680132539,-0.0367181733826,0.4906137736061,-0.1350336041119,0.1459346215573,0.0644151156720,0.2645103701488,-0.4545984777703,0.5799111579854,-0.1341068955774,-0.2762408913746,0.0389712220980,-0.0266023431598,-0.4972265640828,-0.0482826159584,-0.4052434585079,-0.0438538024126,-0.1960568737558,0.1379797480426,-0.1233174045157,0.1627001209988,-0.2475434168898,-0.2135564537510,-0.3534842543049,-0.1060141140504,0.1453662523653,-0.0567780042578,-0.2381592138810,0.1194034671442,-0.2662229514051,0.2339431264842,-0.2619871862168,-0.2059071205603,0.0564315174980,-0.1282527073579,-0.1433448371333,-0.0798884761550,0.1706964074833
0.0906258499999,0.1425434582269,-0.1243259054818,0.0988877889492,0.0284330199711,0.0961856160806,1.0000000000000,0.0310496576947,0.3315391050758,0.1347917131085,0.5115508816977,0.2365130011960,0.6277694524844,0.3022293227463,0.2293225825535,0.3222102867476,-0.0777151595036,-0.1061761615859,-0.0029521633269,0.1210250976638,0.3043610418673,0.0761603462381,-0.0438487749425,-0.0746634083721,0.1095480570556,0.1226042420863,0.1084574632754,-0.1373927865798,0.1606337066716,0.3844890038743,0.0059077344425,-0.1031459610938,0.0572598015613,0.0676697242354,0.1273643969894,-0.1403578275813,-0.1520567588498,-0.3775983340662,-0.0255137973216,0.0389746459782,0.0416133992181,0.5632232174411,-0.4566707365853,-0.0071934615794,0.0551216033908,0.2926366941585,-0.1843422638821,0.4684371177883,0.0083413955811,-0.2675308020972,0.2350307179222,-0.0424780414859,-0.2669289731091,-0.1540256064982,-0.3100145071876,0.1630315835794,-0.1426136567911,-0.2477489298420,-0.2613669023396,-0.0174407556164,-0.0252059561722,-0.3548962036004,-0.2870328423316,0.0665047309574,-0.0137463389522,-0.2600788523776,-0.0740612239971,0.0217331592516,-0.0687125860218,0.0237012390361
0.3928993012057,0.1003053472210,0.6041906659978,0.4669738227231,0.0606997512788,-0.0063535329533,0.0310496576947,1.0000000000000,0.2030898082094,0.4065077459090,0.0686828288807,0.2661543933452,0.0684784885082,0.3196578709964,0.3319797262029,0.2578314057515,0.1146317260299,0.3260343999761,0.1816053909808,0.2364717121697,0.0892523978018,-0.0744703927507,0.4509428813225,0.1136940598416,0.4465515046673,0.4152812738167,0.4044004177862,0.4504588582145,0.2288084096076,0.1106991008822,0.4327635689803,0.1347361740915,0.1053250567230,0.0762943879753,0.0829179164673,-0.1378247704143,-0.1982233622705,0.1099988727259,0.3409443652214,-0.0450198904126,-0.2045397021794,-0.3887822439482,-0.1788778915923,-0.3905156556042,0.3102719200950,-0.3152069492937,-0.1298251781493,-0.1580132431705,0.0505337831398,-0.1458221502104,-0.1580496806026,0.1659489158941,-0.1356215012153,-0.2133927844525,-0.2776961491123,-0.0857900813753,-0.2814150802580,0.1158886109181,-0.2388060355145,0.2182547111298,0.1674665866035,-0.0989758572514,0.3591463088131,-0.1444778850756,-0.3317487294926,-0.5485123678599,0.2091583335204,-0.2342830936297,-0.2321572832380,-0.1071861790163
0.1416985416121,0.0363129098875,0.1529151693060,0.1889859197717,-0.1328029736041,0.3720874242240,0.3315391050758,0.2030898082094,1.0000000000000,-0.0347370467128,0.2489782680106,0.3607256595371,0.0198625583255,0.3936461001429,0.5148349588742,0.3603272315405,-0.1699177777017,-0.0426305491726,0.1581074073748,0.0978745564484,-0.0952351087436,-0.2091431737109,-0.0326819008591,-0.1051556455871,-0.0362922473641,0.1017567330859,0.1000276770799,0.0343692210846,-0.0273065841359,0.1977815548389,0.0895080101344,-0.1511008361303,0.3078929899421,0.0244500641068,-0.0353770735514,-0.0945894046799,-0.2871807553353,-0.1570421494721,0.0119190984542,-0.1314046266856,0.2580711699458,0.1572655641383,-0.3074023277291,0.3602181145266,-0.0675142307345,-0.0817208653297,0.1312641425341,-0.0879270817264,0.1600791245335,0.1724512862745,0.1406516131164,-0.1524216053702,-0.1206595843489,0.0434910134823,-0.1469765947183,-0.0662943751941,-0.3087925776240,-0.3175026363208,-0.3134096542695,-0.2382792333426,-0.0833869043906,-0.3188113587461,-0.0763373877310,-0.2057309481949,-0.0750542927714,-0.3246038258686,0.0348381635246,-0.0300857805527,-0.1788306577725,-0.0437279019066
-0.1393148458157,-0.0128225426210,0.0836141295241,0.2361483997070,0.4289420252377,-0.1318091171025,0.1347917131085,0.4065077459090,-0.0347370467128,1.0000000000000,0.1595702825346,0.0173885300581,0.3339542869118,0.3004485294671,0.0287826097973,0.4431636126694,-0.1420394388345,-0.1246305146148,-0.1685186005914,-0.1381018501434,0.3737041872383,-0.1443970332819,0.2025268375977,-0.2125852243390,0.7122992381917,0.1667681869955,0.0339837590138,0.0264774367654,0.0138612689992,-0.0322354172454,-0.0330176036263,0.1750199963207,-0.0359145515932,0.0421147723384,-0.0537357764770,0.0344619951606,-0.0292912529259,-0.0515588636506,0.2227350948955,0.3468739099075,-0.0515112809711,0.0757341940007,0.0770857642122,-0.1099763816718,0.8040394449912,0.0768022534840,0.0734604778948,0.3156268664111,0.2870611064530,-0.0139041850912,0.3237976182309,-0.0846106311528,-0.3925087099118,-0.1299653191010,-0.3306305791047,0.2800836578097,-0.2151206862655,0.0337714623331,-0.3286413488439,0.5376008619856,0.2091835628569,0.0088203676025,-0.0321068761308,-0.0955876844969,-0.1002984175757,-0.3067979916557,0.2953078864780,0.0558413660767,0.0093746372064,-0.0872697889328
-0.1311209330249,-0.2089202250134,-0.3805112694760,-0.1809465421174,0.2503834813915,-0.3458505010567,0.5115508816977,0.0686828288807,0.2489782680106,0.1595702825346,1.0000000000000,-0.1482741465846,0.4748862056477,0.0093792551198,0.0070518832481,-0.0474011676270,-0.3097646518889,-0.3739880208490,-0.0793977815513,-0.0868268681077,0.2975406815984,-0.1768456577965,-0.3083140011958,-0.4492146459131,0.1214691702098,-0.2613210110954,-0.2907869298674,-0.4303228914849,-0.0116161088110,0.1011236869022,-0.2265067753234,0.1552132886827,-0.2225905649036,0.0182599713547,-0.3259092901825,0.0287296072496,-0.4493594857289,-0.4940597524571,-0.4117328244123,0.2425816942524,-0.0923175441853,0.5628859962050,-0.0873009242209,0.2786064475044,-0.0235747503622,0.7628846037552,0.1017651958335,0.4890492128893,0.1280968840179,0.2222453484830,0.0078422731112,-0.2149792887729,-0.4411258863279,0.1528166351830,-0.1397621266696,0.3888783908110,-0.2868737554614,-0.5018793928624,-0.4280384576391,-0.0749855488670,-0.1603311911944,-0.2033115369932,-0.4928945101076,-0.0651007791549,0.1993382440161,-0.3147399345758,0.1762933238820,0.1720795145212,-0.0718690912015,-0.1461327325657
0.3132382603937,0.4226173381675,0.4267971748230,0.4326354959273,-0.2754000749187,0.4757915233944,0.2365130011960,0.2661543933452,0.3607256595371,0.0173885300581,-0.1482741465846,1.0000000000000,-0.0533651583254,0.5882908000360,0.4549843657722,0.4468858570024,0.0652875438958,0.3366168637605,0.3855281354847,0.4059756481273,-0.1428630860882,-0.0310536928579,0.2754889028629,0.2047446633287,-0.0344503036401,0.5166755127892,0.5382483117309,0.4456849152623,0.0318322390668,0.3607924618528,0.3237120619687,0.1036702236294,0.4674517659152,0.0077024902232,0.4561128339095,-0.1747204283155,0.0951737848534,-0.1148757907791,0.3325006317255,-0.3937385368311,0.1397036863666,-0.1678118560521,-0.4448841352874,-0.1310618170081,0.0128899897665,-0.3936476158786,0.1575734145634,-0.2262103150214,0.1687963146063,-0.1761172522105,0.1193420077710,-0.0264517307158,0.1408546212943,0.0166327332058,-0.1196058433087,-0.2863774398859,-0.2483106363271,0.0783719431378,-0.1949281864830,-0.2249216232700,0.2008252038779,-0.3538191283275,0.2466225216638,-0.2077443150120,-0.0715183118418,-0.1486450508210,-0.0561445259012,-0.1675621826470,-0.1146020066297,0.1765277784276
0.0519160848261,-0.1292121570784,-0.0975763015514,-0.0838498622987,0.5940577849035,-0.2332914170047,0.6277694524844,0.0684784885082,0.0198625583255,0.3339542869118,0.4748862056477,-0.0533651583254,1.0000000000000,0.0812124613480,-0.0719876483282,0.0354447245422,0.1065178463954,-0.1828373099548,-0.1460544971844,-0.0584445231968,0.8070009200711,0.3307242180801,-0.0045947937177,0.0715964792546,0.4031662306371,-0.1576670909337,-0.0561547545084,-0.1580912383871,0.4158073768723,0.2340082914693,-0.0432414214302,-0.0712878053309,-0.2156031949202,0.1852492174872,-0.1582090514237,0.0759567939976,-0.1625338780168,-0.2656780921057,-0.2155540138299,0.5631861424741,-0.2221028817508,0.3864547536869,-0.2477762491338,-0.1215052246525,0.2026780529165,0.3251236861576,-0.2777734770205,0.8025261773775,-0.0744951003376,-0.2228041110127,0.1039819787172,0.1882927459786,-0.3117643054202,-0.1624831758723,-0.3173556644855,0.6460292722359,0.1520236761510,-0.1340241084247,0.0082728616906,0.3277748641168,-0.2667799328425,-0.2392408762977,-0.2436353417994,0.3464054325353,-0.0093356790331,-0.1540894407795,-0.0718502921336,-0.0553647387499,0.1552405710862,-0.1749621271676
0.2152390109552,0.3389981332889,0.3851592734848,0.4364463881889,-0.0971917442058,0.3697073447054,0.3022293227463,0.3196578709964,0.3936461001429,0.3004485294671,0.0093792551198,0.5882908000360,0.0812124613480,1.0000000000000,0.5834614979551,0.4625210112502,0.0991514591399,0.1339263813865,0.3724838741643,0.1844391040078,0.0403494362065,-0.0242201968732,0.2588522514240,0.0951877316967,0.1793996553579,0.6199908566689,0.4821310817322,0.4862169648897,0.0470299267334,0.3356893233752,0.1236808315399,0.3628691361797,0.2957407658894,0.1048033516476,0.2884562889538,-0.2346298946406,-0.0432029484213,-0.0600741585039,0.3051994293302,-0.2268722383608,0.1218322868245,-0.1232207683012,-0.4712854369740,-0.1698296895031,0.2080907514552,-0.3157630569882,0.1237186654592,-0.1480880747826,0.3854545569483,-0.2032526281849,0.1120540698279,0.0419754370059,-0.1733163259052,-0.0718866814940,-0.3521838156084,-0.1914849022469,-0.2175442027173,0.0028935225971,-0.2882857046206,-0.0318444793647,0.3105798543072,-0.2767122344992,0.3488647279480,-0.2045383191491,-0.1474139329340,-0.4459786338046,0.3463107138835,0.0002991643627,-0.1499715170545,0.0314273707439
0.5466200880285,0.2729436359435,0.3314606770438,0.4074745710757,-0.2669580418083,0.4472897613932,0.2293225825535,0.3319797262029,0.5148349588742,0.0287826097973,0.0070518832481,0.4549843657722,-0.0719876483282,0.5834614979551,1.0000000000000,0.3736158473346,-0.0373678890450,0.3376379827593,0.6528153743220,0.4104141455918,-0.0822426823224,-0.0802530497482,0.1329241689072,0.0325164926142,-0.0625148409383,0.4827698250994,0.3717454536046,0.3583640395755,-0.0598716237254,0.4644626756351,0.2590292897063,0.1157258389601,0.4016212674627,0.0813224455097,0.3045545579436,-0.1129386654124,-0.1246113312370,-0.0086545232822,0.2247657074652,-0.2692393221080,0.2047052226619,-0.1888743552563,-0.3712463986373,-0.1117274748385,0.0161641433797,-0.3171959079988,0.0716378453115,-0.1956135766552,0.0659273181647,-0.0776759623596,-0.0148360369452,-0.0819910964650,-0.0287939763867,-0.0661176766472,-0.2180632943754,-0.1989872460583,-0.2110331438273,-0.1031253354091,-0.2265925340237,-0.2427869846256,0.1478150773124,-0.2771317209249,0.2909168585329,-0.2397435834859,-0.1532819336409,-0.3387689803885,0.1454939223684,0.0850985097739,-0.1279860651927,0.0636308491634
0.0724839121962,0.3369941503581,0.2173226396885,0.4959793836165,-0.0743862726862,0.3772475756533,0.3222102867476,0.2578314057515,0.3603272315405,0.4431636126694,-0.0474011676270,0.4468858570024,0.0354447245422,0.4625210112502,0.3736158473346,1.0000000000000,-0.0275308646752,0.1197113921169,0.1010025152844,0.1375170738983,-0.0664690308832,-0.1193464764938,0.2679593276984,0.0339112550431,0.2245549601100,0.4637449424322,0.2925575409628,0.2053614504092,-0.0850073322482,0.1820436689800,0.0906310126258,-0.0191566388559,0.3125755980893,-0.0256240089116,0.3894847843246,-0.1775388771906,0.0894513655076,-0.0465656587490,0.4662859130995,-0.1519650429421,0.3328857462979,0.0472714112406,-0.2614902828293,-0.0079383048180,0.4453752280670,-0.2618782242432,0.0807285938706,-0.0554708857297,0.1288501967813,-0.1755480685861,0.6513303867226,-0.0666259159550,-0.0442853672805,-0.1677033320779,-0.2600457705890,-0.1927338123548,-0.2767889204970,0.0256212508315,-0.2585204484611,0.1379848793037,0.3014741344135,-0.2491154192022,0.0618077104289,-0.2246247408186,-0.1996613647878,-0.2262388929041,0.1483344208095,0.0640960155549,-0.1573284575095,0.2165804809870
0.2536268920408,0.1081583526107,0.3096528730501,0.1113135240694,0.2652055440073,-0.0017958424502,-0.0777151595036,0.1146317260299,-0.1699177777017,-0.1420394388345,-0.3097646518889,0.0652875438958,0.1065178463954,0.0991514591399,-0.0373678890450,-0.0275308646752,1.0000000000000,0.2563814923328,0.0591195546315,0.1480419768604,0.1838401505305,0.7014787405353,0.5437471842466,0.7698176503023,0.1207142949789,0.1756114401723,0.2181446561862,0.4758040999214,0.5363989423537,0.1242151218294,0.2292378674134,-0.0671347529216,-0.0467648488825,0.2544456844994,0.1634896966286,-0.0632371796047,0.1390270134896,0.2058360631538,0.1481723181648,0.2515929713056,-0.2870893943089,-0.3893536396314,-0.2926389477738,-0.4937537551458,-0.1154779823260,-0.4432342895505,-0.4365253946326,-0.0041791742722,-0.1680595339938,-0.4811855814176,-0.1597704246321,0.8807983783266,0.1606540219874,-0.2977935408246,-0.0904590429013,-0.0055445097960,0.6496499958794,0.4977085768320,0.6801841652653,0.3089203381019,-0.1228247965940,-0.2642300059637,0.3756012386258,0.5024012255717,-0.2137927347593,0.0144271296648,-0.2054078163261,-0.3827143430172,0.1266051323566,0.0517806852114
0.5127689308925,0.3882939756909,0.4539310735150,0.4783014522698,-0.2570380353284,0.1938498535168,-0.1061761615859,0.3260343999761,-0.0426305491726,-0.1246305146148,-0.3739880208490,0.3366168637605,-0.1828373099548,0.1339263813865,0.3376379827593,0.1197113921169,0.2563814923328,1.0000000000000,0.4958410220105,0.7602597151019,-0.1011431089099,0.1410793961805,0.4217638937397,0.5042025277569,-0.1133417662702,0.4803990817574,0.5358804077101,0.5127052240070,0.1831869565655,0.3085323964045,0.6161710045138,0.0410868809346,0.3425576695471,0.2318370128874,0.6083157078866,-0.2489063276095,0.2955650372432,0.1808714002201,0.4199179149083,-0.2673547443230,-0.1750151817828,-0.5849665387373,-0.2698904958606,-0.5508945806100,-0.0778532915209,-0.5652697246829,-0.2508527309152,-0.3710351831887,-0.2187622972142,-0.5102050214607,-0.2277407382154,0.2128430588273,0.5684037383119,-0.2607675967821,0.1870799525405,-0.2601226247337,0.0242565884690,0.2769630621004,0.1941906601118,-0.1116705878506,0.1564609955712,-0.1009980840321,0.3475861268455,0.0099428541571,-0.3658558746680,0.0822090399994,-0.1046441757513,-0.1948404451996,-0.0314366124166,0.3008051093272
0.4443795562655,0.2200106046356,0.3323152370124,0.2252141737410,-0.2994231126012,0.1861790864303,-0.0029521633269,0.1816053909808,0.1581074073748,-0.1685186005914,-0.0793977815513,0.3855281354847,-0.1460544971844,0.3724838741643,0.6528153743220,0.1010025152844,0.0591195546315,0.4958410220105,1.0000000000000,0.6373042793410,-0.0973858672000,0.0135341156604,0.0559323794119,0.1490907218817,-0.2574791947226,0.3807801416652,0.3777757473112,0.4187429212172,-0.0680696574820,0.3251665616747,0.1393541535803,0.3149749175047,0.2366541648539,0.0331185556201,0.2700516530225,-0.2908350701166,-0.0497754491828,0.0419375772619,0.0997892417971,-0.3016881583047,0.0360059240652,-0.3775388760334,-0.2169527336528,-0.3138246616010,-0.2175401768505,-0.2687322421472,0.0426296262437,-0.2379681804993,0.0148956078113,-0.1878284080744,-0.1882311287072,-0.0070188194476,0.1224151912022,0.0733506967008,0.0840816511767,-0.1713419283243,-0.0295231068149,-0.0606502920268,-0.0387851848517,-0.3497937305284,0.1122786231792,-0.1434515450535,0.2810432419386,-0.1585118565065,-0.1043735174316,-0.1925489043033,0.1790274420432,0.0366329410347,-0.0669566739729,0.0640886635453
0.4881629583022,0.3406005051490,0.2331636388169,0.3406357947870,-0.1974205039654,0.0547063856487,0.1210250976638,0.2364717121697,0.0978745564484,-0.1381018501434,-0.0868268681077,0.4059756481273,-0.0584445231968,0.1844391040078,0.4104141455918,0.1375170738983,0.1480419768604,0.7602597151019,0.6373042793410,1.0000000000000,-0.0704798090169,0.1155097631864,0.2756822431799,0.2906001485975,-0.1567822906128,0.3798109397864,0.4232723773542,0.2865932503177,0.0816756413114,0.4652528960823,0.4269339709043,0.0846578964920,0.1974448258897,0.1504158702472,0.4902405100635,-0.2182912529527,0.1440016682927,-0.0651977175602,0.2674110198107,-0.2096873252518,-0.1589227870863,-0.3155351009369,-0.3336911027636,-0.4032016269920,-0.1719777872645,-0.2648823561352,-0.0745956281985,-0.1436220213271,-0.1602766275223,-0.3677381635118,-0.1865155786474,0.1155088152325,0.3563976720797,-0.0228671875602,0.3106931876441,-0.1676841074088,0.0109798594930,0.0790746452634,0.0563969961036,-0.2144000156719,0.1565342565210,-0.2022332587947,0.0932854164260,-0.0313057153296,-0.1167242741737,-0.0324267877901,-0.0205510639175,-0.0534987030501,-0.0207714328166,0.3226424868019
0.0895098932336,-0.2190556141844,-0.0371645480917,-0.0826050249755,0.6603909577823,-0.2645851159969,0.3043610418673,0.0892523978018,-0.0952351087436,0.3737041872383,0.2975406815984,-0.1428630860882,0.8070009200711,0.0403494362065,-0.0822426823224,-0.0664690308832,0.1838401505305,-0.1011431089099,-0.0973858672000,-0.0704798090169,1.0000000000000,0.3405177823903,0.1003305629454,0.1341239916685,0.4565659143239,-0.1813645797529,-0.1277364848685,-0.0830364964213,0.4127625835828,0.1215241347993,-0.0111600550227,-0.0405584791097,-0.2798396119386,0.2403307493811,-0.1923741009189,0.1548036789938,-0.1144550808990,-0.0550698754708,-0.1204591136447,0.6488424768939,-0.2759361425768,0.1617359004808,-0.0409018364804,-0.1761573302143,0.2897062798169,0.2299162272561,-0.2460329373417,0.7096114752170,-0.0050842799386,-0.1345683521406,0.0031411748642,0.2617209741088,-0.1977084775715,-0.1557705437672,-0.1911814357881,0.8231289655468,0.2538152647500,0.0251209562759,0.1430557818319,0.4733245442813,-0.2461687082687,-0.1339490505042,-0.0864253690628,0.3837262030756,-0.0218458222192,-0.0901946759415,-0.0022958671746,-0.0686332576670,0.2124863970470,-0.1497919404583
0.2219149073262,0.0799006901518,0.1126910816919,-0.0374098223828,0.3081946278395,-0.0018992393693,0.0761603462381,-0.0744703927507,-0.2091431737109,-0.1443970332819,-0.1768456577965,-0.0310536928579,0.3307242180801,-0.0242201968732,-0.0802530497482,-0.1193464764938,0.7014787405353,0.1410793961805,0.0135341156604,0.1155097631864,0.3405177823903,1.0000000000000,0.3715327067629,0.7946708370262,0.0624282718870,-0.0547862045727,-0.0036289218091,0.2362688901695,0.5658100522086,0.2745334208992,0.2463669855157,-0.1799441376161,-0.0839109138084,0.3562909482636,0.1191641702956,-0.0147273609970,0.2641124748002,0.1240225433868,-0.0200064630844,0.3218551876374,-0.2296605826355,-0.1646929080608,-0.2687209896445,-0.3589962297309,-0.1165484814857,-0.2175594164269,-0.3877852694557,0.2559681080435,-0.2624141096788,-0.4375401188452,-0.1287440747146,0.6586311154141,0.1787703522434,-0.2137871155829,-0.0621143071537,0.2328700067549,0.8488954622229,0.4309756878486,0.7774750891915,0.2640132133636,-0.2563148193854,-0.2367986888112,0.1797979861081,0.6217612826702,-0.0264196902357,0.2376829894046,-0.3207974120812,-0.1843245968075,0.4037168009119,0.0767666610018
0.3521123066633,0.5240444169810,0.3501402734803,0.6328677826795,0.0815119268742,0.1638135308872,-0.0438487749425,0.4509428813225,-0.0326819008591,0.2025268375977,-0.3083140011958,0.2754889028629,-0.0045947937177,0.2588522514240,0.1329241689072,0.2679593276984,0.5437471842466,0.4217638937397,0.0559323794119,0.2756822431799,0.1003305629454,0.3715327067629,1.0000000000000,0.5610720929041,0.3224779368306,0.5168985104595,0.3761991455612,0.4483517325899,0.3258158205927,0.2137241159624,0.6153107771497,-0.0415666302947,0.1000990988601,0.3294548895760,0.4971050051553,0.0172823381544,0.4174521704926,0.0350478739909,0.6372813220273,0.0429019655303,-0.0864550319264,-0.4144349427174,-0.3138294971456,-0.4782424081906,0.2688404570331,-0.5060281086910,-0.2718034634421,-0.1405426121812,-0.1211887687856,-0.4607872371851,-0.0420294183900,0.5633361780105,0.2695054322158,-0.3951315571897,-0.1394588573983,-0.0559436747732,0.2189466318789,0.7715505814392,0.3082227403248,0.3857321769861,0.2241144648310,-0.2906811996309,0.3344129567132,0.1629847068492,-0.2299686676305,0.0702982886124,-0.1231353422901,-0.2975086973048,0.1312666491621,0.3938339830682
0.3710726920854,0.2837312350908,0.4526857058035,0.2823666716251,0.0839343004029,0.2346414121680,-0.0746634083721,0.1136940598416,-0.1051556455871,-0.2125852243390,-0.4492146459131,0.2047446633287,0.0715964792546,0.0951877316967,0.0325164926142,0.0339112550431,0.7698176503023,0.5042025277569,0.1490907218817,0.2906001485975,0.1341239916685,0.7946708370262,0.5610720929041,1.0000000000000,-0.0155002921570,0.2710041282322,0.3666685151313,0.5810901631618,0.5612131335650,0.2523618190894,0.5052011345556,-0.1391441779093,0.1661783382139,0.3029832520063,0.3918334460432,-0.1757335483914,0.3748700955067,0.2833718530794,0.2725471462184,0.0507844100875,-0.1895603931387,-0.5148948248628,-0.3782208108397,-0.5417706314153,-0.1437763467155,-0.6198270606365,-0.4752126668177,-0.1352486111437,-0.3254789885002,-0.6295697626256,-0.1808261949121,0.6790121402708,0.4089199269129,-0.3942134969210,-0.0865098694155,-0.0591479082250,0.6405940941312,0.5344599669977,0.7472602197292,0.1536098506915,-0.1214463406317,-0.2946251748054,0.4408295935732,0.4744153842647,-0.3083723698553,0.2062044923183,-0.3329127263650,-0.3624778293098,0.1956828538891,0.1473596419254
-0.0372871662350,-0.0045188875801,0.2150986495086,0.1697910635918,0.6332637968061,-0.1924005348329,0.1095480570556,0.4465515046673,-0.0362922473641,0.7122992381917,0.1214691702098,-0.0344503036401,0.4031662306371,0.1793996553579,-0.0625148409383,0.2245549601100,0.1207142949789,-0.1133417662702,-0.2574791947226,-0.1567822906128,0.4565659143239,0.0624282718870,0.3224779368306,-0.0155002921570,1.0000000000000,0.0580973057034,0.1034707970262,0.0849268866135,0.4328923770493,-0.0112572218840,0.0824458700731,0.0341245560142,-0.1434726060254,0.0880406762543,-0.1159571738511,0.1204942670558,0.0419339955008,0.0220075480480,0.1417860077211,0.5085702339537,-0.2832463460655,0.0155571487516,0.0672727941741,-0.1829352570987,0.6230954025537,-0.0243449928253,-0.1313298199491,0.3472511769646,0.1245661243323,-0.1151016312979,0.1304811232161,0.1576508868314,-0.3382867831508,-0.2071840593129,-0.3332689458394,0.3138074245916,-0.0725234254884,0.2074955587470,-0.1480954547081,0.7866076635382,0.0751819482611,0.0354996330536,0.0559334933620,0.1982562599834,-0.1515378885135,-0.2420174122313,0.1155030361522,-0.1703335826948,-0.0202694237543,-0.1450109005406
0.3965098501737,0.7145510916549,0.4396889673670,0.8006107979662,-0.3377554778259,0.4218437701657,0.1226042420863,0.4152812738167,0.1017567330859,0.1667681869955,-0.2613210110954,0.5166755127892,-0.1576670909337,0.6199908566689,0.4827698250994,0.4637449424322,0.1756114401723,0.4803990817574,0.3807801416652,0.3798109397864,-0.1813645797529,-0.0547862045727,0.5168985104595,0.2710041282322,0.0580973057034,1.0000000000000,0.7639529345858,0.5958980583457,-0.0461525950404,0.3739260402759,0.4435280961250,0.2682359998545,0.4154292384793,0.1488463906854,0.7319111454682,-0.2144313966881,0.2963604038138,0.0466441799162,0.6959127629284,-0.4240463386888,0.1100749928766,-0.4115658405194,-0.3748189614111,-0.4735526488522,0.2327351100557,-0.5683181364290,-0.0885890221492,-0.4117382731616,-0.0444608619731,-0.4801865453456,0.0205357203500,0.0842643555685,0.2004058408832,-0.3849181032195,-0.3245494326806,-0.4496585367179,-0.2394362560782,0.3070654461803,-0.1743772968621,-0.0127450182919,0.6225580267080,-0.1811959348073,0.4691539322332,-0.2542835696990,-0.3279011462967,-0.2302545331942,0.1474186082942,-0.1114010687862,-0.1784429101265,0.3829730241417
0.3354775447136,0.5791309537454,0.6653764545638,0.6101754629707,-0.2397665922009,0.4473567747094,0.1084574632754,0.4044004177862,0.1000276770799,0.0339837590138,-0.2907869298674,0.5382483117309,-0.0561547545084,0.4821310817322,0.3717454536046,0.2925575409628,0.2181446561862,0.5358804077101,0.3777757473112,0.4232723773542,-0.1277364848685,-0.0036289218091,0.3761991455612,0.3666685151313,0.1034707970262,0.7639529345858,1.0000000000000,0.6539679276296,0.2163205093505,0.2582175094940,0.4391839888659,0.2494686601316,0.4409400279180,0.0305225463488,0.5984372895582,-0.3831692394262,0.1935097598047,0.1018348467785,0.4295187695691,-0.3702475271007,-0.0310458774919,-0.4682508148845,-0.3265132172711,-0.5204398589400,0.0845137036917,-0.6314386850632,-0.2709998270064,-0.3867402000543,-0.1654433013610,-0.5547868059154,-0.1210826888779,0.0947221596588,0.1893962053565,-0.3941103282538,-0.2844008993230,-0.4317263771957,-0.2130905512949,0.2469340971990,-0.1296550879740,-0.0541721695219,0.3384139560328,-0.0813555647098,0.4440727726855,-0.1150879277758,-0.4801379734483,-0.1881685858457,0.0404936612839,-0.3566501073331,-0.2988918557964,0.1429800636075
0.3663567911008,0.3539873101649,0.8312589992531,0.4051095315693,-0.1373004576813,0.3482284742206,-0.1373927865798,0.4504588582145,0.0343692210846,0.0264774367654,-0.4303228914849,0.4456849152623,-0.1580912383871,0.4862169648897,0.3583640395755,0.2053614504092,0.4758040999214,0.5127052240070,0.4187429212172,0.2865932503177,-0.0830364964213,0.2362688901695,0.4483517325899,0.5810901631618,0.0849268866135,0.5958980583457,0.6539679276296,1.0000000000000,0.2964415002374,0.1286302649218,0.3180289914326,0.2919185248356,0.3134443347637,0.1951735324931,0.3626890598353,-0.3952161687787,0.1443975316109,0.3837438926364,0.3410457101523,-0.2634960090171,-0.1209264160813,-0.6364473537740,-0.3296386437764,-0.5357037431568,-0.0104362924350,-0.7196713220028,-0.2679116420153,-0.4252072017318,0.0034769590517,-0.4520759641787,-0.1945996572167,0.3300430187252,0.1226331282973,-0.2841598264376,-0.2303465946023,-0.3233290216828,0.1105557625681,0.3107669726759,0.1915623014393,-0.0310276691982,0.2109273446424,-0.1572052462909,0.8171725160128,0.0428612601576,-0.4547500452358,-0.2518265954427,0.0700407896377,-0.3862750342359,-0.0783930148706,-0.0518800189285
0.1125032824514,-0.0038783078382,0.3894690023172,0.0376647773850,0.4520504447824,-0.1151569255090,0.1606337066716,0.2288084096076,-0.0273065841359,0.0138612689992,-0.0116161088110,0.0318322390668,0.4158073768723,0.0470299267334,-0.0598716237254,-0.0850073322482,0.5363989423537,0.1831869565655,-0.0680696574820,0.0816756413114,0.4127625835828,0.5658100522086,0.3258158205927,0.5612131335650,0.4328923770493,-0.0461525950404,0.2163205093505,0.2964415002374,1.0000000000000,0.0147051003789,0.2492634518357,-0.0306740227330,-0.1213040759466,0.0976108049183,-0.0513508334703,-0.1533311712172,0.0581960384345,0.1346112668553,-0.0494658061949,0.3897841523469,-0.4459445839273,-0.1623537637134,-0.1539078060067,-0.3430132453466,0.0051502253736,-0.1833532284952,-0.4821558328439,0.2374688280773,-0.2640984598830,-0.4351227612688,-0.1680121292101,0.4566738131122,0.0208998750897,-0.2705418475274,-0.2025439627620,0.2379496030967,0.3612744006623,0.2464824583516,0.3743928872498,0.3459180032106,-0.3169566358687,-0.1896328144154,0.1855897416076,0.7606723939734,-0.3182219150535,0.0186834681621,-0.2071769582176,-0.3370740423827,-0.0192699055777,-0.2256576102374
0.6158703185992,0.4892371746889,-0.0173082820121,0.3158368344793,-0.0575057093401,0.2272397305847,0.3844890038743,0.1106991008822,0.1977815548389,-0.0322354172454,0.1011236869022,0.3607924618528,0.2340082914693,0.3356893233752,0.4644626756351,0.1820436689800,0.1242151218294,0.3085323964045,0.3251665616747,0.4652528960823,0.1215241347993,0.2745334208992,0.2137241159624,0.2523618190894,-0.0112572218840,0.3739260402759,0.2582175094940,0.1286302649218,0.0147051003789,1.0000000000000,0.4427121641029,-0.0911417934435,0.3074342334205,0.4808086638569,0.4984709095972,0.1789902345259,0.2331727600847,-0.2473197795792,0.1673311114800,-0.0678217092602,0.0577530521138,-0.0360880415969,-0.5378452016077,-0.3042484406894,-0.0332669475999,-0.1792904388487,-0.1241621304207,0.0936870704837,-0.1192504540715,-0.3461415754071,-0.0745952017003,0.1365597762021,0.1396624487334,-0.1670567802612,-0.0888784543583,-0.0426093279223,0.1025269548906,0.1040079857093,0.0344007436675,-0.0308479636471,0.1236560263518,-0.3652073010921,0.0299327545975,-0.0431607248783,0.3138063404839,-0.0597767460344,-0.2075554900672,0.0873229243694,0.3401877721515,0.3850121368721
0.5410266609006,0.4913184507893,0.3175365172174,0.5973127419347,-0.0920754911406,0.2795322985591,0.0059077344425,0.4327635689803,0.0895080101344,-0.0330176036263,-0.2265067753234,0.3237120619687,-0.0432414214302,0.1236808315399,0.2590292897063,0.0906310126258,0.2292378674134,0.6161710045138,0.1393541535803,0.4269339709043,-0.0111600550227,0.2463669855157,0.6153107771497,0.5052011345556,0.0824458700731,0.4435280961250,0.4391839888659,0.3180289914326,0.2492634518357,0.4427121641029,1.0000000000000,-0.1980337806581,0.3151444051440,0.2377278541948,0.5609849444675,0.0625306083409,0.3731777684666,0.0486981095181,0.4858496239762,-0.0969327930155,-0.0305660146399,-0.4246025510393,-0.3647582891768,-0.4305390818582,0.0532125595700,-0.4736245070486,-0.2154250847339,-0.2158720054859,-0.3395471488195,-0.4732656123812,-0.2148458146082,0.2329376898263,0.4604237477063,-0.3783968625554,-0.0665767268105,-0.1590554252487,0.0519761735590,0.4714408169859,0.1723146363493,0.0883267258126,0.0862398151064,-0.2818148571193,0.1999642513314,0.0679111792159,-0.2203958653600,0.1858505896789,-0.3188317766506,-0.1454486212562,0.0514321417584,0.3354915657736
-0.1091269575428,0.0244128758897,0.1537537555921,0.0794054189050,-0.0463716134999,-0.1254947648057,-0.1031459610938,0.1347361740915,-0.1511008361303,0.1750199963207,0.1552132886827,0.1036702236294,-0.0712878053309,0.3628691361797,0.1157258389601,-0.0191566388559,-0.0671347529216,0.0410868809346,0.3149749175047,0.0846578964920,-0.0405584791097,-0.1799441376161,-0.0415666302947,-0.1391441779093,0.0341245560142,0.2682359998545,0.2494686601316,0.2919185248356,-0.0306740227330,-0.0911417934435,-0.1980337806581,1.0000000000000,-0.0108634697553,-0.0884638503194,-0.0298955656180,-0.2789161500416,-0.1705523220210,-0.0996055644897,-0.0626848792402,-0.1493722682450,-0.1721989623296,-0.2214355979409,0.0469888867634,-0.1871512754412,0.0129466149638,0.0462315874488,-0.0022586285650,-0.1624559369551,0.2028153905272,-0.0087132072749,-0.2070929287846,-0.1712403245435,-0.2348680668474,0.0767771824064,-0.1119953807639,-0.1117245953103,-0.1669756237644,-0.1125995370834,-0.2650799960378,-0.1842712678602,0.1186478286519,0.0259026715201,0.1630615765769,-0.1609623469039,-0.0799459835975,-0.2178332904205,0.4782968647076,-0.0126349101646,-0.1691954102682,-0.1945005250514
0.2350326976685,0.3602914763989,0.2480114252440,0.3556776705448,-0.3685502750916,0.6683680132539,0.0572598015613,0.1053250567230,0.3078929899421,-0.0359145515932,-0.2225905649036,0.4674517659152,-0.2156031949202,0.2957407658894,0.4016212674627,0.3125755980893,-0.0467648488825,0.3425576695471,0.2366541648539,0.1974448258897,-0.2798396119386,-0.0839109138084,0.1000990988601,0.1661783382139,-0.1434726060254,0.4154292384793,0.4409400279180,0.3134443347637,-0.1213040759466,0.3074342334205,0.3151444051440,-0.0108634697553,1.0000000000000,-0.0017158323365,0.4555317549208,-0.1095615515615,0.1301966376657,-0.0753498754305,0.2441007528174,-0.4354016798752,0.2964294037182,-0.2003546872524,-0.2642379726895,-0.1208605439168,0.0079431527366,-0.4036233469897,-0.0193456989501,-0.3896822593322,0.0316424466298,-0.2052242329380,0.0499799780995,-0.1569982906684,0.2003931497472,-0.2022839106240,-0.1201453268592,-0.3744005813649,-0.1854914740102,-0.0007498538822,-0.1385599845141,-0.2587776595093,0.1509962688992,-0.2263193186193,0.1470570055394,-0.2783771234255,-0.1809032528744,0.0095986314228,-0.1246793489333,-0.1316604397759,-0.0724799117470,0.1521290532414
0.3328607753760,0.2252637807994,0.0165133930784,0.1679554131482,0.1166952534267,-0.0367181733826,0.0676697242354,0.0762943879753,0.0244500641068,0.0421147723384,0.0182599713547,0.0077024902232,0.1852492174872,0.1048033516476,0.0813224455097,-0.0256240089116,0.2544456844994,0.2318370128874,0.0331185556201,0.1504158702472,0.2403307493811,0.3562909482636,0.3294548895760,0.3029832520063,0.0880406762543,0.1488463906854,0.0305225463488,0.1951735324931,0.0976108049183,0.4808086638569,0.2377278541948,-0.0884638503194,-0.0017158323365,1.0000000000000,0.2586949454934,0.1122191973691,0.2577961643313,-0.0290289014709,0.1385010390059,0.1938772634364,-0.0852837219952,-0.1114601582009,-0.2675153191376,-0.2177931242059,0.0270975223597,-0.1537136157931,-0.2052507181195,0.0361921118076,-0.0760825087169,-0.2028980447235,-0.0578461211928,0.3557717228550,0.1798934392802,-0.2371081599472,-0.0245578920475,0.2135806321032,0.3069097800022,0.2836166733655,0.2957411404031,0.2226289583193,0.1249819447695,-0.0966598497022,0.1839250062754,0.1382962775143,0.1835391928117,-0.0016195484474,-0.1917451094870,-0.0329910512136,0.6671112978500,0.3643722324703
