1.0000000000000,0.2862721691297,0.1685993693484,0.5134887057212,0.3531535632085,-0.1991725221841,0.1795545821077,0.2938992713137,-0.2506160005343,0.3921794342210,0.2661708951493,-0.1574172708158,0.3040513653700,0.0825586324299,0.4370950454615,0.2256648133285,0.2609612309351,0.3604244575502,-0.2054942227558,0.1316747983835,0.4133158522474,0.0557950675151,0.4677170855917,0.0948728023948,0.5063102467948,0.1869802668658,0.1539420447524,0.1338212958021,0.1953439718278,0.3393302592384,0.0623595943943,-0.1620501221836,-0.1722821580329,0.3097459579080,0.3230851734309,0.6521769196629,0.3873346406062,-0.1298399615765,0.5334538121489,0.3516653215845,-0.0031507277017,0.0476270721894,0.2845151740397,-0.3246238835676,0.3606280684087,-0.0194486274226,-0.0674065105400,0.3391706655447,0.0619636289664,0.2348168837693,0.1777727934717,0.2744659730410,0.2156647994431,-0.1695809471413,0.1813293419365,0.4224355465046,-0.1250693714865,0.3658540128893,0.0270053200769,0.4954336667947,0.1484939740942,0.1002566587466,-0.0625901786965,0.0994104811522,0.3249467456672,0.0636866789189,-0.1021545512881,0.0369080674958,0.2473178804338,0.3191540986777
0.2862721691297,1.0000000000000,-0.1467592035011,0.4676600499889,0.3547461685319,-0.1745950135241,0.2026803057002,-0.1870527495081,-0.2889372609287,0.1132566150054,0.3369199463910,-0.0778799090139,0.3805539965566,0.1528203398353,-0.0036127585438,0.1730933636163,0.2452246467724,0.1169209511608,-0.2419698209767,-0.0664594673684,0.3052777905470,0.2903213801794,0.5286564486882,0.2732489636726,0.0919419195166,0.4402190412022,0.1803601580081,0.1520486163164,0.1074595122356,0.4346894554066,0.0947231552777,-0.0327215811181,-0.1255326101955,0.4286617131106,0.5334026888712,0.0708451474810,0.7250544572136,-0.3235179540816,0.4825258348510,0.2654296802535,-0.1010424530030,0.1496815961791,-0.2318142154921,-0.3052014558958,0.0285970075231,0.2272829251731,-0.0715917956021,0.3586899601180,0.0524732141822,-0.2072582981752,0.0959597192139,0.3135206865177,0.2373989352404,-0.2508128264485,-0.1155594735382,0.2798504559951,0.2472098732910,0.5616247934211,0.3330998750259,0.1196298148997,0.3755368088334,0.0654704225280,0.0198449282474,0.1225517114828,0.4155399614001,0.2525762320680,-0.1140287103122,0.0745465332652,0.4315661176318,0.5921998227930
0.1685993693484,-0.1467592035011,1.0000000000000,0.2095839343332,-0.1157893873117,-0.0996286815028,-0.2571740202573,0.5286966318987,0.0886426215797,0.0938648001713,-0.1852341735082,0.0068960992004,-0.2167082143104,-0.0236355639124,0.2466308819466,-0.0487553280170,0.2775201891555,0.5848665245965,0.1151626441642,0.4639353950703,0.0040086667071,0.2821063664806,0.0804793701062,0.4530190029486,0.2348292050834,-0.0134262977643,0.3786224282357,0.6016132000042,0.4343495460601,-0.1378917409206,0.3200012542548,-0.0298849357823,-0.0565482805265,0.0438867590113,0.0882699515694,0.0753163614767,-0.0871705441480,0.5027765280956,0.0806242676378,-0.0339910481696,0.0020469843250,-0.2407052441197,0.2887586255815,-0.0782908569780,0.0509926946140,-0.2848449062280,0.0870566662813,-0.1927835797322,-0.0591290479942,0.0988666403718,0.0779461127625,0.1903055038697,0.2029389030915,-0.1163903170333,0.2217803046619,0.0127464922374,0.1374999170824,-0.1738043784397,0.2125619495083,0.0728202123606,-0.0765914470503,0.0412864574572,0.3309268190001,0.1645395678818,-0.3106958295919,-0.0602948898000,-0.1435379128615,-0.1608582943586,-0.0379441880122,-0.1650851745859
0.5134887057212,0.4676600499889,0.2095839343332,1.0000000000000,0.4747703680702,-0.0853660379057,0.2602736933794,0.2947150827566,-0.1108779970495,0.4901141937054,0.3004767719099,-0.0491411952219,0.3782500380151,0.2621987113641,0.3783074895186,0.3634278352676,0.2589569702106,0.2979536349113,-0.1737247223334,0.1809686467341,0.5277418456017,0.1102967176368,0.6232223285725,0.1064514771376,0.5422629202797,0.5060845824599,0.3198132019426,0.1840709834807,0.2766398804938,0.3243710061436,0.1722032512139,-0.0527037390526,-0.0596369543849,0.3224059560618,0.4513582611109,0.5165677797491,0.4936407825578,-0.1183527473601,0.8061754531083,0.4365637006237,0.0336514591507,0.2460278464383,0.2197185662881,-0.2003349608469,0.4577443619651,0.1260034082227,0.0280846914433,0.3683423304063,0.0986983976583,0.2204808440386,0.3126027233054,0.2532701221961,0.3372546644682,-0.3155855127331,0.0524780503877,0.4998845072804,-0.0208599137565,0.4623819631980,0.0589407772018,0.5055116597091,0.3120418390796,0.1531559191584,0.0261002958843,0.1575564154709,0.2290970053794,0.1428812920782,0.0017926530431,0.1181871776646,0.1974859940066,0.5030592243799
0.3531535632085,0.3547461685319,-0.1157893873117,0.4747703680702,1.0000000000000,-0.0838434443979,0.3002964096682,0.0509379282356,-0.2090044664192,0.5003126347964,0.4606903902481,-0.2292290608871,0.5596298804384,0.1730830573134,0.1009596052219,0.3809023029369,0.2319925350633,0.0419089293786,-0.3187308776876,-0.1123492666894,0.6626655173414,0.0742496680296,0.3971613530723,0.0661738670518,0.4446973126863,0.2991074819542,0.0673453157372,-0.0325289777426,0.2672272281110,0.2201985634170,0.0387789839826,0.0007127512662,-0.0905741196930,0.2828459779384,0.2140946271208,0.2263176240443,0.2480328750274,-0.4180330274245,0.3544033853398,0.8560668488719,0.0076832160353,0.3478707466829,0.1043701780336,-0.1627165161196,0.4690421968437,0.3729749221964,-0.2357765045028,0.5963381760895,0.0690472490765,-0.1319895910625,0.2282852952075,0.2486578772629,0.0266492525816,-0.2861783636946,-0.1999634904106,0.6781763886635,0.0088876837569,0.3426163640049,0.0698699443899,0.4595667498909,0.0594060098927,-0.0098964138306,-0.2950689360410,0.0916724782045,0.1929069452375,0.1516393094865,0.0844925379728,0.0035295392903,0.2071777010205,0.3370905396461
-0.1991725221841,-0.1745950135241,-0.0996286815028,-0.0853660379057,-0.0838434443979,1.0000000000000,0.1966308359597,-0.2525336983282,0.5742051611932,-0.1104041852461,-0.1478958858083,0.4673255566074,-0.1419199243038,0.0551562591820,0.0433205391427,0.0776211149195,0.0204975522996,-0.2094445134485,0.4559096064655,-0.0398508719821,0.0534081905023,-0.0203748899010,-0.1394090691804,-0.0518255915921,-0.1076994120192,-0.0506701447887,-0.0485393856954,-0.1367628159126,-0.2994252725594,0.1114273503863,-0.0081968680721,0.1681769290573,0.4557146701324,-0.0515504526850,0.0127806618508,-0.0119367845868,-0.2857274141808,0.1691717486139,-0.1153998550668,-0.1567369239085,0.4815568897467,0.3421843589292,-0.2260716806672,0.6340851902643,-0.0842040551527,-0.0573714082218,0.1530880029593,-0.1990965329238,0.1225727262078,0.0758741052925,0.0585999377992,-0.0037773238429,-0.1612585657845,0.4290157591680,-0.1454192450791,0.0118406267054,-0.1287481366625,-0.1603140522652,-0.0806365079459,-0.0490921540980,-0.0989450541881,-0.1359690296132,-0.0282858227508,-0.4510790715357,0.0265615212840,-0.0109734114244,0.3959094121971,0.2150258099083,-0.0903665526677,-0.0638046932367
0.1795545821077,0.2026803057002,-0.2571740202573,0.2602736933794,0.3002964096682,0.1966308359597,1.0000000000000,-0.2319841961990,0.3405657718131,0.0782016767856,0.5750740419171,0.0771249200715,0.7091200675293,-0.0087037357328,0.1317221020181,0.4445896719689,-0.0314053368897,-0.0245616414300,-0.0141877360193,0.0868988850469,0.3514946155511,0.0100825434544,0.1575019069270,-0.0229776038519,-0.0190821430454,0.0460315349563,0.1136295623532,-0.3402943458070,0.0608316102587,0.4666912229305,0.0300255503868,-0.0564533814211,0.0955739362160,0.2334002714841,0.2576458272557,0.0863771128466,0.1693967658085,-0.2799628372207,0.2822688160553,0.2290604353371,0.2498887561560,0.7464296857594,-0.1894925812697,0.1206233330408,0.0156400722802,0.4761160279526,0.0566229700832,0.6234169452423,0.0183561769630,-0.0933033807786,0.1327131305855,-0.0007181128296,0.1207588124446,0.0806442460378,-0.0248331637993,0.3273310682174,-0.0239806921692,0.2098998624813,0.0618924402502,0.0445917115828,-0.0566698688980,0.1572112515505,-0.1866744287719,0.0949867142737,0.3707228270386,0.0985229430741,0.2783737257509,0.1389018614523,0.1788392141774,0.2958070278803
0.2938992713137,-0.1870527495081,0.5286966318987,0.2947150827566,0.0509379282356,-0.2525336983282,-0.2319841961990,1.0000000000000,-0.1539342102637,0.4269024490005,-0.0545888548345,0.0111738246800,-0.1730513601353,0.2501645973056,0.3456330588503,0.1335473883571,0.1724788832411,0.3877039526163,-0.0622640074044,0.3197798139986,0.0539942328964,0.0150039683440,0.1993258321131,-0.0040653436223,0.5813143344034,0.2068339880821,0.3556695063345,0.4485736464742,0.4230738757072,-0.2916384718840,0.1414796001954,0.0565652340957,-0.0360908326876,-0.1724825282547,-0.0235771876272,0.2998839250221,-0.0005063819535,0.2327553375235,0.3248269387771,0.1947649537742,-0.0880892144145,-0.1930398046072,0.6382270783818,-0.3249242047133,0.3614525831095,-0.3125904377746,0.0556717320250,-0.1006474894002,0.1503130004806,0.2821061256510,0.2488291832767,0.0759632918023,0.0043522389145,-0.3504568600384,0.1831072065489,0.0985830595761,-0.1755801920185,-0.0698925627295,-0.1943676349839,0.3746988904717,0.1227606083832,0.0538827635014,0.0894760561125,0.2892672582920,-0.2806248730915,-0.2634232920706,-0.0891337992117,-0.0880389901366,-0.1156457609363,-0.1489622500366
-0.2506160005343,-0.2889372609287,0.0886426215797,-0.1108779970495,-0.2090044664192,0.5742051611932,0.3405657718131,-0.1539342102637,1.0000000000000,-0.2328828418283,0.1425234313963,0.4715588615624,-0.0533500103803,0.0318528203089,0.2980070833891,0.1010118835417,-0.1372181921753,-0.0408369611738,0.5667906373185,0.2654342048450,-0.0256823353662,0.0688916303421,-0.2835591051320,0.0216864244851,-0.1868974320368,-0.1695172717947,0.0732145109549,-0.1344463315504,-0.0641597573713,0.1261084879111,0.0486996532697,0.2021858303620,0.4152918141023,-0.0640363169805,-0.1013424144827,-0.1563746481137,-0.4222370965629,0.2774716732654,-0.1901683559182,-0.2177046202432,0.3900252985814,0.3862374296959,-0.2182788576675,0.6860488931667,-0.2292469531307,0.1753779609288,0.1562906260792,-0.1342717487239,0.0914910209017,0.1508644363011,0.0460701909856,-0.1771329869088,-0.2026477907447,0.3702513428193,-0.1422237126271,-0.0754196018037,0.0188156382023,-0.3713462887349,-0.0596893332456,-0.1954991606862,-0.2227362885967,-0.1506192642986,0.0900751329135,-0.1804433979632,-0.1097289503249,-0.1625056161204,0.4008095297064,0.0700133138604,-0.0929215930097,-0.2339296893697
0.3921794342210,0.1132566150054,0.0938648001713,0.4901141937054,0.5003126347964,-0.1104041852461,0.0782016767856,0.4269024490005,-0.2328828418283,1.0000000000000,0.1255272982786,-0.1045887971384,0.2490616044085,0.3487791729898,0.2612570282916,0.4124845124156,0.2997775292407,0.0306285257427,-0.2482266692074,-0.0322211223550,0.3401487705122,-0.0391868844067,0.5585810451292,-0.0365926936776,0.7447185416058,0.4281233564195,0.1689933505818,0.2668700329870,0.1783998271446,0.0372066297142,-0.1049041904689,0.2188961341433,-0.1546486327645,0.1230805551999,0.0391896803826,0.2932953458535,0.2689606745306,-0.1687412647397,0.5104134694068,0.4849776568778,-0.0260074419990,0.0528321894660,0.3232792083162,-0.3502060681071,0.9108181874670,-0.1204438779336,-0.2006269848545,0.3259599552485,0.2167426589523,0.0580565140577,0.3515922402137,0.2705042356733,-0.0872120216180,-0.2633108791278,-0.0875043253768,0.3349216366286,-0.1864980542487,0.4163194376788,-0.1383153359303,0.6921354596788,0.3101096556405,-0.0214435185387,-0.0087510940098,0.0637781262618,-0.0067819967673,-0.1121952777703,0.1489171944059,0.0646243426206,0.0115417443640,0.0864558976806
0.2661708951493,0.3369199463910,-0.1852341735082,0.3004767719099,0.4606903902481,-0.1478958858083,0.5750740419171,-0.0545888548345,0.1425234313963,0.1255272982786,1.0000000000000,-0.1452693619291,0.6504140679997,0.0682518130424,0.1608238663275,0.2853073989975,0.0291921992631,-0.0276952527863,-0.2297994882352,-0.0550756527120,0.4585201682653,0.1319397352980,0.2159504368772,0.0419574759852,0.0916255345266,0.1208913550415,0.1397867473284,-0.1726310091546,0.2662081411935,0.2989833639445,0.0325421244434,-0.0541297234874,0.0186479370818,0.2025925223359,0.1469492174334,0.0281422384264,0.2620796878541,-0.2807740537670,0.3329427498494,0.5063148781296,0.0968239359241,0.4679646143389,-0.0505038614024,-0.0701434869563,0.0805105741901,0.6512678885689,-0.1016886198118,0.5988419886711,0.0790100137630,-0.1249937948039,0.0979096881478,0.0594415775714,0.0044169388356,-0.1756118812074,-0.1453084687551,0.4305055068307,0.0370603921747,0.2279477737927,0.0421139263460,0.1290719462370,0.0829453146551,0.1328310924698,-0.0401326098319,0.3244053272946,0.2155753534104,0.0294230304372,0.1189552980894,0.0325241631538,0.1880840483677,0.2397056986896
-0.1574172708158,-0.0778799090139,0.0068960992004,-0.0491411952219,-0.2292290608871,0.4673255566074,0.0771249200715,0.0111738246800,0.4715588615624,-0.1045887971384,-0.1452693619291,1.0000000000000,-0.2512759317809,0.2270881440701,0.1510620054909,-0.0633015514672,-0.0010846158131,-0.0300830673569,0.7173534402173,0.2520597118933,-0.0260018992684,0.1014283820035,-0.1152550486502,-0.0241019079597,-0.0427681635982,0.2001956976260,0.2564235681519,0.1598068934046,-0.2110767104156,0.0349781763541,-0.0643578683099,0.3359093242715,0.3931724589022,-0.2735422590443,0.0177952148423,-0.0360591804610,-0.1321798398943,0.2835388900540,-0.0078509279076,-0.2261979882466,0.1835837055380,0.1543049514423,-0.1962143735050,0.4802116056492,-0.1669003674123,-0.2210405909686,0.6742434671970,-0.2621050138362,0.3445735342783,0.1900335548512,0.0047229471393,0.0002752624653,-0.2703882720021,0.5155169219901,-0.0294987937959,-0.0089140445228,-0.0737663773255,-0.2467643512603,-0.1893303430027,-0.1341072819400,0.1976083568982,-0.0764900323268,0.1283867760409,-0.2841998206985,-0.0350946902800,-0.2301727859296,0.4107655187786,0.1660326532143,-0.1902302028587,-0.0476367578468
0.3040513653700,0.3805539965566,-0.2167082143104,0.3782500380151,0.5596298804384,-0.1419199243038,0.7091200675293,-0.1730513601353,-0.0533500103803,0.2490616044085,0.6504140679997,-0.2512759317809,1.0000000000000,0.0414816440868,0.0578506820474,0.4483019733554,0.0615385301759,0.0206451928442,-0.2995856068290,0.0261716855057,0.5288438826652,0.0580001630821,0.3621152314464,0.0731090867689,0.0526549872022,0.2236848076277,0.0214659684626,-0.2234434862851,0.2134097924257,0.5590262759219,0.0934149944877,-0.1550707085498,-0.1471957655286,0.3904255555589,0.2679000107440,0.1030781772976,0.3433597784762,-0.4432187422627,0.3403427453974,0.5231611305507,0.0694606718598,0.6073218749459,-0.1006707090305,-0.1793028342982,0.1856670714157,0.6042118670133,-0.0976829225504,0.9336928032571,-0.0635167490158,-0.1446539201902,0.2520871542174,0.0912388112957,0.1876055534587,-0.1779179549191,-0.0443368473060,0.5246368124093,0.0722913033368,0.4251821952747,0.1449618780243,0.1483017913414,0.0333554315662,0.1233196366850,-0.2267201618460,0.2676183095974,0.4303306170096,0.2442341834273,0.0676890296675,0.1505243466468,0.3068270836615,0.3749448044697
0.0825586324299,0.1528203398353,-0.0236355639124,0.2621987113641,0.1730830573134,0.0551562591820,-0.0087037357328,0.2501645973056,0.0318528203089,0.3487791729898,0.0682518130424,0.2270881440701,0.0414816440868,1.0000000000000,0.3605302659719,0.3379068188686,-0.0279113425179,-0.1493463854247,0.0268271198196,-0.0766553057592,0.0418321961515,-0.0227801116119,0.1601501125894,-0.1399986873702,0.3145517434203,0.6913028995221,0.2118427744000,0.3275343705310,-0.1033764429024,0.0124973742926,-0.3580439080861,0.6521154394580,0.2957451052867,-0.0682910221568,-0.0511270069516,0.0343445412350,0.0378695175898,0.0641817056233,0.2561658588798,0.1135136893177,0.1382476154945,0.1419752287768,0.0642796062861,-0.1076955879261,0.3234370965050,0.0221246076512,0.0718014247579,0.0288310492738,0.6865284133410,0.2467092750095,0.3320094985703,-0.0395851958042,-0.3886369738138,-0.2340367134800,-0.4248323475018,0.0262100515579,-0.1010910348847,0.0038163270910,-0.2286731220355,0.2028708637937,0.4481073355833,-0.1337684281647,0.2131166947971,-0.0625856951446,-0.0340123346494,-0.3193811380084,0.2531701262280,0.4337462222830,-0.0307462152539,-0.0347407195629
0.4370950454615,-0.0036127585438,0.2466308819466,0.3783074895186,0.1009596052219,0.0433205391427,0.1317221020181,0.3456330588503,0.2980070833891,0.2612570282916,0.1608238663275,0.1510620054909,0.0578506820474,0.3605302659719,1.0000000000000,0.4048373304119,-0.0681041380290,0.3099842688745,0.2744022881539,0.4232841948648,0.1698481025092,-0.0651912282927,0.1908269647204,-0.0827429351740,0.2540043587856,0.2670630626611,0.0710848849149,0.2750673944956,-0.0869057240808,0.2628606549181,-0.1966369710419,0.1663445476627,0.2130970739592,0.1278764040340,-0.0045267746033,0.3613708839451,0.0190640470047,0.1505500723441,0.3087365506562,0.0894213935559,0.1022301576037,0.0752238092963,0.1588950284725,-0.0534009487031,0.2617294996275,-0.0829445309667,0.0708317049239,0.0099885960084,0.2353484755398,0.5727991221202,0.1897855478991,-0.1378270104038,-0.1317006724236,0.0284483671737,0.0415280201814,0.1382811391363,-0.1656299130890,-0.0676380662178,-0.2489407226194,0.1866271412549,0.0909270989446,-0.1806200773202,0.1928435690680,-0.1474217864652,0.0277622725806,-0.3685739255051,0.1076710466595,0.1177256506816,-0.0532113275223,-0.0346712677744
0.2256648133285,0.1730933636163,-0.0487553280170,0.3634278352676,0.3809023029369,0.0776211149195,0.4445896719689,0.1335473883571,0.1010118835417,0.4124845124156,0.2853073989975,-0.0633015514672,0.4483019733554,0.3379068188686,0.4048373304119,1.0000000000000,-0.0489870059408,0.0132957289757,-0.1423862847144,0.1242079225369,0.4390247954543,-0.0864122801888,0.3032054563617,-0.2014883885805,0.2840955710375,0.3358463975522,-0.0991961102506,-0.1120023900101,-0.0517682917361,0.3013389144489,-0.1911792729948,0.0934918916883,0.1613819451070,0.3268059714053,0.2126892363127,0.1981660139770,0.1371488903484,-0.1083480309616,0.3645481206327,0.3233678539999,0.1559757268156,0.4506942292140,0.0532483839601,-0.0151273221157,0.4144478117317,0.1776134168800,-0.1297376819087,0.3884054488686,0.2440521512565,0.1888303997384,0.6605839361695,-0.0669480673594,-0.0264478086863,-0.1331796506788,-0.0638470505516,0.3640183374506,-0.1369351692594,0.1900207366294,-0.1580238932119,0.3181260446469,0.0493208650291,-0.1741171427024,-0.1727139594829,-0.0592214553328,0.2763542359058,-0.1599622268638,0.2798193245401,0.1813867976401,0.1810155587999,0.2292871064135
0.2609612309351,0.2452246467724,0.2775201891555,0.2589569702106,0.2319925350633,0.0204975522996,-0.0314053368897,0.1724788832411,-0.1372181921753,0.2997775292407,0.0291921992631,-0.0010846158131,0.0615385301759,-0.0279113425179,-0.0681041380290,-0.0489870059408,1.0000000000000,0.2278053455613,-0.1106841845226,0.0471039677070,0.2536285368609,0.5115372839763,0.5227148590395,0.6163545256705,0.2504283096813,0.2341051487225,0.2539600433473,0.4093233102848,0.3793234148459,0.1917310911046,0.4169034584134,-0.0959720844168,-0.1551900562039,0.3248098163008,0.3372742892398,0.0989699686974,0.2502114355818,-0.0642704662721,0.2586637694148,0.2870194327021,0.0336374238736,-0.0753686798518,0.0033999833950,-0.1863829114768,0.1662180361348,-0.1888768000106,-0.0469906645020,0.1193969419249,-0.1094950078781,-0.2673120499863,0.0652250594579,0.9241451394526,0.1222780842315,-0.1232740966356,0.0210966692494,0.2645708447274,0.2561217270032,0.4302066237084,0.4836755574780,0.1877787031649,0.1864626075830,0.0657982297193,0.0675518388192,0.1553531121567,0.0510534508194,0.2974008346698,-0.0483805450344,-0.0529960665887,0.2455722866973,0.2369567294093
0.3604244575502,0.1169209511608,0.5848665245965,0.2979536349113,0.0419089293786,-0.2094445134485,-0.0245616414300,0.3877039526163,-0.0408369611738,0.0306285257427,-0.0276952527863,-0.0300830673569,0.0206451928442,-0.1493463854247,0.3099842688745,0.0132957289757,0.2278053455613,1.0000000000000,0.0633713414235,0.7349257043873,0.2123567322691,0.2474948454906,0.1843457022521,0.4104706734824,0.0512247639786,0.0181396087712,0.2641622120790,0.3827900486771,0.3834844805874,0.1472613541959,0.3908475878803,-0.2099515509233,-0.0659109967815,0.2847500388045,0.3961723289678,0.2077063354631,0.1557275620258,0.1701575277452,0.2335952780096,0.1366972165559,-0.0339081470162,-0.1392969629515,0.2317846162981,-0.2173266574535,-0.0749833427063,-0.1857368826665,0.0750689769180,0.0573427518744,-0.2609382394155,0.0660093536037,-0.0558242547793,0.1668963463413,0.4539481913826,-0.1155401179426,0.5244108804179,0.2475593451530,0.1111544364123,-0.0699465186544,0.1817829684066,-0.0554048576523,-0.0824777169365,0.0148032180107,-0.0012131363766,0.1693724366447,-0.0038724725505,0.0031515403276,-0.1844596968523,-0.1678837041230,0.1887594032551,0.1749760517013
-0.2054942227558,-0.2419698209767,0.1151626441642,-0.1737247223334,-0.3187308776876,0.4559096064655,-0.0141877360193,-0.0622640074044,0.5667906373185,-0.2482266692074,-0.2297994882352,0.7173534402173,-0.2995856068290,0.0268271198196,0.2744022881539,-0.1423862847144,-0.1106841845226,0.0633713414235,1.0000000000000,0.4116633286570,-0.1512043035646,0.0136427599054,-0.3017376178666,0.0255668544705,-0.2477174095850,-0.0908734525972,0.1043725988338,0.1865592842749,-0.2866503846549,0.0323233984776,-0.1352301541870,0.3141366320991,0.3096074368582,-0.2524050616024,-0.2099079161910,-0.1291866892766,-0.3346759836926,0.3761516263105,-0.2754440571759,-0.3273884635804,0.1544690787783,0.0470932326679,-0.1877755705209,0.4864830079732,-0.2464666497605,-0.1568070766379,0.4478727142834,-0.3397270549016,-0.0006279467743,0.2678907907346,-0.1133728063737,-0.1447448812234,-0.2622128936841,0.6577908198651,-0.0230343560191,-0.1497422530219,-0.0369714465775,-0.4690587908463,-0.1441321257239,-0.2849815617413,-0.1460247024750,-0.1919954663344,0.2103097818731,-0.3737992556294,-0.1108833365690,-0.2835894778125,0.4139066732039,0.0077451329025,-0.2258933133544,-0.2795788736603
0.1316747983835,-0.0664594673684,0.4639353950703,0.1809686467341,-0.1123492666894,-0.0398508719821,0.0868988850469,0.3197798139986,0.2654342048450,-0.0322211223550,-0.0550756527120,0.2520597118933,0.0261716855057,-0.0766553057592,0.4232841948648,0.1242079225369,0.0471039677070,0.7349257043873,0.4116633286570,1.0000000000000,0.1712919647653,0.1471194256858,0.0339329269080,0.2255520663554,-0.0784060056621,0.0596308288158,0.2198157151027,0.3008174016145,0.1745359968412,0.2330136025718,0.2136947615731,-0.0686724808641,-0.0018020968744,0.1472613685213,0.2184154011646,0.0870745277979,-0.0560813680350,0.2430809377351,0.1150674165325,-0.0025911468599,0.0594374737154,-0.0009832183456,0.0967965350077,0.0109226737381,-0.1263283322986,-0.1496438364739,0.2638818281848,0.0286156556694,-0.1624102089909,0.2250677002010,0.0598606706300,-0.0058381281796,0.1764266593612,0.1293544616891,0.4604204018831,0.1924805884670,0.0405733476912,-0.2181445593563,-0.0162049661544,-0.1747226855726,-0.1179068802205,-0.1006623783200,-0.0121478410353,0.0173599313190,0.0079273979243,-0.1531494270103,0.0539696490465,-0.0926486561692,0.0485915712913,0.0499098891122
0.4133158522474,0.3052777905470,0.0040086667071,0.5277418456017,0.6626655173414,0.0534081905023,0.3514946155511,0.0539942328964,-0.0256823353662,0.3401487705122,0.4585201682653,-0.0260018992684,0.5288438826652,0.0418321961515,0.1698481025092,0.4390247954543,0.2536285368609,0.2123567322691,-0.1512043035646,0.1712919647653,1.0000000000000,0.1670148284165,0.4849902585373,0.0876824556075,0.2539746484854,0.2886476372697,-0.0183710480099,-0.1042714723547,0.1556802939640,0.3535993666323,0.2107116060477,-0.2136253304878,0.0140829667535,0.4260926605198,0.5054297617680,0.3452253254844,0.2780088602989,-0.2538864647092,0.5212610832276,0.6968206599671,0.1775621415407,0.4063932159072,-0.0148379043798,0.0883658801167,0.2699017542813,0.2786751652588,-0.0280450873564,0.5582313712161,-0.0392674832198,0.0680065189186,0.3594359051832,0.2947524750444,0.1756589757736,-0.1635010569315,0.0448772165947,0.9510355271490,0.0494507920755,0.3394452873081,0.1051153065537,0.2593307008244,0.0759913109200,-0.1495537187859,-0.4138241935923,0.0127575094390,0.3713473737872,0.2574246541101,0.1962795009501,0.0662208650923,0.3360078686404,0.5753015536087
0.0557950675151,0.2903213801794,0.2821063664806,0.1102967176368,0.0742496680296,-0.0203748899010,0.0100825434544,0.0150039683440,0.0688916303421,-0.0391868844067,0.1319397352980,0.1014283820035,0.0580001630821,-0.0227801116119,-0.0651912282927,-0.0864122801888,0.5115372839763,0.2474948454906,0.0136427599054,0.1471194256858,0.1670148284165,1.0000000000000,0.1718735186627,0.8552626769655,-0.0788209115087,0.1188484675540,0.1966275289265,0.3508939666698,0.4150245725162,0.2724385373408,0.4959097318524,-0.0350096412284,-0.0220784168205,0.4036579537055,0.4343266430611,-0.2390256654512,0.1335526517051,0.1168444666478,0.0571903378119,0.1435569892485,0.1419253911748,-0.0840978653020,-0.2208116125872,-0.0602521707542,-0.1951531148139,-0.0635922663273,-0.0385795528207,0.0645625683330,-0.0002754487089,-0.3236570315255,-0.0332355786946,0.4507281796046,0.0016619097490,-0.1072359731573,-0.0961594638751,0.1998309954904,0.7290957770499,0.2010769513800,0.6756429292915,-0.1243516685476,0.1592255150970,-0.0358318138062,0.2509711282518,0.2756916824297,0.0317956998543,0.3353027397989,-0.0806585425258,-0.0460121260683,0.3381452677191,0.2732707142387
0.4677170855917,0.5286564486882,0.0804793701062,0.6232223285725,0.3971613530723,-0.1394090691804,0.1575019069270,0.1993258321131,-0.2835591051320,0.5585810451292,0.2159504368772,-0.1152550486502,0.3621152314464,0.1601501125894,0.1908269647204,0.3032054563617,0.5227148590395,0.1843457022521,-0.3017376178666,0.0339329269080,0.4849902585373,0.1718735186627,1.0000000000000,0.2287111351732,0.4092020019294,0.4910360099652,0.1354009475823,0.2200695162759,0.2296313874872,0.3437682531673,0.2112869503484,-0.0698602800797,-0.1877412788585,0.4779119004779,0.4342729286994,0.3353416538649,0.5719842113872,-0.3186591513408,0.6388828513302,0.4354560543505,-0.0745141407664,0.0778542947336,0.0429902563311,-0.3799995185547,0.4686460575156,0.0276454086953,-0.0757027987331,0.4329419669945,0.0078235968640,-0.0288099242808,0.2752819083365,0.5209689518252,0.2317893247404,-0.3084698404739,0.0763012308835,0.4784511525168,0.0665623529826,0.7811421933819,0.2144650235881,0.3941840815924,0.3586097453645,0.0261988039238,-0.1021860773805,0.1627668826737,0.2897328715426,0.2667057451916,-0.0283482299515,0.0306844587544,0.3695982648410,0.4762839187454
0.0948728023948,0.2732489636726,0.4530190029486,0.1064514771376,0.0661738670518,-0.0518255915921,-0.0229776038519,-0.0040653436223,0.0216864244851,-0.0365926936776,0.0419574759852,-0.0241019079597,0.0731090867689,-0.1399986873702,-0.0827429351740,-0.2014883885805,0.6163545256705,0.4104706734824,0.0255668544705,0.2255520663554,0.0876824556075,0.8552626769655,0.2287111351732,1.0000000000000,-0.1032973946203,0.0054765179779,0.2119755782302,0.4637819809466,0.4814609778967,0.2949810302427,0.5379251621902,-0.0873205484166,-0.1561606368540,0.4157488821914,0.3769892273079,-0.2294193273724,0.1240205835407,0.1018097054020,-0.0271490500397,0.1257239970475,0.0752601807775,-0.1331396924157,-0.1745405252676,-0.1362139946245,-0.1744147482366,-0.0432864830231,-0.0699369843500,0.0946077112854,-0.1743395988574,-0.3946132406658,-0.1338063234153,0.5566976835175,0.1301641930088,-0.0757499971835,-0.0185767922200,0.1243464648627,0.6672341272362,0.2218095979741,0.7800571472693,-0.1454233340291,-0.0007464575785,-0.0004552590438,0.2773955318687,0.2827489129261,-0.0137465048688,0.3855083284648,-0.1498091824557,-0.1352351675295,0.3166426239741,0.1890592720118
0.5063102467948,0.0919419195166,0.2348292050834,0.5422629202797,0.4446973126863,-0.1076994120192,-0.0190821430454,0.5813143344034,-0.1868974320368,0.7447185416058,0.0916255345266,-0.0427681635982,0.0526549872022,0.3145517434203,0.2540043587856,0.2840955710375,0.2504283096813,0.0512247639786,-0.2477174095850,-0.0784060056621,0.2539746484854,-0.0788209115087,0.4092020019294,-0.1032973946203,1.0000000000000,0.2995028076567,0.3574733466070,0.2030753980629,0.3490863094185,-0.1178082996636,-0.0258645779991,0.1255804357036,-0.1488541503691,-0.0837843770669,0.0284562138669,0.5129593726218,0.2458234457592,-0.0052198531870,0.5224026460802,0.4111410011734,-0.0836600302790,-0.0006027253518,0.5331031866597,-0.2641551325936,0.7645151500095,-0.1835836025214,-0.1055970219717,0.1185580409694,0.2904919867170,0.1530530806230,0.3602170030904,0.2477576104726,0.0273324985805,-0.2975717803544,-0.0566688602832,0.2443046560747,-0.2611697053907,0.2739884149293,-0.1753565067778,0.9035203906442,0.1961616477339,0.1366622997164,0.0351167781917,0.1730883049423,-0.1238450072831,-0.0851502879188,0.0585383600796,-0.0068078574429,-0.1196861849893,0.0423530237607
0.1869802668658,0.4402190412022,-0.0134262977643,0.5060845824599,0.2991074819542,-0.0506701447887,0.0460315349563,0.2068339880821,-0.1695172717947,0.4281233564195,0.1208913550415,0.2001956976260,0.2236848076277,0.6913028995221,0.2670630626611,0.3358463975522,0.2341051487225,0.0181396087712,-0.0908734525972,0.0596308288158,0.2886476372697,0.1188484675540,0.4910360099652,0.0054765179779,0.2995028076567,1.0000000000000,0.3695949848920,0.4113602949584,-0.0264533873512,0.1597413098091,-0.1079460234299,0.3220418762883,0.0886055732271,0.1155172530121,0.3184060102211,0.1468963155094,0.3691528180723,-0.0804117996912,0.5327380172286,0.2786234666549,0.0689240392937,0.1421747432332,-0.0239654487661,-0.2414466812788,0.3355314726772,-0.0266135009098,0.1690789454798,0.2329090651462,0.4787010704604,0.1078548334355,0.3455494128575,0.2236149387849,-0.0943202112976,-0.2708858568151,-0.1875213655275,0.2960631972259,-0.0514308301453,0.3145155995274,-0.0971235423362,0.2042869018084,0.7439452658411,0.0203718377252,0.1084916987505,-0.0724816534961,0.1180835995028,-0.1236438604733,0.0594283158870,0.2739288117109,0.1211625940730,0.3335388350001
0.1539420447524,0.1803601580081,0.3786224282357,0.3198132019426,0.0673453157372,-0.0485393856954,0.1136295623532,0.3556695063345,0.0732145109549,0.1689933505818,0.1397867473284,0.2564235681519,0.0214659684626,0.2118427744000,0.0710848849149,-0.0991961102506,0.2539600433473,0.2641622120790,0.1043725988338,0.2198157151027,-0.0183710480099,0.1966275289265,0.1354009475823,0.2119755782302,0.3574733466070,0.3695949848920,1.0000000000000,0.4732521419989,0.3240123267989,-0.0863474256213,0.1663268500144,0.2296884332729,-0.0534378252833,-0.2045121036766,0.1765126273493,0.0607757583644,0.1560381594150,0.2193185618990,0.2916417573200,0.0810683714311,-0.0172061905084,0.0471786083725,0.2145774876559,-0.1562040323302,0.1107947919366,-0.1425818599982,0.1955048265136,0.0456042900816,0.1542496694852,-0.0947935949210,0.0256704207878,0.2521895320412,0.0725719829043,-0.1229915365225,0.0327050065723,0.0173761904257,-0.0669194981392,-0.0136616368064,0.0108721476998,0.2250373497055,0.3305854826376,0.5099979510818,0.3432819111998,0.1480898033694,-0.2372510111042,-0.1341598444025,-0.0179579825426,-0.0842587138314,-0.1198016087918,0.0059053838114
0.1338212958021,0.1520486163164,0.6016132000042,0.1840709834807,-0.0325289777426,-0.1367628159126,-0.3402943458070,0.4485736464742,-0.1344463315504,0.2668700329870,-0.1726310091546,0.1598068934046,-0.2234434862851,0.3275343705310,0.2750673944956,-0.1120023900101,0.4093233102848,0.3827900486771,0.1865592842749,0.3008174016145,-0.1042714723547,0.3508939666698,0.2200695162759,0.4637819809466,0.2030753980629,0.4113602949584,0.4732521419989,1.0000000000000,0.2037059985576,-0.1503241183798,0.0090075983235,0.3111540452893,-0.0557531105630,-0.0680499435186,0.0081604930217,-0.0933245893324,0.0947481525077,0.3599560646320,0.1471911238375,0.0172419862728,-0.0475159526858,-0.3029458766034,0.1184666293066,-0.3315046313520,0.1600952482181,-0.3117821898836,0.0871850713273,-0.1710064335781,0.1638498388900,0.0040828765464,0.0305797656495,0.3225447279577,-0.1638089739713,-0.1070475535409,-0.0208369408115,-0.0653410884319,0.1407604279280,-0.0345705407616,0.1262898534173,0.0325481690318,0.3254818706492,-0.0246059791655,0.5385696399289,0.0374309046154,-0.3222950757360,-0.2877517963759,-0.1316451822079,-0.0447731996090,-0.0404139287769,-0.1706308112378
0.1953439718278,0.1074595122356,0.4343495460601,0.2766398804938,0.2672272281110,-0.2994252725594,0.0608316102587,0.4230738757072,-0.0641597573713,0.1783998271446,0.2662081411935,-0.2110767104156,0.2134097924257,-0.1033764429024,-0.0869057240808,-0.0517682917361,0.3793234148459,0.3834844805874,-0.2866503846549,0.1745359968412,0.1556802939640,0.4150245725162,0.2296313874872,0.4814609778967,0.3490863094185,-0.0264533873512,0.3240123267989,0.2037059985576,1.0000000000000,0.0199604310734,0.6058158749976,-0.2078325886490,-0.2293381085218,0.1397218368629,0.1825150769833,0.0619753001089,0.1379192969301,-0.0676303402863,0.1540770584581,0.4096715007241,-0.1138313188520,-0.0487448840725,0.3360440686680,-0.2743624309481,0.0718811634494,0.1081224159988,-0.0879959470860,0.2658658552312,-0.1500483770166,-0.2545906047195,0.0406290152077,0.3516930368541,0.2955910861385,-0.3978169393319,0.0745811445682,0.2166712832148,0.3147856754988,0.2079363431941,0.3658249748108,0.2693096547607,-0.1041489014432,0.1910038270729,0.0629318743854,0.7877163123757,-0.1564991718230,0.3245377963182,-0.2257992992583,-0.1387792929556,0.0817999655540,0.0683504076310
0.3393302592384,0.4346894554066,-0.1378917409206,0.3243710061436,0.2201985634170,0.1114273503863,0.4666912229305,-0.2916384718840,0.1261084879111,0.0372066297142,0.2989833639445,0.0349781763541,0.5590262759219,0.0124973742926,0.2628606549181,0.3013389144489,0.1917310911046,0.1472613541959,0.0323233984776,0.2330136025718,0.3535993666323,0.2724385373408,0.3437682531673,0.2949810302427,-0.1178082996636,0.1597413098091,-0.0863474256213,-0.1503241183798,0.0199604310734,1.0000000000000,0.2358178046108,-0.1489687333326,0.0374598806978,0.6190702193584,0.4536751301207,0.1314023518581,0.3203275482535,-0.2733368504945,0.2966908750982,0.1830562705674,0.2099038892699,0.3550919433193,-0.2935773524013,-0.0272956900969,-0.0558518117223,0.2203210356910,0.0254136074837,0.5035848805888,-0.0950827867134,0.0045763415321,0.1450601391363,0.2255125222940,0.2014358445837,0.0544937649011,0.0096614825996,0.3531420801321,0.2337550436026,0.4350956087758,0.3221210517800,-0.0279752562459,0.0422786548309,-0.0715277126510,-0.1480894117530,0.0178151047874,0.7127253481756,0.3239366619343,0.1445354169672,0.2364339360964,0.4911310334697,0.5171460894537
0.0623595943943,0.0947231552777,0.3200012542548,0.1722032512139,0.0387789839826,-0.0081968680721,0.0300255503868,0.1414796001954,0.0486996532697,-0.1049041904689,0.0325421244434,-0.0643578683099,0.0934149944877,-0.3580439080861,-0.1966369710419,-0.1911792729948,0.4169034584134,0.3908475878803,-0.1352301541870,0.2136947615731,0.2107116060477,0.4959097318524,0.2112869503484,0.5379251621902,-0.0258645779991,-0.1079460234299,0.1663268500144,0.0090075983235,0.6058158749976,0.2358178046108,1.0000000000000,-0.4106529793203,-0.1306021251619,0.3362755227199,0.5102881573065,0.1063930472202,0.1037948114117,-0.0715251950688,0.1096045892338,0.1832317964966,0.0634416762572,-0.0158818456472,0.0322041151940,0.0279835343718,-0.2342159543977,-0.0657407281523,-0.0288480309564,0.1220051897932,-0.3616304315934,-0.2558562330698,-0.0850144802303,0.3654729781139,0.5466776749735,-0.1796720679540,0.2743696964242,0.2399183407802,0.3703796391007,0.2386973487618,0.5117100855532,-0.0417033176820,-0.1043249794277,0.1404635084327,-0.1226044995907,0.3674934213454,0.1289124419893,0.6781711297910,-0.1752217694001,-0.1485392774100,0.2585496034710,0.3432112213865
-0.1620501221836,-0.0327215811181,-0.0298849357823,-0.0527037390526,0.0007127512662,0.1681769290573,-0.0564533814211,0.0565652340957,0.2021858303620,0.2188961341433,-0.0541297234874,0.3359093242715,-0.1550707085498,0.6521154394580,0.1663445476627,0.0934918916883,-0.0959720844168,-0.2099515509233,0.3141366320991,-0.0686724808641,-0.2136253304878,-0.0350096412284,-0.0698602800797,-0.0873205484166,0.1255804357036,0.3220418762883,0.2296884332729,0.3111540452893,-0.2078325886490,-0.1489687333326,-0.4106529793203,1.0000000000000,0.2464665211037,-0.1977272884512,-0.2349908905524,-0.2261913582197,-0.1516055086681,0.2024844328483,-0.0508364508090,-0.1168963080091,-0.0096575714363,0.0089480393536,-0.0140800138930,0.0609783973068,0.2033177622935,-0.0433649149680,0.0491748984065,-0.1429620410304,0.5211410286085,0.0886604439042,0.0516133778317,-0.1104915626785,-0.4716320688355,0.1562324496155,-0.3448008625241,-0.2311767690192,-0.1080496267197,-0.1827281722437,-0.2054547414868,0.0393859185457,0.2831427019774,-0.0893706533959,0.3176241118390,-0.2033261615976,-0.1674481913311,-0.4239669680450,0.4415709789028,0.1658604322546,-0.1165693247603,-0.2905287837512
-0.1722821580329,-0.1255326101955,-0.0565482805265,-0.0596369543849,-0.0905741196930,0.4557146701324,0.0955739362160,-0.0360908326876,0.4152918141023,-0.1546486327645,0.0186479370818,0.3931724589022,-0.1471957655286,0.2957451052867,0.2130970739592,0.1613819451070,-0.1551900562039,-0.0659109967815,0.3096074368582,-0.0018020968744,0.0140829667535,-0.0220784168205,-0.1877412788585,-0.1561606368540,-0.1488541503691,0.0886055732271,-0.0534378252833,-0.0557531105630,-0.2293381085218,0.0374598806978,-0.1306021251619,0.2464665211037,1.0000000000000,-0.0934227150679,-0.0205021049782,-0.0168873264475,-0.2685163254261,0.1445677838158,-0.0467057225920,-0.1217716126786,0.3127086846967,0.1964688363734,-0.1452316060185,0.3824495030352,-0.1299539802226,0.0047342670924,0.1625288762892,-0.2088981512929,0.2617349458621,0.2248271021502,0.0669560533880,-0.2156909153705,-0.1992710847362,0.2133228145878,-0.1104817211808,0.0025192654437,-0.1354691550837,-0.2656264989174,-0.2368085042891,-0.1552535714185,0.0155315059137,-0.2371695498408,-0.0195862658396,-0.2683986053331,0.0974060735681,-0.2521613621952,0.2798501462486,0.2790489850208,-0.0108154291528,-0.0694207886023
0.3097459579080,0.4286617131106,0.0438867590113,0.3224059560618,0.2828459779384,-0.0515504526850,0.2334002714841,-0.1724825282547,-0.0640363169805,0.1230805551999,0.2025925223359,-0.2735422590443,0.3904255555589,-0.0682910221568,0.1278764040340,0.3268059714053,0.3248098163008,0.2847500388045,-0.2524050616024,0.1472613685213,0.4260926605198,0.4036579537055,0.4779119004779,0.4157488821914,-0.0837843770669,0.1155172530121,-0.2045121036766,-0.0680499435186,0.1397218368629,0.6190702193584,0.3362755227199,-0.1977272884512,-0.0934227150679,1.0000000000000,0.6021840656036,0.1001806138803,0.3459175633506,-0.2045076711758,0.2976278743375,0.2474581108301,0.1466711981804,0.1181028126029,-0.1519110238630,-0.1331029384301,0.0136989150846,0.1251625516052,-0.2351312468944,0.3683729435027,-0.1920466959285,-0.1030265866127,0.1189959542905,0.3362055565044,0.3664238414992,-0.1607429567893,0.1242329470762,0.3859262925726,0.4088629163028,0.4932880253875,0.5191832145158,-0.0140508995687,0.0582833676858,-0.1248963831908,-0.1531895738892,0.0815213240166,0.5323298956388,0.4453043795116,0.0063654765858,0.0249223902941,0.7316990285036,0.5716006498731
