1.0000000000000,-0.1647466615647,0.2236443553997,0.1837790615655,0.4882470420925,-0.1444663942231,0.4963494156202,-0.0621974887411,0.2944993629682,0.1580017559879,0.4780958348531,-0.0852599550991,0.5271438066570,0.2568699470835,0.4075058411619,0.1619290120202,0.1501890426322,0.3476366842057,0.3499866369531,0.3597707127508,0.4280013677861,0.2508064606121,-0.0422576295078,0.3233806432876,0.1508607447469,0.1211415178731,0.1996292153138,0.0767053677569,0.2267686752393,0.4829909349342,0.1514271806761,-0.1428379271446,-0.0513736986023,0.3291502692521,0.2619968776382,0.5281594009458,-0.2794562483345,-0.1279941949485,-0.2292473932293,0.2924040601404,0.0401923713495,0.1869334819496,-0.0825425405530,-0.1871813030755,0.0484691000247,0.3659989128537,-0.4170633181377,0.3711720306664,-0.1281511742301,0.0876267195904,0.2124774256502,0.1134787472476,-0.1270400670356,-0.1642977762796,0.0422684125908,0.3419461554817,0.2411508162943,-0.1143404121327,0.2270124768039,0.0746176060513,-0.3424102164658,-0.2901761152497,-0.0710942345077,0.1387599361663,0.1551277877980,0.1269314827003,-0.0734353809909,0.2399334609436,0.1388274636403,-0.1015357446288
-0.1647466615647,1.0000000000000,0.1061259434216,0.5928231564592,-0.1435688745577,0.1241887439670,-0.1682228027697,0.2171242195014,-0.0343219820604,0.0342831768826,-0.1910281128240,0.2255608314534,-0.1047798197929,0.2486185986122,-0.0432845867809,0.1547147118675,0.0407231164309,0.0926771650582,-0.0196784514632,0.0488084327868,-0.0713537305444,0.0357631988609,0.5485801083256,0.2334058444243,0.3354605113778,0.4954214346110,0.4126840722409,0.1971254559501,0.2209472373591,0.1502630399486,0.3949842035082,0.2783133528389,0.1127923424312,0.1582902689108,0.4752554609588,-0.1816707892918,0.7515504803099,-0.0794318731911,0.5393063505406,-0.2708449982996,0.1239116486335,-0.1891608928978,-0.0283844565825,-0.0437142215462,0.0385631120320,-0.1701230577558,0.0637050830830,-0.1736040795264,-0.1552655399995,-0.2618725397901,-0.0172098211392,0.1599945632435,0.2151615572675,-0.2672500617415,0.0048292136782,-0.0759370101840,-0.2236013134525,0.6115692256795,0.1220618126757,0.2054594650854,0.2955995129211,0.2913995734500,0.2251763647271,-0.0523997365153,-0.0553836147601,0.0110909147037,-0.1246903630688,-0.0777269752782,0.1173213042959,0.4294632073357
0.2236443553997,0.1061259434216,1.0000000000000,0.4516879894344,-0.0976210048671,0.2451635223570,-0.1730137999434,0.6570143659221,0.2053582244905,0.3190840044164,-0.1863113229779,0.1201529982731,-0.1129634896428,0.3259768571134,0.4870626122290,0.1479936097044,0.0082993468474,0.4078993951713,0.5173034330628,0.2541066150663,-0.0945671406428,0.0158177360150,0.2386404835193,0.3371757560262,0.3401816118180,0.3847113410621,0.6909650873907,0.7477141733558,0.4211051495403,-0.0487208285593,0.2191184432914,0.1172826986718,-0.0742957847509,0.0538044973620,0.0374646803569,-0.1781532701295,-0.1247434102983,0.4366611080070,0.0938250881949,-0.2764049176508,0.2065533402427,-0.3817859062889,0.3656612210296,-0.0418551415053,0.2324373928665,-0.2559296967775,0.0383354461687,-0.3246793310134,0.0499525766925,0.1346837125757,-0.1810085194517,-0.0270084643087,0.1456286596725,0.0310505762162,0.1144516355073,-0.1769883593747,-0.3029183609444,-0.0648320378996,-0.0703103935712,0.1647439527833,0.0493445945637,0.3273344429077,0.6222970095429,-0.1340304530197,-0.5020952016427,-0.4136936231885,0.0633976862841,-0.1886033065498,-0.3593098549936,-0.1653011837678
0.1837790615655,0.5928231564592,0.4516879894344,1.0000000000000,-0.0290971062846,0.2069317867713,-0.0388549305508,0.5002969219584,0.1960102333413,0.3768333421709,-0.0836138823334,0.2397650534786,0.0408312690626,0.5529914432152,0.3576357323946,0.3574802069243,0.1017656752811,0.1878947272685,0.2843320869301,0.2041345574486,0.0249043896162,0.1201185830463,0.5881410267505,0.2900161585501,0.5135426569544,0.6812425120126,0.6300319499603,0.4933385259396,0.4387902572384,0.3101784432745,0.4339837030059,0.3727240850841,0.0378770339800,0.2910032243400,0.5138607816600,-0.0533674382412,0.3172336943482,-0.0029435575888,0.6367020505140,-0.2587750448088,0.3267023263244,-0.2227081299770,0.0980458854137,-0.0377932968621,0.3061788920739,-0.1072675362116,0.0079514711056,-0.1563031940164,-0.0434408993299,-0.0818442840400,0.0062175559583,0.1415034327497,0.0773168960407,-0.2683111213955,0.0155534838780,-0.0396400268757,-0.2385818083484,0.4427969764740,0.0734542065204,0.3409397764904,0.2808074232575,0.2059363702447,0.4402706852057,-0.1330153261766,-0.1838469087190,-0.1485066311550,0.0474336450671,-0.0112016778820,0.0083792114559,0.3023671538188
0.4882470420925,-0.1435688745577,-0.0976210048671,-0.0290971062846,1.0000000000000,-0.1288920853640,0.3921161428183,-0.1337340920625,0.0110919479980,0.0418526984195,0.7481096786737,-0.3236380653504,0.8242952733172,-0.0825010522944,0.0429467329823,0.1496564417742,0.0778553355788,0.1471488284308,-0.0144255252411,0.1125676961937,0.8060784669426,0.4498570456141,-0.0827027727491,0.3975489084211,0.2295517613213,-0.0498770909650,-0.0024302008883,-0.1979129129914,0.3194034456024,0.4749903463299,0.2530769417587,-0.1524735989864,-0.0279161060083,0.3862799944787,0.1636730062680,0.4150111880184,-0.2125088748131,-0.2460597992621,-0.3402645544977,0.8648306395369,-0.0012286804106,0.2831095869109,-0.1526911231259,-0.1996298781111,-0.0423698062047,0.6293632527364,-0.5172984779804,0.7768895348103,-0.4515606277763,-0.1176655756985,0.1984771178619,0.1060400553722,-0.0861942006508,-0.3202719795377,-0.0234428226648,0.8433096621381,0.4343552844836,-0.1182893036996,0.3446715491027,0.2689334374753,-0.4699793545023,-0.3634069452117,-0.2609598978844,0.4832460881408,0.3681446454908,0.3378472303903,-0.2983802216464,0.1139287144745,0.3974158436587,0.0156360167794
-0.1444663942231,0.1241887439670,0.2451635223570,0.2069317867713,-0.1288920853640,1.0000000000000,-0.1518127891733,0.4356156829184,0.3175442469733,-0.0415437808944,-0.0149245016477,0.2358853941474,-0.1234846013125,0.1687126524241,0.3378412565400,0.3620456946775,-0.0890623651763,0.0363963142095,0.2118622283324,-0.0136315536504,-0.1722164609450,0.2373139921802,0.1801507937804,0.1898880883880,0.1238305356494,0.2685416646915,0.2587579747474,0.3319496685360,0.4123524069690,0.1268318573883,0.3299430135530,0.1691506476707,0.1443616000195,0.0297269151113,0.0928318036541,-0.0299292470819,-0.1255243108228,-0.0517008551530,0.1097556732794,-0.1888714051910,0.6038933315443,0.1644131424948,-0.0430267066967,0.3844677746788,-0.0142648661000,0.0146091493462,0.3014991478798,-0.1832405098925,-0.0488249255268,0.3266077065820,0.0609864532689,0.0009893721239,-0.0409375997991,-0.0384222427711,-0.0922818714893,-0.1550890238722,-0.1116361804879,0.0010769228227,-0.0520802569484,0.1283667878222,0.0654267051012,0.0047553789439,0.2027158616253,0.0652652273559,-0.1776702455719,-0.1896846274740,-0.2012671693329,-0.0094673415081,-0.1823099017296,0.0705048313907
0.4963494156202,-0.1682228027697,-0.1730137999434,-0.0388549305508,0.3921161428183,-0.1518127891733,1.0000000000000,-0.4371232224723,0.4353956872797,0.0442931578857,0.5558383726776,-0.0202706460989,0.5641711718116,0.0669211773033,0.0636640144054,0.0898364756352,-0.0067331931002,-0.0520095933281,-0.0054502645037,0.0276529328873,0.4057535851121,-0.0747404628789,-0.1553019549909,-0.1104727889127,-0.0495171185924,-0.0772190420421,-0.1024989177530,-0.2723216780412,-0.1502526795598,0.3406930690693,-0.1179431303906,-0.3713098357575,0.0045766918376,-0.0150313852087,0.1461682899219,0.1998893821820,-0.1336408459600,-0.1137778576515,-0.1792956434628,0.3233127857503,-0.0351278985427,0.4959435841061,-0.0824157619585,0.1346246852139,-0.0004045180044,0.4049736269152,-0.3828761407374,0.4494012457779,-0.0545349140150,-0.0060411059647,0.2999201644184,-0.0605828272515,-0.1471953649639,-0.1723981840162,-0.1771385658458,0.3070181762977,0.0839263110443,-0.0926517811721,0.0155115204570,-0.0584550035537,-0.2411057407054,-0.2306761851925,-0.2794284640789,0.1136447337904,0.2157447653530,0.1358552979455,0.0098913968388,0.2178940664210,0.0707569436235,-0.1054996840491
-0.0621974887411,0.2171242195014,0.6570143659221,0.5002969219584,-0.1337340920625,0.4356156829184,-0.4371232224723,1.0000000000000,0.1015588654915,0.2741393864992,-0.1314182378722,0.0875191467503,-0.1178324945537,0.3184328123044,0.5562914171159,0.4310169846358,-0.0716330484623,0.2775334700645,0.3717632330291,0.1877897534290,-0.2179590568975,0.2747872197996,0.3185852568925,0.2925250375773,0.4696761621401,0.5250098160024,0.6260900915507,0.7315659653710,0.6551460444160,0.0685908705634,0.3939812030388,0.4775746350264,0.1005092385866,0.1337874600021,0.0700657242840,-0.1397536822171,-0.1126958190937,0.1487031516390,0.2013313332512,-0.2538318836761,0.4426837515741,-0.2437895727382,0.2340498914087,-0.0159602816962,0.2456523756538,-0.0847550420290,0.2248194638138,-0.2513461852702,-0.0320321520014,0.2141616144357,-0.0540049542593,-0.0496430292092,-0.0397659271787,-0.1266785384943,0.0059164654268,-0.2035046708340,-0.2692268303411,-0.0492353262055,-0.2135047677946,0.3749106215517,0.1536168707079,0.1683901065105,0.5372871841227,-0.0402032957067,-0.4500797793968,-0.4673566007885,0.0143337307630,-0.1121113083723,-0.2546157124259,-0.0466029690342
0.2944993629682,-0.0343219820604,0.2053582244905,0.1960102333413,0.0110919479980,0.3175442469733,0.4353956872797,0.1015588654915,1.0000000000000,0.0066853606066,0.1463883434927,0.4274085110918,0.1067996557575,0.4327339699179,0.5171748829786,0.3452221569418,-0.0051762409986,0.1109829803542,0.4413567199092,0.1869094294959,0.0286902444432,-0.0498152220928,-0.0102854033286,-0.0091937485737,-0.0487903148225,0.2668062047902,0.2865462031299,0.2335625117221,0.1702317914224,0.2247721952487,0.1307754669126,-0.0244069145731,0.1843005345172,-0.0811245605631,0.1869123910062,-0.0267696896481,-0.1895969054784,0.0342511739396,-0.0805623523313,-0.1795689407352,0.3029511102476,0.2654579869533,-0.0437709716838,0.4310208234862,-0.0517576707016,0.0436721508210,0.1139959537475,-0.0963029621402,0.0742519118038,0.2736234123410,0.0915050191672,-0.0414656216569,-0.0088748832926,0.0267336771685,-0.0631452166284,-0.1022709447267,-0.1834342488825,-0.1025763044236,-0.0428719814863,-0.1558530692625,-0.0340131045359,0.0121673458230,0.1201434281899,-0.1142971782348,-0.2211616538057,-0.2132088646810,-0.1251583141412,0.2109006177030,-0.2559738303009,-0.0143129417720
0.1580017559879,0.0342831768826,0.3190840044164,0.3768333421709,0.0418526984195,-0.0415437808944,0.0442931578857,0.2741393864992,0.0066853606066,1.0000000000000,-0.0955761814703,-0.0205972431174,0.0449519748416,0.3703578258670,0.2693585090033,0.1022291942718,0.0033841263378,0.0025937400202,0.1456222606725,-0.0576709145386,-0.0199646397333,-0.0972834079243,0.2360481164573,-0.0948159945914,0.4979243264892,0.3338020423426,0.1325786760349,0.3173199173878,-0.0819994661364,-0.1148421411449,-0.1385394236261,0.1968987909529,-0.0939473398348,-0.1048358199652,-0.1285522762843,-0.1339500692249,-0.0065826010234,0.0970764374017,0.2976083470721,0.0240282136616,0.0427096766907,-0.1468113236278,0.1427660767559,-0.1750515818620,0.7883465263735,-0.1187781600676,-0.1407102111899,-0.0316528020600,0.4118480479832,0.0503871347571,0.0438995971746,-0.0676773921229,-0.3019768556694,-0.0584376343396,-0.1034059741109,-0.0467336433887,-0.2019445751075,0.0142225479501,-0.1760475904581,0.4081649667768,0.3136610896316,-0.0347821504981,0.2519790082884,-0.2976403701872,-0.2628917729259,-0.2152507779746,0.3410891031272,-0.0405755053120,-0.2247147312570,-0.2172267195442
0.4780958348531,-0.1910281128240,-0.1863113229779,-0.0836138823334,0.7481096786737,-0.0149245016477,0.5558383726776,-0.1314182378722,0.1463883434927,-0.0955761814703,1.0000000000000,-0.2793663561986,0.8120097788734,-0.0371441585231,0.1509680945053,0.2970401288156,-0.0043176575751,-0.0222786423663,0.0341753935182,0.0369211331521,0.6445977949531,0.4576097495092,-0.1935287083662,0.2494540009784,0.0739255063733,-0.0399846773687,-0.0646524812978,-0.1889001743245,0.3250760643461,0.5561513897517,0.1602368989720,-0.1545534642138,0.0493374692598,0.2936998028088,0.0981335861636,0.5022257236258,-0.3491300309741,-0.3254446649163,-0.3785919693992,0.6718993891784,0.1365243177939,0.5618881007048,-0.2877711063504,0.0001450650531,-0.1618246492145,0.8554223538051,-0.4161719503196,0.7804667215312,-0.3497612993496,0.0782458733080,0.3059316908073,0.0283535795779,-0.2860742893228,-0.3340772891789,-0.1499517612506,0.6597127716122,0.4016174929380,-0.2308603343629,0.1550612331555,0.1452316734063,-0.4186623380184,-0.4682551836111,-0.2897908877856,0.4808208775086,0.3641741995309,0.2054830149126,-0.2241054795974,0.2226118915436,0.2984897899827,-0.0819646453466
-0.0852599550991,0.2255608314534,0.1201529982731,0.2397650534786,-0.3236380653504,0.2358853941474,-0.0202706460989,0.0875191467503,0.4274085110918,-0.0205972431174,-0.2793663561986,1.0000000000000,-0.2771695229318,0.5945192847189,0.2757211809230,0.3021747658894,-0.0164234331520,-0.0702159044197,0.4900501206381,0.1430651837552,-0.1472527198633,-0.1976242200222,0.1884437207072,-0.1123624431766,-0.0600409519370,0.4268466400797,0.2464846368014,0.1940190845801,-0.0581446156513,0.1093815031306,0.0216551031160,0.4060135631373,0.0495735040948,0.0074994442204,0.3760582717021,-0.1548204986665,0.1443565615034,0.0154360218919,0.2109568841089,-0.4354533372677,0.0640900437315,-0.0611876248173,-0.0741282743170,0.2476796598533,-0.0152848954845,-0.3042204336945,0.5813445790672,-0.3731420991151,0.3936893971021,0.1887589239757,-0.0424002245091,-0.0297391000658,0.0975527465952,0.4572380992992,0.0308377596441,-0.2626414475113,-0.3311991996240,0.1320815733766,-0.0396938353326,-0.1805720549854,0.5100318001395,0.2979216061192,0.2800546502492,-0.3674455982112,-0.0972816024221,-0.2283090097548,-0.2149124210263,-0.1056812175519,-0.0624630976650,0.3713738197950
0.5271438066570,-0.1047798197929,-0.1129634896428,0.0408312690626,0.8242952733172,-0.1234846013125,0.5641711718116,-0.1178324945537,0.1067996557575,0.0449519748416,0.8120097788734,-0.2771695229318,1.0000000000000,-0.0084745808991,0.1134811186495,0.2350591768599,-0.0047807372433,0.1404162114709,0.0564126081048,0.1845247562134,0.8171349856993,0.3990943986658,-0.1103342022894,0.2880738744962,0.1344540127525,-0.0268966283157,0.0018040472600,-0.1766384089824,0.3052960564917,0.5673945730226,0.2055527239484,-0.1136907960278,0.0379466813446,0.3164939621719,0.2172083203361,0.4377679460316,-0.2424545820009,-0.3138474149131,-0.2876794426395,0.7020940212793,0.1047475870082,0.4208979040063,-0.2120972811277,-0.1086664351923,-0.0506760925537,0.7764524183365,-0.4576871993468,0.8975832932585,-0.4118601322549,-0.0613374370094,0.3424808413634,0.0251554171878,-0.1764732592874,-0.3183985224131,-0.0643732535453,0.8294128740423,0.3308933783828,-0.1379498683713,0.1939908003218,0.1575854309142,-0.4603671157960,-0.4375782309960,-0.3033284047425,0.4039606232773,0.3910094309436,0.2300291177158,-0.2090814719633,0.1704572268716,0.3449116036011,0.0062198656736
0.2568699470835,0.2486185986122,0.3259768571134,0.5529914432152,-0.0825010522944,0.1687126524241,0.0669211773033,0.3184328123044,0.4327339699179,0.3703578258670,-0.0371441585231,0.5945192847189,-0.0084745808991,1.0000000000000,0.6137920719527,0.4596370274734,0.2420721841135,-0.0292244900448,0.5712210360824,0.1025826032591,-0.0263306402698,0.1459610322603,0.2913802786980,0.1477437716909,0.2815248550626,0.7252882679631,0.4708689843046,0.4788816334330,0.2653971625844,0.3176969017370,0.1224656551139,0.4851897250776,0.1004035020228,0.1682285254210,0.2763130801278,0.0356390160180,-0.0255244101755,-0.0394045977633,0.2054639420319,-0.3271093402834,0.2065520245957,-0.0618747067790,-0.0565369706791,0.0933628537273,0.3003912452796,-0.0960332526376,0.1987000214701,-0.2082230440456,0.4520938312479,0.2639032132709,0.0558422906645,0.1883156863177,-0.1957960616969,0.1043014574650,-0.0938568190483,-0.1625518648933,-0.1508577199561,0.1485538714086,0.0844853613072,0.1296085300727,0.3724882710300,0.1133389942400,0.4214062478568,-0.3602918116284,-0.2617016605959,-0.2212566997152,-0.0101889009076,0.0813082160297,-0.0648838137964,0.1086281321087
0.4075058411619,-0.0432845867809,0.4870626122290,0.3576357323946,0.0429467329823,0.3378412565400,0.0636640144054,0.5562914171159,0.5171748829786,0.2693585090033,0.1509680945053,0.2757211809230,0.1134811186495,0.6137920719527,1.0000000000000,0.5150857488726,0.0942207611249,0.0960813499220,0.6796204241981,0.1373217948750,-0.0140795164138,0.2881135669271,0.0820788314620,0.1996890397316,0.2745796770654,0.4667927561359,0.4580513998889,0.6147991793795,0.4732153965998,0.3410242629169,0.1482210887597,0.2796210132538,0.2307867963791,0.0615614693375,0.0131200057302,0.1666919686255,-0.4022296264237,0.0070801073401,-0.0603905826517,-0.1431559605205,0.4409278824828,0.1253969663776,-0.0726563854913,0.1340970084209,0.1859623858640,0.1123623823922,0.0429418702292,-0.0501695460094,0.2054152658319,0.5421019068725,0.1693787657090,0.0539596775902,-0.3409063980013,-0.0241233928316,-0.1669943651232,-0.1014656557961,-0.0845520961537,-0.2164822906427,-0.1063406442063,0.1563621468904,0.0095984549934,-0.1474699719373,0.3880259537318,-0.1050950607953,-0.3231755631345,-0.3868052808095,-0.0377594802974,0.2712252212617,-0.2660430464905,-0.2654147428620
0.1619290120202,0.1547147118675,0.1479936097044,0.3574802069243,0.1496564417742,0.3620456946775,0.0898364756352,0.4310169846358,0.3452221569418,0.1022291942718,0.2970401288156,0.3021747658894,0.2350591768599,0.4596370274734,0.5150857488726,1.0000000000000,0.0143326220026,-0.0568772104483,0.3447990298219,0.0754767681715,0.1212574846461,0.3608595411967,0.1077932922790,0.2320243198618,0.3578341291215,0.5185239162486,0.3019785812894,0.2992434741510,0.4643522773406,0.4371397631078,0.2227211248431,0.3936085556990,0.3449875420895,0.3054440060293,0.2853981318066,0.0723038716450,-0.1458329515477,-0.1494098286436,0.0484527397962,0.0300737864976,0.4366165767216,0.2643425990306,-0.1444025510162,0.1885240978352,0.1549393377228,0.2261525741476,0.1090587687731,0.1316915015025,0.0013350534360,0.3523866275302,0.4256051055804,0.0785057579063,-0.2501210559578,-0.1387094482449,-0.1812423989107,0.1123814449090,-0.0097926259996,-0.0737117169244,-0.0008405956513,0.3188281342400,0.0954568712589,-0.0930518470655,0.2561685539844,0.0376805488675,-0.0976740111304,-0.2857056051967,-0.2274479499630,0.2237806171830,0.0045791395443,0.0924734800201
0.1501890426322,0.0407231164309,0.0082993468474,0.1017656752811,0.0778553355788,-0.0890623651763,-0.0067331931002,-0.0716330484623,-0.0051762409986,0.0033841263378,-0.0043176575751,-0.0164234331520,-0.0047807372433,0.2420721841135,0.0942207611249,0.0143326220026,1.0000000000000,-0.0900328114426,0.0549264909457,-0.0280474699483,-0.0506468555560,0.4768321428633,0.2936069787693,0.4264389070967,0.1924301351931,0.0789537847012,0.0534333877534,0.0860681503312,0.1820757029470,0.1983691849272,0.1645958679785,0.0633856073090,0.1394470462470,0.1350714505111,0.0579658617283,0.2071387504558,0.0041878277841,-0.0791628971406,-0.0633529985740,-0.0006202877673,-0.1767803148897,-0.1292567963848,-0.1678153743833,-0.2451774625941,-0.0518321589027,0.0043155293285,-0.2152788103677,0.0083968636947,-0.0207189813946,-0.0789634987710,-0.1002687549124,0.8899370388089,-0.0870536482094,-0.1368914406423,0.0201147032451,-0.0046553344264,0.5604265704668,0.3438428905092,0.6135693321964,0.2114662205475,-0.1403393875255,-0.0939094988573,0.0319402304303,0.1196033344337,0.1054138028091,0.3099930384449,-0.1445720961339,0.0288488486192,0.1408109148592,0.0242970403398
0.3476366842057,0.0926771650582,0.4078993951713,0.1878947272685,0.1471488284308,0.0363963142095,-0.0520095933281,0.2775334700645,0.1109829803542,0.0025937400202,-0.0222786423663,-0.0702159044197,0.1404162114709,-0.0292244900448,0.0960813499220,-0.0568772104483,-0.0900328114426,1.0000000000000,0.2438605752181,0.7845729900225,0.1283941608714,0.0399382360262,0.0338259953531,0.3399116936883,-0.0290425597347,0.1099414267763,0.4929068504438,0.1999707140732,0.2440365784972,0.0617830836914,0.3010979824681,0.1222583900758,-0.1015002180275,0.2214491996090,0.3164560160638,0.0561298711290,0.0069295678829,0.1147771344413,-0.0292195838581,0.0026128268141,0.0328112683475,-0.2280266302774,0.1290127474911,-0.2153221604696,-0.0744429458583,-0.0126258451277,-0.0806036825271,0.0130116183170,-0.2587189776426,-0.2014066353646,-0.0686678056339,-0.1215928089103,0.4870283781789,-0.0186992824159,0.5331425519872,0.0852032560595,-0.1419603938221,-0.1235509402021,0.0616560480694,-0.1146961306420,-0.2637526401199,0.1533275233254,0.0394181822198,0.0400832041008,-0.0845622450829,-0.1180362097399,0.0108935369823,-0.1618236854059,0.0296018494077,0.1538039086817
0.3499866369531,-0.0196784514632,0.5173034330628,0.2843320869301,-0.0144255252411,0.2118622283324,-0.0054502645037,0.3717632330291,0.4413567199092,0.1456222606725,0.0341753935182,0.4900501206381,0.0564126081048,0.5712210360824,0.6796204241981,0.3447990298219,0.0549264909457,0.2438605752181,1.0000000000000,0.3921273575257,0.0605252522187,0.0859682738522,0.0721225204254,0.1614092008309,-0.0481190291945,0.4450710521307,0.5084236917475,0.6042030239386,0.2884110588193,0.1697434400693,0.0567709183382,0.3350250240880,0.0655884721131,0.1070838688277,0.1347800332518,0.0766033958292,-0.2527064180540,0.0897555981460,-0.0390239359571,-0.2438737452314,0.1828970186610,-0.0514261360232,-0.1219494143547,0.0661425640556,-0.0195595852990,0.0209068189467,0.2366305294486,-0.1373297284305,0.1860769623402,0.4095108884417,-0.0722882727866,0.0055520500876,-0.0859024047531,0.4174966179259,0.2006403530309,-0.0592680802072,-0.1361857702882,-0.1619342918159,0.0387324043980,-0.1917050219694,0.0954557881951,0.1121353501237,0.5077358623588,-0.2207350189413,-0.2407898498901,-0.3735210775061,-0.1881179226236,0.0146717507144,-0.2132090937087,-0.0641701038338
0.3597707127508,0.0488084327868,0.2541066150663,0.2041345574486,0.1125676961937,-0.0136315536504,0.0276529328873,0.1877897534290,0.1869094294959,-0.0576709145386,0.0369211331521,0.1430651837552,0.1845247562134,0.1025826032591,0.1373217948750,0.0754767681715,-0.0280474699483,0.7845729900225,0.3921273575257,1.0000000000000,0.1564797370986,0.0056028040608,0.0293446045177,0.1919960771339,-0.1473991314456,0.1840205461563,0.4179302654516,0.2059371748968,0.1832703564620,0.2089388676518,0.2199499003665,0.2553589227906,-0.0049808464205,0.3164398930404,0.5059564492362,0.1227727996848,0.0044693272404,-0.0449753033921,-0.0206280438917,-0.0568684317724,0.0358560168563,-0.2038673447622,-0.0833752297237,-0.2039362185782,-0.1825130865111,0.0313295815786,0.0072672886078,0.0408439248010,-0.1919182346894,-0.1384137091021,-0.0324500180205,-0.0726550781107,0.3557425337466,0.1161239502229,0.5924599652743,0.0980825657892,-0.0979317360886,-0.1074522056518,0.0780484762534,-0.2628625737188,-0.1377047962447,0.1210419351120,0.0820296079183,-0.0775652739475,0.0863220544700,-0.0710846276277,-0.0200018265280,-0.0742383995886,0.1974209793181,0.3196125514311
0.4280013677861,-0.0713537305444,-0.0945671406428,0.0249043896162,0.8060784669426,-0.1722164609450,0.4057535851121,-0.2179590568975,0.0286902444432,-0.0199646397333,0.6445977949531,-0.1472527198633,0.8171349856993,-0.0263306402698,-0.0140795164138,0.1212574846461,-0.0506468555560,0.1283941608714,0.0605252522187,0.1564797370986,1.0000000000000,0.2872412440834,-0.1101472563194,0.3637628110427,0.0946520224493,-0.0849151541521,-0.0159300990531,-0.2505197649085,0.1873473451027,0.4960292219727,0.1902105767415,-0.0928764490475,-0.0551657234841,0.3706364960997,0.2702218902713,0.2592408275413,-0.1267563525436,-0.1854465666063,-0.2224650598797,0.6498424001530,-0.0413170951285,0.2372678859458,-0.1739773572826,-0.1758897728350,-0.1099002137880,0.5457322114427,-0.3342892233151,0.7355689513672,-0.3579474248765,-0.1477125394024,0.2168046372544,0.0094033423604,0.0090065137243,-0.1146833630351,0.0487281752997,0.9161310678328,0.2281012629432,-0.0472097237082,0.3117752203325,0.0717786324571,-0.3548951218832,-0.2725283587273,-0.2049957439332,0.3177438475549,0.3961335748279,0.2665514932920,-0.3411284641651,0.0372236085844,0.4459379228809,0.1676827653499
0.2508064606121,0.0357631988609,0.0158177360150,0.1201185830463,0.4498570456141,0.2373139921802,-0.0747404628789,0.2747872197996,-0.0498152220928,-0.0972834079243,0.4576097495092,-0.1976242200222,0.3990943986658,0.1459610322603,0.2881135669271,0.3608595411967,0.4768321428633,0.0399382360262,0.0859682738522,0.0056028040608,0.2872412440834,1.0000000000000,0.1987579680231,0.7298346779023,0.3258030354934,0.1183540955072,0.1529275695491,0.0958531172440,0.6752990014662,0.5960526192743,0.5509604999346,0.1825855049099,0.2133420850903,0.3556082007485,0.1098506230991,0.5006661401687,-0.2323309135508,-0.3464077821773,-0.2547690317112,0.3497427250979,0.2214946114378,0.2871740651155,-0.2952814172697,-0.1207593031521,-0.1115979813754,0.5206073892484,-0.1903593817550,0.4095237569455,-0.3618900602723,0.1596507061200,0.2104584963098,0.5372894139621,-0.2397154530203,-0.3187594709448,-0.1047567784751,0.3714292273782,0.7000437491801,0.1041343021515,0.5749101093107,0.4144033312916,-0.3990399348858,-0.3727523892176,-0.0794343593264,0.4893325480696,0.2799152115517,0.3196084490938,-0.4470975032138,0.1879737775287,0.2914875526610,0.0214393527527
-0.0422576295078,0.5485801083256,0.2386404835193,0.5881410267505,-0.0827027727491,0.1801507937804,-0.1553019549909,0.3185852568925,-0.0102854033286,0.2360481164573,-0.1935287083662,0.1884437207072,-0.1103342022894,0.2913802786980,0.0820788314620,0.1077932922790,0.2936069787693,0.0338259953531,0.0721225204254,0.0293446045177,-0.1101472563194,0.1987579680231,1.0000000000000,0.2745789951792,0.4942420070770,0.4564119983055,0.3447544761985,0.2892822158902,0.2783057121780,0.1433068784274,0.5824287257026,0.2318854733971,0.0622366430065,0.1170091552188,0.3446990872917,-0.0702956052081,0.4224022429767,-0.1799012701556,0.4522315785022,-0.1948494815768,0.0186072621622,-0.2724413122432,0.0192418078649,-0.2238156516082,0.1864706771616,-0.1767274234410,-0.0642902491192,-0.1881013636940,-0.1053795904914,-0.2124136223042,-0.1829717068261,0.3678387127345,0.0332971212306,-0.2368883615886,0.0240471196174,-0.0875858547031,-0.0063200535277,0.7473898635994,0.2595921212134,0.4256121155494,0.1803128002755,0.0982706976615,0.2111028655643,0.0137191342297,-0.0540056583193,0.2095822950872,-0.1117970144616,-0.1142971461584,0.0127207689963,0.2814539202664
0.3233806432876,0.2334058444243,0.3371757560262,0.2900161585501,0.3975489084211,0.1898880883880,-0.1104727889127,0.2925250375773,-0.0091937485737,-0.0948159945914,0.2494540009784,-0.1123624431766,0.2880738744962,0.1477437716909,0.1996890397316,0.2320243198618,0.4264389070967,0.3399116936883,0.1614092008309,0.1919960771339,0.3637628110427,0.7298346779023,0.2745789951792,1.0000000000000,0.3759976621949,0.1704829176597,0.3676407333276,0.1973016524820,0.6661898385744,0.4803754654037,0.6072448452467,0.1298665053113,0.1134326273774,0.4565240011769,0.3101954870095,0.2313034626983,-0.0278552284002,-0.0895702204872,-0.0984544444237,0.1937593877087,0.1131407257128,-0.0609687520546,-0.1100740777966,-0.2075910304518,-0.1482378063535,0.2048234473215,-0.2144087662050,0.2018293402828,-0.3843424654039,-0.0532437114377,0.0258613362640,0.5208628298601,0.1369061720982,-0.2730316954323,0.0695420531390,0.3590292863864,0.3905288917613,0.2066689900110,0.6551213282601,0.3306064796952,-0.3475735657899,-0.0942891024989,0.1279050311449,0.4016483182245,0.1149067312155,0.2185091034807,-0.4575972817596,-0.0053826008468,0.2889222917998,0.1716347268229
0.1508607447469,0.3354605113778,0.3401816118180,0.5135426569544,0.2295517613213,0.1238305356494,-0.0495171185924,0.4696761621401,-0.0487903148225,0.4979243264892,0.0739255063733,-0.0600409519370,0.1344540127525,0.2815248550626,0.2745796770654,0.3578341291215,0.1924301351931,-0.0290425597347,-0.0481190291945,-0.1473991314456,0.0946520224493,0.3258030354934,0.4942420070770,0.3759976621949,1.0000000000000,0.3197721427058,0.3041966773144,0.2597130441399,0.4205337134763,0.2453271437645,0.3594893078794,0.2093329178680,0.0440025344101,0.1459396164379,0.1257462969068,-0.0361346261904,0.1323269844711,0.0366497567431,0.2576456194377,0.1665415779223,0.1671767815039,-0.1636634639876,0.2379931946653,-0.1689741410239,0.4998147594503,-0.0128480216645,-0.2433077814659,0.0757306093024,0.0218203991605,-0.0269553216207,0.1369815854588,0.2458934158684,-0.2118105742174,-0.4139901508202,-0.2639957526130,0.1325591656038,0.0315013291844,0.2978615100471,0.0751296322734,0.8720536583499,0.0671422889246,-0.0363019115057,0.2137091388730,0.1735370940860,-0.1661489055246,-0.0169362539629,-0.0027961590089,0.0135050714279,0.0010658518210,-0.0690528083541
0.1211415178731,0.4954214346110,0.3847113410621,0.6812425120126,-0.0498770909650,0.2685416646915,-0.0772190420421,0.5250098160024,0.2668062047902,0.3338020423426,-0.0399846773687,0.4268466400797,-0.0268966283157,0.7252882679631,0.4667927561359,0.5185239162486,0.0789537847012,0.1099414267763,0.4450710521307,0.1840205461563,-0.0849151541521,0.1183540955072,0.4564119983055,0.1704829176597,0.3197721427058,1.0000000000000,0.6333927136188,0.5897508954105,0.3684608600879,0.2202545181915,0.2934774745090,0.4806497905615,0.0706868598814,0.3267384166972,0.4460715519998,-0.0385043311267,0.2011968452813,-0.0559219554668,0.3863168662758,-0.2899473657550,0.3015927808140,-0.1601729346394,0.0014866785702,0.0043985823762,0.2685232136566,-0.1031935072530,0.0994946171501,-0.2605852938259,0.0900086164390,0.0917825428648,-0.0073272471492,0.1128416265266,-0.0438495950787,-0.1152443061272,0.0378339581004,-0.1542449889858,-0.2720136039186,0.2250158145092,-0.0099845582928,0.1787879290503,0.4984882395466,0.2574994972256,0.5375841036447,-0.3190938172859,-0.2909681407518,-0.2890580906964,-0.0005668241079,-0.0422555182594,-0.0514521648874,0.3160394689245
0.1996292153138,0.4126840722409,0.6909650873907,0.6300319499603,-0.0024302008883,0.2587579747474,-0.1024989177530,0.6260900915507,0.2865462031299,0.1325786760349,-0.0646524812978,0.2464846368014,0.0018040472600,0.4708689843046,0.4580513998889,0.3019785812894,0.0534333877534,0.4929068504438,0.5084236917475,0.4179302654516,-0.0159300990531,0.1529275695491,0.3447544761985,0.3676407333276,0.3041966773144,0.6333927136188,1.0000000000000,0.6851609871773,0.5034828674864,0.2423292729398,0.4356614295080,0.3649405815742,0.0039787413946,0.2198232362244,0.3690990603909,-0.0807124240606,0.1338583065897,0.2451246637216,0.1909406419210,-0.2783121994097,0.2828155552276,-0.3092231403111,0.2162251204730,-0.0765677173226,0.1039067562264,-0.1399737547283,0.0050157069500,-0.2377456321373,-0.1320986180665,-0.0146158221084,-0.1097998796916,0.0431093369996,0.2389312325662,-0.1223169794662,0.2524997194725,-0.1040393654963,-0.2626095936135,0.1357574267318,0.0605910078324,0.1508176056034,0.0785980354713,0.5209008122372,0.6018114409357,-0.1472156645301,-0.3562294114605,-0.3185641390373,-0.0588891262937,-0.1488250717415,-0.1689690598359,0.1398687816866
0.0767053677569,0.1971254559501,0.7477141733558,0.4933385259396,-0.1979129129914,0.3319496685360,-0.2723216780412,0.7315659653710,0.2335625117221,0.3173199173878,-0.1889001743245,0.1940190845801,-0.1766384089824,0.4788816334330,0.6147991793795,0.2992434741510,0.0860681503312,0.1999707140732,0.6042030239386,0.2059371748968,-0.2505197649085,0.0958531172440,0.2892822158902,0.1973016524820,0.2597130441399,0.5897508954105,0.6851609871773,1.0000000000000,0.4612279658124,-0.0461799367991,0.1642952216716,0.3221425511970,0.0265803154539,0.0432706032067,-0.0028873644810,-0.1287971494974,-0.1062738820486,0.2683603347333,0.1573549035335,-0.3771347681630,0.3496187750174,-0.2997382637619,0.0882686326771,-0.0523946481881,0.1925826958280,-0.1758051321428,0.1266115574589,-0.3564003662246,0.1397710666989,0.2423886016917,-0.1776060281561,0.0530511831550,-0.1153467098854,-0.0130311120302,0.0919447697948,-0.2875325633218,-0.2387561853879,-0.0381894910791,-0.1129767810380,0.0744657153240,0.2074160965453,0.2546644732921,0.7890768037030,-0.2678709112683,-0.5150733947528,-0.4639095874244,0.1190087396513,-0.0859712696993,-0.3637297987406,-0.1509434297461
0.2267686752393,0.2209472373591,0.4211051495403,0.4387902572384,0.3194034456024,0.4123524069690,-0.1502526795598,0.6551460444160,0.1702317914224,-0.0819994661364,0.3250760643461,-0.0581446156513,0.3052960564917,0.2653971625844,0.4732153965998,0.4643522773406,0.1820757029470,0.2440365784972,0.2884110588193,0.1832703564620,0.1873473451027,0.6752990014662,0.2783057121780,0.6661898385744,0.4205337134763,0.3684608600879,0.5034828674864,0.4612279658124,1.0000000000000,0.4646249528281,0.6316530670595,0.2467158814136,0.1300559234315,0.3373561044379,0.2461877578530,0.2330160822454,-0.1811396796570,-0.1268867828596,-0.0487764013859,0.0893176645193,0.4599312346960,0.0586867117438,-0.0336109214096,0.0395544148697,-0.1252787733928,0.3276219376806,-0.0304042598085,0.1662446753820,-0.3962039671098,0.1514100527023,0.0638217450851,0.2526255779060,-0.0263140741234,-0.3245460103724,-0.0460583969122,0.2125378502465,0.1965888817096,0.0565329510555,0.2409321805513,0.3562184195493,-0.2477869120674,-0.1084099447349,0.2442164593267,0.4685255258106,-0.0849143644196,-0.0516223681306,-0.3023717800203,0.0486397509576,0.0459347200625,0.0502261301447
0.4829909349342,0.1502630399486,-0.0487208285593,0.3101784432745,0.4749903463299,0.1268318573883,0.3406930690693,0.0685908705634,0.2247721952487,-0.1148421411449,0.5561513897517,0.1093815031306,0.5673945730226,0.3176969017370,0.3410242629169,0.4371397631078,0.1983691849272,0.0617830836914,0.1697434400693,0.2089388676518,0.4960292219727,0.5960526192743,0.1433068784274,0.4803754654037,0.2453271437645,0.2202545181915,0.2423292729398,-0.0461799367991,0.4646249528281,1.0000000000000,0.5002401313827,0.1424032672745,0.2105309869289,0.5472881268023,0.5252978964781,0.5248379223515,-0.1078042667050,-0.3010710968048,-0.1097540947208,0.2725908769631,0.2741405674869,0.3473953011567,-0.2237592569582,-0.0104513877548,-0.0840825473459,0.4667801809334,-0.1968138711158,0.4495902447167,-0.2980119607662,0.1119707145136,0.3749488963067,0.2531679641514,-0.1028501670986,-0.3080309819247,-0.1140610311430,0.4472222094567,0.3498461392747,0.1367384304381,0.3759451854272,0.2672935247556,-0.2455328210651,-0.2462038858110,-0.0919631221890,0.3205751513382,0.5379334205538,0.2975832111997,-0.4129846981289,0.2807301553564,0.5172802746884,0.2950462639862
0.1514271806761,0.3949842035082,0.2191184432914,0.4339837030059,0.2530769417587,0.3299430135530,-0.1179431303906,0.3939812030388,0.1307754669126,-0.1385394236261,0.1602368989720,0.0216551031160,0.2055527239484,0.1224656551139,0.1482210887597,0.2227211248431,0.1645958679785,0.3010979824681,0.0567709183382,0.2199499003665,0.1902105767415,0.5509604999346,0.5824287257026,0.6072448452467,0.3594893078794,0.2934774745090,0.4356614295080,0.1642952216716,0.6316530670595,0.5002401313827,1.0000000000000,0.1376945602891,0.1322302365526,0.3619366255084,0.4903923736409,0.2055693745820,0.1572490929530,-0.2564521484363,0.0798942527713,0.0840789023070,0.2512520166348,-0.0143519487644,-0.0075929893825,-0.1274636103858,-0.1634770923412,0.1497692037939,-0.0579421560592,0.1268302638443,-0.4923828297288,-0.1741869232512,-0.0079174846395,0.2943610275613,0.1641324872588,-0.3540073778921,0.0435880235718,0.2224077314455,0.1877600148564,0.4513161478735,0.3899905874190,0.3610104902625,-0.2418526237779,-0.0621943672464,0.0111459729088,0.3885258838288,0.1406368374983,0.3714515914977,-0.4312325571892,0.0266766908226,0.2466713168840,0.3772801924424
-0.1428379271446,0.2783133528389,0.1172826986718,0.3727240850841,-0.1524735989864,0.1691506476707,-0.3713098357575,0.4775746350264,-0.0244069145731,0.1968987909529,-0.1545534642138,0.4060135631373,-0.1136907960278,0.4851897250776,0.2796210132538,0.3936085556990,0.0633856073090,0.1222583900758,0.3350250240880,0.2553589227906,-0.0928764490475,0.1825855049099,0.2318854733971,0.1298665053113,0.2093329178680,0.4806497905615,0.3649405815742,0.3221425511970,0.2467158814136,0.1424032672745,0.1376945602891,1.0000000000000,0.1273422247055,0.1903055042525,0.1954692808744,-0.0238492471261,0.1167968310716,-0.2123879441164,0.2597462327512,-0.2403995992850,0.0994584549820,-0.2017712075318,-0.2175893188083,-0.2138904119802,0.1681397265546,-0.0606533495362,0.3875438144119,-0.1504446194875,0.2612356600164,0.0459313632197,-0.0301848929615,0.0561894143258,-0.0334172020849,0.1744513741888,0.2308482201242,-0.1146801460014,-0.1624301941513,0.0718283280761,-0.0111688228323,0.1163755551962,0.3778727041887,0.1678041125801,0.2784851925254,-0.2429507700683,-0.0701410478497,-0.3014302960208,-0.0232955229038,-0.1931384034376,0.0644334202777,0.2457887095041
-0.0513736986023,0.1127923424312,-0.0742957847509,0.0378770339800,-0.0279161060083,0.1443616000195,0.0045766918376,0.1005092385866,0.1843005345172,-0.0939473398348,0.0493374692598,0.0495735040948,0.0379466813446,0.1004035020228,0.2307867963791,0.3449875420895,0.1394470462470,-0.1015002180275,0.0655884721131,-0.0049808464205,-0.0551657234841,0.2133420850903,0.0622366430065,0.1134326273774,0.0440025344101,0.0706868598814,0.0039787413946,0.0265803154539,0.1300559234315,0.2105309869289,0.1322302365526,0.1273422247055,1.0000000000000,-0.0814354446158,0.0345478253832,0.0404833251142,0.0574982368123,-0.2234985545835,0.0172148551910,-0.0384411751467,0.1278145947929,0.1720281814402,-0.1604826601189,0.1490563468169,-0.0605439049819,0.0523408761339,0.0310006145294,0.0669283145670,-0.0604814524124,0.2557261604547,0.3816197566256,0.1838882835853,-0.1051843810661,-0.0841323266122,-0.1391008259102,-0.0501221676104,0.1153707620629,0.0818762101945,0.0996482688575,0.0839032454441,-0.0955033800924,-0.1516408807005,-0.0158459238307,-0.0198576797771,0.0452932393046,0.0625575050084,-0.1212986607508,0.4442218532661,-0.0042792517636,-0.0559854112393
0.3291502692521,0.1582902689108,0.0538044973620,0.2910032243400,0.3862799944787,0.0297269151113,-0.0150313852087,0.1337874600021,-0.0811245605631,-0.1048358199652,0.2936998028088,0.0074994442204,0.3164939621719,0.1682285254210,0.0615614693375,0.3054440060293,0.1350714505111,0.2214491996090,0.1070838688277,0.3164398930404,0.3706364960997,0.3556082007485,0.1170091552188,0.4565240011769,0.1459396164379,0.3267384166972,0.2198232362244,0.0432706032067,0.3373561044379,0.5472881268023,0.3619366255084,0.1903055042525,-0.0814354446158,1.0000000000000,0.5189337414075,0.2984175023689,-0.0238644941555,-0.1247448923678,0.0394534899730,0.2299266881557,0.1392596806738,-0.0227707028653,-0.0679995772813,-0.1449342420868,-0.0892205195871,0.2016979697856,-0.0884699075056,0.1995343876707,-0.2323041922991,-0.0662061642404,0.0316885908823,0.2080451924793,0.1506523862700,-0.1610873547291,0.1418371487975,0.3816479984754,0.1899284295242,0.1083802264318,0.2998163716646,0.1703434852488,-0.0285329211853,-0.0584408452018,0.0567998638815,0.1581201388638,0.3372418518495,0.1677103220736,-0.1989954851454,-0.0006737932114,0.6690514218159,0.4797100697609
