1.0000000000000,-0.1708324657492,-0.0181879553208,0.2342942497532,0.1456976209715,-0.0866661808528,-0.0377118542853,0.2111185065643,0.1658452170687,0.2371791702859,0.3418462623330,0.1583410878907,0.0362613458957,0.1670280238582,0.6792924220678,-0.1621759451965,-0.0272336225091,0.4231882288927,0.3567633922545,0.3655154348822,0.0993641275281,0.3793988741394,0.0559485997619,0.2308121271864,0.2274890716470,0.2033200373227,0.1744277207575,-0.1094568794281,0.2378424070788,0.5597003070611,0.3328865932597,0.0583741986847,0.0129604455862,0.2240604635438,0.2976088737825,0.7554999007757,-0.1656773618277,-0.0305142797058,0.0632012860252,0.1070963451607,-0.0427238022501,0.0358197090508,0.1554159963801,-0.3166167907314,0.1219669268958,0.3447132229930,-0.0243480261586,-0.0307974548883,-0.0650256954433,0.3619183413717,-0.1605908606429,-0.0090472365971,0.1162796129338,0.0664976514075,0.2293697855953,0.0700891186772,0.2390702849955,0.0583796534911,0.1513133314781,0.1814395841355,-0.2116307654959,-0.1737037048617,-0.1191604889628,0.1085932405824,0.1825050186060,0.2082004281458,-0.2581893983308,0.1906323063769,0.0230983187266,-0.0669105539970
-0.1708324657492,1.0000000000000,0.0867989005635,0.5699435161167,0.0074644481419,0.0407755773591,-0.0678088040392,0.2117681774672,-0.1251802827515,0.0692573029374,-0.2253180041054,0.1696210973547,0.0383760267573,-0.0035877196037,-0.2162919855302,0.0550750329793,0.0952391018118,0.1618051092241,-0.0827631922215,0.0853391584660,0.0781525367746,-0.0829275575489,0.5030135588320,0.1743077675133,0.1942461885686,0.4506705866216,0.2783676600716,0.1214822071415,-0.0073486428421,0.0851681300950,0.3358192095884,-0.1743768710108,0.0382991135300,0.3681485021759,0.4763384778874,-0.1187854916620,0.7537921962769,-0.3350017700903,0.5498092506356,-0.0340822054169,0.1674660566980,-0.0934732089482,0.0815802540704,-0.0215602089853,0.0705472851354,-0.1840397218746,-0.0665069187670,-0.0043899965513,-0.1139733462204,-0.2406308697419,0.0397113644502,0.1464593970542,0.2183317489469,-0.3972639033520,-0.2147678711008,0.0914013623101,-0.2463933821852,0.5189802342733,-0.0168306844562,0.1278258726140,0.4771453575320,-0.0048026369419,-0.0418769296620,-0.0294905026846,0.1914871516912,0.0778570752286,-0.1121151959220,-0.1371713091827,0.2735576875042,0.4376033932520
-0.0181879553208,0.0867989005635,1.0000000000000,0.1570864324143,-0.1068635361785,0.3943326074718,0.2278104247448,0.5288530089647,0.3950891435164,-0.0494956503970,0.0624585095733,0.3927974844905,-0.1026897575019,0.3587600253209,0.2394999358980,0.3839927220427,0.1375465217323,0.2590451470804,0.3901184427139,0.2244916791342,-0.1389093346721,0.2427669952360,-0.0808619653089,0.4910908436196,0.1223507524785,0.2735949917974,0.5318907671940,0.8150953597805,0.2181316625978,0.0975769526201,0.2064427844848,0.0257136630083,0.0806951288868,-0.0060038214265,0.0839363669237,-0.1368074286850,-0.1689698044459,0.1703837314035,-0.1271791414268,-0.2680554963480,0.1333670550734,0.2072809367542,-0.0438051323653,0.2905018084289,-0.0412772420388,-0.2017275303709,-0.0147534602131,-0.1992872432351,0.0903633308674,0.1305643316317,0.1561970612864,0.0797450009025,-0.0845272240063,0.0990096415034,-0.1985280983612,-0.2193774162068,-0.1533271112661,-0.1344050637708,0.0092091335442,-0.1009700807594,-0.0480573602018,-0.2511552459087,0.4063579056167,-0.2714741302487,-0.2513234435827,-0.3595172350535,-0.0527183492832,-0.0609328332856,-0.2212535698370,-0.0974103458551
0.2342942497532,0.5699435161167,0.1570864324143,1.0000000000000,0.1275462399246,-0.1861744532209,-0.0437359229476,0.4427440386024,-0.0962961310335,0.4990025184861,-0.0674459285138,0.2906622943682,0.1542307698443,0.1700776461215,0.0829434588515,-0.0126834937839,0.0612628556180,0.3461588177143,0.0956199635700,0.3421476017215,0.1751091337727,0.0390174393530,0.6339542905682,0.2091954861340,0.3913779725342,0.6624828736531,0.3557276568998,0.1288905479905,0.1760374562894,0.2191317888243,0.3628898697363,0.1478486471265,0.0021307912544,0.3760548061761,0.4385812305466,0.2300551473022,0.5626297058217,-0.3685118265268,0.8027149793908,0.0183329920932,0.1704054485915,-0.0846853633444,0.2183856759146,-0.2339881402136,0.4810217728964,0.0048922028973,0.0942512640383,0.0748210443483,0.0259930834237,-0.0925939315509,0.0279045648735,0.0847219201593,0.2302726330309,-0.2256686159228,-0.0104560197616,0.1361960420521,-0.2126010040810,0.6031825664040,-0.0373825877413,0.3055623198070,0.4492081177174,-0.0823910187430,-0.0498818231038,-0.0202048228342,0.1277715646480,-0.0022735053171,0.0262717896050,-0.0196632182332,0.1011256980334,0.4161488908901
0.1456976209715,0.0074644481419,-0.1068635361785,0.1275462399246,1.0000000000000,-0.1809490932784,0.1043054409052,0.0360885095741,-0.0779395354470,0.5208981743937,0.4470096190743,-0.2071303303870,0.7550434463698,-0.0564705379884,0.0167406572883,-0.0429319205069,0.2490357666194,-0.0383426281529,-0.1178804604334,-0.0668486983773,0.8185277378256,0.3645268977724,0.2004425463090,0.1396624382676,0.6539368620834,-0.0127201895482,-0.0697571158645,-0.1820223760316,0.2860470460291,0.0751886120547,0.0868099962717,-0.0640894277022,-0.2423009629330,0.0837799376300,-0.0159965516795,0.0298257865379,-0.0072770756974,-0.1496688099094,0.0076078987859,0.9092529975604,-0.2289188078497,-0.0788774999023,-0.0047734987081,-0.2977759830733,0.4589678272921,0.4044598496484,-0.3246878310612,0.7716243732085,-0.0992761446891,-0.2376846639971,0.0792661023136,0.2567568349378,-0.2981954759659,-0.0827761819675,-0.1178548688037,0.8447383315864,0.2954730372546,0.1984707187669,0.1844341140022,0.6011068782746,-0.1867748051761,-0.3320038763818,-0.1688193378764,0.3503419265925,-0.1169602903789,0.2310508917186,-0.2260312796716,-0.1556941541929,0.1416315429050,-0.1806204939303
-0.0866661808528,0.0407755773591,0.3943326074718,-0.1861744532209,-0.1809490932784,1.0000000000000,0.4735531556231,-0.0534656646039,0.6153095582566,-0.2456469911870,0.0501493639411,0.3635743719654,-0.1569469797580,0.4172736765227,0.3214905877470,0.5520356214166,-0.0034757742881,0.0291776049086,0.4217207692393,0.0797292262386,-0.2274910936824,0.0384875655749,-0.3010293667072,0.1097249289055,-0.1764414236247,0.1212952372134,0.3172333301066,0.4014387848439,-0.0441264038186,0.1566738741114,-0.0193346622297,-0.0817152296007,0.3749435631526,-0.1250519935868,0.0807090710699,-0.2308289446685,-0.2471723748581,0.1780084065328,-0.2774000458707,-0.2672785039265,0.4319273281676,0.5123238915245,-0.2392857461449,0.5000455430962,-0.2264665453875,-0.1500299068328,0.1086896618802,-0.2125423994384,0.1578108254206,0.2197584488119,0.3113403619795,-0.0610478344040,-0.3068022573425,0.1894531925833,-0.2355043486807,-0.2641022466193,-0.0945649660571,-0.2937064862509,-0.1428679258829,-0.3119733155263,-0.1318579418408,-0.2067844613585,0.2112934234128,-0.2557031720484,-0.1316685270518,-0.2965519977066,-0.1098007397477,0.1427598973920,-0.2131285028741,-0.1179661260737
-0.0377118542853,-0.0678088040392,0.2278104247448,-0.0437359229476,0.1043054409052,0.4735531556231,1.0000000000000,-0.1264408211188,0.6808344954894,-0.0668028938818,0.5198899949597,0.1574362817130,0.3992521751982,0.3922006113859,0.3427056591844,0.7178661611045,-0.0459458493745,0.0292014444929,0.2605423835122,0.0983789498120,0.1605288851640,0.1275296980811,-0.2673899716044,0.1399824703861,0.0336187105474,0.0765209093008,0.2022860433004,0.1835145757206,0.1831962790841,0.2765142040894,-0.0652624037108,0.1199180554815,0.1248165646205,0.0047852992785,0.0289501397382,-0.2376378476528,-0.2964567995256,0.0357285878267,-0.1671348303579,0.0454940182719,0.2489363757709,0.7646131062042,-0.2388675837459,0.4590459021297,-0.0380548410567,0.3449110186700,-0.0243037898902,0.3374267628776,0.1270756321363,-0.0603988315934,0.5469018334227,-0.0969412864190,-0.3730388332919,0.1142448568944,-0.2742010590620,0.0785365708134,-0.1108164361778,-0.2623467016587,-0.1504016426487,-0.1343156668191,-0.2641147591127,-0.3184974310347,-0.0186021725518,-0.0475673444816,-0.2386412247569,-0.2786113542335,0.0423168978570,0.1815936789355,-0.0353984820583,-0.0910348047463
0.2111185065643,0.2117681774672,0.5288530089647,0.4427440386024,0.0360885095741,-0.0534656646039,-0.1264408211188,1.0000000000000,-0.0720422648371,0.2748717108200,-0.0725040604852,0.2601869763228,-0.0836813710610,0.1979272032281,0.1287337611350,-0.0018562548219,0.2175156724877,0.2410521586501,0.1489781776694,0.1410934283342,-0.0337049729240,0.1741486646545,0.3010599087494,0.2498459902290,0.4671853098930,0.3559054960931,0.3697867178816,0.3308357827831,0.2561985709879,0.0210778786208,0.4438171708716,0.0956303887531,-0.0639659176216,0.0711123773183,0.2167838853053,0.1138438874703,0.0731895646356,-0.1606898164237,0.2524149715546,-0.0518412830377,0.0889966131926,-0.1685235450638,0.3156111754521,-0.1799672641772,0.2474807821974,-0.1221254744671,-0.0814042201975,-0.1846054749480,0.1246115468197,0.0646213396390,-0.0854624406667,0.1952572211384,0.0034023176747,-0.2492138305962,-0.2449422883335,-0.0886603968196,-0.1575908988396,0.1903712824947,-0.1469478838998,0.3386475952664,0.2943984715514,-0.1530566596324,0.0540271118216,0.0451912710453,-0.0928932578080,-0.1944650607329,0.0269653499937,0.0114341232553,-0.2361651561571,0.0233239806949
0.1658452170687,-0.1251802827515,0.3950891435164,-0.0962961310335,-0.0779395354470,0.6153095582566,0.6808344954894,-0.0720422648371,1.0000000000000,-0.1743634779658,0.3567996473243,0.4092585931710,-0.0101561832867,0.6414846649920,0.6293864137654,0.6006114291421,-0.0721836647486,0.1129545772438,0.5464486725246,0.2404973219893,-0.1268843311441,0.1752019357425,-0.3372787028230,0.1928776521020,-0.1171552927621,0.2525140904245,0.3316385925071,0.4046652437122,0.2034186961052,0.3454158000474,-0.0283229387485,0.0847323258168,0.1319723618232,-0.0009341784271,0.0474691115582,-0.1019422875611,-0.3401132745797,0.2797682954382,-0.2486244914331,-0.1573118629229,0.2413512154119,0.5982213251605,-0.2637353200508,0.4300043960873,-0.1884427572718,0.0616807827125,0.1488391917641,-0.0640572599610,0.1500941321213,0.1239763239450,0.3278431120795,-0.1085129374328,-0.3522015193163,0.2177334227034,-0.2596774657209,-0.1726429243663,-0.0304642491939,-0.3178655414472,-0.0561912059964,-0.3186874233412,-0.2660072284364,-0.2519776746867,0.2404860267101,-0.1542129603511,-0.3213243162796,-0.2679746405269,-0.1373591814741,0.2712806893080,-0.1870262656489,-0.2350902317568
0.2371791702859,0.0692573029374,-0.0494956503970,0.4990025184861,0.5208981743937,-0.2456469911870,-0.0668028938818,0.2748717108200,-0.1743634779658,1.0000000000000,0.0071179335712,-0.0208342641142,0.4107756917707,0.0931455864245,0.1040784265146,-0.0003192448183,-0.0194879579403,0.0557968190929,0.0522765402413,0.1773715891687,0.4344043934887,-0.0202272585637,0.3666624026574,-0.1480197968332,0.5545818584296,0.2976895625104,-0.0079283222328,-0.0348830075581,-0.0734165027149,-0.0235744842830,-0.0845943296490,0.1252665964417,-0.2374379155284,0.0238734473688,0.0651629283403,0.1841170740564,0.1578440605692,-0.1209299517754,0.4486022417862,0.3907438050014,-0.0076667990200,-0.0896639483607,0.0432530690457,-0.3802294270548,0.9068139968977,0.1011898478862,0.0039823238677,0.3793444516790,0.1403765461847,0.0065604341291,0.1386863669197,-0.0301588587565,-0.2614891581006,0.0670929846482,0.1178212396271,0.4120651777731,-0.0749359205877,0.3033944561028,-0.1268333049594,0.5070335006078,0.1794390552917,-0.1127301339279,0.0070508463176,-0.1038818351968,-0.0901233218157,-0.0243646786710,-0.0057852397629,-0.1030450617371,-0.0479559536333,-0.0163727999232
0.3418462623330,-0.2253180041054,0.0624585095733,-0.0674459285138,0.4470096190743,0.0501493639411,0.5198899949597,-0.0725040604852,0.3567996473243,0.0071179335712,1.0000000000000,0.0171585879102,0.5809339867535,0.0718559919687,0.3970324513436,0.1281557444762,0.0855027298999,0.3370879445472,0.1512402746374,0.2259783951626,0.5504846444786,0.5985419221140,-0.2021523053639,0.4514851915778,0.2418297767137,-0.0734610409777,0.2152763213637,-0.0757800391789,0.5860155193046,0.4791072405740,0.2367912052870,0.0386344187696,-0.0967762421192,0.2188323493073,0.1795057721641,0.0423257490985,-0.3274827701319,0.0056501488277,-0.2676952069843,0.4154268698891,-0.2058627635360,0.2793555042414,0.0695775384313,-0.0267979325350,-0.0608104624960,0.7594143922289,-0.3758601529159,0.5542713202075,-0.2042083681438,-0.1852636014006,0.1081505483851,0.0199479365049,-0.0947741538421,0.0217431658488,-0.1187732461083,0.4650742101689,0.3107514922783,-0.1962657960031,0.1618031277970,0.1101290518633,-0.5241343810971,-0.4000831875833,-0.2412757014018,0.3694505709334,-0.1580777866157,0.0475276023776,-0.2825912817104,0.0394744147857,0.2138544530446,-0.1716769089164
0.1583410878907,0.1696210973547,0.3927974844905,0.2906622943682,-0.2071303303870,0.3635743719654,0.1574362817130,0.2601869763228,0.4092585931710,-0.0208342641142,0.0171585879102,1.0000000000000,-0.1785771340304,0.5105718375936,0.3890397990887,0.1491517819044,0.0833837733251,0.4238501033045,0.6620622174641,0.5518009371674,-0.1399699782035,0.1088485588283,0.0726562947562,0.2440669901122,0.0097743210999,0.6116036978347,0.6548557363571,0.3894259464815,0.2430253153724,0.2271367877820,0.2297591825969,0.2998234675171,0.1229887353710,0.0343546587651,0.4675428333488,-0.0619872705509,0.0892204744263,0.0550258703658,0.1595174717957,-0.3681382578761,0.1225968930874,0.0994720598074,0.0150210054887,0.0382964480977,-0.0716542553589,-0.1984102705909,0.3346200340090,-0.3060782840797,0.1802559885302,0.0929300620903,-0.0202383801152,0.0172745708358,-0.0325527777486,0.2851900288768,-0.0736305370564,-0.2410414630817,-0.1222517139079,0.0646528782091,-0.0905323151073,-0.1957599179955,0.1515719597277,-0.0656330334337,0.1712846741981,-0.1652146176312,-0.1647499529978,-0.3175236778348,-0.0550877690998,0.0074938158223,-0.2003261233960,0.0673052368451
0.0362613458957,0.0383760267573,-0.1026897575019,0.1542307698443,0.7550434463698,-0.1569469797580,0.3992521751982,-0.0836813710610,-0.0101561832867,0.4107756917707,0.5809339867535,-0.1785771340304,1.0000000000000,-0.1183887752217,0.0111820533541,0.1336178052856,0.1150926121845,0.0731139926595,-0.0966830786483,0.0933668965293,0.8595598279395,0.2870919348441,0.1155253672764,0.1634673070648,0.4541399545026,-0.0427983222879,0.0146066335943,-0.2088801615565,0.2916264612700,0.2218510351146,0.0439025421538,0.0024611734099,-0.2490015203110,0.2163065077101,0.1140054905179,-0.1111489681573,-0.0560169936628,-0.1971502653074,0.0747674611006,0.6766200362813,-0.1247413277395,0.1267231855121,-0.0504100373471,-0.1384516710251,0.3532558542171,0.5429616655183,-0.3001356049399,0.9337204081635,-0.1707006578567,-0.2886817470054,0.2689301781465,0.1178012454125,-0.2216456463004,-0.0402748917953,-0.0893575146411,0.8045541538389,0.1448602686829,0.1143347082143,0.0531287244848,0.3769318859260,-0.2166458016548,-0.2931751108930,-0.2869233619101,0.2785604768698,-0.0351363110238,0.0952454889622,-0.1382285989934,-0.1769913982363,0.3227961633722,0.0338779995696
0.1670280238582,-0.0035877196037,0.3587600253209,0.1700776461215,-0.0564705379884,0.4172736765227,0.3922006113859,0.1979272032281,0.6414846649920,0.0931455864245,0.0718559919687,0.5105718375936,-0.1183887752217,1.0000000000000,0.5077655396255,0.4980292513326,0.0874494541246,0.1188294280998,0.5712891983952,0.3040998762949,-0.1301329776617,0.0165494696885,-0.0989806848995,0.0694236438352,0.0725201576698,0.5965888266001,0.3088395392898,0.3952058514082,0.0783949867941,0.2052219897159,-0.0214719679961,0.3573779146822,0.0162031691998,0.0641233440879,0.1070798466230,-0.0275640314905,-0.1371576799368,0.2508392483425,0.0780962266933,-0.1625274587706,0.3500212777830,0.3187634556090,-0.1404244693188,0.1305059181232,0.0908748820039,-0.1274402944556,0.3466855927143,-0.1725496781957,0.5976630739698,0.1683040935469,0.3465524607265,0.0299547205857,-0.2880693309464,0.2075584339681,-0.2579572086386,-0.1740120980696,-0.0946194908562,-0.1254527294349,-0.1226670302304,-0.0578249482486,0.1532578825539,-0.0837386435438,0.3089859776310,-0.2194299145725,-0.2530917153791,-0.3454901102930,0.1507936982184,0.3836363026610,-0.2183867376279,-0.0459159571011
0.6792924220678,-0.2162919855302,0.2394999358980,0.0829434588515,0.0167406572883,0.3214905877470,0.3427056591844,0.1287337611350,0.6293864137654,0.1040784265146,0.3970324513436,0.3890397990887,0.0111820533541,0.5077655396255,1.0000000000000,0.2895813355438,-0.0667803723713,0.4432386324142,0.7611774612229,0.4989461917356,-0.0230907583118,0.4113003974136,-0.1388061868556,0.2912986492057,0.0748466039913,0.3065157406199,0.4249319680492,0.2534345527179,0.3112750045756,0.7226810421469,0.1684151808768,0.2632482940236,0.1337278243191,0.2316388044572,0.2996330672650,0.3622229454249,-0.3203329693053,0.1499074896864,-0.1298169310914,-0.0716192971621,0.1613549421785,0.3144002273969,-0.1078729329270,-0.1052142734930,0.0382975101601,0.0960949457878,-0.0191060239060,-0.0658400554016,0.0372146765983,0.4507997068827,0.0937601907514,-0.1069927442637,-0.1766999354895,0.2837430167179,0.1028624761281,-0.1003206671758,0.1515390523584,-0.1688688591104,0.0245243742859,-0.1293891072458,-0.2967257730513,-0.3406777451624,0.1038350186164,-0.0536994371855,0.0098805853908,-0.1216637128443,-0.1390706151574,0.3812764617596,-0.0235182189998,-0.2224490671469
-0.1621759451965,0.0550750329793,0.3839927220427,-0.0126834937839,-0.0429319205069,0.5520356214166,0.7178661611045,-0.0018562548219,0.6006114291421,-0.0003192448183,0.1281557444762,0.1491517819044,0.1336178052856,0.4980292513326,0.2895813355438,1.0000000000000,-0.0666096064574,-0.0622816954917,0.2985793723917,0.0704216673994,-0.0793018260420,-0.1045587232432,-0.2828179643403,0.0034149005201,-0.0060559664201,0.1742477656367,0.1497274243936,0.4449575818213,-0.1021493427085,0.1722216028856,-0.2659231067403,0.1648093269724,0.1733199651569,0.0667466654722,-0.0280641744196,-0.2221169756151,-0.1569793313828,0.1337945255751,-0.0748125934452,-0.1050762834726,0.4586270518549,0.7037748809855,-0.3554764023076,0.4604045290369,0.1181740186386,-0.0702525642609,0.1431848011158,0.1201410640110,0.2796787107578,0.1653832715177,0.7585560340435,-0.0794300875338,-0.3830849674946,0.1528829688160,-0.1541226226857,-0.1260794669656,-0.2532150403416,-0.2946228467092,-0.1844723492451,-0.1551779046720,-0.0550758478300,-0.2509550107326,0.2763924477066,-0.3179159144466,-0.1446022987030,-0.4467883115026,0.1440561786531,0.2846608431320,-0.0565645175306,-0.0551276732683
-0.0272336225091,0.0952391018118,0.1375465217323,0.0612628556180,0.2490357666194,-0.0034757742881,-0.0459458493745,0.2175156724877,-0.0721836647486,-0.0194879579403,0.0855027298999,0.0833837733251,0.1150926121845,0.0874494541246,-0.0667803723713,-0.0666096064574,1.0000000000000,0.0008291109918,-0.0089986157388,-0.0620360220909,0.2259440989892,0.4929420734828,0.2747484554565,0.4686944080424,0.4604103976449,0.1116625969628,0.1117547224998,0.0423798571729,0.3520537620040,0.0373668030831,0.3056083508501,-0.0106147200674,0.0450605119456,0.0970204526287,0.1237598315107,-0.1346254173090,0.0325134401964,-0.1176186468242,-0.0394446589984,0.2660097758268,-0.1259755118894,-0.1645794353318,0.0268785786917,-0.1737781603273,-0.0560567361028,0.0132854441477,-0.1577273633843,0.1248999231879,0.0391161135643,-0.2132617231191,-0.0585100136565,0.9226856736506,-0.1304651890864,-0.1535973284025,-0.2863352760043,0.2278286859883,0.4400351176512,0.2443074903516,0.5003010760601,0.4885647852054,0.0283335944888,-0.1907051007978,-0.0135129338243,0.3923290195983,-0.0668930200541,0.1290509287265,-0.0800420756207,-0.1099810039336,0.0839709626782,0.0464444527427
0.4231882288927,0.1618051092241,0.2590451470804,0.3461588177143,-0.0383426281529,0.0291776049086,0.0292014444929,0.2410521586501,0.1129545772438,0.0557968190929,0.3370879445472,0.4238501033045,0.0731139926595,0.1188294280998,0.4432386324142,-0.0622816954917,0.0008291109918,1.0000000000000,0.4956912284840,0.7865175895444,0.0900471390408,0.4412772184178,0.2086463912547,0.5898262752345,0.1093837247184,0.3336011187320,0.7474385322147,0.1392891480934,0.3869683793168,0.5758871844631,0.5467110133694,0.1143502159489,0.0039056535392,0.4144002007291,0.7225993951604,0.1507071833844,0.0959972673558,-0.0065423028971,0.1112879796766,-0.1134152241448,-0.0156481735500,-0.1068717120660,0.2231441049045,-0.3333553093386,-0.0419847060336,0.0810328494494,-0.3037770234655,-0.0715146166664,-0.3037651491476,-0.0479167865317,-0.1627478521512,-0.0363139401943,0.3898945105863,-0.0820184982687,0.0557638743845,-0.0179520020970,0.1397660790374,0.1098837416631,0.1150897983961,-0.0726463141892,-0.1499545969370,-0.1401864480835,-0.0952436790911,0.0655230559130,-0.0222977758008,-0.0403123981213,-0.2559262778131,-0.0331200216742,0.1596305663414,0.0507611820695
0.3567633922545,-0.0827631922215,0.3901184427139,0.0956199635700,-0.1178804604334,0.4217207692393,0.2605423835122,0.1489781776694,0.5464486725246,0.0522765402413,0.1512402746374,0.6620622174641,-0.0966830786483,0.5712891983952,0.7611774612229,0.2985793723917,-0.0089986157388,0.4956912284840,1.0000000000000,0.6216007448233,-0.1217183141604,0.2613816226225,-0.0636255119908,0.2648535309177,-0.0070022390431,0.4333037129178,0.6405315390951,0.4353711069496,0.2230926725932,0.4948979099912,0.1541075054264,0.2740106412545,0.1063790133710,0.1351222823943,0.3395029137417,0.1386489510189,-0.2496849451894,0.2197220341384,-0.0675071128328,-0.2595048384537,0.2761956429255,0.2245878684877,-0.1147268073272,-0.0966284169598,0.0061552179164,-0.1666904058412,0.0964189109918,-0.2192711509322,0.0373729820052,0.3519071344475,0.0425928493442,-0.0811819287710,-0.1454875441326,0.3331543817951,0.0410426459799,-0.2285808636293,0.0835256035785,-0.1331407919921,-0.0175761963459,-0.2224666595916,-0.1794653363075,-0.1883653841169,0.2319607160021,-0.1774440981934,-0.1176274690522,-0.2480466675387,-0.0462034677342,0.2493788469055,-0.1377602123452,-0.2093698509010
0.3655154348822,0.0853391584660,0.2244916791342,0.3421476017215,-0.0668486983773,0.0797292262386,0.0983789498120,0.1410934283342,0.2404973219893,0.1773715891687,0.2259783951626,0.5518009371674,0.0933668965293,0.3040998762949,0.4989461917356,0.0704216673994,-0.0620360220909,0.7865175895444,0.6216007448233,1.0000000000000,0.0453157399640,0.2681077307542,0.1505518629021,0.3904805814371,-0.0140217518661,0.4450313906042,0.6393569711307,0.1834031552986,0.1867446149749,0.5253726210556,0.3288059054039,0.2476201650785,-0.1178909261755,0.3230842543184,0.6472305850314,0.1124152066152,0.0613357582632,0.0754774168561,0.2200035533956,-0.1938232590450,0.0361701461351,0.0005996282384,-0.0345665980670,-0.2542966551005,0.0711093205458,-0.0249399086099,-0.0246023886327,-0.0353353092350,-0.1096393971790,0.0447097036992,-0.0387344381854,-0.0878697973290,0.2405499316912,0.1703754617014,0.2059197484234,-0.0601838568126,0.0237086587212,0.0602083582632,0.0471075524314,-0.1776842217997,-0.0443175619452,-0.0349223048083,0.0307963904468,-0.1096755446514,-0.0171712883050,-0.1166429486516,-0.1603337805158,-0.0211404514006,0.1128576996746,0.1455192313433
0.0993641275281,0.0781525367746,-0.1389093346721,0.1751091337727,0.8185277378256,-0.2274910936824,0.1605288851640,-0.0337049729240,-0.1268843311441,0.4344043934887,0.5504846444786,-0.1399699782035,0.8595598279395,-0.1301329776617,-0.0230907583118,-0.0793018260420,0.2259440989892,0.0900471390408,-0.1217183141604,0.0453157399640,1.0000000000000,0.3461750496154,0.1773760331605,0.1955043473246,0.5132655989327,-0.0189683515684,-0.0198207192077,-0.2133513725263,0.3182913890954,0.1768962716395,0.1028629322148,-0.0466827199442,-0.2202220501643,0.2660932007103,0.1226703054100,-0.0442342405076,0.0192350411675,-0.2144549890182,0.0742199781887,0.7394626995603,-0.2390572403901,-0.0682661247126,0.0502802250122,-0.2684603388257,0.3623164140755,0.5101927949835,-0.3019968771799,0.8447257522447,-0.1163872773781,-0.2764609495084,0.0737013862001,0.2117107954162,-0.1041393079304,-0.0396181966589,-0.0520634458048,0.9240797946708,0.2262505487667,0.1812642710007,0.1475363742395,0.4775764344082,-0.1619110952864,-0.2572992806086,-0.2732405131501,0.3160173368826,-0.0174357919268,0.1642362758240,-0.1888473072137,-0.1984599613029,0.3601306960609,0.0443569810568
0.3793988741394,-0.0829275575489,0.2427669952360,0.0390174393530,0.3645268977724,0.0384875655749,0.1275296980811,0.1741486646545,0.1752019357425,-0.0202272585637,0.5985419221140,0.1088485588283,0.2870919348441,0.0165494696885,0.4113003974136,-0.1045587232432,0.4929420734828,0.4412772184178,0.2613816226225,0.2681077307542,0.3461750496154,1.0000000000000,0.1254270238608,0.8325271992024,0.3700095271690,-0.0059805429615,0.4027641538317,0.0382663129465,0.7133408860890,0.5628896314386,0.6005348746071,0.0141963981397,0.0394882358199,0.2731137127434,0.3313186437977,0.0572048104580,-0.2011715920028,-0.0896165948305,-0.2626877093401,0.3087666233660,-0.2809803938839,-0.0756981708965,0.0892823425021,-0.2362305826826,-0.1041619684191,0.2975588603281,-0.4942712229574,0.2379949271075,-0.3096510021055,-0.0984417972128,-0.2181724404522,0.4409197485176,-0.0313405210316,-0.0387434961685,-0.1458837906954,0.2882096457811,0.6333352342686,0.0566323086968,0.5503880728825,0.2398718177316,-0.4349687865711,-0.4678003939241,-0.1481437138927,0.4928765157233,-0.0215738309165,0.3137146779599,-0.3174745971385,-0.0574351953409,0.2251676278379,-0.1667032711635
0.0559485997619,0.5030135588320,-0.0808619653089,0.6339542905682,0.2004425463090,-0.3010293667072,-0.2673899716044,0.3010599087494,-0.3372787028230,0.3666624026574,-0.2021523053639,0.0726562947562,0.1155253672764,-0.0989806848995,-0.1388061868556,-0.2828179643403,0.2747484554565,0.2086463912547,-0.0636255119908,0.1505518629021,0.1773760331605,0.1254270238608,1.0000000000000,0.1985011674282,0.4361893007355,0.3535548060213,0.2164182981041,-0.1178747904821,0.1695002690342,0.0750866947398,0.4904672087238,0.0289723051981,-0.0636526093222,0.2799751975150,0.3791823313668,0.0593423288798,0.5459640940049,-0.2049570136065,0.6019874335468,0.2064949072895,-0.0664654482941,-0.3948285977092,0.2970541962425,-0.4849600207242,0.3168820900656,-0.1553716641444,-0.1141878415870,0.0518804165829,-0.1596155028716,-0.2813648042506,-0.1757279970358,0.3161508351615,0.1755505956857,-0.3356523433882,-0.0879120674301,0.1753116528347,0.1308133847789,0.8844205299008,0.2660985578818,0.4888039685074,0.3553914366163,0.0452406589301,-0.0598154111913,0.3120842597796,0.1300915894775,0.3568586704083,-0.0518564781449,-0.1621420614148,0.1918185056435,0.3313374465904
0.2308121271864,0.1743077675133,0.4910908436196,0.2091954861340,0.1396624382676,0.1097249289055,0.1399824703861,0.2498459902290,0.1928776521020,-0.1480197968332,0.4514851915778,0.2440669901122,0.1634673070648,0.0694236438352,0.2912986492057,0.0034149005201,0.4686944080424,0.5898262752345,0.2648535309177,0.3904805814371,0.1955043473246,0.8325271992024,0.1985011674282,1.0000000000000,0.2487527931547,0.1551355392445,0.5542698860165,0.2732180475720,0.6554319814131,0.5633259734488,0.6663827767715,-0.0257972967423,0.0743069453005,0.3875884483892,0.4998282681786,-0.0657633174909,-0.0190240506615,-0.1266701826692,-0.1015087264598,0.0629620548751,-0.1489139391821,-0.0531933574383,0.0570079874144,-0.0808469305492,-0.2145098855885,0.1083797065071,-0.4199493841893,0.0787771892412,-0.3125676510127,-0.1677650312325,-0.1625111940892,0.4489501525475,0.1920899559509,-0.1524097572007,-0.1872178605025,0.1293099473651,0.3821623980056,0.1422731345232,0.5402371658174,0.0619297371554,-0.2613756009613,-0.4260723294526,-0.0610861645309,0.3156454487618,0.0129745339060,0.1778638777677,-0.2804957082310,-0.1303134705619,0.2651242169703,0.0476531931218
0.2274890716470,0.1942461885686,0.1223507524785,0.3913779725342,0.6539368620834,-0.1764414236247,0.0336187105474,0.4671853098930,-0.1171552927621,0.5545818584296,0.2418297767137,0.0097743210999,0.4541399545026,0.0725201576698,0.0748466039913,-0.0060559664201,0.4604103976449,0.1093837247184,-0.0070022390431,-0.0140217518661,0.5132655989327,0.3700095271690,0.4361893007355,0.2487527931547,1.0000000000000,0.2652395086571,0.1748788486703,0.0009618152352,0.4238562054830,0.0753433333850,0.2833001225498,0.0300144196713,-0.1164096488637,0.0797463861149,0.1563395987896,0.0705465575716,0.1014341006957,-0.1524295296059,0.1927221298334,0.5515415213963,-0.1505689960878,-0.0978818133522,0.3437319018262,-0.3583255719952,0.5183917180548,0.1800080722926,-0.2497601761065,0.4148369969410,-0.0009562833236,-0.2161387018024,0.0834383978516,0.4040770408203,-0.2972668596121,-0.1846730373854,-0.2511311467373,0.4880238576049,0.1956262939361,0.3849968052962,0.1317986577812,0.8484668388169,0.0598330048748,-0.3396905701524,-0.0990135013158,0.3653363762233,-0.1963488710612,0.0607005598329,-0.1072757666630,-0.1265280566421,-0.0103552425067,-0.0999120504642
0.2033200373227,0.4506705866216,0.2735949917974,0.6624828736531,-0.0127201895482,0.1212952372134,0.0765209093008,0.3559054960931,0.2525140904245,0.2976895625104,-0.0734610409777,0.6116036978347,-0.0427983222879,0.5965888266001,0.3065157406199,0.1742477656367,0.1116625969628,0.3336011187320,0.4333037129178,0.4450313906042,-0.0189683515684,-0.0059805429615,0.3535548060213,0.1551355392445,0.2652395086571,1.0000000000000,0.5181597626245,0.3556316687474,0.1908921442838,0.2183607716580,0.2040351175274,0.3005959047634,-0.0276551856041,0.2567213738453,0.4846195100401,0.0810078185361,0.3540585839565,-0.0272088422429,0.5317850695038,-0.1515589800643,0.2600623467781,0.0529657249734,0.0924260346650,-0.1495492001560,0.2523967257935,-0.1632587189405,0.2775304849120,-0.1306636047695,0.1696998471006,-0.0758068851335,0.1594038948539,0.0821421074929,-0.0310135649270,-0.0660654201857,-0.2083864999244,-0.0568722224319,-0.1757552202322,0.3216652208466,-0.0961551923184,0.1129068162572,0.4964374998297,-0.0830748450965,0.2134104894748,-0.1130433553349,-0.1480847308620,-0.2351301879805,0.0189660297025,0.1004690069693,-0.0797251921150,0.2911964322860
0.1744277207575,0.2783676600716,0.5318907671940,0.3557276568998,-0.0697571158645,0.3172333301066,0.2022860433004,0.3697867178816,0.3316385925071,-0.0079283222328,0.2152763213637,0.6548557363571,0.0146066335943,0.3088395392898,0.4249319680492,0.1497274243936,0.1117547224998,0.7474385322147,0.6405315390951,0.6393569711307,-0.0198207192077,0.4027641538317,0.2164182981041,0.5542698860165,0.1748788486703,0.5181597626245,1.0000000000000,0.4619568828061,0.4321881617767,0.4331829839434,0.5196812376349,0.1516282577029,0.1245397196594,0.2330006689212,0.6073780058382,-0.0938723629476,0.0525631659664,0.0188841762811,0.0511651588967,-0.2263007086663,0.0855135346333,0.0525676952875,0.1160759973568,-0.1321855856097,-0.0655883211093,-0.1188960706333,-0.2285757409504,-0.1696261937281,-0.2333390847992,-0.1101343782438,-0.0696062634074,0.0438170428214,0.0486543428314,-0.0790332647517,-0.2486898484695,-0.1437476276861,0.0572381984352,0.1127362849250,0.0074288944274,-0.0991586213766,-0.0742128138140,-0.1912862006235,0.1293329220205,-0.0288900986984,-0.2441949957179,-0.2123268604711,-0.1579562279303,-0.0663749373676,-0.0670250611853,-0.0483349430680
-0.1094568794281,0.1214822071415,0.8150953597805,0.1288905479905,-0.1820223760316,0.4014387848439,0.1835145757206,0.3308357827831,0.4046652437122,-0.0348830075581,-0.0757800391789,0.3894259464815,-0.2088801615565,0.3952058514082,0.2534345527179,0.4449575818213,0.0423798571729,0.1392891480934,0.4353711069496,0.1834031552986,-0.2133513725263,0.0382663129465,-0.1178747904821,0.2732180475720,0.0009618152352,0.3556316687474,0.4619568828061,1.0000000000000,0.0771638661550,0.0452866079541,-0.0711044818767,0.1436171668640,0.1380900252951,0.0485406270991,-0.0058621616668,-0.1459688889785,-0.0487272796464,0.2927996939488,-0.0604083568187,-0.3216088975771,0.2525926917564,0.2290219970071,-0.2122828005063,0.2719365612517,0.0255680541823,-0.3731451018241,0.1011836512818,-0.2516592832559,0.1426906040824,0.1883771319247,0.1973505984489,-0.0108961327955,-0.1181256898916,0.1482170980340,-0.0837643864118,-0.2833568080485,-0.1864405583892,-0.1802802173722,-0.0091843032919,-0.2388815717370,0.0458257601524,-0.1706095017178,0.6945175171333,-0.3686592019992,-0.2565600132654,-0.4945028773999,0.1072775188261,0.0689984380600,-0.2076205938491,-0.1377184364841
0.2378424070788,-0.0073486428421,0.2181316625978,0.1760374562894,0.2860470460291,-0.0441264038186,0.1831962790841,0.2561985709879,0.2034186961052,-0.0734165027149,0.5860155193046,0.2430253153724,0.2916264612700,0.0783949867941,0.3112750045756,-0.1021493427085,0.3520537620040,0.3869683793168,0.2230926725932,0.1867446149749,0.3182913890954,0.7133408860890,0.1695002690342,0.6554319814131,0.4238562054830,0.1908921442838,0.4321881617767,0.0771638661550,1.0000000000000,0.4046454842523,0.5328782622659,0.1417289998632,0.0025010318814,0.2259862796086,0.2842621645193,-0.0599787266041,-0.1029359207938,-0.1190646787496,-0.1606121984232,0.2134752823331,-0.2085351093166,-0.0309051291496,0.3212499815674,-0.1671539921992,-0.1503620023279,0.2902211194358,-0.3473217082389,0.2124618076233,-0.3152572012461,-0.2886526274500,-0.1642083312745,0.3026143520569,-0.0613716966481,-0.1575877859321,-0.3300540628050,0.2296133258983,0.3737837291816,0.1477340196617,0.3008445284733,0.1882851115714,-0.2835042298494,-0.5138641727071,-0.1602148146395,0.6335231117938,-0.2228070807886,0.0890563212796,-0.1811245514551,0.0124981094208,0.0875874587566,-0.1730611168258
0.5597003070611,0.0851681300950,0.0975769526201,0.2191317888243,0.0751886120547,0.1566738741114,0.2765142040894,0.0210778786208,0.3454158000474,-0.0235744842830,0.4791072405740,0.2271367877820,0.2218510351146,0.2052219897159,0.7226810421469,0.1722216028856,0.0373668030831,0.5758871844631,0.4948979099912,0.5253726210556,0.1768962716395,0.5628896314386,0.0750866947398,0.5633259734488,0.0753433333850,0.2183607716580,0.4331829839434,0.0452866079541,0.4046454842523,1.0000000000000,0.4214250697437,0.1397969226169,0.1370387260715,0.6296011446427,0.5844081161151,0.2613413700682,-0.0730644618690,-0.1244609362789,0.0304663848147,0.0176908236935,0.0912035239799,0.1663579306603,-0.0926586391206,-0.1664936837714,-0.0804794844623,0.1920819893866,-0.2291792919183,0.1346504491065,-0.2416457110156,0.1724064977343,0.0388237668851,0.0458096170446,0.1495601207551,0.0321170310134,0.0903268148369,0.0857082680840,0.2286167923323,0.0421533909308,0.2483101201865,-0.0918054340640,-0.2554205206919,-0.3692953500698,-0.1646698159439,0.1396605680328,0.3952508015216,0.1314947234348,-0.2090782639291,0.2201474261577,0.4775169008123,0.1786683097474
0.3328865932597,0.3358192095884,0.2064427844848,0.3628898697363,0.0868099962717,-0.0193346622297,-0.0652624037108,0.4438171708716,-0.0283229387485,-0.0845943296490,0.2367912052870,0.2297591825969,0.0439025421538,-0.0214719679961,0.1684151808768,-0.2659231067403,0.3056083508501,0.5467110133694,0.1541075054264,0.3288059054039,0.1028629322148,0.6005348746071,0.4904672087238,0.6663827767715,0.2833001225498,0.2040351175274,0.5196812376349,-0.0711044818767,0.5328782622659,0.4214250697437,1.0000000000000,-0.1882580012169,0.0485305586961,0.3027399742285,0.5826555919423,0.0850647378966,0.1786800234470,-0.2206765577246,0.1405351357388,0.0663206786868,-0.1230333290439,-0.2855997176148,0.3656352466090,-0.2806653696269,-0.2113804203646,0.0832201440321,-0.3845118616462,-0.0888725733476,-0.3210733921260,-0.2134205953193,-0.3918440903152,0.3425714335200,0.3137790669317,-0.3931575352952,-0.2614517765772,0.0562776743635,0.2998112207371,0.4227249247543,0.3143084738989,0.2296208351894,-0.0482608024781,-0.1406964988366,-0.2091577616563,0.4956692207228,0.0854427509099,0.4246414291309,-0.3205620490827,-0.0981209896914,0.1335701106404,0.1529195997464
0.0583741986847,-0.1743768710108,0.0257136630083,0.1478486471265,-0.0640894277022,-0.0817152296007,0.1199180554815,0.0956303887531,0.0847323258168,0.1252665964417,0.0386344187696,0.2998234675171,0.0024611734099,0.3573779146822,0.2632482940236,0.1648093269724,-0.0106147200674,0.1143502159489,0.2740106412545,0.2476201650785,-0.0466827199442,0.0141963981397,0.0289723051981,-0.0257972967423,0.0300144196713,0.3005959047634,0.1516282577029,0.1436171668640,0.1417289998632,0.1397969226169,-0.1882580012169,1.0000000000000,0.1257629828388,0.0880549657628,0.0642102308365,0.0271939870924,0.0231049389335,0.0615734496564,0.1280966207250,-0.0965887333284,0.0681881268388,0.0151548921644,-0.0763666366553,-0.1328765857076,0.1791326831576,-0.0710973633281,0.1658873740362,0.0034566992025,0.3067067739837,0.1153587604258,0.1698974771960,-0.0598276857575,-0.0755479417495,0.2954800793927,0.1714167332599,-0.1095818326712,-0.0650258869971,-0.0059676866561,-0.0415634882047,-0.0458099134275,0.1591549148334,-0.0424426717271,0.1436874317810,-0.0308385704476,-0.0286620552182,-0.2982786768596,0.5974591524579,0.1876192134977,0.0050982762696,0.0154623229505
0.0129604455862,0.0382991135300,0.0806951288868,0.0021307912544,-0.2423009629330,0.3749435631526,0.1248165646205,-0.0639659176216,0.1319723618232,-0.2374379155284,-0.0967762421192,0.1229887353710,-0.2490015203110,0.0162031691998,0.1337278243191,0.1733199651569,0.0450605119456,0.0039056535392,0.1063790133710,-0.1178909261755,-0.2202220501643,0.0394882358199,-0.0636526093222,0.0743069453005,-0.1164096488637,-0.0276551856041,0.1245397196594,0.1380900252951,0.0025010318814,0.1370387260715,0.0485305586961,0.1257629828388,1.0000000000000,-0.0066212679308,0.0403468779186,0.0242367514475,-0.0020863036945,-0.1303456159669,-0.1587043682691,-0.2219631049976,0.1673239122118,0.1788885114147,-0.0478611970564,0.2867338329659,-0.2027923366750,-0.1244504971405,0.0000584433821,-0.2330026445725,0.0647342685462,0.2133445986615,0.0469985310678,0.0161477849215,-0.0147013887824,0.0643316515832,-0.0338057788962,-0.2296273677163,-0.0931255610877,-0.0594024591210,-0.0366643727429,-0.1423001150910,-0.0838446468658,-0.1322650197292,-0.0129894641381,-0.0465226419571,0.1173861031037,-0.0872980310522,0.1630444382933,0.1575876967033,-0.0855847534389,-0.0908930334367
0.2240604635438,0.3681485021759,-0.0060038214265,0.3760548061761,0.0837799376300,-0.1250519935868,0.0047852992785,0.0711123773183,-0.0009341784271,0.0238734473688,0.2188323493073,0.0343546587651,0.2163065077101,0.0641233440879,0.2316388044572,0.0667466654722,0.0970204526287,0.4144002007291,0.1351222823943,0.3230842543184,0.2660932007103,0.2731137127434,0.2799751975150,0.3875884483892,0.0797463861149,0.2567213738453,0.2330006689212,0.0485406270991,0.2259862796086,0.6296011446427,0.3027399742285,0.0880549657628,-0.0066212679308,1.0000000000000,0.5184625180342,0.1434702978707,0.2576272207614,-0.1901776232175,0.3078958256175,0.0581439223304,0.0394863586476,-0.0919751542002,-0.0458902659392,-0.2494699535290,0.0454445134079,0.0846212330472,-0.1961976906556,0.1860409660893,-0.1650041036769,-0.0112658203721,0.0358529007360,0.1291897858571,0.3109253270219,-0.1453545158251,0.0602788648316,0.1993762104353,0.0724439116064,0.2224826194485,0.2256769704872,0.0279174427179,0.0697921408616,-0.1672804438369,-0.0811665137020,0.0995554976518,0.3523958491019,0.0999877400515,-0.1192209066018,0.0593759117335,0.7447999960756,0.3785660404923
