1.0000000000000,0.2402729568724,0.0751813472685,0.2587553343640,0.0600960044543,-0.1305925057477,-0.0031629739134,-0.0494574405625,-0.0987785929529,0.1761782762994,0.0556427691091,0.1029544890604,0.0811283367187,0.0630511523610,0.5513124251395,0.1208502625674,0.1127183136130,0.3410768054342,0.1148219134378,0.4131462942851,0.0941389248928,0.1638790621826,0.1951547580613,0.1061644667294,0.2047726586379,0.3429043191832,-0.1230210390059,0.0418175968459,-0.0758594253599,0.5208230202066,0.2143310721217,0.1545450639171,-0.0210129658239,0.2053244545181,0.2764179060242,0.7628791455556,0.2153397463847,-0.1742596323017,0.3099925368910,0.0320196534591,-0.1710053895551,-0.1429159047694,-0.0861949870278,-0.1414763863664,0.1921487109802,0.1918447548260,0.0124068594149,0.0151968011157,-0.0176818934223,0.2728517441761,-0.0443431005751,0.1535591867403,0.2812751499682,0.1798136420456,0.3380671901521,0.0433322591760,0.1459593155707,0.1568772947595,0.1847134071699,0.1893372407141,0.3292875116711,-0.2356590793953,-0.0254496054676,-0.0290903358966,0.4810195188264,0.0464156962934,0.1692289783230,-0.0209747263097,0.2397160530207,0.3102370396785
0.2402729568724,1.0000000000000,0.0189856075653,0.7633996106732,0.4353600478033,-0.4247976614719,-0.2302089930604,0.0172005159388,-0.4762396863203,0.4538205030791,-0.2011321847418,-0.0478343799498,0.2830266971291,-0.1440332214619,-0.0873330121950,-0.1483955494304,0.4954646713142,0.5394552050678,-0.1370548996700,0.4212487351360,0.4474887553675,0.5930757772634,0.7769021609642,0.5989606631073,0.4292209984452,0.5523626591799,0.0589866334306,0.0938798049015,0.3019247497566,0.4245943684167,0.5396381087124,0.2068144863084,-0.3176477421078,0.6322923994744,0.6799201422875,0.2400189560456,0.8821735629794,-0.2336855242607,0.6611305969559,0.4109501883384,-0.4806900659511,-0.4420615540834,-0.2173560015203,-0.5527709815614,0.3900511155244,0.0145708047588,-0.2062967751872,0.3023415472631,-0.2217811050536,-0.4230532710533,-0.2654139142393,0.5437245360019,0.5522803025226,-0.1878735592147,0.4575639622886,0.4119532519276,0.5314587644540,0.7621333649162,0.5450634047053,0.3722571516942,0.5784724524363,-0.2488877591305,-0.1148495779185,0.2804059846801,0.3834918039709,0.3080690971290,0.0933596436564,-0.3395631709100,0.5665156896757,0.5726824051565
0.0751813472685,0.0189856075653,1.0000000000000,0.0804635034504,-0.0974101686472,-0.0277893556296,-0.2432929555625,0.0550158060238,0.0390629400711,0.0620809821160,-0.1802054674519,0.0577981452754,-0.2757167912699,0.2210580651543,0.1539544588386,-0.0698591522429,0.1694006627231,0.2733159062299,0.1232905742850,0.0938021833340,-0.1064196819092,0.1523166161515,0.1080325942971,0.4234948613447,-0.0476837761595,0.1617165352055,0.3306290590019,0.7137505300145,-0.0043052341636,0.0893594148101,0.1169255396160,0.0845694867098,0.0031956094268,0.1063026539456,-0.0045773381477,0.0058058335303,0.0513016482159,0.6253182994229,0.0801939575833,-0.1554636593342,0.0199975003855,-0.1423577467287,0.0474283501791,0.0218951745125,-0.0672421003967,-0.1218371727291,0.0022964980422,-0.2100936780032,0.1509474232191,-0.0282743496769,-0.0387368234653,0.1124349711092,0.2050697400488,0.1405307412470,0.0594766140912,-0.1467636996404,0.1846493041466,0.1085125768296,0.3422423545404,-0.0887118957836,0.0595534218599,0.0840244848901,0.5778022844613,-0.0316781742322,-0.0393490992615,0.1037439076152,-0.1217336328435,-0.0721106649305,0.0357843843468,0.0488413161864
0.2587553343640,0.7633996106732,0.0804635034504,1.0000000000000,0.4148447916719,-0.3053126576208,-0.0404742615115,0.0534070807890,-0.3073264251401,0.6080511538207,-0.0592765922170,0.0772357388435,0.3816082995812,-0.0558937785983,0.0762274125762,-0.0551407464769,0.2551479032938,0.5461216999183,-0.0687940730639,0.3748635055542,0.4643511516963,0.4306368279924,0.7322647396741,0.3975165252753,0.5637408283014,0.5028009825275,0.1214058012073,0.0085530406329,0.3436924941389,0.3764694495435,0.4242647844622,0.1910740160590,-0.2316706340943,0.4904052754469,0.5753306502343,0.1111921430951,0.6872233735833,-0.0790261567770,0.8762722173220,0.3878159431193,-0.3806269054022,-0.2894261150637,-0.0685128655507,-0.4042033771946,0.6094961606574,0.1374869312179,-0.0752129919470,0.3904671011978,-0.1251880658101,-0.2718108903913,-0.1498771077729,0.3592398178072,0.5647549747759,-0.0779331085829,0.4720315073772,0.3960187486840,0.4602105431359,0.6737164606416,0.3928333143892,0.5145741928328,0.5313684523598,-0.1283545807042,-0.1198059026440,0.3725835670136,0.3131889938198,0.2031534543340,0.0557467040080,-0.2321032709751,0.4531691342538,0.4698518950885
0.0600960044543,0.4353600478033,-0.0974101686472,0.4148447916719,1.0000000000000,-0.0977381408987,-0.0106630106037,-0.0114837413354,-0.1349993398773,0.5877528304260,0.1234339003073,-0.0572871914158,0.5122009502392,-0.1202325567526,-0.0226215121308,0.1060688151053,0.4861891505302,0.2043214941452,0.0524837603745,0.0264482065556,0.8602330784457,0.5579299378945,0.4183088686957,0.3944742301032,0.6241993121998,0.1135395948241,0.0299901421948,-0.1464031175452,0.4390514833341,0.2529053986638,0.2818615697769,0.0367246409784,-0.0324067234533,0.4518762170749,0.3872704049839,0.0447639365713,0.3820430938982,-0.1965954962501,0.2329274776999,0.9296546547467,-0.1472001895520,-0.0777391739826,-0.2155468396762,-0.2462564170703,0.3807148694492,0.3466128950073,-0.2415115709196,0.6109238511710,-0.2070279742097,-0.2630783524519,-0.0325772190749,0.5066948252763,0.0930733698428,-0.1473057581122,0.0230927333992,0.8715520874727,0.5259095002289,0.3365075796738,0.3210835323722,0.5997469406824,0.0917868792849,-0.1290346559501,-0.1918614340307,0.5227344475132,0.2201372997958,0.0249366518035,-0.0070869484079,-0.0467616543988,0.3602912600247,0.1339033422243
-0.1305925057477,-0.4247976614719,-0.0277893556296,-0.3053126576208,-0.0977381408987,1.0000000000000,0.7021741264458,-0.2409710701605,0.9314032338206,-0.1544960993005,0.1294996388917,0.4127704608711,0.0016163338349,0.3035915881560,0.3373642688318,0.7382350723557,-0.2884950507728,-0.4471492404940,0.4414989082204,-0.3020741250118,-0.0529553453845,-0.3467642349063,-0.4650769512522,-0.4214633609652,-0.1475322799132,-0.2197537715489,0.0826261040215,-0.1496569826292,-0.2461966769338,-0.1381982889767,-0.3111102767670,-0.0941393162850,0.8719684640338,-0.3922744231264,-0.1266128858070,-0.2576305172393,-0.3014374527459,0.0620830395389,-0.1935258724744,-0.1456640322656,0.9602558312191,0.8120883101078,-0.1564179030810,0.8882452872359,-0.1000024228214,-0.0692034765219,0.4701425486741,0.0927822553345,0.3562275658950,0.7017972197276,0.7093987864224,-0.3212023028149,-0.4807285625947,0.3522366588980,-0.3799277156846,-0.0670466577713,-0.4119680397347,-0.4473897777102,-0.4552952781086,-0.1031159051212,-0.1552255856931,0.2947316824896,0.0207380593230,-0.2210412076055,-0.1450423394135,-0.3145813283096,-0.1230385239289,0.8883536440427,-0.3973513332792,-0.1519404905028
-0.0031629739134,-0.2302089930604,-0.2432929555625,-0.0404742615115,-0.0106630106037,0.7021741264458,1.0000000000000,-0.1604141790096,0.7068598087790,0.0002934283378,0.5637991868493,0.3574001827241,0.5281839028660,0.1419543053204,0.3240040469324,0.6840135189041,-0.4105408286855,-0.2549643105703,0.2973010978250,-0.1239164667512,0.0966078735686,-0.3812179237287,-0.3181460802083,-0.4848732451748,0.0607885817177,-0.0397757203960,0.1225825016020,-0.3402377099873,-0.0636937311928,-0.1223847578489,-0.3011184677047,-0.1189813462399,0.6148109810002,-0.3107894315877,-0.0161420666505,-0.2435659512460,-0.1405190003022,-0.1210404617791,0.1243378814582,-0.0209175297209,0.6085834368314,0.8438918457598,-0.1314789686971,0.6256853288471,0.1820929822515,0.2451859520146,0.3788951652520,0.5122550339075,0.1575143242993,0.5034467559186,0.6115211674313,-0.3756424963279,-0.3048459635994,0.2047293931632,-0.1908430958400,0.0574616585492,-0.4718564653685,-0.3188498250592,-0.5125954073961,0.1043682857100,0.0323823118331,0.3098988296951,-0.1780689552777,-0.0315502756214,-0.1382001157587,-0.3474896732022,-0.0321788450453,0.6699478226009,-0.3207166841461,-0.0973876350125
-0.0494574405625,0.0172005159388,0.0550158060238,0.0534070807890,-0.0114837413354,-0.2409710701605,-0.1604141790096,1.0000000000000,-0.2048648312009,0.1379558247695,0.0295663203240,-0.1115306829771,-0.0684299392921,-0.1983420226687,0.0104930983910,-0.2288440425108,0.0003018436396,0.0669676702852,-0.2971613941153,-0.0733889254749,-0.0533288743973,0.0511777487869,0.0933507788213,0.1086223778718,0.3320782672319,-0.0361520871200,0.2012281707049,0.0108055116649,0.4745852049199,-0.1025335989920,0.3791405899082,-0.0562101712351,-0.2006153329280,0.1585262656530,0.0522630045584,-0.1110649133049,0.0065238754784,0.0472357923169,0.0050480459713,0.0874081482695,-0.2511440277191,-0.2353341859846,0.6943906708370,-0.2113144632885,0.1235951101429,0.0032592063479,-0.1586942424094,-0.0813237467221,-0.0742569106600,-0.1529110799630,-0.2631302770590,0.0896234740793,0.0452453002666,-0.3504782609758,-0.0227164946354,-0.0509714821832,-0.0751780109531,0.1391323066996,-0.1194309198004,0.2144999159100,-0.0678104886250,-0.0101203395931,-0.0206630133934,0.2825696267584,-0.1768079159639,0.0956417133086,0.3293883567272,-0.2275690179074,0.0376016905618,-0.1089116244419
-0.0987785929529,-0.4762396863203,0.0390629400711,-0.3073264251401,-0.1349993398773,0.9314032338206,0.7068598087790,-0.2048648312009,1.0000000000000,-0.2302517444819,0.2000171987375,0.4819512206335,-0.0413382561667,0.3853906145461,0.4333411677966,0.7527487175334,-0.3033202971995,-0.4129122018900,0.5252977520990,-0.2636776080784,-0.0732427928428,-0.3636099869672,-0.5010177377351,-0.4011314382061,-0.1665997440749,-0.2240292869737,0.1190903820854,-0.0985478737549,-0.1933587425170,-0.0654481388343,-0.2941304944368,-0.1003915570980,0.8122971149914,-0.4115469052766,-0.1544923775573,-0.2118821700678,-0.3442053358605,0.1460429338991,-0.1898654597025,-0.1893632959762,0.9212946933455,0.8573521941363,-0.1006981628249,0.9346655406489,-0.1562981856652,0.0296294745824,0.5127774748713,0.0645323903851,0.4354525668531,0.7077730601591,0.7198141948646,-0.3251190806018,-0.4549679889953,0.4366577301348,-0.3264000486485,-0.1010670111205,-0.4103004534515,-0.4859489588055,-0.4230468608595,-0.1394348061295,-0.1561821442338,0.3251130558843,0.0865763205197,-0.1768614397131,-0.1108438528186,-0.2809693950187,-0.2162138613305,0.8197896096408,-0.3999640949711,-0.1468538514842
0.1761782762994,0.4538205030791,0.0620809821160,0.6080511538207,0.5877528304260,-0.1544960993005,0.0002934283378,0.1379558247695,-0.2302517444819,1.0000000000000,-0.0090978773651,-0.1159412748468,0.4540981098067,-0.1502860409524,0.0500108087204,0.0497744990355,0.1975607087615,0.2518577915367,-0.1564727425370,0.0287400253342,0.5392313815584,0.3364395053133,0.5158111198710,0.2336785894780,0.6949566367716,0.2708491519434,0.1455285107065,-0.0307081069771,0.2315056821581,0.1314576958046,0.2315437709016,0.0435734804720,-0.1226957545709,0.4303548114016,0.3688056620975,-0.0260874002543,0.4026320855404,-0.1559981703342,0.5067926578318,0.5931275772673,-0.2063085841336,-0.2235765756956,-0.0858317851917,-0.3116518470776,0.7924690392509,0.0628766341895,-0.2276427373674,0.4671503651932,-0.1688566322762,-0.1673849103400,-0.0788317456993,0.2808825675802,0.1381747623170,-0.2836251074339,0.0243740136845,0.5452582255576,0.2993502052247,0.4438418841023,0.1392258084940,0.6381433916472,0.2859360883148,-0.0854559906144,-0.1504765326488,0.2603208005809,0.0975147203162,-0.0916777303866,0.2557429066729,-0.0883696445368,0.3427389365002,0.1407531927861
0.0556427691091,-0.2011321847418,-0.1802054674519,-0.0592765922170,0.1234339003073,0.1294996388917,0.5637991868493,0.0295663203240,0.2000171987375,-0.0090978773651,1.0000000000000,0.0552400652493,0.5984877656348,-0.0336364568325,0.1527465344888,0.2148283779881,-0.2215248690124,-0.1065890209334,0.1152904989428,-0.0675778525372,0.2500744688469,-0.2202185252080,-0.2187035221829,-0.2713661001638,0.1652694603299,-0.0732171142138,0.1354026665831,-0.2727673927934,0.1204911089336,-0.0437148014538,-0.2279123507237,-0.0441737399780,0.1017717132669,-0.0836478711397,-0.0504762343069,-0.0976099817454,-0.1674822900510,-0.0639449462533,0.0205895508395,0.1484257024069,0.0913493841980,0.4529734440732,0.0189960712335,0.1738476216012,0.1216819358457,0.6779303263510,0.0110656466928,0.5355287135910,-0.0486140035281,0.0947021751400,0.1398995109332,-0.2000062237181,-0.1926644584595,-0.0182393040251,-0.0955894714649,0.2114960772425,-0.3044941702264,-0.2067859395967,-0.3402839141063,0.2034397417324,-0.0668833509822,0.2326966486833,-0.1218080545989,0.1699465548376,-0.0879086901460,-0.3156267499798,-0.0074108907283,0.0975806272662,-0.1058182841304,-0.1871318204379
0.1029544890604,-0.0478343799498,0.0577981452754,0.0772357388435,-0.0572871914158,0.4127704608711,0.3574001827241,-0.1115306829771,0.4819512206335,-0.1159412748468,0.0552400652493,1.0000000000000,0.0216923059732,0.7665143496454,0.3817392171627,0.5481553830702,-0.1086794065214,-0.0781186283186,0.6910322552677,0.2306435889010,0.0029825884969,-0.1236443461224,-0.1846675839076,-0.1041471489646,-0.0805202565697,0.2838759801056,0.1234241877125,0.0164334307444,-0.1130226456095,0.2812346166033,-0.0639934002858,0.2693630263539,0.3284109565690,-0.1753735807288,0.1662210574626,-0.0302291498457,0.0258333875293,0.1494006020146,0.2303150953761,-0.1672218028276,0.4179490444975,0.3302939266788,0.0445220280273,0.4474269933931,-0.0753076045324,-0.0895634100046,0.8578412154596,0.0241063993720,0.7698416478748,0.3368803612886,0.4976356466816,-0.0756260520854,-0.0304436500341,0.7163767688540,0.1891016034777,-0.0625254759464,-0.0833817609950,-0.1593157128404,-0.0781268237180,-0.1185214340629,0.2819957801397,0.3145299449433,0.1074584879208,-0.1504934627413,0.1390844543638,-0.0019699734399,-0.2772866513505,0.3623859747417,-0.0761105653521,0.3495411769408
0.0811283367187,0.2830266971291,-0.2757167912699,0.3816082995812,0.5122009502392,0.0016163338349,0.5281839028660,-0.0684299392921,-0.0413382561667,0.4540981098067,0.5984877656348,0.0216923059732,1.0000000000000,-0.1541054250128,0.0258253056170,0.2056234222549,-0.0340438943193,0.1305841119021,-0.0088030668114,0.1041115646252,0.5941109180435,0.0621848404268,0.1783459756906,-0.0523429445611,0.3849044827755,0.1951627080527,0.1038119049661,-0.3428548216289,0.2221115154888,0.0383528518747,-0.0484035721760,0.0091944497950,0.0222391137251,0.1506985604735,0.2613417060202,-0.1266272820908,0.2535755835712,-0.3028486495535,0.4278812939777,0.5029244111661,-0.1062995884522,0.2128713293833,-0.2109508648415,-0.1268152792441,0.4827401032344,0.4128901136567,-0.0612955000278,0.8992008257941,-0.2250784422842,-0.1181529681883,0.1343959610069,0.0144373716234,0.0465913671026,-0.1075012065331,0.0578330516222,0.5763870825710,-0.0204849468294,0.1243895138799,-0.1119685064632,0.4216778481656,0.2478716279686,0.0726150209641,-0.3220042908222,0.2771924143860,0.0093300855314,-0.2143879113270,0.0942097226830,0.0397132452205,0.0657078377655,0.0553700684325
0.0630511523610,-0.1440332214619,0.2210580651543,-0.0558937785983,-0.1202325567526,0.3035915881560,0.1419543053204,-0.1983420226687,0.3853906145461,-0.1502860409524,-0.0336364568325,0.7665143496454,-0.1541054250128,1.0000000000000,0.3955406537258,0.4155936810684,-0.0441327372916,-0.0255374478357,0.7447281696858,0.2395552938917,-0.1118036099714,-0.0923484533399,-0.2661000178242,-0.0188971870283,-0.2146819341316,0.3056126409217,0.0573053834326,0.2705761188879,-0.1868820075692,0.2898856788917,-0.1340712193656,0.4481727808813,0.2930846718539,-0.1643165508443,0.0434246333534,0.0186221015103,-0.0946251454993,0.2846204923256,0.0649619962897,-0.2440888493239,0.3528881243786,0.2487311453685,-0.0066297529000,0.3780046166632,-0.2315818102122,-0.1144144726627,0.7068323515066,-0.1237147044853,0.9078641511555,0.2875794552862,0.4469030778203,-0.0645006662464,-0.0017059180873,0.7993254009511,0.1881734420807,-0.1748583326416,-0.0252524666226,-0.2735528914581,0.0250233747959,-0.2752493233629,0.2016896574350,0.2301484025296,0.3331620985159,-0.1983816639100,0.1428999212895,-0.0063235032998,-0.4098372247206,0.2366660709746,-0.1105782636142,0.2850127359764
0.5513124251395,-0.0873330121950,0.1539544588386,0.0762274125762,-0.0226215121308,0.3373642688318,0.3240040469324,0.0104930983910,0.4333411677966,0.0500108087204,0.1527465344888,0.3817392171627,0.0258253056170,0.3955406537258,1.0000000000000,0.4774802942373,-0.1190843590666,0.1424301488330,0.5776839565719,0.3108960524195,0.0282503177223,-0.0677707247617,-0.1286536695118,-0.0886114013727,0.0109118270796,0.1098753873603,0.0469482416270,0.1031020275449,-0.1754845416614,0.5734779736349,0.0293664764493,0.1565327070015,0.4457760184403,0.0465962642699,0.1710327690390,0.3394711631993,-0.0689808954022,0.0464895312373,0.1444812243112,-0.0319094744497,0.3302830698122,0.3305730977698,-0.0864221877063,0.3677885517320,0.0171859344348,0.1520637484009,0.2860125829677,0.1086792092004,0.3567099455924,0.6155894089503,0.3540035685374,-0.0886668848840,-0.0330125323793,0.5073833692289,0.0953422022859,0.0154757196153,-0.1003611744538,-0.1732857105207,-0.1312112960658,-0.0381807888249,0.1215976671469,-0.0159605966586,0.1381113424108,-0.1452217761374,0.4411076802714,-0.2245861940745,-0.0641643107156,0.3523698553575,0.0419860352535,0.1625353573963
0.1208502625674,-0.1483955494304,-0.0698591522429,-0.0551407464769,0.1060688151053,0.7382350723557,0.6840135189041,-0.2288440425108,0.7527487175334,0.0497744990355,0.2148283779881,0.5481553830702,0.2056234222549,0.4155936810684,0.4774802942373,1.0000000000000,-0.1491602879182,-0.2942096942147,0.5111910454547,-0.0827992504358,0.1649788584283,-0.1806330874285,-0.2649034547248,-0.3129727568116,0.1075700058591,0.0534367641389,0.0048009927182,-0.1170241848312,-0.1234191796390,0.1791097021536,-0.1677780692042,-0.0327643705286,0.6823888236585,-0.2046933323665,0.1043611302917,-0.0188511415244,-0.0538731792405,0.0006397173302,0.0762961226349,0.0537907958034,0.6921097899191,0.6948704328634,-0.1656107300069,0.6457919709041,0.1624455887232,0.0390912818107,0.5405945815331,0.2813718863499,0.4574619328925,0.6067541611632,0.8566601736420,-0.1346868787018,-0.2983135153076,0.4363581361367,-0.1497850700409,0.1208920678188,-0.2374917139667,-0.2741954424245,-0.2866078323510,0.1365202169808,0.1647109284214,0.1964967616373,0.0172090389599,-0.0902930377341,0.0989687434541,-0.2251898713540,-0.1718515126235,0.6567995501233,-0.2138161181289,0.1160140455613
0.1127183136130,0.4954646713142,0.1694006627231,0.2551479032938,0.4861891505302,-0.2884950507728,-0.4105408286855,0.0003018436396,-0.3033202971995,0.1975607087615,-0.2215248690124,-0.1086794065214,-0.0340438943193,-0.0441327372916,-0.1190843590666,-0.1491602879182,1.0000000000000,0.2371824520948,-0.0796573917562,0.1181069599061,0.3743585388355,0.8484230610990,0.5408212953794,0.7718577571961,0.2758767248258,0.1918460307473,-0.0606322933503,0.0813874941643,0.3654095134964,0.3332291498192,0.6012555576873,0.1984754515649,-0.1654876702076,0.3997620719415,0.3976199340249,0.2662915540163,0.4130142076015,-0.1871226381712,0.1389338330959,0.4058074438374,-0.2842013549685,-0.3568206245985,-0.1602525293462,-0.3062097813327,0.0075382169241,0.0560200395893,-0.1622993829214,0.0384751667504,-0.1092693358070,-0.2449484304543,-0.2066769346495,0.9493657652747,0.2162666429673,-0.0745933659033,0.1345040728620,0.3697780814628,0.7579828801811,0.5507850200015,0.7141903977603,0.2612882291319,0.1412031799178,-0.2314166801313,-0.0569254750218,0.3957683929641,0.3003416563120,0.4708738994477,0.0993253115057,-0.2212058277886,0.3248299430324,0.3226182211986
0.3410768054342,0.5394552050678,0.2733159062299,0.5461216999183,0.2043214941452,-0.4471492404940,-0.2549643105703,0.0669676702852,-0.4129122018900,0.2518577915367,-0.1065890209334,-0.0781186283186,0.1305841119021,-0.0255374478357,0.1424301488330,-0.2942096942147,0.2371824520948,1.0000000000000,-0.0212054719987,0.6866366200092,0.2431562928067,0.4325565380528,0.4612668991474,0.5875753197114,0.1608079483963,0.4738442172697,0.2624396352723,0.1556211547636,0.2586242249170,0.4894439577759,0.4114539718155,0.2792901239102,-0.2648307400682,0.5380917132956,0.4928810456383,0.2594102483428,0.4970831779297,-0.0318703501398,0.4731417623447,0.1583821010554,-0.4856681038643,-0.4283529618510,-0.1442915787287,-0.4776346474944,0.1736152711538,0.1856434070468,-0.2378619100677,0.1502152031187,-0.2061228486779,-0.3675149378936,-0.3408690141890,0.2484228567182,0.8586183940018,-0.0535687041609,0.6972767419160,0.1636597468499,0.4406619551400,0.3646766142894,0.4884127543077,0.0976935470751,0.3438812773994,-0.1566673999705,-0.0467090006088,0.2885673999355,0.4335979757969,0.1870399531449,0.0565023344983,-0.3273776888856,0.5180440205871,0.5008055241985
0.1148219134378,-0.1370548996700,0.1232905742850,-0.0687940730639,0.0524837603745,0.4414989082204,0.2973010978250,-0.2971613941153,0.5252977520990,-0.1564727425370,0.1152904989428,0.6910322552677,-0.0088030668114,0.7447281696858,0.5776839565719,0.5111910454547,-0.0796573917562,-0.0212054719987,1.0000000000000,0.3335651709612,0.0933473879352,-0.1493900486179,-0.2978762308315,-0.0647546869792,-0.1210037220032,0.0627683877921,0.1633764213029,0.2046999566847,-0.2432830295775,0.4756676308985,-0.1529667409343,0.2288165623004,0.4137922415692,-0.0588575048535,0.1087138019880,0.0804309284103,-0.0234042715366,0.2943463232660,-0.0229184808844,-0.0298272641688,0.4987293097835,0.4570244135979,-0.1787970752937,0.4823046603567,-0.2350455557909,0.0867362537067,0.5143087804033,0.0938035639238,0.6867331931336,0.4037846516906,0.4480122790484,-0.0857584277237,-0.1338182127040,0.8202518752859,0.1379640375394,0.0874059745755,-0.0812422355121,-0.2885532179256,-0.0815333344443,-0.1378335036844,0.0656481764842,0.3252769517937,0.3694709513792,-0.1769621790894,0.3793048524861,-0.2348332588950,-0.5115169169341,0.3418944715435,0.0226784378719,0.1909853227836
0.4131462942851,0.4212487351360,0.0938021833340,0.3748635055542,0.0264482065556,-0.3020741250118,-0.1239164667512,-0.0733889254749,-0.2636776080784,0.0287400253342,-0.0675778525372,0.2306435889010,0.1041115646252,0.2395552938917,0.3108960524195,-0.0827992504358,0.1181069599061,0.6866366200092,0.3335651709612,1.0000000000000,0.0730549163439,0.1842023997610,0.2279686348012,0.3261765737870,-0.0091424101727,0.5718930380516,0.2497919962119,0.2300348108542,-0.0360354489467,0.6351775486831,0.2603157492612,0.2509025546136,-0.1852182102013,0.3836132423777,0.4957557200771,0.3843178567486,0.4403256864605,-0.0491756302219,0.4103221969046,-0.0061566429746,-0.3021102823680,-0.2685537652358,-0.1826359967544,-0.2849867180211,0.0183439145320,0.0205573732979,0.0429148471710,0.0997609034542,0.0949043596818,-0.1319574988701,-0.1494426103294,0.1606309027107,0.5798468981138,0.3336615491532,0.7759593931343,0.0284013383782,0.2054702343269,0.2383260869387,0.3157935682967,-0.0900824224939,0.4910433308691,0.0407445959271,0.1169265434308,-0.0309765099191,0.5721613243017,0.0564430478444,-0.1656286414339,-0.2529489625441,0.5100136808781,0.6324125143401
0.0941389248928,0.4474887553675,-0.1064196819092,0.4643511516963,0.8602330784457,-0.0529553453845,0.0966078735686,-0.0533288743973,-0.0732427928428,0.5392313815584,0.2500744688469,0.0029825884969,0.5941109180435,-0.1118036099714,0.0282503177223,0.1649788584283,0.3743585388355,0.2431562928067,0.0933473879352,0.0730549163439,1.0000000000000,0.4211306828791,0.3687472326477,0.3176772092788,0.5329963647459,0.1087849044508,-0.0168634851341,-0.1465251740830,0.4110167714854,0.3372073140935,0.2025843673306,0.0527995068545,-0.0357497890195,0.4687500423716,0.3988427012866,0.0155096651002,0.3851392611909,-0.1170294257403,0.3225135750262,0.7769909137831,-0.1209002129812,0.0275758748715,-0.2099947934551,-0.2043669741587,0.3740529626270,0.5052652645783,-0.2172382195022,0.6801239491751,-0.1759065698617,-0.2469530385651,0.0005958095560,0.4020361293687,0.1468792123996,-0.1186448213072,0.0951623645236,0.9187886188480,0.3891911743553,0.3082149219180,0.2161405531710,0.5507485645789,0.1398389068198,-0.1191100204033,-0.1627290230312,0.4935837245020,0.2473931917685,-0.0584832681630,-0.0580067342747,-0.0405337245110,0.3650327714688,0.1828654758801
0.1638790621826,0.5930757772634,0.1523166161515,0.4306368279924,0.5579299378945,-0.3467642349063,-0.3812179237287,0.0511777487869,-0.3636099869672,0.3364395053133,-0.2202185252080,-0.1236443461224,0.0621848404268,-0.0923484533399,-0.0677707247617,-0.1806330874285,0.8484230610990,0.4325565380528,-0.1493900486179,0.1842023997610,0.4211306828791,1.0000000000000,0.6630414710280,0.8644137903354,0.3382527334577,0.2846190108291,-0.0331752966429,0.0053431745360,0.4606731872137,0.3749563447876,0.7130468993460,0.2063476994416,-0.1766691900220,0.5185993591092,0.5523139327724,0.2739793324912,0.4816769406765,-0.2426795193762,0.2839329346392,0.5052537895267,-0.3838431436097,-0.4250441520556,-0.1861514629060,-0.3989991827046,0.1512094748716,0.0997899073702,-0.2002547491222,0.1497534923438,-0.1907032562738,-0.3163801465462,-0.2501628532133,0.8283624349301,0.4079086747862,-0.1309099387061,0.2536030943970,0.4180345648013,0.8971780247391,0.5901017210059,0.7825890719145,0.3141608488661,0.2115583280396,-0.3211075057547,-0.1850694927024,0.5074129256063,0.3298508276957,0.5070642671192,0.1411772254620,-0.2376975309651,0.4243363443760,0.4224164637196
0.1951547580613,0.7769021609642,0.1080325942971,0.7322647396741,0.4183088686957,-0.4650769512522,-0.3181460802083,0.0933507788213,-0.5010177377351,0.5158111198710,-0.2187035221829,-0.1846675839076,0.1783459756906,-0.2661000178242,-0.1286536695118,-0.2649034547248,0.5408212953794,0.4612668991474,-0.2978762308315,0.2279686348012,0.3687472326477,0.6630414710280,1.0000000000000,0.5885259798900,0.5384861274332,0.3352721017478,0.0253457768315,-0.0002785496781,0.3859748695696,0.2609121421449,0.6481318293590,0.2081548401073,-0.3188417180809,0.5112778701804,0.5087337184766,0.1846155289986,0.6542460685593,-0.2608791818240,0.5496991261255,0.4045730954296,-0.5078341762661,-0.5100700527774,-0.1645878090152,-0.5609536158292,0.4514473552839,0.0532913336527,-0.2895429600939,0.1855168523099,-0.3076495216499,-0.3772662481874,-0.3563751921446,0.6046299161190,0.4460216398406,-0.2817832420751,0.2819058961916,0.3492482144041,0.6386048466132,0.9039100201338,0.5891077488669,0.4887693091312,0.3529228296810,-0.3291865846493,-0.2157059969093,0.4276746180423,0.2463345411720,0.3998784113120,0.2891011205846,-0.3498631756464,0.4248029248845,0.3543903157008
0.1061644667294,0.5989606631073,0.4234948613447,0.3975165252753,0.3944742301032,-0.4214633609652,-0.4848732451748,0.1086223778718,-0.4011314382061,0.2336785894780,-0.2713661001638,-0.1041471489646,-0.0523429445611,-0.0188971870283,-0.0886114013727,-0.3129727568116,0.7718577571961,0.5875753197114,-0.0647546869792,0.3261765737870,0.3176772092788,0.8644137903354,0.5885259798900,1.0000000000000,0.2029916746059,0.3200097552960,0.1308500808968,0.2729350063241,0.4579678218084,0.4059612528690,0.6657865312745,0.2123547035279,-0.2554425826014,0.5465534719933,0.5160057779337,0.2096574873660,0.5269827865513,0.0455508819616,0.2555946800312,0.3275072208168,-0.4228176322419,-0.4810615322025,-0.1063100686625,-0.4397449804336,0.0119048439609,0.0582188875725,-0.2230663062774,0.0474555952276,-0.1369491000034,-0.4306223242256,-0.3439800020673,0.7358675240714,0.5302932398199,-0.0904265155113,0.3468786035934,0.2931878070141,0.7941473187614,0.5512969373855,0.8315617508991,0.1493101682108,0.2242984371210,-0.2083988664572,0.0751096188819,0.4460190668121,0.3288439074765,0.4687335211155,-0.0041145949976,-0.3468052775407,0.4553858312761,0.4393457218335
0.2047726586379,0.4292209984452,-0.0476837761595,0.5637408283014,0.6241993121998,-0.1475322799132,0.0607885817177,0.3320782672319,-0.1665997440749,0.6949566367716,0.1652694603299,-0.0805202565697,0.3849044827755,-0.2146819341316,0.0109118270796,0.1075700058591,0.2758767248258,0.1608079483963,-0.1210037220032,-0.0091424101727,0.5329963647459,0.3382527334577,0.5384861274332,0.2029916746059,1.0000000000000,0.1679864898603,0.2089619706255,-0.1551739931823,0.5149952765764,0.1260869154938,0.4147422656503,0.0065578447968,-0.1103354745985,0.3905289683210,0.3623737659248,0.0609826586188,0.4421106684863,-0.1070518004687,0.3860127465928,0.6381111280957,-0.2099913020334,-0.1081968364412,0.1545668969529,-0.2862817827402,0.6729302009347,0.2801407730557,-0.2443841147446,0.4041575221957,-0.1687492658093,-0.1500915291044,-0.0743240471086,0.4149905398508,0.1279276894252,-0.3114194461790,0.0729471221469,0.5123973923787,0.2999797803076,0.5266484827381,0.1658086823783,0.9088007275456,0.1946471847934,0.0265038363516,-0.1451050203334,0.5358343963834,0.1223480494883,0.0619902848174,0.2257318757215,-0.1129343422597,0.2968742015380,0.0874706605718
0.3429043191832,0.5523626591799,0.1617165352055,0.5028009825275,0.1135395948241,-0.2197537715489,-0.0397757203960,-0.0361520871200,-0.2240292869737,0.2708491519434,-0.0732171142138,0.2838759801056,0.1951627080527,0.3056126409217,0.1098753873603,0.0534367641389,0.1918460307473,0.4738442172697,0.0627683877921,0.5718930380516,0.1087849044508,0.2846190108291,0.3352721017478,0.3200097552960,0.1679864898603,1.0000000000000,0.1507612796585,0.1846011974717,0.0587404509711,0.3630256724687,0.3004089997065,0.2385311842497,-0.1308772256081,0.4368148967105,0.6694590970415,0.2589148305824,0.5745040501097,-0.0846563256634,0.6639657365499,0.0636613765588,-0.2540393596666,-0.2725740367407,-0.0514336985902,-0.2610505501617,0.2901273252414,-0.0840609002744,0.2143658330246,0.1759998183106,0.1815816007630,-0.1233727821520,0.0364573085560,0.2323589692110,0.5709859828578,0.1680965964516,0.6383890207495,0.0422424010156,0.2156328330886,0.3407062728201,0.3598787854838,0.1275840938384,0.8578289311452,0.0184106721609,0.0442510942366,0.0237445338920,0.2626094477714,0.2441883129299,-0.0221900915489,-0.1159352644228,0.4331170779597,0.7856964587795
-0.1230210390059,0.0589866334306,0.3306290590019,0.1214058012073,0.0299901421948,0.0826261040215,0.1225825016020,0.2012281707049,0.1190903820854,0.1455285107065,0.1354026665831,0.1234241877125,0.1038119049661,0.0573053834326,0.0469482416270,0.0048009927182,-0.0606322933503,0.2624396352723,0.1633764213029,0.2497919962119,-0.0168634851341,-0.0331752966429,0.0253457768315,0.1308500808968,0.2089619706255,0.1507612796585,1.0000000000000,0.1998384607416,-0.0042417922346,0.0542388385761,0.1121842088848,0.0988140323161,0.0478964142184,0.2103117350811,0.1716608901770,-0.1921125583148,0.2206586921532,0.2377027931979,0.0898733434967,0.0692562107288,0.1021659976131,0.0619241510057,0.0428493859803,0.1190275071885,0.1547488300632,-0.0734756774005,-0.0213133009717,0.1451103646147,0.0909320958323,-0.0238162820926,-0.0776677138357,-0.0358726143201,0.1552605611684,0.0235346854040,0.2512253682525,0.0001043094892,-0.0915488652087,0.1399392672586,-0.0728360287691,0.1677370529326,0.0958746605299,0.7021169446326,0.2519099329022,-0.0486420960447,0.0666382558560,-0.1799903956778,0.0158069052511,-0.0377047058753,0.2453742611175,0.0940148520317
0.0418175968459,0.0938798049015,0.7137505300145,0.0085530406329,-0.1464031175452,-0.1496569826292,-0.3402377099873,0.0108055116649,-0.0985478737549,-0.0307081069771,-0.2727673927934,0.0164334307444,-0.3428548216289,0.2705761188879,0.1031020275449,-0.1170241848312,0.0813874941643,0.1556211547636,0.2046999566847,0.2300348108542,-0.1465251740830,0.0053431745360,-0.0002785496781,0.2729350063241,-0.1551739931823,0.1846011974717,0.1998384607416,1.0000000000000,-0.1929119513039,0.1831318305634,-0.0149713528151,0.0496926278773,-0.1631517590472,0.1907837694299,-0.0411143991932,0.0777273576339,0.1133044156089,0.6601253650609,-0.0106631076074,-0.1617255926331,-0.0628572947826,-0.2007850794537,0.0140980687492,-0.1270136670103,-0.1832834427214,-0.2473073049054,-0.0770536205254,-0.2614428834346,0.2170637132190,-0.1361718595018,-0.1308495218180,0.0383324130637,0.1147056440553,0.1658802789251,0.1020850951922,-0.1494730274787,0.0819551808216,0.0420546296374,0.2658851176074,-0.2194106338620,0.0604883091189,0.0447244935186,0.8696901772929,-0.2593146466582,0.0281023888999,-0.0339468613452,-0.3047866278236,-0.2547291029138,0.1659586022212,0.0483825020700
-0.0758594253599,0.3019247497566,-0.0043052341636,0.3436924941389,0.4390514833341,-0.2461966769338,-0.0636937311928,0.4745852049199,-0.1933587425170,0.2315056821581,0.1204911089336,-0.1130226456095,0.2221115154888,-0.1868820075692,-0.1754845416614,-0.1234191796390,0.3654095134964,0.2586242249170,-0.2432830295775,-0.0360354489467,0.4110167714854,0.4606731872137,0.3859748695696,0.4579678218084,0.5149952765764,0.0587404509711,-0.0042417922346,-0.1929119513039,1.0000000000000,-0.0096728625551,0.5020179860267,-0.0147845053211,-0.1837183966815,0.2080010332145,0.2265013025715,-0.1098257116691,0.2500109162189,-0.1051937249346,0.2083962858440,0.4350550482561,-0.3210415196682,-0.1243046993580,0.2705180106414,-0.3037653876519,0.1923087106058,0.3627162284624,-0.2245286189938,0.2742285508818,-0.2208589311712,-0.4014352116026,-0.1472217937832,0.4390737655825,0.2205649586275,-0.3232289076426,0.0503463933811,0.3516868706988,0.3757457490628,0.3327121847965,0.3180131052494,0.4039944100866,0.0154379457656,-0.1964807854625,-0.2598819694721,0.9114554978011,-0.1056571999229,0.3897601397378,0.0778876620272,-0.2019868322855,0.0614557948044,0.0630631408146
0.5208230202066,0.4245943684167,0.0893594148101,0.3764694495435,0.2529053986638,-0.1381982889767,-0.1223847578489,-0.1025335989920,-0.0654481388343,0.1314576958046,-0.0437148014538,0.2812346166033,0.0383528518747,0.2898856788917,0.5734779736349,0.1791097021536,0.3332291498192,0.4894439577759,0.4756676308985,0.6351775486831,0.3372073140935,0.3749563447876,0.2609121421449,0.4059612528690,0.1260869154938,0.3630256724687,0.0542388385761,0.1831318305634,-0.0096728625551,1.0000000000000,0.3616088320005,0.2658797881996,-0.0055343231350,0.5619971788661,0.5759630377932,0.5411319431109,0.4390234151034,-0.0040887830861,0.3471341518690,0.2297540042765,-0.1301092437821,-0.1296969888475,-0.2329475635712,-0.1393853457474,0.0241866775803,0.1838139282149,0.0723835968676,0.1661751028049,0.2278947030856,0.0671718120302,0.0220053900157,0.3645641343736,0.3843505075831,0.4001708353962,0.5519285935342,0.3141130266818,0.3838517557593,0.2608996695029,0.3561609453092,0.0875996115906,0.3797364385175,-0.0694641138703,0.1508848248966,0.0548436667777,0.8686790701134,0.0466571103213,-0.2099210671376,-0.1132513597438,0.5762035620414,0.6025785905379
0.2143310721217,0.5396381087124,0.1169255396160,0.4242647844622,0.2818615697769,-0.3111102767670,-0.3011184677047,0.3791405899082,-0.2941304944368,0.2315437709016,-0.2279123507237,-0.0639934002858,-0.0484035721760,-0.1340712193656,0.0293664764493,-0.1677780692042,0.6012555576873,0.4114539718155,-0.1529667409343,0.2603157492612,0.2025843673306,0.7130468993460,0.6481318293590,0.6657865312745,0.4147422656503,0.3004089997065,0.1121842088848,-0.0149713528151,0.5020179860267,0.3616088320005,1.0000000000000,0.1377938556508,-0.1232073703931,0.5136131631809,0.5785452302117,0.2801736224650,0.5136590601417,-0.2239048120175,0.3256725828848,0.2647764696361,-0.3364837858683,-0.3877486095878,0.1000988551160,-0.3416374727175,0.1680218569658,0.0351705530635,-0.1192172538507,0.0231673762195,-0.1258730469501,-0.1946173481503,-0.2305127927569,0.6676307174794,0.4012942251995,-0.1192887416164,0.3320990859091,0.2036343794452,0.6006469079436,0.6499258891245,0.5583142587460,0.3180078566461,0.2579546488019,-0.1957909064738,-0.1631101963876,0.4578340417910,0.3490953094022,0.6515843508613,0.1812243293194,-0.2060899662839,0.4143690260333,0.4576718077568
0.1545450639171,0.2068144863084,0.0845694867098,0.1910740160590,0.0367246409784,-0.0941393162850,-0.1189813462399,-0.0562101712351,-0.1003915570980,0.0435734804720,-0.0441737399780,0.2693630263539,0.0091944497950,0.4481727808813,0.1565327070015,-0.0327643705286,0.1984754515649,0.2792901239102,0.2288165623004,0.2509025546136,0.0527995068545,0.2063476994416,0.2081548401073,0.2123547035279,0.0065578447968,0.2385311842497,0.0988140323161,0.0496926278773,-0.0147845053211,0.2658797881996,0.1377938556508,1.0000000000000,0.0332678702764,0.0300202004511,0.1251255015754,0.1336317262204,0.1030838574088,-0.0651788733748,0.1551998618479,-0.0502381505801,-0.0855188534059,-0.1570636335326,-0.1306047470822,-0.0755130945644,-0.0764884288331,0.0160241840915,0.1998313907321,-0.0797239807642,0.3493659264713,-0.0085972344238,-0.0553783726644,0.1466810198238,0.2967864886878,0.3637424208967,0.3538890095979,-0.0222614165736,0.2308863112393,0.1347193277786,0.2259065958515,-0.0544361192494,0.1787083023391,0.0199469670240,-0.0011379115363,0.0150678751304,0.2184171594491,0.0912397505257,0.2423568294496,-0.0625839089163,-0.0122903856136,0.2402783865463
-0.0210129658239,-0.3176477421078,0.0031956094268,-0.2316706340943,-0.0324067234533,0.8719684640338,0.6148109810002,-0.2006153329280,0.8122971149914,-0.1226957545709,0.1017717132669,0.3284109565690,0.0222391137251,0.2930846718539,0.4457760184403,0.6823888236585,-0.1654876702076,-0.2648307400682,0.4137922415692,-0.1852182102013,-0.0357497890195,-0.1766691900220,-0.3188417180809,-0.2554425826014,-0.1103354745985,-0.1308772256081,0.0478964142184,-0.1631517590472,-0.1837183966815,-0.0055343231350,-0.1232073703931,0.0332678702764,1.0000000000000,-0.2632349648402,0.0177135494355,-0.1031775740306,-0.2256008405802,-0.0174814457699,-0.1486977104290,-0.0832533938030,0.8491648687046,0.6774012029179,-0.1833596001132,0.7418265029374,-0.0635074231536,-0.0081523632864,0.4145741560187,0.1412953778873,0.2924126775314,0.7078059364119,0.6544569936654,-0.2066422034691,-0.3186401202370,0.3529756030000,-0.2757450801664,-0.0352119500091,-0.2739802065297,-0.3413712503311,-0.2974517540061,-0.0704859207994,-0.0995070024603,0.1697460994086,-0.0316378729360,-0.1349692643240,0.0141453119184,-0.2024466689918,-0.0318705108633,0.8910489318494,-0.3253134715139,-0.0512889045778
0.2053244545181,0.6322923994744,0.1063026539456,0.4904052754469,0.4518762170749,-0.3922744231264,-0.3107894315877,0.1585262656530,-0.4115469052766,0.4303548114016,-0.0836478711397,-0.1753735807288,0.1506985604735,-0.1643165508443,0.0465962642699,-0.2046933323665,0.3997620719415,0.5380917132956,-0.0588575048535,0.3836132423777,0.4687500423716,0.5185993591092,0.5112778701804,0.5465534719933,0.3905289683210,0.4368148967105,0.2103117350811,0.1907837694299,0.2080010332145,0.5619971788661,0.5136131631809,0.0300202004511,-0.2632349648402,1.0000000000000,0.7282708410604,0.2652526652669,0.6359516482477,-0.0569325893061,0.3702092993669,0.4938471881093,-0.4022039986994,-0.4101918496048,-0.0993130777673,-0.4978246617344,0.2840661126532,0.1766732444252,-0.3805349475783,0.3129700346556,-0.2049600535278,-0.4157629335018,-0.3410318477823,0.4415305799468,0.4680781128267,-0.2470024017061,0.4163320618052,0.4873637989882,0.4308506403066,0.5409366589555,0.3866499542829,0.3261081878248,0.3491107805380,-0.1647900141577,0.0428813510839,0.2276061934604,0.5017846079809,0.1044305268658,-0.0339449392587,-0.3172017821566,0.8566240124683,0.5146288860999
