1.0000000000000,0.3550340098366,0.2045116370004,0.3224987367156,0.3531883885229,-0.2980563594456,-0.0613881919749,0.2070288943091,-0.3985012502583,0.4184959481817,-0.0786128437443,-0.1407255818345,0.1387392790978,-0.1241680428647,0.1468411468716,-0.1959983986542,0.4264731869678,0.6329043192728,-0.2288261988196,0.4291773053121,0.5118026843800,0.2545451619299,0.4822045288645,0.3774478071556,0.3781363979003,0.2788984037547,0.2104064644695,0.2702328822387,0.1274138359689,0.5050585138443,0.4846066733326,0.1209486306192,-0.1063747112097,0.0923826482419,0.3499797060604,0.7141446920941,0.3031051118988,0.1159758497759,0.2820090761517,0.4550385691048,-0.2196854962095,-0.2709442953291,0.1405627177340,-0.4969260701016,0.3158085201795,0.0542355234837,-0.2172958298264,0.2773662833784,-0.2838583479732,-0.1639905142101,-0.2138940353239,0.4442048948551,0.2108837514448,-0.5333599401298,0.1900955543353,0.4802497071954,0.3673141093655,0.3051898638373,0.3091764298359,0.4028501418759,0.1757743949973,0.1197655265183,0.2467992021609,0.1103320681553,0.3300967965718,0.1613300851712,0.2445402512251,-0.1867097982283,-0.0195311392878,0.2270237904101
0.3550340098366,1.0000000000000,0.2704616975638,0.7428427765816,0.1261482722204,-0.2998066782049,-0.1385514371684,0.1455412364695,-0.4695201735189,0.3576982831578,-0.2850568023482,0.1108992878119,-0.0166609891927,-0.0873805613318,-0.2080294689892,-0.2628558658243,0.4127764533532,0.4824265529949,-0.2381414987466,0.4375766849982,0.3660506329806,0.4167375599119,0.6609180828733,0.5702892112931,0.2468244480753,0.5655155682175,0.5221401889152,0.4134972775040,0.0803293340916,0.3488071409864,0.6324534361179,-0.0901199826474,-0.0762570084498,0.2436680575786,0.6655988599434,0.3176403757769,0.8101797110099,0.3067134292098,0.7150781264525,0.0989585609115,-0.2731499978776,-0.3618364266928,0.1104525594056,-0.4671415094831,0.2303054378599,-0.2238030529167,0.0487573221727,0.1445131881451,-0.1963041121249,-0.3211076404657,-0.3484675954098,0.3934711022442,0.5591368124443,-0.3982321075819,0.3373759541043,0.3113003407038,0.4179266508881,0.4417588500791,0.4695623506840,0.3337190665838,0.5108491739070,0.4600170719631,0.4597285004508,0.0750369817529,0.1814330269224,0.3407558454330,0.0947579527497,-0.1430287498237,0.0075346385291,0.5342775030321
0.2045116370004,0.2704616975638,1.0000000000000,0.1636448867846,-0.2761137380590,-0.1156554636070,0.2638453952890,-0.0757997646304,-0.0588790222292,0.0321451704766,-0.0004382242536,0.2987170958690,-0.2262317770256,0.1663775550208,-0.0620406167117,-0.0808650931341,0.5897746022146,0.2831333744514,0.1134042794668,0.4449898598767,-0.0795958657715,0.5516801417328,0.1792854981378,0.7122904775136,-0.1937197036318,0.5853485914782,0.6096465865946,0.8466476133819,-0.3489297410427,-0.1372150234646,0.2320658116578,-0.3710467925728,-0.1270407278646,-0.2874726382591,0.0932806910956,-0.0107115322241,0.3842291098672,0.7970435635290,0.2502208309156,-0.1844127086061,0.0261433434984,0.0370198997186,-0.3889726310803,-0.0473267602882,-0.2040177370060,-0.0274882008306,0.1450532922722,-0.1214519325157,0.2004403172508,-0.3361825214466,-0.2125625370359,0.4465035779341,-0.0440038642009,-0.1096127017416,0.1806353093781,-0.0688964753312,0.0772168687302,-0.1295870974455,0.3662271579789,-0.1849457369289,0.6525621358031,0.4596550503571,0.7592807088774,-0.5407753339855,-0.2849223422431,-0.4579504558962,-0.4044416425150,-0.3130212606564,-0.4499506171295,-0.1988400959396
0.3224987367156,0.7428427765816,0.1636448867846,1.0000000000000,0.1416468707939,-0.2454831890366,-0.1782569503654,0.2213607349435,-0.3630480714585,0.5619001924598,-0.2028826058999,0.0386760160914,0.0406691009645,-0.1751482484720,0.0061753333405,-0.0470376062878,0.1615007467305,0.3751627894499,-0.2301180802961,0.3799269632152,0.3633876389400,0.1302549057741,0.6700544212727,0.3208727947113,0.3049771846687,0.6035375846031,0.4631194041848,0.2630949036712,0.0757230367444,0.3102638975342,0.5531086011040,-0.0884736778010,-0.0258287828687,0.3080693446497,0.6554647476114,0.2175458626794,0.6245393577621,0.1149540216653,0.8919198931054,0.0845847737785,-0.2094247008466,-0.3000426716678,0.2149868799179,-0.3818177113807,0.4643408423702,-0.2080919931109,-0.0190407567890,0.1082481796551,-0.3796366321122,-0.0716486141581,-0.1355305147586,0.1224642889859,0.4785203916794,-0.3955640871745,0.2609275580195,0.2500141482480,0.2419586161889,0.5046322962601,0.1927558187767,0.3767457802544,0.4387547519303,0.3261679559283,0.2822445606024,0.0986430812197,0.1254131942925,0.3336237093914,0.2164141130180,-0.1116026610262,0.1508306934252,0.5344067721847
0.3531883885229,0.1261482722204,-0.2761137380590,0.1416468707939,1.0000000000000,-0.1106262001654,-0.0774790942023,0.2783173648264,-0.2352081107383,0.4399129168241,0.2332717096148,-0.2331812948231,0.6413656098949,-0.0749167019918,-0.0128153292572,-0.0853975611821,0.0186899655042,0.2846450840858,-0.2098504014963,0.0194972116632,0.6429570037870,0.1096776069979,0.3145621757041,0.0114246584077,0.6439209328140,-0.2032086625941,-0.1719129648784,-0.2822138054395,0.4522181075592,0.5124809989666,0.2706261569073,0.2396383112868,-0.0847368834748,0.4887352656739,0.2224059997116,0.4347386043335,-0.0094890674451,-0.2082764142232,0.0158005875809,0.9088651573277,-0.1542728008070,-0.1574926633813,0.3968045563192,-0.3110580257761,0.5350077031511,0.3687094355219,-0.1670189057690,0.6979898105670,-0.2016957527965,0.0145422715439,-0.0096199100358,0.1843039856496,0.2110508268215,-0.2731127374783,0.1174665167506,0.6313702634362,0.1961526067881,0.2975419436854,0.1202335847533,0.7007438342235,-0.2586383806963,-0.1209493359535,-0.2420254881978,0.5206536383321,0.5384873163546,0.2902301818912,0.2585445986439,-0.0064218013577,0.4323212720916,0.3296628881857
-0.2980563594456,-0.2998066782049,-0.1156554636070,-0.2454831890366,-0.1106262001654,1.0000000000000,0.5492606015966,-0.0719595444879,0.7946292976922,-0.1163926427367,0.3090304625072,0.0252845843368,-0.0240001784079,0.2250964616345,0.4903684978505,0.6274120795338,-0.2936270199597,-0.3834688924592,0.2759031077880,-0.2648132689135,-0.4178668044073,-0.2444808889933,-0.3418706602599,-0.3262115980423,-0.1640572421445,-0.0962960506742,-0.1445988863431,-0.1202589367228,-0.2177095687296,-0.0124099756687,-0.2540637099345,-0.1949170295072,0.6907128486398,0.1668632891775,-0.0081313774451,-0.2793772335782,-0.4180112128267,-0.2687703016685,-0.1955900219643,-0.1891363110811,0.8283670916432,0.6394358281371,-0.1504432918028,0.6959010148948,0.0032906998056,0.1626295606642,0.0575236665484,-0.1881774781202,0.1679860510666,0.4415790733620,0.6253244495703,-0.3332023759941,-0.2559619311095,0.2358097248470,-0.2588359927999,-0.4143384549675,-0.3486925627061,-0.3682792675122,-0.3672755564353,-0.1702673761745,-0.1637939651492,-0.3004629918213,-0.3166461469729,-0.1431293801339,-0.0113338353423,-0.1518139112729,-0.0262366706394,0.6036407152546,0.0484240308325,0.0624730038964
-0.0613881919749,-0.1385514371684,0.2638453952890,-0.1782569503654,-0.0774790942023,0.5492606015966,1.0000000000000,-0.3243135366651,0.5737485400861,0.0791623343882,0.5443270217260,0.0917576761599,0.2365727535532,0.3498331736853,0.3799594620980,0.4743167867150,0.1717153488461,-0.2577084174236,0.1704766741265,-0.0595081456781,-0.2599237502941,0.1390887346359,-0.3004496685945,0.0390239696872,-0.1923886709035,0.0904622043781,0.1474454953514,0.2035501690023,-0.5187747663350,-0.0129796475767,-0.2287408408556,-0.1864676136488,0.3900147858189,0.0292927826862,-0.0370031867429,-0.1235167357227,-0.1455898963975,0.1350414626017,-0.1464010742253,-0.0583064789184,0.5940179717007,0.6644749292656,-0.4947364761397,0.5540171910559,-0.0073018718369,0.4217855058829,0.0663690099705,0.1515788864162,0.3382851216902,0.0948641820782,0.3322345021346,0.0693938325075,-0.2516926727257,0.0978959410434,-0.2042865303012,-0.1834523624459,-0.3837108672637,-0.4669153693738,-0.1213144190137,-0.0836447982433,0.1060840385777,0.0316133182258,0.0613615579842,-0.4759400331955,-0.0670335156906,-0.4436978942416,-0.1953036113732,0.2414539216207,-0.2789541491319,-0.1633501261826
0.2070288943091,0.1455412364695,-0.0757997646304,0.2213607349435,0.2783173648264,-0.0719595444879,-0.3243135366651,1.0000000000000,-0.1314376012664,0.2451528545408,-0.3739219074988,-0.0048726048120,-0.0353468424023,-0.0593259370210,0.1195531286508,-0.0750844887091,-0.2180480210369,0.2112684238232,-0.0499763196905,0.0082380812759,0.2378556775429,-0.2026290010666,0.2563692763334,-0.0988625800186,0.6805870804607,0.1069920960044,0.0415257758950,-0.1065082925977,0.6699205191125,0.1306911757442,0.4654617448252,0.2938220687600,0.1527150445315,0.1123729832651,0.0981780621560,0.1225113016932,-0.1278140461834,-0.2665976459436,0.1556855475031,0.0984260329919,-0.2734405465310,-0.3923261781629,0.7859026340194,-0.3340503060359,0.3363709504300,-0.3763020078222,-0.0699957348015,-0.1290565134871,-0.3215314679875,0.1490676149564,-0.1303189306458,-0.1588480213720,0.0556080039509,-0.2927463510066,-0.0899673189287,0.0111430160001,0.1180353968695,0.1066230714690,-0.2217577991828,0.4102170650976,-0.0856069389396,-0.2360987522040,-0.1739023683480,0.5765895894517,0.1187797688300,0.2858049048380,0.5143253891077,0.0585218423966,0.2476710445925,0.1132604474405
-0.3985012502583,-0.4695201735189,-0.0588790222292,-0.3630480714585,-0.2352081107383,0.7946292976922,0.5737485400861,-0.1314376012664,1.0000000000000,-0.2979720932566,0.4452617934927,0.1832649336519,-0.0059136761680,0.3285994461653,0.5612238063707,0.7055614941082,-0.3121201862144,-0.5343724224091,0.4477756519473,-0.2686670934436,-0.5350160501873,-0.2544116544387,-0.5301821858116,-0.3538849133461,-0.2783881624498,-0.1526939860846,-0.1973484929040,-0.1670714028829,-0.2024895606941,-0.1614372788575,-0.4050860595932,-0.1611393386349,0.5529283786832,0.0011078969556,-0.2887156852118,-0.4294396633822,-0.5426068452976,-0.2250565877710,-0.3233141767961,-0.3049264325655,0.6697900803784,0.7499368577094,-0.2613447210442,0.8414597353214,-0.1794707271952,0.1742245273840,0.1911768049002,-0.2835020493609,0.2574573866991,0.4146527728423,0.6372545016031,-0.3777430679514,-0.4033673782883,0.3936943028662,-0.3723558588574,-0.5310064634135,-0.4457839327870,-0.4916180712941,-0.4175899921161,-0.3451256426767,-0.2083806249835,-0.3658814649731,-0.3455073083997,-0.1989498968974,-0.2589286088126,-0.3094879836844,-0.0860372325202,0.4158674995277,-0.0608552806800,-0.2495052432389
0.4184959481817,0.3576982831578,0.0321451704766,0.5619001924598,0.4399129168241,-0.1163926427367,0.0791623343882,0.2451528545408,-0.2979720932566,1.0000000000000,0.0086769263499,-0.1710821209865,0.3764584591973,-0.1422582808090,0.1099217876191,0.0609599238911,0.0791015610916,0.3913194497297,-0.3503184921089,0.1207258422887,0.5390831074877,0.0305430069714,0.4128869196002,0.0289689744181,0.4980922795347,0.2673615385117,0.1820533162215,0.0011233720342,-0.0116046844106,0.3353309917800,0.3137452192516,0.1440751917297,0.1098850714907,0.3052707626901,0.4115174749616,0.3879409029930,0.2036139462876,-0.0546538733509,0.4579365386896,0.4126616219839,-0.0960034364118,-0.1149068937118,0.2077332041653,-0.3487978332848,0.8587832310804,0.1076151081157,-0.2217585441956,0.4792751993556,-0.2375901069748,-0.0255670276721,-0.0018140437715,0.0755032376662,0.1867092749057,-0.4478909443107,0.0882975741504,0.4687062105520,0.0142704578536,0.2255399132791,-0.0237013021946,0.6067033379691,0.1550467117226,0.1153027263369,-0.0474346011882,0.0649803019837,0.2864552452766,0.1136578728533,0.2789323354422,0.0910944948693,0.1382228848346,0.3223483893206
-0.0786128437443,-0.2850568023482,-0.0004382242536,-0.2028826058999,0.2332717096148,0.3090304625072,0.5443270217260,-0.3739219074988,0.4452617934927,0.0086769263499,1.0000000000000,-0.0493137452455,0.4433717953086,0.2177689905725,0.3889713256682,0.4070928899794,0.0334998025001,-0.2853538830845,0.1818607717705,-0.1227817622071,-0.2224211538177,0.0619801004466,-0.2396119784383,-0.0824706589478,-0.1073147934899,-0.1815806481140,-0.1116075226605,-0.1027413363371,-0.2222802905667,0.0970479238868,-0.2806817820713,-0.1622344857669,0.0835912369647,0.2608174828952,-0.0962626590286,-0.1766092613143,-0.2257245966389,-0.0120799336558,-0.2307965906891,0.2797528270394,0.4407648285402,0.6528038883512,-0.3427981748622,0.4934213842315,0.0365301581417,0.8009321303297,0.0007150760726,0.3175719627749,0.1965198724952,0.1721089559915,0.4683197461334,0.0184615493487,-0.2909950848563,0.1809836143289,-0.1933649795645,-0.0667554560612,-0.2619143046409,-0.1925943831269,-0.0782208987445,-0.0259457007241,-0.1572316481643,-0.1561012931778,-0.1870889598589,-0.1086225824735,0.0506846502652,-0.2495438945379,-0.1873057434304,0.0736316325001,0.0104504924136,-0.1111457969623
-0.1407255818345,0.1108992878119,0.2987170958690,0.0386760160914,-0.2331812948231,0.0252845843368,0.0917576761599,-0.0048726048120,0.1832649336519,-0.1710821209865,-0.0493137452455,1.0000000000000,-0.0756484357308,0.6073833358182,0.0845998356022,0.0782448033636,0.0263937161767,-0.1774882927506,0.7451844742136,0.4316203209202,-0.1378397912681,-0.0077244454283,-0.0459704923296,0.0854687487432,-0.2045474461071,0.3672329924350,0.4250133812047,0.3448427688702,-0.1375712405163,-0.0970004260744,-0.1281455159041,-0.2373202661781,0.1711466850277,-0.2651258194651,-0.0707856562053,-0.3216114579847,0.0318090400726,0.2123966526392,0.1165526206337,-0.2446147166546,-0.0036585705704,0.1110658040815,-0.2352447988829,0.1239776201450,-0.2492192868265,-0.2177271888318,0.8571393038455,-0.2093325428165,0.5012396957629,-0.0621350878454,-0.0106559676383,-0.0379287623547,-0.2047845907273,0.4700729777768,0.0290453499687,-0.1951085630786,-0.1979903910073,-0.1426886251838,-0.1261650176475,-0.2973131307235,0.3917922095040,0.1736989719126,0.2491740672731,-0.2505096869234,-0.3824011836301,-0.3271123133506,-0.4138294878219,-0.0506054862078,-0.3112779631861,-0.2685326841726
0.1387392790978,-0.0166609891927,-0.2262317770256,0.0406691009645,0.6413656098949,-0.0240001784079,0.2365727535532,-0.0353468424023,-0.0059136761680,0.3764584591973,0.4433717953086,-0.0756484357308,1.0000000000000,0.1116890212165,0.2139915320774,0.1820896853848,-0.0268081287920,-0.0085757782653,0.0285828452223,-0.0427754862584,0.4084762773429,0.0870903058756,0.0506310087163,-0.0850391988602,0.2795475951751,-0.2405562432054,-0.1735437202576,-0.2861549971543,0.0845945756134,0.4727374214821,-0.0034050384451,0.1625061105896,0.0112661815114,0.4459558175099,0.0445103823520,0.1576814188136,-0.0972278818227,-0.1998066866031,-0.0920035473534,0.5710103769600,0.0108854982980,0.1693244878876,-0.0142693130803,-0.0577542229000,0.3894421567508,0.4457650652560,-0.0639260937814,0.8217633049287,-0.0411818674630,0.0711416617656,0.1918398107079,0.0996035463922,-0.0110440953924,-0.0443252075860,-0.1005414974654,0.4240402321646,-0.0640916135878,0.1099606195620,-0.0147503701021,0.3715230882299,-0.2881928578193,-0.1627472305032,-0.2601761827222,0.2214364584897,0.3975975882635,0.0471031657804,0.0959265524787,0.1032667143286,0.2134517208075,0.0903847558527
-0.1241680428647,-0.0873805613318,0.1663775550208,-0.1751482484720,-0.0749167019918,0.2250964616345,0.3498331736853,-0.0593259370210,0.3285994461653,-0.1422582808090,0.2177689905725,0.6073833358182,0.1116890212165,1.0000000000000,0.1881821351703,0.2034225334788,0.0209640615631,-0.3036715071528,0.6062009155099,0.0966833149170,-0.1976382908263,0.0322438689692,-0.1471296643094,0.0119424137218,-0.1262869375829,0.1427971676380,0.2042212795990,0.2470903886969,-0.1363121118422,-0.0190570379667,-0.3068365967254,0.0588270778063,0.2410538331609,-0.1235618939166,-0.2732396090216,-0.2484847299976,-0.1610906361737,0.0738329107621,-0.1728178496358,-0.1003710042608,0.2360910637504,0.2641286130515,-0.2523494484124,0.2731598572249,-0.1701919587846,0.1708507070417,0.6738266588016,-0.0414255901454,0.7525157184440,0.0236952096860,0.1487472794802,0.0442104982732,-0.4385635972162,0.4703532011796,-0.2654044479604,-0.1884899473447,-0.2111291777779,-0.2243741867027,-0.1176628306352,-0.1907254554216,0.1097599100605,-0.0289811364696,0.1384479248161,-0.1983486979857,-0.1693634980179,-0.3875537388872,-0.2884686941379,0.1556993401577,-0.1900330254246,-0.3357251131563
0.1468411468716,-0.2080294689892,-0.0620406167117,0.0061753333405,-0.0128153292572,0.4903684978505,0.3799594620980,0.1195531286508,0.5612238063707,0.1099217876191,0.3889713256682,0.0845998356022,0.2139915320774,0.1881821351703,1.0000000000000,0.6173904710435,-0.2399596488768,-0.1024891635647,0.4434368234855,0.0573304886741,-0.2798618569846,-0.1616789787024,-0.1379518243431,-0.2056404030593,-0.0413083975958,0.0291092583365,-0.0834805460350,-0.1095892594631,-0.0896042831114,0.3654975081992,-0.0791022998968,-0.0627614261885,0.5277203360738,0.2757327213306,0.0656472614397,-0.0997333308865,-0.3179765278109,-0.3052638820110,-0.0297330981250,-0.0546483951862,0.4489419540087,0.5420785803805,-0.0293845049852,0.4403542119429,0.1671669594617,0.1782418154075,0.0146023817573,-0.0463638188329,-0.0720429880608,0.5806264346076,0.5692519618221,-0.2762381038464,-0.2866845098305,0.1181860023939,-0.1951988945419,-0.3065355747665,-0.2325853704946,-0.1559229100874,-0.3261336352725,-0.1443232140970,-0.1425596815178,-0.3988738216554,-0.3119797893861,-0.0323592870301,0.1181309447725,-0.0930358247537,0.1595353961544,0.4171770954924,0.1169665804872,-0.0073972202800
-0.1959983986542,-0.2628558658243,-0.0808650931341,-0.0470376062878,-0.0853975611821,0.6274120795338,0.4743167867150,-0.0750844887091,0.7055614941082,0.0609599238911,0.4070928899794,0.0782448033636,0.1820896853848,0.2034225334788,0.6173904710435,1.0000000000000,-0.2579915902952,-0.3767723230115,0.2569914838121,-0.3268836313020,-0.2939980206121,-0.2174016634053,-0.2037749856375,-0.3140641894751,-0.1183265729851,-0.1161715006388,-0.2951625701527,-0.2166724329478,-0.1385341202250,0.0707202198082,-0.2507499003229,-0.0762197382244,0.5559933194392,0.1472849738770,-0.0894387682137,-0.2440211350269,-0.3633835942608,-0.2688601327292,-0.1015943715802,-0.1132830240016,0.5661377124708,0.6669407419667,-0.1411939323887,0.5998821395227,0.1897007004153,0.2213537761869,0.1423634344181,-0.0072937477871,0.1115128966191,0.4409667239775,0.8219321719274,-0.3219099506414,-0.3041721212055,0.2074752299174,-0.3476700081951,-0.2691444059464,-0.2902678579758,-0.1852739472940,-0.3571660945608,-0.1373143646301,-0.2370660501608,-0.4515376838774,-0.3866834316108,-0.1051576765582,-0.0379066667500,-0.1099547240235,0.0449042596964,0.5215158526334,0.0616704545754,-0.0450632139583
0.4264731869678,0.4127764533532,0.5897746022146,0.1615007467305,0.0186899655042,-0.2936270199597,0.1717153488461,-0.2180480210369,-0.3121201862144,0.0791015610916,0.0334998025001,0.0263937161767,-0.0268081287920,0.0209640615631,-0.2399596488768,-0.2579915902952,1.0000000000000,0.3239962811928,-0.1875259547004,0.3440407767716,0.2345857724358,0.7350631419013,0.3765744263744,0.7705737968535,0.0798369431288,0.3558992487041,0.3940035927769,0.6201649706892,-0.1516891752922,0.0599195194713,0.3892224836907,-0.1962103157227,-0.2662316842007,-0.1421955473680,0.2149629091115,0.3510683810091,0.5381568217634,0.6353895349418,0.1887204249050,0.1331600199657,-0.0882147487491,-0.1123245242775,-0.2890866160407,-0.2444898403035,-0.1222889158416,0.1039502275376,-0.0313846668653,0.2229761853559,0.0972707896575,-0.4900137921066,-0.3752610094187,0.9032764888002,0.0933973311605,-0.3419880834432,0.1462715759584,0.3228216385140,0.4318462212260,0.1728331152236,0.6520495402825,0.2053753329807,0.4377758035242,0.4008051888977,0.6603048569413,-0.2365064475706,0.0240972801625,-0.0571154162001,-0.2386471569617,-0.3799923763173,-0.3858247000117,0.0085820277383
0.6329043192728,0.4824265529949,0.2831333744514,0.3751627894499,0.2846450840858,-0.3834688924592,-0.2577084174236,0.2112684238232,-0.5343724224091,0.3913194497297,-0.2853538830845,-0.1774882927506,-0.0085757782653,-0.3036715071528,-0.1024891635647,-0.3767723230115,0.3239962811928,1.0000000000000,-0.2222170895019,0.5398654519103,0.4341909819935,0.2934647944830,0.4582161411572,0.4497198943931,0.2486873554270,0.2789652395578,0.2868490605227,0.2465601687070,0.1012189204680,0.3893058643428,0.5337568137290,0.0802745800734,-0.2669733160178,0.1824822776208,0.4782935222087,0.5915284202161,0.3630809887053,0.2069807036310,0.3141689773261,0.3588720978921,-0.3441426299309,-0.4215658437966,0.1368572027929,-0.5364055672182,0.2762492719385,-0.0638353329712,-0.2363139660542,0.2048130002995,-0.3080591804028,-0.1915044334534,-0.3636235610822,0.3443937209962,0.5267224160204,-0.4204121412379,0.5492698145836,0.4455064940188,0.3478854326924,0.2550218644030,0.3754058332840,0.2928074082429,0.2537869183236,0.2735334615815,0.2543888454348,0.0584754171297,0.3374803836612,0.1230195955732,0.1814369417899,-0.2081023416583,0.0765277263086,0.3759471295084
-0.2288261988196,-0.2381414987466,0.1134042794668,-0.2301180802961,-0.2098504014963,0.2759031077880,0.1704766741265,-0.0499763196905,0.4477756519473,-0.3503184921089,0.1818607717705,0.7451844742136,0.0285828452223,0.6062009155099,0.4434368234855,0.2569914838121,-0.1875259547004,-0.2222170895019,1.0000000000000,0.3066558695277,-0.3731059335448,-0.1236517110600,-0.2743917989521,-0.1256852772596,-0.3183864080735,0.0655978732370,0.1364138144744,0.1178958443930,-0.1298102678493,0.0226524269621,-0.3123002536471,-0.2294025165519,0.2345658637226,-0.1019714038504,-0.2216842846267,-0.3827317557432,-0.3064703163592,-0.0066023462004,-0.1814984122809,-0.2369031596047,0.2034025341036,0.3086638281224,-0.2504293125422,0.3873902067694,-0.3304491357828,0.0407245063012,0.6701478177083,-0.2160929952884,0.4754314109148,0.2815117491036,0.2345272637347,-0.1812472247307,-0.3848501276264,0.6871813395952,-0.0062054654701,-0.3525344276245,-0.3013309837446,-0.2478650772433,-0.2569506128002,-0.4448905258701,0.0739567127865,-0.1321470321471,-0.0124072002399,-0.1757382948673,-0.1985070837097,-0.3583307276949,-0.3986035248812,0.0975881295957,-0.1212287464817,-0.3246837869220
0.4291773053121,0.4375766849982,0.4449898598767,0.3799269632152,0.0194972116632,-0.2648132689135,-0.0595081456781,0.0082380812759,-0.2686670934436,0.1207258422887,-0.1227817622071,0.4316203209202,-0.0427754862584,0.0966833149170,0.0573304886741,-0.3268836313020,0.3440407767716,0.5398654519103,0.3066558695277,1.0000000000000,0.2014928276292,0.2796265946942,0.2893713820124,0.4789994672611,-0.0168669477073,0.6424148261733,0.6898636157274,0.5078394078773,-0.0861043079200,0.3172673617146,0.3560611514477,-0.1564058720023,-0.1367804601940,0.0431615328587,0.4955343341665,0.1890771401416,0.3776295318655,0.3166552247646,0.4358476758529,0.0266383213285,-0.1971606950336,-0.2061775746661,-0.2037038685126,-0.3288446478389,-0.0697549078705,-0.1784391060495,0.2229113110578,0.0002943308074,-0.1006917424681,-0.2354324671501,-0.3558299689204,0.2940655998021,0.2875807859161,-0.1071621430821,0.5367810261338,0.1431957781404,0.0786189617259,0.0878673844218,0.2012572416909,-0.0391822861768,0.5874586565573,0.4801116526536,0.4704543341465,-0.1898712646080,-0.0042327576592,-0.1554463773393,-0.0973548522969,-0.3529138878390,-0.1912512089154,0.1612315444372
0.5118026843800,0.3660506329806,-0.0795958657715,0.3633876389400,0.6429570037870,-0.4178668044073,-0.2599237502941,0.2378556775429,-0.5350160501873,0.5390831074877,-0.2224211538177,-0.1378397912681,0.4084762773429,-0.1976382908263,-0.2798618569846,-0.2939980206121,0.2345857724358,0.4341909819935,-0.3731059335448,0.2014928276292,1.0000000000000,0.1357096727932,0.4476666651313,0.1539984317105,0.4976572032956,0.0786913481736,0.0501274376616,-0.0366801934265,0.2969200996658,0.3404276751579,0.3802577492901,0.1805233216626,-0.2543720841725,0.1735123571711,0.3426757493011,0.6452015378962,0.2615526316003,-0.0381431158861,0.3397515532092,0.6165577620361,-0.4520387692674,-0.4912976123966,0.3272355609176,-0.5651749538909,0.4991714766097,0.0464311026722,-0.1002412402765,0.5879999904243,-0.2745922925281,-0.2121396293518,-0.2934423313257,0.3042474471350,0.3113291174394,-0.4421135297470,0.2289099107964,0.8620688721754,0.2965618715998,0.3699883004875,0.2234297783423,0.6097955714657,0.0672249886005,0.1991736180062,0.0467125364950,0.2683826244586,0.3573895453962,0.2771813361781,0.2019751683753,-0.2122877826152,0.2263418080033,0.3520485369364
0.2545451619299,0.4167375599119,0.5516801417328,0.1302549057741,0.1096776069979,-0.2444808889933,0.1390887346359,-0.2026290010666,-0.2544116544387,0.0305430069714,0.0619801004466,-0.0077244454283,0.0870903058756,0.0322438689692,-0.1616789787024,-0.2174016634053,0.7350631419013,0.2934647944830,-0.1236517110600,0.2796265946942,0.1357096727932,1.0000000000000,0.4071255965297,0.8795225070723,0.0131963440499,0.1833061487118,0.2574190521303,0.4943429057338,0.0147015733088,0.2576613511273,0.4760413838807,-0.1690802401814,-0.2194520190181,0.0546451037313,0.1984188242875,0.2362250588107,0.5003026226957,0.5845587927363,0.1386744241126,0.1630845446531,-0.0737582361758,-0.0772718693103,-0.2824543605996,-0.2079715692783,-0.1432485923607,0.1472977919758,-0.0737368346820,0.3120263485691,0.0786884115626,-0.4439092267006,-0.3062998688418,0.7929581299517,0.1434851291840,-0.2298670349150,0.1612621471370,0.2905571534303,0.6161712745090,0.2704243404942,0.8339534660073,0.1388836875028,0.2491997581595,0.2498895143802,0.5341020366933,-0.1111162403467,0.1691919775456,0.0509437636165,-0.2859306696831,-0.2510690554529,-0.1990315187822,0.0492332713230
0.4822045288645,0.6609180828733,0.1792854981378,0.6700544212727,0.3145621757041,-0.3418706602599,-0.3004496685945,0.2563692763334,-0.5301821858116,0.4128869196002,-0.2396119784383,-0.0459704923296,0.0506310087163,-0.1471296643094,-0.1379518243431,-0.2037749856375,0.3765744263744,0.4582161411572,-0.2743917989521,0.2893713820124,0.4476666651313,0.4071255965297,1.0000000000000,0.5173877299676,0.3982789139827,0.2831054730695,0.2201458456420,0.2461508902724,0.2702846216078,0.3768162190769,0.7021857429952,-0.0111622630549,-0.1758674430297,0.2097620684159,0.4868636909232,0.4069910286321,0.6193280540843,0.1943757321829,0.5433387422275,0.3059445755262,-0.2475139786638,-0.4195271716025,0.2895408105876,-0.5239620518758,0.3060722445862,-0.1404824144865,-0.0418219464789,0.2178044484104,-0.2326164733010,-0.2441824286041,-0.2740023059537,0.4177288807114,0.3680082342051,-0.4364642178654,0.2246473547364,0.4079791383797,0.5986992881747,0.8343835759898,0.5029169887987,0.4616951681605,0.1982504510877,0.1683129651452,0.2796705063096,0.2677749386592,0.2767472872402,0.5273764135420,0.0934058412965,-0.1790651679581,0.1050440413058,0.4271954792684
0.3774478071556,0.5702892112931,0.7122904775136,0.3208727947113,0.0114246584077,-0.3262115980423,0.0390239696872,-0.0988625800186,-0.3538849133461,0.0289689744181,-0.0824706589478,0.0854687487432,-0.0850391988602,0.0119424137218,-0.2056404030593,-0.3140641894751,0.7705737968535,0.4497198943931,-0.1256852772596,0.4789994672611,0.1539984317105,0.8795225070723,0.5173877299676,1.0000000000000,-0.0052303299310,0.4655681900740,0.4995064194431,0.7121467334950,-0.0087774881906,0.1892441417456,0.5899262217789,-0.2634920785689,-0.2820218833532,-0.0114128682454,0.3409708866090,0.2380691159761,0.6601642277295,0.6719864926506,0.3227219403817,0.0755141236419,-0.1311409652423,-0.2097520976343,-0.2435457626103,-0.3291303575434,-0.1827872066894,-0.0418163833979,-0.0202629680562,0.1157316752596,0.0041229178463,-0.5196871416433,-0.4246682366044,0.7472049345738,0.2656947238613,-0.3364777650505,0.2502419283025,0.2227245482668,0.5746789212024,0.2871789254689,0.7836503063815,0.0693433687477,0.4766277880039,0.3964808888522,0.7256713313887,-0.1783658905017,0.0287607181304,0.0132330533925,-0.2754309986179,-0.3798397027213,-0.2663523912310,0.0975807424457
0.3781363979003,0.2468244480753,-0.1937197036318,0.3049771846687,0.6439209328140,-0.1640572421445,-0.1923886709035,0.6805870804607,-0.2783881624498,0.4980922795347,-0.1073147934899,-0.2045474461071,0.2795475951751,-0.1262869375829,-0.0413083975958,-0.1183265729851,0.0798369431288,0.2486873554270,-0.3183864080735,-0.0168669477073,0.4976572032956,0.0131963440499,0.3982789139827,-0.0052303299310,1.0000000000000,0.0283744689075,0.0367366373735,-0.1715998352740,0.6544885111921,0.3017945767624,0.4966243406213,0.3827373644868,0.0364539868246,0.2653860771472,0.1859834547177,0.3520283245849,0.0367171448761,-0.1648016453719,0.1808063379520,0.4880734346306,-0.2398960143165,-0.3669375715555,0.6832033839955,-0.4454576107288,0.5518546278538,-0.0818192114938,-0.2384117734720,0.3143252538295,-0.3194452248304,-0.0686168806139,-0.1780990493211,0.1812268955139,0.1606192327600,-0.4292581573708,-0.0323764513559,0.3806396593099,0.2310819150998,0.3083770000635,0.0026559450969,0.8732580501802,-0.1339555342915,-0.0771727542330,-0.1392177860882,0.6687657030085,0.3192060805136,0.4157338268506,0.4820156073825,-0.0396373618787,0.2144500331628,0.2084212249067
0.2788984037547,0.5655155682175,0.5853485914782,0.6035375846031,-0.2032086625941,-0.0962960506742,0.0904622043781,0.1069920960044,-0.1526939860846,0.2673615385117,-0.1815806481140,0.3672329924350,-0.2405562432054,0.1427971676380,0.0291092583365,-0.1161715006388,0.3558992487041,0.2789652395578,0.0655978732370,0.6424148261733,0.0786913481736,0.1833061487118,0.2831054730695,0.4655681900740,0.0283744689075,1.0000000000000,0.8224926438882,0.7123551637045,-0.2144342531432,0.0502671646393,0.3288098199499,-0.3057540516157,0.0305902223719,-0.0636964184656,0.4954007341270,0.0101158093511,0.5351493353054,0.4319866522470,0.6795651324021,-0.2212850036726,-0.0269750488615,-0.1039444532373,-0.1270759309869,-0.2297841424887,0.0767262771761,-0.2984422988483,0.2000034931873,-0.2142011139699,-0.0679272880549,-0.2144831610675,-0.2379488660037,0.1838610826873,0.2188444798595,-0.2766163120068,0.2428059230464,-0.0939755352044,-0.0043840282045,-0.0144734004107,0.0773808176971,-0.0035859434961,0.8755764016540,0.5650475344170,0.6334295686986,-0.2918877683022,-0.2207382997553,-0.1985723478605,-0.0163877622656,-0.2349667798992,-0.2764266223395,0.1744218115535
0.2104064644695,0.5221401889152,0.6096465865946,0.4631194041848,-0.1719129648784,-0.1445988863431,0.1474454953514,0.0415257758950,-0.1973484929040,0.1820533162215,-0.1116075226605,0.4250133812047,-0.1735437202576,0.2042212795990,-0.0834805460350,-0.2951625701527,0.3940035927769,0.2868490605227,0.1364138144744,0.6898636157274,0.0501274376616,0.2574190521303,0.2201458456420,0.4995064194431,0.0367366373735,0.8224926438882,1.0000000000000,0.7496035778898,-0.2634939073399,-0.0227678837538,0.3136621330323,-0.2502090577730,-0.0224620781638,-0.0849602175001,0.3883404635638,-0.0193186819680,0.4884688441037,0.5001584537443,0.5266764186435,-0.2014355941311,-0.0299514735510,-0.1630303147158,-0.2137972859232,-0.2286550208153,-0.0532098135871,-0.2346297426383,0.2249730695459,-0.1138389704362,0.0609507408927,-0.3385618056093,-0.3984609479445,0.2665804803207,0.1971890663472,-0.1442165637078,0.2773879211396,-0.0414091508506,-0.0854419220156,-0.0840397267082,0.1108720327027,0.0248224671341,0.7733946907454,0.7204107273904,0.6936242978701,-0.3424501066587,-0.2396061540551,-0.2919281082557,-0.1812027231403,-0.3125916120477,-0.3993167982369,0.0378922729918
0.2702328822387,0.4134972775040,0.8466476133819,0.2630949036712,-0.2822138054395,-0.1202589367228,0.2035501690023,-0.1065082925977,-0.1670714028829,0.0011233720342,-0.1027413363371,0.3448427688702,-0.2861549971543,0.2470903886969,-0.1095892594631,-0.2166724329478,0.6201649706892,0.2465601687070,0.1178958443930,0.5078394078773,-0.0366801934265,0.4943429057338,0.2461508902724,0.7121467334950,-0.1715998352740,0.7123551637045,0.7496035778898,1.0000000000000,-0.3620592090751,-0.1010949108623,0.2279728437958,-0.3787291391477,-0.0945080031724,-0.2781243869246,0.1835408833546,0.0409390359648,0.5471904959366,0.7350378459420,0.3635688341785,-0.2080558187372,0.0464013412532,-0.0704636957335,-0.3617111744321,-0.1487720960236,-0.2354288881421,-0.1255705520987,0.2290985680442,-0.1490137615637,0.2555934806589,-0.3640058996219,-0.3447684239593,0.5171503955108,-0.0199471869929,-0.1221896416766,0.1926022084880,-0.0354153599228,0.1137492000341,-0.0523649711573,0.3559724534900,-0.1376551401323,0.7594093020488,0.5847037390935,0.9168461685128,-0.4911530129421,-0.2614858590432,-0.3961726824821,-0.3775482755698,-0.3013588498509,-0.4653703494462,-0.1121554161912
0.1274138359689,0.0803293340916,-0.3489297410427,0.0757230367444,0.4522181075592,-0.2177095687296,-0.5187747663350,0.6699205191125,-0.2024895606941,-0.0116046844106,-0.2222802905667,-0.1375712405163,0.0845945756134,-0.1363121118422,-0.0896042831114,-0.1385341202250,-0.1516891752922,0.1012189204680,-0.1298102678493,-0.0861043079200,0.2969200996658,0.0147015733088,0.2702846216078,-0.0087774881906,0.6544885111921,-0.2144342531432,-0.2634939073399,-0.3620592090751,1.0000000000000,0.2326713149067,0.4084182085524,0.3821605952748,-0.0689860474420,0.1848200288310,0.0090570557367,0.1551091167358,-0.1476799093321,-0.3548437834473,-0.0119067010810,0.3018919820485,-0.3888540909183,-0.4130287776047,0.7000518462858,-0.3854165784142,0.1791075503948,-0.1880555443062,-0.1126720389958,0.0478526253450,-0.3535049221033,-0.0338251199536,-0.1159405084938,0.0385048079337,0.1106341091814,-0.2253475116201,-0.1096321361273,0.2106852392601,0.4557687605734,0.3303254443802,0.0898233139405,0.4334922266074,-0.3811948354621,-0.3902559329158,-0.3176336352024,0.8784631814768,0.2388716325105,0.5303507383785,0.4594998237757,-0.0620837159870,0.3867413073556,0.1347251209771
0.5050585138443,0.3488071409864,-0.1372150234646,0.3102638975342,0.5124809989666,-0.0124099756687,-0.0129796475767,0.1306911757442,-0.1614372788575,0.3353309917800,0.0970479238868,-0.0970004260744,0.4727374214821,-0.0190570379667,0.3654975081992,0.0707202198082,0.0599195194713,0.3893058643428,0.0226524269621,0.3172673617146,0.3404276751579,0.2576613511273,0.3768162190769,0.1892441417456,0.3017945767624,0.0502671646393,-0.0227678837538,-0.1010949108623,0.2326713149067,1.0000000000000,0.4071397022575,0.1798577972643,0.1669069113227,0.6345313934552,0.5242552224927,0.4535810204117,0.1722090426420,-0.1935323095303,0.1951170622147,0.4675723544217,-0.0278193438173,-0.0655730257071,0.1363607619418,-0.2613492296047,0.3299165258118,0.1483934226071,-0.1149247897555,0.4511013941391,-0.2495358169231,0.1061672991938,0.0902811714352,0.2053822188921,0.3041267543311,-0.1885690363987,0.2176973149990,0.3333721760140,0.2695014301844,0.3396774912379,0.2207706413632,0.3255023738489,-0.0907291858821,-0.1001052732376,-0.1109196699746,0.3105307080697,0.7205189628059,0.3413243251843,0.2831279590718,0.1813333843286,0.3734739619811,0.4892579043907
0.4846066733326,0.6324534361179,0.2320658116578,0.5531086011040,0.2706261569073,-0.2540637099345,-0.2287408408556,0.4654617448252,-0.4050860595932,0.3137452192516,-0.2806817820713,-0.1281455159041,-0.0034050384451,-0.3068365967254,-0.0791022998968,-0.2507499003229,0.3892224836907,0.5337568137290,-0.3123002536471,0.3560611514477,0.3802577492901,0.4760413838807,0.7021857429952,0.5899262217789,0.4966243406213,0.3288098199499,0.3136621330323,0.2279728437958,0.4084182085524,0.4071397022575,1.0000000000000,-0.0348322887365,-0.0994126119971,0.2848627940322,0.5895786234649,0.3927533746479,0.4993246055597,0.1293798222497,0.4649272401871,0.2029565236244,-0.2212773710066,-0.4180788921285,0.3453993547207,-0.4830870196478,0.1902889081897,-0.2827963030975,-0.2290659640638,0.1189740315128,-0.4825041334794,-0.2591403544609,-0.3357093412275,0.3999655134107,0.4968875366899,-0.5770663421120,0.2038887708798,0.2728784762148,0.5560149400170,0.4831046776634,0.4379925474820,0.4612831379963,0.1733444348561,0.1301276708157,0.2271765771242,0.3234604408628,0.2795588761052,0.5352052855075,0.2090301662823,-0.1844238445501,0.0534865180960,0.4530917296497
0.1209486306192,-0.0901199826474,-0.3710467925728,-0.0884736778010,0.2396383112868,-0.1949170295072,-0.1864676136488,0.2938220687600,-0.1611393386349,0.1440751917297,-0.1622344857669,-0.2373202661781,0.1625061105896,0.0588270778063,-0.0627614261885,-0.0762197382244,-0.1962103157227,0.0802745800734,-0.2294025165519,-0.1564058720023,0.1805233216626,-0.1690802401814,-0.0111622630549,-0.2634920785689,0.3827373644868,-0.3057540516157,-0.2502090577730,-0.3787291391477,0.3821605952748,0.1798577972643,-0.0348322887365,1.0000000000000,0.1191784803402,0.1025366969879,-0.1556784834544,0.1634198060332,-0.2623178439570,-0.3617183606026,-0.2251223038144,0.1646009543086,-0.2712356211983,-0.2320472971834,0.2913001236061,-0.3145664887734,0.2174994217471,-0.1031139042743,-0.2092877599092,0.1224454773097,-0.0999828738113,-0.0320169216322,-0.0666027644548,-0.0604146779834,0.0409935452151,-0.0965557016460,-0.1126088015298,0.1425727480730,0.0243848815270,0.0530790537684,-0.1060953771323,0.2776236560775,-0.4368310540888,-0.2366289238900,-0.2974739748903,0.3693644128071,0.2134570562526,0.1401247382744,0.6265531520038,0.1937433962516,0.2158706943149,-0.0085355200130
-0.1063747112097,-0.0762570084498,-0.1270407278646,-0.0258287828687,-0.0847368834748,0.6907128486398,0.3900147858189,0.1527150445315,0.5529283786832,0.1098850714907,0.0835912369647,0.1711466850277,0.0112661815114,0.2410538331609,0.5277203360738,0.5559933194392,-0.2662316842007,-0.2669733160178,0.2345658637226,-0.1367804601940,-0.2543720841725,-0.2194520190181,-0.1758674430297,-0.2820218833532,0.0364539868246,0.0305902223719,-0.0224620781638,-0.0945080031724,-0.0689860474420,0.1669069113227,-0.0994126119971,0.1191784803402,1.0000000000000,0.1397815005402,0.0804912148040,-0.1739137095270,-0.2928575989093,-0.3368887622712,-0.0302260140424,-0.1770684485510,0.5250203223833,0.4523300101433,-0.0007786466878,0.3710694393129,0.1889978931398,-0.0761265462642,0.0984647380778,-0.1553217996945,0.0908610564727,0.3650010949072,0.4818483436699,-0.2851351720129,-0.1740105790765,0.1161391961591,-0.2843263657576,-0.3370663589002,-0.2427175837696,-0.2725662515388,-0.3626262544510,-0.0408418343523,-0.1213599984895,-0.2835207322629,-0.2729723935575,-0.0396013310768,0.0231593828534,-0.0675881792692,0.1932444907622,0.7684661289729,0.0242369527901,0.0868353992219
0.0923826482419,0.2436680575786,-0.2874726382591,0.3080693446497,0.4887352656739,0.1668632891775,0.0292927826862,0.1123729832651,0.0011078969556,0.3052707626901,0.2608174828952,-0.2651258194651,0.4459558175099,-0.1235618939166,0.2757327213306,0.1472849738770,-0.1421955473680,0.1824822776208,-0.1019714038504,0.0431615328587,0.1735123571711,0.0546451037313,0.2097620684159,-0.0114128682454,0.2653860771472,-0.0636964184656,-0.0849602175001,-0.2781243869246,0.1848200288310,0.6345313934552,0.2848627940322,0.1025366969879,0.1397815005402,1.0000000000000,0.5417138605591,0.1805810225683,0.0794016283466,-0.3011788647902,0.1917591512732,0.3812150648245,0.0989691739883,0.0504831256688,0.2061488592377,-0.0245788133727,0.3708588257136,0.2617611595276,-0.1921012450627,0.3653074174177,-0.2914664546405,0.2742697986933,0.1850347264723,-0.0324570114728,0.3436424771561,-0.0979062154896,0.1838424902903,0.1653766748104,0.0780340941019,0.2562487779823,0.0430731864169,0.3420890399895,-0.1532878786300,-0.0999156928822,-0.2977834007852,0.3581757999835,0.6126674186456,0.3609412076203,0.2984490577669,0.1930849098733,0.6430203346138,0.6021027864834
