1.0000000000000,0.5662731768060,0.5360872220980,0.7339886542478,0.0580539317445,-0.2766993006106,0.1713339901904,0.5346578346558,0.0411843581011,0.3763927649697,0.2021701237259,0.2896203741905,0.3335230080068,0.3263611802331,0.4674407609164,0.1819694909140,0.1246583711638,0.6612608517515,0.3834420102872,0.7062461880430,0.2098250303456,0.2115483604372,0.3539690165576,0.2162584614291,0.3885836569026,0.5928109261214,0.5542614036872,0.3743799243424,0.4525674320731,0.4564257891876,0.5643804312208,-0.0355962968113,0.0167900542910,0.3183162722519,0.6124045208308,-0.1254274475488,0.1158623979754,0.0628353354465,0.4782131144747,0.0841963055101,-0.4137754500899,-0.1267251861768,0.3136687493093,-0.2333329104289,0.2877134355295,-0.0379692835254,0.2827871025347,0.1490326530078,0.1896596184150,0.0742121228251,0.1261795841769,0.1169050464084,-0.0439805521566,-0.1708098147552,-0.0532444582771,-0.0147309277072,-0.1972678802917,0.0225069648044,-0.0883152077591,0.2322984073771,0.4168919496396,0.0014328779862,0.1946566034206,0.2285571029158,-0.3843957561503,-0.2086846930020,-0.0055785453425,-0.1519595400801,-0.0218245079886,0.3310101355335
0.5662731768060,1.0000000000000,0.5997314312918,0.7900455851865,0.0626541225277,-0.2444532790631,0.0117453625049,0.6088763913927,-0.0774515592999,0.1550820984083,0.1027491247930,0.1274339829323,0.3095384573363,0.1937385464974,0.1237272399890,-0.0163970737815,0.2240512919261,0.7439689052152,0.1608188034463,0.6907560833062,0.1820825647823,0.4038807757749,0.5410510376828,0.5496157813725,0.3507697576786,0.7172680846906,0.7293859386099,0.5563314940572,0.5324649257061,0.3546328757221,0.6925260812705,-0.0043890063158,-0.1046375556047,0.2947577333193,0.6710083858295,-0.1900935138913,0.6063068520797,0.1630861529389,0.5658210992544,0.0317464608421,-0.3528979965076,-0.2611907655730,0.1051469202529,-0.2248246362177,0.0182187097370,-0.1751142838567,0.0691741864454,0.0864098581756,-0.0005244754750,-0.0427128485865,-0.0241248204216,0.2208024537400,0.2433758593816,-0.3210380796734,-0.0319028904876,-0.0074120439057,0.0128685297798,0.1592675445906,0.1721100359647,0.2692790818138,0.5186403035382,0.3005365708216,0.5065585231144,0.2723891613139,-0.1796428738419,-0.0357601136071,-0.0287284681675,-0.2187140619851,0.0917739402646,0.5182415146919
0.5360872220980,0.5997314312918,1.0000000000000,0.6478544131759,-0.2015260330899,-0.3919654593386,-0.2040418328514,0.7272223592303,-0.2449081614682,-0.0160059961718,-0.1626568141803,0.2327113335853,0.1326621726906,0.2892422326581,-0.0555941114184,-0.1498247695442,0.3956440637838,0.6549815632633,0.1327342193909,0.6351569625986,-0.1510435553856,0.3758710958806,0.2711495170453,0.5025089493888,0.2618876746261,0.7253273225769,0.7963742331130,0.7963101306296,0.5198328598685,-0.0187699503094,0.6800223463784,-0.1301303217076,-0.2536713803804,-0.0664074554980,0.3892488654957,-0.2205573081859,0.3593148204873,0.6285866168839,0.4765015240838,-0.1366778680361,-0.3159959380310,-0.3910747270016,0.2589783641922,-0.3090232280655,-0.0708107613843,-0.3705553414775,0.2241586447362,-0.1203437444054,0.1881864833504,-0.2811010657662,-0.1391100725695,0.2828203301781,0.2370661692432,-0.2185999223580,0.0479995241013,-0.3738972033592,-0.0006097675007,-0.0036039275205,0.1869617523544,0.1230706459521,0.6850885754569,0.4908363698005,0.6500854848698,0.2515462846846,-0.4962307935428,-0.0191609078104,-0.1477756890777,-0.2569134907728,-0.2585347475008,0.1060860121273
0.7339886542478,0.7900455851865,0.6478544131759,1.0000000000000,0.0313872509336,-0.0925722556895,0.2216425603463,0.6406046032023,-0.0013913437117,0.4318657439299,0.1072900866177,0.1302946535867,0.3455629762511,0.1445726292382,0.2297920042668,0.2836979693157,0.1476565473152,0.7024391315998,0.1461565701799,0.6881171205622,0.1541109562080,0.2612966745518,0.5262265976756,0.3640108744492,0.4337877794283,0.6979719477318,0.6645896614679,0.4608392845200,0.4415748929987,0.3793888225303,0.6793039001459,-0.0237866670024,-0.0019352247840,0.3750230209472,0.8171426916261,-0.0656717192688,0.4382074816269,0.1457122451936,0.8131760120996,0.0734680532649,-0.1662182136506,-0.0174507543082,0.3260450001124,-0.1081220175891,0.3323602807005,-0.0483168875038,0.1282722796674,0.1496642456520,0.0131064750185,0.0373128024072,0.2791330364988,0.1129571708292,0.1518247997983,-0.2819118256837,-0.0713618548450,-0.0217891724563,-0.1825682581289,0.1825428640173,0.0063322707978,0.3500039818121,0.5372426198845,0.1375984471888,0.3359206996822,0.1893618158348,-0.3555528361257,-0.0609091742848,-0.0384836825466,-0.2113226113471,0.0899992781517,0.5785675190946
0.0580539317445,0.0626541225277,-0.2015260330899,0.0313872509336,1.0000000000000,0.0931797191744,0.3016148765898,-0.0194108318067,-0.0254828552953,0.4213854803073,0.5572197831288,-0.4066201810231,0.6352025473734,-0.3584763702624,0.1845692685328,0.1565870640008,0.2378004288564,0.2214949622850,-0.0644266302718,-0.0261801627525,0.8661186701825,0.4333758106532,0.5714163977994,0.3321953692693,0.5274253927118,-0.2876231341369,-0.1786045206040,-0.2851267684948,0.3318965325787,0.5748270747037,0.1967291842235,0.1093566909183,0.0036823975696,0.5694756314047,0.0830274237290,0.3743798639175,0.0873066168051,-0.4395791352629,-0.1054591922649,0.9358409516636,0.0346430642520,0.3569984182516,0.1228402128411,-0.0787306239133,0.2659544192527,0.6949913580097,-0.4070761156380,0.7520814177304,-0.4474694030687,0.2250187771650,0.1758374294298,0.2932351596176,0.1042825173959,-0.2893858152848,-0.1252349666366,0.8390951335866,0.4263377106836,0.5329165052468,0.3327635869135,0.7316680878267,-0.4594453924164,-0.3502102372518,-0.2608633411488,0.5254921148565,0.5319843893635,0.3016155017270,0.1354392014706,0.0829329737183,0.5764315487728,0.3182455032004
-0.2766993006106,-0.2444532790631,-0.3919654593386,-0.0925722556895,0.0931797191744,1.0000000000000,0.6665923948327,-0.3390531328730,0.6284060307371,0.3783109342876,0.1471159553918,-0.0084417462182,-0.0086071023127,-0.1185029901451,0.2747760543998,0.6619758788766,-0.3514566481425,-0.4284555493794,-0.0211015911403,-0.4561176999596,0.1008491730278,-0.2610802187172,-0.0187768522588,-0.2931464164848,-0.0580164517863,-0.4273993083084,-0.4699302604088,-0.4370352124377,-0.3748886540960,0.1274497922484,-0.3352289530413,-0.0086182771327,0.6644423540734,0.2393824169155,0.0250389734426,0.1362223975364,-0.2944021601345,-0.2482393754321,0.0137047688042,0.1452911642549,0.7595101619391,0.6775012829874,-0.0949898845016,0.7304261534060,0.4273306026183,0.3039902934657,-0.0274058644703,0.2086982814306,-0.1894232174102,0.4175381108663,0.6564229300789,-0.3338041475107,-0.2749881193281,0.1317316163519,-0.2691693799329,0.3250047878703,-0.1940129368939,0.0498939547152,-0.2109213930185,0.0925189300201,-0.4594562990253,-0.3315979527537,-0.3497193131256,-0.2448255584833,0.2127013629587,-0.0487457827414,-0.0931661499112,0.3739210923599,0.2861149714314,0.2213836979501
0.1713339901904,0.0117453625049,-0.2040418328514,0.2216425603463,0.3016148765898,0.6665923948327,1.0000000000000,-0.0509889367463,0.6128600277775,0.5864282225498,0.5667799490858,0.0011675563794,0.3854018505790,-0.1021207774312,0.5353382546129,0.7589470003431,-0.1860075242183,-0.0444432060636,0.1922489348575,-0.1110990423287,0.3800386503263,0.0259900228781,0.2358646544632,-0.0264776731449,0.1935430036700,-0.2341282204937,-0.2509015932011,-0.2530699519557,0.0085610279553,0.4613771644842,-0.0156851521668,-0.1373037365964,0.4979803206348,0.5129749816670,0.2894134201932,0.1436238660138,-0.2614054600555,-0.2530055717485,0.1558878356312,0.3999759402670,0.4331488963498,0.8303513786628,0.0418858694195,0.5302523718577,0.5962590782248,0.5579992676723,-0.0118384869379,0.4683938008375,-0.2646075726454,0.4257381133353,0.7192180717407,-0.1599928942038,-0.2757913924826,0.0080049340258,-0.3121030529605,0.4545097120311,-0.0522263188140,0.1203421844866,-0.0472358260401,0.2885556179287,-0.3810222266886,-0.3821402737000,-0.2264822325347,0.1070430293940,0.1558876725983,-0.1073978429704,-0.1219478664319,0.4203601457521,0.3790716554134,0.3950730821100
0.5346578346558,0.6088763913927,0.7272223592303,0.6406046032023,-0.0194108318067,-0.3390531328730,-0.0509889367463,1.0000000000000,-0.2982246710614,0.1230557469320,0.1029085981975,0.0857450200333,0.3450055867455,0.2408672440485,0.0318765666485,-0.1414300233054,0.2909363120737,0.5967830634715,0.0548592033566,0.6540546847053,-0.0250582846509,0.3453343906432,0.3143490591123,0.4632426443381,0.5884813168622,0.6693017638162,0.7419310466613,0.6507080181610,0.7498346134849,0.0498265078405,0.8058704504937,0.1725116181393,-0.2211266515139,0.0347561623225,0.3807783974272,-0.2251989305818,0.2316415942526,0.2690773437747,0.4145323921461,0.0322172933854,-0.2918924416226,-0.3206506475582,0.3229652832932,-0.3164933430257,-0.0108470024030,-0.2430437689045,0.0008224737849,0.0617604289363,0.0558853780812,-0.1162558777801,-0.1200471144183,0.1613178136671,0.1160030901849,-0.3745770935658,-0.0729437667933,-0.1957556187549,-0.0883659359481,-0.0438700800851,0.0211985422885,0.3572918971529,0.5136856248706,0.4399000500615,0.6002771398028,0.4667493738238,-0.3503679920326,-0.1452002903278,0.1098205771898,-0.1605179171294,-0.1938568183588,0.0950951545427
0.0411843581011,-0.0774515592999,-0.2449081614682,-0.0013913437117,-0.0254828552953,0.6284060307371,0.6128600277775,-0.2982246710614,1.0000000000000,0.1717769910791,0.3707801165930,0.3716012487308,-0.2277146881908,0.2098451820441,0.6738854089346,0.5337256886911,-0.4202423394572,-0.2125182127043,0.4298055469082,-0.1345441729176,0.0908325997892,-0.1695979041940,-0.1296944583347,-0.1816246155595,-0.1200259120590,-0.1969670905470,-0.2109922149155,-0.2233914792439,-0.1894953466924,0.2586317074084,-0.2110821342204,-0.1307842784582,0.5666941123889,0.1694152285798,0.0482275324770,-0.1612190847059,-0.3011345541086,-0.1287073177798,-0.0143422746650,-0.0240882773090,0.3207255362050,0.4188282803300,-0.1280758175889,0.6914841757602,0.2672483357232,0.1929699402189,0.3094565716749,-0.0605513224687,0.0758338354481,0.2655012980489,0.3818759685633,-0.3559980077188,-0.3551096556609,0.2910134195198,-0.2276805421488,0.1926202364189,-0.2147076828631,-0.2173662657789,-0.1811942739227,-0.1616627830196,-0.2534974300146,-0.2211186828768,-0.1836515451858,-0.0911239476637,-0.0252483685925,-0.2288179662422,-0.0937344411840,0.5202207260134,0.0254184209264,0.0883319060571
0.3763927649697,0.1550820984083,-0.0160059961718,0.4318657439299,0.4213854803073,0.3783109342876,0.5864282225498,0.1230557469320,0.1717769910791,1.0000000000000,0.3229671628572,-0.0818995438445,0.4401010147347,-0.1339492393190,0.3614207442367,0.6740379445256,-0.1217249094998,0.1026323155126,0.0803018240175,-0.0345951010381,0.4325076197825,0.0046305879234,0.4886428310593,-0.0657533399036,0.5262090986150,-0.1531246509474,-0.1919368770549,-0.2673056659560,0.0761475526879,0.4516638728959,0.2072428457202,-0.1310897358349,0.3560199405355,0.5518052626991,0.4079243033671,0.1618093826927,-0.0653801785395,-0.2805061341997,0.3832844735120,0.5017293801734,0.1434778670142,0.5447007985588,0.4795980678239,0.1268728029464,0.9042001286023,0.4394425411529,-0.0015678257897,0.5258336434577,-0.2003906814961,0.4201566093749,0.7292953165298,-0.1301962447145,-0.1733590432108,-0.0101092868122,-0.2049669758368,0.4514223079650,-0.1573170450831,0.3598490736266,-0.1306767539772,0.5894541687764,-0.2494260619649,-0.5036858700511,-0.3798280287247,0.1372308837224,0.0541342503288,0.0772951329744,-0.1340300235479,0.0730203458389,0.3984777699712,0.4982248594452
0.2021701237259,0.1027491247930,-0.1626568141803,0.1072900866177,0.5572197831288,0.1471159553918,0.5667799490858,0.1029085981975,0.3707801165930,0.3229671628572,1.0000000000000,-0.0013659303581,0.3474448735237,-0.0324248800938,0.5993239808323,0.1893765323654,-0.1192638456686,0.1665465234097,0.3058867754112,0.1287396264524,0.5160253845639,0.2089278715171,0.2455887926268,0.1923838229016,0.5040706390389,-0.1234702427910,-0.0166487225796,-0.0192564504099,0.3866071959518,0.5050874556550,0.2560946219950,0.0070658433227,0.1761328193900,0.4263080307099,0.0650961922989,-0.0119079775983,-0.1660983600200,-0.2931169478344,-0.0571465329264,0.5108369647215,0.0145100088210,0.3714452616014,0.0567426750397,0.1610145515433,0.2527902572830,0.6095106954634,-0.0787285611438,0.3477476684702,-0.1886953433999,0.1029403965093,0.1161885532969,-0.0964731288978,-0.2030493128763,-0.0020978349705,-0.1444779282636,0.4642462952865,0.0857694892667,0.0607445190647,0.0658149307074,0.3769746607403,-0.3154018806334,-0.1233088527808,0.0021975642449,0.4693366430538,0.1862111585685,-0.1225604787167,0.0489202767844,0.3673262283000,0.2374319797638,0.0619235133778
0.2896203741905,0.1274339829323,0.2327113335853,0.1302946535867,-0.4066201810231,-0.0084417462182,0.0011675563794,0.0857450200333,0.3716012487308,-0.0818995438445,-0.0013659303581,1.0000000000000,-0.3731967701538,0.8513907182287,0.4229565580706,0.0485695861636,-0.3398255017285,0.0343361210957,0.6284399686901,0.3277710584125,-0.3026860473688,-0.2556520928863,-0.3186541413239,-0.1891080170839,-0.1403141781701,0.3289913099512,0.2255188799290,0.3072142320793,-0.0224866372968,-0.0036760781465,-0.0398034566178,-0.1564580468690,0.3862903280295,-0.2967506710509,-0.0409969464942,-0.3738202344097,-0.1400583462177,0.2340406003955,0.0474194500102,-0.4323830913699,-0.1293661112125,-0.2183449293325,0.0338207929924,0.0886629517456,-0.0267441212410,-0.2864814657477,0.8982731253829,-0.4624367682780,0.7758142490167,-0.0107328191922,-0.0776439723701,-0.3432384984939,-0.1678370758312,0.5138051110155,0.2382743125690,-0.3699988923211,-0.3709634169992,-0.4889617205028,-0.3023767181948,-0.3758044429244,0.3593368955754,0.1553247892254,0.2469847954996,-0.1235677358461,-0.3511715691541,-0.4802856115700,-0.2244576222464,0.2177283854504,-0.4680797688986,-0.1954931397631
0.3335230080068,0.3095384573363,0.1326621726906,0.3455629762511,0.6352025473734,-0.0086071023127,0.3854018505790,0.3450055867455,-0.2277146881908,0.4401010147347,0.3474448735237,-0.3731967701538,1.0000000000000,-0.2344535656871,0.0127356200692,0.1756869088967,0.4231707623395,0.4521773820594,-0.1651152636979,0.1871828704898,0.7041836751281,0.5786321218141,0.5579527449890,0.4960610454137,0.4212704203683,0.0694857221341,0.1181529422007,-0.0106727857284,0.4436376273051,0.5013614369479,0.4227491544647,0.0424356449468,-0.0949425754219,0.5242794512427,0.3867852448090,0.3975145402335,0.1110078202931,-0.2439165978194,0.1577184778241,0.7025862327366,-0.0090228096493,0.3408829084440,0.0329913119023,-0.1450213472366,0.2321478024542,0.4885374215814,-0.3713941139357,0.8993699981265,-0.3597684492110,0.1436848530008,0.2751826478309,0.4309963023355,0.1831731860062,-0.5116771207303,-0.1960670959012,0.6032482761010,0.4127771681107,0.4240073359055,0.3568583226215,0.6271457954017,-0.1427618937300,-0.2035991678043,-0.0069943051505,0.4244353560429,0.3436642327373,0.2137114001228,0.0653566890927,-0.0764476663464,0.5114615690504,0.4981626623262
0.3263611802331,0.1937385464974,0.2892422326581,0.1445726292382,-0.3584763702624,-0.1185029901451,-0.1021207774312,0.2408672440485,0.2098451820441,-0.1339492393190,-0.0324248800938,0.8513907182287,-0.2344535656871,1.0000000000000,0.3367235408544,-0.1075451235628,-0.1757809413051,0.1160954790039,0.5282592350940,0.4294367531631,-0.2581574651267,-0.1120390254238,-0.2693866446473,-0.0430505401105,-0.0757349870459,0.4439104436353,0.3427356598671,0.3947036285166,0.1255581214810,-0.0186713480250,0.0654875712836,0.0431713008702,0.2699526777396,-0.2636820916169,-0.0959229434496,-0.3767445065797,-0.1303930587670,0.2479075459355,-0.0278927617229,-0.3851534175102,-0.1792178783070,-0.3633671300824,-0.0033589432524,-0.0090172907911,-0.1554372708414,-0.3603813427983,0.7606345509228,-0.3952103399771,0.8261603144685,-0.0338661738027,-0.2132891198102,-0.1989525997075,-0.0878847079385,0.3126654622214,0.1787585111303,-0.3671556667289,-0.2545967702625,-0.4408595177759,-0.2035111458071,-0.3100541212898,0.3858227540105,0.2384660089117,0.3801264895113,-0.0280239653711,-0.3068965205092,-0.4337787417641,0.0124103225939,0.2199557467730,-0.4404474363110,-0.2298956457681
0.4674407609164,0.1237272399890,-0.0555941114184,0.2297920042668,0.1845692685328,0.2747760543998,0.5353382546129,0.0318765666485,0.6738854089346,0.3614207442367,0.5993239808323,0.4229565580706,0.0127356200692,0.3367235408544,1.0000000000000,0.4282087114521,-0.3371569099310,0.1859552217480,0.7047887171547,0.2872157261663,0.1920774706675,-0.1000473670027,0.0416059389197,-0.0982721498776,0.2895887648143,0.0329661905287,0.0367034204615,0.0131740547927,0.1324681033239,0.5702625894641,0.1058348196375,-0.0676126108234,0.5097286401880,0.3336121704712,0.1515478493494,-0.1123306649433,-0.2606912417491,-0.1537593918946,0.0488369517971,0.1487621400995,0.0146271731537,0.2892472493527,0.1275639005819,0.2798761948723,0.3412883788862,0.2316658382527,0.3840364152331,0.0454304470978,0.1704901755600,0.3756417924048,0.2516679692595,-0.3114899773815,-0.2823789279647,0.3300968871497,-0.0844000259386,0.1623041783946,-0.2732556895546,-0.1750747650810,-0.2471723945931,0.1096542365167,-0.1513871482248,-0.1777753379780,-0.0593651733848,0.1479592717563,-0.0478357307296,-0.3736868030080,0.0063716703225,0.4871266763320,0.0500657630911,0.0844597733255
0.1819694909140,-0.0163970737815,-0.1498247695442,0.2836979693157,0.1565870640008,0.6619758788766,0.7589470003431,-0.1414300233054,0.5337256886911,0.6740379445256,0.1893765323654,0.0485695861636,0.1756869088967,-0.1075451235628,0.4282087114521,1.0000000000000,-0.2426761083446,-0.1255565227555,0.1156074164964,-0.1557789333301,0.2465697997381,-0.1338942490638,0.2350986474816,-0.1936004414136,0.0717056996699,-0.2565124752380,-0.3150664652818,-0.3727580460446,-0.1645039609176,0.4101293207834,-0.1173558324534,-0.1346159939952,0.5760685410628,0.5022638124519,0.3536888636691,0.1560104849058,-0.1969206721365,-0.2100974059877,0.2635907063220,0.2646049560755,0.4046230213560,0.7362163469589,0.2519872542282,0.4461241088297,0.7448920025158,0.3362422101615,0.1083518247854,0.3239598343071,-0.2101131984085,0.4745541407510,0.9113255385894,-0.2073404196778,-0.2452375731982,0.0954614074808,-0.2842543671893,0.3450276016396,-0.2157961977714,0.2088597954126,-0.1559440807094,0.2252660103335,-0.3527225644658,-0.5213880166289,-0.4230287619962,-0.0579919111206,0.0110505905352,0.0019119324085,-0.0815314394795,0.2952608617600,0.3573002649719,0.4885725845827
0.1246583711638,0.2240512919261,0.3956440637838,0.1476565473152,0.2378004288564,-0.3514566481425,-0.1860075242183,0.2909363120737,-0.4202423394572,-0.1217249094998,-0.1192638456686,-0.3398255017285,0.4231707623395,-0.1757809413051,-0.3371569099310,-0.2426761083446,1.0000000000000,0.4325699967617,-0.1638143867179,0.2208339693568,0.2539096546137,0.7155815706871,0.4871358110961,0.6614271791823,0.1258068065290,0.2234661052297,0.2453881049765,0.2819919966791,0.4409374908881,0.1966627227363,0.4079840242650,0.0155398330116,-0.4568880025589,0.2117744819509,0.1552995168380,0.3300865355088,0.4141612382127,0.2468470396254,0.0441206300686,0.3348218347137,-0.1913409770992,-0.1674652895809,-0.0123732029291,-0.4088328111794,-0.2384133855745,0.0284802320747,-0.2947432069070,0.3209216888922,-0.1760081352535,-0.2274037025038,-0.1927065711171,0.9262377070201,0.3308842772190,-0.4857069649614,-0.0279941956503,0.0690886069722,0.6602135582367,0.5085067970894,0.6592445040345,0.3436728132353,0.1686670361615,0.1233839345767,0.2636085089177,0.3930974417933,0.1837672244577,0.4588765142444,0.0789726468679,-0.1998044751601,0.2927556394632,0.1952780757420
0.6612608517515,0.7439689052152,0.6549815632633,0.7024391315998,0.2214949622850,-0.4284555493794,-0.0444432060636,0.5967830634715,-0.2125182127043,0.1026323155126,0.1665465234097,0.0343361210957,0.4521773820594,0.1160954790039,0.1859552217480,-0.1255565227555,0.4325699967617,1.0000000000000,0.2436179768506,0.8097914996847,0.3010217104721,0.5227601907383,0.5031823036076,0.6251030576277,0.3718802022556,0.6707378796864,0.7489913381815,0.5748271126024,0.5982484601024,0.5015147532131,0.7097859314934,-0.0345112505275,-0.2294609089478,0.3618925851891,0.5943346938214,0.0305832044323,0.5062855491571,0.1963444923754,0.4418760022853,0.2197291544172,-0.4194323156025,-0.2577969320158,0.1169806445975,-0.3859627088394,-0.0598143477341,-0.0600832297496,0.0446949939466,0.2248466976004,-0.0158664125853,-0.1323844480780,-0.1403186705120,0.4111543710517,0.4387513233691,-0.3411539796311,0.1397050285263,0.0213553156020,0.1592094469558,0.1805237158561,0.2915808898328,0.3201542284437,0.4902750711051,0.2933450241110,0.4599678824227,0.3812520960051,-0.1304424742353,0.0065387830110,0.0164261068668,-0.1894524453570,0.1590022523194,0.4215011095327
0.3834420102872,0.1608188034463,0.1327342193909,0.1461565701799,-0.0644266302718,-0.0211015911403,0.1922489348575,0.0548592033566,0.4298055469082,0.0803018240175,0.3058867754112,0.6284399686901,-0.1651152636979,0.5282592350940,0.7047887171547,0.1156074164964,-0.1638143867179,0.2436179768506,1.0000000000000,0.4104384364274,-0.0517763098540,-0.0649503260854,-0.0969924747682,-0.0221876610912,0.0810978068633,0.1989225224584,0.1731917873304,0.2667284682370,0.1277823529205,0.3631487596501,0.0757544209578,-0.1704170819114,0.2735393956405,0.0325861201910,0.0120519984230,-0.2966632185917,-0.1088150379717,0.1814950990842,-0.0242054178128,-0.0855989596417,-0.1876646924023,-0.0463322667501,0.0402132649979,-0.0235744835727,0.0735898975931,-0.0940021679234,0.5528691631361,-0.2008508879239,0.3861632061703,0.0782441454427,-0.0195124686939,-0.1605506493442,-0.2134596174531,0.4619322566228,0.1001798366057,-0.1470534101795,-0.1741803487711,-0.2765776465116,-0.1306634814878,-0.1157560863280,0.0729947724161,0.0280913813820,0.1806617467525,0.0910268407799,-0.2031010922132,-0.3702552820294,-0.1446899959547,0.2882308199557,-0.1699503306304,-0.1076690305945
0.7062461880430,0.6907560833062,0.6351569625986,0.6881171205622,-0.0261801627525,-0.4561176999596,-0.1110990423287,0.6540546847053,-0.1345441729176,-0.0345951010381,0.1287396264524,0.3277710584125,0.1871828704898,0.4294367531631,0.2872157261663,-0.1557789333301,0.2208339693568,0.8097914996847,0.4104384364274,1.0000000000000,0.0777266956801,0.2897142814435,0.2556475509280,0.4237641916176,0.3242958683749,0.8371085073618,0.8313783570568,0.6523009278530,0.6163743730323,0.3537049088483,0.6180111536021,0.1383372021662,-0.1432855078327,0.1328456156118,0.4922846736311,-0.2609203852001,0.3287030939327,0.2573061450737,0.3921307121231,-0.0574130391603,-0.4506391251215,-0.4226318855143,0.1620372225841,-0.3751746155675,-0.1513611803645,-0.2537662559808,0.2843335456133,-0.1026753220768,0.2400570518971,-0.1044299296103,-0.2343823696420,0.1928704523644,0.2445805199050,-0.1883368221182,0.1982360699873,-0.1877708627501,-0.0888049293414,-0.0847624080950,0.0468410489734,0.1296442056898,0.6306025436509,0.4226363462740,0.5883303435103,0.3497444851510,-0.3402491310376,-0.2470383212540,0.1182776692388,-0.1477775106372,-0.1387376146992,0.2184210860883
0.2098250303456,0.1820825647823,-0.1510435553856,0.1541109562080,0.8661186701825,0.1008491730278,0.3800386503263,-0.0250582846509,0.0908325997892,0.4325076197825,0.5160253845639,-0.3026860473688,0.7041836751281,-0.2581574651267,0.1920774706675,0.2465697997381,0.2539096546137,0.3010217104721,-0.0517763098540,0.0777266956801,1.0000000000000,0.4903139322996,0.5607114551256,0.3867192048439,0.3652145483268,-0.1535751745284,-0.0942116209251,-0.2781259565516,0.3004732918191,0.6380724172151,0.2045583110315,0.0871462214100,0.0264574999666,0.6226981844408,0.2525466454054,0.3048956689131,0.1047662459635,-0.4380374580806,0.0101076290013,0.8165569776271,-0.0204897714795,0.3490795047088,0.0005486463257,-0.0390907492650,0.2727881526344,0.6584435006526,-0.3123192841281,0.7865579093319,-0.3715003860924,0.1818824779197,0.2605450309734,0.3529070936133,0.1161318493017,-0.3819828312590,-0.1515874290967,0.8953642344111,0.4163332363184,0.4930101913160,0.3489461529717,0.5928607613507,-0.3416031026693,-0.3616085179697,-0.2486784696694,0.4319957878923,0.4764960947049,0.2722037017472,0.1237238971356,0.0233573665903,0.6012104966620,0.4693005095885
0.2115483604372,0.4038807757749,0.3758710958806,0.2612966745518,0.4333758106532,-0.2610802187172,0.0259900228781,0.3453343906432,-0.1695979041940,0.0046305879234,0.2089278715171,-0.2556520928863,0.5786321218141,-0.1120390254238,-0.1000473670027,-0.1338942490638,0.7155815706871,0.5227601907383,-0.0649503260854,0.2897142814435,0.4903139322996,1.0000000000000,0.5975964467760,0.9240479617181,0.2362478132185,0.2392770232755,0.3472252935172,0.2682708176188,0.6283267667917,0.4013965333251,0.6221775045739,-0.0105628781656,-0.3575615779972,0.3882690489310,0.2803870715242,0.1762777242555,0.3527537554220,0.0823003941632,0.0379829033429,0.4953998746084,-0.2395119348084,-0.0642577525247,-0.0706083646257,-0.2703017108912,-0.1469871255230,0.1148667118258,-0.2763659158076,0.4864467476947,-0.2036165540576,-0.1980788254905,-0.1045348383038,0.7459810308877,0.2396268524454,-0.5097854032702,-0.1760852635518,0.3311766711002,0.7852460923054,0.4636229979212,0.7793019350459,0.4176903138966,0.0554067679143,0.0674674771702,0.2889832965497,0.6026091196225,0.3029732739533,0.4689289569483,0.0982719669472,-0.0642094864495,0.3996840694697,0.3487147250188
0.3539690165576,0.5410510376828,0.2711495170453,0.5262265976756,0.5714163977994,-0.0187768522588,0.2358646544632,0.3143490591123,-0.1296944583347,0.4886428310593,0.2455887926268,-0.3186541413239,0.5579527449890,-0.2693866446473,0.0416059389197,0.2350986474816,0.4871358110961,0.5031823036076,-0.0969924747682,0.2556475509280,0.5607114551256,0.5975964467760,1.0000000000000,0.5713329599545,0.5089064794226,0.1630078319530,0.1952717678891,0.0522553400113,0.4236882076753,0.5587409342476,0.5809794626482,0.0564271119921,-0.1353947355787,0.6330823159457,0.5210781738699,0.2845653667016,0.5451077957094,-0.1456946526009,0.3404060646462,0.6104116821709,-0.1232059718880,0.1897050778872,0.2465266410037,-0.2176206084473,0.3623604258609,0.3678498082017,-0.2744418755888,0.5454988399333,-0.3562471919956,0.1088277136260,0.2758986439885,0.5268383643503,0.2015908367044,-0.4196356256314,-0.1628555339100,0.4188025764651,0.3705994499968,0.7935866894093,0.4064855097301,0.7088260297342,-0.0204699130004,-0.1563531290780,0.0053032581930,0.4247261229483,0.2394873724614,0.4058379086184,0.0671526135973,-0.1703294473012,0.5784258985360,0.6436277375323
0.2162584614291,0.5496157813725,0.5025089493888,0.3640108744492,0.3321953692693,-0.2931464164848,-0.0264776731449,0.4632426443381,-0.1816246155595,-0.0657533399036,0.1923838229016,-0.1891080170839,0.4960610454137,-0.0430505401105,-0.0982721498776,-0.1936004414136,0.6614271791823,0.6251030576277,-0.0221876610912,0.4237641916176,0.3867192048439,0.9240479617181,0.5713329599545,1.0000000000000,0.2589937430478,0.3797910055468,0.5189153174762,0.4703719876856,0.6594940811978,0.3197220709197,0.6810548049759,-0.0299663365690,-0.3859087796362,0.3366475008299,0.3126202445341,0.0446808160888,0.4739543642728,0.2288147589573,0.1386008522412,0.3749196236450,-0.2506860587880,-0.1721309524783,-0.0776129928108,-0.2745354894885,-0.2031558877171,0.0017033686221,-0.2089172058414,0.3516340071158,-0.1689470086999,-0.2212455447713,-0.1736087420753,0.6450880950821,0.3536161287287,-0.4537941794827,-0.0872114698105,0.2281839793390,0.6763898218793,0.3724782684499,0.7649532231890,0.3624311999407,0.2073010760226,0.2950350020477,0.5175961779300,0.5701983641174,0.1928652924334,0.3755671742355,0.0430609394546,-0.0496783054697,0.3165156364451,0.3368811789645
0.3885836569026,0.3507697576786,0.2618876746261,0.4337877794283,0.5274253927118,-0.0580164517863,0.1935430036700,0.5884813168622,-0.1200259120590,0.5262090986150,0.5040706390389,-0.1403141781701,0.4212704203683,-0.0757349870459,0.2895887648143,0.0717056996699,0.1258068065290,0.3718802022556,0.0810978068633,0.3242958683749,0.3652145483268,0.2362478132185,0.5089064794226,0.2589937430478,1.0000000000000,0.1682963230091,0.2679865448180,0.1883530283106,0.6300974020070,0.3214761279612,0.6202572031503,0.1240415095527,-0.0305640650520,0.3342923451124,0.2427430647635,0.0079608265360,0.0889602119489,-0.1537541411711,0.2638845586136,0.4974809970709,-0.1364832214107,0.0725722910438,0.5125097412435,-0.1695612505633,0.3864184154386,0.3202911161845,-0.1749494027561,0.3573325357603,-0.2083048103078,0.1201201551627,0.0650945713776,0.0485718742988,-0.0698623353461,-0.1859523018646,-0.1014546168236,0.2893394688791,-0.0477273357709,0.2772926045579,-0.0487961457792,0.8198641095417,-0.0169994988964,0.0062427877331,0.0948019641984,0.5976553135540,0.0132796257259,-0.0113718189375,0.0983704371184,0.0151241128151,0.1310207750022,0.1511640349241
0.5928109261214,0.7172680846906,0.7253273225769,0.6979719477318,-0.2876231341369,-0.4273993083084,-0.2341282204937,0.6693017638162,-0.1969670905470,-0.1531246509474,-0.1234702427910,0.3289913099512,0.0694857221341,0.4439104436353,0.0329661905287,-0.2565124752380,0.2234661052297,0.6707378796864,0.1989225224584,0.8371085073618,-0.1535751745284,0.2392770232755,0.1630078319530,0.3797910055468,0.1682963230091,1.0000000000000,0.9013929475693,0.7276203870641,0.4779932078853,0.0578537172141,0.6095340013826,0.0398541523410,-0.2360855894935,-0.0787838308061,0.5393922236101,-0.2793149974092,0.4125089396243,0.3718691673418,0.5448203483881,-0.3070960224553,-0.3409437937187,-0.5131029463015,0.0506155447808,-0.2852832590668,-0.2582905819783,-0.4273940315823,0.2573724236087,-0.2339228436894,0.3280015263738,-0.2093063725108,-0.2917265830060,0.1816820947656,0.2428952004573,-0.2671847595397,0.1305725994905,-0.3849465083647,-0.1400898466748,-0.1372574882970,-0.0158308358851,-0.0307471850380,0.8691605436239,0.5893030878660,0.6833117533659,0.1161393504223,-0.4268839734331,-0.2117210554315,-0.0007286646680,-0.2827264791309,-0.2785289232308,0.1998348188953
0.5542614036872,0.7293859386099,0.7963742331130,0.6645896614679,-0.1786045206040,-0.4699302604088,-0.2509015932011,0.7419310466613,-0.2109922149155,-0.1919368770549,-0.0166487225796,0.2255188799290,0.1181529422007,0.3427356598671,0.0367034204615,-0.3150664652818,0.2453881049765,0.7489913381815,0.1731917873304,0.8313783570568,-0.0942116209251,0.3472252935172,0.1952717678891,0.5189153174762,0.2679865448180,0.9013929475693,1.0000000000000,0.8293397014712,0.5757385303384,0.0510135368469,0.7127948509929,0.0530746253708,-0.3001711302429,-0.0650172818994,0.4678180114279,-0.3429334368530,0.4046543993465,0.3967961347527,0.4746550411937,-0.2142925285175,-0.4089683212346,-0.5234786309154,0.0405251729244,-0.3250509222625,-0.3066202367981,-0.4095540838468,0.1241116189549,-0.1774182538819,0.1924323658658,-0.2998104367314,-0.3459067922122,0.1720385156141,0.2860747553257,-0.3002110943686,0.0965239678787,-0.3136046118184,-0.0763855265167,-0.1482217452353,0.0827542530180,0.0307579543508,0.7694515211840,0.6871537336363,0.7579642367789,0.2278561081907,-0.4095444609917,-0.1704114665804,0.0399618193856,-0.2492184124168,-0.2706867968789,0.1208960364147
0.3743799243424,0.5563314940572,0.7963101306296,0.4608392845200,-0.2851267684948,-0.4370352124377,-0.2530699519557,0.6507080181610,-0.2233914792439,-0.2673056659560,-0.0192564504099,0.3072142320793,-0.0106727857284,0.3947036285166,0.0131740547927,-0.3727580460446,0.2819919966791,0.5748271126024,0.2667284682370,0.6523009278530,-0.2781259565516,0.2682708176188,0.0522553400113,0.4703719876856,0.1883530283106,0.7276203870641,0.8293397014712,1.0000000000000,0.4925742820423,-0.1237198471246,0.5559465767264,-0.0869808292010,-0.2636525206165,-0.2188001455613,0.1632672792075,-0.3780456218247,0.3157360860426,0.6503136448904,0.3192573660084,-0.2911298419386,-0.3309699815591,-0.4846294256039,0.0439139374165,-0.2972189291644,-0.3160653443407,-0.4188231933978,0.2432132817734,-0.2863211883723,0.2633056616448,-0.2865513848224,-0.3870437654082,0.1413911443644,0.2532984819775,-0.0662957225379,0.1764891028297,-0.4495735728748,0.0054188782333,-0.2263912826208,0.1853529915954,-0.0713877657289,0.6826112996440,0.7047833965704,0.9053495819474,0.2209543463254,-0.4153993880777,-0.1953321275573,-0.1157034665888,-0.0879003776465,-0.3568112044073,-0.1206914542507
0.4525674320731,0.5324649257061,0.5198328598685,0.4415748929987,0.3318965325787,-0.3748886540960,0.0085610279553,0.7498346134849,-0.1894953466924,0.0761475526879,0.3866071959518,-0.0224866372968,0.4436376273051,0.1255581214810,0.1324681033239,-0.1645039609176,0.4409374908881,0.5982484601024,0.1277823529205,0.6163743730323,0.3004732918191,0.6283267667917,0.4236882076753,0.6594940811978,0.6300974020070,0.4779932078853,0.5757385303384,0.4925742820423,1.0000000000000,0.3034894308095,0.7639446619006,0.1316656054347,-0.2273043793700,0.2303583015640,0.2693076212459,-0.1758085502079,0.1739592167664,0.1353740331284,0.1114812036442,0.3486916679890,-0.4229827078258,-0.2591092360295,0.3099928537817,-0.3442807756388,-0.0495158018083,-0.0265107949753,-0.0885020861773,0.2346802297067,-0.0963701224680,-0.1442624936879,-0.1796117419155,0.3694825076302,0.0703915288712,-0.4034204148970,-0.1246609940669,0.1142060789849,0.2836658686104,0.0923890710815,0.3311070814690,0.4698867248420,0.2233402458039,0.2367484760874,0.4778837973186,0.8747751669466,-0.1315148702199,0.0478893939876,0.1811740269575,-0.0399380877106,0.0096905548605,0.1245902209904
0.4564257891876,0.3546328757221,-0.0187699503094,0.3793888225303,0.5748270747037,0.1274497922484,0.4613771644842,0.0498265078405,0.2586317074084,0.4516638728959,0.5050874556550,-0.0036760781465,0.5013614369479,-0.0186713480250,0.5702625894641,0.4101293207834,0.1966627227363,0.5015147532131,0.3631487596501,0.3537049088483,0.6380724172151,0.4013965333251,0.5587409342476,0.3197220709197,0.3214761279612,0.0578537172141,0.0510135368469,-0.1237198471246,0.3034894308095,1.0000000000000,0.2969334364284,0.0075255115686,0.2768762626123,0.7684478486521,0.4698583042074,0.2952874407249,0.1628740128037,-0.3151401438658,0.1061460920107,0.5820316332320,-0.0622451015298,0.3291592393244,0.0699680411058,-0.0310745047998,0.2998188194790,0.4041442177695,-0.0108765736268,0.5207919171677,-0.1694401619888,0.2659149873305,0.3367228490735,0.3010111660974,0.0243812909405,-0.1848474201969,-0.1375720245220,0.4980492481641,0.2284892826100,0.4184277225849,0.2200801264784,0.4699112036362,-0.2176670833457,-0.3739996380423,-0.1701470184519,0.3408978919534,0.3558890199469,0.0769039952991,0.1198331223844,0.2210600203781,0.5947399883297,0.5798446216199
0.5643804312208,0.6925260812705,0.6800223463784,0.6793039001459,0.1967291842235,-0.3352289530413,-0.0156851521668,0.8058704504937,-0.2110821342204,0.2072428457202,0.2560946219950,-0.0398034566178,0.4227491544647,0.0654875712836,0.1058348196375,-0.1173558324534,0.4079840242650,0.7097859314934,0.0757544209578,0.6180111536021,0.2045583110315,0.6221775045739,0.5809794626482,0.6810548049759,0.6202572031503,0.6095340013826,0.7127948509929,0.5559465767264,0.7639446619006,0.2969334364284,1.0000000000000,0.0520658934709,-0.2789384670260,0.2776298300359,0.5496190707156,-0.1063975115426,0.4025341188150,0.1614778765183,0.4653777164319,0.2132657749352,-0.3258620981431,-0.2337245055257,0.3004030016846,-0.3031653152974,0.0538058590232,-0.0931955267185,-0.1048057141193,0.2079543271994,-0.0669065384367,-0.1909456294095,-0.0918873680205,0.3336326825222,0.1515892763006,-0.4471897138110,-0.1183608633251,0.0018581126012,0.1769619608200,0.2563442026606,0.2844354519481,0.4855357393278,0.4131441255411,0.3240911977591,0.4740341506926,0.5403061848471,-0.1866637982763,0.2108010603668,0.0798453446466,-0.1739811114226,0.0690569482488,0.3279276249350
-0.0355962968113,-0.0043890063158,-0.1301303217076,-0.0237866670024,0.1093566909183,-0.0086182771327,-0.1373037365964,0.1725116181393,-0.1307842784582,-0.1310897358349,0.0070658433227,-0.1564580468690,0.0424356449468,0.0431713008702,-0.0676126108234,-0.1346159939952,0.0155398330116,-0.0345112505275,-0.1704170819114,0.1383372021662,0.0871462214100,-0.0105628781656,0.0564271119921,-0.0299663365690,0.1240415095527,0.0398541523410,0.0530746253708,-0.0869808292010,0.1316656054347,0.0075255115686,0.0520658934709,1.0000000000000,0.0060989074841,-0.0039860072681,-0.0586407239753,-0.0473473141083,-0.0395038578450,-0.2854999523321,-0.1110300370923,0.0369401772816,-0.0164975356688,-0.1736306547168,-0.0895106265734,-0.1391744698208,-0.2375021900189,-0.0356294650835,-0.2670133241278,-0.0043682290526,0.0019664939038,-0.0655979075058,-0.1619052966547,0.0367040991143,-0.0561600084061,-0.3189563927607,-0.1521663680543,0.0801704205158,-0.0545050117020,0.0542858381719,-0.1483878767738,0.0889310056061,-0.1230636406845,0.0340020595315,-0.0084353510341,0.0904637585678,0.0717611114297,-0.0677164325277,0.8081079926204,-0.1270334143657,-0.0199855378819,-0.0785674831913
0.0167900542910,-0.1046375556047,-0.2536713803804,-0.0019352247840,0.0036823975696,0.6644423540734,0.4979803206348,-0.2211266515139,0.5666941123889,0.3560199405355,0.1761328193900,0.3862903280295,-0.0949425754219,0.2699526777396,0.5097286401880,0.5760685410628,-0.4568880025589,-0.2294609089478,0.2735393956405,-0.1432855078327,0.0264574999666,-0.3575615779972,-0.1353947355787,-0.3859087796362,-0.0305640650520,-0.2360855894935,-0.3001711302429,-0.2636525206165,-0.2273043793700,0.2768762626123,-0.2789384670260,0.0060989074841,1.0000000000000,0.2041416465032,0.0493259780937,-0.0088051937301,-0.3798110738812,-0.1645255333888,-0.0513020665268,0.0208456818530,0.3773588106279,0.4221897268648,0.1066626846512,0.5139419069979,0.3855482447054,0.1163904955797,0.3748724014817,0.0151538558955,0.1237044575718,0.3966581256447,0.5121459119669,-0.4452788746272,-0.2600675402782,0.3159701586561,-0.1001740540825,0.1592983460524,-0.3715008148407,-0.1642032817901,-0.3481166158477,-0.0268992427578,-0.2931235084361,-0.3335936829624,-0.2692025370366,-0.1413888331681,-0.0282041895906,-0.2545926058861,-0.0593264644527,0.4540658507985,0.0854967383143,0.1633651899727
0.3183162722519,0.2947577333193,-0.0664074554980,0.3750230209472,0.5694756314047,0.2393824169155,0.5129749816670,0.0347561623225,0.1694152285798,0.5518052626991,0.4263080307099,-0.2967506710509,0.5242794512427,-0.2636820916169,0.3336121704712,0.5022638124519,0.2117744819509,0.3618925851891,0.0325861201910,0.1328456156118,0.6226981844408,0.3882690489310,0.6330823159457,0.3366475008299,0.3342923451124,-0.0787838308061,-0.0650172818994,-0.2188001455613,0.2303583015640,0.7684478486521,0.2776298300359,-0.0039860072681,0.2041416465032,1.0000000000000,0.4837772650895,0.3053379654445,0.1798970404757,-0.3159492487010,0.1789965375940,0.6083576977836,0.0971296209060,0.4373274385748,0.1635503251530,0.0529802191018,0.4759137271522,0.4362331964274,-0.2527880507753,0.5621934123632,-0.3584698358884,0.2666385060321,0.4703905513080,0.2748290345079,0.0949234116922,-0.3047040905183,-0.1955718828300,0.5513264191343,0.2454023232437,0.5803541424980,0.2993246190710,0.5279177028508,-0.2949261853781,-0.3822201517701,-0.2381231110388,0.2968184077498,0.3303254427697,0.2726751266112,0.1218766019730,0.1392818592741,0.8088895750464,0.6311600957208
