1.0000000000000,0.2047450778423,0.0978982411315,0.4738656974085,0.3390061637088,-0.1205576274169,0.3722773734421,0.2217113647252,0.0164307445109,0.2455962949890,0.1192498673727,0.0650114679723,0.5989017488403,0.1116959683749,0.5518131487116,0.4290600144416,0.2729954746149,0.4969652245083,0.0554257824991,0.3972587529826,0.4829987232219,0.3270700808987,0.2337041331270,0.3017371928470,0.2228205288915,0.2370105393096,0.1274497439368,0.0379044746278,0.4329684445365,0.5513473431208,0.3037858749361,0.3425609301524,0.1230382652181,0.5028505582740,0.3862445079423,0.5760453651689,0.1745685119424,-0.2410203950220,0.2217303752026,0.2359377878351,0.0042742822443,0.1616526060194,0.0457080593586,-0.2202980153278,0.1430473824485,0.0568512425714,-0.0324698025392,0.4687147975945,-0.1064721415539,0.1099837709450,0.2807327094212,0.2352884759879,0.3040009657946,-0.1720045522118,0.1804402278433,0.4204460144708,0.1751842244827,0.1976562929279,0.2527951489951,0.2098556283359,0.0771785474944,-0.2062070010197,-0.0613036595439,0.1448456365606,0.3827758086101,0.1287124147857,0.2241855176032,-0.0825393825650,0.3262271279312,0.3237008943558
0.2047450778423,1.0000000000000,0.0508262486203,0.5408678772986,-0.1138214735509,-0.0668067743247,-0.0026741632448,-0.0387307742326,-0.2600728372991,0.0545397114214,-0.2691213792045,0.0627471144637,0.1052894643109,-0.0149743930715,-0.1457883127488,-0.0265479759800,0.2679524955790,0.2215595443211,0.0109848126193,0.1380826411603,0.0579644672747,0.3068164288373,0.6177188606379,0.3202011793399,0.1550059376086,0.3324053947676,0.3569895907743,0.2823442559876,0.0686962056288,0.2160007825973,0.2439085314296,0.1004489418673,0.0720622534388,0.2794786344641,0.4349246175636,0.0581882391252,0.7720469209834,-0.1678190497882,0.4620048529019,0.0024508309362,0.0188866277945,-0.0671519548396,-0.1243259484196,-0.1841632274788,0.0270135625007,-0.2703831155984,-0.0810441303086,0.0717933876359,-0.1266522560135,-0.2409089005925,-0.0419345448723,0.2658900147577,0.3361215962046,-0.1037861615850,0.1113283517766,0.0491587910227,0.1571677417546,0.5778360349165,0.2984991608109,0.1338938737613,0.2205978385430,0.0706936530821,0.1144910094536,0.0346886945424,0.1338223378860,0.3288348471221,0.1094991139986,0.1515679487034,0.2737072095740,0.4230159334264
0.0978982411315,0.0508262486203,1.0000000000000,0.3109851519634,0.1962769065098,-0.0000737918669,-0.0290910214389,0.5646436141212,0.0534666387447,0.3788575372283,0.0008534342320,0.0091740078468,0.1281873422386,0.1282945979149,-0.0019529794315,-0.0425635967583,0.1653427361680,0.1452474553598,0.0034308860571,0.1022564589228,0.1049363075225,0.0894187482660,0.1883653585371,0.1876970941208,0.4243268964993,0.2881591992713,0.4336290417209,0.6075291003888,0.1452071750228,-0.1463845080415,0.4283568955086,0.0431721244742,-0.1902480791056,0.0069034533258,-0.0919119063879,-0.1203496852858,-0.0455052329782,0.4868266650938,0.2094386257498,0.0768703982105,-0.0597688464841,0.0662531714677,0.2643775529165,0.0125638173516,0.2707739460303,-0.0363547649148,-0.0775553069674,0.0338442133174,-0.0161632174359,-0.1162659227922,-0.0646385041780,0.1056302876227,-0.2227271802032,-0.1054558748727,-0.2454749805547,-0.0039704653108,-0.2190451965512,-0.0017425917766,-0.1068160061953,0.3241466637369,0.0059935800267,0.0926727660592,0.3794337345248,0.0331620287376,-0.2195402872679,-0.1943123130524,0.1087836973399,-0.1588320911388,-0.1323912625166,-0.1675210934949
0.4738656974085,0.5408678772986,0.3109851519634,1.0000000000000,0.1438734347744,-0.2160554432520,0.0486289103955,0.3276393462818,-0.2192870416886,0.4310749539413,-0.1987978157713,0.0118845780688,0.3448132129240,0.0792696983823,0.1510522696818,0.0891024325743,0.2441054532726,0.4242978342962,-0.1758025324055,0.1946673325662,0.3223715163051,0.2431858613350,0.6707072763402,0.2317270743001,0.5336897107603,0.3099586010735,0.2807599316967,0.1107003498178,0.2969941213002,0.3785895196025,0.4052453148382,0.3027232345194,-0.0140006427524,0.4543568474119,0.4224258763732,0.3239639789630,0.5716426552501,-0.0148979479716,0.7053330879087,0.1937157421790,-0.0282847137780,0.0146396019150,0.2806866355430,-0.3610836850852,0.4150677499453,-0.1830616320987,-0.0860939347161,0.3061196000142,-0.0909414882255,-0.1400668838726,0.0316744615396,0.2219257567036,0.3130167618127,-0.2258079010695,0.1495127687896,0.2504383160044,0.0411021932390,0.5788672922517,0.2145804213600,0.4910788094585,0.2528099835602,0.0322906615132,0.1073877661769,0.1623852497253,0.2779170103296,0.3054480074814,0.3176262185917,-0.0661698054929,0.3185342241057,0.3956736431393
0.3390061637088,-0.1138214735509,0.1962769065098,0.1438734347744,1.0000000000000,-0.0452595928799,0.2720614827297,0.4378846472537,0.0304317157652,0.4239081110657,0.3231742739478,-0.0704682049165,0.6254223628991,0.2750244994003,0.2257664845660,0.3119160896383,0.3044874260847,0.0354195105201,-0.0197513971630,0.0014421098634,0.8012160522982,0.3829521906721,0.0311410315571,0.2462330178754,0.4723424090132,0.2261644257984,0.0290485085792,0.1460411152690,0.5767680326065,-0.0403974142958,0.0913382233114,0.0844339319627,-0.0546299248184,0.2702397666922,-0.0193271133369,0.1871280872379,-0.1724826740134,-0.0925325133235,0.0585667241788,0.7894608452323,-0.0282206408159,0.2184312496111,0.2758209701215,-0.0711547403002,0.3517115715207,0.3288471571404,-0.0935412836312,0.4538947611050,0.1554782478557,0.0285761190669,0.1746749724346,0.2754367758372,-0.2195634781151,-0.2346663470497,-0.2717934715267,0.7274245997655,0.3401052883357,-0.0199237788494,0.1675170920998,0.3976523172017,0.0621244343776,-0.2662833557271,-0.0042807704180,0.3738566312847,-0.0076948937386,-0.0884744759594,0.2309081571190,-0.0660009835660,0.0883579586291,-0.1273994240630
-0.1205576274169,-0.0668067743247,-0.0000737918669,-0.2160554432520,-0.0452595928799,1.0000000000000,0.3481842922961,-0.2254508934714,0.5184969806410,-0.1107992725124,0.5382073551855,0.0253418808330,-0.0223264098138,-0.0644534383530,0.0569655758777,0.1747379441293,0.1135731723048,-0.1209527343312,0.0934763913008,-0.0521592192786,-0.0547789102860,0.0560695151052,-0.0851529896857,0.0641571449831,-0.1337890315205,-0.0851571044370,0.1319568486128,-0.1692116143823,-0.1242557181087,0.0842583867601,-0.0014957611753,-0.1600487730117,0.3322845090323,-0.0673690040797,0.1599665112325,0.0037268933814,-0.0767110022023,0.0858444846730,-0.0927939725547,0.0316147257594,0.7897913072890,0.4733375057265,-0.3072226158342,0.5796663089132,-0.0324210222200,0.3641120651306,0.0849593196813,0.0919173741972,-0.0525646763831,0.2800306667369,0.2474156926541,0.1091432401817,-0.1098897027493,-0.0143645999261,-0.1344682965985,-0.1419771234810,-0.0280123298253,-0.0661243836744,0.0877588175776,-0.0701039743205,-0.1451067651628,0.1496215494436,-0.2343091613022,-0.2694924479476,0.0262457149839,0.0173933361658,-0.2794054614140,0.0979160584856,-0.0261239033462,0.2134867097717
0.3722773734421,-0.0026741632448,-0.0290910214389,0.0486289103955,0.2720614827297,0.3481842922961,1.0000000000000,-0.0715595784053,0.5693604488600,0.0031880675811,0.5776625274189,0.4456931970717,0.5228197762653,0.3389457542698,0.4720410092513,0.6443193412888,0.1060080395666,0.0646672440398,0.3466470277879,0.2362066869688,0.3725046634682,0.1200669645152,-0.1893233346380,0.1524769954445,-0.0727252334548,0.2904516127812,0.1605064574865,-0.1292038751793,0.0963959451697,0.2792273304866,0.0381765419531,0.3480200656761,0.3013384255846,0.1222733619469,0.1146188017307,0.4267882851594,-0.1014971724244,-0.2511416802145,0.0065854861121,0.2244813267513,0.4178662899198,0.7150204490852,-0.1775053567578,0.3489481796078,0.0586487535489,0.4511810569717,0.3563940521333,0.5295309249459,0.2069969830577,0.3809722735764,0.6030233956657,0.0645226840507,-0.0068984064899,0.0995621468654,-0.0780652778122,0.3733286011885,-0.0172800423905,-0.1761138728096,-0.0013798088415,-0.0708653981451,0.0576011102795,-0.1747501759422,-0.2722960896663,-0.1857627177035,0.2299899471469,-0.0613397519036,0.1217098784504,-0.1533374860928,0.0037223507701,0.1801995776837
0.2217113647252,-0.0387307742326,0.5646436141212,0.3276393462818,0.4378846472537,-0.2254508934714,-0.0715595784053,1.0000000000000,-0.1127740691459,0.5403313290095,-0.0436446137753,-0.1440541953642,0.2265407946984,0.1834022664882,0.2020236153157,0.0484094146032,0.1645998124083,0.1534932928079,-0.1940094047433,0.0419304642034,0.2991698932325,0.1805793730518,0.2706937971512,0.0486104616674,0.7590199247480,0.2729930915252,0.1957078009181,0.3009571889486,0.5216679384017,-0.0400242811190,0.3909659723898,-0.0409593239658,-0.1521954403952,0.1391945220168,-0.0521055141670,-0.1249973776425,-0.1025175688147,0.1991854623270,0.2165469173830,0.4301048328767,-0.2534216233859,-0.1724600190214,0.6167407646259,-0.2035125597561,0.4617335300273,0.0025722834570,-0.1842715905394,0.0715617674806,0.0806065172420,-0.1168009928073,-0.0319049126863,0.1532606789544,-0.1971729576739,-0.2506034721014,-0.1487819843916,0.1883682499963,-0.0254298341745,0.0699601541476,-0.1181869273262,0.6161158392762,0.1755762983283,-0.0797554332853,0.2031220941641,0.5195277129594,-0.1722217012845,-0.1526279939231,0.2021959427935,0.0526433198371,-0.0312586857524,-0.1718443857208
0.0164307445109,-0.2600728372991,0.0534666387447,-0.2192870416886,0.0304317157652,0.5184969806410,0.5693604488600,-0.1127740691459,1.0000000000000,-0.2221872247630,0.6460482441614,0.4135970302319,0.0717228988022,0.1626564170727,0.3762197612657,0.3632058544777,0.0252902497538,-0.0717835661334,0.3120885981523,0.1153432902452,0.0498670506872,-0.0601196921827,-0.3003840055287,0.0454607999172,-0.2210590219704,0.0253769854635,0.2592393024723,-0.1788805385436,-0.0031945518178,0.1744701149087,0.0801038121473,0.1165303255593,0.2405978839257,-0.1651219994489,-0.0577024629087,0.1500262565769,-0.2627442605448,0.0767310761497,-0.1137367763413,-0.0379693062124,0.4742001977122,0.4599636549240,-0.2208433740359,0.6590421978055,-0.1485897546695,0.3867772889827,0.4410760094449,0.1452618369911,0.1479506084577,0.4247704340017,0.3447990076843,-0.0198928320045,-0.1431541283745,0.2013129698759,-0.0877000479452,0.0364931410208,-0.1862992145123,-0.2961283708427,-0.0860933444613,-0.1612075292948,-0.1407214850870,0.0541304989088,-0.1745567607145,-0.1318487559137,0.0682413522509,-0.1213901565250,-0.1588035865956,-0.0650578529296,-0.1449039517200,0.0518775781060
0.2455962949890,0.0545397114214,0.3788575372283,0.4310749539413,0.4239081110657,-0.1107992725124,0.0031880675811,0.5403313290095,-0.2221872247630,1.0000000000000,-0.0452529292323,-0.1188163701590,0.2236628284132,0.2960485293757,0.0998937950531,0.1552516364472,0.0542662858899,0.0521331169768,-0.1930511483790,-0.1400484454401,0.2665788689494,0.0207892293045,0.2592884332195,-0.0947684055144,0.7058549098238,0.2972712370689,-0.0375368738711,0.2496249608051,0.1323057383843,-0.0439830693893,0.0352427588621,0.1501987061388,-0.1023190540444,0.2145290831522,-0.0032996947896,-0.0664317247460,-0.0976696095509,0.1053385906842,0.3376450652028,0.4249810398605,-0.0792418812831,0.0163490597501,0.4703198912368,-0.1791994366378,0.8232472071386,-0.0072488814388,-0.1742695931826,0.1900290105821,0.2064848541979,0.0063666221792,0.0812818910318,0.0161113991552,-0.2076154361158,-0.1164899891248,-0.1872177167154,0.2216650184108,-0.0993688616129,0.1189986652003,-0.1988325635521,0.5443095832422,0.2431507597750,-0.0913811637907,0.1365268931551,0.0306590386520,-0.0917305690955,-0.2539785966375,0.3314075668180,0.0398931615993,0.1317696166168,-0.1012010453660
0.1192498673727,-0.2691213792045,0.0008534342320,-0.1987978157713,0.3231742739478,0.5382073551855,0.5776625274189,-0.0436446137753,0.6460482441614,-0.0452529292323,1.0000000000000,0.2225629740178,0.3702637758558,0.2197314856530,0.3495717724580,0.4817541249382,0.0228719650798,-0.0562140448560,0.2793208766877,0.0839626659231,0.3548937313510,0.0386218375148,-0.2859604547103,0.0756790637767,-0.1023801918525,0.0888868264481,0.1185933993095,-0.1568730262697,0.0865224925807,0.1321495973309,-0.0602920020073,0.1464074070420,0.1356874670342,0.0213736772585,0.0299066240280,0.2586489836568,-0.3553610044642,-0.0489493448665,-0.1460185872311,0.3412726390043,0.5006222953710,0.5237438442749,-0.1302694114157,0.4819078780949,0.0262811674623,0.7786697078110,0.2867999078402,0.4253451324744,0.1981235990107,0.4145174221092,0.4427256128452,-0.0326941675160,-0.1389755206060,0.0961785203763,-0.1516232429877,0.3018501487605,-0.0714033738972,-0.2955694728328,-0.0455223202669,-0.0782348591205,-0.1104232308303,-0.0930445510137,-0.2345547058225,-0.1566149396003,0.0429773185353,-0.1746054599178,-0.1067594442806,-0.0561060120087,-0.0184101680224,0.0633896574817
0.0650114679723,0.0627471144637,0.0091740078468,0.0118845780688,-0.0704682049165,0.0253418808330,0.4456931970717,-0.1440541953642,0.4135970302319,-0.1188163701590,0.2225629740178,1.0000000000000,0.1331473126790,0.6472555367249,0.3420315709869,0.4000395833014,-0.1808357662413,0.0948967537695,0.6949569322975,0.4229782016029,0.0662697994032,-0.1757765767221,-0.2328382161911,-0.0644100543487,-0.2896930756669,0.4589171884065,0.3133998053652,0.1410456248326,-0.2250860375381,0.1505413282845,-0.1618671828689,0.5513507493888,0.0722767227630,0.0051711547785,0.1382942988489,0.2061142946000,-0.0441899081975,-0.1367746049722,0.2236719492603,-0.0487124681752,0.1499674809670,0.2933016456501,-0.1945593923325,0.2362702711704,-0.1069789391917,0.2177497422736,0.7962024241818,0.1637822275932,0.6175463123798,0.3298916829286,0.3719935574404,-0.2398288957064,0.1101984169058,0.6336889979735,0.1962144558509,0.1741819360311,-0.1590758826109,-0.3052415900298,-0.2121933223192,-0.3552246785168,0.3305319469449,0.1066710637717,0.0547080567653,-0.3074043315631,0.1734282139203,-0.2085462170638,0.2436205023544,-0.0110017324766,0.0817897177951,0.2293005541534
0.5989017488403,0.1052894643109,0.1281873422386,0.3448132129240,0.6254223628991,-0.0223264098138,0.5228197762653,0.2265407946984,0.0717228988022,0.2236628284132,0.3702637758558,0.1331473126790,1.0000000000000,0.2351276706968,0.4780770199020,0.4939806951554,0.2713240746916,0.3561174309289,0.1574608940741,0.4014492025402,0.8152556612868,0.4097831233247,0.1206204702157,0.3394691506115,0.2143215443508,0.2714928928967,0.1570564592944,0.0484094974892,0.4337151933667,0.3195947944796,0.2302693942286,0.3130244921853,0.0168734307420,0.4677809481751,0.2625432382505,0.4894385134473,0.0660992394390,-0.2706735327056,0.2123790966481,0.5327348615297,0.0667932011002,0.3962337754748,0.0279424964899,-0.1541792595515,0.1568877963092,0.3931653434284,0.0114230158046,0.8390707675663,0.0227794736032,0.1419590600064,0.3101236711120,0.2366525078134,0.1305111433316,-0.1469119725459,0.0242621588327,0.7243503966944,0.2404266987389,0.0647587676048,0.1996366306743,0.2001429643863,0.0428588701417,-0.1943992579112,-0.1530016340635,0.1835193119557,0.3311931885539,0.1139541811171,0.2300247917312,-0.1666681203969,0.2867917081940,0.2230536959864
0.1116959683749,-0.0149743930715,0.1282945979149,0.0792696983823,0.2750244994003,-0.0644534383530,0.3389457542698,0.1834022664882,0.1626564170727,0.2960485293757,0.2197314856530,0.6472555367249,0.2351276706968,1.0000000000000,0.3429521544886,0.3858218746418,-0.0956387127445,-0.1228899808226,0.4403580213083,0.1720403722025,0.2175152283647,-0.0668792701283,-0.1878135458198,-0.0831149949455,0.1281895501326,0.6156227437949,0.1606427480879,0.2855095858961,-0.0195463487985,0.0012169190762,-0.2232787240217,0.5140006289114,0.0157903185819,0.0403024708991,-0.0246521243780,0.0618349668988,-0.1969048042773,-0.1684352204807,0.2154759707409,0.2218940797373,0.0712688659312,0.2586209797360,0.1597055462913,0.1228358234777,0.2716028895945,0.2495897901750,0.5869341773072,0.2025257878409,0.7989299414712,0.2817332877340,0.3923784281301,-0.1751649122001,-0.2127932015332,0.3813748245790,-0.1791813296846,0.2545942928320,-0.0811948954108,-0.3368352981720,-0.2666978180097,-0.0398108259725,0.4324285765642,-0.1298475468226,0.1167951429278,-0.1803436003853,0.0364463833640,-0.3392149521695,0.5327660459138,0.0901201380015,0.0039529680926,-0.0379714148808
0.5518131487116,-0.1457883127488,-0.0019529794315,0.1510522696818,0.2257664845660,0.0569655758777,0.4720410092513,0.2020236153157,0.3762197612657,0.0998937950531,0.3495717724580,0.3420315709869,0.4780770199020,0.3429521544886,1.0000000000000,0.5670959597989,0.0207398844126,0.2991264464194,0.3897501286882,0.4138747768786,0.3310438849053,0.0760047018225,-0.0950830866461,0.0288032110467,0.0429709585600,0.1870587263261,0.0971775177040,-0.0530089439166,0.2161532734107,0.5414489243060,0.0828931725309,0.3375602155081,0.2396498939375,0.2679195131741,0.2265916100127,0.3920255502309,-0.1869287282802,-0.1688348623572,0.1439902095703,0.1659280141120,0.1384616553309,0.2403091351680,0.1375395312639,0.0371463214589,0.1070270528644,0.2848057963532,0.2992156906008,0.4759426972262,0.2105676745563,0.5113223929942,0.4907922226331,-0.0164863311196,0.1033242904742,0.2006822731152,0.1448454183469,0.3494574595950,-0.0052684004440,-0.1457044513766,-0.0756426982950,0.0467424365919,0.1315393916882,-0.0896955672155,-0.1028426835551,0.0399850790457,0.3707594111500,-0.0552217471722,0.1877581142474,0.0538212323934,0.1914224473512,0.2113927379688
0.4290600144416,-0.0265479759800,-0.0425635967583,0.0891024325743,0.3119160896383,0.1747379441293,0.6443193412888,0.0484094146032,0.3632058544777,0.1552516364472,0.4817541249382,0.4000395833014,0.4939806951554,0.3858218746418,0.5670959597989,1.0000000000000,0.0347501166274,0.1836896429637,0.3124412156570,0.2829153260755,0.3927439771534,0.0923682185055,-0.1528874707534,0.0896505502757,0.0315506025104,0.2726201138391,0.1172768835653,-0.0194105802052,0.1222345679312,0.3140031703993,-0.0472757574793,0.4953693969709,0.2205693265565,0.2793695592778,0.2482358778955,0.3793988952991,-0.1598115052085,-0.2550961096071,0.0591138694916,0.3092650721610,0.2459164317835,0.4549753621732,-0.0454198469367,0.1287153605858,0.1752025512501,0.3639366357552,0.2799189139152,0.4885461119182,0.2491153596517,0.4008773087624,0.8095481754566,0.0013087225303,0.1206411368890,0.1596451430805,0.0989796005561,0.3806497930119,0.0549370762813,-0.2010642313473,0.0036596037965,-0.0181608212813,0.1853658649108,-0.1252459589361,-0.0809586960778,-0.1536552424233,0.1988678887439,-0.1481944857028,0.2443269943525,-0.0634401356503,0.1740263279097,0.2305013855106
0.2729954746149,0.2679524955790,0.1653427361680,0.2441054532726,0.3044874260847,0.1135731723048,0.1060080395666,0.1645998124083,0.0252902497538,0.0542662858899,0.0228719650798,-0.1808357662413,0.2713240746916,-0.0956387127445,0.0207398844126,0.0347501166274,1.0000000000000,0.0873275770111,-0.2174447828155,0.0746996958050,0.3573341548599,0.7413389213955,0.5009141190408,0.7377788107648,0.3664144384910,0.0100697993397,0.1533892940024,0.0737220023209,0.5954423591680,0.1548577046975,0.4864034988358,-0.1977341005051,0.0587348258072,0.3213855102154,0.2946445071448,0.1904051620380,0.2949063086458,-0.1044188895449,0.2338014391655,0.2215422540538,0.1401610233968,0.1347941935561,-0.1002138843549,-0.1370168332438,-0.0103068924062,-0.1263644256164,-0.1710023970299,0.1946919622387,-0.1792275980920,-0.1829544074872,0.0316117543777,0.9162896865331,-0.0066891707044,-0.3545492089755,-0.1125480348993,0.2216759028733,0.3974488861996,0.5350491086426,0.6447420725210,0.5202025867108,-0.1397287827891,-0.1877984167677,0.0250991859204,0.3906715837415,0.1262752326429,0.3923445398384,-0.0806460144519,0.0720978658761,0.1245921228876,0.2238209018466
0.4969652245083,0.2215595443211,0.1452474553598,0.4242978342962,0.0354195105201,-0.1209527343312,0.0646672440398,0.1534932928079,-0.0717835661334,0.0521331169768,-0.0562140448560,0.0948967537695,0.3561174309289,-0.1228899808226,0.2991264464194,0.1836896429637,0.0873275770111,1.0000000000000,0.1915204546934,0.7158513270845,0.2325156768554,0.1651630543210,0.2352062303241,0.2587454364407,0.0603204301783,0.0863492058989,0.2472263105947,0.0704873328732,0.1632898844917,0.3048402871883,0.3527150900054,0.2849894451207,-0.0590319607937,0.4413933171257,0.4537262265259,0.3937775235749,0.2050910476428,-0.2185830961333,0.1519853024025,0.0538795359031,-0.0290542934731,-0.0052522345396,-0.0551560874827,-0.3305101097270,-0.0151912601322,-0.0661939915517,-0.1167442077302,0.3394618859563,-0.2643972917517,-0.1151544554285,0.0472322121071,0.0750292918913,0.5513074845390,-0.1176202558473,0.4715694679181,0.2082912532171,-0.0201181739358,0.1438589620049,0.1776541597168,0.0449408208416,0.0808906905621,0.0447676876487,-0.1239831866457,-0.0165710393402,0.2147962259836,0.2380373885682,0.1046834034296,-0.2035646742577,0.3109994039073,0.3791129370275
0.0554257824991,0.0109848126193,0.0034308860571,-0.1758025324055,-0.0197513971630,0.0934763913008,0.3466470277879,-0.1940094047433,0.3120885981523,-0.1930511483790,0.2793208766877,0.6949569322975,0.1574608940741,0.4403580213083,0.3897501286882,0.3124412156570,-0.2174447828155,0.1915204546934,1.0000000000000,0.5417802941511,0.0168007993869,-0.1277046547522,-0.3470948528163,-0.0528946139422,-0.4177967079835,0.3233888098050,0.2432096262456,0.3279074909154,-0.2365096225350,-0.0049725724392,-0.2594153771820,0.3673517912131,0.0689180661828,-0.0367032591271,0.0617850304724,0.1373994513869,-0.2165623805378,-0.1489961252431,-0.0351412767882,-0.0872984910916,0.1337727012651,0.2443829906791,-0.2569839776652,0.2075129892254,-0.2206188341621,0.2400200792706,0.5565342310010,0.2000676785260,0.3756528867752,0.3105750342019,0.2927097762342,-0.2675288970625,0.1120378317403,0.6456475861318,0.1222515939780,0.1532306269978,-0.0926357867673,-0.4207548760934,-0.2116041427466,-0.4725113444514,0.1559564424029,0.0563624750459,0.0724480755213,-0.3333351925103,0.0497188569862,-0.2669843103590,0.1312065647442,-0.0130947155852,0.0589653625988,0.1266564926234
0.3972587529826,0.1380826411603,0.1022564589228,0.1946673325662,0.0014421098634,-0.0521592192786,0.2362066869688,0.0419304642034,0.1153432902452,-0.1400484454401,0.0839626659231,0.4229782016029,0.4014492025402,0.1720403722025,0.4138747768786,0.2829153260755,0.0746996958050,0.7158513270845,0.5417802941511,1.0000000000000,0.2266029112268,0.1339939314899,0.0315403677116,0.2707295999967,-0.1662358191640,0.3219872046813,0.4436882876572,0.1498181477956,0.1004250571423,0.2597067071724,0.2685896916848,0.2866053434110,-0.0120143682894,0.2869982414066,0.4278585739844,0.4411231748815,0.1242367997564,-0.2048865619951,0.1721370148672,-0.0756479231035,0.0464799936971,0.1975562883553,-0.1546947796183,-0.1594009180228,-0.2043093353861,0.0546282505757,0.2445923125171,0.3352436239526,-0.0208982481671,0.0737667505172,0.2029011048213,0.0689570797702,0.4537606442596,0.1802501691510,0.4667599080629,0.2257892868187,0.0089098327901,-0.0482718085901,0.0964608029312,-0.1576848615200,0.1619659286815,0.0804446617047,-0.0231963016187,-0.0843861892484,0.2473863752737,0.1383277005867,0.2169865669878,-0.1674062747787,0.1798755479536,0.3852791415928
0.4829987232219,0.0579644672747,0.1049363075225,0.3223715163051,0.8012160522982,-0.0547789102860,0.3725046634682,0.2991698932325,0.0498670506872,0.2665788689494,0.3548937313510,0.0662697994032,0.8152556612868,0.2175152283647,0.3310438849053,0.3927439771534,0.3573341548599,0.2325156768554,0.0168007993869,0.2266029112268,1.0000000000000,0.4779040933042,0.1927682464531,0.3924057345094,0.3225876569101,0.2376859525971,0.0726652388634,0.0264971666548,0.5405674755670,0.2098822499259,0.2412514850816,0.1959139949257,-0.0381965017762,0.4575376515428,0.2584424230910,0.4147292982593,0.0649519870840,-0.1849681640607,0.2659439533741,0.7439207159233,0.0309780699285,0.2724285661265,0.1506346850962,-0.1576783397996,0.2258837603144,0.3655322769967,0.0389917609773,0.6116623577161,0.1235954097158,0.0289084392371,0.2284940474633,0.3307400972894,0.0508821232473,-0.1876940091585,-0.0246789789646,0.8543132259749,0.3900124070697,0.1581236722353,0.3093835427693,0.3170337809916,0.0818758797112,-0.2165350110198,-0.0568876922237,0.3298338202660,0.2229237585169,0.1368325766736,0.2534237506139,-0.0952059718362,0.2788289791911,0.1916023474610
0.3270700808987,0.3068164288373,0.0894187482660,0.2431858613350,0.3829521906721,0.0560695151052,0.1200669645152,0.1805793730518,-0.0601196921827,0.0207892293045,0.0386218375148,-0.1757765767221,0.4097831233247,-0.0668792701283,0.0760047018225,0.0923682185055,0.7413389213955,0.1651630543210,-0.1277046547522,0.1339939314899,0.4779040933042,1.0000000000000,0.4462974532778,0.8157419421740,0.2726898148179,-0.0115398107436,0.0926257361664,0.1103372433013,0.5336381425948,0.2771900007780,0.4891692182084,-0.0695408899561,0.1270235791904,0.5471166824864,0.3877683993173,0.2376805831831,0.3300452401893,-0.1812315707535,0.2258752062982,0.3857871400129,0.0353088526784,0.0622228599088,-0.1402663516822,-0.2383196886595,-0.0234457735445,-0.0086012973630,-0.2062115333110,0.3098560614809,-0.1886208494951,-0.0955296617317,0.0092574999313,0.6986955710958,0.1061696313219,-0.3420289802682,-0.0657631934213,0.3835647143097,0.6710874658482,0.4470377348309,0.7346426728062,0.3704420912694,-0.0833308904779,-0.2443884195718,0.0496924293002,0.4517464683539,0.3005777907207,0.4959574605893,0.0156729340814,0.1960289322033,0.4202440333800,0.3312204525967
0.2337041331270,0.6177188606379,0.1883653585371,0.6707072763402,0.0311410315571,-0.0851529896857,-0.1893233346380,0.2706937971512,-0.3003840055287,0.2592884332195,-0.2859604547103,-0.2328382161911,0.1206204702157,-0.1878135458198,-0.0950830866461,-0.1528874707534,0.5009141190408,0.2352062303241,-0.3470948528163,0.0315403677116,0.1927682464531,0.4462974532778,1.0000000000000,0.3792313157083,0.5056610873122,0.0812163721089,0.1785060736275,0.0936997646324,0.3702187501433,0.3260263833127,0.4955699593885,-0.1546056220941,0.0251760516896,0.3698966754968,0.3628825194753,0.1467812192940,0.6621711408923,-0.0329001502637,0.5614257497005,0.1778580023837,-0.0161841982710,-0.1746576873163,0.1130427233631,-0.3899429408817,0.2266253403020,-0.2921146466074,-0.2616801889052,0.0630234058180,-0.2527566443609,-0.2383271200703,-0.1691130323093,0.4942852621453,0.2488933619554,-0.3524045939852,0.0683411523460,0.1140913393332,0.2239270755959,0.8708996973738,0.4007685242895,0.5271735545363,0.0931483689307,-0.0198591420710,0.1172265923123,0.3548386497132,0.2753395639759,0.4818209766798,0.1398686953332,0.2339990824669,0.3218683804808,0.3467179170029
0.3017371928470,0.3202011793399,0.1876970941208,0.2317270743001,0.2462330178754,0.0641571449831,0.1524769954445,0.0486104616674,0.0454607999172,-0.0947684055144,0.0756790637767,-0.0644100543487,0.3394691506115,-0.0831149949455,0.0288032110467,0.0896505502757,0.7377788107648,0.2587454364407,-0.0528946139422,0.2707295999967,0.3924057345094,0.8157419421740,0.3792313157083,1.0000000000000,0.1361969941679,0.0443328443268,0.2825559260729,0.1160186504944,0.3946526804027,0.2369841478614,0.6091358553048,-0.0652941850262,0.0543099551997,0.4808315835580,0.4357897309894,0.3281340044576,0.3726777631348,-0.0826555071636,0.2098164226104,0.1820370795655,0.0544140868327,0.1594738671018,-0.2221095208620,-0.1707435931112,-0.1286446502871,-0.0237293623673,-0.1356590427844,0.2349435242083,-0.2375690156981,-0.1622135270761,0.0791032229176,0.6851767018830,0.1872859006914,-0.3308197528829,-0.0023649625862,0.3072789304615,0.4269085229950,0.4009821816367,0.7437998874983,0.2534595021794,-0.0876260128760,-0.1591667332023,0.0035874244926,0.2353989031303,0.2380558636865,0.5232980875503,0.0001764652614,0.0035100579483,0.2699970554496,0.3613078264551
0.2228205288915,0.1550059376086,0.4243268964993,0.5336897107603,0.4723424090132,-0.1337890315205,-0.0727252334548,0.7590199247480,-0.2210590219704,0.7058549098238,-0.1023801918525,-0.2896930756669,0.2143215443508,0.1281895501326,0.0429709585600,0.0315506025104,0.3664144384910,0.0603204301783,-0.4177967079835,-0.1662358191640,0.3225876569101,0.2726898148179,0.5056610873122,0.1361969941679,1.0000000000000,0.2043630461406,0.1487303335070,0.1447869212526,0.5484496040010,-0.0077901991093,0.3538711234134,-0.0583979934357,-0.1339277035647,0.2061976193877,0.0501898797045,-0.0535466206563,0.1202422821569,0.1242812881558,0.3784404340215,0.4838322979693,-0.1062139882870,-0.0703430385168,0.5922468126066,-0.2429139667953,0.6599925439190,-0.0924648194085,-0.2817027809841,0.1473723643057,0.0480097316961,-0.2013679142622,-0.0205684389165,0.3480587323420,-0.1479109109568,-0.3878184949828,-0.2311004098575,0.1926603013821,0.0280914393292,0.4022142527994,0.0598228806216,0.8887067455965,0.1742998290529,-0.0722088168287,0.1328282245154,0.4395722886279,-0.1343943586656,0.0407207399956,0.2525070316671,0.0527042736922,0.0002617942855,-0.1018371954667
0.2370105393096,0.3324053947676,0.2881591992713,0.3099586010735,0.2261644257984,-0.0851571044370,0.2904516127812,0.2729930915252,0.0253769854635,0.2972712370689,0.0888868264481,0.4589171884065,0.2714928928967,0.6156227437949,0.1870587263261,0.2726201138391,0.0100697993397,0.0863492058989,0.3233888098050,0.3219872046813,0.2376859525971,-0.0115398107436,0.0812163721089,0.0443328443268,0.2043630461406,1.0000000000000,0.4505097232597,0.4414664731131,0.0872997345251,-0.0184542340707,0.0857245972917,0.2497744332509,-0.0647549147037,0.0663615706347,0.1573585626557,0.1512045322929,0.1264404938606,-0.0627473657138,0.3695744877441,0.1344168048091,0.0029227339343,0.2509333114507,0.1125929163935,0.0453946028883,0.1990504370760,0.1010699803286,0.3417083132881,0.1256293286748,0.3891306427431,0.0463318966900,0.2860177382479,0.0271682686843,-0.0365345961110,0.1571404114110,-0.0358510483824,0.2037284857273,-0.0502842173586,-0.1050412410551,-0.1168791176752,0.0467655101085,0.6173527419285,0.0238949004671,0.2259237392563,-0.0871046008276,-0.0610652840226,-0.2073330311378,0.3614233122699,-0.0523681872140,-0.0739388872007,0.1160620679479
0.1274497439368,0.3569895907743,0.4336290417209,0.2807599316967,0.0290485085792,0.1319568486128,0.1605064574865,0.1957078009181,0.2592393024723,-0.0375368738711,0.1185933993095,0.3133998053652,0.1570564592944,0.1606427480879,0.0971775177040,0.1172768835653,0.1533892940024,0.2472263105947,0.2432096262456,0.4436882876572,0.0726652388634,0.0926257361664,0.1785060736275,0.2825559260729,0.1487303335070,0.4505097232597,1.0000000000000,0.2461481589307,0.1679756840521,0.0728457198352,0.4985843031831,0.1337270371527,-0.0736281124762,0.0706792942211,0.2924932464931,0.1737678884591,0.3073677746259,0.1672902871747,0.2930688999401,-0.0604280566085,0.1422464442071,0.1674634489642,-0.0205454348133,0.1564664129737,-0.0191627563182,-0.0239942194818,0.2312971873874,0.1193689954449,0.0514242282653,-0.0986808992984,0.1184807529451,0.1092908018354,0.1655392163893,0.0442566901911,0.0534606326889,0.0322692375867,-0.2500547908347,0.0936190521225,-0.0195115673277,0.1194785314821,0.1790147382151,0.4244889937162,0.1601588754811,-0.0542934133867,-0.0940593028475,0.0640823850944,0.1205497470064,-0.1654863553388,-0.0724216319781,0.1983054810829
0.0379044746278,0.2823442559876,0.6075291003888,0.1107003498178,0.1460411152690,-0.1692116143823,-0.1292038751793,0.3009571889486,-0.1788805385436,0.2496249608051,-0.1568730262697,0.1410456248326,0.0484094974892,0.2855095858961,-0.0530089439166,-0.0194105802052,0.0737220023209,0.0704873328732,0.3279074909154,0.1498181477956,0.0264971666548,0.1103372433013,0.0936997646324,0.1160186504944,0.1447869212526,0.4414664731131,0.2461481589307,1.0000000000000,0.0562556338627,-0.3032903144365,0.0261956053294,0.1050216795907,-0.1372397731974,-0.0370394983983,-0.1445056348412,-0.2909755177882,-0.0261161908445,0.1941794802169,0.1409172425473,0.0374663505248,-0.2058387230842,-0.0989211466001,0.0316766391862,-0.0941974685174,0.0574793273446,-0.1370525409919,0.0378885978970,-0.0906859481562,0.1389548862810,-0.1096291505986,-0.0494445241711,0.0384414220506,-0.1826885461816,0.1570657788835,-0.2348841759977,-0.0033337024580,0.0468818264580,-0.1049646931906,-0.0984256547351,0.0022663526815,0.1495899867995,-0.0545782883608,0.6668972297002,0.0314115809998,-0.2654540403992,-0.3438772836448,0.1956565325537,0.0711664664431,-0.0379120872170,-0.2111569585207
0.4329684445365,0.0686962056288,0.1452071750228,0.2969941213002,0.5767680326065,-0.1242557181087,0.0963959451697,0.5216679384017,-0.0031945518178,0.1323057383843,0.0865224925807,-0.2250860375381,0.4337151933667,-0.0195463487985,0.2161532734107,0.1222345679312,0.5954423591680,0.1632898844917,-0.2365096225350,0.1004250571423,0.5405674755670,0.5336381425948,0.3702187501433,0.3946526804027,0.5484496040010,0.0872997345251,0.1679756840521,0.0562556338627,1.0000000000000,0.1599800242290,0.4742232600441,-0.1185949152799,0.0343295108939,0.2355324422905,0.1282599924735,0.2231729992366,0.1215113367237,-0.1844190843021,0.1613360130362,0.4548487302146,-0.0687732295006,-0.0442781228466,0.2103230073181,-0.1646800366480,0.0488055860989,-0.0191809693970,-0.1616869672216,0.2223906774461,-0.0996839684487,-0.1808904931130,0.0481701235070,0.5580213665357,0.0075429390216,-0.3930477228693,-0.1083547070891,0.3845442715267,0.3551883654256,0.3615293961767,0.3781796374501,0.5573835707531,-0.0133410170500,-0.2518951281910,0.0939592444015,0.7570374011388,0.0111443296072,0.2313807302793,0.0962235600187,0.0713461870935,0.0090012528888,0.0192324840054
0.5513473431208,0.2160007825973,-0.1463845080415,0.3785895196025,-0.0403974142958,0.0842583867601,0.2792273304866,-0.0400242811190,0.1744701149087,-0.0439830693893,0.1321495973309,0.1505413282845,0.3195947944796,0.0012169190762,0.5414489243060,0.3140031703993,0.1548577046975,0.3048402871883,-0.0049725724392,0.2597067071724,0.2098822499259,0.2771900007780,0.3260263833127,0.2369841478614,-0.0077901991093,-0.0184542340707,0.0728457198352,-0.3032903144365,0.1599800242290,1.0000000000000,0.2877323746716,0.2194922986140,0.3785108228596,0.5800473707145,0.5729035771321,0.5252219025180,0.3641149991809,-0.2242345063338,0.2889868938834,0.0841699517940,0.1735679762289,0.0610347032619,-0.0919381247564,-0.1111767927119,0.0119140725759,0.0774437532364,0.1097107695690,0.3155974824424,-0.0979846271985,0.3274830916230,0.2530681583950,0.1358581337597,0.3929733889293,-0.0500078962100,0.3608197847806,0.1963400052387,0.1065135373689,0.3665526272780,0.2378593589362,0.0451826368663,0.0486755327920,-0.0248878639253,-0.1942627620620,0.0665702052415,0.7709512462844,0.4312763128579,0.0690251072895,0.2210748003321,0.5303885999376,0.6291072280808
0.3037858749361,0.2439085314296,0.4283568955086,0.4052453148382,0.0913382233114,-0.0014957611753,0.0381765419531,0.3909659723898,0.0801038121473,0.0352427588621,-0.0602920020073,-0.1618671828689,0.2302693942286,-0.2232787240217,0.0828931725309,-0.0472757574793,0.4864034988358,0.3527150900054,-0.2594153771820,0.2685896916848,0.2412514850816,0.4891692182084,0.4955699593885,0.6091358553048,0.3538711234134,0.0857245972917,0.4985843031831,0.0261956053294,0.4742232600441,0.2877323746716,1.0000000000000,-0.1626132287857,-0.0210224438456,0.2698601204115,0.3409820589566,0.2136518522886,0.3901549951027,0.1184636609413,0.2431346688594,0.0381203563282,-0.0455928470190,0.0107737516554,0.0412249917987,-0.1694323562203,-0.0030741487985,-0.1685963924716,-0.1997500128563,0.1189845750591,-0.3610630384395,-0.3114506331430,-0.0579278010855,0.4803401269728,0.1648791312106,-0.4613707199277,0.0282993840755,0.1191494200717,0.0795594482888,0.4538929698456,0.4201647613785,0.3947144546041,-0.0358811752951,0.0433955311308,0.0071133756537,0.3562791295029,0.0930456948371,0.5344949387713,0.0060295577959,-0.0507389124242,0.0134312236187,0.2350694904771
0.3425609301524,0.1004489418673,0.0431721244742,0.3027232345194,0.0844339319627,-0.1600487730117,0.3480200656761,-0.0409593239658,0.1165303255593,0.1501987061388,0.1464074070420,0.5513507493888,0.3130244921853,0.5140006289114,0.3375602155081,0.4953693969709,-0.1977341005051,0.2849894451207,0.3673517912131,0.2866053434110,0.1959139949257,-0.0695408899561,-0.1546056220941,-0.0652941850262,-0.0583979934357,0.2497744332509,0.1337270371527,0.1050216795907,-0.1185949152799,0.2194922986140,-0.1626132287857,1.0000000000000,0.0250272954558,0.2535172460760,0.1809725617994,0.2615217676740,-0.0326317532384,-0.2270754498331,0.1597581775858,0.1061001890814,0.0212606774901,0.1727683408698,-0.0266278338982,-0.0818057068918,0.1608214177772,0.1139346147126,0.4136400786926,0.3635411098548,0.3948121606178,0.1779920801795,0.3975964505952,-0.2958130170834,0.1934813275213,0.3415170083507,0.1137715173557,0.2243581965164,-0.1085655873985,-0.1978671673217,-0.1408129421397,-0.1665560825839,0.1560349066478,-0.0412646512565,0.0225089960592,-0.2751438581568,0.1772146267885,-0.1934351734473,0.4299174175754,-0.1598293395078,0.2887153948691,0.1981562502791
0.1230382652181,0.0720622534388,-0.1902480791056,-0.0140006427524,-0.0546299248184,0.3322845090323,0.3013384255846,-0.1521954403952,0.2405978839257,-0.1023190540444,0.1356874670342,0.0722767227630,0.0168734307420,0.0157903185819,0.2396498939375,0.2205693265565,0.0587348258072,-0.0590319607937,0.0689180661828,-0.0120143682894,-0.0381965017762,0.1270235791904,0.0251760516896,0.0543099551997,-0.1339277035647,-0.0647549147037,-0.0736281124762,-0.1372397731974,0.0343295108939,0.3785108228596,-0.0210224438456,0.0250272954558,1.0000000000000,0.0318149522556,0.1352432300316,0.1038137842468,0.0708392529119,-0.1735184846755,-0.0358734539844,0.0421274342151,0.3361865724831,0.0937815359319,-0.1825542168427,0.2232993536349,-0.0123369936837,-0.0033627730981,0.0349495073464,0.0611078078537,-0.0075610732298,0.2330211218473,0.3024142252078,0.0413981842679,0.0921478649144,-0.0163623288958,0.0251498705834,-0.0022028726959,0.1118104042945,0.0460801069285,0.1082712303968,-0.1235865467827,0.0174314008985,-0.0945236779002,-0.1256531492488,0.0030659960920,0.2315693295033,0.1134041224764,0.0387983435457,0.3775708067371,0.0715258024416,0.2086730401996
0.5028505582740,0.2794786344641,0.0069034533258,0.4543568474119,0.2702397666922,-0.0673690040797,0.1222733619469,0.1391945220168,-0.1651219994489,0.2145290831522,0.0213736772585,0.0051711547785,0.4677809481751,0.0403024708991,0.2679195131741,0.2793695592778,0.3213855102154,0.4413933171257,-0.0367032591271,0.2869982414066,0.4575376515428,0.5471166824864,0.3698966754968,0.4808315835580,0.2061976193877,0.0663615706347,0.0706792942211,-0.0370394983983,0.2355324422905,0.5800473707145,0.2698601204115,0.2535172460760,0.0318149522556,1.0000000000000,0.6600358522673,0.4528297174317,0.3405457240079,-0.2283122201511,0.3860095316983,0.4132560050549,0.0739736437503,0.0692897681861,-0.0064863324963,-0.3703110989375,0.1530543501846,0.1350197802257,-0.0959628776293,0.4101004531254,-0.0747344903692,0.0091716079575,0.1614555241444,0.2802527507169,0.3868974640591,-0.1776813860567,0.2803290752399,0.4495701130870,0.3447856125466,0.3780755259706,0.3982235067000,0.2359317807882,0.0329839411599,-0.0829144153908,-0.0851317695932,0.1191338468748,0.5347049969929,0.3825905319311,0.1547207049507,0.0801355710192,0.7454055526481,0.5816564896604
0.3862445079423,0.4349246175636,-0.0919119063879,0.4224258763732,-0.0193271133369,0.1599665112325,0.1146188017307,-0.0521055141670,-0.0577024629087,-0.0032996947896,0.0299066240280,0.1382942988489,0.2625432382505,-0.0246521243780,0.2265916100127,0.2482358778955,0.2946445071448,0.4537262265259,0.0617850304724,0.4278585739844,0.2584424230910,0.3877683993173,0.3628825194753,0.4357897309894,0.0501898797045,0.1573585626557,0.2924932464931,-0.1445056348412,0.1282599924735,0.5729035771321,0.3409820589566,0.1809725617994,0.1352432300316,0.6600358522673,1.0000000000000,0.4093685837140,0.5197826317434,-0.2296036879904,0.4815746349270,0.1297705988957,0.2288559368985,0.0590040127993,-0.1435554816116,-0.2084691013296,0.0003010301550,-0.0083877742265,0.0566640001468,0.2070398220196,-0.0713657698247,-0.0459149986425,0.1867777969001,0.2948176755283,0.5238969120564,-0.0846224105450,0.4236784834924,0.1806223584560,0.2397895840095,0.4107938965903,0.4444224219573,0.1209877219126,0.1887040516883,0.0780532845423,-0.1106526037830,-0.0439446923750,0.4007963861599,0.4534741649600,0.0243445450333,0.0869536544519,0.5397140361832,0.8612144726935
