1.0000000000000,0.5673142791863,0.5475882415772,0.8140452436233,0.3429689838623,-0.0108307383100,0.3786123006079,-0.1501067519495,0.4939011246126,0.4126193827248,0.2070705249468,0.2091953918538,0.5160861309333,-0.1460464225597,0.5267322627531,0.3244899253103,0.3617973108831,0.8110098357040,0.4147813814650,0.7032989907853,0.5934217995582,0.3389878852567,0.4669667565977,0.6476429247334,0.2216025104748,-0.0116295290052,0.5449324534773,0.1184873532676,-0.2203388135734,0.5984254622092,0.6323908689019,-0.2942216817530,0.1236157006289,0.4823770580401,0.7587876830215,-0.4366581846029,0.4538369670567,0.0548227628002,0.6208378513965,-0.0394959460231,0.0039821424748,-0.0788968982217,-0.6744101956148,-0.2472019037364,0.0495955639494,-0.0485263028816,-0.3951379050934,0.1236897965845,-0.1985715292390,-0.4545564842084,-0.1980447869158,0.2996319967737,0.4341460092701,-0.4730003826219,-0.1771988864797,0.1125490229713,-0.3836194443798,0.5976263186784,-0.0897198772593,-0.0382773823130,-0.3677629511632,-0.4351450322385,-0.0468999121141,-0.5059775838505,0.0324143719135,-0.3291237159030,-0.2053727239988,-0.4383362892957,-0.1837961261247,0.2327421912416
0.5673142791863,1.0000000000000,0.7388452285393,0.6264786724424,0.3625050018210,-0.0902034979996,0.1339311911799,0.2136329236884,0.1752467357573,0.3081040006733,0.2997349848751,-0.1028098487850,0.2747192613191,-0.1853793388003,0.2601503798912,0.0522998632185,0.5223896300588,0.6930487719195,0.2524372028499,0.5227300791917,0.4172089797053,0.6095958624017,0.6895202184617,0.7758528208779,0.4495869563109,0.0999919284034,0.5611299172218,0.4212951145710,0.1147740708706,0.4764425163658,0.6652367764822,-0.1641576416273,-0.0016564756963,0.4431638674794,0.5208390777971,-0.2852987008317,0.8499740865281,0.4005359462912,0.4671734915758,0.1535283669221,-0.2032928842033,-0.2012253853305,-0.4440989993615,-0.3155003845304,0.0884049084419,-0.0001493471430,-0.4193885691964,0.1014447947450,-0.2840468562666,-0.3163023469514,-0.2605266756641,0.6279212668957,0.4362095327492,-0.3078069858749,0.0314869607701,0.1671656128105,0.0354763833805,0.7440191207278,0.3978589025123,0.2400424433520,-0.0785171325951,-0.0893313298796,0.3519062415810,-0.1720036761513,0.1101517452586,-0.2168551460392,-0.0341050374444,-0.3433647113421,0.0283278140169,0.2222645604920
0.5475882415772,0.7388452285393,1.0000000000000,0.4188881857754,0.1877790126849,-0.1799298412460,0.0021538958347,0.3436809081880,0.1580104580759,0.1692631218374,0.3290711539808,0.0695507154995,0.1761358342557,-0.0737755712940,0.2686616787603,-0.0596361698985,0.4627405237527,0.6961822052113,0.3386263876886,0.4927001415615,0.3657759263071,0.6563663417749,0.5232652980352,0.8349040522241,0.3867775758293,0.1289002688825,0.6601998958397,0.6884478598760,0.2135731731881,0.3485342161084,0.6801593023321,-0.1354614501600,-0.1208280233976,0.3479583299826,0.4189089596287,-0.4376293391800,0.7300937614277,0.5936575600396,0.3114462101063,-0.0523654780438,-0.3610696988246,-0.3385619117325,-0.3830374638077,-0.3637172887687,-0.1100024252056,-0.1086876237945,-0.2774149732450,-0.0991686766941,-0.1432560009793,-0.4040311259003,-0.4247373295663,0.5313806111495,0.3491650914313,-0.1648452413670,0.0334534857793,-0.0177696646657,0.1499754829822,0.5083236002297,0.4489518276832,0.1036276641444,0.0096729762294,0.0671986227017,0.5513371746674,-0.1313224083431,-0.1097226023899,-0.2664632132062,-0.1442750024838,-0.3216875346364,-0.1775830278644,0.0088813589396
0.8140452436233,0.6264786724424,0.4188881857754,1.0000000000000,0.3937483731644,0.0342772021188,0.4491764915325,-0.2422356984668,0.4211950409606,0.5260140105176,0.0648185302854,0.0286483518720,0.5487130694272,-0.2280112791685,0.3836950503239,0.4391443765225,0.3704441857344,0.6644066066643,0.2228608386947,0.5353329936256,0.5187165672098,0.1936768795074,0.5105863724333,0.5078162332084,0.2792387669928,0.0440417036121,0.4179230209806,-0.0629217205366,-0.3203297721551,0.5276708918676,0.4585937040296,-0.3816172639538,0.2241507069453,0.4201494869496,0.7101367008631,-0.3029896188532,0.4737905477181,-0.0178466441616,0.8443514600796,0.1367349851151,0.1341549787503,0.0940277906568,-0.6131588418824,-0.1279585796279,0.2291782431498,0.0588644090578,-0.3424598264909,0.3191171033488,-0.2985317309673,-0.3212537436477,0.0033512700423,0.3757204471965,0.4744211559628,-0.4892188873309,-0.2090541167123,0.2982844520370,-0.5415271203154,0.7115116813986,-0.1952990661862,0.1373844229224,-0.3127344639847,-0.3924597064856,-0.1930636618745,-0.5131649346573,0.2257213866570,-0.3503499939663,-0.1875792328476,-0.3951452953410,-0.0710136264517,0.3819722018521
0.3429689838623,0.3625050018210,0.1877790126849,0.3937483731644,1.0000000000000,0.0280228349652,0.1621652933060,0.0775278947232,0.0033298590539,0.7182684293661,0.0787378092426,-0.0396966927774,0.5671108785324,-0.1847454486161,0.1516352516092,0.1485538262967,0.1040457025618,0.4723309181797,0.2244934548663,0.3118961592116,0.7228218619492,0.1773145094723,0.5324686243767,0.3197587993783,0.5469966903820,-0.0980720295734,0.2600946949601,-0.1059125648990,0.0997089015928,0.3500405345482,0.3545912464394,-0.2764928342659,0.1738568956226,0.4039507218616,0.4729378329786,0.1690740100569,0.2649860748409,-0.0017442725575,0.3200981027555,0.7403275766447,0.0421235159928,0.1388567559602,-0.0496982939596,-0.0311363178973,0.5903017242893,0.1311905656903,-0.2107186641817,0.5917567524273,-0.3286524155791,0.0416994967418,0.1884554207433,0.2246524100133,0.3859104354655,0.0310502459832,0.1024974500414,0.7247559886337,-0.1488887583495,0.5000688530945,0.0442764653454,0.4958730264453,-0.2872785122077,-0.2719368565965,-0.1239365050845,-0.0200733005705,0.3274748452617,0.0388684723287,-0.1802432429221,-0.0825593089633,0.3721408178303,0.3665104772658
-0.0108307383100,-0.0902034979996,-0.1799298412460,0.0342772021188,0.0280228349652,1.0000000000000,0.6389508006537,0.0138689820918,0.6014083983869,0.0535114573267,0.3405157057790,0.1940895861032,0.1516625058667,0.2482646321144,0.6420861054943,0.6984595619282,-0.2154078225380,0.0295537805449,0.0719627774909,0.0784936622587,-0.1470123830281,-0.0603660039446,-0.0589315755438,-0.0840857439054,-0.0748159957404,0.0905403757050,0.0025183185675,-0.1792692076953,-0.0508455309764,0.5254877482608,0.0242023158724,0.0283065161815,0.7135129572937,0.4030018758563,0.3177656103377,-0.1043222514280,-0.1917586677323,-0.2736366463841,-0.1105368724483,-0.0596287688321,0.7272775177500,0.5235916591134,-0.1868502770963,0.4849789933579,0.0672984530483,0.1856390076449,-0.1741441005294,0.1686977870143,-0.0066984239273,0.1515394344774,0.4600036783758,-0.1155219592462,-0.2514171391388,-0.1806588616050,-0.3407349392668,-0.0065178843204,-0.2181888099227,-0.0955248205854,-0.2671707582252,-0.1169397385101,-0.2449159209252,-0.3345506772362,-0.1522087055447,-0.0673760458583,0.0356220529697,-0.2529384202421,0.2250256844099,0.3341328006577,0.1514952769171,0.0450802388021
0.3786123006079,0.1339311911799,0.0021538958347,0.4491764915325,0.1621652933060,0.6389508006537,1.0000000000000,-0.2576230149260,0.7502879402260,0.3060746981860,0.3666256777292,0.1076202861121,0.6496626156409,-0.0104454062613,0.6329710342243,0.7913931401536,-0.2180162348437,0.3107175686878,0.1623479714740,0.2441183333358,0.2500605245110,-0.1270724544756,0.0993966086629,0.0342706649360,-0.1040434389216,-0.0178006676724,0.1617200855353,-0.2494817090208,-0.3607109564777,0.5735380068271,0.1044833670090,-0.2916398120400,0.5322549357567,0.4128277044063,0.4188505727596,-0.3420926661494,0.0702429241983,-0.1464047558999,0.3403850887112,0.0241532779713,0.5948021370121,0.5770295423898,-0.5791761050161,0.3782811421431,0.1764763397189,0.3631295186826,-0.2453853046803,0.4986083625957,-0.1773723397420,0.0078503600178,0.3960441199199,-0.1381999452482,0.1000686941926,-0.2584014443467,-0.3209432043065,0.2403323802604,-0.5374298320942,0.2210298536039,-0.3333972617600,-0.1828483464268,-0.3556598980624,-0.3581034935477,-0.3072747661986,-0.4146439201137,0.1947309567262,-0.4341283228264,-0.0609518489745,-0.0100761694282,0.0468243605821,0.2608614850487
-0.1501067519495,0.2136329236884,0.3436809081880,-0.2422356984668,0.0775278947232,0.0138689820918,-0.2576230149260,1.0000000000000,-0.1390525995779,-0.1081448144632,0.5389151912153,0.1024792272933,-0.1903349903768,0.5718637442932,0.2607907699897,-0.2042205481177,0.1786396274038,0.0861498290495,0.2250300655225,0.2859635094522,-0.0028398828964,0.5300173039285,0.0969902676994,0.2863880091625,0.6108460843532,0.6006645292786,0.5167307437413,0.6196375300360,0.9168460447947,0.2247921029162,0.5104422844414,0.4011017733648,-0.1130891869664,0.2179743286250,-0.0857130819501,-0.1151150781032,0.1436132695669,0.2123810639081,-0.4020074499872,-0.0407528796707,-0.5175760929063,-0.4514583407089,0.2612666625682,-0.4490687423250,-0.1505641808096,-0.3012838023114,-0.0725289253029,-0.2758999095612,0.2303385534195,-0.2853237392739,-0.4384364986794,0.3374444227654,-0.3614052366207,0.0652140501156,0.0815357023984,-0.1837192664185,0.5068898417943,-0.1295753125692,0.3223483180326,0.2702406907308,0.4191972620357,0.4364113785116,0.7946989363084,0.5802876567521,-0.4367472462405,-0.1933218880971,0.4224155317980,0.0242773479366,-0.1609529676476,-0.4696903064651
0.4939011246126,0.1752467357573,0.1580104580759,0.4211950409606,0.0033298590539,0.6014083983869,0.7502879402260,-0.1390525995779,1.0000000000000,0.0152230366537,0.4378072618111,0.4216201599406,0.3317833784216,0.1206539616548,0.7280649234710,0.6143442039384,-0.1453510412272,0.3457616865112,0.2115416825571,0.3259383888464,0.1753420326389,-0.0022153571578,0.0136969141836,0.2189624734039,-0.1172347847192,0.0304664780931,0.2310498322505,0.0446986495057,-0.2300651185475,0.5634819374998,0.2140410903789,-0.0301495869498,0.3596923533989,0.3621978506383,0.4338716084189,-0.6162294483292,0.0942534333885,-0.0215961850004,0.2634886662977,-0.2186861783499,0.4341842375662,0.1950619343270,-0.5873261283273,0.1973547490733,-0.1863814654030,0.0932088514257,-0.1155159264767,0.0227082993165,0.1243463630124,-0.2663458348116,-0.0074289084147,-0.1154095145348,0.0120269167771,-0.3894419698159,-0.3730030485044,-0.0719741114250,-0.4097181980574,0.0734062836374,-0.2130766398473,-0.3251367377061,-0.2758671067975,-0.3139189721660,-0.0846166190486,-0.3459151581988,-0.0718681522422,-0.4666711729470,0.0687180430202,-0.0128364887933,-0.2578156271259,0.0440209833132
0.4126193827248,0.3081040006733,0.1692631218374,0.5260140105176,0.7182684293661,0.0535114573267,0.3060746981860,-0.1081448144632,0.0152230366537,1.0000000000000,-0.1410767652693,-0.0809808127787,0.6244753872711,-0.1732980014306,0.1513660797835,0.3402757496422,0.1137099882257,0.4650062002602,0.2951800902462,0.3262659343916,0.6261566854516,0.0846867590299,0.5540001641739,0.2242661284549,0.4942178905155,-0.0695624437043,0.2602557429124,-0.2310227954014,-0.1107539551175,0.3164944054917,0.2900742803679,-0.4782289152924,0.2748603100591,0.3875116503558,0.5300070518638,0.2290425358853,0.1720378796128,-0.0951605162722,0.4942395859878,0.6515490872947,0.2007440228918,0.3842882872333,-0.1571134448113,0.1184992098029,0.8459536845270,0.1066595622368,-0.2071120301228,0.7178279530959,-0.3896273581364,0.0893206707928,0.4183928273025,0.1946926126149,0.4238578304286,-0.0084925002457,0.0239886907158,0.7421925286793,-0.3339930985763,0.5836623514446,-0.1764296765353,0.5704185694088,-0.3305870569786,-0.3471751337679,-0.2839209231881,-0.1683711935482,0.3908449956545,0.0079645329417,-0.4183867430800,-0.0673227191679,0.3551462911387,0.4926993103687
0.2070705249468,0.2997349848751,0.3290711539808,0.0648185302854,0.0787378092426,0.3405157057790,0.3666256777292,0.5389151912153,0.4378072618111,-0.1410767652693,1.0000000000000,0.0824816565259,0.2437480345886,0.3032541315625,0.5269200870175,0.1342794558780,0.0978785465180,0.3923433126085,0.2082500492887,0.3756451274894,0.2127369354841,0.3958065380274,0.1039136563591,0.3634469152720,0.1579091184379,0.3029625931392,0.4504868203712,0.3543414796474,0.3351566948460,0.5190766431347,0.5374761042085,0.1463280426547,0.0515767121096,0.4143918797740,0.1728576787627,-0.4698968640576,0.2817608466994,0.1662878202518,-0.1320162303318,-0.2119399263027,-0.0914525275520,-0.1308522900491,-0.3425621857258,-0.0981545818042,-0.2912847514678,0.3067639887670,-0.2652387316007,-0.0708369896482,0.0670055083746,-0.2629613485969,-0.2966173615790,0.1330004951894,-0.0958650228809,-0.1704886424688,-0.0839298639727,-0.1805163259331,0.0948766740430,-0.0213487300017,0.1465108746808,-0.2457389886622,0.1346376577264,0.1120359099408,0.4293990362167,-0.0678152882481,-0.2677198296900,-0.4289476305519,0.2792553689776,-0.1823808449117,-0.1699577591819,-0.2530633863350
0.2091953918538,-0.1028098487850,0.0695507154995,0.0286483518720,-0.0396966927774,0.1940895861032,0.1076202861121,0.1024792272933,0.4216201599406,-0.0809808127787,0.0824816565259,1.0000000000000,-0.0263051230499,0.4920640502939,0.4246653172518,0.1803716307007,-0.2643371940893,0.0913449081240,0.5140437456025,0.3421463577296,-0.0007487678561,0.0056211841822,-0.0874471167090,0.0828011169122,0.0506744910497,0.1749892208483,0.2354002221245,0.2564128400309,0.1624600718034,0.3093000160490,0.1378606455845,0.3871656971894,0.1399064068063,0.1405983851292,0.1700719800560,-0.3855212368609,-0.2136347337262,-0.1373776992838,-0.1939213908210,-0.1549331267503,0.0067896939214,-0.2292496206806,-0.1458562964729,-0.2568028961977,-0.2402971518699,-0.4188948281688,0.2817807088411,-0.2391706621014,0.5904004311530,-0.3796681712354,-0.1430616499838,-0.2295600234219,-0.2913487174192,-0.1176902449617,-0.3263442265475,-0.1470312001447,-0.1350174089449,-0.2165166425907,-0.2161022742659,-0.1004051164393,-0.1112860494319,-0.1546329111130,0.1598393011922,0.1201645208578,-0.3629445030764,-0.3170967088253,0.1700509792242,0.1109644484723,-0.4583157159548,-0.3538598891722
0.5160861309333,0.2747192613191,0.1761358342557,0.5487130694272,0.5671108785324,0.1516625058667,0.6496626156409,-0.1903349903768,0.3317833784216,0.6244753872711,0.2437480345886,-0.0263051230499,1.0000000000000,-0.2515278536252,0.3128084015071,0.4634651836503,-0.1114403155848,0.5286635698055,0.2294072032681,0.3481245011909,0.7509642238124,-0.0578930709929,0.3222219623464,0.1580668871296,0.1780604112580,-0.1566942186866,0.3091902634171,-0.2708984356971,-0.2651224943647,0.4459307099479,0.2692043979230,-0.4007838679000,0.2694318323881,0.3951874032725,0.4745400014432,-0.1932890606695,0.2351471866125,-0.0626745826054,0.4981262995258,0.4114368235444,0.2288171695506,0.3708616455912,-0.4806860288293,0.1273957379378,0.4686491350959,0.3620362408814,-0.2677187028333,0.7959742478983,-0.3619411125293,0.0436609982609,0.2686498723518,-0.0658360662433,0.3800295273637,-0.0449168096278,-0.0539800975611,0.6508299286931,-0.5677073938238,0.4460208510517,-0.3020290194232,0.0715319513358,-0.3992932748848,-0.2884576581981,-0.2988137645712,-0.4296908190218,0.3683926867449,-0.2936313479998,-0.2477277928131,-0.2382910349849,0.1416065110162,0.4055314356220
-0.1460464225597,-0.1853793388003,-0.0737755712940,-0.2280112791685,-0.1847454486161,0.2482646321144,-0.0104454062613,0.5718637442932,0.1206539616548,-0.1732980014306,0.3032541315625,0.4920640502939,-0.2515278536252,1.0000000000000,0.4327391462475,0.1439120766985,-0.1356846643649,-0.1513977257180,0.3637662458085,0.2720851622421,-0.3169902566599,0.1577483210435,-0.3116487906727,-0.0599260184667,0.2565053048012,0.7081626498521,0.3671031458285,0.3826015131537,0.5562399905144,0.2191533828628,0.1239265556925,0.4766292853434,0.0740246190093,0.0799607290177,-0.1289486012170,-0.1575736253777,-0.3066569205968,-0.1222338726960,-0.4483644696059,-0.2518896002601,-0.1220967217601,-0.2013714177205,0.2024125264351,-0.2878583381417,-0.2389947094017,-0.4021626508666,0.1875001280093,-0.3307556939644,0.5535976792183,-0.3554359693657,-0.1554246200177,-0.0172111674612,-0.5854344803264,-0.0237321929897,-0.1845312719911,-0.3274335269184,0.2582838023139,-0.4262827197442,-0.0328670358270,0.0347367627938,0.2858118875097,0.2439210255197,0.4746695297754,0.4963559162430,-0.5574420230868,-0.2985136102557,0.4318659456633,0.2264576170009,-0.3317361348988,-0.5372028432188
0.5267322627531,0.2601503798912,0.2686616787603,0.3836950503239,0.1516352516092,0.6420861054943,0.6329710342243,0.2607907699897,0.7280649234710,0.1513660797835,0.5269200870175,0.4246653172518,0.3128084015071,0.4327391462475,1.0000000000000,0.6798371689545,0.0055252166251,0.4596405202194,0.4582001675618,0.5983042594724,0.1424639921945,0.2988399283787,0.1268843288109,0.3567951370682,0.2136520621737,0.3630887693766,0.4887509657938,0.2062172669793,0.1548836334449,0.8689501264927,0.4884049744517,0.0474923421709,0.5473239917660,0.6556463991618,0.5669216458610,-0.4540032459049,0.0948803976952,-0.0975391175135,0.0773899623672,-0.1967990229066,0.2924956418670,0.1340858280381,-0.4306840590522,-0.0529196796230,-0.0946014356877,-0.1394681467461,-0.3307596480342,0.0248265054057,0.0821585750756,-0.3462728819053,0.0128445774453,0.1241174519125,-0.1760554595720,-0.4329441275592,-0.4109619548725,-0.1040926577860,-0.1715703104185,0.1239396606990,-0.1485534580243,-0.0984971886381,-0.2483069498056,-0.3346567627125,0.1776372216594,-0.0772760387684,-0.2016363025900,-0.5433967435588,0.2567483080586,0.0722332749146,-0.1692935232228,-0.1027326430043
0.3244899253103,0.0522998632185,-0.0596361698985,0.4391443765225,0.1485538262967,0.6984595619282,0.7913931401536,-0.2042205481177,0.6143442039384,0.3402757496422,0.1342794558780,0.1803716307007,0.4634651836503,0.1439120766985,0.6798371689545,1.0000000000000,-0.2051503944471,0.1733892256162,0.1320642206118,0.2085746107949,0.0551958671541,-0.1149967258897,0.0049675574417,-0.0225587389789,-0.0034435812404,0.1787355744074,0.1620207355148,-0.1986817034974,-0.2424449155676,0.6054739549887,0.0555987862234,-0.2714172156033,0.6466713059682,0.5137632859392,0.5015511325817,-0.1715611990319,-0.0680176049525,-0.2863889338921,0.3337868113165,-0.0108508529369,0.6227211859045,0.5899428681089,-0.4050030368133,0.3395753943810,0.2429814429691,0.1028575314602,-0.2990415021377,0.4086954779599,-0.1527617466176,-0.0161076082215,0.5344614838629,-0.0985918745563,-0.0615559766269,-0.3468611339284,-0.4408690170370,0.1594087117751,-0.4548294678309,0.1726726759233,-0.4066733160026,-0.0362932667325,-0.3155855372028,-0.3992623418075,-0.2743063883701,-0.2407577359398,0.1566291074477,-0.4229742873113,0.0138458544491,0.1459410394418,0.1396192641837,0.2468027849713
0.3617973108831,0.5223896300588,0.4627405237527,0.3704441857344,0.1040457025618,-0.2154078225380,-0.2180162348437,0.1786396274038,-0.1453510412272,0.1137099882257,0.0978785465180,-0.2643371940893,-0.1114403155848,-0.1356846643649,0.0055252166251,-0.2051503944471,1.0000000000000,0.4356983794133,0.0565989460882,0.3895188804759,0.1549811866116,0.6540667132390,0.4656985034073,0.6325021359698,0.3637146095486,0.1139032567512,0.3252481745633,0.1828450294721,0.1459353846790,0.1868271411933,0.5513756365499,-0.1958699931362,-0.1183272196896,0.1435386900187,0.3603190586906,0.0600269446359,0.4608935055491,0.1793647485322,0.2870896099376,-0.0086807326525,-0.2736981174083,-0.2062352026187,-0.1563099602498,-0.2331640092663,-0.0008151947502,-0.0067864232008,-0.3503097502648,-0.1319028806945,-0.2646047464734,-0.1544482259049,-0.2784345060633,0.8702862826561,0.2929441689310,-0.2516301902825,0.1421710140516,-0.0912848533752,0.2057673211595,0.4882735099635,0.3471437164515,0.2487711372221,0.0663958093364,-0.0638422681098,0.1716853511867,-0.1430278488744,0.0498242829951,0.0977414004239,-0.1467790458501,-0.2839168699051,0.0044656706625,0.0907032744038
0.8110098357040,0.6930487719195,0.6961822052113,0.6644066066643,0.4723309181797,0.0295537805449,0.3107175686878,0.0861498290495,0.3457616865112,0.4650062002602,0.3923433126085,0.0913449081240,0.5286635698055,-0.1513977257180,0.4596405202194,0.1733892256162,0.4356983794133,1.0000000000000,0.4777419331937,0.7730203582956,0.6545684456632,0.5068745339411,0.6234438666780,0.7685442579483,0.3610420991822,-0.0091782537419,0.6211941955726,0.2092901488546,-0.0606957995844,0.6284159867098,0.7795255820429,-0.2569128532508,0.0990695747055,0.6019292561003,0.7579974510607,-0.3777500799238,0.6167454153447,0.2350728042166,0.4801164764259,0.1592535349705,-0.0363687840090,-0.0980529980980,-0.6116041185309,-0.2500664356397,0.1337956803984,0.0390114089196,-0.4275400402583,0.2240400654450,-0.2991120241495,-0.3964304649294,-0.1971284121384,0.4287279585222,0.5473022540683,-0.2965481411360,0.0157148501260,0.2481887369798,-0.1945725440752,0.6364425819608,0.1379562087047,0.0798695177177,-0.2832302246391,-0.3237245825056,0.0861887418006,-0.4231881693189,0.0642577996086,-0.2625994122441,-0.2127232431229,-0.3822143735649,-0.0233048773154,0.2453341750800
0.4147813814650,0.2524372028499,0.3386263876886,0.2228608386947,0.2244934548663,0.0719627774909,0.1623479714740,0.2250300655225,0.2115416825571,0.2951800902462,0.2082500492887,0.5140437456025,0.2294072032681,0.3637662458085,0.4582001675618,0.1320642206118,0.0565989460882,0.4777419331937,1.0000000000000,0.7249799167129,0.2490768454399,0.3501050662242,0.2586723474228,0.3940062585884,0.3094363491927,0.1853188869898,0.6013180378435,0.2742243612621,0.2080452824884,0.5353807180202,0.4382272320697,-0.0729309456442,0.2296162376023,0.3548800251818,0.4495054417555,-0.2395363874508,0.1004532912585,0.1079738254673,0.0073471844436,0.0878608259224,-0.0282053022967,-0.1368143282815,-0.2358228142302,-0.3362063272631,0.0844625115580,-0.2945156953066,-0.0465511667954,0.0439260772427,-0.0425384548580,-0.2855474866238,-0.0852945898118,0.1329210966995,0.0594075009301,0.0116968337656,-0.0328153547500,0.0874074927192,0.0232723134718,0.1947833805362,0.0788135317686,0.1777871126454,-0.2676677262319,-0.1414970160037,0.2170698266821,0.0836989104106,-0.0628119180494,-0.1841686468047,-0.0663217772133,0.0595751725925,-0.2064430872890,0.0533374542324
0.7032989907853,0.5227300791917,0.4927001415615,0.5353329936256,0.3118961592116,0.0784936622587,0.2441183333358,0.2859635094522,0.3259383888464,0.3262659343916,0.3756451274894,0.3421463577296,0.3481245011909,0.2720851622421,0.5983042594724,0.2085746107949,0.3895188804759,0.7730203582956,0.7249799167129,1.0000000000000,0.4286875108063,0.5203168145537,0.4178571047310,0.6162230017303,0.4224808543611,0.3347004367580,0.7705365004914,0.2629977365187,0.1903980364678,0.7106884173565,0.7582478476663,-0.0305670315911,0.1686680435382,0.5367920880268,0.6881325426737,-0.3684745097008,0.3679443415688,0.0651758762152,0.2376363574535,0.0244124869097,-0.1102672691465,-0.2370052846222,-0.4768121692457,-0.4509912752594,0.0296295770780,-0.2751159595587,-0.3835799589016,0.0379132808982,-0.0966328622618,-0.5189805621568,-0.2686357748647,0.4187289844161,0.1849022701200,-0.3366387994945,-0.0376770171736,0.0618418704848,-0.0707343569629,0.3962833703942,0.0520953818853,0.1127063354421,-0.1799603494087,-0.2251141447593,0.2444488304787,-0.1428875708913,-0.1357458214896,-0.3420851034783,0.0301896714188,-0.2398191880063,-0.2073722893998,0.0143970732291
0.5934217995582,0.4172089797053,0.3657759263071,0.5187165672098,0.7228218619492,-0.1470123830281,0.2500605245110,-0.0028398828964,0.1753420326389,0.6261566854516,0.2127369354841,-0.0007487678561,0.7509642238124,-0.3169902566599,0.1424639921945,0.0551958671541,0.1549811866116,0.6545684456632,0.2490768454399,0.4286875108063,1.0000000000000,0.1661817859768,0.5289096659283,0.4061130350235,0.4342176325772,-0.1881848609159,0.3878641884520,-0.0697573001704,-0.0401687985249,0.3083259335647,0.4842434706781,-0.2972489775970,0.0140671234111,0.3123417468017,0.4823413672413,-0.1387585865725,0.3826349826976,0.1136232528489,0.4851795464097,0.5557669469949,-0.1314664102046,-0.0093469588579,-0.3380211773720,-0.1203779634150,0.4398658297038,0.1662433795435,-0.2062975200208,0.5603618859535,-0.2814223222147,-0.0955129831314,-0.1030933087133,0.1517203020619,0.5024834241352,-0.0221234934254,0.1426038634325,0.6948349535218,-0.3343506118627,0.5239603625625,-0.0535987159669,0.2689493100695,-0.2625738999572,-0.2025691592426,-0.1083465976771,-0.2857527202605,0.2586726921620,-0.0652283160289,-0.2629330918899,-0.3887508817761,0.0746628656827,0.3155110560563
0.3389878852567,0.6095958624017,0.6563663417749,0.1936768795074,0.1773145094723,-0.0603660039446,-0.1270724544756,0.5300173039285,-0.0022153571578,0.0846867590299,0.3958065380274,0.0056211841822,-0.0578930709929,0.1577483210435,0.2988399283787,-0.1149967258897,0.6540667132390,0.5068745339411,0.3501050662242,0.5203168145537,0.1661817859768,1.0000000000000,0.4803593212109,0.8408382315265,0.4561959708671,0.2168805945083,0.6069784445553,0.5529980672978,0.5128448693590,0.4331134112166,0.7452673011573,0.0043634854748,0.0045472146766,0.4186431342068,0.3903293980866,-0.1448499711350,0.4619485157287,0.3309507869667,-0.0100094309819,-0.0503639025695,-0.3883969408869,-0.3299811693676,-0.1651284574714,-0.3909234218162,-0.0685573666210,-0.1682624803706,-0.3535478591276,-0.2029417370401,-0.1171260096337,-0.3273175166533,-0.3932779144858,0.6988666941349,0.0763093630331,-0.1668916572912,0.0398619579937,-0.1611985648608,0.5056499293561,0.3872603191503,0.5491103700390,0.2235682874320,-0.0050054807815,0.0267453752481,0.5493363826634,0.1814399506987,-0.1717490891793,-0.0638510072833,0.1680318216565,-0.1669880473242,-0.0669653476574,-0.0930625096563
0.4669667565977,0.6895202184617,0.5232652980352,0.5105863724333,0.5324686243767,-0.0589315755438,0.0993966086629,0.0969902676994,0.0136969141836,0.5540001641739,0.1039136563591,-0.0874471167090,0.3222219623464,-0.3116487906727,0.1268843288109,0.0049675574417,0.4656985034073,0.6234438666780,0.2586723474228,0.4178571047310,0.5289096659283,0.4803593212109,1.0000000000000,0.6194017228051,0.5263633451305,-0.1648836819006,0.3842006569762,0.0595782828135,0.0806600336245,0.3984148577338,0.6319726167165,-0.2777031322175,0.1343762610266,0.4128749649007,0.5398302851804,-0.0098915974952,0.5240376459608,0.1797138139948,0.3846305069118,0.3861749133626,-0.1103787815149,-0.0561697409869,-0.2974480188504,-0.2021379810959,0.3940577696298,0.0598603806039,-0.3779443995629,0.2812547058683,-0.3860686948788,-0.1341201962456,-0.0565970792185,0.5497333606535,0.4570609029869,-0.1871028377469,0.0397647289734,0.4136120893763,-0.0341866654531,0.8304839284080,0.2439724521556,0.4445923830091,-0.2884162394834,-0.2935589494070,0.0420744923357,-0.1462355954512,0.2209431336574,0.0768828476599,-0.1920503781103,-0.3155337061199,0.1800521657280,0.2914237676208
0.6476429247334,0.7758528208779,0.8349040522241,0.5078162332084,0.3197587993783,-0.0840857439054,0.0342706649360,0.2863880091625,0.2189624734039,0.2242661284549,0.3634469152720,0.0828011169122,0.1580668871296,-0.0599260184667,0.3567951370682,-0.0225587389789,0.6325021359698,0.7685442579483,0.3940062585884,0.6162230017303,0.4061130350235,0.8408382315265,0.6194017228051,1.0000000000000,0.4248656540554,0.0392109194645,0.6274233711452,0.5275815364514,0.2270770879170,0.5042260709795,0.7946816548712,-0.1277993100339,0.0023843754569,0.4632676721696,0.5823962252252,-0.3526404743630,0.6476618753523,0.4366159978574,0.2903073805268,-0.0047633045667,-0.2698046885216,-0.2993863602170,-0.3929154885941,-0.3855335144278,-0.0424074784291,-0.1000708859896,-0.3902247917715,-0.1077417665905,-0.2102968484683,-0.4525754612560,-0.4072668199685,0.6663302775950,0.3365473864841,-0.3165961791837,-0.0517752498826,-0.0275020938304,0.2109660027375,0.5949495973789,0.4940781107285,0.1591898777400,-0.2087433976752,-0.1659840963891,0.4111937830647,-0.1002521603398,-0.1183548037560,-0.1594516910787,-0.0378879636683,-0.3222786627425,-0.1412707576865,0.0427426321707
0.2216025104748,0.4495869563109,0.3867775758293,0.2792387669928,0.5469966903820,-0.0748159957404,-0.1040434389216,0.6108460843532,-0.1172347847192,0.4942178905155,0.1579091184379,0.0506744910497,0.1780604112580,0.2565053048012,0.2136520621737,-0.0034435812404,0.3637146095486,0.3610420991822,0.3094363491927,0.4224808543611,0.4342176325772,0.4561959708671,0.5263633451305,0.4248656540554,1.0000000000000,0.3938609687780,0.5700121331560,0.3229379855247,0.6610680021332,0.3112660709003,0.5831443259661,0.0271284266352,0.0160878588871,0.2990998090403,0.2984929639206,0.0387213030640,0.3007021142537,0.1456007519655,0.1500738777250,0.4416155199102,-0.3279698847228,-0.2337272291400,0.1612361464091,-0.4232927597329,0.3809292659701,-0.2823250943702,-0.1212342432961,0.1620792842312,-0.0379955850145,-0.2781087746943,-0.2092864639092,0.5683750070625,0.0447050984479,-0.0463745870806,0.0658745764865,0.3487185810467,0.1334590875337,0.4527129816214,0.2020817044683,0.7770412518023,0.1105270819187,0.1366100930865,0.4058755760364,0.4251465695234,-0.0887630783694,-0.0349341531681,0.0776093956099,-0.1013808138070,-0.0084626110236,-0.0370293962280
-0.0116295290052,0.0999919284034,0.1289002688825,0.0440417036121,-0.0980720295734,0.0905403757050,-0.0178006676724,0.6006645292786,0.0304664780931,-0.0695624437043,0.3029625931392,0.1749892208483,-0.1566942186866,0.7081626498521,0.3630887693766,0.1787355744074,0.1139032567512,-0.0091782537419,0.1853188869898,0.3347004367580,-0.1881848609159,0.2168805945083,-0.1648836819006,0.0392109194645,0.3938609687780,1.0000000000000,0.5066901584746,0.4632275839614,0.5363294344892,0.2231813719887,0.2504367409902,0.1613594938659,-0.0223215006956,0.1445353158495,0.0251174477257,-0.1620202559768,0.0681663747160,0.0280460728379,-0.0655794508974,-0.2126342395535,-0.2938929425038,-0.2438073778186,0.0274567855189,-0.3550609670442,-0.1846720732364,-0.3919871273736,-0.0142883961070,-0.2335014033654,0.2855872394263,-0.4344874890666,-0.2263176901579,0.2468855485265,-0.3298973422792,-0.1216455749939,-0.0458474971395,-0.2316946358215,0.2352153858319,-0.1576939213167,0.0701529210729,0.1491292559866,0.5973868674483,0.3989445747375,0.5463273712384,0.3327098501168,-0.4180252496239,-0.3883288352277,0.2760345379656,0.0656113121640,-0.2106409568513,-0.3027708630776
0.5449324534773,0.5611299172218,0.6601998958397,0.4179230209806,0.2600946949601,0.0025183185675,0.1617200855353,0.5167307437413,0.2310498322505,0.2602557429124,0.4504868203712,0.2354002221245,0.3091902634171,0.3671031458285,0.4887509657938,0.1620207355148,0.3252481745633,0.6211941955726,0.6013180378435,0.7705365004914,0.3878641884520,0.6069784445553,0.3842006569762,0.6274233711452,0.5700121331560,0.5066901584746,1.0000000000000,0.5734163664538,0.4207586528119,0.5353908331036,0.7311991320282,-0.0777363302163,0.0304735669287,0.4344610286400,0.4902045379185,-0.4204950372259,0.4630811632596,0.3094914989801,0.2185397252260,0.0050956484306,-0.3523224005363,-0.3259019796136,-0.3428857554860,-0.4917156532269,-0.0128499841584,-0.2422470159785,-0.2401958654869,-0.0011303752735,-0.0355883232305,-0.5236636138208,-0.3801946075755,0.4559878513469,0.1023823568438,-0.1199344215217,0.0199990445245,0.0372287506016,0.0961086073553,0.3958496669231,0.2326004476785,0.2080574197366,0.0810005567505,0.1853814204656,0.5485786259791,0.0492231999935,-0.1915172422054,-0.3575757356777,0.0781659053528,-0.3114402483003,-0.2162877707797,-0.0513953231053
0.1184873532676,0.4212951145710,0.6884478598760,-0.0629217205366,-0.1059125648990,-0.1792692076953,-0.2494817090208,0.6196375300360,0.0446986495057,-0.2310227954014,0.3543414796474,0.2564128400309,-0.2708984356971,0.3826015131537,0.2062172669793,-0.1986817034974,0.1828450294721,0.2092901488546,0.2742243612621,0.2629977365187,-0.0697573001704,0.5529980672978,0.0595782828135,0.5275815364514,0.3229379855247,0.4632275839614,0.5734163664538,1.0000000000000,0.5607367467617,0.1147220318873,0.4068262325790,0.2470921618415,-0.2771319603781,0.1367544201572,-0.0117069678270,-0.4317007157612,0.4531095875082,0.5838930897301,-0.1350672034599,-0.2827151069220,-0.5321553522392,-0.5427052944886,-0.0304206030066,-0.4859330048553,-0.3869312088725,-0.3684041390581,0.0278974752001,-0.4795428654735,0.2846409303006,-0.4994085343310,-0.5797236394429,0.3176889525386,-0.1234488713233,0.0146719634221,0.0556367136886,-0.3661734725540,0.5126986979789,0.0045347855299,0.5512939734469,0.0462248410752,0.3778980657243,0.4420999872475,0.8839541383402,0.3321874172336,-0.4676674552213,-0.2478786166144,0.1820205395137,-0.0746856871108,-0.3187556511453,-0.3626925147909
-0.2203388135734,0.1147740708706,0.2135731731881,-0.3203297721551,0.0997089015928,-0.0508455309764,-0.3607109564777,0.9168460447947,-0.2300651185475,-0.1107539551175,0.3351566948460,0.1624600718034,-0.2651224943647,0.5562399905144,0.1548836334449,-0.2424449155676,0.1459353846790,-0.0606957995844,0.2080452824884,0.1903980364678,-0.0401687985249,0.5128448693590,0.0806600336245,0.2270770879170,0.6610680021332,0.5363294344892,0.4207586528119,0.5607367467617,1.0000000000000,0.1192401214779,0.3973199367165,0.4173381544502,-0.1115983572383,0.1101509027842,-0.1378590659052,0.0039672242836,0.0140555667258,0.1412407034730,-0.4606548426100,0.0277402355725,-0.5423059324882,-0.4636337480151,0.3954881460746,-0.4810494352487,-0.0915514750962,-0.4158405700169,-0.0109948063066,-0.2910824819356,0.2493387266288,-0.2594417727730,-0.4112268783957,0.3111520624352,-0.4346946004826,0.0944883404648,0.0684451082257,-0.1499507819760,0.5697827352860,-0.1357969600943,0.3414833751988,0.3992442797519,0.3593793731360,0.4133035369607,0.7340968857124,0.7584774873733,-0.4304267426595,-0.0436262804987,0.4353583274716,0.0963011029184,-0.1662579909290,-0.4677233018150
0.5984254622092,0.4764425163658,0.3485342161084,0.5276708918676,0.3500405345482,0.5254877482608,0.5735380068271,0.2247921029162,0.5634819374998,0.3164944054917,0.5190766431347,0.3093000160490,0.4459307099479,0.2191533828628,0.8689501264927,0.6054739549887,0.1868271411933,0.6284159867098,0.5353807180202,0.7106884173565,0.3083259335647,0.4331134112166,0.3984148577338,0.5042260709795,0.3112660709003,0.2231813719887,0.5353908331036,0.1147220318873,0.1192401214779,1.0000000000000,0.6543834321825,-0.0780867413941,0.5532952564555,0.8113190855619,0.7393393149847,-0.3504640140536,0.2720112514793,-0.0950642022898,0.1992584346273,-0.0208783294877,0.2365325442823,0.1128855355453,-0.5138898195138,-0.1235028794582,0.0703244792241,-0.0297446089874,-0.4634749783399,0.1882576522383,-0.1409792575661,-0.2649711603077,0.0576328044732,0.2987998568643,0.0273940704466,-0.4135690083030,-0.3203350937825,0.0677072228576,-0.1908191795611,0.3986058168801,-0.0866071802289,0.0273536027508,-0.3635575095827,-0.4131295247980,0.1030050908787,-0.1765772860670,0.0588671080555,-0.4535492546437,0.1853566580218,-0.0594315461485,0.0221725644124,0.0984585000280
0.6323908689019,0.6652367764822,0.6801593023321,0.4585937040296,0.3545912464394,0.0242023158724,0.1044833670090,0.5104422844414,0.2140410903789,0.2900742803679,0.5374761042085,0.1378606455845,0.2692043979230,0.1239265556925,0.4884049744517,0.0555987862234,0.5513756365499,0.7795255820429,0.4382272320697,0.7582478476663,0.4842434706781,0.7452673011573,0.6319726167165,0.7946816548712,0.5831443259661,0.2504367409902,0.7311991320282,0.4068262325790,0.3973199367165,0.6543834321825,1.0000000000000,0.0015822866965,0.0550030338989,0.5876208369162,0.5985677499904,-0.3313802456075,0.5187578607982,0.1643018478208,0.1907001528730,0.0276692314856,-0.3055912832851,-0.3205508844903,-0.3809801650048,-0.4505207369064,0.0193077910985,-0.1456477407554,-0.4623173023489,-0.0317577686673,-0.1440483638286,-0.4889268139006,-0.3911873732456,0.5925818179024,0.1598945703712,-0.3463716207765,-0.0719190822891,0.0305915904675,0.1090916336722,0.5229832229899,0.2201067265763,0.2144139791743,-0.0947662230434,-0.1268422401221,0.4106585558399,-0.0500618929045,-0.1867431351803,-0.1994899797172,0.0998644832946,-0.3887576960886,-0.1422792552452,-0.0912109351543
-0.2942216817530,-0.1641576416273,-0.1354614501600,-0.3816172639538,-0.2764928342659,0.0283065161815,-0.2916398120400,0.4011017733648,-0.0301495869498,-0.4782289152924,0.1463280426547,0.3871656971894,-0.4007838679000,0.4766292853434,0.0474923421709,-0.2714172156033,-0.1958699931362,-0.2569128532508,-0.0729309456442,-0.0305670315911,-0.2972489775970,0.0043634854748,-0.2777031322175,-0.1277993100339,0.0271284266352,0.1613594938659,-0.0777363302163,0.2470921618415,0.4173381544502,-0.0780867413941,0.0015822866965,1.0000000000000,-0.1500435386705,-0.1748934323419,-0.3754773714018,-0.2232517263390,-0.1876560881984,-0.0897288846234,-0.5492146898597,-0.2619839594891,-0.2358949118459,-0.4613011080355,0.2614265088822,-0.3406748089823,-0.3965582770874,-0.3220791196077,0.2115932024947,-0.4789001643955,0.6776081637393,-0.2349960978160,-0.3858962454923,-0.1497137701206,-0.5150861936496,-0.0496724652782,-0.0906090949830,-0.3727336945484,0.2128778506339,-0.4604220891845,-0.0120777817274,-0.1678479226988,0.2183052687556,0.1815788519927,0.3994037708589,0.3955287750438,-0.5439881293709,-0.1050972593350,0.6054391828422,0.0031579229550,-0.3739335169608,-0.6725860016681
0.1236157006289,-0.0016564756963,-0.1208280233976,0.2241507069453,0.1738568956226,0.7135129572937,0.5322549357567,-0.1130891869664,0.3596923533989,0.2748603100591,0.0515767121096,0.1399064068063,0.2694318323881,0.0740246190093,0.5473239917660,0.6466713059682,-0.1183272196896,0.0990695747055,0.2296162376023,0.1686680435382,0.0140671234111,0.0045472146766,0.1343762610266,0.0023843754569,0.0160878588871,-0.0223215006956,0.0304735669287,-0.2771319603781,-0.1115983572383,0.5532952564555,0.0550030338989,-0.1500435386705,1.0000000000000,0.4408596573866,0.4312550552811,0.0418537321326,-0.1711156303640,-0.3010025661994,0.0836177648793,0.0875183729898,0.5841393393685,0.5116953129874,-0.1910975469002,0.3267916824598,0.2651775471116,0.0148083376875,-0.2876344668753,0.2977673007592,-0.2567597812413,0.1510696247675,0.4850208986590,-0.0582422134382,-0.1298053206950,-0.2428141077707,-0.3318866276213,0.1736369302297,-0.2573178617871,0.1375606410902,-0.3261043008389,0.0535692381177,-0.4740539974199,-0.4755944902601,-0.2735941851363,-0.0822856481684,0.1840217776588,-0.1525045482602,0.1395863013545,0.3108118605073,0.1659437847358,0.1925668906391
0.4823770580401,0.4431638674794,0.3479583299826,0.4201494869496,0.4039507218616,0.4030018758563,0.4128277044063,0.2179743286250,0.3621978506383,0.3875116503558,0.4143918797740,0.1405983851292,0.3951874032725,0.0799607290177,0.6556463991618,0.5137632859392,0.1435386900187,0.6019292561003,0.3548800251818,0.5367920880268,0.3123417468017,0.4186431342068,0.4128749649007,0.4632676721696,0.2990998090403,0.1445353158495,0.4344610286400,0.1367544201572,0.1101509027842,0.8113190855619,0.5876208369162,-0.1748934323419,0.4408596573866,1.0000000000000,0.7264984077425,-0.1816267149923,0.3095583942647,-0.0232289284208,0.2311944429530,0.0583113874888,0.1713328587151,0.1089762306518,-0.4015638390931,-0.0704696061726,0.1744196943034,-0.0091212947019,-0.4226683418191,0.2143949621398,-0.2368045111535,-0.2216794447899,0.1213803183673,0.2444516738630,0.1850320646731,-0.2452687439283,-0.1133222711217,0.1305262444930,-0.0743974544702,0.4062312612746,-0.0262445212593,0.1054277579112,-0.2724878730281,-0.3147650244567,0.1079403339317,-0.1684003326837,0.1095620443794,-0.3005904840501,0.0799531074786,-0.0224473027304,0.3021710102631,0.2520175770757
