1.0000000000000,0.3025916824071,0.2507602480504,0.2712837731834,0.4526498819945,0.0506570967930,0.2463066098108,0.3266782964498,0.3653534914540,0.3083339487528,0.3155020460824,-0.0677431672030,0.3502620009668,0.2337196886924,0.5162809660955,0.3442898589477,0.4508909901866,0.4903045882980,0.0944761185703,0.4080051502587,0.1884854049615,0.5603294563535,0.3770203326950,0.5987135723177,0.2482930015275,0.4266949374158,0.1852091229085,0.5722498105424,0.4389866106603,0.6216360976465,0.3186487988195,0.3505932877287,0.0796870927281,0.4739541361258,0.3700448808689,0.4093685207753,-0.0202724416114,-0.3993352377028,0.1832494991825,0.2443256129945,0.3162777074121,0.3050896910897,-0.0084998395173,-0.0379225364855,0.1489807777085,0.0990678456129,-0.2016114922583,0.1246975167957,-0.2110987611318,0.1788571401196,0.3310463693659,0.4718447871375,-0.3905827455800,-0.2651338972681,-0.3554788729444,0.1277850252326,0.3908259402080,0.2295064356611,0.1102226246372,-0.0229223204359,-0.0701892768245,-0.5377200987807,-0.0694646332996,0.1021873024780,0.3897697964589,0.0236529232647,0.0647715286047,0.3001080423820,0.3512761481441,0.1698540584512
0.3025916824071,1.0000000000000,0.0045062179248,0.4642814532028,0.1047465001736,0.1857804691052,0.1230421049309,0.0499326481686,0.0529300751617,0.2653695069148,0.2062653857614,0.0226247303274,0.1239694005879,0.0468479200052,0.2339275262358,0.1766566418982,0.0254256543957,0.0532381384869,-0.0340846552980,0.0482627832854,0.0319367667537,0.1472456172597,0.5042623201941,0.1972197855629,0.2650982711260,0.5292468662194,0.4616866543895,0.4100504853214,0.1173959052338,0.3512005084495,0.1515690198161,0.2423423400945,0.0194745482714,0.3326021146430,0.4390551268025,0.2712028681819,0.6496380699231,-0.3083341540297,0.4640020326194,0.0647808782505,0.1688862551834,0.1282190142345,0.1009895316824,-0.0974874625589,0.1841097010684,0.1844540172016,-0.1139215023176,0.0000042503588,-0.2407656325678,0.2349118735803,0.1186870833762,0.1623609468780,-0.2576319942803,-0.2292292923951,-0.3222380302442,0.0581593943362,0.0281557116093,0.4945014345341,-0.1315120275659,0.1705969969098,0.2030250944385,-0.2350919618342,0.1465566586019,-0.0613713477236,0.2909825698282,0.0751149009010,0.0526974404191,0.2283189834447,0.3265567466660,0.3947928834049
0.2507602480504,0.0045062179248,1.0000000000000,0.2356624425991,0.0671525077495,0.1327902110367,0.0940206287708,0.6209849258832,0.1305907185029,0.3705527083999,-0.0003552868464,0.1108321369713,0.0775862021517,0.2824492452046,0.3899029904143,0.2978829112611,0.0982883068039,0.5621356645945,0.3123333528312,0.4215419173645,0.1306803436503,0.1217107185264,0.0879944604335,0.2556017078139,0.3326022690043,0.3416440992855,0.3730401427029,0.6015676587004,0.1578771697312,0.0479210762841,0.1858666892434,0.3786350612676,0.1417606200360,0.0949467808218,0.2015766615288,-0.0855699078858,-0.1554657641377,0.4256526142981,0.0752282082615,0.0411227238889,0.1285375684468,-0.0409826072392,0.2172080961502,-0.0364775310248,0.3129852054414,-0.1042787106702,-0.0162706526827,0.0662898764692,0.2038024870940,0.1007870513237,0.1699437488650,0.0482453070668,-0.0356933430823,0.1180016290995,-0.0806876127930,0.1770597870486,-0.1158878164424,-0.1293475684866,-0.1842799799477,0.1500611838138,0.1596948290508,0.0282851347287,0.4149225684551,0.1202718894853,-0.2642734556095,-0.3548170354670,0.3658973554255,0.0920722911198,0.0085335379920,-0.1673531892167
0.2712837731834,0.4642814532028,0.2356624425991,1.0000000000000,0.0805104766828,0.1967788175930,0.2905401355670,0.4568812742980,0.1216021544995,0.4853762825822,0.0022269024625,0.1373083165886,0.0490513026467,0.0043125891694,0.1290148999003,0.3155643822106,0.0051971031746,0.2022330864517,0.0246227939269,0.2137313979035,0.0597837893445,0.1031940280945,0.5733763180395,0.2143518693392,0.5756072274122,0.5760455326286,0.6086744082120,0.4108401334543,0.3748335826513,0.1961502348263,0.4219756696475,0.4052385054063,0.0512038929280,0.2290759861225,0.5374128220443,0.3063715587754,0.3403511150768,0.0548350480851,0.7471721721374,0.0915226875503,0.2582364561378,0.0473360444732,0.3111493101662,-0.1130268263412,0.4519685161737,-0.1540324344919,-0.1849535006543,0.0529638221261,-0.1394174096567,-0.0234496735168,0.2960100438124,0.0874583801800,-0.0666856397956,-0.2092601157802,-0.0882793497396,0.1244830222326,-0.1473833079264,0.5508814591977,-0.1547106504655,0.5609344814523,0.2688469709087,-0.0222743440362,0.2783341464240,0.3109414863136,-0.0048865850424,0.0408131531479,0.1952990373760,0.1890113765697,0.1292771937532,0.3252285727451
0.4526498819945,0.1047465001736,0.0671525077495,0.0805104766828,1.0000000000000,-0.0458088004637,0.3679480847937,-0.0734795363077,0.0817389156081,0.2579290846918,0.5055411420843,0.0368007428282,0.7497155443347,0.1734474181869,0.0852496088343,0.3278828490913,0.4104301823991,0.0732353028122,0.0608335860076,-0.0606046058093,0.5532361215257,0.4573438390495,0.2325769469159,0.3904778787955,0.3120526745672,0.1346399844003,-0.1010366784128,0.2124616750203,0.5540142729924,0.4442688483978,-0.0316069820519,0.2111302554359,-0.0673728083229,0.3806944224755,0.2129790410886,0.2253836658380,-0.1023585912921,-0.3311285622104,0.0308331287252,0.9021030088594,0.1636818914630,0.4739165023065,-0.2080750259003,-0.2895061744138,0.1003649687146,0.3313631850346,-0.1919945412997,0.6969927198432,-0.1979022923289,0.0028773460473,0.4723683821352,0.3500744510168,-0.4575501564486,-0.3726267809411,-0.4885962949029,0.5671566222526,0.4014271856851,0.1140386011782,0.1200873875941,0.2183427912813,-0.2652185215570,-0.5524222806783,-0.3245944929941,0.4015082750906,0.3578159150987,-0.0816791755183,-0.1997285879337,0.0641552368785,0.3248407139580,-0.0227592753527
0.0506570967930,0.1857804691052,0.1327902110367,0.1967788175930,-0.0458088004637,1.0000000000000,0.2983872957899,0.0630443194085,0.3299757901841,0.1261743209727,0.3040303639622,0.0520462128452,0.0406591402466,0.1152345101169,0.2816331553591,0.3422867571646,-0.1071227197266,0.1491587980002,0.2674426564157,0.2110257376984,-0.0295188868422,-0.0094107451464,0.0660438235495,0.0592570883859,0.0616587601567,0.1967617963099,0.1716504460037,0.1301667137567,-0.0534646980963,0.1196998473440,0.1333920654650,0.1629325641621,0.5176305800373,0.1852076530521,0.2638652653784,0.1040631086050,0.0635329201990,0.0145941345079,0.1714261948469,-0.0331478209724,0.4387368222549,0.2628018032564,0.0392407966159,0.1969227675810,0.0722462346213,0.3150478551814,0.0752483054960,0.0250699009275,-0.0387199698625,0.2115516687443,0.1727362800425,-0.0626226589819,0.0003463724198,0.0107915231952,-0.0168201586766,-0.0073348516045,-0.0568972449346,0.0588303947532,-0.0748542132280,0.0585906751958,0.0625988322575,0.0174281602012,0.1160337942254,-0.0812152014173,0.0642496146310,0.0335163586143,-0.0272827542090,0.2968630845955,0.0779635648797,0.2196843829471
0.2463066098108,0.1230421049309,0.0940206287708,0.2905401355670,0.3679480847937,0.2983872957899,1.0000000000000,0.0101511290088,0.2678428910903,0.1779930121348,0.4885332232243,0.1133333570168,0.5606925956561,-0.0462706480720,0.0584265861271,0.5672010428335,0.1046644515940,0.1627693373879,0.1153188290754,0.0663998863378,0.2664640810897,0.1614945149953,0.0708304295908,0.2123719939491,0.3237244879502,0.1790432851983,0.1152463787419,0.1046214097175,0.4259677165145,0.3164827897854,0.2606916156167,0.2255234511531,0.2534419837243,0.2670224572273,0.3158135821825,0.3110597610833,-0.0552850165646,-0.1844401594547,0.2354640472186,0.4241033848630,0.2909650549672,0.6391308819488,-0.1860332779337,-0.1944132434139,0.0731965908827,0.2893432807924,-0.1846162733168,0.4986177279565,-0.3050788144354,-0.1198670620037,0.5206221714799,0.1197074979632,-0.1672644259362,-0.3002234358977,-0.1262967001394,0.2748725029729,0.0692605489215,0.0421745115254,-0.0214524765421,0.3343031530636,-0.2585716109202,-0.1693596145247,-0.1572307565542,0.3912778949983,0.2053264718569,0.1514194100707,-0.2557250729542,0.2404268560882,0.1012900533912,0.2188821131964
0.3266782964498,0.0499326481686,0.6209849258832,0.4568812742980,-0.0734795363077,0.0630443194085,0.0101511290088,1.0000000000000,0.1988522136736,0.5804673477666,-0.1364305543842,0.0460217963566,-0.0807407645920,0.2944313533222,0.4935688934733,0.2793914405049,-0.0196851263243,0.4313497822753,0.2569913601759,0.4575273243229,-0.0292511622887,0.0093304978308,0.3154598632635,0.0941681214225,0.5166603524358,0.4998223100253,0.4371291297015,0.5803166290314,0.1113810403459,0.0181684304738,0.2842912083068,0.4108815051302,0.0940326685466,-0.0197630762902,0.0907908118642,-0.0219718935010,-0.1254815852215,0.2232445658777,0.2821034943306,-0.0836947270621,0.1111095152458,-0.0945993945417,0.4598005380849,0.0155741117194,0.5486854302618,-0.2598162432447,-0.1678217481619,-0.0528616139395,0.2068797110547,0.0855415572413,0.2377673713741,-0.0088505782747,-0.1694671906339,0.0829408063274,-0.0935940750919,0.0500968692122,-0.2737487036495,0.1067929404294,-0.4318958976770,0.2935626118598,0.2847393904740,-0.0200879585457,0.4050287699550,0.0406647940366,-0.3184186194048,-0.4235701608276,0.5640492753743,0.1228637434582,-0.1303030606042,-0.1751778441667
0.3653534914540,0.0529300751617,0.1305907185029,0.1216021544995,0.0817389156081,0.3299757901841,0.2678428910903,0.1988522136736,1.0000000000000,0.0409234477701,0.2236687244365,-0.1061856819009,0.2419390112900,0.1715949951779,0.4263477584858,0.3816814970296,0.1102570295745,0.3083740145046,0.2019228077111,0.3122146760907,0.0550399798571,0.1510139371193,0.1573026875564,0.2371719165217,0.1136640045666,0.1541485532104,0.1566506554877,0.1056380199141,0.3137930279473,0.2115757233098,0.4024529945021,0.1687149282586,0.3047700681415,0.2391078026044,0.0796487578477,0.1639111193824,-0.1039919921066,-0.1449236951760,0.1032578462825,-0.0286645266756,0.4381642025838,0.2958562078722,0.0482610238192,0.4018588627135,-0.0014970878474,0.1234549543166,0.0576732327651,0.0503342182956,-0.1650546622721,0.2013677769013,0.3305484442262,0.0935016517176,-0.0860225928880,-0.0768218366688,-0.0390872122031,0.0275477951580,-0.0061427942961,0.0707369446138,-0.0806224660192,-0.0260384424166,-0.1928251403947,-0.1389606804257,-0.1113151833824,0.1128320856952,0.1499347160311,0.0884930821012,-0.0306080480011,0.3640095849238,0.0936718077383,0.2058991631989
0.3083339487528,0.2653695069148,0.3705527083999,0.4853762825822,0.2579290846918,0.1261743209727,0.1779930121348,0.5804673477666,0.0409234477701,1.0000000000000,0.1623603457746,-0.0338536540649,0.2791072208482,0.2653154419202,0.2582707030174,0.4320734799138,0.0984463394120,0.1852114476382,0.0762138002880,0.1240786674774,0.2924009472524,0.1477602622296,0.3998283621400,0.1477682423978,0.6659446218709,0.6429896822144,0.1823389313478,0.5653290638707,0.1584382207785,0.1549709331162,0.0267012464123,0.4560056942149,0.0795018858676,0.1789231857184,0.1511566188674,-0.0049196082395,-0.0489021916223,-0.0456078628730,0.4452651973338,0.3019362969312,0.0913840944448,0.1716291193631,0.1366008689000,-0.1574851556903,0.8359702831428,0.0143260737899,-0.3354547338005,0.3347834971352,0.1887036095407,0.0155720319144,0.3983707107303,0.0835781845658,-0.4399642355420,-0.3119644644641,-0.3986023564663,0.3921786312358,-0.0360062728523,0.1673015493848,-0.3236532808485,0.4596909022951,0.3456884021337,-0.3841163142978,0.2430257878794,0.1015455623142,-0.0940426899570,-0.3637188640696,0.3832732983019,0.1749487747162,0.0265765387830,-0.1713770784219
0.3155020460824,0.2062653857614,-0.0003552868464,0.0022269024625,0.5055411420843,0.3040303639622,0.4885332232243,-0.1364305543842,0.2236687244365,0.1623603457746,1.0000000000000,-0.2461808637050,0.6140594314370,0.0519266051565,0.1366586728248,0.2714670741627,0.2830398904907,0.0421123702254,-0.0654790895063,-0.0116706815432,0.2321837950051,0.3565625953117,0.2058279575471,0.2865357976748,0.2079830803183,0.1279438665247,-0.0366994161131,0.1242154883469,0.3034569485190,0.3362035588801,0.0034940250538,0.0511391496648,0.0626329852858,0.2480433289885,0.0626927409116,0.2781528358524,0.0099560949973,-0.3547368682638,0.0002123872017,0.4938525477216,0.1883908676020,0.7088312402309,-0.2044802408435,0.0172483907945,0.0001378399199,0.8573518535355,-0.1618413050598,0.4575768993299,-0.2886898059115,0.1590773822031,0.2497163988862,0.2755646828614,-0.3824703006129,-0.3214956773148,-0.3760896330235,0.2318950064585,0.3247386579214,0.1496048200004,0.0687457147636,0.1109282519330,-0.2777937667928,-0.4056853320780,-0.2446437774083,0.1601925683386,0.3635824560013,0.0014154618730,-0.2290244834696,0.0997054417039,0.2437949526916,0.1305489632511
-0.0677431672030,0.0226247303274,0.1108321369713,0.1373083165886,0.0368007428282,0.0520462128452,0.1133333570168,0.0460217963566,-0.1061856819009,-0.0338536540649,-0.2461808637050,1.0000000000000,-0.1807238003176,0.3288604497630,0.0151067875832,0.2225227803286,-0.1308051206472,0.1721387678658,0.7107312997613,0.2050991451452,0.0384309213160,-0.1402805231612,-0.0990245563513,-0.0632167862611,-0.0394235767017,0.0501549263187,0.1300881887081,0.0686140053859,-0.0214480117185,0.2588005705935,0.0247859593593,0.0190788650917,0.0952347399636,0.0144378413862,0.4305045367685,-0.0704508251926,0.0775049308316,0.1613312398471,0.1731013108222,0.0423603668860,0.0362680864116,-0.0914067685807,0.0540248515249,-0.1551241917003,-0.0683389213279,-0.1696007946696,0.2636227663761,0.0782710417368,0.3155812033406,0.0115017799581,0.1717258309765,-0.1404001254641,0.2034760622863,0.2050009518581,0.1804363191804,0.1123515921400,-0.1545498226552,-0.0472647441066,-0.0609524060071,0.0158601063586,0.0732630071472,0.1528540905562,0.1707792757775,0.0049606818269,-0.0134739196032,-0.0453897249566,0.0711414402494,0.0475188701700,0.0045642010463,0.1365800284370
0.3502620009668,0.1239694005879,0.0775862021517,0.0490513026467,0.7497155443347,0.0406591402466,0.5606925956561,-0.0807407645920,0.2419390112900,0.2791072208482,0.6140594314370,-0.1807238003176,1.0000000000000,0.0488373971447,0.1625705438306,0.4188867810875,0.2139493944310,0.1266144211715,-0.0296795845491,-0.0013137070362,0.7061624047623,0.2843494405865,0.1325913183989,0.2580883809197,0.3412713881998,0.1288703101796,-0.0410189695170,0.1156482143782,0.4607211743976,0.3398315003073,0.0500457511318,0.1289115330428,0.0362603726022,0.3531813996375,0.0513751085147,0.1996382265240,-0.1166561245485,-0.2870782951188,0.0721976109187,0.7495383731081,0.1660973979259,0.5773996731826,-0.1977954039659,-0.2286312227647,0.1296000838882,0.4040015389294,-0.1176564738848,0.8228712690962,-0.2428881694684,0.0595641328317,0.4776287548619,0.1894050647207,-0.3194834982482,-0.3270750064017,-0.3477850501256,0.6936897633008,0.2350581990035,0.0179109248315,0.0119314620986,0.2581153103355,-0.2602001753637,-0.4462102414299,-0.2941223247408,0.3636581901909,0.2909422772533,-0.0374189748952,-0.1985594345490,0.1219838067663,0.1933523105809,-0.0023047225361
0.2337196886924,0.0468479200052,0.2824492452046,0.0043125891694,0.1734474181869,0.1152345101169,-0.0462706480720,0.2944313533222,0.1715949951779,0.2653154419202,0.0519266051565,0.3288604497630,0.0488373971447,1.0000000000000,0.5190308433895,0.1892380143535,0.0714206991143,0.1478663915338,0.5875954592213,0.2570576767012,0.0091118262160,0.0191310912478,-0.0801121348926,0.0281844105289,0.0937325411415,0.3428224574459,-0.0160651484184,0.3166387946650,-0.1264883548498,0.1031854221347,-0.2969789199198,0.1430167943429,0.2968148548931,0.0014834492182,0.1080690353649,-0.1275134590021,-0.0711226012470,-0.0265219731536,0.0080252660153,0.0952306004523,0.2151968961177,0.0959047381073,0.0952386237249,0.0396144333131,0.1600323443285,0.1102173940658,0.4233169259222,0.0814772611705,0.5526672758546,0.3467099172361,0.1107892032938,-0.0099501964393,-0.2982166006376,0.2758828403734,-0.2079756265292,0.0781851925284,-0.0579150185075,-0.1450094999348,-0.2428776782133,-0.1526252102064,0.1669947275833,-0.2282226009443,0.1542671729616,-0.2216148123303,-0.0356607962653,-0.4209532933379,0.2891650369769,0.1659063739790,0.0679843599649,-0.0553240256996
0.5162809660955,0.2339275262358,0.3899029904143,0.1290148999003,0.0852496088343,0.2816331553591,0.0584265861271,0.4935688934733,0.4263477584858,0.2582707030174,0.1366586728248,0.0151067875832,0.1625705438306,0.5190308433895,1.0000000000000,0.2711363099648,0.0939704088621,0.3621599346198,0.4043175988025,0.4442876579733,-0.0179203769926,0.1380093372008,0.0830931776595,0.2137481416571,0.1748581608486,0.4733799261448,0.2842401389881,0.4813730171566,0.0085906300072,0.3511333576784,0.0467305924593,0.2694309298701,0.3545892639966,0.1664309863695,0.1046859575861,0.0325766625748,-0.0276222779450,-0.1420738201235,0.1361748656833,-0.0101449114937,0.2674783852298,0.0805832346843,0.1460773843474,0.0976886538221,0.1422955618809,0.0679577699492,0.1041916518495,-0.0347815578890,0.1980152288410,0.5000925146847,0.0946377598901,0.1244550602210,-0.2488620306166,0.1721878940538,-0.2685430259115,0.0175451410116,-0.0129923560088,-0.0526242660656,-0.1918882468865,-0.1350688700851,0.1305422336541,-0.2553164662833,0.1859288667864,-0.2255403571161,0.0497082670913,-0.2988667639543,0.3793415848054,0.3236892991871,0.0455505434601,-0.0735169458792
0.3442898589477,0.1766566418982,0.2978829112611,0.3155643822106,0.3278828490913,0.3422867571646,0.5672010428335,0.2793914405049,0.3816814970296,0.4320734799138,0.2714670741627,0.2225227803286,0.4188867810875,0.1892380143535,0.2711363099648,1.0000000000000,0.1811835563306,0.3506629288745,0.2579892779518,0.2348411692222,0.3381025351332,0.2087447490839,0.1833274336344,0.3115407282916,0.4571566291847,0.4642551208666,0.1399339266932,0.4112965206035,0.3032287783026,0.3801935342445,0.2091313313877,0.3133602909244,0.3912686506378,0.3846431697260,0.3280406757644,0.1731125082573,-0.1941014977432,-0.1020069746272,0.3765689452779,0.3291074474663,0.3658949744328,0.3678338156296,-0.0686415573123,-0.0779762719844,0.3878444534230,0.1244376539599,-0.1439818313661,0.4122000349171,-0.0844218602409,0.0978181318304,0.7530235905733,0.1812938688314,-0.2435878431007,-0.3154028056950,-0.1899291588790,0.3300343203534,0.0548113740712,0.0286205261652,-0.1185276845188,0.3183075907889,0.1161893226652,-0.3369254637670,0.0743926995907,0.2604939482041,0.1530378201267,-0.0409048653933,0.0360960981565,0.5175807654660,0.1266791917849,0.1674158864626
0.4508909901866,0.0254256543957,0.0982883068039,0.0051971031746,0.4104301823991,-0.1071227197266,0.1046644515940,-0.0196851263243,0.1102570295745,0.0984463394120,0.2830398904907,-0.1308051206472,0.2139493944310,0.0714206991143,0.0939704088621,0.1811835563306,1.0000000000000,0.1026377185197,-0.0774615056358,0.0432123963904,0.0602580405170,0.7983312848272,0.2943952988171,0.7614807746065,0.1974169152202,0.1564842672677,-0.0559745911048,0.3564614952169,0.4821216699745,0.3793301611349,0.1862153582471,0.2222008523300,0.0450943440240,0.3268640612303,0.2135096573104,0.2403843467433,-0.2093193270629,-0.3380017048221,-0.0714717084933,0.3028488153745,0.0385721505441,0.2572744783993,-0.3637936870263,-0.0558818326460,0.0060337161330,0.1282492095089,-0.2887078531658,0.0643899982969,-0.1889354038247,-0.1237872988538,0.1355879446944,0.9120267634689,-0.3445172595388,-0.3755763646600,-0.3441877664724,-0.0449346052336,0.6981876907404,0.1330627435963,0.5588677044433,-0.0363231224394,-0.1803036398549,-0.4319735792734,-0.1531794098983,0.2370291050257,0.3366599905521,0.1636586508373,-0.1722985918265,0.1326132980864,0.2728956562575,0.0138913767593
0.4903045882980,0.0532381384869,0.5621356645945,0.2022330864517,0.0732353028122,0.1491587980002,0.1627693373879,0.4313497822753,0.3083740145046,0.1852114476382,0.0421123702254,0.1721387678658,0.1266144211715,0.1478663915338,0.3621599346198,0.3506629288745,0.1026377185197,1.0000000000000,0.3698441183452,0.8027804790637,0.2131327445266,0.1912235232385,0.0698611105638,0.4214095557768,0.0528088658727,0.2297764060771,0.3369493748924,0.4781510818079,0.2098510564623,0.2843323205142,0.4363797515495,0.2404239094524,0.1570508555186,0.2007943425792,0.3349179546780,-0.0131398997832,-0.1828238071833,0.0053680957605,0.1080391046095,-0.0151274212711,0.2235698686382,0.0481609732423,0.0163448803554,0.0354244636989,0.0274857518119,-0.0801239332441,0.0133918092071,0.1071139685802,-0.0306513757800,-0.0085056245034,0.2856047834499,0.0543861843767,0.1475977114233,0.0542656436123,0.1407628475245,0.1856996887531,0.0117631528230,-0.0851648193193,-0.0324352756292,-0.1276681482187,0.0293765904285,-0.0887719535630,0.1006029015620,0.0481549913039,-0.0237210501655,-0.0231795270525,0.1345357714247,0.3111078503737,0.0508006115216,0.1425521699054
0.0944761185703,-0.0340846552980,0.3123333528312,0.0246227939269,0.0608335860076,0.2674426564157,0.1153188290754,0.2569913601759,0.2019228077111,0.0762138002880,-0.0654790895063,0.7107312997613,-0.0296795845491,0.5875954592213,0.4043175988025,0.2579892779518,-0.0774615056358,0.3698441183452,1.0000000000000,0.4741584805928,0.0782728130776,-0.0547213206851,-0.1526318074706,0.0177132886001,-0.0792639525828,0.1162253090214,0.1351128836844,0.1803471096553,-0.0106045331257,0.2111469323413,0.0341203548746,0.0853108618500,0.2689619684959,-0.0128517901228,0.2721731829044,-0.1341852711385,-0.0848525117326,0.1047316766228,0.0470760640205,0.0464196324491,0.1330749538689,0.0271497337875,0.0648894629527,0.0588119781514,-0.0595669241295,0.0013327088776,0.4020870225267,0.1234413030293,0.4345067365071,0.1599122252082,0.1541160985635,-0.1495046935668,0.1502417418012,0.4104149306442,0.1328543268647,0.1509371377160,-0.0967248360605,-0.1964851945594,-0.1043055199396,-0.1602424788568,0.0468531650264,0.0530158523950,0.1505227461989,-0.0619274039797,-0.0465897810845,-0.1760624758038,0.1475594806492,0.1363296953816,-0.0555164218191,0.0466736593071
0.4080051502587,0.0482627832854,0.4215419173645,0.2137313979035,-0.0606046058093,0.2110257376984,0.0663998863378,0.4575273243229,0.3122146760907,0.1240786674774,-0.0116706815432,0.2050991451452,-0.0013137070362,0.2570576767012,0.4442876579733,0.2348411692222,0.0432123963904,0.8027804790637,0.4741584805928,1.0000000000000,0.0413130658620,0.0619822953983,0.1107004705614,0.2609084975353,-0.0847733592767,0.2783983200260,0.3360839497834,0.4703238077491,0.0412728703886,0.2097707629376,0.3837741837534,0.2302577927945,0.1526628888306,0.0617519408755,0.3396857858798,-0.0010375091329,-0.1005996286586,0.0113060445771,0.1177680410021,-0.1703587401164,0.2155519933693,0.0017499894857,0.0694345509745,0.0727064968808,-0.0455817906785,-0.0915923155400,0.1534440518322,-0.0375600257818,0.0611254499568,0.0168240412118,0.1299776190670,0.0334141462404,0.2190882423086,0.2513671668436,0.2899680998677,0.0347098373741,-0.0882869343687,-0.0018926784819,-0.0929453025530,-0.2833745792516,0.1299256982906,0.0141269755209,0.2189551780438,-0.1796092656054,-0.0809700057986,-0.0672787526661,0.1954907148243,0.2146402829380,-0.0300526352702,0.1925517644752
0.1884854049615,0.0319367667537,0.1306803436503,0.0597837893445,0.5532361215257,-0.0295188868422,0.2664640810897,-0.0292511622887,0.0550399798571,0.2924009472524,0.2321837950051,0.0384309213160,0.7061624047623,0.0091118262160,-0.0179203769926,0.3381025351332,0.0602580405170,0.2131327445266,0.0782728130776,0.0413130658620,1.0000000000000,0.1398609564340,0.0578611433886,0.1495034974170,0.2470841772976,0.0722574408167,-0.0640666098890,0.0933944319032,0.2839753172351,0.2073053645652,0.1062397413525,0.1266232281245,0.0105039827968,0.3381844031104,0.1046275331063,-0.0188167390948,-0.1248722354450,0.0285594818757,0.1849197570487,0.5225369123832,0.0311098777538,0.1532306668921,-0.0881214307784,-0.2478978026299,0.1962214316854,0.0771867208668,-0.0816531999974,0.7318660346243,0.0018638080072,-0.0235257014566,0.3569810898550,0.0250839447062,-0.0471766626142,-0.1656323191352,-0.1205372925804,0.8882871886118,0.1502378621796,-0.0763593753016,0.0666348618436,0.2350943392038,-0.0075945148029,-0.2431068019853,-0.0709204502611,0.3264865255494,0.0968638015530,-0.0049232677223,0.0122198689452,0.0832707126740,0.1575226637608,-0.0527158002073
0.5603294563535,0.1472456172597,0.1217107185264,0.1031940280945,0.4573438390495,-0.0094107451464,0.1614945149953,0.0093304978308,0.1510139371193,0.1477602622296,0.3565625953117,-0.1402805231612,0.2843494405865,0.0191310912478,0.1380093372008,0.2087447490839,0.7983312848272,0.1912235232385,-0.0547213206851,0.0619822953983,0.1398609564340,1.0000000000000,0.3610683865318,0.8488910128034,0.2104912043989,0.1947231953663,0.0494552517865,0.3762828197927,0.5726476813155,0.5259528260371,0.3089403602104,0.2661727507218,0.0573028011217,0.4596487221564,0.3353105016160,0.3227372197487,-0.1058587185670,-0.3541400049894,-0.0047429462781,0.3110058168601,0.1328526230813,0.2699977196386,-0.2749127758796,-0.0181837094424,0.0654628034400,0.1666951537454,-0.3358600847600,0.0962564889629,-0.2515691416941,-0.0294174325588,0.1772796300673,0.7529459938360,-0.3666853692805,-0.4021806838786,-0.4150923606220,0.0163726575335,0.8259960061067,0.2143885044087,0.5420734631273,0.0460412529319,-0.1792135491595,-0.5124045329068,-0.1806727361715,0.2948504671834,0.4466739571471,0.2337837962062,-0.1650180257897,0.2066886131070,0.4271307645411,0.1143931471435
0.3770203326950,0.5042623201941,0.0879944604335,0.5733763180395,0.2325769469159,0.0660438235495,0.0708304295908,0.3154598632635,0.1573026875564,0.3998283621400,0.2058279575471,-0.0990245563513,0.1325913183989,-0.0801121348926,0.0830931776595,0.1833274336344,0.2943952988171,0.0698611105638,-0.1526318074706,0.1107004705614,0.0578611433886,0.3610683865318,1.0000000000000,0.3786563376629,0.5251247022605,0.4324237229764,0.4665883696385,0.4157482054718,0.4341258852149,0.3254166502783,0.4698041052142,0.4341138678895,-0.1331243932317,0.3540061595584,0.3535179957767,0.3836613895258,0.3842669562757,-0.1455628771438,0.3970024633641,0.1554565678218,0.1418193852738,0.0923479718777,0.1761162903351,-0.0848424069577,0.3538939767710,0.0627758021559,-0.3617515355497,0.0015875585619,-0.3813218797683,0.0269321397145,0.1764040975421,0.4227596504794,-0.2814292231800,-0.3979421381995,-0.3103431960506,0.0831687244395,0.1341395155413,0.8398667156488,0.0175329377670,0.4265944987980,0.0437035182301,-0.2816656352091,0.0413179138676,0.2596470185391,0.2087232045005,0.1454053277648,0.0706920679276,0.1036167696455,0.3586059557060,0.2925464665655
0.5987135723177,0.1972197855629,0.2556017078139,0.2143518693392,0.3904778787955,0.0592570883859,0.2123719939491,0.0941681214225,0.2371719165217,0.1477682423978,0.2865357976748,-0.0632167862611,0.2580883809197,0.0281844105289,0.2137481416571,0.3115407282916,0.7614807746065,0.4214095557768,0.0177132886001,0.2609084975353,0.1495034974170,0.8488910128034,0.3786563376629,1.0000000000000,0.2392179276144,0.2769834904830,0.2497563533901,0.4907930994291,0.6117209319289,0.5190562103616,0.4701693635089,0.3345423375936,0.1567587167551,0.5157810748553,0.4538123022061,0.2851641178234,-0.1220579150881,-0.2964811849069,0.0611318875987,0.2528006114412,0.2053911232928,0.2646384185892,-0.2792750969339,0.0515779358192,0.0435514435364,0.0934768701373,-0.3066298025432,0.0991897379496,-0.2825273746026,-0.0731949710553,0.2570846560967,0.7752080545063,-0.2887296788588,-0.4033617532635,-0.3534355535014,0.0646942645509,0.6411599601794,0.2365210932900,0.5555557594920,0.0528628340172,-0.1419501321943,-0.4260730177508,-0.0990494907590,0.3357869030320,0.3455720848201,0.2837803528005,-0.1064959605762,0.3088644682208,0.3764244790134,0.2172606766389
0.2482930015275,0.2650982711260,0.3326022690043,0.5756072274122,0.3120526745672,0.0616587601567,0.3237244879502,0.5166603524358,0.1136640045666,0.6659446218709,0.2079830803183,-0.0394235767017,0.3412713881998,0.0937325411415,0.1748581608486,0.4571566291847,0.1974169152202,0.0528088658727,-0.0792639525828,-0.0847733592767,0.2470841772976,0.2104912043989,0.5251247022605,0.2392179276144,1.0000000000000,0.4766461185312,0.3514716213006,0.4081304786587,0.5048611052481,0.1978049805518,0.2273990178553,0.3722718770850,0.0633117998894,0.2783573543296,0.1821824984908,0.1948448534006,0.0281209131837,0.0122011927222,0.4509430749167,0.4191227741027,0.0994095518776,0.2356352642282,0.1250784080692,-0.1991402420382,0.6468343005142,0.0166094577537,-0.3401046173574,0.3349963810862,-0.0739158550283,0.0452116089267,0.4313678202304,0.2231725669935,-0.4567404792668,-0.4254565122911,-0.4259271671991,0.3438298712176,-0.0148067944218,0.3685273574738,-0.2180525087170,0.8305376915364,0.0687978296904,-0.3019219996515,0.0948281253402,0.5222546986703,0.0093397316550,-0.1986994646234,0.1543266536322,0.1500703115007,0.1177028095620,-0.0909659097443
0.4266949374158,0.5292468662194,0.3416440992855,0.5760455326286,0.1346399844003,0.1967617963099,0.1790432851983,0.4998223100253,0.1541485532104,0.6429896822144,0.1279438665247,0.0501549263187,0.1288703101796,0.3428224574459,0.4733799261448,0.4642551208666,0.1564842672677,0.2297764060771,0.1162253090214,0.2783983200260,0.0722574408167,0.1947231953663,0.4324237229764,0.2769834904830,0.4766461185312,1.0000000000000,0.4320020103443,0.7056489480394,0.1588192613239,0.2423311802494,0.1042442405500,0.5358863265008,0.2167625173649,0.2264412184584,0.3595324795292,0.1178730921315,0.1384285983940,-0.1283130540408,0.5799478565827,0.0559400949363,0.2583297496939,0.1111474984688,0.1979162704541,-0.0696024426456,0.5744275013215,0.0283506988493,-0.2449405041436,0.0544703998728,0.0740881304471,0.1779511517941,0.3263071473675,0.2125925842059,-0.4037329335690,-0.2275095520097,-0.3762390447525,0.1188301680744,-0.0674836301954,0.2719363135114,-0.2701873825684,0.1998627889321,0.5261927305043,-0.3533382580071,0.3622241572111,-0.0533783551978,-0.0380979731269,-0.2371811784792,0.4419949596555,0.3484264409064,0.0699480587084,0.1351448818291
0.1852091229085,0.4616866543895,0.3730401427029,0.6086744082120,-0.1010366784128,0.1716504460037,0.1152463787419,0.4371291297015,0.1566506554877,0.1823389313478,-0.0366994161131,0.1300881887081,-0.0410189695170,-0.0160651484184,0.2842401389881,0.1399339266932,-0.0559745911048,0.3369493748924,0.1351128836844,0.3360839497834,-0.0640666098890,0.0494552517865,0.4665883696385,0.2497563533901,0.3514716213006,0.4320020103443,1.0000000000000,0.4256240598940,0.2825025266248,0.1306251924111,0.4875973699471,0.3374258201200,0.0832243881064,0.1309233588172,0.3891725965916,0.1651205149903,0.3525542176417,0.0792483573367,0.4123206021284,-0.1287971162444,0.1835892379867,-0.0829960181158,0.2797008588469,0.0325872866109,0.1280972310030,-0.1025160874945,-0.1424815902895,-0.1272253226031,-0.1742303844062,0.1325083749362,0.0686000172413,0.0538046735280,0.0154495245970,-0.0651128386868,-0.0451514401071,-0.0250157095646,-0.2377385001732,0.4042632150500,-0.1291051196947,0.2876652963426,0.1359774020670,0.1601082865419,0.2608149291376,0.1497055668589,-0.0767954851090,0.0448631398199,0.2303319271151,0.1770003796463,0.0259243607420,0.2383782859828
0.5722498105424,0.4100504853214,0.6015676587004,0.4108401334543,0.2124616750203,0.1301667137567,0.1046214097175,0.5803166290314,0.1056380199141,0.5653290638707,0.1242154883469,0.0686140053859,0.1156482143782,0.3166387946650,0.4813730171566,0.4112965206035,0.3564614952169,0.4781510818079,0.1803471096553,0.4703238077491,0.0933944319032,0.3762828197927,0.4157482054718,0.4907930994291,0.4081304786587,0.7056489480394,0.4256240598940,1.0000000000000,0.2175250596993,0.3604404968157,0.2000951963029,0.5164718019665,0.0956356315752,0.2407907252069,0.3670230966048,0.0889218006795,0.0169854998970,-0.0760681830877,0.3076257133331,0.0819966850945,0.1803536211483,0.0962749437984,0.0731338316061,-0.0853065731482,0.4401513740376,-0.0377871850108,-0.2217865674140,0.0411224902558,0.0721664190603,0.0998705006961,0.2887266104344,0.4028305469167,-0.3731504134503,-0.1774536792927,-0.3412141146617,0.1074853928492,0.1066574498722,0.1746588110230,-0.0800976537919,0.0863542648263,0.3546144832097,-0.3780378405235,0.4625306488982,-0.0327105166999,0.0032089661587,-0.2546362265069,0.3943931050787,0.2664420456376,0.1056236402904,0.0139898449827
0.4389866106603,0.1173959052338,0.1578771697312,0.3748335826513,0.5540142729924,-0.0534646980963,0.4259677165145,0.1113810403459,0.3137930279473,0.1584382207785,0.3034569485190,-0.0214480117185,0.4607211743976,-0.1264883548498,0.0085906300072,0.3032287783026,0.4821216699745,0.2098510564623,-0.0106045331257,0.0412728703886,0.2839753172351,0.5726476813155,0.4341258852149,0.6117209319289,0.5048611052481,0.1588192613239,0.2825025266248,0.2175250596993,1.0000000000000,0.3526177481665,0.5499398947156,0.3206669649270,0.0065154530486,0.3743161131973,0.3142035190910,0.3229546719699,-0.0622679331153,-0.2441644567279,0.1683517108773,0.5052809484216,0.1845234417694,0.3845079767815,-0.1798937296177,-0.0829342581451,0.0644129979601,0.0296844290986,-0.3221458189600,0.3361526912165,-0.3909462748506,-0.2189985405260,0.3968779115240,0.4458225914375,-0.2551756531589,-0.4257854095111,-0.2952687564610,0.2615821156010,0.3316525708628,0.3398139823313,0.2411587695659,0.4125886602244,-0.3191089177088,-0.3335230154035,-0.3148352204539,0.7790013618395,0.2386913509677,0.2543360920401,-0.2492237931569,0.1096304321114,0.1971502290095,0.1148462915505
0.6216360976465,0.3512005084495,0.0479210762841,0.1961502348263,0.4442688483978,0.1196998473440,0.3164827897854,0.0181684304738,0.2115757233098,0.1549709331162,0.3362035588801,0.2588005705935,0.3398315003073,0.1031854221347,0.3511333576784,0.3801935342445,0.3793301611349,0.2843323205142,0.2111469323413,0.2097707629376,0.2073053645652,0.5259528260371,0.3254166502783,0.5190562103616,0.1978049805518,0.2423311802494,0.1306251924111,0.3604404968157,0.3526177481665,1.0000000000000,0.3162076120007,0.1723999815389,0.0319372926047,0.6703298176731,0.5224803409218,0.4165746791789,0.1129742927609,-0.3975701904685,0.1884549199074,0.3124552622846,0.1840185334102,0.2532161658378,-0.1757211469414,-0.1549008744480,0.0592923931645,0.1918032708318,-0.2392066692150,0.1749608397600,-0.2232597877187,0.2370844330421,0.3532520773095,0.4439897928167,-0.2834554125985,-0.3836838102275,-0.3454647369066,0.1672077444176,0.4488028936643,0.2581136773409,0.2244351251546,0.0902865610951,-0.2511684178476,-0.4429981668445,-0.1507629757140,0.1339183925881,0.7230355741175,0.2312349018430,-0.1477136841749,0.3412584627352,0.5797940401926,0.3086247229563
0.3186487988195,0.1515690198161,0.1858666892434,0.4219756696475,-0.0316069820519,0.1333920654650,0.2606916156167,0.2842912083068,0.4024529945021,0.0267012464123,0.0034940250538,0.0247859593593,0.0500457511318,-0.2969789199198,0.0467305924593,0.2091313313877,0.1862153582471,0.4363797515495,0.0341203548746,0.3837741837534,0.1062397413525,0.3089403602104,0.4698041052142,0.4701693635089,0.2273990178553,0.1042442405500,0.4875973699471,0.2000951963029,0.5499398947156,0.3162076120007,1.0000000000000,0.2766317439332,0.1036108536653,0.4043437866604,0.4404483603787,0.3405817499452,0.0895910873809,0.0029919786065,0.2764986280677,-0.0967550613171,0.2033013743080,0.0230670705363,0.0778876140466,0.1186073353805,0.0028308535101,-0.1762149663746,-0.2727955925807,-0.0655404335999,-0.4278569038971,-0.1309415889315,0.1747577002672,0.2731781178154,0.1795233681578,-0.2186532147770,0.1432140649730,0.0352559990258,0.0747444252481,0.4198386580705,0.1756591735993,0.2344705855393,-0.2051927510706,0.0901350618872,-0.0215144109931,0.4153478261168,0.1769811073345,0.5371416379272,-0.0811176290512,0.2109133211706,0.1927809913214,0.3933881323005
0.3505932877287,0.2423423400945,0.3786350612676,0.4052385054063,0.2111302554359,0.1629325641621,0.2255234511531,0.4108815051302,0.1687149282586,0.4560056942149,0.0511391496648,0.0190788650917,0.1289115330428,0.1430167943429,0.2694309298701,0.3133602909244,0.2222008523300,0.2404239094524,0.0853108618500,0.2302577927945,0.1266232281245,0.2661727507218,0.4341138678895,0.3345423375936,0.3722718770850,0.5358863265008,0.3374258201200,0.5164718019665,0.3206669649270,0.1723999815389,0.2766317439332,1.0000000000000,0.1698609446718,0.2645812537480,0.3004636017471,0.1341429879355,-0.0126863869285,-0.0443525651885,0.2996158371005,0.0619733719348,0.2944725649625,0.0648214145687,0.1481468751897,-0.1159367792661,0.3540700288007,-0.0100381459326,-0.3175894810155,0.0396963938331,-0.1351969025711,0.0370542006708,0.2561546192463,0.2427895615367,-0.3247034610187,-0.1884543917017,-0.3096787708371,0.1152311943455,-0.0074733296672,0.2568588408339,-0.1485677294286,0.1393191618811,0.1533195360439,-0.2172542330636,0.1729409566733,0.1072314026816,-0.0120462350889,-0.0708238313099,0.3645171788133,0.2755807735398,0.1828295935251,0.0695752722488
0.0796870927281,0.0194745482714,0.1417606200360,0.0512038929280,-0.0673728083229,0.5176305800373,0.2534419837243,0.0940326685466,0.3047700681415,0.0795018858676,0.0626329852858,0.0952347399636,0.0362603726022,0.2968148548931,0.3545892639966,0.3912686506378,0.0450943440240,0.1570508555186,0.2689619684959,0.1526628888306,0.0105039827968,0.0573028011217,-0.1331243932317,0.1567587167551,0.0633117998894,0.2167625173649,0.0832243881064,0.0956356315752,0.0065154530486,0.0319372926047,0.1036108536653,0.1698609446718,1.0000000000000,0.1642796776366,0.1597001623349,-0.0124818133716,-0.1084968268839,0.0081979941580,0.1441015265744,-0.0757597349866,0.4033792190988,0.1191356712743,-0.0669968745502,0.1164310064761,0.0747722918036,0.0767556719531,0.0837710447156,-0.0017468253040,0.0712864252383,0.2311174906278,0.1686673560500,0.0484121996165,-0.0510030590259,0.0197519875532,-0.0193197829835,-0.0426756422394,-0.0133286892134,-0.1519407556388,-0.0091381459387,-0.0208298434869,0.1430405324660,-0.0230436989473,0.1206488917993,-0.0262481201210,0.0478935566993,0.0630483082556,0.0611936840151,0.4404666834949,-0.0501958111881,0.0814337775277
0.4739541361258,0.3326021146430,0.0949467808218,0.2290759861225,0.3806944224755,0.1852076530521,0.2670224572273,-0.0197630762902,0.2391078026044,0.1789231857184,0.2480433289885,0.0144378413862,0.3531813996375,0.0014834492182,0.1664309863695,0.3846431697260,0.3268640612303,0.2007943425792,-0.0128517901228,0.0617519408755,0.3381844031104,0.4596487221564,0.3540061595584,0.5157810748553,0.2783573543296,0.2264412184584,0.1309233588172,0.2407907252069,0.3743161131973,0.6703298176731,0.4043437866604,0.2645812537480,0.1642796776366,1.0000000000000,0.5187651022378,0.4225495366729,0.0814029803812,-0.2130556867341,0.2769691297148,0.2732314200265,0.2076363547875,0.1280101568571,-0.1128499369217,-0.1901704731221,0.1675069639528,0.1197711919333,-0.2844813475388,0.2010029982487,-0.3179161027950,0.1048036290774,0.3248001430786,0.4058601932911,-0.2272115649940,-0.4671587596780,-0.2804697346309,0.2828919800550,0.3594574871776,0.2913698380283,0.2525226839509,0.2195622019415,-0.1877181938398,-0.3642526953244,-0.1394312639113,0.2557235887890,0.6171485756896,0.3559510343472,-0.1424817887688,0.2976532430979,0.7106871653849,0.3556416145650
0.3700448808689,0.4390551268025,0.2015766615288,0.5374128220443,0.2129790410886,0.2638652653784,0.3158135821825,0.0907908118642,0.0796487578477,0.1511566188674,0.0626927409116,0.4305045367685,0.0513751085147,0.1080690353649,0.1046859575861,0.3280406757644,0.2135096573104,0.3349179546780,0.2721731829044,0.3396857858798,0.1046275331063,0.3353105016160,0.3535179957767,0.4538123022061,0.1821824984908,0.3595324795292,0.3891725965916,0.3670230966048,0.3142035190910,0.5224803409218,0.4404483603787,0.3004636017471,0.1597001623349,0.5187651022378,1.0000000000000,0.4094299617182,0.3337219403311,-0.0405575028881,0.4702775087503,0.0942668888408,0.2894400537938,0.0585760190296,0.0017127833373,-0.2211404741180,0.0802193290819,-0.0575134651772,-0.0643426644878,0.0377792419831,-0.1557360425432,0.0022536984896,0.2480724364931,0.2972875707105,0.0178182696231,-0.1627570342108,-0.0189385034013,0.0858285839446,0.1776834066546,0.4026050273622,0.2093092240115,0.1725443243514,0.0522149088198,-0.1005540618241,0.1200470775344,0.1863028284888,0.3336346691828,0.2973276067184,-0.0932303071465,0.2048207273614,0.4488851921109,0.5645890101129
