1.0000000000000,0.3376528053678,-0.0012404308663,0.3883036261923,-0.0405007992143,0.3559729003145,-0.0392454660414,0.3326122000249,0.2115957534381,0.3219474096604,-0.1597570046953,0.2450550136504,0.0443530729484,0.4408852053203,0.4680533859996,0.4339804294664,0.1815548009501,0.2714774662194,0.2272771231090,0.3581546499055,-0.0044181305190,0.3053609708194,0.3532405279855,0.1554358578512,0.2184923085924,0.5624356484181,0.2182940078350,0.4290514034105,0.0790788390358,0.6044900375527,0.1930743361654,0.0625461654602,0.1406576572326,0.3951264329798,0.3911728255419,0.2714310831471,0.0976158282203,-0.1951647595787,0.2817137115560,-0.0436912011799,-0.0861839559246,-0.1399120736578,-0.0974969590279,-0.1432471854013,0.2730637421570,-0.4247609810636,0.1899701784793,-0.1201231517678,0.1137026779184,0.3447638107203,0.2992697783928,0.0729545080906,-0.0486746851590,0.0245436901098,-0.0260477820434,-0.1306653559520,0.0391516813697,0.0819722786357,-0.0711934495941,0.1426942568458,0.2150171668859,-0.1483048002811,0.1239524265965,-0.1955310066011,0.3220571713604,-0.3118327259580,-0.0344150160642,0.1849609397927,0.1434977002718,0.3120098952395
0.3376528053678,1.0000000000000,0.2542887801448,0.5731630043000,0.0233387178681,0.4220109842251,-0.1193794782394,-0.0468539704147,0.0339647687009,-0.0587607485477,-0.1591692745842,0.2498742520180,0.1717615184028,0.1497741895755,0.0846839616860,0.2818920336974,0.4783875079990,0.4453013457533,0.1805644960020,0.4714057690637,0.0695727862817,0.6382488873148,0.6127637437470,0.4625426610691,-0.1453656572018,0.5986627300487,0.3754788142594,0.5540431491894,0.1716604354955,0.4055567457127,0.5429094596191,0.1033377663208,0.1294042666499,0.5384599438027,0.6894573107917,0.2623461528632,0.5947074935817,0.0693712438862,0.3119834213846,0.0914984871011,-0.2062748718694,-0.1314948125966,-0.4995984415405,-0.2553056715272,0.0155284760336,-0.4705362946470,0.1735634177601,0.0089892126925,-0.1878137204308,0.0596720056078,0.1721359151585,0.4949626231018,0.2908283261687,-0.1367603194125,-0.0001452169100,0.0066132287418,0.2961878880002,0.4714068304435,0.2276055171396,-0.1207196184400,0.2073614781172,-0.0381967524512,0.3334662484847,-0.2160942527495,0.3677550545610,0.1198377276833,-0.0606503661335,0.0101247458889,0.3184805925024,0.7165203882602
-0.0012404308663,0.2542887801448,1.0000000000000,0.0699236666916,-0.1673488756467,0.0732773471548,-0.1439459002935,-0.1780120209017,-0.1519796573347,-0.0745987959957,-0.3993268114938,-0.2789858552356,0.2302310836448,-0.2127063355250,-0.2321051381328,-0.1133116724704,0.5166907641210,0.4720830791877,-0.2078574085476,0.2666103949707,0.2767901289963,0.2815996796156,0.2535815207690,0.6708864012897,-0.2721124918919,0.1108760362113,0.3447555198191,0.5419168332746,-0.2553593294929,-0.1515482678098,0.2016149422817,-0.1181388079694,-0.3422550844572,-0.0793670385622,0.2088044923743,0.0912452093118,0.1639406823332,0.6923347922235,-0.2925416950307,-0.1418855005291,-0.4610439118953,0.0127824092083,-0.3193414497839,-0.1043177663117,-0.0355541803785,-0.1520560952169,-0.2906887775949,-0.0647642125493,-0.1526699346526,-0.0334591630932,-0.1130793290592,0.5119171723140,0.0154341510633,-0.2083533211008,0.0900186773915,0.2601846387299,0.2579973684343,0.2659388761709,0.3956668069597,-0.1007381446407,0.2060020133880,0.3232044809812,0.5073164827132,-0.4729888229421,-0.0843100541259,0.2115894791794,-0.4851574082030,-0.0941990537501,-0.1339319006440,0.0381345190534
0.3883036261923,0.5731630043000,0.0699236666916,1.0000000000000,0.1743490250240,0.3918762296408,-0.0487039518318,0.3177851523273,0.2021946407707,0.3751240713118,0.1294012332197,0.3125996934948,0.1720045607271,0.2079564818375,0.4138274119785,0.5149733323591,0.0724692866292,0.3490810309421,0.4979528725143,0.4637455417241,0.1047309786291,0.4124265039737,0.6253315366928,0.1218891494555,0.3850917613450,0.6310243612394,0.4704297401947,0.4357901609521,0.4142020417355,0.3959904753315,0.4240008412778,0.0107214809275,0.3663517915173,0.4979665440979,0.5007455291223,-0.0260792615855,0.1891770053888,-0.1445584755537,0.7548194334833,0.1175625588810,0.0764778344769,-0.1600663830007,0.0065038337681,-0.2306819773141,0.3537527906637,-0.2428157143329,0.3681703564185,0.0578553796308,-0.1191363312635,0.1388626544132,0.2591669985377,0.0598825552851,0.1102680571504,0.0363538025080,0.0010440589942,0.0367592555106,-0.0145963228475,0.3794356786697,-0.2147206303459,0.2758546537474,0.1118338189081,-0.0210607709215,0.1695625756009,0.1653649935224,0.1619044208364,-0.1648063771138,0.0276423869131,0.0324943353427,0.2524256142062,0.4936826879706
-0.0405007992143,0.0233387178681,-0.1673488756467,0.1743490250240,1.0000000000000,-0.0098650464071,0.4485074051132,0.0779941018173,-0.0419296246737,0.1875110157620,0.2493771185108,-0.0841414354889,0.6233136239740,-0.0138317171926,-0.0239117394519,0.2785168272865,-0.0720814207578,-0.0297510140454,-0.0404518648379,-0.0521986917780,0.4802143160675,0.0011706665776,0.0256929517112,-0.0741892963867,0.2929640505561,0.0259388586133,-0.1030024683567,-0.1558456689848,0.3807694417813,-0.0244630780989,-0.0157558203780,-0.0668988717038,0.1518646374052,0.0378738573703,0.0179460566805,-0.2283955637636,-0.0225925988211,-0.0339301930481,0.1809931944023,0.9224474936541,-0.0649301215745,0.2267516434535,0.0027514159714,-0.2362158719398,0.2276668864856,0.2162019756382,-0.0109318212576,0.6532872805763,-0.0541668578910,-0.2314655801403,0.2798395744815,-0.0922712802064,0.0256662947064,-0.2142765939723,-0.1852248329985,0.5281678664571,-0.0769076557363,-0.0216500046825,-0.1062641603410,0.3059410481648,-0.1791919754170,-0.0866235251772,-0.1223287923299,0.4013088657046,-0.1088315065813,-0.0877445953254,-0.0172916675701,-0.0506389243687,0.0704261181477,-0.0049776921490
0.3559729003145,0.4220109842251,0.0732773471548,0.3918762296408,-0.0098650464071,1.0000000000000,0.0157009172735,0.2868554794667,0.3845342532748,0.1198788199235,-0.0674647777956,0.4293071907326,0.0726902798476,0.3486458308600,0.0685414825850,0.4195818364115,0.1992419312586,0.2199932569503,0.2442348871103,0.2553376682620,-0.1741487105034,0.4055122037684,0.3430549127631,0.1191658549004,0.1174514091839,0.5191403604827,0.3518392343923,0.1993009842332,0.2510564257334,0.3242899461396,0.4184364928895,0.3006593152964,0.3188669452206,0.4138773524808,0.5786012244219,-0.0151541485016,0.0606558518124,-0.0964138604162,0.1360131787102,0.0115143054927,0.1003548835276,0.0887049374646,-0.3635547607501,0.0968251508335,0.1637512103141,-0.5088638817749,0.1696631361427,-0.1212830791815,-0.0764402509556,0.2622586454033,0.4123827973770,0.1291757756953,-0.0384134456148,-0.0100809792285,-0.1127327842408,-0.1850044927172,-0.0844185917622,0.0980887801598,-0.1560227479047,0.1218750855234,0.0848603147413,-0.0494233517215,-0.0425406225139,-0.0791770371344,0.3431250911376,-0.2981378209682,0.1966058052595,0.2286797503792,0.0699314281836,0.5989681400219
-0.0392454660414,-0.1193794782394,-0.1439459002935,-0.0487039518318,0.4485074051132,0.0157009172735,1.0000000000000,-0.1070579184641,0.2375821034263,0.1385016806864,0.1645225379654,-0.0756869786021,0.5418461895531,-0.0795761474429,0.0264886355042,0.3299872397538,-0.2646823822289,-0.0053761764067,0.0412976266545,0.0012683718597,0.3186764661410,-0.1880914261057,-0.2594257866137,-0.0252142220949,-0.0215975048961,-0.2296301850824,-0.2427972521996,-0.2288767696369,-0.0386646426774,0.1713897517185,-0.2445194100367,-0.0140905993705,0.1794809483725,-0.0641711772346,-0.0267664302472,-0.1609454576446,-0.0101525309138,-0.0190624477915,-0.0193993744786,0.3731961025245,0.0642240707668,0.5628022734455,-0.2007575070034,-0.0628965210686,0.0814532998360,0.1748584220008,-0.1328362351149,0.6508095258235,0.0132163105960,-0.2284494187828,0.3215203305419,-0.2304139224353,-0.0258363467731,0.0346381243709,-0.0110882488045,0.4414741949503,-0.0879111538058,-0.1778991169189,0.0071186247754,-0.0021291319479,-0.1392266622110,-0.1182297303184,-0.1430632925446,0.0522381344692,0.1064936566628,-0.1312154788387,-0.0861432315206,0.1125955325153,-0.0037140604989,-0.1067930293988
0.3326122000249,-0.0468539704147,-0.1780120209017,0.3177851523273,0.0779941018173,0.2868554794667,-0.1070579184641,1.0000000000000,0.1473497244219,0.4139102858615,0.1804512944701,0.3692944808611,-0.0728065018612,0.5027826059401,0.3539821848023,0.4313785512796,-0.2030238193403,0.0205419340806,0.2998488810584,0.0586569934872,-0.2055053574361,0.1185602033920,0.1454690561561,-0.2555173599450,0.6745551675280,0.3316596478567,0.2548198692458,0.0781569297643,0.4589126175238,0.1009507908029,0.2926820697109,0.3736431771846,0.4382354432815,0.3008198569021,0.0244648247597,-0.3922504804944,-0.3356478119624,-0.4166473123477,0.3143548939995,-0.0010890162724,0.1779195886579,-0.2215100896325,0.3364727448013,-0.0498631712813,0.2964988561126,-0.1508781297528,0.1592017635573,-0.1451412761989,0.0332286866947,0.2231239233193,0.3111938528224,-0.4203183921193,-0.3266257541045,0.0051437498152,-0.3232857343639,-0.1797351831119,-0.4938919552874,-0.2363697718475,-0.6105496616700,0.4171213909132,-0.1162387769658,-0.2277766271840,-0.2752416077286,0.3718741944020,-0.0452979242592,-0.6551818728967,0.4547814142498,0.1979244006141,-0.0737870762531,0.0424305940306
0.2115957534381,0.0339647687009,-0.1519796573347,0.2021946407707,-0.0419296246737,0.3845342532748,0.2375821034263,0.1473497244219,1.0000000000000,0.0305606582548,0.3158940405981,0.3726989919198,-0.0911192878599,0.1314715243728,0.4146186893247,0.2955469451564,-0.1816044297117,-0.0345739929486,0.3714348696678,0.0273944458373,-0.1298957289288,0.0828533240569,0.0347542406575,-0.2178382649093,0.1661984173385,0.1193284554616,0.2080187782160,-0.1429848302944,0.3357856255494,0.1934178049704,0.3023437831677,0.0447736110569,0.3821464373271,0.1334802047189,0.0931266397718,-0.3068301172715,-0.1256268543963,-0.2362030791818,0.2217659573070,-0.1073836825655,0.2707025149517,0.0948919509378,-0.1595051855768,0.3953671021332,-0.0158402472997,-0.0647190833291,0.2210004590355,-0.0377329380752,-0.0939949234635,0.0386427719503,0.1287087051250,-0.1404364913938,-0.2130450452659,-0.0116489910899,-0.2674468672931,-0.1502606193918,-0.0610325001336,-0.1114461449513,-0.2502152769279,-0.1078287356593,-0.1584634624773,-0.2128180118001,-0.3648308767383,0.1921432662214,0.0343077292396,-0.0740444254673,0.1394534499019,0.0249636028051,-0.0390750112083,0.1447422165312
0.3219474096604,-0.0587607485477,-0.0745987959957,0.3751240713118,0.1875110157620,0.1198788199235,0.1385016806864,0.4139102858615,0.0305606582548,1.0000000000000,-0.0526088797898,0.0471907191288,0.2433385850654,0.4437532681545,0.2279335264933,0.5379857577073,-0.0795641005571,-0.0287296096304,0.1745506916347,-0.0440460510113,0.1770205427858,0.0033837263145,0.1418948090090,-0.0692323125022,0.6636986711116,0.3055342572475,0.1017292100617,0.1798079005577,0.0551009575052,0.2369737869359,-0.2996166095691,0.0081455688082,0.1343168141789,0.1634820476537,0.0433989054603,-0.0528374691953,-0.1343238624537,-0.2902445325847,0.3674061379944,0.0939586623092,0.0231649975089,0.0270480491081,0.1571216800138,-0.2799745651964,0.8510379018921,-0.2043068287261,0.1201821700142,0.1813733307704,0.3328852681686,-0.0094852973655,0.3875489530405,-0.1051471846125,-0.3848396338847,-0.0636905655652,-0.2652008591432,0.1636972389611,-0.0331765781909,0.0520768507030,-0.1780723106243,0.6077823414905,0.1154566361608,-0.1505082131447,-0.0813597852047,-0.0901459483505,0.1072550822810,-0.3874136268242,0.0090494076401,0.2000242373236,0.0455093991419,-0.0454017206786
-0.1597570046953,-0.1591692745842,-0.3993268114938,0.1294012332197,0.2493771185108,-0.0674647777956,0.1645225379654,0.1804512944701,0.3158940405981,-0.0526088797898,1.0000000000000,0.0755257794447,-0.2810023683148,-0.1359345290025,0.4788630238967,0.0800272855660,-0.4670008335824,0.0019827116515,0.3776859254612,0.0960577858972,-0.2352414765111,-0.0574382261877,-0.1007624566011,-0.3529520078186,0.3750367833805,-0.0634568066352,0.1237321667528,-0.1877100852902,0.5898482188769,-0.0467815005548,0.1033144874695,-0.0677968344668,0.4918627015049,-0.0309777394586,-0.3007998740899,-0.5961103756833,-0.4520320910139,-0.5054484817910,0.3541592530374,0.1192228568157,0.5061630994543,-0.0471735249230,0.1823796143775,0.1160870707041,-0.1633395608323,0.6303234172961,0.1214262127306,0.0887714938679,-0.2451949621541,-0.2646245605826,0.0025659094484,-0.3994301304885,-0.1430311973100,0.0252346897686,-0.1393322346760,-0.1244862798423,-0.4270097858081,-0.3367764015897,-0.5856260405317,0.0695211283408,-0.4623471355588,-0.4020955210642,-0.4547155911798,0.5872246457378,-0.4940696320376,-0.2979304749932,0.2717692843994,-0.1313711191071,-0.1169592313494,-0.1140035404105
0.2450550136504,0.2498742520180,-0.2789858552356,0.3125996934948,-0.0841414354889,0.4293071907326,-0.0756869786021,0.3692944808611,0.3726989919198,0.0471907191288,0.0755257794447,1.0000000000000,-0.1824613839669,0.5765620464194,0.2888054817385,0.3535736227765,-0.1752368548382,-0.1470280044760,0.4987009849101,0.1174151236216,-0.2823664398828,0.1167869721037,0.1117381625582,-0.2243654481789,0.1972147163460,0.2877488192910,0.1408814001945,0.0172261717691,0.3847373576845,0.3427622210670,0.3468486138446,0.4636637842503,0.4399127068772,0.3263665772724,0.2437099866950,-0.1209731919303,0.0066719110096,-0.4231978818792,0.3752327639545,-0.0751811965189,0.3508724313807,0.0191301609315,-0.0616678642230,0.2282438613053,0.0621573049239,-0.3412140354473,0.6096915123989,-0.1345656815561,0.3025445835526,0.1425076791300,0.3019784350168,-0.2458400977118,-0.0793923772197,0.4925802781093,-0.0723073348639,-0.3018545464989,-0.1719430016476,-0.0706494388413,-0.3011601805115,-0.0108585399792,-0.0266414859826,-0.2935161697793,-0.2141327515704,0.2787168945965,0.2154828282839,-0.2305785425059,0.6224938408865,0.1597421330196,0.1406515289576,0.3234670744750
0.0443530729484,0.1717615184028,0.2302310836448,0.1720045607271,0.6233136239740,0.0726902798476,0.5418461895531,-0.0728065018612,-0.0911192878599,0.2433385850654,-0.2810023683148,-0.1824613839669,1.0000000000000,0.0066153374224,-0.2225050469912,0.3453109210794,0.2140907089258,0.1556682309017,-0.1399328618791,0.1164829151116,0.7926964977036,0.0456095414494,0.0216576498971,0.2961134185799,-0.1019168660005,0.0310573022716,-0.0860891074768,0.0419999373313,-0.1508111420337,0.0516263822092,-0.0663922108818,-0.0558261640770,-0.1247450620270,0.0108136810562,0.2930685540962,0.0322271782026,0.2517600360210,0.3500992493475,-0.0040244944709,0.6023758522607,-0.4187987645781,0.3002713125796,-0.2642637303525,-0.3473406463728,0.2573614774839,-0.0809592682770,-0.1335823004119,0.7061162543374,0.0553826166286,-0.1150384442326,0.2564430034891,0.1604184775215,0.1601517374197,-0.2185896110972,0.0150312969526,0.7760815718820,0.1529095276419,0.1159564128407,0.2445822270471,0.0698205788792,0.0635075735983,0.1691197301471,0.1871003388637,-0.1208584983131,0.1993342638443,0.0536698231323,-0.2972365428670,0.0692020645645,0.1124214988038,0.0823307148169
0.4408852053203,0.1497741895755,-0.2127063355250,0.2079564818375,-0.0138317171926,0.3486458308600,-0.0795761474429,0.5027826059401,0.1314715243728,0.4437532681545,-0.1359345290025,0.5765620464194,0.0066153374224,1.0000000000000,0.2653644159861,0.3585214352710,0.0305255340999,-0.1751880041220,0.2770150485547,0.0182970123474,-0.1731890322134,0.1374671868697,0.1505033503652,-0.0809271640370,0.3414046242020,0.5110741844423,0.1034185470646,0.2298558022952,0.1065100047883,0.3880069998154,0.0077986906851,0.5825816107549,0.2045395268724,0.3255845724626,0.1151538789737,-0.0304111750008,-0.0857469407909,-0.4213172576012,0.1746689504131,-0.0386871677743,0.0221309918158,0.0215362013193,-0.0845639571145,0.0530032046764,0.3765322498741,-0.4099822523223,0.2880637520112,-0.1949477860293,0.5195900185617,0.3707843539945,0.3479083414307,-0.0985912386371,-0.3814155290750,0.1469053187662,-0.3011545987379,-0.1984424303976,-0.0843901761618,-0.0648739347492,-0.1699608323534,0.2244035536088,0.0555929810103,-0.3086189748301,-0.1242499357505,-0.0583196791779,0.3378012510132,-0.4563965578191,0.4933227756230,0.2832476501773,0.0961411066495,0.1444524822466
0.4680533859996,0.0846839616860,-0.2321051381328,0.4138274119785,-0.0239117394519,0.0685414825850,0.0264886355042,0.3539821848023,0.4146186893247,0.2279335264933,0.4788630238967,0.2888054817385,-0.2225050469912,0.2653644159861,1.0000000000000,0.3268942815482,-0.3084233842716,0.2090572919969,0.7192290585441,0.4578478697604,-0.1637296124038,-0.0174909842515,0.1675842480266,-0.2315991473801,0.3783943202122,0.2988776444931,0.3030516195074,0.2642673725805,0.3149654185040,0.5290461989443,0.1571139153215,-0.0386150508185,0.5394338760875,0.1969438847608,-0.0483623049289,-0.2612069974431,-0.2460484992499,-0.5448093065280,0.5433134781845,-0.1430068268797,0.3609129127574,-0.2444303574077,0.1735042709505,-0.1046873736917,0.0479272349901,0.1541933961912,0.3173229086851,-0.1136101936600,0.0216105569281,0.1788482502227,0.0409302072297,-0.2923514358485,-0.1666996882809,0.1933257182451,0.0198198671305,-0.2111948898281,-0.3054779070635,-0.1414225458650,-0.5109851283071,0.0641559308246,-0.1623664513904,-0.3903299819885,-0.1394115289958,0.1857031953650,-0.0800145315531,-0.3868863754943,0.1896500312621,0.1726161287178,-0.0073953140399,-0.0102069269579
0.4339804294664,0.2818920336974,-0.1133116724704,0.5149733323591,0.2785168272865,0.4195818364115,0.3299872397538,0.4313785512796,0.2955469451564,0.5379857577073,0.0800272855660,0.3535736227765,0.3453109210794,0.3585214352710,0.3268942815482,1.0000000000000,-0.0585152250183,0.1420941101699,0.3165041215629,0.1861635747091,0.1881506587991,0.2357982545358,0.2740606930798,-0.0481004175501,0.4598189196501,0.4188110431732,0.1613927934608,0.1013031266693,0.3715704034585,0.4412132145922,0.1525707224294,0.1374200532350,0.4885642858198,0.4858397401254,0.3954067616692,-0.1510338460158,-0.0076119107498,-0.3042227251239,0.5316459910176,0.2694309267850,0.1678029645009,0.1352140404049,-0.0291245525710,-0.1519753576590,0.5792136197594,-0.3801608198729,0.3439731599997,0.3194338091139,0.0160259350368,0.0252981283928,0.7198727454012,-0.0890702466738,-0.1601220333864,0.0231840711884,-0.2309364503764,0.1732814221985,-0.0739730624499,0.0539557857041,-0.2728758649069,0.3876370917230,-0.0229442993485,-0.2473096791569,-0.1925957213969,0.1535898662521,0.2403454450257,-0.3405658997366,0.1986534873575,0.2971740110507,0.2148893134251,0.3942776601000
0.1815548009501,0.4783875079990,0.5166907641210,0.0724692866292,-0.0720814207578,0.1992419312586,-0.2646823822289,-0.2030238193403,-0.1816044297117,-0.0795641005571,-0.4670008335824,-0.1752368548382,0.2140907089258,0.0305255340999,-0.3084233842716,-0.0585152250183,1.0000000000000,0.2591730474340,-0.2550155272179,0.1428561652125,0.2394856204233,0.5686487918030,0.4075485365674,0.7088266643793,-0.3053545401602,0.3091396083243,0.1770029597941,0.4250512217575,-0.2091246627929,0.0166183277247,0.1899481878264,-0.0745683766515,-0.3496609530206,0.2406974485050,0.4108749716222,0.3543718002843,0.3291758054317,0.4114151142966,-0.2213738259240,0.0063278311955,-0.4996737666746,-0.1442599573179,-0.4117143746255,-0.2037925061232,0.0056276039675,-0.3016247515816,-0.1330937291325,-0.1206860446604,-0.0038227273968,0.0326544358021,-0.0799830493739,0.8994966286090,0.1278851712420,-0.2890120801726,-0.0200822482727,0.1317389463833,0.5013682404352,0.4013971087389,0.5483584929667,-0.1384495722631,0.2920588396166,0.1580779352233,0.4130705135001,-0.4164708502702,0.2148502436760,0.2242038186248,-0.3516304119224,-0.0039609894521,0.1581303158532,0.3307715225189
0.2714774662194,0.4453013457533,0.4720830791877,0.3490810309421,-0.0297510140454,0.2199932569503,-0.0053761764067,0.0205419340806,-0.0345739929486,-0.0287296096304,0.0019827116515,-0.1470280044760,0.1556682309017,-0.1751880041220,0.2090572919969,0.1420941101699,0.2591730474340,1.0000000000000,0.1429686788901,0.6970441909209,0.1024139753117,0.4073125444649,0.2845105501264,0.4740485253615,-0.0460251702638,0.3264384525359,0.5083871238980,0.4705695453174,0.1312629785681,0.2246222491784,0.4079745298238,-0.1607638177813,0.0935593137789,0.1578233161454,0.3802255584632,-0.0268556561110,0.1174235285976,0.1082404999567,0.1656930773411,-0.0501781955239,-0.0567990142605,-0.0863087486330,-0.2213385913894,-0.2693194738347,-0.0593741187514,-0.0604253853288,-0.1024686969788,0.0419890426201,-0.3744524614671,-0.1100586029015,0.0481971914833,0.2595272003811,0.2597499941822,-0.2051834692923,0.0900237624713,0.1096832455485,0.0124550086231,0.1113769517599,-0.0038265476755,-0.0901967151455,0.0642336457636,0.0821321336152,0.1919261039638,-0.1399435156460,-0.0151280013126,-0.0237332143685,-0.2339830812567,0.0770845437271,-0.0000920840690,0.3006277493633
0.2272771231090,0.1805644960020,-0.2078574085476,0.4979528725143,-0.0404518648379,0.2442348871103,0.0412976266545,0.2998488810584,0.3714348696678,0.1745506916347,0.3776859254612,0.4987009849101,-0.1399328618791,0.2770150485547,0.7192290585441,0.3165041215629,-0.2550155272179,0.1429686788901,1.0000000000000,0.5677482785997,-0.1698346742853,-0.0128449123721,0.1438923386458,-0.2229415853347,0.2803055613795,0.3388544346412,0.4249608968991,0.2503884148971,0.3266569053491,0.4407381575922,0.2078171066123,0.0123464503389,0.5674018324353,0.2143530487620,0.0805767352947,-0.3177290830659,-0.1786634610969,-0.4588440990773,0.6003374064269,-0.1420112713499,0.4351141703096,-0.1449284728378,0.0447149951960,-0.0950719283074,-0.0027349504653,0.0806822914956,0.5733960354279,-0.1286924449628,0.0441819012616,0.0509281889319,0.0890542623927,-0.2324721192043,-0.0919075920272,0.4502073809509,0.0733495633473,-0.2178281226403,-0.3332519288796,-0.0886653737869,-0.5194772811653,-0.0341544979628,-0.1875803915443,-0.2532949622230,-0.0834011073175,0.1985027823983,0.0174020031922,-0.3505370629975,0.2529814986970,0.1938815829834,-0.0225924358332,0.1148338649058
0.3581546499055,0.4714057690637,0.2666103949707,0.4637455417241,-0.0521986917780,0.2553376682620,0.0012683718597,0.0586569934872,0.0273944458373,-0.0440460510113,0.0960577858972,0.1174151236216,0.1164829151116,0.0182970123474,0.4578478697604,0.1861635747091,0.1428561652125,0.6970441909209,0.5677482785997,1.0000000000000,0.0873527327124,0.2433086963348,0.3413017696424,0.2910450643630,-0.0949848655604,0.4397137616843,0.5084254774916,0.5956360591293,0.0908393095900,0.4099988917018,0.3815042439773,-0.0856414173435,0.2476415361405,0.2274889169233,0.3420010565955,-0.0319603488457,0.0667446991096,-0.0553895575144,0.3232642483749,-0.1197409396330,0.0267721730517,-0.1383403603076,-0.2648518453492,-0.2926411223727,-0.1443095869856,-0.0246110611813,0.1563503188475,-0.0682603334183,-0.2477026329469,0.0649222909820,0.0155594043702,0.1203492569099,0.2530575180373,0.1394071756975,0.3069726069864,0.0323942576336,-0.1538041450498,0.1191792167999,-0.1832091069552,-0.2265734921872,-0.0738453368522,-0.0309468130294,0.2269021331179,-0.1447940593697,0.0790285833920,-0.1813273068606,-0.1366686939599,0.0955874212469,-0.0424979247102,0.2928470915328
-0.0044181305190,0.0695727862817,0.2767901289963,0.1047309786291,0.4802143160675,-0.1741487105034,0.3186764661410,-0.2055053574361,-0.1298957289288,0.1770205427858,-0.2352414765111,-0.2823664398828,0.7926964977036,-0.1731890322134,-0.1637296124038,0.1881506587991,0.2394856204233,0.1024139753117,-0.1698346742853,0.0873527327124,1.0000000000000,0.0228151579413,0.0050927191344,0.3355673195774,-0.1531484202947,-0.1335236829874,-0.1870880401713,0.0480044044361,-0.2363454748936,-0.1004813264855,-0.1673883379883,-0.2929542785926,-0.2343657273130,-0.1223173121713,0.2406767830977,0.0739917399056,0.2659497385250,0.3677701033436,0.0566852808628,0.4983121648587,-0.4174897820421,0.0765042213996,-0.1327361253736,-0.3753409405203,0.2243847091231,0.0949430880288,-0.0340069552356,0.6526608660552,0.1705128600690,-0.2558885512544,-0.0275627253911,0.2152053174080,0.2185205086719,-0.1502160592422,0.1661943159596,0.8777999867875,0.3355730080345,0.1834778740384,0.3675636046952,-0.0081994961966,0.1546410408441,0.1758539196793,0.2512606423325,-0.1181821067721,-0.0423661682623,0.2311720201687,-0.4320329141486,-0.0686175254484,0.1116951567980,-0.0249501329131
0.3053609708194,0.6382488873148,0.2815996796156,0.4124265039737,0.0011706665776,0.4055122037684,-0.1880914261057,0.1185602033920,0.0828533240569,0.0033837263145,-0.0574382261877,0.1167869721037,0.0456095414494,0.1374671868697,-0.0174909842515,0.2357982545358,0.5686487918030,0.4073125444649,-0.0128449123721,0.2433086963348,0.0228151579413,1.0000000000000,0.5146538834893,0.6686884266872,0.0351196629789,0.4659159604210,0.3110425927684,0.4547064294387,0.3106255728807,0.2533530237022,0.5046017454109,0.0864254587534,0.0222276688406,0.5001507063130,0.5275618783006,0.0374588061107,0.2577690118955,0.0853126425452,0.1515023463899,0.0466350022737,-0.1623078446186,-0.1270801104200,-0.3680008369035,-0.1235052155322,0.0881559951121,-0.3151585009125,0.0421094551383,-0.0631538558204,-0.1814338169178,-0.0741846231526,0.1367801004841,0.4958595146173,0.0456500346945,-0.2478002926655,-0.2479241663525,0.0024263855026,0.3659224041249,0.3317927041508,0.2468583883753,0.0119912795912,0.1361632151144,-0.0968802397372,0.2075403717735,-0.0264452285468,0.1739992161523,-0.0140005024407,-0.0908352189578,0.0156856620731,0.3206190347141,0.5576729690680
0.3532405279855,0.6127637437470,0.2535815207690,0.6253315366928,0.0256929517112,0.3430549127631,-0.2594257866137,0.1454690561561,0.0347542406575,0.1418948090090,-0.1007624566011,0.1117381625582,0.0216576498971,0.1505033503652,0.1675842480266,0.2740606930798,0.4075485365674,0.2845105501264,0.1438923386458,0.3413017696424,0.0050927191344,0.5146538834893,1.0000000000000,0.2791599567764,0.1225218868276,0.5573712830182,0.2824944315223,0.5057690610090,0.2012684877019,0.3423922261873,0.5050978084767,0.1220368148191,0.0097561643208,0.5309651823814,0.5387776820239,0.2245176226050,0.3288879027684,0.0277270275563,0.3226291124017,0.0376232739734,-0.1494441580789,-0.2206167743946,-0.2337218251005,-0.2008086475858,0.1852918666204,-0.4060349994780,0.0624196622050,-0.1532145123086,-0.1368573767927,0.1535835198199,0.1163836583518,0.3900722653217,0.0637345451712,-0.1551050312538,-0.0073256187705,-0.0781774221002,0.1608683012522,0.7284125800297,0.0894726636906,0.0933247545243,0.1844882719368,-0.1032216174483,0.2046816125380,-0.0929223461729,0.2273732017593,0.0579457130529,-0.0500091115997,-0.0463417025008,0.2239209163313,0.5241346459791
0.1554358578512,0.4625426610691,0.6708864012897,0.1218891494555,-0.0741892963867,0.1191658549004,-0.0252142220949,-0.2555173599450,-0.2178382649093,-0.0692323125022,-0.3529520078186,-0.2243654481789,0.2961134185799,-0.0809271640370,-0.2315991473801,-0.0481004175501,0.7088266643793,0.4740485253615,-0.2229415853347,0.2910450643630,0.3355673195774,0.6686884266872,0.2791599567764,1.0000000000000,-0.3765930908352,0.1747481040913,0.1434336984174,0.5650611284918,-0.2721090121129,0.0489816008710,0.1091472251150,-0.0928425014332,-0.3569072089934,0.0969115886519,0.4111007182806,0.1983957223887,0.3455717767287,0.5091078412983,-0.1939460549109,-0.0337890812585,-0.4559654102718,-0.0168211770866,-0.4557747648847,-0.2768416854025,-0.0072336832392,-0.1479380623281,-0.2205746966663,0.0383458681216,0.0002719576338,-0.1449085586961,-0.0926937897242,0.6563692850583,0.1642789442159,-0.1868849912855,0.0808394284305,0.2916875324569,0.4517632467822,0.3364395686424,0.5865289809320,-0.1633060690579,0.2848294309125,0.1576969757072,0.5594342806148,-0.4472185395472,0.0723680906240,0.1530968689008,-0.4631621123548,-0.0350405825360,0.1638319343436,0.2321674318052
0.2184923085924,-0.1453656572018,-0.2721124918919,0.3850917613450,0.2929640505561,0.1174514091839,-0.0215975048961,0.6745551675280,0.1661984173385,0.6636986711116,0.3750367833805,0.1972147163460,-0.1019168660005,0.3414046242020,0.3783943202122,0.4598189196501,-0.3053545401602,-0.0460251702638,0.2803055613795,-0.0949848655604,-0.1531484202947,0.0351196629789,0.1225218868276,-0.3765930908352,1.0000000000000,0.2923554539752,0.2555392196872,0.0089092556827,0.6110777458243,0.1038766110534,0.0144268399622,0.0857554243738,0.4452873391092,0.1759409874237,-0.1655965786341,-0.3729637595370,-0.4131710955507,-0.4905481373974,0.4725794188573,0.1845687911045,0.3467999903756,-0.0582742056246,0.4146724992758,-0.0708418075059,0.5881102398467,0.0401128535409,0.2084491329384,0.0395328878852,0.0435675544180,-0.0107457437085,0.3780692642440,-0.3661352338544,-0.4158553749343,-0.0575110568948,-0.4035929007452,-0.0919627777431,-0.3079220924374,-0.1809986050268,-0.5530695619602,0.7238960440726,-0.1821460704879,-0.2984146091747,-0.3410821612155,0.4386117687332,-0.1594258739526,-0.5082183857333,0.3003072648149,0.0934471877632,-0.0978460344476,-0.0972073384026
0.5624356484181,0.5986627300487,0.1108760362113,0.6310243612394,0.0259388586133,0.5191403604827,-0.2296301850824,0.3316596478567,0.1193284554616,0.3055342572475,-0.0634568066352,0.2877488192910,0.0310573022716,0.5110741844423,0.2988776444931,0.4188110431732,0.3091396083243,0.3264384525359,0.3388544346412,0.4397137616843,-0.1335236829874,0.4659159604210,0.5573712830182,0.1747481040913,0.2923554539752,1.0000000000000,0.6155436648986,0.5884436122944,0.2717910843950,0.4277778902541,0.3466300861192,0.0903024172506,0.2322802547108,0.5435472197094,0.4700730710639,0.1129956694696,0.1167311272292,-0.1530146149838,0.3929835454869,0.0133544223369,-0.0747060827051,-0.1554262347854,-0.2128149329975,-0.1485124668628,0.2962541034311,-0.4165399068802,0.2880048375650,-0.2650233367821,-0.0280369599162,0.3448868590430,0.3213016927073,0.2432586439880,-0.0295671114291,-0.0773307071953,-0.1277740724180,-0.2180222384674,-0.0342533485393,0.2766312196994,-0.1763293016405,0.2395446493213,0.3137200777570,0.0661457362150,0.2327738014098,-0.1624158286440,0.3233424363484,-0.3046383351442,-0.0058080580081,0.1462640306022,0.0868967057659,0.5391959431756
0.2182940078350,0.3754788142594,0.3447555198191,0.4704297401947,-0.1030024683567,0.3518392343923,-0.2427972521996,0.2548198692458,0.2080187782160,0.1017292100617,0.1237321667528,0.1408814001945,-0.0860891074768,0.1034185470646,0.3030516195074,0.1613927934608,0.1770029597941,0.5083871238980,0.4249608968991,0.5084254774916,-0.1870880401713,0.3110425927684,0.2824944315223,0.1434336984174,0.2555392196872,0.6155436648986,1.0000000000000,0.5150105995047,0.3206427745797,0.1398929152722,0.3665711270673,-0.0421355110723,0.2799263962193,0.2370209493058,0.1396495141993,-0.1895927140278,-0.1141735492283,-0.0475530832739,0.2526761473794,-0.1593765393152,0.0029899376178,-0.1727111053300,-0.1038496755603,-0.0480244334809,0.0046822235775,-0.0958637738577,0.1534194815163,-0.2851514022604,-0.3218665235110,0.1230980817953,0.0594654347889,0.1846399412658,-0.0688968754559,-0.1190863594368,-0.1597250323381,-0.1812212448051,-0.1791299036013,0.0282958942849,-0.3077830520695,0.0948924896618,0.0219723660258,0.2348919910342,0.1306032780349,-0.0974571167225,-0.0394674712612,-0.2252661024966,-0.0838037720071,0.0053731802810,-0.2259388626957,0.2193407773725
0.4290514034105,0.5540431491894,0.5419168332746,0.4357901609521,-0.1558456689848,0.1993009842332,-0.2288767696369,0.0781569297643,-0.1429848302944,0.1798079005577,-0.1877100852902,0.0172261717691,0.0419999373313,0.2298558022952,0.2642673725805,0.1013031266693,0.4250512217575,0.4705695453174,0.2503884148971,0.5956360591293,0.0480044044361,0.4547064294387,0.5057690610090,0.5650611284918,0.0089092556827,0.5884436122944,0.5150105995047,1.0000000000000,-0.0797284701113,0.3308088105850,0.2046374926145,0.0028838186521,-0.0470974766837,0.2967773406319,0.3011075799802,0.1486247227092,0.2386612448620,0.1438206617440,0.1825104477623,-0.1906751706792,-0.2475680673045,-0.1997974651291,-0.3109987845433,-0.3067651308620,0.0707298417788,-0.2636292076919,0.0090985931484,-0.2133228145157,-0.0011129814131,0.1164822328327,-0.0108470596326,0.4108967765591,-0.0359431925021,-0.0179413163931,0.0789401250296,-0.0278982951182,0.1558790601311,0.3197062390441,0.1499123067731,-0.0288710345896,0.2843037900643,0.0597098513245,0.6234950818048,-0.4383951297658,0.1029467990134,-0.1665219537455,-0.2703298787577,-0.0352031667003,0.0766119784385,0.2251500260507
0.0790788390358,0.1716604354955,-0.2553593294929,0.4142020417355,0.3807694417813,0.2510564257334,-0.0386646426774,0.4589126175238,0.3357856255494,0.0551009575052,0.5898482188769,0.3847373576845,-0.1508111420337,0.1065100047883,0.3149654185040,0.3715704034585,-0.2091246627929,0.1312629785681,0.3266569053491,0.0908393095900,-0.2363454748936,0.3106255728807,0.2012684877019,-0.2721090121129,0.6110777458243,0.2717910843950,0.3206427745797,-0.0797284701113,1.0000000000000,0.0953142912210,0.5093452440446,0.1394745482711,0.5805676733703,0.2992516601812,0.0268373878501,-0.4775898434285,-0.2688714641921,-0.4159647881972,0.4603294236462,0.3377564282616,0.4110602383337,-0.0001399392613,0.1276952082408,0.1270387303244,0.1067266756443,0.0798995046013,0.2803233190725,0.1000625896136,-0.3250616050726,-0.1077321899502,0.3371957011895,-0.2346848048436,-0.1251179666781,-0.0468943320223,-0.3664281783101,-0.1424261555540,-0.2877997160697,-0.1642124476231,-0.5299409363614,0.2762607492270,-0.3833952337579,-0.3655117218966,-0.4166429290913,0.7513359339441,-0.1814727573711,-0.2745636065468,0.4139785796857,-0.0174891771074,0.0024512124794,0.2301324147229
0.6044900375527,0.4055567457127,-0.1515482678098,0.3959904753315,-0.0244630780989,0.3242899461396,0.1713897517185,0.1009507908029,0.1934178049704,0.2369737869359,-0.0467815005548,0.3427622210670,0.0516263822092,0.3880069998154,0.5290461989443,0.4412132145922,0.0166183277247,0.2246222491784,0.4407381575922,0.4099988917018,-0.1004813264855,0.2533530237022,0.3423922261873,0.0489816008710,0.1038766110534,0.4277778902541,0.1398929152722,0.3308088105850,0.0953142912210,1.0000000000000,0.1526100122542,0.1730198370249,0.2854694317696,0.5114567479355,0.3276565328669,0.2845258461598,0.1688757372703,-0.3477083094388,0.3407987680725,-0.0384855446813,0.1795946087920,0.1124230297347,-0.1993117773924,-0.1204698795695,0.1800015624198,-0.3946448875895,0.2243296810226,0.0427805798069,0.0733547528794,0.2791453376354,0.3500172343429,0.0378841258900,-0.0118052725109,0.1935108473817,0.0836303039351,-0.0952572413855,0.0568939841961,0.1602021905152,-0.0432264701944,-0.0315207062155,0.0608775092445,-0.2954203335615,0.0223775715994,-0.1263810900843,0.6360644525064,-0.1850260372519,0.1701446835479,0.3392320938153,0.3167743091218,0.3804064651584
0.1930743361654,0.5429094596191,0.2016149422817,0.4240008412778,-0.0157558203780,0.4184364928895,-0.2445194100367,0.2926820697109,0.3023437831677,-0.2996166095691,0.1033144874695,0.3468486138446,-0.0663922108818,0.0077986906851,0.1571139153215,0.1525707224294,0.1899481878264,0.4079745298238,0.2078171066123,0.3815042439773,-0.1673883379883,0.5046017454109,0.5050978084767,0.1091472251150,0.0144268399622,0.3466300861192,0.3665711270673,0.2046374926145,0.5093452440446,0.1526100122542,1.0000000000000,0.1661952928238,0.2250864197416,0.4075197687112,0.4696177738375,-0.1112633843197,0.1455356858992,0.0148197655466,0.2325991332491,-0.0090188904036,0.0592984182975,-0.1547121430057,-0.2463398626388,0.1378142537220,-0.2750089850278,-0.2289916733393,0.1210420397013,-0.1416371616235,-0.4093997895657,0.0535895263927,0.0612943734558,0.1123971869194,0.2067018864085,-0.0957565195103,-0.0889413457436,-0.1902550933272,-0.0830652498383,0.1777203695040,-0.1734658461085,-0.2298176461875,-0.0885608938451,-0.1471810773705,-0.0837167625302,0.2815147866430,0.0730005940044,0.0708736280334,0.1695678430477,-0.1048944387582,0.1528261215642,0.5471138451223
0.0625461654602,0.1033377663208,-0.1181388079694,0.0107214809275,-0.0668988717038,0.3006593152964,-0.0140905993705,0.3736431771846,0.0447736110569,0.0081455688082,-0.0677968344668,0.4636637842503,-0.0558261640770,0.5825816107549,-0.0386150508185,0.1374200532350,-0.0745683766515,-0.1607638177813,0.0123464503389,-0.0856414173435,-0.2929542785926,0.0864254587534,0.1220368148191,-0.0928425014332,0.0857554243738,0.0903024172506,-0.0421355110723,0.0028838186521,0.1394745482711,0.1730198370249,0.1661952928238,1.0000000000000,0.1359606614371,0.2354052567792,0.0950001626808,-0.1009277965720,-0.0315390240242,-0.2093050492002,-0.1148095872431,-0.0559834500882,0.0269524829679,0.1105520299585,-0.1298007073005,0.1998689948302,0.0420863997526,-0.3713095049485,-0.0623572703966,-0.1577402782729,0.1427381439223,0.2557341074573,0.2683076241597,-0.1734525176406,-0.2911952182346,0.0214080663178,-0.2226361323489,-0.2208636065566,-0.1626981426296,-0.0255553869180,-0.1309577728563,0.0331561679920,-0.2378130703467,-0.3477518921855,-0.2666145285680,0.0775495791089,0.2508767632723,-0.2501283930024,0.6599949747412,0.0848818354473,0.0560426684045,0.1344558100044
0.1406576572326,0.1294042666499,-0.3422550844572,0.3663517915173,0.1518646374052,0.3188669452206,0.1794809483725,0.4382354432815,0.3821464373271,0.1343168141789,0.4918627015049,0.4399127068772,-0.1247450620270,0.2045395268724,0.5394338760875,0.4885642858198,-0.3496609530206,0.0935593137789,0.5674018324353,0.2476415361405,-0.2343657273130,0.0222276688406,0.0097561643208,-0.3569072089934,0.4452873391092,0.2322802547108,0.2799263962193,-0.0470974766837,0.5805676733703,0.2854694317696,0.2250864197416,0.1359606614371,1.0000000000000,0.2906942404644,-0.0110734673892,-0.4071598451421,-0.2377941187560,-0.5491051898026,0.5023123905701,0.0783421036169,0.5307046711158,-0.0233792221918,0.1191648091487,-0.0020418470270,0.1029333074287,0.0213450770594,0.3589361890847,0.0386890456408,-0.1476933071804,0.0565838511786,0.3561575137309,-0.3591279639105,-0.1086975904762,0.1560693233842,-0.1435111841646,-0.1665304772288,-0.4264123559272,-0.2506360919749,-0.6292694391576,0.1822242587506,-0.3204630461252,-0.3063730108634,-0.3625957952673,0.4284866693806,0.0106290351226,-0.4552458029450,0.4327159658350,0.2880084988506,-0.0247618122048,0.1684713656457
0.3951264329798,0.5384599438027,-0.0793670385622,0.4979665440979,0.0378738573703,0.4138773524808,-0.0641711772346,0.3008198569021,0.1334802047189,0.1634820476537,-0.0309777394586,0.3263665772724,0.0108136810562,0.3255845724626,0.1969438847608,0.4858397401254,0.2406974485050,0.1578233161454,0.2143530487620,0.2274889169233,-0.1223173121713,0.5001507063130,0.5309651823814,0.0969115886519,0.1759409874237,0.5435472197094,0.2370209493058,0.2967773406319,0.2992516601812,0.5114567479355,0.4075197687112,0.2354052567792,0.2906942404644,1.0000000000000,0.4982650916006,0.1499563862984,0.2301241372279,-0.2416936207461,0.3968368478996,0.0550760592791,0.0352991659844,-0.0995974855253,-0.1822720741092,-0.0754826600936,0.2129953286266,-0.4758942519390,0.1801431565700,-0.1138635602391,-0.1068435359556,0.2216671693177,0.4239799459345,0.1696703624343,-0.0113024333068,-0.0563521279655,-0.1650210802619,-0.1496617388289,0.0351440432638,0.2884319296718,-0.0926654042482,0.1091493981127,0.1156430505130,-0.1234341237427,-0.0109934265930,0.0430729881728,0.4550466810369,-0.2000004467399,0.2074593942620,0.0623360053739,0.5345833193574,0.6465667898256
