1.0000000000000,0.2350169091760,0.3209596770668,0.1906935346409,0.5607078567230,-0.3956432577772,-0.0605212070675,0.2033055610108,-0.2858918322327,0.1321210099480,-0.0396226516014,0.0306988489735,0.2804970908569,-0.0554258277058,0.1360678681759,-0.1849747664097,0.5758164393544,0.5460673415754,0.2822187541169,0.2756381394180,0.3922456143046,0.5746480864679,0.3186736927353,0.6265411644089,0.1119339070658,0.2352070173954,0.0459240258036,0.1573781946583,0.2951430368710,0.3650997383115,0.3024324523529,-0.0072210815005,-0.4028502266197,0.2734782556703,0.0786255554887,0.7219761223712,0.0774304647392,-0.2849926087210,0.1364290289887,0.3915174511630,-0.4071298406251,-0.1935546735225,0.0243386526938,-0.3202424047274,0.0013310197157,0.0886249448653,0.0996397765057,0.4533433073713,-0.0242371763657,0.0991924473729,-0.0459473801706,0.6332161357694,0.1082248201704,-0.0347673410992,-0.0163747830063,0.3511738895103,0.5529478723219,0.4001914804240,0.5343614915489,0.1642905671189,0.0143067697639,-0.2645592819427,-0.0920585165763,0.3719139440114,0.5677659040902,0.4595821031433,0.0084830135044,-0.3062803954469,0.3766812873143,0.0425347236897
0.2350169091760,1.0000000000000,0.4997216738379,0.6730709236957,0.2884109796259,-0.3685367161594,-0.1145432814585,0.3231756221950,-0.3515036008436,0.2657677404859,-0.0886433840131,-0.0027337596959,0.3096634003240,-0.2273447615874,-0.2143742586677,-0.0965885780152,0.2840382991038,0.3333044584589,0.2389259845801,0.2792289999693,0.3168329423900,0.3478512888753,0.6612050388428,0.4202523630869,0.3050767626667,0.3969094146727,0.4650069548432,0.0826354018573,0.2534251979216,0.2064311287882,0.6165950426851,-0.0742683849131,-0.2296370683251,0.2978275085170,0.5164698786631,0.3208500422426,0.7846475405258,-0.2997280476108,0.5394866619733,0.2066230085761,-0.2202092326596,-0.3093270972340,0.1843709148828,-0.4386429929916,0.2186846730675,-0.0981284744093,0.0058024470876,0.3066362342515,-0.1736700708387,-0.2053905018724,0.1329355058899,0.2070714469206,0.5535638958124,-0.1734579257504,0.4080752269377,0.2102701576999,0.1572803688965,0.5661587511340,0.1764046129098,0.3529322414557,0.1817707113429,0.0985110072215,0.0073745918282,0.3236397247590,0.2253820462116,0.4051781921063,0.0648943955538,-0.2404267415707,0.2037937070013,0.4599711935162
0.3209596770668,0.4997216738379,1.0000000000000,0.5802822949081,0.2722765869063,-0.4152672666807,-0.2273581597631,0.6927619199225,-0.3419738335654,0.4077036095057,-0.2909930398278,0.0403038882250,0.2982717413450,-0.1459896427068,-0.2318240331591,-0.1093206940758,0.4154844977360,0.4660752665196,0.2598089299854,0.4550193501751,0.4632897710994,0.3956466159810,0.6368266282236,0.6277683865403,0.4099899468842,0.3460005235609,0.4532814841901,0.1877966507727,0.3145180927937,0.0181543452570,0.5120812074842,-0.1105441155467,-0.2664276389994,0.2086180508047,0.1968776661512,0.2042590972270,0.2524036073560,-0.0858333007544,0.4796103822503,0.1147465161730,-0.2525802701873,-0.4861862214405,0.4670479574027,-0.4749277091297,0.2722181734530,-0.3243273169070,0.0291946032732,0.2898002712001,-0.1075725788369,-0.1750003337706,0.0215389458058,0.3543802450657,0.3441614158008,-0.0032819273216,0.2993873683582,0.3354909328842,0.2610310476562,0.4564031902475,0.2475591215893,0.3749795076898,0.1640342325374,0.0904306092340,-0.0498374076107,0.3594669790078,0.0321038693518,0.2647472849272,0.0227740380659,-0.2753938405232,0.0933451951600,0.1619323487304
0.1906935346409,0.6730709236957,0.5802822949081,1.0000000000000,0.2742787173665,-0.2354439047796,-0.0639872540537,0.5465005534060,-0.1348154751416,0.5419237306212,-0.0124118331498,0.0964748664208,0.3787154604422,0.0111541715590,-0.1032514216344,0.0099872482787,0.3102804875633,0.3080727458048,0.1789399010368,0.2934894326482,0.5310718953436,0.2616647943349,0.6627037641327,0.3530449385532,0.4423889856316,0.5925741095626,0.4439976474209,0.0528722807684,0.2605448939635,0.1088409673410,0.5155731606377,-0.1330300716046,-0.1414499487632,0.3161849857301,0.4231682570270,0.1307177442968,0.5165431286998,-0.1538219176128,0.7885680120031,0.2492507828213,-0.1351264674520,-0.3284738524835,0.3483970809427,-0.3269184676667,0.4637304851508,-0.1273031422472,0.1035775058409,0.3284065932136,0.0338300795145,-0.1770526760086,0.0267090473013,0.1920293054258,0.3940465144767,-0.1059728590907,0.3691081826777,0.4065157533258,0.0364093638736,0.5090229928272,0.0312538069207,0.4807710403440,0.4102794297317,0.2245320036715,0.0508597136509,0.2690915088899,0.0058736075790,0.1334630129976,0.1382903837387,-0.2104232546373,0.1754005101016,0.4329165256702
0.5607078567230,0.2884109796259,0.2722765869063,0.2742787173665,1.0000000000000,-0.3464150086594,0.0828369957951,0.2933973432955,-0.2102843077043,0.3895085367091,0.2255136770095,-0.0883111360439,0.5699541876534,-0.0615083688373,0.0457372717923,-0.0171327669697,0.3982967481582,0.3816525691096,0.1079588183426,0.1901137714258,0.5351362589947,0.5405333993721,0.2698727637961,0.5186773214052,0.3269284789625,0.2252559717677,0.1249747996262,0.0417320310483,0.3992246128851,0.2459831835434,0.3850562216369,-0.0407487650914,-0.2381458382151,0.2564755458108,0.1324837827183,0.5894403802435,0.1129941875662,-0.2552605554072,0.1268109754236,0.8292228409235,-0.2792343388597,-0.1275719236897,0.1447717985315,-0.3288809608049,0.2244319607262,0.3391105321338,-0.0030888349747,0.6365045084196,-0.0455006363088,-0.0500008186573,0.0058885337047,0.4546558869554,0.2182007947266,-0.2089552952417,0.0774921292546,0.5055651201368,0.4910303404129,0.2781542681225,0.4287626765827,0.3720897010725,-0.0219196597464,-0.1720463348043,-0.1052791770347,0.5039059978442,0.3295977032438,0.3387353329413,0.0189230553073,-0.2637622462110,0.4022443749012,0.1052426984602
-0.3956432577772,-0.3685367161594,-0.4152672666807,-0.2354439047796,-0.3464150086594,1.0000000000000,0.4265231985664,-0.3849432253535,0.8376445683172,-0.2898328165889,0.1614490192434,0.4070918908887,-0.2591517333329,0.4215289726191,0.6692285414183,0.6137745514318,-0.3247300380126,-0.3459816600408,-0.1068044505516,-0.2350579869672,-0.3573456211816,-0.3262606198293,-0.3596075592488,-0.3703630002260,-0.2771609563263,-0.1329345338688,-0.2222789177830,0.0209984304683,-0.3596313340105,0.2458566893747,-0.2527381697775,-0.1196767163017,0.7392692219675,0.0313429054255,0.0163507649132,-0.3945450779034,-0.2648623663258,0.2757325980877,-0.3478486123508,-0.2911196987822,0.7252678155156,0.6028726900724,-0.2837618491499,0.7540983161532,-0.1822135980609,-0.0472321568915,0.1236491701104,-0.3860405972777,0.2706754454664,0.2899340420437,0.2811769141819,-0.3559684341239,-0.2210373747952,0.2118682137174,-0.3756313189611,-0.2799620918216,-0.2959832695560,-0.4110282855711,-0.2350705443249,-0.2752669273197,-0.0900320319273,0.0255122800712,0.2356700933045,-0.5008346820456,-0.0920380877322,-0.4388081544446,-0.1997893383701,0.7776910618798,-0.1257567138376,0.0628224961566
-0.0605212070675,-0.1145432814585,-0.2273581597631,-0.0639872540537,0.0828369957951,0.4265231985664,1.0000000000000,-0.1536670139896,0.6527162605780,-0.1514957670323,0.6729116604731,0.3621928727836,0.3344915073272,0.2012836837323,0.5650724714179,0.4661861661913,-0.2123257608540,-0.1524194224275,0.0871275521612,-0.0702681277934,0.0654214717377,-0.0757546690077,-0.1736393253606,-0.0956746662026,-0.0291624423488,-0.2412123390920,0.0212133550371,-0.1094344239729,0.1616820972934,0.3099485668916,0.1145289026838,-0.0505082020612,0.4309557588010,0.0143744339988,0.2517780716961,-0.1064358777067,-0.2101412775699,-0.1057652940967,-0.2062751818243,0.1727389109219,0.4266844543695,0.6704133270754,-0.3044313435692,0.5310530636017,-0.1607212264379,0.4963965474192,0.1884828230190,0.2232351083571,0.0357829551817,0.1473782589814,0.1545027347826,-0.2299443074751,-0.0866559857545,0.1019362560717,-0.2725251717182,0.0252027829799,-0.1691180016885,-0.2481132647880,-0.1618134716340,-0.1553000213863,-0.3405814416786,-0.0897990016307,-0.0796823866411,-0.1169896185532,0.0633643006582,-0.1549911475819,-0.2552884340979,0.4472456084698,-0.1559306650013,0.0433125335008
0.2033055610108,0.3231756221950,0.6927619199225,0.5465005534060,0.2933973432955,-0.3849432253535,-0.1536670139896,1.0000000000000,-0.2227718434000,0.5556122502962,-0.0898710611102,-0.1081174682887,0.3483568362019,-0.0525106348295,-0.2074327286724,-0.0800661143501,0.1799719735602,0.3013532141233,0.0867255564991,0.2384850777744,0.5479320102035,0.2522571404580,0.4114093749892,0.4053790839081,0.6455960802179,0.3356331652934,0.3456575745197,0.1629726982115,0.5046993997248,-0.1172561344112,0.5419066623280,0.0712542634278,-0.1490790932919,0.1383814137100,0.0336902418028,0.0285058072685,0.1915777381445,0.0035439938326,0.4757901942057,0.2423553966254,-0.2678156352153,-0.5080827984839,0.6220427493486,-0.4760531183254,0.4415152611219,-0.2058440303025,-0.0334630691262,0.3226168236332,-0.0197390250575,-0.2838073145113,-0.1607378101881,0.1452637616635,0.1741382518978,-0.1571225397386,0.1610526233339,0.4590644488615,0.0609305381814,0.2433333574694,-0.0514338253319,0.5010439262745,0.2628110006460,0.1800265657998,0.0374157035105,0.4235245911227,-0.2017720486972,0.0981174200111,0.2573196750259,-0.2776914264294,0.0674123598501,-0.0030306974596
-0.2858918322327,-0.3515036008436,-0.3419738335654,-0.1348154751416,-0.2102843077043,0.8376445683172,0.6527162605780,-0.2227718434000,1.0000000000000,-0.2179595600486,0.4109184449314,0.5199025745574,-0.0802395622651,0.4745872589519,0.7387624407751,0.6098418948790,-0.2464374478208,-0.3528116721319,-0.0595933905869,-0.2391874318819,-0.1281383008091,-0.2973903297004,-0.3598872445828,-0.3431843882430,-0.1928064381712,-0.0687768497431,-0.1958634772911,0.0630838367883,-0.1264863499244,0.2593913415962,-0.1242451270721,-0.1529812832368,0.6692205446826,0.0140155537129,0.0636349916068,-0.3645433595182,-0.2860795332703,0.2837774801508,-0.2467910456477,-0.1724271443722,0.5544987261135,0.6012434500644,-0.2597661355337,0.7963984826317,-0.1831122580389,0.1533594724290,0.3259648102251,-0.2111289796431,0.3036398609629,0.1515153037743,0.1505091936307,-0.2733113744977,-0.3197665804223,0.1538693755435,-0.4502411906725,-0.1463894865098,-0.2886034720743,-0.3777130713856,-0.2349500905465,-0.2165976846239,-0.0761589702097,0.0233640964846,0.2413321918480,-0.3587914406492,-0.1662595374292,-0.3397089687505,-0.2465058226043,0.6523077050687,-0.2236656831753,-0.0192687824249
0.1321210099480,0.2657677404859,0.4077036095057,0.5419237306212,0.3895085367091,-0.2898328165889,-0.1514957670323,0.5556122502962,-0.2179595600486,1.0000000000000,-0.1336666012981,-0.1226162842657,0.4945090127212,0.2495493643303,-0.1725016884370,0.1098533043868,0.1257763361791,0.1408524938422,-0.0171076141065,0.0443864694134,0.5973259077500,0.1884384517942,0.4709874172043,0.2185154008548,0.6165743269911,0.4213178731168,0.1205113523425,-0.0967222912359,0.1266403798623,-0.0732724630883,0.1636442541748,-0.0019996525162,-0.1679624604250,0.1314747092524,0.0308379618401,0.0768159281251,0.2757341988235,0.0318738425905,0.5288866756493,0.3426693784299,-0.1699144514899,-0.4035244134682,0.4655046529618,-0.3748872283975,0.8587904328234,-0.1530514272694,-0.0543710913119,0.4892010768523,0.3458915242168,-0.1077808884027,0.0929514884630,0.1253471172208,0.1470603572102,-0.3160053948062,0.1233935847278,0.5597697904003,0.0420780788094,0.3115077777326,-0.0238000754101,0.6818460176161,0.3157680347648,0.0622875146240,-0.0602764164192,0.1671810112712,-0.0430395649326,-0.0246384447271,0.2987556759532,-0.1763696697512,0.1535057986803,0.1133528881268
-0.0396226516014,-0.0886433840131,-0.2909930398278,-0.0124118331498,0.2255136770095,0.1614490192434,0.6729116604731,-0.0898710611102,0.4109184449314,-0.1336666012981,1.0000000000000,0.1772379193658,0.3666488372698,0.1369843539390,0.4178437098505,0.2347363044592,-0.1983603733764,-0.1123671040927,0.0188117931035,-0.0637796945173,0.0913860729910,-0.1200736408152,-0.2217398567760,-0.1921893734518,0.0008467224463,-0.1322172977366,0.0746504626115,-0.0768959772787,0.2746208497751,0.2252079199148,0.0550731378273,0.0859121237966,0.1426913712825,0.0076512213218,0.0950458146348,-0.0839529509199,-0.1676148546357,-0.1172001629574,-0.2145086776172,0.3918814617215,0.1357571269919,0.5717575911404,-0.3394007937832,0.3788368015412,-0.1209724050611,0.8017444769987,0.2219307438041,0.2881208402348,0.0207684029727,0.0464387296989,-0.0000724172240,-0.2355197432356,-0.1388664179406,0.0488125834983,-0.1152355596144,0.0409794530496,-0.2238916385591,-0.2709211619164,-0.2046875524501,-0.1116407063898,-0.2608632090725,-0.0336714685374,-0.0357924533787,0.0460830032345,-0.0117605493733,-0.2672683676391,-0.0936068440365,0.0660486015914,-0.1143401514282,-0.0854266839631
0.0306988489735,-0.0027337596959,0.0403038882250,0.0964748664208,-0.0883111360439,0.4070918908887,0.3621928727836,-0.1081174682887,0.5199025745574,-0.1226162842657,0.1772379193658,1.0000000000000,0.1097491939083,0.5245686157844,0.5266256137553,0.3966723392509,-0.0311959513717,0.1344994774480,0.4993711607711,0.2817382549665,0.0858082421114,-0.0012585763666,-0.0409455572385,0.0503875161022,-0.3107938149774,0.2332173457431,0.1948441025331,0.2926985609386,-0.1575073547534,0.4580562295534,0.0189983822285,0.0659176540389,0.3426164120583,0.1866646449541,0.2995030039773,-0.1570488931450,-0.1234561380563,0.1108686174810,-0.0637457030996,-0.1708027473346,0.2610475238379,0.1840875458764,-0.2624395089889,0.3996456422203,-0.1776934253034,-0.0379458377711,0.6303502213925,0.0099810700981,0.3905712591817,0.1534694583625,0.1867019982969,-0.0342900277689,-0.1139519941970,0.4704528582788,-0.1378220307262,-0.0210987525531,-0.0175292576385,-0.1508576463111,0.0526193138354,-0.3076608961776,0.0188660417237,0.0266231333925,0.3008301858920,-0.2562412734835,0.0946235213809,-0.1338157000825,-0.3146016750916,0.3803673717804,-0.0790867274614,0.1392361685395
0.2804970908569,0.3096634003240,0.2982717413450,0.3787154604422,0.5699541876534,-0.2591517333329,0.3344915073272,0.3483568362019,-0.0802395622651,0.4945090127212,0.3666488372698,0.1097491939083,1.0000000000000,0.1246689155512,0.0994303692806,0.3071530173648,0.1027468247397,0.2690474715983,0.1426561724958,0.2471278217954,0.6715283996055,0.3418990400612,0.3043176790026,0.3288976460784,0.3410435140975,0.1722236054891,0.2883690407223,-0.0665486224906,0.2647014807444,0.3202659186778,0.3375831762110,0.1563696322303,-0.1279153549577,0.2857664786981,0.2731130255535,0.2212411202143,0.1229961917215,-0.1930513429577,0.2598590704650,0.5313138772242,-0.0451895596213,0.0077639789363,0.1285085468401,-0.1749040855681,0.4249313083417,0.2512409927966,-0.0159187274875,0.8955910848806,0.0961127208231,0.0016856335898,0.2782498232899,0.1295858779589,0.2337774751448,-0.1607077618245,0.1743385251133,0.5690711310081,0.1663921052518,0.1603280998034,0.1085039688978,0.3320069380780,-0.0962747222191,-0.0112189725690,-0.0872647955631,0.2662565438276,0.2216227790128,0.0783258735434,0.1232192075088,-0.1260558886573,0.1740826086232,0.1976339711710
-0.0554258277058,-0.2273447615874,-0.1459896427068,0.0111541715590,-0.0615083688373,0.4215289726191,0.2012836837323,-0.0525106348295,0.4745872589519,0.2495493643303,0.1369843539390,0.5245686157844,0.1246689155512,1.0000000000000,0.5173923745066,0.4828427731129,-0.1406944152311,-0.1068315543606,0.1504961595756,-0.0281874238279,0.0674635189041,-0.0741031617435,-0.1667807476914,-0.1484560463780,-0.0959295680900,0.3153629209213,-0.0036147121733,0.2324051145720,-0.3151928924689,0.3241989804203,-0.3364625527274,0.2125146120959,0.2570170388705,0.1637020672873,-0.0784522237805,-0.2287559924187,-0.0898445062499,0.3420931981631,-0.0432917925919,-0.1124966137188,0.2513121431018,0.1740100697321,-0.1320878111268,0.4214723613554,0.2498767650707,-0.0913003612769,0.4141384673484,0.0530908418130,0.8729846382802,0.2553397811713,0.2211759355893,-0.0591138790023,-0.3047206663348,0.2561123316222,-0.2937183289574,0.0095103361147,-0.0558144311538,-0.2343468938969,-0.0607532485198,-0.0297166381798,0.2063742646382,0.2112962327655,0.4170798332068,-0.3582450212407,0.0387884714048,-0.3703004329314,0.1199250171526,0.3763944440300,0.0139061403498,-0.0054760771479
0.1360678681759,-0.2143742586677,-0.2318240331591,-0.1032514216344,0.0457372717923,0.6692285414183,0.5650724714179,-0.2074327286724,0.7387624407751,-0.1725016884370,0.4178437098505,0.5266256137553,0.0994303692806,0.5173923745066,1.0000000000000,0.5807941142263,-0.0738254124967,0.0326859583506,0.2149984944970,0.0561357252616,-0.1155198778690,0.0467062506078,-0.1826571385919,-0.0050490216248,-0.2281833299783,0.0709314700413,-0.0826241279291,0.1358240185638,-0.1533317892156,0.6883007950031,-0.0462093339726,-0.0448701330582,0.4863153584587,0.3066121527715,0.1064064471101,0.0230550613880,-0.2658554670570,0.0726821750938,-0.3238683064433,0.0130279335627,0.4068164560528,0.5873106993646,-0.3765851050320,0.6081690911826,-0.1371264382781,0.1679550125818,0.3013472023640,0.0372158031212,0.3382343867723,0.4100705115630,0.3620837934711,-0.0689072730387,-0.1926313278786,0.1537812100693,-0.3446315139957,-0.0910916241778,0.0098223537828,-0.2621246527351,0.0443006128183,-0.2202706675192,-0.1585675260958,-0.1529967119543,0.2403363548355,-0.2571443431554,0.2703944896328,-0.2398185123211,-0.1865561350363,0.5143021858008,0.0680268028588,0.0368037019763
-0.1849747664097,-0.0965885780152,-0.1093206940758,0.0099872482787,-0.0171327669697,0.6137745514318,0.4661861661913,-0.0800661143501,0.6098418948790,0.1098533043868,0.2347363044592,0.3966723392509,0.3071530173648,0.4828427731129,0.5807941142263,1.0000000000000,-0.1676575980177,-0.1361981357080,-0.0308944977433,-0.0719087557475,0.1054766481727,-0.0108485718354,-0.0921415839314,-0.1026068752810,-0.0465315395918,0.0554069786914,-0.1078952718914,0.0452283504160,-0.2054264270335,0.4796184591426,-0.0800320881005,-0.0843855976904,0.4703594038633,0.3139873453770,0.1988290783956,-0.2089772016514,-0.0849283982535,0.3552119740539,-0.0846427963975,-0.0969101829673,0.6325377583758,0.4255445578575,-0.0329472698148,0.5389060699333,0.1877270699280,-0.0709474172639,0.0115171711856,0.1607132106105,0.3940235534544,0.2781219966551,0.6062790674406,-0.1704064508756,-0.0707006290738,0.0296455948340,-0.2235020648416,0.0849188184648,-0.0397547170874,-0.1936964231847,-0.0139458455697,0.0579676714625,-0.0460707528806,0.0119057919509,0.3301590167090,-0.2724932010336,0.0614046055549,-0.2631587825997,-0.0999115896368,0.6068404248474,-0.0174367356815,0.2259781070284
0.5758164393544,0.2840382991038,0.4154844977360,0.3102804875633,0.3982967481582,-0.3247300380126,-0.2123257608540,0.1799719735602,-0.2464374478208,0.1257763361791,-0.1983603733764,-0.0311959513717,0.1027468247397,-0.1406944152311,-0.0738254124967,-0.1676575980177,1.0000000000000,0.3240665148939,0.1415028782297,0.1928163602227,0.2388451552082,0.5598159618613,0.5073898364435,0.5583682092868,0.1292878475498,0.2560303416800,-0.0167499736562,0.0885808520822,0.2803213192786,0.2024934195418,0.3091087019560,-0.2646461648365,-0.3706284304741,0.2278305603056,0.0835996530937,0.5642745928438,0.1849267777648,-0.1800218355827,0.2348415329033,0.1974968437980,-0.3915580691530,-0.2837185977815,0.2027267487253,-0.3373238062681,0.0006132944652,-0.0507248478753,0.0387613851424,0.2617388953564,-0.0655561509434,-0.0427325810903,-0.0374012839042,0.9227247225776,0.1685308908113,-0.0920152677747,0.1491964157359,0.1760283667214,0.6262219975111,0.6652094749075,0.6903223856352,0.3258315969693,0.1180665293921,-0.1819229736736,-0.0835257788001,0.4794040922151,0.3333213969801,0.6261337124148,-0.1068073856802,-0.3051446300836,0.2488476334336,0.0855349811472
0.5460673415754,0.3333044584589,0.4660752665196,0.3080727458048,0.3816525691096,-0.3459816600408,-0.1524194224275,0.3013532141233,-0.3528116721319,0.1408524938422,-0.1123671040927,0.1344994774480,0.2690474715983,-0.1068315543606,0.0326859583506,-0.1361981357080,0.3240665148939,1.0000000000000,0.5908339529696,0.7911905282897,0.2268369937610,0.4657349501375,0.2880954104317,0.7421292110354,-0.0616652614884,0.3701144181892,0.5430122978471,0.3008641509280,0.0564331823042,0.3558041856169,0.2985486121525,0.2401447232825,-0.2284987682857,0.4086331660704,0.3054437432281,0.3877882812548,0.0755783753074,-0.2848629043731,0.1180567358661,0.1884817233364,-0.2534087545676,-0.2509569968726,-0.0256742863670,-0.3909190190196,-0.0199721249307,-0.1171874949801,-0.0217561937322,0.2682500952434,-0.1031912575414,-0.0814602358101,0.0838932360335,0.3119679644103,0.4386600285632,0.1314269805090,0.5174618589936,0.1923660429508,0.4018873216956,0.1809419670703,0.4180492015171,-0.0888955557259,0.0542839620031,-0.0117273262505,0.0439793710711,0.1414627830870,0.3093239605438,0.1564334003949,0.0278108605927,-0.2691364577863,0.4478235672962,0.2403806482614
0.2822187541169,0.2389259845801,0.2598089299854,0.1789399010368,0.1079588183426,-0.1068044505516,0.0871275521612,0.0867255564991,-0.0595933905869,-0.0171076141065,0.0188117931035,0.4993711607711,0.1426561724958,0.1504961595756,0.2149984944970,-0.0308944977433,0.1415028782297,0.5908339529696,1.0000000000000,0.7478115187444,0.0317381733374,0.2892222881249,0.1738855855143,0.4405025277249,-0.1935651749468,0.2892571953548,0.4659890071029,0.3150032002594,-0.0030376006242,0.3975354179183,0.1733727629513,0.1742008576612,-0.0826555030780,0.1803948653691,0.2988941214984,0.1095736355742,-0.0367048819513,-0.2328104356947,-0.0086218563835,0.0513974873563,-0.1436037065085,-0.0260983079430,-0.1748220335319,-0.1039494020380,-0.1889517832768,0.0306693404584,0.3159880553980,0.1274249603115,0.0844293730930,-0.0280731211266,0.1525589325220,0.1357144444677,0.2101439622448,0.4839782915494,0.2770587463266,0.0052072928156,0.2397484686672,0.0226860321872,0.2494048243480,-0.2261471040584,-0.0606609780993,-0.0299293059351,0.0921913888305,0.0194202738278,0.2116018171604,0.0306372756834,-0.0020749819251,-0.0718524141985,0.1366421898383,0.1288292733666
0.2756381394180,0.2792289999693,0.4550193501751,0.2934894326482,0.1901137714258,-0.2350579869672,-0.0702681277934,0.2384850777744,-0.2391874318819,0.0443864694134,-0.0637796945173,0.2817382549665,0.2471278217954,-0.0281874238279,0.0561357252616,-0.0719087557475,0.1928163602227,0.7911905282897,0.7478115187444,1.0000000000000,0.1000798103056,0.3658382650665,0.2745966795635,0.6059368044131,-0.0939802484804,0.2827751640494,0.6407972569899,0.2480311570915,0.0531835111571,0.3416129944135,0.2708812833922,0.2048672910829,-0.2085069102894,0.3028643366827,0.3199190602878,0.1585875591527,-0.0505849036022,-0.2305660954051,0.0874165589247,0.1002102817469,-0.1545297637902,-0.1471691083032,-0.0167656274208,-0.2776578799117,-0.0877799679892,-0.0994530292114,0.0596760668932,0.2001572641410,-0.0813861371450,-0.0237441863564,0.1983311576931,0.1749604071705,0.4157971164405,0.3522129398065,0.5056795813619,0.0503417425178,0.2911608976412,0.0962654950284,0.3220158385796,-0.1588683705188,-0.0357661389835,0.0597920122164,0.0108625140778,0.1327902269819,0.2064957928172,0.0323752105948,0.0147067161417,-0.2332790001929,0.2384420947089,0.2081273889150
0.3922456143046,0.3168329423900,0.4632897710994,0.5310718953436,0.5351362589947,-0.3573456211816,0.0654214717377,0.5479320102035,-0.1281383008091,0.5973259077500,0.0913860729910,0.0858082421114,0.6715283996055,0.0674635189041,-0.1155198778690,0.1054766481727,0.2388451552082,0.2268369937610,0.0317381733374,0.1000798103056,1.0000000000000,0.2638603409755,0.3568834042596,0.3231642614110,0.4856913523865,0.2709363151852,0.1632047838992,-0.0086405486104,0.3323755449534,0.0686069629953,0.3723358782517,0.0376545364936,-0.1736798508466,0.2627237538546,0.2891373273035,0.2255939335784,0.2441523049930,-0.0401276292306,0.5428631845400,0.4042211851161,-0.1268322278589,-0.3251852200134,0.3844456323621,-0.2797712057902,0.5110078570966,-0.0106017082686,0.0574646746261,0.6808029241833,0.0919084687671,-0.1393399863972,-0.0739620058236,0.2435873838169,0.2153544204172,-0.1617647020368,0.1468731066467,0.8743253205670,0.1177369006181,0.3462031986358,0.1130415021382,0.4871994680655,0.1975901550731,0.0435960930265,-0.0562708627188,0.2788640390609,0.1009756324523,0.2340150579639,0.1206181485280,-0.1876994516736,0.2244726435842,0.2665700758129
0.5746480864679,0.3478512888753,0.3956466159810,0.2616647943349,0.5405333993721,-0.3262606198293,-0.0757546690077,0.2522571404580,-0.2973903297004,0.1884384517942,-0.1200736408152,-0.0012585763666,0.3418990400612,-0.0741031617435,0.0467062506078,-0.0108485718354,0.5598159618613,0.4657349501375,0.2892222881249,0.3658382650665,0.2638603409755,1.0000000000000,0.4596559132152,0.7918512689178,0.1871827521557,0.2304937801739,0.1763143860137,0.2143732171895,0.3648772020018,0.4457368661171,0.4795677294279,-0.0412001192011,-0.2645191477730,0.4715585664458,0.2669949711326,0.5855961974282,0.1584440626628,-0.2542192561962,0.1646294113289,0.4296540928222,-0.2312222393184,-0.2293365462931,0.1478252821153,-0.3600327196269,0.0901391019547,-0.0297432510916,-0.1201016859450,0.4308725116782,-0.1190979314975,0.0313308571141,0.0807849204748,0.6137493622949,0.3382578776899,-0.1247906535301,0.1556339602609,0.2990445683805,0.8722116346651,0.4867099132412,0.7590934793427,0.2813719747267,-0.0277202841964,-0.1809286345195,0.0365777333208,0.5464463441316,0.5263326156957,0.5489086805643,0.0594575191942,-0.2257360598349,0.5229628708062,0.2077164602450
0.3186736927353,0.6612050388428,0.6368266282236,0.6627037641327,0.2698727637961,-0.3596075592488,-0.1736393253606,0.4114093749892,-0.3598872445828,0.4709874172043,-0.2217398567760,-0.0409455572385,0.3043176790026,-0.1667807476914,-0.1826571385919,-0.0921415839314,0.5073898364435,0.2880954104317,0.1738855855143,0.2745966795635,0.3568834042596,0.4596559132152,1.0000000000000,0.5317656330767,0.4597967706312,0.2812909693006,0.2574172494812,-0.1277832379917,0.2917094906608,0.1794451757559,0.5867610285473,-0.1948715652807,-0.2912189145304,0.2434606467320,0.2893729234257,0.3288514733635,0.4490899564704,-0.3033514177632,0.5080281879083,0.2033137216845,-0.2063098268354,-0.3925889280807,0.3766143771040,-0.4591698555108,0.4055823848018,-0.2139001328317,-0.0659899100090,0.3668893548336,-0.0961530936087,-0.0523892387395,0.1478894794782,0.4040659867713,0.4523458338984,-0.1978399565681,0.2960708447680,0.2924087950155,0.2710714124906,0.7675993771914,0.3056068548607,0.5478994862671,0.0928693729801,-0.1178886508550,-0.2379846984479,0.4117986303890,0.2455021805140,0.4256555359619,-0.0078442994039,-0.2369386024611,0.1204867127986,0.2495569824081
0.6265411644089,0.4202523630869,0.6277683865403,0.3530449385532,0.5186773214052,-0.3703630002260,-0.0956746662026,0.4053790839081,-0.3431843882430,0.2185154008548,-0.1921893734518,0.0503875161022,0.3288976460784,-0.1484560463780,-0.0050490216248,-0.1026068752810,0.5583682092868,0.7421292110354,0.4405025277249,0.6059368044131,0.3231642614110,0.7918512689178,0.5317656330767,1.0000000000000,0.2219074834299,0.2556601314494,0.4055457141465,0.2608462062664,0.3853388696859,0.3773438731467,0.5726089299309,0.0311054982857,-0.2963162270415,0.4090711577987,0.3063586169017,0.5227596383107,0.1341145635380,-0.2914934100904,0.1894076843831,0.3304119757072,-0.2365547060689,-0.3071719341523,0.1678151598747,-0.4477599662722,0.0426880246984,-0.1182079523242,-0.0907382060194,0.3966818346812,-0.1983582845561,-0.0959810590907,0.0582657720725,0.5772545203883,0.4786377814033,-0.0026221766143,0.3163358997679,0.3028220112471,0.6676406719280,0.4461278549444,0.6813215276133,0.1961280257068,-0.0435023135934,-0.0976617122720,-0.0327543262682,0.4727200563796,0.4278102479730,0.4821937654471,0.0272290574191,-0.2450715152894,0.4309539698692,0.2040550540984
0.1119339070658,0.3050767626667,0.4099899468842,0.4423889856316,0.3269284789625,-0.2771609563263,-0.0291624423488,0.6455960802179,-0.1928064381712,0.6165743269911,0.0008467224463,-0.3107938149774,0.3410435140975,-0.0959295680900,-0.2281833299783,-0.0465315395918,0.1292878475498,-0.0616652614884,-0.1935651749468,-0.0939802484804,0.4856913523865,0.1871827521557,0.4597967706312,0.2219074834299,1.0000000000000,0.0460203029807,0.1739805303488,-0.1283964808250,0.6250343125232,-0.2055873901276,0.4732237636964,-0.0815613946124,-0.1809974935148,-0.0233185378473,0.0062541827522,0.0034565052291,0.3089735412126,0.0187162149583,0.4530285437277,0.4051437373314,-0.1166460545176,-0.2830023965373,0.6998047261330,-0.3495378433894,0.6198698433305,0.0197197352149,-0.1890926285394,0.3477921038109,-0.0894910033575,-0.0943042561831,-0.1066648590836,0.1067143039441,0.2679390427049,-0.3631040709086,0.0288871055927,0.4755974085492,-0.0200448508275,0.4085104550704,-0.0979045046198,0.8591298872488,0.0667673002103,0.1463068294397,-0.1774853002833,0.5497432003013,-0.0939154815878,0.1959001941556,0.3392235305112,-0.1915150479363,0.0097195419472,-0.0215665794823
0.2352070173954,0.3969094146727,0.3460005235609,0.5925741095626,0.2252559717677,-0.1329345338688,-0.2412123390920,0.3356331652934,-0.0687768497431,0.4213178731168,-0.1322172977366,0.2332173457431,0.1722236054891,0.3153629209213,0.0709314700413,0.0554069786914,0.2560303416800,0.3701144181892,0.2892571953548,0.2827751640494,0.2709363151852,0.2304937801739,0.2812909693006,0.2556601314494,0.0460203029807,1.0000000000000,0.2614084533850,0.4656485410064,-0.0153399766472,0.2155599644179,0.0724128156284,-0.0055146274150,-0.0739510190445,0.2969500580376,0.1665770743571,0.1661309840946,0.3693004038180,0.0546778846369,0.5380920517793,0.1119150058479,-0.1971874981576,-0.3223809278823,0.1905395127378,-0.2183649422512,0.3107613300502,-0.1678932084940,0.3444957213816,0.1208493823852,0.3349423502006,-0.0796894341906,0.1114852425183,0.2296181031782,0.0407935914285,0.0094782390805,0.1965668255323,0.1834180800620,0.2006571652362,0.1777469916538,0.1425519793906,0.1666036932298,0.7448868880861,0.2683979525671,0.4585882731744,0.1217609853138,0.0427704449433,0.0213798920149,0.2511500488319,-0.1042968184178,0.1828362452731,0.2384995160561
0.0459240258036,0.4650069548432,0.4532814841901,0.4439976474209,0.1249747996262,-0.2222789177830,0.0212133550371,0.3456575745197,-0.1958634772911,0.1205113523425,0.0746504626115,0.1948441025331,0.2883690407223,-0.0036147121733,-0.0826241279291,-0.1078952718914,-0.0167499736562,0.5430122978471,0.4659890071029,0.6407972569899,0.1632047838992,0.1763143860137,0.2574172494812,0.4055457141465,0.1739805303488,0.2614084533850,1.0000000000000,0.3589203997791,0.1914780861691,0.1158458192146,0.3831810070676,0.3574112512114,-0.1182464910561,0.1771584360456,0.3601215254426,-0.0342825742696,0.1991965588062,-0.1577008630090,0.2454207395032,0.1203162272591,-0.0662017694068,-0.1875035852026,0.0420517299412,-0.2811624094248,0.0062332960793,-0.0336209290391,0.0660584583329,0.1619658046568,-0.1376246090440,-0.1597646345254,0.0002255076870,-0.0440494607298,0.4831053936674,0.2237983948698,0.5195926137703,0.0377883873719,0.0232414521894,0.0712771991767,0.0169257477539,-0.0366965644410,0.0335331033582,0.5483428310202,0.1513594143642,0.0917231650274,-0.0075910087524,-0.0298906901963,0.1122853059263,-0.1905613323933,0.1646835170834,0.2489731533157
0.1573781946583,0.0826354018573,0.1877966507727,0.0528722807684,0.0417320310483,0.0209984304683,-0.1094344239729,0.1629726982115,0.0630838367883,-0.0967222912359,-0.0768959772787,0.2926985609386,-0.0665486224906,0.2324051145720,0.1358240185638,0.0452283504160,0.0885808520822,0.3008641509280,0.3150032002594,0.2480311570915,-0.0086405486104,0.2143732171895,-0.1277832379917,0.2608462062664,-0.1283964808250,0.4656485410064,0.3589203997791,1.0000000000000,0.1197846327483,0.1877754672433,-0.0148406439740,0.1873848033428,-0.0253420913520,0.1790287254890,0.0190872126018,0.0119479088019,0.0501698969058,0.2667188044051,0.0890531050092,-0.0381437798631,-0.0566943027809,-0.1264828875881,0.0233890873413,-0.0313150401950,-0.1848704668594,-0.0734447155426,0.2553918467459,-0.0836737631828,0.0851148263606,-0.1182597019333,-0.0967746146191,0.1565271014086,-0.1130742365590,0.2471757395579,-0.0254717158518,-0.0250695474852,0.3038461090745,-0.1125562545111,0.2326572111948,-0.1899764564743,0.3642378316604,0.4631220928135,0.8120206835001,0.1111201407862,0.0426497617168,0.0281804137198,0.2333961103938,0.0012332062149,0.1460372268445,-0.0564761640835
0.2951430368710,0.2534251979216,0.3145180927937,0.2605448939635,0.3992246128851,-0.3596313340105,0.1616820972934,0.5046993997248,-0.1264863499244,0.1266403798623,0.2746208497751,-0.1575073547534,0.2647014807444,-0.3151928924689,-0.1533317892156,-0.2054264270335,0.2803213192786,0.0564331823042,-0.0030376006242,0.0531835111571,0.3323755449534,0.3648772020018,0.2917094906608,0.3853388696859,0.6250343125232,-0.0153399766472,0.1914780861691,0.1197846327483,1.0000000000000,-0.1055637630908,0.6047855346158,-0.0677387038278,-0.2483107206387,-0.1383366411720,0.0368642226485,0.1896788603319,0.1136158902780,-0.1416661877393,0.2180806421459,0.5168186615764,-0.2773213265375,-0.1286000497969,0.3852178245778,-0.2782510338616,0.0245938948097,0.3748135802441,-0.0170984133999,0.2924146082663,-0.3586230840840,-0.2173708751100,-0.2909282918800,0.2685718757095,0.1418211837021,-0.1923475608061,-0.0073041428944,0.2789969850014,0.2268397511119,0.3130717490052,0.1673756837906,0.4346412448882,-0.0820363346541,0.0414257209943,-0.1128825534746,0.8085870423142,-0.0224624225433,0.3877219534116,0.1138511320039,-0.3296776440697,-0.0911711144328,-0.1778818329296
0.3650997383115,0.2064311287882,0.0181543452570,0.1088409673410,0.2459831835434,0.2458566893747,0.3099485668916,-0.1172561344112,0.2593913415962,-0.0732724630883,0.2252079199148,0.4580562295534,0.3202659186778,0.3241989804203,0.6883007950031,0.4796184591426,0.2024934195418,0.3558041856169,0.3975354179183,0.3416129944135,0.0686069629953,0.4457368661171,0.1794451757559,0.3773438731467,-0.2055873901276,0.2155599644179,0.1158458192146,0.1877754672433,-0.1055637630908,1.0000000000000,0.2303274481331,0.0301052867329,0.1121978413596,0.6729523838488,0.4168064200412,0.3517347589136,0.0572910760702,-0.0984731067061,-0.0908838409564,0.1097086954593,0.2163980269565,0.3111016588934,-0.2578787018134,0.2471263998294,-0.0338492942409,0.0389878604073,0.1734319566786,0.3397249103229,0.2013498777583,0.3090958795063,0.5112113764939,0.2177304212454,0.1639301723832,0.0765559686983,0.0245554789337,0.1028553607705,0.3561524382455,0.1304833845477,0.3922415215976,-0.0963123402560,-0.1043067598475,-0.1842215819644,0.2236111400271,-0.0224472066712,0.6725007158540,0.1597365581431,-0.1311563040170,0.2636952024326,0.3801097720158,0.3181324346458
0.3024324523529,0.6165950426851,0.5120812074842,0.5155731606377,0.3850562216369,-0.2527381697775,0.1145289026838,0.5419066623280,-0.1242451270721,0.1636442541748,0.0550731378273,0.0189983822285,0.3375831762110,-0.3364625527274,-0.0462093339726,-0.0800320881005,0.3091087019560,0.2985486121525,0.1733727629513,0.2708812833922,0.3723358782517,0.4795677294279,0.5867610285473,0.5726089299309,0.4732237636964,0.0724128156284,0.3831810070676,-0.0148406439740,0.6047855346158,0.2303274481331,1.0000000000000,-0.1077238294459,-0.1046067255241,0.2704238377949,0.4999468987499,0.3076561741920,0.3517622429846,-0.3247898672124,0.3449480554444,0.3398199326069,-0.1070769075126,-0.2341726635514,0.2812811804944,-0.3315431119215,0.0695910821222,-0.0093840137506,-0.0415667084295,0.3411311480841,-0.3623375677362,-0.1935383849475,-0.0810091133821,0.2301523842004,0.5226937775013,-0.1530440164328,0.2423689864483,0.2998347767783,0.2086939721003,0.4739721120536,0.2010810726394,0.3760849671336,-0.0552151154593,-0.0297838223470,-0.1695414229606,0.5147179554707,0.1881572634628,0.5168234251032,-0.0713394247995,-0.1635042295533,0.1790208896992,0.3261677042865
-0.0072210815005,-0.0742683849131,-0.1105441155467,-0.1330300716046,-0.0407487650914,-0.1196767163017,-0.0505082020612,0.0712542634278,-0.1529812832368,-0.0019996525162,0.0859121237966,0.0659176540389,0.1563696322303,0.2125146120959,-0.0448701330582,-0.0843855976904,-0.2646461648365,0.2401447232825,0.1742008576612,0.2048672910829,0.0376545364936,-0.0412001192011,-0.1948715652807,0.0311054982857,-0.0815613946124,-0.0055146274150,0.3574112512114,0.1873848033428,-0.0677387038278,0.0301052867329,-0.1077238294459,1.0000000000000,-0.0488879661052,0.0505524339125,-0.0671077294264,-0.0937795829214,-0.1420296064812,-0.1404856631660,-0.1162708852194,-0.0387107734436,-0.0440003665084,-0.1004374127043,-0.1749018391047,-0.1457801969942,-0.0322206332916,-0.0045935627936,0.0096978566930,0.1012751153247,0.1608981615750,-0.0645963280088,-0.0818069847491,-0.1958804903859,0.0215337814759,0.1420728692784,0.1920353865126,-0.0623749303932,-0.0919713960200,-0.2839985327693,-0.1561064962509,-0.2435070500354,-0.0315944597744,0.2698689753795,0.1227866349931,-0.1095267133186,-0.0202279746782,-0.2047744526945,0.4326315448217,-0.1054124679836,0.1180719291115,-0.0912950059833
-0.4028502266197,-0.2296370683251,-0.2664276389994,-0.1414499487632,-0.2381458382151,0.7392692219675,0.4309557588010,-0.1490790932919,0.6692205446826,-0.1679624604250,0.1426913712825,0.3426164120583,-0.1279153549577,0.2570170388705,0.4863153584587,0.4703594038633,-0.3706284304741,-0.2284987682857,-0.0826555030780,-0.2085069102894,-0.1736798508466,-0.2645191477730,-0.2912189145304,-0.2963162270415,-0.1809974935148,-0.0739510190445,-0.1182464910561,-0.0253420913520,-0.2483107206387,0.1121978413596,-0.1046067255241,-0.0488879661052,1.0000000000000,-0.0254680595410,0.1508421065996,-0.3291402123118,-0.1868721905308,0.1484109401226,-0.2214453131683,-0.1992159639138,0.6103102733061,0.3842608317264,-0.1631824077783,0.5485975266104,-0.1178392909094,-0.0350327596765,0.0616032707724,-0.3135596980788,0.1297796087748,0.1940530838241,0.0899215520023,-0.4027090870811,-0.1324354503439,0.0787402780277,-0.2348819744304,-0.1280527655467,-0.2983197417036,-0.3798182098662,-0.3018214572027,-0.2163434834706,-0.0271071765579,0.0318411404807,0.1238053707301,-0.3870671081963,-0.1950452613677,-0.3320900673159,-0.2691016665112,0.7510520722127,-0.0728343339410,0.1163041605930
0.2734782556703,0.2978275085170,0.2086180508047,0.3161849857301,0.2564755458108,0.0313429054255,0.0143744339988,0.1383814137100,0.0140155537129,0.1314747092524,0.0076512213218,0.1866646449541,0.2857664786981,0.1637020672873,0.3066121527715,0.3139873453770,0.2278305603056,0.4086331660704,0.1803948653691,0.3028643366827,0.2627237538546,0.4715585664458,0.2434606467320,0.4090711577987,-0.0233185378473,0.2969500580376,0.1771584360456,0.1790287254890,-0.1383366411720,0.6729523838488,0.2704238377949,0.0505524339125,-0.0254680595410,1.0000000000000,0.5024586769639,0.2904139671165,0.2173635095251,-0.0956095159739,0.1971958387789,0.0707699763096,0.1449168567715,0.0094826636541,-0.0174324892811,-0.0171229251907,0.2033745260590,-0.2065923748531,-0.0408587330636,0.3331019922787,0.0861964356967,0.1300856309389,0.2679892278443,0.2160800108596,0.3076216553429,-0.0070926104078,0.2009756091201,0.3268859396044,0.3288551453857,0.2757474815671,0.3333074398932,0.0733382978319,0.1514533190954,-0.0687622529630,0.2355280887286,-0.0250919957843,0.5596039747897,0.1622381032494,0.0297120404357,0.0462684711897,0.6864533140460,0.5135104945091
