1.0000000000000,0.1480360616292,0.3148632541250,0.2959178948374,0.1680105825525,-0.0853870298971,0.2130472885516,0.3210606338150,0.2231069216995,0.4446622061190,0.1737635240064,0.5782816240001,0.4976829633058,0.5410702993048,0.6650561008300,0.3073015035465,-0.1062979587204,0.4074439166164,0.2523056991759,0.5166035140012,0.5500435478447,-0.1878492967772,0.0412680393510,0.2756713169707,0.1286266888049,0.3575071424411,0.4981863708951,0.1032300317826,0.2117729303046,0.5328056116921,0.5281300512885,0.3682899233399,-0.3014322023302,0.4831647641618,0.1217274375879,-0.4424769145824,0.0418102387659,0.1121263619496,0.1795753405959,0.3006419402643,-0.5954720215261,-0.0814891872746,-0.4254335708377,-0.5158118331742,0.2785317461409,-0.2955659949270,-0.0098719562637,0.2688288569995,0.3527803190224,-0.5834714566784,-0.1253070217102,-0.2726396648041,-0.3906481467224,-0.0568202317784,-0.4514581257770,0.4889557438473,-0.5463220896784,0.0672889957766,-0.3791200330258,-0.2167968857415,0.0109826585357,0.0732209355778,0.2449324089967,-0.2891176539317,-0.4961236291943,-0.4840719807120,-0.4301900910673,-0.5186718271142,-0.5235509150935,-0.6033858511778
0.1480360616292,1.0000000000000,0.4427838029790,0.5746712063992,-0.1942113552553,0.0233010852066,-0.1772314665628,0.0802663924410,-0.1124918862991,0.0876172538451,-0.2948370809440,0.2736222925350,-0.1171644529355,0.0886291482147,0.1284935869317,-0.0936482085422,-0.0074089303249,0.4637603757486,0.2621661883771,0.3673324725669,-0.0097874609270,0.2308876375317,0.3629400317954,0.3903836532429,0.0718409685779,0.4682019783246,0.3287395038995,0.2720065645403,-0.0823603388551,0.2017321790819,0.3129674301190,-0.0713027947959,-0.0405792594221,0.3124270360567,0.3373195505875,-0.0004598968825,0.6250772296663,0.0759055119701,0.5395717461258,-0.1254043606529,-0.1744025059235,-0.1773435208089,-0.1047574061363,-0.3116996175751,0.0027973900489,-0.3860026823727,0.1074470106260,-0.1969986552757,0.0582540092080,-0.0685565123333,-0.1342607669758,0.0458964788928,0.1562681608877,0.1230736234957,0.1064890835944,-0.0512147009879,-0.0049758261882,0.4211292810881,0.1909750044446,-0.0244542617553,0.3819779790872,0.0716154646205,0.3031133416832,-0.1241973942577,0.0133979090738,0.0703806136774,-0.2063087753459,-0.0206350378706,0.0507207844837,0.2041383654072
0.3148632541250,0.4427838029790,1.0000000000000,0.1130084300955,-0.1235379972429,0.0998330128188,0.0695978934880,0.1401984518959,0.2600300520734,0.1924662432568,0.0219588741553,0.4465074465460,0.0645808062602,0.3762268011614,0.3839058883886,0.1157966114785,-0.0130196300297,0.3723996954084,0.2261854903906,0.3410638139607,0.0135451208449,-0.0004126022788,-0.2096910271036,0.3931335833169,-0.2804360813458,0.4517434823517,0.7155517343519,0.7230641300817,-0.2948979536545,0.2357100350854,0.0536388523613,0.0681045842436,-0.1542345196505,0.3735561620780,0.1877501001001,-0.3382624337060,0.1452001375009,0.6489518624012,0.1539806087684,-0.0307275527401,-0.1920050037738,-0.0141928730156,-0.3399364055645,-0.1496521161020,0.1160186646216,-0.1821207452026,0.1306246343970,-0.0745315444559,0.2529548637925,-0.2161854023949,0.1085626125717,-0.1809763720835,-0.1603594344700,0.0735401472750,-0.1407494157235,0.0824344922151,-0.2696183184990,-0.1167422803834,0.0499430482419,-0.3814041970740,0.2346376909510,0.4214198301750,0.8668930548320,-0.4991769999933,-0.2971513424441,-0.4193655409660,-0.4037659047116,-0.1556387052023,-0.2080977629837,-0.1660026585278
0.2959178948374,0.5746712063992,0.1130084300955,1.0000000000000,0.0136145770288,0.0615381963486,-0.0191417130085,0.1961963047758,0.1073499122986,0.3209747455813,-0.2653322529905,0.1187064044527,0.1628286771676,0.1572658777749,0.1064189549579,0.1847301718281,-0.0027241782772,0.3873010908185,0.1668189488931,0.3425326623644,0.2217034256179,0.2294199958766,0.5300455807412,0.3161277603292,0.4229403589098,0.5171142796747,0.2248158770234,-0.1523258718055,0.1743663998309,0.2077128450330,0.4887027652130,0.1345969827162,-0.1413243652287,0.3083701936407,0.1922129978302,0.0227724579675,0.2754466181537,-0.2913479613850,0.5628263438843,-0.0834428489965,-0.2149273377491,-0.0285947506189,-0.0372783764481,-0.1400107198435,0.1817012898123,-0.2440041720813,-0.0124459103597,0.0648661546349,-0.0247928654122,-0.0266122997159,-0.1541950350837,0.1010172877537,-0.1360499891825,-0.0831951950475,-0.2849557498946,0.1033138781700,-0.2884136302988,0.5818586222270,-0.2333543265740,0.2386073086215,0.0960374619731,-0.2442523650813,0.0398448572095,-0.0990484252276,-0.0967377322734,-0.0998032951460,-0.1338996938588,-0.1611478213666,-0.0696906098996,-0.0092261235671
0.1680105825525,-0.1942113552553,-0.1235379972429,0.0136145770288,1.0000000000000,-0.2413846383281,0.2673548006563,0.0498518240700,0.0058604245431,0.0239174025111,0.4410535284300,-0.1461122381063,0.5982809146637,0.0111599090530,-0.0975651068786,0.1456322988531,-0.0211812948437,-0.1818311564923,-0.2139308340158,-0.1066682425003,0.5177241263331,-0.0005884320874,0.0073652667145,-0.0455245069269,0.1527473583552,-0.1270850062526,-0.1666751515197,-0.3650181530184,0.4432222932769,0.1559455155560,0.0967209898372,-0.2396451098636,-0.1988424874823,0.0788208333966,-0.3172930165794,0.1981695913148,-0.2078466958560,-0.2863643076369,-0.2301899650864,0.7539870699517,-0.1530579164151,0.4014640739677,-0.0569205592188,0.0535436515192,0.0598509016130,0.4057277184856,-0.1651022714786,0.6380299799063,-0.1364918836059,-0.0168379908161,0.2371422824591,-0.0186044900664,-0.3943676117277,-0.2962885031556,-0.3776453253038,0.4563764542027,-0.2704589694753,-0.0669065675167,-0.3641110429060,0.0712421786520,-0.3338635555500,-0.4899109916998,-0.1402359223322,0.2555246927073,-0.0004042268088,-0.2455881806309,-0.2899353857468,-0.2513529977901,0.0490474454188,-0.1547355216177
-0.0853870298971,0.0233010852066,0.0998330128188,0.0615381963486,-0.2413846383281,1.0000000000000,0.1667629806430,-0.0718678666914,0.2184949462829,0.0923564055427,-0.2718077645635,0.0019069291561,-0.2271472455408,-0.0904590559037,0.1985442489375,0.1099549618172,0.0623597432754,0.0021876825307,-0.0345767353639,-0.0759097908252,-0.2741619990660,0.0804831701203,-0.0466378333180,0.0652534605839,0.0413159549228,0.0663297897879,0.0430975821083,0.1600600710301,-0.1789362960599,0.0142226493387,-0.0950957348169,0.1061033033072,0.4694592776773,0.0976832361260,0.2926029172189,0.0610068449254,-0.0464217018380,0.0844012848639,0.1073723137187,-0.2722671771399,0.4114296558559,-0.0167500580182,0.0956241616049,0.1904092403421,0.1089280832741,-0.1739756848068,-0.0028386840200,-0.2637565520667,-0.0266119222405,0.2177220013097,0.0880978772787,0.0622910757025,0.1272686734476,-0.0010503017679,0.1837452816284,-0.3203783704832,0.0782591024894,-0.0411078212279,0.1180568653000,0.0556963808149,-0.0068463574859,0.1267778452628,0.0861781678332,-0.0217786634509,0.0881687671967,0.0935557590377,0.3482719759079,0.3348510714034,0.1492350298890,0.2331202616777
0.2130472885516,-0.1772314665628,0.0695978934880,-0.0191417130085,0.2673548006563,0.1667629806430,1.0000000000000,-0.2790245134462,0.6893038495503,0.0763602064306,0.5651617561222,-0.0339025614307,0.5654970383648,0.1541459178221,0.2771259120779,0.5464815370906,0.1215697995532,-0.0028551532519,-0.2035057787404,0.0234576827169,0.3256515164569,-0.0479838058389,-0.2099667643234,0.0993292261491,-0.1513528010166,-0.0521174935948,0.1971041551008,-0.0609674734912,0.1367391343501,0.2134324709005,-0.0055826994357,0.0941820201239,0.0997502454017,0.0189590805656,-0.1908163533318,-0.3120244242493,-0.2783840790532,-0.0107351495779,-0.1643462013488,0.1930049502851,0.0147343408301,0.5697153368736,-0.4590724127481,0.2348421432082,0.0992166523569,0.4281343796600,-0.1738110303007,0.4743146918401,0.0138036894719,-0.2363936804787,0.2778624265614,0.0141376884397,-0.4388298990157,-0.3142713208400,-0.4095266579498,0.2443647265367,-0.3685194128196,-0.1828155056865,-0.2694980420075,-0.2779293637154,-0.3142838349760,-0.0246237603739,0.1083508375431,-0.1091060546007,-0.3631434920682,-0.4035907692479,-0.1971018455565,-0.0721493633793,-0.3602114032515,-0.3193597816854
0.3210606338150,0.0802663924410,0.1401984518959,0.1961963047758,0.0498518240700,-0.0718678666914,-0.2790245134462,1.0000000000000,-0.1455770183393,0.4903893776492,-0.1406519681039,0.1490993452785,0.0479256802377,0.0698898181901,0.3271345468591,-0.1088895037817,-0.1461914836366,0.2913544315407,0.2093551260488,0.3408029126393,0.2049180500586,-0.0142215789788,0.2088564423899,0.0371896843215,0.5349863616168,0.3293660901093,0.1437811668056,-0.0103369691239,0.1821678453617,0.0499085260727,0.4209338983280,0.0476330311114,-0.0680881441415,0.1775265323717,0.0698672721868,-0.0651021850294,0.1724170306668,0.0041406017732,0.2654718431787,0.1282476117283,-0.3081341767023,-0.3930908136396,0.3452429550141,-0.4077657994052,0.3299225607430,-0.4341863345563,-0.1828504438461,-0.0679405210457,-0.0466201852267,-0.1634444123876,-0.2174337762995,-0.1992486075450,-0.0012736750635,-0.0483869145713,-0.0861649925489,0.1211417051704,-0.1189812900399,0.0938170213549,-0.1797643114132,0.3533153839112,0.2568533884661,-0.0847380474173,-0.0533396909602,-0.0595853510564,-0.2302169005901,-0.0667020890438,-0.1762418424226,-0.2429481445866,-0.1616339755176,-0.2006846783300
0.2231069216995,-0.1124918862991,0.2600300520734,0.1073499122986,0.0058604245431,0.2184949462829,0.6893038495503,-0.1455770183393,1.0000000000000,0.1640211895664,0.3300836763841,0.1087452716042,0.3539685245520,0.3076891530623,0.4435639518864,0.5455941834803,0.1229721042484,0.1297092895915,-0.0298728700710,0.2090687339186,0.1159807771481,-0.0533169475863,-0.2645337625384,0.1556686169364,-0.1702436546882,0.2287601900548,0.4625653102219,0.1089398643165,-0.0464805007263,0.2363606937296,0.0148361163770,0.2809273721571,-0.0099187481388,0.1302080722117,-0.1368039419202,-0.4055387187052,-0.2770250839329,0.1167072873693,-0.0697788502340,-0.1255598464145,-0.0141581753356,0.2541549460634,-0.5157906091015,0.2481217993519,0.0234775781802,0.2817464165497,-0.0864703114259,0.2176836408764,0.0631242684882,-0.1713096622572,0.1756289065789,0.0105192134343,-0.4030249671766,-0.2344972005133,-0.4551773108145,0.1015614278395,-0.4763411459944,-0.1433090594562,-0.3242588388658,-0.3108568820374,-0.2022018783629,0.1831996390552,0.3076169444548,-0.4311348834985,-0.4341855875187,-0.5362786029474,-0.1946691671097,-0.1388431928777,-0.4222275704151,-0.3826244417821
0.4446622061190,0.0876172538451,0.1924662432568,0.3209747455813,0.0239174025111,0.0923564055427,0.0763602064306,0.4903893776492,0.1640211895664,1.0000000000000,-0.0578622458857,0.2428888661438,0.3258502167134,0.4018046831833,0.4389822976019,0.3010965755284,-0.1202524350321,0.2576540899216,0.1265778846604,0.2507612786565,0.4742728333137,-0.0857397273236,0.1007192190514,0.0143098092464,0.3306158068335,0.4941271658850,0.3087148904655,0.0272026304349,0.0471117212011,0.2477442809932,0.1814686315214,0.3608790315543,-0.1396880700016,0.2958653337298,-0.0039615131173,-0.3066332517227,0.1109677042108,0.1031016715212,0.3902476846414,0.2022310172235,-0.2840637514467,-0.0744080012305,0.0221391522145,-0.3648988070410,0.8271102697007,-0.3394458765495,-0.0904469840458,0.2049566438824,0.2174672754513,-0.2262546693597,0.0369662851169,-0.2156832344275,-0.2049641150015,-0.1347334816604,-0.2382311839281,0.4616446089048,-0.3178577825232,0.1075075321611,-0.2940513613025,0.3103622282358,0.2474670547797,0.0522526782527,0.1668927970550,-0.3170693838223,-0.3641000468252,-0.3800635113363,-0.1964082435952,-0.2011132678687,-0.3505169955081,-0.3497804011919
0.1737635240064,-0.2948370809440,0.0219588741553,-0.2653322529905,0.4410535284300,-0.2718077645635,0.5651617561222,-0.1406519681039,0.3300836763841,-0.0578622458857,1.0000000000000,-0.0892305767531,0.5042155891322,0.0835102108005,0.1907558573529,0.2563263986580,0.2157679678623,-0.1194491756311,-0.2277919348043,-0.0871869901044,0.3201426981270,-0.0704141339514,-0.2121642567873,-0.0072508239216,-0.2629675660755,-0.2036102966112,0.1042402742708,-0.0607401099252,0.2441690666644,0.1627358296359,-0.0995293607618,-0.0152334445972,-0.2146210619835,-0.0030506402324,-0.3089579590952,-0.2877806808330,-0.3214328707806,0.0968605513082,-0.2961338260136,0.3908445559954,-0.1563290084260,0.4159000571084,-0.4284181090995,0.0759580591076,0.0322105331662,0.5651894684038,-0.2475816782707,0.5035542020746,-0.0055767539067,-0.3318800806545,0.2553139542525,0.0662054486285,-0.3685298588573,-0.2999731693839,-0.3192598173989,0.3302247814347,-0.2269548997740,-0.2225807891071,-0.1586647678128,-0.2816238611992,-0.2557276061795,-0.0221211390182,0.0472172330049,-0.0069175748009,-0.2969062161802,-0.3357546510267,-0.2604446145398,-0.2409873927001,-0.2751093732366,-0.3546714976039
0.5782816240001,0.2736222925350,0.4465074465460,0.1187064044527,-0.1461122381063,0.0019069291561,-0.0339025614307,0.1490993452785,0.1087452716042,0.2428888661438,-0.0892305767531,1.0000000000000,0.1595240582669,0.7380595324750,0.5159005520164,0.1034656935712,-0.2435618857900,0.3282455083405,0.6192664977666,0.3821688372220,0.3179955191361,-0.1652808230882,-0.0752198505723,0.1801762848697,-0.1299846234467,0.3879920080953,0.4471007197594,0.4005071058021,-0.1781818341791,0.3960379037404,0.2561105114547,0.3599379504124,-0.1184762341298,0.3905100742621,0.2274843011715,-0.3512434160403,0.1317373252176,0.2326931251843,0.1274909577798,0.1173049116390,-0.4013472194196,-0.1924271529115,-0.3499437219120,-0.5125034400223,0.1098709697145,-0.4515560769769,0.5373207066870,-0.0213238142243,0.7066834994268,-0.3954100775569,-0.1828152878471,-0.3448397355224,-0.2139706008727,0.4453837299840,-0.1685959510514,0.3307241210511,-0.3259663844303,-0.0144097145353,-0.1058585938035,-0.2759390812204,0.1937370940418,0.2330609183227,0.4410537003184,-0.4091022607391,-0.3125086632105,-0.3400292786738,-0.2510634493758,-0.2653915209854,-0.3369879506852,-0.3494305310561
0.4976829633058,-0.1171644529355,0.0645808062602,0.1628286771676,0.5982809146637,-0.2271472455408,0.5654970383648,0.0479256802377,0.3539685245520,0.3258502167134,0.5042155891322,0.1595240582669,1.0000000000000,0.3930688388017,0.2436036414850,0.5086848547162,-0.0562723217331,0.1105519923379,-0.0818494152478,0.2051977892753,0.7914350528695,-0.0965535722253,-0.0127895577610,0.1102809618145,0.0029590787627,0.1255991593780,0.2616604641279,-0.2928928653730,0.3469137374132,0.4215265195739,0.2938511283532,0.1346852491561,-0.3602037185460,0.2570974722309,-0.3014878881455,-0.2744271039048,-0.1920999920709,-0.1460496645353,-0.1488199171332,0.5306100288410,-0.3667303608126,0.4945201617715,-0.4441776856081,-0.0959005860246,0.2361096329591,0.2966669823449,-0.1131748557080,0.8583759048632,0.0915922118977,-0.3420948288846,0.2828636523228,-0.1706994526076,-0.6177977367815,-0.3634472799834,-0.6757502949669,0.7501020809811,-0.6767679783263,-0.0356801440548,-0.5841592140768,-0.1720560644073,-0.3095699948738,-0.2587025989855,0.0546410899080,-0.1735711485988,-0.4435475851811,-0.6020156268640,-0.5439859098441,-0.4113748333923,-0.4045779613519,-0.5075490600970
0.5410702993048,0.0886291482147,0.3762268011614,0.1572658777749,0.0111599090530,-0.0904590559037,0.1541459178221,0.0698898181901,0.3076891530623,0.4018046831833,0.0835102108005,0.7380595324750,0.3930688388017,1.0000000000000,0.5093658614714,0.3025847343274,-0.2960653097000,0.1118027640929,0.4953378003570,0.2343001699602,0.4615496505245,-0.3156918946500,-0.1510911363317,0.0209104267622,-0.1938868342162,0.5276831185883,0.4810740592560,0.2801507941009,-0.1386163231853,0.3322801938658,0.0630787006612,0.4935876861958,-0.1874090713257,0.3038233194553,-0.1309466774562,-0.4898662690576,-0.0262586909918,0.2038046809417,0.0293768235798,0.1451688414867,-0.4188341272236,0.0369662421817,-0.4074867625871,-0.3406364944805,0.2701062748637,-0.2139945209846,0.4696330436371,0.1666139991729,0.7930562164192,-0.3759598861128,-0.0159474165302,-0.4231462452037,-0.5234452791485,0.3011595035863,-0.4783988742361,0.4526495274326,-0.6110402156894,-0.0535902855234,-0.4360829490514,-0.3128269256821,0.1694237637170,0.1965611791831,0.4842237625300,-0.5511297936660,-0.5325242938708,-0.6422800304932,-0.3084379296810,-0.3108643698938,-0.5130372840507,-0.5939136823877
0.6650561008300,0.1284935869317,0.3839058883886,0.1064189549579,-0.0975651068786,0.1985442489375,0.2771259120779,0.3271345468591,0.4435639518864,0.4389822976019,0.1907558573529,0.5159005520164,0.2436036414850,0.5093658614714,1.0000000000000,0.3523018849860,-0.0641970058551,0.3290485656542,0.3242227368513,0.3919152615646,0.2442061398803,-0.2274109666532,-0.1660119885094,0.1215922366055,-0.0521822500540,0.4322673298019,0.5057779360584,0.3417651857810,-0.1023617625084,0.4976009833360,0.1963881735903,0.3835307675128,0.0153902634553,0.3761660905857,0.1369156836447,-0.4212095678504,-0.0016640916449,0.3040338016696,0.1620710771417,0.0290206645029,-0.2867747787148,-0.1857592485269,-0.3440580762272,-0.3390636851559,0.2524357156309,-0.3121011848568,0.0056833299958,-0.0288520081384,0.3666348642051,-0.3529212163522,0.0071241410022,-0.2533214753597,-0.2810375806586,0.0584501160178,-0.2751243199294,0.1875823067249,-0.3876595089566,-0.0687151841971,-0.2196295590101,-0.2288867581663,0.1807091866199,0.2674443784695,0.3611892013833,-0.4697056907435,-0.4758315168754,-0.4384172140237,-0.2234468934492,-0.1726814511662,-0.4995076262788,-0.4830160102985
0.3073015035465,-0.0936482085422,0.1157966114785,0.1847301718281,0.1456322988531,0.1099549618172,0.5464815370906,-0.1088895037817,0.5455941834803,0.3010965755284,0.2563263986580,0.1034656935712,0.5086848547162,0.3025847343274,0.3523018849860,1.0000000000000,0.0591637202654,0.0930687915030,-0.1119721807121,0.1710042270372,0.2758134266069,-0.1075892030623,-0.1157334233011,0.1075694755409,-0.0912500168446,0.1813052733363,0.2834974906823,-0.0866109623932,0.0583623289641,0.3002814086237,0.0365967778535,0.2697324893139,-0.1067038347151,0.2549177580611,-0.0568200574472,-0.2423840691576,-0.2671095823270,0.0135111517287,-0.0766865464149,0.0837759550832,-0.0668388414871,0.2958680778334,-0.3796357496554,0.1172300911820,0.2578288437793,0.1671928575628,-0.1423056439841,0.3420179590882,0.1164604688374,-0.2179121769927,0.4191742278387,-0.0341141082971,-0.5064994414826,-0.3021540906514,-0.4926942662991,0.1800745146655,-0.5189492923127,-0.0367238425158,-0.4284580939531,-0.1706693614728,-0.1883660153270,0.0032165676742,0.1619990036050,-0.2941420690597,-0.4137727879794,-0.5380524417077,-0.1998984143434,-0.2315363593388,-0.3208761431344,-0.3654908265420
-0.1062979587204,-0.0074089303249,-0.0130196300297,-0.0027241782772,-0.0211812948437,0.0623597432754,0.1215697995532,-0.1461914836366,0.1229721042484,-0.1202524350321,0.2157679678623,-0.2435618857900,-0.0562723217331,-0.2960653097000,-0.0641970058551,0.0591637202654,1.0000000000000,0.1215397404466,-0.2178013837128,0.0851434030165,-0.1857320134702,0.6821240050350,0.2755715170803,0.5865241906258,0.1581208277739,-0.1157989157112,0.0553464780622,-0.0380100822683,0.4819556419453,0.0651544836822,0.1356098539898,-0.1351534967481,-0.0492926750948,0.0314560778295,0.1118353899003,-0.0668800824855,-0.1532196922119,-0.0226927782112,-0.0233175661073,-0.0461675823516,0.0602152792520,0.1194917772493,-0.1281995617581,0.1790581256323,-0.0288180966458,0.2213216219542,-0.3191820208863,-0.0151951952738,-0.2788223426041,-0.0047111824088,0.0052438920535,0.8560842083682,0.0168362795275,-0.2965263574786,0.0323049434313,-0.1968492150504,0.2317012501374,0.2417068401662,0.3709883825954,0.1825817095223,-0.1494321181943,0.0320123559245,-0.0385664488289,0.3665960496610,0.0041145874357,0.1103920256945,0.0555918435662,0.0527414454963,-0.0207439017923,0.0908967348189
0.4074439166164,0.4637603757486,0.3723996954084,0.3873010908185,-0.1818311564923,0.0021876825307,-0.0028551532519,0.2913544315407,0.1297092895915,0.2576540899216,-0.1194491756311,0.3282455083405,0.1105519923379,0.1118027640929,0.3290485656542,0.0930687915030,0.1215397404466,1.0000000000000,0.1116421337128,0.8172281035177,0.1732554307396,0.2498887332465,0.2305377464578,0.5696159538960,0.1408096657979,0.3134644612900,0.5381428545252,0.2120260944005,0.0941003828484,0.3292844978821,0.5885624395336,0.2191279776601,-0.1668296173677,0.4449836344483,0.5185311938569,-0.2566856615556,0.3096860238247,0.2099245123484,0.4189991122220,-0.0183497321440,-0.2439143401946,-0.2445822770798,-0.3027452595020,-0.4205068212510,0.0800787946030,-0.3369851953848,-0.1311075776770,-0.0606464258830,-0.0063336509438,-0.4075596838369,-0.2135648760026,0.0469405283831,0.1760585050115,-0.0345970933461,0.0322300191689,0.1237005900003,-0.1245086295416,0.2293470824823,0.1116340920734,-0.0252467869103,0.1126999231599,0.3115215833056,0.2447318747751,-0.2305301326211,-0.2537365699485,-0.1114820433631,-0.2030499930996,-0.1696840523482,-0.2052764275144,-0.0448301591909
0.2523056991759,0.2621661883771,0.2261854903906,0.1668189488931,-0.2139308340158,-0.0345767353639,-0.2035057787404,0.2093551260488,-0.0298728700710,0.1265778846604,-0.2277919348043,0.6192664977666,-0.0818494152478,0.4953378003570,0.3242227368513,-0.1119721807121,-0.2178013837128,0.1116421337128,1.0000000000000,0.1978533975270,0.0852334000806,-0.0690722471096,0.0459626843422,0.0524343435791,-0.0137556747976,0.4473103868265,0.2165235863889,0.3168581874440,-0.1654309687294,0.1320940033057,0.1045773826804,0.2618928978382,-0.0020943871284,0.1499096679201,0.0433476932487,-0.1655104523768,0.0481769518939,-0.0844530755031,0.0279875997173,-0.1102288420655,-0.3300770822247,-0.2380802023966,0.0396236010539,-0.2773953107805,0.0153399634635,-0.3886142317618,0.5630065458719,-0.1951833234304,0.5098404208742,-0.0368607445850,-0.2800071189827,-0.2306670929844,-0.1184383331006,0.5936572612747,-0.0691768412208,0.0700763962865,-0.1488779185037,0.0479180483831,-0.1175387927943,-0.1361889419277,0.3033094547509,0.0569753786822,0.2301494294099,-0.2098525623881,-0.1558926257671,-0.1049194306869,0.0128554161159,-0.1343975212791,-0.1909075052934,-0.2058308711092
0.5166035140012,0.3673324725669,0.3410638139607,0.3425326623644,-0.1066682425003,-0.0759097908252,0.0234576827169,0.3408029126393,0.2090687339186,0.2507612786565,-0.0871869901044,0.3821688372220,0.2051977892753,0.2343001699602,0.3919152615646,0.1710042270372,0.0851434030165,0.8172281035177,0.1978533975270,1.0000000000000,0.2645288428143,0.1231102900063,0.1873662959655,0.5286699866483,0.1296119958611,0.4200023188508,0.5714225866856,0.1231320443253,0.1491308728646,0.3514417026320,0.6013648318432,0.2608465499519,-0.1897577164539,0.4678702480886,0.4412725052756,-0.3597227958041,0.2729782375138,0.1642488594955,0.3700123606631,0.0632502351461,-0.3706979040001,-0.2618371506938,-0.3234045089064,-0.4367396452024,0.0921393814256,-0.3446141303583,-0.1454933177286,0.0338553387956,0.1027899733523,-0.5182525962849,-0.2387114813066,-0.0308932936498,0.0122337955163,0.0019050260265,-0.0959816675406,0.1871654894477,-0.3058524382180,0.2225111327666,-0.0652171104068,-0.1006825248393,0.2000373570514,0.3057714701692,0.2486580015024,-0.2459627672074,-0.3957028403602,-0.2772904637984,-0.3676328651146,-0.3392373962609,-0.3183128964038,-0.2306028706061
0.5500435478447,-0.0097874609270,0.0135451208449,0.2217034256179,0.5177241263331,-0.2741619990660,0.3256515164569,0.2049180500586,0.1159807771481,0.4742728333137,0.3201426981270,0.3179955191361,0.7914350528695,0.4615496505245,0.2442061398803,0.2758134266069,-0.1857320134702,0.1732554307396,0.0852334000806,0.2645288428143,1.0000000000000,-0.1613132274898,0.0748416390331,0.0360832188893,0.1759157234391,0.1584429547279,0.2096700542581,-0.2377588928988,0.3090128962315,0.2887325964864,0.3904168263995,0.2205505513557,-0.2896337589053,0.2021824081590,-0.1863270289854,-0.3065212371399,0.0550095227816,-0.1380268630005,0.0877752277899,0.6233243924014,-0.5158085705391,0.2633372159922,-0.2388564601235,-0.3963621063305,0.3999272854474,-0.0336860981823,-0.0019420956479,0.6728737287360,0.2565162506824,-0.4532417295355,-0.0659532523499,-0.2841585560480,-0.4061450746220,-0.1033471206372,-0.4630283228973,0.8840456741691,-0.5096868744499,0.0653502753970,-0.4529884710513,0.0095595204342,-0.1017676162054,-0.1981199400575,-0.0019208868801,-0.1223121471668,-0.4084604410277,-0.4201129605444,-0.4526428545004,-0.4402447034231,-0.4204544701292,-0.4677160859365
-0.1878492967772,0.2308876375317,-0.0004126022788,0.2294199958766,-0.0005884320874,0.0804831701203,-0.0479838058389,-0.0142215789788,-0.0533169475863,-0.0857397273236,-0.0704141339514,-0.1652808230882,-0.0965535722253,-0.3156918946500,-0.2274109666532,-0.1075892030623,0.6821240050350,0.2498887332465,-0.0690722471096,0.1231102900063,-0.1613132274898,1.0000000000000,0.5269446473303,0.6764028770289,0.3307069942425,-0.0370882119868,-0.0345668440724,-0.1389714839999,0.4526678161918,0.1058859500249,0.3746497657904,-0.2231423624289,0.0160801790618,0.1756797295570,0.2742794710125,0.1697203815595,0.0866825455187,-0.2195626498164,0.1826033440406,0.0065264382045,0.0698135782804,0.0632765503652,0.0209438224720,0.0162701434294,-0.0191400974567,0.0478273573469,-0.1887111134462,0.0108557280337,-0.3274671492965,0.1198534907264,-0.0692435110371,0.7440251591779,0.1108340179777,-0.2185207288456,0.1214102349957,-0.1624171742607,0.3151943784163,0.4090359932903,0.4034364495617,0.4309256177599,-0.1257023238542,-0.1707601977151,-0.0812532144697,0.3991938741206,0.2028706474504,0.2389134034918,0.0542452389426,0.1040447110944,0.1720952110667,0.3509442876122
0.0412680393510,0.3629400317954,-0.2096910271036,0.5300455807412,0.0073652667145,-0.0466378333180,-0.2099667643234,0.2088564423899,-0.2645337625384,0.1007192190514,-0.2121642567873,-0.0752198505723,-0.0127895577610,-0.1510911363317,-0.1660119885094,-0.1157334233011,0.2755715170803,0.2305377464578,0.0459626843422,0.1873662959655,0.0748416390331,0.5269446473303,1.0000000000000,0.4410856419522,0.6140067459511,0.1031479627234,-0.1715358247822,-0.3460148537717,0.5347713230582,0.1519867664186,0.4947458856740,-0.0042908273126,-0.0965009576184,0.2206287823159,0.1544198725624,0.1141205540559,0.2607796395356,-0.4064488030634,0.2956484556645,0.0601689755262,-0.1464168988903,-0.1313108642955,0.2000877482544,-0.2628188870895,0.1158352569096,-0.2247913554418,-0.1714629784099,0.0330823273526,-0.1676348243177,-0.0544943958659,-0.2908888345895,0.4328170638993,0.0882813266731,-0.1540762897388,-0.0006490564217,0.0113919246984,0.1192922562039,0.8217657708138,0.1013799723448,0.5519626507960,-0.0396210919454,-0.3489939792536,-0.3318157799592,0.4484846143567,0.1165552406023,0.2835396735534,0.0562109415429,-0.0482554364081,0.0810200394227,0.1228005072343
0.2756713169707,0.3903836532429,0.3931335833169,0.3161277603292,-0.0455245069269,0.0652534605839,0.0993292261491,0.0371896843215,0.1556686169364,0.0143098092464,-0.0072508239216,0.1801762848697,0.1102809618145,0.0209104267622,0.1215922366055,0.1075694755409,0.5865241906258,0.5696159538960,0.0524343435791,0.5286699866483,0.0360832188893,0.6764028770289,0.4410856419522,1.0000000000000,0.1723259706992,0.1770149656115,0.3988875272069,0.1781303214141,0.4174862643873,0.2834548750847,0.5549530191937,0.0510288005655,-0.1446680544841,0.4150651733953,0.3642079804076,-0.2390980453803,0.1765911995869,0.0999868194268,0.2130878390775,0.0511780286430,-0.2252170105107,-0.0310645196823,-0.3401066228642,-0.2130959663203,-0.0102292086337,-0.1448766622228,-0.2124114153401,0.0305351990451,-0.0640573999148,-0.3533556092887,-0.1296714236648,0.5157292723329,-0.0672341101312,-0.2226728585378,-0.1186508183535,0.0015193902845,-0.0584850443432,0.3943653238723,0.2826953882745,0.0105362041628,-0.0488351639520,0.1209557739093,0.2687607156693,0.1284959870342,-0.2313698090457,-0.0770354318916,-0.2082861909010,-0.1874786885632,-0.1747952730378,-0.0408089062739
0.1286266888049,0.0718409685779,-0.2804360813458,0.4229403589098,0.1527473583552,0.0413159549228,-0.1513528010166,0.5349863616168,-0.1702436546882,0.3306158068335,-0.2629675660755,-0.1299846234467,0.0029590787627,-0.1938868342162,-0.0521822500540,-0.0912500168446,0.1581208277739,0.1408096657979,-0.0137556747976,0.1296119958611,0.1759157234391,0.3307069942425,0.6140067459511,0.1723259706992,1.0000000000000,0.0895777004323,-0.1605468266080,-0.3382917480157,0.6057537260214,0.0117565918078,0.4927204703716,0.0330555475768,-0.0376705959275,-0.0204551386784,-0.0076580376248,0.0928007050708,0.1581978831592,-0.4530543944968,0.3398448315429,0.1364490626549,-0.1720807415832,-0.1882408513431,0.4338304445225,-0.1909625598007,0.2792267163162,-0.2849096470373,-0.2395793721450,-0.0145045076725,-0.2165596991788,-0.0247072825484,-0.3545449728374,0.2356385440230,0.0723806576635,-0.1508177462116,-0.0079051283938,0.0032409159230,0.0873762072708,0.4987534850297,-0.1068865752443,0.7690011209868,-0.0130607445031,-0.3006323376732,-0.4084684048770,0.5058817036886,0.0278338368594,0.2596810749492,0.1781879599178,-0.1012286822609,-0.0749788637870,-0.0341406927753
0.3575071424411,0.4682019783246,0.4517434823517,0.5171142796747,-0.1270850062526,0.0663297897879,-0.0521174935948,0.3293660901093,0.2287601900548,0.4941271658850,-0.2036102966112,0.3879920080953,0.1255991593780,0.5276831185883,0.4322673298019,0.1813052733363,-0.1157989157112,0.3134644612900,0.4473103868265,0.4200023188508,0.1584429547279,-0.0370882119868,0.1031479627234,0.1770149656115,0.0895777004323,1.0000000000000,0.5383545897907,0.2418870195848,-0.1415900237555,0.2015295839248,0.1633560738025,0.2867344740723,-0.1532615338837,0.4006047616664,0.0936419296185,-0.2961402361272,0.1874376735575,0.1274026252201,0.4247632486640,-0.1352591679354,-0.3512359601925,-0.1520201823971,-0.1416833934597,-0.2557529013360,0.2817233675466,-0.3663478035640,0.1285465371899,-0.0467589192203,0.2818797722179,-0.1120385187840,-0.0341735136541,-0.1635593417283,-0.2405051794919,0.0617657745260,-0.2599199285490,0.0866862138392,-0.4402695886208,0.1991877336814,-0.3046311076140,-0.0291747667316,0.5152127035863,0.1483323779510,0.4357656573371,-0.4846707647729,-0.3372243919189,-0.4468425256058,-0.2564832517049,-0.2509506736116,-0.2837763602092,-0.2388634514406
0.4981863708951,0.3287395038995,0.7155517343519,0.2248158770234,-0.1666751515197,0.0430975821083,0.1971041551008,0.1437811668056,0.4625653102219,0.3087148904655,0.1042402742708,0.4471007197594,0.2616604641279,0.4810740592560,0.5057779360584,0.2834974906823,0.0553464780622,0.5381428545252,0.2165235863889,0.5714225866856,0.2096700542581,-0.0345668440724,-0.1715358247822,0.3988875272069,-0.1605468266080,0.5383545897907,1.0000000000000,0.4971231290786,-0.0899549917233,0.2966768903941,0.3092149123229,0.4431986502418,-0.2767035871331,0.3861282909278,0.1626095474456,-0.5010021398283,0.0035536828907,0.4414856921907,0.1739191417295,-0.0844612353499,-0.3878457859268,-0.0200814446632,-0.5452947295133,-0.2451175306161,0.1168404631835,-0.1715676779137,0.0067611950629,0.0388661218257,0.2177199336074,-0.4172356175766,-0.0607120741066,-0.1205997544862,-0.2519778015459,-0.0472075919195,-0.2986738902394,0.2264873951159,-0.5026488453906,-0.0455646345698,-0.1913421753190,-0.3401994254742,0.0653862953436,0.5829033831300,0.6497879599101,-0.5868212410089,-0.5079811498055,-0.5380040337450,-0.3376819990670,-0.3234779058219,-0.4914010608948,-0.3874136791068
0.1032300317826,0.2720065645403,0.7230641300817,-0.1523258718055,-0.3650181530184,0.1600600710301,-0.0609674734912,-0.0103369691239,0.1089398643165,0.0272026304349,-0.0607401099252,0.4005071058021,-0.2928928653730,0.2801507941009,0.3417651857810,-0.0866109623932,-0.0380100822683,0.2120260944005,0.3168581874440,0.1231320443253,-0.2377588928988,-0.1389714839999,-0.3460148537717,0.1781303214141,-0.3382917480157,0.2418870195848,0.4971231290786,1.0000000000000,-0.4753665012098,-0.0279055265834,-0.1888063527187,0.2137343788453,-0.0161117321856,0.0972958655739,0.2265578045419,-0.2369809077208,0.1483906658200,0.7070340804573,0.1098542935634,-0.2316947446822,-0.0413615278343,-0.2538765767782,-0.1626329089634,-0.1215413639871,-0.0255422324135,-0.2698109710453,0.3075241927878,-0.4113597016063,0.3743873124721,-0.1578868092860,-0.0381476811879,-0.2096538113862,0.1011892884219,0.3971329046083,0.1783477266327,-0.1871304927135,0.0637534406423,-0.1790141787466,0.2806389213717,-0.3801877853067,0.3427685049215,0.6441361746881,0.7734576585035,-0.3898368347285,-0.1745722896399,-0.0780168229180,0.0546938502703,0.0142524977493,-0.1155597693588,-0.0658705715172
0.2117729303046,-0.0823603388551,-0.2948979536545,0.1743663998309,0.4432222932769,-0.1789362960599,0.1367391343501,0.1821678453617,-0.0464805007263,0.0471117212011,0.2441690666644,-0.1781818341791,0.3469137374132,-0.1386163231853,-0.1023617625084,0.0583623289641,0.4819556419453,0.0941003828484,-0.1654309687294,0.1491308728646,0.3090128962315,0.4526678161918,0.5347713230582,0.4174862643873,0.6057537260214,-0.1415900237555,-0.0899549917233,-0.4753665012098,1.0000000000000,0.2109923873699,0.5251087579422,-0.0612364123666,-0.2143467218148,0.0677228056370,-0.1373041221056,-0.0724800248632,-0.1060738720245,-0.4074156265831,-0.0800704381036,0.3793918963566,-0.2435996260010,0.1197930081659,-0.0125481307593,-0.1004279694414,0.0541508040735,0.1045797465883,-0.3967702619573,0.3385463551039,-0.2455078997860,-0.2489158115895,-0.1244176889631,0.4496466376490,-0.2339491956087,-0.4104579326599,-0.2844596690334,0.1901284548266,-0.1050123641980,0.3525375871845,-0.1002412800508,0.4208463672427,-0.3120891817631,-0.3611675311306,-0.3752831500066,0.6334320000588,-0.1584237673917,0.0321982750957,-0.1085874229014,-0.1713332574810,-0.2234430697826,-0.2247629079316
0.5328056116921,0.2017321790819,0.2357100350854,0.2077128450330,0.1559455155560,0.0142226493387,0.2134324709005,0.0499085260727,0.2363606937296,0.2477442809932,0.1627358296359,0.3960379037404,0.4215265195739,0.3322801938658,0.4976009833360,0.3002814086237,0.0651544836822,0.3292844978821,0.1320940033057,0.3514417026320,0.2887325964864,0.1058859500249,0.1519867664186,0.2834548750847,0.0117565918078,0.2015295839248,0.2966768903941,-0.0279055265834,0.2109923873699,1.0000000000000,0.3038489218506,0.1031746371227,-0.0378360813649,0.5965655260762,0.1650026644172,-0.2188967645937,0.0141659554766,0.0553350543198,0.0400513119776,0.1638843406899,-0.1662567261956,0.0068183325532,-0.3726019751700,-0.1870832459235,0.1483159637355,-0.0272671034401,0.0767738768219,0.2731966151651,0.1877656519078,-0.1963766597634,0.1267196221091,-0.0237970954830,-0.2464852479194,-0.1206443290025,-0.2859586497825,0.2931122712118,-0.2889677259298,0.1002680291353,-0.1696395060650,-0.1007153730014,-0.0963442093840,0.0104068880255,0.1685454722196,-0.1361353214764,-0.0785947784220,-0.3363405348596,-0.3219808031131,0.0247024594418,-0.2473872477366,-0.2111744281382
0.5281300512885,0.3129674301190,0.0536388523613,0.4887027652130,0.0967209898372,-0.0950957348169,-0.0055826994357,0.4209338983280,0.0148361163770,0.1814686315214,-0.0995293607618,0.2561105114547,0.2938511283532,0.0630787006612,0.1963881735903,0.0365967778535,0.1356098539898,0.5885624395336,0.1045773826804,0.6013648318432,0.3904168263995,0.3746497657904,0.4947458856740,0.5549530191937,0.4927204703716,0.1633560738025,0.3092149123229,-0.1888063527187,0.5251087579422,0.3038489218506,1.0000000000000,0.1378111544909,-0.2158827895632,0.3762286341508,0.3043177661281,-0.1217812535168,0.2301186684117,-0.2356561236469,0.2915980201553,0.1927697629450,-0.4382668226710,-0.1720392889508,-0.1882246290921,-0.4638383823730,0.0090857990762,-0.3163997941372,-0.2025476759555,0.1661507070125,-0.1083721078288,-0.4361601098309,-0.4003444783817,0.1181187967003,-0.0869306923943,-0.1670916555049,-0.2294703409899,0.2848701309293,-0.2318215814049,0.4322513616280,-0.1055138656545,0.1848933793423,-0.1265635240916,-0.1087354550592,-0.1143257671623,0.1059189264291,-0.2440533854335,-0.0078931091804,-0.3153531388784,-0.3443963395631,-0.2600905006171,-0.1659518985722
0.3682899233399,-0.0713027947959,0.0681045842436,0.1345969827162,-0.2396451098636,0.1061033033072,0.0941820201239,0.0476330311114,0.2809273721571,0.3608790315543,-0.0152334445972,0.3599379504124,0.1346852491561,0.4935876861958,0.3835307675128,0.2697324893139,-0.1351534967481,0.2191279776601,0.2618928978382,0.2608465499519,0.2205505513557,-0.2231423624289,-0.0042908273126,0.0510288005655,0.0330555475768,0.2867344740723,0.4431986502418,0.2137343788453,-0.0612364123666,0.1031746371227,0.1378111544909,1.0000000000000,-0.1676293743760,0.1184328309224,0.0177421251506,-0.4169104363484,-0.0625245308574,0.1245752020092,0.1135843420996,-0.0873342606906,-0.3338591123847,-0.1967170531737,-0.2536963054291,-0.3070124723409,0.2350297725892,-0.2799219293600,0.0591682491197,-0.0360750407108,0.4212887308088,-0.4003190356932,-0.2373376156767,-0.1901042051015,-0.1846570530070,0.0962058363525,-0.2058180744224,0.1962074455731,-0.3343300826857,0.1188790217653,-0.2749827946806,-0.0817908457926,-0.0021950955548,0.4037228160797,0.1375183710831,-0.3079320116323,-0.4419143627913,-0.2704826147903,0.2315222896639,-0.2585027160309,-0.4799786471824,-0.4874913147207
-0.3014322023302,-0.0405792594221,-0.1542345196505,-0.1413243652287,-0.1988424874823,0.4694592776773,0.0997502454017,-0.0680881441415,-0.0099187481388,-0.1396880700016,-0.2146210619835,-0.1184762341298,-0.3602037185460,-0.1874090713257,0.0153902634553,-0.1067038347151,-0.0492926750948,-0.1668296173677,-0.0020943871284,-0.1897577164539,-0.2896337589053,0.0160801790618,-0.0965009576184,-0.1446680544841,-0.0376705959275,-0.1532615338837,-0.2767035871331,-0.0161117321856,-0.2143467218148,-0.0378360813649,-0.2158827895632,-0.1676293743760,1.0000000000000,-0.2153799930543,0.1888080926373,0.2091864724704,-0.0078260117369,-0.0919406757893,0.0081324473346,-0.1709905645920,0.4446754424079,-0.0490840200693,0.3106434604794,0.2145370220595,-0.0519656724679,-0.0747873661777,0.0724127883861,-0.3249901330326,-0.0216748490132,0.3302863969015,0.0522442010234,0.0379608966018,0.2893766039166,0.1946294142935,0.3621166520426,-0.3409161546878,0.3998948324151,-0.1789340264278,0.3089618799643,0.0826896853705,0.0782638221448,-0.0290921196137,-0.1228690750226,0.1287456517011,0.2900002665771,0.3326909250160,0.2926530888945,0.5541193518538,0.1944946819820,0.3564271604353
0.4831647641618,0.3124270360567,0.3735561620780,0.3083701936407,0.0788208333966,0.0976832361260,0.0189590805656,0.1775265323717,0.1302080722117,0.2958653337298,-0.0030506402324,0.3905100742621,0.2570974722309,0.3038233194553,0.3761660905857,0.2549177580611,0.0314560778295,0.4449836344483,0.1499096679201,0.4678702480886,0.2021824081590,0.1756797295570,0.2206287823159,0.4150651733953,-0.0204551386784,0.4006047616664,0.3861282909278,0.0972958655739,0.0677228056370,0.5965655260762,0.3762286341508,0.1184328309224,-0.2153799930543,1.0000000000000,0.4679301260432,-0.1192703024420,0.1351707320116,0.1968660410289,0.2325368139556,0.1272296563441,-0.1901506852177,-0.1255642082421,-0.3515032457530,-0.3262948572829,0.1976764707725,-0.2439460978067,0.0356075077271,0.1511344349575,0.1533981212365,-0.3183560575993,0.0856132986972,-0.0533899974481,-0.1904317462222,-0.0942759519316,-0.2207622293857,0.1834509941312,-0.3243033420634,0.1999535492594,-0.1078640893873,-0.1014033039791,0.0982914952532,0.0653509411487,0.2962876974313,-0.2920375510875,-0.1202972090269,-0.3540935929751,-0.3249837799282,-0.2359067013789,0.0129357115589,-0.0451592579406
