1.0000000000000,0.3375869449020,0.1504257603624,0.4896280488790,0.4018948837740,-0.2638058260563,0.2466856154362,0.3594376055143,0.1077108584579,0.3290695463838,0.2464647096088,0.2629334297335,0.4146395755752,0.1882177903256,0.6090695275611,0.0318217985676,0.2380115922859,0.6583048469884,0.1097371335145,0.6004114696639,0.3492466531919,0.2079104752918,0.4248192178417,0.3330300864984,0.3744177303592,0.3893332845558,0.4203765432144,-0.0223826924864,0.1967377339608,0.6615546401104,0.5708888240765,0.1101884693456,0.0062129817565,0.4834444469275,0.5039171496385,0.1311859054278,0.3917305437537,-0.1107699795258,0.4180366140109,0.1481826684312,-0.2979116989418,-0.3257639485532,0.1701495981997,-0.3021593383957,0.2623944164615,-0.2039484967574,-0.1464724471764,0.1461157372875,-0.1401935925137,-0.2670071982669,-0.0720599611003,0.2127016557716,0.1619240183575,-0.2951125568452,-0.0620342331877,0.1594228605207,-0.1952622610298,0.4016367013021,-0.0412406575931,0.1358156266347,0.1464845320875,-0.0317747707500,-0.2111963569377,0.0986455418663,-0.3638824284820,-0.1560850441657,-0.0139654211465,-0.1427284983154,0.1457490628642,-0.0482843767963
0.3375869449020,1.0000000000000,0.1766245570733,0.6819270536067,0.2626305184921,-0.2963793200914,0.0671579361440,0.0032827822294,-0.2523282336213,0.3843678222759,-0.1065752888145,-0.0231031358278,0.3192713092242,-0.0556597320010,-0.0048281916746,-0.0484214262681,0.2716424747480,0.3462323628984,-0.1015695796996,0.2323377693862,0.2531844341119,0.1295030710714,0.4903334160270,0.3022066108241,0.2336309177024,0.5883959700887,0.1413924041522,0.0772723179733,0.0817557851089,0.1449628560579,0.3081018897485,-0.1677999538175,-0.0245767784740,0.3026518690833,0.5216698687452,0.1987574089361,0.7745976694411,0.1417070282191,0.6863458752068,0.2093909622260,-0.2504685465496,-0.1797382341973,0.0513639768101,-0.3127375661380,0.3674855859712,-0.2247546116122,-0.0584257876606,0.3033406419302,0.0340969128602,-0.2382387774980,-0.0040914598664,0.3907516147932,0.2698320915778,-0.2245247384440,0.1844703166153,0.3179953573089,0.1908158936691,0.4933807266694,0.3779482850242,0.2387228076337,0.4981438479296,0.1813463145929,-0.0072610944059,0.0621339546793,-0.0201880438164,0.2130678079633,-0.0539127376987,-0.0947189168724,0.2060740995735,0.4217037748118
0.1504257603624,0.1766245570733,1.0000000000000,0.1619637176882,0.0813240126135,-0.1555295156229,0.0619365630109,0.1209980647182,0.0399432554171,0.1519636398363,-0.0673151360770,0.1893742091375,0.0166155008423,0.1589897606390,0.0220991171531,-0.0307359803265,0.1745531456562,0.1813606162048,0.2194793624678,0.1323922769821,0.0188055083542,0.2649000762696,0.1018941574064,0.4191471007354,0.2576411834312,0.3379743696811,0.2970577467268,0.5370697688216,0.1184837281404,-0.0012970892075,0.2594180647744,-0.3126570323117,0.0286424161516,-0.0814734748226,0.0639598875948,-0.1589282205659,0.1031683411833,0.5027780368099,0.1698418369562,-0.0449714822598,-0.1893573187813,0.0308511938565,-0.0812089461452,0.0732625682829,0.0964359901870,-0.0295430449140,0.1547744157175,-0.0030561151503,0.2008290840601,-0.0397301387983,0.0004139337262,0.1639947819920,-0.1177037301511,0.1237504611572,-0.0009562800240,0.0044631370673,0.0917943802503,0.0124705448410,0.1511406708970,0.1641113824376,0.2694551306413,0.1054181657994,0.4709686145037,-0.0416946813263,-0.0717459785598,-0.1182261562664,-0.2758233376496,-0.0536428588109,-0.0824112930779,-0.0048243139900
0.4896280488790,0.6819270536067,0.1619637176882,1.0000000000000,0.4231635581734,-0.2378121665855,0.0394961563759,0.2591032449155,-0.2782962229647,0.6349179655365,-0.0387807169249,-0.1296373595877,0.4291771611377,-0.1280162471213,0.1423270201405,0.0735764125778,0.3766940827521,0.3746718382623,-0.2257250618248,0.2694124769444,0.2951890952990,0.2020535175103,0.7367125534188,0.2362624066838,0.4638553599744,0.5196577225941,0.0868602877281,-0.1283683745976,0.2091978038819,0.3163265014025,0.4468119099545,0.0080166690478,0.0414308789993,0.3692280699588,0.5304897559317,0.3336961702942,0.7310982036381,-0.0235338341085,0.8328633643966,0.3773359762543,-0.1884918366675,-0.2400837913758,0.3164991124480,-0.4360872234542,0.6516865695310,-0.2016128052768,-0.1909079998375,0.3862481110754,-0.0476795593627,-0.2410874891658,0.0763955577835,0.4508608700988,0.2230026266449,-0.3793620515563,0.0742162494341,0.3514229473347,0.1186857597301,0.7412037985528,0.1586764301295,0.5028530573226,0.4733204311449,0.0212088506993,-0.2582108238205,0.2677042687068,-0.1047284006929,0.0949133779460,0.1047929060489,-0.0924181033232,0.2066376396547,0.3927525186326
0.4018948837740,0.2626305184921,0.0813240126135,0.4231635581734,1.0000000000000,-0.3184509773876,-0.1153879450665,0.5119526832498,-0.2128096345530,0.3995885459350,0.3985714060103,-0.1931932943948,0.5358904478797,-0.1789567734188,0.0341996491220,-0.1927978126062,0.0793147973451,0.1932635465972,-0.0724455720980,0.0448567941505,0.5815865541842,0.0784097521842,0.3664901834031,0.2136791225462,0.4007285546800,-0.0521259615942,0.0111839264403,-0.1153440188843,0.2564020491716,0.1125803403677,0.4385867792141,-0.1286781782826,-0.3183205800622,0.3188008308417,0.0542757711976,0.3228730248288,0.2914432293935,-0.0115524595066,0.4435393397860,0.7836170930927,-0.3558974995670,-0.2717772546098,0.4015131444804,-0.3826595136518,0.3760650939239,0.2616041397503,-0.3064514777165,0.5087509888161,-0.2886838531778,-0.3364522140821,-0.2083073838614,0.1435741774096,0.1470278634581,-0.3056306609819,-0.0033488574019,0.5790005843616,0.0937483986321,0.3089190159972,0.1464671385803,0.4047148052605,-0.1118512196273,-0.0490183750627,-0.2156361309994,0.3529050435414,-0.1972275676478,0.1021307233338,-0.0932094741981,-0.2426870038912,0.2150472951146,-0.1607565786445
-0.2638058260563,-0.2963793200914,-0.1555295156229,-0.2378121665855,-0.3184509773876,1.0000000000000,0.2905837772406,-0.3507883829888,0.4850357540287,-0.0013146272687,-0.0175538128778,0.0193356077315,-0.1920863925666,-0.0172939198277,0.0870804955643,0.5355243552199,-0.1732361386550,-0.1961408301134,0.1716277564437,-0.0703020053632,-0.2197573485522,-0.0184558596100,-0.3036986886690,-0.1806456027243,-0.2170795313025,-0.2023556717222,-0.1491732217012,-0.0896426132694,-0.2555071229743,-0.0033839775655,-0.2971272466924,0.1346389589667,0.5577161164825,-0.1043326979527,0.0629588599727,-0.1586365627957,-0.4511668443835,-0.1393704151844,-0.2793527886367,-0.2928083565263,0.8019726086521,0.6353371226673,-0.3217258819598,0.5161968326439,0.0114954606131,-0.0267585153440,0.1578293522429,-0.1139105698844,-0.1014378683739,0.3575938089944,0.5865442735169,-0.2333534860945,-0.3694151960805,0.1617651782236,-0.2881001305923,-0.1534288437806,-0.1893045683062,-0.3082543546414,-0.3319274434312,-0.1500362919576,-0.2399553250427,-0.3816307330538,-0.0876866250321,-0.2873338302293,0.1232362606384,-0.2822903194520,-0.0241660828065,0.5732803787773,-0.1490458576371,0.0260139962922
0.2466856154362,0.0671579361440,0.0619365630109,0.0394961563759,-0.1153879450665,0.2905837772406,1.0000000000000,-0.2859166271507,0.7116500169834,0.1583078191047,0.2977068664967,0.2789138141370,0.3559070488265,0.1569212405419,0.5274367051733,0.6216938677631,-0.0516973422065,0.0572930744041,0.3231926334261,0.2258557023689,0.1250586329027,0.1905010200608,-0.2420545295654,0.1125595409198,-0.0806939647503,0.2407621556586,-0.0236241398633,-0.0946733250842,-0.1484622539659,0.3825667690769,-0.0933654732242,-0.1851431112427,0.2001402830897,0.1613432905982,0.2663800532238,-0.2144563444314,-0.0715525530119,0.1198880652084,0.0764302015476,-0.2646649486199,0.2141928800045,0.5373608092026,-0.3259506849028,0.4162979504453,0.0927408937994,0.0550646712022,0.1647748215813,0.1146339728857,-0.0917557971248,-0.0079795025530,0.5383567461483,-0.1026700676102,-0.2281935197393,0.1379610593664,-0.0782215820105,0.0472105783072,-0.0253524216760,-0.1863383901341,0.0196777654289,-0.1728250028615,0.0382066226114,-0.2223924976808,-0.0187246664469,-0.2421919932290,-0.1893838217733,-0.2140141397687,-0.2712983367663,0.1765938016645,0.1082079925546,0.0247894132615
0.3594376055143,0.0032827822294,0.1209980647182,0.2591032449155,0.5119526832498,-0.3507883829888,-0.2859166271507,1.0000000000000,-0.2779363477686,0.2505144565073,0.0926467487963,-0.0137869339246,0.1881868671762,0.0151617361047,0.1319023037342,-0.2728444306698,0.2233404986746,0.2816476838584,-0.1227673221960,0.0985131045060,0.2369125716061,0.1735727278267,0.4664699055780,0.1153313915520,0.5380543064491,-0.1133704862371,0.2572493442880,0.0667396833582,0.5024535340931,0.2140686583114,0.6121017703282,0.1687616701619,-0.0998772731350,0.2031660346217,-0.0138529595291,0.0152935702121,0.1651680007257,-0.1641543043973,0.1047981387320,0.6067199947587,-0.2738165242100,-0.4179014659050,0.4593542041024,-0.4791974158114,0.2293337021956,-0.1494010440241,-0.1850115516610,0.1317634262394,-0.0825250234715,-0.3105752511037,-0.3298874215846,0.1970834796335,0.0261369661503,-0.2812431443140,-0.1635940335451,0.1179236413953,-0.1478190229486,0.3845086698573,-0.1484040578613,0.4672086589061,-0.1065575495538,0.0611657668199,-0.0934483377187,0.5187911457084,-0.3194749932936,-0.1033605389915,0.1375762497462,-0.1144663292437,-0.0564156813984,-0.3290467638135
0.1077108584579,-0.2523282336213,0.0399432554171,-0.2782962229647,-0.2128096345530,0.4850357540287,0.7116500169834,-0.2779363477686,1.0000000000000,-0.1817801522930,0.4578304572974,0.4055286566277,-0.0655796860718,0.2784649565066,0.5788498750917,0.5899690383211,-0.0952323069352,-0.0048466551684,0.4495031200604,0.2109583863818,-0.1816487132687,0.1849379740129,-0.4551684818709,0.0795798146461,-0.2552286276543,0.0380317195660,0.1252354100070,-0.0381929872318,-0.1578231543872,0.3517829744062,-0.1688115865866,0.0099537312225,0.2883401032957,0.0510698182176,0.0398465770380,-0.4124196424546,-0.3701515988091,-0.0120043366843,-0.2249650693315,-0.4089870558109,0.3336142069072,0.5096046581167,-0.4512137118337,0.6449027320806,-0.2815765991691,0.1483370597193,0.2217058190208,-0.3104167704053,-0.0117842299897,0.1956366814823,0.4143582129728,-0.2532596129408,-0.3476758880760,0.1889930582966,-0.2465048333669,-0.2881537784995,-0.2172968491451,-0.4410553521875,-0.1564645338132,-0.3909697305045,-0.1549009500020,-0.1981865119796,0.0037954832938,-0.3556100326586,-0.1249177276414,-0.3788241930662,-0.1700574504226,0.2873646469583,-0.0318269492034,-0.2659991271905
0.3290695463838,0.3843678222759,0.1519636398363,0.6349179655365,0.3995885459350,-0.0013146272687,0.1583078191047,0.2505144565073,-0.1817801522930,1.0000000000000,-0.1302573643710,-0.2700280266233,0.5561561473457,-0.2340135309710,0.0347330222286,0.1334385127140,0.2320794828958,0.1649156190370,-0.1951013064110,0.0388282874992,0.5121014961531,0.2072053358643,0.4977104112460,0.1303817985709,0.6084597432780,0.2247020746733,-0.1745330636312,-0.1805133402795,0.1029267572119,0.1094380774275,0.3169017445959,-0.0838513174636,-0.0263956982698,0.2486083530071,0.3446848765216,0.2945588068968,0.2967041467171,0.0759669500138,0.5135614995812,0.4046473186448,-0.0378997425919,0.0881915965565,0.2175451054976,-0.2353125237201,0.9020309487229,-0.1436673223653,-0.2812488711205,0.6031999079433,-0.1917146221528,-0.1569634909837,0.1893688258475,0.3252085601116,-0.0123259485341,-0.3547058482641,-0.1170244381580,0.5820275145802,0.1374101078515,0.4893401030835,0.0319112687327,0.6541545642739,0.1861519863215,-0.2541447257768,-0.2660120909606,0.1838002426695,-0.2061376172540,0.0472282723769,0.0084328509025,-0.0267699278989,0.1646812313327,0.2340511083990
0.2464647096088,-0.1065752888145,-0.0673151360770,-0.0387807169249,0.3985714060103,-0.0175538128778,0.2977068664967,0.0926467487963,0.4578304572974,-0.1302573643710,1.0000000000000,-0.0202388522840,0.2763809241572,-0.0624223801355,0.4339661156491,0.2101251945501,0.0212191526752,0.0850804413216,0.1277548150806,0.0921976585611,0.2203829458314,0.0714629276271,-0.1571537950899,0.1733979634596,-0.1214221002218,-0.1345300968036,0.0163812977654,-0.1742952126586,-0.0531003471743,0.3200007421766,0.0699506918153,-0.0436862182733,-0.1679724303486,0.3118127817676,0.0575614036178,-0.1443493813854,-0.0030224762288,-0.0517277862125,0.1412523060154,0.2005602964126,-0.1389860174823,-0.0244443080215,-0.0838709140733,0.0731525638453,-0.1662778037898,0.5881100812583,-0.2213487677655,0.0830083945440,-0.1867181623531,-0.1722372027068,0.0515830993643,-0.0553724195054,-0.0216591116678,-0.1491372259714,0.0076392176684,0.0756407277555,-0.1078437439213,-0.1387444543344,0.0564901659838,-0.2033040092444,-0.1551788323457,-0.0663860854404,-0.1407031579047,-0.0644746421164,-0.1562207740776,-0.1926725494815,-0.0336941701723,-0.1348791239117,0.2444384218478,-0.3151872961509
0.2629334297335,-0.0231031358278,0.1893742091375,-0.1296373595877,-0.1931932943948,0.0193356077315,0.2789138141370,-0.0137869339246,0.4055286566277,-0.2700280266233,-0.0202388522840,1.0000000000000,-0.2222405859118,0.7640395728966,0.3909132700692,0.1965257718940,-0.0241179300874,0.2286148644807,0.6987757829461,0.4353088198086,-0.2833311620597,0.0792162221656,-0.1480203564690,0.1511184487254,-0.1163525695638,0.3628351978633,0.5606472886506,0.3182970841164,0.1195602041385,0.4136196520937,0.0848334702564,-0.0203781871264,0.2798386114654,0.0929269098489,0.0657899908143,-0.2480759743822,-0.1563378212467,-0.1902866158563,-0.1870623277764,-0.4114882111412,-0.0640950304542,0.0058167370196,-0.2470377170861,0.2266360961754,-0.3151532732538,-0.2355162058853,0.6571658119880,-0.4638335309488,0.2755849494096,0.1446163004110,0.0712250782808,-0.1180963449542,-0.1939405623449,0.4030529557262,-0.0115361542148,-0.4044008912478,-0.3306644841983,-0.1891242938122,-0.1776398488728,-0.3310511661386,0.0329815214161,0.0417195240627,0.2168052285166,-0.1151384478364,-0.0356584607918,-0.3843398058171,-0.2959774901227,0.0950188572762,-0.0912602683000,-0.1192739694446
0.4146395755752,0.3192713092242,0.0166155008423,0.4291771611377,0.5358904478797,-0.1920863925666,0.3559070488265,0.1881868671762,-0.0655796860718,0.5561561473457,0.2763809241572,-0.2222405859118,1.0000000000000,-0.2205084559457,0.1975111358116,0.1254383144365,0.0146734134513,0.2548115480855,-0.0579310160299,0.1337805989977,0.7997323408093,0.0807511374211,0.2280214710567,0.2017881136998,0.2720744350723,0.1257028272493,-0.1481524806449,-0.2406860157313,-0.0163794500317,0.1747281633106,0.2641684078887,-0.2383348048637,-0.2499040179320,0.2484578853355,0.2661810628771,0.2275263611479,0.2985083490659,0.1017112959879,0.5310177118551,0.3868933919000,-0.2881713549881,-0.0430146683778,0.1485396662839,-0.2580507921449,0.5084189214692,0.1375098596439,-0.2745380542576,0.8532914148312,-0.2980745700616,-0.3355851194493,0.1155925516750,0.1200477826735,0.1672418671026,-0.2540332611980,0.1093154907702,0.6742859130943,0.1503771763115,0.2518320748565,0.1799534579885,0.2437994845176,0.0606143052858,-0.1154777473940,-0.2660027407910,0.1115124182411,-0.2475571299444,0.0540077605040,-0.1630547938058,-0.2051485252804,0.2212967839473,0.0717783096118
0.1882177903256,-0.0556597320010,0.1589897606390,-0.1280162471213,-0.1789567734188,-0.0172939198277,0.1569212405419,0.0151617361047,0.2784649565066,-0.2340135309710,-0.0624223801355,0.7640395728966,-0.2205084559457,1.0000000000000,0.3694869011501,0.1171439678574,-0.0921568227827,0.2755690787061,0.6402805538176,0.5020279119670,-0.2855504451539,-0.0197620948370,-0.1585469652534,0.1320885477869,-0.1182569345674,0.3976793697484,0.5570784654738,0.3195517307075,0.0088321363265,0.4096048923117,0.0244858273620,0.0427088311445,0.3033638096912,0.0263865810117,0.0974306752151,-0.2279223306865,-0.1777497061722,-0.2465588324318,-0.2214551637212,-0.4256601160121,-0.0049024962195,-0.0521763474859,-0.3112150488240,0.1211269206934,-0.3125334952689,-0.1799629061183,0.5698149678182,-0.4225447559461,0.3669442651783,0.1034634869818,0.0497599169956,-0.2303506592575,-0.0961617079313,0.3381787540476,0.0456484463259,-0.4053129873780,-0.3457598650839,-0.2110778791819,-0.1902487680536,-0.3782518968014,0.0388114707688,0.0213132038404,0.1967727678346,-0.2493537247816,0.1052648791300,-0.3723072526420,-0.2407329820694,0.1698245208311,-0.0685745071404,-0.0152022539048
0.6090695275611,-0.0048281916746,0.0220991171531,0.1423270201405,0.0341996491220,0.0870804955643,0.5274367051733,0.1319023037342,0.5788498750917,0.0347330222286,0.4339661156491,0.3909132700692,0.1975111358116,0.3694869011501,1.0000000000000,0.3952227755243,0.0406335101370,0.4300482563693,0.2479053002617,0.6307169545158,-0.0268638090284,0.1727302047095,0.0135104272827,0.1143333213764,-0.0116656714434,0.3196831797352,0.4033944478874,0.0358357603086,0.0464178131580,0.8389310915915,0.2225101080593,0.2718679980521,0.2615686529696,0.4161969731743,0.4013291727035,-0.2319890508763,0.0272730336789,-0.1644151408046,0.0794057420593,-0.1680288889468,0.0818182113412,-0.0527554441181,-0.1473494429913,0.0372300790728,-0.0598572338120,-0.1229193463265,0.0134294705215,-0.1612764460364,0.0270848725751,-0.0734553188663,0.2224294270956,-0.0935764736225,-0.2000855030133,-0.1260035105496,-0.2122467043977,-0.2573285013461,-0.3218913298864,-0.0118918051699,-0.2158566552677,-0.2402195661383,0.1141433978720,-0.1315615861298,-0.0753427186004,-0.1110301632048,-0.2755146136231,-0.4151297234217,0.0650800499218,0.1303038134190,0.1358721303666,-0.1855869050835
0.0318217985676,-0.0484214262681,-0.0307359803265,0.0735764125778,-0.1927978126062,0.5355243552199,0.6216938677631,-0.2728444306698,0.5899690383211,0.1334385127140,0.2101251945501,0.1965257718940,0.1254383144365,0.1171439678574,0.3952227755243,1.0000000000000,-0.0308379175528,-0.0344094510832,0.2512931122193,0.1438363028211,-0.1422250350906,0.0741853859018,-0.2318912960497,-0.0258853883925,-0.1718953658712,0.1929978844582,-0.0896780277015,-0.1209435033626,-0.1629208620407,0.3943914691291,-0.1473931189666,0.0405592959520,0.4002438598821,0.1482263250526,0.2890585020110,-0.1932994021843,-0.1610784379029,-0.1130261839414,0.0434843025247,-0.3166789097612,0.4344155809679,0.5056109418897,-0.3195509583607,0.3970644992683,0.0874900457812,-0.0172435431482,0.1469508994289,-0.0475562798225,-0.0474909863438,0.2258525517911,0.8200796057147,-0.1510055333769,-0.3463547561791,0.0843845636562,-0.1606951370418,-0.1599472365634,-0.2058420671124,-0.2288850579545,-0.2197245657891,-0.1736021446123,0.0180791559660,-0.3887918477576,-0.0728444876442,-0.2701260723127,0.0826353364386,-0.3457251134967,-0.0759089817452,0.3228299673218,0.0729918330528,0.1744814818143
0.2380115922859,0.2716424747480,0.1745531456562,0.3766940827521,0.0793147973451,-0.1732361386550,-0.0516973422065,0.2233404986746,-0.0952323069352,0.2320794828958,0.0212191526752,-0.0241179300874,0.0146734134513,-0.0921568227827,0.0406335101370,-0.0308379175528,1.0000000000000,0.2409991156372,-0.0869776316058,0.1453878231842,0.0726261908479,0.4911231758823,0.4958584909874,0.4264645751041,0.4822117185264,0.1948222272517,0.0961397742822,0.0039063459408,0.4338304893309,0.1648316919868,0.4235883377083,0.1184936491528,0.0380445643239,0.2189871109354,0.2123540563687,-0.0240583232922,0.2991731328248,-0.1046503287593,0.2516928842348,0.1172074930310,-0.1588415944018,-0.1990368233654,0.1596869965265,-0.2047964545770,0.2024910882189,-0.1506987743847,-0.1677724251856,0.0061706021740,-0.0624882015352,-0.1846283486767,-0.0745154733485,0.8947674035819,0.0674434759918,-0.2561742696684,-0.0265490722906,0.0120200734659,0.1906731702225,0.4945864141274,0.2395683960137,0.4756988121310,0.1710530705018,-0.1023918465717,-0.1332863126825,0.3865818506410,-0.1785660347748,0.1219437855809,0.1153767623313,-0.0628883813423,0.0809698181100,0.0775489357034
0.6583048469884,0.3462323628984,0.1813606162048,0.3746718382623,0.1932635465972,-0.1961408301134,0.0572930744041,0.2816476838584,-0.0048466551684,0.1649156190370,0.0850804413216,0.2286148644807,0.2548115480855,0.2755690787061,0.4300482563693,-0.0344094510832,0.2409991156372,1.0000000000000,0.1684136173164,0.7954959314056,0.1465504801245,0.2595525484023,0.3747101183477,0.5480257922607,0.1447751626903,0.3969592076029,0.6970967254442,0.2093845369443,0.0934554851253,0.6149838162024,0.5442138719181,0.1555437813425,0.1069244884300,0.4903761444447,0.5381238730301,0.0070652851470,0.3037688727654,-0.1863654362472,0.2825654952559,0.0363681366642,-0.2607775854538,-0.3800917279735,-0.0417343960401,-0.3539546537877,0.1381872295902,-0.2317025421556,-0.1270634954647,0.0739532629848,-0.0862419481988,-0.2689815976935,-0.1856379576582,0.1750565743482,0.4296503267969,-0.2444831566790,0.1495442727505,-0.0409397763997,-0.1130702040132,0.3093979418983,0.1225175768436,-0.0437314092304,0.1483512358559,0.1253986719353,-0.0383022707106,-0.0258394016014,-0.1850428203920,-0.1100501067701,-0.0445502073482,-0.1057847141238,0.1718439131354,0.0758308738966
0.1097371335145,-0.1015695796996,0.2194793624678,-0.2257250618248,-0.0724455720980,0.1716277564437,0.3231926334261,-0.1227673221960,0.4495031200604,-0.1951013064110,0.1277548150806,0.6987757829461,-0.0579310160299,0.6402805538176,0.2479053002617,0.2512931122193,-0.0869776316058,0.1684136173164,1.0000000000000,0.3641650641351,-0.0704914975585,0.0259808045930,-0.2530168160258,0.2816270603465,-0.1653599569180,0.1052836164089,0.3748158170804,0.2325926095192,-0.0777436432546,0.2330511491149,-0.0349912152163,-0.3729223584792,0.1459088069309,0.0441694385462,0.0106394530318,-0.2136913061209,-0.3045922336106,-0.0075754005869,-0.1692318233625,-0.3606202989947,-0.0494855706731,0.1481050574957,-0.3587835532101,0.2304127738253,-0.2659386367926,0.0122836807976,0.4820194635610,-0.2049927676969,-0.0466264495590,-0.0111943248940,0.1660130104172,-0.1675813845338,-0.1312793151830,0.4731880463371,0.1242311633234,-0.1309703273627,-0.1520657018994,-0.2750665735187,-0.0065722404603,-0.3386123408823,-0.2569001237807,-0.0958976382170,0.1956207144409,-0.2883580875520,-0.0279421187487,-0.2957165720854,-0.6367350767035,0.0720291896723,-0.0499619439899,-0.0889765652335
0.6004114696639,0.2323377693862,0.1323922769821,0.2694124769444,0.0448567941505,-0.0703020053632,0.2258557023689,0.0985131045060,0.2109583863818,0.0388282874992,0.0921976585611,0.4353088198086,0.1337805989977,0.5020279119670,0.6307169545158,0.1438363028211,0.1453878231842,0.7954959314056,0.3641650641351,1.0000000000000,-0.0171819553566,0.1997034553582,0.1931760301874,0.3898794011494,0.0225522029088,0.5151100644894,0.6938573013428,0.2234052179428,0.0835995255173,0.7375394182129,0.3476286547220,0.2315702371472,0.2704973288166,0.3825758397026,0.5153992644752,-0.0744278692179,0.1532931740425,-0.2332389888542,0.1885085188073,-0.2177032828556,-0.1327081258418,-0.2855827861595,-0.1694734437280,-0.2346442421687,-0.0078209585203,-0.2607718596452,0.0657073175067,-0.0955141350081,0.0124352418695,-0.1934423672471,-0.0015381128532,0.0456589206934,0.1649376326049,-0.1472732710400,0.1076936791950,-0.1611172854238,-0.1881017904468,0.1289858480165,-0.0094386647258,-0.2225881722027,0.1468803243877,0.0131388167701,-0.0092286718479,-0.0958601865884,-0.1411507156004,-0.2503887750663,-0.0659783590975,0.0550779032201,0.0736106944320,0.0819180783118
0.3492466531919,0.2531844341119,0.0188055083542,0.2951890952990,0.5815865541842,-0.2197573485522,0.1250586329027,0.2369125716061,-0.1816487132687,0.5121014961531,0.2203829458314,-0.2833311620597,0.7997323408093,-0.2855504451539,-0.0268638090284,-0.1422250350906,0.0726261908479,0.1465504801245,-0.0704914975585,-0.0171819553566,1.0000000000000,0.1034353772653,0.2134696768074,0.2199007363993,0.4460865848020,-0.0284726203861,-0.2472702868881,-0.2758450425795,0.1028330509523,-0.0621739591670,0.2870289934087,-0.3039401267997,-0.3714972109106,0.1306337182516,0.1573475867613,0.3007312172431,0.2640796045958,0.1157955818411,0.4410906588955,0.4680162302121,-0.2755528616085,-0.0818272076644,0.2544589260931,-0.2597553714617,0.4605653115877,0.1703646273932,-0.2575130991248,0.7987456959800,-0.3331468006736,-0.3810624400457,-0.0452752145923,0.2268381280063,0.1866084865179,-0.2082845729543,0.1104445420789,0.8632435459610,0.2537726755148,0.2641254228074,0.2060920094261,0.3792327964960,-0.0499108262082,-0.0641570931165,-0.3110472276564,0.2317379988098,-0.3238232934955,0.2431025498046,-0.1974183155600,-0.1717015221313,0.0862872049588,0.0135113870292
0.2079104752918,0.1295030710714,0.2649000762696,0.2020535175103,0.0784097521842,-0.0184558596100,0.1905010200608,0.1735727278267,0.1849379740129,0.2072053358643,0.0714629276271,0.0792162221656,0.0807511374211,-0.0197620948370,0.1727302047095,0.0741853859018,0.4911231758823,0.2595525484023,0.0259808045930,0.1997034553582,0.1034353772653,1.0000000000000,0.1818458471835,0.7088125849470,0.2892519318225,0.1086894343689,0.1757775320313,0.1811127721073,0.5017076833420,0.2721925673909,0.5137078825201,0.1424728054142,0.0397976070913,0.2428760132186,0.2060138150775,-0.2155519218605,0.0757117872302,-0.0202819073573,0.0804805878280,0.0635674183967,-0.0588418184064,0.0028856823381,0.0217697344230,-0.0196881933813,0.1600594395393,-0.0970749380096,-0.1431517226755,0.0199231275689,-0.1372601638264,-0.2175265737987,-0.0297172116729,0.4360534009348,-0.0417542964117,-0.2484635717943,-0.2155101805853,0.0245301739280,0.4292493043603,0.1674154921777,0.3365936109932,0.2522411640459,-0.0065049852084,-0.2281627593948,0.0349941526255,0.3302566318600,-0.2732910797239,0.1609960002355,-0.0294637312746,0.0219903491572,0.0929099701987,-0.1829738815494
0.4248192178417,0.4903334160270,0.1018941574064,0.7367125534188,0.3664901834031,-0.3036986886690,-0.2420545295654,0.4664699055780,-0.4551684818709,0.4977104112460,-0.1571537950899,-0.1480203564690,0.2280214710567,-0.1585469652534,0.0135104272827,-0.2318912960497,0.4958584909874,0.3747101183477,-0.2530168160258,0.1931760301874,0.2134696768074,0.1818458471835,1.0000000000000,0.2688328776941,0.5678825982177,0.2094322547162,0.1467504566159,-0.0433838020090,0.3269425207754,0.2077029032079,0.6307869599909,0.1338365140398,0.0263212739315,0.2915135103784,0.3701253871852,0.2509363502899,0.5434004508261,-0.0951883096512,0.5589453429598,0.4626927248719,-0.2481675262956,-0.3949231557396,0.4630929576462,-0.5850173269302,0.5571169942087,-0.3255198847218,-0.2654612137412,0.2730636097578,-0.1630438836465,-0.3753947734794,-0.1612254008623,0.6051600429234,0.2156847576939,-0.4268145222788,-0.0303422697129,0.2407943944461,0.1213623994201,0.9328656732996,0.1553332340255,0.6130074365555,0.1973429934221,-0.0006312585457,-0.2327924820648,0.4295774317662,-0.2477284136310,0.1424559950599,0.1742866086814,-0.1357778528424,0.1207250820628,0.1921997840295
0.3330300864984,0.3022066108241,0.4191471007354,0.2362624066838,0.2136791225462,-0.1806456027243,0.1125595409198,0.1153313915520,0.0795798146461,0.1303817985709,0.1733979634596,0.1511184487254,0.2017881136998,0.1320885477869,0.1143333213764,-0.0258853883925,0.4264645751041,0.5480257922607,0.2816270603465,0.3898794011494,0.2199007363993,0.7088125849470,0.2688328776941,1.0000000000000,0.1721675789419,0.1602576896401,0.3835292591629,0.2983177751449,0.2617610458214,0.3016526095521,0.5774710373140,-0.1091124635509,-0.0441078464312,0.3278574373796,0.3271022551034,-0.1527373997931,0.1615371062236,0.0429473891477,0.2477519197696,0.0273389438312,-0.3119964107220,-0.1610209522584,-0.1146008968771,-0.1614579859044,0.0826698863856,-0.0395924559066,-0.1158341054044,0.1189410302899,-0.2374647311208,-0.4082853417475,-0.1040991401943,0.4115599939337,0.1888313071835,-0.1787095618085,0.0598359432623,0.1293977427617,0.3876921620079,0.2422304761519,0.5646893788886,0.0456753977270,-0.1065238073969,-0.1254335054406,0.1133868815650,0.0703647179723,-0.2221350836680,0.1184221738294,-0.2729240163840,-0.1139101858065,0.2016538929954,-0.0869423548064
0.3744177303592,0.2336309177024,0.2576411834312,0.4638553599744,0.4007285546800,-0.2170795313025,-0.0806939647503,0.5380543064491,-0.2552286276543,0.6084597432780,-0.1214221002218,-0.1163525695638,0.2720744350723,-0.1182569345674,-0.0116656714434,-0.1718953658712,0.4822117185264,0.1447751626903,-0.1653599569180,0.0225522029088,0.4460865848020,0.2892519318225,0.5678825982177,0.1721675789419,1.0000000000000,0.1462817710089,-0.0133138952814,-0.1168979419168,0.6354809797526,0.0638253570262,0.5612002708427,0.0102287654884,-0.0448490793456,0.0748743583317,0.1496885420535,0.1053235297818,0.2474584005423,0.0082368321202,0.3342416650666,0.3904988852732,-0.1696725864357,-0.1996772961978,0.5127529979713,-0.3295277157912,0.5688041812292,-0.2551439907555,-0.2041057755987,0.3059588613750,-0.1530715827343,-0.3246957414656,-0.0828015711696,0.5510535318955,-0.0643835249985,-0.3401738226597,-0.1931122802233,0.4133732388266,0.0634470632671,0.5463609594111,-0.0844666660766,0.8461288782374,0.0787567880132,-0.1661605592572,-0.2538635274726,0.5934271617740,-0.3744480266442,0.1090284161160,0.0277130972164,-0.0549394442512,-0.0706127893672,-0.0202199472390
0.3893332845558,0.5883959700887,0.3379743696811,0.5196577225941,-0.0521259615942,-0.2023556717222,0.2407621556586,-0.1133704862371,0.0380317195660,0.2247020746733,-0.1345300968036,0.3628351978633,0.1257028272493,0.3976793697484,0.3196831797352,0.1929978844582,0.1948222272517,0.3969592076029,0.1052836164089,0.5151100644894,-0.0284726203861,0.1086894343689,0.2094322547162,0.1602576896401,0.1462817710089,1.0000000000000,0.3889189319482,0.1974903917472,0.0689496781427,0.3827087091740,0.1898821894577,-0.0848543852745,0.2152374442610,0.1052893485837,0.4772855293705,-0.0277328964348,0.4838624220091,0.0090189698479,0.4710207926673,-0.2618969512348,-0.1211696202663,-0.0897238530387,-0.1790834283122,-0.0342507528315,0.1647512346157,-0.2585940678969,0.2661279943983,-0.0524701575563,0.4518781851563,0.1033067209454,0.1372862728071,0.1363359147200,0.0580162295544,0.0042549097651,0.1400367114117,-0.0919600584671,-0.1698092824505,0.1764275082212,-0.0292811088812,0.0086826397931,0.7695142793680,0.2029671126776,0.0834289490814,-0.1028334438741,0.0496766463770,-0.2153743245832,-0.0213932467446,0.0225372732790,-0.0422606619146,0.4315466502543
0.4203765432144,0.1413924041522,0.2970577467268,0.0868602877281,0.0111839264403,-0.1491732217012,-0.0236241398633,0.2572493442880,0.1252354100070,-0.1745330636312,0.0163812977654,0.5606472886506,-0.1481524806449,0.5570784654738,0.4033944478874,-0.0896780277015,0.0961397742822,0.6970967254442,0.3748158170804,0.6938573013428,-0.2472702868881,0.1757775320313,0.1467504566159,0.3835292591629,-0.0133138952814,0.3889189319482,1.0000000000000,0.5294002004415,0.1579281748334,0.5556169252874,0.3679845342698,0.2208578156065,0.2306252941316,0.3160918278203,0.2945217448643,-0.1612510578522,0.0745260885519,-0.2298793944894,-0.0817322403449,-0.1577603458148,-0.2168290868147,-0.3449237647477,-0.1719465734084,-0.1700279041499,-0.2138180413389,-0.2267057679323,0.1355964984962,-0.3491448871485,0.1724618312697,-0.0695336481035,-0.2717185934020,-0.0390877369129,0.1809215508330,-0.0526371711122,-0.0188848338830,-0.4225005502992,-0.3070280255611,0.0463596656944,-0.0502557130281,-0.2433143095687,0.0838325563868,0.2684902423924,0.2795702287550,-0.0891979833813,-0.0576760242241,-0.2757597380747,-0.0827321884353,-0.0573166261936,0.0156585836435,-0.0903394690086
-0.0223826924864,0.0772723179733,0.5370697688216,-0.1283683745976,-0.1153440188843,-0.0896426132694,-0.0946733250842,0.0667396833582,-0.0381929872318,-0.1805133402795,-0.1742952126586,0.3182970841164,-0.2406860157313,0.3195517307075,0.0358357603086,-0.1209435033626,0.0039063459408,0.2093845369443,0.2325926095192,0.2234052179428,-0.2758450425795,0.1811127721073,-0.0433838020090,0.2983177751449,-0.1168979419168,0.1974903917472,0.5294002004415,1.0000000000000,0.1117354498973,0.1108823396644,0.0543564789037,-0.0183778030197,0.1230898228497,-0.0107754768178,-0.0251288525075,-0.2070842461722,-0.0057452282240,0.2589192893448,-0.1892217877463,-0.1267191767449,-0.1260956520147,-0.1658938509446,-0.2017513337705,-0.0708046948108,-0.1686947505605,-0.1504149442102,0.1896001516051,-0.2438648843194,0.2948035699362,0.0091271879621,-0.1865009903744,-0.0542778444678,-0.0952280364514,0.1163058081734,0.0226966635242,-0.3455037302258,0.0737699919054,-0.1434628375310,0.1832667674824,-0.1515443160694,0.1347572130371,0.1979067833657,0.8708439848425,-0.0497530842760,0.0873180511998,-0.1376537394568,-0.1622498296198,-0.0682774596417,-0.0689213937651,-0.1045241982762
0.1967377339608,0.0817557851089,0.1184837281404,0.2091978038819,0.2564020491716,-0.2555071229743,-0.1484622539659,0.5024535340931,-0.1578231543872,0.1029267572119,-0.0531003471743,0.1195602041385,-0.0163794500317,0.0088321363265,0.0464178131580,-0.1629208620407,0.4338304893309,0.0934554851253,-0.0777436432546,0.0835995255173,0.1028330509523,0.5017076833420,0.3269425207754,0.2617610458214,0.6354809797526,0.0689496781427,0.1579281748334,0.1117354498973,1.0000000000000,0.1532187164530,0.5502649286880,0.1731133715728,-0.0177197670809,0.1014230926907,-0.0335512958799,-0.1337515407508,0.1132586499394,-0.1477303625734,0.0581069016158,0.2316353719359,-0.2100185725565,-0.3330950878509,0.4723282563111,-0.2929255636087,0.1107254396111,-0.2968318436736,-0.1043829226699,-0.0489471711584,-0.0991166790476,-0.3247466243428,-0.2101289174410,0.4335756012688,-0.1485897562826,-0.2705238459424,-0.2499610371872,0.0456040788394,0.1006444351305,0.2818083185715,-0.0360263354298,0.5141256447109,-0.0326593567802,-0.1507277451938,-0.0448963916107,0.7901461258367,-0.3520860873629,0.1157133983708,0.0449009834936,-0.0758447858114,-0.1039188433710,-0.2827657600272
0.6615546401104,0.1449628560579,-0.0012970892075,0.3163265014025,0.1125803403677,-0.0033839775655,0.3825667690769,0.2140686583114,0.3517829744062,0.1094380774275,0.3200007421766,0.4136196520937,0.1747281633106,0.4096048923117,0.8389310915915,0.3943914691291,0.1648316919868,0.6149838162024,0.2330511491149,0.7375394182129,-0.0621739591670,0.2721925673909,0.2077029032079,0.3016526095521,0.0638253570262,0.3827087091740,0.5556169252874,0.1108823396644,0.1532187164530,1.0000000000000,0.4185166991065,0.3592583262169,0.3254451896462,0.6617699569378,0.6122688082154,-0.1198304171968,0.1645741214724,-0.3339874380282,0.1708792459159,-0.0781535884395,-0.0273128529480,-0.2279696205545,-0.0785113513266,-0.2072069186184,0.0685871456828,-0.2301668422088,-0.0619201922100,-0.1432494044022,-0.0436807933647,-0.2026943118925,0.1754347602710,0.0308492784491,-0.0172760686933,-0.2707579110844,-0.1190586732578,-0.2575782269117,-0.2813567804038,0.1818677772923,-0.1117418751526,-0.1430842575438,0.0888166972396,-0.1645743475101,-0.0744681116745,-0.0275746898417,-0.1286768323373,-0.3066314610231,0.0582557589904,0.0657582808588,0.3114929598873,0.0000955520450
0.5708888240765,0.3081018897485,0.2594180647744,0.4468119099545,0.4385867792141,-0.2971272466924,-0.0933654732242,0.6121017703282,-0.1688115865866,0.3169017445959,0.0699506918153,0.0848334702564,0.2641684078887,0.0244858273620,0.2225101080593,-0.1473931189666,0.4235883377083,0.5442138719181,-0.0349912152163,0.3476286547220,0.2870289934087,0.5137078825201,0.6307869599909,0.5774710373140,0.5612002708427,0.1898821894577,0.3679845342698,0.0543564789037,0.5502649286880,0.4185166991065,1.0000000000000,0.1567871978627,-0.0378587709372,0.3953566247310,0.3758949790540,-0.0760449876461,0.3178417716435,-0.1377577543695,0.3299326029329,0.3479722256945,-0.2916383954312,-0.3599563744222,0.3644001582518,-0.3900466825107,0.2828727267918,-0.2969725002330,-0.2480621349447,0.1414994135053,-0.2496700316814,-0.4444621491515,-0.1960122145352,0.4305513734457,0.1193875490528,-0.3829248212496,-0.1739227979866,0.1387844690929,0.0127770781318,0.5573196887020,0.0876823946289,0.4427425233939,-0.0034239735174,-0.1210794959810,-0.1678443738023,0.4757730814934,-0.4291693478280,0.0737243509769,0.0060427047430,-0.1418646951816,0.0633303673073,-0.1602713344158
0.1101884693456,-0.1677999538175,-0.3126570323117,0.0080166690478,-0.1286781782826,0.1346389589667,-0.1851431112427,0.1687616701619,0.0099537312225,-0.0838513174636,-0.0436862182733,-0.0203781871264,-0.2383348048637,0.0427088311445,0.2718679980521,0.0405592959520,0.1184936491528,0.1555437813425,-0.3729223584792,0.2315702371472,-0.3039401267997,0.1424728054142,0.1338365140398,-0.1091124635509,0.0102287654884,-0.0848543852745,0.2208578156065,-0.0183778030197,0.1731133715728,0.3592583262169,0.1567871978627,1.0000000000000,0.3181148472679,0.2062781831296,0.1024506830528,-0.0436062878761,-0.1083023679850,-0.4900030393903,-0.2463545541748,0.0019341578360,0.2153954977360,-0.2239042563198,0.1116659955022,-0.1394420504752,-0.0753033933073,-0.2105897249798,-0.2504475042617,-0.2819115870031,0.0744738996344,0.0993108988182,-0.0623416654486,0.0006467485130,-0.0564227761992,-0.4005334878881,-0.3780210683485,-0.3882291301189,-0.1954020870868,0.0681400270281,-0.2723189654333,-0.0112758202945,-0.0687356695672,-0.2049362264049,-0.1861435543814,0.1503323785919,0.0092743008367,-0.1114293653232,0.7264056804957,0.1540569602654,0.0712573165309,-0.1511047150276
0.0062129817565,-0.0245767784740,0.0286424161516,0.0414308789993,-0.3183205800622,0.5577161164825,0.2001402830897,-0.0998772731350,0.2883401032957,-0.0263956982698,-0.1679724303486,0.2798386114654,-0.2499040179320,0.3033638096912,0.2615686529696,0.4002438598821,0.0380445643239,0.1069244884300,0.1459088069309,0.2704973288166,-0.3714972109106,0.0397976070913,0.0263212739315,-0.0441078464312,-0.0448490793456,0.2152374442610,0.2306252941316,0.1230898228497,-0.0177197670809,0.3254451896462,-0.0378587709372,0.3181148472679,1.0000000000000,-0.0276378112495,0.2936470600009,-0.2557330125728,-0.1592416950608,-0.2724110423723,-0.1228882880284,-0.2935735659094,0.5786007706331,0.2280877148482,-0.2747155915090,0.1676582522359,0.0140445288300,-0.3233741772613,0.2289842143469,-0.2598116377962,0.1865299309367,0.2618547161549,0.4189751368053,-0.0596429642943,-0.2797799135559,0.0329381185053,-0.2128377573975,-0.3915718496273,-0.3376927867450,-0.0429244549045,-0.3176824978935,-0.1360364297713,0.0923180675094,-0.2651690324045,-0.0476561157293,-0.1918547935791,0.2278042023917,-0.3854024054921,0.1365259321185,0.6089470157399,-0.1370900269310,0.1836032304729
0.4834444469275,0.3026518690833,-0.0814734748226,0.3692280699588,0.3188008308417,-0.1043326979527,0.1613432905982,0.2031660346217,0.0510698182176,0.2486083530071,0.3118127817676,0.0929269098489,0.2484578853355,0.0263865810117,0.4161969731743,0.1482263250526,0.2189871109354,0.4903761444447,0.0441694385462,0.3825758397026,0.1306337182516,0.2428760132186,0.2915135103784,0.3278574373796,0.0748743583317,0.1052893485837,0.3160918278203,-0.0107754768178,0.1014230926907,0.6617699569378,0.3953566247310,0.2062781831296,-0.0276378112495,1.0000000000000,0.5474644347927,0.2378797712976,0.2850623737582,-0.2637097025798,0.2507679603383,0.2166789326136,-0.1541211233014,-0.2517067307812,0.0570830403343,-0.2926279020004,0.2181599523800,-0.0411988590727,-0.2425589418986,0.0927924036054,-0.2680175242647,-0.2526513867193,0.0001675295458,0.1977376042122,0.1908113639455,-0.2998253767021,-0.0066127549981,0.0606701135631,-0.0336620789479,0.2918528841578,0.1589722240578,0.0426789772237,-0.0314904189873,-0.1127887300508,-0.1306839750737,0.0581087582411,-0.0507944591340,0.0315644572874,-0.0142356021056,-0.1589415780705,0.6705765070179,0.0713409267015
