1.0000000000000,0.3257950834213,0.0707492188654,0.3483948686984,0.3043768537337,-0.0694962654047,0.3471813243459,0.2929445263070,-0.0449149235430,0.3009717427249,0.4267931241513,0.1119823318134,0.1871013805245,0.0400681887482,0.4297631304634,-0.4033073979274,0.0672394064139,0.3321342427313,0.5058897419943,0.6692791945945,0.4472282391532,0.0806126756119,0.3369902565780,0.1800145267474,0.2260747683931,0.2656074282986,0.3912019765347,0.1304441709289,0.2286467357515,0.2258424431435,0.3902844663521,0.3675637989924,-0.2866200446924,0.1035307948348,0.0905783004660,0.6402468773455,0.3852513086897,-0.2264253990109,0.3921569742980,0.2539297633807,-0.1394408568688,-0.1641286773253,0.0924852454015,-0.2859678367607,0.4050255260659,0.2318667893040,-0.0857324069267,-0.1011970600057,-0.0501429625693,0.1069945088755,-0.3571859455280,0.1548210423329,0.0986665969609,0.0035724703944,0.3084240903707,0.5133050167771,-0.0474010210100,0.3387808851876,0.0650281538563,0.1325054138200,0.5008925253807,-0.0319961469050,-0.0161615548492,-0.0155174273192,-0.0744538696021,0.1022847518082,0.2579943510761,-0.2319801470324,-0.1010466416964,-0.0620896900874
0.3257950834213,1.0000000000000,0.1938110295160,0.7210423813753,0.3462768780233,-0.2539893498087,-0.0407230359681,0.3222102806962,-0.3565704988109,0.1486878297456,0.1454813587987,0.2972538473080,-0.1230293480550,0.1749225211979,0.0031080471381,-0.2362983243012,0.2795633292389,0.3861995069747,0.1428760084874,0.4111454122411,0.0846775244170,0.3021843300098,0.7245635436834,0.3336347143141,0.2550605649105,0.3489028291668,0.4730370090615,0.2216408682730,0.3953078003346,0.2484288163765,0.5528095510395,0.3075253208421,-0.1274783708636,0.3357013698901,0.3768366593673,0.3182190229456,0.7486164609402,0.0485794995798,0.2729043347658,0.4320961860688,-0.2997788820005,-0.1179228531118,0.2402242209234,-0.4896405210449,-0.0372897331944,0.1127428573793,-0.0990645037901,-0.1368373691631,-0.0289973897247,-0.3333700487757,-0.3881904558999,0.3814915402792,0.4821723518295,-0.2022722150874,0.3389623130170,0.2708578397539,0.2320806462938,0.5790165190272,0.3687166496029,0.3193812003350,0.1077394381233,0.1413576529562,0.3361965369088,0.2848992421942,-0.0566899689767,0.4986313539776,0.0460211332943,0.0404357039123,0.3283644033405,0.5177812106784
0.0707492188654,0.1938110295160,1.0000000000000,0.2120472357236,0.0818707685160,0.0812214882133,0.1388598406700,0.6444035070004,0.2335713572467,0.0691147798749,0.1174888606686,0.2225796275121,0.1913141431453,0.4610565703055,0.3761661968492,0.2224042622340,0.0335683906168,0.4606590581605,0.3506182646585,0.3284284773104,0.0960432137032,0.5583490934011,0.0836403892014,0.6370175391079,0.1908998046176,0.3353262650216,0.7075838805925,0.8718028806937,0.3789495696992,0.2522768848625,0.5386310231952,0.3582643654501,0.3482238934521,0.1611420007605,0.1777622691110,-0.0520092049342,-0.0217930853467,0.7588253477994,-0.2142607293776,-0.0056833868534,-0.2197442513721,0.0034345149744,0.1462049620839,-0.1905536638561,-0.1652881866717,-0.1607843224072,0.0502442278186,0.1390499938014,0.0639786416382,-0.0501008973627,0.0739073213672,0.2254228768178,0.0043520166987,-0.0791212095430,0.0227913125182,0.2145299343548,0.1379923236996,-0.2903338406127,0.3493482122248,0.1009109633418,0.0286798771482,0.3530141424064,0.7812956047774,0.2427540939931,-0.3453874357860,-0.1835803876930,-0.1919082693900,0.3960746405612,0.1224588411177,0.2373379401270
0.3483948686984,0.7210423813753,0.2120472357236,1.0000000000000,0.5162149187868,-0.2547471485237,0.1171009039680,0.4565304176506,-0.2054444649876,0.4730030523846,0.2058321001175,0.1847071522187,0.1043228828930,0.1851165964634,0.1895344982344,-0.0994818799106,0.1164717549683,0.4727300565230,0.2847689273105,0.4732230095136,0.2189990881581,0.1227198809786,0.6696134861785,0.2143350692269,0.5301441639666,0.3787681609945,0.4920083097480,0.1564693470719,0.3971187102471,0.2492200347833,0.4575941771567,0.3300491474697,-0.2040675740492,0.3341466695733,0.3070479855664,0.2107743464579,0.5540140012976,0.0187691328748,0.5500552006443,0.5900829519456,-0.2565817817611,-0.2299825106267,0.5058799560060,-0.4198939508192,0.2580281843221,0.0471571274958,-0.0655233525618,-0.0007483248554,0.1068071400769,-0.1051104377048,-0.1508389918089,0.1800547262491,0.4680805352036,-0.1507914394327,0.3480681118284,0.3250071256179,0.0561683692778,0.5559357619477,0.1910332183878,0.5558697198960,0.2863569468954,0.1861534547093,0.2594433597507,0.2261375004626,-0.0572564392324,0.3475143093858,0.1384293273936,-0.0098382936527,0.1814816944853,0.2892801599884
0.3043768537337,0.3462768780233,0.0818707685160,0.5162149187868,1.0000000000000,-0.0896243749667,0.2187688224068,0.3806767030567,-0.1018631112832,0.4254086925152,0.5716120836424,-0.1849793544843,0.4364198162149,-0.0084072142164,0.1653710470614,-0.0013674897915,-0.0814375651548,0.1732662935104,0.1568869531399,0.2662248616251,0.7241635429325,-0.0234953736618,0.4115604438774,0.0205827582325,0.4644531163826,-0.0259073941850,0.2099151588352,0.0070346937537,0.4803929309668,0.2740443426540,0.2057841393159,0.3110704559529,-0.1298269230418,0.3875523115094,0.1837866152544,0.1912028103706,0.3033944031621,-0.0471974545460,0.2158276676372,0.8502892647427,0.0223713920089,0.0047749124022,0.4985646517621,-0.1615229024270,0.3647421435266,0.5957066940615,-0.2079407845402,0.3532572723491,-0.1066467217671,-0.0320030393746,0.0104987250928,-0.0881084313023,0.4073433385085,-0.0980497041042,0.2833288406007,0.6853559735439,0.0025017574730,0.4369357845701,0.0806699598459,0.4611692600012,0.0974642214449,0.0007686755314,0.0574478184719,0.3667870501434,0.0253221985619,0.2886183752640,0.1003517656823,-0.0363595091784,0.2673466103882,0.1585218822399
-0.0694962654047,-0.2539893498087,0.0812214882133,-0.2547471485237,-0.0896243749667,1.0000000000000,0.2079199698540,-0.1537326181555,0.5814370083212,-0.2295943714111,0.1671388453280,0.0401244098859,0.1499433384262,0.1864744724682,0.2516134573491,0.1844031285786,-0.3163285422971,-0.3422314863001,0.0260796071773,-0.1117760389843,0.0636917511515,0.1555148732290,-0.4160657403407,-0.0500755528426,-0.4394400498111,-0.0605831931999,-0.0709240694475,0.1713964740995,-0.2899347265276,0.0915841471638,-0.1251115170205,0.0666135392042,0.1804738371274,0.0984015973348,-0.0141463126764,0.0518165114939,-0.2147567044267,0.0744853487182,-0.2776333521065,-0.2141404754046,0.5365772911599,0.3538515287950,-0.4019918971955,0.4427783735726,-0.0604728481862,0.0634974368351,0.1753370156867,0.0461476011976,0.0915257985702,0.2830614115289,0.2125759142968,-0.2276402804582,-0.2766705926285,0.1289753497759,-0.1793041256202,0.0310966304089,-0.1094329556693,-0.4227744608606,-0.0810140837750,-0.3595290698264,-0.0168105516636,-0.0465045491040,0.0269611087405,-0.3045075894028,0.0542362326082,-0.3745134921847,0.0753031730130,0.1199217749669,0.1575779371139,0.0149062613582
0.3471813243459,-0.0407230359681,0.1388598406700,0.1171009039680,0.2187688224068,0.2079199698540,1.0000000000000,0.1700649917657,0.4857089962882,0.2159896971082,0.7804017955143,0.0240250261726,0.7114206686291,0.1469465886175,0.4802064636243,0.0538714512269,-0.1980369397104,0.0347015730913,0.3470424176818,0.3057586486944,0.4838439829656,0.0398808683475,-0.0222983698612,0.1244908851185,0.1301252867413,0.0821746481940,0.2544686998754,0.1882114219381,0.1527635227935,0.1618329897677,0.1491349601287,0.1440769096144,-0.2433621724035,-0.0102029329144,-0.0804846089939,0.0436547980470,-0.0870929350584,-0.0152172088065,-0.0408400752029,0.1748398916661,0.1571554541968,0.1091553524473,-0.0733388728000,0.1284600615345,0.2862538617118,0.2305680308551,0.1189047038530,0.3873061797455,-0.1048340839890,0.0741354172073,0.1475178242024,-0.0959624033436,-0.1988924940431,0.1822379208166,-0.1345210359841,0.3935232649110,-0.1990338439666,-0.0478868545072,-0.0859010138591,0.0688511743420,0.2174179336747,-0.0878043805926,-0.0070003207809,-0.0470099700374,-0.2260848261417,-0.1748426100259,-0.0704279497819,-0.2179963686402,-0.1402501841938,-0.2812947758863
0.2929445263070,0.3222102806962,0.6444035070004,0.4565304176506,0.3806767030567,-0.1537326181555,0.1700649917657,1.0000000000000,0.0093575931300,0.4723349895854,0.2627770185766,0.0328727993683,0.2435910603994,0.2239644295632,0.3296153216704,0.2144229521601,0.0758250147575,0.5522051461129,0.3700265386536,0.4452212384385,0.3717554109220,0.3469548988729,0.3512479817268,0.4721980337838,0.6798593607805,0.2925681673203,0.6361325604448,0.4813966117592,0.6765862273077,0.1989343310845,0.6665459517309,0.3944453228131,0.0894931617426,0.1035157053194,0.1242406246933,0.0249623867840,0.1318548828245,0.4023973053060,0.0746901773329,0.4404826377995,-0.3864611223089,-0.2174220037222,0.5936490059752,-0.3994112667417,0.2680921594950,0.0420576107381,-0.2867353424615,0.1418058304402,0.1013456148653,-0.0310496531047,-0.0647560529105,0.1754894736824,0.1199775842982,-0.3181579330267,0.1311515502711,0.4618462118898,0.0200279489016,0.0815184490831,0.1541024298167,0.5527892813930,0.1776292220377,0.2175309725410,0.4013618960330,0.4157598631485,-0.3606121155907,-0.0382030534421,0.0410291378643,0.2256595708743,-0.0462602907117,0.1082836181341
-0.0449149235430,-0.3565704988109,0.2335713572467,-0.2054444649876,-0.1018631112832,0.5814370083212,0.4857089962882,0.0093575931300,1.0000000000000,-0.1852714140729,0.3481757472150,0.1420103755953,0.3633141724332,0.1868615354182,0.5091418490564,0.3341665417071,-0.3101876045745,-0.1231807928361,0.2539954118258,-0.0057950928789,0.0931447207017,0.0574316316467,-0.5084071647462,0.0185309732485,-0.2113202027984,-0.0299742109465,0.1159032514627,0.2978485400224,-0.0944297761391,0.1517729035439,-0.0381777766573,0.0084112407283,0.2009253724767,0.0237905188797,0.0007103677026,-0.2357807752143,-0.4209269840292,0.0985355570204,-0.2968799470071,-0.2200326261985,0.4800781714228,0.4222726993045,-0.3069592622133,0.6194790680681,-0.1294635110718,0.0843419227160,0.3424862869017,0.2598369505870,0.0373831646601,0.3168830583002,0.3929773337095,-0.2662489433512,-0.3588106792259,0.1714736715871,-0.3574888814554,-0.0608085712649,-0.2438171738404,-0.5446341734926,-0.2257273200417,-0.3409518552890,-0.0400145817257,-0.1027957829087,0.0793595712575,-0.2080702914110,-0.1187834270237,-0.4757512537971,-0.0926648109604,0.0823641402633,-0.0691719272860,-0.1413491307912
0.3009717427249,0.1486878297456,0.0691147798749,0.4730030523846,0.4254086925152,-0.2295943714111,0.2159896971082,0.4723349895854,-0.1852714140729,1.0000000000000,0.2912841109415,-0.0842324084232,0.2859255016339,0.2521395640419,0.2194820153624,0.0992877143603,-0.0663608762146,0.2231580716149,0.2475650926976,0.2960992839802,0.4057851808832,-0.1516898419551,0.3237775952953,-0.0587137414268,0.6425583833506,0.3285789827814,0.1838174829582,0.0420022355283,0.1524033192546,-0.0187664704058,0.0479315373001,0.4384464635675,-0.2287736266892,-0.0444635446322,-0.1460375194540,-0.0052549166019,0.1129986963816,-0.0988114070720,0.3772557696218,0.4926112415400,-0.2062140381584,-0.2603232665897,0.4631028086210,-0.3409989420001,0.7704636531354,0.1592189898168,-0.1986788596074,0.1523818746396,0.3106087533520,0.0299685538220,-0.0085165255489,-0.0874951907409,0.0001492298252,-0.1164756991005,0.0751279130584,0.3442843146890,-0.2249684233200,0.2707167214532,-0.1828801774163,0.6168230998146,0.3985170461745,-0.0149085254950,-0.0496451392936,-0.0326624299938,-0.1923499700505,-0.0939710951518,0.2656317738707,-0.1363795821375,-0.2094107505009,-0.2621740113689
0.4267931241513,0.1454813587987,0.1174888606686,0.2058321001175,0.5716120836424,0.1671388453280,0.7804017955143,0.2627770185766,0.3481757472150,0.2912841109415,1.0000000000000,-0.0687257254024,0.6806683259114,0.0784558107814,0.3692778265062,-0.0355834126225,-0.1766371174938,-0.0084759504579,0.2493203164679,0.2958378569726,0.7304091272427,0.1058912209675,0.0737810117636,0.0756017427199,0.2057133743688,0.0077649097970,0.2707737529013,0.1386812124769,0.3227266817030,0.1929729478296,0.1994734928949,0.3410971386062,-0.2297865804301,0.1434242645563,-0.0319322004767,0.1802899212123,0.0941671973109,-0.0700033387488,-0.0337842240532,0.5124068164017,0.1883516677281,0.2602341892665,0.0304542179898,0.1095025389938,0.3234252969936,0.6447209731354,-0.0577828149249,0.4144950721116,-0.1157531246127,0.0374574280188,-0.0220150118783,-0.0761656164825,-0.0931032370049,0.0135287923744,-0.0414546754855,0.6724679203549,-0.1570905604360,0.0843728279327,-0.0834480530020,0.1654823639720,0.1724277886482,-0.1121770692381,-0.0132099736627,0.1393099048841,-0.2156042243105,-0.0866115124798,0.0799940870950,-0.1612824411287,-0.0126782332498,-0.1350525472911
0.1119823318134,0.2972538473080,0.2225796275121,0.1847071522187,-0.1849793544843,0.0401244098859,0.0240250261726,0.0328727993683,0.1420103755953,-0.0842324084232,-0.0687257254024,1.0000000000000,-0.1556055551391,0.5861012741034,0.2216760779873,0.0655174553913,0.0905494555720,0.1286376979494,0.2089841318181,0.1283355152556,-0.1702381819381,0.2148943092149,0.0007396115237,0.2066684816609,-0.1317161116927,0.4027374973074,0.2574002007207,0.3467415952720,-0.0731580202273,0.1346958303513,0.1391092484645,0.2855868667557,0.1361058533887,0.0888346372980,0.1715176721245,0.0718808998293,0.1459419417187,0.0712966914739,-0.0265822245135,-0.1457369869891,-0.0818274459323,0.1118482439163,-0.2211760488606,-0.0179226771342,-0.2179622923925,-0.1730089707872,0.6234054137202,-0.1177837585564,0.2631945481450,0.1007505604975,-0.0808325607813,0.1770829572943,-0.0753773158019,0.2993295525824,0.0682490205219,-0.0851661735102,0.0720439236934,-0.1310124162381,0.1432001417044,-0.1543017773442,0.1016648618383,0.0321822311953,0.3038120918340,-0.1232673775985,0.0531726425337,-0.1015538933247,0.0241176508437,0.1343009720754,0.1164647329732,0.2179620070497
0.1871013805245,-0.1230293480550,0.1913141431453,0.1043228828930,0.4364198162149,0.1499433384262,0.7114206686291,0.2435910603994,0.3633141724332,0.2859255016339,0.6806683259114,-0.1556055551391,1.0000000000000,0.1110625427643,0.4594646063248,0.2983794189220,-0.2500376459653,0.1745463813276,0.3707643652737,0.3247935518028,0.7231835728104,-0.0034409537771,-0.0275721822695,0.1802270677206,0.2283509972955,0.0383565905722,0.2144090945927,0.1657623298206,0.2732194124431,0.2907414467778,0.0924804715124,0.1740039012721,0.0726555677115,0.1617960138678,0.1308551502634,-0.1240304770124,-0.2214536908086,0.0056298611870,-0.0716779030875,0.2952515604156,0.1033449802602,0.0485168799047,0.0161157855135,0.0134065861550,0.3123681062866,0.3446212009022,-0.0339823719954,0.7959358169787,-0.1378446682765,0.0439148959311,0.4289725321871,-0.2150214723331,-0.0336649727412,0.2267954390336,-0.0576751368648,0.5136566309920,-0.2211970566316,-0.0579984834296,-0.0538351561481,0.0687301209839,0.1085910501986,-0.1732446114729,-0.0358161917162,0.1146222252611,-0.0468523286978,-0.2215978220606,-0.1225449921603,0.0945811655443,-0.0118075181003,-0.0651935092232
0.0400681887482,0.1749225211979,0.4610565703055,0.1851165964634,-0.0084072142164,0.1864744724682,0.1469465886175,0.2239644295632,0.1868615354182,0.2521395640419,0.0784558107814,0.5861012741034,0.1110625427643,1.0000000000000,0.4387630766229,0.2558570122826,-0.0627835430756,0.0213649835687,0.2182277394219,0.0862881060484,0.0152209522146,0.3091097513135,-0.0627565244186,0.2422321861822,0.0140125522311,0.6232036789695,0.2780431150119,0.5745791193909,-0.0906516960911,0.2399835473847,0.0634638320735,0.5608438977846,0.2473032388706,0.1979212518483,0.0343384918681,0.0179791615906,-0.0174651777201,0.2956559889065,-0.0678021227899,-0.1053757462319,-0.0294471675552,0.0610881751577,-0.0936701711163,-0.0918928580560,0.1364621481000,-0.1536888712390,0.4467986618334,0.0839820545417,0.6221920752666,0.2309044859429,0.1751143472161,0.0755075536385,-0.2293307265426,0.2341975557590,-0.0572990404719,0.0642993648236,-0.0398206241948,-0.2695228609304,0.0806387711284,0.0626734497470,0.2666438366026,0.0366009314871,0.4909824155653,-0.1695851365992,-0.0085915550386,-0.3158054232228,0.0906709214361,0.3006867076247,0.1702767375635,0.1244040252839
0.4297631304634,0.0031080471381,0.3761661968492,0.1895344982344,0.1653710470614,0.2516134573491,0.4802064636243,0.3296153216704,0.5091418490564,0.2194820153624,0.3692778265062,0.2216760779873,0.4594646063248,0.4387630766229,1.0000000000000,0.2860434274256,-0.1352084231201,0.2995692563199,0.7319739436095,0.4986182600853,0.2865801771882,0.0961922919444,0.0175618172350,0.2139340323072,0.1323845597589,0.3734860056965,0.4172700620096,0.4414350502331,0.1078389413139,0.5426374286260,0.2244829116815,0.4293827365949,0.2953729567719,0.3044115455326,0.2615346059700,0.0959726865231,-0.1775106803674,-0.0004739677994,0.0264343684632,-0.0466942583817,0.2049708529429,0.0117291963456,0.0010018549847,0.0340881217310,0.1938446207862,0.0071497214485,0.2580855563595,0.3220503822423,0.1800872041369,0.4598073539773,0.3537988599566,-0.1180247495688,-0.1144910876895,0.3180174716161,0.0016773851995,0.1545641908993,-0.2264715253231,-0.0759591400273,-0.0911094945869,-0.0374155523792,0.3285849253891,-0.1539937166599,0.2299308503790,-0.1313799167817,0.0282196152953,-0.2833945622912,0.0451767303623,0.2860518081762,0.0299641107056,0.0347136024007
-0.4033073979274,-0.2362983243012,0.2224042622340,-0.0994818799106,-0.0013674897915,0.1844031285786,0.0538714512269,0.2144229521601,0.3341665417071,0.0992877143603,-0.0355834126225,0.0655174553913,0.2983794189220,0.2558570122826,0.2860434274256,1.0000000000000,0.0413030793044,0.1033976546546,0.0089259170323,-0.1728882633018,0.0614416076486,0.0867239654127,-0.2176750138740,0.1084285995896,0.1913394167410,0.0948448411849,-0.0906348549867,0.1092569546012,0.1216489887231,0.2668949523828,-0.1043969721573,-0.0039046158604,0.5886781822001,0.1980767358411,0.2327720460930,-0.4989028143751,-0.5252291660940,0.1489461690577,-0.2071436158112,-0.1347257888166,0.2217663971951,0.1681734157142,0.1233846245566,0.1214375134269,-0.0354809121995,-0.0433763853884,0.1065005776852,0.4996103780792,0.3054794484792,0.1699361233748,0.7328106782007,-0.0819783004396,-0.1368734802891,-0.0315062172501,-0.2788731796034,-0.1607387940799,-0.0960140092621,-0.3163020529242,-0.1240468596374,0.0809182472468,-0.2209057869707,-0.2449386805914,0.0830156775243,0.1239950870051,0.0965748662572,-0.3237240391933,-0.1198160241950,0.5401228045617,0.0492461534083,0.1631204135907
0.0672394064139,0.2795633292389,0.0335683906168,0.1164717549683,-0.0814375651548,-0.3163285422971,-0.1980369397104,0.0758250147575,-0.3101876045745,-0.0663608762146,-0.1766371174938,0.0905494555720,-0.2500376459653,-0.0627835430756,-0.1352084231201,0.0413030793044,1.0000000000000,0.2827363285994,-0.0956600549650,0.1212964362877,-0.1194307817450,0.4830362200863,0.4329655519214,0.5164564047036,0.2627008600274,0.2264249652121,0.0550499065165,0.0018678030932,0.4451204412850,0.2411872000750,0.3815388254275,-0.1650920928867,0.2425591353015,0.1673295487796,0.3481560215187,-0.0458282348482,0.0880698826492,0.0385900597189,0.1107823287621,0.0105821844909,-0.2111334539021,-0.0577612033469,0.1136910146842,-0.3567326558138,-0.1855931344164,-0.0717179142906,-0.1287748154248,-0.0377229490956,-0.0178614751905,-0.3514918070287,-0.1013135269031,0.8354307339024,0.1520474951211,-0.3533284164625,-0.0061033213419,-0.0633613841224,0.6287973373806,0.3277436027250,0.4610305009898,0.1602127459009,-0.1525786930866,-0.0298589299084,0.0818808197352,0.5059090963938,0.0144523291628,0.4485590470635,-0.1983278202855,0.2435929990833,0.0802159472237,0.3594612476713
0.3321342427313,0.3861995069747,0.4606590581605,0.4727300565230,0.1732662935104,-0.3422314863001,0.0347015730913,0.5522051461129,-0.1231807928361,0.2231580716149,-0.0084759504579,0.1286376979494,0.1745463813276,0.0213649835687,0.2995692563199,0.1033976546546,0.2827363285994,1.0000000000000,0.5538203227277,0.7246841331089,0.1144847917159,0.2852699070256,0.5136363494827,0.5976725788030,0.3900517895469,0.2285521262556,0.6237445071199,0.3234829831469,0.5409089773390,0.3727670292150,0.5710734808875,0.2020721685440,0.1824490832305,0.2201462307471,0.4999316532648,-0.0479080870965,0.1259383869324,0.1562087956798,0.1112393755472,0.2047816589834,-0.3562070824872,-0.3620774698029,0.2660386915325,-0.5577448039193,-0.0650517841977,-0.1427413843592,-0.2003790092167,0.2191203643264,-0.1441756832064,-0.2861127473655,0.0414762989415,0.2630947181118,0.4881724712130,-0.0939919254192,0.3743205069920,0.1191507737543,0.2410480250328,0.2478854218493,0.4008424418625,0.1414256688050,-0.0472544911956,0.1162330141008,0.2378168549211,0.3552220023767,-0.0298344825566,0.2162919779182,-0.0689087601046,0.2824689106869,0.0515500158538,0.3670625207290
0.5058897419943,0.1428760084874,0.3506182646585,0.2847689273105,0.1568869531399,0.0260796071773,0.3470424176818,0.3700265386536,0.2539954118258,0.2475650926976,0.2493203164679,0.2089841318181,0.3707643652737,0.2182277394219,0.7319739436095,0.0089259170323,-0.0956600549650,0.5538203227277,1.0000000000000,0.7758540352364,0.2678213844634,0.0442759705551,0.2002425125698,0.2952621464306,0.1518355865399,0.2740523521910,0.6171751125847,0.4034342240084,0.2160308259046,0.3849208198250,0.3286284208918,0.3416792252320,0.1119321096711,0.1567230236267,0.3246574921056,0.0827136953293,0.0462197331790,-0.0314469249062,0.0931044968738,0.0762292654759,-0.0212616301562,-0.2105036664646,0.0193886201084,-0.1916189857162,0.1488375205480,0.0212189745764,0.1041873910574,0.2551977677304,-0.0256189306052,0.1985835464205,0.1029705493484,-0.0709311871192,0.2066420542732,0.3744674591657,0.3078189238107,0.1925663647582,-0.1105508755004,0.0869171376817,0.0822752418944,-0.0992224121753,0.3145194940520,0.0614520998152,0.1674622133606,-0.0316390599445,0.0391584691204,-0.0808704093379,0.1566152263591,0.1571614150366,0.0300116650324,0.1038780822089
0.6692791945945,0.4111454122411,0.3284284773104,0.4732230095136,0.2662248616251,-0.1117760389843,0.3057586486944,0.4452212384385,-0.0057950928789,0.2960992839802,0.2958378569726,0.1283355152556,0.3247935518028,0.0862881060484,0.4986182600853,-0.1728882633018,0.1212964362877,0.7246841331089,0.7758540352364,1.0000000000000,0.3505926325458,0.2309164072322,0.4958618905825,0.5058621663393,0.2919298514420,0.3402229362102,0.7276848163032,0.3356991268862,0.4372492429582,0.4454853066242,0.5807151005877,0.3679288697942,0.0003171484972,0.2469998905656,0.4199615300950,0.3022491216154,0.3336222698580,-0.0065652599157,0.2666305019380,0.2345058672737,-0.2506632546197,-0.3427623017961,0.0929576801279,-0.4753412190236,0.2159924774284,0.0435188702598,-0.1614681727784,0.1295371452222,-0.1418798163945,-0.0924074149872,-0.1652930757630,0.2185358236964,0.4106255759768,0.1018615591568,0.4897625791933,0.3706003109913,0.0946159951604,0.3483785217024,0.3220529748883,0.0893078235053,0.3364614658379,0.1759100033609,0.1450465407641,0.1769134534209,0.0187850340881,0.1690767401136,0.1032342378893,0.1251393357553,0.0636444628848,0.2813165643141
0.4472282391532,0.0846775244170,0.0960432137032,0.2189990881581,0.7241635429325,0.0636917511515,0.4838439829656,0.3717554109220,0.0931447207017,0.4057851808832,0.7304091272427,-0.1702381819381,0.7231835728104,0.0152209522146,0.2865801771882,0.0614416076486,-0.1194307817450,0.1144847917159,0.2678213844634,0.3505926325458,1.0000000000000,0.0292831492944,0.1633183031127,0.1215336243015,0.3932589590099,0.0504464415190,0.1903905969797,0.0443515366876,0.4296110254693,0.2542715108314,0.1889507047304,0.2947210527752,-0.0731603746820,0.2237822859988,0.1312440302101,0.1739141219255,0.1222549294032,-0.0950680032080,0.1266784328959,0.5810856552596,0.0836210921012,0.0503743651489,0.2092568721233,-0.0852459103624,0.4854594368397,0.5821089884353,-0.1603942984408,0.5152537735646,-0.1201457054714,0.0125063051055,0.0908057409073,-0.0859932045506,0.0680401135895,-0.0386997122617,0.0691122180530,0.8678639757644,-0.1295074032211,0.2052806295439,-0.0132259896729,0.2637786951093,0.2742248733333,-0.1673310991305,-0.1032079604732,0.2660910478150,-0.0836420444725,-0.0384737979623,0.1101539040078,-0.0256947538299,0.0239211655063,-0.0225711996004
0.0806126756119,0.3021843300098,0.5583490934011,0.1227198809786,-0.0234953736618,0.1555148732290,0.0398808683475,0.3469548988729,0.0574316316467,-0.1516898419551,0.1058912209675,0.2148943092149,-0.0034409537771,0.3091097513135,0.0961922919444,0.0867239654127,0.4830362200863,0.2852699070256,0.0442759705551,0.2309164072322,0.0292831492944,1.0000000000000,0.2294849390358,0.8365364819728,-0.0145282826663,0.3701794756625,0.4027708121418,0.5071424683685,0.4945444626163,0.4550189737243,0.6294411954791,0.1676642199686,0.3822809527776,0.3782229709345,0.3555741714728,0.0670296308809,0.0574073088445,0.4725444602074,-0.1783340618399,-0.0279536983894,-0.2847096826108,-0.0280490071308,-0.0941797883161,-0.3547642522113,-0.2768296289681,-0.1497835516452,-0.0683519391704,0.0312233664123,0.0918762949990,-0.2296646127763,-0.0765578538973,0.6389719488779,0.0063270560681,-0.3739287340084,-0.0306134424486,0.2325169923710,0.6457899334286,-0.0907160859192,0.6485170499003,0.0038505335178,-0.0635161179961,0.1543294816064,0.4866041795086,0.4759302433020,-0.0953812963850,0.1053898817618,-0.1550312915327,0.4449871585687,0.3157353833038,0.4828821807000
0.3369902565780,0.7245635436834,0.0836403892014,0.6696134861785,0.4115604438774,-0.4160657403407,-0.0222983698612,0.3512479817268,-0.5084071647462,0.3237775952953,0.0737810117636,0.0007396115237,-0.0275721822695,-0.0627565244186,0.0175618172350,-0.2176750138740,0.4329655519214,0.5136363494827,0.2002425125698,0.4958618905825,0.1633183031127,0.2294849390358,1.0000000000000,0.3637491757894,0.4716616254523,0.2199428017282,0.3771108605609,0.0309063544891,0.5160765307767,0.3027357335851,0.5738842463107,0.1383912327276,-0.1457894524043,0.2748893804106,0.3630591716736,0.2419767510724,0.5698826642034,-0.0290959141294,0.3557856159043,0.4563536480997,-0.3666250523490,-0.4019638407790,0.4354061713642,-0.6596146771493,0.1680578488431,0.0055372204896,-0.3252796338768,-0.0534371221574,-0.1594612388559,-0.3732496406968,-0.2996581519767,0.4412781762965,0.5584529690117,-0.2380656011680,0.4222422086795,0.2536575186647,0.3564317540536,0.8382000176978,0.4112266763637,0.4787845157867,0.1039950441520,0.1324382578201,0.1449277938597,0.4006875898223,0.0137554003815,0.6830271889151,-0.0665598405361,0.0058443472860,0.1946285440566,0.3743404237079
0.1800145267474,0.3336347143141,0.6370175391079,0.2143350692269,0.0205827582325,-0.0500755528426,0.1244908851185,0.4721980337838,0.0185309732485,-0.0587137414268,0.0756017427199,0.2066684816609,0.1802270677206,0.2422321861822,0.2139340323072,0.1084285995896,0.5164564047036,0.5976725788030,0.2952621464306,0.5058621663393,0.1215336243015,0.8365364819728,0.3637491757894,1.0000000000000,0.1827757875172,0.4032611714159,0.6066287755078,0.5881378996337,0.6304761694449,0.4796204099219,0.7364794294126,0.1390528809663,0.3740155692945,0.3006541628722,0.4686908795273,-0.0267981403634,0.0874976278333,0.4752806637735,-0.1408034380445,0.0190289222706,-0.3931128792915,-0.2014719834645,-0.0313124391514,-0.4860337778701,-0.2463327619209,-0.2010177679489,-0.1271510672964,0.1920934836399,-0.0870069649626,-0.3471042271777,-0.0184629546314,0.6442616777101,0.1888338400706,-0.2272244246386,0.0885431329021,0.2466588074136,0.5908165601075,0.0214898591512,0.7418453077844,0.0236776764041,-0.0507491046042,0.1802139086839,0.4771837920675,0.5195593469033,-0.1214178835549,0.1735456694654,-0.2743148852438,0.4386469295243,0.2223187326658,0.4795591553925
0.2260747683931,0.2550605649105,0.1908998046176,0.5301441639666,0.4644531163826,-0.4394400498111,0.1301252867413,0.6798593607805,-0.2113202027984,0.6425583833506,0.2057133743688,-0.1317161116927,0.2283509972955,0.0140125522311,0.1323845597589,0.1913394167410,0.2627008600274,0.3900517895469,0.1518355865399,0.2919298514420,0.3932589590099,-0.0145282826663,0.4716616254523,0.1827757875172,1.0000000000000,0.2424895629507,0.3179673583442,0.0167578538248,0.6366461420932,0.0766240016164,0.3965111070103,0.1953345135815,-0.0512822886963,0.0051629598568,0.0560246291273,-0.0507171005799,0.1018785398766,0.0587598507009,0.3898129400342,0.5434428722392,-0.2695060160597,-0.2294428944398,0.7634717932445,-0.3381123720520,0.4906894224700,0.1292405215499,-0.2870278515868,0.1891504487238,0.0787338371959,-0.0685744430768,0.0136461859620,0.2007035003650,0.1780360846234,-0.2837772954905,0.1208759860502,0.3555083919243,-0.0576614841102,0.4308248665069,-0.0328058549383,0.8318412702525,0.1942078878423,0.0554593738355,0.0511213656417,0.4539525555974,-0.2464001916457,0.1730595693909,0.0173536493521,0.0672256077036,-0.2193622005877,-0.0437809812803
0.2656074282986,0.3489028291668,0.3353262650216,0.3787681609945,-0.0259073941850,-0.0605831931999,0.0821746481940,0.2925681673203,-0.0299742109465,0.3285789827814,0.0077649097970,0.4027374973074,0.0383565905722,0.6232036789695,0.3734860056965,0.0948448411849,0.2264249652121,0.2285521262556,0.2740523521910,0.3402229362102,0.0504464415190,0.3701794756625,0.2199428017282,0.4032611714159,0.2424895629507,1.0000000000000,0.3717363755869,0.4449684045903,0.1514376594939,0.3447917065788,0.2732695353246,0.3768765795962,0.2384981202885,0.2367444653627,0.2876321636846,0.0933130782260,0.1677159833433,0.1219090103299,0.3391365161578,-0.0735756576856,-0.3000786714305,-0.1996657701272,0.0067786306201,-0.3774808154517,0.1883073952056,-0.2785690278639,0.1991671210202,0.0079168239552,0.4935159415687,0.0552620049448,0.0514342021113,0.3139420736000,-0.1363294851702,-0.0966755494183,-0.1008802170810,0.1199795485264,0.0397700758109,0.0329094730910,0.1761140036204,0.1870738534848,0.5088451882651,-0.0132910177446,0.3420630746503,0.0171863573295,-0.0925923071666,-0.1352092038695,0.1529518500562,0.3241959515015,0.0841606652134,0.2236850114919
0.3912019765347,0.4730370090615,0.7075838805925,0.4920083097480,0.2099151588352,-0.0709240694475,0.2544686998754,0.6361325604448,0.1159032514627,0.1838174829582,0.2707737529013,0.2574002007207,0.2144090945927,0.2780431150119,0.4172700620096,-0.0906348549867,0.0550499065165,0.6237445071199,0.6171751125847,0.7276848163032,0.1903905969797,0.4027708121418,0.3771108605609,0.6066287755078,0.3179673583442,0.3717363755869,1.0000000000000,0.6858038838301,0.4975698547911,0.2760778415713,0.7023166966681,0.4282764244862,0.0406901434681,0.1492174293847,0.2754253208960,0.1778388249400,0.3377030661017,0.4471113137045,0.0720870826200,0.2104997492282,-0.3439629557791,-0.2122353437110,0.1700873474274,-0.3652647759420,0.0060547338306,-0.0507621609412,-0.0669854702552,0.0200877203884,-0.0600847200800,-0.0928221057324,-0.2286324161684,0.2582602111287,0.2908272542430,0.0296294382850,0.3503338409200,0.3278720705274,0.1039322788928,0.0828763336833,0.3888685270082,0.1667165997231,0.2209511335055,0.4899342669272,0.5771345766439,0.2511682244434,-0.2699968998205,0.0765049128494,0.0316516232002,0.1790607679897,0.1126625724117,0.2883275139226
0.1304441709289,0.2216408682730,0.8718028806937,0.1564693470719,0.0070346937537,0.1713964740995,0.1882114219381,0.4813966117592,0.2978485400224,0.0420022355283,0.1386812124769,0.3467415952720,0.1657623298206,0.5745791193909,0.4414350502331,0.1092569546012,0.0018678030932,0.3234829831469,0.4034342240084,0.3356991268862,0.0443515366876,0.5071424683685,0.0309063544891,0.5881378996337,0.0167578538248,0.4449684045903,0.6858038838301,1.0000000000000,0.2362284028570,0.2503630851894,0.4646529139966,0.3929095666153,0.3064338329974,0.1600915268471,0.1732727663947,-0.0198746554384,0.0758230553071,0.6702071133333,-0.2402826778500,-0.0781602803574,-0.1917909653184,0.0133232268175,-0.0860434461753,-0.1352277491655,-0.1822255359303,-0.1399194860739,0.1505224681430,0.0942921842062,0.1202328060258,-0.0281225804868,0.0093902205227,0.1792199149278,-0.0756579477963,0.0547245264793,-0.0609385413855,0.1528772051425,0.1513245055101,-0.3305795029239,0.3760029062925,-0.0784206289891,0.0913982006209,0.2844824315397,0.8386846248994,0.0971895659359,-0.3412745671702,-0.1747406911382,-0.1812145212049,0.3081511909420,0.2160669458052,0.2106410170492
0.2286467357515,0.3953078003346,0.3789495696992,0.3971187102471,0.4803929309668,-0.2899347265276,0.1527635227935,0.6765862273077,-0.0944297761391,0.1524033192546,0.3227266817030,-0.0731580202273,0.2732194124431,-0.0906516960911,0.1078389413139,0.1216489887231,0.4451204412850,0.5409089773390,0.2160308259046,0.4372492429582,0.4296110254693,0.4945444626163,0.5160765307767,0.6304761694449,0.6366461420932,0.1514376594939,0.4975698547911,0.2362284028570,1.0000000000000,0.3568422298289,0.7435176267925,0.1142856752703,0.1908103020665,0.2695273223580,0.3815921242238,-0.0143806513142,0.1542873455444,0.2533043625048,0.0477835979656,0.5181418140703,-0.3525996249548,-0.1238884220406,0.4702432608510,-0.4174146333823,-0.0203529006344,0.2225304120679,-0.3419398980925,0.3028760641091,-0.2054572334711,-0.3232346488682,-0.0692437476419,0.4534742386860,0.3297763293049,-0.3986900946682,0.1340920895132,0.5051798692164,0.3867126856831,0.3221237779596,0.4363169240596,0.4364905270893,-0.0888500250682,0.0935691075948,0.2351022985512,0.8658502196725,-0.2062585662530,0.3917732499301,-0.1655154906001,0.3120426747993,0.1231395811871,0.3607431346274
0.2258424431435,0.2484288163765,0.2522768848625,0.2492200347833,0.2740443426540,0.0915841471638,0.1618329897677,0.1989343310845,0.1517729035439,-0.0187664704058,0.1929729478296,0.1346958303513,0.2907414467778,0.2399835473847,0.5426374286260,0.2668949523828,0.2411872000750,0.3727670292150,0.3849208198250,0.4454853066242,0.2542715108314,0.4550189737243,0.3027357335851,0.4796204099219,0.0766240016164,0.3447917065788,0.2760778415713,0.2503630851894,0.3568422298289,1.0000000000000,0.3637860825562,0.2127123123200,0.5096857516641,0.7920856541179,0.7413579838426,0.1262871055355,0.0257882475099,0.0409997434468,0.1513829174908,0.0186265611524,0.0343147584065,-0.1428453837071,0.0390399551602,-0.2448274487940,-0.0167640399740,-0.0712508191355,0.1191957964581,0.3319712455448,0.1043972984403,0.1018498329474,0.4023248537645,0.2332759501397,0.2727570231523,0.0227166559885,0.1440477194798,0.1660757587778,0.3418286724421,0.2281904142897,0.3912826135377,-0.0008877005216,0.1684539198664,-0.0922783337390,0.2465314326060,0.3028881980088,0.4249867822945,0.1986281379556,-0.0886723013528,0.5303737365004,0.5154757074765,0.6025149215553
0.3902844663521,0.5528095510395,0.5386310231952,0.4575941771567,0.2057841393159,-0.1251115170205,0.1491349601287,0.6665459517309,-0.0381777766573,0.0479315373001,0.1994734928949,0.1391092484645,0.0924804715124,0.0634638320735,0.2244829116815,-0.1043969721573,0.3815388254275,0.5710734808875,0.3286284208918,0.5807151005877,0.1889507047304,0.6294411954791,0.5738842463107,0.7364794294126,0.3965111070103,0.2732695353246,0.7023166966681,0.4646529139966,0.7435176267925,0.3637860825562,1.0000000000000,0.2205807928891,0.0824844927279,0.2182023730549,0.3871665053949,0.2055373628443,0.3655200352269,0.3547703988824,0.0342833040967,0.2599998253408,-0.3906105672998,-0.1883129280550,0.2811198693476,-0.4588173649404,-0.0922006653953,-0.0360033038314,-0.2472899676530,-0.0206204595727,-0.2083773651182,-0.2776377109189,-0.3269680751378,0.5171285968191,0.3167063995868,-0.3048500973981,0.2326405739571,0.3528921414854,0.3631552990007,0.2934875364064,0.4900870974883,0.2940821398805,0.0666332255622,0.2638952272224,0.4342659884088,0.5291531438118,-0.2817779263764,0.3650956360549,-0.1583195759719,0.2083727442238,0.1084046860204,0.4213260583302
0.3675637989924,0.3075253208421,0.3582643654501,0.3300491474697,0.3110704559529,0.0666135392042,0.1440769096144,0.3944453228131,0.0084112407283,0.4384464635675,0.3410971386062,0.2855868667557,0.1740039012721,0.5608438977846,0.4293827365949,-0.0039046158604,-0.1650920928867,0.2020721685440,0.3416792252320,0.3679288697942,0.2947210527752,0.1676642199686,0.1383912327276,0.1390528809663,0.1953345135815,0.3768765795962,0.4282764244862,0.3929095666153,0.1142856752703,0.2127123123200,0.2205807928891,1.0000000000000,0.0715232874336,0.2378353181660,0.0608203626373,0.2333247082980,0.2017690178869,0.1314722536952,0.0738452203572,0.2447845523767,-0.0171092096948,0.0208762262805,0.1438867497499,-0.1961813643626,0.3058227828705,0.2377236733265,0.0841136648865,0.0887060164545,0.3162914927540,0.1402055097146,-0.1388011102808,-0.0982059941259,0.0590159000551,0.1537977086534,0.2176302792773,0.3557428662723,-0.1510466455259,0.0165791937697,0.0237074346610,0.1994562253573,0.2497799232029,0.0948033454238,0.3358094158382,-0.0043889695293,-0.1338970583011,-0.1235364783451,0.4103794435580,0.1500451209742,0.0764719026587,0.1037965853842
-0.2866200446924,-0.1274783708636,0.3482238934521,-0.2040675740492,-0.1298269230418,0.1804738371274,-0.2433621724035,0.0894931617426,0.2009253724767,-0.2287736266892,-0.2297865804301,0.1361058533887,0.0726555677115,0.2473032388706,0.2953729567719,0.5886781822001,0.2425591353015,0.1824490832305,0.1119321096711,0.0003171484972,-0.0731603746820,0.3822809527776,-0.1457894524043,0.3740155692945,-0.0512822886963,0.2384981202885,0.0406901434681,0.3064338329974,0.1908103020665,0.5096857516641,0.0824844927279,0.0715232874336,1.0000000000000,0.4396028242170,0.5247712634498,-0.3247526876513,-0.3963252132781,0.2354093411960,-0.2509139782503,-0.3207794675556,0.1057666464433,0.1793404433635,-0.0956960849793,-0.0413557191043,-0.3627693521068,-0.1156876488326,0.1060904914539,0.3936074417454,0.1170471352629,0.0632838605573,0.5112109156946,0.1224836303445,-0.0434234433031,-0.0113307626991,-0.2007101695355,-0.1622225039201,0.2009587173309,-0.2715970455960,0.1895710905136,-0.2156000190898,-0.2289197990192,-0.2064132409343,0.2807890805238,0.2863338652910,0.1664648969388,-0.1594122692437,-0.2394357892272,0.8401510776386,0.2777450693090,0.5084176199742
0.1035307948348,0.3357013698901,0.1611420007605,0.3341466695733,0.3875523115094,0.0984015973348,-0.0102029329144,0.1035157053194,0.0237905188797,-0.0444635446322,0.1434242645563,0.0888346372980,0.1617960138678,0.1979212518483,0.3044115455326,0.1980767358411,0.1673295487796,0.2201462307471,0.1567230236267,0.2469998905656,0.2237822859988,0.3782229709345,0.2748893804106,0.3006541628722,0.0051629598568,0.2367444653627,0.1492174293847,0.1600915268471,0.2695273223580,0.7920856541179,0.2182023730549,0.2378353181660,0.4396028242170,1.0000000000000,0.6647410477544,0.1683567963348,0.1850028788835,0.0228055942162,0.2092336317323,0.1683926842116,0.0679932823063,-0.0079356373367,0.0925059149163,-0.1871432799617,-0.0821267535608,0.1097657151054,0.0701457687164,0.2316162389220,0.1027905618751,0.0447688611184,0.2685627223053,0.1509751235507,0.3485503511020,-0.0619444530410,0.1528597576619,0.2288290914725,0.3162356213878,0.2387623369623,0.3299360119265,0.0481078199034,0.0624059490256,-0.0636592895955,0.2483148929357,0.3097204054761,0.4253743243072,0.2367359252569,-0.0228574116874,0.4686289709866,0.6944828618518,0.6381230303118
0.0905783004660,0.3768366593673,0.1777622691110,0.3070479855664,0.1837866152544,-0.0141463126764,-0.0804846089939,0.1242406246933,0.0007103677026,-0.1460375194540,-0.0319322004767,0.1715176721245,0.1308551502634,0.0343384918681,0.2615346059700,0.2327720460930,0.3481560215187,0.4999316532648,0.3246574921056,0.4199615300950,0.1312440302101,0.3555741714728,0.3630591716736,0.4686908795273,0.0560246291273,0.2876321636846,0.2754253208960,0.1732727663947,0.3815921242238,0.7413579838426,0.3871665053949,0.0608203626373,0.5247712634498,0.6647410477544,1.0000000000000,-0.0770554368876,0.1651528153883,-0.0044165295852,0.1572969192459,0.0346723911145,0.0259449887294,-0.0792837467053,0.0138190162079,-0.2708382247509,-0.2783633174590,-0.0316383159025,0.0383451363782,0.3339932536613,-0.0795916058636,-0.2157940144378,0.2910723484585,0.2327421576620,0.4747868794913,-0.0494041143327,0.1545403006172,0.0409175857293,0.3498244619892,0.2782719787449,0.4300170125218,-0.1153114885131,-0.0521706179527,-0.1003130968054,0.1776477864525,0.3765933883355,0.3105938742736,0.3457336795304,-0.0935497233534,0.5121097431354,0.4765038888036,0.7971348932894
