1.0000000000000,0.1619871705411,0.0742051706002,0.2575011397193,0.4410083355264,-0.0861198980542,-0.1504160836217,0.4449622765822,-0.1658357847749,0.2228997929233,0.0227727177385,0.1907305709374,0.0291679658385,0.0331488223167,0.4390883530147,-0.1308769117105,-0.0413149609849,0.2566148787201,0.4162722447592,0.4104586150743,0.1826395008811,-0.0594326098076,0.3059637727085,-0.0268550448272,0.4004930023469,0.3686980663189,0.2486215031035,0.0967918284582,0.3065311782545,0.3082303518356,0.3742803737471,0.1244319947428,-0.1851381686266,0.3067997607071,0.3038416870369,0.5021443336320,0.1817470099296,-0.2772218806223,0.1457947756063,0.3962063128241,-0.0326424795686,-0.3014568022706,0.4248411178989,-0.3785664168202,0.2965042632832,-0.0982780919478,-0.1932889684511,0.0037436309363,-0.0937618367013,0.1747627128948,-0.1636406764306,-0.0899677330018,0.0480619425066,-0.0003173470674,0.1688197907737,0.2738569976733,-0.0000001862283,0.2693754747971,-0.0521680230047,0.3399406881839,0.2957830690968,-0.1289369258255,-0.1474496630923,0.2134028260444,0.2172075651389,0.2095508042154,0.1895243544653,-0.0362976400411,0.2324725255092,0.1263165252584
0.1619871705411,1.0000000000000,0.5588426025680,0.4373838476625,-0.0115006248130,-0.4977990675515,-0.3628541748046,0.1029155266561,-0.5001261472818,0.1853255428030,-0.0491323657803,-0.1151977173208,-0.0109134113886,0.1568480342499,-0.3186269166786,-0.3089941456354,0.4571220676882,0.5677157585330,-0.0197939267329,0.3164423692211,0.0332371568825,0.3266068767913,0.6597458866461,0.5871133811559,0.2658875364438,0.0767088205391,0.3799632857354,0.4301565752508,0.1694249439875,0.0673323395688,0.4942975360468,0.1142242308612,-0.0824208714770,0.1591537396024,0.2847293268457,0.3452343610455,0.7988982972499,0.4806176151847,0.3133531766942,0.0311496393699,-0.4453717447955,-0.2060565491832,0.0384244060594,-0.3559012156951,0.1308187955886,0.2025550211102,0.2279085705230,-0.0194832588649,0.2112556657351,-0.1658629294280,-0.3345790790916,0.4280232412628,0.6429620566788,0.1058237388654,0.4653104508644,0.2140161636223,0.3114856228118,0.6511295908723,0.6068928558386,0.2515859255307,0.3445082493852,0.4304844051078,0.5878010390597,0.0980279935593,0.2813856771332,0.5365606060767,-0.0110453953388,0.0152348422260,0.1357187291542,0.4732969870179
0.0742051706002,0.5588426025680,1.0000000000000,0.1144465683104,-0.1389999482475,-0.5051105539686,-0.3797281593144,0.3624484142139,-0.3486246682068,0.0823577455981,0.0647036588315,0.0094648275910,-0.1419718421215,0.1653773817701,-0.1935510201058,-0.3895417157030,0.6091413692783,0.7144490251267,-0.0233094033478,0.4297927010658,0.0053428159339,0.5596971232870,0.4562023731926,0.7636509218352,0.3897458008139,-0.0093913662219,0.5646765618860,0.6849320688463,0.2412939385742,-0.0449261143994,0.5506179038143,-0.1291440279176,-0.0658426885840,-0.0058856251608,0.1461775627323,0.1855876069764,0.3634373746966,0.7149152470030,0.1678626511766,-0.1499610362571,-0.5001820054922,-0.1555055130619,0.1738609310963,-0.1496559882994,0.1622843643157,0.2547630594707,0.2024690633720,-0.0411636373191,0.2531471950411,0.0006794854253,-0.3818952457716,0.5566376019966,0.4999802165474,0.1238794129392,0.5566428109998,0.2898643116895,0.4301916604805,0.3901012769512,0.6719266982162,0.2292609702043,0.1914056844603,0.5598017179885,0.7046687060559,0.2272481064378,0.1888106026392,0.3901210162414,-0.1190298878096,-0.0897434912384,0.1511315831727,0.3592971379127
0.2575011397193,0.4373838476625,0.1144465683104,1.0000000000000,0.0559737024930,-0.3571574148046,-0.0424839476639,-0.1003708967467,-0.4455713135985,0.5385231003294,-0.2752257300213,-0.1095170734942,0.2387144201286,-0.0293797191805,-0.2523859887666,-0.0273644478856,0.0111471030094,0.2298594085668,0.0053852030582,0.0573512475329,0.1533958265939,-0.2216235896091,0.5590746856168,0.0733101584206,0.2049560011912,0.0020550793781,-0.0476487145833,-0.1660553884181,-0.0426451508321,-0.0673241565664,0.1628083023340,0.0894321656666,-0.1377583488862,0.1008980203296,0.1143955798193,0.3025234416924,0.4221268872444,0.0803509101394,0.7376478779485,0.3795007542485,-0.3346593182714,-0.0335813670590,0.1535515486571,-0.3887039140890,0.3385582276524,0.1069745270586,0.2447984129365,0.1391921528451,0.1380429678206,-0.1641019379926,-0.0634168362652,0.0642948107851,0.4659323404669,0.1181195373989,0.1850804904651,0.1182496189807,-0.0437147408553,0.6128796854674,0.0943201542366,0.4734657869096,0.2684204910165,0.1169846002113,-0.0379757936692,-0.1580183102134,0.1041882867363,0.2996533075221,0.0842597023706,0.0791891722314,-0.0798722377959,0.1417334659393
0.4410083355264,-0.0115006248130,-0.1389999482475,0.0559737024930,1.0000000000000,0.1586349722755,-0.0423655739617,0.5710255041337,-0.0512982041044,0.1037296030062,0.3683188254210,0.0321550783413,0.2584780917920,0.0469386467098,0.3573690327149,0.1002510469174,-0.1368889019927,0.0183079155965,0.2803452731304,0.2095198969971,0.4306490542855,0.0017889138538,0.2086268788513,-0.0773492746117,0.5060845218997,0.1961175999683,0.2735695838361,0.1185080913076,0.6622293581527,0.4345655396498,0.3262402925623,0.1736929543959,-0.1034305153433,0.4859404629245,0.2988506071113,0.1362455245425,0.0471088544890,-0.3218584958945,-0.2029977331543,0.7606989260633,0.2449472412660,-0.3071035692076,0.5494674812286,-0.3226129020330,0.2726663469079,0.0107160953491,-0.2361856811164,0.1537813861385,-0.2930394248369,0.1801083423176,0.0242415400189,-0.2285589271382,-0.0618179549883,-0.0210190898241,0.0071365349053,0.4513766536639,0.0588127880779,0.1154104865285,-0.1043400499741,0.4082864704453,0.0329481753477,-0.1111838699248,-0.0987637693489,0.6058184129579,0.1463657623956,0.1827544215400,0.0824498347078,0.1652402862154,0.3676277249570,0.1182657187657
-0.0861198980542,-0.4977990675515,-0.5051105539686,-0.3571574148046,0.1586349722755,1.0000000000000,0.5566188914364,0.0011946783874,0.7916779501617,-0.3175116599547,0.0539520035762,0.2905500369307,-0.0097970204866,0.0283255979526,0.5810868256279,0.5640430788918,-0.5021055834021,-0.5063653507674,0.1100708008538,-0.2614692688625,-0.1936695534744,-0.3529785596402,-0.4598569700080,-0.5266774275831,-0.3019670303021,-0.0643268061263,-0.1496430735398,-0.1817774306521,-0.1501522092142,0.2568837140259,-0.3241193535145,0.0599816474157,0.4915437259766,0.2104830158060,0.0930202806171,-0.4059944557928,-0.4123372545756,-0.3650033574910,-0.4794322604832,-0.1149151653430,0.8095724819704,0.2430957001358,-0.0373864773472,0.4807280556704,-0.2089827864209,-0.3668135438931,-0.0748084105335,-0.1042623230920,-0.2771704284086,0.4042670796556,0.4280029759010,-0.5301967535229,-0.5766076191142,0.1521786526252,-0.3985592435878,-0.2585952124314,-0.4336306176412,-0.4628366496233,-0.5112861807959,-0.3621090600043,-0.2621574857037,-0.3895579305580,-0.3536544319346,-0.0671775720486,-0.1778775846901,-0.4416364573715,0.0131152740292,0.2736820472095,0.0893689673402,-0.2310594443717
-0.1504160836217,-0.3628541748046,-0.3797281593144,-0.0424839476639,-0.0423655739617,0.5566188914364,1.0000000000000,-0.2761245562816,0.6035894540288,0.0994589929531,0.3198550390832,0.0207076370022,0.6088325913232,-0.0234030370833,0.2508409722430,0.6091634107238,-0.3476476362062,-0.4045818348047,-0.0582480000066,-0.2853936538506,0.2233164593054,-0.2875253286700,-0.3430112252530,-0.3068087444371,-0.3076964098605,-0.3571312541641,-0.3821647991291,-0.4004127976853,-0.3435649885182,0.1008075869445,-0.3157262613095,-0.0439468375733,0.4473060234320,0.0300946041022,0.0254401289193,-0.1843296097219,-0.3761428517078,-0.2058700260976,-0.1274002501037,-0.0697909150617,0.3526655134393,0.7085523883175,-0.2827348145895,0.4242841181062,-0.0031881391155,0.2149714759072,0.0248361697968,0.4533059955848,-0.0193329284595,0.2817349583061,0.3861549884529,-0.3068345321816,-0.2595282536364,0.2364891011389,-0.1562656563564,0.0607278140721,-0.3443073066019,-0.2746026710784,-0.2493827690716,-0.2513218465098,-0.3580847743791,-0.3311124335185,-0.3726302016889,-0.3295530688703,-0.0166202704141,-0.3029445468918,-0.0406149591254,0.0887842373309,-0.0754174777284,-0.1433616708388
0.4449622765822,0.1029155266561,0.3624484142139,-0.1003708967467,0.5710255041337,0.0011946783874,-0.2761245562816,1.0000000000000,0.0070259422259,0.0514459584060,0.2558275048475,0.2228378392377,-0.1591836009241,0.0831165536960,0.3163863730214,-0.1534063076931,0.0556839208846,0.3018983070135,0.2986795166302,0.4364285440362,0.0997601594245,0.2169725526693,0.1577117568873,0.1028416042922,0.7307957269755,0.3186159752255,0.5801924459106,0.4484260076352,0.7446870233358,0.1928844092143,0.6211891522891,0.1045413917162,-0.1132149225361,0.1859845507696,0.1632520138312,0.0793939295524,0.1166018047848,0.0152515096243,-0.2060362707289,0.3187964373804,0.0183142211654,-0.4184411392957,0.7709500843801,-0.1934274425631,0.3036335105178,-0.0700145018902,-0.2540738634698,-0.1035626085176,-0.1250774588753,0.2264155690622,-0.2290653744195,-0.0865182336230,0.0186636891414,0.0010791235563,0.2192543443261,0.2814963414566,0.1116799571917,0.0721986174253,0.0521124507954,0.4473822739747,0.1574686236894,0.1546826459359,0.2028722665427,0.7025492087393,-0.0031319023422,0.2206664824287,0.1321103279575,0.0132632959126,0.3072718372397,0.0820890478019
-0.1658357847749,-0.5001261472818,-0.3486246682068,-0.4455713135985,-0.0512982041044,0.7916779501617,0.6035894540288,0.0070259422259,1.0000000000000,-0.3584407937103,0.2615376896401,0.3411681814082,0.0559450499532,0.0374309166166,0.4866777926632,0.4326793704628,-0.3777892784122,-0.4614135385196,0.0446036391030,-0.2409365596601,-0.1275011849451,-0.2044775603411,-0.6031590590166,-0.4044578444399,-0.3229782645365,-0.1434703741120,-0.0997307840541,-0.1210720514390,-0.1859058296912,0.1052637967308,-0.2695301045550,-0.0609553359287,0.4618470083299,-0.0193463597895,-0.0888754095552,-0.3407767641954,-0.4624085893971,-0.1545856764616,-0.5317374557561,-0.3221787762017,0.5792090478093,0.4129035819676,-0.1723614132148,0.7053368078534,-0.2612724405120,-0.1508312970353,-0.0285707366279,-0.0149505519369,-0.1941525896119,0.3969382162738,0.2542006746689,-0.4043877992767,-0.5000270427125,0.1611468912500,-0.2752581601812,-0.1785862004699,-0.3786112311231,-0.5773084051254,-0.3619158064342,-0.4692168194542,-0.2666297427146,-0.2920492463085,-0.2252118495169,-0.1108125872052,-0.1918418781192,-0.4508502735869,-0.0530987034732,0.1149762636854,-0.0396185519114,-0.2651876139726
0.2228997929233,0.1853255428030,0.0823577455981,0.5385231003294,0.1037296030062,-0.3175116599547,0.0994589929531,0.0514459584060,-0.3584407937103,1.0000000000000,-0.0872967763603,-0.1888747708996,0.4598583236766,0.1166142125967,-0.1562335704633,0.2015230547092,-0.0076026704525,0.1803421728878,-0.0002451637791,0.0895515345283,0.4168081484698,-0.1340530389057,0.3127140554799,0.0624735526951,0.3801209469546,0.0473505299914,-0.1815603139653,-0.1639938191890,-0.0489043261387,-0.0391295431256,0.1253597295996,0.0563663688321,-0.0863089183778,-0.0042338283944,0.0580409128022,0.1981547591158,0.1626726059806,0.0634591392856,0.5201353089689,0.3889917061817,-0.3936835070755,0.1220468818860,0.1736291261222,-0.3170137424195,0.7216692779536,0.3016303156558,0.0065747929562,0.4741036114091,0.3325600366266,-0.1045244703175,0.0640361607523,0.0134683077194,0.2040932784807,0.1001739535410,0.0935687090707,0.2899336628906,-0.0991634415812,0.3309590547832,0.0155824286469,0.5931010621115,0.1134516590173,-0.0137339612793,-0.0355621523821,-0.1617540031775,0.1148957856029,0.0626889856689,0.0991846133062,-0.1392105685504,-0.0776048039099,0.0891723191637
0.0227727177385,-0.0491323657803,0.0647036588315,-0.2752257300213,0.3683188254210,0.0539520035762,0.3198550390832,0.2558275048475,0.2615376896401,-0.0872967763603,1.0000000000000,0.0024144771169,0.5528670311097,0.1095901007750,0.1442816329317,0.0282027264337,0.1305677768932,-0.0443993022972,-0.0389858066202,0.0604374466546,0.5812737763178,0.3807402394069,-0.0626479363701,0.2451788240514,0.1544343248646,-0.1740861247959,0.1582493140256,0.1216458565266,0.3437263900416,0.3055451385794,0.2402970638268,-0.0716040300540,0.0759613057197,0.1997041675875,0.1533063375041,0.1532156974879,-0.1077067573443,0.0761811322312,-0.3571659234344,0.1355633682406,0.0287681012217,0.2925576048100,0.0172183612199,0.2067364433722,0.1403927232835,0.6078138990091,-0.0245737530111,0.4385460734434,-0.0313414480431,0.2859914827102,-0.0798080891113,0.0695302731937,0.0578151823632,0.1745962541302,0.3055288623157,0.6958606662411,0.2516497564061,-0.1209208802484,0.2865433077002,-0.0602483195725,-0.0827552129756,0.0440047152413,0.1338984549427,0.3644431841591,0.3290031546598,0.1877187802228,-0.1346729950833,0.0168007955014,0.2476761407195,0.2411456091002
0.1907305709374,-0.1151977173208,0.0094648275910,-0.1095170734942,0.0321550783413,0.2905500369307,0.0207076370022,0.2228378392377,0.3411681814082,-0.1888747708996,0.0024144771169,1.0000000000000,-0.1990395695852,0.4785343990684,0.4328861256559,0.1065313514467,-0.2269808047588,0.0252218252359,0.3415020753689,0.1985134732370,-0.0858858429446,-0.1185419822619,-0.1447563046163,-0.1638963804499,-0.1451722567400,0.3323403859052,0.2761459996114,0.2333066749965,-0.0421200460268,0.3485618314838,-0.0820985550268,0.0561024721052,0.2979291882358,0.2249203504206,0.3325118755307,-0.0650576600348,-0.0131456799160,-0.0838765158252,-0.0546130107033,-0.1352509481413,0.1962036364521,-0.0420453776953,0.0805841290214,0.1861337333220,-0.1210805594587,-0.2601827167573,0.3631347417333,-0.0600521362056,0.2821574591628,0.3967565739549,0.0355345215381,-0.1899113392803,-0.0952742022080,0.4728569357506,0.1790132345531,-0.0833261608197,-0.1541637089252,-0.1144368491611,-0.1451820129209,-0.1831011009479,0.3596458695355,0.0474261864449,0.0541161287221,0.0268233296461,0.0935608512110,-0.2241258731215,0.1778794554546,0.0035854666900,0.3029818106875,0.1727650139755
0.0291679658385,-0.0109134113886,-0.1419718421215,0.2387144201286,0.2584780917920,-0.0097970204866,0.6088325913232,-0.1591836009241,0.0559450499532,0.4598583236766,0.5528670311097,-0.1990395695852,1.0000000000000,0.0506353755159,-0.0126640503854,0.3642261693547,-0.0319017495379,-0.0885621835366,-0.0680056823975,-0.0990159607623,0.7676746407038,0.0143244732029,0.0745565905299,0.0957027509734,0.0259401964578,-0.3875132374899,-0.2358940642423,-0.2838719873016,-0.0395980799238,0.2276221749226,-0.0003970018503,0.0859863282387,0.1750568733224,0.1627033952494,0.1370883390106,0.2224181845220,-0.1016866212128,-0.0021574403500,0.0774726573597,0.3314245125249,-0.1000369665481,0.5709398995726,-0.1879856441101,-0.0061184534428,0.3610510234804,0.6743988436194,0.1036514217110,0.8027722286154,0.0584072224856,0.1392972895987,0.1797699326270,-0.0155843749265,0.1717392607909,0.3033863644937,0.1870705092403,0.6182665861327,0.0060173625671,0.0845423592484,0.1599179677037,0.1028546173616,-0.2028273909840,-0.1126441276964,-0.1335613766164,-0.1146435310551,0.3381872425056,0.0503289707542,0.0150669311790,0.0435285385354,0.0816734269327,0.2021968321985
0.0331488223167,0.1568480342499,0.1653773817701,-0.0293797191805,0.0469386467098,0.0283255979526,-0.0234030370833,0.0831165536960,0.0374309166166,0.1166142125967,0.1095901007750,0.4785343990684,0.0506353755159,1.0000000000000,0.2394712388256,0.0760495195446,0.0262396057228,0.0422053089398,0.2134788749531,0.1202011492042,0.0282376306527,0.0575015548032,-0.0117247022749,0.1340373445583,-0.0139672873217,0.4141975714804,0.2242451688998,0.4523913589325,-0.0783309017995,0.2681711883697,-0.0732175694075,0.2279298205118,0.1522436815341,0.1993374823831,0.2455827596609,-0.0950714950189,0.0588740234586,0.2157670344466,-0.0280639848407,-0.1485003416641,-0.0028008861960,-0.0437192214419,-0.1038852395410,0.0011321962834,0.1948870106977,0.0789207967204,0.5136881518991,0.0222788439862,0.5673334048553,0.3185078777428,-0.0189258809098,-0.0028533519237,-0.0273758339716,0.4451249875510,0.2238964104169,0.1326306275665,-0.0043473975203,-0.0464234102610,0.1128724446635,-0.0514667496282,0.4713319459672,0.1787872986859,0.3863244232010,-0.0586639671304,0.2072171862742,-0.1681820839144,0.0894791002481,0.1207076101359,0.2499801891777,0.3061280123817
0.4390883530147,-0.3186269166786,-0.1935510201058,-0.2523859887666,0.3573690327149,0.5810868256279,0.2508409722430,0.3163863730214,0.4866777926632,-0.1562335704633,0.1442816329317,0.4328861256559,-0.0126640503854,0.2394712388256,1.0000000000000,0.3705300419915,-0.4100163459937,-0.0834250506205,0.5799054704531,0.2071992130891,-0.0598934271607,-0.2033447618645,-0.2398882136573,-0.3180256145162,-0.0388081187997,0.2644581506125,0.2206758561462,0.1506639663915,0.0838391625650,0.5678495902170,-0.0630419678262,0.1594197642386,0.2177692941062,0.3964446311178,0.3554923746987,-0.0341936348791,-0.3110218401924,-0.4188881458578,-0.3476580790148,-0.0286695393791,0.5593697048625,-0.0978661300923,0.1905894439333,0.1117466893091,-0.0161840955024,-0.3394268506480,-0.1166570888177,-0.0646641488546,-0.2008514804970,0.6186790440552,0.3155374257282,-0.4185767170506,-0.4465162675747,0.1930073235552,-0.1466939655415,-0.0469991975156,-0.2160853894078,-0.3062651010702,-0.3634152373233,-0.1837841700266,-0.0188658702624,-0.2919722809237,-0.2073710400776,0.1209202230987,0.1302150854699,-0.2855936510903,0.0745349263923,0.3076582108375,0.3063548400389,-0.0334600265529
-0.1308769117105,-0.3089941456354,-0.3895417157030,-0.0273644478856,0.1002510469174,0.5640430788918,0.6091634107238,-0.1534063076931,0.4326793704628,0.2015230547092,0.0282027264337,0.1065313514467,0.3642261693547,0.0760495195446,0.3705300419915,1.0000000000000,-0.4509791963975,-0.2533780263388,0.1049004114269,-0.1622433104346,0.1701691810027,-0.3666939411218,-0.2940846640185,-0.3631975051358,-0.2711799974119,-0.1483598664777,-0.3266427523081,-0.3115624553932,-0.3284328497542,0.3255724416799,-0.4030617820327,-0.0107629874329,0.5324888014223,0.2424890318268,0.2499682954216,-0.3283790874858,-0.2459387922214,-0.2792340856996,-0.0488836184011,0.0493595393069,0.3673727254345,0.3814563106538,-0.1147731669708,0.2816475568451,0.0359623522426,-0.0610518756969,-0.0431387219923,0.3946298953155,0.0141681149789,0.3005843110335,0.7798085006667,-0.3974590839538,-0.2353392464204,0.2235310886367,-0.2176569615040,-0.0689406540013,-0.3878995570966,-0.2534355143253,-0.3790013910517,-0.1679332280069,-0.2195847868503,-0.3352818036480,-0.3407739035575,-0.3021384045986,0.0466007693742,-0.4189343814382,-0.0634206585230,0.2052321028719,0.0967283673575,-0.0143311973121
-0.0413149609849,0.4571220676882,0.6091413692783,0.0111471030094,-0.1368889019927,-0.5021055834021,-0.3476476362062,0.0556839208846,-0.3777892784122,-0.0076026704525,0.1305677768932,-0.2269808047588,-0.0319017495379,0.0262396057228,-0.4100163459937,-0.4509791963975,1.0000000000000,0.3838034978206,-0.3051348908386,0.1409502686426,0.1685478164522,0.7743826623322,0.5015433718797,0.8342727838675,0.3022061969562,-0.1948600536992,0.1695344634319,0.2867351073306,0.2829452245153,-0.0177528092840,0.5339472071050,-0.1292875056435,-0.0151486978869,-0.0245805447087,0.0865472984888,0.3396831365065,0.2794387757863,0.5670970560887,0.0397702347718,-0.0491859679625,-0.4541632611270,-0.0463641634065,-0.0371671478255,-0.1733816667136,0.0375862222870,0.3859373296250,0.0769043002549,0.0362159792840,0.1640030811795,-0.1820310808832,-0.4100144979069,0.9263516355490,0.4559923216599,-0.0551938151782,0.4285392173344,0.3521676385885,0.7452527262407,0.4557912250003,0.8322655611895,0.2322677160187,0.0074602891044,0.3498847502777,0.4478508585484,0.2595842170353,0.3327556072146,0.5695995969662,-0.1179019026798,-0.1652818582323,0.0647318601171,0.3859168594226
0.2566148787201,0.5677157585330,0.7144490251267,0.2298594085668,0.0183079155965,-0.5063653507674,-0.4045818348047,0.3018983070135,-0.4614135385196,0.1803421728878,-0.0443993022972,0.0252218252359,-0.0885621835366,0.0422053089398,-0.0834250506205,-0.2533780263388,0.3838034978206,1.0000000000000,0.3471208146667,0.7662389468361,0.0878290003189,0.3967391938803,0.5100767380170,0.6468280971342,0.3135530507115,0.0506490057082,0.5826060952012,0.4752655627149,0.2447382415272,0.1926908441320,0.5200061766006,-0.0228087458029,-0.0773505132090,0.1565911841735,0.4304962047573,0.2420915459807,0.4634243773191,0.3470775177603,0.2522042973944,0.0375300633285,-0.4477476581529,-0.3276935499904,0.1712207161227,-0.3515361290424,0.1116151580041,0.1227863779658,0.0234012845907,0.0443712961530,0.1784834948327,-0.1129585213894,-0.2585611603848,0.3683807143262,0.6424362629734,0.1142332691179,0.5767599249167,0.2180044480241,0.3737045949560,0.4325245562655,0.5187605266344,0.2085594005348,0.1872860142151,0.4278403062154,0.4067825982719,0.1797996006337,0.3160276806657,0.3729718025150,0.0007091637864,-0.0453712615530,0.2123479314857,0.4370043222651
0.4162722447592,-0.0197939267329,-0.0233094033478,0.0053852030582,0.2803452731304,0.1100708008538,-0.0582480000066,0.2986795166302,0.0446036391030,-0.0002451637791,-0.0389858066202,0.3415020753689,-0.0680056823975,0.2134788749531,0.5799054704531,0.1049004114269,-0.3051348908386,0.3471208146667,1.0000000000000,0.6354310559656,-0.0736626592448,-0.2195841195772,0.0005784629838,-0.1621498500405,0.1014925283471,0.2955835072238,0.4686840906841,0.2135055290180,0.1397484150326,0.3501475866823,0.0901700033963,0.2888887108689,-0.0132997864924,0.2070045567263,0.4013796722812,0.0303922486578,-0.0371887217193,-0.3818588863927,-0.0946717536216,0.0639765423812,0.1786958834624,-0.3643172230000,0.2212454709734,-0.2524292629251,-0.0464030845683,-0.3041616917877,-0.1342360282556,-0.1028715471087,-0.0946612327066,0.2283390714867,0.0006102376196,-0.2993894581845,0.0199840818423,0.2393974485502,0.1697672309464,-0.1092191919482,-0.1234963619877,-0.0453193362467,-0.2027356178829,-0.0572015394986,0.0851105423117,0.0058962149288,-0.0960519028571,0.0985780813403,0.0890552058882,-0.0962582876858,0.2320130927886,0.1724335584317,0.1755531765627,0.0533289814902
0.4104586150743,0.3164423692211,0.4297927010658,0.0573512475329,0.2095198969971,-0.2614692688625,-0.2853936538506,0.4364285440362,-0.2409365596601,0.0895515345283,0.0604374466546,0.1985134732370,-0.0990159607623,0.1202011492042,0.2071992130891,-0.1622433104346,0.1409502686426,0.7662389468361,0.6354310559656,1.0000000000000,0.0567701900515,0.2052918650567,0.3144920985878,0.3305095184692,0.3425811585667,0.3021092212943,0.6673779905515,0.3970627805892,0.3432651650756,0.3036541430662,0.4634198085728,0.0948653417037,-0.1034412896935,0.1737104669760,0.4561254057296,0.2222374732442,0.3046524425088,0.0029418582947,0.0737349355734,0.0874031050185,-0.1870505757223,-0.4051047373388,0.2945466622379,-0.3378502410960,0.0934515482865,-0.0354482604426,-0.1239596412350,-0.0002841955561,0.0661035580083,0.0331654601107,-0.2382660657556,0.1016476080945,0.4263217742821,0.1649300623666,0.5583439396954,0.1624066090678,0.2002099248454,0.2346467284268,0.2297656750439,0.1705339017986,0.2482022654115,0.3707447739008,0.1928476373692,0.3081087878384,0.2941165564777,0.2678092911304,0.1167047017254,0.0110012793442,0.2728386078848,0.3594227240065
0.1826395008811,0.0332371568825,0.0053428159339,0.1533958265939,0.4306490542855,-0.1936695534744,0.2233164593054,0.0997601594245,-0.1275011849451,0.4168081484698,0.5812737763178,-0.0858858429446,0.7676746407038,0.0282376306527,-0.0598934271607,0.1701691810027,0.1685478164522,0.0878290003189,-0.0736626592448,0.0567701900515,1.0000000000000,0.2787434120827,0.1764176005569,0.2604922169925,0.1740301779528,-0.2642777391915,-0.1032110480588,-0.1557840103078,0.1773313046856,0.2850378660487,0.1727248105250,-0.0028345693020,0.0161501934417,0.2670721169684,0.1971159598633,0.3426434031432,0.0359234246111,0.0321048661528,0.0712281458361,0.5595404365154,-0.2425281030286,0.3273038994763,-0.0029777537036,-0.1364961057218,0.3742848539079,0.7060414273297,-0.0365557273955,0.7991774882039,0.1347782360944,0.0378584751703,0.0279490993914,0.1568844367441,0.2433891661234,0.1761041651624,0.2909089746147,0.8197728524116,0.2147222492793,0.1291937381418,0.2793420930981,0.2353692760628,-0.0179649264566,-0.0262352231627,-0.0573124959880,0.0959500306631,0.3626465392518,0.1343004591880,0.0642840947632,-0.1729534046573,0.1923070386072,0.2952598629905
-0.0594326098076,0.3266068767913,0.5596971232870,-0.2216235896091,0.0017889138538,-0.3529785596402,-0.2875253286700,0.2169725526693,-0.2044775603411,-0.1340530389057,0.3807402394069,-0.1185419822619,0.0143244732029,0.0575015548032,-0.2033447618645,-0.3666939411218,0.7743826623322,0.3967391938803,-0.2195841195772,0.2052918650567,0.2787434120827,1.0000000000000,0.2911471085061,0.8465810220846,0.2144436192445,-0.1671985257641,0.2842883760499,0.3586993604701,0.3711468490159,0.2059737654870,0.5125233250204,-0.1456028781077,-0.0349225478839,0.1775844554573,0.2240485479562,0.2104712688555,0.1613732188253,0.4533982618473,-0.1371948379423,-0.0770025744554,-0.3079081429827,-0.0585835391874,-0.0423435366263,-0.0680167155726,0.0447478329619,0.4074259268680,-0.0500832734463,0.1234115272237,0.0707615200330,-0.0665952466250,-0.3133419655847,0.7056316048648,0.3090476452478,-0.0629110234884,0.3941712884815,0.4888128056552,0.8299031864750,0.1776934805631,0.7798925627864,0.0663940214658,0.0064680193618,0.2981985355065,0.4404937306960,0.3935471276000,0.3763596674050,0.4055302572326,-0.1369865691467,-0.1155405944406,0.2375404649379,0.4039250604498
0.3059637727085,0.6597458866461,0.4562023731926,0.5590746856168,0.2086268788513,-0.4598569700080,-0.3430112252530,0.1577117568873,-0.6031590590166,0.3127140554799,-0.0626479363701,-0.1447563046163,0.0745565905299,-0.0117247022749,-0.2398882136573,-0.2940846640185,0.5015433718797,0.5100767380170,0.0005784629838,0.3144920985878,0.1764176005569,0.2911471085061,1.0000000000000,0.5418520947590,0.4462100746195,0.0044775194550,0.2776654630765,0.1419852982116,0.3389605520675,0.2097190605757,0.5951430564506,0.1032444875142,-0.0947253055455,0.3174347582112,0.3890803910626,0.4563967136323,0.6029484346154,0.2883103250178,0.3653131064469,0.2984546774670,-0.3623599601412,-0.2836575350124,0.2997307253249,-0.5630950294921,0.2770088191290,0.1353901934770,0.0900529561667,0.0209244045616,0.0552559309623,-0.1757453513544,-0.2822686615862,0.4721742247751,0.6107498645526,0.0164897626568,0.4261687573125,0.2814763493744,0.4728676278317,0.9216505541722,0.5520351089884,0.5342526155795,0.2245492853554,0.2585816634302,0.2379425918713,0.2516736964382,0.3515716913945,0.6905285533612,0.1200829579922,0.0075671588863,0.2102086437513,0.4524682046384
-0.0268550448272,0.5871133811559,0.7636509218352,0.0733101584206,-0.0773492746117,-0.5266774275831,-0.3068087444371,0.1028416042922,-0.4044578444399,0.0624735526951,0.2451788240514,-0.1638963804499,0.0957027509734,0.1340373445583,-0.3180256145162,-0.3631975051358,0.8342727838675,0.6468280971342,-0.1621498500405,0.3305095184692,0.2604922169925,0.8465810220846,0.5418520947590,1.0000000000000,0.2542737700838,-0.2273217566926,0.3273292856798,0.4510339351436,0.2679484141783,0.1626874962641,0.5701858785451,-0.1557633062138,0.0128480954569,0.1668567344574,0.3040351362668,0.2828051040903,0.3572780862346,0.6574820200958,0.1031319165307,-0.0532159791987,-0.5063593596851,-0.0426886631921,-0.0795042561829,-0.1838533549640,0.1149112499261,0.4770123916830,0.1540740956400,0.1706322118794,0.2407058703385,-0.1067703760561,-0.3431190337436,0.7993998099336,0.5877283163635,0.0927109464815,0.5555961659346,0.4894374510477,0.7711574036121,0.4661976726568,0.9201602818651,0.1768664434463,0.0411945394781,0.4205583072227,0.5848661801319,0.2415678604314,0.4526663887246,0.5382142252136,-0.1846633363297,-0.0840865776206,0.1975262055441,0.5318162609149
0.4004930023469,0.2658875364438,0.3897458008139,0.2049560011912,0.5060845218997,-0.3019670303021,-0.3076964098605,0.7307957269755,-0.3229782645365,0.3801209469546,0.1544343248646,-0.1451722567400,0.0259401964578,-0.0139672873217,-0.0388081187997,-0.2711799974119,0.3022061969562,0.3135530507115,0.1014925283471,0.3425811585667,0.1740301779528,0.2144436192445,0.4462100746195,0.2542737700838,1.0000000000000,0.2410276670920,0.4045985796375,0.2587596790395,0.7941287149591,0.0065545902476,0.7266705103325,0.1391300378703,-0.2344492498988,0.0180721894220,0.0770235288641,0.2762997326049,0.1530218840552,0.1312459798342,0.0638790842714,0.4712940754447,-0.2406046066424,-0.3861292203923,0.7368009635278,-0.4151989774591,0.5666703069032,0.1042175147455,-0.1792002364988,-0.0116349873309,-0.1265686527211,-0.0614989489950,-0.2933691657462,0.1601949234029,0.2050082196448,-0.1199923821648,0.1966144742431,0.3637228275744,0.2440099637409,0.3872223987910,0.2205038919800,0.8105733425979,0.0440085629578,0.1747086471655,0.1786319346090,0.6906505478890,0.0516845775100,0.5109359495401,0.0809902430042,0.0250956008385,0.1615301775779,0.1453670723123
0.3686980663189,0.0767088205391,-0.0093913662219,0.0020550793781,0.1961175999683,-0.0643268061263,-0.3571312541641,0.3186159752255,-0.1434703741120,0.0473505299914,-0.1740861247959,0.3323403859052,-0.3875132374899,0.4141975714804,0.2644581506125,-0.1483598664777,-0.1948600536992,0.0506490057082,0.2955835072238,0.3021092212943,-0.2642777391915,-0.1671985257641,0.0044775194550,-0.2273217566926,0.2410276670920,1.0000000000000,0.3323007206485,0.3217629094907,0.2075433166273,0.0556284868539,-0.0052909957484,0.1707059852462,-0.2782120038274,0.0728459812425,0.0756016892988,0.0142165931552,0.1041321206320,-0.2024517661337,0.0489237280272,0.0421315575587,0.0907134741645,-0.5064771393310,0.3205626723839,-0.2187222726643,0.2092482208079,-0.3713265681211,-0.0259718287585,-0.3504158082819,0.1209032620571,0.0332510143382,-0.0612421496810,-0.2495288217373,-0.2458773235054,-0.2051667292948,-0.1277714581322,-0.1432774675139,-0.1625379182793,-0.0423252811321,-0.2922383017171,0.2123306519921,0.5795912382986,0.0337021748696,0.0616441243231,0.2077604137860,-0.1574059504726,-0.0915574325710,0.1662527639536,0.0794909675194,0.1482441889184,0.0018280932453
0.2486215031035,0.3799632857354,0.5646765618860,-0.0476487145833,0.2735695838361,-0.1496430735398,-0.3821647991291,0.5801924459106,-0.0997307840541,-0.1815603139653,0.1582493140256,0.2761459996114,-0.2358940642423,0.2242451688998,0.2206758561462,-0.3266427523081,0.1695344634319,0.5826060952012,0.4686840906841,0.6673779905515,-0.1032110480588,0.2842883760499,0.2776654630765,0.3273292856798,0.4045985796375,0.3323007206485,1.0000000000000,0.7360960739223,0.4770655977488,0.2257654135081,0.4789460955387,0.2599632964237,-0.1450849579148,0.1902074131754,0.3057639511361,0.1058639682647,0.3171046036652,0.1974453371544,-0.1700172134367,-0.0530703386865,-0.0594397191061,-0.4870241232703,0.3796313029101,-0.2283223956987,-0.0119629614592,-0.1257590452018,-0.0115162249938,-0.2372827197059,-0.1253654970733,0.0802843951959,-0.3937431910926,0.0832699745676,0.2988865896080,0.1360659788479,0.4369774648307,0.1303920607515,0.2273643826044,0.1716013172653,0.2647239991500,0.1096982182137,0.2600300704791,0.5381548562928,0.4976274601022,0.4575877380308,0.1258471421803,0.2539654228670,0.1581652860416,0.0569932772230,0.2913660020851,0.2166348023726
0.0967918284582,0.4301565752508,0.6849320688463,-0.1660553884181,0.1185080913076,-0.1817774306521,-0.4004127976853,0.4484260076352,-0.1210720514390,-0.1639938191890,0.1216458565266,0.2333066749965,-0.2838719873016,0.4523913589325,0.1506639663915,-0.3115624553932,0.2867351073306,0.4752655627149,0.2135055290180,0.3970627805892,-0.1557840103078,0.3586993604701,0.1419852982116,0.4510339351436,0.2587596790395,0.3217629094907,0.7360960739223,1.0000000000000,0.2777027101456,0.0669015352880,0.3316394520992,-0.0020498757423,-0.0729274683637,0.0939564655232,0.1393926783630,-0.0492234864500,0.2998124053613,0.4493394990680,-0.1344126472973,-0.1455362713335,-0.1899459724971,-0.3722878995653,0.1480007969088,-0.0849590618270,-0.0024261920042,-0.0222786521027,0.1699642259562,-0.2128017616176,0.1534641326368,0.1479297359690,-0.3188253320028,0.2095478018489,0.1433327982187,0.2235702864847,0.3439776565721,0.1505196836370,0.2022845223380,0.0479099723923,0.3311898360787,0.0072092831233,0.3123582129501,0.5233808776334,0.8162052664367,0.3006717683228,0.0471106963920,0.0776780861037,-0.1822256202207,-0.0134364794181,0.2072565903784,0.1986387392848
0.3065311782545,0.1694249439875,0.2412939385742,-0.0426451508321,0.6622293581527,-0.1501522092142,-0.3435649885182,0.7446870233358,-0.1859058296912,-0.0489043261387,0.3437263900416,-0.0421200460268,-0.0395980799238,-0.0783309017995,0.0838391625650,-0.3284328497542,0.2829452245153,0.2447382415272,0.1397484150326,0.3432651650756,0.1773313046856,0.3711468490159,0.3389605520675,0.2679484141783,0.7941287149591,0.2075433166273,0.4770655977488,0.2777027101456,1.0000000000000,0.2073434121724,0.7242706636929,0.1170175873610,-0.2026062366637,0.1747040794212,0.1366960717662,0.2173718146479,0.0818568636245,-0.0111292227165,-0.2248169079639,0.4760465338262,-0.0337455448717,-0.4646436114969,0.6656523783173,-0.3571439379508,0.2481826594924,0.0605958003722,-0.2171620027963,-0.0856477688434,-0.3335995457412,-0.0032050822201,-0.2958165218471,0.1621002756212,0.1264875809318,-0.1572873586257,0.1526410784775,0.3912330301854,0.4032229436797,0.2362713344769,0.2457359549068,0.5547892258744,-0.0347086897756,0.1203007834726,0.1179002523745,0.9394762576076,0.1414331023046,0.5384121985758,0.0389999322935,0.1395771586387,0.2592654836350,0.1671282595524
0.3082303518356,0.0673323395688,-0.0449261143994,-0.0673241565664,0.4345655396498,0.2568837140259,0.1008075869445,0.1928844092143,0.1052637967308,-0.0391295431256,0.3055451385794,0.3485618314838,0.2276221749226,0.2681711883697,0.5678495902170,0.3255724416799,-0.0177528092840,0.1926908441320,0.3501475866823,0.3036541430662,0.2850378660487,0.2059737654870,0.2097190605757,0.1626874962641,0.0065545902476,0.0556284868539,0.2257654135081,0.0669015352880,0.2073434121724,1.0000000000000,0.1859333969599,0.1617410886113,0.3125564514341,0.7835263889276,0.7909442896908,0.2255106722454,0.0551386993107,-0.1996272789409,-0.1377160033808,0.1364103198431,0.2888989263127,-0.0842522382695,0.0997502421440,-0.1224205124793,0.1016332136914,0.0083564513404,0.0540247716775,0.2210402253522,-0.0258382985442,0.4271043198163,0.3145150791700,-0.0096360867053,0.0804273249540,0.3048093709024,0.2630745963748,0.2880675703189,0.2511767281648,0.1457917607258,0.1578769286373,-0.0305258752555,0.0945585405703,-0.0862127617927,-0.0555414855005,0.2201245256709,0.6734290419626,0.1356986684642,0.1023000265910,0.2951589444618,0.6787003375256,0.5720661133483
0.3742803737471,0.4942975360468,0.5506179038143,0.1628083023340,0.3262402925623,-0.3241193535145,-0.3157262613095,0.6211891522891,-0.2695301045550,0.1253597295996,0.2402970638268,-0.0820985550268,-0.0003970018503,-0.0732175694075,-0.0630419678262,-0.4030617820327,0.5339472071050,0.5200061766006,0.0901700033963,0.4634198085728,0.1727248105250,0.5125233250204,0.5951430564506,0.5701858785451,0.7266705103325,-0.0052909957484,0.4789460955387,0.3316394520992,0.7242706636929,0.1859333969599,1.0000000000000,0.0014157175984,-0.0664869901894,0.1882461727131,0.2649557553196,0.4413161793124,0.3910048435990,0.3123005265114,0.0119259801026,0.2697949183650,-0.3018577579504,-0.2717162643541,0.4984192472867,-0.3118782727014,0.2784533690421,0.2254398085246,-0.0939397838130,-0.0060956349046,-0.1032828279890,-0.0401504298679,-0.4355948927121,0.4192117980628,0.4337114427654,-0.0005201770058,0.4188516253598,0.4059754604317,0.4679272032469,0.5241534142981,0.5306326069531,0.5330229001629,0.0328210811124,0.3108444411546,0.3342665725855,0.6291140273884,0.2923852493020,0.7298692703516,0.0128473143897,0.0122255102162,0.2553303771488,0.3754207370507
0.1244319947428,0.1142242308612,-0.1291440279176,0.0894321656666,0.1736929543959,0.0599816474157,-0.0439468375733,0.1045413917162,-0.0609553359287,0.0563663688321,-0.0716040300540,0.0561024721052,0.0859863282387,0.2279298205118,0.1594197642386,-0.0107629874329,-0.1292875056435,-0.0228087458029,0.2888887108689,0.0948653417037,-0.0028345693020,-0.1456028781077,0.1032444875142,-0.1557633062138,0.1391300378703,0.1707059852462,0.2599632964237,-0.0020498757423,0.1170175873610,0.1617410886113,0.0014157175984,1.0000000000000,-0.0611517580953,0.1289159194640,0.1229681587426,0.0783591970438,-0.0113475354865,-0.1499463067496,-0.1051084893700,-0.0322750927662,0.1906645578660,-0.1980812404802,0.0955448209020,-0.3544661230189,0.1137374521984,-0.1378962435283,0.1169746214183,-0.0839348657241,-0.2058455957071,0.0057193656741,-0.1099294669393,-0.2271307427895,0.0882404233755,0.1472712570045,0.0956612030479,-0.0615507372309,-0.1041201559372,0.0765873692564,-0.0464186865612,0.0067304671141,0.1082963866006,0.0437536986435,-0.0219020487500,0.0547991630594,0.0397833285372,0.0039391741338,0.7307576149492,0.2183700211752,0.1097809661912,0.0297786863698
-0.1851381686266,-0.0824208714770,-0.0658426885840,-0.1377583488862,-0.1034305153433,0.4915437259766,0.4473060234320,-0.1132149225361,0.4618470083299,-0.0863089183778,0.0759613057197,0.2979291882358,0.1750568733224,0.1522436815341,0.2177692941062,0.5324888014223,-0.0151486978869,-0.0773505132090,-0.0132997864924,-0.1034412896935,0.0161501934417,-0.0349225478839,-0.0947253055455,0.0128480954569,-0.2344492498988,-0.2782120038274,-0.1450849579148,-0.0729274683637,-0.2026062366637,0.3125564514341,-0.0664869901894,-0.0611517580953,1.0000000000000,0.1493021451743,0.3196295477134,-0.0998700050940,-0.1210348185033,0.1120255521938,-0.1542265214528,-0.1810038344038,0.2622350583118,0.4542749308923,-0.1889254780603,0.4447050093719,-0.2075334039441,0.0645464663239,0.2582000362353,0.1974507840960,0.1038074883131,0.3974879011912,0.4496656757344,0.0134569643923,-0.0137276002682,0.4045072563667,0.0710422424727,-0.0304111494877,-0.0600838164081,-0.0498278587619,0.0879770940983,-0.2551880025764,-0.2525253575448,-0.0960061755409,-0.0284259636635,-0.1586553829437,0.1882769300491,-0.0853918103627,-0.0193096621352,0.2816706929562,0.2099717909325,0.2536449065926
0.3067997607071,0.1591537396024,-0.0058856251608,0.1008980203296,0.4859404629245,0.2104830158060,0.0300946041022,0.1859845507696,-0.0193463597895,-0.0042338283944,0.1997041675875,0.2249203504206,0.1627033952494,0.1993374823831,0.3964446311178,0.2424890318268,-0.0245805447087,0.1565911841735,0.2070045567263,0.1737104669760,0.2670721169684,0.1775844554573,0.3174347582112,0.1668567344574,0.0180721894220,0.0728459812425,0.1902074131754,0.0939564655232,0.1747040794212,0.7835263889276,0.1882461727131,0.1289159194640,0.1493021451743,1.0000000000000,0.7424661030694,0.1742423822637,0.1991359665861,-0.1206694192288,0.0054665922176,0.2825148371726,0.2755726338007,-0.0951001967309,0.1767411601359,-0.1456758421304,0.0968496478870,-0.0132545704523,0.0360530297117,0.1150983808103,-0.0325975093758,0.2954404141026,0.1684887523057,-0.0324528344402,0.0888327890246,0.1937835186360,0.1831291535465,0.2953782059473,0.2080934131961,0.2534182454088,0.1251826482836,0.0690315831807,0.2256793869954,-0.0565746672497,-0.0009441992600,0.1811373203426,0.5069254648993,0.1708531441888,0.0602149679055,0.2275261794988,0.7122218252013,0.5033371651845
