1.0000000000000,0.1802295055294,0.1757994229272,0.2308670848745,0.2997873424731,0.0023756243391,0.0457925027323,0.0918911726315,0.1271857123341,0.0087821751606,0.0976492518272,0.3003632166388,0.0842466806327,0.1550138493741,0.4633369878535,0.1867636062326,0.3133885079622,0.5291688743191,0.2596405566157,0.3635180241453,0.0486046761291,0.3493110398014,0.3102356485564,0.4027730822835,-0.0448394320148,0.0163440622169,0.0825643056218,0.3152764637390,0.2374021369885,0.5683618541860,0.4529569372359,-0.0224557562727,0.1053750134842,0.2763603805593,0.2744369112233,0.5689055497825,0.0177897007686,0.0687094621543,0.0605858141068,0.1754147289791,-0.0037396773248,-0.1228809219411,-0.1899352738471,-0.0929425552357,-0.0074262482509,-0.0790256157549,0.0785215499968,0.0735916268165,-0.0633307296681,-0.0676193763552,-0.0731296041875,0.2706720990949,0.4311533218845,-0.1599492638622,0.1172176217120,0.0188074589727,0.2843494889090,0.0459063819662,0.3255577316273,-0.0825036600854,-0.0141166798351,0.0267344321122,0.0821108139022,0.0847716949089,0.4401562362339,0.2198743983472,0.0094204012185,0.0463143446446,0.0914006254150,0.3349043516662
0.1802295055294,1.0000000000000,0.0199767587176,0.6944375984068,-0.0257289394316,-0.1534947176017,0.0397313956933,0.2369254740106,0.0460244401011,0.0154267286689,0.2065192567769,0.1876254765042,0.1635924789953,-0.0016953340748,0.1444006818305,0.0630918752637,0.0595779781403,0.3642696524648,0.1838486124264,0.3625030618578,0.2100344201278,0.1208190374110,0.5135129050254,0.2235458772850,0.1766959363043,0.3400646954802,0.3173409633971,0.3161012544248,0.2866371961147,0.3284557380414,0.4142400384589,0.1137760528974,-0.0127758771744,0.3323717331183,0.6859069534136,0.1691536561606,0.7257788579284,-0.2272291508296,0.4377841343888,-0.0414248283349,-0.1182194558806,-0.2243578392759,-0.2740432114344,-0.3322550956065,-0.0998438079935,-0.0064498181242,-0.1329021381613,0.0965893729807,-0.1277964566200,-0.1965657353103,-0.1867283609030,0.0389021046125,0.4179353754401,-0.2344368005527,0.1967714170997,0.2035738765628,-0.0054854889913,0.3576673576566,0.1081072603771,0.0782165603693,0.3234646991499,-0.0045941553158,0.0652955782863,0.0392450507895,0.2624152818616,0.0715354142722,-0.0284678639058,0.0171559582478,0.1612454175737,0.6732700701259
0.1757994229272,0.0199767587176,1.0000000000000,0.2600875450508,-0.0227577934413,0.2494505529386,0.1876458445109,0.1890439224128,0.5961867620605,0.0881026277781,0.0122383532409,0.4305539254293,-0.1603614900912,0.3500943421049,0.3093023825227,0.2928692219162,0.0181568171022,0.2941651656217,0.4422140268931,0.0864632723435,-0.1326497263076,0.0264101800452,0.0821518920921,0.1930617405801,0.0038272624945,0.3361121086088,0.4990916300893,0.4951222370270,-0.0054943010575,0.0418091379616,0.2955672181457,-0.0979862559876,0.0365033546058,0.0146591305902,0.1548648154881,-0.1059195942802,-0.0381207244051,0.6806274963697,0.2806593508905,-0.1283087157594,-0.0151119340857,0.0924209920058,-0.1916995731541,0.3406433126555,0.0005505281224,-0.2718676187973,0.4056495011933,-0.2060182516223,0.1611809611074,0.1197088649684,0.1178461718336,-0.0120300971349,0.0974553462172,0.2396768923922,0.0065073556329,-0.1602661001223,-0.1518575208839,-0.1099673833760,0.0810064482539,-0.0195198462743,0.3255846458620,0.3100522689798,0.4328526257834,-0.2053617579020,-0.1872362342916,-0.1794215116055,0.1734865229611,-0.2166907438030,-0.1051267522151,0.2082529149112
0.2308670848745,0.6944375984068,0.2600875450508,1.0000000000000,0.0403905242611,0.0276319470712,0.0796222635816,0.4937339728970,0.1806230129096,0.4020317321674,0.2106759187338,0.2645345710609,0.1842642011592,0.2383028309528,0.3017949441407,0.2319917056009,0.0800969011713,0.4243416517533,0.2088673018851,0.3152928346948,0.2308220816299,0.1229817743323,0.6038949178490,0.1815126327926,0.4666169372320,0.5498992215231,0.2792304047975,0.5176404937094,0.3860874386826,0.3809732677118,0.3952499569319,0.0695883785814,0.1081154105189,0.2681803845421,0.4899621206518,0.1101444077762,0.5199632346631,0.0431965876867,0.7367209955603,-0.0026918588695,0.0570532493824,-0.2903686553561,-0.1170321585239,-0.2950935287237,0.2576803284483,-0.0955081390197,-0.0392181599158,0.0957935526881,0.1540368757403,-0.0730498296237,-0.1552863103788,0.0483163751910,0.3304143509965,-0.2733327115334,0.0307282115011,0.2005419388114,-0.0481116982885,0.4359507135458,0.0780619358989,0.3771020359399,0.4365994711578,0.1770710141734,0.3011472812977,0.1933994555826,0.1684175134509,-0.0582083796209,-0.0538143200883,0.1142678889366,0.0145195155464,0.5418905994882
0.2997873424731,-0.0257289394316,-0.0227577934413,0.0403905242611,1.0000000000000,-0.0650134159150,0.1156255570122,-0.0158292895561,0.0007476916201,0.1141295800502,0.3196506679094,0.0594469278242,0.6912802998942,0.1546722782325,0.1682330863690,0.2703348685948,0.6194005974091,0.0962962868264,0.1273414774525,-0.0332005087479,0.6131736278654,0.6099963704965,0.1966529269844,0.5577807236833,0.0590948698607,-0.1382768315450,-0.1966410666200,0.1535339760803,0.4476538457709,0.3725033665899,0.3003840349950,-0.0253979645271,0.0093149609470,0.3942399136601,-0.0614907590332,0.0525602946825,-0.0586388553938,0.1086417621954,-0.0824083801169,0.8710310974291,-0.1452049335505,-0.0634648287186,-0.2068876694289,-0.1053117355531,0.2022468191369,0.1703520542061,0.0107545090474,0.6608530204461,-0.0051051570429,-0.1582163052215,0.0917069945319,0.5411511262650,0.1692363834474,-0.1819200650543,-0.2121565885813,0.5858322632855,0.5699151076834,0.1036457814760,0.4418953805345,0.1642811659848,-0.2708830697207,0.0816847202627,0.0831508750850,0.5019296600261,0.3259456290169,0.3495549339899,0.0761080204167,-0.0700494063222,0.2141641647963,0.1445526172573
0.0023756243391,-0.1534947176017,0.2494505529386,0.0276319470712,-0.0650134159150,1.0000000000000,0.3590260060501,-0.0567217682957,0.4451740281462,0.0295668859237,0.0293902294798,0.2844507284493,-0.0493681205340,0.2469220216957,0.1765252838906,0.3170017963510,-0.1333802361760,-0.0638956484644,0.1832461304119,-0.0497662016519,-0.0739481365336,-0.1558417905793,-0.1498863359998,-0.1599401642597,0.0264880452347,0.0243924648034,0.1701643755530,0.0202298331270,-0.1302902288264,-0.0574789851496,-0.0659856886436,-0.1639040825307,0.3788733818191,-0.1770832142299,0.0402495144943,0.0180282024836,-0.2108838971372,0.1898637642470,0.0537132629627,-0.0704329078865,0.4402478263105,0.4603807941352,-0.0905417178401,0.5296301074271,0.0007202427767,-0.0483051603563,0.4072354143371,-0.0757242189759,0.1680286508927,0.2941622033291,0.3570501876759,-0.1653706403815,-0.1955707920968,0.2500055000631,-0.0434267844571,-0.0543128336073,-0.2373415025913,-0.1854546548994,-0.2151310480017,0.0150408249477,0.0141935384186,0.1638684945812,0.0737314178698,-0.1455785351156,-0.1144856628305,-0.1206272940190,0.1978158610344,-0.1689662637681,-0.1124229468188,0.0148375477600
0.0457925027323,0.0397313956933,0.1876458445109,0.0796222635816,0.1156255570122,0.3590260060501,1.0000000000000,0.0489376152663,0.6851191505432,0.0789742217909,0.7299699589299,0.3648243264631,0.4292934445854,0.2743439034658,0.4409902189093,0.5472755047740,-0.0319411693619,-0.1158337633320,0.4312968871867,-0.0204236021261,0.2178496471901,-0.0567841318538,-0.1063028580646,-0.0102848071106,0.1875291404508,-0.0326850626143,0.1688260285025,0.1088736494525,0.1466756182091,0.0380070606485,0.0328706034822,-0.0914401741425,0.1746005078892,-0.1085041928915,-0.1303230798827,0.0991492231494,-0.3325225070710,0.0907820527001,-0.0752786133222,0.2338476800687,-0.0880910147913,0.7205927629648,-0.3644669410684,0.4983347201975,0.0441970096089,0.4917727911119,0.3842721661133,0.4270346273237,0.1303758698940,0.2756583442188,0.3836828991028,-0.1755429352082,-0.2240343754098,0.1645437904155,-0.1453120633592,0.2206149426542,-0.2229281245389,-0.3159025501696,-0.2614162105677,0.1911054818278,-0.1465753457653,0.1645427904743,0.0365716121877,0.1108615865083,-0.1034878025788,-0.2981958763748,0.3273025193697,-0.3886740937158,-0.4012436151364,-0.0372786247255
0.0918911726315,0.2369254740106,0.1890439224128,0.4937339728970,-0.0158292895561,-0.0567217682957,0.0489376152663,1.0000000000000,0.0981618549180,0.5411874867070,0.2484371549006,0.0256694072933,0.1506927384599,0.0995147590460,0.3543008933379,0.1725602906055,-0.0854444667555,0.3276909306050,0.1108667430525,0.2471582017995,0.1892015885371,-0.0989070784398,0.3420652640896,-0.0042924807992,0.7006577241341,0.2845710815970,0.1354082469776,0.4178279820532,0.5116119171471,0.0575092090331,0.3336074730130,0.0467216516793,0.1837253102242,-0.0210048783518,-0.0381686471368,-0.0346123487451,0.0259858314260,0.0840568999094,0.1844963568922,0.0214660594281,0.0925912850003,-0.2619300860487,0.3024944170162,-0.2777547537208,0.3859031589910,0.0544862675296,-0.1524030080483,0.1116616024586,0.1366882301756,0.0542367159997,-0.1986502755508,-0.1795309046426,0.0656854275513,-0.1904440533842,-0.2033073926673,0.2189141265633,-0.2379080282741,0.1389671627765,-0.2288294288458,0.4621363759494,0.0606146044623,0.3250124322590,0.1867476668615,0.4572181109674,-0.1051347566579,-0.1418949765763,-0.1560221981084,0.1798238514119,-0.3564231073903,0.0556280968264
0.1271857123341,0.0460244401011,0.5961867620605,0.1806230129096,0.0007476916201,0.4451740281462,0.6851191505432,0.0981618549180,1.0000000000000,-0.0392414222298,0.3428015458663,0.6444472950476,0.0539915905930,0.3577003947466,0.6015629714884,0.4694348052997,-0.0340504294628,0.1051118189497,0.6262179469217,0.0900654635601,0.0196962566493,-0.0414302927908,0.0014437806102,0.1133962617846,0.0084953490731,0.1139119206655,0.4471827203984,0.3098188241186,0.0911929577026,0.0155198892298,0.2851907147257,-0.1290873886661,0.0735875803848,-0.0707622289711,0.0313515574473,-0.0271540591762,-0.1653723455026,0.3098548382888,0.1026124385726,-0.0553880657002,-0.0808209348331,0.4606979606264,-0.4022399623738,0.6586072049905,-0.1415488611921,0.0109869552525,0.6127046909608,0.0073683714442,0.1582520313416,0.3146231812985,0.2297953160434,-0.1039585478793,-0.0751009924419,0.3437401223372,-0.0809107694122,0.0132070284265,-0.2292659108189,-0.2749511545861,-0.0835038719175,-0.0433879957263,0.0817636710261,0.2735793449384,0.1314761332248,-0.1002029602467,-0.2096288959121,-0.1729404562783,0.3504166600990,-0.4288471783064,-0.2856966766043,0.1217859194928
0.0087821751606,0.0154267286689,0.0881026277781,0.4020317321674,0.1141295800502,0.0295668859237,0.0789742217909,0.5411874867070,-0.0392414222298,1.0000000000000,0.1651164727111,-0.1138651590833,0.2364064053718,0.4984450713251,0.1438261469608,0.3575856788108,0.0081873862506,-0.0358447921841,-0.0521299284771,-0.1175784567023,0.1958529322472,-0.0055049177498,0.3101584196694,-0.0728334355432,0.8140960401931,0.5190985317365,-0.2249075907990,0.2151173047947,0.2192550292428,0.1042599484396,-0.0697802366288,-0.0813250138286,0.2011718141514,-0.0259960704806,-0.1951682891800,-0.1112619288424,-0.0143530277519,0.2464264794433,0.3565811705356,0.1987349324673,0.1222509025840,-0.0815259924063,0.2732046593675,-0.1838433122978,0.8777553825755,0.0128477465330,-0.0908448811737,0.2186083343841,0.5157220262450,0.0906623887508,0.1786320137200,-0.0754301846691,-0.1907471176740,-0.0637683668361,-0.3045821981249,0.1990919033267,-0.1226734730307,0.2914092029161,-0.2344083004565,0.7504554373533,0.2238645109641,0.2264650747934,0.3060566476971,0.3837343045773,-0.0200234146214,-0.2491520001995,-0.0743521958713,0.1359251375837,-0.1768190297852,-0.1110861402611
0.0976492518272,0.2065192567769,0.0122383532409,0.2106759187338,0.3196506679094,0.0293902294798,0.7299699589299,0.2484371549006,0.3428015458663,0.1651164727111,1.0000000000000,0.2416202732802,0.6439407714494,0.2051772428048,0.3676340896157,0.4301398243522,0.1894753575466,-0.0299622375757,0.3736853665330,0.1044844771396,0.4988711842611,0.1609029636470,0.0853430223057,0.1783003605565,0.3154603153533,-0.0193485275948,-0.0410071541466,0.2228965067749,0.4314054466040,0.2509461699279,0.1404528321715,0.1597316265336,0.1312647150000,0.1710318368511,-0.1068586085632,0.0977774119729,-0.2380570726328,-0.0263689794320,-0.0760956480036,0.4519569602074,-0.0817186732758,0.3241491257715,-0.3552014267999,0.0364643327450,0.1618156225833,0.7483321727064,0.1274033788602,0.6366616963685,0.0770862889376,0.0135795873047,0.1258173145419,-0.0022720476841,-0.0819880707480,-0.1450165884206,-0.2233788855470,0.4892441146879,-0.0110671650211,-0.1977836521937,-0.0869613575375,0.3152803849661,-0.1992478531431,0.0180691389616,0.0574956889680,0.4116334101803,0.0926487980046,-0.2502896296409,0.2849473404602,-0.1945941274106,-0.2467104350492,0.0628889279111
0.3003632166388,0.1876254765042,0.4305539254293,0.2645345710609,0.0594469278242,0.2844507284493,0.3648243264631,0.0256694072933,0.6444472950476,-0.1138651590833,0.2416202732802,1.0000000000000,0.0288570876929,0.4393636842356,0.5368034969796,0.3955864279479,0.1358844384983,0.3607893602114,0.7816782176832,0.4684941793157,0.0128874513186,0.1034275974856,0.2312399057195,0.2411145712395,-0.1759390876530,0.2289785885396,0.4348074423988,0.5123338263574,0.1075025150647,0.2870961019867,0.4102261107886,-0.0135419789350,0.0657519108588,0.1705614737452,0.2714711563966,0.1032637020385,0.0165930012892,0.1406762913204,0.2152780620912,-0.0791321903946,0.0101253650298,0.1509373341883,-0.5341602900725,0.2759208198712,-0.1750555412237,-0.0899607141770,0.6488840957090,-0.0184352063052,0.1325473904390,0.0370800433011,0.0983445048608,0.0625870226180,0.1968143679809,0.2702161444573,0.2546635937194,-0.0233934847564,-0.0502743298128,-0.1351484762363,0.1100119158051,-0.2201032745125,0.2346586240691,0.1630144595217,0.1935134467694,-0.1576603353538,0.0984345941539,-0.0498581151896,0.2717432214612,-0.2856216614921,-0.0768078043602,0.3881642592048
0.0842466806327,0.1635924789953,-0.1603614900912,0.1842642011592,0.6912802998942,-0.0493681205340,0.4292934445854,0.1506927384599,0.0539915905930,0.2364064053718,0.6439407714494,0.0288570876929,1.0000000000000,0.1401212957035,0.1861084576441,0.3560905036848,0.3693526843224,-0.0724039457587,0.1182962316030,-0.0370826785272,0.8266875849488,0.3778488128357,0.2381499431002,0.3285112826174,0.2669892013652,-0.1225095215815,-0.1889878450922,0.0479393110872,0.4890239533738,0.3514613635118,0.2180184859967,0.0328983804352,0.0466935327484,0.2992518224384,-0.0506735895805,0.0812422390236,-0.0180921880730,-0.0773847840228,-0.0192141097499,0.7636243973721,-0.0883453958196,0.1340786780879,-0.1688320544745,-0.1316278702575,0.2733914700687,0.5291277525186,-0.0450683029774,0.9139680893785,0.0052908460422,-0.0970125360036,0.1309716318867,0.2798448274429,0.0149391962408,-0.1810530446003,-0.2118752717388,0.8057502964288,0.3236124350379,0.1508341694774,0.1439122465672,0.3332708178807,-0.2867055666204,0.0389301048746,-0.0150495950198,0.5447289483136,0.2827387288825,0.1624929527436,0.0878648800477,-0.0425288573517,0.0640938277369,0.1225694102642
0.1550138493741,-0.0016953340748,0.3500943421049,0.2383028309528,0.1546722782325,0.2469220216957,0.2743439034658,0.0995147590460,0.3577003947466,0.4984450713251,0.2051772428048,0.4393636842356,0.1401212957035,1.0000000000000,0.4254451615403,0.4786486977221,0.1644510223766,0.0426965231612,0.4738861625012,0.0821573028238,0.0743352681063,0.1447862417178,0.0722817261754,0.1326379108278,0.2787263418690,0.5913019008542,-0.0588916781516,0.3746309239923,-0.0026159235692,0.2413195248068,0.0019850989046,0.0479324859234,0.1860857040007,0.1040036606581,-0.0632114335244,-0.0936799173027,-0.0922433520358,0.3537049179959,0.2597818246417,0.0939758777120,0.0605083331172,0.0955518233431,-0.2162405633429,0.1715877311471,0.4832030607099,-0.0911301871600,0.4461194940860,0.0868596759205,0.6549259607764,0.2033511055420,0.2612868924599,0.0503209338081,-0.0913088260459,0.2990658714786,-0.0674150468265,0.0361292048768,-0.0199724881379,-0.0974221604809,-0.0315242147048,0.3066486428130,0.3320384875145,0.2035979527477,0.3874301455228,0.0746917980513,0.0909535884418,-0.2076828537798,0.2533179055555,-0.1109172189110,-0.0760138017272,0.0944589679420
0.4633369878535,0.1444006818305,0.3093023825227,0.3017949441407,0.1682330863690,0.1765252838906,0.4409902189093,0.3543008933379,0.6015629714884,0.1438261469608,0.3676340896157,0.5368034969796,0.1861084576441,0.4254451615403,1.0000000000000,0.3078270174850,0.0273291179018,0.4637507460649,0.6580836474429,0.4727360248401,0.1106929890312,0.0131157228133,0.1561040259930,0.1947745609014,0.1569635997263,0.1354679474567,0.1441074137408,0.4780222688618,0.2797922586120,0.3712762543046,0.3484115706858,0.0232699345218,0.2792047672956,0.0019914418303,-0.0318709112592,0.1840424540345,-0.1507556560566,0.0974976126697,0.0531200768728,0.1285499250567,-0.0750163573959,0.0943413945870,-0.2621636457138,0.2074113450069,0.0139517614431,0.0383627241706,0.3284608563947,0.1506673698266,0.1965458087243,0.3254230021944,-0.0563750997844,-0.0655309057206,0.1646901969803,0.1563159302868,0.0724377328604,0.1325065492531,-0.1039655411957,-0.2232461234041,-0.0614017200720,0.0282704622777,-0.0127397062578,0.1540902197372,0.1244117851345,0.1725061592425,0.1478734615076,-0.0314651034406,0.1830281493895,-0.1147156871262,-0.3084220456788,0.1542666996499
0.1867636062326,0.0630918752637,0.2928692219162,0.2319917056009,0.2703348685948,0.3170017963510,0.5472755047740,0.1725602906055,0.4694348052997,0.3575856788108,0.4301398243522,0.3955864279479,0.3560905036848,0.4786486977221,0.3078270174850,1.0000000000000,0.1813980633125,-0.0326212925366,0.3332968960049,-0.1022122139858,0.2214321886919,0.1785773414434,0.2184200535485,0.1359622027018,0.3502895229024,0.2133434308169,0.0283476850196,0.2848435404010,0.2718166772862,0.2783642206746,0.1851435469415,0.0101729243021,0.1567988940873,0.1877857533459,0.0046436880602,0.0045187514046,-0.0916249206313,0.2626077770246,0.2248053290219,0.2893770765138,0.1511195608794,0.3025440882570,-0.1993738347244,0.2145521832979,0.3549985883821,0.1779390752060,0.3703172487331,0.3369416947141,0.2821638826617,0.1144740988028,0.5984116676881,0.0748714755661,-0.0814797420201,0.0842508486742,-0.1591204820960,0.2303733826941,0.0086197487781,0.0579500839730,-0.0067529647176,0.3927290946520,0.0744270140334,0.1388902318649,0.2909929400809,0.2390670214673,0.0843581196643,-0.1461383492199,0.3297313083728,-0.1867817812070,-0.1090028803028,0.1067124563240
0.3133885079622,0.0595779781403,0.0181568171022,0.0800969011713,0.6194005974091,-0.1333802361760,-0.0319411693619,-0.0854444667555,-0.0340504294628,0.0081873862506,0.1894753575466,0.1358844384983,0.3693526843224,0.1644510223766,0.0273291179018,0.1813980633125,1.0000000000000,0.1931328451229,0.1070986032253,0.0096351344743,0.3604381120214,0.8521235836600,0.4424036709962,0.8146977226848,-0.0598303034933,-0.0144170010850,-0.1506587686529,0.2935648324572,0.3745160657615,0.4358552742530,0.4806178510124,0.0216696556097,-0.1198505139737,0.5591395660356,0.1487606860694,-0.0023115710093,0.1097498715409,0.1341253275302,0.0279118345799,0.4823009245116,-0.1735928053271,-0.2591236418716,-0.3714294963989,-0.2432639707729,0.0676541012431,-0.0294848399091,-0.0334092592122,0.3492403143398,-0.0054127054032,-0.4175728559488,-0.0958142014906,0.9197608709028,0.2383301564391,-0.3107859331184,-0.1729429872289,0.3027983215152,0.7536255778713,0.2938389239734,0.7533206018278,0.0256308522607,-0.1370501578036,0.0250612067426,0.1991399442768,0.3344580336247,0.3291636106767,0.3495885914516,0.0282113611539,-0.0891470844268,0.3494741136139,0.2631040064087
0.5291688743191,0.3642696524648,0.2941651656217,0.4243416517533,0.0962962868264,-0.0638956484644,-0.1158337633320,0.3276909306050,0.1051118189497,-0.0358447921841,-0.0299622375757,0.3607893602114,-0.0724039457587,0.0426965231612,0.4637507460649,-0.0326212925366,0.1931328451229,1.0000000000000,0.3388747851782,0.7312973810069,-0.0262557245164,0.1937929185399,0.4215660541877,0.4233516962163,-0.0603347537037,0.1286981586392,0.3867164913839,0.6654660250969,0.3043558065226,0.3757926344504,0.6080880596551,0.0009047595598,0.1909680250330,0.1759274751612,0.4287281378263,0.2544803019984,0.1848768514221,0.0096862809779,0.1199289585818,-0.0281505674683,-0.0511489331281,-0.3344469051250,-0.2199704199564,-0.2650800593085,-0.1545098174449,-0.2537247900956,-0.0904077166719,-0.0882861350716,-0.2046688625153,-0.2329726800611,-0.3366914331794,0.1789275847249,0.6333678335400,-0.2798308924861,0.2693256881593,-0.0453274781373,0.0929740244288,0.0815902501272,0.2960247438334,-0.2117473972459,0.0456602545271,0.1062515784095,0.2414249552176,0.0155846003112,0.1852742141503,0.2439501155852,-0.2000519408076,0.0680393400305,-0.0461918826437,0.4466252281082
0.2596405566157,0.1838486124264,0.4422140268931,0.2088673018851,0.1273414774525,0.1832461304119,0.4312968871867,0.1108667430525,0.6262179469217,-0.0521299284771,0.3736853665330,0.7816782176832,0.1182962316030,0.4738861625012,0.6580836474429,0.3332968960049,0.1070986032253,0.3388747851782,1.0000000000000,0.5145483474627,0.0984221908473,0.0737837838414,0.1228164610469,0.2672254048936,-0.1259293170720,0.1935129661057,0.2937504249238,0.5128014232777,0.1297252272743,0.2964300661102,0.3080677590886,0.0939897764210,0.1279224919397,0.1657486299992,0.1406141005341,0.0278290088980,-0.0710453664604,0.2426047620843,0.0887943831728,0.0368158254555,-0.2140207725147,0.1093102310896,-0.5601385263041,0.1905356236345,-0.1277255416319,-0.0046953096075,0.5029340684862,0.1102432791603,0.0646802641149,0.1173364712904,-0.0052265986145,-0.0290290651551,0.2112753118996,0.3950715806246,0.2637796396304,0.0918054898754,-0.0779184137983,-0.2580469997197,0.0515347451532,-0.1687180291242,0.1503171101071,0.1474936221987,0.1763959642397,-0.0353601489799,0.1440409233051,-0.1141311274169,0.4261530928144,-0.3720290774696,-0.1367206152346,0.3683627095737
0.3635180241453,0.3625030618578,0.0864632723435,0.3152928346948,-0.0332005087479,-0.0497662016519,-0.0204236021261,0.2471582017995,0.0900654635601,-0.1175784567023,0.1044844771396,0.4684941793157,-0.0370826785272,0.0821573028238,0.4727360248401,-0.1022122139858,0.0096351344743,0.7312973810069,0.5145483474627,1.0000000000000,-0.0373055210080,0.0057847496084,0.2893486170618,0.2268249555126,-0.1199114075688,0.0900345101578,0.3841573575046,0.4485931045458,0.2327264531123,0.3899582015462,0.3927958682631,0.1354782981311,0.1355538073494,0.1576502108157,0.3790896648575,0.3092094567301,0.1464893994382,-0.1712555685554,0.0798212368928,-0.0978941069002,-0.0695653158915,-0.2053278412317,-0.2394199175779,-0.2430751678002,-0.2286306030258,-0.0394767243096,-0.0029956656504,-0.0368809630402,-0.2014677651954,-0.1256648303004,-0.2957730768769,-0.0369905246527,0.5578452251876,-0.0419059095511,0.5115874369189,-0.0607930252328,-0.0167357334360,-0.0448213878643,0.0893727728503,-0.2907733712978,0.0370091757338,-0.0298139505417,0.0241622442494,0.0245509027459,0.2959072705788,0.1512878562888,-0.0897798530304,0.0328040979818,0.0004447982983,0.4070464879204
0.0486046761291,0.2100344201278,-0.1326497263076,0.2308220816299,0.6131736278654,-0.0739481365336,0.2178496471901,0.1892015885371,0.0196962566493,0.1958529322472,0.4988711842611,0.0128874513186,0.8266875849488,0.0743352681063,0.1106929890312,0.2214321886919,0.3604381120214,-0.0262557245164,0.0984221908473,-0.0373055210080,1.0000000000000,0.4092437478993,0.2538409978807,0.4053616713405,0.2528243428674,-0.0962929718327,-0.1776422665422,0.0863193424060,0.4444561606394,0.2581246164487,0.2106994632413,0.0357039513471,-0.0411232257671,0.3910091718531,0.0237442907544,-0.0462265930487,0.0838346766364,-0.0742488692568,0.0425195172809,0.6036692559033,-0.0605653156373,-0.0620118804698,-0.1782049513997,-0.1995937169208,0.2073734630181,0.3931971754688,-0.0780130381831,0.7499615973259,-0.0168879671841,-0.1539347243542,0.0102787507497,0.3222566117951,0.0413911445664,-0.1959700394564,-0.2141342873651,0.9251108985084,0.3574117464631,0.1983975520306,0.2741594830890,0.2887695614616,-0.2058507782010,0.0348828370026,0.0230777582942,0.4382334210982,0.2029634487353,0.1291590525879,0.0935539754435,-0.0158730497392,0.1861738333157,0.1788608806591
0.3493110398014,0.1208190374110,0.0264101800452,0.1229817743323,0.6099963704965,-0.1558417905793,-0.0567841318538,-0.0989070784398,-0.0414302927908,-0.0055049177498,0.1609029636470,0.1034275974856,0.3778488128357,0.1447862417178,0.0131157228133,0.1785773414434,0.8521235836600,0.1937929185399,0.0737837838414,0.0057847496084,0.4092437478993,1.0000000000000,0.4209695884495,0.8820507319754,-0.0636939488708,-0.0620340833180,-0.1212020526532,0.2417640654931,0.4007057294390,0.4910153416497,0.5288918676215,0.0417438308353,-0.1306498231832,0.6660171147215,0.2738912121952,-0.0064151365662,0.1599197608021,0.0535361936367,0.0336402837854,0.4405999072157,-0.1168858437060,-0.2230759657192,-0.3416934914619,-0.2332407430028,0.0252026040394,0.0153716248763,-0.0391038505854,0.3510693311948,-0.0749029396562,-0.4392059252729,-0.0723526276603,0.8481300220986,0.2021272942368,-0.3098964449508,-0.2107180553947,0.3353235546099,0.8770699573775,0.3199938398964,0.8148013929319,-0.0152571997755,-0.1692739227158,-0.0647544100235,0.1082239637845,0.3033468775078,0.3786466192538,0.4473713005666,0.0183858705398,-0.0688414412215,0.4824059599913,0.2971552658719
0.3102356485564,0.5135129050254,0.0821518920921,0.6038949178490,0.1966529269844,-0.1498863359998,-0.1063028580646,0.3420652640896,0.0014437806102,0.3101584196694,0.0853430223057,0.2312399057195,0.2381499431002,0.0722817261754,0.1561040259930,0.2184200535485,0.4424036709962,0.4215660541877,0.1228164610469,0.2893486170618,0.2538409978807,0.4209695884495,1.0000000000000,0.4827633559676,0.3047249998281,0.2330734364790,0.1368421786500,0.4139489388216,0.4685398162658,0.4935006000642,0.6112993914117,0.0535917279234,-0.0176743024306,0.4498168075996,0.4110632710063,0.1445589586380,0.5468758661530,-0.0326639322523,0.4784854878852,0.1007345664319,-0.0351962072238,-0.3834120808157,-0.1542909259643,-0.3984375829184,0.1821256952888,-0.1557779999845,-0.1668325424388,0.1803274324361,-0.1079361782786,-0.3810744938700,-0.1867939592882,0.4605839972717,0.3508232959437,-0.3709850725987,-0.0225527381449,0.2066443564403,0.3180093349586,0.7411948387589,0.3948105958843,0.2518866985472,0.1278922641421,0.0397213015649,0.1413234136954,0.3217449003604,0.3296366730122,0.3050519268330,-0.1630183068256,0.0206160492162,0.2177140782401,0.4413674514854
0.4027730822835,0.2235458772850,0.1930617405801,0.1815126327926,0.5577807236833,-0.1599401642597,-0.0102848071106,-0.0042924807992,0.1133962617846,-0.0728334355432,0.1783003605565,0.2411145712395,0.3285112826174,0.1326379108278,0.1947745609014,0.1359622027018,0.8146977226848,0.4233516962163,0.2672254048936,0.2268249555126,0.4053616713405,0.8820507319754,0.4827633559676,1.0000000000000,-0.1101806532869,-0.0548834107850,0.0756889865514,0.4003718667480,0.4291455023123,0.5148389030222,0.6471189587739,0.0060235787561,-0.0814857430560,0.6343248301032,0.3248289549032,0.0196463089247,0.1810783988040,0.1385055445554,0.0158910126859,0.3708185771371,-0.2325374972922,-0.2758040238301,-0.4540611210995,-0.2254855868905,-0.0722764408018,-0.0865514988507,-0.0286273366235,0.3091840581297,-0.1507360071859,-0.4182661752073,-0.1996756142083,0.7901720981712,0.3781662332162,-0.2845027219688,-0.1105916855442,0.3363370326103,0.7451018272199,0.2333152790266,0.8432511676993,-0.1128026015141,-0.1915487366263,0.0341959683062,0.1588917285172,0.2786804426476,0.3532355101068,0.4186881237001,-0.0068171956770,-0.1632914148309,0.3930246003784,0.3906891037913
-0.0448394320148,0.1766959363043,0.0038272624945,0.4666169372320,0.0590948698607,0.0264880452347,0.1875291404508,0.7006577241341,0.0084953490731,0.8140960401931,0.3154603153533,-0.1759390876530,0.2669892013652,0.2787263418690,0.1569635997263,0.3502895229024,-0.0598303034933,-0.0603347537037,-0.1259293170720,-0.1199114075688,0.2528243428674,-0.0636939488708,0.3047249998281,-0.1101806532869,1.0000000000000,0.3648236416854,-0.0975839878649,0.1841855393118,0.4266995139608,0.0023213834964,-0.0186018718576,-0.0166077338837,0.1601488874813,-0.0378649506496,-0.1626914560577,-0.1072070750465,0.0408942754430,0.1150071887210,0.3213251266487,0.1664142700827,0.1263999230461,-0.0386804175427,0.3645815635505,-0.1737664981180,0.6884773244018,0.1912508586776,-0.1237849582103,0.2277248111733,0.4052113878446,0.1397736683582,0.1255784648247,-0.1294097789675,-0.2097109143602,-0.1363137806097,-0.3365811864196,0.2693322651987,-0.1962438483618,0.3188211428528,-0.3110964599029,0.8859755614574,0.1266394877848,0.2868304309932,0.2279614892052,0.5324063805353,-0.1167248500184,-0.2493106663506,-0.0374588597736,0.1230249511811,-0.2596767301442,-0.1368545913518
0.0163440622169,0.3400646954802,0.3361121086088,0.5498992215231,-0.1382768315450,0.0243924648034,-0.0326850626143,0.2845710815970,0.1139119206655,0.5190985317365,-0.0193485275948,0.2289785885396,-0.1225095215815,0.5913019008542,0.1354679474567,0.2133434308169,-0.0144170010850,0.1286981586392,0.1935129661057,0.0900345101578,-0.0962929718327,-0.0620340833180,0.2330734364790,-0.0548834107850,0.3648236416854,1.0000000000000,0.2062428968090,0.4746038059982,-0.0601341159881,0.0655296177796,-0.0066841757420,0.0122619854562,0.0686493949746,0.0486998311023,0.2113875083738,-0.1220217692701,0.2654563838328,0.2825275170571,0.5818201919380,-0.1828237491446,0.0436676188957,-0.1853706926920,-0.0456662553213,-0.1105847107278,0.4340156977492,-0.3045265905592,0.1214131795522,-0.1801871391962,0.5895828071823,0.0267225522563,0.0437565902259,-0.0626095097807,0.0164789958345,0.0473853958911,-0.0149753826257,-0.1359658359264,-0.2096121665424,0.1583694637353,-0.1139410429319,0.2956294295247,0.7827000133223,0.2967677345012,0.4914097887493,-0.0966743936914,-0.0717016232570,-0.3208694829974,-0.0113695330853,0.0513585109404,-0.0915262113301,0.2876393425573
0.0825643056218,0.3173409633971,0.4990916300893,0.2792304047975,-0.1966410666200,0.1701643755530,0.1688260285025,0.1354082469776,0.4471827203984,-0.2249075907990,-0.0410071541466,0.4348074423988,-0.1889878450922,-0.0588916781516,0.1441074137408,0.0283476850196,-0.1506587686529,0.3867164913839,0.2937504249238,0.3841573575046,-0.1776422665422,-0.1212020526532,0.1368421786500,0.0756889865514,-0.0975839878649,0.2062428968090,1.0000000000000,0.3186905298625,0.0556376107086,-0.0562166503389,0.3838002983359,-0.0870818712652,-0.1331798052772,-0.0554854751748,0.4557646991689,0.0788883076563,0.1751413854199,0.1579105680309,0.1961715256193,-0.2681028636685,-0.0825516465768,0.1679786952813,-0.1395451742849,0.2468217967082,-0.3442897236564,-0.1958882786992,0.2458583920387,-0.2086309659634,-0.1496063726734,-0.0491024218656,0.0054055963042,-0.1027661370715,0.2136935431106,0.1153099964618,0.2618633057175,-0.1995445019968,-0.2205069182387,0.0129641409983,-0.0188217276020,-0.2367492928051,0.2820494692132,0.4306487544150,0.1076963717351,-0.2665552523449,-0.2142011085435,0.0361658255931,-0.0510616686210,-0.2536529543862,-0.0904160835102,0.3430621263237
0.3152764637390,0.3161012544248,0.4951222370270,0.5176404937094,0.1535339760803,0.0202298331270,0.1088736494525,0.4178279820532,0.3098188241186,0.2151173047947,0.2228965067749,0.5123338263574,0.0479393110872,0.3746309239923,0.4780222688618,0.2848435404010,0.2935648324572,0.6654660250969,0.5128014232777,0.4485931045458,0.0863193424060,0.2417640654931,0.4139489388216,0.4003718667480,0.1841855393118,0.4746038059982,0.3186905298625,1.0000000000000,0.3211368939644,0.2562822083574,0.4480039310612,0.0244666565258,0.1297752237680,0.2431914669228,0.2274065031001,-0.0282149491395,0.1173786755679,0.3370119692159,0.3526734952591,0.0320335049479,0.0211006063535,-0.2440034785595,-0.3069515986287,-0.1337459816475,0.1002601037832,-0.1738194775953,0.1708156932247,-0.0187533995225,0.1843482937538,-0.1175729872119,-0.1459918487552,0.2110836679433,0.3523380970215,-0.1119214746918,0.0657559637841,0.0418348930891,0.0158265532614,0.0818311041807,0.2403580279732,0.0670415489334,0.3290264298510,0.2482560044013,0.6868909848425,0.0820669563911,-0.0161955691616,-0.0884921764994,0.0994142102768,-0.0769412365390,-0.1352238117060,0.3594809123455
0.2374021369885,0.2866371961147,-0.0054943010575,0.3860874386826,0.4476538457709,-0.1302902288264,0.1466756182091,0.5116119171471,0.0911929577026,0.2192550292428,0.4314054466040,0.1075025150647,0.4890239533738,-0.0026159235692,0.2797922586120,0.2718166772862,0.3745160657615,0.3043558065226,0.1297252272743,0.2327264531123,0.4444561606394,0.4007057294390,0.4685398162658,0.4291455023123,0.4266995139608,-0.0601341159881,0.0556376107086,0.3211368939644,1.0000000000000,0.2739862749470,0.5751768705879,0.0428110414790,0.0501430122991,0.2392597533649,0.0780768703197,0.0406297102930,0.0954674856042,-0.0904584126615,0.1017857953900,0.4291707765962,0.0081308571788,-0.1978048811301,-0.0541049064732,-0.3088450461296,0.1473783159875,0.2675753749606,-0.1342478460680,0.4373344335880,-0.0825061643588,-0.2564875867327,-0.1571924371414,0.3091343088798,0.2176845916226,-0.3651659351464,-0.2437902029257,0.4424779690189,0.2545914009178,0.2493128646256,0.2245367751981,0.3362555085966,-0.1955574799071,0.1115683169075,0.0180087000331,0.7588601235482,0.1068164581461,0.2588768586427,-0.0337934881675,0.0864363348031,-0.1205968886630,0.1764973350080
0.5683618541860,0.3284557380414,0.0418091379616,0.3809732677118,0.3725033665899,-0.0574789851496,0.0380070606485,0.0575092090331,0.0155198892298,0.1042599484396,0.2509461699279,0.2870961019867,0.3514613635118,0.2413195248068,0.3712762543046,0.2783642206746,0.4358552742530,0.3757926344504,0.2964300661102,0.3899582015462,0.2581246164487,0.4910153416497,0.4935006000642,0.5148389030222,0.0023213834964,0.0655296177796,-0.0562166503389,0.2562822083574,0.2739862749470,1.0000000000000,0.4385370306048,0.1904851677078,0.2227366959672,0.5694881146547,0.3816849439873,0.3310098358025,0.2142418885643,-0.0396367604727,0.1943974605127,0.3085965284737,-0.0419776761813,-0.2423893614383,-0.2952632712499,-0.3119272124226,0.1259839188924,0.0638744098120,-0.0088651688904,0.3426367993455,-0.0402288547374,-0.1833669459860,-0.0241225644495,0.3718467095293,0.3883735013065,-0.2288245293332,0.1516257772156,0.2395928649422,0.4643273340037,0.2387457120868,0.4324156999279,0.0182624839025,-0.0951730358458,-0.1525442179276,0.0450965785449,0.2383941809723,0.8349822779180,0.2812619967431,0.0764726909051,0.0664025764124,0.4073231843455,0.4817223199992
0.4529569372359,0.4142400384589,0.2955672181457,0.3952499569319,0.3003840349950,-0.0659856886436,0.0328706034822,0.3336074730130,0.2851907147257,-0.0697802366288,0.1404528321715,0.4102261107886,0.2180184859967,0.0019850989046,0.3484115706858,0.1851435469415,0.4806178510124,0.6080880596551,0.3080677590886,0.3927958682631,0.2106994632413,0.5288918676215,0.6112993914117,0.6471189587739,-0.0186018718576,-0.0066841757420,0.3838002983359,0.4480039310612,0.5751768705879,0.4385370306048,1.0000000000000,-0.0109965336893,0.0074740869150,0.3816421684558,0.4596600535123,0.1955737925923,0.2943782361192,0.0136515271530,0.1255507490786,0.1570761553890,-0.1074434362846,-0.2216164921158,-0.3157890971166,-0.1499618161903,-0.1724589102626,-0.1250139994854,0.0082505413720,0.1808889176982,-0.2500688646342,-0.3199436827791,-0.2325832482503,0.4464906733187,0.4643982114471,-0.3053838521836,-0.0089109815890,0.2033016630792,0.3705431451325,0.2645935190492,0.4830747471397,-0.1419350875761,-0.0826362923535,0.1410806159858,0.0654717121069,0.2616805546795,0.2280494782548,0.5177060658858,-0.0951977767120,-0.0854490719654,0.0914628775051,0.5073650469545
-0.0224557562727,0.1137760528974,-0.0979862559876,0.0695883785814,-0.0253979645271,-0.1639040825307,-0.0914401741425,0.0467216516793,-0.1290873886661,-0.0813250138286,0.1597316265336,-0.0135419789350,0.0328983804352,0.0479324859234,0.0232699345218,0.0101729243021,0.0216696556097,0.0009047595598,0.0939897764210,0.1354782981311,0.0357039513471,0.0417438308353,0.0535917279234,0.0060235787561,-0.0166077338837,0.0122619854562,-0.0870818712652,0.0244666565258,0.0428110414790,0.1904851677078,-0.0109965336893,1.0000000000000,-0.0549873440761,0.2150148094647,0.1037329385923,-0.0080477601818,0.1165230095992,-0.1106625809702,0.0620023277761,-0.0562082682892,0.0043580364386,-0.1715152163567,0.0564180500425,-0.1715408294249,-0.0297197656485,0.2142619950555,0.0197102171485,-0.0183304488485,-0.0076639007441,-0.0284521357765,-0.1026721966802,0.0040925572030,0.0919784666447,0.0037251232237,0.1300122871783,-0.0140609528723,0.0818629167531,0.0381774767241,0.0527671029057,0.0044926437373,0.0478932656275,-0.1407580702856,0.0516511618392,0.0683753139253,0.2045702583017,0.0429715121580,0.1668083911128,0.0854251588019,0.1579837526788,0.0970190943654
0.1053750134842,-0.0127758771744,0.0365033546058,0.1081154105189,0.0093149609470,0.3788733818191,0.1746005078892,0.1837253102242,0.0735875803848,0.2011718141514,0.1312647150000,0.0657519108588,0.0466935327484,0.1860857040007,0.2792047672956,0.1567988940873,-0.1198505139737,0.1909680250330,0.1279224919397,0.1355538073494,-0.0411232257671,-0.1306498231832,-0.0176743024306,-0.0814857430560,0.1601488874813,0.0686493949746,-0.1331798052772,0.1297752237680,0.0501430122991,0.2227366959672,0.0074740869150,-0.0549873440761,1.0000000000000,-0.1326936034415,-0.0339093156967,0.0574318870766,-0.2251862363915,-0.0645294717476,-0.1392826273578,0.0065810264657,0.1935606105213,0.1026913573738,-0.0209711034891,-0.0029031666637,0.1859398861157,0.0641733085811,-0.0353092644857,0.0341496658107,0.0742719553713,0.1549670968316,0.0504807788214,-0.2197520056821,0.0132704603693,-0.1004260243219,-0.1374958289929,-0.0393875262918,-0.2203550979375,-0.1866431528167,-0.2055481344685,0.1091909590004,-0.1984292664489,-0.1096791879288,0.0228668069516,0.0540811465774,0.1836862548584,-0.0760906876885,-0.0350551252316,0.1362769338312,-0.2391085278869,-0.0108007512986
0.2763603805593,0.3323717331183,0.0146591305902,0.2681803845421,0.3942399136601,-0.1770832142299,-0.1085041928915,-0.0210048783518,-0.0707622289711,-0.0259960704806,0.1710318368511,0.1705614737452,0.2992518224384,0.1040036606581,0.0019914418303,0.1877857533459,0.5591395660356,0.1759274751612,0.1657486299992,0.1576502108157,0.3910091718531,0.6660171147215,0.4498168075996,0.6343248301032,-0.0378649506496,0.0486998311023,-0.0554854751748,0.2431914669228,0.2392597533649,0.5694881146547,0.3816421684558,0.2150148094647,-0.1326936034415,1.0000000000000,0.4698981481642,0.0679926986362,0.3729572583320,0.0303593439911,0.2276780599248,0.2737524252072,-0.0648078772728,-0.3236126463088,-0.2836963607013,-0.3092761499268,0.0106185719751,0.0211357008165,-0.0251062902164,0.2654634334756,-0.0771551745628,-0.3052565074094,-0.0473911247893,0.5553657913875,0.3262340483122,-0.2228757814656,0.0746796863076,0.3333591298103,0.5812339300342,0.3519185383514,0.5976356247617,0.0046699632938,0.0256319508756,-0.0929568094197,0.1600957182801,0.1965818175998,0.4512248821794,0.3194165703641,0.1666522261596,-0.0947005352657,0.6785103940759,0.5240935991274
0.2744369112233,0.6859069534136,0.1548648154881,0.4899621206518,-0.0614907590332,0.0402495144943,-0.1303230798827,-0.0381686471368,0.0313515574473,-0.1951682891800,-0.1068586085632,0.2714711563966,-0.0506735895805,-0.0632114335244,-0.0318709112592,0.0046436880602,0.1487606860694,0.4287281378263,0.1406141005341,0.3790896648575,0.0237442907544,0.2738912121952,0.4110632710063,0.3248289549032,-0.1626914560577,0.2113875083738,0.4557646991689,0.2274065031001,0.0780768703197,0.3816849439873,0.4596600535123,0.1037329385923,-0.0339093156967,0.4698981481642,1.0000000000000,0.1972707888981,0.6251239551486,-0.1098104570690,0.3734444572561,-0.1811186180542,0.0176831352577,-0.1844608727330,-0.2789241572484,-0.1747103435293,-0.2700034582850,-0.2133184619205,-0.0229956348827,-0.1202423377596,-0.2582723749097,-0.2704139913434,-0.0795028882407,0.2115844943449,0.4870145790508,-0.1908433102383,0.3461178807244,-0.0183279326224,0.1884894379675,0.3514910941682,0.3548141292440,-0.2246571535623,0.3326785341668,-0.0172822919289,0.0532906834427,-0.2285748924403,0.3132554721412,0.2946357267502,-0.0403959374783,-0.0286337196690,0.4424210638002,0.8263265042525
