1.0000000000000,0.2638993325371,0.1228518505219,0.3326741584136,0.5562621567801,-0.1196587271715,0.0694676515608,0.1966535097249,-0.0089267385393,0.2440194160968,0.2753867538986,0.0627528179908,0.4576241015280,-0.0181246459199,0.4080876880260,0.1213652119235,0.3894252412982,0.5822647048695,-0.0028486217709,0.4608701483686,0.4918237920990,0.5080297971000,0.3056950343991,0.5028250903058,0.2543492046332,0.1805291048799,-0.0882012788623,0.3215053147391,0.5608232357226,0.5819089605267,0.4354116256387,-0.0464061327172,0.0114184604593,0.4777758807471,0.5009839404808,0.6168958670653,0.2313004879447,-0.4875479094105,0.2249555840871,0.4720127312488,-0.1487416375281,0.1221493252680,-0.1422611198531,-0.1677075619580,0.1588597684611,0.3973618504277,-0.1069747139988,0.5141384247381,-0.1085034360568,-0.0745003035104,0.3075945760266,0.3920140357993,0.1842649803790,-0.2196988333463,0.0140937364818,0.4362494040059,0.4051260253082,0.1681948993683,0.3573729512313,0.2173196818719,0.0287052563152,-0.3709902833588,-0.1114244011100,0.4178131730419,0.3615841994673,0.2199863067971,-0.0247172868012,0.1745778454823,0.3709659688651,0.3584250496554
0.2638993325371,1.0000000000000,0.1324194287799,0.7205525593168,0.1052554076397,-0.2400849558783,-0.0614247047956,0.1458934886809,-0.1413932684086,0.2159836610421,0.0756301526858,0.1781936913903,0.2016979777911,0.0177808599705,0.0006280219599,0.0685159573585,-0.0494137670089,0.3891932354716,-0.0348564196342,0.2090971277748,0.2565416731105,-0.0744908224744,0.7089094573388,0.1236270756296,0.3047505807856,0.5736449838389,0.2625605341357,0.4036255066773,0.1522773207772,0.2913800693301,0.2930288537296,-0.0595110113545,-0.2137482894680,0.3652291654800,0.4975047659366,0.2212496771351,0.8787466700001,-0.0793181121153,0.5804274482299,0.0789728528280,-0.2479746952099,-0.1143332564804,-0.0153603947045,-0.2199811285414,0.2364605904490,0.0781479297536,0.0752772589048,0.2012854941348,0.0188801686760,-0.0327585252261,0.1037538056430,0.0101234323777,0.3619992871759,-0.0101398684557,0.1190349420162,0.2308814702939,-0.2025664769459,0.7375128097795,-0.0125081097335,0.3168540035788,0.4133221245297,0.0425555701133,0.2698419454390,-0.0786358285664,0.2622372210899,0.2436545256415,-0.0709062411664,-0.0426223407121,0.4649549826400,0.5442769635282
0.1228518505219,0.1324194287799,1.0000000000000,0.4196612807235,0.0054994276091,0.0656269447353,-0.0287452427746,0.5471539168120,0.1527992235238,0.3334423580640,-0.0409731815017,0.2013220135809,-0.0657762916472,0.1892244419541,0.2593050861618,0.1611778768842,0.1987995583728,0.3037713269143,0.2523731209058,0.1494019035864,0.0352953801652,0.0689403763141,0.2853930569968,0.4739256371617,0.3920410675523,0.1996717835421,0.3358269837146,0.7227607842033,0.2497183491652,0.1128332525754,0.1791666945087,-0.0367045204416,0.0717555963534,0.0572715311626,0.0237821369358,-0.1042119133639,0.0949534252527,0.3913202361925,0.2855494055394,-0.0413336213358,0.1081215037735,-0.0383363336787,0.2643335051748,0.0218689477732,0.1865689517562,-0.1661384191122,0.0845445118391,-0.0675131877159,0.1226317839035,0.0168873250041,0.0879333728917,0.2334540742798,-0.2389155627273,0.0124233301856,-0.1288217263265,0.0205442936939,-0.0972913291057,0.1924383124547,0.0650447844402,0.2793147477094,0.0671478084935,-0.0887780300963,0.5605524871635,0.0831660834573,-0.1417821895145,-0.1795615845946,0.0015894029990,-0.0075392179691,0.0587474131289,-0.0770241551104
0.3326741584136,0.7205525593168,0.4196612807235,1.0000000000000,0.0999320349298,-0.1331540609075,-0.0353546800125,0.4393412584812,-0.0010213958961,0.4370907582441,0.0107392018640,0.2878172674284,0.1679645698612,0.2512025998880,0.2209196600682,0.1855528030478,0.1114896478757,0.4553419909170,0.1272491850631,0.3331268862878,0.2225607244466,0.0132026866055,0.7038130779653,0.2813679926706,0.5216343169639,0.6942101054317,0.4182848549395,0.5603802564826,0.3072513307162,0.3130877940267,0.3667866482787,-0.0182822462408,-0.0661653085125,0.2517775990476,0.4358376414703,0.1564986501596,0.6841219245748,0.1121644273901,0.7839820846173,0.0637275917771,-0.1508772064286,-0.0772171629336,0.2020809975290,-0.0830014439018,0.4369928758404,-0.0216593434057,0.1624349670672,0.1581061601099,0.1862802993690,0.0988330784119,0.2012720199963,0.1790047027934,0.1651000451131,0.0229243244576,0.0749053943188,0.1839520820031,-0.1885986382032,0.6379586384777,-0.0101730202264,0.5265220531971,0.4977764299363,0.1445298915002,0.3954520211683,0.0174560471781,0.1300719184442,0.1245184185295,0.0407651970308,-0.0174966046881,0.2661131263747,0.4325791957025
0.5562621567801,0.1052554076397,0.0054994276091,0.0999320349298,1.0000000000000,-0.1984846375326,0.0727654495281,0.1481381448799,-0.1526312594990,0.2529650515280,0.5054093727785,-0.1670962503005,0.7783519045227,-0.0469292115803,-0.0353351360680,0.0086341224281,0.5014094451951,0.1748632292207,-0.2096948767489,0.0691425046455,0.8437025467290,0.7335383552852,0.1645804691538,0.5368040045712,0.2630462944090,-0.0148162879904,-0.2488915147616,0.1388151664137,0.6944762341267,0.3987628413497,0.4529857225783,-0.0357413344530,-0.1493323527026,0.3865916088140,0.2579158609429,0.5077321078734,0.0393151570783,-0.5258212263633,-0.0177907266600,0.9515920687720,-0.2335061718893,0.0416974481530,-0.1917334173949,-0.2836912961948,0.2326898297449,0.6693309831124,-0.2194158992834,0.7917633563105,-0.1540938985551,-0.3290746759885,0.2436513137290,0.4567200143146,0.0609125419943,-0.3044805997889,-0.1509893044612,0.8347888329324,0.6167909453068,0.0615406166904,0.4625657845755,0.3527688388267,-0.2098661924420,-0.4387672066202,-0.2716826236815,0.7050388457512,0.3201699875032,0.2053756652836,-0.0583008448818,0.0519758114376,0.3541336268100,0.2319942420762
-0.1196587271715,-0.2400849558783,0.0656269447353,-0.1331540609075,-0.1984846375326,1.0000000000000,0.6960023360888,-0.3736861062642,0.8090671193202,-0.2095317616708,0.2917987714740,0.4863712357176,-0.1584413190879,0.2971695069400,0.3601214739162,0.7182232475888,-0.0441280762698,-0.1421473096301,0.4102130136662,0.0240690100209,-0.2585288727081,-0.0229642558466,-0.3442746937525,0.0316119258588,-0.3169574468506,-0.0205477147872,-0.1586545552817,-0.0123899333328,-0.2540263203793,0.2531849680010,-0.2259902467444,-0.3578872355320,0.7937360932434,-0.0224234286384,-0.1037239547421,-0.2387302024049,-0.2748902196685,0.2384173285930,-0.1798163455955,-0.1975931139530,0.8011165878681,0.6786913167318,-0.3594340474828,0.8360502482497,-0.2412545701993,0.0278993944874,0.5944710101430,-0.2382001728836,0.4639448279283,0.4577528004665,0.4356013523917,-0.1138590125614,-0.3097031003465,0.3296438185310,-0.0785306127162,-0.2524180931114,-0.0539171792547,-0.3989758005758,-0.1648996674350,-0.3182385543116,-0.0768137844138,-0.1205941460008,-0.0580487441537,-0.2074737848454,-0.0415123636654,-0.1843757309625,-0.1152372587949,0.3778091846465,-0.1374202142873,-0.1097583052547
0.0694676515608,-0.0614247047956,-0.0287452427746,-0.0353546800125,0.0727654495281,0.6960023360888,1.0000000000000,-0.3917733531407,0.8109339949411,-0.0953968812461,0.7320229130656,0.5024719560556,0.2943301075836,0.3145396188881,0.4607815628857,0.6723201591129,0.0125054558911,-0.0755819308176,0.3964992350451,0.1279403928493,0.0773015163941,0.1478636766183,-0.2389914290395,0.0864674908694,-0.2424417375804,0.1003897427561,-0.2530567153290,-0.0196253356709,-0.1241855094395,0.5247491695843,-0.1286281829793,-0.4342679344397,0.6553273848676,0.1706495899646,0.0426132881643,-0.0778560516163,-0.1287177935627,0.0269044605920,-0.1708859924951,0.0865873887424,0.5737944855154,0.8293732920742,-0.5040482606965,0.6915748195301,-0.1197712208467,0.4696193230334,0.5787498239261,0.2084696695374,0.4432229349935,0.3086423377971,0.4828896557866,-0.0795438440973,-0.2810276665358,0.3368398844183,-0.0435003260355,0.0729893567230,0.0269107337431,-0.3204142497559,-0.1889770107688,-0.2004981600657,-0.0903879790686,-0.3114284549811,-0.2022796772089,-0.0814742463288,0.1242836274208,-0.1408433275976,-0.2784268452565,0.3835895714335,0.0176484952243,0.0258796241920
0.1966535097249,0.1458934886809,0.5471539168120,0.4393412584812,0.1481381448799,-0.3736861062642,-0.3917733531407,1.0000000000000,-0.2682410616572,0.5966757201099,-0.2823116844584,-0.0886257520200,0.0181911111051,0.1075256613930,0.1101882574140,-0.1416367203309,0.1470979351374,0.2823989685777,-0.0259287401610,0.1449037403484,0.1721789554738,0.0121717649257,0.3816380765898,0.1723346002615,0.7086964801962,0.2704776129875,0.3976888024855,0.4415013227928,0.4111284807039,-0.0846570850904,0.3409873613776,0.1525955974155,-0.2951466706387,-0.0606950572190,0.1181888664448,0.0423300795344,0.1915908422644,0.1276972320068,0.4981348315298,0.1496785976868,-0.2826279592038,-0.3308444675765,0.6965292787785,-0.2802009715757,0.5319876252576,-0.1722492390168,-0.1810490856591,0.0740165342497,-0.0073928465338,-0.0120140456144,-0.0117126792759,0.1897071356831,-0.0516442721385,-0.1839239016543,-0.0695704972117,0.1680818692270,-0.0990586567675,0.3292800550348,0.0319074918155,0.5960506092154,0.2853541322036,0.1289638419234,0.3566031155936,0.1848227660275,-0.1188215505612,-0.0177457811401,0.1373957419829,-0.1721673405442,-0.0496471329769,0.0287495826994
-0.0089267385393,-0.1413932684086,0.1527992235238,-0.0010213958961,-0.1526312594990,0.8090671193202,0.8109339949411,-0.2682410616572,1.0000000000000,-0.1635137717871,0.4960189260186,0.6210724267253,-0.0365835892908,0.3992121254070,0.6571887325245,0.7016521167454,-0.0324039267308,0.0288218971606,0.5879107947476,0.2193490062646,-0.1523041311769,0.0002232689503,-0.2857951857368,0.0925066562118,-0.2372782476596,0.1503619129257,-0.0487046494754,0.0471063242196,-0.1536960306628,0.4629966451200,-0.0915499152616,-0.4245514585280,0.7815128267974,0.1019614887813,0.0856541705667,-0.2798058367505,-0.1698023829833,0.2733515920381,-0.0846651688839,-0.1499313785233,0.7093811691964,0.7392262073728,-0.3569930228647,0.8291873211453,-0.2123539329816,0.1192744931646,0.6696996427803,-0.1262047752752,0.5813572802964,0.4036073129931,0.4029279094895,-0.1131820129340,-0.3497148317435,0.3777218627221,-0.0669053909477,-0.1954405031225,-0.1039116275355,-0.3517600095127,-0.2360996008729,-0.2516662571201,0.0164949400211,-0.1765157867228,-0.0463758225575,-0.1663528590710,-0.1242539876414,-0.1840554041952,-0.1693555713564,0.2997260331562,-0.1145465733964,-0.0980772025982
0.2440194160968,0.2159836610421,0.3334423580640,0.4370907582441,0.2529650515280,-0.2095317616708,-0.0953968812461,0.5966757201099,-0.1635137717871,1.0000000000000,0.0314211111422,-0.0649275374538,0.3019004649977,0.1809409049610,0.1429273529124,0.0109713361801,0.0564867445872,0.1796213622244,-0.0405973014371,0.0681206678059,0.3226518187696,0.0058112390687,0.4114066964278,0.0485532582196,0.6715816293396,0.2361541069829,0.1321600167277,0.3707196873574,0.1970854964635,0.0808223596494,0.0129166508164,0.0977923885915,-0.2354896699717,0.1372200632764,0.0247476666202,0.0699900882275,0.2481097201746,-0.0879632472958,0.3609421303832,0.2336657860146,-0.1774843979266,-0.1257932827225,0.3007498650272,-0.2050064296637,0.8666030961097,0.0943946243386,-0.1460666794955,0.2873801820693,0.0808218931757,0.0712695145400,0.0922231983886,0.0515759461744,-0.1517049645033,-0.1901837279100,-0.1115706976212,0.3209301020694,-0.1226762859996,0.3697640817661,-0.1613353131237,0.5749132135003,0.1944063836221,-0.1362023486275,0.1722229039306,-0.0020825148731,0.0317718319150,-0.2018453797052,0.0061152923969,-0.0385096463852,0.1662730970167,0.0066876016902
0.2753867538986,0.0756301526858,-0.0409731815017,0.0107392018640,0.5054093727785,0.2917987714740,0.7320229130656,-0.2823116844584,0.4960189260186,0.0314211111422,1.0000000000000,0.2204928564131,0.6713995674511,0.1024100728399,0.2982435757490,0.3592337705286,0.2013492680628,-0.0245612901115,0.1699752958623,0.1109459521318,0.5326518945259,0.4329630705569,-0.0970750413698,0.2718054184645,-0.1215031086407,0.0608310491319,-0.3421945087192,0.0300022305848,0.1664097689395,0.5797739132544,0.0968761705954,-0.3596879731885,0.2741017905792,0.3479624689447,0.1534960555107,0.1517943923456,0.0127533065429,-0.2032896984399,-0.1701484169417,0.5197573325162,0.2112980827634,0.5902189483851,-0.5158919118178,0.2709488749996,0.0241479701655,0.8284447719792,0.2406362809883,0.6116970595733,0.2205033584103,0.0063226956030,0.2667458954002,0.0892738751577,-0.1626084492019,0.1123637852480,-0.0791057495660,0.5072050533459,0.2439750465836,-0.1655227137308,0.0029135357674,-0.0210559812608,-0.1645986972539,-0.4743504914670,-0.2647289633883,0.2513897653774,0.1840429705108,-0.0172975384266,-0.2745137917042,0.1764019487664,0.2288914106986,0.1087513245864
0.0627528179908,0.1781936913903,0.2013220135809,0.2878172674284,-0.1670962503005,0.4863712357176,0.5024719560556,-0.0886257520200,0.6210724267253,-0.0649275374538,0.2204928564131,1.0000000000000,-0.0081319293492,0.5813806402476,0.5084954784331,0.6646904423416,-0.1004620582542,0.2624824314646,0.7403514463226,0.4251101603686,-0.0708166510765,-0.0971922792470,0.0132922925399,0.1199130270512,-0.1405225185463,0.4902218665898,0.1921935712893,0.2223586509639,-0.0896786200662,0.4162737115422,-0.0040218489616,-0.3036699680237,0.5132148883329,0.0619681114949,0.2810545210448,-0.2121305210576,0.1619346654057,0.2409941422095,0.2687315476120,-0.1712725140464,0.2845578951818,0.3671367302009,-0.2187985125010,0.5198565212735,-0.1040504583914,-0.0819061804442,0.8078221723389,-0.0570231762296,0.7068646844822,0.3989635392436,0.3882000670077,-0.0954434268632,-0.0852218911126,0.5653709337021,0.1684884204475,-0.1108443151030,-0.2390129938240,-0.0452260437380,-0.2119052755824,-0.1562603200259,0.4180406347250,-0.0347243537512,0.1144371544411,-0.2504911889836,0.1515031555970,-0.1116046900140,-0.1183526397349,0.1475356306091,0.0217072889603,0.2309745654788
0.4576241015280,0.2016979777911,-0.0657762916472,0.1679645698612,0.7783519045227,-0.1584413190879,0.2943301075836,0.0181911111051,-0.0365835892908,0.3019004649977,0.6713995674511,-0.0081319293492,1.0000000000000,-0.0440585808248,0.0317912596637,0.1100077716385,0.3121923157730,0.1736001960121,-0.0835343372913,0.0983470053551,0.8666867049870,0.5326580026893,0.2084386915623,0.3823540848025,0.1901779968289,0.0407706367466,-0.2308001979350,0.0954467584008,0.4629130583209,0.5004022199755,0.3444016695258,-0.1682762575584,-0.1139466450855,0.4036115277528,0.2605984941488,0.4266305749782,0.1595332219874,-0.4523251159979,0.0434595535814,0.7781833611923,-0.1804348093180,0.1992561593102,-0.3102830211010,-0.1954943568163,0.3278167537464,0.7564082655347,-0.0656221331751,0.9590822781737,-0.0371623939405,-0.2170265184802,0.2654901729998,0.2655304738382,0.0914401308834,-0.1232796514979,-0.0196769057368,0.8707535782838,0.3796439468382,0.1282459403727,0.2323372898528,0.2864400607126,-0.1453519787385,-0.4121524778689,-0.2860524553875,0.4548313787123,0.4331447499968,0.1675099786162,-0.2077106421362,0.0909645568143,0.4018807040711,0.3055316184971
-0.0181246459199,0.0177808599705,0.1892244419541,0.2512025998880,-0.0469292115803,0.2971695069400,0.3145396188881,0.1075256613930,0.3992121254070,0.1809409049610,0.1024100728399,0.5813806402476,-0.0440585808248,1.0000000000000,0.4276417714329,0.5047979533019,-0.0127270877925,0.0458904312358,0.5359256872765,0.2150222290691,-0.0591644755226,-0.0351102239338,-0.0970624152467,0.0792668782039,0.0098903764638,0.5288336884076,0.1623469274876,0.1884245248394,-0.0160401443171,0.1659420401274,-0.0838572498889,0.1204676723697,0.3217722142383,-0.1572396257428,0.0422528232196,-0.3037109149066,0.0149125978401,0.1743114472301,0.2606724491840,-0.0861260048031,0.1895512895429,0.1531116327318,-0.0199672192283,0.3451926063355,0.0544277940058,-0.0834519580815,0.5067938909913,-0.1091269953638,0.7746811608134,0.2981200625304,0.2963299141968,-0.0022999617608,-0.3309082076839,0.2822877385870,-0.1195474889030,-0.1208641934257,-0.1490046688292,-0.1279742630166,-0.1902112464231,-0.0640703567813,0.4204718656877,-0.0705746284793,0.0949062284691,-0.1405053424310,-0.0364685138240,-0.2659114209033,0.2401738537810,0.0943552298148,-0.1684574017673,0.0068208417095
0.4080876880260,0.0006280219599,0.2593050861618,0.2209196600682,-0.0353351360680,0.3601214739162,0.4607815628857,0.1101882574140,0.6571887325245,0.1429273529124,0.2982435757490,0.5084954784331,0.0317912596637,0.4276417714329,1.0000000000000,0.4893130486834,0.0368591370055,0.4498443349658,0.5895831159309,0.6087480513542,-0.0394847527086,0.0645222328369,-0.0021843556887,0.1560166762903,0.0247482872214,0.2725394356203,0.0758268979006,0.2608311210252,0.0369255733309,0.6095728696296,-0.0072880348368,-0.0886494784148,0.4912389393296,0.2514310263846,0.3488078995422,-0.0972104836488,0.0065995731060,0.0397881247887,0.1447886282389,-0.0763751738452,0.3839009993091,0.4383152634892,-0.1025271742926,0.4041433742851,0.0381539640935,0.0205086129066,0.3169044880584,0.0008209096238,0.4472329903000,0.3121130869714,0.3447183062951,-0.0014189719469,-0.2203771364344,0.1774595344277,0.0002065225136,-0.1206451591593,-0.0531561307716,-0.1039410537510,-0.1804747209522,-0.0872745842442,0.1999828652066,-0.2401585554007,0.0560851738907,-0.0866400047089,-0.0811974530125,-0.2178826551230,0.0707438615215,0.2727038955353,-0.0453639376043,-0.0648727210009
0.1213652119235,0.0685159573585,0.1611778768842,0.1855528030478,0.0086341224281,0.7182232475888,0.6723201591129,-0.1416367203309,0.7016521167454,0.0109713361801,0.3592337705286,0.6646904423416,0.1100077716385,0.5047979533019,0.4893130486834,1.0000000000000,0.0068792319619,0.0897306245699,0.5273197225471,0.2235293138234,-0.0150975610151,0.0816278964084,-0.0730877190865,0.1807506267830,-0.1003431868649,0.2865161370528,-0.1437927294734,0.2183478697031,-0.0174976076354,0.5116518497875,-0.0680622127614,-0.3869993974229,0.6344924545412,0.1088481233097,0.1510877443435,-0.1140495168733,0.0498703693847,0.1367181174285,0.0849966926850,-0.0114467383863,0.5475635749254,0.5392963666444,-0.2440683621944,0.6224427564518,-0.0190357235913,0.0832356126658,0.6718650582183,0.0395044866921,0.6104003463577,0.4288193292472,0.6944257315360,-0.0044765393665,-0.1877787466851,0.3976784515132,0.0494143757926,-0.0247922677855,-0.0399892781629,-0.1394043366358,-0.0964164619351,-0.0894262000024,0.1916824245191,-0.2639092238067,0.0309578213253,-0.1143323219742,0.2128835183900,-0.1455341411471,-0.1546148481045,0.3373253755876,0.0779195406919,0.1816052735595
0.3894252412982,-0.0494137670089,0.1987995583728,0.1114896478757,0.5014094451951,-0.0441280762698,0.0125054558911,0.1470979351374,-0.0324039267308,0.0564867445872,0.2013492680628,-0.1004620582542,0.3121923157730,-0.0127270877925,0.0368591370055,0.0068792319619,1.0000000000000,0.0037900392414,-0.1463896378904,-0.0310170827876,0.3378942752182,0.7512066227136,0.1798801012839,0.6500854737166,0.3147514844830,-0.0197270351393,-0.1884912927741,0.3545036260170,0.6568697547692,0.2706742012149,0.4367988675271,-0.1092203183164,0.1056112436821,0.2125911488090,0.1910174020379,0.4557976724077,-0.0345584700468,-0.2821296443165,0.0631840269599,0.4991147406903,-0.0292805054417,0.0870367133756,-0.1753989927594,-0.1457470943512,0.0148712636094,0.2736673711445,-0.1098685906327,0.3614658843198,-0.0686349238200,-0.2950087296423,0.1455726781468,0.9494668608547,-0.1203546547125,-0.3016728383769,-0.2569314232734,0.3125772642915,0.6943647414736,-0.0283894273162,0.7039666100452,0.3621135145851,-0.0668685584843,-0.3192421133811,0.1121228184988,0.7301859171232,0.0820182864858,0.2763696746581,-0.0884098487060,0.1025524913436,0.1295159464561,0.1463070522903
0.5822647048695,0.3891932354716,0.3037713269143,0.4553419909170,0.1748632292207,-0.1421473096301,-0.0755819308176,0.2823989685777,0.0288218971606,0.1796213622244,-0.0245612901115,0.2624824314646,0.1736001960121,0.0458904312358,0.4498443349658,0.0897306245699,0.0037900392414,1.0000000000000,0.2111063393201,0.6969701791028,0.2043310181509,0.1257045869849,0.3715566827955,0.4012235356531,0.1887441393853,0.2825392676605,0.3371994444078,0.3457959127702,0.3102958792134,0.4857556739369,0.3725231795347,0.0176220682976,-0.0310714209959,0.4242562912085,0.5856800510231,0.2702793149974,0.3331090054488,-0.2155253099279,0.3273653517780,0.1055308182270,-0.1324628779274,-0.0543356367361,0.0064127250471,-0.1680342006780,0.0748413668062,-0.0280494186952,-0.0447403632103,0.1808641051499,-0.0191538978022,-0.0784188029245,0.1636114503296,0.0532719468463,0.3401656439971,-0.1122012877709,0.2026059039054,0.1532168205405,0.0355401502015,0.2701315995743,0.1089532889992,0.0793147573438,0.1327688714285,-0.0560953889754,0.0215800891832,0.0322429113990,0.2461450048976,0.0800979526090,0.0612389397429,0.0053563880149,0.2954779510457,0.3562691297799
-0.0028486217709,-0.0348564196342,0.2523731209058,0.1272491850631,-0.2096948767489,0.4102130136662,0.3964992350451,-0.0259287401610,0.5879107947476,-0.0405973014371,0.1699752958623,0.7403514463226,-0.0835343372913,0.5359256872765,0.5895831159309,0.5273197225471,-0.1463896378904,0.2111063393201,1.0000000000000,0.4993770532108,-0.1508798388376,-0.1785515465797,-0.0579269651224,0.0442330953041,-0.1766104985414,0.2539341547219,0.1579093995619,0.2350192828334,-0.1600566847726,0.3159927449148,-0.1288593280319,-0.1817301478081,0.4128112315287,-0.0638975547880,0.0843158657395,-0.3695153551187,-0.0403505722231,0.2822946935725,0.0572274433093,-0.2084703951247,0.3087205868949,0.2543495658275,-0.1219785494114,0.4358925273547,-0.1260883132400,-0.1202801825536,0.6037344578483,-0.1441145491560,0.6502431846921,0.3584309620778,0.2286969596832,-0.1309141411705,-0.2254956847805,0.6140651133106,0.1235818068836,-0.1915597051792,-0.2868783804010,-0.1062375623017,-0.2739481323997,-0.2148528055486,0.2514807935506,-0.0834161322291,0.1400826719443,-0.2339653884893,-0.0535480980991,-0.2230216460883,0.0250494477347,0.1055104219416,-0.1470708149944,-0.0436515863993
0.4608701483686,0.2090971277748,0.1494019035864,0.3331268862878,0.0691425046455,0.0240690100209,0.1279403928493,0.1449037403484,0.2193490062646,0.0681206678059,0.1109459521318,0.4251101603686,0.0983470053551,0.2150222290691,0.6087480513542,0.2235293138234,-0.0310170827876,0.6969701791028,0.4993770532108,1.0000000000000,0.0928665773283,0.0519603753313,0.2365299599582,0.1580194039374,0.0419390317225,0.3650896449294,0.2741255703559,0.2605568167239,0.1432858481334,0.5136156698411,0.0960341557565,0.0136860341842,0.1321137177048,0.2705999715142,0.5130385652517,-0.0206380227406,0.1450992362943,-0.1403637683083,0.2589124380495,0.0148548714495,-0.0459886151671,0.1094462110100,-0.0280727576979,0.0156252316981,-0.0254667272800,0.0367817741245,0.1210203274659,0.0797468253213,0.1858762566330,0.0291940470633,0.1960628844321,0.0045360699280,0.1712382455531,0.1277599223771,0.2536094308419,0.0123534272949,-0.0656802748420,0.1253294493524,-0.0959696801875,-0.0453932353323,0.1881211320074,-0.0837708043704,0.0464933070645,-0.0529415235626,0.0644740325321,-0.0806212329379,0.1200491608136,0.0413183801574,0.0524503660720,0.1919092995432
0.4918237920990,0.2565416731105,0.0352953801652,0.2225607244466,0.8437025467290,-0.2585288727081,0.0773015163941,0.1721789554738,-0.1523041311769,0.3226518187696,0.5326518945259,-0.0708166510765,0.8666867049870,-0.0591644755226,-0.0394847527086,-0.0150975610151,0.3378942752182,0.2043310181509,-0.1508798388376,0.0928665773283,1.0000000000000,0.5475943685144,0.2660202141683,0.4671699011419,0.2804412189936,0.1220384301047,-0.1338047283586,0.1314733332616,0.5620323241069,0.3731358695415,0.4404982235703,-0.1582841336926,-0.1991971621310,0.3752088570087,0.2744139031060,0.4233793476021,0.2113436651124,-0.3982096070037,0.1482110567529,0.8159485132767,-0.2869253574183,0.0545000284532,-0.1952452842181,-0.2675357237809,0.3491402549895,0.6321498730324,-0.0994483487157,0.8543780647201,-0.0788447391629,-0.2724628342125,0.1749047843267,0.2982034949210,0.1220775570962,-0.1856856593615,-0.0391746255722,0.9470993627167,0.3835690854897,0.1863590989591,0.2976199317733,0.3734649732452,-0.0634537754644,-0.3661436215991,-0.2437011945599,0.5007872856525,0.3046005405760,0.2093492500921,-0.1902053817860,-0.0512140030069,0.3895199867289,0.2985443665208
0.5080297971000,-0.0744908224744,0.0689403763141,0.0132026866055,0.7335383552852,-0.0229642558466,0.1478636766183,0.0121717649257,0.0002232689503,0.0058112390687,0.4329630705569,-0.0971922792470,0.5326580026893,-0.0351102239338,0.0645222328369,0.0816278964084,0.7512066227136,0.1257045869849,-0.1785515465797,0.0519603753313,0.5475943685144,1.0000000000000,0.0630134935077,0.7647607270425,0.1308503733524,-0.1128625549855,-0.3382472176315,0.1706396101873,0.7014750053529,0.4526879189174,0.5069456076880,-0.1070939262685,0.0736365229953,0.4184463886404,0.2491985567085,0.5216564599395,-0.1192627070905,-0.4545722914034,-0.1100045425836,0.7205399767126,-0.0613785938309,0.1740179346277,-0.3090244287370,-0.1430384961152,-0.0171558069912,0.5208539208868,-0.1509626463361,0.5774247092940,-0.1421420071787,-0.3231029928254,0.2762127388548,0.6995236091545,-0.0316300938354,-0.2858387989740,-0.1783695929277,0.5396487770932,0.8956181398602,-0.1142378648506,0.7387520400163,0.2209542811742,-0.2536718789063,-0.4629187955357,-0.2142018782344,0.7987408083324,0.2743562849532,0.2978112524704,-0.0948107228845,0.1682922065094,0.2921650395584,0.2043694326306
0.3056950343991,0.7089094573388,0.2853930569968,0.7038130779653,0.1645804691538,-0.3442746937525,-0.2389914290395,0.3816380765898,-0.2857951857368,0.4114066964278,-0.0970750413698,0.0132922925399,0.2084386915623,-0.0970624152467,-0.0021843556887,-0.0730877190865,0.1798801012839,0.3715566827955,-0.0579269651224,0.2365299599582,0.2660202141683,0.0630134935077,1.0000000000000,0.2047992874897,0.5654456591327,0.3501226029559,0.3000090066395,0.5566123362795,0.3619181215314,0.1678267081504,0.3755360832171,0.0677257204861,-0.2912093147316,0.2893843128065,0.3962455328146,0.2524986289561,0.6443357935665,-0.1427712896339,0.5601598824799,0.1615291860230,-0.3182251602617,-0.2412059329129,0.1296298923517,-0.3467390791689,0.3970185282160,-0.0146188887828,-0.1160189105833,0.2200508179657,-0.1109452123983,-0.0647222963619,0.0213555556431,0.2636549103485,0.2845934606854,-0.1248873542256,0.0984393179813,0.2545364282146,-0.0425956193030,0.8866003561932,0.1313204433949,0.5360823542397,0.2979651826581,0.0347143454036,0.3906707958635,0.0821742454731,0.1683415392324,0.2880458013855,0.0519927995553,-0.0891649632480,0.3665935725492,0.3791545148870
0.5028250903058,0.1236270756296,0.4739256371617,0.2813679926706,0.5368040045712,0.0316119258588,0.0864674908694,0.1723346002615,0.0925066562118,0.0485532582196,0.2718054184645,0.1199130270512,0.3823540848025,0.0792668782039,0.1560166762903,0.1807506267830,0.6500854737166,0.4012235356531,0.0442330953041,0.1580194039374,0.4671699011419,0.7647607270425,0.2047992874897,1.0000000000000,0.2104838855603,0.0837369707925,-0.0280506347532,0.4430508932181,0.6933525449594,0.4471498176665,0.6091160258521,-0.1863930602386,0.1181776674685,0.3845428128183,0.3104636320683,0.3839025089418,0.0876350499872,-0.1701303960371,0.1158810667492,0.4896256784671,0.0051004552394,0.1083526761026,-0.2142332795323,-0.0739232177158,-0.0272342007626,0.2689585627544,0.0285135442869,0.4058695519059,-0.0118190842002,-0.2595534906465,0.2683034066224,0.6378111630089,-0.0236928732291,-0.1514154614987,-0.1451605844609,0.4374062935222,0.6147446934299,0.0041553306283,0.7062867226776,0.2300991202488,-0.1055168406571,-0.3674609269629,0.0264999805129,0.6469770819177,0.2165913131753,0.2673615980791,-0.1572107863138,0.0835169186567,0.3094807731202,0.2689315285785
0.2543492046332,0.3047505807856,0.3920410675523,0.5216343169639,0.2630462944090,-0.3169574468506,-0.2424417375804,0.7086964801962,-0.2372782476596,0.6715816293396,-0.1215031086407,-0.1405225185463,0.1901779968289,0.0098903764638,0.0247482872214,-0.1003431868649,0.3147514844830,0.1887441393853,-0.1766104985414,0.0419390317225,0.2804412189936,0.1308503733524,0.5654456591327,0.2104838855603,1.0000000000000,0.2467479624559,0.3524131489948,0.4061440018850,0.5410932758351,0.0549535464587,0.3267040162244,-0.0058742333636,-0.1804604060641,0.0885929864833,0.1230753710128,0.1602452229760,0.3141086630088,0.0132574297615,0.4771480561930,0.2921085403415,-0.2204690415393,-0.1888805767755,0.4065948723372,-0.2962131697784,0.6185048754340,-0.0289457316115,-0.1754171863657,0.2086719107241,-0.0573892769484,-0.1365179661961,0.0170361290659,0.3233818613029,-0.0679487344435,-0.3396905035492,-0.1807538351057,0.3064648457326,0.0089159095165,0.4711396013864,0.1147650480295,0.9011350503577,0.1567814085977,0.0447123071642,0.3363418186018,0.2527691503573,-0.0935449227141,0.1008289872177,-0.0839350848387,-0.1224414669618,0.0542435643506,0.0481098431317
0.1805291048799,0.5736449838389,0.1996717835421,0.6942101054317,-0.0148162879904,-0.0205477147872,0.1003897427561,0.2704776129875,0.1503619129257,0.2361541069829,0.0608310491319,0.4902218665898,0.0407706367466,0.5288336884076,0.2725394356203,0.2865161370528,-0.0197270351393,0.2825392676605,0.2539341547219,0.3650896449294,0.1220384301047,-0.1128625549855,0.3501226029559,0.0837369707925,0.2467479624559,1.0000000000000,0.4016126733287,0.3660208540390,0.1122117298254,0.2482111371953,0.1894188507418,-0.0552120068298,0.0515230444760,0.0846890267152,0.4152887936032,-0.0480365471216,0.5506060522018,0.1467149520848,0.6798208285467,-0.0685265238879,-0.0960577337368,0.0366337782990,0.1233041430055,0.1044453194832,0.2359857403135,-0.0395253849612,0.4118917017416,0.0158376053878,0.4739916901213,0.2079317590044,0.1893984100155,0.0186712370767,0.0738657419299,0.2126364349871,0.1024673214019,0.0384535485136,-0.3042613857199,0.3361851026655,-0.1801489861760,0.2445071723579,0.7215340515713,0.1738227617790,0.2980372387624,-0.1385824929667,0.0295240152740,-0.0100834091965,0.0343879179630,-0.0552941569464,0.1021279252831,0.4315951449853
-0.0882012788623,0.2625605341357,0.3358269837146,0.4182848549395,-0.2488915147616,-0.1586545552817,-0.2530567153290,0.3976888024855,-0.0487046494754,0.1321600167277,-0.3421945087192,0.1921935712893,-0.2308001979350,0.1623469274876,0.0758268979006,-0.1437927294734,-0.1884912927741,0.3371994444078,0.1579093995619,0.2741255703559,-0.1338047283586,-0.3382472176315,0.3000090066395,-0.0280506347532,0.3524131489948,0.4016126733287,1.0000000000000,0.2337546860045,0.0215836523152,-0.1520199870937,0.1923889442356,0.2691087627619,-0.1274186080600,-0.1051459993983,0.1428470649645,-0.2402826891447,0.2055810834162,0.3598883862009,0.5085407180326,-0.2351630349108,-0.0304981539232,-0.2459040836146,0.3525627672935,-0.0941930123091,0.1151074977432,-0.3707610297854,-0.0078003508350,-0.2597058648201,0.0546077363185,-0.0755422986221,-0.2084120659559,-0.1388871080679,-0.0314969431421,-0.0947844521846,-0.1116876916588,-0.1717112744093,-0.4101177514565,0.3005788598155,-0.2153585782563,0.2328666741480,0.3394102314357,0.6223891027645,0.4055164772251,-0.1846565621909,-0.2976333993469,-0.0609912745701,0.2159423747963,-0.2622800172176,-0.2001919756639,-0.0608510489260
0.3215053147391,0.4036255066773,0.7227607842033,0.5603802564826,0.1388151664137,-0.0123899333328,-0.0196253356709,0.4415013227928,0.0471063242196,0.3707196873574,0.0300022305848,0.2223586509639,0.0954467584008,0.1884245248394,0.2608311210252,0.2183478697031,0.3545036260170,0.3457959127702,0.2350192828334,0.2605568167239,0.1314733332616,0.1706396101873,0.5566123362795,0.4430508932181,0.4061440018850,0.3660208540390,0.2337546860045,1.0000000000000,0.3175744722719,0.2490258028146,0.2113647679164,-0.0250760134823,0.0087414542004,0.1356342130743,0.1665795041951,0.1545859163115,0.3700440930017,0.0203100587312,0.4262972472503,0.0786198445440,-0.0149794003936,-0.0465324935992,0.0917854945444,-0.0693444795570,0.2295922764529,0.0120409102137,0.0733512621670,0.0971305145519,0.1481807968387,0.1185721945487,0.1842107661022,0.4410976661077,-0.0453802525673,0.0386513542200,-0.0092383320668,0.1053604797480,-0.0084231103525,0.4033216138701,0.1546351382815,0.3203966391602,0.2282685324251,-0.1869058665727,0.6916233092110,0.1584779597729,0.0950482072798,-0.0919341774620,-0.0010562764100,0.0845184874429,0.2185844687297,0.1851943806160
0.5608232357226,0.1522773207772,0.2497183491652,0.3072513307162,0.6944762341267,-0.2540263203793,-0.1241855094395,0.4111284807039,-0.1536960306628,0.1970854964635,0.1664097689395,-0.0896786200662,0.4629130583209,-0.0160401443171,0.0369255733309,-0.0174976076354,0.6568697547692,0.3102958792134,-0.1600566847726,0.1432858481334,0.5620323241069,0.7014750053529,0.3619181215314,0.6933525449594,0.5410932758351,0.1122117298254,0.0215836523152,0.3175744722719,1.0000000000000,0.3261829523357,0.6971357537727,-0.1056374863656,-0.0779463415175,0.2662432502998,0.3589761260316,0.4484529056800,0.1317198088885,-0.3466946799939,0.2167602770724,0.6921943930511,-0.2442016332358,-0.0385121718746,0.0062991685534,-0.2778256771292,0.1620078217883,0.3133325857033,-0.1328215515196,0.5175413032184,-0.0889669532994,-0.3697439700946,0.1798915304345,0.6620255474882,0.0483282974288,-0.3054296173339,-0.1500202728096,0.5479956586258,0.5708509805850,0.2032065989424,0.6183551185771,0.5577559761625,-0.0579677317946,-0.2394943130632,0.0046455244557,0.8055062463833,0.1678448672407,0.3447118950042,-0.0848313268456,-0.0390969310133,0.1999761132819,0.2665271930257
0.5819089605267,0.2913800693301,0.1128332525754,0.3130877940267,0.3987628413497,0.2531849680010,0.5247491695843,-0.0846570850904,0.4629966451200,0.0808223596494,0.5797739132544,0.4162737115422,0.5004022199755,0.1659420401274,0.6095728696296,0.5116518497875,0.2706742012149,0.4857556739369,0.3159927449148,0.5136156698411,0.3731358695415,0.4526879189174,0.1678267081504,0.4471498176665,0.0549535464587,0.2482111371953,-0.1520199870937,0.2490258028146,0.3261829523357,1.0000000000000,0.2817239797809,-0.3126599704429,0.3898155978470,0.6880939088130,0.5999679252614,0.3424236531809,0.2279451926010,-0.2511322327999,0.1066869003011,0.3542517056227,0.2182954178170,0.4469270435910,-0.3570841831767,0.1590572803674,0.0423092561235,0.4152751210718,0.2251108133282,0.4787331587045,0.2072108813319,-0.0057543279049,0.5285659458535,0.2344992822849,0.0526149644292,0.0312068110096,0.0315781736194,0.3370202319288,0.3101573672212,0.0539982492745,0.1761260855758,0.0855346745335,-0.0120592377992,-0.4223188016912,-0.1076301875863,0.2621042068607,0.4100170237580,0.1287537816228,-0.2085688079345,0.3528071386806,0.4072111607837,0.3396936839321
0.4354116256387,0.2930288537296,0.1791666945087,0.3667866482787,0.4529857225783,-0.2259902467444,-0.1286281829793,0.3409873613776,-0.0915499152616,0.0129166508164,0.0968761705954,-0.0040218489616,0.3444016695258,-0.0838572498889,-0.0072880348368,-0.0680622127614,0.4367988675271,0.3725231795347,-0.1288593280319,0.0960341557565,0.4404982235703,0.5069456076880,0.3755360832171,0.6091160258521,0.3267040162244,0.1894188507418,0.1923889442356,0.2113647679164,0.6971357537727,0.2817239797809,1.0000000000000,-0.0610333520949,-0.1592008054440,0.3170401256619,0.5129403484896,0.4417260455557,0.2720059287223,-0.1858258519920,0.3380237636916,0.4546279456146,-0.2120107550769,-0.0774513471894,0.0041623930826,-0.1850206436455,0.0647125673848,0.1818360507957,-0.0627599163758,0.4005440621861,-0.1318517445972,-0.2247809258649,0.0617558171741,0.4320269288008,0.2815536208132,-0.1914264960943,-0.0035513204325,0.4205525368686,0.3986929382196,0.2850126739539,0.5392454973627,0.3566641177849,0.0812808994959,0.0294877642878,-0.0223646824374,0.5603904966998,0.2349418716243,0.6819150243359,0.0010903617172,-0.1241923536187,0.2384846196462,0.4514570541805
-0.0464061327172,-0.0595110113545,-0.0367045204416,-0.0182822462408,-0.0357413344530,-0.3578872355320,-0.4342679344397,0.1525955974155,-0.4245514585280,0.0977923885915,-0.3596879731885,-0.3036699680237,-0.1682762575584,0.1204676723697,-0.0886494784148,-0.3869993974229,-0.1092203183164,0.0176220682976,-0.1817301478081,0.0136860341842,-0.1582841336926,-0.1070939262685,0.0677257204861,-0.1863930602386,-0.0058742333636,-0.0552120068298,0.2691087627619,-0.0250760134823,-0.1056374863656,-0.3126599704429,-0.0610333520949,1.0000000000000,-0.4319345427092,-0.1016851705783,-0.0338318935681,-0.1002871655836,-0.0862309550737,-0.1058617280648,0.0639411292329,-0.0736875537814,-0.1858207753976,-0.4921802940911,0.2832214885689,-0.4074302883417,0.0599051148021,-0.2099596431682,-0.5936892518213,-0.1630777608291,-0.3152018630902,-0.1715296845630,-0.2367917743917,-0.0690683006546,-0.0285155068002,-0.3975140297981,-0.1972257551751,-0.1662485442002,-0.0473639601132,0.1186732662226,-0.0645069248387,-0.0928625169753,0.0357433471240,0.2563022864212,0.1001632162385,-0.0382090630341,-0.1569249096742,-0.1028276599942,0.8067158184979,-0.0464850565846,-0.1291410324719,-0.2452453434185
0.0114184604593,-0.2137482894680,0.0717555963534,-0.0661653085125,-0.1493323527026,0.7937360932434,0.6553273848676,-0.2951466706387,0.7815128267974,-0.2354896699717,0.2741017905792,0.5132148883329,-0.1139466450855,0.3217722142383,0.4912389393296,0.6344924545412,0.1056112436821,-0.0310714209959,0.4128112315287,0.1321137177048,-0.1991971621310,0.0736365229953,-0.2912093147316,0.1181776674685,-0.1804604060641,0.0515230444760,-0.1274186080600,0.0087414542004,-0.0779463415175,0.3898155978470,-0.1592008054440,-0.4319345427092,1.0000000000000,-0.0270382680766,-0.0105353750321,-0.1578382349802,-0.2606044294561,0.1883082954730,-0.1376282792223,-0.1383791415874,0.7263797775657,0.7507110353889,-0.3415267532683,0.7951033969113,-0.2557025782903,-0.0038478966207,0.6086045543874,-0.1708525027171,0.5049619162678,0.3227207389554,0.4397326029653,0.0499887499965,-0.3496041153001,0.2637525855450,-0.1278709088531,-0.2092343102269,0.0295261903275,-0.4001164528388,-0.0783707818092,-0.1826318663701,-0.0669949969991,-0.1679952107229,-0.0477441146800,-0.1014223511108,-0.1372795256229,-0.1514949938315,-0.2141372584872,0.4590292024506,-0.2188306112368,-0.1317543054395
0.4777758807471,0.3652291654800,0.0572715311626,0.2517775990476,0.3865916088140,-0.0224234286384,0.1706495899646,-0.0606950572190,0.1019614887813,0.1372200632764,0.3479624689447,0.0619681114949,0.4036115277528,-0.1572396257428,0.2514310263846,0.1088481233097,0.2125911488090,0.4242562912085,-0.0638975547880,0.2705999715142,0.3752088570087,0.4184463886404,0.2893843128065,0.3845428128183,0.0885929864833,0.0846890267152,-0.1051459993983,0.1356342130743,0.2662432502998,0.6880939088130,0.3170401256619,-0.1016851705783,-0.0270382680766,1.0000000000000,0.6117656461074,0.4410468469725,0.2665970490734,-0.2549641212045,0.0514253531664,0.3428979616889,-0.0176736193536,0.1277313032896,-0.2352571119055,-0.1465357285262,0.0842262711867,0.3102605333299,-0.1194599652252,0.4082069533010,-0.2033887339512,-0.1875875803342,0.3014227450988,0.1915374858641,0.1988536743573,-0.1975302149760,-0.0143720523167,0.3551116137383,0.3928115272101,0.2585282559256,0.3213260196382,0.1172444297071,-0.0865815160535,-0.2633775688666,-0.1110696417781,0.2745303317536,0.3689306405338,0.2823422629489,-0.1305836340757,0.2007604233372,0.7146738689913,0.3397488373385
