1.0000000000000,-0.1504085554404,0.1626069908997,0.1397322350171,0.1194317622551,-0.0913527425035,-0.0511668790672,0.3197309762461,-0.0619574507939,0.1829336371735,0.0880201037622,-0.0767705916687,0.1027162612119,-0.0536194608345,0.5404352225287,-0.0397078613743,-0.0480811538266,0.3391808485046,0.1951827854632,0.4212320064358,0.1982740153239,-0.0085611970277,0.0550268206512,-0.0367579205883,0.1961890518216,0.0824540796787,-0.0314891053182,0.1683735247984,0.0041395887640,0.1194592730864,0.1337646955321,-0.0652001514737,-0.0095536361016,-0.0316809413222,-0.0507905619297,0.3920969401996,-0.0433826158830,-0.1261907775754,0.1646100087904,0.0838130237504,-0.1282185327558,-0.1517376739433,0.1678937771160,-0.1260538604741,0.1798159414434,0.0916957826472,-0.0589514364776,0.0535175662863,0.1023009571050,0.1812002135339,-0.0965459502171,-0.0149638114610,-0.0877674441842,0.0525494419212,0.0952068550557,0.1496140731882,-0.0034408593388,-0.0309782786040,0.0009813031768,0.1300298097677,0.2117113321927,-0.1163199210453,-0.0844428113587,-0.0844448849167,0.1255141916698,-0.1264597570043,-0.0639925513801,-0.0926232731206,0.0141929331429,-0.0797311763151
-0.1504085554404,1.0000000000000,-0.1064508772948,0.4265935092557,0.1995684927249,-0.1934123362855,-0.1132029520181,-0.2603401189418,-0.2337181040469,0.0109882190760,-0.0859752158232,-0.2486170402317,0.1381619850867,-0.2836982307824,-0.3602641299452,-0.0562803648873,0.3955251095810,0.1519591412847,-0.2653218658351,-0.1438602521775,0.1551525491420,0.3510903840277,0.5598075530893,0.4559785060741,0.0927321369366,0.1409655582103,0.2427224688518,-0.0817530950395,0.1559606197167,0.2767941812316,0.1755927308596,-0.2260939263336,-0.0744296998853,0.4002524604345,0.5048271601557,0.0966208088232,0.7835037322422,0.0262043753826,0.3719811817603,0.1915796785350,-0.1080842353779,-0.1715232952921,-0.2534711319599,-0.3703697624563,0.0793620896513,-0.1108888506468,-0.2598010935717,0.1190621265406,-0.3648306004715,-0.4598434633291,-0.0648980276237,0.3519214921322,0.4668424220292,-0.3032856461750,-0.0445840246573,0.2441675793094,0.2530907666683,0.5411654353377,0.3460817771088,0.2512358328686,-0.0582164250790,0.2000921892577,-0.0772952553257,0.1449538560102,0.2398974648944,0.2723246382173,-0.3662742634932,-0.0770491806678,0.4431040149838,0.6180975966571
0.1626069908997,-0.1064508772948,1.0000000000000,0.0562252007775,-0.0577027597703,-0.2663363542883,-0.4085117773844,0.5654598983706,-0.2852576025551,0.3641950883228,-0.2622037598295,-0.0963905042956,-0.2541605694671,0.1299317401751,0.0773366263947,-0.1587081220340,0.0322756817602,0.4920424750267,0.2404541548631,0.5430257278084,-0.1044749014884,0.0825470525024,0.1674425126028,0.2624887143915,0.3868421049901,-0.1508758222613,0.0806458944967,0.5654148046831,0.2235758887212,-0.3792413213882,0.4164617096693,0.1915543560176,-0.1585018412399,-0.1624742662725,-0.1444113476305,-0.1933973610702,-0.0684607269808,0.5444086546315,-0.0180938092852,-0.1568257094676,-0.1772028693231,-0.4420757865750,0.3656519888644,-0.3481261416498,0.1894003072427,-0.3066731945606,-0.1260926966958,-0.2580371716964,-0.0203848603011,-0.1848178056065,-0.1764689733259,0.0440649803929,-0.0954665619084,0.1610664952467,0.1412239816600,-0.1036614326013,0.0456426448482,-0.0919569493179,0.0246551983546,0.1284187584365,-0.0108810268511,-0.0571869689611,0.2477499235686,0.0247420567135,-0.3019778514015,-0.0786448605052,-0.0547865138342,-0.1331923747578,-0.1600042146806,-0.2513485837618
0.1397322350171,0.4265935092557,0.0562252007775,1.0000000000000,0.2637044371338,-0.1051528978891,-0.0652722690680,0.0315189863055,-0.1640890142467,0.3329847023773,-0.0167361311167,-0.1832175305371,0.1287847181783,-0.2123889104737,-0.0403128887948,0.0804340085856,0.0996496786134,0.0664901638239,-0.1675209688831,0.0576915033573,0.2207102855621,0.1246458370795,0.4943999913288,0.0901312955495,0.4335278205878,0.3872767171929,0.2030482611124,0.1396849968078,0.1493681770121,0.0131504153146,0.1299661460748,-0.0885176433806,-0.0693684140888,0.1887972688124,0.3155828772276,0.1078462635682,0.4874987118684,0.2658200419929,0.7260838512766,0.2007279599856,-0.0872878923012,-0.1306193520951,0.1645312766693,-0.2388966985945,0.5046253019463,-0.0808244935207,-0.0381126605396,0.1709459716217,-0.1431254375728,-0.0504814691839,0.0484103111219,0.1146210378672,0.2385910384109,-0.1170606740425,0.0758678391617,0.2480911360023,0.0391284241359,0.4001331548163,0.0435963636662,0.5319543910015,0.3133017393271,0.1930325170351,0.3372620155497,0.1524978792850,-0.0128523999659,0.1597581795972,-0.1899211472585,-0.0922874294029,0.1316376600336,0.3550893949181
0.1194317622551,0.1995684927249,-0.0577027597703,0.2637044371338,1.0000000000000,-0.1334199327543,0.1780530356994,0.3285727502797,-0.2112023765600,0.2178351216059,0.5513686522431,-0.3075621366348,0.5770117068028,-0.2856423266157,-0.0454370020594,0.1254887167229,0.1520635106369,-0.0294464562792,-0.3193143447562,-0.1501968864641,0.7834701766749,0.2342094488551,0.2588102422190,0.0809866607189,0.5010157921453,0.2515233614420,-0.0433693426281,-0.0837869877521,0.4455649478155,0.0826612580215,0.1863738349538,-0.3751680106362,-0.1076819985399,0.1872514168906,0.1681945396457,0.2811025217057,0.2643947343429,-0.0547850196569,0.3388490210539,0.9190265539340,-0.2225159086091,0.1028330529776,0.3017653517302,-0.1004589142810,0.2694655996803,0.5592592191562,-0.3288742886654,0.4973243588348,-0.1866060878631,-0.0627434142589,0.0548295321075,0.1446330887892,0.1420911954353,-0.3082418712693,-0.1110171927448,0.7624660304900,0.0928475332059,0.3622312841095,0.1287685374447,0.5566365952394,0.2127272356235,-0.0059883601035,-0.0583138441393,0.4332481817361,0.0481075976287,0.0850946628372,-0.3541733996194,-0.0832692849444,0.1864251116276,0.2044219160316
-0.0913527425035,-0.1934123362855,-0.2663363542883,-0.1051528978891,-0.1334199327543,1.0000000000000,0.5468315277504,-0.2607938643177,0.7257962797305,-0.0719012929697,-0.0056271672710,0.4114167980821,-0.1271046239464,0.3048803440499,0.1718402322522,0.4671853230526,-0.1559205501949,-0.2626679941750,0.1693277461630,-0.2712317447563,-0.1749323417592,-0.2543485704501,-0.2922302178851,-0.3190376667027,-0.2789833850498,-0.1731538617065,-0.1080176590750,-0.1726778595495,-0.2586236253141,0.1031913432715,-0.2860997639096,0.1702336489478,0.4292168049930,-0.0506569049722,-0.0062463827999,-0.0403506292293,-0.1908207247747,-0.1443989348992,-0.1196386272904,-0.1189502608551,0.7062726556980,0.5985533730999,-0.3282043968988,0.6334054524857,-0.0819089774806,-0.0583224608022,0.3877937732029,-0.1058877355999,0.2010986357011,0.3415323891302,0.3239944994690,-0.2106167425627,-0.1441893341977,0.1650283327982,-0.0828827303254,-0.1759077551110,-0.2018523877584,-0.2039259900289,-0.1982499480978,-0.2071107307996,-0.0999496741827,-0.0818065027574,-0.1139274089283,-0.3232140410190,0.1327348964558,-0.1993937109059,0.3959072027203,0.2063640360651,-0.0416293448860,-0.0103280823644
-0.0511668790672,-0.1132029520181,-0.4085117773844,-0.0652722690680,0.1780530356994,0.5468315277504,1.0000000000000,-0.1917882788823,0.6241686250447,-0.1240540152374,0.4246572542797,0.3609078091443,0.4447210469640,0.1335506846361,0.2248768163823,0.5773437125177,-0.1811542653011,-0.2626549338048,0.1372996083869,-0.2613016014268,0.2163870707274,-0.2225809052023,-0.3638173336214,-0.3343379327273,-0.2196657726063,-0.0453849613296,-0.1259751993221,-0.3041135308306,-0.1451900333710,0.3772323827071,-0.3334966051767,0.0059056407556,0.4398879823518,0.0052029702019,0.0707042696472,0.1170735275674,-0.2026086650423,-0.3704911710403,-0.0270668121968,0.2465016540458,0.3876183870350,0.8261914732042,-0.2912453016252,0.5169807355669,-0.1642753261649,0.3935274559246,0.3145015171833,0.4011729898708,0.1085304104840,0.1911519541271,0.5274815925015,-0.2656787891814,-0.1766687830997,0.0364623009045,-0.1976846282855,0.2187874220896,-0.2998620566259,-0.2832366724155,-0.3093772993609,-0.1781529773843,0.0180115895011,-0.1493249169540,-0.2796373819420,-0.1796205418224,0.2643504329846,-0.2547237097551,0.2532524178521,0.2409935675271,-0.0291898020757,0.1031299729816
0.3197309762461,-0.2603401189418,0.5654598983706,0.0315189863055,0.3285727502797,-0.2607938643177,-0.1917882788823,1.0000000000000,-0.2130988922436,0.4236017138697,0.2985782649241,-0.1600687099586,0.0135075533897,-0.0323515312073,0.2756486763193,0.0232933705463,0.0389608071939,0.2406716339348,0.0403751840244,0.3338910150322,0.2321128811200,0.1262514169807,0.1503993487684,0.0340414256441,0.6364920525777,0.0482163053513,-0.0468263319022,0.3857078684995,0.3913938642913,-0.2925217961852,0.4476567504342,-0.1178554585285,-0.0985037847688,-0.1617681679852,-0.2712676683756,0.0298649755149,-0.2168929713854,0.2349913500102,0.0427939319115,0.2024558569945,-0.3247689116583,-0.3483551107779,0.7730172473318,-0.2410447448826,0.2463401517392,0.2496460183487,-0.2554653728648,-0.0154873651479,0.0836219334734,0.1320120627966,-0.1214678736020,0.0727234932930,-0.2956029415718,-0.1327357520158,-0.1599500442212,0.1385276198395,-0.0252673711333,0.0197386273515,-0.0219044384286,0.3590881043666,0.1275437395598,-0.3138522156328,0.1274918143572,0.3380406339554,-0.2080170073133,-0.0204066296741,-0.1417709767336,-0.0865919688459,-0.1234933570094,-0.3858639738025
-0.0619574507939,-0.2337181040469,-0.2852576025551,-0.1640890142467,-0.2112023765600,0.7257962797305,0.6241686250447,-0.2130988922436,1.0000000000000,-0.2799223860811,0.1385290958561,0.5112142391548,-0.1342770637307,0.3018283469108,0.3577274628668,0.4065788104184,-0.1648138743136,-0.2654847582917,0.3081850751115,-0.1850279260238,-0.1636188815212,-0.2930734938322,-0.3761137483341,-0.3175345202618,-0.3834765870063,-0.1448211763714,-0.0007281231792,-0.1909515596076,-0.2488686491351,0.1137362088363,-0.2720688650921,0.1280785554713,0.5197053818240,-0.1320657562195,-0.1191965048967,-0.0438605101578,-0.2950393522967,-0.2161388454995,-0.1480911273505,-0.1840001526047,0.5731219191578,0.5503512519511,-0.3561842324041,0.7552267461499,-0.2972726975844,0.0031628390565,0.4861636122564,-0.1564039336961,0.2366432137098,0.3818055399147,0.2889169638497,-0.2419350690245,-0.2562847672791,0.1772479953704,-0.2004388697409,-0.2080003191125,-0.2696294841826,-0.3261379176323,-0.3026892587116,-0.3411439764533,-0.0322979745479,-0.1364218333026,-0.1572157932089,-0.3124681662605,0.0542853302120,-0.2261761386100,0.4370639951858,0.2803754465603,-0.1523613316954,-0.1162716357658
0.1829336371735,0.0109882190760,0.3641950883228,0.3329847023773,0.2178351216059,-0.0719012929697,-0.1240540152374,0.4236017138697,-0.2799223860811,1.0000000000000,-0.1594072696208,-0.2153698474990,0.1376217518228,0.1120493923945,0.2050149901612,0.2074761659459,-0.0795984583202,0.1065391445070,0.1321398203520,0.2568221398206,0.1346495972563,-0.0259792642725,0.3324278654611,-0.0390218170446,0.5614043191998,0.1287162651851,-0.0599421267780,0.3758385473846,-0.0400167740028,-0.1480946853360,0.0519103913984,0.0083668792179,-0.0750950585407,-0.1275671059262,-0.1829036168658,-0.1334280419337,0.0683615124428,0.0919199929784,0.2291635265952,0.1104779698482,-0.1056590452640,-0.2043253938084,0.3232572333711,-0.3535102784562,0.8168830339151,-0.1337289110840,-0.1741104693523,0.1388136260393,0.2210250157412,0.0995658746109,0.1215609516018,-0.0502070097710,-0.1987930845634,-0.0208231294447,0.0394366022931,0.1935850394821,-0.1394938953039,0.1156901779844,-0.1100257559252,0.4395075791650,0.1248964633284,-0.2515018857375,0.2453862363040,-0.1641880655594,0.0196413078278,-0.2981797597626,-0.1582294004340,-0.0725262987887,-0.0402565018875,-0.1767469906181
0.0880201037622,-0.0859752158232,-0.2622037598295,-0.0167361311167,0.5513686522431,-0.0056271672710,0.4246572542797,0.2985782649241,0.1385290958561,-0.1594072696208,1.0000000000000,-0.1048921026510,0.4202809510576,-0.2582146015180,0.1162961077718,0.0871917266194,0.0794633652789,-0.2480222917011,-0.2378308268560,-0.2578078179371,0.5356623650704,0.1161126746942,-0.1458266668720,-0.0749245614470,0.0675096323042,0.3356445427897,-0.1708241206344,-0.0232515414650,0.1673776142151,0.1249318943845,-0.0663282801982,-0.3683044533890,0.0274946742877,0.1043534568492,0.1142817337707,0.3902424852329,-0.1438163008211,-0.2635331330951,0.1734626347334,0.5391943227481,-0.1589912504052,0.2462778000878,0.2303419866642,0.2842820156897,-0.2109883016768,0.9334948507695,-0.1596170342602,0.2799087654492,-0.1026404364867,0.1574036684929,0.0342854242956,0.0386619352304,-0.2060682765567,-0.2929218348604,-0.3467411214893,0.4265450793276,0.0319759850789,-0.0084527365004,0.0199111671960,0.0586967752218,0.3486102101526,-0.3250773424206,-0.0613045558367,0.3154668002849,0.0196657648860,-0.0620233975757,-0.1351587774164,0.0267934346457,0.1099998687430,0.0350802073545
-0.0767705916687,-0.2486170402317,-0.0963905042956,-0.1832175305371,-0.3075621366348,0.4114167980821,0.3609078091443,-0.1600687099586,0.5112142391548,-0.2153698474990,-0.1048921026510,1.0000000000000,-0.1700278166860,0.6886024439751,0.2915556430145,0.4126238396603,-0.3259498853829,-0.0586792765285,0.4881731979180,0.0734979767394,-0.2497845393416,-0.3377386441615,-0.3561465037848,-0.3771216252126,-0.3337945369741,-0.1906541366280,0.0214812128841,-0.0948847595266,-0.2043653075935,0.1872965761564,-0.1887625594893,0.5296493708212,0.3497642553667,-0.1133075379177,-0.0935800367469,-0.0294423212613,-0.2445743723520,-0.1096628576069,-0.1890034963334,-0.2388042375667,0.4913172506260,0.3286570822932,-0.1792567732303,0.4021136065978,-0.2328657722977,-0.1605982806486,0.7212015365087,-0.1387825754356,0.4540905376003,0.2961742754825,0.2945691165132,-0.3530836119939,-0.1328215925997,0.4958182534360,0.1745391842964,-0.2787064935771,-0.3437600890050,-0.3908808019724,-0.3874141150499,-0.3406553721216,-0.1213922024981,0.0980002975843,-0.1476539778127,-0.2656750019739,0.0745124203792,-0.1746975483906,0.6471102150796,0.1943719809174,-0.1693997864161,-0.1750045956535
0.1027162612119,0.1381619850867,-0.2541605694671,0.1287847181783,0.5770117068028,-0.1271046239464,0.4447210469640,0.0135075533897,-0.1342770637307,0.1376217518228,0.4202809510576,-0.1700278166860,1.0000000000000,-0.2552096269132,-0.0551032271456,0.2579095761199,-0.0264001116719,0.0091997626274,-0.2423998649983,-0.0545071586758,0.7041404002800,0.0588346601701,0.0188410879917,-0.0273395817733,0.1705695337864,0.1433313764518,-0.0414588656561,-0.2508053804508,0.1697129445764,0.2554369687338,-0.0379408875694,-0.2611709001969,-0.0458371040691,0.1637272254543,0.1993631284867,0.2290615034648,0.0776202010974,-0.3166056604236,0.1871143077008,0.6392078213106,-0.1301891205045,0.4118102733460,-0.0148830239205,-0.0685314195430,0.1511616760185,0.5437461425586,-0.2178715553384,0.9229584000662,-0.2282748418914,-0.1591453929928,0.2532817980759,-0.0551585987176,0.1023077334540,-0.2640171645173,-0.0729169401598,0.7683874270280,-0.0174724694850,0.0357842573183,-0.0115172275932,0.1606849794201,0.0542072989820,-0.0690357054578,-0.2966836977330,0.1749447787384,0.2520641711990,-0.0401358610779,-0.3309265652616,-0.0737365448484,0.1178046917185,0.2026813690767
-0.0536194608345,-0.2836982307824,0.1299317401751,-0.2123889104737,-0.2856423266157,0.3048803440499,0.1335506846361,-0.0323515312073,0.3018283469108,0.1120493923945,-0.2582146015180,0.6886024439751,-0.2552096269132,1.0000000000000,0.3745870616358,0.2975828435864,-0.2482542851638,-0.1037169099464,0.5737935781598,0.0954299957880,-0.3271277257671,-0.3113192419511,-0.2695472438979,-0.2988639195760,-0.1625830997904,-0.1913648522785,-0.0733054403656,0.1380956439861,-0.2350005599191,-0.0040808754795,-0.2418091313555,0.6626473782380,0.1613323841443,-0.1739195274090,-0.3464142497754,-0.1686135602477,-0.2583562498956,-0.0159677266842,-0.2667679555899,-0.2568421708619,0.4392045715606,0.1211009036070,-0.0886485752914,0.1576956758381,0.0005758966241,-0.2892172703585,0.4628019221812,-0.2342486282319,0.7203098827079,0.3378459390243,0.1871685731960,-0.2130812667170,-0.3401890238358,0.4670318190302,0.1124646058171,-0.3098135609417,-0.3160303529803,-0.3201638292259,-0.3358682198810,-0.2165704568088,-0.1348094489899,-0.0861186411205,0.0323500976962,-0.3199322273406,-0.0319786575670,-0.3067836814220,0.6657816688467,0.1709729546012,-0.2133489457428,-0.4109216163116
0.5404352225287,-0.3602641299452,0.0773366263947,-0.0403128887948,-0.0454370020594,0.1718402322522,0.2248768163823,0.2756486763193,0.3577274628668,0.2050149901612,0.1162961077718,0.2915556430145,-0.0551032271456,0.3745870616358,1.0000000000000,0.2115306652534,-0.3130967654536,0.0574133803843,0.6163577330602,0.3599903198099,0.0008157331198,-0.2957599422699,-0.2387643964079,-0.3466713496681,0.0589092680351,0.0444392365581,-0.0856342366829,0.2448938741464,-0.2272572594669,0.1316341841375,-0.1726711378600,0.1785523807437,0.3416280773746,-0.1618820357838,-0.2651511674884,0.0807728650347,-0.2607683150598,-0.2441119149856,0.0458163216937,-0.0894242513248,0.1577713443097,0.0067348322973,0.0804304186606,0.1825692341649,0.1414119700921,0.0340346319389,0.2304126623725,-0.1188386937082,0.5733821558847,0.6461282823285,0.1230385453715,-0.3140891378541,-0.3793683383810,0.2681908722978,0.0129241465311,-0.0539964779514,-0.2955899910586,-0.3104742949054,-0.3506176026389,-0.0714764102478,0.2140327871314,-0.3857777473705,0.0039706302857,-0.3555794420222,0.0363756326059,-0.4854474735312,0.2535236257030,0.3028219922276,-0.1736454607275,-0.3807284845550
-0.0397078613743,-0.0562803648873,-0.1587081220340,0.0804340085856,0.1254887167229,0.4671853230526,0.5773437125177,0.0232933705463,0.4065788104184,0.2074761659459,0.0871917266194,0.4126238396603,0.2579095761199,0.2975828435864,0.2115306652534,1.0000000000000,-0.1324555806592,-0.0989833755011,0.1329666943807,-0.1224364502222,0.1855721083251,-0.1330246484150,-0.1256856714160,-0.2431944370782,0.0361443517198,-0.0009093856576,-0.1591060341217,-0.1660210177200,-0.0099806522142,0.1762218413375,-0.1301833073577,0.0719003447460,0.3388531618560,0.0016616774869,0.0649721039529,0.0389296004461,-0.0098531474876,-0.1224712964641,0.1302344188323,0.1172086117620,0.3863434230523,0.4884743607187,-0.0567781552629,0.2765276522702,0.1716367714539,0.0477555315893,0.3114283518688,0.2734565749849,0.2587464085795,0.2198474088096,0.7122813110702,-0.1225541093982,-0.0913857419184,0.0277750482491,-0.0702772421025,0.1472671608784,-0.1847183707343,-0.0865340131005,-0.2026975892664,0.0376645202388,0.0771445002510,-0.1652505337357,-0.0991899552065,-0.1067635353307,0.1998752179365,-0.1314219123477,0.1702807201404,0.1967387219353,-0.0011024206286,0.0903817439589
-0.0480811538266,0.3955251095810,0.0322756817602,0.0996496786134,0.1520635106369,-0.1559205501949,-0.1811542653011,0.0389608071939,-0.1648138743136,-0.0795984583202,0.0794633652789,-0.3259498853829,-0.0264001116719,-0.2482542851638,-0.3130967654536,-0.1324555806592,1.0000000000000,-0.0068526494097,-0.2962479188475,-0.1332727491380,0.1327629005718,0.5332894592051,0.4447417931981,0.5906454929121,0.1463539772709,0.0593681239092,0.0700134381898,0.0354442954293,0.3711826763769,-0.0248700873167,0.2661476378349,-0.2700622976297,-0.1801019897081,0.2754591310187,0.2545872316141,0.0567687923908,0.3190330722931,0.0459754993457,0.0545336267162,0.1306772870492,-0.1875813211849,-0.2357940675746,-0.0451203071050,-0.2063613982601,-0.1488548962362,0.0466700827387,-0.3754030211124,-0.0541720708541,-0.2690478408274,-0.3675243485560,-0.2107693693417,0.8884196476584,0.0948177679455,-0.3902792381635,-0.2680593850724,0.0947281696392,0.4506389577200,0.5039990539232,0.5307302539842,0.2748251896131,-0.0162975814042,0.0026763941845,0.0713084095957,0.3425273359429,0.0290029835886,0.3462839838100,-0.3048444141420,-0.1634953469588,0.3228360398106,0.2802448770687
0.3391808485046,0.1519591412847,0.4920424750267,0.0664901638239,-0.0294464562792,-0.2626679941750,-0.2626549338048,0.2406716339348,-0.2654847582917,0.1065391445070,-0.2480222917011,-0.0586792765285,0.0091997626274,-0.1037169099464,0.0574133803843,-0.0989833755011,-0.0068526494097,1.0000000000000,0.1059866391130,0.6834046272828,0.1015886464202,0.1010989551181,0.1344643935693,0.3117929169096,0.1497567923091,-0.2448945705822,0.3876509129244,0.0820141196950,0.2277173494965,0.0850642791508,0.4794489749156,0.0166194898644,-0.1803744236518,0.1382701149847,0.2432654897247,0.1634519117102,0.1089370633604,0.1555554006081,-0.0003605106601,-0.0747621348717,-0.2141723281979,-0.2819282986901,0.0732027276206,-0.3147065695046,-0.0170626659591,-0.2030457950606,-0.2498962516564,0.0132754569656,-0.2332305125218,-0.2872791929587,-0.1135469030016,-0.0424648422286,0.4589956526421,-0.0297817495152,0.4008760230248,0.1318677089967,0.0878004840244,-0.0563515976716,0.1542401309153,-0.0739900555402,-0.2000048747093,0.2052792932703,-0.2866620369514,0.0502966888964,0.0869147117938,0.1590335093766,-0.2946077506134,-0.1292457800439,0.1364547120909,0.0738824812408
0.1951827854632,-0.2653218658351,0.2404541548631,-0.1675209688831,-0.3193143447562,0.1693277461630,0.1372996083869,0.0403751840244,0.3081850751115,0.1321398203520,-0.2378308268560,0.4881731979180,-0.2423998649983,0.5737935781598,0.6163577330602,0.1329666943807,-0.2962479188475,0.1059866391130,1.0000000000000,0.5403994017096,-0.3187587394726,-0.3733300273312,-0.2722133140160,-0.2509378452603,-0.2442480785717,-0.0644947262523,0.1388542790565,0.4060903461697,-0.3722764639499,-0.0196937884661,-0.2613818613945,0.4094957612271,0.2879864408240,-0.2312080079376,-0.2978723093617,-0.1310309782168,-0.2659284692383,-0.0694865630863,-0.2667560988268,-0.3223653853589,0.2457529939429,-0.0410859279667,-0.1909234352877,0.0074105344253,-0.0255483707020,-0.2991279172177,0.4369765933340,-0.2279799000435,0.5031438678345,0.3332836320788,0.0957918259532,-0.3262841439940,-0.3831567309211,0.6050141205100,0.1376194497233,-0.2970622512628,-0.4057969972985,-0.4517966336732,-0.4437909702350,-0.2896899746658,-0.0130611113303,-0.2152255900369,0.0755157682862,-0.5096726929934,-0.0018657168503,-0.5163479628303,0.4571121095596,0.1606374103052,-0.2757753091010,-0.3666859623862
0.4212320064358,-0.1438602521775,0.5430257278084,0.0576915033573,-0.1501968864641,-0.2712317447563,-0.2613016014268,0.3338910150322,-0.1850279260238,0.2568221398206,-0.2578078179371,0.0734979767394,-0.0545071586758,0.0954299957880,0.3599903198099,-0.1224364502222,-0.1332727491380,0.6834046272828,0.5403994017096,1.0000000000000,-0.0220931102881,-0.1258302055719,0.0238703762049,0.0735914008430,0.0765144792050,-0.0108725504092,0.3436544578926,0.4180543898770,-0.0530850409191,-0.1094869488819,0.2308210952918,0.1218673199275,-0.0936379391107,-0.0586677412002,-0.0471031927504,0.0266302412371,-0.1090660360907,0.1059785998666,-0.0609650484679,-0.2169413602128,-0.1841983138342,-0.3455373755278,0.1448358985185,-0.2937087895767,0.1176851285706,-0.2474710995381,-0.0128874304886,-0.0332707073873,0.0514455944814,0.0104834804730,-0.1383873066511,-0.1673347915520,0.0438752467792,0.3181326957932,0.4003061499646,-0.0291059348344,-0.1339358994111,-0.2319171682844,-0.1249107972808,-0.1341662556687,0.0197860523422,-0.0169066991194,0.0384105333990,-0.1904777341729,-0.0798971904932,-0.1620528655345,-0.1185966546100,-0.0618584185934,-0.1418855723959,-0.2359690787447
0.1982740153239,0.1551525491420,-0.1044749014884,0.2207102855621,0.7834701766749,-0.1749323417592,0.2163870707274,0.2321128811200,-0.1636188815212,0.1346495972563,0.5356623650704,-0.2497845393416,0.7041404002800,-0.3271277257671,0.0008157331198,0.1855721083251,0.1327629005718,0.1015886464202,-0.3187587394726,-0.0220931102881,1.0000000000000,0.2360842596790,0.1804242237315,0.1127712367881,0.3143598167653,0.2922336838099,-0.0376661618442,-0.1308140595333,0.3700919962245,0.1459596576073,0.1865039937239,-0.3968022902925,-0.1088077144024,0.2649623877673,0.3052239121017,0.4281406587936,0.2029026757935,-0.1797424876103,0.3826926271521,0.7282295032150,-0.2602053739341,0.1441979457779,0.1890330238043,-0.0380386689238,0.1729041666111,0.5612652310767,-0.2878512230902,0.5985558318929,-0.2550837679152,-0.0784632428169,0.0738362683034,0.1233817659090,0.2323065191692,-0.3111822716912,0.0194495358072,0.8931187170306,0.1706466962660,0.2427196158836,0.1976769567926,0.3141383661049,0.2547597477316,-0.0395562777594,-0.1394664766163,0.3099251970688,0.1089175638428,0.1018332383112,-0.4450524804950,-0.0763340982104,0.1943676385812,0.2451577621458
-0.0085611970277,0.3510903840277,0.0825470525024,0.1246458370795,0.2342094488551,-0.2543485704501,-0.2225809052023,0.1262514169807,-0.2930734938322,-0.0259792642725,0.1161126746942,-0.3377386441615,0.0588346601701,-0.3113192419511,-0.2957599422699,-0.1330246484150,0.5332894592051,0.1010989551181,-0.3733300273312,-0.1258302055719,0.2360842596790,1.0000000000000,0.3952191313918,0.8142498893743,0.1801902106533,0.0707384112962,-0.0214867376207,-0.0060666037664,0.4548073600855,0.0213565434569,0.4152105218164,-0.3463770803307,-0.1383599809157,0.2711798067973,0.3039259655014,0.1593385902531,0.3346606377971,0.0250373034059,0.2350688121257,0.2148798191783,-0.2781894596301,-0.2647635748044,0.0949655918619,-0.2601040812634,-0.0616398824985,0.0995039548768,-0.4515826398657,0.0215672642642,-0.3166425797778,-0.3284515763272,-0.1907020107757,0.6022094911915,0.2091744774485,-0.4728905774725,-0.1909466338521,0.1914274518200,0.8094547852080,0.5110665688037,0.7985157421348,0.2575645526662,-0.0248795444922,-0.0173130104438,-0.0391781781367,0.4097587291912,0.0641713749049,0.4233360920228,-0.4016747476449,-0.0714502070136,0.3551313215851,0.3001213011254
0.0550268206512,0.5598075530893,0.1674425126028,0.4943999913288,0.2588102422190,-0.2922302178851,-0.3638173336214,0.1503993487684,-0.3761137483341,0.3324278654611,-0.1458266668720,-0.3561465037848,0.0188410879917,-0.2695472438979,-0.2387643964079,-0.1256856714160,0.4447417931981,0.1344643935693,-0.2722133140160,0.0238703762049,0.1804242237315,0.3952191313918,1.0000000000000,0.4404619279295,0.4798043535160,0.0694266196491,0.0608392666952,0.0786685764366,0.3591595060345,-0.0551328623991,0.5066718521156,-0.2124108933074,-0.2251220788645,0.1964766554024,0.1890365609136,0.0300717719765,0.6437824513034,0.2064957887321,0.4082187986763,0.2533289337305,-0.2195419578854,-0.4163083590167,0.1864985510614,-0.4517497164962,0.4211518823869,-0.1747442978523,-0.3711935757782,0.0594753182473,-0.2898899109212,-0.3370993981207,-0.1835714883659,0.4561706617236,0.2549619179845,-0.2979054621103,-0.0819459549133,0.2065141903082,0.3157356581813,0.7982637741946,0.3649135891998,0.5893318153266,-0.0396552252640,0.1111504246617,0.1220358672747,0.3000823177886,0.0234380948715,0.3691307067860,-0.3770925713533,-0.2234184510268,0.2810636679573,0.2715228782336
-0.0367579205883,0.4559785060741,0.2624887143915,0.0901312955495,0.0809866607189,-0.3190376667027,-0.3343379327273,0.0340414256441,-0.3175345202618,-0.0390218170446,-0.0749245614470,-0.3771216252126,-0.0273395817733,-0.2988639195760,-0.3466713496681,-0.2431944370782,0.5906454929121,0.3117929169096,-0.2509378452603,0.0735914008430,0.1127712367881,0.8142498893743,0.4404619279295,1.0000000000000,0.1142124794470,-0.0625039951651,0.0976617318090,0.1136953789349,0.4570305351371,-0.0707812528797,0.4444685648288,-0.2723316414401,-0.2227851457203,0.2446947287645,0.2952812814433,0.1067291059162,0.3877915541715,0.1619302205808,0.1292588898857,0.0400813955482,-0.3087618355167,-0.3538782817662,-0.0379552015911,-0.3178148547409,-0.1255599819638,-0.0853623554733,-0.4632080203386,-0.0572584679022,-0.4095516921978,-0.4875850845280,-0.2666713641373,0.5880996203203,0.3063469205096,-0.3710270129968,-0.1032665840851,0.0961148755448,0.7243277218888,0.4540596220686,0.7814564844317,0.1198687118951,-0.1605896919775,0.0252891676002,-0.0401679864592,0.3508815752313,0.0060487279668,0.3945444697549,-0.4610553980421,-0.1145185839664,0.3233879857680,0.2680164661168
0.1961890518216,0.0927321369366,0.3868421049901,0.4335278205878,0.5010157921453,-0.2789833850498,-0.2196657726063,0.6364920525777,-0.3834765870063,0.5614043191998,0.0675096323042,-0.3337945369741,0.1705695337864,-0.1625830997904,0.0589092680351,0.0361443517198,0.1463539772709,0.1497567923091,-0.2442480785717,0.0765144792050,0.3143598167653,0.1801902106533,0.4798043535160,0.1142124794470,1.0000000000000,0.0576055749250,-0.0126490026404,0.1517829764125,0.5076841148126,-0.2170291725873,0.4209573808734,-0.1277588992591,-0.1625842056707,-0.0865774500637,-0.1014178911978,-0.0913602974797,0.1910877131374,0.3529405737983,0.3732896815552,0.3871398659536,-0.3155937631839,-0.2839295716739,0.6775163503740,-0.3737696737468,0.5752118751712,0.0799392708760,-0.3574160546530,0.1907854455606,-0.0222227249538,-0.0600518203160,-0.0572835346829,0.1826493155592,-0.0132203726617,-0.2730560058759,-0.1044087744156,0.3224076642517,0.0401118182437,0.3959978047369,0.0544416422920,0.8010344785645,0.0927810185760,-0.0295994200074,0.1827450908170,0.4518296780461,-0.2010976830607,0.1158010708312,-0.2732557516150,-0.1162432088677,-0.0538017250039,-0.1000550430217
0.0824540796787,0.1409655582103,-0.1508758222613,0.3872767171929,0.2515233614420,-0.1731538617065,-0.0453849613296,0.0482163053513,-0.1448211763714,0.1287162651851,0.3356445427897,-0.1906541366280,0.1433313764518,-0.1913648522785,0.0444392365581,-0.0009093856576,0.0593681239092,-0.2448945705822,-0.0644947262523,-0.0108725504092,0.2922336838099,0.0707384112962,0.0694266196491,-0.0625039951651,0.0576055749250,1.0000000000000,0.1277129506238,0.3186182336560,-0.1126143636664,-0.0938394864006,-0.2028636671810,-0.2783112997283,-0.0273395348810,0.0674519752967,0.2338639571851,0.1585175108702,0.1838414759313,-0.0496598649104,0.5005946188288,0.1599217509233,-0.2190761799831,-0.1614459441171,0.1236295822327,-0.0915204392477,0.1666435428703,0.2789208536211,-0.0195612435825,0.0612443805848,0.1194641563592,0.1324000011008,-0.0897212464917,0.0789579033983,-0.1380677342545,-0.0396348387113,-0.0651103887711,0.2035646761557,-0.0205951371920,0.1240567107545,-0.0484923327855,0.1643529575221,0.7694254279187,-0.0932298211278,0.4722683937014,0.0229973123861,-0.1892382961465,-0.1611489353282,-0.2226216080281,0.0039052824231,-0.0484832573764,0.1412168794983
-0.0314891053182,0.2427224688518,0.0806458944967,0.2030482611124,-0.0433693426281,-0.1080176590750,-0.1259751993221,-0.0468263319022,-0.0007281231792,-0.0599421267780,-0.1708241206344,0.0214812128841,-0.0414588656561,-0.0733054403656,-0.0856342366829,-0.1591060341217,0.0700134381898,0.3876509129244,0.1388542790565,0.3436544578926,-0.0376661618442,-0.0214867376207,0.0608392666952,0.0976617318090,-0.0126490026404,0.1277129506238,1.0000000000000,0.1053616948275,-0.0196460903616,0.0675393742526,0.1967268453083,-0.0004807907996,-0.0038392889362,-0.0017102312643,0.1464371520319,-0.0962922855136,0.1070312906395,0.0665471348364,-0.0245422074264,-0.0958978867921,-0.1405189504703,-0.2023068406846,-0.1094696996228,-0.1685368790563,-0.0931019229575,-0.1699836821006,-0.1407488058219,-0.0071476113414,-0.1282770062583,-0.2336671301950,-0.2005296001978,-0.0073422960504,0.2117195303190,-0.0220298134141,0.0562589612076,-0.0329341568569,-0.1258119229075,-0.0125551286131,-0.0838729426373,-0.0359304438111,-0.0674073860052,0.4415023910806,-0.0173820880432,0.0196257244410,0.0654842274210,0.1321749962132,-0.1143723296564,-0.1084617885518,-0.0736024390988,0.0801474068570
0.1683735247984,-0.0817530950395,0.5654148046831,0.1396849968078,-0.0837869877521,-0.1726778595495,-0.3041135308306,0.3857078684995,-0.1909515596076,0.3758385473846,-0.0232515414650,-0.0948847595266,-0.2508053804508,0.1380956439861,0.2448938741464,-0.1660210177200,0.0354442954293,0.0820141196950,0.4060903461697,0.4180543898770,-0.1308140595333,-0.0060666037664,0.0786685764366,0.1136953789349,0.1517829764125,0.3186182336560,0.1053616948275,1.0000000000000,-0.1370977563230,-0.4171148660694,-0.0091876566125,0.1453911782161,-0.1102294041028,-0.2019460121461,-0.2276582495554,-0.0763346893323,-0.0474247487956,0.1975018317409,0.0614477324411,-0.1888864274896,-0.2182728604450,-0.4178399988506,0.1457467849711,-0.2714642679308,0.1869742534480,-0.0986648138888,-0.0500055504209,-0.2854392252307,0.1772568519606,0.0754948851580,-0.2100043954661,0.0353734008209,-0.4253391115097,0.1722290926493,-0.0319103962975,-0.1640232020120,-0.0476809217466,-0.1297426110019,-0.0687609263208,-0.0096478606400,0.2501026583598,-0.3919923563572,0.5746148979299,-0.1982770357634,-0.3032455444166,-0.3841643166005,0.0444329387392,-0.1063878209892,-0.1825404713444,-0.3426002619247
0.0041395887640,0.1559606197167,0.2235758887212,0.1493681770121,0.4455649478155,-0.2586236253141,-0.1451900333710,0.3913938642913,-0.2488686491351,-0.0400167740028,0.1673776142151,-0.2043653075935,0.1697129445764,-0.2350005599191,-0.2272572594669,-0.0099806522142,0.3711826763769,0.2277173494965,-0.3722764639499,-0.0530850409191,0.3700919962245,0.4548073600855,0.3591595060345,0.4570305351371,0.5076841148126,-0.1126143636664,-0.0196460903616,-0.1370977563230,1.0000000000000,-0.1197288112051,0.5488219694817,-0.1725481041044,-0.2106447071879,0.0876541280638,0.1618050249267,0.0915965178860,0.2276979900904,0.2973937309898,0.1818943442337,0.4051721057006,-0.2550099993345,-0.1414520888153,0.3832046394582,-0.2006838956659,-0.0419353039055,0.1725871566861,-0.3221915914432,0.1688216241227,-0.3243989479101,-0.3480259570630,-0.1011106425483,0.4300162455708,0.2281229038586,-0.3843205285416,-0.1717547514119,0.3278145303506,0.3966267976995,0.4059698123240,0.4188414497711,0.4254622504102,-0.0902389264378,0.1162804724378,-0.0985808924602,0.8158934667132,-0.1592490200745,0.4822476286873,-0.2599119403870,-0.1372500184751,0.1117606085529,0.0929519251919
0.1194592730864,0.2767941812316,-0.3792413213882,0.0131504153146,0.0826612580215,0.1031913432715,0.3772323827071,-0.2925217961852,0.1137362088363,-0.1480946853360,0.1249318943845,0.1872965761564,0.2554369687338,-0.0040808754795,0.1316341841375,0.1762218413375,-0.0248700873167,0.0850642791508,-0.0196937884661,-0.1094869488819,0.1459596576073,0.0213565434569,-0.0551328623991,-0.0707812528797,-0.2170291725873,-0.0938394864006,0.0675393742526,-0.4171148660694,-0.1197288112051,1.0000000000000,0.0270449876221,0.0296096376981,0.2555597209187,0.4575983224098,0.3835626784951,0.2496966922675,0.1238862297701,-0.2894763355166,0.0871042524726,0.1494226565510,0.2112456168235,0.2574587310957,-0.2636367992133,0.0756933888251,-0.1335357797504,0.1256637856146,0.0726491489049,0.1792663232394,0.0677968467341,-0.0088399266093,0.2627275966728,-0.1317574056782,0.2911132959307,0.0139286407394,0.0691118155675,0.1777656175154,-0.1117000846267,0.0225134043948,-0.0755613543238,-0.1064540607721,-0.0444805134836,0.1971628862960,-0.3407074540735,-0.1246135752683,0.6917710307330,0.0853834362282,0.0270021906395,0.2003654145400,0.4766436096312,0.4762569497507
0.1337646955321,0.1755927308596,0.4164617096693,0.1299661460748,0.1863738349538,-0.2860997639096,-0.3334966051767,0.4476567504342,-0.2720688650921,0.0519103913984,-0.0663282801982,-0.1887625594893,-0.0379408875694,-0.2418091313555,-0.1726711378600,-0.1301833073577,0.2661476378349,0.4794489749156,-0.2613818613945,0.2308210952918,0.1865039937239,0.4152105218164,0.5066718521156,0.4444685648288,0.4209573808734,-0.2028636671810,0.1967268453083,-0.0091876566125,0.5488219694817,0.0270449876221,1.0000000000000,-0.1209374624047,-0.1962313366425,0.1282337828936,0.1597710723401,0.1011083798314,0.2332168150269,0.3294454983193,0.1325875913745,0.1626204130448,-0.2422168556190,-0.3796258552133,0.3839357745722,-0.2906325898837,0.0490561487978,-0.0957695536493,-0.3598554198108,-0.0315390023067,-0.3052102733842,-0.3595058233968,-0.2010286337140,0.2569182490424,0.3892527461793,-0.2258839072335,-0.0147835879940,0.1138457388836,0.2817468400236,0.4335889754230,0.3060792375399,0.2929618735334,-0.1640984295962,0.2536819685871,-0.0671501095035,0.4559171464257,0.0632455193396,0.6209445628573,-0.3111029595918,-0.2188930816722,0.2289897446845,0.1503501132930
-0.0652001514737,-0.2260939263336,0.1915543560176,-0.0885176433806,-0.3751680106362,0.1702336489478,0.0059056407556,-0.1178554585285,0.1280785554713,0.0083668792179,-0.3683044533890,0.5296493708212,-0.2611709001969,0.6626473782380,0.1785523807437,0.0719003447460,-0.2700622976297,0.0166194898644,0.4094957612271,0.1218673199275,-0.3968022902925,-0.3463770803307,-0.2124108933074,-0.2723316414401,-0.1277588992591,-0.2783112997283,-0.0004807907996,0.1453911782161,-0.1725481041044,0.0296096376981,-0.1209374624047,1.0000000000000,0.0101153033964,-0.0187786106020,-0.1333276967056,-0.2026326826745,-0.2331586449775,0.1072383036818,-0.1969297883814,-0.3202720982615,0.3990027749488,0.0476310190216,-0.1205253917328,0.0643207072830,-0.0088827961246,-0.3916548326968,0.4383890620994,-0.1819026182781,0.3639864394477,0.1530327234885,0.1140825096411,-0.2618504273778,-0.1478389046419,0.4838539392598,0.2055119232667,-0.3219201395843,-0.3081493646067,-0.3324202655246,-0.3517516821243,-0.2070323598237,-0.2275977537624,0.1087407512605,0.0767125070373,-0.2604103484816,-0.0852260725385,-0.1676469303278,0.7346208344103,-0.0096415320563,-0.1068994990326,-0.2525791063466
-0.0095536361016,-0.0744296998853,-0.1585018412399,-0.0693684140888,-0.1076819985399,0.4292168049930,0.4398879823518,-0.0985037847688,0.5197053818240,-0.0750950585407,0.0274946742877,0.3497642553667,-0.0458371040691,0.1613323841443,0.3416280773746,0.3388531618560,-0.1801019897081,-0.1803744236518,0.2879864408240,-0.0936379391107,-0.1088077144024,-0.1383599809157,-0.2251220788645,-0.2227851457203,-0.1625842056707,-0.0273395348810,-0.0038392889362,-0.1102294041028,-0.2106447071879,0.2555597209187,-0.1962313366425,0.0101153033964,1.0000000000000,-0.1352934630249,-0.0924471283811,-0.1138825309599,-0.1491485581538,-0.2167746018367,-0.0921704088075,-0.1124400972207,0.3397675568769,0.2770451328130,-0.2124175584116,0.2556292007060,-0.1118004086335,-0.0539017591475,0.2794364281907,-0.0560657892576,0.2803324462409,0.2688098873432,0.2035337557414,-0.2173247897637,-0.2377902219592,0.1190429685425,-0.2104568770478,-0.1230699113415,-0.2190443786889,-0.2441264466051,-0.2634099604692,-0.1790023528265,-0.0016775917190,-0.1933434641563,-0.1672739910785,-0.3102273476176,0.1782759280066,-0.2426542974646,0.2228243907118,0.5578495303892,-0.1517927193534,-0.0617059384821
-0.0316809413222,0.4002524604345,-0.1624742662725,0.1887972688124,0.1872514168906,-0.0506569049722,0.0052029702019,-0.1617681679852,-0.1320657562195,-0.1275671059262,0.1043534568492,-0.1133075379177,0.1637272254543,-0.1739195274090,-0.1618820357838,0.0016616774869,0.2754591310187,0.1382701149847,-0.2312080079376,-0.0586677412002,0.2649623877673,0.2711798067973,0.1964766554024,0.2446947287645,-0.0865774500637,0.0674519752967,-0.0017102312643,-0.2019460121461,0.0876541280638,0.4575983224098,0.1282337828936,-0.0187786106020,-0.1352934630249,1.0000000000000,0.6144164901115,0.2931492452639,0.3236234182893,-0.0467665740552,0.2349700274673,0.2102823548923,0.0875860985405,-0.0219263267157,-0.1704912848695,-0.0574994906146,-0.0567367817412,0.0570157961933,-0.0882803817532,0.1510503715861,-0.2020478082121,-0.1160091101344,0.0389247966437,0.2138970358318,0.4355006431908,-0.0985677220592,0.1482929258200,0.3138087151329,0.2250833210388,0.2551724233203,0.2724580671830,0.0565100976761,0.0641625009997,0.1789946053229,-0.1251212471965,0.1148439401884,0.2886833990842,0.2684789628813,-0.1393604709162,-0.0611221988823,0.7745414638763,0.5473505965646
