1.0000000000000,0.4396353037674,0.1333729945953,0.5609946671311,0.2851686858507,-0.2513258273763,0.2166554866492,0.2779917224991,0.2594373427705,0.2120933611914,0.5553375113226,0.1849767533685,0.2559433412733,0.1941905799213,0.2957371756905,0.1678182733718,0.3679924400584,0.5076017631271,0.1992786355502,0.5585201648317,0.5006292384934,0.4589263430576,0.4953532806660,0.1988541623442,0.3126868471204,0.3661855998386,0.2391819514863,-0.1622713283804,0.4662354120430,0.5440031354013,0.6346951506410,-0.2322952257106,0.0395539343429,0.4087823383176,0.3998675038319,0.5689515300079,0.5831113674635,-0.1972281621485,0.3885653067900,0.2415615343074,-0.1698858125530,0.1371099055589,0.0502225734161,0.0216539878462,0.0917700470576,0.5121580072265,0.3669760636116,0.1263409050835,0.1872893300381,0.1011935286584,-0.0289130023828,0.2823351494332,0.2691263329874,0.2153991594868,0.3334846309021,0.3484444372006,0.0790689596492,0.3791772426609,0.1989121934176,0.2462701738436,0.4925259813106,0.1780171010593,-0.3374329731063,0.3673066835976,0.1472164315020,-0.0648220592533,-0.2113537945908,-0.0876314596913,0.0315203200887,0.3086035107165
0.4396353037674,1.0000000000000,-0.0993863932077,0.5574659708427,0.4047567253130,-0.0952801497315,0.1324052983971,0.0785324830237,0.0309947607045,0.2464609425461,0.4089836626700,-0.0840004233465,0.2439773574225,0.1211605483048,-0.0698060796873,0.1063017756219,0.2610545423765,0.4613665696179,-0.1194849381333,0.2413700780859,0.4548196168970,0.2994110206483,0.4165642665281,0.1498106355765,0.2756613010737,0.4614615057646,0.2044342066154,-0.0928899720876,0.2500709284135,0.3153606375642,0.4772173522577,-0.0134021588789,0.0974571014240,0.5264273382094,0.5854032174235,0.3689038696360,0.8256331751863,-0.1092780625678,0.4118446243700,0.3433418402324,-0.0497680064889,0.1035306792815,0.0578337402003,-0.2494325439104,0.2265299290026,0.3125928294260,0.1159807998187,0.1500298143877,0.0631954548481,-0.1118077483857,0.0465475697620,0.2032499583438,0.3481968965460,-0.0818002104372,0.2239109373400,0.3582279678140,0.2125719438074,0.3575320438067,0.3512899576884,0.3330741287914,0.3756441123321,0.1815143822747,-0.1021761086076,0.2135676514336,0.0712985972676,0.0614404480572,0.1188862891897,0.0613323339303,0.2623770070246,0.6031076407276
0.1333729945953,-0.0993863932077,1.0000000000000,0.0514001128550,0.0751869575452,-0.1904469821770,-0.4212902181673,0.5948584568620,-0.2459465031321,0.0943376016390,-0.1173371426743,0.2337509740382,-0.2797268062183,0.1180047013668,0.2035081712047,-0.3848161764900,0.1614759158097,0.1699193915975,0.2950478516441,0.2428634246190,-0.0539729469330,0.3533252232066,0.1387648553143,0.6748711485003,0.2619484106081,0.0645567900973,0.4851367361205,0.5905051395009,0.3515371962269,-0.0711061047189,0.3093035674106,0.1494067818636,-0.2680363162891,-0.0916614514592,-0.0930933484838,-0.0066557769290,-0.0696529250608,0.5710755590336,0.1697034346426,-0.0307071184147,-0.1711334313565,-0.4381659125811,0.3333733490664,-0.1684929462271,-0.0268340871628,-0.1564173462054,-0.1576811541044,-0.2487205799188,-0.0369216916989,-0.0451852659992,-0.3799114821246,0.2522163528570,-0.0207095084621,0.0520664083459,-0.0664232317510,-0.1677874487292,0.3107723641584,0.1783184927419,0.1791009315313,0.0920400875097,0.0825433202268,0.2413604487913,0.4397276911120,0.3448570675386,-0.1592938240021,0.1945058651881,-0.0108069711709,-0.0186402145612,-0.1112858839634,-0.2949553005113
0.5609946671311,0.5574659708427,0.0514001128550,1.0000000000000,0.4903806964108,-0.1373599461459,0.3844327481355,0.3472167914322,0.1730703511913,0.7247316744582,0.5048181713774,-0.0608381703285,0.5200249802540,0.0383713446253,0.0520898986206,0.4610650310270,0.4278332580408,0.4172403847719,-0.0635197764167,0.2587592787774,0.6126905156289,0.3922179904757,0.7609745651758,0.1820458300030,0.6363872300789,0.4202279639545,-0.1167843711129,-0.2982666427182,0.4950319108786,0.5141353776050,0.5159589025474,-0.2173286678921,0.0633107094737,0.5536101473759,0.4194366892256,0.4819578662264,0.5566477860929,-0.1491006598043,0.7447286178833,0.4804581162621,-0.0671939240719,0.2412638818860,0.1903272242964,-0.1830013224394,0.6429038868278,0.4890265716586,0.2200530970671,0.4752367689682,0.1279157394006,0.0539832685170,0.2674395912250,0.3367372447462,0.3010983985310,0.0850253163316,0.3132208024529,0.5955723968773,0.1079658440666,0.6955302437984,0.2009863070869,0.6999975280708,0.3786106510689,0.0120033033227,-0.4189673449055,0.4662821465498,0.2809330563857,0.0666257894722,-0.1615497925917,-0.0939361419275,0.3159138295522,0.4144279219539
0.2851686858507,0.4047567253130,0.0751869575452,0.4903806964108,1.0000000000000,0.0405000574773,0.2459407342985,0.3430467875367,-0.0078068973029,0.4616220628529,0.5666839657302,-0.2001737857892,0.5590810376876,-0.0716992958223,-0.0842809805138,0.0955924532771,0.1318858538632,0.3023600495180,-0.1642020925120,-0.0207473218245,0.7578369344535,0.1990815945152,0.3481227061793,0.2299058338929,0.4712490375807,0.1484680513188,-0.0345218245167,-0.1995024016201,0.5035851605337,0.1941535068118,0.3534957895471,-0.1748755539740,0.1589246322978,0.3593110611984,0.3484763164132,0.3139678527316,0.3585902890071,0.0537800463681,0.5221703895910,0.8632783086894,0.0549782259967,0.1585381760587,0.4782930647929,-0.1841959932857,0.4964884742675,0.5575208790296,0.0165695957399,0.5003163368227,0.0193233727674,-0.0498745006882,0.2464683549335,0.1862200346845,0.2888860616373,-0.0118385795326,0.0616012844389,0.6068481277133,0.1944744937939,0.3282797974989,0.2703276470614,0.5640078534062,0.0928217730979,0.0408928037279,-0.2032360659473,0.5198087011607,0.1083840967589,0.2685994255366,-0.0674346318061,0.1070943148701,0.2098835533530,0.4106880868163
-0.2513258273763,-0.0952801497315,-0.1904469821770,-0.1373599461459,0.0405000574773,1.0000000000000,0.3651301312093,-0.2252694547136,0.2880653071785,-0.1696816212082,-0.1477649158855,-0.0932761876540,0.0070475761215,-0.1455603545484,0.2104784920009,0.2684949823757,-0.2588482675746,-0.3282956595693,-0.0601704888206,-0.3431738654576,-0.1459229287552,-0.4035340120258,-0.2256051586904,-0.2088214679826,-0.1915378161727,-0.2085265904888,-0.1913071400280,0.0186273062558,-0.2218684806369,0.0199130013777,-0.2201010046185,0.0704597578434,0.6681607634680,0.0365808056587,0.1542788213624,-0.1431356077660,-0.1874883754456,-0.0314369351574,0.1392044808484,0.1478869702214,0.8351826818633,0.3381394206211,-0.0216506244034,0.4377744363632,0.0632722039889,-0.1102901498031,-0.0791018123889,0.0610640231354,-0.1191644439552,0.2130973958391,0.5433705908591,-0.1994781327509,-0.2046356117729,0.0284177316108,-0.2824415362069,-0.1209278836654,-0.2836828816029,-0.1607204775511,-0.2577649624122,-0.0891602582714,-0.2525185137205,-0.2376987186718,0.0540085155905,-0.1956523674830,0.1184682974060,0.0074229534590,0.1563805251811,0.5999892722150,0.0677181981861,0.1784150259587
0.2166554866492,0.1324052983971,-0.4212902181673,0.3844327481355,0.2459407342985,0.3651301312093,1.0000000000000,-0.2404060060328,0.6150955588145,0.3313253451548,0.4264846233064,-0.1330962750152,0.6775756756825,-0.1373407704911,0.1258498794138,0.7395171976089,0.1635865994341,0.0645887697229,-0.1145104334878,-0.0174852080307,0.4317816602115,-0.0234381134357,0.3114684611589,-0.2777454891565,0.1364196461550,0.0499078404912,-0.4384383678143,-0.4932199478925,0.0608152486161,0.4248663426614,0.0915729770055,-0.3749670757186,0.4841321410551,0.3469279922490,0.1982513881037,0.1071503518629,0.1416195558808,-0.4868646647366,0.3043321711162,0.3017692450691,0.3488378646154,0.8117586247411,-0.2529340924424,0.3455545732002,0.4170911202218,0.4455945529834,0.2770704105306,0.6603942757053,0.0466959671407,0.0997727391498,0.7064566210766,0.0506090165715,0.0212947265671,0.0957648747873,0.0777362182511,0.5131309495333,-0.2157233753769,0.2112837361029,-0.0624897966996,0.2483801807690,0.0352809217770,-0.3626792729089,-0.5954159926217,-0.0030583108760,0.3258285461861,-0.1611609090998,-0.2253742360146,0.1516725317438,0.1181877991774,0.3183451161570
0.2779917224991,0.0785324830237,0.5948584568620,0.3472167914322,0.3430467875367,-0.2252694547136,-0.2404060060328,1.0000000000000,-0.1223837745427,0.3327467857244,0.1692539162628,0.0737584550187,-0.0761451084651,0.1601285226483,0.1128359641267,-0.0878787424802,0.3613248665133,0.1574103407384,0.0336745659520,0.1068001460157,0.1472032986539,0.4626040271488,0.3946976476320,0.4993438019815,0.6419275273580,0.1170038664693,0.2108985279952,0.2474497993253,0.6798941417218,0.0949070603622,0.5528937015017,0.1376970467166,-0.1660169546623,0.1440045552511,0.0713226805099,0.2567486170757,0.1427918887266,0.2610715413215,0.3672142243520,0.2659624326412,-0.1700644411890,-0.3323877408306,0.6180815740375,-0.1817629964218,0.2493980917235,0.1419067205897,-0.0361423135976,-0.0940142355064,0.1614600726195,0.0939604511562,-0.1903482674754,0.3865632456407,0.0891140446642,0.0049980499769,0.0297145697418,0.0227890171145,0.2954211469598,0.3702784232676,0.1157825046772,0.4781413749419,0.1282824356881,0.1082868846664,0.1204144754814,0.6668324551568,0.0534898154611,0.3510366220811,0.0552180545612,-0.1376265367840,0.0702263043980,-0.0298976827394
0.2594373427705,0.0309947607045,-0.2459465031321,0.1730703511913,-0.0078068973029,0.2880653071785,0.6150955588145,-0.1223837745427,1.0000000000000,-0.0014997392221,0.2511488998624,0.2187616252255,0.2622673154784,0.2064078765866,0.5260669421215,0.6321202815247,0.1115685377188,-0.0163951350605,0.2522848221579,0.1878392391774,0.1761400437052,-0.0025900775689,0.0242227731887,-0.3093361224980,-0.0098332737142,0.2230633099471,-0.1305836632460,-0.1814163744740,-0.0118735349784,0.4407440900759,0.0518331606462,-0.3392856662879,0.3660452915090,0.2201849311571,0.0027733581352,-0.0687562350128,0.0476641167213,-0.3443319541165,0.0224923636595,0.0320044929566,0.0630972181411,0.4646433935270,-0.4070810538989,0.5137590020872,-0.0467610438480,0.1957498225194,0.3864764065540,0.1791806916864,0.2946270981970,0.2009173068007,0.3748566006520,-0.0760640205216,-0.1751221010007,0.2440228490013,0.0270571532235,0.1567625746068,-0.2623907053034,-0.1472838939825,-0.1905448910797,-0.0780279278619,0.2797568615881,-0.2145820228889,-0.3939958007185,-0.1309552137318,0.1050376573112,-0.4151116980187,-0.2814175383162,-0.1173072457971,-0.1088452024670,0.0919972717893
0.2120933611914,0.2464609425461,0.0943376016390,0.7247316744582,0.4616220628529,-0.1696816212082,0.3313253451548,0.3327467857244,-0.0014997392221,1.0000000000000,0.3359964863871,-0.2631158987817,0.5314499157936,-0.0954364237056,-0.1517582241584,0.4285748679726,0.3804531866783,0.2202339388352,-0.2012891216971,0.0049441419777,0.5343419971850,0.3424426133010,0.7135338694172,0.1442397583362,0.7278871562892,0.2539209454575,-0.3432304980458,-0.2902680156799,0.3771880599808,0.2582163938239,0.2617109517333,-0.1989114383905,-0.0315171050194,0.4316004873856,0.1925545920656,0.3216191432588,0.2114550257804,-0.0730115290950,0.6003893064011,0.4347602539123,-0.0966675144201,0.1917230122419,0.2200168673234,-0.2788928080812,0.8345663882566,0.3560349034766,0.0027024119971,0.5462877009450,0.0352204207905,0.0204538715528,0.2517843743813,0.2907330714643,0.1639727193056,-0.0790944384109,0.1429233002297,0.5793409423651,0.1458811999224,0.6353136238030,0.1368900856224,0.7587422978129,0.1696040879834,-0.1646906983936,-0.3645967340682,0.3561324167087,0.2415251802566,0.1068539622488,-0.1644640448086,-0.1503474574146,0.2696643693156,0.2265416556628
0.5553375113226,0.4089836626700,-0.1173371426743,0.5048181713774,0.5666839657302,-0.1477649158855,0.4264846233064,0.1692539162628,0.2511488998624,0.3359964863871,1.0000000000000,-0.0017671624967,0.5719602462899,0.1075669942043,0.1534699065047,0.2271066927426,0.1889234765141,0.4014144827193,-0.0276425599135,0.2378169597879,0.7437912894330,0.2131461745104,0.3243988855353,0.0214599089804,0.2282665706630,0.2503189795351,0.0403740464193,-0.2510663947335,0.3942098953771,0.3578509426643,0.3812708115444,-0.1664618767955,-0.0520359453416,0.4565503319646,0.3737913918275,0.5023636686039,0.3949901707076,-0.2494539564001,0.3544387895008,0.5664188701272,-0.0824114528572,0.2582578837255,0.1400304814805,0.0614041515193,0.2625050015055,0.9043961053228,0.2127542123918,0.4774030841873,0.1122431305974,0.0800409087370,0.1632938709303,0.1591788039940,0.3056832462484,0.0654208308395,0.2564529114805,0.6203437678866,0.0885064593001,0.2724288219339,0.1822107069247,0.2568984291001,0.2564950113100,0.0560866942976,-0.3379391778222,0.3184477776975,0.0804539803460,-0.0048126034396,-0.1653633943243,-0.1706474659074,0.2767360032149,0.3843912674769
0.1849767533685,-0.0840004233465,0.2337509740382,-0.0608381703285,-0.2001737857892,-0.0932761876540,-0.1330962750152,0.0737584550187,0.2187616252255,-0.2631158987817,-0.0017671624967,1.0000000000000,-0.1933408199249,0.4625687528650,0.4236442801250,-0.1191064393840,-0.0068226201973,-0.0986216402590,0.6241958315158,0.3027998801704,-0.1551635757536,0.0673947195801,-0.1670888262884,0.1252106542831,-0.1101313634206,0.3232032163651,0.5106233315223,0.4535193070962,0.0673689885730,0.1985608861142,0.0627349460144,-0.1761133933679,-0.1551576645753,-0.1909531631229,-0.1610718504368,-0.0113515137372,0.0073476181355,0.0597702642524,0.0197263130566,-0.2092889693630,-0.2421919740764,-0.2282138265566,-0.0499261048285,0.2794231981624,-0.2943122907582,-0.0243368002672,0.5918893914045,-0.2137940203455,0.5299057854260,0.2380591814761,-0.2298322206163,0.0936430358980,-0.1091754668120,0.6043933094084,0.1860792611698,-0.1677867592098,0.0034673409673,-0.0723446928457,-0.0514340706721,-0.2193183861005,0.3053432966957,0.2733793632060,0.2831920773362,0.0292507532721,0.0570354560605,-0.0547199427599,-0.2056086476247,-0.1819254406646,-0.0661963052788,-0.3024020968561
0.2559433412733,0.2439773574225,-0.2797268062183,0.5200249802540,0.5590810376876,0.0070475761215,0.6775756756825,-0.0761451084651,0.2622673154784,0.5314499157936,0.5719602462899,-0.1933408199249,1.0000000000000,-0.0373995221147,-0.1476615687011,0.5312817596009,0.1803470334307,0.2657705124290,-0.1695027571837,0.0667570935290,0.7126241206100,0.1183470692741,0.3785133501312,-0.1121189814395,0.2470382372834,0.0554643079770,-0.4337791483120,-0.5327665072541,0.2083824098118,0.3987175423491,0.1680972601233,-0.3878227390778,0.1852392355421,0.3952293356221,0.1895995536561,0.1728990555774,0.2337047724693,-0.3232733376585,0.3974849059594,0.5426195692124,0.0324581677595,0.5869852979197,-0.0857528385768,-0.1145009028742,0.5419235290219,0.6181352975510,0.2227030385652,0.9169253135004,0.0834561417849,-0.1736472216950,0.5194809150483,0.1128316404181,0.2286816966112,0.0783249902358,0.1611068959109,0.7645035496662,0.0044095589450,0.3048573963423,0.1517159733015,0.3881175654337,-0.0188206173480,-0.2281662104906,-0.6014814985969,0.1717710712751,0.2833701278684,-0.0355252939029,-0.1751955370237,-0.0286785979101,0.1417887062802,0.3425892290676
0.1941905799213,0.1211605483048,0.1180047013668,0.0383713446253,-0.0716992958223,-0.1455603545484,-0.1373407704911,0.1601285226483,0.2064078765866,-0.0954364237056,0.1075669942043,0.4625687528650,-0.0373995221147,1.0000000000000,0.3193886025077,-0.0144686959535,0.0454591254936,0.0070066793803,0.4220708521808,0.1816691714767,0.0089118956397,0.1044606121907,-0.0106537555481,-0.0264627491905,0.0642503614769,0.4479708604905,0.2199329656184,0.3113281302851,0.0377825640111,0.2049347506396,0.0535924094492,0.1581333133783,0.0550025775559,0.0410191104239,-0.0238539867346,0.0123218357192,0.0802711146468,0.0150518128870,-0.0429650756700,-0.0845371646762,-0.2160900237662,-0.1113528859058,-0.1664665030916,-0.0156074374494,-0.2237892229702,0.0040029069286,0.4050905230841,-0.1652073987171,0.6520380751345,0.1202657828217,-0.1702667431793,-0.0087589237221,-0.1470292877057,0.3067845940275,-0.0318132860570,-0.1057440281590,-0.0136658647977,-0.1021529239243,-0.1145773177965,-0.0964445674046,0.2929190930549,0.0680854743141,0.1641654553818,-0.0310344284378,-0.0574994272922,-0.2020809419516,0.2035554633080,-0.0447833999923,-0.1653906324320,-0.0171471919090
0.2957371756905,-0.0698060796873,0.2035081712047,0.0520898986206,-0.0842809805138,0.2104784920009,0.1258498794138,0.1128359641267,0.5260669421215,-0.1517582241584,0.1534699065047,0.4236442801250,-0.1476615687011,0.3193886025077,1.0000000000000,0.1285012721562,-0.0842202176979,0.0502097357223,0.5140247451397,0.2583409973000,-0.0414343709555,-0.0246208762985,-0.1249207798432,0.0224418324902,-0.0161053517153,0.2891767504323,0.3460783711326,0.3713332448276,0.0057376026448,0.3964574578927,0.0458652596949,-0.0211034233586,0.1340223319744,0.0510082309823,0.0126772167366,0.1280564365251,-0.0382554851869,-0.0365835819464,0.0738885050145,-0.0617434844672,0.0821108181605,-0.0077450968559,-0.0671094228308,0.4430276415994,-0.2007172994617,0.0687218066831,0.2510447999557,-0.2021838598669,0.2621895334919,0.5029227603251,0.0164313876958,-0.1254803716348,-0.1896466438117,0.2552036583906,-0.0191403904811,-0.1608332571734,-0.1775748429956,-0.2145152401445,-0.2270428734705,-0.1703939763306,0.2791578899340,0.0251653308164,0.1525889632900,-0.0985249330940,0.0107295595415,-0.2530130498102,-0.1056738150991,0.0461835175583,-0.0510083161826,-0.1488459545156
0.1678182733718,0.1063017756219,-0.3848161764900,0.4610650310270,0.0955924532771,0.2684949823757,0.7395171976089,-0.0878787424802,0.6321202815247,0.4285748679726,0.2271066927426,-0.1191064393840,0.5312817596009,-0.0144686959535,0.1285012721562,1.0000000000000,0.2044584450498,-0.0021438966045,-0.0869172380721,0.0157210673585,0.2830599580047,-0.0286060952172,0.3943156308603,-0.3440929912314,0.2612443123151,0.1267976907620,-0.5051488960183,-0.5074940383868,0.0604055891649,0.5180341656887,0.0482090295726,-0.2660972405522,0.3066153807890,0.4340994380025,0.1426617002071,0.0843569861385,0.1219953863478,-0.4168006982418,0.3622515686378,0.2081231325004,0.2000398900324,0.6178540719846,-0.2558574620276,0.2793248022157,0.4825193428727,0.2523360215665,0.2154643394195,0.5465759631194,0.1849505563511,0.1869252278933,0.7240510651721,0.0044394975710,0.0119712481073,0.0774322183419,0.1746945835445,0.3981229031390,-0.3161927808514,0.2521915768872,-0.1751225047749,0.3288304822350,0.1592604289509,-0.3465495469131,-0.6029938150930,-0.0061596665918,0.4048007246584,-0.2417679921150,-0.1374036352070,-0.0797397347476,0.1867226565924,0.2666844979677
0.3679924400584,0.2610545423765,0.1614759158097,0.4278332580408,0.1318858538632,-0.2588482675746,0.1635865994341,0.3613248665133,0.1115685377188,0.3804531866783,0.1889234765141,-0.0068226201973,0.1803470334307,0.0454591254936,-0.0842202176979,0.2044584450498,1.0000000000000,0.2655122598045,-0.0691472830366,0.2524226943742,0.2927114007264,0.7438359762425,0.6105496761912,0.5091074009399,0.4934406374414,0.1241246030555,0.0374574731422,-0.0570606079459,0.7035244105449,0.3439635662284,0.6156044005626,-0.0699193857146,0.0015847023976,0.3094608841429,0.1664801868321,0.2166377608423,0.2933163899779,-0.0625941525461,0.1839630529157,0.0587738567226,-0.2181979304055,0.0951693510734,0.0088391887939,-0.1680694240471,0.1923709337225,0.1553377643304,0.0876224273363,0.1523143295485,0.0766460160033,-0.1990158172438,-0.1278831795752,0.8552346742037,0.1494171509560,0.0127767670297,0.2267519831722,0.2821121950996,0.4397161910547,0.5336424864280,0.4107059593822,0.4025985453613,0.1561614325670,0.0180102328427,-0.1919305441806,0.6298412330120,0.2074105187440,0.2321968211905,-0.1128763399512,-0.1838383254715,0.0227994262383,0.1128614200140
0.5076017631271,0.4613665696179,0.1699193915975,0.4172403847719,0.3023600495180,-0.3282956595693,0.0645887697229,0.1574103407384,-0.0163951350605,0.2202339388352,0.4014144827193,-0.0986216402590,0.2657705124290,0.0070066793803,0.0502097357223,-0.0021438966045,0.2655122598045,1.0000000000000,0.0892627331383,0.7151724085756,0.4725627662917,0.4708768404774,0.3756152693084,0.4561556285767,0.1765490195825,0.1578315574920,0.2446293977394,-0.1746761311948,0.3429904514814,0.4108876227848,0.5623254129134,-0.0197289927068,-0.0605565710692,0.4215376623787,0.5348413769920,0.2414466128791,0.4513305115693,-0.0910002310838,0.1928811422843,0.2877788967710,-0.1933599565668,0.0735429416015,0.0373871771537,-0.3573754781851,0.1028622913239,0.3679832639172,-0.0295347630691,0.2279390770509,-0.0448275107952,-0.2381523461187,-0.1544007154491,0.2232843571577,0.6980286883167,-0.0320601453145,0.5286331105151,0.3566666448337,0.3404889530891,0.2430865170352,0.5846066086577,0.1688874532670,0.2395168762802,0.2826820735568,-0.2938959107470,0.2737422639894,0.0649460804598,0.1094739324274,-0.0078846141563,-0.0490374269069,0.1890559950913,0.4672408821364
0.1992786355502,-0.1194849381333,0.2950478516441,-0.0635197764167,-0.1642020925120,-0.0601704888206,-0.1145104334878,0.0336745659520,0.2522848221579,-0.2012891216971,-0.0276425599135,0.6241958315158,-0.1695027571837,0.4220708521808,0.5140247451397,-0.0869172380721,-0.0691472830366,0.0892627331383,1.0000000000000,0.5286281889669,-0.0140781999412,0.0541249426765,-0.1537109291975,0.0929816465611,-0.1403744227486,0.3505237626036,0.3692738409255,0.3388603898118,0.0055079525514,0.2219540432805,0.0199411472852,-0.3011495888879,-0.0268932154115,-0.0744005486731,-0.0502253973637,-0.0882057008002,-0.0921121387094,0.0459254101567,-0.1259307061005,-0.2432818563876,-0.1027863017919,-0.0409610915998,-0.2089713497060,0.2365425365305,-0.3464949853496,-0.0553753333340,0.3883604580689,-0.2454464721928,0.3061599478029,0.2211491047460,-0.1993242496840,-0.0361131501879,-0.0671055136022,0.6210680116494,0.2174050431358,-0.0939825158530,-0.0249838742433,-0.1760910986681,-0.0068480726636,-0.3057949230211,0.3551340684705,0.1721611802339,0.0977223291218,-0.0617073184717,-0.0207802604623,-0.2346379286334,-0.3883870175163,0.0096616664130,-0.1044620140620,-0.1209711926886
0.5585201648317,0.2413700780859,0.2428634246190,0.2587592787774,-0.0207473218245,-0.3431738654576,-0.0174852080307,0.1068001460157,0.1878392391774,0.0049441419777,0.2378169597879,0.3027998801704,0.0667570935290,0.1816691714767,0.2583409973000,0.0157210673585,0.2524226943742,0.7151724085756,0.5286281889669,1.0000000000000,0.2452345577894,0.3900750342975,0.2148306932562,0.3062371543976,-0.0281659869427,0.2482146987286,0.3678935156154,-0.0511506953985,0.2836383306057,0.4337555889564,0.4369762649332,-0.1728960287579,-0.1317845899110,0.2215825150326,0.3434584159827,0.1184721799773,0.2946877090681,-0.1096503147011,0.0126459443073,-0.0460002985296,-0.2728981921503,0.0258206343462,-0.2136804390055,-0.1351264384063,-0.1821096346727,0.2021976225326,0.2343347967047,0.0422708823445,0.0751109506622,-0.1696840337971,-0.2124510348838,0.1755232459670,0.4901844956228,0.2919384818687,0.6350917508314,0.1721781070229,0.1675672431274,0.1019230877600,0.3726861017753,-0.1381534480956,0.3718611344923,0.3325014496067,-0.2505567311627,0.1859092251494,0.0755357139625,-0.1155073495020,-0.2234930765518,-0.1919402560832,0.0075809662223,0.2230399849005
0.5006292384934,0.4548196168970,-0.0539729469330,0.6126905156289,0.7578369344535,-0.1459229287552,0.4317816602115,0.1472032986539,0.1761400437052,0.5343419971850,0.7437912894330,-0.1551635757536,0.7126241206100,0.0089118956397,-0.0414343709555,0.2830599580047,0.2927114007264,0.4725627662917,-0.0140781999412,0.2452345577894,1.0000000000000,0.2579822711371,0.4519409601653,0.1041982652056,0.3657812578614,0.2515467228216,-0.1087444254296,-0.3781837339369,0.4321606810607,0.2863040935179,0.3425941066343,-0.3193353855358,0.0675320060171,0.5191794752588,0.4332382418333,0.3845568061790,0.4185993625733,-0.1462109611296,0.4311229083260,0.6718847301858,-0.0573945271961,0.3615942830412,0.1161110533894,-0.1243341973636,0.4365718180921,0.7286139495080,0.1650036127169,0.6370628383495,0.0177251846623,-0.0820528840627,0.2303140449535,0.2486376222721,0.3355932899090,0.1046350467818,0.2494950664507,0.8837780709615,0.1089987873606,0.4114612665050,0.3188710476369,0.4269710346587,0.2513104047959,0.0332052081212,-0.4605454553903,0.3900988389930,0.0313952495667,-0.0113120941947,-0.2806372157383,-0.0214637622279,0.2410693544763,0.4972796355293
0.4589263430576,0.2994110206483,0.3533252232066,0.3922179904757,0.1990815945152,-0.4035340120258,-0.0234381134357,0.4626040271488,-0.0025900775689,0.3424426133010,0.2131461745104,0.0673947195801,0.1183470692741,0.1044606121907,-0.0246208762985,-0.0286060952172,0.7438359762425,0.4708768404774,0.0541249426765,0.3900750342975,0.2579822711371,1.0000000000000,0.5808123328901,0.7195546020463,0.5064359454352,0.2150363823440,0.2756655011932,0.0797500445930,0.7070572039716,0.4142000073432,0.7771011995024,-0.0441853720029,-0.0858045268337,0.3387008891801,0.2507439670192,0.2017505707353,0.3389957011800,0.0160319864214,0.2195417828090,0.1060735024924,-0.3818887484820,-0.0840221333451,0.1223001696840,-0.3465526785991,0.1252026691658,0.1791581893660,0.0672924351032,0.0410325191560,0.1120746725315,-0.2400611001532,-0.3465795636047,0.6582912956356,0.2618444568474,-0.0166678994869,0.2402028228968,0.1607328097607,0.6890468589065,0.4563262927260,0.5461445768186,0.3629186597813,0.2389851925730,0.2002215404373,-0.0922250189617,0.6110301759697,0.2146220744378,0.3248417471387,-0.0607119784086,-0.2073512312996,0.0122026186242,0.1798232304169
0.4953532806660,0.4165642665281,0.1387648553143,0.7609745651758,0.3481227061793,-0.2256051586904,0.3114684611589,0.3946976476320,0.0242227731887,0.7135338694172,0.3243988855353,-0.1670888262884,0.3785133501312,-0.0106537555481,-0.1249207798432,0.3943156308603,0.6105496761912,0.3756152693084,-0.1537109291975,0.2148306932562,0.4519409601653,0.5808123328901,1.0000000000000,0.3327812707310,0.6712119051740,0.2481876471180,-0.1845871689557,-0.2697774824972,0.5859608992067,0.4558006031760,0.5964187070940,-0.0895954173389,0.0279340330292,0.5155698591469,0.3191139745225,0.4418955994014,0.4288654474684,-0.1665594910174,0.5883163564874,0.3612359913209,-0.1020305601886,0.1755338692022,0.1938018572744,-0.2898723477388,0.6180559762315,0.3210602251394,0.1016901337876,0.3912250611479,0.0672182952164,-0.0569990789420,0.1260386115833,0.4965196384698,0.3065946154450,-0.0454270543026,0.3031102509286,0.4468056936904,0.2339506813100,0.8637099036689,0.2338147577317,0.6715474060911,0.2134174475160,-0.0463705399280,-0.3936297153718,0.5527427486954,0.3579362501798,0.1952720415590,-0.0673806277960,-0.1002428991637,0.2371131659966,0.3248439073065
0.1988541623442,0.1498106355765,0.6748711485003,0.1820458300030,0.2299058338929,-0.2088214679826,-0.2777454891565,0.4993438019815,-0.3093361224980,0.1442397583362,0.0214599089804,0.1252106542831,-0.1121189814395,-0.0264627491905,0.0224418324902,-0.3440929912314,0.5091074009399,0.4561556285767,0.0929816465611,0.3062371543976,0.1041982652056,0.7195546020463,0.3327812707310,1.0000000000000,0.3125743965787,0.0050517765980,0.4861964440768,0.3901942548588,0.6275601544304,0.1718664053816,0.6497010629703,0.1644289208708,-0.1628788218638,0.1346393532237,0.2250382893203,0.1172783872024,0.1499453107038,0.3608219874822,0.2256083492799,0.1409757843595,-0.1739139312117,-0.3317982224642,0.3816608058265,-0.2883379533059,0.0661408778910,0.0129150625153,-0.1441260260586,-0.0904701257063,-0.0429465363269,-0.1993963754182,-0.3928047142636,0.6238956961371,0.3142416214941,0.0035395424638,0.1794172778564,0.0017993074892,0.6861829072484,0.3741538237871,0.6205674340030,0.2322589794565,0.0051515180181,0.3147219810224,0.2900448864038,0.6225561976643,0.1153788290452,0.5493589642691,0.0663747907819,0.0021432595262,0.1220094924697,0.0407966224404
0.3126868471204,0.2756613010737,0.2619484106081,0.6363872300789,0.4712490375807,-0.1915378161727,0.1364196461550,0.6419275273580,-0.0098332737142,0.7278871562892,0.2282665706630,-0.1101313634206,0.2470382372834,0.0642503614769,-0.0161053517153,0.2612443123151,0.4934406374414,0.1765490195825,-0.1403744227486,-0.0281659869427,0.3657812578614,0.5064359454352,0.6712119051740,0.3125743965787,1.0000000000000,0.3324392861708,-0.0908564482193,-0.0782669835676,0.6350286965844,0.2652204840419,0.4375879191196,-0.1204118835734,0.0028606767717,0.2952128825775,0.1646742887780,0.3796497585020,0.3145835070167,0.0866885703637,0.5856572399689,0.4121368073139,-0.1617461358909,-0.0218329902553,0.4686344368792,-0.2404870755292,0.6317565390063,0.2280710588761,0.0759559055979,0.2248886742493,0.2171774930277,0.1274424443676,0.0767762573171,0.4407243993159,0.1279954175452,-0.0349673041740,0.0933621186609,0.3050498948509,0.2483547393365,0.5978895747460,0.1554223982016,0.9036730786697,0.2977719555908,-0.0082751486559,-0.1448475702956,0.6203984921255,0.2053740799127,0.2695140404189,-0.0747861635282,-0.1235904188496,0.1139785798207,0.1542295547174
0.3661855998386,0.4614615057646,0.0645567900973,0.4202279639545,0.1484680513188,-0.2085265904888,0.0499078404912,0.1170038664693,0.2230633099471,0.2539209454575,0.2503189795351,0.3232032163651,0.0554643079770,0.4479708604905,0.2891767504323,0.1267976907620,0.1241246030555,0.1578315574920,0.3505237626036,0.2482146987286,0.2515467228216,0.2150363823440,0.2481876471180,0.0050517765980,0.3324392861708,1.0000000000000,0.2780536256505,0.1647464658577,0.1115514303004,0.3251296475314,0.1475776838821,-0.2590144767142,0.0035235124021,0.2155361968428,0.1878892173522,0.1905737883359,0.4099354683309,-0.0034753728972,0.3227776764688,0.0502027723547,-0.2455741074419,-0.0552810109228,-0.0422073462927,-0.0246203067870,0.1508607514892,0.1173520616632,0.4300855851794,-0.0578340965698,0.4585954359588,0.2416970262877,-0.0668998958962,0.0300473645857,0.0263146270130,0.2647189023691,0.2109352007661,0.1391275790278,-0.0241302937128,0.1493138646459,-0.0081547294737,0.2661427704274,0.7809131743800,0.2648674289753,0.0565341675469,0.0664058621553,-0.0190426657309,-0.2766341074302,-0.2284399967085,-0.0789155874465,-0.0288867033793,0.1829988755563
0.2391819514863,0.2044342066154,0.4851367361205,-0.1167843711129,-0.0345218245167,-0.1913071400280,-0.4384383678143,0.2108985279952,-0.1305836632460,-0.3432304980458,0.0403740464193,0.5106233315223,-0.4337791483120,0.2199329656184,0.3460783711326,-0.5051488960183,0.0374574731422,0.2446293977394,0.3692738409255,0.3678935156154,-0.1087444254296,0.2756655011932,-0.1845871689557,0.4861964440768,-0.0908564482193,0.2780536256505,1.0000000000000,0.6778265521009,0.1703190706838,0.0297894893152,0.3041063165876,0.2168487802499,-0.2639345725937,-0.0645025871051,0.1298716267586,0.0267100245333,0.2500203512154,0.3269779904968,-0.0042908364200,-0.1265414350519,-0.2454033809109,-0.4725212386239,0.1547093807717,-0.0115418744930,-0.3882075427839,-0.0607886501764,-0.0145098734636,-0.4582385008296,0.0803483387990,0.0456430017102,-0.5226133616800,0.1473520233176,0.1184458200645,0.0558491533151,0.1634323493678,-0.2712299626351,0.2618722928082,-0.1468694087684,0.2178351307921,-0.2330912124324,0.3237696855995,0.6163399253306,0.6214251721836,0.1154768561124,-0.2145273904209,0.1014098255243,0.0728468473308,-0.0835952176842,-0.0160157574040,-0.1174497298200
-0.1622713283804,-0.0928899720876,0.5905051395009,-0.2982666427182,-0.1995024016201,0.0186273062558,-0.4932199478925,0.2474497993253,-0.1814163744740,-0.2902680156799,-0.2510663947335,0.4535193070962,-0.5327665072541,0.3113281302851,0.3713332448276,-0.5074940383868,-0.0570606079459,-0.1746761311948,0.3388603898118,-0.0511506953985,-0.3781837339369,0.0797500445930,-0.2697774824972,0.3901942548588,-0.0782669835676,0.1647464658577,0.6778265521009,1.0000000000000,-0.0264175398408,-0.2208397341764,0.0139323547814,0.3279248295198,-0.1958215973363,-0.2776809893180,-0.2366987285066,-0.1590069262153,-0.1245854628115,0.3963157163065,-0.0655207307227,-0.2504906701461,-0.0744323026497,-0.5103106555513,0.1228667991593,0.0551462840698,-0.3432864150241,-0.3024065521172,-0.0791693038760,-0.5140831298206,0.1222675105783,0.1378307769243,-0.4853256837589,0.0722577429904,-0.2916653666518,0.0280588283217,-0.2375437855476,-0.4529155551974,0.1736554979605,-0.2114037401675,-0.0545792209849,-0.2674150238992,0.0558077191468,0.2169315422765,0.8535219184822,-0.0554346676411,-0.3053750020307,0.0519712029384,0.1427431867782,0.0688499638651,-0.1381072042178,-0.4157887494784
0.4662354120430,0.2500709284135,0.3515371962269,0.4950319108786,0.5035851605337,-0.2218684806369,0.0608152486161,0.6798941417218,-0.0118735349784,0.3771880599808,0.3942098953771,0.0673689885730,0.2083824098118,0.0377825640111,0.0057376026448,0.0604055891649,0.7035244105449,0.3429904514814,0.0055079525514,0.2836383306057,0.4321606810607,0.7070572039716,0.5859608992067,0.6275601544304,0.6350286965844,0.1115514303004,0.1703190706838,-0.0264175398408,1.0000000000000,0.3462247520547,0.7270435268740,-0.0655984308344,-0.0599777588330,0.2851268811210,0.2483937775538,0.3768241115086,0.3176933281167,0.0688115627920,0.4061647378179,0.4547770936494,-0.1906639281139,-0.0800065113598,0.4468529682095,-0.1659105429347,0.2879444753783,0.4008076652704,0.0940084358579,0.1866038388034,0.1099740915410,-0.0669486222885,-0.1012006183475,0.7237521483131,0.3217077101854,0.0922560316781,0.2701731333719,0.2986066522765,0.4451953209781,0.5725356981655,0.3867072673216,0.5452660359935,0.1634900024097,0.1659605563150,-0.1417610399949,0.9253787259745,0.2333392616175,0.4271765099230,-0.1132418184046,-0.1628085929208,0.1136746777300,0.1733909380581
0.5440031354013,0.3153606375642,-0.0711061047189,0.5141353776050,0.1941535068118,0.0199130013777,0.4248663426614,0.0949070603622,0.4407440900759,0.2582163938239,0.3578509426643,0.1985608861142,0.3987175423491,0.2049347506396,0.3964574578927,0.5180341656887,0.3439635662284,0.4108876227848,0.2219540432805,0.4337555889564,0.2863040935179,0.4142000073432,0.4558006031760,0.1718664053816,0.2652204840419,0.3251296475314,0.0297894893152,-0.2208397341764,0.3462247520547,1.0000000000000,0.5210896131169,-0.2073114069369,0.2378295225485,0.5316144863660,0.3308554002426,0.2881824334984,0.3407977019826,-0.2693998974471,0.4141354221597,0.2243909765240,-0.0273166502485,0.3316081330182,-0.0731616223442,0.0750562028845,0.2620270808946,0.3256905409175,0.3758578363853,0.2982872941194,0.3859975708662,0.1304715533230,0.2646156079947,0.2121123430530,0.2867552155105,0.2789442308978,0.3904638154067,0.2016190289179,0.0672196575981,0.2831279098621,0.1547970749277,0.2677967845389,0.3261452710230,0.0364650229072,-0.3980749480950,0.2586064249819,0.6262373390127,0.0358237448313,-0.0914542472816,-0.0372132016644,0.1998102782329,0.3017635291538
0.6346951506410,0.4772173522577,0.3093035674106,0.5159589025474,0.3534957895471,-0.2201010046185,0.0915729770055,0.5528937015017,0.0518331606462,0.2617109517333,0.3812708115444,0.0627349460144,0.1680972601233,0.0535924094492,0.0458652596949,0.0482090295726,0.6156044005626,0.5623254129134,0.0199411472852,0.4369762649332,0.3425941066343,0.7771011995024,0.5964187070940,0.6497010629703,0.4375879191196,0.1475776838821,0.3041063165876,0.0139323547814,0.7270435268740,0.5210896131169,1.0000000000000,-0.0407445495914,0.0184413165909,0.4855094899833,0.4535293326463,0.3843948712453,0.5498698309816,-0.0360866411186,0.4178208794708,0.2798758291511,-0.1626687820358,-0.0097978436728,0.3068322055472,-0.1688117913703,0.1782462800185,0.3523136235029,0.1247109066683,0.0751660386570,0.0978416052746,-0.1342606257464,-0.1282157147986,0.5934778353620,0.3832049488100,0.0541815535657,0.2915071598313,0.1910176258254,0.5110662942394,0.5302287235528,0.5110561643222,0.3699343459485,0.2072268410132,0.1692987838705,-0.1546299097180,0.6677806047244,0.2763216567396,0.4531387754008,-0.0197558695762,-0.0946811471371,0.1713221452156,0.3384596379052
-0.2322952257106,-0.0134021588789,0.1494067818636,-0.2173286678921,-0.1748755539740,0.0704597578434,-0.3749670757186,0.1376970467166,-0.3392856662879,-0.1989114383905,-0.1664618767955,-0.1761133933679,-0.3878227390778,0.1581333133783,-0.0211034233586,-0.2660972405522,-0.0699193857146,-0.0197289927068,-0.3011495888879,-0.1728960287579,-0.3193353855358,-0.0441853720029,-0.0895954173389,0.1644289208708,-0.1204118835734,-0.2590144767142,0.2168487802499,0.3279248295198,-0.0655984308344,-0.2073114069369,-0.0407445495914,1.0000000000000,-0.1052144432312,0.0493733992391,0.1130030229233,-0.0259370475592,-0.0984321529448,0.1858811456851,-0.0689335679891,-0.0562063718321,0.1331166128501,-0.3363534075394,0.1682480350156,-0.1814616105533,-0.1256288455296,-0.2160839648258,-0.5016047711552,-0.2856882851153,-0.1550643608613,-0.0594902231058,-0.2258435650909,-0.0115232092697,0.0106822663076,-0.5067717401438,-0.1384611316471,-0.3364277410475,0.1025148449808,-0.0561189705312,-0.0895152932442,-0.1605477632506,-0.2879657663279,0.0773188220350,0.4565170943445,-0.0428851973737,-0.1277509511842,0.2072376659733,0.7924204342409,0.0968625057321,0.1522113433521,-0.0198311568173
0.0395539343429,0.0974571014240,-0.2680363162891,0.0633107094737,0.1589246322978,0.6681607634680,0.4841321410551,-0.1660169546623,0.3660452915090,-0.0315171050194,-0.0520359453416,-0.1551576645753,0.1852392355421,0.0550025775559,0.1340223319744,0.3066153807890,0.0015847023976,-0.0605565710692,-0.0268932154115,-0.1317845899110,0.0675320060171,-0.0858045268337,0.0279340330292,-0.1628788218638,0.0028606767717,0.0035235124021,-0.2639345725937,-0.1958215973363,-0.0599777588330,0.2378295225485,0.0184413165909,-0.1052144432312,1.0000000000000,0.1693311604894,0.2870019128799,-0.1298455988701,0.0210325620708,-0.1757911442453,0.1161272588052,0.1736442725085,0.6456898915682,0.5249894556640,-0.1652546205414,0.1892856799425,0.0909047277518,-0.0476278255981,0.0872724377044,0.1104747509254,0.0237033974995,0.0430596437718,0.4578787748705,-0.0680331465988,-0.1521971973769,0.0588195881408,-0.2559288639489,0.0296519403748,-0.1731555644113,-0.0639361687802,-0.1111267003724,0.0787224543090,-0.0134882451283,-0.2895595237306,-0.2345256513728,-0.0831824165580,0.1711109453764,-0.1060241298426,0.1205150190290,0.7062599482826,-0.1423708184097,0.3819985210612
0.4087823383176,0.5264273382094,-0.0916614514592,0.5536101473759,0.3593110611984,0.0365808056587,0.3469279922490,0.1440045552511,0.2201849311571,0.4316004873856,0.4565503319646,-0.1909531631229,0.3952293356221,0.0410191104239,0.0510082309823,0.4340994380025,0.3094608841429,0.4215376623787,-0.0744005486731,0.2215825150326,0.5191794752588,0.3387008891801,0.5155698591469,0.1346393532237,0.2952128825775,0.2155361968428,-0.0645025871051,-0.2776809893180,0.2851268811210,0.5316144863660,0.4855094899833,0.0493733992391,0.1693311604894,1.0000000000000,0.6237623204020,0.3454241610961,0.4297308654660,-0.1938876508218,0.4413063905150,0.4024152576415,0.1259052318346,0.2688720283618,0.0415862794333,-0.0596616895491,0.4271646339671,0.4097886049591,-0.0321365349764,0.3502762698892,-0.0295712791054,-0.0129591590376,0.2380785851741,0.2142314116872,0.3258272443852,-0.0875979498055,0.2137268437926,0.4495675033849,0.1705824426556,0.4290000021260,0.1994421970620,0.3267562783819,0.1736036727730,-0.0362261802890,-0.3528310961230,0.2319472194190,0.2695152248950,0.1018804336539,0.0654198839330,0.0429482689172,0.5408064099209,0.6168020972499
0.3998675038319,0.5854032174235,-0.0930933484838,0.4194366892256,0.3484763164132,0.1542788213624,0.1982513881037,0.0713226805099,0.0027733581352,0.1925545920656,0.3737913918275,-0.1610718504368,0.1895995536561,-0.0238539867346,0.0126772167366,0.1426617002071,0.1664801868321,0.5348413769920,-0.0502253973637,0.3434584159827,0.4332382418333,0.2507439670192,0.3191139745225,0.2250382893203,0.1646742887780,0.1878892173522,0.1298716267586,-0.2366987285066,0.2483937775538,0.3308554002426,0.4535293326463,0.1130030229233,0.2870019128799,0.6237623204020,1.0000000000000,0.3720942488893,0.5022674113706,-0.1168324776656,0.3768471544246,0.3646712129489,0.2576506726062,0.1583198780796,0.1382857685081,-0.1389394022237,0.2239208195119,0.3352302434604,-0.0670192366394,0.1627005536383,-0.1423045590177,-0.0525408982366,0.1854767740940,0.2147679316399,0.4290565843367,-0.0419573451159,0.2618072922024,0.3530289688478,0.2477689103546,0.3209053478123,0.3827664889509,0.2410201935404,0.2295530359038,0.1370082635819,-0.2365427753006,0.2351455700334,0.1405125491781,0.2117949402175,0.1399043492096,0.2525856695255,0.4390595600067,0.8462097280407
