1.0000000000000,0.2880390066336,0.2330800229789,0.3746235988327,0.2042821524380,-0.2145365372753,-0.0401525382169,0.3060846130128,-0.1982058252241,0.2412139618196,0.2267615192204,0.1309563264779,0.1543292332856,-0.0052140972960,0.2207029001824,-0.1812515961215,0.0596963586549,0.4575322286857,0.2292424310241,0.4420167495909,0.2847657662365,0.2211021095659,0.3405024294085,0.2079292880164,0.2808142413942,0.1608454851236,0.2704204604529,0.0483437977475,0.1094413690138,0.5403924346427,0.4434379631615,-0.1300569783018,0.1002788897240,0.5404982709604,0.3996583386575,0.7871656170467,0.1980616785272,-0.3023311935259,0.3172771203631,0.1069175665490,0.0002164646987,-0.1853844055475,0.2362772750182,-0.1830525752657,0.1544309161766,0.2782881506059,0.0253271678101,0.0980842597069,0.0121324928272,0.3228642096507,-0.1259437775708,-0.0274248141100,0.3550768506979,0.0135215018043,0.1710512534714,0.2008222362132,0.0247807170037,0.2624890936526,0.0634200450018,0.2235166834469,0.0863444930847,-0.0131857161561,-0.1352498680766,-0.1016594797723,0.3228033564671,0.0879919639599,-0.0392418736250,0.1037784686571,0.2373381551600,0.2976795213135
0.2880390066336,1.0000000000000,-0.0500941131915,0.6296682281624,0.1947566455281,-0.2466391434874,-0.0917720281786,0.0379424920008,-0.2059069830356,0.2870398993471,0.0459947383963,0.2220588994601,0.2377740449100,0.0877304479105,-0.0588566905947,-0.1912059898466,0.1774011866323,0.2362990541199,0.0964485318250,0.3247386462715,0.3083055894891,0.2356114179794,0.5743452296107,0.2133222464630,0.0911674707477,0.3689260774270,0.1788905882492,0.1544944126557,0.0362012544728,0.3806325442486,0.3214387512213,-0.2351719473906,0.1988130537449,0.4224911194511,0.4993903864904,0.2033845064274,0.7791156716264,-0.3164798161614,0.6727945449533,0.1241512762870,-0.2189933281708,-0.2876583273824,0.0196624493038,-0.3517816133704,0.2731474933268,0.0969558662975,0.1688016456673,0.2371648099071,0.1551923694063,-0.0576560468764,-0.1591915665934,0.1624891949152,0.5015092100401,0.1942905995272,0.3736694230674,0.3166022353030,0.2336505453325,0.5400608611827,0.3165432494281,0.1663314928987,0.3409143626388,0.0263544300120,0.1283051157333,0.0686867667349,0.4619352847455,0.2351828684391,-0.2502641387230,-0.0438437669900,0.4627152547301,0.6859878170265
0.2330800229789,-0.0500941131915,1.0000000000000,0.0746631880953,0.0158625736188,-0.0663605174422,-0.1289261989451,0.3138959393420,0.1311709816158,0.0164546273427,0.0702164006120,0.2271721832250,-0.0852529034623,0.1163559617019,0.2069026289142,-0.0599085159337,0.0953918870443,0.2294134957485,0.3779701842700,0.3341354544758,0.0037689969623,0.2533036239007,0.0429976588617,0.3889250602886,0.1901141694963,0.1273257754353,0.4405419010001,0.5132681726042,0.0949206438318,0.1559938263544,0.2457605207835,-0.2250114706150,0.0160084432156,0.0310360231858,-0.0488468146212,0.0118486063362,-0.0663478878535,0.4431202422021,0.0231281541204,-0.0988726394285,-0.1266420224407,-0.0499708189903,-0.0953477229755,0.0646797750278,-0.0559486232920,0.0116285714506,0.1322758460136,-0.1356297578916,0.1332327589155,0.1627556441598,-0.1523700593016,0.0442086391357,-0.0699142621802,0.2025922085001,-0.0360903038479,-0.0572623589464,0.1087118675304,-0.0788154906342,0.1117358691847,-0.0374494663624,0.0752941830817,0.1610015875482,0.3821200189182,-0.0801459694836,0.0335260163762,-0.2139970460116,-0.1649377822921,0.0412433873374,-0.0327442290415,-0.1017882625526
0.3746235988327,0.6296682281624,0.0746631880953,1.0000000000000,0.3689669464722,-0.1457745922304,0.0974304173083,0.2876251656644,-0.1568307887808,0.6239505088521,0.1806842635576,0.2264390156321,0.3836937359432,0.0938529098678,0.0014473186236,-0.0651569203244,0.1319858246478,0.2211727099940,0.0898506492663,0.2772186870670,0.3942449529607,0.1821025382654,0.6669312843646,0.1903756451301,0.4777449971424,0.4846896920845,0.3422281459217,0.1895348420694,0.2332452307526,0.3260779888441,0.4176031864339,-0.0656648599267,0.0677929614004,0.4597738098937,0.4725376777163,0.2720237455289,0.4902792132742,-0.2443690294931,0.8110053191704,0.3057213149669,-0.0678410786130,-0.1354095458891,0.1961831875537,-0.3329896759886,0.6067714730708,0.1440660051964,0.0753532253847,0.3562882197135,0.0739716673669,-0.0281164871886,0.0035428100676,0.1103319607983,0.3081206961536,0.0353193352712,0.1615956852690,0.3996568899563,0.0682594542959,0.5834921145672,0.1002336256622,0.4711541247095,0.2955609634484,0.0285880162303,0.0689764043911,0.1439130385127,0.2729435492733,0.1632834735552,-0.0585174969210,-0.0567806861619,0.3853205613470,0.5349380401046
0.2042821524380,0.1947566455281,0.0158625736188,0.3689669464722,1.0000000000000,-0.2931157361163,-0.0994256178670,0.2061201351453,-0.3599855381325,0.5150513537289,0.4174886990224,-0.0100326794546,0.7316016355463,0.0092987436452,-0.2621399069884,-0.3340150671806,0.3077653447443,0.2078491612923,-0.0152390401154,0.1522980445245,0.8517932423311,0.4329506289389,0.4173648377884,0.4272268046326,0.5217157811119,0.0814808857881,0.2165897480734,-0.0190419550970,0.6095951175121,0.0160366162859,0.4087113915567,-0.1204553045000,-0.0345736037211,0.0768198642292,0.1221768332736,0.0932453522714,0.1281834247044,-0.2084623530548,0.2714440191754,0.8879498392545,-0.2112117146910,-0.1853378350412,0.2397995155097,-0.3393495856026,0.4524968437812,0.4659874654393,-0.1170402604221,0.6704625300369,-0.0123295308634,-0.2515299518016,-0.2519349695690,0.2351793252919,0.1988773583059,-0.0547527494774,-0.0060262053052,0.7851714331270,0.3690191586800,0.4005227611714,0.3373333437535,0.5475672897276,-0.0207235679702,-0.0025204059124,-0.0915218742804,0.4578501720587,0.1015490069242,0.2543002187763,-0.0269048345695,-0.0259401708540,0.0495345829049,0.2008930901545
-0.2145365372753,-0.2466391434874,-0.0663605174422,-0.1457745922304,-0.2931157361163,1.0000000000000,0.6019754365048,0.0042564885692,0.5540440375121,-0.3590737625676,-0.0873821958248,-0.2050858570340,-0.2858770781773,-0.1189985558544,0.2864053336921,0.6189982169591,-0.4303587572126,-0.3221897198447,-0.1754035698102,-0.4468300612885,-0.3656153445155,-0.5209790707993,-0.3927810034713,-0.5238061123587,-0.2371860928346,-0.1917561530460,-0.1768928672866,-0.1809004168812,-0.2506367247640,-0.1492194261619,-0.2564632299490,0.1590697979349,0.3371668335431,-0.1511195366504,-0.0739932402520,-0.1424659211246,-0.2706674077674,0.1742045253742,-0.2304251045252,-0.2741331141813,0.7801917883306,0.7062300472908,0.0089958302891,0.5999681268293,-0.2649912635226,-0.2843247222946,0.1259016219161,-0.3412912267200,-0.0787736314687,0.3321865954357,0.5663095669069,-0.4410506418323,-0.3928664645407,-0.1485370090185,-0.2771890105200,-0.4341633379351,-0.5135426111115,-0.4333533093406,-0.5505766563451,-0.2341686991849,-0.1585304223595,-0.0929522157636,-0.1388093317967,-0.2731092102577,-0.3150192740460,-0.1697680075612,0.0676928895484,0.5154520110142,-0.2208624906986,-0.2571896163784
-0.0401525382169,-0.0917720281786,-0.1289261989451,0.0974304173083,-0.0994256178670,0.6019754365048,1.0000000000000,0.0374023291008,0.6087184433445,-0.0745641500510,0.3595754452600,-0.1131577971747,0.2046381299682,0.0068951439008,0.4998745591781,0.7353486696036,-0.4125613896839,-0.2624077650413,-0.0000435506581,-0.2018586702766,-0.0793117836188,-0.3708602655187,-0.2203191935120,-0.4170124932877,-0.1745779359579,-0.2132770363104,-0.1491308279894,-0.3328272227914,-0.0780936847139,0.1576041367165,-0.1169767349530,0.2063271850005,0.1739049392481,0.1417978889760,0.0002075710290,0.0286690266133,-0.2550061238110,-0.0887257318756,0.0125368800610,-0.0440550312922,0.5582684522042,0.7036078735923,0.0938533413699,0.4771136594913,-0.0136062257306,0.0927237300068,0.1248454580388,0.1528277606351,-0.0007022614837,0.2505399698535,0.6556730462930,-0.4092865645443,-0.2818735565057,-0.0157838856197,-0.1854866590305,-0.0985540030330,-0.4326180748001,-0.2607131294762,-0.4545389335436,-0.1536104175037,-0.3317009038945,-0.2783925782013,-0.3676315247870,-0.1762882856172,-0.1370398430418,-0.0867423301926,-0.0970458853814,0.4762704595291,-0.0135114104583,-0.1052064020514
0.3060846130128,0.0379424920008,0.3138959393420,0.2876251656644,0.2061201351453,0.0042564885692,0.0374023291008,1.0000000000000,-0.1890672883212,0.2879912665051,0.2032956834037,-0.0429450122619,0.1402559177093,-0.1246499130103,-0.1003473925824,-0.1060761452343,0.0036186547643,0.2480540798733,-0.1462663572903,0.1065248351092,0.0517517358199,0.0883694604955,0.3272111194962,0.0557305083682,0.5136423712404,0.1072871725714,0.4881687633635,0.1078478541018,0.4995300087192,-0.0714388992062,0.5796727072279,0.2268768179956,-0.0428375214112,0.1448325151060,0.2137273305735,0.1480063701284,0.0146088027799,-0.1593456957118,0.1970763814194,0.2008915740829,0.2025064123108,-0.0048749434459,0.6646566382919,-0.1249339572984,0.1728697710026,0.0723192728286,-0.1671511462999,0.0202752890869,-0.1429917175389,-0.0706825558310,0.0499273994480,-0.0487584870440,-0.0783775755387,-0.2530619270857,-0.2507807071491,0.0144963663488,-0.1867890092186,0.2242962330543,-0.2016812738795,0.3863975343201,-0.0220647704886,0.1168365761584,-0.0959496603084,0.3156793206969,-0.2136994331302,0.2007243036498,0.2969471061748,0.1309904404446,-0.1041375702823,-0.0034513614355
-0.1982058252241,-0.2059069830356,0.1311709816158,-0.1568307887808,-0.3599855381325,0.5540440375121,0.6087184433445,-0.1890672883212,1.0000000000000,-0.4307722633496,0.1437655094282,0.1162607406609,-0.2066001195413,0.3349657099487,0.7749395490980,0.7437871045608,-0.2438218898987,-0.4854991773918,0.3713703355864,-0.2256652592223,-0.2699300311859,-0.3253603740686,-0.4957269396278,-0.3162106797006,-0.3566601151954,-0.1891090120995,-0.2337629097287,-0.0661636675214,-0.2749243902236,0.1764917957340,-0.3465677909100,-0.0462739602038,0.2673695303788,-0.0077707981590,-0.2609075888175,-0.1511178179665,-0.3774754942248,0.2787433106658,-0.2592404167313,-0.3869905484279,0.3288224086759,0.6494316543591,-0.2463666546475,0.7163753328637,-0.3363815072820,-0.1157047661094,0.4471747030037,-0.2312698089137,0.3015476729331,0.4159105014552,0.4623315128616,-0.2578967506155,-0.5341310958699,0.3111796727429,-0.2861396269504,-0.3079915986549,-0.2992830709015,-0.5626757558877,-0.3775460656212,-0.4101509299202,-0.2981342247073,-0.2797777112480,-0.0347291499725,-0.2692441257672,-0.1594432056001,-0.3641890340427,-0.3700672855987,0.4171338504119,-0.1179446868827,-0.2136382796319
0.2412139618196,0.2870398993471,0.0164546273427,0.6239505088521,0.5150513537289,-0.3590737625676,-0.0745641500510,0.2879912665051,-0.4307722633496,1.0000000000000,0.1128008472850,0.0438802867557,0.5457992135806,0.0157902186383,-0.2236327745855,-0.1947452268445,0.2892370502349,0.2278594670274,-0.0496510886048,0.2330276237240,0.5116255953574,0.3142688451918,0.6527367475326,0.3238874565739,0.6862573600051,0.2683206170915,0.2778724939412,0.0857201642479,0.3301034835852,0.1271161633777,0.3914080566643,0.0427852175080,-0.1563673950300,0.3139130430638,0.2836963329786,0.1723202104463,0.2173152985960,-0.2624484235667,0.5465113424172,0.4971960797007,-0.2167168973246,-0.3164836717149,0.2160288158086,-0.4877322720880,0.8600385790705,0.1650133141492,-0.1873391861646,0.5537001710747,-0.0041984451661,-0.2601482919308,-0.0822851984891,0.2741466681275,0.2238555271394,-0.1192921411919,0.0785713955081,0.5632993866191,0.1885004810915,0.6208386381880,0.2423163563609,0.6953596012904,0.1189849256246,-0.0559160402232,-0.0522914976403,0.2063859717129,0.1937833236953,0.1689888954943,0.0095081208230,-0.1976158168873,0.3039880545284,0.2803214560036
0.2267615192204,0.0459947383963,0.0702164006120,0.1806842635576,0.4174886990224,-0.0873821958248,0.3595754452600,0.2032956834037,0.1437655094282,0.1128008472850,1.0000000000000,0.0400495643294,0.4919537669397,0.1528926196258,0.1737343210882,-0.0278506002013,-0.0558057330857,0.1219499671819,0.1224458126394,0.1562421235574,0.4614255422878,0.2315700223569,0.0513164219777,0.2039828156677,0.0690749709102,-0.1314502069981,0.1326566354274,-0.0782074089717,0.5130466474601,0.0932638094696,0.2967839425058,0.0592781423390,-0.0262426779588,0.1510397296853,0.0506483937173,0.1481570210536,-0.1963784778762,-0.2599177244730,0.0358721442273,0.4122114178256,-0.0443122526750,0.1866528668644,0.1476728715533,0.0752174545912,-0.0015120030272,0.8415203453993,0.0053045006399,0.4365606522550,0.0718990038702,-0.0689922520946,-0.1110544598654,-0.1094527321248,-0.0318639917972,0.0283090724151,-0.1485670209890,0.4090352595430,0.1315195358573,-0.0416814871786,0.0192750041195,-0.0090420400988,-0.2710640723671,-0.2170196845670,-0.2781366665017,0.2850410771120,-0.0852364745890,0.0358303668313,-0.0985131435064,0.1178970739792,-0.0037474161359,0.0031695897360
0.1309563264779,0.2220588994601,0.2271721832250,0.2264390156321,-0.0100326794546,-0.2050858570340,-0.1131577971747,-0.0429450122619,0.1162607406609,0.0438802867557,0.0400495643294,1.0000000000000,0.0393956633532,0.6186696345288,0.2914770286969,-0.0539417724579,0.2007540176069,-0.1314372083367,0.6794462876999,0.2816436742870,0.1081867967664,0.1863813343089,0.0964367175947,0.1994159924717,0.1187758705517,0.2968709587850,0.2774009221991,0.2754285103324,0.0395020736290,0.2980834247176,0.0818164725297,-0.4194860386102,0.2900072938382,0.0555383225356,0.0268863660438,0.0531407979754,0.0988585067624,0.0014366678807,0.2744307660639,-0.1039834950906,-0.3380487781997,-0.1318238191398,-0.1879514392441,0.0673559584764,-0.0737145854683,0.0859283924053,0.7196536836921,0.0289396056542,0.6724113547254,0.1336149716527,-0.1275967422813,0.2323207544591,-0.0537160669402,0.6651137599593,0.1127960023861,0.1445100218148,0.1265617737496,0.0158480021947,0.1623998875675,0.0139884826593,0.2817988951271,0.0350358666294,0.1803558212588,0.0101942441338,0.2145649445645,-0.0421713821411,-0.3933473391903,-0.0893361528856,0.0474299397715,0.1632411216050
0.1543292332856,0.2377740449100,-0.0852529034623,0.3836937359432,0.7316016355463,-0.2858770781773,0.2046381299682,0.1402559177093,-0.2066001195413,0.5457992135806,0.4919537669397,0.0393956633532,1.0000000000000,0.0316513255963,-0.1281664343729,-0.0706345799890,0.1919190286037,0.1076648486513,0.0140666124331,0.1553625637322,0.7320846836934,0.3746607379107,0.4035468463156,0.3204380062066,0.3843654399602,-0.0363389273610,0.1051756789854,-0.1552001981566,0.5199984754776,0.1902709786313,0.3484199475520,-0.0608229575469,-0.0229017903502,0.2387575308944,0.0995398837424,0.0767567757227,0.0568774871959,-0.3131379016101,0.3111138027784,0.6895413628070,-0.1694535750321,-0.1107259210808,0.1664675060380,-0.2737134632389,0.5135860519014,0.5098611295235,-0.0998479487746,0.8858222742184,-0.0017116392455,-0.2179775919548,0.0197178396917,0.1531457925088,0.1683177962031,0.0290364498842,0.0237541046458,0.7448121068756,0.3147605590083,0.3526198992678,0.2393878965815,0.4276616472193,-0.1711786734784,-0.1546269762239,-0.2556881789730,0.4037248054303,0.2085494966922,0.2042559924451,-0.1043996608186,0.0373947275728,0.1784818516435,0.2540482719654
-0.0052140972960,0.0877304479105,0.1163559617019,0.0938529098678,0.0092987436452,-0.1189985558544,0.0068951439008,-0.1246499130103,0.3349657099487,0.0157902186383,0.1528926196258,0.6186696345288,0.0316513255963,1.0000000000000,0.5139055547709,0.0970203153101,0.1683112872036,-0.3045541410883,0.6011000815118,0.0196980924893,0.1038657814017,0.1096605911065,-0.0192998176227,0.1235229770493,0.0940541727003,0.0849975014115,0.0612590863700,0.2119880768442,0.0894974686288,0.3064779125669,-0.0665501603188,-0.2291336122755,0.4445285087076,0.0055732430189,-0.1361121939557,-0.0750010597395,-0.1301095418963,-0.0179539665075,0.0615605509454,-0.0055331016956,-0.3178507813833,-0.0008295685569,-0.2625439459602,0.1231354122746,-0.0715035965171,0.1317510584306,0.6135807947676,0.0504189298000,0.8893108812288,0.1426037675759,-0.0846604593368,0.1945795192811,-0.2022106352940,0.5144293211676,-0.1085696203725,0.1356044854309,0.1267518994353,-0.1163077485984,0.1153793588276,0.0224252606305,0.1010004085057,-0.1500864651027,0.0637016146162,-0.0084895740557,0.1458334187470,-0.2047494651227,-0.4308030321923,-0.0293648622254,-0.0607298000393,0.1041826436986
0.2207029001824,-0.0588566905947,0.2069026289142,0.0014473186236,-0.2621399069884,0.2864053336921,0.4998745591781,-0.1003473925824,0.7749395490980,-0.2236327745855,0.1737343210882,0.2914770286969,-0.1281664343729,0.5139055547709,1.0000000000000,0.5864798173933,-0.1636650869637,-0.2872224986531,0.6093421013840,0.0395856932954,-0.1182007140594,-0.1803429571438,-0.2903078026053,-0.2003161977225,-0.1439298044691,-0.1065379587729,-0.1327329633739,-0.0168387816792,-0.2264172953981,0.5724908338500,-0.2024272752950,-0.0938629104204,0.3353659638885,0.2727454520311,-0.1178237002197,0.1954411064477,-0.2818323385837,0.0752949243552,-0.0828528765559,-0.2934373931592,0.1487806087777,0.3769067203077,-0.1829077896925,0.4773615915365,-0.2064961912822,-0.0144191581911,0.4918587044425,-0.1194198539059,0.4497930149416,0.5820351100005,0.3363001987161,-0.1959822972778,-0.3129095473846,0.3700820449845,-0.1382242922615,-0.1553913350150,-0.2343661736597,-0.3672618641397,-0.2560581898895,-0.2424516061217,-0.2065661072502,-0.3047429796009,-0.1111823300791,-0.3416502970694,0.1495434989198,-0.3475592910820,-0.4054857993021,0.3239950699728,0.0682638072071,-0.0957042886854
-0.1812515961215,-0.1912059898466,-0.0599085159337,-0.0651569203244,-0.3340150671806,0.6189982169591,0.7353486696036,-0.1060761452343,0.7437871045608,-0.1947452268445,-0.0278506002013,-0.0539417724579,-0.0706345799890,0.0970203153101,0.5864798173933,1.0000000000000,-0.3301862833040,-0.3877393929468,0.1250839628398,-0.2414908646244,-0.2802254435779,-0.4635118267185,-0.3381836656300,-0.4448106981289,-0.2351816283977,-0.1745377769406,-0.2529646248741,-0.2381778008054,-0.3314701267598,0.1745187281870,-0.3388773760824,0.1638175209237,0.0998886619323,0.1046072155771,-0.1000173289010,-0.1516954824121,-0.3265843210990,0.1099669232146,-0.1455688091128,-0.2881779996324,0.5255395121164,0.5963058087542,-0.1071631828699,0.5390252164698,-0.0347199053917,-0.2708928309936,0.1938141428267,-0.1027720491489,0.1032373557826,0.3206931006325,0.8068910938281,-0.2982815726284,-0.3939511770169,0.1046488283300,-0.1549356967415,-0.3151215664262,-0.4808464513480,-0.3634723926050,-0.4962820964837,-0.1899661503727,-0.3189117953140,-0.3267193166804,-0.1927654564371,-0.3222212016440,-0.1689835520953,-0.2583511725203,-0.1823793121968,0.4421362170743,-0.0062393568520,-0.1770701013924
0.0596963586549,0.1774011866323,0.0953918870443,0.1319858246478,0.3077653447443,-0.4303587572126,-0.4125613896839,0.0036186547643,-0.2438218898987,0.2892370502349,-0.0558057330857,0.2007540176069,0.1919190286037,0.1683112872036,-0.1636650869637,-0.3301862833040,1.0000000000000,0.0438403973794,0.1995480958355,0.2345817876719,0.3033873390528,0.6615629665544,0.3918245671121,0.6312682271140,0.4238843458302,0.3143948758032,0.1065795698556,0.3270132994282,0.3319971919365,0.0356423747321,0.2530376361647,-0.2975743549921,-0.0692490714121,0.0428556497854,0.0475149786836,0.0474780179767,0.2525120160419,0.0547182462983,0.1680711889737,0.2191260950539,-0.4331998247816,-0.3147781134514,-0.1511136913772,-0.1967744003816,0.1954716331256,0.1100902992466,0.0988857275470,0.2467066386730,0.1915157597308,-0.2358360931206,-0.2735243278181,0.9180789558506,0.0948923788607,0.1556344315514,0.0973258067078,0.4078632667733,0.6066609725449,0.3774259635308,0.6387704281626,0.3958755263953,0.2799247553865,0.0039300531311,0.3201695583193,0.3261723364976,0.1495952858075,0.0714179917980,-0.2525980417306,-0.2307532937795,0.0602052815655,0.1979236166973
0.4575322286857,0.2362990541199,0.2294134957485,0.2211727099940,0.2078491612923,-0.3221897198447,-0.2624077650413,0.2480540798733,-0.4854991773918,0.2278594670274,0.1219499671819,-0.1314372083367,0.1076648486513,-0.3045541410883,-0.2872224986531,-0.3877393929468,0.0438403973794,1.0000000000000,-0.0886077117128,0.6763421250491,0.2080558892943,0.2922753590242,0.2813215709839,0.4049813635617,0.1080671943473,0.2945366672282,0.4707237706584,0.3057784595649,0.1194589549760,0.1983835490182,0.3488035911121,0.1751981070323,-0.2391296950587,0.3446635192274,0.5348128714489,0.2541683583737,0.2992834579730,-0.1276728292107,0.1465960033131,0.1856890035282,-0.0807651026284,-0.3857779105797,0.1197054739086,-0.5127199495390,0.1595380120761,0.1040264666874,-0.4433119697720,0.0598802795325,-0.3251298297705,-0.2464145155133,-0.2712745515467,-0.0031401365615,0.5723767840319,-0.3045842347760,0.2954015745386,0.0678295870236,0.1470352775364,0.2491758120428,0.1877235533882,0.0481117200211,0.1768202276519,0.1258415383786,0.1424338938318,0.0009604351880,0.0662854721268,0.0667532770092,0.3632675404310,-0.1065872101857,0.1658851028805,0.2564345878711
0.2292424310241,0.0964485318250,0.3779701842700,0.0898506492663,-0.0152390401154,-0.1754035698102,-0.0000435506581,-0.1462663572903,0.3713703355864,-0.0496510886048,0.1224458126394,0.6794462876999,0.0140666124331,0.6011000815118,0.6093421013840,0.1250839628398,0.1995480958355,-0.0886077117128,1.0000000000000,0.4492734741520,0.1572848537619,0.1447604607981,-0.0558666237013,0.1940183936009,0.0177595111424,0.1661042915627,0.1418533690501,0.2417058393090,-0.0437563603880,0.4452219866531,-0.0475350094582,-0.5075537468788,0.2692567865385,0.0967734317459,-0.0762538354139,0.1140444637740,-0.0575391551081,0.0948140329982,0.0602042448933,-0.1200500511693,-0.2887910119427,-0.0669547948178,-0.3113594511901,0.1496810258148,-0.1434445896060,0.1546158133878,0.6188720631831,0.0406442417890,0.5764176371639,0.3020127479828,-0.1050273963344,0.1629319164711,-0.0935034455002,0.6864175473329,0.1472080350852,0.1684496137317,0.0963812341478,-0.1675341376305,0.1186091672610,-0.0901436967481,0.1439888248359,-0.0695516301607,0.1316727080530,-0.1246328835092,0.2476313755015,-0.2821223549102,-0.5942196038801,-0.0044780664810,0.0261494932914,0.0815972307220
0.4420167495909,0.3247386462715,0.3341354544758,0.2772186870670,0.1522980445245,-0.4468300612885,-0.2018586702766,0.1065248351092,-0.2256652592223,0.2330276237240,0.1562421235574,0.2816436742870,0.1553625637322,0.0196980924893,0.0395856932954,-0.2414908646244,0.2345817876719,0.6763421250491,0.4492734741520,1.0000000000000,0.2712235531085,0.3734378374852,0.2695077681214,0.4498227873277,0.0945269736202,0.3355504430605,0.4199638290792,0.2670161961144,0.0962808521091,0.3986644506801,0.3042325325410,-0.1913568644434,-0.0661030362302,0.3169730293988,0.4245191636822,0.2422457767299,0.2677281377533,-0.1472885647474,0.2385281242962,0.0747077558603,-0.2880736151690,-0.3573595602869,-0.1241102930842,-0.3292053525435,0.1208693323817,0.1734017549729,-0.0021163493476,0.1865265830099,0.0189905405663,-0.0788268175783,-0.2576215932194,0.1819829371925,0.4818545056467,0.2437380075515,0.5398394971702,0.2454933913288,0.2151396609275,0.1932705177026,0.3020184124215,0.0217171056529,0.2793106729570,0.0691365424620,0.1365994655821,-0.0199694510024,0.2823322133133,-0.0587455258597,-0.1607758377950,-0.1615097537553,0.2531984090635,0.3339928828851
0.2847657662365,0.3083055894891,0.0037689969623,0.3942449529607,0.8517932423311,-0.3656153445155,-0.0793117836188,0.0517517358199,-0.2699300311859,0.5116255953574,0.4614255422878,0.1081867967664,0.7320846836934,0.1038657814017,-0.1182007140594,-0.2802254435779,0.3033873390528,0.2080558892943,0.1572848537619,0.2712235531085,1.0000000000000,0.4194995696119,0.3766304577285,0.3735906103236,0.3615526397853,0.1036639896601,0.1732406163725,-0.0413099843409,0.4657405695754,0.1604212907367,0.3089603884867,-0.1377408874748,-0.0032144783151,0.2580568290452,0.2197102650960,0.1421790751583,0.1647237297632,-0.2536830409121,0.3223884639908,0.7061875539649,-0.2735048154417,-0.2537076208176,0.0716091656033,-0.2874864841041,0.4550162353904,0.5332120752736,-0.0059195827136,0.7110844076944,0.0567679309279,-0.1220158763376,-0.2613103178023,0.2554039386555,0.2472922936901,0.1055753528799,0.1366707608622,0.8695566233676,0.3645358863068,0.3574481355697,0.3164480494218,0.4126057401083,0.0015832546790,-0.0335694168820,-0.1259171643556,0.3341018836137,0.1983737443787,0.1020269427441,-0.1818917602986,-0.1022770992455,0.2090203223619,0.3217242827052
0.2211021095659,0.2356114179794,0.2533036239007,0.1821025382654,0.4329506289389,-0.5209790707993,-0.3708602655187,0.0883694604955,-0.3253603740686,0.3142688451918,0.2315700223569,0.1863813343089,0.3746607379107,0.1096605911065,-0.1803429571438,-0.4635118267185,0.6615629665544,0.2922753590242,0.1447604607981,0.3734378374852,0.4194995696119,1.0000000000000,0.4464077160269,0.8770492535451,0.3612164533975,0.1676493763504,0.2871180796697,0.3557021523696,0.5150049582642,0.1590308026260,0.5812985646116,-0.2231602308890,-0.0822303979149,0.1821892260270,0.1112576658961,0.1117492384827,0.1864697928721,-0.1152308288584,0.2256652935600,0.3688975181841,-0.4726718912227,-0.3853182553864,-0.1206694930490,-0.2768301444842,0.1982997254744,0.3350057931415,-0.0181412956606,0.3609943285089,0.0873594408439,-0.2803151755163,-0.4181058129197,0.6223107191596,0.2087121406927,0.1176697867120,0.1299705194027,0.4824833156017,0.7993777571056,0.4082420410641,0.7351881110523,0.2909035517146,0.1173569445247,0.0247255695586,0.2467412250374,0.4093362540347,0.2575732270077,0.2237619665161,-0.1707375820240,-0.1762430697806,0.1635283364812,0.2058343429739
0.3405024294085,0.5743452296107,0.0429976588617,0.6669312843646,0.4173648377884,-0.3927810034713,-0.2203191935120,0.3272111194962,-0.4957269396278,0.6527367475326,0.0513164219777,0.0964367175947,0.4035468463156,-0.0192998176227,-0.2903078026053,-0.3381836656300,0.3918245671121,0.2813215709839,-0.0558666237013,0.2695077681214,0.3766304577285,0.4464077160269,1.0000000000000,0.4535998160871,0.5514779125756,0.3169691929388,0.3178213782588,0.1810316599688,0.3944932175539,0.1740178462269,0.6208319482294,-0.1289788201287,0.0004043040707,0.2872461596279,0.3375223490598,0.2286902362823,0.4906359123821,-0.3467858385574,0.6415378638079,0.3797108306302,-0.2416185065234,-0.4518755372585,0.2400300009945,-0.5372217788362,0.5957840570615,0.1653232530477,-0.0774739942171,0.3727615966635,-0.0093642654169,-0.2761404321879,-0.2273779023805,0.3804015568708,0.3616381435909,-0.0462107361398,0.1532956256873,0.4348643830709,0.3115390684336,0.9003031973285,0.4131308391063,0.5843485582544,0.2154795514786,0.0563300450878,0.0647586665220,0.3204526742076,0.2711692062948,0.3989536339057,-0.0518496306607,-0.1797367135996,0.2505455423310,0.4223338207860
0.2079292880164,0.2133222464630,0.3889250602886,0.1903756451301,0.4272268046326,-0.5238061123587,-0.4170124932877,0.0557305083682,-0.3162106797006,0.3238874565739,0.2039828156677,0.1994159924717,0.3204380062066,0.1235229770493,-0.2003161977225,-0.4448106981289,0.6312682271140,0.4049813635617,0.1940183936009,0.4498227873277,0.3735906103236,0.8770492535451,0.4535998160871,1.0000000000000,0.3390935227734,0.2256515564886,0.3474471233752,0.4751065197905,0.4640775681919,0.1163275365176,0.5422511615168,-0.2711191296028,-0.1256149514449,0.0763434148310,0.0742749243408,0.0454292253267,0.1923580163785,0.0161764588677,0.1930968227521,0.3632089087525,-0.4996501291158,-0.4039211960472,-0.1839941666126,-0.3528241679787,0.2171699194095,0.2756618290998,-0.0336915808216,0.2893280161963,0.1066608785962,-0.3680575390196,-0.4547541905089,0.5760901533177,0.2355030734374,0.0979830306231,0.0903565101482,0.4015067674898,0.7308870946091,0.3805980181077,0.7642821205251,0.2597513287205,0.1056487799135,-0.0306106157846,0.3633436049548,0.3643183373758,0.1421436214337,0.1832753439058,-0.1613494978506,-0.1730787143707,0.0277085048036,0.1421257272431
0.2808142413942,0.0911674707477,0.1901141694963,0.4777449971424,0.5217157811119,-0.2371860928346,-0.1745779359579,0.5136423712404,-0.3566601151954,0.6862573600051,0.0690749709102,0.1187758705517,0.3843654399602,0.0940541727003,-0.1439298044691,-0.2351816283977,0.4238843458302,0.1080671943473,0.0177595111424,0.0945269736202,0.3615526397853,0.3612164533975,0.5514779125756,0.3390935227734,1.0000000000000,0.3215845354386,0.3141608589909,0.1825270923615,0.4919140600933,0.0698541638144,0.4365494448906,-0.0756063975055,-0.0865178453275,0.0964248905532,0.1398484653445,0.2059034469331,0.1327099138563,-0.0678896314661,0.3798624707261,0.4625879408269,-0.1752489510770,-0.2220307067461,0.3746012751170,-0.3508333340611,0.5603625990567,0.1002457404059,-0.0840405151140,0.3399502869152,0.0672803396385,-0.1491421399958,-0.0711504895517,0.3567801118384,-0.0056706149360,-0.1402777388630,-0.1657718884716,0.4185561467649,0.2183587777369,0.4773111144866,0.1795048038884,0.8732714395130,0.1874250451576,0.0177619367156,0.0426431206630,0.3165020964747,0.0576190800248,0.1556257994508,0.0932061968596,-0.0938543777420,-0.0028798782051,0.1054287971164
0.1608454851236,0.3689260774270,0.1273257754353,0.4846896920845,0.0814808857881,-0.1917561530460,-0.2132770363104,0.1072871725714,-0.1891090120995,0.2683206170915,-0.1314502069981,0.2968709587850,-0.0363389273610,0.0849975014115,-0.1065379587729,-0.1745377769406,0.3143948758032,0.2945366672282,0.1661042915627,0.3355504430605,0.1036639896601,0.1676493763504,0.3169691929388,0.2256515564886,0.3215845354386,1.0000000000000,0.4021613554604,0.4721220277034,-0.0530745698160,0.1814345994046,0.1472732347837,-0.1464813762305,-0.1123004112910,0.1879719098110,0.4908022167400,0.1024877871865,0.4899439547972,0.1050566454638,0.4122724720248,-0.0282272022937,-0.1852911065517,-0.1909440332439,-0.0558121283557,-0.2872136021263,0.2193535695620,-0.1030711380961,0.0708053631105,-0.0398309411259,0.1035664546604,-0.1033479848295,-0.0594068986752,0.2703787062821,0.0888038565310,-0.0392288195549,0.1091339775796,0.0951151822326,0.0799522306645,0.2542413230431,0.0635471641814,0.2464340782234,0.7235407804511,0.1537025145212,0.3933089769424,-0.1326092306595,0.0979581494337,-0.1249312255874,0.1322751223806,-0.2404460725817,0.1704208824241,0.4020437045180
0.2704204604529,0.1788905882492,0.4405419010001,0.3422281459217,0.2165897480734,-0.1768928672866,-0.1491308279894,0.4881687633635,-0.2337629097287,0.2778724939412,0.1326566354274,0.2774009221991,0.1051756789854,0.0612590863700,-0.1327329633739,-0.2529646248741,0.1065795698556,0.4707237706584,0.1418533690501,0.4199638290792,0.1732406163725,0.2871180796697,0.3178213782588,0.3474471233752,0.3141608589909,0.4021613554604,1.0000000000000,0.4948407645432,0.2989026819206,0.0663946911448,0.5354550465114,0.0382448818052,-0.0604926072625,0.1916749495705,0.3464900138888,0.1011339172767,0.2054579431260,0.0327171519423,0.2531818367087,0.1500539906911,-0.0610394456282,-0.2500323346869,0.1967676071433,-0.3018405189968,0.1172444653436,0.0636597207829,-0.0322917323216,0.0288850681769,0.0125957862263,-0.2249191497656,-0.2451305527838,0.0864640925779,0.0976690655715,-0.0552118027218,0.0014830923356,0.1236280584352,-0.0175889899691,0.2356755827189,0.0343458764298,0.1902040886193,0.2009730043642,0.4144410854067,0.2721626169067,0.0683990192446,-0.1032893928087,0.0916002286283,0.1491903245565,-0.0901327032560,0.0246654338767,0.1564920781426
0.0483437977475,0.1544944126557,0.5132681726042,0.1895348420694,-0.0190419550970,-0.1809004168812,-0.3328272227914,0.1078478541018,-0.0661636675214,0.0857201642479,-0.0782074089717,0.2754285103324,-0.1552001981566,0.2119880768442,-0.0168387816792,-0.2381778008054,0.3270132994282,0.3057784595649,0.2417058393090,0.2670161961144,-0.0413099843409,0.3557021523696,0.1810316599688,0.4751065197905,0.1825270923615,0.4721220277034,0.4948407645432,1.0000000000000,0.0221383868197,0.1187581278139,0.1606186688082,-0.0239144171363,-0.0537916500487,0.0433997014991,0.0501096569852,-0.0512874451962,0.2015734634693,0.3613272919400,0.0824132709176,-0.0803511149295,-0.2290959147219,-0.2169007001465,-0.2116383856330,-0.1925310405274,0.0180345597853,-0.0739581691991,0.0556137425366,-0.1378509079957,0.1867549854874,-0.1164125968334,-0.2731689926632,0.3506609514228,0.0049083548057,0.0294380068743,0.0105384877142,-0.0461135337349,0.2686039238851,0.0750060055708,0.2266434042794,0.0284821577062,0.2905319897313,0.1124188039213,0.8317694177579,0.0172977942183,0.0244293624954,-0.1585767052137,0.0494814193519,-0.1451113798928,0.0254458407339,-0.0147241761941
0.1094413690138,0.0362012544728,0.0949206438318,0.2332452307526,0.6095951175121,-0.2506367247640,-0.0780936847139,0.4995300087192,-0.2749243902236,0.3301034835852,0.5130466474601,0.0395020736290,0.5199984754776,0.0894974686288,-0.2264172953981,-0.3314701267598,0.3319971919365,0.1194589549760,-0.0437563603880,0.0962808521091,0.4657405695754,0.5150049582642,0.3944932175539,0.4640775681919,0.4919140600933,-0.0530745698160,0.2989026819206,0.0221383868197,1.0000000000000,-0.1705330011331,0.6352843369348,-0.0349393799460,-0.0248966242345,-0.0660474181393,-0.0016854889485,0.0040226877323,-0.0705245677830,-0.2571303403641,0.1554831988284,0.6024291436317,-0.1436372303596,-0.1550428846456,0.3414157075325,-0.2042778276643,0.1727954662742,0.4640443332783,-0.1118943841935,0.4369595626845,-0.0033103704554,-0.3292153165768,-0.2773604737789,0.3163730106124,0.0464296180256,-0.0862584957055,-0.1613669455366,0.4780802614975,0.3471912459301,0.3486072563555,0.3024774759283,0.4031779755116,-0.1175199381561,0.0510668740320,-0.1357743238233,0.7747764493945,-0.0876560875696,0.3875712107052,0.0015350238612,-0.0320043682257,-0.1690508427050,0.0224540291762
0.5403924346427,0.3806325442486,0.1559938263544,0.3260779888441,0.0160366162859,-0.1492194261619,0.1576041367165,-0.0714388992062,0.1764917957340,0.1271161633777,0.0932638094696,0.2980834247176,0.1902709786313,0.3064779125669,0.5724908338500,0.1745187281870,0.0356423747321,0.1983835490182,0.4452219866531,0.3986644506801,0.1604212907367,0.1590308026260,0.1740178462269,0.1163275365176,0.0698541638144,0.1814345994046,0.0663946911448,0.1187581278139,-0.1705330011331,1.0000000000000,0.1263584606919,-0.1059559174254,0.2727932820080,0.6547837410034,0.2910400476985,0.4410606798757,0.1619544761373,-0.1304058180524,0.2446757396046,-0.0509194449617,-0.1309923478881,-0.0964838242333,-0.1482754167155,-0.1013614269807,0.1950367105231,0.0777398641459,0.1830310914340,0.2044769094877,0.2837533785165,0.4085109333687,0.1206812976795,-0.0131470390410,0.2455181957593,0.2675485887585,0.2480942245314,0.1517592969056,0.0734207199966,0.1132610158796,0.0653805329668,0.0216115852693,0.0398322204625,-0.2269654549598,-0.0173662313818,-0.2612189686841,0.7005662851450,-0.1231323540937,-0.2084807387999,0.0616010462164,0.5554583915335,0.3595565519717
0.4434379631615,0.3214387512213,0.2457605207835,0.4176031864339,0.4087113915567,-0.2564632299490,-0.1169767349530,0.5796727072279,-0.3465677909100,0.3914080566643,0.2967839425058,0.0818164725297,0.3484199475520,-0.0665501603188,-0.2024272752950,-0.3388773760824,0.2530376361647,0.3488035911121,-0.0475350094582,0.3042325325410,0.3089603884867,0.5812985646116,0.6208319482294,0.5422511615168,0.4365494448906,0.1472732347837,0.5354550465114,0.1606186688082,0.6352843369348,0.1263584606919,1.0000000000000,-0.1015784527320,0.0281929732915,0.2579496589997,0.3118652839018,0.2810669012647,0.1995105513682,-0.3481067981146,0.3868112032393,0.3519998389294,-0.0937373620004,-0.2383007819986,0.3018209845152,-0.2874961480988,0.2582055196599,0.2640682678983,-0.0570438938059,0.2550110346887,-0.0668453398543,-0.2382199781258,-0.2687630042719,0.1947589470856,0.2176860941689,-0.0728940094884,0.0073302398097,0.3238727857250,0.2588822396031,0.5251834174411,0.3169371244513,0.3635011434331,0.0041418440541,0.1356162434092,-0.0479026239925,0.3573808526809,0.1203674610628,0.5255311266208,-0.0179558803841,0.0137286282556,0.1142154009533,0.2460462601339
-0.1300569783018,-0.2351719473906,-0.2250114706150,-0.0656648599267,-0.1204553045000,0.1590697979349,0.2063271850005,0.2268768179956,-0.0462739602038,0.0427852175080,0.0592781423390,-0.4194860386102,-0.0608229575469,-0.2291336122755,-0.0938629104204,0.1638175209237,-0.2975743549921,0.1751981070323,-0.5075537468788,-0.1913568644434,-0.1377408874748,-0.2231602308890,-0.1289788201287,-0.2711191296028,-0.0756063975055,-0.1464813762305,0.0382448818052,-0.0239144171363,-0.0349393799460,-0.1059559174254,-0.1015784527320,1.0000000000000,-0.2849485810712,0.1629258993219,0.1480866611495,-0.1069368384532,-0.1838025631720,-0.0567449158194,-0.2003343521673,-0.0249633921318,0.3101780533532,0.1007439030362,0.2266314024803,-0.1235089302966,0.1273296867391,-0.1216645748101,-0.5703561461230,-0.0658247751416,-0.3653813046263,-0.1440709932385,0.2239926608426,-0.2362401878205,-0.0459050602712,-0.5803956533023,-0.1277564733458,-0.2376386298804,-0.2701796265922,-0.0810084761550,-0.3648459216821,-0.0784166413575,-0.2755838738272,-0.0967541322913,-0.0886692374879,0.0036615427077,-0.2346765378059,-0.0465040986927,0.6686617234172,-0.0691186157917,0.0698212755849,-0.1965984600335
0.1002788897240,0.1988130537449,0.0160084432156,0.0677929614004,-0.0345736037211,0.3371668335431,0.1739049392481,-0.0428375214112,0.2673695303788,-0.1563673950300,-0.0262426779588,0.2900072938382,-0.0229017903502,0.4445285087076,0.3353659638885,0.0998886619323,-0.0692490714121,-0.2391296950587,0.2692567865385,-0.0661030362302,-0.0032144783151,-0.0822303979149,0.0004043040707,-0.1256149514449,-0.0865178453275,-0.1123004112910,-0.0604926072625,-0.0537916500487,-0.0248966242345,0.2727932820080,0.0281929732915,-0.2849485810712,1.0000000000000,-0.0020963122588,-0.0009296245536,0.0154329662433,0.0061822041113,-0.1258190047795,0.0987677470718,-0.0646108803161,0.1930013529003,0.2088784127476,-0.0834509963824,0.2522461967786,-0.1629482258312,0.0055111538488,0.4582335284153,-0.0607317038824,0.4921723109633,0.3922891089929,0.0516900693031,-0.0891512990005,-0.0232875145456,0.3651315355306,0.0381128399237,-0.0317044495734,-0.0660101770267,-0.0825558096364,-0.0229403111627,-0.0695185187137,0.0729248406900,-0.0527195218847,-0.1247027626502,-0.0576627271668,0.2588290915893,-0.0172597337467,-0.3423442095493,0.2925533292273,-0.0397961530160,0.2238508804862
0.5404982709604,0.4224911194511,0.0310360231858,0.4597738098937,0.0768198642292,-0.1511195366504,0.1417978889760,0.1448325151060,-0.0077707981590,0.3139130430638,0.1510397296853,0.0555383225356,0.2387575308944,0.0055732430189,0.2727454520311,0.1046072155771,0.0428556497854,0.3446635192274,0.0967734317459,0.3169730293988,0.2580568290452,0.1821892260270,0.2872461596279,0.0763434148310,0.0964248905532,0.1879719098110,0.1916749495705,0.0433997014991,-0.0660474181393,0.6547837410034,0.2579496589997,0.1629258993219,-0.0020963122588,1.0000000000000,0.5648253106075,0.4530587131286,0.2666211087744,-0.2316775612949,0.3625603458157,0.0258934891365,-0.0082545569232,-0.1376961355217,0.0941926450638,-0.2074368742701,0.3378283821839,0.0899910379562,-0.0553427999859,0.2263336670808,-0.0338780715573,0.1562580597790,0.1020520713569,-0.0029851379469,0.3034644030390,-0.0251656176437,0.1857079551810,0.1943866908096,0.0084235962805,0.2810565984978,0.0129387370354,0.1027704542061,-0.0148044613710,-0.1093764492065,-0.0855244098849,-0.1817957368989,0.4035493260191,0.0220714035995,-0.0183749132091,0.0074768917768,0.7027440334087,0.4536576670015
