1.0000000000000,0.3466104210309,0.5324917084681,0.3375470232845,0.2622620789842,0.1938708684360,0.3908869194413,0.3376471365530,0.3535710288503,0.3991683395861,0.2321955654311,0.3539378741647,0.3039567025906,0.3497099297284,0.7676051656439,0.4327139786421,0.3369857130928,0.6005119392007,0.3281721871858,0.4842307423494,0.3930981322311,0.3275694466141,0.3923937854443,0.4292601185789,0.4796331673882,0.3423368444422,0.4032418839506,0.5335231523401,0.2631356230324,0.5852333123740,0.3044249272535,0.0438616375072,0.0129290196684,0.3974994566378,0.4265144070155,0.6608219689599,0.2287833927360,0.2005404334793,0.1673087572369,0.2031970166940,0.0757675411825,0.2492641507020,0.2350819863042,0.0131935728419,0.2728452591993,0.1736984919835,0.3393269849326,0.2323364740808,-0.1592027836301,0.2719034768076,0.3620349543557,0.2867734660854,0.1279676893248,-0.0218556379105,0.1350836676663,0.2611303761341,0.1649962523095,0.3831448493460,0.2178288751690,0.3691625017841,0.1794267591709,-0.1182301012633,0.3510577122284,0.0173697795610,0.4131011786335,0.0767887144481,0.1139483732240,0.3250806029849,0.3099377304471,0.3163812453228
0.3466104210309,1.0000000000000,0.1039334538850,0.6634945890776,0.1671987171477,0.1269321942789,0.2472282682405,-0.1978681754426,0.1235556474077,0.0360906143134,0.2272838086939,0.2590857049545,0.2026588822081,0.2467547008416,0.1498179748255,0.3451738295050,0.4292183792413,0.5413309756741,0.3207081525144,0.3634712748514,0.2637941515838,0.4137456440228,0.5562414171736,0.4417878579458,0.2565640783560,0.4745849296431,0.2427536910593,0.2875228419914,0.3299709114749,0.6006868658742,0.3686614859643,-0.0491342904224,0.1169885626058,0.4477126074180,0.6557229701637,0.2311986044848,0.7237609493816,-0.2649516013060,0.5803229163628,0.1556457403008,0.0816217181164,0.0805067122856,-0.3097688276626,-0.3040650967062,-0.0250609773690,0.2583003889669,0.2529640565692,0.2006203818014,0.0097256728994,-0.2687499410319,0.1431047624947,0.3850923699413,0.5631721347890,0.0901547462163,-0.0623273879791,0.2135300584835,0.2922622429217,0.4527200696607,0.4176990602105,0.1566132304036,0.3715794057897,-0.2124862437399,0.2102638625253,-0.0410679617586,0.3845832042865,0.3595557130358,0.0678713055755,0.3726361841617,0.3492481513266,0.6130517445683
0.5324917084681,0.1039334538850,1.0000000000000,0.2960955410495,0.2725174578207,0.1660475696945,0.3422682526349,0.6539688931413,0.4291085358490,0.4030166620002,0.2145174081524,0.1904021008400,0.2792186895922,0.3172809348489,0.5139115278789,0.2859935520293,0.3408213553810,0.5032905809122,0.3066983092873,0.4647380431189,0.4003063604858,0.3902013445730,0.4273194732772,0.5174909408229,0.5475431866596,0.1940287940174,0.7110289548797,0.7083352644138,0.5038591347405,0.2758937810064,0.3751157335459,0.0383656225525,0.0369230998378,0.2944437823604,0.3000548475935,0.1315362602740,-0.0544566648976,0.3878814571394,0.0704858106539,0.2225314329132,0.0187000424678,0.0770753576215,0.2265267899072,0.0016207012600,0.2402897290536,0.1193241694041,0.1009303239103,0.2288343204888,-0.2155453526283,-0.0675018829205,0.1120055852653,0.2942322094947,-0.2464611110913,-0.1958761335079,-0.1289969778583,0.3214409753415,0.2203469084130,0.2640384572052,0.2345448390689,0.3145568491737,-0.0414336652876,0.0438008817781,0.3058321927307,0.2307360242231,0.0887214469846,-0.1010646826604,-0.0378612941311,0.0480797803433,0.2781297123512,0.1295232805481
0.3375470232845,0.6634945890776,0.2960955410495,1.0000000000000,0.4338428444384,0.2875596654663,0.2727070199164,-0.1429422549891,0.3129467368483,0.3561723348948,0.2019017578053,0.2548265388475,0.4256121922110,0.4597767198106,0.2282149349498,0.4893347801955,0.2325294008129,0.5310442300449,0.3081510805512,0.4732306810985,0.5706613707639,0.2621014008676,0.5610430083863,0.2567948426882,0.3844940325000,0.4187040110925,0.2931193135579,0.2336324966556,0.3207256442506,0.4453596050241,0.0723547325372,0.0688724188678,0.1548246796885,0.3938640643912,0.5682067664090,0.1481737262882,0.4519527233372,-0.0869240858010,0.8553966475778,0.3671306306532,0.1869222548152,0.1948610646374,0.0115607347660,-0.2251014306104,0.3551966160660,0.4198682442890,0.2077360985202,0.4420917377055,0.0309393676336,-0.1043182068282,0.3822948710441,0.1846534387462,0.3954793114841,0.2186616777728,-0.2965815875188,0.5353791163693,0.1367130087741,0.3560956924347,0.2954301960901,0.3414793330789,0.2739722693678,-0.2264808637869,0.1759119194515,-0.0419087213652,0.2475732206001,0.0386122716506,0.1938057956288,0.4573610489077,0.3248689389360,0.6453704156043
0.2622620789842,0.1671987171477,0.2725174578207,0.4338428444384,1.0000000000000,0.0911141431637,0.4603078618237,0.0956873557983,0.1665365665183,0.3142869607444,0.6149293494545,-0.0457728178917,0.8538252647188,0.0941615325513,0.0932966545672,0.4467526646273,0.1855878622373,0.1913401495303,-0.0114621062180,0.1657561180492,0.8163828998438,0.1153000046128,0.3590179627782,0.1388535190266,0.4169002401393,0.1475100077366,0.2865881616951,0.1549203942136,0.3393850135568,0.2361448630617,0.0599956267376,-0.1316353853306,0.0311450131998,0.2068503299010,0.2854545134572,0.1538517405714,0.1210403291156,0.2126833309523,0.3239648661748,0.9366068129006,0.0331747885686,0.4992584747604,0.1193197387517,-0.0352388642427,0.3264650482076,0.7505730628783,-0.0111929625420,0.8368393399789,-0.2526591589853,-0.0801794875587,0.3717297706686,0.1199072540183,0.0726889382919,-0.1404433622097,-0.1077995716946,0.8618826203916,0.0510509100492,0.2572009527630,0.1009643286232,0.4296722128970,0.0565676588887,0.0230518429701,0.1227536576789,0.1746378277400,0.2065203464683,0.0092751160017,-0.0943138412218,0.2874966320457,0.1559026440690,0.2868215777721
0.1938708684360,0.1269321942789,0.1660475696945,0.2875596654663,0.0911141431637,1.0000000000000,0.5068591870125,-0.1445023037012,0.5924838165388,0.2142289464245,-0.0527333679346,0.2286140190656,0.1706792127939,0.3712232128680,0.2802942562865,0.3442546043648,-0.0048795199859,0.1434987392545,0.2952381712339,0.1629718333604,0.1962682516555,0.0727699448149,0.1680770803103,0.0316942144734,0.0804110137005,0.0307203709756,0.0576912849945,0.0610763194484,-0.1124886461974,0.1702898551027,-0.0516922926442,0.0332879525001,0.5170281555618,0.1567734411285,0.2246438245354,0.0390142225786,0.0227468946489,-0.0571868521934,0.2453769486128,0.0232589036809,0.8533959425995,0.4843091153595,-0.0927137738369,0.1982966946169,0.2279378335489,0.0394367179352,0.1262353673909,0.1623530462631,0.0998210482732,-0.0019436785097,0.3760791655251,0.0096181576490,0.0153329844911,0.2048723837413,-0.2198089615966,0.1943161419888,0.0040585755289,0.0966513538886,0.1241230072819,0.0782756907065,-0.0882515904232,-0.2565397365119,-0.0589664821267,-0.2175750542212,0.0231022699955,-0.1564470716609,0.0910535083695,0.2901114287712,0.1140145563719,0.2691311550581
0.3908869194413,0.2472282682405,0.3422682526349,0.2727070199164,0.4603078618237,0.5068591870125,1.0000000000000,0.1943066122519,0.6087739239164,0.1924920389013,0.5922238878599,0.2940675855602,0.6266291906080,0.2378127185790,0.2993187285601,0.5496590215806,0.3284132123169,0.2364832264868,0.3126098838931,0.2248973388645,0.5358798926008,0.3182904765134,0.4216960725611,0.3360404106200,0.4102534351073,0.1358687550903,0.4571181155280,0.2541809829908,0.3371515923241,0.4993088130967,0.4126306408391,-0.0559382072288,0.1722440969569,0.3617463578705,0.4330627239595,0.3174330117406,0.0999026423522,0.1798443151235,0.0465989270831,0.4340104331056,0.4497720026290,0.7514712659755,-0.0230250485377,0.2873411408530,0.1457628799799,0.4707149673626,0.2941233763735,0.5363985776836,-0.2376343077874,-0.1806608484608,0.4331913190604,0.2750190533767,0.0270907673300,-0.1452325650085,-0.0513381704360,0.4514129810656,0.0904535100784,0.3359224522661,0.1089840565800,0.3542765674891,-0.0552096686419,-0.0207665927091,0.1178546447104,0.1545247739953,0.2699207811322,0.1177484570985,0.0344728659429,0.3252957069868,0.1824933343774,0.3387088451949
0.3376471365530,-0.1978681754426,0.6539688931413,-0.1429422549891,0.0956873557983,-0.1445023037012,0.1943066122519,1.0000000000000,0.1314418992071,0.3625165073560,0.2885104976051,-0.0257866708991,0.1293505785377,0.0726305494272,0.3605167188372,0.1345618911113,0.2414934355816,0.1294386786434,0.0164486406701,0.1677271355256,0.1521491956433,0.3433599472056,0.2285122298098,0.4204930963776,0.5322739222937,0.1840755281573,0.5607390715442,0.6082655703291,0.5299116890518,0.1164078174116,0.4560032835666,0.0050841531113,-0.0360676050981,0.1014358866044,0.0062296007322,0.1491782142647,-0.3023281972649,0.4726505855730,-0.3510024895339,0.1155822384185,-0.2598749068727,-0.1247924644345,0.4879019790847,-0.0734484442462,0.2160665632672,-0.0579040855699,-0.0943183294400,0.0523783137514,-0.2664523004819,-0.0557907672227,-0.0052077956970,0.2042655815779,-0.5198694557745,-0.5707486229074,0.0199418280261,0.0340684389093,0.2367490532202,0.1275150764262,0.0073101804834,0.3535578331905,-0.0235802619079,0.2109378791520,0.3459733976303,0.4884558788681,-0.0380287904547,-0.0919139677703,-0.1382767056062,-0.2121900624769,-0.0079468044878,-0.2688755881126
0.3535710288503,0.1235556474077,0.4291085358490,0.3129467368483,0.1665365665183,0.5924838165388,0.6087739239164,0.1314418992071,1.0000000000000,0.1459706240615,0.1950517413536,0.5418498008627,0.2557296724622,0.4364085260642,0.5680504866137,0.4273486938354,0.1711829428353,0.3148963560697,0.6326986929666,0.4812659166484,0.3370818365826,0.2181789118257,0.3492405189032,0.2128970403923,0.2201128518528,0.0168977081095,0.4374300895227,0.1619080840535,0.2236173163486,0.4315797921058,0.3143001119226,0.1285288643866,0.2606611732857,0.3396267314362,0.3682612097004,0.1455901225761,0.0132005489604,0.2549294906610,0.1351439393731,0.0954310098982,0.4794196094063,0.4627414501313,0.0085728166260,0.3631204706577,0.1319960506411,0.1150903706474,0.3997115094035,0.1993639063328,-0.1485086924235,-0.0339723027007,0.3728554365347,0.1971049438946,-0.0918688835345,0.0920437634083,-0.1140440592415,0.2549039372617,0.0482505903830,0.2099152526920,0.0973969832752,0.1715874321627,-0.1454708045481,-0.0561225107239,-0.0327587788256,0.0604992977219,0.1556741869003,0.0021854507357,0.1745139343295,0.2337435551987,0.2226480836782,0.3689483720436
0.3991683395861,0.0360906143134,0.4030166620002,0.3561723348948,0.3142869607444,0.2142289464245,0.1924920389013,0.3625165073560,0.1459706240615,1.0000000000000,0.0672563994539,0.1100019532436,0.3007494767908,0.4590668105245,0.3772497065744,0.3938084026351,0.0559584842174,0.0740777108335,0.0118984143324,0.0758258659400,0.3848295958607,0.0868921764678,0.2937170004561,0.1118483618710,0.6605394224405,0.2781631383232,0.1774988683295,0.4040016768045,0.0659893945108,0.0994376337819,-0.1452083170182,0.1479362133074,0.0417519127172,0.0287545216530,-0.0246346311106,0.1240179778051,-0.1695880887653,0.1652758877801,0.2385169319237,0.2487109678009,0.1556781122428,0.1006282324358,0.4516758901313,-0.1258214866030,0.8503819280983,0.1291278178229,0.0108265694544,0.3080680109961,0.1677995339385,0.1887081430966,0.3556332246972,-0.0459591882854,-0.2521965942062,-0.0321450432088,-0.1312328413672,0.3099661349824,0.0173554311871,0.1412440813452,0.0915370146470,0.5967987022006,0.0355622031575,-0.2007538840652,0.2576920933679,-0.0445481015325,0.0870001334484,-0.2929491964645,0.0928865961974,0.1361656768985,-0.0393220413549,-0.0665068144125
0.2321955654311,0.2272838086939,0.2145174081524,0.2019017578053,0.6149293494545,-0.0527333679346,0.5922238878599,0.2885104976051,0.1950517413536,0.0672563994539,1.0000000000000,-0.0059636552819,0.6810413070708,-0.0460430052193,0.1459646302384,0.3545996985382,0.3281869089661,0.1666423536779,0.0665813836304,0.1979074954004,0.5933999838181,0.3081748137391,0.3871971492925,0.3293003181522,0.3516705047857,0.1933422195547,0.4219826573158,0.2119002663552,0.5192331716694,0.4142421154384,0.4176300243653,-0.1399482910501,0.0046354749152,0.2734142453604,0.3160108089483,0.2423197979027,0.0732432026687,0.2642200863708,0.0318534841871,0.6005451678548,-0.1187162170705,0.4594281717074,0.0516404540265,-0.0111095945418,0.0714278116949,0.7547144952677,0.0719813466578,0.6119875843697,-0.3839676932364,-0.2292749571087,0.1952306531173,0.2844251233641,0.0319228461639,-0.3731095816099,0.0554629297483,0.5163097223890,0.1161553985710,0.2926011198242,0.0265176076220,0.3405788931188,0.0967852578183,0.1209955594000,0.2025700386822,0.4009879119213,0.2109964387687,0.1370262874414,-0.0990685069186,0.1106335773024,0.1042179355183,0.1906481368670
0.3539378741647,0.2590857049545,0.1904021008400,0.2548265388475,-0.0457728178917,0.2286140190656,0.2940675855602,-0.0257866708991,0.5418498008627,0.1100019532436,-0.0059636552819,1.0000000000000,0.0742444062045,0.5373350608118,0.4559835226923,0.1783389363478,0.1297320780617,0.2285367582453,0.7141493888324,0.3252352339685,0.1581037010812,0.1259728599627,0.2427062954005,0.1357184701704,0.1486040086564,0.1521249596597,0.2020640904743,0.1720811567479,0.1106729583124,0.3496064396237,0.1716906223087,0.5236073086505,-0.0048009241304,0.1439020386280,0.1984648445213,0.2361194701372,0.0991240676249,0.0326858721215,0.1495861488802,-0.1057050244103,0.2720657998235,0.2558687265444,-0.0450960428756,0.3463783016936,0.0125066893382,0.0366308078446,0.7883110605815,-0.0013971953931,0.2594231831661,0.1281544316975,0.1832158608904,0.1238419262331,0.1052705776674,0.4764389800577,0.1205684730333,0.0490626691166,-0.0395076106636,0.1663033819463,0.0753489488408,0.0496094288733,0.0277145039628,-0.1950163710446,0.0395731133665,-0.0566681209362,0.2895794100393,0.0499150994500,0.6021471267605,0.2831103782077,0.0967204293688,0.2468196543808
0.3039567025906,0.2026588822081,0.2792186895922,0.4256121922110,0.8538252647188,0.1706792127939,0.6266291906080,0.1293505785377,0.2557296724622,0.3007494767908,0.6810413070708,0.0742444062045,1.0000000000000,0.2170032793172,0.1592936740027,0.5645869391803,0.2505869060328,0.2411512827969,0.1120373922198,0.2619422260984,0.8940730813603,0.2436338978116,0.4078189049188,0.2352441946767,0.4220975139151,0.1600726377543,0.3776314746710,0.1863651967904,0.3632848716682,0.3539806139952,0.1451533641355,-0.0158550303391,0.0189704794947,0.3239801770926,0.3736498703402,0.2299789235453,0.1591463722926,0.1901551399206,0.2706232498365,0.7930091917554,0.0904750048274,0.6008424288170,0.1152848109736,-0.0083405461412,0.3211688276337,0.8121617056043,0.0993398949111,0.9345020094864,-0.2734565420222,-0.1005263420845,0.4290063849957,0.1869714553830,0.0508233103635,-0.1071993637674,-0.1042873348771,0.8644676990352,0.0963438124981,0.3381901354187,0.1629142634195,0.4484156801293,0.0262925733239,0.0142951822782,0.1558259971799,0.1765329176690,0.2662125821892,-0.0035006846348,0.0212251661367,0.3128690904194,0.2577663243587,0.3440384060959
0.3497099297284,0.2467547008416,0.3172809348489,0.4597767198106,0.0941615325513,0.3712232128680,0.2378127185790,0.0726305494272,0.4364085260642,0.4590668105245,-0.0460430052193,0.5373350608118,0.2170032793172,1.0000000000000,0.5330810946703,0.4153386479865,0.1501958486719,0.3295536308062,0.5096011156583,0.4208668891052,0.3712738512706,0.2653165522665,0.2253897808590,0.2407143818580,0.2846564286661,0.4425393899388,0.2905371325180,0.4301868951519,0.1199976578369,0.2831196907662,-0.0473650018739,0.4246136712894,0.1395759045233,0.2402270853467,0.2195242550175,0.0807588032311,0.1109730466188,-0.0178235003098,0.3970732497672,0.0099237684097,0.2744677178594,0.1416960331943,0.1852557185641,0.0547394712418,0.4346872036094,0.1041168718001,0.3320210505036,0.1954328993249,0.4951913744976,0.2279801368097,0.3644884957245,0.1420577281272,-0.0938329695980,0.3219273324150,-0.3279346917353,0.2621846060612,0.0930697938775,0.1221368266557,0.1843956140921,0.2230291977493,0.1323950571354,-0.3743681307240,0.3207549972266,-0.1314062213878,0.0174445907949,-0.2247350487546,0.4436561093038,0.3861149598131,0.1450326640097,0.2258570923444
0.7676051656439,0.1498179748255,0.5139115278789,0.2282149349498,0.0932966545672,0.2802942562865,0.2993187285601,0.3605167188372,0.5680504866137,0.3772497065744,0.1459646302384,0.4559835226923,0.1592936740027,0.5330810946703,1.0000000000000,0.3725772610455,0.2271948418395,0.4548063925453,0.5113814007405,0.5771581172697,0.2794741949993,0.2933225926257,0.2689275050224,0.3248734833090,0.3713326124383,0.2777046016785,0.4088929729169,0.4701026335194,0.2054589790555,0.5035290055760,0.2259261015171,0.1844737616483,0.1484264120955,0.2872858329579,0.2948974134726,0.3656446325237,0.0545736320166,0.1937291941955,0.1389885467624,0.0135556535758,0.1426568459502,0.1654156361582,0.2013525576251,0.1177132434736,0.2829184836672,-0.0019831683881,0.3192595543295,0.1042566045612,0.0232062501170,0.3315662247723,0.3128326257496,0.2286149035107,-0.1476084753307,0.0305379963140,-0.0366816635223,0.1507908212580,0.0994473958764,0.2378786694173,0.1011356201846,0.2611959485118,0.0978458997933,-0.1880345380149,0.2435882030635,0.0079466603507,0.2312324688043,-0.1193323885560,0.1999619099201,0.2649905497419,0.2323118281342,0.1882966556967
0.4327139786421,0.3451738295050,0.2859935520293,0.4893347801955,0.4467526646273,0.3442546043648,0.5496590215806,0.1345618911113,0.4273486938354,0.3938084026351,0.3545996985382,0.1783389363478,0.5645869391803,0.4153386479865,0.3725772610455,1.0000000000000,0.3105309631386,0.4069463926306,0.2984176896221,0.3934586138503,0.6010789044278,0.2947414495537,0.4788485679529,0.3076041500211,0.5225464488548,0.3626465895611,0.3615719609586,0.2595984875588,0.2634326716236,0.5430239957904,0.2703994047227,-0.0626343779531,0.2005586983176,0.5710233340231,0.5874184163753,0.3205789437672,0.3164573517631,0.2576449472468,0.3289146478946,0.3487190961176,0.2181171617038,0.4440099006798,0.2341229807647,-0.0094886957426,0.4094605324923,0.4167485788788,0.1816569840137,0.4787353735261,-0.1359352963930,0.0275608995479,0.7499730720515,0.2662295983387,0.1281491794169,-0.0779644745986,-0.0567845747241,0.5035498592068,0.1312576677530,0.4005220641689,0.2119181926864,0.5318535309673,0.1630725749095,-0.0505730414108,0.2659102950738,0.0496885575114,0.3035481675543,0.0701618924182,0.0239920620948,0.4232192359023,0.3871937681457,0.5428613273153
0.3369857130928,0.4292183792413,0.3408213553810,0.2325294008129,0.1855878622373,-0.0048795199859,0.3284132123169,0.2414934355816,0.1711829428353,0.0559584842174,0.3281869089661,0.1297320780617,0.2505869060328,0.1501958486719,0.2271948418395,0.3105309631386,1.0000000000000,0.3754078992281,0.3012019908510,0.4087486480683,0.2830594980717,0.5237083013476,0.5461169348099,0.6600396194028,0.4184202078638,0.1949319848566,0.4856301230274,0.3800451767065,0.5996902803834,0.5082892947761,0.5432920647585,-0.1110230142162,-0.0245356364169,0.4871117170974,0.4631245742790,0.1589235069122,0.4720511479688,0.1412336740112,0.0969680941764,0.1273334227716,-0.0638319231331,0.1023145752774,0.0190657802985,-0.1204933238286,0.0334895522524,0.1731708079176,0.1233755408753,0.1416181811644,-0.1819070367176,-0.1889997068939,0.0586810831781,0.9282854111630,0.1214730594135,-0.2341016113166,-0.0173607274336,0.1608730600979,0.3359072133354,0.6380401574422,0.4543429676450,0.3961096972759,0.0298418570866,0.1093199372081,0.3281679334016,0.3832265649582,0.3220490316578,0.4051519145440,-0.0612860665565,0.1919332590555,0.3291765957907,0.3252620705069
0.6005119392007,0.5413309756741,0.5032905809122,0.5310442300449,0.1913401495303,0.1434987392545,0.2364832264868,0.1294386786434,0.3148963560697,0.0740777108335,0.1666423536779,0.2285367582453,0.2411512827969,0.3295536308062,0.4548063925453,0.4069463926306,0.3754078992281,1.0000000000000,0.4047419480366,0.7465384107097,0.4090568344764,0.4395281487129,0.4481134617749,0.5526169714280,0.2959363342779,0.3595187963670,0.4953698970357,0.4471881271112,0.4251816224729,0.6019583936038,0.3709851973427,-0.1020632970670,0.1220979657016,0.5253629720769,0.6786750075165,0.3353989577257,0.4463548343829,0.0387122863818,0.3839180965036,0.1560936611639,-0.0114381032149,0.0228562963446,-0.0372215328906,-0.2409243039155,-0.0055796738848,0.1885352110621,0.1970573874968,0.2059488640063,-0.1586346086955,-0.1001448385140,0.2187940878286,0.3491429397629,0.4172129102313,0.0307864434769,-0.0058822024485,0.3193076041046,0.2459946830020,0.3300341784043,0.3960309935628,0.1847129053006,0.1972110285152,-0.0528680341807,0.2682150052496,0.0819918789039,0.2017620167962,0.0852925887543,-0.0231060229545,0.3234612223228,0.4486511094815,0.5822817216832
0.3281721871858,0.3207081525144,0.3066983092873,0.3081510805512,-0.0114621062180,0.2952381712339,0.3126098838931,0.0164486406701,0.6326986929666,0.0118984143324,0.0665813836304,0.7141493888324,0.1120373922198,0.5096011156583,0.5113814007405,0.2984176896221,0.3012019908510,0.4047419480366,1.0000000000000,0.6400076034532,0.2060747901318,0.3438817386907,0.4053851699046,0.3432570410590,0.1009914278287,0.1165022543201,0.3954440601778,0.2227651534027,0.2780694227691,0.4572953557851,0.3596905198523,0.1421998731622,0.0932615315555,0.2547232575098,0.3959259318862,0.1104369039268,0.1991555629597,0.0988532551800,0.2234735635231,-0.0783025434657,0.2390910765398,0.1573235597332,-0.1119277051256,0.1490855823406,0.0456130184700,0.0338886784518,0.5370510598385,0.0274409952365,0.1213909943640,-0.0434419329818,0.1751120947976,0.3029965847714,0.1188205044265,0.3674122118609,0.0168111936083,0.1025051560825,0.1368352081033,0.2800255610980,0.2205997163393,0.0443815098449,-0.0317673849739,-0.0506174147236,0.0854927939673,0.0259762445574,0.1645361774176,0.1076272975079,0.2939303874829,0.2536056379129,0.1517735136591,0.3718039522075
0.4842307423494,0.3634712748514,0.4647380431189,0.4732306810985,0.1657561180492,0.1629718333604,0.2248973388645,0.1677271355256,0.4812659166484,0.0758258659400,0.1979074954004,0.3252352339685,0.2619422260984,0.4208668891052,0.5771581172697,0.3934586138503,0.4087486480683,0.7465384107097,0.6400076034532,1.0000000000000,0.4345812763603,0.4380710762671,0.5273784949141,0.4849123188061,0.2384153868194,0.1815776944531,0.5620610607174,0.3556762604188,0.4777408915872,0.5512795625642,0.4066549312821,0.0014096205386,0.0537124202031,0.4165158963178,0.6092507946574,0.1317857002838,0.3367892106640,0.1734840317576,0.3613819385956,0.0606921385803,-0.0292734719899,0.0452537465454,0.0851567898138,-0.1540631736979,0.1257148511708,0.1699175274311,0.2181381966209,0.1963179025995,-0.1765604185006,-0.0123008081230,0.1837524033791,0.4196889488736,0.1903918342755,0.0648353120959,-0.0355773847715,0.3071454986850,0.2012106615153,0.4381402405203,0.2996359995772,0.1910456450312,0.0308350208503,0.0038439164972,0.2357172504511,0.1781307126565,0.2025481848078,0.1060111244596,0.0974548730021,0.2208338421439,0.3080463730882,0.5336409367893
0.3930981322311,0.2637941515838,0.4003063604858,0.5706613707639,0.8163828998438,0.1962682516555,0.5358798926008,0.1521491956433,0.3370818365826,0.3848295958607,0.5933999838181,0.1581037010812,0.8940730813603,0.3712738512706,0.2794741949993,0.6010789044278,0.2830594980717,0.4090568344764,0.2060747901318,0.4345812763603,1.0000000000000,0.3245907552804,0.4535391842617,0.3185775902314,0.4736010803051,0.2208725278187,0.4421856538201,0.2618668200493,0.3973177262188,0.4308393794748,0.1539408214662,0.0499698028192,0.0411129027785,0.3885551482238,0.4386444274758,0.2825018431603,0.2094098126448,0.2660329824501,0.3972645025832,0.7382353701777,0.0861024183953,0.4683042176742,0.2344879349896,-0.0705992528605,0.4098280140710,0.7513490842254,0.1611756919891,0.8725939951071,-0.2221634705996,-0.0382330431274,0.4792318528499,0.2283700248071,0.0808343149912,-0.0334032323410,-0.1395418096302,0.9269318847567,0.1429325372428,0.3500122170187,0.2310663903314,0.5099613172843,0.0392716481869,-0.0149860491684,0.2670006485242,0.1713952842704,0.2206067837992,-0.0243804555850,0.1104814659989,0.3654211127522,0.3021666134127,0.4472048436083
0.3275694466141,0.4137456440228,0.3902013445730,0.2621014008676,0.1153000046128,0.0727699448149,0.3182904765134,0.3433599472056,0.2181789118257,0.0868921764678,0.3081748137391,0.1259728599627,0.2436338978116,0.2653165522665,0.2933225926257,0.2947414495537,0.5237083013476,0.4395281487129,0.3438817386907,0.4380710762671,0.3245907552804,1.0000000000000,0.4785938047028,0.9141711093774,0.3435495075276,0.2630296326693,0.5040090682705,0.4426424764110,0.6447996969207,0.5548762449978,0.5930093292304,-0.0740243319948,0.0408063296052,0.4975569926922,0.5007774660037,0.1638490233847,0.3635904955341,0.1274775363579,0.1189961553755,0.0700050543723,-0.0375010702630,0.0177420632229,0.0109306021097,-0.1655280080396,0.0545134158402,0.0830032871170,0.1075060454370,0.1528940879157,-0.1125635813490,-0.2258477653152,0.0859722617226,0.5228786895641,0.0055696956257,-0.2120923319213,-0.1698900742759,0.1499754130999,0.7858552068904,0.4694560663066,0.7067153244361,0.2670839774071,0.1199278002974,0.0411614603954,0.3790166609532,0.4218525714570,0.1324878480713,0.3100603960828,0.0000081306863,0.1725681892149,0.3615046910852,0.3321075040612
0.3923937854443,0.5562414171736,0.4273194732772,0.5610430083863,0.3590179627782,0.1680770803103,0.4216960725611,0.2285122298098,0.3492405189032,0.2937170004561,0.3871971492925,0.2427062954005,0.4078189049188,0.2253897808590,0.2689275050224,0.4788485679529,0.5461169348099,0.4481134617749,0.4053851699046,0.5273784949141,0.4535391842617,0.4785938047028,1.0000000000000,0.5353842261043,0.5406412338399,0.2603961855969,0.5174604067510,0.3897252490732,0.5992539213226,0.5388092137883,0.5777675343694,-0.0524918777755,-0.0171378510819,0.4768628952025,0.5765910110710,0.2295557489191,0.4095186541178,0.2282107466641,0.3341081734889,0.2429121746667,0.0589748255495,0.2164168126031,0.1459132443729,-0.1645228237787,0.3049283685714,0.2952895870746,0.2150543590532,0.2834753563691,-0.2794337705131,-0.2347276419801,0.2211972071171,0.4833695529110,0.2525474227899,-0.1686455828847,0.0751635434295,0.3267814353468,0.2705993478023,0.8238692130645,0.4018611259668,0.4676990018466,0.1079178098638,0.0605068746817,0.2777228013976,0.2881527029550,0.4162889910753,0.3908217966546,0.0218804588122,0.1962711147288,0.3212723869857,0.4987042915174
0.4292601185789,0.4417878579458,0.5174909408229,0.2567948426882,0.1388535190266,0.0316942144734,0.3360404106200,0.4204930963776,0.2128970403923,0.1118483618710,0.3293003181522,0.1357184701704,0.2352441946767,0.2407143818580,0.3248734833090,0.3076041500211,0.6600396194028,0.5526169714280,0.3432570410590,0.4849123188061,0.3185775902314,0.9141711093774,0.5353842261043,1.0000000000000,0.4313531575247,0.2931592024042,0.5747234822001,0.5533813693526,0.7066964430201,0.5780374871159,0.6350395487581,-0.1182846391537,0.0247090014699,0.5186441690183,0.5482460322851,0.1941941407377,0.3739420517519,0.1956033372412,0.0851455732381,0.0897881153349,-0.0738434089186,0.0086648414293,0.0212872225217,-0.1431285045095,0.0354336910595,0.0866489614898,0.1288796185633,0.1309221519988,-0.1342732068387,-0.2086186134130,0.0717508138886,0.6297656925954,0.0357832503736,-0.2624668742862,-0.1099787504836,0.1495148864552,0.6846539621839,0.5145150529670,0.6711916177248,0.3244136404323,0.1475636993676,0.0667309178623,0.4334250215725,0.4630212365752,0.1830332865790,0.3043133383208,-0.0626080061900,0.1573624618141,0.3794080847913,0.3445355840522
0.4796331673882,0.2565640783560,0.5475431866596,0.3844940325000,0.4169002401393,0.0804110137005,0.4102534351073,0.5322739222937,0.2201128518528,0.6605394224405,0.3516705047857,0.1486040086564,0.4220975139151,0.2846564286661,0.3713326124383,0.5225464488548,0.4184202078638,0.2959363342779,0.1009914278287,0.2384153868194,0.4736010803051,0.3435495075276,0.5406412338399,0.4313531575247,1.0000000000000,0.3508386141028,0.5271693319800,0.5132373741092,0.4726099181116,0.3786150710105,0.3588928415018,0.0038627482105,-0.0169639871941,0.3174798507619,0.3306131467892,0.2103877253719,0.1330453150386,0.2684195762700,0.1893014870895,0.3709569253191,0.0169159522574,0.1813923577010,0.3593570736776,-0.1271210648456,0.4835703507850,0.2313162103515,0.1203277975805,0.3395683747871,-0.1376913312131,-0.1074275835922,0.3718812706026,0.3171850896937,-0.0959843488480,-0.2975290495787,-0.1039560520940,0.3569075415796,0.1603629393034,0.4398994677731,0.1886492781695,0.8193352908692,0.0777129262657,-0.0080829064056,0.3486331609848,0.2251182527814,0.2522172062917,0.0611484692443,0.0135836023243,0.1964531611865,0.1672717301179,0.1854568339053
0.3423368444422,0.4745849296431,0.1940287940174,0.4187040110925,0.1475100077366,0.0307203709756,0.1358687550903,0.1840755281573,0.0168977081095,0.2781631383232,0.1933422195547,0.1521249596597,0.1600726377543,0.4425393899388,0.2777046016785,0.3626465895611,0.1949319848566,0.3595187963670,0.1165022543201,0.1815776944531,0.2208725278187,0.2630296326693,0.2603961855969,0.2931592024042,0.3508386141028,1.0000000000000,0.3265935034578,0.6090789219137,0.2454421171525,0.3247270377322,0.1389134568982,-0.0257500318770,0.0811343319835,0.3244233420688,0.4247186305788,0.3155468715881,0.2697285330523,-0.0137140994628,0.3344615102797,0.1011630543272,-0.0647610910383,-0.0311688961982,0.0018129078133,-0.2080387988748,0.1553730768905,0.1453596694176,0.1494714451887,0.1237408564099,0.2282932471543,-0.0083152526067,0.2339890001647,0.1453600648571,0.1654791172706,-0.0876033781991,-0.0432778562559,0.1336114127061,0.1759810235574,0.1921783537934,0.1200961785444,0.1701560860208,0.7799588808733,-0.1604883735979,0.5463471822323,-0.0265734855961,0.0643879908246,-0.1094498426838,0.0487772682899,0.2489393319377,0.2031077589588,0.2515633116917
0.4032418839506,0.2427536910593,0.7110289548797,0.2931193135579,0.2865881616951,0.0576912849945,0.4571181155280,0.5607390715442,0.4374300895227,0.1774988683295,0.4219826573158,0.2020640904743,0.3776314746710,0.2905371325180,0.4088929729169,0.3615719609586,0.4856301230274,0.4953698970357,0.3954440601778,0.5620610607174,0.4421856538201,0.5040090682705,0.5174604067510,0.5747234822001,0.5271693319800,0.3265935034578,1.0000000000000,0.6161920350488,0.6718350614069,0.4586604068855,0.5725069205385,-0.0107924350893,-0.0182765967256,0.4356478847902,0.4964669470158,0.1483428819936,0.1390037691738,0.3206939003359,0.0345641380010,0.2484060617875,-0.0954615483203,0.1252772877691,0.1264598266964,-0.0500766522687,0.0607431556009,0.1900741079756,0.1667300603635,0.2792536514612,-0.3426165141347,-0.2991367047343,0.0844916446552,0.4483792844193,-0.1761397837235,-0.3502446755014,-0.0874433823014,0.3193099588238,0.2719247856570,0.4101284533323,0.2215689908717,0.3070024238818,0.0441879394533,0.2545632104188,0.3312601904586,0.3737388978248,0.0934199322055,0.1145906518393,-0.0489341440092,0.0964783447449,0.2746941038896,0.2460345023608
0.5335231523401,0.2875228419914,0.7083352644138,0.2336324966556,0.1549203942136,0.0610763194484,0.2541809829908,0.6082655703291,0.1619080840535,0.4040016768045,0.2119002663552,0.1720811567479,0.1863651967904,0.4301868951519,0.4701026335194,0.2595984875588,0.3800451767065,0.4471881271112,0.2227651534027,0.3556762604188,0.2618668200493,0.4426424764110,0.3897252490732,0.5533813693526,0.5132373741092,0.6090789219137,0.6161920350488,1.0000000000000,0.4592065743548,0.2498400572079,0.3457172646880,0.0314799918461,-0.0126691499106,0.2468075457702,0.2905381953900,0.2357141199523,0.0830320722290,0.2152681214698,0.0926811976435,0.0993611473121,-0.0729748385728,-0.0538551847797,0.1730889821988,-0.1334819882064,0.2385075684324,0.0586691237229,0.0561377007888,0.1228957186620,0.0243690851716,-0.0251651662173,0.0198735658903,0.3253705900773,-0.1788759521159,-0.2513753557684,-0.0938308877152,0.1588044443395,0.2611147975431,0.2933910003407,0.2274497966906,0.2398973559812,0.3568111963061,-0.0818841421277,0.6638194758934,0.1514798446095,0.0184661184150,-0.1191095561139,-0.0437955200666,0.0714156389642,0.1686795165243,0.0281029074461
0.2631356230324,0.3299709114749,0.5038591347405,0.3207256442506,0.3393850135568,-0.1124886461974,0.3371515923241,0.5299116890518,0.2236173163486,0.0659893945108,0.5192331716694,0.1106729583124,0.3632848716682,0.1199976578369,0.2054589790555,0.2634326716236,0.5996902803834,0.4251816224729,0.2780694227691,0.4777408915872,0.3973177262188,0.6447996969207,0.5992539213226,0.7066964430201,0.4726099181116,0.2454421171525,0.6718350614069,0.4592065743548,1.0000000000000,0.4207850217913,0.6462980289247,-0.0674165046312,-0.0614102870391,0.3339631705190,0.4101430230814,0.1102353323397,0.2408466830495,0.2697308381935,0.1126067081057,0.3056624925418,-0.2120997241936,0.0687450677583,0.1579203147708,-0.1367115437587,0.0139787849309,0.2927001977033,0.1221246367959,0.2617615330956,-0.2956401920805,-0.3338248642565,0.0001660679205,0.5675986679338,-0.0097917915626,-0.3438066497821,-0.0783793791551,0.2858503167592,0.4494810518942,0.4984285716901,0.3718814282943,0.3600236435924,0.0847715803873,0.1673644748590,0.3293746364758,0.7156374498834,0.1581864715376,0.3041849567867,-0.0416058074720,0.0770499501864,0.1960813000354,0.2536384043431
0.5852333123740,0.6006868658742,0.2758937810064,0.4453596050241,0.2361448630617,0.1702898551027,0.4993088130967,0.1164078174116,0.4315797921058,0.0994376337819,0.4142421154384,0.3496064396237,0.3539806139952,0.2831196907662,0.5035290055760,0.5430239957904,0.5082892947761,0.6019583936038,0.4572953557851,0.5512795625642,0.4308393794748,0.5548762449978,0.5388092137883,0.5780374871159,0.3786150710105,0.3247270377322,0.4586604068855,0.2498400572079,0.4207850217913,1.0000000000000,0.5848266950706,-0.1117869239889,0.1062603836590,0.6942940631874,0.7669535300644,0.4561300877171,0.5153913169288,0.1380170307335,0.2253390965086,0.1942869309210,0.0901169269249,0.2697528582881,-0.0030906039851,-0.0629640512985,0.0785617465789,0.2499839512824,0.4349901945411,0.2848741454802,-0.2283397742670,-0.0936679864449,0.4284968018428,0.4838844748819,0.3133269105167,-0.0844152786141,0.0507906066308,0.2662600967948,0.3412685648094,0.5171877990890,0.3996918468448,0.3629400731452,0.1599955758904,0.0256369879730,0.2465476878086,0.1762586102528,0.5836088811097,0.3861662384521,0.1039689998360,0.3859051802458,0.5072015567960,0.6924546540707
0.3044249272535,0.3686614859643,0.3751157335459,0.0723547325372,0.0599956267376,-0.0516922926442,0.4126306408391,0.4560032835666,0.3143001119226,-0.1452083170182,0.4176300243653,0.1716906223087,0.1451533641355,-0.0473650018739,0.2259261015171,0.2703994047227,0.5432920647585,0.3709851973427,0.3596905198523,0.4066549312821,0.1539408214662,0.5930093292304,0.5777675343694,0.6350395487581,0.3588928415018,0.1389134568982,0.5725069205385,0.3457172646880,0.6462980289247,0.5848266950706,1.0000000000000,-0.2172144975138,0.0017476036514,0.4222717169367,0.5341505717691,0.2697438774198,0.2730745779754,0.3212289629223,-0.1657847746949,0.0702863397249,-0.1523355540668,0.1058738188220,0.0223676944745,-0.0273379135537,-0.1947072156687,0.0661640645694,0.2251521656562,0.0324280857295,-0.4221279831735,-0.3348218849669,0.0865427194422,0.5331114925571,0.1268729581071,-0.4069578743247,0.2230284785404,0.0250733403341,0.3575235765491,0.5304093646989,0.2286335365557,0.2489695585226,0.0451839726093,0.2369249391820,0.2310424193075,0.4374040793290,0.2956687697115,0.5723593300111,-0.1376577026738,0.0109786519486,0.2502382382404,0.3318042165010
0.0438616375072,-0.0491342904224,0.0383656225525,0.0688724188678,-0.1316353853306,0.0332879525001,-0.0559382072288,0.0050841531113,0.1285288643866,0.1479362133074,-0.1399482910501,0.5236073086505,-0.0158550303391,0.4246136712894,0.1844737616483,-0.0626343779531,-0.1110230142162,-0.1020632970670,0.1421998731622,0.0014096205386,0.0499698028192,-0.0740243319948,-0.0524918777755,-0.1182846391537,0.0038627482105,-0.0257500318770,-0.0107924350893,0.0314799918461,-0.0674165046312,-0.1117869239889,-0.2172144975138,1.0000000000000,-0.0260601345910,0.0236499368169,-0.2217814848454,-0.0040105399067,-0.0954210223361,-0.1371655220935,0.0282157077019,-0.1600011310564,0.0453785809969,0.0172418624157,0.1249593411120,0.1333102942707,0.0866229156294,-0.0384640216864,0.3392365668636,-0.0242511542542,0.2539292519339,0.1726559953924,-0.0413006605067,-0.1043825624985,-0.1925852623699,0.2404065964284,-0.1137474862131,0.0086466586309,-0.0768046722357,-0.0457636890782,0.0097813122946,-0.0449915004423,-0.1937429730657,-0.3276391068038,-0.1139216833424,-0.0325473635310,0.0582021868254,-0.1402485869732,0.7305188489862,0.0774860014500,0.0934731616755,-0.1289443444145
0.0129290196684,0.1169885626058,0.0369230998378,0.1548246796885,0.0311450131998,0.5170281555618,0.1722440969569,-0.0360676050981,0.2606611732857,0.0417519127172,0.0046354749152,-0.0048009241304,0.0189704794947,0.1395759045233,0.1484264120955,0.2005586983176,-0.0245356364169,0.1220979657016,0.0932615315555,0.0537124202031,0.0411129027785,0.0408063296052,-0.0171378510819,0.0247090014699,-0.0169639871941,0.0811343319835,-0.0182765967256,-0.0126691499106,-0.0614102870391,0.1062603836590,0.0017476036514,-0.0260601345910,1.0000000000000,0.1203981883028,0.1350180231329,-0.0972213746760,-0.0040858687173,-0.0756157542731,0.1563520607349,0.0286647362657,0.3811853772976,0.0951317854046,-0.1249308672547,-0.0806398932165,0.0633036151867,-0.0268613113569,-0.1284141241221,0.0971141615430,0.0904667321695,-0.0829033422095,0.2242228985529,-0.0567783915087,-0.0104416368792,-0.0364936285814,-0.1361994475435,0.0791630929548,0.0051537036053,-0.1446248348334,-0.0100971050326,0.0068444236038,0.0099737362788,-0.1229928591342,-0.1220406052427,-0.1204683240374,-0.0872123733742,-0.1645424422514,-0.1191192848408,0.2538421564680,0.0796860991636,0.1122131744861
0.3974994566378,0.4477126074180,0.2944437823604,0.3938640643912,0.2068503299010,0.1567734411285,0.3617463578705,0.1014358866044,0.3396267314362,0.0287545216530,0.2734142453604,0.1439020386280,0.3239801770926,0.2402270853467,0.2872858329579,0.5710233340231,0.4871117170974,0.5253629720769,0.2547232575098,0.4165158963178,0.3885551482238,0.4975569926922,0.4768628952025,0.5186441690183,0.3174798507619,0.3244233420688,0.4356478847902,0.2468075457702,0.3339631705190,0.6942940631874,0.4222717169367,0.0236499368169,0.1203981883028,1.0000000000000,0.7208019709028,0.3445162926623,0.5157519916588,0.1673896886594,0.1651376457464,0.1256705558416,0.0377889638049,0.1883882207708,0.0489691895074,-0.0892369736589,0.0265376705056,0.1792772123199,0.1920202908596,0.2299252093567,-0.3174279952090,-0.1267224299971,0.3624565918175,0.4873366889331,0.2326761876222,-0.2230925720985,-0.0195901056437,0.2714063561201,0.3918109715243,0.5112655334825,0.5140840564109,0.3003813861028,0.1497400029350,0.0842322893741,0.2268145685418,0.1940676337283,0.4406893327900,0.3190615405905,0.0956733560832,0.3645210419723,0.7878484407848,0.6414727060200
0.4265144070155,0.6557229701637,0.3000548475935,0.5682067664090,0.2854545134572,0.2246438245354,0.4330627239595,0.0062296007322,0.3682612097004,-0.0246346311106,0.3160108089483,0.1984648445213,0.3736498703402,0.2195242550175,0.2948974134726,0.5874184163753,0.4631245742790,0.6786750075165,0.3959259318862,0.6092507946574,0.4386444274758,0.5007774660037,0.5765910110710,0.5482460322851,0.3306131467892,0.4247186305788,0.4964669470158,0.2905381953900,0.4101430230814,0.7669535300644,0.5341505717691,-0.2217814848454,0.1350180231329,0.7208019709028,1.0000000000000,0.2880309874154,0.6329730773415,0.0993629411519,0.3745668913767,0.2173213234726,0.0829004901055,0.2123043532324,-0.1246482269093,-0.1742117806049,-0.0472160783331,0.2677488943013,0.2358914469089,0.2781702712785,-0.2807028118103,-0.2485716312714,0.4011362389390,0.4502577678670,0.4331865659105,-0.1017742018262,-0.0306730442363,0.3359876856699,0.3448976156075,0.5503318855418,0.4330835079410,0.2399754889418,0.3170304610718,0.0433536727232,0.2435260655388,0.0874054486285,0.4114901170459,0.3808549564053,-0.0792911010053,0.3307618453805,0.5752219990347,0.8473174641954
