1.0000000000000,0.2062636690200,0.4293116932310,0.3102389813397,0.3016080693614,0.0606788674087,0.1711208510534,0.3879624628564,0.1774029290790,0.2351020441152,0.1692388920906,0.1578720673867,0.2587004515417,0.4195420796872,0.6591654389457,0.0895043457561,0.0707811786380,0.6357855434381,0.0456381212178,0.5403045434285,0.3290600131990,0.2099390924084,0.2004565750339,0.3037241026001,0.2951040059659,0.1587248674811,0.3773956175752,0.5570092560681,0.1488727322982,0.4001257890157,0.0609341640259,0.0641736005650,0.1246567865533,0.2597588887699,0.2037046294195,0.5365130531330,0.0467965023662,0.0262094426393,0.2239362791311,0.1873054534122,-0.1614581440835,0.0460943947178,0.1090878246109,-0.1321261675619,0.1632244300384,0.1318688218403,0.0097177922997,0.2051500564234,0.0727323349714,0.3128848420174,0.1776419209811,0.0618232885831,-0.0582783379169,-0.2174770116358,-0.0573157803075,0.3476329029086,0.1448340402618,0.1072177079187,0.1120983107235,0.1138222518180,0.0194367258350,-0.2399319046556,0.2664930534694,-0.0333410533793,0.2050428093279,-0.0554421545964,-0.0742408735823,-0.0021488586107,0.2032902392767,0.0120199456478
0.2062636690200,1.0000000000000,0.0147808993761,0.5155224304086,0.1085629488576,0.0904526461338,0.2929983632176,-0.1022367616700,0.0435445758707,0.0947215967691,0.3534223889460,0.0590088162583,0.2269383852933,0.1949220636206,0.1454054612154,0.0835162089145,-0.0252102981594,0.4093161694546,-0.2204358703982,0.1877067532784,0.2020106909093,0.0927273670383,0.3498087620345,0.2302169539556,0.1814874544601,0.5241779103061,0.3101587695468,0.3735865280001,0.0473424465973,0.4251357686405,0.1620031174145,-0.1920831609987,0.3703629429448,0.3135770472350,0.4467495488787,0.2753486862617,0.5128376044196,-0.2110522891111,0.2920621816762,0.0463267174698,-0.0538411417357,0.1814647627811,-0.2450393223757,-0.2754819904784,-0.0420055068743,0.2235837304854,-0.0649332089285,0.2029794099995,-0.1185830659530,0.0202111827393,0.2603256700831,-0.0740827090377,0.2573907886142,-0.4127589763062,-0.0006662833299,0.1068540852760,0.0291227321935,0.1680573535670,0.0840186640641,0.0592743151178,0.4581613850030,-0.0842499203153,0.2047635545413,-0.1913995948672,0.2253547691870,0.0690965596567,-0.2730408383860,0.1390945758764,0.1919960338501,0.4422563139496
0.4293116932310,0.0147808993761,1.0000000000000,0.3695833763425,0.0013945813411,0.1369156888342,-0.1676403187879,0.7418572018759,0.2860678536682,0.2007626557495,-0.1909937040221,-0.1090537268742,-0.1184371726276,0.2144000878754,0.3392645981299,0.1728880775272,0.0989138166843,0.5517303907571,-0.2163107792938,0.4327128475615,0.0098059004307,0.2036854147529,0.3151620392115,0.5316610833404,0.4393064242288,0.0964240755176,0.5914463708485,0.6225286108272,0.5000553338503,0.0691919632647,0.4183548823168,-0.2591045868724,0.0887767418787,0.1263292083367,0.3000254964474,-0.0474623397007,-0.0992309164131,0.3312902683965,0.4130497319935,-0.1298909164516,-0.1444150884606,-0.1995177741149,0.4074504175000,0.0191409390595,0.0809441770239,-0.2460054141682,-0.2251173464198,-0.2039708793663,-0.1518443557762,0.1319630908781,0.1822443694354,0.0682201117641,-0.3324518200202,-0.4540595638867,-0.3122163605902,0.0552497516158,-0.0515657949537,0.1364684050140,0.0238868384400,0.3490284096098,-0.0963362538221,0.0838122236813,0.1715872365452,0.2128147773925,-0.0423330375106,0.0335860079178,-0.3328763757818,-0.1768461715849,0.0388941785593,0.1717990295979
0.3102389813397,0.5155224304086,0.3695833763425,1.0000000000000,0.1502518707247,0.1443893076491,0.2129486443400,0.3693435461992,0.2066706909377,0.3671701243826,0.2514437330888,-0.0744016657413,0.2473459413278,0.3475068460081,0.2676466055056,0.1690742283782,0.0212469241604,0.4098265385516,-0.2756193908741,0.2784617790432,0.2328303666764,0.1865827056644,0.4853902787244,0.2887236831113,0.4424039361422,0.5794690071431,0.5757996929880,0.5127330565901,0.3571278426198,0.3679365127028,0.2821393216424,-0.2218073918349,0.3276405188834,0.2066641192625,0.4745180591081,0.1062143793926,0.1027162972580,0.1203789249822,0.5955168772465,0.0344733415109,-0.1662473702680,0.0940790494713,0.2883045189125,-0.0410562016322,0.2896537714536,0.1871328220534,-0.0787889216037,0.1221995155854,-0.0340175042766,0.1081780646362,0.4560115768801,-0.0239775133137,-0.1941558733190,-0.5039527911343,-0.3015969713315,0.1054465588538,0.0069708004240,0.2097564848583,-0.1040521376054,0.4038251935915,0.3627475278011,0.0959178625723,0.3843019652071,0.0827165465811,0.0415925082857,0.1121102999833,-0.2439777660339,0.1353103844519,0.0451440673329,0.3756494627270
0.3016080693614,0.1085629488576,0.0013945813411,0.1502518707247,1.0000000000000,-0.0460008459836,0.3962734099353,-0.0192612013960,0.0253928570737,0.1849844655476,0.5715515923227,0.0457658482632,0.7222887197156,0.1273213145333,0.1431341893137,0.3690745080917,0.5815256374739,0.1019883547574,-0.0830127106852,0.0367923791663,0.7484802321512,0.5871139196136,0.2202438856710,0.3902024675113,0.3185497481216,0.0943799613240,0.1883292143779,0.0772684769523,0.4395721409322,0.4587282825365,0.1678579047406,-0.0665225113060,0.1972293094196,0.3467494267683,0.1967187828474,0.0536576391994,0.0757036735757,-0.2423373143629,0.1141685294290,0.8844711787638,-0.1073898665566,0.3423736452089,-0.1880483297450,-0.0737475089209,0.1506862772012,0.6149562774675,-0.0125687629145,0.7212013335835,-0.0070597220740,-0.0938617212743,0.3293820152075,0.5714666836612,-0.1306861962598,-0.1521712426626,-0.1162067971767,0.7791428942832,0.5564965458207,0.2562538224459,0.4677324086239,0.2812262582978,-0.0868077444259,-0.1717938516932,-0.1217830211648,0.2849546847022,0.3938345721311,0.2525132935099,-0.1090119162899,0.1752185209989,0.3905674268591,0.0420609834797
0.0606788674087,0.0904526461338,0.1369156888342,0.1443893076491,-0.0460008459836,1.0000000000000,0.4530496856703,-0.0114246322832,0.4640972041158,0.0423479547422,0.0705894700879,0.0727858522075,-0.0455197127679,0.2220213349126,0.2777892976840,0.1612109854934,-0.1291711873946,0.1034910600741,0.1680320352144,0.1325027404013,-0.0771436330394,-0.1500548609483,0.0090606647717,-0.0246166421570,-0.0258329222312,0.1563870206160,0.2646725696219,0.2164524842606,-0.0745082580580,0.1329107757439,-0.0341709871183,-0.1579129913437,0.1515055497412,-0.0025009658372,0.2011661841884,0.0682779049807,-0.1013646485531,0.0770932461047,0.0934401737578,-0.1097742113508,0.7317203366003,0.3241506971052,-0.0461854963130,0.4178933392095,-0.0069040385429,-0.0189216211966,0.0814618116336,-0.1067644628310,0.0968301962515,0.1245270647506,0.2250010253970,-0.1271569937408,-0.1923297962773,-0.1041848574833,-0.0167555095438,-0.0905389679057,-0.2208260474975,-0.0383983139568,-0.2357088301622,-0.0456540710815,0.0357540979604,0.1296888440721,0.0583120420511,-0.1565368204628,-0.1624123692990,-0.1387165514642,-0.1111308518033,0.0284010223283,-0.1109052004378,0.1236124214892
0.1711208510534,0.2929983632176,-0.1676403187879,0.2129486443400,0.3962734099353,0.4530496856703,1.0000000000000,-0.2888701240567,0.3738087101325,0.0885864197072,0.6467045853203,0.2865262758251,0.6020317509432,0.2068688872106,0.2703281901577,0.3230565208219,0.0473282746247,0.0496575631802,0.1882860798338,0.0374944916429,0.3418333296403,0.0911698166763,0.1140958655508,0.0040674504134,0.0979480801662,0.2289961007220,0.2311299147565,0.1073520599426,0.0197366122491,0.3906371195993,-0.0497714202183,-0.0569554958331,0.2449243751322,0.1607015214083,0.1719898989446,0.1459741629973,0.0396672826734,-0.3276388597000,0.0228580392808,0.3697193411332,0.3447729900011,0.7762768090189,-0.3644543757915,0.2287139263040,-0.0008203905202,0.6370413836201,0.2656771437338,0.5079395036770,0.1131251035815,-0.0618480948345,0.4420006685263,0.0506387692696,-0.0696820175339,-0.0752955501773,-0.0118588244078,0.2484972190596,0.1018517680260,0.0803224289506,-0.0001577899132,0.0093745663863,0.0739080798205,-0.0818802233130,-0.0794756557579,-0.1384633193680,0.1837772411583,-0.0014880452915,-0.0237957509289,0.2594344096008,0.0863722888360,0.0816671318394
0.3879624628564,-0.1022367616700,0.7418572018759,0.3693435461992,-0.0192612013960,-0.0114246322832,-0.2888701240567,1.0000000000000,0.1092297255110,0.2724564455300,-0.1586495921768,-0.2121823857119,-0.1548764233687,0.2038704469171,0.2315700594288,0.0439833355512,-0.0239673512552,0.3349443747365,-0.2334825827373,0.2228267486827,0.0102078450372,0.1854804630625,0.2355799809737,0.3338059691891,0.4189251734244,0.1261852406775,0.4130522342075,0.5444309549614,0.4305042924952,-0.0049772076619,0.3785640167494,-0.0645580958515,0.0817507246222,0.0613567090018,-0.0000712984255,0.0443011888099,-0.1861336293710,0.3173670088417,0.3313592376391,-0.1087823224560,-0.2650897106697,-0.2989992752254,0.5448317315367,-0.1868449608360,0.2465770847157,-0.1974996472935,-0.3434568953681,-0.1811594147334,-0.1590750159876,0.2254469969067,0.0652149359161,-0.0148749079943,-0.4562504476632,-0.4546133537362,-0.3739522995545,0.0739405856414,-0.0546589137328,0.0480408316585,-0.0989861052566,0.3268453518781,-0.0661373561723,0.0965432492756,0.2126141315005,0.2647403010389,-0.0007580336387,-0.0268032043939,-0.2066027200389,-0.2214156330371,-0.0108231018722,-0.0549809008222
0.1774029290790,0.0435445758707,0.2860678536682,0.2066706909377,0.0253928570737,0.4640972041158,0.3738087101325,0.1092297255110,1.0000000000000,-0.2070539247304,0.2169464735188,0.3177253588959,0.0075872605419,0.1266550417881,0.5335222003226,0.1985434751692,-0.0859526807598,0.2149063641945,0.4168078587952,0.2772940740826,-0.0506769899144,-0.0368770578428,0.0548762451288,0.1538058202909,-0.0632890406910,-0.0994474893252,0.3804365756219,0.1139735627442,0.2676453384333,0.2384160940988,0.2274651776292,-0.1256823902365,0.1874407551898,0.1480341046216,0.0796694852838,-0.0569176976649,-0.0903029411858,0.1977185478853,0.1464390252128,-0.0490381211410,0.2493288517181,0.2808043579927,-0.0693993399429,0.5080768437448,-0.2384523495687,0.0406605349994,0.2003948541228,-0.0797929177209,-0.1521653814676,0.1681278137478,0.1387532721341,-0.0325112272006,-0.2689596053676,-0.2065739676848,-0.1548801735014,0.0175386462795,-0.1101249353959,-0.0826199172632,-0.0887946632058,-0.0467278693018,-0.2246458373910,0.2909917442928,-0.1531473027018,0.2429727807748,0.0880683103800,0.0499836595376,-0.1988753158446,-0.0580953423057,-0.0942107621867,0.2153901327510
0.2351020441152,0.0947215967691,0.2007626557495,0.3671701243826,0.1849844655476,0.0423479547422,0.0885864197072,0.2724564455300,-0.2070539247304,1.0000000000000,-0.0391520854822,-0.0495663754855,0.2977833612738,0.5436920522030,0.1326207385774,0.3173759338744,0.0024872708522,-0.0160111007974,-0.2002129944419,-0.1219540723587,0.2338038345076,0.0422183600217,0.3017754708348,-0.0568731665977,0.6745844833252,0.4610844739093,0.2189331312662,0.4181404646768,0.0504910640804,0.0245162670421,-0.2236839277801,0.0498531720784,-0.0057373314436,0.0676851251461,0.1066441585677,-0.0061981953908,0.0074851869841,-0.1544898846897,0.3308256143477,0.0678980745746,-0.0227174210900,0.0891461498491,0.1708361431453,-0.0716036468762,0.8004469307758,0.0998151338953,-0.0769923609600,0.2577920555100,0.3986923889994,0.0089511015125,0.3287915142250,-0.0217696514099,-0.2391652808313,-0.0846953862716,-0.1643108000797,0.1827789310030,0.0216008663118,0.2078275673581,-0.0924840385479,0.5606288506811,0.3247024701885,-0.3900599214695,0.2800809493893,-0.1599296768353,-0.0192248797792,-0.2053332486084,0.0524839241681,0.0492191379199,0.1607141756336,-0.1710278440584
0.1692388920906,0.3534223889460,-0.1909937040221,0.2514437330888,0.5715515923227,0.0705894700879,0.6467045853203,-0.1586495921768,0.2169464735188,-0.0391520854822,1.0000000000000,0.0289950538560,0.6195547084077,0.0369590208665,0.1984422368938,0.2314770472238,0.2750656162102,0.0870036340492,-0.0853872802060,0.0869871810860,0.5667924768102,0.3580403893741,0.1676900179972,0.2273003960092,0.0801038816699,0.2564073640725,0.2190651378531,0.1237091935695,0.2879867710624,0.4708854802746,0.0962130814699,-0.1980935474095,0.3698209944770,0.3025381194642,0.1380661455596,0.1148562135863,0.2135967214068,-0.3029329182254,0.1188051769405,0.5426976090611,-0.0237709158587,0.5493721712536,-0.2991414579211,-0.0104606968421,-0.0750494789703,0.8412632761976,0.0036809327089,0.5601758748328,-0.1274810188803,-0.0911320261674,0.2454157585897,0.2691380428582,-0.1107827626255,-0.2805975538608,-0.1414598306829,0.4186581061063,0.3169534957637,0.2293145208631,0.2019198144771,0.0348766387875,0.1252958911361,-0.0533287599174,-0.0605853763902,0.1466228997865,0.2445574386197,0.1226385272427,-0.1820347620659,0.2074327845390,0.2121892489312,0.1184212287377
0.1578720673867,0.0590088162583,-0.1090537268742,-0.0744016657413,0.0457658482632,0.0727858522075,0.2865262758251,-0.2121823857119,0.3177253588959,-0.0495663754855,0.0289950538560,1.0000000000000,0.0861732292269,0.3437348205349,0.2910083144681,0.1806781823721,-0.0059573600328,-0.0640635608324,0.7014932087264,0.0114653326153,-0.0126810594879,-0.0662196914921,0.0680187193456,-0.0778429716065,-0.0976425353846,-0.1500565482929,-0.0342615840096,-0.0405001321358,-0.1811936106320,0.0217038893625,-0.1149299439775,0.5407651013985,-0.1030987290145,0.0241979629777,-0.0952492955543,0.2147057516484,0.0448679953446,-0.0772080545620,-0.0986538192140,0.0031981156559,0.1055904214864,0.2149126979957,-0.2210372301868,0.1942136400208,-0.0247723377049,0.0048728886128,0.7015904909124,0.0453061481531,0.4573216265736,0.1763852877089,-0.0637086051158,0.0347319055730,0.1480809366886,0.3861575581336,0.2687518702741,-0.0117927733695,-0.0799014265958,0.0450163613536,0.0083648121546,-0.1340349365628,-0.0103012679167,-0.1148687499746,0.0073732906974,-0.1308714006421,0.1450296534378,-0.1246096078246,0.4656040567885,-0.0096003242756,0.0260748146829,-0.0842058320950
0.2587004515417,0.2269383852933,-0.1184371726276,0.2473459413278,0.7222887197156,-0.0455197127679,0.6020317509432,-0.1548764233687,0.0075872605419,0.2977833612738,0.6195547084077,0.0861732292269,1.0000000000000,0.2281102595918,0.1344891571448,0.3378021444076,0.3131001036983,0.0461590342614,-0.0702094176577,0.0210677555948,0.7318303831463,0.3891073903944,0.2221592608869,0.1834532279812,0.3081689673141,0.2010196156349,0.1975830609061,0.0728426752230,0.2704275171466,0.4381397444126,0.0105414684967,-0.0123241185214,0.1491230098132,0.2979082659542,0.1791558121318,0.0873968793197,0.1069371415230,-0.3932880690113,0.0899480712726,0.6729837200650,-0.0810888310777,0.5580676323039,-0.2361655899178,-0.0645328453342,0.2309770999278,0.7316498649041,0.0603115573226,0.8862863645405,0.1038432392394,-0.1462368165269,0.4208149769783,0.2960403000707,-0.0603174274985,-0.1114482900729,-0.1020954563342,0.6105649753617,0.3901255079447,0.2359120943519,0.2798214975343,0.2646161385734,0.0115841389344,-0.2917660533441,-0.1098841399864,0.0988524876857,0.3701261878279,0.1470832722120,-0.0177681289218,0.2107286110878,0.3135949949569,0.0210404771021
0.4195420796872,0.1949220636206,0.2144000878754,0.3475068460081,0.1273213145333,0.2220213349126,0.2068688872106,0.2038704469171,0.1266550417881,0.5436920522030,0.0369590208665,0.3437348205349,0.2281102595918,1.0000000000000,0.4659058203830,0.2152161001996,0.0371895637752,0.1918944109451,0.1674293617459,0.1681611404500,0.2054659584480,0.0771185297712,0.1732534139865,0.1128161756408,0.3231645512875,0.5407697292874,0.3899834598309,0.5594547638371,-0.0495972671220,0.1665299883568,-0.1291824626323,0.2411526384586,0.0405964907009,0.0684390927923,0.1038343533538,0.2234708481867,0.0355467391343,-0.1050825001857,0.2975948032587,-0.0211389438652,0.0271807064856,0.0424130880155,0.0431652725755,-0.0411637944535,0.4220493820197,0.0220488115264,0.1456495953939,0.1347313240381,0.6340681272507,0.2417794624881,0.3172081790019,0.0388357323125,-0.2739023385654,-0.1135340991520,-0.1953038203708,0.1469323349033,-0.0459889541957,0.1036446666212,-0.0271637234870,0.1992170401406,0.2663863268948,-0.3256267195730,0.3742297606211,-0.2624071864854,-0.0876737880004,-0.2257641011894,0.1170914133694,0.1042173939943,-0.0046255261871,-0.1442164656003
0.6591654389457,0.1454054612154,0.3392645981299,0.2676466055056,0.1431341893137,0.2777892976840,0.2703281901577,0.2315700594288,0.5335222003226,0.1326207385774,0.1984422368938,0.2910083144681,0.1344891571448,0.4659058203830,1.0000000000000,0.2099953668127,-0.0459346312315,0.4532165998545,0.2379384449537,0.5429447787231,0.1963485406475,0.0179172734875,0.0737793347947,0.1338838560657,0.0947693002664,0.1561318559237,0.4026698393721,0.3959954654205,0.0562774341311,0.4160570334078,-0.0448773835186,-0.0348365653875,0.2380791430652,0.1388090351150,0.1766127710105,0.2822825587348,0.0020477278002,0.0701700597309,0.2815205809316,0.0459451271156,0.1231643944774,0.0796189252675,0.0070897429596,0.2282994649174,0.0770577871962,0.0245468043383,0.2115774966958,0.0890639176468,0.2406639638762,0.3340192133273,0.1705297942047,-0.0595964360021,-0.1587091295035,-0.0578201560610,-0.1153508297824,0.1709616126051,-0.0273169476525,0.0142841056829,-0.0566878308426,-0.0229248255847,0.0426460474981,-0.1138403008678,0.1502249603598,-0.0925289080683,0.0119109563831,-0.1775818220402,-0.0373575366669,0.2075714390126,0.1103258545139,-0.0187160865375
0.0895043457561,0.0835162089145,0.1728880775272,0.1690742283782,0.3690745080917,0.1612109854934,0.3230565208219,0.0439833355512,0.1985434751692,0.3173759338744,0.2314770472238,0.1806781823721,0.3378021444076,0.2152161001996,0.2099953668127,1.0000000000000,0.2931093638366,-0.0179323031238,0.0221502658897,0.0911108956146,0.3047985576531,0.2666093795003,0.4119536881716,0.2160618205737,0.3866906290036,0.0993929532241,0.2904966534520,0.2629011360297,0.3329566407273,0.1171298210699,0.1471776300518,-0.1291455727594,0.1108531148863,0.3607298947067,0.2997669184526,-0.1394999965383,0.1931426116491,-0.0158391687847,0.3453081770764,0.2182826865961,0.0755281616849,0.2413563631935,0.0155046801895,0.1225287069815,0.2630526950226,0.2324504882862,0.1147059433956,0.2118935820283,0.1408826779812,-0.1236768006057,0.3664248377542,0.3115149026474,-0.1402644232268,-0.1407270452954,-0.0858720232375,0.2673250169841,0.2227069388344,0.4526002180067,0.1644270323505,0.4036146368260,0.1290246455257,-0.1089302667090,0.0775612498696,0.1557611368487,0.0724122910125,0.1788478537449,-0.0652059330284,-0.0344649918361,0.3191173620725,0.0800623306777
0.0707811786380,-0.0252102981594,0.0989138166843,0.0212469241604,0.5815256374739,-0.1291711873946,0.0473282746247,-0.0239673512552,-0.0859526807598,0.0024872708522,0.2750656162102,-0.0059573600328,0.3131001036983,0.0371895637752,-0.0459346312315,0.2931093638366,1.0000000000000,0.0624207250208,-0.0586097012986,0.1224737769334,0.4599886460211,0.7143051581851,0.4258793218834,0.6125978413051,0.2438231947888,0.0212723207147,0.1488627670863,0.0577108719179,0.4889857554904,0.2727279269342,0.2988537233478,-0.1183392990251,0.0475843183640,0.3066553149431,0.2422070166822,-0.0592843230467,0.1992110775368,-0.0688706125176,0.1069234419291,0.5241718255900,-0.1788137999214,0.0133545452605,-0.0324534228696,-0.1080393159276,0.0185679697606,0.2755714229671,-0.0131119342769,0.2626520689399,0.0022737703748,-0.1202603643103,0.1007555914885,0.9251122403243,-0.1126758558106,-0.0952161462683,-0.0747675005111,0.4427134006767,0.6011819287275,0.4996186667936,0.6434882534010,0.2898719660311,-0.0308170224493,-0.0986860730788,-0.0247870139337,0.3461085951424,0.1921936956132,0.2818376427201,-0.0270508345187,0.0192776223200,0.3031302127206,0.1228763285867
0.6357855434381,0.4093161694546,0.5517303907571,0.4098265385516,0.1019883547574,0.1034910600741,0.0496575631802,0.3349443747365,0.2149063641945,-0.0160111007974,0.0870036340492,-0.0640635608324,0.0461590342614,0.1918944109451,0.4532165998545,-0.0179323031238,0.0624207250208,1.0000000000000,-0.2227247214394,0.7655394884595,0.2237637419668,0.2379277937246,0.1925834697424,0.5481699103410,0.1144688746422,0.2412898567103,0.5227293364962,0.5528842621771,0.2857674105730,0.4491142128885,0.2799747096288,-0.2437165308862,0.2328667374172,0.2938974796086,0.4679859831893,0.3304900747638,0.0743709203530,0.1532723808498,0.2823260805573,-0.0013896215415,-0.2089817788146,-0.1364706476042,0.1500985910584,-0.1911703228035,-0.0857838573168,-0.0490681014323,-0.1622980076988,-0.0074955289552,-0.2093140524837,0.0817101392246,0.1895464941851,0.0280299294907,0.0374767305139,-0.4588040549704,-0.1376162069480,0.2029301689273,0.1183190106743,0.0311489201378,0.1923566759132,0.0240978773101,0.0018894398617,-0.0140445160185,0.2489934324508,0.1112546221909,-0.0000698033500,0.0476108186482,-0.3098474278443,0.0771784686782,0.1577196090389,0.3193514564054
0.0456381212178,-0.2204358703982,-0.2163107792938,-0.2756193908741,-0.0830127106852,0.1680320352144,0.1882860798338,-0.2334825827373,0.4168078587952,-0.2002129944419,-0.0853872802060,0.7014932087264,-0.0702094176577,0.1674293617459,0.2379384449537,0.0221502658897,-0.0586097012986,-0.2227247214394,1.0000000000000,-0.0357656226867,-0.1846652687274,-0.1603765277239,-0.0982090994581,-0.2373924372129,-0.2642786056346,-0.3118220435386,-0.1599582580060,-0.2179933880571,-0.3066649563884,-0.0566790583088,-0.1350999263539,0.4546085895439,-0.1795930163165,-0.0445254662731,-0.3294598062130,0.1444283084380,-0.1319543795937,-0.0281874634095,-0.3669410868438,-0.0830257139768,0.2654204619642,0.2457367953100,-0.2521694273913,0.3392218948665,-0.0913363106525,-0.0770803017346,0.5454451489004,-0.0598368578811,0.3085180975470,0.2002337005577,-0.1467059289841,-0.0080826703410,0.1086636400360,0.4978357871907,0.2705552754511,-0.0838359355899,-0.1736437967894,-0.1295803179261,-0.0532161963212,-0.2619853784839,-0.2507315737472,-0.0124489668256,-0.1904704958972,-0.1349997987468,0.1128886843604,-0.1008025787497,0.4318467940225,-0.2058508827141,-0.1201188118734,-0.1366106310025
0.5403045434285,0.1877067532784,0.4327128475615,0.2784617790432,0.0367923791663,0.1325027404013,0.0374944916429,0.2228267486827,0.2772940740826,-0.1219540723587,0.0869871810860,0.0114653326153,0.0210677555948,0.1681611404500,0.5429447787231,0.0911108956146,0.1224737769334,0.7655394884595,-0.0357656226867,1.0000000000000,0.1881036917767,0.1958714166396,0.1764968103522,0.4265840046823,-0.0462379480592,0.0922401192268,0.4750419820974,0.4013693207880,0.2657634850240,0.3802082770223,0.1923011019991,-0.2756242081392,0.2315308914250,0.2011902352629,0.4594309729356,0.2553587520464,0.0328036499015,0.2775224133627,0.3120887236533,-0.0936971726514,-0.0897208981180,-0.0823458330930,0.2357503309656,0.0177273779261,-0.0901655633909,-0.0415159846444,0.0895133541159,-0.0800667223173,-0.0822775426650,0.1419328415296,0.1464049949395,0.0848670247740,-0.0041403924515,-0.2343105907220,-0.0151668211574,0.0763567965714,0.0961092131105,0.1364563728067,0.1329734046609,-0.0668995163942,-0.0135622157649,0.0960321060594,0.2252462519014,0.1545751392220,-0.0848713934397,0.0907031948888,-0.1639111293143,0.1488586331058,0.1170202787724,0.3291179680588
0.3290600131990,0.2020106909093,0.0098059004307,0.2328303666764,0.7484802321512,-0.0771436330394,0.3418333296403,0.0102078450372,-0.0506769899144,0.2338038345076,0.5667924768102,-0.0126810594879,0.7318303831463,0.2054659584480,0.1963485406475,0.3047985576531,0.4599886460211,0.2237637419668,-0.1846652687274,0.1881036917767,1.0000000000000,0.4866875272071,0.2342760857127,0.3531797666494,0.2296928414385,0.2262670154433,0.2246109298765,0.1628023764610,0.3164709996419,0.4453264661277,0.0171501774863,-0.0464830526095,0.1618858592221,0.3770979293252,0.3073387589026,0.1511744958009,0.1404698676165,-0.2176152142766,0.1719966141540,0.6685883073789,-0.1828498103256,0.2241216228651,-0.0807889674500,-0.1371928313574,0.2215349371416,0.5811909901000,0.0146308199461,0.7279604038910,0.1003403599545,-0.0747970832423,0.2734009403797,0.4060163350421,-0.0654707425399,-0.1200392730747,-0.0472888096054,0.7986928624454,0.4490899488130,0.3028478634001,0.3942416258993,0.2046710929317,0.1059982566145,-0.1762848328158,0.0721133495743,0.1734305099274,0.1812389022041,0.0716105249937,-0.0186528763724,0.2237232082785,0.3469050728627,0.0633694786777
0.2099390924084,0.0927273670383,0.2036854147529,0.1865827056644,0.5871139196136,-0.1500548609483,0.0911698166763,0.1854804630625,-0.0368770578428,0.0422183600217,0.3580403893741,-0.0662196914921,0.3891073903944,0.0771185297712,0.0179172734875,0.2666093795003,0.7143051581851,0.2379277937246,-0.1603765277239,0.1958714166396,0.4866875272071,1.0000000000000,0.4004873736150,0.7973271927298,0.2977643938556,0.1040607279694,0.1973375021514,0.1820601546284,0.6136617037791,0.4252808793820,0.5234158653999,-0.1758733655950,0.1765725083821,0.4869087843747,0.2832604172070,0.0179413138289,0.1727206693657,-0.0716304916428,0.2322915120546,0.5052720983250,-0.2929726213696,0.0210689080907,0.0784019077433,-0.2118806169992,0.0898861545381,0.3109321998940,-0.1302225158531,0.3200703990223,-0.0853963617913,0.0234840574376,0.1856267309420,0.6939366919192,-0.1806115136587,-0.3066892409639,-0.2465588358208,0.4809465397003,0.7712444074991,0.4078314374650,0.7104323145947,0.3305738613389,-0.0515282826728,-0.0951943613802,0.0272878930140,0.4415743449777,0.3456542198671,0.4130334380943,-0.1833427560549,0.0018026989410,0.4405368686481,0.2065295082791
0.2004565750339,0.3498087620345,0.3151620392115,0.4853902787244,0.2202438856710,0.0090606647717,0.1140958655508,0.2355799809737,0.0548762451288,0.3017754708348,0.1676900179972,0.0680187193456,0.2221592608869,0.1732534139865,0.0737793347947,0.4119536881716,0.4258793218834,0.1925834697424,-0.0982090994581,0.1764968103522,0.2342760857127,0.4004873736150,1.0000000000000,0.3914194462138,0.4977978282443,0.2217786445408,0.3781449230059,0.4135626885783,0.4035915382419,0.2179752695638,0.4049224641414,-0.0731451235778,0.0991679390198,0.4034687746100,0.3601569768607,0.0154723804689,0.2951752513756,0.0338254459609,0.3820430006849,0.0691868554729,-0.1483652317274,0.0634045006479,0.1761347758020,-0.1319352008118,0.2988661768014,0.1481719726168,-0.0003016539311,0.0673543091877,-0.0256507431163,-0.0153120988925,0.1679329200519,0.3717094322363,-0.0830671315075,-0.3186939267729,-0.0614530174718,0.1396644253969,0.2097428597344,0.7893977257388,0.1985318115623,0.5028480933760,0.2231386835544,-0.0383362245607,0.2251725381644,0.1759784059842,0.2337349357138,0.2222807702335,-0.0666074591419,-0.0920953479772,0.2507183350358,0.2619543588422
0.3037241026001,0.2302169539556,0.5316610833404,0.2887236831113,0.3902024675113,-0.0246166421570,0.0040674504134,0.3338059691891,0.1538058202909,-0.0568731665977,0.2273003960092,-0.0778429716065,0.1834532279812,0.1128161756408,0.1338838560657,0.2160618205737,0.6125978413051,0.5481699103410,-0.2373924372129,0.4265840046823,0.3531797666494,0.7973271927298,0.3914194462138,1.0000000000000,0.2283827938923,0.1770743413597,0.4356176189669,0.4283360250343,0.6824286402406,0.4107239241607,0.5857411642336,-0.3401776663400,0.2479716030090,0.4562315888381,0.4130139835268,0.0508290973649,0.2236164040618,0.0950217201204,0.3596402807770,0.2577543744571,-0.3008842236047,-0.0978280256493,0.1437728128467,-0.1621653542927,-0.0885292473595,0.1011323495565,-0.1795114578521,0.0868931107777,-0.2238561008458,0.0711236404208,0.1824449603096,0.5702518657041,-0.1956245844716,-0.5123447341424,-0.2865600675343,0.3505224927735,0.5168698949431,0.3305187586126,0.6315309906397,0.2279225864335,-0.0236744441357,0.0435233259286,0.1220311732322,0.4203252270255,0.1972682727391,0.3171652146151,-0.3937847163739,-0.0583971252321,0.2983114062105,0.3360183687601
0.2951040059659,0.1814874544601,0.4393064242288,0.4424039361422,0.3185497481216,-0.0258329222312,0.0979480801662,0.4189251734244,-0.0632890406910,0.6745844833252,0.0801038816699,-0.0976425353846,0.3081689673141,0.3231645512875,0.0947693002664,0.3866906290036,0.2438231947888,0.1144688746422,-0.2642786056346,-0.0462379480592,0.2296928414385,0.2977643938556,0.4977978282443,0.2283827938923,1.0000000000000,0.2905218670588,0.4116957572025,0.4600480473128,0.4281613963548,0.1372031108525,0.2239508458562,-0.0602239490618,0.0240985886758,0.2481910985996,0.2820245737256,-0.1094120191171,0.0579172725781,-0.1027513689249,0.3599840497087,0.1883156004703,-0.1811001301043,0.1182395605295,0.2244059075685,-0.1453537136098,0.4531994956486,0.2131199403280,-0.2100923476933,0.2206369805591,0.0631309487488,-0.0917017395459,0.3441768462286,0.2063818527122,-0.2770135974160,-0.3387489972497,-0.2776932439352,0.2444116497731,0.2028646747079,0.3835261364437,0.0547941638108,0.8493842812919,0.1372594692834,-0.3374548510115,0.0876285665751,0.0669385143385,0.1743411976446,0.1509977794837,-0.0637571069367,-0.0854625508126,0.2997033098458,0.0102409275307
0.1587248674811,0.5241779103061,0.0964240755176,0.5794690071431,0.0943799613240,0.1563870206160,0.2289961007220,0.1261852406775,-0.0994474893252,0.4610844739093,0.2564073640725,-0.1500565482929,0.2010196156349,0.5407697292874,0.1561318559237,0.0993929532241,0.0212723207147,0.2412898567103,-0.3118220435386,0.0922401192268,0.2262670154433,0.1040607279694,0.2217786445408,0.1770743413597,0.2905218670588,1.0000000000000,0.4532356803425,0.5978661680006,0.0162508251223,0.2914142144803,-0.0379147053949,-0.2871261917598,0.3779134983587,0.1209937414759,0.3139688328691,0.2064751345902,0.1365364554661,-0.1527399628869,0.3345431341903,0.0096323992648,-0.0818802859523,0.0185197426012,0.0189875295380,-0.2936643964338,0.3141959227779,0.1488924852705,-0.1496356412090,0.1173151005525,0.2028453855088,0.1265388141435,0.4571574551848,-0.0541820658322,-0.2181146102982,-0.4493473181646,-0.2635691454451,0.0797686571590,-0.0573450926930,0.0633255007077,-0.0922479615846,0.1571649330966,0.6604790228037,-0.0515952984271,0.4587340207803,-0.3131963762528,-0.1442720780982,-0.2198309697246,-0.2229655883200,0.2650710048175,-0.0438220090138,0.1548545356526
0.3773956175752,0.3101587695468,0.5914463708485,0.5757996929880,0.1883292143779,0.2646725696219,0.2311299147565,0.4130522342075,0.3804365756219,0.2189331312662,0.2190651378531,-0.0342615840096,0.1975830609061,0.3899834598309,0.4026698393721,0.2904966534520,0.1488627670863,0.5227293364962,-0.1599582580060,0.4750419820974,0.2246109298765,0.1973375021514,0.3781449230059,0.4356176189669,0.4116957572025,0.4532356803425,1.0000000000000,0.6282121600552,0.4933334775516,0.3127102461022,0.3170353950586,-0.2818815488017,0.2309015491042,0.1974778994018,0.3866572457880,-0.0005027290068,0.0170999266543,0.0139398637117,0.3469244080955,-0.0051612920403,-0.1874406489591,0.0771720367071,0.1245281904248,-0.1023401659140,0.0450227798667,0.1293586783811,-0.1231281397603,0.0306511977569,-0.1151242526149,-0.0653075521480,0.3710120619801,0.1152420525813,-0.4384795608698,-0.6071483388834,-0.4058060755618,0.1122118321271,-0.0319906235195,0.2089880066884,-0.0323748613463,0.3081808875631,0.0259356012290,0.1364156629410,0.1210992623992,0.1026440676666,-0.0730899076776,0.0437637974246,-0.2638545396364,-0.0141505650665,0.0137089332999,0.1969521058184
0.5570092560681,0.3735865280001,0.6225286108272,0.5127330565901,0.0772684769523,0.2164524842606,0.1073520599426,0.5444309549614,0.1139735627442,0.4181404646768,0.1237091935695,-0.0405001321358,0.0728426752230,0.5594547638371,0.3959954654205,0.2629011360297,0.0577108719179,0.5528842621771,-0.2179933880571,0.4013693207880,0.1628023764610,0.1820601546284,0.4135626885783,0.4283360250343,0.4600480473128,0.5978661680006,0.6282121600552,1.0000000000000,0.2510395027751,0.1331010072815,0.1983363712068,-0.2004004478289,0.2606623000095,0.1944061053819,0.2733171819455,0.3096969527114,0.1148859656280,0.0454865227086,0.4957933731863,-0.1357823174898,-0.1268919677842,-0.0672628471360,0.2145145921336,-0.2233670086148,0.2918791147637,-0.0091042401521,-0.2282001174680,-0.0682045250169,0.0549564065009,0.1834205112771,0.2972394301838,0.0166387652086,-0.3396247271083,-0.5849739497515,-0.3101727358303,0.0692378566045,-0.0696741217994,0.2726057981112,-0.0623669061310,0.2725365359459,0.3560703250931,-0.1196527457546,0.5480326487828,-0.1230713840609,-0.1330499391354,-0.1339006248393,-0.3370407144654,-0.0505054375505,-0.0067164291034,0.0242705036324
0.1488727322982,0.0473424465973,0.5000553338503,0.3571278426198,0.4395721409322,-0.0745082580580,0.0197366122491,0.4305042924952,0.2676453384333,0.0504910640804,0.2879867710624,-0.1811936106320,0.2704275171466,-0.0495972671220,0.0562774341311,0.3329566407273,0.4889857554904,0.2857674105730,-0.3066649563884,0.2657634850240,0.3164709996419,0.6136617037791,0.4035915382419,0.6824286402406,0.4281613963548,0.0162508251223,0.4933334775516,0.2510395027751,1.0000000000000,0.2717174510496,0.5687436596876,-0.3352166521458,0.2110291838811,0.3458189246516,0.2916426392410,-0.2311855817419,0.0723995540998,0.1734947714942,0.4473366882067,0.3224994295625,-0.3271258904371,0.0346262585276,0.3027714299804,0.0044517515584,0.0020370880275,0.2797825891259,-0.1920193063913,0.1402894390886,-0.3400739380628,-0.1182722000780,0.2179415714145,0.4996749706893,-0.3940622299388,-0.5084155337687,-0.3935296821926,0.3204884554837,0.4228512597999,0.3627802765044,0.3617672353015,0.4933033484441,-0.1682038981243,0.1817464288879,-0.0532757456106,0.7548024077182,0.1998447373023,0.4640905099854,-0.3441681327981,-0.0316267015751,0.2721204677318,0.2206463882769
0.4001257890157,0.4251357686405,0.0691919632647,0.3679365127028,0.4587282825365,0.1329107757439,0.3906371195993,-0.0049772076619,0.2384160940988,0.0245162670421,0.4708854802746,0.0217038893625,0.4381397444126,0.1665299883568,0.4160570334078,0.1171298210699,0.2727279269342,0.4491142128885,-0.0566790583088,0.3802082770223,0.4453264661277,0.4252808793820,0.2179752695638,0.4107239241607,0.1372031108525,0.2914142144803,0.3127102461022,0.1331010072815,0.2717174510496,1.0000000000000,0.2200646614000,-0.2403787348430,0.4163149245646,0.5821106105762,0.4795782378785,0.1939250551300,0.1722227181637,-0.0493474332712,0.1028673128750,0.4279025296055,-0.0434362655598,0.2538097757338,-0.1270273901377,-0.0710070877573,-0.0444893099077,0.3846726623720,0.0388514373498,0.4132632437843,-0.0753070944247,0.0539951565852,0.3996363236819,0.2242481841245,0.0099338742225,-0.2909999541270,-0.0967136351484,0.4721702742375,0.3589671194423,0.0827019780439,0.3261219853543,0.0854378092610,0.0532921039012,-0.0610420725763,-0.0522988293629,0.0877657543576,0.4685881044588,0.1468342938369,-0.1020085559926,0.3086576748504,0.4910135505471,0.4463864580835
0.0609341640259,0.1620031174145,0.4183548823168,0.2821393216424,0.1678579047406,-0.0341709871183,-0.0497714202183,0.3785640167494,0.2274651776292,-0.2236839277801,0.0962130814699,-0.1149299439775,0.0105414684967,-0.1291824626323,-0.0448773835186,0.1471776300518,0.2988537233478,0.2799747096288,-0.1350999263539,0.1923011019991,0.0171501774863,0.5234158653999,0.4049224641414,0.5857411642336,0.2239508458562,-0.0379147053949,0.3170353950586,0.1983363712068,0.5687436596876,0.2200646614000,1.0000000000000,-0.3106603029506,0.1917716999658,0.2588708433437,0.2536135932602,-0.1729126528567,0.0437066741287,0.1995612543821,0.2141931760687,0.1272080483147,-0.2315566057347,-0.0703278070029,0.1514082307516,-0.1432493387172,-0.1997233231901,-0.0018312468021,-0.2552380809700,-0.0732044412668,-0.4062570208145,0.0231859498631,0.1348179328027,0.3228660910222,-0.0677423901405,-0.5085334901495,-0.1404549222714,0.0891359798198,0.2965330154410,0.2384010036061,0.2980724803069,0.2401186377956,-0.1708515237824,0.2300570918035,-0.0729527511627,0.4084184645399,0.3114313959274,0.6496849572269,-0.3735359647088,-0.2330803077271,0.1143906309632,0.3603659617261
0.0641736005650,-0.1920831609987,-0.2591045868724,-0.2218073918349,-0.0665225113060,-0.1579129913437,-0.0569554958331,-0.0645580958515,-0.1256823902365,0.0498531720784,-0.1980935474095,0.5407651013985,-0.0123241185214,0.2411526384586,-0.0348365653875,-0.1291455727594,-0.1183392990251,-0.2437165308862,0.4546085895439,-0.2756242081392,-0.0464830526095,-0.1758733655950,-0.0731451235778,-0.3401776663400,-0.0602239490618,-0.2871261917598,-0.2818815488017,-0.2004004478289,-0.3352166521458,-0.2403787348430,-0.3106603029506,1.0000000000000,-0.3285034492739,-0.0624395701385,-0.3398383778884,0.2411430273350,-0.0363221767438,-0.1751759521679,-0.2590278539226,-0.0512073244896,-0.0374337672748,0.0411205179204,-0.0885852375524,-0.0159220924795,0.1128168989564,-0.0531941725831,0.2984248378399,0.0735517067737,0.4301072015113,0.0762044519636,-0.2372665686540,-0.0600407017588,0.1747082272058,0.5035231906199,0.2290214956273,0.0185255541374,-0.1152237846536,-0.0076992544261,-0.0490531920743,-0.0815168010507,-0.1321228158676,-0.2666112383861,-0.0166678806642,-0.1454716847948,0.0158908018069,-0.2065783012247,0.6618375599999,-0.1616248564812,-0.0172006087786,-0.3497546174869
0.1246567865533,0.3703629429448,0.0887767418787,0.3276405188834,0.1972293094196,0.1515055497412,0.2449243751322,0.0817507246222,0.1874407551898,-0.0057373314436,0.3698209944770,-0.1030987290145,0.1491230098132,0.0405964907009,0.2380791430652,0.1108531148863,0.0475843183640,0.2328667374172,-0.1795930163165,0.2315308914250,0.1618858592221,0.1765725083821,0.0991679390198,0.2479716030090,0.0240985886758,0.3779134983587,0.2309015491042,0.2606623000095,0.2110291838811,0.4163149245646,0.1917716999658,-0.3285034492739,1.0000000000000,0.2398876630538,0.2344235488631,0.1112973872380,0.1108700706595,-0.0333524813760,0.3258009356354,0.1612385999715,0.0661129269757,0.2057781837836,-0.0853213561917,-0.0779959842245,-0.0432938657444,0.2213475645745,-0.1329273452862,0.1551966548337,-0.2592377095469,0.3694133206911,0.2783903750899,0.0371033850785,-0.1242017142963,-0.4194989608542,-0.0697847223666,0.1389122672139,0.0712588342575,-0.0044805526567,0.0174756334711,-0.0033348407131,0.3248557411930,0.2585864106929,0.0628653048320,0.0537885286831,0.2644916243386,0.0181715075886,-0.4571543628355,0.2457812403171,0.0653683688302,0.3751697672122
0.2597588887699,0.3135770472350,0.1263292083367,0.2066641192625,0.3467494267683,-0.0025009658372,0.1607015214083,0.0613567090018,0.1480341046216,0.0676851251461,0.3025381194642,0.0241979629777,0.2979082659542,0.0684390927923,0.1388090351150,0.3607298947067,0.3066553149431,0.2938974796086,-0.0445254662731,0.2011902352629,0.3770979293252,0.4869087843747,0.4034687746100,0.4562315888381,0.2481910985996,0.1209937414759,0.1974778994018,0.1944061053819,0.3458189246516,0.5821106105762,0.2588708433437,-0.0624395701385,0.2398876630538,1.0000000000000,0.3715160294360,0.1307529854956,0.3742025368400,-0.0470071408639,0.1528628365948,0.2160136448480,-0.1759290177064,0.1254693875227,-0.0446441496327,-0.1588230380656,0.0165550280351,0.2404343482408,-0.1064887705194,0.2498572093156,-0.1773056199704,0.0333396542872,0.1686342703783,0.3019312525372,0.0375501592448,-0.3134398020415,-0.0755225012176,0.4263354934121,0.3640936499469,0.3511789431856,0.4240885073900,0.2524923147038,0.0826562110847,-0.0775428463192,0.0006328165127,0.2609626532899,0.4529500296400,0.1873387154229,-0.1166882507635,-0.0553473927170,0.6741098931543,0.3857635125571
0.2037046294195,0.4467495488787,0.3000254964474,0.4745180591081,0.1967187828474,0.2011661841884,0.1719898989446,-0.0000712984255,0.0796694852838,0.1066441585677,0.1380661455596,-0.0952492955543,0.1791558121318,0.1038343533538,0.1766127710105,0.2997669184526,0.2422070166822,0.4679859831893,-0.3294598062130,0.4594309729356,0.3073387589026,0.2832604172070,0.3601569768607,0.4130139835268,0.2820245737256,0.3139688328691,0.3866572457880,0.2733171819455,0.2916426392410,0.4795782378785,0.2536135932602,-0.3398383778884,0.2344235488631,0.3715160294360,1.0000000000000,0.0332079462763,0.3206569176644,0.1251197216069,0.4841198031335,0.1291218500279,0.0040330178496,0.0359078048978,0.1259595754457,0.0397960446512,-0.0015247965230,0.1209677354245,0.0147379343376,0.1015796851698,-0.0427377906608,-0.0714690369932,0.4461092960350,0.1802999751820,0.1442927074761,-0.2686718040964,0.0044023157309,0.2140708791169,0.2401373509175,0.3373851488495,0.1940982777549,0.2836831435647,0.3410882207778,0.0001759244367,0.2205215158881,0.0187624427457,0.0647397109500,0.2159830834508,-0.2457609486716,0.1751741574975,0.3451067496438,0.6910919808793
