1.0000000000000,0.5229294564585,0.3143051774614,0.6143318524638,0.6215805076317,0.0266241046382,0.1264787077621,0.4217497215426,0.1646219797093,0.4196608459580,0.2508678871975,0.1365301221702,0.2671301820273,0.2248006581821,0.5396832333071,0.2652126443365,0.4366407348404,0.5260840745292,0.0786762882240,0.4811365176394,0.3177711714039,0.5609881018461,0.5170455769757,0.5689235486041,0.5792792106823,0.5112191813287,0.3843520545672,0.1233506475462,0.5182076576641,0.5935578868441,0.5918533572772,0.3590787462416,-0.1125179245822,0.5104955868574,0.5556953225076,0.6223913137571,0.3134139669165,0.0316813000389,0.5639754501195,0.6294600824285,0.1088971825647,0.0741818304257,0.1486480717255,-0.0847600618592,0.3105625788292,0.2769835289865,0.1330997907957,0.4206063618070,0.2715102507981,0.1165239235146,0.0838900897270,0.3849163533256,0.3189966676322,0.0290995819995,0.2017142386279,0.3035957639243,0.2734117479148,0.4311740263239,0.3440399481648,0.5443142628120,0.3851803756440,0.0969070653704,0.2311736898983,0.2989752723771,0.3763388008541,0.2556257215555,0.3184231674177,-0.0180742478048,0.2840437963157,0.3915783827023
0.5229294564585,1.0000000000000,0.5202544225406,0.7946004807300,0.4366374521692,-0.1449228945922,-0.1082612837932,0.4550086859636,-0.0970977489463,0.3342722906118,-0.1428039124779,0.1739467257265,0.1527195232211,0.1593301800834,0.1110127516961,0.0204065405667,0.5165681904026,0.7412448076754,0.0661842129655,0.5325067430928,0.3009096013454,0.6154335108042,0.7584315010838,0.7584430764659,0.5459899065435,0.5583802557771,0.5824992922891,0.3633503667754,0.4936844353002,0.5145650614589,0.7663325372817,0.1083598303625,-0.0362963061333,0.4621643184821,0.6296947349219,0.4660529463869,0.8117303598963,0.1976305850379,0.7107059037029,0.4218695609954,-0.1377854149773,-0.2067231854914,0.2351902797657,-0.2936089118066,0.1352591561205,-0.0264906276420,0.0762806099706,0.1548107911865,0.0622604966917,-0.1003959007782,-0.0486143845425,0.5088276769937,0.5308269349238,-0.1840485223608,0.2009273122878,0.3019229945200,0.2988058585604,0.6474391426206,0.5681229514863,0.5897026254490,0.5536836970975,0.3016352458503,0.4370986629478,0.2915612209797,0.4109497017953,0.4317668617449,0.2089939381443,-0.0689891747348,0.2110149801873,0.5352573941501
0.3143051774614,0.5202544225406,1.0000000000000,0.5740849141397,0.2635465436917,-0.2435612269384,-0.3404245531123,0.5879469682525,-0.2554501966517,0.4476793700017,-0.3171741584302,0.2146809179776,0.0309484909653,0.2071086263193,-0.0478068732198,-0.1690687110368,0.3411504695378,0.5211905786863,0.1579556825243,0.4318315777184,0.3954135443665,0.4434058749913,0.6452029080810,0.6215915324168,0.4404618511924,0.4111857544928,0.5976554261797,0.5294930082949,0.4571095912724,0.1694168935593,0.4414117279424,0.1841197679011,-0.0602487391044,0.1742038724537,0.2546945889941,0.3246823335971,0.3242902901847,0.5280261990047,0.5241461692800,0.3300427851554,-0.2004061155034,-0.3778044423863,0.3541101886134,-0.3932159422499,0.1680236183653,-0.1971705105146,0.3319445128607,-0.0236723831388,0.2810175779926,-0.1873814730868,-0.2027954299794,0.3988081082041,0.2651660473915,-0.0336919286285,0.1566112987848,0.4226954353988,0.1483116199068,0.5068512727252,0.3822688271870,0.5236970819924,0.3550638133812,0.3889019121896,0.4843206328375,0.2832318633346,0.1365686545236,0.0965702307547,0.2334554950930,-0.0972312617021,-0.0692629898794,0.0990057521700
0.6143318524638,0.7946004807300,0.5740849141397,1.0000000000000,0.6133181994096,0.0064032692621,0.0499403669887,0.5405422616505,0.0415886422731,0.6723539569540,0.0702054462870,0.2932357439847,0.3844720925505,0.3512279771171,0.3324651709542,0.2097309770947,0.3457776473362,0.7367460937316,0.1941023349229,0.5824977783172,0.4799999470772,0.5674360740257,0.7851989548605,0.6908242664186,0.6436203209268,0.6608554030645,0.5211080345847,0.2851221141511,0.4921774430223,0.6000802118569,0.6109320631811,0.1861973641340,0.0443286241089,0.5791886193412,0.6380176714917,0.4078781056399,0.5606312952249,0.1466254320466,0.9056099407311,0.5997148325458,0.0049375746602,-0.0586864625725,0.2116537393685,-0.1519653237377,0.5504045623882,0.1614916643954,0.1732514570277,0.4085586538292,0.2866595270088,0.1363892869022,0.1751627629761,0.3686631794243,0.4552898639584,-0.0467725449624,0.2149316695442,0.4268083719818,0.2085945288176,0.6626323634720,0.4364082025767,0.6688875887254,0.5301076792974,0.1566175806560,0.4067197234700,0.1958999752060,0.4443983597326,0.2123939576826,0.3374118343827,0.0641638209969,0.3306447094745,0.5050041561620
0.6215805076317,0.4366374521692,0.2635465436917,0.6133181994096,1.0000000000000,0.0179313598070,0.0837583454146,0.4125831874019,0.0044220085199,0.5719413254215,0.2432586686583,0.0794278554821,0.4469225197441,0.1294970777365,0.2964914231879,0.1851752177696,0.3267663759095,0.4774183498993,0.0777793849054,0.3185737201842,0.4801521521251,0.5929588035185,0.5259384559831,0.5322584188734,0.7393756746880,0.3124637644542,0.3376525956723,0.0610682638111,0.5801474796583,0.4035680504296,0.5411142530071,0.1544327879527,-0.0445245762751,0.3591524925868,0.3325560708406,0.3185830053250,0.2306388834713,-0.0961752204517,0.5730482258519,0.9114543001814,-0.0096012339098,-0.0107224307285,0.1641534640106,-0.1762492916265,0.4805429574583,0.3749141071783,0.1165349579958,0.5616713016619,0.1378462665738,0.0139305408792,0.1005426489212,0.2879151566720,0.2287880375581,-0.0129774446265,0.0671629201635,0.4411745218467,0.3286602310017,0.4514383582405,0.2922560869548,0.6879996838507,0.1629745741405,0.1118897778668,0.1665710072629,0.3538448881196,0.2430169784028,0.2121694307755,0.2114304370165,-0.0453947122993,0.2409175266538,0.1937090066715
0.0266241046382,-0.1449228945922,-0.2435612269384,0.0064032692621,0.0179313598070,1.0000000000000,0.7122732947768,-0.1361971534681,0.7056816100131,0.0555206247479,0.6053781670542,0.3833707666307,0.2706439433889,0.3342302842927,0.5039166733778,0.7663851120016,-0.1799433712936,-0.1285528908710,0.3123616815477,0.0021082173874,-0.1202142057753,-0.2302453165523,-0.2902265190417,-0.3376723423687,-0.1679599351155,0.1703654431174,-0.0892555667300,-0.0413615067364,-0.2429567644407,0.3523890919476,-0.0953747950480,-0.0414469702847,0.5466990588788,0.2080975775921,0.2406887361386,-0.1654440646011,-0.2960239762883,-0.2109633970766,-0.0188387314731,-0.0317300779445,0.7764885000314,0.6640385448094,-0.3967200383085,0.6918854221473,0.2627402150203,0.4907297341873,0.1303325496234,0.3289820480300,0.1627477051538,0.4482634554483,0.7608699513227,-0.1512201384216,-0.1663682615305,0.2410901733861,-0.1723403163593,-0.1692773818932,-0.2512970017751,-0.3518229301429,-0.3002403976765,-0.1435327073452,0.0707041956126,-0.2462217710907,-0.0534485731411,-0.3850689868311,-0.0202610229483,-0.3380454674287,0.2264053608603,0.6028739702416,0.1438354198602,0.2107986907921
0.1264787077621,-0.1082612837932,-0.3404245531123,0.0499403669887,0.0837583454146,0.7122732947768,1.0000000000000,-0.2565811951274,0.9124133628681,0.0310109471918,0.8645791744572,0.4982669982646,0.5019523827715,0.4316426583470,0.7098982765891,0.8787565116003,-0.1384470987849,-0.0994734858792,0.4449089803819,0.1133638750639,-0.0329322751820,-0.2240201230373,-0.3083590810525,-0.3168075864853,-0.1928069736963,0.2531494485017,-0.0660414020854,-0.0980950309921,-0.2979973368568,0.4104938194772,-0.1561647762493,0.0702885648482,0.4370204400677,0.3065388769419,0.3634457329928,-0.0973991036746,-0.3200671721787,-0.2768554671601,0.0186481889843,-0.0178274114900,0.7730600396857,0.9131143097510,-0.4534070970653,0.8415564820860,0.2392743489046,0.7208975992142,0.0863606285018,0.4864175871613,0.1824507302850,0.6286606115406,0.7887086193818,-0.1335908686653,-0.1845130139283,0.2577577238838,-0.1668164355101,-0.0719310424758,-0.3119740481146,-0.4057467228359,-0.3580276968701,-0.2273405419378,0.0808306429839,-0.2593419479666,-0.0421142776770,-0.4691287700540,0.1333792175648,-0.3883255710357,0.3224965160047,0.5793778930367,0.1435623733305,0.2757596737958
0.4217497215426,0.4550086859636,0.5879469682525,0.5405422616505,0.4125831874019,-0.1361971534681,-0.2565811951274,1.0000000000000,-0.1723254561998,0.4444115511659,-0.1327117146272,0.0253628363720,0.0159826058089,0.1101267531189,0.1059498477318,-0.1036576450730,0.2480169870104,0.3835723001052,0.0363356423788,0.2774550352815,0.2508607035939,0.4788302966441,0.5887270422766,0.5040321538936,0.7073627431096,0.4011638102783,0.4855529618314,0.4243184171898,0.7573639755510,0.2750302354751,0.6001971014664,0.3103564396673,-0.0800317885490,0.2090514839635,0.2492026166698,0.2821003961845,0.2543629826093,0.0492472675574,0.4805020211113,0.4553512505801,-0.1840769275200,-0.2757123091983,0.5996018284466,-0.3455595312564,0.2554772188254,-0.1488667038598,-0.0596141416924,0.0591994079596,0.0745652062855,-0.1159110544469,-0.1557151318995,0.2257219816176,0.1777024102457,-0.2916961929286,0.0093759661103,0.1989739947143,0.2256887597090,0.5068699520163,0.2416165672694,0.7075447496618,0.3071063322858,0.1097496471196,0.3209306778038,0.5802366444510,0.0881663954103,0.3666125897718,0.1549968809349,-0.1877915231026,0.1323410222803,0.0668099869454
0.1646219797093,-0.0970977489463,-0.2554501966517,0.0415886422731,0.0044220085199,0.7056816100131,0.9124133628681,-0.1723254561998,1.0000000000000,0.0148371115519,0.7928854778438,0.5893958022637,0.3515669374742,0.5390587635770,0.8013331893673,0.8342591190360,-0.1090307958008,-0.1068537577349,0.4880769324890,0.1565924161770,-0.0710666777333,-0.2603804190143,-0.3212282883302,-0.3264191068438,-0.2297053760715,0.3532890672813,0.0451703831393,0.0623152934281,-0.2743358971242,0.4323138819044,-0.1465498381112,0.1684658880643,0.4560716934810,0.3294988125632,0.3676929421555,-0.0549123095950,-0.3299606868670,-0.1418457025573,0.0236447476483,-0.0604763253662,0.7425603181880,0.8357379483700,-0.4196404905046,0.8221753260874,0.1749332610701,0.6128005909665,0.1465835483343,0.3655262461436,0.2875940205462,0.6343991514535,0.7123830443401,-0.1011776322680,-0.2020477319866,0.2750170180110,-0.1729151434410,-0.0896055786756,-0.3417685434818,-0.4349358143419,-0.3360714437353,-0.2460448343389,0.1933226892809,-0.1229455020963,0.1013254434968,-0.4546084787606,0.1047214586519,-0.4475403661715,0.3663249284589,0.5913874824169,0.0662591189877,0.2411126249286
0.4196608459580,0.3342722906118,0.4476793700017,0.6723539569540,0.5719413254215,0.0555206247479,0.0310109471918,0.4444115511659,0.0148371115519,1.0000000000000,0.0264332536245,0.1792901197484,0.4452247603760,0.3654800577596,0.2610362677445,0.2020666972532,0.0605971201910,0.3539610447319,0.0919437350526,0.2145800028373,0.5383838180694,0.2751456809877,0.5469745002917,0.3409460044905,0.5489658061246,0.4856873668850,0.3403642939205,0.2006726306453,0.3235567426288,0.3676002140211,0.2566331147746,0.3050380088402,0.0384950269669,0.3182954585068,0.2761827209757,0.1942952423828,0.1461823543477,-0.0140087138914,0.6572359902393,0.5957774080290,-0.0106678150162,-0.0528388334995,0.0656769946466,-0.1650861084434,0.7790994113724,0.1269350539273,0.2392685843997,0.4353313588080,0.4200319100426,-0.0126136174538,0.1652009334247,0.0939277131044,0.0566583843713,-0.0595459921394,-0.0944040758626,0.4829494987006,0.0153101398507,0.4356392450209,0.0770769828774,0.5869676206250,0.3645708112019,0.0655983273035,0.1872752090691,0.0695308020243,0.1802177592435,-0.0848993216034,0.2304996169250,0.0396021466066,0.1749387307786,0.1316600116158
0.2508678871975,-0.1428039124779,-0.3171741584302,0.0702054462870,0.2432586686583,0.6053781670542,0.8645791744572,-0.1327117146272,0.7928854778438,0.0264332536245,1.0000000000000,0.3334092586455,0.5175184768972,0.3851476893023,0.6868576378806,0.7780209422077,-0.0960344969821,-0.0223141253206,0.3104890159418,0.1379509657375,0.0696903153492,-0.0942883093299,-0.2613852494340,-0.2124200144334,-0.0458640999842,0.2167196317144,-0.1093270988798,-0.1521384844459,-0.1131805270166,0.3729794295745,-0.0656759514749,0.0881102299006,0.2933407220675,0.3518291296642,0.3305929592988,-0.0477126860356,-0.3211268713886,-0.2737457239556,0.0570731782322,0.1536211728318,0.7140046092445,0.8126703818870,-0.3396424355160,0.7497280352355,0.2421953286578,0.8144307102163,-0.0510275289611,0.5348951877803,0.1759072953188,0.6313619386119,0.6645964751321,-0.0875647348666,-0.1095870258906,0.1700280802557,-0.0439207843678,0.0108233061471,-0.1624891579718,-0.3265290144346,-0.2388732951686,-0.1104001116923,0.0342365811709,-0.2887369925806,-0.0720867550843,-0.2701188233597,0.1299702154415,-0.2856642555776,0.3065641574569,0.4761282877731,0.2671049362077,0.2790334553098
0.1365301221702,0.1739467257265,0.2146809179776,0.2932357439847,0.0794278554821,0.3833707666307,0.4982669982646,0.0253628363720,0.5893958022637,0.1792901197484,0.3334092586455,1.0000000000000,0.3430582053908,0.7683605338607,0.5513915617752,0.5130223987752,-0.0391651228505,0.1536423788888,0.8043469232512,0.4324390040043,0.2027150453473,-0.1426631240947,-0.0378199294069,-0.0777421667918,-0.1011291182694,0.5940471755021,0.4440531161627,0.3840449672075,-0.1783746671061,0.4254719440984,-0.0179811180048,0.2227042193173,0.4972387725047,0.3028917174393,0.4484756644245,0.0413836772594,-0.0961408265201,0.1054878839350,0.2764356681688,0.0013249307985,0.4141549304796,0.3385951460797,-0.2248898113726,0.3611346077040,0.1722938310394,0.2899048422469,0.6025820163074,0.2089409506250,0.5254084336512,0.3371766891856,0.4432052160542,0.0423784120916,-0.0969668494320,0.4427160940112,-0.1144972139860,0.1991333665634,-0.3874784713810,-0.1866810172304,-0.2353790892109,-0.0607780798942,0.4364616988341,0.2182357220258,0.3860699819159,-0.4171698783364,0.1641879247932,-0.4336417312900,0.5518062537347,0.4564402913422,-0.1411595807510,0.2073210023947
0.2671301820273,0.1527195232211,0.0309484909653,0.3844720925505,0.4469225197441,0.2706439433889,0.5019523827715,0.0159826058089,0.3515669374742,0.4452247603760,0.5175184768972,0.3430582053908,1.0000000000000,0.3265982295554,0.4193085244527,0.4618742768205,-0.1381494147086,0.2776902059461,0.3234487135224,0.3528610932971,0.7337331243765,0.0615563348365,0.0947732351891,0.0760146843319,0.2318587074952,0.2924526160144,0.2102515559328,0.0220085303035,0.0082045351723,0.3347213541355,0.0549276625143,0.2636967534598,0.0988405745586,0.3855695704722,0.2982611122530,-0.0403681864451,0.0041905106557,-0.1549964711432,0.3633862788589,0.3332752637047,0.3510989320696,0.4140647104903,-0.1526402673653,0.3176756011111,0.4874334977890,0.4882767613880,0.1751618981264,0.7621013504900,0.2209370956637,0.3059422604835,0.4275543206064,-0.1138365064996,0.1271197783168,0.1163519220188,0.0789982042277,0.6439020533354,-0.2177778715652,0.0104350666901,-0.1645239647060,0.1613394666632,0.1480842575860,-0.0194420112860,0.1194151288370,-0.2127498323529,0.1888796372587,-0.2051067310506,0.3756682790336,0.1045318788557,0.2104089880694,0.1792106625156
0.2248006581821,0.1593301800834,0.2071086263193,0.3512279771171,0.1294970777365,0.3342302842927,0.4316426583470,0.1101267531189,0.5390587635770,0.3654800577596,0.3851476893023,0.7683605338607,0.3265982295554,1.0000000000000,0.5592317694780,0.4366283031901,0.0036303686922,0.1154634395660,0.5850961360902,0.3067304953374,0.2191527728940,-0.0962606034942,0.0306478339141,-0.0435651245262,0.0126157794333,0.7661022392523,0.4154716761577,0.4655412678931,-0.0883293830962,0.4097979722371,-0.0589694013989,0.4372359693405,0.4481320100885,0.2968836597257,0.3765307694554,0.0641400095134,-0.0924479548945,0.0016505656575,0.3429186953425,0.0626740890052,0.3401990056312,0.3018782831818,-0.2065918938147,0.2717962097217,0.2786931945316,0.3306513442495,0.3697913314044,0.1733765663274,0.7365827619566,0.3697684219752,0.3674800257945,0.1057634168693,-0.1900967903688,0.2268660309481,-0.2322534236095,0.1851833196797,-0.3062450832330,-0.1354490713980,-0.1996826139868,0.0326645534533,0.5898013716798,0.1755324315687,0.4360751460723,-0.3319688730021,0.2522087727472,-0.4612876135557,0.5907115359273,0.4397687465329,-0.0933103090068,0.1780576897961
0.5396832333071,0.1110127516961,-0.0478068732198,0.3324651709542,0.2964914231879,0.5039166733778,0.7098982765891,0.1059498477318,0.8013331893673,0.2610362677445,0.6868576378806,0.5513915617752,0.4193085244527,0.5592317694780,1.0000000000000,0.7415999471722,0.0265972744492,0.1839424147741,0.5652851945251,0.3868793027119,0.1478756292050,0.0229714382358,-0.0117657616731,-0.0140939187920,0.0816197024937,0.4880509411953,0.2009458298173,0.1044085679480,0.0230738660865,0.6546551253955,0.0923556319005,0.3232047424231,0.3096025491693,0.5139537533082,0.4851354816876,0.1964806128139,-0.1602336741622,-0.0721469957740,0.2869222606548,0.2590832414524,0.5565879059526,0.6095208309085,-0.2118877941221,0.5589503438467,0.3679984257854,0.5602395107598,0.2268249408218,0.5156450647002,0.3882274921537,0.6197992168339,0.5639213893433,0.0104949273226,-0.0009790037487,0.3162824120345,0.0051285092461,0.0924212553106,-0.1737354733377,-0.1404425797185,-0.1410871082720,0.0585361104592,0.2968786073486,-0.0553595318910,0.1983346091543,-0.2077082325537,0.3019043233458,-0.2791562540674,0.4893064616662,0.4173846358447,0.2041201859663,0.2932789388365
0.2652126443365,0.0204065405667,-0.1690687110368,0.2097309770947,0.1851752177696,0.7663851120016,0.8787565116003,-0.1036576450730,0.8342591190360,0.2020666972532,0.7780209422077,0.5130223987752,0.4618742768205,0.4366283031901,0.7415999471722,1.0000000000000,-0.1192254496284,0.0475816906183,0.4547064688247,0.1825177749881,0.0513607769696,-0.1199688222729,-0.1344369447978,-0.1823743523671,-0.0877585546853,0.3745929928882,0.0105220905966,-0.0137751102453,-0.1825056508851,0.5211691504608,-0.0409689685796,0.0639919012545,0.3996332426814,0.4510660431311,0.4944003001181,-0.0151331629685,-0.1975663454910,-0.1639005216099,0.1873701486524,0.1095119413252,0.8250893293857,0.8204739384916,-0.3599001427595,0.7751986812742,0.4246331587886,0.6617915357220,0.1964690284884,0.5733327459986,0.2571393869071,0.5995789276372,0.8417055251902,-0.1087392295236,-0.0883669743249,0.2779413902237,-0.1161212723607,0.0001493891029,-0.2547735569463,-0.2277384612523,-0.2573194618832,-0.0704966922455,0.2000914590805,-0.2313913714147,0.0531940725650,-0.3753846411811,0.1245202402191,-0.3142398120329,0.3444293964364,0.5672457259464,0.2826229756610,0.4060938785505
0.4366407348404,0.5165681904026,0.3411504695378,0.3457776473362,0.3267663759095,-0.1799433712936,-0.1384470987849,0.2480169870104,-0.1090307958008,0.0605971201910,-0.0960344969821,-0.0391651228505,-0.1381494147086,0.0036303686922,0.0265972744492,-0.1192254496284,1.0000000000000,0.3566987146663,-0.0956203337595,0.1396460450078,-0.0883965778287,0.6529272990791,0.5011015204526,0.6250660494468,0.4770217218451,0.2256040580576,0.2404306180165,0.0984908513006,0.5280111058109,0.2554855798532,0.6422771626339,-0.0936856458976,0.0022108564270,0.0506874053474,0.2843715752061,0.4172738099171,0.3288515964379,0.1015375777960,0.2598811284345,0.3478886357668,-0.2004435113889,-0.2376207782684,0.1220731436094,-0.3343427536652,-0.1985531802653,0.0564606703194,-0.0315307885470,-0.0721451897666,-0.0427100107990,-0.2415800766777,-0.1655163216239,0.9409928314570,0.2040171004385,-0.1469656888997,-0.0084274866070,-0.0044396155730,0.5778051410081,0.4141575101819,0.6305285350950,0.4777152223614,0.1644638864176,0.1485916256492,0.1006367817548,0.4534549674759,0.2370791651175,0.3929085928259,0.0011080005903,-0.0657675163448,-0.1436918426919,0.2094064791851
0.5260840745292,0.7412448076754,0.5211905786863,0.7367460937316,0.4774183498993,-0.1285528908710,-0.0994734858792,0.3835723001052,-0.1068537577349,0.3539610447319,-0.0223141253206,0.1536423788888,0.2776902059461,0.1154634395660,0.1839424147741,0.0475816906183,0.3566987146663,1.0000000000000,0.1071151074216,0.7373178054799,0.4320377554188,0.5917142791618,0.6532553865726,0.7640675655736,0.4397810584752,0.4411653604303,0.4670665417323,0.2211854865000,0.3887204052537,0.5405250055164,0.6694734583438,0.0367138589294,-0.0977674076687,0.5145943681713,0.6773377394295,0.4390347392744,0.5820948105431,0.2951552242500,0.6683812676224,0.4530465382769,-0.1019921388531,-0.2077781487861,0.1826856143306,-0.2414101303036,0.2441017595836,0.0253438600559,0.0104125945200,0.2775357002629,0.0143818747411,-0.0125906795623,-0.0317520495685,0.3513043779519,0.7278012241508,-0.1328611104668,0.4776331555535,0.3870284685267,0.2844309256440,0.5567501259311,0.5977347753624,0.4915610580543,0.3264659622136,0.2287212743272,0.3359646594232,0.1838426653358,0.3474813209049,0.3304728392430,0.1799072423622,-0.0709093014177,0.3312224968355,0.5853051460183
0.0786762882240,0.0661842129655,0.1579556825243,0.1941023349229,0.0777793849054,0.3123616815477,0.4449089803819,0.0363356423788,0.4880769324890,0.0919437350526,0.3104890159418,0.8043469232512,0.3234487135224,0.5850961360902,0.5652851945251,0.4547064688247,-0.0956203337595,0.1071151074216,1.0000000000000,0.4644024903199,0.1431745370913,-0.1616663034570,-0.1163544456969,-0.1204923393112,-0.1281808568027,0.3874394841151,0.3690306159349,0.3476057876327,-0.1580184057056,0.3435383356110,-0.0992423751447,0.1965320961436,0.3988429387377,0.2477627808034,0.2996765354180,-0.0394746486126,-0.1672540458233,0.0956410887306,0.1668575508922,0.0108467833550,0.3584601388537,0.3092588763272,-0.1840424396789,0.3333495796347,0.1653748185338,0.2707583776814,0.5285611129429,0.2425206364465,0.4077970077814,0.3722643164431,0.3611233154813,-0.0507034901159,-0.0823074601569,0.5762344156042,0.0267070873867,0.1297507675008,-0.3377055587486,-0.2267543095611,-0.2514872888138,-0.1031876235528,0.2451946476354,0.1709225561113,0.3584173897547,-0.3188965210921,0.1238357727192,-0.3966966561651,0.5643522065911,0.2996840896072,-0.0426794249729,0.0853447897705
0.4811365176394,0.5325067430928,0.4318315777184,0.5824977783172,0.3185737201842,0.0021082173874,0.1133638750639,0.2774550352815,0.1565924161770,0.2145800028373,0.1379509657375,0.4324390040043,0.3528610932971,0.3067304953374,0.3868793027119,0.1825177749881,0.1396460450078,0.7373178054799,0.4644024903199,1.0000000000000,0.4276506249000,0.2847594478030,0.3351148467156,0.4183254607958,0.1892862306756,0.4908993702777,0.5507171970713,0.3282457078762,0.1402962719179,0.4550872832615,0.3775304159679,0.2214783937021,-0.0152192923338,0.5936280928545,0.6661929687592,0.4306765982306,0.3520342111612,0.3341163661874,0.5402885173517,0.2746602798640,0.1308747829102,0.0087519101332,0.0682934336278,-0.0133177512890,0.1425143762338,0.1161030571769,0.1660867831343,0.2641967377539,0.1398229048652,0.2661547246926,0.0563359358491,0.1712220653955,0.5424653205006,0.1641451730610,0.5680726398882,0.4016452537118,-0.0069761108297,0.2237999159161,0.2673083488529,0.1885587265792,0.3480407454767,0.3008633958553,0.4319476729174,-0.0881357671076,0.3778281453178,0.0102921398107,0.4252351752026,0.0277205051186,0.2860813208905,0.5034538822039
0.3177711714039,0.3009096013454,0.3954135443665,0.4799999470772,0.4801521521251,-0.1202142057753,-0.0329322751820,0.2508607035939,-0.0710666777333,0.5383838180694,0.0696903153492,0.2027150453473,0.7337331243765,0.2191527728940,0.1478756292050,0.0513607769696,-0.0883965778287,0.4320377554188,0.1431745370913,0.4276506249000,1.0000000000000,0.2467846912704,0.3415359024434,0.3398720718481,0.3711502659536,0.3297073904689,0.3686105274696,0.1923943639494,0.1785581061323,0.1702092061066,0.1814130963754,0.3530022684821,-0.1269172017310,0.4089531378856,0.2238452209695,0.1339279467192,0.2470719395373,0.1693756663236,0.4874064179410,0.4088832438709,0.0079230381479,-0.0670305021973,0.1714567395337,-0.1054372119130,0.4148883028495,0.0929959386574,0.2350988688794,0.5111612424747,0.2719276281706,0.0410862520785,-0.0258972347204,-0.0489729943059,0.2842704003190,-0.0036353589606,0.2038728025865,0.9168991048251,-0.0626185955373,0.2730997022268,0.0717096358397,0.3516522172152,0.2594848236568,0.2406464314705,0.2894839904632,0.0088722785193,0.1770678138707,-0.0286842956122,0.3270645353603,-0.1520041101321,0.1986385684081,0.1076743426413
0.5609881018461,0.6154335108042,0.4434058749913,0.5674360740257,0.5929588035185,-0.2302453165523,-0.2240201230373,0.4788302966441,-0.2603804190143,0.2751456809877,-0.0942883093299,-0.1426631240947,0.0615563348365,-0.0962606034942,0.0229714382358,-0.1199688222729,0.6529272990791,0.5917142791618,-0.1616663034570,0.2847594478030,0.2467846912704,1.0000000000000,0.6705491499873,0.9041708565660,0.6948582800868,0.2121208225795,0.2481334584240,0.0807509431421,0.7028753018004,0.3272902161008,0.7518743286201,0.0222316916259,-0.1500888636100,0.2489027899599,0.3643838247523,0.4328736536329,0.4682203563837,0.1281620070644,0.4744781708308,0.5918928074341,-0.1910831879297,-0.2687269622328,0.3742675733346,-0.3942111440981,0.0985271364458,0.0273495636918,-0.0971227152739,0.1520960288411,-0.0445473082720,-0.1441690164241,-0.1773741830365,0.6225993180008,0.4634743188450,-0.2015056213162,0.2236477860899,0.2557003845170,0.7998994621207,0.6085970993565,0.7713894992666,0.6947279909097,0.1610206965878,0.0982472029448,0.1905265730914,0.6087053530482,0.3350545624532,0.5497288364635,0.0387144223086,-0.1053270586427,0.1984596023968,0.3291361156891
0.5170455769757,0.7584315010838,0.6452029080810,0.7851989548605,0.5259384559831,-0.2902265190417,-0.3083590810525,0.5887270422766,-0.3212282883302,0.5469745002917,-0.2613852494340,-0.0378199294069,0.0947732351891,0.0306478339141,-0.0117657616731,-0.1344369447978,0.5011015204526,0.6532553865726,-0.1163544456969,0.3351148467156,0.3415359024434,0.6705491499873,1.0000000000000,0.7971353187442,0.7076227728883,0.3999195659542,0.4444571727111,0.1769765029167,0.6343123768082,0.3713639502952,0.7016738732003,0.0650961975954,-0.1673020210513,0.3360863395044,0.4023082533919,0.4439691969583,0.6247638372620,0.1159218273901,0.6978842492992,0.5696163132847,-0.3096089420496,-0.3894209584165,0.3225774505487,-0.4674156579882,0.3179446113689,-0.0773628711397,0.0686978561660,0.1599774256543,0.0788106209805,-0.2085862163125,-0.1648672341282,0.4838945009164,0.3680781023755,-0.2063548966818,0.0984109582766,0.3327048535431,0.3986334592113,0.9211800402522,0.5769655243847,0.7858510211665,0.3457941892681,0.1608551086816,0.2001128803925,0.4737085034747,0.3534118799808,0.4667578751272,0.0668891272399,-0.2093951649487,0.2335768026779,0.3128659452788
0.5689235486041,0.7584430764659,0.6215915324168,0.6908242664186,0.5322584188734,-0.3376723423687,-0.3168075864853,0.5040321538936,-0.3264191068438,0.3409460044905,-0.2124200144334,-0.0777421667918,0.0760146843319,-0.0435651245262,-0.0140939187920,-0.1823743523671,0.6250660494468,0.7640675655736,-0.1204923393112,0.4183254607958,0.3398720718481,0.9041708565660,0.7971353187442,1.0000000000000,0.6673510317932,0.3358333687031,0.3992678553947,0.2081104607687,0.6756962716137,0.3660395957850,0.7551866377999,0.0924296982723,-0.1919215485498,0.3033376812239,0.4549027127487,0.4775423751678,0.6023223629493,0.2921184689961,0.5969368935115,0.5558536914989,-0.2988981847966,-0.3848831240743,0.3911832151952,-0.4932049983948,0.1203723036230,-0.0716885773136,-0.0162199938664,0.1308498911994,0.0219921324443,-0.2114035805960,-0.2569396888107,0.6087765042596,0.5712048646935,-0.2304603813507,0.2929842933599,0.3495680421933,0.6569002153227,0.7178848568731,0.8200842798386,0.6953733781571,0.2856064841664,0.2236367297740,0.3175751837897,0.5521157981619,0.3324440971561,0.5387088999506,0.0877630543744,-0.1856586662152,0.1919881465128,0.3823369236202
0.5792792106823,0.5459899065435,0.4404618511924,0.6436203209268,0.7393756746880,-0.1679599351155,-0.1928069736963,0.7073627431096,-0.2297053760715,0.5489658061246,-0.0458640999842,-0.1011291182694,0.2318587074952,0.0126157794333,0.0816197024937,-0.0877585546853,0.4770217218451,0.4397810584752,-0.1281808568027,0.1892862306756,0.3711502659536,0.6948582800868,0.7076227728883,0.6673510317932,1.0000000000000,0.3204528437903,0.4114541949520,0.1869652916047,0.8864940692173,0.3232628711771,0.6790305566058,0.2557515949269,-0.1187663715598,0.1992026475102,0.2176287097182,0.2878301097502,0.4004494394946,-0.0453498465571,0.5757273412404,0.7276237706203,-0.2209644411294,-0.2347429843352,0.5109775884624,-0.3936587506814,0.3712694525367,0.0186982729073,-0.0512550704320,0.2848816744834,0.0559643761002,-0.2012142665968,-0.1244463223368,0.4142176037693,0.2480317320763,-0.2781569797460,0.0126342136068,0.3008755685660,0.4724884996545,0.6566569737671,0.4211463250619,0.8895966299261,0.2314049586140,0.1012068719141,0.2129755296826,0.7055655717199,0.1895889638560,0.5124013139781,0.0890649251276,-0.2200628903530,0.1449745358449,0.0741299618686
0.5112191813287,0.5583802557771,0.4111857544928,0.6608554030645,0.3124637644542,0.1703654431174,0.2531494485017,0.4011638102783,0.3532890672813,0.4856873668850,0.2167196317144,0.5940471755021,0.2924526160144,0.7661022392523,0.4880509411953,0.3745929928882,0.2256040580576,0.4411653604303,0.3874394841151,0.4908993702777,0.3297073904689,0.2121208225795,0.3999195659542,0.3358333687031,0.3204528437903,1.0000000000000,0.6187692023729,0.5560680470662,0.2102334181407,0.5437651623381,0.2953324578681,0.5067898343169,0.2322075749586,0.4885008418669,0.6358686961094,0.3111057521898,0.3085440506258,0.0334181102420,0.6551666811586,0.2470453465076,0.2080900190729,0.1586112302046,0.0437001789415,0.0719589774775,0.3376836869927,0.1781154521440,0.2584313954814,0.2336952495127,0.5726188542384,0.2062940679631,0.2230121464122,0.2724821068496,0.0881567289986,-0.0293402516661,-0.0977414891142,0.2710396669754,-0.1067266726727,0.2183631548529,0.0829117540550,0.3197972794671,0.8245966667750,0.2330903042583,0.5302748045115,-0.0773579627604,0.3280301329285,-0.0986469096330,0.5783071778606,0.2194925270627,0.1031043190668,0.4230228618166
0.3843520545672,0.5824992922891,0.5976554261797,0.5211080345847,0.3376525956723,-0.0892555667300,-0.0660414020854,0.4855529618314,0.0451703831393,0.3403642939205,-0.1093270988798,0.4440531161627,0.2102515559328,0.4154716761577,0.2009458298173,0.0105220905966,0.2404306180165,0.4670665417323,0.3690306159349,0.5507171970713,0.3686105274696,0.2481334584240,0.4444571727111,0.3992678553947,0.4114541949520,0.6187692023729,1.0000000000000,0.6889024196255,0.3584335958156,0.3062609228234,0.4299555851961,0.5100738410595,-0.0261937920125,0.2342826430146,0.3508073457628,0.3192579789386,0.3789890727503,0.1966895067359,0.5025818316702,0.3164355694286,-0.0990961430313,-0.1741806261041,0.1650918932978,-0.2161474317598,0.0779310856688,-0.0308686941176,0.3686723846234,0.1096521097224,0.3213349049222,-0.1193421085501,-0.1165666117343,0.2571578288990,0.1435978241263,0.0285790446105,0.0067881902411,0.3484033653010,-0.0818573941977,0.2809617942112,0.1182360615194,0.3884221209784,0.5879685773682,0.6766550245984,0.5754953503747,0.1181820673299,0.1328063165471,0.0203592738853,0.4920916801374,-0.1049739855176,-0.0756214455649,0.0609080469563
0.1233506475462,0.3633503667754,0.5294930082949,0.2851221141511,0.0610682638111,-0.0413615067364,-0.0980950309921,0.4243184171898,0.0623152934281,0.2006726306453,-0.1521384844459,0.3840449672075,0.0220085303035,0.4655412678931,0.1044085679480,-0.0137751102453,0.0984908513006,0.2211854865000,0.3476057876327,0.3282457078762,0.1923943639494,0.0807509431421,0.1769765029167,0.2081104607687,0.1869652916047,0.5560680470662,0.6889024196255,1.0000000000000,0.2285045930867,0.1126163573458,0.1617840714069,0.4800801299130,-0.0019055351510,0.1370648671581,0.1567842288021,0.0287597573494,0.2349396261564,0.3365082386530,0.3184688366695,0.0435627783581,0.0146763565073,-0.1090322206186,0.1967619265450,-0.1360675812766,0.0411636779014,-0.2110426521149,0.2442378303118,-0.0753592603368,0.3862430650172,-0.1083164786286,-0.0750976588975,0.1302668294579,-0.0052135376141,0.0017516917296,-0.0833644747492,0.2047664542661,-0.1529699217794,0.0760758929157,0.0228162621745,0.1519759045580,0.5716501582197,0.4746244490729,0.8519984925264,0.0512870676460,-0.0766270675505,-0.1030980082848,0.4127618668049,-0.0667235759308,-0.1544128022515,-0.0608956980841
0.5182076576641,0.4936844353002,0.4571095912724,0.4921774430223,0.5801474796583,-0.2429567644407,-0.2979973368568,0.7573639755510,-0.2743358971242,0.3235567426288,-0.1131805270166,-0.1783746671061,0.0082045351723,-0.0883293830962,0.0230738660865,-0.1825056508851,0.5280111058109,0.3887204052537,-0.1580184057056,0.1402962719179,0.1785581061323,0.7028753018004,0.6343123768082,0.6756962716137,0.8864940692173,0.2102334181407,0.3584335958156,0.2285045930867,1.0000000000000,0.2426206595741,0.6889821196220,0.2116104343135,-0.1432053133772,0.0828018462088,0.1491946799185,0.2843994695952,0.3514734507197,0.0256661097849,0.4336656929023,0.6066261158779,-0.3040809897419,-0.3061619405062,0.5642916372694,-0.4512394693631,0.1559667532312,-0.0582150216279,-0.1110963505898,0.1226044990808,-0.0250569565791,-0.2362805000625,-0.2339294819462,0.4555653489115,0.2617726259895,-0.3043034332846,0.0712995398330,0.1415509991218,0.5300125512811,0.5920410954157,0.4851870149194,0.8128381919746,0.1506217048534,0.1055650012089,0.2471330095512,0.8812940470888,0.0989606659039,0.5519656160350,-0.0043894137292,-0.2838935153051,0.0704266549328,0.0162891901772
0.5935578868441,0.5145650614589,0.1694168935593,0.6000802118569,0.4035680504296,0.3523890919476,0.4104938194772,0.2750302354751,0.4323138819044,0.3676002140211,0.3729794295745,0.4254719440984,0.3347213541355,0.4097979722371,0.6546551253955,0.5211691504608,0.2554855798532,0.5405250055164,0.3435383356110,0.4550872832615,0.1702092061066,0.3272902161008,0.3713639502952,0.3660395957850,0.3232628711771,0.5437651623381,0.3062609228234,0.1126163573458,0.2426206595741,1.0000000000000,0.4928814441670,0.1010823911854,0.2509958271816,0.6207101743035,0.7350304231331,0.3097774570888,0.2760944927722,-0.0190249695872,0.4886929661971,0.3732699667535,0.2756262798816,0.2711671021730,-0.0594429666941,0.2124701441413,0.4213613239771,0.2890099328013,0.0893772412398,0.4909110987564,0.2009742707187,0.2847665751271,0.5061550913230,0.2172806047826,0.2918266940998,0.0524580056764,0.1043461360277,0.1019419838254,0.1104316100561,0.2637137529259,0.2425517664221,0.3211657504830,0.4174800310319,-0.0499617931281,0.1543878756579,-0.0077146412848,0.4616218442419,0.1656474773152,0.2535093862837,0.3270837974585,0.3811139106547,0.5914896530903
0.5918533572772,0.7663325372817,0.4414117279424,0.6109320631811,0.5411142530071,-0.0953747950480,-0.1561647762493,0.6001971014664,-0.1465498381112,0.2566331147746,-0.0656759514749,-0.0179811180048,0.0549276625143,-0.0589694013989,0.0923556319005,-0.0409689685796,0.6422771626339,0.6694734583438,-0.0992423751447,0.3775304159679,0.1814130963754,0.7518743286201,0.7016738732003,0.7551866377999,0.6790305566058,0.2953324578681,0.4299555851961,0.1617840714069,0.6889821196220,0.4928814441670,1.0000000000000,-0.0467020029171,-0.0817783945654,0.3473777210649,0.5106722110133,0.5008067622870,0.5726946562675,0.0498606091377,0.5201477529988,0.5489742886813,-0.1400326558633,-0.2585811693024,0.2807876884135,-0.3352205325873,0.0337796397492,0.0161000453732,-0.0946321454018,0.1274043422697,-0.1273459587362,-0.2054487331449,-0.0756532773651,0.5784059153450,0.4969729681158,-0.2852799157827,0.1594400327948,0.1872852868182,0.4819706675048,0.6226383920799,0.6074523767609,0.7142453733641,0.2776196541897,0.1703688039918,0.1725572136107,0.5114339461611,0.3131396784080,0.6017182365626,0.0290451098376,-0.0807667296927,0.1825398372233,0.4135168294679
0.3590787462416,0.1083598303625,0.1841197679011,0.1861973641340,0.1544327879527,-0.0414469702847,0.0702885648482,0.3103564396673,0.1684658880643,0.3050380088402,0.0881102299006,0.2227042193173,0.2636967534598,0.4372359693405,0.3232047424231,0.0639919012545,-0.0936856458976,0.0367138589294,0.1965320961436,0.2214783937021,0.3530022684821,0.0222316916259,0.0650961975954,0.0924296982723,0.2557515949269,0.5067898343169,0.5100738410595,0.4800801299130,0.2116104343135,0.1010823911854,-0.0467020029171,1.0000000000000,-0.1080169257384,0.0940384263761,0.0828986875645,0.1002680282132,0.0329729735513,-0.0172551553373,0.2534862651518,0.1407464536653,0.0232634938933,0.1056844513974,0.1818445213517,-0.0099437770709,0.1670157852313,0.0004129178291,0.1709132834441,0.1486600493800,0.4830696458274,0.1069849384562,-0.1276846532828,-0.1045835631564,-0.0937069766703,-0.0252694813246,-0.0636792093920,0.2859497994171,-0.1858622016793,-0.0156484710695,-0.1853005461628,0.1535332176634,0.4924052435453,0.3011289768449,0.4612074787843,0.0871607194180,0.0332582451657,-0.1407832329346,0.5814762707012,-0.1503918248309,-0.0697905407320,-0.1522154475868
-0.1125179245822,-0.0362963061333,-0.0602487391044,0.0443286241089,-0.0445245762751,0.5466990588788,0.4370204400677,-0.0800317885490,0.4560716934810,0.0384950269669,0.2933407220675,0.4972387725047,0.0988405745586,0.4481320100885,0.3096025491693,0.3996332426814,0.0022108564270,-0.0977674076687,0.3988429387377,-0.0152192923338,-0.1269172017310,-0.1500888636100,-0.1673020210513,-0.1919215485498,-0.1187663715598,0.2322075749586,-0.0261937920125,-0.0019055351510,-0.1432053133772,0.2509958271816,-0.0817783945654,-0.1080169257384,1.0000000000000,-0.0369786804470,0.1581836115717,-0.1623356829579,-0.2345406886826,-0.0730771155996,0.0196798190851,-0.0841702993176,0.3562096340431,0.3037190155179,-0.2505173945347,0.3136966425150,0.0655768979641,0.2560517953551,0.2335231518825,0.0195648438337,0.2789336769103,0.2389173722274,0.4340558618291,0.0551618814973,-0.1425078943834,0.2248253129870,-0.1770255232031,-0.1370038378510,-0.1465192424341,-0.2817209073024,-0.1662278038728,-0.0730298954284,0.0945495346807,-0.0743151342149,0.0051734885384,-0.2307434381393,0.0621050973414,-0.3135178227742,0.1927931008389,0.5990140498705,-0.1706797622059,0.1245237035221
0.5104955868574,0.4621643184821,0.1742038724537,0.5791886193412,0.3591524925868,0.2080975775921,0.3065388769419,0.2090514839635,0.3294988125632,0.3182954585068,0.3518291296642,0.3028917174393,0.3855695704722,0.2968836597257,0.5139537533082,0.4510660431311,0.0506874053474,0.5145943681713,0.2477627808034,0.5936280928545,0.4089531378856,0.2489027899599,0.3360863395044,0.3033376812239,0.1992026475102,0.4885008418669,0.2342826430146,0.1370648671581,0.0828018462088,0.6207101743035,0.3473777210649,0.0940384263761,-0.0369786804470,1.0000000000000,0.7280436097467,0.3369983435303,0.3536916443545,0.0691645812301,0.5755750221528,0.3205502744090,0.3902825382590,0.2517282268344,-0.0512283798554,0.2375575868326,0.4055227125651,0.2542148075605,-0.0072415256282,0.4272295058907,0.1330685499266,0.4036624260834,0.3453934795227,0.0545472265105,0.3079127704660,0.0462466120503,0.2296541158050,0.3214715045670,-0.0005618944175,0.2981530811562,0.1772010985699,0.2170322829636,0.3804002732321,-0.0455396978106,0.2429267269050,-0.1235499642747,0.5087130861335,0.0688774016008,0.2638213243108,0.1484805063715,0.6623773510263,0.6486449902427
0.5556953225076,0.6296947349219,0.2546945889941,0.6380176714917,0.3325560708406,0.2406887361386,0.3634457329928,0.2492026166698,0.3676929421555,0.2761827209757,0.3305929592988,0.4484756644245,0.2982611122530,0.3765307694554,0.4851354816876,0.4944003001181,0.2843715752061,0.6773377394295,0.2996765354180,0.6661929687592,0.2238452209695,0.3643838247523,0.4023082533919,0.4549027127487,0.2176287097182,0.6358686961094,0.3508073457628,0.1567842288021,0.1491946799185,0.7350304231331,0.5106722110133,0.0828986875645,0.1581836115717,0.7280436097467,1.0000000000000,0.4363199928364,0.4148773554953,0.0844143164981,0.6083616064423,0.2941721569543,0.3162339722709,0.2297345665454,-0.0584638740559,0.1767995066108,0.2714133819135,0.2562575715524,0.0074154337008,0.3477315563662,0.1060446193009,0.3057550496339,0.3387742613336,0.2872067870487,0.4215119524392,-0.0466201871473,0.2487050724840,0.1706420735304,0.1045688377609,0.2879446425088,0.3142956609083,0.2634067540631,0.5011404553534,0.0084530118105,0.2341720378130,-0.0970867877595,0.4686574051871,0.1406354048788,0.3048683608975,0.2386447234296,0.4537651950554,0.8484841514668
