1.0000000000000,0.3893757172733,0.1168703039004,0.7447615735469,-0.0988441855229,-0.2685649402851,0.0936087887290,-0.4030615973755,-0.0672691368519,0.6076905704216,-0.2971722291991,-0.2601808366972,0.4098613968785,-0.4307011013371,0.2623623405798,-0.0385026177542,0.4886780282197,0.6890106179374,-0.3023367795526,0.4688385443307,0.5913998298181,0.6376546820418,0.5079860026663,0.5619381099726,0.1294416074885,-0.1024563663280,0.0565142315300,0.2174577957942,-0.1764226123175,0.4644454136335,0.2662301220174,-0.3055205855800,-0.0724765967497,0.4984660371562,0.5268742159877,0.2544017832435,0.3772540789011,0.2209266099945,0.5888198914676,-0.1517811230909,-0.4442652765880,-0.3658596463951,-0.3438010031850,-0.4995093596219,0.2342364172471,-0.4258129570163,-0.4771922962466,0.0439831022450,-0.5051814413138,-0.4005513062221,-0.2553144066062,0.5168154729104,0.3832059282557,-0.5660163978584,-0.0167553125362,0.5863083756695,0.4499448422669,0.5290499534561,0.4597969926090,0.0043564813559,-0.0812938498588,0.0252663780336,0.2074033153865,-0.2353130804176,-0.2368975598351,0.0562968150871,-0.3348768852803,-0.1219299936874,-0.0551296267064,0.0835777708368
0.3893757172733,1.0000000000000,0.2222702682619,0.6466428698116,-0.4259543068706,-0.4654648529629,-0.2019536009607,-0.4816554213803,-0.3444746912070,0.2323234257845,-0.3582972150699,-0.4499963384706,0.1657310340434,-0.4966319202506,-0.1944275709045,-0.3768394155451,0.2905631837803,0.6834699016580,-0.4144457998363,0.1117387382204,0.3422742357102,0.5406786011182,0.4296738494658,0.6376717435530,-0.2440336973960,-0.2370412608018,0.1805183854983,0.4095002012960,-0.3939689770603,-0.0283864805831,-0.0499716378743,-0.4752644165859,-0.2499987155205,0.0863296814886,0.2484799495105,0.2351703729517,0.9089467931123,0.2885971401626,0.6296763119612,-0.3701623140407,-0.5023664847986,-0.4137759223761,-0.4794237152744,-0.5013018548020,-0.1595192450365,-0.3349175687175,-0.3459054825354,-0.0762826579130,-0.4321034233446,-0.3689371423246,-0.4720733135884,0.3666671676086,0.6629217298906,-0.3608437356250,0.3105351638181,0.4178167684453,0.4030742605054,0.4647772781484,0.5673349495912,-0.3090051530367,-0.0063015103312,0.5634116901525,0.4479855619793,-0.4256394769001,-0.0187015235876,-0.0261859593381,-0.4358235856989,-0.0913530648811,0.0041685095149,0.2534675574121
0.1168703039004,0.2222702682619,1.0000000000000,0.2788654007275,-0.3394457173503,-0.4778009999470,-0.1493583943710,-0.5242346934348,-0.5371685086213,0.3522655500159,-0.4963747306440,-0.2305795790857,0.4014509091669,-0.2817406597118,-0.6922845903316,-0.2697733523105,0.2329624515058,0.3631434950833,-0.0171588846575,-0.1263636692048,0.5128939511364,0.3638450242831,0.3644406411834,0.5933378589891,-0.5397817579965,-0.7295806165002,-0.1060772022984,0.8338697286745,-0.6292569549739,-0.4691294892160,-0.2317401341169,-0.0224445140916,-0.4481746285541,-0.1770792302363,-0.0218318084426,-0.2366360651859,0.2442449985463,0.7902424027182,0.0017212450919,-0.4593209005534,-0.4047478626390,-0.1963954335279,-0.7504622778205,-0.5868414638479,-0.1111973496185,-0.3849996910592,0.0553328977354,0.2717806093123,0.0846764578441,-0.6086274788478,-0.3117237193736,0.2519701373232,0.5089518864292,0.2834970187822,0.4555279053879,0.5214915244987,0.2750349117802,0.3943405202335,0.5392545626941,-0.6540548979501,-0.5801229236414,0.2797709554576,0.8155872380650,-0.7196388699617,-0.1310114998178,-0.3479888950307,-0.1122000953457,-0.3715623272766,-0.3024011901327,-0.0040019286234
0.7447615735469,0.6466428698116,0.2788654007275,1.0000000000000,-0.3575725009810,-0.4285297640186,-0.0782442582140,-0.6311021114780,-0.3417947847737,0.7150341127738,-0.5629043659816,-0.4824781583358,0.4235944470855,-0.6002420923674,-0.1004872912868,-0.1496429528962,0.5398879898708,0.7657620062442,-0.4435576644251,0.3371942912310,0.4890623948094,0.7419822442822,0.6980731363401,0.7640322849005,-0.0501424530697,-0.2305049261189,-0.0222153766792,0.3844692990582,-0.4203265989277,0.1584660963944,0.0340466104348,-0.4597515313682,-0.2477792315692,0.3374482027084,0.5148540766027,0.3735424886457,0.6055102696720,0.3818682759587,0.8723927523301,-0.3812068522329,-0.5121203248267,-0.3231401646692,-0.5674118304183,-0.5867097684553,0.2794820488417,-0.5699764891286,-0.4153302590219,0.1055104673566,-0.5736268388677,-0.4023013233081,-0.2479986059205,0.6165003542072,0.6759456576387,-0.5183396770749,0.2783530252984,0.6388763888506,0.5674034722611,0.7537844243586,0.6744161752826,-0.1515918500761,-0.0876409359424,0.2995227504543,0.4328137417170,-0.4770697740683,0.0131854077178,0.0116795274503,-0.5177762472553,-0.0925522433803,0.1166673076884,0.3871553314808
-0.0988441855229,-0.4259543068706,-0.3394457173503,-0.3575725009810,1.0000000000000,0.2625003247320,-0.0551155735540,0.7005742674803,0.2051676735719,-0.0096235373679,0.4707753819311,0.2649756684655,-0.1507582425424,0.2618785317680,0.2403655606980,0.1749763365477,-0.1057634672116,-0.4427006691443,0.1786360445767,-0.0946144148894,-0.0376279957643,-0.3678379553727,-0.1729978260331,-0.5863404025581,0.7077313766581,0.2874645925567,0.0050258458901,-0.3723883385606,0.7217535334376,0.1228741396988,0.5431350655133,0.3238119613696,0.1689969347258,0.0563204093837,-0.2590969803848,-0.0791930716213,-0.4047184946810,-0.4015174630310,-0.3443057406444,0.8890091400722,0.1694457881255,0.0418910448257,0.6931746895427,0.3009323724495,0.3158456504060,0.3336907144288,0.0559529735496,-0.0473560022587,0.1082623930135,0.2607237249286,0.2130776091136,-0.2262025950617,-0.5782049698432,0.0194200038013,-0.4601660612675,-0.1592977477696,-0.3699195784731,-0.2953417286134,-0.5806827984568,0.6991470512232,0.0394856932155,-0.5072639313068,-0.4567935153136,0.6651946451416,-0.1618105966604,0.1552845804467,0.3100321257373,0.0170541207663,-0.1044000754573,-0.4107225896416
-0.2685649402851,-0.4654648529629,-0.4778009999470,-0.4285297640186,0.2625003247320,1.0000000000000,0.5439644854542,0.5486448930662,0.6934757463823,-0.3123597672501,0.4801151925803,0.5533321747806,-0.2679726606025,0.3472982844341,0.5245685092422,0.7200240694445,-0.3789958196200,-0.4951149258770,0.3052716713380,0.1456623940912,-0.4649582449562,-0.4100784348705,-0.4382954974385,-0.5535828663698,0.3383804178882,0.4722547470253,0.1842261145204,-0.6066427005438,0.4593914025502,0.4220089081644,0.2000663248461,0.3299522415698,0.7876967729105,0.2195329947736,0.1111188157431,-0.1583453409303,-0.5286576328720,-0.6056291608294,-0.3394213472666,0.2517103112976,0.7937833715276,0.6098186327184,0.4662164259745,0.7512627390626,0.1881003072552,0.1920322731472,0.0286175746471,-0.0870726208735,0.2204808947265,0.5734837465211,0.6874832712754,-0.3838366980771,-0.6660157044565,0.1344634169468,-0.5060578980241,-0.6289727618310,-0.5434431002801,-0.4594871245621,-0.6610534515753,0.4123316816997,0.2524812643533,-0.5816762547460,-0.7114748405338,0.4457492223430,0.0280107911702,-0.1500113557860,0.2303544377094,0.2723074810725,0.0893946556163,-0.1982851438857
0.0936087887290,-0.2019536009607,-0.1493583943710,-0.0782442582140,-0.0551155735540,0.5439644854542,1.0000000000000,0.0303220312665,0.5651144560413,-0.0313837275346,0.2826467626498,0.3684228771958,0.2897892473453,0.1665645224394,0.4124270110140,0.6804788417981,-0.2394010478783,-0.1478259850767,0.3262490308457,0.2948736219227,-0.0101532559664,-0.1523036472057,-0.1587151560829,-0.1154280867636,-0.0228784019693,0.1548143533301,0.1067959027768,-0.2516261268047,-0.0087542003262,0.4326923221370,-0.0517279065659,0.1259485735699,0.5147313906422,0.4297183418172,0.3053849001440,-0.1803610668274,-0.2823336582096,-0.2043818031124,-0.1556060358993,-0.1071319849028,0.4535908160702,0.6536492717819,-0.0139381788282,0.3518584143479,0.1948282877726,0.1057541951161,-0.1183126727521,0.4015877131010,0.0459320554610,0.1046473461138,0.5476699255966,-0.1788541235462,-0.3711353064283,0.0808551611332,-0.4407378958571,-0.1769016489710,-0.1941152471771,-0.0981024005845,-0.1940179588938,0.0165574381126,-0.0635556096289,-0.5324082401728,-0.3354235110364,-0.0160496506856,-0.1563856286366,-0.1877135293782,-0.0034407396324,0.0779754950001,0.1647182565896,-0.1422635299833
-0.4030615973755,-0.4816554213803,-0.5242346934348,-0.6311021114780,0.7005742674803,0.5486448930662,0.0303220312665,1.0000000000000,0.4191406825553,-0.4293051262457,0.7138442688485,0.4665157272270,-0.4522038526068,0.4414349372571,0.3527710580391,0.2588947569848,-0.3818313055056,-0.6401917257118,0.2471608377019,-0.0796637475440,-0.4236491844865,-0.6019971716856,-0.4514901309408,-0.7933418936867,0.5984214818600,0.5070347699176,0.1998292798978,-0.5249267641258,0.8457328160125,0.1241129273715,0.5178515945823,0.3325047794983,0.3573998125411,-0.0470733767269,-0.2541105897169,-0.1924011803714,-0.4595341557012,-0.7381532963065,-0.5245500320073,0.7418695181612,0.3871558662143,0.1845783126197,0.7901124645112,0.6212257963126,0.0759848164294,0.4741815845565,0.1224845202604,-0.2349298275109,0.2808891084048,0.5516639393543,0.3007093807499,-0.5132992400376,-0.7519419566983,0.1658767068484,-0.5185012758611,-0.6137862442520,-0.7264099104106,-0.6097637981285,-0.8507127571977,0.6307989604127,0.3163874912407,-0.4650607908775,-0.6664116511531,0.7893147351261,-0.0826331669485,-0.0697565019013,0.3448267461974,0.1000833666871,-0.0721276459987,-0.5047869924561
-0.0672691368519,-0.3444746912070,-0.5371685086213,-0.3417947847737,0.2051676735719,0.6934757463823,0.5651144560413,0.4191406825553,1.0000000000000,-0.3814184715656,0.4947250666305,0.4739971546859,-0.3878990341192,0.3080827854529,0.7538940479000,0.7270848870857,-0.2688882409898,-0.3523893978323,0.2817453405749,0.1538564073320,-0.3634922705064,-0.3481802932236,-0.4645033126946,-0.4415028344209,0.2735955158628,0.4430806900709,0.1427875467850,-0.5482892928865,0.4130352867437,0.5253727769166,0.1047401710325,0.0957711408603,0.5593317298450,0.3214385084783,0.0113114586604,-0.2123877847829,-0.3849888807651,-0.4733920769397,-0.2686800903283,0.2453484887112,0.5764755360760,0.3750568248659,0.4722244132975,0.7053156748214,0.0248576469988,0.2282236055029,-0.0580233674501,-0.2703978179745,0.0112048391813,0.4128147485374,0.4991748790577,-0.2515250364932,-0.5915791535813,-0.0918068109659,-0.6171166619380,-0.5078999194169,-0.3689533957305,-0.4661772105311,-0.4867218107481,0.3541652065223,0.1976428865050,-0.5467053130758,-0.6185263367026,0.4500624201968,-0.2611880815883,0.0072750547442,0.0641465797325,0.1959721202359,0.0000471692327,-0.3344165664333
0.6076905704216,0.2323234257845,0.3522655500159,0.7150341127738,-0.0096235373679,-0.3123597672501,-0.0313837275346,-0.4293051262457,-0.3814184715656,1.0000000000000,-0.5297442134147,-0.3439123327340,0.5870692615725,-0.4208021063319,-0.1686042493013,0.0400416653913,0.4468258534164,0.4590411344080,-0.2406637899328,0.1673498986048,0.5238058466258,0.4786532978981,0.7019901898090,0.4763953170628,0.1690315647542,-0.2984123852750,-0.2345393011364,0.3227641998125,-0.2448160460373,0.0637370339425,0.1225731757442,-0.1789857650437,-0.2154433751799,0.2824518391968,0.3816975216887,0.3354600989219,0.2431769949067,0.4003917918460,0.5664217301342,-0.0731785359821,-0.3032413548316,-0.1047569644439,-0.3772312170836,-0.4794631396670,0.7041065189377,-0.4989452804228,-0.2144913188738,0.3814071127277,-0.3916672444206,-0.3230607173291,0.0429571374424,0.4636267058983,0.3987713475760,-0.3255199889752,0.1419957268995,0.6563781485821,0.4468406654498,0.7350028050883,0.4417403155180,0.0670679160919,-0.3111857383871,-0.0314747272823,0.3355457844894,-0.3056812423278,0.0566232259127,0.0976671861092,-0.2776762894002,-0.0815289691703,0.1016719090659,0.3061493785903
-0.2971722291991,-0.3582972150699,-0.4963747306440,-0.5629043659816,0.4707753819311,0.4801151925803,0.2826467626498,0.7138442688485,0.4947250666305,-0.5297442134147,1.0000000000000,0.4956538685602,-0.2509077491258,0.3954993845081,0.4310467834972,0.2398507186476,-0.3927569590370,-0.6048556041317,0.3043861984089,-0.0282799960807,-0.2010158864626,-0.4922791099908,-0.4828747019501,-0.5744990362761,0.2713988850813,0.4183113102758,0.2682252600426,-0.5102966075544,0.5067923511320,0.2456585283789,0.3211706930645,0.2577205327125,0.3598299096029,0.1207562253506,-0.1565390260338,-0.2710473679644,-0.4138654083666,-0.6524810983655,-0.4902545544175,0.5016922809383,0.2588230488637,0.3098213371307,0.5932158762565,0.6014671150812,-0.0127860705670,0.7927371574764,0.0805224273139,0.0096056265971,0.2903093752159,0.4904255896424,0.2714301190931,-0.4362788402380,-0.6973846674172,0.1963108732011,-0.5169233270552,-0.4845716150817,-0.6525308502932,-0.5742820634775,-0.6548817440530,0.3727534542020,0.2787138651369,-0.4560426577660,-0.6235596596310,0.4841722032152,-0.1727544783435,-0.1340279694900,0.2486913163401,0.0223659737434,0.0229225495001,-0.4560371016750
-0.2601808366972,-0.4499963384706,-0.2305795790857,-0.4824781583358,0.2649756684655,0.5533321747806,0.3684228771958,0.4665157272270,0.4739971546859,-0.3439123327340,0.4956538685602,1.0000000000000,-0.2151113139573,0.7024579503388,0.2655460864326,0.3850490278051,-0.3629696060341,-0.5043104118961,0.7610733236609,0.0344218258551,-0.3175446858993,-0.4931477394284,-0.4880579087654,-0.5593133406616,0.1451792329257,0.2608249175667,0.3633044129575,-0.2871776411001,0.3528756048687,0.1764789147946,0.1255604503244,0.3872003052552,0.3477659878468,0.0166190742783,-0.1082319248537,-0.4259008198731,-0.5032992603728,-0.3847924545258,-0.5503097500993,0.1995930206641,0.3849226537140,0.2961012516195,0.3786614480780,0.4573271238416,0.0185061784163,0.2957519084179,0.5046238450110,-0.0143656179989,0.6831481799293,0.1974665905430,0.3785805613008,-0.4353586587537,-0.6844037261727,0.5562666807204,-0.5619525262114,-0.5562799932775,-0.5571793724432,-0.5030814773426,-0.6363602542665,0.1782802845079,0.0316565500829,-0.5358835364701,-0.4230483545181,0.3531583144161,-0.2930723787159,-0.2176124495892,0.2621338841729,-0.0528197727988,-0.1372069593912,-0.4583310901148
0.4098613968785,0.1657310340434,0.4014509091669,0.4235944470855,-0.1507582425424,-0.2679726606025,0.2897892473453,-0.4522038526068,-0.3878990341192,0.5870692615725,-0.2509077491258,-0.2151113139573,1.0000000000000,-0.1848017850735,-0.1882629036222,-0.0164431104403,0.1625735662082,0.3204864714543,-0.0921318338350,0.2578385090976,0.6424457458953,0.2851997382901,0.3612419419168,0.3999113715289,-0.2001835449815,-0.2692524660844,-0.0852896739588,0.3098499465650,-0.4144821878321,0.0371697855788,-0.1022989358778,0.0449240426520,-0.1145268577306,0.2162468606859,0.3380476628275,0.1184080534703,0.1197411660289,0.3395423217516,0.2322272467104,-0.2591941875836,-0.2228564226387,0.1326871373233,-0.4916277723646,-0.4502397285685,0.3073758293268,-0.1451566742306,-0.1616147709514,0.8334072552186,-0.1328790927044,-0.3178423126957,0.0302420528425,0.2127176074582,0.2641375204647,-0.0550825845767,0.2181477000859,0.6072569719426,0.2427499752279,0.4285350072363,0.3528539001180,-0.2630644801352,-0.3018988885704,-0.0086609003293,0.3013734003498,-0.4766515678555,0.0747385828752,-0.1303554186889,-0.0605224630612,-0.0828917326956,0.1443139245055,0.2259617508287
-0.4307011013371,-0.4966319202506,-0.2817406597118,-0.6002420923674,0.2618785317680,0.3472982844341,0.1665645224394,0.4414349372571,0.3080827854529,-0.4208021063319,0.3954993845081,0.7024579503388,-0.1848017850735,1.0000000000000,0.1645362799415,0.1755750876503,-0.4774705474060,-0.5140328475621,0.6358221968567,-0.0664295475601,-0.3469417499981,-0.6107241321507,-0.5398123093331,-0.6496040958932,0.0611524535444,0.3209407896000,0.2584147193113,-0.2787277100240,0.3234745683418,0.0342332628963,-0.0457935975935,0.4792667194507,0.0741392080153,-0.1147240621669,-0.3111167499675,-0.3491103766971,-0.4932776745351,-0.3219022241871,-0.5769290613925,0.2564187974199,0.4325628569877,0.2222917686819,0.4171577901464,0.3560493106147,-0.1393040080171,0.4027111426121,0.5943879618417,0.0341337540539,0.7267886919115,0.1708469805073,0.2289668898147,-0.5511029384465,-0.6406118079082,0.4765301290520,-0.3744272417611,-0.5408219235368,-0.5150382422581,-0.5984892238006,-0.6184355208394,0.1040236840364,0.0394828291297,-0.3233114475516,-0.3592076229403,0.3777156841992,-0.1586454526310,-0.1109073230293,0.5332942536545,0.2327696679517,-0.1236037562141,-0.3429641097864
0.2623623405798,-0.1944275709045,-0.6922845903316,-0.1004872912868,0.2403655606980,0.5245685092422,0.4124270110140,0.3527710580391,0.7538940479000,-0.1686042493013,0.4310467834972,0.2655460864326,-0.1882629036222,0.1645362799415,1.0000000000000,0.4809480291469,-0.1171013874629,-0.0625700817389,0.0726090484817,0.4232127326830,-0.2007280716947,-0.1480617245580,-0.2686885309369,-0.3270404294546,0.4183645858813,0.6099617745228,0.1565434832214,-0.6108313385315,0.4517504036894,0.8146682109121,0.3043942349273,-0.0392551595778,0.5358398234386,0.5055356808432,0.3214701656757,0.0536424372806,-0.2347552994489,-0.5419269748258,0.0203352667968,0.2798362160579,0.3804079633475,0.1254720588833,0.5006324684134,0.4600620035612,0.1053123750033,0.1679260305938,-0.2675040863491,-0.2374325278080,-0.2610778420619,0.3929366065598,0.3118276094181,-0.1026656392120,-0.4556282249295,-0.4003343770410,-0.5490793588831,-0.3299638248444,-0.1842545173428,-0.2958357604981,-0.3761888128855,0.4744909491148,0.3645671098761,-0.4414581146668,-0.6568201273914,0.4906824492341,-0.1675209554940,0.1687687843800,0.0141911552753,0.2463165583957,0.1110322080002,-0.1669806585352
-0.0385026177542,-0.3768394155451,-0.2697733523105,-0.1496429528962,0.1749763365477,0.7200240694445,0.6804788417981,0.2588947569848,0.7270848870857,0.0400416653913,0.2398507186476,0.3850490278051,-0.0164431104403,0.1755750876503,0.4809480291469,1.0000000000000,-0.2571791490810,-0.2881135491002,0.2190888803765,0.2035195315317,-0.2256694519114,-0.2885390971689,-0.2605425602130,-0.3364910757327,0.2474068755791,0.2703895288753,0.0076671513504,-0.4208304324904,0.2339670918358,0.4485935219117,0.0615862858133,0.1756081355826,0.5616558671901,0.4316862228452,0.2363200935065,-0.1043062188410,-0.4460408471376,-0.3196018420984,-0.1539120712061,0.1477273868697,0.6758731193059,0.6281855563768,0.2468856579309,0.6139913484598,0.4226236313033,-0.0194629319707,-0.0603366762515,0.1041417625103,-0.0127400896079,0.3774287725669,0.8320419040913,-0.2360619442680,-0.4754935318419,-0.0194505854147,-0.4718834973196,-0.3224850892218,-0.2917040269728,-0.2117486716882,-0.4002052577924,0.3025297110792,0.0104631266010,-0.6529844024544,-0.5018276850824,0.2315185552332,-0.0486016884794,-0.0904938401342,0.0350521966574,0.2564826592111,0.1734296341066,-0.0949380884778
0.4886780282197,0.2905631837803,0.2329624515058,0.5398879898708,-0.1057634672116,-0.3789958196200,-0.2394010478783,-0.3818313055056,-0.2688882409898,0.4468258534164,-0.3927569590370,-0.3629696060341,0.1625735662082,-0.4774705474060,-0.1171013874629,-0.2571791490810,1.0000000000000,0.4164630192379,-0.2808164140693,-0.0102651846592,0.3521464691793,0.7342086392604,0.6042348679405,0.6361828509239,0.1634040042231,-0.2395158260271,-0.1793828142148,0.3105710661460,-0.0724896621851,-0.0528559132666,0.2209641936876,-0.3967642647097,-0.2669889737671,0.0095800554567,0.1329101547129,0.2470481527011,0.3248312647887,0.3279392848370,0.4632310942994,-0.1483094867428,-0.4288089037276,-0.3434529561755,-0.3012884714973,-0.4292998791901,0.1294530794652,-0.3262358899465,-0.2997232309805,-0.0636366359500,-0.4334392908675,-0.3417573414972,-0.3114092228262,0.9320369726170,0.4116824013071,-0.3960912157858,0.1071525158944,0.4874632210877,0.6631265545851,0.6239220650291,0.6205838349683,0.1185884419189,-0.1261416699741,0.1678203021170,0.3413482691422,-0.1893167832826,-0.0878002987795,0.2445632229732,-0.3822502399241,-0.1639649348336,-0.0740436516463,0.1641623228146
0.6890106179374,0.6834699016580,0.3631434950833,0.7657620062442,-0.4427006691443,-0.4951149258770,-0.1478259850767,-0.6401917257118,-0.3523893978323,0.4590411344080,-0.6048556041317,-0.5043104118961,0.3204864714543,-0.5140328475621,-0.0625700817389,-0.2881135491002,0.4164630192379,1.0000000000000,-0.4437148419752,0.4192028093719,0.4696599702334,0.7048899600865,0.5260509633140,0.7530445312174,-0.2415284999277,-0.2537359067869,0.0987798638748,0.5031664827625,-0.4500963949237,0.1964864338585,-0.0419982526062,-0.4229457736137,-0.2886180183075,0.3212965083760,0.4867136054567,0.1556829908153,0.6664393430267,0.4884327999843,0.6693785120489,-0.4263293577576,-0.5068438139895,-0.5344050951967,-0.6010084931251,-0.7132513054320,-0.1134913153342,-0.6086280249762,-0.4605647329755,-0.0590512917622,-0.5444310646874,-0.5804695207810,-0.5050789429714,0.4844861843076,0.7068790620914,-0.4972828588191,0.3449911498182,0.5567229691143,0.5875898591167,0.5624289288738,0.6775490275369,-0.3686736234277,-0.1221344061554,0.4310767775464,0.5319124489043,-0.4750064832193,-0.1429863997975,-0.0202799574443,-0.3921900666666,-0.0866641613820,-0.0839952707028,0.2314264904242
-0.3023367795526,-0.4144457998363,-0.0171588846575,-0.4435576644251,0.1786360445767,0.3052716713380,0.3262490308457,0.2471608377019,0.2817453405749,-0.2406637899328,0.3043861984089,0.7610733236609,-0.0921318338350,0.6358221968567,0.0726090484817,0.2190888803765,-0.2808164140693,-0.4437148419752,1.0000000000000,-0.1588129811461,-0.2055847696604,-0.4225676883435,-0.3296256786624,-0.3973485679389,-0.0492065085516,-0.0326053200309,0.1939703198109,-0.0663572441285,0.1118964467914,0.0060196107648,-0.0354114126457,0.3646934470610,0.1430758556139,-0.0366735839849,-0.2009033116866,-0.4151912079286,-0.4187685915462,-0.0768422228223,-0.5422178781671,0.1500846521015,0.3166925773108,0.2874659817367,0.1903697090433,0.2756352163202,-0.0365933696676,0.2840635965649,0.5554087878233,0.1298664370307,0.5974922378682,-0.0055576133430,0.2567663322292,-0.3294509955935,-0.5434625927091,0.6392849248626,-0.4761966909443,-0.3770412271463,-0.3050578450506,-0.3219138868505,-0.3797799325539,-0.0161087877461,-0.2497209303518,-0.4251404270691,-0.1446466733348,0.1302249564930,-0.2707542751127,-0.1017581068008,0.3415826461855,-0.0740529526858,-0.0680021383558,-0.3768085577404
0.4688385443307,0.1117387382204,-0.1263636692048,0.3371942912310,-0.0946144148894,0.1456623940912,0.2948736219227,-0.0796637475440,0.1538564073320,0.1673498986048,-0.0282799960807,0.0344218258551,0.2578385090976,-0.0664295475601,0.4232127326830,0.2035195315317,-0.0102651846592,0.4192028093719,-0.1588129811461,1.0000000000000,0.0840614841877,0.1831474070040,0.0730238025946,0.1152731006317,0.0588316493026,0.5118093259393,0.4098663748824,-0.0055441062009,-0.0181366237657,0.6302141269733,0.1705550983843,-0.0346407738528,0.2817779657122,0.5098670282616,0.7406286310196,-0.0189664751086,0.0225265888956,-0.1410627604474,0.3020794219999,-0.0808295996103,-0.0118154875170,-0.1025269100036,-0.1085403427938,-0.1231766835961,0.0815378395874,-0.3127465713580,-0.4121577179861,0.0509477753886,-0.2500204307211,-0.0656058397061,0.0470376005453,0.0157741207456,-0.0652052352112,-0.3300535686531,-0.0395301589520,0.0198540184018,-0.0306330330620,0.0592103523715,-0.0566118906855,0.0248513270013,0.4084214069133,-0.0995747071801,-0.0983991854610,-0.0372289787582,-0.1214820520591,-0.1895816139439,-0.1337108690056,-0.0054501372182,0.0121171397944,0.0010061978008
0.5913998298181,0.3422742357102,0.5128939511364,0.4890623948094,-0.0376279957643,-0.4649582449562,-0.0101532559664,-0.4236491844865,-0.3634922705064,0.5238058466258,-0.2010158864626,-0.3175446858993,0.6424457458953,-0.3469417499981,-0.2007280716947,-0.2256694519114,0.3521464691793,0.4696599702334,-0.2055847696604,0.0840614841877,1.0000000000000,0.4469404144316,0.4180952339334,0.5731341400221,-0.1873358392157,-0.4012460722770,-0.0096393593609,0.5029682430085,-0.3416892280194,-0.0315022935852,0.0668919436637,-0.2503063022909,-0.2771084272323,0.1270270131579,0.2120396083015,0.0501607644377,0.3299926138677,0.4521971132908,0.2636418667253,-0.1721158826483,-0.5055826758947,-0.2464044418019,-0.5053035183231,-0.5666980481053,0.1107396401704,-0.1233624571116,-0.2028766644373,0.4437011214758,-0.2027967917793,-0.4798696749114,-0.3161774176239,0.3457724275425,0.4314577048886,-0.1315532547875,0.2731383186618,0.8653595417491,0.3430563249758,0.4272133744313,0.5107642111994,-0.2687157752810,-0.3365633184527,0.1873223995417,0.4607184155019,-0.4602808761531,-0.1660038830245,-0.0849283876712,-0.2825420454350,-0.2080751322190,-0.1735378121852,0.0780928999500
0.6376546820418,0.5406786011182,0.3638450242831,0.7419822442822,-0.3678379553727,-0.4100784348705,-0.1523036472057,-0.6019971716856,-0.3481802932236,0.4786532978981,-0.4922791099908,-0.4931477394284,0.2851997382901,-0.6107241321507,-0.1480617245580,-0.2885390971689,0.7342086392604,0.7048899600865,-0.4225676883435,0.1831474070040,0.4469404144316,1.0000000000000,0.7135493333053,0.8786074670387,-0.0655363853684,-0.3447299249069,-0.0659907589680,0.3918001140189,-0.3600918673086,0.1019518989813,0.1959926244965,-0.3878723496222,-0.2448554396524,0.2470551021070,0.3754365032546,0.2416423449361,0.5069810750380,0.3987451131899,0.6423741176081,-0.4088173899330,-0.5114143137213,-0.3772629657422,-0.6117385596038,-0.5839281790632,-0.0088274000302,-0.4760160860585,-0.4249456992226,-0.0559541742156,-0.5150295476779,-0.4361642704154,-0.4198018658008,0.7824407442008,0.6509768298532,-0.4727288012063,0.2690159730476,0.5602320194970,0.6724733773315,0.7453494055945,0.7405902942377,-0.1647518871859,-0.1634796438660,0.3332776027476,0.4322864136529,-0.5047386935894,-0.0063023599971,-0.0005885322876,-0.3923664643569,-0.1598833988709,-0.0067356789566,0.2690856975449
0.5079860026663,0.4296738494658,0.3644406411834,0.6980731363401,-0.1729978260331,-0.4382954974385,-0.1587151560829,-0.4514901309408,-0.4645033126946,0.7019901898090,-0.4828747019501,-0.4880579087654,0.3612419419168,-0.5398123093331,-0.2686885309369,-0.2605425602130,0.6042348679405,0.5260509633140,-0.3296256786624,0.0730238025946,0.4180952339334,0.7135493333053,1.0000000000000,0.6759877147184,0.1038915860256,-0.3706238538408,-0.1533214977753,0.4438405051093,-0.2660997452696,-0.0268733759665,0.2326901573278,-0.3435426419926,-0.3588165761329,0.1880554681247,0.2446286864838,0.2626143086677,0.4133789279429,0.4264399095024,0.5680526523702,-0.1762278057264,-0.4815254408856,-0.2930134880785,-0.4361714327451,-0.5927971675084,0.3009249864267,-0.4299932670280,-0.3335304381601,0.1277690098047,-0.4836398163561,-0.4599697147553,-0.2827647654009,0.6389514439632,0.5094968983014,-0.3982820076216,0.1705944911348,0.5571338132028,0.5493053334533,0.9326409054477,0.6173447399068,-0.0273273562234,-0.2980814338562,0.1506583472620,0.4563317204578,-0.3564200533436,-0.0306879913816,0.1357424459603,-0.3922479672926,-0.1707615232920,-0.0080734011150,0.2025200057633
0.5619381099726,0.6376717435530,0.5933378589891,0.7640322849005,-0.5863404025581,-0.5535828663698,-0.1154280867636,-0.7933418936867,-0.4415028344209,0.4763953170628,-0.5744990362761,-0.5593133406616,0.3999113715289,-0.6496040958932,-0.3270404294546,-0.3364910757327,0.6361828509239,0.7530445312174,-0.3973485679389,0.1152731006317,0.5731341400221,0.8786074670387,0.6759877147184,1.0000000000000,-0.4104849348867,-0.5145179569855,-0.0824871703494,0.6275882255594,-0.6573486454553,-0.0794369454157,-0.1021131913730,-0.4807288327832,-0.3629868302477,0.1409933001560,0.3449180552486,0.1797902900492,0.6131258632677,0.6247942536419,0.6251255161710,-0.6168177694057,-0.5661760899086,-0.3353714736689,-0.8209249487440,-0.6643595867882,-0.0864892136357,-0.4671009370153,-0.3398165669220,0.0974740524427,-0.4495026052233,-0.5518663969519,-0.4514953872566,0.7236951540023,0.7960688321986,-0.3256950761326,0.4557318853448,0.6840200503830,0.6796299487709,0.7421356465500,0.9044081230039,-0.4726423491859,-0.2600556744353,0.4844532843856,0.6814085402243,-0.7636983611866,-0.0077224892435,-0.0743172149292,-0.5023786905073,-0.1998805633180,-0.0382331797634,0.3325472378739
0.1294416074885,-0.2440336973960,-0.5397817579965,-0.0501424530697,0.7077313766581,0.3383804178882,-0.0228784019693,0.5984214818600,0.2735955158628,0.1690315647542,0.2713988850813,0.1451792329257,-0.2001835449815,0.0611524535444,0.4183645858813,0.2474068755791,0.1634040042231,-0.2415284999277,-0.0492065085516,0.0588316493026,-0.1873358392157,-0.0655363853684,0.1038915860256,-0.4104849348867,1.0000000000000,0.4277521244533,-0.0169912778089,-0.5064889744668,0.8216033120363,0.3122762702950,0.6244684367686,0.1413519954126,0.2590583873189,0.1887952664160,-0.0362964423319,0.1704402248849,-0.2397859594780,-0.5282518192510,0.0409270327622,0.6974081706988,0.1703418095534,0.0209810147067,0.6498499920513,0.3011185479736,0.4687712328711,0.0497928077179,-0.1674226232212,-0.2072124870935,-0.1732295447335,0.3371862788694,0.2509420448602,0.0747713785158,-0.4306183975279,-0.3295904366205,-0.4886179093963,-0.1984750811945,-0.1975957048950,0.0007174524982,-0.4583032868622,0.9246565091144,0.2313202275838,-0.4485613705686,-0.5639450052085,0.7598420986968,-0.0620348862902,0.2148033099338,0.1233739152507,0.0826696216932,0.0595297389001,-0.2390312474026
-0.1024563663280,-0.2370412608018,-0.7295806165002,-0.2305049261189,0.2874645925567,0.4722547470253,0.1548143533301,0.5070347699176,0.4430806900709,-0.2984123852750,0.4183113102758,0.2608249175667,-0.2692524660844,0.3209407896000,0.6099617745228,0.2703895288753,-0.2395158260271,-0.2537359067869,-0.0326053200309,0.5118093259393,-0.4012460722770,-0.3447299249069,-0.3706238538408,-0.5145179569855,0.4277521244533,1.0000000000000,0.3859718535710,-0.5547414049766,0.5459042729357,0.4810495917558,0.2576734759357,0.0349994383677,0.4655040870551,0.1684948693478,0.2497375881115,0.1445771863091,-0.2636371248333,-0.7088300198694,0.0251546699753,0.3420667982401,0.3647569710677,0.1310629870196,0.5725052138243,0.4783816147433,0.0962416561586,0.1951432711172,-0.0546900391807,-0.2047601663452,0.0041702665600,0.5302805766497,0.3073621891401,-0.2865186821409,-0.5182013482491,-0.2369590009899,-0.2826636072332,-0.4524240979358,-0.3906153546187,-0.4302053732399,-0.5700456524998,0.5608278238138,0.8034047408544,-0.1719396553991,-0.6232806856921,0.5732076056580,0.1031393218677,0.0652199322352,0.0490872937545,0.2825555905116,0.1571850896461,-0.0307527657354
0.0565142315300,0.1805183854983,-0.1060772022984,-0.0222153766792,0.0050258458901,0.1842261145204,0.1067959027768,0.1998292798978,0.1427875467850,-0.2345393011364,0.2682252600426,0.3633044129575,-0.0852896739588,0.2584147193113,0.1565434832214,0.0076671513504,-0.1793828142148,0.0987798638748,0.1939703198109,0.4098663748824,-0.0096393593609,-0.0659907589680,-0.1533214977753,-0.0824871703494,-0.0169912778089,0.3859718535710,1.0000000000000,0.1884416929094,0.1042983308934,0.2374469282992,0.2674807437726,0.0515214526838,0.1370197894678,0.1720695195266,0.1994713237196,-0.2919224084720,0.0699796338121,-0.2303897127367,-0.0869806864082,0.0108619066436,-0.0637312293574,-0.1550821899566,0.0597241987966,0.0385326974494,-0.2048411856549,0.0001632972993,-0.0319656531133,-0.1041568433476,0.2345839706388,-0.0711204112617,-0.0889067383620,-0.2005654342001,-0.2324591898647,0.0886277120544,-0.2203397557563,-0.2347924116687,-0.3405345176042,-0.2490940855221,-0.2663809992950,-0.0250265190311,0.2846550496414,0.0811690170227,-0.0017251253984,0.0666686471650,-0.3537999261561,-0.2756206358266,-0.0246072029529,-0.1699688242455,-0.1870161324202,-0.3096495181248
0.2174577957942,0.4095002012960,0.8338697286745,0.3844692990582,-0.3723883385606,-0.6066427005438,-0.2516261268047,-0.5249267641258,-0.5482892928865,0.3227641998125,-0.5102966075544,-0.2871776411001,0.3098499465650,-0.2787277100240,-0.6108313385315,-0.4208304324904,0.3105710661460,0.5031664827625,-0.0663572441285,-0.0055441062009,0.5029682430085,0.3918001140189,0.4438405051093,0.6275882255594,-0.5064889744668,-0.5547414049766,0.1884416929094,1.0000000000000,-0.5650184029275,-0.4071672733172,-0.1608637951288,-0.2052156056295,-0.5301522951609,-0.1472559129089,-0.0258822923521,-0.2054674679228,0.4245903722774,0.7700420925202,0.1254448950427,-0.4193727912038,-0.5574852384952,-0.4198210367441,-0.6582418822612,-0.6809632812437,-0.2005382449521,-0.4086035014746,-0.0377387181578,0.1549373497872,-0.0388525126856,-0.7007160894142,-0.4905228045323,0.3205940025323,0.5205494533388,0.1112730983098,0.3900486978743,0.5253491351226,0.3393288797761,0.4167897469051,0.5892024265929,-0.6226610896190,-0.4403338937512,0.4194304477155,0.9336768137697,-0.6190788436265,-0.2801234461255,-0.2009711974488,-0.2617108139235,-0.3765135970243,-0.3508618901307,-0.0505699994688
-0.1764226123175,-0.3939689770603,-0.6292569549739,-0.4203265989277,0.7217535334376,0.4593914025502,-0.0087542003262,0.8457328160125,0.4130352867437,-0.2448160460373,0.5067923511320,0.3528756048687,-0.4144821878321,0.3234745683418,0.4517504036894,0.2339670918358,-0.0724896621851,-0.4500963949237,0.1118964467914,-0.0181366237657,-0.3416892280194,-0.3600918673086,-0.2660997452696,-0.6573486454553,0.8216033120363,0.5459042729357,0.1042983308934,-0.5650184029275,1.0000000000000,0.2303196374959,0.5667423000155,0.1968254819238,0.3175691688543,0.0242609848340,-0.1985078696159,-0.0119820668844,-0.3669544165321,-0.7087879554137,-0.2907703321578,0.7267714291717,0.3120629288750,0.0757708526818,0.7847818933790,0.4974932209204,0.1709276136396,0.2896542105240,0.0049501031048,-0.2888306032020,0.0762166841438,0.4745416659686,0.2509688796074,-0.2262526392756,-0.6297644088701,-0.0867661094773,-0.5268302121351,-0.4609708635363,-0.4414676977300,-0.4032613445645,-0.6830881979188,0.8084418050436,0.3365806827727,-0.4377141324635,-0.6777766048775,0.9219517479537,-0.0820890304229,0.1233400062372,0.2226530155561,0.1191871506928,-0.0624750000362,-0.3912619427565
0.4644454136335,-0.0283864805831,-0.4691294892160,0.1584660963944,0.1228741396988,0.4220089081644,0.4326923221370,0.1241129273715,0.5253727769166,0.0637370339425,0.2456585283789,0.1764789147946,0.0371697855788,0.0342332628963,0.8146682109121,0.4485935219117,-0.0528559132666,0.1964864338585,0.0060196107648,0.6302141269733,-0.0315022935852,0.1019518989813,-0.0268733759665,-0.0794369454157,0.3122762702950,0.4810495917558,0.2374469282992,-0.4071672733172,0.2303196374959,1.0000000000000,0.2972453863178,-0.0001621200422,0.5058786955434,0.7612134717916,0.5920704300002,0.0534427389374,-0.1156069443079,-0.3509821788146,0.1899591325711,0.1229771265800,0.2320228127391,0.0373512516025,0.2285271132125,0.1577885625058,0.1747966524610,-0.0622822273159,-0.3947835664326,-0.1119448431788,-0.3110120805941,0.1110435322515,0.2435280506010,-0.0052704752345,-0.2772545020070,-0.4274580097217,-0.4245226378627,-0.1699505633693,-0.0457027406245,-0.0317578800685,-0.1887861688014,0.2946598734748,0.2283474594070,-0.4057925840558,-0.4623711870773,0.2314798350706,-0.1607104588968,0.0913739854594,-0.0264025285754,0.1915701948795,0.0919970746081,-0.0386001479889
0.2662301220174,-0.0499716378743,-0.2317401341169,0.0340466104348,0.5431350655133,0.2000663248461,-0.0517279065659,0.5178515945823,0.1047401710325,0.1225731757442,0.3211706930645,0.1255604503244,-0.1022989358778,-0.0457935975935,0.3043942349273,0.0615862858133,0.2209641936876,-0.0419982526062,-0.0354114126457,0.1705550983843,0.0668919436637,0.1959926244965,0.2326901573278,-0.1021131913730,0.6244684367686,0.2576734759357,0.2674807437726,-0.1608637951288,0.5667423000155,0.2972453863178,1.0000000000000,0.0268638394808,0.1612953459197,0.2968837312272,0.1354756891766,0.0776201427146,-0.0656413370918,-0.4019876205815,-0.0039584067378,0.5163063466228,-0.0584106078203,-0.1381132652553,0.3443701946798,0.1262300114143,0.1883952505125,0.0644104204900,-0.2230978892397,-0.1898084883781,-0.1511217887065,0.1641546781944,0.0220711393659,0.1155987164401,-0.2730752724518,-0.2316066626501,-0.3987925011382,-0.0767249355510,-0.1506529028049,0.0675818578366,-0.2661295197998,0.5672535904420,0.1457907550173,-0.2762779731807,-0.3018940371421,0.3891926866674,-0.1363651607063,0.0485384292217,-0.0176864823958,-0.0887883068833,-0.0532528269212,-0.3120476582852
-0.3055205855800,-0.4752644165859,-0.0224445140916,-0.4597515313682,0.3238119613696,0.3299522415698,0.1259485735699,0.3325047794983,0.0957711408603,-0.1789857650437,0.2577205327125,0.3872003052552,0.0449240426520,0.4792667194507,-0.0392551595778,0.1756081355826,-0.3967642647097,-0.4229457736137,0.3646934470610,-0.0346407738528,-0.2503063022909,-0.3878723496222,-0.3435426419926,-0.4807288327832,0.1413519954126,0.0349994383677,0.0515214526838,-0.2052156056295,0.1968254819238,-0.0001621200422,0.0268638394808,1.0000000000000,0.1333092885688,-0.0710691993289,-0.2888789862342,-0.3231134011441,-0.5270845340298,-0.1045511879759,-0.5190309559585,0.3047638795895,0.2910456905394,0.2482836884681,0.2898057256748,0.2063542844757,0.0143075580956,0.1861098859276,0.1285731684837,0.1557874500754,0.4536104119165,0.0941483942503,0.2319961589616,-0.3852169129501,-0.4720858443881,0.3418886553629,-0.2408208601802,-0.3616510471586,-0.3703428562961,-0.3639584319871,-0.4778292196562,0.0747020776032,-0.1492366977479,-0.3693563142772,-0.2471838136045,0.2338756162828,-0.0859242210435,-0.1072750959016,0.8197298023268,-0.0636837985199,-0.1065359136054,-0.3141014018509
-0.0724765967497,-0.2499987155205,-0.4481746285541,-0.2477792315692,0.1689969347258,0.7876967729105,0.5147313906422,0.3573998125411,0.5593317298450,-0.2154433751799,0.3598299096029,0.3477659878468,-0.1145268577306,0.0741392080153,0.5358398234386,0.5616558671901,-0.2669889737671,-0.2886180183075,0.1430758556139,0.2817779657122,-0.2771084272323,-0.2448554396524,-0.3588165761329,-0.3629868302477,0.2590583873189,0.4655040870551,0.1370197894678,-0.5301522951609,0.3175691688543,0.5058786955434,0.1612953459197,0.1333092885688,1.0000000000000,0.2583168731584,0.3273386690251,-0.0216582812404,-0.3190714668723,-0.5305618567213,-0.1480820684020,0.1659282434620,0.6050539231108,0.4681043354057,0.3209135783034,0.5596919125091,0.1576127380991,0.1122735180348,-0.1638298263013,-0.0296477176421,0.0019229455460,0.4682360898183,0.5074297759194,-0.2463013214231,-0.4666016907068,-0.0233862440032,-0.3845792000686,-0.3762783901318,-0.3281908292761,-0.2912244103439,-0.4515019559472,0.3424587140693,0.3092099857293,-0.4322105857967,-0.6063922523445,0.2991710848881,0.0725407758095,-0.0528054685950,0.0662593976523,0.3090728174769,0.1412327435702,-0.0438080847895
0.4984660371562,0.0863296814886,-0.1770792302363,0.3374482027084,0.0563204093837,0.2195329947736,0.4297183418172,-0.0470733767269,0.3214385084783,0.2824518391968,0.1207562253506,0.0166190742783,0.2162468606859,-0.1147240621669,0.5055356808432,0.4316862228452,0.0095800554567,0.3212965083760,-0.0366735839849,0.5098670282616,0.1270270131579,0.2470551021070,0.1880554681247,0.1409933001560,0.1887952664160,0.1684948693478,0.1720695195266,-0.1472559129089,0.0242609848340,0.7612134717916,0.2968837312272,-0.0710691993289,0.2583168731584,1.0000000000000,0.5613058874349,0.0350214972465,0.0063339667041,-0.1122952310924,0.2769058183731,0.0340135263447,0.0916833640714,0.0784770489325,-0.0219928069023,0.0273014108923,0.2928913008760,-0.1312972193562,-0.4042051827287,0.0953996241410,-0.3644906078301,-0.0254668874596,0.2461912447517,0.0846172297776,-0.0903164862311,-0.3775176740558,-0.3164394107054,0.0181476060285,0.0580230806855,0.2043490115017,0.0208719647947,0.1468862769889,-0.0213342567380,-0.3589133923956,-0.2007696923286,-0.0199420733792,-0.1438368904375,0.0018960009136,-0.1319877375615,0.0752195678473,0.2743644893831,0.0117328257474
