1.0000000000000,0.1890468092979,-0.0751182661172,0.3940270772164,0.5176141722447,-0.3011004641935,0.0071502016699,0.3209473627174,-0.1216961951993,0.5476734494941,0.3606259614460,-0.2316447412949,0.5816008360371,0.0168319787940,0.4872160460720,0.3626697644202,-0.1828878729286,0.4046786885439,-0.2417808013824,0.2662197530306,0.7229253519730,0.0574396269218,0.2020440916078,-0.0007833507217,0.0972036614692,0.1379520836849,-0.0895749631376,-0.2032210286322,-0.0346644956799,0.4647854534347,0.4684211310653,-0.2172600389170,-0.2190486825058,0.3557345928387,0.5670673353622,0.2794018860602,0.3917882191890,-0.2438181485141,0.4543898625142,0.3705397034120,-0.1790758238256,-0.1263661086780,0.0143894416024,-0.3460879033757,0.5379227018512,0.1578482042956,-0.0592375374935,0.4616760293937,0.0463029428184,-0.2395209934675,0.0918921807076,-0.0891534385909,0.2914777632696,-0.1737155914798,0.1268408503622,0.7288844522957,-0.0991331376139,0.2112881530857,0.1062882670310,0.2766172499111,0.1993557132046,-0.1909155260310,-0.1794656947044,-0.1285438372473,-0.0202208405960,0.2030001312916,-0.2565256918948,0.1192451086946,0.0424206177628,0.2765448333371
0.1890468092979,1.0000000000000,0.3133875923062,0.6346262586379,0.3054905448633,-0.4071842453182,-0.2034368537113,0.2597508522053,-0.4464783981477,0.3824831337295,-0.1470411431054,0.2621233757319,0.1428396730514,0.2354257301913,-0.0069896365063,0.0982177488268,0.1976642804087,0.4802237526300,0.3041706379063,0.3802736685698,0.2042206171988,0.3329389504727,0.4743187833549,0.5425623143859,0.3717791758554,0.4628624062102,0.4751581788224,0.3992979461072,0.2659676085829,0.1115512114141,0.4999523880777,-0.0011770845353,0.0093919087473,0.1246122425876,0.2856568380415,0.1667343297784,0.7308240788796,-0.1477724939738,0.4325565042104,0.2993800658121,-0.1143098548241,-0.1470620337723,0.2040857732822,-0.4042990811286,0.3787429738759,-0.0535972256934,0.1712891912561,0.1727883936992,0.1946205935884,-0.1978790831680,0.1750921191443,0.2176400535030,0.2347561199367,0.0415023666372,0.1633292974455,0.3346373015705,0.1741149845657,0.4701179458066,0.3248345662147,0.4267649888360,0.3714478901131,0.0693167713120,0.2592658647425,0.2814065749936,0.0233140421744,0.2254150744794,0.2761415450692,-0.0587775661713,0.2495329399168,0.3123036501342
-0.0751182661172,0.3133875923062,1.0000000000000,0.0208657996771,0.1165141789974,-0.3254310829464,-0.1387104955216,0.1079875772115,-0.1393097034162,-0.0378959682963,-0.0479526764786,0.1343349178566,-0.1427935674191,0.1286974245641,-0.1385294311924,-0.0870140711101,0.4269730447648,0.1877952198403,0.1563019866580,0.0826055922075,-0.0883677750278,0.6014246760988,0.0006289651680,0.7357770179000,0.2035259747813,0.1386049513582,0.4372967363875,0.8749986017829,0.3215722322707,-0.3002012139681,0.2780966681023,-0.0190249083242,-0.0706425981908,-0.2148842804885,-0.2184851140554,0.0076697424559,-0.0251265731883,0.5768416313786,-0.1899951016244,0.0440703648805,0.3410350467884,0.1648477098511,0.1170053331703,0.0761514412395,0.0276671029130,0.0690690412767,0.0814750723203,-0.0048626654102,0.1133357906923,-0.0800451975499,0.2205682389019,0.4502054032340,-0.0200017096446,0.0333134033566,-0.2558234950559,0.0491547274592,0.0308067314109,0.0148376635621,0.4127291262357,0.1386639537451,0.0849642724034,0.2784423214292,0.8029661267780,0.2874992258778,-0.1265553973216,-0.2444839488739,0.0135153212651,-0.0446319702126,-0.0599416146503,-0.0424545162498
0.3940270772164,0.6346262586379,0.0208657996771,1.0000000000000,0.4987212516844,-0.2779752560413,-0.0624861691906,0.3095415155588,-0.3436975686123,0.6982284150492,0.0441733116599,0.1422938988310,0.3514371930043,0.1824679756351,0.2654773060367,0.2606193188817,-0.0080708996749,0.4282054112142,0.1895800955499,0.4825388727047,0.4440875947338,0.1735501181489,0.5567153921314,0.3126784883654,0.3511122162983,0.5907675527941,0.1244266107697,-0.0085250652053,0.1845437828741,0.4082021742874,0.3822909194004,-0.0488184857918,-0.0192159073931,0.4617911255740,0.5499439339072,0.1665193060056,0.6411648340793,-0.2785992741979,0.8315476716192,0.4514762327881,-0.0986773414971,-0.1559269963771,0.2289728059131,-0.3429216299283,0.6094127665024,0.0309732143290,0.1816738122266,0.2859618374543,0.1467445670076,-0.1347759252623,0.2603465491713,0.0212504404337,0.1276375030274,0.0433507369103,0.2153352512431,0.4324633313178,0.0670515154201,0.4653208291533,0.1742955095947,0.4418977743665,0.4806448058698,-0.2470346102898,-0.0907656049985,0.1776624319638,0.0546036609968,0.1948300375831,0.2034257467476,0.0891494006717,0.3518781345779,0.4857670147501
0.5176141722447,0.3054905448633,0.1165141789974,0.4987212516844,1.0000000000000,-0.2235238489384,0.1175336331802,0.4445764500481,-0.0539931722447,0.6427206732958,0.5620383633204,0.0049191946750,0.5454659060945,0.1644748091167,0.4144522993196,0.3757181193250,-0.0316758002835,0.1412998636046,-0.0187381234950,0.0070007389472,0.7362532209603,0.1441316638499,0.2692207897183,0.1683524602527,0.3179046226706,0.1363222410757,-0.1609354786295,-0.0256594568710,0.2364240975579,0.4279856554798,0.2922545962399,-0.2667014267548,-0.1515788220699,0.4580954014601,0.2667165568921,0.0030514202345,0.2734996203575,-0.0957784827627,0.5072769845001,0.8681796809683,-0.0571996594334,-0.0619865270739,0.1619852409722,-0.3143077123014,0.6054396139565,0.4364210464097,0.1567056661462,0.5789144666314,0.2595511073834,-0.3085048227774,0.1660857480107,0.0145283768762,-0.0648794541677,0.0660449702907,-0.1505980112279,0.6470041835947,-0.1397198524520,0.2271384428012,0.1300875984348,0.4713606772968,0.0724944185354,-0.4179291677263,-0.0963059901680,0.1732537637213,-0.1670830300950,-0.0561801783133,-0.0264516592645,0.1177697886153,0.3509101028563,0.0989179795775
-0.3011004641935,-0.4071842453182,-0.3254310829464,-0.2779752560413,-0.2235238489384,1.0000000000000,0.4490201879868,-0.1281856068781,0.6436185238383,-0.2055559118312,0.1727268953845,0.0851236397715,-0.0944169397037,-0.0857334241931,0.1922694494338,0.2024462592613,-0.1846183942809,-0.2770370582630,0.0715974987893,-0.1385712109664,-0.2217258873720,-0.2320835044901,-0.2961770368403,-0.3433196852687,-0.2515762687264,-0.2612660361058,-0.1133590626499,-0.2960308963060,-0.2124342885569,0.1973653411897,-0.2859859580314,0.0867829028187,0.5656438015378,0.0688789059900,-0.0166554288459,-0.3807769179804,-0.4719381611541,-0.0389051812526,-0.2132899660590,-0.2426595130127,0.2732407136543,0.0858034059983,-0.3558480182829,0.3418126540511,-0.2647497177146,-0.0832105726869,-0.0146770082401,-0.1102197236424,-0.0281401080321,0.0761304612370,-0.0519067119725,-0.1814788115050,-0.3575602166674,0.0315193842488,-0.3352735066596,-0.3771425019992,-0.1622805039946,-0.3880347229872,-0.3035618128082,-0.3750150569866,-0.2814381029373,-0.1006798744353,-0.2761572645556,-0.2373624673393,-0.1288272556749,-0.2475445072831,-0.0704856375611,0.1634623005724,-0.0798128367686,-0.2325367937969
0.0071502016699,-0.2034368537113,-0.1387104955216,-0.0624861691906,0.1175336331802,0.4490201879868,1.0000000000000,-0.2269520629554,0.6849295091381,0.0119135315647,0.5415045789619,0.2432614008404,0.4408853956224,0.1479590050463,0.2438267766480,0.3740626435418,-0.2201960833704,-0.3280879367010,0.1095867968943,-0.2779255808391,0.1610577750163,-0.0856931678687,-0.2532258049584,-0.2118400610526,-0.2437385079094,-0.2008501756235,-0.2259621643465,-0.2194254254000,-0.2066044941329,0.2045737255093,-0.1597581347253,-0.3926830771527,0.1894267142520,0.0918284717043,0.0068387858750,-0.2737640709027,-0.3020963330746,0.1254582619582,-0.0968412173833,0.0957659666296,0.3649062175194,0.5784803157283,-0.4250330011636,0.4568222345807,0.1138185174987,0.3454657170898,0.2673457373174,0.4660045448748,0.1794397783863,-0.0085418322176,0.3107569911783,-0.1469344290895,-0.3436287381418,0.1832327163657,-0.2328570132104,0.0960719063690,-0.2756778182566,-0.3310564843633,-0.1873565802663,-0.1307150546403,-0.2311354848622,-0.0837062030980,-0.1595452656400,-0.2388598539669,-0.0935086033533,-0.3438493631735,-0.2747026912494,0.1379871130892,-0.1340272753252,-0.1408576340474
0.3209473627174,0.2597508522053,0.1079875772115,0.3095415155588,0.4445764500481,-0.1281856068781,-0.2269520629554,1.0000000000000,-0.1279484732712,0.5261274640421,0.1760905287334,0.0925686101674,0.1965660559060,0.0781968859544,0.4502405302860,0.3766185608288,0.1546959726753,0.2433475296319,0.0767569460436,0.1447849948625,0.3822300593296,0.2510854931102,0.3254130615444,0.1769434082889,0.5512695215918,0.1456847389140,0.0256480391786,0.0093526511549,0.6033029413279,0.2806510790254,0.5107509316305,0.1261948203407,-0.0152528256338,0.2039257688553,0.2365965299329,-0.1784979498686,0.2537341907706,-0.3264268366237,0.2817024923088,0.2988008277551,-0.2798147573308,-0.4512001457449,0.3877802319268,-0.5123402510287,0.3338414202826,-0.1155905979157,0.0640053570667,0.1002757615981,0.0807461183656,-0.3340620331140,0.0201245734087,0.1361173533305,-0.1107874092460,-0.0109169541622,-0.1883452858056,0.3073542683366,0.0275748470277,0.2160155640491,0.0113510004091,0.3871094196109,0.0585693399387,-0.3389358525506,-0.1158578561253,0.4118812461120,-0.2785932683229,0.0499435915673,0.1199757331335,0.0514149624881,-0.0227544967045,-0.1814748279264
-0.1216961951993,-0.4464783981477,-0.1393097034162,-0.3436975686123,-0.0539931722447,0.6436185238383,0.6849295091381,-0.1279484732712,1.0000000000000,-0.1829884470194,0.5949780187367,0.1417699718166,0.0825784273074,0.1147996895292,0.3734760753389,0.2243476955598,-0.1647917026643,-0.3610619907230,0.0914938439405,-0.3514432148022,0.0067231673890,-0.0432448914095,-0.4125453588672,-0.2762371283218,-0.2912556197220,-0.4076010250045,-0.1997906618494,-0.2276102796666,-0.1657046844859,0.1703965379113,-0.1607207160945,-0.2649901808099,0.1914171433811,0.0004728810311,-0.0631952434724,-0.4829225214112,-0.4820464170012,0.2236545422166,-0.2364253496730,-0.1341976951970,0.3097153992213,0.2900793912644,-0.5143240036642,0.5282381453973,-0.1964902540475,0.2031816302014,0.2752377612048,0.0881628116171,0.1488764948851,-0.1099228038180,-0.0278460076753,-0.0639934448439,-0.3923881233052,0.2617563122101,-0.4128071373530,-0.1815427531309,-0.2379408568041,-0.4375430224187,-0.1878470293214,-0.3002409643449,-0.3905553340906,-0.0043316278193,-0.1271713463049,-0.2778926912062,-0.3728347034106,-0.4003859533759,-0.2455578835892,0.1179871437544,-0.1642812237107,-0.3566104568044
0.5476734494941,0.3824831337295,-0.0378959682963,0.6982284150492,0.6427206732958,-0.2055559118312,0.0119135315647,0.5261274640421,-0.1829884470194,1.0000000000000,0.2492941764703,-0.0280223624118,0.4847903448155,0.0844778231272,0.4137584115231,0.3530255870900,-0.0874756238836,0.3090442672714,-0.0497207768458,0.2472716552380,0.6603886715633,-0.0389516437539,0.4909374937333,0.0552176132400,0.4014436078780,0.4205186614742,-0.0688819126898,-0.1242320409107,0.1462220249982,0.3651365946650,0.3022889309676,-0.0508964747674,-0.0912116740567,0.3620324694771,0.4919534375994,0.0685084843543,0.4769701242146,-0.2959930900676,0.7069798895350,0.6050016513990,-0.1482457260864,-0.2518489219000,0.2328638319201,-0.4347273956034,0.8429080814707,0.0307770482184,0.0441119711764,0.4069521456162,0.1701176353955,-0.3075021716221,0.1281863140704,-0.0464688898811,0.0598536363240,-0.0783961000156,0.0985926469153,0.5808119941558,-0.0728312197399,0.3681784883185,0.0308009962323,0.5043020531044,0.3823623679029,-0.3358588983563,-0.1699286769614,0.0962071716302,-0.1228027546443,0.0386321776720,-0.0186197026853,0.1648598071064,0.1716303125893,0.2388135975157
0.3606259614460,-0.1470411431054,-0.0479526764786,0.0441733116599,0.5620383633204,0.1727268953845,0.5415045789619,0.1760905287334,0.5949780187367,0.2492941764703,1.0000000000000,0.0105209931986,0.5735279506964,0.1559882683702,0.6506670698877,0.5015856815656,-0.1979946125194,-0.1274190821018,-0.0674121536817,-0.3030218259644,0.6069930656088,0.0152238061098,-0.1226191268121,-0.1451227841285,-0.1278595907833,-0.2428136574154,-0.3634011614721,-0.2657199608608,-0.0526562768141,0.5364232600688,0.0967587234500,-0.4370679410231,-0.1394755793203,0.3822881383257,0.2335678093405,-0.4103679132568,-0.0848740895994,0.1314956509384,0.2144407210695,0.4356157470472,0.1077459996801,0.1713960868773,-0.3927643663288,0.0686239647485,0.2485866657106,0.5103818919007,0.3094365587812,0.5707828672511,0.3142152866999,-0.3644995237414,0.0944151242607,-0.0931497603156,-0.3063851588682,0.2962405234705,-0.3484906356650,0.3545946657255,-0.3124225090810,-0.1406672036391,-0.0412377304606,0.0245560763671,-0.1865722997909,-0.3135600030610,-0.2032470523202,-0.1718883086010,-0.3589521865550,-0.3415682854358,-0.2307314270240,0.2292391386426,0.1215579458592,-0.2131791459957
-0.2316447412949,0.2621233757319,0.1343349178566,0.1422938988310,0.0049191946750,0.0851236397715,0.2432614008404,0.0925686101674,0.1417699718166,-0.0280223624118,0.0105209931986,1.0000000000000,0.0306156629047,0.6083625001866,0.0283316626661,0.1285222290376,-0.0428093592774,-0.1484623961905,0.7444515171603,-0.0039486221941,-0.0697047288149,0.1688434902056,-0.0811521536552,0.1695299724691,0.0291347551050,0.1071830018904,0.3052156291191,0.2177976435440,0.1499974425915,0.0036209210242,0.0418914475868,-0.1613803748480,0.1431483584617,0.0302725564571,-0.1395237478282,-0.3143400036920,0.0167350501799,0.0146386240666,-0.0768141016677,-0.0490045326098,0.0469688146043,0.1783944269337,-0.0533270501091,0.1187242521525,-0.0200978734450,0.0859589008031,0.6746953840541,0.0731607290137,0.6245315617255,-0.0189201730465,0.1157448819557,-0.0402810235571,-0.3944213600091,0.5125704606256,-0.1570144273874,-0.0049840341609,-0.0820136271111,-0.1681496421119,-0.0788205598102,-0.0225245659420,-0.0466437588135,0.0908998913371,0.1041926221045,0.1116526611148,-0.1409623473998,-0.2118272197030,0.4754536580245,-0.1257794393061,-0.0718300467101,-0.2019341744713
0.5816008360371,0.1428396730514,-0.1427935674191,0.3514371930043,0.5454659060945,-0.0944169397037,0.4408853956224,0.1965660559060,0.0825784273074,0.4847903448155,0.5735279506964,0.0306156629047,1.0000000000000,0.2254179836129,0.4562179428405,0.6171854025211,-0.2857023874361,0.0916027168375,0.0002973821627,0.0013180407010,0.7742924249023,-0.0728137917210,0.1003081834585,-0.1081202026632,-0.0447090274710,0.0756898628897,-0.2333750592493,-0.2963845117968,-0.0763221780077,0.5486495398844,0.2050426353556,-0.3431732634559,-0.1828790661938,0.4075015789678,0.3938077588662,0.0108884739331,0.2207263177344,-0.1462696478919,0.3694719882299,0.4650816944897,-0.0211909389074,0.1778718203446,-0.1406128384819,-0.1597036921510,0.5274629013953,0.4134695477846,0.2009874309429,0.8643553558433,0.2705320852022,-0.1006875484106,0.3568166952552,-0.2142848214209,-0.0426285878345,0.1048644987956,-0.0417555099580,0.7245343114884,-0.2967120356371,0.0370584514122,-0.0590834603940,0.1474287609164,0.0420899893188,-0.3212699240219,-0.2977624885635,-0.1752704454411,0.0436230998962,-0.0662665668848,-0.1244328145569,0.2509928644874,0.1156035041522,0.1132541963270
0.0168319787940,0.2354257301913,0.1286974245641,0.1824679756351,0.1644748091167,-0.0857334241931,0.1479590050463,0.0781968859544,0.1147996895292,0.0844778231272,0.1559882683702,0.6083625001866,0.2254179836129,1.0000000000000,0.1470773030439,0.1515363370497,-0.1405894102467,-0.0503179429379,0.5839747111328,0.0384544820307,0.1187865616060,0.2313168091056,-0.1694541933923,0.1304252674958,-0.0055856769647,0.3049722359832,0.3117371060756,0.1416740551806,0.0436657044351,0.1098875284339,0.0880768990558,-0.1881649112153,-0.0378355695543,0.0378314438598,-0.0025063452327,-0.0662485876530,0.0287457504055,0.0883467375533,0.0130687627378,0.1013510369313,0.1519199353499,0.2449203108977,-0.0910830408843,0.1750195433330,0.1996857339625,0.3023007559198,0.6657634607450,0.2268058131777,0.7880815080023,0.1261436402943,0.2463548652468,-0.0815364472272,-0.2092932081570,0.4701975707561,-0.1141304685623,0.2114884186996,-0.1675720717112,-0.1981198729576,0.0063601472369,0.0265462395694,0.1157714168935,0.1024747650090,0.0634501242153,-0.0846606573829,0.0925406790723,-0.1686511567656,0.4826455694175,0.0784766855671,0.0818878225982,0.0280987571653
0.4872160460720,-0.0069896365063,-0.1385294311924,0.2654773060367,0.4144522993196,0.1922694494338,0.2438267766480,0.4502405302860,0.3734760753389,0.4137584115231,0.6506670698877,0.0283316626661,0.4562179428405,0.1470773030439,1.0000000000000,0.6801660312875,-0.1740816263900,0.1540436965900,0.1046086088125,0.1489450621590,0.5287500842539,-0.0115018473385,0.1016370057021,-0.0963793831374,0.0125810145712,0.0730779683218,-0.2440024882982,-0.3052090436941,0.0137051450069,0.7568698646235,0.1950587374345,-0.1781969585599,0.0777734278904,0.5520185041251,0.5166125625896,-0.3434151054952,0.1209111808672,-0.1495423942077,0.3750281633641,0.2295300103267,0.0742311928486,-0.1235120785574,-0.2251436767313,-0.1455444017738,0.2852888801766,0.0970022783454,0.2501304926392,0.3410605209574,0.1803430947079,-0.3571420041314,0.1645975572728,-0.1064503406480,-0.1992446646387,0.1984685215392,-0.2328854007802,0.2674307619285,-0.2163545677785,0.0321747752006,-0.0684539079176,0.0189226483052,0.0657098196890,-0.3244078070728,-0.3193549674592,-0.1424710542002,-0.2842051827638,-0.1657382125772,-0.0352590180480,0.4785513877102,0.0777906680598,-0.0850904643150
0.3626697644202,0.0982177488268,-0.0870140711101,0.2606193188817,0.3757181193250,0.2024462592613,0.3740626435418,0.3766185608288,0.2243476955598,0.3530255870900,0.5015856815656,0.1285222290376,0.6171854025211,0.1515363370497,0.6801660312875,1.0000000000000,-0.1734731169014,0.0987563766623,0.1136112465875,0.0129384825021,0.4122122246911,0.0658272532956,0.0532588373737,-0.0079135456582,0.0247472675330,0.0099489812226,-0.2172429666277,-0.2451504672903,0.0991367016294,0.6748015009930,0.2054755096947,-0.1682641041645,0.1872283839983,0.4056814271871,0.3358586110923,-0.2725702694867,0.1160218081024,-0.1083800711283,0.2684226143620,0.2377848512891,0.1479875340290,0.0327405313640,-0.0833718921168,-0.1387291368109,0.2797805256969,0.0997259028712,0.2017299594764,0.4805097926614,0.1389131984022,-0.2265627950974,0.5063015536571,-0.1367689832668,-0.1632853670134,0.1176204751138,-0.2786518260738,0.2925311636852,-0.1309114618337,-0.0320107872986,-0.0036524380539,0.0349982447567,-0.0730205142021,-0.3816627659322,-0.2769513933445,0.0061385740629,-0.1423704351165,-0.0554138396091,-0.0564581356400,0.4770078526378,0.0424516619015,-0.1012738365404
-0.1828878729286,0.1976642804087,0.4269730447648,-0.0080708996749,-0.0316758002835,-0.1846183942809,-0.2201960833704,0.1546959726753,-0.1647917026643,-0.0874756238836,-0.1979946125194,-0.0428093592774,-0.2857023874361,-0.1405894102467,-0.1740816263900,-0.1734731169014,1.0000000000000,-0.0417079977098,-0.0346676330816,-0.1371660928857,-0.2056157481388,0.4989445771929,0.3775303667222,0.6174503899326,0.6318239627776,-0.1094587933489,0.0751663468168,0.5479128577683,0.6103759938752,-0.1827317002380,0.2788180340742,0.0810591399646,-0.0515799658308,-0.1509549257216,-0.1324963425298,-0.0863382031896,0.1264515678444,0.2082727152872,-0.0722903952882,-0.0726833550789,-0.0649287302399,-0.2163238936399,0.2347305493379,-0.2089668150733,-0.1764417554744,-0.3340149627332,-0.0836185169354,-0.2908477558632,-0.1857294836682,-0.3325217576567,-0.1635406109783,0.9242797158798,0.1071365848579,-0.0912649854733,-0.0606205647834,-0.1937901251363,0.6166745509984,0.4252663301532,0.6602337131314,0.4851229789993,-0.1370479833958,0.0651900058605,0.5801526383941,0.6352870461611,-0.2472692797287,0.2658820221089,-0.0383336003286,-0.0643503778171,-0.0092321893919,-0.1679357579487
0.4046786885439,0.4802237526300,0.1877952198403,0.4282054112142,0.1412998636046,-0.2770370582630,-0.3280879367010,0.2433475296319,-0.3610619907230,0.3090442672714,-0.1274190821018,-0.1484623961905,0.0916027168375,-0.0503179429379,0.1540436965900,0.0987563766623,-0.0417079977098,1.0000000000000,-0.0038618225818,0.6601064585512,0.1988834372600,0.1156303842023,0.3091970155018,0.3949788389924,0.0988644872409,0.3575486244534,0.3705343067233,0.1218563029694,0.0428983747255,0.2537844340371,0.4443632127546,0.1811922814606,-0.0439480216959,0.2218953520744,0.4573129244552,0.2312330896402,0.4955739367416,-0.1649999189384,0.3603930452507,0.1539922984221,-0.2064558031427,-0.2887068120053,0.0492487308341,-0.3987394096136,0.2035642592145,-0.1905387836103,-0.1371182396176,0.0170827714850,-0.1463190366510,-0.1458456342462,0.0160621168331,-0.0374927801236,0.5470116312575,-0.2004658336189,0.3592486425130,0.2242042599258,0.0735204236713,0.3037571170438,0.1449632257071,0.0990463199039,0.3271033805177,0.1517530963018,0.0719415700687,-0.0300078187437,0.1004289412917,0.1837517117843,0.0522383458630,-0.0037213832358,0.1298513471108,0.3018488322919
-0.2417808013824,0.3041706379063,0.1563019866580,0.1895800955499,-0.0187381234950,0.0715974987893,0.1095867968943,0.0767569460436,0.0914938439405,-0.0497207768458,-0.0674121536817,0.7444515171603,0.0002973821627,0.5839747111328,0.1046086088125,0.1136112465875,-0.0346676330816,-0.0038618225818,1.0000000000000,0.2695005596678,-0.0956333645790,0.1367905993266,-0.0019846475466,0.2239957111141,0.0164724491779,0.2880287645891,0.3541836892332,0.2574001093962,0.1142836272082,0.0257466072094,-0.0279994230645,0.0456864639112,0.1787790978692,0.0263554934062,-0.0046441456800,-0.1070726197065,0.0143301119849,0.0340907716206,-0.0251073532594,-0.0913827186109,0.1955631558721,0.1676509975813,0.0282160997782,0.1678200888163,-0.0763468928184,0.0835504235299,0.5644533763179,0.0303937874445,0.4557219383984,0.0876768177504,0.1558379851592,-0.0364518229620,-0.3011755337477,0.5022647545507,-0.1306705755577,-0.0710799273732,-0.0063160338043,-0.0974899630255,-0.0100247729609,-0.0869028440400,0.0717413654766,0.1089251951892,0.1255572417245,0.0661636022427,-0.0692927622461,-0.1218639691228,0.5815826274347,0.1348589249468,0.0999014170208,0.0316599715928
0.2662197530306,0.3802736685698,0.0826055922075,0.4825388727047,0.0070007389472,-0.1385712109664,-0.2779255808391,0.1447849948625,-0.3514432148022,0.2472716552380,-0.3030218259644,-0.0039486221941,0.0013180407010,0.0384544820307,0.1489450621590,0.0129384825021,-0.1371660928857,0.6601064585512,0.2695005596678,1.0000000000000,0.1157971102055,0.0501719484763,0.1600731829925,0.2179074696215,0.0613201460302,0.6768891618898,0.5019293413142,0.1146645655918,0.0150736829219,0.1960910098218,0.2081100948284,0.3040383587073,0.0867320781504,0.2590277096182,0.5239348368928,0.2969124373801,0.3097947550624,-0.2458584097289,0.3702310199256,-0.0555985297074,0.0919820601902,-0.1444027622403,0.1610105278850,-0.1430399474786,0.1620113588585,-0.1890938137012,-0.0575479479605,-0.0781914857239,-0.1164144256540,0.1283309116027,0.1885148880384,-0.1243427560790,0.2400957829064,-0.1254475682897,0.3351340662689,0.1039268351999,-0.0351200030709,0.1030626145178,-0.0393230247483,-0.0514546708734,0.6081531802520,0.1566948824163,-0.0169437003941,-0.0183339913305,0.2369364037068,0.0930604983620,0.2611706874659,0.1321307283932,0.1185354088330,0.4898063334378
0.7229253519730,0.2042206171988,-0.0883677750278,0.4440875947338,0.7362532209603,-0.2217258873720,0.1610577750163,0.3822300593296,0.0067231673890,0.6603886715633,0.6069930656088,-0.0697047288149,0.7742924249023,0.1187865616060,0.5287500842539,0.4122122246911,-0.2056157481388,0.1988834372600,-0.0956333645790,0.1157971102055,1.0000000000000,-0.0595090478212,0.2363261159753,-0.0683875240483,0.1326187409788,0.1454578628003,-0.1987771691678,-0.2492360252680,0.0497478531188,0.5279168295879,0.3376077715556,-0.3240307585445,-0.2671540397736,0.4709446275866,0.5523572173071,0.0381593501233,0.3545622934250,-0.2156751896920,0.5381988072022,0.6250469694929,-0.1843641822936,-0.1448504413529,-0.0632954774421,-0.4136241725162,0.6118316429346,0.2954142067681,0.1414614182411,0.6984163937465,0.2424217843568,-0.3651474835301,0.0732298779898,-0.0971984324038,0.0156166961493,0.0525059307037,0.0424528706317,0.8333972839508,-0.2578855264803,0.1964776114240,0.0008663916137,0.3155853137665,0.1679336937563,-0.3420806348619,-0.2382709027698,-0.0599134485765,-0.1607387583832,-0.0478027398888,-0.1368082931409,0.1701168077190,0.1765251866491,0.1673584242642
0.0574396269218,0.3329389504727,0.6014246760988,0.1735501181489,0.1441316638499,-0.2320835044901,-0.0856931678687,0.2510854931102,-0.0432448914095,-0.0389516437539,0.0152238061098,0.1688434902056,-0.0728137917210,0.2313168091056,-0.0115018473385,0.0658272532956,0.4989445771929,0.1156303842023,0.1367905993266,0.0501719484763,-0.0595090478212,1.0000000000000,0.0522152692134,0.7615385341585,0.3828304978752,0.0840753351443,0.3835276689774,0.5445520789099,0.5757169480722,-0.0313396152814,0.6279671315172,0.0855688610067,-0.0094418539774,-0.0201381576975,-0.0102565421453,-0.0149292894825,0.0756495857750,0.1564910777305,-0.0355299840507,-0.0245428680230,0.1967547238850,0.0368063383619,0.1828067841557,0.0447961544295,-0.0176634591325,0.0579400372936,0.1260975310271,-0.0304616938432,0.1119057690555,-0.0987741995948,0.2503294453844,0.5184772439083,0.0020562963866,0.0322928068117,-0.2728056988878,0.0601611933408,0.2844748936538,0.0709301411047,0.4925868405395,0.3081844117326,0.0407584718857,0.0768784460478,0.4518390869381,0.4844795531375,-0.0728164429077,0.0684075049707,0.1232113326165,-0.0937033574446,0.0416825936778,0.0393309249157
0.2020440916078,0.4743187833549,0.0006289651680,0.5567153921314,0.2692207897183,-0.2961770368403,-0.2532258049584,0.3254130615444,-0.4125453588672,0.4909374937333,-0.1226191268121,-0.0811521536552,0.1003081834585,-0.1694541933923,0.1016370057021,0.0532588373737,0.3775303667222,0.3091970155018,-0.0019846475466,0.1600731829925,0.2363261159753,0.0522152692134,1.0000000000000,0.3529195150871,0.5385041589936,0.1607364773495,-0.1254669536955,0.0555310264040,0.3043592676026,0.1593133041276,0.3195890583710,0.0724283771737,-0.1002999603396,0.2461724994497,0.3110230832758,0.1050205920708,0.6367426279910,-0.2842690831070,0.5359169478558,0.3117482241692,-0.3804831223615,-0.4782988479822,0.2940328535369,-0.6029730009570,0.3035090964742,-0.2732017878646,-0.1215873266614,0.0063452251802,-0.1611217003019,-0.3888876083226,-0.2193296204430,0.2750970904928,0.3172121945666,-0.1250064823990,0.2475649656847,0.2089536764886,0.4328958914832,0.9108613379791,0.3849546839436,0.5531942083137,0.1154939209735,-0.2639049454576,-0.0108469417662,0.3386540881871,-0.1448159387336,0.4860708896979,0.0439924839945,-0.0022543779057,0.2684176441473,0.1750027659076
-0.0007833507217,0.5425623143859,0.7357770179000,0.3126784883654,0.1683524602527,-0.3433196852687,-0.2118400610526,0.1769434082889,-0.2762371283218,0.0552176132400,-0.1451227841285,0.1695299724691,-0.1081202026632,0.1304252674958,-0.0963793831374,-0.0079135456582,0.6174503899326,0.3949788389924,0.2239957111141,0.2179074696215,-0.0683875240483,0.7615385341585,0.3529195150871,1.0000000000000,0.4396428626666,0.1820197423449,0.4197795889032,0.7342825715913,0.5081200454826,-0.0505520699455,0.5244860857320,0.0887353052840,-0.0385538009313,0.0080056444849,0.0367272082606,0.0282677570272,0.2797050634563,0.2693852457687,0.0876733467324,0.0688413797602,0.0720689064121,-0.0930871295944,0.2324189331024,-0.1753505346832,0.0122978676220,-0.0844395838041,0.0833964698608,-0.0543538009717,0.0268868142004,-0.2136293486988,0.1286331500457,0.5495045679899,0.2137445618626,0.0160734856046,-0.0956030114442,0.0419174808292,0.4445926121867,0.3398559405060,0.6764692375841,0.3708073070278,0.0705044942012,0.1703929590492,0.6440604373385,0.4755267471605,-0.0994463604483,0.1862655275549,0.1954555454823,-0.1088467611174,0.0947896692409,0.0883475735956
0.0972036614692,0.3717791758554,0.2035259747813,0.3511122162983,0.3179046226706,-0.2515762687264,-0.2437385079094,0.5512695215918,-0.2912556197220,0.4014436078780,-0.1278595907833,0.0291347551050,-0.0447090274710,-0.0055856769647,0.0125810145712,0.0247472675330,0.6318239627776,0.0988644872409,0.0164724491779,0.0613201460302,0.1326187409788,0.3828304978752,0.5385041589936,0.4396428626666,1.0000000000000,0.1858143618529,0.1374806245161,0.2983565531821,0.8259885673541,-0.0023827968691,0.4539699891580,0.1237778462357,-0.0848125304874,0.0463955280286,0.1130680718233,-0.0269062693979,0.2978831996678,-0.1643125059886,0.2563031797133,0.2796043893705,-0.1279232298723,-0.3838230837928,0.5089061593058,-0.4365823662681,0.2768632326693,-0.3175183869922,-0.0203875010245,-0.0994000330051,-0.0653822636600,-0.3786201961693,-0.0819804276673,0.5668934692424,0.0539562531045,-0.1178714580977,-0.0026380360839,0.1136437976526,0.4634411916490,0.5312898236251,0.4134410312829,0.8362862241264,0.1110168769662,-0.1464146812925,0.2088385975677,0.7844760304478,-0.2124194334966,0.3332455216104,0.0753472976533,0.0110424375741,0.1357157280149,-0.0128155052243
0.1379520836849,0.4628624062102,0.1386049513582,0.5907675527941,0.1363222410757,-0.2612660361058,-0.2008501756235,0.1456847389140,-0.4076010250045,0.4205186614742,-0.2428136574154,0.1071830018904,0.0756898628897,0.3049722359832,0.0730779683218,0.0099489812226,-0.1094587933489,0.3575486244534,0.2880287645891,0.6768891618898,0.1454578628003,0.0840753351443,0.1607364773495,0.1820197423449,0.1858143618529,1.0000000000000,0.4643786450759,0.1868096158762,0.0425470537267,0.0968743168935,0.0972446926662,0.2360087772186,0.0464918123834,0.1934441624175,0.4326499742297,0.2554101209394,0.3168705869797,-0.1525954542297,0.4610901996256,0.1302813028247,0.1765974489952,-0.0137453471193,0.1960886806320,-0.1036047146214,0.4332158636375,-0.0635379884707,0.1123108969500,0.0589995426353,0.1915229166949,0.1773294854211,0.2947983989908,-0.0848863496027,0.0406845246638,0.0222103579451,0.2722170422841,0.1706771806889,-0.0907581957433,0.0808014178383,-0.0410984923965,0.1503410672334,0.8455630696651,0.1295112339795,0.0658604021950,0.0403896495685,0.2995412221720,-0.0384091762128,0.3914251692642,0.2005085340835,0.1944058221524,0.5473753592070
-0.0895749631376,0.4751581788224,0.4372967363875,0.1244266107697,-0.1609354786295,-0.1133590626499,-0.2259621643465,0.0256480391786,-0.1997906618494,-0.0688819126898,-0.3634011614721,0.3052156291191,-0.2333750592493,0.3117371060756,-0.2440024882982,-0.2172429666277,0.0751663468168,0.3705343067233,0.3541836892332,0.5019293413142,-0.1987771691678,0.3835276689774,-0.1254669536955,0.4197795889032,0.1374806245161,0.4643786450759,1.0000000000000,0.5923650188049,0.1356276093774,-0.2716999919157,0.3343420737707,0.3645237985908,0.1921270073307,-0.1970707189199,0.0687404149403,0.1364721556336,0.0523010794304,0.0705374907314,-0.0709699573842,-0.2414605724395,0.1747846903893,-0.0093054980842,0.0868353622127,0.0431232231535,-0.0339486597682,-0.1325617468505,0.1052497442260,-0.1756689799871,0.1839977162454,0.1460846528497,0.0968046749199,0.1259300709662,0.0625101849760,-0.0176117404096,-0.0315988895165,-0.0650929543228,-0.0288919517566,-0.1270262338314,0.0432666184804,-0.0097497801882,0.4231164971355,0.5896842103341,0.4756371838993,0.0956905502709,0.0462839951500,-0.0813040247259,0.4181528533441,-0.1658046961625,0.0083613869587,0.2100985946746
-0.2032210286322,0.3992979461072,0.8749986017829,-0.0085250652053,-0.0256594568710,-0.2960308963060,-0.2194254254000,0.0093526511549,-0.2276102796666,-0.1242320409107,-0.2657199608608,0.2177976435440,-0.2963845117968,0.1416740551806,-0.3052090436941,-0.2451504672903,0.5479128577683,0.1218563029694,0.2574001093962,0.1146645655918,-0.2492360252680,0.5445520789099,0.0555310264040,0.7342825715913,0.2983565531821,0.1868096158762,0.5923650188049,1.0000000000000,0.3241464574457,-0.4382535918041,0.1786876445171,0.1359155331784,0.0007006335988,-0.3073893714001,-0.2728348585438,0.0800565806756,-0.0259109401847,0.4818843509899,-0.2351967520012,-0.0861343631988,0.2503912334129,0.0934366563688,0.1850353243571,0.0449095607189,-0.0582207616947,-0.0435051773450,0.0531068511631,-0.1622604667038,0.0901725846592,-0.0467985571968,0.0896946097121,0.5422085115629,0.0096315718923,0.0019773858036,-0.2153566782168,-0.0855367079388,0.2235755163671,0.0787783513153,0.4859573148295,0.1724159924800,0.1038468822084,0.3643073796901,0.8677780852489,0.3620847200254,-0.0975335753954,-0.1034224496941,0.1422478768219,-0.1423598274787,-0.0211948790467,-0.0144803750512
-0.0346644956799,0.2659676085829,0.3215722322707,0.1845437828741,0.2364240975579,-0.2124342885569,-0.2066044941329,0.6033029413279,-0.1657046844859,0.1462220249982,-0.0526562768141,0.1499974425915,-0.0763221780077,0.0436657044351,0.0137051450069,0.0991367016294,0.6103759938752,0.0428983747255,0.1142836272082,0.0150736829219,0.0497478531188,0.5757169480722,0.3043592676026,0.5081200454826,0.8259885673541,0.0425470537267,0.1356276093774,0.3241464574457,1.0000000000000,-0.0054048164036,0.5123611282049,0.1084773375336,-0.0596898403345,-0.0135084329835,-0.0324152046192,-0.1843000892446,0.1550616414557,-0.0729721286668,0.0390797062588,0.1521288112453,-0.0860033388102,-0.3165581993007,0.4818480016336,-0.3397924569855,0.0129635275821,-0.2335897132195,0.0874668650036,-0.1141338214783,-0.0547912549616,-0.3486284687843,0.0118316792463,0.5553901791086,-0.0832850014766,-0.0040352123647,-0.1517859893280,0.0226741333567,0.3896618898429,0.3213140903031,0.3652649032465,0.5970386192757,-0.0579490228292,-0.1667656337512,0.2274286478249,0.8791364542787,-0.2534476038954,0.2094102689192,0.1204033345032,-0.0185457667965,0.0286714445063,-0.2033173665842
0.4647854534347,0.1115512114141,-0.3002012139681,0.4082021742874,0.4279856554798,0.1973653411897,0.2045737255093,0.2806510790254,0.1703965379113,0.3651365946650,0.5364232600688,0.0036209210242,0.5486495398844,0.1098875284339,0.7568698646235,0.6748015009930,-0.1827317002380,0.2537844340371,0.0257466072094,0.1960910098218,0.5279168295879,-0.0313396152814,0.1593133041276,-0.0505520699455,-0.0023827968691,0.0968743168935,-0.2716999919157,-0.4382535918041,-0.0054048164036,1.0000000000000,0.2703555676575,-0.1903978885774,0.0627597463731,0.7667352622145,0.5845648484974,-0.2227839437479,0.2768656524990,-0.2758400818886,0.4708930025781,0.3008511676208,-0.0278617326437,-0.1549006842715,-0.1996234136045,-0.2306558427911,0.2584458378232,0.1118951962257,0.1853599732221,0.3878655540416,0.1067967269279,-0.2458252155419,0.1948065156085,-0.1552650950246,-0.0368220790935,0.1202882254557,-0.0478700302549,0.2985818896102,-0.1067055469638,0.1015223399269,-0.0184172762928,0.0766446045115,0.0619342572370,-0.3823356305311,-0.4307381558168,-0.0937799678526,0.0188927967387,0.0485886539184,0.0031331201047,0.3979496108165,0.2400266748373,0.1022413249705
0.4684211310653,0.4999523880777,0.2780966681023,0.3822909194004,0.2922545962399,-0.2859859580314,-0.1597581347253,0.5107509316305,-0.1607207160945,0.3022889309676,0.0967587234500,0.0418914475868,0.2050426353556,0.0880768990558,0.1950587374345,0.2054755096947,0.2788180340742,0.4443632127546,-0.0279994230645,0.2081100948284,0.3376077715556,0.6279671315172,0.3195890583710,0.5244860857320,0.4539699891580,0.0972446926662,0.3343420737707,0.1786876445171,0.5123611282049,0.2703555676575,1.0000000000000,0.0084508855533,-0.1134460423002,0.1749198050928,0.3909754202757,0.0675835337746,0.4275183824308,-0.2229530226936,0.2529458374122,0.1063011797432,-0.1447071364591,-0.3098437488317,0.1280550688691,-0.3703855356063,0.1892659280807,-0.0988052105529,0.0072638084545,0.1200421729200,0.0520605250456,-0.2966283972344,0.0526622036700,0.3259969666480,0.2470673519199,-0.0937506774148,-0.0315267766426,0.3828750803473,0.1670982277531,0.3018777714451,0.3311233594354,0.4810041963828,0.1413344235836,0.0545169272955,0.1688971612999,0.3624876926061,-0.1441891194610,0.2720354134971,0.0204056601768,-0.1390542793592,0.0208980934371,0.1352593628629
-0.2172600389170,-0.0011770845353,-0.0190249083242,-0.0488184857918,-0.2667014267548,0.0867829028187,-0.3926830771527,0.1261948203407,-0.2649901808099,-0.0508964747674,-0.4370679410231,-0.1613803748480,-0.3431732634559,-0.1881649112153,-0.1781969585599,-0.1682641041645,0.0810591399646,0.1811922814606,0.0456864639112,0.3040383587073,-0.3240307585445,0.0855688610067,0.0724283771737,0.0887353052840,0.1237778462357,0.2360087772186,0.3645237985908,0.1359155331784,0.1084773375336,-0.1903978885774,0.0084508855533,1.0000000000000,0.2121561651086,-0.1084388105591,-0.0224844253901,0.1805553499661,-0.1282366415198,-0.1878961328875,-0.0234576887618,-0.2883611103148,-0.0385988060643,-0.2878090271172,0.3575649333524,-0.0820146286189,-0.2371600707200,-0.3028845989666,-0.3951959048264,-0.3684901930252,-0.3368751686701,0.2045300088978,-0.1093288776673,-0.0454962008037,0.1314954380787,-0.3621407350966,-0.0972385614399,-0.3352308210126,0.1773433762607,0.0056121127367,-0.0600442673889,-0.1133785936761,0.2277783216888,0.1122702053747,0.0468909952827,0.1295357035283,0.0807711766278,0.2073183102909,0.3450710702425,0.0341235615390,0.0467156904758,0.0989733966321
-0.2190486825058,0.0093919087473,-0.0706425981908,-0.0192159073931,-0.1515788220699,0.5656438015378,0.1894267142520,-0.0152528256338,0.1914171433811,-0.0912116740567,-0.1394755793203,0.1431483584617,-0.1828790661938,-0.0378355695543,0.0777734278904,0.1872283839983,-0.0515799658308,-0.0439480216959,0.1787790978692,0.0867320781504,-0.2671540397736,-0.0094418539774,-0.1002999603396,-0.0385538009313,-0.0848125304874,0.0464918123834,0.1921270073307,0.0007006335988,-0.0596898403345,0.0627597463731,-0.1134460423002,0.2121561651086,1.0000000000000,-0.0734070355605,-0.0189292571925,-0.2087651642952,-0.1723062214233,-0.1192665173370,-0.0958227077336,-0.1554090872911,0.1232529855230,0.0075389099330,-0.1079557316700,0.0874424309538,-0.1343078371181,-0.1960307335051,-0.0471720118410,-0.1451627419525,-0.0586880962047,0.0102537466426,0.0952308782441,-0.0395291774218,-0.2360111876379,-0.0884881101833,-0.1876550591565,-0.2617475750804,-0.0516295879016,-0.1669802291817,-0.2025373880840,-0.2518689129577,-0.0285499925003,-0.0004695872264,-0.0740513351946,-0.0723021821980,-0.0398156969197,-0.1365774533579,0.0779988985078,0.2131783435242,-0.0900605143996,-0.0813572163165
0.3557345928387,0.1246122425876,-0.2148842804885,0.4617911255740,0.4580954014601,0.0688789059900,0.0918284717043,0.2039257688553,0.0004728810311,0.3620324694771,0.3822881383257,0.0302725564571,0.4075015789678,0.0378314438598,0.5520185041251,0.4056814271871,-0.1509549257216,0.2218953520744,0.0263554934062,0.2590277096182,0.4709446275866,-0.0201381576975,0.2461724994497,0.0080056444849,0.0463955280286,0.1934441624175,-0.1970707189199,-0.3073893714001,-0.0135084329835,0.7667352622145,0.1749198050928,-0.1084388105591,-0.0734070355605,1.0000000000000,0.5568210113730,-0.1068178132994,0.2490741558684,-0.2140605022627,0.5029360591578,0.3509142537132,-0.0198953756470,-0.1673640472569,-0.0893838049295,-0.2203638003281,0.2632159190655,0.1405503718701,0.1093032401753,0.2558980182302,0.0454806575968,-0.1511486780921,0.1101503425311,-0.1576081384755,-0.0552880700910,0.0609991077269,0.0019668710622,0.2432859950947,-0.0864869020285,0.1816209607839,-0.0279491581144,0.1192900034791,0.1793267020479,-0.3250545339753,-0.3195460553191,-0.0433282710157,0.0400473010597,0.0568943310945,0.1051246495850,0.1852096435576,0.3806401066356,0.2149760107094
