1.0000000000000,0.2332971802608,0.2880129096218,0.5445195668581,0.4435010012115,-0.1749331466396,0.4313785529361,0.4932859003068,0.0393905682631,0.4257432809243,0.4626577057505,0.2139821082016,0.5819620553786,0.1661688213804,0.5599115341713,0.2991783988094,0.3673260046467,0.6532831092586,0.3687659298255,0.6516604944475,0.6677488139554,0.4435775613270,0.4867249130061,0.4950591901095,0.3846008506863,0.3463884480843,0.4113184321685,0.0983689270170,0.2784533234428,0.6396078059956,0.6566738981768,-0.0988958570431,0.0420882963971,0.4396003354520,0.5952334146569,0.3330213705475,0.2695958413878,-0.1408463760679,0.0877865119880,0.3473870835029,-0.2871183018007,-0.3119307928706,-0.0645257680457,-0.4904509643362,0.2276686584405,0.0684055354463,-0.0821174844902,0.4848526401534,-0.0657910329919,-0.2782644678937,-0.1972761125877,0.4867753253352,-0.0194962131331,-0.2044598613234,-0.3058840362025,0.5863380134160,0.0180280477656,0.3310554954496,0.0839485112395,0.3460809120514,-0.0708516030482,-0.2441872475737,-0.0897838999898,0.0280875547282,-0.1057923785867,0.0517387206211,-0.1789422173836,0.0255787374284,-0.0384708335905,0.1185371574550
0.2332971802608,1.0000000000000,0.1633796532215,0.4154603059228,0.3547302728048,0.0400207266088,-0.0993077026673,0.0976282085298,-0.0122327838462,0.0717589706774,0.2039775789760,0.5783050573940,-0.0198006970182,0.4230762694420,0.4310045373556,0.0735152232606,0.3308456783865,0.2749588581142,0.5354956217648,0.4118884493531,0.2142024340109,0.4927246845646,0.4903275626641,0.2969093275934,0.2637864314562,0.4179778218667,0.1708872925799,0.5808511342856,0.4910748619157,0.2844662695199,0.4694270308296,0.4085023895067,-0.0352494951950,0.2975216387812,0.5772299117324,-0.1956249447181,0.5278891839958,-0.1513408107000,0.3960217483783,0.1956133310494,0.1313923613002,-0.2533031138069,-0.3440411850495,-0.2163624039844,-0.0203001253776,-0.0845218594679,0.1879609619404,-0.0968525598551,0.2204642002726,-0.0943531606059,-0.0668981178665,0.2617932390049,0.1808967797904,0.3778257429569,-0.0573388063158,-0.0257894135581,0.2817124278879,0.4416694661381,0.4414316964699,0.2179054610909,0.4970975499091,-0.0276529127177,0.4380798316256,0.3700498230008,-0.2162386339783,0.1780394025707,0.0793818203100,0.0485885865046,0.1840268318872,0.4687236176163
0.2880129096218,0.1633796532215,1.0000000000000,0.2710313568720,0.1299183890984,-0.0562706857646,0.1580032065586,0.4320398447311,0.3423197661257,0.1558343402742,0.2307430731330,0.3099158463265,0.0475741408103,0.2010225152068,0.2216506142725,0.2401607662306,0.3108539785387,0.5221497137418,0.3007527300586,0.3662208413179,0.1850932359985,0.4778578445821,0.1137966775091,0.6066657162460,0.2119609120233,0.1790750773560,0.6209911684312,0.5480332529372,0.2100777971013,0.2470534935614,0.3935396181326,-0.1031043687877,-0.0849840530324,0.0151925224436,0.1008579784490,-0.0624350731929,0.0507024584311,0.3331299280442,-0.0638299013780,0.0238836076552,-0.1502356705317,0.0135205198315,-0.1297944631564,0.1114922697416,0.0304283288001,-0.1679232363501,0.1589350396948,-0.0629030821312,-0.0814758574025,-0.1474463424810,0.0356127458710,0.2771313815154,-0.1511139201463,0.0104746378000,-0.4006726946416,0.0516519877258,0.1176490748348,-0.0152396788845,0.1092452821492,0.1459004411422,-0.0493460934340,-0.1392239295119,0.4854197646783,-0.0021458374056,-0.3570931876715,-0.2949683921226,-0.2942148628921,-0.3391643707395,-0.2330807263579,-0.1950362285626
0.5445195668581,0.4154603059228,0.2710313568720,1.0000000000000,0.4980669404863,-0.0597357132095,0.1570528128117,0.3641631131555,0.0732011385830,0.5565184291415,0.4625373721508,0.2217973633100,0.3948012144195,0.2475730181729,0.4821160954431,0.3054094048198,0.3075754197887,0.4382509806466,0.2997549389313,0.4494352343622,0.4963995311011,0.4324876154090,0.6746716681171,0.3424321801419,0.5182318841233,0.4106072931715,0.2659461823991,0.2225129762273,0.4249079710579,0.5823461399471,0.4963725366947,0.0117603961450,-0.0754555652774,0.5736247519977,0.5388209653442,0.1260930287145,0.4610735352979,-0.1022295684557,0.5269640081404,0.4038160826851,-0.0556161364286,-0.2286003186933,-0.0306239397820,-0.3023705293197,0.4995142976088,0.1675221397280,0.0891144239033,0.2771280310557,-0.0062745715593,-0.1456925013917,-0.0099851989139,0.3709881457220,0.1203047201680,-0.0190593876489,-0.3258051646305,0.3882132794673,0.0602584298468,0.5282914534487,0.1477019697442,0.4767444343390,0.1788989422676,-0.2778687700208,0.0971144707415,0.2643447958286,-0.0048707830336,-0.0117990956615,0.0726512359325,0.0764260147162,0.2252215618522,0.3781776270651
0.4435010012115,0.3547302728048,0.1299183890984,0.4980669404863,1.0000000000000,-0.2239994641263,0.0975687041284,0.3194489863854,-0.0753823110434,0.5052742151919,0.5741792226679,0.1603177214331,0.4750952020046,0.1132106882672,0.3546283425439,0.1719338985397,0.3557037666396,0.3370064798659,0.2630490801208,0.4317467454509,0.7551929285077,0.4350741449666,0.4232252412509,0.2128418530212,0.5880930028236,0.1976703583556,0.1200239799369,0.2529564519279,0.5627502738358,0.2187395586686,0.3813328104715,0.0099792712616,-0.2247249081772,0.2957992681298,0.3157724894074,0.1958180041771,0.3126886240424,-0.0604894964504,0.3392982832915,0.8724960791069,-0.1183084539740,-0.2234279269562,0.0396476304650,-0.3570362838456,0.4340139956905,0.3439393184360,-0.1255819640436,0.4620756076967,-0.0657741145764,-0.2279228307626,-0.0871860318816,0.3954388185866,0.1220726229193,0.0242957730109,-0.0903806303348,0.5943747705323,0.2260963531856,0.4168451531866,0.2289519027593,0.6330034873719,0.1392423588960,-0.1411085255753,0.1305621045284,0.4852391853279,-0.3064748539868,0.0033492548521,-0.0946156600417,-0.1541140989286,-0.0035651417200,0.1097531712439
-0.1749331466396,0.0400207266088,-0.0562706857646,-0.0597357132095,-0.2239994641263,1.0000000000000,0.1848852676538,-0.0157474326576,0.6510551780848,0.1005062998544,0.1113052842694,0.2116209693232,-0.1592341367189,0.2555923103122,0.2735757252553,0.3748265147166,-0.3516468152663,-0.2918358581095,0.0890389072161,-0.2186634040735,-0.2764865369200,-0.0757084080131,-0.1304699075156,-0.1456868024208,-0.0539004102558,0.0307106886786,-0.1211348253726,-0.1443254044986,-0.1776783011196,0.0566600897032,-0.0737935420615,0.1434186219869,0.4683700997162,0.1667892886391,0.0263213212736,-0.3154983642371,-0.3720104650051,-0.2583348690777,0.0706193627424,-0.2256884917305,0.7693509476394,0.5086577770916,-0.0925971505620,0.5833119669049,0.0958020107087,0.0757028938867,0.1258350624093,-0.0948415833980,0.1765930890054,0.4696554258498,0.5516663651890,-0.4025771355322,-0.3328724171653,0.1916089688839,-0.2322648299705,-0.2165136845737,-0.1025053348098,-0.2062576067839,-0.2022194111240,-0.1248786370504,0.0248980535836,-0.2224838238626,-0.1084338681393,-0.1686164234363,0.0220506080400,-0.1706636670403,0.1940944109502,0.3990993063003,0.3755141979865,0.2015535810138
0.4313785529361,-0.0993077026673,0.1580032065586,0.1570528128117,0.0975687041284,0.1848852676538,1.0000000000000,0.2231856394344,0.3847822905465,0.2708688914866,0.4525193427168,-0.0845624134173,0.6499757873372,-0.0386813504117,0.3010288288273,0.5060467268281,0.0599552499753,0.2989070412548,-0.0591161061030,0.1971534151729,0.3408522844179,0.1990567327734,0.1768416961471,0.3793087305081,0.1433138826917,0.0358138604201,0.2594657088414,-0.2207341610518,-0.1733661030427,0.3346832683545,0.3466591558964,-0.3908048956084,0.3870699320474,0.1629760038361,0.2106616922316,0.0507751739372,-0.1821454532602,-0.1948771224365,-0.1847329752158,0.1330101716343,-0.0896118720872,0.4227718018486,-0.1411765042620,-0.0783966233314,0.1350891545972,0.1626646482692,-0.2166574254460,0.6083354057300,-0.2432075053610,-0.2115513193391,0.1432339486061,0.1530854056020,-0.3435253388369,-0.4093379799824,-0.4607605429418,0.3411675628178,-0.0817004952180,0.0153359875144,-0.1502333603531,0.1575974626225,-0.3803723665485,-0.2325295604321,-0.2912771147688,-0.3143916389362,-0.1155791789419,-0.0685796192545,-0.3443476837370,-0.0054371608697,-0.0874733956149,-0.1253766363537
0.4932859003068,0.0976282085298,0.4320398447311,0.3641631131555,0.3194489863854,-0.0157474326576,0.2231856394344,1.0000000000000,0.1129084421559,0.5676402091494,0.2252257982344,0.0413941048489,0.2378619959540,0.1768483880615,0.3196178863640,0.1378303219227,0.3069269155626,0.4154847644601,0.1804037662463,0.3078278918297,0.3497844482460,0.1894632466755,0.2438488385836,0.2191441301436,0.6698129275287,0.4335986231790,0.4298123402287,0.2091305292280,0.3864892503841,0.1840187224440,0.5917119337745,0.0014361576765,0.0607883904402,0.0625379531050,0.0886963018104,0.1977262072508,-0.0307033891772,-0.1502398488860,-0.0758112924896,0.2834590558174,-0.2122480742606,-0.1690731640659,0.4691481135481,-0.2383270868919,0.3570430011955,-0.0220146507756,-0.1832906237847,0.2033414548776,-0.0780680069033,-0.1386910769343,-0.0647124815583,0.2719710932019,-0.3174402206944,-0.2283099749187,-0.4148925116118,0.3463131150407,-0.1316455152810,0.0503745437290,-0.2476306322903,0.4677841401684,0.0428014187367,-0.2814973594498,0.0180945282802,0.1207445894815,-0.2794371052061,0.0134301414689,0.0611111591993,-0.0512751281560,-0.2335090259365,-0.2464033138888
0.0393905682631,-0.0122327838462,0.3423197661257,0.0732011385830,-0.0753823110434,0.6510551780848,0.3847822905465,0.1129084421559,1.0000000000000,0.1607852678240,0.3514424039522,0.3803530379050,0.0635023812561,0.3586375483190,0.4326445191203,0.5002504849793,-0.2352616894039,-0.0441272083525,0.2511858232270,-0.0019761466862,-0.0567117390302,0.1158025654598,-0.1144323192118,0.1150547375116,0.0290888571876,0.1190578864970,0.2363313360005,-0.0351856491519,-0.1119478043498,0.1976736539979,0.0771702884828,-0.1693355356573,0.2905799722800,0.1574022012526,0.0257265404371,-0.3326782661765,-0.3677231933564,-0.1217597025276,-0.0191772342757,-0.1237621871349,0.4593974906333,0.5273975261518,-0.2594151213669,0.6486852883755,0.1105076271639,0.0646949608585,0.2781675395500,-0.0164088427170,0.0960849985061,0.3663246623018,0.4336609411543,-0.2633360450934,-0.4440482841526,0.1785806573206,-0.5006878626492,-0.0889572616582,-0.1529051358712,-0.2803013992310,-0.2959740350748,-0.0936571378204,-0.0831247827424,-0.2168629419849,-0.0027005267071,-0.2109571995851,-0.2215740524764,-0.4642621735537,-0.1379479562024,0.0034817712602,0.1032810217113,-0.0119886816507
0.4257432809243,0.0717589706774,0.1558343402742,0.5565184291415,0.5052742151919,0.1005062998544,0.2708688914866,0.5676402091494,0.1607852678240,1.0000000000000,0.3195778951043,-0.0139796075551,0.3421903929346,0.1373371805747,0.4230546020423,0.3588723589387,0.1796392795226,0.2290581277459,0.1254178983080,0.2756677685956,0.3868754314460,0.1799083392856,0.4032635566641,0.0673008191941,0.7003993163206,0.3171323055580,0.0428060912481,-0.0264031098862,0.2725131809473,0.2951681663198,0.3553339573871,-0.0900753890718,0.1003726941561,0.2773128876962,0.1851216203192,0.1596994703440,0.0952357169088,-0.0687388645369,0.3611986766144,0.4806417733090,0.0266278202620,-0.0755949128363,0.3439204679929,-0.1980822658249,0.8581573058342,0.1409187630935,-0.1619344090927,0.3720254834911,0.0259770604373,-0.0579219408647,0.1351335659385,0.1871043652059,-0.0710229804303,-0.1568425657275,-0.2555757795992,0.4805913231677,-0.0668057290299,0.3150706845816,-0.0581802991507,0.6419338567206,0.0971401072469,-0.2848433203637,-0.0965208840316,0.1848071764626,-0.1524978741404,-0.0675687444314,0.0546208141166,0.1310627637011,0.0673802231075,0.0668341515108
0.4626577057505,0.2039775789760,0.2307430731330,0.4625373721508,0.5741792226679,0.1113052842694,0.4525193427168,0.2252257982344,0.3514424039522,0.3195778951043,1.0000000000000,0.2976882241967,0.6578081570330,0.1867781309799,0.5565062044772,0.3782134002149,0.1340196354992,0.3803196767965,0.3916835748935,0.4934270825891,0.6142735858012,0.3271357360103,0.2325952193454,0.2562809031137,0.3330747578567,0.1858099365136,0.2957936518841,0.0974335082302,0.3688756482672,0.4293595254998,0.2888663956945,-0.0998112345658,-0.0356600756967,0.4546146091482,0.3927152066130,0.0021061881879,0.1443058483146,-0.1309949545993,0.2963877283885,0.5715889733700,0.0671273147261,0.0538721409748,-0.2144077607555,-0.0687412354322,0.2246953970768,0.6211578885863,0.0090102537184,0.5244643160535,-0.0149773271174,-0.0329172745143,0.1267949005772,0.1908116485859,-0.0244696507547,0.1071527769164,-0.2533451757940,0.4746632240276,-0.0215807075154,0.1233943627673,-0.0230729733828,0.3009213360960,0.0164299794879,-0.1327894082366,0.0273310745111,0.2384868869992,-0.2257113295554,-0.3146590164627,-0.1320629223297,-0.0276828035895,0.1281054432583,0.1496385818888
0.2139821082016,0.5783050573940,0.3099158463265,0.2217973633100,0.1603177214331,0.2116209693232,-0.0845624134173,0.0413941048489,0.3803530379050,-0.0139796075551,0.2976882241967,1.0000000000000,-0.0392801924093,0.7813518043793,0.6454112864551,0.2174404951719,0.0683129647951,0.1775425950094,0.8835646187728,0.4190231196737,0.1106078376990,0.3394169500639,0.0260917524178,0.1448902963779,-0.0284373688592,0.4647032058399,0.2240073919870,0.5058984449909,0.3221150864563,0.3785749570477,0.1738145762282,0.3173149466031,-0.0253855694758,0.2721440985838,0.4312592215514,-0.4228243714915,0.0928606378384,-0.0404166791331,0.3235936930816,-0.0367276021720,0.2820980818181,-0.1044871232538,-0.4528337342814,0.1121184339188,-0.1166554989340,-0.0527291064506,0.6718646839569,-0.1819034334593,0.5828466607883,0.2529480954382,0.1521335563621,0.0391781278089,0.0497838118935,0.7053400016991,-0.0401186853621,-0.1482505420643,0.0124089727936,-0.0515787451070,0.1819152262013,-0.1163085701789,0.5197925941855,0.0541642606139,0.5029558203357,0.1887256409202,-0.2084648273206,-0.3280956147282,-0.0653932716496,0.0433579666671,0.1252050243902,0.2872828808693
0.5819620553786,-0.0198006970182,0.0475741408103,0.3948012144195,0.4750952020046,-0.1592341367189,0.6499757873372,0.2378619959540,0.0635023812561,0.3421903929346,0.6578081570330,-0.0392801924093,1.0000000000000,-0.0085558967063,0.3629766954833,0.2716652335015,0.2169095609384,0.3207978229212,0.0520383459465,0.3467261270845,0.7330238031397,0.2377126914157,0.3247810924742,0.2783651320070,0.3217695024578,0.0804694576848,0.2033261600840,-0.0736514633689,0.1684672248671,0.4588247195455,0.3170595444157,-0.2510421239980,-0.0492269211064,0.2744675180973,0.2849316697979,0.1971037734253,0.1124856053428,-0.1880047659096,0.0686272169223,0.5046095262065,-0.2723385275956,0.0142283854679,-0.0655908417927,-0.3610854813281,0.2517486558349,0.3553524384801,-0.1985722867607,0.8558652437631,-0.1691425383758,-0.2795171676756,-0.0444344582762,0.3640150333051,-0.1575614834713,-0.2567820321318,-0.3095799554484,0.6593328876356,-0.0130925152486,0.2591511428166,-0.0631146018868,0.3484109938999,-0.2777475244595,-0.2070546125726,-0.1930949297001,0.0575615758760,-0.0092997942653,-0.0580465958200,-0.1982560988100,-0.1085216417722,0.0235028402138,-0.0337432495457
0.1661688213804,0.4230762694420,0.2010225152068,0.2475730181729,0.1132106882672,0.2555923103122,-0.0386813504117,0.1768483880615,0.3586375483190,0.1373371805747,0.1867781309799,0.7813518043793,-0.0085558967063,1.0000000000000,0.5764127045212,0.2107670945963,0.0799842615721,0.0614336898566,0.7094645150149,0.2649694989295,0.0638629013350,0.2170591054444,0.0465183465316,0.0933340625584,0.0430855914389,0.6208550539757,0.1866923000669,0.3923359531372,0.1820323021197,0.3114462839145,0.1156795354462,0.3881942296581,0.0245644194656,0.2561737085375,0.2405693023218,-0.3680068539232,-0.1032027000971,-0.2532305900484,0.1723402635161,-0.0658169499314,0.2841072185551,-0.0292006651569,-0.2937925224847,0.0814292909141,-0.0270536534645,-0.0547882363636,0.6394283983390,-0.1388199016076,0.6892894800204,0.2540376854963,0.1505728866308,0.0543228903786,-0.1331863760885,0.5046204571977,-0.1705862582091,-0.1039045452231,-0.1369674843558,-0.0895306548589,0.0020721588540,-0.0835340438501,0.4538170200340,-0.1113461685394,0.3543532084237,0.0051903066118,-0.1158495284371,-0.3819883070523,0.1505024567934,0.1195017813325,0.1222077552088,0.1630444582002
0.5599115341713,0.4310045373556,0.2216506142725,0.4821160954431,0.3546283425439,0.2735757252553,0.3010288288273,0.3196178863640,0.4326445191203,0.4230546020423,0.5565062044772,0.6454112864551,0.3629766954833,0.5764127045212,1.0000000000000,0.5354267767101,0.1963923592741,0.2768970995083,0.7429231891220,0.5720660286842,0.3602848646118,0.4971306866250,0.3519983724372,0.2130826699309,0.3063232825858,0.4742859458243,0.1563102281719,0.3253598371387,0.4217563001528,0.6782737299228,0.4717529466598,0.1733243933110,0.1894270005733,0.4567983013229,0.5542254180874,-0.2730446353308,0.1521276301352,-0.2273646587984,0.4700464547964,0.2454625733490,0.3135270050598,-0.1550994392902,-0.2422143808531,-0.1243197371027,0.3137335227688,0.0834738298278,0.2508527419148,0.2242840542680,0.3772476903204,0.1809066793643,0.2749930297378,0.2085437649662,-0.0223625941798,0.3969359476560,-0.2575496310565,0.1765832258391,0.0309403134922,0.2270401126585,0.1223150820458,0.2328811017326,0.2660731254974,-0.2254723616917,0.2389120361223,0.2554403346182,-0.1406027224888,-0.2042274390527,0.0320092580586,0.2717043591340,0.2354836032673,0.2844280993929
0.2991783988094,0.0735152232606,0.2401607662306,0.3054094048198,0.1719338985397,0.3748265147166,0.5060467268281,0.1378303219227,0.5002504849793,0.3588723589387,0.3782134002149,0.2174404951719,0.2716652335015,0.2107670945963,0.5354267767101,1.0000000000000,-0.0042089248200,0.1472168988461,0.2389313574646,0.1971439096543,0.1582762517302,0.3279396085252,0.2063919817585,0.2205987724913,0.1371243924791,0.1058002649748,0.0528231182606,0.0467297409293,0.0099255298590,0.4133174959271,0.2584566591712,-0.1201327947830,0.4242713411459,0.3170522749555,0.3115279449831,-0.2095078121218,-0.1158944734787,-0.1662469510250,0.2003724004181,0.1475997859913,0.3765599737449,0.2041493825466,-0.1989956062652,0.0369920344992,0.3218931113872,0.1379461961429,0.0238412050835,0.3123759019894,0.0590022857499,0.0590935723127,0.6132550053524,0.0487414759125,-0.1581201464672,0.0045919579473,-0.2988941218932,0.1203689029454,0.0187516054533,0.0556634450999,0.0188530948833,0.1601929905296,-0.0556097410624,-0.2998695595834,0.0080035727817,-0.0609172351581,-0.1052960733868,-0.1596030642957,-0.1818565599435,0.1961379077611,0.1820309059680,0.1237699465863
0.3673260046467,0.3308456783865,0.3108539785387,0.3075754197887,0.3557037666396,-0.3516468152663,0.0599552499753,0.3069269155626,-0.2352616894039,0.1796392795226,0.1340196354992,0.0683129647951,0.2169095609384,0.0799842615721,0.1963923592741,-0.0042089248200,1.0000000000000,0.3819968390149,0.1756713441205,0.3632104757776,0.3858420832991,0.6343645440735,0.5536651030795,0.6063112435786,0.5123228795082,0.2710388406914,0.2258332715140,0.4802381518972,0.5970537195155,0.2381268917978,0.5819155991469,0.0146086559206,-0.1593216097568,0.1215091378305,0.2937230496754,0.1415668235943,0.4117839136991,0.1735702126042,0.1870836007032,0.3289451609329,-0.3365604009392,-0.2961606909081,0.0393471211352,-0.4201511882721,0.1319690026790,-0.0456802767149,-0.1202942823362,0.2070239376982,0.0091361351885,-0.3205635652089,-0.1907115387981,0.8843339597856,0.1501169282048,-0.0769552105376,-0.0714402875447,0.3241016507137,0.4774885599273,0.5790352985132,0.5119311916117,0.5716522778544,0.1317185953214,0.0016199502961,0.3087455485876,0.4380636447690,-0.0753724237647,0.3454461879792,-0.1303946099870,-0.1618193593437,-0.0813212969650,0.0394707532657
0.6532831092586,0.2749588581142,0.5221497137418,0.4382509806466,0.3370064798659,-0.2918358581095,0.2989070412548,0.4154847644601,-0.0441272083525,0.2290581277459,0.3803196767965,0.1775425950094,0.3207978229212,0.0614336898566,0.2768970995083,0.1472168988461,0.3819968390149,1.0000000000000,0.3175437647835,0.8188552615726,0.5128599742709,0.4617710806979,0.3110330255670,0.6528156401028,0.3053895926717,0.3779711934381,0.7395753417774,0.1947222324537,0.3246166563282,0.4470413857365,0.5845227600226,-0.1357327934480,0.0205379775457,0.2927889880836,0.5375365331120,0.2342465474672,0.3360835388912,0.0295392043703,-0.0415032165528,0.2606800150474,-0.3942547672905,-0.3116860337860,-0.1362840681186,-0.4204859301550,0.0017459665653,-0.0644562529597,-0.0290227599831,0.2101944774745,-0.1814141524764,-0.4551479775815,-0.3067084686307,0.4111626990619,0.1803104381985,-0.2091608346335,-0.2812864007888,0.3718326008205,-0.0086146241723,0.1685164249408,0.1070705565188,0.2748545249054,0.0065394661071,0.0039323948850,0.0436135444082,0.0448426730805,-0.2224100232373,-0.0249298658094,-0.2317146572578,-0.1249507629630,-0.2428578606504,0.0999815480599
0.3687659298255,0.5354956217648,0.3007527300586,0.2997549389313,0.2630490801208,0.0890389072161,-0.0591161061030,0.1804037662463,0.2511858232270,0.1254178983080,0.3916835748935,0.8835646187728,0.0520383459465,0.7094645150149,0.7429231891220,0.2389313574646,0.1756713441205,0.3175437647835,1.0000000000000,0.6174075514853,0.1942047482341,0.3598630454725,0.1193671413706,0.1469101607371,0.1116570428760,0.5298340001118,0.2670112331604,0.5265409041627,0.4252323593069,0.4372030430035,0.2857141637608,0.3051817024115,0.0210746696497,0.2739806878216,0.4738787409701,-0.3299015532941,0.1848857008288,-0.0146006618300,0.4173202844147,0.0995492951857,0.2083592597825,-0.2832575765089,-0.3294553372288,-0.0976870507489,-0.0156891497127,0.0268279147453,0.5155667310959,-0.0900655330557,0.5893005157351,0.1967917989278,0.0825924146885,0.1370244362390,0.2291183054295,0.6989774078874,0.0477155126512,-0.0242602165350,-0.0087685570252,0.0210682038831,0.2134677324487,0.0088566936919,0.5724071154824,0.1314905449514,0.5187045588346,0.2690362898801,-0.2156959130536,-0.2933005233958,-0.0317575781396,0.1369024294777,0.0470149699505,0.2804242605178
0.6516604944475,0.4118884493531,0.3662208413179,0.4494352343622,0.4317467454509,-0.2186634040735,0.1971534151729,0.3078278918297,-0.0019761466862,0.2756677685956,0.4934270825891,0.4190231196737,0.3467261270845,0.2649694989295,0.5720660286842,0.1971439096543,0.3632104757776,0.8188552615726,0.6174075514853,1.0000000000000,0.5322019997059,0.5001185458099,0.3394932655367,0.4781047577896,0.3303174949766,0.5341658991879,0.5945786174648,0.3020091757012,0.4490791352536,0.5774903504202,0.5604804556200,0.0166999893873,0.0006830171788,0.3704996202137,0.6450083965785,0.0156286143138,0.3780897589495,-0.1022463686768,0.2716688630813,0.3294217883159,-0.1748357012245,-0.4190176884550,-0.2576394054715,-0.4291357241665,0.0878594842406,0.0384376387672,0.1002960044291,0.1845578978815,0.1345329348526,-0.2763592003693,-0.1972223338228,0.3651041757178,0.2887824132808,0.1450560311737,-0.1246759124253,0.3374719332860,0.0354762194578,0.2059137728460,0.1905226248013,0.2718194835713,0.2493275729765,0.0796786487272,0.1784069200586,0.2106311532091,-0.1989054376507,-0.1042241027422,-0.1444783032808,0.0373912400007,-0.0933869724987,0.2545286366269
0.6677488139554,0.2142024340109,0.1850932359985,0.4963995311011,0.7551929285077,-0.2764865369200,0.3408522844179,0.3497844482460,-0.0567117390302,0.3868754314460,0.6142735858012,0.1106078376990,0.7330238031397,0.0638629013350,0.3602848646118,0.1582762517302,0.3858420832991,0.5128599742709,0.1942047482341,0.5322019997059,1.0000000000000,0.4481412678113,0.3879041602371,0.4212742488842,0.4509764183590,0.2157217447469,0.2891091365821,0.0796443847062,0.4137123617633,0.4055430130133,0.4568002633846,-0.1543977525269,-0.1534340693305,0.3244214979168,0.4219912902475,0.3591386822176,0.2679253853373,-0.1029970371514,0.1478450643251,0.6935506206873,-0.3081833994098,-0.1626679330502,-0.0325549015744,-0.4168315925585,0.2877119230204,0.2904235682706,-0.0825674628453,0.7024416977355,-0.1468585587026,-0.3404985496649,-0.1515349673986,0.4987843159675,0.0072009863171,-0.1758385194542,-0.2440010687359,0.8456993800549,0.1310501945378,0.3472050700135,0.1241082071999,0.5132834026982,-0.0857045994963,-0.2056206041963,-0.0744904498718,0.2581502036325,-0.1958418229747,0.0214470236438,-0.1920350405953,-0.1554557576862,-0.0794433538951,0.0908315352679
0.4435775613270,0.4927246845646,0.4778578445821,0.4324876154090,0.4350741449666,-0.0757084080131,0.1990567327734,0.1894632466755,0.1158025654598,0.1799083392856,0.3271357360103,0.3394169500639,0.2377126914157,0.2170591054444,0.4971306866250,0.3279396085252,0.6343645440735,0.4617710806979,0.3598630454725,0.5001185458099,0.4481412678113,1.0000000000000,0.6091723720445,0.7822691215216,0.3209772056762,0.1773891938786,0.2131422798255,0.5370365434877,0.4681744418517,0.5184567790343,0.6886246411568,0.0972284528924,-0.0347809222800,0.4017089995284,0.5498805994567,-0.1385218393121,0.3615145570356,0.0050847772690,0.2674741315038,0.2927127572113,-0.0819337187812,-0.2012731731929,-0.3947408952094,-0.2516968591374,0.1270663681515,-0.1192363814520,0.0029297394459,0.1566697208513,-0.0535060625936,-0.2900240489064,-0.0257790317882,0.6296038882515,0.0706049334745,0.0436026011404,-0.3078520419129,0.1885488825876,0.6430782779199,0.5882500989399,0.6191287270188,0.4072367048597,0.0019012596547,-0.2889775326413,0.3663200835453,0.2990386306004,-0.2497465740167,0.1373897281138,-0.1723587905932,-0.1726090482812,0.1505108639178,0.2156204792692
0.4867249130061,0.4903275626641,0.1137966775091,0.6746716681171,0.4232252412509,-0.1304699075156,0.1768416961471,0.2438488385836,-0.1144323192118,0.4032635566641,0.2325952193454,0.0260917524178,0.3247810924742,0.0465183465316,0.3519983724372,0.2063919817585,0.5536651030795,0.3110330255670,0.1193671413706,0.3394932655367,0.3879041602371,0.6091723720445,1.0000000000000,0.4909037396637,0.5270027550711,0.2744280672960,0.1085694372254,0.2947812016429,0.3733800398465,0.4848978050820,0.7094565121751,0.0567761590773,-0.0337389841589,0.4778129855293,0.5477113486823,0.0401419842322,0.5565836055466,-0.1579260475453,0.3776720534038,0.3730233962451,-0.1525367352791,-0.2934896009539,-0.1372892403070,-0.4562009116621,0.3787813334190,-0.0046819464965,-0.2408280020506,0.2818979274161,-0.1350771412700,-0.3771842229446,-0.1505345185555,0.5910252337608,0.0627431444881,-0.1693025034441,-0.2685975758824,0.3218377704596,0.4031586261731,0.8758534983150,0.4154901329724,0.5515538935976,0.0616394683952,-0.2676512501971,0.0722766434534,0.2342031260906,-0.0074005279949,0.3749251731575,-0.0163649330659,-0.0288526318596,0.2506458160387,0.3180900418486
0.4950591901095,0.2969093275934,0.6066657162460,0.3424321801419,0.2128418530212,-0.1456868024208,0.3793087305081,0.2191441301436,0.1150547375116,0.0673008191941,0.2562809031137,0.1448902963779,0.2783651320070,0.0933340625584,0.2130826699309,0.2205987724913,0.6063112435786,0.6528156401028,0.1469101607371,0.4781047577896,0.4212742488842,0.7822691215216,0.4909037396637,1.0000000000000,0.2422144197539,0.1972783633945,0.5375889056223,0.3361967396146,0.2040849154078,0.4611352684233,0.6664943837436,-0.1372911500426,0.0400184459198,0.3189529949518,0.4965859579565,0.0378176093773,0.2351508875522,0.0787191051057,-0.0839788003500,0.1237505058115,-0.3183991031128,-0.0519124841272,-0.3539388280622,-0.2169985044304,-0.0559773581813,-0.1395346777188,-0.0747996281137,0.2189144166419,-0.1728367527723,-0.4242495292164,-0.1646694165109,0.6339706090856,-0.0450971631871,-0.2656963583826,-0.4038656694640,0.2774865467920,0.4565789258071,0.3853094396237,0.4300268641925,0.2918250660549,-0.1544847410745,-0.1864268155557,0.1742711971841,-0.0449655218680,-0.1474216427532,0.1081631743074,-0.3505744408925,-0.2586581838127,-0.0558514170955,0.0557306975626
0.3846008506863,0.2637864314562,0.2119609120233,0.5182318841233,0.5880930028236,-0.0539004102558,0.1433138826917,0.6698129275287,0.0290888571876,0.7003993163206,0.3330747578567,-0.0284373688592,0.3217695024578,0.0430855914389,0.3063232825858,0.1371243924791,0.5123228795082,0.3053895926717,0.1116570428760,0.3303174949766,0.4509764183590,0.3209772056762,0.5270027550711,0.2422144197539,1.0000000000000,0.4134186917715,0.2530767472574,0.2168022179668,0.6655907122008,0.1986752434764,0.6019743837585,-0.0275230081698,0.0094954311303,0.1192678641539,0.2126728634780,0.1533672890577,0.2657314681816,-0.0973290618778,0.2969981575667,0.6034672274484,-0.1286895630598,-0.1654864495068,0.3942043885470,-0.2529349359159,0.6238943630501,0.1458266988463,-0.3163013192227,0.3465289922941,-0.0649881008188,-0.1834421238939,-0.0156930393656,0.4418334297884,-0.0932675627499,-0.1563981101162,-0.2800658888629,0.4714377209350,0.1532119066711,0.4393765104293,0.0405906916392,0.8859988780129,0.1887652225112,-0.1414034187806,0.0380058943786,0.5048654916292,-0.1703026267170,0.2274621666407,0.0467710132620,-0.0201196072847,-0.0572473810342,-0.0021046313522
0.3463884480843,0.4179778218667,0.1790750773560,0.4106072931715,0.1976703583556,0.0307106886786,0.0358138604201,0.4335986231790,0.1190578864970,0.3171323055580,0.1858099365136,0.4647032058399,0.0804694576848,0.6208550539757,0.4742859458243,0.1058002649748,0.2710388406914,0.3779711934381,0.5298340001118,0.5341658991879,0.2157217447469,0.1773891938786,0.2744280672960,0.1972783633945,0.4134186917715,1.0000000000000,0.4990358953907,0.2995101219628,0.3602791504320,0.3284774236726,0.4331048616190,0.1593831099926,0.0769067583475,0.2211474426318,0.3818186036338,-0.1049114208168,0.1204333314840,-0.2832390189014,0.2228234029149,0.1006759259909,-0.0270107954624,-0.1887114182634,0.0066589530483,-0.1967792235210,0.1444529788395,-0.0088357211370,0.2301267746837,0.0017867327418,0.4826499051626,-0.0009177017061,-0.0385162185567,0.1930182602522,-0.0431013939284,0.1936860504968,-0.1795547726644,0.1127645560888,-0.1524416073935,0.0624358556990,-0.0633495014627,0.2262462193861,0.6243872883326,0.0854950145409,0.1755305430125,0.1055424797858,-0.0264246192590,-0.0740089644497,0.0754576352369,0.1041756286971,-0.0496678585738,0.1631119370172
0.4113184321685,0.1708872925799,0.6209911684312,0.2659461823991,0.1200239799369,-0.1211348253726,0.2594657088414,0.4298123402287,0.2363313360005,0.0428060912481,0.2957936518841,0.2240073919870,0.2033261600840,0.1866923000669,0.1563102281719,0.0528231182606,0.2258332715140,0.7395753417774,0.2670112331604,0.5945786174648,0.2891091365821,0.2131422798255,0.1085694372254,0.5375889056223,0.2530767472574,0.4990358953907,1.0000000000000,0.2443682275904,0.1757431676562,0.2758750462708,0.4758620274580,-0.1636657246661,0.0230336254901,0.0583948005796,0.2517388557671,0.0231711107345,0.0687882251185,-0.0284342702566,-0.2445124213513,0.0758098163916,-0.3189396496107,-0.0638496146952,-0.1264326562571,-0.0602692876481,-0.1534554588626,-0.0812400235157,0.0629974505633,0.0603341004792,-0.0554820319118,-0.2716851170679,-0.2313308380543,0.2029498723909,-0.1670888985385,-0.1370764197960,-0.4231181590590,0.1706391985816,-0.1746373641615,-0.1257823853452,-0.2078058228221,0.0836992037503,0.0567558488503,0.1441458466856,0.1130154701938,-0.1199974070817,-0.2118277435319,-0.2131384556665,-0.2438118645867,-0.2862259098314,-0.3414057859645,-0.1590748432492
0.0983689270170,0.5808511342856,0.5480332529372,0.2225129762273,0.2529564519279,-0.1443254044986,-0.2207341610518,0.2091305292280,-0.0351856491519,-0.0264031098862,0.0974335082302,0.5058984449909,-0.0736514633689,0.3923359531372,0.3253598371387,0.0467297409293,0.4802381518972,0.1947222324537,0.5265409041627,0.3020091757012,0.0796443847062,0.5370365434877,0.2947812016429,0.3361967396146,0.2168022179668,0.2995101219628,0.2443682275904,1.0000000000000,0.5652261411276,0.1696687364942,0.3812885858933,0.3957232911361,-0.2289871852671,-0.0197129740296,0.1543387620757,-0.3485572619809,0.3226036265457,0.2056105518625,0.2571307930947,0.1488315942092,-0.0351551004770,-0.2935613904014,-0.2013270806386,-0.1643946590939,-0.0933770608328,-0.2000300980290,0.1703671150568,-0.1694404318432,0.2307723461636,-0.1038322671387,-0.0215072756793,0.4067750584124,0.1050988629428,0.4046161878218,-0.0229520273140,-0.1496899030076,0.3825723060582,0.2881861020843,0.4904171702125,0.1871285645128,0.3705250190896,0.0346418258399,0.8895978554781,0.4569007023915,-0.2926673026044,0.0232067974410,0.0095673654683,-0.2611524242884,-0.0247069822592,-0.0247527602807
0.2784533234428,0.4910748619157,0.2100777971013,0.4249079710579,0.5627502738358,-0.1776783011196,-0.1733661030427,0.3864892503841,-0.1119478043498,0.2725131809473,0.3688756482672,0.3221150864563,0.1684672248671,0.1820323021197,0.4217563001528,0.0099255298590,0.5970537195155,0.3246166563282,0.4252323593069,0.4490791352536,0.4137123617633,0.4681744418517,0.3733800398465,0.2040849154078,0.6655907122008,0.3602791504320,0.1757431676562,0.5652261411276,1.0000000000000,0.2321094146463,0.4764342210789,0.2276013516398,-0.1677166385006,0.1375202882274,0.3007818075278,-0.0342410785468,0.4878333311611,0.0495089162811,0.4610654876417,0.5701131299943,-0.0631201994467,-0.3990666743135,0.1401664376462,-0.2982766926384,0.2307373433335,0.0989158946983,-0.0136981567841,0.1315492704644,0.0940324167369,-0.1104602864223,-0.0309890487833,0.4946619278794,0.2025598919880,0.2579503379744,-0.0221570660528,0.2558074360589,0.3040416992714,0.4155667049099,0.3313742176716,0.6373144403333,0.3799452042120,0.0383121205181,0.4276675386347,0.8802504453261,-0.1734953420107,0.2189530666843,0.1598145038828,-0.0300645771986,0.0131342447088,0.1447929016692
0.6396078059956,0.2844662695199,0.2470534935614,0.5823461399471,0.2187395586686,0.0566600897032,0.3346832683545,0.1840187224440,0.1976736539979,0.2951681663198,0.4293595254998,0.3785749570477,0.4588247195455,0.3114462839145,0.6782737299228,0.4133174959271,0.2381268917978,0.4470413857365,0.4372030430035,0.5774903504202,0.4055430130133,0.5184567790343,0.4848978050820,0.4611352684233,0.1986752434764,0.3284774236726,0.2758750462708,0.1696687364942,0.2321094146463,1.0000000000000,0.5026285289638,0.0080311486503,0.1764284847834,0.6281502035645,0.6623989341346,-0.0900897309439,0.2920398862894,-0.1621651690057,0.3141948654153,0.1669597979262,0.0156536525931,-0.2406413921310,-0.3179114683309,-0.2867248156988,0.2488748140068,-0.0423753060173,0.1771769083388,0.3258816890203,0.1285917337401,-0.1484858289409,0.1199936896821,0.3388991245312,0.0254049167870,0.0439572630951,-0.3234248900001,0.2718197511975,0.1400318549976,0.3669181314921,0.1635737780403,0.2006671524195,0.0123723725249,-0.2636347645267,0.0507739504643,0.0607179425129,0.2515830821484,-0.0719371566824,-0.0545478006793,0.2061008470621,0.3622338102812,0.3718431259425
0.6566738981768,0.4694270308296,0.3935396181326,0.4963725366947,0.3813328104715,-0.0737935420615,0.3466591558964,0.5917119337745,0.0771702884828,0.3553339573871,0.2888663956945,0.1738145762282,0.3170595444157,0.1156795354462,0.4717529466598,0.2584566591712,0.5819155991469,0.5845227600226,0.2857141637608,0.5604804556200,0.4568002633846,0.6886246411568,0.7094565121751,0.6664943837436,0.6019743837585,0.4331048616190,0.4758620274580,0.3812885858933,0.4764342210789,0.5026285289638,1.0000000000000,0.0070613876669,0.1339882757222,0.3302407040359,0.5560815480258,-0.0205686182024,0.3193771785708,-0.2078627236332,0.1057335415787,0.3102932969034,-0.2427524044447,-0.2384138511026,-0.1089434599195,-0.4129230298391,0.1999703142356,-0.1426838528396,-0.2477278968994,0.2622679228642,-0.1464531076172,-0.4102253735007,-0.1566593402390,0.5898019936877,-0.1197496025897,-0.1846314593236,-0.4352166119356,0.3185871468508,0.3073835467839,0.5163848161550,0.2399937715940,0.5269910117603,0.0602439456664,-0.2358055764843,0.1231336383213,0.1664949908813,-0.2433840004660,0.3471651498149,-0.1804592718415,-0.1122650138244,-0.0362269581847,0.0880453522695
-0.0988958570431,0.4085023895067,-0.1031043687877,0.0117603961450,0.0099792712616,0.1434186219869,-0.3908048956084,0.0014361576765,-0.1693355356573,-0.0900753890718,-0.0998112345658,0.3173149466031,-0.2510421239980,0.3881942296581,0.1733243933110,-0.1201327947830,0.0146086559206,-0.1357327934480,0.3051817024115,0.0166999893873,-0.1543977525269,0.0972284528924,0.0567761590773,-0.1372911500426,-0.0275230081698,0.1593831099926,-0.1636657246661,0.3957232911361,0.2276013516398,0.0080311486503,0.0070613876669,1.0000000000000,-0.0601127526874,0.1242958192378,0.1160694477574,-0.2568013107263,0.1305941068907,-0.1655677717645,0.2255329163441,-0.0442084985014,0.2499617595832,-0.2612603248889,-0.0945302887140,-0.0353550927979,-0.1021977018624,-0.1152380044807,0.1549847052839,-0.2835063205868,0.4382589824324,0.2085856621056,-0.0253914065804,-0.0767233294862,0.1746467606200,0.4250526440818,0.2470759298376,-0.2782252677031,0.1364856577350,0.0879062259064,0.2234667218387,-0.0873221070515,0.4035474986768,-0.0013098351522,0.3640613922139,0.2286687880511,0.0090209252130,0.0448297233239,0.5974123838910,0.1375776490744,0.3105833719824,0.2059542388028
0.0420882963971,-0.0352494951950,-0.0849840530324,-0.0754555652774,-0.2247249081772,0.4683700997162,0.3870699320474,0.0607883904402,0.2905799722800,0.1003726941561,-0.0356600756967,-0.0253855694758,-0.0492269211064,0.0245644194656,0.1894270005733,0.4242713411459,-0.1593216097568,0.0205379775457,0.0210746696497,0.0006830171788,-0.1534340693305,-0.0347809222800,-0.0337389841589,0.0400184459198,0.0094954311303,0.0769067583475,0.0230336254901,-0.2289871852671,-0.1677166385006,0.1764284847834,0.1339882757222,-0.0601127526874,1.0000000000000,-0.0288422044628,0.1570956952882,-0.0684727128963,-0.2248697960656,-0.2389365317601,-0.1375653488119,-0.1331199670100,0.2738462803355,0.3205742349957,-0.0300797093014,0.0825454950247,0.0745513615798,-0.1215735889687,-0.0552608483498,0.0899015003395,0.0608499120604,0.1143991730216,0.3765220847627,-0.1747558181489,-0.1815388592136,-0.1235696462117,-0.1631468221555,-0.0413790473758,-0.0766311462803,-0.1544940406714,-0.1518666953231,0.0229341714207,-0.0432701350603,-0.1098223512328,-0.2402165115630,-0.2388493235122,0.1647987185456,0.0909407552233,-0.0711240222401,0.4864570567569,-0.0170781849023,0.1240265416466
0.4396003354520,0.2975216387812,0.0151925224436,0.5736247519977,0.2957992681298,0.1667892886391,0.1629760038361,0.0625379531050,0.1574022012526,0.2773128876962,0.4546146091482,0.2721440985838,0.2744675180973,0.2561737085375,0.4567983013229,0.3170522749555,0.1215091378305,0.2927889880836,0.2739806878216,0.3704996202137,0.3244214979168,0.4017089995284,0.4778129855293,0.3189529949518,0.1192678641539,0.2211474426318,0.0583948005796,-0.0197129740296,0.1375202882274,0.6281502035645,0.3302407040359,0.1242958192378,-0.0288422044628,1.0000000000000,0.6683663334867,-0.0522815518803,0.2594037157981,-0.1964827662455,0.4060650659995,0.2280474116704,0.1526317813481,-0.2069391527972,-0.3024965341671,-0.1639252024085,0.2254501472490,0.2442871848661,0.1293538846027,0.1962519551303,0.0810961591482,-0.0532346348280,0.0559622940423,0.1741762483103,0.1317192356718,0.0414185067886,-0.1341018735108,0.2373073106897,0.1525540728072,0.3877519658542,0.1983795418329,0.1094313874626,0.1026920204592,-0.2414655260127,-0.0920038612867,0.0416822824679,0.1114588666163,-0.0629295439850,0.1005790598475,0.1775174720760,0.6147035945042,0.5414057390767
0.5952334146569,0.5772299117324,0.1008579784490,0.5388209653442,0.3157724894074,0.0263213212736,0.2106616922316,0.0886963018104,0.0257265404371,0.1851216203192,0.3927152066130,0.4312592215514,0.2849316697979,0.2405693023218,0.5542254180874,0.3115279449831,0.2937230496754,0.5375365331120,0.4738787409701,0.6450083965785,0.4219912902475,0.5498805994567,0.5477113486823,0.4965859579565,0.2126728634780,0.3818186036338,0.2517388557671,0.1543387620757,0.3007818075278,0.6623989341346,0.5560815480258,0.1160694477574,0.1570956952882,0.6683663334867,1.0000000000000,0.0087956601562,0.4451344051664,-0.1892321300160,0.4194109389902,0.2450959860097,0.0162611720081,-0.2486408821803,-0.3603269245988,-0.3389418302131,0.1332659985661,0.0988475791249,0.1157412510177,0.2412685815259,0.1313818257952,-0.1434096373132,0.0066818498272,0.3473134048520,0.2465622138189,0.1382080982496,-0.0645666661525,0.2965585149767,0.2612067938848,0.4539308169904,0.3815964333920,0.2399151105168,0.2828201560874,-0.0687325241183,0.0298532218692,0.1374939467780,0.0728522141496,0.1756018066529,-0.1148074062448,0.1691153258575,0.3520879898131,0.6694169188969
