1.0000000000000,0.2116195600739,0.0396244187453,0.2935977748549,-0.0253295626432,-0.1028974241238,0.0679568110472,0.2229440358862,-0.0191661457934,0.2654984796438,0.0459668741724,0.2071069055752,0.2449855441117,0.0742342311882,0.2109267070083,0.2168587249081,-0.0644771278912,0.2143302021669,0.0967882855141,0.3353009822791,0.2830037186470,0.0147658315905,0.0368802958886,-0.0197132141977,0.1058733923724,0.2998821430828,-0.0087317384664,-0.0929914617282,0.0447765112839,0.2848115655751,0.1809511436992,0.0130151722023,-0.0106436311705,0.3773104998773,0.1889518096838,0.6592341951404,0.2113719282269,-0.0746939902306,0.2563582507535,0.0377441820785,-0.0892930124110,0.0673688192636,0.1032212625753,-0.1032586187393,0.2122618848391,-0.0061843112105,0.2629092795880,0.3005287515747,0.1288109516750,0.0513092340805,0.0193663336764,-0.0933830340201,0.1420868096588,0.0732918916095,0.1440972213182,0.1773111225812,-0.0799992208560,0.0290715742264,-0.0604198541698,0.1040748189729,0.2940456558405,-0.0053724100992,-0.1468905659870,-0.0121477826236,0.0738392671686,0.1026533061656,0.0144264722654,-0.0594578284449,-0.0173626069052,0.1560366264899
0.2116195600739,1.0000000000000,0.3863814556520,0.6380825989804,0.3480359810952,-0.2099509310529,-0.2615582408894,0.1306608687848,-0.3807695652268,0.2697281301544,0.1341740022150,-0.3676469317114,0.3411910334921,-0.2121414903132,-0.2802522266962,0.0948075728500,0.4771211819112,0.7366321574774,-0.2869200666522,0.3360979024711,0.3468050487627,0.6407597294073,0.6823229355795,0.6531562975008,0.3334632939508,-0.0244127459865,0.1404439290418,0.4377794195323,0.3185535573758,0.1053566835026,0.6468675742042,0.0183676312638,-0.1448460302117,0.2343901402899,0.4013526036432,0.2542136719101,0.8486963434766,-0.0987726643275,0.5273719377683,0.3612645858771,-0.1982741471947,-0.2685995932682,-0.0862330547877,-0.3720443572419,0.2476624066247,0.2422458798996,-0.1976110387264,0.2397432696867,-0.2653298591557,-0.3511055171215,-0.1053890935666,0.4649461921826,0.6027671560900,-0.1650746936591,0.3241686081883,0.3636861969816,0.4799628336273,0.6607105505306,0.5797379957999,0.2756909605743,-0.0019014971312,0.2415340904390,0.3633616364917,0.2841706313005,0.3080527488024,0.4542774278573,-0.0232568960404,-0.0737109784825,0.2635345761739,0.4470157385659
0.0396244187453,0.3863814556520,1.0000000000000,0.4253540423072,0.0040886967187,-0.0754444821447,-0.0938325188450,-0.2807823424480,-0.0596863092767,0.3267062589638,0.0035964290536,-0.1209550670751,0.2389330415447,-0.2286163446686,-0.1484305031385,0.1410596398970,0.5568878726340,0.4747304646047,0.1559560038831,0.2305650841027,0.4891476476359,0.3031491032019,0.3341878852282,0.6400564703889,0.2800967042953,-0.2591450919943,0.3824380727440,0.7286011816360,0.1653874062511,-0.0601622811224,0.3251240397971,-0.4789795210100,0.0552188577072,0.0114022402073,0.0687990676146,-0.2430355058391,0.4162908259634,0.6295514261723,0.3302101912123,0.0058867196571,-0.0680741690887,-0.1177303390092,-0.4440167844494,0.0159620592679,0.2680215241034,0.1207944048219,0.0968619556517,0.1450172599378,0.0637788416206,-0.1404455312170,-0.0792936295438,0.5445168244549,0.4361621149260,0.3189909328759,0.4193541144497,0.3409707498427,0.5235768303964,0.2727916788209,0.6475189027508,0.2527342080689,-0.0970444833129,0.3747915385968,0.7718121255454,0.1390244213497,0.0194965044781,0.2487869160366,-0.2068940194799,-0.0705746545670,-0.0473375578971,0.1980146106858
0.2935977748549,0.6380825989804,0.4253540423072,1.0000000000000,0.2710063309336,-0.0338628523633,-0.0031657279177,0.1028860033688,-0.0632995612081,0.4349971354451,0.3427447828726,-0.1722713367777,0.2705562425656,-0.1709018805877,-0.0174713110908,0.1692171039975,0.3593496432242,0.5466964241530,-0.0175154436182,0.2736251079934,0.3729489027476,0.4790310237188,0.6072653639756,0.5039242700759,0.5060816292056,-0.0756305014987,0.2318966292126,0.4341767793837,0.3651540518417,0.1242883133686,0.5353160063835,-0.0940049842000,-0.0122271505097,0.2952350082547,0.2889246256659,0.1120732947677,0.4917315186715,0.0655892131745,0.8390785924211,0.2612061726555,-0.0028826115238,-0.0391177884664,-0.0428164826047,-0.0417086368227,0.5440688802596,0.3691985985636,-0.0453339457178,0.1511951799352,-0.0838675642994,-0.1050574929573,0.1265217295597,0.3399816387381,0.5529271135135,0.0760260763379,0.3735467048275,0.3278254564816,0.3909070729024,0.4940078170408,0.4205010534852,0.4428172610898,-0.0640592534624,0.2250254063941,0.3968930331604,0.3036365341342,0.0918550867567,0.3418687843551,-0.0630837032592,-0.0072172459587,0.0824427052237,0.3272506252500
-0.0253295626432,0.3480359810952,0.0040886967187,0.2710063309336,1.0000000000000,-0.1666565387548,-0.2359833976564,0.3569672041166,-0.3407116013327,0.3470522262977,0.3260421336429,-0.3605604713403,0.3101013547812,-0.1589307225103,-0.3077331663400,-0.1968929495837,0.4197656917122,0.0773556306322,-0.3536806646816,-0.2015972846175,0.4637458313533,0.5649558362453,0.6082320578460,0.4155528873009,0.5144212667875,-0.1268321595820,-0.1711619810518,0.1001915197532,0.6010417694825,-0.2293493096228,0.4795278735237,0.1426177075251,-0.1277637256289,-0.0390345695872,0.0018923490185,0.1838851852031,0.3054444051884,-0.2142232339404,0.2012870121404,0.8274283938679,-0.1178611681199,-0.2510115196981,0.2956015962724,-0.3154542338083,0.2211138418371,0.4051768768606,-0.2893703341934,0.1489748466988,-0.2457152047596,-0.2809864006558,-0.1088462356617,0.4392291799329,0.1000777405474,-0.2956401649973,-0.1528223429584,0.5871489887997,0.4809212819049,0.6338460374077,0.4453754108573,0.5059061792916,-0.1410156461219,-0.0680612806970,0.0196367742943,0.6114208831691,0.0278200363922,0.4284817722996,-0.0116773439094,-0.0363530607458,0.1548173952629,0.0620579263522
-0.1028974241238,-0.2099509310529,-0.0754444821447,-0.0338628523633,-0.1666565387548,1.0000000000000,0.7463138115848,-0.3403551272291,0.7376236812281,-0.1753435164874,-0.1273891433769,0.2116444602135,-0.0570515292145,-0.0686668621687,0.5859908504172,0.3225375207201,-0.2756267841466,-0.2296068277979,0.1731425554025,0.0396115515377,-0.2227503453535,-0.3760380251653,-0.3597201767772,-0.3570607332861,-0.2864609336424,0.0247490302547,0.1276966437110,-0.1282168377424,-0.4073930437929,0.2390705106519,-0.2595197374645,-0.1501131141368,0.7738520216600,0.2681579005436,0.2862059336258,-0.0840439885584,-0.2357086742647,0.2251483756820,0.0118532999179,-0.2753104395398,0.9527701586854,0.7502388523880,-0.2204032022537,0.7292743775721,-0.0958480162552,-0.2301023611064,-0.0396479686041,-0.0866503766901,-0.0060262216575,0.6999926583608,0.6621405060960,-0.2571854894437,-0.1955144287641,0.0048167786959,-0.1534795016238,-0.1427770970011,-0.3460603691798,-0.3862436414515,-0.2970001349956,-0.2528858196444,-0.0700736559118,-0.2476873180212,-0.0750646253171,-0.3578512015480,0.2314703434396,-0.3371883640870,-0.0833924854009,0.6602560681482,0.0510737787865,0.1517786356817
0.0679568110472,-0.2615582408894,-0.0938325188450,-0.0031657279177,-0.2359833976564,0.7463138115848,1.0000000000000,-0.4744892466305,0.8421388352631,-0.1753241821581,0.0560406912656,0.2564680286696,0.2001783108712,-0.0894671193777,0.7235542089650,0.4463021827967,-0.3749983044492,-0.2831608256290,0.1817360915976,0.1136587269124,-0.1094551068389,-0.3667366468687,-0.4059412619422,-0.3800125929185,-0.4068253531398,-0.0517136276053,0.0115296824307,-0.2501708942138,-0.5351960080465,0.3531273803492,-0.3709098578416,-0.3284107032089,0.5812069009209,0.3156202083737,0.2259431070449,-0.1024109147173,-0.2758105190773,0.2616714847228,0.0207173569690,-0.3192279733230,0.7514354064119,0.9064311838314,-0.4085356193146,0.8107487066121,-0.1009470879361,0.0081837937159,0.0771809988014,0.1409919416328,0.0170272346144,0.7043640284409,0.6641209370654,-0.3697580821044,-0.1832534412602,0.1187457689990,-0.0471245810283,-0.0057642959093,-0.3280341298525,-0.4383950552117,-0.2879688746304,-0.3840881335729,-0.0476721497579,-0.2243717858218,-0.1805447797752,-0.4384463213234,0.2364271953833,-0.4719850931913,-0.2537015492904,0.4607828052847,-0.0211938447091,0.0982705662254
0.2229440358862,0.1306608687848,-0.2807823424480,0.1028860033688,0.3569672041166,-0.3403551272291,-0.4744892466305,1.0000000000000,-0.4500769082726,0.2509585185703,0.1021930842767,-0.1089783393755,-0.0879556844306,0.1990452441688,-0.3087204093206,-0.4760148939127,0.0378974565115,-0.0328075453979,-0.3081265035679,-0.1627764459294,-0.0650705409387,0.1742726146107,0.2843525826677,-0.0340227268193,0.4614213347942,0.2973288256231,-0.2822821314161,-0.2268484878850,0.4596022283844,-0.1990139109454,0.3562009146092,0.6552049787360,-0.4116669667442,-0.1098706336073,-0.1252251035839,0.3322201609747,0.0266866882865,-0.4560086056297,0.0225675050592,0.5077613225370,-0.3512849807996,-0.3311089389045,0.8860505050058,-0.5721936305044,0.2207179949570,0.0356049203866,-0.2318667955293,0.0489537822857,-0.0694638709115,-0.4034089590340,-0.3997732603475,0.0050338006447,-0.2652556156109,-0.4857448328283,-0.4377537793170,-0.0917196952042,-0.1336655613379,0.3074289216046,-0.1661121058602,0.4402074566525,0.0411768004591,-0.3016527332281,-0.3272545456525,0.3057982966854,-0.2539842549513,0.3523110103642,0.4441550742122,-0.1671224853460,-0.0208532231089,-0.3193734706003
-0.0191661457934,-0.3807695652268,-0.0596863092767,-0.0632995612081,-0.3407116013327,0.7376236812281,0.8421388352631,-0.4500769082726,1.0000000000000,-0.3041447788821,-0.0419980705749,0.3628626331571,-0.1982408161152,-0.0676065676796,0.8271107521106,0.3801899562526,-0.4655243325449,-0.3453077395594,0.3639776549872,0.0307349219151,-0.2762147875267,-0.5825486658876,-0.5363240110150,-0.4929699469355,-0.4104054553670,0.0674518875116,0.0976988336666,-0.1920392691980,-0.5078791335709,0.2710863058349,-0.4448086775162,-0.3535367780365,0.4851368622581,0.2233495808702,-0.0033626612373,-0.1042890924098,-0.3636635456609,0.4138102334830,0.0135223686233,-0.4742756363001,0.7627120410854,0.7733959931294,-0.2803100446322,0.9382176506621,-0.1307757801646,-0.1977352673815,0.1633201566745,-0.1973156170152,0.0952546944110,0.8089547256489,0.6079630868759,-0.4479069374284,-0.2198901644173,0.1964623854470,-0.1145992639574,-0.1854338675365,-0.4429362491888,-0.5632957638315,-0.3959633797447,-0.3823570664932,0.0139804995904,-0.2532106186218,-0.1102341797152,-0.4988944622830,0.0003697050361,-0.4476322038931,-0.2465105480006,0.3418525670879,-0.1352000617596,-0.0698418588028
0.2654984796438,0.2697281301544,0.3267062589638,0.4349971354451,0.3470522262977,-0.1753435164874,-0.1753241821581,0.2509585185703,-0.3041447788821,1.0000000000000,0.0761784857065,-0.1865284007530,0.2871616481439,-0.0366058615588,-0.1387004457924,0.0494168891769,0.2363846384963,0.2220947568407,-0.1487245542883,-0.0102989304759,0.3925849153245,0.3051237238884,0.4211094127729,0.2791574951732,0.6313498281823,-0.0211984210231,0.0918989682407,0.2486291835518,0.2714053054079,-0.1250581107421,0.3043308305023,0.0218910119056,-0.0363960873900,0.1123246894434,0.0745522431872,0.0834403911716,0.1957563203865,-0.0179390458178,0.3600803845421,0.3888253456379,-0.1756569186353,-0.1658919526829,0.0839917937107,-0.2789068959390,0.7659831728967,0.1619945068680,-0.1190956506513,0.2673149279807,0.0017413782025,-0.2177479819190,0.0238007090630,0.2181451761005,0.0902658252165,-0.0725192950733,0.0924905818459,0.4068530584248,0.2439967157166,0.3841146673903,0.2121004503238,0.5405841844682,-0.0081567901894,0.0782456520475,0.1885974699825,0.2789817087999,-0.0403305882908,0.1329382166139,-0.0245759576270,-0.0422158666895,0.0507053006202,0.1255112218965
0.0459668741724,0.1341740022150,0.0035964290536,0.3427447828726,0.3260421336429,-0.1273891433769,0.0560406912656,0.1021930842767,-0.0419980705749,0.0761784857065,1.0000000000000,-0.2598534373599,0.2523588073570,-0.1324801071793,0.0070809124586,0.0545967796075,0.1197741802430,0.0937149351508,-0.1736417191467,-0.2448597175654,0.1953486536858,0.3961746783613,0.3640365123365,0.2694628820354,0.2628034875309,-0.3877486610110,-0.0665926968473,0.2132423767436,0.4676259898544,-0.0069130735908,0.2544024362601,0.0627124410859,-0.1906169045966,0.0732593831535,-0.1798257323802,-0.0293171825662,0.0998640676430,-0.1409400906081,0.3138767256335,0.4202383586957,-0.0705682677584,-0.1850934325235,0.0262006045830,0.0406143356796,0.2361946632967,0.7900110041090,-0.1042922168477,0.0519874330597,-0.1690585071842,-0.0210271598209,0.1061577266505,0.1211864941329,0.2379887253490,-0.0341555816023,0.0200771170156,0.3079630560169,0.2917537019699,0.3324905379639,0.2078244751772,0.1011428265752,-0.2946543815024,0.0634277013402,0.2218123759911,0.3965502645419,-0.0839909915549,0.1499151558178,-0.0784029999571,-0.0714739303820,-0.0723387173415,-0.1665905943596
0.2071069055752,-0.3676469317114,-0.1209550670751,-0.1722713367777,-0.3605604713403,0.2116444602135,0.2564680286696,-0.1089783393755,0.3628626331571,-0.1865284007530,-0.2598534373599,1.0000000000000,-0.1225708822877,0.6552270784725,0.4348374643973,0.1906945731498,-0.3726847699950,-0.3594384490506,0.7144140183022,0.1996045120061,-0.1246480156294,-0.4887064113732,-0.4925657496295,-0.4925635653563,-0.3044731170181,0.5122855699097,0.2133987393315,-0.2905406271698,-0.3735704448674,0.3374672551736,-0.3738839712182,-0.0135229407185,0.2198110448868,0.0717838975133,0.1673286165488,0.0616516132049,-0.3422707274271,0.2215690095017,-0.0672525289065,-0.3854262712297,0.1795318735534,0.3303985018341,-0.0262737563164,0.2783625294950,-0.1394516695083,-0.3520050829986,0.8120738310650,0.0552806887909,0.7563331429389,0.3857078881980,0.1714834839893,-0.3674403012311,-0.3043786535552,0.5351726861981,-0.0213713250981,-0.2454017344231,-0.4168455283032,-0.5242701222855,-0.4337314245401,-0.2251824408135,0.4482048918865,0.0233009953854,-0.2432841984521,-0.4027879797324,0.0995954395812,-0.3057778360279,0.3277408890939,0.1157380650078,-0.0756856246368,0.0673495182526
0.2449855441117,0.3411910334921,0.2389330415447,0.2705562425656,0.3101013547812,-0.0570515292145,0.2001783108712,-0.0879556844306,-0.1982408161152,0.2871616481439,0.2523588073570,-0.1225708822877,1.0000000000000,-0.0480811879497,-0.1589131771438,0.2069431034064,0.2527011112814,0.2817031401994,-0.1595671008387,0.2730703401595,0.6670057007592,0.4133349647851,0.2779006344532,0.3281941229483,0.0886586239554,-0.2313614172213,-0.0647793663263,0.0072899332481,0.0658722381014,0.1675258196627,0.2877780954342,-0.0863649679424,0.0039917343692,0.1351689315358,0.3544666646389,0.0972263267195,0.2824130335712,-0.0158172768212,0.1057083259158,0.3751996084208,-0.0950588152998,0.1564305664158,-0.2908956003740,-0.1849173803849,0.1840416576660,0.5138739113580,-0.0509477803100,0.8682823559646,-0.0173068360701,-0.1601460047139,0.0745075007876,0.2197405772431,0.2717624294580,0.0212576364969,0.2656073922763,0.5962278058356,0.3174963306064,0.2228977719335,0.3547104417617,0.0541562732528,-0.1406826734029,0.1343196678071,0.0310778675051,0.1313843515954,0.3854580839328,0.0879304960231,0.0146280439287,-0.0254709452401,0.1304244714175,0.2729793652462
0.0742342311882,-0.2121414903132,-0.2286163446686,-0.1709018805877,-0.1589307225103,-0.0686668621687,-0.0894671193777,0.1990452441688,-0.0676065676796,-0.0366058615588,-0.1324801071793,0.6552270784725,-0.0480811879497,1.0000000000000,0.1068934543477,-0.0880588663625,-0.1756177710041,-0.2771340327000,0.3726398289774,0.0939361284707,-0.1918390953230,-0.1319501750649,-0.2008927079872,-0.2967838233150,-0.0514341255321,0.4403114095913,0.0991558327183,-0.2501492590877,-0.1562240092570,0.3320495884539,-0.1070795859328,0.4156063873697,-0.0341947843252,0.0830279060719,0.1539766568663,0.0479649200797,-0.2339741471001,-0.0782414632106,-0.1251285484182,-0.0708526827051,-0.1265711420391,-0.0161853495590,0.1884568458225,-0.1245107601632,0.0014653866250,-0.1690822831659,0.5544409994576,0.1071535700939,0.7363360906939,0.0886010465425,-0.0628879813160,-0.1631982662252,-0.2917877280823,0.2520494188811,-0.1210634504689,-0.2482060946327,-0.2116959952773,-0.2043574649240,-0.2893698440910,-0.0656259075788,0.3320778572898,0.0141813863814,-0.2203036197239,-0.1786031545618,0.2055599376663,-0.0536327496810,0.5734952575741,0.0326528620793,0.0816481210317,-0.0110760838311
0.2109267070083,-0.2802522266962,-0.1484305031385,-0.0174713110908,-0.3077331663400,0.5859908504172,0.7235542089650,-0.3087204093206,0.8271107521106,-0.1387004457924,0.0070809124586,0.4348374643973,-0.1589131771438,0.1068934543477,1.0000000000000,0.4521338751961,-0.5049015692387,-0.2577912367735,0.3588028784871,0.0865927561707,-0.2923600673038,-0.5032549107226,-0.4785532625377,-0.4629992475890,-0.3014269623613,0.2259233354641,0.1135953706237,-0.1443779221250,-0.4596540004100,0.5037054988571,-0.3845535075090,-0.2390011286143,0.4202505737949,0.3804667300213,0.1024498955949,0.1200029902059,-0.3425009825775,0.1529865029202,0.1168093612510,-0.4094152817737,0.6099515555750,0.6122515644102,-0.1964006189352,0.7825022055192,-0.0760681047253,-0.1980258569175,0.2620450664655,-0.1647638737759,0.1555606016259,0.8456929880160,0.6547383223857,-0.4808516113406,-0.1636124808436,0.1702024534043,-0.0390440347608,-0.1634019612773,-0.4148832885379,-0.4944822993558,-0.4311265896283,-0.3319383668468,0.2278388976806,-0.2153568219336,-0.1233223604561,-0.4269051742856,0.1704888675954,-0.4364372546244,-0.2528245910610,0.3062132263582,-0.0201931873081,0.0437362815298
0.2168587249081,0.0948075728500,0.1410596398970,0.1692171039975,-0.1968929495837,0.3225375207201,0.4463021827967,-0.4760148939127,0.3801899562526,0.0494168891769,0.0545967796075,0.1906945731498,0.2069431034064,-0.0880588663625,0.4521338751961,1.0000000000000,-0.1038076473739,0.1857956843866,0.1828454302975,0.3365336624910,0.0568924858935,-0.0944732475637,-0.1574256799193,-0.0081668052919,-0.1787880395905,0.0332608086130,0.1442454412793,0.0769478421306,-0.1967731379234,0.5126348786716,-0.1273560872743,-0.4184437008706,0.2838960925390,0.4384791094753,0.3745568491896,0.0303914338766,0.0387966428611,0.1937294743927,0.2810485850949,-0.2561632060350,0.3442000395865,0.3438459700748,-0.4621140515433,0.4375180708096,0.0085255163251,-0.0117884724069,0.2110090754557,0.1472297838398,0.0404957545690,0.4075001748249,0.6999528024308,-0.0973522535993,0.2463162921818,0.2438708270508,0.3857406130535,0.1113197490135,0.0014116227160,-0.1950056295735,0.0341353441083,-0.2148495070120,0.1942656246627,0.1345222525336,0.0940266004918,-0.1798286296541,0.3711864754066,-0.2906904265135,-0.2928357610533,0.2090244743421,0.2409955386943,0.4550306783932
-0.0644771278912,0.4771211819112,0.5568878726340,0.3593496432242,0.4197656917122,-0.2756267841466,-0.3749983044492,0.0378974565115,-0.4655243325449,0.2363846384963,0.1197741802430,-0.3726847699950,0.2527011112814,-0.1756177710041,-0.5049015692387,-0.1038076473739,1.0000000000000,0.3621364407828,-0.3137102006934,-0.0433973569075,0.4441705380476,0.7622070163223,0.7262685189594,0.8234300491793,0.5492832453965,-0.3796951202179,-0.0665422203084,0.5737296457525,0.6060936416897,-0.1597765951952,0.6212725708318,-0.1206517480329,-0.0186402605917,-0.0214699302890,0.0755935910264,-0.1451739991241,0.5176683755904,0.0770451101734,0.2187835626822,0.4609866986508,-0.2509089891543,-0.3556799125978,-0.1413202678048,-0.3782503080113,0.1371797103456,0.2948278429027,-0.1153773822929,0.1397350469492,-0.1392865067771,-0.4672338866523,-0.2774467160847,0.9793003879914,0.3619337838949,-0.0906042293411,0.1753812978359,0.3870460442933,0.8170950032768,0.7024688292809,0.8147672493151,0.5599398254345,-0.2134717322052,0.1858030456839,0.5293600569013,0.6229303614575,0.1123694357533,0.5933214823880,-0.0258144430228,0.0590911956005,0.1359855539280,0.2258837666933
0.2143302021669,0.7366321574774,0.4747304646047,0.5466964241530,0.0773556306322,-0.2296068277979,-0.2831608256290,-0.0328075453979,-0.3453077395594,0.2220947568407,0.0937149351508,-0.3594384490506,0.2817031401994,-0.2771340327000,-0.2577912367735,0.1857956843866,0.3621364407828,1.0000000000000,-0.1840833657074,0.5049050211472,0.3391012514874,0.4844719538498,0.4659039622624,0.6567370710127,0.1892545489121,-0.1350209578216,0.2827968905582,0.4756858712138,0.2052888424114,0.1084092247845,0.4541440872311,-0.1168550773857,-0.1389678514140,0.1819771054954,0.2994263764284,0.1130908282387,0.6580746243618,-0.0009267913605,0.4753742484980,0.1048479342032,-0.2340621735963,-0.3134065437784,-0.2366537143421,-0.2866063487101,0.2114467906812,0.1712997948030,-0.1105052885601,0.1199685983543,-0.2474624690369,-0.3281804147021,-0.0977779065099,0.3253753682737,0.8151669219906,-0.0315745529189,0.5949036629075,0.2341159728772,0.4487149928232,0.4193169846700,0.5416714113112,0.1167008297578,-0.0389714126294,0.4495242515419,0.4398110539458,0.1497213760986,0.2159540979907,0.2554973861236,-0.1283427812748,-0.1297872309811,0.1690097655951,0.3705591345311
0.0967882855141,-0.2869200666522,0.1559560038831,-0.0175154436182,-0.3536806646816,0.1731425554025,0.1817360915976,-0.3081265035679,0.3639776549872,-0.1487245542883,-0.1736417191467,0.7144140183022,-0.1595671008387,0.3726398289774,0.3588028784871,0.1828454302975,-0.3137102006934,-0.1840833657074,1.0000000000000,0.2808287364494,-0.0350841028272,-0.4583821430771,-0.4004928129926,-0.3139584742041,-0.2920796316179,0.2404342927868,0.4073740028017,-0.0393130023224,-0.3374138513509,0.1841262799558,-0.3136102410430,-0.1390889996641,0.0998008071497,-0.0042222719791,0.0107624591849,-0.0482689218484,-0.2974591546564,0.4122738293881,0.0423497175627,-0.4325154651983,0.1803839222421,0.1900837621420,-0.1932598547674,0.3346142201322,-0.0359090486925,-0.2685176769241,0.6913008236761,-0.0391973962321,0.6940848696415,0.3391106512357,0.1932840336242,-0.2869398575484,-0.0685687097296,0.8161012085441,0.1917199789996,-0.1502276732397,-0.2721094910687,-0.4564268170109,-0.2646446639526,-0.2540947333101,0.2124038633991,0.2010984057033,0.0620467124054,-0.3615188534002,-0.0209745357549,-0.2330869396204,0.2372955116512,-0.0799602340076,-0.2413086066340,0.0011051627361
0.3353009822791,0.3360979024711,0.2305650841027,0.2736251079934,-0.2015972846175,0.0396115515377,0.1136587269124,-0.1627764459294,0.0307349219151,-0.0102989304759,-0.2448597175654,0.1996045120061,0.2730703401595,0.0939361284707,0.0865927561707,0.3365336624910,-0.0433973569075,0.5049050211472,0.2808287364494,1.0000000000000,0.1533288033300,-0.0476692348563,-0.0890506101909,0.0691239334561,-0.2686902170064,0.3084377410649,0.3188703994900,-0.0348854768678,-0.3026457373373,0.4342540823171,0.0294634467546,-0.0798857283945,0.0437070637121,0.2954971404073,0.5278336871816,0.1344306036519,0.2270294820404,0.1926105442744,0.2313296658342,-0.1537362637649,0.0143853423947,0.1606918603386,-0.2712241023398,0.0054045477236,-0.0889688168413,-0.1861513097583,0.2054828786717,0.3258794477977,0.1809876823667,0.0385653811377,0.1460960644358,-0.0733735821062,0.3287289744235,0.2737774345667,0.5800933040972,0.0338608977583,-0.0706305971900,-0.1433818041193,0.0615385405355,-0.2433910240602,0.2356932402018,0.2790759953305,-0.0020357129598,-0.3205005395100,0.4330938263215,-0.1114098051765,0.1020601534627,-0.0330538110268,0.1352560817494,0.4527608877137
0.2830037186470,0.3468050487627,0.4891476476359,0.3729489027476,0.4637458313533,-0.2227503453535,-0.1094551068389,-0.0650705409387,-0.2762147875267,0.3925849153245,0.1953486536858,-0.1246480156294,0.6670057007592,-0.1918390953230,-0.2923600673038,0.0568924858935,0.4441705380476,0.3391012514874,-0.0350841028272,0.1533288033300,1.0000000000000,0.4067539770494,0.3965015825972,0.4679971391475,0.3328870477878,-0.1934850535553,0.1512430791636,0.2966779017987,0.3308161191399,-0.1627357084584,0.3917439373968,-0.2925367692794,-0.0374497897240,-0.0182238398615,0.1259904750465,0.1081988392609,0.4171793594339,0.1925091193082,0.2498349564500,0.4092899453620,-0.2149407675394,-0.1395180265682,-0.2132682392480,-0.2317925762345,0.2914183845601,0.4070122756702,0.0485834497415,0.5213901951487,-0.0015669230256,-0.2456692503590,-0.1310978408372,0.4205399612976,0.3930881488863,0.1681306846837,0.3526374314102,0.8324045580828,0.5120862893267,0.3449024592766,0.5109045923613,0.3703103488560,-0.0372455744185,0.3415401435487,0.2801313925492,0.3733886428746,0.0319506523139,0.3289169284484,-0.1317613456848,-0.1603500369037,0.0060370466957,0.2729553515075
0.0147658315905,0.6407597294073,0.3031491032019,0.4790310237188,0.5649558362453,-0.3760380251653,-0.3667366468687,0.1742726146107,-0.5825486658876,0.3051237238884,0.3961746783613,-0.4887064113732,0.4133349647851,-0.1319501750649,-0.5032549107226,-0.0944732475637,0.7622070163223,0.4844719538498,-0.4583821430771,-0.0476692348563,0.4067539770494,1.0000000000000,0.8741954956537,0.8566252245878,0.5697034300011,-0.4084650193364,-0.0959331648228,0.4557385370338,0.6488084705805,-0.0385802342342,0.7847166190168,0.0951602316343,-0.1806194582887,0.1184552723016,0.1756187056977,0.0059226583509,0.6061768789631,-0.2220182175475,0.3132783338142,0.6349504283305,-0.3428771911565,-0.4231753179274,-0.0455419997581,-0.5006339150162,0.2801943613931,0.5160113488531,-0.2148911779880,0.2196142986717,-0.2408821673587,-0.5281457622729,-0.2315447505038,0.7501629882995,0.4901751594870,-0.1993492695070,0.1745161651008,0.4663027826657,0.8209989032225,0.8524630850236,0.7790677884030,0.5135150271709,-0.2560441903297,0.2097579847062,0.3867375963531,0.6860473394157,0.2143221823990,0.6232164782809,0.0193239554633,-0.0283236496384,0.2808994429525,0.2460184675878
0.0368802958886,0.6823229355795,0.3341878852282,0.6072653639756,0.6082320578460,-0.3597201767772,-0.4059412619422,0.2843525826677,-0.5363240110150,0.4211094127729,0.3640365123365,-0.4925657496295,0.2779006344532,-0.2008927079872,-0.4785532625377,-0.1574256799193,0.7262685189594,0.4659039622624,-0.4004928129926,-0.0890506101909,0.3965015825972,0.8741954956537,1.0000000000000,0.7901847926733,0.6784647708300,-0.3505255649835,-0.0563830718757,0.4760145080526,0.6757365505573,-0.1125716281801,0.8133051172136,0.0723128511705,-0.1679546424301,0.0818391484429,0.1028901222789,0.0482388005642,0.6271806264426,-0.2043854329762,0.4365831880126,0.6576429358049,-0.3290592305373,-0.4417647460621,0.0768404286792,-0.4891202536860,0.4396164769105,0.4498821803717,-0.2683906996406,0.1336398210362,-0.2601253065125,-0.5220365670046,-0.2612852692902,0.7113347696445,0.4707366591095,-0.2031066440982,0.1257177734486,0.4567276231027,0.7177794967708,0.9493046139666,0.6971986498709,0.6441726452630,-0.2489291090953,0.1877170860225,0.3950365264185,0.6782205094107,0.0632403621818,0.6642607835408,0.0013588923913,-0.0624346298613,0.1816148458674,0.2000696218463
-0.0197132141977,0.6531562975008,0.6400564703889,0.5039242700759,0.4155528873009,-0.3570607332861,-0.3800125929185,-0.0340227268193,-0.4929699469355,0.2791574951732,0.2694628820354,-0.4925635653563,0.3281941229483,-0.2967838233150,-0.4629992475890,-0.0081668052919,0.8234300491793,0.6567370710127,-0.3139584742041,0.0691239334561,0.4679971391475,0.8566252245878,0.7901847926733,1.0000000000000,0.4627556641813,-0.4308547195085,0.0876676811656,0.7024631425197,0.5738558453306,-0.0684666866593,0.6750683979739,-0.2058296782793,-0.1400537338814,0.0527417601909,0.1388501364526,-0.1050105377142,0.6368986005155,0.0407862252615,0.3889265581558,0.4154418305129,-0.3253530458944,-0.4431817476933,-0.2542501207800,-0.3728531706666,0.2034557990178,0.3934138359105,-0.1521706660005,0.1179988387716,-0.2645024018433,-0.4820909403147,-0.2276254905285,0.8128030641305,0.6569860095094,-0.0519711041180,0.3646682657024,0.4363384685625,0.8838694581393,0.7676438836545,0.9250770144566,0.4292412086102,-0.2163612483299,0.3650670931532,0.6609698879915,0.5783803148878,0.1646075001617,0.5543145796700,-0.1852259680366,-0.0766657800058,0.1952860442479,0.2919525323054
0.1058733923724,0.3334632939508,0.2800967042953,0.5060816292056,0.5144212667875,-0.2864609336424,-0.4068253531398,0.4614213347942,-0.4104054553670,0.6313498281823,0.2628034875309,-0.3044731170181,0.0886586239554,-0.0514341255321,-0.3014269623613,-0.1787880395905,0.5492832453965,0.1892545489121,-0.2920796316179,-0.2686902170064,0.3328870477878,0.5697034300011,0.6784647708300,0.4627556641813,1.0000000000000,-0.1469733522479,-0.0081328947897,0.4065332126938,0.7362723987298,-0.1890153473287,0.6283335373164,0.1215998802937,-0.1471354750186,0.0202529826401,-0.1022736441474,0.0756441508136,0.3045345339935,-0.1476521101608,0.4206810305469,0.6012263913111,-0.2708117667008,-0.3888505534821,0.3435707431267,-0.3907496637138,0.6399657395286,0.3228406919867,-0.2115008651568,0.0094034678026,-0.1010459292585,-0.3425226606971,-0.1956276625979,0.5353674080777,0.1665800744193,-0.1832121462908,-0.0109416870159,0.3514679212402,0.4520185250938,0.6237132556288,0.3586411181407,0.9074208938360,-0.1095711742893,0.0666645694905,0.3098224703580,0.7422715008049,-0.1709177346154,0.5179936358801,0.0186072363746,-0.0950878736935,0.0208412806900,0.0064185716461
0.2998821430828,-0.0244127459865,-0.2591450919943,-0.0756305014987,-0.1268321595820,0.0247490302547,-0.0517136276053,0.2973288256231,0.0674518875116,-0.0211984210231,-0.3877486610110,0.5122855699097,-0.2313614172213,0.4403114095913,0.2259233354641,0.0332608086130,-0.3796951202179,-0.1350209578216,0.2404342927868,0.3084377410649,-0.1934850535553,-0.4084650193364,-0.3505255649835,-0.4308547195085,-0.1469733522479,1.0000000000000,0.1663156699085,-0.2899506644043,-0.2541624107293,0.2020785443831,-0.2382649275215,0.1958945338953,-0.0669854665070,0.0922457012082,0.2584933924293,0.3580647804468,-0.0738012242897,-0.1114606926017,0.1033922531930,-0.1426929662652,-0.0078646903618,0.0681841038511,0.3317659588341,-0.0501661307522,-0.1134253322067,-0.4924133143272,0.3153632554499,-0.0762207101432,0.3145748117476,0.1599140974437,0.0029086430839,-0.3782894657914,-0.2877921830635,0.0083485938973,-0.0804188653791,-0.2239323911686,-0.4691158137979,-0.3475427680480,-0.4405230217074,-0.1011380985916,0.8099353796915,-0.0594339142427,-0.3467171536454,-0.3031891284958,0.0463420865012,-0.2060599463916,0.1441769251035,-0.0940273643779,0.0654540011766,0.1589856316091
-0.0087317384664,0.1404439290418,0.3824380727440,0.2318966292126,-0.1711619810518,0.1276966437110,0.0115296824307,-0.2822821314161,0.0976988336666,0.0918989682407,-0.0665926968473,0.2133987393315,-0.0647793663263,0.0991558327183,0.1135953706237,0.1442454412793,-0.0665422203084,0.2827968905582,0.4073740028017,0.3188703994900,0.1512430791636,-0.0959331648228,-0.0563830718757,0.0876676811656,-0.0081328947897,0.1663156699085,1.0000000000000,0.5573171773565,-0.1705723193385,0.0002359950094,-0.0583264464830,-0.2205543968395,0.1052043541991,0.0113688845701,0.1263075650595,-0.1824173723704,0.2011197414007,0.3442514128687,0.3479054122683,-0.2305823237104,0.0566784939551,-0.0338654096921,-0.2854757132738,0.1367470485290,0.1345979977372,-0.0622779708467,0.2345099541764,-0.1266575340655,0.2352613784004,0.0938291695294,0.0476290525942,-0.0512224778526,0.3265217844511,0.4647102858888,0.4588711587218,0.0926839727462,0.0522454744107,-0.0877578995228,0.0853088562628,0.0032442143717,0.2559422690520,0.6790956783564,0.5547778779214,-0.0640216752147,-0.0380543052673,-0.0844919189825,-0.1011752443734,-0.1211251369337,-0.0652862341713,0.2345233034625
-0.0929914617282,0.4377794195323,0.7286011816360,0.4341767793837,0.1001915197532,-0.1282168377424,-0.2501708942138,-0.2268484878850,-0.1920392691980,0.2486291835518,0.2132423767436,-0.2905406271698,0.0072899332481,-0.2501492590877,-0.1443779221250,0.0769478421306,0.5737296457525,0.4756858712138,-0.0393130023224,-0.0348854768678,0.2966779017987,0.4557385370338,0.4760145080526,0.7024631425197,0.4065332126938,-0.2899506644043,0.5573171773565,1.0000000000000,0.3545829223257,-0.1140128125093,0.3983903777528,-0.3647314175159,0.0149434186990,0.0155795611629,-0.0102691712175,-0.2533333432958,0.4935820160468,0.2668896301617,0.4759320416161,0.0617051779446,-0.1289721718725,-0.3714813260073,-0.3439888051343,-0.0534255446910,0.2311805244646,0.2460271480602,-0.0313676681282,-0.1847724061433,-0.1353918856808,-0.1655538248949,-0.0870352024936,0.5908420802679,0.5480252442667,0.1824647857127,0.4035110691760,0.2948485207990,0.6310392667015,0.4604576456302,0.6487530035765,0.3290513415466,-0.0300780047536,0.5214252427868,0.9571198506492,0.3973857874168,-0.0347963503472,0.3351874159600,-0.3577447013570,-0.0739113157722,0.0112011428892,0.2334666811774
0.0447765112839,0.3185535573758,0.1653874062511,0.3651540518417,0.6010417694825,-0.4073930437929,-0.5351960080465,0.4596022283844,-0.5078791335709,0.2714053054079,0.4676259898544,-0.3735704448674,0.0658722381014,-0.1562240092570,-0.4596540004100,-0.1967731379234,0.6060936416897,0.2052888424114,-0.3374138513509,-0.3026457373373,0.3308161191399,0.6488084705805,0.6757365505573,0.5738558453306,0.7362723987298,-0.2541624107293,-0.1705723193385,0.3545829223257,1.0000000000000,-0.2594337484915,0.6358202554825,0.1659562254693,-0.2813559929270,-0.0656608436693,-0.1983944319964,0.0900693916091,0.2930520025024,-0.2435163725430,0.2792736283620,0.6551162648112,-0.3436669515510,-0.5505812590901,0.3797960960447,-0.4423849693611,0.2512241763775,0.4624017426787,-0.2201989256513,-0.0457209087722,-0.1928611134504,-0.4339601180656,-0.2689517746886,0.5941700521520,0.2387810664601,-0.2519072183222,-0.0547633705659,0.3157569356942,0.5806358462987,0.6528529439103,0.4922193666161,0.6651544020608,-0.2001090436879,0.0519316248954,0.2791136456766,0.8755756403133,-0.1875306008182,0.6055030222077,0.0585404975501,-0.1215942114951,0.0611859758417,-0.0663051751421
0.2848115655751,0.1053566835026,-0.0601622811224,0.1242883133686,-0.2293493096228,0.2390705106519,0.3531273803492,-0.1990139109454,0.2710863058349,-0.1250581107421,-0.0069130735908,0.3374672551736,0.1675258196627,0.3320495884539,0.5037054988571,0.5126348786716,-0.1597765951952,0.1084092247845,0.1841262799558,0.4342540823171,-0.1627357084584,-0.0385802342342,-0.1125716281801,-0.0684666866593,-0.1890153473287,0.2020785443831,0.0002359950094,-0.1140128125093,-0.2594337484915,1.0000000000000,0.0339178415521,-0.1200448577990,0.2785760832604,0.6561296443303,0.5827452246240,0.1896658292678,0.0108708766764,-0.0309854550899,0.1741905884666,-0.1790306586497,0.2141888514597,0.2919398339503,-0.2483493008831,0.2572531515275,-0.0838642894432,-0.0973818750650,0.2803063831307,0.1540933126004,0.2524980564479,0.3957687872547,0.4624460240060,-0.1523490569311,0.1536912904332,0.1725937434129,0.2609875387625,-0.0641901319301,-0.1264803021566,-0.1469072531876,-0.0923593031100,-0.2304818627200,0.2454987453637,-0.0120810777520,-0.0942456189054,-0.2382780672775,0.7021853044070,-0.1353314093684,-0.0475268204456,0.1998877617567,0.3194583188120,0.4398771956129
0.1809511436992,0.6468675742042,0.3251240397971,0.5353160063835,0.4795278735237,-0.2595197374645,-0.3709098578416,0.3562009146092,-0.4448086775162,0.3043308305023,0.2544024362601,-0.3738839712182,0.2877780954342,-0.1070795859328,-0.3845535075090,-0.1273560872743,0.6212725708318,0.4541440872311,-0.3136102410430,0.0294634467546,0.3917439373968,0.7847166190168,0.8133051172136,0.6750683979739,0.6283335373164,-0.2382649275215,-0.0583264464830,0.3983903777528,0.6358202554825,0.0339178415521,1.0000000000000,0.1265014213052,-0.1431784707076,0.1807968880320,0.2127207911304,0.2043951173422,0.5777138326930,-0.1652717393452,0.3613151797823,0.5833648513434,-0.2519851708734,-0.3685479036629,0.1674596592060,-0.4408350398587,0.3770252686970,0.3199299215326,-0.2135928708942,0.1925403703714,-0.1791364723510,-0.3776565455995,-0.2168514264927,0.6004699733376,0.4507278993603,-0.1816088181360,0.1203495460780,0.4173005184440,0.5553556836628,0.7776973310205,0.5537762529735,0.6023011548374,-0.1760074951902,0.1391987647576,0.3225283717633,0.6161818911339,0.1451249518564,0.7850866149563,0.0944632192600,-0.0697012878768,0.2327881180223,0.2294888299635
0.0130151722023,0.0183676312638,-0.4789795210100,-0.0940049842000,0.1426177075251,-0.1501131141368,-0.3284107032089,0.6552049787360,-0.3535367780365,0.0218910119056,0.0627124410859,-0.0135229407185,-0.0863649679424,0.4156063873697,-0.2390011286143,-0.4184437008706,-0.1206517480329,-0.1168550773857,-0.1390889996641,-0.0798857283945,-0.2925367692794,0.0951602316343,0.0723128511705,-0.2058296782793,0.1215998802937,0.1958945338953,-0.2205543968395,-0.3647314175159,0.1659562254693,-0.1200448577990,0.1265014213052,1.0000000000000,-0.2912470492257,-0.1069753624732,-0.0526977291074,0.2517561850033,-0.1061846708632,-0.4613481646921,-0.1977426906859,0.2704370625810,-0.1636501512835,-0.2148317533950,0.6368414598924,-0.4148209909011,0.0341173133099,0.0089448307375,-0.1215875639747,0.0387570463253,0.1098807363869,-0.2291502047009,-0.2100047810621,-0.1108921531737,-0.3083243462196,-0.3389943147387,-0.3905057454832,-0.3209053902030,-0.2031853428290,0.1143775520845,-0.2883271333416,0.0597151731266,-0.1046714200177,-0.2883062727455,-0.4102144198949,0.0406373470538,-0.0215565420112,0.1799159366815,0.7432150519930,0.0328866423801,0.0584024748087,-0.2703527662750
-0.0106436311705,-0.1448460302117,0.0552188577072,-0.0122271505097,-0.1277637256289,0.7738520216600,0.5812069009209,-0.4116669667442,0.4851368622581,-0.0363960873900,-0.1906169045966,0.2198110448868,0.0039917343692,-0.0341947843252,0.4202505737949,0.2838960925390,-0.0186402605917,-0.1389678514140,0.0998008071497,0.0437070637121,-0.0374497897240,-0.1806194582887,-0.1679546424301,-0.1400537338814,-0.1471354750186,-0.0669854665070,0.1052043541991,0.0149434186990,-0.2813559929270,0.2785760832604,-0.1431784707076,-0.2912470492257,1.0000000000000,0.3533460633676,0.3813406692489,-0.1161225044620,-0.0945478157120,0.1958468609371,0.0147835284855,-0.1963337849532,0.7473961353847,0.5843867775749,-0.3912620426052,0.5260686343369,-0.0708518276615,-0.2381026122177,0.0854139626854,-0.0563282163722,0.0697013946167,0.5392316968839,0.4920041283141,-0.0073328833204,-0.0584705205568,0.0611372096392,-0.0009042086315,0.0215675164113,-0.0955159785698,-0.1989199080945,-0.0821420619113,-0.1070389502236,-0.0274242475336,-0.0839946043132,0.0382269163286,-0.2036437277297,0.3370035964092,-0.2113200926097,-0.1631318301618,0.8174010763653,0.1649725385476,0.3809266893669
0.3773104998773,0.2343901402899,0.0114022402073,0.2952350082547,-0.0390345695872,0.2681579005436,0.3156202083737,-0.1098706336073,0.2233495808702,0.1123246894434,0.0732593831535,0.0717838975133,0.1351689315358,0.0830279060719,0.3804667300213,0.4384791094753,-0.0214699302890,0.1819771054954,-0.0042222719791,0.2954971404073,-0.0182238398615,0.1184552723016,0.0818391484429,0.0527417601909,0.0202529826401,0.0922457012082,0.0113688845701,0.0155795611629,-0.0656608436693,0.6561296443303,0.1807968880320,-0.1069753624732,0.3533460633676,1.0000000000000,0.4806368772636,0.3065022565251,0.1910332655658,-0.0219101813211,0.3017065144760,-0.0254390935537,0.2767594357780,0.2461924686332,-0.1827163051985,0.2199683642612,0.1157445909632,-0.0020567285984,0.0640329528229,0.0824202358385,0.0479396586577,0.2710520535908,0.4505425110596,-0.0132391913120,0.2274651720055,-0.0365644810407,0.1726723331211,0.1092368821970,-0.0092753583411,0.0624205834702,0.0146401753399,-0.0510968642491,0.0873423711449,-0.0470178594317,0.0032869641495,-0.0990314848011,0.4820493621368,0.0176575729347,-0.1046103835708,0.2971863135558,0.5314280953136,0.4580633958465
