1.0000000000000,0.5246846608193,0.1273295718292,0.5108367227210,0.3658707237861,0.1960923698726,0.4345618346872,0.1797158493484,0.5099287064961,-0.0471688231255,0.4347982077425,0.5142236413515,0.2931877174090,0.2094374830191,0.5940488971633,0.1742112356555,0.3080814123620,0.5736968041295,0.2140241265105,0.4382801640361,0.3097289452337,0.3961324734182,0.4740072273270,0.4986407172633,0.2865344099504,0.3947884803534,0.4022653637049,0.3356718875779,0.4678612153435,0.6792735723515,0.6428150221286,-0.0789476401053,0.0125234107427,0.4530842618397,0.5452933782362,0.3850695508495,0.2732516746496,-0.3008430166587,0.4720166348804,0.0522109613569,-0.0404972010390,-0.0399172931232,-0.2214429344411,0.0402549549170,-0.1445590052602,0.2185438882341,0.2801255263681,0.0334529078110,-0.0417835583235,0.0702153931168,-0.1007118787134,0.2809873170153,0.1844896777373,-0.1223788387229,0.1644437588259,0.2251039297883,0.0683734067830,0.3303188171627,0.2379926953391,0.2236253101324,0.2110137237769,0.2952290824375,0.2814205162941,0.4037193062702,0.2915012211379,0.2008728719931,0.0782290160155,-0.0511636583765,0.1336059635755,0.5135589913417
0.5246846608193,1.0000000000000,0.2035528719370,0.6975270031118,0.2968493020307,0.0661747024286,0.1765588269236,0.2246977403943,0.2414357769515,0.2133365969921,0.2429166143954,0.4119911300623,0.1778486455641,0.2396143906051,0.3704421952213,0.2594290389196,0.1956822786219,0.4912929228678,0.1568996269706,0.2770536468569,0.1286926345807,0.3457677863658,0.5824904580664,0.4615812736321,0.4432099265108,0.5863987671738,0.3830658431949,0.4646769343053,0.4008720100185,0.4686292869131,0.5650816297032,-0.1231160451181,0.1823356591594,0.3912424676540,0.5448499425155,0.0705449589870,0.7305173264851,-0.3649225738100,0.6840246209724,0.0699609123289,-0.0176825787232,0.0177956869731,-0.1895203871553,-0.1967910644489,0.1320180486481,0.0653630327325,0.1520357929545,-0.0042855640687,-0.0428357485663,-0.1449278792909,0.0802108940620,0.1190367879266,0.2056182294216,-0.1545827426122,0.1143012658950,0.1377662171712,0.0155330291059,0.4883499818824,0.1106450541668,0.3991928370929,0.3277257634358,0.2690198800604,0.3656630533765,0.2930984688046,0.1579300820232,0.0447881815751,0.1471174251779,0.0996064617688,0.0671752307852,0.5870389583184
0.1273295718292,0.2035528719370,1.0000000000000,0.4754887200459,0.2022400851581,0.1399505625538,0.0504709312146,0.6487069600421,0.2021757419817,0.1749149695251,0.1130908695347,0.4791966177177,0.2277633583210,0.3901603264667,0.1737763855874,0.1270726517731,0.1990880488983,0.5969732506252,0.4776802991560,0.6237828890909,0.1356437144847,0.2364970839609,0.2698454447270,0.3343989117104,0.3005858381714,0.4709118456455,0.6435622640969,0.7388319376808,0.3154223109957,0.0092267811465,0.4887155118931,0.0434267801827,0.0234496813076,0.1535401657073,0.2206605925057,0.1000247213213,-0.0325361921136,0.3801166670404,0.2697994818944,0.0393629807413,0.0682593404484,-0.0814640611904,0.2792679516289,-0.0396661226134,0.1238444098860,-0.0207929908702,0.1899125750787,0.0729823092636,0.0223044307662,-0.0158497933492,0.0720706789635,0.2108992134319,0.2066927126491,0.0550076863612,0.1648570600660,0.1752875296298,-0.0365096494817,0.0611466544898,-0.0541570824905,0.1675209276292,0.2256254355631,0.2689267159203,0.5447715008584,0.0601087797981,-0.2245972732082,-0.3339620634126,0.2052197020077,0.1287104740617,-0.0522202952491,0.1373014707649
0.5108367227210,0.6975270031118,0.4754887200459,1.0000000000000,0.4023219378483,0.2116178513421,0.2719983097946,0.4411436828170,0.3723750029794,0.4759413630071,0.3010543820463,0.5376070824013,0.3274785174854,0.4584371840631,0.4886002755706,0.3908908374496,0.1804646849896,0.5555736730414,0.3183022918152,0.3949770894130,0.2596453236256,0.3053420266361,0.5959839533596,0.3638386201822,0.5965934575495,0.7124121924781,0.4807783445370,0.5319338979639,0.4575274899144,0.4381038430627,0.5925870050036,0.0182890074249,0.0778179176797,0.4334928115690,0.4198590473110,0.1015786100874,0.4252921343213,-0.1952525241484,0.8241835326035,0.1975210975028,0.1350378734653,0.1633380772163,0.0625445419872,-0.0057176843738,0.4155721637577,0.1448968072623,0.2499287706344,0.1482147523491,0.0888458066528,0.0139773537301,0.2170409661133,0.1308382743729,0.1460145613452,-0.1084320955053,0.0466162697326,0.2922069603626,-0.1237224348151,0.4673111345188,-0.1395922097399,0.6280570124212,0.3359728221422,0.2149143940229,0.4559213484998,0.2726162139204,0.0054587538969,-0.2531029577355,0.2892405985965,0.2035584891258,0.0367785225453,0.4554069866330
0.3658707237861,0.2968493020307,0.2022400851581,0.4023219378483,1.0000000000000,0.0628907797430,0.4774082112667,0.2767520686770,0.3044307616090,0.2929593385252,0.5168829435140,0.3050980479748,0.7076309495369,0.3278803034367,0.4762689886238,0.3509519877954,0.3591031088675,0.3176813177285,0.4195982431451,0.3876096524148,0.5263789483352,0.6329728792086,0.2734149594564,0.4935583220317,0.4309006794946,0.3780865889073,0.2083797944912,0.2955884386665,0.6735146557155,0.4100405949877,0.3142331732930,-0.1684229193361,0.0123699614154,0.4433173678265,0.2749592398529,0.2152444020636,0.0788298693302,-0.1076380229887,0.3910142139485,0.8017017753343,0.0025647020134,0.0925915109847,-0.0866019788492,-0.0456460424234,0.2032724003577,0.4930921639104,0.1312732832962,0.5807938408081,0.0798185228451,0.2413033222739,0.3199900411651,0.3929848690970,0.2628640668793,0.0767361664653,0.1903635609017,0.6032868016516,0.3788409180803,0.2114553161142,0.2237069951618,0.3775224552487,0.2123007069390,0.0609604348091,0.3432972649571,0.4928928237439,0.1956609815785,-0.2377357732127,0.2100704083971,0.0648629531804,0.2704388480259,0.3042509406001
0.1960923698726,0.0661747024286,0.1399505625538,0.2116178513421,0.0628907797430,1.0000000000000,0.5187934831086,-0.0156001588019,0.6003903576999,0.2374187841329,0.3141117098242,0.2182544269961,0.0607680481517,0.3310824478092,0.3864645594715,0.3835357719167,0.0817332064210,0.1320180367735,0.1385376028278,0.1031007902850,-0.1021360304093,0.1175403044578,0.0378774083924,0.1000938294352,0.0743692866179,0.2583776251914,0.1345069985033,0.0953950880704,-0.0289477068310,0.1246800942443,0.0700015975196,0.0139465228866,0.4553567461755,0.2319768124993,0.2849984784438,0.0470709205858,-0.0940246606273,-0.1655071574437,0.1982956833139,0.1458743118634,0.7164776803776,0.3506193379861,-0.2001259436843,0.6261260210996,0.2810415357398,0.3196889273103,0.2483757876697,-0.0215922205156,0.2462126973467,0.2822897517848,0.2278023525412,0.0409642253060,-0.0519304527692,0.0944713552754,-0.0947822241608,-0.1048896838060,-0.0239153027805,-0.0323871098827,-0.0930116131211,0.2029323210019,0.1633923948308,-0.0574815322374,0.0496941386776,-0.1142213959367,0.0968385007141,-0.2151297906065,0.0078063149762,0.3210559032947,0.0305221990807,0.3000580263769
0.4345618346872,0.1765588269236,0.0504709312146,0.2719983097946,0.4774082112667,0.5187934831086,1.0000000000000,0.0398990623662,0.7356282648412,0.2450970645050,0.7107265403989,0.2514401611038,0.6483541995459,0.2742831893923,0.6682483412748,0.4452949775023,0.2381069550612,0.2212657488358,0.2501148461425,0.1531496791411,0.2939997617539,0.4242995304019,0.0864087911620,0.3110818338326,0.1751484279665,0.2263603225811,0.1412967071148,0.1161042031641,0.3568031745547,0.4699375466239,0.1485627738154,-0.0699698740062,0.3615753592143,0.4322636104368,0.2045484240836,0.1093656902233,-0.0384286167364,-0.3013247238138,0.2527888070310,0.4674837937621,0.3432582052457,0.5025602158277,-0.4132935908984,0.4507705402357,0.2040632616714,0.7359518607479,0.2992614113096,0.4851901471409,0.1812694521761,0.4415417804912,0.2855765270226,0.2110536962293,0.0031858890157,-0.0013519337109,-0.1522338896947,0.2454262433400,0.2170720937672,-0.0159668783012,0.0502079362783,0.1858328764724,0.0988564681716,-0.0251237719158,0.1196458372088,0.1660593404049,0.2895966411369,-0.2892954342141,0.1826596434916,0.2723843478719,0.1969204451085,0.2240197696656
0.1797158493484,0.2246977403943,0.6487069600421,0.4411436828170,0.2767520686770,-0.0156001588019,0.0398990623662,1.0000000000000,0.2299566584842,0.3551451176686,0.1957412146810,0.3837511498235,0.2664315848683,0.2739707898711,0.2051525240625,0.1151643823920,0.0552584954725,0.5199915682156,0.3984484995954,0.5628536394788,0.2534231295881,0.0986311943125,0.2767309928134,0.1670815834347,0.5911232623028,0.4372763126053,0.6075401307764,0.5317478416855,0.4301540815838,0.0268657261336,0.5894388824554,0.0362659639208,0.0274669137651,0.1187182729745,0.2503765871151,-0.0461553201978,0.0253338515972,0.1827270936127,0.3736203450239,0.0749561472338,-0.1177425469777,-0.1022889721176,0.4767448015309,-0.1072327132665,0.2392157225136,-0.0244080352447,0.0607341436534,0.1397901508061,-0.0455843084475,-0.1265993793741,0.1868985837058,0.0530645784623,0.2421076312537,-0.0654062205467,0.1940906261925,0.2133346315679,-0.1432192239518,0.0473022898584,-0.1617166877520,0.3173838877655,0.2949967267869,0.3233419498701,0.3918612889640,0.2078510081048,-0.2762982006055,-0.1919317738138,0.1725075663682,0.0086174855197,-0.0724488261061,0.1282574223642
0.5099287064961,0.2414357769515,0.2021757419817,0.3723750029794,0.3044307616090,0.6003903576999,0.7356282648412,0.2299566584842,1.0000000000000,0.1598974432226,0.6141914635912,0.4851761716159,0.3642353146311,0.3889318697517,0.7528088521496,0.3665127604323,0.1602624349909,0.3435721676167,0.3692389865519,0.3132252231725,0.0699096071512,0.2581179551700,0.1456663846486,0.2452283919065,0.1412080676359,0.4109337036956,0.3180181056013,0.2494802467016,0.2085563221925,0.3848844181446,0.3312795306565,-0.0845716493072,0.3786021675097,0.4126681750749,0.3294877451355,0.0873864199313,-0.0474637931294,-0.2896963019576,0.3965548937382,0.1679243493359,0.3004354110128,0.3306188067024,-0.2721153214850,0.5301847400091,0.1315117460937,0.4595049157015,0.4010654461448,0.0879722530286,0.1415136702544,0.3062610233261,0.1411002099157,0.0976303526077,0.0537218148734,0.0455499632855,0.0094171326611,-0.0124562838837,-0.0461891535650,-0.0788447775451,-0.1120050264046,0.1430688571573,0.2597766215315,0.1386140746372,0.1996429073482,0.0170787353822,0.1380724581824,-0.2661474429890,0.1644794622962,0.1385379003878,0.0646763210501,0.3077135661590
-0.0471688231255,0.2133365969921,0.1749149695251,0.4759413630071,0.2929593385252,0.2374187841329,0.2450970645050,0.3551451176686,0.1598974432226,1.0000000000000,0.1290867135153,0.2194589137756,0.2709135142398,0.5211219598625,0.2322969193227,0.5943535369102,0.0033756358043,0.0061239872838,0.0899639359173,-0.0049323716041,0.1207356219566,0.0965570288086,0.1919668041762,-0.0172913718986,0.5632058497877,0.5068629050061,0.0243187002514,0.2108989624248,0.0585976062019,0.0580098917405,0.0048643568824,0.1118862982645,0.3536369157589,0.2063772092418,0.1190414036476,-0.2325776610406,0.1361768876057,-0.1413557363259,0.5307934906759,0.3868878512728,0.2872021238893,0.3214159727620,0.2188399243158,0.0857068302338,0.8747368601754,0.1164447543307,0.1426646323790,0.2779754705073,0.4391486467434,0.0428372099782,0.5942473268172,-0.0235647473710,-0.0623434831238,-0.1059663960716,-0.2209997226976,0.1654342008828,-0.0125538093070,0.2176952730162,-0.2574470498365,0.7317395883274,0.4074179749410,-0.1308588536771,0.2411657166222,-0.0624946823593,-0.0738556123057,-0.4422947407192,0.3652438273281,0.3666518697372,0.0117580160131,0.1508887714862
0.4347982077425,0.2429166143954,0.1130908695347,0.3010543820463,0.5168829435140,0.3141117098242,0.7107265403989,0.1957412146810,0.6141914635912,0.1290867135153,1.0000000000000,0.3017367506164,0.6553367684300,0.2225375254439,0.6014003317048,0.2589731512228,0.1814627846102,0.2897207423718,0.3436096028200,0.2607737451514,0.4059412857081,0.4288649605814,0.1530755209049,0.3438105188764,0.2898626410320,0.3542792877240,0.3374351223874,0.2707019134245,0.5005654089589,0.4394634855210,0.2552079955116,-0.1808846938919,0.1349308226752,0.4000548950508,0.2270550689823,0.1177569678500,0.0201477576874,-0.2065414076668,0.2621493690195,0.3692392799507,0.0229508233598,0.1423431524138,-0.3580044957724,0.2740839746612,0.0163926362541,0.7506566031056,0.2430251426910,0.4241295064500,0.1067833619684,0.2817346720979,0.0472725920484,0.1323430217627,0.0487587163163,-0.0033086810195,-0.0309862325491,0.3319716849970,0.1520149888276,0.0158060988944,0.0570092015372,0.1720734229901,0.2285161611459,0.1604096995768,0.2243511414726,0.3166726584164,0.1086317699609,-0.2751789972231,0.1578622643173,-0.0136107768891,0.1184457970296,0.1516996935852
0.5142236413515,0.4119911300623,0.4791966177177,0.5376070824013,0.3050980479748,0.2182544269961,0.2514401611038,0.3837511498235,0.4851761716159,0.2194589137756,0.3017367506164,1.0000000000000,0.2598456224754,0.5898234414273,0.6179071428597,0.3425193074334,0.0975313039657,0.4619451569288,0.6320197193145,0.5294625969614,0.1845683085364,0.2212979819916,0.3131074114844,0.2513496603590,0.2943518976927,0.6516779023160,0.5264042890652,0.6098990524634,0.2073489473573,0.3411902211573,0.4316677042464,-0.0154812350002,0.1447695294923,0.3018053861488,0.4145999587754,0.1043239859760,0.2146681051733,-0.0546710290576,0.5777404611656,0.0437054173083,-0.0175005003742,-0.0456444272818,0.0119371280833,0.0206946894861,0.0836713276094,0.0514949191774,0.6091820703829,0.0297620687266,0.2701836046628,0.0682188503568,0.0809907915723,0.1150743511512,0.1841645268975,0.2170096167101,0.2688583455253,0.1508507355734,-0.0839607545586,0.1970557071707,-0.1326589929143,0.2673803774205,0.4867207889192,0.3445430636138,0.4989984294572,0.0863957384257,-0.0347351885145,-0.2338535321130,0.2400803264975,0.0268919410306,-0.0069809016986,0.2862100612000
0.2931877174090,0.1778486455641,0.2277633583210,0.3274785174854,0.7076309495369,0.0607680481517,0.6483541995459,0.2664315848683,0.3642353146311,0.2709135142398,0.6553367684300,0.2598456224754,1.0000000000000,0.1756575468164,0.4745281355206,0.2849097463256,0.2460257829643,0.3174617100128,0.3735372729973,0.3068019474789,0.7223466720282,0.4462554998995,0.1781406595723,0.3077597259812,0.4092299606566,0.2302809879226,0.3129063296049,0.2293025718076,0.5835757793183,0.3627031954208,0.2668993689249,0.0199971727028,0.0579516848737,0.3370136464154,0.1254183697419,0.2138504674131,-0.0285479711237,-0.1065484279950,0.2554834782229,0.5569467760094,-0.0105780788160,0.2946082298192,-0.1308180837441,0.0595456413253,0.1378523466312,0.6902262880667,0.1369511364026,0.8727875319477,-0.0156487518816,0.3279814717376,0.3094999619322,0.2399551500104,0.1538734736115,-0.0445538723764,-0.0046902373535,0.7243449808955,0.2180703071337,0.0875292053825,0.0674730201660,0.2443492900486,0.0166561585557,0.0387928221406,0.2036315387014,0.3680078240486,0.1199822725546,-0.2551979430779,0.2632843095434,0.1440583530363,0.1256086767205,0.1316409454554
0.2094374830191,0.2396143906051,0.3901603264667,0.4584371840631,0.3278803034367,0.3310824478092,0.2742831893923,0.2739707898711,0.3889318697517,0.5211219598625,0.2225375254439,0.5898234414273,0.1756575468164,1.0000000000000,0.5103829110474,0.5108273763176,0.2055325842923,0.2090099810936,0.4677530911291,0.2969860886684,-0.0180080417977,0.3978849314344,0.1626253515348,0.3345613733456,0.1819950829092,0.6344670259362,0.1458891999059,0.5135858549618,0.1299175664634,0.2021594726478,0.1425275087058,0.0333536017626,0.3513864179563,0.2570353224873,0.1829902047121,-0.0436031892394,0.0388959907045,-0.0132804679050,0.4655834943034,0.3079950085410,0.2901051893949,0.1090063125233,0.0911092728246,0.1879375511703,0.4285292074988,0.1118409245379,0.5978831514203,0.0298350016071,0.7306346413019,0.2691911435762,0.3379492275398,0.1932294815877,0.0186324723363,0.2821947704780,0.0537647120488,0.0255035253009,0.2123377005202,0.0874547821926,-0.0004854582750,0.3683883235256,0.5321376042890,0.0964765180343,0.5464076721149,0.0178172484276,0.0383731584799,-0.4378223395565,0.4326304637677,0.3697260985725,0.0190484087667,0.2627274382988
0.5940488971633,0.3704421952213,0.1737763855874,0.4886002755706,0.4762689886238,0.3864645594715,0.6682483412748,0.2051525240625,0.7528088521496,0.2322969193227,0.6014003317048,0.6179071428597,0.4745281355206,0.5103829110474,1.0000000000000,0.3528966408563,0.2099875495183,0.3427086912901,0.5130788645424,0.3244945285270,0.2048096369246,0.3746102953324,0.2513524983881,0.2987923750255,0.2364659301263,0.4558216201636,0.2829124654954,0.3144511026973,0.3104376378426,0.6599996664124,0.3539863058480,-0.0047340600367,0.2965992094316,0.4852096298403,0.2167034622980,0.1024287138380,0.0986962777061,-0.3342448383877,0.5393425306581,0.3056928340561,0.1535600800834,0.2899743882781,-0.2465324825468,0.2796614289589,0.1486380791637,0.4652520195612,0.4516270721139,0.2201041913640,0.2098035239825,0.4954451034603,0.1296557728104,0.1660339356943,0.0720869419490,0.0827086682070,0.0321937675425,0.1400310992903,0.0212646968496,0.1295293864826,-0.1121450489262,0.2716091019435,0.2453070791343,0.1446598551181,0.2829640842169,0.1323443579335,0.2829293899379,-0.3230526381297,0.2991079723032,0.1919078185514,0.1027842374838,0.2337893576534
0.1742112356555,0.2594290389196,0.1270726517731,0.3908908374496,0.3509519877954,0.3835357719167,0.4452949775023,0.1151643823920,0.3665127604323,0.5943535369102,0.2589731512228,0.3425193074334,0.2849097463256,0.5108273763176,0.3528966408563,1.0000000000000,0.1243174956849,0.0915079284545,0.1616856163387,0.0031329534417,0.0500821868838,0.3090777128155,0.1274725253882,0.2110072909663,0.2931272867973,0.4376154653043,0.0331943672625,0.2335230857178,0.1660747955880,0.2792826935335,0.0324161986858,-0.0607592958022,0.4674877360764,0.3060767666638,0.2084699386969,-0.0861804233781,0.1449581261299,-0.1297501638173,0.4600845185935,0.3758389737339,0.3542908471721,0.3034464207058,-0.0250890592932,0.2269518730968,0.5095051733799,0.2408804759471,0.3151321513121,0.2120552404238,0.3563850845649,0.1450979402071,0.6370684695572,0.1342463845394,0.0002377350590,0.0471203492785,-0.0831769799526,0.1214881999667,0.2161016622028,0.1343303378882,-0.0032958734911,0.4553084483310,0.3370343665278,-0.0166023161709,0.3057656843370,0.1299845313369,0.1820835473034,-0.2531324672382,0.1232217757668,0.4336087945123,0.0550541022555,0.3483685070453
0.3080814123620,0.1956822786219,0.1990880488983,0.1804646849896,0.3591031088675,0.0817332064210,0.2381069550612,0.0552584954725,0.1602624349909,0.0033756358043,0.1814627846102,0.0975313039657,0.2460257829643,0.2055325842923,0.2099875495183,0.1243174956849,1.0000000000000,0.3559925889667,0.2348097904653,0.3378359245266,0.0704987221858,0.7399731335133,0.3664902649350,0.6888401188172,0.0330696534195,0.1116921870052,0.1493754868617,0.2897306478792,0.4837846900469,0.2671871694149,0.3075096313961,-0.1011581365051,0.0134238946035,0.3026687187354,0.2514173882086,0.2261897444860,-0.0261387688892,0.0381891181017,0.0700088290346,0.2823386260896,0.0295626274353,-0.1188180926839,-0.1473560692067,-0.1402983515438,-0.0205420784479,0.1114971078746,-0.0922220999551,0.1400024512233,-0.0062828516895,0.0816685445308,0.0143538003803,0.8916863629729,0.1252181681365,-0.0747980295226,0.0386722387628,0.1310617204425,0.5872177376966,0.2854363780580,0.5775757374198,0.1216074161775,-0.0374445854047,-0.0390887239172,0.2609343263986,0.4305754384996,0.2079717092107,0.0017283139767,0.1333340684391,0.0387443480504,0.1987944423003,0.2484419676403
0.5736968041295,0.4912929228678,0.5969732506252,0.5555736730414,0.3176813177285,0.1320180367735,0.2212657488358,0.5199915682156,0.3435721676167,0.0061239872838,0.2897207423718,0.4619451569288,0.3174617100128,0.2090099810936,0.3427086912901,0.0915079284545,0.3559925889667,1.0000000000000,0.4228726561459,0.8331379286727,0.2630985268125,0.4336798994565,0.3359544920014,0.6350242603664,0.3078007312717,0.4268381819130,0.7034878865674,0.5673365858193,0.6036016007488,0.3436009120921,0.8298195102964,-0.1058410570473,0.1188470939145,0.2505142572039,0.5141780670554,0.2018360770905,0.1363634181738,0.0710490232079,0.4177461555252,-0.0445977357146,-0.0983966402658,-0.1871847251340,0.0341502070980,-0.1744244490763,-0.0935397782719,-0.0174389970512,0.0410953137483,0.0586434794777,-0.2585583410708,-0.1024797504027,-0.1210002736238,0.2787758409103,0.5678502339438,-0.1626048902123,0.3511860467796,0.2296279507432,0.0672086764433,0.0846807227802,0.2760571448257,0.1172750910225,0.1450385231710,0.3923005518462,0.4148163486931,0.4253920499464,-0.0491163216543,0.0795636117753,0.1300759461860,0.0510145755046,-0.1584374823359,0.4539328475502
0.2140241265105,0.1568996269706,0.4776802991560,0.3183022918152,0.4195982431451,0.1385376028278,0.2501148461425,0.3984484995954,0.3692389865519,0.0899639359173,0.3436096028200,0.6320197193145,0.3735372729973,0.4677530911291,0.5130788645424,0.1616856163387,0.2348097904653,0.4228726561459,1.0000000000000,0.6512928571861,0.1946344048180,0.3316319344881,0.1586026893639,0.2397176918081,0.0554889101596,0.3324902600444,0.3255093285792,0.4458276670437,0.2809544215624,0.1304201468771,0.3100536910201,-0.2086453886690,0.0535505667717,0.1905309710381,0.1783644040484,0.1468880788582,-0.0292865681674,0.1537698343013,0.3294510394827,0.2068749749222,-0.0597741376694,-0.0228194166566,0.0771639428000,0.0064152268922,-0.0037029035138,0.1679950676240,0.3770697437827,0.2062186468524,0.1445046067557,0.2932374714368,0.0311749978521,0.2581785782039,0.3882899308695,0.5141830901768,0.4731756048177,0.2034242202034,0.0719631988491,0.0531162830943,-0.0561748502774,0.0218641228485,0.1911297360324,0.1291730205382,0.3853037638522,0.0823159612661,-0.0485899920837,-0.4039588135089,0.1834596462327,-0.0403845268833,0.0388686163894,0.0730985268491
0.4382801640361,0.2770536468569,0.6237828890909,0.3949770894130,0.3876096524148,0.1031007902850,0.1531496791411,0.5628536394788,0.3132252231725,-0.0049323716041,0.2607737451514,0.5294625969614,0.3068019474789,0.2969860886684,0.3244945285270,0.0031329534417,0.3378359245266,0.8331379286727,0.6512928571861,1.0000000000000,0.2299875441820,0.4154683100084,0.2616187612932,0.5226034155318,0.1899941969715,0.4205097390174,0.6157479456590,0.5918249338507,0.4955054943455,0.1537751526084,0.6810631896299,-0.0853377298993,0.0433936371839,0.1338401688843,0.4487264732912,0.1815068795282,0.0061697991074,0.2383292417246,0.3297109994551,0.0377240682796,-0.1412868186380,-0.2873423696226,0.1410955756474,-0.1485174835395,-0.1064923805502,-0.0572086355811,0.1067090358367,0.0830900463221,-0.1374478725085,-0.0300206877882,-0.1537334378240,0.3360592179621,0.6049683671257,0.0904312949297,0.5276449979875,0.1872966987807,0.1195985412977,0.0541503991809,0.2344602504267,0.0286895433900,0.2802773863916,0.3608826202691,0.4895025425328,0.2921965478091,-0.1710994928271,-0.0797289212905,0.1828292777906,-0.0779275451899,-0.1448827360716,0.2859930894211
0.3097289452337,0.1286926345807,0.1356437144847,0.2596453236256,0.5263789483352,-0.1021360304093,0.2939997617539,0.2534231295881,0.0699096071512,0.1207356219566,0.4059412857081,0.1845683085364,0.7223466720282,-0.0180080417977,0.2048096369246,0.0500821868838,0.0704987221858,0.2630985268125,0.1946344048180,0.2299875441820,1.0000000000000,0.2019719593455,0.1890354164462,0.1760211247606,0.4775537294612,0.0980250324856,0.2830813281783,0.1965608421128,0.5085982209110,0.2842175702335,0.2195938392246,-0.0007917631105,-0.2899071157684,0.1980415020998,0.1081941827460,0.2452929918839,0.1241369257838,0.0748154599727,0.1717723921022,0.3161258332906,-0.1318481831058,-0.0155495931259,0.0305420111779,-0.0498728669481,-0.0573728833378,0.4346244722864,0.0924417097268,0.7047049348048,-0.0589402243869,0.1020798629116,0.0938441720030,0.0367140481630,0.1971986954979,-0.0447969857590,0.1235772670906,0.9177709764692,0.0314016055749,0.1960548893475,0.1001278663611,0.2159051476961,-0.0158204430909,0.1899604910250,0.1839640916997,0.4336800269941,-0.0088344372608,-0.0236154450336,0.0706503898735,-0.0634053471463,0.1289744289418,0.0459738907357
0.3961324734182,0.3457677863658,0.2364970839609,0.3053420266361,0.6329728792086,0.1175403044578,0.4242995304019,0.0986311943125,0.2581179551700,0.0965570288086,0.4288649605814,0.2212979819916,0.4462554998995,0.3978849314344,0.3746102953324,0.3090777128155,0.7399731335133,0.4336798994565,0.3316319344881,0.4154683100084,0.2019719593455,1.0000000000000,0.2737384839421,0.8837687740293,0.1299905412946,0.3210632194896,0.2252483696402,0.4695942972718,0.7208261322504,0.4062007776687,0.3683535125892,-0.1631225579041,0.1304991218513,0.3677495030450,0.3050520358114,0.1522056931404,0.0851652500430,0.0568447036181,0.1914292552750,0.5581657132762,0.0299656625009,-0.1618248269316,-0.2005860465193,-0.1193275864819,0.0275708434252,0.3011733566243,0.0934147098414,0.2862997076354,0.1757237850003,0.1859511125230,0.0947567911385,0.7423408976886,0.2361101634077,-0.0326433961005,0.1020509983918,0.2997683406835,0.7976131712928,0.2155881166485,0.6702926168465,0.1858391227356,0.1891789198171,0.1636164335765,0.5182191544326,0.6516268615265,0.2352933201748,-0.0836508784575,0.1923239320571,0.1636237509655,0.1428806359734,0.3596262846326
0.4740072273270,0.5824904580664,0.2698454447270,0.5959839533596,0.2734149594564,0.0378774083924,0.0864087911620,0.2767309928134,0.1456663846486,0.1919668041762,0.1530755209049,0.3131074114844,0.1781406595723,0.1626253515348,0.2513524983881,0.1274725253882,0.3664902649350,0.3359544920014,0.1586026893639,0.2616187612932,0.1890354164462,0.2737384839421,1.0000000000000,0.3080087048853,0.4412017054119,0.3540015560330,0.2522050714066,0.3248421145970,0.3746251272480,0.3940557103817,0.5493422695577,-0.1007171464196,-0.1468777743975,0.4295507594124,0.4649110042716,0.3032479855538,0.3547384870697,-0.2679086115721,0.4934089649749,0.0912127546307,0.0264036957263,0.0124859904704,0.0021127913910,-0.1788106241053,0.1371984148229,0.0689559995466,0.0130464979898,0.0586223513750,-0.1272273314585,-0.1025568619194,0.1335486034732,0.3101649492723,0.0108212839021,-0.1298965760114,0.0285874901900,0.2025986773998,-0.0277726484370,0.7895342050680,0.0559166937312,0.4508258817991,0.0892823564548,-0.0732615333843,0.1840456388850,0.2857323471265,0.1766908841085,0.0846396065031,0.0598787612046,-0.0432964154940,0.2907605064505,0.4060964393181
0.4986407172633,0.4615812736321,0.3343989117104,0.3638386201822,0.4935583220317,0.1000938294352,0.3110818338326,0.1670815834347,0.2452283919065,-0.0172913718986,0.3438105188764,0.2513496603590,0.3077597259812,0.3345613733456,0.2987923750255,0.2110072909663,0.6888401188172,0.6350242603664,0.2397176918081,0.5226034155318,0.1760211247606,0.8837687740293,0.3080087048853,1.0000000000000,0.1479022957561,0.3682807254314,0.3866287523646,0.5455856228498,0.7269708306097,0.4081336177105,0.5114172989455,-0.1676791131484,0.1333566686990,0.3274903715742,0.4041394699838,0.1753249008043,0.1898179051547,0.0826162022969,0.2066305583875,0.3076348065112,-0.0465561639438,-0.2710891248606,-0.2083493860880,-0.1943443135269,-0.0979530857766,0.1216127666991,0.0520107529542,0.0945919250804,0.0437069893089,-0.0019307669029,-0.0547689516248,0.6592315241597,0.3177178101455,-0.1533386829446,0.1417109164170,0.2207510487102,0.6505921819177,0.1894145422754,0.7350643035802,0.1275335692732,0.2089530668594,0.3038590028546,0.5528802922350,0.6488602933904,0.1683907553926,0.0657629799827,0.1850445155319,0.1078219595114,0.0379808507719,0.4227455352977
0.2865344099504,0.4432099265108,0.3005858381714,0.5965934575495,0.4309006794946,0.0743692866179,0.1751484279665,0.5911232623028,0.1412080676359,0.5632058497877,0.2898626410320,0.2943518976927,0.4092299606566,0.1819950829092,0.2364659301263,0.2931272867973,0.0330696534195,0.3078007312717,0.0554889101596,0.1899941969715,0.4775537294612,0.1299905412946,0.4412017054119,0.1479022957561,1.0000000000000,0.5013927826327,0.4870438053629,0.3708433188727,0.4863025871585,0.2626350459235,0.4186401827457,0.1379473476490,0.0590361417702,0.2862726940437,0.3359928930071,-0.0265789437390,0.3352652374370,-0.1183939283772,0.5363490393181,0.3432000421805,0.0637768953628,0.1081355473056,0.2018983413088,-0.0457636670233,0.4319846203991,0.1855771044546,0.0419941070871,0.3715667445090,0.0240462636272,-0.0983281146952,0.3408055528160,0.0121478437083,0.0515152241007,-0.2847432174134,-0.0706875262311,0.4697106510976,-0.1090419501254,0.3953472991125,-0.1367073328023,0.7815986293150,0.3207759760572,0.2587507909239,0.2674135911739,0.3582487253930,-0.0921911525390,-0.0986179932923,0.1564064879567,0.1550008941059,0.0846470097485,0.3063651923484
0.3947884803534,0.5863987671738,0.4709118456455,0.7124121924781,0.3780865889073,0.2583776251914,0.2263603225811,0.4372763126053,0.4109337036956,0.5068629050061,0.3542792877240,0.6516779023160,0.2302809879226,0.6344670259362,0.4558216201636,0.4376154653043,0.1116921870052,0.4268381819130,0.3324902600444,0.4205097390174,0.0980250324856,0.3210632194896,0.3540015560330,0.3682807254314,0.5013927826327,1.0000000000000,0.5601641333352,0.7189640382893,0.3154257443375,0.2342587013834,0.4245773429393,0.1363151055472,0.2350432860331,0.3068608530555,0.4753301689060,-0.0614997710802,0.3720988884162,-0.1087073282560,0.6821726861285,0.1843111234707,0.0673936703510,-0.0145171951457,-0.0136398079221,-0.0117647628732,0.3880452745077,0.0765355724805,0.3230376722179,0.0246929836345,0.3271037436242,-0.0900741016823,0.2132724788824,0.0926528850060,0.0387025444319,-0.1044860005383,-0.0132651747623,0.1117193188606,0.0046562569637,0.2276553274076,-0.0857914274313,0.5195497212124,0.7536468322722,0.3840606208684,0.6453409761669,0.1420481884265,-0.1765487401606,-0.3665347517365,0.4473397470756,0.1555903940379,-0.0429959239859,0.4200974176473
0.4022653637049,0.3830658431949,0.6435622640969,0.4807783445370,0.2083797944912,0.1345069985033,0.1412967071148,0.6075401307764,0.3180181056013,0.0243187002514,0.3374351223874,0.5264042890652,0.3129063296049,0.1458891999059,0.2829124654954,0.0331943672625,0.1493754868617,0.7034878865674,0.3255093285792,0.6157479456590,0.2830813281783,0.2252483696402,0.2522050714066,0.3866287523646,0.4870438053629,0.5601641333352,1.0000000000000,0.6920847131943,0.5083272349672,0.1716736784832,0.6592103560806,0.1746323128726,0.0365547385344,0.1132318291427,0.4058312859096,0.0583629827233,0.1517765511290,0.0926742469013,0.2840822070149,-0.0707310233845,-0.1085481611893,-0.1629380917558,0.0350493311351,-0.0792708243016,-0.0983980625000,0.0692545600454,0.0536660265436,0.1258080917410,-0.2059318682352,-0.1543594518284,-0.0862199002848,0.1094729926982,0.1675263353908,-0.2636015237290,0.0806361450954,0.2543701325781,-0.0888427432625,0.0501796210897,0.0104854198596,0.1511564116685,0.2898918747768,0.5965329892194,0.4378543457370,0.3236527858311,-0.2686127535191,-0.0555577958134,0.1425366090798,0.0313986816833,-0.1765701541751,0.2561345273928
0.3356718875779,0.4646769343053,0.7388319376808,0.5319338979639,0.2955884386665,0.0953950880704,0.1161042031641,0.5317478416855,0.2494802467016,0.2108989624248,0.2707019134245,0.6098990524634,0.2293025718076,0.5135858549618,0.3144511026973,0.2335230857178,0.2897306478792,0.5673365858193,0.4458276670437,0.5918249338507,0.1965608421128,0.4695942972718,0.3248421145970,0.5455856228498,0.3708433188727,0.7189640382893,0.6920847131943,1.0000000000000,0.4500512015550,0.1491877578631,0.4914834728076,0.0347128580126,0.0943393840951,0.1750344898542,0.3572075040403,-0.0414174434251,0.2992445693524,0.2979463511047,0.4038785181682,0.0845504504429,-0.0767649733423,-0.3057082399013,0.0779920250121,-0.1976868321551,0.0518989047936,-0.0334319477925,0.2340315671811,0.0220903768527,0.1847062486341,-0.1513184029135,-0.0218776869301,0.2818798355445,0.1688720729700,-0.0658210000288,0.1282664321542,0.1965985574710,0.1828476888092,0.1971544128723,0.1684881549297,0.2479370074779,0.5612481909009,0.5624436933133,0.8665260076928,0.2977686743346,-0.2595979831756,-0.2898576295351,0.3494907091429,0.1011654328440,-0.0968769085361,0.2307437494420
0.4678612153435,0.4008720100185,0.3154223109957,0.4575274899144,0.6735146557155,-0.0289477068310,0.3568031745547,0.4301540815838,0.2085563221925,0.0585976062019,0.5005654089589,0.2073489473573,0.5835757793183,0.1299175664634,0.3104376378426,0.1660747955880,0.4837846900469,0.6036016007488,0.2809544215624,0.4955054943455,0.5085982209110,0.7208261322504,0.3746251272480,0.7269708306097,0.4863025871585,0.3154257443375,0.5083272349672,0.4500512015550,1.0000000000000,0.4154895127821,0.6086833252105,-0.0872140687824,-0.0536109375111,0.2881223988711,0.2983772396060,0.1972481344697,0.1622263183625,0.0540934666287,0.2658455803152,0.4700557274557,-0.1211207743226,-0.1422737320557,-0.0462769612525,-0.1557414503684,-0.0350538509832,0.3503119551305,-0.0263493053415,0.4450485572152,-0.1459249615263,0.0286015204886,0.0637922794655,0.4916306704328,0.3341686536715,-0.1910482936906,0.1268853607997,0.5621883745922,0.4603637320189,0.2546338972767,0.4547711810799,0.2645820946616,0.0886465462915,0.2949911486744,0.4271701500453,0.8477949497983,0.0797503064209,0.0385122292490,0.1218801678473,0.0987019788687,0.0532066434332,0.3059994760349
0.6792735723515,0.4686292869131,0.0092267811465,0.4381038430627,0.4100405949877,0.1246800942443,0.4699375466239,0.0268657261336,0.3848844181446,0.0580098917405,0.4394634855210,0.3411902211573,0.3627031954208,0.2021594726478,0.6599996664124,0.2792826935335,0.2671871694149,0.3436009120921,0.1304201468771,0.1537751526084,0.2842175702335,0.4062007776687,0.3940557103817,0.4081336177105,0.2626350459235,0.2342587013834,0.1716736784832,0.1491877578631,0.4154895127821,1.0000000000000,0.3490433768567,-0.1464685064651,0.0813050331376,0.7123011534381,0.2757882056909,0.3529007730252,0.2732599095571,-0.3456001922144,0.3864584205789,0.2467606666219,0.0298039643551,0.1827065241163,-0.3561844631574,-0.0087153765430,0.0068408390085,0.3556302953201,0.2735632885287,0.1761294125846,-0.0190457631601,0.3117189225065,0.0595956063794,0.2239519788513,0.0443392908887,-0.1497518555910,-0.0512059240874,0.2548531476899,0.1393876134066,0.3075430720583,0.1525511887803,0.2230593501587,-0.0133341665134,0.0883876619406,0.1346397079623,0.3330986732517,0.6742092442899,0.0592998119398,0.0648576546159,0.2022706659464,0.3615612866903,0.3942658267325
0.6428150221286,0.5650816297032,0.4887155118931,0.5925870050036,0.3142331732930,0.0700015975196,0.1485627738154,0.5894388824554,0.3312795306565,0.0048643568824,0.2552079955116,0.4316677042464,0.2668993689249,0.1425275087058,0.3539863058480,0.0324161986858,0.3075096313961,0.8298195102964,0.3100536910201,0.6810631896299,0.2195938392246,0.3683535125892,0.5493422695577,0.5114172989455,0.4186401827457,0.4245773429393,0.6592103560806,0.4914834728076,0.6086833252105,0.3490433768567,1.0000000000000,-0.0617212971590,0.0242618145248,0.2577184240446,0.5776459312312,0.1708957764235,0.1771199638076,-0.1438947662493,0.4939342169906,-0.0257136861646,-0.1178555365172,-0.1540045392131,0.0980983844481,-0.1570801294802,-0.0737748147789,-0.0008728742229,-0.0031047463097,0.0228374208886,-0.2971377902013,-0.1492479467784,-0.0805510379135,0.2520766613687,0.3636324249185,-0.1961793921386,0.2748696590671,0.1884745735253,-0.0217066687993,0.2797660082665,0.1725956120230,0.2239199069895,0.1596922828259,0.3346267945970,0.3023734300916,0.4593522789602,-0.0350600938686,0.2288150694314,0.0343825631952,-0.0259240181389,-0.0992584291377,0.5176324067654
-0.0789476401053,-0.1231160451181,0.0434267801827,0.0182890074249,-0.1684229193361,0.0139465228866,-0.0699698740062,0.0362659639208,-0.0845716493072,0.1118862982645,-0.1808846938919,-0.0154812350002,0.0199971727028,0.0333536017626,-0.0047340600367,-0.0607592958022,-0.1011581365051,-0.1058410570473,-0.2086453886690,-0.0853377298993,-0.0007917631105,-0.1631225579041,-0.1007171464196,-0.1676791131484,0.1379473476490,0.1363151055472,0.1746323128726,0.0347128580126,-0.0872140687824,-0.1464685064651,-0.0617212971590,1.0000000000000,-0.0086501940985,-0.2142929936307,-0.1398122556203,-0.0687452306977,-0.0485800281932,0.0806636021165,-0.0230283890402,-0.0256657015734,0.0935920647115,0.1076539784162,0.1990213743842,0.1321275579948,0.1141711583618,-0.0541567868311,-0.0320149051965,0.1242722709214,0.0687166099729,0.1176766914225,0.0469039108046,-0.0348940711167,-0.2119903289245,-0.2003391737261,-0.2591544509504,0.0315308552702,-0.0533992926954,-0.0312063023568,-0.1326297590496,0.1491539448456,0.1204547564206,0.1409682807013,0.0672840750836,-0.0382341315101,-0.1516900712543,0.0156034243732,0.4245509342163,0.1760597161895,-0.1722149531942,-0.1401491897514
0.0125234107427,0.1823356591594,0.0234496813076,0.0778179176797,0.0123699614154,0.4553567461755,0.3615753592143,0.0274669137651,0.3786021675097,0.3536369157589,0.1349308226752,0.1447695294923,0.0579516848737,0.3513864179563,0.2965992094316,0.4674877360764,0.0134238946035,0.1188470939145,0.0535505667717,0.0433936371839,-0.2899071157684,0.1304991218513,-0.1468777743975,0.1333566686990,0.0590361417702,0.2350432860331,0.0365547385344,0.0943393840951,-0.0536109375111,0.0813050331376,0.0242618145248,-0.0086501940985,1.0000000000000,0.0535964369661,0.1665094502352,-0.2116988967983,0.0066025747537,-0.2008560125450,0.2196161891838,0.0900935979599,0.3816764293903,0.2874192904584,-0.1366517670742,0.2000395658522,0.3294344000012,0.0404205603678,0.1782750268871,-0.0318663261011,0.2405089263064,0.1116023789050,0.3282957112247,0.0046710860299,0.0924199339991,-0.0497086046676,-0.0780884445409,-0.2981415050534,0.1111362364432,-0.2013489317673,-0.0184198833201,0.1492975813417,0.2741089218759,0.0125069022144,0.1088517812722,-0.1056813823145,0.1315348596219,-0.1178399081588,0.1701736797552,0.5917009535539,-0.2488225167664,0.2986140130758
0.4530842618397,0.3912424676540,0.1535401657073,0.4334928115690,0.4433173678265,0.2319768124993,0.4322636104368,0.1187182729745,0.4126681750749,0.2063772092418,0.4000548950508,0.3018053861488,0.3370136464154,0.2570353224873,0.4852096298403,0.3060767666638,0.3026687187354,0.2505142572039,0.1905309710381,0.1338401688843,0.1980415020998,0.3677495030450,0.4295507594124,0.3274903715742,0.2862726940437,0.3068608530555,0.1132318291427,0.1750344898542,0.2881223988711,0.7123011534381,0.2577184240446,-0.2142929936307,0.0535964369661,1.0000000000000,0.4254492514139,0.3894521133855,0.1867275709247,-0.3092761706287,0.3770811727238,0.3788411400605,0.1549716744999,0.2528879312275,-0.3142461405989,0.0462653435432,0.1829152615387,0.3670040732868,0.2795693388234,0.1934774985173,0.0955039341430,0.2259330323040,0.2357946211123,0.2441592489111,-0.0337383134384,-0.0163297432045,-0.0774515420981,0.2257415189952,0.0679267943009,0.3417018387377,0.0191279674006,0.3168307098649,0.0675694537373,-0.0550876440653,0.1187687230489,0.1065147413354,0.5567844069380,-0.1691499782090,0.1516330569264,0.1055687656502,0.6821193814648,0.4459186710580
0.5452933782362,0.5448499425155,0.2206605925057,0.4198590473110,0.2749592398529,0.2849984784438,0.2045484240836,0.2503765871151,0.3294877451355,0.1190414036476,0.2270550689823,0.4145999587754,0.1254183697419,0.1829902047121,0.2167034622980,0.2084699386969,0.2514173882086,0.5141780670554,0.1783644040484,0.4487264732912,0.1081941827460,0.3050520358114,0.4649110042716,0.4041394699838,0.3359928930071,0.4753301689060,0.4058312859096,0.3572075040403,0.2983772396060,0.2757882056909,0.5776459312312,-0.1398122556203,0.1665094502352,0.4254492514139,1.0000000000000,0.2043107348993,0.3432084391735,-0.2358641631949,0.4543447446121,0.0692344721840,0.0621940329534,-0.1131930646177,-0.1203538510724,-0.0348348700091,0.0106214858710,0.0101354028091,0.1763381711128,-0.0099426747504,-0.0276119924295,-0.2012331798883,0.0878326219617,0.2112824857218,0.2446921218509,-0.0304230550510,0.2839548945055,0.1034474646640,0.0571753056195,0.3114666742631,0.2328339067267,0.2666882988063,0.4318328980064,0.2549234263415,0.2145681162504,0.2472242039053,0.1499250065142,0.2632986669306,-0.0315288418056,-0.1178210067539,0.2654952778860,0.7704602677953
