1.0000000000000,0.4326215376877,0.0662293400838,0.3558612165740,0.4083891907837,0.0654886312985,0.4676703984658,0.1028999638272,0.2451326768401,-0.0538339503271,0.2563784990731,0.1873421817010,0.3667948565415,-0.0710308869300,0.2556617073781,0.1472922281126,0.2710936563498,0.4107230428000,0.1079984323284,0.3092706175073,0.3298190795420,0.3668148705700,0.4638587207682,0.5387168770927,0.1841451091794,0.1642362821337,0.2339582781024,0.1035534788934,0.4126700562878,0.4379054767274,0.6135282876131,-0.0907051594380,0.0734666727282,0.2035952288573,0.3837476033140,0.2721913607202,0.2511034593804,-0.3069075337171,0.2392636174066,0.2350918555231,-0.0735617719531,0.1302328221952,-0.1842459455254,-0.1678985276656,-0.1033505208421,0.1700488884260,-0.0291863248874,0.2973127152677,-0.1219435569035,-0.3511699788593,-0.0149936276653,0.2076247645151,-0.0355098115239,-0.1939887608193,-0.1924532550165,0.2924195444490,0.0928596495883,0.2876433143955,0.2855478526288,0.1104839659676,-0.1062993593636,-0.1942732043368,0.0197677797765,0.2195645494714,0.0734851890970,0.2941668355085,-0.1665101339683,-0.0765575720463,0.1216379173818,0.4167632574797
0.4326215376877,1.0000000000000,0.2167644754141,0.6512152189392,0.4055294341743,-0.0158430118384,0.1693274670018,0.1356580875757,-0.0377617555574,0.1457543713079,0.2042980441496,0.2373040183138,0.2733988477782,-0.0225258459613,0.2749641354177,0.0339601961315,0.1898474869942,0.4125345570985,0.1420885071153,0.2038702952773,0.2132356049369,0.3882880080153,0.4576829928258,0.5249805433445,0.3061630578426,0.3537582909771,0.2489065108564,0.4014901751308,0.3259209541619,0.5427301935827,0.5636100284927,-0.0162877316080,0.1156482284052,0.3518617841532,0.4383428051624,-0.0625371381285,0.7963317389321,-0.2329022290797,0.6107419809360,0.3115994579540,-0.0924374497270,-0.1313413634843,-0.1920465905910,-0.3103197966596,0.0527798537836,0.1087169285065,-0.0400541896427,0.2194238482128,-0.0567655490749,-0.2918420838141,0.0565066921085,0.0877744435582,0.1462367113095,-0.0726304599614,-0.2148249726126,0.2163640724566,0.1597115781335,0.3386770966298,0.2479358824615,0.2171635440192,0.0992913405608,-0.1208312155952,0.3222395966877,0.1028284457246,0.1887897033480,0.1511380261229,0.0050994670175,0.0975868326177,0.0965890647475,0.5769792152598
0.0662293400838,0.2167644754141,1.0000000000000,0.5601770302185,0.0087913730659,0.1663045458673,-0.0842238374255,0.1671565590309,0.0455873942219,0.1036160239226,-0.1102165040089,0.4453057126827,-0.0441224271828,0.4221059154245,0.3424714888703,0.1959122263542,0.0943539576833,0.6588942239642,0.2669069377948,0.5888485616259,0.0637528119300,0.1895504426016,0.1809702383625,0.3130872119222,0.1829877934982,0.4613264885658,0.5520986324539,0.6516296786872,0.2434643747740,0.2280748957903,0.3481632997012,0.1502097895437,0.1046101080919,0.0973497887586,0.1993996464984,-0.3672755940914,0.1553574235957,0.4682536128370,0.3683746263065,-0.0726686458527,0.0769102065000,-0.2970380942973,0.0682458908351,-0.0750681203449,0.1337846446406,-0.1996198766521,0.2483250973114,-0.1069838078676,0.1792049733308,0.0035636127872,0.1858043795300,0.0169254042833,0.1755157500788,0.2347136123735,0.0628368320913,0.0470677205400,0.0651390635286,0.0923008955647,-0.0009430717490,0.1444366818636,0.2874462647476,0.1214236229499,0.5124232918593,-0.0136150642847,-0.3126034958708,-0.2339543544341,0.0429679902115,0.0194404701086,-0.2302082342339,0.1807884298334
0.3558612165740,0.6512152189392,0.5601770302185,1.0000000000000,0.4206516001505,0.1177769652869,0.1490940355727,0.1274774856690,0.0513931864489,0.3890926647463,0.1730794812018,0.5218131619023,0.3144228789891,0.3568521504190,0.4767064371541,0.1462035089344,0.1560208261173,0.6830692406590,0.3054387122366,0.5747491531757,0.3835413168012,0.3926223844902,0.4338215151967,0.4976699394195,0.4785432348577,0.5718260772592,0.4505476377776,0.6389161264079,0.4774909467950,0.4814995021691,0.4828528666411,0.1746613378491,0.1046223447712,0.2807991427533,0.2565566905770,-0.3672771787990,0.5555164039490,0.2525156132439,0.8001874992007,0.3247531475893,-0.0648086371289,-0.1929402178060,0.0280070081644,-0.2793456116668,0.3619977905999,0.0521017965413,0.2367219642410,0.2723811713007,0.2120878116910,-0.1794420740222,0.1801589545436,0.0118407575878,0.1851969204077,0.2289059878444,-0.0700590048736,0.3894225277973,0.1617913558166,0.3009601833112,0.0714938342996,0.4712738530309,0.2451996167662,-0.0237927250411,0.6180207421104,0.2214785369510,-0.2564572100758,-0.1684295800665,0.1607604679666,-0.0499761983416,-0.1373190246917,0.3569206662277
0.4083891907837,0.4055294341743,0.0087913730659,0.4206516001505,1.0000000000000,-0.1173442794170,0.3871723999257,0.2939380852706,0.0252565331237,0.3440373465655,0.5128702407033,-0.0618794410590,0.6150434779208,-0.1992257750817,0.2226774966519,0.0936556243601,0.1672832224391,0.3373598209067,0.0850377624692,0.1818021088528,0.6320274707923,0.4430754361332,0.2785176077103,0.4553773687634,0.4934246289639,0.0451000759424,0.0487706418997,0.0543693542650,0.5418285384741,0.3861865811374,0.4814220519468,-0.0226105986381,0.0450898256761,0.2731969239268,0.2494839151084,0.1245093444071,0.2972620139224,-0.1905222656975,0.4132600470081,0.8427048570763,-0.2384634005785,0.0645967352429,-0.0765980656967,-0.2613670851665,0.2245519263430,0.5508998093799,-0.2893788237248,0.6951286261594,-0.2105170584023,-0.2311092486676,0.0802104949556,0.1212203421361,0.2223033970872,-0.1576334340293,-0.1230014297738,0.6814098372843,0.2030508958570,0.1267850252075,0.1741603172828,0.3230981787146,-0.1377449222566,-0.3253383845122,0.0220427291035,0.2817656984519,0.1540320213504,0.1037737364473,-0.0469323591223,-0.1239834181049,0.2776454698089,0.2822232051643
0.0654886312985,-0.0158430118384,0.1663045458673,0.1177769652869,-0.1173442794170,1.0000000000000,0.3770325907460,-0.4790943574400,0.6546096809297,-0.0887693828262,-0.0289624127166,0.4397980818565,-0.0733944729159,0.3535973972034,0.4061302104716,0.5087241053544,0.0146324496754,0.2581121706201,0.2289651830101,0.1606786833297,-0.1367462119759,-0.0436517343465,-0.1821567777605,-0.0094971820379,-0.1546633790862,0.2907588251924,0.2847710888658,0.2457649631279,-0.1851016022968,0.0994358919450,-0.1530806254895,0.0595018857686,0.5015332527638,-0.0098263537051,0.3000899186097,-0.2456899708973,-0.1116464605286,0.0598496635436,0.1150117894209,-0.1418374562972,0.8471353575140,0.4038917993607,-0.4099266658117,0.5534809806441,-0.0391318127914,-0.1240651429171,0.3934895678644,-0.1700456882982,0.2153786955393,0.3026258110571,0.3431664712607,-0.0267554163440,0.0600183773933,0.2942144976310,-0.1030476901721,-0.1730462499315,0.0270301916326,-0.2129940333374,-0.0304944316388,-0.1063398240072,0.2494859512555,0.1189139558405,0.1413880753725,-0.2534856429164,-0.0704969096991,-0.1730107581889,0.0326073242918,0.3206678267153,-0.1625714334124,0.2991411941907
0.4676703984658,0.1693274670018,-0.0842238374255,0.1490940355727,0.3871723999257,0.3770325907460,1.0000000000000,-0.0865098291637,0.5890675345524,0.0817044279766,0.5969914998018,0.2265954794387,0.6762429147977,-0.0442952215438,0.3918514361619,0.4686553020479,-0.1411707034434,0.1862783588083,0.2259561567217,0.0478021865499,0.4266812167677,0.0338425361176,-0.1282699719186,0.1140842794514,0.0281496941380,-0.0034584666595,0.1077119181959,-0.0923475900659,0.0835494952887,0.3521870713779,0.1409036335836,-0.0650646861257,0.2546639422235,0.0367222731316,0.1918296619612,-0.0237259703502,-0.0397511112623,-0.3389479211915,0.1768061267695,0.1986189165907,0.2405875961000,0.6975226590664,-0.3132634942786,0.2521521200630,0.0395681664590,0.4781328746682,0.1495556946816,0.4979029229090,-0.0069828095425,0.0583434195946,0.3064411148017,-0.1903920942034,-0.1116082982153,0.0497919908841,-0.2423812608316,0.3156733911317,-0.1545615446925,-0.2589587540236,-0.1344032127911,-0.0641196940738,-0.1615098456226,-0.2032323488679,-0.1430247583059,-0.1510344281839,0.0377253452695,-0.1129972094695,-0.0300022284037,0.0460423609430,-0.0533671121605,0.1434443988240
0.1028999638272,0.1356580875757,0.1671565590309,0.1274774856690,0.2939380852706,-0.4790943574400,-0.0865098291637,1.0000000000000,-0.2696979480170,0.2720122820988,0.0660836730974,-0.1790170079346,0.2095432394708,-0.1653099298689,-0.2094282907231,-0.1669404625182,0.0183663693318,-0.0184887644063,0.0031743403740,-0.0112849559671,0.3104346881427,0.0780684158699,0.2548129988051,0.0474055840473,0.5141700140476,-0.3151697797594,-0.2099212945842,-0.0733768389185,0.3251969966254,-0.1104983020679,0.5150925794276,-0.0575526247590,-0.2246157493811,-0.0836695403526,-0.2599389247218,0.1507024163600,0.0741488410421,0.0455486560684,0.0578117094947,0.2539806141020,-0.5011522523696,-0.2232746059867,0.6537469333005,-0.3879691543785,0.1950508469139,0.0648681800424,-0.3003195128609,0.2820480761176,-0.1398087120105,-0.3017689828178,-0.2112484978729,0.0703087149885,0.0626453016668,-0.2504327738363,0.1219581886080,0.3159337488106,-0.0460989784114,0.1318184229225,0.0329454366838,0.3262096007938,-0.3507814544666,-0.1825682212177,-0.0963492486389,0.2497371298527,0.0074391048883,0.1975945888775,-0.1548311202740,-0.1583530098619,-0.0300164749432,-0.1230763673888
0.2451326768401,-0.0377617555574,0.0455873942219,0.0513931864489,0.0252565331237,0.6546096809297,0.5890675345524,-0.2696979480170,1.0000000000000,-0.1790033142764,0.4383538073113,0.4016749589035,0.1973432103802,0.2155423125937,0.3023934413605,0.5303473068522,-0.0724494694884,0.1062161688982,0.4769897651794,0.0670362164454,0.0506658516028,-0.0222803364493,-0.2181157751910,0.0385654103418,-0.2002316658554,0.0025649927086,0.1012249213951,-0.0893140327321,-0.1274780904862,0.0297288816394,-0.0528529395744,-0.2422665347111,0.3043853341255,-0.0354665184723,0.0978798781285,-0.1321646292858,-0.2357006316623,-0.1726922773467,0.1008335602098,-0.0453509834268,0.5817914944551,0.6947839436564,-0.3461400557027,0.7354891267739,-0.0589627408149,0.2276034754812,0.3923657887318,0.0469894710131,0.2599050418742,0.2617901394778,0.3118395298257,-0.0826959909189,-0.2000370334727,0.3685951511518,-0.1305509224752,0.0126927909397,-0.1153903617442,-0.3122810102563,-0.1365741777719,-0.0875866642610,-0.0882409973702,-0.1274060085691,-0.1420348305252,-0.2897036730568,-0.1233317522886,-0.2162190676760,-0.2298704739657,-0.0425416351563,-0.1752194077427,0.1537285958200
-0.0538339503271,0.1457543713079,0.1036160239226,0.3890926647463,0.3440373465655,-0.0887693828262,0.0817044279766,0.2720122820988,-0.1790033142764,1.0000000000000,0.0761856669001,0.0277193803609,0.3496224147344,0.1691378881670,0.2064857592850,0.2484174696454,-0.0763424201302,0.0307991799740,-0.1289933478142,-0.0459682928833,0.3506503526181,0.1332813029214,0.0228424648021,0.0603130617879,0.5858135185581,0.2803362091528,0.0275508638264,0.2337255004592,0.1546827641404,0.1679375246991,-0.0123411658539,0.2600045052748,-0.0708730762547,0.1516712514568,-0.2231404983669,-0.3379392079465,0.1747114613450,0.0913669733811,0.3405108804059,0.3785867587078,-0.1504639624095,-0.0917289885622,0.2284898537675,-0.2725088737107,0.8406967010655,0.1732995275488,-0.1144145348682,0.4411054061173,0.1914126291161,-0.0798511248211,0.3308831345420,-0.1101396314192,0.0091030787752,-0.1658469781992,-0.2064659649468,0.3850875697251,-0.0226842472323,0.0348075378496,-0.1691543806233,0.5568389381521,0.1817629621576,-0.0549843122030,0.2874581646633,0.0189976189709,-0.0532723078996,-0.2951018682876,0.2323775318997,-0.0223330990997,-0.1518945807829,-0.0010212898369
0.2563784990731,0.2042980441496,-0.1102165040089,0.1730794812018,0.5128702407033,-0.0289624127166,0.5969914998018,0.0660836730974,0.4383538073113,0.0761856669001,1.0000000000000,0.0769518644915,0.7025765314480,-0.1114783272179,0.1720221384557,0.1918482254068,-0.1736711127025,-0.0104773332111,0.3846560452335,-0.0430997548216,0.5594972411461,0.1415771575709,-0.0837811476517,0.1858466679059,0.0864462795931,-0.1358896060212,-0.0885526753934,-0.2146398567692,0.1174653625734,0.1876136413967,0.1325710667263,-0.2107624225033,-0.0847071669465,0.1417309621304,0.0206051092791,0.0162810308948,0.0551360002901,-0.3385741926635,0.2441554760403,0.3809470074124,-0.0465229114501,0.5414015466561,-0.1898574309875,0.2837061386751,0.0985422137812,0.7912595844271,0.0605249639305,0.5673013032682,0.1417252781333,0.0962439756361,0.1415515455775,-0.1664836623807,-0.2234706150751,0.1861609873707,-0.1740671475118,0.5228294289000,-0.1161967120404,-0.1235957818800,-0.1577776327370,0.0982285916177,-0.2253245677213,-0.3627915437151,-0.2068692768437,-0.1678007865932,0.0003729047444,-0.2306689202230,-0.1135577274667,-0.3536099518162,0.1193376096827,0.0215760072675
0.1873421817010,0.2373040183138,0.4453057126827,0.5218131619023,-0.0618794410590,0.4397980818565,0.2265954794387,-0.1790170079346,0.4016749589035,0.0277193803609,0.0769518644915,1.0000000000000,0.1040512581307,0.7439725570441,0.4976963526363,0.2134786891370,-0.0601900117666,0.5142426174079,0.6733484966838,0.5121466880171,0.1033866096752,0.0769997153309,0.0230138861942,0.2086545326426,-0.0478329498335,0.5201035067277,0.4581675431704,0.5049671861343,0.0307681684592,0.2506540425804,0.2007015920041,0.1927794835597,0.2151885664444,0.0853475737515,0.1713588357313,-0.4911134670398,0.0903505396902,0.1619705173278,0.4180402960432,-0.1593673752715,0.3107451493557,0.0747749178889,-0.1517126229293,0.2022268219444,0.1031774639862,-0.1141270196728,0.7309246258937,-0.0233372771254,0.5978001351325,0.0871410090035,0.1351742968015,-0.1463901100329,-0.0364362390501,0.5921548369791,-0.0219551567361,0.0613937454576,-0.0586008841562,-0.0270229930933,-0.1014918050836,0.0202509155191,0.2607204355532,0.0407248084170,0.4032216999090,-0.1406690504409,-0.4024602248317,-0.2753131988213,0.1153421741244,0.0177676829980,-0.3083790776698,0.2414505909034
0.3667948565415,0.2733988477782,-0.0441224271828,0.3144228789891,0.6150434779208,-0.0733944729159,0.6762429147977,0.2095432394708,0.1973432103802,0.3496224147344,0.7025765314480,0.1040512581307,1.0000000000000,-0.1174043637903,0.2765022732836,0.1426088804734,-0.1065744371919,0.1927597214658,0.1900083823494,0.0726190796305,0.7229728744451,0.2025474334808,0.0236731388214,0.2432053792408,0.2892089270831,-0.0563040324195,0.0465761324737,-0.0477022859134,0.3231400788604,0.3902993910652,0.2682866046519,0.0440013209156,-0.0546386516803,0.1836571322264,0.0233331000230,-0.1160730730351,0.1272325613162,-0.2249456630643,0.3050951578176,0.4050478401158,-0.1912907750182,0.3944380831589,-0.0510250514735,-0.1270927392511,0.2881322090096,0.6432832049667,-0.0128018778039,0.8554839264595,0.0140385090303,-0.1547442748152,0.1540428335044,-0.1394202271161,-0.0411325075707,-0.0219638637301,-0.2239587812054,0.6512670382884,-0.0168909053397,-0.1189895441998,-0.0761273974927,0.1375536559270,-0.2330216890711,-0.2362102631976,-0.0475853720068,0.0549386437713,-0.0034028965859,-0.0693768564474,0.0433324343186,-0.1658256815469,-0.0322320976191,0.0699764289450
-0.0710308869300,-0.0225258459613,0.4221059154245,0.3568521504190,-0.1992257750817,0.3535973972034,-0.0442952215438,-0.1653099298689,0.2155423125937,0.1691378881670,-0.1114783272179,0.7439725570441,-0.1174043637903,1.0000000000000,0.3474096907840,0.1978297132491,-0.0078682880328,0.3580379729757,0.4787468058410,0.3954662527847,-0.0257546411930,0.0945723957809,-0.1106379626008,0.1032087962847,-0.0423520933124,0.5605362791230,0.3214345629654,0.5632555465829,-0.0525687551133,0.0285749168447,-0.0611802806113,0.3300099445228,0.3024289832675,-0.0551716723921,0.0060582955982,-0.4548011437920,-0.0979283035832,0.3542899320642,0.3210839205846,-0.2301596486070,0.2766948415117,-0.1049191879800,-0.0092960427340,0.1918848035990,0.2271737966486,-0.2172240855583,0.6939805336164,-0.1854086592582,0.7847546091608,0.1784314708775,0.1576885276572,-0.0427816138776,0.0096346123442,0.5932213325053,0.0632944112516,-0.0607076640376,0.0080417393892,-0.0612413124632,-0.0827223910990,0.0846243095695,0.4275784078090,0.1124662024201,0.5440742034769,-0.1124396031067,-0.3902068124583,-0.3834126294987,0.2722524721349,0.1649039256415,-0.2945222309455,0.0493328318160
0.2556617073781,0.2749641354177,0.3424714888703,0.4767064371541,0.2226774966519,0.4061302104716,0.3918514361619,-0.2094282907231,0.3023934413605,0.2064857592850,0.1720221384557,0.4976963526363,0.2765022732836,0.3474096907840,1.0000000000000,0.3171950326876,-0.0202895093629,0.5385462685199,0.3341284385844,0.4630575670029,0.0817547222616,0.1836698599705,0.0299105328505,0.2118822730325,0.1092767540649,0.4970154154972,0.5595015067151,0.5030685664560,0.2149669851215,0.6393165694635,0.0925430475480,0.4587639088032,0.3826538891163,0.2446448711940,0.2204243928235,-0.3915010765452,0.1930831647260,0.0696734548211,0.4001563839235,0.1499801013529,0.2771497441040,0.1078294334220,-0.3143483792314,0.0272046615930,0.1686050893553,0.1076756229688,0.2054141878694,0.1963126064564,0.0783581875824,0.3138158369588,0.3887639166819,-0.1060260668671,0.1105101859853,0.2479751076197,-0.1218564038389,0.0626583358335,0.1034043599076,-0.0435785030613,-0.1215479337656,-0.0492519627286,0.2296376608757,0.0728990166181,0.3637906017236,-0.0232581082908,0.0686527951858,-0.2493292364096,0.3339723617785,0.2586910344130,-0.1258670836771,0.2772828875631
0.1472922281126,0.0339601961315,0.1959122263542,0.1462035089344,0.0936556243601,0.5087241053544,0.4686553020479,-0.1669404625182,0.5303473068522,0.2484174696454,0.1918482254068,0.2134786891370,0.1426088804734,0.1978297132491,0.3171950326876,1.0000000000000,-0.0098299723643,0.0828800196669,0.0869494904116,0.0122264204317,0.0749332462419,0.0070922474121,-0.1254142553620,0.0308873582973,0.1155904713662,0.2035368915369,0.1068061341175,0.0349630020001,-0.1168521914765,0.1990071946934,-0.1176111084060,-0.1420927082157,0.3149016422434,0.1209631704410,0.2015674129589,-0.1890935328450,-0.0825707761002,-0.1376120177950,0.1850181262290,0.0252028178915,0.5015381857286,0.4366485607603,-0.2279154162592,0.4815498060600,0.2141369421616,0.1081943871136,0.1903734123744,0.0203034634098,0.1513997805258,0.2408474082603,0.7075755871577,-0.0428451681473,-0.1448950565878,0.1134638546587,-0.1481445277786,0.0380782978277,-0.1104126035144,-0.1635687757726,-0.1487248463505,0.1317548872827,0.1787705191732,-0.1299012074501,-0.0239114702985,-0.2264734354697,-0.0048305671647,-0.1854102686869,-0.0975127889944,0.1400861183201,-0.1112430585828,0.2697234953741
0.2710936563498,0.1898474869942,0.0943539576833,0.1560208261173,0.1672832224391,0.0146324496754,-0.1411707034434,0.0183663693318,-0.0724494694884,-0.0763424201302,-0.1736711127025,-0.0601900117666,-0.1065744371919,-0.0078682880328,-0.0202895093629,-0.0098299723643,1.0000000000000,0.2480261278220,-0.0245297770416,0.2068238820871,-0.0817234106911,0.7255603530695,0.4732270449673,0.6346701098751,0.1472496362495,0.0653883240855,0.1101300151956,0.2128314704144,0.5227168642878,0.1899692459094,0.3548355568427,-0.0940803496409,0.0362529341261,0.2823132341730,0.3200998707296,0.1698525579989,0.1260540753926,0.0557567161420,0.0007788074871,0.2626595560454,-0.0033921635686,-0.2579451154995,-0.1265858990260,-0.1819148603094,-0.0881692941669,-0.0707330729365,-0.1460964113685,0.0235008289890,-0.1194125223305,-0.2485559805370,-0.0552242630475,0.9172858582086,0.0959252942384,-0.0596593911961,-0.0915840498293,0.0307049037232,0.6894406148328,0.4221294366747,0.7016702139257,0.2514805270978,-0.0751989649839,-0.1061089534020,0.2009627986769,0.5303099251568,0.1131278908010,0.3439328789330,-0.1547455170360,-0.0546760696509,0.2315730702311,0.3033773429438
0.4107230428000,0.4125345570985,0.6588942239642,0.6830692406590,0.3373598209067,0.2581121706201,0.1862783588083,-0.0184887644063,0.1062161688982,0.0307991799740,-0.0104773332111,0.5142426174079,0.1927597214658,0.3580379729757,0.5385462685199,0.0828800196669,0.2480261278220,1.0000000000000,0.2792106549309,0.8131386636787,0.2798119675913,0.4230187868830,0.2780157484708,0.5879437672998,0.1960170219044,0.5621679502963,0.7265453190592,0.6963844769234,0.5108594381782,0.5215531338357,0.5429857674633,0.3008536436837,0.2677772862152,0.1904071871998,0.4980223293418,-0.2855004733373,0.2756887778407,0.3050753494967,0.4841906922549,0.1676914941026,0.0328085304123,-0.2408187565004,-0.1937004682440,-0.2822213920233,0.0238603847301,-0.1156101977122,0.1877457134360,0.1666470075407,0.0399537194532,-0.2203505733473,0.0281091290703,0.1275556509791,0.3848829451308,0.1633644646573,0.0053755894962,0.2306979712771,0.2368555387645,0.1001339474881,0.2178049036160,0.0657384389414,0.1861546871764,0.1283464373971,0.5808900686627,0.2180532105966,-0.2353137564344,-0.0387680904263,0.1611462127488,0.0951494700388,-0.0515072411537,0.3617728841165
0.1079984323284,0.1420885071153,0.2669069377948,0.3054387122366,0.0850377624692,0.2289651830101,0.2259561567217,0.0031743403740,0.4769897651794,-0.1289933478142,0.3846560452335,0.6733484966838,0.1900083823494,0.4787468058410,0.3341284385844,0.0869494904116,-0.0245297770416,0.2792106549309,1.0000000000000,0.4384340178230,0.1615590054728,0.1618133482152,0.0718069156613,0.2264269124585,-0.1381434957886,0.0273766495538,0.1027483035887,0.1508734930885,0.0263367880121,0.1336692291509,0.2113642378183,-0.0686850479664,0.0427257989626,0.1572347158735,-0.0184765240187,-0.2023409202111,-0.0414516710047,0.0335315815750,0.2791860942512,0.0534633002669,0.2060614265530,0.2229312180077,-0.1077448958579,0.3234618083214,-0.0358879470653,0.2211811746484,0.4934030810569,0.1006659286210,0.4790564690615,0.2152797886082,0.0140713369720,-0.0339863527556,-0.0755894819995,0.7121930081397,0.1371410403836,0.1794759094024,0.0228011516274,0.0186961921889,-0.0530309481194,-0.0516105394018,-0.1844064233582,-0.2439896772883,0.0464523541966,-0.1398802149887,-0.1751782031740,-0.2321979700031,-0.1600687282246,-0.2371531947614,-0.0502886879901,0.1040192198345
0.3092706175073,0.2038702952773,0.5888485616259,0.5747491531757,0.1818021088528,0.1606786833297,0.0478021865499,-0.0112849559671,0.0670362164454,-0.0459682928833,-0.0430997548216,0.5121466880171,0.0726190796305,0.3954662527847,0.4630575670029,0.0122264204317,0.2068238820871,0.8131386636787,0.4384340178230,1.0000000000000,0.2528061381846,0.2862494717136,0.3413029423696,0.4056725882574,0.0850007605526,0.4262057048276,0.6168299408791,0.5485606240158,0.3985960191224,0.3696843510547,0.3971453766410,0.2858436002971,0.0644282781212,0.2115714252309,0.3687426208710,-0.1494878668385,0.1261040816394,0.3096441274631,0.3557068322113,0.0604006582401,0.0212255383522,-0.2470107730391,-0.0848013401344,-0.2043962895868,-0.0597510605214,-0.1047720081881,0.2016778616280,0.0846312487092,0.0950247966026,-0.1051070962367,-0.0200382267314,0.1024612652892,0.2462135169150,0.3025467751582,0.3055888242811,0.2436789526296,0.1484526173547,0.2007921827350,0.0794360138773,-0.0266455878074,0.1334471036214,0.0981140597421,0.4298663843383,0.2067593024844,-0.2419145533819,-0.0656666143990,0.0650108619066,-0.0839986776860,0.0312705481016,0.1971167643922
0.3298190795420,0.2132356049369,0.0637528119300,0.3835413168012,0.6320274707923,-0.1367462119759,0.4266812167677,0.3104346881427,0.0506658516028,0.3506503526181,0.5594972411461,0.1033866096752,0.7229728744451,-0.0257546411930,0.0817547222616,0.0749332462419,-0.0817234106911,0.2798119675913,0.1615590054728,0.2528061381846,1.0000000000000,0.1327888643178,0.1959147033732,0.2093175578777,0.4115402262971,0.0445077617308,0.1019477221614,0.0412000479160,0.3213509909289,0.1536023426599,0.3536287250249,0.0356001585124,-0.1130272592191,0.0913873316856,0.0844500294409,0.0542745905789,0.1461164086742,-0.0470800788639,0.3417278215447,0.3849415633370,-0.2527176422436,0.1354503318522,0.1320059842831,-0.2386214106369,0.2588178855165,0.4912630905362,-0.0671594116131,0.7275679518163,0.0462751130487,-0.3055529785970,-0.0588279854858,-0.1256682770196,-0.0065184909443,-0.0729472132200,-0.0183437870574,0.9061326046245,-0.1964907670755,0.0409238752110,-0.1351344661570,0.2916304524302,-0.1017801786447,-0.1683440820490,0.0732532919440,0.0546791586547,-0.2313253724027,-0.1017080889838,-0.0135890016862,-0.2873087374265,0.1059029668795,-0.0248452577591
0.3668148705700,0.3882880080153,0.1895504426016,0.3926223844902,0.4430754361332,-0.0436517343465,0.0338425361176,0.0780684158699,-0.0222803364493,0.1332813029214,0.1415771575709,0.0769997153309,0.2025474334808,0.0945723957809,0.1836698599705,0.0070922474121,0.7255603530695,0.4230187868830,0.1618133482152,0.2862494717136,0.1327888643178,1.0000000000000,0.4121799817806,0.8545402382540,0.2242589304853,0.1630524382889,0.1682094690913,0.3326562608176,0.6681110493263,0.4338111653865,0.4796621917271,0.0471330533822,0.0632603399322,0.4287581736893,0.2727373022557,-0.0167438632100,0.2870618956727,0.0610244579880,0.2600631469223,0.5079872305610,-0.1230075519530,-0.1871398322598,-0.1729913689443,-0.2353324789985,0.1678690521917,0.2207066533577,-0.0491045726729,0.3055407647306,0.0218618454067,-0.2284025054755,0.0157823225973,0.6947952480261,0.1385953145992,0.0637629134541,-0.1794846059002,0.2656749449827,0.7670963907421,0.3733624363873,0.6468586631619,0.3251167765234,-0.1115698395041,-0.2128950171492,0.3517537068261,0.5273078525569,0.1439152465070,0.1512767426027,0.0231614029798,-0.0796114585782,0.2627326978568,0.3356728547291
0.4638587207682,0.4576829928258,0.1809702383625,0.4338215151967,0.2785176077103,-0.1821567777605,-0.1282699719186,0.2548129988051,-0.2181157751910,0.0228424648021,-0.0837811476517,0.0230138861942,0.0236731388214,-0.1106379626008,0.0299105328505,-0.1254142553620,0.4732270449673,0.2780157484708,0.0718069156613,0.3413029423696,0.1959147033732,0.4121799817806,1.0000000000000,0.4728561051540,0.3520579234215,0.1193672481440,0.0967453873696,0.2416693580646,0.4599364963098,0.2360487201594,0.5836673959734,-0.0855781295473,-0.1384321489654,0.3192092906500,0.2765399337175,0.2411411877797,0.4860650808702,-0.0424623983047,0.2738196595168,0.2606064706338,-0.2308994033017,-0.3034957565509,0.0599828134362,-0.4101149173373,-0.0783179730430,-0.0276316556919,-0.2111917097868,0.1037252603987,-0.1954553062590,-0.3664865312049,-0.1810306485618,0.4257604374865,0.0037628949189,-0.1371983908287,-0.0116663898001,0.2909264111970,0.2657296127535,0.8275814095674,0.3704199209481,0.2882516786049,-0.0237628314233,-0.1894365306666,0.1646914161873,0.4104132563783,0.0566376425010,0.3358890882387,-0.2069923864126,-0.1592567601378,0.2311952973319,0.3349091879026
0.5387168770927,0.5249805433445,0.3130872119222,0.4976699394195,0.4553773687634,-0.0094971820379,0.1140842794514,0.0474055840473,0.0385654103418,0.0603130617879,0.1858466679059,0.2086545326426,0.2432053792408,0.1032087962847,0.2118822730325,0.0308873582973,0.6346701098751,0.5879437672998,0.2264269124585,0.4056725882574,0.2093175578777,0.8545402382540,0.4728561051540,1.0000000000000,0.2581220551005,0.2824751939159,0.3445206927302,0.3810375189467,0.6738978487658,0.5188659643700,0.6156690028443,-0.0018681164952,-0.0258982669751,0.4654434154242,0.4203966910521,-0.0294164252475,0.3903684110203,0.0000206049845,0.3133997665893,0.4406667968851,-0.1049926506187,-0.1326069064319,-0.2511788034108,-0.2084977147095,0.0528002537472,0.1976864337687,-0.0495926891549,0.3033364680905,0.0214570173721,-0.3107033885107,-0.0092925295574,0.5632662020416,0.1508947508055,0.0231064240673,-0.2278045050551,0.3060298697040,0.5799722316615,0.3939145065355,0.6352836389666,0.2614168711846,-0.0634841987900,-0.1904754879517,0.3171704550722,0.4406124155747,0.0664356759904,0.2173870740315,-0.0915250799404,-0.1436473959306,0.1952989725272,0.4510832100355
0.1841451091794,0.3061630578426,0.1829877934982,0.4785432348577,0.4934246289639,-0.1546633790862,0.0281496941380,0.5141700140476,-0.2002316658554,0.5858135185581,0.0864462795931,-0.0478329498335,0.2892089270831,-0.0423520933124,0.1092767540649,0.1155904713662,0.1472496362495,0.1960170219044,-0.1381434957886,0.0850007605526,0.4115402262971,0.2242589304853,0.3520579234215,0.2581220551005,1.0000000000000,0.1991520573120,0.2076606241551,0.2292214615929,0.4752830057026,0.1882783817634,0.3565946592454,0.1318937371516,-0.0906320189403,0.1706406936344,0.0365041078436,-0.1306669848548,0.3142979458945,0.1041945229297,0.4128027860062,0.5325071082289,-0.2425774222730,-0.1880751928713,0.3498838946189,-0.3515175697200,0.4542789491654,0.0930504274162,-0.2248805260484,0.4018735828374,-0.0885457340126,-0.2212887032596,0.1059770485403,0.1017863032685,-0.0118480670617,-0.2381984838536,-0.2459945992001,0.4554123075163,0.0923460146649,0.3002793793396,0.0362364820386,0.7202200943398,0.1213563713420,0.0377880176228,0.2153636796982,0.3445231968251,-0.0965307922609,0.0679850628537,0.1208697510462,-0.1007621630469,-0.0005026699831,0.0987436530297
0.1642362821337,0.3537582909771,0.4613264885658,0.5718260772592,0.0451000759424,0.2907588251924,-0.0034584666595,-0.3151697797594,0.0025649927086,0.2803362091528,-0.1358896060212,0.5201035067277,-0.0563040324195,0.5605362791230,0.4970154154972,0.2035368915369,0.0653883240855,0.5621679502963,0.0273766495538,0.4262057048276,0.0445077617308,0.1630524382889,0.1193672481440,0.2824751939159,0.1991520573120,1.0000000000000,0.6745803390551,0.7841445155207,0.1749195352250,0.3452400276256,0.0684156613523,0.4137553047710,0.2739486179813,0.1268243665080,0.4118561509185,-0.4276615395713,0.3592452977759,0.2135988025093,0.5133030182685,-0.0238911172958,0.1597728286309,-0.2634095751942,-0.2717014756261,-0.1574872349268,0.2526738010801,-0.2010213073571,0.2924126097554,-0.0872546648661,0.3640238637911,-0.0889969960403,0.2098128969938,-0.0495290001925,0.0419268590616,0.1046765178293,-0.2637533334255,0.0094581075585,0.0038134930545,0.1683571703243,-0.0632470076218,0.2090646120686,0.7704135779550,0.2401820939132,0.7347680904801,-0.0438662161150,-0.2835916579884,-0.3354740454465,0.3700816967809,0.2249339679652,-0.1197641722209,0.2947110569753
0.2339582781024,0.2489065108564,0.5520986324539,0.4505476377776,0.0487706418997,0.2847710888658,0.1077119181959,-0.2099212945842,0.1012249213951,0.0275508638264,-0.0885526753934,0.4581675431704,0.0465761324737,0.3214345629654,0.5595015067151,0.1068061341175,0.1101300151956,0.7265453190592,0.1027483035887,0.6168299408791,0.1019477221614,0.1682094690913,0.0967453873696,0.3445206927302,0.2076606241551,0.6745803390551,1.0000000000000,0.6892446298285,0.3098355637804,0.4531913552639,0.2151980616693,0.5203748770181,0.1975346356365,0.1238318994718,0.4210924489278,-0.3912703629625,0.2130002384814,0.2032094470727,0.2600122145536,-0.0381159700241,0.1221672205799,-0.1598036235348,-0.2776774708667,-0.1492580667198,-0.0139941980322,-0.1818472452630,0.1833852608520,0.0418739088700,0.0261549314194,-0.1038658547856,0.1185063211437,-0.0045366475995,0.0683506149257,0.0668637966877,-0.1804603047949,0.0492363022031,0.0525332074945,0.0265370524411,-0.0309917052657,-0.0069980398640,0.4070788746838,0.4645378838196,0.5410692813290,0.0339601485971,-0.2335767658537,-0.1582793729722,0.3479172545880,0.1514437206992,-0.0935351001964,0.1921722678254
0.1035534788934,0.4014901751308,0.6516296786872,0.6389161264079,0.0543693542650,0.2457649631279,-0.0923475900659,-0.0733768389185,-0.0893140327321,0.2337255004592,-0.2146398567692,0.5049671861343,-0.0477022859134,0.5632555465829,0.5030685664560,0.0349630020001,0.2128314704144,0.6963844769234,0.1508734930885,0.5485606240158,0.0412000479160,0.3326562608176,0.2416693580646,0.3810375189467,0.2292214615929,0.7841445155207,0.6892446298285,1.0000000000000,0.3105978148211,0.3285699452208,0.2366938777190,0.4951648398043,0.3406051342377,0.0697769809602,0.3189119268100,-0.4540409449258,0.3870225108949,0.4056050834000,0.5316218432921,0.0240534473327,0.0741593110712,-0.4205991870657,-0.1476188690446,-0.3294745681205,0.1904947539546,-0.2451665448321,0.2712241447609,-0.0258192157647,0.2462346542217,-0.1486091049569,0.0966311116403,0.1294272683961,0.2126345918262,0.1962999441575,-0.1461767053426,0.0439485698281,0.2476589443743,0.2082251726692,0.1290771681360,0.1614527772521,0.5474927123793,0.2395508962937,0.8880162365932,0.1124546802691,-0.2699961236389,-0.2568415538040,0.4297808878334,0.2686238139965,-0.1305231907080,0.2532805626305
0.4126700562878,0.3259209541619,0.2434643747740,0.4774909467950,0.5418285384741,-0.1851016022968,0.0835494952887,0.3251969966254,-0.1274780904862,0.1546827641404,0.1174653625734,0.0307681684592,0.3231400788604,-0.0525687551133,0.2149669851215,-0.1168521914765,0.5227168642878,0.5108594381782,0.0263367880121,0.3985960191224,0.3213509909289,0.6681110493263,0.4599364963098,0.6738978487658,0.4752830057026,0.1749195352250,0.3098355637804,0.3105978148211,1.0000000000000,0.3871883880277,0.5509015119030,0.1383052537489,-0.0442676438270,0.2462195424823,0.1544842592181,-0.0538928021770,0.3321307135491,0.1707368128175,0.2288288510577,0.5409936056638,-0.3371063705104,-0.1975666298446,0.0432153489749,-0.4465439686453,0.1291466037911,0.2599185849843,-0.1753449710217,0.4580829283192,-0.1618790009281,-0.3609655952666,-0.0678448403460,0.4576565824892,0.1204716571368,-0.1066645986960,-0.1913497393342,0.4154101859529,0.5148928054875,0.3542991920841,0.4041180144133,0.3106808266653,-0.1276850088110,-0.0683418187696,0.3168112827937,0.7907937350633,-0.0443725627917,0.2216453091429,0.0180038000529,-0.0981636209216,0.0649909344556,0.1073245202032
0.4379054767274,0.5427301935827,0.2280748957903,0.4814995021691,0.3861865811374,0.0994358919450,0.3521870713779,-0.1104983020679,0.0297288816394,0.1679375246991,0.1876136413967,0.2506540425804,0.3902993910652,0.0285749168447,0.6393165694635,0.1990071946934,0.1899692459094,0.5215531338357,0.1336692291509,0.3696843510547,0.1536023426599,0.4338111653865,0.2360487201594,0.5188659643700,0.1882783817634,0.3452400276256,0.4531913552639,0.3285699452208,0.3871883880277,1.0000000000000,0.3547963594449,0.2061014065379,0.1116747088912,0.6483886453690,0.4085208807702,-0.1511279727095,0.4084782114296,-0.0864959852870,0.3453860802910,0.3175789697756,0.0461070080852,0.0053274280496,-0.3025533848354,-0.2230646702196,0.1418767439085,0.1524722368078,-0.0467188371504,0.3174191556476,-0.1092825679840,-0.0034196668766,0.2634424238651,0.0758251001696,0.1709983830403,-0.0264707769118,-0.2230407173133,0.1481483724820,0.2388586588248,0.1497723655062,0.1486627580924,0.0460415244157,0.0421575393859,-0.0086446140262,0.2540790679009,0.1192255532785,0.3855717890738,0.1015105123765,0.1107221752891,0.1689095929253,0.1563778555694,0.4989115314349
0.6135282876131,0.5636100284927,0.3481632997012,0.4828528666411,0.4814220519468,-0.1530806254895,0.1409036335836,0.5150925794276,-0.0528529395744,-0.0123411658539,0.1325710667263,0.2007015920041,0.2682866046519,-0.0611802806113,0.0925430475480,-0.1176111084060,0.3548355568427,0.5429857674633,0.2113642378183,0.3971453766410,0.3536287250249,0.4796621917271,0.5836673959734,0.6156690028443,0.3565946592454,0.0684156613523,0.2151980616693,0.2366938777190,0.5509015119030,0.3547963594449,1.0000000000000,-0.1184948562632,-0.0560130623115,0.2576230640112,0.3400383353867,0.1137535318665,0.3696899596247,-0.0954226155036,0.3118960746441,0.3252717603946,-0.3000159120630,-0.2456652070050,0.1169835832317,-0.3892070377856,-0.0917153370409,0.0144516136997,-0.1473644935051,0.2670125184797,-0.1369311603152,-0.4680546758224,-0.2374663986026,0.3037643797934,0.1744734227887,-0.1427237367500,-0.0502782290303,0.3430365641351,0.2109806429225,0.3681118147187,0.3727203517472,0.2724075473762,-0.2244633446219,-0.2251551577504,0.1012529618320,0.3249061567089,-0.0109168705802,0.3954696129870,-0.2162705098858,-0.1696534257089,0.1306150109504,0.3977907390883
-0.0907051594380,-0.0162877316080,0.1502097895437,0.1746613378491,-0.0226105986381,0.0595018857686,-0.0650646861257,-0.0575526247590,-0.2422665347111,0.2600045052748,-0.2107624225033,0.1927794835597,0.0440013209156,0.3300099445228,0.4587639088032,-0.1420927082157,-0.0940803496409,0.3008536436837,-0.0686850479664,0.2858436002971,0.0356001585124,0.0471330533822,-0.0855781295473,-0.0018681164952,0.1318937371516,0.4137553047710,0.5203748770181,0.4951648398043,0.1383052537489,0.2061014065379,-0.1184948562632,1.0000000000000,0.2268393121083,-0.0443241584923,-0.0466990069457,-0.3366167845052,0.0631025653581,0.2342076696732,0.1382055451484,-0.0318939532842,-0.0653823468129,-0.2626664964040,-0.0109834841160,-0.3388837564672,0.1923801244635,-0.0868553503857,0.1006989380798,0.1259880240904,0.0572172021038,0.0437086180396,0.0172549866793,-0.1355276705505,0.1853799086994,-0.0196698649065,-0.0399514465818,0.0053125650139,0.0719101748422,-0.0572072325450,-0.1184485614220,-0.1028565313392,0.3178770187535,0.3712390274450,0.4523085899092,0.1206551491181,-0.0397820815934,-0.2006864218870,0.7470266329458,0.3763721407124,-0.0606616154617,-0.1518672706555
0.0734666727282,0.1156482284052,0.1046101080919,0.1046223447712,0.0450898256761,0.5015332527638,0.2546639422235,-0.2246157493811,0.3043853341255,-0.0708730762547,-0.0847071669465,0.2151885664444,-0.0546386516803,0.3024289832675,0.3826538891163,0.3149016422434,0.0362529341261,0.2677772862152,0.0427257989626,0.0644282781212,-0.1130272592191,0.0632603399322,-0.1384321489654,-0.0258982669751,-0.0906320189403,0.2739486179813,0.1975346356365,0.3406051342377,-0.0442676438270,0.1116747088912,-0.0560130623115,0.2268393121083,1.0000000000000,-0.2561242291393,0.2971578520183,-0.1153800088567,0.0047609976145,0.0109634781686,0.2217200019865,-0.0412934510620,0.3396642002673,0.0789113789946,-0.2553137617212,0.1353320056829,-0.0984924015056,-0.0808047490624,0.2744074322573,-0.1163795901519,0.0789445932903,0.1863716578147,0.2763925857255,0.0026182789322,0.2067562615724,0.2233911598904,-0.0319556707390,-0.2060313161256,0.1159392088568,-0.2203991657988,0.0568545319904,-0.1304384686358,0.2326766553617,0.0875626080394,0.2736708848903,-0.0572006562156,0.0914210578932,-0.0913474352902,0.2948021422828,0.6538920776838,-0.1146338063541,0.2674727699425
0.2035952288573,0.3518617841532,0.0973497887586,0.2807991427533,0.2731969239268,-0.0098263537051,0.0367222731316,-0.0836695403526,-0.0354665184723,0.1516712514568,0.1417309621304,0.0853475737515,0.1836571322264,-0.0551716723921,0.2446448711940,0.1209631704410,0.2823132341730,0.1904071871998,0.1572347158735,0.2115714252309,0.0913873316856,0.4287581736893,0.3192092906500,0.4654434154242,0.1706406936344,0.1268243665080,0.1238318994718,0.0697769809602,0.2462195424823,0.6483886453690,0.2576230640112,-0.0443241584923,-0.2561242291393,1.0000000000000,0.2893301773499,-0.0225192134193,0.3443003817796,-0.0866709421235,0.2215416763516,0.3545152025389,0.0750115686875,-0.0387349092455,-0.1998693529054,-0.0621334800425,0.1791804637130,0.1790896364137,-0.1661249445626,0.2326562782488,-0.0139536579536,0.0207416267410,0.1531236786763,0.2274828643716,0.0444038631253,-0.0079661186674,-0.1524313869008,0.2045827643819,0.2699838807658,0.3688072877895,0.1830649548043,0.1645914650396,0.0086330082299,-0.1438518137384,0.0237209883938,0.1095517166956,0.3816732904509,0.1653601661182,-0.0945948044200,-0.2163620950325,0.4512137876963,0.4448753868662
0.3837476033140,0.4383428051624,0.1993996464984,0.2565566905770,0.2494839151084,0.3000899186097,0.1918296619612,-0.2599389247218,0.0978798781285,-0.2231404983669,0.0206051092791,0.1713588357313,0.0233331000230,0.0060582955982,0.2204243928235,0.2015674129589,0.3200998707296,0.4980223293418,-0.0184765240187,0.3687426208710,0.0844500294409,0.2727373022557,0.2765399337175,0.4203966910521,0.0365041078436,0.4118561509185,0.4210924489278,0.3189119268100,0.1544842592181,0.4085208807702,0.3400383353867,-0.0466990069457,0.2971578520183,0.2893301773499,1.0000000000000,0.1676703076073,0.3644341705388,-0.1915636006239,0.2965079862455,0.1395924045471,0.2459113225509,-0.0262105669496,-0.4844619319750,-0.0219912779705,-0.3280164361422,-0.0443623921329,-0.0172444511652,-0.0016307502212,-0.1536744793823,-0.1298582348970,0.0781141701898,0.2325423862893,0.2387587287478,-0.0561758550673,0.0232996530330,0.0521664233774,0.1525070281348,0.2221381873657,0.3118026234850,-0.0946123250059,0.3523594607935,0.0237203946162,0.1607562539604,-0.0119371726332,0.2065113306862,0.2100877107266,-0.1013455638899,0.1952179996338,0.3843510318611,0.6516408581408
