1.0000000000000,-0.0726140546154,-0.2033243086412,-0.0399505754332,0.4816957219987,-0.1117810501013,0.2503137017861,0.0261297423215,0.0026723692785,-0.1354689345076,0.3636281533528,0.0770893092132,0.5796768140050,-0.1323512745948,0.4032790973021,0.1818634785092,0.0422718814386,0.4235386825781,0.2648225575669,0.4961719513680,0.6094238231993,0.0712636559813,-0.0600424844040,-0.0573753413756,-0.0260500916069,-0.2240553965225,-0.0928981231231,-0.3354310564929,0.2624633250987,0.3730971975602,0.1072148134516,0.0152071126602,-0.0965120980833,0.4324550981926,0.2605997981936,0.7017150321950,0.0726327708856,-0.2412768303763,0.0865594857217,0.4255538674909,-0.1327951295110,0.2873060677380,0.0156771046565,0.0222669285350,-0.0857817040529,0.3859264298252,0.0657007185712,0.5132772340677,-0.0675179866484,0.3582013286456,0.1217713244308,0.0425569305219,0.4710859249914,0.1616183930544,0.4354278611641,0.5907084210565,0.1726585162486,-0.0297816026257,0.0464061742269,0.0067943019995,-0.0657000668517,-0.0220595143445,-0.3330322584315,0.2384422875798,0.3319334404908,0.2040420090844,-0.0239892929161,-0.0224626979492,0.3710058094050,0.3093132911056
-0.0726140546154,1.0000000000000,0.0502052344590,0.2518889904637,-0.0495044104331,-0.0525561429379,-0.2459920037814,-0.0590887755164,-0.0818767641084,-0.0837285132852,-0.0713381461463,-0.1612170785740,-0.2543119659747,-0.2929282400117,-0.3264981916771,-0.1177916185341,0.1658967855081,0.1703191999918,-0.3848759142793,-0.0508454239257,0.0562574677552,0.2397192017524,0.6629463096813,0.2584607875833,0.1572849302418,0.0925339828174,-0.0018841714169,0.0505205393073,0.1907162381406,-0.0640108752214,0.3717501025459,-0.2833732202802,-0.1380552932894,0.2346264987393,0.4931154436419,0.0371681103474,0.7776494288898,0.0101450802865,0.2088827680075,-0.0503667583523,-0.1620841473356,-0.3105978650686,-0.0753604811462,-0.1739380919056,-0.0920320776533,-0.1545803399038,0.0406299556920,-0.2552075447219,-0.1607323107675,-0.2607901372030,-0.1375293205365,0.1915077772356,0.2428511360374,-0.2638855003759,-0.0514212620766,0.0164663810505,0.0912390892042,0.6774840063848,0.2133764062195,0.2222560714446,0.2482894385515,-0.0638457224231,0.1117305575353,0.0689644305177,0.0093794310376,0.3815750755241,-0.0783446929629,-0.2137975249889,0.1096580134361,0.4820993040781
-0.2033243086412,0.0502052344590,1.0000000000000,0.3119656761098,-0.1863304942707,-0.4294790908768,-0.4336363954547,0.5703029822422,-0.3769620559378,0.1724206767891,-0.4821140888518,0.0617237562493,-0.2789518700448,-0.0198732013848,-0.4427937201164,-0.1826709794065,0.5421986068228,0.3056079482068,-0.0196404522432,0.0240653238091,-0.1421072330931,0.5041401917813,0.2633098597218,0.6832351397704,0.3078222844922,0.1719880094796,0.4328924029459,0.8123560317694,0.3319504842769,-0.4742323183242,0.3939992547309,0.0810045077721,-0.2704636140816,-0.2729898798326,-0.1220514561889,-0.5736998079428,-0.0291643232757,0.7931245700992,0.1318285278381,-0.2543030617150,-0.3778736674918,-0.4242890637995,0.3496903468417,-0.5215792526339,0.0393120853596,-0.5396512025076,-0.2152792808113,-0.2160045593747,-0.1522473356350,-0.5810988678954,-0.3818212911650,0.5730129424551,-0.0121758008665,-0.2504667688980,-0.2646110462272,-0.2065554827418,0.4116473514370,0.1872437164528,0.5344207391916,0.1488992383618,0.1586959136313,0.2975734419843,0.7193396464846,0.1350958207823,-0.5714416488226,-0.0227440030157,-0.1442895987737,-0.4597771110470,-0.5058450455442,-0.3305924753524
-0.0399505754332,0.2518889904637,0.3119656761098,1.0000000000000,-0.0418797313323,-0.4176850738069,0.0675352518825,0.5648963356741,-0.1538206316959,0.3526639317077,-0.2127803341023,0.3065632888183,0.0461081924972,-0.0115377159380,-0.2653522479024,0.0895118327862,0.4292831245150,0.2179303295307,-0.1051395881024,0.0174706658146,-0.0121208735078,0.3169090602270,0.4219222939806,0.3480033658783,0.3985976671439,0.4351903704343,0.3253679577716,0.1553161287181,0.1645027040405,0.0583214369341,0.4067338664214,0.1355284268936,-0.0928737406885,0.1251993650301,0.2457080534459,-0.2796237337649,0.0957470805614,0.2258926367344,0.6056627584639,-0.1287045978799,-0.4764884178786,-0.1597068509148,0.2825587147175,-0.5352732879216,0.2039599235074,-0.3199224531923,0.1592474920492,0.0492615103270,-0.2333248310486,-0.4866449499603,-0.3014305650409,0.3728672295713,-0.0961002364325,-0.2769907880646,-0.3023222205018,-0.0263031943551,0.0767552324479,0.3293812657895,0.0431947723442,0.3227914103438,0.3977715946031,0.0588123575375,0.0956858425115,0.0286926300269,-0.1665835005663,0.0381443821281,-0.3239702059793,-0.4065818739888,0.0186792961423,0.0948762987928
0.4816957219987,-0.0495044104331,-0.1863304942707,-0.0418797313323,1.0000000000000,-0.0181025137166,0.0925835529503,-0.0382219352407,0.0320699244483,0.0796009620485,0.3979781861539,-0.1832758024189,0.6758074321835,0.0125326926814,0.2156472271792,0.0955155984422,0.0379233944289,0.1228970893133,0.0660911179436,0.0089978352196,0.7682263263213,0.0323551915668,-0.0043578979573,-0.1256379357675,0.1694224556212,-0.1126216955705,-0.2747877870660,-0.1760015793387,0.2422170572066,0.0456323979946,-0.0618736952101,0.0578990293429,-0.1408438925713,0.1786162493323,-0.0775620689249,0.4052134643744,-0.0368971128083,-0.1717645477944,0.0242883500056,0.8286693691258,-0.0484140359167,0.1119200311906,0.0513727074029,0.0501889630966,0.1551535264857,0.4133241555461,-0.0735555538339,0.5964730255423,0.0614792766459,0.2155208450118,0.1512409556920,0.0357895489530,0.1636268510864,0.0001884477744,0.1163489914707,0.7531950664813,0.2369405466591,0.0221589899773,0.0095363035410,0.2555567682262,-0.1329549420711,-0.2904654131555,-0.1929385089784,0.2951681648233,0.0211182552236,0.0233613471904,0.1559522256945,-0.0253587448641,0.1518461525421,-0.0273003884503
-0.1117810501013,-0.0525561429379,-0.4294790908768,-0.4176850738069,-0.0181025137166,1.0000000000000,0.1688322083359,-0.5382147664778,0.6713345608491,-0.0789231106622,0.1569248297630,-0.0412872834953,-0.0839033161570,0.2968865189741,0.5143168825371,0.3883158129898,-0.4172858701905,-0.3969988514102,0.1580575479874,-0.0860955097705,-0.0573644290649,-0.4184017400788,-0.2614831017461,-0.4522993807739,-0.2966292771789,-0.0177446423997,-0.3764601358201,-0.3278058854303,-0.4106762645086,0.2316610696378,-0.4017148120404,-0.1376801372259,0.5342991720069,0.1148177101130,-0.0559481952047,0.1746065853743,-0.0691509586551,-0.3008558943172,-0.0798839847804,-0.0491695708210,0.8502010353457,0.3770015686633,-0.4121692182525,0.7659201911893,-0.0596205008879,0.1742653321479,0.1331577984725,-0.1363753136626,0.3681857424976,0.5781273383258,0.6246876638724,-0.4511168618363,-0.1793907493929,0.2624240384673,0.1080226449931,-0.0607811653059,-0.3327267994240,-0.2297636806684,-0.3409622232446,-0.3158186444386,-0.0679589639135,-0.3380714801949,-0.3700074187104,-0.3465841090824,0.2833665350769,-0.1708746091306,0.2811413810174,0.6025381677220,0.2389753391143,0.0631282489271
0.2503137017861,-0.2459920037814,-0.4336363954547,0.0675352518825,0.0925835529503,0.1688322083359,1.0000000000000,-0.1085264662403,0.4709294369194,-0.0520781857424,0.5496672067654,0.1806418781672,0.5503124775061,0.1218158814052,0.4685458796223,0.4249615960756,-0.1577926716743,-0.1316590191098,0.1378095435409,0.0422969222642,0.1926611640527,-0.1980461214191,-0.3463645292409,-0.3246909387507,-0.1595631383649,-0.1026057180369,-0.0795067631167,-0.4971910018973,-0.0724305667176,0.5538438694626,-0.2080659338380,-0.1429953628083,0.3088005904131,0.0924584776752,-0.0534772774596,0.3191098059001,-0.2164596073931,-0.3889450996911,0.0793310100761,0.1223591655931,0.1267964612935,0.7961076290472,-0.2327469944287,0.1943700370193,-0.1392853030147,0.4325759536258,0.1267172089764,0.5539846317863,0.1495181380638,0.2532860240838,0.2484098463763,-0.2260244245050,-0.1829665231497,0.0547841251929,0.0374282625893,0.2531264989201,-0.2679192269318,-0.3930802746910,-0.3448179901120,-0.1867274169867,-0.1622634951181,-0.0954268701055,-0.4890725866016,-0.0340490368781,0.4596395285623,-0.2103473989121,-0.0485373477960,0.2510833958631,0.3657942415322,-0.0106939351179
0.0261297423215,-0.0590887755164,0.5703029822422,0.5648963356741,-0.0382219352407,-0.5382147664778,-0.1085264662403,1.0000000000000,-0.2971206911730,0.4900221710238,-0.1784884493849,0.0906123556120,-0.0180440113041,0.1131701624350,-0.2133417851526,0.0133727180580,0.3913716419386,0.2415151434118,0.0012306312908,-0.0086530501236,0.0234942342250,0.3582437692192,0.3019473523899,0.3548071211892,0.6745850525709,0.3017328142771,0.3812271251410,0.3265383708044,0.3726838048336,-0.2185669810905,0.4167062154779,0.1552761786990,-0.2280484557296,-0.0332974119750,-0.1358516455807,-0.3955585237872,-0.1457425379228,0.4482103236201,0.3612118288354,-0.0174901061191,-0.5350256148823,-0.2432443232520,0.7227887742925,-0.5625082841812,0.3689769213395,-0.2410657992168,-0.0797357275798,0.0736353690994,-0.0161355922790,-0.4415258001861,-0.3421239938844,0.3774440291625,-0.1806305548077,-0.1416167210392,-0.2677464638947,0.0213291050163,0.2233400141161,0.1718560940969,0.1490690889621,0.4621424314806,0.2504081237234,0.2394344132890,0.3063426288639,0.2650353390132,-0.4086283991330,-0.0763329493484,-0.0335275775885,-0.3983474233525,-0.1448685178089,-0.2795245531371
0.0026723692785,-0.0818767641084,-0.3769620559378,-0.1538206316959,0.0320699244483,0.6713345608491,0.4709294369194,-0.2971206911730,1.0000000000000,-0.0866237579146,0.3191305255916,0.1111700002148,0.1309391320433,0.2829051505964,0.5245840361629,0.3521951060654,-0.3072146306492,-0.3139451663097,0.1433561606037,-0.0081921648857,0.0324057923894,-0.3475778720996,-0.3060976464366,-0.4284806196383,-0.2552163037626,-0.0395821463096,-0.1747178968986,-0.4353481849484,-0.2751256925155,0.2628445898244,-0.2059959053114,-0.2880413128061,0.3382775641645,0.1310081970044,-0.1222463218501,0.1454802273228,-0.1328766634407,-0.2800970017422,-0.0153818103903,-0.0138636798815,0.5874882794985,0.5282498369422,-0.3721053707067,0.5819995393552,-0.1861156551100,0.2080185867877,0.1303357827207,0.0536155860105,0.3372408968848,0.4121268579630,0.3050709340954,-0.4046295934614,-0.2849388538932,0.1920821684348,-0.0029097389869,0.0377653198352,-0.4219016479590,-0.3740090840816,-0.4098259053808,-0.3496667479033,-0.1389859376060,-0.1457124673789,-0.4656604602066,-0.2499134226806,0.1959064213703,-0.1881444209401,0.1046678912939,0.2930864842268,0.2216071246404,-0.0262081806691
-0.1354689345076,-0.0837285132852,0.1724206767891,0.3526639317077,0.0796009620485,-0.0789231106622,-0.0520781857424,0.4900221710238,-0.0866237579146,1.0000000000000,-0.0207908515980,-0.1791827988048,0.0306192319556,0.4055190797716,0.0618426651492,0.2324917034744,0.1418492026156,-0.3170732826227,0.0749037075425,-0.2103714905087,-0.0047654044160,-0.0913628499578,0.2781308943345,-0.1192029476532,0.6858608623147,0.3485113146408,-0.1166537135011,0.1715256270924,0.0232742310350,-0.1962426987248,-0.2454627963181,0.1214354056255,-0.0439195343392,-0.1236988642678,-0.3650819728839,-0.2397334120313,-0.3367190787711,0.0566112807995,0.4074994056853,0.1122893274682,-0.1132502472099,-0.1375318460007,0.4610731962029,-0.0661567971752,0.8434233982562,0.0257256810706,-0.0486205699355,0.0849327548243,0.3404810943726,-0.0400951373941,0.1438132745301,0.0910891213198,-0.4390098918927,0.0221506217429,-0.1624218718207,0.0323926148379,-0.0660250888514,0.1403499269531,-0.2684057246661,0.5422133741185,0.2228218562952,-0.3053657003014,0.0784242572966,0.0673449672691,-0.2810388710350,-0.3939212087155,0.4103501851303,0.0374841018939,-0.0250332531012,-0.3967841705126
0.3636281533528,-0.0713381461463,-0.4821140888518,-0.2127803341023,0.3979781861539,0.1569248297630,0.5496672067654,-0.1784884493849,0.3191305255916,-0.0207908515980,1.0000000000000,-0.2116609131812,0.5342018339931,0.0037325380371,0.4250897230971,0.1691238986963,-0.2808934101889,-0.1413588663939,-0.0019989999253,-0.0553269109120,0.4338661618017,-0.1063813394764,-0.1623443027419,-0.3510201908733,-0.0332222973424,-0.2433375683987,-0.2254058972173,-0.4042467095530,0.2350661031021,0.2696211435522,-0.1991617849606,-0.1361632994657,-0.0367824420009,0.1690887396996,-0.1438405856633,0.5049556379221,-0.0540309769174,-0.4431613932521,-0.0711924083543,0.6230040334830,0.1221318831279,0.5608156952128,-0.1882756786647,0.3088565881918,-0.0758318503490,0.8735481456382,-0.1191326428458,0.5785854525419,0.1514361224634,0.3645825384292,0.2603687321397,-0.2726347208840,-0.0271655021855,0.0380905794408,0.1834114950283,0.5417030263687,-0.0400477019512,-0.1634985930762,-0.2031291248594,-0.0472760481171,-0.2057774384288,-0.1541359581561,-0.3480393509859,0.3284042588252,0.3214786137082,-0.0624784842268,0.1704043413905,0.1680000138945,0.3816988435661,0.0338587942255
0.0770893092132,-0.1612170785740,0.0617237562493,0.3065632888183,-0.1832758024189,-0.0412872834953,0.1806418781672,0.0906123556120,0.1111700002148,-0.1791827988048,-0.2116609131812,1.0000000000000,0.0970213766280,0.1518917654747,0.0076149763238,0.1782685970261,0.0947201176044,0.2004518978865,0.4401386126183,0.3881648622407,-0.0348017284074,0.0589786781800,-0.2687559776485,0.0908905181783,-0.3022460965830,0.3003147274404,0.3706028834360,0.0360052371084,-0.1854556091193,0.2221790859269,0.2088270535236,0.2549247449358,0.0572774244890,0.1865559873195,0.2895796256493,-0.0785309995590,-0.1124986652490,0.0429035361169,0.1095503947486,-0.3480092941221,0.0029579874270,0.1708553394965,-0.1677910129284,-0.0826666440065,-0.2293442173612,-0.2603436961393,0.5386976657088,0.0359840643096,-0.0799712892248,-0.0749624631900,-0.0558183587684,0.0593479272122,0.0447722498737,0.1639380457254,-0.0137070247872,-0.1205613103212,-0.0117891544386,-0.2186168755587,0.0054348522373,-0.3840150226002,0.1925031252873,0.1334807433865,-0.0427106479469,-0.3885119672348,0.0193631995507,-0.0945029986432,-0.2728240640461,-0.1315429420011,0.0389061381935,0.1591576002362
0.5796768140050,-0.2543119659747,-0.2789518700448,0.0461081924972,0.6758074321835,-0.0839033161570,0.5503124775061,-0.0180440113041,0.1309391320433,0.0306192319556,0.5342018339931,0.0970213766280,1.0000000000000,0.0520829877595,0.3674003525313,0.3494551100504,0.0338578117190,0.1014664144244,0.2781566653947,0.2331867010310,0.7467111174806,0.0093144425101,-0.2078618332945,-0.1620513807978,-0.0306804704140,-0.1852498568261,-0.1611871394629,-0.3152014984255,0.1827203374221,0.4452935562041,-0.1127546052139,0.0426248533357,-0.0522505590338,0.2170589841661,-0.0777841653544,0.4724515032891,-0.2620428900387,-0.3199351049479,0.1227390410171,0.5518603089646,-0.1046742378326,0.4659221970039,-0.0863806731035,0.0007646762414,0.0003715664949,0.5264924639310,0.0183299894697,0.9121932535340,0.0865502631052,0.2648965274177,0.2101040145377,0.0235678054068,0.0337137811891,0.1090138084130,0.1848955395029,0.7699508266640,0.1110177603933,-0.2496135037613,-0.1375199693431,-0.0276506504062,-0.2004142701117,-0.2229127678244,-0.3673169370298,0.2181054444765,0.3069686233536,-0.1046197524910,0.0530282058362,0.0188853300027,0.3586653661710,-0.0409808241008
-0.1323512745948,-0.2929282400117,-0.0198732013848,-0.0115377159380,0.0125326926814,0.2968865189741,0.1218158814052,0.1131701624350,0.2829051505964,0.4055190797716,0.0037325380371,0.1518917654747,0.0520829877595,1.0000000000000,0.3810137503857,0.4379175430170,-0.1600217252886,-0.3118196100109,0.4063290886268,-0.0674777234740,-0.0241360417263,-0.2113935891403,-0.2856595873074,-0.2951072115811,0.0092623318797,0.6109253977557,-0.0506276258706,0.1884750275831,-0.3308367569496,0.0159610620859,-0.3141064264105,0.1876806704712,0.2521799347427,-0.0063114354491,-0.3280753356679,-0.2615525766339,-0.4462596297851,-0.0557615106645,0.1633717528633,-0.0798297981139,0.2085916841015,0.1206054639347,-0.0041312964682,0.1990362833370,0.3360259580635,-0.0398099638928,0.2931815100391,0.0314980207593,0.8168848397160,0.1581579470379,0.3360084378610,-0.2514999690816,-0.4691812941219,0.2877671057903,-0.1345514664933,-0.0644346497508,-0.2312462888767,-0.3367740581913,-0.3949121988023,-0.1081118915097,0.3371715560789,-0.2420844470510,0.1008143040727,-0.3399954366951,-0.1965676637634,-0.5314751970038,0.6183915691930,0.2149756150134,0.0012265742957,-0.3888172975197
0.4032790973021,-0.3264981916771,-0.4427937201164,-0.2653522479024,0.2156472271792,0.5143168825371,0.4685458796223,-0.2133417851526,0.5245840361629,0.0618426651492,0.4250897230971,0.0076149763238,0.3674003525313,0.3810137503857,1.0000000000000,0.4558289069318,-0.3944588370560,-0.1199125096732,0.5192530019010,0.2638658984011,0.2313530546763,-0.3032245876950,-0.3581511894512,-0.4598663984729,-0.1867304102123,-0.1077938544255,-0.3466076171157,-0.4275990837233,-0.1489971744095,0.4828385436508,-0.3327355437741,0.0189136920159,0.4208179994593,0.1649380908058,-0.1259095959583,0.4200441070824,-0.3205552878060,-0.4427718372401,-0.0290319118222,0.1837407040415,0.3986059703549,0.5690688493724,-0.1995936076448,0.5196899751283,0.0179207638505,0.4400436043797,0.1646305838682,0.3406079238635,0.3906487096445,0.6929543894899,0.4977476537612,-0.4555504861484,-0.0485636020904,0.4155609728316,0.3118020321103,0.2403628376059,-0.2543589649218,-0.4057154862754,-0.4085604273790,-0.2456871399378,-0.1398080618851,-0.2894026140216,-0.4851179518341,-0.0908478800876,0.4374916418217,-0.2025822361182,0.3073853036385,0.5004869547335,0.3510861179475,-0.0171855680255
0.1818634785092,-0.1177916185341,-0.1826709794065,0.0895118327862,0.0955155984422,0.3883158129898,0.4249615960756,0.0133727180580,0.3521951060654,0.2324917034744,0.1691238986963,0.1782685970261,0.3494551100504,0.4379175430170,0.4558289069318,1.0000000000000,-0.0311085196860,-0.1668134795370,0.2964210360295,0.0729057801918,0.2262960938917,-0.0979838242972,-0.1096289874489,-0.2163517348589,0.0745982087648,0.2461785987296,-0.2258639323045,-0.1914887205463,-0.0901343174568,0.4210104349067,-0.1874733767527,0.0184767339178,0.2969716528199,0.2484405435906,0.0515684821158,0.1011200149452,-0.1782230038545,-0.1726145002444,0.4402769375024,0.0401757284081,0.2141689322623,0.4588837166037,-0.0285469723820,0.2715191308427,0.2359663954110,0.1603385013583,0.3822064039717,0.3227469786528,0.4697535388798,0.4004378954627,0.6779528480855,-0.1110281374187,-0.1664465263058,0.3296533798082,0.1187865380061,0.2402558608380,-0.1164495352329,-0.1262323517534,-0.2609288809398,-0.0627405154366,0.3034334024031,-0.2331687077004,-0.2419354433994,-0.1456122563963,0.2606948644316,-0.2468077580494,0.3651857323525,0.2466695759099,0.3366176724070,0.0803310078491
0.0422718814386,0.1658967855081,0.5421986068228,0.4292831245150,0.0379233944289,-0.4172858701905,-0.1577926716743,0.3913716419386,-0.3072146306492,0.1418492026156,-0.2808934101889,0.0947201176044,0.0338578117190,-0.1600217252886,-0.3944588370560,-0.0311085196860,1.0000000000000,0.2309000013274,-0.1884587060662,-0.0761655664897,0.0846738124886,0.6146912053363,0.4294181311499,0.6528755290388,0.2977245395676,0.0812375667273,0.0820309875575,0.3377254640442,0.3573668613558,-0.1712669517118,0.4958237347817,-0.1580178050235,-0.1360782474529,-0.0595569463749,0.1325288806679,-0.1963587199902,0.0168846347400,0.4826003963759,0.1363717839219,-0.0317439145327,-0.3554152145189,-0.1868175203208,0.2535588777575,-0.4686647267164,0.0174383167394,-0.3794104447355,-0.0983484067863,0.0502557621401,-0.1824515964466,-0.4426240980673,-0.2304308077530,0.9186278132815,0.0536601457436,-0.3258447677800,-0.2876718513799,0.0357927854722,0.5039383506470,0.3950452417108,0.5087920020075,0.3540326126129,0.1331503703408,0.0398707664784,0.2914808370697,0.2370140380412,-0.2839098585874,0.2696473167103,-0.3147378145743,-0.3524654144627,-0.2330065423998,-0.0191442101751
0.4235386825781,0.1703191999918,0.3056079482068,0.2179303295307,0.1228970893133,-0.3969988514102,-0.1316590191098,0.2415151434118,-0.3139451663097,-0.3170732826227,-0.1413588663939,0.2004518978865,0.1014664144244,-0.3118196100109,-0.1199125096732,-0.1668134795370,0.2309000013274,1.0000000000000,0.1534273223036,0.5849420360591,0.2406145298605,0.4285499783498,0.1078350571739,0.5292805777802,-0.0983635454095,-0.1037424067004,0.4178071088684,0.1319833105158,0.3969138435559,0.0903311187185,0.5683567655682,0.0655717128334,-0.1881326571946,0.1096285826071,0.4185415372319,0.1207707371818,0.2425173001782,0.2273417360847,0.0240066437430,0.0437756132782,-0.4207800792643,-0.1393587107007,0.0831601966224,-0.4220868871360,-0.3393594011262,-0.1538727933749,0.0439992316260,0.1065626437301,-0.3337882725722,-0.2513200864404,-0.2723115135311,0.2597483192317,0.6307592184616,0.0157742463982,0.2511741512641,0.1701402741830,0.4198250067549,0.0923960454621,0.5119963896707,-0.1053993211459,0.0566659528398,0.4040414083766,0.1487067424306,0.2212302346389,0.0064681146415,0.3823613205359,-0.2758112755320,-0.3333166273551,-0.0157987751611,0.3072495085707
0.2648225575669,-0.3848759142793,-0.0196404522432,-0.1051395881024,0.0660911179436,0.1580575479874,0.1378095435409,0.0012306312908,0.1433561606037,0.0749037075425,-0.0019989999253,0.4401386126183,0.2781566653947,0.4063290886268,0.5192530019010,0.2964210360295,-0.1884587060662,0.1534273223036,1.0000000000000,0.5916130819984,0.1196181972010,-0.1857986475079,-0.3886745485207,-0.1722211025049,-0.2654052529975,0.0611766811302,0.0329217074286,-0.0014985585705,-0.1662440914610,0.2419039719607,-0.2077718730483,0.2568236181333,0.1345985728109,-0.0001874170023,-0.1160723995241,0.1137599893209,-0.4194713205811,-0.1828575617765,0.0047609814174,-0.0615874388516,0.1066601694594,0.1961913325283,-0.0966933455284,0.1648165459018,-0.0117948966771,0.1093545941753,0.3021396025775,0.2252984557435,0.2519686639620,0.3524310479486,0.2727450570895,-0.2042475479090,0.0624910332359,0.6021509415095,0.3279283015803,0.1019009355380,-0.0841735762687,-0.4305371147815,-0.2005967814457,-0.3668831741175,-0.0720672793118,-0.1240776568981,-0.1410592985731,-0.2302385829015,0.0941453777610,-0.2884576748578,0.2052498531393,0.1710096254457,0.0732501548354,-0.1505056184578
0.4961719513680,-0.0508454239257,0.0240653238091,0.0174706658146,0.0089978352196,-0.0860955097705,0.0422969222642,-0.0086530501236,-0.0081921648857,-0.2103714905087,-0.0553269109120,0.3881648622407,0.2331867010310,-0.0674777234740,0.2638658984011,0.0729057801918,-0.0761655664897,0.5849420360591,0.5916130819984,1.0000000000000,0.2179118062612,0.0175054646704,-0.1400730644828,0.0751891701428,-0.2776962447176,-0.0886970104835,0.2942985458376,-0.0248874236331,0.0715481153355,0.3193806486932,0.1644122504957,0.1446163450255,-0.0519765051014,0.2225380790248,0.3714846190317,0.2715584514317,0.0276924718695,-0.1285359076984,0.1222683225488,-0.1271401630504,-0.1548119336577,0.0532558960195,-0.1684846942657,-0.0707898047370,-0.2505000741371,0.0309339042427,0.2821134146228,0.1519058958159,-0.1308852156394,0.1968380522353,0.0208260447705,-0.0618366120995,0.4946770719714,0.4295389376322,0.6396832714367,0.1594345293183,0.0604793591659,-0.1523591551238,0.0883483980559,-0.3826032032017,0.0381866976295,0.2179426995794,-0.0919559716635,-0.0447643962242,0.2273625165219,0.0801908242908,-0.0499105417832,-0.0574235200759,0.1411763051669,0.3268160012710
0.6094238231993,0.0562574677552,-0.1421072330931,-0.0121208735078,0.7682263263213,-0.0573644290649,0.1926611640527,0.0234942342250,0.0324057923894,-0.0047654044160,0.4338661618017,-0.0348017284074,0.7467111174806,-0.0241360417263,0.2313530546763,0.2262960938917,0.0846738124886,0.2406145298605,0.1196181972010,0.2179118062612,1.0000000000000,0.1531326039233,0.0362370043885,-0.0213450626917,0.0776124873498,-0.0915098363725,-0.1712965330422,-0.2061921181169,0.3473840990508,0.1668102853581,0.1333798377679,-0.0458286139860,-0.1476869481935,0.3081722603340,0.1107381483585,0.4630298164723,0.0813180277461,-0.1567038329318,0.1394480186328,0.6118531140469,-0.1194446980371,0.2171305999503,0.0197454871338,0.0042070629100,0.0294788138269,0.3984574819905,0.0781901571652,0.6647495407515,0.0759024724960,0.1819423463383,0.1608518528483,0.0851218824283,0.2274073132413,0.0820116227519,0.2336858476459,0.9218997473679,0.2162099962341,0.0419219636676,0.0461402271599,0.1129618867929,-0.0066419272884,-0.1401051152749,-0.1936540557460,0.2631703713312,0.1073747161566,0.1080208757840,0.1455720586238,-0.0734729897933,0.2313095469609,0.1454027204646
0.0712636559813,0.2397192017524,0.5041401917813,0.3169090602270,0.0323551915668,-0.4184017400788,-0.1980461214191,0.3582437692192,-0.3475778720996,-0.0913628499578,-0.1063813394764,0.0589786781800,0.0093144425101,-0.2113935891403,-0.3032245876950,-0.0979838242972,0.6146912053363,0.4285499783498,-0.1857986475079,0.0175054646704,0.1531326039233,1.0000000000000,0.4820864497502,0.8792436745710,0.1810953506407,0.0422286356136,0.1962520688959,0.4345939557674,0.6621444924791,-0.0544355952582,0.6682699317370,0.1400710865787,-0.2078089097114,0.1025336743816,0.2498609272428,-0.1634077864793,0.2013191163768,0.4737264834614,0.1231420969786,0.0024404560363,-0.4299200886091,-0.1721005701479,0.1391927615922,-0.4972845664603,-0.2189584696538,-0.2758695542406,-0.1266548681110,0.0914741677631,-0.2905771666734,-0.4497486487739,-0.3382648281894,0.6624840115139,0.1880204960750,-0.3282154365463,-0.2490254483172,0.0832467311844,0.7983388176121,0.4000961775428,0.7391418762114,0.1263903515566,0.1923936438564,0.1936560552004,0.3967281109809,0.4139202087931,-0.1232898075085,0.4315791320582,-0.2645812075485,-0.4195640118283,-0.0394032164121,0.1256574496048
-0.0600424844040,0.6629463096813,0.2633098597218,0.4219222939806,-0.0043578979573,-0.2614831017461,-0.3463645292409,0.3019473523899,-0.3060976464366,0.2781308943345,-0.1623443027419,-0.2687559776485,-0.2078618332945,-0.2856595873074,-0.3581511894512,-0.1096289874489,0.4294181311499,0.1078350571739,-0.3886745485207,-0.1400730644828,0.0362370043885,0.4820864497502,1.0000000000000,0.4490894446736,0.5359391165220,0.0777887800120,-0.0719244678750,0.1775003297052,0.4077392831822,-0.1413678962648,0.4558363520451,-0.0752349237397,-0.1653895440619,0.1076562897991,0.2863727678594,-0.0870829458771,0.4980829922757,0.2413831269721,0.3148613781406,0.0214415538915,-0.3351529578981,-0.4055190880802,0.3004514554747,-0.3472653319781,0.2226963156290,-0.2046967699312,-0.1331468071355,-0.1418252292501,-0.2337849862083,-0.3258416178227,-0.1914756180682,0.4616898451319,0.1170092504708,-0.2631970616514,-0.1332198390465,0.0165739514817,0.3203912598833,0.8640238684028,0.3251402027675,0.5527514367209,0.2654724753004,-0.0534281602965,0.2068570382116,0.3499717956043,-0.0908613870744,0.4272416849689,-0.1184169092507,-0.2504153429705,0.0501756581796,0.2675868733107
-0.0573753413756,0.2584607875833,0.6832351397704,0.3480033658783,-0.1256379357675,-0.4522993807739,-0.3246909387507,0.3548071211892,-0.4284806196383,-0.1192029476532,-0.3510201908733,0.0908905181783,-0.1620513807978,-0.2951072115811,-0.4598663984729,-0.2163517348589,0.6528755290388,0.5292805777802,-0.1722211025049,0.0751891701428,-0.0213450626917,0.8792436745710,0.4490894446736,1.0000000000000,0.1379888619985,0.0378335761528,0.3545450743674,0.5536693976008,0.5689012101108,-0.1805612113811,0.6490266918370,0.1093943752625,-0.2336947103756,-0.0442233715045,0.2447482357661,-0.2923294540972,0.2202968155599,0.5898981208827,0.1043576416000,-0.1826603633384,-0.4309104045738,-0.3141758795149,0.1409192995597,-0.5615600551568,-0.2473692636652,-0.4579261951829,-0.1838139012526,-0.0985210187096,-0.4218974773956,-0.5989867958420,-0.4325398707814,0.7204087542585,0.2205891038710,-0.3669226094446,-0.2520218523205,-0.1011253289927,0.7143864402241,0.3761747716944,0.7997214101358,0.0825683293417,0.1809034135041,0.2811579835862,0.4667144491670,0.3128353520710,-0.2538877116541,0.3742073542257,-0.3784642269641,-0.4811936968570,-0.2269101593521,0.0610178153562
-0.0260500916069,0.1572849302418,0.3078222844922,0.3985976671439,0.1694224556212,-0.2966292771789,-0.1595631383649,0.6745850525709,-0.2552163037626,0.6858608623147,-0.0332222973424,-0.3022460965830,-0.0306804704140,0.0092623318797,-0.1867304102123,0.0745982087648,0.2977245395676,-0.0983635454095,-0.2654052529975,-0.2776962447176,0.0776124873498,0.1810953506407,0.5359391165220,0.1379888619985,1.0000000000000,0.1668557124964,0.0277183764178,0.1599947804163,0.4108974526903,-0.2593697802145,0.1003401503340,0.0403434249606,-0.1902599539812,-0.0108201502767,-0.1614275237274,-0.2069043380762,0.0306227743769,0.2150412926559,0.4316356865385,0.2646225778262,-0.3176183626212,-0.2803945732561,0.6631859347540,-0.2736817151874,0.6724558577459,-0.0005393756168,-0.2147669933763,0.0674689805723,0.0083014752618,-0.2215813065498,-0.1028174907647,0.3055461126421,-0.1957208305948,-0.2464511141178,-0.2074458016390,0.1232404737164,0.1699336979670,0.4589099621904,0.0386250910478,0.8435904943045,0.1898178919729,-0.0983839453622,0.1357741387477,0.4529235932593,-0.2780390231682,-0.0662707917795,0.1828443735578,-0.1845878510927,-0.0156234700360,-0.2020570795308
-0.2240553965225,0.0925339828174,0.1719880094796,0.4351903704343,-0.1126216955705,-0.0177446423997,-0.1026057180369,0.3017328142771,-0.0395821463096,0.3485113146408,-0.2433375683987,0.3003147274404,-0.1852498568261,0.6109253977557,-0.1077938544255,0.2461785987296,0.0812375667273,-0.1037424067004,0.0611766811302,-0.0886970104835,-0.0915098363725,0.0422286356136,0.0777887800120,0.0378335761528,0.1668557124964,1.0000000000000,0.2322907632783,0.3730819235865,-0.2306935499262,-0.1447079971768,0.0764416829789,0.3010425596648,0.0397507160237,0.2101225810628,0.1227365216342,-0.4147112081367,-0.0455845092944,0.1101125672546,0.3796993132165,-0.2321615509436,-0.1316977188202,-0.2394598656591,0.1009644792889,-0.2354406443770,0.3450614362152,-0.3283396148125,0.3656476600833,-0.2076970830092,0.2976748998111,-0.3160212087499,-0.0285883095527,0.0194875220769,-0.3232655653854,-0.1227084733185,-0.2993064511868,-0.1504804519253,-0.0945723655767,0.0728488792818,-0.1941527351496,0.0833700367188,0.7917098675113,-0.1132572249308,0.2730897781696,-0.3905799048312,-0.3693246046568,-0.3361890622372,0.2286882738123,-0.1978404664615,-0.0348722929327,-0.0286105447977
-0.0928981231231,-0.0018841714169,0.4328924029459,0.3253679577716,-0.2747877870660,-0.3764601358201,-0.0795067631167,0.3812271251410,-0.1747178968986,-0.1166537135011,-0.2254058972173,0.3706028834360,-0.1611871394629,-0.0506276258706,-0.3466076171157,-0.2258639323045,0.0820309875575,0.4178071088684,0.0329217074286,0.2942985458376,-0.1712965330422,0.1962520688959,-0.0719244678750,0.3545450743674,0.0277183764178,0.2322907632783,1.0000000000000,0.3875748107524,0.1813515915832,-0.1279599529474,0.3078103280035,0.2345138062991,-0.2824673682698,0.0241928079481,0.1171989288093,-0.3291423319088,0.0376408453105,0.2139424053631,0.1572279054393,-0.2702368253331,-0.3495088705036,-0.1473065475122,0.0172104159378,-0.4029668577968,-0.2096844782669,-0.2795600512007,0.0081134636290,-0.1473758615040,-0.2723851439340,-0.4756451269884,-0.4151233955583,0.1477852403127,0.0544993009810,-0.1763771059621,-0.0693266326545,-0.2012395993987,0.0918170285324,-0.0979795765583,0.1644994539304,-0.1893148824789,0.1997849463787,0.5909911467956,0.2804208146514,0.0233421828027,-0.2755439635633,-0.0914782019382,-0.2131869376285,-0.4954124100472,-0.1537352789261,-0.0272546531043
-0.3354310564929,0.0505205393073,0.8123560317694,0.1553161287181,-0.1760015793387,-0.3278058854303,-0.4971910018973,0.3265383708044,-0.4353481849484,0.1715256270924,-0.4042467095530,0.0360052371084,-0.3152014984255,0.1884750275831,-0.4275990837233,-0.1914887205463,0.3377254640442,0.1319833105158,-0.0014985585705,-0.0248874236331,-0.2061921181169,0.4345939557674,0.1775003297052,0.5536693976008,0.1599947804163,0.3730819235865,0.3875748107524,1.0000000000000,0.1676574591251,-0.4871180117262,0.1583117341995,0.2793882730345,-0.2881531736474,-0.2472202940775,-0.1488441012895,-0.5958710016126,-0.0559063722890,0.6153184441815,0.0760276737324,-0.2446603920204,-0.3277760265464,-0.5182777345410,0.1329938938375,-0.4788849078751,0.0848824170437,-0.4410300207668,-0.1654706268361,-0.2568108982283,-0.0108677765426,-0.5489894227472,-0.2971044721679,0.4020375542324,-0.0620744521862,-0.2542740991985,-0.2275554335652,-0.2738588781464,0.4199036639975,0.1416623651142,0.4631538504235,0.0268291419305,0.3040575360301,0.1650886491525,0.8792562257100,0.0227779190049,-0.5668387786380,-0.2013699228727,0.0818440359586,-0.3977198969170,-0.4702874283136,-0.3322237599634
0.2624633250987,0.1907162381406,0.3319504842769,0.1645027040405,0.2422170572066,-0.4106762645086,-0.0724305667176,0.3726838048336,-0.2751256925155,0.0232742310350,0.2350661031021,-0.1854556091193,0.1827203374221,-0.3308367569496,-0.1489971744095,-0.0901343174568,0.3573668613558,0.3969138435559,-0.1662440914610,0.0715481153355,0.3473840990508,0.6621444924791,0.4077392831822,0.5689012101108,0.4108974526903,-0.2306935499262,0.1813515915832,0.1676574591251,1.0000000000000,-0.0753250627320,0.4932599045463,0.0401194347447,-0.3258499662405,0.0024207169652,0.0387438335000,0.1149422295024,0.2191821134251,0.2607772481625,0.1620114740943,0.3664848105273,-0.3935628367932,0.0127259546020,0.3070292710898,-0.2577965481451,-0.0904025181049,0.2026071350869,-0.2441067536893,0.3092940952954,-0.2884871696654,-0.1646027892097,-0.1812130659114,0.4666292921290,0.2590350172834,-0.1752103255991,0.0455759220877,0.3698461468458,0.6057814897378,0.3586318428759,0.5598409432779,0.2804912715627,0.0082990597067,0.2568675867232,0.1554766377693,0.8595384628669,-0.0174970235789,0.4439086033178,-0.1269691967690,-0.3132179540141,0.0310806593661,0.0493781766705
0.3730971975602,-0.0640108752214,-0.4742323183242,0.0583214369341,0.0456323979946,0.2316610696378,0.5538438694626,-0.2185669810905,0.2628445898244,-0.1962426987248,0.2696211435522,0.2221790859269,0.4452935562041,0.0159610620859,0.4828385436508,0.4210104349067,-0.1712669517118,0.0903311187185,0.2419039719607,0.3193806486932,0.1668102853581,-0.0544355952582,-0.1413678962648,-0.1805612113811,-0.2593697802145,-0.1447079971768,-0.1279599529474,-0.4871180117262,-0.0753250627320,1.0000000000000,-0.0485364168485,-0.0452305403024,0.3887116391529,0.4357331310569,0.3338780529377,0.5135751682851,0.0250057463823,-0.4061067652652,0.1652166119297,-0.0208268652438,0.1494441096111,0.5107974729860,-0.3028723321669,0.1526518170271,-0.2618352004504,0.2335758895405,0.2098590445655,0.4143860646106,0.0654928656738,0.4008567452576,0.3452321720225,-0.1757539523549,0.1039020932135,0.2496546742711,0.2564461758235,0.1888281187349,-0.0729395835334,-0.1534525618648,-0.1605748424961,-0.2717609651515,-0.0521679829402,-0.1032465674791,-0.4821139516246,-0.0293828195056,0.8523058260490,0.1089802177847,-0.0846195629571,0.3935224993512,0.7185837862913,0.4208973123218
0.1072148134516,0.3717501025459,0.3939992547309,0.4067338664214,-0.0618736952101,-0.4017148120404,-0.2080659338380,0.4167062154779,-0.2059959053114,-0.2454627963181,-0.1991617849606,0.2088270535236,-0.1127546052139,-0.3141064264105,-0.3327355437741,-0.1874733767527,0.4958237347817,0.5683567655682,-0.2077718730483,0.1644122504957,0.1333798377679,0.6682699317370,0.4558363520451,0.6490266918370,0.1003401503340,0.0764416829789,0.3078103280035,0.1583117341995,0.4932599045463,-0.0485364168485,1.0000000000000,-0.1067525824773,-0.1272176055929,0.0987884177717,0.4646450658210,-0.0998535306552,0.3661133161689,0.4108437677879,0.0608936024296,-0.0775215673935,-0.3808658040913,-0.1924667753631,0.2578232865405,-0.4453439791602,-0.3428272849239,-0.3203897781458,0.0868410208034,-0.0652042929543,-0.3287962697367,-0.4348995021933,-0.3983128911054,0.4984188785886,0.3119439216660,-0.2031158399068,-0.1446626362265,0.0770642405411,0.4235929988391,0.4132244767535,0.5029801799818,0.0962943474488,0.2025447688111,0.3617799732695,0.2123638453834,0.2526100859909,-0.1519748097326,0.6509549448066,-0.4232156858749,-0.4008448344862,-0.0834074471426,0.3204497855958
0.0152071126602,-0.2833732202802,0.0810045077721,0.1355284268936,0.0578990293429,-0.1376801372259,-0.1429953628083,0.1552761786990,-0.2880413128061,0.1214354056255,-0.1361632994657,0.2549247449358,0.0426248533357,0.1876806704712,0.0189136920159,0.0184767339178,-0.1580178050235,0.0655717128334,0.2568236181333,0.1446163450255,-0.0458286139860,0.1400710865787,-0.0752349237397,0.1093943752625,0.0403434249606,0.3010425596648,0.2345138062991,0.2793882730345,0.0401194347447,-0.0452305403024,-0.1067525824773,1.0000000000000,-0.0958533506858,0.0630995963857,-0.0512360161802,-0.1606447770272,-0.2084755611255,0.0398322566459,0.0985918105564,-0.0097671601190,-0.1905202685823,-0.1303170595169,0.0846734499485,-0.1970661098090,0.1250607376579,-0.0503765062328,0.0892071249933,0.0304098781480,-0.1996289123753,-0.0791174433382,-0.0992209474894,-0.0535771793288,-0.0247089417155,0.0034998660210,-0.0446369297267,-0.0723946789637,0.2107530785682,-0.0909177041423,0.0261003952099,-0.0698944845629,0.2185002204120,-0.0317420716396,0.1121773105215,-0.0233321772809,-0.0809847061860,-0.1642705469747,0.0615877439697,-0.1671010909111,0.0128272427732,-0.1214673895114
-0.0965120980833,-0.1380552932894,-0.2704636140816,-0.0928737406885,-0.1408438925713,0.5342991720069,0.3088005904131,-0.2280484557296,0.3382775641645,-0.0439195343392,-0.0367824420009,0.0572774244890,-0.0522505590338,0.2521799347427,0.4208179994593,0.2969716528199,-0.1360782474529,-0.1881326571946,0.1345985728109,-0.0519765051014,-0.1476869481935,-0.2078089097114,-0.1653895440619,-0.2336947103756,-0.1902599539812,0.0397507160237,-0.2824673682698,-0.2881531736474,-0.3258499662405,0.3887116391529,-0.1272176055929,-0.0958533506858,1.0000000000000,-0.0408888823575,0.1552222837026,0.0868080829356,-0.1247049152851,-0.1133568397414,-0.0958851707478,-0.2017202863307,0.5168293142025,0.3632640742648,-0.1051230370436,0.4155268497526,-0.0432377377054,-0.0517082792844,0.1994820867729,-0.0473275734795,0.2605835051806,0.3741468431456,0.3439095551124,-0.2285430040177,-0.1402429455135,0.1407833935018,-0.0577057712758,-0.1461115210228,-0.2261169082052,-0.1816474546714,-0.2351120351529,-0.1065857605828,0.0018469379308,-0.2195281216495,-0.2948998561216,-0.2753240134656,0.3744021522556,-0.0035326835787,0.0343967400526,0.7540889762896,0.1780480669382,0.0948870380101
0.4324550981926,0.2346264987393,-0.2729898798326,0.1251993650301,0.1786162493323,0.1148177101130,0.0924584776752,-0.0332974119750,0.1310081970044,-0.1236988642678,0.1690887396996,0.1865559873195,0.2170589841661,-0.0063114354491,0.1649380908058,0.2484405435906,-0.0595569463749,0.1096285826071,-0.0001874170023,0.2225380790248,0.3081722603340,0.1025336743816,0.1076562897991,-0.0442233715045,-0.0108201502767,0.2101225810628,0.0241928079481,-0.2472202940775,0.0024207169652,0.4357331310569,0.0987884177717,0.0630995963857,-0.0408888823575,1.0000000000000,0.5031071597105,0.3267754281572,0.3302230870613,-0.2508470160456,0.3425335944040,0.0846753198931,0.0166626171461,0.0788325288915,-0.1656546757850,0.0418868547578,-0.0342861386958,0.1038279455533,0.1950156226477,0.1347391692499,-0.0323267398067,0.1788630634733,0.1108927410139,-0.0315003357279,0.1288893194842,-0.0297094480204,0.0836485657492,0.2786370493376,0.0834251228194,0.2023296779163,-0.0356131360575,-0.0359330671289,0.3180868321885,-0.0929337457933,-0.2851110500974,-0.0554269276599,0.3278522123003,0.1028636124345,-0.0030695676517,-0.0758204250889,0.6856123795145,0.5387597244115
