1.0000000000000,0.3612107015046,0.3343388865754,0.4815841107344,0.3843456087181,-0.0142853593098,0.4688062280217,0.1114857922297,0.3897931422027,0.0458821760191,0.4252694371891,0.4331459954525,0.4440911062572,0.0885381739412,0.7527974714697,0.3970015306059,0.4217996172736,0.5664435575833,0.3558497737229,0.6589504039893,0.5118240960829,0.5475001919341,0.5001839960253,0.6217734055291,0.2459307684494,0.3273093077524,0.3543250178409,0.1791988247725,0.5699833233326,0.6565963716221,0.5338798306106,-0.1398427128433,0.0688439037069,0.5459580421096,0.5864488897571,0.6032842106212,0.2283420636860,-0.0239867810952,0.3968785781004,0.3843459133924,0.0238581496422,0.3388058395752,-0.1669949295255,0.0801528796029,0.0330196406389,0.2039679275749,0.0197514904356,0.4112599409010,-0.0097450305767,0.2277304266224,0.2881943810510,0.4023076437601,0.2618111791110,-0.0187758691886,-0.0706775621258,0.2728502138560,0.2415046837320,0.4424129361103,0.3149780133768,0.3193787333223,0.1440488070327,-0.1407949597177,-0.0130259195356,0.3575186290893,0.3062356254892,0.0428493582207,-0.1290494425909,0.1152087491030,0.3567960509941,0.5544916927730
0.3612107015046,1.0000000000000,0.2893936330361,0.4550513667146,0.0693132804738,0.0414395084830,0.1259150342451,0.0789920262376,0.1585202882141,-0.0488369136418,0.1387307121123,0.3326287649568,0.1732760958800,0.2975291396915,0.3395428771511,0.4449488556466,0.3303601236281,0.4302907406263,0.2893298861871,0.4156165057751,0.3594871107467,0.3428868234589,0.4152809654524,0.4166996895746,0.1119924889269,0.5162015315739,0.5368835753791,0.3137384110677,0.2571202464042,0.4041285535464,0.5292209056344,-0.0363605111383,0.1364881706145,0.4346137351221,0.7110687696493,0.3392012895482,0.6697831930914,0.1818955088788,0.5354783743449,0.0451613942377,0.0193500449891,0.0724862922033,-0.0562985363686,0.0429116513082,0.0485449344240,-0.0281741923774,0.1333771243338,0.1231836049007,0.2332832151144,0.0478006711740,0.2347378460855,0.3378520810427,0.5000954345746,0.0049367510612,0.0494969131230,0.2419597406620,0.0422490954264,0.4238275260598,0.2266561619909,0.2081766383358,0.4392986691932,0.1817847899646,0.3217928453900,0.1320695445220,0.1195560633608,0.2884032352938,-0.0353199534849,0.2528264363554,0.3076433515212,0.5612191342157
0.3343388865754,0.2893936330361,1.0000000000000,0.5188806076807,-0.0143720176016,-0.0309004380713,-0.1059216498387,0.6164526873354,0.2636858042642,0.2432827834399,-0.2325052482483,0.5173374188973,0.0595367379848,0.2588743689362,0.3638175585202,0.1292068775197,0.4259876600111,0.5803148061914,0.1931962254929,0.3731865920277,0.2991591953531,0.3799924464736,0.4650934050448,0.5731788318086,0.4792346951065,0.3891588279297,0.6283569955633,0.7281806676875,0.5277505751821,0.0846060655935,0.5897868548630,-0.0059287646079,-0.1716509535403,0.2275105422157,0.3021184928552,-0.0329241156931,0.4251531291096,0.6384509012764,0.3915090960655,-0.0619934232356,0.0544063494933,-0.0817120739318,0.2335374069532,0.1113940397332,0.1453575608023,-0.3688639071961,0.1419639364067,-0.0394752484977,0.1290153924960,-0.0604876381002,0.1325799870564,0.4287659311715,0.0544103361610,-0.0062398210395,-0.1485521047855,0.1330554931023,0.0916968820306,0.4406742907374,0.2081145120661,0.2916144530534,0.2448942386772,0.1807368888941,0.4538896444497,0.2051063913381,-0.2564298006524,-0.0737988255692,0.0225961716121,-0.0049241470939,0.0730555592698,0.0598888068417
0.4815841107344,0.4550513667146,0.5188806076807,1.0000000000000,0.0929506627786,-0.0241886933963,0.0925327200530,0.5689747322595,0.4710319662843,0.4793584200381,0.0521879197467,0.6969652355851,0.3065845709979,0.4395904818642,0.6018536091798,0.3685697795200,0.2185576996833,0.5533762308104,0.3199436242876,0.4683038890575,0.5333636410424,0.2733683154113,0.6695222038204,0.3600497462122,0.6253331675134,0.6336592103496,0.6107067086768,0.3624820761668,0.4835386176929,0.2474963871528,0.5498953095700,0.1147792056534,-0.0857344469294,0.3425797257692,0.5523834696531,0.1872646693547,0.5135285515556,0.2999676979001,0.8616563303170,0.0606271419517,0.0312120271883,0.0955865229372,0.3604537207590,0.2373753372504,0.4486322578480,-0.1243858493926,0.2721150771802,0.1748990101370,0.3141161617196,0.2196237675628,0.3733749950468,0.2397889317011,0.3127266474174,0.1446926738079,-0.1082252014708,0.3577097397694,-0.0751117643932,0.5462025139619,0.0188787935382,0.6458473150265,0.4976881079284,0.1762233703570,0.3313688128206,0.1892658346259,-0.1415075002717,0.0637915228923,0.1724210910281,0.1318745537964,0.2310754035931,0.4244406723081
0.3843456087181,0.0693132804738,-0.0143720176016,0.0929506627786,1.0000000000000,0.1164283298228,0.6607829557116,-0.1228182489902,0.2635109941050,0.0292415106914,0.6281454633629,0.0271039312599,0.6790385655171,0.0598218625558,0.0618027450525,0.2835311769780,0.4679999081471,-0.0639476876152,-0.1007945135363,0.0536044850012,0.4804510262325,0.6140964405438,0.2454402482975,0.4680578127223,0.2285792992398,0.0130996290781,-0.1160994795926,-0.1290491323455,0.5412071229167,0.5610634840985,0.1579784036807,-0.0652241016393,0.1073095164446,0.4755335254494,0.1923302400931,0.5023052239812,-0.1013138900017,-0.2964442265412,0.0243663746062,0.9357820272873,0.1446581231520,0.5583732270601,-0.4109813073230,-0.0529299433985,-0.0488119861812,0.5227285012964,-0.1829269564842,0.7688281077677,-0.0696889398523,-0.1924161604363,0.2868140232261,0.4824805567704,-0.1464418207934,-0.3431894860521,-0.3641038928571,0.3602971754635,0.5836769168415,0.2479447394811,0.4861184176530,0.2970619949714,-0.1088227610200,-0.5162409879526,-0.2910263280687,0.4756028729588,0.3808527562827,-0.1785160402479,-0.0964611615838,0.0330444230913,0.3531325241964,0.2657411074032
-0.0142853593098,0.0414395084830,-0.0309004380713,-0.0241886933963,0.1164283298228,1.0000000000000,0.2745182767827,-0.0480008321306,0.3473331790152,0.0002476225663,0.1800038954416,0.0051283117242,0.1434494680782,0.0181366805215,0.1021630875955,-0.0161695146828,-0.0367140006985,-0.1180592676435,0.0726316028747,-0.0517334502017,-0.0446362623187,0.0316157746288,-0.0522512993200,-0.0519659562472,0.0744730342534,-0.0902578063102,0.0057434006292,0.0129631982154,0.0153008478719,0.1569150548799,-0.0019903636126,0.0143787484960,0.4023875181584,0.0803022561110,0.0928679065552,0.0817493616529,-0.0003911952999,-0.0354068628203,-0.0665259927555,0.0835608171185,0.3244091625177,0.2355446013883,-0.0332683147764,0.1296879949768,0.0273317909346,0.1597924634392,0.2151774812233,0.1517644442088,0.0116601140916,0.0786010826574,0.3158420484573,-0.0353854122534,-0.1114486308802,0.0845768295596,-0.0964893427813,-0.0035061657746,0.0143799556319,-0.0726768343333,-0.0120329705136,0.0431313955733,-0.1790054657197,-0.1645017983294,-0.0696487381929,0.0648317980293,0.0662254760593,-0.0085681604132,0.0130214680130,0.1877999782547,0.0193242149974,-0.0203777716994
0.4688062280217,0.1259150342451,-0.1059216498387,0.0925327200530,0.6607829557116,0.2745182767827,1.0000000000000,-0.2723725979174,0.3840411648037,-0.1152891065869,0.8342239340552,0.1332229363949,0.7416611830804,-0.0483660072551,0.2223558085513,0.3108876956918,0.2757627386141,-0.0091217155081,0.0673066110488,0.2629669673488,0.3855630223085,0.5358440964903,0.1498677776490,0.3700142320939,-0.0131020774502,-0.0228811376665,-0.0145017549755,-0.1966726317899,0.3804556726032,0.6970431978574,0.1592492239577,-0.1490193066728,0.3088756826041,0.4597418960064,0.3958126370441,0.5355911960461,-0.1274804362020,-0.4323510781523,-0.0015949557561,0.6558976700667,0.1987796563271,0.8194538417364,-0.5461534188304,0.1229161267639,-0.1891420727036,0.6469784624655,-0.1395738691507,0.7958360724477,-0.1631889257115,-0.0215951551058,0.4453711287316,0.2464536163892,-0.0426128728516,-0.2674092112999,-0.2570907757186,0.2465259828643,0.3890470560264,0.1212739820089,0.3263764920450,0.0293736862761,-0.1940040270408,-0.5340102953903,-0.3120016880418,0.3705953622588,0.5255167602095,-0.1528140195016,-0.2767927518533,0.2033542975932,0.2854173149576,0.3869955060248
0.1114857922297,0.0789920262376,0.6164526873354,0.5689747322595,-0.1228182489902,-0.0480008321306,-0.2723725979174,1.0000000000000,0.1816164647964,0.7149650004814,-0.3555789429412,0.4487046413331,0.0271330070796,0.4322723798325,0.3125191489447,0.2106449694109,0.0479694291443,0.4171320045208,0.1422613899410,0.1152810463045,0.3284728627648,0.0498779158730,0.5049621925494,0.1057318102998,0.7705818234444,0.4148662010528,0.5207485405312,0.4895149870449,0.1803277449167,-0.0890052485754,0.3856904432477,0.2979746765095,-0.1183785648900,0.1666999227655,0.1933824259769,-0.2347992266116,0.2498104766853,0.3994852884352,0.5213710416275,-0.2123945357359,-0.0744092011948,-0.2282570508617,0.6848844336120,-0.0095836228304,0.6555205922181,-0.4099898952885,0.2210907086397,-0.0697154914766,0.3003140534401,0.0451773513939,0.2360284439930,0.0784961388347,-0.1013787045841,0.0650860698029,-0.2289828681252,0.3645183023129,-0.0875241992877,0.2594602497828,-0.1742382354695,0.5497434307086,0.3049739415605,0.1972028595353,0.2325078662201,-0.1845763926494,-0.2834725885343,-0.1362384911720,0.4008869026725,-0.0327276677710,0.0613786080652,-0.0216142252257
0.3897931422027,0.1585202882141,0.2636858042642,0.4710319662843,0.2635109941050,0.3473331790152,0.3840411648037,0.1816164647964,1.0000000000000,0.2127839143359,0.2682866785755,0.5749423972665,0.3400475164432,0.2154203828879,0.5173265544495,0.2770825104852,0.1065179832317,0.2415803555658,0.2662490266399,0.2615711677512,0.3452408965715,0.2658320164157,0.2918464967545,0.2368809645833,0.3891972754592,0.2005957696462,0.2896337990699,0.1285362681769,0.4364730562148,0.3438371466588,0.2623155373686,0.0535915638553,0.2526218379306,0.3354120725261,0.3332909400318,0.1427076764133,0.1637550664558,0.0209809261065,0.2958950141472,0.2345787080138,0.3152360719623,0.2621005712527,-0.0417748322784,0.3322689464281,0.1326584450843,0.0946775263711,0.2881622554812,0.3015631299562,0.0990359432956,0.1240830754795,0.3713248662686,0.0831134373883,0.0356290420521,0.1099731252478,-0.2777695006877,0.2281008568163,0.0584371146084,0.1388210452427,0.0362740810592,0.3386238986400,0.0665584319936,-0.1680036183802,-0.0569805010164,0.2760043677825,0.0321780695976,-0.1277504752834,0.0015974649915,0.1767373444457,0.1602235871123,0.2230662061762
0.0458821760191,-0.0488369136418,0.2432827834399,0.4793584200381,0.0292415106914,0.0002476225663,-0.1152891065869,0.7149650004814,0.2127839143359,1.0000000000000,-0.1850269124914,0.3568288770043,0.2220980464385,0.6216406440611,0.2590488198906,0.2413647225943,-0.0668658756821,0.1556846993714,0.1229898729895,-0.0211477299716,0.4484504392984,-0.0277163377772,0.4542099186514,-0.0653400279642,0.7013481257323,0.4365165512184,0.2380885667150,0.3211893546935,0.0101785170312,-0.0150603759872,0.0733608944823,0.5267743994392,0.0372102892323,0.2308373444919,0.1139571565529,-0.2613947522795,0.0128896416232,-0.0366898905238,0.4653441698785,-0.0627769212339,-0.0158440590959,-0.0852705442987,0.5144597324736,0.0215850307075,0.8747388201154,-0.1769552323452,0.2186545129940,0.1269854276376,0.4890136577415,0.1121815890520,0.3003103631120,-0.0171669412868,-0.3038998841877,0.0991150238620,-0.3602389317796,0.4781697781289,-0.0952326090425,0.1944756145507,-0.2783366021156,0.5316035686008,0.3070265835016,-0.0692919097914,0.0281821745338,-0.2711602984029,-0.1800446048205,-0.3592134581356,0.5113610014692,0.0718259992665,0.0923524265990,-0.0466463446991
0.4252694371891,0.1387307121123,-0.2325052482483,0.0521879197467,0.6281454633629,0.1800038954416,0.8342239340552,-0.3555789429412,0.2682866785755,-0.1850269124914,1.0000000000000,0.0350518293290,0.6211674308175,-0.0993691074894,0.1959783743307,0.2687056754008,0.2333847387163,-0.0275810593215,0.0948637276422,0.2237950872415,0.3599715434265,0.4429545084325,0.0631937319594,0.2989609140265,-0.0344844975371,-0.0242843949664,-0.0459126440110,-0.2307723819648,0.4202357780183,0.5872832379192,0.0901728863907,-0.0766181261013,0.2692666790058,0.3691877418557,0.3164479621163,0.5126303042209,-0.1282406729537,-0.5141006716286,-0.0079620789040,0.6741367888651,0.1614111668180,0.6628712322369,-0.5085278467596,0.0899717376244,-0.2192520708639,0.8263248559987,-0.2197995951417,0.7032353600670,-0.1913057341951,-0.0143870300617,0.2260494276110,0.1977434472264,-0.0014551321521,-0.2569529012658,-0.1875455143183,0.2601704970129,0.3030756112531,0.0439859048597,0.2411675529261,0.0598999191149,-0.1176513678651,-0.4531270310700,-0.2482416009766,0.4333277903836,0.4117029113829,-0.0583398977967,-0.2674132755918,0.1710688779531,0.2905064490640,0.3782988478474
0.4331459954525,0.3326287649568,0.5173374188973,0.6969652355851,0.0271039312599,0.0051283117242,0.1332229363949,0.4487046413331,0.5749423972665,0.3568288770043,0.0350518293290,1.0000000000000,0.2373538580945,0.4156295659508,0.5904882541397,0.2658987761661,0.1004060987596,0.5460819089676,0.5096332949948,0.5113101811627,0.5028464631503,0.2310681238568,0.4899489103630,0.3146246390430,0.4176095901693,0.5413407124545,0.5802239858902,0.3845607248690,0.3780556436733,0.3022151558225,0.4673583559804,0.0715697126947,0.0215867575409,0.2898894010390,0.5162907900412,0.0883379227388,0.4788606416954,0.2824767040553,0.5878348634057,0.0181703582590,0.0829830432812,0.0869402545428,0.1855370501705,0.2783943856474,0.2408104824589,-0.1329711339386,0.5671468695181,0.1220791039998,0.2915307372485,0.2041589752105,0.3538689613570,0.1272712821862,0.1492935653705,0.3431684557571,-0.1110522968049,0.3283854073040,-0.0693585079421,0.3850672910299,-0.0277038092203,0.3577792474415,0.3759248537394,0.1166575476298,0.2214347441364,0.0508413367473,-0.1214445136812,-0.0946285253820,0.0578260298674,0.1376972314944,0.0873784376216,0.2783925775448
0.4440911062572,0.1732760958800,0.0595367379848,0.3065845709979,0.6790385655171,0.1434494680782,0.7416611830804,0.0271330070796,0.3400475164432,0.2220980464385,0.6211674308175,0.2373538580945,1.0000000000000,0.1229519438836,0.2832563702330,0.3659176311156,0.3244750595888,0.1448887879222,0.0669592176289,0.2743600050086,0.6902401146969,0.6178685456714,0.4018049417507,0.4069813479281,0.2028119249997,0.1069686539655,0.1357243721249,-0.0570664976470,0.3695970858151,0.7204338538383,0.3452595779404,-0.0026572455894,0.1319198942210,0.5953178358580,0.4574733286124,0.4527050464242,0.0060958737336,-0.2908335570369,0.1895739869072,0.6795802573579,0.0876239639660,0.6651024861524,-0.3059266165095,0.1345842316289,0.0647232388402,0.4518374382802,0.0116537891672,0.9285237625654,-0.0474833862040,0.0598734064822,0.5042748939470,0.3154875378920,0.0281780375670,-0.1879824754478,-0.3084148064628,0.5651026451214,0.4461823328027,0.3276322480336,0.3525495170258,0.2051504069903,-0.0871194175587,-0.4028258787390,-0.2239923053518,0.3149991762600,0.5033908271940,-0.1282222409183,-0.1191972736750,0.0842784551459,0.3899390014310,0.3905197213403
0.0885381739412,0.2975291396915,0.2588743689362,0.4395904818642,0.0598218625558,0.0181366805215,-0.0483660072551,0.4322723798325,0.2154203828879,0.6216406440611,-0.0993691074894,0.4156295659508,0.1229519438836,1.0000000000000,0.2750620362753,0.3642205575708,0.0562760696253,0.1279636112387,0.2580148978831,0.0950497710693,0.3675005300942,0.0783723814309,0.3615772872491,0.0923150706472,0.4188664824025,0.7746073091159,0.3222608464077,0.5116847127770,0.0311904653594,0.1020230874512,0.1413731963834,0.5416986719388,0.1689130410210,0.2043549200347,0.2852805869828,-0.0752281437396,0.1463828232873,-0.0149712943033,0.5200289185964,-0.0152759514644,0.1222004828096,0.0254860675968,0.2497060166996,0.1651102892291,0.6247089019278,-0.1062607116936,0.2915322237792,0.0441162706116,0.8964381806251,0.1816400253555,0.4107168955509,0.1071123620958,-0.2312487734046,0.1794046566803,-0.3195517542297,0.2639258218946,-0.1016719597022,0.1801939531376,-0.2194395642356,0.3679722411228,0.5197036801977,-0.0347276085365,0.2195605801129,-0.1872984689144,-0.1461863548125,-0.3468627192812,0.5062441410535,0.2574655994977,0.0162719077225,0.0232606776352
0.7527974714697,0.3395428771511,0.3638175585202,0.6018536091798,0.0618027450525,0.1021630875955,0.2223558085513,0.3125191489447,0.5173265544495,0.2590488198906,0.1959783743307,0.5904882541397,0.2832563702330,0.2750620362753,1.0000000000000,0.3583599499457,0.1663550713724,0.6878311838581,0.6415044970820,0.7121525903136,0.4720414087570,0.2551555143280,0.4700014552471,0.3933729227888,0.3450338421657,0.4654518288021,0.5160732231540,0.3369950191051,0.3722964980014,0.4384584419572,0.5133174695207,0.0635242678182,0.1694454536711,0.3708752964968,0.5523982751371,0.3087539624201,0.3059092536742,0.0569500266510,0.5468954226526,0.0633062133453,0.1035845056309,0.1230112474159,0.1660427600987,0.2305122032146,0.2496717594004,0.0009138112460,0.2359976499903,0.1676763434383,0.2150536941704,0.4643426151339,0.3538075224843,0.1250368582635,0.2269262680857,0.2298241702453,-0.0319821102707,0.3191184413340,-0.0656846934278,0.3268317139682,-0.0289998787960,0.3438516200984,0.2159589158214,0.0332895826588,0.1499956545726,0.0854780040976,0.0549271262464,0.0232478714970,0.0405485214152,0.2601190269291,0.1418459844407,0.3646437769686
0.3970015306059,0.4449488556466,0.1292068775197,0.3685697795200,0.2835311769780,-0.0161695146828,0.3108876956918,0.2106449694109,0.2770825104852,0.2413647225943,0.2687056754008,0.2658987761661,0.3659176311156,0.3642205575708,0.3583599499457,1.0000000000000,0.2009020980773,0.2506616848499,0.1233502167739,0.2102352150379,0.5762045087468,0.3127958102170,0.3632238692892,0.2568629605493,0.3168878942875,0.3920991715629,0.3031199002427,0.1389526604545,0.1955200085268,0.4426980973572,0.3069895531815,0.1872474597734,0.3881226324880,0.5381204773573,0.5258820864121,0.2327678800420,0.2706106692395,-0.1454992504013,0.4597647798962,0.2384263820083,0.1498045575482,0.2710484795708,0.0251931268756,0.0771745637214,0.3138714932897,0.1661131603794,0.1291774737263,0.4024520652006,0.2520788635960,0.0836796353418,0.4622432606262,0.2121899379152,0.1018015421683,0.0051672428105,-0.2281282998293,0.4845631897708,0.1639491932309,0.2429428617820,0.0754011631383,0.3253301782384,0.3919391834757,-0.1120451250190,-0.0267991720922,-0.0086156586199,0.2230220019756,-0.0039635492921,0.1701889179285,0.4078337184720,0.4797237733363,0.5012606996680
0.4217996172736,0.3303601236281,0.4259876600111,0.2185576996833,0.4679999081471,-0.0367140006985,0.2757627386141,0.0479694291443,0.1065179832317,-0.0668658756821,0.2333847387163,0.1004060987596,0.3244750595888,0.0562760696253,0.1663550713724,0.2009020980773,1.0000000000000,0.1787895456878,-0.0181216527385,0.1930263716077,0.3882675275229,0.7172659110196,0.4478721644529,0.7594922875391,0.1424078098847,0.2504822631072,0.1432332966164,0.3048623028875,0.6055743478780,0.3331976699234,0.4352500552253,-0.2074383683285,-0.1652774037745,0.4789831922722,0.3100490682908,0.3868468819868,0.1874823249453,0.1432969288001,0.1849633176686,0.4818263431358,0.0118277577644,0.2435279626157,-0.2152135290386,-0.0357744494360,-0.0935383389593,0.1171138407603,-0.1581059949806,0.3545842206634,-0.0067941198362,-0.1453311486118,0.1024496276362,0.9353886069582,0.1086203533011,-0.2137143223875,-0.1217241164135,0.2363400512659,0.5801935126931,0.5378471842676,0.6846926163318,0.2183577577630,0.2028809305267,-0.1057707407194,0.2546927585724,0.5188114888583,0.1015596257977,0.0007641465599,-0.1608889926461,-0.0579961716648,0.3712894853766,0.3203701644921
0.5664435575833,0.4302907406263,0.5803148061914,0.5533762308104,-0.0639476876152,-0.1180592676435,-0.0091217155081,0.4171320045208,0.2415803555658,0.1556846993714,-0.0275810593215,0.5460819089676,0.1448887879222,0.1279636112387,0.6878311838581,0.2506616848499,0.1787895456878,1.0000000000000,0.4968879792400,0.7150065654802,0.4092648674729,0.2168638338635,0.4373425610123,0.5187235250239,0.2934808316197,0.3563300596639,0.6048322561687,0.3545473817688,0.3878087480392,0.2652996652655,0.6075647693851,0.0357846522617,-0.0825088619433,0.3057019852651,0.5952479352522,0.1954446583452,0.5165428612835,0.3273458398208,0.5098791989606,-0.0690317717746,-0.0185642132337,-0.0668853859432,0.2075344981241,0.0824655593494,0.1099491892191,-0.1902440183807,0.1436076800867,0.0223577835302,0.0314208722129,0.2002497323029,0.1633071541500,0.1584581495686,0.4447607801424,0.0795885132573,0.0732246650903,0.2834624270881,-0.0691410512783,0.3546585361678,0.0693847198430,0.2069786723168,0.2362533444809,0.2615753675377,0.2473358344283,0.0669203388932,-0.0540852752338,0.1686571265777,-0.0074580619298,0.0892038059390,0.0170474059507,0.3292364787382
0.3558497737229,0.2893298861871,0.1931962254929,0.3199436242876,-0.1007945135363,0.0726316028747,0.0673066110488,0.1422613899410,0.2662490266399,0.1229898729895,0.0948637276422,0.5096332949948,0.0669592176289,0.2580148978831,0.6415044970820,0.1233502167739,-0.0181216527385,0.4968879792400,1.0000000000000,0.6997458426252,0.2715403907609,0.0296914041381,0.2244808045603,0.2090330659389,0.0718648672322,0.4122910733034,0.3047691227311,0.3364853211026,0.0895772062315,0.2406216012698,0.2328765713940,0.0026822029323,0.1096504069751,0.1266279562044,0.3578398848942,0.1053089529005,0.2538741608151,0.0265910767017,0.3409183324302,-0.0862239101503,0.0974640252550,0.0236780773853,0.1314487194380,0.1888696436338,0.1664344199996,-0.0176389624468,0.2945526275234,-0.0339748724138,0.2750927228947,0.3967597248561,0.2295930612333,-0.0408369764866,0.1738559043610,0.4672122583519,0.2045045328301,0.1946410747264,-0.1792204944896,0.1784176383109,-0.1450920468701,0.1074621143148,0.1073461655038,0.0671070935418,0.2413167390562,-0.0755134463708,-0.0627973645508,-0.0393604245118,-0.1366725936786,0.1801016963102,-0.0793309694322,0.0909650877486
0.6589504039893,0.4156165057751,0.3731865920277,0.4683038890575,0.0536044850012,-0.0517334502017,0.2629669673488,0.1152810463045,0.2615711677512,-0.0211477299716,0.2237950872415,0.5113101811627,0.2743600050086,0.0950497710693,0.7121525903136,0.2102352150379,0.1930263716077,0.7150065654802,0.6997458426252,1.0000000000000,0.4034061114740,0.3000161951129,0.3638659031590,0.5195691172265,0.0761158339941,0.3931069024538,0.4406054537407,0.2884078146026,0.3254698424476,0.4409200257545,0.4681779881677,-0.1558840138037,0.0194774060630,0.2819415324703,0.5587305824647,0.3748971518445,0.3305649162736,0.1011547506239,0.4434721869564,0.0791719510853,-0.0008041902907,0.1526828433474,-0.0745706890918,0.1114823049855,-0.0329059278292,0.0454104343014,0.0980883348024,0.1545603900352,0.0402081673083,0.3016338282599,0.2043919179216,0.1552689288989,0.3944366943112,0.1829153959130,0.2067982036281,0.2176015692454,-0.0130263321073,0.3232691940355,0.1090209904173,0.0990136679641,0.1453596740915,0.0423150959622,0.1785817051305,0.1214765713565,0.0836597018801,0.0615520647417,-0.2800275163152,0.1060223181466,0.0819719624462,0.3995163316370
0.5118240960829,0.3594871107467,0.2991591953531,0.5333636410424,0.4804510262325,-0.0446362623187,0.3855630223085,0.3284728627648,0.3452408965715,0.4484504392984,0.3599715434265,0.5028464631503,0.6902401146969,0.3675005300942,0.4720414087570,0.5762045087468,0.3882675275229,0.4092648674729,0.2715403907609,0.4034061114740,1.0000000000000,0.5270460165976,0.5755481580155,0.4770163993121,0.4199201907702,0.4559184359419,0.3545802346389,0.2210075714131,0.4454541245347,0.5155926724893,0.5105932338079,0.1020819420157,0.1438727096731,0.6034334453391,0.5864780952994,0.3284961542325,0.3022078498661,-0.0916910730433,0.5406986528244,0.5069445456510,0.0949207128652,0.3479669529984,0.0273885024366,0.1360701973035,0.3494645639401,0.2542412236906,0.2307344396803,0.6648552732443,0.2100656950541,0.1372015125305,0.4497628583374,0.4299473813466,0.1088031389452,0.0669288752647,-0.2211606801663,0.8785141423028,0.3355941725220,0.4910650411973,0.2483924648199,0.4193663315550,0.3586625260736,-0.1379426706254,0.0379515026276,0.1506279866541,0.1736040422196,-0.0580116854085,0.0484044636206,0.2153204429715,0.4406140076689,0.5158250572847
0.5475001919341,0.3428868234589,0.3799924464736,0.2733683154113,0.6140964405438,0.0316157746288,0.5358440964903,0.0498779158730,0.2658320164157,-0.0277163377772,0.4429545084325,0.2310681238568,0.6178685456714,0.0783723814309,0.2551555143280,0.3127958102170,0.7172659110196,0.2168638338635,0.0296914041381,0.3000161951129,0.5270460165976,1.0000000000000,0.5251751289738,0.8206112370332,0.1616359843123,0.2269874253876,0.2239840190333,0.2205378997351,0.6129590258512,0.6705922346162,0.6605467083084,-0.2281629892224,-0.0042313507241,0.6757830991208,0.5091271469468,0.5102273189564,0.1797761331142,0.0247483896867,0.1672610682890,0.6314550343328,0.0385675898212,0.4225183739760,-0.3388092452054,-0.0204929957947,-0.1055268560943,0.2023732216704,-0.1309751198901,0.5989792049701,-0.0419388629043,-0.0821331298780,0.2916987858631,0.7188260914776,0.1034547390677,-0.2557812237928,-0.2871800527797,0.3163763619013,0.7494601607236,0.5525846310227,0.7266044121134,0.2557861368311,0.0119747572741,-0.2993742718023,0.0841030423945,0.5049088630139,0.3747496395142,0.0147011114225,-0.2185185806496,0.0098330502450,0.4569980812889,0.4533157410613
0.5001839960253,0.4152809654524,0.4650934050448,0.6695222038204,0.2454402482975,-0.0522512993200,0.1498677776490,0.5049621925494,0.2918464967545,0.4542099186514,0.0631937319594,0.4899489103630,0.4018049417507,0.3615772872491,0.4700014552471,0.3632238692892,0.4478721644529,0.4373425610123,0.2244808045603,0.3638659031590,0.5755481580155,0.5251751289738,1.0000000000000,0.5227032954540,0.5333251256306,0.5283577912308,0.3660600158518,0.3261460479906,0.4199396346503,0.4172888125151,0.6039973834669,-0.0254108004858,-0.1374716740127,0.6037141188906,0.5358836883870,0.3095258928203,0.4240415687351,0.2249049412405,0.6114446915701,0.2551218698202,-0.0717672585630,0.1056543704560,0.2593905141667,-0.0039920883124,0.4314052986617,-0.1153206196789,0.0916713334556,0.3191500116601,0.2384490246813,0.1359541329443,0.4064672665549,0.4692823025100,0.2008516379795,-0.0017833751453,-0.1665097867245,0.4633149413056,0.3044496714810,0.8187118605992,0.3354929650790,0.6066530248353,0.3666399127941,-0.0337834594211,0.2636892306200,0.2015311441359,0.0577967400695,0.0727047982707,0.1026351124523,0.0220324859675,0.3732214155455,0.4053954552600
0.6217734055291,0.4166996895746,0.5731788318086,0.3600497462122,0.4680578127223,-0.0519659562472,0.3700142320939,0.1057318102998,0.2368809645833,-0.0653400279642,0.2989609140265,0.3146246390430,0.4069813479281,0.0923150706472,0.3933729227888,0.2568629605493,0.7594922875391,0.5187235250239,0.2090330659389,0.5195691172265,0.4770163993121,0.8206112370332,0.5227032954540,1.0000000000000,0.1586090349460,0.3144855384436,0.3464420929480,0.3865579986448,0.6892489736505,0.5213330893119,0.6413039354894,-0.1873896184951,-0.0869382282469,0.5321956264493,0.5433153811329,0.4666449520748,0.3368237998245,0.1836521322685,0.3088051123191,0.4797929903397,0.0422524463405,0.2707395096133,-0.2458774891956,-0.0185430150164,-0.1217501076172,0.0985727134282,-0.1535372839568,0.3673364411837,-0.0062328418612,-0.0627577897235,0.2531291595601,0.7607420735167,0.2200547925129,-0.2118299363902,-0.1645825441840,0.2489648094823,0.5312959964570,0.5893415949799,0.6754250016873,0.2212749643710,0.1288477373917,-0.1424324605005,0.2483660976530,0.4675214439945,0.1538410569687,-0.0170496781817,-0.1738714112208,0.0072278885908,0.2747747468254,0.4180740146051
0.2459307684494,0.1119924889269,0.4792346951065,0.6253331675134,0.2285792992398,0.0744730342534,-0.0131020774502,0.7705818234444,0.3891972754592,0.7013481257323,-0.0344844975371,0.4176095901693,0.2028119249997,0.4188664824025,0.3450338421657,0.3168878942875,0.1424078098847,0.2934808316197,0.0718648672322,0.0761158339941,0.4199201907702,0.1616359843123,0.5333251256306,0.1586090349460,1.0000000000000,0.3768260654128,0.3875497654707,0.3148479491204,0.4423709196002,0.0872708293051,0.2830764084744,0.3313882231022,0.0050949870942,0.2974390288895,0.1929339494916,-0.0367811269388,0.2166616003264,0.2170234144915,0.5545583456949,0.1305881311057,0.0473219448267,-0.0372564475526,0.4859518367071,0.0245557456727,0.6436699964850,-0.1020397089125,0.1498517804396,0.1641853059886,0.2692525859484,-0.0235036473333,0.2775091860632,0.1616893416501,-0.1778843780852,-0.0519643928725,-0.3800806745877,0.4160676741569,0.0546367803037,0.3102193787120,-0.0495987780210,0.8277094707736,0.2833908555696,-0.0656311531484,0.0919117928021,0.0925405572010,-0.1518291597616,-0.1793405728078,0.3929360369063,0.0780461370997,0.1923019931475,0.0612824944829
0.3273093077524,0.5162015315739,0.3891588279297,0.6336592103496,0.0130996290781,-0.0902578063102,-0.0228811376665,0.4148662010528,0.2005957696462,0.4365165512184,-0.0242843949664,0.5413407124545,0.1069686539655,0.7746073091159,0.4654518288021,0.3920991715629,0.2504822631072,0.3563300596639,0.4122910733034,0.3931069024538,0.4559184359419,0.2269874253876,0.5283577912308,0.3144855384436,0.3768260654128,1.0000000000000,0.5447567013302,0.6046524365040,0.2124127555148,0.1633369509782,0.3630491163577,0.3564918202871,-0.0461580542413,0.3068879267858,0.4807351484880,0.0919561217348,0.4147932034518,0.1017285093918,0.7047308743679,-0.0149192308086,-0.0450248966536,-0.0296218579528,0.2480403623403,0.0592456768537,0.4711867812958,-0.1095387772901,0.2162305710989,0.0262228209743,0.6806694571194,0.1682868688725,0.2763634230613,0.2963979037856,0.0521689700802,0.1542285469497,-0.1400202162845,0.2895327147029,-0.0362922753670,0.4217993632448,-0.0513400874411,0.4064347522097,0.7223065957628,0.1101570885933,0.4287334693755,-0.0519242901388,-0.1979466592405,-0.1314264015489,0.3390400411217,0.1344646578471,0.1758217754994,0.3120834201423
0.3543250178409,0.5368835753791,0.6283569955633,0.6107067086768,-0.1160994795926,0.0057434006292,-0.0145017549755,0.5207485405312,0.2896337990699,0.2380885667150,-0.0459126440110,0.5802239858902,0.1357243721249,0.3222608464077,0.5160732231540,0.3031199002427,0.1432332966164,0.6048322561687,0.3047691227311,0.4406054537407,0.3545802346389,0.2239840190333,0.3660600158518,0.3464420929480,0.3875497654707,0.5447567013302,1.0000000000000,0.5639792706170,0.3186467671752,0.1830112986642,0.5925184080490,0.2161964998467,0.0054493114115,0.2312642501508,0.5347674043397,0.0524689754300,0.5158070503457,0.3489496402327,0.5375780322217,-0.1505493238259,-0.0807978678209,-0.0688067779760,0.2521014120472,0.0583444806494,0.2070065829488,-0.2165523800235,0.1887438751084,0.0048184597886,0.1550154776015,0.0203325427790,0.1342264331004,0.1546053634574,0.2571920595246,0.0117386161330,-0.0846057513058,0.2015270011742,-0.1820851737375,0.2429132404727,-0.0737884380370,0.2600412458583,0.3603310850038,0.3541454332563,0.3291209410343,-0.0148639573306,-0.1863985552485,0.0366686190695,0.1520063319203,0.1085767540452,0.0991769335635,0.2758058306336
0.1791988247725,0.3137384110677,0.7281806676875,0.3624820761668,-0.1290491323455,0.0129631982154,-0.1966726317899,0.4895149870449,0.1285362681769,0.3211893546935,-0.2307723819648,0.3845607248690,-0.0570664976470,0.5116847127770,0.3369950191051,0.1389526604545,0.3048623028875,0.3545473817688,0.3364853211026,0.2884078146026,0.2210075714131,0.2205378997351,0.3261460479906,0.3865579986448,0.3148479491204,0.6046524365040,0.5639792706170,1.0000000000000,0.2311705626073,-0.0345122754981,0.4082424902757,0.2819788283353,-0.0287558193774,0.1186566181989,0.2246772202941,-0.1566860214845,0.3079728841919,0.4048790031107,0.3576823202212,-0.1726031239181,0.1303827770357,-0.0893103360260,0.3046582912033,0.1710602764276,0.3208822839429,-0.2547635953409,0.1612139967448,-0.1522140035034,0.4627705886094,0.0978965007337,0.1364975910799,0.3166084770150,-0.1248769992248,0.1046409062210,-0.1208317328722,0.1093753195997,-0.0606902358466,0.2793821692980,-0.0116654807703,0.2133512020610,0.3675669716214,0.1786860480054,0.6485417338652,-0.0161808239634,-0.3271631107339,-0.2100517341160,0.2277157654476,0.1227321132194,-0.0443534216863,-0.0647517530376
0.5699833233326,0.2571202464042,0.5277505751821,0.4835386176929,0.5412071229167,0.0153008478719,0.3804556726032,0.1803277449167,0.4364730562148,0.0101785170312,0.4202357780183,0.3780556436733,0.3695970858151,0.0311904653594,0.3722964980014,0.1955200085268,0.6055743478780,0.3878087480392,0.0895772062315,0.3254698424476,0.4454541245347,0.6129590258512,0.4199396346503,0.6892489736505,0.4423709196002,0.2124127555148,0.3186467671752,0.2311705626073,1.0000000000000,0.3511635304933,0.5295544575121,-0.1382552661635,-0.1251065599973,0.3618067933979,0.3618061700502,0.3666604555787,0.2707204136730,0.2243499105793,0.3508792883628,0.5371309870850,0.0925064544255,0.2620825949699,-0.1070273742860,0.1059435880814,-0.0884718110481,0.2254339755011,-0.0622380353238,0.3778637958591,-0.0928162161251,-0.1410262778705,0.1310709232950,0.6040621356884,0.1522039283757,-0.1623299841255,-0.2009332970067,0.2217753092980,0.3907641820847,0.4664786570234,0.4951102120604,0.4485995879472,0.1226780269546,-0.1013300421774,0.1562959952786,0.7518511977683,0.0193292923327,0.0596852799890,-0.1392909707497,-0.0426876364596,0.2483769056955,0.3232699002746
0.6565963716221,0.4041285535464,0.0846060655935,0.2474963871528,0.5610634840985,0.1569150548799,0.6970431978574,-0.0890052485754,0.3438371466588,-0.0150603759872,0.5872832379192,0.3022151558225,0.7204338538383,0.1020230874512,0.4384584419572,0.4426980973572,0.3331976699234,0.2652996652655,0.2406216012698,0.4409200257545,0.5155926724893,0.6705922346162,0.4172888125151,0.5213330893119,0.0872708293051,0.1633369509782,0.1830112986642,-0.0345122754981,0.3511635304933,1.0000000000000,0.4367495897492,-0.1380126850094,0.2820461127525,0.7394178186491,0.6472815037988,0.6273722183122,0.0991776480670,-0.2228231122860,0.1650524504835,0.5479052161595,0.0659622344976,0.5618524619764,-0.4080875024361,0.0428940244353,-0.0607492829043,0.3616017934571,0.0327621146152,0.6881017820377,-0.0278138864362,0.1328322528591,0.4663735013565,0.3101416614639,0.1459778764293,-0.1467060779716,-0.2502572466964,0.3236656335177,0.4317289768552,0.3317644973969,0.4066910008974,0.1575293892814,-0.0739149186624,-0.3665343449313,-0.1956284944249,0.3087027778829,0.7203188681626,0.0279374338662,-0.2097470956088,0.2294987404049,0.4692332656055,0.5424216776185
0.5338798306106,0.5292209056344,0.5897868548630,0.5498953095700,0.1579784036807,-0.0019903636126,0.1592492239577,0.3856904432477,0.2623155373686,0.0733608944823,0.0901728863907,0.4673583559804,0.3452595779404,0.1413731963834,0.5133174695207,0.3069895531815,0.4352500552253,0.6075647693851,0.2328765713940,0.4681779881677,0.5105932338079,0.6605467083084,0.6039973834669,0.6413039354894,0.2830764084744,0.3630491163577,0.5925184080490,0.4082424902757,0.5295544575121,0.4367495897492,1.0000000000000,-0.1835224009152,-0.0435849443217,0.4587773820232,0.6642063323259,0.3737883618815,0.5053424957883,0.3922680464823,0.4808569460520,0.1879980394316,-0.0125069222367,0.1318595864040,0.1092108721283,0.1029345340202,0.0434079808419,-0.1295408736494,0.1553006398573,0.2451079573179,0.0596294456120,0.1278594958845,0.2792691116340,0.4578700408416,0.4234393638862,0.0033178351372,-0.0174625635667,0.3209131300785,0.3063505499086,0.5814711330680,0.4139744947642,0.3427832719625,0.1791944926657,0.1605151587110,0.3389876712069,0.2772266094860,0.1227338570891,0.3651174727726,-0.0861348966944,0.0472627735943,0.2418363747851,0.4884550749469
-0.1398427128433,-0.0363605111383,-0.0059287646079,0.1147792056534,-0.0652241016393,0.0143787484960,-0.1490193066728,0.2979746765095,0.0535915638553,0.5267743994392,-0.0766181261013,0.0715697126947,-0.0026572455894,0.5416986719388,0.0635242678182,0.1872474597734,-0.2074383683285,0.0357846522617,0.0026822029323,-0.1558840138037,0.1020819420157,-0.2281629892224,-0.0254108004858,-0.1873896184951,0.3313882231022,0.3564918202871,0.2161964998467,0.2819788283353,-0.1382552661635,-0.1380126850094,-0.1835224009152,1.0000000000000,0.1001233369462,-0.0197918035032,-0.0119726257943,-0.3000503846912,-0.0483068085964,-0.2339935011128,0.1882363511732,-0.1404821499539,-0.0097819941318,-0.0932681832894,0.2856244819616,-0.0077855743512,0.5032910821064,0.0297437390192,0.0225203666394,-0.0384887448889,0.4573614970821,0.0189226319066,0.0676146056577,-0.1786401543148,-0.3523208225859,-0.0825985032320,-0.3615818000118,0.1488743995786,-0.2718093800942,-0.2013616555141,-0.4246034421122,0.1548139750413,0.2385325880791,-0.0468550434451,0.0205804380018,-0.2669668598591,-0.1782868495738,-0.3587776959837,0.6605048205053,0.1080679549432,-0.1186971447702,-0.1539871858664
0.0688439037069,0.1364881706145,-0.1716509535403,-0.0857344469294,0.1073095164446,0.4023875181584,0.3088756826041,-0.1183785648900,0.2526218379306,0.0372102892323,0.2692666790058,0.0215867575409,0.1319198942210,0.1689130410210,0.1694454536711,0.3881226324880,-0.1652774037745,-0.0825088619433,0.1096504069751,0.0194774060630,0.1438727096731,-0.0042313507241,-0.1374716740127,-0.0869382282469,0.0050949870942,-0.0461580542413,0.0054493114115,-0.0287558193774,-0.1251065599973,0.2820461127525,-0.0435849443217,0.1001233369462,1.0000000000000,0.1197973910019,0.1667285269346,0.0863212727817,-0.1143377248258,-0.3038095997097,-0.0371352232229,0.0803066904098,0.4574527904612,0.2759352834061,-0.1996453261946,0.1578555996749,0.0749596708954,0.2654267367948,0.2015435366403,0.2016422342043,0.1920463556068,0.1914302757296,0.3430608088952,-0.1898101315286,-0.1469564503964,0.0986190155448,-0.1412898846276,0.1715140261831,-0.0905160134109,-0.2528371191696,-0.1714203662583,-0.0680017360874,-0.1067233656499,-0.2468353686955,-0.1961848483371,-0.1797956859110,0.2296529093482,-0.1547407269728,-0.0351802004419,0.6278947599209,0.0272960583041,0.0678882982762
0.5459580421096,0.4346137351221,0.2275105422157,0.3425797257692,0.4755335254494,0.0803022561110,0.4597418960064,0.1666999227655,0.3354120725261,0.2308373444919,0.3691877418557,0.2898894010390,0.5953178358580,0.2043549200347,0.3708752964968,0.5381204773573,0.4789831922722,0.3057019852651,0.1266279562044,0.2819415324703,0.6034334453391,0.6757830991208,0.6037141188906,0.5321956264493,0.2974390288895,0.3068879267858,0.2312642501508,0.1186566181989,0.3618067933979,0.7394178186491,0.4587773820232,-0.0197918035032,0.1197973910019,1.0000000000000,0.6208049588426,0.3961882419069,0.2080194585922,-0.1085300988592,0.2801519226620,0.4614655376315,0.0400990338284,0.3337827327811,-0.1447033750195,-0.0326445487801,0.1903300136187,0.1684258363135,0.0035813316749,0.5744936944800,0.0484766137443,0.0133581283935,0.3968942045866,0.4722331319634,0.1450002148388,-0.1520523091807,-0.3004303370209,0.5020252357854,0.4962960125340,0.4878010218928,0.4270364630853,0.3495981390271,0.1880828894871,-0.2476629837000,-0.0274225541226,0.2290786328972,0.4364002853782,0.0051645152678,-0.0614583360691,0.1840490647864,0.6486199102356,0.5179383457737
0.5864488897571,0.7110687696493,0.3021184928552,0.5523834696531,0.1923302400931,0.0928679065552,0.3958126370441,0.1933824259769,0.3332909400318,0.1139571565529,0.3164479621163,0.5162907900412,0.4574733286124,0.2852805869828,0.5523982751371,0.5258820864121,0.3100490682908,0.5952479352522,0.3578398848942,0.5587305824647,0.5864780952994,0.5091271469468,0.5358836883870,0.5433153811329,0.1929339494916,0.4807351484880,0.5347674043397,0.2246772202941,0.3618061700502,0.6472815037988,0.6642063323259,-0.0119726257943,0.1667285269346,0.6208049588426,1.0000000000000,0.4673571811715,0.5408853205914,0.0576046957934,0.5995579038477,0.1975926826013,0.0558892909673,0.3294491830260,-0.0478343983352,0.1341783397968,0.1327311574495,0.1287930978615,0.1799127239114,0.3773703246995,0.1587626844198,0.1726022420617,0.5154674854148,0.3217184641207,0.4390061723069,-0.0095860780366,-0.1045303241491,0.3953100076945,0.1549872908059,0.4595098686042,0.2441098584134,0.2777503620256,0.3320366075371,0.0384509314358,0.1570239422327,0.1665588288222,0.3128333692475,0.2252542013860,0.0172403315693,0.2441153515943,0.3325036799929,0.7255351871396
