1.0000000000000,0.2328790603840,0.3144490359365,0.0454909099125,0.4159208314899,-0.0640394840436,0.1598106728481,0.3589190256159,0.1199434266370,0.0016160588447,0.3302919512659,0.3051946977115,0.4054492514601,0.1626628128220,0.4748053021421,-0.0137477502521,0.2352082475206,0.3052968883408,0.3823518015038,0.6143669405039,0.4978093594434,0.3945293844114,0.1447519322477,0.4047142368538,0.1555487172021,0.1281082225045,0.3757716103787,0.2953714623194,0.3846850068419,0.4660224568932,0.4541471322914,-0.1271359908594,-0.0971327509038,0.3055945029538,0.3058331235546,0.4374709482984,0.1009375683498,0.0434017571953,0.2975082635360,0.3235937421148,-0.1558269682262,0.0442371185011,0.0181434173346,-0.2467179420332,0.0040694082013,0.4028302565088,-0.0340249956087,0.3931407621903,0.0219029081370,-0.0179925936645,-0.0496855941598,0.3178958205247,0.2283445575232,-0.0043719631348,0.2390585648217,0.4817018036837,0.2476992686955,0.1142316913159,0.1883759870083,0.1321552802253,0.0012459650718,-0.0350857309681,0.1538261228041,0.3084144678829,0.0143805441577,0.0338207857148,0.1485830166899,-0.0410693072903,0.1513799339249,0.3090171287962
0.2328790603840,1.0000000000000,0.1480745542692,0.4001623446604,0.2220755232356,-0.3441104211773,-0.2298967748495,0.1080325368974,-0.2459997890178,-0.1944171451782,0.2092551814573,0.2811142741415,0.2287268942704,-0.2668681422129,-0.2738449662032,-0.3074946095360,0.3952201018328,0.3691705750138,0.0421458687044,0.3307972387864,0.3345241848153,0.5737411654138,0.4943238975746,0.5753026529493,-0.0765384583426,0.2346336044546,0.5179802777522,0.1338148852534,0.4122262887981,0.3177296294799,0.5953088479805,-0.1659611307594,-0.3293590436036,0.2701148807014,0.4263569430197,0.1812553143293,0.7669384705994,0.1630633380989,0.5539870052433,0.0708208511180,-0.2919826387030,-0.3186764590564,-0.1445435641351,-0.4359124515222,-0.1822401722575,0.2647464442232,-0.1260558320967,0.2565617954411,-0.2201980359568,-0.4451167400074,-0.3316029434219,0.3405696069985,0.5511250296402,-0.1350403484130,0.3248930305354,0.3722123490348,0.5120764228679,0.6266744612492,0.5458696117688,0.0022678103767,0.1674172673003,0.3177475483601,0.1189540651703,0.3208729973312,-0.0920585982306,0.5683212185482,-0.0718269699382,-0.2758454302482,0.1742109617991,0.5229803949375
0.3144490359365,0.1480745542692,1.0000000000000,0.0492304923873,0.3992474084914,0.0853956030437,0.1648918496716,0.7175217715301,0.3138002151826,0.3518327845009,0.4073818477406,0.2436481791435,0.2542932163522,0.2499685185817,0.3124428267014,0.1032829439701,0.0878719813253,0.4360625544914,0.3070197069947,0.3061850295012,0.3992375797473,0.4838220456222,0.1906035227137,0.6041281440728,0.4171236373984,0.3122807598014,0.5545480073869,0.6632494481069,0.3721843765104,0.1694707671567,0.5491766923167,-0.3034136610139,-0.1534822679670,0.2190041816384,0.1436695116369,-0.1367668576710,0.1132941755965,0.6597564278118,0.2275127149756,0.3340956587957,-0.0128834172884,-0.1651561684147,0.1682186471967,-0.2069152177032,0.1783993731138,0.3242230527327,-0.1478114215960,0.1897430264241,0.0038004841123,-0.3029737953342,-0.1138607037310,0.1306849674121,-0.0235055729948,0.0749468637904,-0.1746811523400,0.3917590738267,0.2827275520030,0.0047504732691,0.3561970775318,0.2503926932516,0.0799413240422,-0.0929163592731,0.4167972243567,0.2586665757490,-0.4913013610130,0.0024968882419,-0.0436302344708,-0.0501090404938,-0.0206344654296,0.0198671589515
0.0454909099125,0.4001623446604,0.0492304923873,1.0000000000000,0.2811178236005,0.0171320410646,0.0642638998416,0.1399898002036,0.0861016784214,0.2009623190452,0.3288107367291,-0.0070846311462,0.2416646306425,-0.1817496426325,-0.0342697050245,0.2478025005910,0.3133148781295,0.0857519727544,-0.0908810496266,-0.0053821636808,0.1757439422049,0.1187339629715,0.3848022410203,0.2157124664783,0.2770001646807,0.1749023371939,0.0924089761460,0.3196419315089,0.3112593553647,0.2337213006445,0.3084759807362,0.0536084349372,-0.1556579544373,0.2506408265420,0.1843131469515,0.0241774662369,0.3045300753936,0.0880069547706,0.6818542531508,0.2452078781873,0.1151404138158,0.0465747296733,0.0510961162005,0.0497198035314,0.3322891230749,0.2248972572978,-0.0887458908275,0.1594195075037,-0.1573896077380,0.0564986605849,0.1778443632968,0.3087167026918,0.2423779553164,-0.0685963505472,0.1682220656511,0.1905961209103,0.2211013185955,0.3040115091923,0.3065325613200,0.3041589152694,0.1264465899247,-0.0140544491198,0.4266311591390,0.2914666052180,0.0542121498958,0.2996621050893,0.0792389687222,-0.0694214313898,0.2499567336139,0.2714654212313
0.4159208314899,0.2220755232356,0.3992474084914,0.2811178236005,1.0000000000000,-0.0423791359972,0.2364993044272,0.5678858460834,0.0737291391800,0.4674116360535,0.5491768164126,0.1451876547949,0.7178893467445,0.2323734635652,0.2681281065182,0.1924380705912,0.2358805020590,0.1778583868045,0.0789466347244,0.0952646384306,0.8021420680192,0.3272723627490,0.3305020283844,0.3277966136179,0.4990631108523,0.2076053730067,0.3443948312325,0.3009554487016,0.5105888846995,0.3641550796469,0.4129247244132,-0.0361063750555,-0.1428799490599,0.3078226338962,0.0465358045266,0.1694048831828,0.1173581676812,0.1897141156816,0.4034603873491,0.8693400180690,-0.1405267742024,0.0839160399528,0.3459248356765,-0.2729953515242,0.4030825367890,0.6862746288933,-0.1915963117787,0.7055488945735,0.1270491441239,-0.1290393729011,0.2910865915383,0.3241201478145,0.1547110589608,-0.1606094649545,-0.0280418749730,0.7805998759199,0.2335840667791,0.2090710842151,0.1698014300857,0.4784382311633,0.0084861117937,-0.0800055457749,0.2477566038347,0.4819694919119,-0.1227814921623,0.1095203528084,0.3091761376896,-0.0843058542701,0.1169380734636,0.1362632966603
-0.0640394840436,-0.3441104211773,0.0853956030437,0.0171320410646,-0.0423791359972,1.0000000000000,0.7143045755109,-0.1976130448433,0.7670037066773,0.0162460717514,0.2106191977462,-0.0867916363239,-0.0012410903259,0.2294666041787,0.2839181149075,0.5773157469244,-0.2334502007652,-0.1763684233479,0.0737959276384,-0.1376193676798,0.0027785303824,-0.2135001297467,-0.3847922938513,-0.0758023676570,-0.0756195363974,0.0447717805791,-0.1573679220161,0.3880393750452,-0.2912955159241,0.1830472633502,-0.1825030940195,-0.0920918127139,0.5348758971825,0.0999703169159,0.0062482348695,-0.1724687035799,-0.4594949393823,0.0659490113381,-0.0988940479628,0.0268616470801,0.7963883042080,0.5926860569471,-0.2525133760206,0.6915416100739,0.0552024118997,0.1197302801727,0.0856558284569,-0.1133605637530,0.0618411554628,0.2059005981499,0.2638408669714,-0.2091400134259,-0.2557913356602,0.0750031331729,-0.3422931845099,-0.0074548133347,-0.1678591591605,-0.4636870048097,-0.0113352780242,-0.0632180993994,-0.1022761142481,-0.2584229358637,0.4419232739373,-0.3058197711330,-0.0271643392172,-0.3034407032264,-0.1000620997203,0.6944973120511,0.0870097564645,-0.1008433160815
0.1598106728481,-0.2298967748495,0.1648918496716,0.0642638998416,0.2364993044272,0.7143045755109,1.0000000000000,-0.0536040850191,0.7960772916169,0.0355659140132,0.5411582804281,0.0666927054926,0.4053790371897,0.2385020150510,0.4542377956063,0.5499246843902,-0.2727603094626,-0.1521438900585,0.2334352708739,0.0190384355088,0.3534158742896,-0.1243418630694,-0.3581053661337,0.0257344339723,-0.0737782122259,0.0298054370174,0.0675216347449,0.3944080250919,-0.1660123811989,0.3406395370871,-0.0154871269574,-0.0774900115668,0.2112070984882,0.1936426295255,0.0393234514041,-0.1295279348577,-0.4420750154835,0.1193661391556,0.0353435942067,0.2523936191660,0.5446230105386,0.6805258788497,-0.2635244163602,0.5000739814025,0.0291495915849,0.4486817214292,0.0400715564858,0.2603637183868,0.0128351335623,0.1347723915184,0.3202657731967,-0.1813260777281,-0.2297733163651,0.1108310106637,-0.2890781191512,0.3145767420942,-0.0957068590683,-0.4494451729766,0.0343893138400,-0.0792525027277,-0.1576687223137,-0.2219969283751,0.4818635671528,-0.2038168589698,-0.1658481951421,-0.3298458001692,0.0214977898939,0.4291256966051,0.0842509940705,-0.0398120259246
0.3589190256159,0.1080325368974,0.7175217715301,0.1399898002036,0.5678858460834,-0.1976130448433,-0.0536040850191,1.0000000000000,0.0070404053949,0.6117951327280,0.4406180977485,0.2309783849632,0.4252917682664,0.3588650727441,0.3677050310057,0.1256201882186,0.3232481678757,0.4141157883932,0.1434596579521,0.1909407160601,0.5027303085655,0.4286839513784,0.4186099368691,0.4499570729506,0.7549742931377,0.2996979362424,0.4598224532524,0.4843791851106,0.6766307431294,0.2108454748125,0.5592357484033,-0.0328669068658,-0.1235978647305,0.2339021260128,-0.0200257240074,-0.0591480213512,0.1294610459919,0.3088953149439,0.3281963044256,0.5246446095316,-0.3420190714243,-0.3052114345715,0.4072756889506,-0.4880400063547,0.4667469983642,0.3163649579141,-0.2356551440846,0.3792325605993,0.2311980192628,-0.2801656978421,0.0860688133803,0.4728725638443,-0.0006035528238,-0.1173165466957,-0.1210595578330,0.4599949616585,0.2430987311679,0.1774430595136,0.1496063380746,0.5780924025508,0.0786674071264,-0.1946770864386,0.2161594116025,0.5998160249189,-0.4102377125045,-0.0688238505874,0.3492748627562,-0.1924552780234,-0.0252145125114,-0.0555530427032
0.1199434266370,-0.2459997890178,0.3138002151826,0.0861016784214,0.0737291391800,0.7670037066773,0.7960772916169,0.0070404053949,1.0000000000000,-0.0159470654572,0.4935830834670,0.1568280067445,0.1995753129228,0.2683387597595,0.4715714066368,0.6022061093139,-0.1834210898280,0.0011279291023,0.2954327707119,0.0793291292407,0.1452003396754,-0.0574353601509,-0.3406132110932,0.1419927325291,-0.0506440687559,0.1093594024544,0.1222934178196,0.5490472439247,-0.0658432662130,0.2951793067405,0.0750816094121,-0.1847552525665,0.2603305203028,0.2391356050172,0.0861559044182,-0.2644277780095,-0.3856857424709,0.1933638219406,0.0690833505436,0.0772478975819,0.6344764530348,0.6191132494744,-0.3218549330653,0.6371531577547,0.0190814290531,0.3191060635825,0.1419462540872,0.0351013030957,0.0122728669203,0.0990257184527,0.2176433358200,-0.1136980495091,-0.2256131170568,0.2448389482514,-0.3025015419415,0.1262484812182,-0.0595821732393,-0.4815009743938,0.1038259809224,-0.0702748783782,-0.0974733109321,-0.2690151067668,0.5494766167590,-0.1310597868722,-0.2544172851648,-0.3507581012190,-0.1426464364794,0.4763106631427,0.1036063692180,-0.0834345392723
0.0016160588447,-0.1944171451782,0.3518327845009,0.2009623190452,0.4674116360535,0.0162460717514,0.0355659140132,0.6117951327280,-0.0159470654572,1.0000000000000,0.2226591051044,-0.1158620703241,0.3200409369759,0.4507404279540,0.2714674677991,0.3938104821264,0.0677984148333,-0.0855810566223,-0.1379538461512,-0.2956314118994,0.3109054202071,0.0568077517481,0.2103903022353,0.0311686336353,0.8264196565917,0.3379403712016,-0.0476757298339,0.2446987554289,0.2809103317398,0.0306790544599,0.0104686420360,0.2374406444942,0.0441954484876,0.1254249805038,-0.1592467434931,-0.1426597025826,-0.1586247719646,0.0826325624614,0.2224514909157,0.5674557266659,-0.0839999290546,-0.0729636934674,0.4880381332770,-0.2201146198460,0.8332949232569,0.1542755741825,-0.1821162653684,0.2035083220641,0.3544793115829,0.0636233487676,0.4534196442961,0.2076743252698,-0.3045507751908,-0.2404800461731,-0.2312187201043,0.2329920763927,-0.0389194162102,0.0366233016122,-0.1225705993165,0.7284287110773,0.2080661381833,-0.3910940817139,0.1490043781858,0.2795672234784,-0.1273556439589,-0.2260995972463,0.4481499019993,-0.0266136464166,0.0073425294088,-0.1299928797628
0.3302919512659,0.2092551814573,0.4073818477406,0.3288107367291,0.5491768164126,0.2106191977462,0.5411582804281,0.4406180977485,0.4935830834670,0.2226591051044,1.0000000000000,0.3145501581017,0.7460493561414,0.2156573513032,0.4862622000569,0.4371403465219,0.1024644129105,0.1458993278480,0.2820342946322,0.2263357327196,0.6121103041188,0.2665149582283,0.0699164442375,0.4168658483849,0.2743127575011,0.2694881979354,0.3776243036766,0.5584995107972,0.4436371340631,0.5561236259995,0.4296285951834,-0.1129248284810,-0.0525512386745,0.2644228858002,0.1297039941636,-0.1332812990193,0.0031242168045,0.1849050048668,0.4847829175356,0.4533947793920,0.0885929907441,0.2786454656066,-0.1392602485254,-0.0103368281382,0.2070294045516,0.7418245346427,-0.0529244684789,0.5592135979302,0.0451105661415,-0.1352938527646,0.1771948670605,0.2620016804232,-0.0598788414401,0.0655611850874,-0.1450912455271,0.5841961068037,0.1996518785257,-0.0393003459845,0.3056535713293,0.2094046282960,-0.0116072062383,-0.3008753552979,0.5161278899161,0.3131111031578,-0.3761472138201,-0.1517699094170,0.1317051674687,0.0744304560270,-0.0008160680007,0.1042729048732
0.3051946977115,0.2811142741415,0.2436481791435,-0.0070846311462,0.1451876547949,-0.0867916363239,0.0666927054926,0.2309783849632,0.1568280067445,-0.1158620703241,0.3145501581017,1.0000000000000,0.2861906827099,0.4021821199555,0.3291173137481,0.0675121966852,0.0368841515406,0.2230347207434,0.6114471852371,0.5380460106548,0.3154979877470,0.3434886416665,0.0185287245874,0.3770757643492,-0.0524539294013,0.4566565111931,0.5348015957781,0.1978468115766,0.2553491928167,0.5714611153338,0.3655422342363,0.0227187188367,0.0316319816774,0.2967075612883,0.3172845229598,-0.0569381491716,0.1559085863061,0.0059060178063,0.3475759450539,0.0198121756474,-0.1743606424197,-0.0206443071142,-0.3096294239983,-0.2402611502915,-0.2243115802491,0.2397262721433,0.6030109738283,0.3785233171083,0.3336994262929,-0.3009782070239,-0.0555529661301,0.1164800169161,0.0197556698093,0.4127542181662,0.1831529292126,0.2893437292114,0.2381604574231,0.0256485587045,0.2343158924894,-0.1368434997925,0.2393196960816,0.0576540085986,0.0505414060073,0.1552006029450,-0.1606800472639,-0.0613674009199,0.0593537496693,0.0910131642099,0.0207952887542,0.2687916258559
0.4054492514601,0.2287268942704,0.2542932163522,0.2416646306425,0.7178893467445,-0.0012410903259,0.4053790371897,0.4252917682664,0.1995753129228,0.3200409369759,0.7460493561414,0.2861906827099,1.0000000000000,0.2581790827665,0.3944930639184,0.3672829435911,0.1187361124194,0.1712006218235,0.1811262011389,0.2002968759614,0.8070383425254,0.2451373802045,0.1505424659503,0.3537073391882,0.2792038176023,0.1930312813145,0.3248430312112,0.2992087276077,0.4501682214788,0.5441270786805,0.4012823317068,0.0128351398324,-0.1623535514347,0.2878230389883,0.1835387317740,0.0071530988665,0.0622784832788,0.0049491598364,0.4426946741096,0.6311774676480,-0.1357877919251,0.2209367847305,-0.0499188285193,-0.2169263965065,0.2847573395218,0.7782429849925,-0.0695509101423,0.8633479341781,0.1262082504719,-0.1519542563912,0.3588610147138,0.3024410412372,0.0967505026260,-0.0878835546348,-0.0315496797570,0.7815489195116,0.1842706121233,0.0476744706955,0.1962009266033,0.2438129633071,-0.0167265720507,-0.2458061920849,0.2455938445316,0.3538949267507,-0.1610122707714,-0.0762533691089,0.3317844721255,-0.1204219770577,0.0630719378701,0.2088042650622
0.1626628128220,-0.2668681422129,0.2499685185817,-0.1817496426325,0.2323734635652,0.2294666041787,0.2385020150510,0.3588650727441,0.2683387597595,0.4507404279540,0.2156573513032,0.4021821199555,0.2581790827665,1.0000000000000,0.5067790474820,0.3826425570389,-0.0420228657859,-0.0120436257728,0.2383110259514,0.0086130158529,0.2672074305988,0.0974672686857,-0.2056093390881,0.0863446390327,0.3728665403385,0.5314883112347,0.1501337957840,0.2412785830343,0.0960954316019,0.3459561844988,-0.0220293843980,0.2131563891668,0.4301854019142,0.1527956125938,-0.1543053112636,-0.1885245173045,-0.2954261881631,-0.0791966106566,0.0735149387664,0.2811140321151,0.0119586192426,0.1892999607182,0.0324787235397,-0.0606420023674,0.2774046073668,0.1441441350678,0.3937460762889,0.2186588365844,0.8016288241132,-0.0046837262214,0.3621737704144,0.0699579864303,-0.3325507352290,0.1657606101338,-0.2162511795465,0.1875899742436,-0.0084036649133,-0.2924417267536,-0.1185128759505,0.2499902331977,0.3153791123024,-0.3091247083385,0.0820148468912,0.0507563341195,-0.1080941979113,-0.4523943319801,0.2744777832009,0.3920058038296,-0.0847032247360,-0.1268071758240
0.4748053021421,-0.2738449662032,0.3124428267014,-0.0342697050245,0.2681281065182,0.2839181149075,0.4542377956063,0.3677050310057,0.4715714066368,0.2714674677991,0.4862622000569,0.3291173137481,0.3944930639184,0.5067790474820,1.0000000000000,0.4641838353259,-0.0733402672620,-0.0555745248900,0.5984315074965,0.3138271918840,0.3348062556585,0.0062404129604,-0.2300791388873,0.0798792043641,0.2689436057413,0.2226815132800,0.0747208554673,0.3947861571818,0.0887747022622,0.4983074409631,0.0435435953002,0.1125919691848,0.2875642188569,0.1872889683318,-0.0136503028077,0.0319294224253,-0.3768677624858,-0.0228737519397,0.1245969830305,0.2592615439923,0.1421740552069,0.2572943965553,-0.0132468584566,0.0729790194889,0.2154297069366,0.3458131470197,0.1577489703997,0.3027225147337,0.3489997540965,0.3270763284026,0.3018741402496,0.0835594300755,-0.3412893875701,0.2122002097435,-0.0830026748039,0.2590564133426,-0.0635921548273,-0.3370637369072,-0.0246982060883,0.1348995559102,-0.0256056023168,-0.5111893783633,0.2582404809842,0.0432711853763,-0.0459910619212,-0.4439285278182,0.2269309039785,0.1659919275369,0.0138684541187,-0.0657278360398
-0.0137477502521,-0.3074946095360,0.1032829439701,0.2478025005910,0.1924380705912,0.5773157469244,0.5499246843902,0.1256201882186,0.6022061093139,0.3938104821264,0.4371403465219,0.0675121966852,0.3672829435911,0.3826425570389,0.4641838353259,1.0000000000000,-0.1293777655309,-0.1388721016179,0.0439455760165,-0.1396875439916,0.1630055655001,-0.1867647311728,-0.2016404566518,-0.0398515316982,0.2791060050635,0.2178063449559,-0.1350932369058,0.3793975566794,0.0239922495345,0.3091374084923,-0.0866204242304,0.1367516940188,0.2637746502666,0.1420800187331,0.0637925020432,-0.2629312423145,-0.3682708292917,-0.0662219119811,0.2273421406279,0.2632728942140,0.5007885077053,0.4707094708952,-0.0924861281143,0.4240807481351,0.4000303319635,0.2103712983452,0.1058742582756,0.2027157462743,0.2431127346602,0.2275249565335,0.6344933598665,0.0290977254527,-0.2745791913788,0.0434079127597,-0.2236615452148,0.0973462696025,-0.1392702746789,-0.3489391545033,-0.0582501286658,0.2395784310010,0.0699099200550,-0.4710326973946,0.3962656162600,0.0086364330396,-0.0571583052242,-0.3523106492218,0.2315715461175,0.3411715508808,0.0904778709516,-0.0049268370828
0.2352082475206,0.3952201018328,0.0878719813253,0.3133148781295,0.2358805020590,-0.2334502007652,-0.2727603094626,0.3232481678757,-0.1834210898280,0.0677984148333,0.1024644129105,0.0368841515406,0.1187361124194,-0.0420228657859,-0.0733402672620,-0.1293777655309,1.0000000000000,0.2538392737600,-0.0581744520746,0.0830703281239,0.1967677620029,0.5869528108794,0.5718687999236,0.5505286658056,0.3628564123761,-0.0258202058153,0.0767507889753,0.2471650794585,0.6902079450760,0.2318884182800,0.4789987161585,-0.0698479669913,-0.0933323265435,0.3142865642223,0.1006032479812,0.2098097920139,0.4036331833880,0.0623021809582,0.3379535535615,0.1698814233560,-0.2475562296128,-0.3763906399098,0.1580366243331,-0.3188157894510,0.1705417571460,0.1417358944704,-0.1663289076252,0.1702756843785,0.0309460609845,-0.2187832471543,-0.1799914367230,0.8738582106112,0.3205554819052,-0.1568832614651,0.1203823044679,0.2185520732368,0.6001556764224,0.5823319643084,0.5270629472506,0.4427350110215,-0.0811517875269,-0.1322656317752,0.1979385979793,0.6755417137715,0.0006736992617,0.4252101351419,0.0585040737762,-0.1103188574464,0.2965839047056,0.2023643234287
0.3052968883408,0.3691705750138,0.4360625544914,0.0857519727544,0.1778583868045,-0.1763684233479,-0.1521438900585,0.4141157883932,0.0011279291023,-0.0855810566223,0.1458993278480,0.2230347207434,0.1712006218235,-0.0120436257728,-0.0555745248900,-0.1388721016179,0.2538392737600,1.0000000000000,0.0885326170414,0.4975176367090,0.2252562648372,0.4423340165419,0.2478680807012,0.5185683385128,-0.0109836502850,-0.0276085138656,0.5539586452163,0.2314724619314,0.4375937746085,0.2085736145847,0.6538474881118,-0.2608764137441,-0.1899837653282,0.2928055053747,0.3315702265690,-0.1377853299572,0.4360630167639,0.2622956063566,0.1184425187516,0.0243129764464,-0.1829077526257,-0.2136791007163,-0.0709359885217,-0.2189545784524,-0.1627691814386,0.1529926359741,-0.0939779385130,0.1841255084028,-0.1335976034597,-0.4762404564693,-0.2485081963295,0.2479180480080,0.5569279831848,0.0414615626483,0.1963994022070,0.2413006146553,0.3448017065985,0.1385161055005,0.3313022413898,-0.1022207407778,-0.1835395808926,0.2094547442224,-0.0009431600109,0.3651412627372,-0.2472270471042,0.2549305072082,-0.0811471248269,-0.1917740248781,0.1943968547119,0.1935346938805
0.3823518015038,0.0421458687044,0.3070197069947,-0.0908810496266,0.0789466347244,0.0737959276384,0.2334352708739,0.1434596579521,0.2954327707119,-0.1379538461512,0.2820342946322,0.6114471852371,0.1811262011389,0.2383110259514,0.5984315074965,0.0439455760165,-0.0581744520746,0.0885326170414,1.0000000000000,0.6190278964951,0.2094254897521,0.2005685697938,-0.1984595555387,0.2278354579943,-0.1014112603981,0.1845692791849,0.3399555124851,0.3046711786593,0.0202972102080,0.4267040217286,0.1617156089077,0.1090204468730,0.0738732964941,0.1836840309242,0.1419906450023,-0.0129056638293,-0.1111394427218,0.0958891547774,0.0756966559117,-0.0586165170622,0.0639682002602,0.0084455001481,-0.2654299919772,-0.0580065659873,-0.2650563404234,0.2377270927054,0.3485709795694,0.1551202762351,0.1586313563640,0.0336786676401,-0.1742635832196,-0.0511710589111,-0.1537411204167,0.5225769683027,0.1744262150008,0.1502277883952,0.1950099113676,-0.1837883413102,0.2549132196345,-0.2491535030595,0.0008666863550,-0.1362358241685,0.1851955133878,-0.0937398539626,-0.1577897766855,-0.1620945000396,-0.0468843302867,0.1292392032091,0.0684945872429,0.0282254069917
0.6143669405039,0.3307972387864,0.3061850295012,-0.0053821636808,0.0952646384306,-0.1376193676798,0.0190384355088,0.1909407160601,0.0793291292407,-0.2956314118994,0.2263357327196,0.5380460106548,0.2002968759614,0.0086130158529,0.3138271918840,-0.1396875439916,0.0830703281239,0.4975176367090,0.6190278964951,1.0000000000000,0.2149918699242,0.3697822849300,0.0394484298429,0.3820636544947,-0.1633630773737,0.1838455411616,0.5721130922742,0.2698529513126,0.2091361522412,0.3675280055409,0.4414718880447,-0.1242201165972,-0.1765685205392,0.2388712695148,0.4451380400212,0.1407181315839,0.1938796236552,0.1064685768471,0.2172049936321,-0.0502540086263,-0.1100373504340,-0.0960950646111,-0.2622893231381,-0.2339685438906,-0.3731616940191,0.2181680654146,0.1232136105359,0.2161699631091,-0.1174488847920,-0.1930853505255,-0.2776428083106,0.0912634344461,0.3086430239689,0.2235368301710,0.4332858247391,0.2123317242718,0.2779070347694,0.0234878447343,0.2893774963121,-0.2763694111473,0.0397532559593,0.1687332748054,0.0926697913681,0.0965650737889,-0.1329455394760,0.0774403183944,-0.0643723329149,-0.1179116069623,0.0982253462416,0.2965718604716
0.4978093594434,0.3345241848153,0.3992375797473,0.1757439422049,0.8021420680192,0.0027785303824,0.3534158742896,0.5027303085655,0.1452003396754,0.3109054202071,0.6121103041188,0.3154979877470,0.8070383425254,0.2672074305988,0.3348062556585,0.1630055655001,0.1967677620029,0.2252562648372,0.2094254897521,0.2149918699242,1.0000000000000,0.4154605251659,0.2365437139169,0.4632578428385,0.3053550311554,0.2641363142718,0.4417177920368,0.3004209790410,0.4594006982365,0.5253080660251,0.4793772994739,-0.0770655818204,-0.1686368315782,0.3767871754434,0.1912581870837,0.1256326698253,0.1093409852348,0.1955476260352,0.3847332538110,0.6860340390958,-0.1515992345647,0.0741482189032,0.0631437081843,-0.3464181621099,0.2449199126719,0.7280381288817,-0.1169531660490,0.8030586501551,0.1577766878943,-0.2765148136673,0.1848582030046,0.2943598935392,0.1137872510308,-0.0978752800099,-0.0673559282334,0.9325305026982,0.2684208656254,0.1466990203615,0.2745293112550,0.2827126009517,-0.0021398220475,-0.1091421592650,0.2278774297860,0.3681105538773,-0.2433854758736,0.0540754804508,0.3009359383974,-0.0747125067523,0.1599774356075,0.2297942354010
0.3945293844114,0.5737411654138,0.4838220456222,0.1187339629715,0.3272723627490,-0.2135001297467,-0.1243418630694,0.4286839513784,-0.0574353601509,0.0568077517481,0.2665149582283,0.3434886416665,0.2451373802045,0.0974672686857,0.0062404129604,-0.1867647311728,0.5869528108794,0.4423340165419,0.2005685697938,0.3697822849300,0.4154605251659,1.0000000000000,0.4923151368678,0.8945147896503,0.2300217779256,0.2258638955438,0.4453251228433,0.2865222842259,0.6449060867528,0.3832197601586,0.7435218606084,-0.2573339717514,-0.1936950156375,0.4044143770950,0.3748017366539,0.1215957790707,0.5251293936778,0.4400386239505,0.4524110937752,0.1957178052981,-0.2597795510190,-0.3149451829526,0.0865990922779,-0.4413682376001,0.0308743533143,0.2401121295467,-0.0322982426379,0.2506646168389,0.0640730080064,-0.4425434805472,-0.2937454726856,0.5433439738395,0.3059417923445,0.0267072886984,0.1126179795765,0.3845780493744,0.7994247575115,0.5618226082184,0.7446078193119,0.2862433959454,0.1385506901280,-0.0188477048814,0.1788537194000,0.5635952648227,-0.3066806000562,0.4889034512231,-0.0203676910663,-0.0477642748217,0.1994477397438,0.4063822673448
0.1447519322477,0.4943238975746,0.1906035227137,0.3848022410203,0.3305020283844,-0.3847922938513,-0.3581053661337,0.4186099368691,-0.3406132110932,0.2103903022353,0.0699164442375,0.0185287245874,0.1505424659503,-0.2056093390881,-0.2300791388873,-0.2016404566518,0.5718687999236,0.2478680807012,-0.1984595555387,0.0394484298429,0.2365437139169,0.4923151368678,1.0000000000000,0.4432628463316,0.3909151249375,0.1161208244007,0.2254728800461,0.1043698072701,0.6059259106100,0.0609671997576,0.5012518549056,-0.1884150393903,-0.2776309611726,0.3011340139750,0.1098523749232,0.2897013230498,0.4572139560515,0.1899562965560,0.4261901446097,0.2407456704168,-0.3933534172797,-0.4260096369407,0.3186821687023,-0.4815121574705,0.2661030928328,0.0491938802751,-0.2683989932637,0.2046516085607,-0.1311359822238,-0.3160572191752,-0.1400613344204,0.5410749656912,0.4341463687344,-0.2729545434848,0.2070086420639,0.2739605346737,0.3711734853657,0.8100816114706,0.3037278207466,0.4902907399871,0.0747023139074,0.1055802817259,0.0420998853225,0.6126123859196,-0.0236514229980,0.5328349073735,0.0537126950687,-0.2706482482143,0.1606886476282,0.2633930950726
0.4047142368538,0.5753026529493,0.6041281440728,0.2157124664783,0.3277966136179,-0.0758023676570,0.0257344339723,0.4499570729506,0.1419927325291,0.0311686336353,0.4168658483849,0.3770757643492,0.3537073391882,0.0863446390327,0.0798792043641,-0.0398515316982,0.5505286658056,0.5185683385128,0.2278354579943,0.3820636544947,0.4632578428385,0.8945147896503,0.4432628463316,1.0000000000000,0.1783485283464,0.2600899313407,0.4852009913289,0.5116999985340,0.6282674356462,0.4531363325025,0.8158120986253,-0.3459234062029,-0.1972682240613,0.4432057847388,0.4345820207443,0.0321520007337,0.4883698820207,0.5142327898103,0.5144874980342,0.1730295301173,-0.1618950861101,-0.2308061821396,-0.0673617757295,-0.3337182822835,0.0231311342784,0.3591124416065,-0.0356596086597,0.3075167469752,0.0053448681348,-0.4833646398392,-0.2953247504370,0.5515637888177,0.3023701207715,0.0403375588831,0.0056410012855,0.4560099638040,0.7255683783484,0.4439512486364,0.8072415766995,0.2097414964330,0.0892772900124,-0.1075188771585,0.3648876813586,0.5122812479057,-0.4001269353135,0.3963822662306,-0.0643098551049,-0.0333956366362,0.1938588283125,0.4199081355824
0.1555487172021,-0.0765384583426,0.4171236373984,0.2770001646807,0.4990631108523,-0.0756195363974,-0.0737782122259,0.7549742931377,-0.0506440687559,0.8264196565917,0.2743127575011,-0.0524539294013,0.2792038176023,0.3728665403385,0.2689436057413,0.2791060050635,0.3628564123761,-0.0109836502850,-0.1014112603981,-0.1633630773737,0.3053550311554,0.2300217779256,0.3909151249375,0.1783485283464,1.0000000000000,0.2943139441008,0.0377637815571,0.3510910979683,0.5726656324373,0.0509375172046,0.1991845269763,0.1949344419595,0.0280050276312,0.1199508138331,-0.1453814478969,-0.0344382041455,-0.0504977014463,0.1309638710188,0.3264249774702,0.5520356517774,-0.1887154184888,-0.2329289049565,0.5667888585639,-0.3260523973046,0.7360562238101,0.1685177615338,-0.2551879033510,0.1978198413975,0.2882787962732,-0.0039494907844,0.2876449962203,0.4830011023519,-0.1875655910772,-0.2898127208634,-0.1933674213961,0.2456037106708,0.1406175405057,0.2047325077683,0.0267289989098,0.8656116143168,0.1586866935658,-0.3803778775624,0.2168959490701,0.5744531810346,-0.1802041731119,-0.0614089134389,0.4029534970728,-0.0516019990194,0.0146618510634,-0.0899296665001
0.1281082225045,0.2346336044546,0.3122807598014,0.1749023371939,0.2076053730067,0.0447717805791,0.0298054370174,0.2996979362424,0.1093594024544,0.3379403712016,0.2694881979354,0.4566565111931,0.1930312813145,0.5314883112347,0.2226815132800,0.2178063449559,-0.0258202058153,-0.0276085138656,0.1845692791849,0.1838455411616,0.2641363142718,0.2258638955438,0.1161208244007,0.2600899313407,0.2943139441008,1.0000000000000,0.3913849653161,0.3536716004975,0.1622556993982,0.2944358679329,0.1757871106500,-0.0096799313470,0.0750047607608,0.1694085944961,0.1917093426641,-0.0759452492538,0.0965454875796,0.0590110254166,0.5029340091515,0.1808727587496,-0.0683962069296,-0.0361564201141,-0.0321207366566,-0.2567811524358,0.2111822146903,0.1090422388824,0.2258657194707,0.1540114765677,0.4250512660322,-0.2025050275063,0.0957309804775,0.0675466373861,-0.1164535806628,0.0441472301926,0.0028475717106,0.2586317670927,0.0308066674547,0.0843563100160,0.0395325141067,0.2247302140888,0.7686676924750,-0.0262253992012,0.2202337963781,0.0607148432895,-0.1705819003128,-0.1369686278308,0.1131262749555,0.1922901614100,-0.1018995002143,0.2144487261101
0.3757716103787,0.5179802777522,0.5545480073869,0.0924089761460,0.3443948312325,-0.1573679220161,0.0675216347449,0.4598224532524,0.1222934178196,-0.0476757298339,0.3776243036766,0.5348015957781,0.3248430312112,0.1501337957840,0.0747208554673,-0.1350932369058,0.0767507889753,0.5539586452163,0.3399555124851,0.5721130922742,0.4417177920368,0.4453251228433,0.2254728800461,0.4852009913289,0.0377637815571,0.3913849653161,1.0000000000000,0.3762179315938,0.4016659779083,0.2942904620081,0.6102463239098,-0.2060045178363,-0.2328241681979,0.2156099188254,0.2409832014141,-0.0800425647846,0.3421956145887,0.2628284719151,0.3723070313635,0.1853281734233,-0.2149744487459,-0.0670368186726,-0.1448433197223,-0.3343252218566,-0.2468833312112,0.3545764753660,0.0220850023429,0.3489580548261,-0.0553427087186,-0.4941045403073,-0.2383668484639,0.1188135817786,0.3249516532005,0.1175797572280,0.1474470310018,0.4547017579270,0.2626955606346,0.1348388792647,0.2474431125854,-0.0746543597908,0.1688177796580,0.4538737697450,0.1798348621809,0.2508117309823,-0.3895575887830,0.1026210917230,-0.0626810293411,-0.1063726928064,-0.0638649512298,0.1835048993133
0.2953714623194,0.1338148852534,0.6632494481069,0.3196419315089,0.3009554487016,0.3880393750452,0.3944080250919,0.4843791851106,0.5490472439247,0.2446987554289,0.5584995107972,0.1978468115766,0.2992087276077,0.2412785830343,0.3947861571818,0.3793975566794,0.2471650794585,0.2314724619314,0.3046711786593,0.2698529513126,0.3004209790410,0.2865222842259,0.1043698072701,0.5116999985340,0.3510910979683,0.3536716004975,0.3762179315938,1.0000000000000,0.3302906862430,0.3583766526014,0.4535127998054,-0.1538238299474,0.0716278143268,0.3539182333350,0.1631384066953,-0.1270655258177,-0.0382496699800,0.3200314573141,0.3900888278155,0.2595809853216,0.2941186030703,0.0846780270201,-0.1581914305068,0.0876324821289,0.2020414004648,0.3893786195869,-0.1024172091944,0.1446882753061,0.0159024921298,-0.1747879987532,0.0146752642706,0.3555863271045,-0.0167448273027,0.0133637462119,-0.2029332296235,0.3033982637562,0.2413788402311,-0.0819889565266,0.3873578448341,0.2212034107219,0.0423308400877,-0.2838430060019,0.8143184550315,0.1736980974973,-0.3552492379829,-0.1716996157996,0.0472883263241,0.2167113066715,0.1517648454096,0.0286753220444
0.3846850068419,0.4122262887981,0.3721843765104,0.3112593553647,0.5105888846995,-0.2912955159241,-0.1660123811989,0.6766307431294,-0.0658432662130,0.2809103317398,0.4436371340631,0.2553491928167,0.4501682214788,0.0960954316019,0.0887747022622,0.0239922495345,0.6902079450760,0.4375937746085,0.0202972102080,0.2091361522412,0.4594006982365,0.6449060867528,0.6059259106100,0.6282674356462,0.5726656324373,0.1622556993982,0.4016659779083,0.3302906862430,1.0000000000000,0.3379100989044,0.7204404355243,-0.1021097009223,-0.1931091323789,0.3064810695379,0.1697507049026,0.0414152986578,0.4001891261182,0.1273936612488,0.5056035440325,0.3703762328344,-0.3856154749692,-0.2871338460916,0.2447115486639,-0.4322702660012,0.2691673274753,0.3878803386387,-0.1802598790160,0.4293125441438,0.0498027265061,-0.3928918701824,-0.0784621705369,0.7858830669006,0.2578812071256,-0.1763080652463,0.0010293043137,0.4649879263862,0.5111385447717,0.4960791619430,0.4147685985381,0.5293884946129,-0.0124399184151,-0.1585392764944,0.1455640339486,0.9069032196919,-0.2947509080686,0.3178491100653,0.1712728391916,-0.1676630181413,0.1097042144070,0.2281523791019
0.4660224568932,0.3177296294799,0.1694707671567,0.2337213006445,0.3641550796469,0.1830472633502,0.3406395370871,0.2108454748125,0.2951793067405,0.0306790544599,0.5561236259995,0.5714611153338,0.5441270786805,0.3459561844988,0.4983074409631,0.3091374084923,0.2318884182800,0.2085736145847,0.4267040217286,0.3675280055409,0.5253080660251,0.3832197601586,0.0609671997576,0.4531363325025,0.0509375172046,0.2944358679329,0.2942904620081,0.3583766526014,0.3379100989044,1.0000000000000,0.4748960836281,-0.0651252601964,0.1875311673709,0.5086160488510,0.3736007639458,0.0823740057869,0.1087596852584,-0.0454696971394,0.4456044627289,0.2622314028435,0.0263248606018,0.1362164820662,-0.2592472167133,-0.1001945201412,0.0746406914915,0.4917055775773,0.2736324985308,0.5172691175658,0.3101460118395,-0.1332614979666,0.1274773217109,0.3432623214371,0.1382341977140,0.1482482193772,0.1340094783835,0.4900640674158,0.3220978306238,0.0729362512966,0.3721664552060,0.0541960647577,0.0508917014591,-0.2691528429912,0.3065279155219,0.2404345939009,0.1284681213445,0.0466771477159,0.1173250886605,0.2027693450985,0.2899218436237,0.4329453871129
0.4541471322914,0.5953088479805,0.5491766923167,0.3084759807362,0.4129247244132,-0.1825030940195,-0.0154871269574,0.5592357484033,0.0750816094121,0.0104686420360,0.4296285951834,0.3655422342363,0.4012823317068,-0.0220293843980,0.0435435953002,-0.0866204242304,0.4789987161585,0.6538474881118,0.1617156089077,0.4414718880447,0.4793772994739,0.7435218606084,0.5012518549056,0.8158120986253,0.1991845269763,0.1757871106500,0.6102463239098,0.4535127998054,0.7204404355243,0.4748960836281,1.0000000000000,-0.3114332534000,-0.2946726202410,0.4682982262950,0.4376079532864,0.0437930040203,0.5135649235060,0.3491276010893,0.4834103497487,0.2376759011529,-0.2560851844510,-0.2412039911176,-0.0365832373918,-0.3498291299151,-0.0112405576042,0.3985227265755,-0.1439950770548,0.3884829660925,-0.1061556142234,-0.5241335568636,-0.2603171071545,0.5330927142396,0.4371957319352,-0.0555214025277,0.0716066003093,0.4933629575057,0.5642708625945,0.4136184882493,0.5726481248490,0.1623798981991,-0.0009524981676,0.0451702705152,0.2757613890059,0.5924005657014,-0.3072678648380,0.4564550778532,0.0140210338858,-0.1629831936854,0.2304991491807,0.3914148953606
-0.1271359908594,-0.1659611307594,-0.3034136610139,0.0536084349372,-0.0361063750555,-0.0920918127139,-0.0774900115668,-0.0328669068658,-0.1847552525665,0.2374406444942,-0.1129248284810,0.0227187188367,0.0128351398324,0.2131563891668,0.1125919691848,0.1367516940188,-0.0698479669913,-0.2608764137441,0.1090204468730,-0.1242201165972,-0.0770655818204,-0.2573339717514,-0.1884150393903,-0.3459234062029,0.1949344419595,-0.0096799313470,-0.2060045178363,-0.1538238299474,-0.1021097009223,-0.0651252601964,-0.3114332534000,1.0000000000000,0.1116703962757,-0.1313374633647,-0.1948264915970,-0.1781192916387,-0.1046859927787,-0.3091165524463,-0.0301838294190,0.0496969850968,0.0079388035420,-0.0151690273990,0.1182304545228,-0.0416116664081,0.1893085741846,-0.0974311192132,0.1351059466139,-0.0352584040787,0.3031167330909,0.2919508191550,0.3060429944893,-0.0097341274792,-0.2643755366990,0.0078313259765,0.0295888307415,-0.1515194304816,-0.1293949360999,-0.1388105349772,-0.2139302952179,0.0914850903745,0.0475706400255,-0.1209445886655,-0.0970657973124,-0.0792986580838,0.1143076491158,-0.2532776894221,0.5581066436379,-0.0008445393185,-0.0169241890488,-0.2213190560172
-0.0971327509038,-0.3293590436036,-0.1534822679670,-0.1556579544373,-0.1428799490599,0.5348758971825,0.2112070984882,-0.1235978647305,0.2603305203028,0.0441954484876,-0.0525512386745,0.0316319816774,-0.1623535514347,0.4301854019142,0.2875642188569,0.2637746502666,-0.0933323265435,-0.1899837653282,0.0738732964941,-0.1765685205392,-0.1686368315782,-0.1936950156375,-0.2776309611726,-0.1972682240613,0.0280050276312,0.0750047607608,-0.2328241681979,0.0716278143268,-0.1931091323789,0.1875311673709,-0.2946726202410,0.1116703962757,1.0000000000000,-0.0056919240756,-0.2969708319647,-0.0505561829793,-0.3500605853419,-0.2077150191768,-0.1392032369666,-0.0797864509542,0.3395172838869,0.3211881968392,-0.0720058578432,0.3233600246661,0.0151742475358,-0.0869960207053,0.2834110683109,-0.1388096167178,0.4513835025825,0.2236054751217,0.1330147017283,-0.0885088549818,-0.2530888412810,0.0392869633747,-0.1975333477084,-0.1899222106249,-0.1358629939769,-0.2936714732461,-0.1345352317539,0.0039271969425,-0.0381373838928,-0.2425586618100,0.0676975078110,-0.1294356581454,0.1421863787986,-0.3084773092417,0.0117661857282,0.6506942008160,-0.0405277097513,-0.1991301272004
0.3055945029538,0.2701148807014,0.2190041816384,0.2506408265420,0.3078226338962,0.0999703169159,0.1936426295255,0.2339021260128,0.2391356050172,0.1254249805038,0.2644228858002,0.2967075612883,0.2878230389883,0.1527956125938,0.1872889683318,0.1420800187331,0.3142865642223,0.2928055053747,0.1836840309242,0.2388712695148,0.3767871754434,0.4044143770950,0.3011340139750,0.4432057847388,0.1199508138331,0.1694085944961,0.2156099188254,0.3539182333350,0.3064810695379,0.5086160488510,0.4682982262950,-0.1313374633647,-0.0056919240756,1.0000000000000,0.3921758761910,0.1793531108713,0.2036044396464,0.1081103889811,0.3508283696864,0.2694439360285,0.0724133698330,-0.0160835979620,-0.0800635398857,-0.0356078521730,0.1809018558147,0.2610971164554,0.0418712523300,0.3003452925200,0.1055790468115,-0.1573715569076,0.1374603586139,0.3355364008674,0.3661573141213,0.0785996950162,0.1841392666217,0.3426055967416,0.3292034942864,0.2150615301312,0.3101993175940,0.1994028985370,0.0428167105398,-0.0595904980384,0.3520472478272,0.2732161273246,0.0909324635156,0.1515288138930,0.0755690955367,0.0826387635681,0.7119783854586,0.3630199509723
0.3058331235546,0.4263569430197,0.1436695116369,0.1843131469515,0.0465358045266,0.0062482348695,0.0393234514041,-0.0200257240074,0.0861559044182,-0.1592467434931,0.1297039941636,0.3172845229598,0.1835387317740,-0.1543053112636,-0.0136503028077,0.0637925020432,0.1006032479812,0.3315702265690,0.1419906450023,0.4451380400212,0.1912581870837,0.3748017366539,0.1098523749232,0.4345820207443,-0.1453814478969,0.1917093426641,0.2409832014141,0.1631384066953,0.1697507049026,0.3736007639458,0.4376079532864,-0.1948264915970,-0.2969708319647,0.3921758761910,1.0000000000000,0.0141103308167,0.3923145591830,0.1572882997020,0.3265865897645,-0.0486468989469,0.0200552825084,-0.0992589932937,-0.2623136238174,-0.0943431363315,-0.1340035658196,0.1208633267928,-0.0347510459035,0.1207058096305,-0.3110856581364,-0.2555846560337,-0.0783107643012,0.1437343396504,0.3390701267507,-0.0390715935208,0.1994102823758,0.1935579575334,0.3311004441840,0.2223440579139,0.4197733040890,-0.1318109071666,0.1802540741509,0.0540382522036,0.1148531786827,0.1026865856481,0.0938607222447,0.3805502376899,-0.0938450773233,-0.1782190609398,0.4003197661431,0.7740211613039
