1.0000000000000,0.2596578731146,0.4112422722414,0.4221555070167,0.1258311034994,0.1997332405248,0.2099891755278,0.2340504131775,0.3625349026100,0.1432715587846,0.0695616341725,0.3846776508595,0.1368746418002,0.3958227642844,0.5949466570522,0.3541989681226,0.2292748165259,0.5892347679071,0.3784091402554,0.5281779649108,0.3168032251445,0.2325782550873,0.2823019426207,0.3630007247915,0.1001387807347,0.3114438283070,0.3636941535540,0.5027401519880,-0.0057778969238,0.3998667192692,0.3164174648281,0.2455156777323,0.1496355981804,0.2316099107754,0.4147037060299,0.6116862313399,0.0697639051413,0.2359502925947,0.3593849060556,-0.0079079386470,0.3172555225518,0.1597032786665,0.0625375173939,0.0960645214385,0.0555060765789,-0.0054248993334,0.1861377910095,0.0242964402236,0.2392378550688,0.1140613295507,0.1760887415000,0.1590849289465,0.2611935528016,0.1726345238256,0.2029842851846,0.1117904579353,-0.0278848861023,0.2685494385052,0.2262477358111,0.1028727095580,0.1769409869115,0.0579592318773,0.2642936689826,-0.1497435801659,0.0922750054909,-0.0493432315227,0.0755443054510,0.1228876081913,0.1736867444120,0.3135952943191
0.2596578731146,1.0000000000000,0.1544422559229,0.5788013758097,0.1806521487041,0.1125537057950,0.0755292768092,0.1257147497864,0.2021150729926,0.1687569473626,-0.0302040406567,0.2797208894195,0.2560275426677,0.1616424045199,-0.0458247090277,0.2076937250837,0.1934771912302,0.3524445116434,-0.0925906804051,0.2164932966475,0.4259969813623,0.2450410575871,0.5077354229012,0.3258497777929,0.2711536473529,0.4642251444366,0.4090716657352,0.2679738965054,0.0627535689240,0.3405313227519,0.6186504063490,0.1480286097231,-0.0124942583800,0.4563708111391,0.6670910906693,0.0709010521232,0.8475800148782,0.1041084459341,0.4432462702398,0.1416914891574,0.0612713215330,-0.0888140556687,0.0843002925646,-0.1000571655093,0.1350974263880,-0.1449995478792,0.1366473865337,0.1827399288988,0.0117996050937,-0.2137071844291,0.1517131327946,0.0910855732675,0.3052704408702,-0.1546619894081,0.0238391194102,0.2673361151945,-0.0423558591665,0.5696692749972,0.1351501809119,0.4493238922197,0.3609594201815,0.2576346716990,0.1886229301982,-0.0517458816976,0.1629619384455,0.4130327068171,-0.0692074084277,-0.1097932970557,0.3695069723713,0.5808176290697
0.4112422722414,0.1544422559229,1.0000000000000,0.3032900493247,0.1402557696255,0.1055656604758,-0.0490469972377,0.6437937019784,0.1699589650016,0.2785506345420,-0.0841136003656,0.2501552927675,0.0312182858928,0.2115949362429,0.4726773994751,0.2523076909484,0.2365754687345,0.6775896751365,0.3426346125185,0.4585170662576,0.2777080824296,0.3273087663084,0.2884274587552,0.5632347796322,0.4145319571970,0.2225074306446,0.6259804289251,0.8312203199225,0.3851153673361,0.0478021480146,0.4908120758711,0.4395209264586,-0.1241790591421,0.0707071878652,0.1022250188841,0.0600778754908,-0.0851384730314,0.6210078893297,0.2027756153857,-0.0259057398909,0.0693309931362,-0.1158937627314,0.1926320982158,-0.1910635644564,0.1509054640006,-0.1370405811339,-0.0272039713547,0.0349445116688,0.0720951018759,-0.2189530306726,0.1654736500223,0.2564016354584,0.1600421291723,0.0942915289258,0.1299588962009,0.1388226748097,0.1002243264553,0.0802355295031,0.3059354040298,0.2110831627774,-0.0433807191909,0.0789642468352,0.4476837262906,0.0835773114252,-0.2692921558408,-0.1333661308783,0.2103125471918,-0.1624827962638,-0.0082751276957,0.0010936557077
0.4221555070167,0.5788013758097,0.3032900493247,1.0000000000000,0.1396509238610,0.0654023158681,0.2835396473122,0.4697710306643,0.3506104746462,0.5406011734823,0.0360608720147,0.4823123996479,0.2916697940627,0.4656175695035,0.1911863685856,0.5089617356353,0.2015229579376,0.3354927937276,0.0653989635662,0.2313472344779,0.5202213440694,0.1433293030645,0.5887540449117,0.2025218439502,0.5331219751312,0.6543153155024,0.5908494253881,0.3902337925718,0.0882292550337,0.1369192229350,0.4024557710900,0.5247393361494,-0.0071841296479,0.3336601016957,0.5623132477905,0.1393481066721,0.5343414495909,0.1883064469142,0.8295478237509,0.0982801031333,0.1837861480491,0.0531254973708,0.2484101298821,0.0596514418333,0.4735124180381,-0.1120244993926,0.2317525523929,0.1379186936728,0.3484114105621,-0.0350716411652,0.2441000594204,0.1039239633232,0.1369203057642,-0.1544803384031,-0.0015151906693,0.2574465570839,-0.1880618488040,0.5287449501498,0.0195332603162,0.5849776614244,0.6185763588123,0.3417240157351,0.2736301580880,-0.1005437083686,-0.0100557329646,-0.0145950493834,0.1716655309843,-0.0576043182289,0.2746121968558,0.4148641490503
0.1258311034994,0.1806521487041,0.1402557696255,0.1396509238610,1.0000000000000,0.1108902790938,0.2905157797038,0.0895746086833,0.1285324808325,0.2397757685144,0.5581669314480,-0.0774438844676,0.7740469783258,0.0430330616761,-0.0074799023427,0.2298940236010,0.4865097783648,-0.0326103507538,-0.0848322033085,-0.0851870577651,0.5612155434993,0.5801446491029,0.3858346999649,0.4500641030747,0.2865844557367,-0.0230005905332,-0.0717094448195,0.1276857642432,0.4757890105499,0.2976221655543,0.2277888208076,0.1374405881867,-0.0466655039899,0.1940278987714,0.0849990314984,0.1676461757447,0.0135433082691,-0.0946479909345,0.0149391191254,0.8445228980260,0.1005066195840,0.3437301830770,-0.2293337852575,-0.0334772933976,0.2117134569110,0.5036013531193,-0.2104087493166,0.7017092720751,-0.0954958457665,-0.3296554974181,0.1039578334294,0.5294335876331,-0.2047052183917,-0.3141096237930,-0.3393176090305,0.5973210060244,0.5583309297667,0.2489740254334,0.4481650335362,0.2540307223723,-0.1241020671785,-0.2975133741481,-0.0230043303594,0.4774880842560,0.1701413320861,0.1273826166948,-0.0116384520268,-0.0840775555270,0.1072888874763,0.0661367699016
0.1997332405248,0.1125537057950,0.1055656604758,0.0654023158681,0.1108902790938,1.0000000000000,0.2051277372444,0.0473540125815,0.4132314776727,0.0965786953839,0.0412727963350,0.4557775765382,0.1327415169373,0.3470785218396,0.2761846662261,0.3397727833925,0.2012632094924,0.0653826508203,0.2240395739481,0.1010842949255,0.1332444361811,0.1869755926782,0.0813741359511,0.1165838324066,0.0179271088116,0.2991800796556,0.1558697604183,0.1885222910183,-0.0263934622874,0.4531648563144,0.1513113300711,0.1563801323913,0.5458818194853,0.0048723650113,0.2216514811994,0.0572899352808,0.1011471833549,0.0739353232375,-0.0301747390058,0.0438452519834,0.6973576743390,0.2145708979147,0.0059315874267,0.3177894145865,0.0788378100354,0.0197890143125,0.5128446094093,0.0995159388974,0.2781816406651,0.0908408682922,0.4837217220742,0.1289357601781,0.0781004475184,0.2354325515528,0.0276277065209,0.0795994819963,0.0252057396237,0.0219648398824,0.1083760704991,0.0558147010802,0.1068422394001,0.0562616100393,0.1863075708842,-0.0419672916308,0.0708038743982,-0.0018230130188,0.1958730814906,0.3129638720078,-0.0791211127321,0.1862712883931
0.2099891755278,0.0755292768092,-0.0490469972377,0.2835396473122,0.2905157797038,0.2051277372444,1.0000000000000,0.1988566886384,0.5296185819433,0.2606953549391,0.6420623533500,0.1545781098030,0.4780446098611,0.2446055000941,0.1483698811940,0.4267297054823,0.0896668274509,-0.1138578195238,0.1141467830127,-0.0868096079810,0.2123212140784,0.1253511475990,0.1210419520800,0.0656625267995,0.2633579711754,0.0612108658787,0.0114304528008,-0.0086629275944,0.3227585378351,0.2662548012830,-0.0309705886203,0.2361015934689,0.1206257531694,0.1961364382683,0.1086354445842,0.1796047258590,0.0720416362390,-0.2599903243981,0.1240845377845,0.3106998780064,0.3507744245557,0.7238831759637,-0.0952916941530,0.3144046963987,0.2881293909756,0.5143040514475,0.0399788072312,0.4264004802253,0.0816513832610,-0.0157992096170,0.2664648005086,0.0885803706284,-0.2619436207939,-0.2304522539608,-0.2834437077077,0.2881490894289,0.0840610806642,0.0427831098054,-0.0137037696414,0.2217544360593,-0.0155832433343,-0.1976297249376,-0.2425516395154,0.2633010404827,0.2538166137489,-0.0908748739959,0.1035376626184,0.1007155032198,0.1799681735881,0.0661453666795
0.2340504131775,0.1257147497864,0.6437937019784,0.4697710306643,0.0895746086833,0.0473540125815,0.1988566886384,1.0000000000000,0.1289528094386,0.6512176076358,0.0586856915581,0.2151554231322,0.1229576220016,0.3323888283609,0.4122969462625,0.3785863978980,0.0309508691269,0.2382523539261,0.2238540148842,0.1035079728545,0.2810397676351,0.0310055916502,0.3751701987428,0.1401354647420,0.7515805136745,0.3254291725051,0.5163521495816,0.5628038390603,0.3485086267163,-0.0638985338455,0.2326313535386,0.5080415628666,-0.0208436348903,0.0645295530464,0.0184468547408,-0.0124844596891,0.0297765059961,0.4011334153541,0.2944898589516,0.0198406996714,0.0493072028073,0.0325306622517,0.5161369690924,-0.1379671929736,0.5666971471912,-0.0232245323019,0.0134595141922,0.1364895422176,0.1737649077268,-0.0297399099321,0.2630885397330,0.0488812340140,-0.1999528869828,-0.1089845066597,-0.1428724936687,0.2179550237009,-0.1003780350288,0.0731700337429,-0.0829890864931,0.5663562389221,0.1235871942695,0.0538294033679,0.3006702362359,0.0728199033099,-0.2647306016410,-0.3092998821333,0.2178403818618,-0.0419260396514,0.0165169212388,-0.0976094539036
0.3625349026100,0.2021150729926,0.1699589650016,0.3506104746462,0.1285324808325,0.4132314776727,0.5296185819433,0.1289528094386,1.0000000000000,0.0620125941954,0.2985868922513,0.5625084281329,0.2182160130058,0.4110293590189,0.3859714544258,0.2079876130259,0.1049205330454,0.3134675908215,0.3661869557478,0.2865208843611,0.1793625012857,0.1244920494016,0.2106611116970,0.1615527178945,-0.0139919891908,0.2601343574388,0.3221932059219,0.1870613883528,0.1274694657475,0.3269274422916,0.3507974431391,0.4174839210403,0.1752934967804,0.1192860641080,0.2521997064719,0.1072995771167,0.1176376922693,-0.0144625740912,0.2176623300330,0.1037618565738,0.5502011855665,0.4087467338390,-0.0918463458848,0.5418957793855,0.0111401638780,0.1930397001601,0.3252159477609,0.1803588292025,0.2380733281571,0.0658471930032,0.0920493635460,0.0517901155499,0.1442316321051,0.0262987483003,0.0603028863234,0.1543136497624,-0.0559327139626,0.0343617973995,0.0755582415520,0.0145697835954,0.0931493048204,0.0677064368411,-0.1029758694202,0.0553259636974,0.0874310497744,0.0411742334847,0.3232032554778,-0.0139022311089,0.0363613902505,0.1395708107739
0.1432715587846,0.1687569473626,0.2785506345420,0.5406011734823,0.2397757685144,0.0965786953839,0.2606953549391,0.6512176076358,0.0620125941954,1.0000000000000,0.0343457581720,0.2370687955812,0.3168202344967,0.4301569565946,0.1398547511560,0.5052331816746,0.0507487929719,-0.0606290971001,0.0816586385169,-0.0803894060503,0.3866512941407,0.0149988262922,0.5551754167674,0.0270459547517,0.8086662571030,0.4625807112506,0.2829211665541,0.3357979921518,0.0954789171922,-0.0164446135196,0.0081710356012,0.4354068536124,-0.0283150178197,0.0294255513020,0.0855225416273,0.0511804207239,0.1728011752471,0.1141366976891,0.4920831992615,0.1883681262842,0.1599211409514,0.0925771003619,0.2671271728774,-0.1108397718776,0.8827073617346,-0.0436057107455,0.1144458747675,0.2461778592441,0.3050346323849,-0.0642450911009,0.3784498200348,0.0181559550494,-0.3154586739787,-0.1942987552884,-0.2190087230584,0.2476975918545,-0.1015791726813,0.2586016624780,-0.1042489682581,0.6767094508369,0.3909358574502,-0.0317377062847,0.1934440698946,-0.0737585927191,-0.1113349645761,-0.3221374681505,0.0797619714001,-0.1324232033785,0.0246234692346,-0.0438334281359
0.0695616341725,-0.0302040406567,-0.0841136003656,0.0360608720147,0.5581669314480,0.0412727963350,0.6420623533500,0.0586856915581,0.2985868922513,0.0343457581720,1.0000000000000,-0.1954839128134,0.6216931736859,-0.0234673319488,0.0924229191579,0.1182335042569,0.2304721863914,-0.1925791396822,-0.0098248421226,-0.1330231271210,0.2831408840223,0.3932163905545,0.0411734043062,0.2544306575266,0.1049243543806,-0.2414107392346,-0.2174392196729,-0.0618263790518,0.5799634458106,0.1949536972360,-0.0187390653667,0.0841503517517,-0.0673419914264,0.1234913689196,-0.0877733952353,0.1586137211624,-0.0984855067772,-0.2433827294319,-0.0923323763618,0.6319084105687,0.0990477537500,0.6951909904581,-0.1642805067425,0.2821589625678,0.0471774992322,0.9341859405618,-0.2993593913117,0.6072045152005,-0.1376797226638,-0.1712806737672,-0.0781937860373,0.3346390468915,-0.2879233200324,-0.2641314298089,-0.3255135630278,0.4946447734674,0.5007592241122,0.0171593972535,0.2696443534640,0.0474682561783,-0.2671062121609,-0.3420439842849,-0.1899274673101,0.6711394288236,0.1762716200131,0.0961019477997,0.0737245626137,0.0386992942124,0.1001231481440,-0.0477747831350
0.3846776508595,0.2797208894195,0.2501552927675,0.4823123996479,-0.0774438844676,0.4557775765382,0.1545781098030,0.2151554231322,0.5625084281329,0.2370687955812,-0.1954839128134,1.0000000000000,0.0379409884794,0.6944439632377,0.3879101862451,0.3750587440109,0.0432312382084,0.3973837911991,0.5337553825991,0.4366790239039,0.2235810548246,-0.0333307369939,0.2161135713266,0.0327903917580,0.0777186774261,0.7077878063231,0.6268228156473,0.3754622954699,-0.2295494558867,0.3338473830431,0.2793447844758,0.5850335082113,0.3389881167650,0.0638543761465,0.4433000672875,0.0782362363330,0.2906463201400,0.1631713246636,0.4373023875943,-0.1647260118600,0.4715486914521,-0.0502622412545,0.0401574470539,0.2931006897141,0.1614721388610,-0.2814369713610,0.7731734320195,-0.0457949666436,0.6345118825655,0.2697203538655,0.3158922244016,-0.0806631773475,0.3077440728899,0.3840906231381,0.2777505798711,-0.0094260054999,-0.3353398047170,0.1055741830492,-0.0533521443741,0.0630829817585,0.5715607862467,0.4797965589879,0.2837828226276,-0.3481939407164,0.0792857916682,-0.1695247872457,0.4013269017962,0.1023676745235,0.0266374455739,0.3078783537110
0.1368746418002,0.2560275426677,0.0312182858928,0.2916697940627,0.7740469783258,0.1327415169373,0.4780446098611,0.1229576220016,0.2182160130058,0.3168202344967,0.6216931736859,0.0379409884794,1.0000000000000,0.1642143217182,0.0176058578396,0.2940093339523,0.2765434034405,-0.0407197621254,-0.0382217947796,-0.0571508323577,0.7275342368062,0.3768297706557,0.3080218900050,0.2676138405977,0.3106507198880,0.1077705114550,0.0249972279841,0.0735650229984,0.3960241137725,0.3479548223524,0.2313873911261,0.2231029852086,-0.0110328987195,0.3311177179965,0.2127128617604,0.0948721752394,0.1888000245461,-0.1852137846048,0.1755933751286,0.7881993782577,0.1473457548257,0.4000558258548,-0.1858460890665,0.0593285788036,0.2999997776412,0.5447588466437,-0.1366281354616,0.9061957794729,0.0001299973209,-0.2571937162640,0.1748447450941,0.3272525544977,-0.1636900849273,-0.3068799882027,-0.3319216925689,0.8085886687879,0.3876850720740,0.2295377325507,0.2405552309026,0.2669120137274,0.0262846751601,-0.1874721439846,-0.0940455629240,0.3987780148263,0.2921517260099,0.1513682864158,0.0342219654526,-0.0001838884232,0.2984082795353,0.2014371846136
0.3958227642844,0.1616424045199,0.2115949362429,0.4656175695035,0.0430330616761,0.3470785218396,0.2446055000941,0.3323888283609,0.4110293590189,0.4301569565946,-0.0234673319488,0.6944439632377,0.1642143217182,1.0000000000000,0.4794346954704,0.4140766343561,0.0900085459246,0.1855162388471,0.5796176879463,0.2158718444400,0.2260087473727,-0.0166152692121,0.2577793319536,-0.0150395189905,0.2193672338200,0.6488617176876,0.4787560518891,0.4189915958441,-0.2233747203473,0.2087762197737,0.0684801861055,0.7056866257116,0.3056727660344,0.1165569503954,0.2480674001919,0.1260565984475,0.1531206591431,0.0740773295366,0.3917961592487,0.0012212527763,0.4525346658899,0.0536126557263,-0.0017308663247,0.2381162079886,0.3616749093502,-0.1036397300253,0.5792626379709,0.0918977405920,0.8451702699414,0.2472500742232,0.3667551391885,0.0003519010376,-0.0256523561629,0.2355863900036,-0.0341047819363,0.0937712774463,-0.2471410504349,0.1462332930575,-0.0843073002357,0.1699597849557,0.5101490080888,0.2518366980695,0.2779477624220,-0.3117651361198,-0.0072982473534,-0.3513101269618,0.4405868658056,0.1259882877293,0.0798070941097,0.1292515733635
0.5949466570522,-0.0458247090277,0.4726773994751,0.1911863685856,-0.0074799023427,0.2761846662261,0.1483698811940,0.4122969462625,0.3859714544258,0.1398547511560,0.0924229191579,0.3879101862451,0.0176058578396,0.4794346954704,1.0000000000000,0.1635877803860,-0.0206874409358,0.3903542282258,0.6853726957876,0.5663374801293,0.0911159896479,0.0265092348635,0.0319936255307,0.1487358796072,0.1173979517501,0.1357942140107,0.4066946063473,0.4889954877604,0.1856689422848,0.2489172384612,0.1562857130376,0.3855825337665,0.2245281089852,-0.0657624738117,-0.0091770753995,0.3073688687229,-0.1927750256523,0.2463771019905,0.1595743290223,-0.0274317774764,0.2823335789056,0.0841582732135,0.1342738007123,0.2066378243836,0.0416988062990,0.0722986473035,0.1604111627164,0.0524684471229,0.3545804450426,0.3169645666623,-0.0014887798522,0.0016117053627,0.0156221508495,0.3997579518375,0.2153915768626,0.0831124924606,-0.0621604518051,-0.1179556628236,-0.0134602104646,0.0160144351513,0.0021007670140,0.0504397680436,0.2616930533874,0.0644998435995,-0.0817062063844,-0.2445145669551,0.3266575137890,0.1652021669321,-0.1355634563164,-0.1520824982517
0.3541989681226,0.2076937250837,0.2523076909484,0.5089617356353,0.2298940236010,0.3397727833925,0.4267297054823,0.3785863978980,0.2079876130259,0.5052331816746,0.1182335042569,0.3750587440109,0.2940093339523,0.4140766343561,0.1635877803860,1.0000000000000,0.3464919422864,0.1283514807596,0.0862236554660,0.0781510062624,0.4316692943496,0.2819034492963,0.3993955925752,0.2314613002164,0.4348020125196,0.5352975239726,0.2812542826421,0.3797539575071,0.0571371098812,0.3369495111610,0.0973001450562,0.3830143491607,0.2702251696578,0.2222023938430,0.4206290569516,0.2307726190831,0.1672364229700,0.1315941282730,0.4651501380141,0.0473970247324,0.4229623836132,0.2943291387193,0.1106764094933,0.0017241403465,0.5076563153817,0.0047442151159,0.2763282320952,0.1616165294364,0.2805501015526,-0.0603648141932,0.6449123466778,0.2544307589067,-0.0362139043475,-0.1046398511353,-0.0840476188293,0.1718672249364,0.0028550715950,0.2897316399327,0.1493676192245,0.3869399098804,0.4070071858478,-0.0099501596199,0.2718382053592,-0.1013958819597,0.0942667484282,-0.2137470391064,0.1461015238721,0.1880589622169,0.2124333411793,0.3383587044763
0.2292748165259,0.1934771912302,0.2365754687345,0.2015229579376,0.4865097783648,0.2012632094924,0.0896668274509,0.0309508691269,0.1049205330454,0.0507487929719,0.2304721863914,0.0432312382084,0.2765434034405,0.0900085459246,-0.0206874409358,0.3464919422864,1.0000000000000,0.2164969448519,-0.1072655368502,0.0899926722094,0.3142565327244,0.7797726614456,0.3736824694365,0.6824672697353,0.1304911750308,0.2246807962907,0.0291005756386,0.3281687127720,0.2323024530451,0.2965077904288,0.2886811296013,0.1247859801305,0.0710251695094,0.2286637812524,0.3415481044445,0.2384932148114,0.0360462648343,0.1463371823875,0.1193385969179,0.3274809139489,0.1184208855105,0.1882969282101,-0.1458045976153,-0.1000078466558,0.0537122469710,0.1654706824885,-0.0437735789381,0.1972957681639,-0.0239857583251,-0.3353473859726,0.2757903031917,0.9131849136677,0.1083304962809,-0.2201965126607,-0.0757437262171,0.1832851686007,0.5233235808476,0.4927444425076,0.7556792479859,0.1845318205692,0.0409748919233,-0.1239850112936,0.2996582756879,0.2111802506699,0.0139802427428,0.1352754882814,0.0071181158263,0.0724391044433,0.1523616747206,0.3473692686607
0.5892347679071,0.3524445116434,0.6775896751365,0.3354927937276,-0.0326103507538,0.0653826508203,-0.1138578195238,0.2382523539261,0.3134675908215,-0.0606290971001,-0.1925791396822,0.3973837911991,-0.0407197621254,0.1855162388471,0.3903542282258,0.1283514807596,0.2164969448519,1.0000000000000,0.3104222496068,0.6717287897648,0.2528628502005,0.2833172166506,0.2220027905416,0.5423209880882,-0.0246738989244,0.2665975774200,0.5969548319135,0.6081867265472,0.0863192992287,0.1880759071541,0.6263332928147,0.3177255837393,-0.0656094137535,0.2500524618517,0.4491660488006,0.2115985632501,0.1405212255795,0.4374352863770,0.2370495949980,-0.1456770453230,0.0751404664754,-0.1664113456494,0.0406172014822,-0.1006908034990,-0.1559450475700,-0.2553568786023,0.0913569228655,-0.0624611928663,0.0652961804357,-0.1298883532790,0.0839073311930,0.1609420736568,0.5953971504864,0.1317695013012,0.4154633680157,0.0847210443549,-0.0103601590759,0.1592289615086,0.3361009806388,-0.0356322113632,0.0402703837548,0.2323482024607,0.2821830059674,-0.1471398861495,-0.0784304513996,0.1115047398347,0.1784560422513,-0.1035655463533,0.1716865023454,0.3676954069093
0.3784091402554,-0.0925906804051,0.3426346125185,0.0653989635662,-0.0848322033085,0.2240395739481,0.1141467830127,0.2238540148842,0.3661869557478,0.0816586385169,-0.0098248421226,0.5337553825991,-0.0382217947796,0.5796176879463,0.6853726957876,0.0862236554660,-0.1072655368502,0.3104222496068,1.0000000000000,0.6069774008923,0.0274363609294,-0.1078087303416,-0.0410777814717,-0.0063376931465,0.0023248564483,0.1599034051422,0.3374391160992,0.3914947357087,-0.0270748145575,0.1529345563211,0.0849464027073,0.4544818003248,0.1663086258146,-0.0644200284536,-0.0464904491181,0.1251773328119,-0.2128895316591,0.0931312996409,0.0901773495580,-0.1165118269905,0.3377919623187,-0.0365414992847,-0.0564392374060,0.2078057510938,-0.0286041313421,0.0064687553179,0.3497083473772,-0.0071445515245,0.4907073740436,0.2547583435068,-0.0427184835303,-0.0976930133324,-0.0315186516896,0.5772940749746,0.2467254977331,0.0281548965648,-0.1635645143431,-0.1783245834808,-0.1111177665845,-0.1493684655112,0.0354252284541,0.0328291523147,0.1256189843374,-0.1209810943814,-0.0184711199772,-0.2829708447954,0.4037591232567,0.0115481350293,-0.0727087155070,-0.1634081838195
0.5281779649108,0.2164932966475,0.4585170662576,0.2313472344779,-0.0851870577651,0.1010842949255,-0.0868096079810,0.1035079728545,0.2865208843611,-0.0803894060503,-0.1330231271210,0.4366790239039,-0.0571508323577,0.2158718444400,0.5663374801293,0.0781510062624,0.0899926722094,0.6717287897648,0.6069774008923,1.0000000000000,0.1806389658150,0.1224815585488,0.1073462539989,0.3266645906188,-0.0681267307607,0.2318959492918,0.4621146716475,0.5022459917657,0.0823839795055,0.2809648771583,0.4840735418351,0.2412975875782,0.0275229235937,0.0607702747317,0.3185232767986,0.2596191672955,0.0257388634695,0.2726037713768,0.3136959960527,-0.1620255332770,0.1544434330905,-0.1214498836548,-0.0231331068356,0.0199210759787,-0.2140814801138,-0.1154762356395,0.1559342882988,-0.0660610423251,0.1470751081889,0.0583168652194,-0.1796633375053,0.0487056744441,0.3988323837363,0.4787512708869,0.6340229588168,0.0555000455166,-0.0557540467065,0.0631159094585,0.1477593126233,-0.0983091229589,0.1476567141216,0.2212151355019,0.2994393941515,-0.0503725454337,0.0511775181074,0.0806114513635,0.1442752012086,-0.0538954137574,0.0266104418721,0.1816973992852
0.3168032251445,0.4259969813623,0.2777080824296,0.5202213440694,0.5612155434993,0.1332444361811,0.2123212140784,0.2810397676351,0.1793625012857,0.3866512941407,0.2831408840223,0.2235810548246,0.7275342368062,0.2260087473727,0.0911159896479,0.4316692943496,0.3142565327244,0.2528628502005,0.0274363609294,0.1806389658150,1.0000000000000,0.3620170634865,0.4521381443776,0.3484056435370,0.4147871753461,0.3662610082904,0.2907710263608,0.3513837004605,0.2642226487969,0.3059972789314,0.3808547917266,0.3643064963732,0.0046006648995,0.4329187666575,0.4741354902849,0.1003843706073,0.3285369700306,0.0907895611454,0.4621324949966,0.4154185447051,0.1312028533822,0.1421003903403,0.0098416686647,-0.0499594442106,0.3307596879175,0.1810308134557,-0.0205203379110,0.5834905249594,0.0950182348802,-0.2936913190332,0.2273143606526,0.2982126411287,0.0595092905828,-0.1783514888773,-0.0899615379600,0.7656926600107,0.1611663295951,0.3684479943980,0.2261643967070,0.3590024694084,0.2717796155854,0.0063662897220,0.1878431769102,0.1262653574647,0.0889013932996,0.1087909677706,0.1221629371782,-0.0161242487351,0.4072351426570,0.3935660737515
0.2325782550873,0.2450410575871,0.3273087663084,0.1433293030645,0.5801446491029,0.1869755926782,0.1253511475990,0.0310055916502,0.1244920494016,0.0149988262922,0.3932163905545,-0.0333307369939,0.3768297706557,-0.0166152692121,0.0265092348635,0.2819034492963,0.7797726614456,0.2833172166506,-0.1078087303416,0.1224815585488,0.3620170634865,1.0000000000000,0.3953498975810,0.8811120000567,0.1097330397992,0.1212664906536,0.0275508174018,0.3908655183935,0.4683469509664,0.4033582715551,0.3881081836278,0.1161115575857,-0.0490424654844,0.2821377928674,0.3357925889305,0.2955845313970,0.0626308090904,0.1957818554794,0.0811072138609,0.4151499816617,0.0784719693246,0.2711584480734,-0.1785830315638,-0.0761992180592,0.0113348991195,0.3288271786576,-0.1478964954809,0.3161617826182,-0.1065192830063,-0.3794288409745,0.2075338620913,0.7888107209475,0.1338143095245,-0.1964010719396,-0.0466558463090,0.2589302277109,0.7541154662539,0.4171013035363,0.8699614125599,0.1530534505075,-0.0895939564114,-0.1890737757506,0.3487060937112,0.4511093464329,0.1184838313765,0.3044687864716,0.0394103462977,-0.0171736596732,0.1982335728201,0.3535776655028
0.2823019426207,0.5077354229012,0.2884274587552,0.5887540449117,0.3858346999649,0.0813741359511,0.1210419520800,0.3751701987428,0.2106611116970,0.5551754167674,0.0411734043062,0.2161135713266,0.3080218900050,0.2577793319536,0.0319936255307,0.3993955925752,0.3736824694365,0.2220027905416,-0.0410777814717,0.1073462539989,0.4521381443776,0.3953498975810,1.0000000000000,0.4222929362345,0.5132007041168,0.4683399862723,0.2447112662477,0.4008204338775,0.1685673746501,0.2232079870775,0.4806058857331,0.3061353867781,-0.0399669041289,0.2761258990109,0.4370349292348,0.1402343400273,0.3670743064919,0.2035300228640,0.4982650721126,0.2588603757647,0.1414488235208,0.0113236430726,0.1646299852353,-0.1618615676949,0.4986332239994,-0.0628362223306,0.0697091937601,0.2162533314444,0.0921031469929,-0.2185306617111,0.2397005246550,0.3117456970021,0.0251495990238,-0.2622297186170,-0.0973923797442,0.2665010590380,0.1244497691970,0.7197953800001,0.2924916925808,0.6072916419097,0.3251298229071,-0.0178024449274,0.2789098118884,0.0151727029618,0.0220076858715,0.1195359935770,0.0388400688498,-0.1649575117192,0.2000718691556,0.3062718242174
0.3630007247915,0.3258497777929,0.5632347796322,0.2025218439502,0.4500641030747,0.1165838324066,0.0656625267995,0.1401354647420,0.1615527178945,0.0270459547517,0.2544306575266,0.0327903917580,0.2676138405977,-0.0150395189905,0.1487358796072,0.2314613002164,0.6824672697353,0.5423209880882,-0.0063376931465,0.3266645906188,0.3484056435370,0.8811120000567,0.4222929362345,1.0000000000000,0.1423922906059,0.1129094459647,0.1912070530218,0.5890448628551,0.4862713352791,0.3574254119274,0.5495176679526,0.1517756369659,-0.1386388478049,0.2949692317411,0.3616430361099,0.2842986198280,0.0894352415222,0.3563682363248,0.1288459584947,0.3033653869293,0.0330625795257,0.1587956290352,-0.1105794731690,-0.1292741844424,-0.0233159826290,0.1848472569521,-0.1675206844108,0.2469891185727,-0.1554054193864,-0.3773140020498,0.1191672994350,0.7038949228277,0.2696660691875,-0.1233114113722,0.0905588885086,0.2499114195117,0.6363181644629,0.4043329367866,0.8609406743107,0.1537957064151,-0.1202106563221,-0.1143208463168,0.4094926572607,0.3901205425098,0.0479968700406,0.3080005922764,0.0341866173078,-0.1151202400327,0.2051389979595,0.3344629319706
0.1001387807347,0.2711536473529,0.4145319571970,0.5331219751312,0.2865844557367,0.0179271088116,0.2633579711754,0.7515805136745,-0.0139919891908,0.8086662571030,0.1049243543806,0.0777186774261,0.3106507198880,0.2193672338200,0.1173979517501,0.4348020125196,0.1304911750308,-0.0246738989244,0.0023248564483,-0.0681267307607,0.4147871753461,0.1097330397992,0.5132007041168,0.1423922906059,1.0000000000000,0.3211508741571,0.3343229108314,0.3578737131110,0.4114045839682,0.0007666579944,0.1719196882823,0.3178993875537,-0.0617874418227,0.1841432863868,0.1293733774308,0.0282802581369,0.2514962735837,0.2120914591618,0.4213370976039,0.2166493866291,0.0348663791777,0.0808108616211,0.3790247120400,-0.2352213982425,0.7250338021600,0.0149459321714,-0.0667812400536,0.2679600971154,0.0866169252849,-0.1715009253464,0.2995526016262,0.1275257246512,-0.3294211935971,-0.2676367053549,-0.2243451945704,0.3120177828974,-0.0034838386544,0.3565559891344,-0.0522592635355,0.8485902850026,0.2487712169112,-0.0429299405356,0.2078505699372,0.1585708868023,-0.1037945426683,-0.1513794027851,-0.0233614639068,-0.0964535433244,0.1614426458803,-0.0063220360689
0.3114438283070,0.4642251444366,0.2225074306446,0.6543153155024,-0.0230005905332,0.2991800796556,0.0612108658787,0.3254291725051,0.2601343574388,0.4625807112506,-0.2414107392346,0.7077878063231,0.1077705114550,0.6488617176876,0.1357942140107,0.5352975239726,0.2246807962907,0.2665975774200,0.1599034051422,0.2318959492918,0.3662610082904,0.1212664906536,0.4683399862723,0.1129094459647,0.3211508741571,1.0000000000000,0.5610055253283,0.4625770196541,-0.2473636030192,0.2589598103749,0.2727629511909,0.5212310651601,0.2322591918787,0.1520928836003,0.5476189135394,0.0610171427474,0.4940491711603,0.2029880536550,0.6204580957828,-0.1408281703971,0.2972019405991,-0.1203837503234,0.1572636575554,0.0240148353220,0.3947669364886,-0.3511906974904,0.5854871958589,-0.0350189556567,0.5568324330867,0.0290143739864,0.4882153822823,0.0456565946328,0.1767848224750,0.0631934181961,0.0451179033469,0.0340506186834,-0.2874896040356,0.3962466511028,0.0125868772941,0.3606273951376,0.8088360273848,0.3991993881937,0.4469475381737,-0.3990746582696,-0.0412242476071,-0.1561817476287,0.1813712642238,0.0294821586106,0.1211287609031,0.4212814639368
0.3636941535540,0.4090716657352,0.6259804289251,0.5908494253881,-0.0717094448195,0.1558697604183,0.0114304528008,0.5163521495816,0.3221932059219,0.2829211665541,-0.2174392196729,0.6268228156473,0.0249972279841,0.4787560518891,0.4066946063473,0.2812542826421,0.0291005756386,0.5969548319135,0.3374391160992,0.4621146716475,0.2907710263608,0.0275508174018,0.2447112662477,0.1912070530218,0.3343229108314,0.5610055253283,1.0000000000000,0.6050473924855,0.0758566322294,0.0195350855042,0.4983730172498,0.6402531426656,-0.0284334195948,0.1456097616413,0.3824785662034,-0.0336763414325,0.3482567939698,0.4227221221847,0.4761708870938,-0.1317255411446,0.1314053297302,-0.1716898225225,0.2031922317599,-0.0016492636407,0.1567051912863,-0.3005329134338,0.3027678913523,-0.0255298014873,0.3719809537340,-0.0171218341970,0.1841238966351,-0.0159492451716,0.3266471539626,0.1656986095908,0.2201537950275,0.0806236237189,-0.3047462711683,0.1657154716674,-0.0379291632408,0.2243706361300,0.4146351681239,0.5777395585342,0.3790639686053,-0.1840538410665,-0.1810040042436,-0.0942856704980,0.2319876832965,-0.0982265428571,0.0997462172043,0.2492651261476
0.5027401519880,0.2679738965054,0.8312203199225,0.3902337925718,0.1276857642432,0.1885222910183,-0.0086629275944,0.5628038390603,0.1870613883528,0.3357979921518,-0.0618263790518,0.3754622954699,0.0735650229984,0.4189915958441,0.4889954877604,0.3797539575071,0.3281687127720,0.6081867265472,0.3914947357087,0.5022459917657,0.3513837004605,0.3908655183935,0.4008204338775,0.5890448628551,0.3578737131110,0.4625770196541,0.6050473924855,1.0000000000000,0.2100957352800,0.2152892520510,0.4299951635334,0.5393072506617,0.0348095118818,0.1549212973642,0.2441422275056,0.1083754652297,0.0453680802638,0.4842967897540,0.3014893416889,-0.0606151101800,0.1713581420873,-0.0723833682218,0.0676340196275,-0.1628301704700,0.1724038729212,-0.1333642928621,0.0959417179980,0.0383960400241,0.1887985344883,-0.2548190699276,0.2351168329770,0.2948415252097,0.1009982751808,0.0731714575069,0.0629173361468,0.1583085403416,0.1015081002657,0.2212617155393,0.3505698553169,0.1697615356597,0.1589550366270,0.0571619563035,0.6076155929962,-0.0362346375955,-0.2001391808844,-0.1627707268125,0.1975876505035,-0.0584473690836,0.0830269081761,0.1091793553953
-0.0057778969238,0.0627535689240,0.3851153673361,0.0882292550337,0.4757890105499,-0.0263934622874,0.3227585378351,0.3485086267163,0.1274694657475,0.0954789171922,0.5799634458106,-0.2295494558867,0.3960241137725,-0.2233747203473,0.1856689422848,0.0571371098812,0.2323024530451,0.0863192992287,-0.0270748145575,0.0823839795055,0.2642226487969,0.4683469509664,0.1685673746501,0.4862713352791,0.4114045839682,-0.2473636030192,0.0758566322294,0.2100957352800,1.0000000000000,0.1001112022540,0.3159814207006,0.0757013594984,-0.2012576883612,0.1063866775831,-0.0679282583333,0.0810841309865,-0.0844157703375,0.1518571531658,-0.0280583563606,0.4379018945211,-0.1096332514061,0.3303542138290,0.1234336322070,-0.0444284535787,0.0651802953072,0.5324694256471,-0.4027412515135,0.4615730429027,-0.3369661286647,-0.2611245192667,-0.1097806777582,0.3894628358686,-0.1487289362965,-0.2172554569037,-0.0907880934976,0.4069594104673,0.5480989362808,0.0454930075558,0.3488935020656,0.3050774326682,-0.3370142382049,-0.2524723932595,0.0306630692046,0.8518259479372,0.0680947239354,0.2630642228606,0.0479390039702,-0.0770742180523,0.0686775788066,-0.1012963185854
0.3998667192692,0.3405313227519,0.0478021480146,0.1369192229350,0.2976221655543,0.4531648563144,0.2662548012830,-0.0638985338455,0.3269274422916,-0.0164446135196,0.1949536972360,0.3338473830431,0.3479548223524,0.2087762197737,0.2489172384612,0.3369495111610,0.2965077904288,0.1880759071541,0.1529345563211,0.2809648771583,0.3059972789314,0.4033582715551,0.2232079870775,0.3574254119274,0.0007666579944,0.2589598103749,0.0195350855042,0.2152892520510,0.1001112022540,1.0000000000000,0.3280412227794,-0.0079223997745,0.3883207228573,0.4450642546598,0.4891316415104,0.3445472135932,0.2698095731317,-0.0061497925224,0.0868851467709,0.1722503624141,0.3932399345925,0.2439822399890,-0.1780163871877,-0.0013643740059,-0.0163460818395,0.1054784457071,0.2530828570615,0.2956492628390,0.0381148082377,-0.0303284495450,0.2945205636883,0.2319205420063,0.1707779792869,0.0950584243249,0.0773339528255,0.2093517972488,0.2509358429844,0.2437496382179,0.3166450033584,0.0653513885802,0.1040691665057,-0.0603943448146,0.1358447191810,0.1032418490145,0.6283455932190,0.2890259110965,-0.0063289352860,0.2106488504921,0.3823414907619,0.4478431356346
0.3164174648281,0.6186504063490,0.4908120758711,0.4024557710900,0.2277888208076,0.1513113300711,-0.0309705886203,0.2326313535386,0.3507974431391,0.0081710356012,-0.0187390653667,0.2793447844758,0.2313873911261,0.0684801861055,0.1562857130376,0.0973001450562,0.2886811296013,0.6263332928147,0.0849464027073,0.4840735418351,0.3808547917266,0.3881081836278,0.4806058857331,0.5495176679526,0.1719196882823,0.2727629511909,0.4983730172498,0.4299951635334,0.3159814207006,0.3280412227794,1.0000000000000,0.1538532221278,-0.0713545143443,0.4157868197531,0.5511414933458,0.0675391634240,0.4193225768169,0.3653635585099,0.2662772484073,0.1851460572974,0.1284425874841,-0.0455057190241,0.1352058126552,-0.0468532472030,-0.0242005714509,-0.0909388843593,0.0252329284885,0.2216222573816,-0.0588024906118,-0.2110497312934,0.0433511452489,0.2557322017430,0.4648098287295,-0.0105458978809,0.2521873573752,0.3162709788794,0.1307784856610,0.4253954448933,0.3245902989200,0.2831898367478,0.0823306685818,0.2369058604670,0.2630399851461,0.1536117563967,0.1060141486150,0.5585495971678,-0.0248665819677,-0.1105278262821,0.3009855498934,0.4684585742586
0.2455156777323,0.1480286097231,0.4395209264586,0.5247393361494,0.1374405881867,0.1563801323913,0.2361015934689,0.5080415628666,0.4174839210403,0.4354068536124,0.0841503517517,0.5850335082113,0.2231029852086,0.7056866257116,0.3855825337665,0.3830143491607,0.1247859801305,0.3177255837393,0.4544818003248,0.2412975875782,0.3643064963732,0.1161115575857,0.3061353867781,0.1517756369659,0.3178993875537,0.5212310651601,0.6402531426656,0.5393072506617,0.0757013594984,-0.0079223997745,0.1538532221278,1.0000000000000,0.0400351110696,0.0869306488212,0.1772793607568,-0.0553631508441,0.0952831463319,0.1770394768881,0.4324178760554,0.0468825334165,0.2247532872575,0.0237545716759,0.0222149563311,0.1182656765149,0.3318360636220,-0.0155578570000,0.2787029729313,0.1635972862911,0.5693049664053,-0.0447445366176,0.2224413396048,0.0951960675607,-0.0184096368749,0.0255524745996,-0.0594704955713,0.2346839278778,-0.1146234337601,0.1112207221936,0.0311022060054,0.1692537907535,0.3523155991971,0.2238699835309,0.2752182537663,-0.1081855595221,-0.1616196087633,-0.3546323347615,0.6379463767537,-0.1100032380642,0.0692411057762,0.0450748106132
0.1496355981804,-0.0124942583800,-0.1241790591421,-0.0071841296479,-0.0466655039899,0.5458818194853,0.1206257531694,-0.0208436348903,0.1752934967804,-0.0283150178197,-0.0673419914264,0.3389881167650,-0.0110328987195,0.3056727660344,0.2245281089852,0.2702251696578,0.0710251695094,-0.0656094137535,0.1663086258146,0.0275229235937,0.0046006648995,-0.0490424654844,-0.0399669041289,-0.1386388478049,-0.0617874418227,0.2322591918787,-0.0284334195948,0.0348095118818,-0.2012576883612,0.3883207228573,-0.0713545143443,0.0400351110696,1.0000000000000,0.0884374692743,0.1759263175248,0.1373212366135,0.0426885342505,-0.0738259949041,-0.0738153533986,-0.1241345726693,0.4365188237003,0.1031209721481,0.0105276300261,0.1972524694154,-0.0145151733625,-0.0722089982284,0.4618645592104,-0.0528960042724,0.2696202846376,0.2766331467936,0.3769607764248,-0.0539362286898,-0.0054233018011,0.1961332787503,0.0289579178269,-0.0393087730855,-0.0836726335884,-0.0287752227831,-0.0696382927276,-0.0214173249697,0.1618618157450,0.0226853189510,0.0948775510361,-0.1732025108098,0.1965300982007,-0.1090631310564,0.1073024764324,0.7171471441909,0.0314887248116,0.1897540186779
0.2316099107754,0.4563708111391,0.0707071878652,0.3336601016957,0.1940278987714,0.0048723650113,0.1961364382683,0.0645295530464,0.1192860641080,0.0294255513020,0.1234913689196,0.0638543761465,0.3311177179965,0.1165569503954,-0.0657624738117,0.2222023938430,0.2286637812524,0.2500524618517,-0.0644200284536,0.0607702747317,0.4329187666575,0.2821377928674,0.2761258990109,0.2949692317411,0.1841432863868,0.1520928836003,0.1456097616413,0.1549212973642,0.1063866775831,0.4450642546598,0.4157868197531,0.0869306488212,0.0884374692743,1.0000000000000,0.5981088099435,0.1427512715237,0.4764879982472,0.0324657719984,0.1762336268319,0.1670962689578,0.1073938283950,0.1521369123334,-0.0386054280424,-0.1299545640595,0.0767591799878,0.0338513735203,-0.0486821643793,0.2691953487178,-0.0147010690459,-0.1781658872000,0.1633144941481,0.2154125103083,0.2220554945899,-0.2114822676851,-0.0280460540404,0.4032037052427,0.2076375645954,0.4744879902287,0.2115243529293,0.2258970284069,0.1189224600851,0.0705772122641,0.0669077708048,0.0773683992796,0.4621370518685,0.4027627453061,-0.0279203677030,0.1258580538020,0.9194733747021,0.6004580357577
0.4147037060299,0.6670910906693,0.1022250188841,0.5623132477905,0.0849990314984,0.2216514811994,0.1086354445842,0.0184468547408,0.2521997064719,0.0855225416273,-0.0877733952353,0.4433000672875,0.2127128617604,0.2480674001919,-0.0091770753995,0.4206290569516,0.3415481044445,0.4491660488006,-0.0464904491181,0.3185232767986,0.4741354902849,0.3357925889305,0.4370349292348,0.3616430361099,0.1293733774308,0.5476189135394,0.3824785662034,0.2441422275056,-0.0679282583333,0.4891316415104,0.5511414933458,0.1772793607568,0.1759263175248,0.5981088099435,1.0000000000000,0.2578391963072,0.6859591663187,0.1238969038201,0.5188130640744,-0.0063627266513,0.2375986333115,0.0567604240326,0.0283801563924,-0.0005494001969,0.0831435070248,-0.1857022423051,0.2982339153117,0.0805220605808,0.1681734942025,-0.0807673095162,0.3099293994865,0.2012152779110,0.5163691057478,-0.0305277206004,0.2475128579305,0.2089470876645,-0.0062163715014,0.5811692271125,0.2707859959013,0.2679579878142,0.5215487599338,0.3399116174572,0.2643061133475,-0.1651701907288,0.3194690791457,0.3711655401483,0.0250733088049,0.1351343921279,0.5776517816700,0.8924827343141
