1.0000000000000,0.3866101672263,0.1083109182449,0.2900848908056,0.4308228605352,0.0139031521511,-0.0038594711727,0.2996309488080,0.0617038079685,0.2909587570735,-0.1023594341434,-0.0428948106424,0.1354227454550,0.3344889983540,0.4408245836792,0.3863167335993,0.4758593487664,0.4631307202553,-0.1661656864536,0.1479653325750,0.3914872715544,0.4102911348489,0.3438123937801,0.4209093733983,0.3935164156350,0.3935556109522,0.0116439700745,0.3499729296155,0.3865953061404,0.5954716728128,0.3477977656763,0.0086912697399,-0.1561893564552,0.4368416715325,0.4553573736734,0.7679699800450,0.1819348749758,0.0169245335680,0.3686321234730,0.2375492957879,-0.0461592963835,-0.2580105901228,0.3573493569129,-0.2725021547884,0.3644826829404,-0.0820363682665,-0.0112106157877,0.0755487558235,0.1346004337149,0.0883018828960,0.2501346682635,0.4806563227691,0.4851564560944,-0.2962081142240,-0.0102169382852,0.1632418938360,0.3462153884809,0.2971875913254,0.3851789745989,0.4255392286051,0.2294360153900,-0.0546452194547,0.3436279017197,0.2955081650281,0.4582334980057,0.3834297522371,0.0948031231132,-0.0315598249651,0.4051015574051,0.4624536832315
0.3866101672263,1.0000000000000,0.5718270541051,0.7063858750903,-0.0301579079446,-0.0791286767416,-0.0338904299630,0.1337702151778,0.0187809503721,0.3532060887475,-0.3516856702343,0.4572753609382,0.0557868265392,0.4899164740044,-0.0279728504813,0.2422974454636,0.4108031559997,0.5083526584662,0.0763528753287,0.4616096574056,0.3043572779379,0.5118531190552,0.6658640578045,0.4823710450101,0.3601316397023,0.6695823188266,0.4289226104852,0.7030510827841,0.0452771583672,0.2935489485371,0.5065644069448,-0.0205000421064,-0.1712030664050,0.4625153409696,0.7190971764919,0.0871164576142,0.7768951900367,0.2887933584239,0.6794160699686,-0.1852254515324,-0.0416024496588,-0.1911853216735,-0.1706071124410,-0.2169492292585,0.2209389592938,-0.3614778045092,0.4079621945748,0.0318177243584,0.1734484067229,-0.3664056096519,0.1244929102157,0.3038833744073,0.4202512177575,-0.2835816374784,-0.0999634633411,0.2490536371277,0.3111209206093,0.6002048744802,0.4799853134948,0.1414344716055,0.5843246752253,0.3018662773981,0.4593210404996,-0.0025518829564,0.0642414288273,0.5210401129000,0.0043075236894,0.1910550658634,0.3549489033034,0.7625434578795
0.1083109182449,0.5718270541051,1.0000000000000,0.3861121126432,-0.1869362390545,-0.2177496589194,-0.2617202669303,0.2955722457917,-0.0644754075862,0.2003476932690,-0.3903641684698,0.4149759498676,-0.1001968330146,0.4237480915951,-0.1912339722578,-0.1261827882632,0.4617896854591,0.6070150305316,0.2341719374785,0.4534770261872,0.0446824333564,0.5188950470971,0.4388868092480,0.5731919252712,0.2167287663046,0.3646382951690,0.5908629932605,0.7516768432197,0.1560446389381,0.0087747837281,0.4680770048211,-0.0323070597598,-0.2126619150471,0.1170133881261,0.3510264046562,-0.1587864280093,0.3268592691400,0.6977683057754,0.3200852050603,-0.3585046387451,-0.2343574744458,-0.3428284053127,-0.1626306702875,-0.2242770631459,0.0464117638151,-0.4120051024130,0.3930849273498,-0.1200298388314,0.0979217254589,-0.3696208999141,-0.2782637442087,0.3519006721982,0.4184998811266,-0.0924645875543,-0.0794748930400,0.0957342752224,0.3312475358140,0.3056421797995,0.5189559481800,-0.0013665461923,0.1889153095688,0.4852564360640,0.5162262344021,0.1086504892289,-0.2414236090586,0.3307648201297,-0.0247700826809,-0.0051075700836,0.0081472991814,0.3460761989186
0.2900848908056,0.7063858750903,0.3861121126432,1.0000000000000,0.0197541699174,-0.0038372121046,0.1217051976777,0.3006991249742,0.2574624995378,0.5485252584615,-0.1521023695605,0.3836922350401,0.0781469024039,0.3816636241363,0.2381266844760,0.3664740615191,0.0932396987015,0.4409930759098,0.1121512878058,0.5898770747002,0.2630638900565,0.2193754484686,0.6675620715642,0.1875914823827,0.5098798553198,0.6643632275512,0.5588911779443,0.4566553633614,0.0535496312492,0.3942381068024,0.5720264299941,0.1415978554180,0.0087794057805,0.4846828535338,0.6788038740638,-0.0023493953169,0.5712568929189,0.1432900056550,0.8041636682277,-0.1604895836305,0.0157344712017,-0.1442305173678,0.0067467636021,-0.0434964805418,0.2914754116526,-0.2308352397689,0.2855205588086,-0.0142168243887,0.1885090893398,-0.1377141718290,0.1856936616048,0.0207022395427,0.2578867970536,-0.2266608219607,0.0407762318115,0.1520280204762,0.0085439841766,0.5169187373816,0.1043844290701,0.1912704611615,0.6390413637413,0.4145365977975,0.2028925393613,-0.0351527632335,0.0707821036820,0.3983477203857,0.1114007950787,0.1780649500889,0.2761659333775,0.6601929694499
0.4308228605352,-0.0301579079446,-0.1869362390545,0.0197541699174,1.0000000000000,-0.0815503213260,-0.0355260803308,0.1768255130813,-0.2013984038680,0.2863942141326,0.3339761023103,-0.4374276367170,0.6698506841500,-0.1696052933748,0.2982328052910,0.0705417312429,0.1776616440549,0.0153081577513,-0.1777384026709,-0.1986088691318,0.6783629963235,0.3107967562412,0.1524862640094,0.2537968428851,0.4375151746704,-0.1839301836281,-0.2659198757636,-0.1228655024757,0.7076353472929,0.4406639904222,0.0078229863170,0.0078271560520,-0.1222918162236,0.4045543818159,-0.0607428271565,0.5696882083827,0.0864717519442,0.0813099029843,-0.1062577584841,0.8671871907682,-0.1396827198924,-0.0905477669005,0.3575040926976,-0.2944407524568,0.3999388623079,0.2997674441868,-0.4557335129883,0.6629525465319,-0.1451231634837,0.3117210252308,0.0652713917434,0.2158971221427,0.1811326053266,-0.1887177121156,-0.0757979064179,0.6056664965677,0.4431998612668,0.1642614083983,0.1467176490010,0.5674365404279,-0.2164339654491,-0.2239030518066,0.0506530755011,0.6638115294167,0.4951617436028,0.1159619308208,0.0647777452386,-0.2396825901865,0.4419706069263,0.0287221461159
0.0139031521511,-0.0791286767416,-0.2177496589194,-0.0038372121046,-0.0815503213260,1.0000000000000,0.4137027071137,0.0433448356503,0.6579175291632,-0.1443579376083,0.1512685750116,0.2050248947650,-0.2320308043940,-0.1108340288894,0.1734840264726,0.5605548141231,-0.2677467737587,-0.2348120588301,0.2071102237612,-0.1001236296774,-0.1783275088347,-0.3152045835476,-0.0971295681447,-0.3247452904241,0.0210325274204,-0.0263427936185,0.0259405590622,-0.2272870713851,-0.1840652400075,-0.0096100988535,0.1028109014696,0.0411234035649,0.4057530720048,-0.0116806668240,0.0224606724815,-0.0353229877065,0.0198089512101,-0.3189374161452,-0.0292328612165,-0.1248176874496,0.5912403659794,0.4152238437067,0.0831219865120,0.6423985665626,-0.2362206584760,0.1563598566483,0.1306936200841,-0.2119839099765,0.0444047819859,0.2198524480868,0.4853067269135,-0.2781797145206,-0.2674042545491,0.1703806862188,-0.0540278653528,-0.2485638765860,-0.2913475214385,-0.1003732139339,-0.3645851506152,-0.0588338462783,0.0928553786172,-0.1470187671194,-0.3584437817029,-0.2236947397843,0.0806547069854,0.1005704233969,0.0140256698196,0.2629911047807,-0.0116533064767,0.0692817733497
-0.0038594711727,-0.0338904299630,-0.2617202669303,0.1217051976777,-0.0355260803308,0.4137027071137,1.0000000000000,-0.1888393467870,0.6200069831792,-0.0469377256468,0.5889429680217,0.2017074838158,0.3033749840595,0.0462063260140,0.3503492871583,0.2782196870512,-0.2788720073313,-0.3324917419411,0.2098106718929,0.0662056976859,0.0351722429293,-0.2504101143932,-0.2132136276919,-0.3033089387596,-0.1656157766367,-0.0022248954715,0.1364535079768,-0.2084320112481,-0.0498902496399,0.0066663198945,-0.1437453030680,0.2457506221361,0.4814243262426,-0.1843285167621,-0.0806411180939,-0.0211903273945,-0.1817229806756,-0.2447833991346,-0.0410654649433,0.0779968032998,0.1441821189620,0.7688128534307,-0.1972277176730,0.5689564964905,-0.1964207985774,0.5656924963198,0.0724580952613,0.2359168171722,0.0278782185735,0.3549564188357,0.1764634090362,-0.3061441945525,-0.3033735465078,0.0212000824085,-0.1638616878813,0.0816412581940,-0.2662447780231,-0.2716021333689,-0.2799696769379,-0.2937449425650,-0.0517368599036,-0.0507991310683,-0.2887486771723,-0.0694143836507,-0.1299578778585,-0.2814895414038,0.0909236287958,0.3288535791962,-0.2620858600157,-0.1029413715897
0.2996309488080,0.1337702151778,0.2955722457917,0.3006991249742,0.1768255130813,0.0433448356503,-0.1888393467870,1.0000000000000,0.1930600074521,0.4321908103715,0.0167935677093,0.0063212378454,-0.0882750132092,0.1613584550635,0.2567838505330,0.3215569292572,-0.0147045104085,0.3380060927952,-0.0279096245948,0.1923618247333,0.1950518330195,-0.0788284895105,0.3195996904702,-0.0685282456988,0.6435896933480,0.3021085155045,0.3666070386934,0.1615752587795,0.3193824056732,0.1567874521501,0.6477272127520,0.3843169196629,-0.0373688499840,0.2147080030967,0.1860382225714,0.0934963387277,0.0774559006138,0.1001690713044,0.2026088115085,-0.0124428794829,-0.0984525855695,-0.3757469181191,0.6448257667971,-0.1066621018787,0.3096488281105,-0.0964350138155,-0.0767977034052,-0.1260591537225,0.0220102254149,-0.0089625830526,0.1034130782847,-0.0362966954283,0.1259081942475,-0.3100210621061,-0.0678898252895,0.0158714715312,-0.1807694255298,0.1071035491208,-0.1757044337531,0.4348554576487,0.2317349462250,0.2028571759078,0.0462202725017,0.2901654730539,-0.0412990836328,0.2493507241826,0.2794917737377,-0.0942207672002,0.0893392704917,0.1658076302554
0.0617038079685,0.0187809503721,-0.0644754075862,0.2574624995378,-0.2013984038680,0.6579175291632,0.6200069831792,0.1930600074521,1.0000000000000,0.0155890569152,0.2129881784822,0.3593848521337,-0.2143657074201,0.1983421359747,0.4210333764442,0.5007436206822,-0.2809618870629,-0.0929901627936,0.3700832464691,0.2627791179449,-0.1587597704981,-0.3856516176939,-0.1445332511142,-0.3797865768238,-0.0061823148583,0.2891260656680,0.3857672040083,-0.0353935467850,-0.1634460042788,0.0304827451996,0.2445549473219,0.2061394461214,0.3677855314832,-0.1216936495673,0.1133716746528,-0.1105534165170,-0.1124058880610,-0.2295162354280,0.1834263052450,-0.2855830076744,0.3136904189675,0.3475773893715,0.1173738489714,0.7052693060435,-0.1862661479757,0.1301122064227,0.2553097379418,-0.2953237363485,0.1566781999734,0.2491983881367,0.3015303220168,-0.3209923264976,-0.2204097381560,0.0661743329740,-0.0556048255611,-0.2686316763694,-0.4970908376827,-0.2517562536620,-0.4042583148512,-0.1664907189605,0.2472638293371,0.1393997061367,-0.2162194978770,-0.2359057832006,-0.1652050521026,-0.0081121751970,0.1304458708614,0.1959800521035,-0.2452509854579,0.0699391079820
0.2909587570735,0.3532060887475,0.2003476932690,0.5485252584615,0.2863942141326,-0.1443579376083,-0.0469377256468,0.4321908103715,0.0155890569152,1.0000000000000,-0.1742420158647,0.0105594456674,0.2741994475203,0.2775738155149,0.3051706026337,0.2677328562594,0.0081896321387,0.2582309245961,-0.0433786496071,0.1675665608496,0.4596656721950,0.1207270764083,0.5445599906991,0.0763709456445,0.6883039113692,0.4075780450222,0.2229660518947,0.2754340664118,0.0950888380255,0.2692195611913,0.2779248294363,0.0873209128344,-0.1653407081689,0.3344110756262,0.3097113330620,0.1077958545601,0.3387555403961,0.1641182393645,0.4843150164012,0.1124645929364,-0.0537459867444,-0.3124578191358,0.3241759381044,-0.2299028739823,0.7796521737410,-0.2883595365481,0.0040140969466,0.2316858623433,0.2924259745768,0.0244503245146,0.1593467408979,-0.0206562276354,0.1817418510869,-0.1695630596471,-0.0072853050434,0.3034451898409,0.0558604783429,0.4243259202407,0.0306688691780,0.5404402638689,0.3910434567097,0.2612767888607,0.2494842964034,0.0790460973014,0.0484161099508,0.1857490056489,0.1356642216101,-0.0000697965948,0.2169173517370,0.2890951542784
-0.1023594341434,-0.3516856702343,-0.3903641684698,-0.1521023695605,0.3339761023103,0.1512685750116,0.5889429680217,0.0167935677093,0.2129881784822,-0.1742420158647,1.0000000000000,-0.1598285806271,0.4949326028096,-0.1948373169368,0.3286575418111,-0.0015079499727,-0.2714721084113,-0.4116135435811,0.0738590442490,-0.1851208047393,0.1207088482131,-0.2007340785018,-0.3286808110678,-0.2623457299345,-0.1221547458605,-0.4057272431706,-0.1338968672800,-0.3933751409823,0.3525178109185,0.0396475785034,-0.2317087114709,0.3946087620583,0.4211316906460,-0.1105752566492,-0.4455955443357,0.0614732807890,-0.3277092818523,-0.1687232986130,-0.4106045980920,0.5392267955984,-0.0657927248575,0.5649731814704,0.0361907311585,0.2667257939354,-0.1834489374249,0.9305685667563,-0.3135813534654,0.4470933416757,-0.1187265815087,0.4862476342731,-0.0419788287836,-0.2414837101774,-0.3658354058675,-0.0508988110213,-0.1199600344384,0.2571520765058,-0.1159244714308,-0.4089900273646,-0.3341561290920,-0.0987850257769,-0.4162264494788,-0.2135834430019,-0.2988625351213,0.3827943352789,0.0096020679150,-0.4164230853782,0.2380348339048,0.0750593613156,-0.1582600797863,-0.4159484803055
-0.0428948106424,0.4572753609382,0.4149759498676,0.3836922350401,-0.4374276367170,0.2050248947650,0.2017074838158,0.0063212378454,0.3593848521337,0.0105594456674,-0.1598285806271,1.0000000000000,-0.1746886110050,0.5923131628257,-0.0307835038554,0.1189018553501,-0.0060569276518,0.1479796980481,0.6069748635371,0.5429009540955,-0.1649569189369,0.0635506104640,0.1411501196659,0.0754021464810,-0.0247983935310,0.4450678940700,0.6056761002221,0.4402965552342,-0.2655033899209,0.0855615382751,0.2996251117004,0.3263712913780,0.2170487097642,-0.0009643441695,0.3806454451861,-0.2878523836268,0.2547886266723,0.0824141058778,0.3161591710500,-0.4258942011438,0.1435144164019,0.1934203087969,-0.3703526620820,0.2499200697128,-0.1700799248332,-0.1838357405368,0.8650468742916,-0.2081710088323,0.3730378159696,-0.2238047338380,-0.0030783694074,-0.0998897574352,-0.1299260709539,0.1196250630733,-0.0369054644581,-0.0824000679589,-0.1031986320783,0.0531202521090,0.0814244276798,-0.2776495084849,0.3912126610045,0.2903325522819,0.1224419250753,-0.2556512191857,-0.2120392177073,0.1022177397382,0.2221748127241,0.5394715214899,-0.1571648510024,0.3370858949477
0.1354227454550,0.0557868265392,-0.1001968330146,0.0781469024039,0.6698506841500,-0.2320308043940,0.3033749840595,-0.0882750132092,-0.2143657074201,0.2741994475203,0.4949326028096,-0.1746886110050,1.0000000000000,-0.0317454100208,0.2140687142720,-0.1066914770893,0.0328731944727,-0.0908344705660,0.0471558978271,-0.0326042666342,0.6490549795676,0.2719367482244,0.0648095220134,0.1763775775129,0.1638950225858,-0.2290682160300,-0.0936384924965,-0.0688858163256,0.5127415149055,0.2940937000847,-0.1406238178372,0.0955189229528,-0.0021262296426,0.2286345175853,-0.1494050695815,0.2515502419289,0.0532328124219,0.1299611905072,-0.1793974711265,0.7187523156975,-0.2387933163223,0.2646067705421,-0.0953640231766,-0.2027007242150,0.2531976016832,0.4448567395982,-0.2539406437882,0.9082956360281,-0.0673007607264,0.2718953130281,-0.0721580499316,0.0302430760194,0.0241726051442,-0.0657951244468,-0.1041456862505,0.7266421454663,0.3524707738937,0.0236624519009,0.0994038328428,0.1794873008204,-0.2688629507745,-0.0982401537353,0.0178446938146,0.4986731551958,0.2465551405073,-0.1276123009780,0.0668727614677,-0.0067003403039,0.1937784324045,-0.0823509349556
0.3344889983540,0.4899164740044,0.4237480915951,0.3816636241363,-0.1696052933748,-0.1108340288894,0.0462063260140,0.1613584550635,0.1983421359747,0.2775738155149,-0.1948373169368,0.5923131628257,-0.0317454100208,1.0000000000000,0.2654135908216,0.0973891223290,0.3246983447892,0.3470974996526,0.4124024276605,0.4578945615054,0.0773534265197,0.2635494327913,0.2374926853618,0.3010430080623,0.1082617046761,0.6720709626691,0.4270005222059,0.6701816475530,-0.0218955574429,0.2175640391312,0.2044587459971,0.2422030465209,-0.0305738419401,0.0758280857369,0.3605557462868,0.0223487835458,0.1578996922359,0.1872105192917,0.3921283643772,-0.2455933943529,-0.1600448538052,-0.1121680400094,-0.0683588056504,-0.1083375793195,0.2571754735476,-0.2662797880502,0.5914705011239,-0.1048224557653,0.6579226005502,-0.1576789384260,-0.0687116712640,0.2603059470978,0.0972766159373,-0.0798069333586,-0.1805704414450,0.0761048252588,0.0962768553969,0.1185222803928,0.3076607749666,0.0598802448176,0.3800363588418,0.2045927035489,0.5395458932727,-0.0355973654155,-0.1844293995749,-0.0061515324743,0.3688355992452,0.3163558653202,-0.0978379184599,0.3116110670152
0.4408245836792,-0.0279728504813,-0.1912339722578,0.2381266844760,0.2982328052910,0.1734840264726,0.3503492871583,0.2567838505330,0.4210333764442,0.3051706026337,0.3286575418111,-0.0307835038554,0.2140687142720,0.2654135908216,1.0000000000000,0.3757833560331,-0.0668867504013,0.1610781207358,0.1526942398465,0.1779402359661,0.1396895604359,-0.1040238648794,0.0140680761931,-0.1132353730132,0.2025662120553,0.1406946772777,0.1324608647257,0.0146162946747,0.1608981704445,0.5751298787098,0.0905283605428,0.3455616678547,0.2250696109816,0.2831623486250,0.0842491539528,0.4169159033170,-0.0912953669372,-0.1340164083556,0.0844204045635,0.2509920509290,0.0517527237185,0.1322601207526,0.2896940362682,0.1582321658898,0.2190543075740,0.2306088102572,-0.1067710111427,0.1453818706502,0.2217840022946,0.6540827489590,0.2292160310326,-0.0701657552854,0.0651278951106,-0.0427776557088,0.0393891652433,0.0495361799929,-0.0826655394232,-0.1024602987743,-0.1970798156648,0.1908883947250,0.0558993603088,-0.0032326259495,-0.0021416527061,0.1331674513498,0.3571760583724,-0.0709545465810,0.3321866441209,0.2224698258538,0.1802433568932,0.0663886573766
0.3863167335993,0.2422974454636,-0.1261827882632,0.3664740615191,0.0705417312429,0.5605548141231,0.2782196870512,0.3215569292572,0.5007436206822,0.2677328562594,-0.0015079499727,0.1189018553501,-0.1066914770893,0.0973891223290,0.3757833560331,1.0000000000000,-0.0579826023701,0.0454967755408,-0.0832216357292,0.0130103652134,0.1035552089782,-0.1568743500608,0.3229215028730,-0.1585330477347,0.3531723113340,0.3529959662950,0.0732568014660,0.0385384119641,-0.0851661322399,0.2233367649141,0.2775118127013,0.2184876928208,0.3043215544622,0.3219856649344,0.3747528307831,0.2657836715959,0.2009791699890,-0.2653581463720,0.4216020493112,-0.0496433298572,0.4402221416282,0.0610474115439,0.3587614155438,0.2911317802634,0.2055901587977,-0.0240680662707,0.0566316075175,-0.1333766656011,0.1102492409998,0.1413468040893,0.7594238221404,-0.0774829623180,0.0299276545187,-0.1858285113378,-0.0847315108675,-0.1284622629919,-0.2007875637420,0.2458314460229,-0.1872043521811,0.3051587862451,0.4254451348702,-0.0457881660240,-0.0691533115447,-0.1180947563806,0.1716503501439,0.2544970287851,0.2022981036128,0.2617813902952,0.2532920795192,0.4091275564163
0.4758593487664,0.4108031559997,0.4617896854591,0.0932396987015,0.1776616440549,-0.2677467737587,-0.2788720073313,-0.0147045104085,-0.2809618870629,0.0081896321387,-0.2714721084113,-0.0060569276518,0.0328731944727,0.3246983447892,-0.0668867504013,-0.0579826023701,1.0000000000000,0.4513169182410,-0.1942525952258,0.0517985280591,0.2333326186971,0.8003808791755,0.3666452705083,0.8421033108933,0.1350031764695,0.2726806613067,-0.0332663301559,0.6041489061143,0.3867584626573,0.1858985166485,0.0949839177275,-0.2112180693027,-0.2382508458724,0.2379823714674,0.3056324072752,0.3453196640409,0.1743843310513,0.4298550332535,0.2154413643968,0.0305443851141,-0.2739698349923,-0.3465608370781,0.0000733352924,-0.4408960529024,0.2030900513181,-0.2335685605823,0.0525083879105,0.0346373074650,0.0697593118892,-0.2688391898369,-0.0925746780736,0.9688498588052,0.5429548992889,-0.3154538991744,-0.1598511592829,0.1464003890126,0.7240462652116,0.3722395152310,0.8398298404866,0.3202703808305,0.0347863503184,0.0008615758225,0.6651357900774,0.3060092925018,0.1116711851057,0.2382564918785,-0.0765408954592,-0.1717286473606,0.2375892415126,0.3363806634926
0.4631307202553,0.5083526584662,0.6070150305316,0.4409930759098,0.0153081577513,-0.2348120588301,-0.3324917419411,0.3380060927952,-0.0929901627936,0.2582309245961,-0.4116135435811,0.1479796980481,-0.0908344705660,0.3470974996526,0.1610781207358,0.0454967755408,0.4513169182410,1.0000000000000,0.0388698470745,0.6467921622369,0.1612726555532,0.4137001969710,0.4558877873356,0.5074581538435,0.2484225459572,0.4596157585556,0.4489289242981,0.5895330065174,0.1595839861620,0.3952272564777,0.5860031716191,-0.0234692127576,-0.2957023566449,0.3888632384671,0.6283217345736,0.1697177953084,0.3190959786414,0.3037095693502,0.4387225246110,-0.2059603857220,-0.1866394319845,-0.4824056030521,0.0162562524433,-0.3800223692987,0.1057272503666,-0.4389691821029,0.1497235153557,-0.1705730782678,0.0049344183551,-0.2713745168256,-0.0875414757880,0.3934562511685,0.7053653238116,-0.1867472250011,0.2059342559757,0.0134057640369,0.2686354029789,0.3210705987177,0.4332788012814,0.0686125986599,0.3071968609801,0.3638126303218,0.3330030451888,0.0298727675899,0.1807735081720,0.4397645626113,-0.0959950609727,-0.0186896413464,0.3109237246975,0.5943721070469
-0.1661656864536,0.0763528753287,0.2341719374785,0.1121512878058,-0.1777384026709,0.2071102237612,0.2098106718929,-0.0279096245948,0.3700832464691,-0.0433786496071,0.0738590442490,0.6069748635371,0.0471558978271,0.4124024276605,0.1526942398465,-0.0832216357292,-0.1942525952258,0.0388698470745,1.0000000000000,0.4564186465512,-0.0768658648578,-0.0814065911161,-0.1497803806706,-0.0924596202634,-0.1516140800319,0.0527291365715,0.4535421779939,0.1600015388715,-0.1006477764060,0.0965504741225,0.1096839954796,0.1324612004159,0.0964853563535,-0.0323877151631,-0.0222662348909,-0.2455792825103,0.0308884890082,0.1161416837036,-0.1065628601969,-0.1556669066817,0.0128115778039,0.2181304962734,-0.2931630125664,0.2224713230335,-0.1969912989083,-0.0088910630003,0.5219035253076,0.0565960208172,0.3070306059146,0.0674682249343,-0.1695578480140,-0.2706138619820,-0.1861158597803,0.4725094992620,0.0962793256937,0.1156326090699,-0.1158415608012,-0.2307670313915,-0.1579361359149,-0.2968340055914,-0.0077672906805,0.2258709779455,-0.0274470708216,-0.0862694070303,-0.1092179351071,-0.1048710786261,0.1875691399697,0.2154566539357,-0.1318072727402,-0.0379283400424
0.1479653325750,0.4616096574056,0.4534770261872,0.5898770747002,-0.1986088691318,-0.1001236296774,0.0662056976859,0.1923618247333,0.2627791179449,0.1675665608496,-0.1851208047393,0.5429009540955,-0.0326042666342,0.4578945615054,0.1779402359661,0.0130103652134,0.0517985280591,0.6467921622369,0.4564186465512,1.0000000000000,0.0675130217515,0.1123494761925,0.2672450743426,0.1566856935728,0.0937161279094,0.5461077508138,0.8051520309639,0.4544681780558,-0.0283441441132,0.3801854564777,0.5921382426767,0.2045021380949,-0.0165602021825,0.2165225193693,0.5953211207612,-0.1610325502635,0.2618946648764,0.0901358146400,0.4290126150024,-0.3122382527614,-0.1167135962424,-0.1270879139754,-0.2570417474726,-0.0733087378593,-0.1129184809939,-0.2587253259070,0.4001201865228,-0.1444038665118,0.0662270469823,-0.2633765045766,-0.1911236512388,-0.0424442797303,0.2674392935006,-0.0912252186149,0.2160508211037,0.0444998716419,-0.0903450390102,0.0901284099580,0.0777301782752,-0.2622494379254,0.4029380577878,0.4660984352940,0.0544634162832,-0.1432612035180,-0.0030216815055,0.2455861104039,0.0279481433870,0.2367820526829,0.0441693807135,0.5249060503647
0.3914872715544,0.3043572779379,0.0446824333564,0.2630638900565,0.6783629963235,-0.1783275088347,0.0351722429293,0.1950518330195,-0.1587597704981,0.4596656721950,0.1207088482131,-0.1649569189369,0.6490549795676,0.0773534265197,0.1396895604359,0.1035552089782,0.2333326186971,0.1612726555532,-0.0768658648578,0.0675130217515,1.0000000000000,0.3719447179103,0.3274966471710,0.2950079573458,0.4589437833608,0.1509735958698,-0.0217747218142,0.1455161631959,0.4712608057657,0.3498275753891,0.2091648337012,-0.0085900626301,-0.2036584633243,0.4881589019106,0.2173407019402,0.3724119317152,0.2887732666675,0.1562557540720,0.1806431762949,0.5122559568847,-0.2125801885750,-0.1410322205611,0.2100150124282,-0.3459446657484,0.5223093651641,0.0634400440553,-0.1843443203176,0.6289947987299,0.0477075287940,0.0081824697137,0.0480852064171,0.2130978990932,0.3055544494467,-0.2341015858981,-0.0152430407117,0.7925321446089,0.3728531024492,0.3220684711244,0.2360446217435,0.4716645786070,0.0887104212235,0.0229242635023,0.2346634261437,0.4301483576537,0.2961760532142,0.2319151464320,0.0506597857613,-0.1400828295492,0.4530949640815,0.2736496317091
0.4102911348489,0.5118531190552,0.5188950470971,0.2193754484686,0.3107967562412,-0.3152045835476,-0.2504101143932,-0.0788284895105,-0.3856516176939,0.1207270764083,-0.2007340785018,0.0635506104640,0.2719367482244,0.2635494327913,-0.1040238648794,-0.1568743500608,0.8003808791755,0.4137001969710,-0.0814065911161,0.1123494761925,0.3719447179103,1.0000000000000,0.4431934664685,0.9472253003142,0.2153209834036,0.1529904646986,0.0055021210684,0.5730125430010,0.5236207092888,0.3535534415058,0.1452850174809,-0.2193631257918,-0.2411386876933,0.4262378221182,0.3190291099404,0.3376610236395,0.3345593062791,0.5558529398864,0.2214942518845,0.1905248162256,-0.2574663587580,-0.2792476019938,-0.1615071747065,-0.5047734349929,0.2428538005946,-0.1733614511808,0.0741525774572,0.2845373606994,0.0347304278456,-0.2462486911041,-0.1792704290994,0.7733201583856,0.5651189841169,-0.2607783619588,-0.1053474497780,0.3859459422524,0.9165003800387,0.4789242882929,0.8983774092603,0.3100721690815,-0.0283058065320,0.0647893293240,0.6312639377931,0.4658735774856,0.2683306360589,0.3201402283298,-0.1224221060907,-0.0849910227784,0.4080906717117,0.3880931213262
0.3438123937801,0.6658640578045,0.4388868092480,0.6675620715642,0.1524862640094,-0.0971295681447,-0.2132136276919,0.3195996904702,-0.1445332511142,0.5445599906991,-0.3286808110678,0.1411501196659,0.0648095220134,0.2374926853618,0.0140680761931,0.3229215028730,0.3666452705083,0.4558877873356,-0.1497803806706,0.2672450743426,0.3274966471710,0.4431934664685,1.0000000000000,0.4287900547499,0.6409697368142,0.4913287800037,0.2520795663968,0.5085842822395,0.1618322930610,0.3214955856247,0.5053022755320,-0.0075699438956,-0.1245376532445,0.5848839952500,0.6373863157470,0.1509700733790,0.7018581735424,0.2367021256957,0.6248724565499,-0.0350284591119,-0.0082076882658,-0.3439132542464,0.1109417026524,-0.3437887101302,0.4191037273161,-0.3505220247583,0.0776939499695,0.0599519872033,0.0731815784143,-0.2791247075588,0.2302774824004,0.3065972491391,0.3567132473737,-0.3207710994478,-0.0495527746159,0.2074195353494,0.3323590406984,0.8725503651719,0.3776268317572,0.4462044089854,0.5044098490270,0.1586514927053,0.3256804151862,0.0692042283794,0.1727860552400,0.5233157597095,0.0382306257841,0.0562674301092,0.5044730014302,0.6494999995634
0.4209093733983,0.4823710450101,0.5731919252712,0.1875914823827,0.2537968428851,-0.3247452904241,-0.3033089387596,-0.0685282456988,-0.3797865768238,0.0763709456445,-0.2623457299345,0.0754021464810,0.1763775775129,0.3010430080623,-0.1132353730132,-0.1585330477347,0.8421033108933,0.5074581538435,-0.0924596202634,0.1566856935728,0.2950079573458,0.9472253003142,0.4287900547499,1.0000000000000,0.1549001802552,0.1875523316957,0.0340908599392,0.6213500243820,0.4644563184150,0.3092465349938,0.1197177777602,-0.2010720434537,-0.2327769103586,0.3416313004432,0.3268603752713,0.3193636586273,0.2770320257597,0.5666485035317,0.2274015107915,0.1268170702884,-0.2767598837652,-0.3408726376682,-0.1684025012522,-0.5276113741096,0.2079663118137,-0.2346074828792,0.0915982618335,0.1848818425245,0.0176599906365,-0.2902959003579,-0.2184716493579,0.8146096767686,0.5955273329648,-0.3018129919381,-0.1276413113399,0.2924169627923,0.8784168895005,0.4397974442569,0.9424161125861,0.2774725307350,-0.0334375242347,0.0684326719766,0.6519210668212,0.4254446841070,0.2006302269144,0.2608391221758,-0.0883526890314,-0.0878773747710,0.3293044945243,0.3853550532553
0.3935164156350,0.3601316397023,0.2167287663046,0.5098798553198,0.4375151746704,0.0210325274204,-0.1656157766367,0.6435896933480,-0.0061823148583,0.6883039113692,-0.1221547458605,-0.0247983935310,0.1638950225858,0.1082617046761,0.2025662120553,0.3531723113340,0.1350031764695,0.2484225459572,-0.1516140800319,0.0937161279094,0.4589437833608,0.2153209834036,0.6409697368142,0.1549001802552,1.0000000000000,0.3524676734651,0.2127341660924,0.2117775902867,0.3856552621074,0.3712434353316,0.5056571931495,0.1404463733161,-0.0994887023476,0.4968752822380,0.3865473074106,0.2225137774522,0.4620515951721,0.1572753408394,0.4325796272874,0.2019799246133,0.0220039816460,-0.3563093551130,0.4948285446154,-0.2477643813104,0.5935445872365,-0.1956205402638,-0.0884813415261,0.1629752792628,0.0739445399780,-0.0330988731200,0.2349595274898,0.1122265159089,0.1879424114159,-0.3075083225574,-0.1135834386884,0.2982635929320,0.1562003948079,0.5594837225448,0.0473897228380,0.7561919817906,0.3631774336508,0.1117139842891,0.1249408963537,0.3143267149926,0.2253059903076,0.4226822377469,0.1330746300383,-0.0457066510627,0.4212169386508,0.4046199561419
0.3935556109522,0.6695823188266,0.3646382951690,0.6643632275512,-0.1839301836281,-0.0263427936185,-0.0022248954715,0.3021085155045,0.2891260656680,0.4075780450222,-0.4057272431706,0.4450678940700,-0.2290682160300,0.6720709626691,0.1406946772777,0.3529959662950,0.2726806613067,0.4596157585556,0.0527291365715,0.5461077508138,0.1509735958698,0.1529904646986,0.4913287800037,0.1875523316957,0.3524676734651,1.0000000000000,0.5223903578394,0.6421978849144,-0.1226051930333,0.2125931109313,0.4750700162389,0.0960989148121,-0.1203086214626,0.2188299824566,0.7152652539041,-0.0006595989206,0.4223639556274,0.0065735389023,0.7701338172861,-0.3931710759509,-0.0370695083822,-0.2996661005213,0.0986605911812,-0.0972628233181,0.3096042574957,-0.4824401609350,0.4246955227867,-0.3503065902134,0.3961787547942,-0.3682335830725,0.1490428380852,0.2123107992349,0.2033008536617,-0.3398621743659,-0.1420021829862,-0.0864806958523,-0.0910226640766,0.3693387020029,0.2082971206907,0.1928052166143,0.8187536467017,0.2952401231194,0.4229087673314,-0.2276813075328,-0.1312895081810,0.2916003872306,0.1256365430528,0.1628147331661,0.0750520040718,0.6512453469483
0.0116439700745,0.4289226104852,0.5908629932605,0.5588911779443,-0.2659198757636,0.0259405590622,0.1364535079768,0.3666070386934,0.3857672040083,0.2229660518947,-0.1338968672800,0.6056761002221,-0.0936384924965,0.4270005222059,0.1324608647257,0.0732568014660,-0.0332663301559,0.4489289242981,0.4535421779939,0.8051520309639,-0.0217747218142,0.0055021210684,0.2520795663968,0.0340908599392,0.2127341660924,0.5223903578394,1.0000000000000,0.4829397472169,-0.0259301905755,0.1633026935888,0.5925618969335,0.3670909588698,0.1178413542546,0.0485919310489,0.4271105841299,-0.3128745699303,0.2313770350229,0.2443621688603,0.3655036880426,-0.4060982660898,-0.0532200825043,-0.0481142302089,-0.1391587139275,0.1225299885989,-0.1003008026344,-0.2043481788124,0.4380581613402,-0.1855567900959,0.1065377875776,-0.1841915657605,-0.1848451750768,-0.1558609521505,0.0822535886053,-0.1016295939248,-0.0160311162630,-0.0080665327244,-0.2048684050715,0.0294104101880,-0.0581578046111,-0.1960213354233,0.3960157187223,0.6322400218481,0.0648197785139,-0.1230807246544,-0.2490795305469,0.1912297793236,0.1741300966989,0.2467911967897,-0.1240914280557,0.3648284258607
0.3499729296155,0.7030510827841,0.7516768432197,0.4566553633614,-0.1228655024757,-0.2272870713851,-0.2084320112481,0.1615752587795,-0.0353935467850,0.2754340664118,-0.3933751409823,0.4402965552342,-0.0688858163256,0.6701816475530,0.0146162946747,0.0385384119641,0.6041489061143,0.5895330065174,0.1600015388715,0.4544681780558,0.1455161631959,0.5730125430010,0.5085842822395,0.6213500243820,0.2117775902867,0.6421978849144,0.4829397472169,1.0000000000000,0.1084587466193,0.1596167496210,0.3483758299840,-0.0072183733570,-0.1867954673187,0.2275602754237,0.4910405802938,0.0225015620579,0.4180691173512,0.4871709083760,0.5209252188956,-0.2746439881112,-0.1995437738358,-0.3702934569140,-0.1107875300222,-0.2961894775140,0.2289406920035,-0.4358281362443,0.4328063856278,-0.1302378113417,0.3517170675547,-0.3657535774849,-0.1089749498185,0.5210662306431,0.3956694228189,-0.2259329834644,-0.1218446019206,0.0897868874892,0.3589653632720,0.4126715607475,0.6090774236576,0.1382361453456,0.4336124793605,0.3735841923133,0.7966935544857,0.0451038925408,-0.1485688336510,0.2935663858472,0.1588849723945,0.0855602321589,0.1277388433131,0.4911690483209
0.3865953061404,0.0452771583672,0.1560446389381,0.0535496312492,0.7076353472929,-0.1840652400075,-0.0498902496399,0.3193824056732,-0.1634460042788,0.0950888380255,0.3525178109185,-0.2655033899209,0.5127415149055,-0.0218955574429,0.1608981704445,-0.0851661322399,0.3867584626573,0.1595839861620,-0.1006477764060,-0.0283441441132,0.4712608057657,0.5236207092888,0.1618322930610,0.4644563184150,0.3856552621074,-0.1226051930333,-0.0259301905755,0.1084587466193,1.0000000000000,0.3219220098003,0.1758940908036,0.0402156054530,-0.1155992909563,0.2781053850056,-0.0706001663644,0.4215823638287,-0.0173439886475,0.3848640704911,-0.1008190105111,0.6029049935558,-0.2934729790169,-0.1535822547585,0.3166436596228,-0.3195010951515,0.2058091915330,0.2871661745159,-0.3225826667545,0.4817543343554,-0.1554518102910,0.1423695909329,-0.1248125488128,0.4009857580488,0.2750017396726,-0.2685640060136,-0.1342683170202,0.4586095387047,0.5134551237531,0.1128821459589,0.3512800229468,0.4489390458639,-0.2545475337990,-0.0197431183419,0.2323874653695,0.8565790631887,0.2662418732435,0.1297660479887,0.0554173901560,-0.2960796660390,0.2440218135821,-0.0038905486543
0.5954716728128,0.2935489485371,0.0087747837281,0.3942381068024,0.4406639904222,-0.0096100988535,0.0066663198945,0.1567874521501,0.0304827451996,0.2692195611913,0.0396475785034,0.0855615382751,0.2940937000847,0.2175640391312,0.5751298787098,0.2233367649141,0.1858985166485,0.3952272564777,0.0965504741225,0.3801854564777,0.3498275753891,0.3535534415058,0.3214955856247,0.3092465349938,0.3712434353316,0.2125931109313,0.1633026935888,0.1596167496210,0.3219220098003,1.0000000000000,0.3854622118919,0.1707864899844,-0.0094264931701,0.7243058906198,0.4852770512726,0.5326869876968,0.2930047448371,-0.0431558078882,0.2365423308257,0.3068751923502,0.0243337492558,-0.0788445791583,0.0390780069759,-0.2275084948682,0.2068416789299,0.0037268878556,-0.0241276080841,0.2611682113150,0.0502922885562,0.2024709632806,0.1249567184620,0.1696450042711,0.2957196026871,-0.1391668021363,0.1606874265878,0.3017216166510,0.3465288635044,0.2640435941119,0.1737409180183,0.2581795249910,0.1761862774301,-0.0467637715247,0.0433089029290,0.2593110368563,0.7630612840492,0.3291658897744,0.0675317300135,0.1843192478615,0.6448235926456,0.4835817189156
0.3477977656763,0.5065644069448,0.4680770048211,0.5720264299941,0.0078229863170,0.1028109014696,-0.1437453030680,0.6477272127520,0.2445549473219,0.2779248294363,-0.2317087114709,0.2996251117004,-0.1406238178372,0.2044587459971,0.0905283605428,0.2775118127013,0.0949839177275,0.5860031716191,0.1096839954796,0.5921382426767,0.2091648337012,0.1452850174809,0.5053022755320,0.1197177777602,0.5056571931495,0.4750700162389,0.5925618969335,0.3483758299840,0.1758940908036,0.3854622118919,1.0000000000000,0.2120442612349,-0.1252351506963,0.4738394715021,0.6368412344609,0.0726556878823,0.4555891695632,0.0643968510905,0.4506824976464,-0.2496776513577,0.0222380482601,-0.3151314048213,0.2048639293093,-0.0707760577609,0.0070524650666,-0.2791137511346,0.1545959264898,-0.2043233415222,-0.0446972361883,-0.2285621588206,0.0999892326205,0.0254530668522,0.3017470864421,-0.2236773311645,0.1317128759740,0.0238082276433,-0.0533517013130,0.3579578647651,0.0127189209007,0.1194062813733,0.4700618440373,0.3477708426299,-0.0057656530951,0.0156817027014,0.1861137375030,0.6721890419468,0.0244124413883,0.0551928358300,0.3375131184398,0.6084016308584
0.0086912697399,-0.0205000421064,-0.0323070597598,0.1415978554180,0.0078271560520,0.0411234035649,0.2457506221361,0.3843169196629,0.2061394461214,0.0873209128344,0.3946087620583,0.3263712913780,0.0955189229528,0.2422030465209,0.3455616678547,0.2184876928208,-0.2112180693027,-0.0234692127576,0.1324612004159,0.2045021380949,-0.0085900626301,-0.2193631257918,-0.0075699438956,-0.2010720434537,0.1404463733161,0.0960989148121,0.3670909588698,-0.0072183733570,0.0402156054530,0.1707864899844,0.2120442612349,1.0000000000000,0.4630148454165,0.0388611810825,0.0116460420519,-0.0253645385778,-0.0591554311514,-0.1170812442743,-0.0153250398732,0.0895027321053,-0.0094567729523,0.2057126382511,0.1401716469890,0.1288903367736,-0.0223491282935,0.3474905672100,0.0984756222217,0.0784614168404,0.1183622600020,0.1968949703065,0.0001788980432,-0.2450431232765,-0.2527291914002,-0.2652499981317,-0.1497824301974,0.0203976944305,-0.2125937987384,-0.1285571022363,-0.2626389191684,-0.0043930492858,0.0569115818387,0.1279647662035,-0.1470663113935,0.1486109806823,-0.0873563609669,-0.1295635355752,0.5974509811693,0.4224222206650,-0.0765215986582,-0.0171900417183
-0.1561893564552,-0.1712030664050,-0.2126619150471,0.0087794057805,-0.1222918162236,0.4057530720048,0.4814243262426,-0.0373688499840,0.3677855314832,-0.1653407081689,0.4211316906460,0.2170487097642,-0.0021262296426,-0.0305738419401,0.2250696109816,0.3043215544622,-0.2382508458724,-0.2957023566449,0.0964853563535,-0.0165602021825,-0.2036584633243,-0.2411386876933,-0.1245376532445,-0.2327769103586,-0.0994887023476,-0.1203086214626,0.1178413542546,-0.1867954673187,-0.1155992909563,-0.0094264931701,-0.1252351506963,0.4630148454165,1.0000000000000,-0.1194823563700,-0.1079853012239,-0.1222891556499,-0.1880198049690,-0.1974303255957,-0.1233052641782,0.0319604122589,0.2257986223772,0.4913804123404,-0.1116363030966,0.4360865287955,-0.2380779083647,0.3862932296776,-0.0037044199041,0.0141108635172,0.0208239095564,0.2926557786623,0.1844134136236,-0.2526120228675,-0.3159571498136,-0.1329286882317,-0.1090425545257,-0.1092881329290,-0.2253571054644,-0.1884313999685,-0.2846936653495,-0.1822285876647,-0.0626759327012,-0.0652333359420,-0.2696658960515,-0.0480281126461,-0.0875501785000,-0.2615310828937,0.2870503820973,0.4499843299531,-0.1870919566028,-0.1034714222862
0.4368416715325,0.4625153409696,0.1170133881261,0.4846828535338,0.4045543818159,-0.0116806668240,-0.1843285167621,0.2147080030967,-0.1216936495673,0.3344110756262,-0.1105752566492,-0.0009643441695,0.2286345175853,0.0758280857369,0.2831623486250,0.3219856649344,0.2379823714674,0.3888632384671,-0.0323877151631,0.2165225193693,0.4881589019106,0.4262378221182,0.5848839952500,0.3416313004432,0.4968752822380,0.2188299824566,0.0485919310489,0.2275602754237,0.2781053850056,0.7243058906198,0.4738394715021,0.0388611810825,-0.1194823563700,1.0000000000000,0.5551190109939,0.4152929586569,0.5703997170904,0.0666210311111,0.3845712687391,0.2095712259475,0.0424099620385,-0.2366417011248,0.1172168615397,-0.3276886567961,0.3055622677790,-0.1385166847836,-0.0998887832077,0.2601788331420,0.0058686662426,-0.0052865634823,0.2761953783121,0.2101399471449,0.3897357073622,-0.1989216383900,0.1520708701560,0.3760394116268,0.4037365843050,0.5724636831113,0.2182955686327,0.4101833750039,0.3043370519545,-0.0202800924812,0.1303398604634,0.2041424947947,0.6685723433146,0.5564158618210,0.0397113555631,0.0281754579909,0.9005125279291,0.6157383560894
