1.0000000000000,0.3369921248151,0.1477481829464,0.6198480206615,0.3979533643931,-0.0677485865996,0.1215131064595,0.3518993321700,0.0288172932068,0.4291731314310,0.0637572846607,0.1877458017381,0.2466054641330,0.0841549055395,0.3715957568045,0.1613166165222,0.2257666515528,0.3851767469317,0.2053768075209,0.3298365051643,0.2486792072823,0.2229507925335,0.4431877378569,0.2481249006754,0.4579972671854,0.3149334905181,0.4292757013293,0.2131269816090,0.1381512715657,0.5069845935783,0.4637378809813,0.2325714480519,0.0550154074774,0.4667250057010,0.4559301021880,0.6503958288803,0.2949248115819,-0.0211812050304,0.3824383946727,0.2343159542182,0.0271424503501,0.2037252900971,0.2846103101568,-0.2049187042928,0.3081294445060,-0.0347660999596,0.0605030790595,0.2298303518936,0.0059913072918,0.2865545934431,0.1179075121014,0.1878083816296,0.2623091005829,-0.0463792837832,0.2346650185847,0.1276841128179,0.1527924732584,0.3780371515233,0.1580786472344,0.3826787633847,0.2289927192167,0.1458596409229,0.0797554054794,0.0663740046709,0.4219562361067,0.3384971587925,0.2193809569106,0.1152489902402,0.3502926645927,0.4163132738488
0.3369921248151,1.0000000000000,0.3177484337124,0.6345904045942,0.2796133985161,-0.4202870557003,-0.1593786331217,0.1448850515984,-0.3733123912108,0.1642484797304,0.0862558289157,-0.0177966867860,0.4213446521316,-0.1419826378056,-0.2239138211278,-0.0907489730379,0.0418710162302,0.5954115469476,0.0576249497896,0.4338325413891,0.4304149186396,0.2738103115610,0.6157208764886,0.4498117384394,0.3367273353563,0.4863686900764,0.3177041782498,0.4799046932671,0.3168073792932,0.1259831430038,0.4201286444219,-0.1639785631493,-0.3238032779604,0.4115654163561,0.4510851696233,0.2183494306360,0.7910769278193,0.3570903424071,0.7328494354088,0.3156953403160,-0.3393432816573,-0.2691943170307,0.2211884489814,-0.3728251666067,0.1523836939215,0.1436581563344,0.0879440743045,0.2952881276691,-0.0989278097980,-0.1631212695490,-0.0034365649140,0.0623876380976,0.6149262407356,0.2384857496096,0.5845990755368,0.4001300092122,0.1745165674488,0.6014465061530,0.3766464314774,0.2378870873398,0.4074614765274,0.4376996715869,0.5036265308274,0.2418781083864,0.0905524987246,0.4374390052183,-0.0702248151032,-0.1260602322460,0.2835971527381,0.5130764926665
0.1477481829464,0.3177484337124,1.0000000000000,0.2497452138701,0.0830293856280,-0.2556133449500,-0.1111649323327,0.0137021704117,-0.0893413562909,0.0967959851436,-0.1436196620752,0.0666336075615,0.3394190625429,0.2089238700703,-0.2397513117988,0.0156553282269,0.4686977750892,0.5371031899386,0.1812327451374,0.3708657356150,0.3735618523421,0.2239907469368,0.1190850308141,0.6840598063470,0.1503517311474,0.1782894596360,0.1235982151671,0.7479835308501,0.3069035969765,0.0546551618995,0.2714569331147,-0.3971184694437,-0.1137797890543,0.0905423218132,0.1821923625304,0.1612026434037,0.2551400763466,0.7698144212126,0.3610259335363,0.0858169479334,-0.0699780366836,-0.0635629604756,0.1268956033618,-0.1027836214883,0.2267202910077,0.0404119357733,0.3299961172672,0.1720453651264,0.0344620881579,-0.2815613846920,0.0145297671152,0.3977723808643,0.4578592113679,0.2487958201739,0.4596631381674,0.3309579308518,0.1722235401866,0.1672655332839,0.5344105873790,0.1107912629552,0.1310389895991,0.4766218333611,0.6314605714383,0.1790514521725,0.0937586677458,0.2927200271464,-0.4048714193318,-0.1269015749571,0.0213578414332,0.2447909808721
0.6198480206615,0.6345904045942,0.2497452138701,1.0000000000000,0.4235309027446,-0.2287027255756,0.1611130722714,0.4345517037134,-0.0698780162284,0.5179891128971,0.1481235015025,0.1831290865063,0.4634637505557,0.0701181653128,0.1865520910922,0.2752682737968,0.0820336872624,0.3653138167815,0.1919041753497,0.4567391219495,0.4845555623738,0.0813987720837,0.6782213790620,0.2596246567211,0.5941253823747,0.5454093482626,0.4392761038880,0.3513741764386,0.3178972714953,0.3242509817902,0.4939206797850,0.1677189622933,-0.1153592895512,0.3934504780961,0.5180987615692,0.3156032893685,0.4974435611648,0.1587867618613,0.7425142594903,0.3625488190548,-0.1021842019708,0.1555576271595,0.4055283294191,-0.2172262331048,0.4689395003832,0.0896601915984,0.1405620253467,0.3526612660982,0.0386659904173,0.1897819640984,0.2135816886247,-0.0084031811697,0.3999432654443,0.0906805505298,0.4372873056428,0.3592397321053,-0.0421020186838,0.5585584365791,0.1406861981347,0.4937677054860,0.4644416148970,0.1617446035668,0.2127608759957,0.1707871458399,0.1969448402194,0.3725555179193,0.1998625836708,0.0569003906278,0.1856091352276,0.5238813466168
0.3979533643931,0.2796133985161,0.0830293856280,0.4235309027446,1.0000000000000,-0.1643470487055,0.2987877318238,0.4391616375046,-0.0878528387433,0.5270958085950,0.3438817566807,-0.0443546728570,0.6326793875506,-0.0118019963483,0.0727023518256,0.1240569156707,0.0375821086298,0.1875260148013,0.0464702243409,0.1613772269162,0.6273776136956,0.1488618608326,0.4207608618894,0.1323393234165,0.4653099743917,0.2103208935363,0.2866918429097,0.0007147086448,0.5424312548611,0.2349468294935,0.3637342021217,0.1463072849160,-0.0849279641349,0.2887979749979,0.2880396433506,0.3390372861887,0.2079041553074,-0.0631061890570,0.3676756755708,0.9074434969791,-0.0749298633683,0.1731583722729,0.3740174774018,-0.1800557159867,0.4621542396012,0.2398480235689,-0.0870159716239,0.6645486384738,-0.0264982926714,0.1626393200158,0.2181612730806,-0.0040813656304,0.2237102949757,-0.0508339658815,0.2140699771901,0.5558956203175,0.0649904869232,0.3790326114035,0.0978129764218,0.6168716242626,0.1723791602503,0.0741360202340,-0.0490748399622,0.4619091491489,0.1930557134012,0.2368207386011,0.0817891637521,-0.0761499724363,0.2971581817089,0.2538315425463
-0.0677485865996,-0.4202870557003,-0.2556133449500,-0.2287027255756,-0.1643470487055,1.0000000000000,0.3606190935097,-0.2624247392421,0.8683820519452,-0.2578441534926,0.0030403801699,0.2614423915674,-0.3935412142331,0.3091392212709,0.6357620634395,0.6253694713682,-0.1966868096062,-0.4113369385795,-0.0964105669423,-0.3549610001762,-0.3697015037265,-0.3697357338338,-0.3750278665400,-0.4602616016410,-0.2808320986850,-0.0167259667444,-0.0892731238991,-0.2696584275071,-0.3144888142852,0.1193621715924,-0.3754621982594,0.1809216007522,0.7324580719876,-0.0837880048112,-0.1111740887113,-0.3629179641896,-0.3329736572756,-0.3753440341665,-0.2202772105740,-0.1781011354523,0.8056169422611,0.4482241764836,-0.3630252415601,0.7034908307201,-0.3900706072305,-0.1935370568571,0.1454206410476,-0.3394242808576,0.1957766010715,0.4347070787439,0.4784743056226,-0.2161650013421,-0.5043134204204,-0.1851058254406,-0.5362266070659,-0.3893623015043,-0.3575724717745,-0.4066986348868,-0.4649045742844,-0.2093142939442,-0.0759330466751,-0.2698443758908,-0.3935755570833,-0.3535856891207,-0.0148458832302,-0.4477183072061,0.1018829386966,0.6598197877087,-0.2353335359827,-0.0977362477302
0.1215131064595,-0.1593786331217,-0.1111649323327,0.1611130722714,0.2987877318238,0.3606190935097,1.0000000000000,0.0122898546575,0.6093051280897,0.1718283423974,0.5802879062489,-0.1366266701744,0.3548048972428,0.0530081998443,0.4302561593323,0.5748169181967,-0.4022347485521,-0.1817601455655,-0.2053162497947,-0.1843456928925,0.3479698406032,-0.3247675661934,-0.0679950872272,-0.4031327480273,0.0051929491929,0.0559266987836,0.1048817190036,-0.1777522445307,0.0058307260061,0.0466876702489,-0.1434370057426,0.0491070836049,0.1896099688829,-0.0782349045719,0.0020534013700,-0.0455457818428,-0.1871113055674,-0.2443104948119,0.1489351647372,0.2617700155259,0.4209651975836,0.8311496161483,0.0140639342977,0.5829741337111,0.1172097823347,0.5194116127850,-0.1297167344575,0.5012188667977,-0.0789829504359,0.4571569160917,0.5300922657853,-0.4499739762318,-0.2034304728549,-0.3425341673774,-0.1621338885348,0.3158393746310,-0.3935540914798,-0.1122662623674,-0.4672335605553,0.1913127407701,-0.0427042305510,-0.0840011000116,-0.3131414202059,-0.1681551887804,-0.1270187566035,-0.2694497043747,-0.0661987430402,0.2917488895898,-0.1078650026586,-0.0189403663914
0.3518993321700,0.1448850515984,0.0137021704117,0.4345517037134,0.4391616375046,-0.2624247392421,0.0122898546575,1.0000000000000,-0.2303946149732,0.4706482373306,0.0762168407968,0.0764693674643,0.1859147743617,-0.0944061398120,0.1163834668101,-0.0430348128161,0.1807131072656,0.0728156912067,0.1453644921797,0.1943919379208,0.2308079232020,0.1239215059011,0.3746229896153,0.0766613352080,0.7081978708316,0.1987007292817,0.3551964411337,-0.0625709953326,0.4376317376700,0.1223243738214,0.5553147385912,0.3653730429677,-0.1853826820492,0.1319448991373,0.1074729202552,0.2426927227478,0.1081274063932,-0.1577400024538,0.1586691760662,0.3868786176965,-0.2680558270094,0.0012291546499,0.7225070176180,-0.4416344884567,0.4196765051470,-0.0475814620802,-0.1551485346456,0.2028778447943,-0.0022882388086,0.0298871629689,-0.0541472926633,0.0692653755004,0.1122530316630,-0.1647395776952,0.0833687011203,0.1243469912454,0.0004833089454,0.2484562577113,0.0192335737236,0.6009063611511,0.2179600370595,-0.1102395493855,-0.1294078265053,0.4425229274384,0.0147752857011,0.2973389798262,0.3357718153942,-0.1425347542654,0.1085860395722,-0.0056906184373
0.0288172932068,-0.3733123912108,-0.0893413562909,-0.0698780162284,-0.0878528387433,0.8683820519452,0.6093051280897,-0.2303946149732,1.0000000000000,-0.1645602120401,0.1472398091713,0.2037505571500,-0.2568982310052,0.3788271022603,0.6769693358845,0.7191836628052,-0.2016705842551,-0.3358912134639,-0.0803444675884,-0.2518564993655,-0.2162835313379,-0.3971116179630,-0.3797655847248,-0.4128864788980,-0.2481582868218,0.0993395745455,-0.0184888168812,-0.1442239502528,-0.2842574052100,0.1342599830735,-0.3289825156702,0.0675507556811,0.5811063403942,-0.1019546359529,-0.0864136081574,-0.2675692917989,-0.3279759245466,-0.2613249008734,-0.1038780965501,-0.1506825867791,0.7851220968538,0.6656617967987,-0.2879098840739,0.7689097759998,-0.2641350334093,-0.0092891590283,0.1529129328296,-0.1736968625046,0.1590900023689,0.4977783030842,0.5539262708311,-0.2544844253851,-0.4354219611537,-0.2500906403949,-0.4510375197486,-0.2533464839528,-0.4120117120917,-0.4255181501312,-0.4817104297642,-0.1198661573609,-0.0182453129703,-0.1930884976302,-0.3340783560042,-0.4098770114979,-0.0544163031495,-0.4403633094617,-0.0358712997830,0.5384771055768,-0.2766544740003,-0.0510345551296
0.4291731314310,0.1642484797304,0.0967959851436,0.5179891128971,0.5270958085950,-0.2578441534926,0.1718283423974,0.4706482373306,-0.1645602120401,1.0000000000000,0.1447574223820,0.0679812349040,0.4355223985767,0.1835172432800,0.1325076110173,0.2054809652212,0.1086349431760,0.1105304658310,0.1493192172564,0.1380789922389,0.4337982005309,0.0579610090883,0.5006850191019,0.0830406720228,0.6975343837516,0.3037281065351,0.2664259393306,0.1475423559932,0.1789544827795,0.2138714076505,0.3007405670906,0.3134727592691,-0.1945507303951,0.2905160196796,0.2088810220292,0.2929734972459,-0.0284298220103,-0.0098443913147,0.3411747162751,0.4412799576055,-0.0940891886988,0.1814639904864,0.3780981176893,-0.2736655169482,0.8406007586340,0.0889524965854,-0.0169528285280,0.4744475667271,0.1777503769486,0.1716381864556,0.0958703653110,0.0419768853734,0.0275664565132,0.0158589353602,0.1557889600500,0.3106625281199,0.0066711298963,0.3850771848660,0.0111956670387,0.5924819780495,0.2624257645196,-0.0761070479015,0.0418758048989,0.1262182740791,0.2691535032269,0.1131416673364,0.2786306143085,-0.1464863582664,0.3334400746081,0.1731518086421
0.0637572846607,0.0862558289157,-0.1436196620752,0.1481235015025,0.3438817566807,0.0030403801699,0.5802879062489,0.0762168407968,0.1472398091713,0.1447574223820,1.0000000000000,-0.4089912731885,0.4357648462341,-0.1981514935889,0.1394302991758,0.3116678108997,-0.4346762468721,0.0633952305231,-0.2373226009757,-0.1276434347924,0.4259176441365,-0.0940341421086,0.1702298209251,-0.2255926662938,0.0989740304297,-0.0737641773157,0.0919078585213,-0.2030300735280,0.1946219504493,0.0898146356507,0.0177714697779,-0.0423354561513,-0.2021473176822,0.1914490124361,0.1489065740167,0.0136906235781,0.0067161443312,-0.1455737825810,0.2501823122674,0.4351095277697,0.1661367715236,0.3100264025400,0.1293696884468,0.3028074481919,0.0835078393632,0.8651781427535,-0.3308911325727,0.5354771598855,-0.2404261883673,0.2869209945642,0.4034547267552,-0.3957515818912,0.0260009726603,-0.1831719092098,0.0182421751113,0.4795979662525,-0.1476784809822,0.1098547208974,-0.1981018883423,0.2298966790602,-0.0723819438381,-0.0957225089255,-0.1637755567142,0.0874761173626,0.0015045533295,-0.0494673015201,-0.0569169532965,-0.0872723089192,0.1654263491867,0.1674232811293
0.1877458017381,-0.0177966867860,0.0666336075615,0.1831290865063,-0.0443546728570,0.2614423915674,-0.1366266701744,0.0764693674643,0.2037505571500,0.0679812349040,-0.4089912731885,1.0000000000000,-0.1958695165497,0.6186845863534,0.3404136076469,0.2291322660189,0.1800336743930,0.0500680107896,0.6375937065385,0.3759906390305,-0.1800290364408,-0.1900581094884,-0.0698979609923,-0.0307755445939,-0.0220753573769,0.2432210301814,0.1845381006439,0.1489339043930,-0.1831169340276,0.3047378306801,-0.0678725935228,0.4370623945594,0.4034677483905,0.0639036733662,0.2043086009475,0.0533954595586,-0.0816171729312,-0.0762594513400,0.0488838919113,-0.1678789124332,0.2583086758878,0.0601240819868,-0.1446443323939,0.0015465272545,0.0150407432239,-0.5014383033927,0.7506625525104,-0.2609101721162,0.6623072119417,0.1330012227283,0.0899062108519,0.0622086159452,-0.0961013314467,0.4407757452233,0.0586341432551,-0.3274197933645,-0.1929479085230,-0.1467142657151,-0.1411228759943,-0.1628998453853,0.1988566049605,0.0178064407882,-0.0490939750338,-0.1641475143900,0.2509172146797,-0.1614454340469,0.3122291876070,0.2646582767271,-0.0334001841308,0.2046930675085
0.2466054641330,0.4213446521316,0.3394190625429,0.4634637505557,0.6326793875506,-0.3935412142331,0.3548048972428,0.1859147743617,-0.2568982310052,0.4355223985767,0.4357648462341,-0.1958695165497,1.0000000000000,-0.0753905445542,-0.1726206471098,0.1029206225027,-0.1187387186272,0.3526804359612,-0.0326806496346,0.2507443906189,0.9053510932387,0.0610739737289,0.4179201451780,0.1927196665109,0.3338441672236,0.1802699380871,0.1744922227629,0.2727184772673,0.4943776755176,0.0400463839136,0.2897280255192,-0.1686986232025,-0.2647228829634,0.1424042996965,0.2906938425658,0.2404067302914,0.3056040896311,0.3045106201159,0.5853617226022,0.7213111971413,-0.1665110137702,0.1287013717280,0.3194282402498,-0.0464872756486,0.5526439478646,0.5626981215182,0.0139960628891,0.9076459894436,-0.0822902190432,0.0182986015598,0.1751417773140,-0.1614627854981,0.3809635891575,0.1163005422374,0.4838156579264,0.8760506486411,-0.0381705617457,0.4172849552056,0.1389104550337,0.3801659713190,0.1420380182041,0.3459030556589,0.2442786754986,0.3915991145285,0.0383369607028,0.2690930569978,-0.1789267725324,-0.1319294311614,0.1642130049316,0.3046783970282
0.0841549055395,-0.1419826378056,0.2089238700703,0.0701181653128,-0.0118019963483,0.3091392212709,0.0530081998443,-0.0944061398120,0.3788271022603,0.1835172432800,-0.1981514935889,0.6186845863534,-0.0753905445542,1.0000000000000,0.3961732451023,0.3198543665639,0.2406675035469,-0.1122451591506,0.2965299700472,0.0830604979007,-0.0732268149728,-0.1280816577597,-0.2015030431772,-0.0045951136395,-0.0134625853249,0.3685778975472,-0.0617582692751,0.2417492439175,-0.2493033544596,0.3147222451669,-0.1951363303346,0.1634828281710,0.4507395965587,0.0853477155614,0.1285547990923,0.0043568993082,-0.2221178977450,0.0961072227708,0.0500365975884,-0.1045779029567,0.4745696719311,0.2394407443662,-0.2358001771925,0.2610725090269,0.1736724852982,-0.2310550051187,0.6838394692626,-0.1008654393246,0.8039805204825,0.1884991286507,0.1427009359233,0.1243061736713,-0.2770477223832,0.2285676679396,-0.1365480457148,-0.1626705969416,-0.1058303993120,-0.2339517210339,-0.1260337325359,-0.1086994141212,0.2298938297728,-0.0546232235030,0.0225623379315,-0.2909240789847,0.3414562642852,-0.2492039026584,-0.0415952855403,0.2468121533028,0.0121672754301,0.1765950796066
0.3715957568045,-0.2239138211278,-0.2397513117988,0.1865520910922,0.0727023518256,0.6357620634395,0.4302561593323,0.1163834668101,0.6769693358845,0.1325076110173,0.1394302991758,0.3404136076469,-0.1726206471098,0.3961732451023,1.0000000000000,0.6107176699060,-0.1164903353243,-0.2468570369940,0.0898682862265,-0.0687083514073,-0.1857085278261,-0.2492058632640,-0.0527812456544,-0.3987872123172,0.1032266910083,0.2882539416502,0.1846259240011,-0.1829477080836,-0.2404725139581,0.4499481510023,-0.1115447653440,0.4315528285307,0.5142945133028,0.1632703617154,0.1798909140654,-0.0172080092769,-0.1998350634552,-0.3984290200753,0.0666299253825,-0.0108724703244,0.6414153887947,0.4893054611853,-0.0801351126797,0.4697329581576,0.0002810730232,-0.1365237651982,0.0916352888946,-0.1056654897979,0.2936644276569,0.6445383198714,0.4395275667981,-0.1755839236848,-0.4037823479532,-0.2283914526693,-0.3865734504330,-0.2577359248125,-0.2982551611897,-0.1629887731980,-0.4564488664766,0.1041335088502,0.2098762623707,-0.2804220156230,-0.3412159648584,-0.3080159195819,0.2264417156879,-0.2780249712684,0.2940327248275,0.5452620066908,0.0209354249292,0.1222939044494
0.1613166165222,-0.0907489730379,0.0156553282269,0.2752682737968,0.1240569156707,0.6253694713682,0.5748169181967,-0.0430348128161,0.7191836628052,0.2054809652212,0.3116678108997,0.2291322660189,0.1029206225027,0.3198543665639,0.6107176699060,1.0000000000000,-0.1806190258517,-0.1491055135517,-0.0058114994601,-0.1061454458179,0.0849842230253,-0.3412622884075,-0.0048547298247,-0.2762637765690,0.0956016958234,0.2354603106654,0.0836145815787,-0.0150232167737,-0.0387138169767,0.3359751655185,-0.1199355108123,0.1156609171907,0.4071266110513,0.1146857445978,0.1488567121559,-0.2253748454635,-0.1355176345224,-0.1121001395486,0.2375881755900,0.1411384183994,0.6754703900842,0.5504604735989,-0.0338698725668,0.5774597797060,0.0814825636828,0.1325813338987,0.1914831899850,0.0872890496467,0.1730855190638,0.4996386770014,0.7711007191314,-0.2418513281860,-0.2506099040826,-0.1033508919636,-0.1844826268880,0.0249933454707,-0.3739548836645,-0.1101230116557,-0.3248204915963,0.1496541624896,0.1753936312190,-0.1613953973227,-0.1782886003236,-0.2066731628284,0.1530386832036,-0.2430831808723,0.0859969744053,0.4779725986375,-0.1002664486175,0.2322530790308
0.2257666515528,0.0418710162302,0.4686977750892,0.0820336872624,0.0375821086298,-0.1966868096062,-0.4022347485521,0.1807131072656,-0.2016705842551,0.1086349431760,-0.4346762468721,0.1800336743930,-0.1187387186272,0.2406675035469,-0.1164903353243,-0.1806190258517,1.0000000000000,0.1864002983780,0.1676137666851,0.1548854669808,-0.0757728337524,0.6101492667348,0.1900169465828,0.7183734698478,0.3065059238883,0.0543962921492,0.0089269787232,0.4063448795992,0.2558294859122,0.2952746933178,0.4013246899596,-0.0410546565289,0.0204440114658,0.1948374468965,0.1401422944342,0.3035899023621,0.0999661275830,0.3979644727484,-0.0338316512148,-0.0722570226571,-0.2079785055414,-0.2866557837076,0.1301735020412,-0.3843409777355,0.1310125997844,-0.3969804327272,0.1708303530099,-0.1929816134114,0.1429210174695,-0.2910560401789,-0.3001375004563,0.9331532179547,0.1623794913207,0.0322115180960,0.0912361382195,-0.1269129569416,0.6126602317006,0.2401594702967,0.6844357258007,0.2373442236699,0.0646000789839,0.0722543231532,0.3443121139815,0.2706086924115,0.3641267754100,0.4350111420781,-0.1001608961267,-0.1412179644235,0.2250753361955,0.1257028166944
0.3851767469317,0.5954115469476,0.5371031899386,0.3653138167815,0.1875260148013,-0.4113369385795,-0.1817601455655,0.0728156912067,-0.3358912134639,0.1105304658310,0.0633952305231,0.0500680107896,0.3526804359612,-0.1122451591506,-0.2468570369940,-0.1491055135517,0.1864002983780,1.0000000000000,0.2589982904527,0.7048829238576,0.3547092565650,0.2405929772778,0.3534198955577,0.5606530694837,0.1317927050776,0.1179680846562,0.2994134565531,0.4006809469600,0.2356824119006,0.2744326199269,0.4388237129688,-0.1828561000590,-0.3186555171557,0.4858829438099,0.5563520607221,0.4379108055293,0.4790031819494,0.3511527494038,0.3961805607232,0.1758353272595,-0.2284268510859,-0.1522329337744,0.0933854191348,-0.3282063078487,0.0553043377787,0.1247218279097,0.1166182287890,0.2533482399719,-0.2096900611607,-0.2319291217551,-0.0199153016485,0.1748218179739,0.7781811583025,0.3136980422133,0.6745215751010,0.2915955422834,0.1529493299880,0.3711051817312,0.4176284555961,0.0570616699876,-0.0123758223034,0.4644531857073,0.3213198738956,0.1701711961460,0.2712429304657,0.4089120302312,-0.1801928018993,-0.2021014181868,0.3938401561708,0.5611866162675
0.2053768075209,0.0576249497896,0.1812327451374,0.1919041753497,0.0464702243409,-0.0964105669423,-0.2053162497947,0.1453644921797,-0.0803444675884,0.1493192172564,-0.2373226009757,0.6375937065385,-0.0326806496346,0.2965299700472,0.0898682862265,-0.0058114994601,0.1676137666851,0.2589982904527,1.0000000000000,0.5566894360688,-0.0622239554152,-0.1168506896011,0.0284969619665,0.0871274167953,0.0607527573018,0.1005600830499,0.4158963394992,0.2492282642796,-0.0410762049879,0.2116400991164,0.0812225779160,0.4971705101808,0.0096410945513,0.0715177439605,0.1948517325480,0.1852703835555,-0.1049713077002,0.0093592788749,0.0340724203368,-0.0666137687445,0.0095252849266,-0.0959928822322,-0.0311571475219,-0.2242103739893,0.1234777483268,-0.2940468768304,0.4077033439417,-0.0581201862052,0.1863465965478,0.0053444364405,-0.0543754502667,0.0569512567434,0.1147335019334,0.6620606672054,0.2880609029041,-0.1426363219831,-0.1202173609774,-0.0760026037407,0.0053198578880,-0.0582390800419,-0.0324851960618,0.0708070356215,0.0176184125203,-0.0069207064653,0.2094265243152,-0.0166508044448,0.4580001142184,-0.2166283697063,0.0370984140748,0.2169233675291
0.3298365051643,0.4338325413891,0.3708657356150,0.4567391219495,0.1613772269162,-0.3549610001762,-0.1843456928925,0.1943919379208,-0.2518564993655,0.1380789922389,-0.1276434347924,0.3759906390305,0.2507443906189,0.0830604979007,-0.0687083514073,-0.1061454458179,0.1548854669808,0.7048829238576,0.5566894360688,1.0000000000000,0.2759436305910,0.0500857886819,0.2982296398148,0.3031401313202,0.1464166629076,0.2917203725192,0.4398220015716,0.3655719240171,0.1583824430103,0.2294152236099,0.3899906487079,0.0348264953654,-0.2233021543616,0.2665658987868,0.5794753808776,0.3825071585187,0.3275852798278,0.1764658336082,0.3467696416198,0.1097388193912,-0.1740615853690,-0.0761564183901,0.0935980094897,-0.3003601247072,0.1214826286526,-0.1131478397188,0.2620980240917,0.1691798284498,0.0281434000956,-0.0734201293352,-0.0196218584592,0.0325440329295,0.6039798284572,0.4348396252359,0.6849170898407,0.1843852984040,-0.0448776612784,0.2265829648174,0.1798582497314,0.0571251036779,0.1500392939824,0.4030099373421,0.1803583281324,0.0656202678772,0.1943477865254,0.2790138255714,0.0204206003136,-0.1627663981806,0.1692987937319,0.5691593211682
0.2486792072823,0.4304149186396,0.3735618523421,0.4845555623738,0.6273776136956,-0.3697015037265,0.3479698406032,0.2308079232020,-0.2162835313379,0.4337982005309,0.4259176441365,-0.1800290364408,0.9053510932387,-0.0732268149728,-0.1857085278261,0.0849842230253,-0.0757728337524,0.3547092565650,-0.0622239554152,0.2759436305910,1.0000000000000,0.0681138564109,0.4402968734221,0.2367637745581,0.3675693582853,0.2449322241058,0.1899253875524,0.3381075917229,0.5270869992372,-0.0588711565579,0.3465577869431,-0.2141063252605,-0.2281551712178,0.1725499347250,0.3332942312875,0.2322362700199,0.3465823755747,0.3572443612526,0.6195589748284,0.6934650169269,-0.1836163892512,0.1542589972392,0.3705011965345,-0.0975769818093,0.5231092580963,0.5320190960778,-0.0048253729487,0.8358185985304,-0.0805628025236,-0.0247514575410,0.1842882295028,-0.1309803316010,0.4307820952464,0.0654741507473,0.5058204593268,0.9461756190828,-0.0295413109716,0.4337490840725,0.2111148994694,0.4562488278230,0.2154864179186,0.3833108120943,0.3086949529136,0.3714412719468,-0.0496556468267,0.3178403515160,-0.1835698601792,-0.1228130196117,0.1048352043381,0.3343572003316
0.2229507925335,0.2738103115610,0.2239907469368,0.0813987720837,0.1488618608326,-0.3697357338338,-0.3247675661934,0.1239215059011,-0.3971116179630,0.0579610090883,-0.0940341421086,-0.1900581094884,0.0610739737289,-0.1280816577597,-0.2492058632640,-0.3412622884075,0.6101492667348,0.2405929772778,-0.1168506896011,0.0500857886819,0.0681138564109,1.0000000000000,0.3817736034158,0.7020901662524,0.2892087330746,-0.0501316316728,-0.0227564402963,0.2396730287011,0.3584793459594,0.2959627711442,0.5122837421272,-0.1654603604416,-0.2205121346964,0.3345558127195,0.1879300237275,0.3670253180203,0.3256592225908,0.2555799750431,0.0918917260600,0.1244347641262,-0.3918664448315,-0.3508079662785,0.1166673955422,-0.3539421659398,0.0336840155844,-0.0265879475281,-0.0947088543352,0.0488983066799,-0.1263083840078,-0.1664218969931,-0.3103318404339,0.6952971266229,0.2974532582749,-0.0760453840092,0.1689018837121,0.1064150741666,0.9203371335722,0.4729072845946,0.7377122248451,0.2728503256638,-0.0046360212164,0.1093738726885,0.3420838248988,0.4325986241908,0.4148309258521,0.6274149668018,-0.1324001605141,-0.1949347722044,0.5232869534361,0.1932500387465
0.4431877378569,0.6157208764886,0.1190850308141,0.6782213790620,0.4207608618894,-0.3750278665400,-0.0679950872272,0.3746229896153,-0.3797655847248,0.5006850191019,0.1702298209251,-0.0698979609923,0.4179201451780,-0.2015030431772,-0.0527812456544,-0.0048547298247,0.1900169465828,0.3534198955577,0.0284969619665,0.2982296398148,0.4402968734221,0.3817736034158,1.0000000000000,0.3667127438448,0.6404555195902,0.3110827024871,0.3471348723645,0.2397171329404,0.4537375561776,0.1935952505518,0.5765370081306,0.1308093684490,-0.3281924928281,0.4242733659519,0.4462475653829,0.3142591267988,0.5774309569284,0.1736589398554,0.6024698371032,0.4308250168833,-0.3080723341898,-0.1838375601129,0.3709915005194,-0.3563215240901,0.4348627588030,0.1318810048116,-0.1451049664575,0.3501136806017,-0.1099052568641,0.0766079970743,-0.0146555200658,0.1823224465440,0.4113359802520,0.0547197974238,0.4256364136410,0.3790402782470,0.2838503363334,0.9170838353749,0.3820886439546,0.5815804877261,0.3506930841353,0.1747680343165,0.2759982173094,0.3888479040458,0.2431548821010,0.5612307612929,0.1699253999752,-0.1220110521386,0.4266300539052,0.4523534075133
0.2481249006754,0.4498117384394,0.6840598063470,0.2596246567211,0.1323393234165,-0.4602616016410,-0.4031327480273,0.0766613352080,-0.4128864788980,0.0830406720228,-0.2255926662938,-0.0307755445939,0.1927196665109,-0.0045951136395,-0.3987872123172,-0.2762637765690,0.7183734698478,0.5606530694837,0.0871274167953,0.3031401313202,0.2367637745581,0.7020901662524,0.3667127438448,1.0000000000000,0.2759862670921,0.0825470925091,0.0265305242017,0.6422896816872,0.4299165117725,0.1949477475674,0.5436707036097,-0.3212317110418,-0.2262652645266,0.3069178618148,0.2761119612032,0.3512783732160,0.4032307015565,0.6465198242468,0.2920032564152,0.1017767634678,-0.3861401563944,-0.3592027934744,0.1505503839145,-0.4582357956495,0.1428090469081,-0.0957494937527,0.1485919124862,0.0467067752692,-0.0873244552028,-0.4350797943547,-0.2462366236225,0.7266564602724,0.5629759064153,0.1670488835895,0.4174426234074,0.2082852393890,0.6271674772740,0.4442268088124,0.8927752618336,0.2078923258900,0.0830655811544,0.3265412437288,0.6503377657566,0.3870332919097,0.2625932223957,0.6022461851539,-0.2829465392921,-0.2530289132981,0.2729064815414,0.3072796424794
0.4579972671854,0.3367273353563,0.1503517311474,0.5941253823747,0.4653099743917,-0.2808320986850,0.0051929491929,0.7081978708316,-0.2481582868218,0.6975343837516,0.0989740304297,-0.0220753573769,0.3338441672236,-0.0134625853249,0.1032266910083,0.0956016958234,0.3065059238883,0.1317927050776,0.0607527573018,0.1464166629076,0.3675693582853,0.2892087330746,0.6404555195902,0.2759862670921,1.0000000000000,0.3555269509253,0.2817579719442,0.2257277669034,0.5391922068691,0.1998545153902,0.5939235749770,0.2265094564162,-0.2044612820948,0.2699621356688,0.2057925378794,0.2582942186736,0.1972797603690,0.1033345130708,0.4524736967188,0.4611960450366,-0.2336638611524,-0.0569487431136,0.6779124989763,-0.3850329205209,0.6267471572475,0.0540456689838,-0.1060240021015,0.2734337754824,0.0299610638502,0.0862062720533,0.0634996409428,0.2431868837508,0.1449304295009,-0.1101117397805,0.1823051341518,0.2871227504860,0.1941988555791,0.5129389460590,0.2652648857911,0.8371396885820,0.3281067798165,-0.0148071771311,0.2127172910664,0.4638356352251,0.1753671977417,0.4286661926610,0.2948001674744,-0.0981900172067,0.2348129537708,0.1574997757650
0.3149334905181,0.4863686900764,0.1782894596360,0.5454093482626,0.2103208935363,-0.0167259667444,0.0559266987836,0.1987007292817,0.0993395745455,0.3037281065351,-0.0737641773157,0.2432210301814,0.1802699380871,0.3685778975472,0.2882539416502,0.2354603106654,0.0543962921492,0.1179680846562,0.1005600830499,0.2917203725192,0.2449322241058,-0.0501316316728,0.3110827024871,0.0825470925091,0.3555269509253,1.0000000000000,0.2560082898491,0.4110754882489,0.1248933395875,0.0658617979558,0.0863367205059,-0.0021498611269,-0.0470836677413,0.2026959523269,0.3058452114879,0.0027882172533,0.4068475503139,0.1783117363490,0.6695487056774,0.2065101579776,-0.0068296874964,0.0200415149300,0.2012372996274,-0.0807084662415,0.2852905103671,-0.0964396659070,0.2323510629117,0.1014478924639,0.3609180970992,0.1277499145065,0.2064502456834,0.0209618733588,0.0827014574528,0.1033035147909,0.2038470900940,0.1776981980437,-0.0929040903778,0.2081067921513,0.0251843533608,0.2679839336341,0.7957551105667,0.3056854656536,0.3329980077567,0.0044756024342,-0.0298687159719,0.0030067392175,0.1239056729186,0.1104228593508,-0.0132670358808,0.3109137627183
0.4292757013293,0.3177041782498,0.1235982151671,0.4392761038880,0.2866918429097,-0.0892731238991,0.1048817190036,0.3551964411337,-0.0184888168812,0.2664259393306,0.0919078585213,0.1845381006439,0.1744922227629,-0.0617582692751,0.1846259240011,0.0836145815787,0.0089269787232,0.2994134565531,0.4158963394992,0.4398220015716,0.1899253875524,-0.0227564402963,0.3471348723645,0.0265305242017,0.2817579719442,0.2560082898491,1.0000000000000,0.1444273839899,0.0997896261459,0.2037477711283,0.3163240330184,0.3891195428982,-0.1440541887062,0.2049942156883,0.3932477691555,0.2316369004452,0.2171666613873,-0.1054753408046,0.2797894611103,0.1709815636196,-0.0159714475111,0.1248576542025,0.1509434360016,-0.1346373349650,0.1821001847520,-0.0653513423941,-0.1026482421477,0.1757362146685,-0.1167208549706,0.1030973908325,0.0645361090640,-0.0562110978577,0.2409677532590,0.1351375179982,0.2550781506483,0.0996464661909,-0.1310051571521,0.2413535807270,-0.0818821335872,0.2979740802643,0.1511950151498,0.2809920339128,-0.0376181052494,0.0093086836078,0.0865641471680,0.1444863113500,0.3355098535459,-0.1033225557297,0.1244606806809,0.2851571667821
0.2131269816090,0.4799046932671,0.7479835308501,0.3513741764386,0.0007147086448,-0.2696584275071,-0.1777522445307,-0.0625709953326,-0.1442239502528,0.1475423559932,-0.2030300735280,0.1489339043930,0.2727184772673,0.2417492439175,-0.1829477080836,-0.0150232167737,0.4063448795992,0.4006809469600,0.2492282642796,0.3655719240171,0.3381075917229,0.2396730287011,0.2397171329404,0.6422896816872,0.2257277669034,0.4110754882489,0.1444273839899,1.0000000000000,0.1874959372523,-0.0390336905752,0.2131482288087,-0.3409162909211,-0.0763933495647,0.1288613864730,0.2088794020936,0.1377133044735,0.2661835511240,0.7324037361178,0.4975647564192,0.0124042293776,-0.1398950852170,-0.1373347014747,0.0418735042883,-0.1897731155141,0.2513547167502,-0.0205725846986,0.3557892712540,0.1060266165075,0.1206745362220,-0.2685643690425,-0.0288198443830,0.3520666511066,0.3026697191524,0.3106836296308,0.4104428746372,0.3137527240719,0.2031587111000,0.2331239967848,0.5082663933067,0.0869073355290,0.2861477459182,0.4465279881664,0.8253519008182,0.0408134473995,-0.0027535853363,0.2034298054269,-0.2133232695838,-0.1059661108399,-0.0550346325249,0.2775465763740
0.1381512715657,0.3168073792932,0.3069035969765,0.3178972714953,0.5424312548611,-0.3144888142852,0.0058307260061,0.4376317376700,-0.2842574052100,0.1789544827795,0.1946219504493,-0.1831169340276,0.4943776755176,-0.2493033544596,-0.2404725139581,-0.0387138169767,0.2558294859122,0.2356824119006,-0.0410762049879,0.1583824430103,0.5270869992372,0.3584793459594,0.4537375561776,0.4299165117725,0.5391922068691,0.1248933395875,0.0997896261459,0.1874959372523,1.0000000000000,-0.0273928022773,0.5710635767738,-0.1972898673647,-0.2969525005263,0.0209510008240,0.0766964393725,0.1348548198806,0.3113001376222,0.2738284788687,0.4174583658576,0.6761304407199,-0.3494047311762,-0.2146342489844,0.6298608215160,-0.2472986231439,0.2611584340898,0.2723432310490,-0.1078020058157,0.3757521692421,-0.1821260227929,-0.1390309512490,0.0886067445192,0.2517317609838,0.3879676200551,-0.0640501318127,0.3145407212561,0.5313788837267,0.2525471719230,0.4102740834580,0.5064445224232,0.6422593177783,0.1835052363584,0.2506399706721,0.3082493687550,0.9006778384561,-0.0609957314334,0.5397792615453,-0.0440351126807,-0.1611913644395,0.0040492476088,0.0709744589263
0.5069845935783,0.1259831430038,0.0546551618995,0.3242509817902,0.2349468294935,0.1193621715924,0.0466876702489,0.1223243738214,0.1342599830735,0.2138714076505,0.0898146356507,0.3047378306801,0.0400463839136,0.3147222451669,0.4499481510023,0.3359751655185,0.2952746933178,0.2744326199269,0.2116400991164,0.2294152236099,-0.0588711565579,0.2959627711442,0.1935952505518,0.1949477475674,0.1998545153902,0.0658617979558,0.2037477711283,-0.0390336905752,-0.0273928022773,1.0000000000000,0.3035200656357,0.3103202459986,0.2397006467039,0.5784286510917,0.5154479462104,0.3963122137296,0.0808474451993,-0.1413938251785,0.0618577147719,0.1196655101075,0.3086313806774,0.1279464519040,-0.0113178142003,-0.0022776367193,0.0602535790778,-0.1167716053667,0.2092609286966,0.0314011528482,0.1587351158116,0.2802611863766,0.2075529985277,0.2513915697310,0.1200545360533,-0.0345886099692,0.0237668058575,-0.1488158327426,0.2257271965225,0.1662083268284,0.0901497317216,0.1513783043363,0.0098365061110,-0.1545069970418,-0.1905363784078,-0.0117196160589,0.8091006674723,0.2690547871244,0.0891841703214,0.1970116184887,0.5874992806099,0.5207647689715
0.4637378809813,0.4201286444219,0.2714569331147,0.4939206797850,0.3637342021217,-0.3754621982594,-0.1434370057426,0.5553147385912,-0.3289825156702,0.3007405670906,0.0177714697779,-0.0678725935228,0.2897280255192,-0.1951363303346,-0.1115447653440,-0.1199355108123,0.4013246899596,0.4388237129688,0.0812225779160,0.3899906487079,0.3465577869431,0.5122837421272,0.5765370081306,0.5436707036097,0.5939235749770,0.0863367205059,0.3163240330184,0.2131482288087,0.5710635767738,0.3035200656357,1.0000000000000,0.0127983020214,-0.2181237547547,0.3203947570222,0.4116370211891,0.4675842800560,0.3510912587573,0.1213292516466,0.2983089545467,0.3306385707882,-0.3310557808268,-0.1437282223024,0.5136356445346,-0.4178305037440,0.2758372473093,-0.0092562721111,-0.1302727586375,0.2123717805905,-0.2101245082673,-0.0812702331926,-0.1011558490916,0.3244269648824,0.5582272187446,-0.0957487444020,0.3411077373605,0.2587978855092,0.3441088936549,0.5278376699104,0.4886237299678,0.5739177467966,0.0886674635364,0.1621169303206,0.1791335221063,0.5093749588095,0.2364836992541,0.8280623463322,0.0343112224456,-0.1703761921391,0.3039599365666,0.3565398232266
0.2325714480519,-0.1639785631493,-0.3971184694437,0.1677189622933,0.1463072849160,0.1809216007522,0.0491070836049,0.3653730429677,0.0675507556811,0.3134727592691,-0.0423354561513,0.4370623945594,-0.1686986232025,0.1634828281710,0.4315528285307,0.1156609171907,-0.0410546565289,-0.1828561000590,0.4971705101808,0.0348264953654,-0.2141063252605,-0.1654603604416,0.1308093684490,-0.3212317110418,0.2265094564162,-0.0021498611269,0.3891195428982,-0.3409162909211,-0.1972898673647,0.3103202459986,0.0127983020214,1.0000000000000,0.1808321231505,0.2082351967540,0.0748970826081,0.1137907241882,-0.1944054193295,-0.5630508019162,-0.1363366981284,0.0035494054711,0.1635312480614,0.1204684153849,0.0237428361841,-0.0752139736339,0.1287891346054,-0.2978813921163,0.0514360780794,-0.0710840024955,0.1750268124112,0.3333443978073,0.0050934902975,-0.1094043889196,-0.2450238144556,0.1395924024545,-0.1844134233487,-0.3169345462543,-0.1815357621460,0.0037821437711,-0.3478369341929,0.1195733305951,-0.0345737345973,-0.4035285257316,-0.4917179528600,-0.0875305000117,0.2696486473966,-0.1440023700791,0.8007814832044,0.0723052788990,0.2337784545019,0.0237205690825
0.0550154074774,-0.3238032779604,-0.1137797890543,-0.1153592895512,-0.0849279641349,0.7324580719876,0.1896099688829,-0.1853826820492,0.5811063403942,-0.1945507303951,-0.2021473176822,0.4034677483905,-0.2647228829634,0.4507395965587,0.5142945133028,0.4071266110513,0.0204440114658,-0.3186555171557,0.0096410945513,-0.2233021543616,-0.2281551712178,-0.2205121346964,-0.3281924928281,-0.2262652645266,-0.2044612820948,-0.0470836677413,-0.1440541887062,-0.0763933495647,-0.2969525005263,0.2397006467039,-0.2181237547547,0.1808321231505,1.0000000000000,-0.0207395886056,0.0760144380200,-0.1375793635041,-0.2526368915544,-0.2029138826907,-0.2053054749745,-0.1718768224177,0.6639559649020,0.4050109641028,-0.3318719642304,0.4404846026074,-0.2511269646418,-0.3425849009603,0.3336493021653,-0.2838882021820,0.3663095596330,0.2765710782144,0.2786569636822,-0.0696436734000,-0.3631268743250,-0.1390529620359,-0.4119908733725,-0.2901677016018,-0.2080013177795,-0.3099553291574,-0.2643576301990,-0.2065644766663,-0.1037189229194,-0.2087832628084,-0.2648622746579,-0.3413548538731,0.1237514796241,-0.2347404617915,-0.0038430459513,0.7214394527579,-0.1903590560351,0.0347394288988
0.4667250057010,0.4115654163561,0.0905423218132,0.3934504780961,0.2887979749979,-0.0837880048112,-0.0782349045719,0.1319448991373,-0.1019546359529,0.2905160196796,0.1914490124361,0.0639036733662,0.1424042996965,0.0853477155614,0.1632703617154,0.1146857445978,0.1948374468965,0.4858829438099,0.0715177439605,0.2665658987868,0.1725499347250,0.3345558127195,0.4242733659519,0.3069178618148,0.2699621356688,0.2026959523269,0.2049942156883,0.1288613864730,0.0209510008240,0.5784286510917,0.3203947570222,0.2082351967540,-0.0207395886056,1.0000000000000,0.6314303350257,0.3802111885511,0.3755644483905,-0.0148035679982,0.2973093531514,0.2219032588849,0.0437530144940,-0.0262568186034,0.0375534753576,-0.1850249263955,0.0405224462875,0.0517721207736,0.0040109308376,0.1168504584965,-0.0399422637552,0.1121595663049,0.1764373358550,0.2289707397978,0.3517262739916,-0.0100903849989,0.2129394757625,0.1043121962789,0.2944841416440,0.4073590889826,0.2402218158500,0.1730020110516,0.0809545592612,-0.0469974337379,0.0316709521749,0.0208111680635,0.5790484693082,0.3026622820876,0.1456709396444,0.0500144943211,0.7204614609804,0.6532017946394
0.4559301021880,0.4510851696233,0.1821923625304,0.5180987615692,0.2880396433506,-0.1111740887113,0.0020534013700,0.1074729202552,-0.0864136081574,0.2088810220292,0.1489065740167,0.2043086009475,0.2906938425658,0.1285547990923,0.1798909140654,0.1488567121559,0.1401422944342,0.5563520607221,0.1948517325480,0.5794753808776,0.3332942312875,0.1879300237275,0.4462475653829,0.2761119612032,0.2057925378794,0.3058452114879,0.3932477691555,0.2088794020936,0.0766964393725,0.5154479462104,0.4116370211891,0.0748970826081,0.0760144380200,0.6314303350257,1.0000000000000,0.3454605355524,0.4519682413997,0.0606778519749,0.3906070821899,0.2033953092033,0.1103431501580,0.1004979619859,-0.0236539169180,-0.1141637039522,0.0863164253312,0.0089828508892,0.0745716142014,0.2124360490537,0.0265087270091,0.0506442068245,0.1674468772575,0.0792408376417,0.4756491833152,0.0994619406519,0.3793234851094,0.2256384779546,0.0947905518754,0.4175786726256,0.1621453121693,0.1329858754284,0.2042567772440,0.1714561065529,0.0373956545896,-0.0481978148389,0.4356483772699,0.3716494719891,-0.0567803143943,0.1329050912409,0.4073055020313,0.8676065093345
