1.0000000000000,0.3729666852738,0.5443543939914,0.4540299165469,0.4907113411624,0.1656732708212,0.1864040554356,0.4664948192201,0.2630720131432,0.3783478077515,0.2906948944690,0.3841295650184,0.4481094645937,0.2734585469216,0.6708523944954,0.4455134660450,0.4252430730237,0.6397879803873,0.3919522117609,0.6240023077747,0.4158580149574,0.3797250435376,0.3270690667384,0.5256760273547,0.3912968295371,0.4346410671762,0.3950267178873,0.5516647370233,0.4060540220724,0.5274485859838,0.5462459646545,0.1783636403851,-0.2351935856455,0.4796409378565,0.3960563135758,0.4737084416388,-0.0122768352243,-0.1955932748512,0.2035439457344,0.4363489498036,0.0408644738253,0.0580419374567,0.3585611424767,-0.1288770304318,0.2755745112477,0.2501121123384,0.0996854256537,0.2103630401045,0.0027900274433,0.0770377340689,0.3711817452256,0.4039206623092,-0.1517737543250,-0.4554200440210,-0.4046113924606,0.2962949493909,0.2486094017899,0.1361008700982,0.1229427741905,0.4014764934193,0.0373018708936,-0.3064267267394,0.4200252710691,0.2586109051381,-0.1229714050484,0.1234079982557,0.2112388899615,0.1860258031001,0.1753670528391,0.2321658084936
0.3729666852738,1.0000000000000,0.4561031252502,0.8240379498539,0.0010026505569,0.1636531607726,0.4422900232430,0.4083985143279,0.4914286445754,0.3249420717233,0.2216530694422,0.5865931445048,0.2905721750584,0.4420035249265,0.4663699275929,0.6323800874450,0.1609839407828,0.3280366848044,0.3605832024148,0.4305995549597,0.2791267501624,0.0515024655619,0.7130805302606,0.2393988656454,0.4798817842544,0.7406369720886,0.6884686479871,0.5986967783989,0.2574736740973,0.5921528123470,0.5544538781403,0.0836638790450,-0.0528527653412,0.5784200456976,0.7960929122040,0.2413435225719,0.7762926208343,-0.0825227587499,0.8053690083744,-0.1071430787616,0.1297189696672,0.1327620536349,0.3400055004513,0.0464258907817,0.2303942422299,0.1814707274633,0.3041086655871,0.0743172254055,0.3625464248467,0.0446366918442,0.2046682558859,0.1519051514433,-0.1382861317236,-0.5377846114359,-0.4795956033972,0.1147988665596,-0.1496841064794,0.5798554221221,-0.2313924587277,0.3985295384525,0.5724147765259,-0.0666225201335,0.4863080155315,0.0666294547696,-0.1973695425913,0.1394878415809,0.2372164298547,0.0499515246230,0.3813571851850,0.6946770699657
0.5443543939914,0.4561031252502,1.0000000000000,0.6531640302797,0.3242426191641,0.1244129617559,0.1096214257213,0.6778435976164,0.2889221166597,0.3529582954501,0.0625900095871,0.5744399875887,0.2786437066044,0.5025960311781,0.5372191719333,0.3834984492664,0.5797865900578,0.7120763079999,0.6459592192353,0.6919054034360,0.3914137149184,0.4861574305919,0.5505891841823,0.6973718690023,0.5147529063282,0.5762705995532,0.6576642969190,0.8574942944580,0.5303357147538,0.3774244421892,0.7284918125250,-0.0683090202569,-0.1464739176262,0.3144145972939,0.3978376774912,-0.0787647677732,0.0739738332312,0.1636135607256,0.3858067083394,0.2407600751665,-0.0496783231025,-0.1475374419977,0.3578440652218,-0.1838584672506,0.2681693175353,0.0295051935662,0.3026320578677,-0.0150656634427,0.2972723910458,-0.1559593258303,0.2099730308894,0.5464268928917,-0.2536766461754,-0.4096292471147,-0.5489809016674,0.1903553306152,0.2919165116230,0.2319351526670,0.2403319264938,0.4375057822909,0.3359876187939,-0.2324129711592,0.7036554920819,0.3283538448210,-0.4086726973373,0.1815744124053,-0.0210301209218,0.0127490616404,-0.0504910612793,0.1833360385448
0.4540299165469,0.8240379498539,0.6531640302797,1.0000000000000,0.1147783917001,0.2702072434098,0.4400684874233,0.5497434498773,0.6035605395313,0.4220314133447,0.1661377455855,0.6344120398849,0.2553726692520,0.5576636976568,0.5755256670746,0.6872869638675,0.2572511539684,0.4380716584953,0.4751785257169,0.4887798171937,0.2676755980380,0.0761694693363,0.7330506342177,0.3628713343601,0.5629598303957,0.8709826835083,0.7871616343004,0.7201679800263,0.3197340435355,0.5519351235462,0.6445612642539,0.0780752988803,-0.1081603569980,0.4815045277304,0.7015537810682,0.0936429853466,0.5070995518068,-0.0402217958129,0.8209748326359,-0.0349362905943,0.1576066034302,0.1423957667234,0.5233650039905,0.0536529335917,0.3234867407171,0.2099813493227,0.3269924948548,-0.0250555334803,0.4638438687774,0.0226497369389,0.3160455135479,0.2493999575923,-0.3966501456128,-0.6555908989339,-0.6974326410748,0.0460809117051,-0.1701908201418,0.4278603107157,-0.2643423524670,0.4649870254503,0.6008828715389,-0.2069073513690,0.5756837797722,0.0603531225982,-0.3935643629073,0.1016371607955,0.1979156975023,0.1713023849444,0.1426873441672,0.5224508453529
0.4907113411624,0.0010026505569,0.3242426191641,0.1147783917001,1.0000000000000,0.0927846393076,0.1645601359597,0.2696757452234,0.0953094123235,0.2990638416796,0.5581811218789,0.0346125219781,0.5876027600511,0.3243313220483,0.3376520043730,0.0566103175172,0.5762432197502,0.3679330732469,0.2450706057928,0.1386464831483,0.6523599055480,0.6480574350939,0.1977850661693,0.6033696603408,0.4470066894956,0.1136648653848,0.0104340994470,0.1869199098492,0.5319773470425,0.4343364370190,0.3996680139296,0.0584662390995,-0.0872939998087,0.2262261643943,-0.0932243534711,0.0932246118646,-0.2405663396238,-0.2055488604362,-0.1379883583220,0.9348527700465,-0.0325331886811,0.0775519062181,0.2705867121644,-0.2860957245868,0.2968847655537,0.5016238854618,-0.1569592014377,0.5015847389148,-0.0358421444264,-0.1787231064353,0.1918771488211,0.4292166408443,-0.2316607675101,-0.2943350750419,-0.3825075717370,0.6244339748814,0.5758894208205,0.1066761484006,0.4281729190913,0.5468680638199,-0.2975526702167,-0.4505726929485,0.0988591046199,0.4955004058223,0.1469997015187,0.3391689709560,-0.0340881188437,0.0675962408438,0.0092322148799,-0.2048890922370
0.1656732708212,0.1636531607726,0.1244129617559,0.2702072434098,0.0927846393076,1.0000000000000,0.3974351946301,0.0436755646342,0.5990989416901,0.1823015047793,0.1911410581914,0.3296746997376,0.0346583859295,0.4426472126420,0.2768462599874,0.3731371905022,0.0102277844145,0.0669573518317,0.2393501283551,0.0503516600578,0.0334826035666,0.0905294271346,0.1331728731742,0.1617736258090,0.0669976836731,0.2363364985520,0.1018334154471,0.1166753700855,-0.0025769369242,0.2549470226537,0.2319896747865,0.0599038655768,0.3299189356135,0.1905595648396,0.1203737435980,0.0534495495690,0.0082087554347,-0.1219453352303,0.2161988549401,0.0306941759884,0.6813375425046,0.4460135025201,0.1417938122914,0.4202619670560,0.1508270859362,0.1799414332950,0.2846398353513,-0.0124812810956,0.3098528947132,0.3659426629410,0.3973147357163,-0.0146927239151,-0.2659863458741,0.0037106532956,-0.2781075295643,-0.0669028998561,-0.0435996286395,0.0535437026963,-0.0630660922071,0.0876118463266,0.1435508385978,-0.1897250783169,0.1325390877783,-0.0417782053019,0.0264984207945,0.0865722482248,0.0648613816551,0.5014817232257,0.0287201663011,0.0004620706139
0.1864040554356,0.4422900232430,0.1096214257213,0.4400684874233,0.1645601359597,0.3974351946301,1.0000000000000,0.1021606358811,0.7246119030480,0.2229674102443,0.5248677317020,0.2724512051648,0.4594556312447,0.4199112520427,0.5146154851392,0.4795259373004,-0.0536482875590,0.0063161141460,0.2935163252352,0.1402535515249,0.1898491747327,-0.0932699187400,0.2654934765638,0.0008776516798,0.3143015104735,0.4175000724607,0.3505271343811,0.1339336585836,0.1013027030876,0.5930206467960,0.2296557082543,0.0762079635217,0.2527338396977,0.4356924737242,0.2612803315386,0.1501293925138,0.4193457811969,-0.2977828646249,0.4208365942743,0.0319147346480,0.4523394908994,0.7352278401072,0.2808609589083,0.3197651831608,0.1791457661275,0.6074005743162,0.0220988447451,0.4329370079263,0.1875081762837,0.2462831230505,0.3221340113875,-0.1735262556306,-0.3992599332817,-0.3328903034091,-0.4481614615188,0.0525078459905,-0.3048039818639,0.1840450184771,-0.3888378211949,0.2244946719105,0.1176333143167,-0.2468617416152,-0.0346989033329,0.0030485039353,0.2715373179028,-0.1307459340633,0.0998218556229,0.2157988693723,0.2539389279250,0.1963204494344
0.4664948192201,0.4083985143279,0.6778435976164,0.5497434498773,0.2696757452234,0.0436755646342,0.1021606358811,1.0000000000000,0.0937010335636,0.4734783200380,0.1230952770534,0.3844675933152,0.3845424907936,0.3619659950150,0.4688163637502,0.3520598860422,0.5197422815547,0.4859402276141,0.4557368005678,0.4874319191112,0.4801402160618,0.4748658115668,0.6100770956238,0.5530345143381,0.7132893246594,0.4095503929646,0.3973204217494,0.6684411776625,0.7523567544951,0.3559607328257,0.6796492957471,0.1366076825385,-0.1608155936547,0.2698054811750,0.2497000438308,-0.1312238437363,0.0313685901113,-0.0108915417628,0.2887590462142,0.2464481859358,-0.1669389574596,-0.2559784422916,0.5523774670018,-0.3883666317845,0.4480798895140,0.1046066690518,0.1127158447115,0.1367704731983,0.1478593445505,-0.2971036870340,0.2155787118959,0.5360885750196,-0.2405854093126,-0.4021930866437,-0.4500090872330,0.2885097397875,0.2874200867233,0.3793009828152,0.2175825101555,0.5664849752461,0.2484156793082,-0.3093066767654,0.5047508291490,0.5941211764079,-0.3082884973208,0.2447790741900,0.2055392026782,-0.0760112585291,-0.0043912012211,0.1027575196269
0.2630720131432,0.4914286445754,0.2889221166597,0.6035605395313,0.0953094123235,0.5990989416901,0.7246119030480,0.0937010335636,1.0000000000000,0.2940363527344,0.3894520021088,0.4589750636220,0.1985583286739,0.5486983238757,0.5267139511355,0.6297430848468,-0.0018850899674,0.1374880105839,0.4612208880172,0.2555242483242,0.0617460809398,-0.0708381142126,0.3413679975603,0.1052470901900,0.2482041615532,0.5546373483823,0.4501494879944,0.2725042577865,0.0036643834269,0.4972963855202,0.3614783198364,-0.0478097169073,0.2454124720134,0.4358789519461,0.3862637744097,0.0843583858378,0.3578206701810,-0.1527452324944,0.5513890642333,-0.0489150108185,0.5603568170794,0.6284015985128,0.2335200920606,0.5348813141702,0.2045272774413,0.3995926014056,0.3080551489146,0.1109114420952,0.4600791733971,0.3877663646629,0.3396545637961,-0.0764369011657,-0.4510129099221,-0.2877277583776,-0.4805473568270,-0.0921484606330,-0.2869275476466,0.1601314052777,-0.3731700560045,0.2330387328819,0.3465503328866,-0.1727359262597,0.1465152498801,-0.1648453429526,-0.0175756005321,-0.0908273980925,0.0034316207532,0.3479709202476,0.2521287401192,0.2978110600066
0.3783478077515,0.3249420717233,0.3529582954501,0.4220314133447,0.2990638416796,0.1823015047793,0.2229674102443,0.4734783200380,0.2940363527344,1.0000000000000,0.2033188873951,0.3488309511991,0.3976891722970,0.5145632913376,0.4488859612225,0.5610580166549,0.3370968339430,0.2124026125456,0.4148761531726,0.2902380850857,0.2553245645332,0.2169920602351,0.5484455906812,0.2703614790542,0.6317048076757,0.4605337546364,0.1330395628905,0.4215395198141,0.2684059305890,0.3483953000319,0.2164041003232,0.2334618048120,-0.2562360266474,0.3500086622069,0.2375488163436,-0.0531171932980,-0.0518744026225,-0.2401009391215,0.2630167311238,0.2702948719159,0.1558293591859,0.0659041592018,0.3823605971602,-0.0656755694565,0.8801184289295,0.1707318747752,0.0392172359137,0.2799708271295,0.3026066696627,0.0521216457880,0.4669044197890,0.3346554972632,-0.3432833228878,-0.2893715582276,-0.3311580541348,0.2034784615559,0.1286340289127,0.4418345572909,0.0090792038867,0.6537991007115,0.3257773030026,-0.3246955616829,0.2444930616726,0.0939573384717,-0.0311202415364,0.0107874600907,0.2343414425796,0.1369594864289,0.3211354643261,0.1827656622502
0.2906948944690,0.2216530694422,0.0625900095871,0.1661377455855,0.5581811218789,0.1911410581914,0.5248677317020,0.1230952770534,0.3894520021088,0.2033188873951,1.0000000000000,0.0954910151973,0.6616936576144,0.2682395675052,0.3417328612779,0.2707850193498,0.1639151477528,0.1593075078401,0.2023585896969,0.1022280090711,0.5782509831136,0.2750395491725,0.1959184941438,0.2285772042494,0.2790531174546,0.0577099480878,0.0707661739260,0.0691217611335,0.4224972640874,0.5323350900686,0.2497758345204,-0.0070151082439,0.1727929835376,0.4452511088034,0.0846327670563,0.1752488560847,0.1721703863364,-0.1722210218879,0.1341019835337,0.5372386000862,0.2353104822813,0.4385243689226,0.0355617486178,0.1423283222486,0.2390107972764,0.8232639418243,-0.1346328031730,0.6962547384510,-0.0075419913027,0.0730333228346,0.2628242603546,0.0886888763377,-0.1383944121363,-0.1263137411071,-0.2548611676426,0.6090379933583,0.1441772670546,0.1782614901349,0.0672020255030,0.3452094810187,-0.1383655620542,-0.2193010300320,-0.0116252779855,0.3700666460365,0.3271077879096,0.0990406494694,-0.0376353998708,0.1280822767691,0.3708740753233,0.1158308553784
0.3841295650184,0.5865931445048,0.5744399875887,0.6344120398849,0.0346125219781,0.3296746997376,0.2724512051648,0.3844675933152,0.4589750636220,0.3488309511991,0.0954910151973,1.0000000000000,0.2378033082834,0.6251635942386,0.5340540863667,0.5333867874593,0.2793340979408,0.4158608611840,0.6956015677393,0.5930231403095,0.2222980591638,0.1596630244758,0.4953382075412,0.3624023128392,0.2973281101843,0.6614832954799,0.6270096254772,0.7151087915812,0.2215169809576,0.4073889027196,0.4435000293995,-0.0564183556551,0.0441940027782,0.3406914231780,0.6241383143814,0.0770648681992,0.3210669735450,0.0286461686168,0.5861390514012,-0.0111147834985,0.2071726391220,0.0368616688706,0.1764695644165,0.1618811060904,0.2624366534807,0.0048334422864,0.6664983283477,0.0394358134860,0.5633584453450,0.1596050636537,0.3075512304259,0.3401036035465,-0.1133429959100,-0.1590187050536,-0.3201486535192,0.1045772330961,-0.0037952994727,0.3508010608483,-0.0178139455200,0.2772841674094,0.6744729097826,0.0448266646322,0.6339050390949,0.0265401629115,-0.2197441714695,0.0565546803388,0.0366717981545,0.0686073941164,0.1434915130288,0.5299977862710
0.4481094645937,0.2905721750584,0.2786437066044,0.2553726692520,0.5876027600511,0.0346583859295,0.4594556312447,0.3845424907936,0.1985583286739,0.3976891722970,0.6616936576144,0.2378033082834,1.0000000000000,0.3461460666507,0.4780030926181,0.3610214152294,0.4019778291529,0.2692223454292,0.3459555375095,0.3158636812554,0.7663627236350,0.4019798535578,0.3213938986958,0.3788889888637,0.4459980070580,0.1916346268429,0.1726996568027,0.2744958366425,0.5588546742425,0.5663886475255,0.3281917310861,-0.0513174966778,-0.1358350302612,0.4556256453444,0.2177325366701,0.1798380289864,0.1450866745323,-0.1134360925655,0.0822152074726,0.5769986289584,0.0282445405908,0.1868194163161,0.1343996712751,-0.0998103590265,0.4146425477843,0.5236829181111,-0.0855702604731,0.8706740600741,-0.0135546779467,-0.0481399832771,0.3616604272887,0.3528408743253,-0.0716779837798,-0.2400561044885,-0.3092534525214,0.6980308865366,0.2656615704524,0.2772075003360,0.1955373744319,0.4957014272916,0.0051865827428,-0.2476405131774,0.1193457856290,0.4982048631484,0.2017210041862,0.0617219028093,-0.0831788250364,-0.1126025237016,0.2659810282758,0.2203105458185
0.2734585469216,0.4420035249265,0.5025960311781,0.5576636976568,0.3243313220483,0.4426472126420,0.4199112520427,0.3619659950150,0.5486983238757,0.5145632913376,0.2682395675052,0.6251635942386,0.3461460666507,1.0000000000000,0.4831100336291,0.4780190962259,0.3654994008372,0.2331057144500,0.6592394012822,0.2525098226823,0.3077570181551,0.3311076829919,0.4475601906229,0.4664410289503,0.4534376146109,0.6314415644635,0.3324892935147,0.5489101948418,0.2812112779326,0.4832495848051,0.4187196534481,-0.1383316928629,0.1024307361853,0.3179046106854,0.2712300823232,-0.1348202597141,0.1381211134970,-0.1387263394900,0.4024640221492,0.2080695926236,0.3683970486903,0.2216269372587,0.2670620719983,0.1276464797501,0.4255737936117,0.2800639952958,0.3689745187466,0.1734120394802,0.6802850113234,0.0971092800169,0.3253449527006,0.3119550257947,-0.4640338050588,-0.2663583705289,-0.6250976686763,0.1614246423114,0.1359976715847,0.3051935785020,0.0480873368385,0.4496454154844,0.4234439725045,-0.4004646834096,0.4285830163643,0.1003694162090,-0.0745062257300,0.1324920833060,-0.0926334692718,0.2012667129129,0.0629707323524,0.1479341560145
0.6708523944954,0.4663699275929,0.5372191719333,0.5755256670746,0.3376520043730,0.2768462599874,0.5146154851392,0.4688163637502,0.5267139511355,0.4488859612225,0.3417328612779,0.5340540863667,0.4780030926181,0.4831100336291,1.0000000000000,0.5003768289152,0.2958564365059,0.5150932871054,0.6291872852380,0.6978465432734,0.3084734761354,0.2941070152626,0.4527907704053,0.4095930016739,0.4538791655436,0.6021453198948,0.5128703678752,0.5418220057823,0.3693106571825,0.7427408962870,0.5024041463011,0.2264430537740,0.0053844827824,0.3781870315086,0.3934173014603,0.1985853026057,0.1819656592165,-0.2334961282966,0.3693483349936,0.2405723457382,0.2194045024831,0.1881462348815,0.4084124246688,0.0016464551933,0.3976164739126,0.3294749543590,0.0837582340443,0.3130646051134,0.1652276711482,0.1426044454744,0.3549342656845,0.2401022434659,-0.3383632686518,-0.4641234763615,-0.4954603707159,0.1524134122697,0.0429276085707,0.2743525226952,-0.0940031023454,0.3971139541569,0.2238703395322,-0.3666465839415,0.3381849895791,0.1908812997567,0.0322858650414,-0.1159689517066,0.2298288032181,0.1123129951439,0.1593237696500,0.2205116475500
0.4455134660450,0.6323800874450,0.3834984492664,0.6872869638675,0.0566103175172,0.3731371905022,0.4795259373004,0.3520598860422,0.6297430848468,0.5610580166549,0.2707850193498,0.5333867874593,0.3610214152294,0.4780190962259,0.5003768289152,1.0000000000000,0.1902384562817,0.2605142066704,0.4675911990004,0.4193218984256,0.2884273324312,0.0276795169237,0.5087969758517,0.2227900831209,0.4426590431389,0.5966111404283,0.4498283148312,0.5156237835860,0.1543754459720,0.4750582609567,0.3314974360800,-0.0302388751825,-0.1106120328547,0.5109717250621,0.6441859564745,0.1741685994819,0.3516491312178,-0.1280464964629,0.6041503347364,-0.0262824452582,0.3989881393161,0.3234172038685,0.2422508566826,0.2853983506129,0.4672184709914,0.2232035779714,0.2512238944138,0.1765115479843,0.3256044354796,0.2812184839639,0.6376171987789,0.2353242429672,-0.2775439741153,-0.3428615116628,-0.4471627538595,0.1417822230755,-0.1605937164950,0.3172070622195,-0.2281437309151,0.4095755667148,0.4784304554360,-0.1902519305393,0.3617906582021,-0.0749465441123,-0.2401034792092,-0.0699200941742,0.0676406637844,0.2617562929615,0.3913109673567,0.5701027314423
0.4252430730237,0.1609839407828,0.5797865900578,0.2572511539684,0.5762432197502,0.0102277844145,-0.0536482875590,0.5197422815547,-0.0018850899674,0.3370968339430,0.1639151477528,0.2793340979408,0.4019778291529,0.3654994008372,0.2958564365059,0.1902384562817,1.0000000000000,0.3826823138153,0.4342541543204,0.3279370414505,0.5192749222011,0.7978807238838,0.4719578324305,0.8462489486766,0.5836573029085,0.2216632310443,0.1736698794982,0.5084123233657,0.6723892928292,0.3354827897362,0.5973688277470,-0.1199315667449,-0.1483850097106,0.2246586573494,0.1399830720658,-0.1081629532200,-0.1809363526567,0.0555976266879,-0.0017599974179,0.5847419743758,-0.1184561334093,-0.2823056507398,0.2723471989193,-0.3109922658575,0.3304900746098,0.0572603338312,0.1101531695181,0.2402833654945,0.1086147149023,-0.2338951842249,0.2936166507480,0.9175613880343,-0.0489429087840,-0.2016164512134,-0.3177327207673,0.4110283529572,0.6857258251053,0.3877783164304,0.6522513262780,0.6550517285463,0.0660970877173,-0.2434918336737,0.4105430037077,0.6233328051371,-0.0905171906643,0.4629120525138,-0.1296194943325,-0.1189951933618,-0.0417643154857,0.0323858614077
0.6397879803873,0.3280366848044,0.7120763079999,0.4380716584953,0.3679330732469,0.0669573518317,0.0063161141460,0.4859402276141,0.1374880105839,0.2124026125456,0.1593075078401,0.4158608611840,0.2692223454292,0.2331057144500,0.5150932871054,0.2605142066704,0.3826823138153,1.0000000000000,0.4384867259685,0.7503196662555,0.4169489038265,0.4520951398465,0.3148196948371,0.6215176817765,0.3063296146507,0.3200159075261,0.5261460735529,0.5807934758889,0.4573571400348,0.4282917124374,0.5796366075275,0.1582662621137,-0.1817925390322,0.2768236576866,0.4408442651035,0.2880935816638,0.0116545000178,0.0381615911333,0.2512682853168,0.3178133789710,-0.1080474594944,-0.1509950730341,0.1909708516561,-0.2356685139966,0.1037079624317,0.0935612607492,0.1810007170093,0.0198061548219,-0.0136688319562,-0.1831330119264,0.1449552287198,0.3701697302213,0.0604149298350,-0.3731635731570,-0.3268996059844,0.3020431585951,0.3187149345872,0.0623718741631,0.2605697855926,0.2454142730070,0.0250670026740,-0.1793249828665,0.4754319977723,0.2715998292768,-0.2365198886113,0.1731814573074,0.1342177449498,0.0420255035075,0.0616438395432,0.2000420727264
0.3919522117609,0.3605832024148,0.6459592192353,0.4751785257169,0.2450706057928,0.2393501283551,0.2935163252352,0.4557368005678,0.4612208880172,0.4148761531726,0.2023585896969,0.6956015677393,0.3459555375095,0.6592394012822,0.6291872852380,0.4675911990004,0.4342541543204,0.4384867259685,1.0000000000000,0.6950485164998,0.2760210874872,0.3400788139332,0.4024244969618,0.4615175688799,0.3765473289314,0.4941863140087,0.4171640190737,0.6785373777259,0.3383437199635,0.4671804094670,0.4267578123363,-0.1763436696791,0.0058099672703,0.3101930374286,0.2699619099307,-0.0907331064579,0.0544369724485,-0.1110070903803,0.3039642134021,0.1808036401227,0.1265248059143,-0.0096722411257,0.1497364792907,0.0055765097485,0.3230448292356,0.1385623634722,0.3288386941747,0.1594349438275,0.3830616297913,0.0515714235859,0.2718336703124,0.4216490499460,-0.2887755493664,-0.1710014818961,-0.4275713556769,0.1292158748211,0.2034890561371,0.2417381419409,0.1183480046407,0.3409972584537,0.3643229697773,-0.2797223420345,0.4955612025876,0.1828744010934,-0.1396577032296,0.0254063912922,-0.1388732288954,-0.0869895340061,0.1627494069069,0.2111615371714
0.6240023077747,0.4305995549597,0.6919054034360,0.4887798171937,0.1386464831483,0.0503516600578,0.1402535515249,0.4874319191112,0.2555242483242,0.2902380850857,0.1022280090711,0.5930231403095,0.3158636812554,0.2525098226823,0.6978465432734,0.4193218984256,0.3279370414505,0.7503196662555,0.6950485164998,1.0000000000000,0.2572395194614,0.2766803799855,0.4083152564549,0.4275197416042,0.2858634813836,0.4515794625071,0.5848761542452,0.6751841585694,0.3368562782757,0.4880683682291,0.4936620247958,0.0627195914703,-0.1866885698535,0.3179494470845,0.5239030182696,0.2194528523333,0.1337191224257,-0.0625594914856,0.3244124096912,0.1097436109650,-0.0400406737790,-0.1199174483824,0.1338976722405,-0.1478534394120,0.1981563847747,0.0060079420584,0.2430913343862,0.0755981771055,0.0621120726017,-0.0240638536042,0.2294554902345,0.3560736653477,-0.0023811256915,-0.3081318931180,-0.2501262176907,0.1279535058100,0.1487052925003,0.2044799677783,0.0881619920529,0.2111128668850,0.2526420712819,-0.1293731711608,0.5034223678650,0.1615220667583,-0.2026564639760,-0.0213510781557,0.1021001793017,-0.0594155019891,0.1880513682164,0.3744292538393
0.4158580149574,0.2791267501624,0.3914137149184,0.2676755980380,0.6523599055480,0.0334826035666,0.1898491747327,0.4801402160618,0.0617460809398,0.2553245645332,0.5782509831136,0.2222980591638,0.7663627236350,0.3077570181551,0.3084734761354,0.2884273324312,0.5192749222011,0.4169489038265,0.2760210874872,0.2572395194614,1.0000000000000,0.6076879216069,0.3352430138472,0.5696792194592,0.4832074266276,0.0595715663129,0.1290284290995,0.3507931731145,0.6575828294539,0.4401126553730,0.4736960770251,-0.1071928813174,-0.0389537909578,0.3585552639658,0.2268189689338,0.1156257125003,0.1169206922491,0.1360773158131,0.1461926527887,0.6719493994460,-0.0638814294722,0.0048562534681,0.1739870628021,-0.2193722287684,0.2897194891371,0.4190934419607,-0.0081091692460,0.6709195589419,-0.0437085975498,-0.2105184952997,0.2917625936163,0.4993530503259,0.0460377531200,-0.1572211453498,-0.3255650747531,0.8982716274964,0.4999470323315,0.2610527151222,0.4585926511226,0.5405829065969,-0.0338105023289,-0.2207325677433,0.3310133897512,0.5867026338098,-0.0439495409043,0.3477217969674,-0.1261084053617,-0.0799545445707,0.1375218181241,0.1626124537320
0.3797250435376,0.0515024655619,0.4861574305919,0.0761694693363,0.6480574350939,0.0905294271346,-0.0932699187400,0.4748658115668,-0.0708381142126,0.2169920602351,0.2750395491725,0.1596630244758,0.4019798535578,0.3311076829919,0.2941070152626,0.0276795169237,0.7978807238838,0.4520951398465,0.3400788139332,0.2766803799855,0.6076879216069,1.0000000000000,0.3311278090127,0.8774238396400,0.4748848721040,0.0056833391668,-0.0074822429159,0.3344125610113,0.7019269843635,0.3907353923236,0.5746506650274,-0.0728147234279,-0.0092370906641,0.1403039459731,0.0022579731664,-0.1204732648866,-0.2023226072949,0.0388875658690,-0.1355211375334,0.6769474913557,-0.0782408119144,-0.2839593280831,0.1461108779397,-0.3581339237852,0.2620217881021,0.1282859089858,0.0304970223913,0.3029639396823,-0.0127411644632,-0.2918423641023,0.1841621606825,0.7176795678719,0.0455600701458,-0.0768086392411,-0.2391246959061,0.5252789292936,0.8735753228447,0.3209467963206,0.8087030939730,0.5227040400671,-0.1586990494789,-0.3399456515699,0.2880496082642,0.6859453037721,0.0630317550237,0.5299677401914,-0.1138363226245,-0.1243276598405,-0.0434955255947,-0.1470873625807
0.3270690667384,0.7130805302606,0.5505891841823,0.7330506342177,0.1977850661693,0.1331728731742,0.2654934765638,0.6100770956238,0.3413679975603,0.5484455906812,0.1959184941438,0.4953382075412,0.3213938986958,0.4475601906229,0.4527907704053,0.5087969758517,0.4719578324305,0.3148196948371,0.4024244969618,0.4083152564549,0.3352430138472,0.3311278090127,1.0000000000000,0.4599425223286,0.7109139342859,0.6295906209120,0.5443784453184,0.6060477636538,0.5066212430384,0.5365661418642,0.7003845620829,0.1311994595119,-0.1423659279262,0.4196738605649,0.5512225831067,-0.0348293927630,0.4221532078273,-0.0528612023810,0.6079211310025,0.1299220462652,0.0317182069391,-0.0937945906715,0.4920936582503,-0.1641822357025,0.5429973785342,0.1254300550162,0.2436318299001,0.1379246510331,0.3427440032304,-0.1204098780746,0.2761313706153,0.4399437267039,-0.1946864654639,-0.5036393137705,-0.4634333060843,0.1793166265065,0.1245309576094,0.8129450240354,0.0673273161551,0.6578803511543,0.5130990104252,-0.1374747564265,0.4810132681315,0.3420337505000,-0.1483662236964,0.3283053068930,0.2195454720689,-0.0009836147909,0.2424195475136,0.4416057518646
0.5256760273547,0.2393988656454,0.6973718690023,0.3628713343601,0.6033696603408,0.1617736258090,0.0008776516798,0.5530345143381,0.1052470901900,0.2703614790542,0.2285772042494,0.3624023128392,0.3788889888637,0.4664410289503,0.4095930016739,0.2227900831209,0.8462489486766,0.6215176817765,0.4615175688799,0.4275197416042,0.5696792194592,0.8774238396400,0.4599425223286,1.0000000000000,0.5091409353763,0.2890071589451,0.2963103086082,0.5844977461322,0.7014900216524,0.4612030736238,0.7395467269634,-0.0778031749507,-0.0640523169073,0.2205572385097,0.2379337629684,-0.0367494016729,-0.1170351464848,0.0833739116495,0.1062240596459,0.5604084466594,-0.0393876426636,-0.2370269267452,0.3011207914527,-0.2812638689270,0.2498574230278,0.1153303210826,0.1902651301880,0.1549622057002,0.1468947322003,-0.2330421237216,0.2511315373325,0.7826619785456,-0.0473556342348,-0.2841872808270,-0.4413627740088,0.4012214540521,0.6730949806500,0.3266762904540,0.6564146680262,0.5344391857063,0.0403193969238,-0.3124996770879,0.5182106478472,0.5991597888044,-0.1468427349909,0.5107891441110,-0.0774196154481,-0.0195604401442,-0.1107069712526,0.0274730191021
0.3912968295371,0.4798817842544,0.5147529063282,0.5629598303957,0.4470066894956,0.0669976836731,0.3143015104735,0.7132893246594,0.2482041615532,0.6317048076757,0.2790531174546,0.2973281101843,0.4459980070580,0.4534376146109,0.4538791655436,0.4426590431389,0.5836573029085,0.3063296146507,0.3765473289314,0.2858634813836,0.4832074266276,0.4748848721040,0.7109139342859,0.5091409353763,1.0000000000000,0.4755591326044,0.3743671033660,0.4931886420634,0.7140438588282,0.4949568573932,0.5887325119667,0.1087241430737,-0.2222601784967,0.4247324144265,0.2730972289700,-0.1253991374794,0.1181733149988,-0.1867385138925,0.3247628588184,0.3739067157816,-0.0295426638057,-0.0141501475233,0.6142783077208,-0.2897673177661,0.6153123500621,0.3008483630002,-0.0480583495209,0.2681153018172,0.1730801889773,-0.2353720131337,0.3190885051605,0.5372704312665,-0.3652130966654,-0.4773814906625,-0.5590866196989,0.3170823281813,0.3133199932129,0.5473086865423,0.1852581835939,0.8766156612466,0.1723847733979,-0.4342192609182,0.2508119617307,0.5045124202018,-0.0962212584154,0.3123996462483,0.1606522801586,-0.0324439595194,0.2277263559874,0.1168660448588
0.4346410671762,0.7406369720886,0.5762705995532,0.8709826835083,0.1136648653848,0.2363364985520,0.4175000724607,0.4095503929646,0.5546373483823,0.4605337546364,0.0577099480878,0.6614832954799,0.1916346268429,0.6314415644635,0.6021453198948,0.5966111404283,0.2216632310443,0.3200159075261,0.4941863140087,0.4515794625071,0.0595715663129,0.0056833391668,0.6295906209120,0.2890071589451,0.4755591326044,1.0000000000000,0.7512543927712,0.6745038430575,0.1749330140601,0.5162636573730,0.4919838160591,0.1447837321864,-0.1650599791910,0.4052514918816,0.6347061937288,0.0547519295302,0.4060461871105,-0.1877621645638,0.6931811368871,-0.0510855168220,0.1959864956389,0.1334787524328,0.4918120193416,0.0441282050757,0.3429022601785,0.1398723848940,0.3032440558257,-0.0925892976722,0.5425339223620,0.0602342229058,0.2642866153259,0.1966310232249,-0.4893745470587,-0.6973902657627,-0.6768350488990,-0.1201919656668,-0.2197528039786,0.3812384367522,-0.3463624013209,0.3834074289319,0.6366080594189,-0.2627959616321,0.4934227449493,-0.0742373757559,-0.3182412097507,-0.0233839830882,0.2456124571565,0.1882229578612,0.0957655513565,0.4579516247696
0.3950267178873,0.6884686479871,0.6576642969190,0.7871616343004,0.0104340994470,0.1018334154471,0.3505271343811,0.3973204217494,0.4501494879944,0.1330395628905,0.0707661739260,0.6270096254772,0.1726996568027,0.3324892935147,0.5128703678752,0.4498283148312,0.1736698794982,0.5261460735529,0.4171640190737,0.5848761542452,0.1290284290995,-0.0074822429159,0.5443784453184,0.2963103086082,0.3743671033660,0.7512543927712,1.0000000000000,0.6684397871623,0.2846250346169,0.4362026203336,0.5662182478222,0.0531324995804,-0.1318062162642,0.3499255321422,0.6716015520432,0.1007599066377,0.4733490770566,0.1088084019366,0.6625813512966,-0.1221574769542,0.0265969753290,0.0495208239915,0.3764427606854,0.0275723292854,0.0364867736550,0.0760602147925,0.3447751302965,-0.1040835285795,0.3109071959934,-0.0389008892921,0.1035003750975,0.1755155062540,-0.2431511976611,-0.5751897357581,-0.5105920162633,-0.0616200437247,-0.2355207092217,0.2444756083874,-0.2782952940206,0.2311543115682,0.4826029648313,0.0738526548069,0.5020300144508,0.0563828966267,-0.3537579939172,-0.0698092033698,0.1412221438223,0.0745248164879,0.0461598125574,0.4876440316197
0.5516647370233,0.5986967783989,0.8574942944580,0.7201679800263,0.1869199098492,0.1166753700855,0.1339336585836,0.6684411776625,0.2725042577865,0.4215395198141,0.0691217611335,0.7151087915812,0.2744958366425,0.5489101948418,0.5418220057823,0.5156237835860,0.5084123233657,0.5807934758889,0.6785373777259,0.6751841585694,0.3507931731145,0.3344125610113,0.6060477636538,0.5844977461322,0.4931886420634,0.6745038430575,0.6684397871623,1.0000000000000,0.4559437241644,0.3708499276078,0.6236520761224,0.0182186356022,-0.1187705266026,0.3811883383052,0.5107802019783,0.0226588584140,0.1694388588896,0.0664517689936,0.5224752408525,0.1243966040689,-0.0163624488622,-0.1606877989492,0.3603996848210,-0.1753265376204,0.3210483507547,0.0322985657224,0.3985807775745,-0.0051912250677,0.3530887437577,-0.1023098362188,0.2864966204483,0.5507663943760,-0.2147339881425,-0.4205092461699,-0.5230006712706,0.1801861258208,0.1929380957511,0.3500418320423,0.1529189022393,0.4210209601995,0.5014667064855,-0.1642142123083,0.8612176657923,0.2521816212297,-0.4394433614161,0.2017548012144,0.1114556554419,0.0589329859664,0.0397358689875,0.3635776954999
0.4060540220724,0.2574736740973,0.5303357147538,0.3197340435355,0.5319773470425,-0.0025769369242,0.1013027030876,0.7523567544951,0.0036643834269,0.2684059305890,0.4224972640874,0.2215169809576,0.5588546742425,0.2812112779326,0.3693106571825,0.1543754459720,0.6723892928292,0.4573571400348,0.3383437199635,0.3368562782757,0.6575828294539,0.7019269843635,0.5066212430384,0.7014900216524,0.7140438588282,0.1749330140601,0.2846250346169,0.4559437241644,1.0000000000000,0.4204327636645,0.6900906645746,-0.0397658383072,-0.0939657475268,0.2707537521597,0.1269150397220,-0.0792008399130,-0.0093362254210,0.0044232312440,0.0518448714856,0.5240376151051,-0.1711720811386,-0.2273551874736,0.3932717470421,-0.3753985181475,0.2984485709761,0.3132563128841,-0.0179561715194,0.3710320119550,-0.0277852386611,-0.3669409309228,0.1920782813338,0.6518439469980,-0.0804103953562,-0.2942961539932,-0.3918808591216,0.5364060019543,0.5381234755995,0.3781815409922,0.5019952501579,0.6165843329893,-0.0223813972084,-0.3031241736303,0.2950562346400,0.8902542858128,-0.0656967714439,0.4397400413519,-0.0402283658199,-0.1675715646794,0.0074518599290,0.0105306882248
0.5274485859838,0.5921528123470,0.3774244421892,0.5519351235462,0.4343364370190,0.2549470226537,0.5930206467960,0.3559607328257,0.4972963855202,0.3483953000319,0.5323350900686,0.4073889027196,0.5663886475255,0.4832495848051,0.7427408962870,0.4750582609567,0.3354827897362,0.4282917124374,0.4671804094670,0.4880683682291,0.4401126553730,0.3907353923236,0.5365661418642,0.4612030736238,0.4949568573932,0.5162636573730,0.4362026203336,0.3708499276078,0.4204327636645,1.0000000000000,0.5618239773726,0.1944691191605,-0.0133053417905,0.5677945173825,0.4700795279933,0.2540780931666,0.4475784327955,-0.2716164990258,0.4528228124367,0.3265319472502,0.2126243755225,0.2169420555844,0.3125246626432,-0.0704563734801,0.3297641502042,0.4376572237425,0.0287445190947,0.4360471373207,0.1563610905100,0.0172352007343,0.2863025895740,0.2195968179260,-0.1815631602779,-0.4855649921257,-0.4746565260086,0.2954468212695,0.1401653688847,0.4704857746090,0.0166659742690,0.4824236904555,0.1548223188269,-0.3375931353369,0.2174473258032,0.2930265223259,0.3285503946031,0.1309026018817,0.2188768170124,-0.0270870420472,0.4185101766127,0.3493361496642
0.5462459646545,0.5544538781403,0.7284918125250,0.6445612642539,0.3996680139296,0.2319896747865,0.2296557082543,0.6796492957471,0.3614783198364,0.2164041003232,0.2497758345204,0.4435000293995,0.3281917310861,0.4187196534481,0.5024041463011,0.3314974360800,0.5973688277470,0.5796366075275,0.4267578123363,0.4936620247958,0.4736960770251,0.5746506650274,0.7003845620829,0.7395467269634,0.5887325119667,0.4919838160591,0.5662182478222,0.6236520761224,0.6900906645746,0.5618239773726,1.0000000000000,-0.0104948450444,-0.0279462160268,0.3620214655159,0.4427730477101,0.0698633220788,0.2453083730062,0.0434595540008,0.4360787772700,0.3321376678270,0.0012091250827,-0.0609670382630,0.4921170334063,-0.1920772388852,0.1886451929922,0.2004091215829,0.2815842279675,0.0878914857793,0.2348610427852,-0.1837569188340,0.2180696774696,0.5246073294309,-0.1298268573098,-0.4553239029827,-0.5096373642436,0.2527068272515,0.3011025882166,0.4556069337729,0.2766514837637,0.5478914583830,0.2650942656666,-0.2062066124608,0.5357280066989,0.5292639405530,-0.2020757791461,0.4911126422399,0.0564674795319,0.0131553430696,-0.0077919942138,0.2311486979372
0.1783636403851,0.0836638790450,-0.0683090202569,0.0780752988803,0.0584662390995,0.0599038655768,0.0762079635217,0.1366076825385,-0.0478097169073,0.2334618048120,-0.0070151082439,-0.0564183556551,-0.0513174966778,-0.1383316928629,0.2264430537740,-0.0302388751825,-0.1199315667449,0.1582662621137,-0.1763436696791,0.0627195914703,-0.1071928813174,-0.0728147234279,0.1311994595119,-0.0778031749507,0.1087241430737,0.1447837321864,0.0531324995804,0.0182186356022,-0.0397658383072,0.1944691191605,-0.0104948450444,1.0000000000000,-0.1050729886994,0.1019029389339,0.0301990163546,0.2166084205298,-0.0394837445385,-0.3099196715068,0.0742119771707,0.0112518555484,0.0066313845930,-0.0494893591293,0.3062256572856,-0.2719757208831,0.1972624694107,0.0891416369945,-0.2077283537786,-0.0334138293226,-0.2612773420356,-0.0895483448680,-0.0276068892139,-0.1742335630148,-0.0742165327644,-0.3912302117521,-0.0350197635941,-0.0624838957149,-0.0825971968246,0.1029622221763,-0.1840415742811,0.0436444812491,-0.1515174708058,-0.1383335085028,-0.0100119638162,-0.0289652824722,0.1788373359749,-0.0486386066127,0.9050472857212,0.2217962992119,0.0918334051025,-0.0405025355745
-0.2351935856455,-0.0528527653412,-0.1464739176262,-0.1081603569980,-0.0872939998087,0.3299189356135,0.2527338396977,-0.1608155936547,0.2454124720134,-0.2562360266474,0.1727929835376,0.0441940027782,-0.1358350302612,0.1024307361853,0.0053844827824,-0.1106120328547,-0.1483850097106,-0.1817925390322,0.0058099672703,-0.1866885698535,-0.0389537909578,-0.0092370906641,-0.1423659279262,-0.0640523169073,-0.2222601784967,-0.1650599791910,-0.1318062162642,-0.1187705266026,-0.0939657475268,-0.0133053417905,-0.0279462160268,-0.1050729886994,1.0000000000000,-0.0809547268551,-0.1834985526256,-0.0675068797964,0.0693978546069,0.1584448785776,0.0643827010121,-0.0811643825045,0.2054860046810,0.2749975003177,-0.0758743162473,0.2499137432317,-0.2111447449411,0.1470302186086,0.2552544081346,0.0231317779398,0.1633040475556,0.1764761499526,-0.0748391732613,-0.1527573214237,0.0411261896684,0.2913135863878,0.1054825459043,-0.0236551505339,-0.0207232614913,-0.0721821506012,0.0324398506154,-0.2091167377211,-0.0281049940407,0.1496259529437,0.0217173065539,0.0022119874474,0.2086230953665,0.0618743585276,-0.0702275990266,0.1281015531525,-0.1418136476633,-0.0805662674077
0.4796409378565,0.5784200456976,0.3144145972939,0.4815045277304,0.2262261643943,0.1905595648396,0.4356924737242,0.2698054811750,0.4358789519461,0.3500086622069,0.4452511088034,0.3406914231780,0.4556256453444,0.3179046106854,0.3781870315086,0.5109717250621,0.2246586573494,0.2768236576866,0.3101930374286,0.3179494470845,0.3585552639658,0.1403039459731,0.4196738605649,0.2205572385097,0.4247324144265,0.4052514918816,0.3499255321422,0.3811883383052,0.2707537521597,0.5677945173825,0.3620214655159,0.1019029389339,-0.0809547268551,1.0000000000000,0.4510922850841,0.3119819105045,0.4000815848654,-0.1329948042570,0.4206261312051,0.1416926911728,0.1801174064040,0.2593304151604,0.2268444109986,0.1028719018185,0.2856430465392,0.3863712969243,0.1057820613685,0.3204182468971,0.1033640666762,0.1262057528348,0.2457690446519,0.1888535545124,-0.1580218921914,-0.3259607891512,-0.3795060988107,0.2414638551384,0.0367918041794,0.4182444647056,-0.0714489274715,0.3935413635219,0.1767327904887,-0.1609169812119,0.2778397006064,0.1514479779108,0.0997901561323,0.1115771439784,0.1608523384301,0.0900763468543,0.6390536076796,0.4306467414937
0.3960563135758,0.7960929122040,0.3978376774912,0.7015537810682,-0.0932243534711,0.1203737435980,0.2612803315386,0.2497000438308,0.3862637744097,0.2375488163436,0.0846327670563,0.6241383143814,0.2177325366701,0.2712300823232,0.3934173014603,0.6441859564745,0.1399830720658,0.4408442651035,0.2699619099307,0.5239030182696,0.2268189689338,0.0022579731664,0.5512225831067,0.2379337629684,0.2730972289700,0.6347061937288,0.6716015520432,0.5107802019783,0.1269150397220,0.4700795279933,0.4427730477101,0.0301990163546,-0.1834985526256,0.4510922850841,1.0000000000000,0.3633009856564,0.6362567230575,0.0004392346938,0.7141294385524,-0.1503103845589,0.1143971766349,0.0969602830779,0.1238902566838,0.1449576747980,0.1091939618406,-0.0182007441292,0.3798264485639,0.0019204428908,0.2629927753161,0.1216472892512,0.2945975602292,0.1826200681743,0.0931920886669,-0.4096915167514,-0.2818992051486,0.0932528330062,-0.1608497388499,0.4199589466870,-0.1834824564579,0.2252859463126,0.5686494424275,0.1053704787000,0.4551057294538,-0.0960374399271,-0.2792774761273,0.0674071404027,0.1487533613947,0.0867839126330,0.3326093513971,0.8288277506647
