1.0000000000000,0.0114104949651,0.1909747470107,0.2924826811221,0.1242032504888,-0.2959440286244,-0.0348572220118,0.4074486683452,-0.1323179208074,0.2737305085466,0.0917320412909,0.0825746188237,0.1973038419187,0.1633838392788,0.4470264730542,0.0762120780446,0.0554388889639,0.1554969461476,0.2226350046863,0.3960415461841,0.2170114788831,0.1444966952757,0.2562928604591,0.0646209501172,0.2749830468782,0.0349480461240,0.0580325230247,0.1534751983378,0.1955964841485,0.2670589338980,0.2840809065995,-0.1163426695654,-0.1255372820799,0.2373658312235,0.0621113714258,0.5044685739917,0.0062685681606,-0.0256995241295,0.2827304739323,0.1522294994563,-0.2196003633138,-0.1807990705519,0.2162966783356,-0.1434163821801,0.2474014719323,0.0950876546673,0.0933969818707,0.1592266562196,0.0452351460326,0.1045068448673,-0.0000264252316,0.0425021789261,0.1164861655134,0.0920502898716,0.2562395203150,0.1687671338364,0.0750515049861,0.1335716831371,-0.0585393044463,0.1590773559866,0.0648446638328,-0.0547003972698,-0.0640616195479,0.1451746106272,0.2969778139322,-0.0435302465537,-0.0559947018632,-0.0255343542517,0.1988233269658,0.1166394905754
0.0114104949651,1.0000000000000,0.3849282712833,0.7040549927153,-0.0567527459858,-0.2127548918861,-0.3548377825589,0.1392629337449,-0.2105961570713,0.2363382654861,-0.2318225594477,0.0540639799902,-0.1438293169970,-0.0043392353778,-0.2085446356342,-0.1691578852309,0.4409222405630,0.4742064486660,-0.0287654558951,0.3053693493319,-0.0844963037764,0.5170870650648,0.5993162758875,0.5966275849924,0.2323993006194,0.4608902913492,0.4878533589241,0.4400725564575,0.2461989138557,0.1628665737592,0.3219063712388,-0.0208019959863,-0.1522852971169,0.3242201637905,0.6369074752960,0.0889819057634,0.7964127929815,0.2610698431868,0.5916414117092,-0.1715124753011,-0.1331726935400,-0.4068836122627,0.2074136591065,-0.3567683398657,0.1056500972682,-0.2705340505406,0.0390024713266,-0.2432618723719,-0.0399570595826,-0.4114044267468,-0.1916602471108,0.4047654737141,0.2896951737311,-0.1031285073728,0.1480494049771,-0.1909627449936,0.4715026358392,0.6345225028075,0.6045529860244,0.2171042244933,0.3477346528511,0.3249078211279,0.3657148156914,0.1765543150147,0.1972928961045,0.4866181491014,-0.0462539806757,-0.1724122208518,0.2373006842615,0.5324140432721
0.1909747470107,0.3849282712833,1.0000000000000,0.3692009008294,-0.0367571004347,-0.1987690444850,-0.4005186766556,0.3884877192822,-0.2603770241766,0.2354382870346,-0.3912786407877,0.1397339166776,-0.1591449399787,0.2377680680467,-0.0760488283128,-0.2642936338307,0.3109927284451,0.3788509138557,0.2379047640615,0.3141623233805,-0.1088492950652,0.4000320259450,0.2888605701027,0.5826045484476,0.2190363551108,0.2997291504881,0.5161038487665,0.7496444878266,0.1778330967366,-0.2379109182499,0.2235426230998,-0.1080793846962,-0.1857075470524,-0.0873969139232,0.1536787997329,-0.0033419108993,0.1472162391598,0.7212456649988,0.2599819920899,-0.1958800849796,-0.1882354164657,-0.3662307715064,0.1833218784263,-0.2961775512759,0.0818115766461,-0.4232864333195,0.1960323082878,-0.2511643600787,0.2117627492204,-0.1923221637514,-0.2632852139621,0.3203482733648,0.1449487071623,0.1433563133140,0.0362218737369,-0.1639520054279,0.3065249655564,0.1994297690074,0.4236148119691,0.0991204879269,0.1363849691046,0.2730656338961,0.6583849845330,0.1045490930383,-0.1941528950531,0.3276700605043,-0.0675729354576,-0.2864106710827,-0.1873486632057,-0.0481865426090
0.2924826811221,0.7040549927153,0.3692009008294,1.0000000000000,0.2115160772154,-0.3589859563660,-0.1980487779557,0.3334895856403,-0.2313082623149,0.4122512855991,0.0320199991020,0.0963906681640,0.1767816793343,0.0704636413360,0.0052757370803,0.0023489369411,0.2723488371595,0.4023669507397,0.0398756658829,0.3594640624805,0.2088860576546,0.4889898598493,0.6581885790655,0.5457302437126,0.4523648124297,0.4357079844705,0.4044554401184,0.3245950701884,0.3728950872845,0.3397954193751,0.3754316948298,-0.1082725476272,-0.1715282049556,0.3761183688490,0.5145636719546,0.3445980342948,0.6397206784298,0.2392752030381,0.8361686183493,0.1499001376892,-0.2297335316624,-0.3404754266412,0.3625941502431,-0.3992897412658,0.4104512521241,-0.0483432507928,0.1208133405434,0.1077375464631,0.0894799789806,-0.3130550110051,0.0070397779393,0.2397336211254,0.3928980549704,0.0213077057519,0.3362370584167,0.1232138622359,0.4170479962501,0.6126459535439,0.4899114780386,0.4449929633830,0.4596697178762,0.3412719210024,0.2867905075887,0.3496039693732,0.3083736819380,0.3421375423522,-0.0295491801384,-0.1457385414402,0.2134854989060,0.5115971268633
0.1242032504888,-0.0567527459858,-0.0367571004347,0.2115160772154,1.0000000000000,-0.3764857895587,0.0939950146034,0.4340667018218,-0.0933885030329,0.2656184219109,0.6651019793235,-0.1936576889112,0.8401267186678,-0.1661233917444,-0.1820230159413,0.2478160249502,-0.1608642622819,-0.0315735367829,-0.1879982163015,-0.0812874569816,0.8718662042815,-0.1380128107923,0.1695958125451,-0.0565536058948,0.5944134364242,-0.1832570697549,-0.1219789846047,-0.2585398473149,0.5782397645846,-0.0071084886226,0.2000263853393,-0.1487742592035,-0.2965399778319,0.0035856924003,-0.1584993221057,0.1548566298496,0.0048560592259,-0.0008745591236,0.0936776648147,0.8248001599553,-0.3647943390763,0.0071074431734,0.4211861514014,-0.1582841364390,0.3612283909556,0.5370209843918,-0.1290748023917,0.7910478901770,-0.1747731861696,-0.2573250478627,0.3442351743539,-0.1705791883787,0.1106078151304,-0.1234714093231,0.0451477767011,0.8665506907090,-0.1679590650673,0.0487120404994,-0.0450791758302,0.5647465613737,-0.1287815928889,-0.0630485115933,-0.2195847305725,0.6283205793311,-0.0413744624626,0.0374132069231,-0.1101261101144,-0.3021503280010,-0.0972651306721,-0.0603016978496
-0.2959440286244,-0.2127548918861,-0.1987690444850,-0.3589859563660,-0.3764857895587,1.0000000000000,0.3903325014664,-0.4790376399047,0.5111773663799,-0.2680166287537,-0.2929044718036,0.4242789734292,-0.3165423949081,0.1380776793192,0.2701696297436,0.2534898805249,-0.1751443939930,-0.1666543326830,0.2162612012998,-0.1140310592478,-0.3855128368510,-0.2800941424048,-0.4479675130699,-0.3114170377181,-0.4217040193025,0.1120521015438,-0.0447170413677,-0.1036260826867,-0.4705290697135,0.1230374488816,-0.2692666121975,0.1418305930816,0.7246384460523,-0.1235162550660,-0.0168760541604,-0.3231077418443,-0.2203580757822,-0.1177625976961,-0.1681418994157,-0.2899482733604,0.8648820463017,0.5211398511398,-0.4876687529184,0.5479832904026,-0.2665502123824,-0.1956932470708,0.2486731120805,-0.2567694015645,0.2545504167719,0.4306989463356,0.2664038532593,-0.2211258533513,-0.2909198721042,0.1989299892843,-0.1877586028388,-0.3047437678957,-0.3781571347694,-0.3970915194827,-0.3038417057953,-0.4008295390405,0.0729884041292,0.0608255687603,0.0110166024342,-0.5265219935338,-0.0541178847070,-0.3531035709722,0.0681502099790,0.5426365717998,-0.0445566149808,-0.1044035245344
-0.0348572220118,-0.3548377825589,-0.4005186766556,-0.1980487779557,0.0939950146034,0.3903325014664,1.0000000000000,-0.3477832655697,0.7634063005654,-0.2236788015034,0.3296006436308,0.0133170768959,0.3708752845104,-0.1220717019860,0.4523772643968,0.5908366905554,-0.3050521246789,-0.2829431123361,0.0067239981565,-0.2196626834111,0.1680788438097,-0.3945181003743,-0.3113894020760,-0.3979303324423,-0.1887033618273,-0.2779185181099,-0.2748749101114,-0.4126242107462,-0.2227697753050,0.1779732895019,-0.1505987355251,-0.3041199227326,0.1457565632885,0.0243461997150,-0.2196334561201,0.0325929268142,-0.2497474049207,-0.3191149834040,-0.0508641805679,0.2155068748127,0.2208813365974,0.8903078387788,-0.3228766904457,0.7145575783522,-0.0527217626770,0.3414865123426,0.0591922787561,0.4559360839619,-0.1203192709490,0.4057605150454,0.4974496665085,-0.3260375708220,-0.1178276528250,0.1327536616156,-0.2395640741068,0.3312835553081,-0.3616077517162,-0.3774469227430,-0.3429730059210,-0.1511334722794,-0.1278621069778,-0.2284206766571,-0.3374296823532,-0.2222337748278,-0.1302263688682,-0.4137345035647,-0.3343288072076,0.1170780158005,0.0655333664319,-0.1675100554455
0.4074486683452,0.1392629337449,0.3884877192822,0.3334895856403,0.4340667018218,-0.4790376399047,-0.3477832655697,1.0000000000000,-0.2582573855783,0.4466292228790,0.2053191974861,-0.1505945592822,0.2134354992084,0.0830339357665,-0.0580568465615,0.0186148867432,0.2353029905166,0.0861766866513,-0.0729839293051,0.0911612041166,0.3702014400151,0.3099482037633,0.3759480537528,0.2387942017272,0.7305295155231,-0.0033382264047,0.0719987173704,0.1414926965170,0.7177324414889,-0.0525372415906,0.4507726587573,-0.0074584594665,-0.3224492804813,0.0698472554473,-0.0434563610230,0.2982946582217,0.0486429389612,0.3096124823695,0.1578468567408,0.3222354958637,-0.4563949871906,-0.4031545541410,0.7169720652933,-0.3609270784693,0.3203194854509,0.1283881293274,0.0261215351913,0.1658705020365,0.0252074980055,-0.1503831575894,-0.0266883995316,0.2595623103900,0.0958404707248,-0.0438154422166,0.0983479283231,0.2783870143077,0.1049229127933,0.2611151489876,0.1428590421030,0.6104065648957,-0.1003921955574,0.0082911196912,0.0635776810593,0.6832170634622,0.0318535092519,0.2201367187328,-0.0736402244748,-0.2921435424716,-0.0367969540940,-0.0173783955136
-0.1323179208074,-0.2105961570713,-0.2603770241766,-0.2313082623149,-0.0933885030329,0.5111773663799,0.7634063005654,-0.2582573855783,1.0000000000000,-0.2462864866738,0.0991859091844,0.1135104246269,0.0325130056080,-0.0224270467797,0.4909809664566,0.5934568504728,-0.1554589435302,-0.3205694872126,0.0432247720647,-0.2672018580810,-0.0546178646218,-0.2967011069479,-0.2921172952997,-0.2986627392838,-0.2521227626923,-0.1952359002383,-0.2950963069841,-0.3272513932057,-0.2285631848771,0.1366269075454,-0.1027392048006,-0.2194509321950,0.1114475320052,-0.0059946665227,-0.1939472260873,-0.0579782272654,-0.2312344611775,-0.1774884176272,-0.2049890530231,-0.1327862244929,0.2049158492439,0.8328287324709,-0.3380473368325,0.8297423068296,-0.2163166400208,0.1229638116750,0.2031676824956,0.0632152610494,-0.0412379024817,0.5173074316647,0.4440095904711,-0.1171130878582,-0.1687664244586,0.2067281012514,-0.3570929267394,0.0387557692835,-0.2966375718638,-0.3181160894860,-0.2129729443879,-0.2605260364441,-0.1432303097730,-0.2853216651848,-0.2262759818425,-0.3312154446777,-0.2097407874409,-0.2462489024978,-0.3542159527961,-0.0223756187385,0.0474203644617,-0.1338846473005
0.2737305085466,0.2363382654861,0.2354382870346,0.4122512855991,0.2656184219109,-0.2680166287537,-0.2236788015034,0.4466292228790,-0.2462864866738,1.0000000000000,0.0870698761214,-0.1435142846959,0.1932998239849,0.1803193799725,0.0276027350541,0.1652156811974,0.0475707183436,0.0761633929035,-0.1267694053286,0.0757801197652,0.2743217688016,0.2034907098207,0.3348965722140,0.1581214616932,0.6140949877804,0.3249495765743,0.0726959423021,0.2113936990805,0.2159210339282,0.0317952575025,-0.0225779519410,0.1005880149595,-0.1861494488531,0.2296439455292,0.0788126403638,0.0650610797997,0.0806786280265,0.1610895060597,0.3586240699128,0.2614013742407,-0.2050345412013,-0.2863549819277,0.3469329585915,-0.2906342784577,0.8148473733875,0.0784886620939,-0.1204285130405,0.1507333330630,0.1498633006820,-0.1302400600798,0.1231321335241,0.0289344950361,-0.0308816893360,-0.2102784377380,-0.0181605297659,0.2036717404138,0.0866382869643,0.1831589561904,0.0725818834403,0.5048348659934,0.1538064978648,0.0499346986893,0.0315314825119,0.1927691767805,0.1629431639854,0.0072537915761,0.0541517162711,-0.1164354069778,0.1444121678157,0.0070560310941
0.0917320412909,-0.2318225594477,-0.3912786407877,0.0320199991020,0.6651019793235,-0.2929044718036,0.3296006436308,0.2053191974861,0.0991859091844,0.0870698761214,1.0000000000000,-0.3198781821781,0.6937152850110,-0.3335341642705,0.0670953329637,0.3369825733720,-0.1711159952006,-0.0503898321032,-0.3934126610525,-0.0695124996462,0.6735891168067,-0.2284009005699,0.0622187363317,-0.2491338950917,0.2546758581771,-0.3236149348093,-0.3358959328566,-0.4830704799031,0.2781318036312,0.2061905879624,0.1319659229350,-0.0219214728102,-0.2664593218888,0.1469964663134,-0.1150033318196,0.1880844092527,-0.0846880630106,-0.3720191837055,-0.0182948920657,0.7295159928469,-0.3090285495326,0.1778172795481,0.2980946244333,0.0142474002495,0.2311681988696,0.9176438942668,-0.3129418861632,0.7430751811934,-0.3408705296847,-0.1335542323957,0.3759252173435,-0.1713881046327,0.1170552661143,-0.2886658479778,0.0792123038678,0.7248267289345,-0.1996860887344,0.0069595468871,-0.1855492515144,0.2962010364768,-0.1717880479179,-0.2211351105985,-0.5076647148595,0.3950094324541,0.1184659829018,-0.1013687009164,-0.0110751776964,-0.1852109637435,0.1295620427615,0.0081100094681
0.0825746188237,0.0540639799902,0.1397339166776,0.0963906681640,-0.1936576889112,0.4242789734292,0.0133170768959,-0.1505945592822,0.1135104246269,-0.1435142846959,-0.3198781821781,1.0000000000000,-0.1998368021561,0.5171973108110,0.2186230463499,0.1079743230106,-0.0726601249712,-0.0118901090058,0.7209396253950,0.2629483857074,-0.1255180608179,-0.0383661526208,-0.1568463120285,-0.0181586662061,-0.2295569915924,0.3839236036822,0.3141096361278,0.2077132911052,-0.1075213674458,0.1662553749212,-0.0253662981636,0.0799450870428,0.5199852854133,-0.1510935122327,0.2104100843292,-0.1604685252569,-0.0258069687802,0.0026758072388,0.1430644228777,-0.2158061479636,0.4948650842866,0.0509234394931,-0.3301946442910,0.0462902604280,-0.2579490192355,-0.3163861644116,0.6561306824939,-0.2488316302902,0.6391715192693,0.1350428586837,0.0631129317745,-0.0706953847457,-0.1926963934746,0.4941273496617,0.1188701858946,-0.1932175154946,-0.1366867701232,-0.1485349565049,-0.2003660019471,-0.2817145562901,0.3981736320307,0.2136777239552,0.1563266138149,-0.2428085163555,0.0892534796153,-0.1692191214647,0.1545617301990,0.4146710617325,-0.1473286604547,0.1869888190429
0.1973038419187,-0.1438293169970,-0.1591449399787,0.1767816793343,0.8401267186678,-0.3165423949081,0.3708752845104,0.2134354992084,0.0325130056080,0.1932998239849,0.6937152850110,-0.1998368021561,1.0000000000000,-0.1971962401041,-0.0443189094213,0.3719521650217,-0.2438155908834,-0.0788686532576,-0.1533031588757,-0.0985251111812,0.8851669558224,-0.2446368034684,0.1029751208916,-0.1462445331929,0.3993575243963,-0.2949431747025,-0.2040321670928,-0.3276390542534,0.3760995153806,0.0692226411638,0.1501355650410,-0.2596327435202,-0.2364795799552,0.0577893596740,-0.1736446628565,0.2260595666229,-0.0502037491693,-0.1350440634238,0.1141677013531,0.7992137069655,-0.3070528346863,0.2151160571400,0.2202572527685,-0.0246231356677,0.3581153628258,0.5802598106527,-0.1369895460428,0.9502243220755,-0.2312205008693,-0.1944986427404,0.4651826058133,-0.2442441191076,0.1219508183529,-0.0664610325028,0.0446835036323,0.9218548041186,-0.1899852495827,-0.0347659503869,-0.1125253541853,0.4185310563568,-0.1584580612315,-0.1468986169594,-0.2960684962723,0.4629367135194,-0.0062524675693,-0.0825356189457,-0.2056817735166,-0.2088107954276,0.0049578123079,-0.0541198517920
0.1633838392788,-0.0043392353778,0.2377680680467,0.0704636413360,-0.1661233917444,0.1380776793192,-0.1220717019860,0.0830339357665,-0.0224270467797,0.1803193799725,-0.3335341642705,0.5171973108110,-0.1971962401041,1.0000000000000,0.2498713705604,0.0082723934716,-0.0310472490462,-0.0798059789178,0.6296246367110,0.1089919963258,-0.1290241583939,0.0582487782492,-0.1542733823830,0.0509295757201,-0.0482220241931,0.3527840597118,0.2538758590291,0.4176922020451,-0.0875253854758,-0.0324940322102,-0.2295100201292,0.0265524852619,0.1938857378809,-0.1496867851834,-0.0607086598989,-0.2348619012957,-0.1890630817806,0.2046015040649,0.0346005115244,-0.2251103166908,0.1138856370691,-0.0745803146318,-0.1655540480570,-0.0297740507080,-0.0398330176274,-0.3612479968933,0.5726163651382,-0.2677175632040,0.8556126412176,0.1515171137909,-0.1117145401922,0.0111870105343,-0.2572132253332,0.5546253936442,-0.1695503121038,-0.2091003106076,0.0639483329920,-0.1968841516159,-0.1297948121648,-0.1520708794242,0.2624670953656,0.0480314078669,0.2893465480562,-0.1484468496183,-0.0716399378204,-0.2255111779822,0.0854105966869,0.2009390573358,-0.0999840180375,-0.1072372759531
0.4470264730542,-0.2085446356342,-0.0760488283128,0.0052757370803,-0.1820230159413,0.2701696297436,0.4523772643968,-0.0580568465615,0.4909809664566,0.0276027350541,0.0670953329637,0.2186230463499,-0.0443189094213,0.2498713705604,1.0000000000000,0.3022637316012,-0.1642161770669,0.0257284587837,0.3560771753691,0.3057030103047,-0.1023309379299,-0.0866031157177,-0.1741170378005,-0.1899235061221,-0.1944363297530,0.1474279152321,-0.0037306307015,0.0462594995613,-0.2668069220638,0.3783845704124,-0.1308098477764,-0.0785349548391,0.1584063466277,0.2134232497207,-0.0664012109035,0.1040898309356,-0.2660502238895,-0.2330725010039,0.0459969597747,-0.0452041130973,0.1645379916046,0.3786643055532,-0.2386848915942,0.4055711141798,-0.0269018725183,0.1070922549636,0.1325500581689,0.0115283676755,0.1197804729601,0.5207146663123,0.1154037398953,-0.1478614582925,-0.0752439226256,0.1536705602031,-0.0290027953361,-0.0337160347769,-0.1218745888743,-0.2520958807257,-0.2758689824448,-0.2982145949229,0.0625239518977,-0.1305912563540,-0.1634947671445,-0.2971300974310,0.1201955445321,-0.3566824052550,-0.1380564918618,0.1521756324618,0.2208557462170,-0.0843008559255
0.0762120780446,-0.1691578852309,-0.2642936338307,0.0023489369411,0.2478160249502,0.2534898805249,0.5908366905554,0.0186148867432,0.5934568504728,0.1652156811974,0.3369825733720,0.1079743230106,0.3719521650217,0.0082723934716,0.3022637316012,1.0000000000000,-0.1674400722498,-0.2768761113446,-0.0485860134002,-0.1313938495144,0.3256984543764,-0.2946877112657,-0.0530957120303,-0.2923686753144,0.1475983304911,-0.0816003729114,-0.2653553872122,-0.3759364195043,0.0365269688580,0.3122815477665,0.0028645417491,-0.0418492710267,0.0432982133489,0.1112756976161,-0.0520472708175,0.1687409333863,-0.1797649418230,-0.1822222069055,0.0269620995482,0.2718142728351,0.0934627306950,0.5380538049923,-0.0288709927659,0.4454733283462,0.2526196375190,0.3466257208460,0.0543409972545,0.3930173072932,0.0578910841731,0.3378696936902,0.7999992630267,-0.1651994882180,-0.1559219016993,0.0348741911444,-0.0973653169644,0.3603001730191,-0.3457954945524,-0.1387064738518,-0.2783630843972,0.1715002687307,-0.0615514003214,-0.2234857946489,-0.3366404538932,-0.0580185094448,0.0665268865882,-0.2709145587437,-0.1534455392414,-0.0028357662195,0.0652911757286,0.0191545590831
0.0554388889639,0.4409222405630,0.3109927284451,0.2723488371595,-0.1608642622819,-0.1751443939930,-0.3050521246789,0.2353029905166,-0.1554589435302,0.0475707183436,-0.1711159952006,-0.0726601249712,-0.2438155908834,-0.0310472490462,-0.1642161770669,-0.1674400722498,1.0000000000000,0.2056399797370,-0.0836992960082,0.1410680143679,-0.2169773258866,0.6491314200088,0.5242922602365,0.5513529795408,0.2565787414167,0.1218938196307,0.1473020314766,0.3277638432509,0.3982371934457,0.1438856114273,0.4672507966842,0.0951989449727,-0.1261282747189,0.3419731115330,0.3434775595357,0.1795877661343,0.2993785538006,0.2333419169990,0.2320124140802,-0.2069156124070,-0.1411296512105,-0.3374685234131,0.2697738622154,-0.2410777217973,0.0216140422768,-0.1219176406491,-0.0539904330912,-0.2361979905303,-0.0850204775050,-0.2418502338058,-0.1441564407354,0.8943463078658,0.0739891424486,-0.0410235659289,0.1121370493962,-0.2286274513308,0.5345710691625,0.5726882926813,0.5956168924997,0.2687455210444,0.0681958899748,0.0724548506641,0.3388911132497,0.3458464701913,0.1963252501011,0.4883477985850,0.0625319025471,-0.0688116582979,0.2710938524773,0.2727898772935
0.1554969461476,0.4742064486660,0.3788509138557,0.4023669507397,-0.0315735367829,-0.1666543326830,-0.2829431123361,0.0861766866513,-0.3205694872126,0.0761633929035,-0.0503898321032,-0.0118901090058,-0.0788686532576,-0.0798059789178,0.0257284587837,-0.2768761113446,0.2056399797370,1.0000000000000,-0.0166236439703,0.7172957153744,-0.0781729543214,0.4091981870596,0.3066702229740,0.5421788269600,0.0236363494718,0.3428143676687,0.5990158587617,0.3766917508176,0.0684070186664,0.2409281779562,0.2277777564797,0.0842423019613,-0.0940751323856,0.2990452412295,0.6046130388719,0.0716919453451,0.4731498480952,0.1472795289555,0.4517919097443,0.0142347692553,-0.0551594006883,-0.3704632977151,0.1109226359169,-0.3924171863508,0.0098266809273,-0.0882558997260,-0.2055986489222,-0.0941180884260,-0.1343934443341,-0.3448856001532,-0.3035448696217,0.1719058399250,0.6167887636792,-0.2569599562338,0.3412591891210,-0.0896009808717,0.3265503285647,0.3003797150107,0.4737236503920,-0.0134080596456,0.1864348091725,0.3278428761206,0.2238203071951,0.0867309323430,0.1808542685938,0.3214289190309,0.1136287363227,-0.0892498035039,0.2430031384497,0.3191615049000
0.2226350046863,-0.0287654558951,0.2379047640615,0.0398756658829,-0.1879982163015,0.2162612012998,0.0067239981565,-0.0729839293051,0.0432247720647,-0.1267694053286,-0.3934126610525,0.7209396253950,-0.1533031588757,0.6296246367110,0.3560771753691,-0.0485860134002,-0.0836992960082,-0.0166236439703,1.0000000000000,0.2446576202634,-0.1437388892514,-0.0184511217961,-0.1953884923543,-0.0204246368038,-0.2137342630014,0.2425403041704,0.3096638768548,0.4066933774167,-0.1507937713618,-0.0316794064894,-0.1816546384192,-0.2109352086599,0.2302179183041,-0.1737953299359,-0.0372078227137,-0.1801094487349,-0.1340803393152,0.1272805724488,0.0402643626784,-0.2064000762961,0.2142619366893,0.0611222156201,-0.3183857853068,0.1056808410004,-0.2589921381584,-0.3817721527142,0.6560873208828,-0.1993765247464,0.5851973863108,0.2033760440440,-0.1475230855059,-0.0856254781397,-0.2156469741417,0.7105121368893,-0.0447661607573,-0.1583707851919,-0.0412201878127,-0.2147342262370,-0.2158118745530,-0.3098874974070,0.2371969697271,0.1328829432981,0.2856566415402,-0.1892508814511,-0.1209137650100,-0.2658923260871,-0.1292337307245,0.1904464655208,-0.1596426749034,-0.0663060372529
0.3960415461841,0.3053693493319,0.3141623233805,0.3594640624805,-0.0812874569816,-0.1140310592478,-0.2196626834111,0.0911612041166,-0.2672018580810,0.0757801197652,-0.0695124996462,0.2629483857074,-0.0985251111812,0.1089919963258,0.3057030103047,-0.1313938495144,0.1410680143679,0.7172957153744,0.2446576202634,1.0000000000000,-0.0587873243022,0.2819268218596,0.2102698685323,0.3586589285021,-0.0388746579792,0.4823067690431,0.6033874469448,0.4035991488385,0.0301643616917,0.3690073870323,0.1821818833653,0.2254630756322,-0.0293016129595,0.3212467686804,0.5247254691693,0.1143379181144,0.2426145881707,0.0280771740983,0.4059116673392,0.0271731382578,0.0268591672137,-0.3316609011510,-0.0242494134161,-0.3368885713212,-0.0271845502818,-0.0756021906849,-0.0428513781738,-0.0888493813691,0.0133786888053,-0.1454707732547,-0.1588870762634,0.1056706763455,0.3772460130257,-0.1457205727077,0.5325822479112,-0.0833987664376,0.1862392519008,0.1866431655930,0.1832768500288,-0.1183673732529,0.2769363674857,0.2958509619165,0.1228793955546,-0.0035522658413,0.2778190679564,0.0811633790596,0.2471794253189,0.0340408939928,0.2035626494528,0.2967773515977
0.2170114788831,-0.0844963037764,-0.1088492950652,0.2088860576546,0.8718662042815,-0.3855128368510,0.1680788438097,0.3702014400151,-0.0546178646218,0.2743217688016,0.6735891168067,-0.1255180608179,0.8851669558224,-0.1290241583939,-0.1023309379299,0.3256984543764,-0.2169773258866,-0.0781729543214,-0.1437388892514,-0.0587873243022,1.0000000000000,-0.1951097394034,0.1157694338454,-0.0857275121964,0.4843809247592,-0.2351285825968,-0.1906838764525,-0.3252489624117,0.4837136654371,0.0465088789189,0.2115538736752,-0.1712728795501,-0.2405505492672,-0.0023316108389,-0.1183633094090,0.2008342995717,0.0044961190068,-0.1205536781746,0.0755368072807,0.7784203358529,-0.3491488168047,0.0532289652437,0.2711910799411,-0.1328426018996,0.3346005970665,0.5064979576340,-0.0981034960582,0.8093516960270,-0.1555168775097,-0.2578937563494,0.3871274379433,-0.1880056263132,0.1003024830457,-0.1082386859335,0.0463146518742,0.9248232904872,-0.1534880955244,0.0163961144762,-0.1058114716706,0.4620279861396,-0.1345450964251,-0.2153369746978,-0.3417920456886,0.5102051523256,-0.0259027358200,0.0052635111230,-0.1167370353065,-0.2197413273518,-0.0352421077848,0.0204042612834
0.1444966952757,0.5170870650648,0.4000320259450,0.4889898598493,-0.1380128107923,-0.2800941424048,-0.3945181003743,0.3099482037633,-0.2967011069479,0.2034907098207,-0.2284009005699,-0.0383661526208,-0.2446368034684,0.0582487782492,-0.0866031157177,-0.2946877112657,0.6491314200088,0.4091981870596,-0.0184511217961,0.2819268218596,-0.1951097394034,1.0000000000000,0.5453756607687,0.8424730140639,0.3054598683156,0.2377519136552,0.3169894589431,0.3847748030215,0.4182864949757,0.2591670490337,0.5225395280652,0.0321361357569,-0.0725307711956,0.4264373803170,0.4146914889653,0.1183504749538,0.3699731817708,0.2194843067430,0.3947179723395,-0.2132649719008,-0.1970115461165,-0.4210252195063,0.2046658370510,-0.3509881356193,0.0565743432515,-0.2692087669622,-0.0649578471787,-0.2700536333960,-0.0288525102943,-0.2707261292267,-0.3615333589251,0.5891196698558,0.2218644031503,-0.0509140580916,0.1357201568565,-0.2779693921783,0.7780323829658,0.5325867013889,0.6822486514620,0.1962406467576,0.1983301222430,0.0995903563259,0.2826999980362,0.2963998389850,0.2687791935804,0.5654414043118,-0.0012731083324,-0.0486095954083,0.3655075151877,0.2679923414743
0.2562928604591,0.5993162758875,0.2888605701027,0.6581885790655,0.1695958125451,-0.4479675130699,-0.3113894020760,0.3759480537528,-0.2921172952997,0.3348965722140,0.0622187363317,-0.1568463120285,0.1029751208916,-0.1542733823830,-0.1741170378005,-0.0530957120303,0.5242922602365,0.3066702229740,-0.1953884923543,0.2102698685323,0.1157694338454,0.5453756607687,1.0000000000000,0.4996038312213,0.4442618926107,0.1382439116406,0.1217597334016,0.2015293756939,0.5018472971540,0.2895412162281,0.6040466971932,0.0303730853269,-0.3064394346760,0.4837491215439,0.4512141063719,0.4337184850849,0.5723186862652,0.0668115243891,0.5339468477066,0.1041858964710,-0.3670660430282,-0.4192072997555,0.4951929801666,-0.3907191638068,0.3877271195497,0.0861723251543,-0.0920230247743,0.0790683104245,-0.2065810366852,-0.3423958149672,-0.0320429911413,0.4688028810937,0.3424567260068,-0.1442510190659,0.3603089808829,0.0788814728103,0.4474143073571,0.9040924556538,0.5489726559919,0.4851144228729,0.0892897428659,0.1899244520773,0.1242535753945,0.4773070756639,0.4165879301625,0.5225521390391,-0.0000278951447,-0.2578965986058,0.3229906236470,0.5076050874680
0.0646209501172,0.5966275849924,0.5826045484476,0.5457302437126,-0.0565536058948,-0.3114170377181,-0.3979303324423,0.2387942017272,-0.2986627392838,0.1581214616932,-0.2491338950917,-0.0181586662061,-0.1462445331929,0.0509295757201,-0.1899235061221,-0.2923686753144,0.5513529795408,0.5421788269600,-0.0204246368038,0.3586589285021,-0.0857275121964,0.8424730140639,0.4996038312213,1.0000000000000,0.2648908499354,0.2692019487435,0.4023401962538,0.4570067791342,0.3548804277997,0.1154055854363,0.4915941837653,-0.0566761748313,-0.1627753007078,0.2662423429761,0.4777953374322,0.0950844743989,0.4487511355454,0.3679058841789,0.4334344518098,-0.2020290111816,-0.2346669723088,-0.4268495099035,0.1540606723015,-0.4200107972437,0.0386601865704,-0.3385798724416,-0.0558176029281,-0.2241129248088,-0.0217464819559,-0.3936352076919,-0.2991263385299,0.5398130108064,0.3100035793282,-0.0850053568260,0.1276894580569,-0.1987245717065,0.7442319394200,0.4880751638783,0.8049450840385,0.1867533259698,0.2012678540455,0.0686565920638,0.3546791536638,0.2375087657105,0.0896098323788,0.6436660068861,-0.0118965378876,-0.1691873676191,0.2046594744267,0.2958165024110
0.2749830468782,0.2323993006194,0.2190363551108,0.4523648124297,0.5944134364242,-0.4217040193025,-0.1887033618273,0.7305295155231,-0.2521227626923,0.6140949877804,0.2546758581771,-0.2295569915924,0.3993575243963,-0.0482220241931,-0.1944363297530,0.1475983304911,0.2565787414167,0.0236363494718,-0.2137342630014,-0.0388746579792,0.4843809247592,0.3054598683156,0.4442618926107,0.2648908499354,1.0000000000000,0.0505925134707,0.0467489008529,0.0298814402406,0.7269733007212,0.0638126128278,0.3599934112799,-0.0165704886724,-0.3067620357149,0.1397962325064,-0.0253448313465,0.3251218581073,0.1632706836672,0.2922994209527,0.3562353366851,0.5291037558473,-0.3734544689642,-0.2794593489852,0.6701145844768,-0.3283384011278,0.6360351914565,0.1901403632271,-0.1310269709282,0.3755894108774,-0.0607432856595,-0.2130434730497,0.1725440593732,0.1874651130294,0.0833128738443,-0.1646532553744,0.0860955312190,0.4390353912538,0.0859337286521,0.3090146426090,0.2085646173900,0.8944373169890,-0.0175844329742,0.0801874696532,0.0519322495391,0.6957625880801,0.0916849147920,0.2201275609374,-0.0383877879045,-0.2575791391875,0.0163914192144,0.0039482286687
0.0349480461240,0.4608902913492,0.2997291504881,0.4357079844705,-0.1832570697549,0.1120521015438,-0.2779185181099,-0.0033382264047,-0.1952359002383,0.3249495765743,-0.3236149348093,0.3839236036822,-0.2949431747025,0.3527840597118,0.1474279152321,-0.0816003729114,0.1218938196307,0.3428143676687,0.2425403041704,0.4823067690431,-0.2351285825968,0.2377519136552,0.1382439116406,0.2692019487435,0.0505925134707,1.0000000000000,0.6066345386378,0.4994254884113,-0.0717661463878,0.1678391428524,-0.0330380579788,0.2312956700564,0.1362708759170,0.1434867569846,0.5334370135146,-0.0921326971251,0.3407495759412,0.2064760522845,0.5309443702377,-0.1582736556923,0.2698808819382,-0.3041408876684,-0.0268398057717,-0.2664288130701,0.1434492142498,-0.3029644897840,0.1404506558529,-0.3192586638636,0.4168901252510,-0.0652175535064,-0.1349197235127,0.0528826817086,0.0880240683523,-0.0369791233326,0.2569600400127,-0.2884332200753,0.1221273364439,0.1203512789602,0.1595632128896,-0.0224999449588,0.7123148775051,0.4772497472161,0.3748660133303,-0.1548014960764,0.2114784626178,0.0555893944621,0.2866999566588,0.1870064555211,0.0634687720767,0.3347327578893
0.0580325230247,0.4878533589241,0.5161038487665,0.4044554401184,-0.1219789846047,-0.0447170413677,-0.2748749101114,0.0719987173704,-0.2950963069841,0.0726959423021,-0.3358959328566,0.3141096361278,-0.2040321670928,0.2538758590291,-0.0037306307015,-0.2653553872122,0.1473020314766,0.5990158587617,0.3096638768548,0.6033874469448,-0.1906838764525,0.3169894589431,0.1217597334016,0.4023401962538,0.0467489008529,0.6066345386378,1.0000000000000,0.6506330456375,0.0587280280023,0.0176926747689,0.0689632132918,0.0601662071025,-0.0053725647554,-0.0004485776302,0.4033767111576,-0.0666470851360,0.3593649194383,0.3589538360882,0.4780792088628,-0.0521498353679,0.0648307278188,-0.3526134968054,-0.0148596832375,-0.3274869522007,-0.0712466343164,-0.3945536778951,0.0734064761389,-0.2293803411500,0.2593436870691,-0.2197535411995,-0.3410794578715,0.1028719673287,0.2708557530637,0.0323464007166,0.2303814169229,-0.2120293709027,0.1898548940485,0.1191811361555,0.2475376005586,-0.0450958762913,0.4222148186435,0.6754506344258,0.5120150204661,-0.0076214818280,-0.0169562822772,0.1082145234926,0.1249173553956,-0.0384202676365,-0.0840527827099,0.1065020487058
0.1534751983378,0.4400725564575,0.7496444878266,0.3245950701884,-0.2585398473149,-0.1036260826867,-0.4126242107462,0.1414926965170,-0.3272513932057,0.2113936990805,-0.4830704799031,0.2077132911052,-0.3276390542534,0.4176922020451,0.0462594995613,-0.3759364195043,0.3277638432509,0.3766917508176,0.4066933774167,0.4035991488385,-0.3252489624117,0.3847748030215,0.2015293756939,0.4570067791342,0.0298814402406,0.4994254884113,0.6506330456375,1.0000000000000,-0.0366087647782,-0.2123647950622,-0.0761637501470,-0.0210263471785,-0.0753489853540,-0.0637290807141,0.1846117781848,-0.1674810381271,0.1834603421856,0.5369981055838,0.3160514816941,-0.2703835398521,-0.0500544932155,-0.4122473317066,0.0112446229005,-0.2893580778084,0.0208222476425,-0.4406500673464,0.1742419978485,-0.3853209012256,0.3400469876909,-0.1709519761167,-0.4092769544429,0.2837784635915,0.0244484235907,0.2175404770058,0.0226946793755,-0.3357210998426,0.3435170044014,0.1800599753554,0.3329682060170,-0.0751902848724,0.3531059767095,0.4515327934297,0.7781197069738,-0.0132506678142,-0.1671594912240,0.1113875573310,0.0098770124805,-0.1212289865975,-0.0942543645033,-0.0665585875974
0.1955964841485,0.2461989138557,0.1778330967366,0.3728950872845,0.5782397645846,-0.4705290697135,-0.2227697753050,0.7177324414889,-0.2285631848771,0.2159210339282,0.2781318036312,-0.1075213674458,0.3760995153806,-0.0875253854758,-0.2668069220638,0.0365269688580,0.3982371934457,0.0684070186664,-0.1507937713618,0.0301643616917,0.4837136654371,0.4182864949757,0.5018472971540,0.3548804277997,0.7269733007212,-0.0717661463878,0.0587280280023,-0.0366087647782,1.0000000000000,0.0917066128463,0.6171671347795,-0.0483530997910,-0.2523283788460,0.0909323570820,0.1057407538497,0.2750915851721,0.2085539218881,0.1017526161098,0.2313331198544,0.4005737773116,-0.4001633400292,-0.3165047502760,0.5431588826526,-0.3692568487276,0.1845732265342,0.1711450277118,-0.0497262435908,0.3284071804198,-0.1203484618719,-0.3553289653451,0.0562549755452,0.3771009296246,0.1046336004213,-0.1135987848178,0.1161850092791,0.3997600033602,0.2332938539854,0.4311233940965,0.2896549065109,0.6597024335761,-0.1022731466377,-0.0184925003264,-0.0410630705776,0.8713104832978,0.0926121901264,0.4284580468180,-0.0791950690733,-0.2350588697498,-0.0500572039283,0.1420444943522
0.2670589338980,0.1628665737592,-0.2379109182499,0.3397954193751,-0.0071084886226,0.1230374488816,0.1779732895019,-0.0525372415906,0.1366269075454,0.0317952575025,0.2061905879624,0.1662553749212,0.0692226411638,-0.0324940322102,0.3783845704124,0.3122815477665,0.1438856114273,0.2409281779562,-0.0316794064894,0.3690073870323,0.0465088789189,0.2591670490337,0.2895412162281,0.1154055854363,0.0638126128278,0.1678391428524,0.0176926747689,-0.2123647950622,0.0917066128463,1.0000000000000,0.3214701083305,0.1902515046148,0.1737667503925,0.5570646093339,0.4547154749093,0.2815150303599,0.2295619026911,-0.2997656890067,0.3790346279865,0.1228664793704,0.1668827236574,0.0584976804454,0.0291206555664,0.0416171588752,0.1010066508638,0.2377202930172,-0.0358421294272,0.1278257549056,-0.0404212026502,0.0654501719388,0.2579021840763,0.0881824893160,0.1982516701045,-0.1132862796201,0.3229060242777,0.0456800733143,0.1257738147674,0.3123453744876,0.0656198035101,0.0935956190358,0.1677385990737,0.0638430820114,-0.2339952811778,0.0276912421429,0.6574446940222,0.0437133749609,0.1664801346380,0.2070038308026,0.5173470980914,0.4368498583914
0.2840809065995,0.3219063712388,0.2235426230998,0.3754316948298,0.2000263853393,-0.2692666121975,-0.1505987355251,0.4507726587573,-0.1027392048006,-0.0225779519410,0.1319659229350,-0.0253662981636,0.1501355650410,-0.2295100201292,-0.1308098477764,0.0028645417491,0.4672507966842,0.2277777564797,-0.1816546384192,0.1821818833653,0.2115538736752,0.5225395280652,0.6040466971932,0.4915941837653,0.3599934112799,-0.0330380579788,0.0689632132918,-0.0761637501470,0.6171671347795,0.3214701083305,1.0000000000000,0.0073618856295,-0.1233769343234,0.3251996868172,0.4029979190180,0.3923448863527,0.3466770489457,0.0161492885408,0.2956657537527,0.1077921422244,-0.2018966662138,-0.2324405960234,0.3471439273587,-0.2150026978264,-0.0064657159651,0.0573054663994,-0.0466364758165,0.1152705565435,-0.2402797615240,-0.2269036341569,0.0131030072678,0.4443065271078,0.2691965346434,-0.1334185170102,0.2950457181482,0.1265486083584,0.3476048577356,0.5386377766148,0.4313513767401,0.3473369824818,-0.0198869348725,-0.0362478309687,-0.0662205002626,0.4482147416822,0.3075504911910,0.6327829495602,-0.0287433792422,-0.0940721854440,0.1981947791555,0.4364212836712
-0.1163426695654,-0.0208019959863,-0.1080793846962,-0.1082725476272,-0.1487742592035,0.1418305930816,-0.3041199227326,-0.0074584594665,-0.2194509321950,0.1005880149595,-0.0219214728102,0.0799450870428,-0.2596327435202,0.0265524852619,-0.0785349548391,-0.0418492710267,0.0951989449727,0.0842423019613,-0.2109352086599,0.2254630756322,-0.1712728795501,0.0321361357569,0.0303730853269,-0.0566761748313,-0.0165704886724,0.2312956700564,0.0601662071025,-0.0210263471785,-0.0483530997910,0.1902515046148,0.0073618856295,1.0000000000000,0.1731637221448,0.1175012367553,0.1579533464205,-0.1255951601407,-0.0688857632150,-0.2030475002603,-0.0268658007661,-0.0216301653343,0.2144624522997,-0.3478557554048,0.0410387183872,-0.2873369881642,0.0838543958147,0.0615171305489,-0.3327692021605,-0.1732432690981,0.1004614019596,-0.0893446698237,0.0424797397121,0.0167412234201,-0.0897534643068,-0.4551834777977,0.2598699255712,-0.1862135923781,-0.1058603881067,0.0404624543339,-0.0786699616085,-0.0098813921954,0.0490075560004,0.1223217060221,-0.1258431813927,-0.0246477454395,0.2910088632611,-0.0282113041244,0.8497618580877,0.2748517512695,0.0538954188750,0.0714045608354
-0.1255372820799,-0.1522852971169,-0.1857075470524,-0.1715282049556,-0.2965399778319,0.7246384460523,0.1457565632885,-0.3224492804813,0.1114475320052,-0.1861494488531,-0.2664593218888,0.5199852854133,-0.2364795799552,0.1938857378809,0.1584063466277,0.0432982133489,-0.1261282747189,-0.0940751323856,0.2302179183041,-0.0293016129595,-0.2405505492672,-0.0725307711956,-0.3064394346760,-0.1627753007078,-0.3067620357149,0.1362708759170,-0.0053725647554,-0.0753489853540,-0.2523283788460,0.1737667503925,-0.1233769343234,0.1731637221448,1.0000000000000,-0.1496286894018,0.0822219990471,-0.2449732909315,-0.1746506325738,-0.2110026863390,-0.0476156792100,-0.2227776208321,0.8149884782951,0.1986272508967,-0.3719617077567,0.1207030991979,-0.2364171742534,-0.2155376924879,0.2536867753501,-0.2191947038323,0.3121804220314,0.1968333919523,0.0952752845761,-0.1372471383790,-0.2472801696167,0.1105506655468,-0.0827445518370,-0.2507385175843,-0.1708310213674,-0.2437435431294,-0.2352386710109,-0.2944751770240,0.1138494639646,0.0692753229420,-0.0161934844785,-0.3184372205112,0.1158061347137,-0.2011680064357,0.1454259100936,0.8216834653133,-0.0311760808390,0.0240110143353
0.2373658312235,0.3242201637905,-0.0873969139232,0.3761183688490,0.0035856924003,-0.1235162550660,0.0243461997150,0.0698472554473,-0.0059946665227,0.2296439455292,0.1469964663134,-0.1510935122327,0.0577893596740,-0.1496867851834,0.2134232497207,0.1112756976161,0.3419731115330,0.2990452412295,-0.1737953299359,0.3212467686804,-0.0023316108389,0.4264373803170,0.4837491215439,0.2662423429761,0.1397962325064,0.1434867569846,-0.0004485776302,-0.0637290807141,0.0909323570820,0.5570646093339,0.3251996868172,0.1175012367553,-0.1496286894018,1.0000000000000,0.4130667057028,0.2206075340861,0.3063107748401,-0.1379441346497,0.3973697090162,0.0654069603640,-0.0878695442488,-0.0618093266158,0.1735970268727,-0.0172880032600,0.2408390425130,0.1804255367364,-0.1883429339628,0.1095616067576,-0.2266444023990,0.0000531060581,0.0885440373275,0.2759949416132,0.2963222755615,-0.1373198285788,0.3189063986677,0.0345181065316,0.3787789494351,0.4595454230577,0.3320291658948,0.1310399368894,0.1359327542444,0.0218089270581,-0.1456654140936,0.0846506436005,0.6590229136824,0.2180000200957,0.0251490807562,-0.0305445508108,0.7687953859825,0.4606541739924
