1.0000000000000,0.3109513286284,0.1315704681478,0.3722666897938,0.5477634935398,-0.2444831987963,0.0267663062249,0.4521177665863,-0.1333030831789,0.5186571274940,0.3680981316553,-0.0649109439268,0.3102332153535,-0.0936668139360,0.5150663777161,-0.2668261606686,0.2556822226170,0.5344521892284,-0.0148942923022,0.2981224462329,0.5910614539458,0.2964771508811,0.5230517460593,0.0814080761249,0.4814627876585,0.2667494383130,-0.0068452674122,-0.2543151848940,0.3399410600406,0.6149456931808,0.3758943775855,-0.4169804053606,-0.2040397221044,0.2178791987524,0.4711813048713,0.7778489560108,0.2710017464789,-0.1824127387211,0.4212938063269,0.4761008649751,-0.3331859065198,-0.0687527663410,0.3563430696237,-0.3084074529658,0.4095014626380,0.3992127016361,-0.0701724614465,0.2527483689027,-0.1274398065518,0.1939952115363,-0.1561671367707,0.3522801459858,0.4168489061178,-0.1566901143901,0.1620956490327,0.4847628717417,0.3088034829343,0.4862727994451,0.3249169178620,0.3460700973676,0.2005458368052,-0.0266690223754,-0.3663276813566,0.3037153225717,0.4415885852179,0.2912454219245,-0.0736313413940,-0.1751588115459,0.3064954170660,0.4729805476211
0.3109513286284,1.0000000000000,0.2393571157308,0.6250395762381,0.0781457370179,-0.1020394031452,-0.1127790238667,0.1910909535437,-0.0952153966706,0.2587063842510,-0.1341683373075,0.0109045673351,0.0926427187428,0.0552515429798,-0.0214344491425,-0.1517692225742,0.1022820658295,0.4593935665745,-0.0308801557406,0.3256030419097,0.3721372870374,0.1595025490531,0.4796145074913,0.2030466135731,0.2749372770700,0.6356478624884,0.4294004026775,0.1743270717979,0.0771400886612,0.1523660643024,0.3629220908954,-0.1665693337217,-0.1030978418009,0.3024466209981,0.6474479090985,0.2479443972801,0.7656552013805,-0.0013672458959,0.7242046714692,-0.0061896106854,-0.1817183508434,-0.1400347157667,0.1290320710364,-0.1718883421362,0.2183273783261,-0.0964229344570,0.0076245309899,-0.0381379224721,0.0447651329419,-0.0384183900015,-0.0736535142279,0.0896589063717,0.3981893806808,-0.0935156475911,0.1681396509491,0.2571904300015,0.0899822184932,0.4484849125581,0.2026247221829,0.1641418250394,0.6156927115436,0.2727543496095,0.1521897006087,0.0987495374299,0.1027109112463,0.2649343842084,0.0737736248748,-0.0500932502134,0.1764701478564,0.6541405402889
0.1315704681478,0.2393571157308,1.0000000000000,0.2851554274026,0.0311460683528,-0.0437851034364,-0.2254400818849,0.4432515063437,-0.0034214582459,0.0619230524354,-0.1499650549221,0.2781040108704,-0.2187783152778,0.1292822083674,0.0296374580033,-0.0653249584865,0.1903378852710,0.2073376429588,0.2756715774782,0.1788419206987,0.0271957037620,0.1650431219706,0.3270110206056,0.3538343902639,0.2614917150767,0.3365977084631,0.3464433176234,0.6638357191249,0.1517686198320,-0.1169657676090,0.2650446162475,-0.0048417863051,0.0389947496738,-0.0963775277371,0.0563257021466,-0.0622752662367,0.1145405342657,0.6340945754292,0.2163071643121,-0.0560010634492,-0.1488573366142,-0.2391769411766,0.3823421988463,0.0190999403226,-0.0018931743641,-0.1084021356985,0.2401267959124,-0.2618125938712,0.1922148666646,-0.0025725682343,-0.0912512582569,0.2128311859982,-0.0027036224705,0.1957840361952,0.0200577352448,-0.0732869465589,0.1544853597848,0.2566924257109,0.1511011284785,0.1258134992840,0.2195969902043,0.0693508706581,0.5337633602135,0.1807715928388,-0.2251071749689,0.1682636857906,-0.1340525875273,0.0430165508057,-0.1254318932638,-0.0245289329275
0.3722666897938,0.6250395762381,0.2851554274026,1.0000000000000,-0.0016908057950,-0.1175204852759,0.1145338541216,0.2751782811638,0.0343608815919,0.4129988070006,-0.1188802712268,0.1518527094538,0.1200863149661,0.2959978724227,0.1137767927955,-0.0968044889369,-0.1123659528206,0.3179276192119,0.0551473211825,0.2893462999176,0.4335213192401,-0.0888031713686,0.4805047244911,-0.0496077052623,0.3336603265330,0.6135235424347,0.4507069597996,0.1707537929988,-0.1136910214498,0.0265844542900,0.2102695059738,-0.0786303035616,-0.0130191072703,0.0190273493451,0.5219019046865,0.2345040505061,0.5593172096850,0.1976112182633,0.8591543537296,-0.0723550002609,-0.1373673460866,0.0446048829140,0.2530976851537,-0.0207664102476,0.3351146258642,-0.0926230651168,0.1299261116776,-0.0057490590433,0.2483977122078,0.1123362040513,0.0104660306370,-0.0759673413304,0.3805216620568,0.0175780561114,0.1110076647304,0.2575044543644,-0.1251162949816,0.4068150382785,-0.0589212639793,0.2024171658846,0.6036872248710,0.2776589166226,0.1500669419763,-0.0699395455852,0.0483010992547,0.0900704967435,0.0248203575224,-0.0271005675735,-0.0115653115696,0.5034593444592
0.5477634935398,0.0781457370179,0.0311460683528,-0.0016908057950,1.0000000000000,-0.1000844177927,0.1054525968159,0.3964412441013,-0.1327499567535,0.5349470902015,0.6579912404920,-0.1246907502642,0.6009756954457,-0.0537684368064,0.3007295135724,-0.1393194078846,0.4454289886374,0.3102965266423,-0.0497355534355,0.0306358120667,0.6658781267427,0.5417808227522,0.4260068677016,0.2986697167574,0.5393567490831,-0.0742575747423,-0.2889099735854,-0.3255910623654,0.6823358847603,0.5794544128200,0.3401567618804,-0.3661082459860,-0.1417165298462,0.3156055453844,0.1997023804605,0.6168056657307,0.0489177860991,-0.3063274213624,0.0991610412730,0.9209618900277,-0.1273795895242,0.0369432948708,0.2325602808102,-0.2895516381247,0.4500118044221,0.6458120495075,-0.1059987792090,0.6087363771395,-0.1840402702536,-0.0081905768443,-0.0366791729503,0.5331647275355,0.1327101302906,-0.2274613552974,-0.1216537884505,0.7244956730343,0.5285670072023,0.3846967748943,0.4343668791412,0.5376801264094,-0.1364144371444,-0.3688976927059,-0.3566774564725,0.5499500047356,0.4128063262588,0.2958361485143,-0.0312678545964,-0.0425219679553,0.4136146622073,0.2610593140997
-0.2444831987963,-0.1020394031452,-0.0437851034364,-0.1175204852759,-0.1000844177927,1.0000000000000,0.4879783605746,-0.1956784868343,0.6789003056128,-0.0080192556294,0.0461662697595,0.2667508493640,0.1130386068050,0.3282957802613,0.2466939923296,0.7598136644891,-0.2172344061222,-0.3435634298457,0.1377780068510,-0.2619339565694,-0.1848619401136,-0.1445219784557,-0.2329352358288,-0.0026586456725,-0.1580732050040,-0.1547060841081,-0.1304239972616,0.1254856292334,-0.1728175991355,-0.0489951234078,-0.2878394085509,0.2365037043888,0.6984858047415,-0.0135227321598,-0.1709946191017,-0.2188232066608,-0.2144842319124,-0.1097868061569,-0.1322658732815,-0.1024175936355,0.6841761340388,0.4001785762758,-0.2417363279062,0.6349320652036,0.0138734067293,-0.0888362667410,0.2134282821977,0.0860632807686,0.1682270086072,0.3161027972521,0.5983725920585,-0.2113753463235,-0.3012527251924,0.2354285071077,-0.1729093352688,-0.0894714830591,-0.2028023690897,-0.2814506228602,-0.1621975255369,-0.1006093374765,-0.0816126069038,-0.3105768682022,0.1366488538440,-0.2286057176760,0.0224033885359,-0.2543499883634,-0.0724025568255,0.3920685414775,-0.0619320959822,-0.1565361748628
0.0267663062249,-0.1127790238667,-0.2254400818849,0.1145338541216,0.1054525968159,0.4879783605746,1.0000000000000,-0.2046615522168,0.6877978704180,0.2260218700009,0.4576709624726,0.2599035428012,0.5775117037972,0.4850342375221,0.4651276575575,0.5789743768896,-0.3695778245893,-0.2733280926403,0.1132733615815,-0.1435937640421,0.2635704394756,-0.1840370584242,-0.2511926076375,-0.2151938224075,-0.1224231130061,-0.1433296050951,-0.0170299852129,-0.1195676865844,-0.1935060724591,0.2135654990534,-0.3190466942799,0.1347434653544,0.4945115548804,0.0861662097738,-0.0348433222475,0.0149316011005,-0.2104159108940,-0.2999654046233,0.0365347765852,0.1674254324936,0.4706627923964,0.8791260246054,-0.3119721917824,0.5710150949704,0.2416322420418,0.3716858824138,0.2135894530207,0.5897035967025,0.2576164122959,0.3924899955192,0.6183047579030,-0.3475166173634,-0.1272632389069,0.1594027146039,-0.1956299020161,0.3278684170931,-0.2820333529746,-0.3399469482907,-0.2798020461319,0.0076785098468,-0.0404370156911,-0.1986509451197,-0.1372110094339,-0.2696968699215,0.3318292991880,-0.3228018677589,-0.0239653319702,0.4481949376406,0.0270090198319,-0.0153912184523
0.4521177665863,0.1910909535437,0.4432515063437,0.2751782811638,0.3964412441013,-0.1956784868343,-0.2046615522168,1.0000000000000,-0.2175561763350,0.5448972944044,0.2769857411033,-0.1267270990161,0.1073953228757,-0.1044374677330,0.2281525946182,-0.2936609648590,0.3362657297208,0.3388918804527,-0.0937865000146,0.2282858937169,0.3732723455024,0.3374755821262,0.6053090082226,0.3305299627730,0.7283255638285,0.2168833866820,0.1086272453027,0.0950532385014,0.5427005563057,0.2684110121013,0.5065347605484,-0.1604627059085,-0.2288458940220,0.1486224587410,0.1934931947905,0.3530226153580,0.2227610781989,0.0764221973396,0.2954923587377,0.4462714590319,-0.1988394252511,-0.2547461451081,0.7299068281242,-0.3335416578656,0.4577197707937,0.2715040632628,-0.1417255830703,0.0662417060428,-0.1423278881202,0.0946561068778,-0.2569468896243,0.4490575199077,0.2136097908677,-0.2726258184639,0.0187528444630,0.3089085305332,0.3273147316580,0.4855865774564,0.2350096336534,0.7042999563715,0.0437433916170,0.0513665804854,-0.0175921610676,0.6022967863983,0.0836474307020,0.2811416174566,0.1000723831758,-0.1339977548234,0.2117841747488,0.1057928791851
-0.1333030831789,-0.0952153966706,-0.0034214582459,0.0343608815919,-0.1327499567535,0.6789003056128,0.6877978704180,-0.2175561763350,1.0000000000000,0.0597338714187,0.1256157328323,0.6018390087643,0.2954786824483,0.5432148773658,0.5355813635760,0.7460066508254,-0.3782658878867,-0.3692352165975,0.4601774869947,-0.2672118685752,-0.0179680134861,-0.2449629402982,-0.2764843431335,-0.1721341219292,-0.2439438126808,-0.1239573884825,-0.0458087688717,0.0858243297661,-0.2720037400339,-0.0432295915548,-0.3123267289298,0.0593634962699,0.6726849676458,-0.2004040610881,-0.1680710422931,-0.2220608753779,-0.2549943035904,-0.1141935255970,-0.0097854486730,-0.1454911326063,0.5738475125989,0.6413252540680,-0.2664988001466,0.8280408144956,0.0578769524761,-0.0171888010543,0.5476847874794,0.2386164685443,0.4252723956045,0.4296544424558,0.6151407019194,-0.3708089670206,-0.2442835178081,0.5195975686065,-0.2479335374563,0.0498265168080,-0.3858359059969,-0.3516288396049,-0.3434261619461,-0.1865503183624,-0.0187023169255,-0.2220734324113,0.0961026700068,-0.3424690880392,0.0532167845326,-0.4321284693394,-0.2136827324376,0.5603510644315,-0.2835565514824,-0.1106881771767
0.5186571274940,0.2587063842510,0.0619230524354,0.4129988070006,0.5349470902015,-0.0080192556294,0.2260218700009,0.5448972944044,0.0597338714187,1.0000000000000,0.3946134601301,-0.0967700546188,0.5438746333702,0.2441002610394,0.4226037205319,0.0403870322851,0.0615634436323,0.1904620402138,-0.1656972537706,0.0264384487141,0.6636369811378,0.1655504984382,0.5156346268263,-0.0154177611029,0.6943826648898,0.1956113265929,-0.1857898667104,-0.2399212515718,0.2561259127096,0.4121517646348,0.0999712913040,-0.3136849388663,-0.0664529417660,0.2488615892302,0.3658416123399,0.4679462417023,0.2266197148106,-0.2617577144305,0.4995254498715,0.5123458160930,0.0504247396803,0.1658211749122,0.4363637679978,-0.0780973732475,0.9014004123428,0.3575527432985,-0.0612668196753,0.4990664050144,0.0667088465184,0.2945637149564,0.2249747586574,0.1533719996399,0.1318207387800,-0.2487283138071,-0.0435323899362,0.6533506308040,0.1468591504668,0.4171425614874,0.1008635940526,0.6908959221995,0.2245463259826,-0.2587299868295,-0.2454531522808,0.2522046961245,0.3572252400577,-0.0173884068356,0.0529297395737,0.0134187331598,0.2995642533326,0.3919380100262
0.3680981316553,-0.1341683373075,-0.1499650549221,-0.1188802712268,0.6579912404920,0.0461662697595,0.4576709624726,0.2769857411033,0.1256157328323,0.3946134601301,1.0000000000000,-0.1888511264462,0.6600126798069,-0.0210312605100,0.5041245813082,0.0782443186793,0.1443840389828,0.1564434035135,-0.1780404740289,0.1225287013151,0.4545333245727,0.3282620208829,0.0892967683226,0.1277659898154,0.3024037157685,-0.2061290823321,-0.2038617446442,-0.3387314361714,0.4716061665189,0.6156482162232,0.0978296890355,-0.2024229936420,-0.0967180935431,0.3456169473640,0.0323975686582,0.4328929092542,-0.1507105337802,-0.4516292057476,-0.0701027633050,0.7695942961814,0.0887547045320,0.4125813625821,0.0684041077169,-0.0390811064055,0.4018123542028,0.9183679713625,-0.2027531534787,0.7648510228901,-0.2292884451069,0.2046204006343,0.1223819455244,0.2419558178926,0.0962272798018,-0.2871043215612,-0.0697226838878,0.5881201175100,0.2637044717665,-0.0203250868648,0.1775333255908,0.4624423185884,-0.2270664967432,-0.2513473007114,-0.3923741522299,0.3615260821225,0.4808956892158,0.0683403753871,0.0796833709972,0.0894195730525,0.4013680388668,0.0137050902527
-0.0649109439268,0.0109045673351,0.2781040108704,0.1518527094538,-0.1246907502642,0.2667508493640,0.2599035428012,-0.1267270990161,0.6018390087643,-0.0967700546188,-0.1888511264462,1.0000000000000,-0.0125967110324,0.6131869191650,0.2646295593014,0.2868629597265,-0.1751029121125,-0.2368162980886,0.9094863546289,-0.1997939870104,-0.0610924927740,-0.1696799162794,-0.1035686617039,-0.1088096183476,-0.1831110534122,0.0356400955411,0.1761995267354,0.3472470948444,-0.1534928281389,-0.2086060674506,-0.1806404033757,0.0385138143735,0.5552348036870,-0.4044691130944,-0.2236751228746,-0.1940543107298,-0.1661330661228,0.1791291355899,0.0358548195841,-0.1942533141165,0.1560351112225,0.2458219930674,-0.1166368116680,0.5448755129769,-0.1369146017576,-0.1979003132894,0.9368497948527,-0.0667937131449,0.6962978171273,0.2066706909673,0.1746515869355,-0.1622762486476,-0.2640696356827,0.8589920986170,-0.2410253882301,-0.0758991214479,-0.2263207868122,-0.1484891774846,-0.3106445431559,-0.2306703313860,0.0588636996931,-0.0652320157696,0.2974119907876,-0.1758347730455,-0.1446210372311,-0.3065391577736,-0.4585460989525,0.5073133311438,-0.4397341893058,-0.1695590766502
0.3102332153535,0.0926427187428,-0.2187783152778,0.1200863149661,0.6009756954457,0.1130386068050,0.5775117037972,0.1073953228757,0.2954786824483,0.5438746333702,0.6600126798069,-0.0125967110324,1.0000000000000,0.2658818164004,0.4086783279524,0.2574338697566,-0.0373144218845,-0.0181170730728,-0.0817741551994,-0.0733796282896,0.7122031201187,0.1722452151257,0.0324364124600,-0.0120908126983,0.2508018289510,-0.1262512007683,-0.2662124420563,-0.3516102297296,0.2266653125908,0.4394496903998,0.0236742591164,-0.2281901083440,0.0438450244560,0.3029237023641,0.1324639055952,0.3003174983605,-0.0533714876938,-0.4675024237529,0.1515815993776,0.6154634584009,0.1958707404436,0.5513290175584,-0.0668639777342,0.0882228200169,0.5007071666029,0.5901625945749,0.0015817677662,0.8945441449899,0.0374511095525,0.2183417330276,0.3757590048532,0.0183752681581,0.0359336072402,-0.1237507249153,-0.1822117897897,0.7922633801383,0.0309459852017,-0.0592812974516,0.0094398831438,0.3395259929224,-0.0623325650533,-0.3407720176076,-0.3413339535073,0.1007259469599,0.4388143293329,-0.1289116377050,0.1115860698218,0.2037716268829,0.2382917358954,0.2352778836357
-0.0936668139360,0.0552515429798,0.1292822083674,0.2959978724227,-0.0537684368064,0.3282957802613,0.4850342375221,-0.1044374677330,0.5432148773658,0.2441002610394,-0.0210312605100,0.6131869191650,0.2658818164004,1.0000000000000,0.3120008493346,0.4168324184579,-0.2808980960234,-0.2866934072549,0.3988443966479,-0.0567222935295,0.1327779519146,-0.1795322212251,-0.1306652426244,-0.1370884510377,-0.0155536281145,0.1866145663415,0.0766265568707,0.2955013201467,-0.2038565742183,-0.0745450982274,-0.3491035557966,0.2703104764362,0.3985798836926,-0.1995446583906,-0.0663047459470,-0.1832808689631,-0.0996382118333,0.0184528949936,0.1955275377792,-0.0856134240287,0.3389782571081,0.4261870355267,-0.1275029600978,0.4495646172093,0.2189518079519,-0.0545357242485,0.5786346536412,0.2208599798600,0.8030333569245,0.3066655624359,0.4107644623519,-0.2499061898817,-0.2389928848554,0.4513439437823,-0.1225738890662,0.1582307707444,-0.2477431368689,-0.2094194675391,-0.3062278125370,-0.0125168784115,0.2610930197986,-0.1866175251354,0.3233855121398,-0.2292420606289,0.0804341755088,-0.3955409868279,0.0675896737383,0.3965420929010,-0.2750112547183,-0.0175179332895
0.5150663777161,-0.0214344491425,0.0296374580033,0.1137767927955,0.3007295135724,0.2466939923296,0.4651276575575,0.2281525946182,0.5355813635760,0.4226037205319,0.5041245813082,0.2646295593014,0.4086783279524,0.3120008493346,1.0000000000000,0.3225404638639,-0.1032821331751,0.1685521361603,0.1893095092415,0.1837228906605,0.3418273700115,0.0066340389430,0.0700588780419,-0.0966629424691,0.1097070427053,0.0618264544686,-0.0931212946157,-0.1393031501904,0.0707739975458,0.5863156011140,-0.0372355932359,-0.1908980443224,0.2048439688688,0.0943143865941,0.2313117213421,0.3855411645391,-0.0662394985831,-0.2732260654341,0.1472230478988,0.3089276119271,0.2097323802929,0.3795526262964,0.1243774147349,0.2953539090360,0.3650575543139,0.3871591205535,0.2104461501568,0.4071684339546,0.1889112273068,0.5148734952282,0.2936767781523,0.0075024793121,0.0741516103485,0.0969611230259,-0.0097700681635,0.3777770131339,-0.0525525708875,0.0023475826328,-0.0380887764675,0.1493480627908,0.0839656882494,-0.2200365613840,-0.2336941929803,0.0053486608522,0.4634476430717,-0.1474026062869,-0.0666350246849,0.2718797964275,0.1480322616518,0.1722280207992
-0.2668261606686,-0.1517692225742,-0.0653249584865,-0.0968044889369,-0.1393194078846,0.7598136644891,0.5789743768896,-0.2936609648590,0.7460066508254,0.0403870322851,0.0782443186793,0.2868629597265,0.2574338697566,0.4168324184579,0.3225404638639,1.0000000000000,-0.3063476752776,-0.3877667622489,0.1481671357963,-0.2938857156443,-0.1488008585584,-0.2395999394988,-0.3039113214053,-0.1051904362623,-0.2343717671648,-0.2284540470637,-0.2162252667964,0.0974697077701,-0.2980421608355,-0.0259940658516,-0.3324227419392,0.2419463876964,0.5279773065376,0.0243344207305,-0.1023338356379,-0.2648771378682,-0.2197145415575,-0.0494484439478,-0.1178413986176,-0.1497257733567,0.7392136746257,0.5332143958866,-0.3035443541673,0.7467843035350,0.0740720163758,-0.1189400108598,0.2429948803186,0.2221939478141,0.2699096753166,0.2995625466245,0.8283713855331,-0.3203714308862,-0.2826120529107,0.3210115783406,-0.1924894905347,-0.0381175182643,-0.3141387598794,-0.3347185247878,-0.1892815139220,-0.1590499913892,-0.0676768418694,-0.3780929621712,0.1174850285335,-0.3671070709124,0.0213072334352,-0.3372958388037,-0.0734017985821,0.3790587447171,-0.0610920059083,-0.1228466245518
0.2556822226170,0.1022820658295,0.1903378852710,-0.1123659528206,0.4454289886374,-0.2172344061222,-0.3695778245893,0.3362657297208,-0.3782658878867,0.0615634436323,0.1443840389828,-0.1751029121125,-0.0373144218845,-0.2808980960234,-0.1032821331751,-0.3063476752776,1.0000000000000,0.3815285384884,-0.0586746940165,0.0863579474354,0.0597866062895,0.7660751718455,0.5445893393483,0.6640186281343,0.4411551638479,-0.0764649492869,-0.1183288359354,0.0211588041025,0.7401982295850,0.3797900462188,0.5423084001270,-0.1432981015504,-0.2386804098441,0.3046931883378,0.1677602072606,0.3484161891839,0.1882410468610,0.0169931923662,-0.0537468848810,0.3779856065952,-0.3420959571113,-0.3997524429454,0.1756592754241,-0.4513331878971,-0.0125810506004,0.1803738453968,-0.1974048826347,-0.0728898134462,-0.2834045441165,-0.3633665506022,-0.3634472723668,0.8880247609022,0.0508860294891,-0.2422941955349,-0.0736355092419,0.0103120701723,0.7767539157286,0.5868475968017,0.7229072952055,0.3772167304780,-0.2366905438834,-0.1527761321095,0.0005786851843,0.7011876395023,0.1545932919813,0.5000300763558,0.0654299968349,-0.2663823659475,0.4001035993450,0.0612606396781
0.5344521892284,0.4593935665745,0.2073376429588,0.3179276192119,0.3102965266423,-0.3435634298457,-0.2733280926403,0.3388918804527,-0.3692352165975,0.1904620402138,0.1564434035135,-0.2368162980886,-0.0181170730728,-0.2866934072549,0.1685521361603,-0.3877667622489,0.3815285384884,1.0000000000000,-0.1471834805354,0.6652270539569,0.2902300962258,0.3591019047855,0.4895850889337,0.4373013224459,0.3106613019812,0.3195203610162,0.3622753891023,-0.0362088058166,0.3835868709044,0.4907035492985,0.5263381976846,-0.1963355973204,-0.4364098439847,0.3353408491790,0.5945418828773,0.5365072709343,0.5487770319149,-0.0490563887434,0.4077928796566,0.2501138374328,-0.4246009788561,-0.3681474449257,0.2223231464960,-0.5070984977899,0.1009932739029,0.1780130187585,-0.2756189950196,-0.0617172937462,-0.3133448908103,-0.1369231656720,-0.4053025615115,0.4551174216839,0.6879089243459,-0.2880603756139,0.4944980562854,0.1913874206879,0.3906735338395,0.4872430889728,0.5350830179464,0.2114750421403,0.2223983742745,0.2992944406472,-0.1107892903591,0.3692561381901,0.3092121543802,0.5106544970764,0.1186662169004,-0.4074476160603,0.4205840862192,0.4821876637133
-0.0148942923022,-0.0308801557406,0.2756715774782,0.0551473211825,-0.0497355534355,0.1377780068510,0.1132733615815,-0.0937865000146,0.4601774869947,-0.1656972537706,-0.1780404740289,0.9094863546289,-0.0817741551994,0.3988443966479,0.1893095092415,0.1481671357963,-0.0586746940165,-0.1471834805354,1.0000000000000,-0.1877373656632,-0.0712661704033,-0.0833961465218,-0.0690554533765,-0.0517140806957,-0.1685301750936,-0.0315437334009,0.1379166811840,0.2930112696977,-0.0456268766028,-0.2147509101654,-0.0942191597603,-0.0623657528667,0.4517374846696,-0.3982239607448,-0.2584175960019,-0.1239964619484,-0.1843995006913,0.1839646452655,-0.0250986739406,-0.1329544050015,-0.0040266449875,0.1025648987546,-0.0921487934812,0.3921587377110,-0.2135537570092,-0.1802274238135,0.8700554468147,-0.1215881199452,0.5425425424828,0.0439555453856,0.0477886996425,-0.0462063220558,-0.2010146074005,0.8498921048496,-0.2230956815408,-0.1036432583792,-0.1025063393492,-0.0846637091132,-0.2141743610470,-0.2413985421072,-0.0525411196314,-0.0352454647387,0.2188056841415,-0.0838112859877,-0.2189877206529,-0.1946413728797,-0.5557291226442,0.3882430082652,-0.4126168110412,-0.1665630137991
0.2981224462329,0.3256030419097,0.1788419206987,0.2893462999176,0.0306358120667,-0.2619339565694,-0.1435937640421,0.2282858937169,-0.2672118685752,0.0264384487141,0.1225287013151,-0.1997939870104,-0.0733796282896,-0.0567222935295,0.1837228906605,-0.2938857156443,0.0863579474354,0.6652270539569,-0.1877373656632,1.0000000000000,0.1009758101808,0.1443639990253,0.1982077697404,0.2921412013365,0.0928505143778,0.5217904278690,0.5523293508695,0.2449066196591,0.1521691141037,0.3226697829847,0.2803527322392,0.1398234144227,-0.4499073883745,0.2106670062409,0.5078254473752,0.1810643361964,0.3265132178337,-0.0310554489790,0.3073730890123,0.0318216317836,-0.2139434463104,-0.1838653963917,0.1109788645015,-0.3586154052106,-0.0116761455823,0.1482866703955,-0.2993803031355,-0.0812326507715,-0.1237789068446,0.0504398656427,-0.3507682757104,0.2018013488362,0.4927240388988,-0.2742079961605,0.6216160232233,0.0413501628227,0.1974003347257,0.1491776374253,0.2730865248075,0.0417861844310,0.3970328709666,0.4255186000001,0.0936693862286,0.1416190277308,0.3305913491899,0.3289188846589,0.3693940968892,-0.3368146968165,0.2608122980223,0.3208716326688
0.5910614539458,0.3721372870374,0.0271957037620,0.4335213192401,0.6658781267427,-0.1848619401136,0.2635704394756,0.3732723455024,-0.0179680134861,0.6636369811378,0.4545333245727,-0.0610924927740,0.7122031201187,0.1327779519146,0.3418273700115,-0.1488008585584,0.0597866062895,0.2902300962258,-0.0712661704033,0.1009758101808,1.0000000000000,0.2210899794233,0.4049619048351,-0.0294030370536,0.4718752509620,0.1754338044864,-0.0528297096525,-0.3362333071800,0.2756563639645,0.4313586871324,0.2567494984068,-0.3993829687288,-0.1090310098767,0.2693972263649,0.4341727695511,0.5728674954314,0.2660875044295,-0.2902514351124,0.5149744772677,0.6177769417634,-0.1573875515540,0.1847975107745,0.2737818341090,-0.2104463961892,0.5757064034426,0.4651909364120,-0.0189319159263,0.6180132906770,-0.0275961175017,0.1066340902639,0.0656606419372,0.1128158734667,0.3318616823911,-0.1895438675823,0.0011922272791,0.9278857263677,0.1123201006760,0.3353381067912,0.0755114931730,0.4564070690327,0.2164817292844,-0.0937903740754,-0.3839679394626,0.2032900871649,0.3785491266702,0.1154308741359,0.0411131094511,-0.0003257716447,0.2546330801514,0.5292558124955
0.2964771508811,0.1595025490531,0.1650431219706,-0.0888031713686,0.5417808227522,-0.1445219784557,-0.1840370584242,0.3374755821262,-0.2449629402982,0.1655504984382,0.3282620208829,-0.1696799162794,0.1722452151257,-0.1795322212251,0.0066340389430,-0.2395999394988,0.7660751718455,0.3591019047855,-0.0833961465218,0.1443639990253,0.2210899794233,1.0000000000000,0.5001282750725,0.7763477652342,0.4363863973565,-0.0182393846113,-0.0773945074779,-0.0107336704702,0.8191301665674,0.4902680616442,0.5945565507764,-0.1574447181901,-0.2021332827881,0.4237581603367,0.2144916579366,0.3115196332990,0.1206445040866,-0.0845084669133,0.0028101905514,0.4972044140314,-0.2148422014242,-0.2473932516917,0.0744946359456,-0.4039284813333,0.0796810385333,0.3616572915692,-0.1810640030570,0.1198958911007,-0.2514626585226,-0.2637358171088,-0.2880417709304,0.7598662336195,0.0632095676735,-0.2541765646759,-0.0435767377076,0.2061435966204,0.8329297388943,0.4376396270960,0.7514008495641,0.4269992156272,-0.1935665558479,-0.1429020212384,0.0353493375241,0.7308053709993,0.2636062254943,0.4990970068492,0.1643534762712,-0.1484906986946,0.4186221036011,0.1298966032969
0.5230517460593,0.4796145074913,0.3270110206056,0.4805047244911,0.4260068677016,-0.2329352358288,-0.2511926076375,0.6053090082226,-0.2764843431335,0.5156346268263,0.0892967683226,-0.1035686617039,0.0324364124600,-0.1306652426244,0.0700588780419,-0.3039113214053,0.5445893393483,0.4895850889337,-0.0690554533765,0.1982077697404,0.4049619048351,0.5001282750725,1.0000000000000,0.4124696988266,0.6924544838825,0.2908635308138,0.1294999712546,0.0176815382052,0.4986186196856,0.3075549245064,0.6196449097274,-0.2358429239225,-0.2200606588715,0.2424111197163,0.4750516345530,0.4888486148985,0.5156910782060,0.0754176590694,0.5381482305600,0.3205848753923,-0.2770124741881,-0.3288982225873,0.5025575806459,-0.3578349253424,0.4269775360965,0.1237314462086,-0.1014484804525,-0.0423688543339,-0.1859496722901,-0.0968075680183,-0.2670007292783,0.5585759176434,0.3260478504782,-0.2024661795445,0.0252175956770,0.2819936167103,0.4742164841588,0.9020257576716,0.4787513656192,0.5706828571919,0.2005265109823,0.0069503015634,-0.0354883189822,0.5177041785022,0.1436549366357,0.4832212228479,0.0356322263043,-0.1995132618301,0.3179421850168,0.3981740923690
0.0814080761249,0.2030466135731,0.3538343902639,-0.0496077052623,0.2986697167574,-0.0026586456725,-0.2151938224075,0.3305299627730,-0.1721341219292,-0.0154177611029,0.1277659898154,-0.1088096183476,-0.0120908126983,-0.1370884510377,-0.0966629424691,-0.1051904362623,0.6640186281343,0.4373013224459,-0.0517140806957,0.2921412013365,-0.0294030370536,0.7763477652342,0.4124696988266,1.0000000000000,0.3611961477255,-0.0123747975128,0.1915642582767,0.3559985454517,0.6958350351579,0.2793888863947,0.6461691619220,0.1191343108603,-0.1394692050071,0.3699988785111,0.1274263948908,0.0468720329090,0.2201792297044,0.1661066199649,-0.0460500293221,0.2685384572705,-0.0582260422321,-0.2875324124307,0.0786651822640,-0.2933311220696,-0.0970988526133,0.1038305909000,-0.1705952786047,-0.1003058803559,-0.2369973418233,-0.3254669077375,-0.2494084243590,0.6469755467403,0.1141017553443,-0.1650180315008,0.0569064294217,-0.0451086433336,0.6658783576314,0.3260954319990,0.7461693602116,0.3221875768928,-0.2128548382532,-0.0404924034653,0.3796019565272,0.6186494307770,0.0885634809989,0.5615018507073,0.2345354948710,-0.1713616218606,0.3297597363832,-0.0270301871668
0.4814627876585,0.2749372770700,0.2614917150767,0.3336603265330,0.5393567490831,-0.1580732050040,-0.1224231130061,0.7283255638285,-0.2439438126808,0.6943826648898,0.3024037157685,-0.1831110534122,0.2508018289510,-0.0155536281145,0.1097070427053,-0.2343717671648,0.4411551638479,0.3106613019812,-0.1685301750936,0.0928505143778,0.4718752509620,0.4363863973565,0.6924544838825,0.3611961477255,1.0000000000000,0.1783424361830,-0.0277413915849,-0.0520827753689,0.6178596429233,0.3090838480793,0.3996970690595,-0.2008545832436,-0.2322313024524,0.2048681975194,0.2710125303121,0.4314602417293,0.3052469075216,-0.0332188564767,0.3928973071386,0.5218191881793,-0.1931835419813,-0.2071483291870,0.6237452854694,-0.3394272183261,0.6288631131726,0.2964650849114,-0.1581624856541,0.1928636464248,-0.1210561361518,-0.0057954826173,-0.1404009635006,0.4903723606040,0.1805538738546,-0.2973864852856,-0.0109729017683,0.4047092097224,0.4521682947769,0.6164505014227,0.3871387884589,0.8256572548542,0.0801430004351,-0.1146864376086,-0.0602940480871,0.6320640773667,0.1366368423471,0.3241011863915,0.0823313902419,-0.2095521321136,0.2761643178422,0.2178648552441
0.2667494383130,0.6356478624884,0.3365977084631,0.6135235424347,-0.0742575747423,-0.1547060841081,-0.1433296050951,0.2168833866820,-0.1239573884825,0.1956113265929,-0.2061290823321,0.0356400955411,-0.1262512007683,0.1866145663415,0.0618264544686,-0.2284540470637,-0.0764649492869,0.3195203610162,-0.0315437334009,0.5217904278690,0.1754338044864,-0.0182393846113,0.2908635308138,-0.0123747975128,0.1783424361830,1.0000000000000,0.5299109371439,0.3331353064556,-0.0777315399423,0.0225273567994,0.0614442702479,-0.0432946045049,-0.1873331573282,-0.0142964245410,0.5590557322268,0.0936562820297,0.4406858002130,0.1216450882630,0.6828477236157,-0.1571822822193,-0.2392869305117,-0.1823544100126,0.1920536622707,-0.1871874942919,0.1360894476455,-0.1487271911807,-0.0163716222100,-0.2167512214745,0.2270733920518,0.1471410072129,-0.1511411460780,0.0230584505001,0.2436601120342,-0.1411816645054,0.3122703600588,0.0396230733676,0.0349660016402,0.2559908900964,0.0337078596714,0.0310927327238,0.8481690932688,0.3772353337642,0.2833818020090,0.0106275727082,0.0681106607816,0.0781666720514,0.1556244941056,-0.1119211899290,-0.0593738123594,0.5254117142634
-0.0068452674122,0.4294004026775,0.3464433176234,0.4507069597996,-0.2889099735854,-0.1304239972616,-0.0170299852129,0.1086272453027,-0.0458087688717,-0.1857898667104,-0.2038617446442,0.1761995267354,-0.2662124420563,0.0766265568707,-0.0931212946157,-0.2162252667964,-0.1183288359354,0.3622753891023,0.1379166811840,0.5523293508695,-0.0528297096525,-0.0773945074779,0.1294999712546,0.1915642582767,-0.0277413915849,0.5299109371439,1.0000000000000,0.5327143617049,-0.0779098875113,-0.1530183330708,0.2028508153200,0.2817554268519,-0.0493531595873,-0.0282866506615,0.2239897474407,-0.1404533346649,0.3528948755741,0.2242552774044,0.3513482573253,-0.2665493279581,-0.1654217785484,-0.0314877666363,0.0209008895321,-0.0729132574582,-0.2388816947927,-0.1299060287171,0.0434588809201,-0.3398474462356,0.0870072135291,0.0247907475898,-0.2579904016403,-0.1080385979788,0.3189242238569,0.0707958237479,0.3610566192478,-0.1805687399735,-0.1411279607418,0.0491706031303,-0.0655157477438,-0.0747569573292,0.3870625040444,0.6947343743986,0.3846849886434,-0.0374334181645,-0.0258632898632,0.1968722364682,0.1563756555981,-0.0754176785818,-0.0745183879620,0.1273236279584
-0.2543151848940,0.1743270717979,0.6638357191249,0.1707537929988,-0.3255910623654,0.1254856292334,-0.1195676865844,0.0950532385014,0.0858243297661,-0.2399212515718,-0.3387314361714,0.3472470948444,-0.3516102297296,0.2955013201467,-0.1393031501904,0.0974697077701,0.0211588041025,-0.0362088058166,0.2930112696977,0.2449066196591,-0.3362333071800,-0.0107336704702,0.0176815382052,0.3559985454517,-0.0520827753689,0.3331353064556,0.5327143617049,1.0000000000000,-0.0593532868277,-0.3123137742337,0.0603119983492,0.4542928151472,0.1962271689929,-0.0864965298528,-0.0885977270243,-0.4522732905903,0.0194668484152,0.5804267893947,0.0532852063519,-0.3410078400474,0.0965248586858,-0.0834521049967,0.0230802541599,0.1805643445779,-0.2724237757166,-0.3263566381625,0.2382592896251,-0.3840387805033,0.2827694646802,-0.0350557267978,0.0265283071617,-0.0087651475521,-0.2103240021640,0.2795423113967,0.0452732505068,-0.3791085792124,-0.0212218056365,-0.0656825358748,-0.0296795777455,-0.1137165789038,0.1834321633623,0.1377519554230,0.8560562547728,-0.0464260232347,-0.2642971959162,0.0467391073393,0.0393109856425,0.1235812038304,-0.1710546610874,-0.2347216766990
0.3399410600406,0.0771400886612,0.1517686198320,-0.1136910214498,0.6823358847603,-0.1728175991355,-0.1935060724591,0.5427005563057,-0.2720037400339,0.2561259127096,0.4716061665189,-0.1534928281389,0.2266653125908,-0.2038565742183,0.0707739975458,-0.2980421608355,0.7401982295850,0.3835868709044,-0.0456268766028,0.1521691141037,0.2756563639645,0.8191301665674,0.4986186196856,0.6958350351579,0.6178596429233,-0.0777315399423,-0.0779098875113,-0.0593532868277,1.0000000000000,0.4636600693079,0.5843709811782,-0.1602483360906,-0.2323369569236,0.2964347544147,0.0889804884910,0.3719724991348,0.1049992317783,-0.1314911849888,-0.0309325551225,0.6800756517655,-0.2255454801260,-0.2568758603317,0.2838599587951,-0.4319287540692,0.1894804286884,0.4691226991881,-0.1705606170867,0.2237686304753,-0.2710885912732,-0.2172816559695,-0.3263229426001,0.7864620256198,0.1299220644764,-0.2394548093689,-0.0349543182299,0.2926647591337,0.7829477720454,0.4550518911150,0.6647834266203,0.6089041357471,-0.2660123168570,-0.1441071616062,-0.0612110111787,0.9190213303523,0.2280367256061,0.4985451353885,0.1093587077593,-0.1721085799060,0.3749705499205,0.0349225894692
0.6149456931808,0.1523660643024,-0.1169657676090,0.0265844542900,0.5794544128200,-0.0489951234078,0.2135654990534,0.2684110121013,-0.0432295915548,0.4121517646348,0.6156482162232,-0.2086060674506,0.4394496903998,-0.0745450982274,0.5863156011140,-0.0259940658516,0.3797900462188,0.4907035492985,-0.2147509101654,0.3226697829847,0.4313586871324,0.4902680616442,0.3075549245064,0.2793888863947,0.3090838480793,0.0225273567994,-0.1530183330708,-0.3123137742337,0.4636600693079,1.0000000000000,0.3141539101131,-0.1918489188430,-0.1610369011736,0.5970699028592,0.5013944916398,0.6597474006319,0.1783945538909,-0.3621312347781,0.1291361222012,0.5988138654002,-0.0579972125648,0.1327115535552,0.1007972839762,-0.2238635931281,0.3817247803263,0.5678005315129,-0.2324067016394,0.4619445586698,-0.1786191992289,0.1744812672432,0.0258766135682,0.4274627449653,0.2445973954015,-0.3517717068886,0.1344087862983,0.4494066794969,0.4382136488752,0.2932249247210,0.4208630555757,0.3790951227713,0.0053147190622,-0.1646576909462,-0.3406525022022,0.3628540295535,0.7600002542643,0.2666370636130,0.1596567905409,-0.0301599205809,0.6680154008457,0.3675733640405
0.3758943775855,0.3629220908954,0.2650446162475,0.2102695059738,0.3401567618804,-0.2878394085509,-0.3190466942799,0.5065347605484,-0.3123267289298,0.0999712913040,0.0978296890355,-0.1806404033757,0.0236742591164,-0.3491035557966,-0.0372355932359,-0.3324227419392,0.5423084001270,0.5263381976846,-0.0942191597603,0.2803527322392,0.2567494984068,0.5945565507764,0.6196449097274,0.6461691619220,0.3996970690595,0.0614442702479,0.2028508153200,0.0603119983492,0.5843709811782,0.3141539101131,1.0000000000000,-0.0991612652127,-0.2843108464644,0.3580331615110,0.3428180401813,0.3430992968372,0.4510262639116,0.1742722071804,0.1815257384371,0.2928857245409,-0.2530681261801,-0.3871702718893,0.2831233458305,-0.4012126910004,0.0106562400038,0.1004688034672,-0.2008038099889,-0.0999853061957,-0.3420486759350,-0.2809134288380,-0.4027446049278,0.5131537082076,0.4331025128653,-0.2018775111463,0.0694896937406,0.1443454979576,0.4472166202153,0.5601469827412,0.5508838201713,0.3531009957127,-0.0641180429960,0.1744015333425,-0.0073379202871,0.5212430605905,0.0719179699855,0.7441895681386,0.1184104402354,-0.2592949134240,0.3375700046162,0.2428339663460
-0.4169804053606,-0.1665693337217,-0.0048417863051,-0.0786303035616,-0.3661082459860,0.2365037043888,0.1347434653544,-0.1604627059085,0.0593634962699,-0.3136849388663,-0.2024229936420,0.0385138143735,-0.2281901083440,0.2703104764362,-0.1908980443224,0.2419463876964,-0.1432981015504,-0.1963355973204,-0.0623657528667,0.1398234144227,-0.3993829687288,-0.1574447181901,-0.2358429239225,0.1191343108603,-0.2008545832436,-0.0432946045049,0.2817554268519,0.4542928151472,-0.1602483360906,-0.1918489188430,-0.0991612652127,1.0000000000000,0.1275038751588,-0.0187662321464,-0.1814925098379,-0.4343148742678,-0.1334201827120,0.2148694841100,-0.2201720443320,-0.2899962633148,0.3523759275020,0.1232937052524,-0.1769352314916,0.1624777869574,-0.2589890519063,-0.2247879555199,-0.0676153812040,-0.1915452421850,0.1357779662005,-0.0512928443977,0.1546628619511,-0.1580100228113,-0.2289146587977,0.0350624152705,0.0647244145106,-0.3601145185181,-0.1563905657084,-0.2799301813364,-0.1864650885274,-0.1319224220611,-0.0830784141640,0.0165557633821,0.3906920704525,-0.1585446545601,-0.0881917316114,-0.0338251879169,0.4888777666561,0.1321808422071,-0.0417597410431,-0.3730190165040
-0.2040397221044,-0.1030978418009,0.0389947496738,-0.0130191072703,-0.1417165298462,0.6984858047415,0.4945115548804,-0.2288458940220,0.6726849676458,-0.0664529417660,-0.0967180935431,0.5552348036870,0.0438450244560,0.3985798836926,0.2048439688688,0.5279773065376,-0.2386804098441,-0.4364098439847,0.4517374846696,-0.4499073883745,-0.1090310098767,-0.2021332827881,-0.2200606588715,-0.1394692050071,-0.2322313024524,-0.1873331573282,-0.0493531595873,0.1962271689929,-0.2323369569236,-0.1610369011736,-0.2843108464644,0.1275038751588,1.0000000000000,-0.1172911957799,-0.2973071207969,-0.1818679699679,-0.2632976225977,0.0326093053154,-0.0959642251242,-0.1532094094678,0.4171915925842,0.4693714556397,-0.1992407315931,0.6878714590356,-0.0724175556418,-0.1326720439580,0.5364063925563,0.0332284987941,0.3423489128988,0.2932996586204,0.5147612230737,-0.2855105955890,-0.3566135703444,0.4838952852309,-0.3511829443708,-0.0816408131887,-0.2679666393675,-0.2359039303103,-0.3399105405718,-0.1811054455256,-0.1563316012909,-0.2572033665473,0.1886168320022,-0.2804754183319,-0.0423732123350,-0.2897731713405,-0.3610369010000,0.6318822609235,-0.1617804225106,-0.1900909737920
0.2178791987524,0.3024466209981,-0.0963775277371,0.0190273493451,0.3156055453844,-0.0135227321598,0.0861662097738,0.1486224587410,-0.2004040610881,0.2488615892302,0.3456169473640,-0.4044691130944,0.3029237023641,-0.1995446583906,0.0943143865941,0.0243344207305,0.3046931883378,0.3353408491790,-0.3982239607448,0.2106670062409,0.2693972263649,0.4237581603367,0.2424111197163,0.3699988785111,0.2048681975194,-0.0142964245410,-0.0282866506615,-0.0864965298528,0.2964347544147,0.5970699028592,0.3580331615110,-0.0187662321464,-0.1172911957799,1.0000000000000,0.4538542766150,0.3304792861448,0.3100923430083,-0.2487761321787,0.1568680964746,0.3585396359608,0.0181834177636,0.1049812787331,0.0201607326908,-0.1948861702653,0.2286902666515,0.3098354539702,-0.4202540251415,0.3124937315019,-0.3201042042395,-0.0361268130594,0.0974342090907,0.2195352872462,0.2163760186033,-0.4397291684734,0.0779111854204,0.3045641288940,0.3149804794651,0.2177106794182,0.3726489333252,0.2827628169137,-0.0277087916349,-0.0696068157605,-0.1589383964469,0.1928094652423,0.4851911461741,0.3577029706215,0.2469895716136,-0.0951279171986,0.8617230490495,0.3539152785043
