1.0000000000000,0.0599915574081,-0.0382323723148,0.1660268119929,0.0923728479014,0.2596396424695,0.2355664524101,0.2521133328880,0.1729776091244,0.0058965618511,0.2070623474187,0.0010042506209,0.1690684155240,-0.1766582748458,0.5130086306271,0.1221819902292,0.0747722256560,0.3508823270899,0.0956284863182,0.3151389382281,0.2237838102382,0.0072789965565,0.1998198001891,0.1134374373608,-0.1313644478468,-0.0792901130958,0.1208261605344,0.0922171823142,-0.2412847933022,0.3841182863559,0.3244860546901,-0.0222401320304,0.0577414054242,0.3592458443111,0.2711654690773,0.5546104928493,0.0243138203947,-0.3299939182118,0.0561544455463,0.0598768967364,0.1628734857453,0.1131987112615,0.0050009184037,0.0464991667108,-0.0683287936997,0.0900306168849,-0.1274426208060,0.0654323508226,-0.2563878329710,0.3326939687259,0.1606653783385,0.0451791150375,0.0356141840140,-0.1939455561255,-0.1089094623397,0.1833144279190,-0.0184180230835,0.0863043070151,-0.0468718534517,0.0517911525987,-0.1339661205907,-0.2542428062747,-0.1000604516018,-0.3722403411854,0.2906444624237,-0.0493437352784,-0.1778751418506,0.1543852727169,0.2472577231459,0.2737009722080
0.0599915574081,1.0000000000000,-0.1327800673144,0.5130647354271,0.1588392640272,0.0638446328538,-0.0989541788765,-0.2388915451164,-0.0509695720855,-0.0263401451727,0.0487659857112,0.2202032235102,0.2145779661222,-0.0417279861543,-0.0541255977908,-0.0481196154804,0.1473710287239,0.2458108067910,-0.1082432006379,0.2450808938277,0.3011152439571,0.2269708809274,0.4868798848186,0.2584488215144,0.1029894695093,0.2938547870302,-0.0053301756834,0.0726328342208,0.0144403897463,0.2947981671917,0.1923554442304,0.0713828708553,0.0915633236089,0.2843395667060,0.5309982041693,0.3726766684613,0.8064159321556,-0.1868750857462,0.3821361163080,0.0776242821219,-0.0239089770926,-0.0762613006130,-0.2108618218636,-0.0653894759655,-0.0140361157948,-0.0038277553647,0.1851260780020,0.1873140215985,-0.0288362922510,-0.0182740544837,0.0498309952020,0.0546582764592,0.1372543203816,-0.0992472868080,0.0651668257626,0.2350688654500,0.1898883105120,0.5259222532124,0.2181711951790,0.0349412869971,0.1251966927463,0.0482888894353,-0.0162159215755,0.0296100485741,0.2393116679144,0.1341363863740,-0.1841501290506,0.1195646906233,0.2767718587848,0.4402305899048
-0.0382323723148,-0.1327800673144,1.0000000000000,-0.0763959478043,-0.1931650555275,-0.1368964850108,-0.2152953176897,0.4632327021541,0.0727813935351,-0.0419209286648,-0.3174262522721,0.0137923914524,-0.2645448661396,0.1117842109637,-0.1432512430357,-0.0155931358578,0.2628513456425,0.3002551893607,0.0351445703297,-0.0219042526049,-0.1780975304439,0.0282883225589,-0.0010330181685,0.0510911222627,0.1592438520344,-0.0371573409825,0.2540328144311,0.3767740379472,0.4485705772679,-0.1978978864865,0.2475065294776,-0.1035439143695,-0.1768776997489,-0.1868473071266,-0.1437728773748,-0.1808355156063,-0.1815208389412,0.5591840824746,-0.1111218902438,-0.2209136087723,-0.0891869291547,-0.2919304703407,0.2545289668109,-0.1447136551252,-0.0712655610660,-0.3566158560884,0.0532491012982,-0.2084480279841,0.0347001727288,-0.3245634398881,-0.0897880864018,0.1700287184184,0.2428912764913,-0.0436394649079,-0.1357514291569,-0.1906690312401,0.0663171124817,-0.2164141116306,-0.0825944931331,0.0221847082957,-0.0903681513710,0.0681520374637,0.2323143275649,0.1281731693240,-0.3307365189509,0.1468267176994,-0.0478529636139,-0.1467961155431,-0.1542225265167,-0.1484399181960
0.1660268119929,0.5130647354271,-0.0763959478043,1.0000000000000,0.0619952030508,0.1378568845249,0.0615217737736,0.1014780082739,0.1538112908293,0.3020339516279,0.0098421935336,0.2377472970287,0.1205877851081,-0.0020390606609,0.1481181627092,0.2600776791662,0.2593190090458,0.0992405689681,0.0887681652057,0.3513061296172,0.1565831852168,0.0593342714303,0.6345319861090,-0.0341551681722,0.3291006208597,0.2095087943489,-0.0390971460601,0.0175285010126,0.0225250854137,0.3643514447055,0.3165073037487,0.1357379360528,0.0125578252576,0.1340080144984,0.3463874746590,0.2776999328043,0.3565002143097,-0.0557940859906,0.6434819220762,-0.0447359307366,0.1637889341055,0.0432635361095,0.0467491184493,0.0591927487550,0.3257861693063,-0.0409680375167,0.2940727938426,0.0997969573674,0.0332699330863,0.2230280374133,0.0411762190711,0.0528737730360,0.1448013339347,0.0265156936713,0.0044599045008,0.0689083950907,0.0586065510957,0.5939446030062,-0.0808397592893,0.4740493986108,0.1633492260811,0.0009866697418,0.0538849877369,0.0108445181843,0.2185433641232,0.0591434561175,-0.0938904199886,0.0423020871355,0.0537080676262,0.3472405733316
0.0923728479014,0.1588392640272,-0.1931650555275,0.0619952030508,1.0000000000000,0.1368241407528,0.3531809879074,-0.1528095968292,0.0044862347123,0.3268322620049,0.6525386409425,-0.0075749260294,0.8628420571441,0.0967435243896,0.1460337251928,0.2563872259488,-0.0044345422107,-0.1688175689650,-0.0929330933366,0.1273543480993,0.8091233542139,0.1922414972969,-0.0268387252689,0.2049378390352,0.3872390279883,-0.0383820417884,-0.2711743190808,-0.1022500293867,0.1941053231568,0.1654177407456,-0.1165408569536,0.0175421566297,0.1090029779038,0.1983215180802,0.0167131170124,0.0879127593955,0.0303880240549,-0.2712946208835,-0.0325056968304,0.9426129864040,0.1475795229225,0.3625097934705,-0.3103148565154,0.0379878252335,0.2880454034657,0.6197758017626,-0.0627041826267,0.8797970739544,-0.0150126032569,0.0122175755989,0.1815057354706,0.0768626703051,-0.1877784718719,-0.0170341783563,0.0050520416576,0.8417805557392,0.1726272597989,-0.0399349033231,0.2422959820382,0.2609765982155,-0.0706768018822,-0.1048642631410,-0.3115260582275,0.3334566614956,0.1825542070612,-0.1208620113825,0.0317264844566,0.1242444885010,0.1869296874978,0.0363832653296
0.2596396424695,0.0638446328538,-0.1368964850108,0.1378568845249,0.1368241407528,1.0000000000000,0.7088887620970,0.1210895907400,0.7254876040778,0.0833791032169,0.3658917809441,0.2831444926661,0.1241397295933,0.1052590650365,0.5420524913394,0.4298482303829,-0.2162988576932,0.0388055747474,0.2749024987237,0.2946181276975,0.0220546522487,-0.2216130090907,-0.0694537078225,-0.0696728835763,-0.1410967451523,0.0193765090347,0.1223669113695,-0.0426472962980,-0.1696377259575,0.3822860098626,0.2332153165985,0.0829357851565,0.5056362925563,0.1091365171322,0.0399083520469,0.1386602624808,-0.1141743400111,-0.1217219824640,0.1189752476098,0.0828862628055,0.6832199972941,0.6270939851259,0.0509022286432,0.5384577305297,0.1299537381123,0.1863895621980,0.0838962517585,0.0626196314047,-0.0004259490778,0.2920695742334,0.2018980714582,-0.2271786092182,-0.1787943454801,0.0756512012697,-0.2155788690415,0.0469343944597,-0.2472304253813,-0.0606901622136,-0.2056342439828,-0.0346007104592,-0.0633723298143,-0.0445383395629,-0.1994107327561,-0.2735301557877,0.0777113506729,-0.0996360934407,-0.1088399123674,0.2890092746048,-0.0136234682867,0.0039516907885
0.2355664524101,-0.0989541788765,-0.2152953176897,0.0615217737736,0.3531809879074,0.7088887620970,1.0000000000000,0.0868533634163,0.6101030988352,0.2646375421465,0.6738001289253,0.0317061026779,0.3906759873099,0.0806825284623,0.6532421715409,0.4238855117084,-0.4146688163348,-0.0803919553020,0.0771635197415,0.1787641335761,0.1109285112477,-0.3360718075703,-0.2005134487297,-0.1659586433552,0.1253443105229,0.0760735244833,0.1817159502023,-0.1461209311840,-0.0238463944309,0.2071487254919,0.0418174508650,0.0670412259305,0.3439601099141,0.0584306802848,-0.0789947082528,-0.0485860007123,-0.2179111969824,-0.1707492463946,0.2219555815759,0.3185329351856,0.5300144782488,0.8348289896799,-0.0145605471567,0.5832161701173,0.3257367143943,0.4501621118830,-0.0697132401185,0.2997852630088,-0.0684830641805,0.3182461464715,0.0810983278320,-0.3653045713143,-0.3029578880593,0.0305464872640,-0.0764318484971,0.1695393307971,-0.4540383272389,-0.1942302424703,-0.2793116026899,0.0999997430668,0.0801175768360,0.0460472511865,-0.3616347566286,-0.0770856488265,0.0450994062619,-0.3072050184758,0.0577369035631,0.2242997369375,-0.0967993952663,-0.1382268065605
0.2521133328880,-0.2388915451164,0.4632327021541,0.1014780082739,-0.1528095968292,0.1210895907400,0.0868533634163,1.0000000000000,0.0941423638057,0.2495180741821,-0.0860555489816,-0.0767833539007,-0.1865553022102,0.0481036689564,0.1458325442722,0.2184618901748,0.2000233950109,0.1132666536693,0.1638617956647,0.1123648093137,-0.1731890231790,-0.1533114703311,0.2095558015264,-0.1016788905055,0.2545347137816,-0.0059059408153,0.2885339494720,0.3517542915676,0.1640694452013,0.0215724312943,0.4372204516192,0.1903895421632,-0.0483817505868,-0.0795335545170,-0.2062771208460,0.0260112988765,-0.2760660760122,0.1598402631975,0.0714673613164,-0.2076832429508,-0.0558792154548,-0.0827577958946,0.5828179381270,-0.1773622705878,0.2076429402287,-0.0976144832020,-0.0947924269964,-0.2025839980397,-0.1013818546157,-0.0659940816611,0.0781098368861,0.1076441635725,-0.0505697623509,-0.2661253756238,-0.3644756349168,-0.1698866244246,-0.1584839712853,0.0034207686402,-0.3153208258290,0.2845136731081,-0.1493095219761,-0.1464462307083,0.1189917588401,-0.0887027457607,-0.1671859001621,0.0169363449136,-0.1006664853599,0.0065552826586,-0.1325042403389,-0.1791855963980
0.1729776091244,-0.0509695720855,0.0727813935351,0.1538112908293,0.0044862347123,0.7254876040778,0.6101030988352,0.0941423638057,1.0000000000000,0.0882850304278,0.2443767487438,0.5181789004309,0.0321644451501,0.2381223082280,0.6118671652582,0.4788992556722,-0.0803761484779,0.0856280025034,0.4999950070925,0.3998274977998,-0.0467227486995,-0.2322130033075,-0.0886038823421,-0.2472991823400,-0.1437254155897,-0.0053288478130,0.0279959122350,0.0464066298337,-0.0920529379761,0.3647731300158,0.1873225986657,0.1103643924036,0.3457957761241,-0.0138906607744,-0.0651962359652,0.0003342496729,-0.2471529057077,-0.0459474367124,-0.0060103948421,-0.0622271378482,0.6478867943964,0.5289723663038,-0.0534924246957,0.6065082864128,0.1081124330343,0.0117634867926,0.4060936551031,-0.0393642868618,0.2081889161431,0.3976713560669,0.0502697006596,-0.2067016368493,-0.0047179917856,0.2671080687543,-0.2005415259974,-0.0344042264137,-0.1743398023240,-0.2035352460480,-0.3315794490897,-0.0687905272331,-0.0098151187968,-0.1345269265136,-0.1904582170224,-0.2689046106535,-0.0322265639438,-0.1666461471515,0.0152056967572,0.2756268979029,-0.1390039670680,-0.0213724271276
0.0058965618511,-0.0263401451727,-0.0419209286648,0.3020339516279,0.3268322620049,0.0833791032169,0.2646375421465,0.2495180741821,0.0882850304278,1.0000000000000,0.2354786028535,0.0831429708246,0.3739375761859,0.4308483737837,0.2281948414803,0.4611412629867,-0.0210056811717,-0.4412400379596,0.0478177386492,0.0556619692202,0.2935263795863,-0.0504572970214,0.3130191353770,-0.1894769350395,0.6267083189175,0.2286754628376,-0.2298984235717,0.1279714468130,-0.0864129444121,0.1281727190232,-0.1070843552430,0.3622622688837,0.0454474341937,0.0168544597381,-0.1253792089830,-0.2015327233261,-0.1378962614650,-0.1185792640233,0.3274660039954,0.2892175871763,0.1055336516734,0.2262155209699,-0.0470799729683,0.0210942989364,0.8472290667098,0.1185453843326,0.0558408998722,0.3442497759228,0.3003942620071,0.1748540229394,0.0641186939259,-0.0792595325851,-0.3918380313283,0.0210555030715,-0.0772248374054,0.2428963847318,-0.0850629320400,0.0783054436062,-0.1790725008062,0.5505519640052,0.2269290341761,-0.1550618264217,-0.0713962888432,-0.0421587163143,0.1286283257754,-0.3063481406153,0.1292028487839,0.0647362647820,-0.0383481783787,-0.0769661585933
0.2070623474187,0.0487659857112,-0.3174262522721,0.0098421935336,0.6525386409425,0.3658917809441,0.6738001289253,-0.0860555489816,0.2443767487438,0.2354786028535,1.0000000000000,0.0375277001496,0.6747582409617,0.0412045687221,0.4634876330299,0.2404538031376,-0.2693808407407,-0.1549824943635,-0.0444964600178,0.1029563146600,0.5304436920190,-0.1129221766514,-0.1582156167234,-0.0293913975388,0.2358859860504,0.0433328241966,-0.1144483721755,-0.0902338801867,0.0105021637234,0.1804921276748,-0.1631059548642,0.0616920880218,0.2389270864028,0.2656257148588,-0.1283243905414,0.0744781806896,-0.0519290489306,-0.2868352019153,0.0712730378279,0.6417460374819,0.2776806287730,0.6213912721963,-0.1874271152313,0.3648339830598,0.2542507519792,0.8739570482553,-0.0748565826388,0.5984573223853,-0.0868771007809,0.2314633059995,0.2199258557766,-0.2005830410505,-0.2623820972840,-0.0287345012824,-0.0510430101444,0.6174108337203,-0.1675138938242,-0.1997815183477,-0.0328612091893,0.1270817967641,0.0154099428513,-0.1037831479256,-0.3204496812650,0.1291781269107,0.0803311348282,-0.3570340119342,-0.0264024695888,0.2836092891541,0.1732127244309,-0.1325067647166
0.0010042506209,0.2202032235102,0.0137923914524,0.2377472970287,-0.0075749260294,0.2831444926661,0.0317061026779,-0.0767833539007,0.5181789004309,0.0831429708246,0.0375277001496,1.0000000000000,0.0560184683312,0.3709969394159,0.2486341346782,0.2864585199372,0.1059637497330,0.0912930982095,0.6232863049492,0.5599248403849,0.1190976639399,-0.0781426569615,0.1692187657083,-0.1770614973243,-0.0449724161799,0.1938645126674,-0.0788149435898,0.1789597941566,-0.1080729339152,0.3225761944744,0.0180660945028,0.2350079648629,0.2830638295737,-0.0265610546390,0.0721539262752,0.0022686359335,0.0089310076535,-0.1277873649395,0.0096743691371,-0.0810381558596,0.2866103761290,0.0739970369449,-0.1971355254367,0.2078490436817,0.0172395541753,-0.0516163520160,0.8172915477528,-0.0223607899821,0.4227007601470,0.2552566231127,0.0896411463088,-0.0776966006151,0.1827069613077,0.5826087751197,0.0725330866688,0.0723402995967,0.0513296635406,-0.0222544815764,-0.1614241233567,-0.0454774761819,0.0806143016743,-0.0013753130161,0.0019185954612,-0.1788642842913,0.0023584367020,-0.1731169367094,0.0208014183714,0.4513547198863,-0.0638407398775,0.1194291704456
0.1690684155240,0.2145779661222,-0.2645448661396,0.1205877851081,0.8628420571441,0.1241397295933,0.3906759873099,-0.1865553022102,0.0321644451501,0.3739375761859,0.6747582409617,0.0560184683312,1.0000000000000,0.0058734163209,0.1847489709287,0.3106900804220,-0.0709395954030,-0.1062988789945,-0.1242278174294,0.1899164053814,0.8631598398921,0.1439504342557,0.0628942558540,0.1142783140401,0.3574209162939,-0.0316359138878,-0.2516623190646,-0.1576201441331,0.0821646951805,0.2112447656045,-0.1188677292755,0.0237325902402,0.1506930004777,0.3273441972553,0.1490141084214,0.0856618122804,0.0457552309878,-0.3649838952512,0.0512769066598,0.8274948972072,0.2041486784275,0.4183695707694,-0.3413433847807,0.0658335618448,0.2964508574685,0.5518588192373,-0.0212577335944,0.9285756417815,-0.0997957623089,0.0682740493461,0.1854755949709,-0.0590911813214,-0.1255079214832,-0.0265610433324,0.0051517907705,0.8363827235115,0.1036297991332,-0.0252596837372,0.1594147376677,0.2469376909707,-0.0382230340045,-0.0955383918791,-0.3646923677494,0.2158015609634,0.2291635702578,-0.2132638376769,-0.0957567742102,0.1728502610150,0.2755962259489,0.1890609068303
-0.1766582748458,-0.0417279861543,0.1117842109637,-0.0020390606609,0.0967435243896,0.1052590650365,0.0806825284623,0.0481036689564,0.2381223082280,0.4308483737837,0.0412045687221,0.3709969394159,0.0058734163209,1.0000000000000,0.1752010477147,0.3140592599174,0.0021320111518,-0.4337897920520,0.4126206675583,0.0792092873499,0.0821975716721,0.0414417343542,0.0574985110230,-0.0475790797245,0.0807015052904,0.3709140779509,-0.3340361267834,0.3116798493598,-0.1950203429442,0.2400419456083,-0.1916574400256,0.5591877089611,0.1551446079747,-0.0949270787829,-0.2706823075397,-0.2776225208298,-0.1372483809650,0.0191574209964,0.0132833911670,0.0786483251816,0.0684225610004,0.0686007188755,-0.2618716967304,0.0600889711597,0.3398652273413,-0.0617858111731,0.3613311464956,0.0563425943271,0.8267911927503,0.0643527324186,0.0989967666061,0.0346039304486,-0.3477605685575,0.2675714028382,-0.1294466216413,0.0697888476312,0.1378693391627,-0.1308196063421,-0.0419635234285,-0.0132159170820,0.2885295254800,-0.2001829921655,0.1113622874793,-0.1989921368577,0.0617498304847,-0.2418083377222,0.5431206152271,0.1320321300203,-0.0900250931476,-0.1924344321772
0.5130086306271,-0.0541255977908,-0.1432512430357,0.1481181627092,0.1460337251928,0.5420524913394,0.6532421715409,0.1458325442722,0.6118671652582,0.2281948414803,0.4634876330299,0.2486341346782,0.1847489709287,0.1752010477147,1.0000000000000,0.2704309359282,-0.2739378881604,0.0193308222860,0.3372152644699,0.3939033717262,0.0346104052162,-0.1946019193499,-0.0212249015158,-0.1264519763337,0.0426125081968,0.0821894119915,0.0348156686221,0.2664169161471,-0.1526198832283,0.4427552116218,0.0210100878699,0.2187957289571,0.2208719253698,0.1631729226887,-0.1419713603260,0.0599768081361,-0.1739004705557,-0.2468766741292,0.2433451525338,0.1138604898081,0.3483074711959,0.4264301599469,-0.0898609354008,0.4441727813734,0.2153865360177,0.2070585266976,0.1016521837504,0.0752885460231,0.0287796513214,0.6785094586860,0.0104093624486,-0.2457951734357,-0.3105122179520,0.1313625749055,-0.0690805190143,0.0623232791030,-0.2676598206888,-0.1617820873201,-0.2472247466917,0.0386481531309,0.1725936657884,-0.2200347896065,-0.0747881604208,-0.2635529545519,0.1822129479939,-0.4021391538816,0.0408746073705,0.4584317920724,0.0144929100034,-0.1218604702598
0.1221819902292,-0.0481196154804,-0.0155931358578,0.2600776791662,0.2563872259488,0.4298482303829,0.4238855117084,0.2184618901748,0.4788992556722,0.4611412629867,0.2404538031376,0.2864585199372,0.3106900804220,0.3140592599174,0.2704309359282,1.0000000000000,0.1089768278860,-0.1697212365368,0.2578292282531,0.2400345018742,0.2930779007730,-0.1289091366451,0.1419936282127,-0.2507747295653,0.1112869775331,0.0882020307380,-0.2408247036554,-0.0262618867613,-0.1612560165576,0.3459467831252,0.0514933440172,0.2431264889258,0.3530657564355,0.1561824052489,0.1279367157152,0.0432045205611,-0.1262108895691,-0.0836949984205,0.0546137415952,0.1479050154070,0.5537059000099,0.4418325881837,-0.0074153380799,0.2720093865074,0.4057887034784,0.0959835845402,0.2880541476886,0.2759328012983,0.2609389566137,0.2493038527769,0.4769712467211,-0.0221242058989,-0.0290312711415,0.1021626616980,-0.2780575757648,0.2623513053867,-0.0310810526966,0.0569029556983,-0.2682540012245,0.2437562582549,0.0655309926044,-0.2080432168828,-0.1425871926726,-0.1764991417725,0.0737298567173,-0.1577585922521,0.0563333226728,0.1436500587045,0.0846719987721,0.2313796712268
0.0747722256560,0.1473710287239,0.2628513456425,0.2593190090458,-0.0044345422107,-0.2162988576932,-0.4146688163348,0.2000233950109,-0.0803761484779,-0.0210056811717,-0.2693808407407,0.1059637497330,-0.0709395954030,0.0021320111518,-0.2739378881604,0.1089768278860,1.0000000000000,0.1984267774600,0.1250146388862,0.2040482471411,0.1765040302498,0.5584884924617,0.3592235247631,0.3870422623645,0.1161270564176,-0.1166939058943,-0.2479468211156,0.2378156835597,0.2163799965485,0.1436083028859,0.3547298128478,0.0614164341143,-0.1676044199658,0.1255606246126,0.1212170015190,0.3084280691124,0.0927695348350,0.0639877811882,-0.1217359586876,-0.0774039077661,-0.0155299668042,-0.3481985788555,0.0985559214995,-0.2971116565902,-0.0407786093601,-0.1627238523929,0.2085583615175,-0.0146849292602,0.0224753383390,-0.1411270744837,0.1125746245301,0.8266103041880,0.2880799862958,-0.1579190074143,-0.1787286124631,0.1401385242428,0.6673849572789,0.3381921750594,0.3329465297571,0.2573679343190,-0.2290690043162,-0.2774263802149,0.2452725628359,0.1720439420265,0.0423514139131,0.4023361935290,-0.1227907612020,-0.0950260252825,0.1393782717769,0.2440557404245
0.3508823270899,0.2458108067910,0.3002551893607,0.0992405689681,-0.1688175689650,0.0388055747474,-0.0803919553020,0.1132666536693,0.0856280025034,-0.4412400379596,-0.1549824943635,0.0912930982095,-0.1062988789945,-0.4337897920520,0.0193308222860,-0.1697212365368,0.1984267774600,1.0000000000000,-0.0476071654915,0.4320447817789,-0.0709975951257,0.1160730731703,0.1567977299475,0.2150198160927,-0.2309964553232,-0.1697676372308,0.4836808004389,0.0982871973511,0.2466326129528,0.1327082747782,0.5589082156443,-0.2256409271883,-0.0065724406322,0.2025521724786,0.4122209897346,0.3626169830680,0.1626646145592,-0.1061038947544,-0.0663074067363,-0.2120099409713,-0.0196034456152,-0.2165747387071,0.1199257391398,-0.1457980492168,-0.4333995728528,-0.1555570505552,0.0417535938635,-0.1747243967366,-0.4723671738176,-0.1380664959991,0.0232345094481,0.0888061779562,0.5900557176384,-0.1622407402277,0.0280293960699,-0.0942632186137,0.0544865309292,0.1108363393064,0.0097466991915,-0.2455871583764,-0.3173101667619,0.0987643556321,-0.0812444830815,-0.0331556460643,0.0055394061222,0.3182896615976,-0.3887274767031,0.0375874051604,0.1157401587257,0.3283773980140
0.0956284863182,-0.1082432006379,0.0351445703297,0.0887681652057,-0.0929330933366,0.2749024987237,0.0771635197415,0.1638617956647,0.4999950070925,0.0478177386492,-0.0444964600178,0.6232863049492,-0.1242278174294,0.4126206675583,0.3372152644699,0.2578292282531,0.1250146388862,-0.0476071654915,1.0000000000000,0.4143054021100,-0.0331771610460,-0.0249546756354,0.0630781365601,-0.1241695285513,-0.1626003828489,-0.0602020606432,-0.0650010485499,0.2891547915071,-0.1972822960307,0.3859709957723,0.0440421744965,0.3970755465238,0.0455538083507,-0.0358556500378,-0.1554621789037,-0.0036445445493,-0.2026898153658,-0.1479935530076,-0.1359442355558,-0.1276741261448,0.2581160103059,0.0808627627529,-0.1204113789038,0.1111419082934,-0.0113203127738,-0.1212160925675,0.5708558530310,-0.1403298948635,0.4301730518556,0.2741945069433,0.1179689291272,0.0482004374272,-0.0091740575966,0.4412207119608,-0.1970411684597,-0.0472092008536,0.1167747783765,-0.1046065361622,-0.1224785287948,-0.1119873114303,-0.0560403376019,-0.3017116185340,0.0792028272293,-0.2685057071015,0.0448725079694,-0.1882683203609,0.3573784445971,0.1148303838834,-0.0489986913885,-0.0227988111147
0.3151389382281,0.2450808938277,-0.0219042526049,0.3513061296172,0.1273543480993,0.2946181276975,0.1787641335761,0.1123648093137,0.3998274977998,0.0556619692202,0.1029563146600,0.5599248403849,0.1899164053814,0.0792092873499,0.3939033717262,0.2400345018742,0.2040482471411,0.4320447817789,0.4143054021100,1.0000000000000,0.1797551492847,0.0262373298748,0.2783928946472,-0.0263419279514,-0.0161589877116,0.1116926037682,0.0603882213280,0.3091202892957,-0.0220903558831,0.4104308213862,0.3225607290123,0.1226217216142,0.1565427459070,-0.0217439603065,0.0867232594695,0.1519737902200,-0.0520198440654,-0.2856993097196,0.0684124714012,0.0746425146642,0.2218006666951,0.0634311455183,-0.0980096922628,-0.0728079949717,0.0112379093956,0.0066131831503,0.4328611301965,0.1397719644184,0.0030490843082,0.2361083345375,-0.0489215078498,0.0460231734446,0.1817131657921,0.2593428848620,0.1255614063130,0.1700463433175,0.0451293574684,0.1039423825659,-0.1672083877365,0.0544545035772,-0.0278501436693,-0.0405556242824,0.0279736224348,-0.1378903281154,0.0751191400236,-0.0658949986819,-0.1182922598907,0.3443150750886,-0.1238462619012,0.0896262280094
0.2237838102382,0.3011152439571,-0.1780975304439,0.1565831852168,0.8091233542139,0.0220546522487,0.1109285112477,-0.1731890231790,-0.0467227486995,0.2935263795863,0.5304436920190,0.1190976639399,0.8631598398921,0.0821975716721,0.0346104052162,0.2930779007730,0.1765040302498,-0.0709975951257,-0.0331771610460,0.1797551492847,1.0000000000000,0.3184105012543,0.1671062021647,0.2250099157525,0.2297903597506,-0.0350771783121,-0.3740402595369,-0.0855240132965,-0.0127970102147,0.3128705733677,-0.0662106468081,0.0355479851169,0.1612490408021,0.4159010232381,0.2285006190389,0.2598802904625,0.1637852708562,-0.3839216890335,-0.0823921931029,0.7625458730933,0.1738727194209,0.2057526509239,-0.4064066066085,-0.0643200880595,0.1506903416052,0.4717662486059,0.0726556623799,0.8533797095033,0.0055951820688,-0.0013688367825,0.3382870050105,0.1718583058858,-0.0278596588385,-0.0656019183078,-0.0892650610965,0.9335750408768,0.3736215791092,0.0560354640417,0.2983916258311,0.1640435594226,-0.1045871949690,-0.2464293813967,-0.2690776437882,0.1156955313193,0.2902623268920,-0.0974966969360,-0.0609950101430,0.1268416643120,0.4377549886201,0.3056177421870
0.0072789965565,0.2269708809274,0.0282883225589,0.0593342714303,0.1922414972969,-0.2216130090907,-0.3360718075703,-0.1533114703311,-0.2322130033075,-0.0504572970214,-0.1129221766514,-0.0781426569615,0.1439504342557,0.0414417343542,-0.1946019193499,-0.1289091366451,0.5584884924617,0.1160730731703,-0.0249546756354,0.0262373298748,0.3184105012543,1.0000000000000,0.2942466599098,0.8413424925326,0.0626398447022,-0.3029444084202,-0.2911039046766,0.0569651663866,0.3004946869398,0.3398864004904,0.2108018016354,0.1096129135408,-0.1512117492109,0.2835084598769,0.2455831292870,0.2398795883393,0.1561284796768,-0.2023975808233,-0.1280215702230,0.2117624499193,-0.0698997252142,-0.2662049224114,-0.2159583346172,-0.2892003858827,-0.0742153846650,-0.0506234239125,-0.0338992125802,0.2120001147629,-0.0751373126946,-0.2023741303573,0.0676589542452,0.5894549586739,0.0271706296305,-0.2485224740097,-0.1636314541835,0.2256113024207,0.8728167947348,0.2917348531345,0.8201060916009,-0.0197572292320,-0.3505790105258,-0.3673592781087,-0.0417655431503,0.3104689633274,0.4837843317609,0.3779078123048,-0.1223486795629,-0.0636299829463,0.3768009883735,0.3301229392555
0.1998198001891,0.4868798848186,-0.0010330181685,0.6345319861090,-0.0268387252689,-0.0694537078225,-0.2005134487297,0.2095558015264,-0.0886038823421,0.3130191353770,-0.1582156167234,0.1692187657083,0.0628942558540,0.0574985110230,-0.0212249015158,0.1419936282127,0.3592235247631,0.1567977299475,0.0630781365601,0.2783928946472,0.1671062021647,0.2942466599098,1.0000000000000,0.1851405598252,0.2241206160232,0.1756795304214,-0.0766005737551,0.2116104033507,-0.0463105903356,0.3273845631767,0.3751861044098,0.2509358171093,-0.0642855588960,0.2378997515519,0.3834627223669,0.2693864457751,0.3451595404959,-0.2524537416091,0.3911800019078,-0.0828645675853,-0.0624462834904,-0.2441698259403,0.0202051055116,-0.3194830612520,0.2146346834814,-0.2064171501739,0.1880851791577,0.0305460363142,0.0279808390556,0.0466946629848,0.0989106534810,0.2055073478647,0.0717466819220,-0.1685064360568,-0.1431233892316,0.0499017820684,0.2434974750710,0.7264236124712,0.0924605074801,0.2386624167562,0.0571591487514,-0.1963236284975,0.0945789478596,-0.1305848821683,0.2632975012914,0.1120776577243,-0.1835126200227,0.0133179181280,0.2050508675193,0.4167158747627
0.1134374373608,0.2584488215144,0.0510911222627,-0.0341551681722,0.2049378390352,-0.0696728835763,-0.1659586433552,-0.1016788905055,-0.2472991823400,-0.1894769350395,-0.0293913975388,-0.1770614973243,0.1142783140401,-0.0475790797245,-0.1264519763337,-0.2507747295653,0.3870422623645,0.2150198160927,-0.1241695285513,-0.0263419279514,0.2250099157525,0.8413424925326,0.1851405598252,1.0000000000000,-0.0214488036843,-0.2556918934183,-0.0176910096247,0.0580321443671,0.3202018409702,0.3064288979219,0.2661582417193,0.0439209356332,-0.1485660100213,0.2765012378729,0.2850496117389,0.2618530452137,0.2278891945837,-0.1349567435296,-0.0542687992806,0.2229910276636,-0.1112920951954,-0.1743771889667,-0.1157007861276,-0.2459736564277,-0.1867541549246,0.0208216695470,-0.2043342772976,0.1515604442382,-0.2207187978614,-0.2953700240930,-0.0100526901834,0.5607186998169,-0.0530358185321,-0.3119287107135,-0.1782655717765,0.1702685088152,0.6546839943714,0.2650165155732,0.8701277717568,-0.1292182652241,-0.3694506363723,-0.2285446866088,-0.0608725647944,0.2574048499204,0.4478466477123,0.4063111755919,-0.1071296321886,-0.0502123402938,0.3415704103845,0.2690197157952
-0.1313644478468,0.1029894695093,0.1592438520344,0.3291006208597,0.3872390279883,-0.1410967451523,0.1253443105229,0.2545347137816,-0.1437254155897,0.6267083189175,0.2358859860504,-0.0449724161799,0.3574209162939,0.0807015052904,0.0426125081968,0.1112869775331,0.1161270564176,-0.2309964553232,-0.1626003828489,-0.0161589877116,0.2297903597506,0.0626398447022,0.2241206160232,-0.0214488036843,1.0000000000000,0.1071839183225,-0.0210348058463,0.1068260779963,0.4971991908755,-0.1646376694943,-0.0320057590723,0.0945835300729,-0.1017022224718,-0.0548794509621,-0.1880699040676,-0.1989506571323,-0.0260680010643,0.1141451228962,0.4379608057494,0.3128349007443,-0.1585471318148,0.0304776875422,0.1779308116606,-0.0755444872519,0.6650770629098,0.2273444623799,-0.0185187008545,0.3489405978213,-0.0060717218922,-0.0045098075507,-0.1039827259107,0.0218808480132,-0.1970645216708,-0.0219518681140,0.1176801990655,0.2378153139062,-0.0621085335107,0.1360218827010,-0.0151722586673,0.7797900459234,0.1149728824038,0.0950081343970,-0.0318890823859,0.5350849575827,-0.0479510576569,-0.1069642468524,-0.0258990819407,0.0088553697764,-0.0811257978174,-0.1966260165221
-0.0792901130958,0.2938547870302,-0.0371573409825,0.2095087943489,-0.0383820417884,0.0193765090347,0.0760735244833,-0.0059059408153,-0.0053288478130,0.2286754628376,0.0433328241966,0.1938645126674,-0.0316359138878,0.3709140779509,0.0821894119915,0.0882020307380,-0.1166939058943,-0.1697676372308,-0.0602020606432,0.1116926037682,-0.0350771783121,-0.3029444084202,0.1756795304214,-0.2556918934183,0.1071839183225,1.0000000000000,0.0354449016948,0.3308708760595,-0.1985839932793,-0.1267399156474,-0.2007083357483,0.1021718533102,0.1341969615677,-0.0896657643950,-0.0168901969349,-0.1519348892690,0.2895993592893,0.1417858007579,0.5130108113150,-0.0804602844312,-0.0852736687240,0.0445028583481,-0.0752599177933,0.0396044704676,0.1828649896597,-0.0442829907435,0.1752348457128,-0.0406350325926,0.4080083430747,0.1323145562675,-0.0265258847874,-0.1302524343448,-0.2481035781141,0.0668885629468,0.1413121372846,-0.0302981497413,-0.2863197729654,0.0773142746866,-0.3199889015447,0.0623961588711,0.8018410518785,0.3051619967042,0.2904643760724,-0.1738125732579,-0.2329871966621,-0.2733439071851,0.2774262204783,0.1418363898808,-0.1438163925900,-0.0757928851142
0.1208261605344,-0.0053301756834,0.2540328144311,-0.0390971460601,-0.2711743190808,0.1223669113695,0.1817159502023,0.2885339494720,0.0279959122350,-0.2298984235717,-0.1144483721755,-0.0788149435898,-0.2516623190646,-0.3340361267834,0.0348156686221,-0.2408247036554,-0.2479468211156,0.4836808004389,-0.0650010485499,0.0603882213280,-0.3740402595369,-0.2911039046766,-0.0766005737551,-0.0176910096247,-0.0210348058463,0.0354449016948,1.0000000000000,0.0605385372609,0.2411980291002,-0.2363674214937,0.2404174086606,-0.1013895382093,-0.0822357500751,-0.1769402741591,0.0729188204205,-0.0745950548263,-0.0197127579092,0.0939809743282,0.1992861545645,-0.2843486336505,-0.1077989769282,0.0099968786063,0.3476706444820,0.0342635043777,-0.2133935069265,-0.1039018699687,-0.1922227796082,-0.3211966884454,-0.3505650629809,-0.2245731157201,-0.1962700924983,-0.2156344249583,0.0288074182065,-0.1922609433639,-0.0790224454258,-0.3835644257979,-0.4576934129675,-0.0842912991245,-0.2275613502564,-0.1347201038757,-0.0961230865768,0.3694371175047,-0.0922368793556,0.0198373692829,-0.2505612021849,0.0371417258708,-0.0943274957391,-0.0886612002128,-0.2432251060796,-0.1170639218092
0.0922171823142,0.0726328342208,0.3767740379472,0.0175285010126,-0.1022500293867,-0.0426472962980,-0.1461209311840,0.3517542915676,0.0464066298337,0.1279714468130,-0.0902338801867,0.1789597941566,-0.1576201441331,0.3116798493598,0.2664169161471,-0.0262618867613,0.2378156835597,0.0982871973511,0.2891547915071,0.3091202892957,-0.0855240132965,0.0569651663866,0.2116104033507,0.0580321443671,0.1068260779963,0.3308708760595,0.0605385372609,1.0000000000000,0.0483052169010,-0.0069836690483,0.0474170499369,0.2993785722013,-0.0691572001146,-0.0023991614408,-0.3112000787588,-0.1736216077655,-0.0090417564020,-0.0051695555664,0.0999361704508,-0.1127489135685,-0.1336062792367,-0.2491475543126,-0.0498132941633,-0.2115433460615,-0.0288004370752,-0.1509958890443,0.0708035281715,-0.1390642749268,0.1532889221681,0.1023917325703,-0.0188245969456,0.2574168842734,-0.2668839956841,-0.0691380180178,-0.1787569484654,-0.0528538331589,0.0710448916121,-0.0373994097523,-0.1095010553623,-0.0728119040376,0.2597821301429,-0.2081388349005,0.5001951938225,-0.1340136410317,-0.2289241347779,-0.2008803570280,0.0787530705670,0.1798095816317,-0.0167703494945,-0.2693380173634
-0.2412847933022,0.0144403897463,0.4485705772679,0.0225250854137,0.1941053231568,-0.1696377259575,-0.0238463944309,0.1640694452013,-0.0920529379761,-0.0864129444121,0.0105021637234,-0.1080729339152,0.0821646951805,-0.1950203429442,-0.1526198832283,-0.1612560165576,0.2163799965485,0.2466326129528,-0.1972822960307,-0.0220903558831,-0.0127970102147,0.3004946869398,-0.0463105903356,0.3202018409702,0.4971991908755,-0.1985839932793,0.2411980291002,0.0483052169010,1.0000000000000,-0.2354188403069,0.2269820534958,-0.1703958648662,-0.2133898180932,-0.1545462908153,-0.1057013596223,-0.2111409500242,-0.0806354905300,0.3016022624496,0.0845030574130,0.1640550160419,-0.1746828183225,-0.1312513018688,0.3063880717671,-0.1049325445620,0.0307976149449,0.0950923451153,-0.0665682639929,0.1198576402479,-0.2786963700867,-0.3122076759177,-0.2083482088912,0.1864286461981,0.1769697008870,-0.0820910741838,0.0742401991369,0.0123869004041,0.1128300374011,-0.0071824755602,0.2549232840520,0.2492366541408,-0.1893749168002,0.1497727740821,-0.0440002229863,0.8357762267507,-0.1462530028604,0.3274288368472,-0.1983327920631,-0.0808478145644,-0.1243455794751,-0.1700861320081
0.3841182863559,0.2947981671917,-0.1978978864865,0.3643514447055,0.1654177407456,0.3822860098626,0.2071487254919,0.0215724312943,0.3647731300158,0.1281727190232,0.1804921276748,0.3225761944744,0.2112447656045,0.2400419456083,0.4427552116218,0.3459467831252,0.1436083028859,0.1327082747782,0.3859709957723,0.4104308213862,0.3128705733677,0.3398864004904,0.3273845631767,0.3064288979219,-0.1646376694943,-0.1267399156474,-0.2363674214937,-0.0069836690483,-0.2354188403069,1.0000000000000,0.3031354776242,0.3420408698992,0.2042251575162,0.3719313284998,0.3871216672617,0.4812953574221,0.1639599393693,-0.3813223326353,0.0614672214801,0.1154876664343,0.3328383156847,0.1524724173008,-0.2156427379007,0.0914014469461,0.0899391297659,0.0357209741484,0.2690455232792,0.1888845935374,0.1148960110231,0.3285102569200,0.2566270168675,0.1316923095916,0.0421917861450,-0.0046341739513,-0.2362523452960,0.2315754891602,0.3609778072912,0.2832210091825,0.2351352467882,-0.0752936652169,-0.1970580394098,-0.4350556045131,-0.2011204625533,-0.2814165929125,0.7369591566072,0.0532474256505,-0.0330086349749,0.2328887172565,0.3285179240348,0.4273080781163
0.3244860546901,0.1923554442304,0.2475065294776,0.3165073037487,-0.1165408569536,0.2332153165985,0.0418174508650,0.4372204516192,0.1873225986657,-0.1070843552430,-0.1631059548642,0.0180660945028,-0.1188677292755,-0.1916574400256,0.0210100878699,0.0514933440172,0.3547298128478,0.5589082156443,0.0440421744965,0.3225607290123,-0.0662106468081,0.2108018016354,0.3751861044098,0.2661582417193,-0.0320057590723,-0.2007083357483,0.2404174086606,0.0474170499369,0.2269820534958,0.3031354776242,1.0000000000000,-0.0180305956605,0.0211808164347,0.0717803724458,0.3686795461193,0.4360590953894,0.0743430927228,-0.0960996349563,0.0289936930902,-0.1488169440653,0.1049803120559,-0.1146009547654,0.3363642540897,-0.1598204568852,-0.0891790273151,-0.1765420695644,0.0205141552648,-0.1010998167723,-0.3055470382061,-0.1371434792390,0.0484394255724,0.1971627411927,0.3786750251390,-0.2338830820004,-0.1364045449025,-0.0736841419920,0.1383401959536,0.4091050770594,0.0476921712926,0.0338726227902,-0.3772757835314,-0.1371459448466,-0.0594187501324,-0.0903654251859,0.1993885597187,0.5991917658016,-0.3162639160894,-0.0149380600118,0.0329752806738,0.3125954612518
-0.0222401320304,0.0713828708553,-0.1035439143695,0.1357379360528,0.0175421566297,0.0829357851565,0.0670412259305,0.1903895421632,0.1103643924036,0.3622622688837,0.0616920880218,0.2350079648629,0.0237325902402,0.5591877089611,0.2187957289571,0.2431264889258,0.0614164341143,-0.2256409271883,0.3970755465238,0.1226217216142,0.0355479851169,0.1096129135408,0.2509358171093,0.0439209356332,0.0945835300729,0.1021718533102,-0.1013895382093,0.2993785722013,-0.1703958648662,0.3420408698992,-0.0180305956605,1.0000000000000,0.0590527123688,0.0995741005366,-0.1248054401063,-0.1091586407813,0.0170521762385,-0.2737508047864,0.0685936615659,-0.0179956807929,-0.0728134121249,-0.0450971543655,-0.0682717895207,-0.0962193380490,0.3017651412557,-0.0089129999408,0.1998080281293,-0.0412406293032,0.3975603845530,0.1139965868820,0.0768529834933,0.0607398511577,-0.2968163987494,-0.0846740327165,-0.3377595980108,-0.0104470918539,0.1123100755011,0.1232878635757,-0.0123433443654,0.0297874958005,0.0547943166080,-0.3321834447337,-0.0014967409255,-0.1653711902193,0.2254211936201,-0.1581599449503,0.2174208706636,0.1929669910472,0.0529376377031,-0.0253891768021
0.0577414054242,0.0915633236089,-0.1768776997489,0.0125578252576,0.1090029779038,0.5056362925563,0.3439601099141,-0.0483817505868,0.3457957761241,0.0454474341937,0.2389270864028,0.2830638295737,0.1506930004777,0.1551446079747,0.2208719253698,0.3530657564355,-0.1676044199658,-0.0065724406322,0.0455538083507,0.1565427459070,0.1612490408021,-0.1512117492109,-0.0642855588960,-0.1485660100213,-0.1017022224718,0.1341969615677,-0.0822357500751,-0.0691572001146,-0.2133898180932,0.2042251575162,0.0211808164347,0.0590527123688,1.0000000000000,0.2580147299138,0.0757760685366,0.1184596824869,-0.0004654395260,-0.1727882417377,0.0305542804830,0.0599777009343,0.3735280003133,0.3042158228076,-0.1451488140445,0.2169553398939,0.0098529785632,0.1243885393336,0.1944497974284,0.1136609789133,0.0486217958561,0.1683096608875,0.4674034651665,-0.2531432921930,0.0307473788575,0.1012380769800,0.0232265503349,0.1932918518523,-0.1344552824478,-0.0407114265496,-0.1889643521709,-0.1052927840826,0.0651175549492,0.1747272780008,-0.0866478083851,-0.1892429768554,0.0813542878703,-0.1602506116770,-0.1460369993950,0.5260997711295,0.1951682778731,0.1103004912455
0.3592458443111,0.2843395667060,-0.1868473071266,0.1340080144984,0.1983215180802,0.1091365171322,0.0584306802848,-0.0795335545170,-0.0138906607744,0.0168544597381,0.2656257148588,-0.0265610546390,0.3273441972553,-0.0949270787829,0.1631729226887,0.1561824052489,0.1255606246126,0.2025521724786,-0.0358556500378,-0.0217439603065,0.4159010232381,0.2835084598769,0.2378997515519,0.2765012378729,-0.0548794509621,-0.0896657643950,-0.1769402741591,-0.0023991614408,-0.1545462908153,0.3719313284998,0.0717803724458,0.0995741005366,0.2580147299138,1.0000000000000,0.3867014040849,0.4401812871220,0.3071345174270,-0.3206430910386,0.0848116513499,0.1233840497042,0.1970132735560,0.0845352083717,-0.1701759342529,0.0715657321235,-0.0656335488041,0.1685514263909,-0.0718719639400,0.1925243613599,-0.2075082597417,0.1118651753483,0.6359656568153,0.1555182757647,0.0737557280427,-0.3035333965989,-0.3522951337510,0.3569047125529,0.2545838066209,0.2108339060499,0.2182214737649,-0.0222809383377,-0.1355317143379,-0.2932423027704,-0.0897365257844,-0.1447515465062,0.3095711662661,-0.0234208997050,-0.1882081871772,0.1598399897405,0.8982735461485,0.5068502431952
