1.0000000000000,0.2963249734902,-0.0345064479232,0.5669369066675,0.0141998733795,-0.1409828840395,0.0598435176488,0.5267505201907,0.2777049425166,0.1691129034992,-0.1275070145197,0.0936380399747,0.0169217786170,0.0098798487612,0.5817343683948,0.0512466663440,-0.0133479242895,0.2139309737007,0.3078180487830,0.2348208990363,-0.0052207354344,-0.1396725088756,0.2519242790681,-0.1287382406438,0.2150630572376,0.4929073000363,0.0414921428123,-0.0693928673052,0.0795173606008,0.4388342070718,0.1583497710081,0.1202444831277,-0.0906850234153,0.0945617817178,0.3177442667144,0.3334655483399,-0.0607731239349,-0.4115777214170,0.2958996287791,-0.3362970631842,-0.1447463872671,-0.2030614725741,-0.2370138549039,-0.2243965423460,-0.0385582783386,-0.3055175971681,0.3987060816564,-0.1200179356305,-0.2055446388645,-0.0663383861829,-0.3249212908143,0.1644045826326,0.0835079791823,-0.5137913614222,-0.0618842429056,-0.1255451099929,-0.2816609148020,0.1029434913739,-0.2868882051475,-0.0541493083047,-0.2568261143902,-0.2356590771404,-0.0700511710127,-0.2186690126732,-0.0351596553026,-0.4056120282573,0.5491111268344,-0.4335873064260,0.0224522543387,0.2057122372657
0.2963249734902,1.0000000000000,-0.0465876740190,0.6178152278288,0.0264309747613,-0.0654742900093,0.0440386970736,0.1658233063111,-0.0031537966393,-0.0537131527827,0.1000244106941,0.0373961487578,-0.0275096140744,-0.0295612839337,-0.0852991989187,0.0761025706892,0.0579100703473,0.1942360925100,-0.2509408030910,0.0957238282998,0.0607045892907,0.1128847138436,0.5843456379178,0.0758648386198,0.3154357415512,0.2902030149720,0.0775896717895,0.0774490786959,0.2316283243633,0.4246672781173,0.4002792569199,0.0045385558566,0.1024534448147,0.4010414427676,0.5918425221969,0.4106784507871,0.6046392552180,-0.1967000880192,0.5014058866471,-0.0725356037485,-0.1149596982311,-0.1025190178604,-0.2050759088430,-0.1503905784368,0.0903211842798,-0.0871392270619,0.1462857610321,-0.1163840390184,-0.0786157178352,-0.3507403432751,-0.1938695273922,0.1245759034379,0.3028627266644,-0.3850318231201,-0.0573966716514,-0.0010845989875,0.0215082987196,0.6391336775226,0.0875468240839,0.2249158854471,-0.3053947072873,-0.1748688112075,0.1637442594327,0.0853749093217,0.2973202794560,0.1191823499626,0.3106807834371,-0.0549535967769,0.4264627312422,0.5369562490137
-0.0345064479232,-0.0465876740190,1.0000000000000,0.1844587156417,-0.2040119595884,0.0659633192166,-0.3727837228066,0.2914729441858,0.0438505380986,0.1604843221483,-0.2143947964448,0.2538273408486,-0.2405918643710,0.1667151377796,-0.0382773919006,0.0644774771441,0.1527133352919,0.5662992599993,0.1842960523257,0.4210559568733,-0.2000839668291,0.2086866163901,0.0762463748221,0.4513777150902,0.3070773473547,0.1028477710265,0.7352826587209,0.7182051684060,0.2385341015556,-0.1382667768579,0.4014717155317,-0.0838707154573,0.0655195301240,0.0160668846948,-0.0044458510278,-0.0321870125889,0.1525019308739,0.6511881743060,0.2128194453572,-0.1555638730385,0.0521101934676,-0.2617276431018,0.3432278440257,0.0044719573461,0.0585219431735,-0.2738883170301,-0.0875542318084,-0.2591637748873,0.0743952494744,0.0225266106524,0.1549569702425,-0.0475908039403,0.2736111844079,0.2073360827376,0.2957745915342,-0.1829837999112,0.1684494225578,-0.0871769729941,0.3238163140032,0.1383092317300,0.1964524357519,0.5749862044357,0.5325603073951,-0.0299255397307,-0.1735272237048,0.2145512680646,-0.1703545523715,0.2910238196068,0.0503067811304,-0.0112656779439
0.5669369066675,0.6178152278288,0.1844587156417,1.0000000000000,-0.1845632542457,-0.0784480952049,-0.1296538592016,0.6063751402773,0.3296547762225,0.2853176139510,-0.2586424358486,0.2284556239296,-0.2480981727398,0.1635998592124,0.2845527658958,0.2632646413035,-0.1209279645054,0.2812128715548,0.1314484074259,0.2615789103773,-0.2503912913245,-0.2156018438851,0.6252265201589,-0.1687411192865,0.4264794961654,0.6891232128184,0.3367027015831,0.1142258554856,0.1230938213763,0.3399651492857,0.3700308239642,0.0893700135459,-0.0015494954002,0.2035135761325,0.5059825330221,0.2631986891511,0.2765233301765,-0.2208677260668,0.7450873101039,-0.3913751148786,-0.0370185244980,-0.3100476175264,-0.1334646953815,-0.1693451951072,0.2662015654088,-0.4700348845570,0.4016377762845,-0.3597038514822,-0.0294016055859,-0.3417584986314,-0.1482727880753,-0.0335573917635,0.2309913545528,-0.5770766812347,0.0214480163933,-0.3501035063460,-0.3419920376842,0.4899024102440,-0.2917598764854,0.1641374591806,-0.1854250112624,-0.0415469398862,0.1438133709862,-0.3078682413306,-0.1468328480378,-0.2172699412178,0.5965493760118,-0.2788159139950,0.1324226301849,0.4062694810346
0.0141998733795,0.0264309747613,-0.2040119595884,-0.1845632542457,1.0000000000000,-0.0798505870066,0.4289584283306,-0.0579283925659,-0.1644056401413,0.0051378294128,0.6287817585120,-0.3094671838876,0.5696578723367,-0.3019753979321,-0.0983942170042,-0.0479362326751,0.2463533323818,-0.1539830956438,-0.2497983028392,-0.3200605740634,0.7518922689488,0.5199073575169,0.0621004603715,0.2713058722808,0.2527213852905,-0.1820571899512,-0.3994569564017,-0.2217098762474,0.4096551765965,0.2800624735539,0.0304259423709,0.0787296269768,-0.0423520850272,0.2232494957097,0.0002284710828,-0.0357151716377,0.0542322027886,-0.2427314841472,-0.2910624237810,0.7931212277704,-0.0162874201013,0.1840577894553,-0.0993728341193,-0.2120407168359,0.0486396840826,0.5066781735200,-0.1893803312975,0.5698452429342,-0.2565184543999,-0.1813315992357,-0.2231057228664,0.3649117495456,-0.1803781793800,-0.1909704040880,-0.2249055543793,0.6941046319619,0.4350142383005,0.1195044264062,0.3155313037832,0.2539172953811,-0.1799539007190,-0.2989778720573,-0.1637590965130,0.4869293114432,0.2566574224562,-0.0374517178450,0.0425768916210,-0.0617363780940,0.1908355440132,0.0159611870236
-0.1409828840395,-0.0654742900093,0.0659633192166,-0.0784480952049,-0.0798505870066,1.0000000000000,0.0560786918889,-0.1186276089139,0.4323547098123,0.0114592373207,-0.2372717753254,0.2666110373630,-0.2593161305283,0.3974543706059,0.2327225427795,0.4172090439105,0.1343221334587,-0.2534711664753,0.3175779894488,-0.0294704021432,-0.1933803673184,-0.0653281458289,-0.1492398979198,0.0210247433456,0.0123102905300,-0.0855218031588,-0.0157483082541,-0.0205802763932,-0.1080731186244,0.0883755443301,0.0804335043833,0.3355107122121,0.6220158736742,0.0813427058677,-0.2062986854886,-0.1275357594761,-0.1055996626288,0.1913657345415,-0.1045031911069,-0.0730374202275,0.7959706707605,0.2595670968920,-0.0435446918395,0.6253499269619,0.0009117676776,-0.2465980868809,0.3070977018321,-0.2424329365395,0.3482277879169,0.1804193986471,0.4588132576718,-0.0098625675901,-0.1309928426219,0.3465109493898,-0.0084253227323,-0.1551844983559,-0.1382820825902,-0.1246586237112,-0.0489766333816,0.1111263269231,0.2547552428804,0.0128489163079,0.0950527494050,-0.2209132461103,-0.0971944266077,0.0621244987768,-0.2832932703404,0.5188750595866,-0.1086875416493,-0.2626835991374
0.0598435176488,0.0440386970736,-0.3727837228066,-0.1296538592016,0.4289584283306,0.0560786918889,1.0000000000000,-0.2513459982604,0.2468378923581,-0.0958937284157,0.5494038337886,-0.0378562337748,0.6995078989679,-0.2126763735623,0.1782123185396,0.1431617379201,0.1422354966130,-0.3186188857919,0.0476371481378,-0.0948034840365,0.4242595759892,0.1694203639581,-0.0503439893460,-0.0034850095107,-0.0162970203355,-0.0621274721423,-0.2958389246583,-0.4162233779554,0.1613290939660,0.3169075434773,-0.1014609795115,0.1769623985663,-0.0398851992274,0.0718206188525,0.0563790198504,0.1186445381699,-0.1819305711660,-0.4193597466321,-0.2202750690977,0.3427250655013,0.0939970387151,0.7749138100004,-0.4958495375021,0.1185052574199,-0.0354246620941,0.5074413112581,0.1381339737892,0.6539262517592,-0.2475339769914,-0.0053576327483,-0.0990957398569,0.1834859004336,-0.1633491333344,-0.0881073880547,-0.0506780669202,0.4386744851939,0.0564570520282,-0.0620636835852,0.0088931039749,-0.0472491835364,-0.1359396653264,-0.3118736581992,-0.3119874678411,0.2613033006793,0.4293855225875,-0.2266765290076,0.0492876577471,-0.0885075160385,-0.0362776808479,0.0805932807706
0.5267505201907,0.1658233063111,0.2914729441858,0.6063751402773,-0.0579283925659,-0.1186276089139,-0.2513459982604,1.0000000000000,0.2002335292764,0.4747412736309,-0.3360973464671,-0.0015838698324,-0.2460980836935,0.0838815805306,0.2725222400063,0.1340138402124,-0.1855975852132,0.0900953513218,0.0720758032043,-0.0400834584619,-0.2508454238430,-0.2243284456470,0.5114932387029,-0.1997302077175,0.6121681007571,0.6054663013290,0.1900510810083,0.0787990719872,0.3089555802433,0.1342847071981,0.3931795552920,0.0866785650157,-0.0853420271469,0.0436019980572,0.0762177799752,0.0042447865379,-0.0051680955965,-0.2099143920038,0.3722924761007,-0.3325270377429,-0.1262577254395,-0.4660330168581,0.1278922892285,-0.3525017627770,0.2824372968864,-0.5088146851399,0.2837399871399,-0.3270000605156,-0.0927741396295,-0.3588729615971,-0.2023452022251,-0.0718240979850,0.0643170145882,-0.5729511421520,-0.1098778853496,-0.3449229748853,-0.3546344224504,0.2430902354866,-0.4066341614594,0.2748353785480,-0.0014166785678,-0.0930057204092,-0.0206324727229,-0.1864088824403,-0.3257722991257,-0.2830638460596,0.5865874811506,-0.3858229140120,-0.1960642497736,-0.0118388306770
0.2777049425166,-0.0031537966393,0.0438505380986,0.3296547762225,-0.1644056401413,0.4323547098123,0.2468378923581,0.2002335292764,1.0000000000000,-0.0460364794450,-0.2266891899037,0.2939071801958,-0.0639386549765,0.2235166932594,0.5799403985164,0.3634550471928,0.0188849472456,-0.0655213299695,0.6427791015648,0.3012525072543,-0.1169525876754,-0.2414120120849,-0.0841316038581,-0.1816201445091,0.0294848516239,0.2694878153855,0.1866277381831,-0.2342195759557,0.0678091287678,0.1164839870636,0.0029384812222,0.4186460044899,0.2822192504031,-0.1495537545417,0.1933871364162,-0.1790296223762,-0.3270543720115,-0.1878628846210,0.1221241054640,-0.3370599778191,0.4607865220975,0.2489413376922,-0.3146395478921,0.5266662966237,-0.1038880861433,-0.2708309221840,0.4971435893072,-0.1242038518671,0.0415368122977,-0.0906163331839,0.0137744290143,0.0068769005343,-0.1002294967777,-0.1485826621125,-0.0649902879140,-0.1617670064970,-0.3952484324941,-0.2821364922624,-0.3489387256077,-0.2083763511133,-0.2057520454815,-0.0567090902297,-0.1642351978498,-0.2707857446592,-0.1814141358380,-0.4245779972411,0.2538380005493,0.0009431158847,-0.1376565384811,0.0829951926688
0.1691129034992,-0.0537131527827,0.1604843221483,0.2853176139510,0.0051378294128,0.0114592373207,-0.0958937284157,0.4747412736309,-0.0460364794450,1.0000000000000,-0.2761587988519,0.0072134337776,0.0313929199227,0.1194637386607,0.2388852978292,0.2187812339194,-0.2648792935991,-0.1027844272118,-0.1100763009174,-0.1246656011407,-0.0971710856015,-0.2339547827455,0.4249792734539,-0.2738852029664,0.5465090002075,0.3734881361339,0.0307173208838,0.1015718338348,-0.1447045295237,-0.1115177984133,0.1632826035173,0.0888355649899,-0.2383263437583,-0.1264063393347,-0.1981919895122,0.1455399181426,-0.1088236078554,-0.0060190932419,0.2966806570768,-0.0254766049520,0.1044853325750,-0.0705632290844,0.2601785793890,-0.1096526291673,0.8075569006905,-0.3152918987550,0.0961792106762,0.0049100969423,0.0041826932586,0.0611270310364,0.2064817818326,-0.2500203988686,-0.1775684137144,-0.1566084908519,0.0181560660125,-0.1395609634966,-0.2116623235799,0.3285468392162,-0.2987352814090,0.4779172134128,0.2491260493318,0.0233589720530,-0.0062717478302,-0.2413484775209,-0.1104809372658,-0.0850332228491,0.1011365972546,-0.1603928500545,-0.2941640957584,-0.1802608757863
-0.1275070145197,0.1000244106941,-0.2143947964448,-0.2586424358486,0.6287817585120,-0.2372717753254,0.5494038337886,-0.3360973464671,-0.2266891899037,-0.2761587988519,1.0000000000000,-0.2066502038521,0.5631929110956,-0.3345529495005,-0.2907830186998,-0.1535143504293,0.1118763337025,0.0877834273652,-0.2927625371891,-0.1863997306920,0.6742458277695,0.4226200657225,-0.1194518495496,0.1873072259753,-0.0054450104248,-0.3807957176617,-0.2683222594232,-0.2285290573120,0.2692730092200,0.2657821531424,-0.0982625820373,-0.1581614724024,0.0752224559033,0.3479303978306,0.1209186949613,0.1490968220404,0.2230044400354,-0.1286603886117,-0.3124433313762,0.6866102632961,-0.2275084195753,0.3313572611083,-0.0588284713444,-0.1620231243403,-0.0996476515657,0.8654050906281,-0.4017004707183,0.5563077199740,-0.1730135768921,-0.0564585197707,-0.2187953394812,0.1620485973587,0.0760716878680,-0.0061317375233,-0.1118691887741,0.6788979125513,0.4341772310242,-0.0189732746580,0.3491073404682,-0.0043718560101,-0.2902427447922,-0.2189663906563,-0.1304816217526,0.5076477245635,0.3553024592253,0.1432166462066,-0.0200640405040,0.1027155194186,0.4130107924873,0.1274751619693
0.0936380399747,0.0373961487578,0.2538273408486,0.2284556239296,-0.3094671838876,0.2666110373630,-0.0378562337748,-0.0015838698324,0.2939071801958,0.0072134337776,-0.2066502038521,1.0000000000000,-0.1925483471583,0.4966185579186,0.2900456658886,0.2608490264410,0.0013847873852,0.1451440004743,0.4562439619745,0.3137129036488,-0.3191284392659,-0.0772965486039,-0.0179413376807,0.0601044356637,-0.1198303722224,0.2622495265349,0.3929099600271,0.3041930328725,-0.1716316019213,0.0560039551924,0.1325825555077,0.1903791927614,0.1219144131432,0.0282060517801,0.0606047810467,0.1205937126568,-0.0192465841172,0.1910304043139,0.2416392834429,-0.2444858555629,0.2508538199429,0.0429950588900,-0.0450039853677,0.2216554662761,-0.0057254929431,-0.2320308325955,0.4818933635336,-0.2031196108542,0.3581849492326,0.2855238833042,0.2350634195718,-0.1528316686458,0.0975256764170,0.2873501044820,0.3357460449704,-0.2368285884508,-0.0930087368056,-0.1057882588863,0.0065474850951,-0.1331044817211,0.2730872550204,0.2600506929214,0.3204794740675,-0.2468773930987,0.0070011257193,0.0701260500221,-0.0073415114313,0.2498927592470,-0.0897451161645,0.0648108014258
0.0169217786170,-0.0275096140744,-0.2405918643710,-0.2480981727398,0.5696578723367,-0.2593161305283,0.6995078989679,-0.2460980836935,-0.0639386549765,0.0313929199227,0.5631929110956,-0.1925483471583,1.0000000000000,-0.3980214869598,0.0436461525886,-0.2128008440512,0.1150892008402,-0.1582845465910,-0.1594166617473,-0.0846967413128,0.7569886007231,0.3088497553204,-0.0324453492946,0.1287750435670,0.0889430910686,-0.1932134452483,-0.2338854759927,-0.2215595045961,0.2261182654095,-0.0061360497745,-0.1282279904926,0.1305639609619,-0.3533334000069,-0.1464554406855,0.0771164703816,0.1280628606327,-0.2239348163635,-0.2736722538005,-0.2667292715058,0.5549102720588,-0.0775900333049,0.5249485144264,-0.2736930233770,-0.0624793146360,0.0876899311143,0.5814544166736,-0.0855501718126,0.9330521498289,-0.4101834182638,0.0248763392093,-0.3083293756261,0.1787521631259,-0.2289524875709,-0.0586041729564,-0.1046855227060,0.7547476754235,0.2629660971379,-0.0265648467316,0.1922197711547,0.0299785508031,-0.2984641217950,-0.1582527999574,-0.2146168188542,0.4547384374200,0.4086563523511,-0.2040810021858,-0.0715746794837,-0.1824612531666,0.0555106294746,0.1461209312441
0.0098798487612,-0.0295612839337,0.1667151377796,0.1635998592124,-0.3019753979321,0.3974543706059,-0.2126763735623,0.0838815805306,0.2235166932594,0.1194637386607,-0.3345529495005,0.4966185579186,-0.3980214869598,1.0000000000000,0.1957962479063,0.4829051186438,-0.0483335441756,0.0646180566800,0.3351124639063,0.1298120855221,-0.3214208233275,-0.2086571905929,-0.0401246742832,-0.0656534331100,-0.1045151715754,0.3257017649852,0.2201322783062,0.2324680418276,-0.3107816566059,0.0527671381730,-0.0483256245762,0.2854594977926,0.3586191388495,0.1369469372681,-0.1632419446952,-0.1515436207023,0.0652429188983,0.1970642253477,0.1560932958347,-0.3294440190068,0.2772962209414,-0.1264868785919,-0.0084273175658,0.1335810136994,0.0851421323511,-0.3462296713321,0.4363997655016,-0.4057445552105,0.8192585189408,0.2389665877145,0.3033230714172,-0.1387304314433,0.1438547022235,0.2732192000058,0.2402534657878,-0.3076704591001,-0.2493142797562,-0.0846210970019,-0.1416554396060,-0.1331896371789,0.3898435873649,0.2345233425051,0.3982846647979,-0.4878391628694,-0.3007042400461,-0.0236084835182,0.0328957733670,0.3027450988819,-0.0670752892955,-0.1881513424930
0.5817343683948,-0.0852991989187,-0.0382773919006,0.2845527658958,-0.0983942170042,0.2327225427795,0.1782123185396,0.2725222400063,0.5799403985164,0.2388852978292,-0.2907830186998,0.2900456658886,0.0436461525886,0.1957962479063,1.0000000000000,0.1863873656531,-0.1140540260244,-0.0848188564072,0.5683354676916,0.2662275879114,-0.1173662292400,-0.3087575415680,-0.0283064499648,-0.2777331571440,0.0152544494769,0.4463145546221,0.1399780667587,-0.0694385573944,-0.1651405725671,0.1992517057246,0.0758814532599,0.3175394586599,-0.0032893190757,-0.2243497870437,-0.0215056394529,0.0364230961467,-0.4799078235813,-0.2549827008420,0.1049285991232,-0.3574759489548,0.2898126010546,0.1371628973387,-0.2913365209738,0.2240256838201,0.0285387011462,-0.3609252192118,0.5478408102817,-0.0279773212192,-0.0683359896334,0.3560452364216,-0.0286662988600,-0.1020307693384,-0.1626026258997,-0.1616490246151,0.0321665646636,-0.2001252507537,-0.4592026140380,-0.1766846339525,-0.4336517501019,-0.1624997527357,0.0209807711077,0.0090635201779,0.0038216119642,-0.3877224454737,-0.1024374304601,-0.4519499604342,0.2802658948084,-0.1653746403800,-0.3774578757502,-0.1296742204915
0.0512466663440,0.0761025706892,0.0644774771441,0.2632646413035,-0.0479362326751,0.4172090439105,0.1431617379201,0.1340138402124,0.3634550471928,0.2187812339194,-0.1535143504293,0.2608490264410,-0.2128008440512,0.4829051186438,0.1863873656531,1.0000000000000,0.0007704089795,-0.0390525411564,0.1748015794181,0.0719724426550,-0.1741152954551,-0.0830760759386,0.0815775046571,-0.0473292309172,0.0551115064874,0.3682562662058,0.0583923141276,-0.0095284094828,-0.1162561455828,0.3859062055711,0.0918628110015,0.2418048857872,0.3312287787380,0.3341164272549,-0.0456461845858,-0.0321549548064,0.1088119790106,0.0221879275714,0.2434403395576,-0.1520951978473,0.3333694891098,0.1533349794534,-0.0901919381360,0.1495215038874,0.2124473990027,-0.2543795364272,0.2658407589036,-0.2082097407875,0.3575060914816,-0.0347671273802,0.5499047647042,-0.0508707352178,0.0971837979039,-0.0343092970916,0.1802232817624,-0.1773411769038,-0.1512968006233,0.0528336361627,-0.1185892881232,0.1206349178779,0.3898993508258,-0.0813533891622,0.1421662699368,-0.3368537299858,-0.0442275758089,-0.0069437257726,0.1207821527406,0.1598349839099,-0.0735152639837,-0.0476513145450
-0.0133479242895,0.0579100703473,0.1527133352919,-0.1209279645054,0.2463533323818,0.1343221334587,0.1422354966130,-0.1855975852132,0.0188849472456,-0.2648792935991,0.1118763337025,0.0013847873852,0.1150892008402,-0.0483335441756,-0.1140540260244,0.0007704089795,1.0000000000000,-0.0184927453909,0.0654923981864,0.0488330383854,0.2014428815836,0.7301734429234,-0.0452528859124,0.7304532544976,0.0178709954647,-0.0866713922707,-0.0219411474688,0.2154101980375,0.3941777981747,0.2532307083680,0.1499093078017,0.1286696297936,0.0940213468825,0.0818256080231,0.1942598330359,-0.0693247287133,-0.0231697409979,0.0886068645287,-0.1536879873386,0.1524742595804,0.0661860182825,0.1080893643262,-0.1927065368205,0.0175818576762,-0.2858455940595,0.1150834372574,0.0223846970866,0.1447272074862,-0.1051393648692,-0.1492039564315,-0.0595506345713,0.8960865712487,-0.0631110445590,0.0501779260965,-0.0378796382880,0.2320334758997,0.5560217751169,0.0090180095719,0.6186431621849,0.1520031272998,-0.1179773087292,-0.1209848965524,0.1766259327812,0.4050076869360,0.2809178143173,0.0759919350720,-0.1886022840395,0.0899216828290,0.1835653188344,0.2372334419526
0.2139309737007,0.1942360925100,0.5662992599993,0.2812128715548,-0.1539830956438,-0.2534711664753,-0.3186188857919,0.0900953513218,-0.0655213299695,-0.1027844272118,0.0877834273652,0.1451440004743,-0.1582845465910,0.0646180566800,-0.0848188564072,-0.0390525411564,-0.0184927453909,1.0000000000000,0.1402270350019,0.6408382925982,0.0407983696499,0.1272269615093,-0.0255248133858,0.2681544274180,-0.0035416121284,0.0217927406247,0.5428848161378,0.4441570200936,0.1044382418206,0.0511564073932,0.0892747410067,-0.2020531086792,0.0684775414837,0.2098187754359,0.3424948963612,0.1581728294698,0.3652993040951,0.3824577479492,0.2731018170075,-0.1427523146212,-0.2904909525901,-0.3874237163448,0.2989807363821,-0.1601316399503,-0.1075289283900,-0.0377362190682,-0.2300606535465,-0.2137509594650,0.0600335918765,0.0400430836810,-0.0968366018220,-0.0527657112257,0.6033313351213,0.0430869361527,0.3205241157911,0.0060393209524,0.1741597005168,-0.0694813785499,0.2586483292277,-0.1726751375438,-0.1873879817413,0.3688439900470,0.3777189192915,0.0012618094948,-0.1213562718735,0.1736468021341,0.0478321111225,0.1337519741903,0.4912390853741,0.2919227217916
0.3078180487830,-0.2509408030910,0.1842960523257,0.1314484074259,-0.2497983028392,0.3175779894488,0.0476371481378,0.0720758032043,0.6427791015648,-0.1100763009174,-0.2927625371891,0.4562439619745,-0.1594166617473,0.3351124639063,0.5683354676916,0.1748015794181,0.0654923981864,0.1402270350019,1.0000000000000,0.5013873733965,-0.2177798571502,-0.1770081042434,-0.2730965234267,-0.0358132707280,-0.1755389938187,0.1442602649453,0.2938942712442,-0.0387418942733,-0.0547931932568,0.0740271048727,-0.0494988373033,0.2776766414280,0.2062232308719,-0.1435482294641,-0.0216771765026,-0.1653409206222,-0.4065314859416,-0.0161924549831,-0.0616951496882,-0.4031876337365,0.2509825733111,0.0856835479373,-0.2767093594104,0.3340100731605,-0.3224122805161,-0.2604242979174,0.4872042708126,-0.2033420038659,0.1413342192054,0.1806136031651,0.0185984386237,0.0027785501540,-0.0231414977230,0.1656033862300,0.1654976814373,-0.2405915559883,-0.3093666979163,-0.4664491565994,-0.2081972005647,-0.3901321066614,0.0172213445131,0.1270722497289,-0.0043968949654,-0.3226501955004,-0.2566559141254,-0.3362139265007,0.0854164856911,0.0453463479190,-0.2307349084623,-0.1344532975941
0.2348208990363,0.0957238282998,0.4210559568733,0.2615789103773,-0.3200605740634,-0.0294704021432,-0.0948034840365,-0.0400834584619,0.3012525072543,-0.1246656011407,-0.1863997306920,0.3137129036488,-0.0846967413128,0.1298120855221,0.2662275879114,0.0719724426550,0.0488330383854,0.6408382925982,0.5013873733965,1.0000000000000,-0.0830726989371,-0.0153704339984,-0.1282675237039,0.2075808421255,-0.0751415696650,0.1036655950394,0.5673495726707,0.2867226084429,0.0166736814362,0.0733709838443,0.1601963176409,-0.0090539042403,-0.0611468835787,-0.1019076346723,0.2813736419201,0.1233515723513,0.0131547215063,0.2975128730630,0.2983424115613,-0.3575079245603,-0.0222134317582,-0.0181360510448,-0.0157541014664,0.1992351432046,-0.1843231823923,-0.2098883514085,0.1235486842801,-0.1265828443451,0.0199599895224,0.1981442147879,0.0276881387462,-0.0599107258683,0.4396588715043,0.1465795204081,0.5029095989840,-0.1259232981184,-0.0508737557607,-0.1923085436191,0.1060617475240,-0.1961215646905,-0.0771291208996,0.3701684985194,0.3120200294883,-0.1241722406668,0.0537873268450,0.0187825930901,-0.0496010831560,0.0436852720976,0.1052990649014,0.2449974677405
-0.0052207354344,0.0607045892907,-0.2000839668291,-0.2503912913245,0.7518922689488,-0.1933803673184,0.4242595759892,-0.2508454238430,-0.1169525876754,-0.0971710856015,0.6742458277695,-0.3191284392659,0.7569886007231,-0.3214208233275,-0.1173662292400,-0.1741152954551,0.2014428815836,0.0407983696499,-0.2177798571502,-0.0830726989371,1.0000000000000,0.4518069194711,-0.0929852815701,0.2542248173335,0.0806842473693,-0.3082352717311,-0.2731707582354,-0.1773975256679,0.3222771859104,0.0596706253679,-0.1129113695564,0.0966299921300,-0.0494518801309,0.0084324509464,0.2168595820334,-0.0016084279147,-0.0007529460138,-0.1453776970629,-0.2822974580543,0.6840011246516,-0.0900627201441,0.2552149312765,-0.0818213159772,-0.0841259590495,-0.0148875567549,0.6358374346964,-0.2752238100223,0.7452657253907,-0.2835317429915,-0.0674017168062,-0.3101707087587,0.2884908532098,-0.0992423558943,-0.0858860295431,-0.2089380064093,0.9254778415822,0.4200761999722,-0.0302735886964,0.3428280806683,0.0438388673604,-0.4292997279760,-0.1892514605697,-0.0903966761040,0.5020496822172,0.2702745201243,-0.0388529314544,-0.0565220348710,-0.0263872504398,0.3359299634808,0.2105611615106
-0.1396725088756,0.1128847138436,0.2086866163901,-0.2156018438851,0.5199073575169,-0.0653281458289,0.1694203639581,-0.2243284456470,-0.2414120120849,-0.2339547827455,0.4226200657225,-0.0772965486039,0.3088497553204,-0.2086571905929,-0.3087575415680,-0.0830760759386,0.7301734429234,0.1272269615093,-0.1770081042434,-0.0153704339984,0.4518069194711,1.0000000000000,0.0422492013378,0.8681528372152,0.0820544380281,-0.2365744507365,-0.0075129729778,0.2962878879785,0.5218524814219,0.2660257146440,0.2843782823805,-0.0133074702607,-0.0286746289666,0.2470886200567,0.1208867105902,-0.0054906856899,0.1891489031585,0.1721685975475,-0.1893956926403,0.4493795621592,-0.0974647949807,0.1325624976219,0.0202746609726,-0.1134090959686,-0.1957038434629,0.3446009493746,-0.2050650067646,0.3628000832570,-0.1924834552720,-0.1474359851235,-0.0599005469421,0.6719898070734,0.0675550392669,0.0868991684592,0.0796974698463,0.4558614896398,0.8806571308388,0.1357005076316,0.8623861703333,0.2357637375368,-0.0823789800846,-0.0521615431148,0.2214453130498,0.6491435803209,0.4247277396902,0.3182770583009,-0.2108471639511,0.1644536676096,0.3355423175735,0.2048722652793
0.2519242790681,0.5843456379178,0.0762463748221,0.6252265201589,0.0621004603715,-0.1492398979198,-0.0503439893460,0.5114932387029,-0.0841316038581,0.4249792734539,-0.1194518495496,-0.0179413376807,-0.0324453492946,-0.0401246742832,-0.0283064499648,0.0815775046571,-0.0452528859124,-0.0255248133858,-0.2730965234267,-0.1282675237039,-0.0929852815701,0.0422492013378,1.0000000000000,-0.0445199621048,0.5386481499191,0.4380980285034,0.0789946835591,0.1834615530746,0.2155520136777,0.2086349359221,0.5618143211639,-0.0203882404847,-0.1879749208825,0.1645987750097,0.3233460992095,0.2749623831418,0.3325694616364,-0.1907757532407,0.4857321097446,-0.0456229841505,-0.1416992421175,-0.2149716732657,-0.0170377069160,-0.2932018149806,0.4808748468288,-0.2762564192137,0.1781573007665,-0.0656744337160,-0.1726479938012,-0.3640328115243,-0.0987050025500,0.0210769578060,0.0620325466114,-0.4316282342084,-0.0410821729163,-0.1367040470058,-0.0479463088763,0.8298975112790,-0.0858757593548,0.4360825666435,-0.0573222016613,-0.1186467343786,0.0723392317905,0.0091724545404,0.1294633243150,0.0833280403545,0.2865272540947,-0.2715840571202,0.0512641953927,0.3457595224354
-0.1287382406438,0.0758648386198,0.4513777150902,-0.1687411192865,0.2713058722808,0.0210247433456,-0.0034850095107,-0.1997302077175,-0.1816201445091,-0.2738852029664,0.1873072259753,0.0601044356637,0.1287750435670,-0.0656534331100,-0.2777331571440,-0.0473292309172,0.7304532544976,0.2681544274180,-0.0358132707280,0.2075808421255,0.2542248173335,0.8681528372152,-0.0445199621048,1.0000000000000,0.0369437980629,-0.2122607146115,0.2139804079174,0.5079272174645,0.4925679705110,0.1674681017191,0.3655878007134,-0.0586003301506,0.0219006719577,0.1830253941042,0.0830248952860,-0.0359136654995,0.1914236408347,0.4065199128027,-0.1344753812078,0.2173714239897,-0.0267053796445,0.0128156152792,0.0731631633486,-0.0391168505533,-0.2820305415074,0.1529382955974,-0.1121533953232,0.1652783557077,-0.0674041147817,-0.0560807800623,-0.0008648545655,0.6026407823819,0.2277068524872,0.2247501097785,0.2396664992273,0.2696099774875,0.7466061723673,0.0114961334497,0.8764698146841,0.1743782316153,0.0357135214600,0.1528462524297,0.4235516679037,0.5066075223749,0.3000572609791,0.3625793590100,-0.3060164344853,0.2570559393420,0.2681250822473,0.1639338379394
0.2150630572376,0.3154357415512,0.3070773473547,0.4264794961654,0.2527213852905,0.0123102905300,-0.0162970203355,0.6121681007571,0.0294848516239,0.5465090002075,-0.0054450104248,-0.1198303722224,0.0889430910686,-0.1045151715754,0.0152544494769,0.0551115064874,0.0178709954647,-0.0035416121284,-0.1755389938187,-0.0751415696650,0.0806842473693,0.0820544380281,0.5386481499191,0.0369437980629,1.0000000000000,0.2159281637372,0.0797569435130,0.0526640065091,0.4793792743241,0.1109802017840,0.4424011388286,0.0647391017100,-0.0867989208455,0.0732708665402,0.1177576923406,0.2402498586922,0.1757502103329,0.0045036164478,0.3181200429428,0.1521936667090,0.0748999682434,-0.1327651766071,0.2194756675795,-0.1482290605070,0.5194979851630,-0.1473793558733,0.0141142611269,0.0267841695079,-0.1789783933915,-0.3045707498625,-0.0789781996644,0.0626125818153,-0.0331806960121,-0.3096770441201,-0.1615182921407,0.0250786479604,-0.0045452403131,0.4379039583970,-0.0610626446358,0.7815986910652,-0.1183689952518,-0.0455433051807,-0.0204326071681,0.1898708236898,0.0754810336665,0.0049059086581,0.1774197778969,-0.0938946392355,0.0270791389178,0.1064325571568
0.4929073000363,0.2902030149720,0.1028477710265,0.6891232128184,-0.1820571899512,-0.0855218031588,-0.0621274721423,0.6054663013290,0.2694878153855,0.3734881361339,-0.3807957176617,0.2622495265349,-0.1932134452483,0.3257017649852,0.4463145546221,0.3682562662058,-0.0866713922707,0.0217927406247,0.1442602649453,0.1036655950394,-0.3082352717311,-0.2365744507365,0.4380980285034,-0.2122607146115,0.2159281637372,1.0000000000000,0.2654725345322,0.1387701968246,-0.0101277540515,0.2800539754093,0.2518234346540,0.2098684694072,-0.1535434946514,0.0102750028548,0.2238507474295,0.0760194751332,-0.0005010835938,-0.2988140475680,0.5568037103967,-0.4415674503660,-0.0097817427738,-0.1988137247269,-0.2536736269372,-0.2934406432778,0.2497757542322,-0.5518843048302,0.5226014951296,-0.2696996433379,0.0905743783427,-0.1845846932175,-0.0326635469203,-0.0203719637319,0.0329075797479,-0.5532261932673,0.0813279385836,-0.3853378928354,-0.3946869214369,0.2850618278970,-0.3815560742227,0.0460393486513,0.1802072144739,-0.0843760298788,0.1900761537635,-0.4061367190993,-0.1531983621309,-0.3770688647058,0.6116072641233,-0.4049760182101,-0.2908894794763,0.1699061576977
0.0414921428123,0.0775896717895,0.7352826587209,0.3367027015831,-0.3994569564017,-0.0157483082541,-0.2958389246583,0.1900510810083,0.1866277381831,0.0307173208838,-0.2683222594232,0.3929099600271,-0.2338854759927,0.2201322783062,0.1399780667587,0.0583923141276,-0.0219411474688,0.5428848161378,0.2938942712442,0.5673495726707,-0.2731707582354,-0.0075129729778,0.0789946835591,0.2139804079174,0.0797569435130,0.2654725345322,1.0000000000000,0.6648072338138,0.0957126506184,-0.1642320618333,0.3540951425566,0.0082886472006,0.0004053720388,-0.0872298577076,0.1661903168652,0.0258453338150,0.0438829971672,0.4511554864129,0.4020222542474,-0.3337455042736,0.0115755695922,-0.1970981893307,0.1860617625276,0.0698016284118,-0.0040471198672,-0.3190672001633,0.0693355023350,-0.2622913101572,0.1019079566514,0.0973218375816,0.0800550657330,-0.2072565262747,0.3429813317074,0.1315606598002,0.3991243158655,-0.2754568770810,-0.0322435629322,-0.0758948834202,0.1010402985106,-0.0818170143081,0.1268258399372,0.7275364796870,0.5359209833920,-0.1383747667194,-0.1934323341986,0.1570790682167,-0.0057119268971,0.1549620852394,0.0278752055502,0.1016197681716
-0.0693928673052,0.0774490786959,0.7182051684060,0.1142258554856,-0.2217098762474,-0.0205802763932,-0.4162233779554,0.0787990719872,-0.2342195759557,0.1015718338348,-0.2285290573120,0.3041930328725,-0.2215595045961,0.2324680418276,-0.0694385573944,-0.0095284094828,0.2154101980375,0.4441570200936,-0.0387418942733,0.2867226084429,-0.1773975256679,0.2962878879785,0.1834615530746,0.5079272174645,0.0526640065091,0.1387701968246,0.6648072338138,1.0000000000000,0.0871480421636,-0.2155875123603,0.4371549250569,-0.0499772220108,-0.0383093740790,-0.0579852322065,0.0348643021575,0.0002067655080,0.2558668846499,0.6123859251261,0.2964391835282,-0.1185536175546,-0.0357274338192,-0.2744709108953,0.3749686866682,-0.0716986149030,0.0650947817837,-0.2466921596082,-0.0137984439095,-0.1973839886937,0.0975747769340,0.1980896082565,0.1435165074265,0.0285667668410,0.3124623536106,0.2710822205322,0.3691368384459,-0.1270066652244,0.2915741318167,0.1365243354161,0.4397682720277,0.1051947052426,0.2687925583088,0.6301180988769,0.8012196375595,0.0335652293546,-0.0837800512710,0.3928111585466,-0.2392715423950,0.2552535164748,0.0468763413287,0.0978178684330
0.0795173606008,0.2316283243633,0.2385341015556,0.1230938213763,0.4096551765965,-0.1080731186244,0.1613290939660,0.3089555802433,0.0678091287678,-0.1447045295237,0.2692730092200,-0.1716316019213,0.2261182654095,-0.3107816566059,-0.1651405725671,-0.1162561455828,0.3941777981747,0.1044382418206,-0.0547931932568,0.0166736814362,0.3222771859104,0.5218524814219,0.2155520136777,0.4925679705110,0.4793792743241,-0.0101277540515,0.0957126506184,0.0871480421636,1.0000000000000,0.1596180961544,0.4785321260571,0.0396045577987,-0.0035861759972,0.0864608004039,0.2796984583395,-0.0120098359347,0.1266846686477,-0.0405153652371,0.0506853677276,0.2508479260977,-0.1183888617976,-0.0330588997208,0.0633410175322,-0.1362781430004,-0.1460292067787,0.1702703589328,-0.0389276395216,0.2114132023634,-0.3136754830347,-0.4136206020538,-0.3217291979054,0.4422109393122,0.1178412239555,-0.2843643817201,-0.0891023181993,0.3020110303005,0.3703514439012,0.1144555245402,0.3561644667131,0.3249984556941,-0.2633373253605,-0.0897510180569,-0.0180810911851,0.7155817369355,0.1955709481992,0.1243222346186,0.1254419676469,-0.0752520947832,0.1671166446790,0.2662242351832
0.4388342070718,0.4246672781173,-0.1382667768579,0.3399651492857,0.2800624735539,0.0883755443301,0.3169075434773,0.1342847071981,0.1164839870636,-0.1115177984133,0.2657821531424,0.0560039551924,-0.0061360497745,0.0527671381730,0.1992517057246,0.3859062055711,0.2532307083680,0.0511564073932,0.0740271048727,0.0733709838443,0.0596706253679,0.2660257146440,0.2086349359221,0.1674681017191,0.1109802017840,0.2800539754093,-0.1642320618333,-0.2155875123603,0.1596180961544,1.0000000000000,0.2707618310725,-0.0173891955504,0.2702644065756,0.6654103590199,0.2177634581316,0.3223291245854,0.2668052393747,-0.3430935019133,0.1420544163506,-0.0127534169706,-0.0424621435774,0.0747736417327,-0.4294530268681,-0.2130903283347,-0.1548041503844,-0.0111393747620,0.1741471401850,-0.0813422982529,-0.0317213186046,-0.1972245671900,0.0247587245446,0.3204145534835,0.2072433688624,-0.3611719058253,0.0433861681535,-0.0329908323948,0.0768638000469,0.2482259897119,0.0999215776015,0.0982215886985,0.0077140907938,-0.4375242440143,-0.0435691408881,-0.0400137628238,0.4180894713856,-0.0530079768404,0.3812009275710,-0.0468461334352,0.2260519311793,0.1290354357451
0.1583497710081,0.4002792569199,0.4014717155317,0.3700308239642,0.0304259423709,0.0804335043833,-0.1014609795115,0.3931795552920,0.0029384812222,0.1632826035173,-0.0982625820373,0.1325825555077,-0.1282279904926,-0.0483256245762,0.0758814532599,0.0918628110015,0.1499093078017,0.0892747410067,-0.0494988373033,0.1601963176409,-0.1129113695564,0.2843782823805,0.5618143211639,0.3655878007134,0.4424011388286,0.2518234346540,0.3540951425566,0.4371549250569,0.4785321260571,0.2707618310725,1.0000000000000,-0.1111890651781,0.0289003618416,0.1816036473462,0.1619258477830,0.2434202202899,0.2564031023743,0.2051090737934,0.3371295334074,-0.0348182148402,-0.0137632284359,-0.1362871729849,0.1428539061436,-0.0542147836937,0.1438235697385,-0.2446568487368,0.1818107134816,-0.1214931031462,-0.1628700112978,-0.1326169045878,0.0474756197542,0.0222112590895,0.2823384144532,-0.1240697588219,0.2547367727272,-0.1400052968222,0.1315571051811,0.4507788748869,0.2061947453735,0.4595895449577,0.1665595923523,0.1549971906368,0.3242428398199,0.2139500061112,0.2213805696583,0.4247058909863,0.0152714604101,0.0525432907187,-0.0442084007826,0.1696966845974
0.1202444831277,0.0045385558566,-0.0838707154573,0.0893700135459,0.0787296269768,0.3355107122121,0.1769623985663,0.0866785650157,0.4186460044899,0.0888355649899,-0.1581614724024,0.1903791927614,0.1305639609619,0.2854594977926,0.3175394586599,0.2418048857872,0.1286696297936,-0.2020531086792,0.2776766414280,-0.0090539042403,0.0966299921300,-0.0133074702607,-0.0203882404847,-0.0586003301506,0.0647391017100,0.2098684694072,0.0082886472006,-0.0499772220108,0.0396045577987,-0.0173891955504,-0.1111890651781,1.0000000000000,0.0768518735051,-0.2027422454204,0.0729884734698,-0.1641200187921,-0.2486568246036,-0.1627924374703,0.0025917310464,-0.0569408312351,0.4271377950230,0.1410725071064,-0.2173339183233,0.2304942706870,0.0644610948656,-0.1889935878853,0.4411919012583,0.1066500813605,0.0642910501884,-0.0306061239532,0.0531132659332,0.1825581208240,-0.2554616863767,-0.0166214825868,-0.1303829370947,0.1218936298181,-0.1511489273028,-0.1332550829135,-0.1301318521229,-0.0411411513308,-0.0687473768164,-0.0845584722736,0.0405559470500,-0.1039085279380,-0.0936741961172,-0.3493325047665,0.2105181808900,-0.0659459973130,-0.1556715365104,0.0267405995940
-0.0906850234153,0.1024534448147,0.0655195301240,-0.0015494954002,-0.0423520850272,0.6220158736742,-0.0398851992274,-0.0853420271469,0.2822192504031,-0.2383263437583,0.0752224559033,0.1219144131432,-0.3533334000069,0.3586191388495,-0.0032893190757,0.3312287787380,0.0940213468825,0.0684775414837,0.2062232308719,-0.0611468835787,-0.0494518801309,-0.0286746289666,-0.1879749208825,0.0219006719577,-0.0867989208455,-0.1535434946514,0.0004053720388,-0.0383093740790,-0.0035861759972,0.2702644065756,0.0289003618416,0.0768518735051,1.0000000000000,0.3738940886489,0.1054519904002,-0.1029883728382,0.1715600407022,0.1193335794491,-0.0923992107973,-0.0173745835693,0.3650659617540,0.0001918388879,-0.0326307923587,0.3325893602805,-0.1966357368791,-0.0060804014533,0.0062933996229,-0.3643180178065,0.3929847200066,-0.0220088253870,0.2246895380608,0.0226113970679,0.1638768146746,0.1400075806390,-0.1385527012087,-0.0459865963921,-0.0798688509574,-0.1712828669911,0.0001243840199,-0.0834987583788,-0.0421966524896,-0.0326008081726,0.1156243999140,-0.1678164571249,-0.1546683290734,0.1326436795809,-0.0577310614256,0.6133651672428,0.2809681245115,-0.0874442440076
0.0945617817178,0.4010414427676,0.0160668846948,0.2035135761325,0.2232494957097,0.0813427058677,0.0718206188525,0.0436019980572,-0.1495537545417,-0.1264063393347,0.3479303978306,0.0282060517801,-0.1464554406855,0.1369469372681,-0.2243497870437,0.3341164272549,0.0818256080231,0.2098187754359,-0.1435482294641,-0.1019076346723,0.0084324509464,0.2470886200567,0.1645987750097,0.1830253941042,0.0732708665402,0.0102750028548,-0.0872298577076,-0.0579852322065,0.0864608004039,0.6654103590199,0.1816036473462,-0.2027422454204,0.3738940886489,1.0000000000000,0.0456628039258,0.2836663487177,0.4821460476765,-0.0052373344381,0.0443670453924,0.1329272761768,-0.1344262676142,-0.0752521832669,-0.0361921736895,-0.2235634634438,-0.0593527220996,0.1414890416691,-0.0755047653985,-0.1742176792654,0.2311441600325,-0.1335518540454,0.1339379407821,0.0960618684446,0.3990495326514,-0.0752537452898,0.1269084992245,-0.0121307706411,0.2317006062131,0.2634432991979,0.2221405121210,0.0923424640566,0.1287009508752,-0.1763745069613,0.0995723716758,0.0235538975700,0.2030530310762,0.2664731434667,0.1641220959037,0.2505614685837,0.5215160540582,-0.0040615127274
