1.0000000000000,0.4094024934101,0.6720752871928,0.6999039499330,0.3932454052406,-0.0464443069867,0.5319868853510,0.4871135383721,0.3536327392924,0.3122048202031,0.4568747032072,0.4370957624099,0.4073515447200,0.4176801750253,0.6640469171710,0.2400588063574,0.5805921895325,0.5182118235796,0.2934881792711,0.6268391398525,0.4929530013616,0.4839802674964,0.6329388496129,0.6979615512154,0.5455998900576,0.7124968578059,0.5815848344320,0.5353999375619,0.3513933711136,0.6068387633966,0.6189769250192,-0.0144377031019,0.2664937643759,0.4291745208849,0.6022014282709,0.1085594807046,0.0740369550404,-0.2994844392220,0.2988588571386,0.2153404604812,-0.2441211410792,-0.2412298674538,-0.5684116394255,-0.3971991915343,0.4274299011346,-0.4890167414476,-0.2595416878384,0.1851630345748,-0.4808031410671,-0.6066780604719,0.0559548522931,0.5348234522921,-0.3522814825450,-0.6179110228798,-0.6035426115030,0.3986265989228,-0.0676092976195,0.3833812936904,0.2172109995419,0.3871316478368,0.0272705023351,-0.2389471531854,0.4121818234405,-0.1998144469392,-0.4770965602418,-0.4669975911391,-0.1875318779066,-0.1758947500523,-0.2691915754516,0.2585513730028
0.4094024934101,1.0000000000000,0.3244689218252,0.6732018471072,0.2784675445541,-0.1737374021760,0.2094945171260,0.2463649851770,-0.0250231085166,0.3985352263761,0.2225196952559,0.1906238326149,0.3922040656588,0.2165157559956,0.3128715698421,0.0500038261297,0.3558311706523,0.3708157334315,0.0739401822276,0.5080745478275,0.4110462423538,0.5630639085666,0.7217385683775,0.5609490208797,0.4853229838409,0.4998032477385,0.4137763275606,0.3985641372328,0.3327914782123,0.5932004321155,0.4537254916853,-0.0908134518140,0.0018655247909,0.5285650573008,0.5159019214550,0.2712080699403,0.6416821764081,-0.1100488408625,0.5407060876905,0.2824257516563,-0.2311664972301,-0.2088455674750,-0.2788707801235,-0.3667817344093,0.4280748223089,-0.2007134065158,-0.1027115821230,0.2368826769018,-0.3166861143807,-0.3019290481374,-0.0189110393028,0.3513292607323,0.0080823549860,-0.4662687765857,-0.2895448401554,0.3784481703140,0.3391691856443,0.6464542465332,0.4155375658054,0.4717143967620,0.1334005438373,-0.0688914016310,0.3964383405535,0.2356129115541,0.1071179049042,-0.0231324527089,-0.0671237463018,-0.0137039063525,0.1411460816105,0.5408060587854
0.6720752871928,0.3244689218252,1.0000000000000,0.7015166683987,0.3649465970573,0.0007704030037,0.4282840232938,0.5420282882662,0.3643738516711,0.4173550030069,0.3606606454373,0.4496088444801,0.3003048669411,0.5048400305596,0.5558346697262,0.2455847399452,0.5712235665181,0.5097733328615,0.4144115431188,0.6364811495371,0.4047122656953,0.4255540603732,0.6120392615290,0.7048145322697,0.4477361311012,0.7393579302746,0.7464867512466,0.7689052592652,0.3211358817480,0.4313912604205,0.5697769690430,0.0570097634669,0.3281703837790,0.3244603502806,0.4767287714874,-0.1429262136457,-0.0763585761497,-0.1529292453253,0.2697028828271,0.1425884981462,-0.2239891264528,-0.2554894413944,-0.5702961885064,-0.3535871778513,0.4472718220680,-0.5088602219119,-0.1511675980241,0.1266747091938,-0.2838019672780,-0.5576365192195,0.0603201854141,0.5648550897938,-0.3697896919418,-0.5024894955641,-0.5778742344453,0.3509830152963,-0.1263314405248,0.3217257145554,0.1857712349859,0.3015077404129,0.0828862920160,-0.1528355254071,0.6318600342511,-0.2540663010979,-0.5405417256925,-0.5664160522921,-0.1386978310268,-0.0816505735926,-0.2834895233138,0.1630905002566
0.6999039499330,0.6732018471072,0.7015166683987,1.0000000000000,0.3985229864745,0.0367436773842,0.5090638813390,0.5597622203005,0.3673588755166,0.5386185321066,0.4575255389727,0.4998155683739,0.3335258750463,0.4909587198686,0.6570084867228,0.3539416590196,0.4670817445980,0.4865287014541,0.2623240704465,0.7118324687734,0.3961587354026,0.4734692423028,0.8186202682197,0.6711718024573,0.5936228221068,0.8410540595588,0.6421290484922,0.5996738149367,0.4583471160968,0.6842930711913,0.6651928739880,0.0714406976847,0.2688643977720,0.5595912150958,0.6309871456399,0.0956980234309,0.2073073738211,-0.2476226796390,0.6325419098945,0.1802637996339,-0.1567676628382,-0.1822129062028,-0.4343764535647,-0.2807384907852,0.5736637778546,-0.3662091423084,-0.0580621936439,0.0679399522014,-0.3372599899361,-0.4061576871918,0.1748555552608,0.4459776380432,-0.3517975078023,-0.6325590359674,-0.6149205955109,0.3163599017560,-0.0886026720273,0.5812344807610,0.1447348719345,0.4864495168304,0.1542459680673,-0.2571224313508,0.5310613999525,-0.0412571360610,-0.3192263724676,-0.4192175338916,-0.0481649032507,-0.0665830020447,-0.1958201326591,0.4278197222535
0.3932454052406,0.2784675445541,0.3649465970573,0.3985229864745,1.0000000000000,-0.2474491024134,0.3684633468692,0.3141950598980,0.1222509166186,0.3050494859327,0.3570898303669,0.1584791227318,0.7050849758962,0.3799792574559,0.2115490683977,0.0629860141500,0.3720841461500,0.1734638964465,0.2003785228745,0.2941447454657,0.7352752844423,0.4911796803053,0.4863447939936,0.5331333074819,0.6440978465960,0.3971297079581,0.3313923217159,0.1735772754584,0.4273446576754,0.3454159913742,0.4367210749394,-0.0724145826867,0.0628849037142,0.3076068879540,0.2996159828652,0.2806792355945,0.0113412128900,-0.2654731196292,0.2060956722893,0.8173113424110,-0.3163023009197,-0.0119183307821,-0.2210731029713,-0.2835097808183,0.3387069990563,-0.0669240591740,-0.1002186528770,0.6080170745517,-0.2356850763645,-0.4204779239855,-0.0514076156263,0.3356871942730,-0.2677323282340,-0.3850436460566,-0.4423000745334,0.6654877852269,0.2540439756953,0.3004272693578,0.3013065391771,0.6323374603284,-0.1008926268737,-0.1826945641892,0.1285867818072,0.2631610767893,-0.2262551033450,-0.1634013507809,-0.1457946408024,-0.1499631602588,0.0315748030225,0.1713933603015
-0.0464443069867,-0.1737374021760,0.0007704030037,0.0367436773842,-0.2474491024134,1.0000000000000,0.2895047956859,0.1768262209635,0.5513313617717,0.0803234220324,-0.0638838617671,0.2479238660103,-0.4447186857100,0.0977830650701,0.2710797612994,0.6876828984648,-0.0493299705559,-0.0679276668578,0.0917204947671,0.0905542085292,-0.5117082894059,-0.1367247708378,-0.0212382118715,-0.1728603608405,-0.1996005877990,0.0777741758784,-0.1180990594767,-0.0700671587740,0.1615156948989,0.1017958638046,0.2012439045033,0.2431908699737,0.6197571587828,0.1208174245370,0.1612707207579,-0.0780877405804,-0.3365874053226,-0.1093910945932,-0.0240965337583,-0.4520768214263,0.8850875183795,0.4256776233240,0.1539561182757,0.6652865926854,-0.2019491081733,-0.0933006805320,0.2600783934781,-0.4182084741730,0.3041744626795,0.4238510085058,0.7460496151836,-0.0633729411719,-0.2064327330362,0.0047766854174,-0.1374132207206,-0.4705371562518,-0.3930076129111,-0.1849725796291,-0.4424578811935,-0.2679141461634,-0.0468827311368,-0.2818534699432,-0.1538224760467,-0.0098103778266,0.0586462549789,-0.0619172538300,0.2035299920719,0.5242058876156,-0.0664123830836,0.1507165324610
0.5319868853510,0.2094945171260,0.4282840232938,0.5090638813390,0.3684633468692,0.2895047956859,1.0000000000000,0.3026108925096,0.7684325136003,0.2314591026772,0.5807476887541,0.4702377775994,0.4011395944558,0.5345051504628,0.5742962305560,0.6278624725453,0.4910016752578,0.1048953683180,0.4638859713350,0.4111346884805,0.3412971815690,0.4918089334307,0.4108671331505,0.5247131909853,0.3451475771726,0.5530990266498,0.2900914680624,0.1216548813099,0.3066059711171,0.5205491744474,0.4669743307002,-0.0536185862686,0.4438106460208,0.4413423942728,0.4323724506737,0.1313932309546,-0.2373181259336,-0.4647639855711,0.0671521118336,0.1512358488425,0.1569400472044,0.4366376512843,-0.5106111573407,0.1683859978430,0.2308726646190,-0.0738381163661,-0.0080927551451,0.2159860646740,-0.2043190248825,-0.2815299490418,0.4594469489815,0.4661881482026,-0.5509328798965,-0.4687969572299,-0.6867518708866,0.2707519883753,0.0717091478355,0.1100784064334,0.0781920275124,0.2556510161892,-0.1764412697480,-0.4691757368082,0.0397483143218,-0.1059268249683,-0.3190152990320,-0.3554838947893,-0.1926471553613,-0.0439176739210,-0.1704911065260,0.2288048461151
0.4871135383721,0.2463649851770,0.5420282882662,0.5597622203005,0.3141950598980,0.1768262209635,0.3026108925096,1.0000000000000,0.2885113219047,0.4914836486427,0.5293550213827,0.3611033431100,0.1339513445617,0.3481650719850,0.5863960436769,0.2972339638431,0.1621806936103,0.4519376387283,0.1098699893650,0.5803995397321,0.0969958816452,0.2690298917084,0.5282296084413,0.4056820500809,0.5836537589419,0.4747277013851,0.4090653155707,0.4161282195684,0.7623800819954,0.5286167649162,0.6733598902424,0.5637290630300,0.2238918678270,0.4688378779738,0.3212372886781,-0.1300631986759,-0.1899905297235,-0.3790826526315,0.1403603094496,0.0946548942472,-0.0581185037575,-0.2667046689095,-0.0241397272137,-0.1511573055926,0.3183921217738,-0.1825048118213,-0.2284984504524,-0.0163828999168,-0.2183636244999,-0.2312687330890,0.1535633678613,0.1182271771644,-0.5540843772700,-0.5896105587768,-0.6483479508596,0.0236837814299,-0.3297161333331,0.1941535354849,-0.3189701072728,0.3346307453033,-0.2963184602320,-0.4620763887506,0.2413978962014,0.1891966293301,-0.3541140879401,-0.6173055118946,0.4380828551736,-0.0223466333106,-0.1783503833779,-0.0263391320070
0.3536327392924,-0.0250231085166,0.3643738516711,0.3673588755166,0.1222509166186,0.5513313617717,0.7684325136003,0.2885113219047,1.0000000000000,0.0785213344133,0.5423246421653,0.5637889845409,-0.0145111317713,0.5939826859500,0.6041730582935,0.7392374586328,0.3229593005606,0.0463043651780,0.4959758578147,0.4047056920866,-0.0655469532212,0.2141629236923,0.2326442274230,0.2714526364049,0.1104230976125,0.5206808171534,0.2265380252006,0.0644154020938,0.2661717688772,0.3888213734979,0.4042634424601,0.1699912376945,0.5174610871510,0.3482500933339,0.3848800144942,-0.0313607935174,-0.4445600953714,-0.3768540468958,0.0122015021913,-0.1366933733995,0.4182160994096,0.4553046142347,-0.3359343651143,0.5094389230043,-0.0162692896990,0.0119008335777,0.2085249603245,-0.1624329091547,0.1183479697276,-0.0288465625602,0.5828425842304,0.3038836942543,-0.5590634354786,-0.2888399289906,-0.6001886556896,-0.1195829048233,-0.2433168984760,-0.0452746909129,-0.2016007933517,-0.0111929001967,-0.0705376619028,-0.4346131291861,-0.0554548518402,-0.1292268736240,-0.4242671662820,-0.3359436123953,-0.0177549435890,0.0503159961699,-0.2130261995651,0.1518452421534
0.3122048202031,0.3985352263761,0.4173550030069,0.5386185321066,0.3050494859327,0.0803234220324,0.2314591026772,0.4914836486427,0.0785213344133,1.0000000000000,0.1595181695274,0.2261100678044,0.3423724885958,0.3291908895615,0.3649640017832,0.3485787809651,0.1790683076364,0.1729356066199,0.0569661562139,0.2712641213777,0.3081551082970,0.3079606338874,0.5552728945341,0.2941377413696,0.5786074879411,0.4449587597505,0.1848191538065,0.3326982969766,0.2925816491813,0.3162381481720,0.3313863113396,0.0893579306592,0.1105402752029,0.3903555213692,0.2189951565057,0.0060360502486,0.0162932249353,-0.1242235942632,0.3706662538520,0.2380694389083,0.0141474562331,-0.0581573822565,-0.0237462871849,-0.1565924481464,0.7974203312863,-0.2034251389059,-0.0765241157190,0.2050375776259,0.0083382930086,-0.0724709664923,0.2413880178168,0.1544467663162,-0.3566000012393,-0.3310860958888,-0.3745868831714,0.2785600555615,0.0299195912896,0.3580422442124,0.0042824559823,0.5019508170637,0.0520729182366,-0.3186344969959,0.2193266596599,0.1129715133827,-0.1014202765177,-0.3034755000881,0.0052569236002,0.0296819846914,-0.0095777576314,0.1173682592220
0.4568747032072,0.2225196952559,0.3606606454373,0.4575255389727,0.3570898303669,-0.0638838617671,0.5807476887541,0.5293550213827,0.5423246421653,0.1595181695274,1.0000000000000,0.3979415892928,0.3810483667742,0.5171246480251,0.4859424490157,0.2712986820730,0.2165461348237,0.2619923782123,0.3169703454722,0.4449712592629,0.2638582468066,0.3195555086523,0.3558469991216,0.3969354722270,0.4642204485713,0.4861676672091,0.3591831006412,0.2207209795092,0.4601766155486,0.4832989976499,0.4039959042999,0.3059322582542,0.0727154033526,0.4456936352386,0.3288228003823,-0.0785521453468,-0.1281275317957,-0.4375455733010,0.0735666247619,0.2783567592648,-0.1752424659462,0.1109259683615,-0.3708120662392,0.0259319844400,0.2108434088333,0.3262549426620,-0.1390351493695,0.2032962784989,-0.1752104287224,-0.3493332644705,0.0848072781494,0.1663767072479,-0.5513115499023,-0.4483674894810,-0.6290603826172,0.1874895284957,-0.0871462294618,0.1372049411300,-0.1275508915341,0.2838168057282,-0.1545147323997,-0.4053003237932,0.1355472738994,0.0717481329591,-0.4887647396268,-0.5290135309384,0.1190387200353,-0.3432571269595,-0.1225416003812,0.0077412102591
0.4370957624099,0.1906238326149,0.4496088444801,0.4998155683739,0.1584791227318,0.2479238660103,0.4702377775994,0.3611033431100,0.5637889845409,0.2261100678044,0.3979415892928,1.0000000000000,0.0169146983413,0.7517571648140,0.5528212866428,0.4341656762478,0.2275300616159,0.2204793090957,0.6735195341325,0.6070087251187,0.0347942846093,0.1387400800729,0.3422529582722,0.2958492538863,0.2356706225121,0.6557907007073,0.3924800168578,0.2209435892922,0.2560695676701,0.5337047290776,0.3846089400589,0.2770608733281,0.4666812575229,0.3571984590821,0.5112729964109,-0.1386175174901,-0.2268636992811,-0.2528328878574,0.1010741949339,-0.0144964876450,0.1063824472333,0.0357366257723,-0.3048266492534,0.0414822106281,0.2132129157631,-0.2376339731847,0.5263567657563,-0.1354012395942,0.2718438912180,-0.2173885380904,0.2717235959260,0.1776782726411,-0.4810439375955,-0.0592451412339,-0.4384366308306,-0.0230491029618,-0.3140514905340,0.0717987257194,-0.2006313777085,0.1592741883823,0.1352081792995,-0.3551561865123,0.0870525822689,-0.1505773735977,-0.2865348443504,-0.4497810036973,0.1030533761201,0.0065192175640,-0.2866644607180,0.2826447139785
0.4073515447200,0.3922040656588,0.3003048669411,0.3335258750463,0.7050849758962,-0.4447186857100,0.4011395944558,0.1339513445617,-0.0145111317713,0.3423724885958,0.3810483667742,0.0169146983413,1.0000000000000,0.2473122689949,0.1370884737046,-0.0153535915634,0.4160163855283,0.1368824935518,0.1471626125190,0.1636643493962,0.8852743993513,0.5870382103249,0.3838786946337,0.5406815128443,0.6232206974055,0.3122600586076,0.2827111778785,0.1818108718111,0.2177373476646,0.2948943927434,0.2331382578417,-0.3178981097718,-0.1488159200594,0.2556373200620,0.1785351697517,0.2550384519818,0.2152419999380,-0.2188104367730,0.1821132449616,0.7871905658005,-0.4461431245566,0.0604025423803,-0.3917882345575,-0.3844979111323,0.4899381596555,0.0022684101639,-0.2416701110774,0.8740650198026,-0.3159951768174,-0.4737414882587,-0.1082824663256,0.3914683327109,-0.1482226968032,-0.3695380030840,-0.3307262462802,0.8477730149183,0.5103448564626,0.2541461562576,0.4951243965691,0.6413567877522,-0.0105392418621,-0.0627542873695,0.1836017009679,0.1657940636455,-0.0895902552136,-0.1266169701800,-0.3136615663178,-0.3100511514725,0.0732408539702,0.1413828442940
0.4176801750253,0.2165157559956,0.5048400305596,0.4909587198686,0.3799792574559,0.0977830650701,0.5345051504628,0.3481650719850,0.5939826859500,0.3291908895615,0.5171246480251,0.7517571648140,0.2473122689949,1.0000000000000,0.4619024279600,0.3962665440335,0.3174767819505,0.1660304664921,0.7345102684308,0.5841612929203,0.2125423114156,0.2343302836822,0.3898453830826,0.3628510949530,0.3785633348735,0.7233075366399,0.4301289239483,0.2856867923878,0.2369861532258,0.4468882147411,0.3582671273537,0.2889896271970,0.3216461451603,0.3813394656083,0.3919290689471,-0.0721800479258,-0.2463279566102,-0.2813992467889,0.0838303210789,0.1979761233830,0.0152832606199,0.0932391712865,-0.3301461414231,0.0184400920137,0.3304252646869,-0.1151570228443,0.3479999451460,0.1028043633984,0.2646448161447,-0.3169435581219,0.2204784110232,0.2935400003461,-0.5499799747138,-0.1747558054465,-0.5832677833516,0.1624921163207,-0.1278660068911,0.0962551152106,-0.0787227674722,0.3317154257364,0.0748999054663,-0.3341958001586,0.1579969289670,-0.0981783994484,-0.4379230918541,-0.4475464133576,0.1273498569170,-0.0961063306140,-0.2349925844486,0.1999402666774
0.6640469171710,0.3128715698421,0.5558346697262,0.6570084867228,0.2115490683977,0.2710797612994,0.5742962305560,0.5863960436769,0.6041730582935,0.3649640017832,0.4859424490157,0.5528212866428,0.1370884737046,0.4619024279600,1.0000000000000,0.4821137127196,0.3536746805544,0.3785692936253,0.4262201997807,0.7039964313176,0.1272957285366,0.3165590017668,0.5240114430734,0.4593062864842,0.3213935424271,0.6515967703174,0.4648976520681,0.3643029057469,0.3961559394355,0.7632196951767,0.5876593683574,0.2186777438798,0.5335178193832,0.4980904214966,0.5594087580714,0.0209129524024,-0.1225615069120,-0.2903709094292,0.2962139909475,-0.0490239190043,0.0330046139304,-0.0819476050659,-0.3150225476662,-0.0383478271824,0.2351768297449,-0.2874533248615,0.0003819452460,-0.0848762357902,-0.1798305299675,-0.1617549331852,0.3105096252370,0.3287293574657,-0.5340119357324,-0.4821350756055,-0.6257300151011,0.0246123146258,-0.2375236160538,0.2106150129574,-0.1072869934849,0.1563552632056,-0.0572433134247,-0.4212302089378,0.2078429678310,-0.1162577085861,-0.3162350107582,-0.4698089038619,0.0322421942641,0.0359057415898,-0.2153946104380,0.2522948366000
0.2400588063574,0.0500038261297,0.2455847399452,0.3539416590196,0.0629860141500,0.6876828984648,0.6278624725453,0.2972339638431,0.7392374586328,0.3485787809651,0.2712986820730,0.4341656762478,-0.0153535915634,0.3962665440335,0.4821137127196,1.0000000000000,0.2483305335522,0.0047878409612,0.2686368100411,0.2625117547093,-0.0613842675155,0.2162748877894,0.2472089769402,0.1789817828012,0.1375289261457,0.3973284842141,0.0344002458635,0.0095366654515,0.2541243615088,0.3517089718275,0.3013212911223,0.0949974624195,0.5244526805739,0.4047700751930,0.3736468550381,0.0471247186687,-0.3312010043249,-0.2836591880861,0.1505385763613,-0.1284523098478,0.5844370173222,0.4646071132017,-0.1323195769393,0.4967323285429,0.1931076709863,-0.0781946004925,0.1888324234051,-0.1265912774610,0.2145074606547,0.1662028392394,0.8584303646069,0.2211255206361,-0.4731533591222,-0.2046354774173,-0.4192543220557,-0.0781926120859,-0.1692703598237,-0.0096015766501,-0.1944175947506,0.0623279920553,-0.0094143667520,-0.4631992251111,-0.0825502721574,-0.0424128671921,-0.1435685731812,-0.2366641763599,-0.0007403343636,0.1898067136938,-0.0117205372568,0.2446244197502
0.5805921895325,0.3558311706523,0.5712235665181,0.4670817445980,0.3720841461500,-0.0493299705559,0.4910016752578,0.1621806936103,0.3229593005606,0.1790683076364,0.2165461348237,0.2275300616159,0.4160163855283,0.3174767819505,0.3536746805544,0.2483305335522,1.0000000000000,0.2548587080893,0.2947106619620,0.3807470616205,0.5259846833181,0.7607997129010,0.5373038731953,0.8033844346944,0.3209356741683,0.5232894805423,0.4226944667166,0.4346554845533,0.2469375295959,0.3940032791621,0.3767439670054,-0.2321721986932,0.2222843496518,0.3939659409726,0.4167220827235,0.2155809349388,0.0026139682913,-0.1976613520091,0.1722783560366,0.2194510057830,-0.2338096779677,-0.1204967596398,-0.5801764073937,-0.2989542493862,0.3168816290160,-0.4122056223423,-0.2076731037563,0.3066244787174,-0.2959345108200,-0.5351550262787,0.1057201555129,0.9753509515759,-0.2361392101101,-0.4964263597813,-0.4742155461225,0.4643842163574,0.4106971085697,0.4029092169014,0.6196120930994,0.2838329028177,-0.0149585620516,-0.1328556404098,0.3912311624189,-0.0196398986338,-0.3055345386338,-0.1917012977392,-0.2950343167084,-0.0950020001633,-0.0265777584472,0.2537007026432
0.5182118235796,0.3708157334315,0.5097733328615,0.4865287014541,0.1734638964465,-0.0679276668578,0.1048953683180,0.4519376387283,0.0463043651780,0.1729356066199,0.2619923782123,0.2204793090957,0.1368824935518,0.1660304664921,0.3785692936253,0.0047878409612,0.2548587080893,1.0000000000000,0.1242256974205,0.7087324155817,0.2045555146009,0.3194727465622,0.4388705660227,0.5766188485912,0.2384526971121,0.4165019638577,0.6355610534854,0.5230820791716,0.3273302318911,0.4284782909775,0.5157296306736,0.1462779091834,0.1616945328055,0.3630670248420,0.6043357772576,0.0043254585367,0.1549695772512,-0.2049287773161,0.3507606090579,0.0297452407999,-0.2722429120476,-0.3594932551275,-0.2788963686023,-0.3054491458265,0.1031020085408,-0.2281546768819,-0.2234412312872,-0.0106614879776,-0.3148713007166,-0.3174918272595,-0.1358037470915,0.2314388356788,0.0320230493522,-0.3988895759615,-0.2004631468896,0.1883635071238,-0.0813583069969,0.2476545232419,0.0938656837823,0.0851967185300,0.0291655729146,0.0329280996939,0.3950596750157,-0.0401685462609,-0.2544801225941,-0.3337119144619,0.1230684674172,0.0126793396357,0.0490355567749,0.2854333021793
0.2934881792711,0.0739401822276,0.4144115431188,0.2623240704465,0.2003785228745,0.0917204947671,0.4638859713350,0.1098699893650,0.4959758578147,0.0569661562139,0.3169703454722,0.6735195341325,0.1471626125190,0.7345102684308,0.4262201997807,0.2686368100411,0.2947106619620,0.1242256974205,1.0000000000000,0.5513313527718,0.1150351745023,0.1497623074402,0.1284143182763,0.2689896041156,0.0595655116780,0.4439904793510,0.3780427247215,0.2352117193417,0.0439596293980,0.3736670155029,0.1634513403123,0.1325560403968,0.3431887345644,0.2033796191473,0.2362261603308,-0.0927669901837,-0.2910383638814,-0.0548057835817,-0.1180477438031,0.0495335434790,0.0334416442555,0.0968101792935,-0.3273331637062,-0.0091553572067,0.0766349079225,-0.1143054459764,0.4372071276451,0.0505330141024,0.1875587154684,-0.2351290816518,0.1192785074372,0.3049005487350,-0.3818488922258,0.0920299062892,-0.3287187097480,0.1011732831838,-0.0029055307245,-0.1146570362887,0.0254042905428,0.0577248982171,-0.0590773928989,-0.1598554920938,0.1413807434578,-0.1715823539722,-0.2346537768152,-0.3489807732859,-0.0475585289959,-0.0671999756834,-0.1807575941863,0.1450403272835
0.6268391398525,0.5080745478275,0.6364811495371,0.7118324687734,0.2941447454657,0.0905542085292,0.4111346884805,0.5803995397321,0.4047056920866,0.2712641213777,0.4449712592629,0.6070087251187,0.1636643493962,0.5841612929203,0.7039964313176,0.2625117547093,0.3807470616205,0.7087324155817,0.5513313527718,1.0000000000000,0.2021020488097,0.4039954123696,0.5912933452057,0.6115031167619,0.3857119456710,0.7248329363792,0.7313418734832,0.5442875589621,0.5159696232153,0.7340179342338,0.6533454392187,0.3097279298193,0.3715757133876,0.4902295825967,0.6351842396625,0.0220377990725,-0.0053177625340,-0.2182130282861,0.3043152395713,0.0633130971020,-0.1475828984107,-0.3013271443330,-0.3189027803166,-0.2367000732468,0.1916254319722,-0.3237564247363,0.0708164972032,-0.0281505442581,-0.1926859679387,-0.3633499357246,0.0766335101487,0.3690016328560,-0.3122152532816,-0.4651829707917,-0.5129105481809,0.1579715700329,-0.1397550529906,0.2495219374258,0.0124589542077,0.2524234173060,-0.0632023801737,-0.1678283895971,0.4080579084106,0.0464963662822,-0.2990940634374,-0.4599454791349,0.2005837575635,0.0183872767376,-0.2024982030895,0.3857459563609
0.4929530013616,0.4110462423538,0.4047122656953,0.3961587354026,0.7352752844423,-0.5117082894059,0.3412971815690,0.0969958816452,-0.0655469532212,0.3081551082970,0.2638582468066,0.0347942846093,0.8852743993513,0.2125423114156,0.1272957285366,-0.0613842675155,0.5259846833181,0.2045555146009,0.1150351745023,0.2021020488097,1.0000000000000,0.5944386974906,0.4649852727035,0.6328846726269,0.5863413415176,0.3639864803701,0.3600081570824,0.2769765738203,0.1540583515971,0.2821322225134,0.2695567938482,-0.3806703689879,-0.1311833726753,0.2438719336507,0.2711961035670,0.2563307355071,0.2595919264114,-0.1323682201204,0.2556696218245,0.7805088742129,-0.5481811785783,-0.1256026605416,-0.4576022320024,-0.5349885847995,0.5299934955388,-0.2016820933878,-0.2397008592521,0.7637239786103,-0.3830413034028,-0.5907152477286,-0.1948182127837,0.4934065571150,-0.0759730370617,-0.3654870806565,-0.2894532111452,0.9481857367046,0.4579565253713,0.3825897324413,0.5983666502664,0.6331571138274,0.0685974085636,0.0193928108247,0.2970333466095,0.0356422247080,-0.1962978017085,-0.1267406315316,-0.3893680997768,-0.3283773366792,0.0514459226035,0.1821792003032
0.4839802674964,0.5630639085666,0.4255540603732,0.4734692423028,0.4911796803053,-0.1367247708378,0.4918089334307,0.2690298917084,0.2141629236923,0.3079606338874,0.3195555086523,0.1387400800729,0.5870382103249,0.2343302836822,0.3165590017668,0.2162748877894,0.7607997129010,0.3194727465622,0.1497623074402,0.4039954123696,0.5944386974906,1.0000000000000,0.6133746274609,0.8444195411579,0.5314948377423,0.4218952544213,0.3895127378127,0.2440439501473,0.4801075071360,0.5472528309149,0.5240966718934,-0.2724246283499,0.0539400554782,0.5391596525992,0.4370350292534,0.3693762751348,0.1417014060274,-0.3080799407718,0.2419764319179,0.4181390765023,-0.2614939658416,-0.0179262294640,-0.4187564813960,-0.2487445041838,0.3553105111351,-0.1709777462169,-0.2327637733812,0.4640904852928,-0.3553887927722,-0.3965741493365,0.0761259963515,0.7277762094433,-0.1720534765108,-0.5595309833724,-0.4495143805595,0.5474399883066,0.6401855208064,0.4465561237501,0.6124604581260,0.4934901445489,-0.1630449685910,-0.1441110729128,0.2196366046119,0.3180143615816,-0.0212758949584,-0.0882304106830,-0.2261889786972,-0.1184675996985,0.1465276626439,0.3346770704768
0.6329388496129,0.7217385683775,0.6120392615290,0.8186202682197,0.4863447939936,-0.0212382118715,0.4108671331505,0.5282296084413,0.2326442274230,0.5552728945341,0.3558469991216,0.3422529582722,0.3838786946337,0.3898453830826,0.5240114430734,0.2472089769402,0.5373038731953,0.4388705660227,0.1284143182763,0.5912933452057,0.4649852727035,0.6133746274609,1.0000000000000,0.7343582857939,0.6171079321446,0.7023825881694,0.4909068510507,0.5051345253308,0.4824452305664,0.6470575195806,0.7540620433959,0.0552193076539,0.1975647525247,0.6108212393151,0.6338955932719,0.2444744726002,0.2617548318204,-0.2684350212271,0.5382556830573,0.3205481640407,-0.1878134306874,-0.2348108769111,-0.3528823212082,-0.3284119721331,0.5263999178415,-0.3578749491335,-0.1807969466993,0.1801573403153,-0.3912193429527,-0.4248537784456,0.1069831476591,0.5076058932153,-0.2669961856558,-0.6769642238648,-0.6041469484670,0.4012089126456,0.1178615208852,0.7646212665865,0.2957152843190,0.5461622152601,0.0256484625202,-0.3040328817932,0.4237778570654,0.1365161728905,-0.2036409130274,-0.2318816594753,-0.0578684810434,-0.0135934063411,-0.0229604543621,0.4663143575109
0.6979615512154,0.5609490208797,0.7048145322697,0.6711718024573,0.5331333074819,-0.1728603608405,0.5247131909853,0.4056820500809,0.2714526364049,0.2941377413696,0.3969354722270,0.2958492538863,0.5406815128443,0.3628510949530,0.4593062864842,0.1789817828012,0.8033844346944,0.5766188485912,0.2689896041156,0.6115031167619,0.6328846726269,0.8444195411579,0.7343582857939,1.0000000000000,0.5111758358282,0.6212070698121,0.6080244605694,0.5012943022257,0.4278753014223,0.5941467457572,0.6589241809480,-0.1641436773942,0.1829809404915,0.5379540150212,0.6205824121452,0.2417995105840,0.1165857305759,-0.3398717287908,0.3100687760406,0.3561526924237,-0.3683771001021,-0.1878826018590,-0.6061555071445,-0.4144514335377,0.3837846818522,-0.3765910408337,-0.2882479350606,0.3540102638084,-0.4908498250963,-0.6186224787062,-0.0107766322364,0.7734540145115,-0.2379291977265,-0.6625490047417,-0.5806907484152,0.5567993585095,0.3460326372222,0.5065145672123,0.5671451768315,0.4099616473642,-0.0966168754617,-0.1971137601422,0.4111067626207,0.0284504879810,-0.3024175341793,-0.2726575797806,-0.2349443793005,-0.1518218187849,-0.0312987307413,0.3483538185561
0.5455998900576,0.4853229838409,0.4477361311012,0.5936228221068,0.6440978465960,-0.1996005877990,0.3451475771726,0.5836537589419,0.1104230976125,0.5786074879411,0.4642204485713,0.2356706225121,0.6232206974055,0.3785633348735,0.3213935424271,0.1375289261457,0.3209356741683,0.2384526971121,0.0595655116780,0.3857119456710,0.5863413415176,0.5314948377423,0.6171079321446,0.5111758358282,1.0000000000000,0.5196868172338,0.4296373958645,0.3127127140340,0.6593037745744,0.4298759967602,0.5505158135487,0.0421059614254,-0.0811668031417,0.3644417288171,0.2404159715735,0.1432623510082,0.1115620618289,-0.2948251537810,0.2864489341963,0.6073127701830,-0.2708122131825,-0.1325130544854,-0.1884563590807,-0.3427084903201,0.6298547645554,-0.1680537342356,-0.2327940375890,0.4507631588977,-0.2765954526560,-0.4271856146698,0.0097814522224,0.2743564988886,-0.3599034343611,-0.5564613771485,-0.5337680233409,0.5197186180766,0.1157071970695,0.4395484884134,0.1303525471788,0.8654791126133,-0.0894920912706,-0.2193371674090,0.2578842344739,0.3563971708378,-0.2557173043242,-0.3100794162939,0.0034829275237,-0.2517773695918,-0.1692260014241,0.0593995836087
0.7124968578059,0.4998032477385,0.7393579302746,0.8410540595588,0.3971297079581,0.0777741758784,0.5530990266498,0.4747277013851,0.5206808171534,0.4449587597505,0.4861676672091,0.6557907007073,0.3122600586076,0.7233075366399,0.6515967703174,0.3973284842141,0.5232894805423,0.4165019638577,0.4439904793510,0.7248329363792,0.3639864803701,0.4218952544213,0.7023825881694,0.6212070698121,0.5196868172338,1.0000000000000,0.6828629545161,0.5970459700356,0.3682849359913,0.6100941191202,0.5840644209828,0.1095799537243,0.4065787311175,0.4726666457659,0.6545177689269,-0.0259617368977,0.0167120132226,-0.2723750324964,0.4575616418640,0.1722094665763,-0.1162230180594,-0.1270136090608,-0.5115943757217,-0.2063065730374,0.4929759387156,-0.4112388517621,0.0633507913283,0.0862827490364,-0.1439474654733,-0.4744359729427,0.2028779055200,0.4862893625825,-0.4516909324853,-0.5330159070144,-0.6723832483722,0.2886805862660,-0.1653213781087,0.4279142865812,0.0750495708327,0.4401642201520,0.2987415769347,-0.2449927970147,0.4947759326784,-0.1490762583244,-0.5176785932370,-0.5239393766683,-0.0886263387876,-0.0031309830328,-0.2880758209941,0.4238877324453
0.5815848344320,0.4137763275606,0.7464867512466,0.6421290484922,0.3313923217159,-0.1180990594767,0.2900914680624,0.4090653155707,0.2265380252006,0.1848191538065,0.3591831006412,0.3924800168578,0.2827111778785,0.4301289239483,0.4648976520681,0.0344002458635,0.4226944667166,0.6355610534854,0.3780427247215,0.7313418734832,0.3600081570824,0.3895127378127,0.4909068510507,0.6080244605694,0.4296373958645,0.6828629545161,1.0000000000000,0.7229137157006,0.3465528196240,0.4505296984497,0.5309570894552,0.0830818124314,0.2028309417200,0.1987102588226,0.4364278239457,-0.1147329364914,0.0809974255039,-0.1325889162594,0.3044249981558,0.1681656844730,-0.3262796418083,-0.3634435379422,-0.5157115464115,-0.4058329339028,0.2645354588975,-0.4020923974437,-0.0937720457519,0.1233964208673,-0.2896343261310,-0.5501850801766,-0.1423986494138,0.4212328805774,-0.1476502514773,-0.4317676777647,-0.3729473500792,0.3153297529381,-0.0982186174189,0.2716904325785,0.1581106628817,0.3074141873300,0.1498783144338,0.2363122378863,0.6616152598044,-0.1037904748870,-0.4252717694330,-0.4436204609383,0.0002782716213,-0.1255759003423,-0.3156722825371,0.1820147653877
0.5353999375619,0.3985641372328,0.7689052592652,0.5996738149367,0.1735772754584,-0.0700671587740,0.1216548813099,0.4161282195684,0.0644154020938,0.3326982969766,0.2207209795092,0.2209435892922,0.1818108718111,0.2856867923878,0.3643029057469,0.0095366654515,0.4346554845533,0.5230820791716,0.2352117193417,0.5442875589621,0.2769765738203,0.2440439501473,0.5051345253308,0.5012943022257,0.3127127140340,0.5970459700356,0.7229137157006,1.0000000000000,0.2506677947087,0.2603802772053,0.3686896071282,0.1155481467852,0.1647551421678,0.1601190405474,0.2695377273024,-0.2104585441147,0.1834059426808,0.1340264729294,0.3508854444684,0.0596640755483,-0.2380138561221,-0.4478737711197,-0.4057272314635,-0.4598644747211,0.3554171778498,-0.4585102985448,-0.2294840619854,0.0866991031479,-0.2999568915418,-0.5043136290534,-0.0988149886639,0.4402974455543,-0.1365046303713,-0.4411139898285,-0.3516886808230,0.2551964579263,-0.1349271629740,0.3210928563423,0.1724901332708,0.1735028903063,0.1987995908472,0.1305291167701,0.9188494686891,-0.1491841860789,-0.4424467654050,-0.4547945867664,0.0085838499780,-0.0187978847754,-0.2346463812510,0.0786952140504
0.3513933711136,0.3327914782123,0.3211358817480,0.4583471160968,0.4273446576754,0.1615156948989,0.3066059711171,0.7623800819954,0.2661717688772,0.2925816491813,0.4601766155486,0.2560695676701,0.2177373476646,0.2369861532258,0.3961559394355,0.2541243615088,0.2469375295959,0.3273302318911,0.0439596293980,0.5159696232153,0.1540583515971,0.4801075071360,0.4824452305664,0.4278753014223,0.6593037745744,0.3682849359913,0.3465528196240,0.2506677947087,1.0000000000000,0.5380187708488,0.6439282047412,0.3928494889759,0.1104391058675,0.4731360986844,0.2535883657461,0.1588539414201,-0.1075172986319,-0.3495426608657,0.1232679895555,0.2401311240085,0.0012441532733,-0.1408194820956,0.0449829756458,-0.0616389050289,0.1311214585956,-0.0603943215772,-0.1598611440967,0.0952731257147,-0.2342681569603,-0.1878968524616,0.1591285574833,0.2102886181665,-0.3822668729327,-0.5669777301292,-0.5352883922302,0.1061913254370,-0.0541623605943,0.2494704110867,-0.1259632441601,0.4470471779086,-0.3680406884337,-0.3228445515041,0.1539613045553,0.6074731030897,-0.1209814516944,-0.2778902176220,0.3643797264069,-0.0198389362459,-0.0582799924166,0.0701219179509
0.6068387633966,0.5932004321155,0.4313912604205,0.6842930711913,0.3454159913742,0.1017958638046,0.5205491744474,0.5286167649162,0.3888213734979,0.3162381481720,0.4832989976499,0.5337047290776,0.2948943927434,0.4468882147411,0.7632196951767,0.3517089718275,0.3940032791621,0.4284782909775,0.3736670155029,0.7340179342338,0.2821322225134,0.5472528309149,0.6470575195806,0.5941467457572,0.4298759967602,0.6100941191202,0.4505296984497,0.2603802772053,0.5380187708488,1.0000000000000,0.6348434592965,0.1809090569011,0.3373699643396,0.7754435165135,0.6602713699186,0.2619359101851,0.1125401206965,-0.3346386692914,0.3364098144538,0.1693698623008,-0.0779976432648,-0.1255311144276,-0.3166308884667,-0.1987576681107,0.2731526365094,-0.2459155783399,0.0000632656522,0.0666842079147,-0.2742637943593,-0.2754354583222,0.1889849133109,0.3591968024132,-0.4068968996667,-0.5045709364697,-0.5869021880419,0.1792786869082,0.0627907750698,0.3914707536982,0.0854918558839,0.3429964002867,-0.1433266436794,-0.4070695678618,0.1630698399296,0.1630274267689,-0.0078673098100,-0.3302610137859,0.0685638156723,-0.0459144303871,0.0249772323788,0.4473909614496
0.6189769250192,0.4537254916853,0.5697769690430,0.6651928739880,0.4367210749394,0.2012439045033,0.4669743307002,0.6733598902424,0.4042634424601,0.3313863113396,0.4039959042999,0.3846089400589,0.2331382578417,0.3582671273537,0.5876593683574,0.3013212911223,0.3767439670054,0.5157296306736,0.1634513403123,0.6533454392187,0.2695567938482,0.5240966718934,0.7540620433959,0.6589241809480,0.5505158135487,0.5840644209828,0.5309570894552,0.3686896071282,0.6439282047412,0.6348434592965,1.0000000000000,0.1671064147304,0.3182381708258,0.4981528615905,0.5925873511443,0.1435817519131,0.0478550666063,-0.3492907838994,0.3453507871399,0.2035982385314,0.0129729800413,-0.1524741637916,-0.2229274011476,-0.1283580374491,0.2441221278686,-0.3468058432538,-0.1595005585210,0.0784154215040,-0.3841446144150,-0.3403694350471,0.1971150720741,0.3332017186506,-0.2659435290785,-0.6625336521850,-0.6089355723084,0.2246716683278,-0.1193142218318,0.4208626037265,0.0361063243466,0.4194932018536,-0.1382463281662,-0.2674929349915,0.2504825774098,0.1722301834877,-0.2193420817171,-0.2176571459608,0.0787059088056,0.0439741173445,-0.1770802627560,0.3644882085831
-0.0144377031019,-0.0908134518140,0.0570097634669,0.0714406976847,-0.0724145826867,0.2431908699737,-0.0536185862686,0.5637290630300,0.1699912376945,0.0893579306592,0.3059322582542,0.2770608733281,-0.3178981097718,0.2889896271970,0.2186777438798,0.0949974624195,-0.2321721986932,0.1462779091834,0.1325560403968,0.3097279298193,-0.3806703689879,-0.2724246283499,0.0552193076539,-0.1641436773942,0.0421059614254,0.1095799537243,0.0830818124314,0.1155481467852,0.3928494889759,0.1809090569011,0.1671064147304,1.0000000000000,0.0934795571230,0.2223358858274,0.0402107621982,-0.2406505963699,-0.3133653180870,-0.2106253546021,-0.2246615276161,-0.2375269861962,0.1163789566451,-0.2110340920913,0.2635520293431,0.1156690916532,-0.1178008452320,0.1084141065016,0.0295673861462,-0.3746623152958,0.2010607878616,0.0592422499588,0.0416290584722,-0.2387458477789,-0.3854630885367,-0.0967466412772,-0.2541067298114,-0.4289274262329,-0.5023171905602,-0.0906720773961,-0.6028477445369,-0.1391008926795,-0.3010694449122,-0.3128459604608,-0.0308583907976,0.1480576047120,-0.2202324032117,-0.3654774203790,0.7980202102609,-0.0040784817350,-0.0818229072067,-0.1763035712637
0.2664937643759,0.0018655247909,0.3281703837790,0.2688643977720,0.0628849037142,0.6197571587828,0.4438106460208,0.2238918678270,0.5174610871510,0.1105402752029,0.0727154033526,0.4666812575229,-0.1488159200594,0.3216461451603,0.5335178193832,0.5244526805739,0.2222843496518,0.1616945328055,0.3431887345644,0.3715757133876,-0.1311833726753,0.0539400554782,0.1975647525247,0.1829809404915,-0.0811668031417,0.4065787311175,0.2028309417200,0.1647551421678,0.1104391058675,0.3373699643396,0.3182381708258,0.0934795571230,1.0000000000000,0.1946037763753,0.4601497332521,-0.0753184212411,-0.2152720617255,-0.2031104452913,0.1176386947414,-0.2046203636272,0.4332362044758,0.1845079788930,-0.1879135244896,0.2586790378906,-0.0756837221524,-0.3302002899982,0.2251609954320,-0.1424709806393,0.1051605588713,0.0628877106444,0.4931059753226,0.1972862648003,-0.3231572522387,-0.1419629244095,-0.3470178000416,-0.1483396913152,-0.3114335547246,-0.0539048463897,-0.1863632328311,-0.1385938961136,0.0948347301506,-0.3421351536502,0.0589946050878,-0.2398604566400,-0.1720563780626,-0.2640098438025,-0.0933644417322,0.6196127311711,-0.0757447015725,0.3428047647320
0.4291745208849,0.5285650573008,0.3244603502806,0.5595912150958,0.3076068879540,0.1208174245370,0.4413423942728,0.4688378779738,0.3482500933339,0.3903555213692,0.4456936352386,0.3571984590821,0.2556373200620,0.3813394656083,0.4980904214966,0.4047700751930,0.3939659409726,0.3630670248420,0.2033796191473,0.4902295825967,0.2438719336507,0.5391596525992,0.6108212393151,0.5379540150212,0.3644417288171,0.4726666457659,0.1987102588226,0.1601190405474,0.4731360986844,0.7754435165135,0.4981528615905,0.2223358858274,0.1946037763753,1.0000000000000,0.6492057445924,0.2744158901520,0.0987723858857,-0.4207003532833,0.2935806095814,0.1529804378785,0.0044560466885,-0.0022131127528,-0.2385617624380,-0.0547609138910,0.3118440724471,-0.0799808827795,-0.1038779238752,0.0365488244049,-0.1926700137175,-0.1696156001446,0.2499849556477,0.3510974022804,-0.3987515877272,-0.4721127492706,-0.5329350060058,0.1417178103290,0.1535379124544,0.4441272697335,0.0837589738728,0.2711156908344,-0.1604273617260,-0.5486795406632,0.0564289139892,0.1842301247082,-0.0260727380698,-0.2708697810172,0.0983469504609,-0.0638444444096,0.3918223197551,0.4404936978297
0.6022014282709,0.5159019214550,0.4767287714874,0.6309871456399,0.2996159828652,0.1612707207579,0.4323724506737,0.3212372886781,0.3848800144942,0.2189951565057,0.3288228003823,0.5112729964109,0.1785351697517,0.3919290689471,0.5594087580714,0.3736468550381,0.4167220827235,0.6043357772576,0.2362261603308,0.6351842396625,0.2711961035670,0.4370350292534,0.6338955932719,0.6205824121452,0.2404159715735,0.6545177689269,0.4364278239457,0.2695377273024,0.2535883657461,0.6602713699186,0.5925873511443,0.0402107621982,0.4601497332521,0.6492057445924,1.0000000000000,0.1757870792984,0.2134736852994,-0.3688977078087,0.4759619391926,0.0928343601292,-0.0287093327700,-0.0506231925126,-0.4215059269090,-0.0910595428435,0.1948102244499,-0.2799071945275,0.0457195061410,-0.0105367297242,-0.2061982468083,-0.2799333410942,0.2349713347813,0.3663891013884,-0.1540067722526,-0.4059556031279,-0.3894699691243,0.2209815456056,-0.0337391329553,0.4398578964433,0.1689930647506,0.1805111836882,0.2111469725728,-0.2865567099508,0.1707736808679,-0.1410653500662,-0.2093576333626,-0.2458444182001,-0.1287642339309,0.1377721980304,0.1499194677169,0.7369224216565
