1.0000000000000,0.2905494111441,0.3752306510201,0.5328609465415,0.1625991419240,-0.2327784580596,-0.0359453035925,0.1686049923506,0.0006025043260,0.4045079253080,-0.0856920053630,0.0815239126021,0.0556758608072,0.1257882928553,0.5309656819891,-0.1494662619857,0.3430363412173,0.5639858940327,0.3367936869756,0.5328351632258,0.3370163306114,0.2783782852724,0.4570613408959,0.3215027688542,0.1895012500163,0.4949051217294,0.3521430313329,0.4120266860608,0.0782531529818,0.4574351607810,0.3566826107197,-0.1442113850664,-0.0136275597907,0.2786277635545,0.4010486541727,0.6335924326556,0.3236798828479,0.3521884675295,0.4950542781788,0.0241534208258,-0.2552843577711,-0.2331987362491,-0.0351414380527,-0.3003045793521,0.3914807580683,-0.3461565559372,0.0935800801421,-0.0507002259322,-0.0298994172691,0.1403824679509,-0.2498322043435,0.3339020550868,0.4739019777592,-0.0018394738811,0.2147576576835,0.3504552281854,0.1365806847717,0.2322428473725,0.3491669695230,0.2397279787548,0.4039488057886,0.2075822512985,0.4299515356422,-0.2404913466994,0.3488388779060,0.0103068861772,-0.0254117837877,0.1203696959273,0.0143428582420,0.4090760645673
0.2905494111441,1.0000000000000,0.3689452837024,0.7580811991634,0.3686999668661,-0.4559668371418,-0.1693179153674,-0.1685891811793,-0.1328097649016,0.3880392684263,0.0506535165428,0.1372952260965,0.3195616070841,0.1751697824660,0.1402031352855,-0.3827503399364,0.4951468571976,0.3343817822989,0.3261673060216,0.4774530912680,0.5347278711149,0.5911062324426,0.6441056484626,0.5908972408810,0.2567625821450,0.5654364491883,0.5285273074856,0.5965976395882,0.3043266028257,0.3126429507730,0.3549186324729,0.0483044844438,-0.2094765021213,0.2900086860416,0.4007480923994,0.1790639562022,0.6835220044320,0.3514221016151,0.6212877032288,0.1813014886305,-0.4708666822946,-0.2816269134771,-0.4317298805293,-0.4119558233120,0.4039863429117,-0.3225973119685,0.0647986816902,0.1545446443344,-0.1232074625101,-0.3313143423817,-0.3861249222582,0.4878559717207,0.5378588476432,-0.2328833645171,0.1558811371565,0.5431944424135,0.4956210381412,0.5839699262724,0.6171643819706,0.1673348118627,0.3228168268270,0.3498021098624,0.5790634310021,0.0221544357981,0.2188154378429,0.1731974642600,-0.0018785211669,0.0555893603791,-0.1313093865206,0.4288203336796
0.3752306510201,0.3689452837024,1.0000000000000,0.5882137919657,0.0996895503180,-0.2784132228717,-0.1559424634969,0.2648602264639,0.0293167810986,0.3634244587898,-0.1048407646926,0.1742384062686,0.0966105611316,0.1643699152078,0.3289516374257,-0.2305733215174,0.3629734695613,0.5659544708663,0.5192282616114,0.6506740681255,0.2897643930710,0.5000723695399,0.3275687085955,0.6599622079758,0.2296538915684,0.5153807000535,0.7144853518280,0.7111507830759,0.2570129127821,0.1429290469883,0.4524204113441,0.0793170800967,0.0094570494682,0.0604745165064,0.2890917334563,-0.0510838681227,0.0931572973523,0.4437206900787,0.3980418176213,-0.1159466005607,-0.2707494261000,-0.3199198111240,-0.3662526311585,-0.3064540485400,0.2936354949749,-0.4975501949658,0.0534620487261,-0.0030513644272,-0.0140878189595,-0.2889594028813,-0.3433212670984,0.3607504071065,0.2982578334284,-0.0535093976363,0.0548687263808,0.3392705963198,0.0107921641586,0.2025763675184,0.2590880238003,0.0585667451061,0.2679372861598,0.2544022443363,0.6441872489236,-0.2756412700687,-0.1643983339133,-0.2676705642595,0.0686898360334,-0.0374440444878,-0.3352555965717,0.0661769037039
0.5328609465415,0.7580811991634,0.5882137919657,1.0000000000000,0.4042710160955,-0.3623985922881,0.0010372717474,0.0529916792090,0.0663042245627,0.6006613599255,0.0847295307439,0.2049206014415,0.3435462669565,0.2878290253322,0.4315614717105,-0.1529328915604,0.4915837525855,0.5181370146268,0.5095684688691,0.7242875460245,0.5839661609804,0.5216820732782,0.6963888936063,0.6215997153225,0.3937776596876,0.7504662387026,0.6775224151149,0.6362167539242,0.3450943024405,0.4232130404428,0.4872863012026,0.0080860278961,-0.0482175170049,0.3093535556469,0.5515837454022,0.2305127800971,0.4873124379817,0.4181487660550,0.7994486428963,0.1695454968150,-0.3865360382421,-0.2402904912115,-0.3582092155897,-0.3522430425416,0.6045128873782,-0.4295995859624,0.1455345020087,0.1836475115891,-0.0155612960510,-0.2351900918466,-0.2595327565670,0.4717026450831,0.5573332730445,-0.2191928855631,0.1159981255202,0.5735249061750,0.2347366471375,0.5322138391787,0.5168480175913,0.3115984097497,0.4938317512247,0.3270894129368,0.6562010699934,-0.1012209098161,0.1568340456995,0.0439585391794,0.0659450225698,0.1184514209056,-0.1863083240295,0.5164363829561
0.1625991419240,0.3686999668661,0.0996895503180,0.4042710160955,1.0000000000000,-0.2848462096624,-0.0280811314611,0.0366687157039,-0.0466643508320,0.3699746184222,0.3111734225267,0.0017140093707,0.7178627325117,0.1422741027229,0.0662731314615,-0.1222630296916,0.2818498321767,0.1569753978120,0.1041939848218,0.2304773222313,0.7930600687088,0.3091348440486,0.4215637006851,0.2659446923601,0.5901980902574,0.2627320008905,0.2600049458821,0.1650653173272,0.4443542742528,0.1893585080921,0.2408193401349,-0.0558048937397,-0.2617946531934,0.3054267523391,0.1243488529782,0.1981545744683,0.2343975400369,0.0644631534542,0.3507250086603,0.8567246968349,-0.2317843468726,-0.0389994266401,-0.1205857018505,-0.1806768315840,0.4383394746284,0.0492110476422,-0.0399281145767,0.5829371221099,-0.0527445853955,-0.1293696153563,-0.1291455718681,0.2212906999231,0.2368778466931,-0.1682879308483,0.0432476641893,0.6756551922754,0.2514147693535,0.2764851984140,0.2664160253151,0.6134564836277,0.0844386451841,0.0651638523656,0.1763841564818,0.3656785964512,0.0922088234851,0.0705326186521,-0.0569719493212,-0.1652010158686,0.0878216245104,0.1206483881947
-0.2327784580596,-0.4559668371418,-0.2784132228717,-0.3623985922881,-0.2848462096624,1.0000000000000,0.6685258172510,0.2858237920116,0.5503077582242,-0.2846165771488,0.1067944348663,0.0808413180975,-0.2778228942404,0.0058557363470,0.0666118931840,0.8244428277245,-0.3103155303628,-0.2298630055530,-0.1580006495197,-0.2612372106926,-0.4980364462150,-0.4064887644761,-0.2834500791095,-0.2984650090929,-0.1884668534888,-0.3773241740960,-0.4844286185680,-0.5043285620072,-0.2382836922255,0.0222442034328,-0.0585039074177,-0.0118105419022,0.5935292021179,0.1149703708698,0.0464724446436,-0.2285031284318,-0.4826459128416,-0.4669070858314,-0.4943357977502,-0.1478329232489,0.9288868965782,0.5691978556068,0.2904814870369,0.6662764726659,-0.3612104967173,0.3363732191421,-0.0215554180302,-0.2662166173803,0.2027579366100,0.3161665972208,0.7958906193419,-0.3208872490729,-0.5697355415924,0.0078974572854,-0.3983416647038,-0.5559522654805,-0.4481857698593,-0.1317065925311,-0.5154445248082,-0.1163939594653,-0.3694489104288,-0.5923620254520,-0.5817989356537,-0.0067114649120,-0.1505681838806,-0.1512656371123,0.0232442033950,0.0340955076988,0.3231391973410,-0.0604443661819
-0.0359453035925,-0.1693179153674,-0.1559424634969,0.0010372717474,-0.0280811314611,0.6685258172510,1.0000000000000,0.1925450416340,0.7767670145158,-0.0264501403680,0.4891008667809,0.2271443904786,0.0952556218685,0.2848444242390,0.3628712558687,0.8017111207891,-0.0235458816292,-0.2192717313520,0.1447942414731,-0.0320215048988,-0.1036688457952,-0.1262322403724,-0.0704381314498,-0.0946659342101,-0.0020592350063,-0.0755043965267,-0.2829721543898,-0.3115441014296,0.0068837257597,0.3134580506845,-0.0015243145780,-0.1438537641351,0.5253875503503,0.2067836071223,0.1065349532312,-0.0507979811877,-0.3744277192477,-0.2778124897026,-0.2193781271002,0.0348934824181,0.6161944340137,0.6995031694690,0.0323964421435,0.5989211478063,-0.0632196851652,0.4156787353734,0.1217271781093,0.0414787177485,0.2720588010079,0.1891140424500,0.7135567989289,-0.0491654534222,-0.4304429997865,-0.1143880042348,-0.4475143314143,-0.1756974836362,-0.2265191562268,-0.0014407883511,-0.2420183728015,0.0434582007609,-0.2479488234137,-0.5216800586133,-0.3584696174457,0.0755270604669,-0.0507202293823,-0.1431404721057,-0.0266708020707,0.1112265827670,0.1487508898439,0.0615559717072
0.1686049923506,-0.1685891811793,0.2648602264639,0.0529916792090,0.0366687157039,0.2858237920116,0.1925450416340,1.0000000000000,0.2811919377200,0.2581901369914,0.1465332925388,0.0381475510186,-0.0479969880105,0.0367479765304,0.4159539070090,0.3266769155900,-0.1820086218748,0.3127461037411,0.0483217187235,0.2337012976420,-0.1033119348169,-0.0262007722878,0.1591452557092,0.0854940766537,0.4879174665993,0.0297275754195,-0.0179944164085,-0.1465259192597,0.1969635593580,0.3242273729710,0.5088700428179,0.0397715103831,0.1137336436116,0.3559859425230,0.1205677990839,-0.1675078702122,-0.4098765235324,-0.1586346651134,-0.2028897624877,0.1780229396744,0.3175525663174,0.1470984204780,0.4790153031017,0.0713001080454,0.1727350955957,0.0574998439700,-0.2793333248102,-0.1020082893565,0.1092401305943,0.0701021369353,0.1450841287414,-0.2365408878079,-0.3948196934775,-0.2673745137573,-0.4017284056566,-0.1822588346703,-0.3962858291645,0.1397307659523,-0.4097011968207,0.4140183189634,-0.1319249931006,-0.4345241172079,-0.2574405099282,0.1040327190515,-0.1652390011064,-0.4433774810987,0.2569250140237,-0.3250670171396,0.2316229094279,-0.1494033204784
0.0006025043260,-0.1328097649016,0.0293167810986,0.0663042245627,-0.0466643508320,0.5503077582242,0.7767670145158,0.2811919377200,1.0000000000000,-0.0366001980543,0.4858302810227,0.4404553745073,-0.0676638860637,0.4301008556161,0.5411806260614,0.6666071219843,-0.0425395668207,-0.1410208854896,0.3184711342404,0.1461040132817,-0.1495535589978,-0.1702652644372,-0.0728848292022,-0.0853051567339,0.0089340530420,0.2099581597441,-0.0545101565470,-0.1818120019657,-0.0243912194731,0.2983988036834,0.0512956220823,-0.1292204809600,0.4806729728513,0.1462386663802,0.2085407165917,-0.2380637809245,-0.3739855685520,-0.1739215960432,-0.1275576944001,-0.0794952533202,0.4951200060814,0.5975685550183,-0.0532298055675,0.6024546775035,-0.0705615449375,0.2211238637116,0.2219398818109,-0.1300294242155,0.3691494723141,0.0790341388964,0.5154542070748,-0.0459331793431,-0.4059287050938,-0.1412937895274,-0.4983583947899,-0.2107768519682,-0.3285279049000,-0.0631580837185,-0.2874827252231,-0.0593053763082,-0.0226408802042,-0.3858767089533,-0.2032879129445,-0.1067866134783,-0.2819696939713,-0.2729182060703,0.0802182897791,-0.0162070835329,-0.0154907938279,0.0790238651032
0.4045079253080,0.3880392684263,0.3634244587898,0.6006613599255,0.3699746184222,-0.2846165771488,-0.0264501403680,0.2581901369914,-0.0366001980543,1.0000000000000,-0.0060565192103,-0.0792680221091,0.4486968240364,0.1455308041597,0.3671180972849,-0.0286415010945,0.2373520233414,0.3681923250384,0.1952982820686,0.3834952181157,0.4813261867442,0.3325619574185,0.5850407204410,0.2899802293369,0.6153647755857,0.3766622378270,0.2716616968951,0.3506083237593,0.1610064898793,0.3350057069133,0.2966351031841,-0.1040486155008,-0.0718182327240,0.2831243784195,0.1628629549820,0.1596621610798,0.2113208290679,0.2223765860161,0.4560344336913,0.3060682760787,-0.2674994551255,-0.1214110122010,-0.0215056275363,-0.3007917815955,0.8834184165065,-0.2739091171028,-0.1116787456706,0.3911828916672,-0.0030524415168,-0.0218644641747,-0.1229140853156,0.1777438745650,0.2155776312822,-0.2049509127443,0.0298758430809,0.4017827846623,0.1721939999822,0.4117026474226,0.2028270815571,0.5618527082126,0.2916387346815,-0.0169094693552,0.2794284732953,-0.0357625564173,0.2594560302136,-0.1290760340820,-0.0061471085337,0.1563947741647,0.0142984824798,0.1522059196334
-0.0856920053630,0.0506535165428,-0.1048407646926,0.0847295307439,0.3111734225267,0.1067944348663,0.4891008667809,0.1465332925388,0.4858302810227,-0.0060565192103,1.0000000000000,0.2877264884374,0.4717515189644,0.3599991653929,0.2590680937648,0.2513987642627,0.0268820558550,-0.1524971953542,0.2624564742585,0.0950390947098,0.3235162925968,0.0485683817843,-0.0480926074467,-0.0131137821802,0.2240227502363,0.0777205165147,-0.0146912225556,-0.1124114860649,0.2834166299900,0.3162437950754,0.0562453651322,0.0629524772488,0.0263581570472,0.2762680119746,0.0432088785876,-0.0530242844098,-0.1961836669024,-0.1165397976199,-0.0628219519472,0.4123877450142,0.0946939684718,0.5035181418127,-0.1359116240422,0.3369822247976,0.0244886986301,0.6799601082715,0.1233334071350,0.3864848924802,0.2049144345399,0.0173616539756,0.2237658020700,0.0095780902245,-0.2064838408389,-0.0958145210059,-0.2797786494026,0.2997662084045,-0.0068276275562,-0.0923388463995,-0.0809232982864,0.1221383752587,-0.1879967973619,-0.2460005182266,-0.1460022549550,0.2033732580175,-0.1345855066103,-0.1480746640639,0.0840089324039,-0.1929998102670,0.1330145810450,0.0283170374759
0.0815239126021,0.1372952260965,0.1742384062686,0.2049206014415,0.0017140093707,0.0808413180975,0.2271443904786,0.0381475510186,0.4404553745073,-0.0792680221091,0.2877264884374,1.0000000000000,-0.0603560579056,0.7533443810183,0.2908151471233,0.1589345592340,0.0255599542313,-0.0271561098020,0.6431021924032,0.3159186548039,0.0054656388906,-0.0672719668876,-0.1082137169582,-0.0040361528822,-0.0762790914925,0.4098593402580,0.2159517114727,0.0778639104020,0.0211548547171,0.2854320265332,-0.0496332338737,0.3352910011777,0.2599870945547,0.1199716005642,0.3108600367205,-0.1301086178544,-0.1159105759383,-0.0130086343445,0.0807806463956,-0.1034122756297,0.0823023709474,0.2957498001719,-0.1814192596171,0.3590007641901,-0.0745503302949,0.0799292732639,0.8241428042343,-0.1612901179181,0.7018418965697,0.1674908592645,0.1557048751456,0.0516106289985,-0.0984759399051,0.3795943113419,-0.0740266076723,0.0160878419907,-0.1852375817352,-0.1874045601439,-0.1171152142595,-0.1678067248045,0.2113407347553,-0.0239926737267,0.0482914644920,-0.1903999530267,-0.1467328185984,-0.2700469599037,0.4223742750607,0.0754625042804,-0.0201894203592,0.2391671837499
0.0556758608072,0.3195616070841,0.0966105611316,0.3435462669565,0.7178627325117,-0.2778228942404,0.0952556218685,-0.0479969880105,-0.0676638860637,0.4486968240364,0.4717515189644,-0.0603560579056,1.0000000000000,0.1095719855109,0.1097210591061,-0.0673896277768,0.2841949211973,0.0449646472351,0.1618477539028,0.2015424281799,0.8182318912029,0.3364804523134,0.2876299216407,0.2476379150634,0.5726099357462,0.1467551243060,0.1883076266148,0.1986575501008,0.4078533263447,0.2463862551078,0.1392599729844,-0.0097911937641,-0.1248656149940,0.2183547896252,0.0219741676375,0.1008717519518,0.1006718511292,0.0991884025807,0.2327775268426,0.7488852582348,-0.2348432866959,0.0817379760177,-0.2694572465434,-0.1932276660654,0.4833854917437,0.1891714772936,-0.0926851927855,0.8949661433753,-0.1256021245805,-0.1724281986134,-0.0780055948809,0.2283876551473,0.1195212305994,-0.2088883389453,-0.0762288754940,0.7308912306899,0.2885720859752,0.1681264248515,0.2712381050401,0.5225643497077,-0.0625332874897,-0.0356081968434,0.1536163749034,0.3698657723533,0.1713832755514,0.0684578935095,-0.0757359217014,0.0492539394430,0.0341511143255,0.0514923456072
0.1257882928553,0.1751697824660,0.1643699152078,0.2878290253322,0.1422741027229,0.0058557363470,0.2848444242390,0.0367479765304,0.4301008556161,0.1455308041597,0.3599991653929,0.7533443810183,0.1095719855109,1.0000000000000,0.3546210947776,0.1845393247370,0.1845369684779,-0.0353993338322,0.6507603268643,0.3486204135618,0.1869505612556,0.0775881108973,0.0270597792858,0.0984162003571,0.0439455474801,0.4467616435413,0.1961581530493,0.1423415966015,0.0734718031216,0.3266960081708,-0.0379852151827,0.2146896024659,0.2166893161381,0.1832318321140,0.2091970950459,-0.0254357312296,-0.1154230530760,0.0956247492606,0.1089995361440,0.0388870764471,0.0348297680966,0.1804794644916,-0.2138470559631,0.2263717905960,0.1245972569295,0.0599425425255,0.6875027648560,-0.0191795151782,0.8052886976468,0.0765990048124,0.1407176843676,0.1878724728459,-0.1003377953037,0.2200972454944,-0.1458244082623,0.2007498354598,-0.0660206511495,-0.0990829569275,0.0230822332933,0.0135629879718,0.1753621962710,-0.0973573547968,0.1207694417859,-0.1752359562024,-0.1263566889052,-0.2882765268385,0.2851954460304,0.0814538409169,-0.0718740235260,0.2324712027847
0.5309656819891,0.1402031352855,0.3289516374257,0.4315614717105,0.0662731314615,0.0666118931840,0.3628712558687,0.4159539070090,0.5411806260614,0.3671180972849,0.2590680937648,0.2908151471233,0.1097210591061,0.3546210947776,1.0000000000000,0.2457864606500,0.1438817290265,0.3857197038115,0.5864439421128,0.5993314769517,0.1651637292457,0.1093515031101,0.2698470468026,0.1861288865279,0.2200576002019,0.5502997996459,0.2896203033546,0.1837255191095,0.0558520768437,0.7086619776904,0.3105668905346,-0.2313937490668,0.3425853878391,0.3277311121095,0.4246718284526,0.0604564807673,-0.1230203265362,0.1571050264987,0.2817394343803,-0.0018151663288,0.0264661116357,0.1227458958432,-0.1145275220430,-0.0336609218345,0.3651108347539,-0.2108427426013,0.0898730910151,0.0214219437453,0.1994438689873,0.0480536253092,0.0441711594144,0.1053653044422,-0.0067396363620,-0.1239571049663,-0.1737948748841,0.0999849363738,-0.1718980833732,0.1703877332689,-0.0409141871680,0.1265772854374,0.3299307961718,-0.1084309073747,0.1550258061821,-0.2175202798897,0.0534044134089,-0.3817809897347,0.1367954682327,0.1426698997828,-0.0449848822452,0.2907703884892
-0.1494662619857,-0.3827503399364,-0.2305733215174,-0.1529328915604,-0.1222630296916,0.8244428277245,0.8017111207891,0.3266769155900,0.6666071219843,-0.0286415010945,0.2513987642627,0.1589345592340,-0.0673896277768,0.1845393247370,0.2457864606500,1.0000000000000,-0.2037117516222,-0.2191864569110,-0.0314397192635,-0.1466757500789,-0.3054866055782,-0.3321443859281,-0.1453456445370,-0.2343851900467,-0.0197378427702,-0.2166297503910,-0.4261113055792,-0.4712669948991,-0.1522917718117,0.1765794005403,-0.0382746402011,-0.0432172041958,0.5565134383743,0.1902738128631,0.0905296528982,-0.1842617753322,-0.4806634309348,-0.4120748838751,-0.3045992675685,-0.0087724093222,0.7685622842920,0.6138054425762,0.2621260607804,0.6297866591288,-0.0807047214939,0.3418253896950,0.0543681970053,-0.0517428231453,0.3360303181427,0.2905270799122,0.8672964221620,-0.2332670200988,-0.5570032985358,-0.0576142603559,-0.4299938580804,-0.4019665823175,-0.4087628020831,-0.0662376223622,-0.4371731142407,0.0660067394860,-0.2315942984574,-0.6199924052946,-0.5184316047843,0.0040944931741,-0.1116009533977,-0.1998344649143,0.0607473458465,0.0903523485399,0.2699335903808,0.0359642655896
0.3430363412173,0.4951468571976,0.3629734695613,0.4915837525855,0.2818498321767,-0.3103155303628,-0.0235458816292,-0.1820086218748,-0.0425395668207,0.2373520233414,0.0268820558550,0.0255599542313,0.2841949211973,0.1845369684779,0.1438817290265,-0.2037117516222,1.0000000000000,0.2000466242735,0.2670739969525,0.3387205684305,0.4966495507643,0.6566849454128,0.4811987877145,0.6927426096317,0.2169390607287,0.3861897540517,0.3568850254120,0.5094492819251,0.4548560405259,0.1597291167659,0.2560085903877,-0.1592762667005,0.0121432687531,0.0664793544232,0.2501950228957,0.2693495483535,0.2683447168899,0.3474914298377,0.3450378174323,0.0887012763322,-0.3369762005507,-0.3005573194557,-0.4134922912925,-0.3171463458181,0.2322583947970,-0.3394589800736,0.0372613294519,0.1935978700634,-0.0318867315101,-0.3289134915823,-0.2354576939488,0.9614913591829,0.3990076473213,-0.2137313623748,0.0331988987954,0.5175991455653,0.5228558625559,0.3781577137319,0.7797778700955,0.1825737156884,0.1670786766599,0.1781975094640,0.5099712700038,0.1428591526438,0.1161706143925,0.2827280701954,-0.1815943352574,0.1383318029959,-0.3011313274194,0.2566746816870
0.5639858940327,0.3343817822989,0.5659544708663,0.5181370146268,0.1569753978120,-0.2298630055530,-0.2192717313520,0.3127461037411,-0.1410208854896,0.3681923250384,-0.1524971953542,-0.0271561098020,0.0449646472351,-0.0353993338322,0.3857197038115,-0.2191864569110,0.2000466242735,1.0000000000000,0.3561523782073,0.7747646524734,0.2765040550320,0.3740721684318,0.4369691598373,0.5741587371835,0.1565557971119,0.5048119091750,0.6179017695700,0.4683615285271,0.1128648144075,0.3542491842552,0.5499183078439,0.0584239036978,-0.1233817341751,0.3316492084037,0.5746703897523,0.2133277669073,0.2847317134287,0.2642834101471,0.4973268636173,0.0154798754304,-0.2236571414320,-0.3577767442844,-0.1535300727646,-0.4614103048551,0.3088844734602,-0.4649552604036,-0.1741100591894,-0.0809103510367,-0.1715341243075,-0.1887733720233,-0.3459418319339,0.1541022185977,0.5152221412750,-0.0879237079288,0.3711155964850,0.2846214964066,0.0036075375143,0.2153352657560,0.2211379409332,0.0709963761877,0.3874642092749,0.2955703942854,0.3952746828034,-0.2615748078139,0.0400987473366,-0.1276975542484,0.0854518628496,-0.1636041132984,0.0129816830264,0.4004034164167
0.3367936869756,0.3261673060216,0.5192282616114,0.5095684688691,0.1041939848218,-0.1580006495197,0.1447942414731,0.0483217187235,0.3184711342404,0.1952982820686,0.2624564742585,0.6431021924032,0.1618477539028,0.6507603268643,0.5864439421128,-0.0314397192635,0.2670739969525,0.3561523782073,1.0000000000000,0.7397161315373,0.2963889148020,0.2413728822944,0.0927741251988,0.3142562394124,0.0291569920119,0.6396285683517,0.5679633049102,0.4778482760705,0.1036200654132,0.4936253494704,0.1542552154603,0.1495529332462,0.1972396743546,0.1704053970175,0.4280505086205,-0.0413720869188,-0.0304754849672,0.3328640291325,0.3238759119278,-0.0792728236991,-0.1670855985715,0.0153551440662,-0.4631706372910,-0.0595390374333,0.2247399427667,-0.2318293709951,0.5513614796620,0.0213795518695,0.3689465764529,-0.0568983870100,-0.1064245212729,0.2659268188237,0.1726459256451,0.2719722946407,0.0423066181465,0.3203791950750,-0.0440971121979,-0.0692329688079,0.1326781657448,-0.1185194269491,0.2905825638970,0.1604202414835,0.4086047957562,-0.3101345533847,-0.0726789156722,-0.3430813925291,0.2192334935802,0.1439813316830,-0.2072368592057,0.3423033122169
0.5328351632258,0.4774530912680,0.6506740681255,0.7242875460245,0.2304773222313,-0.2612372106926,-0.0320215048988,0.2337012976420,0.1461040132817,0.3834952181157,0.0950390947098,0.3159186548039,0.2015424281799,0.3486204135618,0.5993314769517,-0.1466757500789,0.3387205684305,0.7747646524734,0.7397161315373,1.0000000000000,0.4253119158146,0.3984138905631,0.4435324297792,0.5887337068393,0.2312619475974,0.7856009472781,0.7493789570402,0.5457070951496,0.2523623322732,0.5124600503969,0.5260698301775,0.1254267650516,0.0309944395286,0.2777883610431,0.6513304780591,0.0684299937713,0.1868668379162,0.3584619261901,0.5542599950712,0.0141902699689,-0.2699566007338,-0.2610328090144,-0.3769995210246,-0.3767487483286,0.3552293968112,-0.4830312544729,0.1341790095784,0.0283332179417,0.0384958950855,-0.2891048837478,-0.3085851825013,0.3134300174600,0.4518115338328,-0.0989113691852,0.1545664231122,0.4373919859156,-0.0305375197730,0.2145064380093,0.2782646082973,0.0560518928268,0.4165472146732,0.2879344351549,0.5251993947133,-0.2515190659323,-0.0573284316868,-0.1675395129294,0.2228911543220,-0.0069755119141,-0.2053300784397,0.4989552733525
0.3370163306114,0.5347278711149,0.2897643930710,0.5839661609804,0.7930600687088,-0.4980364462150,-0.1036688457952,-0.1033119348169,-0.1495535589978,0.4813261867442,0.3235162925968,0.0054656388906,0.8182318912029,0.1869505612556,0.1651637292457,-0.3054866055782,0.4966495507643,0.2765040550320,0.2963889148020,0.4253119158146,1.0000000000000,0.5147288513848,0.4552985604532,0.4530376476435,0.5229576897344,0.4257868724626,0.4329585162033,0.4308690771810,0.4755785786595,0.2281534219412,0.2601180928295,-0.0084451709669,-0.2597139055247,0.2104697563620,0.1938237824452,0.2978815606116,0.3390660557806,0.3531266252889,0.4942792321621,0.6456200829821,-0.4623741410489,-0.2293951395844,-0.3077525646283,-0.3890542012912,0.5325560540892,-0.0917702588607,0.0202408083017,0.6524049424429,-0.1251222601846,-0.2407396050889,-0.3191402887008,0.4568412347197,0.4378560984159,-0.1666672346778,0.1340483281761,0.9375477624322,0.3912632277196,0.2693001802113,0.5227352492436,0.4771278613969,0.1652771630103,0.2377260595782,0.4533250655702,0.2203871552851,0.1307863694333,0.1306596071967,-0.0903288080389,0.0024466423453,-0.1137074424422,0.2329282446975
0.2783782852724,0.5911062324426,0.5000723695399,0.5216820732782,0.3091348440486,-0.4064887644761,-0.1262322403724,-0.0262007722878,-0.1702652644372,0.3325619574185,0.0485683817843,-0.0672719668876,0.3364804523134,0.0775881108973,0.1093515031101,-0.3321443859281,0.6566849454128,0.3740721684318,0.2413728822944,0.3984138905631,0.5147288513848,1.0000000000000,0.5560667158586,0.8538382612611,0.3201219236217,0.3028431160892,0.4395808458951,0.5139098686916,0.5940335035722,0.2834937794772,0.5594815380828,-0.0575226058470,-0.1057677181544,0.2475920669563,0.2974209687956,0.2323341062772,0.3326587797920,0.2629983513960,0.4085836487891,0.2032071977016,-0.3929060139003,-0.3432655148265,-0.3972629870876,-0.4301494037138,0.2837048444231,-0.2645093412662,-0.1337894634470,0.2691131969376,-0.1796620193713,-0.4185828818313,-0.4241569401964,0.6135690984552,0.4098054524703,-0.2422028989355,0.0840758151739,0.5784976319750,0.7278363471845,0.4347791656126,0.6948566632472,0.2412605681220,0.0463262375991,0.1669300345020,0.4734307299426,0.2433653940194,0.1470839138429,0.2076596175527,-0.1378284747457,0.0258639433881,-0.1353367845492,0.2523982531189
0.4570613408959,0.6441056484626,0.3275687085955,0.6963888936063,0.4215637006851,-0.2834500791095,-0.0704381314498,0.1591452557092,-0.0728848292022,0.5850407204410,-0.0480926074467,-0.1082137169582,0.2876299216407,0.0270597792858,0.2698470468026,-0.1453456445370,0.4811987877145,0.4369691598373,0.0927741251988,0.4435324297792,0.4552985604532,0.5560667158586,1.0000000000000,0.5585446479178,0.5312025387571,0.4389122014745,0.3405931238114,0.3626429142423,0.3255052644635,0.3445339687326,0.6276069589597,-0.1497130944891,-0.0897185370826,0.4169576245675,0.4311321848976,0.3193217631397,0.5449216528126,0.2330999066905,0.6283246476037,0.3098277247087,-0.2699270161253,-0.2442502420494,-0.0574288160100,-0.3582490210292,0.5480119573912,-0.3649783859726,-0.1887992279023,0.1904612100215,-0.2109714753673,-0.2326796716979,-0.2377358491113,0.4244970969949,0.4509501421296,-0.4087787539013,0.0538663399169,0.4179388504809,0.4019681096207,0.7799864784846,0.5109514123813,0.5480302914319,0.2799174788906,0.1037944325659,0.3736053541092,0.1193263543814,0.2201705368949,0.2263338412370,-0.0071041515295,0.0420214251515,0.0566895757915,0.4381275699140
0.3215027688542,0.5908972408810,0.6599622079758,0.6215997153225,0.2659446923601,-0.2984650090929,-0.0946659342101,0.0854940766537,-0.0853051567339,0.2899802293369,-0.0131137821802,-0.0040361528822,0.2476379150634,0.0984162003571,0.1861288865279,-0.2343851900467,0.6927426096317,0.5741587371835,0.3142562394124,0.5887337068393,0.4530376476435,0.8538382612611,0.5585446479178,1.0000000000000,0.2479080384036,0.4460201894207,0.5794860149643,0.5700493202573,0.5490089257836,0.2584249040685,0.6480865241682,-0.0007272226528,-0.0245679465476,0.2352448095945,0.4516176507746,0.1334424532478,0.2827029153688,0.2646801060502,0.4400398698642,0.0996810235851,-0.2972548579631,-0.3943159549760,-0.4301720428229,-0.4540447610629,0.2058529029774,-0.4034538829588,-0.1555765698119,0.1299698080646,-0.1451261305057,-0.5109738961655,-0.3596863281254,0.6468690028379,0.4249355484254,-0.3327599369559,0.0400732570915,0.5002697336868,0.4325739178427,0.4503866271857,0.6638532739462,0.1348675747858,0.1438968694126,0.1686100414147,0.5135063863703,0.1128906021012,0.0011448165659,0.1581481535670,-0.0411404789114,-0.0504053969940,-0.2286006927199,0.3160254245378
0.1895012500163,0.2567625821450,0.2296538915684,0.3937776596876,0.5901980902574,-0.1884668534888,-0.0020592350063,0.4879174665993,0.0089340530420,0.6153647755857,0.2240227502363,-0.0762790914925,0.5726099357462,0.0439455474801,0.2200576002019,-0.0197378427702,0.2169390607287,0.1565557971119,0.0291569920119,0.2312619475974,0.5229576897344,0.3201219236217,0.5312025387571,0.2479080384036,1.0000000000000,0.1934589311967,0.1742777343987,0.1193589939058,0.5950391798851,0.2293756467152,0.5165675276866,-0.0364354585176,-0.1201849768395,0.2277151152775,0.0777454423193,-0.0055103515943,0.0272273895995,0.0366470330769,0.2046605785577,0.6088167450121,-0.1445301477812,-0.0238653116976,0.1739430762335,-0.1943418224689,0.5767866262273,-0.0404046249509,-0.2386493443805,0.5064291314679,-0.1101002511302,-0.1554212673902,-0.1231311593644,0.1551960077569,0.0350702286119,-0.4019265417289,-0.2530305705154,0.4222836973823,0.1293150210925,0.3854851812469,0.1093596774079,0.8660097142308,-0.0243004531495,-0.1439345629966,0.0866239093409,0.4648916324377,0.0609930185785,0.0170992691664,0.0650780057734,-0.0910655399294,-0.0010298385309,-0.0337563988837
0.4949051217294,0.5654364491883,0.5153807000535,0.7504662387026,0.2627320008905,-0.3773241740960,-0.0755043965267,0.0297275754195,0.2099581597441,0.3766622378270,0.0777205165147,0.4098593402580,0.1467551243060,0.4467616435413,0.5502997996459,-0.2166297503910,0.3861897540517,0.5048119091750,0.6396285683517,0.7856009472781,0.4257868724626,0.3028431160892,0.4389122014745,0.4460201894207,0.1934589311967,1.0000000000000,0.7448163141850,0.5625951585792,0.1990380271178,0.4008400844730,0.3173772098290,-0.0702734461077,-0.0147877315717,0.1349075472246,0.6233595246755,0.1095639584706,0.3421234359974,0.3912962016236,0.6455177930330,-0.0074699085644,-0.3794659504031,-0.1936813157176,-0.4224478996815,-0.2760695458633,0.4204707569506,-0.5113642318069,0.2909231702434,-0.0304182669931,0.1843383220408,-0.2270586385804,-0.3402872400239,0.3878028435731,0.4702839083837,-0.0945130253221,0.1136902373381,0.4268164425546,0.0166127346426,0.2312127620693,0.3528406604881,0.0527528709278,0.7349033397634,0.3990946749783,0.6066623615362,-0.2868133776875,-0.0374705951991,-0.1045710318780,0.1245336928644,0.0223070883994,-0.3443271385915,0.5195283774870
0.3521430313329,0.5285273074856,0.7144853518280,0.6775224151149,0.2600049458821,-0.4844286185680,-0.2829721543898,-0.0179944164085,-0.0545101565470,0.2716616968951,-0.0146912225556,0.2159517114727,0.1883076266148,0.1961581530493,0.2896203033546,-0.4261113055792,0.3568850254120,0.6179017695700,0.5679633049102,0.7493789570402,0.4329585162033,0.4395808458951,0.3405931238114,0.5794860149643,0.1742777343987,0.7448163141850,1.0000000000000,0.7442903121029,0.2535963030746,0.2127396492965,0.3787810312636,0.0526925543109,-0.1550812384481,0.0733876938428,0.4627165082803,0.0407305975899,0.3605872333816,0.4731117475931,0.6071539960182,-0.0059292912876,-0.5071185435323,-0.3614780880598,-0.5578202615593,-0.4089664711876,0.3108260668855,-0.5294410375406,0.1334457141599,0.0686337101473,-0.0541548943305,-0.3515316615380,-0.5232679858094,0.3494007623687,0.5764011423489,-0.0040032287346,0.2820457754073,0.4964041222621,0.0891361272301,0.1285794302632,0.3821757780793,-0.0111413589384,0.5130136472124,0.6395207368951,0.7510193671781,-0.2795342284858,-0.0937251136404,-0.1062525418319,0.0315932747421,-0.0856379012069,-0.3711337577653,0.2966845384559
0.4120266860608,0.5965976395882,0.7111507830759,0.6362167539242,0.1650653173272,-0.5043285620072,-0.3115441014296,-0.1465259192597,-0.1818120019657,0.3506083237593,-0.1124114860649,0.0778639104020,0.1986575501008,0.1423415966015,0.1837255191095,-0.4712669948991,0.5094492819251,0.4683615285271,0.4778482760705,0.5457070951496,0.4308690771810,0.5139098686916,0.3626429142423,0.5700493202573,0.1193589939058,0.5625951585792,0.7442903121029,1.0000000000000,0.2021315019792,0.1202111747705,0.2201576887924,0.0919681561432,-0.1515955544557,-0.0070669139234,0.2042381599953,0.1447595584323,0.4661905328873,0.7152481045369,0.5752430863843,-0.0556825901290,-0.5324800869262,-0.4469923520341,-0.5141586074952,-0.4879615083740,0.3747908652393,-0.5231898034752,0.1030489902318,0.1305921936297,-0.1388605495080,-0.3405829340611,-0.5309298707464,0.5380166999451,0.5765291672306,-0.0396148310717,0.2242606633775,0.5065255320074,0.3190937899678,0.2111639334694,0.5769847074434,0.0168748862851,0.3807230452294,0.5743813426824,0.9251409837810,-0.2150653466491,0.0456209907951,-0.0158467089191,-0.0474257566713,0.0899748405071,-0.3868922967526,0.1927827600674
0.0782531529818,0.3043266028257,0.2570129127821,0.3450943024405,0.4443542742528,-0.2382836922255,0.0068837257597,0.1969635593580,-0.0243912194731,0.1610064898793,0.2834166299900,0.0211548547171,0.4078533263447,0.0734718031216,0.0558520768437,-0.1522917718117,0.4548560405259,0.1128648144075,0.1036200654132,0.2523623322732,0.4755785786595,0.5940335035722,0.3255052644635,0.5490089257836,0.5950391798851,0.1990380271178,0.2535963030746,0.2021315019792,1.0000000000000,0.1300297639640,0.5380397447131,0.0642373960188,-0.1132471378231,0.0372903032511,0.1369673272875,-0.0463345035271,-0.0067547896303,0.0278128145588,0.1742024745480,0.3648702978559,-0.2378438600528,-0.1763359263218,-0.0803023455899,-0.2299344391732,0.1134169816472,-0.0239769141676,-0.1153993428862,0.3507590141477,-0.1173153568321,-0.4292470748063,-0.2545553266157,0.4216735999087,0.1573980166653,-0.3641771441269,-0.1765836203316,0.4980975547518,0.3124007333299,0.2491629087623,0.3856518058903,0.4207376170382,-0.1014664725417,0.0036317998081,0.2144709012308,0.6862650160264,-0.0767890433908,0.2530039766071,0.0268737042209,-0.0813331648362,-0.2381425143850,0.0307498868851
0.4574351607810,0.3126429507730,0.1429290469883,0.4232130404428,0.1893585080921,0.0222442034328,0.3134580506845,0.3242273729710,0.2983988036834,0.3350057069133,0.3162437950754,0.2854320265332,0.2463862551078,0.3266960081708,0.7086619776904,0.1765794005403,0.1597291167659,0.3542491842552,0.4936253494704,0.5124600503969,0.2281534219412,0.2834937794772,0.3445339687326,0.2584249040685,0.2293756467152,0.4008400844730,0.2127396492965,0.1202111747705,0.1300297639640,1.0000000000000,0.3604993310980,-0.1247224972379,0.2228682085067,0.7212331423138,0.5334473983687,0.2618017048248,0.0354849164379,-0.0209444300774,0.2295805317631,0.2461677584038,0.0127056208998,0.2151218638266,-0.1529213033729,-0.0760553861564,0.3626990045219,0.0092720808063,0.0687639763449,0.1388052784651,0.1798420958382,0.1018552765743,0.0450673099281,0.0972918888777,0.0252403128356,-0.0240099602075,-0.0529249289276,0.1623856108849,0.1163654670667,0.2822769992447,0.0538794720328,0.2101693977463,0.2163073325974,-0.1429400119714,0.0210533236249,-0.0120839133008,0.4855365331988,-0.2527858417370,0.1376287991342,0.0985018973553,0.3639801874123,0.4429296822934
0.3566826107197,0.3549186324729,0.4524204113441,0.4872863012026,0.2408193401349,-0.0585039074177,-0.0015243145780,0.5088700428179,0.0512956220823,0.2966351031841,0.0562453651322,-0.0496332338737,0.1392599729844,-0.0379852151827,0.3105668905346,-0.0382746402011,0.2560085903877,0.5499183078439,0.1542552154603,0.5260698301775,0.2601180928295,0.5594815380828,0.6276069589597,0.6480865241682,0.5165675276866,0.3173772098290,0.3787810312636,0.2201576887924,0.5380397447131,0.3604993310980,1.0000000000000,-0.0300897639556,0.0158716811194,0.3766912972397,0.5200032929587,0.0574645337114,0.1675184600190,0.1083885553849,0.3386655824788,0.2006616583322,-0.0640483921836,-0.2252980944256,0.0262005732519,-0.2856008931833,0.2172944475802,-0.2793672212596,-0.2664488501978,0.0347384456767,-0.2642833853341,-0.3519004029819,-0.2338708989648,0.2108117965096,0.2554514187088,-0.4226723194362,-0.1323915962560,0.2844406708977,0.1299469742335,0.4831615568900,0.2711139107748,0.4204463253101,0.0050048650835,-0.0209155668301,0.1957516562643,0.2186229642684,-0.0551322148430,0.1770899626642,0.0419597943213,-0.1740917181114,-0.0206097473331,0.3255119336506
-0.1442113850664,0.0483044844438,0.0793170800967,0.0080860278961,-0.0558048937397,-0.0118105419022,-0.1438537641351,0.0397715103831,-0.1292204809600,-0.1040486155008,0.0629524772488,0.3352910011777,-0.0097911937641,0.2146896024659,-0.2313937490668,-0.0432172041958,-0.1592762667005,0.0584239036978,0.1495529332462,0.1254267650516,-0.0084451709669,-0.0575226058470,-0.1497130944891,-0.0007272226528,-0.0364354585176,-0.0702734461077,0.0526925543109,0.0919681561432,0.0642373960188,-0.1247224972379,-0.0300897639556,1.0000000000000,-0.1502280379633,-0.0005172688222,0.0317967471902,-0.1440470837460,0.0030738202334,-0.0295214832108,-0.0118874425034,-0.0465203901089,0.0085395901242,-0.1139952136631,0.0680820010320,-0.0108492724162,-0.2110490235569,0.1202333173413,0.2482192128858,-0.0102488039261,0.1549295861957,-0.0661160855904,-0.0152596745951,-0.1295415462792,0.0556752228646,0.1261865578600,0.1456854055774,0.0494480131991,-0.1049862453401,-0.2295193902273,-0.0962737476273,-0.1330283668272,-0.1749197384828,0.0772271632590,0.0429525923608,-0.0301990514291,-0.1814989489656,-0.0329010006141,0.6555442723788,-0.1223769143530,0.0967266740373,0.0451633732511
-0.0136275597907,-0.2094765021213,0.0094570494682,-0.0482175170049,-0.2617946531934,0.5935292021179,0.5253875503503,0.1137336436116,0.4806729728513,-0.0718182327240,0.0263581570472,0.2599870945547,-0.1248656149940,0.2166893161381,0.3425853878391,0.5565134383743,0.0121432687531,-0.1233817341751,0.1972396743546,0.0309944395286,-0.2597139055247,-0.1057677181544,-0.0897185370826,-0.0245679465476,-0.1201849768395,-0.0147877315717,-0.1550812384481,-0.1515955544557,-0.1132471378231,0.2228682085067,0.0158716811194,-0.1502280379633,1.0000000000000,0.0640299313630,0.2254328704954,-0.1249481075886,-0.3320869305751,-0.1420885418967,-0.1663731341980,-0.2146826032837,0.4932928308726,0.2944241838152,-0.0240592625009,0.3296949268464,-0.0798221190489,-0.0090790311892,0.2000344625410,-0.0507277959086,0.2477823646711,0.1065832027875,0.4320573456018,0.0096167364158,-0.3039670909809,0.0657515424276,-0.3121192321563,-0.2695682922580,-0.2417792293280,-0.0443695471386,-0.1794057491282,-0.1082632886725,-0.0730932697713,-0.3081091618467,-0.1814824776705,-0.0651542629533,-0.0491482377263,-0.1242209809039,-0.0769633067314,0.5489908936894,-0.0302474828707,0.1693985492368
0.2786277635545,0.2900086860416,0.0604745165064,0.3093535556469,0.3054267523391,0.1149703708698,0.2067836071223,0.3559859425230,0.1462386663802,0.2831243784195,0.2762680119746,0.1199716005642,0.2183547896252,0.1832318321140,0.3277311121095,0.1902738128631,0.0664793544232,0.3316492084037,0.1704053970175,0.2777883610431,0.2104697563620,0.2475920669563,0.4169576245675,0.2352448095945,0.2277151152775,0.1349075472246,0.0733876938428,-0.0070669139234,0.0372903032511,0.7212331423138,0.3766912972397,-0.0005172688222,0.0640299313630,1.0000000000000,0.4526473875821,0.2979948509982,0.1264819151384,-0.1304193005381,0.1491088942267,0.3912010163395,0.1285304667949,0.1827305128767,0.0481099585994,0.0184541178210,0.2770416374504,0.1650593148746,-0.0603721810149,0.1079900043459,0.1059247151307,0.1315340162858,0.1373024689413,-0.0051471799323,-0.0046994970191,-0.0777048172081,-0.0205956848784,0.1294784386616,0.1345364130322,0.3813201104458,-0.0082670604383,0.2955282902068,0.0448906422055,-0.2230619254208,-0.1245135853282,0.0054428325923,0.4055306205603,-0.1681764026560,0.1166113096553,-0.1340784065118,0.6927473862264,0.3911937610491
0.4010486541727,0.4007480923994,0.2890917334563,0.5515837454022,0.1243488529782,0.0464724446436,0.1065349532312,0.1205677990839,0.2085407165917,0.1628629549820,0.0432088785876,0.3108600367205,0.0219741676375,0.2091970950459,0.4246718284526,0.0905296528982,0.2501950228957,0.5746703897523,0.4280505086205,0.6513304780591,0.1938237824452,0.2974209687956,0.4311321848976,0.4516176507746,0.0777454423193,0.6233595246755,0.4627165082803,0.2042381599953,0.1369673272875,0.5334473983687,0.5200032929587,0.0317967471902,0.2254328704954,0.4526473875821,1.0000000000000,0.1879804732657,0.2645749367876,-0.0018377050596,0.4792935892650,0.0043987854283,0.0292974626688,-0.0366123269771,-0.2448577282247,-0.1164594785703,0.1489874309604,-0.2866406693987,0.1543315622117,-0.1221511034069,0.0581512181537,-0.1065216602457,-0.0360234329290,0.2353290865886,0.3747599099817,-0.0092313491993,0.2030845015795,0.1858490253323,0.0421596331834,0.2415904791391,0.2462987631349,0.0164392379980,0.4939838527516,0.1365393017848,0.1825861332337,-0.1695728423532,0.1302367229891,0.0752527780627,0.0915112439331,0.0384991479113,0.1059239513453,0.8137162625308
