1.0000000000000,0.2786274132456,0.1557562654792,0.4393343072797,0.4816182571883,-0.3090507949337,0.0638624576912,0.2497116988614,0.1023388642478,0.0639907026975,0.2184945356915,0.3035523646326,0.2995432928346,0.2583642697284,0.3129904156706,-0.1155842721592,0.2886014326597,0.3099559604860,0.3393960295593,0.4230067655027,0.3876043771896,0.6559340748054,0.3150284778690,0.4917965354727,0.1576908618682,0.0878531581961,0.2009178961584,-0.0577427479774,0.4511811693507,0.5762712517054,0.5053797367578,-0.0428315201519,-0.1661416840467,0.4859802910358,0.1730657743892,0.5648077651698,0.1754910677304,-0.3718236045136,0.1735989167191,0.4357547111521,-0.2291933003861,0.0404418026645,-0.5003606865120,-0.2360306058681,-0.0805732181657,0.3275506694914,0.2001893852678,0.2314262501654,-0.0219971025437,-0.1216456157917,-0.3276307495089,0.3155453368899,0.0078038655840,0.0274958242496,-0.0925187318132,0.2717152259369,0.3022013416144,0.0993693407842,0.3751613364627,-0.0752311232826,-0.1780209056730,-0.2485367636095,-0.0558253098048,0.1103810710594,0.2697346916807,0.1263635266393,-0.1227934621618,-0.0579906084639,0.0326116717725,0.0655461183102
0.2786274132456,1.0000000000000,0.3102816947917,0.5620471184263,0.1315665081874,-0.3238396721912,-0.1998720725613,0.2728766033675,-0.1186324655907,0.0461619243685,-0.2944291716443,0.0389237581949,0.0732227104086,-0.0868807435097,-0.1099401070737,-0.1212062008625,0.2353595755263,0.6095934205986,0.1334219861512,0.4413386049219,0.1585701950114,0.5024610271126,0.5818409176915,0.6459360820652,0.3107534450199,0.3544673148851,0.4882242581393,0.2930354927418,0.4045988611143,0.2284336644757,0.6169383528490,-0.0087830975852,-0.0487343996380,0.3711579647903,0.3891091860533,0.0793339032355,0.7373393799988,-0.0813566523653,0.3216786507575,0.0426803173656,-0.2880925331212,-0.2330944813957,-0.2053267009005,-0.4512026183048,-0.0594902946182,-0.2088120875309,-0.0829326681122,-0.0198883740393,-0.3636851144918,-0.2647515797737,-0.2880887458123,0.2301255661217,0.2880761013646,-0.3100631851604,0.0095624400487,0.0322716657422,0.1020259925403,0.3908218622637,0.3282984764796,0.1177712029016,0.0059689350747,0.1554891134039,0.3942896103014,0.0048899326413,-0.1483700782050,0.1072527823847,-0.2791129547957,0.0499351413928,-0.0754682289262,0.1119779520472
0.1557562654792,0.3102816947917,1.0000000000000,0.2874082584181,-0.0667061995490,-0.1824173243863,-0.0984420051557,0.5918226184899,0.2071949416649,0.2029915766027,-0.0064472255110,0.4554577453312,-0.1046249195391,0.3890034606701,0.3733260366369,0.0164163316005,0.2962606308510,0.3005935570148,0.5797329468252,0.2410822329331,-0.0064734375610,0.2289699415706,0.3424381093212,0.4538514872748,0.3509947060720,0.4892509279307,0.7537920009396,0.7448918309073,0.3605145475475,0.0592000329760,0.1696229532907,-0.0332050547315,-0.2013513468315,0.1133787714793,-0.2200052106846,-0.2395025042003,0.1476761995378,0.2876767406984,0.0032863280455,-0.1249882353306,-0.1558856839158,-0.2696663537063,-0.2528812798004,-0.1366435724068,-0.0579679946198,-0.0330967215952,0.3101672685784,-0.2518092103612,0.1221720208227,-0.1343585743658,-0.2454444717783,0.2621588699103,-0.3524838678454,-0.0061665464642,-0.4008611411846,-0.1483290074302,-0.1737025527722,0.0713174581092,-0.0500783613701,0.0063502067108,0.2034592642324,0.1177643207559,0.5045036548433,-0.1753431674546,-0.4112627223498,-0.3978978221649,-0.0877049165662,-0.0842269752171,-0.3268694770976,-0.4994376859241
0.4393343072797,0.5620471184263,0.2874082584181,1.0000000000000,0.5152436970389,-0.3472834718048,0.0408935527243,0.5498755350217,0.2311666895515,0.3583497691155,0.0175108127395,0.2196614522294,0.4780008059573,0.2902451162626,0.1752408346336,0.0560171886239,0.2936872578960,0.4065777294832,0.3167425664494,0.5501007574318,0.5950669855207,0.4066696150614,0.6199876126627,0.4582825854934,0.5458952099172,0.4607892875479,0.4663209558229,-0.0353790471305,0.5468179500943,0.3505783959700,0.6155734612322,0.0977657766803,-0.1200843747171,0.5144858507276,0.2300789612941,0.1883947328307,0.5036186255371,-0.2629678720163,0.7298341794110,0.3857590265134,-0.2295386715174,0.0125807591111,-0.2314375204777,-0.3731475289900,0.1642734610482,0.1030810552392,0.2333519034086,0.3648556230668,0.1570258865185,-0.1470684019335,-0.2424441260758,0.2516282289878,0.1655137076659,-0.1660375121292,-0.0960195268046,0.4346400495842,-0.1796172534388,0.3281520712714,0.1033368181567,0.3380665919146,0.1083422090746,-0.0998303087695,0.1259587894531,-0.0464782821242,-0.1791433302415,-0.0634383105609,-0.0048564695690,0.1163476538430,-0.0487379258947,0.0342566941893
0.4816182571883,0.1315665081874,-0.0667061995490,0.5152436970389,1.0000000000000,-0.2655496550357,0.0856075207178,0.2282045825045,0.0276075025402,0.2029431283146,0.2077207960199,0.0419330110629,0.5974205606976,0.1114428038953,0.1730438733729,0.0522652812426,0.1257092392824,0.0850698590189,0.1480276325955,0.3667046996611,0.6698016221374,0.3305499553001,0.2674912706098,0.1135138735116,0.3608603373193,0.0901160268426,0.1064610162470,-0.2395714770098,0.3704151835604,0.3440055206574,0.3612400512069,-0.0044296591007,-0.2468822271110,0.4824666189880,0.0789207711130,0.4191304276282,0.2367989511434,-0.2650130286120,0.4749903345780,0.8203904518524,-0.1590355903611,0.0872830506089,-0.0523551132085,-0.2274468171939,0.0727533780970,0.2968173010657,0.0339083255702,0.5932727184161,0.0404809552058,0.0584205676151,-0.1166802624393,0.1140043552901,0.0564269396250,-0.0329480556659,0.0192108458225,0.5465391717884,0.1256487873943,0.1617080609422,0.1569590308277,0.2892365328107,-0.1048016864400,-0.0770896163464,-0.0967046867273,0.1343532473215,0.2022421357173,0.1110535691978,-0.1213892876075,-0.1324713901612,0.1937148891631,0.0788629708494
-0.3090507949337,-0.3238396721912,-0.1824173243863,-0.3472834718048,-0.2655496550357,1.0000000000000,0.5864295974846,-0.2698627890744,0.4293103557225,-0.0571798884240,0.2485730582317,-0.0641777026694,-0.0437961395955,-0.1325024594598,0.1299979698045,0.4160486853747,-0.1242083630021,-0.2089900880330,-0.1834611314624,-0.3115525492166,-0.1698391653091,-0.2714538390057,-0.3541766808125,-0.2794413254304,-0.2998541938525,-0.2654149246262,-0.2120945546853,-0.0646450650323,-0.3450066687281,-0.1078769375003,-0.2916986745319,0.0854019493136,0.5553884779882,-0.1786811810517,0.1684546376347,-0.1234678455837,-0.3544268043043,-0.0033571833202,-0.1614417937788,-0.1647566037719,0.7284325477475,0.5308120249763,0.0407387816084,0.6992554149453,0.1689493654575,0.0446314785411,-0.0663679644643,0.0162236347872,0.1767549666549,0.2500974585004,0.4912715212295,-0.1487690464498,0.0923909187395,0.2597747079679,0.1031625709734,-0.1003507214245,-0.1402229989882,-0.1739482640053,-0.1236294325416,-0.0861891500797,-0.0225891964932,-0.0525325581385,-0.2523794735932,-0.0394588445378,0.0676685200029,-0.0278510569942,0.0354923547551,0.4560173094917,0.0943155892809,0.3211278454503
0.0638624576912,-0.1998720725613,-0.0984420051557,0.0408935527243,0.0856075207178,0.5864295974846,1.0000000000000,-0.0536454513764,0.7848689676356,-0.1272315971130,0.6841378679701,0.2936527843043,0.4727766979446,0.0859326229380,0.4315786427553,0.5551137347744,-0.0965317372713,-0.1239740632258,0.2146789446655,0.0014917063811,0.2590741641408,0.0806950850156,-0.2844144085257,-0.0415446207767,-0.0985716824772,-0.1860045219735,0.0249960790864,-0.2277306536391,0.0700366765999,0.1930171627678,0.0336824531767,0.0723141618262,0.3554919048179,0.1332213884572,0.1212309051878,-0.0905469792798,-0.3293074097767,-0.3729332173153,0.0647482965466,0.0867075668969,0.5840771152814,0.8274308255892,-0.2621215086087,0.6820310315598,0.0034619666239,0.4587031299245,0.2505408824527,0.4627488340097,0.1590257989402,0.2254224349729,0.3943998947233,-0.1257434829480,0.0500634660006,0.2894708976291,-0.0978208095522,0.1283946620066,-0.1987472923995,-0.3495917521754,0.0026351946890,-0.1257847234859,-0.2126165083968,-0.2036290051833,-0.3354029382030,0.0067412236072,0.0556908555523,-0.0259265175491,-0.0991540677949,0.4684206878713,-0.0537158565436,0.1577351339202
0.2497116988614,0.2728766033675,0.5918226184899,0.5498755350217,0.2282045825045,-0.2698627890744,-0.0536454513764,1.0000000000000,0.1558940835207,0.4329276576068,0.0604969468525,0.3968727553824,0.1475834787471,0.5046480989392,0.3981725408563,0.0779604364351,0.2097415886978,0.1898978046818,0.4045746972586,0.3000284559062,0.2149051673023,0.2354472946038,0.4099971556090,0.2121568700727,0.6146286448504,0.5693941265995,0.4780944394091,0.2553798817307,0.4854605864831,0.0929929097316,0.3094059629223,0.2774192443378,-0.1478265441859,0.3508111845327,-0.1756231747327,0.0027094403535,0.1327157391777,-0.1394729169507,0.2336813569434,0.2178663211965,-0.2593770779273,-0.1638856538847,-0.0258441462534,-0.2503037050492,0.1975086911383,0.0986250769702,0.2610862053714,0.0837428891701,0.3073854679491,0.0390291767233,-0.1748321279573,0.1832025015698,-0.2448648894418,-0.1590907898523,-0.2957810920419,0.0928704628211,-0.2806956858677,0.0752425382488,-0.1765225245998,0.3195660521663,0.1946984203627,-0.1829490931625,0.1609786535938,0.0132891701263,-0.3991761145873,-0.4116768364924,0.0106294878132,-0.0781769002160,-0.1426543340290,-0.2992779603446
0.1023388642478,-0.1186324655907,0.2071949416649,0.2311666895515,0.0276075025402,0.4293103557225,0.7848689676356,0.1558940835207,1.0000000000000,-0.0510772866700,0.5743866308815,0.4222335998809,0.2928872643614,0.2495609051839,0.5476938888416,0.4279564645380,0.0899826445996,-0.1166731952925,0.3891778518747,-0.0175999970714,0.2574329440754,0.1025814039727,-0.1404161037333,0.0838047393090,0.0386452992596,0.0654578369983,0.2595994651916,-0.0297426266477,0.2127240522831,0.1960455705973,0.0498114972542,-0.0099893436285,0.2578649877942,0.0746668207698,-0.0004258504106,-0.2262762013996,-0.3206027350156,-0.2701713370797,0.1011871278408,-0.0064393008931,0.5013729994851,0.6336311447205,-0.3557126765383,0.6689939576010,-0.0577869498091,0.3901679772268,0.4253359621837,0.2250704488065,0.2763410859865,0.1143291528796,0.1661063795500,0.0414103093487,-0.1691197201015,0.1690694142248,-0.3727160059051,0.0990475479684,-0.3049906145731,-0.3252197319807,-0.0968466439603,-0.1104676711915,-0.0009287158224,-0.2219153674412,-0.1481495857461,-0.1099903899735,-0.1567177752823,-0.2005270696550,-0.0306894864854,0.4793983779843,-0.3207571646052,-0.0707275347450
0.0639907026975,0.0461619243685,0.2029915766027,0.3583497691155,0.2029431283146,-0.0571798884240,-0.1272315971130,0.4329276576068,-0.0510772866700,1.0000000000000,-0.0712450241500,0.0110005766225,0.2862315448750,0.3298897245383,0.1739398193090,0.0235308203204,0.0522505491759,0.1266715648475,0.0395644387325,0.0960762951520,0.3540364510120,-0.0896713756138,0.3575020514442,-0.0798118173857,0.6069464495590,0.3584487682107,0.0840218045812,0.0280837562994,0.0816238082122,0.1264569461952,0.0933510888483,0.0197742245489,0.1422830789077,0.0707276477468,-0.0878719028474,0.0604950595975,0.0880765594615,-0.0515729665971,0.4314808377440,0.2595568653226,-0.1259820386745,-0.0418847699450,0.1344549055035,-0.2645248834171,0.8105487317290,0.0419815713364,0.1178774079788,0.2292132536987,0.3944233860602,0.1043184792138,0.0042683634089,0.0235276160264,-0.0461172284219,-0.0837969892804,0.0137670124816,0.3843611033007,-0.2305582068473,0.2338935812924,-0.2170580820712,0.5420214015196,0.4225583300624,-0.1223247283645,0.0213620888768,-0.1200648066444,-0.0312251077023,-0.1984839129028,0.1464993037268,0.1959894929357,-0.0770210052646,-0.1674945487703
0.2184945356915,-0.2944291716443,-0.0064472255110,0.0175108127395,0.2077207960199,0.2485730582317,0.6841378679701,0.0604969468525,0.5743866308815,-0.0712450241500,1.0000000000000,0.2943641608115,0.3774413963863,0.1524730229691,0.3813646933303,0.2664225325539,0.1071815584879,-0.2037813870351,0.1967567614035,-0.0773106413789,0.2596763164807,0.1698883346138,-0.1299549221653,-0.0244393375067,0.0130470358526,-0.2481421210554,0.0073579029500,-0.1704493006971,0.2811858379698,0.2394681398783,0.0947326134449,-0.1018175066601,0.0726635551694,0.0746487597270,-0.1557632653807,0.0090321460842,-0.3239959266996,-0.2770020116046,-0.0330779177752,0.3072004224773,0.2436266803902,0.6067719022350,-0.2463915095507,0.4806417960601,-0.0615078098621,0.7585887996257,0.2727651082819,0.3484967040103,0.1363258344898,0.0035505254745,0.1277239655409,0.0917838505595,-0.0962104174022,0.1976104595770,-0.2107389194103,0.2232896804281,-0.0797780669005,-0.2315792914877,0.0345471765703,-0.0671520288731,-0.2772413043130,-0.2822638459298,-0.2991827699508,0.2316820614747,0.0473477574885,0.0349596627950,-0.1904455395660,0.1256717627056,-0.1467555195717,-0.1043320961755
0.3035523646326,0.0389237581949,0.4554577453312,0.2196614522294,0.0419330110629,-0.0641777026694,0.2936527843043,0.3968727553824,0.4222335998809,0.0110005766225,0.2943641608115,1.0000000000000,0.2050203771211,0.6924099543955,0.6038501556659,0.2948994215033,-0.1196328760142,0.0403482920612,0.7899474755569,0.3212373690721,0.2419846199667,0.1679039932750,-0.0797982053366,0.1412248545819,0.0721914411799,0.3430964977665,0.4662161432476,0.1589085100618,0.2116410201117,0.3460357957027,0.0174936058317,0.1444454958578,-0.0419901965594,0.3208088953526,-0.0944182080511,-0.0765877581162,-0.1702485613205,-0.2201275756316,-0.0595294030461,-0.0988414521595,0.0631516732388,0.0911965294030,-0.3769508707010,0.1127158077260,-0.1199573288746,0.2323544315213,0.8368817219026,0.0854487250991,0.3406113779380,0.1590703146167,0.0658945939000,-0.1321558190714,-0.3117023090072,0.3390841959836,-0.3268374850706,0.0084156599272,-0.2214094948722,-0.2455597477935,-0.1249819185032,-0.2524608358719,0.0482988568036,-0.1261212745816,0.0138176547424,-0.2253004705635,-0.0363584489022,-0.3742570792508,-0.0130459585046,0.1612454686307,-0.0629542907514,-0.1962929169112
0.2995432928346,0.0732227104086,-0.1046249195391,0.4780008059573,0.5974205606976,-0.0437961395955,0.4727766979446,0.1475834787471,0.2928872643614,0.2862315448750,0.3774413963863,0.2050203771211,1.0000000000000,0.1505723584858,0.2189973123248,0.3738767400825,-0.0152780750210,0.1764131043115,0.2403860211982,0.4177823032300,0.7866299795306,0.1990259556644,0.0602976531295,0.0996299605346,0.2464398563331,-0.0086680453271,0.1184725397245,-0.3708803162321,0.2261381207770,0.2874007478491,0.3467923525830,-0.0128340122457,0.1020437304583,0.3718016280882,0.2140898499717,0.1922185877144,0.0742396231017,-0.3957638237446,0.4568470949071,0.5538874337022,0.0188861126961,0.4788078136638,-0.1770788804179,-0.0641080979982,0.3163200816714,0.3901497309831,0.2102211813253,0.8972453011039,0.1234369762173,0.0733251064823,0.2290758920882,-0.0346951297924,0.2746556504515,0.0913497914419,0.0960701201735,0.6564267411598,-0.1555943803286,-0.0945437744827,0.1219861971950,0.1799640808335,-0.1602789926746,-0.1249286519666,-0.2919817909351,-0.0105295813531,0.0694347070443,0.0589021620388,-0.0659727299862,0.2516594489053,0.0961658210539,0.1900222707830
0.2583642697284,-0.0868807435097,0.3890034606701,0.2902451162626,0.1114428038953,-0.1325024594598,0.0859326229380,0.5046480989392,0.2495609051839,0.3298897245383,0.1524730229691,0.6924099543955,0.1505723584858,1.0000000000000,0.5781968410575,0.2072803884851,-0.0697730613628,-0.0524158306738,0.6617088979498,0.3053795982976,0.2123954171391,0.0737981527007,0.0011036586963,0.0051280105381,0.2289599131879,0.5877947500692,0.3914975408490,0.1122231886533,0.1288384389776,0.3218477364302,-0.0745857149367,0.2497641678251,-0.1674933999520,0.3829315587014,-0.1855620930777,0.0091206217038,-0.1730816883046,-0.2203664193921,0.0645954682198,-0.0222576874033,0.0153187891692,-0.0877452427220,-0.2831901972479,-0.0766561092948,0.1705395921281,0.1828875448769,0.6878893764395,0.0357159294322,0.6615451550910,0.2183999216158,-0.0438856017492,-0.0841482245236,-0.4068597230287,0.2657673953018,-0.2862793764258,0.0778469279554,-0.2189652858699,-0.1260914606131,-0.1926789093690,-0.0606217421715,0.2967890419122,-0.1931654825744,0.0303657697200,-0.3009963965186,0.0613444151097,-0.3969331627133,0.2929690977416,0.0785339736794,0.0709171363601,-0.2300087824097
0.3129904156706,-0.1099401070737,0.3733260366369,0.1752408346336,0.1730438733729,0.1299979698045,0.4315786427553,0.3981725408563,0.5476938888416,0.1739398193090,0.3813646933303,0.6038501556659,0.2189973123248,0.5781968410575,1.0000000000000,0.4123812423880,-0.0866013396608,-0.0767168949065,0.6411473218217,0.1096975292400,0.2836965583602,0.1329471566423,-0.0384947197794,0.0136808048037,0.2529995077279,0.4331580666575,0.3401452691300,0.1460235361944,0.1652027796576,0.5138728909289,-0.0449792009689,0.2161185684679,0.1204125244258,0.2597798435398,-0.2102230161310,-0.0351070758328,-0.3625128686640,-0.2528802098561,0.0340706991616,0.0518582222262,0.2161956398102,0.1804162876998,-0.2150319907067,0.2491039575690,0.0588403146115,0.2861632334690,0.5148245541443,0.1057511258436,0.3342077661714,0.4785027018062,0.0974312582871,-0.0954259623680,-0.4639892265358,0.2018278520775,-0.4087990476958,0.0032383363912,-0.1278400747465,-0.1917559738163,-0.1835859010639,-0.0402168286326,0.3189306719316,-0.1667010158643,0.0246177463494,-0.2350519385408,0.1650238140107,-0.2949635418085,0.0505384178138,0.3437378661572,-0.1775322366613,-0.3455302258828
-0.1155842721592,-0.1212062008625,0.0164163316005,0.0560171886239,0.0522652812426,0.4160486853747,0.5551137347744,0.0779604364351,0.4279564645380,0.0235308203204,0.2664225325539,0.2948994215033,0.3738767400825,0.2072803884851,0.4123812423880,1.0000000000000,-0.1939689216112,-0.0105128134261,0.2443797182714,0.1249418113426,0.1981380508026,-0.0744050093408,-0.2569928187784,-0.1120310016243,-0.0101274946761,0.0723331440982,0.1714920444955,-0.1168672058971,-0.0275956855116,0.1059599610602,-0.0428223168603,0.1667098004101,0.3387740699172,0.1757868955417,0.0831960635129,-0.2663217942802,-0.2685600738447,-0.1803927873579,0.0596031571466,-0.0152245827974,0.3706424315071,0.3478912951333,0.0110811296251,0.3670655837042,0.2112061514527,0.1495426366701,0.2733092176826,0.3292232199231,0.2807338663484,0.3457592505891,0.6879013552257,-0.1979709821938,0.0380271941477,0.1517104491399,-0.0267903649983,-0.0009248312594,-0.2106586876871,-0.3377975193791,-0.2089608310321,0.0058738506037,0.0123255087446,-0.0548123474567,-0.2435319589843,-0.0980166015674,-0.0234649364905,-0.1400542340380,-0.0108175630122,0.4165473372647,0.1421681234828,0.0732480081066
0.2886014326597,0.2353595755263,0.2962606308510,0.2936872578960,0.1257092392824,-0.1242083630021,-0.0965317372713,0.2097415886978,0.0899826445996,0.0522505491759,0.1071815584879,-0.1196328760142,-0.0152780750210,-0.0697730613628,-0.0866013396608,-0.1939689216112,1.0000000000000,0.0500436472194,-0.0967462630547,-0.0756739658115,0.0218993852801,0.5481080680884,0.3617389779267,0.5804937777217,0.3032901562127,-0.0356502108030,0.1764761051051,0.3645430892421,0.4763883677025,-0.0283268794558,0.4109723905829,-0.3139479747221,-0.1387325143730,-0.0213599224491,0.0206215045837,0.1110825115750,0.2183135811998,0.1910946884147,0.0731150374610,0.2533256179293,-0.2339027125222,-0.0335974160713,-0.2153358426526,-0.1044073035076,-0.0339957632572,0.1230506581145,-0.1517641801003,-0.0807150690927,-0.0829353953831,-0.3504830606063,-0.2883858156336,0.9623509946313,-0.0309783792470,-0.3689443231210,-0.2178293952398,0.0777572417074,0.3402065984799,0.2311085733307,0.4514823667306,0.2585884719711,-0.1180747187226,0.0195982821624,0.4059301034797,0.3661100468016,-0.2546700422713,0.1825268651671,-0.2591685773611,-0.1680365536088,-0.2695018842260,-0.0498421160701
0.3099559604860,0.6095934205986,0.3005935570148,0.4065777294832,0.0850698590189,-0.2089900880330,-0.1239740632258,0.1898978046818,-0.1166731952925,0.1266715648475,-0.2037813870351,0.0403482920612,0.1764131043115,-0.0524158306738,-0.0767168949065,-0.0105128134261,0.0500436472194,1.0000000000000,0.2414347540333,0.7477738308329,0.2391817172299,0.3744367044928,0.3672384000408,0.5859487346211,0.2167702843397,0.1511313300728,0.4788753649093,0.1688244886681,0.3637335998342,0.2263526685332,0.6572263384431,-0.0413351340024,0.1634905420964,0.2427675188759,0.4517374811987,-0.0155006073904,0.4892337797180,-0.1116320837994,0.3029316428472,0.0601943274238,-0.3038506046608,-0.1650625371880,-0.1597260267342,-0.4230621881071,0.0341372795961,-0.1152605738611,-0.0303800575834,0.1231765179170,-0.2782039396163,-0.3587225553429,-0.0864491529331,0.0898484187364,0.5334225548768,-0.0140476575674,0.3794423494391,0.1164526997863,0.0938104150103,0.0704356050832,0.2869422101030,0.0010699627498,-0.0358859382266,0.2439349002790,0.1056385438891,0.0417311609413,-0.0579972975743,0.1675219040805,-0.1299368283864,0.2021956094103,-0.0295057173123,0.1139744087631
0.3393960295593,0.1334219861512,0.5797329468252,0.3167425664494,0.1480276325955,-0.1834611314624,0.2146789446655,0.4045746972586,0.3891778518747,0.0395644387325,0.1967567614035,0.7899474755569,0.2403860211982,0.6617088979498,0.6411473218217,0.2443797182714,-0.0967462630547,0.2414347540333,1.0000000000000,0.5563932924596,0.2987009123339,0.1926936204845,0.0430492405703,0.2390283714182,0.1462892772826,0.4367267953275,0.6292687343220,0.2523866968191,0.2522460425749,0.4017369709210,0.1093012392993,0.0644826802893,-0.1860534109199,0.3843326354202,-0.0904947348317,-0.1095920109579,-0.0431476140976,-0.1246934348909,0.0403703518838,-0.0881789171557,0.0657899701290,-0.0224863670946,-0.4039195113550,-0.0149611122648,-0.1785195600930,0.1687714626679,0.7049604607657,0.0961578662062,0.2033728654857,0.1444695701182,-0.0743984853641,-0.1003158569419,-0.2758801731589,0.4426063516604,-0.2269067646492,0.0370664454405,-0.2211226199986,-0.1737193851999,-0.0409754290313,-0.2518012938041,0.0787486908067,0.1060383783225,0.1705529536586,-0.3442398089876,-0.0013731352422,-0.3260887550234,0.0260112355441,0.1516460794604,-0.1027322080897,-0.2683912015087
0.4230067655027,0.4413386049219,0.2410822329331,0.5501007574318,0.3667046996611,-0.3115525492166,0.0014917063811,0.3000284559062,-0.0175999970714,0.0960762951520,-0.0773106413789,0.3212373690721,0.4177823032300,0.3053795982976,0.1096975292400,0.1249418113426,-0.0756739658115,0.7477738308329,0.5563932924596,1.0000000000000,0.4184758232296,0.3450871155361,0.2232267993550,0.4254971778724,0.1772218274577,0.2897960998963,0.5275157157843,-0.0157316445619,0.3130787438688,0.3331468890127,0.5304449564783,0.1185563562146,-0.1374392814621,0.5919382528985,0.3813040412499,0.1421014885268,0.4243522790123,-0.2614279442232,0.3728124431103,0.1896007064017,-0.1834647721047,-0.1173105063936,-0.2737908252872,-0.4133407524259,-0.0210397297100,0.0012046727768,0.2436654008310,0.3433180753754,-0.0202976115508,-0.1534496727067,-0.1113139734391,-0.0552005434389,0.3939266780662,0.2293083395313,0.3464201959506,0.2547285397684,-0.0578795124093,-0.0202309120708,0.2333652499414,-0.0818456090430,-0.0905133881557,0.1739125006935,0.0212970945446,-0.1410419476413,0.0284540463474,-0.0131995594124,0.0342239316485,0.0786284912777,0.2319943599648,0.1628555666931
0.3876043771896,0.1585701950114,-0.0064734375610,0.5950669855207,0.6698016221374,-0.1698391653091,0.2590741641408,0.2149051673023,0.2574329440754,0.3540364510120,0.2596763164807,0.2419846199667,0.7866299795306,0.2123954171391,0.2836965583602,0.1981380508026,0.0218993852801,0.2391817172299,0.2987009123339,0.4184758232296,1.0000000000000,0.2050447290123,0.2032439985826,0.1628450073738,0.3562127237990,0.1681526022576,0.1714865213080,-0.3101571593922,0.3495530991666,0.4704565404213,0.3636337654893,-0.0238015173217,0.0596653894979,0.3586679377834,0.1632334710002,0.2246777284694,0.1224009625649,-0.2727553532353,0.5643413279726,0.5641335887451,-0.0890555807075,0.3154730800679,-0.0893921065373,-0.1923125113056,0.2696481330309,0.4027043860908,0.3016649442224,0.7226793787875,0.0983167480706,0.0363605694766,0.0561483195578,-0.0023419950034,0.1484975054706,0.0482636496664,0.0377939059025,0.8068357510969,-0.0670280036172,0.0164121944862,0.0640290621509,0.2466798134819,0.0575750315004,-0.0835269853828,-0.1499467990497,0.0307071778345,0.1606697144494,0.0686157526961,-0.1043475363818,0.1956430187955,-0.0087171053498,0.0599613427156
0.6559340748054,0.5024610271126,0.2289699415706,0.4066696150614,0.3305499553001,-0.2714538390057,0.0806950850156,0.2354472946038,0.1025814039727,-0.0896713756138,0.1698883346138,0.1679039932750,0.1990259556644,0.0737981527007,0.1329471566423,-0.0744050093408,0.5481080680884,0.3744367044928,0.1926936204845,0.3450871155361,0.2050447290123,1.0000000000000,0.3963903335697,0.8059467057812,0.2866620830174,0.0958410097596,0.3453135059727,0.1596243322875,0.6629301798183,0.4527832590639,0.7668088909040,-0.0397734125816,-0.0971878562204,0.4671575415643,0.3313909296269,0.2643727821031,0.2901165630162,-0.2618550976534,0.0958693693185,0.3444534957225,-0.2653512445855,0.0173374167576,-0.3774711806806,-0.2047586567680,-0.1584846581067,0.2241016571941,0.0137484139343,0.1225718448452,-0.2408348202350,-0.2268802060375,-0.2660922662360,0.5425403956762,0.1010172040867,-0.2412113881660,-0.1287989728112,0.0559273387305,0.5413106465430,0.1707417426851,0.6541153114728,0.0864754146628,-0.2071121584559,-0.0603753153795,0.2480548428584,0.3679739364830,0.0937737480802,0.3651879130943,-0.3491213672041,-0.0549938664090,-0.0676344603888,0.1157529542503
0.3150284778690,0.5818409176915,0.3424381093212,0.6199876126627,0.2674912706098,-0.3541766808125,-0.2844144085257,0.4099971556090,-0.1404161037333,0.3575020514442,-0.1299549221653,-0.0797982053366,0.0602976531295,0.0011036586963,-0.0384947197794,-0.2569928187784,0.3617389779267,0.3672384000408,0.0430492405703,0.2232267993550,0.2032439985826,0.3963903335697,1.0000000000000,0.5006640342634,0.6181778808562,0.2376698754352,0.2741120147428,0.2188754164485,0.5203599699119,0.2075887088992,0.6205621057008,-0.0433085941059,-0.1598757081386,0.2742055545225,0.0884865147540,0.1930045242377,0.5867206171804,0.0548208207379,0.4474787313023,0.2481077431849,-0.3014787536201,-0.2366562769515,0.0065328807552,-0.4635036755121,0.1390984493301,-0.0608882481228,-0.0965231318839,-0.0081458607109,-0.1498973074217,-0.2484041462046,-0.3945227909866,0.3329727508895,0.1543127842049,-0.3040340655822,-0.0587029407354,0.1600337461706,0.0711081595411,0.7549590868007,0.2503321424215,0.4856433558997,0.0511418942211,0.0210010268484,0.3335332623587,0.1400633617035,-0.0836363865725,0.1819845669106,-0.1617962517979,-0.0437430920401,-0.0797212267400,-0.0645000850961
0.4917965354727,0.6459360820652,0.4538514872748,0.4582825854934,0.1135138735116,-0.2794413254304,-0.0415446207767,0.2121568700727,0.0838047393090,-0.0798118173857,-0.0244393375067,0.1412248545819,0.0996299605346,0.0051280105381,0.0136808048037,-0.1120310016243,0.5804937777217,0.5859487346211,0.2390283714182,0.4254971778724,0.1628450073738,0.8059467057812,0.5006640342634,1.0000000000000,0.2937626200820,0.1520317763413,0.5380778762461,0.4410350669913,0.6381216611589,0.2812171352653,0.7485367541072,-0.1411875001440,-0.1485764815226,0.3313459790680,0.3867805031418,0.1116793577638,0.4712436736371,-0.0084872175349,0.1835331743683,0.0867466894821,-0.2438687681359,-0.1239112229582,-0.3397140357725,-0.2992681659377,-0.1703299218397,0.0107581347470,-0.0378030181445,-0.0160443024414,-0.3265474035519,-0.4201986720631,-0.3254286084742,0.5751973183258,0.2147669772538,-0.2857132965581,-0.0932321622635,0.0027762385784,0.4031063792226,0.2467170512311,0.6841351357054,0.0759793904945,-0.1452654803191,0.1212497068447,0.4726213148412,0.2069164067469,-0.1206520894555,0.2983436567923,-0.3039757851785,-0.0250201135458,-0.1445321230365,0.0692409723528
0.1576908618682,0.3107534450199,0.3509947060720,0.5458952099172,0.3608603373193,-0.2998541938525,-0.0985716824772,0.6146286448504,0.0386452992596,0.6069464495590,0.0130470358526,0.0721914411799,0.2464398563331,0.2289599131879,0.2529995077279,-0.0101274946761,0.3032901562127,0.2167702843397,0.1462892772826,0.1772218274577,0.3562127237990,0.2866620830174,0.6181778808562,0.2937626200820,1.0000000000000,0.4190374287466,0.3507891480123,0.2461564350580,0.6163302712518,0.1796740676656,0.4707967167138,0.1356387396172,-0.0722799018747,0.2334984426364,-0.0908291161602,-0.0286113310027,0.2604456727956,-0.0355919922484,0.4779209881085,0.3215360671379,-0.2258371887629,-0.1266825561797,0.2630703784620,-0.2812077492846,0.4389223754187,0.0388701401411,0.0318504255138,0.1874816876669,0.0482047293651,0.0474097153875,-0.2126788284993,0.2569123335914,-0.0153162860261,-0.3609202786715,-0.1494444518726,0.1715302641535,-0.0149612718922,0.3373874426684,0.0643933773198,0.7975787528780,0.2740997804464,0.0431814225205,0.3462219786424,0.1915287274706,-0.1149111075605,0.0615764499816,-0.1220909907450,0.0941866897412,-0.1741748378274,-0.2917648696202
0.0878531581961,0.3544673148851,0.4892509279307,0.4607892875479,0.0901160268426,-0.2654149246262,-0.1860045219735,0.5693941265995,0.0654578369983,0.3584487682107,-0.2481421210554,0.3430964977665,-0.0086680453271,0.5877947500692,0.4331580666575,0.0723331440982,-0.0356502108030,0.1511313300728,0.4367267953275,0.2897960998963,0.1681526022576,0.0958410097596,0.2376698754352,0.1520317763413,0.4190374287466,1.0000000000000,0.5637900003149,0.3617842183739,0.1790738467527,0.2576217808754,0.0229063746470,0.3877703583633,-0.1598095912635,0.3679087284516,-0.0034601955072,-0.1070877986486,0.1468264026979,-0.0323494505268,0.2736753187353,-0.0929330692197,-0.1443807901141,-0.3759136943126,-0.0164963075471,-0.3100857273273,0.1825305357060,-0.1584252208698,0.2578393162455,-0.1508199756705,0.2839863462790,0.2127602891407,-0.1873364017163,-0.0623493770995,-0.3484912970103,-0.1598410291826,-0.3042876832218,-0.0452780886955,-0.1797715658599,0.1403535754873,-0.2177405207316,0.1857508340085,0.6758210831238,0.0688301932862,0.4250693420080,-0.3082896927104,-0.1196296496144,-0.3759968913272,0.2780130594314,0.0497463834125,-0.0718468536624,-0.2396165447313
0.2009178961584,0.4882242581393,0.7537920009396,0.4663209558229,0.1064610162470,-0.2120945546853,0.0249960790864,0.4780944394091,0.2595994651916,0.0840218045812,0.0073579029500,0.4662161432476,0.1184725397245,0.3914975408490,0.3401452691300,0.1714920444955,0.1764761051051,0.4788753649093,0.6292687343220,0.5275157157843,0.1714865213080,0.3453135059727,0.2741120147428,0.5380778762461,0.3507891480123,0.5637900003149,1.0000000000000,0.5326554017187,0.4232351651609,0.2157889189318,0.3663941311813,0.0462386526951,-0.1728741792961,0.3285519344127,0.1086633571336,-0.2505763987096,0.2740317891349,0.0191266083075,0.1441604880833,-0.0856394517443,-0.1001461234437,-0.2052925211213,-0.2814155245088,-0.1680471490536,-0.1099632509720,-0.0701495838132,0.2924019672927,-0.0434849973340,0.0058971816509,-0.1494290795672,-0.1416602512452,0.1455809918943,-0.0685520800316,-0.0382765713600,-0.2432101617508,-0.0985345522425,-0.1669661312235,0.0349857973019,0.0393967114898,-0.0157764889175,0.1278908007055,0.2904581048815,0.4316096475037,-0.2477299825891,-0.3140726760467,-0.2124268575404,-0.1236650871869,0.0523351683744,-0.1752142123173,-0.2654662814714
-0.0577427479774,0.2930354927418,0.7448918309073,-0.0353790471305,-0.2395714770098,-0.0646450650323,-0.2277306536391,0.2553798817307,-0.0297426266477,0.0280837562994,-0.1704493006971,0.1589085100618,-0.3708803162321,0.1122231886533,0.1460235361944,-0.1168672058971,0.3645430892421,0.1688244886681,0.2523866968191,-0.0157316445619,-0.3101571593922,0.1596243322875,0.2188754164485,0.4410350669913,0.2461564350580,0.3617842183739,0.5326554017187,1.0000000000000,0.1570632151027,-0.1345816277570,0.0136339104238,-0.0680022737783,-0.2487543911481,-0.1016874513179,-0.1345516279210,-0.2255168069565,0.1956143727353,0.4395931853159,-0.1441375234180,-0.2734633355224,-0.0664521429900,-0.3633830379853,-0.0855180377949,-0.0785054584891,-0.1065475405154,-0.2641506966487,-0.0452379627557,-0.4480527684948,-0.1347262048379,-0.1565397045171,-0.2367019641655,0.3518754526502,-0.3019078686322,-0.1948446760124,-0.3087126731485,-0.4089674968326,0.1211864564118,0.1472586044116,0.1400140212644,0.0657278679761,0.2203583399253,0.3156865985597,0.7889363955443,-0.0954176456393,-0.3235000674597,-0.1609095130257,-0.1042747348152,-0.1635930084310,-0.2454882240909,-0.3559600311769
0.4511811693507,0.4045988611143,0.3605145475475,0.5468179500943,0.3704151835604,-0.3450066687281,0.0700366765999,0.4854605864831,0.2127240522831,0.0816238082122,0.2811858379698,0.2116410201117,0.2261381207770,0.1288384389776,0.1652027796576,-0.0275956855116,0.4763883677025,0.3637335998342,0.2522460425749,0.3130787438688,0.3495530991666,0.6629301798183,0.5203599699119,0.6381216611589,0.6163302712518,0.1790738467527,0.4232351651609,0.1570632151027,1.0000000000000,0.2936787174595,0.7249352380244,0.0119875486049,-0.1564442123813,0.3248842123027,0.0467170285669,0.0131337273400,0.2959412564359,-0.1172633389837,0.2707403563361,0.3800225874652,-0.3408045447952,0.0044285541288,-0.0619803188334,-0.1959917445357,-0.0574052911248,0.3578923848991,0.1056714641891,0.1762155538105,-0.1613715888757,-0.2775094761659,-0.2614713026428,0.4631718320134,0.0826584355342,-0.2851956695161,-0.1807086558538,0.1656305471591,0.2057345256289,0.1821507393946,0.3594882483480,0.3786734768124,-0.1087870852536,0.0200216325838,0.2597859124325,0.5765837551925,-0.1170664443083,0.2248976428763,-0.3144339061681,-0.0612573685703,-0.2447930753939,-0.1897675410498
0.5762712517054,0.2284336644757,0.0592000329760,0.3505783959700,0.3440055206574,-0.1078769375003,0.1930171627678,0.0929929097316,0.1960455705973,0.1264569461952,0.2394681398783,0.3460357957027,0.2874007478491,0.3218477364302,0.5138728909289,0.1059599610602,-0.0283268794558,0.2263526685332,0.4017369709210,0.3331468890127,0.4704565404213,0.4527832590639,0.2075887088992,0.2812171352653,0.1796740676656,0.2576217808754,0.2157889189318,-0.1345816277570,0.2936787174595,1.0000000000000,0.3572769957186,0.1643534025416,0.1329532260514,0.5521307228805,0.2445876361421,0.2677430123724,0.0167054458390,-0.2957277828792,0.2722254706324,0.2247636165819,-0.0016408290212,0.0917337284347,-0.2923895405806,-0.1235117641816,-0.0001147930955,0.2547752781599,0.3772093469883,0.1348498697588,0.0345129258907,0.2111993086344,-0.1136389857559,-0.0270086769011,-0.0347165082537,0.1797922036770,-0.0964075776173,0.2430926777778,0.1489685489774,0.1635039918788,0.1764220423166,-0.0194302798116,0.1890456348485,-0.1008273829662,-0.0056268582438,-0.0040523751549,0.5732111366355,0.1276707792251,-0.0299524882867,0.2952412037881,0.0316469664406,0.0039671123229
0.5053797367578,0.6169383528490,0.1696229532907,0.6155734612322,0.3612400512069,-0.2916986745319,0.0336824531767,0.3094059629223,0.0498114972542,0.0933510888483,0.0947326134449,0.0174936058317,0.3467923525830,-0.0745857149367,-0.0449792009689,-0.0428223168603,0.4109723905829,0.6572263384431,0.1093012392993,0.5304449564783,0.3636337654893,0.7668088909040,0.6205621057008,0.7485367541072,0.4707967167138,0.0229063746470,0.3663941311813,0.0136339104238,0.7249352380244,0.3572769957186,1.0000000000000,-0.0420816261593,-0.0180982424980,0.4335639949417,0.4070114987575,0.1824625357519,0.4978973434875,-0.2508203887648,0.4156832740351,0.4021857722747,-0.3061263604105,0.0373217432646,-0.1771178041235,-0.3278769444127,-0.0028897904005,0.1355074818173,-0.0588200658042,0.2921046192279,-0.2720511031132,-0.3538425585538,-0.2131271659997,0.3929697019666,0.4522227446081,-0.2270654011308,0.1188565771230,0.2491677194220,0.2317341522849,0.2975379316473,0.5083626794449,0.3175519713680,-0.2375307984312,0.0403220950608,0.1183991767324,0.3633153670108,-0.0416666303955,0.4173514312411,-0.2802697966285,0.0584916144218,-0.0461519897755,0.1486560029881
-0.0428315201519,-0.0087830975852,-0.0332050547315,0.0977657766803,-0.0044296591007,0.0854019493136,0.0723141618262,0.2774192443378,-0.0099893436285,0.0197742245489,-0.1018175066601,0.1444454958578,-0.0128340122457,0.2497641678251,0.2161185684679,0.1667098004101,-0.3139479747221,-0.0413351340024,0.0644826802893,0.1185563562146,-0.0238015173217,-0.0397734125816,-0.0433085941059,-0.1411875001440,0.1356387396172,0.3877703583633,0.0462386526951,-0.0680022737783,0.0119875486049,0.1643534025416,-0.0420816261593,1.0000000000000,-0.0129738925277,0.3766889314807,0.0328435743676,0.0786043445272,-0.1028695277061,-0.2186337768752,0.0932991563143,-0.0568508693920,0.0831513239962,-0.0625984969564,0.1999598319175,-0.0081466886084,0.0718912295540,-0.1127512748918,0.0523828386296,0.0225730508516,0.2014743770258,0.3816984102283,0.0597488562641,-0.3744289992294,-0.0747360519659,-0.0406149342996,-0.0216934497045,-0.1378121276684,-0.1292801339591,-0.0210720763417,-0.1913926321875,0.1139549224602,0.2431322621206,-0.1285655284394,-0.0312297323846,-0.0603124396403,0.1100092079247,-0.1294964422512,0.4420225469625,0.0026366691160,0.3044750297537,0.0369345521843
-0.1661416840467,-0.0487343996380,-0.2013513468315,-0.1200843747171,-0.2468822271110,0.5553884779882,0.3554919048179,-0.1478265441859,0.2578649877942,0.1422830789077,0.0726635551694,-0.0419901965594,0.1020437304583,-0.1674933999520,0.1204125244258,0.3387740699172,-0.1387325143730,0.1634905420964,-0.1860534109199,-0.1374392814621,0.0596653894979,-0.0971878562204,-0.1598757081386,-0.1485764815226,-0.0722799018747,-0.1598095912635,-0.1728741792961,-0.2487543911481,-0.1564442123813,0.1329532260514,-0.0180982424980,-0.0129738925277,1.0000000000000,-0.2329283489596,0.2366724175517,-0.2169232293896,-0.2530583651028,-0.1660440494648,-0.0198429292240,-0.1005753570191,0.2155756440044,0.3683034619427,0.0469979810701,0.3041733843624,0.2828909490187,0.0412738990352,0.0346169926900,0.0924650041960,0.0683021643746,0.1677263996098,0.4948405950750,-0.1048261367793,0.2551468178069,0.0673463017003,0.1859571989851,0.0154490215594,-0.0500502109797,-0.1776179767605,-0.1365415460585,-0.0133805268829,0.1059685171813,-0.1194001013036,-0.3593674542601,0.0476629469115,0.1017024543212,0.0400888633163,-0.1315285696847,0.7209339577509,-0.1847265314997,0.2034121720182
0.4859802910358,0.3711579647903,0.1133787714793,0.5144858507276,0.4824666189880,-0.1786811810517,0.1332213884572,0.3508111845327,0.0746668207698,0.0707276477468,0.0746487597270,0.3208088953526,0.3718016280882,0.3829315587014,0.2597798435398,0.1757868955417,-0.0213599224491,0.2427675188759,0.3843326354202,0.5919382528985,0.3586679377834,0.4671575415643,0.2742055545225,0.3313459790680,0.2334984426364,0.3679087284516,0.3285519344127,-0.1016874513179,0.3248842123027,0.5521307228805,0.4335639949417,0.3766889314807,-0.2329283489596,1.0000000000000,0.3320357062916,0.3618874396615,0.3283950725495,-0.3484832924447,0.3331332381540,0.2883427264612,0.0376540871528,0.0018959746491,-0.2386641028650,-0.2131948893820,0.0167231715633,0.1253908065618,0.2075601993997,0.2778530179348,0.0962454809286,0.1611148899554,-0.1461024708386,-0.0431748433044,0.1271414053085,0.0797429291158,-0.0016415132009,0.1859411150156,0.0223493936551,0.2035010530120,0.2764119440006,0.0559799314849,-0.0057158897847,-0.0796900714566,0.0354198299137,-0.0408047719784,0.2713189461699,0.0191605935828,0.0562017670899,-0.0016949697709,0.4932641143571,0.2470541557303
