1.0000000000000,0.6078380028762,0.2402419127547,0.7114920105102,0.4474390505841,-0.2390477910676,-0.3615766739230,0.1253586473153,-0.5785381940526,0.6597341254382,0.0743855884205,-0.3673969894953,0.2108918483502,-0.0168708085621,0.2990541231042,-0.5201731855144,0.2941025681383,0.7092543735234,-0.2236512159606,0.4280879562346,0.4755120145704,0.0292350224163,0.5070566882397,0.0769837603573,0.5347935953420,0.6252096333887,0.3315052346381,0.2210565035358,0.1719706994868,0.5362796519529,0.5070736783829,0.1075183205761,0.0290747278397,0.4580513884109,0.5948744013873,0.8513915108787,0.4495232794235,-0.5633336011483,0.6772967898683,0.3975068250393,-0.3278189964797,-0.5231937630078,-0.1456358783992,-0.5859537768655,0.5499718051891,0.1660561226298,-0.3745307776682,0.1664243971182,-0.2544869078273,0.1099427862503,-0.5953582669071,0.3590259820162,0.5539004914953,-0.3300519895130,0.2772547239388,0.3732925399631,-0.0045841496296,0.5052387126199,0.3180285462416,0.4768837731992,0.5209168345471,0.2834655802128,0.0234802598174,-0.0435752248926,0.5165593400183,0.0785641495106,-0.5497307912951,0.0437493044558,0.4258324048567,0.5538277610275
0.6078380028762,1.0000000000000,0.3007515654977,0.7859041962123,0.6049539041422,-0.3292952632360,-0.5644787839386,0.0935485744012,-0.6913642087475,0.6693874561656,0.1224712641821,-0.4109264118311,0.2491776994266,-0.0860162030957,-0.1840806630158,-0.6568265288303,0.4167302028239,0.6695119574389,-0.3558528022844,0.2238477791699,0.5624479313213,0.1535409358512,0.7307066226358,0.2779606549103,0.5889842703414,0.6693054567505,0.5507546315511,0.3797847498766,0.2410601031329,0.2850736387830,0.5602425114062,-0.0438034486111,-0.0727448452122,0.4571542469163,0.6703333051201,0.5959044539000,0.8851554895350,-0.4423437782208,0.8083958293427,0.6084797439104,-0.4035419793979,-0.6591593584587,-0.0535124719538,-0.6797425745082,0.5692215038552,0.2063276666265,-0.4129394850281,0.2561223374797,-0.3169456469061,-0.3358909988470,-0.6968369635934,0.4668059428684,0.5919072116140,-0.4129632195487,0.1371570296861,0.5037797502154,0.0638011172580,0.7181509035003,0.5205709413389,0.5254420190610,0.6144245073434,0.5142200325483,0.1400707560775,0.0190981243684,0.2726109488929,0.2513987437670,-0.5952179739241,-0.0431533849193,0.3635390528707,0.5864079685956
0.2402419127547,0.3007515654977,1.0000000000000,0.2184233510930,0.1617640366934,-0.3234180040665,-0.4395943819183,0.4655467393290,-0.2018335559357,0.2416256922152,-0.2101727254041,-0.0769290451606,-0.3086848660980,-0.2103376163032,-0.2262633177654,-0.4003541630150,0.4274069683239,0.0790588026944,-0.0257510464098,-0.0573606775711,-0.0495307392031,0.2631621584382,0.5657333432658,0.4622546962355,0.4026227953491,0.0380203054845,0.1801488274078,0.8014321279140,0.1965688373343,-0.2304913405775,0.5781647691859,-0.2702947322163,-0.3316019028875,-0.0695543565571,-0.0176229229088,0.0957161031060,0.3387643119127,0.3866451145839,0.2306717965194,0.2199662129780,-0.3428739928998,-0.3451289960411,0.4062263592011,-0.3270132687012,0.0980967545162,-0.1910624121438,-0.1030451459999,-0.3600987987077,-0.2914890258000,-0.3079723155813,-0.3125459560904,0.4087423665718,-0.0033775896701,-0.1109760093630,-0.2283211072307,-0.1785914352515,0.2116815803742,0.5338696958176,0.4359859873251,0.3552634314095,0.0714975941953,0.1437504105862,0.7329024974013,0.1107050389510,-0.3654871459152,0.5992961039439,-0.2620151774219,-0.2843185381504,-0.0951111877806,-0.0743727853421
0.7114920105102,0.7859041962123,0.2184233510930,1.0000000000000,0.6821289037631,-0.2085203227179,-0.4290696561323,0.3452064809407,-0.6490562806012,0.8102827827563,0.1635663914291,-0.5735618073610,0.4815030575269,-0.1922298528554,0.0920617636505,-0.4691655723742,0.5072981348080,0.7175584205914,-0.4502069778269,0.4286816992617,0.6657992008730,0.3477240106498,0.7292917496914,0.3883740653047,0.7195064048975,0.6594800225696,0.2417862220247,0.1867698105299,0.5402938085327,0.5072244807349,0.6418753084039,0.1554723511859,0.0771921528053,0.5602833579278,0.6650295986931,0.6430463444626,0.6223187088688,-0.6132573826073,0.9093902350637,0.5676909314048,-0.4904139822068,-0.6290831361625,0.1557947945891,-0.6988429634218,0.7586898570016,0.2967105701962,-0.6441848031917,0.4460755594926,-0.4840660059052,-0.1804363254538,-0.6163646173626,0.5380395419980,0.6987502894227,-0.5975987307711,0.3534991656668,0.6081620008765,0.2767150935557,0.7144064489159,0.5615168532143,0.6706712712386,0.5336804369355,0.2404157117802,-0.0665132288523,0.3102569816228,0.4045896389422,0.3614138960728,-0.5618316774438,0.0570409757540,0.3998636398889,0.6088344912252
0.4474390505841,0.6049539041422,0.1617640366934,0.6821289037631,1.0000000000000,-0.2203376810590,-0.3603792739388,0.2221959047287,-0.5757957034157,0.6801948491148,0.2829311466443,-0.4916980622169,0.5919887628554,-0.1981515097623,-0.0789042474530,-0.3624983853607,0.4200016838171,0.4298215846472,-0.4444473474398,0.1700445347854,0.8440920362283,0.3210000985578,0.6794991098882,0.2907406908593,0.7230135588281,0.4349838052589,0.1745208065315,0.0851707301281,0.4922100441245,0.3260484555785,0.6213761050816,0.0879060750160,0.0365673100969,0.3956432920280,0.4695237041789,0.4470369756959,0.5616369330268,-0.4740857805427,0.6255805389794,0.8964599236732,-0.3895621731149,-0.5390882323932,0.1221218358166,-0.6229286505969,0.6930543495204,0.4012254571319,-0.5347570043546,0.6189936773517,-0.3932177370203,-0.3439252460454,-0.4659005928668,0.4733358235711,0.4380916709369,-0.5149843807510,0.2020168026816,0.8190402005816,0.2746980318797,0.6958360817168,0.5454440690742,0.7465917726153,0.3793078651985,0.1919273611826,-0.1013138425050,0.2965374113160,0.2819266339479,0.4167211569038,-0.4223995774384,0.0021170744158,0.2991894869469,0.4352262308257
-0.2390477910676,-0.3292952632360,-0.3234180040665,-0.2085203227179,-0.2203376810590,1.0000000000000,0.3168882876036,-0.1590432172110,0.1617550725121,-0.2536618749719,-0.0415522203668,0.1265012747667,-0.1018132844844,0.2553891983008,0.1325913110208,0.2811293206349,-0.1822714829548,-0.2720124320803,0.1219027242089,0.0293986599683,-0.1634913932810,-0.2153216731291,-0.3544965211820,-0.2641586656745,-0.2229227976847,-0.0458297302876,-0.0797679755773,-0.2851218507802,-0.1308897328946,0.0731747707989,-0.2069813351283,0.2550835772618,0.6319285756872,-0.0924911041520,-0.1294630868387,-0.1732988526968,-0.3824668255283,-0.0525098800500,-0.2200953724551,-0.2138016433730,0.6429949983264,0.2413197035858,-0.1555864886511,0.2896968712848,-0.2380500819880,-0.1375138893042,0.1462902717287,-0.0548073571851,0.3357274198426,0.1981519800531,0.2060318479188,-0.1811659638385,-0.2760523045520,0.2155956176475,0.0139393541152,-0.1391605849148,-0.2274425507180,-0.3147376482619,-0.3634006187568,-0.2138627053159,-0.0178768315623,-0.1078191475204,-0.2632156965760,-0.1342448771147,0.1458460877126,-0.2655080122233,0.2026933828377,0.3953371190237,-0.1811660975228,-0.0022984254384
-0.3615766739230,-0.5644787839386,-0.4395943819183,-0.4290696561323,-0.3603792739388,0.3168882876036,1.0000000000000,-0.2572644412539,0.7104707245138,-0.4200577411957,0.4404704277937,0.4406054187093,0.2106820560767,0.1717152446539,0.4348908247281,0.7165677180142,-0.5164753850338,-0.2735620711577,0.3771841332256,0.0183334134870,-0.1329424700631,-0.2634531807228,-0.6753121269264,-0.3925769781936,-0.5664418438679,-0.3331420913292,-0.2693413747551,-0.3903410598059,-0.3536309030263,0.1092527973313,-0.6115118577462,0.0693579375891,0.1387117364604,-0.1425528532253,-0.2429012946172,-0.2867614284721,-0.6077418742586,0.2369598377566,-0.4375906707266,-0.4447949592568,0.3996773822229,0.8679032364398,-0.1486617738458,0.7823267223039,-0.2747045191540,0.3100074996011,0.3914286964603,0.1719168085521,0.2861603895082,0.4959737708762,0.7332816464887,-0.5422992109466,-0.1727680731134,0.3331770953859,0.1352247304893,-0.0697043097097,-0.1791277414245,-0.6804283463506,-0.5097210510065,-0.5341098846528,-0.3610467578418,-0.2887519372020,-0.2115962331958,-0.1742627589287,0.0118661935700,-0.4297020312011,0.4376161546568,0.1758735217799,-0.0987746303137,-0.2534564721240
0.1253586473153,0.0935485744012,0.4655467393290,0.3452064809407,0.2221959047287,-0.1590432172110,-0.2572644412539,1.0000000000000,-0.0656455781996,0.3532333596397,-0.0830090503313,-0.4084816732701,0.0894135637056,-0.4470995659409,0.0664129586326,-0.0341351347563,0.4374518775217,0.0588725126364,-0.3196611545925,-0.0668419975143,0.0880394240586,0.7419851733223,0.3983458639235,0.7127535119907,0.4240654834118,-0.1075582979578,-0.4066106143913,0.3809502524818,0.7082369158618,-0.0437520325743,0.3626976794022,0.0000959155843,-0.0843036267309,0.1388431769717,-0.1916247416908,-0.0424761039457,0.0963351158584,0.1198315029417,0.2621976277006,0.1361324942597,-0.4688569608089,-0.3303812945409,0.8083537688696,-0.3081484897687,0.3470626953181,-0.0249370269341,-0.4905585311480,0.0650582507451,-0.5274098874085,-0.2805215941541,-0.1252427681802,0.3567601449344,0.0165741096215,-0.5037427303236,-0.0841945314212,0.0961414785902,0.6659650218930,0.3318940964883,0.4074619959861,0.4330351195796,-0.1784804253024,-0.3951404743826,0.3005785376550,0.7392233080715,-0.2515588307388,0.5327282100567,-0.1104991496381,-0.1214044967326,-0.0209288049540,-0.2326085598091
-0.5785381940526,-0.6913642087475,-0.2018335559357,-0.6490562806012,-0.5757957034157,0.1617550725121,0.7104707245138,-0.0656455781996,1.0000000000000,-0.6285665748445,0.1368133102614,0.6400137816354,-0.0874098302250,0.1019237593125,0.3549426885391,0.8096184643710,-0.4987571320272,-0.5532967321025,0.5555794464291,-0.2365673590192,-0.5106192927880,0.0113258802258,-0.6639271002405,-0.1134341159800,-0.7189718720505,-0.7450786627963,-0.5284276337055,-0.2227909575248,-0.2990360598480,-0.1460977878361,-0.6943597474125,-0.0303128476157,-0.1317328211099,-0.3193410322824,-0.6681513744114,-0.6047022272258,-0.5648295630743,0.6380707184976,-0.6988634361190,-0.6301696033720,0.2215001191162,0.8598136202860,0.1202404113330,0.8909003416345,-0.4525512986286,0.0038403992277,0.5262851997364,-0.1812242967500,0.2839758854926,0.3918902461219,0.9034184626055,-0.5865710092749,-0.4621530829154,0.4634862873665,-0.1549712199936,-0.3973067787923,0.1272504069266,-0.7204171853858,-0.4081312957223,-0.6786137261904,-0.7368790476812,-0.5406686267151,0.0375461690824,0.0491881846178,-0.3436916874749,-0.2180457143959,0.7741995839943,-0.0646130059392,-0.2764394645665,-0.6934943086854
0.6597341254382,0.6693874561656,0.2416256922152,0.8102827827563,0.6801948491148,-0.2536618749719,-0.4200577411957,0.3532333596397,-0.6285665748445,1.0000000000000,0.0422725687275,-0.5949675067433,0.3548078795029,-0.2548648915576,0.1142991485366,-0.4744293860419,0.2850571050614,0.6494021118690,-0.4664416380639,0.2763635433420,0.6078326485118,0.2347184083959,0.7681504131088,0.2260375442378,0.6422105572301,0.5039566099258,0.1984770924114,0.1062770929141,0.3567451160040,0.3992670302718,0.5834238251860,0.0811812596100,0.0099131284546,0.4421169214886,0.4879614555192,0.5936553420671,0.5815161996207,-0.5248312749033,0.7520643241548,0.6139440989835,-0.3839052739112,-0.6081938246279,0.1171831501026,-0.6730151657878,0.8871651630286,0.1963191432522,-0.5961264121257,0.3673103080931,-0.4587255228602,-0.1662398732832,-0.5622779682065,0.3514098426290,0.5597313867237,-0.5558090193384,0.2391491590235,0.5439472618162,0.1853269212629,0.7360289340061,0.4331130900381,0.6176602644148,0.4170442019106,0.2181075150767,-0.1010842882748,0.1743006510764,0.4039052775803,0.2673343544382,-0.5518250709658,0.0203476400798,0.3960170288933,0.4635442194003
0.0743855884205,0.1224712641821,-0.2101727254041,0.1635663914291,0.2829311466443,-0.0415522203668,0.4404704277937,-0.0830090503313,0.1368133102614,0.0422725687275,1.0000000000000,0.0206933477909,0.5623496959118,-0.0251271526110,0.2513764155994,0.1855324094691,-0.1117831089409,0.2319413697349,0.0299324094144,0.1458699846915,0.5190474249967,0.0450873657457,-0.1407327755817,-0.0295560353699,-0.0173721533420,0.0595228126485,0.0175474988395,-0.1282544159697,0.0863056548377,0.3649625061436,-0.1033558112353,0.1795902566429,0.0581954275730,0.3181428478069,0.2026022207225,0.2225892891676,-0.0272736375755,-0.1151886290668,0.1035941189667,0.1388380871476,-0.0852261558931,0.2676943851085,-0.0158898425606,0.1537870658813,0.1701820120662,0.8803689543616,-0.0989923354513,0.5327930171473,-0.1255642027558,0.1177229453874,0.1796987570286,-0.0943523442831,0.3086588935019,-0.0815265020486,0.2167509093020,0.4968114397470,0.0498339616294,-0.1542293864665,0.0239422524088,-0.0124920828355,-0.0312633678266,-0.0134430529699,-0.1690482081145,0.0622412090479,0.1898953107078,-0.0732330908628,0.0551571719251,0.0605116622509,0.2151451784379,0.1178599396404
-0.3673969894953,-0.4109264118311,-0.0769290451606,-0.5735618073610,-0.4916980622169,0.1265012747667,0.4406054187093,-0.4084816732701,0.6400137816354,-0.5949675067433,0.0206933477909,1.0000000000000,-0.3307816381564,0.6640606354014,0.0795994894378,0.3754966115293,-0.3143779223361,-0.5293595476763,0.9079402592655,-0.0927563357508,-0.4451621090792,-0.3184372511911,-0.4786469935949,-0.2876221419225,-0.5046483171637,-0.3834881118237,0.0080643672597,-0.1535422007688,-0.4580504753152,-0.1696761905637,-0.4195191187289,0.1453881486838,0.0106389380835,-0.4572405183799,-0.2976863060953,-0.3027845649230,-0.3724511776494,0.4093712218657,-0.5747297802361,-0.4939088496099,0.4218927020565,0.6587627490907,-0.2402017066271,0.7080778765066,-0.5983296960729,-0.1142303768118,0.8939248204900,-0.4239668477073,0.7313466892493,0.4168031162596,0.5466932706539,-0.3314960563181,-0.4935137737953,0.8710743514162,-0.2946480209749,-0.4555110824506,-0.2439505595173,-0.4532017274113,-0.2901610251909,-0.5595697107464,-0.3407601745394,-0.1380767758767,0.0509514446290,-0.3564009698112,-0.1978444051103,-0.1876474264883,0.6900950763508,0.1999006482093,-0.4071320977657,-0.3406415712458
0.2108918483502,0.2491776994266,-0.3086848660980,0.4815030575269,0.5919887628554,-0.1018132844844,0.2106820560767,0.0894135637056,-0.0874098302250,0.3548078795029,0.5623496959118,-0.3307816381564,1.0000000000000,-0.2365626002993,0.3523160487320,0.2122283523527,0.1104272892709,0.4401753279782,-0.2449917742047,0.3293966229830,0.7413141377936,0.3420400420285,0.0948871308404,0.2124733218990,0.2089826751196,0.1643655777214,-0.1981858674007,-0.2538157919205,0.3564577254143,0.6003437063151,-0.0129932668158,0.2100383403290,0.1204677027024,0.5051705818329,0.3575823775444,0.2203091238280,0.1636620393824,-0.3514786522953,0.3588493860896,0.3461724992275,-0.3400079474317,-0.0377668440412,0.0980873003334,-0.1746237399581,0.5488134618016,0.6420696107461,-0.4958368306187,0.9183323664798,-0.3990423172202,0.0496697828566,0.0682174115192,0.1112933887589,0.5562455195739,-0.4409687723447,0.4775181538025,0.8250492482787,0.3787106540258,0.0784585886479,0.3139797095734,0.2622027408348,0.0309493699041,-0.1638249065877,-0.3372537674627,0.3719559408732,0.4082816115291,0.0634741134501,-0.0574913799043,0.0723662038972,0.4048173651849,0.2915118069292
-0.0168708085621,-0.0860162030957,-0.2103376163032,-0.1922298528554,-0.1981515097623,0.2553891983008,0.1717152446539,-0.4470995659409,0.1019237593125,-0.2548648915576,-0.0251271526110,0.6640606354014,-0.2365626002993,1.0000000000000,0.1356427227454,0.0985796959381,-0.0952573389237,-0.2352936397359,0.6344084691487,0.2272278004635,-0.1712688211671,-0.3927932693236,-0.2325890143707,-0.3506378329053,-0.1361635837173,0.2124478387986,0.3010834931775,-0.1987732903516,-0.3138119177562,0.1021991031941,-0.1299492722854,0.4482698180827,0.3094083813251,-0.3128875938933,0.1409239580269,0.0421812248627,-0.1547425877598,-0.1492464340800,-0.1569830536869,-0.1812180182645,0.4635964334309,0.1997249356759,-0.4602749489932,0.2564941872678,-0.3628289693971,-0.1186981051377,0.6263178310850,-0.2872672444971,0.8838051365714,0.3995390531218,0.0916391197584,-0.0507914801316,-0.2859936988771,0.6647753083783,-0.0165110918779,-0.2239099223667,-0.4158038033883,-0.1651805948245,-0.2124230996066,-0.2229192605457,0.1964545869906,0.1168792307108,-0.1411242546023,-0.4339489331592,0.2520968378060,-0.2833663820442,0.3337289225229,0.3809934911672,-0.3598563028256,0.1829960937913
0.2990541231042,-0.1840806630158,-0.2262633177654,0.0920617636505,-0.0789042474530,0.1325913110208,0.4348908247281,0.0664129586326,0.3549426885391,0.1142991485366,0.2513764155994,0.0795994894378,0.3523160487320,0.1356427227454,1.0000000000000,0.4899373270928,-0.2865584710967,0.2117679935856,0.2789461164394,0.5154414413686,0.0347364307597,0.0389168450887,-0.2422448803015,-0.1151688551027,-0.2470902888283,-0.0301379766054,-0.3161020155548,-0.2137881178242,-0.0962948283402,0.6685570238041,-0.3208985272563,0.3972692685371,0.1591090860208,0.1350815070418,0.0050368945075,0.1515790688234,-0.2322388401754,-0.0665088710161,-0.0449805232974,-0.2517153062058,-0.0025353124588,0.2785318314296,-0.0357025629721,0.2504367441589,0.2187604153287,0.2203120145726,-0.0938023474842,0.2298779239936,0.0341015358337,0.6817322231000,0.3835184329085,-0.2791076939953,0.1804079397357,0.0393185801581,0.4404339670526,0.1002023440197,0.1375179757649,-0.3013697938885,-0.1506972632250,-0.2321988682686,-0.1650369655763,-0.3710822023454,-0.1773458629597,0.0516124143336,0.4802803523968,-0.2626476392897,0.2686229014848,0.1140437475746,0.1326550856218,0.0217777289489
-0.5201731855144,-0.6568265288303,-0.4003541630150,-0.4691655723742,-0.3624983853607,0.2811293206349,0.7165677180142,-0.0341351347563,0.8096184643710,-0.4744293860419,0.1855324094691,0.3754966115293,0.2122283523527,0.0985796959381,0.4899373270928,1.0000000000000,-0.3947973214559,-0.4487542934799,0.3356396608201,0.0114775970308,-0.2844157681728,0.0675712594260,-0.6268672986443,-0.1161944453236,-0.5575699806487,-0.5472772287119,-0.5863717706618,-0.3659355812234,-0.1647615921872,0.1404256474062,-0.6707398007558,0.1867429760330,0.0277397923584,-0.1963252972246,-0.4913085793019,-0.5307528475136,-0.5308559495163,0.3889459708607,-0.5178421591679,-0.4610458032759,0.1783558427722,0.7136447856300,0.1203547856904,0.7128284510067,-0.2300583777459,0.1331469106619,0.2628909264392,0.1668916904374,0.2227171722295,0.4153530730366,0.9099143135405,-0.4692568132902,-0.3025980908300,0.2746205871880,0.1887081011426,-0.1313348248629,0.1611528947988,-0.6676987705350,-0.3942016161350,-0.4806562230438,-0.5514039401629,-0.5451351222164,-0.1491425671607,0.1496902022125,-0.0340596119231,-0.2895495011053,0.6811506800201,-0.0644962137946,-0.2151988658326,-0.4310680692818
0.2941025681383,0.4167302028239,0.4274069683239,0.5072981348080,0.4200016838171,-0.1822714829548,-0.5164753850338,0.4374518775217,-0.4987571320272,0.2850571050614,-0.1117831089409,-0.3143779223361,0.1104272892709,-0.0952573389237,-0.2865584710967,-0.3947973214559,1.0000000000000,0.1988226972181,-0.2516471727342,0.1213979392495,0.2936077117754,0.5041160552754,0.5221815639846,0.6711213285278,0.7902790260987,0.3598711700377,0.0729441166834,0.4644371146530,0.6550382331767,0.0495775572216,0.6385980213538,0.0345153262785,-0.0351169625998,0.2114785658094,0.3351174854672,0.2114807491769,0.3793714657422,-0.2059349108336,0.4929727277409,0.3937630963709,-0.4018083867657,-0.5624224723129,0.3555116100202,-0.6041104469135,0.2226417913470,-0.0169724444682,-0.3748963954891,0.0870699912687,-0.3077297830052,-0.4441565410001,-0.4754957198549,0.9572412858600,0.2009888696468,-0.3527716599329,0.0095064633711,0.2255513725947,0.3783661312257,0.5595346689544,0.7156404409547,0.7590114479951,0.3263031049022,0.0534745764872,0.2717350919369,0.4077264053260,-0.0593239255323,0.5831362469730,-0.3450513675412,-0.0639653139298,0.0283451377896,0.3018242439304
0.7092543735234,0.6695119574389,0.0790588026944,0.7175584205914,0.4298215846472,-0.2720124320803,-0.2735620711577,0.0588725126364,-0.5532967321025,0.6494021118690,0.2319413697349,-0.5293595476763,0.4401753279782,-0.2352936397359,0.2117679935856,-0.4487542934799,0.1988226972181,1.0000000000000,-0.3609923904145,0.5289045633418,0.5591520063123,0.0514073481147,0.4256518280791,0.1205769572966,0.3675163492673,0.5813080255712,0.3866463816262,0.1631411367528,0.1519046429121,0.5529832480441,0.3380405668617,-0.0012886825764,-0.0380807461929,0.6281317610903,0.6733149296916,0.6533981319547,0.5267303549710,-0.5103994247985,0.6944272840075,0.3540143825308,-0.3646274389362,-0.4827605720114,-0.1440728471273,-0.5375998237868,0.5829905507365,0.3209959530365,-0.5281517877148,0.3884679208948,-0.4393584617882,-0.0217863394153,-0.5248521716244,0.2667853678543,0.8820788378181,-0.4515288876909,0.5432493814365,0.5148394700870,0.0294709198893,0.4112749503034,0.3486429710847,0.3321384661330,0.4700384046410,0.4155437970223,-0.0444835219073,-0.0253068905771,0.5259979006619,0.0097281920338,-0.5819542305030,-0.0218098210415,0.6465730379606,0.6013193462701
-0.2236512159606,-0.3558528022844,-0.0257510464098,-0.4502069778269,-0.4444473474398,0.1219027242089,0.3771841332256,-0.3196611545925,0.5555794464291,-0.4664416380639,0.0299324094144,0.9079402592655,-0.2449917742047,0.6344084691487,0.2789461164394,0.3356396608201,-0.2516471727342,-0.3609923904145,1.0000000000000,0.1564905653608,-0.3833026141424,-0.2608876306073,-0.4176240788655,-0.2225900421017,-0.4439357470131,-0.3260135207935,-0.0112834085875,-0.1172266604740,-0.3917787173647,0.0090264802608,-0.3701404829312,0.2843974308659,0.0765745566343,-0.3898586068097,-0.2153742213919,-0.2060221634509,-0.3532399048710,0.3387094213118,-0.5120569857463,-0.4969249374388,0.3577679345401,0.5539725994786,-0.1954787337914,0.5916340113945,-0.5076006179788,-0.0686666061070,0.7378142576358,-0.3783217668252,0.6235452832224,0.5026528897606,0.4788657668392,-0.2552666287905,-0.3598940737362,0.8257745762685,-0.1532994918424,-0.4042253941934,-0.1699824065812,-0.3960702522177,-0.1809529694957,-0.5111592550045,-0.3245264835013,-0.1876057272007,0.0248382473218,-0.3106919961230,-0.0475275728341,-0.1481137675318,0.6661696279090,0.2623704683561,-0.3362235809669,-0.2652616421890
0.4280879562346,0.2238477791699,-0.0573606775711,0.4286816992617,0.1700445347854,0.0293986599683,0.0183334134870,-0.0668419975143,-0.2365673590192,0.2763635433420,0.1458699846915,-0.0927563357508,0.3293966229830,0.2272278004635,0.5154414413686,0.0114775970308,0.1213979392495,0.5289045633418,0.1564905653608,1.0000000000000,0.2306782368222,-0.0774082380588,0.1134335022175,-0.0475713335873,0.1593735259508,0.5241931628816,0.2599469522664,-0.0109874294169,0.0484961283373,0.6575440773315,0.1183793058235,0.4656049550865,0.1463023829001,0.2188240584349,0.6101114897732,0.3459442848700,0.0793285802003,-0.3797409997024,0.3504184386710,0.0372528573608,-0.1034434649949,-0.1850457675223,-0.1769873594969,-0.1987361350403,0.2474111619320,0.1979532513334,-0.2344477797527,0.2394034928157,-0.0055530630918,0.3776576650521,-0.1355409288275,0.1914106791523,0.5214783087423,-0.0027804476712,0.7332226520388,0.2195084977751,-0.0581855971380,0.1216506573111,0.1623108385023,0.1075878296457,0.4234638931283,0.2009845641011,-0.1413789939073,-0.1000811686381,0.6198953650774,-0.0693140982960,-0.1282908373848,0.0588833296703,0.2106883220943,0.6097790770597
0.4755120145704,0.5624479313213,-0.0495307392031,0.6657992008730,0.8440920362283,-0.1634913932810,-0.1329424700631,0.0880394240586,-0.5106192927880,0.6078326485118,0.5190474249967,-0.4451621090792,0.7413141377936,-0.1712688211671,0.0347364307597,-0.2844157681728,0.2936077117754,0.5591520063123,-0.3833026141424,0.2306782368222,1.0000000000000,0.1952366300372,0.4235917340695,0.1430049662488,0.5580291709195,0.4606646529956,0.1856655858838,-0.0396990282947,0.3809872002096,0.4381896018079,0.4073930045573,0.1144080367211,0.1055690426143,0.5167300926798,0.5432847309190,0.5141828272644,0.4295281383585,-0.5550370227873,0.6259795056998,0.6949798949049,-0.3219733201708,-0.3843070635068,0.0080359717662,-0.4978751916356,0.6443214013980,0.6461811149609,-0.4806297586168,0.7667689241025,-0.3663374515986,-0.2011415055356,-0.3765827037667,0.3386372596237,0.5579714249498,-0.4648148271351,0.2707027722493,0.9100891215360,0.1546809270279,0.4540893054928,0.3942735114747,0.5629297682352,0.3875614797640,0.2073758107615,-0.2299485603373,0.1926986694126,0.3693689420115,0.1775320681539,-0.4126032813547,0.0779639569280,0.4036522028162,0.4985372470918
0.0292350224163,0.1535409358512,0.2631621584382,0.3477240106498,0.3210000985578,-0.2153216731291,-0.2634531807228,0.7419851733223,0.0113258802258,0.2347184083959,0.0450873657457,-0.3184372511911,0.3420400420285,-0.3927932693236,0.0389168450887,0.0675712594260,0.5041160552754,0.0514073481147,-0.2608876306073,-0.0774082380588,0.1952366300372,1.0000000000000,0.3470639726741,0.9154491640770,0.3558302008106,-0.2028531587965,-0.5274130591231,0.2799900002815,0.8146676519178,0.0755487055936,0.2295795054763,0.0324675916931,-0.1080830376049,0.1791192783121,-0.1767588339863,-0.1430834393223,0.2181854796950,0.0972285470533,0.2152336550786,0.1647824149621,-0.5859541917183,-0.2851512497496,0.7003077073438,-0.2914225415579,0.3223748941591,0.1038630740773,-0.5020235104587,0.2675356190120,-0.5230848217365,-0.3806712209890,-0.0184255008310,0.4123409189848,0.1057048577315,-0.4885678515000,-0.0352888718342,0.2665251060224,0.9457564581692,0.2835896071460,0.6704825174072,0.4009556667349,-0.2984328550210,-0.5223406231766,0.2127782720790,0.9226346177225,-0.2287855315337,0.6022011781268,0.0645631552935,-0.1302012708619,-0.0078665557130,-0.2330010035641
0.5070566882397,0.7307066226358,0.5657333432658,0.7292917496914,0.6794991098882,-0.3544965211820,-0.6753121269264,0.3983458639235,-0.6639271002405,0.7681504131088,-0.1407327755817,-0.4786469935949,0.0948871308404,-0.2325890143707,-0.2422448803015,-0.6268672986443,0.5221815639846,0.4256518280791,-0.4176240788655,0.1134335022175,0.4235917340695,0.3470639726741,1.0000000000000,0.4405791898810,0.7446533004095,0.4463233387012,0.2607309262196,0.3758387976563,0.4709126106621,0.1010600943811,0.8311269053020,-0.0369580348537,-0.1309317673468,0.2508499651459,0.4232647542116,0.4295584396800,0.7234206283741,-0.3253561972671,0.6781413897973,0.6977342479147,-0.4732974120941,-0.7255576254187,0.2182198552309,-0.7455691435014,0.6185556592183,-0.0050517041818,-0.4865909795512,0.0928190111711,-0.4239146656655,-0.4508289997083,-0.6733143296280,0.5600607106687,0.3840050659640,-0.4806749591721,0.0200781699830,0.3382581766634,0.2659404874840,0.9701274298263,0.6331123680097,0.7203547950209,0.4215413143257,0.2584812314658,0.1667877430372,0.2560726141405,0.0829295989685,0.6044133596037,-0.5329302882231,-0.0971184610724,0.1992992909755,0.3884339918710
0.0769837603573,0.2779606549103,0.4622546962355,0.3883740653047,0.2907406908593,-0.2641586656745,-0.3925769781936,0.7127535119907,-0.1134341159800,0.2260375442378,-0.0295560353699,-0.2876221419225,0.2124733218990,-0.3506378329053,-0.1151688551027,-0.1161944453236,0.6711213285278,0.1205769572966,-0.2225900421017,-0.0475713335873,0.1430049662488,0.9154491640770,0.4405791898810,1.0000000000000,0.4741437833526,-0.0828536049878,-0.3041090639805,0.5054512487755,0.8020089806857,-0.0145119183925,0.3880255543081,-0.0587411556554,-0.1342217450916,0.1807264928380,-0.0443347591285,-0.0726727862479,0.3051390853732,0.1456660597044,0.2880243201188,0.1857235845133,-0.5535613418680,-0.3960119929791,0.6785137479230,-0.3922739303675,0.2460840188814,-0.0016136423833,-0.4621759373536,0.1215643502363,-0.5168898758286,-0.4601384831614,-0.1752071001540,0.6003825703766,0.1513403242264,-0.4515926261375,-0.0779728577297,0.1768966484029,0.8407253685702,0.3933108229039,0.7978590055697,0.4854697577103,-0.1733337036801,-0.3265193701109,0.3906431723972,0.8035788053071,-0.2931445979976,0.7172357060308,-0.0634042354607,-0.1594521465474,0.0026973849876,-0.1316434873170
0.5347935953420,0.5889842703414,0.4026227953491,0.7195064048975,0.7230135588281,-0.2229227976847,-0.5664418438679,0.4240654834118,-0.7189718720505,0.6422105572301,-0.0173721533420,-0.5046483171637,0.2089826751196,-0.1361635837173,-0.2470902888283,-0.5575699806487,0.7902790260987,0.3675163492673,-0.4439357470131,0.1593735259508,0.5580291709195,0.3558302008106,0.7446533004095,0.4741437833526,1.0000000000000,0.5677036977039,0.2579564476849,0.3548061855164,0.6479259348189,0.1477416793891,0.8387937518260,0.0636860727506,0.0273286014327,0.3274596365012,0.5058446665939,0.4929496976809,0.4983559155197,-0.4600966226733,0.7190249801197,0.7126422890408,-0.3688001384295,-0.7123324765110,0.2857011865071,-0.7753137220884,0.5591305925174,0.1027018683774,-0.5008890639512,0.2479117550275,-0.3661491852961,-0.4164796183978,-0.6623207399826,0.8366690407651,0.3069366106008,-0.5021069412805,0.0538899691418,0.4551524220840,0.2420707943559,0.7886726527906,0.6528367704066,0.9582394444732,0.5186880379494,0.2395095888757,0.1144471520545,0.3211604872782,0.1325020859327,0.5499759443164,-0.5619039518930,-0.0228749168018,0.1817849227135,0.4750073369248
0.6252096333887,0.6693054567505,0.0380203054845,0.6594800225696,0.4349838052589,-0.0458297302876,-0.3331420913292,-0.1075582979578,-0.7450786627963,0.5039566099258,0.0595228126485,-0.3834881118237,0.1643655777214,0.2124478387986,-0.0301379766054,-0.5472772287119,0.3598711700377,0.5813080255712,-0.3260135207935,0.5241931628816,0.4606646529956,-0.2028531587965,0.4463233387012,-0.0828536049878,0.5677036977039,1.0000000000000,0.6827152998779,0.1937082477681,0.1095616017739,0.3728652082006,0.5089512717687,0.1639173990851,0.1360294044342,0.3408619392653,0.8785894787418,0.6045043833759,0.4687997119845,-0.6842605758049,0.7574883120223,0.4824805609915,-0.1042221713175,-0.5751149607443,-0.3178871983020,-0.5968093623689,0.3818043978545,0.1107709734502,-0.3151664344533,0.2219995351677,-0.0237902614106,-0.0502056972940,-0.6944088899660,0.4446794167813,0.4985649327845,-0.3025618482725,0.3947254326974,0.3730415420918,-0.3186057992517,0.4981288042729,0.1943275470152,0.4929394000609,0.9389449056060,0.6298744648966,-0.0268180729882,-0.2370102334069,0.5211250222684,-0.0477903846112,-0.6857542411791,0.0605110438512,0.2932747594843,0.8912684985216
0.3315052346381,0.5507546315511,0.1801488274078,0.2417862220247,0.1745208065315,-0.0797679755773,-0.2693413747551,-0.4066106143913,-0.5284276337055,0.1984770924114,0.0175474988395,0.0080643672597,-0.1981858674007,0.3010834931775,-0.3161020155548,-0.5863717706618,0.0729441166834,0.3866463816262,-0.0112834085875,0.2599469522664,0.1856655858838,-0.5274130591231,0.2607309262196,-0.3041090639805,0.2579564476849,0.6827152998779,1.0000000000000,0.3282404793116,-0.3140574346238,0.0003938126530,0.3402939327441,-0.1490669301676,-0.0448963430831,0.1212706872499,0.6348245493728,0.4522693038892,0.4111341870176,-0.2758097296846,0.4320547474076,0.3381470397414,0.1635934910087,-0.3133130208516,-0.4734132078762,-0.2877533061427,0.0334113210686,-0.0339596135906,0.1435636175834,-0.1246940885758,0.2068226731746,-0.0528433599428,-0.5449673895715,0.1791886678274,0.2841239206152,0.1428453863741,0.1227406045334,0.0973902874598,-0.6161545728969,0.3262488880966,-0.0144082584905,0.1632580884571,0.7279629952208,0.9151920004258,0.1967017439213,-0.6253573742979,0.2194387941744,-0.1415398454234,-0.5440910961547,-0.0367196918414,0.1846828192110,0.5902615952758
0.2210565035358,0.3797847498766,0.8014321279140,0.1867698105299,0.0851707301281,-0.2851218507802,-0.3903410598059,0.3809502524818,-0.2227909575248,0.1062770929141,-0.1282544159697,-0.1535422007688,-0.2538157919205,-0.1987732903516,-0.2137881178242,-0.3659355812234,0.4644371146530,0.1631411367528,-0.1172266604740,-0.0109874294169,-0.0396990282947,0.2799900002815,0.3758387976563,0.5054512487755,0.3548061855164,0.1937082477681,0.3282404793116,1.0000000000000,0.1794964873823,-0.2404083906471,0.3986099069473,-0.3640631047684,-0.3557824094763,0.0129843552994,0.0725283758981,0.0736410007970,0.3949746401281,0.3684885207054,0.2963573598745,0.1879142395786,-0.3389127375354,-0.3694583478882,0.3367146728269,-0.3346226968022,0.0156946625468,-0.1595564709301,-0.1465034491365,-0.2761878213755,-0.2899932561366,-0.3477452088223,-0.3226380690318,0.4452661893296,0.0617367514481,-0.1816006046801,-0.1282531589215,-0.1024600246362,0.2017655661388,0.3508874404289,0.4212104200798,0.3148423241213,0.2126260829693,0.2812916316196,0.8922257599430,0.1051809036732,-0.3595823803986,0.4454787908456,-0.3786198713206,-0.4015479742905,-0.0282032243510,0.0070594759050
0.1719706994868,0.2410601031329,0.1965688373343,0.5402938085327,0.4922100441245,-0.1308897328946,-0.3536309030263,0.7082369158618,-0.2990360598480,0.3567451160040,0.0863056548377,-0.4580504753152,0.3564577254143,-0.3138119177562,-0.0962948283402,-0.1647615921872,0.6550382331767,0.1519046429121,-0.3917787173647,0.0484961283373,0.3809872002096,0.8146676519178,0.4709126106621,0.8020089806857,0.6479259348189,0.1095616017739,-0.3140574346238,0.1794964873823,1.0000000000000,0.0883869098391,0.5311105606975,0.1500188026994,0.0794319400623,0.2459115438461,0.1025325866607,0.0713918970411,0.1784960885631,-0.2593093655574,0.4081955485948,0.3477745703399,-0.4696691721955,-0.4809618081808,0.6153633051697,-0.4998765677945,0.3703224634758,0.1535322543407,-0.5800846203229,0.3256209928996,-0.4948451493211,-0.4389545173223,-0.3095976371039,0.6111642764250,0.2099891975987,-0.5727353609036,0.0281656689359,0.3757119933912,0.7256962788819,0.4581138943898,0.6803269627123,0.6580774804648,0.0125092917101,-0.2982520381686,0.0124373617958,0.8660644716933,-0.1073296265152,0.6603085087715,-0.1567996224412,0.0113927408489,0.0246474231714,0.0544379720924
0.5362796519529,0.2850736387830,-0.2304913405775,0.5072244807349,0.3260484555785,0.0731747707989,0.1092527973313,-0.0437520325743,-0.1460977878361,0.3992670302718,0.3649625061436,-0.1696761905637,0.6003437063151,0.1021991031941,0.6685570238041,0.1404256474062,0.0495775572216,0.5529832480441,0.0090264802608,0.6575440773315,0.4381896018079,0.0755487055936,0.1010600943811,-0.0145119183925,0.1477416793891,0.3728652082006,0.0003938126530,-0.2404083906471,0.0883869098391,1.0000000000000,0.0276827819679,0.4670645204448,0.2379485037223,0.5279355638502,0.4910200736134,0.4752741577084,0.1787356935453,-0.4634553046919,0.3908090791353,0.1622360912961,-0.1272321454437,-0.0968749122055,-0.1892562922833,-0.1825731345816,0.4934897972335,0.4017622340519,-0.3327171449559,0.5458202094000,-0.1116076742312,0.3729324816245,-0.0193702061319,0.0924908606675,0.5335953422320,-0.1772507156252,0.5924169555701,0.4780086366024,0.1084365682119,0.0773867135599,0.1456770981733,0.1414394185331,0.2400456525992,-0.0367535496209,-0.3487169752518,0.0342802591687,0.8187382646633,-0.1599759726216,-0.0501694564223,0.1868711533468,0.4482129057685,0.5150977930074
0.5070736783829,0.5602425114062,0.5781647691859,0.6418753084039,0.6213761050816,-0.2069813351283,-0.6115118577462,0.3626976794022,-0.6943597474125,0.5834238251860,-0.1033558112353,-0.4195191187289,-0.0129932668158,-0.1299492722854,-0.3208985272563,-0.6707398007558,0.6385980213538,0.3380405668617,-0.3701404829312,0.1183793058235,0.4073930045573,0.2295795054763,0.8311269053020,0.3880255543081,0.8387937518260,0.5089512717687,0.3402939327441,0.3986099069473,0.5311105606975,0.0276827819679,1.0000000000000,-0.0269354889847,0.0099757621651,0.2047531713874,0.4562009552178,0.4662452624404,0.4691632620558,-0.3866824683583,0.6114446962201,0.6709263716747,-0.2777052871791,-0.6918047252487,0.1784540104073,-0.7172916779736,0.4050501777722,-0.0376940465264,-0.3874513230973,-0.0057272914518,-0.3140769192605,-0.4379756481166,-0.7185978386373,0.6998551720776,0.2816426785590,-0.4051624717395,-0.0313351703895,0.2543238450270,0.1107041040840,0.8735242167134,0.5875349281625,0.7997691566147,0.4890010580206,0.3318184402159,0.1688369159600,0.1805966382712,0.0435891158137,0.6563434383878,-0.5552099321676,-0.0021263657201,0.1338234384055,0.4367535840824
0.1075183205761,-0.0438034486111,-0.2702947322163,0.1554723511859,0.0879060750160,0.2550835772618,0.0693579375891,0.0000959155843,-0.0303128476157,0.0811812596100,0.1795902566429,0.1453881486838,0.2100383403290,0.4482698180827,0.3972692685371,0.1867429760330,0.0345153262785,-0.0012886825764,0.2843974308659,0.4656049550865,0.1144080367211,0.0324675916931,-0.0369580348537,-0.0587411556554,0.0636860727506,0.1639173990851,-0.1490669301676,-0.3640631047684,0.1500188026994,0.4670645204448,-0.0269354889847,1.0000000000000,0.4692876927949,0.0042932177368,0.1965182499813,0.1046367542695,-0.1723155338134,-0.3651936745154,-0.0193457946681,-0.0932244675954,0.0806825704795,-0.0467662325332,-0.1027762817514,-0.0336029017054,0.0878388935641,0.1596136098057,-0.0041201296984,0.1543373603282,0.3045128991910,0.3430954394510,0.0505395636425,0.0550230656093,-0.0029204787340,0.1696760621044,0.2346073528195,0.0853018916592,0.0627284727991,-0.0308501120909,0.0452978626252,-0.0013408999946,0.0830549908468,-0.2521043473167,-0.3907940901837,0.0738726489433,0.4635625346960,-0.0614264545957,0.3344637198410,0.3836787397717,-0.1072693948043,0.2388536822232
0.0290747278397,-0.0727448452122,-0.3316019028875,0.0771921528053,0.0365673100969,0.6319285756872,0.1387117364604,-0.0843036267309,-0.1317328211099,0.0099131284546,0.0581954275730,0.0106389380835,0.1204677027024,0.3094083813251,0.1591090860208,0.0277397923584,-0.0351169625998,-0.0380807461929,0.0765745566343,0.1463023829001,0.1055690426143,-0.1080830376049,-0.1309317673468,-0.1342217450916,0.0273286014327,0.1360294044342,-0.0448963430831,-0.3557824094763,0.0794319400623,0.2379485037223,0.0099757621651,0.4692876927949,1.0000000000000,0.0493040098218,0.1179226612815,0.1183978137984,-0.2636434413916,-0.3632320043939,-0.0157507046587,-0.0651906947871,0.5411503049397,-0.0011738886579,-0.1664751896418,0.0073486921969,-0.0441057161514,-0.0311068779391,-0.0187378189054,0.1229258069603,0.2911353832045,0.2213840567403,-0.0884142442984,0.0042907219179,-0.0775762391283,0.0616936383841,-0.0215703564604,0.0840771465896,-0.1289697694666,-0.0653139364305,-0.0832924674894,-0.0137801085997,0.0699360315205,-0.1534539977178,-0.4520061415666,-0.0417871655991,0.3143500902957,-0.1192312238665,0.1041165436269,0.7954640689506,-0.0669132782544,0.1783826855562
0.4580513884109,0.4571542469163,-0.0695543565571,0.5602833579278,0.3956432920280,-0.0924911041520,-0.1425528532253,0.1388431769717,-0.3193410322824,0.4421169214886,0.3181428478069,-0.4572405183799,0.5051705818329,-0.3128875938933,0.1350815070418,-0.1963252972246,0.2114785658094,0.6281317610903,-0.3898586068097,0.2188240584349,0.5167300926798,0.1791192783121,0.2508499651459,0.1807264928380,0.3274596365012,0.3408619392653,0.1212706872499,0.0129843552994,0.2459115438461,0.5279355638502,0.2047531713874,0.0042932177368,0.0493040098218,1.0000000000000,0.4404642189109,0.4995672502177,0.3322530151451,-0.4014157656441,0.5410203814897,0.3407575526867,-0.2781969826948,-0.2944022357351,-0.0013022102566,-0.3669288238767,0.5155509331397,0.3796230650686,-0.5048693430799,0.5025178066109,-0.4664671810105,-0.0432576145592,-0.2910427255982,0.2292090409974,0.5571907922309,-0.4913708021336,0.3042800454219,0.5638737640517,0.1324530683149,0.2315822724375,0.2228047053782,0.3127555015044,0.2055115612287,0.1720719612119,-0.1739239431622,0.1336951831319,0.4067070226110,-0.0059378868977,-0.3928421026457,-0.0314699523235,0.8096923694957,0.3675267730092
