1.0000000000000,0.5469840356770,0.3235490008956,0.5241825564603,0.3518177974131,0.0436728183562,0.0359589500160,0.3527614068639,0.0440732383849,0.1962491268648,0.1670650851182,0.3741334624210,0.2961862249580,-0.0041729638596,0.3223969569313,-0.1124059385371,0.4610207301859,0.4399471716042,0.2278846688546,0.3901073099874,0.4142667740122,0.4682635138820,0.4588971543326,0.4784633368501,0.2428288640222,0.4649900753528,0.3972317175685,0.4990147847028,0.4769023210430,0.3853238243050,0.4630486842749,0.0630811068730,0.1265372559435,0.4541204560896,0.5262011604946,0.5404460332676,0.4165998103960,0.1197537695915,0.4670875152837,0.4187848688668,0.0016562476101,-0.0312311772110,0.1874370249356,-0.0784999529224,-0.0456807884356,-0.0078011701355,0.2727808947415,0.1518426687461,0.0075499457909,0.0343292573839,-0.1871982153534,0.4693653480402,0.3185150811109,0.1035262153443,0.1889110622298,0.4725627632811,0.4627317998087,0.4235203989476,0.4675169123102,0.2282384828940,0.3674410344716,0.2840406981206,0.3661772631654,0.4207270295560,0.2512492007251,0.3444790542438,-0.0167518226991,0.0292760851146,0.3218135776196,0.4854516356534
0.5469840356770,1.0000000000000,0.4208740869782,0.7299616528982,0.3912450197905,-0.1868096946158,-0.1237584046110,0.4740908406104,-0.1689610586398,0.1069995304651,0.2276275740568,0.2497212073832,0.2887666883852,0.0387186786218,0.0908790192659,0.0212002253223,0.4626011894620,0.4569821008663,0.0730195768237,0.2536254400043,0.3715521971966,0.5674072103687,0.6322510969823,0.5101640789384,0.4227171027489,0.4126244206353,0.4761180419603,0.4247076753789,0.5494980635463,0.3182989789271,0.5777215593009,0.1261034012044,-0.0575588888203,0.3174818250086,0.4921337381067,0.4579703932503,0.7846597899043,0.0305579819988,0.4539441737306,0.4888135184411,-0.2416392694006,-0.2662204737973,0.4050329364482,-0.3066989172337,0.0042985001489,0.0686303770434,0.0721398921084,0.1978073738881,0.0009758855273,-0.2281827366255,-0.1519052887924,0.4603779592712,0.5210359749116,-0.0877915537484,0.3208538917514,0.3797080562219,0.4800732643557,0.5889452264115,0.4402598621867,0.3869407021508,0.3665165328280,0.3839097744882,0.3614041820508,0.5851009592096,0.1232865268864,0.4258821646896,0.0931694454209,-0.0310915506748,0.2455473635427,0.4518814415526
0.3235490008956,0.4208740869782,1.0000000000000,0.3830732932462,0.5113711778659,-0.1279407940470,-0.0408171255265,0.7444082224418,-0.0273426344789,0.4625945227086,0.1391427709844,0.1710078498442,0.2555212618187,0.1175250032113,0.0959040301743,-0.0654715723595,0.5423151475784,0.3267203029834,0.0019755491070,0.1182399115142,0.4163153897229,0.7304986228584,0.4668672088184,0.7328494833121,0.5484020890587,0.3184156451560,0.4924478046302,0.8021101618366,0.5208472759308,-0.0022131660616,0.6008677220272,0.2645028977529,-0.1327373813749,-0.0218295617330,0.1373970881151,0.0416965983638,0.2052309533916,0.5692094317539,0.2458020677339,0.5318368298273,-0.1051125751280,-0.1675354353936,0.3624862734904,-0.1919775846537,0.3422245950706,-0.0526403874967,0.0402007774037,0.2752933821946,0.1119815419737,-0.1942008419332,-0.0559315258347,0.4498165160309,0.2177414723953,-0.0648475521963,0.0725177448263,0.3859141449272,0.5238170286146,0.3436048697486,0.5794008375330,0.4851580698430,0.2184233690684,0.2032036133118,0.6943331212280,0.4974561508440,-0.3380509798276,0.2571228915930,-0.0761544967843,-0.2402088647668,-0.0916496237475,0.0887626165923
0.5241825564603,0.7299616528982,0.3830732932462,1.0000000000000,0.3623841613236,-0.2155147671838,-0.0097073313877,0.4872842513091,-0.0252324721474,0.1931817210010,0.4079203067846,0.1774322823950,0.3297870553631,-0.0049675234484,0.2437667478156,0.0674345827601,0.3665807193594,0.4451727767463,0.1427351551846,0.3479264276617,0.3328846924728,0.4893294970756,0.6423782336891,0.3934004208518,0.4015802047256,0.3591169884582,0.3572807136100,0.3756873306042,0.5008771969668,0.3207917661016,0.5175799838525,0.0963631464258,-0.0835723588650,0.3510753025841,0.4957337701064,0.4564521407071,0.5820020967834,0.1522703490110,0.7420903312434,0.4419712145775,-0.2876674647172,-0.1700472116473,0.4544120536182,-0.1616390862894,0.1374035366451,0.2265556290551,0.1066951517940,0.2321646800257,-0.0141490228270,0.0671151682393,-0.0807943736578,0.3748150375737,0.5074387573111,0.0354682813441,0.4400596028061,0.3574764085802,0.4777751685720,0.6480826452767,0.3994042533520,0.4121162229849,0.4458796244479,0.3428608096781,0.3688225671849,0.5583219642656,0.1966806757737,0.3829230898161,0.1584187256975,-0.0701458084366,0.2788198969535,0.4144367945993
0.3518177974131,0.3912450197905,0.5113711778659,0.3623841613236,1.0000000000000,-0.0833844870888,0.1307927396580,0.5598356781670,-0.1410660255860,0.5820668644922,0.3107473552256,-0.0058367136841,0.5404863542487,0.1649526520716,0.0481901711817,0.0055149133590,0.3797438208431,0.3162229123830,-0.0866708059530,0.0688333611004,0.8336229892986,0.5490624116601,0.4287171676765,0.5144144525000,0.5821164681697,0.3828650507291,0.3072873014266,0.4500863922855,0.5116220851533,0.0828964684178,0.4227878266486,0.2745538040043,-0.0813920364994,0.1616942715149,0.1387389312571,0.2372156461422,0.3125812962712,0.2800143406967,0.1444737164572,0.8847599314525,-0.0652520498230,-0.0602386080988,0.4119393872288,-0.2278678046119,0.4578764879602,0.2008597211611,-0.0251837156763,0.5898545473376,0.1626986273178,-0.1137684487213,-0.1138727397601,0.3768490879210,0.2640719903763,-0.1427480380702,0.1003858355925,0.7154873868726,0.5179479144416,0.3309043326147,0.5471687619978,0.5417432817493,0.1965631540014,0.1804378971169,0.4659837623527,0.5493347637612,-0.0812922535884,0.2520963353007,0.0162251421153,-0.0494987848025,0.1283254227585,0.1435413730108
0.0436728183562,-0.1868096946158,-0.1279407940470,-0.2155147671838,-0.0833844870888,1.0000000000000,0.5249072214227,-0.3352241727597,0.6234154643778,-0.0169197367875,0.1391745917240,0.3223035151603,0.1070614172097,0.2317629654583,0.1097157631310,0.2988355405807,-0.0523453379227,-0.3265506038308,0.1298185020737,-0.1962536435881,-0.0072829115148,-0.1527654423547,-0.2949571180279,-0.1064556474475,-0.1592037299234,0.1304556532031,-0.0457435933768,0.0600616368806,-0.2333576366125,-0.0015996367834,-0.2455469169962,-0.0437009583472,0.5980189252612,-0.0097540165551,-0.0029596851241,-0.1737246740160,-0.2526364830616,0.0011584194618,-0.0130059998256,-0.1062698878459,0.8322499003543,0.7418795056122,-0.4062334962405,0.6468124476921,-0.0010472805235,0.1991158142285,0.4645868861085,0.0320727815469,0.2854589134090,0.1276198345447,0.5115078537739,-0.0975735436109,-0.3713097448357,0.3349522289838,-0.3194008519182,0.0622862622148,-0.1741415638841,-0.2983841897006,-0.0940964181858,-0.1482477422882,0.0722339403015,-0.1245027950738,-0.0109997461772,-0.3606278029271,-0.0826563442830,-0.2599018579785,-0.2487335683759,0.5070778754545,-0.0410118749581,0.2124079918588
0.0359589500160,-0.1237584046110,-0.0408171255265,-0.0097073313877,0.1307927396580,0.5249072214227,1.0000000000000,-0.2499115269366,0.7519063065002,0.0217767510374,0.5967685073228,0.4689634790481,0.4879105427656,0.3878199675790,0.5279875922926,0.4535670166968,-0.1538036048265,0.0326441575417,0.3941927109739,0.2563433060110,0.2481100263188,-0.0773308252913,-0.3656911611525,-0.1139988638364,-0.2028479874793,0.1823353282528,0.2323373323613,0.0782072246710,-0.2059896728044,0.3129076696653,-0.2747385806385,0.2626530974092,0.4026589581813,0.0219753278486,0.1653344472520,-0.1142146626061,-0.1224620334928,0.0459152535300,0.0804567462766,0.1407973790134,0.5772771993363,0.7771363968386,-0.3578810934661,0.6292602038322,0.0565084444396,0.5182628493594,0.4638908762671,0.5793782846728,0.3582924853228,0.2897051058738,0.5788009733396,-0.2332355196340,-0.1414278205176,0.5121977754698,0.1029342315485,0.2082699897088,-0.1698502471235,-0.3547465772619,-0.1217273922181,-0.1634773735451,0.1671823181691,0.0726143213617,0.0199822869621,-0.1904095178452,0.0834162771284,-0.2885287544350,-0.0085535338765,0.3119872852694,-0.0448820582884,0.2212452430974
0.3527614068639,0.4740908406104,0.7444082224418,0.4872842513091,0.5598356781670,-0.3352241727597,-0.2499115269366,1.0000000000000,-0.3476184999087,0.4851437097613,0.0128173222035,-0.0316970031823,0.1209729645289,-0.1088918017351,-0.0057329334944,-0.1572415492061,0.5321742975884,0.3208119246318,-0.2315897915987,0.0076773410295,0.4596568265899,0.7104022714257,0.6660579569880,0.6357879395048,0.7498855644165,0.2388613248654,0.3469272526319,0.5159580842755,0.7198242634207,-0.0092100184504,0.7245796295428,0.1535590804555,-0.1325070152196,0.0197171672130,0.1312783631137,0.1783500723652,0.2971058559083,0.3291524618578,0.2695686552121,0.6017946163423,-0.3305281318622,-0.4428019585996,0.7540519051200,-0.4596164653079,0.3745746286246,-0.1932424518880,-0.1847923209966,0.1751582795606,-0.0811623145774,-0.2018980493775,-0.3494047043593,0.5439688915883,0.2790543350999,-0.3375886398128,0.0732857162140,0.4100343264456,0.6072634848899,0.5993104838422,0.5398313011154,0.7067340558851,0.1725802600658,0.2292814804682,0.4787080445135,0.7570955323774,-0.1567970755177,0.4694329985628,0.0553022906477,-0.1739566439074,-0.0149318204260,0.0514488363471
0.0440732383849,-0.1689610586398,-0.0273426344789,-0.0252324721474,-0.1410660255860,0.6234154643778,0.7519063065002,-0.3476184999087,1.0000000000000,-0.0596987297748,0.4312311289264,0.4905453616635,0.2152829637188,0.3098552372465,0.4195000909717,0.3733547318353,-0.0992034304172,-0.2149811616134,0.3338320107859,0.0598992392634,-0.0538153883839,-0.1372199113538,-0.3558515707488,-0.1192590097205,-0.2156019270623,0.1098423603274,0.1062168994678,0.1184861429998,-0.2293404273284,0.1739042339189,-0.2803409749616,0.0433930714765,0.3905455732174,-0.0231130717353,0.0937120973108,-0.1203446357130,-0.2233760585507,0.2164131880951,0.1670050097802,-0.1049512160823,0.6560879184582,0.8067321996881,-0.4224089490051,0.8455272723264,-0.0220090399278,0.4054307494142,0.5750036787146,0.1946656295437,0.3354067109567,0.2952286953692,0.6198933483366,-0.1911999000157,-0.3176847756549,0.5312160691924,-0.1151938511497,0.0076810408614,-0.1989011537457,-0.3422149581998,-0.1350911330161,-0.1575138916355,0.1617235871727,-0.0425263055478,0.0395099799443,-0.3407586826988,-0.0067852190379,-0.2688594010949,-0.1750291011815,0.2478834089369,-0.0681167542904,0.2246682682454
0.1962491268648,0.1069995304651,0.4625945227086,0.1931817210010,0.5820668644922,-0.0169197367875,0.0217767510374,0.4851437097613,-0.0596987297748,1.0000000000000,-0.0318962976596,-0.0146572478477,0.2908050205250,0.3382364996328,0.0651662620548,0.1218782005457,0.1604855818358,-0.0146472618421,-0.1335247419702,-0.1205540881110,0.4596997874557,0.2448565731897,0.2902696413896,0.2327048404400,0.5424876298968,0.4172580290509,-0.0072293290138,0.4001681564463,0.2172101688462,-0.0825758407458,0.1734137570293,0.3388423317474,-0.0091317203131,-0.0975655708312,-0.1053499915098,-0.0277475470634,0.0080265486367,0.2049879258517,0.1355742201740,0.5172474794616,0.0287672865692,0.0049158136040,0.2639412602302,-0.1179448025013,0.7793233603418,-0.0199542752066,0.0582976102427,0.3143971142786,0.3713728588578,0.0595323888729,-0.0118188755606,0.1262010298477,-0.1102453166615,-0.1852174398755,-0.1807893546267,0.3840292905077,0.2479234045750,0.1456483663324,0.2670920076885,0.4976857617372,0.2603465774056,-0.0833437294937,0.4432230717373,0.2618314930418,-0.0656039705465,-0.0437666449855,0.0162569868875,0.0248683603993,-0.0727529580611,-0.0339669174320
0.1670650851182,0.2276275740568,0.1391427709844,0.4079203067846,0.3107473552256,0.1391745917240,0.5967685073228,0.0128173222035,0.4312311289264,-0.0318962976596,1.0000000000000,0.2647757042988,0.4915579070311,0.2114789607893,0.4380123208082,0.3450750661230,0.0101626607794,0.3247970941519,0.3873362540814,0.3865727908883,0.3520018559105,0.1938704153793,0.0033572531572,0.0901629538069,-0.0935546085811,0.0610197918608,0.2141917446723,0.1597853631911,0.0510003788390,0.4261323022738,-0.0563270753991,0.2814588384003,0.2150383087934,0.3061550476529,0.2844420088581,0.0324806077550,0.1868464500758,0.0914234795096,0.2882730524119,0.3628242204597,0.1100000397806,0.3798308707294,-0.1084420172174,0.2495672297509,0.0277418858077,0.8572624906009,0.2663223092513,0.5339324010461,0.1269392050771,0.1571302871209,0.4266028942746,-0.0619663015799,0.1900349697182,0.3314885641778,0.3935266046382,0.3693477587949,0.1499815337211,-0.0270211747677,0.1088469645987,-0.0664942022323,0.1559612739524,0.0950676143615,0.0942230250810,0.1689296126806,0.0673130925199,-0.1416304670169,0.1710533817979,0.0725086866961,0.2417906809287,0.3044552764874
0.3741334624210,0.2497212073832,0.1710078498442,0.1774322823950,-0.0058367136841,0.3223035151603,0.4689634790481,-0.0316970031823,0.4905453616635,-0.0146572478477,0.2647757042988,1.0000000000000,0.2926594113649,0.5307010278019,0.5269743806088,0.3241379500594,0.2053460472233,0.1463200402835,0.6018654620971,0.3394339929290,0.1818119463375,0.2177849212429,-0.0243614228696,0.2017859651416,-0.0904769788338,0.4241335086369,0.4357080301442,0.3723881726808,0.0881776656237,0.5447860104226,0.1265594843049,0.3801091656688,0.3609940664851,0.0635734647391,0.4401942621866,0.1098888448331,0.1927300816059,-0.0078635601322,0.2785011350290,0.1291684596191,0.3252284363493,0.3405724220817,-0.2315183708525,0.3327350118416,-0.0749622334801,0.1362795934024,0.7834475766374,0.3169896852351,0.4931222073546,0.1236264790425,0.2979638366733,0.0962531296118,0.0364488094040,0.5953340201541,0.1826082408755,0.1921075787863,0.0533742317821,-0.0976937647625,0.0705395726292,-0.0729711106292,0.4634087607795,0.2378333191928,0.2344552517739,0.0310262308276,0.1814633501404,0.0077102947882,-0.0147084193975,0.2257067146641,-0.0083879300928,0.4879228093916
0.2961862249580,0.2887666883852,0.2555212618187,0.3297870553631,0.5404863542487,0.1070614172097,0.4879105427656,0.1209729645289,0.2152829637188,0.2908050205250,0.4915579070311,0.2926594113649,1.0000000000000,0.3240659261726,0.3455416619861,0.3997312847085,0.0577917679082,0.3984752526182,0.2473365722897,0.4259251431456,0.6009517422800,0.2571655266726,0.1014293844815,0.2014588737696,0.0797208441683,0.3812160116730,0.3174461628565,0.2438396016594,0.0906249170800,0.5001830052861,0.0813530680508,0.3714653645316,0.0699570344392,0.3078577942919,0.4228491100966,0.0949824165688,0.2721946972701,0.1731742463204,0.3410188987520,0.4720673122759,0.1020037008120,0.3141014329275,-0.0299074123176,0.1099964460714,0.2891439623135,0.3783574342293,0.2428499824130,0.8280644863251,0.3009505253755,0.1553935843123,0.3289125098033,-0.0031474181529,0.2846933767037,0.2008872195247,0.3813723213006,0.5629262485772,0.1732514285108,0.0644159773209,0.2169206808182,0.0834754535253,0.4879349020638,0.2191487153645,0.2601144646222,0.1483959137320,0.2065401938034,0.0040694735066,0.1663659319072,0.0538274452286,0.2695607435647,0.3875429331813
-0.0041729638596,0.0387186786218,0.1175250032113,-0.0049675234484,0.1649526520716,0.2317629654583,0.3878199675790,-0.1088918017351,0.3098552372465,0.3382364996328,0.2114789607893,0.5307010278019,0.3240659261726,1.0000000000000,0.4222532835431,0.5139312093389,-0.0152760912627,-0.0272787962491,0.3684298399729,0.0545372510346,0.2121147991466,-0.0014238346831,-0.1973511495210,-0.0162689089683,-0.0379876334976,0.5010601668720,0.0241882426333,0.2666979015550,-0.2098978375561,0.3000632138504,-0.1588090960760,0.6942398432634,0.2464571468373,-0.1082269740042,0.0004393625301,-0.1882143843666,-0.0291281914014,-0.1085176024458,0.0844751544050,0.1458777347930,0.2301414351223,0.3088048144172,-0.3112406909726,0.2061564889296,0.2989580931555,0.2140909579063,0.5234886496823,0.3829438030216,0.8821860321325,0.1489045352186,0.4598865157062,-0.1539150146184,-0.1329875398171,0.3148296870784,0.0235067468925,0.1421252997305,-0.0946256018219,-0.3135557141133,-0.0855346243306,-0.0892144445466,0.3612335392308,-0.1679391835361,0.2320294206729,-0.1617151208910,0.0487944629234,-0.3527709379550,0.1478952365098,0.1999409837528,-0.0716706953020,0.1657444629439
0.3223969569313,0.0908790192659,0.0959040301743,0.2437667478156,0.0481901711817,0.1097157631310,0.5279875922926,-0.0057329334944,0.4195000909717,0.0651662620548,0.4380123208082,0.5269743806088,0.3455416619861,0.4222532835431,1.0000000000000,0.2585788725351,-0.1652914881657,0.3444368717380,0.6986261781840,0.5987550130748,0.2259856587786,0.0051093226915,-0.1279911572739,-0.0553113029720,-0.2419317907359,0.3033940585963,0.2753160912137,0.2398941839433,-0.1643327236306,0.5529766698342,-0.1258969444243,0.4433143430855,0.3047836720842,0.1582433207968,0.3367830946147,0.0223557531940,0.0829034724612,-0.0854571824318,0.2935866645253,0.0659540586470,0.1709081806456,0.2641824752744,-0.2495084660871,0.2407651852952,-0.0674296127617,0.3189662062998,0.4007449269113,0.4115907204001,0.2769910591057,0.4896705068337,0.2842797417919,-0.2312002377437,0.0320486294200,0.4348127552409,0.3405461541818,0.1820173186087,-0.1016247013329,-0.1793031309432,-0.1388840022033,-0.2652508726802,0.2495305824699,0.0614314261497,0.0475714806683,-0.0708977261914,0.3323025145677,-0.2373909412182,0.2602227581663,0.1909404768943,0.1182713163204,0.2294258439033
-0.1124059385371,0.0212002253223,-0.0654715723595,0.0674345827601,0.0055149133590,0.2988355405807,0.4535670166968,-0.1572415492061,0.3733547318353,0.1218782005457,0.3450750661230,0.3241379500594,0.3997312847085,0.5139312093389,0.2585788725351,1.0000000000000,-0.2157478122651,0.0067973316441,0.2234334621930,0.0784119381750,0.0439084886958,-0.1535982260378,-0.2840366477070,-0.2297233751808,-0.0787440240871,0.0910219278547,-0.0849494299113,-0.0897694553795,-0.2506947599779,0.3805227191554,-0.3063929669462,0.4128216235826,0.4424287903691,0.0534402479147,0.0293970217884,-0.2280555663279,-0.0430299490251,-0.1181839399754,0.1274446818541,0.0241595243729,0.3018181595391,0.4554507204467,-0.2061640840179,0.3091724516144,0.2747651338442,0.3848171161018,0.3480375629749,0.3419331198719,0.4876167834123,0.2166912120290,0.7524575504641,-0.3206824086562,-0.0992992214569,0.2075314608707,0.1657647445174,0.0283071072641,-0.2038093785579,-0.2792158649036,-0.2950423944307,-0.0622171886958,0.2075024738934,-0.0629590219881,-0.0128998509694,-0.1588711910034,0.1899516305908,-0.4212621063833,0.3401442785064,0.3469835038297,0.0828180598428,0.2166423724796
0.4610207301859,0.4626011894620,0.5423151475784,0.3665807193594,0.3797438208431,-0.0523453379227,-0.1538036048265,0.5321742975884,-0.0992034304172,0.1604855818358,0.0101626607794,0.2053460472233,0.0577917679082,-0.0152760912627,-0.1652914881657,-0.2157478122651,1.0000000000000,0.1204330130231,-0.1198116721702,-0.0816507852038,0.2971811772767,0.7949936765617,0.4775364717435,0.8186328572302,0.5603080791678,0.2994510029385,0.3151571257855,0.6382726145083,0.7689818751073,-0.0546706620143,0.7236883679926,-0.0371656374677,-0.0677101264152,0.0243061996796,0.2137877566885,0.3366668174288,0.2770499140330,0.2977216542252,0.2421110948508,0.5081637167328,-0.0804620961224,-0.1855512577724,0.3619374200477,-0.2061936108447,0.0285968200608,-0.1760119978922,0.1012128962645,0.0384840737288,0.0394318232281,-0.3896135266351,-0.2150011873045,0.9358529873108,0.2389486486007,-0.0694809591331,-0.0714527734980,0.3382420501450,0.7371857457322,0.4561697335539,0.7548433272777,0.5297437520561,0.1847966588773,0.1957304512638,0.5520802296518,0.6294685875200,-0.2623191427721,0.5614659358976,-0.3150944713688,-0.1248268249933,0.0072029949482,0.2865153977733
0.4399471716042,0.4569821008663,0.3267203029834,0.4451727767463,0.3162229123830,-0.3265506038308,0.0326441575417,0.3208119246318,-0.2149811616134,-0.0146472618421,0.3247970941519,0.1463200402835,0.3984752526182,-0.0272787962491,0.3444368717380,0.0067973316441,0.1204330130231,1.0000000000000,0.2397134472540,0.7251843443207,0.4657798344476,0.3878723952377,0.3191843618138,0.3975276402760,-0.0496049811899,0.1525266085417,0.5194677399193,0.2762101440205,0.2188203807210,0.4836028671034,0.3593471409813,0.3083757882949,-0.0734026902712,0.5695837080946,0.6046417657997,0.2484202717320,0.3838731914714,-0.0015524125854,0.3170299144290,0.3486758642693,-0.3180567112963,-0.2638795220608,0.1514089616555,-0.3338570686530,-0.1221590497774,0.1705631599257,-0.1022791243099,0.4127853891315,-0.1555116901372,-0.0768543658768,-0.1177018402236,0.1183593195321,0.7357783447087,0.0062030679790,0.7397035498897,0.4851106426810,0.3328729802907,0.3043154224236,0.3419627176680,-0.0937405178898,0.1111569136316,0.4260768068660,0.1349241889342,0.3739270380679,0.2724116024806,0.2455452973300,0.3855826564913,-0.1325011521573,0.4959471121609,0.4087018646544
0.2278846688546,0.0730195768237,0.0019755491070,0.1427351551846,-0.0866708059530,0.1298185020737,0.3941927109739,-0.2315897915987,0.3338320107859,-0.1335247419702,0.3873362540814,0.6018654620971,0.2473365722897,0.3684298399729,0.6986261781840,0.2234334621930,-0.1198116721702,0.2397134472540,1.0000000000000,0.6733056970669,0.0245362091208,-0.1005001728329,-0.1650592092442,-0.1037099574116,-0.3620798919055,0.1817153058997,0.2977053801856,0.2111488921606,-0.1215376015095,0.5617986402741,-0.1742744263414,0.2583470001542,0.1414926924657,0.0890628243638,0.3649457293730,0.0056421685410,0.1096403090958,-0.1028227999912,0.1495429639956,-0.0309305812822,0.1344815214192,0.2081013596680,-0.3752823094300,0.1538391753193,-0.2282454117545,0.3165469582210,0.4376046298460,0.2574441257171,0.2120389082746,0.2540450191393,0.2659213289112,-0.1911685107881,0.0085483648615,0.5948375743488,0.3877211385785,0.0007174279829,-0.1740032684655,-0.2139155794104,-0.1506522515076,-0.3767085819348,0.2362212277746,0.0889010417254,0.0204039788886,-0.1365200197333,0.1871683407260,-0.1905575334454,0.0916916451820,0.0148419460781,0.0478874020892,0.2383498562079
0.3901073099874,0.2536254400043,0.1182399115142,0.3479264276617,0.0688333611004,-0.1962536435881,0.2563433060110,0.0076773410295,0.0598992392634,-0.1205540881110,0.3865727908883,0.3394339929290,0.4259251431456,0.0545372510346,0.5987550130748,0.0784119381750,-0.0816507852038,0.7251843443207,0.6733056970669,1.0000000000000,0.2027060802800,0.0975628200723,0.0732000144933,0.0797896827508,-0.3297826567366,0.1132224612485,0.4458033856095,0.1826229444591,0.0415101836097,0.6281663860070,0.0450242529373,0.2292773783173,-0.0517473989201,0.3584556886467,0.6029101850352,0.1002862185175,0.3108931740457,-0.0583707162160,0.2968151732750,0.1051563218020,-0.1803370372169,-0.0389877108506,-0.1455159338162,-0.1053617100110,-0.2668667844201,0.2618288362037,0.1103652807882,0.4071192635860,-0.0983050838235,0.1692871590372,0.0407027381124,-0.1125089738282,0.4400671994548,0.3577145094388,0.7164672600839,0.2083577524993,0.0550033970661,0.0647223129411,0.0601130567907,-0.3479276437636,0.2120405918224,0.3157127759123,-0.0084842306718,0.1302017423432,0.3908378785312,0.0675697472656,0.3352643793368,-0.0811113106639,0.2850273034145,0.3501689915390
0.4142667740122,0.3715521971966,0.4163153897229,0.3328846924728,0.8336229892986,-0.0072829115148,0.2481100263188,0.4596568265899,-0.0538153883839,0.4596997874557,0.3520018559105,0.1818119463375,0.6009517422800,0.2121147991466,0.2259856587786,0.0439084886958,0.2971811772767,0.4657798344476,0.0245362091208,0.2027060802800,1.0000000000000,0.4788000744408,0.3313938206634,0.4753373640192,0.3691063421592,0.4546225566540,0.3649650753191,0.4287749348047,0.3682840321612,0.1938449927275,0.3607019259358,0.3913218164022,0.0730759031067,0.2981161259365,0.3378911918307,0.1867953502405,0.2696427751214,0.1470708281949,0.1867726309520,0.7844570113469,-0.0083719914359,0.0254594609872,0.2757197352968,-0.1387452967486,0.3497060213587,0.2388821207382,0.1203897897685,0.6861252700323,0.2115930713266,-0.0448705528371,-0.0663619060162,0.2940203123698,0.3088169184709,-0.0514727626212,0.2308168253775,0.8986865069944,0.4261265732835,0.2529913061791,0.4837602503182,0.3493713993576,0.2802229870957,0.2186848051807,0.4098567589320,0.4602181485964,-0.0316970516313,0.1824158369148,0.0910180452331,0.0396215882747,0.2449101175069,0.2871750381562
0.4682635138820,0.5674072103687,0.7304986228584,0.4893294970756,0.5490624116601,-0.1527654423547,-0.0773308252913,0.7104022714257,-0.1372199113538,0.2448565731897,0.1938704153793,0.2177849212429,0.2571655266726,-0.0014238346831,0.0051093226915,-0.1535982260378,0.7949936765617,0.3878723952377,-0.1005001728329,0.0975628200723,0.4788000744408,1.0000000000000,0.5780620757996,0.9201213190584,0.5409075726269,0.3146124091990,0.4639660008507,0.6576659369577,0.7567102953963,0.1447313449513,0.8155903359480,0.1287741804249,-0.0764504978471,0.1621918201568,0.3193632034282,0.2885059425200,0.4275115600621,0.3883193088406,0.3350347397980,0.6164488497393,-0.1570732066795,-0.2392786034043,0.4499420625106,-0.2724199762832,0.1454419490898,-0.0535846045270,0.0555684150916,0.2896533875378,0.0067161456854,-0.3237233360163,-0.1704491778549,0.7286942107280,0.4460217387081,-0.0663090382621,0.1569808005985,0.4737149408655,0.8444854671474,0.5042755201370,0.8255733052133,0.5011806723137,0.2408761974108,0.2982876224108,0.5835622098847,0.7363449802449,-0.1483308585700,0.5873049582353,-0.1117914009343,-0.1139011806008,0.0907414542341,0.3277655197615
0.4588971543326,0.6322510969823,0.4668672088184,0.6423782336891,0.4287171676765,-0.2949571180279,-0.3656911611525,0.6660579569880,-0.3558515707488,0.2902696413896,0.0033572531572,-0.0243614228696,0.1014293844815,-0.1973511495210,-0.1279911572739,-0.2840366477070,0.4775364717435,0.3191843618138,-0.1650592092442,0.0732000144933,0.3313938206634,0.5780620757996,1.0000000000000,0.5498806448683,0.6152945286964,0.2658440368004,0.3130992194327,0.3830779207222,0.6592562216656,0.0544435556305,0.7292764325656,-0.0640861528443,-0.2256157707112,0.1865662254464,0.3225794944532,0.4048550504060,0.5683342586154,0.1667447881272,0.4847342728426,0.4664289597752,-0.3131701023057,-0.4481844586315,0.5698730608459,-0.4798271891052,0.1422173573233,-0.1607728620766,-0.1716170008196,0.0028565206909,-0.2015345908113,-0.2659297290320,-0.4393564782527,0.5420510836647,0.4038224572903,-0.3071663642723,0.1540524419012,0.3613950859001,0.5298446655815,0.8808317927206,0.5427721642622,0.5634618301435,0.2801455695947,0.2976245154227,0.3361642436061,0.6193552387100,0.0263161774087,0.6202405701199,-0.0592836601276,-0.1721327064242,0.1543826604906,0.2158193987606
0.4784633368501,0.5101640789384,0.7328494833121,0.3934004208518,0.5144144525000,-0.1064556474475,-0.1139988638364,0.6357879395048,-0.1192590097205,0.2327048404400,0.0901629538069,0.2017859651416,0.2014588737696,-0.0162689089683,-0.0553113029720,-0.2297233751808,0.8186328572302,0.3975276402760,-0.1037099574116,0.0797896827508,0.4753373640192,0.9201213190584,0.5498806448683,1.0000000000000,0.5026860349115,0.3449878110471,0.5156326716372,0.7303318999775,0.7183472497771,0.0352140100797,0.7984599119248,0.0636382973132,-0.1122182293128,0.1845038060026,0.3471358064253,0.2741404838710,0.3510256576871,0.4463751534495,0.3055956034671,0.5776823137467,-0.0911184250816,-0.2212583389687,0.3593041400906,-0.2469653400624,0.0972742997342,-0.1405559822252,0.0493219299934,0.2109664807485,0.0118632251403,-0.3930437916204,-0.1965320901872,0.7693537095685,0.3992527004228,-0.0776270199266,0.1097270479327,0.5071761397251,0.7549997780376,0.4813012871542,0.8623476016517,0.4567267459893,0.2419642778816,0.3436208267431,0.6291088833804,0.6023005844126,-0.2604663941731,0.5762792199233,-0.2256813214050,-0.2061010691326,0.0993123020583,0.3507776345180
0.2428288640222,0.4227171027489,0.5484020890587,0.4015802047256,0.5821164681697,-0.1592037299234,-0.2028479874793,0.7498855644165,-0.2156019270623,0.5424876298968,-0.0935546085811,-0.0904769788338,0.0797208441683,-0.0379876334976,-0.2419317907359,-0.0787440240871,0.5603080791678,-0.0496049811899,-0.3620798919055,-0.3297826567366,0.3691063421592,0.5409075726269,0.6152945286964,0.5026860349115,1.0000000000000,0.2919675440648,0.2288662815093,0.3956877340168,0.7174928553936,-0.1838329664523,0.6270556330002,-0.0118727286283,-0.1282706016605,-0.1250356176537,-0.0429043306665,0.2851420164559,0.2583964813399,0.3200477751976,0.2048448404959,0.5847750050661,-0.1244961290910,-0.2648370391569,0.7252633933064,-0.2844590099056,0.5170608433530,-0.2214559499100,-0.1232458205662,0.0455005142818,0.0511295003334,-0.2231890729124,-0.2575284155817,0.6123305426722,0.0872452813067,-0.3488163785911,-0.1915833636217,0.2998364286573,0.4822830993184,0.6008374033079,0.4637984759067,0.9419824328269,0.1602989384835,0.1776235581261,0.4548351841970,0.6184994702566,-0.2064409191798,0.4680696030703,-0.1567286573502,-0.1252421677816,-0.1554109751799,-0.0171335835459
0.4649900753528,0.4126244206353,0.3184156451560,0.3591169884582,0.3828650507291,0.1304556532031,0.1823353282528,0.2388613248654,0.1098423603274,0.4172580290509,0.0610197918608,0.4241335086369,0.3812160116730,0.5010601668720,0.3033940585963,0.0910219278547,0.2994510029385,0.1525266085417,0.1817153058997,0.1132224612485,0.4546225566540,0.3146124091990,0.2658440368004,0.3449878110471,0.2919675440648,1.0000000000000,0.4390197750031,0.5638968680483,0.2162242034539,0.1215641246894,0.3015012859389,0.3148304809118,-0.0355856437345,0.1536702642757,0.4026758355103,0.1878784132954,0.2821878167547,0.0920653105013,0.3427151151431,0.3745828265343,0.1180358552509,0.1053955292062,0.0566356288945,0.0096798879940,0.2251618202444,-0.0484319457140,0.3633726027537,0.3268337061115,0.5348188165565,0.0287941103069,-0.0245561720783,0.2551593811657,0.1077115666657,0.1615698424274,0.0173588788774,0.4124459118845,0.1991392999798,0.1923012463265,0.2899802741951,0.2376412480241,0.6682133363304,0.2270704926542,0.5061673026299,0.1405236508392,-0.0084459059077,0.0980979545932,-0.1433760270415,0.0316696688639,0.0763313777321,0.4129167063008
0.3972317175685,0.4761180419603,0.4924478046302,0.3572807136100,0.3072873014266,-0.0457435933768,0.2323373323613,0.3469272526319,0.1062168994678,-0.0072293290138,0.2141917446723,0.4357080301442,0.3174461628565,0.0241882426333,0.2753160912137,-0.0849494299113,0.3151571257855,0.5194677399193,0.2977053801856,0.4458033856095,0.3649650753191,0.4639660008507,0.3130992194327,0.5156326716372,0.2288662815093,0.4390197750031,1.0000000000000,0.5225107068908,0.3828549605285,0.3152248615173,0.5089867328790,0.1182655416168,-0.1494804324275,0.2088851462860,0.5717403821226,0.2947875879287,0.3713316743717,0.2858846370998,0.2550633466403,0.3730421512067,0.0072360681394,-0.0724313807657,0.1870471814393,-0.0836091591338,-0.1135727628162,-0.0536922204193,0.1449316126749,0.3672566318275,-0.0263678718297,-0.1910016571238,-0.0960130999077,0.3113772850829,0.4628092152909,0.2700365807050,0.3749178756999,0.3409735199235,0.2408025800487,0.2743053756481,0.3730792617016,0.1904225470621,0.3455473494962,0.7301309926961,0.3260045734171,0.2727710005007,-0.0098578667905,0.3841391641964,-0.1171100595434,-0.2517887695601,0.0493951906133,0.4102933802307
0.4990147847028,0.4247076753789,0.8021101618366,0.3756873306042,0.4500863922855,0.0600616368806,0.0782072246710,0.5159580842755,0.1184861429998,0.4001681564463,0.1597853631911,0.3723881726808,0.2438396016594,0.2666979015550,0.2398941839433,-0.0897694553795,0.6382726145083,0.2762101440205,0.2111488921606,0.1826229444591,0.4287749348047,0.6576659369577,0.3830779207222,0.7303318999775,0.3956877340168,0.5638968680483,0.5225107068908,1.0000000000000,0.4750854502066,0.0222914750416,0.5080048214059,0.2851663008995,-0.0181627355740,0.0710046224333,0.2806318863933,0.1031060642418,0.1986828207141,0.4681002428803,0.3236845714879,0.4775401074807,0.0709996374543,0.0237806166100,0.1231076380172,-0.0358096055687,0.1938877195129,-0.0059225638858,0.2887961116144,0.2434423414787,0.2741073533812,-0.1376913589407,-0.0211794613491,0.5475071261526,0.1406399562319,0.1293389623116,0.0164501980864,0.4250214454391,0.5145334125090,0.2651893203070,0.6063462754618,0.3293601605198,0.3630074236907,0.1822329390096,0.8047040382136,0.3780760470597,-0.2925391272718,0.2243963890029,-0.1609786490947,-0.1367747833872,0.0158769165479,0.2624160925407
0.4769023210430,0.5494980635463,0.5208472759308,0.5008771969668,0.5116220851533,-0.2333576366125,-0.2059896728044,0.7198242634207,-0.2293404273284,0.2172101688462,0.0510003788390,0.0881776656237,0.0906249170800,-0.2098978375561,-0.1643327236306,-0.2506947599779,0.7689818751073,0.2188203807210,-0.1215376015095,0.0415101836097,0.3682840321612,0.7567102953963,0.6592562216656,0.7183472497771,0.7174928553936,0.2162242034539,0.3828549605285,0.4750854502066,1.0000000000000,0.0431072168573,0.8108421403188,-0.1283615559877,-0.1654361771115,0.0417238697394,0.2625252954668,0.3898555990378,0.4240559517495,0.2633749983566,0.2596629401370,0.6127574669059,-0.2344999347056,-0.3616179635720,0.6516904803170,-0.3706415854170,0.0844827204038,-0.1744691172956,-0.0920819405374,0.0769965912913,-0.1699214843462,-0.3903092921260,-0.3952253116261,0.8095220088577,0.3012935799812,-0.1947135523199,0.0489305345638,0.3528966260632,0.7174152887751,0.6784630208691,0.6915937711157,0.6931323561963,0.1536795681982,0.2720382405948,0.4115972234497,0.8543282932205,-0.1519578277740,0.7220443029961,-0.1919682217724,-0.1678909107013,-0.0106991432639,0.2250442690359
0.3853238243050,0.3182989789271,-0.0022131660616,0.3207917661016,0.0828964684178,-0.0015996367834,0.3129076696653,-0.0092100184504,0.1739042339189,-0.0825758407458,0.4261323022738,0.5447860104226,0.5001830052861,0.3000632138504,0.5529766698342,0.3805227191554,-0.0546706620143,0.4836028671034,0.5617986402741,0.6281663860070,0.1938449927275,0.1447313449513,0.0544435556305,0.0352140100797,-0.1838329664523,0.1215641246894,0.3152248615173,0.0222914750416,0.0431072168573,1.0000000000000,0.0555309010695,0.3208368731457,0.2656116280349,0.4250555330818,0.5817689827802,0.2436329724921,0.3619658403886,-0.1075510331273,0.3630359703759,0.1520969100891,0.0197173660640,0.0821080473003,-0.0626168970120,0.0106313545325,-0.0506818659506,0.2743721046026,0.3516310845777,0.4515572639410,0.1574804363053,0.1808415431586,0.2577311247222,-0.1019101913048,0.3337428447807,0.3528922906327,0.5288380625745,0.2007167988386,0.0875046321752,0.0410643338462,0.0177350685604,-0.1722134530457,0.3510999461670,0.2817877678510,-0.0662240736319,0.1423427842158,0.6143027511423,0.0466412683282,0.3415426447223,0.1728237309008,0.3783043307758,0.5313975650212
0.4630486842749,0.5777215593009,0.6008677220272,0.5175799838525,0.4227878266486,-0.2455469169962,-0.2747385806385,0.7245796295428,-0.2803409749616,0.1734137570293,-0.0563270753991,0.1265594843049,0.0813530680508,-0.1588090960760,-0.1258969444243,-0.3063929669462,0.7236883679926,0.3593471409813,-0.1742744263414,0.0450242529373,0.3607019259358,0.8155903359480,0.7292764325656,0.7984599119248,0.6270556330002,0.3015012859389,0.5089867328790,0.5080048214059,0.8108421403188,0.0555309010695,1.0000000000000,-0.0649126658351,-0.2165952791724,0.0994550126672,0.3418227001096,0.4637557567718,0.4591657451378,0.2630947426662,0.3444869970857,0.5386634061855,-0.2404679451735,-0.4465907689702,0.6203404505804,-0.3960843197237,0.0479696148035,-0.2834227370691,-0.0729957964666,0.0725283794373,-0.1326574709151,-0.3703649967274,-0.4145188553385,0.7445912050491,0.5336282359511,-0.1496894500144,0.1732804349109,0.3743978403609,0.7171510774118,0.7111135843412,0.7188803031178,0.5899680227599,0.2295681873516,0.4672801031824,0.4536024473964,0.7033109843668,-0.1005690765623,0.7989679599820,-0.1785230056368,-0.1989198873259,0.0456510799538,0.3034557887101
0.0630811068730,0.1261034012044,0.2645028977529,0.0963631464258,0.2745538040043,-0.0437009583472,0.2626530974092,0.1535590804555,0.0433930714765,0.3388423317474,0.2814588384003,0.3801091656688,0.3714653645316,0.6942398432634,0.4433143430855,0.4128216235826,-0.0371656374677,0.3083757882949,0.2583470001542,0.2292773783173,0.3913218164022,0.1287741804249,-0.0640861528443,0.0636382973132,-0.0118727286283,0.3148304809118,0.1182655416168,0.2851663008995,-0.1283615559877,0.3208368731457,-0.0649126658351,1.0000000000000,0.2283407984943,0.0582249420211,0.1015834187393,-0.1836395737735,-0.0027305397242,-0.1361698125122,0.0722554528227,0.2628038633568,-0.0385553108134,0.0871597600130,-0.1349340906136,-0.0449676189269,0.3068433243936,0.2463512563732,0.3247033321169,0.4746191542423,0.6035610938066,0.1387760595317,0.2907461057910,-0.1525150121745,0.0709880635524,0.0658678781726,0.2629219921226,0.3373094476629,0.0141042642843,-0.1912310938360,-0.0214319467142,-0.0647998615495,0.2584393339436,-0.1200427813713,0.2158978754348,0.0653717624933,0.0516443763115,-0.2795629672509,0.4940496876012,0.0914685589804,0.0899703232694,0.0800901904307
0.1265372559435,-0.0575588888203,-0.1327373813749,-0.0835723588650,-0.0813920364994,0.5980189252612,0.4026589581813,-0.1325070152196,0.3905455732174,-0.0091317203131,0.2150383087934,0.3609940664851,0.0699570344392,0.2464571468373,0.3047836720842,0.4424287903691,-0.0677101264152,-0.0734026902712,0.1414926924657,-0.0517473989201,0.0730759031067,-0.0764504978471,-0.2256157707112,-0.1122182293128,-0.1282706016605,-0.0355856437345,-0.1494804324275,-0.0181627355740,-0.1654361771115,0.2656116280349,-0.2165952791724,0.2283407984943,1.0000000000000,0.1581094680493,0.0594993615306,-0.1464614097599,-0.1541659708327,-0.2250195726172,-0.0087404529052,-0.0664327555976,0.5204244800859,0.5045014155926,-0.2247766650807,0.4108780438660,0.0900513379301,0.2548713647748,0.4249152204661,0.0687705520067,0.2655547971133,0.2297688319974,0.4451976915971,-0.0999480916386,-0.2445925011384,0.1471076895602,-0.1480849487087,0.1084277104920,-0.0959366481344,-0.2190615734417,-0.1640741994218,-0.1040591295014,-0.0254904649849,-0.2207054942077,-0.0946057375404,-0.1188850144107,0.1801087904005,-0.2808485971500,0.2171280426592,0.6674037360608,0.1506641137990,0.2042317537027
0.4541204560896,0.3174818250086,-0.0218295617330,0.3510753025841,0.1616942715149,-0.0097540165551,0.0219753278486,0.0197171672130,-0.0231130717353,-0.0975655708312,0.3061550476529,0.0635734647391,0.3078577942919,-0.1082269740042,0.1582433207968,0.0534402479147,0.0243061996796,0.5695837080946,0.0890628243638,0.3584556886467,0.2981161259365,0.1621918201568,0.1865662254464,0.1845038060026,-0.1250356176537,0.1536702642757,0.2088851462860,0.0710046224333,0.0417238697394,0.4250555330818,0.0994550126672,0.0582249420211,0.1581094680493,1.0000000000000,0.6083762279088,0.3215149601782,0.2317399924650,0.0542824066799,0.4015286038330,0.1824029751889,-0.0738398630807,0.0088270261130,0.0593046103314,-0.0138813325661,-0.0875667563192,0.2343754858065,0.0605170809407,0.1527848273750,-0.0930990736829,0.0756722898200,-0.0009142468982,0.0506696402842,0.4368650658320,0.0225677953639,0.4372623074893,0.4465418867080,0.2241051537556,0.2158483566428,0.2478748252911,-0.1087915379046,0.2313483052006,0.2744593139656,0.0576969008080,0.1340860730310,0.3444534428667,0.1236549780850,0.2573381045647,-0.0112511496521,0.8720511151948,0.5313469766820
0.5262011604946,0.4921337381067,0.1373970881151,0.4957337701064,0.1387389312571,-0.0029596851241,0.1653344472520,0.1312783631137,0.0937120973108,-0.1053499915098,0.2844420088581,0.4401942621866,0.4228491100966,0.0004393625301,0.3367830946147,0.0293970217884,0.2137877566885,0.6046417657997,0.3649457293730,0.6029101850352,0.3378911918307,0.3193632034282,0.3225794944532,0.3471358064253,-0.0429043306665,0.4026758355103,0.5717403821226,0.2806318863933,0.2625252954668,0.5817689827802,0.3418227001096,0.1015834187393,0.0594993615306,0.6083762279088,1.0000000000000,0.3360808628524,0.4423521678658,0.0405619472186,0.5361565714241,0.2168282759362,-0.0036358641966,0.0232073631587,0.0582775791200,-0.0408431684895,-0.1588616903899,0.0882483613529,0.2524101902935,0.3341354628943,-0.0106530921272,0.0062494014741,0.0113116841209,0.2151775835687,0.5018576933095,0.2513423314942,0.5616170207670,0.4592644515646,0.2633186106114,0.3436989521819,0.3619440439293,-0.0344863442064,0.5217309976530,0.4763885420071,0.1473967517693,0.2400985485386,0.2858884731827,0.3679364611416,0.0538783455189,-0.0395560830041,0.5149652538193,0.7882792604598
