1.0000000000000,-0.0811090818128,0.3176475534634,0.1207628511590,0.1091780719243,-0.2258003001468,-0.0240297755716,0.4141557045047,0.2016118391274,0.2462423900308,0.1687809088274,0.0514955318195,0.1343831022535,0.0337159270665,0.5970086990943,-0.0631978768893,0.0861407981260,0.4769186060052,0.1703441319341,0.3998596169862,0.2388642254200,0.0813320996157,0.0501822203820,0.2415085939055,0.2434338820147,0.0763632763015,0.0050314152096,0.2855172333988,0.1441423566125,0.0742911287475,0.3780080525163,0.0677726812770,-0.1404124653836,0.0798533254821,0.0311805903391,0.2630124858410,-0.1890425114855,0.0007005871069,0.0245890025205,0.0118565597970,-0.1006104631447,-0.1626017258950,-0.1309220776574,-0.1730596352751,-0.0537504296444,0.0058043463175,-0.0240552222778,0.0838899416944,-0.1053398444822,0.2565593915301,-0.0732082100201,0.1907827001532,0.0977637047493,0.0755381409612,0.1740056979607,0.2088524710537,0.0513900958331,0.0499533269731,-0.1954227345557,-0.0553868398888,-0.0537273460511,-0.2450398439311,-0.0258042044441,-0.2083020301618,-0.0925306382209,-0.1498077581718,0.0768786455204,0.0414069329958,0.0433781629538,0.0359096954910
-0.0811090818128,1.0000000000000,-0.0874600018323,0.6286572380191,-0.0362906562709,0.1166703335904,-0.0415736776353,-0.2112886647142,-0.0588754892561,-0.0461999616308,-0.1486302353356,0.2029822846532,-0.1627520308889,0.0190034748534,-0.0898463123146,0.1649454056323,0.2185085302274,0.1897923225720,-0.1179195351777,0.1851697689337,-0.0878194123761,0.1509215439241,0.5157085419792,0.4176325182055,0.0169019506141,0.4089644336078,0.4058483094893,0.2324673279141,0.0252295450895,0.2952315852722,0.1379889587917,0.1680087054583,0.1895131842011,0.3828075936367,0.6472515725633,0.3374159612837,0.8569250034828,-0.1047513368255,0.6463234714058,-0.0326206647298,0.1347284091630,-0.0929056136049,0.0132731867216,-0.0428462783904,0.0317800608068,-0.0546389881722,-0.0033621745155,-0.1527153095239,-0.1112668523264,-0.2286969752620,0.1717836721121,0.1719580957044,0.1468988492326,-0.1295182899291,0.1226076077872,-0.0355010385585,0.1296139323314,0.5395191039779,0.1796743888065,0.0880877647423,0.2631784198871,0.2393422450978,0.2380269371414,0.0824639313274,0.2631945393066,0.3577475180482,-0.0550039864097,0.0363532294689,0.3204669851040,0.6176501456639
0.3176475534634,-0.0874600018323,1.0000000000000,0.2002006018437,-0.3676758919709,-0.0870220242176,-0.3668119898379,0.6960766903538,0.0569223889791,0.2226037326062,-0.3735570366448,0.2984033309322,-0.3277454336013,0.3758023191382,0.4547205364003,0.0363763129607,-0.0294430685762,0.5819791308554,0.3382196316194,0.4429069007582,-0.2511693869883,0.0463692896740,-0.0119958204454,0.3254589823120,0.2246979158377,0.4483877837571,0.4691640240775,0.7792970464528,-0.0987878111390,-0.2726437504401,0.1198314826569,0.2609702468127,-0.0563445964894,-0.2191026142338,-0.0045235603802,-0.3684123252427,-0.2366827197233,0.4670187820546,0.0567062049026,-0.4354476020095,0.0477298165053,-0.4193565430026,0.3467527244125,-0.1482660792293,-0.0336678177308,-0.3242375868947,0.0094099807386,-0.3374527594886,0.2492763931113,0.1903479715674,0.0039623156344,0.0928068778745,0.1737582565960,0.0711894248060,0.0508901521500,-0.2032880825655,-0.0749433557697,-0.1569301639597,-0.1954312242972,-0.1010095451889,0.1725520557123,-0.1063653858797,0.4480142114162,-0.3415987043892,-0.4335935837624,-0.3262629758382,0.0280011165711,-0.0695306143660,-0.2240882764195,-0.2129603120602
0.1207628511590,0.6286572380191,0.2002006018437,1.0000000000000,-0.0155470901644,-0.0733316335104,-0.0274940782570,0.1494514343289,0.1575718171923,0.2685160406077,-0.0497893581742,0.1893234446944,-0.0480907757992,0.0677730548047,0.0855851773776,0.2483796976908,0.2510547608426,0.2802649420420,-0.1193024756013,0.2648985316920,-0.0250797953256,0.2707947671876,0.6340300595259,0.4770661952765,0.2969101077149,0.5476398302338,0.4881915761240,0.2919988659254,0.2222934696678,0.2822978824641,0.3509388251907,0.2130639672324,-0.0716629076184,0.3006495459602,0.6238110018455,0.2133478250415,0.4789422183980,0.1076779892157,0.7638176377921,-0.0299225671457,0.2592343942289,-0.1718456827082,0.2292092436990,-0.1529112268614,0.3443302525752,-0.1011001627373,-0.0495421184713,-0.0497585816960,-0.0192738517582,-0.2356681334941,0.2317602068665,0.2567105766644,0.1689927820410,-0.1190363400553,0.2760819610150,0.0004545636002,0.1395934981064,0.5571224804028,0.1177475582100,0.1828021664641,0.3969640109286,0.2446040380919,0.2193844612003,0.1472980775506,0.0753522217347,0.3494451687073,-0.1911358161145,-0.0146319978105,0.2291104522585,0.5372196940607
0.1091780719243,-0.0362906562709,-0.3676758919709,-0.0155470901644,1.0000000000000,-0.1967101353402,0.4295518201849,-0.1879016531828,-0.0121230112062,0.2334420107991,0.7803399522221,-0.3499189375181,0.7942231216461,-0.1655868115510,-0.0878644287016,0.0517781540312,0.3764422622514,-0.3479851060448,-0.2782890421101,-0.3690034430363,0.8404516153143,0.3145597869864,0.1889145332433,0.0559661363471,0.3254592212818,-0.1930537250766,-0.2716774127165,-0.4308236528046,0.6502752555331,0.2433466265617,0.0495655397682,-0.1127116653510,-0.1448380626029,0.2887957861799,-0.0816171368744,0.3480886541447,-0.0408584410239,-0.1828097988260,-0.0248001862854,0.9193406053518,-0.1637634792823,0.3049814547507,-0.2493801682309,-0.0895705205552,0.3408912587898,0.5492386479485,-0.2125079089129,0.7760535836503,-0.1297619440058,-0.1523215184269,0.0816577382046,0.3151164533199,-0.2190613616881,-0.3156989394991,-0.2289276499855,0.7641959830057,0.4244257587461,0.2250130741807,0.2486909776191,0.4649323214330,-0.1783711545316,-0.1338185191166,-0.3637040442369,0.5371715950039,0.3168022195462,0.1735238135985,-0.0139478891676,0.0057545467956,0.2688028441515,0.0585543070726
-0.2258003001468,0.1166703335904,-0.0870220242176,-0.0733316335104,-0.1967101353402,1.0000000000000,0.3508849395777,-0.1659688089554,0.3339818732624,-0.1985362370383,-0.0546519653377,0.2343490175980,-0.2279630055399,-0.0043480210272,0.1640362246370,0.0769991902654,-0.2277517676483,-0.0940898683084,0.1452051388853,0.0430117217971,-0.3571984394618,-0.1568637946668,-0.2451778489783,-0.2880496885247,-0.2108014273708,0.0492287715545,0.0845712660466,0.1219776840974,-0.3697676011773,0.0932373443455,-0.2011457655063,0.1619518112532,0.6707375750298,-0.1370269408848,-0.0094126904311,-0.0839693289606,0.0832409011021,-0.1848452123250,0.0447837193893,-0.1440183013523,0.3386938705109,0.4923390585179,-0.1576993418388,0.5531590895649,-0.2645856474847,0.1155641243908,0.1420149836613,-0.1417017090622,-0.0040498825712,0.1644821862776,-0.0153209930027,-0.3238159937259,-0.1052123604043,0.0403296864277,-0.0705665831639,-0.3524429501412,-0.1685270107818,-0.2996715245381,-0.0275429208135,-0.1603127113093,-0.0712444822140,0.0477098483412,0.0468533096183,-0.1233356514892,0.1215327671528,-0.1339319591899,0.0617270075982,0.2090072677035,-0.1508444434740,-0.0031696462276
-0.0240297755716,-0.0415736776353,-0.3668119898379,-0.0274940782570,0.4295518201849,0.3508849395777,1.0000000000000,-0.1309909068971,0.3488668889853,0.0374015807320,0.5363043139864,-0.2463886539904,0.5141042373512,-0.3041083034867,-0.1087384650943,-0.0114654956695,-0.0045772270284,-0.3196606825178,-0.2486444832464,-0.1949271336525,0.3044276313734,0.1725836227274,-0.0836677270064,-0.2850492418475,0.0941105834714,-0.1624497733430,-0.1734378456641,-0.2781405989660,0.1016119801071,0.2902085985953,-0.0773308677869,0.2902300026171,0.1506922242341,0.1199639035768,-0.0820401599925,0.1633958153558,-0.0684046015457,-0.3916144563570,0.0752733783283,0.4514247390908,0.1953044602659,0.7286659439845,-0.2730403051169,0.1956175893855,0.0481195787356,0.4845841236398,-0.3342673371874,0.4987118022032,-0.0844509142738,-0.1088178703811,-0.0099706023534,-0.0797772471969,-0.1969494951421,-0.2957417264463,-0.1271270497075,0.2286537144479,0.2096036308495,-0.1289994478418,0.3482234172343,0.1889279105255,-0.2001870150221,-0.0055589524181,-0.3075230667167,0.3395343282976,0.3901347035953,0.0535592717758,0.1194880773938,0.1098082742770,0.0254204335298,0.0276500494894
0.4141557045047,-0.2112886647142,0.6960766903538,0.1494514343289,-0.1879016531828,-0.1659688089554,-0.1309909068971,1.0000000000000,0.0883607965834,0.4825629341036,-0.2125571561575,-0.1583134494659,-0.1304583182806,0.0969024597132,0.3603193053979,0.0906032401417,-0.2201920357398,0.3227160358365,-0.0408696981295,0.0892128593286,-0.0462488542581,0.0012358719321,-0.0903092100308,0.0520684894454,0.5716261766129,0.1646072495309,0.1612118812951,0.4260995780435,0.0381064713894,-0.3573378737680,0.2692541191397,0.2976697398129,-0.2291049224797,-0.2085482076291,-0.2771484154444,-0.3825400667713,-0.2400062315338,0.4745810220486,0.1130181931278,-0.2740077152700,0.1344181034428,-0.4188122661580,0.5060770504244,-0.3080597278033,0.2568852508501,-0.3681421432872,-0.1756846576969,-0.2125018855322,0.2232738027331,0.1762353564941,0.0223473914232,-0.1097671231913,0.2260972597897,-0.1164957459873,0.0586639349855,-0.0628635007320,-0.1348570022347,-0.1566662509946,-0.1476182220023,0.2155911564448,0.0888282018385,0.0307937184799,0.3382663085284,-0.1724194196503,-0.4767094248207,-0.3596850231175,0.1588858757221,-0.1265462415109,-0.2827083574303,-0.3305493586639
0.2016118391274,-0.0588754892561,0.0569223889791,0.1575718171923,-0.0121230112062,0.3339818732624,0.3488668889853,0.0883607965834,1.0000000000000,0.0090061664586,0.2306882755889,0.1982047414451,0.0969324683883,0.1219258589287,0.4574529968357,0.3331455447503,-0.0556743839924,0.0315239629266,0.2253761591339,0.0533751190670,0.0711504270950,-0.0409517408069,-0.0152103352803,-0.0785603104077,0.0915649373190,-0.0018355528644,0.0620448592317,0.0341496507574,-0.0236956573269,0.1619037995830,0.1840002888558,-0.0910125395696,0.1926060439518,0.0703131458530,0.0685843756413,0.0367334580425,-0.1906230340992,0.0261875498696,0.0423473935768,-0.0484020407311,0.0578291873703,0.3984241703114,-0.1085845967883,0.5038119812877,-0.0280079054946,0.0484194704675,0.2614094924926,0.1137454529173,-0.0006824234671,0.1612473770405,0.1924510376730,-0.0696115767588,0.0299565978693,0.1134154741563,0.1572829786837,0.0198897194592,-0.0540896161357,-0.0282261813484,0.0066326896980,-0.0314073387741,-0.0587425938112,0.0152498203866,-0.0296462470925,-0.1713646647146,-0.0054387038193,-0.0152599439086,-0.1058177715902,0.0668679868648,-0.0010023315306,0.1281065144945
0.2462423900308,-0.0461999616308,0.2226037326062,0.2685160406077,0.2334420107991,-0.1985362370383,0.0374015807320,0.4825629341036,0.0090061664586,1.0000000000000,0.1669616295062,-0.1466032970250,0.2644902667524,0.2391695263063,0.2487538958610,0.3319669573616,-0.1068243374171,-0.1335832358753,-0.2193286444107,-0.1942573563523,0.3400537481464,-0.0127954978729,0.1266118946094,-0.1007151841890,0.7449619769337,0.2275062040263,-0.0348660257247,0.1007068822657,0.1864222883041,-0.0282874196624,-0.0826661018557,0.0468623597068,-0.2170249284811,0.0057117326227,-0.1500668032697,-0.1411665699238,-0.0102140036257,0.2475510840184,0.3033036253850,0.1380811912848,-0.0169870421743,-0.0708967767684,0.1781178599629,-0.1452312870224,0.7174204176805,0.0001085893196,-0.1362823918322,0.2373201404847,0.2701019761705,0.1930841847506,0.2853791447482,-0.0579561483316,-0.1346855721433,-0.2494448983570,-0.1946501547673,0.2950222521082,-0.0103840227795,0.1641889211729,-0.2455219308114,0.5559885342413,0.2662387580709,-0.0997282254754,0.1037797921252,-0.0366454430709,-0.1701489507898,-0.2578081926655,-0.0912606152921,-0.1100868039692,0.0220135525181,-0.1399073306738
0.1687809088274,-0.1486302353356,-0.3735570366448,-0.0497893581742,0.7803399522221,-0.0546519653377,0.5363043139864,-0.2125571561575,0.2306882755889,0.1669616295062,1.0000000000000,-0.2519239816524,0.7782247618418,-0.0648671697293,0.0420465950776,0.0371983917533,0.2920963671891,-0.4078412857117,-0.1590538579709,-0.3185279742439,0.6991969896445,0.3419761209432,0.0689393265843,-0.0399125259250,0.1735410309034,-0.2014683073561,-0.3557896824289,-0.4301845405191,0.5582864538156,0.4016034777260,0.0766980925720,-0.1452674199009,-0.0389339887437,0.2617336710884,-0.0489091475977,0.3365509594615,-0.1167373808526,-0.2999035153975,-0.0671845979412,0.7820463332196,-0.1016461416590,0.5307323582041,-0.3994952143099,0.1294506655376,0.1807691433103,0.7676457192656,-0.1443673727437,0.7528786637790,-0.0758026416227,-0.0637581552373,0.0774269647870,0.2561304219581,-0.3436122227055,-0.1768409677862,-0.2284759680169,0.6202353992424,0.4045887612804,0.1051856225232,0.1935019259213,0.2382338675918,-0.1729057997559,-0.2320821565193,-0.4210483296758,0.4116305492666,0.4039454914761,0.1338833153430,-0.1406914107974,0.0735896275467,0.2467877846015,0.1049423729007
0.0514955318195,0.2029822846532,0.2984033309322,0.1893234446944,-0.3499189375181,0.2343490175980,-0.2463886539904,-0.1583134494659,0.1982047414451,-0.1466032970250,-0.2519239816524,1.0000000000000,-0.2827074644972,0.4557389618957,0.3032846828828,0.1105544041779,0.0170755568565,0.3803149635469,0.6800233631237,0.5998422818300,-0.3779339560403,-0.0734379506556,0.0572830021577,0.1643395696661,-0.2517965329651,0.3330418028900,0.4430296335145,0.4822843763895,-0.2693430572474,0.2041199856712,-0.0949278811996,0.0909797697971,0.2973338257522,-0.1169464715254,0.3353348048578,-0.0023722345228,0.0186520854328,-0.1280188507279,0.0967640049105,-0.3053749414290,0.0006906577968,-0.0039912358547,-0.1513891950298,0.2070418279092,-0.3334286403800,0.0472415267095,0.5026239591650,-0.2163810536015,-0.0001160239299,0.2050149273319,0.0969563819960,0.0077643187309,-0.0827647980650,0.4254136133637,0.1085763359254,-0.2972136394703,-0.0726660505248,-0.0062534636556,-0.1941398689077,-0.4099044152945,0.0755643371720,-0.2266455903477,0.0581735521169,-0.2953875698738,0.0432627351484,-0.0353800715230,-0.1007264853979,0.1389965542603,-0.0271858645664,0.1386989738274
0.1343831022535,-0.1627520308889,-0.3277454336013,-0.0480907757992,0.7942231216461,-0.2279630055399,0.5141042373512,-0.1304583182806,0.0969324683883,0.2644902667524,0.7782247618418,-0.2827074644972,1.0000000000000,-0.0722813459659,-0.0780509690395,0.1844398086344,0.3028149594507,-0.3314450687076,-0.1966463226077,-0.3136510982187,0.8279209597757,0.3601146027218,0.1353632750755,-0.0024212486738,0.2210006263668,-0.2162603068363,-0.3757010641840,-0.4424203408568,0.5817698036849,0.3579142171057,0.0429386779191,-0.0951861045917,-0.2612235187416,0.1714550320250,-0.0868229178851,0.2908083458676,-0.1782615478788,-0.2890353186752,-0.1154396378199,0.7975663428667,-0.0924025037436,0.4148022154815,-0.2948648302624,-0.0552725810438,0.3290932570619,0.5705004625288,-0.1884839458396,0.9174413711904,-0.0372790523681,-0.1311347306058,0.2289691321869,0.2735788633647,-0.2938898250923,-0.2863047905069,-0.2574632409872,0.7572185087219,0.4629125695609,0.1832693897915,0.2606275402348,0.2789992813114,-0.2208655456651,-0.2973947705733,-0.4590868021604,0.4695171151899,0.3844530996062,0.1775260884371,-0.0176691722382,0.0034016484364,0.2076338760803,0.0138153805842
0.0337159270665,0.0190034748534,0.3758023191382,0.0677730548047,-0.1655868115510,-0.0043480210272,-0.3041083034867,0.0969024597132,0.1219258589287,0.2391695263063,-0.0648671697293,0.4557389618957,-0.0722813459659,1.0000000000000,0.4258293880060,0.3587013045439,0.0897928790636,-0.0058345659352,0.3905911021145,0.0697272288353,-0.0667073816798,-0.0177197990561,-0.0171873108662,0.0980886416728,0.0857330656415,0.5177284488916,0.1335170761601,0.4290362682066,-0.0681967880300,0.0573006787189,-0.2735735108250,-0.0450580506705,0.1056895403361,-0.1420197366443,-0.0035753425661,-0.1719236842099,-0.0843993947585,0.1888412338454,0.0190642923609,-0.1869838534790,-0.0703353696182,-0.0733638098895,-0.1079276485322,0.2010889608545,0.0344439273285,0.0267106541613,0.4070360494019,-0.0787407030517,0.7202616677711,0.3935594954538,0.3484189961041,0.1737598257699,-0.2221500082448,0.1699795300932,-0.3319108461506,-0.0352465277897,0.0503099744433,-0.0160332527781,-0.3137716670521,0.0362465842728,0.2867542791839,-0.2739409701532,0.3562241633781,-0.3386473287728,-0.1424474601944,-0.2984380337008,-0.0484597883440,0.1710957211267,-0.0860375236109,-0.0879904079183
0.5970086990943,-0.0898463123146,0.4547205364003,0.0855851773776,-0.0878644287016,0.1640362246370,-0.1087384650943,0.3603193053979,0.4574529968357,0.2487538958610,0.0420465950776,0.3032846828828,-0.0780509690395,0.4258293880060,1.0000000000000,0.2141444644358,-0.0332671811218,0.3376967727637,0.4445796615579,0.3614698770144,-0.0205272286893,-0.0634210927654,-0.0589671532801,0.0474012368274,0.1938938618213,0.2795229911604,0.0620958597516,0.4498402837726,-0.0609933370889,0.0574358700890,0.0963553652688,0.0473551722146,0.2377750533703,-0.0528452329304,-0.0050773168027,0.0821948550116,-0.2270348326285,0.0834093533905,0.0020073624941,-0.1701880664945,0.0099848995673,-0.0071111330416,-0.1491374122518,0.2251452015743,-0.0774100187301,-0.0010789613061,0.2243942971225,-0.0863536089567,0.2081746784982,0.5904676871675,0.0774545240809,0.0471855687992,-0.0100137671300,0.1887387746389,0.0220766534356,-0.0510345241346,-0.0961023048690,-0.0830711133363,-0.4058425239428,-0.0571418053782,0.0467330614169,-0.3099174817350,0.1820870349908,-0.4098053875620,-0.1286804917312,-0.3727533940195,0.0242335050866,0.2311437010984,-0.0976186494485,-0.0182735482560
-0.0631978768893,0.1649454056323,0.0363763129607,0.2483796976908,0.0517781540312,0.0769991902654,-0.0114654956695,0.0906032401417,0.3331455447503,0.3319669573616,0.0371983917533,0.1105544041779,0.1844398086344,0.3587013045439,0.2141444644358,1.0000000000000,0.0485228513244,-0.1193359109789,-0.0619787230828,-0.1753097922374,0.1298508633359,-0.0107654816028,0.1638099327901,0.0607663864451,0.3260880149936,0.1706903432635,-0.0545964895269,-0.0464045589650,0.1098453001680,0.2383091886447,-0.0250029258615,-0.1331014873420,0.0420287659060,0.0160556490603,0.1591089058599,-0.0062351580333,0.0904128840892,0.2561699019418,0.1365251843033,-0.0048479879689,0.1501350649199,0.0443184188276,0.1173979729199,0.1524605789557,0.3464542233450,-0.1150854558160,0.3084101045872,0.0959178050489,0.2928067582671,0.1186012068078,0.7994796257970,0.0787955223239,-0.0171926580422,-0.1600160628261,-0.1020693849172,0.0866078122752,0.0528986732606,0.2461525889959,-0.1597419235181,0.3213161376609,0.1242630314457,-0.0300043654815,0.1796248266432,-0.1343654484721,0.0514435643948,0.0171520327530,-0.1364965134799,-0.0064820742538,-0.0490043120450,0.1770063961182
0.0861407981260,0.2185085302274,-0.0294430685762,0.2510547608426,0.3764422622514,-0.2277517676483,-0.0045772270284,-0.2201920357398,-0.0556743839924,-0.1068243374171,0.2920963671891,0.0170755568565,0.3028149594507,0.0897928790636,-0.0332671811218,0.0485228513244,1.0000000000000,0.0735134310440,-0.0275833675237,0.0995339760666,0.3014313427870,0.7273241069523,0.6109945480210,0.6768431156788,0.0050143698870,0.2090999191242,0.0042570406119,0.0470739629833,0.6002343175049,0.3184781735782,0.2766693126749,0.0710724915425,-0.0574522793078,0.3795355783459,0.4227768455423,0.3256713046620,0.0668243893156,-0.1317557894809,0.0272250593086,0.3749515339224,0.0451974148313,-0.0277046871161,-0.2406528670202,-0.1386631538712,0.0018058432976,0.2373561636418,-0.1140883153522,0.2697979486538,-0.0188650278088,-0.2752351953075,0.0910555035845,0.8902578974819,-0.1564916729435,-0.2191921786594,-0.0762734155750,0.2983653070277,0.6981139709847,0.4958221781242,0.3634980263544,0.1340280611098,-0.0337737683394,-0.1990214745560,-0.0167034961708,0.3712622106366,0.3137699859632,0.4687963486410,-0.0862293123082,0.1710401408832,0.3438469671149,0.3260132450328
0.4769186060052,0.1897923225720,0.5819791308554,0.2802649420420,-0.3479851060448,-0.0940898683084,-0.3196606825178,0.3227160358365,0.0315239629266,-0.1335832358753,-0.4078412857117,0.3803149635469,-0.3314450687076,-0.0058345659352,0.3376967727637,-0.1193359109789,0.0735134310440,1.0000000000000,0.3272427483902,0.8045683790245,-0.2888912333342,0.0779647363536,0.1182862326821,0.5331667011160,-0.0581874750560,0.2722227590912,0.5461352095233,0.5901499588833,-0.1173139884425,0.0125833707790,0.4407742621740,0.2308495553790,-0.0078627290376,0.0347063622706,0.3508056207375,0.0548177608309,-0.0103237022266,0.0410187271722,0.1455047161510,-0.3959451233473,0.1141182963990,-0.4426522245658,0.0978184594348,-0.2845293729726,-0.3101653399403,-0.3406473119516,0.0101633552399,-0.3641754466313,-0.1735730419390,-0.0664274622574,-0.1144736594739,0.1104746405550,0.4761279406105,0.0925860064959,0.4484828618762,-0.2616376082633,-0.0338493436169,-0.0293966640976,0.0368974799752,-0.3493950677536,-0.0139372197915,-0.0324722262260,0.1554905923616,-0.2664096055428,-0.1238770262507,0.0169886461852,0.1038896358359,0.0177030848123,0.0450973069313,0.1313732628291
0.1703441319341,-0.1179195351777,0.3382196316194,-0.1193024756013,-0.2782890421101,0.1452051388853,-0.2486444832464,-0.0408696981295,0.2253761591339,-0.2193286444107,-0.1590538579709,0.6800233631237,-0.1966463226077,0.3905911021145,0.4445796615579,-0.0619787230828,-0.0275833675237,0.3272427483902,1.0000000000000,0.5094090882884,-0.2690769779163,-0.1129262531647,-0.0807921605368,0.0077266892664,-0.3679662061820,0.0168037686866,0.1153878710625,0.4255192173468,-0.1782071319087,0.0320286157544,-0.0390914473416,-0.0928164016618,0.1495285514778,-0.2611437365924,-0.0148904869787,-0.0588495431943,-0.2499633409170,-0.1629942378323,-0.2113086711377,-0.2375751568299,-0.2887783144734,-0.0227591220921,-0.2539492303055,0.1542282532580,-0.4031102013963,0.0736134158018,0.4093686787511,-0.1076531275443,-0.0205816085058,0.3289515631543,-0.0727093295182,0.0103703082092,-0.1246232576226,0.5721561817317,0.0109018172778,-0.2166401085708,-0.0872435289070,-0.1419278087786,-0.1796432274226,-0.5252599353127,-0.1505527846345,-0.4023096536600,-0.0599956343704,-0.2913018964702,-0.0101385572661,-0.1817010212436,0.0352434538698,0.0590898242306,-0.0710114058781,-0.1003402501680
0.3998596169862,0.1851697689337,0.4429069007582,0.2648985316920,-0.3690034430363,0.0430117217971,-0.1949271336525,0.0892128593286,0.0533751190670,-0.1942573563523,-0.3185279742439,0.5998422818300,-0.3136510982187,0.0697272288353,0.3614698770144,-0.1753097922374,0.0995339760666,0.8045683790245,0.5094090882884,1.0000000000000,-0.4051332401470,0.1168800658892,0.1381626208564,0.3857709223825,-0.2456941575734,0.3470735211231,0.4887031512121,0.5988011057158,-0.1788343679626,0.1719829741249,0.2590019394056,0.3575526621377,0.0632175736508,-0.0715824876696,0.4411130856547,0.0774014868934,-0.0323686605425,-0.2033615151138,0.1204235902044,-0.3462006525684,0.1723766387464,-0.2159308462941,-0.1179907090517,-0.1737662590019,-0.4348483131868,-0.1062412345087,0.0068879339622,-0.2813165959598,-0.1747289813084,0.0239263367207,-0.1287056495373,0.1389502439618,0.1644883186237,0.2312147187444,0.3902768750861,-0.3800950109231,0.0021773625533,-0.0182985267022,-0.0383421226695,-0.4788617242734,-0.0088285839736,-0.1922076267901,0.0448479225517,-0.2128204936443,0.0041451349321,0.0211761959107,0.0544277670970,0.1590676949389,-0.0092100604129,0.1683703067474
0.2388642254200,-0.0878194123761,-0.2511693869883,-0.0250797953256,0.8404516153143,-0.3571984394618,0.3044276313734,-0.0462488542581,0.0711504270950,0.3400537481464,0.6991969896445,-0.3779339560403,0.8279209597757,-0.0667073816798,-0.0205272286893,0.1298508633359,0.3014313427870,-0.2888912333342,-0.2690769779163,-0.4051332401470,1.0000000000000,0.2333655425784,0.1882492044084,0.0702214151418,0.3507661056001,-0.1760285161975,-0.3204509599186,-0.3992408495209,0.5985519276449,0.1374096696847,0.0877585305688,-0.1922055817098,-0.2619519147008,0.3055529807788,-0.0892575728679,0.3024988668945,-0.0899700563864,-0.0729335924589,-0.0834635728491,0.7457071644920,-0.2347572895681,0.2017020418665,-0.1876046768185,-0.0970344796542,0.4125492523481,0.3988343548667,-0.1578213027687,0.7715740051762,-0.0822813111563,-0.1004504814018,0.1619946887458,0.2794047525373,-0.1533275005271,-0.3069768340173,-0.1793481580666,0.9103892306326,0.3517560872365,0.2405549307175,0.1800613042836,0.4023614124955,-0.1079089805095,-0.1777286752256,-0.3122706336058,0.3438996592632,0.1886482740437,0.1300153052385,0.0075518441513,-0.0255496529823,0.2905598572397,0.0461233179564
0.0813320996157,0.1509215439241,0.0463692896740,0.2707947671876,0.3145597869864,-0.1568637946668,0.1725836227274,0.0012358719321,-0.0409517408069,-0.0127954978729,0.3419761209432,-0.0734379506556,0.3601146027218,-0.0177197990561,-0.0634210927654,-0.0107654816028,0.7273241069523,0.0779647363536,-0.1129262531647,0.1168800658892,0.2333655425784,1.0000000000000,0.4954293873627,0.6521051329990,0.0350243340952,0.1675007093959,-0.0210469392754,0.1115873363812,0.6285342860776,0.3869521261006,0.3210473296810,0.3166092491739,-0.1361920965887,0.3771296065302,0.3317461236935,0.0926367899835,-0.0156812602432,-0.2330197108661,0.0974008434964,0.3658657329352,0.2133997823394,-0.0038776238019,-0.1480805026124,-0.2310878705248,0.0149654549647,0.2821629381945,-0.3464498923153,0.3084470255969,0.0196633350060,-0.3453365941747,0.0246121289953,0.7063398463007,-0.2449883262061,-0.3368613808536,-0.1689042646245,0.2156525261313,0.8566341521268,0.3195082091343,0.5462357404707,0.0648169010489,-0.0883515965284,-0.2867013921669,-0.0670854047874,0.5668955267375,0.3228386724409,0.4259956368428,-0.0210357480414,0.1274833073952,0.3660881579559,0.1949599822398
0.0501822203820,0.5157085419792,-0.0119958204454,0.6340300595259,0.1889145332433,-0.2451778489783,-0.0836677270064,-0.0903092100308,-0.0152103352803,0.1266118946094,0.0689393265843,0.0572830021577,0.1353632750755,-0.0171873108662,-0.0589671532801,0.1638099327901,0.6109945480210,0.1182862326821,-0.0807921605368,0.1381626208564,0.1882492044084,0.4954293873627,1.0000000000000,0.5839805299955,0.1537284894764,0.2836905248046,0.1363674298069,0.1040305495160,0.4692345107530,0.3396982967283,0.4048599249663,0.0838881806740,-0.2154756591290,0.4637560780809,0.6195147659617,0.3426609351087,0.3767325118611,-0.0583789039665,0.4178337654174,0.2023257375088,0.0397149719195,-0.1694767633030,0.0296908502324,-0.2106552352595,0.2661764024608,-0.0317395637422,-0.1340862456837,0.1431134212485,-0.1597241250273,-0.3355890556299,0.1922869518894,0.5576783213206,-0.0166853197899,-0.1718471721787,0.1617054144395,0.2089690159122,0.4168519553315,0.8198817395013,0.2685166078075,0.2049997749778,0.1716254799792,-0.0096235175876,0.0468304253918,0.3510907159972,0.2437883527845,0.5894496373508,-0.1744518770647,0.0141837187597,0.4864715887542,0.5350428711318
0.2415085939055,0.4176325182055,0.3254589823120,0.4770661952765,0.0559661363471,-0.2880496885247,-0.2850492418475,0.0520684894454,-0.0785603104077,-0.1007151841890,-0.0399125259250,0.1643395696661,-0.0024212486738,0.0980886416728,0.0474012368274,0.0607663864451,0.6768431156788,0.5331667011160,0.0077266892664,0.3857709223825,0.0702214151418,0.6521051329990,0.5839805299955,1.0000000000000,0.0346364074391,0.3524483254441,0.3443394793797,0.3838760795489,0.4291039400860,0.2697234047815,0.5180088465431,0.1073760874254,-0.1002268591540,0.3783735833395,0.5868002835534,0.1943318192986,0.2069110598683,0.0776363456799,0.2570976523111,0.0198596765592,0.1003850878593,-0.3846644549259,0.0361901006324,-0.2854307735127,-0.0652518050802,-0.1361574182676,-0.0668925166793,-0.0556846055745,-0.0689633696429,-0.3811522151340,0.1024954968270,0.6711133802955,0.1760364140563,-0.1615748204809,0.1393443765295,0.0872544999490,0.5446070739649,0.4462388216834,0.3724582807889,-0.0331381572609,0.0697238111347,-0.0812263892727,0.2130622238344,0.1623756372494,0.0938212160127,0.4768695762563,-0.1450989568126,0.0183748952002,0.3633793718334,0.4002191279554
0.2434338820147,0.0169019506141,0.2246979158377,0.2969101077149,0.3254592212818,-0.2108014273708,0.0941105834714,0.5716261766129,0.0915649373190,0.7449619769337,0.1735410309034,-0.2517965329651,0.2210006263668,0.0857330656415,0.1938938618213,0.3260880149936,0.0050143698870,-0.0581874750560,-0.3679662061820,-0.2456941575734,0.3507661056001,0.0350243340952,0.1537284894764,0.0346364074391,1.0000000000000,0.0848095104334,0.1189541470978,0.0314599489334,0.3501944716751,-0.0879925595078,0.1350209714340,0.0798852751378,-0.1399318794857,0.0659831136742,-0.1583927796223,-0.0043595086146,0.0014771415478,0.3732417946433,0.3063759489620,0.1738436341257,0.0311169862232,-0.1533847735393,0.3165532250682,-0.2180459473733,0.6455499430871,-0.0904913654020,-0.1724027369700,0.1156460215293,0.1424727109708,0.0865522658782,0.2450650220555,-0.0096730530935,0.0754186090626,-0.3962488837822,-0.0480550440770,0.2428477133526,0.0187958996876,0.2189269454203,-0.1332183214834,0.7964362253451,0.0443114229360,0.1001830762022,0.1754029339015,0.0707694369812,-0.1963382208538,-0.1602639350695,-0.0215749783836,-0.0979808254857,-0.0564728415965,-0.1257973285909
0.0763632763015,0.4089644336078,0.4483877837571,0.5476398302338,-0.1930537250766,0.0492287715545,-0.1624497733430,0.1646072495309,-0.0018355528644,0.2275062040263,-0.2014683073561,0.3330418028900,-0.2162603068363,0.5177284488916,0.2795229911604,0.1706903432635,0.2090999191242,0.2722227590912,0.0168037686866,0.3470735211231,-0.1760285161975,0.1675007093959,0.2836905248046,0.3524483254441,0.0848095104334,1.0000000000000,0.5054153776075,0.6261822794738,-0.0529138452901,0.0486441203206,-0.1205015016369,0.4160132574778,0.0670942126387,0.0922811188030,0.4434559389936,-0.0775607216108,0.2535560941578,0.1567990886709,0.4626110887470,-0.2196877233580,0.3455250111298,-0.1594787211428,0.0884330370119,-0.0207954261853,0.0729366970143,-0.0912517635973,-0.0053991558731,-0.1949191415865,0.5005592619876,0.0766520535585,0.1822029169393,0.2806274310383,-0.0246503663623,-0.0962745974080,-0.0219123408489,-0.1192558893414,0.0642419940860,0.1456896874044,-0.1488714390153,0.0565020246992,0.6676976965975,0.0676271195634,0.5062580765144,-0.1179014576387,-0.1261852109998,-0.1082876648420,-0.0640285515432,0.1748295271804,0.0036973251226,0.2082183867328
0.0050314152096,0.4058483094893,0.4691640240775,0.4881915761240,-0.2716774127165,0.0845712660466,-0.1734378456641,0.1612118812951,0.0620448592317,-0.0348660257247,-0.3557896824289,0.4430296335145,-0.3757010641840,0.1335170761601,0.0620958597516,-0.0545964895269,0.0042570406119,0.5461352095233,0.1153878710625,0.4887031512121,-0.3204509599186,-0.0210469392754,0.1363674298069,0.3443394793797,0.1189541470978,0.5054153776075,1.0000000000000,0.5497825119332,-0.1414219781141,-0.0878348509791,0.0582867345524,0.2768883337998,0.0763905571550,-0.0347220231654,0.3198307786956,-0.0794134460148,0.2337966044475,0.1735561130244,0.3771164148326,-0.3301971985097,0.1582548691094,-0.2445729399774,0.2318138348478,-0.0762350801343,-0.1002971952660,-0.2286883437390,-0.0080995904863,-0.3455636058120,-0.0246799048328,-0.1380356995969,-0.0590630099483,-0.0142778439871,0.3227949582663,-0.0094894025994,0.2455282777374,-0.3027420162887,-0.1698815854321,0.0344818400548,0.0242794035423,-0.0495153106636,0.2134594375363,0.4007741460546,0.3003830100745,-0.1044807355317,-0.2391938058242,-0.0350792108954,-0.0886801726998,-0.1191559429425,-0.0451341066683,0.0720580938029
0.2855172333988,0.2324673279141,0.7792970464528,0.2919988659254,-0.4308236528046,0.1219776840974,-0.2781405989660,0.4260995780435,0.0341496507574,0.1007068822657,-0.4301845405191,0.4822843763895,-0.4424203408568,0.4290362682066,0.4498402837726,-0.0464045589650,0.0470739629833,0.5901499588833,0.4255192173468,0.5988011057158,-0.3992408495209,0.1115873363812,0.1040305495160,0.3838760795489,0.0314599489334,0.6261822794738,0.5497825119332,1.0000000000000,-0.1980428512704,-0.1378305163256,0.0358185337181,0.3866393545903,0.1057202947306,-0.1326648553339,0.1762818771956,-0.2627209976370,0.0243682276479,0.1734837188523,0.2291383244526,-0.4628454737526,0.1210925201509,-0.3037002703743,0.0903101186544,-0.0590357316439,-0.2237203138840,-0.2561502231370,0.0349618624389,-0.3988760932571,0.2687562701383,0.1937778032679,-0.0834478481944,0.1348486236413,0.0428202871287,0.1244677690955,0.0077179231250,-0.3221521445955,-0.0180653687562,-0.0921006219718,-0.1576823072753,-0.2014485180110,0.2601469131903,-0.1157377206810,0.5734909715397,-0.2877527150622,-0.2893605324467,-0.2633785402996,0.0375269828641,0.0357410355497,-0.1139626578701,-0.0849690775134
0.1441423566125,0.0252295450895,-0.0987878111390,0.2222934696678,0.6502752555331,-0.3697676011773,0.1016119801071,0.0381064713894,-0.0236956573269,0.1864222883041,0.5582864538156,-0.2693430572474,0.5817698036849,-0.0681967880300,-0.0609933370889,0.1098453001680,0.6002343175049,-0.1173139884425,-0.1782071319087,-0.1788343679626,0.5985519276449,0.6285342860776,0.4692345107530,0.4291039400860,0.3501944716751,-0.0529138452901,-0.1414219781141,-0.1980428512704,1.0000000000000,0.2322354011711,0.3879673806214,-0.0112846696970,-0.2507641843910,0.3124588170566,0.1123619213275,0.2191395231743,-0.0702473883187,-0.1186609150695,0.0091829521178,0.6073050114798,-0.0620058529689,-0.0228602312241,-0.1000999613118,-0.2411559316657,0.2497027875179,0.3410358468117,-0.2811501964289,0.5134613088861,-0.0890084442162,-0.3142746388964,0.1264783708047,0.5709895166044,-0.2385132295124,-0.3683304320105,-0.1957897134787,0.5348265959855,0.5742482268085,0.3727255954270,0.3082045702682,0.3384049167697,-0.2038940973410,-0.2302114611058,-0.2564555078184,0.6658137469991,0.2456584649731,0.4122263479492,-0.0627960117155,-0.0047252752708,0.2969502816600,0.1025433552423
0.0742911287475,0.2952315852722,-0.2726437504401,0.2822978824641,0.2433466265617,0.0932373443455,0.2902085985953,-0.3573378737680,0.1619037995830,-0.0282874196624,0.4016034777260,0.2041199856712,0.3579142171057,0.0573006787189,0.0574358700890,0.2383091886447,0.3184781735782,0.0125833707790,0.0320286157544,0.1719829741249,0.1374096696847,0.3869521261006,0.3396982967283,0.2697234047815,-0.0879925595078,0.0486441203206,-0.0878348509791,-0.1378305163256,0.2322354011711,1.0000000000000,0.2629663706796,0.0081713944405,0.0662613486181,0.4594569546047,0.5101697290375,0.4695030558381,0.2297693768595,-0.3637874669898,0.2520577200560,0.2928377318587,0.1004742219570,0.2941400812062,-0.3577539154637,0.0451754594650,0.0091247702766,0.3042966461147,0.0906857140709,0.3204615264507,-0.0355072415226,-0.1099725553573,0.2724886576606,0.2759177263833,-0.1318916822920,-0.0000533626706,0.0929424978769,0.0848440466456,0.3872830899560,0.3316897670034,0.2627280260333,-0.0469532268018,-0.0167031836097,-0.1794606017664,-0.2324096958925,0.1847304451218,0.7596664671824,0.4668763792416,-0.1827476553795,0.1236477227781,0.4819148913291,0.5586620011272
0.3780080525163,0.1379889587917,0.1198314826569,0.3509388251907,0.0495655397682,-0.2011457655063,-0.0773308677869,0.2692541191397,0.1840002888558,-0.0826661018557,0.0766980925720,-0.0949278811996,0.0429386779191,-0.2735735108250,0.0963553652688,-0.0250029258615,0.2766693126749,0.4407742621740,-0.0390914473416,0.2590019394056,0.0877585305688,0.3210473296810,0.4048599249663,0.5180088465431,0.1350209714340,-0.1205015016369,0.0582867345524,0.0358185337181,0.3879673806214,0.2629663706796,1.0000000000000,-0.0464986180422,-0.1505832671315,0.2966853744360,0.3655212932597,0.3242957627193,0.0765924706739,0.0307288000221,0.1692043814336,0.0197877018520,0.0836847116086,-0.2492448652657,0.0718140841806,-0.2594364572360,-0.0492374504087,-0.1901472260786,-0.0613989347890,-0.0332646481432,-0.3580611449359,-0.3199289854738,-0.0159930124433,0.2609791098074,0.3463386655076,-0.0277969234793,0.4271080972910,0.0568147838841,0.1951068555824,0.3323967389300,0.2413873176124,-0.1058113829682,-0.1820742567571,0.0138918149892,-0.0880519387570,0.0681763877956,0.1198408153766,0.5691773812669,-0.0593022132421,-0.0292757891992,0.2891301142998,0.3935468785718
0.0677726812770,0.1680087054583,0.2609702468127,0.2130639672324,-0.1127116653510,0.1619518112532,0.2902300026171,0.2976697398129,-0.0910125395696,0.0468623597068,-0.1452674199009,0.0909797697971,-0.0951861045917,-0.0450580506705,0.0473551722146,-0.1331014873420,0.0710724915425,0.2308495553790,-0.0928164016618,0.3575526621377,-0.1922055817098,0.3166092491739,0.0838881806740,0.1073760874254,0.0798852751378,0.4160132574778,0.2768883337998,0.3866393545903,-0.0112846696970,0.0081713944405,-0.0464986180422,1.0000000000000,0.0656611666143,0.0411184690656,0.1435519069117,-0.1794124366718,0.0372545956472,-0.1905352200415,0.1911110788833,-0.1000927801466,0.4832976965316,-0.0265959558411,0.0906535769663,-0.2208951909452,-0.1290000205817,0.0693631357057,-0.4821781553612,-0.1529272318822,0.1282914700515,-0.0542902035550,-0.1084155278979,0.1017472859307,-0.0621551224887,-0.3255471271937,-0.0754874625041,-0.1770506497575,0.1764431152162,-0.1203320698259,0.1270516493391,0.0122985404197,0.0750225107154,-0.0425493990860,0.1184916316267,0.1786119186872,0.0391632279498,-0.0922890048291,0.3374647343328,0.2975049176571,-0.0808185062336,-0.0620941918254
-0.1404124653836,0.1895131842011,-0.0563445964894,-0.0716629076184,-0.1448380626029,0.6707375750298,0.1506922242341,-0.2291049224797,0.1926060439518,-0.2170249284811,-0.0389339887437,0.2973338257522,-0.2612235187416,0.1056895403361,0.2377750533703,0.0420287659060,-0.0574522793078,-0.0078627290376,0.1495285514778,0.0632175736508,-0.2619519147008,-0.1361920965887,-0.2154756591290,-0.1002268591540,-0.1399318794857,0.0670942126387,0.0763905571550,0.1057202947306,-0.2507641843910,0.0662613486181,-0.1505832671315,0.0656611666143,1.0000000000000,0.0599924256120,0.1305732254693,0.1085442356979,0.1231019638569,-0.1354284001284,0.0237197812725,-0.1443098455423,0.1952680776260,0.3343861610463,-0.2059812021912,0.5076921814082,-0.2495539038518,0.1759036358385,0.2224883634565,-0.2600528264200,-0.0379833244692,0.2262066960653,-0.0269565468948,-0.1691032126965,-0.0738497131879,-0.0196084240986,-0.0838094589312,-0.2677182559058,-0.1046511773496,-0.2128302847514,-0.1458104133755,-0.1163163702651,-0.1211006974376,-0.0743367078234,0.0250857080984,-0.2522742351842,0.2166063654304,-0.0914790629366,0.0843360605711,0.4155916393195,-0.0610057000115,0.1320885729445
0.0798533254821,0.3828075936367,-0.2191026142338,0.3006495459602,0.2887957861799,-0.1370269408848,0.1199639035768,-0.2085482076291,0.0703131458530,0.0057117326227,0.2617336710884,-0.1169464715254,0.1714550320250,-0.1420197366443,-0.0528452329304,0.0160556490603,0.3795355783459,0.0347063622706,-0.2611437365924,-0.0715824876696,0.3055529807788,0.3771296065302,0.4637560780809,0.3783735833395,0.0659831136742,0.0922811188030,-0.0347220231654,-0.1326648553339,0.3124588170566,0.4594569546047,0.2966853744360,0.0411184690656,0.0599924256120,1.0000000000000,0.5339620887613,0.4904314824267,0.2977788212253,-0.1458768565456,0.2704281425752,0.2555879335558,0.0199903124419,-0.0012186892109,-0.1281338354138,-0.0981106131380,0.1264391530843,0.1157036708854,-0.1319825720689,0.1180432209473,-0.1692389289353,-0.2163094968404,0.0134703639911,0.2964654437590,0.0914758331393,-0.2592503256109,0.1548614170201,0.2935570355508,0.3787022004015,0.3879377757719,0.3381890594744,0.1342673318650,0.1069565664153,0.0151952957680,-0.0985734246476,0.2129615538718,0.5059608623762,0.4750925654971,0.0187524377437,0.1472872041751,0.7746552704471,0.5774309940061
