1.0000000000000,0.1461885352572,0.0904182335504,0.0981976160454,0.0458627421207,-0.1934203746939,0.0608600288741,0.3108950792148,0.0331800840988,0.1923767597352,-0.0367366806370,0.1119656991831,-0.0391287703792,0.1155397331377,0.5508420123028,-0.2401376769348,0.0045333964880,0.4948630816875,0.1870418877845,0.4835627031902,0.0503577963717,0.0797078309941,0.0150550607297,0.1697254202635,-0.1156919423667,0.1261872401303,0.0567045909848,0.2105572108805,-0.0214414437344,0.3454234185161,0.1529946985478,0.0458666248195,-0.0610106856641,0.1690680085978,0.0763948541255,0.3586699069381,0.0571633192722,-0.0925566931576,0.0950681494013,0.0215623694412,-0.0044098742238,-0.0826082600035,-0.1234079824338,-0.0782280584061,-0.0627853409854,-0.1145229951135,0.0136702786959,-0.0789167367915,-0.0233308257334,0.4598409257705,-0.2429080663763,0.0375803741228,0.2214156334564,0.2026498072449,0.2299659073402,-0.0034428103370,0.0833800542109,-0.0236225439462,0.1032116511484,-0.1738776244405,0.1063187096912,-0.0618385079177,0.0678228244754,-0.0956610824275,0.2421400355971,-0.0079438876345,0.0334823349661,0.0627060937430,0.1435033177909,0.0436485248555
0.1461885352572,1.0000000000000,0.1694537678390,0.6994113508392,-0.1835621954367,-0.1078017879367,-0.1988369079773,0.2206068336638,-0.0565127814025,0.3587530386999,-0.3589407692757,0.0920819673772,-0.2278140522888,0.1200889619389,-0.0315036584570,0.0782642490647,0.1871447548277,0.3960041645980,-0.1634435659067,0.4319879133534,-0.0831986243589,0.2006211765757,0.7126169574804,0.4450443811707,0.1880192216226,0.6356733093383,0.3478693976892,0.2952493789312,-0.0498984612734,0.5320389634199,0.5895975045679,-0.1047192879154,0.1686532399320,0.5724754181151,0.7362891754738,0.3193017919291,0.9069952398533,0.0789206043618,0.7549087070318,-0.1554977073266,0.2523493081366,-0.2305791469364,0.1250660973064,-0.2286530539579,0.2699317852985,-0.2854572848929,-0.0079152545699,-0.2519288666223,-0.0339279469939,-0.1375145747362,-0.0051213682795,0.1113081953809,0.2649808542160,-0.0124836189964,0.3449554509047,-0.1192617998349,0.0822495575834,0.7401812404166,0.2560331853276,0.0712028137013,0.5534046370492,0.3505270624619,0.3303004498902,-0.1661041897441,0.4573831013954,0.4917174291590,0.1857236922361,0.1750864780507,0.4682526990472,0.7068626605872
0.0904182335504,0.1694537678390,1.0000000000000,0.4141199231364,-0.2591865066133,0.0284833270205,0.0254646963006,0.6246855391016,0.2936720858162,0.1597265880862,-0.1119530253189,0.2337459186566,-0.2588239160898,0.2641385983946,0.2187780255969,0.1753227694206,0.0101900876029,0.3386241804667,0.0313781842930,0.3689157273779,-0.1738111964259,0.3086266937231,-0.0277017215880,0.5156471388109,0.0212615255972,0.4940008545371,0.7134509876810,0.8610237152768,0.1200948376605,-0.0418075538516,0.6046911451895,0.1329528225598,0.2975123100949,-0.1285990711409,0.2712216541239,-0.1734868782971,-0.0049380551961,0.6456990575770,0.3585737154534,-0.2719858575886,0.3788925810718,-0.1921213946382,0.2710805943016,-0.0308405184413,-0.0288070990381,-0.2858711038405,0.0483739788700,-0.3011467520968,0.0754332816991,-0.1628678354802,0.0348911066447,0.0179235076763,0.0981799013775,0.0433201354693,0.0929105442467,-0.1291579954196,-0.0458128105162,-0.0219943786224,-0.0481508123170,-0.2331487746451,0.2778769385887,0.3531226502069,0.6917045198095,-0.1069408019813,-0.2822275671176,0.1157251814024,0.2371211731359,0.1512154920605,-0.2324595929637,-0.0431855948224
0.0981976160454,0.6994113508392,0.4141199231364,1.0000000000000,-0.2137396097603,-0.1641269935175,-0.1097623727451,0.4720745996365,0.0942908993962,0.5413392621048,-0.2435658075620,0.1017192810185,-0.2344539060720,0.2431521681093,0.0383513057167,0.2448202122911,0.1996795804800,0.4351961498113,-0.2178135034326,0.5120561098348,-0.0824123786198,0.2041565073269,0.5951573567143,0.4206537237086,0.3783443075816,0.7810408534499,0.5975161757976,0.4262874146957,0.2026306694621,0.3574305016917,0.6720436536261,0.1035606596918,0.1968013518659,0.3622719210374,0.7337926036705,0.1807595129506,0.5941306454626,0.3648095336786,0.8971976536884,-0.2164476560452,0.3298970153070,-0.2500400922738,0.3604207898150,-0.1988540629050,0.3868767861617,-0.3462768747069,0.0099145036606,-0.2636501202453,0.0865219118397,-0.2105085811916,0.1434307220207,0.1698861455743,0.3188225264171,-0.0662517902661,0.4726372340567,-0.0712574369523,0.0005895550953,0.5891639657927,0.1558888881615,0.1122499023459,0.6648074157149,0.5163454188021,0.4718112703562,-0.0056436688603,0.1654023717113,0.4692487110471,0.3138282421663,0.2101624767801,0.2457545582763,0.5111860892035
0.0458627421207,-0.1835621954367,-0.2591865066133,-0.2137396097603,1.0000000000000,-0.2403631795495,-0.0926320783214,-0.2420499617462,-0.4047156916457,0.1955695509458,0.4974486333452,-0.3095418873622,0.8118245200127,-0.1791144107313,-0.2007299830470,-0.2129755246984,0.2222985704625,-0.0903424817339,-0.2035911678964,-0.2219082012699,0.8632602977350,0.3395913056336,-0.0488342323376,0.0085579926807,0.4276031276152,-0.2832108269849,-0.1726355061107,-0.2090890730575,0.4007068343928,0.0357879402834,-0.2716096559446,0.0232518232951,-0.3473197953055,0.2291166136694,-0.2735224484599,-0.0010413623267,-0.1653547433951,-0.3233316730453,-0.1409930651371,0.9448721974666,-0.2859217741110,-0.0483709835983,-0.2098831727223,-0.0860784209164,0.4100118183410,0.2768859953958,-0.2703930415264,0.7289264488307,-0.2943048181310,-0.0468355829216,-0.0840970251219,0.2674053824638,-0.0393985871693,-0.1547773642647,-0.2460229410325,0.7056457028544,0.5019257068576,-0.0504162369791,0.3439656152994,0.6229986713149,-0.3070529777114,-0.2439346904288,-0.2381087950602,0.6207801515249,0.1116463563014,-0.0858880517448,-0.1001388057016,-0.1274529951811,0.2660332266418,-0.1496434152353
-0.1934203746939,-0.1078017879367,0.0284833270205,-0.1641269935175,-0.2403631795495,1.0000000000000,0.2761269110331,-0.1789104222523,0.5984086318993,-0.2746384785579,0.1094880134062,0.2489523237893,-0.2081101163302,0.0937449369182,0.3702787766544,0.3067546657815,-0.2935821344533,-0.2970841096231,0.3140739698975,-0.2813371217637,-0.2993611320580,-0.1949222068309,-0.1054131331387,-0.1869809681872,-0.2468805052206,-0.2052434850619,-0.0995463534898,0.0028828086955,-0.3160260416539,-0.0864541845133,-0.1557481205938,-0.0877784699899,0.6086893558498,-0.1412565515928,-0.1341640411876,-0.0219535743311,-0.1121819843846,0.0611075731450,-0.1742326649159,-0.2108364101459,0.5164612371249,0.5877252773793,-0.1343480585922,0.7411592367574,-0.2039635739524,0.2303103528136,0.2857554061613,-0.0905000340176,0.1574851961445,0.2542452975278,0.1214812442612,-0.2904771571141,-0.3175981578401,0.0844494068779,-0.2761977586253,-0.2579455992904,-0.2609180545026,-0.0934535537617,-0.3767603293291,-0.1649351989594,-0.1628148390794,-0.1217523783618,-0.0600323668011,-0.3055692681296,-0.1082076209291,-0.2186557031473,-0.1073131098198,0.1141052353644,-0.1561321150410,-0.0361265766338
0.0608600288741,-0.1988369079773,0.0254646963006,-0.1097623727451,-0.0926320783214,0.2761269110331,1.0000000000000,0.0530346918771,0.5513231824901,-0.0862747765897,0.5586494108631,0.2183686884761,0.1799994697060,0.2315885673170,0.2835517705508,0.3310000484603,-0.2746576273135,-0.0874258985715,0.1631592258463,-0.1521945052231,-0.0089069044515,-0.1837125287975,-0.2600892587148,-0.1908858833252,-0.0424233093021,-0.1315452552773,-0.0667225685473,-0.0843568326513,-0.1560218276063,0.0225032039492,-0.1526895759074,-0.0193796195621,0.1829305343966,-0.2170072400516,-0.1255877169184,0.0479487114580,-0.2590953461636,-0.2175663627624,-0.1089110487166,-0.0558026794425,0.3258367852792,0.7412518377789,-0.1360782608927,0.3710712282095,-0.0187898477546,0.6180429975492,0.2062550637558,0.2349657191694,0.1652692218067,0.2186884029319,0.2945489313220,-0.3055576775633,-0.1047531432263,0.0387570363203,-0.1213338136293,-0.0484446033231,-0.2783361612975,-0.2832099950532,-0.1883904070073,-0.1508813062587,-0.1707033268484,-0.2823719872567,-0.2522707921518,-0.0829706366146,-0.1004817313922,-0.3422308719335,-0.1333765397833,0.2454284941614,-0.2393637763762,-0.1745669523895
0.3108950792148,0.2206068336638,0.6246855391016,0.4720745996365,-0.2420499617462,-0.1789104222523,0.0530346918771,1.0000000000000,0.1743384761259,0.4059744322335,-0.1278588766906,0.1454538017493,-0.2571037618744,0.2225012959686,0.3095443512694,0.0781318727882,0.0952126230995,0.4889786066203,-0.0742133163429,0.4728704904973,-0.1562463616885,0.0363838028554,0.0946379843995,0.2845047408252,0.3531850549140,0.5352908853217,0.6912940619391,0.4791655405740,0.1994755819850,0.0644039851283,0.6324377116484,0.2215662776730,0.1770951698565,-0.0555884422028,0.3098138136516,0.0726240974840,0.0855071947098,0.3767592163931,0.4141295742648,-0.3000156100098,0.2279001974358,-0.2634901253528,0.4873074561698,-0.2087730158628,0.1397800435556,-0.2589051955858,-0.0146313296946,-0.3560683314304,0.1058260363250,-0.0038048884406,-0.0248580623406,0.1154352810532,0.3710283762467,-0.0096298964068,0.3323393706605,-0.1812996791567,-0.1118489683298,0.1052312210913,0.0319007259312,-0.0372824902031,0.3782386409988,0.4015387386991,0.3619357268979,-0.0444577845082,-0.1527909660290,0.1438184173031,0.3422984097244,0.1227348638622,-0.1534276115357,0.0723774066502
0.0331800840988,-0.0565127814025,0.2936720858162,0.0942908993962,-0.4047156916457,0.5984086318993,0.5513231824901,0.1743384761259,1.0000000000000,-0.2117505936612,0.1828027145139,0.5662669222044,-0.2755014919822,0.4521132132135,0.6181604468571,0.3815184814479,-0.3482786016434,-0.0811094716991,0.4454941892853,0.0318283770753,-0.3466049792081,-0.2678878314635,-0.2014669767898,-0.1438112496159,-0.2355655860750,0.1104784206454,0.1930743822180,0.2186382216704,-0.2670524605760,0.0172229032577,0.0690164804320,0.0055376799468,0.4016305491457,-0.1559496476271,0.0766843624362,0.0916209674119,-0.1307378205385,0.1563743366741,0.0165986382356,-0.3828044969139,0.5233919208747,0.5950300487603,-0.0562152993515,0.7148094487742,-0.2691371629055,0.2210554393391,0.5280865208490,-0.1866607044923,0.3575571490533,0.3154110098101,0.1459167036916,-0.3266890786325,-0.2183198079093,0.2862926312087,-0.0363439356418,-0.3279912848146,-0.4096555435965,-0.2119118862887,-0.4216080412178,-0.4139283869980,0.0923343571251,0.0335001449271,0.0706803133257,-0.3690367300605,-0.1228522122603,-0.1566333506503,-0.1333020292864,0.1671197131668,-0.2409551616921,0.0272192118522
0.1923767597352,0.3587530386999,0.1597265880862,0.5413392621048,0.1955695509458,-0.2746384785579,-0.0862747765897,0.4059744322335,-0.2117505936612,1.0000000000000,-0.0418610405831,-0.1644349252461,0.1957756782648,0.0716101668331,-0.0382859727092,0.0344527340328,0.1098970900759,0.2308778834221,-0.2601751308786,0.2705901427922,0.2879235048084,0.1530183443794,0.4662101370996,0.1764191243534,0.6157907625374,0.4005263031463,0.2628092461623,0.1055490459861,0.1656074873497,0.3542733213747,0.2884251643348,0.1238712825873,-0.0010070030960,0.2799682826189,0.2915493018951,0.1575279835415,0.3423052303417,0.0615573406605,0.5113947760940,0.1272309894435,0.0604150514245,-0.2581967879592,0.1886428862587,-0.2849052466858,0.6729043578128,-0.1417084321937,-0.1837102727102,0.1019828610076,-0.0188868644893,-0.0408936446145,0.0359685919304,0.0924371414384,0.2225879345719,-0.1047751385066,0.1878211298601,0.1904275363340,0.2049483800765,0.3943032391775,0.2277716942117,0.3904055375257,0.2898896273162,0.1173936519029,0.1121857743727,0.1561481122021,0.1710436967593,0.2299802469073,0.2650689033249,0.1916991265524,0.2896349915018,0.1477901566947
-0.0367366806370,-0.3589407692757,-0.1119530253189,-0.2435658075620,0.4974486333452,0.1094880134062,0.5586494108631,-0.1278588766906,0.1828027145139,-0.0418610405831,1.0000000000000,0.0015884486104,0.6849259526589,0.1634364167796,0.0948475004494,0.1464565219897,-0.0511057054269,-0.1582308041575,0.0395452041702,-0.2607948880786,0.5748764299026,0.1006059086921,-0.3241403863573,-0.1329902234546,0.1419153671772,-0.2189100001786,-0.0860815391884,-0.1302433669437,0.2951718169445,-0.1753357396022,-0.3373203986791,-0.0184511874135,-0.0921303467356,-0.1392960354342,-0.2644376188158,-0.2056655672804,-0.4253491106983,-0.2432876602853,-0.2017618996430,0.5215320805246,0.1110198277548,0.4781986770997,-0.2319814524228,0.2279572175531,0.1410690145479,0.7602802187893,0.0345748033289,0.6636423208723,0.0207489007271,0.0169519561152,0.1811033214163,-0.0129338621601,-0.2415450215881,-0.1030956747399,-0.3214094432644,0.5450371283988,0.0890654789653,-0.3592604778024,-0.0325158078653,0.1859674346330,-0.2549704768722,-0.3149174016414,-0.2675074072289,0.4186811940519,-0.2432928320271,-0.3875114049796,-0.1651619673047,-0.0367945694502,-0.1308144914127,-0.2657038138100
0.1119656991831,0.0920819673772,0.2337459186566,0.1017192810185,-0.3095418873622,0.2489523237893,0.2183686884761,0.1454538017493,0.5662669222044,-0.1644349252461,0.0015884486104,1.0000000000000,-0.1830919237486,0.7102081295218,0.5085161802510,0.3169700751397,-0.0749159703005,-0.0395594894219,0.7004091309240,0.2616173355191,-0.2271831542325,-0.0719648300236,-0.1509570773386,0.0418657624300,-0.2582222366276,0.2582967079815,0.2788460512266,0.3217758610013,-0.3700646970270,0.0942448574060,0.0840071586466,-0.0773656545480,0.1507476810459,0.1111030395054,0.2420219915466,0.1053985708746,0.0350859339763,0.1294394104228,0.0959748131317,-0.3093084075875,0.2300114729115,0.2338938462715,-0.1548495816897,0.3645088969519,-0.2780598356393,0.0882639390211,0.8611760486869,-0.1878618992249,0.6353001365361,0.3336004956986,0.1278091818045,-0.0641594743915,-0.2304659610171,0.6492319705067,0.0943664964388,-0.2397439057465,-0.2139607410919,-0.0942275245463,-0.2580082253971,-0.3212681191752,0.3276380758183,0.1690817205974,0.2101397265300,-0.4837838847979,0.0422711903802,-0.1765521597799,-0.2799159602311,-0.0043677369079,-0.0154626106326,0.2486601254682
-0.0391287703792,-0.2278140522888,-0.2588239160898,-0.2344539060720,0.8118245200127,-0.2081101163302,0.1799994697060,-0.2571037618744,-0.2755014919822,0.1957756782648,0.6849259526589,-0.1830919237486,1.0000000000000,-0.0105302896480,-0.2426044404796,-0.0129077256578,0.1068573345394,-0.1459747481839,-0.1084753804689,-0.2852273564286,0.8931483274324,0.2602858812299,-0.1072178567041,-0.0492873631089,0.3749587795725,-0.2673117109783,-0.1984165614007,-0.2391998009181,0.3092464984363,-0.0312650951754,-0.3057727324191,-0.0076654580048,-0.2926965022348,0.1178291215925,-0.2657835173944,-0.1597785344855,-0.1969439285351,-0.3984496793100,-0.1566287003781,0.8310711583032,-0.1822033407540,0.1447142602394,-0.2800365377923,-0.0716008206352,0.4167571104973,0.5272934867056,-0.1481116943251,0.9280543793026,-0.1705319518453,-0.0846167023363,0.1232887388440,0.1444518407746,-0.1797584831765,-0.1416734661195,-0.3682821535334,0.8001125312574,0.4135134332637,-0.1318634168408,0.2637713950869,0.4893381795869,-0.3302599670266,-0.3343456439712,-0.3052447131827,0.5536097508907,0.0161648753811,-0.1766541822652,-0.1987782392237,-0.0345978698070,0.1765405546841,-0.1941323586912
0.1155397331377,0.1200889619389,0.2641385983946,0.2431521681093,-0.1791144107313,0.0937449369182,0.2315885673170,0.2225012959686,0.4521132132135,0.0716101668331,0.1634364167796,0.7102081295218,-0.0105302896480,1.0000000000000,0.4989554141922,0.4304747628378,-0.0203272144277,0.0972700283573,0.4962534932904,0.3205344886686,-0.0485750110326,0.0523413294397,-0.0726680318399,0.1343373912176,-0.0708806447829,0.4692335897840,0.3405567254141,0.3896412813533,-0.1549284312863,0.1180078961295,0.0746415130374,0.1985590173454,0.0089693619367,0.0815386613859,0.3080352715685,0.0193626506535,0.0305853965366,0.1646107057806,0.2182156189505,-0.2042728285112,0.3500125684526,0.2227214561023,-0.0982309635084,0.2292370207207,-0.1390400594474,0.1618327379368,0.6768948208154,-0.0462521979461,0.7925004124973,0.2617100118815,0.2928724082516,0.0114432513793,-0.1541740234526,0.4702792905850,0.1038311058106,-0.0893529020612,-0.1230600129343,-0.0553586276977,-0.1787943146192,-0.1421449794012,0.4450798724064,0.1607943219886,0.3036266837211,-0.2989026000970,0.0135100400329,-0.2140679071148,-0.2801801769854,0.1011101258040,-0.0256843827710,0.2493905955572
0.5508420123028,-0.0315036584570,0.2187780255969,0.0383513057167,-0.2007299830470,0.3702787766544,0.2835517705508,0.3095443512694,0.6181604468571,-0.0382859727092,0.0948475004494,0.5085161802510,-0.2426044404796,0.4989554141922,1.0000000000000,0.1879040881009,-0.2472766288379,0.1240275886580,0.5560809201219,0.3176762771927,-0.2037586801970,-0.1041667626407,-0.2304467156438,-0.0406057932633,-0.2513525179607,0.1531211805603,0.1607029220723,0.2998308018712,-0.2650146039979,0.2654227527191,0.0373835075517,0.0782039499660,0.2259964341336,0.0032314855331,0.0560344193290,0.3387740888666,-0.1377862374656,0.1223837409536,0.0018960220722,-0.2520445292848,0.2834351337005,0.3381858260141,-0.0853911516300,0.4872099301178,-0.2866753162968,0.0504523519964,0.4621798426759,-0.2239039004058,0.4089664888303,0.6385786494621,0.0004014475926,-0.1690053918393,-0.0844763923759,0.4087646272250,0.1209837955529,-0.2969644604115,-0.1820358478151,-0.2221431819685,-0.2859837920069,-0.3016652688639,0.1795745405430,-0.0085408715544,0.1808312044289,-0.3402610237386,0.1064796725510,-0.2130773259648,-0.0764439531786,0.1349937632485,-0.0672718124160,0.0103355057850
-0.2401376769348,0.0782642490647,0.1753227694206,0.2448202122911,-0.2129755246984,0.3067546657815,0.3310000484603,0.0781318727882,0.3815184814479,0.0344527340328,0.1464565219897,0.3169700751397,-0.0129077256578,0.4304747628378,0.1879040881009,1.0000000000000,0.0282824838628,-0.1213219591054,0.1236451138110,0.0976550201593,-0.0600767509310,0.0355948092439,0.0638459890948,0.1017892050952,0.1120245787266,0.3306692986274,0.2086573735590,0.1981594694653,-0.1049428129910,-0.0179024266912,0.0623917382590,0.1740137088452,0.3113167274398,-0.0652557787770,0.2867794002419,-0.0461997678051,0.0056886256839,0.2746818527244,0.2343973279985,-0.2294395670137,0.4586797564507,0.4270579652158,0.1755929332274,0.2770141825062,0.0618910259235,0.1486623848522,0.3095473567583,0.0195069737608,0.4674243928242,-0.0296686709200,0.8474301814571,-0.0148230851082,-0.2214840820342,-0.0217744922811,0.0069320793954,-0.0987417661423,-0.2430199896250,0.0779695506281,-0.2947723806266,0.1492800756866,0.3006849684237,0.1801739135292,0.2297191689926,-0.1664679992833,-0.1315437149552,-0.1225647530417,0.0559941136818,0.1971865000869,-0.1751300963625,0.0838382414812
0.0045333964880,0.1871447548277,0.0101900876029,0.1996795804800,0.2222985704625,-0.2935821344533,-0.2746576273135,0.0952126230995,-0.3482786016434,0.1098970900759,-0.0511057054269,-0.0749159703005,0.1068573345394,-0.0203272144277,-0.2472766288379,0.0282824838628,1.0000000000000,0.2613551603140,-0.1751128196608,0.2037521350714,0.2615025804830,0.5566864828060,0.4106299306310,0.5756754746617,0.3567721272663,0.1888054737269,0.2087855550541,0.1693663355345,0.4980504809433,0.1186242694713,0.1841881022979,0.1327314201688,-0.1640651258653,0.3281047494678,0.2290906479577,-0.0684390458968,0.1677409660191,0.0580638369771,0.2006585082138,0.2031308064884,-0.1748467328966,-0.3832164247034,0.0531523177606,-0.3838118673084,0.1976831028778,-0.2472141310075,-0.1668014751958,0.0478637842402,-0.0062284036530,-0.2698038392261,0.0431909271484,0.9256784848771,0.1784332143893,-0.1826474767027,0.0841297607062,0.2635352937013,0.4811063515594,0.4766624428888,0.6121423610046,0.4144346623660,0.1129228855766,0.1573060835734,0.2140041928317,0.3127365957834,0.1433260414514,0.2186002752332,0.1997841758388,-0.1363789349242,0.3202404061244,0.2055032855973
0.4948630816875,0.3960041645980,0.3386241804667,0.4351961498113,-0.0903424817339,-0.2970841096231,-0.0874258985715,0.4889786066203,-0.0811094716991,0.2308778834221,-0.1582308041575,-0.0395594894219,-0.1459747481839,0.0972700283573,0.1240275886580,-0.1213219591054,0.2613551603140,1.0000000000000,-0.0759476126573,0.7300853894245,0.0015616181814,0.2268490851190,0.3630417804443,0.4605003588804,0.1016181504774,0.3977319673001,0.4547294630446,0.3671282758758,0.3109531420657,0.2734956132711,0.6042730574250,0.2143950916860,-0.0487672395373,0.1987301945366,0.4373028986196,0.0852263724412,0.2934403198266,0.1477217232881,0.3685434752613,-0.1127885868773,0.1088666969146,-0.3213834927732,0.2247106978903,-0.4121719790541,0.0353078848022,-0.3103867984994,-0.1692757406614,-0.2184302587047,-0.0679669686485,-0.1224935074026,-0.0993781507444,0.2606725458702,0.6493022369057,-0.0754588081573,0.5577969531046,0.0311989794572,0.1458271227943,0.2791318748862,0.2996240185412,-0.0765017686221,0.2620015364373,0.2624478718158,0.2721074161918,0.0029026502341,0.1275225265558,0.3036659347082,0.1996217998994,-0.0108485230140,0.1632861529872,0.3146961898153
0.1870418877845,-0.1634435659067,0.0313781842930,-0.2178135034326,-0.2035911678964,0.3140739698975,0.1631592258463,-0.0742133163429,0.4454941892853,-0.2601751308786,0.0395452041702,0.7004091309240,-0.1084753804689,0.4962534932904,0.5560809201219,0.1236451138110,-0.1751128196608,-0.0759476126573,1.0000000000000,0.1662442306582,-0.1913001534410,-0.0912261647026,-0.2346033724814,-0.0975306007766,-0.4020660783150,-0.1610600031498,-0.0624100914956,0.1316801835424,-0.3354494023575,0.0282147094520,-0.1714632790978,-0.1928602363136,-0.0161332858265,-0.0351954572562,-0.1030985389086,0.0036714522346,-0.1711620775014,0.0188054198324,-0.2537358700876,-0.1984865907814,0.0247091818904,0.2830417631444,-0.2273914785012,0.3794108319930,-0.3554154122733,0.0945712735977,0.7115439680562,-0.0476193880569,0.4611370681890,0.4994996910441,0.0537284335100,-0.1291346589477,-0.1898519222001,0.7426811737926,0.0220162005500,-0.1894292581712,-0.1077177298179,-0.2596618220818,-0.2127789736417,-0.3535606749359,0.0095803614157,-0.0749844330084,0.0380367766970,-0.3735980383406,0.0424607353781,-0.2470597684221,-0.3754319023275,-0.0929793393969,-0.0434406194057,0.0023194202528
0.4835627031902,0.4319879133534,0.3689157273779,0.5120561098348,-0.2219082012699,-0.2813371217637,-0.1521945052231,0.4728704904973,0.0318283770753,0.2705901427922,-0.2607948880786,0.2616173355191,-0.2852273564286,0.3205344886686,0.3176762771927,0.0976550201593,0.2037521350714,0.7300853894245,0.1662442306582,1.0000000000000,-0.0723743987952,0.1746151496523,0.3002595251226,0.4143569508945,-0.0087755533831,0.5903942466177,0.5662765305055,0.4592708982116,0.0628355693615,0.4099982467859,0.6040419605028,0.2201701958166,-0.0023831187082,0.2761702318732,0.6308423189276,0.1919451729439,0.3443817058658,0.2618974231646,0.4756118285774,-0.2657377445701,0.1366983737718,-0.3344494368611,0.2338700971030,-0.3197583429765,0.0131481761390,-0.4513837327567,0.1003582606675,-0.3529118698329,0.1929887185110,-0.0609710920197,0.0682520200170,0.2155961821084,0.4305531772625,0.2159573814815,0.6469724809520,-0.1025647449351,0.0492798919527,0.3073344111397,0.1323062576649,-0.1691651944717,0.5303625537884,0.4474226884353,0.3852086233475,-0.2031629328374,0.1643069229006,0.3670607623434,0.2748422618757,0.0574216152103,0.2070704826603,0.4056203674521
0.0503577963717,-0.0831986243589,-0.1738111964259,-0.0824123786198,0.8632602977350,-0.2993611320580,-0.0089069044515,-0.1562463616885,-0.3466049792081,0.2879235048084,0.5748764299026,-0.2271831542325,0.8931483274324,-0.0485750110326,-0.2037586801970,-0.0600767509310,0.2615025804830,0.0015616181814,-0.1913001534410,-0.0723743987952,1.0000000000000,0.3740186106286,0.0224936491873,0.1077965681954,0.4155727507882,-0.0931113607393,-0.0401066875298,-0.1425620591579,0.3966805518095,0.0919981219259,-0.1536117532588,0.0538968811384,-0.2887080152855,0.2644505319499,-0.0900620255904,-0.0382667633227,-0.0711574982712,-0.2925951111356,-0.0101415266243,0.8522686624158,-0.2025595341675,-0.0456534337199,-0.2056420229954,-0.1508051884771,0.4563505542886,0.3066042510962,-0.2173268288931,0.7970554381032,-0.2113564812228,-0.1375060771925,0.0554794720876,0.3032451698202,-0.0609055860859,-0.1878929682191,-0.2046784989316,0.8627906772238,0.5081015065205,0.0195679669797,0.3737805457977,0.5264867135844,-0.1670252268868,-0.2016239324399,-0.1913735090922,0.5751106998762,0.0972527037007,0.0020029910652,-0.0054396032881,-0.0840532920411,0.3081240717645,-0.0654531884108
0.0797078309941,0.2006211765757,0.3086266937231,0.2041565073269,0.3395913056336,-0.1949222068309,-0.1837125287975,0.0363838028554,-0.2678878314635,0.1530183443794,0.1006059086921,-0.0719648300236,0.2602858812299,0.0523413294397,-0.1041667626407,0.0355948092439,0.5566864828060,0.2268490851190,-0.0912261647026,0.1746151496523,0.3740186106286,1.0000000000000,0.2411759118006,0.8429398209230,0.1513676471512,0.1861149206033,0.2624119112486,0.4712746235404,0.5120708771189,0.1287824309222,0.3070651483405,0.0214950035044,-0.0797647223961,0.3021340627960,0.2373838230217,-0.1694860064640,0.1133191214488,0.1449759088339,0.2411199197931,0.3607992687483,-0.0502923730605,-0.2885929623564,-0.0474353547898,-0.2960483692374,0.2060235491795,-0.1840829974655,-0.1973739243517,0.2363334672114,-0.1111326892201,-0.2151134080475,0.0317671979536,0.5388639992014,0.0298889413269,-0.1146592357865,-0.0446594325697,0.4001679196206,0.7536331728782,0.2504978890014,0.6435041372413,0.2284008463874,0.0151423325713,0.0423081828420,0.4224538463754,0.4144330330569,0.1027866791632,0.2862876925184,0.1414885096558,0.0088851742171,0.2901105680925,0.1328776171963
0.0150550607297,0.7126169574804,-0.0277017215880,0.5951573567143,-0.0488342323376,-0.1054131331387,-0.2600892587148,0.0946379843995,-0.2014669767898,0.4662101370996,-0.3241403863573,-0.1509570773386,-0.1072178567041,-0.0726680318399,-0.2304467156438,0.0638459890948,0.4106299306310,0.3630417804443,-0.2346033724814,0.3002595251226,0.0224936491873,0.2411759118006,1.0000000000000,0.3826903944052,0.3839168277061,0.3745329706774,0.1241235784257,0.0430222328192,0.1636215934770,0.4251490869060,0.4570525258442,-0.0284464815837,0.1129934405433,0.4974648622686,0.5584992127865,0.2030447731699,0.7190614607046,0.0777179741169,0.5605534299160,-0.0437152430486,0.1536803639988,-0.2550441127629,0.1947393077973,-0.2726229121119,0.4160778266462,-0.3268191178174,-0.1635926951705,-0.1247418194280,-0.1113112210751,-0.2340081762543,0.0261192324448,0.3060461236273,0.3416347061843,-0.1682044974094,0.3312005794992,0.0320385306480,0.2069901764434,0.8628969739147,0.3785857728749,0.3270726098915,0.3276123067249,0.2232838342088,0.1734826621721,0.0347995273755,0.3878489069716,0.5334388793149,0.2434409971019,0.1226247531504,0.4770805326231,0.5577092455125
0.1697254202635,0.4450443811707,0.5156471388109,0.4206537237086,0.0085579926807,-0.1869809681872,-0.1908858833252,0.2845047408252,-0.1438112496159,0.1764191243534,-0.1329902234546,0.0418657624300,-0.0492873631089,0.1343373912176,-0.0406057932633,0.1017892050952,0.5756754746617,0.4605003588804,-0.0975306007766,0.4143569508945,0.1077965681954,0.8429398209230,0.3826903944052,1.0000000000000,0.0876985858294,0.4369589982549,0.4798293729713,0.6527646142429,0.3880225066352,0.2221304062920,0.5791852801148,0.0574411227495,0.0690392772941,0.3279456356597,0.4602115343072,-0.1048189565056,0.3177584424010,0.2887250686985,0.4435372252473,0.0172926042918,0.1379818744006,-0.3795241819847,0.0847048743992,-0.3348803939327,0.1487884981619,-0.3593381828972,-0.1516936117383,-0.0888703870428,-0.0218524110642,-0.2489794466687,0.0316284786711,0.5147945175174,0.1804023407538,-0.0780193708764,0.1282427354040,0.1477307918343,0.5158487944860,0.4138300375826,0.5894084480809,0.0435183207745,0.2361997524584,0.2292956419940,0.5757070023090,0.1496150258758,0.1112666491101,0.3597431249119,0.2620710043475,0.0572858487724,0.2462059440786,0.2852689472653
-0.1156919423667,0.1880192216226,0.0212615255972,0.3783443075816,0.4276031276152,-0.2468805052206,-0.0424233093021,0.3531850549140,-0.2355655860750,0.6157907625374,0.1419153671772,-0.2582222366276,0.3749587795725,-0.0708806447829,-0.2513525179607,0.1120245787266,0.3567721272663,0.1016181504774,-0.4020660783150,-0.0087755533831,0.4155727507882,0.1513676471512,0.3839168277061,0.0876985858294,1.0000000000000,0.2031400566043,0.2179616471650,-0.0808587453297,0.4563591102929,0.1138026008360,0.2080318506012,0.1501491341550,-0.1157915827174,0.1817376647879,0.1353709639349,0.0623617878820,0.1920953565287,-0.0080042874744,0.3878743554212,0.3555821998938,-0.0278780228201,-0.1459939898348,0.3504351962990,-0.2566532414291,0.6419050576018,0.0369195928114,-0.2355446216352,0.2948172107520,-0.1381318203867,-0.2292702260474,0.1486172390651,0.3119044247584,0.2732805908179,-0.2738999144024,0.0862021697642,0.2969453075564,0.1953147495770,0.3954992304306,0.3117186000821,0.7821178771117,0.0769556485043,0.1602602989959,-0.0192933182154,0.4688826352597,0.0574542747425,0.1707817213719,0.1720064099073,0.0229580820594,0.1869347798387,0.1154071280141
0.1261872401303,0.6356733093383,0.4940008545371,0.7810408534499,-0.2832108269849,-0.2052434850619,-0.1315452552773,0.5352908853217,0.1104784206454,0.4005263031463,-0.2189100001786,0.2582967079815,-0.2673117109783,0.4692335897840,0.1531211805603,0.3306692986274,0.1888054737269,0.3977319673001,-0.1610600031498,0.5903942466177,-0.0931113607393,0.1861149206033,0.3745329706774,0.4369589982549,0.2031400566043,1.0000000000000,0.6756756956498,0.5513784972189,0.0612145959289,0.2656459605606,0.6138134618392,0.2161314133168,0.1728455676833,0.2629332348296,0.7447505406350,0.1811637835633,0.5245507050380,0.3925648135565,0.7836160265186,-0.3058720446957,0.3105181406849,-0.2612435288659,0.2489668845042,-0.2207344326733,0.1293740834608,-0.2769565663739,0.1161536882231,-0.3462949001581,0.3276521399347,-0.1718014344509,0.1977550153966,0.1858113293761,0.1751176132760,-0.0201600864674,0.4234068888456,-0.1144032094399,-0.0879151397702,0.4274576936834,0.0037039229650,0.0036251925431,0.8278472287408,0.5124278385874,0.5687710860990,-0.1796680465718,0.1002484041018,0.2841566657882,0.3181317992729,0.1370814103860,0.1033172137144,0.4969737818575
0.0567045909848,0.3478693976892,0.7134509876810,0.5975161757976,-0.1726355061107,-0.0995463534898,-0.0667225685473,0.6912940619391,0.1930743822180,0.2628092461623,-0.0860815391884,0.2788460512266,-0.1984165614007,0.3405567254141,0.1607029220723,0.2086573735590,0.2087855550541,0.4547294630446,-0.0624100914956,0.5662765305055,-0.0401066875298,0.2624119112486,0.1241235784257,0.4798293729713,0.2179616471650,0.6756756956498,1.0000000000000,0.6784129389464,0.2009024126104,0.1189836347653,0.7304038984135,0.2424496694075,0.1915864008223,0.1065582742501,0.5543733467692,-0.0534207128189,0.2252802798263,0.5010303416671,0.5797768753174,-0.1913020062969,0.3372840603947,-0.2769122577498,0.3509390372240,-0.1641335004731,0.1411161018087,-0.3245675147201,0.1019850312010,-0.2809259314256,0.1521703829561,-0.2761539704459,0.0744544339679,0.2224528468104,0.2673137734489,0.0565671856630,0.3175021268541,-0.0584080974624,0.0054203134879,0.2244544809487,0.0868879609690,-0.0660961555868,0.4936243903245,0.6867811272365,0.5659217312614,-0.0518195708930,-0.1608227687598,0.3161149941576,0.2960086441079,0.0566258293255,-0.0289499464291,0.2601962369801
0.2105572108805,0.2952493789312,0.8610237152768,0.4262874146957,-0.2090890730575,0.0028828086955,-0.0843568326513,0.4791655405740,0.2186382216704,0.1055490459861,-0.1302433669437,0.3217758610013,-0.2391998009181,0.3896412813533,0.2998308018712,0.1981594694653,0.1693663355345,0.3671282758758,0.1316801835424,0.4592708982116,-0.1425620591579,0.4712746235404,0.0430222328192,0.6527646142429,-0.0808587453297,0.5513784972189,0.6784129389464,1.0000000000000,0.0816677234141,0.0452497082852,0.5408299984296,0.1110066606308,0.2004600069460,0.0394638220768,0.3420604819387,-0.1102914050977,0.1107821632384,0.5900056169964,0.4262881546365,-0.2120031756987,0.3126705665895,-0.2213307510959,0.1048077991208,-0.0694162178850,-0.0769629546493,-0.2806103576904,0.1247641863591,-0.2706742059160,0.1624988515671,-0.0962426655398,0.0571032974039,0.1805961042527,0.0312075603042,0.1352501680942,0.1174884928236,-0.0964363744784,0.1093782239299,0.0504154871877,0.0398845634058,-0.2136826334252,0.3758471746019,0.3840600736387,0.8608055928426,-0.1619507102658,-0.1548840978839,0.0876125878649,0.1186099135643,0.0988450332108,-0.0905775869498,0.0676982729318
-0.0214414437344,-0.0498984612734,0.1200948376605,0.2026306694621,0.4007068343928,-0.3160260416539,-0.1560218276063,0.1994755819850,-0.2670524605760,0.1656074873497,0.2951718169445,-0.3700646970270,0.3092464984363,-0.1549284312863,-0.2650146039979,-0.1049428129910,0.4980504809433,0.3109531420657,-0.3354494023575,0.0628355693615,0.3966805518095,0.5120708771189,0.1636215934770,0.3880225066352,0.4563591102929,0.0612145959289,0.2009024126104,0.0816677234141,1.0000000000000,-0.1501854852691,0.2391652010961,0.1315406009927,-0.2228928002540,0.0063535169666,0.0519747258482,-0.3258691691455,-0.1361500007779,0.1155585771755,0.1307565069322,0.3965722978494,-0.1208698537623,-0.3046641620187,0.2554094402972,-0.3756487853228,0.2652926358511,-0.1349088102526,-0.3894096619914,0.2780895983512,-0.2531920221173,-0.3708257907125,-0.0328456976597,0.4967433769174,0.2659467290688,-0.3674199220968,0.0477747622968,0.4627788003589,0.3992873503994,0.1097376448674,0.4553951230735,0.3569407992873,-0.0829317158943,0.0524218473134,0.0760233652159,0.8132274128021,-0.1647774461077,0.2438191989072,0.2410494601071,-0.0942329594578,0.0219265412072,-0.0265804955920
0.3454234185161,0.5320389634199,-0.0418075538516,0.3574305016917,0.0357879402834,-0.0864541845133,0.0225032039492,0.0644039851283,0.0172229032577,0.3542733213747,-0.1753357396022,0.0942448574060,-0.0312650951754,0.1180078961295,0.2654227527191,-0.0179024266912,0.1186242694713,0.2734956132711,0.0282147094520,0.4099982467859,0.0919981219259,0.1287824309222,0.4251490869060,0.2221304062920,0.1138026008360,0.2656459605606,0.1189836347653,0.0452497082852,-0.1501854852691,1.0000000000000,0.3218873751026,0.0281652210848,0.0572920102328,0.7587668643306,0.5071584980355,0.5679316134779,0.5450666377531,-0.1765441816585,0.4050608014909,0.0200751153842,0.1272861676123,-0.0498323835077,-0.0338315894903,-0.0489068419107,0.3142533816524,-0.2139947153777,0.0696173342756,-0.0083948587783,-0.0073873275942,0.2189743857913,-0.0459721545346,0.0744682650691,0.2777818818434,0.1863329144802,0.3464898215038,-0.0629625079013,0.2125287565942,0.4683806176236,0.3312880648191,0.0806202936130,0.2536118385003,0.0947158140192,0.0167847596189,-0.1011132643804,0.8121890822284,0.3894311691336,0.0224216679381,0.2811842663480,0.7271733265204,0.5358805129294
0.1529946985478,0.5895975045679,0.6046911451895,0.6720436536261,-0.2716096559446,-0.1557481205938,-0.1526895759074,0.6324377116484,0.0690164804320,0.2884251643348,-0.3373203986791,0.0840071586466,-0.3057727324191,0.0746415130374,0.0373835075517,0.0623917382590,0.1841881022979,0.6042730574250,-0.1714632790978,0.6040419605028,-0.1536117532588,0.3070651483405,0.4570525258442,0.5791852801148,0.2080318506012,0.6138134618392,0.7304038984135,0.5408299984296,0.2391652010961,0.3218873751026,1.0000000000000,0.1066331283074,0.2484696349082,0.2696814282894,0.6982387060804,0.1408205473004,0.4947072341188,0.3727993693184,0.6343029256711,-0.2652517554155,0.3095960818520,-0.3441914132266,0.4114225736311,-0.2766720565020,0.1670802704583,-0.4834874861385,-0.0794519863000,-0.3433612960269,-0.1003670863683,-0.2868189594839,-0.0575996067014,0.1309981198453,0.4827898173385,-0.0298177077089,0.4713740438469,-0.1285311964458,0.0749032892939,0.4689130252848,0.2488814819047,-0.0893192348080,0.4135974445752,0.5324635410378,0.4696413385006,-0.0433603267857,0.1208559677055,0.6541816955282,0.3756249237346,0.1755476653944,0.1644523703822,0.4736737504795
0.0458666248195,-0.1047192879154,0.1329528225598,0.1035606596918,0.0232518232951,-0.0877784699899,-0.0193796195621,0.2215662776730,0.0055376799468,0.1238712825873,-0.0184511874135,-0.0773656545480,-0.0076654580048,0.1985590173454,0.0782039499660,0.1740137088452,0.1327314201688,0.2143950916860,-0.1928602363136,0.2201701958166,0.0538968811384,0.0214950035044,-0.0284464815837,0.0574411227495,0.1501491341550,0.2161314133168,0.2424496694075,0.1110066606308,0.1315406009927,0.0281652210848,0.1066331283074,1.0000000000000,-0.0133532509273,-0.0718514981343,0.0756601176458,0.0072655835414,-0.1220259891610,0.0653310493839,0.0823522956263,-0.0251101937549,0.0716564829298,-0.0863162309951,0.1547863333313,-0.0208792113875,0.0656923610918,-0.1001657651161,-0.1286647177037,-0.0138490935831,0.2562348021744,-0.0759626567736,0.1452523322035,0.1538842232705,0.1371197044343,-0.1639794496035,0.0883146557416,0.0428887422681,0.0250208391730,-0.0054955664115,0.0295351795506,0.0981215737014,0.1048790312126,0.1435495751491,0.0890997532761,0.0787024577015,-0.0582978652163,-0.0092132377698,0.2730691874141,0.1016332677422,-0.0773169745587,-0.1127447654638
-0.0610106856641,0.1686532399320,0.2975123100949,0.1968013518659,-0.3473197953055,0.6086893558498,0.1829305343966,0.1770951698565,0.4016305491457,-0.0010070030960,-0.0921303467356,0.1507476810459,-0.2926965022348,0.0089693619367,0.2259964341336,0.3113167274398,-0.1640651258653,-0.0487672395373,-0.0161332858265,-0.0023831187082,-0.2887080152855,-0.0797647223961,0.1129934405433,0.0690392772941,-0.1157915827174,0.1728455676833,0.1915864008223,0.2004600069460,-0.2228928002540,0.0572920102328,0.2484696349082,-0.0133532509273,1.0000000000000,-0.0112884833072,0.2205971200959,0.0414423131251,0.1120174896499,0.2668487377682,0.1917108709936,-0.3115939800924,0.5533121253118,0.2302909541322,0.1587624001869,0.3855474147404,0.0080422039500,-0.0382506194514,0.0562647663053,-0.2475599987733,-0.0046151562101,0.0319501470730,0.1203560900118,-0.1725613489924,-0.1380298731141,-0.1003731412185,-0.0559959989106,-0.2241977854686,-0.2471739991204,0.1508926463325,-0.2220804557548,-0.1678099829402,0.0580441709739,0.1275254855209,0.1455544887451,-0.2687781094579,-0.0446576191310,0.0977236932494,0.2102269799021,0.4631244540519,-0.0697023408397,0.1036263187310
0.1690680085978,0.5724754181151,-0.1285990711409,0.3622719210374,0.2291166136694,-0.1412565515928,-0.2170072400516,-0.0555884422028,-0.1559496476271,0.2799682826189,-0.1392960354342,0.1111030395054,0.1178291215925,0.0815386613859,0.0032314855331,-0.0652557787770,0.3281047494678,0.1987301945366,-0.0351954572562,0.2761702318732,0.2644505319499,0.3021340627960,0.4974648622686,0.3279456356597,0.1817376647879,0.2629332348296,0.1065582742501,0.0394638220768,0.0063535169666,0.7587668643306,0.2696814282894,-0.0718514981343,-0.0112884833072,1.0000000000000,0.5290261692880,0.3815352437904,0.5990920864670,-0.2283245996600,0.4477858644069,0.2250028045753,0.0049928324744,-0.2205615930426,-0.1391989198258,-0.1495694572017,0.3640795739579,-0.1873166847765,0.0777426010148,0.1173434190372,-0.0643897061881,0.0438280389675,-0.0927894824929,0.2929563916919,0.1755956672588,0.1353474748072,0.2533016597183,0.1386666327641,0.3963430373612,0.5384992993899,0.4207539582920,0.2110907577172,0.2692467596513,0.1227649513784,0.0383392092338,0.0062691549856,0.7670743542355,0.3961907810294,-0.0896747498492,0.0822331675007,0.9035601374686,0.6665499017347
