1.0000000000000,0.4829823329000,0.3601409587886,0.5841192453448,0.2949457697215,0.1081463473863,0.3378035810655,0.4552339077587,0.1012214207397,0.3395628318885,0.1474664085150,0.1304425673385,0.2266173321397,0.5066154790124,0.6956674080818,0.4307659289239,0.3164928664767,0.4337268251547,0.3430068279206,0.6491891900256,0.1010972890752,0.1618566300862,0.4049904296223,0.3274241562659,0.3705161093982,0.4780623084694,0.4732593508930,0.3976967814332,0.1791592183212,0.6828150226034,0.1652138848647,0.0099527456897,0.3892385080860,0.2846376001219,0.4275354256002,0.6181930483492,0.0369873207109,0.2062868508286,0.5951156779342,0.1492260094256,0.4395662199855,0.2590059520192,0.3553407614336,0.2609094531447,0.4035530594821,0.1634528939381,0.0954075860073,0.2018547919306,0.3867440383629,0.6495810696477,0.4281716306706,0.2672419049009,0.0282377967628,-0.0170180414100,0.3743851483683,0.1898640602285,-0.0572872470517,0.2435374399926,-0.0213519126143,0.4045242972597,0.3412810651165,0.1699306775479,0.4067764752364,0.0378726541648,0.5061275666031,-0.0343613630766,0.3408140516610,0.2430242709238,0.1082186928543,0.2218556577167
0.4829823329000,1.0000000000000,0.3158138034700,0.7746221798281,0.1361660259801,0.2863685365531,0.2039732631632,0.4595905886526,0.0130998701203,0.1449628779449,0.0171842118393,0.3281412923210,0.0502631018683,0.4678223776385,0.2873203055093,0.4013036596473,0.1939687965178,0.3109338874885,0.1610169237581,0.4226976143831,-0.0650905015775,0.1091009850869,0.6567571401976,0.3934940697743,0.3647483023138,0.6931378705076,0.5975519066287,0.5381775279674,0.1153912574525,0.4774287649643,0.5106230569094,0.2649673384064,0.3430979183118,0.3862652372569,0.7231128412866,0.2666172049549,0.6319951651164,0.1138044097306,0.7408984491211,0.0201044460450,0.3669914832671,0.1680028491819,0.3041122574672,0.1863434788912,0.2087786693854,0.0148338069646,0.1408137499174,0.0415036580145,0.3891719736776,0.3074682683795,0.3650091834865,0.2312534096267,0.0697133232092,-0.0539813386160,0.2043635260998,0.0434657634136,-0.1377274335142,0.4881285332905,0.0596188601571,0.3256349987065,0.5982027258253,0.3085462207662,0.6031315819332,-0.0233559940757,0.2921925973095,0.2810475359463,0.3148733903183,0.1388669324371,0.0864546436872,0.5507892089241
0.3601409587886,0.3158138034700,1.0000000000000,0.3980005190195,-0.1489281468783,0.2143733323022,-0.2577229009638,0.8106960323948,-0.1160569504499,0.4697907399964,-0.3163219224965,0.0601519034862,-0.2828008783942,0.4419810756088,0.4091509037072,0.1463794851433,0.0848947451053,0.4758290181000,0.1854982261767,0.5470030212317,-0.1680586363453,-0.1856396334102,0.3274110261168,0.1722545459931,0.5518541006252,0.4505232141996,0.3521287302546,0.8241688638002,0.0283860832621,-0.0581228345722,0.0860805140284,0.2082200487057,-0.0182125785290,-0.1927258442714,0.1270086017165,-0.0055331536499,-0.0956000943511,0.5653143350043,0.3711516622424,-0.1724004141552,0.0262632294987,-0.2413038595678,0.5244021210828,-0.1076799885992,0.4501879173862,-0.2277601093363,-0.0700700615490,-0.2320675186263,0.2881009316141,0.1773320650720,0.1530061852059,0.0316235219487,-0.0643375488941,-0.1243984337405,0.0051731794902,-0.0994357641320,-0.2064113886649,0.1529076109280,-0.0721018101311,0.3417096657415,0.4321717191510,0.0767229966838,0.4058990513477,-0.2107018374366,-0.2587117766706,-0.1891480881052,-0.2012878902338,0.2609513337888,-0.2224383149616,-0.1055712961071
0.5841192453448,0.7746221798281,0.3980005190195,1.0000000000000,0.1890025342231,0.3458638440151,0.2757078987928,0.6215792152224,0.1528581180905,0.3482836725179,0.0815070560054,0.3334441471720,0.1072254442006,0.5571334571667,0.4226267997682,0.4801439215083,0.2788811248571,0.3381666089539,0.2056724506188,0.4749123089061,0.0133347541314,0.1045893441875,0.7559707237276,0.3469557654224,0.4913447352866,0.7581303405056,0.5864856986182,0.5151186486578,0.1851616265526,0.5105622721373,0.4374374763806,0.2683414471829,0.4337412185652,0.3820153224968,0.6267419519409,0.3552031841558,0.3840825039207,0.3067644002877,0.8943780011253,0.0982208525776,0.3840174104266,0.2060438542036,0.4530721711542,0.2388318027136,0.4337534123299,0.0836225593361,0.1482558961193,0.0723085167762,0.4764807327023,0.4995768170560,0.4836017105029,0.2935474933567,0.1057162140180,-0.0304035620547,0.2509336120780,0.0984265190075,-0.1134254145929,0.5416285614199,0.0399264356102,0.5138303104302,0.6417174039885,0.4102610590229,0.6632554192314,0.0344309496366,0.3480429004794,0.1885598761863,0.2650365117902,0.2764190203233,0.1189710753545,0.5163048363444
0.2949457697215,0.1361660259801,-0.1489281468783,0.1890025342231,1.0000000000000,-0.0016136126594,0.5782677639184,0.0231983187211,0.2789119321714,0.0909675531262,0.6267992888461,-0.1249847627802,0.7649117285049,0.0281834845010,0.1827550459660,0.4040818016074,0.4386418365895,-0.1523233081985,-0.1006457454270,-0.1029198200275,0.7696426943963,0.6295661436016,0.2869274475159,0.4528686650233,0.1398445867935,0.1040439608922,-0.0112964148296,-0.0462069272690,0.6837180993734,0.4955168609490,0.2965975258165,-0.1082710688500,0.1718635994715,0.4104379273792,0.2727967631217,0.1384525380960,-0.1134303975529,-0.2377707765343,0.1218540936735,0.9214414184512,0.1658090657348,0.3385961080168,0.1063509514124,0.2592553112442,0.1119654732342,0.6187233307060,-0.1009042199021,0.7096594297988,-0.0860266024433,0.0796634994878,0.3855458903455,0.5196685870371,-0.0462864596709,-0.1301944623991,-0.0684845157293,0.8581862032061,0.4954051263029,0.2452269869251,0.3416427844098,0.2512800203901,-0.0774516660037,0.1067564129045,0.0072320503347,0.6739953366032,0.3881417480740,0.3147649012273,0.0298443976184,0.0385773595192,0.3652020241968,0.2734441979292
0.1081463473863,0.2863685365531,0.2143733323022,0.3458638440151,-0.0016136126594,1.0000000000000,0.1247091990089,0.3358256859040,0.2315341236190,0.1614067986396,0.0132638569251,0.2625087863982,-0.1104688280559,0.3220329982562,0.1483243122654,0.2719379790024,0.0720294210135,0.1364512823472,0.0055823699949,0.0922151966747,-0.0437742504547,0.1174130558743,0.2887916375891,0.1556019034077,0.2165163833026,0.4103563398508,0.1145504598749,0.3315536421684,0.0242540922835,0.1124710373161,0.2206132532602,0.2786815116026,0.3559810430996,0.0388744711371,0.2186816498456,0.0460187610673,0.1109529211695,0.1438530261268,0.2338704736757,-0.0158032143320,0.0747868970743,-0.0262817402598,0.2018124333525,0.1619313207793,0.1474406751724,-0.0082346366335,-0.0060170206786,-0.0797992424013,0.3399553977128,0.1395626855711,0.3125672399865,0.1312722868431,0.0542463562534,-0.0757910290454,-0.0234876486607,-0.0150581484720,0.0396095180782,0.2966097609390,0.0901623547294,0.1792043363128,0.3952782093393,0.1591167716305,0.2987374794650,-0.0013300990886,-0.0074669108189,0.0577001648171,-0.1812218033640,0.4743293789141,0.0266061527532,0.1781557025965
0.3378035810655,0.2039732631632,-0.2577229009638,0.2757078987928,0.5782677639184,0.1247091990089,1.0000000000000,0.0331284673465,0.6376940825598,0.0522772595225,0.7656993764703,0.1319912411887,0.8056424575835,0.1454398914228,0.3487302278719,0.5968681941214,0.3355177302843,0.0777931524820,0.0788807634537,0.0826552278808,0.5530932410449,0.4599672085302,0.1588093103279,0.3000603955073,0.0464228132352,0.1489912875778,0.2378333024562,-0.0937715151383,0.5557107454448,0.6715626512634,0.2402862495243,-0.1315402540859,0.5066180283370,0.4703886803591,0.2768885858096,0.2053912205643,-0.0233946509187,-0.3042052232037,0.2362307488985,0.5044798907552,0.4217848176215,0.7653100118369,0.0305002607201,0.5190350725807,0.0522513253742,0.7109713414946,0.0395946043297,0.7343976756766,0.0617896192929,0.3528560914448,0.4851211537108,0.3532904738074,-0.0607281251891,-0.0956762693677,0.0998508022549,0.5314818362409,0.1946237110634,0.1399372319243,0.0271762826531,0.1581919629564,-0.0886299032042,0.1916165217881,0.0164188063198,0.4929689287755,0.6269293742613,0.1906875553078,0.3153895507410,0.2041191131386,0.2845053028400,0.2362807816600
0.4552339077587,0.4595905886526,0.8106960323948,0.6215792152224,0.0231983187211,0.3358256859040,0.0331284673465,1.0000000000000,0.0192201700697,0.5111181968151,-0.1150030320234,0.1184941582825,-0.0758091165166,0.5429926863700,0.4551658239056,0.4498547443380,0.2373685201431,0.3846464653936,0.1216299761779,0.4568557767473,-0.0453224905447,-0.0642451251181,0.5138727710010,0.2290043918129,0.6487290860727,0.5805220768529,0.4473971041516,0.7043319532138,0.2576454172490,0.1546390738882,0.2581418690730,0.1483653204633,0.2262823299503,0.0207729500626,0.2867077251745,0.1167605354258,0.0075081802998,0.5137547151687,0.5885608874155,-0.0238297936325,0.2343770308778,0.0178598177911,0.7162627422758,0.0975406843297,0.5328458831220,-0.0161014609575,-0.0656917861300,-0.0455117862960,0.4333242279644,0.3625288745932,0.3705699931230,0.2081473740171,-0.0651582388226,-0.1849196432377,0.0668086421469,0.0445750105515,-0.2304576336751,0.2958952876153,-0.1249416789444,0.5217661340577,0.5068625209350,0.3027603131983,0.5615073230098,-0.0212401552639,-0.0382129626897,-0.0622312536066,0.0044537686507,0.4054451790616,-0.1906961344904,0.0545156042222
0.1012214207397,0.0130998701203,-0.1160569504499,0.1528581180905,0.2789119321714,0.2315341236190,0.6376940825598,0.0192201700697,1.0000000000000,0.0174459051855,0.5377005425072,0.4259306272068,0.4262686807670,0.0987024743629,0.4175843783140,0.2854623374284,0.1337592540336,0.0870920306582,0.3498057101593,0.1010496579869,0.3257737581822,0.2236876250724,0.0538144719907,0.1119955513123,-0.0607879192541,0.0575489409042,0.2391777811407,-0.0259136256750,0.3821693986171,0.3374800967779,0.1825846514208,0.0895459369098,0.4700131628798,0.2552922921521,0.0894837042999,-0.0588079879878,-0.2083928617496,-0.1594050992130,0.0754991516588,0.2465136701599,0.3111655702970,0.5333452883242,-0.0913679827648,0.5971794624954,-0.0264593529561,0.3609611550885,0.3384325892601,0.4147599526816,0.1227643171322,0.2863111969081,0.3667747846223,0.1596421326311,-0.0982976635817,0.2560132795303,0.0764166984239,0.2691427237219,0.1288931673943,-0.0710300306334,-0.0397545047141,-0.0039304403208,-0.0926078513283,0.1387162358191,-0.0792388970398,0.3030890273756,0.2728032340671,0.0514828988837,0.2359457655681,0.0608521901917,0.1712469398851,0.0862534076328
0.3395628318885,0.1449628779449,0.4697907399964,0.3482836725179,0.0909675531262,0.1614067986396,0.0522772595225,0.5111181968151,0.0174459051855,1.0000000000000,-0.0777151079438,0.0910742232775,0.0609122784821,0.5844369436159,0.4562212045688,0.4731493980986,0.0197761811054,-0.0065867762437,0.2018166618418,0.2609451084939,0.0998914803611,-0.1632185247495,0.2872917582487,-0.0251292934563,0.7522431052318,0.3666677513967,0.0158258936451,0.3486551895949,0.0774971850612,0.1151020144077,-0.1973592743788,0.1864592864140,0.1595369282222,0.0054602609117,-0.0629410025309,-0.0619357925418,-0.1461119221471,0.1524937352190,0.3212294570729,0.1132735310642,0.1373353171547,0.0099348442792,0.3074340913282,-0.0501303219625,0.8859208185768,-0.0603450890352,0.0365548989911,0.0732732462425,0.5159236333007,0.2923883778859,0.4414001051681,-0.0592280147712,-0.4556446498964,-0.1884855731487,-0.1111504885487,0.1368065337602,-0.2413526913724,0.1035979766783,-0.3064645041790,0.6923295993702,0.3021380674921,-0.2755412600681,0.1873887205303,-0.1013042122296,-0.0685549281686,-0.3478884401376,0.1353205684979,0.1938497692989,-0.1293440782241,-0.2094896805095
0.1474664085150,0.0171842118393,-0.3163219224965,0.0815070560054,0.6267992888461,0.0132638569251,0.7656993764703,-0.1150030320234,0.5377005425072,-0.0777151079438,1.0000000000000,-0.0464166244202,0.7807771939794,-0.1374809782697,0.1960814504857,0.3147695279797,0.2520929878210,-0.0655384752804,-0.1129568336873,-0.1010118266628,0.7200867350213,0.4759461918752,0.0435464000889,0.2356079820158,-0.0875583827563,-0.0171686337083,-0.0063307200399,-0.1832985236810,0.5355131388505,0.4666870347831,0.1605974078931,-0.1345891811281,0.2817728443228,0.3776748824920,0.1157686129304,0.1494573299855,-0.0684303761605,-0.2889550763579,0.0176536029931,0.6279298296449,0.0935841720210,0.5891546130021,-0.1298027114050,0.3603916154105,-0.1133600466629,0.8495183431007,-0.0875244272107,0.6797542840283,-0.1810196957787,0.1371241714959,0.2260714306698,0.2809107116900,0.0177779804986,-0.1014843984494,0.0630969958130,0.6448996976997,0.3534312741302,0.0331686127373,0.1443551795926,0.0057401879831,-0.1752290010814,0.1535485228684,-0.1033348563887,0.5884764744950,0.4515647929978,0.1132748488428,0.0878885703867,0.0855288829977,0.3577372347452,0.2174327218460
0.1304425673385,0.3281412923210,0.0601519034862,0.3334441471720,-0.1249847627802,0.2625087863982,0.1319912411887,0.1184941582825,0.4259306272068,0.0910742232775,-0.0464166244202,1.0000000000000,-0.0472327468081,0.4225857811825,0.3385336944914,0.1055671036774,-0.1313944798047,0.1490982473992,0.7371130692314,0.3816628825058,-0.1392816973265,-0.2006208636032,0.1493250205527,-0.1150675961792,0.0274915735830,0.2887499005461,0.4822799163447,0.1971757449122,-0.0841323591079,0.1896758631279,0.0351932879677,0.5939051411148,0.3568332774180,0.0778827268933,0.1204644229756,-0.0395899336291,0.1719803883618,0.0048631120301,0.2582749934986,-0.1627573708546,0.3455495060009,0.1736833197542,-0.1247852449535,0.3027181521381,0.0423193906336,-0.1425667441568,0.7953605052065,-0.0573078751931,0.5078822369891,0.3212827059159,0.1621055836638,-0.1236253887966,-0.1497785242671,0.6326036387378,0.1562291483221,-0.1546261530902,-0.2788489986742,-0.0267146042025,-0.3024192373064,-0.0040999552394,0.2757797905068,0.1127475792553,0.2153876595768,-0.2284008026112,0.1230693489071,-0.1175669541196,0.4093547996555,-0.1052952055495,-0.1352302882425,0.0586916232152
0.2266173321397,0.0502631018683,-0.2828008783942,0.1072254442006,0.7649117285049,-0.1104688280559,0.8056424575835,-0.0758091165166,0.4262686807670,0.0609122784821,0.7807771939794,-0.0472327468081,1.0000000000000,-0.0100134271195,0.2070820805758,0.4941134855003,0.2983171337082,-0.0033643195186,-0.0424692516514,-0.0396957260147,0.8480454942317,0.5254468479681,0.0708718519056,0.2998527314700,0.0114516654986,-0.0149485509992,0.0671089348382,-0.1858956758305,0.6075020213838,0.5578384431067,0.1931289107773,-0.1773772111386,0.2815911423029,0.4746048489529,0.1797639526797,0.0949260770579,-0.1412048427275,-0.3768816727379,0.0570052841761,0.7491148465155,0.2213135629066,0.6140169240696,-0.0173750198751,0.3074633634002,0.0588721150598,0.7649596392301,-0.0658982788599,0.8836942694153,-0.1369614984201,0.1734763547087,0.3484830234483,0.3330408240657,-0.0841547116550,-0.1291339563794,-0.0133542332633,0.8084237949327,0.3191870110303,0.0649359084131,0.0909999379201,0.1309179811051,-0.2331240933664,0.0606521425532,-0.1623775788170,0.5496734072470,0.5547656191492,0.1832761494840,0.1992610614271,0.0413747491599,0.3709414204915,0.1634666883930
0.5066154790124,0.4678223776385,0.4419810756088,0.5571334571667,0.0281834845010,0.3220329982562,0.1454398914228,0.5429926863700,0.0987024743629,0.5844369436159,-0.1374809782697,0.4225857811825,-0.0100134271195,1.0000000000000,0.5611513860212,0.4935647020906,0.1820452889199,0.1954324232386,0.4340133524606,0.4791781425994,-0.0964075080190,-0.0751606540475,0.3460390803260,0.0941420521811,0.4191384259116,0.7064439613223,0.3759754417055,0.5054667866665,-0.0280329122965,0.3615634375283,0.0276789573539,0.4116823206226,0.3362631378252,0.0796389132349,0.2447941283069,0.1085347718106,0.0389630059515,0.1733163607895,0.5490666055186,-0.0301494717247,0.4128204666662,0.1418580238803,0.2922560036240,0.1743739107963,0.5411444474838,-0.0884470529624,0.2338387125592,0.0452242335195,0.7881614980694,0.4899664624593,0.4757540346582,0.1334057070574,-0.2633482574341,-0.0399475423285,0.0114197874612,0.0131895796738,-0.2656992718499,0.1795608312124,-0.2263554606236,0.3848943582832,0.5984106758123,-0.0277026963080,0.3899523713616,-0.1988460016815,0.1504633684867,-0.1630827052658,0.2368514437552,0.2605758665341,-0.0987969173442,0.0461217192436
0.6956674080818,0.2873203055093,0.4091509037072,0.4226267997682,0.1827550459660,0.1483243122654,0.3487302278719,0.4551658239056,0.4175843783140,0.4562212045688,0.1960814504857,0.3385336944914,0.2070820805758,0.5611513860212,1.0000000000000,0.3514407400194,0.1482099498259,0.4332972488785,0.5364430239142,0.6547842278547,0.0766478759205,0.0088615332209,0.2066988090347,0.1372689564541,0.3358758789753,0.4200014679574,0.5042499933589,0.4183498594941,0.2039628497444,0.5350010691316,-0.0433045254857,0.2728026813442,0.4220869393246,0.1145096692644,0.1411984628649,0.2739359806677,-0.1583885985807,0.1239532084562,0.4144997002006,0.0889612161435,0.3186755224124,0.3185693041933,0.1650884724904,0.2284188948811,0.3868916092023,0.1453918244783,0.2077227860866,0.2480052176184,0.4462651563427,0.6839888439701,0.3433069491789,0.0727649084251,-0.2479774299578,0.0756527433280,0.2394092898093,0.1170173011539,-0.1667491033231,-0.0022956916815,-0.2445225880955,0.2785440415681,0.2671549528022,0.0393983040237,0.2058098712646,-0.0398731201188,0.3275900554508,-0.3110696373766,0.3167099449390,0.2075639958068,-0.0647864415120,-0.0752395140559
0.4307659289239,0.4013036596473,0.1463794851433,0.4801439215083,0.4040818016074,0.2719379790024,0.5968681941214,0.4498547443380,0.2854623374284,0.4731493980986,0.3147695279797,0.1055671036774,0.4941134855003,0.4935647020906,0.3514407400194,1.0000000000000,0.3216924113667,0.0736318424194,0.0603314077478,0.1947863160008,0.3560413466204,0.2556596683781,0.3924766393225,0.2999295107855,0.5092844044194,0.4528033066122,0.1592650718768,0.1770467843879,0.3782838261983,0.4942648577219,0.2752138358356,-0.0507630225716,0.4438122673934,0.3724315090806,0.3513461807718,0.1772085636604,-0.0162310855842,-0.0031069261399,0.4917529343659,0.3516289583270,0.3911554863807,0.4734681167951,0.4090044793531,0.3106651242403,0.5155111517245,0.3508048408502,-0.0149961303799,0.4754521250004,0.4090041888051,0.4344184188627,0.7670173136468,0.3015392932345,-0.0940398399304,-0.2039098636889,0.0787152696414,0.4124045260314,-0.0199802051699,0.2779944065860,-0.0158640993198,0.6002808536160,0.2693284608669,0.0598006703476,0.2982566751498,0.2570355213119,0.3810051545644,0.1218261726316,0.2412531271090,0.3270827918499,0.1422663964513,0.1894840185952
0.3164928664767,0.1939687965178,0.0848947451053,0.2788811248571,0.4386418365895,0.0720294210135,0.3355177302843,0.2373685201431,0.1337592540336,0.0197761811054,0.2520929878210,-0.1313944798047,0.2983171337082,0.1820452889199,0.1482099498259,0.3216924113667,1.0000000000000,0.0848569903855,-0.1104395588414,0.0705439729157,0.2568590337359,0.6611006546818,0.4927464934113,0.6166332473418,0.1217446909599,0.2731619833603,0.1790426157075,0.2030067467608,0.4828991952520,0.4135349219078,0.4141806254659,-0.1542959114056,0.2037442739431,0.4611803209309,0.3815728826803,0.2783926301193,-0.0546502794557,0.0699501575004,0.2413747739892,0.4094109165453,0.2694360684457,0.1791510293104,0.3667053730902,0.2714334752695,0.0848694504465,0.3614571373551,-0.1722561727595,0.3292510339642,0.0031907787553,0.2299996677690,0.3399233188407,0.9219349788572,0.0975179281135,-0.1782638116980,0.0697838602486,0.3807825215290,0.4628297158166,0.5190388549007,0.3925189729944,0.2294642969430,0.0843478978415,0.3169026067854,0.3078061595394,0.5142464177530,0.3638108132086,0.3610608842660,0.0213616987344,0.2226144367796,0.3163951105509,0.3233439570209
0.4337268251547,0.3109338874885,0.4758290181000,0.3381666089539,-0.1523233081985,0.1364512823472,0.0777931524820,0.3846464653936,0.0870920306582,-0.0065867762437,-0.0655384752804,0.1490982473992,-0.0033643195186,0.1954324232386,0.4332972488785,0.0736318424194,0.0848569903855,1.0000000000000,0.2325942820972,0.7145912636998,-0.1179276194756,0.0564668972999,0.1336809050362,0.3213144284682,0.0602788863244,0.2981034714238,0.6355177805572,0.4320920472426,0.0423636658667,0.2792223616401,0.2139839985097,-0.0040926463938,0.1240155663562,0.1028094190042,0.3957206329241,0.3200779120326,0.0788066995289,0.3043312977677,0.3252693681957,-0.2257932245239,0.0078641057670,0.0716114520926,0.2546433867119,-0.0181081548146,0.0529955096788,-0.0078243419313,-0.0858076436787,0.0320147188179,0.0045877489049,0.3670507226587,0.0455115082612,0.0165501674902,0.3683911969055,-0.0112060812447,0.4172838565426,-0.1394978359120,-0.0966961122876,0.0828538123579,0.0812439254083,-0.0063238617318,0.2063662726384,0.2689802296068,0.2110307731677,-0.1807421233950,0.2970490875108,-0.0348117195383,-0.0116497247379,0.1936315172819,0.0348026090359,0.1293778715801
0.3430068279206,0.1610169237581,0.1854982261767,0.2056724506188,-0.1006457454270,0.0055823699949,0.0788807634537,0.1216299761779,0.3498057101593,0.2018166618418,-0.1129568336873,0.7371130692314,-0.0424692516514,0.4340133524606,0.5364430239142,0.0603314077478,-0.1104395588414,0.2325942820972,1.0000000000000,0.6107821402297,-0.2230458240404,-0.2141438483759,0.0289980451071,-0.1386336835622,-0.0188899703022,0.1311202228202,0.4696235881277,0.1680179065894,-0.1314948368385,0.2350116697057,-0.1799383582344,0.4141497898277,0.2735253994393,0.0842446330746,-0.0193490319102,0.0675590301098,-0.1087855635041,0.0007965749040,0.1966859257937,-0.1825343875197,0.3850018931996,0.1573231547310,-0.1225645795673,0.2474447599832,0.1646765598970,-0.2185344512916,0.7192463236623,-0.0275012000534,0.4315969617346,0.4801679571510,0.1087590997435,-0.1337288328909,-0.2634277164169,0.6184264689129,0.2308830380100,-0.1765053856897,-0.2637556552988,-0.1693001483913,-0.3749110222379,-0.0194347413043,0.1054718093901,-0.1253876258507,0.0478199951181,-0.3188210690733,0.2061513862822,-0.2785548728175,0.5679671753096,-0.3116222703149,-0.0763123068646,-0.1526346188485
0.6491891900256,0.4226976143831,0.5470030212317,0.4749123089061,-0.1029198200275,0.0922151966747,0.0826552278808,0.4568557767473,0.1010496579869,0.2609451084939,-0.1010118266628,0.3816628825058,-0.0396957260147,0.4791781425994,0.6547842278547,0.1947863160008,0.0705439729157,0.7145912636998,0.6107821402297,1.0000000000000,-0.1803402155797,-0.0777166696943,0.2434415520237,0.1699780004202,0.1488628181950,0.4823436212105,0.6512053052344,0.5821410349947,-0.0841375420562,0.4135296765259,0.0132114980550,0.2543282390454,0.2562934921538,0.1235719242841,0.3211996317237,0.3031472651370,0.0194918148486,0.1987773223599,0.4776374337740,-0.2019748479393,0.2490743098988,0.1284478924241,0.1674058414575,0.0667677474824,0.2412061610818,-0.0594528403905,0.2027613916493,0.0160717096886,0.2901097794887,0.5166847176347,0.1790320355217,0.0051497306568,0.0122941902346,0.1294391653560,0.4308987394727,-0.1217570146260,-0.2349816394380,0.0787761815637,-0.1614008929152,0.0883997499917,0.3855541157917,0.0818940963969,0.3096944050540,-0.2784700934782,0.2922227895026,-0.2057118704081,0.2960966412824,0.0762854964123,-0.0188424155418,0.0505892247293
0.1010972890752,-0.0650905015775,-0.1680586363453,0.0133347541314,0.7696426943963,-0.0437742504547,0.5530932410449,-0.0453224905447,0.3257737581822,0.0998914803611,0.7200867350213,-0.1392816973265,0.8480454942317,-0.0964075080190,0.0766478759205,0.3560413466204,0.2568590337359,-0.1179276194756,-0.2230458240404,-0.1803402155797,1.0000000000000,0.4983465556175,0.0776075219718,0.3070288654762,0.0955287765476,-0.0225189405675,-0.1690015312734,-0.0938392278465,0.5892354345094,0.3382409447893,0.1776668098377,-0.1428363485919,0.1059406248581,0.3133633165888,0.0938163973223,-0.0109803583141,-0.1869517283342,-0.2408241630298,-0.0680741098568,0.8269994812606,0.0037603282494,0.2843091155475,0.0268488798239,0.1917893062950,0.0806366277840,0.6677137014865,-0.1523528843891,0.6983118269227,-0.2225227910274,-0.0537737976463,0.2737977378711,0.2983559535076,-0.0501318508678,-0.1653860321477,-0.1281824481602,0.9202991780351,0.3934253094506,0.0674304772580,0.2259442066672,0.1683291104128,-0.1707742316236,0.0042447234479,-0.1365560467546,0.6017443372825,0.2605873830483,0.1477502890247,-0.1046433039921,0.0855112491155,0.3510473613255,0.1613841143656
0.1618566300862,0.1091009850869,-0.1856396334102,0.1045893441875,0.6295661436016,0.1174130558743,0.4599672085302,-0.0642451251181,0.2236876250724,-0.1632185247495,0.4759461918752,-0.2006208636032,0.5254468479681,-0.0751606540475,0.0088615332209,0.2556596683781,0.6611006546818,0.0564668972999,-0.2141438483759,-0.0777166696943,0.4983465556175,1.0000000000000,0.3111644851428,0.7715721142557,-0.1026553217686,0.0729026134446,0.0049762438255,-0.0103046763936,0.5514997503558,0.4643891544786,0.4815636545489,-0.1894487926384,0.1450504766491,0.5630903910415,0.3955141392871,0.2438518340666,-0.0658365660536,-0.1652123129637,0.0356801279314,0.6053095970259,0.1392089915443,0.2262783033733,0.0821393963980,0.2401322761320,-0.0576363758238,0.4886141528041,-0.1920273387115,0.5345852955478,-0.2231905733176,0.0323246551631,0.2945528173044,0.7336626587793,0.2098483619078,-0.1234187844167,0.0603252362083,0.5665593363991,0.8186316808122,0.4182368362123,0.6331901644538,0.0655534386193,-0.1234462860164,0.2067516243158,0.0918025578387,0.6081440645089,0.4379069392621,0.4672928128430,-0.0822139815675,0.1758490153208,0.5401859688316,0.4134344437197
0.4049904296223,0.6567571401976,0.3274110261168,0.7559707237276,0.2869274475159,0.2887916375891,0.1588093103279,0.5138727710010,0.0538144719907,0.2872917582487,0.0435464000889,0.1493250205527,0.0708718519056,0.3460390803260,0.2066988090347,0.3924766393225,0.4927464934113,0.1336809050362,0.0289980451071,0.2434415520237,0.0776075219718,0.3111644851428,1.0000000000000,0.5026692048314,0.5007510824354,0.6006289504079,0.3767421074887,0.4916665317386,0.3284408525497,0.4127860431333,0.5907557925250,0.1558720873979,0.2882447562510,0.4746798656521,0.6626710011804,0.2595321566652,0.3997210728176,0.2292345891331,0.6998160480744,0.2251306424115,0.3007962035552,0.0163239265305,0.5024620915352,0.1769205571819,0.4003077315360,0.0582634269226,0.0428445337625,0.0366805940714,0.2734849917343,0.2995020622836,0.4778716681082,0.5112768586791,0.0946240292909,-0.0690736956349,0.1256453434265,0.1729469834172,0.1234544874704,0.7996122192811,0.2554676300468,0.5441117489987,0.4685251869280,0.3576501296752,0.6666673693900,0.2551410184640,0.2739046643207,0.4192780318835,0.1574606047933,0.2110342470094,0.2191833394870,0.5498376691643
0.3274241562659,0.3934940697743,0.1722545459931,0.3469557654224,0.4528686650233,0.1556019034077,0.3000603955073,0.2290043918129,0.1119955513123,-0.0251292934563,0.2356079820158,-0.1150675961792,0.2998527314700,0.0941420521811,0.1372689564541,0.2999295107855,0.6166332473418,0.3213144284682,-0.1386336835622,0.1699780004202,0.3070288654762,0.7715721142557,0.5026692048314,1.0000000000000,0.1394221238715,0.3049078943384,0.2020760239274,0.3558817145909,0.4778764682316,0.4784961304854,0.6322969854473,-0.0917064604413,0.1339584824630,0.5267522091176,0.6200132691350,0.2209136636591,0.1350590688410,0.0453568711557,0.3058333473132,0.3797923898715,0.1749085738979,0.1205459875364,0.3123823115864,0.1752015030119,0.0837437536753,0.2763504350036,-0.1650488888964,0.2959477276852,-0.0929966750356,0.0935288596141,0.3481220731555,0.6731908920974,0.2385754733800,-0.1547041600928,0.1159537121175,0.3729414653929,0.5931830375873,0.5239764784978,0.7212146704420,0.2250597258758,0.1299268900693,0.2585994037434,0.3681926744395,0.4308180785233,0.3535262489274,0.5189103484527,-0.0778401487663,0.1971979030890,0.4191890517904,0.5201905094666
0.3705161093982,0.3647483023138,0.5518541006252,0.4913447352866,0.1398445867935,0.2165163833026,0.0464228132352,0.6487290860727,-0.0607879192541,0.7522431052318,-0.0875583827563,0.0274915735830,0.0114516654986,0.4191384259116,0.3358758789753,0.5092844044194,0.1217446909599,0.0602788863244,-0.0188899703022,0.1488628181950,0.0955287765476,-0.1026553217686,0.5007510824354,0.1394221238715,1.0000000000000,0.3939688554616,0.1318322567538,0.4326927383649,0.2689663549851,0.0824101479564,0.0945399489131,0.0882126019707,0.0911629860915,0.0267787639376,0.1396489134139,0.0600899964722,0.0758381137643,0.3570212633501,0.4743173263040,0.1449436137874,0.1645355956535,-0.0378678291257,0.5511938388310,0.0109330827727,0.7536541380316,-0.0572973535072,-0.0296315567059,-0.0331930033816,0.4149497385794,0.2435934077335,0.4795364314153,0.0428985342199,-0.2468664215346,-0.2020883955819,-0.0630835666760,0.1435048766872,-0.2156796101732,0.2845382219261,-0.1441066585175,0.8753093024111,0.3247110847590,-0.0290260131521,0.4579448047905,0.0560832437800,-0.1055423666147,-0.1273160830180,0.0175377945226,0.2483098558324,-0.1852848474298,-0.0139905825882
0.4780623084694,0.6931378705076,0.4505232141996,0.7581303405056,0.1040439608922,0.4103563398508,0.1489912875778,0.5805220768529,0.0575489409042,0.3666677513967,-0.0171686337083,0.2887499005461,-0.0149485509992,0.7064439613223,0.4200014679574,0.4528033066122,0.2731619833603,0.2981034714238,0.1311202228202,0.4823436212105,-0.0225189405675,0.0729026134446,0.6006289504079,0.3049078943384,0.3939688554616,1.0000000000000,0.4280297754572,0.6566212054984,0.0229791852278,0.3867756611861,0.3050197452985,0.3690290469854,0.2828597878451,0.1923435673999,0.5862971309580,0.1950839774239,0.3387554593953,0.1984483107182,0.7213727296535,0.0361524633944,0.2081576736657,0.1107226822392,0.3307930570828,0.0907558593163,0.3534776912568,0.0703640127878,-0.0176675214312,0.0196711246561,0.5198612327374,0.3828845398805,0.4905449235649,0.2665124926508,-0.0101422890475,-0.2054198965128,0.0842941935324,0.0666268461904,-0.1294994542023,0.4328213854493,0.0534373774347,0.3427662197194,0.7956546293622,0.2447173125413,0.5898489191440,-0.0497176545696,0.1672702597769,0.0568813582607,-0.0066065981043,0.3859682281242,0.0105982816090,0.4394349943163
0.4732593508930,0.5975519066287,0.3521287302546,0.5864856986182,-0.0112964148296,0.1145504598749,0.2378333024562,0.4473971041516,0.2391777811407,0.0158258936451,-0.0063307200399,0.4822799163447,0.0671089348382,0.3759754417055,0.5042499933589,0.1592650718768,0.1790426157075,0.6355177805572,0.4696235881277,0.6512053052344,-0.1690015312734,0.0049762438255,0.3767421074887,0.2020760239274,0.1318322567538,0.4280297754572,1.0000000000000,0.4485279007998,0.1454455917950,0.4227168628102,0.3005423352610,0.3158501869351,0.3346235445639,0.2694313268167,0.4709210543928,0.2779490955079,0.3200158860916,0.1693688532091,0.5720105911994,-0.1363072072261,0.4625143215222,0.2699804609446,0.2320234945968,0.2899081692646,0.0382129953755,-0.0022355526461,0.2661435574021,0.0864809790582,0.2474646825412,0.4580263287635,0.1534073658575,0.1324185452257,0.0516032579422,0.1684587080010,0.2851205731830,-0.0880716667854,-0.2183820702966,0.1735812920389,-0.2038433700247,0.0500139175559,0.3064553035541,0.4607826246729,0.3682411147184,-0.1623297580418,0.3708346704768,0.0630210794259,0.4346686071562,0.0342967127865,-0.0469550922479,0.2337421508511
0.3976967814332,0.5381775279674,0.8241688638002,0.5151186486578,-0.0462069272690,0.3315536421684,-0.0937715151383,0.7043319532138,-0.0259136256750,0.3486551895949,-0.1832985236810,0.1971757449122,-0.1858956758305,0.5054667866665,0.4183498594941,0.1770467843879,0.2030067467608,0.4320920472426,0.1680179065894,0.5821410349947,-0.0938392278465,-0.0103046763936,0.4916665317386,0.3558817145909,0.4326927383649,0.6566212054984,0.4485279007998,1.0000000000000,0.0480033932803,0.1582929119379,0.2490683754836,0.3849649952171,0.1568162369920,-0.0249847882709,0.3533112529775,-0.0051912102970,0.1852579746473,0.3453108041996,0.4582832511373,-0.0815246174852,0.1767086685790,-0.1227637884886,0.3910156799384,0.0450537496120,0.2883425222139,-0.0856915897692,-0.0368468975279,-0.1406292884089,0.2932233113642,0.1367191964333,0.2222239162367,0.1905406196184,-0.1223159995284,-0.1728168980061,-0.0434657159974,-0.0111354489328,-0.0880525113741,0.3425822718618,0.0553400675843,0.2190706410459,0.5482960855753,0.1777082820722,0.5429987503341,-0.1030810529727,-0.1254232396356,-0.0056207267163,-0.1686042598023,0.3474153528372,-0.0899168103875,0.1368615796417
0.1791592183212,0.1153912574525,0.0283860832621,0.1851616265526,0.6837180993734,0.0242540922835,0.5557107454448,0.2576454172490,0.3821693986171,0.0774971850612,0.5355131388505,-0.0841323591079,0.6075020213838,-0.0280329122965,0.2039628497444,0.3782838261983,0.4828991952520,0.0423636658667,-0.1314948368385,-0.0841375420562,0.5892354345094,0.5514997503558,0.3284408525497,0.4778764682316,0.2689663549851,0.0229791852278,0.1454455917950,0.0480033932803,1.0000000000000,0.3591593479179,0.4711500958319,-0.1701095661354,0.1219144955804,0.3791034908433,0.2334446050029,0.0812723623030,-0.1015401556771,-0.0761576463890,0.1290760582140,0.6697418070420,0.1931685628753,0.3038938486435,0.3753488931816,0.2599235205220,0.0767569966641,0.5406001361661,-0.0983767406781,0.5533160998270,-0.1425896769567,0.0987797125022,0.3353309186850,0.5194940170475,-0.0022439552886,-0.1282505766707,-0.0731223414911,0.6103067517096,0.3802259785600,0.2906082509721,0.2359670018297,0.3336778073294,-0.1771123475929,0.1916138982800,0.0709008274866,0.8386778387565,0.3034656478776,0.3717471593583,0.0046888650594,0.1034268986001,0.2437639869417,0.1502727113387
0.6828150226034,0.4774287649643,-0.0581228345722,0.5105622721373,0.4955168609490,0.1124710373161,0.6715626512634,0.1546390738882,0.3374800967779,0.1151020144077,0.4666870347831,0.1896758631279,0.5578384431067,0.3615634375283,0.5350010691316,0.4942648577219,0.4135349219078,0.2792223616401,0.2350116697057,0.4135296765259,0.3382409447893,0.4643891544786,0.4127860431333,0.4784961304854,0.0824101479564,0.3867756611861,0.4227168628102,0.1582929119379,0.3591593479179,1.0000000000000,0.3963285387262,-0.0375851762524,0.5296975477135,0.6603514546248,0.5958140305848,0.5092641351311,0.1626300513747,-0.1497513228943,0.5061088573201,0.3722830024624,0.5136609924187,0.5158524436995,0.1595983418507,0.4276913428970,0.1667186723210,0.4012996392798,0.1199498846975,0.4895003867611,0.2225807489287,0.5245421807150,0.4542714126027,0.4279327175739,0.0565922674576,-0.0076352992738,0.3118404915640,0.3783005801706,0.1623387109407,0.3637920473219,0.0983781950924,0.2097978128109,0.1650898817160,0.2363167536679,0.2267782324195,0.2704720802929,0.8224562934197,0.3057197270546,0.4466307774659,0.1801863120943,0.4466324588846,0.4751609211182
0.1652138848647,0.5106230569094,0.0860805140284,0.4374374763806,0.2965975258165,0.2206132532602,0.2402862495243,0.2581418690730,0.1825846514208,-0.1973592743788,0.1605974078931,0.0351932879677,0.1931289107773,0.0276789573539,-0.0433045254857,0.2752138358356,0.4141806254659,0.2139839985097,-0.1799383582344,0.0132114980550,0.1776668098377,0.4815636545489,0.5907557925250,0.6322969854473,0.0945399489131,0.3050197452985,0.3005423352610,0.2490683754836,0.4711500958319,0.3963285387262,1.0000000000000,-0.0498492013282,0.1757318642986,0.5204894168027,0.6847026039488,0.1486891431731,0.3261536336857,-0.0023324824032,0.3826837955093,0.2507472775202,0.2307906124596,0.1405387014343,0.3754983369420,0.2691226997757,-0.0631601317072,0.1360371112591,-0.0694522098202,0.1612989107785,-0.0434729711654,0.0198805050913,0.3300056817501,0.5144493622037,0.3424470007345,-0.0664250942697,0.0564014259396,0.2308030273728,0.2712693830108,0.5735153790883,0.4370500972941,0.1944355823480,0.1501491261972,0.4104491437296,0.3438556905421,0.4004256383314,0.3158970742175,0.8060458489729,0.0082479800680,0.1424706255911,0.3505287864584,0.6174247203762
0.0099527456897,0.2649673384064,0.2082200487057,0.2683414471829,-0.1082710688500,0.2786815116026,-0.1315402540859,0.1483653204633,0.0895459369098,0.1864592864140,-0.1345891811281,0.5939051411148,-0.1773772111386,0.4116823206226,0.2728026813442,-0.0507630225716,-0.1542959114056,-0.0040926463938,0.4141497898277,0.2543282390454,-0.1428363485919,-0.1894487926384,0.1558720873979,-0.0917064604413,0.0882126019707,0.3690290469854,0.3158501869351,0.3849649952171,-0.1701095661354,-0.0375851762524,-0.0498492013282,1.0000000000000,0.0777398887547,-0.1031328091947,0.0108164428691,-0.2602302407565,0.1471394236594,-0.0509765019238,0.1802811312255,-0.1154424875727,0.1068022225336,-0.0938422870054,-0.1865451724884,-0.0874779159664,0.0843296857781,-0.1835433896349,0.3542409213790,-0.1393924442693,0.3302679468251,0.0099902867539,0.0221245874538,-0.1313553122052,-0.3205419242349,0.2143192243160,-0.2098396750933,-0.1303991415678,-0.1725856020158,0.0351590697746,-0.2213916299521,-0.0545416576720,0.3593151640660,-0.0545789287872,0.1614422161658,-0.2757566507415,-0.2080686922218,-0.1999248069237,0.0289572919288,-0.0531405159745,-0.1661559482644,-0.0245207861766
0.3892385080860,0.3430979183118,-0.0182125785290,0.4337412185652,0.1718635994715,0.3559810430996,0.5066180283370,0.2262823299503,0.4700131628798,0.1595369282222,0.2817728443228,0.3568332774180,0.2815911423029,0.3362631378252,0.4220869393246,0.4438122673934,0.2037442739431,0.1240155663562,0.2735253994393,0.2562934921538,0.1059406248581,0.1450504766491,0.2882447562510,0.1339584824630,0.0911629860915,0.2828597878451,0.3346235445639,0.1568162369920,0.1219144955804,0.5296975477135,0.1757318642986,0.0777398887547,1.0000000000000,0.3413773118661,0.2687602517107,0.2213112660965,0.0546067784199,-0.0307999529090,0.3838187994417,0.1046168883833,0.4893376550533,0.4959488871162,0.1186940867969,0.5233606120052,0.1881300581230,0.2132966024425,0.2618430834404,0.2856098677515,0.3874205458469,0.4738112925549,0.4095178793285,0.2302915803416,-0.0366985340508,0.0892375626340,0.2549340696219,0.1492920234298,-0.0304362385138,0.1816104167882,-0.0858421358897,0.1770685484857,0.2063627014131,0.2850678626439,0.2191063529117,0.0708092676329,0.4225410284464,0.0790458733620,0.4352318832332,0.3416958770027,0.1901929214707,0.2742843360122
0.2846376001219,0.3862652372569,-0.1927258442714,0.3820153224968,0.4104379273792,0.0388744711371,0.4703886803591,0.0207729500626,0.2552922921521,0.0054602609117,0.3776748824920,0.0778827268933,0.4746048489529,0.0796389132349,0.1145096692644,0.3724315090806,0.4611803209309,0.1028094190042,0.0842446330746,0.1235719242841,0.3133633165888,0.5630903910415,0.4746798656521,0.5267522091176,0.0267787639376,0.1923435673999,0.2694313268167,-0.0249847882709,0.3791034908433,0.6603514546248,0.5204894168027,-0.1031328091947,0.3413773118661,1.0000000000000,0.6122506062830,0.3448288020717,0.2717368801506,-0.1984765592888,0.4002490657673,0.3316901407430,0.3878844396448,0.3234732694775,0.1734613739975,0.3489914293385,0.1045147624614,0.2551343124421,0.1020121111494,0.3804506093701,-0.0098961458251,0.2625131019188,0.3621717218264,0.5002768298947,0.1696504341488,0.0646884191834,0.2090355202324,0.3405256474303,0.3725960149430,0.4840313334193,0.2638176010753,0.2079357145335,0.0151580000902,0.1919024572309,0.1647996796984,0.3170590739455,0.6789912651460,0.5428637167568,0.4263299920642,-0.0168764794782,0.7398746493572,0.5944625933100
0.4275354256002,0.7231128412866,0.1270086017165,0.6267419519409,0.2727967631217,0.2186816498456,0.2768885858096,0.2867077251745,0.0894837042999,-0.0629410025309,0.1157686129304,0.1204644229756,0.1797639526797,0.2447941283069,0.1411984628649,0.3513461807718,0.3815728826803,0.3957206329241,-0.0193490319102,0.3211996317237,0.0938163973223,0.3955141392871,0.6626710011804,0.6200132691350,0.1396489134139,0.5862971309580,0.4709210543928,0.3533112529775,0.2334446050029,0.5958140305848,0.6847026039488,0.0108164428691,0.2687602517107,0.6122506062830,1.0000000000000,0.3886802496329,0.5204515473437,0.0705913177749,0.6257415432724,0.1477608582531,0.3014008452285,0.1580507519725,0.3711166178272,0.2389356480872,0.0598958081076,0.1348811014979,-0.0099906133154,0.1310817721469,0.1066549250680,0.2864298691480,0.4406361382364,0.4272721533064,0.3615362274808,-0.0709420758954,0.2860800177252,0.1546341281898,0.1648471333226,0.6003607324176,0.3941947777849,0.1982650074521,0.4515838548662,0.4199009421813,0.4909649625165,0.1675049912765,0.5220329623364,0.5783799859506,0.1497623173990,0.1561134440556,0.3991240468203,0.8232418009846
