1.0000000000000,0.3091833010074,0.0368238639443,0.2414658748954,0.4490237522106,-0.4108128145697,0.4203006026542,0.3111867183865,-0.0467173048905,0.3659693348948,0.2251968727213,-0.0639998056479,0.4057234937981,0.0987158612665,0.6044664972277,0.3727324231374,0.4146082839238,0.5110109171772,-0.0713758218092,0.3898186210772,0.3784304047478,0.2788819387197,0.4318727964069,0.1819295527940,0.5068060219659,0.1390227457145,0.1071665478108,0.0233161267018,0.3063884839731,0.7548385148274,0.3235208235726,-0.2915217213177,-0.0646769577045,0.3721163367271,0.2181354057265,0.6738906405634,-0.0725114603178,-0.0323276701011,0.2025627010673,0.3656013448107,-0.1870500713221,0.2746599688317,0.3868783702919,-0.0905152445847,0.4388397167353,0.2103941262296,-0.0986003439193,0.3591459528158,0.0004024956589,0.4367174549609,0.3524507061828,0.3187625747060,0.1691460904758,-0.1396895194625,0.2412460687850,0.3492320122315,0.3784590654413,0.3599882857027,0.2500250867450,0.5464059677470,0.0294075789810,-0.0063183762540,-0.0044644052668,0.3992700138240,0.4926137796788,0.1475370984786,-0.2393616836400,-0.0032121140383,0.4849790088781,0.1686890945587
0.3091833010074,1.0000000000000,0.3091374755459,0.7204980105965,-0.1692287266161,-0.0425083106532,-0.0351724782395,0.2712594245075,-0.2869536691189,0.0262900626532,-0.2649486192345,0.2999343577982,-0.2425160553946,0.3939574879216,0.0829843915614,0.1670668563930,0.4244690018956,0.4814584186420,0.0488355626761,0.4617437133318,-0.2236880935204,0.0209316299525,0.6793532334101,0.3019981649539,0.2294106681104,0.7430516444999,0.5004935278070,0.6252176368744,-0.2821159685974,0.2992768740426,0.4582890729809,0.0654958343172,0.0327356597185,0.3662406167405,0.7421934066430,0.2892884387006,0.6535553721082,0.2682256353533,0.6163825823064,-0.2374730044856,-0.1391375295021,0.0082633985203,0.2185857672501,-0.2562399130975,0.0880282116603,-0.2636587036763,0.0702876977405,-0.2433574739409,0.2270685090192,0.1709463869525,0.1590818081249,0.2026228070638,0.4655950884985,0.0529211846293,0.2907186180347,-0.2717667269805,0.0081319367045,0.6433049210870,0.3591739470325,0.2190069674312,0.6223673349727,0.3597114492859,0.5789435623908,-0.1190870459062,0.0673131396347,0.3704398453984,0.0030416010139,-0.0912462954763,0.2094171633235,0.6345704592796
0.0368238639443,0.3091374755459,1.0000000000000,0.2599745923655,-0.1798138471311,0.0508208040976,-0.4115195296584,0.6144346261703,-0.3473959287136,0.0790703155164,-0.4533212843319,0.1424668210671,-0.3291600595412,0.2520520616505,-0.0643569730632,0.0271011636252,0.1027666364448,0.2415010954064,0.3719315400945,0.4637284703798,-0.2289664562390,-0.0044839304744,0.1965500811389,0.3339899897315,0.2169889206239,0.2669242445155,0.3514722902214,0.7233150101912,-0.1932158016157,-0.1587435418863,0.1249546869011,0.1381327478212,-0.1518714308777,-0.0286258821806,0.2015811236521,-0.0195710730375,0.0403357428046,0.6504815317482,0.1920384802829,-0.2105827237505,-0.0312715856636,-0.3674440430945,0.4204944813134,-0.2764485745007,0.1849319079682,-0.4449919457850,0.0728277293102,-0.3217979180642,0.1556303426177,-0.0005976225760,-0.0166332255227,-0.0253279981015,0.3300857395600,0.1838152636508,0.1330746783760,-0.2270429861641,0.0496837811024,0.1164820721159,0.2382739106747,0.1592581023840,0.3636885109196,0.1936055951453,0.5349929426861,-0.2196067237578,-0.2984080424402,0.0230977506330,0.0737404017893,-0.1613439477507,-0.0706454352970,0.1160919756289
0.2414658748954,0.7204980105965,0.2599745923655,1.0000000000000,-0.1839826891526,0.1010610027011,-0.0079838320987,0.3258648971169,-0.0640799111415,0.1831419662614,-0.1703507902367,0.4270814375280,-0.2310152383344,0.4551576903916,0.1519423946933,0.1401572458501,0.2387777489438,0.3465911387429,0.1752656801787,0.4093884154612,-0.2225945004153,-0.1640378056189,0.6570299229666,0.0679260896388,0.2980517090151,0.7869071271833,0.5553975625136,0.4858888269033,-0.2721911633021,0.1746969224677,0.1654677121033,0.0736116090642,0.1023626747211,0.2121324468129,0.5657146962079,0.3316567090268,0.5324371053077,0.2901376923735,0.9033850595867,-0.2669765860053,0.0012031705314,0.0420444852526,0.2631745739679,-0.0635323995614,0.2401438568069,-0.2566435724462,0.1710065138926,-0.2483005027882,0.3099074554342,0.3464942936235,0.1115217982040,0.0193214995875,0.3722916814519,0.1767178385779,0.2382062748461,-0.3013137679626,-0.1846598666635,0.5532998189131,0.1519593986212,0.2985907302491,0.7335982015999,0.4044799756085,0.5272502938947,-0.1054354607683,0.0945966135286,0.1149817643289,0.1339273909496,0.0052412679707,0.1088585883134,0.5914923993423
0.4490237522106,-0.1692287266161,-0.1798138471311,-0.1839826891526,1.0000000000000,-0.1898179842861,0.3889513030563,0.0808132012761,0.0821447327850,0.4174344495019,0.4826139074047,-0.4457859981354,0.8250204857821,-0.2517726777188,0.1667720739501,0.4050129433991,0.3768570162849,-0.0584496690087,-0.3112147195307,-0.1769055225012,0.8856742704668,0.6698164093179,0.0507244975004,0.3493192121484,0.4138822326308,-0.2803659518439,-0.4207066898024,-0.3401898220668,0.7783558548692,0.4762291694285,0.2983463844302,-0.2356587801893,-0.2300939005200,0.3997904656206,-0.2025443201985,0.1331072859795,-0.3972263140627,-0.4175282245597,-0.2313247256609,0.9358907156043,-0.2009441021515,0.1636903778038,0.1295363719072,-0.1051830742965,0.4449711212162,0.5144623966090,-0.4124694518209,0.8262840452069,-0.2972848460630,-0.0789866843607,0.1690994566155,0.5083127126896,-0.2758902054037,-0.4600472451194,-0.2502557613627,0.8903104949584,0.6461005469122,0.0004167457028,0.2517852628036,0.4150450991102,-0.3878039743275,-0.3725558219659,-0.4131307458177,0.7633398725524,0.2916502708686,0.2195652299476,-0.1509307173882,-0.0158978088093,0.4955181507944,-0.1921719871607
-0.4108128145697,-0.0425083106532,0.0508208040976,0.1010610027011,-0.1898179842861,1.0000000000000,-0.3771190972209,-0.0088568406802,0.1813661951162,-0.2024046569854,-0.1276271285569,0.1275823759240,-0.3393907026238,-0.0273472937761,-0.2468784293737,-0.0034060229980,-0.3408980628951,-0.4177113944744,0.1585873504226,-0.2097011831019,-0.1733301403363,-0.0878072273510,-0.2580053202073,0.0737234222774,-0.2548889388962,0.0951077228888,0.0043108608985,0.0629008313326,-0.1574287669857,-0.1792214228525,-0.0894174744896,0.1698043957715,0.3713335132216,0.0145261609511,0.1217932019340,-0.1692049352525,0.1210802562447,0.0255497926732,0.0488798500063,-0.1716793994952,0.2822915425900,-0.4256392691316,-0.2085563556978,0.2009644730150,-0.1423590571841,-0.2446325175356,0.0782507447551,-0.2723561316497,0.0438297814668,-0.0631255943855,-0.0522841871549,-0.2449921299207,0.0711990895785,0.1451358499764,-0.0236518498086,-0.1500353292454,-0.1583914090110,-0.1941489310271,0.0555822145194,-0.3289771699911,0.1780831925838,-0.1036042648650,0.0923777181028,-0.2982588861616,-0.0751259976607,-0.0567140010163,0.2478744004970,0.2278190360883,-0.0284495475697,0.2527229348095
0.4203006026542,-0.0351724782395,-0.4115195296584,-0.0079838320987,0.3889513030563,-0.3771190972209,1.0000000000000,-0.0087765429813,0.3923908534412,0.2550160344451,0.7769493321429,-0.1558672361925,0.6777467094764,-0.0884592116493,0.4164734350639,0.4304030534113,0.2047997446144,0.2556192793505,-0.2351665148346,-0.0753592973443,0.5103045753399,0.1063870549414,0.1623839026720,-0.2090330339958,0.3322949023952,-0.1280104071252,-0.1024526410887,-0.3869056050805,0.4541451659218,0.4174241260347,0.0749533650553,-0.3087071490784,-0.0419711844479,0.1584666319630,-0.1365658798549,0.2733428661603,-0.1482865827484,-0.3515676102661,0.0040523044895,0.4266518198829,-0.0911645556395,0.7770567435065,0.0975464063769,0.1750858600766,0.2027791390191,0.7710147594140,-0.1412438485650,0.6538846278610,-0.1162147789713,0.2827446911897,0.3576109473373,0.1686777971996,-0.3070401630575,-0.1950685609438,-0.1518664423202,0.4741875555514,0.0847681079100,0.1554050270112,-0.2410099475096,0.3351109903045,-0.2901248222774,-0.1690472219389,-0.4018152458840,0.5378329205656,0.3859385870218,0.0103221259325,-0.2532624273475,0.0019652638200,0.2040562941970,-0.1268841685119
0.3111867183865,0.2712594245075,0.6144346261703,0.3258648971169,0.0808132012761,-0.0088568406802,-0.0087765429813,1.0000000000000,-0.1927614395779,0.3823176695815,-0.0330039560724,0.0168348267220,-0.0073910866076,0.2342422940684,0.2009231674535,0.3390484134625,0.1690464718659,0.4144415985897,0.1508882263949,0.3570959156150,0.0828866697754,0.0990247363983,0.3173456215446,0.2002416607924,0.5796338230616,0.2104461210777,0.2809857986348,0.3035123778534,0.1711070151833,0.1858385686282,0.2933607763803,-0.1281263216018,-0.0741471078407,0.1859068615052,0.2144237243700,0.2587612800431,-0.0404184174080,0.3960998644137,0.2395635490510,0.0932663076323,-0.1623020098983,-0.0952475934483,0.7296602557289,-0.1873315841716,0.4811167222225,-0.0775164324508,-0.0670670459319,0.0001885259241,0.0347566189133,0.3247845664627,0.1695547185856,0.0642719953695,0.2543010758200,0.0577835181840,0.1541786036415,0.0816434150323,0.0816282631887,0.2279972963813,0.1004801649176,0.4971235383634,0.2452553195807,0.1070883979830,0.1710941245276,0.1401213547377,0.0779848009707,0.0881049163729,-0.1895202887737,-0.0996274904735,0.1636564761696,0.1613028217829
-0.0467173048905,-0.2869536691189,-0.3473959287136,-0.0640799111415,0.0821447327850,0.1813661951162,0.3923908534412,-0.1927614395779,1.0000000000000,-0.0673406695471,0.4124680556332,0.3184552240241,0.1833670842915,-0.0098423037781,0.3457960815313,-0.0362742570371,-0.2155729540399,-0.2889111503960,0.1956683658789,-0.3357479595543,0.1383583691584,-0.0994682929464,-0.2255063618725,-0.2703610411555,-0.0653527105044,-0.1897353744394,-0.0440951944021,-0.3079033824312,0.1927518454905,0.0015055464659,-0.2328067116079,-0.0832722937380,0.3073334097399,-0.0988089031349,-0.3118625550341,-0.1084119436549,-0.2716362495330,-0.1696012307792,-0.0617563711815,0.1522850989904,0.6167172236444,0.2568534173762,-0.2377338603020,0.6940818056512,-0.0790530042034,0.3152542833943,0.3990848578306,0.1986980285158,0.1793917861161,0.2986586569431,0.3090836658622,-0.1655642249096,-0.3986635068057,0.2589039421687,-0.3357592018150,0.1789716499443,-0.1269283624217,-0.2521512553598,-0.2803528217442,-0.0661395408896,-0.2972683772540,-0.1601506326763,-0.2312754517490,0.1044420799074,0.1315612277387,-0.2005483680856,-0.0493002320715,0.1817920522680,-0.0415489686551,-0.1651658802613
0.3659693348948,0.0262900626532,0.0790703155164,0.1831419662614,0.4174344495019,-0.2024046569854,0.2550160344451,0.3823176695815,-0.0673406695471,1.0000000000000,0.2135721188059,-0.2286617952477,0.4365518177432,0.3286605104222,0.3598227226682,0.5796674898375,0.1776102404749,0.2070688555163,-0.0876209767804,0.1461915364800,0.3935733343309,0.2005882762068,0.2313474641463,0.0828544126133,0.7172191116727,0.1303343277093,-0.2118132378576,-0.0252556251267,0.2936288782622,0.2950204222355,-0.0671347746184,-0.2509651711359,-0.1162235819689,0.3170471749551,-0.1048924116383,0.1533032451781,-0.2336472659377,-0.1493763306661,0.1786783356134,0.3904199461674,-0.1572800347910,0.1932392488233,0.3735667516585,-0.1069707195082,0.8762607854336,0.2112614018112,-0.1874413070097,0.4030072550222,0.1619262779030,0.3050711256536,0.3449585502695,0.1435966014393,-0.2732004968511,-0.2667833913326,-0.0459529169661,0.3704963468423,0.2306916155724,0.1457702835175,-0.0948725825349,0.7007156700767,0.0783846495839,-0.3682855478787,-0.1749428674790,0.3190708606997,0.2400426716468,-0.1378039393404,-0.0688806695390,-0.0098328124048,0.3499202328421,-0.1520254209283
0.2251968727213,-0.2649486192345,-0.4533212843319,-0.1703507902367,0.4826139074047,-0.1276271285569,0.7769493321429,-0.0330039560724,0.4124680556332,0.2135721188059,1.0000000000000,-0.3037097294833,0.7215309802088,-0.2621775340971,0.2738309202066,0.3573562728396,-0.0234585686864,-0.0728760392644,-0.2820219277219,-0.2628478116919,0.6490346101683,0.1616992192334,-0.1562345153910,-0.1850345220624,0.1963972386301,-0.2834929323281,-0.3015722060860,-0.5087558286399,0.5837432166358,0.2812023578298,-0.0236536282985,-0.2307547306725,-0.1011060415987,0.1357126849709,-0.3097700030190,0.1185156272114,-0.3056769929757,-0.5073278163617,-0.1626520768499,0.5842320535108,-0.0988468665127,0.5649752755200,-0.0940914221024,0.1983964577997,0.1595633328821,0.9109495200484,-0.2639617580535,0.7342094088379,-0.2531998057886,0.1108099825585,0.1505572837285,0.0582774867898,-0.4451933869679,-0.2765213396296,-0.2918420698872,0.6376995905545,0.0533491056909,-0.1563341580436,-0.2825277578511,0.1450573178834,-0.4060281148341,-0.4046630735125,-0.5901280790486,0.5851865769911,0.2896535530779,-0.1105559993443,-0.1000884330437,-0.0082310045147,0.1612382743627,-0.2090340215591
-0.0639998056479,0.2999343577982,0.1424668210671,0.4270814375280,-0.4457859981354,0.1275823759240,-0.1558672361925,0.0168348267220,0.3184552240241,-0.2286617952477,-0.3037097294833,1.0000000000000,-0.4584182983355,0.5647614699144,0.1543836992311,-0.3023777845710,-0.1485690607055,0.0363649238831,0.7167299294676,0.3040148120462,-0.4199613981726,-0.3989818635002,0.0810906137073,-0.2048550705015,-0.2082616991136,0.4763038189695,0.6153119786943,0.4157381427526,-0.5055253898318,-0.1635073989822,-0.1269183225484,0.3447084718909,0.2196300669489,-0.2639760458149,0.2408569211807,0.0172280942677,0.2448267864520,0.3878831405870,0.3744027996668,-0.4511750402281,0.4758680671274,-0.0417646457603,-0.0476982356305,0.2635630097085,-0.1814772271489,-0.3740427463999,0.8140961086952,-0.4083515967803,0.6867619109051,0.2747946182765,0.0869786648773,-0.3106430824424,0.2089236681246,0.7394412030056,0.1369268042908,-0.4344675345606,-0.3621485464154,0.0311742760854,-0.0558547337021,-0.1563757252678,0.4211781478995,0.4686215004017,0.5187759958574,-0.5044379144420,-0.1597433991040,-0.1388229829324,0.1700171701457,0.0614796197329,-0.3038979408182,0.2430452665145
0.4057234937981,-0.2425160553946,-0.3291600595412,-0.2310152383344,0.8250204857821,-0.3393907026238,0.6777467094764,-0.0073910866076,0.1833670842915,0.4365518177432,0.7215309802088,-0.4584182983355,1.0000000000000,-0.3013563325249,0.2723982576392,0.4743274255281,0.2587639783274,0.0150106074836,-0.3425254123630,-0.1760480383601,0.9053992668873,0.4993241675450,-0.0172755342650,0.1209937384495,0.3974543098948,-0.3746591371751,-0.4065870302065,-0.4870810389590,0.7743679421006,0.4264621008864,0.1058709160019,-0.2181585499896,-0.2806626122565,0.2865310341337,-0.3317218609290,0.1382904967772,-0.4205808439312,-0.4928689058909,-0.2267240607595,0.8500208652570,-0.2483846504939,0.4792532191515,0.0571823400073,-0.0251071106679,0.3770753070557,0.7589683664007,-0.4119029917833,0.9502717052600,-0.3255937204290,0.0282148095109,0.1818869940962,0.3780337408011,-0.4203927125714,-0.4470923457074,-0.2752076103227,0.8695657056910,0.4554299380547,-0.0458126997114,0.0070271159290,0.3781723208153,-0.5012738535961,-0.4237477427972,-0.5369613483113,0.7766252431361,0.3677229311705,0.0308731582108,-0.0965572491754,-0.0451191780618,0.3919589870393,-0.3210651259127
0.0987158612665,0.3939574879216,0.2520520616505,0.4551576903916,-0.2517726777188,-0.0273472937761,-0.0884592116493,0.2342422940684,-0.0098423037781,0.3286605104222,-0.2621775340971,0.5647614699144,-0.3013563325249,1.0000000000000,0.3208764222561,0.1422144998853,0.0380394034506,0.1635124634748,0.4919392466897,0.3662007154185,-0.3046337714626,-0.1948943064537,0.2266127895340,-0.0183239770504,0.1538292687085,0.6889474730112,0.3283504272359,0.4780060419019,-0.4037232396259,-0.0161789603353,-0.1248571914152,0.1060407937323,0.0775605320996,-0.0728970102494,0.2268391528550,0.0525813543346,0.1419162609715,0.3062560282640,0.4292755971482,-0.2705045210346,0.1599236285554,0.0165541549738,0.1519908494500,0.0172550822270,0.3111598136770,-0.2799103589890,0.4841923120870,-0.2699420755747,0.8334975819831,0.3878349599965,0.2690107993314,-0.1686523378422,0.0667974146518,0.3833651490175,0.1265697751101,-0.2988448860704,-0.1816571856545,0.1243799490416,-0.0683515490412,0.2385723679228,0.6258364726721,0.1305301494563,0.4198569753930,-0.3351716668017,-0.1176790757338,-0.2004551347671,0.0844823905018,-0.0931615941774,-0.1189925447043,0.1108151751363
0.6044664972277,0.0829843915614,-0.0643569730632,0.1519423946933,0.1667720739501,-0.2468784293737,0.4164734350639,0.2009231674535,0.3457960815313,0.3598227226682,0.2738309202066,0.1543836992311,0.2723982576392,0.3208764222561,1.0000000000000,0.2003153377599,0.0516066013952,0.2844326585103,0.2456422609971,0.3082159696737,0.1820712521300,-0.0321530479399,0.1001666340702,-0.1575721395350,0.3062243057379,0.0919686975193,0.1670709541495,-0.0456673751585,0.1631679070875,0.4541303797446,-0.1707493925055,-0.0838105119686,0.1037363437417,0.0490724181397,-0.0903116820479,0.3395642505774,-0.2158736811944,-0.0097715668417,0.1309763590115,0.1628114151930,0.0715563984975,0.3155096257735,0.1875262551090,0.1310036435015,0.2727975240914,0.2411285647411,0.1241144473168,0.2180646096295,0.2492717092400,0.6062885460049,0.3027610020542,-0.0339217851292,-0.1560160415072,0.0743118508244,0.0528236482765,0.1704950601348,0.0379338725982,0.0440478412370,-0.1809902458890,0.3206093035774,-0.0132330020692,-0.0436123152425,-0.0475253273958,0.1651738583980,0.3124717404572,-0.2434887524810,-0.0273655923684,0.0401237548298,0.1389640792851,-0.1552371154315
0.3727324231374,0.1670668563930,0.0271011636252,0.1401572458501,0.4050129433991,-0.0034060229980,0.4304030534113,0.3390484134625,-0.0362742570371,0.5796674898375,0.3573562728396,-0.3023777845710,0.4743274255281,0.1422144998853,0.2003153377599,1.0000000000000,0.2502673499516,0.1638864607564,-0.2173835483559,-0.0404086761184,0.4325885341471,0.3051948790847,0.2521317256505,0.2043160694960,0.6163050112179,0.1164094603683,-0.2551417672683,-0.1249345928405,0.3472142220483,0.3844733923018,0.2177806547321,-0.3050158122318,-0.0375470845504,0.4323483548890,0.1131331650316,0.2505373869128,-0.1395121008052,-0.1869691433425,0.1285094213168,0.3986409262809,-0.2387744349647,0.2347206502594,0.3137328352378,-0.1108265523079,0.6343070892029,0.3306564932451,-0.2940401776804,0.4473745322449,-0.0157899731928,0.3066151940340,0.5487209645933,0.2247101007579,-0.1233148495605,-0.2994465385271,-0.0276937627367,0.4019192635303,0.3102774304855,0.2206559260915,0.1134269078552,0.5857964431895,0.0435783124418,-0.3889804469283,-0.2174355846777,0.4022837867400,0.3567201865360,0.0974788193059,-0.1543869300719,0.0004508553800,0.4195064331383,0.0993276705892
0.4146082839238,0.4244690018956,0.1027666364448,0.2387777489438,0.3768570162849,-0.3408980628951,0.2047997446144,0.1690464718659,-0.2155729540399,0.1776102404749,-0.0234585686864,-0.1485690607055,0.2587639783274,0.0380394034506,0.0516066013952,0.2502673499516,1.0000000000000,0.3983333242287,-0.2462217245121,0.1432409937138,0.2855703943954,0.6212844171157,0.6729554355986,0.6145481053108,0.4526062850684,0.2111697106733,0.0074060925915,0.1786590791168,0.3107474545954,0.4799414850273,0.5933570760861,-0.2447511056604,-0.1338317039930,0.5849694347313,0.4438475772645,0.2502096196503,0.1604699183874,0.0269759214414,0.2022365303906,0.2937059029693,-0.2227470627830,0.1320496216052,0.3117270137148,-0.2480817016917,0.2786435456548,0.0260186548164,-0.1885052329407,0.2351914107174,-0.0912589490640,-0.0206709456206,0.2206833440858,0.8965567491375,0.1716046402352,-0.2719503097917,0.0775733951959,0.2749072971152,0.5853804272758,0.6411659645358,0.5635761194862,0.5012011324343,0.0711005394951,0.1114398053397,0.2162714332885,0.4611388196739,0.1888493676074,0.5162279299003,-0.2293547478183,-0.1063774876709,0.4803051676649,0.3057404909477
0.5110109171772,0.4814584186420,0.2415010954064,0.3465911387429,-0.0584496690087,-0.4177113944744,0.2556192793505,0.4144415985897,-0.2889111503960,0.2070688555163,-0.0728760392644,0.0363649238831,0.0150106074836,0.1635124634748,0.2844326585103,0.1638864607564,0.3983333242287,1.0000000000000,-0.0321147945060,0.6552313946033,-0.0428060829930,-0.0065127370035,0.6293587342019,0.1090104818996,0.3824946650234,0.2848651896010,0.4705267966575,0.2833992846251,-0.0636526880098,0.4878176356245,0.3793255718479,-0.2715062748387,-0.0050532390625,0.3406683325048,0.5298315745661,0.5192974711122,0.3767544725928,0.2268339409639,0.3673723176014,-0.1339172031895,-0.2714337903496,0.2761070849997,0.4804857890501,-0.2138014491693,0.2564222556395,-0.1042894486421,-0.0862933510206,-0.0528563481350,-0.0800629393599,0.3337972376420,0.1486498689735,0.2115463153936,0.4620258992066,0.0193255214317,0.4591270955251,-0.0877290514571,0.0762531495852,0.6053578163767,0.1607001409324,0.3710447271382,0.2059429377576,0.3373777894044,0.2003793479084,0.0345023101686,0.3646092268338,0.2586458351935,-0.3229368157375,-0.1052166836743,0.3467112587939,0.3855363986177
-0.0713758218092,0.0488355626761,0.3719315400945,0.1752656801787,-0.3112147195307,0.1585873504226,-0.2351665148346,0.1508882263949,0.1956683658789,-0.0876209767804,-0.2820219277219,0.7167299294676,-0.3425254123630,0.4919392466897,0.2456422609971,-0.2173835483559,-0.2462217245121,-0.0321147945060,1.0000000000000,0.4265151593932,-0.2726501788863,-0.2894156247940,-0.1572088892510,-0.1354928202803,-0.2035434455815,0.2429420524372,0.4586053902411,0.4126242121255,-0.3569702707721,-0.2065444014503,-0.2914784154601,0.3832101261368,-0.0018781901651,-0.3182353920306,0.0169356121287,-0.0696528572699,-0.0421670027641,0.4375645794296,0.1450185689413,-0.3149300881261,0.3003411192901,-0.2169216775249,0.0180889322552,0.0638044158775,-0.0604509522170,-0.3413243411012,0.5956471606221,-0.3174316801515,0.5746411812173,0.1878453839316,-0.0048306546279,-0.3154782644396,0.1275847144034,0.6347638174101,0.1475574084873,-0.2740776365869,-0.2241226874546,-0.1835770759401,-0.0708742697455,-0.1790963215334,0.2797287326380,0.2880292865855,0.4238854740988,-0.4444811247787,-0.2184355242401,-0.2879494382280,0.2884984155010,-0.0530053783204,-0.2699357459097,-0.0227694063555
0.3898186210772,0.4617437133318,0.4637284703798,0.4093884154612,-0.1769055225012,-0.2097011831019,-0.0753592973443,0.3570959156150,-0.3357479595543,0.1461915364800,-0.2628478116919,0.3040148120462,-0.1760480383601,0.3662007154185,0.3082159696737,-0.0404086761184,0.1432409937138,0.6552313946033,0.4265151593932,1.0000000000000,-0.1645649279995,-0.1748615127358,0.3630779353261,0.0593175064032,0.1056977767166,0.4866414416872,0.5434558432716,0.6054592351362,-0.2873315478459,0.2371177005627,0.0839611548877,0.1097966522641,-0.0812591832891,0.0181717617300,0.4007014350992,0.3667196717684,0.2822662492872,0.3959489932309,0.3875890382389,-0.2497005816626,-0.1411194690442,-0.0115154933625,0.3388178261969,-0.2691763161668,0.1488852844671,-0.2711446519088,0.1007704306727,-0.2304343523066,0.1864735763828,0.2220622433102,0.0107094206788,-0.0378648130078,0.4698098214315,0.2457355626446,0.5558194868178,-0.2073109348695,-0.0768594618983,0.3230425630642,0.0947759682686,0.1150960980593,0.4673104817608,0.3881890573416,0.4933919932379,-0.2097540658280,0.0173567722639,0.0045117191272,0.0814535353355,-0.1032164615627,0.0494623260397,0.2667922623928
0.3784304047478,-0.2236880935204,-0.2289664562390,-0.2225945004153,0.8856742704668,-0.1733301403363,0.5103045753399,0.0828866697754,0.1383583691584,0.3935733343309,0.6490346101683,-0.4199613981726,0.9053992668873,-0.3046337714626,0.1820712521300,0.4325885341471,0.2855703943954,-0.0428060829930,-0.2726501788863,-0.1645649279995,1.0000000000000,0.5823749235790,-0.0414921868530,0.2364064636780,0.3752939469167,-0.3376843261032,-0.3873108110284,-0.3991503230976,0.7734647288474,0.4453732795291,0.2019074261165,-0.1818947186535,-0.2392941872115,0.3586882444116,-0.2503045075059,0.0957200192527,-0.3928813583082,-0.4384549429911,-0.2671161520058,0.9170819289844,-0.2061671509738,0.2761781655377,0.0699062415404,-0.0934188263838,0.3796660459587,0.6651179603605,-0.4075343779845,0.8851077355828,-0.3259702008273,-0.0941672556217,0.1376409623053,0.4193880620037,-0.3425347533915,-0.4214798936195,-0.2483903299932,0.9562774510006,0.5195811415724,-0.0643271590937,0.1186420561521,0.3395536492373,-0.4461272939385,-0.3920865453837,-0.4701335238605,0.7345502471804,0.2749971844931,0.0896121362874,-0.0761581403154,-0.0094684716051,0.4351644190184,-0.2208032543647
0.2788819387197,0.0209316299525,-0.0044839304744,-0.1640378056189,0.6698164093179,-0.0878072273510,0.1063870549414,0.0990247363983,-0.0994682929464,0.2005882762068,0.1616992192334,-0.3989818635002,0.4993241675450,-0.1948943064537,-0.0321530479399,0.3051948790847,0.6212844171157,-0.0065127370035,-0.2894156247940,-0.1748615127358,0.5823749235790,1.0000000000000,0.1314056500137,0.8015100214539,0.2872903996834,-0.1741935973471,-0.3125708818718,-0.1243209475674,0.6695702274095,0.4650214889782,0.5781127665285,-0.0847685575490,-0.2249047046382,0.5767644500416,0.0965540138025,0.1009828387814,-0.2337888585896,-0.2914239180773,-0.1965598561803,0.6510869261337,-0.2247101553368,-0.0715709369420,0.0727747354921,-0.2031191025065,0.2695935551975,0.2304641972566,-0.3890865603226,0.5186222246784,-0.2718017913539,-0.2246615994463,0.1403061836989,0.7597004207402,-0.1022690279974,-0.4371600287045,-0.1579100734628,0.6270102053219,0.8954379268173,0.1411961853334,0.6321910168863,0.2848503709403,-0.2904950838846,-0.3206069005985,-0.1881364420346,0.6173865623942,0.2786604152145,0.4722123636144,-0.0696018634607,-0.0901045298696,0.5760709245462,-0.0080408959257
0.4318727964069,0.6793532334101,0.1965500811389,0.6570299229666,0.0507244975004,-0.2580053202073,0.1623839026720,0.3173456215446,-0.2255063618725,0.2313474641463,-0.1562345153910,0.0810906137073,-0.0172755342650,0.2266127895340,0.1001666340702,0.2521317256505,0.6729554355986,0.6293587342019,-0.1572088892510,0.3630779353261,-0.0414921868530,0.1314056500137,1.0000000000000,0.2694912536401,0.5115743540012,0.5082958112421,0.3380633748235,0.3645317231635,-0.0320124501077,0.4260497327443,0.4877735562920,-0.2684522777827,0.0394680621224,0.4847775068684,0.6459821770683,0.4158253931461,0.4892830824073,0.1731002891577,0.6270599737464,-0.0536741607739,-0.1636152556661,0.1465151552159,0.4238036441460,-0.1396926396894,0.3527165371700,-0.1659476724268,-0.0247712904412,-0.0658948021615,0.0490348990465,0.2808974373356,0.3160611539237,0.4657710482487,0.3759733291540,-0.0607333026754,0.3116710236720,-0.0804857510663,0.1897865235328,0.8691164990626,0.3379157621898,0.5344373074234,0.4191001918169,0.3402027203712,0.3861510736142,0.1773403224519,0.2920724327299,0.4245081804900,-0.2855502134560,0.0039063660401,0.3876716689145,0.5794446977534
0.1819295527940,0.3019981649539,0.3339899897315,0.0679260896388,0.3493192121484,0.0737234222774,-0.2090330339958,0.2002416607924,-0.2703610411555,0.0828544126133,-0.1850345220624,-0.2048550705015,0.1209937384495,-0.0183239770504,-0.1575721395350,0.2043160694960,0.6145481053108,0.1090104818996,-0.1354928202803,0.0593175064032,0.2364064636780,0.8015100214539,0.2694912536401,1.0000000000000,0.2021356628691,0.1153514067120,-0.0823370883731,0.2793846684061,0.3340025771248,0.3318660574654,0.5960241484924,0.0290714132595,-0.1608044038861,0.5512057885157,0.3667196726732,0.0631106364247,0.0560574960487,-0.0307708410354,0.0420064708005,0.3045773411738,-0.1766692704646,-0.3253963204985,0.0971498873017,-0.2839606000426,0.1875857420532,-0.1576563863163,-0.2596699689290,0.1288097053134,-0.1298814575324,-0.2289661032018,0.0692519505522,0.6665678726389,0.1815708143863,-0.2680335744117,0.0350230502609,0.2701024975806,0.7222415865256,0.2645328384316,0.8152116964312,0.1910683076676,0.0380802852749,-0.1543765276806,0.1890616513050,0.2982306676205,0.1116014847419,0.4702590078295,0.0407955162777,-0.1257042569723,0.4827799274454,0.2488385239651
0.5068060219659,0.2294106681104,0.2169889206239,0.2980517090151,0.4138822326308,-0.2548889388962,0.3322949023952,0.5796338230616,-0.0653527105044,0.7172191116727,0.1963972386301,-0.2082616991136,0.3974543098948,0.1538292687085,0.3062243057379,0.6163050112179,0.4526062850684,0.3824946650234,-0.2035434455815,0.1056977767166,0.3752939469167,0.2872903996834,0.5115743540012,0.2021356628691,1.0000000000000,0.1182634054622,-0.0097980355138,0.0053610273203,0.4123654277492,0.4042027738235,0.2695156236795,-0.3643950018434,-0.1381997108020,0.4271263543475,0.1277924695120,0.3088158149951,-0.0717733724879,0.0521405250601,0.2654938078405,0.3994735223928,-0.1833615302869,0.2049936333012,0.6122769695967,-0.1303923087871,0.7816186831637,0.1828552942418,-0.2004011672469,0.3703416383898,-0.0004210106928,0.3170561606186,0.4457415475180,0.3628502956318,-0.0449334980212,-0.2550461768978,-0.0440675737150,0.3597918298393,0.3166165363838,0.4266840068667,0.1053082953304,0.9178841468098,0.0352973194499,-0.1317747250327,-0.0565405522006,0.4688403791363,0.2959646096711,0.1603906859829,-0.2638694123836,-0.0478273389784,0.4026256299016,0.0926368035213
0.1390227457145,0.7430516444999,0.2669242445155,0.7869071271833,-0.2803659518439,0.0951077228888,-0.1280104071252,0.2104461210777,-0.1897353744394,0.1303343277093,-0.2834929323281,0.4763038189695,-0.3746591371751,0.6889474730112,0.0919686975193,0.1164094603683,0.2111697106733,0.2848651896010,0.2429420524372,0.4866414416872,-0.3376843261032,-0.1741935973471,0.5082958112421,0.1153514067120,0.1182634054622,1.0000000000000,0.4680982056119,0.6542331936026,-0.4769331409055,0.0841289413280,0.1338867749535,0.0796027778809,0.0870118034562,0.1003853496397,0.5843149984013,0.2141107330269,0.5369161121628,0.3111901273164,0.7215250988116,-0.3541830991325,0.0184787408266,-0.0030111289245,0.1437176326417,-0.1068613878569,0.1616456246832,-0.3382602297872,0.2457146701678,-0.3522625706063,0.5296894279775,0.2375527049887,0.1483422671291,-0.0438629639171,0.3762464708278,0.1976771181527,0.3112198748387,-0.3692256618784,-0.1877213560093,0.4122860361934,0.1642287392450,0.1713397411002,0.8768612495194,0.3510188441153,0.6292721862312,-0.2901667317806,-0.1020140841704,0.0614602170506,0.1595964503759,-0.0628810402981,-0.0075097423498,0.5532024584530
0.1071665478108,0.5004935278070,0.3514722902214,0.5553975625136,-0.4207066898024,0.0043108608985,-0.1024526410887,0.2809857986348,-0.0440951944021,-0.2118132378576,-0.3015722060860,0.6153119786943,-0.4065870302065,0.3283504272359,0.1670709541495,-0.2551417672683,0.0074060925915,0.4705267966575,0.4586053902411,0.5434558432716,-0.3873108110284,-0.3125708818718,0.3380633748235,-0.0823370883731,-0.0097980355138,0.4680982056119,1.0000000000000,0.5422814185252,-0.3495776247322,0.0051806585302,0.1086431842094,0.3626807815186,0.0426695885230,-0.0700946429991,0.4199887864779,0.2386379871709,0.4953640806768,0.4541489224343,0.5116481568857,-0.4689855752057,0.0825955513748,-0.0179715191802,0.1979683961209,-0.0151591234686,-0.1675075084954,-0.3627466361862,0.3146506526020,-0.4013900357867,0.2426399543746,0.2297223634150,-0.1155329065344,-0.1962176196165,0.4184220652360,0.4235933655559,0.2501970081333,-0.4203408288555,-0.2668235569817,0.2805875897274,0.0203005635011,-0.0834240028387,0.4276355414280,0.6863675543623,0.5051199419033,-0.3455689003303,-0.0182789747202,0.0807276992785,0.1656810869729,-0.1081063694455,-0.1024749776687,0.3582143651486
0.0233161267018,0.6252176368744,0.7233150101912,0.4858888269033,-0.3401898220668,0.0629008313326,-0.3869056050805,0.3035123778534,-0.3079033824312,-0.0252556251267,-0.5087558286399,0.4157381427526,-0.4870810389590,0.4780060419019,-0.0456673751585,-0.1249345928405,0.1786590791168,0.2833992846251,0.4126242121255,0.6054592351362,-0.3991503230976,-0.1243209475674,0.3645317231635,0.2793846684061,0.0053610273203,0.6542331936026,0.5422814185252,1.0000000000000,-0.4651027508877,-0.1024343069339,0.1385684601598,0.2511030159514,-0.0187718269843,-0.0067391883926,0.4306509989078,-0.0147818210082,0.3949016960878,0.5180064393832,0.3988975896956,-0.4071752536532,0.0962878991425,-0.2564915062816,0.1286031353725,-0.1785683365775,0.0195808009483,-0.5202970631657,0.2487092664520,-0.4629307540569,0.3840416482880,-0.0221544245282,0.0017146702231,-0.0336459316597,0.3558364726712,0.2409055418498,0.2085648699378,-0.4000013801749,-0.0848356664153,0.2704100581347,0.2382470539543,-0.0214086762176,0.6225508713398,0.3746644000161,0.7684916577544,-0.4047670081445,-0.3391205393218,0.0700251852226,0.1418217150870,-0.1330543573294,-0.1143680263926,0.3349245517471
0.3063884839731,-0.2821159685974,-0.1932158016157,-0.2721911633021,0.7783558548692,-0.1574287669857,0.4541451659218,0.1711070151833,0.1927518454905,0.2936288782622,0.5837432166358,-0.5055253898318,0.7743679421006,-0.4037232396259,0.1631679070875,0.3472142220483,0.3107474545954,-0.0636526880098,-0.3569702707721,-0.2873315478459,0.7734647288474,0.6695702274095,-0.0320124501077,0.3340025771248,0.4123654277492,-0.4769331409055,-0.3495776247322,-0.4651027508877,1.0000000000000,0.3770859187471,0.2803917098093,-0.1783666412560,-0.2330947334144,0.3490992343243,-0.2665684059992,0.1074856433816,-0.3810674604908,-0.4246835233353,-0.2655335572073,0.8186270102667,-0.2009574851822,0.1464856333590,0.1842482348330,-0.0202833989088,0.2866364892317,0.6112204994066,-0.4596372634056,0.7618996403758,-0.4585266834589,-0.0870498955861,0.1369194850887,0.5027145779909,-0.3351557129314,-0.4415609079598,-0.2957942716346,0.8023413349916,0.5883803880288,0.0108059449564,0.1829683108808,0.3320347450618,-0.5666324587182,-0.3983002059504,-0.5159034463195,0.8937100515155,0.3581885662121,0.2655911023217,-0.1369718721519,-0.0021286701483,0.4357288370742,-0.2509621188628
0.7548385148274,0.2992768740426,-0.1587435418863,0.1746969224677,0.4762291694285,-0.1792214228525,0.4174241260347,0.1858385686282,0.0015055464659,0.2950204222355,0.2812023578298,-0.1635073989822,0.4264621008864,-0.0161789603353,0.4541303797446,0.3844733923018,0.4799414850273,0.4878176356245,-0.2065444014503,0.2371177005627,0.4453732795291,0.4650214889782,0.4260497327443,0.3318660574654,0.4042027738235,0.0841289413280,0.0051806585302,-0.1024343069339,0.3770859187471,1.0000000000000,0.5158331935411,-0.3363742305635,0.0280784306981,0.6501606128430,0.3964591940332,0.5793502595634,0.0578035654658,-0.2201522106394,0.1492404501005,0.4223488020542,-0.1879392045952,0.2720598005101,0.2522046485777,-0.0638680593245,0.3739181120719,0.2589870740913,-0.2319517563974,0.3970705315865,-0.1468723671002,0.2833601630678,0.3771112390359,0.4595186287013,0.1395633556866,-0.2551458787921,0.2044340814784,0.4332162529973,0.4903908337550,0.4289092066927,0.3538480907637,0.4321576027869,-0.0839991056326,-0.0850463497919,-0.1280546758252,0.4334802766987,0.7165877166145,0.3685079301580,-0.2556559826093,0.0883017827271,0.7035533834426,0.3307532857959
0.3235208235726,0.4582890729809,0.1249546869011,0.1654677121033,0.2983463844302,-0.0894174744896,0.0749533650553,0.2933607763803,-0.2328067116079,-0.0671347746184,-0.0236536282985,-0.1269183225484,0.1058709160019,-0.1248571914152,-0.1707493925055,0.2177806547321,0.5933570760861,0.3793255718479,-0.2914784154601,0.0839611548877,0.2019074261165,0.5781127665285,0.4877735562920,0.5960241484924,0.2695156236795,0.1338867749535,0.1086431842094,0.1385684601598,0.2803917098093,0.5158331935411,1.0000000000000,-0.1899396536989,-0.1124601973236,0.6171035320956,0.5791751280224,0.2814381665693,0.2373966467534,-0.0570314298872,0.0907054592991,0.2429624257753,-0.2404592557149,-0.0399691284127,0.2424806325040,-0.2159662481174,0.0961200265556,0.0054065674475,-0.2443669959304,0.1470872100823,-0.2488047949239,-0.1250192539990,0.1457599009739,0.5689042632883,0.3518471175413,-0.2357307254614,0.0821241731469,0.2183186718734,0.5155755233280,0.4866325879673,0.6224216787104,0.2580975780191,0.0200621232306,0.0879949413208,0.0787037193834,0.3360198215677,0.3022914511922,0.8414005393974,-0.2877329105895,-0.0901269234012,0.5114528483139,0.4892744786153
-0.2915217213177,0.0654958343172,0.1381327478212,0.0736116090642,-0.2356587801893,0.1698043957715,-0.3087071490784,-0.1281263216018,-0.0832722937380,-0.2509651711359,-0.2307547306725,0.3447084718909,-0.2181585499896,0.1060407937323,-0.0838105119686,-0.3050158122318,-0.2447511056604,-0.2715062748387,0.3832101261368,0.1097966522641,-0.1818947186535,-0.0847685575490,-0.2684522777827,0.0290714132595,-0.3643950018434,0.0796027778809,0.3626807815186,0.2511030159514,-0.1783666412560,-0.3363742305635,-0.1899396536989,1.0000000000000,-0.1578555196918,-0.2367649110508,-0.1004172052691,-0.2546340097937,0.0590922827965,0.0710910666232,0.0504287124650,-0.2183015300595,-0.0289664467511,-0.2415062336311,-0.2308714321606,-0.1919295464685,-0.3353296989649,-0.1654786421833,0.1455150785157,-0.1886378143896,0.1643017255853,-0.1742807296056,-0.4214841065542,-0.2206806371370,-0.0107180030419,0.1899572796728,-0.1130062339018,-0.2108611283238,-0.1107707916086,-0.2753521514138,-0.0033721952815,-0.4176695924654,0.1216857982066,0.2118110445963,0.2294032710300,-0.2530464232573,-0.2682925526914,-0.1125579948360,0.7232846847166,-0.1232705326243,-0.3265445721109,-0.1533941872221
-0.0646769577045,0.0327356597185,-0.1518714308777,0.1023626747211,-0.2300939005200,0.3713335132216,-0.0419711844479,-0.0741471078407,0.3073334097399,-0.1162235819689,-0.1011060415987,0.2196300669489,-0.2806626122565,0.0775605320996,0.1037363437417,-0.0375470845504,-0.1338317039930,-0.0050532390625,-0.0018781901651,-0.0812591832891,-0.2392941872115,-0.2249047046382,0.0394680621224,-0.1608044038861,-0.1381997108020,0.0870118034562,0.0426695885230,-0.0187718269843,-0.2330947334144,0.0280784306981,-0.1124601973236,-0.1578555196918,1.0000000000000,-0.0470821582811,0.0852182470420,-0.0238388587795,0.0807427162755,-0.0291833339189,0.0362590188348,-0.2208090526804,0.4236707383243,-0.0206040446448,-0.1253461399611,0.3844149353865,-0.0876299041784,-0.1757988290801,0.3078489503948,-0.2846390148862,0.1242046959828,0.2632495107265,0.2526024674325,-0.1782874148324,0.0037110059796,0.2282021649619,0.1195452906364,-0.2210201959069,-0.2237815271266,0.0634336741742,-0.1322509557214,-0.1073555355740,0.1037089086226,0.0005892762981,0.0260093712814,-0.2642314145047,0.0361910297541,-0.1461128092523,-0.1866728244928,0.5119582484724,-0.0846328580902,0.1566596627336
0.3721163367271,0.3662406167405,-0.0286258821806,0.2121324468129,0.3997904656206,0.0145261609511,0.1584666319630,0.1859068615052,-0.0988089031349,0.3170471749551,0.1357126849709,-0.2639760458149,0.2865310341337,-0.0728970102494,0.0490724181397,0.4323483548890,0.5849694347313,0.3406683325048,-0.3182353920306,0.0181717617300,0.3586882444116,0.5767644500416,0.4847775068684,0.5512057885157,0.4271263543475,0.1003853496397,-0.0700946429991,-0.0067391883926,0.3490992343243,0.6501606128430,0.6171035320956,-0.2367649110508,-0.0470821582811,1.0000000000000,0.5067390041390,0.3042190658149,0.2055485059510,-0.1988821716442,0.1955581525987,0.3289402601899,-0.1969124825656,-0.0287765529898,0.1944816268755,-0.1866329031182,0.4053961571002,0.0929463266439,-0.3346141072418,0.2499038579124,-0.2368507689141,0.0317902494359,0.2728362239698,0.6039896615013,0.1314604925280,-0.3173920117294,0.0502552686528,0.3345726139580,0.5551787489995,0.5089449992581,0.4730768695052,0.3893874068432,-0.0149096679216,-0.1745273584331,-0.0715041653173,0.3614174463318,0.5179655606158,0.5309632345843,-0.1823005254577,-0.0333264219236,0.8409775721426,0.4431829540316
